{
"lowlevel": {
    "average_loudness": 0.963472902775,
    "barkbands_crest": {
        "dmean": 1.45943176746,
        "dmean2": 2.242010355,
        "dvar": 1.73262071609,
        "dvar2": 3.75631380081,
        "max": 18.7258529663,
        "mean": 12.4038009644,
        "median": 12.2172756195,
        "min": 5.19428300858,
        "var": 4.41103315353
    },
    "barkbands_flatness_db": {
        "dmean": 0.0161083508283,
        "dmean2": 0.0197471510619,
        "dvar": 0.000226028656471,
        "dvar2": 0.000372183218133,
        "max": 0.330295711756,
        "mean": 0.265483677387,
        "median": 0.268903136253,
        "min": 0.140905842185,
        "var": 0.00116181443445
    },
    "barkbands_kurtosis": {
        "dmean": 6.95382642746,
        "dmean2": 8.87550354004,
        "dvar": 39.0129089355,
        "dvar2": 60.5518074036,
        "max": 85.359954834,
        "mean": 30.8387508392,
        "median": 29.6552371979,
        "min": -0.135130167007,
        "var": 149.789123535
    },
    "barkbands_skewness": {
        "dmean": 0.461993426085,
        "dmean2": 0.662491559982,
        "dvar": 0.219259589911,
        "dvar2": 0.416059792042,
        "max": 6.13730621338,
        "mean": 3.54246997833,
        "median": 3.4933180809,
        "min": 0.175783753395,
        "var": 0.652752101421
    },
    "barkbands_spread": {
        "dmean": 0.591889321804,
        "dmean2": 0.72242975235,
        "dvar": 0.296827673912,
        "dvar2": 0.467107653618,
        "max": 8.4434928894,
        "mean": 2.9710714817,
        "median": 2.63223600388,
        "min": 1.1278835535,
        "var": 2.04005765915
    },
    "dissonance": {
        "dmean": 0.0163991954178,
        "dmean2": 0.0270067192614,
        "dvar": 0.00038828610559,
        "dvar2": 0.000957471551374,
        "max": 0.492392301559,
        "mean": 0.439669072628,
        "median": 0.441632300615,
        "min": 0.309440612793,
        "var": 0.000584240420721
    },
    "dynamic_complexity": 2.22918868065,
    "erbbands_crest": {
        "dmean": 1.96817016602,
        "dmean2": 2.68407893181,
        "dvar": 2.58764648438,
        "dvar2": 5.58929014206,
        "max": 21.0566749573,
        "mean": 14.9260025024,
        "median": 14.5879411697,
        "min": 7.68894863129,
        "var": 7.76134109497
    },
    "erbbands_flatness_db": {
        "dmean": 0.0127096436918,
        "dmean2": 0.0181858688593,
        "dvar": 0.000422503158916,
        "dvar2": 0.00104827922769,
        "max": 0.337283939123,
        "mean": 0.222613528371,
        "median": 0.218446671963,
        "min": 0.176045492291,
        "var": 0.000761333911214
    },
    "erbbands_kurtosis": {
        "dmean": 1.81626904011,
        "dmean2": 2.70476579666,
        "dvar": 2.34634160995,
        "dvar2": 5.01097154617,
        "max": 17.1127605438,
        "mean": 7.36878824234,
        "median": 6.87413787842,
        "min": -0.0592737197876,
        "var": 18.5036811829
    },
    "erbbands_skewness": {
        "dmean": 0.278576076031,
        "dmean2": 0.412157177925,
        "dvar": 0.0472574718297,
        "dvar2": 0.100713230669,
        "max": 3.73860263824,
        "mean": 2.53223919868,
        "median": 2.6055188179,
        "min": 0.0503388680518,
        "var": 0.456192851067
    },
    "erbbands_spread": {
        "dmean": 3.16192555428,
        "dmean2": 5.04846000671,
        "dvar": 13.4522047043,
        "dvar2": 35.6486320496,
        "max": 39.4232749939,
        "mean": 19.6050739288,
        "median": 18.521194458,
        "min": 8.29613304138,
        "var": 53.4434928894
    },
    "hfc": {
        "dmean": 1.97445201874,
        "dmean2": 2.77967047691,
        "dvar": 25.2760753632,
        "dvar2": 58.2627563477,
        "max": 52.8079032898,
        "mean": 8.38914775848,
        "median": 6.76737594604,
        "min": 1.98115515709,
        "var": 47.4951896667
    },
    "melbands_crest": {
        "dmean": 2.60928559303,
        "dmean2": 4.07135772705,
        "dvar": 4.47852754593,
        "dvar2": 9.82335758209,
        "max": 21.0880908966,
        "mean": 15.4123983383,
        "median": 15.1425209045,
        "min": 6.15814876556,
        "var": 8.74543476105
    },
    "melbands_flatness_db": {
        "dmean": 0.0160337649286,
        "dmean2": 0.0181825105101,
        "dvar": 0.000218864995986,
        "dvar2": 0.000294262950774,
        "max": 0.447716295719,
        "mean": 0.378526806831,
        "median": 0.380881726742,
        "min": 0.236992433667,
        "var": 0.0013393269619
    },
    "melbands_kurtosis": {
        "dmean": 8.57475185394,
        "dmean2": 11.6250782013,
        "dvar": 65.9057846069,
        "dvar2": 126.575714111,
        "max": 81.6145706177,
        "mean": 36.4753303528,
        "median": 34.9739265442,
        "min": -0.290060997009,
        "var": 165.221969604
    },
    "melbands_skewness": {
        "dmean": 0.518892228603,
        "dmean2": 0.758969664574,
        "dvar": 0.307289212942,
        "dvar2": 0.696448862553,
        "max": 5.55080223083,
        "mean": 3.43488407135,
        "median": 3.32750940323,
        "min": 0.329318940639,
        "var": 0.725936889648
    },
    "melbands_spread": {
        "dmean": 0.638932347298,
        "dmean2": 0.83206564188,
        "dvar": 1.18006670475,
        "dvar2": 2.50874066353,
        "max": 14.5174770355,
        "mean": 2.99909090996,
        "median": 2.53499317169,
        "min": 1.23422420025,
        "var": 3.50051879883
    },
    "pitch_salience": {
        "dmean": 0.0530229322612,
        "dmean2": 0.0804247260094,
        "dvar": 0.00198039016686,
        "dvar2": 0.00404196232557,
        "max": 0.83880263567,
        "mean": 0.632846951485,
        "median": 0.648222446442,
        "min": 0.446975648403,
        "var": 0.00383138377219
    },
    "silence_rate_20dB": {
        "dmean": 0,
        "dmean2": 0,
        "dvar": 0,
        "dvar2": 0,
        "max": 1,
        "mean": 1,
        "median": 1,
        "min": 1,
        "var": 0
    },
    "silence_rate_30dB": {
        "dmean": 0.0202020201832,
        "dmean2": 0.0306122452021,
        "dvar": 0.0197938978672,
        "dvar2": 0.0500833019614,
        "max": 1,
        "mean": 0.990000009537,
        "median": 1,
        "min": 0,
        "var": 0.00989999994636
    },
    "silence_rate_60dB": {
        "dmean": 0,
        "dmean2": 0,
        "dvar": 0,
        "dvar2": 0,
        "max": 0,
        "mean": 0,
        "median": 0,
        "min": 0,
        "var": 0
    },
    "spectral_centroid": {
        "dmean": 33.1027259827,
        "dmean2": 39.6103858948,
        "dvar": 1513.19506836,
        "dvar2": 3181.375,
        "max": 722.143371582,
        "mean": 326.878936768,
        "median": 311.027435303,
        "min": 230.039596558,
        "var": 5993.88916016
    },
    "spectral_complexity": {
        "dmean": 1.15151512623,
        "dmean2": 1.9693877697,
        "dvar": 1.11845731735,
        "dvar2": 2.41743040085,
        "max": 15,
        "mean": 6.92999982834,
        "median": 7,
        "min": 4,
        "var": 2.26509952545
    },
    "spectral_decrease": {
        "dmean": 2.02106020808e-09,
        "dmean2": 2.48036058359e-09,
        "dvar": 5.49684760817e-18,
        "dvar2": 9.60839516498e-18,
        "max": -1.54813095676e-09,
        "mean": -8.74702443809e-09,
        "median": -7.51932738297e-09,
        "min": -2.64689781204e-08,
        "var": 2.52250547595e-17
    },
    "spectral_energy": {
        "dmean": 0.00780327152461,
        "dmean2": 0.00960741005838,
        "dvar": 8.48456911626e-05,
        "dvar2": 0.000150576743181,
        "max": 0.101968288422,
        "mean": 0.0337741412222,
        "median": 0.0289504118264,
        "min": 0.00602270336822,
        "var": 0.000378051539883
    },
    "spectral_energyband_high": {
        "dmean": 4.58184968011e-06,
        "dmean2": 7.07699609848e-06,
        "dvar": 1.97758143194e-10,
        "dvar2": 2.46977077678e-10,
        "max": 0.000145634592627,
        "mean": 2.17018714466e-05,
        "median": 2.07223893085e-05,
        "min": 4.58586418972e-06,
        "var": 1.65079172554e-10
    },
    "spectral_energyband_low": {
        "dmean": 0.00115163112059,
        "dmean2": 0.00162610097323,
        "dvar": 1.07328412469e-06,
        "dvar2": 2.07885182135e-06,
        "max": 0.0119549287483,
        "mean": 0.00570188928396,
        "median": 0.00557300262153,
        "min": 0.00111123884562,
        "var": 5.65462096347e-06
    },
    "spectral_energyband_middle_high": {
        "dmean": 0.000311470823362,
        "dmean2": 0.000562933040783,
        "dvar": 4.94426103614e-06,
        "dvar2": 1.19409342005e-05,
        "max": 0.022321742028,
        "mean": 0.000650926434901,
        "median": 0.000256240076851,
        "min": 0.000170404440723,
        "var": 7.50902245272e-06
    },
    "spectral_energyband_middle_low": {
        "dmean": 0.00758375832811,
        "dmean2": 0.00922217592597,
        "dvar": 7.04560879967e-05,
        "dvar2": 0.000122014054796,
        "max": 0.0972535088658,
        "mean": 0.0289711542428,
        "median": 0.0236016847193,
        "min": 0.00449702749029,
        "var": 0.000330679351464
    },
    "spectral_entropy": {
        "dmean": 0.149526879191,
        "dmean2": 0.18947301805,
        "dvar": 0.0168052706867,
        "dvar2": 0.025271192193,
        "max": 7.5875954628,
        "mean": 6.375623703,
        "median": 6.35500192642,
        "min": 5.67401456833,
        "var": 0.11261305213
    },
    "spectral_flux": {
        "dmean": 0.01915833354,
        "dmean2": 0.0326362289488,
        "dvar": 0.000600925588515,
        "dvar2": 0.00144683616236,
        "max": 0.241329729557,
        "mean": 0.0507069937885,
        "median": 0.0400004461408,
        "min": 0.0159283373505,
        "var": 0.00117802922614
    },
    "spectral_kurtosis": {
        "dmean": 4.12049341202,
        "dmean2": 6.71507120132,
        "dvar": 62.6055679321,
        "dvar2": 159.655441284,
        "max": 64.4769058228,
        "mean": 11.6263427734,
        "median": 9.50791358948,
        "min": 6.03266525269,
        "var": 47.0542526245
    },
    "spectral_rms": {
        "dmean": 0.000632721057627,
        "dmean2": 0.00076570850797,
        "dvar": 4.03930670245e-07,
        "dvar2": 7.17383784377e-07,
        "max": 0.00997402891517,
        "mean": 0.0055169723928,
        "median": 0.00531449820846,
        "min": 0.00242400658317,
        "var": 2.51339565693e-06
    },
    "spectral_rolloff": {
        "dmean": 12.6154117584,
        "dmean2": 24.609375,
        "dvar": 6416.66015625,
        "dvar2": 14090.1582031,
        "max": 1055.12695312,
        "mean": 296.081542969,
        "median": 279.931640625,
        "min": 215.33203125,
        "var": 10918.4775391
    },
    "spectral_skewness": {
        "dmean": 0.318687677383,
        "dmean2": 0.511867582798,
        "dvar": 0.176984772086,
        "dvar2": 0.490160346031,
        "max": 5.17591381073,
        "mean": 2.3791000843,
        "median": 2.25200915337,
        "min": 1.5872014761,
        "var": 0.294678807259
    },
    "spectral_spread": {
        "dmean": 378034.84375,
        "dmean2": 527145,
        "dvar": 2.74967769907e+12,
        "dvar2": 3.50491508736e+12,
        "max": 17581296,
        "mean": 3002194,
        "median": 2876284,
        "min": 1015091.9375,
        "var": 2.25693925376e+12
    },
    "spectral_strongpeak": {
        "dmean": 0.20247989893,
        "dmean2": 0.294651180506,
        "dvar": 0.0407020747662,
        "dvar2": 0.0822843313217,
        "max": 2.00543117523,
        "mean": 1.0411053896,
        "median": 0.958918869495,
        "min": 0.193738281727,
        "var": 0.134183838964
    },
    "zerocrossingrate": {
        "dmean": 0.00322561548091,
        "dmean2": 0.00438456609845,
        "dvar": 5.64892161492e-06,
        "dvar2": 1.29766831378e-05,
        "max": 0.02685546875,
        "mean": 0.015644531697,
        "median": 0.015625,
        "min": 0.0048828125,
        "var": 1.75281511474e-05
    },
    "barkbands": {
        "dmean": [5.37482128493e-06, 0.000747788581066, 0.000286518479697, 0.0037503244821, 0.0039804703556, 0.00040221386007, 0.000162657088367, 0.00040172736044, 0.000266437855316, 0.000201504924917, 6.06821267866e-05, 6.56076517771e-05, 7.11927714292e-05, 4.08891610277e-05, 3.52316124008e-06, 3.43150736626e-06, 2.55349223153e-05, 4.53880602436e-06, 6.2200647335e-06, 3.21587958751e-06, 2.86685008177e-06, 1.16804642403e-06, 2.80103080286e-07, 2.29899313808e-07, 2.34700948454e-07, 2.64638828185e-07, 5.4931882687e-07],
        "dmean2": [6.60069645164e-06, 0.00110235845204, 0.000436771049863, 0.00344390165992, 0.00610684137791, 0.000609037349932, 0.000208830853808, 0.000564315007068, 0.000456276815385, 0.000336162280291, 7.61374249123e-05, 0.000122784957057, 0.000124717640574, 6.63311438984e-05, 4.94560572406e-06, 4.33673221778e-06, 4.26668520959e-05, 7.7208978837e-06, 1.0079979802e-05, 5.52545589017e-06, 4.86183353132e-06, 1.9637409423e-06, 3.45524568957e-07, 2.61956103031e-07, 2.84183897747e-07, 3.30037408958e-07, 8.50490039284e-07],
        "dvar": [7.88647258609e-10, 3.65231272781e-07, 1.59155803203e-07, 1.37083297886e-05, 2.18599416257e-05, 3.48324590504e-07, 2.8254058293e-07, 1.4274055502e-06, 2.70794066637e-06, 1.84666623682e-06, 7.91860301774e-08, 2.37914846934e-07, 1.91738166677e-07, 6.20022220232e-08, 9.25452839362e-11, 4.51439476079e-11, 2.16113815732e-09, 2.8436730401e-11, 3.3874524713e-11, 1.2725246204e-11, 1.05115889951e-11, 3.79967585173e-12, 2.80898589979e-12, 2.57872195819e-12, 2.32968809175e-12, 2.22577511977e-12, 2.39983250286e-12],
        "dvar2": [8.02361843633e-10, 7.79673428042e-07, 2.28558562299e-07, 1.42151657201e-05, 4.80764392705e-05, 5.0073958846e-07, 3.72523459191e-07, 1.9849412638e-06, 7.00857526681e-06, 4.8636475185e-06, 7.99519170869e-08, 5.44917668321e-07, 4.90153411192e-07, 1.63993050251e-07, 8.1529706597e-11, 3.34948041525e-11, 5.09267650273e-09, 5.85868367708e-11, 6.30051913419e-11, 2.21510049886e-11, 2.01367533759e-11, 5.86128498167e-12, 2.9604201035e-12, 2.64254763904e-12, 2.40764374583e-12, 2.32656363792e-12, 3.14652752638e-12],
        "max": [0.000260290980805, 0.00688127242029, 0.00381086813286, 0.0343571454287, 0.0603922829032, 0.00734480004758, 0.00671386346221, 0.0156109472737, 0.015237448737, 0.0120746446773, 0.00415603723377, 0.00485106557608, 0.00415454432368, 0.00205037463456, 0.000141039898153, 0.000101242607343, 0.000478536909213, 6.30125432508e-05, 4.99017514812e-05, 3.62279824913e-05, 2.95446225209e-05, 1.95667398657e-05, 1.68260066857e-05, 1.60604085977e-05, 1.53138735186e-05, 1.49945726662e-05, 1.60645922733e-05],
        "mean": [5.42569978279e-06, 0.00286679831333, 0.00130679819267, 0.0101364469156, 0.0152878500521, 0.00185289466754, 0.00049569044495, 0.000790701480582, 0.000307900394546, 0.000201453251066, 0.000111398418085, 0.000110229833808, 0.000104083417682, 4.05765131291e-05, 7.83616451372e-06, 1.27040420921e-05, 6.62046222715e-05, 1.64453358593e-05, 2.14780448005e-05, 1.28535866679e-05, 9.40001064009e-06, 2.82122891804e-06, 5.91447701481e-07, 4.27407286452e-07, 4.63133972062e-07, 6.0870905827e-07, 2.68877488452e-06],
        "median": [1.25351607494e-06, 0.00261763157323, 0.00123747880571, 0.00719184987247, 0.012066452764, 0.00166945392266, 0.000332713447278, 0.000384775048587, 5.20594912814e-05, 2.28664757742e-05, 2.98945087707e-05, 1.78028967639e-05, 3.7456258724e-05, 1.43298966577e-05, 5.24904680788e-06, 1.1219017324e-05, 5.85440648138e-05, 1.51085678226e-05, 2.00524227694e-05, 1.26047616504e-05, 9.38930315897e-06, 2.56391285802e-06, 4.00105818699e-07, 2.41203792939e-07, 2.93609502933e-07, 4.32266631378e-07, 2.58187333202e-06],
        "min": [1.34350912617e-08, 0.000496339402162, 0.000261290348135, 0.000226288801059, 0.00321207032539, 0.000121972014313, 7.46198056731e-05, 6.45988402539e-05, 7.06567971065e-06, 3.50155096385e-06, 1.09096909e-05, 4.59201055492e-06, 1.25294336613e-05, 7.18123555998e-06, 1.93232403944e-06, 5.99593067818e-06, 2.44717903115e-05, 8.58414750837e-06, 8.36085109768e-06, 4.66593746751e-06, 1.76688990905e-06, 6.93553374731e-07, 8.60699458372e-08, 6.22031564035e-08, 9.65428839095e-08, 8.60381845769e-08, 5.129087981e-07],
        "var": [7.95938759346e-10, 1.96192240765e-06, 3.54105424094e-07, 6.25711836619e-05, 0.000100064236904, 1.01933426322e-06, 6.65814127387e-07, 3.65179312212e-06, 2.96394227917e-06, 1.72823683897e-06, 2.45301492896e-07, 3.90185391552e-07, 2.2960422541e-07, 4.39970762045e-08, 2.60214294556e-10, 1.04522605848e-10, 2.1418053997e-09, 5.74680511511e-11, 4.55522737586e-11, 1.2823053383e-11, 9.88773646293e-12, 3.47962609247e-12, 2.70800114104e-12, 2.51530849101e-12, 2.26959336741e-12, 2.13370770705e-12, 1.94456451809e-12]
    },
    "erbbands": {
        "dmean": [0.00586216896772, 0.211491346359, 0.476528406143, 4.47936582565, 22.358631134, 8.07832336426, 14.474029541, 2.04579663277, 2.43669509888, 4.98606967926, 7.57505655289, 4.61866426468, 10.9978075027, 2.25942397118, 2.51859903336, 2.17375612259, 2.62265110016, 2.35152077675, 1.0291864872, 0.130694806576, 0.270063877106, 1.54877662659, 0.300102114677, 0.308444976807, 0.207673028111, 0.146191090345, 0.132531672716, 0.0929313078523, 0.0465045943856, 0.011509639211, 0.00757111143321, 0.00519466865808, 0.00389986624941, 0.00264228438027, 0.00172194477636, 0.00090360926697, 0.000536676612683, 0.000225080162636, 8.18899643491e-05, 1.36001244755e-05],
        "dmean2": [0.00915814749897, 0.310405641794, 0.688208460808, 4.27920103073, 29.4871196747, 12.4517688751, 19.4409885406, 3.5974252224, 2.57065939903, 8.59262943268, 7.78964471817, 8.24916648865, 17.5552272797, 4.07850503922, 3.15956401825, 4.09988212585, 4.71803188324, 3.9074382782, 1.67436718941, 0.160383731127, 0.405218988657, 2.5912437439, 0.510834038258, 0.491144925356, 0.327911227942, 0.235222950578, 0.226126357913, 0.15876019001, 0.0788280367851, 0.0157235208899, 0.00923427287489, 0.00603507133201, 0.00461757183075, 0.00317603722215, 0.00212383829057, 0.00104804232251, 0.000688168918714, 0.000321793311741, 0.00013015557488, 1.77763140528e-05],
        "dvar": [2.57660594798e-05, 0.0286059696227, 0.198554903269, 18.8321971893, 604.288146973, 47.8052368164, 260.171508789, 22.8258857727, 39.8421974182, 490.364196777, 583.344055176, 900.643066406, 5677.11816406, 200.725097656, 245.756347656, 270.374237061, 327.395233154, 179.475952148, 33.0537757874, 0.218278408051, 0.444341242313, 5.65915727615, 0.347253829241, 0.0733394399285, 0.0541565939784, 0.0293230339885, 0.0190016012639, 0.0126060442999, 0.00525022810325, 0.00338466418907, 0.00213283090852, 0.00128730607685, 0.000651376205496, 0.000305618304992, 0.000112293295388, 3.53167888534e-05, 7.65225195209e-06, 9.29044460918e-07, 4.71824428416e-08, 4.94078222779e-10],
        "dvar2": [5.61793749512e-05, 0.0613111332059, 0.38348582387, 20.2582798004, 1262.90710449, 128.382904053, 285.344055176, 42.869140625, 21.9701194763, 1209.05456543, 323.521636963, 2214.90795898, 14940.6640625, 442.039855957, 290.692077637, 607.696655273, 802.286682129, 476.130981445, 87.1929244995, 0.181194186211, 0.659788012505, 12.7324838638, 0.880044579506, 0.170896545053, 0.0952828004956, 0.0537094697356, 0.0376378968358, 0.0233550723642, 0.00854534003884, 0.00354695133865, 0.00224307458848, 0.00132378702983, 0.000665873056278, 0.000315295241307, 0.000115575661766, 3.65221130778e-05, 8.02111026132e-06, 1.03192326151e-06, 5.57671668844e-08, 5.0406490093e-10],
        "max": [0.0433153547347, 1.97046983242, 4.83785867691, 42.6715774536, 208.643569946, 112.495658875, 204.237197876, 50.1751594543, 87.506072998, 218.527297974, 354.15246582, 291.753845215, 610.949401855, 151.584487915, 211.133041382, 164.293655396, 176.479110718, 113.924942017, 47.799533844, 6.82844352722, 9.13289165497, 24.0935382843, 6.32967424393, 2.48314976692, 2.33745098114, 1.80874943733, 1.29001629353, 1.0438798666, 0.719248235226, 0.589783430099, 0.46311840415, 0.358859866858, 0.255691856146, 0.175308257341, 0.106588050723, 0.0594199225307, 0.0278247483075, 0.00982282776386, 0.00228392914869, 0.000311738840537],
        "mean": [0.0182535164058, 0.827212572098, 2.34413290024, 12.9234828949, 47.8761711121, 31.0382080078, 76.8203201294, 7.71124124527, 5.58827352524, 12.9424991608, 14.2068424225, 6.56557750702, 8.24214267731, 4.37666320801, 4.64881849289, 3.85727906227, 4.09802007675, 2.9722366333, 1.28195083141, 0.350455880165, 1.0879073143, 4.03088521957, 1.059207201, 1.18495452404, 0.878656208515, 0.606148958206, 0.420095860958, 0.304398417473, 0.124763041735, 0.0284852739424, 0.015952674672, 0.00942651368678, 0.00726999761537, 0.00511278258637, 0.003419657005, 0.00172114965972, 0.00125874811783, 0.000717590097338, 0.00031899503665, 8.78499631654e-05],
        "median": [0.0169355664402, 0.767418384552, 2.25609469414, 10.2826900482, 34.0600967407, 25.0286388397, 66.5511245728, 6.90952396393, 3.09821796417, 7.75820541382, 6.63735771179, 1.31499791145, 0.427718758583, 1.23643302917, 0.753979384899, 0.713510870934, 1.05328059196, 1.46852457523, 0.647791385651, 0.245014876127, 0.93216574192, 3.69749045372, 0.976593375206, 1.1494076252, 0.834644138813, 0.595628261566, 0.4080966115, 0.2945125103, 0.115251287818, 0.021949864924, 0.0105791743845, 0.0054100509733, 0.00424765329808, 0.00308586331084, 0.00219306442887, 0.00099257286638, 0.000956355244853, 0.000605658162385, 0.000295842299238, 7.99924891908e-05],
        "min": [0.00295672076754, 0.139214813709, 0.358531802893, 0.417492389679, 0.61197912693, 7.25943946838, 13.8985013962, 1.20969986916, 0.660127043724, 1.23333144188, 0.984693467617, 0.263216823339, 0.111140705645, 0.445462167263, 0.354079216719, 0.18247102201, 0.45925834775, 0.740338802338, 0.301405549049, 0.132378041744, 0.556237101555, 1.68803465366, 0.604132115841, 0.474519312382, 0.422786086798, 0.231375217438, 0.0804663822055, 0.0626868158579, 0.0297053307295, 0.00681164115667, 0.00248157745227, 0.00121271121316, 0.00146604469046, 0.00116566207726, 0.000711318454705, 0.000218015906285, 0.00017254112754, 0.000141037933645, 9.10540984478e-05, 5.46581832168e-05],
        "var": [8.03328366601e-05, 0.159322053194, 0.96924585104, 93.2444534302, 1711.54052734, 462.491210938, 1696.47998047, 45.1487503052, 93.8253326416, 701.621887207, 1507.1060791, 1246.11120605, 3926.19287109, 396.397613525, 654.749572754, 459.194580078, 460.568969727, 138.436203003, 23.5889129639, 0.587446808815, 1.1605643034, 5.4571185112, 0.372030705214, 0.0935204327106, 0.0634117051959, 0.0292917434126, 0.0181437171996, 0.0116975214332, 0.00463712867349, 0.00324855395593, 0.00205809716135, 0.00125441688579, 0.000636869692244, 0.000298570899758, 0.000109377622721, 3.43726642313e-05, 7.2956013355e-06, 8.56997985466e-07, 4.16913970014e-08, 9.41339339811e-10]
    },
    "gfcc": {
        "mean": [-79.1619644165, 153.191635132, -72.5595703125, 32.3781089783, -26.9200668335, -38.4208488464, -26.732213974, -17.369474411, -29.6610641479, -7.60548973083, -15.2838449478, -5.55642414093, -13.3403272629],
        "cov": [[297.093353271, 70.8001861572, -33.8051872253, -144.035110474, -80.1599960327, 46.0811042786, -5.33915615082, 19.1775817871, 7.95732975006, -14.7126255035, -16.734161377, -23.7574176788, -15.5085077286], [70.8001861572, 146.358795166, 1.50321757793, -42.8751068115, -10.7268238068, -30.1068058014, -0.0268862936646, -13.0804405212, 5.87105035782, -21.5792217255, -15.5675144196, -30.9874629974, -9.2182559967], [-33.8051872253, 1.50321757793, 135.224136353, 111.833602905, 9.36957454681, -38.3829307556, -24.0416545868, -14.9089326859, -9.51164150238, -3.16131401062, -5.6719584465, -11.4583902359, -10.4894275665], [-144.035110474, -42.8751068115, 111.833602905, 157.983535767, 46.4362335205, -43.8491325378, -12.2507152557, -17.5539016724, -8.97573852539, 8.18004989624, 5.79177713394, 7.69020080566, 1.9282553196], [-80.1599960327, -10.7268238068, 9.36957454681, 46.4362335205, 40.3685569763, -2.98245644569, 6.8510093689, -5.88556528091, -2.98218369484, 2.41822099686, 6.40887641907, 8.39278411865, 5.46918916702], [46.0811042786, -30.1068058014, -38.3829307556, -43.8491325378, -2.98245644569, 53.6840324402, 16.087141037, 15.1086349487, -1.34580981731, -1.78713130951, 3.2036318779, 10.9197645187, 3.52742767334], [-5.33915615082, -0.0268862936646, -24.0416545868, -12.2507152557, 6.8510093689, 16.087141037, 25.9268341064, 10.4714231491, 0.989685058594, -0.283615201712, 0.881538569927, 6.62886190414, 5.67566680908], [19.1775817871, -13.0804405212, -14.9089326859, -17.5539016724, -5.88556528091, 15.1086349487, 10.4714231491, 23.4959163666, 8.13466453552, 3.85875654221, 1.96529376507, 5.21083021164, 5.89912176132], [7.95732975006, 5.87105035782, -9.51164150238, -8.97573852539, -2.98218369484, -1.34580981731, 0.989685058594, 8.13466453552, 11.8783969879, 5.87425136566, 2.89322018623, 0.814056634903, 1.33770084381], [-14.7126255035, -21.5792217255, -3.16131401062, 8.18004989624, 2.41822099686, -1.78713130951, -0.283615201712, 3.85875654221, 5.87425136566, 22.0570526123, 13.8077716827, 9.1640663147, 2.33265566826], [-16.734161377, -15.5675144196, -5.6719584465, 5.79177713394, 6.40887641907, 3.2036318779, 0.881538569927, 1.96529376507, 2.89322018623, 13.8077716827, 17.1522369385, 11.4704341888, 4.41813516617], [-23.7574176788, -30.9874629974, -11.4583902359, 7.69020080566, 8.39278411865, 10.9197645187, 6.62886190414, 5.21083021164, 0.814056634903, 9.1640663147, 11.4704341888, 20.2189712524, 9.35058307648], [-15.5085077286, -9.2182559967, -10.4894275665, 1.9282553196, 5.46918916702, 3.52742767334, 5.67566680908, 5.89912176132, 1.33770084381, 2.33265566826, 4.41813516617, 9.35058307648, 12.87774086]],
        "icov": [[0.0191720239818, -0.0130577059463, -0.00571195734665, 0.00365217821673, 0.0269811507314, -0.0257272962481, 0.0107750091702, -0.00469816615805, 0.00124644569587, -0.0107545461506, 0.00797965936363, -0.00259680533782, 0.00249999412335], [-0.0130577059463, 0.0454369448125, -0.0316291563213, 0.0484765022993, -0.0504556968808, 0.0513881482184, -0.0407444424927, 0.034173194319, -0.0399050302804, 0.0327448658645, -0.0210360120982, 0.0224281344563, -0.0174205135554], [-0.00571195734665, -0.0316291563213, 0.0796145796776, -0.0941362157464, 0.0537858456373, -0.03341139853, 0.0406501591206, -0.0389230512083, 0.0452556833625, -0.00641375686973, -0.00256808265112, 0.008196817711, 0.0270381607115], [0.00365217821673, 0.0484765022993, -0.0941362157464, 0.133155241609, -0.0907441973686, 0.0662381201982, -0.0470015853643, 0.041456580162, -0.0440265126526, 0.0119922487065, 0.00350494938903, -0.0129836546257, -0.0247705560178], [0.0269811507314, -0.0504556968808, 0.0537858456373, -0.0907441973686, 0.145324543118, -0.0848013609648, 0.0283459834754, -0.0134913334623, 0.0228742398322, -0.0149300629273, -0.00661037163809, 0.00493350764737, 0.00798390526325], [-0.0257272962481, 0.0513881482184, -0.03341139853, 0.0662381201982, -0.0848013609648, 0.114286907017, -0.0515606738627, 0.00559418369085, -0.0080437771976, 0.0442303754389, -0.0255203805864, -0.0145280631259, 0.00566926039755], [0.0107750091702, -0.0407444424927, 0.0406501591206, -0.0470015853643, 0.0283459834754, -0.0515606738627, 0.105241909623, -0.0612693876028, 0.0511248931289, -0.0287651345134, 0.0308848507702, -0.0251010544598, 0.0152565203607], [-0.00469816615805, 0.034173194319, -0.0389230512083, 0.041456580162, -0.0134913334623, 0.00559418369085, -0.0612693876028, 0.135917961597, -0.10509070009, 0.0121645675972, -0.00131497415714, 0.0227214582264, -0.0575028732419], [0.00124644569587, -0.0399050302804, 0.0452556833625, -0.0440265126526, 0.0228742398322, -0.0080437771976, 0.0511248931289, -0.10509070009, 0.20175743103, -0.0574924536049, 0.0115426713601, -0.0150326630101, 0.0308988746256], [-0.0107545461506, 0.0327448658645, -0.00641375686973, 0.0119922487065, -0.0149300629273, 0.0442303754389, -0.0287651345134, 0.0121645675972, -0.0574924536049, 0.14336001873, -0.104039140046, 0.00728497328237, 0.0152074936777], [0.00797965936363, -0.0210360120982, -0.00256808265112, 0.00350494938903, -0.00661037163809, -0.0255203805864, 0.0308848507702, -0.00131497415714, 0.0115426713601, -0.104039140046, 0.183527573943, -0.0755275189877, -0.00175462360494], [-0.00259680533782, 0.0224281344563, 0.008196817711, -0.0129836546257, 0.00493350764737, -0.0145280631259, -0.0251010544598, 0.0227214582264, -0.0150326630101, 0.00728497328237, -0.0755275189877, 0.173821106553, -0.0759712085128], [0.00249999412335, -0.0174205135554, 0.0270381607115, -0.0247705560178, 0.00798390526325, 0.00566926039755, 0.0152565203607, -0.0575028732419, 0.0308988746256, 0.0152074936777, -0.00175462360494, -0.0759712085128, 0.158400863409]]
    },
    "melbands": {
        "dmean": [0.000129540756461, 0.000276925653452, 0.00158600218128, 0.00095638690982, 0.000555898470338, 4.69401893497e-05, 3.36972298101e-05, 6.84416227159e-05, 5.57069179195e-05, 3.71160022041e-05, 5.47538875253e-05, 8.164931387e-06, 8.63643981575e-06, 8.57894428918e-06, 4.96475649925e-06, 6.15214003119e-06, 4.36490154243e-06, 2.28446378969e-06, 1.705569872e-07, 2.56868759152e-07, 3.83877562626e-07, 1.70072883066e-06, 8.18253226953e-07, 2.04654384106e-07, 2.80106917216e-07, 2.71245369277e-07, 1.45320342426e-07, 9.63152118061e-08, 8.37921305674e-08, 9.53049408281e-08, 5.58711228393e-08, 3.71902686425e-08, 1.06907034336e-08, 6.29486018866e-09, 4.83471751522e-09, 3.96278920789e-09, 3.17633119806e-09, 2.94702817705e-09, 2.43322961779e-09, 2.30157048975e-09],
        "dmean2": [0.000196126391529, 0.000393817812437, 0.00163006270304, 0.00136485940311, 0.000793867278844, 7.72666753619e-05, 3.45164444298e-05, 0.000115970033221, 5.71463860979e-05, 6.30499489489e-05, 8.74533361639e-05, 1.51208296302e-05, 1.00689749161e-05, 1.63558779605e-05, 8.91446961759e-06, 1.08313734017e-05, 7.16654267308e-06, 3.68537143913e-06, 1.75032724314e-07, 3.4209176647e-07, 6.24836047791e-07, 2.84082602775e-06, 1.36592723265e-06, 3.32977634798e-07, 4.52510562354e-07, 4.30751697422e-07, 2.46553412353e-07, 1.54436605726e-07, 1.37912451237e-07, 1.53027826855e-07, 9.58801678053e-08, 6.50061409146e-08, 1.59828719148e-08, 8.28995894153e-09, 6.03554273226e-09, 5.00959140837e-09, 3.72151420791e-09, 3.60818241951e-09, 2.8340729763e-09, 2.85151191548e-09],
        "dvar": [1.17309149061e-08, 5.03378494443e-08, 2.38410666498e-06, 1.21861262414e-06, 3.35174547672e-07, 1.11089333288e-08, 9.03088359649e-09, 7.09672605126e-08, 3.85511143008e-08, 5.78676306873e-08, 1.40005852245e-07, 2.82039680499e-09, 2.05650829699e-09, 4.74635797332e-09, 1.03766084614e-09, 1.31930044667e-09, 6.25422824641e-10, 1.69645131276e-10, 6.44094207223e-13, 2.3106747093e-13, 1.09277311592e-12, 6.70198792296e-12, 3.19785669299e-12, 3.94279742319e-14, 5.80682556076e-14, 6.58829748027e-14, 2.0683207954e-14, 1.29312191719e-14, 7.59411200509e-15, 8.23861683356e-15, 3.71515384578e-15, 1.95072195972e-15, 1.26399613873e-15, 9.63324006407e-16, 7.22293687365e-16, 5.78928120026e-16, 4.43962446076e-16, 3.26280320595e-16, 2.62493683939e-16, 2.02352769732e-16],
        "dvar2": [2.53170480136e-08, 1.14333872148e-07, 3.17179296871e-06, 2.9986501886e-06, 3.97797606411e-07, 1.98525178519e-08, 5.80402748085e-09, 1.68759228814e-07, 1.67889560032e-08, 1.51000634219e-07, 3.6858131125e-07, 5.72444625035e-09, 1.99458938255e-09, 1.04163468961e-08, 2.54178655901e-09, 3.35064598289e-09, 1.65243907446e-09, 4.45516457059e-10, 2.83297257181e-13, 1.48427982145e-13, 1.94881740953e-12, 1.47896469377e-11, 8.06272236475e-12, 7.35522550526e-14, 1.42048712745e-13, 1.2880867976e-13, 4.24961410191e-14, 2.3168887124e-14, 1.61050948239e-14, 1.92349544089e-14, 7.5886825239e-15, 3.9499729781e-15, 1.32711142236e-15, 1.01619432067e-15, 7.70030452569e-16, 5.92162692189e-16, 4.56767863702e-16, 3.33180092165e-16, 2.68703414825e-16, 2.09626493113e-16],
        "max": [0.00112001574598, 0.00275710783899, 0.014410186559, 0.0105087086558, 0.00772144179791, 0.00119060417637, 0.00133859505877, 0.00267012766562, 0.00284957047552, 0.00219168653712, 0.00303895235993, 0.00057172565721, 0.000652417074889, 0.000688739295583, 0.000314796925522, 0.000347485445673, 0.000205681964871, 0.000105546736449, 1.08596132122e-05, 7.31207728677e-06, 1.2546308426e-05, 2.71424087259e-05, 1.5911862647e-05, 2.29833017329e-06, 1.93495657186e-06, 2.02666365112e-06, 1.3398577039e-06, 1.16715978038e-06, 7.81284200002e-07, 7.42270856335e-07, 5.57286682579e-07, 3.99460702738e-07, 3.66264686136e-07, 3.1328949035e-07, 2.6965344091e-07, 2.41413488311e-07, 2.1054485444e-07, 1.80969479402e-07, 1.62352165489e-07, 1.42747225595e-07],
        "mean": [0.000464933749754, 0.00120498787146, 0.00403980631381, 0.00238320254721, 0.0027070119977, 0.000171401552507, 8.09516350273e-05, 0.000162399373949, 0.000102801321191, 4.03408012062e-05, 4.09342719649e-05, 1.73778316821e-05, 1.54411482072e-05, 1.50333535203e-05, 7.57976886234e-06, 9.18973728403e-06, 5.11936195835e-06, 2.5360732252e-06, 3.31027791844e-07, 7.06179207555e-07, 1.27769249048e-06, 4.49178878625e-06, 1.89963463981e-06, 6.34967591395e-07, 1.00065699371e-06, 8.94905326732e-07, 4.80402832181e-07, 3.63843128071e-07, 2.47359480454e-07, 2.50182182526e-07, 1.54232296268e-07, 8.39269276298e-08, 2.51031107013e-08, 1.16936504924e-08, 9.45697742338e-09, 7.07808345268e-09, 5.21781151619e-09, 5.2433324349e-09, 4.35588853875e-09, 4.29784208222e-09],
        "median": [0.000418472278398, 0.00115150189959, 0.00284420349635, 0.00181939057074, 0.00223907642066, 0.000161417236086, 4.53030952485e-05, 9.34916752158e-05, 4.68385296699e-05, 5.78282606511e-06, 1.95462234842e-06, 5.24533334101e-06, 3.28368741975e-06, 1.60174113262e-06, 2.02624687518e-06, 3.58738316208e-06, 2.53209509538e-06, 1.21420384858e-06, 1.85613430403e-07, 6.13447696196e-07, 1.01820683085e-06, 4.07756215282e-06, 1.66002143942e-06, 5.9175044953e-07, 9.82448000286e-07, 8.32559976516e-07, 4.6528623443e-07, 3.59271268735e-07, 2.37607196141e-07, 2.44242869485e-07, 1.43789094409e-07, 7.7679686683e-08, 2.06348715892e-08, 8.13075118344e-09, 6.40383923667e-09, 4.30728608336e-09, 2.77434253348e-09, 3.09275005606e-09, 2.49979459355e-09, 2.68359201527e-09],
        "min": [7.95486848801e-05, 0.000188754609553, 8.79222352523e-05, 0.000125623118947, 0.000648345216177, 1.70606290339e-05, 1.09044849523e-05, 1.72520394699e-05, 4.5935662456e-06, 1.04901585019e-06, 3.21306401929e-07, 1.8358066427e-06, 1.27437147057e-06, 3.22161554323e-07, 7.41928772641e-07, 1.29196598664e-06, 1.34428103138e-06, 4.70048433954e-07, 5.94325371139e-08, 2.54672983147e-07, 4.84135796341e-07, 1.67915879956e-06, 8.69422024152e-07, 2.897173772e-07, 2.28615647302e-07, 2.8861339274e-07, 2.20981803523e-07, 1.25166579323e-07, 3.93186994074e-08, 5.76692116283e-08, 2.75649263415e-08, 1.85932300667e-08, 8.44278336132e-09, 2.00349203894e-09, 1.34234245941e-09, 1.08398334753e-09, 5.36270361451e-10, 9.5703456271e-10, 9.5025887159e-10, 9.33624511035e-10],
        "var": [5.20472838161e-08, 2.84369065184e-07, 1.03572674561e-05, 3.69841109205e-06, 2.40810595642e-06, 2.26855405572e-08, 2.24136424976e-08, 1.14170454424e-07, 9.32194836878e-08, 5.96580136403e-08, 9.73229390411e-08, 6.13746786726e-09, 5.92272453304e-09, 8.34220958978e-09, 1.46706102822e-09, 1.63199076475e-09, 4.35105007579e-10, 1.13043921446e-10, 1.21994428448e-12, 5.60924841731e-13, 2.4625635732e-12, 7.10655579522e-12, 2.22692003726e-12, 5.12451273907e-14, 7.26849339722e-14, 9.06887818964e-14, 2.32089534765e-14, 1.30282925358e-14, 7.40363631811e-15, 9.49066366674e-15, 3.56526501301e-15, 1.73517695624e-15, 1.23400323146e-15, 9.35900361828e-16, 6.97824440766e-16, 5.64187152705e-16, 4.34075189301e-16, 3.19468746331e-16, 2.57255076328e-16, 1.97742819387e-16]
    },
    "mfcc": {
        "mean": [-744.122802734, 196.396270752, 8.82932281494, 71.4086761475, 5.87149906158, 0.674354374409, 2.81978321075, -9.49468994141, -8.15028476715, -17.6365280151, -0.101621933281, 3.60020136833, -10.7382202148],
        "cov": [[313.774383545, 97.929473877, -16.3552970886, -188.088790894, -66.6996765137, -29.631362915, -18.8418102264, 14.0691766739, 12.0017223358, 21.7583942413, -5.16261816025, -8.10629463196, 1.64432406425], [97.929473877, 159.63331604, -18.0631370544, -51.5631103516, -30.4668159485, -21.1691226959, -15.114405632, -4.79325342178, 8.44561958313, 0.986768841743, 1.50878894329, -6.90672636032, -15.0445051193], [-16.3552970886, -18.0631370544, 107.788917542, 84.2789154053, 28.0808353424, -4.07742023468, -12.3291444778, -12.0257778168, -13.1492538452, 1.59364581108, -2.61270999908, -12.4118299484, -6.65621185303], [-188.088790894, -51.5631103516, 84.2789154053, 202.574905396, 60.2149505615, 12.3208475113, -2.28422570229, -24.5199165344, -14.9058570862, -12.7986421585, 4.53127002716, -3.81824469566, -7.51212215424], [-66.6996765137, -30.4668159485, 28.0808353424, 60.2149505615, 38.202960968, 11.8575382233, 1.35660624504, -5.39954423904, -9.49205493927, -3.611774683, -0.517544388771, -2.21626663208, -1.08269202709], [-29.631362915, -21.1691226959, -4.07742023468, 12.3208475113, 11.8575382233, 24.7973709106, 13.1763076782, 5.12088346481, -4.11386346817, -8.10727310181, -2.21512508392, 3.28246688843, 4.54927253723], [-18.8418102264, -15.114405632, -12.3291444778, -2.28422570229, 1.35660624504, 13.1763076782, 23.2436351776, 12.7745733261, 5.51428699493, -2.62993335724, -1.50979864597, 3.74734711647, 3.15396523476], [14.0691766739, -4.79325342178, -12.0257778168, -24.5199165344, -5.39954423904, 5.12088346481, 12.7745733261, 24.9216804504, 11.733751297, 1.88079035282, -2.80511474609, -1.37203872204, 0.569180727005], [12.0017223358, 8.44561958313, -13.1492538452, -14.9058570862, -9.49205493927, -4.11386346817, 5.51428699493, 11.733751297, 17.6845836639, 5.32543134689, 0.381576418877, -1.49068772793, -3.52112054825], [21.7583942413, 0.986768841743, 1.59364581108, -12.7986421585, -3.611774683, -8.10727310181, -2.62993335724, 1.88079035282, 5.32543134689, 16.1220397949, 4.95730781555, -2.32656216621, 0.684521913528], [-5.16261816025, 1.50878894329, -2.61270999908, 4.53127002716, -0.517544388771, -2.21512508392, -1.50979864597, -2.80511474609, 0.381576418877, 4.95730781555, 12.9517354965, 3.74981021881, 1.12550187111], [-8.10629463196, -6.90672636032, -12.4118299484, -3.81824469566, -2.21626663208, 3.28246688843, 3.74734711647, -1.37203872204, -1.49068772793, -2.32656216621, 3.74981021881, 16.7253322601, 9.38640975952], [1.64432406425, -15.0445051193, -6.65621185303, -7.51212215424, -1.08269202709, 4.54927253723, 3.15396523476, 0.569180727005, -3.52112054825, 0.684521913528, 1.12550187111, 9.38640975952, 17.45611763]],
