{
"lowlevel": {
    "average_loudness": 0.0250690281391,
    "barkbands_crest": {
        "dmean": 1.57875692844,
        "dmean2": 2.67977333069,
        "dvar": 2.3873770237,
        "dvar2": 6.62621021271,
        "max": 24.1334495544,
        "mean": 8.90073394775,
        "median": 8.55447673798,
        "min": 5.51819944382,
        "var": 5.48840808868
    },
    "barkbands_flatness_db": {
        "dmean": 0.0150552298874,
        "dmean2": 0.0233780350536,
        "dvar": 0.000477130437503,
        "dvar2": 0.00101900391746,
        "max": 0.330995410681,
        "mean": 0.139420062304,
        "median": 0.129269778728,
        "min": 0.099383674562,
        "var": 0.0013571952004
    },
    "barkbands_kurtosis": {
        "dmean": 3.9853887558,
        "dmean2": 6.58996677399,
        "dvar": 109.617485046,
        "dvar2": 253.824920654,
        "max": 105.228630066,
        "mean": 8.63467502594,
        "median": 6.64592933655,
        "min": 1.29590702057,
        "var": 108.356697083
    },
    "barkbands_skewness": {
        "dmean": 0.425310790539,
        "dmean2": 0.667360901833,
        "dvar": 0.467428833246,
        "dvar2": 1.12595677376,
        "max": 8.11640548706,
        "mean": 2.41946387291,
        "median": 2.30682992935,
        "min": 0.873034954071,
        "var": 0.625685214996
    },
    "barkbands_spread": {
        "dmean": 2.10707902908,
        "dmean2": 3.40038347244,
        "dvar": 3.98525357246,
        "dvar2": 10.2770175934,
        "max": 19.5642967224,
        "mean": 12.1546916962,
        "median": 12.7383098602,
        "min": 0.925290763378,
        "var": 10.7203302383
    },
    "dissonance": {
        "dmean": 0.0188418142498,
        "dmean2": 0.0307715721428,
        "dvar": 0.00035964557901,
        "dvar2": 0.00109505455475,
        "max": 0.5,
        "mean": 0.467547446489,
        "median": 0.471077919006,
        "min": 0.319669574499,
        "var": 0.000849435862619
    },
    "dynamic_complexity": 15.3040475845,
    "erbbands_crest": {
        "dmean": 1.59697687626,
        "dmean2": 2.60415005684,
        "dvar": 2.42675733566,
        "dvar2": 6.51878595352,
        "max": 20.9278297424,
        "mean": 10.2180948257,
        "median": 9.95500564575,
        "min": 6.33478307724,
        "var": 3.36560821533
    },
    "erbbands_flatness_db": {
        "dmean": 0.0125452736393,
        "dmean2": 0.0203851908445,
        "dvar": 0.000327756541083,
        "dvar2": 0.00065002113115,
        "max": 0.345856159925,
        "mean": 0.167834356427,
        "median": 0.158904850483,
        "min": 0.127306312323,
        "var": 0.00109125243034
    },
    "erbbands_kurtosis": {
        "dmean": 1.2394503355,
        "dmean2": 2.06987833977,
        "dvar": 6.12303113937,
        "dvar2": 13.8847675323,
        "max": 21.3933258057,
        "mean": 0.989189505577,
        "median": 0.397574663162,
        "min": -0.897112131119,
        "var": 6.75340032578
    },
    "erbbands_skewness": {
        "dmean": 0.301070719957,
        "dmean2": 0.497577279806,
        "dvar": 0.153754368424,
        "dvar2": 0.368918806314,
        "max": 4.00496816635,
        "mean": 1.34301817417,
        "median": 1.2758024931,
        "min": 0.3126976192,
        "var": 0.197201356292
    },
    "erbbands_spread": {
        "dmean": 4.67821598053,
        "dmean2": 8.03000831604,
        "dvar": 23.7993049622,
        "dvar2": 57.2755012512,
        "max": 46.1830825806,
        "mean": 34.105922699,
        "median": 35.39818573,
        "min": 6.9863948822,
        "var": 59.1770935059
    },
    "hfc": {
        "dmean": 7.3661813736,
        "dmean2": 11.6704349518,
        "dvar": 2141.42993164,
        "dvar2": 3454.9050293,
        "max": 772.229736328,
        "mean": 18.2879829407,
        "median": 0.661869108677,
        "min": 0.517043828964,
        "var": 10231.2744141
    },
    "melbands_crest": {
        "dmean": 1.66235053539,
        "dmean2": 2.74095678329,
        "dvar": 4.22130537033,
        "dvar2": 9.03353595734,
        "max": 22.7837524414,
        "mean": 8.74257850647,
        "median": 7.97926521301,
        "min": 4.78880929947,
        "var": 7.8680973053
    },
    "melbands_flatness_db": {
        "dmean": 0.0162130892277,
        "dmean2": 0.0259583629668,
        "dvar": 0.000571755459532,
        "dvar2": 0.00128173956182,
        "max": 0.420504122972,
        "mean": 0.219497144222,
        "median": 0.208263114095,
        "min": 0.178827479482,
        "var": 0.00155489193276
    },
    "melbands_kurtosis": {
        "dmean": 4.58451652527,
        "dmean2": 7.3581609726,
        "dvar": 79.4742584229,
        "dvar2": 212.963195801,
        "max": 89.3788299561,
        "mean": 15.4807825089,
        "median": 14.0112419128,
        "min": 1.2736954689,
        "var": 82.2127075195
    },
    "melbands_skewness": {
        "dmean": 0.423943907022,
        "dmean2": 0.686624348164,
        "dvar": 0.225216239691,
        "dvar2": 0.55518501997,
        "max": 6.1271443367,
        "mean": 2.75623202324,
        "median": 2.71937823296,
        "min": 1.1029945612,
        "var": 0.469667077065
    },
    "melbands_spread": {
        "dmean": 1.95765483379,
        "dmean2": 3.0730702877,
        "dvar": 3.16171789169,
        "dvar2": 8.23364639282,
        "max": 18.4039344788,
        "mean": 11.4035539627,
        "median": 11.8500480652,
        "min": 1.14160311222,
        "var": 8.27561378479
    },
    "pitch_salience": {
        "dmean": 0.0437455661595,
        "dmean2": 0.070313282311,
        "dvar": 0.00204130494967,
        "dvar2": 0.00412840442732,
        "max": 0.835701704025,
        "mean": 0.735263109207,
        "median": 0.750166535378,
        "min": 0.276285767555,
        "var": 0.00422133458778
    },
    "silence_rate_20dB": {
        "dmean": 0.00833333376795,
        "dmean2": 0.016736401245,
        "dvar": 0.00826388876885,
        "dvar2": 0.0164562966675,
        "max": 1,
        "mean": 0.966804981232,
        "median": 1,
        "min": 0,
        "var": 0.0320931151509
    },
    "silence_rate_30dB": {
        "dmean": 0.00833333376795,
        "dmean2": 0.0125523013994,
        "dvar": 0.00826388876885,
        "dvar2": 0.0123947411776,
        "max": 1,
        "mean": 0.95850622654,
        "median": 1,
        "min": 0,
        "var": 0.0397720448673
    },
    "silence_rate_60dB": {
        "dmean": 0.0458333343267,
        "dmean2": 0.0920502096415,
        "dvar": 0.0437327735126,
        "dvar2": 0.108681052923,
        "max": 1,
        "mean": 0.925311207771,
        "median": 1,
        "min": 0,
        "var": 0.0691104605794
    },
    "spectral_centroid": {
        "dmean": 127.76133728,
        "dmean2": 206.377090454,
        "dvar": 14730.3173828,
        "dvar2": 39013.5546875,
        "max": 1428.90356445,
        "mean": 1019.94036865,
        "median": 1064.76672363,
        "min": 287.096466064,
        "var": 41008.4609375
    },
    "spectral_complexity": {
        "dmean": 1.25833332539,
        "dmean2": 2.19246864319,
        "dvar": 3.14159750938,
        "dvar2": 5.68680286407,
        "max": 30,
        "mean": 5.93360996246,
        "median": 5,
        "min": 2,
        "var": 13.8628129959
    },
    "spectral_decrease": {
        "dmean": 3.98681176961e-09,
        "dmean2": 5.71370772917e-09,
        "dvar": 6.01109107118e-16,
        "dvar2": 8.93966936983e-16,
        "max": -1.64601596242e-10,
        "mean": -9.94447013625e-09,
        "median": -2.32967756197e-10,
        "min": -4.04644509899e-07,
        "var": 3.02096037056e-15
    },
    "spectral_energy": {
        "dmean": 0.0157144088298,
        "dmean2": 0.0226188227534,
        "dvar": 0.00934010278434,
        "dvar2": 0.0139223551378,
        "max": 1.59725940228,
        "mean": 0.039191339165,
        "median": 0.000938428216614,
        "min": 0.000669500150252,
        "var": 0.046912997961
    },
    "spectral_energyband_high": {
        "dmean": 8.79313483892e-06,
        "dmean2": 1.55616580741e-05,
        "dvar": 1.36925637495e-09,
        "dvar2": 4.30740465518e-09,
        "max": 0.000387720996514,
        "mean": 2.48343967542e-05,
        "median": 1.69731520145e-05,
        "min": 8.49725256558e-06,
        "var": 1.84407900061e-09
    },
    "spectral_energyband_low": {
        "dmean": 0.000158312366693,
        "dmean2": 0.000277550687315,
        "dvar": 4.44768289753e-07,
        "dvar2": 1.31959563987e-06,
        "max": 0.00793895311654,
        "mean": 0.000225909738219,
        "median": 5.39935354027e-05,
        "min": 6.94540949553e-06,
        "var": 8.4179634996e-07
    },
    "spectral_energyband_middle_high": {
        "dmean": 0.000897185120266,
        "dmean2": 0.00113496929407,
        "dvar": 2.83358749584e-05,
        "dvar2": 4.67323916382e-05,
        "max": 0.0921890884638,
        "mean": 0.00171362666879,
        "median": 7.15539936209e-05,
        "min": 4.10568500229e-05,
        "var": 9.93471767288e-05
    },
    "spectral_energyband_middle_low": {
        "dmean": 0.0149978529662,
        "dmean2": 0.0220714565367,
        "dvar": 0.00875097326934,
        "dvar2": 0.0133845526725,
        "max": 1.53156900406,
        "mean": 0.0372581221163,
        "median": 0.000790084537584,
        "min": 0.00054709718097,
        "var": 0.0428255349398
    },
    "spectral_entropy": {
        "dmean": 0.109614871442,
        "dmean2": 0.174334347248,
        "dvar": 0.0287526845932,
        "dvar2": 0.0668217539787,
        "max": 7.68232154846,
        "mean": 7.4178686142,
        "median": 7.50346040726,
        "min": 5.787961483,
        "var": 0.100127503276
    },
    "spectral_flux": {
        "dmean": 0.0183981060982,
        "dmean2": 0.0316164419055,
        "dvar": 0.00760941766202,
        "dvar2": 0.0193146467209,
        "max": 0.940785288811,
        "mean": 0.0339991040528,
        "median": 0.0112719936296,
        "min": 0.00724077643827,
        "var": 0.011475879699
    },
    "spectral_kurtosis": {
        "dmean": 1.3745610714,
        "dmean2": 2.33844804764,
        "dvar": 16.9979915619,
        "dvar2": 47.4732551575,
        "max": 55.8955535889,
        "mean": 7.11283397675,
        "median": 5.96754360199,
        "min": 4.73283624649,
        "var": 33.3444709778
    },
    "spectral_rms": {
        "dmean": 0.000485305499751,
        "dmean2": 0.000744060613215,
        "dvar": 5.4746215028e-06,
        "dvar2": 8.70044459589e-06,
        "max": 0.0394753329456,
        "mean": 0.00213852571324,
        "median": 0.000956838368438,
        "min": 0.000808189914096,
        "var": 3.36621596944e-05
    },
    "spectral_rolloff": {
        "dmean": 43.06640625,
        "dmean2": 73.8796081543,
        "dvar": 2233.39013672,
        "dvar2": 5487.72705078,
        "max": 753.662109375,
        "mean": 606.146728516,
        "median": 602.9296875,
        "min": 279.931640625,
        "var": 3829.91772461
    },
    "spectral_skewness": {
        "dmean": 0.172646716237,
        "dmean2": 0.284387111664,
        "dvar": 0.091170348227,
        "dvar2": 0.231991946697,
        "max": 5.61259508133,
        "mean": 1.64526712894,
        "median": 1.51775836945,
        "min": 1.27675890923,
        "var": 0.344117432833
    },
    "spectral_spread": {
        "dmean": 215956.265625,
        "dmean2": 330108.53125,
        "dvar": 453219155968,
        "dvar2": 324068999168,
        "max": 15181637,
        "mean": 3871694,
        "median": 3890427.75,
        "min": 1480634.75,
        "var": 685704282112
    },
    "spectral_strongpeak": {
        "dmean": 0.179429844022,
        "dmean2": 0.25240957737,
        "dvar": 0.441485226154,
        "dvar2": 0.524016618729,
        "max": 11.9508533478,
        "mean": 0.595150470734,
        "median": 0.332238435745,
        "min": 0.0436557270586,
        "var": 2.45805072784
    },
    "zerocrossingrate": {
        "dmean": 0.00631713867188,
        "dmean2": 0.00859089009464,
        "dvar": 2.76784721791e-05,
        "dvar2": 4.4515098125e-05,
        "max": 0.08984375,
        "mean": 0.0568310767412,
        "median": 0.0576171875,
        "min": 0.00341796875,
        "var": 0.000155139612616
    },
    "barkbands": {
        "dmean": [0.000154265580932, 5.54279031348e-05, 3.63227118214e-05, 0.000134692381835, 0.00298211607151, 0.0080206496641, 0.000684558937792, 0.00311041716486, 0.00526687502861, 0.000163919947227, 0.00061314337654, 6.38425408397e-05, 0.000163063625223, 0.000257097563008, 8.1127123849e-05, 1.67956659425e-05, 1.71557985595e-05, 1.93091382243e-05, 1.42660110214e-05, 5.8871805777e-06, 3.78208414986e-06, 1.64420771398e-06, 1.05077378976e-06, 6.95523340255e-07, 3.16316175031e-07, 2.85932003408e-07, 4.46951673894e-07],
        "dmean2": [0.000261388428044, 9.04179105419e-05, 6.12754156464e-05, 0.000257936073467, 0.0037539366167, 0.0114932935685, 0.00114254956134, 0.00517836725339, 0.00862832739949, 0.000242587586399, 0.000994617352262, 0.000120051721751, 0.000272974342806, 0.000475729932077, 0.000143253637361, 3.30277071043e-05, 3.18235324812e-05, 3.57499702659e-05, 2.55458144238e-05, 1.02133308246e-05, 6.36085314909e-06, 2.86224076262e-06, 1.95777352019e-06, 1.25948486129e-06, 5.2509113857e-07, 4.83189808165e-07, 7.06826597252e-07],
        "dvar": [1.05078174784e-06, 2.57757726274e-08, 2.15426592121e-08, 6.5247047587e-07, 0.000310944451485, 0.00338754151016, 1.59848896146e-05, 0.000495810236316, 0.00146225385834, 1.04842013116e-06, 2.46721538133e-05, 1.94554814925e-07, 9.94057472781e-07, 2.29637362281e-06, 3.11814773113e-07, 1.09451105956e-08, 1.11553406512e-08, 1.61544910782e-08, 3.46656503503e-09, 3.607567578e-10, 1.07360426105e-10, 2.81240152694e-11, 4.38118187562e-11, 1.83791783875e-11, 1.98085623425e-12, 1.40602145812e-12, 1.07364410331e-12],
        "dvar2": [3.05965568259e-06, 7.24977837763e-08, 6.28102796441e-08, 2.24159225581e-06, 0.00044157737284, 0.00477710738778, 4.199083196e-05, 0.00116018229164, 0.00244734133594, 1.65067160651e-06, 6.31037692074e-05, 5.10985955771e-07, 2.32779234466e-06, 7.27385486243e-06, 9.47853834532e-07, 3.58767842101e-08, 3.43759545274e-08, 4.9846242689e-08, 1.06214130824e-08, 1.12828479892e-09, 3.26707660925e-10, 7.60147014778e-11, 1.41346115368e-10, 5.80725606492e-11, 5.94256501646e-12, 4.18229383417e-12, 2.35148857851e-12],
        "max": [0.00945789180696, 0.00166889536195, 0.00205645011738, 0.00780504755676, 0.204732716084, 0.866880655289, 0.0459209010005, 0.286136090755, 0.57114726305, 0.0142228901386, 0.0728778019547, 0.00624341983348, 0.0144638456404, 0.0135570261627, 0.00574567215517, 0.00115465093404, 0.00123808579519, 0.00143046665471, 0.000591462536249, 0.000220966307097, 0.000123823047034, 7.17416114639e-05, 7.0783913543e-05, 4.59841248812e-05, 1.67970265466e-05, 1.37690822157e-05, 1.83171960089e-05],
        "mean": [0.000110264547402, 7.05117490725e-05, 4.75208798889e-05, 0.000114669484901, 0.00396868539974, 0.0181998293847, 0.00102880911436, 0.00325504085049, 0.0106210233644, 0.000222854621825, 0.000844962720294, 9.0629029728e-05, 0.000190956532606, 0.000225849275012, 7.74172731326e-05, 2.06989752769e-05, 2.20008951146e-05, 2.30812402151e-05, 2.34028011619e-05, 1.27857347252e-05, 9.14573138289e-06, 3.948657195e-06, 1.24530993162e-06, 8.59004956055e-07, 6.3969872599e-07, 7.39087738566e-07, 2.59653165813e-06],
        "median": [4.20235465981e-07, 2.85281130346e-05, 1.15066322905e-05, 1.32244276756e-05, 0.000109991960926, 0.00017446813581, 0.000150151056005, 0.000285482994514, 4.29061765317e-05, 9.97570350592e-06, 7.82204460847e-06, 3.96099085265e-06, 3.54372991751e-06, 1.75162415417e-06, 1.47348760038e-06, 3.29950944433e-06, 9.49634795688e-06, 1.11972622108e-05, 1.32019767989e-05, 8.96116398508e-06, 6.83647567712e-06, 2.43690942625e-06, 2.7459398666e-07, 2.06955476756e-07, 2.65905953256e-07, 4.28622371373e-07, 2.36321170632e-06],
        "min": [3.59485485824e-09, 1.19252354125e-06, 4.06390540775e-07, 1.81673271982e-06, 2.44853836193e-05, 2.02015435207e-05, 4.3435520638e-05, 9.96157614281e-05, 1.11651015686e-05, 1.00315128293e-06, 9.29243697101e-07, 8.72257942319e-07, 9.11533504677e-07, 4.22162656832e-07, 3.94849024588e-07, 1.00626755284e-06, 3.55345514436e-06, 1.46955869695e-06, 5.68486893826e-06, 4.13175166614e-06, 2.18408558794e-06, 1.05128856376e-06, 1.67252494521e-07, 1.1543757239e-07, 1.61561942491e-07, 2.80679444131e-07, 1.3700270074e-06],
        "var": [7.99071131041e-07, 2.88602208798e-08, 3.42941213205e-08, 4.8396003649e-07, 0.00050514069153, 0.0130347944796, 2.77777580777e-05, 0.000518066051882, 0.00479398621246, 2.00262661565e-06, 3.49924011971e-05, 3.06851035248e-07, 1.62061428455e-06, 2.3243517262e-06, 2.94359381314e-07, 1.15025207137e-08, 7.88258436302e-09, 9.35207733477e-09, 3.66032515409e-09, 4.93789731326e-10, 1.55318188866e-10, 6.71141683894e-11, 3.62500758577e-11, 1.58698314906e-11, 3.65148189463e-12, 2.41028226024e-12, 1.98768172061e-12]
    },
    "erbbands": {
        "dmean": [0.00141123519279, 0.0135930385441, 0.04168407619, 0.290956497192, 0.923504531384, 12.1454629898, 67.5506896973, 38.3304290771, 7.58619356155, 25.8677463531, 89.6182861328, 95.1976623535, 7.0701341629, 21.8524188995, 8.22652244568, 3.41106820107, 6.17760181427, 12.775144577, 7.74449443817, 1.84835612774, 1.03423655033, 1.00721418858, 1.15990316868, 0.708091974258, 0.600494921207, 0.28705227375, 0.171446472406, 0.138582646847, 0.056400321424, 0.0384085327387, 0.0236607063562, 0.0201846007258, 0.00755127053708, 0.00358403590508, 0.00217743543908, 0.00111995101906, 0.000575438083615, 0.000221893904381, 6.87366264174e-05, 2.46953568421e-05],
        "dmean2": [0.00252760504372, 0.0222668275237, 0.0750822871923, 0.533496260643, 1.4143383503, 14.2754592896, 90.4718551636, 57.7405853271, 13.2206678391, 44.9785079956, 154.322158813, 157.7862854, 11.8751144409, 32.2977981567, 14.7029428482, 4.86242723465, 9.39230442047, 23.5562324524, 13.8238182068, 3.2425031662, 2.02817225456, 1.87180042267, 2.18758249283, 1.23885941505, 1.05352509022, 0.498208761215, 0.306410819292, 0.231259733438, 0.0992562621832, 0.0705840364099, 0.042913749814, 0.036953613162, 0.0135376891121, 0.00580518925563, 0.00367346522398, 0.00204736273736, 0.000894084631, 0.00037274119677, 0.000108951593575, 3.71349560737e-05],
        "dvar": [4.89233825647e-05, 0.0014003708493, 0.0219605397433, 2.72496628761, 21.0925674438, 6948.82958984, 184254.140625, 78272.5078125, 1733.5255127, 28243.1152344, 334136.53125, 445170.6875, 2380.4753418, 29776.8574219, 4110.02636719, 436.928070068, 1298.42163086, 5862.03466797, 2460.64355469, 147.546401978, 38.0490531921, 35.4141578674, 70.5912094116, 8.25238990784, 6.10997676849, 1.06924498081, 0.34132501483, 0.151996716857, 0.0311192814261, 0.0488224029541, 0.0186510365456, 0.0165772177279, 0.00163349346258, 0.000226817574003, 9.48518500081e-05, 3.87514992326e-05, 4.36532445747e-06, 5.53931613467e-07, 3.38608145967e-08, 1.22948762282e-08],
        "dvar2": [0.000147465601913, 0.00355060212314, 0.0643303766847, 9.06645107269, 37.2261619568, 8206.39453125, 284967.84375, 113999.171875, 4254.72949219, 69605.9375, 821195.3125, 757530.5, 4221.17285156, 73638.0546875, 9552.19140625, 824.134033203, 3152.25073242, 18557.0820312, 7733.74511719, 400.251220703, 126.756225586, 110.777954102, 217.789230347, 25.3701972961, 18.8403263092, 3.43563008308, 1.06267023087, 0.478815495968, 0.0796413198113, 0.155835449696, 0.0596370361745, 0.0513849258423, 0.00532509852201, 0.000650231842883, 0.000291731907055, 0.000122250348795, 1.12997413453e-05, 1.3276332993e-06, 7.63417702387e-08, 1.90530844435e-08],
        "max": [0.0899263247848, 0.435113668442, 1.91419637203, 17.3395576477, 59.6334686279, 1119.34667969, 7005.89892578, 4130.96972656, 557.664550781, 2046.83166504, 7548.49755859, 9667.60742188, 673.647949219, 2595.38037109, 966.100769043, 330.972320557, 535.420654297, 683.567138672, 501.312988281, 149.922775269, 62.988319397, 69.5469665527, 94.6879043579, 31.089630127, 24.0693511963, 10.7142696381, 6.21239423752, 5.19065618515, 2.49755644798, 2.34866499901, 1.40352571011, 1.36478686333, 0.409087479115, 0.20611025393, 0.104416497052, 0.0681721717119, 0.0297288969159, 0.0118762617931, 0.00292587769218, 0.00190899451263],
        "mean": [0.00172631966416, 0.0177951809019, 0.0539328195155, 0.288231223822, 1.58217275143, 19.1735153198, 138.150741577, 88.8550262451, 14.5090827942, 31.3232898712, 171.701034546, 197.075668335, 14.8236150742, 26.157371521, 14.5273075104, 5.66092967987, 7.42018175125, 11.3396444321, 6.30674362183, 2.44029688835, 1.31617021561, 1.30948495865, 1.31887733936, 1.20913922787, 1.02048373222, 0.607172548771, 0.415474653244, 0.329182773829, 0.159466519952, 0.0573090948164, 0.031033044681, 0.0215040072799, 0.0118484646082, 0.00725589646026, 0.00456337211654, 0.00224089995027, 0.00156014354434, 0.000766820274293, 0.000320261489833, 9.16016360861e-05],
        "median": [0.00036198462476, 0.00794531125575, 0.017883008346, 0.0340035744011, 0.188900962472, 0.362655699253, 1.01724112034, 1.3448548317, 2.59290766716, 2.87700366974, 5.06247091293, 1.17909860611, 0.376727730036, 0.366295516491, 0.245529457927, 0.158793568611, 0.168941363692, 0.0860312283039, 0.0879485234618, 0.11637673527, 0.231723025441, 0.564468562603, 0.589978098869, 0.708673655987, 0.582215309143, 0.406807869673, 0.313021987677, 0.234019115567, 0.105480693281, 0.0173676963896, 0.00762905552983, 0.00450386619195, 0.00370285054669, 0.00280094146729, 0.00201061693951, 0.00101321039256, 0.000927625282202, 0.000574065488763, 0.000267352414085, 4.66324781883e-05],
        "min": [2.50651992246e-05, 0.00013744282478, 0.00128542212769, 0.00576585764065, 0.0316523201764, 0.0661474093795, 0.0801374614239, 0.253914177418, 0.944968760014, 0.913695394993, 3.04654455185, 0.416515976191, 0.112569771707, 0.0765058323741, 0.0480125769973, 0.0576100572944, 0.0509075932205, 0.0266944691539, 0.0328847281635, 0.0398142449558, 0.0797768458724, 0.185423761606, 0.119685895741, 0.29346755147, 0.158309414983, 0.182341232896, 0.118964247406, 0.0945510268211, 0.0389324091375, 0.0100779421628, 0.00442596850917, 0.00247508729808, 0.00181818741839, 0.00177765672561, 0.00124244682956, 0.000647571519949, 0.000569948926568, 0.000350982998498, 0.000138034796691, 2.54211245192e-05],
        "var": [5.72522585571e-05, 0.00158419937361, 0.0316787622869, 2.61791181564, 49.2718238831, 12410.6240234, 686183.6875, 301805.71875, 4646.82128906, 34192.2460938, 937382.4375, 1548696.875, 7036.56933594, 37613.140625, 8347.00195312, 1181.19470215, 2269.72045898, 5881.13037109, 1954.88989258, 243.230941772, 43.7448539734, 25.9754085541, 39.6326980591, 8.50528717041, 6.92237472534, 1.35373854637, 0.372713387012, 0.235518142581, 0.0857740044594, 0.0549561716616, 0.0187267567962, 0.0127285942435, 0.00194057577755, 0.000507248274516, 0.000163407807122, 4.1184717702e-05, 1.03035918073e-05, 1.11720612495e-06, 7.75520874186e-08, 6.34120311815e-08]
    },
    "gfcc": {
        "mean": [-146.534973145, 90.3266601562, -98.6911010742, 6.22512483597, -61.2757453918, -53.5489883423, -18.5255661011, 2.40212917328, -16.5319633484, 3.48532581329, -10.5838909149, 0.294683396816, -9.56517887115],
        "cov": [[2353.86987305, 627.123962402, -183.49520874, -390.784942627, -174.042160034, 211.421173096, -222.650161743, -152.059387207, -31.7927722931, -85.9435882568, 2.9542901516, -46.0709037781, 87.1594390869], [627.123962402, 224.433609009, -18.909532547, -89.4499511719, -32.6637611389, 63.6874160767, -36.0964698792, -28.9222736359, -1.01759457588, -18.2349967957, 8.14767456055, -6.82316493988, 28.4130058289], [-183.49520874, -18.909532547, 94.9470748901, 79.9950332642, 34.3369178772, -14.8041992188, 21.5155601501, 20.2116107941, -3.7321472168, 5.51583862305, -1.28827488422, 11.6762075424, -3.5053050518], [-390.784942627, -89.4499511719, 79.9950332642, 117.056510925, 61.0632286072, -25.2790222168, 48.3587188721, 39.2311134338, 13.0652513504, 24.4556446075, 5.42730855942, 14.9667634964, -15.4968395233], [-174.042160034, -32.6637611389, 34.3369178772, 61.0632286072, 54.7225761414, 11.2973670959, 38.0198287964, 29.7518196106, 18.2920398712, 22.6192626953, 10.0284538269, 8.63201332092, -10.2438354492], [211.421173096, 63.6874160767, -14.8041992188, -25.2790222168, 11.2973670959, 60.952583313, 7.10221004486, 3.57753515244, 13.2563323975, 7.77656793594, 11.259100914, -2.23430085182, 3.84289622307], [-222.650161743, -36.0964698792, 21.5155601501, 48.3587188721, 38.0198287964, 7.10221004486, 65.078086853, 41.9683837891, 23.6460800171, 25.8803691864, 12.8416395187, 8.27177143097, -10.3490114212], [-152.059387207, -28.9222736359, 20.2116107941, 39.2311134338, 29.7518196106, 3.57753515244, 41.9683837891, 45.5847396851, 26.3047294617, 21.3102817535, 12.2094221115, 8.9371175766, -6.72887516022], [-31.7927722931, -1.01759457588, -3.7321472168, 13.0652513504, 18.2920398712, 13.2563323975, 23.6460800171, 26.3047294617, 32.8626976013, 23.1202259064, 13.0993299484, 3.19272303581, -2.40059995651], [-85.9435882568, -18.2349967957, 5.51583862305, 24.4556446075, 22.6192626953, 7.77656793594, 25.8803691864, 21.3102817535, 23.1202259064, 30.1131496429, 14.931851387, 3.7329416275, -4.44476461411], [2.9542901516, 8.14767456055, -1.28827488422, 5.42730855942, 10.0284538269, 11.259100914, 12.8416395187, 12.2094221115, 13.0993299484, 14.931851387, 20.8290176392, 7.60762739182, 0.640772223473], [-46.0709037781, -6.82316493988, 11.6762075424, 14.9667634964, 8.63201332092, -2.23430085182, 8.27177143097, 8.9371175766, 3.19272303581, 3.7329416275, 7.60762739182, 16.0951194763, 3.16673445702], [87.1594390869, 28.4130058289, -3.5053050518, -15.4968395233, -10.2438354492, 3.84289622307, -10.3490114212, -6.72887516022, -2.40059995651, -4.44476461411, 0.640772223473, 3.16673445702, 16.1021900177]],
        "icov": [[0.00670549832284, -0.0134313739836, 0.00651478767395, -0.00353572214954, 0.00771241169423, -0.0130927916616, 0.0168519672006, -0.0066035464406, 0.00408166274428, -0.00384401273914, 0.00273899943568, -0.000299408187857, 0.00101933197584], [-0.0134313739836, 0.0438512414694, -0.0321305058897, 0.0302665494382, -0.0224869977683, 0.0197640024126, -0.0372064337134, 0.0246654078364, -0.0251609738916, 0.0211678370833, -0.0179024841636, 0.00677563948557, -0.013696894981], [0.00651478767395, -0.0321305058897, 0.066364467144, -0.071982011199, 0.0324177704751, -0.0208693854511, 0.0280999597162, -0.0318369194865, 0.0407474376261, -0.0152577878907, 0.0193250104785, -0.00678666494787, -0.000608363421634], [-0.00353572214954, 0.0302665494382, -0.071982011199, 0.126118317246, -0.0809735804796, 0.0401379652321, -0.0246202908456, 0.0224578585476, -0.0299560278654, 0.00477541191503, -0.0130731733516, -0.00249984208494, 0.00177150696982], [0.00771241169423, -0.0224869977683, 0.0324177704751, -0.0809735804796, 0.113317161798, -0.055603351444, 0.0189144574106, -0.0177744980901, 0.0127854784951, -0.0197775792331, 0.0151699203998, -0.0121671371162, 0.0153850475326], [-0.0130927916616, 0.0197640024126, -0.0208693854511, 0.0401379652321, -0.055603351444, 0.0719058439136, -0.0397027954459, 0.017828328535, -0.0147191202268, 0.00810739584267, -0.0148990964517, 0.00736869731918, -0.00133284309413], [0.0168519672006, -0.0372064337134, 0.0280999597162, -0.0246202908456, 0.0189144574106, -0.0397027954459, 0.0920527279377, -0.0576181523502, 0.0302725881338, -0.0295584127307, 0.0126652950421, -0.00308220600709, 0.00990658346564], [-0.0066035464406, 0.0246654078364, -0.0318369194865, 0.0224578585476, -0.0177744980901, 0.017828328535, -0.0576181523502, 0.108605377376, -0.0768819227815, 0.0347211658955, -0.0191035494208, -0.00875005777925, 0.000297798163956], [0.00408166274428, -0.0251609738916, 0.0407474376261, -0.0299560278654, 0.0127854784951, -0.0147191202268, 0.0302725881338, -0.0768819227815, 0.136172682047, -0.0775642022491, 0.017673227936, 0.000276029051747, -0.000546902185306], [-0.00384401273914, 0.0211678370833, -0.0152577878907, 0.00477541191503, -0.0197775792331, 0.00810739584267, -0.0295584127307, 0.0347211658955, -0.0775642022491, 0.133507415652, -0.0642093867064, 0.0294172763824, -0.0122159812599], [0.00273899943568, -0.0179024841636, 0.0193250104785, -0.0130731733516, 0.0151699203998, -0.0148990964517, 0.0126652950421, -0.0191035494208, 0.017673227936, -0.0642093867064, 0.11779936403, -0.0545088090003, 0.0126955267042], [-0.000299408187857, 0.00677563948557, -0.00678666494787, -0.00249984208494, -0.0121671371162, 0.00736869731918, -0.00308220600709, -0.00875005777925, 0.000276029051747, 0.0294172763824, -0.0545088090003, 0.112362802029, -0.0411223620176], [0.00101933197584, -0.013696894981, -0.000608363421634, 0.00177150696982, 0.0153850475326, -0.00133284309413, 0.00990658346564, 0.000297798163956, -0.000546902185306, -0.0122159812599, 0.0126955267042, -0.0411223620176, 0.103052780032]]
    },
    "melbands": {
        "dmean": [1.99378519028e-05, 1.84314685612e-05, 4.81471070088e-05, 0.000384957209462, 0.00188380107284, 0.00104123388883, 0.000111752990051, 0.000376474636141, 0.000965988030657, 0.000516392930876, 2.6259889637e-05, 8.19125125417e-05, 5.12230690219e-05, 5.45304146726e-06, 1.62852775247e-05, 1.26272552734e-05, 2.61130917352e-05, 1.44487794387e-05, 4.62709249405e-06, 1.05682295271e-06, 1.27465807509e-06, 9.95182290353e-07, 1.13029602744e-06, 9.70163910097e-07, 5.50718652903e-07, 5.65469349567e-07, 2.92300569527e-07, 1.99337961249e-07, 1.18330021337e-07, 1.1233142061e-07, 8.14462879362e-08, 4.15307823687e-08, 2.05024370814e-08, 2.6226620875e-08, 1.51173971119e-08, 1.26796528832e-08, 1.16547544948e-08, 6.24648466285e-09, 3.12877768138e-09, 3.22872528713e-09],
        "dmean2": [3.43547071679e-05, 3.12109405058e-05, 8.90130104381e-05, 0.000420135998866, 0.00246688118204, 0.00155392754823, 0.000195657805307, 0.000637859280687, 0.00162341841497, 0.000861152191646, 4.45396763098e-05, 0.000118697767903, 8.71537413332e-05, 8.34479214973e-06, 2.44368056883e-05, 2.28819135373e-05, 4.85150594614e-05, 2.56930543401e-05, 8.69524410518e-06, 1.85089390925e-06, 2.51281039709e-06, 1.84992825325e-06, 2.15518844016e-06, 1.76838204879e-06, 9.56673488872e-07, 1.00537681647e-06, 5.11969119543e-07, 3.48802132066e-07, 2.13334203636e-07, 1.92532056076e-07, 1.37481606544e-07, 7.44670600739e-08, 3.58649820953e-08, 4.75372665676e-08, 2.75063616328e-08, 2.30308749849e-08, 2.14317630309e-08, 1.10906146489e-08, 5.48009504442e-09, 5.29595345355e-09],
        "dvar": [8.82570549976e-09, 2.88821633276e-09, 7.38520355981e-08, 7.62369108998e-06, 0.000127726380015, 5.82846878387e-05, 3.63551265536e-07, 6.4742594077e-06, 3.55680640496e-05, 1.36598800964e-05, 2.7536424696e-08, 4.02887764039e-07, 1.62754361099e-07, 1.10959930133e-09, 1.37219551277e-08, 6.59245902312e-09, 2.4227762907e-08, 7.91496113095e-09, 9.9716623847e-10, 4.41025688191e-11, 5.26801727241e-11, 3.02202533831e-11, 7.23048565465e-11, 3.39086675405e-11, 3.68566418704e-12, 5.88152833728e-12, 7.88222189341e-13, 4.60230920214e-13, 1.40783245521e-13, 8.05481102282e-14, 4.61548354603e-14, 1.58439189909e-14, 7.62375222901e-15, 2.75843411291e-14, 7.46618377203e-15, 7.0411862613e-15, 4.70018667135e-15, 1.04906078721e-15, 2.19294249241e-16, 1.86864772292e-16],
        "dvar2": [2.55930956428e-08, 7.26024040887e-09, 2.36558008737e-07, 8.81528012542e-06, 0.00019999415963, 8.15914463601e-05, 9.04664204882e-07, 1.55251818796e-05, 7.6113785326e-05, 2.32895381487e-05, 4.79828194955e-08, 9.68797507994e-07, 3.94975984364e-07, 2.46833375961e-09, 2.80527512331e-08, 1.88937043788e-08, 7.58313873916e-08, 2.49442351219e-08, 2.89914203755e-09, 1.37026529012e-10, 1.77229092513e-10, 9.25369988969e-11, 2.23128723831e-10, 1.05292899399e-10, 1.10130611228e-11, 1.80362478425e-11, 2.26727816209e-12, 1.53250274883e-12, 4.52067203116e-13, 2.49831893454e-13, 1.46418616706e-13, 4.43347852733e-14, 1.98661379502e-14, 8.86869923203e-14, 2.40253915937e-14, 2.20760299689e-14, 1.45477248005e-14, 3.4480174419e-15, 7.08756247983e-16, 5.30429660444e-16],
        "max": [0.00108873099089, 0.000715848291293, 0.00312374415807, 0.0376933813095, 0.186684221029, 0.112506061792, 0.00783574674278, 0.0314748510718, 0.0928333252668, 0.0527315922081, 0.00171217822935, 0.00970745272934, 0.00606926064938, 0.000379250035621, 0.00192915298976, 0.000839976710267, 0.00147435790859, 0.000867100607138, 0.00032992643537, 7.61503179092e-05, 7.06326536601e-05, 6.50571382721e-05, 9.59677709034e-05, 6.48554923828e-05, 1.97168083105e-05, 2.45960673055e-05, 1.06576599137e-05, 6.56188740322e-06, 3.88201442547e-06, 3.48167668562e-06, 2.75373099612e-06, 1.75593083895e-06, 1.22888309306e-06, 1.82294434126e-06, 8.78776063473e-07, 9.36899425596e-07, 6.59148497562e-07, 3.0450874533e-07, 1.55198179641e-07, 2.00561245833e-07],
        "mean": [2.30555469898e-05, 2.68471721938e-05, 5.4282554629e-05, 0.000544841401279, 0.00392094859853, 0.00241075176746, 0.000195107684704, 0.000405241094995, 0.00191051489674, 0.00106558366679, 3.91893045162e-05, 9.80644108495e-05, 8.2294420281e-05, 8.3016075223e-06, 2.44803140959e-05, 1.22550345623e-05, 2.33308219322e-05, 1.17711315397e-05, 5.16751606483e-06, 1.50689584189e-06, 1.50743483118e-06, 1.29128068238e-06, 1.25609892621e-06, 1.12318866741e-06, 9.62392505244e-07, 8.75529281075e-07, 5.51676066607e-07, 3.68310054455e-07, 2.6281998089e-07, 2.20743601176e-07, 1.87924371176e-07, 1.05030238728e-07, 4.14639984569e-08, 2.84218533153e-08, 1.87571753685e-08, 1.48585170834e-08, 1.20303704776e-08, 8.86817108636e-09, 6.15130435477e-09, 6.08092820542e-09],
        "median": [5.7584784372e-06, 1.06856232378e-05, 9.61302703217e-06, 1.9570117729e-05, 3.08395283355e-05, 3.32765157509e-05, 3.72923022951e-05, 4.50790685136e-05, 3.54516669177e-05, 5.87694876231e-06, 1.66361871834e-06, 1.42991314078e-06, 9.55365635491e-07, 4.6579216928e-07, 4.36115612956e-07, 2.78683131683e-07, 1.4825712924e-07, 1.51960747985e-07, 1.11267269176e-07, 2.00488486257e-07, 2.72006332125e-07, 5.87160116083e-07, 5.34912260264e-07, 5.354349355e-07, 5.83488827033e-07, 4.80197513753e-07, 3.47148954916e-07, 2.52229199305e-07, 1.95896959099e-07, 1.60070342758e-07, 1.31054761709e-07, 7.19221446843e-08, 1.8227291676e-08, 5.41876588045e-09, 4.29543423053e-09, 3.75911834993e-09, 2.27236385264e-09, 2.6588617974e-09, 2.1644663839e-09, 2.49758391746e-09],
        "min": [3.28787166382e-07, 5.50474283045e-07, 2.4200826374e-06, 2.64882987722e-06, 2.55814825323e-06, 5.5555246945e-06, 1.10882010631e-05, 9.24002870306e-06, 2.17202850763e-05, 1.5424599269e-06, 3.21220909427e-07, 2.49415450071e-07, 1.33704162408e-07, 1.12224981308e-07, 1.03285124453e-07, 6.52624123632e-08, 3.92982784092e-08, 4.09918108346e-08, 2.96840489966e-08, 6.41231778786e-08, 8.12252594073e-08, 1.78579696808e-07, 1.5856883806e-07, 5.82171821861e-08, 1.93881064092e-07, 1.55246937084e-07, 7.34841805183e-08, 8.58136743886e-08, 7.07642655584e-08, 4.91539466907e-08, 5.37670530321e-08, 2.81342220632e-08, 7.34087413079e-09, 2.70935984759e-09, 2.20988050081e-09, 1.89680826601e-09, 1.05765607383e-09, 1.18733523014e-09, 1.02539221558e-09, 1.34284305897e-09],
        "var": [9.00978491813e-09, 5.05173325394e-09, 7.91247529719e-08, 1.22303936223e-05, 0.000504231196828, 0.000226769436267, 8.28478277981e-07, 6.64321987642e-06, 0.000124239755678, 4.61733652628e-05, 5.14359967951e-08, 5.29312785602e-07, 2.93377553362e-07, 2.18516982287e-09, 2.86024040008e-08, 6.31942276286e-09, 2.53522394189e-08, 6.53563247965e-09, 1.23853738376e-09, 6.4617609874e-11, 5.70845974657e-11, 2.30639830151e-11, 4.04343607208e-11, 2.03163458279e-11, 4.57856018724e-12, 5.73727653927e-12, 1.39772297469e-12, 4.78867867668e-13, 1.53042576984e-13, 9.17994521545e-14, 7.92510520642e-14, 3.33973097116e-14, 1.6765861838e-14, 2.20955151148e-14, 7.21267528125e-15, 5.33906296588e-15, 3.9278713474e-15, 1.17867302764e-15, 3.77683891428e-16, 3.64282718472e-16]
    },
    "mfcc": {
        "mean": [-804.497619629, 146.127304077, -5.52963876724, 50.1104736328, -30.1255836487, -30.0329875946, -11.0269365311, -11.8470602036, -0.837182283401, -9.30788516998, 5.7366771698, 6.71141958237, -1.47768318653],
        "cov": [[2466.85986328, 596.946228027, -28.9335155487, -537.078674316, 10.5753316879, 75.6406326294, -133.944473267, -58.300491333, -155.335876465, 61.9804534912, -101.918785095, -193.835388184, -101.322608948], [596.946228027, 196.350860596, 11.160525322, -118.514320374, 1.6065518856, 23.1379146576, -19.2613391876, -3.55772233009, -27.1726551056, 18.8340454102, -19.678768158, -45.1018791199, -16.8560600281], [-28.9335155487, 11.160525322, 57.5974693298, 37.0337257385, 15.0227766037, -0.0190432239324, 8.73678398132, 4.96931028366, 3.63368010521, -7.49827671051, -4.25493192673, -5.06178283691, 0.807450830936], [-537.078674316, -118.514320374, 37.0337257385, 167.342590332, 18.6511554718, -12.0560646057, 36.6269187927, 19.9210681915, 39.7114982605, -12.3359069824, 30.1829891205, 46.3820762634, 26.5157775879], [10.5753316879, 1.6065518856, 15.0227766037, 18.6511554718, 34.2179222107, 15.3853158951, 6.539498806, 7.17702817917, 3.21142315865, 6.94502592087, 6.84301137924, 3.9775147438, 4.86918449402], [75.6406326294, 23.1379146576, -0.0190432239324, -12.0560646057, 15.3853158951, 34.3823051453, 12.3485441208, 5.54161071777, 2.49212861061, 12.9023838043, 8.79936504364, 2.51679229736, 5.06064605713], [-133.944473267, -19.2613391876, 8.73678398132, 36.6269187927, 6.539498806, 12.3485441208, 36.1124458313, 18.3859004974, 17.832616806, 7.30120038986, 18.1164722443, 18.7089710236, 14.8500671387], [-58.300491333, -3.55772233009, 4.96931028366, 19.9210681915, 7.17702817917, 5.54161071777, 18.3859004974, 29.794172287, 16.7374362946, 8.20987892151, 14.2421665192, 12.6324281693, 12.6357336044], [-155.335876465, -27.1726551056, 3.63368010521, 39.7114982605, 3.21142315865, 2.49212861061, 17.832616806, 16.7374362946, 33.5923881531, 11.6950626373, 17.5984802246, 20.0717906952, 13.4374389648], [61.9804534912, 18.8340454102, -7.49827671051, -12.3359069824, 6.94502592087, 12.9023838043, 7.30120038986, 8.20987892151, 11.6950626373, 34.6912078857, 18.1911487579, 6.16848611832, 6.44874048233], [-101.918785095, -19.678768158, -4.25493192673, 30.1829891205, 6.84301137924, 8.79936504364, 18.1164722443, 14.2421665192, 17.5984802246, 18.1911487579, 38.3150863647, 27.5042476654, 13.4849119186], [-193.835388184, -45.1018791199, -5.06178283691, 46.3820762634, 3.9775147438, 2.51679229736, 18.7089710236, 12.6324281693, 20.0717906952, 6.16848611832, 27.5042476654, 44.8430747986, 20.1743907928], [-101.322608948, -16.8560600281, 0.807450830936, 26.5157775879, 4.86918449402, 5.06064605713, 14.8500671387, 12.6357336044, 13.4374389648, 6.44874048233, 13.4849119186, 20.1743907928, 25.2156333923]],
