{
"lowlevel": {
    "average_loudness": 0.970818638802,
    "barkbands_crest": {
        "dmean": 2.00430583954,
        "dmean2": 3.36285185814,
        "dvar": 2.84046888351,
        "dvar2": 6.73782920837,
        "max": 19.4643669128,
        "mean": 9.33866024017,
        "median": 8.55448532104,
        "min": 3.66351127625,
        "var": 9.74295043945
    },
    "barkbands_flatness_db": {
        "dmean": 0.0122283594683,
        "dmean2": 0.0201972629875,
        "dvar": 0.000138383999001,
        "dvar2": 0.000326986075379,
        "max": 0.232368811965,
        "mean": 0.135686904192,
        "median": 0.129581987858,
        "min": 0.0671014487743,
        "var": 0.000883495260496
    },
    "barkbands_kurtosis": {
        "dmean": 1.36990487576,
        "dmean2": 2.1880209446,
        "dvar": 1.52379262447,
        "dvar2": 3.41982078552,
        "max": 16.0968322754,
        "mean": 4.03607130051,
        "median": 3.74974346161,
        "min": -0.167504072189,
        "var": 5.97322940826
    },
    "barkbands_skewness": {
        "dmean": 0.332183867693,
        "dmean2": 0.56865721941,
        "dvar": 0.0791118815541,
        "dvar2": 0.21402476728,
        "max": 2.55530381203,
        "mean": 1.24413001537,
        "median": 1.32763719559,
        "min": -0.279395490885,
        "var": 0.211481317878
    },
    "barkbands_spread": {
        "dmean": 1.93529510498,
        "dmean2": 3.24502229691,
        "dvar": 4.3983297348,
        "dvar2": 10.5079936981,
        "max": 27.0161762238,
        "mean": 10.7741937637,
        "median": 10.3285942078,
        "min": 2.73460173607,
        "var": 16.06498909
    },
    "dissonance": {
        "dmean": 0.0212447009981,
        "dmean2": 0.0363569110632,
        "dvar": 0.000347420747858,
        "dvar2": 0.000707712257281,
        "max": 0.495669871569,
        "mean": 0.452289104462,
        "median": 0.45691639185,
        "min": 0.34289342165,
        "var": 0.000775857362896
    },
    "dynamic_complexity": 2.11279249191,
    "erbbands_crest": {
        "dmean": 2.30050158501,
        "dmean2": 3.59211421013,
        "dvar": 2.94964551926,
        "dvar2": 6.86199092865,
        "max": 21.1263656616,
        "mean": 10.6901063919,
        "median": 10.2600440979,
        "min": 4.33931922913,
        "var": 13.5518989563
    },
    "erbbands_flatness_db": {
        "dmean": 0.0121370237321,
        "dmean2": 0.01882118918,
        "dvar": 0.000238628184889,
        "dvar2": 0.000526158488356,
        "max": 0.287499278784,
        "mean": 0.19132758677,
        "median": 0.180049970746,
        "min": 0.133043259382,
        "var": 0.00115966005251
    },
    "erbbands_kurtosis": {
        "dmean": 0.94226962328,
        "dmean2": 1.46651315689,
        "dvar": 1.07939064503,
        "dvar2": 1.79848515987,
        "max": 11.0811519623,
        "mean": 1.92516076565,
        "median": 1.45976829529,
        "min": -0.746933460236,
        "var": 5.0024638176
    },
    "erbbands_skewness": {
        "dmean": 0.283406764269,
        "dmean2": 0.457898378372,
        "dvar": 0.0507700294256,
        "dvar2": 0.126132100821,
        "max": 2.72776675224,
        "mean": 1.16066265106,
        "median": 1.16058623791,
        "min": 0.149867743254,
        "var": 0.238575041294
    },
    "erbbands_spread": {
        "dmean": 3.06523394585,
        "dmean2": 5.2875585556,
        "dvar": 13.3298072815,
        "dvar2": 29.6487998962,
        "max": 40.3625869751,
        "mean": 20.0852355957,
        "median": 20.6779117584,
        "min": 6.7068810463,
        "var": 54.0297431946
    },
    "hfc": {
        "dmean": 3.35464549065,
        "dmean2": 5.27704715729,
        "dvar": 53.6935882568,
        "dvar2": 138.997741699,
        "max": 48.9161224365,
        "mean": 14.5386266708,
        "median": 10.7019662857,
        "min": 3.63197875023,
        "var": 95.5868606567
    },
    "melbands_crest": {
        "dmean": 1.90866279602,
        "dmean2": 3.13011336327,
        "dvar": 2.64136362076,
        "dvar2": 6.00438690186,
        "max": 18.4270610809,
        "mean": 9.98958778381,
        "median": 9.45536899567,
        "min": 5.93904685974,
        "var": 6.65710353851
    },
    "melbands_flatness_db": {
        "dmean": 0.0126570602879,
        "dmean2": 0.021129405126,
        "dvar": 9.17263605515e-05,
        "dvar2": 0.000232926075114,
        "max": 0.307624608278,
        "mean": 0.216218188405,
        "median": 0.207345634699,
        "min": 0.156582728028,
        "var": 0.000993749941699
    },
    "melbands_kurtosis": {
        "dmean": 1.72930014133,
        "dmean2": 2.98141121864,
        "dvar": 2.536662817,
        "dvar2": 6.87474489212,
        "max": 13.698141098,
        "mean": 4.51503276825,
        "median": 4.58951425552,
        "min": -0.142370462418,
        "var": 4.58706760406
    },
    "melbands_skewness": {
        "dmean": 0.343496441841,
        "dmean2": 0.602271199226,
        "dvar": 0.12128983438,
        "dvar2": 0.305590748787,
        "max": 2.80859041214,
        "mean": 1.166015625,
        "median": 1.20617246628,
        "min": -0.39830571413,
        "var": 0.279398351908
    },
    "melbands_spread": {
        "dmean": 2.71545696259,
        "dmean2": 4.47702407837,
        "dvar": 6.01379346848,
        "dvar2": 17.8843383789,
        "max": 32.3974189758,
        "mean": 14.5082378387,
        "median": 13.9611940384,
        "min": 4.05154275894,
        "var": 21.1765003204
    },
    "pitch_salience": {
        "dmean": 0.0485265217721,
        "dmean2": 0.0811715349555,
        "dvar": 0.0017825725954,
        "dvar2": 0.00449030892923,
        "max": 0.882407903671,
        "mean": 0.628580749035,
        "median": 0.627962708473,
        "min": 0.426301062107,
        "var": 0.00511386571452
    },
    "silence_rate_20dB": {
        "dmean": 0,
        "dmean2": 0,
        "dvar": 0,
        "dvar2": 0,
        "max": 1,
        "mean": 1,
        "median": 1,
        "min": 1,
        "var": 0
    },
    "silence_rate_30dB": {
        "dmean": 0,
        "dmean2": 0,
        "dvar": 0,
        "dvar2": 0,
        "max": 1,
        "mean": 1,
        "median": 1,
        "min": 1,
        "var": 0
    },
    "silence_rate_60dB": {
        "dmean": 0,
        "dmean2": 0,
        "dvar": 0,
        "dvar2": 0,
        "max": 0,
        "mean": 0,
        "median": 0,
        "min": 0,
        "var": 0
    },
    "spectral_centroid": {
        "dmean": 95.847328186,
        "dmean2": 161.979309082,
        "dvar": 6370.23242188,
        "dvar2": 17713.953125,
        "max": 1581.65625,
        "mean": 937.230163574,
        "median": 931.998046875,
        "min": 608.084533691,
        "var": 40127.015625
    },
    "spectral_complexity": {
        "dmean": 1.9416667223,
        "dmean2": 3.26050424576,
        "dvar": 3.971596241,
        "dvar2": 7.67163562775,
        "max": 22,
        "mean": 17.0165290833,
        "median": 17,
        "min": 4,
        "var": 5.45426988602
    },
    "spectral_decrease": {
        "dmean": 1.28809707345e-09,
        "dmean2": 2.07572070643e-09,
        "dvar": 3.39993131366e-18,
        "dvar2": 8.4972575102e-18,
        "max": -7.46150308206e-10,
        "mean": -5.48289991187e-09,
        "median": -4.09021794212e-09,
        "min": -1.95964915406e-08,
        "var": 1.60136326695e-17
    },
    "spectral_energy": {
        "dmean": 0.00515630375594,
        "dmean2": 0.00829445198178,
        "dvar": 5.76992679271e-05,
        "dvar2": 0.000144768782775,
        "max": 0.0780817046762,
        "mean": 0.0220124237239,
        "median": 0.0166105832905,
        "min": 0.00314557855017,
        "var": 0.00025413397816
    },
    "spectral_energyband_high": {
        "dmean": 1.83074571396e-05,
        "dmean2": 2.91526393994e-05,
        "dvar": 1.20696197481e-09,
        "dvar2": 2.73055622557e-09,
        "max": 0.000367777480278,
        "mean": 0.000106898281956,
        "median": 0.000103331316495,
        "min": 6.01760330028e-05,
        "var": 8.11678946278e-10
    },
    "spectral_energyband_low": {
        "dmean": 0.00056758557912,
        "dmean2": 0.000918338599149,
        "dvar": 2.18331891233e-07,
        "dvar2": 7.35005926344e-07,
        "max": 0.00426489906386,
        "mean": 0.00103591149673,
        "median": 0.000883630942553,
        "min": 3.64916268154e-05,
        "var": 4.450151323e-07
    },
    "spectral_energyband_middle_high": {
        "dmean": 0.00187097932212,
        "dmean2": 0.0030273203738,
        "dvar": 3.53918330802e-05,
        "dvar2": 9.29518791963e-05,
        "max": 0.0385024510324,
        "mean": 0.00423016166314,
        "median": 0.00268379505724,
        "min": 0.00135346781462,
        "var": 2.85317055386e-05
    },
    "spectral_energyband_middle_low": {
        "dmean": 0.00387883884832,
        "dmean2": 0.00625433260575,
        "dvar": 1.62031537911e-05,
        "dvar2": 3.05735047732e-05,
        "max": 0.0733667612076,
        "mean": 0.016955031082,
        "median": 0.0115606663749,
        "min": 0.000385496998206,
        "var": 0.000223186943913
    },
    "spectral_entropy": {
        "dmean": 0.0917476341128,
        "dmean2": 0.147118449211,
        "dvar": 0.0082790767774,
        "dvar2": 0.0145825734362,
        "max": 8.35911750793,
        "mean": 7.34175348282,
        "median": 7.37453889847,
        "min": 6.68466711044,
        "var": 0.0598854124546
    },
    "spectral_flux": {
        "dmean": 0.0133538506925,
        "dmean2": 0.0211453158408,
        "dvar": 0.000397191382945,
        "dvar2": 0.000796523643658,
        "max": 0.192901521921,
        "mean": 0.0646586045623,
        "median": 0.058686863631,
        "min": 0.0259184166789,
        "var": 0.000743944954593
    },
    "spectral_kurtosis": {
        "dmean": 1.72301101685,
        "dmean2": 2.97779226303,
        "dvar": 5.15347337723,
        "dvar2": 15.7683649063,
        "max": 18.8957958221,
        "mean": 8.98506069183,
        "median": 8.02584838867,
        "min": 3.44015741348,
        "var": 7.80051183701
    },
    "spectral_rms": {
        "dmean": 0.000528571137693,
        "dmean2": 0.000855716119986,
        "dvar": 5.55696033189e-07,
        "dvar2": 1.42848159612e-06,
        "max": 0.0087279593572,
        "mean": 0.00439068721607,
        "median": 0.00402559898794,
        "min": 0.00175181531813,
        "var": 2.19741491492e-06
    },
    "spectral_rolloff": {
        "dmean": 114.125976562,
        "dmean2": 206.103515625,
        "dvar": 15051.0185547,
        "dvar2": 38789.8320312,
        "max": 1636.5234375,
        "mean": 884.46307373,
        "median": 818.26171875,
        "min": 581.396484375,
        "var": 46514.7695312
    },
    "spectral_skewness": {
        "dmean": 0.178415834904,
        "dmean2": 0.311439633369,
        "dvar": 0.0656758844852,
        "dvar2": 0.18547603488,
        "max": 3.51330089569,
        "mean": 1.99781024456,
        "median": 1.92383050919,
        "min": 1.52914452553,
        "var": 0.113956205547
    },
    "spectral_spread": {
        "dmean": 305766.84375,
        "dmean2": 338446.8125,
        "dvar": 2.1079064576e+12,
        "dvar2": 1.05785072026e+12,
        "max": 23863658,
        "mean": 3319224,
        "median": 3156329.5,
        "min": 2223791,
        "var": 3.8973407232e+12
    },
    "spectral_strongpeak": {
        "dmean": 0.452209323645,
        "dmean2": 0.723752439022,
        "dvar": 0.230687573552,
        "dvar2": 0.424496412277,
        "max": 4.69587564468,
        "mean": 1.14091312885,
        "median": 1.079667449,
        "min": 0.0556357055902,
        "var": 0.544345319271
    },
    "zerocrossingrate": {
        "dmean": 0.00475667323917,
        "dmean2": 0.00646664900705,
        "dvar": 2.15550062421e-05,
        "dvar2": 2.17099841393e-05,
        "max": 0.07568359375,
        "mean": 0.0443448163569,
        "median": 0.0439453125,
        "min": 0.01318359375,
        "var": 0.000106858809886
    },
    "barkbands": {
        "dmean": [1.27611774587e-05, 0.000423817051342, 0.000182888194104, 0.000433693203377, 0.00185494555626, 0.00071175879566, 0.000450046180049, 0.00248004775494, 0.000883001426701, 0.000654360395856, 0.000986565719359, 0.000476783316117, 0.000167565201991, 0.000155337635078, 2.35540956055e-05, 2.43164613494e-05, 9.22317485674e-05, 2.2030695618e-05, 3.13627642754e-05, 2.52880236076e-05, 1.16515402624e-05, 3.80342089557e-06, 6.91039247158e-07, 4.85104749259e-07, 6.56378858821e-07, 7.43694670291e-07, 1.5745147266e-06],
        "dmean2": [1.95686952793e-05, 0.000706242746674, 0.000306852307403, 0.000722617493011, 0.00333991739899, 0.0011032623006, 0.000590452458709, 0.00411095377058, 0.00136063108221, 0.00108565727714, 0.00157897954341, 0.000784707663115, 0.000280309381196, 0.000280354142888, 3.67754910258e-05, 3.7088215322e-05, 0.000146793143358, 3.73468974431e-05, 5.14639505127e-05, 4.18744239141e-05, 1.96616565518e-05, 6.36312915958e-06, 1.10317557755e-06, 7.5143043432e-07, 9.94047468339e-07, 1.06881236661e-06, 2.60799060925e-06],
        "dvar": [1.03995556611e-09, 1.42580674378e-07, 2.31134951179e-08, 1.48240800968e-07, 2.32741240325e-06, 8.08136292108e-07, 3.32145901893e-07, 1.26943177747e-05, 7.79458503075e-07, 6.87163094426e-07, 1.0482851394e-05, 2.33872901845e-06, 2.59269814507e-08, 1.00988707175e-07, 8.13700273827e-10, 4.85225082336e-10, 1.0748061996e-08, 2.76487666095e-10, 2.24407714633e-09, 7.00312474677e-09, 1.25318741495e-10, 7.89081820718e-12, 1.61589014738e-12, 1.10758754598e-12, 1.09397148458e-12, 1.0475761968e-12, 1.81349195643e-12],
        "dvar2": [1.35077826702e-09, 4.82198231566e-07, 6.98121738196e-08, 4.58705386563e-07, 7.15613214197e-06, 1.48482729401e-06, 6.95475932844e-07, 2.67938758043e-05, 1.73435250872e-06, 1.90706953163e-06, 2.6643370802e-05, 5.98500355409e-06, 6.62268107021e-08, 3.02355402937e-07, 1.85004189746e-09, 9.59506474274e-10, 2.96469178096e-08, 7.49483974882e-10, 5.84843995455e-09, 1.76929795259e-08, 2.55277660122e-10, 2.30717181471e-11, 2.5472254514e-12, 1.83037894737e-12, 1.86123338963e-12, 1.88645149848e-12, 5.03474779229e-12],
        "max": [0.000336950557539, 0.00226730620489, 0.00139820412733, 0.00248238397762, 0.00990351103246, 0.00782437808812, 0.0100520402193, 0.0562837943435, 0.00553139764816, 0.00572202820331, 0.0228573270142, 0.0113785564899, 0.00165602169, 0.00242007500492, 0.000258964195382, 0.000281842163531, 0.000970282359049, 0.000142944598338, 0.000362577004125, 0.000655447714962, 0.00011126390018, 2.58767613559e-05, 1.30280895974e-05, 1.00904935607e-05, 1.00400075098e-05, 1.1354032722e-05, 1.51863550855e-05],
        "mean": [1.49759043779e-05, 0.000621068815235, 0.000334333191859, 0.0005320807104, 0.00327074667439, 0.0010353452526, 0.00197642063722, 0.00771548645571, 0.00191651366185, 0.00110448047053, 0.00122231978457, 0.000861014530528, 0.00042395220953, 0.000236841573496, 4.4900294597e-05, 8.46208931762e-05, 0.000273508223472, 8.3026206994e-05, 0.000101637175248, 7.01439421391e-05, 4.64832191938e-05, 1.39944704642e-05, 2.69450106316e-06, 1.93232426682e-06, 2.43975705416e-06, 3.57225258085e-06, 1.16315814012e-05],
        "median": [6.92676121616e-06, 0.00051554775564, 0.000298465572996, 0.000419668533141, 0.00273905042559, 0.000606694258749, 0.00110229034908, 0.0035725957714, 0.00159483973403, 0.000886907509994, 0.000276724545984, 0.000506454554852, 0.000288703624392, 0.000139656418469, 3.060976087e-05, 6.90991437295e-05, 0.000267298193648, 8.02713402663e-05, 9.70678884187e-05, 6.24774256721e-05, 4.51252271887e-05, 1.3660973309e-05, 2.25499388762e-06, 1.45066621826e-06, 1.89160300579e-06, 2.95003201245e-06, 1.14720196507e-05],
        "min": [3.02136754726e-07, 1.07788691821e-05, 1.69048107637e-05, 6.72671740176e-06, 5.25834366272e-05, 2.57880128629e-05, 5.54926191398e-05, 3.45279877365e-05, 0.000135392765515, 0.000151229964104, 6.80090961396e-05, 0.000106349827547, 5.48290117877e-05, 2.21610316657e-05, 9.240297004e-06, 1.6104813767e-05, 2.34042490774e-05, 2.81707798422e-05, 4.9047612265e-06, 1.27441680888e-05, 1.64122466231e-05, 6.96097049513e-06, 9.78763864623e-07, 7.99950385044e-07, 9.86277200354e-07, 1.18100615509e-06, 5.91288426222e-06],
        "var": [1.13909315314e-09, 2.05154890409e-07, 4.85504649816e-08, 2.33219935808e-07, 4.99533643961e-06, 1.51335893861e-06, 4.86808221467e-06, 0.000106541556306, 1.27506382341e-06, 8.31528268463e-07, 1.07810756163e-05, 1.48498816088e-06, 1.31242600787e-07, 9.49950518248e-08, 1.72324265968e-09, 2.47443798784e-09, 1.24364216703e-08, 4.05362021727e-10, 1.50137235977e-09, 3.60569218927e-09, 1.3602757809e-10, 1.32351777107e-11, 2.52432710152e-12, 2.01088798391e-12, 2.62878867979e-12, 4.8107845832e-12, 2.30401114854e-12]
    },
    "erbbands": {
        "dmean": [0.00442694779485, 0.116920016706, 0.267358213663, 0.56764537096, 5.6654214859, 6.70625162125, 6.75841283798, 8.63877677917, 5.00132989883, 25.302312851, 52.8779258728, 14.1282749176, 25.3929367065, 23.6820259094, 33.5945358276, 14.1998376846, 5.61342906952, 7.64862298965, 4.16834306717, 0.584022760391, 1.52173388004, 5.6670794487, 1.13714075089, 1.42582392693, 1.50631022453, 1.17140877247, 0.562429249287, 0.381127953529, 0.152395620942, 0.032423608005, 0.0187736339867, 0.0107912821695, 0.00932558160275, 0.00738199334592, 0.00499527854845, 0.00253971084021, 0.00170925515704, 0.000710939988494, 0.000242352194618, 3.3075146348e-05],
        "dmean2": [0.00750135164708, 0.195593997836, 0.428950130939, 0.950974822044, 10.5116043091, 11.1690340042, 12.3736715317, 13.67212677, 7.74030351639, 36.8975028992, 86.8176269531, 22.4271869659, 40.7201156616, 39.5965461731, 51.785320282, 23.629026413, 9.6810874939, 13.360622406, 7.46707487106, 1.01119303703, 2.37018465996, 9.12757110596, 1.90940070152, 2.33987617493, 2.56756687164, 1.96076798439, 0.926715910435, 0.651242613792, 0.26105928421, 0.0550644882023, 0.0305965896696, 0.0166664607823, 0.015401695855, 0.0113858282566, 0.00774314440787, 0.00395365897566, 0.00274373707362, 0.00111974542961, 0.000404536200222, 5.74190307816e-05],
        "dvar": [2.79705545836e-05, 0.0105835050344, 0.0437314361334, 0.257019370794, 24.2527637482, 25.6360034943, 37.3783302307, 117.688209534, 21.4234085083, 933.263061523, 6135.84082031, 266.049499512, 758.324829102, 8666.63183594, 10661.5751953, 1587.04797363, 62.3518714905, 162.224182129, 43.9408340454, 1.30979883671, 1.57171332836, 48.1094779968, 0.683216512203, 2.01431417465, 13.5636110306, 14.1003751755, 0.612268984318, 0.106435723603, 0.0133101958781, 0.0016322756419, 0.00123269273899, 0.000601748586632, 0.000257694511674, 0.000157415735885, 5.67589522689e-05, 1.73322005139e-05, 4.48994478575e-06, 4.75373042264e-07, 3.94521570968e-08, 8.63060456435e-10],
        "dvar2": [7.05326892785e-05, 0.0358672328293, 0.161223784089, 0.809107124805, 76.3254241943, 77.9695205688, 93.8291091919, 236.045440674, 54.6422462463, 1464.82788086, 15719.9091797, 633.613525391, 2216.89819336, 22869.546875, 26609.0078125, 4034.07421875, 153.980331421, 477.734039307, 127.961708069, 2.81217432022, 4.13868522644, 133.746810913, 1.88723134995, 5.37763023376, 35.2627944946, 35.3776702881, 1.27709543705, 0.292972832918, 0.0393896326423, 0.00309509551153, 0.00204494525678, 0.00097955216188, 0.000414246344008, 0.000260445696767, 0.000105319995782, 2.93794419122e-05, 8.12128018879e-06, 1.12858117518e-06, 1.14415499297e-07, 2.21665286126e-09],
        "max": [0.046485774219, 0.575801193714, 1.76068127155, 3.39674067497, 27.1412372589, 37.0534667969, 40.7075881958, 89.2776870728, 50.0004653931, 598.303466797, 1051.1784668, 106.950759888, 178.597335815, 633.685974121, 680.655029297, 294.504882812, 59.9322090149, 88.5023803711, 57.0087776184, 11.4526901245, 16.8243236542, 64.6694412231, 9.03000545502, 12.2305765152, 26.5515022278, 30.2682209015, 7.83390903473, 2.52579259872, 1.00491559505, 0.438935548067, 0.347804367542, 0.231070160866, 0.159010842443, 0.121088244021, 0.0664110705256, 0.039117846638, 0.0220453683287, 0.00853279419243, 0.00218507926911, 0.000337120261975],
        "mean": [0.00546744884923, 0.175526335835, 0.516337990761, 0.836838901043, 6.09372186661, 11.2158021927, 9.66231441498, 11.1124229431, 11.7304973602, 95.1762237549, 164.408309937, 39.9517173767, 47.8733024597, 28.6150302887, 48.3696861267, 29.6771774292, 17.6014499664, 15.6345396042, 8.02259635925, 1.89150571823, 6.26409673691, 16.7448501587, 5.06047344208, 5.66254472733, 4.32508897781, 3.29349374771, 2.07131314278, 1.51383566856, 0.617496967316, 0.131045997143, 0.0747369676828, 0.0417903326452, 0.0332345589995, 0.0272380523384, 0.0177808180451, 0.0106354104355, 0.00736687378958, 0.00348452385515, 0.00135940557811, 0.000239524932113],
        "median": [0.00418752292171, 0.143061369658, 0.452595412731, 0.664474844933, 4.05747032166, 8.88402557373, 6.90286588669, 6.95828580856, 8.66849136353, 48.6998062134, 88.8918457031, 35.7932662964, 38.1377868652, 11.4723024368, 17.050239563, 19.5053863525, 11.279923439, 11.6280822754, 4.96169519424, 1.57162189484, 5.07572937012, 16.1970462799, 4.95549201965, 5.39690351486, 4.05989265442, 2.96290588379, 2.00596094131, 1.49611473083, 0.618502676487, 0.121752791107, 0.0628821849823, 0.0316628850996, 0.0254167895764, 0.0217559169978, 0.0138603430241, 0.00824101269245, 0.00608717417344, 0.00315137463622, 0.00133278837893, 0.000237665764871],
        "min": [0.000205294942134, 0.00295125227422, 0.0163335967809, 0.0424709431827, 0.0912675336003, 0.198906302452, 0.250333338976, 0.200950339437, 0.495092064142, 1.15715479851, 0.579696238041, 2.8447072506, 7.03762149811, 3.79493260384, 3.17208266258, 3.74963259697, 2.59952926636, 1.76749634743, 2.03571438789, 0.680228829384, 0.811087846756, 1.53128695488, 1.51311314106, 0.807071149349, 0.230903670192, 0.645857155323, 0.858113229275, 0.366994738579, 0.295939475298, 0.0667327642441, 0.0295876655728, 0.0155510632321, 0.0127247544006, 0.0113989813253, 0.00727591477334, 0.00275341724046, 0.00233776075765, 0.00185402168427, 0.000824489630759, 8.71354131959e-05],
        "var": [3.15952711389e-05, 0.0157230868936, 0.102292254567, 0.433531850576, 31.3062572479, 63.6074180603, 75.2763366699, 190.319107056, 92.0968475342, 14120.6757812, 39818.6953125, 519.759887695, 1159.69482422, 5619.28369141, 10885.5537109, 1130.26782227, 218.830047607, 170.348083496, 69.9292831421, 2.47472476959, 8.33404636383, 49.8040847778, 1.26811730862, 1.84903204441, 7.4413022995, 7.27422857285, 0.476718485355, 0.119603671134, 0.0189082175493, 0.00287325237878, 0.00193590205163, 0.00103206676431, 0.000507310265675, 0.000343813851941, 0.00014251221728, 6.46675252938e-05, 1.81702653208e-05, 1.66848872141e-06, 6.21511091481e-08, 1.09062969766e-09]
    },
    "gfcc": {
        "mean": [-9.81535720825, 112.66317749, -122.447677612, -12.0751972198, -48.9302406311, -27.3790969849, -12.0449018478, 0.662449240685, -23.4015159607, -1.94545722008, -17.0824375153, -5.92838096619, -15.3076057434],
        "cov": [[223.540176392, 158.68951416, 2.38940691948, -50.0458908081, -33.5403785706, -17.671037674, -16.0084133148, -12.5556001663, 8.05574893951, 25.8805179596, 28.796125412, -17.311788559, -24.7915325165], [158.68951416, 263.425872803, -4.70255231857, -34.9078941345, -21.6032028198, -76.6093063354, 4.97045707703, -36.0204620361, 30.8870735168, 19.5776329041, 34.553817749, -28.0545845032, -31.3083553314], [2.38940691948, -4.70255231857, 126.640052795, 74.848991394, -8.6278219223, -22.5002250671, -40.6585464478, 19.9736557007, 22.2130737305, 20.4427089691, -9.77953910828, -9.53482913971, -27.1489810944], [-50.0458908081, -34.9078941345, 74.848991394, 92.2365875244, 29.1331996918, -11.0026597977, -10.8769741058, 13.5981845856, 7.88864135742, 0.723124206066, -16.5901222229, -5.83408403397, -4.06562519073], [-33.5403785706, -21.6032028198, -8.6278219223, 29.1331996918, 48.9846191406, 26.4780311584, 21.3409023285, 1.27299237251, -8.74506473541, -12.4950532913, -11.2627620697, 0.219273120165, 11.4781103134], [-17.671037674, -76.6093063354, -22.5002250671, -11.0026597977, 26.4780311584, 82.4030456543, 23.4918861389, 12.3352499008, -20.1306934357, -11.988735199, -5.777115345, 11.2037525177, 18.5486240387], [-16.0084133148, 4.97045707703, -40.6585464478, -10.8769741058, 21.3409023285, 23.4918861389, 46.6909675598, 8.77727603912, -1.7887866497, -7.96289682388, 2.9602496624, 4.56842851639, 14.0542554855], [-12.5556001663, -36.0204620361, 19.9736557007, 13.5981845856, 1.27299237251, 12.3352499008, 8.77727603912, 34.7396736145, 14.1593828201, 9.77690029144, -2.3199467659, 2.8386528492, -0.688468158245], [8.05574893951, 30.8870735168, 22.2130737305, 7.88864135742, -8.74506473541, -20.1306934357, -1.7887866497, 14.1593828201, 35.6864128113, 23.4854793549, 9.00608158112, -6.87047767639, -16.0018196106], [25.8805179596, 19.5776329041, 20.4427089691, 0.723124206066, -12.4950532913, -11.988735199, -7.96289682388, 9.77690029144, 23.4854793549, 28.6117420197, 13.9057035446, -1.6293669939, -14.605017662], [28.796125412, 34.553817749, -9.77953910828, -16.5901222229, -11.2627620697, -5.777115345, 2.9602496624, -2.3199467659, 9.00608158112, 13.9057035446, 27.2292747498, 9.51390743256, 1.25458014011], [-17.311788559, -28.0545845032, -9.53482913971, -5.83408403397, 0.219273120165, 11.2037525177, 4.56842851639, 2.8386528492, -6.87047767639, -1.6293669939, 9.51390743256, 24.6145992279, 17.7989826202], [-24.7915325165, -31.3083553314, -27.1489810944, -4.06562519073, 11.4781103134, 18.5486240387, 14.0542554855, -0.688468158245, -16.0018196106, -14.605017662, 1.25458014011, 17.7989826202, 32.8238754272]],
        "icov": [[0.0228775832802, -0.0263485722244, 0.0124202398583, -0.0075169489719, 0.0114474212751, -0.0196862276644, 0.0254954658449, -0.0276107471436, 0.0322678871453, -0.0290680583566, 0.00848011020571, 0.000826518749818, -0.000860361207742], [-0.0263485722244, 0.0502986498177, -0.0376059487462, 0.0348148010671, -0.0310128964484, 0.0423345454037, -0.0486489124596, 0.0498082526028, -0.042838845402, 0.0421764478087, -0.038794696331, 0.0259468592703, -0.00462479284033], [0.0124202398583, -0.0376059487462, 0.0764924362302, -0.072562277317, 0.048098102212, -0.0431602932513, 0.0549551136792, -0.0439131706953, 0.0191701948643, -0.0281657297164, 0.0393460057676, -0.0392041504383, 0.027478415519], [-0.0075169489719, 0.0348148010671, -0.072562277317, 0.0954700037837, -0.0712892860174, 0.0504589788616, -0.0348154045641, 0.0241719074547, -0.0146867837757, 0.0235583931208, -0.0374662913382, 0.0413661785424, -0.0265098903328], [0.0114474212751, -0.0310128964484, 0.048098102212, -0.0712892860174, 0.0920838043094, -0.0497550852597, 0.0103532252833, -0.00907790474594, 0.0135644637048, -0.0259456988424, 0.0441429577768, -0.0259315539151, 0.00875252950937], [-0.0196862276644, 0.0423345454037, -0.0431602932513, 0.0504589788616, -0.0497550852597, 0.0641598701477, -0.0445492714643, 0.0253325682133, -0.0130768688396, 0.0267238281667, -0.0353051759303, 0.0252338889986, -0.0100070126355], [0.0254954658449, -0.0486489124596, 0.0549551136792, -0.0348154045641, 0.0103532252833, -0.0445492714643, 0.104104705155, -0.0736226886511, 0.0275892484933, -0.0178618244827, 0.0166190043092, -0.0179448220879, 0.0040284707211], [-0.0276107471436, 0.0498082526028, -0.0439131706953, 0.0241719074547, -0.00907790474594, 0.0253325682133, -0.0736226886511, 0.11724037677, -0.0704270079732, 0.0227816924453, -0.00582586228848, 0.00741758337244, -0.0118276877329], [0.0322678871453, -0.042838845402, 0.0191701948643, -0.0146867837757, 0.0135644637048, -0.0130768688396, 0.0275892484933, -0.0704270079732, 0.141418620944, -0.0998538956046, 0.0120223667473, 0.0114165656269, 0.00476569030434], [-0.0290680583566, 0.0421764478087, -0.0281657297164, 0.0235583931208, -0.0259456988424, 0.0267238281667, -0.0178618244827, 0.0227816924453, -0.0998538956046, 0.174830496311, -0.0784551128745, 0.00307050719857, 0.0304386205971], [0.00848011020571, -0.038794696331, 0.0393460057676, -0.0374662913382, 0.0441429577768, -0.0353051759303, 0.0166190043092, -0.00582586228848, 0.0120223667473, -0.0784551128745, 0.138902753592, -0.0746690407395, 0.000713892572094], [0.000826518749818, 0.0259468592703, -0.0392041504383, 0.0413661785424, -0.0259315539151, 0.0252338889986, -0.0179448220879, 0.00741758337244, 0.0114165656269, 0.00307050719857, -0.0746690407395, 0.133699163795, -0.0619954317808], [-0.000860361207742, -0.00462479284033, 0.027478415519, -0.0265098903328, 0.00875252950937, -0.0100070126355, 0.0040284707211, -0.0118276877329, 0.00476569030434, 0.0304386205971, 0.000713892572094, -0.0619954317808, 0.094927161932]]
    },
    "melbands": {
        "dmean": [7.95183732407e-05, 0.000150364838191, 0.000270796532277, 0.000344505038811, 0.000315361830872, 0.000170391125721, 7.51994521124e-05, 0.000343041931046, 0.000402648031013, 9.50056128204e-05, 0.00012563195196, 9.18919904507e-05, 0.000132903718622, 6.5134910983e-05, 1.67777543538e-05, 1.67091984622e-05, 1.47669888975e-05, 9.42678252613e-06, 7.33279989618e-07, 1.17417062029e-06, 2.2235749384e-06, 6.36113645669e-06, 2.71825410891e-06, 9.41026030432e-07, 1.27420696572e-06, 1.42148712712e-06, 1.31304466322e-06, 7.11058078195e-07, 3.99854314992e-07, 4.12893115254e-07, 2.35259321357e-07, 1.24199829088e-07, 4.08440108401e-08, 1.65330877877e-08, 1.31382700275e-08, 9.94307836066e-09, 6.80883349702e-09, 7.64429408662e-09, 7.37398675454e-09, 7.43550687687e-09],
        "dmean2": [0.000132359768031, 0.000245973758865, 0.000481646769913, 0.000634490570519, 0.000566261529457, 0.000270370772341, 0.000115006128908, 0.000536542327609, 0.000645638152491, 0.000149309911649, 0.000202023962629, 0.000155193381943, 0.0002083213476, 0.0001068110505, 2.85533569695e-05, 2.73511177511e-05, 2.62185694737e-05, 1.69412433024e-05, 1.19911885577e-06, 2.04345451493e-06, 3.54557528226e-06, 1.0293339983e-05, 4.47482671007e-06, 1.62301898854e-06, 2.09695372178e-06, 2.35374909607e-06, 2.18934792429e-06, 1.20037623219e-06, 6.71532973229e-07, 6.75063688504e-07, 4.14484475186e-07, 2.116149318e-07, 6.8056131397e-08, 2.60978350042e-08, 2.10505444187e-08, 1.53672505832e-08, 1.06928776944e-08, 1.26850148163e-08, 1.1776966069e-08, 1.21195551372e-08],
        "dvar": [5.68774449761e-09, 1.41394425057e-08, 6.12830959312e-08, 6.75374351999e-08, 7.07899516783e-08, 4.54541044803e-08, 5.33784749734e-09, 2.07958876786e-07, 2.85410834522e-07, 1.11319913287e-08, 1.80473662681e-08, 1.27053084498e-07, 1.72099802853e-07, 4.55920527997e-08, 5.78307957078e-10, 2.35998665055e-10, 7.43734851483e-10, 2.61882571184e-10, 1.39319773166e-12, 2.00859684787e-12, 3.43898932768e-12, 5.37303500303e-11, 6.82498025109e-12, 4.98058896643e-13, 1.403536792e-12, 4.66064686844e-12, 1.61215676225e-11, 4.21671768683e-12, 2.79016528848e-13, 1.25833859391e-13, 3.41552856148e-14, 8.41276172532e-15, 1.33315881409e-15, 5.38688866954e-16, 4.83333834483e-16, 2.87895010887e-16, 2.18144004968e-16, 1.39144444821e-16, 1.22150263982e-16, 1.23312697588e-16],
        "dvar2": [1.81637478391e-08, 4.98347603184e-08, 1.96473223468e-07, 1.92124318232e-07, 1.92981886471e-07, 8.63286544472e-08, 1.22318848383e-08, 3.19371423529e-07, 7.50322328713e-07, 2.83002012935e-08, 5.215533605e-08, 3.36892952646e-07, 4.23882056566e-07, 1.18045271336e-07, 1.35320610273e-09, 6.18395057383e-10, 2.2123216592e-09, 7.91170073899e-10, 2.59995779246e-12, 3.88483602926e-12, 8.44599130218e-12, 1.49460180343e-10, 1.91016195916e-11, 1.36204155593e-12, 3.8556510415e-12, 1.16870541023e-11, 4.25876417465e-11, 1.0402552951e-11, 6.16888051058e-13, 3.38810902077e-13, 9.5899010304e-14, 2.51908005089e-14, 3.62516633601e-15, 9.80453553699e-16, 9.00338212933e-16, 4.57908975901e-16, 3.99887589591e-16, 2.49447576607e-16, 1.99331959075e-16, 2.20002699657e-16],
        "max": [0.000544739305042, 0.000889921037015, 0.00146543199662, 0.00197400804609, 0.00164945819415, 0.00178218819201, 0.000954130780883, 0.00826832279563, 0.00714050419629, 0.000646563945338, 0.000875685131177, 0.00241315527819, 0.00291674025357, 0.00150857947301, 0.00019668522873, 0.000180658622412, 0.000185631099157, 0.000139214011142, 1.20097811305e-05, 1.42905209941e-05, 2.33069276874e-05, 6.7076041887e-05, 2.59707576333e-05, 5.73680699745e-06, 9.80638651527e-06, 1.67106427398e-05, 2.79564701486e-05, 1.71479150595e-05, 5.12223368787e-06, 2.52659469879e-06, 1.48635922415e-06, 7.63566731621e-07, 2.85452159687e-07, 2.39106697109e-07, 2.10030350445e-07, 1.64414458936e-07, 1.31649301238e-07, 1.10295829359e-07, 1.1025711899e-07, 9.9410883081e-08],
        "mean": [0.000108226078737, 0.000271385622909, 0.000316796678817, 0.000599041755777, 0.000429808394983, 0.000231290003285, 0.000214543790207, 0.00119507103227, 0.00124645035248, 0.000202117793378, 0.000237663916778, 0.00010968602146, 0.000182190429769, 0.00010542243399, 4.15915310441e-05, 4.44128854724e-05, 2.71419303317e-05, 1.62878386618e-05, 1.90156265489e-06, 3.52439064955e-06, 7.97776920081e-06, 1.880914715e-05, 7.98294331616e-06, 3.37489495905e-06, 4.76646891912e-06, 4.12683175455e-06, 2.74898116004e-06, 1.93940741156e-06, 1.21707978451e-06, 1.23387303574e-06, 7.75215937665e-07, 4.16615137055e-07, 1.18367950108e-07, 5.2115566973e-08, 4.47808403692e-08, 3.23054862861e-08, 2.26788134938e-08, 2.31774510695e-08, 2.20820055574e-08, 2.35499086898e-08],
        "median": [8.50101350807e-05, 0.000233058104641, 0.000227556549362, 0.000515328662004, 0.000314157106914, 0.000142128803418, 0.00015011036885, 0.000626644934528, 0.000774789310526, 0.000173155480297, 0.000191597035155, 4.15086105932e-05, 4.97607470606e-05, 5.22529517184e-05, 3.57356620952e-05, 2.87894599751e-05, 1.99278347282e-05, 9.30720216274e-06, 1.36288144859e-06, 3.26034751197e-06, 6.00760631642e-06, 1.83499450941e-05, 7.56065128371e-06, 3.34643664246e-06, 4.54385008197e-06, 3.87519821743e-06, 2.4270088943e-06, 1.75038121597e-06, 1.19347930649e-06, 1.17790750664e-06, 7.71483769313e-07, 4.03569856644e-07, 1.06976116854e-07, 4.45006627103e-08, 3.89250836008e-08, 2.45981173208e-08, 1.69116987081e-08, 1.77829111436e-08, 1.69297269537e-08, 1.72275793631e-08],
        "min": [2.42168107434e-06, 7.09228106643e-06, 8.46563216328e-06, 1.03829906948e-05, 9.18259866012e-06, 4.55389317722e-06, 8.75814566825e-06, 1.2130795767e-05, 3.76542993763e-06, 2.09508907574e-05, 3.22389460052e-05, 1.19619799079e-05, 9.95409754978e-06, 1.14163067337e-05, 6.76329000271e-06, 5.29495355295e-06, 2.34457297665e-06, 3.14647058985e-06, 4.32564576158e-07, 1.17225397389e-06, 8.2314983274e-07, 1.45104911553e-06, 1.44945568081e-06, 1.40477811783e-06, 5.81490724016e-07, 1.20602933862e-07, 2.20008487872e-07, 4.72727236911e-07, 3.73021890709e-07, 3.96806257186e-07, 1.31826624283e-07, 1.7876544689e-07, 4.11981169179e-08, 1.90693754121e-08, 1.52592338765e-08, 1.05421271712e-08, 8.51295567372e-09, 7.18156600854e-09, 7.60841700753e-09, 9.72859126591e-09],
        "var": [7.49754303087e-09, 2.97449975761e-08, 8.20425398729e-08, 1.51685526362e-07, 1.30572658463e-07, 7.66604344449e-08, 4.02221900231e-08, 2.49539789365e-06, 1.81193331628e-06, 1.49974379582e-08, 2.85402830258e-08, 8.13842078173e-08, 1.98569082954e-07, 2.87192332138e-08, 8.73647598709e-10, 1.60797852811e-09, 6.59225174449e-10, 3.56993434814e-10, 4.14673373764e-12, 3.64949433521e-12, 2.08530016171e-11, 5.81207235117e-11, 9.14522103879e-12, 6.77448440227e-13, 1.39011773013e-12, 3.13097182729e-12, 8.57167028329e-12, 2.24362238857e-12, 2.19949790803e-13, 1.55918762059e-13, 4.50274854295e-14, 1.26353471753e-14, 2.17410275912e-15, 8.80126153927e-16, 7.14469432273e-16, 5.32789970691e-16, 3.48075642999e-16, 2.6532200636e-16, 2.38610292972e-16, 2.71785900068e-16]
    },
    "mfcc": {
        "mean": [-662.778503418, 170.574554443, -28.3785228729, 23.0155296326, -26.1646823883, -13.703836441, 3.67970466614, -2.77735543251, 1.64197289944, -8.08522605896, 6.53445863724, 7.26332521439, -8.56513595581],
        "cov": [[216.293075562, 146.93699646, -0.974227070808, -33.0708656311, -25.7753734589, -13.8025693893, -11.3459272385, -34.8513298035, -34.6000099182, 10.0989179611, 9.33680820465, 27.6337242126, 22.7428340912], [146.93699646, 230.635971069, -6.74200201035, 18.4126834869, -41.5232276917, -27.7090091705, -34.2210464478, -47.5164871216, -31.2964878082, -8.33068370819, 34.3417358398, 49.0738487244, 18.9012260437], [-0.974227070808, -6.74200201035, 122.454574585, 56.0108985901, 32.1432342529, -20.3524093628, -39.4462013245, -17.9602546692, -10.1830034256, 11.2506971359, 29.7110309601, 27.4429988861, 0.302397608757], [-33.0708656311, 18.4126834869, 56.0108985901, 113.312225342, 27.0005378723, -16.4876651764, -25.4368686676, -13.6236963272, 5.08997631073, -1.0624986887, 31.0378742218, 15.5331792831, -11.1554088593], [-25.7753734589, -41.5232276917, 32.1432342529, 27.0005378723, 43.6737480164, 15.4615306854, 1.53571093082, 5.91405677795, 6.1265630722, 7.89624786377, 2.18878388405, -8.02562141418, -12.5773773193], [-13.8025693893, -27.7090091705, -20.3524093628, -16.4876651764, 15.4615306854, 39.3796005249, 29.0641002655, 17.6088314056, 7.01430368423, 2.82089495659, -13.3045787811, -19.4123191833, -9.19251823425], [-11.3459272385, -34.2210464478, -39.4462013245, -25.4368686676, 1.53571093082, 29.0641002655, 52.4015655518, 31.8827495575, 17.7850589752, 1.83013868332, -22.8255500793, -27.2660827637, -5.64757871628], [-34.8513298035, -47.5164871216, -17.9602546692, -13.6236963272, 5.91405677795, 17.6088314056, 31.8827495575, 36.3660163879, 21.0861549377, 5.0846452713, -14.9627113342, -20.1111278534, -4.92893695831], [-34.6000099182, -31.2964878082, -10.1830034256, 5.08997631073, 6.1265630722, 7.01430368423, 17.7850589752, 21.0861549377, 31.1022281647, 10.4268350601, 0.244121626019, -11.2120256424, -7.68759775162], [10.0989179611, -8.33068370819, 11.2506971359, -1.0624986887, 7.89624786377, 2.82089495659, 1.83013868332, 5.0846452713, 10.4268350601, 24.9327125549, 10.5822877884, 4.74290895462, -0.0360781997442], [9.33680820465, 34.3417358398, 29.7110309601, 31.0378742218, 2.18878388405, -13.3045787811, -22.8255500793, -14.9627113342, 0.244121626019, 10.5822877884, 42.7500228882, 33.270816803, 6.57440423965], [27.6337242126, 49.0738487244, 27.4429988861, 15.5331792831, -8.02562141418, -19.4123191833, -27.2660827637, -20.1111278534, -11.2120256424, 4.74290895462, 33.270816803, 52.3970451355, 22.8691139221], [22.7428340912, 18.9012260437, 0.302397608757, -11.1554088593, -12.5773773193, -9.19251823425, -5.64757871628, -4.92893695831, -7.68759775162, -0.0360781997442, 6.57440423965, 22.8691139221, 30.5903377533]],
