{
"lowlevel": {
    "average_loudness": 0.968407690525,
    "barkbands_crest": {
        "dmean": 2.64301514626,
        "dmean2": 4.19826793671,
        "dvar": 9.87911224365,
        "dvar2": 24.5693798065,
        "max": 26.3094348907,
        "mean": 14.9259967804,
        "median": 13.2712459564,
        "min": 4.13959789276,
        "var": 41.2959823608
    },
    "barkbands_flatness_db": {
        "dmean": 0.0319170877337,
        "dmean2": 0.0483574345708,
        "dvar": 0.00179145112634,
        "dvar2": 0.00414903694764,
        "max": 0.435651928186,
        "mean": 0.275932729244,
        "median": 0.263224482536,
        "min": 0.126102998853,
        "var": 0.00563031015918
    },
    "barkbands_kurtosis": {
        "dmean": 9.8798456192,
        "dmean2": 16.3212013245,
        "dvar": 368.079772949,
        "dvar2": 721.356201172,
        "max": 205.873565674,
        "mean": 26.0705013275,
        "median": 5.8641242981,
        "min": -0.554856777191,
        "var": 2065.89819336
    },
    "barkbands_skewness": {
        "dmean": 0.697403967381,
        "dmean2": 1.05869829655,
        "dvar": 0.543546676636,
        "dvar2": 1.21771264076,
        "max": 11.7934017181,
        "mean": 2.73712539673,
        "median": 1.6837054491,
        "min": -3.975481987,
        "var": 6.798163414
    },
    "barkbands_spread": {
        "dmean": 1.60648310184,
        "dmean2": 2.5793159008,
        "dvar": 4.91689443588,
        "dvar2": 12.2249507904,
        "max": 16.5230522156,
        "mean": 4.61402606964,
        "median": 4.35060834885,
        "min": 0.229804649949,
        "var": 10.8999910355
    },
    "dissonance": {
        "dmean": 0.033476524055,
        "dmean2": 0.0587625093758,
        "dvar": 0.00150389480405,
        "dvar2": 0.00409830594435,
        "max": 0.499999940395,
        "mean": 0.435987710953,
        "median": 0.452161043882,
        "min": 0.22192530334,
        "var": 0.00307722156867
    },
    "dynamic_complexity": 11.1832094193,
    "erbbands_crest": {
        "dmean": 2.81865620613,
        "dmean2": 4.47424983978,
        "dvar": 9.33786678314,
        "dvar2": 21.4901390076,
        "max": 28.427482605,
        "mean": 14.1216688156,
        "median": 13.3460578918,
        "min": 4.81248760223,
        "var": 33.3412704468
    },
    "erbbands_flatness_db": {
        "dmean": 0.0293791908771,
        "dmean2": 0.0449661575258,
        "dvar": 0.00164204312023,
        "dvar2": 0.00362005480565,
        "max": 0.501573443413,
        "mean": 0.311957776546,
        "median": 0.311164259911,
        "min": 0.194485142827,
        "var": 0.00287530384958
    },
    "erbbands_kurtosis": {
        "dmean": 3.80825328827,
        "dmean2": 6.11492967606,
        "dvar": 50.9981765747,
        "dvar2": 101.115936279,
        "max": 58.1051826477,
        "mean": 7.50660181046,
        "median": 2.62137818336,
        "min": -1.13381659985,
        "var": 140.29850769
    },
    "erbbands_skewness": {
        "dmean": 0.504673779011,
        "dmean2": 0.779175817966,
        "dvar": 0.233844131231,
        "dvar2": 0.46860909462,
        "max": 5.51941585541,
        "mean": 1.67005705833,
        "median": 1.28524243832,
        "min": -0.227376937866,
        "var": 1.63331723213
    },
    "erbbands_spread": {
        "dmean": 3.17944359779,
        "dmean2": 4.98794317245,
        "dvar": 15.7351121902,
        "dvar2": 36.4895820618,
        "max": 33.0389480591,
        "mean": 11.9097900391,
        "median": 11.4287338257,
        "min": 0.590601027012,
        "var": 41.4932250977
    },
    "hfc": {
        "dmean": 2.37933206558,
        "dmean2": 4.00168943405,
        "dvar": 29.6733341217,
        "dvar2": 70.9802856445,
        "max": 45.4496803284,
        "mean": 12.2873783112,
        "median": 1.12414932251,
        "min": 0.00653201062232,
        "var": 224.92288208
    },
    "melbands_crest": {
        "dmean": 2.99217605591,
        "dmean2": 4.7439160347,
        "dvar": 10.5139274597,
        "dvar2": 25.9525108337,
        "max": 25.942697525,
        "mean": 15.053686142,
        "median": 14.7474079132,
        "min": 5.42618894577,
        "var": 25.4908256531
    },
    "melbands_flatness_db": {
        "dmean": 0.0333898626268,
        "dmean2": 0.051005423069,
        "dvar": 0.00205508363433,
        "dvar2": 0.00501216622069,
        "max": 0.525360405445,
        "mean": 0.344115942717,
        "median": 0.309239149094,
        "min": 0.181232944131,
        "var": 0.00820412486792
    },
    "melbands_kurtosis": {
        "dmean": 6.28004455566,
        "dmean2": 10.0976667404,
        "dvar": 79.7417068481,
        "dvar2": 180.975616455,
        "max": 124.444793701,
        "mean": 16.5295848846,
        "median": 6.97308731079,
        "min": 0.0794730186462,
        "var": 436.152770996
    },
    "melbands_skewness": {
        "dmean": 0.586185693741,
        "dmean2": 0.853800356388,
        "dvar": 0.355512112379,
        "dvar2": 0.783611536026,
        "max": 6.64985322952,
        "mean": 2.11333537102,
        "median": 1.73208093643,
        "min": -3.39760136604,
        "var": 2.62244701385
    },
    "melbands_spread": {
        "dmean": 2.43128633499,
        "dmean2": 3.90592360497,
        "dvar": 9.86487388611,
        "dvar2": 25.1874389648,
        "max": 24.6366710663,
        "mean": 6.7969827652,
        "median": 6.4612531662,
        "min": 0.677347421646,
        "var": 22.7152824402
    },
    "pitch_salience": {
        "dmean": 0.0757407695055,
        "dmean2": 0.124888323247,
        "dvar": 0.00893057323992,
        "dvar2": 0.0219798758626,
        "max": 0.917692244053,
        "mean": 0.567584276199,
        "median": 0.662484526634,
        "min": 0.102847836912,
        "var": 0.0398129224777
    },
    "silence_rate_20dB": {
        "dmean": 0,
        "dmean2": 0,
        "dvar": 0,
        "dvar2": 0,
        "max": 1,
        "mean": 1,
        "median": 1,
        "min": 1,
        "var": 0
    },
    "silence_rate_30dB": {
        "dmean": 0,
        "dmean2": 0,
        "dvar": 0,
        "dvar2": 0,
        "max": 1,
        "mean": 1,
        "median": 1,
        "min": 1,
        "var": 0
    },
    "silence_rate_60dB": {
        "dmean": 0.0314465425909,
        "dmean2": 0.0632911399007,
        "dvar": 0.0304577033967,
        "dvar2": 0.0592853873968,
        "max": 1,
        "mean": 0.487500011921,
        "median": 0,
        "min": 0,
        "var": 0.249843746424
    },
    "spectral_centroid": {
        "dmean": 78.499671936,
        "dmean2": 128.492034912,
        "dvar": 16493.8105469,
        "dvar2": 43912.203125,
        "max": 1459.79785156,
        "mean": 647.222351074,
        "median": 703.886474609,
        "min": 266.859039307,
        "var": 83864.109375
    },
    "spectral_complexity": {
        "dmean": 2.05031442642,
        "dmean2": 3.39240503311,
        "dvar": 8.75217056274,
        "dvar2": 17.7827033997,
        "max": 35,
        "mean": 10.1000003815,
        "median": 3,
        "min": 0,
        "var": 119.327560425
    },
    "spectral_decrease": {
        "dmean": 8.69404270798e-10,
        "dmean2": 1.41203337911e-09,
        "dvar": 2.78803190015e-18,
        "dvar2": 6.3394952574e-18,
        "max": -1.61892060088e-12,
        "mean": -4.90335860803e-09,
        "median": -7.30940752369e-10,
        "min": -1.5569113998e-08,
        "var": 3.00915138131e-17
    },
    "spectral_energy": {
        "dmean": 0.00347226858139,
        "dmean2": 0.00565838487819,
        "dvar": 4.55186673207e-05,
        "dvar2": 0.000103516314994,
        "max": 0.0625680834055,
        "mean": 0.0196208767593,
        "median": 0.00290518300608,
        "min": 6.70265080771e-06,
        "var": 0.000484945398057
    },
    "spectral_energyband_high": {
        "dmean": 9.67138112173e-06,
        "dmean2": 1.45860221892e-05,
        "dvar": 4.4651390918e-10,
        "dvar2": 1.01445973844e-09,
        "max": 0.000287860893877,
        "mean": 2.17971810343e-05,
        "median": 3.17847593578e-07,
        "min": 5.05977126863e-08,
        "var": 2.16606155234e-09
    },
    "spectral_energyband_low": {
        "dmean": 3.89017586713e-05,
        "dmean2": 5.61106062378e-05,
        "dvar": 1.90204278994e-08,
        "dvar2": 2.32384671506e-08,
        "max": 0.00230089994147,
        "mean": 8.52843659231e-05,
        "median": 6.54273571854e-06,
        "min": 2.52959146962e-08,
        "var": 6.22228384373e-08
    },
    "spectral_energyband_middle_high": {
        "dmean": 0.00179483811371,
        "dmean2": 0.00293636741117,
        "dvar": 2.07734283322e-05,
        "dvar2": 5.41543195141e-05,
        "max": 0.0342669598758,
        "mean": 0.00409186910838,
        "median": 0.000125840015244,
        "min": 1.44002535762e-06,
        "var": 3.77506730729e-05
    },
    "spectral_energyband_middle_low": {
        "dmean": 0.00293393968605,
        "dmean2": 0.004683483392,
        "dvar": 2.4554448828e-05,
        "dvar2": 5.40095425094e-05,
        "max": 0.0521313026547,
        "mean": 0.0156255252659,
        "median": 0.00253522908315,
        "min": 3.94218977817e-06,
        "var": 0.000314853648888
    },
    "spectral_entropy": {
        "dmean": 0.225821390748,
        "dmean2": 0.362090289593,
        "dvar": 0.0867373421788,
        "dvar2": 0.196485772729,
        "max": 7.58392477036,
        "mean": 6.574903965,
        "median": 6.81381797791,
        "min": 4.98525047302,
        "var": 0.429515600204
    },
    "spectral_flux": {
        "dmean": 0.0140350162983,
        "dmean2": 0.0238293521106,
        "dvar": 0.000656490738038,
        "dvar2": 0.00133638444822,
        "max": 0.204225301743,
        "mean": 0.0488686300814,
        "median": 0.0234118942171,
        "min": 0.00182779110037,
        "var": 0.00267322873697
    },
    "spectral_kurtosis": {
        "dmean": 10.7086820602,
        "dmean2": 18.2481651306,
        "dvar": 130.377761841,
        "dvar2": 401.825042725,
        "max": 72.477684021,
        "mean": 20.1617107391,
        "median": 17.2842197418,
        "min": 2.41508245468,
        "var": 164.033477783
    },
    "spectral_rms": {
        "dmean": 0.000415276561398,
        "dmean2": 0.000663407030515,
        "dvar": 7.21240098756e-07,
        "dvar2": 1.59651949616e-06,
        "max": 0.00781293958426,
        "mean": 0.00324462912977,
        "median": 0.0016834003618,
        "min": 8.08651457191e-05,
        "var": 8.61470653035e-06
    },
    "spectral_rolloff": {
        "dmean": 111.728881836,
        "dmean2": 191.209396362,
        "dvar": 21423.5195312,
        "dvar2": 55068.359375,
        "max": 1658.05664062,
        "mean": 713.017700195,
        "median": 829.028320312,
        "min": 258.3984375,
        "var": 91188.234375
    },
    "spectral_skewness": {
        "dmean": 0.811680912971,
        "dmean2": 1.40618979931,
        "dvar": 0.68197375536,
        "dvar2": 2.14217782021,
        "max": 6.50978899002,
        "mean": 2.92743110657,
        "median": 2.88081789017,
        "min": 1.1538079977,
        "var": 1.08444964886
    },
    "spectral_spread": {
        "dmean": 452072.40625,
        "dmean2": 761146.4375,
        "dvar": 977870061568,
        "dvar2": 1.38923029299e+12,
        "max": 12677392,
        "mean": 2114793.5,
        "median": 2039496.125,
        "min": 662589.5625,
        "var": 957986242560
    },
    "spectral_strongpeak": {
        "dmean": 0.335745930672,
        "dmean2": 0.577803254128,
        "dvar": 0.207499742508,
        "dvar2": 0.563887178898,
        "max": 3.80645108223,
        "mean": 1.04614686966,
        "median": 0.540203213692,
        "min": 0.00509718293324,
        "var": 1.23303198814
    },
    "zerocrossingrate": {
        "dmean": 0.00269015319645,
        "dmean2": 0.00331907626241,
        "dvar": 9.91422166408e-06,
        "dvar2": 1.30760781758e-05,
        "max": 0.056640625,
        "mean": 0.0264556892216,
        "median": 0.02587890625,
        "min": 0.00732421875,
        "var": 0.000144075995195
    },
    "barkbands": {
        "dmean": [1.58335888045e-06, 6.54661198496e-06, 9.76271167019e-06, 0.000116357659863, 0.000973623245955, 0.000794050924014, 0.00204661069438, 0.00109156721737, 0.00145398208406, 0.00135557039175, 0.000633156858385, 0.000277788378298, 0.000337362987921, 4.43591598014e-05, 2.87024922727e-05, 6.74870534567e-05, 0.000120566641272, 5.64009351365e-05, 3.10539617203e-05, 1.00439756352e-05, 4.12512872572e-06, 1.56769226578e-06, 4.47830615258e-07, 1.51673333448e-07, 7.72564661133e-08, 3.03211180608e-08, 1.14000453522e-08],
        "dmean2": [2.17305364458e-06, 9.64029732131e-06, 1.48304989125e-05, 0.000164679891896, 0.00154676462989, 0.00112356687896, 0.00277824653313, 0.00163314631209, 0.0023491026368, 0.00236599845812, 0.00100467342418, 0.000483348441776, 0.000588054885156, 7.30011306587e-05, 4.91298924317e-05, 0.000114558417408, 0.000213991690543, 0.00010181851394, 5.22148729942e-05, 1.66899717442e-05, 6.91869900038e-06, 2.61664717982e-06, 6.3122638494e-07, 2.5184871788e-07, 1.03961866671e-07, 4.31318838423e-08, 1.32292594657e-08],
        "dvar": [1.09322315089e-10, 7.06380343107e-10, 2.3613817568e-09, 1.2364220936e-07, 5.00173655382e-06, 3.67300140169e-06, 1.25414098875e-05, 8.17230102257e-06, 7.79270067142e-06, 1.21805333038e-05, 2.80408539766e-06, 4.40829325044e-07, 8.10334938706e-07, 7.63897034517e-09, 3.32682392745e-09, 2.29903651672e-08, 1.07788864057e-07, 1.81510895203e-08, 6.30172580784e-09, 3.86550624842e-10, 9.772068571e-11, 2.19096754628e-11, 1.43593622236e-12, 1.73607493398e-13, 4.14725728531e-14, 1.21908319079e-14, 9.91262583491e-15],
        "dvar2": [1.14358522652e-10, 8.88813578293e-10, 2.6511428608e-09, 2.33458237631e-07, 1.29391564769e-05, 7.77131026553e-06, 1.87840305443e-05, 1.71528863575e-05, 1.75455443241e-05, 3.19589562423e-05, 6.74832381264e-06, 1.26422389712e-06, 2.33018567997e-06, 1.75615539888e-08, 9.53731404962e-09, 6.54514948906e-08, 3.13377483963e-07, 5.09135524851e-08, 1.78250214589e-08, 1.03623143399e-09, 2.3455043463e-10, 4.39396262431e-11, 2.38868647084e-12, 3.46656703993e-13, 6.83144675811e-14, 1.61457744283e-14, 1.00332348563e-14],
        "max": [0.000131623703055, 0.00033487327164, 0.000612235977314, 0.00619662925601, 0.0244448967278, 0.0212071612477, 0.0290111899376, 0.0362607315183, 0.0267427880317, 0.0241133980453, 0.0160575546324, 0.00607790891081, 0.00652085617185, 0.000810561410617, 0.000623792235274, 0.00127713219263, 0.0029701013118, 0.00132997101173, 0.00064727285644, 0.00020233442774, 0.00013108276471, 6.60774894641e-05, 1.7707603547e-05, 4.7581365834e-06, 2.86968861474e-06, 1.17685453915e-06, 1.26420786728e-06],
        "mean": [1.69860652477e-06, 7.42623069527e-06, 1.04896289486e-05, 0.000402406556532, 0.00302064209245, 0.00158760161139, 0.00450027827173, 0.00164952222258, 0.00415057549253, 0.00185035937466, 0.000793213781435, 0.000474057538668, 0.000529309734702, 9.27359651541e-05, 5.42356683582e-05, 0.000111948334961, 0.000196713532205, 0.000100274781289, 5.38887397852e-05, 2.01518923859e-05, 9.09917253011e-06, 2.97251835946e-06, 8.05089996447e-07, 2.88948115212e-07, 1.34009809472e-07, 5.78844563393e-08, 2.12031245894e-08],
        "median": [4.24396446874e-08, 6.13818542661e-07, 8.6460431703e-07, 7.88973102317e-06, 0.00125033035874, 0.00023813493317, 4.18076233473e-05, 7.4655712524e-05, 3.25943619828e-05, 9.09317168407e-05, 1.83222036867e-05, 2.39196242546e-06, 1.44356454257e-06, 1.02532726487e-06, 6.03205535299e-07, 7.39455344956e-07, 1.25293195197e-06, 7.80262041644e-07, 6.48747800369e-07, 3.14057871265e-07, 1.18025354823e-07, 3.37968941722e-08, 3.01434810446e-09, 2.39177988526e-09, 2.65644106712e-09, 2.91281354592e-09, 8.56367243784e-09],
        "min": [2.71119654505e-10, 9.08865371851e-10, 6.17586959351e-09, 7.50330819699e-09, 1.81229410146e-07, 3.28075770994e-07, 3.3996823845e-07, 8.35260493659e-07, 2.99866428577e-07, 3.82456448733e-07, 1.90860816929e-07, 3.71771768926e-08, 3.43786297208e-08, 2.3711615782e-08, 1.04669837242e-08, 1.5905449402e-08, 3.47245716625e-08, 4.06287767873e-08, 4.73948134072e-08, 2.14158379919e-08, 1.74790653062e-08, 5.79886760832e-09, 6.5224697865e-10, 5.1004594992e-10, 5.51924284053e-10, 3.48990392141e-10, 3.03183544936e-09],
        "var": [1.09093435674e-10, 7.54689810645e-10, 2.40472486368e-09, 1.55565180648e-06, 2.57168430835e-05, 6.98005760569e-06, 5.17168664373e-05, 1.40281936183e-05, 4.68378093501e-05, 1.24442667584e-05, 3.2555785765e-06, 6.26110136182e-07, 1.09271252313e-06, 2.16645581474e-08, 8.941610119e-09, 4.1088849656e-08, 1.36165581921e-07, 4.097211459e-08, 1.1920159082e-08, 1.41412415111e-09, 4.11238099129e-10, 7.43153039107e-11, 5.52233866274e-12, 5.57257961564e-13, 1.25911894843e-13, 2.44803041906e-14, 9.9375734963e-15]
    },
    "erbbands": {
        "dmean": [0.000185533863259, 0.00157862564083, 0.00888435170054, 0.14468626678, 1.10992062092, 4.44134187698, 6.12705516815, 6.1887011528, 27.2124481201, 16.355714798, 25.5220165253, 36.2545928955, 29.3252353668, 46.3813896179, 14.9087295532, 10.7891187668, 15.3901872635, 2.45591139793, 1.61450695992, 2.56823301315, 3.57221579552, 6.6001367569, 3.2660586834, 2.25773906708, 0.970486938953, 0.432363301516, 0.224139526486, 0.125269576907, 0.0670012533665, 0.0296965222806, 0.0111821452156, 0.00424639508128, 0.00230338890105, 0.00112626026385, 0.000436557398643, 0.00016289143241, 5.45064722246e-05, 1.19429560073e-05, 3.01541649605e-06, 3.8995272007e-06],
        "dmean2": [0.0002762801887, 0.0023975437507, 0.0130739705637, 0.220869019628, 1.88072991371, 7.06652832031, 10.3708658218, 9.05079460144, 36.6853485107, 23.5957946777, 41.4839057922, 60.6351242065, 49.5911979675, 72.4552841187, 24.8735313416, 19.0705680847, 26.8648853302, 3.91624283791, 2.95496058464, 4.12739038467, 5.87328386307, 11.3938817978, 5.91789674759, 4.16992950439, 1.60881233215, 0.690172731876, 0.352297395468, 0.221862867475, 0.0987154468894, 0.0407360643148, 0.0151953483, 0.00680164201185, 0.00376459467225, 0.00163682317361, 0.00062362733297, 0.000247117422987, 7.60825787438e-05, 1.53391629283e-05, 4.27996974395e-06, 6.43123712507e-06],
        "dvar": [5.86044222928e-07, 4.08743835578e-05, 0.00146140041761, 0.168045938015, 6.88665103912, 83.3223495483, 203.434829712, 194.466949463, 2205.08911133, 963.573913574, 4595.37255859, 5079.42285156, 8135.26513672, 15772.6035156, 946.403015137, 915.307556152, 1779.58544922, 21.2789764404, 9.95215415955, 30.4102306366, 70.5372085571, 321.855651855, 64.0420837402, 43.7357673645, 4.66337919235, 0.811244368553, 0.254509836435, 0.109655596316, 0.0397997908294, 0.00699575664476, 0.000812979589682, 0.000128078783746, 3.60634876415e-05, 9.483967915e-06, 1.3664865719e-06, 2.48239899747e-07, 4.02892581519e-08, 4.02645605746e-09, 1.80646927972e-10, 5.85551537813e-11],
        "dvar2": [7.26262044282e-07, 5.15839637956e-05, 0.00166850304231, 0.360793143511, 18.4064369202, 242.520568848, 487.787963867, 417.239379883, 3282.44384766, 1816.73754883, 8202.84179688, 12287.3769531, 21705.0957031, 42702.1679688, 2139.53393555, 2596.2578125, 5094.45996094, 58.1089744568, 29.6714820862, 89.820640564, 184.669158936, 949.98815918, 184.964385986, 125.850906372, 12.2227172852, 2.17344927788, 0.606157839298, 0.253994435072, 0.0813742950559, 0.012824931182, 0.00115167116746, 0.000236047766521, 7.23981283954e-05, 1.85558710655e-05, 1.91296089724e-06, 3.86066119518e-07, 5.0050989131e-08, 4.35682245836e-09, 1.89889978741e-10, 1.3578405067e-10],
        "max": [0.00948508456349, 0.0832027494907, 0.585854709148, 7.78756856918, 36.7624549866, 102.157997131, 114.173957825, 151.118789673, 407.69720459, 370.904388428, 753.928466797, 678.404724121, 971.138916016, 967.415405273, 255.576156616, 288.272918701, 321.54800415, 32.0951042175, 30.6306285858, 45.8780326843, 70.8940353394, 159.839172363, 76.2265319824, 56.8948173523, 23.0987224579, 9.63950157166, 7.11759376526, 3.95954823494, 3.06448936462, 1.29809045792, 0.447062432766, 0.160586386919, 0.0688643828034, 0.043514996767, 0.0150156579912, 0.00468979077414, 0.00218285922892, 0.000779517402407, 0.00018679520872, 7.24317796994e-05],
        "mean": [0.000198628549697, 0.00204716483131, 0.0178656689823, 0.536554694176, 2.84735584259, 11.9677696228, 16.1685390472, 14.439707756, 65.1006393433, 39.6077461243, 53.0187149048, 106.494857788, 43.5463943481, 64.1583786011, 28.1709346771, 19.2015151978, 25.6103668213, 5.33081817627, 3.46295499802, 4.71109628677, 6.97729635239, 11.0471544266, 6.19242668152, 3.78612399101, 1.99684751034, 0.92901134491, 0.513315200806, 0.269353926182, 0.119284413755, 0.0496581830084, 0.0205213651061, 0.00849591381848, 0.00389828858897, 0.0018460273277, 0.00081218406558, 0.000302003667457, 0.000106720603071, 2.1686526452e-05, 1.24537309603e-05, 2.28261396842e-05],
        "median": [1.9368935682e-05, 0.00021427765023, 0.00184144871309, 0.0334748700261, 0.622437298298, 4.70985126495, 5.10579395294, 2.48858857155, 0.702266156673, 1.06977725029, 1.63706541061, 0.576784729958, 1.998021245, 2.18579053879, 0.664793848991, 0.118782281876, 0.0645035505295, 0.0520551986992, 0.0345102101564, 0.0470417290926, 0.0354529693723, 0.0689381584525, 0.0465620681643, 0.0486082322896, 0.0246313177049, 0.0136880688369, 0.00593168800697, 0.00389031041414, 0.00153164681979, 0.000222443602979, 0.000109883498226, 6.13284864812e-05, 4.86605567858e-05, 3.70582711184e-05, 2.77423932857e-05, 1.96504988708e-05, 1.11472163553e-05, 3.55617885361e-06, 3.76795196644e-06, 3.73897864847e-06],
        "min": [6.23678104716e-08, 4.10784963378e-07, 1.04390701381e-05, 2.17620181502e-05, 0.000221702299314, 0.000640085840132, 0.00172385713086, 0.00345070823096, 0.0064598293975, 0.014736296609, 0.0125171439722, 0.00785388890654, 0.00855501368642, 0.0138318371028, 0.011220600456, 0.00384492054582, 0.00211573787965, 0.00117083790246, 0.00116968015209, 0.000706860271748, 0.0013232564088, 0.00211154739372, 0.00253351218998, 0.00250862329267, 0.0019583737012, 0.00109795900062, 0.000744583434425, 0.000540155393537, 0.000265388196567, 4.84092633997e-05, 2.21170685109e-05, 1.07313744593e-05, 9.0497369456e-06, 8.22195943329e-06, 5.26040139448e-06, 2.73411342278e-06, 9.20708487229e-07, 8.60072589148e-07, 7.37547566132e-07, 1.56919099936e-07],
        "var": [6.0319541717e-07, 4.83840594825e-05, 0.00289953779429, 2.43060350418, 39.792098999, 330.689208984, 653.858459473, 438.495452881, 10896.5488281, 3595.57080078, 10130.7568359, 31792.703125, 8506.39453125, 15595.2939453, 1963.88452148, 1100.75500488, 2511.41479492, 64.308921814, 29.3476047516, 64.2769927979, 149.050262451, 418.259094238, 138.875152588, 64.0950088501, 14.5041713715, 2.95146870613, 1.07065832615, 0.426330029964, 0.119835242629, 0.023109909147, 0.00369381834753, 0.000546592404135, 9.50727699092e-05, 2.47091775236e-05, 4.32223578173e-06, 5.82576262786e-07, 8.05804489801e-08, 4.92426410759e-09, 3.15213799507e-10, 6.41238728782e-10]
    },
    "gfcc": {
        "mean": [-223.779907227, 153.577606201, -153.716125488, -31.3244895935, -68.2431869507, -53.0607070923, -29.037021637, -12.6342363358, -31.5700645447, -19.4023036957, -14.3216400146, -2.30087780952, 0.68685567379],
        "cov": [[23186.4960938, 2006.88171387, -3879.79370117, 55.2110710144, -738.824645996, 286.324127197, -560.726623535, 125.852752686, 735.221130371, -27.4247341156, 706.167785645, -432.22052002, -264.921875], [2006.88171387, 1142.7869873, -75.0545120239, -90.7591781616, 233.09854126, -283.756744385, -87.2805175781, -175.934661865, -38.6477355957, -98.9421768188, 39.0668296814, -129.016220093, 44.9306182861], [-3879.79370117, -75.0545120239, 1605.40905762, 420.518127441, 70.5519485474, -297.41305542, -96.8712768555, -229.852981567, -254.989013672, 16.289899826, -111.289169312, 53.8505973816, 46.9785804749], [55.2110710144, -90.7591781616, 420.518127441, 367.917510986, -38.0972061157, -72.812171936, -117.651985168, -95.3499221802, -48.9576301575, 44.6675949097, 4.31745767593, 5.01299953461, -26.3301773071], [-738.824645996, 233.09854126, 70.5519485474, -38.0972061157, 255.879196167, -66.0966491699, 30.4241962433, -37.4824180603, -49.4528923035, -37.3686180115, -54.7114906311, -21.283706665, 19.2757282257], [286.324127197, -283.756744385, -297.41305542, -72.812171936, -66.0966491699, 244.803192139, 44.2823486328, 87.3153305054, 58.017742157, 32.3477210999, 9.96552371979, 21.6842193604, -26.2332267761], [-560.726623535, -87.2805175781, -96.8712768555, -117.651985168, 30.4241962433, 44.2823486328, 133.677719116, 81.7281112671, 5.28595399857, -17.4521598816, -29.0560321808, 11.1739721298, 11.249001503], [125.852752686, -175.934661865, -229.852981567, -95.3499221802, -37.4824180603, 87.3153305054, 81.7281112671, 126.26499939, 59.3020095825, -0.47787335515, -1.46562695503, 12.812040329, -9.96415233612], [735.221130371, -38.6477355957, -254.989013672, -48.9576301575, -49.4528923035, 58.017742157, 5.28595399857, 59.3020095825, 82.3553543091, 24.7239398956, 34.6278572083, -8.96823692322, -17.5953044891], [-27.4247341156, -98.9421768188, 16.289899826, 44.6675949097, -37.3686180115, 32.3477210999, -17.4521598816, -0.47787335515, 24.7239398956, 62.4927902222, 35.582195282, 8.23195266724, -23.4047641754], [706.167785645, 39.0668296814, -111.289169312, 4.31745767593, -54.7114906311, 9.96552371979, -29.0560321808, -1.46562695503, 34.6278572083, 35.582195282, 78.2400283813, 4.61305379868, -15.2998952866], [-432.22052002, -129.016220093, 53.8505973816, 5.01299953461, -21.283706665, 21.6842193604, 11.1739721298, 12.812040329, -8.96823692322, 8.23195266724, 4.61305379868, 52.619140625, 13.5320081711], [-264.921875, 44.9306182861, 46.9785804749, -26.3301773071, 19.2757282257, -26.2332267761, 11.249001503, -9.96415233612, -17.5953044891, -23.4047641754, -15.2998952866, 13.5320081711, 40.9233283997]],
        "icov": [[0.000601070700213, -0.00176767748781, 0.00142494938336, -0.00234369561076, 0.00194645649754, -0.000872010714374, 0.00113047892228, -0.00177112128586, 1.94161948457e-05, 0.00158876017667, -0.00111000530887, 0.000336598022841, 0.000861036358401], [-0.00176767748781, 0.0100782038644, -0.00441401032731, 0.00804645475, -0.00893478933722, 0.00456942571327, -0.00408674543723, 0.0114921350032, -0.00423523969948, 0.00349548109807, -0.00509180268273, 0.00704440707341, -0.00525983003899], [0.00142494938336, -0.00441401032731, 0.00609249947593, -0.00676850695163, 0.0055506429635, 7.94393272372e-05, 0.00328771746717, -0.00540589215234, 0.00715833157301, -0.00239289854653, 0.00138644000981, -0.00048910966143, 0.000327757326886], [-0.00234369561076, 0.00804645475, -0.00676850695163, 0.0155397355556, -0.00778553122655, 0.00433752499521, -0.000319819577271, 0.00783658307046, 4.88328878419e-05, -0.00677281292155, 0.00369380298071, -4.40287185484e-05, -0.000251548888627], [0.00194645649754, -0.00893478933722, 0.0055506429635, -0.00778553122655, 0.0143606448546, -0.0025835246779, 0.00226581515744, -0.00732716312632, 0.00530415028334, -0.00202005915344, 0.00595057243481, -0.00316549045965, 0.00459867995232], [-0.000872010714374, 0.00456942571327, 7.94393272372e-05, 0.00433752499521, -0.0025835246779, 0.0107965748757, -0.00118589203339, 0.00230132555589, 0.00221654144116, -0.00669800117612, 0.00403813365847, -0.00120881746989, 9.35786229093e-05], [0.00113047892228, -0.00408674543723, 0.00328771746717, -0.000319819577271, 0.00226581515744, -0.00118589203339, 0.0257605463266, -0.0251317732036, 0.0174658764154, -0.0078242039308, 0.00214597163722, 0.00312986271456, -0.00440025981516], [-0.00177112128586, 0.0114921350032, -0.00540589215234, 0.00783658307046, -0.00732716312632, 0.00230132555589, -0.0251317732036, 0.0529900379479, -0.0373137779534, 0.0211984217167, -0.00282668950967, -0.0046687470749, 0.00846911221743], [1.94161948457e-05, -0.00423523969948, 0.00715833157301, 4.88328878419e-05, 0.00530415028334, 0.00221654144116, 0.0174658764154, -0.0373137779534, 0.0666810721159, -0.0372947379947, 0.0059819878079, 0.00873311329633, -0.0116849867627], [0.00158876017667, 0.00349548109807, -0.00239289854653, -0.00677281292155, -0.00202005915344, -0.00669800117612, -0.0078242039308, 0.0211984217167, -0.0372947379947, 0.0675329193473, -0.0332598164678, 0.00467396806926, 0.017414405942], [-0.00111000530887, -0.00509180268273, 0.00138644000981, 0.00369380298071, 0.00595057243481, 0.00403813365847, 0.00214597163722, -0.00282668950967, 0.0059819878079, -0.0332598164678, 0.0463900566101, -0.0217270851135, 0.00577556947246], [0.000336598022841, 0.00704440707341, -0.00048910966143, -4.40287185484e-05, -0.00316549045965, -0.00120881746989, 0.00312986271456, -0.0046687470749, 0.00873311329633, 0.00467396806926, -0.0217270851135, 0.0480401664972, -0.0238833967596], [0.000861036358401, -0.00525983003899, 0.000327757326886, -0.000251548888627, 0.00459867995232, 9.35786229093e-05, -0.00440025981516, 0.00846911221743, -0.0116849867627, 0.017414405942, 0.00577556947246, -0.0238833967596, 0.0514045916498]]
    },
    "melbands": {
        "dmean": [1.77909078047e-06, 3.48426010532e-06, 5.29643257323e-05, 0.000170301136677, 0.000224405332119, 0.000143307202961, 0.000437662616605, 0.000167156220414, 0.000231616009842, 0.000215917563764, 0.000154215071234, 0.000201743008802, 6.40139915049e-05, 3.57211029041e-05, 4.32774031651e-05, 1.94326330529e-05, 4.38045617557e-06, 3.30951957039e-06, 2.66873712462e-06, 4.93516017741e-06, 4.39131099483e-06, 8.06910975371e-06, 3.33250727635e-06, 2.7468549888e-06, 1.91761751012e-06, 1.05434185116e-06, 5.26601297679e-07, 2.64638686076e-07, 1.61203445259e-07, 1.0670105155e-07, 6.3214649515e-08, 4.23866488575e-08, 2.1587496235e-08, 1.46096192921e-08, 7.31348270833e-09, 3.94245791568e-09, 2.44066145072e-09, 1.67828839714e-09, 1.29811683625e-09, 8.77685257805e-10],
        "dmean2": [2.60532829088e-06, 5.17025591762e-06, 8.66997434059e-05, 0.000269547308562, 0.000368654174963, 0.000208828481846, 0.000586698064581, 0.000262325513177, 0.00037034903653, 0.000356161734089, 0.000263109279331, 0.000322570325807, 9.85804799711e-05, 6.23120795353e-05, 7.84490694059e-05, 3.41261220456e-05, 6.65693232804e-06, 5.98805399932e-06, 4.52896392744e-06, 8.15931525722e-06, 7.16529211786e-06, 1.42385897561e-05, 5.71378905079e-06, 4.83014446218e-06, 3.53797850039e-06, 1.74061392499e-06, 9.10944550014e-07, 4.55891239426e-07, 2.80389997442e-07, 1.74041616674e-07, 1.08277369293e-07, 6.17614546172e-08, 3.5820924893e-08, 2.08648618383e-08, 9.9101429285e-09, 5.67136870799e-09, 4.22623536167e-09, 2.82148726605e-09, 1.94765670258e-09, 1.35154987202e-09],
        "dvar": [5.7648372187e-11, 2.96878299721e-10, 2.30788490541e-08, 9.92323450077e-08, 2.57337347875e-07, 1.06527146215e-07, 5.6191100839e-07, 1.36512468885e-07, 3.16326435268e-07, 1.81853238246e-07, 2.17006828507e-07, 3.00203510051e-07, 2.39451409811e-08, 4.22141033241e-09, 1.67281388741e-08, 2.59088173138e-09, 6.59225174449e-11, 3.73413591714e-11, 3.53271231712e-11, 1.30239097285e-10, 1.12155798537e-10, 5.23050769363e-10, 6.29620730552e-11, 4.5956918826e-11, 3.26886295809e-11, 4.85954939483e-12, 1.26562801038e-12, 3.25224222553e-13, 1.56435438605e-13, 5.37267848483e-14, 2.88322019254e-14, 1.56406581886e-14, 4.83815859758e-15, 1.78972026645e-15, 3.54300673416e-16, 8.37686004856e-17, 5.29451641792e-17, 2.0476358101e-17, 1.26341515353e-17, 6.20355019168e-18],
        "dvar2": [7.00219396355e-11, 3.44250572493e-10, 5.33374162615e-08, 2.92161871585e-07, 6.39691222659e-07, 2.24960729156e-07, 8.30561077692e-07, 2.73962939445e-07, 5.97605662733e-07, 4.33140570522e-07, 5.84247629831e-07, 8.20812772417e-07, 5.30776631535e-08, 1.1486721796e-08, 4.80309800821e-08, 7.39157801632e-09, 1.65183811074e-10, 1.09153089345e-10, 1.05814419726e-10, 3.7823899568e-10, 2.91694529642e-10, 1.53894541555e-09, 1.80568129893e-10, 1.26390620192e-10, 9.50881109962e-11, 1.23912789751e-11, 3.60174520417e-12, 8.63025254559e-13, 3.95028627864e-13, 1.28305474426e-13, 6.42102473622e-14, 3.23985257296e-14, 8.32417563156e-15, 3.79835153944e-15, 5.55216226761e-16, 1.37486457236e-16, 1.15585864519e-16, 4.59459621912e-17, 2.53613757788e-17, 1.32192039749e-17],
        "max": [9.48017186602e-05, 0.000219008885324, 0.00264648580924, 0.00342591735534, 0.00460813567042, 0.00354251288809, 0.0065076709725, 0.0043363776058, 0.00625613331795, 0.00390327884816, 0.00486720958725, 0.00420626113191, 0.00156341562979, 0.000506941461936, 0.00108020182233, 0.000390717061237, 7.25553181837e-05, 5.04437884956e-05, 6.3986852183e-05, 0.000102499201603, 8.7783941126e-05, 0.00020631152438, 6.41591541353e-05, 6.34678872302e-05, 4.92123399454e-05, 2.17961951421e-05, 1.09583033918e-05, 5.1321680985e-06, 5.09089750267e-06, 3.08399444293e-06, 2.03837703339e-06, 1.88013632396e-06, 9.62146941674e-07, 6.06217213317e-07, 3.00560685673e-07, 1.42995986607e-07, 8.48893577654e-08, 4.4727723747e-08, 4.61012348296e-08, 3.42367521e-08],
        "mean": [1.93170785678e-06, 4.14541773353e-06, 0.000167704594787, 0.000464230135549, 0.000635770964436, 0.000297296995996, 0.00102201546542, 0.000392950983951, 0.000556568207685, 0.000591064512264, 0.000202058232389, 0.00027217643219, 0.000100759636553, 5.93100739934e-05, 6.6162130679e-05, 3.30891525664e-05, 8.34755792312e-06, 6.1078753788e-06, 4.56764746559e-06, 7.63929710956e-06, 8.28204520076e-06, 1.27809889818e-05, 6.8408999141e-06, 4.62678008262e-06, 2.93833340947e-06, 1.81520204023e-06, 9.70718815552e-07, 5.29150042894e-07, 3.46268734575e-07, 2.23087909035e-07, 1.30821561584e-07, 7.25899340637e-08, 4.03601525534e-08, 2.19353850639e-08, 1.27580914722e-08, 6.79729827979e-09, 4.5704622309e-09, 2.80077450121e-09, 1.98914151817e-09, 1.38458267074e-09],
        "median": [1.7118912865e-07, 3.97669509766e-07, 3.64320067092e-06, 0.00018629358965, 0.000245838426054, 5.28061646037e-05, 9.96071503323e-06, 1.43640518218e-05, 1.20643016999e-05, 4.04324282499e-06, 1.06892894109e-05, 1.00591259979e-05, 2.38943107433e-06, 2.72507691079e-07, 2.37083867205e-07, 1.06627439322e-07, 1.04233379261e-07, 6.13970811969e-08, 5.22686036675e-08, 8.73762999731e-08, 3.18978266023e-08, 7.05363589759e-08, 6.96297206559e-08, 3.319564712e-08, 3.82495706219e-08, 1.97688780901e-08, 1.14350608982e-08, 7.02629421312e-09, 4.31157110015e-09, 2.60515031769e-09, 2.01882377482e-09, 1.00071417819e-09, 2.06292954941e-10, 5.95878416054e-11, 4.95220670027e-11, 3.88270249285e-11, 2.68044579588e-11, 2.87962501067e-11, 2.57872837667e-11, 2.29401220242e-11],
        "min": [5.63398938613e-10, 2.96705016112e-09, 8.03274247119e-09, 3.57475578028e-08, 6.68174422458e-08, 6.81823593141e-08, 9.83869412607e-08, 1.57845661874e-07, 6.97599773503e-08, 4.14051157804e-08, 3.76404578617e-08, 5.72627065765e-08, 3.30231024748e-08, 8.02678545853e-09, 5.57199975049e-09, 2.91336510472e-09, 2.0393575717e-09, 1.61170798929e-09, 5.80173298292e-10, 9.22665721603e-10, 1.52588064406e-09, 2.05611794257e-09, 2.14777040597e-09, 1.78701820008e-09, 1.8049844952e-09, 1.57229218534e-09, 9.83956471856e-10, 6.40906994143e-10, 3.41896677636e-10, 4.19523416006e-10, 2.68094907385e-10, 1.59430427193e-10, 4.22357565588e-11, 1.04532753981e-11, 1.17434881264e-11, 9.13904629057e-12, 4.68229968686e-12, 6.11337022671e-12, 4.49212715636e-12, 4.51613095878e-12],
        "var": [5.93122426173e-11, 3.09196751536e-10, 2.46546136395e-07, 4.66735031068e-07, 1.04080004348e-06, 2.15534470271e-07, 2.66598271992e-06, 4.02806023203e-07, 9.04469004581e-07, 9.84758685263e-07, 2.07939706343e-07, 2.83615605667e-07, 3.6991259833e-08, 8.7261451398e-09, 1.75771663891e-08, 3.88525078776e-09, 1.7938882324e-10, 9.35698948878e-11, 7.09369021856e-11, 2.03105088303e-10, 2.16947099174e-10, 6.10479777841e-10, 1.37660549626e-10, 9.83443534941e-11, 4.11732106742e-11, 1.31791400709e-11, 3.48204039387e-12, 9.70913236961e-13, 4.73256362484e-13, 2.48619213324e-13, 1.08599747576e-13, 4.47430449895e-14, 1.62359766609e-14, 4.55221001546e-15, 1.50505748035e-15, 3.5800297502e-16, 1.69481551867e-16, 4.75086684957e-17, 2.75585924789e-17, 1.48334146802e-17]
    },
    "mfcc": {
        "mean": [-841.10168457, 170.914047241, -22.7243404388, -5.87852907181, -30.2649269104, -38.4846115112, -17.606098175, -6.7835187912, -15.5846843719, -19.9678840637, -16.0712966919, -9.51344490051, -9.489985466],
        "cov": [[21043.6660156, 4308.48046875, -5548.89208984, 919.368103027, -1234.08068848, -49.6328926086, -360.701934814, -340.906951904, -12.5298681259, 167.193130493, 338.565765381, 823.800842285, 209.443389893], [4308.48046875, 1661.59899902, -996.651245117, 276.212310791, -82.133644104, -119.262908936, -59.9994354248, -203.999740601, -92.0549163818, -34.8386192322, -36.7337417603, 120.632507324, -9.419962883], [-5548.89208984, -996.651245117, 2006.65344238, 127.603134155, 373.40826416, 14.1356735229, 58.874835968, -68.3407516479, -119.136009216, -111.153533936, -134.046646118, -246.042312622, -92.56224823], [919.368103027, 276.212310791, 127.603134155, 485.253051758, 38.5657157898, -24.3902549744, -41.6831169128, -173.299850464, -110.414581299, -58.156414032, -16.3169059753, 43.9932823181, -10.7698154449], [-1234.08068848, -82.133644104, 373.40826416, 38.5657157898, 244.077041626, 23.2899742126, 26.4866600037, -30.6065101624, -27.0569725037, -35.0869369507, -58.5405006409, -73.6431655884, -33.9049758911], [-49.6328926086, -119.262908936, 14.1356735229, -24.3902549744, 23.2899742126, 106.103591919, 16.1028423309, -3.91027879715, -5.50346422195, 15.8792505264, 22.2827510834, -2.54263401031, -0.398574829102], [-360.701934814, -59.9994354248, 58.874835968, -41.6831169128, 26.4866600037, 16.1028423309, 61.5368690491, 37.9685707092, 14.2359676361, 10.4120368958, -2.23638963699, -15.4979190826, -7.12197113037], [-340.906951904, -203.999740601, -68.3407516479, -173.299850464, -30.6065101624, -3.91027879715, 37.9685707092, 139.121139526, 83.5163650513, 32.3198928833, 7.24783658981, -23.5420303345, 7.07882499695], [-12.5298681259, -92.0549163818, -119.136009216, -110.414581299, -27.0569725037, -5.50346422195, 14.2359676361, 83.5163650513, 79.0216674805, 41.2764053345, 10.0400848389, -10.6188430786, -1.72496640682], [167.193130493, -34.8386192322, -111.153533936, -58.156414032, -35.0869369507, 15.8792505264, 10.4120368958, 32.3198928833, 41.2764053345, 63.6511268616, 40.3043746948, 11.8921318054, -2.29480981827], [338.565765381, -36.7337417603, -134.046646118, -16.3169059753, -58.5405006409, 22.2827510834, -2.23638963699, 7.24783658981, 10.0400848389, 40.3043746948, 73.0210876465, 56.2610740662, 16.2141056061], [823.800842285, 120.632507324, -246.042312622, 43.9932823181, -73.6431655884, -2.54263401031, -15.4979190826, -23.5420303345, -10.6188430786, 11.8921318054, 56.2610740662, 104.707717896, 46.4829139709], [209.443389893, -9.419962883, -92.56224823, -10.7698154449, -33.9049758911, -0.398574829102, -7.12197113037, 7.07882499695, -1.72496640682, -2.29480981827, 16.2141056061, 46.4829139709, 59.2122764587]],
