{
"lowlevel": {
    "average_loudness": 0.957161784172,
    "barkbands_crest": {
        "dmean": 1.73706185818,
        "dmean2": 3.05447077751,
        "dvar": 2.22151350975,
        "dvar2": 5.10586166382,
        "max": 17.8484363556,
        "mean": 11.4646558762,
        "median": 11.4151515961,
        "min": 5.45754384995,
        "var": 6.72915220261
    },
    "barkbands_flatness_db": {
        "dmean": 0.0179645288736,
        "dmean2": 0.0297639816999,
        "dvar": 0.000365373503882,
        "dvar2": 0.000727632082999,
        "max": 0.343080192804,
        "mean": 0.285869419575,
        "median": 0.287349879742,
        "min": 0.136490732431,
        "var": 0.000979696400464
    },
    "barkbands_kurtosis": {
        "dmean": 3.12932467461,
        "dmean2": 4.72337007523,
        "dvar": 10.9887523651,
        "dvar2": 20.6894416809,
        "max": 38.9316902161,
        "mean": 9.58815002441,
        "median": 7.4179315567,
        "min": 0.522389173508,
        "var": 51.4449005127
    },
    "barkbands_skewness": {
        "dmean": 0.338767081499,
        "dmean2": 0.52671277523,
        "dvar": 0.0838921740651,
        "dvar2": 0.200841262937,
        "max": 4.13165807724,
        "mean": 1.87518942356,
        "median": 1.75083839893,
        "min": 0.997045099735,
        "var": 0.286035239697
    },
    "barkbands_spread": {
        "dmean": 0.736229777336,
        "dmean2": 1.16916882992,
        "dvar": 0.647315621376,
        "dvar2": 1.27206969261,
        "max": 7.93171215057,
        "mean": 3.04054784775,
        "median": 2.76614952087,
        "min": 1.41728365421,
        "var": 1.19017636776
    },
    "dissonance": {
        "dmean": 0.038162637502,
        "dmean2": 0.0627574250102,
        "dvar": 0.000954593298957,
        "dvar2": 0.00220138253644,
        "max": 0.49579924345,
        "mean": 0.40663766861,
        "median": 0.401812583208,
        "min": 0.245082348585,
        "var": 0.00163848488592
    },
    "dynamic_complexity": 1.64544224739,
    "erbbands_crest": {
        "dmean": 2.44586443901,
        "dmean2": 4.26724720001,
        "dvar": 6.63852930069,
        "dvar2": 16.442155838,
        "max": 21.7732849121,
        "mean": 15.4191226959,
        "median": 15.4434776306,
        "min": 8.18912696838,
        "var": 7.88733053207
    },
    "erbbands_flatness_db": {
        "dmean": 0.0160927008837,
        "dmean2": 0.025411888957,
        "dvar": 0.000326368171955,
        "dvar2": 0.000686688930728,
        "max": 0.367541611195,
        "mean": 0.311293393373,
        "median": 0.314438790083,
        "min": 0.147043794394,
        "var": 0.00106873991899
    },
    "erbbands_kurtosis": {
        "dmean": 2.45168089867,
        "dmean2": 4.01835107803,
        "dvar": 7.66661262512,
        "dvar2": 24.0356502533,
        "max": 21.4084396362,
        "mean": 5.3575129509,
        "median": 3.46984291077,
        "min": -0.402278900146,
        "var": 28.3036651611
    },
    "erbbands_skewness": {
        "dmean": 0.418675452471,
        "dmean2": 0.684766471386,
        "dvar": 0.118765734136,
        "dvar2": 0.287684619427,
        "max": 3.76535749435,
        "mean": 1.6925201416,
        "median": 1.55317080021,
        "min": 0.306195348501,
        "var": 0.68975508213
    },
    "erbbands_spread": {
        "dmean": 1.82531285286,
        "dmean2": 3.12916111946,
        "dvar": 3.30687117577,
        "dvar2": 7.26031064987,
        "max": 18.9014129639,
        "mean": 8.66203212738,
        "median": 8.34541511536,
        "min": 4.29303789139,
        "var": 5.55423355103
    },
    "hfc": {
        "dmean": 3.09769797325,
        "dmean2": 5.10296154022,
        "dvar": 6.5187702179,
        "dvar2": 19.7678146362,
        "max": 28.5375728607,
        "mean": 14.8056020737,
        "median": 14.5597286224,
        "min": 0.141396448016,
        "var": 45.0914154053
    },
    "melbands_crest": {
        "dmean": 1.97294139862,
        "dmean2": 3.24355387688,
        "dvar": 1.9482935667,
        "dvar2": 5.13349628448,
        "max": 22.8203983307,
        "mean": 14.5548753738,
        "median": 14.4608707428,
        "min": 8.29364681244,
        "var": 7.71949338913
    },
    "melbands_flatness_db": {
        "dmean": 0.0184003803879,
        "dmean2": 0.031139485538,
        "dvar": 0.000364854437066,
        "dvar2": 0.000790029240306,
        "max": 0.44617754221,
        "mean": 0.388345271349,
        "median": 0.390939623117,
        "min": 0.247535482049,
        "var": 0.00120225711726
    },
    "melbands_kurtosis": {
        "dmean": 2.65421032906,
        "dmean2": 4.11279821396,
        "dvar": 9.97016620636,
        "dvar2": 20.4717330933,
        "max": 33.9783821106,
        "mean": 7.5975112915,
        "median": 5.79492664337,
        "min": 1.47301101685,
        "var": 29.0895671844
    },
    "melbands_skewness": {
        "dmean": 0.288239061832,
        "dmean2": 0.50386184454,
        "dvar": 0.0852478742599,
        "dvar2": 0.23103480041,
        "max": 2.98246192932,
        "mean": 1.4030585289,
        "median": 1.33201646805,
        "min": 0.712669909,
        "var": 0.134244531393
    },
    "melbands_spread": {
        "dmean": 1.03860557079,
        "dmean2": 1.69198966026,
        "dvar": 0.914031326771,
        "dvar2": 1.96378338337,
        "max": 9.05280590057,
        "mean": 4.58930158615,
        "median": 4.2781047821,
        "min": 2.05143857002,
        "var": 2.18663620949
    },
    "pitch_salience": {
        "dmean": 0.0648000389338,
        "dmean2": 0.116858310997,
        "dvar": 0.00211192457937,
        "dvar2": 0.00500526605174,
        "max": 0.876323997974,
        "mean": 0.556963443756,
        "median": 0.559304833412,
        "min": 0.35197532177,
        "var": 0.00643651280552
    },
    "silence_rate_20dB": {
        "dmean": 0,
        "dmean2": 0,
        "dvar": 0,
        "dvar2": 0,
        "max": 1,
        "mean": 1,
        "median": 1,
        "min": 1,
        "var": 0
    },
    "silence_rate_30dB": {
        "dmean": 0,
        "dmean2": 0,
        "dvar": 0,
        "dvar2": 0,
        "max": 1,
        "mean": 1,
        "median": 1,
        "min": 1,
        "var": 0
    },
    "silence_rate_60dB": {
        "dmean": 0.0111111113802,
        "dmean2": 0.0112359551713,
        "dvar": 0.010987653397,
        "dvar2": 0.0111097088084,
        "max": 1,
        "mean": 0.0109890112653,
        "median": 0,
        "min": 0,
        "var": 0.010868252255
    },
    "spectral_centroid": {
        "dmean": 23.6409339905,
        "dmean2": 42.7973899841,
        "dvar": 414.201263428,
        "dvar2": 1155.81640625,
        "max": 538.875915527,
        "mean": 423.081848145,
        "median": 419.676330566,
        "min": 377.321411133,
        "var": 840.082336426
    },
    "spectral_complexity": {
        "dmean": 1.28888893127,
        "dmean2": 1.86516857147,
        "dvar": 1.42765450478,
        "dvar2": 2.81328129768,
        "max": 17,
        "mean": 12.3406591415,
        "median": 13,
        "min": 0,
        "var": 8.44439125061
    },
    "spectral_decrease": {
        "dmean": 2.19108198252e-09,
        "dmean2": 3.87789711453e-09,
        "dvar": 3.44732814237e-18,
        "dvar2": 1.00343890445e-17,
        "max": -9.26648133226e-11,
        "mean": -9.43028855005e-09,
        "median": -9.11046882379e-09,
        "min": -1.95456344443e-08,
        "var": 1.85612596207e-17
    },
    "spectral_energy": {
        "dmean": 0.00853717606515,
        "dmean2": 0.0150713585317,
        "dvar": 5.21802612639e-05,
        "dvar2": 0.000152163207531,
        "max": 0.0763577520847,
        "mean": 0.0369348526001,
        "median": 0.0357087478042,
        "min": 0.000362563558156,
        "var": 0.000284159381408
    },
    "spectral_energyband_high": {
        "dmean": 1.91963977159e-06,
        "dmean2": 3.18235174745e-06,
        "dvar": 1.18838420007e-11,
        "dvar2": 3.17560491792e-11,
        "max": 3.00320843962e-05,
        "mean": 7.2379843914e-06,
        "median": 7.40460745874e-06,
        "min": 7.3824617175e-07,
        "var": 1.70522328896e-11
    },
    "spectral_energyband_low": {
        "dmean": 0.000817875145003,
        "dmean2": 0.00140942737926,
        "dvar": 5.47076524526e-07,
        "dvar2": 1.52715006152e-06,
        "max": 0.00468597467989,
        "mean": 0.00132228096481,
        "median": 0.000982877099887,
        "min": 8.7518041255e-05,
        "var": 9.97252413981e-07
    },
    "spectral_energyband_middle_high": {
        "dmean": 0.00060949055478,
        "dmean2": 0.000895623466931,
        "dvar": 6.67844972213e-07,
        "dvar2": 1.27867303945e-06,
        "max": 0.0106338504702,
        "mean": 0.00226031569764,
        "median": 0.00194300559815,
        "min": 2.48461165029e-05,
        "var": 3.20243134411e-06
    },
    "spectral_energyband_middle_low": {
        "dmean": 0.00862479116768,
        "dmean2": 0.0153688015416,
        "dvar": 5.45744769624e-05,
        "dvar2": 0.000157007467351,
        "max": 0.0737298205495,
        "mean": 0.0346365608275,
        "median": 0.0321150869131,
        "min": 0.000271760509349,
        "var": 0.000257667095866
    },
    "spectral_entropy": {
        "dmean": 0.161222040653,
        "dmean2": 0.265588849783,
        "dvar": 0.0315338112414,
        "dvar2": 0.0664233416319,
        "max": 7.783182621,
        "mean": 6.12158823013,
        "median": 6.07753038406,
        "min": 5.64555931091,
        "var": 0.067184612155
    },
    "spectral_flux": {
        "dmean": 0.0128169963136,
        "dmean2": 0.0192011930048,
        "dvar": 0.000170296785655,
        "dvar2": 0.000421723088948,
        "max": 0.125787496567,
        "mean": 0.0639333128929,
        "median": 0.0628815367818,
        "min": 0.0274857338518,
        "var": 0.000535572995432
    },
    "spectral_kurtosis": {
        "dmean": 11.9301671982,
        "dmean2": 20.8625564575,
        "dvar": 127.528388977,
        "dvar2": 421.499206543,
        "max": 85.2706069946,
        "mean": 34.3175926208,
        "median": 29.6062583923,
        "min": 7.39243602753,
        "var": 318.565826416
    },
    "spectral_rms": {
        "dmean": 0.000704020436388,
        "dmean2": 0.00122161768377,
        "dvar": 3.32957398541e-07,
        "dvar2": 7.81282608386e-07,
        "max": 0.00863107014447,
        "mean": 0.00582385109738,
        "median": 0.00590235553682,
        "min": 0.000594744109549,
        "var": 2.11676388062e-06
    },
    "spectral_rolloff": {
        "dmean": 55.986328125,
        "dmean2": 100.165687561,
        "dvar": 7684.70898438,
        "dvar2": 18860.8027344,
        "max": 968.994140625,
        "mean": 477.043182373,
        "median": 430.6640625,
        "min": 409.130859375,
        "var": 12065.0498047
    },
    "spectral_skewness": {
        "dmean": 0.724819004536,
        "dmean2": 1.27546775341,
        "dvar": 0.377761334181,
        "dvar2": 1.23781204224,
        "max": 6.69142866135,
        "mean": 4.14769029617,
        "median": 3.94385170937,
        "min": 2.35933375359,
        "var": 1.02401375771
    },
    "spectral_spread": {
        "dmean": 374149.15625,
        "dmean2": 485485.9375,
        "dvar": 1.61815016243e+12,
        "dvar2": 1.12521995878e+12,
        "max": 17019714,
        "mean": 1835670.625,
        "median": 1534924,
        "min": 766950.6875,
        "var": 2.92133561958e+12
    },
    "spectral_strongpeak": {
        "dmean": 0.618915438652,
        "dmean2": 1.00663173199,
        "dvar": 0.306989490986,
        "dvar2": 0.881046950817,
        "max": 3.42900300026,
        "mean": 1.73743784428,
        "median": 1.56516003609,
        "min": 0.00587050430477,
        "var": 0.593752324581
    },
    "zerocrossingrate": {
        "dmean": 0.00195855041966,
        "dmean2": 0.0026005092077,
        "dvar": 4.08752384828e-06,
        "dvar2": 5.0296957852e-06,
        "max": 0.0283203125,
        "mean": 0.0205185431987,
        "median": 0.0205078125,
        "min": 0.00830078125,
        "var": 7.80219943408e-06
    },
    "barkbands": {
        "dmean": [1.53110897827e-06, 3.39918296959e-05, 0.000145942671224, 0.00211110524833, 0.00206835288554, 0.00438455678523, 0.00384313403629, 0.000658324046526, 0.000149940373376, 0.000339578313287, 0.00026649152278, 0.000237058440689, 0.000150664782268, 1.66461304616e-05, 3.06789524984e-06, 3.15592660627e-06, 1.1273441487e-05, 1.42769329159e-06, 1.99109513233e-06, 2.28735211749e-06, 1.02456363038e-06, 2.74792938626e-07, 5.98470606405e-08, 3.94135746262e-08, 3.07763379226e-08, 4.69879637421e-08, 1.26883634266e-07],
        "dmean2": [2.4772875804e-06, 4.97297623951e-05, 0.000222087925067, 0.00368306366727, 0.00389121822082, 0.00717862788588, 0.00668914616108, 0.00115850789007, 0.000216752974666, 0.000544013804756, 0.000406018720241, 0.000402257399401, 0.000246976240305, 2.72870838671e-05, 5.26246913068e-06, 5.49723199583e-06, 1.87843597814e-05, 2.12464578908e-06, 3.17641138281e-06, 3.68406517737e-06, 1.64310517903e-06, 4.50520047934e-07, 8.7451532238e-08, 5.71762619472e-08, 4.74838763864e-08, 7.44628536609e-08, 2.08204269825e-07],
        "dvar": [2.59622314966e-12, 8.66100524632e-10, 1.09204378873e-08, 4.88229306939e-06, 4.90898264616e-06, 1.61227544595e-05, 1.31448523462e-05, 3.29059190562e-07, 2.02205772126e-08, 9.59504404818e-08, 3.89074671148e-07, 2.51337695545e-07, 4.53906459086e-08, 7.23164972349e-10, 1.32090388974e-11, 1.45033872065e-11, 1.04838686343e-10, 1.78903018701e-12, 4.73601106249e-12, 3.79497301639e-11, 1.41755791133e-12, 8.98103341912e-14, 5.73483064015e-15, 4.75291023715e-15, 2.90885746581e-15, 4.69971995619e-15, 2.08048452733e-14],
        "dvar2": [5.02417898951e-12, 1.75589398577e-09, 3.55270692864e-08, 1.75526110979e-05, 1.8962451577e-05, 4.4951801101e-05, 4.39771501988e-05, 9.36986566558e-07, 3.42914674434e-08, 2.97514617387e-07, 5.43845033008e-07, 7.15189344191e-07, 1.13286148462e-07, 1.7064230029e-09, 3.33237083761e-11, 3.88689740116e-11, 2.62604771262e-10, 3.97482350853e-12, 1.24583624667e-11, 9.88017029302e-11, 3.53306555019e-12, 2.12517679778e-13, 9.74168696286e-15, 7.54214992191e-15, 4.15788822643e-15, 8.31080521649e-15, 4.574235752e-14],
        "max": [1.09018974399e-05, 0.000202904688194, 0.000495540094562, 0.0178383458406, 0.0137812308967, 0.0301162730902, 0.0235233306885, 0.0045974352397, 0.00189639697783, 0.00235271430574, 0.00663418881595, 0.00402424065396, 0.00190411799122, 0.000270629418083, 2.67463656201e-05, 2.73024834314e-05, 8.52991142892e-05, 1.20877557492e-05, 2.0382933144e-05, 5.24006863998e-05, 1.12594552775e-05, 2.83954273073e-06, 6.04388901593e-07, 5.62200625609e-07, 4.74126437666e-07, 6.6687243816e-07, 1.40510940128e-06],
        "mean": [1.92814263755e-06, 6.32711671642e-05, 0.000173642125446, 0.00480854418129, 0.00359193049371, 0.0145723568276, 0.00933586526662, 0.00127950659953, 0.000644300365821, 0.00105334504042, 0.000494055217132, 0.000511527003255, 0.000301828462398, 3.22958367178e-05, 4.61747367808e-06, 7.28054783394e-06, 3.59577861673e-05, 5.06746482642e-06, 6.90085835231e-06, 4.88545583721e-06, 3.19895798384e-06, 8.80350569332e-07, 1.75567052452e-07, 1.22122045809e-07, 1.29026915374e-07, 1.74498708816e-07, 7.80480547746e-07],
        "median": [1.23290283227e-06, 5.24910938111e-05, 0.000149660685565, 0.003714654129, 0.00248088384978, 0.0133432559669, 0.00855672731996, 0.0012154399883, 0.000570007425267, 0.00108368881047, 0.000210923200939, 0.000352084083715, 0.000162335898494, 2.43105805566e-05, 3.14654607791e-06, 5.62415607419e-06, 3.10281320708e-05, 4.70270788355e-06, 6.51175332678e-06, 4.14546002503e-06, 2.94964684144e-06, 8.32974478726e-07, 1.52641476348e-07, 1.04982241567e-07, 1.1703229319e-07, 1.36006406137e-07, 8.3063287093e-07],
        "min": [4.12476381939e-08, 1.95048914975e-06, 1.27641123981e-05, 4.85775090056e-05, 7.04873309587e-05, 4.37215676357e-05, 7.32756816433e-05, 1.36991911859e-05, 1.41697219078e-05, 1.93331470655e-05, 2.57463557318e-06, 1.35881066399e-06, 1.64168397987e-06, 4.8760671234e-07, 5.36999777978e-07, 4.6971717893e-07, 7.06852461008e-07, 5.56247243821e-07, 4.42321464789e-07, 3.87007418112e-07, 2.29893558412e-07, 1.30254136366e-07, 1.80085972801e-08, 9.27959753483e-09, 1.30741995008e-08, 6.36365005136e-09, 7.64967253986e-08],
        "var": [3.91883921147e-12, 2.09471506807e-09, 1.61147362121e-08, 1.42751232488e-05, 8.95836456039e-06, 4.50413135695e-05, 2.68713574769e-05, 5.78620245051e-07, 1.99775215037e-07, 3.44906510463e-07, 1.21096582006e-06, 2.95446142218e-07, 1.13637312893e-07, 1.19843412971e-09, 1.8244305372e-11, 2.53282759349e-11, 3.15681425445e-10, 5.95879552298e-12, 1.20125055736e-11, 3.29097166185e-11, 3.29935341201e-12, 2.1150064393e-13, 1.32903873996e-14, 8.35570982115e-15, 6.00702764237e-15, 1.46946646881e-14, 9.81034847e-14]
    },
    "erbbands": {
        "dmean": [0.000340146711096, 0.00975210405886, 0.118076443672, 3.16087412834, 12.9755916595, 2.73344969749, 4.07993602753, 42.3736228943, 84.929107666, 7.38362407684, 14.500292778, 3.53505730629, 10.4515371323, 7.03311681747, 8.81177043915, 9.82311916351, 6.6207947731, 1.93304884434, 0.393881767988, 0.0796491354704, 0.274037033319, 0.602549791336, 0.101713359356, 0.0909172594547, 0.0854491516948, 0.119740135968, 0.0487978942692, 0.0315140895545, 0.0110683403909, 0.00250850943848, 0.00154877442401, 0.000957880169153, 0.000608061847743, 0.000390804227209, 0.000253174337558, 0.000156137728482, 0.000111300694698, 4.21029471909e-05, 1.45338799484e-05, 1.04004293462e-05],
        "dmean2": [0.000517338397913, 0.0142327435315, 0.200742512941, 5.25070953369, 24.9779815674, 4.49335765839, 7.08949995041, 68.7421722412, 146.001937866, 12.7091636658, 25.4701919556, 5.21776533127, 17.1942119598, 10.5335092545, 13.8086242676, 16.2788581848, 10.4840688705, 3.31290149689, 0.683183848858, 0.131780639291, 0.437034606934, 1.02775156498, 0.162983715534, 0.153034716845, 0.137355029583, 0.197443827987, 0.0782840177417, 0.0511853843927, 0.0180832240731, 0.00369060505182, 0.00222336640581, 0.00144640228245, 0.000868455274031, 0.000603353837505, 0.000396365183406, 0.000243451067945, 0.000184701129911, 6.80493249092e-05, 2.37387503148e-05, 1.81190371222e-05],
        "dvar": [8.77712906799e-08, 6.66988125886e-05, 0.0108447773382, 9.66996955872, 193.977752686, 8.6336812973, 12.7013101578, 1290.73254395, 6015.01757812, 26.9188537598, 199.437774658, 10.6497125626, 122.33190918, 136.456268311, 192.361694336, 319.784667969, 101.931594849, 9.11326885223, 0.220701768994, 0.0219546072185, 0.0922862067819, 0.264873325825, 0.00931292586029, 0.00975638162345, 0.0127204665914, 0.140234827995, 0.00442318292335, 0.0013245230075, 0.0001537072676, 1.90842147276e-05, 4.4017961045e-06, 2.68678923021e-06, 9.99489998321e-07, 4.14419105255e-07, 1.41698876632e-07, 5.99689613523e-08, 2.06588115503e-08, 2.86471246724e-09, 2.42092679237e-10, 6.56292034606e-11],
        "dvar2": [1.79461906669e-07, 0.000135693015181, 0.0286175962538, 34.3555259705, 753.036254883, 25.1665172577, 25.94921875, 3735.875, 19433.3261719, 90.6463012695, 486.255981445, 22.6346855164, 363.291229248, 225.654495239, 311.249908447, 945.350830078, 252.619689941, 21.02186203, 0.51432788372, 0.0557650327682, 0.235180184245, 0.59509652853, 0.0171697065234, 0.0226840749383, 0.0321559533477, 0.362856268883, 0.0114824315533, 0.00343260262161, 0.000328075024299, 3.78950280719e-05, 7.03170508132e-06, 4.55682993561e-06, 1.41922953389e-06, 6.25012091859e-07, 1.97461332618e-07, 9.47524441131e-08, 4.30599129686e-08, 5.41575628787e-09, 4.67881233757e-10, 1.84023976613e-10],
        "max": [0.00219888752326, 0.0605489015579, 0.709166586399, 23.8261871338, 79.3379058838, 30.2590141296, 29.6985626221, 274.110046387, 565.306335449, 55.5214195251, 107.873542786, 38.5588378906, 85.61743927, 148.809844971, 164.517410278, 140.724975586, 95.6683807373, 28.8608970642, 4.54139947891, 0.967275738716, 2.81608009338, 3.81239080429, 0.883948564529, 0.980600714684, 0.852713644505, 3.14944028854, 0.552810311317, 0.282576292753, 0.123114340007, 0.0457407273352, 0.0167738888413, 0.0125346612185, 0.00862754695117, 0.00541653530672, 0.00335012725554, 0.00210615363903, 0.00126014335547, 0.000441702577518, 0.000167303354829, 9.36805445235e-05],
        "mean": [0.000825601920951, 0.0208360496908, 0.23624330759, 6.66641998291, 19.0061244965, 8.37167453766, 14.0342226028, 146.297485352, 228.69392395, 28.3897914886, 30.4198226929, 14.6808719635, 29.788269043, 23.8617248535, 21.6587657928, 19.6659107208, 14.5750989914, 4.11958694458, 0.816154837608, 0.188720911741, 0.826606750488, 1.92138946056, 0.380519449711, 0.374871343374, 0.2859621346, 0.241812199354, 0.144507110119, 0.101636700332, 0.0388064496219, 0.00926118530333, 0.00476813968271, 0.00262994877994, 0.00212851562537, 0.00148017983884, 0.000963881670032, 0.00057521724375, 0.000359951111022, 0.000191892366274, 0.0001031643842, 5.60639600735e-05],
        "median": [0.000730415806174, 0.0187491644174, 0.198802933097, 5.71578788757, 13.9835987091, 5.37845611572, 14.0899534225, 139.981170654, 206.048599243, 28.3254108429, 25.262298584, 11.6646032333, 26.3208141327, 18.5824356079, 12.4715251923, 14.5419931412, 6.96150159836, 3.10125088692, 0.70905315876, 0.143808662891, 0.537122249603, 1.74648582935, 0.378656387329, 0.375186830759, 0.278496921062, 0.204812884331, 0.13801856339, 0.0954423844814, 0.0372746400535, 0.00828036293387, 0.00406719697639, 0.00214953348041, 0.00194103328977, 0.00131529395003, 0.000870638352353, 0.0004824687785, 0.000283150438918, 0.000176785484655, 0.000110875960672, 5.42200286873e-05],
        "min": [0.000166568832356, 0.0023494833149, 0.0308822877705, 0.113460220397, 0.218616351485, 0.233378335834, 0.204855546355, 0.432305395603, 1.03291273117, 0.681155741215, 0.292182564735, 0.295743077993, 0.653743982315, 0.296639919281, 0.109260588884, 0.0502620711923, 0.0766544789076, 0.0374498963356, 0.0297011509538, 0.0229977685958, 0.0326033122838, 0.0358340069652, 0.0318815410137, 0.0225089099258, 0.024513496086, 0.0174565147609, 0.0095445914194, 0.00959346536547, 0.00496978592128, 0.000950856949203, 0.000546884257346, 0.000239555869484, 0.000175508932443, 0.000152342807269, 0.000109765896923, 4.35667934653e-05, 1.71561387106e-05, 1.47308282976e-05, 2.14045157918e-05, 3.86264900953e-06],
        "var": [1.92874338723e-07, 0.000159566887305, 0.0184387788177, 26.8481502533, 266.526947021, 52.1374740601, 36.4724807739, 3478.43334961, 17055.0136719, 112.413879395, 353.879119873, 83.7959289551, 364.042510986, 625.734130859, 775.320373535, 396.317871094, 293.400604248, 21.0189990997, 0.412615001202, 0.0245231930166, 0.381280869246, 0.583733260632, 0.0160269811749, 0.0330487042665, 0.0233930852264, 0.117080248892, 0.00721440417692, 0.0033847973682, 0.000418581039412, 3.92779766116e-05, 9.42046608543e-06, 4.25585494668e-06, 2.02928617909e-06, 8.65430934027e-07, 2.94732643624e-07, 1.58213580903e-07, 6.62031638399e-08, 9.9775085971e-09, 1.10428521882e-09, 2.96749208539e-10]
    },
    "gfcc": {
        "mean": [-93.8428878784, 181.081924438, -107.877723694, -32.7576980591, -64.0950546265, -43.1894454956, -24.4028396606, -19.8989830017, -33.1237792969, -9.56635570526, -8.2722902298, -1.37113463879, -12.7325744629],
        "cov": [[400.764312744, 122.079917908, -90.6744384766, -58.8606834412, 2.96333551407, -20.4792461395, 22.9893474579, -64.1430511475, -43.0493736267, -8.42933940887, 17.0200080872, -9.14523506165, -0.639689147472], [122.079917908, 517.008361816, -194.247421265, -289.585083008, 115.053779602, 53.2119140625, 15.372382164, -172.70904541, -69.2585525513, -98.5279922485, 3.10937190056, -73.6844482422, -54.3306465149], [-90.6744384766, -194.247421265, 131.052520752, 140.716445923, -38.4709091187, -28.272436142, -16.2450561523, 77.6582107544, 31.2748012543, 33.9946861267, -10.843670845, 27.66381073, 12.4569101334], [-58.8606834412, -289.585083008, 140.716445923, 214.931900024, -53.2776145935, -51.3478088379, -11.4112186432, 105.568336487, 47.909362793, 55.9387359619, -9.68065452576, 35.1492614746, 29.5446395874], [2.96333551407, 115.053779602, -38.4709091187, -53.2776145935, 44.8761978149, 22.9532203674, -0.414510905743, -37.0960235596, -13.1464357376, -21.3858184814, -2.50838923454, -19.462436676, -13.0070886612], [-20.4792461395, 53.2119140625, -28.272436142, -51.3478088379, 22.9532203674, 60.5121574402, 12.8799448013, -19.4077606201, -14.6093616486, -14.3882360458, 5.62586116791, -10.6257219315, -11.3247413635], [22.9893474579, 15.372382164, -16.2450561523, -11.4112186432, -0.414510905743, 12.8799448013, 31.7310009003, -1.22752594948, -10.9481897354, -3.49827170372, 9.16756343842, -0.653538942337, 2.34192156792], [-64.1430511475, -172.70904541, 77.6582107544, 105.568336487, -37.0960235596, -19.4077606201, -1.22752594948, 73.1990585327, 31.5281906128, 33.2992095947, 0.228290304542, 27.5861358643, 19.3711261749], [-43.0493736267, -69.2585525513, 31.2748012543, 47.909362793, -13.1464357376, -14.6093616486, -10.9481897354, 31.5281906128, 34.0708694458, 20.6032085419, -2.50176215172, 8.5267162323, 8.31297874451], [-8.42933940887, -98.5279922485, 33.9946861267, 55.9387359619, -21.3858184814, -14.3882360458, -3.49827170372, 33.2992095947, 20.6032085419, 31.1401615143, 5.48722314835, 14.9219388962, 13.035194397], [17.0200080872, 3.10937190056, -10.843670845, -9.68065452576, -2.50838923454, 5.62586116791, 9.16756343842, 0.228290304542, -2.50176215172, 5.48722314835, 16.3211193085, 6.45108652115, 3.58486366272], [-9.14523506165, -73.6844482422, 27.66381073, 35.1492614746, -19.462436676, -10.6257219315, -0.653538942337, 27.5861358643, 8.5267162323, 14.9219388962, 6.45108652115, 26.7352466583, 14.1462440491], [-0.639689147472, -54.3306465149, 12.4569101334, 29.5446395874, -13.0070886612, -11.3247413635, 2.34192156792, 19.3711261749, 8.31297874451, 13.035194397, 3.58486366272, 14.1462440491, 21.5115432739]],
        "icov": [[0.00649215094745, -0.0124507052824, 0.0117906490341, -0.0161194708198, 0.017425365746, -0.00559884216636, 0.00440402841195, -0.000300582003547, 0.0144418571144, -0.0186315383762, 0.00775070348755, -0.00936848670244, 0.00201650429517], [-0.0124507052824, 0.0858298689127, -0.0513090193272, 0.0830429643393, -0.103735782206, 0.0537869744003, -0.044127471745, 0.0543019250035, -0.0685803964734, 0.0998969301581, -0.0608344115317, 0.046097394079, -0.000646578962915], [0.0117906490341, -0.0513090193272, 0.0763250365853, -0.0720257908106, 0.0655367821455, -0.033816203475, 0.0385600440204, -0.0494655072689, 0.0563693717122, -0.0613205209374, 0.0473288223147, -0.0429621525109, 0.0233961082995], [-0.0161194708198, 0.0830429643393, -0.0720257908106, 0.117563210428, -0.110554225743, 0.0616680160165, -0.0473365485668, 0.0224455017596, -0.0642769113183, 0.076914191246, -0.0450339205563, 0.0580085068941, -0.0123491203412], [0.017425365746, -0.103735782206, 0.0655367821455, -0.110554225743, 0.179439097643, -0.0794043540955, 0.058307684958, -0.0358222834766, 0.0714611411095, -0.100948520005, 0.0658660903573, -0.0462342239916, -0.00200475729071], [-0.00559884216636, 0.0537869744003, -0.033816203475, 0.0616680160165, -0.0794043540955, 0.0643376335502, -0.036671385169, 0.0206683371216, -0.0335465073586, 0.0549429766834, -0.042301081121, 0.0321023240685, 0.00741374399513], [0.00440402841195, -0.044127471745, 0.0385600440204, -0.0473365485668, 0.058307684958, -0.036671385169, 0.0815592929721, -0.0561034679413, 0.0567160882056, -0.0353370979428, 0.00212066993117, -0.0039928550832, -0.00927527062595], [-0.000300582003547, 0.0543019250035, -0.0494655072689, 0.0224455017596, -0.0358222834766, 0.0206683371216, -0.0561034679413, 0.161890998483, -0.0857535675168, 0.0622419379652, -0.0421016588807, -0.00823143776506, -0.0076464493759], [0.0144418571144, -0.0685803964734, 0.0563693717122, -0.0642769113183, 0.0714611411095, -0.0335465073586, 0.0567160882056, -0.0857535675168, 0.14021243155, -0.121556259692, 0.0596859678626, -0.0226679127663, 0.00388683425263], [-0.0186315383762, 0.0998969301581, -0.0613205209374, 0.076914191246, -0.100948520005, 0.0549429766834, -0.0353370979428, 0.0622419379652, -0.121556259692, 0.239530473948, -0.129237473011, 0.0611406192183, -0.0195339526981], [0.00775070348755, -0.0608344115317, 0.0473288223147, -0.0450339205563, 0.0658660903573, -0.042301081121, 0.00212066993117, -0.0421016588807, 0.0596859678626, -0.129237473011, 0.173306167126, -0.0753004178405, 0.0121515775099], [-0.00936848670244, 0.046097394079, -0.0429621525109, 0.0580085068941, -0.0462342239916, 0.0321023240685, -0.0039928550832, -0.00823143776506, -0.0226679127663, 0.0611406192183, -0.0753004178405, 0.131541281939, -0.0440968312323], [0.00201650429517, -0.000646578962915, 0.0233961082995, -0.0123491203412, -0.00200475729071, 0.00741374399513, -0.00927527062595, -0.0076464493759, 0.00388683425263, -0.0195339526981, 0.0121515775099, -0.0440968312323, 0.0962205901742]]
    },
    "melbands": {
        "dmean": [6.23692949375e-06, 3.56151867891e-05, 0.000908963207621, 0.000522650138009, 0.000142365490319, 0.00107403472066, 0.00112106150482, 7.73378560552e-05, 0.000110644017695, 2.08104702324e-05, 5.41951449122e-05, 3.052736065e-05, 3.80755409424e-05, 2.69478478003e-05, 1.69291433849e-05, 1.42236176544e-05, 2.95735526379e-06, 8.24558185286e-07, 1.0806658679e-07, 1.6363939892e-07, 4.16753664467e-07, 7.15998282885e-07, 2.88637210133e-07, 5.77235823584e-08, 8.02956563462e-08, 9.21209704074e-08, 7.57751479341e-08, 7.98708086336e-08, 3.2647939463e-08, 3.58752174634e-08, 1.60331090626e-08, 8.7541609517e-09, 2.91507396e-09, 1.30051658331e-09, 1.03472752588e-09, 7.34525940072e-10, 6.20061613166e-10, 5.0556159259e-10, 3.83345938326e-10, 3.6454264607e-10],
        "dmean2": [9.0285366241e-06, 5.50353761355e-05, 0.00166682363488, 0.00100663292687, 0.000240544250119, 0.00174707209226, 0.00192412687466, 0.000139723400935, 0.00019025405345, 2.93530920317e-05, 8.91350937309e-05, 4.59093316749e-05, 6.02572472417e-05, 4.57313617517e-05, 2.74050908047e-05, 2.36458854488e-05, 4.89776903123e-06, 1.44377725064e-06, 1.73290558791e-07, 2.80846649048e-07, 6.6090439077e-07, 1.21517496154e-06, 4.55101002217e-07, 9.27261396555e-08, 1.38376265113e-07, 1.54281536879e-07, 1.15691996427e-07, 1.34413284059e-07, 5.46644329802e-08, 6.06884427157e-08, 2.58853489754e-08, 1.47198742084e-08, 4.43614611711e-09, 1.99337280016e-09, 1.49073986488e-09, 1.09595532649e-09, 9.39427979851e-10, 7.08850700359e-10, 5.82816184203e-10, 5.88238402432e-10],
        "dvar": [2.95478884416e-11, 6.53353426916e-10, 9.4795638006e-07, 3.40499013873e-07, 1.60956492579e-08, 8.69966868322e-07, 1.02187391349e-06, 3.90339272016e-09, 1.1996372784e-08, 3.75847630796e-10, 3.11275583087e-09, 1.99475302942e-09, 5.45424150289e-09, 3.72793884651e-09, 7.23597959329e-10, 2.7878913067e-10, 2.2846381037e-11, 8.82706776596e-13, 1.78163842864e-14, 8.81810426003e-14, 2.41787872276e-13, 3.62494837749e-13, 6.17194826063e-14, 3.29472777186e-15, 8.17570007327e-15, 1.02461162588e-14, 2.48964667241e-14, 6.26949528534e-14, 2.06669834614e-15, 1.32272199175e-15, 3.02162301502e-16, 8.07185804263e-17, 1.67521345573e-17, 3.64981368452e-18, 1.62925432896e-18, 1.03055030738e-18, 1.04103440805e-18, 5.89142175594e-19, 3.26208781673e-19, 3.26930522607e-19],
        "dvar2": [5.97504823396e-11, 1.98477234647e-09, 3.52049323737e-06, 1.2959507103e-06, 3.26166578191e-08, 2.58147520071e-06, 3.30878674504e-06, 1.19378080754e-08, 2.95403346229e-08, 7.10199454801e-10, 9.14055764412e-09, 3.5744776028e-09, 7.85396014891e-09, 1.03794226547e-08, 1.98522931427e-09, 7.72849451103e-10, 5.2806304468e-11, 2.20187821968e-12, 4.53788279197e-14, 2.55632835863e-13, 5.86659085026e-13, 8.14412827541e-13, 1.70119980928e-13, 7.22879770637e-15, 1.97498403265e-14, 2.75134580239e-14, 6.25290021584e-14, 1.64480638853e-13, 5.35701964084e-15, 3.59969605529e-15, 7.89092452591e-16, 2.04693624691e-16, 3.67897378635e-17, 7.16211934555e-18, 2.7078094428e-18, 1.72704186322e-18, 1.88817726693e-18, 9.73432555502e-19, 4.02175549865e-19, 5.92843136751e-19],
        "max": [3.62768259947e-05, 0.000154671186465, 0.00698993960395, 0.00346971047111, 0.000997813767754, 0.0068843648769, 0.00758839445189, 0.000553736637812, 0.000825194874778, 0.000235615152633, 0.000424915750045, 0.000590136507526, 0.000809080956969, 0.000485166732688, 0.000201274146093, 0.000134439978865, 4.85585878778e-05, 8.73773751664e-06, 9.53614971877e-07, 2.21045615945e-06, 4.53995335192e-06, 5.11920325152e-06, 1.69274971995e-06, 4.98558677009e-07, 8.61652381445e-07, 8.73193812367e-07, 1.33039452521e-06, 2.09443351196e-06, 3.86218943049e-07, 2.75643486702e-07, 1.43808335906e-07, 7.44835091382e-08, 4.47948522719e-08, 1.6946430037e-08, 9.96668170217e-09, 8.04134980825e-09, 7.76026443106e-09, 6.90053481023e-09, 5.12319298096e-09, 4.36236913259e-09],
        "mean": [1.21211814985e-05, 5.70815791434e-05, 0.00182439107448, 0.000897262361832, 0.000469253893243, 0.003469373798, 0.0031262000557, 0.000209661084227, 0.000229442754062, 8.90765804797e-05, 0.000154579029186, 0.00010147379362, 7.68489771872e-05, 6.23346350039e-05, 3.43646170222e-05, 2.63496567641e-05, 5.47832769371e-06, 1.47928199112e-06, 1.76801478347e-07, 3.48278092588e-07, 1.160691113e-06, 2.2884705686e-06, 7.21401022474e-07, 2.08248721378e-07, 3.1531740774e-07, 2.83395223732e-07, 1.74219465521e-07, 1.48141140244e-07, 8.17996621549e-08, 9.03797001683e-08, 4.81518291906e-08, 2.56315750846e-08, 8.46305869828e-09, 3.69453467819e-09, 2.89843304913e-09, 1.88975146642e-09, 1.46080891827e-09, 1.53080836895e-09, 1.24783017252e-09, 1.222379864e-09],
        "median": [1.0228208339e-05, 5.22431837453e-05, 0.00137425202411, 0.000653238152154, 0.000476621091366, 0.00306199444458, 0.00297292228788, 0.000192955325474, 0.000189617509022, 7.35018256819e-05, 0.000139142517583, 7.50650724513e-05, 3.74886367354e-05, 4.43361677753e-05, 2.16807402467e-05, 1.41573646033e-05, 3.8531447899e-06, 1.23438837818e-06, 1.21913956264e-07, 2.87056252546e-07, 7.07407934897e-07, 2.07078755921e-06, 6.65419406687e-07, 2.0350240959e-07, 3.05244867604e-07, 2.59730484231e-07, 1.49933867988e-07, 1.19067216531e-07, 7.68842127741e-08, 7.91906984432e-08, 4.33173497072e-08, 2.46884876987e-08, 7.54014362059e-09, 2.95233171244e-09, 2.38555686316e-09, 1.64943614323e-09, 1.12212017456e-09, 1.37423294966e-09, 1.02995589835e-09, 1.07215558653e-09],
        "min": [6.59714032736e-07, 6.77598336551e-06, 2.2816731871e-05, 1.71376268554e-05, 7.63453954278e-06, 9.83625341178e-06, 1.57381637109e-05, 6.25008942734e-06, 2.18602076529e-06, 1.95008760784e-06, 3.35652862304e-06, 1.34308083943e-06, 3.61702348073e-07, 1.96051345824e-07, 1.0265884498e-07, 1.71466226107e-07, 5.67131337448e-08, 4.62857379091e-08, 3.00567393197e-08, 2.58902961292e-08, 4.55145432454e-08, 3.75985038659e-08, 4.14699243834e-08, 1.92085725104e-08, 1.80363564084e-08, 2.00090966018e-08, 1.34065913926e-08, 1.096060398e-08, 5.27751975454e-09, 6.44604236655e-09, 4.58835458517e-09, 2.23943708022e-09, 1.09906195256e-09, 2.58913446238e-10, 2.95693136643e-10, 2.11891046376e-10, 1.18833096141e-10, 9.7374316943e-11, 1.13795646517e-10, 1.06760010554e-10],
        "var": [7.18076709205e-11, 1.08269204713e-09, 2.0800753191e-06, 5.65440871014e-07, 6.31128997952e-08, 2.28839144256e-06, 3.18538809552e-06, 8.91806894998e-09, 2.33835333319e-08, 3.44628880988e-09, 9.0650313922e-09, 1.00894803623e-08, 1.84002679759e-08, 4.41981740096e-09, 1.35255040501e-09, 7.54823925586e-10, 5.13239936661e-11, 1.45996192566e-12, 2.49383914669e-14, 6.94238910066e-14, 1.06128896903e-12, 9.94618775361e-13, 9.86591179846e-14, 1.01560817387e-14, 2.50108619118e-14, 2.16900523014e-14, 2.53815116711e-14, 5.12988055626e-14, 2.70852019774e-15, 2.98849931516e-15, 7.64878109969e-16, 1.89154236174e-16, 3.24384866e-17, 7.7583800824e-18, 3.60567325908e-18, 1.77386007909e-18, 1.61651233541e-18, 1.14538830881e-18, 7.10176690389e-19, 6.28360359399e-19]
    },
    "mfcc": {
        "mean": [-752.210876465, 235.447433472, -8.53962516785, 12.7444944382, -35.4066200256, -22.0891418457, -5.04812860489, -15.413693428, -17.345998764, -28.8675842285, -7.92225265503, 5.59575033188, -5.79170370102],
        "cov": [[392.4246521, 190.377166748, -134.060028076, -28.7436256409, -67.217880249, 33.3704223633, 32.5538444519, -29.7889003754, -37.4125823975, -46.9414749146, -11.9983320236, 8.08749580383, -2.94819021225], [190.377166748, 484.707672119, -184.695556641, -283.972351074, -9.85629749298, 58.8602828979, 60.7890663147, -34.9332504272, -73.6068649292, -125.478317261, -42.7662239075, 50.4339065552, -15.2681627274], [-134.060028076, -184.695556641, 117.91558075, 116.893043518, 21.808298111, -30.3146152496, -28.6385231018, 23.3864212036, 29.6894512177, 46.2007598877, 21.7937698364, -15.830283165, 5.38443040848], [-28.7436256409, -283.972351074, 116.893043518, 264.115264893, -3.67608547211, -46.6405067444, -36.779132843, 13.6152954102, 49.1930389404, 71.1174163818, 34.9444923401, -42.230304718, 4.08935451508], [-67.217880249, -9.85629749298, 21.808298111, -3.67608547211, 49.1286354065, 1.11081933975, -17.3829288483, -0.877259969711, 6.55220127106, 4.71847486496, -2.41096830368, 5.09502077103, 3.15002918243], [33.3704223633, 58.8602828979, -30.3146152496, -46.6405067444, 1.11081933975, 35.3798103333, 24.5706062317, 2.10851478577, -10.0952186584, -7.4449224472, -5.53922986984, 6.17502975464, -0.610577523708], [32.5538444519, 60.7890663147, -28.6385231018, -36.779132843, -17.3829288483, 24.5706062317, 47.8686256409, 11.1862230301, -12.4628038406, -10.5801496506, -2.88723993301, 3.25146007538, -0.937906801701], [-29.7889003754, -34.9332504272, 23.3864212036, 13.6152954102, -0.877259969711, 2.10851478577, 11.1862230301, 25.2691726685, 7.21442747116, 10.2581367493, 5.65135574341, -3.13114595413, 3.95003223419], [-37.4125823975, -73.6068649292, 29.6894512177, 49.1930389404, 6.55220127106, -10.0952186584, -12.4628038406, 7.21442747116, 24.6987419128, 23.4450702667, 5.83395338058, -9.27050685883, 2.32498955727], [-46.9414749146, -125.478317261, 46.2007598877, 71.1174163818, 4.71847486496, -7.4449224472, -10.5801496506, 10.2581367493, 23.4450702667, 57.5917472839, 16.1186141968, -15.9416055679, 3.1162071228], [-11.9983320236, -42.7662239075, 21.7937698364, 34.9444923401, -2.41096830368, -5.53922986984, -2.88723993301, 5.65135574341, 5.83395338058, 16.1186141968, 21.364490509, 0.21421135962, -0.394077420235], [8.08749580383, 50.4339065552, -15.830283165, -42.230304718, 5.09502077103, 6.17502975464, 3.25146007538, -3.13114595413, -9.27050685883, -15.9416055679, 0.21421135962, 24.052406311, 3.94007301331], [-2.94819021225, -15.2681627274, 5.38443040848, 4.08935451508, 3.15002918243, -0.610577523708, -0.937906801701, 3.95003223419, 2.32498955727, 3.1162071228, -0.394077420235, 3.94007301331, 15.2327280045]],
