{
"lowlevel": {
    "average_loudness": 0.730088531971,
    "barkbands_crest": {
        "dmean": 2.20694446564,
        "dmean2": 3.86212587357,
        "dvar": 7.05645179749,
        "dvar2": 16.6090698242,
        "max": 25.3393268585,
        "mean": 11.6222610474,
        "median": 8.268242836,
        "min": 2.31015968323,
        "var": 62.1065254211
    },
    "barkbands_flatness_db": {
        "dmean": 0.0190479625016,
        "dmean2": 0.029512071982,
        "dvar": 0.000683581049088,
        "dvar2": 0.00137973949313,
        "max": 0.357655674219,
        "mean": 0.12251342088,
        "median": 0.056819498539,
        "min": 0.0251231063157,
        "var": 0.0131531711668
    },
    "barkbands_kurtosis": {
        "dmean": 10.8142671585,
        "dmean2": 17.0497093201,
        "dvar": 1183.36560059,
        "dvar2": 2073.29248047,
        "max": 257.880126953,
        "mean": 34.5544548035,
        "median": -0.0772545337677,
        "min": -1.38484621048,
        "var": 5635.70458984
    },
    "barkbands_skewness": {
        "dmean": 0.760844767094,
        "dmean2": 1.16018915176,
        "dvar": 2.18322110176,
        "dvar2": 3.89139842987,
        "max": 6.14782524109,
        "mean": -0.724003314972,
        "median": 0.770958304405,
        "min": -13.8105678558,
        "var": 25.7517776489
    },
    "barkbands_spread": {
        "dmean": 5.98015451431,
        "dmean2": 9.63259887695,
        "dvar": 55.0252914429,
        "dvar2": 130.663070679,
        "max": 61.5661468506,
        "mean": 34.7490501404,
        "median": 44.4497909546,
        "min": 0.659135341644,
        "var": 436.316650391
    },
    "dissonance": {
        "dmean": 0.0081885010004,
        "dmean2": 0.0131168318912,
        "dvar": 9.40101672313e-05,
        "dvar2": 0.00014420071966,
        "max": 0.499541401863,
        "mean": 0.480281054974,
        "median": 0.490816861391,
        "min": 0.37195584178,
        "var": 0.000919616781175
    },
    "dynamic_complexity": 13.560087204,
    "erbbands_crest": {
        "dmean": 1.37969994545,
        "dmean2": 2.38991093636,
        "dvar": 2.20593142509,
        "dvar2": 5.07689189911,
        "max": 19.4566173553,
        "mean": 6.46876716614,
        "median": 5.06959867477,
        "min": 3.07086968422,
        "var": 17.6341819763
    },
    "erbbands_flatness_db": {
        "dmean": 0.0109655028209,
        "dmean2": 0.0152602586895,
        "dvar": 0.00016764983593,
        "dvar2": 0.000390521949157,
        "max": 0.26849681139,
        "mean": 0.11866171658,
        "median": 0.0973796918988,
        "min": 0.0696040913463,
        "var": 0.00269483681768
    },
    "erbbands_kurtosis": {
        "dmean": 0.539241373539,
        "dmean2": 0.859171569347,
        "dvar": 0.611555159092,
        "dvar2": 0.970192074776,
        "max": 11.0093231201,
        "mean": 0.999055802822,
        "median": -0.175453901291,
        "min": -1.34709405899,
        "var": 9.66076278687
    },
    "erbbands_skewness": {
        "dmean": 0.233384758234,
        "dmean2": 0.376461684704,
        "dvar": 0.0660702809691,
        "dvar2": 0.145996078849,
        "max": 3.02029967308,
        "mean": -0.273416221142,
        "median": -0.552144348621,
        "min": -1.52482545376,
        "var": 1.26421654224
    },
    "erbbands_spread": {
        "dmean": 4.70375013351,
        "dmean2": 7.74694633484,
        "dvar": 12.269908905,
        "dvar2": 30.8647422791,
        "max": 53.9038848877,
        "mean": 36.540271759,
        "median": 37.9138679504,
        "min": 11.7874937057,
        "var": 106.688461304
    },
    "hfc": {
        "dmean": 10.526052475,
        "dmean2": 19.6798591614,
        "dvar": 5533.90380859,
        "dvar2": 16079.2529297,
        "max": 631.378845215,
        "mean": 8.40046596527,
        "median": 0.700391232967,
        "min": 0.00330618349835,
        "var": 3319.21679688
    },
    "melbands_crest": {
        "dmean": 4.43449878693,
        "dmean2": 7.73317241669,
        "dvar": 23.3774642944,
        "dvar2": 55.8249816895,
        "max": 33.0624504089,
        "mean": 13.052734375,
        "median": 12.1583890915,
        "min": 3.14423704147,
        "var": 38.897354126
    },
    "melbands_flatness_db": {
        "dmean": 0.0244496650994,
        "dmean2": 0.0397157967091,
        "dvar": 0.000603156338912,
        "dvar2": 0.00142349093221,
        "max": 0.392110139132,
        "mean": 0.139137759805,
        "median": 0.12796227634,
        "min": 0.0195370800793,
        "var": 0.00824029743671
    },
    "melbands_kurtosis": {
        "dmean": 3.04585790634,
        "dmean2": 5.24122667313,
        "dvar": 24.231300354,
        "dvar2": 46.7521018982,
        "max": 54.7744064331,
        "mean": 8.26911354065,
        "median": 3.72057676315,
        "min": -1.7092499733,
        "var": 212.280639648
    },
    "melbands_skewness": {
        "dmean": 0.592913091183,
        "dmean2": 0.981042146683,
        "dvar": 0.398525893688,
        "dvar2": 0.793243706226,
        "max": 5.44612121582,
        "mean": 1.96487879753,
        "median": 1.95636606216,
        "min": -1.11314046383,
        "var": 2.18013167381
    },
    "melbands_spread": {
        "dmean": 14.1727161407,
        "dmean2": 23.708480835,
        "dvar": 466.50592041,
        "dvar2": 1128.00708008,
        "max": 247.377990723,
        "mean": 57.6458129883,
        "median": 41.350315094,
        "min": 1.89881002903,
        "var": 2505.21191406
    },
    "pitch_salience": {
        "dmean": 0.0763784199953,
        "dmean2": 0.130299240351,
        "dvar": 0.00548190018162,
        "dvar2": 0.014729116112,
        "max": 0.83871024847,
        "mean": 0.649589300156,
        "median": 0.688799083233,
        "min": 0.286472141743,
        "var": 0.0195415653288
    },
    "silence_rate_20dB": {
        "dmean": 0.0166666675359,
        "dmean2": 0.0336134470999,
        "dvar": 0.0163888707757,
        "dvar2": 0.0492900945246,
        "max": 1,
        "mean": 0.991735517979,
        "median": 1,
        "min": 0,
        "var": 0.00819616578519
    },
    "silence_rate_30dB": {
        "dmean": 0.0166666675359,
        "dmean2": 0.0336134470999,
        "dvar": 0.0163888707757,
        "dvar2": 0.0324835851789,
        "max": 1,
        "mean": 0.975206613541,
        "median": 1,
        "min": 0,
        "var": 0.0241786148399
    },
    "silence_rate_60dB": {
        "dmean": 0.00833333376795,
        "dmean2": 0.01680672355,
        "dvar": 0.00826388411224,
        "dvar2": 0.016524206847,
        "max": 1,
        "mean": 0.859504103661,
        "median": 1,
        "min": 0,
        "var": 0.120756834745
    },
    "spectral_centroid": {
        "dmean": 217.250091553,
        "dmean2": 343.404052734,
        "dvar": 74037.9921875,
        "dvar2": 153230.234375,
        "max": 5213.99853516,
        "mean": 2579.53369141,
        "median": 2484.09082031,
        "min": 323.795562744,
        "var": 1616644.625
    },
    "spectral_complexity": {
        "dmean": 1.14999997616,
        "dmean2": 1.67226886749,
        "dvar": 12.5274991989,
        "dvar2": 18.489200592,
        "max": 47,
        "mean": 2.82644629478,
        "median": 1,
        "min": 0,
        "var": 50.4740104675
    },
    "spectral_decrease": {
        "dmean": 3.17519655013e-09,
        "dmean2": 5.94914784102e-09,
        "dvar": 4.92538965037e-16,
        "dvar2": 1.44563695443e-15,
        "max": 2.41137144974e-12,
        "mean": -3.34560135151e-09,
        "median": -9.14607972691e-11,
        "min": -1.92072263872e-07,
        "var": 3.18612528371e-16
    },
    "spectral_energy": {
        "dmean": 0.0129356784746,
        "dmean2": 0.0242348071188,
        "dvar": 0.00819099321961,
        "dvar2": 0.0240244008601,
        "max": 0.782194554806,
        "mean": 0.0133890258148,
        "median": 0.000407466985052,
        "min": 1.7630341631e-07,
        "var": 0.00526151806116
    },
    "spectral_energyband_high": {
        "dmean": 0.0001594524947,
        "dmean2": 0.000316021905746,
        "dvar": 1.35997595407e-06,
        "dvar2": 4.06570870837e-06,
        "max": 0.00926731154323,
        "mean": 0.000111930159619,
        "median": 3.69278568542e-05,
        "min": 8.9494569977e-08,
        "var": 6.99003351201e-07
    },
    "spectral_energyband_low": {
        "dmean": 0.000622198800556,
        "dmean2": 0.00122323585674,
        "dvar": 1.32548875627e-05,
        "dvar2": 4.16980365117e-05,
        "max": 0.0288334880024,
        "mean": 0.000440987321781,
        "median": 0.000133129229653,
        "min": 4.51364640108e-10,
        "var": 6.9357420216e-06
    },
    "spectral_energyband_middle_high": {
        "dmean": 0.00374250509776,
        "dmean2": 0.00688175857067,
        "dvar": 0.000690706365276,
        "dvar2": 0.00197704369202,
        "max": 0.223674014211,
        "mean": 0.00243564182892,
        "median": 0.000112416826596,
        "min": 5.01963914878e-10,
        "var": 0.000421278062277
    },
    "spectral_energyband_middle_low": {
        "dmean": 0.00891735963523,
        "dmean2": 0.0167957060039,
        "dvar": 0.00388215389103,
        "dvar2": 0.0114643247798,
        "max": 0.542452871799,
        "mean": 0.0106431236491,
        "median": 0.000104708538856,
        "min": 3.75906167305e-10,
        "var": 0.0026379309129
    },
    "spectral_entropy": {
        "dmean": 0.0762455463409,
        "dmean2": 0.119609087706,
        "dvar": 0.0220921430737,
        "dvar2": 0.0388983637094,
        "max": 9.30656814575,
        "mean": 8.05908489227,
        "median": 8.05798053741,
        "min": 6.13633918762,
        "var": 0.586876511574
    },
    "spectral_flux": {
        "dmean": 0.0156207699329,
        "dmean2": 0.0243834126741,
        "dvar": 0.00669903540984,
        "dvar2": 0.012703679502,
        "max": 0.789133548737,
        "mean": 0.0287768002599,
        "median": 0.0120385438204,
        "min": 0.00188526767306,
        "var": 0.00934296101332
    },
    "spectral_kurtosis": {
        "dmean": 1.01665341854,
        "dmean2": 1.70384204388,
        "dvar": 2.42966723442,
        "dvar2": 6.77992677689,
        "max": 16.1480140686,
        "mean": 6.1949763298,
        "median": 6.4979801178,
        "min": 0.64922118187,
        "var": 9.62908744812
    },
    "spectral_rms": {
        "dmean": 0.000474673986901,
        "dmean2": 0.000776761851739,
        "dvar": 6.09435119259e-06,
        "dvar2": 1.70144121512e-05,
        "max": 0.027624566108,
        "mean": 0.00158761721104,
        "median": 0.000630498805549,
        "min": 1.31150036395e-05,
        "var": 1.05419421743e-05
    },
    "spectral_rolloff": {
        "dmean": 618.900390625,
        "dmean2": 1085.52697754,
        "dvar": 2612385.75,
        "dvar2": 4863699,
        "max": 21640.8691406,
        "mean": 5966.4765625,
        "median": 3294.58007812,
        "min": 279.931640625,
        "var": 51329336
    },
    "spectral_skewness": {
        "dmean": 0.123167403042,
        "dmean2": 0.205949321389,
        "dvar": 0.0214348230511,
        "dvar2": 0.0599764250219,
        "max": 2.86108255386,
        "mean": 1.5929043293,
        "median": 1.57204401493,
        "min": 1.00452840328,
        "var": 0.127602621913
    },
    "spectral_spread": {
        "dmean": 492591,
        "dmean2": 832849.1875,
        "dvar": 1.9037945856e+12,
        "dvar2": 3.55718057165e+12,
        "max": 21344914,
        "mean": 6998397.5,
        "median": 4515005.5,
        "min": 1715824.125,
        "var": 3.63172997366e+13
    },
    "spectral_strongpeak": {
        "dmean": 0.121037706733,
        "dmean2": 0.198045089841,
        "dvar": 0.204248681664,
        "dvar2": 0.382041215897,
        "max": 4.82546234131,
        "mean": 0.36999180913,
        "median": 0.0471846498549,
        "min": 0,
        "var": 0.66178393364
    },
    "zerocrossingrate": {
        "dmean": 0.0204427074641,
        "dmean2": 0.0221573002636,
        "dvar": 0.00254613556899,
        "dvar2": 0.00152949732728,
        "max": 0.8251953125,
        "mean": 0.228374391794,
        "median": 0.13623046875,
        "min": 0.00537109375,
        "var": 0.0633095651865
    },
    "barkbands": {
        "dmean": [1.46226857396e-05, 0.000132408546051, 0.000184539763723, 0.000860860280227, 0.00152465736028, 0.000440755480668, 0.000867243797984, 0.00374037376605, 0.00150786305312, 0.00145995640196, 0.000254623708315, 0.000220302055823, 0.000377599761123, 0.000689748383593, 0.000240392750129, 8.18324915599e-05, 0.000367667002138, 4.63100222987e-05, 0.000123634250485, 6.57742930343e-05, 7.46971709304e-05, 2.07549983315e-05, 2.04994230444e-05, 1.31229262479e-05, 5.27917245563e-06, 5.10073186888e-06, 1.8493897187e-06],
        "dmean2": [2.62511603069e-05, 0.00025029401877, 0.000359760248102, 0.00169709417969, 0.002811714774, 0.000742356700357, 0.00162987783551, 0.00742469588295, 0.00256387051195, 0.0027701088693, 0.000507269636728, 0.000350451940903, 0.000605260429438, 0.00133600877598, 0.000465955090476, 0.000130102809635, 0.000726967467926, 7.67771125538e-05, 0.000241671994445, 0.000127723018522, 0.000148778082803, 4.08628657169e-05, 4.11128385167e-05, 2.62986450252e-05, 1.05227254608e-05, 1.01519426607e-05, 3.42140378962e-06],
        "dvar": [6.49563558497e-09, 3.57115368388e-07, 1.17681668144e-06, 2.65550643235e-05, 9.84430153039e-05, 7.6547403296e-06, 3.65014966519e-05, 0.000782051123679, 0.0001007220053, 0.000110516419227, 2.69862312052e-06, 1.98383372663e-06, 6.00507019044e-06, 2.51178225881e-05, 3.11743178827e-06, 2.53572949305e-07, 7.16142994861e-06, 7.88853569134e-08, 7.86619125392e-07, 2.14106577801e-07, 2.95017088092e-07, 1.9930489259e-08, 2.38178063938e-08, 9.74493818973e-09, 1.50495016449e-09, 1.34775746119e-09, 7.46411613073e-11],
        "dvar2": [1.79529404676e-08, 1.07609901079e-06, 3.56848681804e-06, 8.69782234076e-05, 0.000268694129772, 2.05741162063e-05, 0.000107038446004, 0.00234176288359, 0.000269642303465, 0.000318603793858, 8.26354698802e-06, 4.34726143794e-06, 1.51282865772e-05, 7.43992059142e-05, 9.26473785512e-06, 6.65232164465e-07, 2.13987732423e-05, 2.05049389024e-07, 2.33417995332e-06, 6.36877018678e-07, 8.83980249e-07, 5.96532743202e-08, 7.14600005836e-08, 2.9233554244e-08, 4.51211956687e-09, 4.04679889598e-09, 2.23420046352e-10],
        "max": [0.000594449113123, 0.00476025603712, 0.00875779427588, 0.0392880775034, 0.0987354367971, 0.0263588763773, 0.0509807392955, 0.222886994481, 0.0899611189961, 0.0871005654335, 0.0137789864093, 0.0129779120907, 0.022464973852, 0.0412453189492, 0.014347220771, 0.00475552259013, 0.021647490561, 0.00256815436296, 0.00715154921636, 0.00374737312086, 0.00429122522473, 0.00112006021664, 0.00121207209304, 0.00077544816304, 0.00030599051388, 0.000289456220344, 7.38283342798e-05],
        "mean": [1.04862574517e-05, 0.000118028066936, 0.000135936890729, 0.000474728032714, 0.00548075558618, 0.000590870447922, 0.000567740004044, 0.00231323298067, 0.00107387418393, 0.000839739164803, 0.000181565410458, 0.000198985333554, 0.000286423950456, 0.000408091553254, 0.00013847455557, 7.60803595767e-05, 0.000224167946726, 4.40665717178e-05, 8.07100877864e-05, 4.47739330411e-05, 4.85055497847e-05, 1.49044017235e-05, 1.11521976578e-05, 7.24674100638e-06, 3.54959433935e-06, 3.95298411604e-06, 7.23670700609e-06],
        "median": [1.69142731465e-06, 5.96688041696e-05, 3.3663243812e-05, 7.62232548368e-06, 2.96861398965e-05, 9.53919334279e-06, 9.1127358246e-06, 1.53420969582e-05, 1.63189670275e-05, 1.16285546028e-05, 7.35485173209e-06, 6.84080305291e-06, 6.80668517816e-06, 5.64740776099e-06, 3.06221522806e-06, 7.1629165177e-06, 2.2716480089e-05, 1.29860382003e-05, 1.64849643625e-05, 1.07023361124e-05, 1.38865798363e-05, 5.89826095165e-06, 1.09780762614e-06, 8.39135282149e-07, 1.14318868327e-06, 1.73287435246e-06, 6.72595297146e-06],
        "min": [2.7492856082e-12, 3.83843547225e-11, 7.69987060223e-11, 2.23680518552e-11, 1.4417907146e-10, 4.30045304922e-11, 1.20078001362e-11, 3.84602592829e-12, 2.89092135647e-11, 4.32631326597e-11, 2.74905861963e-11, 1.69132294975e-11, 1.60402108262e-11, 9.06179783988e-11, 4.42116794563e-11, 4.09911757315e-11, 9.96052615387e-11, 6.91653956331e-11, 4.36193928199e-11, 5.20322014641e-11, 1.44646086775e-10, 2.82857876011e-10, 4.44212250317e-10, 1.00950170445e-09, 1.45733480839e-09, 6.85710244142e-09, 9.68214166619e-08],
        "var": [3.74225095356e-09, 1.86318445117e-07, 6.29435248811e-07, 1.37938050102e-05, 0.000264529488049, 6.6811776378e-06, 2.182694152e-05, 0.000407085783081, 7.26291982573e-05, 6.29067289992e-05, 1.67207952018e-06, 1.93432151718e-06, 4.80918879475e-06, 1.41044993143e-05, 1.69562872543e-06, 2.25787772479e-07, 3.84771374229e-06, 5.94235487483e-08, 4.17913611273e-07, 1.14770280391e-07, 1.5007323384e-07, 1.01914592321e-08, 1.20195080555e-08, 4.91828577864e-09, 7.62610252725e-10, 6.79815870264e-10, 3.80459448668e-11]
    },
    "erbbands": {
        "dmean": [0.00274074100889, 0.0350815020502, 0.193338721991, 1.54453647137, 5.11276388168, 4.74986219406, 3.91513800621, 3.31016111374, 11.2043361664, 45.7958335876, 60.7798080444, 36.820980072, 39.4644737244, 35.7730140686, 5.33007907867, 12.2035541534, 15.8337860107, 29.5104179382, 28.7076244354, 4.91706609726, 6.47022914886, 21.9339466095, 3.96593546867, 6.16492938995, 5.26774168015, 3.19646906853, 2.78918170929, 2.370190382, 0.937080323696, 0.585920572281, 0.524597883224, 0.460355550051, 0.0818716585636, 0.0322019979358, 0.0565389879048, 0.0260684974492, 0.00877778790891, 0.00165663624648, 0.00035141792614, 4.2875737563e-05],
        "dmean2": [0.00503341434523, 0.0669069588184, 0.375166475773, 3.049254179, 10.1285610199, 8.01981639862, 6.5385017395, 5.41402816772, 20.8827381134, 89.824005127, 120.797996521, 67.1855163574, 68.5949935913, 66.9303436279, 8.35186481476, 19.0431842804, 25.8480205536, 54.3031005859, 57.0609741211, 8.50705432892, 11.2355899811, 43.4944114685, 6.84961891174, 12.0100059509, 10.2451963425, 6.2419090271, 5.50812387466, 4.70859670639, 1.85181713104, 1.17279744148, 1.05171430111, 0.923264086246, 0.163615658879, 0.0638454556465, 0.113017052412, 0.0521055534482, 0.0173974372447, 0.00321710878052, 0.000659552344587, 7.87851968198e-05],
        "dvar": [0.000160293333465, 0.0262830369174, 1.16368877888, 89.6143035889, 1170.11560059, 998.552124023, 528.412658691, 379.016906738, 6187.56396484, 114675.84375, 205067.46875, 65870.59375, 71423.1484375, 64670.2304688, 1024.83996582, 6141.61621094, 10623.3759766, 43091.1835938, 45346.2929688, 1059.02648926, 1793.2911377, 25551.3828125, 644.748840332, 1952.5682373, 1420.06323242, 519.824951172, 390.444671631, 295.30368042, 42.70936203, 18.919588089, 15.6043701172, 12.1078939438, 0.36150676012, 0.0506105571985, 0.176281660795, 0.0367198400199, 0.00383417587727, 0.00010996308265, 3.16551154356e-06, 4.0514489541e-08],
        "dvar2": [0.000486408913275, 0.0791428312659, 3.55893754959, 289.70904541, 3657.76196289, 1936.63989258, 1357.92944336, 1011.21258545, 17995.1445312, 342360.5625, 614640.75, 186817.625, 193336.28125, 186011.59375, 2407.56713867, 15148.4580078, 27327.5878906, 123565.890625, 135666.78125, 2967.89599609, 5025.77050781, 76440.6171875, 1745.80163574, 5772.67822266, 4215.64746094, 1548.19165039, 1166.20935059, 884.246704102, 127.858551025, 56.7417449951, 46.8044090271, 36.3230552673, 1.08419167995, 0.151724860072, 0.528548240662, 0.110263414681, 0.0115136392415, 0.000328608177369, 9.44290877669e-06, 1.20256459013e-07],
        "max": [0.100550837815, 1.29077744484, 8.62793636322, 73.3869247437, 274.366821289, 316.09967041, 256.470703125, 199.296585083, 664.25378418, 2728.11035156, 3617.296875, 2196.9309082, 2356.69750977, 2132.40795898, 310.15032959, 723.969848633, 941.454650879, 1764.3338623, 1716.21679688, 290.97845459, 378.463470459, 1290.54577637, 226.766021729, 357.710876465, 304.933044434, 183.823898315, 157.612686157, 135.876068115, 51.774356842, 34.2213363647, 31.0398921967, 27.3148994446, 4.73821592331, 1.78313469887, 3.30613303185, 1.50892961025, 0.488324820995, 0.0840201973915, 0.0147138535976, 0.00177914300002],
        "mean": [0.00270022358745, 0.0303951911628, 0.144562318921, 0.901865124702, 3.98798036575, 28.7633075714, 12.5936164856, 6.21620941162, 7.47846364975, 27.9253768921, 38.312702179, 23.7003574371, 26.3531284332, 21.7462806702, 5.75544929504, 9.75491714478, 11.9111318588, 18.4252433777, 16.125869751, 3.84010028839, 5.15894412994, 13.3014669418, 3.315294981, 4.10072088242, 3.5177628994, 2.13465476036, 1.89578652382, 1.57235014439, 0.662904202938, 0.339455395937, 0.287904918194, 0.244525954127, 0.0528559535742, 0.0257044397295, 0.0349941514432, 0.0170277766883, 0.00721186865121, 0.002448619809, 0.000883853877895, 0.000146885795402],
        "median": [0.00103071075864, 0.0156173268333, 0.0432516373694, 0.0330540984869, 0.0670859515667, 0.102530278265, 0.0956577435136, 0.0669433027506, 0.104909673333, 0.245702132583, 0.357241183519, 0.386713534594, 0.314749658108, 0.37616789341, 0.29861715436, 0.28546744585, 0.324665993452, 0.25890019536, 0.223393127322, 0.213316231966, 0.545234620571, 1.29627776146, 0.69435107708, 0.829463541508, 0.775873064995, 0.496825098991, 0.606850981712, 0.474395811558, 0.244157552719, 0.0579257719219, 0.0313690118492, 0.017729671672, 0.0141274416819, 0.0119767179713, 0.00838301330805, 0.00500477198511, 0.00356970494613, 0.00186883460265, 0.000777623383328, 0.000130791828269],
        "min": [2.05145056498e-09, 1.07250066606e-08, 8.20338215135e-08, 1.71186613329e-07, 2.25256286512e-07, 3.99296709475e-07, 4.23662498861e-07, 3.21823307559e-07, 2.2525824761e-07, 9.57605479357e-08, 2.10028687775e-07, 6.22349091373e-07, 1.16521266591e-06, 1.3079945802e-06, 1.03801642126e-06, 6.97557936746e-07, 8.26209429761e-07, 4.59479042547e-06, 2.85679288936e-06, 1.69958275364e-06, 3.59355249202e-06, 5.05303796672e-06, 4.37854305346e-06, 2.44284160544e-06, 1.84414489013e-06, 2.74213675766e-06, 2.95377981274e-06, 8.22864967631e-06, 8.25823826744e-06, 1.07326368379e-05, 1.3985071746e-05, 2.43353588303e-05, 1.19026935863e-05, 1.25263504742e-05, 1.29937880047e-05, 6.88936506776e-06, 1.73367570824e-05, 1.82733529073e-05, 1.10478458737e-05, 1.85219107607e-06],
        "var": [8.71525262482e-05, 0.0136125274003, 0.609736502171, 46.9457092285, 633.321838379, 6950.91748047, 1390.42089844, 465.787597656, 3684.11914062, 61015.9257812, 107238.015625, 40834.96875, 48763.046875, 37908.203125, 1183.86523438, 5143.32080078, 8282.015625, 26242.5878906, 24229.6992188, 756.841125488, 1274.66442871, 13669.703125, 450.529205322, 1046.02990723, 760.027587891, 276.029724121, 202.319351196, 150.392791748, 21.7918643951, 9.56851673126, 7.8815112114, 6.10717153549, 0.183006837964, 0.025777798146, 0.0891932025552, 0.018555406481, 0.00193128024694, 5.57223465876e-05, 1.61595664849e-06, 2.28261622937e-08]
    },
    "gfcc": {
        "mean": [-197.209457397, 23.5423965454, -90.2575912476, 9.94560146332, -32.9278259277, -16.4440422058, -11.2946500778, 1.47328233719, -16.6583061218, -3.4111161232, -14.7167549133, -0.15535761416, -8.20530223846],
        "cov": [[30430.0820312, 12605.4375, -4028.53857422, 2207.21362305, -1121.64379883, -1528.92431641, -232.092773438, 266.533508301, -1213.71655273, 381.920227051, -862.358581543, 0.509466528893, -232.364013672], [12605.4375, 5717.34472656, -1566.68225098, 876.970581055, -521.13067627, -820.335693359, -207.285339355, 17.2015266418, -550.20904541, 122.593719482, -350.63381958, 16.4597988129, -48.2529067993], [-4028.53857422, -1566.68225098, 687.145263672, -223.566696167, 138.191345215, 162.942520142, 15.9177570343, -38.9082603455, 155.592056274, -54.1787109375, 115.17855835, 15.5632619858, 42.3063087463], [2207.21362305, 876.970581055, -223.566696167, 385.209655762, 37.1272010803, -12.9151058197, 112.940200806, 107.316390991, -72.5307540894, 57.4986000061, -82.8891677856, 18.9070053101, -23.4926204681], [-1121.64379883, -521.13067627, 138.191345215, 37.1272010803, 164.43661499, 176.514053345, 113.905464172, 60.9255905151, 64.6241912842, 6.72837781906, 13.6674108505, -5.03275823593, -6.81087350845], [-1528.92431641, -820.335693359, 162.942520142, -12.9151058197, 176.514053345, 267.895843506, 137.797363281, 77.7659225464, 94.8259429932, 8.80003261566, 22.1590194702, -17.0144252777, -24.5220012665], [-232.092773438, -207.285339355, 15.9177570343, 112.940200806, 113.905464172, 137.797363281, 143.955078125, 94.712677002, 41.0299530029, 30.5385360718, -3.90394449234, 0.777333199978, -18.8904800415], [266.533508301, 17.2015266418, -38.9082603455, 107.316390991, 60.9255905151, 77.7659225464, 94.712677002, 89.7615127563, 27.0369701385, 35.3383140564, -10.0883998871, 3.04134678841, -17.5118312836], [-1213.71655273, -550.20904541, 155.592056274, -72.5307540894, 64.6241912842, 94.8259429932, 41.0299530029, 27.0369701385, 84.1778640747, 10.5493297577, 42.3384132385, -0.990564227104, 1.14848601818], [381.920227051, 122.593719482, -54.1787109375, 57.4986000061, 6.72837781906, 8.80003261566, 30.5385360718, 35.3383140564, 10.5493297577, 38.7215499878, 2.65676593781, 7.6035785675, -6.56054830551], [-862.358581543, -350.63381958, 115.17855835, -82.8891677856, 13.6674108505, 22.1590194702, -3.90394449234, -10.0883998871, 42.3384132385, 2.65676593781, 53.1126861572, 17.6251602173, 17.9525165558], [0.509466528893, 16.4597988129, 15.5632619858, 18.9070053101, -5.03275823593, -17.0144252777, 0.777333199978, 3.04134678841, -0.990564227104, 7.6035785675, 17.6251602173, 35.2335700989, 23.5159053802], [-232.364013672, -48.2529067993, 42.3063087463, -23.4926204681, -6.81087350845, -24.5220012665, -18.8904800415, -17.5118312836, 1.14848601818, -6.56054830551, 17.9525165558, 23.5159053802, 37.7405929565]],
        "icov": [[0.00222449330613, -0.00264538661577, 0.00421064347029, -0.00449254363775, 0.00666625052691, -0.003793355776, 0.00355000677519, -0.00420469557866, 0.00237329374067, -0.00105531141162, -0.000649545458145, 0.00142905057874, 0.000524220522493], [-0.00264538661577, 0.00530489487574, -0.0034940589685, 0.00341142714024, -0.00900406669825, 0.00829825736582, -0.00103911745828, 0.00156767491717, 0.00260341144167, -0.00274309259839, 0.00250205467455, 0.000206010576221, -0.00136492459569], [0.00421064347029, -0.0034940589685, 0.0162309519947, -0.0168710500002, 0.0116999074817, -0.00549723999575, 0.0106095923111, -0.00254615955055, -0.00973285920918, 0.0130235217512, -0.0112460525706, 0.00474296091124, 0.000383715843782], [-0.00449254363775, 0.00341142714024, -0.0168710500002, 0.036451920867, -0.0237533301115, 0.0131114879623, -0.0189587809145, -0.00347086763941, 0.0207039043307, -0.0274806134403, 0.0324846543372, -0.0229901764542, 0.00490224454552], [0.00666625052691, -0.00900406669825, 0.0116999074817, -0.0237533301115, 0.0566702745855, -0.0302647985518, -0.00258634099737, 1.16257706395e-06, -0.00872376468033, 0.0116531858221, -0.0107032172382, 0.0153503790498, -0.0112838093191], [-0.003793355776, 0.00829825736582, -0.00549723999575, 0.0131114879623, -0.0302647985518, 0.0355068221688, -0.0100318593904, -0.00274159084074, 0.00399929704145, -0.00781126786023, 0.0135247251019, -0.00588879594579, 0.00865001510829], [0.00355000677519, -0.00103911745828, 0.0106095923111, -0.0189587809145, -0.00258634099737, -0.0100318593904, 0.0596276894212, -0.0418933182955, 0.0139074902982, 0.000522732443642, -0.0153737207875, 0.0105232410133, 0.000679637363646], [-0.00420469557866, 0.00156767491717, -0.00254615955055, -0.00347086763941, 1.16257706395e-06, -0.00274159084074, -0.0418933182955, 0.0897279828787, -0.0596614219248, 0.010368312709, 0.00810205284506, -0.0184301454574, 0.00694186845794], [0.00237329374067, 0.00260341144167, -0.00973285920918, 0.0207039043307, -0.00872376468033, 0.00399929704145, 0.0139074902982, -0.0596614219248, 0.12195198983, -0.0704144611955, 0.00144650682341, 0.0201370213181, -0.00714596966282], [-0.00105531141162, -0.00274309259839, 0.0130235217512, -0.0274806134403, 0.0116531858221, -0.00781126786023, 0.000522732443642, 0.010368312709, -0.0704144611955, 0.117841988802, -0.0577855706215, 0.00301434169523, 0.00862745940685], [-0.000649545458145, 0.00250205467455, -0.0112460525706, 0.0324846543372, -0.0107032172382, 0.0135247251019, -0.0153737207875, 0.00810205284506, 0.00144650682341, -0.0577855706215, 0.116625376046, -0.0588495433331, 0.0060508819297], [0.00142905057874, 0.000206010576221, 0.00474296091124, -0.0229901764542, 0.0153503790498, -0.00588879594579, 0.0105232410133, -0.0184301454574, 0.0201370213181, 0.00301434169523, -0.0588495433331, 0.102534398437, -0.0508898049593], [0.000524220522493, -0.00136492459569, 0.000383715843782, 0.00490224454552, -0.0112838093191, 0.00865001510829, 0.000679637363646, 0.00694186845794, -0.00714596966282, 0.00862745940685, 0.0060508819297, -0.0508898049593, 0.0682937651873]]
    },
    "melbands": {
        "dmean": [3.09507959173e-05, 7.60485927458e-05, 0.000379229895771, 0.00038571836194, 0.000143458295497, 8.37249899632e-05, 0.000160335475812, 0.000647491076961, 0.000433898734627, 0.00022194700432, 0.000203007744858, 0.000163172429893, 2.33181290241e-05, 1.640762639e-05, 4.33645254816e-05, 3.03094966512e-05, 6.12137664575e-05, 5.84303161304e-05, 7.7361410149e-06, 6.02079171586e-06, 6.96663391864e-06, 2.51529254456e-05, 8.80341667653e-06, 1.92932452592e-06, 5.42645602764e-06, 4.68963935418e-06, 3.25718883687e-06, 1.73896046363e-06, 1.26200166051e-06, 2.32619640883e-06, 1.00258637303e-06, 6.25297445822e-07, 2.19770427634e-07, 3.97001599595e-07, 3.25929704559e-07, 3.07590823923e-07, 2.37532830738e-07, 6.00126739414e-08, 1.53520947066e-08, 2.8341849756e-08],
        "dmean2": [5.81136955589e-05, 0.000147706465214, 0.000749255530536, 0.000723368430045, 0.000230775229284, 0.000141381984577, 0.000297064572806, 0.00127601122949, 0.000863911176566, 0.000387760897866, 0.000352350383764, 0.0003071721585, 4.47082566097e-05, 2.88154751615e-05, 7.39229144529e-05, 4.63193973701e-05, 0.000113964066259, 0.000117454634164, 1.39425928865e-05, 1.08113836177e-05, 1.18508060041e-05, 5.04491072206e-05, 1.59859919222e-05, 3.24912775795e-06, 1.06474171844e-05, 9.13765961741e-06, 6.37822449789e-06, 3.37010783369e-06, 2.43743807005e-06, 4.63880314783e-06, 1.98291604647e-06, 1.23189886381e-06, 4.3596654109e-07, 7.96036829342e-07, 6.53089102798e-07, 6.16588124558e-07, 4.76402334471e-07, 1.19731524251e-07, 3.02716607337e-08, 5.61114781306e-08],
        "dvar": [2.01181524773e-08, 1.72618015881e-07, 5.58016245122e-06, 6.16849683865e-06, 7.00692567079e-07, 2.6922364782e-07, 1.2433191614e-06, 2.31316753343e-05, 1.04685686892e-05, 2.25522830988e-06, 1.88609305951e-06, 1.36093899528e-06, 2.24219522948e-08, 1.1661301258e-08, 8.29295814242e-08, 3.76863411589e-08, 1.88975548099e-07, 1.89232224557e-07, 2.81258993873e-09, 1.51595469511e-09, 1.98059546541e-09, 3.37306538256e-08, 3.51862139425e-09, 1.3525157383e-10, 1.52019863364e-09, 1.11932052516e-09, 5.3800525146e-10, 1.48136641842e-10, 7.05949465551e-11, 2.91176721623e-10, 4.82002528168e-11, 1.82361382939e-11, 2.34720728097e-12, 8.86538065181e-12, 6.00641975393e-12, 5.39335286501e-12, 3.20194543622e-12, 1.92995006911e-13, 9.73839115766e-15, 3.8365459491e-14],
        "dvar2": [6.07334342817e-08, 5.20863750353e-07, 1.7953252609e-05, 1.78822392627e-05, 1.44442822148e-06, 7.30285535155e-07, 3.61988304576e-06, 6.9160007115e-05, 3.13990894938e-05, 6.17042587692e-06, 5.09602250531e-06, 3.92290075979e-06, 6.29425684906e-08, 2.27499690197e-08, 2.22288946361e-07, 9.07770427716e-08, 5.47720958366e-07, 5.68120753996e-07, 8.07133648806e-09, 4.25420720873e-09, 5.41270051002e-09, 1.01539221475e-07, 9.94227544737e-09, 3.60106111597e-10, 4.509257856e-09, 3.31692029398e-09, 1.60750812661e-09, 4.3931358551e-10, 2.09651171423e-10, 8.72414140929e-10, 1.44172937477e-10, 5.4583310094e-11, 7.02304013556e-12, 2.66047236325e-11, 1.80156653484e-11, 1.61781889968e-11, 9.60551516799e-12, 5.78791680382e-13, 2.91701138613e-14, 1.15000253786e-13],
        "max": [0.00112686923239, 0.00333405984566, 0.0183064062148, 0.0234287846833, 0.00969350337982, 0.00503737479448, 0.00945815909654, 0.0385804735124, 0.025842608884, 0.0132391853258, 0.0121176438406, 0.00972715206444, 0.00136525079142, 0.000955238414463, 0.0025789856445, 0.00180254247971, 0.00365998386405, 0.00349326105788, 0.000459196948214, 0.000353712996002, 0.00040320502012, 0.00146870675962, 0.000511290039867, 0.000105679850094, 0.000313525612, 0.00027072665398, 0.000186446704902, 9.87656894722e-05, 6.81624005665e-05, 0.000134583300678, 5.50691693206e-05, 3.38548670697e-05, 1.21404964375e-05, 2.33817136177e-05, 1.92617244466e-05, 1.82341773325e-05, 1.40471638588e-05, 3.46265323969e-06, 7.87912540545e-07, 1.55281020398e-06],
        "mean": [2.91129672405e-05, 6.0784019297e-05, 0.000212480023038, 0.00108693167567, 0.000761001079809, 0.000126495549921, 0.000107905754703, 0.000399417767767, 0.000272094854154, 0.000151072104927, 0.000135551978019, 9.72671550699e-05, 2.14731007873e-05, 1.72146210389e-05, 3.12122501782e-05, 2.42664991674e-05, 3.75622366846e-05, 3.26489207509e-05, 5.41447661817e-06, 5.18768592883e-06, 5.67003507967e-06, 1.48306271512e-05, 6.27348617854e-06, 1.82127882908e-06, 3.50941854776e-06, 3.07925915877e-06, 2.11732026401e-06, 1.17970728297e-06, 9.56595386015e-07, 1.39370888519e-06, 7.29931286969e-07, 4.4203767402e-07, 1.48385709053e-07, 2.16694090227e-07, 1.78543842821e-07, 1.63920120144e-07, 1.26518855836e-07, 3.82313380953e-08, 1.51681049942e-08, 2.23919371933e-08],
        "median": [1.22977553474e-05, 2.39767559833e-05, 7.9629216998e-06, 6.02991349297e-06, 4.21102004111e-06, 1.55828081461e-06, 1.55647921929e-06, 2.83578992821e-06, 2.89705076284e-06, 2.3517657155e-06, 1.5406693592e-06, 1.56681142016e-06, 1.0520560636e-06, 7.72267355842e-07, 7.87904696153e-07, 5.57677878987e-07, 4.95969970871e-07, 4.00009923851e-07, 2.21987193072e-07, 3.72869692455e-07, 6.73496003856e-07, 1.41552379773e-06, 7.82017252732e-07, 5.54751636628e-07, 6.8782389917e-07, 6.26070345788e-07, 4.58342299225e-07, 2.68182873242e-07, 3.7001800024e-07, 2.99393576597e-07, 2.85064459149e-07, 1.67942872054e-07, 4.86255586907e-08, 2.23369998054e-08, 1.92662295007e-08, 1.31194273223e-08, 9.75152403271e-09, 1.00565706873e-08, 9.35884081343e-09, 9.88080817166e-09],
        "min": [1.75243743128e-11, 4.64663203747e-11, 3.06353414858e-11, 2.31768874925e-11, 1.66693776837e-11, 7.41010378058e-12, 3.20006065917e-12, 7.95736089867e-13, 2.30899414172e-12, 4.03464371287e-12, 5.8560660661e-12, 5.33937043884e-12, 3.59483666793e-12, 2.20656609304e-12, 1.11160841816e-12, 2.80421779547e-12, 9.47446721772e-12, 4.50760652762e-12, 3.16195116964e-12, 2.06359842408e-12, 5.16702782991e-12, 6.02292434676e-12, 3.82002936228e-12, 3.22469676829e-12, 1.82482891645e-12, 1.62961441216e-12, 1.02322479916e-12, 1.99538432652e-12, 1.77135411374e-12, 2.06723223609e-12, 6.13245435335e-12, 3.58062364481e-12, 7.17739539677e-12, 5.2892070064e-12, 6.56857988141e-12, 1.3100613476e-11, 1.56610748675e-11, 7.91450585624e-12, 7.98485583209e-12, 1.16701431505e-11],
        "var": [1.05987094656e-08, 9.04827572867e-08, 2.89434660772e-06, 1.11441604531e-05, 4.71520797873e-06, 2.56237484564e-07, 7.50343701839e-07, 1.21964749269e-05, 5.4720467233e-06, 1.53359064825e-06, 1.2907173641e-06, 7.8639561707e-07, 1.85793016527e-08, 1.30769937101e-08, 5.94795181996e-08, 3.27045803772e-08, 1.12244144646e-07, 1.00357638644e-07, 1.81250736642e-09, 1.17274523426e-09, 1.46779488563e-09, 1.76792465112e-08, 2.21302642878e-09, 9.87449913503e-11, 8.02932942356e-10, 5.99145122404e-10, 2.83999268547e-10, 7.97467022973e-11, 3.78023931602e-11, 1.4786821767e-10, 2.46379409929e-11, 9.31492123019e-12, 1.19975871685e-12, 4.47228105244e-12, 3.03504704008e-12, 2.72134441717e-12, 1.61499969214e-12, 9.77583153859e-14, 5.00175411749e-15, 1.95501844965e-14]
    },
    "mfcc": {
        "mean": [-841.757202148, 92.4650421143, -12.2683753967, 34.0077972412, -7.62877702713, -2.4116435051, 4.63568353653, 3.14651942253, 6.49025201797, -5.40494775772, 2.8665869236, 3.35570073128, -3.57211780548],
        "cov": [[21107.4414062, 6756.60986328, -1032.63342285, 1801.41992188, -777.997497559, -512.116699219, -163.68800354, -186.219070435, 22.6940345764, -517.313842773, -85.0812301636, 4.79067468643, -424.648376465], [6756.60986328, 2534.44287109, -276.476776123, 587.516296387, -294.654724121, -290.438781738, -168.515533447, -180.705795288, -96.9910736084, -253.24331665, -85.7615890503, -43.337638855, -155.884719849], [-1032.63342285, -276.476776123, 170.601745605, -17.4995765686, 32.5826301575, -1.25268948078, -13.606678009, -2.14098906517, -19.0550842285, -0.045079741627, -3.03257489204, 0.0606726966798, 14.1978979111], [1801.41992188, 587.516296387, -17.4995765686, 310.050567627, -47.8321113586, -27.0127868652, 35.6623306274, 23.2595024109, 46.8591537476, -60.1869659424, 17.5628948212, 19.5846328735, -31.9202022552], [-777.997497559, -294.654724121, 32.5826301575, -47.8321113586, 69.4383850098, 65.0138626099, 46.1127853394, 42.8099479675, 36.7256622314, 39.4750480652, 18.5649967194, 11.4340629578, 21.6589984894], [-512.116699219, -290.438781738, -1.25268948078, -27.0127868652, 65.0138626099, 105.672309875, 87.0175552368, 74.7604827881, 66.2157745361, 54.7729454041, 34.9713516235, 21.2785263062, 22.8070774078], [-163.68800354, -168.515533447, -13.606678009, 35.6623306274, 46.1127853394, 87.0175552368, 109.11466217, 87.7585372925, 81.0426712036, 41.4085693359, 41.524356842, 28.7099094391, 20.6013889313], [-186.219070435, -180.705795288, -2.14098906517, 23.2595024109, 42.8099479675, 74.7604827881, 87.7585372925, 89.9822158813, 74.5825881958, 44.0615921021, 40.0328330994, 26.3848323822, 18.4764518738], [22.6940345764, -96.9910736084, -19.0550842285, 46.8591537476, 36.7256622314, 66.2157745361, 81.0426712036, 74.5825881958, 83.0843582153, 39.4277381897, 40.716594696, 27.9905967712, 17.0667972565], [-517.313842773, -253.24331665, -0.045079741627, -60.1869659424, 39.4750480652, 54.7729454041, 41.4085693359, 44.0615921021, 39.4277381897, 65.6981506348, 33.2461624146, 16.9069232941, 22.0575180054], [-85.0812301636, -85.7615890503, -3.03257489204, 17.5628948212, 18.5649967194, 34.9713516235, 41.524356842, 40.0328330994, 40.716594696, 33.2461624146, 43.702747345, 25.2078647614, 16.1106395721], [4.79067468643, -43.337638855, 0.0606726966798, 19.5846328735, 11.4340629578, 21.2785263062, 28.7099094391, 26.3848323822, 27.9905967712, 16.9069232941, 25.2078647614, 30.9970340729, 13.4203281403], [-424.648376465, -155.884719849, 14.1978979111, -31.9202022552, 21.6589984894, 22.8070774078, 20.6013889313, 18.4764518738, 17.0667972565, 22.0575180054, 16.1106395721, 13.4203281403, 30.2024307251]],
