{
"lowlevel": {
    "average_loudness": 0.853988826275,
    "barkbands_crest": {
        "dmean": 1.95803236961,
        "dmean2": 3.24073696136,
        "dvar": 3.12471556664,
        "dvar2": 8.41141700745,
        "max": 19.5155677795,
        "mean": 7.87539958954,
        "median": 7.39952659607,
        "min": 2.90100264549,
        "var": 10.8294353485
    },
    "barkbands_flatness_db": {
        "dmean": 0.0167817492038,
        "dmean2": 0.0264775715768,
        "dvar": 0.000644428830128,
        "dvar2": 0.000946416519582,
        "max": 0.392329245806,
        "mean": 0.130889862776,
        "median": 0.0958982110023,
        "min": 0.0565660968423,
        "var": 0.00572632346302
    },
    "barkbands_kurtosis": {
        "dmean": 1.31434571743,
        "dmean2": 1.97651898861,
        "dvar": 4.37807655334,
        "dvar2": 8.32025337219,
        "max": 22.226392746,
        "mean": 1.96820509434,
        "median": -0.831232070923,
        "min": -1.55658829212,
        "var": 30.6157741547
    },
    "barkbands_skewness": {
        "dmean": 0.343120574951,
        "dmean2": 0.542898178101,
        "dvar": 0.0981122255325,
        "dvar2": 0.223566666245,
        "max": 3.86239790916,
        "mean": 1.08899152279,
        "median": 0.757907867432,
        "min": -0.168839991093,
        "var": 0.972262501717
    },
    "barkbands_spread": {
        "dmean": 3.18485045433,
        "dmean2": 5.12058591843,
        "dvar": 17.2615871429,
        "dvar2": 32.856502533,
        "max": 47.1902046204,
        "mean": 25.6069488525,
        "median": 31.3730812073,
        "min": 1.56157314777,
        "var": 173.344696045
    },
    "dissonance": {
        "dmean": 0.0137113053352,
        "dmean2": 0.0235411841422,
        "dvar": 0.000495465181302,
        "dvar2": 0.00141933781561,
        "max": 0.499987661839,
        "mean": 0.470941156149,
        "median": 0.486310005188,
        "min": 0.289607435465,
        "var": 0.00124152447097
    },
    "dynamic_complexity": 14.3936376572,
    "erbbands_crest": {
        "dmean": 1.50390553474,
        "dmean2": 2.3953359127,
        "dvar": 2.10843801498,
        "dvar2": 4.79967975616,
        "max": 22.9956474304,
        "mean": 8.72532749176,
        "median": 7.53597640991,
        "min": 4.74281311035,
        "var": 12.3367538452
    },
    "erbbands_flatness_db": {
        "dmean": 0.0127435075119,
        "dmean2": 0.0194994304329,
        "dvar": 0.000447204831289,
        "dvar2": 0.000745767960325,
        "max": 0.400388091803,
        "mean": 0.184233173728,
        "median": 0.160774618387,
        "min": 0.132969811559,
        "var": 0.00312874396332
    },
    "erbbands_kurtosis": {
        "dmean": 0.67754894495,
        "dmean2": 1.07721817493,
        "dvar": 0.722155809402,
        "dvar2": 1.6079441309,
        "max": 7.452085495,
        "mean": -0.0218543279916,
        "median": -0.633124828339,
        "min": -1.65770447254,
        "var": 3.16832733154
    },
    "erbbands_skewness": {
        "dmean": 0.273567020893,
        "dmean2": 0.424640566111,
        "dvar": 0.0686458945274,
        "dvar2": 0.140889331698,
        "max": 2.43623495102,
        "mean": -0.0846549198031,
        "median": -0.462163716555,
        "min": -1.33477187157,
        "var": 0.917115092278
    },
    "erbbands_spread": {
        "dmean": 4.59889888763,
        "dmean2": 7.33518791199,
        "dvar": 15.6779937744,
        "dvar2": 37.4851493835,
        "max": 59.1494636536,
        "mean": 34.7820892334,
        "median": 37.0046958923,
        "min": 6.07906532288,
        "var": 139.428924561
    },
    "hfc": {
        "dmean": 3.96103835106,
        "dmean2": 6.74585819244,
        "dvar": 429.186523438,
        "dvar2": 1179.64733887,
        "max": 170.233825684,
        "mean": 3.39163517952,
        "median": 0.240690633655,
        "min": 0.128321528435,
        "var": 325.539367676
    },
    "melbands_crest": {
        "dmean": 2.94873213768,
        "dmean2": 5.21611356735,
        "dvar": 6.32374048233,
        "dvar2": 15.1536808014,
        "max": 24.7179145813,
        "mean": 10.892288208,
        "median": 10.1982736588,
        "min": 4.54231357574,
        "var": 16.8529682159
    },
    "melbands_flatness_db": {
        "dmean": 0.0204756557941,
        "dmean2": 0.0316861271858,
        "dvar": 0.000810217636172,
        "dvar2": 0.00121972151101,
        "max": 0.507148087025,
        "mean": 0.198879003525,
        "median": 0.162486463785,
        "min": 0.1133344993,
        "var": 0.00812709424645
    },
    "melbands_kurtosis": {
        "dmean": 2.01632404327,
        "dmean2": 3.12026429176,
        "dvar": 4.46298551559,
        "dvar2": 10.3488702774,
        "max": 21.7572898865,
        "mean": 4.80034303665,
        "median": 2.80103254318,
        "min": -0.84666967392,
        "var": 26.6281852722
    },
    "melbands_skewness": {
        "dmean": 0.392214179039,
        "dmean2": 0.633731901646,
        "dvar": 0.125982061028,
        "dvar2": 0.332557976246,
        "max": 3.9533572197,
        "mean": 1.86739706993,
        "median": 1.77010154724,
        "min": 0.06528455019,
        "var": 0.453855454922
    },
    "melbands_spread": {
        "dmean": 6.12662553787,
        "dmean2": 9.84663295746,
        "dvar": 45.3897018433,
        "dvar2": 103.541938782,
        "max": 65.7248001099,
        "mean": 32.4668159485,
        "median": 35.8847923279,
        "min": 2.37727046013,
        "var": 343.168884277
    },
    "pitch_salience": {
        "dmean": 0.0535295046866,
        "dmean2": 0.0856859833002,
        "dvar": 0.00209617731161,
        "dvar2": 0.00548660662025,
        "max": 0.872224807739,
        "mean": 0.682709336281,
        "median": 0.694591403008,
        "min": 0.473221689463,
        "var": 0.00616793846712
    },
    "silence_rate_20dB": {
        "dmean": 0,
        "dmean2": 0,
        "dvar": 0,
        "dvar2": 0,
        "max": 1,
        "mean": 1,
        "median": 1,
        "min": 1,
        "var": 0
    },
    "silence_rate_30dB": {
        "dmean": 0.0251572318375,
        "dmean2": 0.0506329126656,
        "dvar": 0.0245243534446,
        "dvar2": 0.0607272647321,
        "max": 1,
        "mean": 0.975000023842,
        "median": 1,
        "min": 0,
        "var": 0.0243750009686
    },
    "silence_rate_60dB": {
        "dmean": 0.0251572318375,
        "dmean2": 0.0506329126656,
        "dvar": 0.0245243553072,
        "dvar2": 0.0480692237616,
        "max": 1,
        "mean": 0.881250023842,
        "median": 1,
        "min": 0,
        "var": 0.104648724198
    },
    "spectral_centroid": {
        "dmean": 179.068191528,
        "dmean2": 288.191986084,
        "dvar": 47472.0898438,
        "dvar2": 84710.765625,
        "max": 2659.71166992,
        "mean": 1736.09143066,
        "median": 2050.36621094,
        "min": 309.033172607,
        "var": 555765.3125
    },
    "spectral_complexity": {
        "dmean": 0.635220110416,
        "dmean2": 0.943037986755,
        "dvar": 2.13108634949,
        "dvar2": 3.21826910973,
        "max": 17,
        "mean": 2.21875,
        "median": 1,
        "min": 0,
        "var": 11.2958984375
    },
    "spectral_decrease": {
        "dmean": 1.91275884021e-09,
        "dmean2": 3.01959302007e-09,
        "dvar": 8.77201150636e-17,
        "dvar2": 2.27656409959e-16,
        "max": -1.78166769532e-11,
        "mean": -1.81708836866e-09,
        "median": -5.71949709816e-11,
        "min": -7.85468046161e-08,
        "var": 8.01654348245e-17
    },
    "spectral_energy": {
        "dmean": 0.00757807446644,
        "dmean2": 0.0120077971369,
        "dvar": 0.0013846156653,
        "dvar2": 0.00360358064063,
        "max": 0.311893820763,
        "mean": 0.00716571742669,
        "median": 0.000235709856497,
        "min": 8.05075324024e-05,
        "var": 0.00125432782806
    },
    "spectral_energyband_high": {
        "dmean": 1.40850374919e-06,
        "dmean2": 2.51805499829e-06,
        "dvar": 1.21537961986e-11,
        "dvar2": 3.37400350714e-11,
        "max": 3.7916812289e-05,
        "mean": 6.07488163951e-06,
        "median": 5.09145957039e-06,
        "min": 9.83481413641e-07,
        "var": 1.92732600712e-11
    },
    "spectral_energyband_low": {
        "dmean": 0.000225336203584,
        "dmean2": 0.000286100490484,
        "dvar": 6.87877445671e-07,
        "dvar2": 1.37833796998e-06,
        "max": 0.0101437661797,
        "mean": 0.000314089091262,
        "median": 1.36525541166e-05,
        "min": 1.29916918468e-06,
        "var": 1.49447168951e-06
    },
    "spectral_energyband_middle_high": {
        "dmean": 0.00162547151558,
        "dmean2": 0.00304016028531,
        "dvar": 8.92920506885e-05,
        "dvar2": 0.000256142491708,
        "max": 0.0840593501925,
        "mean": 0.00114574283361,
        "median": 5.62542663829e-05,
        "min": 1.57217273227e-05,
        "var": 5.84186636843e-05
    },
    "spectral_energyband_middle_low": {
        "dmean": 0.00601002993062,
        "dmean2": 0.00920051336288,
        "dvar": 0.000843606074341,
        "dvar2": 0.00215640058741,
        "max": 0.241606891155,
        "mean": 0.00598717061803,
        "median": 0.000168661237694,
        "min": 2.9497234209e-05,
        "var": 0.000811630219687
    },
    "spectral_entropy": {
        "dmean": 0.102409616113,
        "dmean2": 0.150124326348,
        "dvar": 0.034288264811,
        "dvar2": 0.0460160523653,
        "max": 8.16088485718,
        "mean": 7.41888904572,
        "median": 7.65366077423,
        "min": 5.47693538666,
        "var": 0.277797400951
    },
    "spectral_flux": {
        "dmean": 0.0125379180536,
        "dmean2": 0.0185928307474,
        "dvar": 0.00243527977727,
        "dvar2": 0.00477208383381,
        "max": 0.507413089275,
        "mean": 0.0240620672703,
        "median": 0.00717835919932,
        "min": 0.00410288060084,
        "var": 0.00414559012279
    },
    "spectral_kurtosis": {
        "dmean": 3.35586380959,
        "dmean2": 4.82513618469,
        "dvar": 82.1552505493,
        "dvar2": 151.084640503,
        "max": 138.198638916,
        "mean": 11.3387012482,
        "median": 7.9091591835,
        "min": 4.05152654648,
        "var": 238.325973511
    },
    "spectral_rms": {
        "dmean": 0.00046406025649,
        "dmean2": 0.000628631561995,
        "dvar": 3.03855586026e-06,
        "dvar2": 7.02590432411e-06,
        "max": 0.0174438152462,
        "mean": 0.00118832185399,
        "median": 0.000479463051306,
        "min": 0.00028025690699,
        "var": 5.5788368627e-06
    },
    "spectral_rolloff": {
        "dmean": 273.295562744,
        "dmean2": 481.907745361,
        "dvar": 188597.453125,
        "dvar2": 413693.125,
        "max": 3380.71289062,
        "mean": 2182.52392578,
        "median": 2756.25,
        "min": 409.130859375,
        "var": 1206146.875
    },
    "spectral_skewness": {
        "dmean": 0.259837031364,
        "dmean2": 0.38274282217,
        "dvar": 0.282639235258,
        "dvar2": 0.480018049479,
        "max": 9.16240119934,
        "mean": 1.72350859642,
        "median": 1.37868499756,
        "min": 1.16406929493,
        "var": 1.25061810017
    },
    "spectral_spread": {
        "dmean": 290455.5625,
        "dmean2": 399878.625,
        "dvar": 2.27141248614e+12,
        "dvar2": 2.31287213261e+12,
        "max": 22072776,
        "mean": 2951222.75,
        "median": 2963970.25,
        "min": 929526.0625,
        "var": 2.52821215642e+12
    },
    "spectral_strongpeak": {
        "dmean": 0.10790143162,
        "dmean2": 0.170176774263,
        "dvar": 0.0725490450859,
        "dvar2": 0.162200197577,
        "max": 2.65478205681,
        "mean": 0.214089304209,
        "median": 0.0876221060753,
        "min": 0.00550277670845,
        "var": 0.142906233668
    },
    "zerocrossingrate": {
        "dmean": 0.00699869776145,
        "dmean2": 0.00812153890729,
        "dvar": 4.62462412543e-05,
        "dvar2": 4.69725600851e-05,
        "max": 0.1123046875,
        "mean": 0.0691955536604,
        "median": 0.0771484375,
        "min": 0.0146484375,
        "var": 0.000790426973253
    },
    "barkbands": {
        "dmean": [2.5955472438e-07, 7.48162028685e-06, 4.19913194492e-05, 0.000287356815534, 0.00199776003137, 0.000843144254759, 0.0011368484702, 0.00176097964868, 0.000189863043488, 0.0013163802214, 0.000409916450735, 4.51667874586e-05, 2.88104456558e-06, 7.29869907445e-06, 6.18952390141e-06, 1.06444958874e-05, 9.48573506321e-06, 8.61849002831e-06, 3.35981212629e-06, 1.77984929906e-06, 7.19253193893e-07, 3.21592693808e-07, 3.78525157885e-08, 1.67829306008e-08, 2.7033783212e-08, 2.62897401626e-08, 7.00768367778e-08],
        "dmean2": [4.35681499766e-07, 1.17499166663e-05, 4.82072500745e-05, 0.000469140883069, 0.00267395027913, 0.00116659991909, 0.00211259629577, 0.00328899105079, 0.000303124747006, 0.00245321402326, 0.000780161703005, 6.71412271913e-05, 4.78324591313e-06, 1.41118816828e-05, 1.15557713798e-05, 1.85297685675e-05, 1.66268655448e-05, 1.54653916979e-05, 5.83464952797e-06, 3.2540851862e-06, 1.25261828998e-06, 5.63982041513e-07, 6.83654235445e-08, 2.71835496335e-08, 4.51806414503e-08, 3.91896044505e-08, 1.07955479223e-07],
        "dvar": [1.13914560835e-13, 1.0111517873e-10, 2.10061177341e-08, 1.44468549479e-06, 6.76997151459e-05, 1.40038036989e-05, 3.76898206014e-05, 0.000108659536636, 9.32085754357e-07, 5.72086464672e-05, 6.18229796601e-06, 4.66966305623e-08, 1.11058745533e-10, 1.75084269305e-09, 8.82093231791e-10, 4.23215062995e-09, 1.47450796018e-09, 1.46987411132e-09, 2.16488996868e-11, 1.28184182019e-11, 2.11351639315e-12, 1.80319165632e-13, 1.22197233547e-14, 6.35402612416e-16, 3.10139737209e-15, 1.01108332386e-15, 9.33651637583e-15],
        "dvar2": [2.09583069758e-13, 2.28828511695e-10, 3.36877654661e-08, 3.50051618625e-06, 0.000131288150442, 3.30008369929e-05, 0.000109506392619, 0.000317415368045, 2.44000352723e-06, 0.000162257798365, 1.80360566446e-05, 1.19081697392e-07, 3.15110215698e-10, 5.22029752759e-09, 2.64727240129e-09, 1.17996536986e-08, 4.11187928151e-09, 4.22503365627e-09, 6.06347472232e-11, 3.73401275178e-11, 6.06011942017e-12, 4.86945824375e-13, 3.65857619536e-14, 1.54921627251e-15, 8.68901389777e-15, 1.97719788031e-15, 1.69228204312e-14],
        "max": [2.71604358204e-06, 7.80347327236e-05, 0.00197710748762, 0.0124612823129, 0.0758730769157, 0.0335731618106, 0.0510339774191, 0.0863577499986, 0.00847550015897, 0.0672537386417, 0.0221365280449, 0.00222452613525, 9.35640127864e-05, 0.000389267661376, 0.000215462074266, 0.000682317942847, 0.000398303993279, 0.000381542078685, 4.39141258539e-05, 3.66889871657e-05, 1.52807915583e-05, 3.46590786648e-06, 9.06953459889e-07, 3.59149765927e-07, 5.39145730727e-07, 5.95235121637e-07, 1.58730529165e-06],
        "mean": [3.28219528001e-07, 9.79789001576e-06, 6.19460915914e-05, 0.000383597856853, 0.00226535042748, 0.000933522009291, 0.000917804893106, 0.00114920455962, 0.000177451103809, 0.000873683660757, 0.00025850176462, 5.20992252859e-05, 3.41788836522e-06, 6.26805467618e-06, 4.89597550768e-06, 1.27024732137e-05, 1.85990993486e-05, 1.62465148605e-05, 1.08503209049e-05, 5.18284878126e-06, 2.34463504967e-06, 7.75371631789e-07, 9.08726391913e-08, 6.29868139868e-08, 8.36349514088e-08, 1.21000908848e-07, 5.19817490385e-07],
        "median": [1.65655976048e-07, 5.32364310857e-06, 2.74795752375e-06, 2.75340426015e-06, 3.74160299543e-05, 1.75324912561e-05, 1.62158285093e-05, 2.60078286374e-05, 3.1275837955e-06, 5.24705046701e-06, 3.04626291836e-06, 1.57937074619e-06, 1.40697818551e-06, 8.40882592001e-07, 7.38604398975e-07, 4.7373241614e-06, 1.24854504975e-05, 1.1571270079e-05, 9.26992379391e-06, 4.15109570895e-06, 1.91906838154e-06, 6.29146882147e-07, 7.00332307702e-08, 5.02464843066e-08, 6.37345323184e-08, 1.02147879488e-07, 4.68754421945e-07],
        "min": [2.69682898235e-09, 4.33706588865e-07, 6.4451256776e-08, 1.90699651625e-07, 3.13588043355e-06, 2.73479099633e-06, 1.62852256835e-06, 6.80444327372e-06, 2.37408045223e-07, 7.09462483428e-07, 4.38268017433e-07, 2.6641379236e-07, 2.63058836936e-07, 1.97144998992e-07, 2.34989173009e-07, 7.69142729951e-07, 2.4738344564e-06, 1.31350270749e-06, 2.31785202232e-06, 6.22746199497e-07, 3.86193619306e-07, 1.01025761978e-07, 1.19372680629e-08, 1.26407977419e-08, 1.42200375919e-08, 1.19109655472e-08, 1.0845256071e-07],
        "var": [1.89592888914e-13, 1.41694309064e-10, 5.70381537557e-08, 2.40756730818e-06, 9.90387998172e-05, 1.7786906028e-05, 2.43819631578e-05, 6.38260826236e-05, 8.54903987602e-07, 3.85491803172e-05, 3.7540660287e-06, 4.6352681693e-08, 8.7489661349e-11, 1.10979969659e-09, 5.93872062638e-10, 3.071488619e-09, 1.06791875343e-09, 9.4330521172e-10, 4.5792175607e-11, 1.65784087847e-11, 3.13154016607e-12, 3.09716851775e-13, 8.62718472778e-15, 2.22678354976e-15, 5.25901115258e-15, 8.01908706945e-15, 8.18372062825e-14]
    },
    "erbbands": {
        "dmean": [9.83552090474e-05, 0.00242464500479, 0.0362123735249, 0.610750615597, 1.92533540726, 10.2742109299, 6.63428020477, 5.73146390915, 12.3269758224, 27.0206642151, 33.8885383606, 5.02201318741, 24.2731742859, 37.7845649719, 11.1655158997, 1.07416009903, 0.170575454831, 0.153650835156, 0.457255393267, 0.478159874678, 0.483085006475, 0.61030369997, 0.458916425705, 0.25385800004, 0.12098043412, 0.0843656286597, 0.0404928512871, 0.0245338752866, 0.0115464944392, 0.00228067161515, 0.000907048932277, 0.000388097018003, 0.000331922463374, 0.000328558671754, 0.000217819499085, 0.000110650478746, 5.93222648604e-05, 2.61904660874e-05, 1.08383883344e-05, 9.61673322308e-06],
        "dmean2": [0.00015166727826, 0.00374615867622, 0.0466451086104, 0.902563333511, 3.18264436722, 13.6877889633, 9.6153049469, 8.160364151, 21.351064682, 52.6899833679, 61.4479522705, 9.18339824677, 44.3482322693, 70.5604019165, 20.5001106262, 1.79547095299, 0.297323465347, 0.276780843735, 0.882447659969, 0.870784521103, 0.841882824898, 1.07014644146, 0.832024395466, 0.459479808807, 0.206593960524, 0.153650864959, 0.0719071403146, 0.0430500730872, 0.020292641595, 0.00415113056079, 0.00160425354261, 0.000672666006722, 0.000566809263546, 0.000564910238609, 0.000368689186871, 0.000181549825356, 9.57729134825e-05, 4.0279384848e-05, 1.80765819096e-05, 1.53393975779e-05],
        "dvar": [1.59434918601e-08, 1.16606224765e-05, 0.0149294771254, 5.93416595459, 95.9220657349, 1738.01647949, 909.158325195, 664.408569336, 4141.44824219, 23250.6972656, 36545.0390625, 703.275390625, 17343.7070312, 50175.1367188, 4712.60498047, 32.1584815979, 0.504305064678, 0.44499796629, 6.16593408585, 6.44745445251, 8.89445495605, 6.98351430893, 3.8979101181, 0.521665930748, 0.0659990161657, 0.0415395833552, 0.00681059295312, 0.0017582976725, 0.000246369221713, 4.97022738273e-05, 6.60125397189e-06, 3.68183549426e-07, 2.8759967563e-07, 4.39951435283e-07, 1.7359596427e-07, 3.44218662462e-08, 4.80896122923e-09, 1.01970154542e-09, 3.13101544691e-10, 1.69234692926e-09],
        "dvar2": [3.8294089677e-08, 2.73664954875e-05, 0.0274883043021, 13.2409143448, 244.348098755, 2948.61499023, 2229.49560547, 1602.50744629, 11568.4941406, 69066.15625, 105044.984375, 1973.70251465, 48198.703125, 143398.4375, 13542.1816406, 87.9548568726, 1.42286372185, 1.23544621468, 18.6447677612, 18.468252182, 24.6769886017, 19.5611419678, 11.1163635254, 1.57117664814, 0.192549586296, 0.122021533549, 0.0202844180167, 0.00475544808432, 0.000654276343994, 0.000147719416418, 1.97226236196e-05, 9.50889671003e-07, 7.24208689462e-07, 1.25058613776e-06, 4.71744215247e-07, 8.23065207101e-08, 1.08200124416e-08, 1.48001966238e-09, 7.43648198576e-10, 4.43512782056e-09],
        "max": [0.00113167788368, 0.0234452616423, 1.57875001431, 27.5480518341, 94.8897705078, 433.308868408, 256.97958374, 246.456878662, 561.506835938, 1126.45812988, 1509.77270508, 214.690582275, 1110.7421875, 2031.52636719, 656.437011719, 58.3885269165, 5.93532705307, 5.97116804123, 22.126996994, 24.729227066, 31.0218048096, 27.5039787292, 19.4221115112, 7.64186239243, 2.39550685883, 2.14483475685, 0.846725583076, 0.43187135458, 0.121849991381, 0.0557830892503, 0.0218299683183, 0.00634196028113, 0.00704033719376, 0.00637842528522, 0.00384764187038, 0.00250921701081, 0.00110338663217, 0.000545066024642, 0.000200847556698, 0.000355777883669],
        "mean": [0.000151033935254, 0.003325157566, 0.0529557876289, 0.863280773163, 2.41587233543, 12.4312162399, 7.02835607529, 5.97801065445, 10.5526504517, 18.8954582214, 22.9961223602, 4.05681800842, 17.5418739319, 24.5583648682, 7.76944637299, 1.1812915802, 0.194907337427, 0.197665303946, 0.344183683395, 0.50533759594, 0.623233735561, 1.16466724873, 0.884493947029, 0.737419247627, 0.40981349349, 0.243521898985, 0.123316884041, 0.0780434161425, 0.0327638797462, 0.00567281059921, 0.00248837145045, 0.00134797091596, 0.00114104733802, 0.000911993789487, 0.00063715869328, 0.000348197092535, 0.000251640682109, 0.000140796750202, 6.15073222434e-05, 1.78957016033e-05],
        "median": [9.38938756008e-05, 0.00163982925005, 0.00399281457067, 0.00844184495509, 0.0586125552654, 0.131051555276, 0.19762390852, 0.0931853652, 0.213740557432, 0.435632944107, 0.517809510231, 0.107879288495, 0.145992308855, 0.177263662219, 0.107171662152, 0.067104510963, 0.0636377707124, 0.0431128963828, 0.0450169816613, 0.140513330698, 0.279990613461, 0.762673139572, 0.626918792725, 0.58455312252, 0.339977860451, 0.187178567052, 0.100062668324, 0.0661403760314, 0.0277629140764, 0.00441638240591, 0.0019597010687, 0.00109951337799, 0.000929069123231, 0.00068745133467, 0.000498113629874, 0.000261999957729, 0.000212311715586, 0.000122168014059, 5.3267540352e-05, 9.5793948276e-06],
        "min": [6.74339889883e-06, 0.000108229964098, 0.000295605306746, 0.000920319987927, 0.00322855077684, 0.017203586176, 0.0175785906613, 0.0215988866985, 0.0290777366608, 0.0753020048141, 0.133802443743, 0.018145930022, 0.0180484782904, 0.0247301310301, 0.0239027980715, 0.0136383278295, 0.0137870479375, 0.0150068048388, 0.0139847192913, 0.00949153769761, 0.0643923506141, 0.13869471848, 0.0927748307586, 0.136292874813, 0.0737943947315, 0.0330184660852, 0.0131993815303, 0.0105983773246, 0.00452828034759, 0.000876365578733, 0.000341058475897, 0.000266543298494, 0.00023164418235, 0.000162536103744, 0.000124906830024, 5.6924411183e-05, 2.73768582701e-05, 2.18546047108e-05, 1.65250003192e-05, 3.86344527215e-06],
        "var": [2.71173856703e-08, 1.87132900464e-05, 0.0370474681258, 11.74127388, 102.794204712, 2954.68969727, 1021.1774292, 788.67565918, 3210.39892578, 13039.8964844, 22858.6738281, 518.672851562, 12835.0341797, 32678.25, 2998.40673828, 26.8957004547, 0.396791398525, 0.440200716257, 3.92878031731, 4.65433549881, 6.16980266571, 4.93931484222, 2.54651212692, 0.472838550806, 0.0876985266805, 0.0459586307406, 0.00972435437143, 0.00288978544995, 0.000490702630486, 3.54872099706e-05, 5.27923020854e-06, 8.56535280036e-07, 8.39380561501e-07, 6.91766047112e-07, 2.9437777016e-07, 9.47803044937e-08, 3.34146150749e-08, 8.6991462922e-09, 1.13055798057e-09, 1.5383762042e-09]
    },
    "gfcc": {
        "mean": [-207.17276001, 92.6854629517, -122.428710938, 10.8640270233, -42.9468536377, -52.0646362305, -22.1974964142, 4.00285243988, -23.0665550232, -7.87292385101, -15.2810926437, 2.42384076118, -7.02271366119],
        "cov": [[1921.8359375, 1418.78271484, 29.2825088501, -589.742797852, -302.512298584, -105.879493713, -90.9761657715, -253.324691772, -174.819854736, -256.187164307, -122.821022034, -124.952987671, 43.6836547852], [1418.78271484, 1733.88024902, 155.962188721, -636.237182617, -329.607818604, -137.026535034, -76.3400421143, -306.128051758, -228.777587891, -289.329620361, -85.1561203003, -132.246963501, 15.8329277039], [29.2825088501, 155.962188721, 93.0454864502, 4.67016172409, -3.5735912323, -5.46303319931, -12.5458755493, -26.9899120331, -24.0810928345, -11.311709404, 10.4949188232, -3.80730557442, -5.22606992722], [-589.742797852, -636.237182617, 4.67016172409, 312.821014404, 168.640151978, 66.2664718628, 33.4434089661, 118.295661926, 86.4954452515, 122.581466675, 45.6341896057, 51.9964065552, -12.9850549698], [-302.512298584, -329.607818604, -3.5735912323, 168.640151978, 136.226867676, 70.7816238403, 36.9305152893, 66.3112182617, 51.8480606079, 65.6409912109, 22.8938045502, 21.748506546, -1.72687387466], [-105.879493713, -137.026535034, -5.46303319931, 66.2664718628, 70.7816238403, 78.025718689, 46.3209838867, 46.544254303, 28.2053909302, 30.7102565765, 10.5156536102, 7.05683851242, -5.65023231506], [-90.9761657715, -76.3400421143, -12.5458755493, 33.4434089661, 36.9305152893, 46.3209838867, 62.7584991455, 53.8221359253, 30.9011707306, 18.778629303, 2.89302492142, 7.72123384476, -3.70773530006], [-253.324691772, -306.128051758, -26.9899120331, 118.295661926, 66.3112182617, 46.544254303, 53.8221359253, 109.720809937, 75.7602615356, 62.4813652039, 15.2467079163, 28.6708621979, -0.128575131297], [-174.819854736, -228.777587891, -24.0810928345, 86.4954452515, 51.8480606079, 28.2053909302, 30.9011707306, 75.7602615356, 78.2907409668, 55.8669128418, 9.0107421875, 16.5580272675, 4.48790407181], [-256.187164307, -289.329620361, -11.311709404, 122.581466675, 65.6409912109, 30.7102565765, 18.778629303, 62.4813652039, 55.8669128418, 73.8245010376, 29.0341739655, 26.7213668823, -3.48325800896], [-122.821022034, -85.1561203003, 10.4949188232, 45.6341896057, 22.8938045502, 10.5156536102, 2.89302492142, 15.2467079163, 9.0107421875, 29.0341739655, 30.2660121918, 20.2498912811, 2.93663024902], [-124.952987671, -132.246963501, -3.80730557442, 51.9964065552, 21.748506546, 7.05683851242, 7.72123384476, 28.6708621979, 16.5580272675, 26.7213668823, 20.2498912811, 33.5338668823, 14.7815322876], [43.6836547852, 15.8329277039, -5.22606992722, -12.9850549698, -1.72687387466, -5.65023231506, -3.70773530006, -0.128575131297, 4.48790407181, -3.48325800896, 2.93663024902, 14.7815322876, 31.9966869354]],
        "icov": [[0.00234748073854, -0.00323637318797, 0.00375898345374, -0.00237588654272, 0.00240559107624, -0.0042060399428, 0.00462140468881, -0.00186425726861, 0.00188309990335, -0.00410292716697, 0.00679968809709, -0.000414512207499, -0.00318192481063], [-0.00323637318797, 0.0145701793954, -0.0212671030313, 0.0203417222947, -0.00624187523499, 0.00968600809574, -0.0145677169785, 0.00797800440341, -0.00468446034938, 0.012654453516, -0.0150300497189, 0.0113465422764, -0.000119844029541], [0.00375898345374, -0.0212671030313, 0.0471702106297, -0.0389110296965, 0.0137234665453, -0.0146787650883, 0.0181662198156, -0.00537264626473, 0.0028484382201, -0.004546596203, 0.00339681748301, -0.00978521350771, 0.000851247867104], [-0.00237588654272, 0.0203417222947, -0.0389110296965, 0.0649757236242, -0.0405231676996, 0.0223215315491, -0.005542693194, -0.00741677405313, 0.00541909504682, -0.00871412549168, 0.000737787166145, -0.00788988731802, 0.016142392531], [0.00240559107624, -0.00624187523499, 0.0137234665453, -0.0405231676996, 0.0577215775847, -0.0331679210067, -0.00264508812688, 0.0137842800468, -0.00542467506602, -0.000122570767417, -0.000799114990514, 0.0221894662827, -0.0268223490566], [-0.0042060399428, 0.00968600809574, -0.0146787650883, 0.0223215315491, -0.0331679210067, 0.0528977364302, -0.0290744304657, -0.00317050656304, 0.00655016070232, 0.000266177550657, -0.0160564593971, 0.00858011841774, 0.00839981995523], [0.00462140468881, -0.0145677169785, 0.0181662198156, -0.005542693194, -0.00264508812688, -0.0290744304657, 0.0674576982856, -0.0376302413642, 0.00581054249778, -0.00367222819477, 0.0197890568525, -0.02187570557, 0.0110805947334], [-0.00186425726861, 0.00797800440341, -0.00537264626473, -0.00741677405313, 0.0137842800468, -0.00317050656304, -0.0376302413642, 0.072224535048, -0.0463911890984, 0.0181154347956, -0.00768299307674, -0.016129732132, 0.00745934946463], [0.00188309990335, -0.00468446034938, 0.0028484382201, 0.00541909504682, -0.00542467506602, 0.00655016070232, 0.00581054249778, -0.0463911890984, 0.082956135273, -0.0685291588306, 0.0365363024175, 0.0260546840727, -0.0307232700288], [-0.00410292716697, 0.012654453516, -0.004546596203, -0.00871412549168, -0.000122570767417, 0.000266177550657, -0.00367222819477, 0.0181154347956, -0.0685291588306, 0.136211544275, -0.087190002203, -0.00131054199301, 0.0277964472771], [0.00679968809709, -0.0150300497189, 0.00339681748301, 0.000737787166145, -0.000799114990514, -0.0160564593971, 0.0197890568525, -0.00768299307674, 0.0365363024175, -0.087190002203, 0.136850655079, -0.0593952015042, -0.00134562852327], [-0.000414512207499, 0.0113465422764, -0.00978521350771, -0.00788988731802, 0.0221894662827, 0.00858011841774, -0.02187570557, -0.016129732132, 0.0260546840727, -0.00131054199301, -0.0593952015042, 0.143633976579, -0.074436455965], [-0.00318192481063, -0.000119844029541, 0.000851247867104, 0.016142392531, -0.0268223490566, 0.00839981995523, 0.0110805947334, 0.00745934946463, -0.0307232700288, 0.0277964472771, -0.00134562852327, -0.074436455965, 0.0855426415801]]
    },
    "melbands": {
        "dmean": [1.4284852341e-06, 1.10490173029e-05, 0.000110024542664, 0.000463352014776, 0.000276045466308, 0.000152048436576, 0.000197470799321, 0.000337728299201, 0.000225788186071, 2.51868132182e-05, 0.000133391076815, 0.000170152867213, 5.13401100761e-05, 5.72786575503e-06, 3.8005936176e-07, 2.59968629734e-07, 2.89786555641e-07, 8.47816920668e-07, 5.98286931108e-07, 5.84826977956e-07, 6.07062190738e-07, 5.67635197513e-07, 6.589413033e-07, 3.48008882156e-07, 2.10284781588e-07, 1.3477476557e-07, 8.45549124051e-08, 5.33699271443e-08, 3.12186010376e-08, 2.03431227419e-08, 1.61744289073e-08, 9.01866048508e-09, 2.42995090716e-09, 1.04464015216e-09, 6.24154339324e-10, 4.06041172907e-10, 2.22851334608e-10, 2.34780833663e-10, 2.70517663825e-10, 3.24825916165e-10],
        "dmean2": [2.19878370444e-06, 1.35116761157e-05, 0.000182473217137, 0.000650526664685, 0.000369705288904, 0.000213726103539, 0.000352116883732, 0.000656212912872, 0.00041004398372, 4.33028762927e-05, 0.000242601250648, 0.000316661520628, 9.57261945587e-05, 8.42957342684e-06, 7.01512078649e-07, 4.24764607487e-07, 5.29730868948e-07, 1.65642632055e-06, 1.10865153147e-06, 1.01292755517e-06, 1.03927948203e-06, 9.76149408416e-07, 1.20176787277e-06, 6.2010565216e-07, 3.75684720666e-07, 2.31949741192e-07, 1.54421925913e-07, 9.63595141457e-08, 5.59350006313e-08, 3.53356242044e-08, 2.85963039914e-08, 1.57023691827e-08, 4.29308144589e-09, 1.94621874172e-09, 1.12404618946e-09, 6.96178281689e-10, 3.83086923295e-10, 3.95650567864e-10, 4.73406980284e-10, 5.54785328788e-10],
        "dvar": [3.41359774648e-12, 1.04329211936e-09, 2.01889790219e-07, 3.70999737243e-06, 1.42874341691e-06, 4.61951657371e-07, 1.08957942757e-06, 3.88591070077e-06, 1.61291336553e-06, 1.62051154717e-08, 5.27032852915e-07, 1.01169973732e-06, 1.01423637489e-07, 7.09710623603e-10, 3.63920352187e-12, 9.96263293217e-13, 1.71086593243e-12, 2.34743318533e-11, 8.90884848531e-12, 9.04149671799e-12, 1.47080438107e-11, 4.30813544561e-12, 1.07166445856e-11, 1.70831480472e-12, 2.44359030623e-13, 3.9817799123e-14, 2.21340957715e-14, 1.64262202608e-14, 3.18144918538e-15, 1.05626014374e-15, 4.7087382101e-16, 1.24461578667e-16, 2.8640397482e-17, 1.11108041387e-17, 2.80404487604e-18, 4.38614122469e-19, 8.39361687178e-20, 1.0270124559e-19, 2.47936609415e-19, 3.51334728822e-19],
        "dvar2": [7.68753463665e-12, 1.71815905947e-09, 5.23747530679e-07, 6.96538154443e-06, 3.12640872835e-06, 1.09657310077e-06, 3.09077813654e-06, 1.14969652714e-05, 4.63749256596e-06, 4.31919460198e-08, 1.46293223224e-06, 2.88574437945e-06, 2.935115333e-07, 1.79866321837e-09, 1.06359513211e-11, 2.73742833956e-12, 4.89005363979e-12, 7.09649422559e-11, 2.62713878429e-11, 2.58753417998e-11, 4.02954475343e-11, 1.18101440086e-11, 3.06373953984e-11, 4.89753333374e-12, 7.52816157936e-13, 1.10790039252e-13, 6.27036806809e-14, 4.77902765104e-14, 9.75358184653e-15, 2.98715888552e-15, 1.18596015797e-15, 3.33360669002e-16, 8.15958815665e-17, 3.35047621143e-17, 8.44981208463e-18, 1.23815992323e-18, 2.07290169036e-19, 2.29027286462e-19, 6.99271761579e-19, 1.00565175735e-18],
        "max": [1.42687549669e-05, 0.000440501375124, 0.00429873401299, 0.0169816892594, 0.0115253906697, 0.00667629577219, 0.00885153654963, 0.0155449518934, 0.0100372284651, 0.00105543714017, 0.00617374759167, 0.00910330750048, 0.00296762119979, 0.000277408864349, 1.75731838681e-05, 1.04794771687e-05, 1.20485437947e-05, 4.43062563136e-05, 2.5261006158e-05, 3.10729119519e-05, 4.00127064495e-05, 2.19279845624e-05, 3.26488370774e-05, 1.29245618155e-05, 5.19083687323e-06, 1.80278300377e-06, 1.25631515857e-06, 1.35376933486e-06, 5.49696210328e-07, 3.3091930618e-07, 2.02681675887e-07, 9.54220098492e-08, 4.27756638999e-08, 2.5974140172e-08, 1.39780418351e-08, 5.8991966867e-09, 3.58651242038e-09, 4.82260453794e-09, 5.12132869446e-09, 5.60655655235e-09],
        "mean": [2.0096949811e-06, 1.62654487212e-05, 0.0001430328266, 0.000563090550713, 0.000302412605379, 0.000160821451573, 0.000166723883012, 0.000230422359891, 0.000152915279614, 2.27493856073e-05, 9.55070208875e-05, 0.000110353423224, 3.37233723258e-05, 6.69204109727e-06, 3.53006271325e-07, 3.51479030769e-07, 3.50975909669e-07, 6.12385406384e-07, 4.98668896398e-07, 7.72503312874e-07, 7.0494212423e-07, 1.16647595405e-06, 1.00893987565e-06, 7.33147317078e-07, 5.93123274939e-07, 4.0074345975e-07, 2.09260861084e-07, 1.45941683627e-07, 8.19560881382e-08, 5.45151799258e-08, 4.33089866192e-08, 2.24683667227e-08, 5.75291725369e-09, 1.91380045145e-09, 1.43407707931e-09, 1.13008491454e-09, 6.93318624734e-10, 8.01031241338e-10, 7.13177739087e-10, 8.01363309044e-10],
        "median": [1.25190274503e-06, 2.25287976718e-06, 2.14795818465e-06, 7.36381753086e-06, 6.86106250214e-06, 2.18968125409e-06, 3.44759268955e-06, 5.45056082046e-06, 3.89363231079e-06, 4.68777216156e-07, 6.82155814502e-07, 7.47976514504e-07, 4.11023393099e-07, 2.0746098528e-07, 1.33254076218e-07, 1.23137539276e-07, 7.63610330523e-08, 8.14129563764e-08, 7.65247563095e-08, 3.19625939937e-07, 2.92722745598e-07, 8.02410397682e-07, 6.50129777569e-07, 5.52267636067e-07, 4.76371383229e-07, 3.21048759133e-07, 1.67641417192e-07, 1.1475937356e-07, 6.4444655834e-08, 4.41034266885e-08, 3.48110944515e-08, 1.85676825026e-08, 4.41327507872e-09, 1.36382483085e-09, 1.1394598598e-09, 9.08405017874e-10, 5.68820157643e-10, 6.64364452341e-10, 5.50448742143e-10, 5.95272053872e-10],
        "min": [1.14636321769e-07, 1.77970889581e-07, 2.37248002577e-07, 6.94105722232e-07, 7.04026717813e-07, 5.25615973856e-07, 4.1175781007e-07, 1.11546296466e-06, 9.44946350501e-07, 5.24396952528e-08, 6.6255338993e-08, 9.79995746775e-08, 7.088192433e-08, 3.80224527419e-08, 2.68344013676e-08, 2.69785864759e-08, 2.23923990461e-08, 1.89556352836e-08, 1.03300834553e-08, 1.74416321386e-08, 8.85318982569e-08, 1.33008782655e-07, 1.29065639953e-07, 5.48757874697e-08, 1.08316370984e-07, 7.93097285623e-08, 2.61265604706e-08, 1.69767329083e-08, 6.48672715542e-09, 7.73155672817e-09, 5.80128700634e-09, 2.55218468581e-09, 7.37523986327e-10, 3.04045982835e-10, 1.95944357961e-10, 1.4119830305e-10, 1.32101399264e-10, 1.36979538823e-10, 1.16573750653e-10, 1.05899511382e-10],
        "var": [5.06238063622e-12, 2.83526357947e-09, 3.25036694448e-07, 5.76903858018e-06, 1.88116086974e-06, 5.68486200336e-07, 7.91038189618e-07, 2.183967581e-06, 1.01055707091e-06, 1.42898191058e-08, 3.88135788398e-07, 6.60502337269e-07, 6.26879099741e-08, 7.3160716374e-10, 2.14683349223e-12, 1.02283318534e-12, 1.50048896919e-12, 1.45211924082e-11, 6.06671050202e-12, 6.71047679229e-12, 1.02702967658e-11, 3.36877617815e-12, 6.76534436111e-12, 1.16037930133e-12, 2.52957431477e-13, 7.15406805519e-14, 2.70363243647e-14, 1.80766622645e-14, 4.49175600347e-15, 1.75345529197e-15, 8.55710799799e-16, 2.46333195278e-16, 2.81477055481e-17, 6.62167344772e-18, 2.05760060679e-18, 6.73855654981e-19, 2.44846779635e-19, 4.07926936664e-19, 4.1910855739e-19, 5.51143411109e-19]
    },
    "mfcc": {
        "mean": [-855.753051758, 140.501419067, -29.7405891418, 50.1926841736, -13.1135387421, -33.0869789124, -5.54965925217, -4.00624370575, 0.96500647068, -15.641377449, -3.78825449944, 1.86508595943, -2.21938824654],
        "cov": [[1764.69873047, 1349.34057617, 133.019424438, -374.536590576, -290.858703613, -140.831237793, -170.274642944, -89.4181213379, -73.501411438, -136.336868286, -261.496551514, -281.259613037, -96.5116882324], [1349.34057617, 1510.828125, 319.179992676, -418.437103271, -267.758239746, -172.718002319, -130.505111694, -92.4167404175, -121.119506836, -150.347625732, -292.144378662, -268.840362549, -92.9019927979], [133.019424438, 319.179992676, 159.819396973, -55.7673454285, -32.7902565002, -42.8416252136, -16.7090377808, -26.1113548279, -53.1156387329, -42.7649040222, -65.1952438354, -42.532749176, -6.05248069763], [-374.536590576, -418.437103271, -55.7673454285, 181.17880249, 107.656387329, 58.9860191345, 43.4136009216, 20.9844303131, 36.3996925354, 40.7867240906, 86.9910354614, 84.7022323608, 30.5028305054], [-290.858703613, -267.758239746, -32.7902565002, 107.656387329, 106.484642029, 60.7828178406, 39.9995193481, 13.0286216736, 20.3108940125, 30.7450561523, 56.7512168884, 55.0124130249, 15.0073823929], [-140.831237793, -172.718002319, -42.8416252136, 58.9860191345, 60.7828178406, 70.7249145508, 43.6140937805, 18.3749809265, 22.4320068359, 27.1853141785, 46.029800415, 33.112903595, 5.03031396866], [-170.274642944, -130.505111694, -16.7090377808, 43.4136009216, 39.9995193481, 43.6140937805, 62.8549537659, 33.6260223389, 19.0123710632, 20.4359111786, 30.8737049103, 37.3955345154, 15.1809387207], [-89.4181213379, -92.4167404175, -26.1113548279, 20.9844303131, 13.0286216736, 18.3749809265, 33.6260223389, 49.2023468018, 40.1672973633, 27.771112442, 28.899564743, 23.1548881531, 12.6993646622], [-73.501411438, -121.119506836, -53.1156387329, 36.3996925354, 20.3108940125, 22.4320068359, 19.0123710632, 40.1672973633, 64.9821243286, 43.73072052, 43.3407173157, 27.4947299957, 6.70217752457], [-136.336868286, -150.347625732, -42.7649040222, 40.7867240906, 30.7450561523, 27.1853141785, 20.4359111786, 27.771112442, 43.73072052, 49.7677536011, 53.0580177307, 33.4835624695, 9.66308498383], [-261.496551514, -292.144378662, -65.1952438354, 86.9910354614, 56.7512168884, 46.029800415, 30.8737049103, 28.899564743, 43.3407173157, 53.0580177307, 90.8083648682, 67.6731033325, 19.5643157959], [-281.259613037, -268.840362549, -42.532749176, 84.7022323608, 55.0124130249, 33.112903595, 37.3955345154, 23.1548881531, 27.4947299957, 33.4835624695, 67.6731033325, 78.1909561157, 31.4616718292], [-96.5116882324, -92.9019927979, -6.05248069763, 30.5028305054, 15.0073823929, 5.03031396866, 15.1809387207, 12.6993646622, 6.70217752457, 9.66308498383, 19.5643157959, 31.4616718292, 28.1480197906]],
