{
"lowlevel": {
    "average_loudness": 0.982423484325,
    "barkbands_crest": {
        "dmean": 2.61144089699,
        "dmean2": 4.49931621552,
        "dvar": 8.8325510025,
        "dvar2": 24.4361400604,
        "max": 23.6931629181,
        "mean": 14.7900714874,
        "median": 15.3350849152,
        "min": 4.90674352646,
        "var": 14.897444725
    },
    "barkbands_flatness_db": {
        "dmean": 0.0205266848207,
        "dmean2": 0.0338863953948,
        "dvar": 0.000375302537577,
        "dvar2": 0.000808206386864,
        "max": 0.330340176821,
        "mean": 0.246034860611,
        "median": 0.247559279203,
        "min": 0.122959852219,
        "var": 0.000960676174145
    },
    "barkbands_kurtosis": {
        "dmean": 1.46800673008,
        "dmean2": 2.58189105988,
        "dvar": 11.2467947006,
        "dvar2": 31.5041351318,
        "max": 32.9799346924,
        "mean": 3.1622159481,
        "median": 1.62648010254,
        "min": -0.375639915466,
        "var": 27.8394775391
    },
    "barkbands_skewness": {
        "dmean": 0.294737875462,
        "dmean2": 0.499541610479,
        "dvar": 0.168311342597,
        "dvar2": 0.450424343348,
        "max": 4.84555053711,
        "mean": 1.52439439297,
        "median": 1.36170089245,
        "min": 0.594380021095,
        "var": 0.518817067146
    },
    "barkbands_spread": {
        "dmean": 1.16077136993,
        "dmean2": 1.89180982113,
        "dvar": 1.48324239254,
        "dvar2": 3.38165855408,
        "max": 15.9960670471,
        "mean": 9.122174263,
        "median": 9.58621025085,
        "min": 1.84634423256,
        "var": 6.52586746216
    },
    "dissonance": {
        "dmean": 0.0299505963922,
        "dmean2": 0.0499906390905,
        "dvar": 0.000562705332413,
        "dvar2": 0.00151988386642,
        "max": 0.499996453524,
        "mean": 0.450171470642,
        "median": 0.452403098345,
        "min": 0.28819423914,
        "var": 0.00108976394404
    },
    "dynamic_complexity": 2.30160117149,
    "erbbands_crest": {
        "dmean": 2.29280257225,
        "dmean2": 3.84654736519,
        "dvar": 6.0193195343,
        "dvar2": 14.2291793823,
        "max": 23.2201061249,
        "mean": 10.5634326935,
        "median": 9.17068481445,
        "min": 5.69309949875,
        "var": 15.9632320404
    },
    "erbbands_flatness_db": {
        "dmean": 0.0129301510751,
        "dmean2": 0.0209596063942,
        "dvar": 0.000171159859747,
        "dvar2": 0.000299663282931,
        "max": 0.342690914869,
        "mean": 0.279922544956,
        "median": 0.279176980257,
        "min": 0.167278498411,
        "var": 0.000470587256132
    },
    "erbbands_kurtosis": {
        "dmean": 0.542436778545,
        "dmean2": 0.924915790558,
        "dvar": 0.492065727711,
        "dvar2": 1.38178622723,
        "max": 5.5042924881,
        "mean": 0.351514905691,
        "median": -0.0172855854034,
        "min": -0.905930995941,
        "var": 1.19120180607
    },
    "erbbands_skewness": {
        "dmean": 0.194455340505,
        "dmean2": 0.329725414515,
        "dvar": 0.046813711524,
        "dvar2": 0.117819830775,
        "max": 2.0266058445,
        "mean": 0.504320681095,
        "median": 0.304479658604,
        "min": -0.178708091378,
        "var": 0.243531942368
    },
    "erbbands_spread": {
        "dmean": 2.84409379959,
        "dmean2": 4.55263137817,
        "dvar": 6.77024030685,
        "dvar2": 19.5929012299,
        "max": 31.5982379913,
        "mean": 21.1474113464,
        "median": 20.8954257965,
        "min": 11.4168519974,
        "var": 22.0088748932
    },
    "hfc": {
        "dmean": 3.55236697197,
        "dmean2": 5.6973400116,
        "dvar": 23.0009937286,
        "dvar2": 48.6092414856,
        "max": 44.4291954041,
        "mean": 20.5027332306,
        "median": 21.2506389618,
        "min": 0.000316152290907,
        "var": 97.9718780518
    },
    "melbands_crest": {
        "dmean": 3.17129659653,
        "dmean2": 5.55436038971,
        "dvar": 12.8096227646,
        "dvar2": 36.1699752808,
        "max": 24.0933151245,
        "mean": 17.8789768219,
        "median": 19.2343673706,
        "min": 6.03666400909,
        "var": 16.4826183319
    },
    "melbands_flatness_db": {
        "dmean": 0.021886235103,
        "dmean2": 0.0371771454811,
        "dvar": 0.000458490103483,
        "dvar2": 0.00103051797487,
        "max": 0.411293298006,
        "mean": 0.292696863413,
        "median": 0.294743210077,
        "min": 0.206234320998,
        "var": 0.00154597382061
    },
    "melbands_kurtosis": {
        "dmean": 2.00328588486,
        "dmean2": 3.5166516304,
        "dvar": 12.5303516388,
        "dvar2": 34.3003730774,
        "max": 35.7961196899,
        "mean": 5.05032682419,
        "median": 3.5543551445,
        "min": 0.686352968216,
        "var": 29.8816871643
    },
    "melbands_skewness": {
        "dmean": 0.357053279877,
        "dmean2": 0.599140644073,
        "dvar": 0.191243737936,
        "dvar2": 0.542366564274,
        "max": 4.66061639786,
        "mean": 1.83289182186,
        "median": 1.76526248455,
        "min": 0.835655212402,
        "var": 0.470283925533
    },
    "melbands_spread": {
        "dmean": 1.7070145607,
        "dmean2": 2.77818870544,
        "dvar": 3.70774769783,
        "dvar2": 8.88862514496,
        "max": 24.7202091217,
        "mean": 12.6184959412,
        "median": 13.0703296661,
        "min": 2.40864396095,
        "var": 13.1682071686
    },
    "pitch_salience": {
        "dmean": 0.0706237182021,
        "dmean2": 0.125372573733,
        "dvar": 0.00691738212481,
        "dvar2": 0.0173692759126,
        "max": 0.791215419769,
        "mean": 0.516524374485,
        "median": 0.493882775307,
        "min": 0.240900918841,
        "var": 0.0115110054612
    },
    "silence_rate_20dB": {
        "dmean": 0,
        "dmean2": 0,
        "dvar": 0,
        "dvar2": 0,
        "max": 1,
        "mean": 1,
        "median": 1,
        "min": 1,
        "var": 0
    },
    "silence_rate_30dB": {
        "dmean": 0,
        "dmean2": 0,
        "dvar": 0,
        "dvar2": 0,
        "max": 1,
        "mean": 1,
        "median": 1,
        "min": 1,
        "var": 0
    },
    "silence_rate_60dB": {
        "dmean": 0.019999999553,
        "dmean2": 0.0402684547007,
        "dvar": 0.0195999778807,
        "dvar2": 0.0386468842626,
        "max": 1,
        "mean": 0.112582780421,
        "median": 0,
        "min": 0,
        "var": 0.0999078378081
    },
    "spectral_centroid": {
        "dmean": 94.1872940063,
        "dmean2": 156.504989624,
        "dvar": 10298.5712891,
        "dvar2": 25798.7734375,
        "max": 1245.07373047,
        "mean": 725.633239746,
        "median": 715.321960449,
        "min": 308.094085693,
        "var": 31154.5566406
    },
    "spectral_complexity": {
        "dmean": 4.02666664124,
        "dmean2": 6.3691277504,
        "dvar": 14.465965271,
        "dvar2": 35.4812164307,
        "max": 35,
        "mean": 18.9668865204,
        "median": 20,
        "min": 0,
        "var": 63.8333435059
    },
    "spectral_decrease": {
        "dmean": 1.12721310064e-09,
        "dmean2": 1.85445525602e-09,
        "dvar": 3.14641865389e-18,
        "dvar2": 7.00625535709e-18,
        "max": -2.25476565587e-13,
        "mean": -8.54621351465e-09,
        "median": -9.59247881127e-09,
        "min": -1.52071120141e-08,
        "var": 1.32134956015e-17
    },
    "spectral_energy": {
        "dmean": 0.00451908679679,
        "dmean2": 0.00739789428189,
        "dvar": 5.03885166836e-05,
        "dvar2": 0.000112107874884,
        "max": 0.0614249557257,
        "mean": 0.0341149792075,
        "median": 0.0382548086345,
        "min": 8.79676520071e-07,
        "var": 0.000212088503758
    },
    "spectral_energyband_high": {
        "dmean": 2.3357290047e-05,
        "dmean2": 3.77651522285e-05,
        "dvar": 8.64377680543e-10,
        "dvar2": 2.33563035579e-09,
        "max": 0.000276455364656,
        "mean": 5.86078349443e-05,
        "median": 5.01811628055e-05,
        "min": 1.32147737197e-09,
        "var": 2.37675235049e-09
    },
    "spectral_energyband_low": {
        "dmean": 2.10296002479e-05,
        "dmean2": 3.26855333697e-05,
        "dvar": 3.63071528398e-09,
        "dvar2": 4.3456096499e-09,
        "max": 0.00073880929267,
        "mean": 3.10815521516e-05,
        "median": 1.78650934686e-05,
        "min": 9.56810879416e-08,
        "var": 4.05231048717e-09
    },
    "spectral_energyband_middle_high": {
        "dmean": 0.00188386521768,
        "dmean2": 0.00304410373792,
        "dvar": 5.80402729611e-06,
        "dvar2": 1.16207020255e-05,
        "max": 0.0189238209277,
        "mean": 0.00818224344403,
        "median": 0.00859859678894,
        "min": 4.10099154635e-08,
        "var": 1.5850595446e-05
    },
    "spectral_energyband_middle_low": {
        "dmean": 0.00400154897943,
        "dmean2": 0.0067127016373,
        "dvar": 3.08007038257e-05,
        "dvar2": 7.51153784222e-05,
        "max": 0.0511950962245,
        "mean": 0.0259966850281,
        "median": 0.0289065334946,
        "min": 7.67975336657e-07,
        "var": 0.000134849149617
    },
    "spectral_entropy": {
        "dmean": 0.164509937167,
        "dmean2": 0.260260343552,
        "dvar": 0.0256983563304,
        "dvar2": 0.0470999032259,
        "max": 7.94717693329,
        "mean": 6.98804426193,
        "median": 7.04214572906,
        "min": 6.01631212234,
        "var": 0.0806072205305
    },
    "spectral_flux": {
        "dmean": 0.0245038680732,
        "dmean2": 0.042667478323,
        "dvar": 0.000787951983511,
        "dvar2": 0.00176686467603,
        "max": 0.185797303915,
        "mean": 0.0705392807722,
        "median": 0.0709632709622,
        "min": 0.00168694066815,
        "var": 0.00178887241054
    },
    "spectral_kurtosis": {
        "dmean": 5.5937795639,
        "dmean2": 9.72899532318,
        "dvar": 34.6716918945,
        "dvar2": 91.9949645996,
        "max": 56.1855354309,
        "mean": 11.0595350266,
        "median": 8.96652317047,
        "min": 2.36477375031,
        "var": 61.4083213806
    },
    "spectral_rms": {
        "dmean": 0.000436732778326,
        "dmean2": 0.000711990811396,
        "dvar": 6.77074865507e-07,
        "dvar2": 1.36489131819e-06,
        "max": 0.00774123938754,
        "mean": 0.00542316632345,
        "median": 0.00610915431753,
        "min": 2.92954082397e-05,
        "var": 3.87217232856e-06
    },
    "spectral_rolloff": {
        "dmean": 56.9912109375,
        "dmean2": 101.740768433,
        "dvar": 9602.08300781,
        "dvar2": 23170.6132812,
        "max": 1291.9921875,
        "mean": 906.961181641,
        "median": 947.4609375,
        "min": 279.931640625,
        "var": 31204.2246094
    },
    "spectral_skewness": {
        "dmean": 0.485498964787,
        "dmean2": 0.849994421005,
        "dvar": 0.246982648969,
        "dvar2": 0.66289037466,
        "max": 5.42944955826,
        "mean": 1.99873304367,
        "median": 1.80891430378,
        "min": 1.04068171978,
        "var": 0.511765301228
    },
    "spectral_spread": {
        "dmean": 331600.625,
        "dmean2": 456638.65625,
        "dvar": 1.49427873382e+12,
        "dvar2": 1.01416855142e+12,
        "max": 20907980,
        "mean": 2319035.25,
        "median": 2145484.5,
        "min": 1286161.625,
        "var": 2.51421052109e+12
    },
    "spectral_strongpeak": {
        "dmean": 0.346974909306,
        "dmean2": 0.55524533987,
        "dvar": 0.242669701576,
        "dvar2": 0.690891385078,
        "max": 4.06478738785,
        "mean": 1.31698966026,
        "median": 1.53074645996,
        "min": 0.0010094223544,
        "var": 0.421551853418
    },
    "zerocrossingrate": {
        "dmean": 0.00278320303187,
        "dmean2": 0.00350972637534,
        "dvar": 7.25984500605e-06,
        "dvar2": 1.06292109194e-05,
        "max": 0.0439453125,
        "mean": 0.0208150092512,
        "median": 0.01953125,
        "min": 0.00439453125,
        "var": 4.00625904149e-05
    },
    "barkbands": {
        "dmean": [2.20929518946e-06, 6.5359704422e-06, 9.80000459094e-06, 2.42534024437e-05, 0.00348599604331, 0.000574778998271, 0.000985619612038, 0.00231381924823, 0.00130269362126, 0.00130479957443, 0.00120599323418, 0.000445180077804, 0.000327530287905, 8.85520566953e-05, 5.79743827984e-05, 0.000123442747281, 0.00021392670169, 0.000133853798616, 6.3708073867e-05, 1.98829493456e-05, 1.00401957752e-05, 4.44936586064e-06, 1.34041101774e-06, 4.14093847212e-07, 2.12817170109e-07, 9.43564657518e-08, 3.80536810951e-08],
        "dmean2": [3.1909446534e-06, 9.39954315982e-06, 1.57888644026e-05, 3.97057847294e-05, 0.00559827964753, 0.0010650473414, 0.00168181222398, 0.00361923524179, 0.00230751535855, 0.00227267853916, 0.00187614117749, 0.000773571257014, 0.000556646031328, 0.000155570261995, 9.0120913228e-05, 0.000203362214961, 0.000372979353415, 0.000222184418817, 0.000106726656668, 3.33029529429e-05, 1.5718065697e-05, 7.82348070061e-06, 2.27130453823e-06, 6.57767827761e-07, 3.32967147187e-07, 1.36756426627e-07, 4.20995540651e-08],
        "dvar": [8.93354001885e-11, 3.57267881945e-10, 5.00174957008e-10, 1.98077843017e-09, 2.0340698029e-05, 1.10835082978e-06, 2.64387153948e-06, 1.88946560229e-05, 2.22855919674e-06, 2.3710615551e-06, 1.86266049695e-06, 4.24651176445e-07, 1.2574611219e-07, 9.3888044006e-09, 4.43367520475e-09, 2.1858992838e-08, 5.82601380472e-08, 3.1977862136e-08, 6.42332675937e-09, 5.76240222205e-10, 1.55942522784e-10, 4.20765783327e-11, 3.67880639146e-12, 3.50432112798e-13, 2.04761812432e-13, 1.24918616575e-13, 1.54113511232e-13],
        "dvar2": [9.19756770745e-11, 3.56590368344e-10, 6.80569545164e-10, 3.65662877755e-09, 5.05399220856e-05, 3.20515232488e-06, 7.74416366767e-06, 4.84456504637e-05, 5.94680113863e-06, 6.54697259961e-06, 4.04086722483e-06, 1.21185348689e-06, 3.30907937496e-07, 2.56434713464e-08, 8.95311469407e-09, 5.16699749653e-08, 1.37464553518e-07, 8.78819008676e-08, 1.71295031492e-08, 1.35493927189e-09, 4.41980563259e-10, 1.25039908982e-10, 1.03936772383e-11, 8.683705339e-13, 2.98181862231e-13, 1.19398387661e-13, 1.54707925073e-13],
        "max": [0.000117779141874, 0.000239511602558, 0.000256748695392, 0.000446926045697, 0.0297459531575, 0.00576842436567, 0.0134276030585, 0.0434641577303, 0.0136507591233, 0.00839415565133, 0.00975043978542, 0.00572033459321, 0.00250744121149, 0.000631965522189, 0.000669036526233, 0.00152300589252, 0.00155347923283, 0.00166980118956, 0.000547246134374, 0.000209500984056, 0.00010692467913, 5.8688037825e-05, 1.39369667522e-05, 5.36947709406e-06, 5.23706603417e-06, 4.68072857984e-06, 4.84247766508e-06],
        "mean": [2.60706087829e-06, 9.57683914748e-06, 1.13897785923e-05, 2.8125143217e-05, 0.0157779864967, 0.000465495657409, 0.00151388102677, 0.00448240805417, 0.00338237104006, 0.00178057153244, 0.00341566465795, 0.000938610115554, 0.000737630238291, 0.00018694991013, 0.000154792127432, 0.000286965863779, 0.000457752728835, 0.00025211769389, 0.000141121810884, 5.3581676184e-05, 2.43656704697e-05, 7.72798921389e-06, 2.05434753298e-06, 7.15108967597e-07, 3.85276393899e-07, 1.6352583998e-07, 4.24945980626e-08],
        "median": [8.00983798399e-07, 5.15459214512e-06, 5.32109379492e-06, 1.49982224684e-05, 0.019327070564, 0.000165532081155, 0.00102300883736, 0.000538556138054, 0.00342924543656, 0.00115882989485, 0.00321189244278, 0.000779693189543, 0.000680299592204, 0.00016574106121, 0.000123846242786, 0.000264204107225, 0.000404129154049, 0.000204644253245, 0.000117909308756, 4.72670508316e-05, 2.20236925088e-05, 4.84070460516e-06, 1.02874366803e-06, 3.96001468062e-07, 2.49830407029e-07, 8.83076225477e-08, 8.1261557483e-09],
        "min": [4.73359129671e-10, 2.16111786244e-08, 2.50376359645e-08, 2.59255283908e-08, 4.5582828534e-07, 5.30412442856e-08, 2.52272904788e-08, 1.26644465581e-07, 2.65315502901e-08, 5.06461095284e-09, 3.52531825953e-09, 1.1344623907e-08, 1.43114133877e-08, 1.4857808317e-09, 2.09146089336e-10, 6.01115601739e-10, 1.03401498475e-09, 2.11023487573e-09, 1.05041531029e-09, 9.56731915913e-10, 3.95764948591e-10, 2.68480099264e-10, 3.70235508917e-11, 2.71669613888e-11, 3.65875420238e-11, 3.3457330656e-11, 2.45314157876e-10],
        "var": [9.38059144251e-11, 4.42239439513e-10, 5.51477474797e-10, 2.09220663017e-09, 7.87752287579e-05, 7.76048750595e-07, 3.9821129576e-06, 8.25545357657e-05, 4.17913406636e-06, 3.29115823661e-06, 5.66487551623e-06, 6.55189467125e-07, 2.5642097512e-07, 1.58010440288e-08, 1.5382960683e-08, 4.84056066341e-08, 1.10526649166e-07, 4.95507990195e-08, 1.11809050907e-08, 1.40574241136e-09, 3.88500343007e-10, 8.67627705792e-11, 6.52842146662e-12, 8.02600824343e-13, 3.18090118048e-13, 1.59452122729e-13, 1.53681714164e-13]
    },
    "erbbands": {
        "dmean": [0.000218768313061, 0.00159192027058, 0.00912014767528, 0.0538770407438, 2.3092083931, 20.8709163666, 5.03788948059, 5.14782381058, 10.9289731979, 22.6067409515, 58.7965812683, 21.919298172, 28.9592781067, 45.1633987427, 26.9865283966, 16.4691753387, 13.8915758133, 4.7158074379, 3.44281005859, 4.04520797729, 6.89143800735, 11.6010656357, 7.35167312622, 4.63807582855, 2.21132254601, 0.853646039963, 0.556341528893, 0.299736171961, 0.166237637401, 0.0749207809567, 0.0332710668445, 0.0120317516848, 0.00570135330781, 0.00275071011856, 0.00136585324071, 0.000495751970448, 0.00016585321282, 4.06106264563e-05, 7.09930600351e-06, 5.36068182555e-06],
        "dmean2": [0.000321137253195, 0.00238098273985, 0.0140973702073, 0.0861957967281, 3.80086159706, 32.6823883057, 8.63208580017, 9.59944725037, 17.9728012085, 40.4224090576, 86.2492446899, 38.2043418884, 45.9834594727, 72.9598922729, 43.3201065063, 28.4580478668, 23.4119052887, 7.9751534462, 5.66958284378, 6.14131116867, 11.4936914444, 20.0105934143, 12.4890193939, 7.85757350922, 3.82912731171, 1.39457941055, 0.908352255821, 0.488802969456, 0.284264296293, 0.12296680361, 0.0568802803755, 0.0196029674262, 0.00905545894057, 0.00438307086006, 0.00213724304922, 0.000726754486095, 0.000239447952481, 5.44415379409e-05, 8.80146671989e-06, 8.6230920715e-06],
        "dvar": [3.46502844195e-07, 1.92658371816e-05, 0.000440816482296, 0.0079296734184, 6.58332824707, 788.151855469, 35.4504699707, 93.7122497559, 298.053588867, 4355.97851562, 13549.2607422, 559.431274414, 1258.32873535, 2807.29492188, 1671.43432617, 375.659454346, 258.129425049, 26.0111293793, 19.425201416, 19.4791297913, 78.3930664062, 173.375457764, 78.926612854, 31.5098896027, 9.1241235733, 0.937678217888, 0.541585326195, 0.129962056875, 0.0557335168123, 0.00982258282602, 0.00219891825691, 0.000292405398795, 6.73155445838e-05, 2.67395989795e-05, 9.56901385507e-06, 2.00972590392e-06, 4.55961043144e-07, 5.87001771635e-08, 3.00685210064e-09, 7.3852236826e-11],
        "dvar2": [3.80959761515e-07, 2.04025454877e-05, 0.000549881893676, 0.0133145200089, 18.3154678345, 1946.70935059, 90.4360580444, 269.036773682, 802.506591797, 13976.7822266, 33887.7382812, 1451.86120605, 2669.20141602, 7322.94628906, 3241.73535156, 1015.18341064, 691.438232422, 71.9188461304, 36.0596199036, 38.9460678101, 187.807525635, 418.449981689, 204.940048218, 76.1237258911, 23.6190280914, 2.04972743988, 1.46388471127, 0.35461384058, 0.163098856807, 0.0285865738988, 0.00635412568226, 0.000785806099884, 0.000151505199028, 4.21324912168e-05, 1.31518354465e-05, 2.08325286621e-06, 4.46853761105e-07, 5.81770365216e-08, 3.00618707705e-09, 1.51304191398e-10],
        "max": [0.00729902787134, 0.0551054142416, 0.254794299603, 1.08323025703, 16.0383872986, 184.232727051, 51.2591438293, 59.4409561157, 123.315513611, 697.367675781, 1163.95629883, 188.498672485, 323.663391113, 376.542907715, 370.812927246, 149.710510254, 107.1668396, 34.5903244019, 49.1244506836, 44.2064323425, 84.2251739502, 79.5263824463, 76.6325912476, 48.9268493652, 22.5786190033, 8.62808609009, 6.56100511551, 3.75483512878, 1.96871292591, 0.684787154198, 0.353585213423, 0.126207202673, 0.0857528224587, 0.0585876405239, 0.0369065664709, 0.0187809057534, 0.00878231506795, 0.00305881001987, 0.000696949718986, 8.93282995094e-05],
        "mean": [0.000308468122967, 0.0025569293648, 0.0155818760395, 0.177675455809, 8.49880599976, 95.9511260986, 20.3437995911, 4.96275568008, 14.5932312012, 38.329875946, 114.060569763, 69.4875640869, 66.6756057739, 118.424385071, 83.4523086548, 38.4985580444, 30.5966243744, 15.023730278, 8.87422466278, 12.2321004868, 18.5993919373, 25.1335983276, 15.5474939346, 10.2378396988, 5.35741138458, 2.45389556885, 1.43743610382, 0.703851699829, 0.30590480566, 0.125863969326, 0.0512761771679, 0.0197033081204, 0.0104950489476, 0.00517156394199, 0.00234648329206, 0.000855264894199, 0.000287670554826, 6.05596469541e-05, 2.28871522268e-05, 3.96373689e-05],
        "median": [0.000176785339136, 0.00159204250667, 0.0115159125999, 0.189538180828, 10.0965213776, 117.390914917, 23.8338298798, 2.27025866508, 6.9754652977, 23.7489337921, 14.7580137253, 71.2963562012, 64.227684021, 109.498039246, 74.3407897949, 37.2872085571, 24.8610515594, 15.0981225967, 8.93436717987, 11.596780777, 18.4313430786, 21.2135353088, 13.6713628769, 8.88338661194, 4.56174039841, 2.1396009922, 1.34660887718, 0.60340231657, 0.19553373754, 0.0707459449768, 0.0263376124203, 0.0100030321628, 0.00689580803737, 0.00345582002774, 0.00145851634443, 0.000424007390393, 0.000160878465977, 3.20180479321e-05, 1.99646892725e-05, 4.36244336015e-05],
        "min": [6.81665881075e-07, 5.10980999024e-06, 3.33921343554e-05, 0.000168324972037, 0.000723371515051, 0.00179682346061, 0.00139788910747, 0.000201495960937, 0.000195234650164, 0.00140908022877, 0.00251412182115, 0.000693535956088, 0.000139352850965, 0.000167411621078, 0.000255020102486, 0.000503488467075, 0.00069183378946, 0.000167425809195, 2.03243653232e-05, 2.03578492801e-05, 3.43796018569e-05, 6.33766248939e-05, 9.62632984738e-05, 7.06317223376e-05, 7.85640004324e-05, 3.13064228976e-05, 2.60384949797e-05, 1.17378149298e-05, 1.06642537503e-05, 2.28122121371e-06, 1.00749184639e-06, 7.38264418487e-07, 4.15182967117e-07, 3.84102008866e-07, 2.88751834887e-07, 9.58582901944e-08, 8.5433583763e-08, 4.75360337759e-08, 2.15042454954e-08, 6.50527010038e-09],
        "var": [4.09313031469e-07, 2.37220228883e-05, 0.000519245455507, 0.0120678246021, 21.1844272614, 3096.76586914, 102.367042542, 66.5728759766, 452.717315674, 4422.72509766, 54912.0390625, 1635.63903809, 2236.79003906, 6352.87011719, 3570.02514648, 692.183837891, 477.184967041, 71.1226043701, 41.5974121094, 70.1288528442, 167.369445801, 343.403381348, 137.304733276, 64.346786499, 16.4198226929, 2.80069637299, 1.22606503963, 0.380361586809, 0.118349604309, 0.0218179840595, 0.00428766803816, 0.000654830422718, 0.000165413453942, 4.87030447403e-05, 1.35789805427e-05, 2.90193270303e-06, 5.44377712686e-07, 6.14825310663e-08, 3.09112002661e-09, 2.95909213799e-10]
    },
    "gfcc": {
        "mean": [-82.0167160034, 147.158050537, -184.023162842, -19.1431903839, -66.4359741211, -37.0745849609, -33.415271759, -17.691822052, -39.3560562134, -28.7161884308, -19.442237854, -5.95100021362, 1.67561590672],
        "cov": [[11898.2714844, -508.982513428, -2239.93261719, 426.862579346, -415.544372559, 162.800476074, 14.080163002, 266.927062988, 57.5365104675, -588.257629395, -215.859237671, -92.5494918823, -26.0019016266], [-508.982513428, 328.053253174, -34.8148880005, -120.860702515, 99.2214202881, -100.414588928, 15.9093227386, -82.7588272095, -22.5329151154, -18.9816265106, 47.1651268005, -31.3558177948, 59.9378585815], [-2239.93261719, -34.8148880005, 574.194885254, -13.0148200989, 41.0676841736, 16.8546524048, 12.7695217133, 2.82996726036, 0.176105350256, 138.334732056, 32.1458053589, 44.5083770752, -21.6380252838], [426.862579346, -120.860702515, -13.0148200989, 90.501625061, -29.8533535004, 44.1587181091, 9.56956577301, 35.3882026672, 1.66220784187, -18.1927375793, -20.1009349823, 15.2477817535, -12.8041296005], [-415.544372559, 99.2214202881, 41.0676841736, -29.8533535004, 109.355041504, -9.27347755432, 6.14801979065, -43.4073104858, -39.717338562, -11.5465259552, -14.1923570633, -14.0011100769, 44.3002281189], [162.800476074, -100.414588928, 16.8546524048, 44.1587181091, -9.27347755432, 60.5986061096, 3.78696131706, 29.845407486, 10.393029213, 7.02324056625, -24.0067443848, 0.948784410954, -18.7056427002], [14.080163002, 15.9093227386, 12.7695217133, 9.56956577301, 6.14801979065, 3.78696131706, 32.0241203308, 17.7612876892, 7.16531085968, 1.66747665405, 3.54192757607, -7.33497333527, -7.37618494034], [266.927062988, -82.7588272095, 2.82996726036, 35.3882026672, -43.4073104858, 29.845407486, 17.7612876892, 72.3976821899, 39.0060539246, 24.4691047668, 4.64063978195, 4.93868017197, -45.9706344604], [57.5365104675, -22.5329151154, 0.176105350256, 1.66220784187, -39.717338562, 10.393029213, 7.16531085968, 39.0060539246, 53.710018158, 32.4522857666, 17.3084430695, 0.564529895782, -42.3969345093], [-588.257629395, -18.9816265106, 138.334732056, -18.1927375793, -11.5465259552, 7.02324056625, 1.66747665405, 24.4691047668, 32.4522857666, 76.5747909546, 22.9596424103, 12.4676771164, -28.6828517914], [-215.859237671, 47.1651268005, 32.1458053589, -20.1009349823, -14.1923570633, -24.0067443848, 3.54192757607, 4.64063978195, 17.3084430695, 22.9596424103, 43.8809700012, 11.8489751816, -10.5879278183], [-92.5494918823, -31.3558177948, 44.5083770752, 15.2477817535, -14.0011100769, 0.948784410954, -7.33497333527, 4.93868017197, 0.564529895782, 12.4676771164, 11.8489751816, 32.0285072327, 0.221389308572], [-26.0019016266, 59.9378585815, -21.6380252838, -12.8041296005, 44.3002281189, -18.7056427002, -7.37618494034, -45.9706344604, -42.3969345093, -28.6828517914, -10.5879278183, 0.221389308572, 63.114276886]],
        "icov": [[0.00109138654079, -0.00075574463699, 0.0034996685572, -0.00140168145299, 0.00242477213033, -0.00171591865364, -0.000262049405137, -0.00407258421183, 0.000591959804296, 0.00230864016339, 0.00197604624555, -0.00173433334567, -0.00134028634056], [-0.00075574463699, 0.0363267734647, -0.00190981978085, 0.0193263366818, -0.0239511393011, 0.0233215745538, -0.0219960846007, 0.0178595799953, -0.0257179494947, 0.0128994872794, -0.0317271128297, 0.0151484189555, -0.0141720538959], [0.0034996685572, -0.00190981978085, 0.0167371984571, -0.00636649364606, 0.00594892632216, -0.00575327640399, -0.00598026439548, -0.00808259751648, 0.00916588492692, -0.00529565941542, 0.0059700710699, -0.00964619871229, 2.11825590668e-05], [-0.00140168145299, 0.0193263366818, -0.00636649364606, 0.0471904315054, -0.00738259218633, -0.00528639694676, -0.0217301975936, 0.00251720752567, -0.0113629736006, 0.0230548121035, -0.0114603973925, -0.0116653395817, -0.00766849517822], [0.00242477213033, -0.0239511393011, 0.00594892632216, -0.00738259218633, 0.0392181538045, -0.0235226582736, 0.00342515436932, -0.0141577171162, 0.0242321547121, -0.00443278811872, 0.0256772805005, -0.00857582874596, -0.00152324372903], [-0.00171591865364, 0.0233215745538, -0.00575327640399, -0.00528639694676, -0.0235226582736, 0.0606499090791, -0.00639647943899, 0.00914770271629, -0.0231253933161, -0.00386406783946, -0.000330226641381, 0.0154842473567, -0.00289860833436], [-0.000262049405137, -0.0219960846007, -0.00598026439548, -0.0217301975936, 0.00342515436932, -0.00639647943899, 0.0700434818864, -0.030116179958, 0.00808150041848, 0.000992098008282, 0.00442885467783, 0.0165490247309, 0.00283725140616], [-0.00407258421183, 0.0178595799953, -0.00808259751648, 0.00251720752567, -0.0141577171162, 0.00914770271629, -0.030116179958, 0.0703594833612, -0.0182677283883, -0.0183882266283, -0.017538709566, 0.0054023633711, 0.0158885382116], [0.000591959804296, -0.0257179494947, 0.00916588492692, -0.0113629736006, 0.0242321547121, -0.0231253933161, 0.00808150041848, -0.0182677283883, 0.0868333131075, -0.0359207615256, 0.00919833127409, -0.00602717325091, 0.0328508578241], [0.00230864016339, 0.0128994872794, -0.00529565941542, 0.0230548121035, -0.00443278811872, -0.00386406783946, 0.000992098008282, -0.0183882266283, -0.0359207615256, 0.069178275764, -0.0142771992832, -0.00398913258687, -0.0148210367188], [0.00197604624555, -0.0317271128297, 0.0059700710699, -0.0114603973925, 0.0256772805005, -0.000330226641381, 0.00442885467783, -0.017538709566, 0.00919833127409, -0.0142771992832, 0.0844829082489, -0.0391957461834, 0.0142889861017], [-0.00173433334567, 0.0151484189555, -0.00964619871229, -0.0116653395817, -0.00857582874596, 0.0154842473567, 0.0165490247309, 0.0054023633711, -0.00602717325091, -0.00398913258687, -0.0391957461834, 0.075025677681, -0.0169968083501], [-0.00134028634056, -0.0141720538959, 2.11825590668e-05, -0.00766849517822, -0.00152324372903, -0.00289860833436, 0.00283725140616, 0.0158885382116, 0.0328508578241, -0.0148210367188, 0.0142889861017, -0.0169968083501, 0.0571055598557]]
    },
    "melbands": {
        "dmean": [1.79860819571e-06, 3.75374793293e-06, 1.81110408448e-05, 0.000843722722493, 0.000337493809639, 0.00012223473459, 0.000169225037098, 0.000247754622251, 0.000455757370219, 0.000170550774783, 0.000149726474774, 0.000186931123608, 0.000127934457851, 5.23407506989e-05, 4.67723839392e-05, 2.41166035266e-05, 8.39296080812e-06, 7.31979434931e-06, 5.12113456352e-06, 7.3381220318e-06, 9.01293515199e-06, 1.29389936774e-05, 8.967271242e-06, 6.2547651396e-06, 3.79992366106e-06, 2.3934114779e-06, 1.07732944343e-06, 5.34533228347e-07, 4.39255131823e-07, 2.37776760059e-07, 1.70155743717e-07, 1.12507102301e-07, 5.7705310752e-08, 3.56006992774e-08, 2.12768096475e-08, 1.02786961165e-08, 6.44726316779e-09, 4.26638635531e-09, 2.9033995208e-09, 2.18981988098e-09],
        "dmean2": [2.60500655713e-06, 5.6662706811e-06, 3.04941950162e-05, 0.00134151952807, 0.000555228732992, 0.00022838327277, 0.000271147815511, 0.000440856994828, 0.000682723126374, 0.000300256564515, 0.000237094704062, 0.000303985521896, 0.000199830494239, 8.6922715127e-05, 8.2055470557e-05, 4.1823626816e-05, 1.41848040585e-05, 1.2475411495e-05, 8.15141720523e-06, 1.13687983685e-05, 1.56258029165e-05, 2.20646506932e-05, 1.53514374688e-05, 1.0455728443e-05, 6.42212398816e-06, 4.13296083934e-06, 1.76737250968e-06, 8.64659966737e-07, 7.18959427104e-07, 3.99122427552e-07, 2.92439409577e-07, 1.99074079887e-07, 9.2577458588e-08, 5.90946029888e-08, 3.65107588607e-08, 1.73711587337e-08, 1.03368327231e-08, 6.85981094151e-09, 4.66495952978e-09, 3.42188188895e-09],
        "dvar": [3.16293519154e-11, 8.52383788552e-11, 8.15560452505e-10, 1.23176425859e-06, 1.75683027237e-07, 4.82767852361e-08, 6.57746426214e-08, 4.63399089767e-07, 8.48894728733e-07, 3.56153684322e-08, 3.21246247381e-08, 4.94673457752e-08, 2.39041408889e-08, 8.310814259e-09, 2.82020429232e-09, 6.27693785837e-10, 8.54676954209e-11, 7.84138240451e-11, 2.67578615515e-11, 7.96267149439e-11, 1.44297407356e-10, 2.22819165896e-10, 1.00248677415e-10, 7.12292030913e-11, 1.98639490273e-11, 9.14802955609e-12, 1.74573007959e-12, 3.46933744753e-13, 3.6788034099e-13, 7.6386603477e-14, 6.61762718191e-14, 2.7933515215e-14, 5.60974250857e-15, 2.41537204734e-15, 1.02332326759e-15, 2.23906621571e-16, 8.90919378613e-17, 3.6050344275e-17, 2.63116689907e-17, 1.77178745399e-17],
        "dvar2": [3.13668570284e-11, 1.01805022745e-10, 1.62376090351e-09, 3.12925703838e-06, 4.12781957948e-07, 1.38130232585e-07, 1.72816669419e-07, 1.43864724578e-06, 2.06210688702e-06, 9.44547267068e-08, 6.86370995595e-08, 1.32330043812e-07, 4.71763286214e-08, 2.16993587543e-08, 7.63537855164e-09, 1.63868585368e-09, 2.39710029604e-10, 1.55668811175e-10, 6.38879713022e-11, 1.56582011246e-10, 3.57498614045e-10, 5.4477711231e-10, 2.73080086322e-10, 1.94691041067e-10, 4.76945080652e-11, 2.52062086481e-11, 4.55085968909e-12, 8.35568756113e-13, 1.04132566285e-12, 1.93435613122e-13, 1.90649199986e-13, 8.51137736679e-14, 1.48163392769e-14, 7.0141637927e-15, 2.90675745938e-15, 6.21560823508e-16, 2.36415657076e-16, 8.75496364481e-17, 4.47843987791e-17, 2.84441439186e-17],
        "max": [7.12236869731e-05, 0.000112103974971, 0.000278896244708, 0.00712022325024, 0.00288173696026, 0.00124618830159, 0.00227001984604, 0.00755520863459, 0.00876429863274, 0.00167468853761, 0.00161440332886, 0.00149912468623, 0.00104700389784, 0.000875257886946, 0.000396482035285, 0.000205258751521, 5.68736686546e-05, 8.93437390914e-05, 5.22888840351e-05, 0.00010799287702, 9.53384369495e-05, 7.95077430666e-05, 7.00870950823e-05, 7.70698898123e-05, 3.70369234588e-05, 1.86399083759e-05, 1.03170532384e-05, 5.80737651035e-06, 5.47453691979e-06, 2.19512298827e-06, 2.73320620181e-06, 1.30408807308e-06, 6.40958148779e-07, 3.5512289287e-07, 2.64177970166e-07, 1.31715765406e-07, 6.75685427609e-08, 6.07855454859e-08, 5.42312150742e-08, 4.79697455091e-08],
        "mean": [2.64449977294e-06, 4.95023368785e-06, 2.40603767452e-05, 0.00370097160339, 0.00162201328203, 0.000100843149994, 0.000247530086199, 0.000504888128489, 0.000878389517311, 0.000462470517959, 0.000332364259521, 0.000463834701804, 0.000383100181352, 0.000113150228572, 8.24255257612e-05, 6.40999496682e-05, 2.31576759688e-05, 1.56157238962e-05, 1.36701237352e-05, 1.82089752343e-05, 2.22332910198e-05, 2.71459903161e-05, 1.89204220078e-05, 1.1273691598e-05, 8.09128414403e-06, 5.02014836457e-06, 2.45671026278e-06, 1.41568375511e-06, 1.00633837974e-06, 5.86720034335e-07, 3.43716379803e-07, 1.87648510064e-07, 1.03029620391e-07, 5.54451524692e-08, 3.19137285487e-08, 1.6414666959e-08, 1.01805142094e-08, 7.55739026914e-09, 5.59073631834e-09, 3.87376752897e-09],
        "median": [1.49133848026e-06, 2.47640559792e-06, 1.28181391119e-05, 0.00453538028523, 0.0019809093792, 3.41438062605e-05, 0.000141097669257, 0.0002379216603, 0.000110030974611, 0.000472493324196, 0.000320283870678, 0.000413605419453, 0.000361532293027, 8.22321235319e-05, 6.97147042956e-05, 6.51276495773e-05, 2.30226632993e-05, 1.44166533573e-05, 1.0849442333e-05, 1.77879792318e-05, 2.11008900806e-05, 2.34663348238e-05, 1.68155565916e-05, 9.15929285839e-06, 6.87342935635e-06, 4.17369983552e-06, 2.10450934901e-06, 1.24733696794e-06, 8.94939319096e-07, 5.51817720407e-07, 2.77058802567e-07, 1.20984722685e-07, 5.7869979031e-08, 3.18831858692e-08, 1.50350842887e-08, 7.97850319145e-09, 5.45711120736e-09, 4.92422769227e-09, 3.70739572375e-09, 2.43405939848e-09],
        "min": [6.54936105349e-09, 1.36055735567e-08, 1.49042058695e-08, 9.35684880687e-08, 5.90610653717e-08, 5.27151078344e-09, 3.22706616984e-09, 1.92067108884e-08, 1.87189499457e-08, 3.25243210142e-09, 5.81818149215e-10, 6.8235056494e-10, 6.41873831864e-10, 1.19996490522e-09, 1.62798685643e-09, 1.18124054982e-09, 2.1017934615e-10, 2.76462255866e-11, 1.80715459958e-11, 4.37209539406e-11, 3.61543087135e-11, 5.94541360588e-11, 9.00087643307e-11, 8.97797461374e-11, 5.36154211306e-11, 3.99225028036e-11, 6.28119709023e-11, 1.21150077817e-11, 2.04460857967e-11, 8.77637719443e-12, 6.27202846951e-12, 7.60410484579e-12, 2.38540589191e-12, 7.86466811814e-13, 5.40187360988e-13, 6.73707780102e-13, 3.2487847048e-13, 2.74092570472e-13, 2.80705336362e-13, 3.27412359377e-13],
        "var": [3.75920614082e-11, 1.00784956769e-10, 1.04094599607e-09, 4.57691658085e-06, 7.35946514396e-07, 3.5291357392e-08, 1.15476119333e-07, 7.59536760597e-07, 3.30638181367e-06, 7.59844382969e-08, 5.77275791613e-08, 1.03458880574e-07, 6.77810234606e-08, 1.42987222063e-08, 4.17384038442e-09, 1.7249726092e-09, 1.85495105387e-10, 1.54196488911e-10, 1.17638843111e-10, 1.86897816667e-10, 2.64476746059e-10, 4.15206036219e-10, 1.88422319414e-10, 9.93053694831e-11, 4.11242082055e-11, 1.57264305745e-11, 3.31946276022e-12, 9.99864795993e-13, 7.17437340005e-13, 1.88031136343e-13, 1.27443831855e-13, 4.80006185082e-14, 1.63876192754e-14, 4.2466521971e-15, 1.75347424433e-15, 4.89362803243e-16, 1.83650652834e-16, 8.65246670249e-17, 5.16528433646e-17, 2.98460793992e-17]
    },
    "mfcc": {
        "mean": [-706.333374023, 175.900192261, -68.3814086914, 2.06110739708, -34.6665840149, -25.802318573, -12.0963726044, -5.98049926758, -14.3076992035, -24.2335281372, -20.2831134796, -15.5133142471, -15.3358659744],
        "cov": [[10209.3808594, 814.570495605, -2804.11035156, 682.301513672, -822.35534668, -171.133102417, -43.8682556152, 384.121734619, 205.324081421, -176.322631836, -74.0142974854, 42.9719810486, -137.143096924], [814.570495605, 498.16796875, -413.046356201, 14.4665660858, -66.759727478, -78.539352417, 46.3769493103, -37.2863426208, -10.3352603912, -48.5507354736, -60.9064712524, -37.1957359314, -24.0629673004], [-2804.11035156, -413.046356201, 1044.0447998, -163.766647339, 210.666091919, 57.2488021851, -27.0359630585, -32.1499977112, -61.5982093811, 106.1769104, 106.061637878, 81.5810317993, 93.9993362427], [682.301513672, 14.4665660858, -163.766647339, 116.873985291, -60.5856132507, -2.72125554085, 14.654671669, 47.7725906372, 26.3015136719, -17.380689621, -1.31758403778, 6.16550159454, -8.2181186676], [-822.35534668, -66.759727478, 210.666091919, -60.5856132507, 113.605895996, 30.0485019684, 21.2825088501, -28.5426959991, 0.366226911545, 14.3112678528, 7.87576436996, -15.5761852264, 3.562084198], [-171.133102417, -78.539352417, 57.2488021851, -2.72125554085, 30.0485019684, 50.6733360291, 5.62552165985, 5.11911916733, 18.6155548096, 1.10237205029, 6.44566965103, -11.7986555099, -8.175989151], [-43.8682556152, 46.3769493103, -27.0359630585, 14.654671669, 21.2825088501, 5.62552165985, 55.3403205872, -3.71987867355, 25.9777107239, -10.1624746323, -4.73927593231, -15.8672380447, -13.3055334091], [384.121734619, -37.2863426208, -32.1499977112, 47.7725906372, -28.5426959991, 5.11911916733, -3.71987867355, 62.2753791809, 8.97510528564, 14.610206604, 25.8681201935, 27.6391277313, 9.8403635025], [205.324081421, -10.3352603912, -61.5982093811, 26.3015136719, 0.366226911545, 18.6155548096, 25.9777107239, 8.97510528564, 57.4463920593, -4.43715953827, 15.3906478882, -3.00765776634, -12.7393989563], [-176.322631836, -48.5507354736, 106.1769104, -17.380689621, 14.3112678528, 1.10237205029, -10.1624746323, 14.610206604, -4.43715953827, 50.5194244385, 36.1917953491, 37.0969696045, 21.0163955688], [-74.0142974854, -60.9064712524, 106.061637878, -1.31758403778, 7.87576436996, 6.44566965103, -4.73927593231, 25.8681201935, 15.3906478882, 36.1917953491, 66.9095230103, 51.7163238525, 30.7747268677], [42.9719810486, -37.1957359314, 81.5810317993, 6.16550159454, -15.5761852264, -11.7986555099, -15.8672380447, 27.6391277313, -3.00765776634, 37.0969696045, 51.7163238525, 75.4373016357, 37.4928779602], [-137.143096924, -24.0629673004, 93.9993362427, -8.2181186676, 3.562084198, -8.175989151, -13.3055334091, 9.8403635025, -12.7393989563, 21.0163955688, 30.7747268677, 37.4928779602, 40.3543243408]],
