{
"lowlevel": {
    "average_loudness": 0.974506080151,
    "barkbands_crest": {
        "dmean": 0.803415298462,
        "dmean2": 1.37073755264,
        "dvar": 0.45850494504,
        "dvar2": 1.47860252857,
        "max": 13.1812210083,
        "mean": 10.0743179321,
        "median": 9.76742553711,
        "min": 7.84909582138,
        "var": 1.44766449928
    },
    "barkbands_flatness_db": {
        "dmean": 0.0107940584421,
        "dmean2": 0.0166324675083,
        "dvar": 0.000388039014069,
        "dvar2": 0.000372238107957,
        "max": 0.457263618708,
        "mean": 0.360420227051,
        "median": 0.360513031483,
        "min": 0.109988413751,
        "var": 0.00347854709253
    },
    "barkbands_kurtosis": {
        "dmean": 0.945752441883,
        "dmean2": 1.45802164078,
        "dvar": 1.72727537155,
        "dvar2": 3.90394878387,
        "max": 20.8808441162,
        "mean": 7.37845516205,
        "median": 4.63732910156,
        "min": 0.971101760864,
        "var": 34.005645752
    },
    "barkbands_skewness": {
        "dmean": 0.161819368601,
        "dmean2": 0.255926072598,
        "dvar": 0.0288062486798,
        "dvar2": 0.0509994737804,
        "max": 2.58667707443,
        "mean": 0.447248488665,
        "median": -0.00930258259177,
        "min": -0.479972094297,
        "var": 0.772992610931
    },
    "barkbands_spread": {
        "dmean": 0.157579526305,
        "dmean2": 0.207576945424,
        "dvar": 0.34275957942,
        "dvar2": 0.335138887167,
        "max": 8.99712467194,
        "mean": 1.69184362888,
        "median": 1.65432918072,
        "min": 1.01402366161,
        "var": 0.54268860817
    },
    "dissonance": {
        "dmean": 0.0211118161678,
        "dmean2": 0.0388571470976,
        "dvar": 0.000333498872351,
        "dvar2": 0.000986969214864,
        "max": 0.451059281826,
        "mean": 0.371504724026,
        "median": 0.370058715343,
        "min": 0.308527171612,
        "var": 0.000419945194153
    },
    "dynamic_complexity": 1.56168746948,
    "erbbands_crest": {
        "dmean": 0.775919854641,
        "dmean2": 1.2740997076,
        "dvar": 0.412361085415,
        "dvar2": 1.10587847233,
        "max": 18.2085361481,
        "mean": 15.2626047134,
        "median": 15.326043129,
        "min": 8.09974479675,
        "var": 2.77310180664
    },
    "erbbands_flatness_db": {
        "dmean": 0.00881337560713,
        "dmean2": 0.0123432055116,
        "dvar": 0.000365088810213,
        "dvar2": 0.000316303921863,
        "max": 0.505602478981,
        "mean": 0.410284936428,
        "median": 0.41053083539,
        "min": 0.15491271019,
        "var": 0.00375073566101
    },
    "erbbands_kurtosis": {
        "dmean": 1.05731141567,
        "dmean2": 1.40239787102,
        "dvar": 1.47240316868,
        "dvar2": 2.7614171505,
        "max": 19.7560997009,
        "mean": 9.13773727417,
        "median": 8.1759853363,
        "min": 0.739509105682,
        "var": 36.8734512329
    },
    "erbbands_skewness": {
        "dmean": 0.128663316369,
        "dmean2": 0.199913367629,
        "dvar": 0.0244099982083,
        "dvar2": 0.0423155128956,
        "max": 3.41798043251,
        "mean": 1.33243358135,
        "median": 0.943344712257,
        "min": 0.0906942039728,
        "var": 1.08998405933
    },
    "erbbands_spread": {
        "dmean": 0.293421626091,
        "dmean2": 0.363695919514,
        "dvar": 1.54437839985,
        "dvar2": 1.40489149094,
        "max": 20.2679023743,
        "mean": 3.31592154503,
        "median": 3.02781033516,
        "min": 2.03441786766,
        "var": 3.19174432755
    },
    "hfc": {
        "dmean": 1.57780385017,
        "dmean2": 2.20031666756,
        "dvar": 3.89483904839,
        "dvar2": 6.25472974777,
        "max": 38.9673690796,
        "mean": 18.049829483,
        "median": 18.1111068726,
        "min": 0.122819066048,
        "var": 78.9413528442
    },
    "melbands_crest": {
        "dmean": 0.975337445736,
        "dmean2": 1.7182662487,
        "dvar": 0.648114264011,
        "dvar2": 1.6197053194,
        "max": 20.4616279602,
        "mean": 16.9041786194,
        "median": 16.9770526886,
        "min": 12.2777376175,
        "var": 4.21036577225
    },
    "melbands_flatness_db": {
        "dmean": 0.0105410516262,
        "dmean2": 0.0161920674145,
        "dvar": 0.000430908141425,
        "dvar2": 0.000399027689127,
        "max": 0.543953120708,
        "mean": 0.441747963428,
        "median": 0.446353435516,
        "min": 0.187299713492,
        "var": 0.00359632330947
    },
    "melbands_kurtosis": {
        "dmean": 0.816331624985,
        "dmean2": 1.33456420898,
        "dvar": 1.27662360668,
        "dvar2": 4.03336572647,
        "max": 19.5602874756,
        "mean": 5.56260347366,
        "median": 3.02406930923,
        "min": 0.814916133881,
        "var": 24.9385662079
    },
    "melbands_skewness": {
        "dmean": 0.15603724122,
        "dmean2": 0.222724854946,
        "dvar": 0.0222693067044,
        "dvar2": 0.0422315075994,
        "max": 2.36824607849,
        "mean": 0.102404631674,
        "median": -0.0963106304407,
        "min": -0.786441326141,
        "var": 0.36525836587
    },
    "melbands_spread": {
        "dmean": 0.264808833599,
        "dmean2": 0.368345946074,
        "dvar": 0.226096585393,
        "dvar2": 0.264773488045,
        "max": 8.69010353088,
        "mean": 3.00739383698,
        "median": 2.99118375778,
        "min": 2.06083798409,
        "var": 0.497577875853
    },
    "pitch_salience": {
        "dmean": 0.0221326090395,
        "dmean2": 0.036705352366,
        "dvar": 0.000608287227806,
        "dvar2": 0.00089225784177,
        "max": 0.805956542492,
        "mean": 0.575064599514,
        "median": 0.57439249754,
        "min": 0.529340386391,
        "var": 0.000973631627858
    },
    "silence_rate_20dB": {
        "dmean": 0,
        "dmean2": 0,
        "dvar": 0,
        "dvar2": 0,
        "max": 1,
        "mean": 1,
        "median": 1,
        "min": 1,
        "var": 0
    },
    "silence_rate_30dB": {
        "dmean": 0,
        "dmean2": 0,
        "dvar": 0,
        "dvar2": 0,
        "max": 1,
        "mean": 1,
        "median": 1,
        "min": 1,
        "var": 0
    },
    "silence_rate_60dB": {
        "dmean": 0.00833333376795,
        "dmean2": 0.00840336177498,
        "dvar": 0.00826388876885,
        "dvar2": 0.00833274517208,
        "max": 1,
        "mean": 0.00826446246356,
        "median": 0,
        "min": 0,
        "var": 0.00819616112858
    },
    "spectral_centroid": {
        "dmean": 7.60080575943,
        "dmean2": 12.589184761,
        "dvar": 31.973192215,
        "dvar2": 95.5456542969,
        "max": 628.924133301,
        "mean": 572.372802734,
        "median": 566.643554688,
        "min": 529.470031738,
        "var": 706.33392334
    },
    "spectral_complexity": {
        "dmean": 0.866666674614,
        "dmean2": 1.47058820724,
        "dvar": 0.898888766766,
        "dvar2": 1.7113186121,
        "max": 13,
        "mean": 8.80991744995,
        "median": 9,
        "min": 0,
        "var": 3.14568519592
    },
    "spectral_decrease": {
        "dmean": 7.16068315754e-10,
        "dmean2": 1.04174435744e-09,
        "dvar": 6.85549455602e-19,
        "dvar2": 1.14668388044e-18,
        "max": -4.47365755551e-11,
        "mean": -7.88371501415e-09,
        "median": -8.29860624663e-09,
        "min": -1.55170916116e-08,
        "var": 1.200374561e-17
    },
    "spectral_energy": {
        "dmean": 0.00284434948117,
        "dmean2": 0.00413115555421,
        "dvar": 1.09098891699e-05,
        "dvar2": 1.81909363164e-05,
        "max": 0.0620995350182,
        "mean": 0.0313920527697,
        "median": 0.0329375043511,
        "min": 0.000179986251169,
        "var": 0.000192602732568
    },
    "spectral_energyband_high": {
        "dmean": 6.39622385279e-07,
        "dmean2": 9.64753439803e-07,
        "dvar": 2.64311164101e-12,
        "dvar2": 3.34143693617e-12,
        "max": 1.64601806318e-05,
        "mean": 2.67855557468e-06,
        "median": 2.09530844586e-06,
        "min": 1.58489967816e-07,
        "var": 5.52805370924e-12
    },
    "spectral_energyband_low": {
        "dmean": 3.23487729474e-05,
        "dmean2": 5.09890633111e-05,
        "dvar": 1.21080312443e-09,
        "dvar2": 3.32762351007e-09,
        "max": 0.000381615565857,
        "mean": 0.000116564769996,
        "median": 9.016898548e-05,
        "min": 5.22553455085e-06,
        "var": 7.27034032977e-09
    },
    "spectral_energyband_middle_high": {
        "dmean": 0.000313842872856,
        "dmean2": 0.000407037092373,
        "dvar": 2.0701689607e-07,
        "dvar2": 3.38318272952e-07,
        "max": 0.00931343063712,
        "mean": 0.00246141362004,
        "median": 0.0014785148669,
        "min": 1.75262848643e-05,
        "var": 6.74083230479e-06
    },
    "spectral_energyband_middle_low": {
        "dmean": 0.00276609463617,
        "dmean2": 0.00405067205429,
        "dvar": 9.6002331702e-06,
        "dvar2": 1.69276463566e-05,
        "max": 0.0546973980963,
        "mean": 0.0292713362724,
        "median": 0.0315190553665,
        "min": 0.000156022622832,
        "var": 0.000144109362736
    },
    "spectral_entropy": {
        "dmean": 0.0791113376617,
        "dmean2": 0.120172046125,
        "dvar": 0.0229594632983,
        "dvar2": 0.017601955682,
        "max": 8.10349941254,
        "mean": 5.73566293716,
        "median": 5.63057756424,
        "min": 5.30106592178,
        "var": 0.169242069125
    },
    "spectral_flux": {
        "dmean": 0.0069660237059,
        "dmean2": 0.010133150965,
        "dvar": 0.000124212252558,
        "dvar2": 0.000131742897793,
        "max": 0.171435162425,
        "mean": 0.0248172637075,
        "median": 0.0229458324611,
        "min": 0.0100702466443,
        "var": 0.000316630466841
    },
    "spectral_kurtosis": {
        "dmean": 17.5700721741,
        "dmean2": 30.8984642029,
        "dvar": 511.548980713,
        "dvar2": 1277.36474609,
        "max": 198.60874939,
        "mean": 69.1896362305,
        "median": 50.6458892822,
        "min": 3.19925165176,
        "var": 2998.60180664
    },
    "spectral_rms": {
        "dmean": 0.000259759894107,
        "dmean2": 0.000378637429094,
        "dvar": 9.78786971473e-08,
        "dvar2": 1.38770886338e-07,
        "max": 0.00778363086283,
        "mean": 0.00536403805017,
        "median": 0.0056686992757,
        "min": 0.000419042160502,
        "var": 1.853490744e-06
    },
    "spectral_rolloff": {
        "dmean": 8.07495117188,
        "dmean2": 14.476102829,
        "dvar": 456.432617188,
        "dvar2": 967.171813965,
        "max": 818.26171875,
        "mean": 654.359130859,
        "median": 624.462890625,
        "min": 624.462890625,
        "var": 2892.21777344
    },
    "spectral_skewness": {
        "dmean": 1.10311365128,
        "dmean2": 1.9905282259,
        "dvar": 1.00795567036,
        "dvar2": 2.92145991325,
        "max": 11.3187055588,
        "mean": 5.69619512558,
        "median": 5.08919477463,
        "min": 2.01704859734,
        "var": 6.67579746246
    },
    "spectral_spread": {
        "dmean": 470483,
        "dmean2": 641502.625,
        "dvar": 2.72290624307e+12,
        "dvar2": 1.3634347991e+12,
        "max": 25660884,
        "mean": 1675336.625,
        "median": 1385593.125,
        "min": 431121.03125,
        "var": 5.4706873303e+12
    },
    "spectral_strongpeak": {
        "dmean": 0.174210786819,
        "dmean2": 0.248288869858,
        "dvar": 0.127376288176,
        "dvar2": 0.169340714812,
        "max": 5.15181016922,
        "mean": 2.95224356651,
        "median": 3.16663146019,
        "min": 0.0202007740736,
        "var": 0.971721827984
    },
    "zerocrossingrate": {
        "dmean": 0.00123697915114,
        "dmean2": 0.00170693278778,
        "dvar": 3.81045992981e-06,
        "dvar2": 3.43753094967e-06,
        "max": 0.03173828125,
        "mean": 0.0271137338132,
        "median": 0.02783203125,
        "min": 0.0068359375,
        "var": 7.66121593188e-06
    },
    "barkbands": {
        "dmean": [1.06514761455e-07, 1.08477433969e-05, 5.91490061197e-06, 9.70502878772e-05, 8.08977492852e-05, 0.000289442919893, 0.00147214473691, 0.000901151623111, 0.000929548346903, 0.000282623979729, 3.72848007828e-05, 2.76370683423e-05, 6.30435670246e-06, 1.62858464137e-06, 6.94480092989e-07, 2.31791250371e-06, 2.18890659198e-06, 1.4091031062e-06, 1.33351420573e-06, 6.20236846771e-07, 3.09945534127e-07, 1.19914773222e-07, 2.82665517659e-08, 2.19220108733e-08, 2.44842741637e-08, 2.40423716491e-08, 4.10775768955e-08],
        "dmean2": [1.62049673236e-07, 1.78764967131e-05, 1.07352725536e-05, 0.000115449794976, 0.0001346887002, 0.000358303572284, 0.00254645291716, 0.00131412246265, 0.00121784675866, 0.000374589144485, 5.01963731949e-05, 2.8524433219e-05, 1.11351555461e-05, 2.53913708548e-06, 1.15089278552e-06, 3.24252619066e-06, 3.45569833371e-06, 2.33078026213e-06, 2.18019590648e-06, 9.98652126327e-07, 5.33936599822e-07, 1.9804478768e-07, 3.70142494432e-08, 2.71118310025e-08, 3.14375903088e-08, 3.13240207106e-08, 5.61919115682e-08],
        "dvar": [2.13902060262e-14, 1.70329431115e-10, 3.94520978386e-11, 1.16362040004e-08, 5.31332577935e-09, 6.34234638142e-08, 9.53834046413e-07, 1.02946239622e-06, 2.70608347819e-06, 1.78360352265e-07, 3.07584668846e-09, 3.9692626963e-09, 1.09085220024e-10, 9.14015130943e-12, 1.53997832281e-12, 1.29404282428e-11, 6.08046295605e-12, 3.23024658237e-12, 2.19597387149e-12, 8.15638138627e-13, 2.05337252735e-13, 6.54280503474e-14, 3.39562904704e-14, 2.86226425862e-14, 2.63375577586e-14, 2.49476173498e-14, 2.85337515605e-14],
        "dvar2": [2.86778792987e-14, 4.48168002709e-10, 1.16182084786e-10, 1.74788681306e-08, 1.41625475791e-08, 1.02368929333e-07, 2.57878718912e-06, 2.44162060881e-06, 3.71817418454e-06, 2.81211328002e-07, 4.20990620142e-09, 4.93017582315e-09, 2.9939334345e-10, 1.0136768161e-11, 2.31320301455e-12, 2.36145044491e-11, 1.18869688398e-11, 6.35277377578e-12, 4.74418204374e-12, 1.89894497696e-12, 4.47407627439e-13, 9.36650591614e-14, 3.48933765725e-14, 2.93261373302e-14, 2.75141508969e-14, 2.5932166096e-14, 3.17163863803e-14],
        "max": [1.75426623628e-06, 0.000105968909338, 4.03678714065e-05, 0.00130397081375, 0.000522471673321, 0.00397207820788, 0.0126158352941, 0.0168576948345, 0.030316606164, 0.0081863515079, 0.00134795508347, 0.0016295122914, 7.65737568145e-05, 4.47861239081e-05, 2.09009212995e-05, 6.94050686434e-05, 2.26840857067e-05, 1.67883845279e-05, 1.61614461831e-05, 6.90368506184e-06, 3.06468996314e-06, 2.52495169661e-06, 2.02113665182e-06, 1.85398494068e-06, 1.77131471446e-06, 1.72751640548e-06, 1.81318307568e-06],
        "mean": [1.24943426272e-07, 3.53173090843e-05, 1.04598893813e-05, 0.000328965485096, 0.000197236528038, 0.00194146635476, 0.00774124776945, 0.00765907252207, 0.0109297791496, 0.00217538699508, 0.000164761659107, 0.000154515495524, 1.16240789794e-05, 2.9643661037e-06, 2.46371018875e-06, 9.86535087577e-06, 1.00601191662e-05, 6.78032847645e-06, 5.68149152969e-06, 2.55769100477e-06, 1.00893532817e-06, 3.20301325019e-07, 5.16388602989e-08, 4.09475653385e-08, 4.86256510612e-08, 4.70700989297e-08, 1.98978824528e-07],
        "median": [6.14089188389e-08, 3.41368431691e-05, 9.06450168259e-06, 0.000179650087375, 0.000159827483003, 0.00210529356264, 0.00792385265231, 0.00777929229662, 0.0109167238697, 0.00137018680107, 6.87760330038e-05, 3.66950771422e-05, 7.66789798945e-06, 2.23177016778e-06, 1.68559643043e-06, 7.83141604188e-06, 8.47191586217e-06, 5.91929119764e-06, 5.03465071233e-06, 2.2907750008e-06, 7.50869276089e-07, 2.1783520765e-07, 2.16276223597e-08, 1.61810227439e-08, 2.20138183238e-08, 1.9305980814e-08, 1.59072371275e-07],
        "min": [1.01692609888e-09, 1.52340226123e-06, 1.00783086054e-06, 2.18510990635e-07, 5.48229581909e-06, 3.38181271218e-05, 6.77225543768e-05, 1.01863734017e-05, 3.45857115462e-05, 6.61693593429e-06, 3.58510669685e-06, 2.25585790758e-06, 1.4678256548e-06, 4.90546767651e-07, 6.9272653036e-07, 1.07608354938e-06, 9.00701650153e-07, 4.42409515244e-07, 3.03373866473e-07, 1.18823074047e-07, 4.52828849973e-08, 8.31162871862e-09, 1.26750532292e-09, 8.3374740445e-10, 7.46652684125e-10, 7.52667428383e-10, 8.28899349159e-09],
        "var": [4.69764879123e-14, 4.2430861602e-10, 4.94582916288e-11, 1.09809178639e-07, 1.71598220078e-08, 7.89355112829e-07, 4.90723050461e-06, 1.72229538293e-05, 3.68446089851e-05, 4.88129126097e-06, 8.52991490774e-08, 9.3880437646e-08, 1.39161057677e-10, 1.8308745145e-11, 6.85685015711e-12, 9.06547267809e-11, 3.83332705856e-11, 2.41604427437e-11, 1.73060871189e-11, 3.36379752178e-12, 6.75968775312e-13, 1.11149648784e-13, 3.43741589283e-14, 2.88378126717e-14, 2.65401155236e-14, 2.53208827468e-14, 4.52832859914e-14]
    },
    "erbbands": {
        "dmean": [0.000112079003884, 0.00306191411801, 0.0091419024393, 0.132001385093, 0.412080913782, 0.302930086851, 0.450523346663, 3.78699660301, 19.1377506256, 10.0041570663, 31.438331604, 17.0489234924, 6.0337934494, 11.5215368271, 1.19713795185, 0.898401081562, 0.266333967447, 0.0907643809915, 0.0456362515688, 0.0580624118447, 0.132576942444, 0.126965105534, 0.0746236070991, 0.0860989764333, 0.0454728417099, 0.0290177222341, 0.0160753782839, 0.0116376839578, 0.00474576838315, 0.00108076259494, 0.000798221328296, 0.000517777574714, 0.000366461259546, 0.000292798300507, 0.000171966064954, 8.86626366992e-05, 4.82094474137e-05, 1.89785678231e-05, 6.26105520496e-06, 3.31575643031e-06],
        "dmean2": [0.000187455967534, 0.00504015292972, 0.0157149042934, 0.171836420894, 0.590916752815, 0.510880708694, 0.567417442799, 4.71050405502, 32.3965606689, 17.1657123566, 44.3999099731, 23.6009712219, 9.36724376678, 15.3405971527, 1.5459176302, 0.933009564877, 0.429298758507, 0.149253904819, 0.0683672577143, 0.0918663293123, 0.178934335709, 0.201476857066, 0.118597641587, 0.146439269185, 0.0709541216493, 0.0468551181257, 0.0262335836887, 0.0200684834272, 0.0077697634697, 0.00140851375181, 0.00105341337621, 0.000653912429698, 0.000454831984825, 0.000385369930882, 0.000224875941058, 0.000110372988274, 6.38173587504e-05, 2.57432257058e-05, 8.69850828167e-06, 4.83787334815e-06],
        "dvar": [1.61847975022e-08, 1.34424781209e-05, 9.71950648818e-05, 0.0213211681694, 0.158628612757, 0.106954306364, 0.184297695756, 11.6115617752, 189.697113037, 38.6111679077, 1915.8371582, 690.187133789, 83.987701416, 246.960128784, 4.24429655075, 3.88607621193, 0.132267519832, 0.027467591688, 0.0123536521569, 0.00480302982032, 0.0746483057737, 0.02200531587, 0.00852737482637, 0.0109148174524, 0.0025275265798, 0.00171947258059, 0.000628459325526, 0.000270942051429, 9.31030808715e-05, 4.41726624558e-05, 2.62080266111e-05, 1.4249085325e-05, 7.32630815037e-06, 3.35396271112e-06, 1.29607440158e-06, 3.97459729129e-07, 8.47902512646e-08, 1.06206252681e-08, 5.08300623814e-10, 7.31936473236e-12],
        "dvar2": [4.79350603655e-08, 3.55321462848e-05, 0.000275498110568, 0.038063313812, 0.296711474657, 0.291379213333, 0.280800819397, 18.9992694855, 455.194000244, 123.503173828, 3420.93066406, 1166.93334961, 165.887069702, 471.239593506, 7.34304380417, 4.22913837433, 0.306561380625, 0.0354911126196, 0.0110740764067, 0.00701872445643, 0.130044475198, 0.043665535748, 0.0165436267853, 0.0238720290363, 0.00535882310942, 0.00413282867521, 0.00129035452846, 0.000642074155621, 0.000149827785208, 4.51860541943e-05, 2.7054336897e-05, 1.45869516928e-05, 7.52424602979e-06, 3.51121821041e-06, 1.34279946451e-06, 4.08264327234e-07, 8.89230804546e-08, 1.12652784878e-08, 5.48534107025e-10, 1.63073478332e-11],
        "max": [0.000961431593169, 0.029885077849, 0.0859135016799, 1.73905158043, 4.34955883026, 2.68668031693, 6.91706752777, 56.2780303955, 201.917022705, 71.4682617188, 728.019897461, 455.912536621, 124.469215393, 291.873504639, 62.8224372864, 50.0162506104, 5.8320889473, 2.30827665329, 1.70787584782, 1.19632351398, 4.81284093857, 1.36683130264, 0.982759833336, 1.03939604759, 0.567126095295, 0.318484216928, 0.190646439791, 0.119856670499, 0.0909276753664, 0.0731817111373, 0.0561293587089, 0.041436649859, 0.0296957939863, 0.0200092121959, 0.0124922236428, 0.00693764537573, 0.00319754821248, 0.00112948811147, 0.000273528974503, 7.10990061634e-05],
        "mean": [0.000286140013486, 0.0100588146597, 0.0269868690521, 0.436520785093, 1.14241468906, 0.609767258167, 3.53394675255, 28.6841869354, 126.19241333, 40.2280426025, 333.91607666, 183.25239563, 42.7981796265, 71.5414657593, 8.86168003082, 5.15286159515, 0.942425072193, 0.193289980292, 0.138079613447, 0.267372667789, 0.570572257042, 0.610717892647, 0.376470625401, 0.381297647953, 0.192473262548, 0.115015119314, 0.0554571859539, 0.0330396257341, 0.013546151109, 0.00273105502129, 0.00146097911056, 0.000937055388931, 0.000721400952898, 0.000562170578633, 0.000368830456864, 0.000187003228348, 9.86753511825e-05, 5.09561432409e-05, 3.77296128136e-05, 3.94333546865e-05],
        "median": [0.000232209582464, 0.00961770862341, 0.0224966350943, 0.247365280986, 0.645154774189, 0.507246136665, 3.74362754822, 31.3647651672, 130.622268677, 41.1398506165, 342.968597412, 178.475311279, 31.9318637848, 43.3072624207, 3.37035512924, 1.61617588997, 0.553565204144, 0.132706806064, 0.11611123383, 0.244643077254, 0.410131543875, 0.512244701385, 0.319380164146, 0.329816520214, 0.1749342978, 0.10333879292, 0.0429608672857, 0.0226388685405, 0.00975913647562, 0.00149321334902, 0.000675304210745, 0.000384857325116, 0.000340538594173, 0.00024506408954, 0.00018485118926, 8.43802263262e-05, 4.15654249082e-05, 3.23440945067e-05, 3.32315685228e-05, 3.99723030569e-05],
        "min": [4.22615739808e-05, 0.000527682772372, 0.00175750011113, 0.00140363466926, 0.00227045733482, 0.0213365647942, 0.109766870737, 0.34345254302, 0.90849095583, 0.624876976013, 0.392727315426, 0.750542759895, 0.40734192729, 0.126218512654, 0.131633475423, 0.0879918932915, 0.0773218199611, 0.0465585440397, 0.0311521068215, 0.0569302029908, 0.0545581243932, 0.0516245700419, 0.0417308025062, 0.0183731671423, 0.0126126809046, 0.00638611707836, 0.00281014991924, 0.00143766938709, 0.000411740562413, 0.000113624133519, 6.78920187056e-05, 5.49395190319e-05, 4.81953466078e-05, 4.3250300223e-05, 3.81091049348e-05, 2.86897611659e-05, 1.7192447558e-05, 5.30139959665e-06, 1.8422231733e-05, 4.12273857364e-06],
        "var": [3.19767323731e-08, 3.39682446793e-05, 0.000276460050372, 0.188360720873, 1.22459685802, 0.215569466352, 2.31431722641, 136.711013794, 1279.39294434, 155.882003784, 30414.9199219, 10384.2705078, 1167.1730957, 6434.55322266, 196.958221436, 91.3469696045, 1.28950250149, 0.0519738681614, 0.025790059939, 0.0219771582633, 0.441057473421, 0.131806701422, 0.0694374293089, 0.0746740475297, 0.0204086322337, 0.00703111337498, 0.00195293524303, 0.000788332719821, 0.000173717417056, 4.5576132834e-05, 2.64965383394e-05, 1.43831121022e-05, 7.38555672797e-06, 3.38915947395e-06, 1.31030640205e-06, 4.0269890178e-07, 8.64148574919e-08, 1.11838751593e-08, 6.03995464754e-10, 1.82332648979e-10]
    },
    "gfcc": {
        "mean": [-153.770828247, 188.30456543, -124.708679199, -53.1862182617, -78.90599823, -64.617225647, -7.18250226974, 15.1425027847, -7.73743867874, -10.2651443481, -13.0202302933, -7.67674207687, -3.19508337975],
        "cov": [[376.155578613, -192.159317017, 102.691841125, 306.926727295, -17.507724762, -57.4732627869, -65.3719558716, 26.4696159363, -1.45660507679, 22.6297969818, -68.5894317627, -28.6931552887, -82.9515228271], [-192.159317017, 819.342468262, -157.621047974, -671.916748047, 17.4811496735, 19.5929813385, 150.804672241, -123.326820374, -103.066146851, -212.453414917, 23.8086013794, -42.5576820374, 105.77872467], [102.691841125, -157.621047974, 86.991317749, 222.993591309, -7.50996255875, -27.8793544769, -25.4999313354, 32.6194534302, 9.96795272827, 30.8591175079, -24.5723075867, -6.12434387207, -45.5168228149], [306.926727295, -671.916748047, 222.993591309, 830.647705078, -2.70685625076, -131.671661377, -93.1664962769, 149.9193573, 95.2754745483, 177.592315674, -60.9650611877, 1.44537401199, -141.831298828], [-17.507724762, 17.4811496735, -7.50996255875, -2.70685625076, 37.7579879761, -0.964783847332, -11.7291698456, -8.95699977875, 1.60530424118, -2.76651239395, -11.0533857346, -3.90672469139, -3.49007034302], [-57.4732627869, 19.5929813385, -27.8793544769, -131.671661377, -0.964783847332, 74.3064346313, -14.3693761826, -31.0826740265, -16.3707523346, -17.0860538483, 10.5987033844, 8.70175361633, 20.2915687561], [-65.3719558716, 150.804672241, -25.4999313354, -93.1664962769, -11.7291698456, -14.3693761826, 70.7918701172, 2.31831789017, -7.86636972427, -25.6068553925, 19.6613788605, -2.4396777153, 22.5534553528], [26.4696159363, -123.326820374, 32.6194534302, 149.9193573, -8.95699977875, -31.0826740265, 2.31831789017, 46.2225456238, 30.8356552124, 43.5925140381, 4.2796125412, 8.15246009827, -15.8067970276], [-1.45660507679, -103.066146851, 9.96795272827, 95.2754745483, 1.60530424118, -16.3707523346, -7.86636972427, 30.8356552124, 35.0187225342, 42.6413650513, 7.26343536377, 11.8052825928, -5.66115045547], [22.6297969818, -212.453414917, 30.8591175079, 177.592315674, -2.76651239395, -17.0860538483, -25.6068553925, 43.5925140381, 42.6413650513, 76.5648651123, 9.62404346466, 19.306596756, -19.7793006897], [-68.5894317627, 23.8086013794, -24.5723075867, -60.9650611877, -11.0533857346, 10.5987033844, 19.6613788605, 4.2796125412, 7.26343536377, 9.62404346466, 30.9770622253, 13.7245798111, 21.0576267242], [-28.6931552887, -42.5576820374, -6.12434387207, 1.44537401199, -3.90672469139, 8.70175361633, -2.4396777153, 8.15246009827, 11.8052825928, 19.306596756, 13.7245798111, 16.4670314789, 8.2946138382], [-82.9515228271, 105.77872467, -45.5168228149, -141.831298828, -3.49007034302, 20.2915687561, 22.5534553528, -15.8067970276, -5.66115045547, -19.7793006897, 21.0576267242, 8.2946138382, 37.9886703491]],
        "icov": [[0.0168951489031, -0.0277888756245, 0.026763966307, -0.0150147108361, 0.0376614704728, -0.018760021776, 0.0327664129436, -0.0307469461113, 0.0259512960911, -0.0378928259015, 0.0449291840196, -0.021677756682, 0.0354799777269], [-0.0277888756245, 0.096636235714, -0.0841951668262, 0.0572822280228, -0.0934386774898, 0.0804443210363, -0.095786370337, 0.0910054668784, -0.0757403075695, 0.122308842838, -0.101551167667, 0.0778592377901, -0.0819107666612], [0.026763966307, -0.0841951668262, 0.148286014795, -0.079958461225, 0.0949641019106, -0.0832941606641, 0.0812971740961, -0.0768850371242, 0.0886609479785, -0.0760193765163, 0.0831205397844, -0.0813351273537, 0.0903022438288], [-0.0150147108361, 0.0572822280228, -0.079958461225, 0.0695137232542, -0.0561991669238, 0.0619531385601, -0.0460655018687, 0.00442996528, -0.0377542413771, 0.0335670262575, -0.025121152401, 0.0511970818043, -0.0230263862759], [0.0376614704728, -0.0934386774898, 0.0949641019106, -0.0561991669238, 0.143164619803, -0.0714628621936, 0.096915371716, -0.0698627457023, 0.0557658188045, -0.12013758719, 0.13402749598, -0.0756757706404, 0.0990845486522], [-0.018760021776, 0.0804443210363, -0.0832941606641, 0.0619531385601, -0.0714628621936, 0.102750726044, -0.0634845718741, 0.0724373087287, -0.0536597855389, 0.0885427594185, -0.074834369123, 0.0485700666904, -0.0580948293209], [0.0327664129436, -0.095786370337, 0.0812971740961, -0.0460655018687, 0.096915371716, -0.0634845718741, 0.140734776855, -0.137773752213, 0.0919083356857, -0.109517090023, 0.0876772254705, -0.0654618516564, 0.0879870429635], [-0.0307469461113, 0.0910054668784, -0.0768850371242, 0.00442996528, -0.0698627457023, 0.0724373087287, -0.137773752213, 0.306555896997, -0.174120649695, 0.149033546448, -0.151858016849, 0.0569102838635, -0.108484387398], [0.0259512960911, -0.0757403075695, 0.0886609479785, -0.0377542413771, 0.0557658188045, -0.0536597855389, 0.0919083356857, -0.174120649695, 0.237408727407, -0.167233973742, 0.112134724855, -0.0599911659956, 0.0388568267226], [-0.0378928259015, 0.122308842838, -0.0760193765163, 0.0335670262575, -0.12013758719, 0.0885427594185, -0.109517090023, 0.149033546448, -0.167233973742, 0.299725294113, -0.214448899031, 0.0406846255064, -0.0792481824756], [0.0449291840196, -0.101551167667, 0.0831205397844, -0.025121152401, 0.13402749598, -0.074834369123, 0.0876772254705, -0.151858016849, 0.112134724855, -0.214448899031, 0.292479932308, -0.109924726188, 0.0906529575586], [-0.021677756682, 0.0778592377901, -0.0813351273537, 0.0511970818043, -0.0756757706404, 0.0485700666904, -0.0654618516564, 0.0569102838635, -0.0599911659956, 0.0406846255064, -0.109924726188, 0.257212221622, -0.123778119683], [0.0354799777269, -0.0819107666612, 0.0903022438288, -0.0230263862759, 0.0990845486522, -0.0580948293209, 0.0879870429635, -0.108484387398, 0.0388568267226, -0.0792481824756, 0.0906529575586, -0.123778119683, 0.238166928291]]
    },
    "melbands": {
        "dmean": [2.07771176974e-06, 4.31452872363e-06, 3.63584149454e-05, 2.07156699616e-05, 1.57763988682e-05, 7.226379239e-05, 0.000315362703986, 9.22898761928e-05, 0.000298388826195, 0.000100656136055, 3.01557392959e-05, 4.83679650642e-05, 4.8388774303e-06, 2.92068239105e-06, 1.71229783064e-06, 3.01278760162e-07, 1.80414417628e-07, 9.26311258809e-08, 5.91060924648e-08, 1.2941208638e-07, 1.56442879984e-07, 1.46716672589e-07, 8.99381262798e-08, 7.65932455238e-08, 8.03208735078e-08, 4.9735586316e-08, 3.33457705892e-08, 2.01086347573e-08, 1.35115287847e-08, 8.4321616356e-09, 6.67650956743e-09, 3.72466169019e-09, 1.09400211112e-09, 5.34316924039e-10, 4.9139775582e-10, 4.17829881805e-10, 3.00880487192e-10, 2.57921073388e-10, 2.55048482334e-10, 2.56422355571e-10],
        "dmean2": [3.42073371939e-06, 7.33336810299e-06, 4.5245851652e-05, 3.22345877066e-05, 2.09200225072e-05, 9.02814063011e-05, 0.000540269364137, 0.000157664311701, 0.00041313879774, 0.000146728911204, 4.72034153063e-05, 6.46326807328e-05, 5.9775434238e-06, 3.08976109409e-06, 2.23473534788e-06, 5.05705600062e-07, 2.96277221423e-07, 1.38402725725e-07, 9.73926290726e-08, 1.97714783212e-07, 2.18592433043e-07, 2.33962737184e-07, 1.46953269109e-07, 1.26988794591e-07, 1.37083475238e-07, 7.99089434622e-08, 5.55294512594e-08, 3.25271329871e-08, 2.17464712904e-08, 1.4591319264e-08, 1.13817417713e-08, 6.27410878806e-09, 1.58312463139e-09, 6.85280887591e-10, 6.55546561479e-10, 5.53945778137e-10, 3.78676479063e-10, 3.24571036714e-10, 3.1989819127e-10, 3.51073503602e-10],
        "dvar": [5.87081381773e-12, 2.3309722208e-11, 1.53726864571e-09, 3.42512768148e-10, 2.08379188904e-10, 4.14437506535e-09, 4.70387817586e-08, 4.45216397083e-09, 2.05992620295e-07, 2.23060627746e-08, 1.9571857468e-09, 4.34858682397e-09, 4.8401775643e-11, 4.84163958925e-11, 9.69467128104e-12, 2.65151371996e-13, 9.13978162359e-14, 4.4119723608e-14, 5.98233917306e-15, 1.45063133597e-14, 1.22803283926e-13, 3.00711129717e-14, 1.07473480053e-14, 8.36023128303e-15, 8.94947991718e-15, 3.13056601042e-15, 1.61743948245e-15, 7.01785378585e-16, 3.92860048395e-16, 1.3776341054e-16, 9.5965577141e-17, 3.95526898542e-17, 1.77387476155e-17, 1.21867105169e-17, 9.10995928891e-18, 6.54037110608e-18, 4.8548756299e-18, 3.68215231057e-18, 2.92883375684e-18, 2.21007170717e-18],
        "dvar2": [1.60318824188e-11, 6.63577040538e-11, 2.5176112306e-09, 8.17031164946e-10, 3.39641537117e-10, 6.91614987502e-09, 1.2091780377e-07, 1.02673762825e-08, 3.30756648736e-07, 4.14304501817e-08, 4.09378175803e-09, 8.24714252445e-09, 8.52538872831e-11, 6.32320862337e-11, 1.20707116177e-11, 4.14023362035e-13, 1.19531473478e-13, 3.62931086822e-14, 1.11839714668e-14, 2.63970008368e-14, 2.07049262175e-13, 5.685861802e-14, 2.23971943693e-14, 1.77047267092e-14, 2.08626891533e-14, 6.72570587548e-15, 4.11935288601e-15, 1.69830624732e-15, 8.49225650857e-16, 3.37423277245e-16, 2.41188131868e-16, 7.71831707836e-17, 1.88566259651e-17, 1.24308652824e-17, 9.43977191557e-18, 6.72855759057e-18, 4.96844504646e-18, 3.77990603382e-18, 3.02664765748e-18, 2.33665784465e-18],
        "max": [1.93864543689e-05, 3.62387581845e-05, 0.000465419434477, 0.000166945683304, 0.000227334952797, 0.00106348458212, 0.00298865116201, 0.000841931439936, 0.00731988577172, 0.00243473146111, 0.000580622523557, 0.00123128271662, 0.00021244866366, 0.000173428998096, 6.70686131343e-05, 5.88744705965e-06, 4.20695778303e-06, 3.16682280754e-06, 1.40398788062e-06, 2.12018630918e-06, 5.89723595112e-06, 1.52473819526e-06, 1.00759211819e-06, 8.7263919113e-07, 8.8487757921e-07, 5.37401433576e-07, 3.48425857055e-07, 1.94604467652e-07, 1.6041038009e-07, 8.15186922409e-08, 7.89980916238e-08, 5.20136040905e-08, 4.61563445242e-08, 3.8385501e-08, 3.3034503133e-08, 2.8080602732e-08, 2.41539250823e-08, 2.10211741347e-08, 1.87147808361e-08, 1.61854618597e-08],
        "mean": [6.19315414951e-06, 1.23033305499e-05, 0.000117573996249, 5.58356914553e-05, 0.000117659794341, 0.000529179465957, 0.00185265333857, 0.000254229467828, 0.00336622307077, 0.000964513397776, 0.000184515796718, 0.00029920169618, 2.95973786706e-05, 1.59694300237e-05, 7.30705551177e-06, 6.15418969119e-07, 2.99255361824e-07, 2.25558295597e-07, 2.20631136472e-07, 5.63429694012e-07, 6.34893240203e-07, 6.68640780077e-07, 3.77997565693e-07, 3.34489755005e-07, 3.17861491794e-07, 1.87306540056e-07, 1.08269766486e-07, 6.65597781335e-08, 3.85996266061e-08, 2.27914167539e-08, 1.81437744828e-08, 9.16589737443e-09, 2.51712273247e-09, 1.00841834882e-09, 8.2591666839e-10, 7.19335147004e-10, 4.9479143005e-10, 4.91453877594e-10, 4.55450399617e-10, 4.60635501964e-10],
        "median": [5.55391261514e-06, 1.16341361718e-05, 6.5250613261e-05, 4.49880535598e-05, 0.000122661265777, 0.000585186469834, 0.0019015094731, 0.000244788941927, 0.00345579884015, 0.000919550773688, 0.000137692957651, 0.000179978771484, 1.17176632557e-05, 2.63225342678e-06, 3.98736074203e-06, 4.65084582402e-07, 2.05969371336e-07, 1.78476852852e-07, 1.56477113933e-07, 4.72795250062e-07, 4.05028544037e-07, 5.8220871324e-07, 3.43440689221e-07, 2.73045429822e-07, 2.79511226609e-07, 1.56355127956e-07, 9.45562277366e-08, 5.76797916096e-08, 2.97575049046e-08, 1.72113683305e-08, 1.24931309742e-08, 6.32220276131e-09, 1.69320257815e-09, 4.10772527104e-10, 3.64921842744e-10, 2.92054075368e-10, 1.74415329401e-10, 2.17150450399e-10, 2.00343838741e-10, 1.95610527776e-10],
        "min": [4.49869901331e-07, 9.14821384868e-07, 2.2266502242e-07, 6.5149566808e-07, 3.25719383909e-06, 7.79485890234e-06, 1.41016116686e-05, 5.3790831771e-06, 3.95991401092e-06, 4.62488515041e-06, 1.90541300071e-06, 4.68781536256e-07, 4.8471537184e-07, 2.73092808811e-07, 1.89742181078e-07, 1.10259747998e-07, 5.64651969626e-08, 3.69346864204e-08, 5.35348689823e-08, 8.16974292661e-08, 5.95702580597e-08, 5.68438309756e-08, 3.30955991501e-08, 1.83900112916e-08, 1.35895206199e-08, 1.12010765108e-08, 6.26796126113e-09, 3.32760974331e-09, 1.84261972347e-09, 9.4751084756e-10, 6.489194182e-10, 2.28914567857e-10, 8.1716626521e-11, 2.3802999502e-11, 2.00873328388e-11, 1.9611794827e-11, 9.29967474556e-12, 8.57213432182e-12, 7.90750017549e-12, 7.09408053134e-12],
        "var": [1.36961371064e-11, 5.10850979574e-11, 1.38976297137e-08, 1.7267731689e-09, 2.58241761308e-09, 4.96399863437e-08, 2.77695363593e-07, 9.96921034613e-09, 3.10814630211e-06, 2.98518870068e-07, 2.3513823777e-08, 1.12643981254e-07, 2.3709794128e-09, 1.08397579801e-09, 1.36612013368e-10, 3.86578139291e-13, 1.70451855213e-13, 8.57346555945e-14, 4.34751247589e-14, 9.27122758448e-14, 6.9920414944e-13, 1.79766195419e-13, 6.77321764756e-14, 6.12223623577e-14, 5.26094975689e-14, 2.09951549418e-14, 6.42149018082e-15, 2.51147280564e-15, 1.01880731143e-15, 3.72302664644e-16, 2.56833730376e-16, 7.79795802773e-17, 1.94537229815e-17, 1.23906535512e-17, 9.21614860005e-18, 6.63292765354e-18, 4.9031817369e-18, 3.71113092897e-18, 2.96063182036e-18, 2.23280407797e-18]
    },
    "mfcc": {
        "mean": [-796.796142578, 232.085662842, -7.89933538437, 1.37206745148, -48.2356567383, -61.606300354, -16.8366756439, -0.713188230991, 7.53701353073, -3.90313673019, -3.20645141602, 2.73397350311, -0.247609451413],
        "cov": [[229.490325928, -0.699454724789, -5.4095826149, 153.533096313, 0.72311604023, -8.8700056076, -13.9007606506, -27.9766559601, 11.2946300507, -14.3246212006, 10.7148456573, -16.3005847931, -40.4245986938], [-0.699454724789, 552.057617188, 45.7755088806, -559.026550293, -90.6574020386, -35.8201217651, 51.2933082581, 107.998832703, -60.4243011475, -71.4348678589, -169.1590271, -56.5418548584, 59.780330658], [-5.4095826149, 45.7755088806, 41.713218689, -22.8228378296, -18.0122127533, -9.50208759308, 20.5447978973, 17.6867923737, -7.19585084915, -8.03863811493, -9.96029663086, -3.46328878403, -9.12718296051], [153.533096313, -559.026550293, -22.8228378296, 989.677124023, 99.8779830933, -39.1748809814, -37.7414321899, -133.91229248, 118.206542969, 78.6631164551, 241.128448486, 66.2638168335, -143.099990845], [0.72311604023, -90.6574020386, -18.0122127533, 99.8779830933, 46.3023490906, 21.9951572418, -21.475276947, -24.0153846741, 9.76041603088, 7.97113084793, 18.3786716461, -0.827646136284, -8.28179168701], [-8.8700056076, -35.8201217651, -9.50208759308, -39.1748809814, 21.9951572418, 38.7693099976, -12.4864521027, -8.37404251099, -7.96946620941, -3.31990170479, -8.29267883301, -7.42526245117, 9.90443134308], [-13.9007606506, 51.2933082581, 20.5447978973, -37.7414321899, -21.475276947, -12.4864521027, 26.0935783386, 20.1553783417, -4.63580513, -2.26609802246, -8.40211677551, 0.826578676701, -1.3337187767], [-27.9766559601, 107.998832703, 17.6867923737, -133.91229248, -24.0153846741, -8.37404251099, 20.1553783417, 36.1890525818, -11.1392211914, -12.5957431793, -35.1591644287, -8.07904529572, 17.4707813263], [11.2946300507, -60.4243011475, -7.19585084915, 118.206542969, 9.76041603088, -7.96946620941, -4.63580513, -11.1392211914, 26.4581680298, 12.0010213852, 28.7453327179, 9.76512527466, -14.5786237717], [-14.3246212006, -71.4348678589, -8.03863811493, 78.6631164551, 7.97113084793, -3.31990170479, -2.26609802246, -12.5957431793, 12.0010213852, 22.9019374847, 32.1306266785, 13.0200653076, -6.98692560196], [10.7148456573, -169.1590271, -9.96029663086, 241.128448486, 18.3786716461, -8.29267883301, -8.40211677551, -35.1591644287, 28.7453327179, 32.1306266785, 82.0627212524, 30.8969020844, -30.0715408325], [-16.3005847931, -56.5418548584, -3.46328878403, 66.2638168335, -0.827646136284, -7.42526245117, 0.826578676701, -8.07904529572, 9.76512527466, 13.0200653076, 30.8969020844, 22.2624778748, -3.48011231422], [-40.4245986938, 59.780330658, -9.12718296051, -143.099990845, -8.28179168701, 9.90443134308, -1.3337187767, 17.4707813263, -14.5786237717, -6.98692560196, -30.0715408325, -3.48011231422, 34.9831085205]],
