{
"lowlevel": {
    "average_loudness": 0.983012020588,
    "barkbands_crest": {
        "dmean": 2.32718014717,
        "dmean2": 3.84383511543,
        "dvar": 4.62612533569,
        "dvar2": 11.8056440353,
        "max": 25.7193832397,
        "mean": 10.2091388702,
        "median": 9.43539714813,
        "min": 4.60753393173,
        "var": 11.9263839722
    },
    "barkbands_flatness_db": {
        "dmean": 0.0251572355628,
        "dmean2": 0.038609944284,
        "dvar": 0.000729133724235,
        "dvar2": 0.00157152977772,
        "max": 0.490902423859,
        "mean": 0.28659850359,
        "median": 0.279509335756,
        "min": 0.162811070681,
        "var": 0.00387774524279
    },
    "barkbands_kurtosis": {
        "dmean": 1.87612855434,
        "dmean2": 3.03236675262,
        "dvar": 10.6749944687,
        "dvar2": 21.7056922913,
        "max": 44.0214881897,
        "mean": 3.35563278198,
        "median": 2.44330024719,
        "min": -0.981790065765,
        "var": 13.3917636871
    },
    "barkbands_skewness": {
        "dmean": 0.385228067636,
        "dmean2": 0.607963979244,
        "dvar": 0.211598813534,
        "dvar2": 0.48498287797,
        "max": 5.09588623047,
        "mean": 1.23561406136,
        "median": 1.17489767075,
        "min": -0.434603750706,
        "var": 0.389394789934
    },
    "barkbands_spread": {
        "dmean": 1.1226350069,
        "dmean2": 1.83089709282,
        "dvar": 1.45718646049,
        "dvar2": 3.5154132843,
        "max": 15.0473299026,
        "mean": 5.65674734116,
        "median": 5.46981096268,
        "min": 0.812557935715,
        "var": 6.33386659622
    },
    "dissonance": {
        "dmean": 0.0327796600759,
        "dmean2": 0.0534063875675,
        "dvar": 0.00100366747938,
        "dvar2": 0.00268665188923,
        "max": 0.500000059605,
        "mean": 0.429137974977,
        "median": 0.438364595175,
        "min": 0.158999145031,
        "var": 0.00282326759771
    },
    "dynamic_complexity": 1.17654788494,
    "erbbands_crest": {
        "dmean": 2.39742040634,
        "dmean2": 3.9817905426,
        "dvar": 5.91631793976,
        "dvar2": 16.6934089661,
        "max": 27.8321304321,
        "mean": 10.0138702393,
        "median": 9.31761360168,
        "min": 4.60775709152,
        "var": 12.0634994507
    },
    "erbbands_flatness_db": {
        "dmean": 0.0209953896701,
        "dmean2": 0.0325390510261,
        "dvar": 0.000529292039573,
        "dvar2": 0.000987254199572,
        "max": 0.506760239601,
        "mean": 0.336014956236,
        "median": 0.329275786877,
        "min": 0.237518936396,
        "var": 0.00269788177684
    },
    "erbbands_kurtosis": {
        "dmean": 1.18102967739,
        "dmean2": 1.9061024189,
        "dvar": 2.52352666855,
        "dvar2": 5.93720006943,
        "max": 16.7825183868,
        "mean": 1.89153766632,
        "median": 1.31750869751,
        "min": -1.28115677834,
        "var": 4.38216161728
    },
    "erbbands_skewness": {
        "dmean": 0.343757301569,
        "dmean2": 0.543215036392,
        "dvar": 0.13239492476,
        "dvar2": 0.319715976715,
        "max": 3.47035646439,
        "mean": 0.785975039005,
        "median": 0.726749420166,
        "min": -0.618664205074,
        "var": 0.254979759455
    },
    "erbbands_spread": {
        "dmean": 2.61041641235,
        "dmean2": 4.26955509186,
        "dvar": 6.87738752365,
        "dvar2": 17.7936935425,
        "max": 28.1729927063,
        "mean": 12.3124542236,
        "median": 12.2205181122,
        "min": 2.82984137535,
        "var": 24.367980957
    },
    "hfc": {
        "dmean": 4.11353826523,
        "dmean2": 6.27247953415,
        "dvar": 20.5125484467,
        "dvar2": 46.9785499573,
        "max": 55.6858558655,
        "mean": 22.2343101501,
        "median": 22.9146766663,
        "min": 0.0506923012435,
        "var": 99.1442871094
    },
    "melbands_crest": {
        "dmean": 2.79396820068,
        "dmean2": 4.61838054657,
        "dvar": 6.48041248322,
        "dvar2": 16.6435871124,
        "max": 32.1517448425,
        "mean": 12.3591089249,
        "median": 11.5344629288,
        "min": 5.52139091492,
        "var": 17.5129718781
    },
    "melbands_flatness_db": {
        "dmean": 0.0300667155534,
        "dmean2": 0.0461469143629,
        "dvar": 0.00108198320959,
        "dvar2": 0.00236268225126,
        "max": 0.585488379002,
        "mean": 0.350115358829,
        "median": 0.336267143488,
        "min": 0.195349365473,
        "var": 0.00633051386103
    },
    "melbands_kurtosis": {
        "dmean": 2.04121279716,
        "dmean2": 3.3158519268,
        "dvar": 9.49918270111,
        "dvar2": 21.4360408783,
        "max": 36.2395629883,
        "mean": 3.74057483673,
        "median": 2.85117578506,
        "min": -0.703123569489,
        "var": 12.8570585251
    },
    "melbands_skewness": {
        "dmean": 0.399255901575,
        "dmean2": 0.62137812376,
        "dvar": 0.171568110585,
        "dvar2": 0.414464473724,
        "max": 4.61659574509,
        "mean": 1.24969470501,
        "median": 1.24031198025,
        "min": -0.391779601574,
        "var": 0.449476242065
    },
    "melbands_spread": {
        "dmean": 1.61590218544,
        "dmean2": 2.59419441223,
        "dvar": 2.86323809624,
        "dvar2": 6.79780244827,
        "max": 24.4367618561,
        "mean": 8.64885902405,
        "median": 8.37506961823,
        "min": 1.32783591747,
        "var": 12.0493221283
    },
    "pitch_salience": {
        "dmean": 0.0718261599541,
        "dmean2": 0.117208838463,
        "dvar": 0.00398648297414,
        "dvar2": 0.0112049495801,
        "max": 0.889746010303,
        "mean": 0.671107172966,
        "median": 0.688115119934,
        "min": 0.171747282147,
        "var": 0.0118155963719
    },
    "silence_rate_20dB": {
        "dmean": 0,
        "dmean2": 0,
        "dvar": 0,
        "dvar2": 0,
        "max": 1,
        "mean": 1,
        "median": 1,
        "min": 1,
        "var": 0
    },
    "silence_rate_30dB": {
        "dmean": 0,
        "dmean2": 0,
        "dvar": 0,
        "dvar2": 0,
        "max": 1,
        "mean": 1,
        "median": 1,
        "min": 1,
        "var": 0
    },
    "silence_rate_60dB": {
        "dmean": 0.00888888910413,
        "dmean2": 0.0178173724562,
        "dvar": 0.00880987104028,
        "dvar2": 0.0219542626292,
        "max": 1,
        "mean": 0.0133037697524,
        "median": 0,
        "min": 0,
        "var": 0.0131267737597
    },
    "spectral_centroid": {
        "dmean": 73.8352508545,
        "dmean2": 115.968254089,
        "dvar": 7891.56201172,
        "dvar2": 17798.5273438,
        "max": 1366.4050293,
        "mean": 640.889282227,
        "median": 622.32244873,
        "min": 270.492248535,
        "var": 34204.125
    },
    "spectral_complexity": {
        "dmean": 3.20000004768,
        "dmean2": 5.04677057266,
        "dvar": 9.54221725464,
        "dvar2": 22.543466568,
        "max": 37,
        "mean": 17.3924617767,
        "median": 16,
        "min": 1,
        "var": 49.5998535156
    },
    "spectral_decrease": {
        "dmean": 1.3991023895e-09,
        "dmean2": 2.23407625732e-09,
        "dvar": 2.13213226832e-18,
        "dvar2": 4.79133947346e-18,
        "max": -3.19925405612e-11,
        "mean": -9.54152312715e-09,
        "median": -1.00704831141e-08,
        "min": -1.63079274529e-08,
        "var": 8.90848207993e-18
    },
    "spectral_energy": {
        "dmean": 0.00560291809961,
        "dmean2": 0.00893396884203,
        "dvar": 3.45424195984e-05,
        "dvar2": 7.76578963269e-05,
        "max": 0.0651520490646,
        "mean": 0.0380285829306,
        "median": 0.0402364768088,
        "min": 0.000125345148263,
        "var": 0.000145478290506
    },
    "spectral_energyband_high": {
        "dmean": 1.58777911565e-05,
        "dmean2": 2.54406531894e-05,
        "dvar": 7.59466711742e-10,
        "dvar2": 1.85531068286e-09,
        "max": 0.000364855397493,
        "mean": 3.05763496726e-05,
        "median": 1.37000160976e-05,
        "min": 7.90535494843e-08,
        "var": 2.20359441805e-09
    },
    "spectral_energyband_low": {
        "dmean": 0.000137177310535,
        "dmean2": 0.000231404861552,
        "dvar": 4.19796641893e-08,
        "dvar2": 1.12762371884e-07,
        "max": 0.00222602346912,
        "mean": 0.00024149188539,
        "median": 0.000113457906991,
        "min": 7.48053992083e-07,
        "var": 1.06150558565e-07
    },
    "spectral_energyband_middle_high": {
        "dmean": 0.00261392840184,
        "dmean2": 0.0040540676564,
        "dvar": 1.004049318e-05,
        "dvar2": 2.40098106588e-05,
        "max": 0.0371029451489,
        "mean": 0.00847256649286,
        "median": 0.00715036224574,
        "min": 3.07640175379e-06,
        "var": 4.30551735917e-05
    },
    "spectral_energyband_middle_low": {
        "dmean": 0.00523214694113,
        "dmean2": 0.00839517824352,
        "dvar": 2.60750857706e-05,
        "dvar2": 6.01450774411e-05,
        "max": 0.0589290075004,
        "mean": 0.0299839936197,
        "median": 0.0306333918124,
        "min": 0.000120742050058,
        "var": 9.16106073419e-05
    },
    "spectral_entropy": {
        "dmean": 0.211346685886,
        "dmean2": 0.337540090084,
        "dvar": 0.0683569610119,
        "dvar2": 0.182318180799,
        "max": 7.50305557251,
        "mean": 6.63491535187,
        "median": 6.72092580795,
        "min": 4.48287010193,
        "var": 0.253745436668
    },
    "spectral_flux": {
        "dmean": 0.0242727063596,
        "dmean2": 0.0388191491365,
        "dvar": 0.000568089541048,
        "dvar2": 0.00134873576462,
        "max": 0.196849569678,
        "mean": 0.089477583766,
        "median": 0.0893645137548,
        "min": 0.0111957648769,
        "var": 0.00117939966731
    },
    "spectral_kurtosis": {
        "dmean": 17.9097290039,
        "dmean2": 31.2295436859,
        "dvar": 677.269958496,
        "dvar2": 1672.36413574,
        "max": 257.134765625,
        "mean": 26.7019767761,
        "median": 17.2091388702,
        "min": 1.83394670486,
        "var": 1038.57470703
    },
    "spectral_rms": {
        "dmean": 0.000493494444527,
        "dmean2": 0.000777383625973,
        "dvar": 3.84844497603e-07,
        "dvar2": 8.06164450751e-07,
        "max": 0.00797263905406,
        "mean": 0.00597009854391,
        "median": 0.00626538926736,
        "min": 0.000349696929334,
        "var": 1.45897683979e-06
    },
    "spectral_rolloff": {
        "dmean": 88.5732498169,
        "dmean2": 145.88861084,
        "dvar": 13798.2734375,
        "dvar2": 32416.4746094,
        "max": 2110.25390625,
        "mean": 813.439880371,
        "median": 818.26171875,
        "min": 258.3984375,
        "var": 38279.1054688
    },
    "spectral_skewness": {
        "dmean": 1.10320806503,
        "dmean2": 1.92589461803,
        "dvar": 1.80853307247,
        "dvar2": 4.98940134048,
        "max": 12.2933177948,
        "mean": 3.08958768845,
        "median": 2.62962937355,
        "min": 1.09407603741,
        "var": 3.0884449482
    },
    "spectral_spread": {
        "dmean": 290037.65625,
        "dmean2": 460614.6875,
        "dvar": 254582702080,
        "dvar2": 261579210752,
        "max": 12667802,
        "mean": 1629048,
        "median": 1620447.375,
        "min": 342513.71875,
        "var": 481688977408
    },
    "spectral_strongpeak": {
        "dmean": 0.584072589874,
        "dmean2": 0.96516752243,
        "dvar": 0.440671920776,
        "dvar2": 1.03860116005,
        "max": 5.61809873581,
        "mean": 1.52756989002,
        "median": 1.27125966549,
        "min": 0.0754670128226,
        "var": 1.04515337944
    },
    "zerocrossingrate": {
        "dmean": 0.00241536460817,
        "dmean2": 0.0030862854328,
        "dvar": 5.45433840671e-06,
        "dvar2": 7.41902294976e-06,
        "max": 0.04541015625,
        "mean": 0.0241390652955,
        "median": 0.0234375,
        "min": 0.00732421875,
        "var": 4.67897370982e-05
    },
    "barkbands": {
        "dmean": [1.64454388596e-06, 8.45902923174e-06, 3.76564021281e-05, 0.000301997701172, 0.00328806904145, 0.00209336006083, 0.00228143110871, 0.00308482721448, 0.00186064618174, 0.00183044420555, 0.0011423145188, 0.00064525869675, 0.000300636282191, 6.1385173467e-05, 3.69736153516e-05, 0.000107167339593, 0.000157081361976, 7.23683915567e-05, 4.63743599539e-05, 1.5188587895e-05, 7.34723880669e-06, 2.75019237961e-06, 7.58137332468e-07, 2.36823922251e-07, 1.07657776027e-07, 4.05702067496e-08, 4.26954072097e-09],
        "dmean2": [2.90193338515e-06, 1.4717547856e-05, 6.25531611149e-05, 0.00046592077706, 0.00510991923511, 0.00347434682772, 0.00370239117183, 0.00483093876392, 0.0027599032037, 0.002834134968, 0.00182504951954, 0.00112474372145, 0.000504131952766, 0.000100609955552, 6.24006133876e-05, 0.000185873068403, 0.000255213439232, 0.00011913428898, 7.85227384767e-05, 2.46905146923e-05, 1.22122401081e-05, 4.67343897981e-06, 1.28059650706e-06, 3.72616341338e-07, 1.79108596399e-07, 6.73185596156e-08, 7.38225924835e-09],
        "dvar": [7.51451244979e-12, 1.49981693731e-10, 2.50526754897e-09, 2.72152277603e-07, 1.06065535874e-05, 5.16356067237e-06, 1.01884934338e-05, 1.51764952534e-05, 5.05676962348e-06, 5.54747794013e-06, 1.5602130361e-06, 1.79212781859e-06, 1.49738923483e-07, 7.60448504167e-09, 4.09681399915e-09, 6.32080343621e-08, 6.90099852818e-08, 1.50108601105e-08, 6.69875932502e-09, 1.06424513646e-09, 2.07722422596e-10, 3.48573392372e-11, 3.25940576612e-12, 2.30308448094e-13, 5.10774995704e-14, 6.64781103158e-15, 1.44814748068e-16],
        "dvar2": [2.15299531675e-11, 4.19163287413e-10, 6.9748034015e-09, 5.41096767392e-07, 2.44732418651e-05, 1.27874118334e-05, 2.40834706347e-05, 3.45903463312e-05, 1.06458792288e-05, 1.25129781736e-05, 3.91183766624e-06, 4.91860191687e-06, 3.85725542174e-07, 1.98968734821e-08, 1.11651505819e-08, 1.71025334339e-07, 1.661672826e-07, 3.92340631095e-08, 1.69376033199e-08, 2.83211742946e-09, 5.36608535384e-10, 9.4389503158e-11, 8.56303916663e-12, 5.57106877991e-13, 1.33834986821e-13, 1.67677100638e-14, 3.42707148179e-16],
        "max": [3.30991460942e-05, 8.26565228635e-05, 0.000509237113874, 0.00696463696659, 0.0326609835029, 0.0188458748162, 0.0396159999073, 0.0491151437163, 0.0244566816837, 0.0264156460762, 0.0111389607191, 0.021927556023, 0.00394628802314, 0.000901560066268, 0.000792745617218, 0.00369829707779, 0.00352050410584, 0.00157039950136, 0.000897120626178, 0.00045658252202, 0.00017110092449, 5.94088778598e-05, 1.83456031664e-05, 5.40066412213e-06, 2.39329938267e-06, 9.98740233626e-07, 2.0604923634e-07],
        "mean": [1.67704797605e-06, 1.10317405415e-05, 5.05881325807e-05, 0.000631870585494, 0.0086561171338, 0.00467073637992, 0.0044104186818, 0.00649572676048, 0.00421415269375, 0.00411605229601, 0.00223057810217, 0.00108752748929, 0.000526987307239, 0.000119352080219, 7.42473421269e-05, 0.000175067485543, 0.00028201774694, 0.000140002128319, 8.61623775563e-05, 3.01641994156e-05, 1.27893790705e-05, 3.82363168683e-06, 9.99869143925e-07, 3.45548301084e-07, 1.57246674348e-07, 6.1884620095e-08, 9.0252942897e-09],
        "median": [7.50910885472e-07, 6.32649698673e-06, 3.08080780087e-05, 0.000180376751814, 0.00749279232696, 0.00373619794846, 0.00332100852393, 0.00402905605733, 0.00279575423338, 0.00307820225134, 0.00180146167986, 0.000723988981918, 0.000326683191815, 9.24694904825e-05, 4.51469895779e-05, 8.55623657117e-05, 0.000139141018735, 7.58392125135e-05, 5.39404063602e-05, 1.8904243916e-05, 5.04197760165e-06, 7.05800800915e-07, 1.73864989961e-07, 7.45869073171e-08, 3.60670178168e-08, 1.5342299875e-08, 5.58339596779e-09],
        "min": [1.59086377405e-09, 6.4506473052e-08, 2.82477543578e-07, 2.05050596946e-07, 5.98466021984e-06, 1.18687357826e-05, 1.40950760397e-05, 4.1127204895e-06, 2.67157429334e-06, 1.47511434534e-06, 9.79193828243e-07, 2.50376501754e-07, 1.21385554053e-07, 7.57891527314e-08, 1.38117162152e-08, 5.05370323367e-08, 3.46449979816e-08, 6.39976676098e-08, 7.53633884187e-08, 3.1895435626e-08, 2.69641038386e-08, 8.4593292371e-09, 8.50309100908e-10, 5.32744903747e-10, 5.42258848935e-10, 2.75227424185e-10, 2.50499199161e-09],
        "var": [6.23836876254e-12, 1.70990124837e-10, 4.00521127375e-09, 1.10351516014e-06, 4.4739797886e-05, 1.33724279294e-05, 2.26102820307e-05, 5.43516471225e-05, 1.95571319637e-05, 1.61898278748e-05, 3.88017542718e-06, 2.21059849537e-06, 2.94165630521e-07, 1.56631632109e-08, 8.57941451216e-09, 7.60694547353e-08, 1.5110839513e-07, 3.41487442768e-08, 1.34210109692e-08, 1.5458855307e-09, 4.71937933177e-10, 6.23073259653e-11, 5.4421480343e-12, 5.00352201078e-13, 1.10475139507e-13, 1.50053479028e-14, 2.50103841852e-16]
    },
    "erbbands": {
        "dmean": [0.000177403402631, 0.00263214064762, 0.0329259969294, 0.479163199663, 3.08712100983, 16.2614440918, 14.5685844421, 21.0785217285, 24.9298267365, 58.5026855469, 53.1624946594, 39.2585983276, 45.3769035339, 59.6719665527, 36.3439598083, 19.8868732452, 13.9604492188, 3.39096212387, 1.97020804882, 3.81633734703, 5.88204431534, 8.85193157196, 4.27409791946, 3.31792187691, 1.5207105875, 0.697000384331, 0.376582473516, 0.219515234232, 0.10608061403, 0.047123298049, 0.0180344376713, 0.00652850326151, 0.00338974827901, 0.00142275507096, 0.000684851955157, 0.000227788361371, 6.82762110955e-05, 1.24172429423e-05, 2.99792736769e-06, 6.44916053716e-06],
        "dmean2": [0.000305945664877, 0.0045906426385, 0.0546563640237, 0.765748441219, 5.07599973679, 24.9769611359, 23.0561447144, 34.7284889221, 40.1530609131, 92.4958877563, 84.0301361084, 60.3616943359, 69.4642333984, 93.9701004028, 58.7140731812, 33.6745567322, 23.2382564545, 5.33624696732, 3.17115688324, 6.55868959427, 10.0776786804, 14.6728448868, 7.04296827316, 5.57865476608, 2.53413963318, 1.1247190237, 0.609049975872, 0.362924814224, 0.180340006948, 0.0801273062825, 0.0298102200031, 0.0105144260451, 0.00551845319569, 0.00232909200713, 0.00114276772365, 0.000379281875212, 0.000107719570224, 2.01888306037e-05, 4.75542083223e-06, 1.02442218122e-05],
        "dvar": [6.94833275361e-08, 1.34455194711e-05, 0.00168262573425, 0.59467113018, 23.3809070587, 305.428009033, 214.618789673, 600.058105469, 1061.14916992, 5451.26171875, 3690.81225586, 2425.19946289, 3080.6315918, 6322.81591797, 4263.22265625, 731.689331055, 287.603515625, 22.902677536, 6.68253612518, 93.8328704834, 177.141403198, 196.987182617, 53.615436554, 35.2093582153, 5.97572517395, 2.01823019981, 0.474716156721, 0.180775210261, 0.0484857670963, 0.0125433700159, 0.00174900691491, 0.000186014716746, 5.44122922292e-05, 8.39227595861e-06, 2.36423693423e-06, 2.55364454915e-07, 1.52953809618e-08, 6.06511452172e-10, 1.15389477487e-11, 4.61951518704e-11],
        "dvar2": [2.06830833349e-07, 3.7072935811e-05, 0.00444280402735, 1.28947877884, 63.1778297424, 706.175537109, 503.159759521, 1480.05725098, 2648.18041992, 15290.5351562, 7777.96533203, 4878.46972656, 6532.02490234, 15967.1855469, 11199.1894531, 2058.02807617, 741.018737793, 48.5873298645, 18.3043308258, 262.16027832, 459.097564697, 463.193725586, 138.397827148, 92.9893569946, 15.6060552597, 5.27398538589, 1.19138288498, 0.457455039024, 0.130843251944, 0.034163326025, 0.00440617557615, 0.000449785235105, 0.000138525065267, 2.14180818148e-05, 6.43638850306e-06, 6.72306214256e-07, 3.66201291513e-08, 1.490710555e-09, 2.76800127957e-11, 1.04932139366e-10],
        "max": [0.00230509950779, 0.0300557557493, 0.435331404209, 9.85918617249, 80.0395736694, 177.495925903, 158.277709961, 220.605133057, 355.799530029, 703.397766113, 555.544799805, 643.586303711, 726.570373535, 1062.85461426, 1106.64013672, 362.546417236, 152.660186768, 60.3103675842, 31.2082176208, 136.165634155, 214.241195679, 152.791992188, 93.8299865723, 64.4560317993, 25.1298522949, 19.7416629791, 7.9575419426, 5.40359067917, 2.05667662621, 0.957394659519, 0.413416743279, 0.138038352132, 0.0800845399499, 0.0330318324268, 0.0152231017128, 0.00554442871362, 0.00163361220621, 0.000288091192488, 5.14097300766e-05, 7.46051664464e-05],
        "mean": [0.000252351688687, 0.00393161782995, 0.0588599033654, 1.03252112865, 6.92896604538, 38.7887954712, 36.9287986755, 46.4156990051, 52.5321388245, 110.651695251, 127.497177124, 92.1468353271, 107.001800537, 132.667922974, 76.4552383423, 39.3069038391, 25.4320583344, 7.73087453842, 4.52756309509, 6.976334095, 10.0412845612, 16.2273025513, 8.54497051239, 6.0006518364, 3.06492352486, 1.40403974056, 0.731393456459, 0.3724835217, 0.157160878181, 0.0605965256691, 0.0248730238527, 0.00951682776213, 0.00501764332876, 0.00216055475175, 0.000982566853054, 0.000355816126103, 0.000111376299174, 2.10739326576e-05, 1.98814250325e-05, 4.34992507508e-05],
        "median": [0.00016433474957, 0.00253020273522, 0.0376006886363, 0.379300504923, 4.88520288467, 31.374382019, 29.0715026855, 33.0054512024, 42.5438728333, 73.8718261719, 86.4742355347, 63.8971328735, 83.8857345581, 89.8670196533, 61.8018341064, 29.0761604309, 17.4768047333, 5.76658821106, 3.55011868477, 3.6557662487, 5.66178607941, 7.69994783401, 4.56876468658, 3.40112280846, 1.94456648827, 0.851751983166, 0.362617582083, 0.115478843451, 0.0324283763766, 0.0086875949055, 0.00451485347003, 0.00197481573559, 0.00108119787183, 0.000508887867909, 0.000248030846706, 0.000103366633994, 3.61797028745e-05, 7.71018130763e-06, 2.06794738915e-05, 4.59710208816e-05],
        "min": [3.03472256746e-06, 4.86016760988e-05, 0.000374008901417, 0.00178490066901, 0.0038181450218, 0.0255251955241, 0.118523299694, 0.0983236655593, 0.176165997982, 0.148433834314, 0.100723326206, 0.0674320608377, 0.048046708107, 0.0508923083544, 0.0258387308568, 0.00956803746521, 0.00773480162024, 0.00315232202411, 0.00133623345755, 0.00163416902069, 0.00264789583161, 0.00281880586408, 0.00354258832522, 0.00398861523718, 0.00225494429469, 0.001232490642, 0.00132599461358, 0.000956380856223, 0.000370342633687, 6.74915791024e-05, 2.66893348453e-05, 1.41107320815e-05, 1.43537736221e-05, 1.1398924471e-05, 8.36274375615e-06, 4.30914315075e-06, 1.28216925077e-06, 1.4247124227e-06, 1.22580263451e-06, 4.7586362939e-07],
        "var": [7.5941976263e-08, 1.77688198164e-05, 0.00397890713066, 2.25291132927, 51.9403839111, 1163.32971191, 855.846984863, 1580.05847168, 2061.18212891, 12881.6298828, 13598.2861328, 8140.76611328, 9053.72070312, 18961.0664062, 6424.00976562, 1333.51367188, 603.881286621, 64.7274246216, 19.141336441, 114.789344788, 233.144302368, 480.961486816, 124.462158203, 66.3211517334, 13.7358570099, 3.32081103325, 1.18714761734, 0.453645706177, 0.0972139984369, 0.0198022443801, 0.00327267870307, 0.000377982098144, 0.000114741080324, 2.01487200684e-05, 4.31827811553e-06, 4.87495583457e-07, 3.73117536867e-08, 1.3851509939e-09, 4.30521555905e-11, 1.95509164413e-10]
    },
    "gfcc": {
        "mean": [-90.3073196411, 189.638137817, -173.339385986, -37.0333213806, -67.7931747437, -56.2290840149, -26.2213344574, -14.3954582214, -31.4799861908, -24.7035732269, -10.5337562561, -7.81742048264, -0.497215121984],
        "cov": [[4175.98828125, -1408.54052734, -1106.82800293, 821.445922852, -411.277069092, 595.471191406, -172.414672852, 121.61907959, 36.7246131897, 2.90862369537, 38.1229095459, 181.161972046, -50.0973091125], [-1408.54052734, 1007.40679932, 434.690307617, -310.943450928, 304.414306641, -410.602355957, 152.785171509, -89.1947097778, -85.1341094971, -69.8098297119, -4.35441350937, -128.424636841, 21.9977054596], [-1106.82800293, 434.690307617, 657.205322266, -112.518127441, 43.2225036621, -129.917114258, 6.42694282532, -30.3033943176, -14.3548374176, -9.94028759003, -42.8722801208, -51.454624176, -26.3308563232], [821.445922852, -310.943450928, -112.518127441, 369.021209717, -55.9163360596, 127.080535889, -74.3526763916, -7.16651105881, -21.8599452972, 24.8857097626, 10.5242433548, 40.709022522, -36.4602050781], [-411.277069092, 304.414306641, 43.2225036621, -55.9163360596, 189.596939087, -121.249916077, 46.6484260559, -37.1397972107, -46.044178009, -13.9369812012, -8.19097042084, -37.1084938049, 14.0185337067], [595.471191406, -410.602355957, -129.917114258, 127.080535889, -121.249916077, 255.137863159, -58.0575027466, 34.2031021118, 45.3833274841, 12.1822729111, -19.5406665802, 43.2612495422, -4.61166954041], [-172.414672852, 152.785171509, 6.42694282532, -74.3526763916, 46.6484260559, -58.0575027466, 74.8901748657, 11.3686904907, -7.28769731522, -17.1540679932, -2.44201779366, -24.6723175049, 6.24723863602], [121.61907959, -89.1947097778, -30.3033943176, -7.16651105881, -37.1397972107, 34.2031021118, 11.3686904907, 60.6826705933, 36.5432510376, 9.16569328308, -7.32776641846, 7.85745382309, -11.2034196854], [36.7246131897, -85.1341094971, -14.3548374176, -21.8599452972, -46.044178009, 45.3833274841, -7.28769731522, 36.5432510376, 66.159942627, 28.7740249634, 1.16513419151, 2.2919819355, -15.7407455444], [2.90862369537, -69.8098297119, -9.94028759003, 24.8857097626, -13.9369812012, 12.1822729111, -17.1540679932, 9.16569328308, 28.7740249634, 66.4372406006, 24.1218242645, 5.02966928482, -21.7134552002], [38.1229095459, -4.35441350937, -42.8722801208, 10.5242433548, -8.19097042084, -19.5406665802, -2.44201779366, -7.32776641846, 1.16513419151, 24.1218242645, 49.9541053772, 10.7715921402, -2.62166428566], [181.161972046, -128.424636841, -51.454624176, 40.709022522, -37.1084938049, 43.2612495422, -24.6723175049, 7.85745382309, 2.2919819355, 5.02966928482, 10.7715921402, 53.8480949402, 14.2170095444], [-50.0973091125, 21.9977054596, -26.3308563232, -36.4602050781, 14.0185337067, -4.61166954041, 6.24723863602, -11.2034196854, -15.7407455444, -21.7134552002, -2.62166428566, 14.2170095444, 53.9299049377]],
        "icov": [[0.00239451485686, -0.0054528308101, 0.00541919982061, -0.00425920961425, 0.00673688342795, -0.00436995364726, 0.00433509564027, -0.00587125634775, 0.00389320403337, -0.00131935323589, 0.00325260288082, -0.00285656447522, 0.00188444147352], [-0.0054528308101, 0.0328025445342, -0.0211137440056, 0.01177726686, -0.0304258745164, 0.0233527589589, -0.0250463820994, 0.026288215071, -0.019763123244, 0.0186327062547, -0.0193482711911, 0.0170740429312, -0.00623136106879], [0.00541919982061, -0.0211137440056, 0.0181842558086, -0.0100026801229, 0.0223888419569, -0.0143104819581, 0.0170773733407, -0.0176228228956, 0.0136191928759, -0.0103598982096, 0.0153968846425, -0.010724327527, 0.00645898841321], [-0.00425920961425, 0.01177726686, -0.0100026801229, 0.0131526682526, -0.0139135448262, 0.00670095114037, -0.00616500573233, 0.010898209177, -0.00215960177593, 0.0026639259886, -0.00759095931426, 0.00455035734922, 0.00128944159951], [0.00673688342795, -0.0304258745164, 0.0223888419569, -0.0139135448262, 0.0406425446272, -0.0186351519078, 0.019077014178, -0.0219208691269, 0.022251913324, -0.0194334145635, 0.0234504677355, -0.0134418550879, 0.00462540658191], [-0.00436995364726, 0.0233527589589, -0.0143104819581, 0.00670095114037, -0.0186351519078, 0.0263561550528, -0.0162110049278, 0.0200007110834, -0.0195159558207, 0.0124740665779, -0.00702001294121, 0.0101035889238, -0.00658953515813], [0.00433509564027, -0.0250463820994, 0.0170773733407, -0.00616500573233, 0.019077014178, -0.0162110049278, 0.0462755486369, -0.0339379385114, 0.0197688564658, -0.00852235779166, 0.00919044017792, -0.00380831118673, 0.00344671308994], [-0.00587125634775, 0.026288215071, -0.0176228228956, 0.010898209177, -0.0219208691269, 0.0200007110834, -0.0339379385114, 0.0581456907094, -0.0333194471896, 0.0122616980225, -0.00544946687296, 0.0035171629861, 2.55346712947e-05], [0.00389320403337, -0.019763123244, 0.0136191928759, -0.00215960177593, 0.022251913324, -0.0195159558207, 0.0197688564658, -0.0333194471896, 0.0512206405401, -0.0235685706139, 0.0111652323976, -0.00483967224136, 0.00748171471059], [-0.00131935323589, 0.0186327062547, -0.0103598982096, 0.0026639259886, -0.0194334145635, 0.0124740665779, -0.00852235779166, 0.0122616980225, -0.0235685706139, 0.0418259203434, -0.0251116324216, 0.0089307827875, 0.00395574560389], [0.00325260288082, -0.0193482711911, 0.0153968846425, -0.00759095931426, 0.0234504677355, -0.00702001294121, 0.00919044017792, -0.00544946687296, 0.0111652323976, -0.0251116324216, 0.0475717931986, -0.0187450069934, 0.00480866385624], [-0.00285656447522, 0.0170740429312, -0.010724327527, 0.00455035734922, -0.0134418550879, 0.0101035889238, -0.00380831118673, 0.0035171629861, -0.00483967224136, 0.0089307827875, -0.0187450069934, 0.0430039055645, -0.0163125917315], [0.00188444147352, -0.00623136106879, 0.00645898841321, 0.00128944159951, 0.00462540658191, -0.00658953515813, 0.00344671308994, 2.55346712947e-05, 0.00748171471059, 0.00395574560389, 0.00480866385624, -0.0163125917315, 0.0330108553171]]
    },
    "melbands": {
        "dmean": [1.81641860308e-06, 1.1294298929e-05, 0.000120924669318, 0.000661953352392, 0.000570832868107, 0.000448210776085, 0.000406758248573, 0.000680076365825, 0.00041728746146, 0.000243863134529, 0.000240613037022, 0.000257836974924, 0.00013783799659, 7.81732815085e-05, 5.04879099026e-05, 1.85997087101e-05, 6.12311896475e-06, 3.88343960367e-06, 3.46618776348e-06, 7.37394793759e-06, 7.34179138817e-06, 1.05051158243e-05, 5.57245675736e-06, 3.53556833943e-06, 2.85780492959e-06, 1.51213555455e-06, 8.02013460088e-07, 4.1694624997e-07, 2.51147355357e-07, 2.05864196801e-07, 1.08099207807e-07, 6.80346801119e-08, 3.88901462145e-08, 2.17528146607e-08, 1.1716522863e-08, 6.03001826249e-09, 3.57365648185e-09, 2.69016475762e-09, 1.59038238134e-09, 1.10160880418e-09],
        "dmean2": [3.1155002489e-06, 1.89212223631e-05, 0.000189391648746, 0.00103296374436, 0.00088221434271, 0.00074113876326, 0.000650528003462, 0.00106626492925, 0.000649218680337, 0.000371843751054, 0.000373388349544, 0.000406685954658, 0.000218374436372, 0.000135263064294, 8.38280029711e-05, 3.01629461319e-05, 9.76557385002e-06, 6.29312035016e-06, 5.71697637497e-06, 1.27154289657e-05, 1.26305103549e-05, 1.72950221895e-05, 9.22281287785e-06, 5.89286537434e-06, 4.82056611872e-06, 2.48852325058e-06, 1.35599543682e-06, 6.62957688746e-07, 3.95881158965e-07, 3.42658580621e-07, 1.81365209073e-07, 1.17419759249e-07, 6.58488090721e-08, 3.76036446426e-08, 1.96425737897e-08, 1.01329193924e-08, 5.69720892685e-09, 4.3974552888e-09, 2.58343280102e-09, 1.82221537859e-09],
        "dvar": [6.76875092434e-12, 2.28637789257e-10, 4.51595134621e-08, 5.17837975167e-07, 2.90897730792e-07, 2.48766951927e-07, 3.00808835618e-07, 7.3488763519e-07, 2.3193874199e-07, 8.88735769422e-08, 8.76965984276e-08, 1.16884841361e-07, 3.41517996105e-08, 3.01972491457e-08, 3.74996123043e-09, 5.09047304309e-10, 8.17725678837e-11, 2.52924434868e-11, 4.97331967275e-11, 3.27022658952e-10, 2.78746581373e-10, 2.96465491045e-10, 7.2516596894e-11, 3.57184004596e-11, 2.64547862783e-11, 6.2042506549e-12, 3.08681422437e-12, 5.10795073773e-13, 1.84776591814e-13, 1.76562825233e-13, 4.31585817702e-14, 1.98741525759e-14, 7.75748856699e-15, 2.91854498163e-15, 7.42762714991e-16, 1.84624528965e-16, 5.39147753671e-17, 3.56643387878e-17, 1.10234505573e-17, 5.05705552881e-18],
        "dvar2": [1.93560341366e-11, 6.28201268782e-10, 9.78112026928e-08, 1.2339338582e-06, 6.53080746815e-07, 6.21546121238e-07, 7.1652624456e-07, 1.93824234884e-06, 4.58989518393e-07, 1.89337896472e-07, 1.85633027172e-07, 2.9309470051e-07, 8.95512357602e-08, 8.23699863872e-08, 9.72596048143e-09, 1.36109368221e-09, 1.84451717788e-10, 7.10740008514e-11, 1.33716065998e-10, 9.02034835715e-10, 7.17790882288e-10, 6.95993429556e-10, 1.9086561498e-10, 9.25498705451e-11, 7.11931000263e-11, 1.5905235462e-11, 8.57445798391e-12, 1.26655153379e-12, 4.43575813016e-13, 4.70806119784e-13, 1.08403269813e-13, 5.42725756101e-14, 2.11584307068e-14, 7.98077915738e-15, 1.882909349e-15, 4.90246629184e-16, 1.31239258378e-16, 9.07730467987e-17, 2.78950945152e-17, 1.31377895503e-17],
        "max": [2.04131792998e-05, 0.000139415176818, 0.00335423042998, 0.00624972209334, 0.00559666054323, 0.00426259543747, 0.00644034286961, 0.00934748165309, 0.0054179970175, 0.0035571474582, 0.00385074620135, 0.00453292019665, 0.00256338017061, 0.00294070225209, 0.000522286456544, 0.000162116411957, 0.000112158319098, 5.71547243453e-05, 8.3542894572e-05, 0.000257466977928, 0.000273996702163, 0.000212647704757, 7.03007463017e-05, 7.71592094679e-05, 5.29126045876e-05, 2.65055878117e-05, 2.38186112256e-05, 8.82406038727e-06, 5.32655985808e-06, 5.94064204051e-06, 2.54975248026e-06, 1.32349123305e-06, 7.64751632687e-07, 4.47368989853e-07, 2.79442616602e-07, 1.45071908264e-07, 8.48725321134e-08, 6.68555628636e-08, 3.5446198865e-08, 2.51027252318e-08],
        "mean": [2.48146102422e-06, 1.61426451086e-05, 0.000265488459263, 0.00158393895254, 0.00155292858835, 0.000979054020718, 0.000847600807901, 0.00132008665241, 0.00103287189268, 0.000544421491213, 0.000534363265615, 0.000554532918613, 0.000279136787867, 0.000139437965117, 8.62380184117e-05, 3.40709666489e-05, 1.24903053802e-05, 7.73178544478e-06, 6.69660403219e-06, 1.19975193229e-05, 1.14858530651e-05, 1.81902851182e-05, 1.01225159597e-05, 6.3691345531e-06, 4.79730897496e-06, 2.81718553197e-06, 1.44324144458e-06, 7.99975623522e-07, 4.92049764489e-07, 3.1652697885e-07, 1.79856584737e-07, 9.60927550864e-08, 5.01415371446e-08, 2.65668127497e-08, 1.53957095961e-08, 8.02095989627e-09, 4.88051687952e-09, 3.76755648901e-09, 2.4232242879e-09, 1.56988477773e-09],
        "median": [1.53795770075e-06, 1.03282200143e-05, 0.000103012600448, 0.00127423217054, 0.00124603160657, 0.000738195085432, 0.00068083073711, 0.000823585549369, 0.000705650367308, 0.000372579146642, 0.000397250056267, 0.000368138862541, 0.000230624573305, 9.64002974797e-05, 5.90736271988e-05, 2.14655519812e-05, 9.02247211343e-06, 5.86166788707e-06, 3.80269693778e-06, 5.73696343054e-06, 6.60379464534e-06, 8.81495270733e-06, 5.01202748637e-06, 3.30494117406e-06, 2.68797725766e-06, 1.68144981672e-06, 9.31725764985e-07, 4.58499641809e-07, 2.43552165102e-07, 1.12861599177e-07, 5.07858253229e-08, 1.95351415044e-08, 6.49250120333e-09, 3.81414677619e-09, 2.62287991326e-09, 1.6802470526e-09, 9.99204496921e-10, 7.32566562966e-10, 5.18917464554e-10, 3.52079893018e-10],
        "min": [4.05971967155e-08, 1.32949466547e-07, 4.68068009241e-07, 7.41114490665e-07, 4.35283482147e-06, 2.04548769034e-06, 2.49561935561e-06, 1.333671662e-06, 7.38399648981e-07, 3.91152980228e-07, 2.36679952081e-07, 2.08662143564e-07, 1.06864000315e-07, 3.19894333245e-08, 2.33409664929e-08, 1.03509512073e-08, 5.88870285867e-09, 1.70727809667e-09, 1.25628418779e-09, 3.04445557653e-09, 2.87072277061e-09, 2.25833263201e-09, 3.64955021759e-09, 3.06702108155e-09, 2.83213119623e-09, 1.94920435348e-09, 1.34742506042e-09, 4.93098006871e-10, 7.0146405351e-10, 5.70560598767e-10, 4.98234620228e-10, 2.06800673808e-10, 4.60627543053e-11, 1.82890178696e-11, 1.35237558999e-11, 7.46954928466e-12, 5.08005616739e-12, 5.85360709557e-12, 5.66600542526e-12, 4.86646573733e-12],
        "var": [7.86428647898e-12, 3.80474401984e-10, 1.54609722358e-07, 1.81196003268e-06, 1.41848306612e-06, 6.44954582185e-07, 6.44165766062e-07, 2.14653368857e-06, 9.93095000013e-07, 2.93493059189e-07, 2.43506121933e-07, 3.39552997275e-07, 6.46000444249e-08, 3.85381362378e-08, 7.34212379783e-09, 1.12761100457e-09, 1.94876059734e-10, 5.74866924896e-11, 8.70101699024e-11, 3.74133751757e-10, 3.37705891029e-10, 6.59539423076e-10, 1.72478586968e-10, 7.41528158321e-11, 4.5407740068e-11, 1.34116389869e-11, 3.70366497887e-12, 1.07540018557e-12, 5.17671029741e-13, 3.18979841455e-13, 1.10749429104e-13, 3.59874348203e-14, 1.33593612924e-14, 4.10822626121e-15, 1.34056632897e-15, 3.05266518435e-16, 1.01843171849e-16, 6.95362301277e-17, 2.61635656107e-17, 1.11738063501e-17]
    },
    "mfcc": {
        "mean": [-715.60369873, 221.892776489, -54.254108429, 0.72931176424, -38.0389213562, -42.1670684814, -12.9149169922, -9.53544139862, -15.9113969803, -22.4165000916, -17.8312606812, -6.68010234833, -8.55127906799],
        "cov": [[4098.56298828, -951.169799805, -1342.6998291, 559.696105957, -341.891143799, 399.464202881, -18.8524227142, 127.922393799, 72.8090744019, -62.2664642334, 66.4272232056, 95.2980804443, 8.93940639496], [-951.169799805, 683.767150879, 240.125, -81.063659668, 86.4867324829, -206.474746704, 105.518333435, -65.1100158691, -17.9336490631, -13.2185325623, -67.5322799683, -31.5916347504, -31.9299850464], [-1342.6998291, 240.125, 793.480651855, -107.037918091, 120.83228302, -85.4381484985, -60.021900177, -7.50394010544, -32.3686943054, 22.212387085, 9.36277961731, -15.8463354111, 13.4091081619], [559.696105957, -81.063659668, -107.037918091, 269.184051514, 4.24935340881, 55.0533256531, 34.0557327271, -19.5221557617, -33.1544799805, -38.1152954102, 17.0576286316, 21.1760044098, -22.123462677], [-341.891143799, 86.4867324829, 120.83228302, 4.24935340881, 123.912025452, -10.2484407425, 15.838218689, -19.0907421112, -18.3126163483, -1.549015522, -5.21598958969, -4.67248868942, -8.60177230835], [399.464202881, -206.474746704, -85.4381484985, 55.0533256531, -10.2484407425, 155.474838257, -21.4412212372, 18.3158340454, 11.1912508011, 5.40138292313, 24.1196708679, -5.6086063385, -2.56788992882], [-18.8524227142, 105.518333435, -60.021900177, 34.0557327271, 15.838218689, -21.4412212372, 82.1318817139, -11.5784187317, -2.88149285316, -8.28567695618, -17.8159294128, -11.2892436981, -21.8461418152], [127.922393799, -65.1100158691, -7.50394010544, -19.5221557617, -19.0907421112, 18.3158340454, -11.5784187317, 61.4596481323, 31.0001392365, 5.15552949905, -5.87357902527, -9.17291736603, 5.93823003769], [72.8090744019, -17.9336490631, -32.3686943054, -33.1544799805, -18.3126163483, 11.1912508011, -2.88149285316, 31.0001392365, 65.9983978271, 22.2649230957, -3.50341582298, -5.7696852684, -1.64957475662], [-62.2664642334, -13.2185325623, 22.212387085, -38.1152954102, -1.549015522, 5.40138292313, -8.28567695618, 5.15552949905, 22.2649230957, 55.0184326172, 25.1625480652, 5.98915958405, 7.36495876312], [66.4272232056, -67.5322799683, 9.36277961731, 17.0576286316, -5.21598958969, 24.1196708679, -17.8159294128, -5.87357902527, -3.50341582298, 25.1625480652, 61.0250244141, 29.1282024384, 15.8145132065], [95.2980804443, -31.5916347504, -15.8463354111, 21.1760044098, -4.67248868942, -5.6086063385, -11.2892436981, -9.17291736603, -5.7696852684, 5.98915958405, 29.1282024384, 55.8418922424, 30.3804664612], [8.93940639496, -31.9299850464, 13.4091081619, -22.123462677, -8.60177230835, -2.56788992882, -21.8461418152, 5.93823003769, -1.64957475662, 7.36495876312, 15.8145132065, 30.3804664612, 52.9664878845]],
