{
"lowlevel": {
    "average_loudness": 0.99068403244,
    "barkbands_crest": {
        "dmean": 3.54342508316,
        "dmean2": 5.5080037117,
        "dvar": 12.7356739044,
        "dvar2": 33.0921783447,
        "max": 25.6280937195,
        "mean": 14.1634273529,
        "median": 11.7604475021,
        "min": 4.89234161377,
        "var": 37.5032920837
    },
    "barkbands_flatness_db": {
        "dmean": 0.0394838489592,
        "dmean2": 0.0622886493802,
        "dvar": 0.00178747519385,
        "dvar2": 0.00341609399766,
        "max": 0.414475113153,
        "mean": 0.18797019124,
        "median": 0.153348714113,
        "min": 0.0800358578563,
        "var": 0.00868742074817
    },
    "barkbands_kurtosis": {
        "dmean": 17.1815052032,
        "dmean2": 30.6553401947,
        "dvar": 1071.0723877,
        "dvar2": 2162.95849609,
        "max": 289.284942627,
        "mean": 36.8036880493,
        "median": 20.8309955597,
        "min": -1.87019062042,
        "var": 3741.40942383
    },
    "barkbands_skewness": {
        "dmean": 1.33323204517,
        "dmean2": 2.27555847168,
        "dvar": 3.70141983032,
        "dvar2": 5.90477561951,
        "max": 7.29955482483,
        "mean": 2.67979240417,
        "median": 3.85494494438,
        "min": -14.9164028168,
        "var": 21.0160484314
    },
    "barkbands_spread": {
        "dmean": 11.1345367432,
        "dmean2": 20.5105133057,
        "dvar": 605.263366699,
        "dvar2": 1782.35424805,
        "max": 140.022262573,
        "mean": 15.4365959167,
        "median": 11.8871231079,
        "min": 0.708893656731,
        "var": 386.869598389
    },
    "dissonance": {
        "dmean": 0.0317035913467,
        "dmean2": 0.0551225729287,
        "dvar": 0.00236490136012,
        "dvar2": 0.00550554785877,
        "max": 0.49940559268,
        "mean": 0.450328290462,
        "median": 0.474337667227,
        "min": 0.131143197417,
        "var": 0.00401628250256
    },
    "dynamic_complexity": 38.9154434204,
    "erbbands_crest": {
        "dmean": 2.19183278084,
        "dmean2": 3.37598395348,
        "dvar": 3.14097833633,
        "dvar2": 6.57526779175,
        "max": 27.3219985962,
        "mean": 9.15872478485,
        "median": 6.19146251678,
        "min": 2.58297467232,
        "var": 51.4101753235
    },
    "erbbands_flatness_db": {
        "dmean": 0.0193490050733,
        "dmean2": 0.0232467204332,
        "dvar": 0.000807778793387,
        "dvar2": 0.000820693210699,
        "max": 0.448978543282,
        "mean": 0.124506898224,
        "median": 0.0682183504105,
        "min": 0.0272420682013,
        "var": 0.0144841726869
    },
    "erbbands_kurtosis": {
        "dmean": 1.62625467777,
        "dmean2": 2.336581707,
        "dvar": 7.43513298035,
        "dvar2": 19.6051292419,
        "max": 23.2940139771,
        "mean": 3.05132222176,
        "median": 0.34014582634,
        "min": -1.1438024044,
        "var": 36.7384147644
    },
    "erbbands_skewness": {
        "dmean": 0.331211030483,
        "dmean2": 0.530730187893,
        "dvar": 0.14455717802,
        "dvar2": 0.286870211363,
        "max": 4.01029443741,
        "mean": 1.14107298851,
        "median": 0.957000315189,
        "min": -1.34118366241,
        "var": 1.20160233974
    },
    "erbbands_spread": {
        "dmean": 7.57313108444,
        "dmean2": 11.9617624283,
        "dvar": 75.3210144043,
        "dvar2": 160.443939209,
        "max": 97.1348648071,
        "mean": 51.41381073,
        "median": 57.9053916931,
        "min": 1.63295054436,
        "var": 793.537658691
    },
    "hfc": {
        "dmean": 2.25568151474,
        "dmean2": 2.24895358086,
        "dvar": 32.177772522,
        "dvar2": 29.1650485992,
        "max": 60.4555358887,
        "mean": 7.23323965073,
        "median": 0.0013126435224,
        "min": 0.000246399926255,
        "var": 255.841003418
    },
    "melbands_crest": {
        "dmean": 4.32024240494,
        "dmean2": 7.69591712952,
        "dvar": 15.6432304382,
        "dvar2": 36.0413665771,
        "max": 27.1657238007,
        "mean": 16.2880477905,
        "median": 16.652463913,
        "min": 3.71054887772,
        "var": 27.9467830658
    },
    "melbands_flatness_db": {
        "dmean": 0.0417262688279,
        "dmean2": 0.0658184960485,
        "dvar": 0.00164774921723,
        "dvar2": 0.00331392884254,
        "max": 0.438106060028,
        "mean": 0.263430535793,
        "median": 0.264706939459,
        "min": 0.0206561554223,
        "var": 0.00770996324718
    },
    "melbands_kurtosis": {
        "dmean": 26.1793231964,
        "dmean2": 47.1176834106,
        "dvar": 862.756958008,
        "dvar2": 2839.20849609,
        "max": 163.939727783,
        "mean": 48.1000709534,
        "median": 44.8872451782,
        "min": -1.21066200733,
        "var": 1245.81811523
    },
    "melbands_skewness": {
        "dmean": 1.37628996372,
        "dmean2": 2.37584590912,
        "dvar": 1.80646073818,
        "dvar2": 4.63131189346,
        "max": 10.2409038544,
        "mean": 4.65896987915,
        "median": 5.06537437439,
        "min": -0.792609035969,
        "var": 6.37809896469
    },
    "melbands_spread": {
        "dmean": 5.50902891159,
        "dmean2": 9.43945121765,
        "dvar": 277.879425049,
        "dvar2": 514.47442627,
        "max": 161.717407227,
        "mean": 15.1770410538,
        "median": 4.82856798172,
        "min": 1.56741642952,
        "var": 1247.0736084
    },
    "pitch_salience": {
        "dmean": 0.122535020113,
        "dmean2": 0.200169801712,
        "dvar": 0.0148247601464,
        "dvar2": 0.0397163182497,
        "max": 0.89485347271,
        "mean": 0.556168675423,
        "median": 0.602460980415,
        "min": 0.240950807929,
        "var": 0.0293673519045
    },
    "silence_rate_20dB": {
        "dmean": 0,
        "dmean2": 0,
        "dvar": 0,
        "dvar2": 0,
        "max": 1,
        "mean": 1,
        "median": 1,
        "min": 1,
        "var": 0
    },
    "silence_rate_30dB": {
        "dmean": 0,
        "dmean2": 0,
        "dvar": 0,
        "dvar2": 0,
        "max": 1,
        "mean": 1,
        "median": 1,
        "min": 1,
        "var": 0
    },
    "silence_rate_60dB": {
        "dmean": 0.0166666675359,
        "dmean2": 0.0338983051479,
        "dvar": 0.0163888856769,
        "dvar2": 0.0327492058277,
        "max": 1,
        "mean": 0.770491778851,
        "median": 1,
        "min": 0,
        "var": 0.176834180951
    },
    "spectral_centroid": {
        "dmean": 314.60458374,
        "dmean2": 460.119110107,
        "dvar": 773895.5625,
        "dvar2": 860421.875,
        "max": 11146.078125,
        "mean": 1097.65258789,
        "median": 731.567138672,
        "min": 309.574188232,
        "var": 2569520.25
    },
    "spectral_complexity": {
        "dmean": 0.716666638851,
        "dmean2": 1.13559317589,
        "dvar": 4.03638887405,
        "dvar2": 8.04940986633,
        "max": 17,
        "mean": 1.83606553078,
        "median": 0,
        "min": 0,
        "var": 15.6452598572
    },
    "spectral_decrease": {
        "dmean": 7.73274222432e-10,
        "dmean2": 7.06482650159e-10,
        "dvar": 3.84401914874e-18,
        "dvar2": 3.40209956084e-18,
        "max": 5.90832246951e-15,
        "mean": -2.2611441608e-09,
        "median": -7.52658785991e-13,
        "min": -2.061374893e-08,
        "var": 2.83154908635e-17
    },
    "spectral_energy": {
        "dmean": 0.00312182842754,
        "dmean2": 0.00285172718577,
        "dvar": 6.24152162345e-05,
        "dvar2": 5.52467172383e-05,
        "max": 0.0832844898105,
        "mean": 0.00919013097882,
        "median": 2.94404844681e-06,
        "min": 1.27184005549e-08,
        "var": 0.000463359669084
    },
    "spectral_energyband_high": {
        "dmean": 2.50596185651e-05,
        "dmean2": 3.60336671292e-05,
        "dvar": 8.05113042901e-09,
        "dvar2": 1.32564403899e-08,
        "max": 0.000749155704398,
        "mean": 4.67254867544e-05,
        "median": 4.87633116109e-08,
        "min": 6.55633636271e-09,
        "var": 1.91763689372e-08
    },
    "spectral_energyband_low": {
        "dmean": 7.50018716644e-06,
        "dmean2": 1.20187487482e-05,
        "dvar": 4.22572005165e-10,
        "dvar2": 1.06220277019e-09,
        "max": 0.000148358973092,
        "mean": 7.54732218411e-06,
        "median": 1.94798622033e-06,
        "min": 1.20754632422e-12,
        "var": 4.25716434327e-10
    },
    "spectral_energyband_middle_high": {
        "dmean": 0.00103063113056,
        "dmean2": 0.00117175478954,
        "dvar": 1.2731084098e-05,
        "dvar2": 1.19627848107e-05,
        "max": 0.0275856498629,
        "mean": 0.00213637668639,
        "median": 6.44216697765e-08,
        "min": 2.21523389909e-11,
        "var": 2.9646407711e-05
    },
    "spectral_energyband_middle_low": {
        "dmean": 0.00272291852161,
        "dmean2": 0.0024431576021,
        "dvar": 5.00824207847e-05,
        "dvar2": 3.5841101635e-05,
        "max": 0.0756126046181,
        "mean": 0.00715423515067,
        "median": 6.90472404585e-07,
        "min": 3.22523258101e-12,
        "var": 0.000365456508007
    },
    "spectral_entropy": {
        "dmean": 0.270738512278,
        "dmean2": 0.34251254797,
        "dvar": 0.114240504801,
        "dvar2": 0.0975586250424,
        "max": 9.79477310181,
        "mean": 7.48013401031,
        "median": 7.73705339432,
        "min": 4.96412229538,
        "var": 1.08669614792
    },
    "spectral_flux": {
        "dmean": 0.00876900274307,
        "dmean2": 0.0127850892022,
        "dvar": 0.000492119637784,
        "dvar2": 0.000756274210289,
        "max": 0.161542549729,
        "mean": 0.0183940827847,
        "median": 0.00113558408339,
        "min": 9.79789037956e-05,
        "var": 0.00138642336242
    },
    "spectral_kurtosis": {
        "dmean": 2.45855855942,
        "dmean2": 3.238312006,
        "dvar": 31.9866943359,
        "dvar2": 56.3742408752,
        "max": 56.0531005859,
        "mean": 8.10645961761,
        "median": 4.9108247757,
        "min": -1.20379960537,
        "var": 85.5101242065
    },
    "spectral_rms": {
        "dmean": 0.000331872928655,
        "dmean2": 0.000314687727951,
        "dvar": 7.06528794581e-07,
        "dvar2": 6.14470650362e-07,
        "max": 0.00901405327022,
        "mean": 0.00134383433033,
        "median": 5.35933068022e-05,
        "min": 3.52252686753e-06,
        "var": 7.16009253665e-06
    },
    "spectral_rolloff": {
        "dmean": 867.788085938,
        "dmean2": 1702.94750977,
        "dvar": 11470172,
        "dvar2": 26658004,
        "max": 21468.6035156,
        "mean": 2319.93798828,
        "median": 301.46484375,
        "min": 107.666015625,
        "var": 34552696
    },
    "spectral_skewness": {
        "dmean": 0.256602346897,
        "dmean2": 0.33148124814,
        "dvar": 0.165134966373,
        "dvar2": 0.190464749932,
        "max": 5.65869522095,
        "mean": 2.19437861443,
        "median": 1.90353012085,
        "min": -0.013718938455,
        "var": 0.874960541725
    },
    "spectral_spread": {
        "dmean": 1387349.625,
        "dmean2": 1632558.875,
        "dvar": 1.17792760136e+13,
        "dvar2": 9.94453435187e+12,
        "max": 40224452,
        "mean": 8346805,
        "median": 7562518.5,
        "min": 1504684.875,
        "var": 3.47076684677e+13
    },
    "spectral_strongpeak": {
        "dmean": 0.316580981016,
        "dmean2": 0.370249658823,
        "dvar": 0.713715612888,
        "dvar2": 0.824912726879,
        "max": 7.10264539719,
        "mean": 0.996549248695,
        "median": 0.00353116262704,
        "min": 0,
        "var": 4.5439581871
    },
    "zerocrossingrate": {
        "dmean": 0.0346191413701,
        "dmean2": 0.0437301360071,
        "dvar": 0.0055431490764,
        "dvar2": 0.00462227454409,
        "max": 0.80517578125,
        "mean": 0.124735847116,
        "median": 0.06982421875,
        "min": 0.009765625,
        "var": 0.0324620641768
    },
    "barkbands": {
        "dmean": [9.50526555243e-08, 2.9279692626e-06, 4.58378326584e-06, 1.23628378788e-05, 8.58847051859e-05, 5.96203208261e-05, 1.43792467497e-05, 4.83249787067e-05, 0.00269114342518, 0.000886361813173, 3.85320054193e-05, 1.84022483154e-05, 0.000339900900144, 1.22747553633e-06, 2.16770922634e-06, 2.72457015171e-07, 6.6828800982e-07, 6.91223860372e-08, 1.03308302641e-05, 4.66588790005e-06, 1.92107836483e-06, 1.07401115201e-06, 8.38162486616e-06, 5.05842808707e-06, 3.71169539903e-06, 1.12211710075e-05, 2.03770377993e-06],
        "dmean2": [1.83805425991e-07, 5.45844341104e-06, 7.49171067582e-06, 2.30465138884e-05, 0.000164431010489, 0.000105306098703, 2.30994337471e-05, 7.37230075174e-05, 0.00249298708513, 0.00101003760938, 6.0869668232e-05, 3.07587724819e-05, 0.000533276994247, 2.2264330255e-06, 2.89412696475e-06, 4.86818123591e-07, 1.03230638615e-06, 1.08916417219e-07, 1.77403580892e-05, 4.79931350128e-06, 3.26829990627e-06, 1.78872278411e-06, 1.31826955112e-05, 7.25955578673e-06, 5.88979128224e-06, 1.75018849404e-05, 2.98133249999e-06],
        "dvar": [2.66686070335e-14, 7.40134481481e-11, 1.85188309132e-10, 2.58550114651e-09, 1.3287021261e-07, 3.79149405205e-08, 2.25258478537e-09, 2.15408331172e-08, 5.26228031958e-05, 1.19488222481e-05, 1.74030869715e-08, 3.90706000886e-09, 7.95491359895e-07, 8.47173286384e-12, 2.95631331915e-11, 6.93997268507e-13, 6.50444498609e-12, 4.12230098418e-14, 1.13855713746e-09, 1.14810119745e-10, 3.00551632193e-11, 1.58097059749e-11, 7.92772847369e-10, 4.20973145232e-10, 1.30850663638e-10, 2.42248798799e-09, 6.60819454712e-11],
        "dvar2": [6.57636651299e-14, 2.13058723442e-10, 4.64362909236e-10, 7.51461293191e-09, 3.85971816286e-07, 1.00625499044e-07, 5.45817790965e-09, 5.75148675352e-08, 3.83443621104e-05, 1.17450908874e-05, 3.19276622918e-08, 1.04211821395e-08, 2.03768126994e-06, 2.03462368481e-11, 3.99553966302e-11, 1.83071309848e-12, 1.44897765661e-11, 1.06788743701e-13, 2.59881982601e-09, 1.89135693218e-10, 5.77311254357e-11, 4.13542360078e-11, 1.32043365131e-09, 9.54625933858e-10, 3.16616732832e-10, 5.25284704622e-09, 1.09830936013e-10],
        "max": [1.18056209431e-06, 5.5709737353e-05, 9.10722010303e-05, 0.000310125324177, 0.0022603678517, 0.00127174379304, 0.000373895163648, 0.00101565592922, 0.0754902660847, 0.025338517502, 0.000975838804152, 0.000437988113845, 0.00731330318376, 1.81706855074e-05, 3.51486014551e-05, 5.29636827196e-06, 1.83062329597e-05, 1.30774969875e-06, 0.000244415248744, 0.000125349222799, 4.61852796434e-05, 2.8218360967e-05, 0.000232315433095, 0.000148542123497, 8.42646550154e-05, 0.000333392847097, 6.09921080468e-05],
        "mean": [1.05266977357e-07, 2.93130688078e-06, 3.80093274543e-06, 8.12334565126e-06, 6.04223605478e-05, 4.82597424707e-05, 1.81778250408e-05, 5.02205839439e-05, 0.00677057728171, 0.00127709715161, 5.30845572939e-05, 1.81075320143e-05, 0.000795005413238, 2.29199645219e-06, 4.43956560048e-06, 4.64911266818e-07, 9.67614710135e-07, 8.1497162796e-08, 1.98611924134e-05, 1.01105961221e-05, 4.40091889686e-06, 1.01962359622e-06, 1.48603312482e-05, 4.57410442323e-06, 7.19550916983e-06, 1.14977665362e-05, 2.46589343078e-06],
        "median": [4.83504862814e-08, 1.08192148218e-06, 4.28707380706e-07, 1.78708660314e-07, 3.61346735644e-07, 6.62128201157e-08, 7.70171553199e-08, 2.36432402545e-08, 1.46353658081e-08, 1.00112620416e-08, 9.0615452919e-09, 7.7887225558e-09, 6.46894848799e-09, 6.07406436259e-09, 5.41240874341e-09, 3.59920226956e-09, 2.70851741035e-09, 2.88647639124e-09, 4.29131397084e-09, 5.10704056822e-09, 4.13009626499e-09, 3.23739746122e-09, 3.64179730816e-09, 3.81728204601e-09, 4.45618741907e-09, 7.32523064428e-09, 2.282069822e-08],
        "min": [4.13753775165e-13, 1.95732725817e-13, 8.6251413455e-14, 5.16219215269e-14, 6.38180209633e-13, 4.75331904913e-13, 2.75578984545e-13, 2.98899522754e-13, 3.991238221e-13, 1.72767453555e-12, 1.72983675994e-12, 8.3495374243e-13, 2.30886121853e-12, 3.57429689145e-13, 2.48773657924e-12, 1.50556140905e-12, 1.23886827446e-12, 2.24448042617e-12, 2.93359997752e-12, 5.70422572024e-12, 6.77105940761e-12, 8.02685522217e-12, 2.10657984112e-11, 4.63924072769e-11, 7.95698854028e-11, 2.67674465926e-10, 8.58612825283e-09],
        "var": [3.95686935095e-14, 5.46519704492e-11, 1.63514549123e-10, 1.58230484271e-09, 8.4348194207e-08, 3.09010310673e-08, 3.18713944125e-09, 2.78015370725e-08, 0.000355262309313, 2.26175034186e-05, 2.76650116149e-08, 3.67195474027e-09, 3.15074862556e-06, 2.16833426214e-11, 9.16554193653e-11, 1.25070277485e-12, 9.35284402009e-12, 5.10202164262e-14, 2.76819789313e-09, 6.42996600408e-10, 1.27422433716e-10, 1.51431193973e-11, 2.05560501954e-09, 4.33465541239e-10, 3.61691065986e-10, 2.62800936568e-09, 1.0076819934e-10]
    },
    "erbbands": {
        "dmean": [6.24484237051e-05, 0.00080864521442, 0.004013301339, 0.0196965560317, 0.222032099962, 0.239628106356, 0.564892709255, 0.328031033278, 0.185848578811, 0.439259201288, 15.3100881577, 69.9041595459, 23.7858886719, 10.0151777267, 1.88063085079, 2.79724788666, 16.5428028107, 0.718292474747, 0.0373891368508, 0.147892162204, 0.0219005737454, 0.034845944494, 0.0231487378478, 0.561205685139, 0.187019094825, 0.276666194201, 0.0660761371255, 0.0571796260774, 0.0497493222356, 0.104488022625, 0.386579453945, 0.14962336421, 0.0426478646696, 0.0502858869731, 0.0270668696612, 0.0386148244143, 0.025537757203, 0.0039994828403, 0.00038257666165, 3.00990705e-05],
        "dmean2": [0.000107215862954, 0.00148324097972, 0.00639561284333, 0.0363716520369, 0.42492890358, 0.446460127831, 1.01780235767, 0.541028797626, 0.300089806318, 0.733021974564, 20.0407409668, 63.2938804626, 27.0984706879, 10.9091711044, 2.84964370728, 4.26668310165, 26.3537368774, 1.14719581604, 0.0579310692847, 0.198430687189, 0.0359090864658, 0.0532602109015, 0.036683883518, 0.940001487732, 0.306684970856, 0.283808976412, 0.10705435276, 0.0869434326887, 0.0811713635921, 0.180391505361, 0.577521204948, 0.206788808107, 0.0630200505257, 0.0566257759929, 0.0488719157875, 0.0626595839858, 0.0390039719641, 0.00638304231688, 0.000553767313249, 4.05870341638e-05],
        "dvar": [1.65962301679e-08, 6.00605426371e-06, 0.000124277241412, 0.00603180611506, 0.90059119463, 0.99411034584, 3.76998972893, 0.938696742058, 0.323950111866, 1.91018188, 2003.42370605, 34605.65625, 7898.22705078, 1443.4921875, 36.1445655823, 51.5283660889, 1857.16259766, 3.47194576263, 0.0101208509877, 0.135884702206, 0.00454193679616, 0.0177319925278, 0.00526395346969, 3.36951684952, 0.319719612598, 0.39958640933, 0.042315389961, 0.0296060238034, 0.0267388429493, 0.156594902277, 1.51006066799, 0.310361355543, 0.0239122509956, 0.0198244154453, 0.0136980665848, 0.0299406927079, 0.0119296405464, 0.000306736357743, 2.31395597439e-06, 1.29863240161e-08],
        "dvar2": [4.22862171945e-08, 1.71800802491e-05, 0.000297059421428, 0.0171640478075, 2.69470524788, 2.81505537033, 10.4636545181, 2.33186340332, 0.750740945339, 4.23852348328, 2203.31811523, 26673.2988281, 8258.43847656, 1366.32629395, 66.4122695923, 120.757987976, 4923.0625, 9.05512142181, 0.016467794776, 0.189017727971, 0.0125372307375, 0.0427430719137, 0.0111441677436, 7.28469371796, 0.810152947903, 0.662566721439, 0.088757045567, 0.0420200899243, 0.0748707801104, 0.395625978708, 2.67447781563, 0.66767090559, 0.0491807498038, 0.0386474318802, 0.0274594835937, 0.0653612166643, 0.0261955987662, 0.00079790916061, 3.97787744078e-06, 2.73231552939e-08],
        "max": [0.000911384006031, 0.0158473961055, 0.0760162770748, 0.489827692509, 5.65992593765, 6.40609836578, 12.139755249, 6.77881717682, 4.52236938477, 9.90514755249, 436.043884277, 1942.20275879, 662.598266602, 276.180480957, 42.337688446, 59.6224822998, 340.732330322, 14.5322408676, 0.768606722355, 2.34778428078, 0.451812744141, 0.953045427799, 0.640677750111, 13.1832885742, 4.09783029556, 7.40634489059, 1.51297795773, 1.71944916248, 1.13717675209, 2.93600225449, 10.2822780609, 4.34409618378, 1.25851273537, 1.50911343098, 0.792784333229, 1.14573359489, 0.748874306679, 0.119900740683, 0.01141681429, 0.000884670240339],
        "mean": [6.51838563499e-05, 0.000772490689997, 0.0036467097234, 0.0144087057561, 0.14058367908, 0.175909876823, 0.401879906654, 0.300863206387, 0.259911924601, 1.06132996082, 41.1913261414, 169.243087769, 41.666431427, 14.9539270401, 2.66205215454, 7.22396039963, 36.4733963013, 1.6261909008, 0.129487320781, 0.301240622997, 0.0391265042126, 0.0489832423627, 0.0457841046154, 1.13699197769, 0.360068738461, 0.60168659687, 0.138069868088, 0.1501930058, 0.068042807281, 0.124485321343, 0.624066352844, 0.155260309577, 0.0613427087665, 0.0936902612448, 0.0428049229085, 0.0371941514313, 0.0264216717333, 0.00406439322978, 0.000418918643845, 3.73895418306e-05],
        "median": [2.32117872656e-05, 0.00023458499345, 0.000570510514081, 0.00069752568379, 0.00119700119831, 0.000810857047327, 0.000551758625079, 0.000658474687953, 0.000868073257152, 0.000754317443352, 0.000490663980599, 0.000355897820555, 0.000344638130628, 0.000330124021275, 0.000374048075173, 0.00031716376543, 0.000311453419272, 0.000325949222315, 0.000294633122394, 0.000234671737417, 0.000184428718057, 0.000160788738867, 0.000167880949448, 0.00017063501582, 0.000251473364187, 0.000252494035522, 0.000204319745535, 0.000144002289744, 0.000109907632577, 0.000113617505122, 9.50253670453e-05, 7.48865786591e-05, 6.25937245786e-05, 4.86788703711e-05, 3.58291290468e-05, 2.19894809561e-05, 1.4264701349e-05, 7.68764402892e-06, 2.81576581074e-06, 4.03199265975e-07],
        "min": [5.75387047036e-12, 2.54741783223e-11, 7.84334541759e-11, 4.02686411993e-10, 9.81815850842e-10, 2.34340569172e-09, 4.56067272836e-09, 2.2646691189e-09, 2.03881933558e-09, 8.20170598104e-09, 6.7036411977e-09, 1.31136541626e-08, 4.05066309384e-08, 3.42305064294e-08, 5.36083959446e-08, 4.53965007807e-08, 9.20349449984e-08, 4.54557564922e-08, 8.31461193229e-08, 1.36884253266e-07, 7.32125968739e-08, 8.2570913662e-08, 1.19622498573e-07, 9.84940413673e-08, 1.91141921846e-07, 2.93572668397e-07, 2.37888585275e-07, 3.1367721931e-07, 2.89449019419e-07, 4.12959906271e-07, 7.33386400498e-07, 7.31357488348e-07, 8.43907457693e-07, 1.05782032733e-06, 4.24203904004e-07, 1.70686604406e-07, 4.9246943945e-07, 1.09060999876e-06, 7.16071440365e-07, 1.67628797954e-07],
        "var": [1.6856526841e-08, 4.49195749752e-06, 0.000123310979689, 0.00401811301708, 0.524196505547, 0.687844872475, 2.632127285, 0.98153835535, 0.568459570408, 6.52926683426, 12546.7666016, 224590.140625, 16188.4296875, 2708.24853516, 54.8547935486, 247.456680298, 6664.47558594, 12.6649246216, 0.0649675428867, 0.421457290649, 0.00758151896298, 0.0230141598731, 0.0141292726621, 9.03224277496, 0.813547253609, 2.26268315315, 0.114820756018, 0.160457566381, 0.0398478135467, 0.183904364705, 3.73217868805, 0.382798105478, 0.0401766896248, 0.0721659883857, 0.0198532026261, 0.0299127642065, 0.0132582448423, 0.000293874763884, 3.24424286191e-06, 1.62082969268e-08]
    },
    "gfcc": {
        "mean": [-426.684082031, 48.3428611755, -57.6700553894, -0.958512604237, -41.8361625671, 5.74694013596, -14.3981523514, 0.777118444443, -21.8252925873, 0.900134205818, -10.406835556, -8.72841835022, -13.5729761124],
        "cov": [[47747.4179688, 5337.20263672, -7636.52832031, -4746.61914062, -5862.11767578, 469.855316162, 546.440002441, 919.884094238, -2362.91894531, 67.7748336792, -551.092346191, -1479.45776367, -1503.62731934], [5337.20263672, 2449.25317383, -412.893035889, 148.405136108, -293.564788818, -45.3083305359, -4.08117961884, 61.215045929, -273.846801758, 6.3330321312, -240.692779541, -229.100357056, -82.760017395], [-7636.52832031, -412.893035889, 1931.39526367, 1281.74841309, 1140.94091797, -155.909912109, -332.602905273, -252.798599243, 373.224975586, 32.9327011108, 50.3881111145, 371.046417236, 167.055374146], [-4746.61914062, 148.405136108, 1281.74841309, 1046.66442871, 817.312316895, -94.7161102295, -216.350524902, -145.869537354, 244.98248291, 26.2333641052, -7.04128026962, 214.66053772, 116.033622742], [-5862.11767578, -293.564788818, 1140.94091797, 817.312316895, 884.185913086, -63.8651542664, -118.261703491, -142.664001465, 276.962005615, -27.075717926, 29.3501205444, 222.953536987, 203.494827271], [469.855316162, -45.3083305359, -155.909912109, -94.7161102295, -63.8651542664, 39.3024330139, 50.3002281189, 33.8012237549, -19.6679878235, -6.01355886459, 3.06733417511, -24.8999385834, -14.2996463776], [546.440002441, -4.08117961884, -332.602905273, -216.350524902, -118.261703491, 50.3002281189, 137.933425903, 71.1935806274, -20.9399967194, -13.4183492661, 4.2294254303, -80.1198959351, 7.4746966362], [919.884094238, 61.215045929, -252.798599243, -145.869537354, -142.664001465, 33.8012237549, 71.1935806274, 76.7623748779, -22.4933071136, 12.4343442917, -7.35796785355, -58.130947113, -29.0658874512], [-2362.91894531, -273.846801758, 373.224975586, 244.98248291, 276.962005615, -19.6679878235, -20.9399967194, -22.4933071136, 160.079025269, 15.063791275, 30.1960144043, 71.4468078613, 61.5808296204], [67.7748336792, 6.3330321312, 32.9327011108, 26.2333641052, -27.075717926, -6.01355886459, -13.4183492661, 12.4343442917, 15.063791275, 44.6649398804, 9.14574050903, -4.26121664047, -25.9502086639], [-551.092346191, -240.692779541, 50.3881111145, -7.04128026962, 29.3501205444, 3.06733417511, 4.2294254303, -7.35796785355, 30.1960144043, 9.14574050903, 60.019405365, 34.5911369324, 9.08333206177], [-1479.45776367, -229.100357056, 371.046417236, 214.66053772, 222.953536987, -24.8999385834, -80.1198959351, -58.130947113, 71.4468078613, -4.26121664047, 34.5911369324, 121.301521301, 44.2011260986], [-1503.62731934, -82.760017395, 167.055374146, 116.033622742, 203.494827271, -14.2996463776, 7.4746966362, -29.0658874512, 61.5808296204, -25.9502086639, 9.08333206177, 44.2011260986, 105.738815308]],
        "icov": [[0.00134362687822, -0.00206448347308, 0.00134262000211, 0.000194848907995, 0.00559072382748, -0.00762205850333, 0.00357754901052, -0.00122212083079, 0.00355322821997, 0.000814583385363, 0.00100113207009, -0.00551559124142, 0.00312701473013], [-0.00206448347308, 0.0049900887534, -0.000234097140492, -0.00377599871717, -0.00840293429792, 0.0188461709768, -0.00899563822895, 0.00145401235204, -0.00168407568708, -0.00243223714642, 0.00230881595053, 0.00745950033888, -0.00411518895999], [0.00134262000211, -0.000234097140492, 0.015532697551, -0.0065514552407, -0.00490564061329, 0.0156979113817, -0.00182403123472, 0.00447597261518, 0.00515342690051, -0.00730462139472, 0.00618867343292, -0.0179309491068, 0.0166515931487], [0.000194848907995, -0.00377599871717, -0.0065514552407, 0.016397902742, -0.00767591223121, -0.0165252368897, 0.0159839298576, -0.0068415524438, -0.00353435147554, -0.00115674117114, -0.00589981907979, 0.00770903332159, 0.000757255475037], [0.00559072382748, -0.00840293429792, -0.00490564061329, -0.00767591223121, 0.0527148023248, -0.0523900315166, 0.00513663422316, 0.0043395133689, 0.00615290598944, 0.0147391166538, 0.00725700194016, -0.0229410957545, -0.00960677862167], [-0.00762205850333, 0.0188461709768, 0.0156979113817, -0.0165252368897, -0.0523900315166, 0.169878453016, -0.0674941018224, -0.00455547403544, 0.00241206842475, -0.0103905946016, 0.0115893902257, -0.00574624026194, 0.0244656894356], [0.00357754901052, -0.00899563822895, -0.00182403123472, 0.0159839298576, 0.00513663422316, -0.0674941018224, 0.0793759003282, -0.0327126644552, 0.000135625901748, 0.0169469099492, -0.026400398463, 0.0291880741715, -0.0102952718735], [-0.00122212083079, 0.00145401235204, 0.00447597261518, -0.0068415524438, 0.0043395133689, -0.00455547403544, -0.0327126644552, 0.0607035309076, -0.0160240754485, -0.0199097432196, 0.0153645100072, -0.0116188935935, 0.00220983033068], [0.00355322821997, -0.00168407568708, 0.00515342690051, -0.00353435147554, 0.00615290598944, 0.00241206842475, 0.000135625901748, -0.0160240754485, 0.0400462560356, -0.00862983800471, 0.00538690946996, -0.0168903637677, 0.0101741878316], [0.000814583385363, -0.00243223714642, -0.00730462139472, -0.00115674117114, 0.0147391166538, -0.0103905946016, 0.0169469099492, -0.0199097432196, -0.00862983800471, 0.05376432091, -0.0188065823168, 0.0145709039643, -0.000206587093999], [0.00100113207009, 0.00230881595053, 0.00618867343292, -0.00589981907979, 0.00725700194016, 0.0115893902257, -0.026400398463, 0.0153645100072, 0.00538690946996, -0.0188065823168, 0.0468617156148, -0.0332688055933, 0.00855983234942], [-0.00551559124142, 0.00745950033888, -0.0179309491068, 0.00770903332159, -0.0229410957545, -0.00574624026194, 0.0291880741715, -0.0116188935935, -0.0168903637677, 0.0145709039643, -0.0332688055933, 0.0829407945275, -0.0330095924437], [0.00312701473013, -0.00411518895999, 0.0166515931487, 0.000757255475037, -0.00960677862167, 0.0244656894356, -0.0102952718735, 0.00220983033068, 0.0101741878316, -0.000206587093999, 0.00855983234942, -0.0330095924437, 0.053784083575]]
    },
    "melbands": {
        "dmean": [6.75104161019e-07, 1.79493247288e-06, 8.91043055162e-06, 1.83872434718e-05, 1.6715239326e-05, 8.21623234515e-06, 2.95199629363e-06, 4.74077523904e-06, 0.000255910097621, 0.000374268332962, 0.000129732623463, 5.79222250963e-05, 5.79006609769e-06, 2.43028352997e-06, 3.2923744584e-05, 2.03622803383e-05, 1.50454368963e-07, 5.24525667345e-08, 1.46964978853e-07, 1.19910879448e-07, 2.36231194606e-08, 4.03287110373e-08, 2.94366948594e-08, 2.33303731889e-09, 5.36576919785e-07, 2.71454013046e-07, 1.43477990378e-07, 1.76507100491e-07, 3.2470094169e-08, 3.67746544327e-08, 4.999448322e-08, 2.0024225833e-08, 3.38549988044e-08, 8.03144715178e-08, 2.27162686883e-07, 1.18683281869e-07, 8.66703260272e-08, 4.29921520606e-08, 3.39627135304e-08, 3.83048686103e-08],
        "dmean2": [1.26354746044e-06, 2.99019961858e-06, 1.68735623447e-05, 3.50945338141e-05, 2.99550083582e-05, 1.39416915772e-05, 4.74495845992e-06, 8.24326707516e-06, 0.00028788196505, 0.000339324382367, 0.000150407620822, 6.00129569648e-05, 9.090781532e-06, 3.11766825689e-06, 5.09876881551e-05, 3.30215116264e-05, 2.75583346365e-07, 6.71009559028e-08, 1.93427567297e-07, 1.55494959131e-07, 4.57786697439e-08, 6.73447075883e-08, 4.07077891396e-08, 3.93491550454e-09, 8.97111874565e-07, 4.85996281441e-07, 1.37282043511e-07, 1.89307655774e-07, 5.23860315127e-08, 6.60636843008e-08, 6.98467061966e-08, 3.3382303144e-08, 5.68272220391e-08, 1.41232774808e-07, 3.29508139885e-07, 1.85714327472e-07, 1.30162533196e-07, 5.7978873258e-08, 4.16919831991e-08, 4.38263398905e-08],
        "dvar": [3.49306629628e-12, 2.71455236761e-11, 1.42409839476e-09, 6.19439299854e-09, 3.34372063371e-09, 6.33536834105e-10, 8.61788834738e-11, 3.00037911183e-10, 5.13925101586e-07, 9.90959279079e-07, 2.40279263153e-07, 4.94619563085e-08, 3.7508282591e-10, 6.41087113951e-11, 7.51786721764e-09, 2.83186207817e-09, 1.45143445873e-13, 1.32992549875e-14, 1.35428872435e-13, 8.42711588445e-14, 1.0842024266e-14, 2.54574651154e-14, 9.44031264022e-15, 5.86840440074e-17, 3.08349071103e-12, 8.02671134854e-13, 1.30714964677e-13, 1.52503267718e-13, 8.83361512736e-15, 1.85957545478e-14, 2.50534625869e-14, 3.56452216512e-15, 1.66192489051e-14, 8.65151456335e-14, 4.98066919739e-13, 1.68590117452e-13, 1.28658978545e-13, 2.55696139717e-14, 9.26319635689e-15, 1.21778291051e-14],
        "dvar2": [9.74445697743e-12, 6.95443980181e-11, 4.20078372088e-09, 1.82125265979e-08, 9.1951157799e-09, 1.6065309083e-09, 2.03161168444e-10, 8.02801602973e-10, 4.61671561425e-07, 7.65393224356e-07, 2.43860654336e-07, 4.55267894495e-08, 7.36929628431e-10, 1.29994973119e-10, 1.8348103481e-08, 7.69288366342e-09, 3.53973550775e-13, 2.77861941626e-14, 1.79038953259e-13, 1.2270666796e-13, 3.13832178289e-14, 6.83368360272e-14, 1.85669960851e-14, 1.41007983479e-16, 6.61662218071e-12, 2.00616411504e-12, 1.58828503192e-13, 3.08748306869e-13, 1.86529682352e-14, 3.86553582112e-14, 3.20368053917e-14, 9.61583988975e-15, 4.37967939909e-14, 2.34364665262e-13, 9.03416772814e-13, 3.04697022821e-13, 2.67390276587e-13, 5.40766162318e-14, 1.8080301118e-14, 2.37454150174e-14],
        "max": [1.25102860693e-05, 3.48477915395e-05, 0.000227101467317, 0.000484334683279, 0.00036727701081, 0.000172630898305, 7.33279812266e-05, 0.000122318990179, 0.00727590825409, 0.0104139139876, 0.00361419375986, 0.00162470631767, 0.000137560942676, 6.52164962958e-05, 0.000738048227504, 0.000404947437346, 2.29252941608e-06, 9.79764763542e-07, 2.44087345891e-06, 1.91262824956e-06, 6.52132825962e-07, 1.08197980353e-06, 8.39057065605e-07, 4.87860098985e-08, 1.25788301375e-05, 6.50699621474e-06, 4.31997341366e-06, 4.17410092268e-06, 6.8070778525e-07, 8.93997594176e-07, 1.49548634454e-06, 3.91536616462e-07, 9.04390219603e-07, 2.02875298783e-06, 6.00812018092e-06, 3.19015316563e-06, 2.55085069512e-06, 1.24982534544e-06, 1.01867215108e-06, 1.1494832961e-06],
        "mean": [7.16803185696e-07, 1.62012952387e-06, 5.88411785429e-06, 1.24037678688e-05, 1.21394396047e-05, 7.2645389082e-06, 3.72408408111e-06, 5.24418192072e-06, 0.000667717773467, 0.000905791355763, 0.000187062600162, 8.15486055217e-05, 7.38562766855e-06, 2.83175108962e-06, 8.23683294584e-05, 4.26143888035e-05, 2.82025752085e-07, 1.00390977309e-07, 3.01777419054e-07, 2.41613832941e-07, 2.15407212067e-08, 4.45869048349e-08, 4.50922108541e-08, 2.99348523747e-09, 1.09351140054e-06, 4.69425174288e-07, 3.21901438838e-07, 3.55568630539e-07, 5.75208751741e-08, 6.07142709441e-08, 1.17437323865e-07, 3.08648679948e-08, 3.15709201004e-08, 7.52420845629e-08, 3.59158377705e-07, 1.90427982716e-07, 7.95693537725e-08, 4.38152731874e-08, 6.58463008563e-08, 6.84714720478e-08],
        "median": [2.6297894351e-07, 3.1360073649e-07, 1.46550007685e-07, 8.82066188979e-08, 2.04891748012e-08, 1.56213673108e-08, 1.42256517677e-08, 7.6177526509e-09, 4.01936040006e-09, 2.06526196145e-09, 1.63279123555e-09, 1.32022170973e-09, 1.25894084047e-09, 8.84798123657e-10, 7.20890847017e-10, 6.35160202211e-10, 5.7162541367e-10, 4.91937657277e-10, 3.67449376482e-10, 2.49128967456e-10, 2.1679405493e-10, 1.67008309959e-10, 1.38705227859e-10, 1.40303227369e-10, 1.38804259753e-10, 1.83166162793e-10, 1.87160439924e-10, 1.5951852339e-10, 1.30073243843e-10, 1.0434518527e-10, 7.70022517971e-11, 6.48826339877e-11, 6.32889504693e-11, 6.52414719471e-11, 5.46076274477e-11, 5.10138771503e-11, 4.81035211664e-11, 4.34157258755e-11, 4.1492812658e-11, 4.09607313345e-11],
        "min": [1.10644878134e-13, 3.5636912258e-14, 8.0541293307e-14, 1.05072078967e-13, 1.44924816505e-13, 6.07370192552e-14, 3.72595766632e-14, 8.42452531889e-14, 6.06844218973e-14, 6.55006038015e-14, 2.09756636973e-13, 1.24473402505e-13, 2.03676973291e-13, 1.42052466795e-13, 1.68355347024e-13, 2.20839446448e-13, 5.90179353955e-14, 8.96289878254e-14, 2.14833088385e-13, 1.16182372967e-13, 8.20996780759e-14, 9.4963750405e-14, 8.19582710075e-14, 9.84135123112e-14, 7.41368433115e-14, 1.10399753575e-13, 1.57221281892e-13, 1.71301829058e-13, 1.49277983095e-13, 1.90307107096e-13, 1.58567671255e-13, 1.56399199147e-13, 1.65659952661e-13, 2.47227531416e-13, 3.74013130579e-13, 5.08712104559e-13, 4.23169799982e-13, 5.50036253523e-13, 7.62616586634e-13, 9.98410338779e-13],
        "var": [2.80469722967e-12, 2.40499391235e-11, 8.44177783232e-10, 3.87643650512e-09, 2.40011521768e-09, 6.10295758374e-10, 1.32911917583e-10, 3.07573883029e-10, 3.38418385581e-06, 6.44751662549e-06, 4.66528405241e-07, 9.19542770816e-08, 5.44580269768e-10, 9.08064040628e-11, 3.3542789879e-08, 9.14407483066e-09, 3.41232223684e-13, 4.90848477857e-14, 4.22642986147e-13, 2.70203212019e-13, 7.56924650589e-15, 2.34655773545e-14, 1.89795282355e-14, 7.36637290354e-17, 8.35528694842e-12, 1.5722797413e-12, 7.13436796619e-13, 7.6994573911e-13, 2.08174542058e-14, 2.9849898459e-14, 1.18723065233e-13, 7.50469327795e-15, 1.53723588085e-14, 7.96015542977e-14, 1.23529431042e-12, 3.59790539375e-13, 1.41383446292e-13, 3.19807250343e-14, 3.49766704044e-14, 3.99951881509e-14]
    },
    "mfcc": {
        "mean": [-1017.83782959, 69.4085769653, 31.8865089417, 12.6149234772, 0.888249874115, 5.50017642975, 10.4005823135, 1.96674525738, -0.29677093029, 6.81656122208, 1.44988441467, -1.96648347378, -1.00311470032],
        "cov": [[23304.0117188, 4685.86083984, -2348.61865234, -4609.27685547, -4876.64013672, -1470.06555176, 1104.56054688, -591.311279297, -1021.36651611, 1228.8157959, -26.460943222, -769.367553711, -297.852874756], [4685.86083984, 1577.7857666, -492.158233643, -836.997192383, -982.709960938, -278.615203857, 308.868255615, -79.7248687744, -86.8269729614, 324.670257568, -53.2447242737, -266.681732178, -136.49836731], [-2348.61865234, -492.158233643, 703.680480957, 730.709594727, 710.659179688, 214.240661621, -179.324371338, 51.3828353882, 34.3932228088, -216.194244385, 14.719499588, 165.683105469, 74.6930389404], [-4609.27685547, -836.997192383, 730.709594727, 1096.87304688, 1115.4230957, 350.500335693, -236.239654541, 133.412612915, 180.350128174, -289.746612549, -0.576489210129, 186.063461304, 70.8159332275], [-4876.64013672, -982.709960938, 710.659179688, 1115.4230957, 1187.96350098, 373.48336792, -261.511901855, 160.176895142, 178.98487854, -331.251861572, -19.1034755707, 217.277542114, 76.9867858887], [-1470.06555176, -278.615203857, 214.240661621, 350.500335693, 373.48336792, 139.234436035, -53.1256332397, 60.2896881104, 57.315738678, -94.6479263306, -8.97023105621, 62.0624160767, 23.1396903992], [1104.56054688, 308.868255615, -179.324371338, -236.239654541, -261.511901855, -53.1256332397, 119.861740112, -18.1559848785, -13.1021280289, 106.131156921, 5.52902698517, -70.3880386353, -24.9585666656], [-591.311279297, -79.7248687744, 51.3828353882, 133.412612915, 160.176895142, 60.2896881104, -18.1559848785, 63.1393051147, 40.620059967, -30.8818759918, -8.72383213043, 20.6085643768, -0.253945678473], [-1021.36651611, -86.8269729614, 34.3932228088, 180.350128174, 178.98487854, 57.315738678, -13.1021280289, 40.620059967, 104.423698425, -3.97462844849, 15.1044950485, 2.69379329681, -3.44110178947], [1228.8157959, 324.670257568, -216.194244385, -289.746612549, -331.251861572, -94.6479263306, 106.131156921, -30.8818759918, -3.97462844849, 143.445388794, 36.8687324524, -80.1483917236, -22.8387699127], [-26.460943222, -53.2447242737, 14.719499588, -0.576489210129, -19.1034755707, -8.97023105621, 5.52902698517, -8.72383213043, 15.1044950485, 36.8687324524, 54.0312728882, 7.48810863495, 17.7942771912], [-769.367553711, -266.681732178, 165.683105469, 186.063461304, 217.277542114, 62.0624160767, -70.3880386353, 20.6085643768, 2.69379329681, -80.1483917236, 7.48810863495, 81.2326126099, 37.3557472229], [-297.852874756, -136.49836731, 74.6930389404, 70.8159332275, 76.9867858887, 23.1396903992, -24.9585666656, -0.253945678473, -3.44110178947, -22.8387699127, 17.7942771912, 37.3557472229, 28.8730430603]],
