{
"lowlevel": {
    "average_loudness": 0.99068403244,
    "barkbands_crest": {
        "dmean": 2.46605992317,
        "dmean2": 4.06363201141,
        "dvar": 3.64991235733,
        "dvar2": 9.33127975464,
        "max": 17.9116649628,
        "mean": 11.2465591431,
        "median": 11.37403965,
        "min": 5.69376707077,
        "var": 6.92041397095
    },
    "barkbands_flatness_db": {
        "dmean": 0.0199258532375,
        "dmean2": 0.0302339661866,
        "dvar": 0.000351581460563,
        "dvar2": 0.000677780713886,
        "max": 0.371653348207,
        "mean": 0.233787789941,
        "median": 0.220842912793,
        "min": 0.140614286065,
        "var": 0.00283177639358
    },
    "barkbands_kurtosis": {
        "dmean": 3.70149755478,
        "dmean2": 6.31853532791,
        "dvar": 18.6220989227,
        "dvar2": 53.3542709351,
        "max": 37.4437179565,
        "mean": 14.5157804489,
        "median": 17.6361618042,
        "min": -0.409505605698,
        "var": 160.102600098
    },
    "barkbands_skewness": {
        "dmean": 0.479304134846,
        "dmean2": 0.775615096092,
        "dvar": 0.178118675947,
        "dvar2": 0.354094386101,
        "max": 4.7843914032,
        "mean": 2.05254077911,
        "median": 2.43047142029,
        "min": -0.666686892509,
        "var": 2.51334476471
    },
    "barkbands_spread": {
        "dmean": 0.887544512749,
        "dmean2": 1.4443949461,
        "dvar": 0.867976486683,
        "dvar2": 2.53178143501,
        "max": 12.4568014145,
        "mean": 4.71911430359,
        "median": 3.70094656944,
        "min": 1.53389203548,
        "var": 6.95407533646
    },
    "dissonance": {
        "dmean": 0.0329851657152,
        "dmean2": 0.0534558780491,
        "dvar": 0.000649818044621,
        "dvar2": 0.00140011182521,
        "max": 0.495001316071,
        "mean": 0.412784099579,
        "median": 0.419661164284,
        "min": 0.241578072309,
        "var": 0.00244516087696
    },
    "dynamic_complexity": 3.34370875359,
    "erbbands_crest": {
        "dmean": 2.73042011261,
        "dmean2": 4.36072635651,
        "dvar": 5.21922683716,
        "dvar2": 11.7046928406,
        "max": 26.0661220551,
        "mean": 14.8124065399,
        "median": 14.4786758423,
        "min": 6.24436712265,
        "var": 26.9274864197
    },
    "erbbands_flatness_db": {
        "dmean": 0.0210341569036,
        "dmean2": 0.0314247384667,
        "dvar": 0.0003923959448,
        "dvar2": 0.00070166378282,
        "max": 0.434449583292,
        "mean": 0.258938580751,
        "median": 0.24764084816,
        "min": 0.146609991789,
        "var": 0.002825319767
    },
    "erbbands_kurtosis": {
        "dmean": 2.72527742386,
        "dmean2": 4.45103645325,
        "dvar": 7.64535427094,
        "dvar2": 25.2845344543,
        "max": 24.3912563324,
        "mean": 7.58283138275,
        "median": 4.84381580353,
        "min": 0.0749819278717,
        "var": 46.0751800537
    },
    "erbbands_skewness": {
        "dmean": 0.425310224295,
        "dmean2": 0.701307058334,
        "dvar": 0.108439072967,
        "dvar2": 0.283588021994,
        "max": 4.10448169708,
        "mean": 1.684720397,
        "median": 1.88836252689,
        "min": -0.960687160492,
        "var": 2.33985233307
    },
    "erbbands_spread": {
        "dmean": 3.21835398674,
        "dmean2": 5.03003263474,
        "dvar": 15.5980052948,
        "dvar2": 29.3051147461,
        "max": 46.4286346436,
        "mean": 12.2649755478,
        "median": 9.72373867035,
        "min": 3.16862034798,
        "var": 54.3125801086
    },
    "hfc": {
        "dmean": 3.48537492752,
        "dmean2": 5.58397579193,
        "dvar": 73.2935256958,
        "dvar2": 143.621688843,
        "max": 75.1830215454,
        "mean": 8.11759471893,
        "median": 6.13454771042,
        "min": 1.87908530235,
        "var": 121.086128235
    },
    "melbands_crest": {
        "dmean": 2.75554251671,
        "dmean2": 4.54621267319,
        "dvar": 4.3044757843,
        "dvar2": 11.1353063583,
        "max": 22.1436729431,
        "mean": 12.3226890564,
        "median": 12.352391243,
        "min": 5.80963277817,
        "var": 12.7665138245
    },
    "melbands_flatness_db": {
        "dmean": 0.0199266113341,
        "dmean2": 0.0301477387547,
        "dvar": 0.000353129609721,
        "dvar2": 0.0006716925418,
        "max": 0.467065632343,
        "mean": 0.327448785305,
        "median": 0.317294418812,
        "min": 0.223834320903,
        "var": 0.00346466852352
    },
    "melbands_kurtosis": {
        "dmean": 3.79770994186,
        "dmean2": 6.57111501694,
        "dvar": 17.0447406769,
        "dvar2": 44.2834701538,
        "max": 35.5311203003,
        "mean": 13.2458238602,
        "median": 14.9926738739,
        "min": -1.28431856632,
        "var": 143.742553711
    },
    "melbands_skewness": {
        "dmean": 0.462071835995,
        "dmean2": 0.718923032284,
        "dvar": 0.185976177454,
        "dvar2": 0.378024309874,
        "max": 4.13542795181,
        "mean": 1.62997376919,
        "median": 1.49527812004,
        "min": -0.777740597725,
        "var": 1.41672360897
    },
    "melbands_spread": {
        "dmean": 1.29425418377,
        "dmean2": 2.20810961723,
        "dvar": 2.34657788277,
        "dvar2": 5.534968853,
        "max": 16.5937690735,
        "mean": 6.94639396667,
        "median": 4.86492872238,
        "min": 2.23921203613,
        "var": 20.0391082764
    },
    "pitch_salience": {
        "dmean": 0.0587464869022,
        "dmean2": 0.0928892567754,
        "dvar": 0.0029393627774,
        "dvar2": 0.00703409593552,
        "max": 0.830856204033,
        "mean": 0.602545559406,
        "median": 0.613952100277,
        "min": 0.40336766839,
        "var": 0.00758618116379
    },
    "silence_rate_20dB": {
        "dmean": 0,
        "dmean2": 0,
        "dvar": 0,
        "dvar2": 0,
        "max": 1,
        "mean": 1,
        "median": 1,
        "min": 1,
        "var": 0
    },
    "silence_rate_30dB": {
        "dmean": 0.0250000003725,
        "dmean2": 0.0506329126656,
        "dvar": 0.0243750028312,
        "dvar2": 0.0480692274868,
        "max": 1,
        "mean": 0.975308656693,
        "median": 1,
        "min": 0,
        "var": 0.0240816902369
    },
    "silence_rate_60dB": {
        "dmean": 0,
        "dmean2": 0,
        "dvar": 0,
        "dvar2": 0,
        "max": 0,
        "mean": 0,
        "median": 0,
        "min": 0,
        "var": 0
    },
    "spectral_centroid": {
        "dmean": 53.5510749817,
        "dmean2": 80.2869186401,
        "dvar": 2866.04125977,
        "dvar2": 6313.11132812,
        "max": 924.156066895,
        "mean": 535.423706055,
        "median": 475.672851562,
        "min": 303.745025635,
        "var": 21346.9667969
    },
    "spectral_complexity": {
        "dmean": 1.5,
        "dmean2": 2.48101258278,
        "dvar": 2.40000009537,
        "dvar2": 4.70533752441,
        "max": 20,
        "mean": 8.59259223938,
        "median": 8,
        "min": 4,
        "var": 10.1673517227
    },
    "spectral_decrease": {
        "dmean": 1.56716828403e-09,
        "dmean2": 2.450544212e-09,
        "dvar": 1.07086396783e-17,
        "dvar2": 2.15589489257e-17,
        "max": -1.1646068554e-09,
        "mean": -4.29644986255e-09,
        "median": -3.2548403972e-09,
        "min": -2.93653403816e-08,
        "var": 1.93139823976e-17
    },
    "spectral_energy": {
        "dmean": 0.00623023416847,
        "dmean2": 0.009750245139,
        "dvar": 0.000171748964931,
        "dvar2": 0.0003449524811,
        "max": 0.117650285363,
        "mean": 0.0169520489872,
        "median": 0.012768371962,
        "min": 0.00458625843748,
        "var": 0.00030779952067
    },
    "spectral_energyband_high": {
        "dmean": 3.47785203303e-06,
        "dmean2": 5.41460167369e-06,
        "dvar": 2.95699471853e-11,
        "dvar2": 6.65502167263e-11,
        "max": 5.53443096578e-05,
        "mean": 1.44539480971e-05,
        "median": 1.48085027831e-05,
        "min": 9.61609316619e-07,
        "var": 5.90631363262e-11
    },
    "spectral_energyband_low": {
        "dmean": 0.000458661757875,
        "dmean2": 0.000851162243634,
        "dvar": 1.67359394254e-06,
        "dvar2": 5.04441914018e-06,
        "max": 0.00926843192428,
        "mean": 0.000718053837772,
        "median": 0.00037990428973,
        "min": 5.50993499928e-05,
        "var": 1.5344936628e-06
    },
    "spectral_energyband_middle_high": {
        "dmean": 0.00174323562533,
        "dmean2": 0.00292901950888,
        "dvar": 2.76542705251e-05,
        "dvar2": 5.68807445234e-05,
        "max": 0.0386377722025,
        "mean": 0.00242617190816,
        "median": 0.000289489806164,
        "min": 0.000104684921098,
        "var": 3.89821034332e-05
    },
    "spectral_energyband_middle_low": {
        "dmean": 0.0047915619798,
        "dmean2": 0.00764524703845,
        "dvar": 8.1896512711e-05,
        "dvar2": 0.000165453515365,
        "max": 0.079820536077,
        "mean": 0.0143542131409,
        "median": 0.00878536980599,
        "min": 0.0030334405601,
        "var": 0.000175476103323
    },
    "spectral_entropy": {
        "dmean": 0.165641784668,
        "dmean2": 0.251495540142,
        "dvar": 0.0237770825624,
        "dvar2": 0.0508958436549,
        "max": 7.47031450272,
        "mean": 6.5398349762,
        "median": 6.67705869675,
        "min": 5.55766677856,
        "var": 0.209589079022
    },
    "spectral_flux": {
        "dmean": 0.0171780325472,
        "dmean2": 0.0247730445117,
        "dvar": 0.000629056245089,
        "dvar2": 0.00103611801751,
        "max": 0.280195653439,
        "mean": 0.0510118082166,
        "median": 0.0399009026587,
        "min": 0.0167473647743,
        "var": 0.00178769906051
    },
    "spectral_kurtosis": {
        "dmean": 7.63813018799,
        "dmean2": 11.9109516144,
        "dvar": 273.009643555,
        "dvar2": 788.814880371,
        "max": 167.384277344,
        "mean": 19.9595012665,
        "median": 11.9964141846,
        "min": 3.22240829468,
        "var": 569.589782715
    },
    "spectral_rms": {
        "dmean": 0.000659911951516,
        "dmean2": 0.00106098118704,
        "dvar": 8.83906409399e-07,
        "dvar2": 1.81053417236e-06,
        "max": 0.0107135782018,
        "mean": 0.00377434282564,
        "median": 0.00352944014594,
        "min": 0.00211527734064,
        "var": 2.2929214083e-06
    },
    "spectral_rolloff": {
        "dmean": 42.7972412109,
        "dmean2": 77.1379318237,
        "dvar": 7586.87402344,
        "dvar2": 15255.7070312,
        "max": 1012.06054688,
        "mean": 609.84161377,
        "median": 516.796875,
        "min": 387.59765625,
        "var": 55044.140625
    },
    "spectral_skewness": {
        "dmean": 0.51085627079,
        "dmean2": 0.824959754944,
        "dvar": 0.685788571835,
        "dvar2": 1.96996438503,
        "max": 10.3135375977,
        "mean": 2.98063611984,
        "median": 2.51053476334,
        "min": 1.26199543476,
        "var": 2.13393139839
    },
    "spectral_spread": {
        "dmean": 300743.75,
        "dmean2": 487926.375,
        "dvar": 104494309376,
        "dvar2": 184749785088,
        "max": 4115386,
        "mean": 2594562.5,
        "median": 2686882.25,
        "min": 567233.6875,
        "var": 446170693632
    },
    "spectral_strongpeak": {
        "dmean": 0.609896242619,
        "dmean2": 0.951262056828,
        "dvar": 0.526425182819,
        "dvar2": 1.19889712334,
        "max": 5.22365570068,
        "mean": 1.40419614315,
        "median": 1.17364621162,
        "min": 0.221660628915,
        "var": 0.939924895763
    },
    "zerocrossingrate": {
        "dmean": 0.00328979501501,
        "dmean2": 0.00430800020695,
        "dvar": 5.47613899471e-06,
        "dvar2": 1.15995744636e-05,
        "max": 0.04345703125,
        "mean": 0.0267891585827,
        "median": 0.02490234375,
        "min": 0.0078125,
        "var": 6.3606275944e-05
    },
    "barkbands": {
        "dmean": [2.79628693534e-06, 7.42124248063e-05, 0.000123632504256, 0.00100181507878, 0.00106605468318, 0.00136603752617, 0.00111571291927, 0.00142541190144, 0.000675734539982, 0.000615334080067, 0.00105694169179, 0.000371803791495, 3.3589436498e-05, 2.82868804788e-05, 1.0279093658e-05, 2.58193040281e-06, 1.59824539878e-05, 2.91523542728e-06, 4.73661202705e-06, 6.51059872325e-06, 2.04214438781e-06, 6.21378205778e-07, 2.01143649292e-07, 1.24960109815e-07, 8.44369196784e-08, 1.25092952885e-07, 2.31887469226e-07],
        "dmean2": [4.58188287666e-06, 0.000109124266601, 0.000217641689233, 0.00156959588639, 0.0018366688164, 0.00225246883929, 0.00178817391861, 0.00176291435491, 0.00115445349365, 0.000999987008981, 0.00157522002701, 0.000678441370837, 5.89052579016e-05, 4.43061289843e-05, 1.73617463588e-05, 4.49973640571e-06, 2.85637906927e-05, 5.12296446686e-06, 7.95838604972e-06, 1.07250371002e-05, 3.41722625308e-06, 1.08852657377e-06, 3.31287481004e-07, 1.89729192357e-07, 1.17943940836e-07, 1.93658181047e-07, 4.14499425005e-07],
        "dvar": [4.59360292859e-11, 6.7364185341e-09, 1.47282918306e-07, 4.12335111832e-06, 8.18218552467e-07, 2.12197528526e-06, 5.11418920723e-06, 1.40868050948e-05, 8.68042934599e-06, 7.57571115173e-06, 4.80147718918e-06, 2.76324180959e-06, 6.2151457314e-09, 8.00814348167e-09, 3.49697770741e-10, 6.85058173383e-12, 6.8458694269e-10, 6.73611947472e-12, 2.59750606441e-11, 2.90187207597e-10, 7.29316173426e-12, 1.41033994379e-12, 3.62256719847e-13, 8.74750236981e-14, 3.36546925311e-14, 3.66871077517e-14, 5.16817864275e-14],
        "dvar2": [5.01422584009e-11, 1.20675371917e-08, 4.26776807672e-07, 1.05825538412e-05, 1.59573096425e-06, 6.51593563816e-06, 1.30472781166e-05, 1.74318156496e-05, 2.3283297196e-05, 1.35803347803e-05, 1.21060511447e-05, 7.85058364272e-06, 1.73411489612e-08, 1.89402005191e-08, 9.41242306318e-10, 1.57521148902e-11, 2.08736028462e-09, 1.81435352853e-11, 8.06411951104e-11, 7.65021046512e-10, 1.52352297444e-11, 3.76374148861e-12, 9.68120332165e-13, 1.70288371078e-13, 3.93740453382e-14, 5.92311911866e-14, 1.33505335151e-13],
        "max": [6.23248997726e-05, 0.000599228835199, 0.00285288947634, 0.0154770957306, 0.0088874772191, 0.00965973734856, 0.0173602569848, 0.0439576245844, 0.0226570516825, 0.0219244509935, 0.0141058359295, 0.0116928629577, 0.000503815128468, 0.000742925330997, 0.000107070431113, 2.07981956919e-05, 0.000191571263713, 1.88314061234e-05, 4.25039324909e-05, 0.00012950762175, 2.69463707809e-05, 1.05664203147e-05, 4.51176856586e-06, 2.236733053e-06, 1.92152128875e-06, 1.97254348677e-06, 2.83049052996e-06],
        "mean": [2.81132452074e-06, 0.000129808933707, 0.00016918386973, 0.00198847218417, 0.00227883062325, 0.00327922566794, 0.00266137951985, 0.00317317433655, 0.000784777745139, 0.000735928711947, 0.00129951967392, 0.000263884488959, 4.42034106527e-05, 3.69583576685e-05, 1.31949418574e-05, 6.86289649821e-06, 3.68580294889e-05, 9.44552994042e-06, 1.38023342515e-05, 1.20055856314e-05, 6.34009575151e-06, 1.7476437506e-06, 4.06942689324e-07, 2.7774902378e-07, 2.84299176201e-07, 4.5356460987e-07, 1.48424464896e-06],
        "median": [1.63248716945e-06, 8.55809339555e-05, 9.28521913011e-05, 0.000751226092689, 0.00186700420454, 0.00246909609996, 0.000523750903085, 0.00085851107724, 0.000148674778757, 7.49352766434e-05, 4.34517642134e-05, 2.21413210966e-05, 2.46666641033e-05, 1.24238758872e-05, 6.21621029495e-06, 6.78692322253e-06, 3.26317785948e-05, 9.72031921265e-06, 1.38458426591e-05, 9.10488324735e-06, 6.28596762908e-06, 1.7156295371e-06, 3.42465341419e-07, 2.28847625294e-07, 2.65342094963e-07, 4.38414502923e-07, 1.66277061453e-06],
        "min": [2.85486265739e-08, 4.36771188106e-06, 1.67001308e-05, 2.78017214441e-05, 0.000420686119469, 0.000400471617468, 2.06697623071e-05, 7.78993417043e-05, 7.04777858118e-06, 8.67075505084e-06, 7.1366175689e-06, 5.73578836338e-06, 7.5360367191e-06, 3.12223710353e-06, 9.81979383141e-07, 3.41136370707e-07, 1.73634919065e-06, 6.79406468862e-07, 1.04967796233e-06, 4.75814374568e-07, 3.52128239456e-07, 1.51315532548e-07, 2.20708393783e-08, 1.87889455106e-08, 2.22860343513e-08, 1.18732232934e-08, 1.18801700921e-07],
        "var": [4.80838147077e-11, 1.56659289985e-08, 1.09495147171e-07, 1.17861800391e-05, 2.839816716e-06, 5.1926604101e-06, 1.47089231177e-05, 5.04435993207e-05, 6.77553680362e-06, 1.04234932223e-05, 7.02823444954e-06, 1.70078874362e-06, 5.5786872899e-09, 8.23329315836e-09, 3.9825759357e-10, 1.30498285789e-11, 6.45531683663e-10, 1.70271800132e-11, 5.3235374442e-11, 2.50125004042e-10, 1.48636068731e-11, 1.53660948982e-12, 2.67391306579e-13, 9.23392018772e-14, 4.79865272681e-14, 7.27753564334e-14, 3.32919049316e-13]
    },
    "erbbands": {
        "dmean": [0.000728550250642, 0.0218010861427, 0.116802178323, 1.54028403759, 3.69690752029, 3.59402918816, 7.3572769165, 13.2294054031, 22.9449005127, 13.0996494293, 36.8946418762, 15.1134519577, 15.8709697723, 35.5866317749, 22.5199108124, 13.3592319489, 1.93100905418, 1.80754125118, 1.14205622673, 0.106129184365, 0.222623497248, 0.988952517509, 0.178967684507, 0.21141269803, 0.278116166592, 0.279971808195, 0.0901137888432, 0.0697168335319, 0.0260312594473, 0.00987058598548, 0.00449304142967, 0.00337397051044, 0.00180634541903, 0.00101457850542, 0.000668556836899, 0.000540138571523, 0.00024328721338, 9.8538097518e-05, 3.36454577337e-05, 9.25687527342e-06],
        "dmean2": [0.00117724074516, 0.0323398783803, 0.209143728018, 2.59935832024, 5.58340644836, 6.52995824814, 12.7445640564, 21.3743476868, 37.0252189636, 23.8734416962, 46.3062210083, 22.9435348511, 23.2339305878, 56.6552047729, 36.0188751221, 24.0334243774, 3.34031963348, 3.07019686699, 1.89484536648, 0.176571503282, 0.384294688702, 1.75216889381, 0.307244509459, 0.366872429848, 0.463751286268, 0.470916360617, 0.156450241804, 0.118574045599, 0.0440337583423, 0.0170250274241, 0.00711783068255, 0.00551529834047, 0.00268923374824, 0.00148932042066, 0.00091803970281, 0.000782028539106, 0.000375172763597, 0.000167170073837, 6.04562737863e-05, 1.50866890181e-05],
        "dvar": [4.20620153818e-07, 0.000644244428258, 0.104503393173, 12.9297914505, 37.2595596313, 8.51461696625, 86.5110931396, 193.402435303, 1847.45336914, 2521.44018555, 12638.6777344, 3426.70751953, 4326.8828125, 12257.8955078, 2210.55615234, 3724.546875, 54.8080024719, 23.5160064697, 6.25432395935, 0.0478979982436, 0.164596006274, 2.12520122528, 0.061199426651, 0.039646063, 0.185863077641, 0.467036664486, 0.0120392534882, 0.0152564449236, 0.00162176485173, 0.00113400281407, 0.000143313169247, 6.6358159529e-05, 2.00140893867e-05, 4.98778445035e-06, 1.67936468642e-06, 8.62726096784e-07, 9.87589601209e-08, 1.03878825541e-08, 7.65068175479e-10, 2.11983458565e-10],
        "dvar2": [1.04497041775e-06, 0.00125659490004, 0.308906108141, 37.8635978699, 50.1793823242, 26.4281044006, 279.874786377, 564.337280273, 4799.62402344, 7121.63427734, 19057.0898438, 8026.49121094, 7942.85351562, 24604.3710938, 6170.27490234, 10507.7851562, 146.438186646, 58.0452804565, 16.0499420166, 0.118614912033, 0.453306943178, 6.51673078537, 0.180141612887, 0.0996054261923, 0.480425566435, 1.21166741848, 0.030307136476, 0.0289307460189, 0.00397993298247, 0.00311260600574, 0.000352851551725, 0.000149243845954, 3.85717939935e-05, 6.21443768978e-06, 2.05030778488e-06, 1.50274354382e-06, 1.4237836865e-07, 2.2333852101e-08, 2.19847251515e-09, 5.07972219843e-10],
        "max": [0.00476230448112, 0.172654539347, 2.39972162247, 23.2183189392, 62.2873802185, 18.4895973206, 63.7842216492, 112.296409607, 320.673309326, 394.351623535, 1222.8125, 497.305603027, 570.553588867, 871.596862793, 251.954742432, 438.769256592, 56.9237632751, 35.9803962708, 18.9283428192, 1.85146296024, 3.26934576035, 10.5155134201, 2.00219941139, 1.75238120556, 3.41228318214, 5.28254032135, 0.917849361897, 1.10341048241, 0.40208736062, 0.258829921484, 0.0912517607212, 0.0641782134771, 0.0314760692418, 0.0226596537977, 0.0134380655363, 0.00812525954098, 0.00371672143228, 0.0012307636207, 0.000325273227645, 0.000138830495416],
        "mean": [0.0013885460794, 0.038249604404, 0.20412363112, 2.77799320221, 8.5004529953, 6.27017211914, 16.0118904114, 29.1124019623, 53.6528244019, 24.8702983856, 71.7239685059, 21.2112731934, 18.0942630768, 43.4726486206, 29.254611969, 10.3590936661, 2.25438189507, 2.31620526314, 1.53605127335, 0.243521228433, 0.578105688095, 2.27025556564, 0.612689375877, 0.727282226086, 0.64623272419, 0.551504313946, 0.281235814095, 0.210066214204, 0.0771601423621, 0.020144995302, 0.0105543155223, 0.00642749620602, 0.00454172072932, 0.00325065967627, 0.00205404195003, 0.00146719813347, 0.000902580970433, 0.000425816397183, 0.000174492408405, 4.69534570584e-05],
        "median": [0.0012508162763, 0.0273560658097, 0.115471504629, 1.07871258259, 3.52765440941, 5.38886547089, 15.0712709427, 21.1749649048, 16.4190387726, 14.4365882874, 18.9386405945, 5.35656881332, 3.03703141212, 3.45968461037, 1.22596132755, 0.908433258533, 0.956882715225, 0.945164203644, 0.628402173519, 0.175162672997, 0.539839029312, 1.96260380745, 0.632306814194, 0.769755661488, 0.600027441978, 0.453308671713, 0.288690745831, 0.209213241935, 0.0764462798834, 0.0172331500798, 0.0091513460502, 0.00515050953254, 0.0039648078382, 0.00307716149837, 0.00191395625006, 0.00125597417355, 0.000907574198209, 0.000444929522928, 0.000183797135833, 4.43220815214e-05],
        "min": [7.72101338953e-05, 0.00192258879542, 0.0178172867745, 0.0728722587228, 0.471107512712, 1.2213768959, 2.52541780472, 3.43199896812, 1.77097856998, 0.978405356407, 2.43381023407, 0.343389093876, 0.127364948392, 0.40189665556, 0.180426776409, 0.232429265976, 0.312490522861, 0.168020516634, 0.106336198747, 0.0236838459969, 0.0387101396918, 0.0984868705273, 0.0457588732243, 0.059776365757, 0.0370573066175, 0.0226070582867, 0.0160603504628, 0.0114562362432, 0.00640809256583, 0.00153084087651, 0.000721909629647, 0.000334342272254, 0.000365492043784, 0.000289882038487, 0.000153425979079, 0.000103707192466, 3.20544640999e-05, 2.03535964829e-05, 2.56158036791e-05, 2.01038692467e-05],
        "var": [9.72120460574e-07, 0.00142895313911, 0.0877321437001, 22.6296215057, 202.620681763, 13.184876442, 106.211097717, 443.355712891, 4928.01953125, 2044.4354248, 33329.109375, 3997.58642578, 5763.60595703, 16874.5097656, 3291.27539062, 2401.98242188, 41.5167274475, 23.737405777, 6.71398019791, 0.0553094893694, 0.15849815309, 2.23690485954, 0.0868952721357, 0.120449751616, 0.235580563545, 0.428838223219, 0.0221701618284, 0.0254677310586, 0.00241899350658, 0.000794996449258, 0.000121718207083, 6.29306814517e-05, 2.04924654099e-05, 6.75362207403e-06, 2.42032115239e-06, 1.29771626689e-06, 2.56010025623e-07, 3.58166083458e-08, 3.97740107516e-09, 2.70225036791e-10]
    },
    "gfcc": {
        "mean": [-100.026977539, 146.001525879, -100.238952637, -10.5301542282, -59.8808288574, -44.6040458679, -26.5514240265, -11.3798122406, -29.3807659149, -4.15000534058, -12.3989801407, -1.97016835213, -10.9497890472],
        "cov": [[411.946044922, -61.2810897827, -175.428726196, -77.2164230347, 44.5115203857, 93.5109100342, 54.2609786987, 14.9657516479, -46.7469558716, 3.92699432373, 35.8968544006, 94.3207397461, 81.6161346436], [-61.2810897827, 724.401428223, 55.3363952637, -397.02545166, -27.135635376, 169.481384277, 249.122848511, 85.9991989136, 23.9837741852, -140.302337646, -92.7209854126, -150.514007568, -57.4607124329], [-175.428726196, 55.3363952637, 380.525939941, 210.831939697, -40.9881973267, -123.654922485, -134.354827881, 20.3380699158, 94.7784881592, 60.8341445923, -12.2732181549, -64.7857818604, -104.904640198], [-77.2164230347, -397.02545166, 210.831939697, 442.697998047, 26.1848506927, -191.184371948, -241.939331055, -58.1649398804, 48.0113677979, 127.468215942, 53.7006111145, 50.4239578247, -34.2268676758], [44.5115203857, -27.135635376, -40.9881973267, 26.1848506927, 53.7961540222, 20.6204490662, -1.06437599659, -17.617603302, -18.6472473145, 0.834424972534, 3.11511564255, 14.9615383148, 9.27844810486], [93.5109100342, 169.481384277, -123.654922485, -191.184371948, 20.6204490662, 212.560821533, 174.215530396, 32.5558433533, -54.8613815308, -86.4543151855, -34.3466453552, -18.1734199524, 31.3200683594], [54.2609786987, 249.122848511, -134.354827881, -241.939331055, -1.06437599659, 174.215530396, 208.770065308, 43.1021842957, -51.1586837769, -98.1906204224, -36.2272758484, -25.9652290344, 35.4926567078], [14.9657516479, 85.9991989136, 20.3380699158, -58.1649398804, -17.617603302, 32.5558433533, 43.1021842957, 40.3605880737, 15.3640460968, -12.9425535202, -12.7247390747, -14.296628952, -5.04068374634], [-46.7469558716, 23.9837741852, 94.7784881592, 48.0113677979, -18.6472473145, -54.8613815308, -51.1586837769, 15.3640460968, 62.0127067566, 28.6228847504, -2.79188728333, -20.7034244537, -31.2219047546], [3.92699432373, -140.302337646, 60.8341445923, 127.468215942, 0.834424972534, -86.4543151855, -98.1906204224, -12.9425535202, 28.6228847504, 69.6468429565, 36.7241783142, 31.0723381042, -6.20023441315], [35.8968544006, -92.7209854126, -12.2732181549, 53.7006111145, 3.11511564255, -34.3466453552, -36.2272758484, -12.7247390747, -2.79188728333, 36.7241783142, 45.5068893433, 44.7203865051, 20.7469100952], [94.3207397461, -150.514007568, -64.7857818604, 50.4239578247, 14.9615383148, -18.1734199524, -25.9652290344, -14.296628952, -20.7034244537, 31.0723381042, 44.7203865051, 79.1992950439, 49.2463798523], [81.6161346436, -57.4607124329, -104.904640198, -34.2268676758, 9.27844810486, 31.3200683594, 35.4926567078, -5.04068374634, -31.2219047546, -6.20023441315, 20.7469100952, 49.2463798523, 58.1648178101]],
        "icov": [[0.00606496119872, -0.00515771051869, 0.00532569596544, -0.00341513217427, 0.0018418856198, -0.00538749760017, 0.00937937106937, -0.00967348739505, 0.00629158038646, -0.00629085861146, 0.00540462229401, -0.00839822925627, -0.00207501323894], [-0.00515771051869, 0.0340642556548, -0.031812351197, 0.0335921384394, -0.0338471494615, 0.0172454044223, -0.0421110615134, 0.029696026817, -0.0345525406301, 0.0232263747603, -0.0266691613942, 0.0193579550833, 0.00471503706649], [0.00532569596544, -0.031812351197, 0.0409114696085, -0.0373090468347, 0.0358641222119, -0.0163566414267, 0.0405493266881, -0.0382631458342, 0.0302357245237, -0.0188400391489, 0.0212501809001, -0.0149275688455, 0.00724006909877], [-0.00341513217427, 0.0335921384394, -0.0373090468347, 0.0442899502814, -0.0387748293579, 0.0155755504966, -0.0364742986858, 0.0362738221884, -0.0324590392411, 0.0140083096921, -0.0210464764386, 0.0114353848621, 0.00184389005881], [0.0018418856198, -0.0338471494615, 0.0358641222119, -0.0387748293579, 0.0681921988726, -0.0234620831907, 0.0343220345676, -0.0096793724224, 0.0322664454579, -0.0320791229606, 0.037804517895, -0.027498209849, 0.0095158983022], [-0.00538749760017, 0.0172454044223, -0.0163566414267, 0.0155755504966, -0.0234620831907, 0.0286097824574, -0.0332982987165, 0.00951075833291, -0.0125451181084, 0.0178785156459, -0.0139437168837, 0.0140130463988, 0.00202248967253], [0.00937937106937, -0.0421110615134, 0.0405493266881, -0.0364742986858, 0.0343220345676, -0.0332982987165, 0.102937310934, -0.0758730769157, 0.0553066879511, 0.00665744394064, 0.00939106103033, -0.00387014797889, -0.0297007001936], [-0.00967348739505, 0.029696026817, -0.0382631458342, 0.0362738221884, -0.0096793724224, 0.00951075833291, -0.0758730769157, 0.125472575426, -0.0625133663416, -0.0157826822251, 0.0107170036063, -0.0146420346573, 0.0221756324172], [0.00629158038646, -0.0345525406301, 0.0302357245237, -0.0324590392411, 0.0322664454579, -0.0125451181084, 0.0553066879511, -0.0625133663416, 0.083834528923, -0.0354787707329, 0.0270787421614, -0.00196276977658, -0.011866546236], [-0.00629085861146, 0.0232263747603, -0.0188400391489, 0.0140083096921, -0.0320791229606, 0.0178785156459, 0.00665744394064, -0.0157826822251, -0.0354787707329, 0.128971353173, -0.0812722072005, 0.0221960898489, 0.000996182789095], [0.00540462229401, -0.0266691613942, 0.0212501809001, -0.0210464764386, 0.037804517895, -0.0139437168837, 0.00939106103033, 0.0107170036063, 0.0270787421614, -0.0812722072005, 0.117356792092, -0.0624140314758, 0.00554338237271], [-0.00839822925627, 0.0193579550833, -0.0149275688455, 0.0114353848621, -0.027498209849, 0.0140130463988, -0.00387014797889, -0.0146420346573, -0.00196276977658, 0.0221960898489, -0.0624140314758, 0.106451079249, -0.0579062476754], [-0.00207501323894, 0.00471503706649, 0.00724006909877, 0.00184389005881, 0.0095158983022, 0.00202248967253, -0.0297007001936, 0.0221756324172, -0.011866546236, 0.000996182789095, 0.00554338237271, -0.0579062476754, 0.0971301347017]]
    },
    "melbands": {
        "dmean": [1.33375160658e-05, 4.55828740087e-05, 0.000369945249986, 0.000204475916689, 0.000241297719185, 0.000329783040797, 0.000297710183077, 0.000173427150003, 0.00027169456007, 8.34780730656e-05, 8.05378804216e-05, 0.000141681652167, 0.000109093496576, 4.52611093351e-05, 1.43514025694e-05, 3.42221255778e-06, 3.38890322382e-06, 2.26095130529e-06, 2.50582218086e-07, 1.53842208306e-07, 2.98525634435e-07, 1.14650072192e-06, 3.61108050129e-07, 1.19502317375e-07, 1.93176603602e-07, 2.02811548888e-07, 3.37234098424e-07, 1.43700759736e-07, 5.467066444e-08, 6.97988440379e-08, 4.01989126431e-08, 1.88794544442e-08, 8.3683477925e-09, 5.36856115119e-09, 2.73549849439e-09, 2.60782373473e-09, 1.95171012685e-09, 1.4301284601e-09, 9.71121960625e-10, 9.66931645863e-10],
        "dmean2": [2.02665651159e-05, 7.71313716541e-05, 0.000575238897, 0.000339793012245, 0.000416557188146, 0.000529703393113, 0.000478539674077, 0.000311184936436, 0.00031429916271, 0.00013458878675, 0.000115338312753, 0.000224410236115, 0.00017092381313, 8.2730599388e-05, 2.51928304351e-05, 6.06131789027e-06, 5.68032601223e-06, 3.74019100491e-06, 4.19324720724e-07, 2.63990841631e-07, 5.17474632034e-07, 2.06244749279e-06, 6.10931124356e-07, 2.10101561038e-07, 3.32261038238e-07, 3.44141284359e-07, 5.66074390917e-07, 2.42718783738e-07, 9.52364231921e-08, 1.18997988352e-07, 7.11882748305e-08, 3.28048415099e-08, 1.45190206524e-08, 9.14349751469e-09, 4.30859037337e-09, 4.30597513201e-09, 3.11959569288e-09, 2.15021689343e-09, 1.44763823151e-09, 1.43067746539e-09],
        "dvar": [1.94915278362e-10, 1.15355769381e-08, 5.27770794179e-07, 4.90640630346e-08, 7.84436835488e-08, 1.38417902917e-07, 2.92829867021e-07, 3.39144804684e-07, 6.93899778526e-07, 1.13843420024e-07, 1.12463411028e-07, 2.05085100902e-07, 5.03181531997e-08, 3.8975954908e-08, 4.37253655505e-09, 6.38784858342e-11, 8.76018563245e-11, 2.6431601699e-11, 2.73649457044e-13, 2.45655377279e-14, 3.20797425082e-13, 3.26199874404e-12, 2.34035528587e-13, 1.20023298077e-14, 3.20369985152e-14, 5.03519819697e-14, 7.17089148478e-13, 1.00367447914e-13, 4.17113878634e-15, 5.81604246507e-15, 4.96447704452e-15, 6.16091108251e-16, 4.51983503979e-16, 3.12393294835e-16, 3.67241788368e-17, 4.35832795901e-17, 1.64362028485e-17, 1.15370701607e-17, 4.51006497796e-18, 3.48483002981e-18],
        "dvar2": [3.61128710269e-10, 3.27415854429e-08, 1.24915220567e-06, 7.31139024879e-08, 2.52934626133e-07, 4.08667204965e-07, 7.62348292938e-07, 9.39935375754e-07, 1.01768682725e-06, 2.85715515247e-07, 2.14331379311e-07, 4.08142000197e-07, 1.29071310084e-07, 1.11642940226e-07, 1.19331593496e-08, 1.78714085197e-10, 2.14191511749e-10, 6.80971390388e-11, 7.16808719586e-13, 5.91476872905e-14, 8.76797061605e-13, 9.92733673044e-12, 6.96734716362e-13, 3.05786652781e-14, 8.40120819592e-14, 1.56117753816e-13, 1.90094749837e-12, 2.50909265153e-13, 1.10893256993e-14, 1.3994972275e-14, 9.12869176003e-15, 1.62148692351e-15, 1.23013673781e-15, 8.64066568065e-16, 8.75715666605e-17, 1.07142931269e-16, 3.46217007867e-17, 2.38167681861e-17, 6.63011234432e-18, 4.23176461036e-18],
        "max": [0.000106174607936, 0.000818006345071, 0.00581909157336, 0.00242158817127, 0.00181454152334, 0.00283950869925, 0.00411679316312, 0.00500302948058, 0.00912970211357, 0.00275533972308, 0.0029112896882, 0.00359066296369, 0.00124449003488, 0.00137272570282, 0.000491753162351, 4.8041849368e-05, 7.19761737855e-05, 3.93686386815e-05, 3.90920376958e-06, 1.28715407754e-06, 4.37571725342e-06, 1.27790399347e-05, 3.8391117414e-06, 7.22479740034e-07, 1.48353080931e-06, 1.72005240984e-06, 6.24760423307e-06, 2.52415247814e-06, 5.05494824665e-07, 6.55013366213e-07, 6.04946649219e-07, 2.33274761285e-07, 1.70585195747e-07, 1.3199083071e-07, 4.67907348423e-08, 4.98626135936e-08, 3.19776383151e-08, 2.36365416129e-08, 1.97380067846e-08, 1.91907201241e-08],
        "mean": [2.40638237301e-05, 7.81998169259e-05, 0.000782468821853, 0.000458224880276, 0.000524490140378, 0.000736727204639, 0.000697725161444, 0.000368896144209, 0.000523379654624, 0.000101857309346, 8.67653943715e-05, 0.00017095633666, 0.000146439095261, 3.25101682392e-05, 1.13145506475e-05, 4.32485603596e-06, 4.17626552007e-06, 2.96931989396e-06, 3.50549441919e-07, 3.95355414184e-07, 6.54132009004e-07, 2.56473731497e-06, 1.02715148387e-06, 3.8120609247e-07, 6.16798217834e-07, 5.60715136544e-07, 5.00112378177e-07, 3.12144976533e-07, 1.60709930697e-07, 1.66158656612e-07, 1.07123341309e-07, 5.04117423361e-08, 1.67004738927e-08, 8.70721184043e-09, 6.16863804481e-09, 4.79909667561e-09, 3.48962547747e-09, 3.23246096556e-09, 2.74541300804e-09, 2.75345657386e-09],
        "median": [1.77738438651e-05, 4.90450911457e-05, 0.000324414344504, 0.000314583827276, 0.00048871547915, 0.00048717361642, 0.000244141847361, 0.000155078436364, 0.000140174539411, 2.22083817789e-05, 1.20499425975e-05, 1.57319918799e-05, 4.99364068673e-06, 2.2815011107e-06, 2.10764301301e-06, 2.41589327743e-06, 1.70439886915e-06, 1.17617719297e-06, 1.94524588437e-07, 3.83863465458e-07, 6.02552745477e-07, 2.27023497246e-06, 9.73994247033e-07, 3.98992057171e-07, 6.62689330966e-07, 5.5905326235e-07, 3.53299100198e-07, 2.7017651405e-07, 1.79216542051e-07, 1.63407236187e-07, 9.8994441089e-08, 5.11736253372e-08, 1.47050203125e-08, 6.50709619521e-09, 5.45443423761e-09, 3.85582898943e-09, 2.66927657755e-09, 2.69384847762e-09, 2.47613063387e-09, 2.63291721758e-09],
        "min": [7.34142645342e-07, 6.90348042554e-06, 1.56023761519e-05, 9.31729737204e-05, 0.000111822337203, 7.28182712919e-05, 2.15478648897e-05, 1.08039130282e-05, 1.26835511765e-05, 9.0894997129e-07, 5.51289758732e-07, 1.58160582941e-06, 7.76471210884e-07, 3.36875217499e-07, 5.10559516442e-07, 5.06581159243e-07, 2.89744860993e-07, 1.61461628068e-07, 3.62574716917e-08, 2.25840270929e-08, 3.27046763005e-08, 1.08443913405e-07, 7.19671220395e-08, 3.35087761982e-08, 4.7745544407e-08, 4.12781204773e-08, 1.69535780969e-08, 1.06998543359e-08, 1.00772759026e-08, 7.91793741683e-09, 6.22779250392e-09, 3.82833054147e-09, 1.63725599744e-09, 4.10391165495e-10, 4.35044361646e-10, 2.26059532205e-10, 1.59874793959e-10, 2.06207370623e-10, 2.28941005043e-10, 2.40816311337e-10],
        "var": [4.54067589084e-10, 1.041581843e-08, 1.72890213435e-06, 2.58912251638e-07, 9.23707332845e-08, 3.46883240354e-07, 7.92173409536e-07, 4.61426594711e-07, 1.79039170689e-06, 1.07958953777e-07, 1.42959436289e-07, 2.78198797332e-07, 7.94190810893e-08, 2.36210624394e-08, 3.03437230897e-09, 5.75964692606e-11, 8.74007949347e-11, 2.76761304846e-11, 2.77027559963e-13, 4.5374054042e-14, 2.7577576724e-13, 3.16178160042e-12, 3.19344485751e-13, 2.8303028256e-14, 9.28678724091e-14, 9.05874970847e-14, 5.93085042883e-13, 1.03581802424e-13, 7.33959639213e-15, 1.0432280548e-14, 8.05852153535e-15, 9.31254174354e-16, 3.47255423938e-16, 2.12778646817e-16, 3.44246068078e-17, 3.59915681294e-17, 1.73828051805e-17, 1.13503523354e-17, 5.77438159293e-18, 4.80960031266e-18]
    },
    "mfcc": {
        "mean": [-758.61328125, 199.063720703, -3.86566758156, 32.6828918457, -26.0703392029, -21.7316150665, -6.93164873123, -15.0327529907, -11.3716964722, -17.3207893372, -4.16895103455, 1.27107656002, -6.96508359909],
        "cov": [[474.290924072, -19.0265903473, -262.685058594, -127.860656738, -63.3295211792, 65.7554855347, 96.2579345703, 66.4472503662, 18.0962677002, -15.0994567871, -86.1571426392, -28.9338378906, 41.793674469], [-19.0265903473, 763.011108398, 50.4738082886, -437.624847412, -154.759796143, -10.9428005219, 170.042663574, 190.302764893, 134.651031494, 80.7320709229, 27.3366756439, -22.7699356079, -73.5378189087], [-262.685058594, 50.4738082886, 360.90411377, 152.132492065, 84.4774017334, -53.8411483765, -102.970046997, -42.786857605, -11.5460329056, 39.0342330933, 81.7925949097, 55.3193740845, -5.8808760643], [-127.860656738, -437.624847412, 152.132492065, 469.88192749, 187.021514893, -37.7019844055, -202.861038208, -187.792251587, -110.126541138, -58.437664032, 44.6192359924, 61.211353302, 42.2122001648], [-63.3295211792, -154.759796143, 84.4774017334, 187.021514893, 117.179138184, 2.86081361771, -91.7328643799, -78.5668029785, -45.4008560181, -15.075963974, 32.8778419495, 32.9878616333, 12.3770904541], [65.7554855347, -10.9428005219, -53.8411483765, -37.7019844055, 2.86081361771, 69.8873825073, 59.1983261108, 38.5689506531, 10.5203962326, 7.08874797821, -26.2906303406, -17.1029644012, 0.418603241444], [96.2579345703, 170.042663574, -102.970046997, -202.861038208, -91.7328643799, 59.1983261108, 158.823028564, 112.090774536, 51.6050834656, 20.8512439728, -51.9060554504, -37.0019416809, -6.43104076385], [66.4472503662, 190.302764893, -42.786857605, -187.792251587, -78.5668029785, 38.5689506531, 112.090774536, 118.930603027, 65.5363769531, 33.4844589233, -27.4808750153, -25.2352294922, -14.9590015411], [18.0962677002, 134.651031494, -11.5460329056, -110.126541138, -45.4008560181, 10.5203962326, 51.6050834656, 65.5363769531, 57.9503288269, 27.0974273682, -6.33631658554, -14.3482465744, -19.9266777039], [-15.0994567871, 80.7320709229, 39.0342330933, -58.437664032, -15.075963974, 7.08874797821, 20.8512439728, 33.4844589233, 27.0974273682, 42.2903862, 10.4413118362, -3.42850422859, -14.0811357498], [-86.1571426392, 27.3366756439, 81.7925949097, 44.6192359924, 32.8778419495, -26.2906303406, -51.9060554504, -27.4808750153, -6.33631658554, 10.4413118362, 47.2864608765, 22.2796230316, -8.08199882507], [-28.9338378906, -22.7699356079, 55.3193740845, 61.211353302, 32.9878616333, -17.1029644012, -37.0019416809, -25.2352294922, -14.3482465744, -3.42850422859, 22.2796230316, 35.5096588135, 15.0185756683], [41.793674469, -73.5378189087, -5.8808760643, 42.2122001648, 12.3770904541, 0.418603241444, -6.43104076385, -14.9590015411, -19.9266777039, -14.0811357498, -8.08199882507, 15.0185756683, 34.1189193726]],
