{
"lowlevel": {
    "average_loudness": 0.820827543736,
    "barkbands_crest": {
        "dmean": 1.91191530228,
        "dmean2": 2.93445849419,
        "dvar": 6.23529195786,
        "dvar2": 13.3819103241,
        "max": 26.9471035004,
        "mean": 18.8107738495,
        "median": 21.8430519104,
        "min": 7.01181840897,
        "var": 54.6086616516
    },
    "barkbands_flatness_db": {
        "dmean": 0.0304176099598,
        "dmean2": 0.0379947982728,
        "dvar": 0.000994337373413,
        "dvar2": 0.00118124473374,
        "max": 0.625235974789,
        "mean": 0.361463218927,
        "median": 0.380161225796,
        "min": 0.116629339755,
        "var": 0.0303790848702
    },
    "barkbands_kurtosis": {
        "dmean": 63.3722991943,
        "dmean2": 97.3382110596,
        "dvar": 35985.6289062,
        "dvar2": 89537.2890625,
        "max": 1398.84912109,
        "mean": 86.0142440796,
        "median": 12.6118469238,
        "min": -0.538056135178,
        "var": 44199.6445312
    },
    "barkbands_skewness": {
        "dmean": 1.77972126007,
        "dmean2": 2.70884013176,
        "dvar": 12.4565439224,
        "dvar2": 31.2426948547,
        "max": 32.1428642273,
        "mean": 4.46904325485,
        "median": 2.46988654137,
        "min": -0.793208658695,
        "var": 29.2884311676
    },
    "barkbands_spread": {
        "dmean": 1.77917039394,
        "dmean2": 2.7484562397,
        "dvar": 11.537446022,
        "dvar2": 32.9992980957,
        "max": 32.7746505737,
        "mean": 5.56861877441,
        "median": 1.82248401642,
        "min": 0.032707426697,
        "var": 44.4348449707
    },
    "dissonance": {
        "dmean": 0.0494460165501,
        "dmean2": 0.0831691846251,
        "dvar": 0.00261724251322,
        "dvar2": 0.00716449320316,
        "max": 0.493724614382,
        "mean": 0.298821955919,
        "median": 0.301669031382,
        "min": 0.0557687692344,
        "var": 0.0167829059064
    },
    "dynamic_complexity": 11.1194829941,
    "erbbands_crest": {
        "dmean": 2.28321576118,
        "dmean2": 3.24254655838,
        "dvar": 6.30908632278,
        "dvar2": 15.5946950912,
        "max": 32.4025039673,
        "mean": 22.3105182648,
        "median": 23.1128997803,
        "min": 6.8105173111,
        "var": 53.8118362427
    },
    "erbbands_flatness_db": {
        "dmean": 0.0253343451768,
        "dmean2": 0.0316141843796,
        "dvar": 0.000765212113038,
        "dvar2": 0.000895391276572,
        "max": 0.620096564293,
        "mean": 0.366408765316,
        "median": 0.425760179758,
        "min": 0.0768908932805,
        "var": 0.0312000755221
    },
    "erbbands_kurtosis": {
        "dmean": 5.98265266418,
        "dmean2": 7.7077999115,
        "dvar": 87.5299453735,
        "dvar2": 133.986190796,
        "max": 94.6770629883,
        "mean": 15.1367683411,
        "median": 3.93151760101,
        "min": -0.771571874619,
        "var": 477.205871582
    },
    "erbbands_skewness": {
        "dmean": 0.572819173336,
        "dmean2": 0.701588749886,
        "dvar": 0.296955943108,
        "dvar2": 0.45854640007,
        "max": 6.61621522903,
        "mean": 2.283598423,
        "median": 1.51133549213,
        "min": -1.19252824783,
        "var": 2.99222159386
    },
    "erbbands_spread": {
        "dmean": 2.7984650135,
        "dmean2": 4.42221260071,
        "dvar": 31.0380325317,
        "dvar2": 82.0647659302,
        "max": 58.0824928284,
        "mean": 11.0824384689,
        "median": 4.26746606827,
        "min": 0.286635547876,
        "var": 185.676727295
    },
    "hfc": {
        "dmean": 2.78991556168,
        "dmean2": 3.13175940514,
        "dvar": 30.3954315186,
        "dvar2": 53.7333145142,
        "max": 63.6208343506,
        "mean": 12.8096075058,
        "median": 8.06428813934,
        "min": 0.0165719240904,
        "var": 222.370178223
    },
    "melbands_crest": {
        "dmean": 2.23826384544,
        "dmean2": 3.58309555054,
        "dvar": 6.95515966415,
        "dvar2": 18.0359210968,
        "max": 27.5709857941,
        "mean": 18.381860733,
        "median": 19.7127094269,
        "min": 7.91536092758,
        "var": 31.1949310303
    },
    "melbands_flatness_db": {
        "dmean": 0.0309719331563,
        "dmean2": 0.0382968522608,
        "dvar": 0.000910001399461,
        "dvar2": 0.00115107861347,
        "max": 0.693507730961,
        "mean": 0.437231421471,
        "median": 0.437806040049,
        "min": 0.214461296797,
        "var": 0.0245065800846
    },
    "melbands_kurtosis": {
        "dmean": 6.91930818558,
        "dmean2": 9.31332492828,
        "dvar": 100.263252258,
        "dvar2": 108.267578125,
        "max": 120.773223877,
        "mean": 22.4727649689,
        "median": 11.3530473709,
        "min": -1.19154191017,
        "var": 653.718383789
    },
    "melbands_skewness": {
        "dmean": 0.674257397652,
        "dmean2": 1.0394141674,
        "dvar": 0.41598790884,
        "dvar2": 0.671533823013,
        "max": 7.03266572952,
        "mean": 2.12866401672,
        "median": 1.85111570358,
        "min": -0.655983269215,
        "var": 2.32737994194
    },
    "melbands_spread": {
        "dmean": 2.03484129906,
        "dmean2": 2.82467865944,
        "dvar": 14.8510141373,
        "dvar2": 29.1821804047,
        "max": 43.3005218506,
        "mean": 6.37463998795,
        "median": 3.26999759674,
        "min": 0.281216859818,
        "var": 59.9321861267
    },
    "pitch_salience": {
        "dmean": 0.066890090704,
        "dmean2": 0.091096803546,
        "dvar": 0.00571046117693,
        "dvar2": 0.01314620208,
        "max": 0.860569596291,
        "mean": 0.341274231672,
        "median": 0.352016329765,
        "min": 0.0377987548709,
        "var": 0.0419730730355
    },
    "silence_rate_20dB": {
        "dmean": 0,
        "dmean2": 0,
        "dvar": 0,
        "dvar2": 0,
        "max": 1,
        "mean": 1,
        "median": 1,
        "min": 1,
        "var": 0
    },
    "silence_rate_30dB": {
        "dmean": 0,
        "dmean2": 0,
        "dvar": 0,
        "dvar2": 0,
        "max": 1,
        "mean": 1,
        "median": 1,
        "min": 1,
        "var": 0
    },
    "silence_rate_60dB": {
        "dmean": 0.0444444455206,
        "dmean2": 0.0898876413703,
        "dvar": 0.0424691289663,
        "dvar2": 0.0818079262972,
        "max": 1,
        "mean": 0.406593412161,
        "median": 0,
        "min": 0,
        "var": 0.24127496779
    },
    "spectral_centroid": {
        "dmean": 57.9804534912,
        "dmean2": 88.709815979,
        "dvar": 7544.61230469,
        "dvar2": 19421.8085938,
        "max": 1388.99475098,
        "mean": 695.224060059,
        "median": 688.709106445,
        "min": 355.361297607,
        "var": 22693.2265625
    },
    "spectral_complexity": {
        "dmean": 0.777777791023,
        "dmean2": 1.23595499992,
        "dvar": 3.59506201744,
        "dvar2": 5.68589830399,
        "max": 15,
        "mean": 2.32967042923,
        "median": 2,
        "min": 0,
        "var": 4.37483406067
    },
    "spectral_decrease": {
        "dmean": 9.80414194274e-10,
        "dmean2": 1.05638908732e-09,
        "dvar": 2.9783405165e-18,
        "dvar2": 4.98622901604e-18,
        "max": -9.4106293938e-12,
        "mean": -4.47438397444e-09,
        "median": -2.91748425418e-09,
        "min": -1.86393336321e-08,
        "var": 2.68002349477e-17
    },
    "spectral_energy": {
        "dmean": 0.00395224848762,
        "dmean2": 0.00426994683221,
        "dvar": 4.91265273013e-05,
        "dvar2": 8.25753668323e-05,
        "max": 0.0761194080114,
        "mean": 0.0180491637439,
        "median": 0.0117827840149,
        "min": 3.70210655092e-05,
        "var": 0.000435870431829
    },
    "spectral_energyband_high": {
        "dmean": 2.08091887544e-06,
        "dmean2": 1.7298077637e-06,
        "dvar": 4.73827088676e-11,
        "dvar2": 2.01452344389e-11,
        "max": 0.000127162158606,
        "mean": 4.48742957815e-06,
        "median": 9.05873207557e-07,
        "min": 1.93081262978e-07,
        "var": 2.81161788296e-10
    },
    "spectral_energyband_low": {
        "dmean": 1.69452487171e-05,
        "dmean2": 2.61937711912e-05,
        "dvar": 1.23130405871e-09,
        "dvar2": 2.01752459184e-09,
        "max": 0.000257180479821,
        "mean": 2.63367273874e-05,
        "median": 1.32443274197e-05,
        "min": 6.85263728428e-07,
        "var": 1.49980361464e-09
    },
    "spectral_energyband_middle_high": {
        "dmean": 0.0019782485906,
        "dmean2": 0.00280556548387,
        "dvar": 4.45936384494e-05,
        "dvar2": 8.28393676784e-05,
        "max": 0.0760805979371,
        "mean": 0.00406997697428,
        "median": 0.000290537514957,
        "min": 1.21715379464e-06,
        "var": 0.000146979960846
    },
    "spectral_energyband_middle_low": {
        "dmean": 0.00267845788039,
        "dmean2": 0.00234176125377,
        "dvar": 1.2102738765e-05,
        "dvar2": 1.09420370791e-05,
        "max": 0.0615160092711,
        "mean": 0.0141604840755,
        "median": 0.00543583743274,
        "min": 1.82286748895e-05,
        "var": 0.000355186813977
    },
    "spectral_entropy": {
        "dmean": 0.287504702806,
        "dmean2": 0.381885170937,
        "dvar": 0.132534459233,
        "dvar2": 0.160863339901,
        "max": 7.95424032211,
        "mean": 5.37145471573,
        "median": 5.22889375687,
        "min": 2.98207616806,
        "var": 2.5227534771
    },
    "spectral_flux": {
        "dmean": 0.0113315666094,
        "dmean2": 0.0164163876325,
        "dvar": 0.000446792953881,
        "dvar2": 0.00098792812787,
        "max": 0.174922525883,
        "mean": 0.0271902363747,
        "median": 0.01553947106,
        "min": 0.0029464433901,
        "var": 0.00112837855704
    },
    "spectral_kurtosis": {
        "dmean": 14.2756347656,
        "dmean2": 23.793182373,
        "dvar": 296.296020508,
        "dvar2": 990.768432617,
        "max": 192.37487793,
        "mean": 56.5373725891,
        "median": 38.7799263,
        "min": 1.80466079712,
        "var": 2489.52905273
    },
    "spectral_rms": {
        "dmean": 0.000465165358037,
        "dmean2": 0.000516879896168,
        "dvar": 5.10216864313e-07,
        "dvar2": 7.80394373123e-07,
        "max": 0.00861758925021,
        "mean": 0.00323557620868,
        "median": 0.00339048658498,
        "min": 0.000190047663637,
        "var": 7.13999725122e-06
    },
    "spectral_rolloff": {
        "dmean": 72.0166015625,
        "dmean2": 124.844192505,
        "dvar": 42351.0039062,
        "dvar2": 78816.8359375,
        "max": 1959.52148438,
        "mean": 749.639770508,
        "median": 667.529296875,
        "min": 215.33203125,
        "var": 92826.546875
    },
    "spectral_skewness": {
        "dmean": 0.731240928173,
        "dmean2": 1.17811775208,
        "dvar": 0.555656790733,
        "dvar2": 1.25179028511,
        "max": 12.1091985703,
        "mean": 5.65488100052,
        "median": 5.16167736053,
        "min": 1.55481898785,
        "var": 9.24396133423
    },
    "spectral_spread": {
        "dmean": 734296.6875,
        "dmean2": 1190248.75,
        "dvar": 1.98900475494e+12,
        "dvar2": 3.20668408218e+12,
        "max": 14719037,
        "mean": 3306845.25,
        "median": 2219108.5,
        "min": 612303,
        "var": 6.17785904333e+12
    },
    "spectral_strongpeak": {
        "dmean": 0.429686278105,
        "dmean2": 0.488423645496,
        "dvar": 0.796159505844,
        "dvar2": 1.24416148663,
        "max": 8.95942783356,
        "mean": 2.41841173172,
        "median": 2.21447205544,
        "min": 0.00458906125277,
        "var": 5.33502817154
    },
    "zerocrossingrate": {
        "dmean": 0.00336914067157,
        "dmean2": 0.0042354282923,
        "dvar": 3.20861072396e-05,
        "dvar2": 4.09049971495e-05,
        "max": 0.08349609375,
        "mean": 0.0396527312696,
        "median": 0.03466796875,
        "min": 0.00732421875,
        "var": 0.00018887736951
    },
    "barkbands": {
        "dmean": [6.53133099604e-07, 1.09050024548e-05, 8.62140404934e-06, 9.91817887552e-06, 9.64852079051e-05, 0.000136307688081, 2.81309676211e-05, 9.89351392491e-05, 0.00245904154144, 0.00187201437075, 4.99396519444e-05, 3.25359833369e-05, 0.000147325801663, 8.40494158183e-06, 8.79218168848e-06, 3.7939130948e-07, 2.98923708897e-07, 1.7376007122e-07, 3.65704494243e-07, 1.06975812741e-06, 3.2457333532e-07, 2.79859307284e-07, 1.53503236788e-07, 2.61364107246e-07, 3.14879002872e-07, 2.3702375529e-07, 1.06308014836e-07],
        "dmean2": [1.20999493447e-06, 1.82674666576e-05, 1.42718317875e-05, 1.35675782076e-05, 0.000138241535751, 0.000225153446081, 4.01638026233e-05, 0.000135310008773, 0.00203075818717, 0.00265400926583, 8.20908608148e-05, 5.07605946041e-05, 0.000183060590643, 1.05078979686e-05, 1.18683146866e-05, 5.51327218545e-07, 4.70953239073e-07, 1.96011313847e-07, 5.41326244274e-07, 1.05884350887e-06, 3.39490185297e-07, 3.11847344392e-07, 1.69475754319e-07, 3.95026205524e-07, 4.66604348048e-07, 3.71362943952e-07, 1.33016769155e-07],
        "dvar": [7.19733463366e-13, 2.03249431174e-10, 2.88127438575e-10, 1.97924832079e-09, 2.18199019741e-07, 6.48582727081e-07, 2.34843806624e-08, 3.20719692581e-07, 1.01913219623e-05, 4.5413398766e-05, 6.18127344865e-08, 2.70032547434e-08, 4.8790273155e-08, 1.79571058023e-09, 1.49757067858e-10, 1.38946059519e-12, 1.35100340203e-12, 1.67472058357e-12, 8.11255630815e-13, 2.1000413214e-11, 1.19405418712e-12, 1.76608879431e-12, 6.65210237154e-13, 1.08577968665e-12, 1.23477714598e-12, 6.79872824705e-13, 4.43551418467e-13],
        "dvar2": [2.0920828004e-12, 5.65034907751e-10, 5.61364787988e-10, 3.83525877723e-09, 5.07328024923e-07, 1.74776698714e-06, 5.65491973248e-08, 7.28070176592e-07, 8.11133031675e-06, 8.37964762468e-05, 1.66202312357e-07, 7.01697260297e-08, 5.9058294255e-08, 2.11035344755e-09, 3.01567826266e-10, 1.64180496455e-12, 2.88538854268e-12, 1.6801655553e-12, 1.34399230026e-12, 2.66564097184e-11, 5.66213037827e-13, 1.11381780535e-12, 5.11932943953e-13, 1.88258805246e-12, 1.99563282566e-12, 1.03640034922e-12, 4.44940471186e-13],
        "max": [4.19231810156e-06, 7.77889144956e-05, 0.000114666698209, 0.00034762560972, 0.00370186846703, 0.00607864372432, 0.00120650592726, 0.0042423568666, 0.0614839009941, 0.0759706422687, 0.0018322612159, 0.00123713933863, 0.00323737878352, 0.000607132678851, 8.4996165242e-05, 1.09953098217e-05, 1.29688169181e-05, 1.24514335766e-05, 1.51216754603e-05, 7.15381684131e-05, 1.52477578013e-05, 1.73132721102e-05, 9.55206724029e-06, 8.96208257473e-06, 1.01305740827e-05, 7.15564465281e-06, 6.43387147647e-06],
        "mean": [6.68606162435e-07, 1.30644866658e-05, 9.5290115496e-06, 9.39742949413e-06, 8.21965368232e-05, 8.55613980093e-05, 2.07266075449e-05, 6.2133607571e-05, 0.0136621212587, 0.00349631882273, 3.58115976269e-05, 2.2697591703e-05, 0.000496996974107, 2.0375373424e-05, 2.46585532295e-05, 5.80023652219e-07, 6.2492398456e-07, 2.0357589392e-07, 7.50305446218e-07, 2.32156503444e-06, 5.81158985824e-07, 4.40977629523e-07, 2.1064212774e-07, 2.73044491905e-07, 3.51860592218e-07, 2.77371611901e-07, 2.67793211606e-07],
        "median": [2.89434467504e-07, 7.86222062743e-06, 2.663952273e-06, 1.57610247697e-06, 2.18705572479e-05, 6.10491269981e-07, 5.10633697104e-07, 1.2667720739e-06, 0.00308612687513, 2.27119362535e-05, 6.49601474834e-07, 3.07898147867e-07, 0.000124114332721, 5.25416908204e-07, 1.82970725291e-05, 2.05669223874e-07, 7.5120880183e-08, 4.98863563791e-08, 1.40602608667e-07, 1.34183395062e-07, 1.08175790103e-07, 6.11107608961e-08, 5.69392106797e-08, 6.74620252994e-08, 9.17206790518e-08, 1.1833124347e-07, 1.96296568333e-07],
        "min": [4.24238688623e-09, 2.10402021139e-07, 4.67821443806e-08, 4.77630344164e-08, 2.15600107367e-06, 2.48495837241e-08, 2.77511844615e-08, 2.65994195559e-08, 1.45645606153e-06, 3.36398443324e-07, 5.63082096505e-08, 6.42118749283e-08, 8.91404638992e-08, 6.70227748856e-08, 4.16268335357e-08, 2.72342948193e-08, 1.22399317348e-08, 3.37866756794e-09, 3.64054919544e-08, 3.88827743336e-08, 2.6474989312e-08, 7.15814829633e-09, 5.7816236243e-09, 8.08094391402e-09, 8.95769236564e-09, 5.02214803078e-09, 7.82108688924e-09],
        "var": [7.42155252184e-13, 2.46767384304e-10, 3.12332298913e-10, 1.84057036279e-09, 1.74082316562e-07, 4.23600454269e-07, 1.8339989083e-08, 2.00319021815e-07, 0.0003631223517, 0.000145951242303, 4.0253869571e-08, 1.85976762879e-08, 6.0405483282e-07, 9.14718523148e-09, 5.22313192697e-10, 1.51412790726e-12, 4.67575023838e-12, 1.67240765507e-12, 4.41334772547e-12, 1.06914796461e-10, 3.17660112624e-12, 3.657294953e-12, 1.0231467366e-12, 1.15783088412e-12, 1.40961016731e-12, 6.88871865367e-13, 4.43649213503e-13]
    },
    "erbbands": {
        "dmean": [0.00035403855145, 0.00262407236733, 0.0085403509438, 0.0211453828961, 0.145750790834, 0.300529450178, 1.08621585369, 0.897387802601, 0.415050804615, 0.673573076725, 16.1801319122, 63.4986381531, 41.8233947754, 26.9021167755, 2.86444997787, 2.07566070557, 6.69817352295, 0.497019708157, 0.396772265434, 0.529762208462, 0.0413841828704, 0.0210063960403, 0.0100612062961, 0.0193879269063, 0.0116949370131, 0.0651119574904, 0.0210828073323, 0.0103769609705, 0.0110102267936, 0.00641496898606, 0.00423366297036, 0.00572760310024, 0.00417199730873, 0.00375073519535, 0.00205780775286, 0.0012986358488, 0.000396920368075, 9.18303849176e-05, 1.56314345077e-05, 5.20978346685e-06],
        "dmean2": [0.000653923372738, 0.00427334569395, 0.0144742904231, 0.0324802920222, 0.233969762921, 0.415611684322, 1.80668413639, 1.31502950191, 0.600859463215, 0.804720520973, 15.7541255951, 51.7850151062, 59.7442741394, 34.8710479736, 4.56631183624, 2.73737859726, 8.24272060394, 0.569279253483, 0.476251542568, 0.723528802395, 0.0567482598126, 0.0319942161441, 0.0116900168359, 0.0287210401148, 0.0129241645336, 0.0629370138049, 0.021654561162, 0.00778047693893, 0.010993574746, 0.00797963980585, 0.00481687998399, 0.0080996081233, 0.00633789226413, 0.00557744130492, 0.00309796212241, 0.00202359771356, 0.000617932295427, 0.000135051101097, 1.91418439499e-05, 6.10090364717e-06],
        "dvar": [2.27916260087e-07, 1.05027520476e-05, 0.000232983671594, 0.00697620911524, 0.373578727245, 1.97736811638, 41.4863319397, 26.2429141998, 5.09518527985, 6.87709617615, 734.022888184, 7067.11523438, 26113.1445312, 7161.72900391, 154.996994019, 25.5690422058, 96.4857406616, 1.12861776352, 2.361743927, 0.319635927677, 0.00393825350329, 0.00629069190472, 0.00433771917596, 0.00203622155823, 0.00215378380381, 0.0843837559223, 0.00345747661777, 0.00198274874128, 0.0030243427027, 0.000972333946265, 0.000473753781989, 0.000553515739739, 0.000254464161117, 0.000165836914675, 5.48530260858e-05, 1.87997702596e-05, 2.15118302549e-06, 1.77439872573e-07, 8.5108533554e-09, 9.27921628424e-11],
        "dvar2": [5.86752832987e-07, 2.89802082989e-05, 0.00045613135444, 0.0126661676913, 0.941549479961, 4.30931186676, 112.146492004, 64.7820663452, 12.4857263565, 14.2409973145, 1481.41186523, 4638.59130859, 42781.53125, 15117.7265625, 428.177490234, 61.601688385, 118.323287964, 1.20764303207, 3.39157795906, 0.640991449356, 0.00548677518964, 0.0126342894509, 0.00442434335127, 0.003902109107, 0.00161500659306, 0.112646520138, 0.0025762852747, 0.000695560069289, 0.00143874261994, 0.000895149598364, 0.000372254406102, 0.00083684612764, 0.000433133856859, 0.000313372263918, 7.75446096668e-05, 3.15535035043e-05, 3.23901235788e-06, 2.06646760148e-07, 8.51136139346e-09, 1.48631301711e-10],
        "max": [0.00263548409566, 0.0153751280159, 0.0923503041267, 0.635199248791, 4.80348730087, 11.1975231171, 48.4962997437, 39.929107666, 17.6782493591, 21.049161911, 298.19631958, 1671.32116699, 1616.16247559, 1101.83776855, 91.4572906494, 37.0721359253, 143.838439941, 17.1363067627, 21.0658493042, 5.42117834091, 0.622922539711, 0.872312784195, 0.682702481747, 0.741274237633, 0.688856899738, 4.27759552002, 1.03340363503, 0.708649396896, 0.789061307907, 0.347962677479, 0.248645827174, 0.227709963918, 0.135116443038, 0.109781585634, 0.0691507309675, 0.0359353460371, 0.013146661222, 0.00395398121327, 0.0009240344516, 0.000126762213768],
        "mean": [0.000384568469599, 0.00299098924734, 0.0099269952625, 0.0224556587636, 0.132480278611, 0.260189592838, 0.681830108166, 0.623439490795, 0.334022819996, 1.56305837631, 73.7569122314, 360.160552979, 93.2142410278, 52.4359474182, 3.17138338089, 4.92926740646, 22.6754665375, 1.42186260223, 0.828841090202, 1.60409879684, 0.119115047157, 0.0429134778678, 0.014655739069, 0.038931529969, 0.0228581242263, 0.132697075605, 0.045938514173, 0.0198413915932, 0.0201185327023, 0.00889014732093, 0.00559216784313, 0.0062490561977, 0.00426719803363, 0.0040384689346, 0.00237660226412, 0.00138583488297, 0.000485389842652, 0.000134536094265, 4.33724708273e-05, 2.51500441664e-05],
        "median": [0.000208136319998, 0.00166596961208, 0.00446632690728, 0.00581009266898, 0.0528752580285, 0.0615434348583, 0.01245529484, 0.0118508469313, 0.0459731258452, 0.582158982754, 17.4553756714, 78.3586196899, 13.4567050934, 1.06040394306, 0.252426683903, 1.5398491621, 5.97181367874, 0.422368317842, 0.167040139437, 1.22506594658, 0.0907927080989, 0.00967540964484, 0.0044414610602, 0.00725811673328, 0.00603250879794, 0.00695192953572, 0.00540145067498, 0.0032128111925, 0.00240423413925, 0.00189768930431, 0.0015571040567, 0.00123757461552, 0.00112612580415, 0.000885236368049, 0.000654828792904, 0.00036466709571, 0.00023370773124, 8.17314285086e-05, 3.6033707147e-05, 1.50802061398e-05],
        "min": [6.87425608703e-06, 5.54690268473e-05, 0.000114977643534, 0.000205471777008, 0.00323512777686, 0.00751339504495, 0.00157838349696, 0.00155289680697, 0.00067318364745, 0.000983434380032, 0.00726223690435, 0.0395220480859, 0.0101824495941, 0.00724978931248, 0.00322663644329, 0.00583215383813, 0.00512555986643, 0.0029819663614, 0.00286155682988, 0.00241688056849, 0.00149240833707, 0.00103902071714, 0.000745594676118, 0.00115759402979, 0.00182755722199, 0.00246604229324, 0.00152195442934, 0.00105537462514, 0.000520277128089, 0.000238804685068, 0.000150959123857, 0.000166574667674, 0.000157471673447, 0.00012996768055, 0.000103588368802, 4.35657857452e-05, 1.39545554703e-05, 4.47689171779e-06, 1.2284025388e-06, 5.7056655578e-07],
        "var": [2.54395189359e-07, 1.3133299035e-05, 0.00026789290132, 0.00675876019523, 0.271605104208, 1.68108844757, 26.8759632111, 19.5779056549, 3.84952330589, 7.98465061188, 9400.75195312, 259177.359375, 76993.5234375, 27489.7949219, 121.101882935, 58.5136184692, 1216.43188477, 6.61670637131, 9.27364253998, 2.14125871658, 0.0126065891236, 0.019658299163, 0.00504895439371, 0.0112383915111, 0.00619292259216, 0.365413159132, 0.0209120437503, 0.00719383871183, 0.00800746958703, 0.00139630318154, 0.000690429005772, 0.000704261474311, 0.000257164560026, 0.000187336554518, 6.13003503531e-05, 1.88475169125e-05, 2.26428483074e-06, 1.73559428163e-07, 8.80308981266e-09, 6.10418937619e-10]
    },
    "gfcc": {
        "mean": [-239.680908203, 107.984695435, -112.911193848, -57.0665016174, -52.1623191833, 13.6721553802, -1.49237012863, 8.49789810181, -8.75425815582, -1.70361530781, -35.0993156433, -32.7465782166, -8.54097366333],
        "cov": [[2421.38964844, 209.328262329, -1513.82739258, -1187.01550293, -619.649353027, 256.531066895, 274.535369873, 7.68711471558, -151.219909668, 105.095161438, -36.9591407776, -148.299346924, 87.681854248], [209.328262329, 920.996704102, -531.831420898, -855.86907959, -150.546768188, -88.9119491577, 165.670166016, 29.2244873047, 337.844451904, 154.824478149, -4.20253419876, -368.877349854, -160.904144287], [-1513.82739258, -531.831420898, 2120.02685547, 1745.56652832, 549.864868164, -138.679138184, -655.077697754, -131.891906738, -45.3958587646, -143.383087158, 95.039680481, 515.168701172, 30.2202835083], [-1187.01550293, -855.86907959, 1745.56652832, 1902.92138672, 541.076171875, -27.2496070862, -617.564819336, -170.415466309, -276.979125977, -204.572265625, 65.251701355, 599.017150879, 168.944610596], [-619.649353027, -150.546768188, 549.864868164, 541.076171875, 350.771820068, 29.2873134613, -201.236679077, -32.727897644, 57.3328895569, -48.3802452087, -37.574256897, 83.9320220947, -7.08688545227], [256.531066895, -88.9119491577, -138.679138184, -27.2496070862, 29.2873134613, 173.994415283, 3.51654028893, -29.6182804108, -70.6679153442, 18.8970222473, -11.1946077347, 5.63203954697, 11.2757167816], [274.535369873, 165.670166016, -655.077697754, -617.564819336, -201.236679077, 3.51654028893, 353.426757812, 92.3530502319, 41.0093231201, 40.4468650818, -5.28980875015, -210.925735474, -33.9706077576], [7.68711471558, 29.2244873047, -131.891906738, -170.415466309, -32.727897644, -29.6182804108, 92.3530502319, 93.9707794189, 88.5423355103, 10.2027873993, -26.21525383, -67.0111694336, -18.186000824], [-151.219909668, 337.844451904, -45.3958587646, -276.979125977, 57.3328895569, -70.6679153442, 41.0093231201, 88.5423355103, 331.369171143, 59.8867340088, -31.5634174347, -171.974182129, -89.9787750244], [105.095161438, 154.824478149, -143.383087158, -204.572265625, -48.3802452087, 18.8970222473, 40.4468650818, 10.2027873993, 59.8867340088, 73.5580825806, 12.0239925385, -75.7136154175, -41.6091079712], [-36.9591407776, -4.20253419876, 95.039680481, 65.251701355, -37.574256897, -11.1946077347, -5.28980875015, -26.21525383, -31.5634174347, 12.0239925385, 81.9781112671, 46.4806900024, -7.69991254807], [-148.299346924, -368.877349854, 515.168701172, 599.017150879, 83.9320220947, 5.63203954697, -210.925735474, -67.0111694336, -171.974182129, -75.7136154175, 46.4806900024, 289.855895996, 98.047492981], [87.681854248, -160.904144287, 30.2202835083, 168.944610596, -7.08688545227, 11.2757167816, -33.9706077576, -18.186000824, -89.9787750244, -41.6091079712, -7.69991254807, 98.047492981, 101.067596436]],
        "icov": [[0.00254612555727, -7.6863776485e-05, 0.00139158219099, -0.000278302875813, 0.00573638221249, -0.00457943929359, 0.00272441888228, 0.000530210672878, -0.00206991191953, 0.00210185116157, 0.00154275656678, -0.00100435176864, -0.000243495887844], [-7.6863776485e-05, 0.0060334126465, -0.000885267800186, 0.0029069154989, -0.000557094288524, 0.00307953427546, 0.00201562070288, 0.00635073380545, -0.00279358611442, -0.00283517618664, -0.00233741989359, 0.00492765195668, -0.00209754821844], [0.00139158219099, -0.000885267800186, 0.00567890051752, -0.00512661784887, 0.00425526034087, -0.00128976115957, 0.00170206371695, 0.000303404958686, -0.00369993434288, 0.0010104929097, 0.0015232632868, -0.00424762768671, 0.00668268091977], [-0.000278302875813, 0.0029069154989, -0.00512661784887, 0.0124983023852, -0.0108841676265, 0.00388312153518, 0.00414687115699, -0.00123667321168, 0.00609095674008, 0.000351538357791, -0.0080281002447, 0.00130113842897, -0.0108214635402], [0.00573638221249, -0.000557094288524, 0.00425526034087, -0.0108841676265, 0.0322256051004, -0.0178955420852, 0.00364184891805, 0.00695032672957, -0.0143920453265, 0.00921704806387, 0.0144838392735, 0.000945963489357, 0.00895637366921], [-0.00457943929359, 0.00307953427546, -0.00128976115957, 0.00388312153518, -0.0178955420852, 0.0211814995855, -0.00413906946778, 0.00283094774932, 0.00681048911065, -0.0125126931816, -0.00384045694955, 2.99054845527e-05, -0.00113924860489], [0.00272441888228, 0.00201562070288, 0.00170206371695, 0.00414687115699, 0.00364184891805, -0.00413906946778, 0.0206930655986, -0.0117452312261, 0.00378171307966, 0.00835421308875, -0.0130365910009, 0.0128502650186, -0.00768973259255], [0.000530210672878, 0.00635073380545, 0.000303404958686, -0.00123667321168, 0.00695032672957, 0.00283094774932, -0.0117452312261, 0.0378575772047, -0.0160204712301, -0.00481757521629, 0.0150430286303, -0.00672826869413, 0.00609011063352], [-0.00206991191953, -0.00279358611442, -0.00369993434288, 0.00609095674008, -0.0143920453265, 0.00681048911065, 0.00378171307966, -0.0160204712301, 0.0184256844223, -0.00362748280168, -0.00867378059775, 0.0061370395124, -0.00681148795411], [0.00210185116157, -0.00283517618664, 0.0010104929097, 0.000351538357791, 0.00921704806387, -0.0125126931816, 0.00835421308875, -0.00481757521629, -0.00362748280168, 0.0360969528556, -0.00854079704732, 0.00522976927459, 0.00266373902559], [0.00154275656678, -0.00233741989359, 0.0015232632868, -0.0080281002447, 0.0144838392735, -0.00384045694955, -0.0130365910009, 0.0150430286303, -0.00867378059775, -0.00854079704732, 0.0364793613553, -0.0169551912695, 0.0156630817801], [-0.00100435176864, 0.00492765195668, -0.00424762768671, 0.00130113842897, 0.000945963489357, 2.99054845527e-05, 0.0128502650186, -0.00672826869413, 0.0061370395124, 0.00522976927459, -0.0169551912695, 0.0349190235138, -0.0165675450116], [-0.000243495887844, -0.00209754821844, 0.00668268091977, -0.0108214635402, 0.00895637366921, -0.00113924860489, -0.00768973259255, 0.00609011063352, -0.00681148795411, 0.00266373902559, 0.0156630817801, -0.0165675450116, 0.0344217829406]]
    },
    "melbands": {
        "dmean": [3.00186002278e-06, 3.66165227206e-06, 6.30182148598e-06, 1.5663308659e-05, 3.22243176925e-05, 2.12061095226e-05, 6.19715865469e-06, 4.80726203023e-06, 0.00024856973323, 0.000340951781254, 0.000232363701798, 0.000154715744429, 7.33667911845e-06, 4.50263678431e-06, 1.6185842469e-05, 7.77330387791e-06, 5.50524646314e-07, 8.42486826969e-07, 6.27213353255e-07, 3.92520746573e-07, 1.11471267772e-08, 2.99251148306e-08, 1.25525563277e-08, 8.14581824216e-09, 1.73520238178e-08, 1.21257759389e-08, 6.54303988767e-09, 6.22520346383e-08, 1.7258861007e-08, 6.27716811863e-09, 5.74224312544e-09, 5.48520784349e-09, 6.38713570922e-09, 3.13543435659e-09, 2.31998131817e-09, 2.60482924119e-09, 4.24778967556e-09, 3.01872571384e-09, 2.52922016664e-09, 3.46608741708e-09],
        "dmean2": [5.32843296241e-06, 6.09934977547e-06, 9.10431481316e-06, 2.38043194258e-05, 5.13533086632e-05, 3.27678244503e-05, 8.76993181009e-06, 6.46106991553e-06, 0.000226207921514, 0.000277314218692, 0.000339959195117, 0.000205427160836, 1.2204617633e-05, 7.78063895268e-06, 1.93644518731e-05, 9.7925621958e-06, 5.97789551193e-07, 1.01508817352e-06, 8.64978687787e-07, 5.37744142548e-07, 1.39688154377e-08, 4.3119293025e-08, 1.57655097865e-08, 9.41096711671e-09, 2.63072390538e-08, 1.69186780141e-08, 8.61582183376e-09, 5.92634457064e-08, 2.16819415755e-08, 6.16558804012e-09, 5.30607691118e-09, 5.33079580478e-09, 7.71483055217e-09, 3.88059984147e-09, 2.71525246731e-09, 2.94966340242e-09, 6.29939167496e-09, 4.79209738558e-09, 3.6519596236e-09, 5.3435948999e-09],
        "dvar": [1.67287537989e-11, 3.59141744122e-11, 6.56047438596e-10, 4.52059500944e-09, 3.4923157699e-08, 1.5006721199e-08, 1.15264109368e-09, 6.73106903548e-10, 1.21268712405e-07, 2.03581436153e-07, 8.32436057863e-07, 2.53080486345e-07, 1.43540412889e-09, 6.01766914077e-10, 5.84256809599e-10, 1.23701493493e-10, 5.61759276249e-12, 1.3714153077e-11, 1.11499665837e-12, 1.8147617198e-13, 5.0780887267e-15, 1.50810760364e-14, 4.34952773668e-15, 3.46732852255e-15, 1.37511013251e-15, 1.6613539056e-15, 9.34418795324e-16, 7.99604658744e-14, 2.77663625802e-15, 4.92220268891e-16, 6.18242942514e-16, 7.95715720843e-16, 7.78847642033e-16, 2.27042337542e-16, 1.6172635643e-16, 1.7880268623e-16, 2.84913507853e-16, 1.43374686178e-16, 8.15660236551e-17, 1.56731297261e-16],
        "dvar2": [4.48512303686e-11, 6.51832129939e-11, 1.35838718052e-09, 1.0795751848e-08, 9.15259477097e-08, 3.85539564718e-08, 2.75810219108e-09, 1.40405331805e-09, 1.88256535694e-07, 1.36319670219e-07, 1.40836209539e-06, 5.2557180652e-07, 3.92087118328e-09, 1.68819913604e-09, 7.23372584055e-10, 1.5961250377e-10, 5.41544326743e-12, 1.91433691815e-11, 1.97519691575e-12, 4.03042996113e-13, 5.30232164124e-15, 2.78430402378e-14, 4.43397056877e-15, 3.48926434655e-15, 3.17516885959e-15, 1.82117483495e-15, 9.34692704603e-16, 1.10362639979e-13, 3.74900043532e-15, 2.27060231113e-16, 2.10244390413e-16, 3.54632551513e-16, 5.78805247309e-16, 2.27321858414e-16, 1.39552674997e-16, 1.29013891067e-16, 6.02828213424e-16, 2.79089362247e-16, 1.13303706297e-16, 3.44073835839e-16],
        "max": [2.27921627811e-05, 3.89089109376e-05, 0.000203383926419, 0.000534904422238, 0.00142830773257, 0.00094405375421, 0.000267001421889, 0.000208262455999, 0.00521156284958, 0.00896345544606, 0.00931225623935, 0.00626206211746, 0.000279287225567, 0.000177372785402, 0.000347917113686, 0.000159256451298, 3.8420468627e-05, 5.08100783918e-05, 7.59693557484e-06, 4.3070308493e-06, 6.95970413744e-07, 1.21187508739e-06, 6.81519964019e-07, 5.66483663533e-07, 5.99105703714e-07, 6.17787861756e-07, 2.96272105516e-07, 4.08951609643e-06, 7.68837196574e-07, 3.54921780854e-07, 3.65159536386e-07, 4.00944713874e-07, 3.52866749154e-07, 1.64561072324e-07, 1.37601944061e-07, 1.57652266353e-07, 1.32802497887e-07, 9.05574211174e-08, 8.79083046357e-08, 9.0220048321e-08],
        "mean": [3.58816942025e-06, 4.78423498862e-06, 6.26788641966e-06, 1.45640433402e-05, 2.10977468669e-05, 1.40979527714e-05, 4.53786014987e-06, 4.22861012339e-06, 0.00124448689166, 0.00192216888536, 0.000436880771304, 0.000283949455479, 5.06992637384e-06, 2.8807749004e-06, 5.24863971805e-05, 2.6113115382e-05, 1.24301379856e-06, 1.59284411438e-06, 1.68668134393e-06, 1.20776917356e-06, 1.41785072572e-08, 4.67500171908e-08, 1.7030259869e-08, 9.58359258618e-09, 3.52263214154e-08, 2.37977584305e-08, 1.03702957333e-08, 1.20867994724e-07, 3.34374838928e-08, 1.25750663216e-08, 9.41925737408e-09, 9.761760289e-09, 9.67604218971e-09, 3.88629262105e-09, 2.93010327113e-09, 3.46235706772e-09, 4.28153379417e-09, 3.01211255938e-09, 2.68501354483e-09, 3.63250562962e-09],
        "median": [2.16064995584e-06, 2.38452344092e-06, 1.87071157143e-06, 5.98332098889e-06, 5.67569827581e-07, 1.08648549713e-07, 1.00477684839e-07, 9.7082569539e-08, 0.000291004631435, 0.000421249715146, 3.85754992749e-06, 1.93437017515e-06, 9.01702321698e-08, 3.71183794812e-08, 1.22144465422e-05, 7.19638683222e-06, 4.60892763954e-08, 2.23539089461e-08, 1.24911719013e-06, 9.02719477835e-07, 3.04952774144e-09, 3.8664076385e-09, 4.0071763685e-09, 2.41256148392e-09, 6.01950977952e-09, 4.95371255127e-09, 3.84378395779e-09, 4.69067096276e-09, 3.50658035941e-09, 2.3114585801e-09, 1.63747704285e-09, 1.30363120299e-09, 1.09229858491e-09, 9.89375803506e-10, 8.71924588086e-10, 8.13584977166e-10, 7.32388594216e-10, 7.4452599641e-10, 7.57949925045e-10, 7.04921954142e-10],
        "min": [6.34102192976e-08, 1.01281528941e-07, 8.37041937984e-08, 5.59178772619e-07, 4.1204643253e-08, 8.23238366365e-09, 9.2625267456e-09, 7.34569960414e-09, 1.1876243633e-07, 2.15152439864e-07, 4.57808617682e-08, 3.16757997609e-08, 1.00704697914e-08, 7.6764052892e-09, 9.97429516758e-09, 1.21006591414e-08, 4.15732959169e-09, 1.85020165855e-09, 3.09881365013e-09, 3.2206144418e-09, 3.22607662806e-10, 5.74763459049e-10, 6.9877248432e-10, 1.45007922336e-10, 8.37744040805e-10, 1.31587885033e-09, 1.04700026426e-09, 1.51607815191e-09, 8.28587698454e-10, 4.09371841981e-10, 3.16223797148e-10, 2.56351023742e-10, 1.0791326166e-10, 8.17513765017e-11, 7.61663163096e-11, 8.26110221896e-11, 1.01041987277e-10, 1.02465640139e-10, 5.29118485137e-11, 6.95938515149e-11],
        "var": [1.93690601752e-11, 4.52885645652e-11, 5.85575310463e-10, 3.51791684672e-09, 2.38398225605e-08, 1.05980078047e-08, 9.00674701487e-10, 6.37726205177e-10, 2.78597440229e-06, 7.46295654608e-06, 2.46951685767e-06, 8.69720793162e-07, 9.0976121081e-10, 3.60395463472e-10, 6.80129508268e-09, 1.5289801647e-09, 3.1879408835e-11, 5.43595828073e-11, 2.6721326974e-12, 1.37550756375e-12, 5.25991408971e-15, 3.33043292109e-14, 5.19431562311e-15, 3.46663480257e-15, 8.74720760234e-15, 5.70101750842e-15, 9.94882124681e-16, 3.27201211004e-13, 1.15405647143e-14, 1.91993231209e-15, 1.70871765867e-15, 2.02399581538e-15, 1.55947310034e-15, 3.07094680233e-16, 2.07410866682e-16, 2.8241330482e-16, 3.08156144865e-16, 1.29463427334e-16, 9.99837757113e-17, 1.49715720405e-16]
    },
    "mfcc": {
        "mean": [-919.023681641, 158.802383423, -0.0589916519821, -32.0545272827, -21.5869541168, 5.87917995453, 12.800242424, 3.56725525856, 24.847661972, 31.7364082336, 3.92178153992, -17.9442977905, -22.3091278076],
        "cov": [[2726.86279297, 161.963729858, -940.870849609, -1071.47045898, -901.361999512, -42.8520355225, 177.468612671, -152.401489258, -12.6087026596, -77.5321426392, -57.0598182678, -143.485305786, -201.506668091], [161.963729858, 510.291320801, -80.2038192749, -288.656555176, -99.0691070557, -46.2146148682, -83.7466506958, -82.6781921387, 63.9520568848, 185.394470215, 103.24987793, 35.9182929993, -11.018995285], [-940.870849609, -80.2038192749, 838.059631348, 801.547302246, 603.95715332, 33.3004188538, -206.827163696, -9.30095100403, -184.92350769, -253.88079834, -107.983757019, 156.04624939, 284.807952881], [-1071.47045898, -288.656555176, 801.547302246, 1021.09680176, 699.361999512, 65.0076522827, -182.683425903, 39.3805465698, -178.922134399, -342.123291016, -203.485900879, 111.490753174, 310.732696533], [-901.361999512, -99.0691070557, 603.95715332, 699.361999512, 677.618591309, 96.5167007446, -194.885116577, 26.1114711761, -93.4346694946, -155.416885376, -93.7814331055, 124.453231812, 227.904510498], [-42.8520355225, -46.2146148682, 33.3004188538, 65.0076522827, 96.5167007446, 102.00643158, 32.8329849243, -0.887124300003, -10.1173257828, -42.1429748535, -31.0968418121, 15.5488996506, 3.22859168053], [177.468612671, -83.7466506958, -206.827163696, -182.683425903, -194.885116577, 32.8329849243, 165.063415527, 24.628162384, 22.7785053253, 25.1969242096, 13.0864124298, -48.7495079041, -108.582695007], [-152.401489258, -82.6781921387, -9.30095100403, 39.3805465698, 26.1114711761, -0.887124300003, 24.628162384, 62.1566772461, 27.7884464264, 22.1596183777, 12.149096489, -15.8134670258, -26.1279563904], [-12.6087026596, 63.9520568848, -184.92350769, -178.922134399, -93.4346694946, -10.1173257828, 22.7785053253, 27.7884464264, 131.511566162, 175.148605347, 72.2863693237, -43.0043983459, -94.2556304932], [-77.5321426392, 185.394470215, -253.88079834, -342.123291016, -155.416885376, -42.1429748535, 25.1969242096, 22.1596183777, 175.148605347, 348.63092041, 188.525085449, -30.196187973, -149.098968506], [-57.0598182678, 103.24987793, -107.983757019, -203.485900879, -93.7814331055, -31.0968418121, 13.0864124298, 12.149096489, 72.2863693237, 188.525085449, 153.289886475, 17.1464710236, -78.5008010864], [-143.485305786, 35.9182929993, 156.04624939, 111.490753174, 124.453231812, 15.5488996506, -48.7495079041, -15.8134670258, -43.0043983459, -30.196187973, 17.1464710236, 102.148338318, 67.1490478516], [-201.506668091, -11.018995285, 284.807952881, 310.732696533, 227.904510498, 3.22859168053, -108.582695007, -26.1279563904, -94.2556304932, -149.098968506, -78.5008010864, 67.1490478516, 168.800842285]],
