{
"lowlevel": {
    "average_loudness": 0.872053861618,
    "barkbands_crest": {
        "dmean": 1.7097171545,
        "dmean2": 2.64175081253,
        "dvar": 5.70206880569,
        "dvar2": 13.9091844559,
        "max": 24.5209274292,
        "mean": 20.0306186676,
        "median": 22.0079917908,
        "min": 6.30523014069,
        "var": 21.7972431183
    },
    "barkbands_flatness_db": {
        "dmean": 0.0180259626359,
        "dmean2": 0.0289296526462,
        "dvar": 0.000296315352898,
        "dvar2": 0.000444081204478,
        "max": 0.356428533792,
        "mean": 0.215406596661,
        "median": 0.208474799991,
        "min": 0.135375469923,
        "var": 0.00170220108703
    },
    "barkbands_kurtosis": {
        "dmean": 5.3565325737,
        "dmean2": 9.142329216,
        "dvar": 16.421125412,
        "dvar2": 51.0567932129,
        "max": 34.5687599182,
        "mean": 16.1027545929,
        "median": 16.49908638,
        "min": -1.5418702364,
        "var": 70.0647125244
    },
    "barkbands_skewness": {
        "dmean": 0.672191917896,
        "dmean2": 1.11122536659,
        "dvar": 0.24818199873,
        "dvar2": 0.810582280159,
        "max": 4.52948665619,
        "mean": 2.56006574631,
        "median": 2.70174837112,
        "min": -0.853668749332,
        "var": 1.21611833572
    },
    "barkbands_spread": {
        "dmean": 1.19310581684,
        "dmean2": 1.99285233021,
        "dvar": 1.03184568882,
        "dvar2": 2.58692789078,
        "max": 10.9030380249,
        "mean": 4.65901756287,
        "median": 4.33179044724,
        "min": 1.86201858521,
        "var": 2.36918401718
    },
    "dissonance": {
        "dmean": 0.0360775925219,
        "dmean2": 0.060913644731,
        "dvar": 0.00102566450369,
        "dvar2": 0.00287362909876,
        "max": 0.499366164207,
        "mean": 0.42471575737,
        "median": 0.415951520205,
        "min": 0.267461419106,
        "var": 0.00149892549962
    },
    "dynamic_complexity": 4.61157226562,
    "erbbands_crest": {
        "dmean": 1.62329077721,
        "dmean2": 2.45001316071,
        "dvar": 5.59920597076,
        "dvar2": 13.3374872208,
        "max": 31.5806941986,
        "mean": 26.6868572235,
        "median": 29.4326477051,
        "min": 9.21650123596,
        "var": 34.2681121826
    },
    "erbbands_flatness_db": {
        "dmean": 0.0180152077228,
        "dmean2": 0.0281789395958,
        "dvar": 0.000278733612504,
        "dvar2": 0.000380313664209,
        "max": 0.400584816933,
        "mean": 0.270785331726,
        "median": 0.265253841877,
        "min": 0.187124997377,
        "var": 0.00171743915416
    },
    "erbbands_kurtosis": {
        "dmean": 3.23112654686,
        "dmean2": 5.57299041748,
        "dvar": 5.88798284531,
        "dvar2": 14.9879541397,
        "max": 18.8241977692,
        "mean": 9.9044342041,
        "median": 10.629445076,
        "min": -1.03226971626,
        "var": 25.555355072
    },
    "erbbands_skewness": {
        "dmean": 0.474662125111,
        "dmean2": 0.789539933205,
        "dvar": 0.121145687997,
        "dvar2": 0.289745479822,
        "max": 4.15376758575,
        "mean": 2.68321084976,
        "median": 3.08298754692,
        "min": -1.42856514454,
        "var": 1.48712897301
    },
    "erbbands_spread": {
        "dmean": 2.05990195274,
        "dmean2": 3.30144643784,
        "dvar": 3.61931586266,
        "dvar2": 8.22621917725,
        "max": 25.2359657288,
        "mean": 9.6977519989,
        "median": 9.21763038635,
        "min": 2.80644226074,
        "var": 8.09159088135
    },
    "hfc": {
        "dmean": 4.15104722977,
        "dmean2": 7.05227613449,
        "dvar": 312.444915771,
        "dvar2": 725.054748535,
        "max": 162.209457397,
        "mean": 5.67741298676,
        "median": 0.854549229145,
        "min": 0.264623016119,
        "var": 474.04385376
    },
    "melbands_crest": {
        "dmean": 2.49406170845,
        "dmean2": 3.93759012222,
        "dvar": 6.01322317123,
        "dvar2": 13.9501008987,
        "max": 31.3093681335,
        "mean": 24.3004016876,
        "median": 26.8330402374,
        "min": 5.87650251389,
        "var": 37.9879379272
    },
    "melbands_flatness_db": {
        "dmean": 0.0175130087882,
        "dmean2": 0.0278517622501,
        "dvar": 0.000312125019263,
        "dvar2": 0.000490438833367,
        "max": 0.460229665041,
        "mean": 0.290463745594,
        "median": 0.281733155251,
        "min": 0.21156154573,
        "var": 0.00214111735113
    },
    "melbands_kurtosis": {
        "dmean": 6.60910558701,
        "dmean2": 11.4217357635,
        "dvar": 35.7111244202,
        "dvar2": 116.216674805,
        "max": 40.5033569336,
        "mean": 15.0513420105,
        "median": 14.0486087799,
        "min": -1.4709802866,
        "var": 79.7065505981
    },
    "melbands_skewness": {
        "dmean": 0.68501830101,
        "dmean2": 1.21278333664,
        "dvar": 0.333912551403,
        "dvar2": 1.02749359608,
        "max": 3.15972328186,
        "mean": 1.39103114605,
        "median": 1.32427501678,
        "min": -1.01019084454,
        "var": 0.569982171059
    },
    "melbands_spread": {
        "dmean": 1.90407431126,
        "dmean2": 3.2189745903,
        "dvar": 2.51660442352,
        "dvar2": 7.48850917816,
        "max": 17.3270816803,
        "mean": 6.63372421265,
        "median": 6.12177371979,
        "min": 3.27314424515,
        "var": 7.14660692215
    },
    "pitch_salience": {
        "dmean": 0.0690198764205,
        "dmean2": 0.0994169861078,
        "dvar": 0.00462955888361,
        "dvar2": 0.0120044490322,
        "max": 0.802539944649,
        "mean": 0.362099379301,
        "median": 0.332788854837,
        "min": 0.147241815925,
        "var": 0.0151900844648
    },
    "silence_rate_20dB": {
        "dmean": 0,
        "dmean2": 0,
        "dvar": 0,
        "dvar2": 0,
        "max": 1,
        "mean": 1,
        "median": 1,
        "min": 1,
        "var": 0
    },
    "silence_rate_30dB": {
        "dmean": 0.0166666675359,
        "dmean2": 0.0336134470999,
        "dvar": 0.0163888875395,
        "dvar2": 0.0324835851789,
        "max": 1,
        "mean": 0.983471095562,
        "median": 1,
        "min": 0,
        "var": 0.0162557233125
    },
    "silence_rate_60dB": {
        "dmean": 0.00833333376795,
        "dmean2": 0.01680672355,
        "dvar": 0.00826388876885,
        "dvar2": 0.0165242496878,
        "max": 1,
        "mean": 0.859504103661,
        "median": 1,
        "min": 0,
        "var": 0.120756812394
    },
    "spectral_centroid": {
        "dmean": 52.9375953674,
        "dmean2": 88.3246841431,
        "dvar": 5906.11425781,
        "dvar2": 15465.2050781,
        "max": 1479.47143555,
        "mean": 745.643127441,
        "median": 752.723449707,
        "min": 414.131866455,
        "var": 12508.8349609
    },
    "spectral_complexity": {
        "dmean": 1.07500004768,
        "dmean2": 1.66386556625,
        "dvar": 3.86937499046,
        "dvar2": 4.87860965729,
        "max": 23,
        "mean": 3.8760330677,
        "median": 2,
        "min": 1,
        "var": 26.4722328186
    },
    "spectral_decrease": {
        "dmean": 1.4168152207e-09,
        "dmean2": 2.34190045134e-09,
        "dvar": 3.30525656345e-17,
        "dvar2": 7.07353045262e-17,
        "max": -1.38589598131e-10,
        "mean": -2.05864303382e-09,
        "median": -3.3702071689e-10,
        "min": -5.60934232396e-08,
        "var": 5.37095088437e-17
    },
    "spectral_energy": {
        "dmean": 0.00572204450145,
        "dmean2": 0.00947830826044,
        "dvar": 0.000542120134924,
        "dvar2": 0.00116717466153,
        "max": 0.226421922445,
        "mean": 0.00828472990543,
        "median": 0.00135086965747,
        "min": 0.000547070638277,
        "var": 0.000877095328178
    },
    "spectral_energyband_high": {
        "dmean": 3.38015775014e-06,
        "dmean2": 5.98116275796e-06,
        "dvar": 2.62600441392e-10,
        "dvar2": 7.32912175394e-10,
        "max": 0.000142841105117,
        "mean": 5.92871356275e-06,
        "median": 4.6745126383e-06,
        "min": 2.93141226848e-07,
        "var": 1.65722199852e-10
    },
    "spectral_energyband_low": {
        "dmean": 0.000217830398469,
        "dmean2": 0.000409729022067,
        "dvar": 1.12988493584e-06,
        "dvar2": 3.4871650314e-06,
        "max": 0.00881410390139,
        "mean": 0.000180516013643,
        "median": 2.00951835723e-05,
        "min": 2.61915351984e-06,
        "var": 7.40493192097e-07
    },
    "spectral_energyband_middle_high": {
        "dmean": 0.00331985461526,
        "dmean2": 0.00540291145444,
        "dvar": 0.00020368002879,
        "dvar2": 0.0004839883768,
        "max": 0.134797289968,
        "mean": 0.0036538192071,
        "median": 5.5970671383e-05,
        "min": 3.56673590431e-05,
        "var": 0.000300439802231
    },
    "spectral_energyband_middle_low": {
        "dmean": 0.00259101414122,
        "dmean2": 0.00415519950911,
        "dvar": 0.000113225069072,
        "dvar2": 0.0002245225769,
        "max": 0.100726827979,
        "mean": 0.00461328914389,
        "median": 0.00125742226373,
        "min": 0.000441798823886,
        "var": 0.000179084003321
    },
    "spectral_entropy": {
        "dmean": 0.133812949061,
        "dmean2": 0.213650986552,
        "dvar": 0.0153480311856,
        "dvar2": 0.0337556041777,
        "max": 7.42922067642,
        "mean": 6.93520641327,
        "median": 7.01556301117,
        "min": 5.77086400986,
        "var": 0.100816935301
    },
    "spectral_flux": {
        "dmean": 0.0110867163166,
        "dmean2": 0.01507675834,
        "dvar": 0.00100938475225,
        "dvar2": 0.00238601258025,
        "max": 0.403549194336,
        "mean": 0.030241727829,
        "median": 0.0104891788214,
        "min": 0.00554940430447,
        "var": 0.00380630325526
    },
    "spectral_kurtosis": {
        "dmean": 6.83825588226,
        "dmean2": 11.692568779,
        "dvar": 263.124511719,
        "dvar2": 710.097473145,
        "max": 133.965148926,
        "mean": 16.3833560944,
        "median": 8.82185173035,
        "min": 4.88830852509,
        "var": 545.085693359
    },
    "spectral_rms": {
        "dmean": 0.000466018536827,
        "dmean2": 0.000720379408449,
        "dvar": 1.68664507783e-06,
        "dvar2": 3.45666830981e-06,
        "max": 0.0148626863956,
        "mean": 0.00181017012801,
        "median": 0.0011480076937,
        "min": 0.000730566564016,
        "var": 4.80594735563e-06
    },
    "spectral_rolloff": {
        "dmean": 22.0715332031,
        "dmean2": 38.9045257568,
        "dvar": 5590.90673828,
        "dvar2": 13483.9150391,
        "max": 1205.859375,
        "mean": 644.750366211,
        "median": 602.9296875,
        "min": 473.73046875,
        "var": 14763.3623047
    },
    "spectral_skewness": {
        "dmean": 0.454187452793,
        "dmean2": 0.774620950222,
        "dvar": 0.685686469078,
        "dvar2": 1.84132289886,
        "max": 9.19190406799,
        "mean": 2.40569138527,
        "median": 1.90668296814,
        "min": 1.52011346817,
        "var": 2.18044519424
    },
    "spectral_spread": {
        "dmean": 215722.359375,
        "dmean2": 327174.03125,
        "dvar": 184906383360,
        "dvar2": 194853224448,
        "max": 5984784,
        "mean": 3069661.5,
        "median": 3295220,
        "min": 589523.25,
        "var": 655125577728
    },
    "spectral_strongpeak": {
        "dmean": 0.368447691202,
        "dmean2": 0.56743311882,
        "dvar": 1.39472544193,
        "dvar2": 3.77293920517,
        "max": 10.664648056,
        "mean": 0.975003123283,
        "median": 0.741729319096,
        "min": 0.0425191819668,
        "var": 1.52556931973
    },
    "zerocrossingrate": {
        "dmean": 0.00239664711989,
        "dmean2": 0.00299944193102,
        "dvar": 6.40549615127e-06,
        "dvar2": 7.79482525104e-06,
        "max": 0.046875,
        "mean": 0.030866637826,
        "median": 0.03076171875,
        "min": 0.00537109375,
        "var": 2.47530060733e-05
    },
    "barkbands": {
        "dmean": [5.92728099491e-07, 2.27141681535e-05, 5.81291351409e-05, 0.00052903604228, 0.000425954785896, 0.000661374418996, 0.00048771436559, 0.00101580412593, 0.000457215792267, 0.00200700992718, 0.00134351744782, 0.00048334596795, 0.000213198873098, 3.33894131472e-05, 1.20881486509e-05, 4.86876115247e-06, 2.63164401986e-05, 2.77739241028e-06, 5.3331982599e-06, 1.07234436655e-05, 1.32186721657e-06, 2.5528223091e-07, 6.67460469117e-08, 7.27019653368e-08, 3.89405343526e-08, 1.00099207145e-07, 6.70532145364e-08],
        "dmean2": [9.7719760106e-07, 3.30983348249e-05, 0.000106098268589, 0.000961462152191, 0.000792770879343, 0.000790372607298, 0.000605363689829, 0.00160380150191, 0.000773613806814, 0.00256460951641, 0.00226770504378, 0.000768525584135, 0.000389754306525, 5.13961094839e-05, 2.23078041017e-05, 8.85562440089e-06, 4.34645553469e-05, 4.669243026e-06, 9.09860045795e-06, 1.76162411663e-05, 2.40055442191e-06, 4.17114364382e-07, 1.08260344689e-07, 1.19486315953e-07, 6.21941396162e-08, 1.7030458821e-07, 1.10094518391e-07],
        "dvar": [1.00849287688e-12, 4.61860016898e-09, 1.33629171728e-07, 4.0065410758e-06, 2.28650515055e-06, 6.01200008532e-06, 4.50730749435e-06, 1.57813610713e-05, 6.5486215135e-06, 0.00011998113041, 5.96709105594e-05, 6.52127391731e-06, 1.15088027997e-06, 1.42384894986e-08, 3.48573503395e-09, 4.08758554782e-10, 1.34230484505e-08, 1.01768128646e-10, 7.0645567174e-10, 4.43451986243e-09, 2.60086015225e-11, 1.04486101574e-13, 3.74277906302e-14, 6.8107073258e-14, 8.57853623749e-15, 1.20179785719e-13, 8.70239193614e-15],
        "dvar2": [1.53840059181e-12, 9.21570997292e-09, 3.8492476051e-07, 1.32382892843e-05, 6.02241880188e-06, 1.11410663521e-05, 8.91769741429e-06, 4.15240028815e-05, 1.77885867743e-05, 0.000232487480389, 0.000163208504091, 1.58531129273e-05, 3.63227786693e-06, 4.17567314059e-08, 1.13714122563e-08, 1.005860506e-09, 3.43105170941e-08, 2.58844862211e-10, 1.90956717105e-09, 9.7740988636e-09, 7.58222581942e-11, 2.58820905246e-13, 1.02073711083e-13, 1.9016818014e-13, 2.54962507541e-14, 3.98845073721e-13, 2.35473397508e-14],
        "max": [1.00145680335e-05, 0.000743876327761, 0.00310663459823, 0.0127507383004, 0.0128214033321, 0.0268004126847, 0.0149166733027, 0.037922155112, 0.0238182004541, 0.115632899106, 0.0714855641127, 0.0246346779168, 0.00903826858848, 0.00106023799162, 0.000478751200717, 0.000169875129359, 0.00105166365393, 9.64553037193e-05, 0.00024439705885, 0.000601440668106, 4.30055879406e-05, 2.39871656049e-06, 1.60176705322e-06, 2.25023904932e-06, 7.04952071828e-07, 2.57047372543e-06, 1.16021442409e-06],
        "mean": [6.97573568686e-07, 2.56173880189e-05, 3.92438996641e-05, 0.000487019773573, 0.000573134922888, 0.000829654280096, 0.000577047292609, 0.0016676337691, 0.000407429062761, 0.00177313014865, 0.00119978771545, 0.000429480831372, 0.000160266004968, 4.18584168074e-05, 9.07122466742e-06, 6.76984518577e-06, 2.98464692605e-05, 4.44453871751e-06, 7.42273914511e-06, 1.09424672701e-05, 2.35357879319e-06, 6.22972493147e-07, 1.33741806962e-07, 1.07016717266e-07, 9.07191548549e-08, 1.65326696333e-07, 5.14708517585e-07],
        "median": [4.30363371606e-07, 1.0101008229e-05, 3.56044733962e-06, 1.21620732898e-05, 9.31427930482e-05, 1.51705371536e-05, 4.87210991196e-06, 0.00106354034506, 3.87699255953e-05, 5.53215886612e-06, 1.31162305479e-05, 3.75182526113e-06, 5.3747749007e-06, 3.98960810344e-06, 1.60979391239e-06, 2.35121456171e-06, 1.08710255518e-05, 3.05636012854e-06, 4.29617102782e-06, 2.85547571366e-06, 1.98614111468e-06, 5.80438950237e-07, 9.64181552376e-08, 6.4040932557e-08, 7.36878718044e-08, 1.15668257195e-07, 5.59618001716e-07],
        "min": [3.69019126367e-09, 1.15944960299e-08, 2.12295987012e-07, 3.46630969261e-07, 7.01416638549e-06, 4.40557823822e-06, 6.91255536367e-07, 4.48341452284e-05, 5.87578688283e-06, 4.65768380309e-07, 2.19600519813e-06, 5.02106388467e-07, 1.79637015663e-06, 1.49326569954e-06, 2.82605554958e-07, 1.87413377262e-07, 1.01812076991e-06, 2.44945368877e-07, 2.81118047951e-07, 1.33900371679e-07, 1.29181373154e-07, 3.20240260976e-08, 9.34764710081e-09, 5.88021453751e-09, 5.15970954851e-09, 2.97888291811e-09, 3.02369898009e-08],
        "var": [1.14760653237e-12, 5.59242607778e-09, 8.1086739101e-08, 3.40681094713e-06, 3.5130640299e-06, 9.9573562693e-06, 5.89695991948e-06, 1.42811404658e-05, 5.09363462697e-06, 0.000142263132147, 4.75171509606e-05, 6.16160241407e-06, 7.9273411302e-07, 1.99854532923e-08, 2.22015517082e-09, 5.33984634288e-10, 1.35165594273e-08, 8.75912745113e-11, 5.40445466157e-10, 4.03672606453e-09, 1.45151312844e-11, 1.36851820024e-13, 4.05616024709e-14, 6.50815393331e-14, 8.91984138732e-15, 8.87721767298e-14, 3.03340218341e-14]
    },
    "erbbands": {
        "dmean": [0.000249730597716, 0.00644273450598, 0.0544245913625, 0.824553668499, 2.43647480011, 1.12032198906, 2.65495014191, 6.48603248596, 6.80712938309, 8.47257328033, 23.5108833313, 11.9765625, 27.5818271637, 63.2125244141, 35.2542800903, 16.2533855438, 10.0527935028, 3.17723250389, 1.37810659409, 0.235444158316, 0.431750208139, 1.63204085827, 0.237283855677, 0.183702260256, 0.468665063381, 0.430706590414, 0.0962193980813, 0.0363253615797, 0.010598060675, 0.00341412075795, 0.00168662844226, 0.00184108002577, 0.000929637986701, 0.000500986585394, 0.000322841282468, 0.000566283415537, 0.000136830160045, 4.91732243972e-05, 1.37528786581e-05, 7.45666375224e-06],
        "dmean2": [0.000373622140614, 0.00952591281384, 0.0956911221147, 1.50801622868, 4.59668397903, 2.02375006676, 4.49997854233, 9.242436409, 7.40930700302, 13.9804525375, 37.0748786926, 20.0285015106, 39.9475250244, 93.609161377, 61.5423812866, 27.024438858, 18.2079811096, 5.24421024323, 2.48948788643, 0.351965487003, 0.712917208672, 2.75233078003, 0.38861516118, 0.297328084707, 0.772754073143, 0.758361279964, 0.170172169805, 0.0642634257674, 0.0169950108975, 0.00585047667846, 0.00268734130077, 0.00309639982879, 0.00147312053014, 0.000779805297498, 0.000529358687345, 0.000959736702498, 0.00022615758644, 8.49136413308e-05, 2.34961244132e-05, 1.23035169963e-05],
        "dvar": [2.59966043359e-07, 0.000391295732697, 0.0924517810345, 11.2694978714, 68.6212921143, 17.2872276306, 191.18196106, 604.735473633, 854.822021484, 1553.76928711, 7655.04150391, 4415.30517578, 23055.3769531, 77365.90625, 24910.4941406, 7727.9375, 3186.03588867, 166.338134766, 48.9087486267, 0.8635892272, 3.04385495186, 51.7466506958, 1.05655181408, 0.417837888002, 7.5587553978, 7.44127035141, 0.21070663631, 0.0111664356664, 0.000209133591852, 6.77924035699e-05, 2.37108270085e-05, 4.91697792313e-05, 7.51269863031e-06, 1.65910716987e-06, 7.20446053037e-07, 5.13261056767e-06, 1.2316652942e-07, 1.37016140656e-08, 3.71751684991e-10, 7.23063497965e-10],
        "dvar2": [4.32610534062e-07, 0.000659361423459, 0.261855989695, 37.3802185059, 223.582901001, 50.3771209717, 359.389038086, 1262.84484863, 1111.34667969, 3652.15600586, 20014.8769531, 11587.1816406, 40111.0585938, 187570.578125, 74342.203125, 19795.1113281, 9727.32421875, 507.006988525, 153.168487549, 2.49007201195, 8.35035896301, 131.732406616, 2.54807448387, 1.09906065464, 19.4153137207, 15.4900856018, 0.578329801559, 0.031391389668, 0.000538037100341, 0.000183211974218, 6.04578926868e-05, 0.000134323374368, 2.21704976866e-05, 5.05932075612e-06, 2.18200511881e-06, 1.69361210283e-05, 3.75133680564e-07, 4.42525944777e-08, 1.14012088659e-09, 1.59476165607e-09],
        "max": [0.00592670636252, 0.214496538043, 2.70492386818, 24.0324020386, 59.0345306396, 38.620136261, 124.051086426, 251.870803833, 267.218353271, 362.617095947, 849.542785645, 624.656188965, 1574.98583984, 2724.36889648, 1417.42236328, 847.288146973, 486.800048828, 108.095436096, 59.7966537476, 8.36284637451, 15.681602478, 64.0127410889, 9.63210201263, 5.88393115997, 25.0102386475, 23.9852733612, 4.05456209183, 0.929887890816, 0.122196823359, 0.0530113317072, 0.0437033958733, 0.0607674941421, 0.0229803454131, 0.0105842361227, 0.00654382770881, 0.0152075421065, 0.00320899998769, 0.000983375590295, 0.000181565614184, 0.000262096320512],
        "mean": [0.000313680240652, 0.00763484602794, 0.0472765155137, 0.708835422993, 2.33794331551, 1.34333026409, 3.21757555008, 7.72954797745, 10.4377450943, 10.2348947525, 41.7420272827, 12.8840856552, 28.4069728851, 61.685005188, 36.3289489746, 15.1130046844, 7.76701450348, 3.47821450233, 1.16382408142, 0.27495932579, 0.524044275284, 1.8677264452, 0.363024145365, 0.338156789541, 0.475289434195, 0.483906418085, 0.127350106835, 0.0742581784725, 0.026751825586, 0.00672930432484, 0.00355435023084, 0.00251159095205, 0.00160969083663, 0.00104633427691, 0.000687270774506, 0.000639300153125, 0.000297146500088, 0.000147143888171, 6.26979090157e-05, 1.90854298125e-05],
        "median": [0.000179858150659, 0.00261027482338, 0.00623826915398, 0.0186970345676, 0.0992038846016, 0.427318304777, 0.289913892746, 0.169366315007, 0.132018521428, 2.14322400093, 28.0203895569, 3.64488577843, 0.26706930995, 0.251262813807, 0.466495931149, 0.174375787377, 0.195474296808, 0.248213529587, 0.185252934694, 0.0551141798496, 0.183866858482, 0.677883207798, 0.195102497935, 0.229963898659, 0.176006212831, 0.137895867229, 0.0864532664418, 0.0661330968142, 0.0257364921272, 0.00514939054847, 0.00260132341646, 0.00134812283795, 0.00113707431592, 0.000827830110211, 0.000542343361303, 0.000293426419375, 0.000254234560998, 0.000139613097417, 6.28588386462e-05, 1.23302997963e-05],
        "min": [3.93753362005e-06, 6.57378986944e-05, 0.00042613138794, 0.00139928981662, 0.0153492204845, 0.029777251184, 0.0273147281259, 0.0441705584526, 0.0476723462343, 0.901539087296, 0.711841583252, 0.41230404377, 0.10100812465, 0.0964920222759, 0.0531307160854, 0.0315235778689, 0.0676645711064, 0.0718144476414, 0.0538858175278, 0.0153135545552, 0.0160359162837, 0.0567388311028, 0.027407919988, 0.0146959153935, 0.0121346991509, 0.00663510942832, 0.00521962204948, 0.00394587917253, 0.00139099312946, 0.000371954840375, 0.000182808144018, 0.000133566922159, 0.000109845590487, 6.39171703369e-05, 4.41860902356e-05, 2.30600362556e-05, 7.34215836928e-06, 6.06992853136e-06, 9.12070481718e-06, 2.3691302431e-06],
        "var": [4.02770410801e-07, 0.000558340747375, 0.0655229464173, 8.33245849609, 69.6855316162, 17.6206855774, 254.648117065, 856.401062012, 1695.65234375, 1595.06506348, 7204.54101562, 3593.35253906, 31348.6503906, 101253.429688, 24877.4003906, 7007.65527344, 2101.09228516, 190.117980957, 32.157081604, 1.09382605553, 3.42658519745, 52.7504959106, 1.08444929123, 0.422662079334, 5.76426172256, 7.1934709549, 0.135979995131, 0.00707569438964, 0.000245766917942, 6.33286399534e-05, 2.70554646704e-05, 4.76711356896e-05, 7.1583767749e-06, 1.5665752926e-06, 7.21426033579e-07, 3.87372028854e-06, 1.02177963868e-07, 1.06962119162e-08, 5.03529329343e-10, 1.07759745571e-09]
    },
    "gfcc": {
        "mean": [-186.663208008, 113.648994446, -122.541542053, -15.372136116, -55.1677780151, -38.0548400879, -14.2172956467, 3.58163642883, -15.4509687424, -1.06327843666, -19.6068229675, -12.7507266998, -17.580072403],
        "cov": [[1620.44592285, 876.626098633, -303.502502441, -575.36932373, -0.90139490366, 264.159545898, -58.6775016785, -178.154083252, -253.566619873, -187.291778564, 111.332931519, 93.2017822266, 92.5488739014], [876.626098633, 1401.91345215, -71.2515411377, -637.077514648, 50.2004508972, 229.443786621, -117.979515076, -390.157012939, -241.129501343, -205.07081604, 131.492141724, 65.6764144897, 92.6075897217], [-303.502502441, -71.2515411377, 211.090316772, 154.515579224, 17.7662620544, -20.6580524445, -3.57449293137, 42.9260177612, 70.4682922363, 31.3932685852, -36.6575050354, -5.4278922081, -26.9579257965], [-575.36932373, -637.077514648, 154.515579224, 417.156188965, 13.5027341843, -118.866279602, 68.9460449219, 197.283691406, 163.860153198, 123.087898254, -72.152961731, -37.7749633789, -54.0492668152], [-0.90139490366, 50.2004508972, 17.7662620544, 13.5027341843, 36.6529197693, 14.59354496, 13.2818822861, 4.25541543961, 13.5708408356, 6.33410406113, 4.19188833237, -3.53202104568, -4.01118946075], [264.159545898, 229.443786621, -20.6580524445, -118.866279602, 14.59354496, 105.975273132, 2.2850959301, -34.4961395264, -47.7549819946, -37.3643951416, 35.9140167236, 27.1242656708, 19.6543941498], [-58.6775016785, -117.979515076, -3.57449293137, 68.9460449219, 13.2818822861, 2.2850959301, 51.3212242126, 59.0324249268, 35.2686271667, 31.5345535278, -3.00892972946, -4.47881793976, -6.79653501511], [-178.154083252, -390.157012939, 42.9260177612, 197.283691406, 4.25541543961, -34.4961395264, 59.0324249268, 155.909072876, 91.1272735596, 67.059463501, -35.4117851257, -12.0777807236, -29.2486400604], [-253.566619873, -241.129501343, 70.4682922363, 163.860153198, 13.5708408356, -47.7549819946, 35.2686271667, 91.1272735596, 99.4527359009, 62.5581283569, -28.2072868347, -16.377040863, -25.3096752167], [-187.291778564, -205.07081604, 31.3932685852, 123.087898254, 6.33410406113, -37.3643951416, 31.5345535278, 67.059463501, 62.5581283569, 60.3683738708, -10.185256958, -9.78339195251, -14.0071611404], [111.332931519, 131.492141724, -36.6575050354, -72.152961731, 4.19188833237, 35.9140167236, -3.00892972946, -35.4117851257, -28.2072868347, -10.185256958, 40.4151687622, 21.1004314423, 18.5736560822], [93.2017822266, 65.6764144897, -5.4278922081, -37.7749633789, -3.53202104568, 27.1242656708, -4.47881793976, -12.0777807236, -16.377040863, -9.78339195251, 21.1004314423, 36.3310890198, 22.4538002014], [92.5488739014, 92.6075897217, -26.9579257965, -54.0492668152, -4.01118946075, 19.6543941498, -6.79653501511, -29.2486400604, -25.3096752167, -14.0071611404, 18.5736560822, 22.4538002014, 31.2997837067]],
        "icov": [[0.00438724365085, -0.00803326722234, 0.0112488996238, -0.00623810663819, 0.00490468600765, -0.00526138115674, 0.0105247041211, -0.0143893444911, 0.00651242909953, -0.00521265855059, 0.0107810162008, -0.00852064508945, 0.00513183977455], [-0.00803326722234, 0.0296036731452, -0.0332700274885, 0.0283940918744, -0.0260705221444, 0.00788645911962, -0.028682090342, 0.0435864664614, -0.0188356991857, 0.02244483307, -0.0321960225701, 0.0224341545254, -0.0194253325462], [0.0112488996238, -0.0332700274885, 0.0544176213443, -0.0394561886787, 0.0251044332981, -0.023393234238, 0.0447101481259, -0.0405356772244, 0.0129535635933, -0.0254740230739, 0.0513152517378, -0.0393314957619, 0.0304856076837], [-0.00623810663819, 0.0283940918744, -0.0394561886787, 0.047201693058, -0.0300013553351, 0.0177949331701, -0.0313899293542, 0.0268458239734, -0.013501342386, 0.0102773727849, -0.0269239787012, 0.0219139270484, -0.0208493284881], [0.00490468600765, -0.0260705221444, 0.0251044332981, -0.0300013553351, 0.067499615252, -0.0136493546888, 0.0105020506307, -0.0260919369757, 0.00230116816238, -0.0136707583442, 0.0171651244164, -0.00763232447207, 0.0185999218374], [-0.00526138115674, 0.00788645911962, -0.023393234238, 0.0177949331701, -0.0136493546888, 0.0418443605304, -0.0269715357572, -0.00114704517182, 0.00321822147816, 0.0198406409472, -0.033370308578, 0.00841453671455, -0.00690246699378], [0.0105247041211, -0.028682090342, 0.0447101481259, -0.0313899293542, 0.0105020506307, -0.0269715357572, 0.0886174961925, -0.0585230030119, 0.0164843518287, -0.034746311605, 0.0334897898138, -0.0163648668677, 0.0105294818059], [-0.0143893444911, 0.0435864664614, -0.0405356772244, 0.0268458239734, -0.0260919369757, -0.00114704517182, -0.0585230030119, 0.107965618372, -0.0433591492474, 0.0232910942286, -0.0241893157363, 0.013582889922, -0.0094367871061], [0.00651242909953, -0.0188356991857, 0.0129535635933, -0.013501342386, 0.00230116816238, 0.00321822147816, 0.0164843518287, -0.0433591492474, 0.0666615143418, -0.0453371070325, 0.0283818487078, -0.016998283565, 0.0146183548495], [-0.00521265855059, 0.02244483307, -0.0254740230739, 0.0102773727849, -0.0136707583442, 0.0198406409472, -0.034746311605, 0.0232910942286, -0.0453371070325, 0.109599024057, -0.0720060840249, 0.032213523984, -0.0231723021716], [0.0107810162008, -0.0321960225701, 0.0513152517378, -0.0269239787012, 0.0171651244164, -0.033370308578, 0.0334897898138, -0.0241893157363, 0.0283818487078, -0.0720060840249, 0.130647405982, -0.0692165195942, 0.0317606180906], [-0.00852064508945, 0.0224341545254, -0.0393314957619, 0.0219139270484, -0.00763232447207, 0.00841453671455, -0.0163648668677, 0.013582889922, -0.016998283565, 0.032213523984, -0.0692165195942, 0.103920221329, -0.0671443119645], [0.00513183977455, -0.0194253325462, 0.0304856076837, -0.0208493284881, 0.0185999218374, -0.00690246699378, 0.0105294818059, -0.0094367871061, 0.0146183548495, -0.0231723021716, 0.0317606180906, -0.0671443119645, 0.0954603850842]]
    },
    "melbands": {
        "dmean": [4.18373247157e-06, 1.93062915059e-05, 0.000214925894397, 0.000125114936964, 7.88006291259e-05, 0.000142801465699, 9.1607835202e-05, 0.000104103033664, 0.000173223685124, 6.89877633704e-05, 0.000173981854459, 0.000295209261822, 0.000159267699928, 6.01657338848e-05, 3.09844072035e-05, 1.62067990459e-05, 4.43396857008e-06, 2.6245677418e-06, 3.53514394646e-07, 2.74862287597e-07, 5.24449831119e-07, 1.99101918952e-06, 4.91120317747e-07, 9.78930714268e-08, 1.48052578197e-07, 2.34965355617e-07, 5.51691698547e-07, 2.12735145055e-07, 6.41595718776e-08, 3.94553367755e-08, 1.54086148285e-08, 7.72506147939e-09, 2.51174525623e-09, 1.87206827817e-09, 1.09653364166e-09, 1.117353432e-09, 1.18016862949e-09, 7.4371686587e-10, 4.99358998596e-10, 4.11642581133e-10],
        "dmean2": [6.16403622189e-06, 3.13994132739e-05, 0.000397877971409, 0.000237122629187, 0.000130490225274, 0.000197953195311, 0.000110029955977, 0.000195552231162, 0.000267770112259, 0.000121758122987, 0.000233025930356, 0.000431679189205, 0.000277765182545, 9.5575072919e-05, 5.69942058064e-05, 2.91343258141e-05, 7.73363808548e-06, 4.76817194794e-06, 5.91793423155e-07, 4.90993443236e-07, 8.78177843333e-07, 3.30397551807e-06, 8.41932774165e-07, 1.55576273642e-07, 2.3852180675e-07, 4.14189571529e-07, 8.70544795362e-07, 3.83862101216e-07, 1.20057308095e-07, 7.19420683026e-08, 2.64454360632e-08, 1.26540991019e-08, 4.16973477968e-09, 3.23312976391e-09, 1.77315562233e-09, 1.96152316612e-09, 1.90971172209e-09, 1.18889420531e-09, 8.53149551006e-10, 6.5225086443e-10],
        "dvar": [1.2791749604e-10, 9.77782566025e-09, 6.17995624452e-07, 1.76704730848e-07, 1.50149006117e-07, 2.90601690267e-07, 1.64147962778e-07, 2.54854001014e-07, 3.85189792951e-07, 1.68037360027e-07, 9.00708357676e-07, 1.80390225069e-06, 7.75449734647e-07, 9.05746446733e-08, 3.72914570335e-08, 5.9220961468e-09, 3.55897866733e-10, 1.90199148098e-10, 2.08638228222e-12, 1.55347978405e-12, 4.29644427674e-12, 7.68398469853e-11, 4.60694243171e-12, 1.02582649135e-13, 2.38849955439e-13, 1.60850282746e-12, 1.14553895883e-11, 1.75175856893e-12, 1.00246600029e-13, 1.94005900076e-14, 1.0009787502e-15, 9.11064138204e-17, 1.61050774862e-17, 2.30448482016e-17, 8.55709823726e-18, 1.46045255329e-17, 2.20088243367e-17, 4.58928861472e-18, 1.77979220486e-18, 9.45684575059e-19],
        "dvar2": [2.51078463576e-10, 2.5341691412e-08, 2.03432091439e-06, 5.87040290156e-07, 2.76307304148e-07, 5.81618280648e-07, 2.24149900419e-07, 5.79225684305e-07, 9.76340743364e-07, 4.6316918656e-07, 1.63892991623e-06, 4.1922771743e-06, 2.17905676436e-06, 2.17559161797e-07, 1.09797703374e-07, 1.83518498176e-08, 1.03294062193e-09, 5.90097248843e-10, 6.75822982646e-12, 3.36415487481e-12, 1.2864786493e-11, 1.9823419295e-10, 1.09937310991e-11, 2.30424972722e-13, 6.18363162324e-13, 4.49385927775e-12, 2.62949956947e-11, 3.56989546431e-12, 2.90583421041e-13, 5.61747778285e-14, 2.74200319839e-15, 2.34090816333e-16, 4.47757961008e-17, 6.41872303006e-17, 2.21561749823e-17, 4.11795721394e-17, 5.96708307736e-17, 1.39975288189e-17, 4.98748219467e-18, 2.93623495537e-18],
        "max": [0.000125626334921, 0.000913974072319, 0.00501062301919, 0.0028335894458, 0.00350183574483, 0.00546895479783, 0.00352005008608, 0.00418464280665, 0.00611172895879, 0.00370203889906, 0.0100484173745, 0.0137780858204, 0.0081523777917, 0.00285039097071, 0.00168356171343, 0.00067193841096, 0.000174761516973, 0.000116574745334, 1.13141595648e-05, 1.10583332571e-05, 1.84874916158e-05, 7.90098129073e-05, 1.84917880688e-05, 3.24059510604e-06, 4.51759751741e-06, 1.12980051199e-05, 3.07772024826e-05, 1.1472303413e-05, 2.64918526227e-06, 1.17928914278e-06, 2.82457875755e-07, 7.07425229507e-08, 2.7335735453e-08, 3.12095203014e-08, 2.48301468275e-08, 2.89583574897e-08, 4.22332604444e-08, 1.87149566955e-08, 9.67965263499e-09, 8.29503044031e-09],
        "mean": [4.96888833368e-06, 1.6798150682e-05, 0.000198748210096, 0.000123305784655, 0.000100000535895, 0.000183497570106, 0.000144874531543, 0.000148769002408, 0.000316154561006, 6.01826141065e-05, 0.000165039600688, 0.000276610226138, 0.000156778041855, 5.28844611836e-05, 2.49208260357e-05, 1.3107543964e-05, 5.43782971363e-06, 2.16230455408e-06, 3.4004722238e-07, 4.01792902949e-07, 5.82668064908e-07, 2.20429933506e-06, 6.65073571327e-07, 1.75155904003e-07, 2.80655285678e-07, 2.99417536098e-07, 5.08810956035e-07, 2.52861241279e-07, 7.29729308091e-08, 6.59976393536e-08, 3.47782176391e-08, 1.79032006997e-08, 5.44165290606e-09, 2.88498447354e-09, 2.06600136998e-09, 1.71980929498e-09, 1.45644374339e-09, 1.16528819927e-09, 9.30054533388e-10, 8.53538517642e-10],
        "median": [2.3895013328e-06, 3.45317744177e-06, 5.6883891375e-06, 1.61710595421e-05, 1.54129756993e-05, 3.30464899889e-06, 1.29987779474e-06, 4.46408048447e-05, 0.000218799934373, 7.2698949225e-06, 7.40272810162e-07, 8.40601671825e-07, 1.75777154254e-06, 5.13137933922e-07, 4.59933147567e-07, 5.03008322994e-07, 4.66993697046e-07, 3.45514905575e-07, 5.45853389156e-08, 1.22752410903e-07, 2.12747664818e-07, 7.59547560847e-07, 3.05062854977e-07, 1.30294182554e-07, 1.9187903888e-07, 1.73114315771e-07, 1.06291906832e-07, 8.33799589373e-08, 4.91917084844e-08, 5.56255628226e-08, 3.19239390478e-08, 1.6628179722e-08, 4.71165728655e-09, 1.9462977896e-09, 1.56019941411e-09, 1.02663721968e-09, 7.13776981964e-10, 8.08770106442e-10, 6.9533495628e-10, 7.14596382068e-10],
        "min": [6.0005568514e-08, 1.589755243e-07, 2.45736771376e-07, 1.98833299692e-06, 1.21793937069e-06, 7.77150660269e-07, 2.60892306869e-07, 1.40271258715e-05, 4.47063530373e-06, 1.78364280146e-06, 1.01944173991e-07, 2.96824055113e-07, 2.36264369846e-07, 9.6761247903e-08, 1.59929527399e-07, 1.83621736483e-07, 1.14479952629e-07, 1.15304345627e-07, 1.56371964266e-08, 1.80351218404e-08, 1.9804714313e-08, 6.81760212728e-08, 3.86787739615e-08, 9.49846423737e-09, 1.13912070887e-08, 1.02928181533e-08, 5.16524867322e-09, 3.96135790837e-09, 2.84990520072e-09, 2.76800515842e-09, 1.4382127711e-09, 7.23230364486e-10, 2.87695617329e-10, 1.62131225112e-10, 7.78900624554e-11, 7.84176681923e-11, 7.1699528259e-11, 6.57364926382e-11, 4.88460001613e-11, 4.58384857849e-11],
        "var": [1.59666321831e-10, 7.81470799183e-09, 5.52492679162e-07, 1.68213603047e-07, 2.10126785305e-07, 4.47814244353e-07, 3.14285102831e-07, 2.85598815708e-07, 3.89958444202e-07, 1.19581514468e-07, 1.14973158816e-06, 2.27187842938e-06, 6.49748187698e-07, 8.59316529045e-08, 2.43829809676e-08, 4.62322580219e-09, 4.1434150555e-10, 1.18084875211e-10, 1.97208829128e-12, 2.14987316144e-12, 4.24480025782e-12, 7.74385972013e-11, 4.75567024996e-12, 1.06503564648e-13, 2.61436922458e-13, 1.0858652302e-12, 1.00321756111e-11, 1.72431730353e-12, 5.63957280669e-14, 1.09969703089e-14, 7.71133342406e-16, 1.13899077814e-16, 1.53576354304e-17, 2.15265317175e-17, 8.74693287912e-18, 1.45268450016e-17, 2.03974367988e-17, 4.06803454787e-18, 1.7192647111e-18, 8.65346105631e-19]
    },
    "mfcc": {
        "mean": [-839.137451172, 165.719436646, -24.3349056244, 22.7671031952, -25.3835849762, -22.925737381, -4.68541431427, -8.54356765747, 2.30084300041, -3.18709754944, 9.11952781677, 8.67306041718, -9.69944095612],
        "cov": [[1782.49865723, 1043.19494629, -237.175140381, -738.260437012, -87.6981506348, 81.4319381714, 133.280975342, 61.0576820374, -233.699356079, -159.4115448, -327.213317871, -97.4159164429, 75.0120697021], [1043.19494629, 1262.6385498, 65.7102127075, -748.554931641, 20.9262714386, 129.140670776, 61.9738388062, -10.0019865036, -264.559875488, -231.834625244, -293.248718262, -112.307579041, 46.8162689209], [-237.175140381, 65.7102127075, 163.816726685, 49.1766853333, 51.8011932373, 29.491607666, -29.867433548, -5.12876939774, 9.13234233856, -17.3126716614, 28.6419868469, -2.80618143082, -6.13329315186], [-738.260437012, -748.554931641, 49.1766853333, 562.248046875, 35.2650146484, -64.9177322388, -58.6811981201, 6.00220727921, 191.94090271, 141.313934326, 221.706787109, 81.4328460693, -40.1303749084], [-87.6981506348, 20.9262714386, 51.8011932373, 35.2650146484, 45.3108558655, 15.8993434906, -10.2606306076, -0.542180657387, 8.5941619873, 2.003657341, 23.4735355377, 8.27867794037, -3.17429614067], [81.4319381714, 129.140670776, 29.491607666, -64.9177322388, 15.8993434906, 37.9631767273, 13.8081321716, 4.93678760529, -18.1459903717, -18.2436923981, -19.4416809082, -6.3256444931, 12.5496435165], [133.280975342, 61.9738388062, -29.867433548, -58.6811981201, -10.2606306076, 13.8081321716, 45.2109870911, 18.4806270599, -12.9731884003, 2.14851546288, -25.1302604675, -1.21476721764, 16.2795295715], [61.0576820374, -10.0019865036, -5.12876939774, 6.00220727921, -0.542180657387, 4.93678760529, 18.4806270599, 47.5482139587, 23.8911571503, 14.9181175232, 8.11638259888, 2.09405016899, 10.9014987946], [-233.699356079, -264.559875488, 9.13234233856, 191.94090271, 8.5941619873, -18.1459903717, -12.9731884003, 23.8911571503, 95.3420715332, 67.4477996826, 84.984664917, 31.1230697632, -9.52877807617], [-159.4115448, -231.834625244, -17.3126716614, 141.313934326, 2.003657341, -18.2436923981, 2.14851546288, 14.9181175232, 67.4477996826, 73.8782806396, 70.0930099487, 29.7397861481, -3.14776468277], [-327.213317871, -293.248718262, 28.6419868469, 221.706787109, 23.4735355377, -19.4416809082, -25.1302604675, 8.11638259888, 84.984664917, 70.0930099487, 114.981246948, 46.0511894226, -11.0482988358], [-97.4159164429, -112.307579041, -2.80618143082, 81.4328460693, 8.27867794037, -6.3256444931, -1.21476721764, 2.09405016899, 31.1230697632, 29.7397861481, 46.0511894226, 35.8594322205, 6.5430598259], [75.0120697021, 46.8162689209, -6.13329315186, -40.1303749084, -3.17429614067, 12.5496435165, 16.2795295715, 10.9014987946, -9.52877807617, -3.14776468277, -11.0482988358, 6.5430598259, 27.2271442413]],
