{
"lowlevel": {
    "average_loudness": 0.740223586559,
    "barkbands_crest": {
        "dmean": 2.48705506325,
        "dmean2": 3.83944940567,
        "dvar": 3.48661160469,
        "dvar2": 9.34193325043,
        "max": 19.6233329773,
        "mean": 11.1189279556,
        "median": 10.4791822433,
        "min": 3.5320224762,
        "var": 23.4626808167
    },
    "barkbands_flatness_db": {
        "dmean": 0.0175424702466,
        "dmean2": 0.0259134657681,
        "dvar": 0.000720778829418,
        "dvar2": 0.00109937624075,
        "max": 0.389658331871,
        "mean": 0.158501207829,
        "median": 0.12623141706,
        "min": 0.0584842152894,
        "var": 0.00709759024903
    },
    "barkbands_kurtosis": {
        "dmean": 1.75140094757,
        "dmean2": 2.50868988037,
        "dvar": 5.7883682251,
        "dvar2": 8.92008686066,
        "max": 30.123374939,
        "mean": 5.89119911194,
        "median": 1.28795623779,
        "min": -1.62982463837,
        "var": 94.0814437866
    },
    "barkbands_skewness": {
        "dmean": 0.336247771978,
        "dmean2": 0.48938781023,
        "dvar": 0.0703295841813,
        "dvar2": 0.119629107416,
        "max": 4.72199487686,
        "mean": 1.68385529518,
        "median": 1.44500637054,
        "min": -0.0701396465302,
        "var": 1.64684975147
    },
    "barkbands_spread": {
        "dmean": 3.24889397621,
        "dmean2": 5.17735528946,
        "dvar": 24.5740242004,
        "dvar2": 47.2401885986,
        "max": 45.7933235168,
        "mean": 22.1478252411,
        "median": 22.4174728394,
        "min": 1.13306605816,
        "var": 218.864456177
    },
    "dissonance": {
        "dmean": 0.01421111729,
        "dmean2": 0.0221062321216,
        "dvar": 0.000304632965708,
        "dvar2": 0.000654436880723,
        "max": 0.497548937798,
        "mean": 0.465336471796,
        "median": 0.484593749046,
        "min": 0.329576045275,
        "var": 0.0017087366432
    },
    "dynamic_complexity": 10.3775472641,
    "erbbands_crest": {
        "dmean": 1.84807252884,
        "dmean2": 2.56503462791,
        "dvar": 3.11547064781,
        "dvar2": 4.91101408005,
        "max": 28.5316410065,
        "mean": 11.8920660019,
        "median": 8.68537712097,
        "min": 5.29489660263,
        "var": 43.4954109192
    },
    "erbbands_flatness_db": {
        "dmean": 0.0141087835655,
        "dmean2": 0.0206146780401,
        "dvar": 0.000623211439233,
        "dvar2": 0.0011528666364,
        "max": 0.393941909075,
        "mean": 0.20017491281,
        "median": 0.16755284369,
        "min": 0.13290451467,
        "var": 0.00437250360847
    },
    "erbbands_kurtosis": {
        "dmean": 1.01069152355,
        "dmean2": 1.43487119675,
        "dvar": 2.64766693115,
        "dvar2": 4.26744794846,
        "max": 20.399394989,
        "mean": 1.444658041,
        "median": -0.242722272873,
        "min": -1.66710925102,
        "var": 20.9953174591
    },
    "erbbands_skewness": {
        "dmean": 0.289076149464,
        "dmean2": 0.433561384678,
        "dvar": 0.106073573232,
        "dvar2": 0.151840806007,
        "max": 3.48914980888,
        "mean": 0.341290384531,
        "median": 0.0323827788234,
        "min": -1.36008250713,
        "var": 1.76825559139
    },
    "erbbands_spread": {
        "dmean": 4.49578905106,
        "dmean2": 7.54598712921,
        "dvar": 21.3662853241,
        "dvar2": 48.6730995178,
        "max": 61.8836669922,
        "mean": 34.5147705078,
        "median": 36.2556190491,
        "min": 5.53699827194,
        "var": 228.242675781
    },
    "hfc": {
        "dmean": 2.85887646675,
        "dmean2": 4.4128484726,
        "dvar": 213.515731812,
        "dvar2": 468.038269043,
        "max": 122.413589478,
        "mean": 3.86376452446,
        "median": 0.276062130928,
        "min": 0.00342128588818,
        "var": 248.922561646
    },
    "melbands_crest": {
        "dmean": 3.40905618668,
        "dmean2": 5.30432891846,
        "dvar": 7.43278264999,
        "dvar2": 19.1561946869,
        "max": 27.05742836,
        "mean": 14.9495725632,
        "median": 14.1822595596,
        "min": 4.88178062439,
        "var": 31.2828998566
    },
    "melbands_flatness_db": {
        "dmean": 0.0210285466164,
        "dmean2": 0.0309080034494,
        "dvar": 0.000946228217799,
        "dvar2": 0.00135969708208,
        "max": 0.501844584942,
        "mean": 0.234797134995,
        "median": 0.206275224686,
        "min": 0.0847699567676,
        "var": 0.00993374828249
    },
    "melbands_kurtosis": {
        "dmean": 2.45706391335,
        "dmean2": 3.46170449257,
        "dvar": 4.05138731003,
        "dvar2": 7.69691944122,
        "max": 32.680770874,
        "mean": 9.00679683685,
        "median": 7.12149524689,
        "min": -0.554102897644,
        "var": 64.2240600586
    },
    "melbands_skewness": {
        "dmean": 0.423752307892,
        "dmean2": 0.630400836468,
        "dvar": 0.107656650245,
        "dvar2": 0.273747831583,
        "max": 4.64777135849,
        "mean": 2.28246259689,
        "median": 2.08073163033,
        "min": 0.696922540665,
        "var": 0.85650318861
    },
    "melbands_spread": {
        "dmean": 5.47711181641,
        "dmean2": 9.22358322144,
        "dvar": 55.6904144287,
        "dvar2": 101.929611206,
        "max": 58.7852630615,
        "mean": 25.3701515198,
        "median": 20.7473659515,
        "min": 1.8336507082,
        "var": 342.105010986
    },
    "pitch_salience": {
        "dmean": 0.0624464340508,
        "dmean2": 0.100724555552,
        "dvar": 0.00303629972041,
        "dvar2": 0.00670759612694,
        "max": 0.881438434124,
        "mean": 0.605057954788,
        "median": 0.615578234196,
        "min": 0.389107197523,
        "var": 0.0140071129426
    },
    "silence_rate_20dB": {
        "dmean": 0,
        "dmean2": 0,
        "dvar": 0,
        "dvar2": 0,
        "max": 1,
        "mean": 1,
        "median": 1,
        "min": 1,
        "var": 0
    },
    "silence_rate_30dB": {
        "dmean": 0.0222222227603,
        "dmean2": 0.0449438206851,
        "dvar": 0.0217284392565,
        "dvar2": 0.0429238267243,
        "max": 1,
        "mean": 0.967032968998,
        "median": 1,
        "min": 0,
        "var": 0.0318801216781
    },
    "silence_rate_60dB": {
        "dmean": 0.0222222227603,
        "dmean2": 0.0449438206851,
        "dvar": 0.0217284280807,
        "dvar2": 0.0429238453507,
        "max": 1,
        "mean": 0.791208803654,
        "median": 1,
        "min": 0,
        "var": 0.165197193623
    },
    "spectral_centroid": {
        "dmean": 157.618087769,
        "dmean2": 248.572113037,
        "dvar": 54556.4726562,
        "dvar2": 89686.7734375,
        "max": 2844.42236328,
        "mean": 1504.45483398,
        "median": 1534.44055176,
        "min": 270.303894043,
        "var": 596179.1875
    },
    "spectral_complexity": {
        "dmean": 0.511111140251,
        "dmean2": 0.921348333359,
        "dvar": 2.11654186249,
        "dvar2": 4.34212732315,
        "max": 13,
        "mean": 2.28571438789,
        "median": 1,
        "min": 0,
        "var": 8.90737342834
    },
    "spectral_decrease": {
        "dmean": 1.5256538255e-09,
        "dmean2": 2.54026089053e-09,
        "dvar": 5.86599829778e-17,
        "dvar2": 1.0749233236e-16,
        "max": -2.97308971062e-13,
        "mean": -2.59135668479e-09,
        "median": -7.81492509594e-11,
        "min": -6.5424998752e-08,
        "var": 9.63970610183e-17
    },
    "spectral_energy": {
        "dmean": 0.00594210950658,
        "dmean2": 0.00998717173934,
        "dvar": 0.000909268623218,
        "dvar2": 0.00167299376335,
        "max": 0.254666656256,
        "mean": 0.010130815208,
        "median": 0.000318431062624,
        "min": 1.43243369166e-06,
        "var": 0.00147771183401
    },
    "spectral_energyband_high": {
        "dmean": 1.18265245419e-06,
        "dmean2": 2.07481230063e-06,
        "dvar": 2.5758019849e-12,
        "dvar2": 7.19828623791e-12,
        "max": 1.27644898384e-05,
        "mean": 5.00795613334e-06,
        "median": 5.43806390851e-06,
        "min": 1.17033614799e-07,
        "var": 3.91354440174e-12
    },
    "spectral_energyband_low": {
        "dmean": 0.000469552178401,
        "dmean2": 0.000571861572098,
        "dvar": 3.51965240952e-06,
        "dvar2": 4.95867607242e-06,
        "max": 0.0208265483379,
        "mean": 0.000854711863212,
        "median": 1.47587816173e-05,
        "min": 1.46070116003e-08,
        "var": 1.14384474728e-05
    },
    "spectral_energyband_middle_high": {
        "dmean": 0.000938154116739,
        "dmean2": 0.00169679708779,
        "dvar": 3.05202265736e-05,
        "dvar2": 8.46328548505e-05,
        "max": 0.0412953197956,
        "mean": 0.000641250982881,
        "median": 5.9994381445e-05,
        "min": 9.89197360468e-07,
        "var": 1.9207394871e-05
    },
    "spectral_energyband_middle_low": {
        "dmean": 0.00574877392501,
        "dmean2": 0.0090217506513,
        "dvar": 0.000724524608813,
        "dvar2": 0.00130542472471,
        "max": 0.244201272726,
        "mean": 0.00938520487398,
        "median": 0.000254858547123,
        "min": 3.12158192628e-07,
        "var": 0.00123577099293
    },
    "spectral_entropy": {
        "dmean": 0.10654553026,
        "dmean2": 0.13362018764,
        "dvar": 0.030089924112,
        "dvar2": 0.0258134640753,
        "max": 8.45718765259,
        "mean": 7.27875947952,
        "median": 7.532289505,
        "min": 5.42089605331,
        "var": 0.378135770559
    },
    "spectral_flux": {
        "dmean": 0.0127033442259,
        "dmean2": 0.0212410576642,
        "dvar": 0.00302462070249,
        "dvar2": 0.00732929399237,
        "max": 0.482793867588,
        "mean": 0.0244933664799,
        "median": 0.00725636305287,
        "min": 0.00304735545069,
        "var": 0.00430298270658
    },
    "spectral_kurtosis": {
        "dmean": 4.06068086624,
        "dmean2": 6.52670717239,
        "dvar": 122.535110474,
        "dvar2": 304.70980835,
        "max": 113.508384705,
        "mean": 11.6692581177,
        "median": 8.14129638672,
        "min": 4.98872804642,
        "var": 186.830093384
    },
    "spectral_rms": {
        "dmean": 0.000411585497204,
        "dmean2": 0.000650533998851,
        "dvar": 2.9174084375e-06,
        "dvar2": 5.38372705705e-06,
        "max": 0.015762463212,
        "mean": 0.00154553237371,
        "median": 0.000557372812182,
        "min": 3.73831026081e-05,
        "var": 7.49504988562e-06
    },
    "spectral_rolloff": {
        "dmean": 256.962890625,
        "dmean2": 423.163787842,
        "dvar": 184500.9375,
        "dvar2": 343988.21875,
        "max": 3682.17773438,
        "mean": 1733.06872559,
        "median": 2131.78710938,
        "min": 322.998046875,
        "var": 1392099.5
    },
    "spectral_skewness": {
        "dmean": 0.307810336351,
        "dmean2": 0.483599901199,
        "dvar": 0.321998327971,
        "dvar2": 0.725970923901,
        "max": 7.56610250473,
        "mean": 1.77547943592,
        "median": 1.42378127575,
        "min": 1.04985940456,
        "var": 1.01416802406
    },
    "spectral_spread": {
        "dmean": 330769.875,
        "dmean2": 425539.5625,
        "dvar": 1.19759464038e+12,
        "dvar2": 939018223616,
        "max": 14753009,
        "mean": 3025352,
        "median": 3027977,
        "min": 779019.375,
        "var": 1.84647168819e+12
    },
    "spectral_strongpeak": {
        "dmean": 0.140909403563,
        "dmean2": 0.203603535891,
        "dvar": 0.130461633205,
        "dvar2": 0.30913823843,
        "max": 3.24052476883,
        "mean": 0.386823296547,
        "median": 0.12573941052,
        "min": 0.000766720215324,
        "var": 0.361354857683
    },
    "zerocrossingrate": {
        "dmean": 0.00820312462747,
        "dmean2": 0.01025390625,
        "dvar": 9.72705383901e-05,
        "dvar2": 9.94660877041e-05,
        "max": 0.1123046875,
        "mean": 0.059087395668,
        "median": 0.05859375,
        "min": 0.01171875,
        "var": 0.000843317946419
    },
    "barkbands": {
        "dmean": [5.33139029812e-07, 8.0271220213e-06, 8.07265241747e-05, 0.000616004166659, 0.00318329245783, 0.00147609657142, 0.0011001364328, 0.00117937894538, 0.000305218738504, 0.000736534944735, 0.000227378448471, 2.58933578152e-05, 1.57369813678e-05, 3.41384202329e-06, 8.70003259479e-06, 7.36507627153e-06, 1.43772667798e-05, 8.63093009684e-06, 4.71944031233e-06, 1.84809141501e-06, 5.11052405727e-07, 2.1232921199e-07, 1.59399036193e-08, 1.0318891519e-08, 1.43584832912e-08, 2.09534611884e-08, 5.82887267342e-08],
        "dmean2": [8.64937874212e-07, 1.254844301e-05, 9.44613566389e-05, 0.000854331476148, 0.00453196186572, 0.00153281667735, 0.00170969346073, 0.0018621381605, 0.000528348435182, 0.00128406251315, 0.000414848240325, 3.72724643967e-05, 2.88906994683e-05, 6.5801218625e-06, 1.67490743479e-05, 1.37061961141e-05, 2.61891000264e-05, 1.62374381034e-05, 8.40347456688e-06, 3.3264097965e-06, 8.52325968026e-07, 3.64519763707e-07, 2.71586824141e-08, 1.67682490115e-08, 2.40530866336e-08, 3.33230687488e-08, 8.66188685222e-08],
        "dvar": [8.9447150858e-13, 8.81842168732e-11, 1.00647532975e-07, 5.55612950848e-06, 0.000158904600539, 3.79805642297e-05, 2.41486177401e-05, 4.01771249017e-05, 3.07890854856e-06, 1.84269392776e-05, 1.78282562047e-06, 1.09469109333e-08, 8.46772429952e-09, 2.98173485902e-10, 2.71848543676e-09, 9.92082971329e-10, 3.98097022014e-09, 1.19530774167e-09, 1.54624063553e-10, 2.1055612115e-11, 3.22175283413e-13, 3.92899451309e-14, 2.76504032403e-16, 1.17556208739e-16, 2.7486751181e-16, 4.7612939575e-16, 3.51660784063e-15],
        "dvar2": [1.9940553115e-12, 2.15253995184e-10, 1.02495661736e-07, 9.86630584521e-06, 0.000354301097104, 6.21587241767e-05, 6.32444498478e-05, 9.97484166874e-05, 8.19442902866e-06, 4.93282968819e-05, 4.97153996548e-06, 2.22408580441e-08, 2.40561597309e-08, 8.69541438853e-10, 7.96631205446e-09, 2.90644064371e-09, 1.14599476575e-08, 3.4943716809e-09, 4.56768234347e-10, 6.29791704898e-11, 9.44716093548e-13, 1.04533149172e-13, 5.73033458927e-16, 2.22989840755e-16, 6.27361569829e-16, 1.04898095435e-15, 6.04626474959e-15],
        "max": [1.19886535686e-05, 7.51681945985e-05, 0.00352266593836, 0.0270857475698, 0.112698368728, 0.0657254457474, 0.0398394279182, 0.0510627068579, 0.0134553564712, 0.0326917916536, 0.00991678610444, 0.000869839859661, 0.000682539015543, 0.000130853804876, 0.000372603622964, 0.000236550942645, 0.000461384828668, 0.000250095588854, 9.08998044906e-05, 3.30205002683e-05, 4.48662285635e-06, 1.48483741214e-06, 1.57285896307e-07, 1.6319214069e-07, 2.21203862338e-07, 2.68264244596e-07, 6.58948636101e-07],
        "mean": [1.0172865359e-06, 1.2791422705e-05, 0.000140921460115, 0.00107792473864, 0.00353465857916, 0.00183231069241, 0.00161625014152, 0.000974097347353, 0.000209013305721, 0.000477477180539, 0.000141262746183, 3.16361984005e-05, 1.08887224997e-05, 3.04621835312e-06, 5.57565499548e-06, 9.09419395612e-06, 1.91950621229e-05, 1.46565917021e-05, 1.08247031676e-05, 4.83597023049e-06, 1.80695428753e-06, 5.90397007727e-07, 6.33699102082e-08, 4.56433717488e-08, 6.07322263591e-08, 9.02403058944e-08, 4.48425851118e-07],
        "median": [2.47955625809e-07, 7.08432799001e-06, 2.91925744023e-06, 3.27777593156e-06, 8.27034382382e-05, 1.39367148222e-05, 3.92019937863e-05, 2.80259391729e-05, 1.64432856309e-06, 5.52152687305e-06, 2.51882079283e-06, 1.25226756609e-06, 1.57718170612e-06, 7.09822586487e-07, 8.33514093301e-07, 5.7269953686e-06, 1.35242753458e-05, 1.28062356453e-05, 1.07052410385e-05, 4.82110681332e-06, 1.90528794519e-06, 6.13385793713e-07, 6.19365465582e-08, 4.51719941452e-08, 5.87886397341e-08, 8.99847236724e-08, 5.01269028064e-07],
        "min": [6.10652084454e-10, 5.96208726833e-09, 2.4850046465e-09, 3.53897577909e-09, 4.12672207517e-09, 9.11306869966e-08, 9.45822264953e-08, 7.96628114585e-08, 1.58664157368e-08, 1.56498259685e-07, 1.39976819469e-07, 3.28921103687e-08, 5.17035090297e-08, 5.06459096883e-09, 1.69285794271e-08, 1.12098604177e-07, 1.06493281748e-07, 8.39731981728e-08, 2.10576246218e-07, 1.16943468242e-07, 2.72949840507e-08, 1.70231402308e-08, 8.27261192882e-09, 4.78750594723e-09, 3.42539174802e-09, 5.35649835598e-09, 1.63527431596e-08],
        "var": [3.64139317657e-12, 2.15301027007e-10, 3.24236083316e-07, 1.75988825504e-05, 0.000194559092051, 7.17909424566e-05, 2.33925020439e-05, 3.37998026225e-05, 2.12396821553e-06, 1.2419617633e-05, 1.10462553948e-06, 1.47284824337e-08, 5.19043030778e-09, 1.97932392698e-10, 1.51343559907e-09, 6.12669526223e-10, 2.24373630786e-09, 6.49895082194e-10, 9.11728748054e-11, 1.31725142946e-11, 5.15126895133e-13, 8.02760906794e-14, 9.19423665179e-16, 5.11743107776e-16, 1.02929029706e-15, 2.30451046938e-15, 1.88782688348e-14]
    },
    "erbbands": {
        "dmean": [0.000127838196931, 0.00299732922576, 0.0676625221968, 1.30388832092, 3.23081350327, 18.4926834106, 9.7195520401, 8.63085365295, 10.3940649033, 26.0303707123, 21.5952415466, 7.31777143478, 17.5524940491, 19.7469654083, 5.4720454216, 1.0833325386, 0.778418123722, 0.182217285037, 0.463076263666, 0.377008736134, 0.404014110565, 0.833743870258, 0.558064877987, 0.29804444313, 0.18195438385, 0.076504163444, 0.0335748307407, 0.0172297842801, 0.00777972163633, 0.000775196007453, 0.000478391710203, 0.000223313996685, 0.000210062164115, 0.000161548232427, 0.000116483868624, 6.40345970169e-05, 5.59041582164e-05, 2.27814616665e-05, 9.16146746022e-06, 7.5754410318e-06],
        "dmean2": [0.000208120734897, 0.0042997058481, 0.0831548497081, 1.71818697453, 4.53047323227, 28.5187168121, 11.7688674927, 10.2805576324, 15.5992088318, 43.7203369141, 32.4566726685, 12.9387359619, 28.8188457489, 35.6353340149, 9.44721126556, 1.75180160999, 1.43199622631, 0.364291340113, 0.870291352272, 0.730812251568, 0.757424116135, 1.50504004955, 1.04662537575, 0.545806050301, 0.319612413645, 0.137297302485, 0.05995702371, 0.0292743518949, 0.0130060575902, 0.00124039093498, 0.000756471417844, 0.000362657359801, 0.000336287426762, 0.000260381319094, 0.000201244518394, 9.39602468861e-05, 9.1680114565e-05, 3.84163868148e-05, 1.59459832503e-05, 1.27081348182e-05],
        "dvar": [3.28042872866e-08, 2.27750406339e-05, 0.0688076913357, 26.2238769531, 156.08215332, 5821.43945312, 1689.39672852, 1396.62255859, 2714.67724609, 15023.953125, 13184.2226562, 1831.09533691, 10085.7041016, 13637.0371094, 941.007141113, 28.2239971161, 20.9730377197, 0.877167582512, 7.31998634338, 3.54503726959, 3.56589484215, 13.0338525772, 5.76895189285, 0.714330017567, 0.332854956388, 0.0319491028786, 0.00165422819555, 0.000345889915479, 4.49026883871e-05, 4.94790526773e-07, 1.85266458175e-07, 4.51737065532e-08, 5.38472946232e-08, 3.34454988149e-08, 1.73339635978e-08, 3.89070065054e-09, 3.15899062464e-09, 4.46113951336e-10, 2.24185711661e-10, 1.12378961692e-09],
        "dvar2": [5.8077368692e-08, 3.30975672114e-05, 0.0760074257851, 40.7646903992, 341.565460205, 14152.0986328, 2624.22045898, 2144.53027344, 6003.54931641, 42837.8085938, 29235.3027344, 4999.11669922, 25528.5234375, 37645.9140625, 2525.9777832, 74.6182174683, 59.4138031006, 2.6554543972, 21.1089057922, 10.5532035828, 10.3332166672, 37.4024772644, 16.8948307037, 2.08819413185, 0.99174952507, 0.0947534441948, 0.004768836312, 0.000943723076489, 0.000132822271553, 1.00072543319e-06, 4.57640879858e-07, 9.06905839315e-08, 1.19686603739e-07, 7.16523871347e-08, 4.34365929891e-08, 6.49924647433e-09, 8.02624633423e-09, 1.04089525887e-09, 4.03644201397e-10, 2.06833394856e-09],
        "max": [0.00206784415059, 0.0560629889369, 2.89235138893, 58.3803482056, 115.736152649, 665.432006836, 428.329315186, 386.261230469, 444.018798828, 908.080749512, 938.788757324, 326.131866455, 783.676696777, 872.16015625, 236.284194946, 42.4672279358, 33.8805465698, 6.94444799423, 19.7378158569, 13.7735586166, 13.9013271332, 26.5533027649, 17.2720794678, 6.21632814407, 4.17342996597, 1.30559885502, 0.299245476723, 0.141280859709, 0.050382796675, 0.0078027327545, 0.00435236189514, 0.00252459011972, 0.00334831676446, 0.00245032971725, 0.00150518293958, 0.000912023184355, 0.000562462722883, 0.000225801602937, 0.000138682749821, 0.000286136171781],
        "mean": [0.000272682664217, 0.00501197995618, 0.126587808132, 2.38839912415, 4.42672300339, 19.5550994873, 13.1079072952, 11.4156961441, 14.9182567596, 30.2662467957, 20.1928138733, 5.03928852081, 12.3344373703, 12.4442539215, 3.98402500153, 0.955308675766, 0.525406956673, 0.164110705256, 0.316210597754, 0.364875108004, 0.491307258606, 1.16677260399, 0.85601079464, 0.713998734951, 0.389756679535, 0.220728695393, 0.100558057427, 0.0614516399801, 0.024504063651, 0.00383277842775, 0.00180829572491, 0.000968199863564, 0.000838103122078, 0.000654362083878, 0.000470628816402, 0.000249512930168, 0.000198095323867, 0.000111014349386, 5.30345532752e-05, 1.98350971914e-05],
        "median": [0.000151140717207, 0.00200134678744, 0.00420365715399, 0.0116063253954, 0.104493841529, 0.365821301937, 0.218105569482, 0.0810780897737, 0.200360566378, 1.24582123756, 0.472557067871, 0.0630721598864, 0.0727103948593, 0.195672169328, 0.0829493105412, 0.0475314334035, 0.0657928064466, 0.0444486476481, 0.0516718663275, 0.15615169704, 0.315951734781, 0.834301531315, 0.668673396111, 0.68785327673, 0.361410230398, 0.220548868179, 0.102228373289, 0.0644807741046, 0.0254461206496, 0.00405635591596, 0.00170577201061, 0.000944151601288, 0.000791663420387, 0.000583906716201, 0.00044625683222, 0.000224324830924, 0.000187136465684, 0.000113609836262, 5.46602313989e-05, 1.0643881069e-05],
        "min": [2.89553526045e-07, 9.86378040579e-07, 2.71465705737e-06, 7.68485460867e-06, 1.3257829778e-05, 1.25862188725e-05, 0.000113706759294, 0.00100731791463, 0.00162968121003, 0.00126262567937, 0.00140391662717, 0.000393845577491, 0.00281679444015, 0.00630967644975, 0.00411536544561, 0.00166103267111, 0.00242083589546, 0.000484013464302, 0.00028614353505, 0.00312345148996, 0.00597235234454, 0.00702977692708, 0.00505571812391, 0.00556447170675, 0.0121346060187, 0.00491029303521, 0.00160117994528, 0.00111973495223, 0.000742959615309, 0.000331858667778, 0.000191000959603, 0.000104066675704, 8.57866325532e-05, 4.14979476773e-05, 2.38514821831e-05, 2.45289738814e-05, 1.00913985079e-05, 2.47579373536e-06, 2.59374155576e-06, 2.8016933129e-07],
        "var": [1.51170098661e-07, 9.03712643776e-05, 0.240150719881, 87.6561965942, 254.533401489, 6286.99804688, 3319.06274414, 2744.73071289, 3532.2109375, 10423.4892578, 13186.0820312, 1226.85717773, 7582.13330078, 8597.734375, 654.633117676, 22.6265258789, 12.7746553421, 0.574337482452, 4.28538990021, 2.08450007439, 2.0591313839, 7.42480421066, 3.100304842, 0.417777061462, 0.183942317963, 0.0214349702001, 0.00208634394221, 0.000637444143649, 0.000108781103336, 2.52248946708e-06, 7.32148521365e-07, 1.78843222898e-07, 2.04401501946e-07, 1.38837748409e-07, 4.99802830234e-08, 2.18649649497e-08, 1.23031460575e-08, 1.86112292244e-09, 3.8586264739e-10, 1.77218151265e-09]
    },
    "gfcc": {
        "mean": [-213.803833008, 98.2825775146, -117.093994141, 15.2612657547, -41.0015411377, -56.6818084717, -25.0500621796, 1.91333293915, -23.340423584, -7.90380144119, -14.7788553238, 1.165979743, -8.13833522797],
        "cov": [[3494.40405273, 2288.09790039, 233.562911987, -653.059265137, -445.927337646, -523.79296875, -244.553756714, -375.821716309, -241.631332397, -329.233062744, -115.029579163, -224.962753296, -20.8080406189], [2288.09790039, 1938.61645508, 284.15411377, -493.438232422, -290.627502441, -323.53527832, -102.244987488, -271.161773682, -139.967773438, -237.187637329, -34.3442420959, -153.862289429, 16.9574642181], [233.562911987, 284.15411377, 187.414382935, 44.2331199646, -1.37801277637, -21.1102523804, -21.7874164581, -38.5217247009, -15.1918535233, -17.2876663208, 2.81920194626, -13.6568689346, -3.23178744316], [-653.059265137, -493.438232422, 44.2331199646, 263.562591553, 134.02532959, 101.408302307, 39.1415519714, 87.972328186, 53.4262275696, 86.7688446045, 18.7437667847, 48.8604164124, -11.0360851288], [-445.927337646, -290.627502441, -1.37801277637, 134.02532959, 136.223754883, 109.004577637, 52.5387153625, 54.5872459412, 44.091884613, 53.8746299744, 14.4666757584, 26.2228736877, 6.58091068268], [-523.79296875, -323.53527832, -21.1102523804, 101.408302307, 109.004577637, 135.035751343, 65.6956329346, 64.0002670288, 45.6360359192, 53.2507591248, 19.1430225372, 33.7080802917, 7.58997678757], [-244.553756714, -102.244987488, -21.7874164581, 39.1415519714, 52.5387153625, 65.6956329346, 75.0824813843, 57.6171760559, 43.5782203674, 33.9487724304, 20.1979007721, 22.9614906311, 11.0272245407], [-375.821716309, -271.161773682, -38.5217247009, 87.972328186, 54.5872459412, 64.0002670288, 57.6171760559, 90.0938873291, 61.0492134094, 63.1022453308, 22.0685844421, 35.7602348328, 3.82159113884], [-241.631332397, -139.967773438, -15.1918535233, 53.4262275696, 44.091884613, 45.6360359192, 43.5782203674, 61.0492134094, 59.5005645752, 53.8986663818, 21.5021934509, 21.5238246918, 6.18337678909], [-329.233062744, -237.187637329, -17.2876663208, 86.7688446045, 53.8746299744, 53.2507591248, 33.9487724304, 63.1022453308, 53.8986663818, 67.8362121582, 23.80626297, 25.405248642, -1.120860219], [-115.029579163, -34.3442420959, 2.81920194626, 18.7437667847, 14.4666757584, 19.1430225372, 20.1979007721, 22.0685844421, 21.5021934509, 23.80626297, 25.3820171356, 14.8110322952, 4.73837471008], [-224.962753296, -153.862289429, -13.6568689346, 48.8604164124, 26.2228736877, 33.7080802917, 22.9614906311, 35.7602348328, 21.5238246918, 25.405248642, 14.8110322952, 30.5352802277, 8.27382087708], [-20.8080406189, 16.9574642181, -3.23178744316, -11.0360851288, 6.58091068268, 7.58997678757, 11.0272245407, 3.82159113884, 6.18337678909, -1.120860219, 4.73837471008, 8.27382087708, 21.3819980621]],
        "icov": [[0.00340657890774, -0.00596645940095, 0.00437044911087, -0.00139895372558, -0.000926897046156, 0.000608773669228, 0.00640719616786, -0.00549581553787, 0.00721017457545, -0.00698718894273, 0.00982239842415, -0.00375796714798, 0.00255868118256], [-0.00596645940095, 0.0216816700995, -0.0269276425242, 0.0217241365463, -0.00783155858517, 0.018469305709, -0.0270374175161, 0.0125386798754, -0.0186892729253, 0.0226870048791, -0.0247572213411, 0.0176012907177, -0.00303215207532], [0.00437044911087, -0.0269276425242, 0.0511163175106, -0.0488011389971, 0.0241309795529, -0.0358962230384, 0.0341327004135, 0.00261448067613, 0.00268227164634, -0.0107469111681, 0.0120782293379, -0.0098665645346, -0.00480649527162], [-0.00139895372558, 0.0217241365463, -0.0488011389971, 0.066744171083, -0.0435444787145, 0.0436776541173, -0.0245206598192, -0.0158871822059, 0.0174779426306, -0.011098375544, 0.00431709829718, -0.0140346381813, 0.0207040682435], [-0.000926897046156, -0.00783155858517, 0.0241309795529, -0.0435444787145, 0.0562090501189, -0.0423155687749, 0.00342779606581, 0.023968109861, -0.0209437143058, 0.00388989620842, -0.0029758666642, 0.0212127100676, -0.0231377985328], [0.000608773669228, 0.018469305709, -0.0358962230384, 0.0436776541173, -0.0423155687749, 0.0672633424401, -0.0397549755871, 0.000376811891329, 0.0075736483559, -0.000986158731394, -0.00120191043243, -0.00411298731342, 0.0122617203742], [0.00640719616786, -0.0270374175161, 0.0341327004135, -0.0245206598192, 0.00342779606581, -0.0397549755871, 0.0877658873796, -0.0516834072769, 0.00566817214713, 0.00718354620039, 0.00508931046352, -0.0112792328, -0.000813984021079], [-0.00549581553787, 0.0125386798754, 0.00261448067613, -0.0158871822059, 0.023968109861, 0.000376811891329, -0.0516834072769, 0.117288321257, -0.0717398747802, 0.000366778520402, 0.000925179454498, -0.0214670021087, 0.00395081844181], [0.00721017457545, -0.0186892729253, 0.00268227164634, 0.0174779426306, -0.0209437143058, 0.0075736483559, 0.00566817214713, -0.0717398747802, 0.163876324892, -0.116815060377, 0.038323931396, -0.0119811221957, -0.0124495327473], [-0.00698718894273, 0.0226870048791, -0.0107469111681, -0.011098375544, 0.00388989620842, -0.000986158731394, 0.00718354620039, 0.000366778520402, -0.116815060377, 0.171884253621, -0.0915741547942, 0.0495197325945, 0.00716100027785], [0.00982239842415, -0.0247572213411, 0.0120782293379, 0.00431709829718, -0.0029758666642, -0.00120191043243, 0.00508931046352, 0.000925179454498, 0.038323931396, -0.0915741547942, 0.139446407557, -0.0774382278323, 0.0149789564312], [-0.00375796714798, 0.0176012907177, -0.0098665645346, -0.0140346381813, 0.0212127100676, -0.00411298731342, -0.0112792328, -0.0214670021087, -0.0119811221957, 0.0495197325945, -0.0774382278323, 0.152102321386, -0.0574013479054], [0.00255868118256, -0.00303215207532, -0.00480649527162, 0.0207040682435, -0.0231377985328, 0.0122617203742, -0.000813984021079, 0.00395081844181, -0.0124495327473, 0.00716100027785, 0.0149789564312, -0.0574013479054, 0.086972951889]]
    },
    "melbands": {
        "dmean": [1.58428304076e-06, 1.95492302737e-05, 0.000207633085665, 0.000848821888212, 0.000388373446185, 0.000236392515944, 0.000174772620085, 0.000292740383884, 0.000149291387061, 4.24033496529e-05, 9.18058576644e-05, 8.65761976456e-05, 2.52862555499e-05, 3.58735178452e-06, 2.16910552808e-06, 1.10169457912e-06, 2.29374435889e-07, 7.32776811674e-07, 6.09806193097e-07, 4.33047489423e-07, 5.12835754307e-07, 8.54967709074e-07, 7.64787046137e-07, 3.81965548968e-07, 2.45987990866e-07, 1.80476732226e-07, 1.04385513566e-07, 4.87251625714e-08, 2.72884808084e-08, 1.51564432116e-08, 1.1685838075e-08, 6.71921185358e-09, 1.11977760398e-09, 4.01550681595e-10, 3.38056138638e-10, 2.52441595405e-10, 1.33222377574e-10, 1.80150921958e-10, 1.51280918348e-10, 1.65632785265e-10],
        "dmean2": [2.48179594564e-06, 2.35583938775e-05, 0.000263916066615, 0.00129387248307, 0.000486233097035, 0.000261858804151, 0.000251157471212, 0.000490199017804, 0.000221251335461, 7.44606804801e-05, 0.000151496773469, 0.000156531241373, 4.44013021479e-05, 4.97343353345e-06, 3.9350784391e-06, 2.06337267628e-06, 4.56398623783e-07, 1.37103154429e-06, 1.17127490284e-06, 8.30382134609e-07, 9.632583442e-07, 1.52478128257e-06, 1.42653880175e-06, 7.15248859251e-07, 4.43795272531e-07, 3.16520186061e-07, 1.88052084127e-07, 8.33781328424e-08, 4.81140922659e-08, 2.58626542404e-08, 1.92912583685e-08, 1.13215596897e-08, 1.83273496379e-09, 6.54667264843e-10, 5.42405509396e-10, 4.28384494544e-10, 2.07923969708e-10, 3.02411984343e-10, 2.48576492723e-10, 2.66958982698e-10],
        "dvar": [3.148694196e-12, 5.02431962701e-09, 5.88355533182e-07, 1.19011019706e-05, 2.8041592941e-06, 9.95862023956e-07, 7.05763056885e-07, 2.03428157874e-06, 6.39344534648e-07, 6.06876611187e-08, 2.76154821677e-07, 2.62884782387e-07, 2.07971506683e-08, 2.17398682389e-10, 1.5958301347e-10, 4.16964032746e-11, 1.06066381806e-12, 1.74733248703e-11, 1.29181778122e-11, 2.56954483732e-12, 6.37611708224e-12, 1.31361206634e-11, 1.22403484917e-11, 1.9103759373e-12, 3.44608212409e-13, 2.12482524522e-13, 9.34216422212e-14, 5.75347764697e-15, 7.7891529879e-16, 1.93417975037e-16, 1.11295589702e-16, 3.54148511888e-17, 8.81481400852e-19, 1.28067617953e-19, 1.02515873122e-19, 6.87440855771e-20, 1.49189374395e-20, 3.04189369477e-20, 2.61744648139e-20, 3.97605816421e-20],
        "dvar2": [7.27387334393e-12, 5.02968910965e-09, 9.27499684167e-07, 2.89435247396e-05, 4.90486991112e-06, 1.59117280418e-06, 1.68577366821e-06, 5.68912582821e-06, 1.44339287544e-06, 1.63751835203e-07, 7.02281909071e-07, 7.26817063423e-07, 5.64680853188e-08, 4.96681196172e-10, 4.44754677531e-10, 1.21681276166e-10, 3.2876700494e-12, 5.01042957124e-11, 3.82140187549e-11, 7.65054165852e-12, 1.84189712094e-11, 3.76123958368e-11, 3.58331801731e-11, 5.55816937614e-12, 1.00774737947e-12, 6.31113867763e-13, 2.79322843067e-13, 1.71370096526e-14, 2.32424316067e-15, 4.93465089686e-16, 3.28918616468e-16, 1.04420937953e-16, 2.15828254941e-18, 3.75279565453e-19, 2.73289798588e-19, 1.92815542292e-19, 3.54672040702e-20, 6.49085007755e-20, 6.04423070791e-20, 1.01629083807e-19],
        "max": [1.63644272106e-05, 0.000799242465291, 0.00915668066591, 0.0298366565257, 0.0172050651163, 0.0105710886419, 0.00710478052497, 0.0107742873952, 0.00654088938609, 0.00187708088197, 0.00409399531782, 0.00382399139926, 0.00109705375507, 0.000123656005599, 9.42147016758e-05, 4.72084248031e-05, 7.5557522905e-06, 3.06236797769e-05, 2.57277333731e-05, 1.19736514534e-05, 1.84311811608e-05, 2.67392806563e-05, 2.50875600614e-05, 1.00831257441e-05, 4.33512832387e-06, 3.36934999723e-06, 2.17232945943e-06, 5.60006583328e-07, 1.88936070344e-07, 1.01013817755e-07, 7.64477974258e-08, 4.04719457947e-08, 9.38251076832e-09, 3.44282158338e-09, 2.64674837602e-09, 2.11229678193e-09, 1.51578904983e-09, 2.378790942e-09, 2.15934958803e-09, 2.46800846426e-09],
        "mean": [2.92382128464e-06, 3.42155108228e-05, 0.000385951745557, 0.000903865206055, 0.000527819036506, 0.000302404194372, 0.000250495795626, 0.000311506912112, 0.000131839202368, 2.87772309093e-05, 6.39404242975e-05, 5.41912486369e-05, 1.71966839844e-05, 4.08240930483e-06, 1.41527982578e-06, 7.77578293309e-07, 2.28676725555e-07, 5.03318062783e-07, 4.20679612034e-07, 5.86399835356e-07, 5.47439356069e-07, 1.19357491712e-06, 9.99210669761e-07, 6.51135508178e-07, 5.88659418099e-07, 3.74430641159e-07, 1.98933619799e-07, 1.32022506705e-07, 6.83640664079e-08, 4.20450518845e-08, 3.42603811987e-08, 1.70081833062e-08, 3.91472365635e-09, 1.22115717538e-09, 1.04416830737e-09, 8.28915103224e-10, 4.86096440877e-10, 5.96211358062e-10, 5.08395547882e-10, 5.75624936605e-10],
        "median": [1.85376291029e-06, 2.34381013797e-06, 2.80059430224e-06, 1.96080854948e-05, 9.16561566555e-06, 1.96802443497e-06, 4.8821711971e-06, 1.32644217956e-05, 2.77657250081e-06, 2.18181298806e-07, 4.04093441375e-07, 8.06705145351e-07, 3.03346183728e-07, 1.54327594259e-07, 1.32858048119e-07, 1.38592710641e-07, 7.0498984428e-08, 8.71051355489e-08, 8.36194615772e-08, 3.76601434482e-07, 3.15117546279e-07, 8.37211302951e-07, 7.37466905321e-07, 5.51790208192e-07, 5.89251214933e-07, 3.42626577776e-07, 1.726502461e-07, 1.3017640299e-07, 6.76045530668e-08, 3.91638295127e-08, 3.3541176947e-08, 1.75160188576e-08, 3.86186638224e-09, 1.19772558538e-09, 1.00087538257e-09, 7.80245201781e-10, 4.76759909329e-10, 5.65368973859e-10, 4.67072991395e-10, 5.18951881467e-10],
        "min": [2.61302401938e-09, 1.37856692728e-09, 1.58815316453e-09, 7.81870845845e-10, 3.15669690387e-09, 2.24474359101e-08, 2.34083721296e-08, 1.51953969407e-08, 9.41211819594e-09, 2.26173813012e-09, 1.49419605577e-08, 2.6149963972e-08, 1.72655472142e-08, 3.72204733701e-09, 6.76340450312e-09, 3.45129702595e-09, 6.32510321896e-10, 2.16299700373e-10, 1.73863767827e-09, 6.88942547455e-09, 6.58174981183e-09, 7.4057577848e-09, 6.01731331429e-09, 3.1762945607e-09, 4.11431821945e-09, 9.99763205556e-09, 6.84160639253e-09, 2.43152187274e-09, 1.21888454885e-09, 4.82515694067e-10, 7.10582204189e-10, 4.44560804835e-10, 2.53413401374e-10, 1.72579422975e-10, 1.17217888174e-10, 8.1778694927e-11, 5.95234139755e-11, 6.51229833948e-11, 4.94773284843e-11, 2.94762582398e-11],
        "var": [9.8219835043e-12, 1.64630300503e-08, 2.14353781303e-06, 1.28884248625e-05, 4.96416805618e-06, 1.93305390894e-06, 8.0343221498e-07, 1.40055919928e-06, 6.27629276551e-07, 4.08305211863e-08, 2.05778150075e-07, 1.65064179214e-07, 1.38812312755e-08, 2.5741223042e-10, 9.97447194284e-11, 2.45925398101e-11, 7.62800358902e-13, 1.03350756772e-11, 7.2159908257e-12, 1.64082592999e-12, 3.63320636597e-12, 7.55677118103e-12, 6.58030964787e-12, 1.06315694096e-12, 2.15858160881e-13, 1.2611754089e-13, 5.15732781188e-14, 5.36085077087e-15, 1.12829955475e-15, 3.17376204375e-16, 2.47279939885e-16, 6.84478060253e-17, 2.8503004023e-18, 3.95063089067e-19, 3.05256115812e-19, 1.4362648461e-19, 5.47610949228e-20, 1.1090265089e-19, 9.50917267915e-20, 1.20608594328e-19]
    },
    "mfcc": {
        "mean": [-862.781921387, 142.26864624, -24.8506145477, 55.3573532104, -8.66563510895, -33.8560066223, -6.5714097023, -6.98690891266, -2.16150665283, -17.0985450745, -4.77666330338, 3.46274232864, -0.662453770638],
        "cov": [[2922.48168945, 2210.75561523, 147.650482178, -89.8385925293, -383.77444458, -333.21786499, -234.623352051, -269.34362793, -207.409545898, -289.339630127, -261.064331055, -241.087539673, -157.594711304], [2210.75561523, 1904.2467041, 272.035400391, -127.119506836, -268.701263428, -239.697845459, -161.061813354, -192.219985962, -162.287322998, -213.220977783, -227.170333862, -196.231964111, -107.438323975], [147.650482178, 272.035400391, 191.840988159, 36.9887733459, 14.5624036789, 0.298334956169, -5.21166944504, -11.7239122391, -24.194021225, -19.9657325745, -28.2238006592, -18.6920928955, 8.24345588684], [-89.8385925293, -127.119506836, 36.9887733459, 154.777648926, 52.9522361755, 17.9849739075, 6.80080842972, -0.38074952364, 8.26450824738, 6.94037151337, 31.0728378296, 28.0631351471, 14.5918941498], [-383.77444458, -268.701263428, 14.5624036789, 52.9522361755, 110.094444275, 79.5456695557, 46.7983436584, 39.6889228821, 32.1001319885, 50.7059631348, 41.8689193726, 35.1770095825, 17.2542610168], [-333.21786499, -239.697845459, 0.298334956169, 17.9849739075, 79.5456695557, 81.9938735962, 48.108165741, 40.9537773132, 30.5824661255, 42.0094985962, 35.1806793213, 24.9013328552, 8.48528957367], [-234.623352051, -161.061813354, -5.21166944504, 6.80080842972, 46.7983436584, 48.108165741, 51.5876846313, 45.7707366943, 32.9124221802, 34.1672744751, 24.6259365082, 25.226234436, 12.4882516861], [-269.34362793, -192.219985962, -11.7239122391, -0.38074952364, 39.6889228821, 40.9537773132, 45.7707366943, 60.3183097839, 43.2046089172, 36.796962738, 29.6222305298, 28.7060489655, 20.2458591461], [-207.409545898, -162.287322998, -24.194021225, 8.26450824738, 32.1001319885, 30.5824661255, 32.9124221802, 43.2046089172, 51.2411231995, 43.910358429, 33.9748954773, 33.4013061523, 18.2833118439], [-289.339630127, -213.220977783, -19.9657325745, 6.94037151337, 50.7059631348, 42.0094985962, 34.1672744751, 36.796962738, 43.910358429, 60.871181488, 45.0466156006, 40.2572441101, 26.9387512207], [-261.064331055, -227.170333862, -28.2238006592, 31.0728378296, 41.8689193726, 35.1806793213, 24.6259365082, 29.6222305298, 33.9748954773, 45.0466156006, 52.2569770813, 45.4126853943, 25.6805801392], [-241.087539673, -196.231964111, -18.6920928955, 28.0631351471, 35.1770095825, 24.9013328552, 25.226234436, 28.7060489655, 33.4013061523, 40.2572441101, 45.4126853943, 51.5150566101, 32.9320411682], [-157.594711304, -107.438323975, 8.24345588684, 14.5918941498, 17.2542610168, 8.48528957367, 12.4882516861, 20.2458591461, 18.2833118439, 26.9387512207, 25.6805801392, 32.9320411682, 41.5851707458]],
