{
"lowlevel": {
    "average_loudness": 0.979936778545,
    "barkbands_crest": {
        "dmean": 2.03780651093,
        "dmean2": 3.65542888641,
        "dvar": 3.83936262131,
        "dvar2": 9.80147647858,
        "max": 17.20170784,
        "mean": 7.40512418747,
        "median": 6.88775491714,
        "min": 3.89722800255,
        "var": 5.60160827637
    },
    "barkbands_flatness_db": {
        "dmean": 0.0151611464098,
        "dmean2": 0.0260573867708,
        "dvar": 0.000155579895363,
        "dvar2": 0.000384646002203,
        "max": 0.187874153256,
        "mean": 0.123886749148,
        "median": 0.121624790132,
        "min": 0.0815404206514,
        "var": 0.000318272330333
    },
    "barkbands_kurtosis": {
        "dmean": 1.06197965145,
        "dmean2": 1.79616308212,
        "dvar": 0.666096270084,
        "dvar2": 1.93326234818,
        "max": 4.77722454071,
        "mean": 0.247701525688,
        "median": 0.0382957458496,
        "min": -1.40074443817,
        "var": 1.0927759409
    },
    "barkbands_skewness": {
        "dmean": 0.417577952147,
        "dmean2": 0.711360394955,
        "dvar": 0.0941030532122,
        "dvar2": 0.265572249889,
        "max": 2.21624994278,
        "mean": 0.777557730675,
        "median": 0.755237400532,
        "min": -0.198953211308,
        "var": 0.183984473348
    },
    "barkbands_spread": {
        "dmean": 4.11805200577,
        "dmean2": 7.18975543976,
        "dvar": 11.2002086639,
        "dvar2": 33.9838294983,
        "max": 34.0712547302,
        "mean": 20.1423015594,
        "median": 19.702709198,
        "min": 13.1280384064,
        "var": 13.1438140869
    },
    "dissonance": {
        "dmean": 0.0281142368913,
        "dmean2": 0.0487831868231,
        "dvar": 0.000348258239683,
        "dvar2": 0.000916741148103,
        "max": 0.495389699936,
        "mean": 0.46411895752,
        "median": 0.469058394432,
        "min": 0.329246729612,
        "var": 0.000578227511141
    },
    "dynamic_complexity": 0.558331608772,
    "erbbands_crest": {
        "dmean": 2.67507719994,
        "dmean2": 4.72376203537,
        "dvar": 4.98961114883,
        "dvar2": 14.1667451859,
        "max": 18.9772434235,
        "mean": 9.11390781403,
        "median": 8.76157951355,
        "min": 5.12479829788,
        "var": 6.42346954346
    },
    "erbbands_flatness_db": {
        "dmean": 0.0193723309785,
        "dmean2": 0.0328943841159,
        "dvar": 0.000152372129378,
        "dvar2": 0.000477700581541,
        "max": 0.225549057126,
        "mean": 0.179148644209,
        "median": 0.178083121777,
        "min": 0.135951519012,
        "var": 0.00031136922189
    },
    "erbbands_kurtosis": {
        "dmean": 0.353846639395,
        "dmean2": 0.632386505604,
        "dvar": 0.144371569157,
        "dvar2": 0.40231141448,
        "max": 0.980831623077,
        "mean": -0.492381930351,
        "median": -0.542783260345,
        "min": -1.11613571644,
        "var": 0.131192654371
    },
    "erbbands_skewness": {
        "dmean": 0.445515275002,
        "dmean2": 0.756741642952,
        "dvar": 0.131620913744,
        "dvar2": 0.434327453375,
        "max": 0.880064070225,
        "mean": 0.0396554991603,
        "median": 0.0703961551189,
        "min": -1.0391548872,
        "var": 0.146358221769
    },
    "erbbands_spread": {
        "dmean": 5.12593507767,
        "dmean2": 8.76197814941,
        "dvar": 11.7039337158,
        "dvar2": 34.5372467041,
        "max": 40.4445610046,
        "mean": 26.831817627,
        "median": 26.3580684662,
        "min": 17.3695468903,
        "var": 22.5863456726
    },
    "hfc": {
        "dmean": 12.9154348373,
        "dmean2": 21.7732486725,
        "dvar": 61.0512008667,
        "dvar2": 179.404556274,
        "max": 74.2113037109,
        "mean": 35.1546859741,
        "median": 33.2000083923,
        "min": 0.909663379192,
        "var": 123.888626099
    },
    "melbands_crest": {
        "dmean": 3.02947735786,
        "dmean2": 5.33421897888,
        "dvar": 6.90814495087,
        "dvar2": 17.8344039917,
        "max": 22.9293041229,
        "mean": 9.36913967133,
        "median": 8.1447467804,
        "min": 5.07354640961,
        "var": 12.8826665878
    },
    "melbands_flatness_db": {
        "dmean": 0.0218944754452,
        "dmean2": 0.0376969352365,
        "dvar": 0.000281953572994,
        "dvar2": 0.000724625831936,
        "max": 0.293938159943,
        "mean": 0.201940014958,
        "median": 0.197043865919,
        "min": 0.159508273005,
        "var": 0.000638352707028
    },
    "melbands_kurtosis": {
        "dmean": 2.12806844711,
        "dmean2": 3.6223590374,
        "dvar": 3.16129636765,
        "dvar2": 7.78568220139,
        "max": 14.0040569305,
        "mean": 2.56481170654,
        "median": 1.98009967804,
        "min": -1.05169391632,
        "var": 6.55163621902
    },
    "melbands_skewness": {
        "dmean": 0.457751721144,
        "dmean2": 0.779233455658,
        "dvar": 0.129661917686,
        "dvar2": 0.327443540096,
        "max": 3.45313835144,
        "mean": 1.4101909399,
        "median": 1.30837500095,
        "min": 0.415117740631,
        "var": 0.303476333618
    },
    "melbands_spread": {
        "dmean": 6.79299116135,
        "dmean2": 11.4314107895,
        "dvar": 33.1086120605,
        "dvar2": 103.994697571,
        "max": 50.1074028015,
        "mean": 25.5932769775,
        "median": 25.2022628784,
        "min": 10.1769313812,
        "var": 43.1805267334
    },
    "pitch_salience": {
        "dmean": 0.0789785385132,
        "dmean2": 0.133019566536,
        "dvar": 0.00363883632235,
        "dvar2": 0.00951187126338,
        "max": 0.796476960182,
        "mean": 0.571937382221,
        "median": 0.577786147594,
        "min": 0.303605973721,
        "var": 0.00658873375505
    },
    "silence_rate_20dB": {
        "dmean": 0,
        "dmean2": 0,
        "dvar": 0,
        "dvar2": 0,
        "max": 1,
        "mean": 1,
        "median": 1,
        "min": 1,
        "var": 0
    },
    "silence_rate_30dB": {
        "dmean": 0.0222222227603,
        "dmean2": 0.044692736119,
        "dvar": 0.0217283852398,
        "dvar2": 0.0426953025162,
        "max": 1,
        "mean": 0.966850817204,
        "median": 1,
        "min": 0,
        "var": 0.0320502631366
    },
    "silence_rate_60dB": {
        "dmean": 0,
        "dmean2": 0,
        "dvar": 0,
        "dvar2": 0,
        "max": 0,
        "mean": 0,
        "median": 0,
        "min": 0,
        "var": 0
    },
    "spectral_centroid": {
        "dmean": 189.248596191,
        "dmean2": 323.524230957,
        "dvar": 23276.3769531,
        "dvar2": 72765.2421875,
        "max": 1756.14404297,
        "mean": 1157.8494873,
        "median": 1136.6619873,
        "min": 798.655822754,
        "var": 28657.078125
    },
    "spectral_complexity": {
        "dmean": 3.40555548668,
        "dmean2": 5.92737436295,
        "dvar": 8.08552360535,
        "dvar2": 17.7880344391,
        "max": 34,
        "mean": 26.3646411896,
        "median": 27,
        "min": 2,
        "var": 10.8394126892
    },
    "spectral_decrease": {
        "dmean": 3.6552068039e-09,
        "dmean2": 6.10539174772e-09,
        "dvar": 1.20887648877e-17,
        "dvar2": 2.44936136854e-17,
        "max": -3.0952582164e-10,
        "mean": -1.24982060257e-08,
        "median": -1.12047349177e-08,
        "min": -4.04558591072e-08,
        "var": 2.84460001119e-17
    },
    "spectral_energy": {
        "dmean": 0.0145691949874,
        "dmean2": 0.0242030546069,
        "dvar": 0.000182369476533,
        "dvar2": 0.000378741155146,
        "max": 0.156726956367,
        "mean": 0.0503597259521,
        "median": 0.0456664338708,
        "min": 0.00125073315576,
        "var": 0.000427974533523
    },
    "spectral_energyband_high": {
        "dmean": 0.000111474830192,
        "dmean2": 0.000198061679839,
        "dvar": 7.11336278769e-09,
        "dvar2": 2.20459348554e-08,
        "max": 0.000643677427433,
        "mean": 0.000389199325582,
        "median": 0.000379143952159,
        "min": 1.93027244677e-05,
        "var": 8.33869862049e-09
    },
    "spectral_energyband_low": {
        "dmean": 0.00991491321474,
        "dmean2": 0.0173475928605,
        "dvar": 0.000141427328344,
        "dvar2": 0.000274913822068,
        "max": 0.115207135677,
        "mean": 0.0148021383211,
        "median": 0.00873286090791,
        "min": 0.000434680987382,
        "var": 0.000307262438582
    },
    "spectral_energyband_middle_high": {
        "dmean": 0.0059991851449,
        "dmean2": 0.0104489447549,
        "dvar": 1.88262365555e-05,
        "dvar2": 5.38849235454e-05,
        "max": 0.0261217523366,
        "mean": 0.0101857576519,
        "median": 0.00881802942604,
        "min": 0.000299178005662,
        "var": 2.45443043241e-05
    },
    "spectral_energyband_middle_low": {
        "dmean": 0.00704776123166,
        "dmean2": 0.0117704486474,
        "dvar": 2.19559860852e-05,
        "dvar2": 6.74525290378e-05,
        "max": 0.039112046361,
        "mean": 0.0252994354814,
        "median": 0.0248652845621,
        "min": 0.000465387798613,
        "var": 3.85797284252e-05
    },
    "spectral_entropy": {
        "dmean": 0.119018055499,
        "dmean2": 0.205447241664,
        "dvar": 0.00728032272309,
        "dvar2": 0.0198515933007,
        "max": 7.97633934021,
        "mean": 7.45972204208,
        "median": 7.44025754929,
        "min": 7.24717712402,
        "var": 0.0109057901427
    },
    "spectral_flux": {
        "dmean": 0.0200824849308,
        "dmean2": 0.0348341017962,
        "dvar": 0.000434969580965,
        "dvar2": 0.000996620045044,
        "max": 0.239021614194,
        "mean": 0.122973635793,
        "median": 0.116775035858,
        "min": 0.0762190744281,
        "var": 0.000796337320935
    },
    "spectral_kurtosis": {
        "dmean": 1.79885756969,
        "dmean2": 3.13176083565,
        "dvar": 1.76804637909,
        "dvar2": 5.39101457596,
        "max": 17.0664348602,
        "mean": 6.17395162582,
        "median": 5.94573497772,
        "min": 3.24313879013,
        "var": 3.01521754265
    },
    "spectral_rms": {
        "dmean": 0.00102014804725,
        "dmean2": 0.00167453684844,
        "dvar": 7.89927298683e-07,
        "dvar2": 1.53695509653e-06,
        "max": 0.0123654501513,
        "mean": 0.0068814503029,
        "median": 0.00667477445677,
        "min": 0.0011046390282,
        "var": 1.77707488547e-06
    },
    "spectral_rolloff": {
        "dmean": 381.616271973,
        "dmean2": 703.49822998,
        "dvar": 163003.9375,
        "dvar2": 413926.78125,
        "max": 2368.65234375,
        "mean": 1436.65759277,
        "median": 1679.58984375,
        "min": 473.73046875,
        "var": 196324.703125
    },
    "spectral_skewness": {
        "dmean": 0.21040789783,
        "dmean2": 0.362648576498,
        "dvar": 0.0263087432832,
        "dvar2": 0.067098505795,
        "max": 3.44735312462,
        "mean": 1.77511715889,
        "median": 1.75993251801,
        "min": 1.37867105007,
        "var": 0.0459420308471
    },
    "spectral_spread": {
        "dmean": 466374.71875,
        "dmean2": 791941.75,
        "dvar": 113106272256,
        "dvar2": 239162753024,
        "max": 7105859.5,
        "mean": 3266502.75,
        "median": 3245281.5,
        "min": 2456031.25,
        "var": 196611735552
    },
    "spectral_strongpeak": {
        "dmean": 1.04710137844,
        "dmean2": 1.90274453163,
        "dvar": 1.1086012125,
        "dvar2": 3.40953946114,
        "max": 5.27882623672,
        "mean": 1.13328516483,
        "median": 0.720001876354,
        "min": 0,
        "var": 1.21572041512
    },
    "zerocrossingrate": {
        "dmean": 0.00466308603063,
        "dmean2": 0.00627946062014,
        "dvar": 1.50661317093e-05,
        "dvar2": 2.419550583e-05,
        "max": 0.06494140625,
        "mean": 0.0479351915419,
        "median": 0.04931640625,
        "min": 0.01220703125,
        "var": 6.57556956867e-05
    },
    "barkbands": {
        "dmean": [0.000158053269843, 0.00861639156938, 0.00310222571716, 0.0006981070037, 0.0012684087269, 0.00263971579261, 0.00266121816821, 0.000304895133013, 0.00426660710946, 0.000281430315226, 5.61568303965e-05, 0.000201866438147, 0.000256076164078, 0.00330063723959, 0.00100409577135, 0.000387320498703, 0.00120090530254, 0.000137498151162, 9.18988953345e-05, 2.69469346676e-05, 6.34348616586e-05, 4.2626834329e-05, 2.37514886976e-05, 2.4892442525e-06, 2.9321411148e-06, 2.21140612666e-06, 5.17565126756e-07],
        "dmean2": [0.000246384704951, 0.0152087016031, 0.00520862732083, 0.00124702753965, 0.00214620539919, 0.0045806877315, 0.00449168216437, 0.000525208713952, 0.00701061729342, 0.000484987307573, 9.44938437897e-05, 0.000345626176568, 0.000455960922409, 0.00570963602513, 0.00168081233278, 0.000690801301971, 0.00208060257137, 0.000235612766119, 0.000160290190252, 4.54839318991e-05, 0.000112728717795, 7.52312262193e-05, 4.56360539829e-05, 4.33729383076e-06, 5.45719512957e-06, 3.91321827919e-06, 8.46670161536e-07],
        "dvar": [2.13337045807e-08, 0.000105765800981, 4.00712451665e-05, 6.56217423511e-07, 1.3052479062e-06, 3.26187841893e-06, 3.90676314055e-06, 6.15946760263e-08, 7.95371124696e-06, 7.34842231509e-08, 3.27730376171e-09, 1.69110148107e-08, 3.27937321742e-08, 7.63549269323e-06, 7.54542043069e-07, 5.81744359351e-07, 1.45098420035e-06, 3.80704108238e-08, 6.46987441399e-09, 3.97298749455e-10, 2.66983812836e-09, 1.49875045707e-09, 2.20824108998e-10, 4.13833160448e-12, 5.48481182347e-12, 2.38172480869e-12, 2.06236761067e-13],
        "dvar2": [4.44384937737e-08, 0.000246112496825, 0.000104665436083, 2.08314077099e-06, 3.65298706129e-06, 9.65072831605e-06, 1.21041293824e-05, 1.67628456893e-07, 2.5901972549e-05, 2.07997743473e-07, 8.9068405984e-09, 5.18725471466e-08, 8.62363336296e-08, 2.16132975766e-05, 2.29296256293e-06, 1.67254188455e-06, 4.387719855e-06, 1.0671144679e-07, 1.86212290032e-08, 1.22437315841e-09, 7.65093588484e-09, 4.32805791206e-09, 6.90280888005e-10, 1.21525099012e-11, 1.52769394357e-11, 7.88325741491e-12, 4.93424420246e-13],
        "max": [0.00106620136648, 0.0967791751027, 0.0613651871681, 0.00698920665309, 0.0119117219001, 0.0148902088404, 0.0139489555731, 0.00223726360127, 0.0247041620314, 0.00191118533257, 0.000566551927477, 0.000786955759395, 0.00106306676753, 0.0145169943571, 0.00606697518378, 0.00821616314352, 0.00727977743372, 0.00217034528032, 0.00052904326003, 0.000144616744365, 0.000373468559701, 0.00027569141821, 8.83026077645e-05, 1.71088177012e-05, 1.72796371771e-05, 1.14473896247e-05, 5.23777998751e-06],
        "mean": [0.00026340666227, 0.0107229491696, 0.00354693969712, 0.00118904211558, 0.00213945959695, 0.00553748616949, 0.00616910960525, 0.000726714497432, 0.00903795752674, 0.000691045308486, 0.000112491456093, 0.000284223206108, 0.000388570857467, 0.00419641379267, 0.00188701949082, 0.000749206985347, 0.0018506225897, 0.000279499712633, 0.00017301630578, 7.54886932555e-05, 0.000161903153639, 0.000108430205728, 3.69872286683e-05, 9.57155225478e-06, 1.03805768958e-05, 6.32155479252e-06, 3.58764600605e-06],
        "median": [0.000200592956389, 0.00665059871972, 0.00119565462228, 0.00105515378527, 0.00183027761523, 0.00556149007753, 0.0057910811156, 0.000701772049069, 0.00812023878098, 0.000624810752925, 9.29518719204e-05, 0.000252012396231, 0.000329421804054, 0.00300728715956, 0.00176692032255, 0.000634808617178, 0.00135426362976, 0.000265486043645, 0.000141737706144, 7.18510709703e-05, 0.00015474446991, 9.66837978922e-05, 3.35106997227e-05, 9.31679733185e-06, 1.00680754258e-05, 6.15998169451e-06, 3.53411246579e-06],
        "min": [2.631358484e-06, 0.000239996879827, 2.82295659417e-05, 2.53364269156e-05, 8.1100522948e-05, 2.99120765703e-05, 2.71424141829e-05, 2.07058474189e-05, 0.000221608061111, 6.51431764709e-05, 2.4414710424e-05, 2.35776115005e-05, 2.8362469493e-06, 3.82752768928e-05, 3.90521599911e-05, 1.8629423721e-05, 6.70344452374e-05, 1.50618634507e-05, 9.30142141442e-06, 2.20887432079e-06, 9.11540973902e-06, 4.64270942757e-06, 1.19511423691e-06, 1.15333500617e-06, 4.8948515996e-07, 6.82525069351e-07, 5.78935214435e-07],
        "var": [4.5614918065e-08, 0.000178872680408, 4.42584241682e-05, 6.98090161677e-07, 1.55563805038e-06, 5.64771698919e-06, 5.90671925238e-06, 1.22475526609e-07, 2.02495721169e-05, 1.13934142121e-07, 5.14899101134e-09, 2.44618529877e-08, 4.73469690121e-08, 9.54144979914e-06, 1.15907948839e-06, 4.03762129508e-07, 1.80531640126e-06, 3.062898557e-08, 9.61193169502e-09, 6.00918537152e-10, 3.14394643652e-09, 1.84949844328e-09, 2.60244548134e-10, 5.05282100882e-12, 6.79825640226e-12, 3.29573195991e-12, 2.91420343803e-13]
    },
    "erbbands": {
        "dmean": [0.185977891088, 2.18193984032, 4.11707353592, 1.99438166618, 4.229139328, 4.42724704742, 10.8375883102, 23.0348529816, 37.8980560303, 26.8032741547, 7.63782739639, 73.6220016479, 72.9556808472, 4.47274112701, 1.97286260128, 8.86981010437, 12.2701225281, 55.0706253052, 189.701629639, 17.375164032, 40.7866363525, 56.1464309692, 11.3200521469, 9.09872055054, 1.25532925129, 1.34010744095, 1.45674216747, 3.32467341423, 1.74258065224, 0.965944647789, 0.656605780125, 0.0975012034178, 0.0313549861312, 0.0233893785626, 0.0328570865095, 0.0141762653366, 0.00337325735018, 0.000729911786038, 7.97820102889e-05, 1.86136730917e-05],
        "dmean2": [0.323209613562, 3.83343815804, 6.62770175934, 3.39882993698, 7.42182159424, 7.68553876877, 18.3857135773, 40.2759208679, 64.8787765503, 45.6605148315, 13.0286531448, 124.951934814, 123.022727966, 7.48009490967, 3.28704595566, 15.1794395447, 21.54945755, 93.4055328369, 328.957183838, 30.0127601624, 71.7595596313, 96.5936279297, 19.8290061951, 15.7461252213, 2.10004878044, 2.2933151722, 2.67125606537, 5.85805177689, 3.1025762558, 1.71170282364, 1.25070118904, 0.17479878664, 0.0556893907487, 0.0403496548533, 0.0613934323192, 0.0252122674137, 0.00603756774217, 0.00128058437258, 0.000131862980197, 3.09488968924e-05],
        "dvar": [0.0360791496933, 7.19941139221, 43.8758773804, 15.4688110352, 16.1693325043, 19.4043655396, 52.6267051697, 356.442230225, 829.233581543, 417.503387451, 46.0973701477, 2440.3125, 3558.95629883, 12.0187273026, 3.72156739235, 29.6949062347, 66.624458313, 1850.36877441, 22730.1074219, 192.443634033, 3320.54858398, 2890.44970703, 166.377212524, 81.8050003052, 0.873362958431, 1.08828854561, 1.17208862305, 7.22800540924, 2.72365927696, 0.522823512554, 0.171265289187, 0.00613335100934, 0.000678297365084, 0.000295491918223, 0.000544033246115, 0.000100260971521, 6.61076001052e-06, 4.42211131713e-07, 4.49867032515e-09, 2.86000945149e-10],
        "dvar2": [0.0892581120133, 16.4386100769, 105.832252502, 49.13854599, 45.9769554138, 52.4955863953, 154.715057373, 1060.38220215, 2557.27319336, 1202.87683105, 126.514465332, 6923.22021484, 10386.671875, 36.1245079041, 10.3449735641, 91.0100860596, 185.121902466, 5377.42089844, 66030.234375, 555.942077637, 9705.81542969, 8923.25488281, 471.276275635, 227.29473877, 2.67001032829, 3.05958127975, 3.37105703354, 19.8157100677, 8.18305969238, 1.61222302914, 0.550292432308, 0.019482716918, 0.00207417528145, 0.000930687237997, 0.00155599520076, 0.000323181593558, 1.91698709386e-05, 1.2306162489e-06, 1.14195657375e-08, 5.31976185325e-10],
        "max": [1.57491159439, 26.203289032, 62.6388969421, 35.652961731, 34.9583396912, 37.1375198364, 48.4772338867, 177.530593872, 187.693283081, 187.188644409, 63.4803390503, 426.34765625, 439.765838623, 24.5484199524, 20.4342422485, 35.1365127563, 49.2506217957, 275.57333374, 896.754394531, 132.691482544, 604.820739746, 322.217651367, 143.370498657, 63.1015167236, 7.71544837952, 7.93150520325, 8.07460689545, 18.1361274719, 11.6154956818, 4.35364675522, 2.61547112465, 0.634236574173, 0.195953801274, 0.147621676326, 0.176350772381, 0.0793890878558, 0.0153103126213, 0.00492335902527, 0.000747571000829, 0.000244712107815],
        "mean": [0.236701145768, 2.62413954735, 5.07008600235, 3.11413574219, 5.82705211639, 8.13028049469, 24.9607810974, 49.2787208557, 77.4980773926, 54.2877502441, 25.238483429, 163.835998535, 152.600326538, 11.8949995041, 5.24969291687, 15.2485980988, 19.3480148315, 81.7538070679, 281.255187988, 34.6613121033, 66.0344085693, 90.3698425293, 22.3930950165, 17.048915863, 3.38070774078, 3.8146841526, 3.87293720245, 8.18817138672, 4.80195379257, 1.83381354809, 1.09926915169, 0.322009861469, 0.12308049947, 0.0768219679594, 0.0950959473848, 0.0456943549216, 0.00675819115713, 0.00163807591889, 0.000436490197899, 0.000124789672554],
        "median": [0.181487455964, 1.5696451664, 2.02249693871, 2.18031406403, 4.36620855331, 7.01334095001, 24.9113864899, 44.7434082031, 72.8105545044, 48.7380638123, 23.142868042, 164.413604736, 133.643035889, 11.0932407379, 4.79042291641, 14.0036859512, 17.2159481049, 66.8633651733, 248.131973267, 31.930021286, 55.3490753174, 72.2361526489, 19.4728679657, 14.6403160095, 3.18742322922, 3.66834640503, 3.7313284874, 7.56439161301, 4.38096380234, 1.64654779434, 1.04762434959, 0.310389608145, 0.120489798486, 0.0758679136634, 0.0901779830456, 0.0450757406652, 0.00648029521108, 0.00143595668487, 0.000421505101258, 0.000122853831272],
        "min": [0.00599351199344, 0.0206091646105, 0.106568172574, 0.152673602104, 0.213687166572, 0.285193920135, 0.253521084785, 0.252424001694, 0.387799829245, 0.257857114077, 1.05995070934, 4.9485669136, 3.89844989777, 1.42280125618, 1.58586835861, 0.86817407608, 0.236412703991, 1.51467049122, 2.74632120132, 0.868352711201, 1.72139942646, 3.59771800041, 1.16513741016, 0.714930832386, 0.261132091284, 0.113309465349, 0.132340863347, 0.537399172783, 0.193692773581, 0.0466922558844, 0.0364907868207, 0.0324443466961, 0.0119050312787, 0.00469416659325, 0.005034300033, 0.00320419087075, 0.00110761786345, 0.00036200415343, 8.52722805575e-05, 9.02820738702e-06],
        "var": [0.0593435242772, 12.5245275497, 64.7310638428, 14.367515564, 19.2552242279, 17.8450107574, 82.2012176514, 605.067993164, 1075.30383301, 687.008300781, 78.561126709, 4958.06884766, 8090.68554688, 17.4797153473, 5.7579202652, 48.9911308289, 96.0634307861, 2460.88012695, 28696.1542969, 272.222991943, 2640.76171875, 3706.34082031, 147.397872925, 107.014976501, 1.41627407074, 1.68067920208, 1.45393562317, 8.78532123566, 3.01982188225, 0.633961081505, 0.213011831045, 0.00691794697195, 0.000799668079708, 0.00046672107419, 0.000722805270925, 0.000139677315019, 8.46040165925e-06, 5.22403297509e-07, 6.85996193184e-09, 6.42413566787e-10]
    },
    "gfcc": {
        "mean": [49.4839744568, 117.395759583, -128.054290771, 21.0798130035, -45.8974189758, -2.22091460228, -37.5039558411, 5.0593252182, 6.47668790817, 12.659948349, -24.3297843933, 2.13025903702, -5.61003255844],
        "cov": [[248.72076416, 61.3662605286, -7.99517679214, 27.8950138092, 36.4842224121, 12.059844017, -8.62449645996, 7.93157148361, 21.0954666138, 18.0138187408, 5.77382135391, -9.90923404694, -12.0986785889], [61.3662605286, 64.7996520996, 38.5875892639, 27.5799617767, 34.5429115295, 15.6855459213, 20.5804157257, 17.5865478516, 16.8965759277, 8.40510845184, 10.5316944122, -3.83744335175, -2.73224258423], [-7.99517679214, 38.5875892639, 96.0380020142, 51.8869476318, 6.45926332474, 18.4529533386, 38.3062133789, 18.8140792847, 15.1356239319, 11.3321809769, 11.1019935608, 9.62378406525, -1.73613524437], [27.8950138092, 27.5799617767, 51.8869476318, 70.3067626953, 20.6822128296, 17.455291748, 22.761428833, 13.4740047455, 11.2689781189, -1.99010419846, 10.3250226974, 3.3146853447, -5.91304206848], [36.4842224121, 34.5429115295, 6.45926332474, 20.6822128296, 67.3866119385, 24.610874176, 12.5920639038, 19.6946182251, 5.71170091629, 2.40193152428, 4.2015337944, -3.43806242943, -11.4014215469], [12.059844017, 15.6855459213, 18.4529533386, 17.455291748, 24.610874176, 29.3317298889, 18.0064430237, 9.68085670471, 8.24196529388, 5.45529460907, 4.14072656631, -1.69138777256, -2.59997916222], [-8.62449645996, 20.5804157257, 38.3062133789, 22.761428833, 12.5920639038, 18.0064430237, 34.9766464233, 20.8699989319, 11.0356502533, 8.78274536133, 9.46606063843, 6.98742198944, 3.68566465378], [7.93157148361, 17.5865478516, 18.8140792847, 13.4740047455, 19.6946182251, 9.68085670471, 20.8699989319, 29.3329372406, 9.12499427795, 7.23279905319, 12.0639381409, 10.6655054092, 3.27142572403], [21.0954666138, 16.8965759277, 15.1356239319, 11.2689781189, 5.71170091629, 8.24196529388, 11.0356502533, 9.12499427795, 23.4108295441, 10.3029222488, 3.71994638443, 8.50255775452, 8.00981235504], [18.0138187408, 8.40510845184, 11.3321809769, -1.99010419846, 2.40193152428, 5.45529460907, 8.78274536133, 7.23279905319, 10.3029222488, 22.1745548248, 11.7023668289, 6.43441009521, 4.10036706924], [5.77382135391, 10.5316944122, 11.1019935608, 10.3250226974, 4.2015337944, 4.14072656631, 9.46606063843, 12.0639381409, 3.71994638443, 11.7023668289, 27.2302322388, 7.34601259232, -0.10287617892], [-9.90923404694, -3.83744335175, 9.62378406525, 3.3146853447, -3.43806242943, -1.69138777256, 6.98742198944, 10.6655054092, 8.50255775452, 6.43441009521, 7.34601259232, 20.4273700714, 7.7324962616], [-12.0986785889, -2.73224258423, -1.73613524437, -5.91304206848, -11.4014215469, -2.59997916222, 3.68566465378, 3.27142572403, 8.00981235504, 4.10036706924, -0.10287617892, 7.7324962616, 19.3838806152]],
        "icov": [[0.0118666701019, -0.0201802905649, 0.0147617720068, -0.0136296786368, 0.0113195199519, -0.00827248394489, 0.0141087416559, -0.0100981527939, 0.00367280701175, -0.0219138339162, 0.0138473371044, -0.00507465144619, 0.0115124164149], [-0.0201802905649, 0.0849794596434, -0.0477884039283, 0.0308231208473, -0.0473230630159, 0.0352672040462, -0.0255864616483, 0.0146031444892, -0.044001929462, 0.0479358173907, -0.0445254407823, 0.0496765226126, -0.0282098632306], [0.0147617720068, -0.0477884039283, 0.0587475895882, -0.0380607917905, 0.0343959406018, -0.0175749845803, -0.00712655764073, -0.0101853180677, 0.0220290515572, -0.0462636649609, 0.0352058969438, -0.0297755822539, 0.0298254322261], [-0.0136296786368, 0.0308231208473, -0.0380607917905, 0.0522471256554, -0.0249927956611, 0.00988377165049, -0.0176764391363, 0.0176608115435, -0.0254541691393, 0.0541464574635, -0.0358805060387, 0.0125912204385, -0.0107768177986], [0.0113195199519, -0.0473230630159, 0.0343959406018, -0.0249927956611, 0.0623139478266, -0.0442474633455, 0.0260478109121, -0.0401063971221, 0.0222650635988, -0.0328052900732, 0.0340344533324, -0.0209947098047, 0.0346798449755], [-0.00827248394489, 0.0352672040462, -0.0175749845803, 0.00988377165049, -0.0442474633455, 0.09417745471, -0.052832249552, 0.0279356129467, -0.031292706728, 0.0145426495001, -0.0208724159747, 0.0329410731792, -0.0102112842724], [0.0141087416559, -0.0255864616483, -0.00712655764073, -0.0176764391363, 0.0260478109121, -0.052832249552, 0.124046221375, -0.0674065351486, 0.0102641070262, -0.0312447063625, 0.0190847758204, 0.000737804744858, -0.00263125728816], [-0.0100981527939, 0.0146031444892, -0.0101853180677, 0.0176608115435, -0.0401063971221, 0.0279356129467, -0.0674065351486, 0.113739222288, -0.00716549251229, 0.0301262270659, -0.0356476455927, -0.0276483055204, -0.0185633450747], [0.00367280701175, -0.044001929462, 0.0220290515572, -0.0254541691393, 0.0222650635988, -0.031292706728, 0.0102641070262, -0.00716549251229, 0.113155990839, -0.0511544011533, 0.0375564545393, -0.049146194011, -0.0176780764014], [-0.0219138339162, 0.0479358173907, -0.0462636649609, 0.0541464574635, -0.0328052900732, 0.0145426495001, -0.0312447063625, 0.0301262270659, -0.0511544011533, 0.137544944882, -0.0715668871999, 0.0153857786208, -0.0255109407008], [0.0138473371044, -0.0445254407823, 0.0352058969438, -0.0358805060387, 0.0340344533324, -0.0208724159747, 0.0190847758204, -0.0356476455927, 0.0375564545393, -0.0715668871999, 0.0919310450554, -0.0328451171517, 0.0273915156722], [-0.00507465144619, 0.0496765226126, -0.0297755822539, 0.0125912204385, -0.0209947098047, 0.0329410731792, 0.000737804744858, -0.0276483055204, -0.049146194011, 0.0153857786208, -0.0328451171517, 0.119684018195, -0.0292601082474], [0.0115124164149, -0.0282098632306, 0.0298254322261, -0.0107768177986, 0.0346798449755, -0.0102112842724, -0.00263125728816, -0.0185633450747, -0.0176780764014, -0.0255109407008, 0.0273915156722, -0.0292601082474, 0.101363442838]]
    },
    "melbands": {
        "dmean": [0.00210705306381, 0.00233474955894, 0.000415151764173, 0.00027948609204, 0.000285933201667, 0.000544094480574, 0.000547829840798, 0.000239158282056, 6.13834636169e-05, 0.000582788081374, 0.000377324380679, 1.26056675072e-05, 6.90529759595e-06, 1.21086632134e-05, 4.08324194723e-05, 1.27735756905e-05, 0.000116255549074, 0.000401235010941, 3.47202039848e-05, 1.797470577e-05, 6.02772415732e-05, 7.20940806787e-05, 2.27880373131e-05, 4.51797131973e-06, 8.36708113638e-06, 8.32416844787e-07, 7.70113786075e-07, 1.09890152089e-06, 9.38345579016e-07, 1.63111792517e-06, 1.91669801097e-06, 1.12349403025e-06, 8.30558235521e-07, 4.66372426899e-07, 4.63320901645e-07, 1.38277925998e-07, 5.15291596059e-08, 2.6055754887e-08, 1.9338049384e-08, 2.12836965829e-08],
        "dmean2": [0.00373824988492, 0.00389822944999, 0.000712731969543, 0.000473611667985, 0.000479443580844, 0.000948216067627, 0.000935400312301, 0.00040380412247, 0.000103606609628, 0.00097147456836, 0.000637582445052, 2.10259968298e-05, 1.17958543342e-05, 2.06528184208e-05, 7.10758104105e-05, 2.18637542275e-05, 0.000201074348297, 0.000697583309375, 5.93065487919e-05, 3.14798780892e-05, 0.000105974839244, 0.000124258207507, 4.02296536777e-05, 7.67835808801e-06, 1.45456524479e-05, 1.44028342675e-06, 1.34704214361e-06, 1.90560194824e-06, 1.65831352206e-06, 2.87532679977e-06, 3.33215598403e-06, 1.99057467398e-06, 1.45065951074e-06, 8.61864066337e-07, 8.78889920841e-07, 2.58705682654e-07, 8.78805295201e-08, 4.55083188911e-08, 3.23660920287e-08, 3.68420565167e-08],
        "dvar": [5.44598424312e-06, 9.3024718808e-06, 4.13344821482e-07, 7.90227474567e-08, 3.52966367245e-08, 1.52142547449e-07, 1.77918565214e-07, 3.37545671414e-08, 2.73303535359e-09, 1.41243333474e-07, 9.69227258452e-08, 9.96019447475e-11, 5.79026965264e-11, 5.58604273948e-11, 6.84533540962e-10, 9.10325773096e-11, 9.72222657936e-09, 1.05768997116e-07, 7.23508697398e-10, 8.37033942158e-10, 6.44617070833e-09, 5.79680703439e-09, 3.88689191944e-10, 3.79044261256e-11, 6.89417758992e-11, 4.40842268289e-13, 3.36422621532e-13, 7.29777891763e-13, 4.51250256779e-13, 1.55256515109e-12, 2.17856657193e-12, 1.22873954934e-12, 5.39296363643e-13, 1.01744384673e-13, 9.0787776331e-14, 1.05461353287e-14, 1.88863232711e-15, 4.6361988379e-16, 2.07002490922e-16, 2.27863377166e-16],
        "dvar2": [1.28533692987e-05, 1.97997105715e-05, 1.28988449433e-06, 2.26101889211e-07, 1.05967018271e-07, 4.51121650258e-07, 5.48410071133e-07, 1.00116871238e-07, 7.79477016266e-09, 4.32952077745e-07, 2.83550548374e-07, 2.85440282521e-10, 1.54659396401e-10, 1.65139943387e-10, 1.93215066169e-09, 2.81849155126e-10, 2.60531898277e-08, 3.04901135451e-07, 2.19993800954e-09, 2.3990773812e-09, 1.90657853949e-08, 1.78488317459e-08, 1.05156883201e-09, 1.08435926904e-10, 1.90680776724e-10, 1.17898529481e-12, 9.62379806922e-13, 1.89939275246e-12, 1.37852067001e-12, 4.58008761126e-12, 6.05827844488e-12, 3.70627009985e-12, 1.53980539257e-12, 3.15285666498e-13, 2.92764754497e-13, 3.59789373858e-14, 5.54236357871e-15, 1.51722690858e-15, 6.47612380592e-16, 7.47966620721e-16],
        "max": [0.0202903095633, 0.0265031885356, 0.00603225873783, 0.00288199889474, 0.001422831323, 0.0035485890694, 0.00279744504951, 0.00168698991183, 0.000463646138087, 0.00344675616361, 0.00219961372204, 8.31378638395e-05, 7.85937227192e-05, 4.47765196441e-05, 0.000159562230692, 5.53516183572e-05, 0.000642077706289, 0.00192954984959, 0.000196341046831, 0.000278182851616, 0.000783357361797, 0.000452578329714, 0.000189054117072, 6.86496350681e-05, 5.73663564865e-05, 5.42995394426e-06, 4.24030349677e-06, 6.65749576001e-06, 4.93501829624e-06, 9.29320412979e-06, 9.58205782808e-06, 7.6646447269e-06, 3.93779191654e-06, 1.77173217253e-06, 1.83420195299e-06, 6.02178261033e-07, 3.46843364696e-07, 1.6295372518e-07, 1.34453856049e-07, 1.32207759407e-07],
        "mean": [0.0026257710997, 0.00305181648582, 0.000685624836478, 0.000488352379762, 0.000778509536758, 0.00112516724039, 0.00122705299873, 0.000481778464746, 0.000182203832082, 0.00128664611839, 0.000756281020585, 2.97528749797e-05, 1.59568244271e-05, 2.03119889193e-05, 6.78954966133e-05, 1.96213968593e-05, 0.000155258981977, 0.000574731791858, 6.09075177636e-05, 3.62644314009e-05, 9.0079374786e-05, 0.000110333668999, 4.03117155656e-05, 9.33813498705e-06, 1.51781450768e-05, 2.13915359382e-06, 1.72341208327e-06, 2.79368919109e-06, 2.09742006518e-06, 3.67867914974e-06, 4.67392510473e-06, 2.94321034744e-06, 1.56656381023e-06, 7.60784018894e-07, 7.21540402537e-07, 2.94414860491e-07, 1.66146094216e-07, 8.99944723187e-08, 6.29761984783e-08, 5.92117039844e-08],
        "median": [0.00185791682452, 0.00157809210941, 0.000536839128472, 0.000425728096161, 0.000764207041357, 0.00108581944369, 0.00117716460954, 0.000424966361606, 0.00017162784934, 0.00123715121299, 0.000655279320199, 2.70073196589e-05, 1.43150737131e-05, 1.87785062735e-05, 6.14724776824e-05, 1.69345530594e-05, 0.00012301573588, 0.000494513311423, 5.19415370945e-05, 3.1202838727e-05, 6.78053183947e-05, 8.33323720144e-05, 3.52537572326e-05, 8.66743812367e-06, 1.29622303575e-05, 1.979028184e-06, 1.58032889885e-06, 2.6446141419e-06, 2.02060709853e-06, 3.46892284142e-06, 4.3003274186e-06, 2.69954875876e-06, 1.35454763495e-06, 6.97145253525e-07, 6.59642807932e-07, 2.72331476481e-07, 1.61815762567e-07, 8.77669137367e-08, 6.08549868275e-08, 5.85325565794e-08],
        "min": [6.85773484292e-05, 5.94786397414e-05, 2.83614481305e-05, 1.84676991921e-05, 9.81130415312e-06, 5.69760140934e-06, 5.93918048253e-06, 2.50888774644e-06, 1.08244821604e-05, 3.38223471772e-05, 1.88312023965e-05, 5.40568817087e-06, 3.94994367525e-06, 3.07288178192e-06, 1.12580789846e-06, 4.60250817014e-07, 3.10532095682e-06, 4.71157500215e-06, 2.01334705707e-06, 6.51294328691e-07, 2.42223609348e-06, 3.93374693886e-06, 2.32631941799e-06, 4.92552203468e-07, 6.00571524956e-07, 2.79812240933e-07, 7.16445356375e-08, 7.90057228528e-08, 4.96322130061e-08, 1.83991545555e-07, 3.67733179019e-07, 1.31284082272e-07, 2.65494239926e-08, 2.2287546031e-08, 2.23981171388e-08, 1.46357574948e-08, 2.19247890954e-08, 8.69306848728e-09, 4.33980407166e-09, 3.67168784265e-09],
        "var": [9.06066543394e-06, 1.82411131391e-05, 4.4272701416e-07, 8.7623632794e-08, 6.01702367931e-08, 2.63269669176e-07, 2.33191570942e-07, 5.41876801208e-08, 4.8634087868e-09, 3.43011606674e-07, 2.10261973166e-07, 1.79840073389e-10, 8.05182448493e-11, 8.68598526438e-11, 1.18998677578e-09, 1.18406229266e-10, 1.22040813011e-08, 1.31094751055e-07, 1.24500376675e-09, 6.4719846149e-10, 5.46407630253e-09, 7.02675118092e-09, 4.35637137475e-10, 3.24795260132e-11, 9.06692013136e-11, 7.57261115793e-13, 4.51934307035e-13, 1.19713375497e-12, 6.30087887248e-13, 1.91671331584e-12, 2.89839289722e-12, 1.41609033527e-12, 5.98163066388e-13, 1.18383831926e-13, 1.10781020045e-13, 1.1047516153e-14, 2.38421203455e-15, 5.3809726738e-16, 3.72981508612e-16, 3.69768686173e-16]
    },
    "mfcc": {
        "mean": [-596.977539062, 153.564071655, -20.1743278503, 29.0562763214, 3.16746759415, 8.74007415771, -33.1013298035, -0.829887449741, 14.2791795731, 6.79060697556, 11.2594833374, 2.75850558281, -12.4663438797],
        "cov": [[259.897705078, 32.6313514709, -26.1972579956, 17.3622207642, 33.4236335754, 14.4144439697, -13.5227956772, -7.96711683273, -4.56897115707, 17.7115859985, 21.5064811707, 4.73382329941, 3.05736589432], [32.6313514709, 62.2744827271, 3.71215319633, 9.97132778168, 21.7269306183, 6.37213945389, 14.0947294235, 8.65596961975, 12.9998817444, 15.5174942017, 12.2993488312, 10.1297311783, 3.13504338264], [-26.1972579956, 3.71215319633, 91.4687728882, 39.9266700745, -11.8861246109, 16.2681903839, 11.2688302994, 16.4215106964, 8.71098423004, 8.47719192505, 6.72191858292, 8.94768428802, 17.1146316528], [17.3622207642, 9.97132778168, 39.9266700745, 49.4437332153, 14.0828256607, 13.1055040359, 13.3444633484, 21.6954479218, 10.1007823944, 2.94330692291, 9.86346340179, 11.2422170639, 10.9261188507], [33.4236335754, 21.7269306183, -11.8861246109, 14.0828256607, 39.9330215454, 13.8617429733, 16.0092639923, 14.5327444077, 6.90237855911, 5.61045074463, 10.5267648697, 8.61454772949, -0.144463345408], [14.4144439697, 6.37213945389, 16.2681903839, 13.1055040359, 13.8617429733, 30.1523780823, 7.40324497223, 9.03359031677, 9.23503875732, 10.9525232315, 7.94062709808, 2.52003598213, -0.0249827578664], [-13.5227956772, 14.0947294235, 11.2688302994, 13.3444633484, 16.0092639923, 7.40324497223, 42.545539856, 14.2732219696, 1.10678291321, 7.56127786636, 12.9633655548, 12.5046606064, 6.81965732574], [-7.96711683273, 8.65596961975, 16.4215106964, 21.6954479218, 14.5327444077, 9.03359031677, 14.2732219696, 31.1200733185, 11.2072143555, 3.0177321434, 5.99642181396, 8.33186626434, 8.27483177185], [-4.56897115707, 12.9998817444, 8.71098423004, 10.1007823944, 6.90237855911, 9.23503875732, 1.10678291321, 11.2072143555, 22.6591777802, 7.59555339813, 2.05687999725, -0.310412734747, -0.0671919956803], [17.7115859985, 15.5174942017, 8.47719192505, 2.94330692291, 5.61045074463, 10.9525232315, 7.56127786636, 3.0177321434, 7.59555339813, 22.4876537323, 9.83074092865, 2.09174990654, 1.48970162868], [21.5064811707, 12.2993488312, 6.72191858292, 9.86346340179, 10.5267648697, 7.94062709808, 12.9633655548, 5.99642181396, 2.05687999725, 9.83074092865, 20.8723163605, 4.87538719177, 3.69383502007], [4.73382329941, 10.1297311783, 8.94768428802, 11.2422170639, 8.61454772949, 2.52003598213, 12.5046606064, 8.33186626434, -0.310412734747, 2.09174990654, 4.87538719177, 19.9459629059, 10.6168088913], [3.05736589432, 3.13504338264, 17.1146316528, 10.9261188507, -0.144463345408, -0.0249827578664, 6.81965732574, 8.27483177185, -0.0671919956803, 1.48970162868, 3.69383502007, 10.6168088913, 19.6447525024]],
