{
"lowlevel": {
    "average_loudness": 0.923237919807,
    "barkbands_crest": {
        "dmean": 1.93846678734,
        "dmean2": 2.91698217392,
        "dvar": 6.01412820816,
        "dvar2": 14.1621952057,
        "max": 25.8128070831,
        "mean": 19.1989078522,
        "median": 20.6726322174,
        "min": 6.17276668549,
        "var": 24.1074066162
    },
    "barkbands_flatness_db": {
        "dmean": 0.0156061882153,
        "dmean2": 0.0210449248552,
        "dvar": 0.000500227964949,
        "dvar2": 0.000740159768611,
        "max": 0.512915015221,
        "mean": 0.300820171833,
        "median": 0.317605882883,
        "min": 0.12172459811,
        "var": 0.00859689153731
    },
    "barkbands_kurtosis": {
        "dmean": 11.2841205597,
        "dmean2": 16.4812908173,
        "dvar": 417.907989502,
        "dvar2": 965.968994141,
        "max": 182.609054565,
        "mean": 21.2494049072,
        "median": 8.10478496552,
        "min": -1.74023139477,
        "var": 1181.18615723
    },
    "barkbands_skewness": {
        "dmean": 0.877293646336,
        "dmean2": 1.25865578651,
        "dvar": 1.17784929276,
        "dvar2": 2.55690908432,
        "max": 12.075261116,
        "mean": 3.05574011803,
        "median": 2.66723489761,
        "min": -0.556883513927,
        "var": 5.93059253693
    },
    "barkbands_spread": {
        "dmean": 1.11015081406,
        "dmean2": 1.70244455338,
        "dvar": 2.37744379044,
        "dvar2": 5.97363233566,
        "max": 17.0034141541,
        "mean": 4.88891458511,
        "median": 4.43460321426,
        "min": 0.270942389965,
        "var": 13.3935432434
    },
    "dissonance": {
        "dmean": 0.0420010611415,
        "dmean2": 0.07458075881,
        "dvar": 0.00161193043459,
        "dvar2": 0.00480853486806,
        "max": 0.484063327312,
        "mean": 0.381542384624,
        "median": 0.385906517506,
        "min": 0.217332288623,
        "var": 0.00466386554763
    },
    "dynamic_complexity": 5.1642575264,
    "erbbands_crest": {
        "dmean": 1.79478681087,
        "dmean2": 2.60351800919,
        "dvar": 2.77443242073,
        "dvar2": 5.68370342255,
        "max": 26.7549419403,
        "mean": 15.7470979691,
        "median": 14.0701637268,
        "min": 6.11804199219,
        "var": 30.5034370422
    },
    "erbbands_flatness_db": {
        "dmean": 0.0158749874681,
        "dmean2": 0.0215761624277,
        "dvar": 0.000419999210862,
        "dvar2": 0.000743605545722,
        "max": 0.501827180386,
        "mean": 0.318995416164,
        "median": 0.32817235589,
        "min": 0.177068307996,
        "var": 0.00579810980707
    },
    "erbbands_kurtosis": {
        "dmean": 2.92392849922,
        "dmean2": 4.39407157898,
        "dvar": 26.4911231995,
        "dvar2": 60.923992157,
        "max": 47.6914749146,
        "mean": 4.19754505157,
        "median": 0.591963291168,
        "min": -1.50159406662,
        "var": 72.9492645264
    },
    "erbbands_skewness": {
        "dmean": 0.550585865974,
        "dmean2": 0.824879467487,
        "dvar": 0.520314335823,
        "dvar2": 1.16023766994,
        "max": 5.32459688187,
        "mean": 1.26084280014,
        "median": 1.01875388622,
        "min": -1.36888170242,
        "var": 2.31961584091
    },
    "erbbands_spread": {
        "dmean": 2.76359844208,
        "dmean2": 4.18173074722,
        "dvar": 9.40637397766,
        "dvar2": 20.6925678253,
        "max": 34.0343132019,
        "mean": 14.3660964966,
        "median": 14.2177848816,
        "min": 1.76551496983,
        "var": 55.7086601257
    },
    "hfc": {
        "dmean": 1.87949192524,
        "dmean2": 2.61086130142,
        "dvar": 12.5012226105,
        "dvar2": 31.3608894348,
        "max": 31.0520954132,
        "mean": 8.37628364563,
        "median": 4.91439628601,
        "min": 0.00875297468156,
        "var": 65.2925415039
    },
    "melbands_crest": {
        "dmean": 1.58463466167,
        "dmean2": 2.47124934196,
        "dvar": 4.03455591202,
        "dvar2": 8.90817737579,
        "max": 28.2196044922,
        "mean": 20.0145130157,
        "median": 20.2447967529,
        "min": 8.05995464325,
        "var": 25.3967952728
    },
    "melbands_flatness_db": {
        "dmean": 0.0168388243765,
        "dmean2": 0.0238658506423,
        "dvar": 0.000555436883587,
        "dvar2": 0.00095082516782,
        "max": 0.606797754765,
        "mean": 0.387587338686,
        "median": 0.404408663511,
        "min": 0.196513563395,
        "var": 0.0099329976365
    },
    "melbands_kurtosis": {
        "dmean": 9.31966972351,
        "dmean2": 13.3885793686,
        "dvar": 210.823883057,
        "dvar2": 455.531707764,
        "max": 169.635025024,
        "mean": 21.0936489105,
        "median": 12.4912242889,
        "min": -1.42743873596,
        "var": 737.00994873
    },
    "melbands_skewness": {
        "dmean": 0.797925233841,
        "dmean2": 1.14037907124,
        "dvar": 0.709778010845,
        "dvar2": 1.62336099148,
        "max": 9.47982311249,
        "mean": 3.22214007378,
        "median": 3.14320278168,
        "min": -0.116323694587,
        "var": 3.62408614159
    },
    "melbands_spread": {
        "dmean": 2.01193594933,
        "dmean2": 3.14451241493,
        "dvar": 8.74007797241,
        "dvar2": 22.8583240509,
        "max": 22.6744709015,
        "mean": 7.07570123672,
        "median": 5.5964474678,
        "min": 0.533353567123,
        "var": 32.3122673035
    },
    "pitch_salience": {
        "dmean": 0.0635116174817,
        "dmean2": 0.0920290276408,
        "dvar": 0.00502784969285,
        "dvar2": 0.0133410589769,
        "max": 0.80267226696,
        "mean": 0.34012106061,
        "median": 0.337613791227,
        "min": 0.114296860993,
        "var": 0.0214758310467
    },
    "silence_rate_20dB": {
        "dmean": 0,
        "dmean2": 0,
        "dvar": 0,
        "dvar2": 0,
        "max": 1,
        "mean": 1,
        "median": 1,
        "min": 1,
        "var": 0
    },
    "silence_rate_30dB": {
        "dmean": 0,
        "dmean2": 0,
        "dvar": 0,
        "dvar2": 0,
        "max": 1,
        "mean": 1,
        "median": 1,
        "min": 1,
        "var": 0
    },
    "silence_rate_60dB": {
        "dmean": 0.0416666679084,
        "dmean2": 0.0840336158872,
        "dvar": 0.0399305745959,
        "dvar2": 0.0937787592411,
        "max": 1,
        "mean": 0.338842988014,
        "median": 0,
        "min": 0,
        "var": 0.224028423429
    },
    "spectral_centroid": {
        "dmean": 62.0021705627,
        "dmean2": 98.5027999878,
        "dvar": 10708.0654297,
        "dvar2": 28749.8730469,
        "max": 1263.14294434,
        "mean": 524.705322266,
        "median": 470.791595459,
        "min": 319.876037598,
        "var": 42362.828125
    },
    "spectral_complexity": {
        "dmean": 1.34166669846,
        "dmean2": 2.31932783127,
        "dvar": 2.40826249123,
        "dvar2": 5.20895195007,
        "max": 15,
        "mean": 5.70247936249,
        "median": 5,
        "min": 0,
        "var": 7.58090591431
    },
    "spectral_decrease": {
        "dmean": 7.23327064911e-10,
        "dmean2": 9.39536448641e-10,
        "dvar": 1.67251856333e-18,
        "dvar2": 2.89174938882e-18,
        "max": -3.22499405653e-12,
        "mean": -5.12935427466e-09,
        "median": -2.9123903289e-09,
        "min": -1.91145659301e-08,
        "var": 2.62486775327e-17
    },
    "spectral_energy": {
        "dmean": 0.00289448117837,
        "dmean2": 0.0037766858004,
        "dvar": 2.64133268502e-05,
        "dvar2": 4.67027057311e-05,
        "max": 0.0749592408538,
        "mean": 0.0201190412045,
        "median": 0.0113637978211,
        "min": 1.29657901198e-05,
        "var": 0.00040093268035
    },
    "spectral_energyband_high": {
        "dmean": 1.34161382448e-06,
        "dmean2": 2.38201550928e-06,
        "dvar": 1.65312780825e-11,
        "dvar2": 4.8530322122e-11,
        "max": 3.47176683135e-05,
        "mean": 4.15798058384e-06,
        "median": 4.14609439758e-06,
        "min": 8.92326497137e-08,
        "var": 1.02123708795e-11
    },
    "spectral_energyband_low": {
        "dmean": 2.64662503469e-05,
        "dmean2": 3.86685533158e-05,
        "dvar": 7.04408220642e-09,
        "dvar2": 8.24520363096e-09,
        "max": 0.000892662326805,
        "mean": 3.69671834051e-05,
        "median": 1.64046232385e-05,
        "min": 3.52471943188e-07,
        "var": 8.5596534305e-09
    },
    "spectral_energyband_middle_high": {
        "dmean": 0.00115923536941,
        "dmean2": 0.00175773561932,
        "dvar": 8.74224588188e-06,
        "dvar2": 2.35657898884e-05,
        "max": 0.0229025967419,
        "mean": 0.00223366101272,
        "median": 0.000506442505866,
        "min": 2.47431512435e-06,
        "var": 1.3984639736e-05
    },
    "spectral_energyband_middle_low": {
        "dmean": 0.00215124874376,
        "dmean2": 0.00259865261614,
        "dvar": 2.22132566705e-05,
        "dvar2": 3.21518673445e-05,
        "max": 0.0740402936935,
        "mean": 0.017856542021,
        "median": 0.0100655183196,
        "min": 9.9584549389e-06,
        "var": 0.000362073275028
    },
    "spectral_entropy": {
        "dmean": 0.167518362403,
        "dmean2": 0.256231635809,
        "dvar": 0.0500473119318,
        "dvar2": 0.112560510635,
        "max": 7.77140808105,
        "mean": 6.04753541946,
        "median": 5.83957672119,
        "min": 4.38280534744,
        "var": 0.737618088722
    },
    "spectral_flux": {
        "dmean": 0.0120204184204,
        "dmean2": 0.0184978283942,
        "dvar": 0.000407910934882,
        "dvar2": 0.000906327331904,
        "max": 0.188255816698,
        "mean": 0.029475081712,
        "median": 0.0186207126826,
        "min": 0.00806737411767,
        "var": 0.000927104789298
    },
    "spectral_kurtosis": {
        "dmean": 11.9264478683,
        "dmean2": 18.6955242157,
        "dvar": 317.058319092,
        "dvar2": 471.732757568,
        "max": 201.212661743,
        "mean": 32.7408027649,
        "median": 21.1313457489,
        "min": 6.47409439087,
        "var": 1127.88037109
    },
    "spectral_rms": {
        "dmean": 0.000306173576973,
        "dmean2": 0.00040336989332,
        "dvar": 1.47295253328e-07,
        "dvar2": 2.91821834253e-07,
        "max": 0.00855166465044,
        "mean": 0.00376019859686,
        "median": 0.00332965957932,
        "min": 0.000112470224849,
        "var": 5.4892288972e-06
    },
    "spectral_rolloff": {
        "dmean": 131.531982422,
        "dmean2": 234.33190918,
        "dvar": 45894.8984375,
        "dvar2": 102813.414062,
        "max": 1679.58984375,
        "mean": 679.096801758,
        "median": 559.86328125,
        "min": 322.998046875,
        "var": 128550.507812
    },
    "spectral_skewness": {
        "dmean": 0.761767327785,
        "dmean2": 1.23593473434,
        "dvar": 0.673805475235,
        "dvar2": 1.38195645809,
        "max": 11.0801963806,
        "mean": 3.79814362526,
        "median": 3.26275968552,
        "min": 1.55433654785,
        "var": 3.50270438194
    },
    "spectral_spread": {
        "dmean": 406825.8125,
        "dmean2": 649928.1875,
        "dvar": 506155106304,
        "dvar2": 573606199296,
        "max": 11258764,
        "mean": 2295007.25,
        "median": 2304975.5,
        "min": 595875,
        "var": 1.19808878182e+12
    },
    "spectral_strongpeak": {
        "dmean": 0.1124265939,
        "dmean2": 0.15083605051,
        "dvar": 0.062241781503,
        "dvar2": 0.138184040785,
        "max": 3.43533086777,
        "mean": 1.34645557404,
        "median": 1.19139289856,
        "min": 0.00447998568416,
        "var": 0.829238295555
    },
    "zerocrossingrate": {
        "dmean": 0.00303548178636,
        "dmean2": 0.00387752754614,
        "dvar": 1.277598858e-05,
        "dvar2": 1.76321300387e-05,
        "max": 0.05615234375,
        "mean": 0.023167129606,
        "median": 0.02001953125,
        "min": 0.00927734375,
        "var": 9.87602688838e-05
    },
    "barkbands": {
        "dmean": [1.78213019808e-06, 1.12969682959e-05, 1.27698740471e-05, 1.18695461424e-05, 0.000183228010428, 0.00192925869487, 0.000127171922941, 0.000174479180714, 0.000418543000706, 5.92831274844e-05, 0.000580463209189, 0.000369846267859, 0.000279434694676, 5.41665394849e-05, 1.29237341753e-05, 4.41305610366e-06, 6.04977230978e-06, 1.05599417566e-06, 2.05374249163e-06, 1.50061498516e-06, 5.99579550453e-07, 1.24870894069e-07, 3.30778036073e-08, 2.38055584134e-08, 2.12403126199e-08, 3.05685823321e-08, 5.43908704742e-08],
        "dmean2": [1.94233302864e-06, 1.73841726792e-05, 1.94761505554e-05, 1.81555606105e-05, 0.00026342732599, 0.00241662422195, 0.000197012690478, 0.000266456103418, 0.000448811508249, 0.000109671702376, 0.000820054090582, 0.000666332605761, 0.000433567969594, 7.8996985394e-05, 2.17436718231e-05, 6.44282681606e-06, 1.13547712317e-05, 1.9000717657e-06, 3.62024093192e-06, 2.7322587357e-06, 1.03228376247e-06, 2.11547387607e-07, 5.34237543093e-08, 4.00072153184e-08, 3.11530499175e-08, 4.6912003171e-08, 8.34749656065e-08],
        "dvar": [2.87112611463e-10, 9.68717883687e-10, 1.11711417894e-09, 1.27348187551e-09, 1.61333545634e-07, 1.84316049854e-05, 3.14591552808e-08, 6.81586911355e-08, 1.33649439249e-06, 4.97802403743e-08, 1.97530152946e-06, 2.14793385567e-06, 8.03706143415e-07, 1.08623545714e-08, 1.10591413804e-09, 2.62050992017e-10, 4.46866960102e-10, 8.05161319561e-12, 1.88281074759e-11, 2.23199757288e-11, 1.18405871045e-12, 3.98108432884e-14, 4.10661181642e-15, 2.08386029244e-15, 1.42720837623e-15, 2.31995971506e-15, 3.68214624237e-15],
        "dvar2": [2.84895523839e-10, 1.10603926018e-09, 1.72842473667e-09, 2.53944398843e-09, 2.34639131236e-07, 2.72105753538e-05, 7.56764961807e-08, 1.62853524444e-07, 2.07539187613e-06, 1.45614265534e-07, 3.68987707589e-06, 6.0401380324e-06, 1.44059458762e-06, 2.62146020447e-08, 2.74550515655e-09, 3.8958297699e-10, 1.33894351162e-09, 2.35779104574e-11, 5.01343341841e-11, 6.61359092491e-11, 3.27187257322e-12, 1.10350171654e-13, 9.2526380912e-15, 4.83344316516e-15, 2.26870829252e-15, 4.16871669563e-15, 7.02582616583e-15],
        "max": [0.000188050151337, 0.000336944533046, 0.000304927001707, 0.000300175190205, 0.00515103386715, 0.0599490217865, 0.00124548678286, 0.0024081368465, 0.0168024748564, 0.00173907529097, 0.0102487467229, 0.00929112080485, 0.00875248759985, 0.000930959125981, 0.000225511466851, 0.000179043287062, 0.000166247962625, 2.33737482631e-05, 2.98334853142e-05, 3.94380367652e-05, 8.1404186858e-06, 1.36637277137e-06, 5.1176755278e-07, 3.013591936e-07, 2.72890076758e-07, 4.89214869503e-07, 7.09483401806e-07],
        "mean": [1.8396442556e-06, 1.32186596602e-05, 1.56890364451e-05, 1.42627177411e-05, 0.00109581940342, 0.0155167263001, 0.000218609056901, 0.000292572192848, 0.000708177394699, 4.69715923828e-05, 0.00144664023537, 0.000250234355917, 0.000364346284186, 9.3368900707e-05, 1.54664376169e-05, 6.64694152874e-06, 6.2328781496e-06, 1.96343034986e-06, 4.11563132729e-06, 3.62724267688e-06, 1.41724717651e-06, 2.83212870045e-07, 8.81702888478e-08, 6.38613073534e-08, 6.64726229616e-08, 9.89504229665e-08, 3.73890827632e-07],
        "median": [2.04375027124e-07, 5.92147898715e-06, 5.0173011914e-06, 2.94089750241e-06, 0.000221491558477, 0.00905578024685, 0.000123161400552, 0.000130198721308, 9.17701181606e-05, 8.12806229078e-06, 0.000228472330491, 1.40955098686e-05, 8.16359533928e-05, 3.82465696021e-05, 3.73500552087e-06, 1.65467565694e-06, 3.64926017937e-06, 1.64431696703e-06, 3.55998326995e-06, 3.57804537998e-06, 1.37011954848e-06, 2.50224616138e-07, 7.72024009166e-08, 5.7280406196e-08, 5.70526665911e-08, 9.15120423883e-08, 4.16948836346e-07],
        "min": [3.71998387649e-09, 1.40552430139e-07, 3.74587578733e-08, 1.27074573086e-08, 1.87982288935e-06, 2.96307666758e-06, 3.83736932008e-07, 2.24505265578e-06, 2.3443972168e-06, 2.92908964639e-07, 2.42982395093e-07, 4.18874350316e-07, 1.07584628495e-06, 2.25106560947e-07, 4.26003197163e-08, 2.23177352154e-08, 3.69103823061e-08, 3.63123220382e-08, 7.27725151251e-08, 4.74652779303e-08, 3.38670247402e-08, 7.88499043836e-09, 2.22910712111e-09, 1.52142742849e-09, 4.09482758812e-09, 2.31479124757e-09, 1.15733627126e-08],
        "var": [2.89055474001e-10, 1.02805364222e-09, 1.57136648138e-09, 1.77453951533e-09, 2.32058687288e-06, 0.00027007231256, 7.07495715346e-08, 1.42555549587e-07, 4.09098402088e-06, 2.7732051322e-08, 6.11621771895e-06, 1.35229345233e-06, 1.22236133393e-06, 2.76164371371e-08, 1.39096434371e-09, 5.29362720325e-10, 2.37964842276e-10, 4.70922302889e-12, 1.42774177897e-11, 1.36536077583e-11, 9.09086228604e-13, 3.32341813303e-14, 3.77789018805e-15, 1.78337090748e-15, 2.00544473504e-15, 3.82627567461e-15, 2.09572315827e-14]
    },
    "erbbands": {
        "dmean": [0.0002071128838, 0.00303433602676, 0.0136472117156, 0.0277300756425, 0.0532938763499, 0.487972676754, 13.067401886, 10.6461210251, 0.86642074585, 3.35500240326, 4.59211158752, 9.56074523926, 1.64372193813, 10.5492038727, 20.0816612244, 12.9955596924, 14.0315008163, 3.98975920677, 1.16498637199, 0.543210089207, 0.125025048852, 0.382135868073, 0.0852294415236, 0.0896419212222, 0.081560254097, 0.0732308477163, 0.0400294922292, 0.016179388389, 0.00498236622661, 0.00152207911015, 0.000889043731149, 0.00059188407613, 0.000361197307939, 0.0002274819999, 0.00018894817913, 0.000103063248389, 7.42939591873e-05, 2.66685565293e-05, 7.79731817602e-06, 3.62883201888e-06],
        "dmean2": [0.000295578531222, 0.00472868327051, 0.0220595225692, 0.0415570437908, 0.0726715400815, 0.557576715946, 14.8435230255, 13.4156885147, 1.35944807529, 5.12589788437, 6.67706441879, 10.0590581894, 2.6990685463, 14.2380590439, 28.173614502, 23.0200195312, 21.700466156, 6.08571481705, 2.08215093613, 0.784187018871, 0.212685316801, 0.717710196972, 0.160013362765, 0.15626975894, 0.144263982773, 0.131586834788, 0.0724984034896, 0.0281950328499, 0.0083600981161, 0.00255898153409, 0.00145787664223, 0.00101772369817, 0.000584905035794, 0.000345507927705, 0.000282568333205, 0.000165272853337, 0.000116665607493, 4.17299161199e-05, 1.27300463646e-05, 5.1373435781e-06],
        "dvar": [1.08705853563e-06, 4.69292099297e-05, 0.00110467593186, 0.00803713873029, 0.0403580106795, 0.711254179478, 526.020996094, 814.971618652, 2.23460149765, 20.6979084015, 56.5512199402, 1164.62756348, 20.8903217316, 730.62890625, 3236.53930664, 2170.92895508, 2145.94628906, 60.2308807373, 11.3358745575, 5.46369075775, 0.101598240435, 1.7612247467, 0.0929107367992, 0.0299869738519, 0.0386000387371, 0.0488773807883, 0.0114846639335, 0.00070502969902, 6.10929710092e-05, 9.07008870854e-06, 2.22843709707e-06, 1.40647341595e-06, 3.5910292695e-07, 1.39479169547e-07, 1.58578870924e-07, 2.23960743284e-08, 1.36431630438e-08, 1.76568104582e-09, 5.78069328516e-11, 3.21578909335e-11],
        "dvar2": [1.09755421818e-06, 6.04634296906e-05, 0.00182025006507, 0.0139658665285, 0.0513486452401, 0.975295841694, 697.233398438, 1194.12109375, 4.90697383881, 56.2509040833, 86.7482910156, 1893.8371582, 56.8059005737, 1610.13574219, 7896.70654297, 6198.18164062, 3828.71801758, 134.754730225, 28.316701889, 10.2568683624, 0.245349094272, 5.28424739838, 0.277679383755, 0.0757942646742, 0.108988784254, 0.145499452949, 0.0335222780704, 0.00187359913252, 0.000169921171619, 2.21885748033e-05, 4.56048564956e-06, 3.38890322382e-06, 7.46508476368e-07, 2.46551394412e-07, 2.83106629695e-07, 4.67566891871e-08, 2.63002402079e-08, 3.32963590033e-09, 1.14883304259e-10, 5.89084475644e-11],
        "max": [0.0115671902895, 0.0716793015599, 0.294871985912, 0.795715868473, 2.33020162582, 17.2255134583, 444.713500977, 393.312255859, 15.6332120895, 36.6609191895, 91.0688247681, 469.624908447, 36.7890815735, 243.227783203, 450.58013916, 307.337615967, 458.979705811, 82.7220077515, 27.3443717957, 23.9974994659, 2.49992203712, 10.4170064926, 2.47795391083, 1.18371880054, 1.51650011539, 1.84310245514, 0.913444817066, 0.212833374739, 0.0522147268057, 0.0233263559639, 0.0105028320104, 0.00856030918658, 0.004636912141, 0.00293285725638, 0.00342101906426, 0.00100249995012, 0.001231718692, 0.000508980592713, 8.56930637383e-05, 8.40664724819e-05],
        "mean": [0.000245937204454, 0.00364079512656, 0.0167185477912, 0.0396130718291, 0.174436315894, 4.836622715, 129.705322266, 58.9097518921, 3.08250713348, 6.59856557846, 10.8174858093, 15.5336313248, 2.19736146927, 22.9874382019, 39.8842277527, 10.6866044998, 17.792547226, 7.137550354, 1.69804167747, 0.745830893517, 0.185600608587, 0.392043828964, 0.130008995533, 0.192493379116, 0.173075303435, 0.169807165861, 0.0856110975146, 0.0432717092335, 0.0121530219913, 0.00376041559502, 0.00235606799833, 0.00150628993288, 0.00102737580892, 0.000735313689802, 0.000520889298059, 0.000288215174805, 0.000214093583054, 0.00011297743913, 5.27539959876e-05, 2.93877692457e-05],
        "median": [9.43132909015e-05, 0.0016925324453, 0.00684376806021, 0.0123383523896, 0.0585857667029, 1.9781730175, 66.7126846313, 41.5749588013, 2.15452241898, 4.56475830078, 3.27559828758, 1.88773429394, 0.625279068947, 4.20672702789, 6.26700305939, 1.47958350182, 3.39569664001, 2.49734044075, 0.627358555794, 0.0944987162948, 0.0889540016651, 0.226556628942, 0.100394785404, 0.16748508811, 0.153924182057, 0.164360791445, 0.0818911120296, 0.0422264561057, 0.0109518552199, 0.00307626836002, 0.00209550280124, 0.00137781747617, 0.000959621858783, 0.000683381280396, 0.00041967863217, 0.000238215608988, 0.000205049000215, 0.000112132118375, 5.33996826562e-05, 2.18237291847e-05],
        "min": [6.27433655609e-06, 3.38981590176e-05, 5.2320654504e-05, 4.74133012176e-05, 0.000683681981172, 0.00715338625014, 0.0235071219504, 0.0215429216623, 0.00697332248092, 0.0150279514492, 0.0675022676587, 0.0578181706369, 0.0106991855428, 0.0107341241091, 0.0105323316529, 0.0204646047205, 0.048717148602, 0.0213300436735, 0.00373302702792, 0.00093719153665, 0.00168432074133, 0.0021482524462, 0.0020161466673, 0.00373142259195, 0.00290205096826, 0.0022477817256, 0.00201524584554, 0.000830185308587, 0.000346409040503, 0.000126456812723, 7.19689996913e-05, 2.77657127299e-05, 3.10361137963e-05, 3.85490639019e-05, 3.66481872334e-05, 6.44996680421e-06, 1.28877536554e-05, 3.8648786358e-06, 1.1970853393e-06, 2.33772652791e-07],
        "var": [1.08828567136e-06, 5.24030656379e-05, 0.00143493223004, 0.0111736571416, 0.0791570916772, 30.6313838959, 20345.8222656, 4491.47949219, 10.4844503403, 49.0373573303, 286.689727783, 2856.04638672, 25.3440380096, 1642.28820801, 5410.23046875, 1464.40893555, 3271.27539062, 166.34147644, 15.7166423798, 9.22442531586, 0.130217239261, 0.936960339546, 0.0500672310591, 0.0244970079511, 0.0265951994807, 0.0297811701894, 0.0071175256744, 0.000612311647274, 5.20608882653e-05, 8.07967626315e-06, 2.22918333748e-06, 1.13961050374e-06, 3.74136277514e-07, 1.79352767304e-07, 2.01987148785e-07, 2.8996161916e-08, 2.14638085083e-08, 3.88392917827e-09, 1.75682718373e-10, 4.20256385247e-10]
    },
    "gfcc": {
        "mean": [-167.394195557, 141.094421387, -129.201019287, -42.6166572571, -62.1971588135, -38.3994636536, -28.813949585, -30.5019302368, -37.3356552124, 6.09837055206, 8.17819309235, 7.12113714218, 4.21363925934],
        "cov": [[1146.03833008, 540.01348877, -105.047729492, -344.521789551, -111.769088745, 55.7299232483, -31.0356254578, -155.153945923, -7.1271238327, -86.3793869019, 6.2788977623, 48.2975578308, 131.917526245], [540.01348877, 947.868408203, 15.2507476807, -522.118225098, -81.2654037476, -30.862329483, -92.8328399658, -196.142105103, 79.7439193726, -160.120910645, -61.9960708618, -40.6631698608, 127.968864441], [-105.047729492, 15.2507476807, 268.20803833, 76.3964920044, -99.1717834473, -132.302474976, -65.6556015015, 1.86364364624, 25.9170455933, -4.4720249176, -20.0876159668, -7.73431301117, -21.1077022552], [-344.521789551, -522.118225098, 76.3964920044, 420.22265625, 101.439468384, -4.73741960526, 41.1848678589, 139.190109253, -12.4934511185, 104.726287842, 28.2976493835, 7.18965768814, -81.8689041138], [-111.769088745, -81.2654037476, -99.1717834473, 101.439468384, 181.883377075, 116.299514771, 60.0291137695, 52.1000747681, 6.37638092041, 41.0524787903, 9.23674106598, -13.3583040237, -22.067035675], [55.7299232483, -30.862329483, -132.302474976, -4.73741960526, 116.299514771, 192.903564453, 104.313896179, 33.8939704895, -20.6614761353, 24.849943161, 18.988363266, 13.0087327957, 1.79316592216], [-31.0356254578, -92.8328399658, -65.6556015015, 41.1848678589, 60.0291137695, 104.313896179, 107.209846497, 54.9744415283, -22.5473594666, 35.7512969971, 30.3543262482, 16.7268180847, -10.1831550598], [-155.153945923, -196.142105103, 1.86364364624, 139.190109253, 52.1000747681, 33.8939704895, 54.9744415283, 106.526130676, 16.0479812622, 44.1388015747, -1.13721609116, -14.705368042, -45.7195205688], [-7.1271238327, 79.7439193726, 25.9170455933, -12.4934511185, 6.37638092041, -20.6614761353, -22.5473594666, 16.0479812622, 58.3446540833, 5.64430427551, -23.1380691528, -36.2130699158, -11.8815698624], [-86.3793869019, -160.120910645, -4.4720249176, 104.726287842, 41.0524787903, 24.849943161, 35.7512969971, 44.1388015747, 5.64430427551, 72.6234512329, 32.7132835388, 1.0266302824, -31.2930812836], [6.2788977623, -61.9960708618, -20.0876159668, 28.2976493835, 9.23674106598, 18.988363266, 30.3543262482, -1.13721609116, -23.1380691528, 32.7132835388, 65.2751235962, 41.2281150818, 13.3926591873], [48.2975578308, -40.6631698608, -7.73431301117, 7.18965768814, -13.3583040237, 13.0087327957, 16.7268180847, -14.705368042, -36.2130699158, 1.0266302824, 41.2281150818, 64.9905853271, 34.3071746826], [131.917526245, 127.968864441, -21.1077022552, -81.8689041138, -22.067035675, 1.79316592216, -10.1831550598, -45.7195205688, -11.8815698624, -31.2930812836, 13.3926591873, 34.3071746826, 62.6965293884]],
        "icov": [[0.00229460839182, -0.0045316927135, 0.00344541622326, -0.00410380028188, 0.00566198164597, -0.00323240086436, 0.00381259107962, -0.00206353375688, 0.00404339237139, -0.0045095840469, 0.0018247194821, -0.00268410355784, 0.00101690983865], [-0.0045316927135, 0.0262730997056, -0.016829771921, 0.0224572382867, -0.0228670816869, 0.00937763322145, -0.0214506555349, 0.0211128871888, -0.0328552648425, 0.0263657607138, -0.0096500357613, 0.0148739619181, -0.0159810464829], [0.00344541622326, -0.016829771921, 0.0190663095564, -0.0188295394182, 0.0199194010347, -0.0044684195891, 0.0108677987009, -0.00801558233798, 0.0125829959288, -0.0135696269572, 0.00775829004124, -0.0129302917048, 0.013021627441], [-0.00410380028188, 0.0224572382867, -0.0188295394182, 0.0326471813023, -0.0283528491855, 0.0119184311479, -0.00917428173125, 0.00125693820883, -0.012873201631, 0.0102600827813, -0.00614083046094, 0.00894970912486, -0.0127087822184], [0.00566198164597, -0.0228670816869, 0.0199194010347, -0.0283528491855, 0.0392334870994, -0.0198218841106, 0.0180532969534, -0.0105466041714, 0.0171848665923, -0.01846056059, 0.00563469482586, -0.00753526529297, 0.0110230343416], [-0.00323240086436, 0.00937763322145, -0.0044684195891, 0.0119184311479, -0.0198218841106, 0.0263366568834, -0.0241432674229, 0.00843329913914, -0.00893839634955, 0.00575943430886, 0.00448302924633, -0.00118292437401, -0.0029117569793], [0.00381259107962, -0.0214506555349, 0.0108677987009, -0.00917428173125, 0.0180532969534, -0.0241432674229, 0.064030751586, -0.0483798496425, 0.049970112741, -0.0321786366403, -0.00332939601503, -0.00609131157398, 0.00705782929435], [-0.00206353375688, 0.0211128871888, -0.00801558233798, 0.00125693820883, -0.0105466041714, 0.00843329913914, -0.0483798496425, 0.0674060881138, -0.0589225888252, 0.0320398062468, 0.000685665872879, 0.00359555287287, 0.000245516654104], [0.00404339237139, -0.0328552648425, 0.0125829959288, -0.012873201631, 0.0171848665923, -0.00893839634955, 0.049970112741, -0.0589225888252, 0.0988488718867, -0.0566875599325, 0.0140288043767, 0.00420453818515, 0.00257351086475], [-0.0045095840469, 0.0263657607138, -0.0135696269572, 0.0102600827813, -0.01846056059, 0.00575943430886, -0.0321786366403, 0.0320398062468, -0.0566875599325, 0.0776861310005, -0.0369341522455, 0.0168976243585, 0.00265341508202], [0.0018247194821, -0.0096500357613, 0.00775829004124, -0.00614083046094, 0.00563469482586, 0.00448302924633, -0.00332939601503, 0.000685665872879, 0.0140288043767, -0.0369341522455, 0.0530236437917, -0.0308264177293, 0.00203034444712], [-0.00268410355784, 0.0148739619181, -0.0129302917048, 0.00894970912486, -0.00753526529297, -0.00118292437401, -0.00609131157398, 0.00359555287287, 0.00420453818515, 0.0168976243585, -0.0308264177293, 0.0677843242884, -0.0396394655108], [0.00101690983865, -0.0159810464829, 0.013021627441, -0.0127087822184, 0.0110230343416, -0.0029117569793, 0.00705782929435, 0.000245516654104, 0.00257351086475, 0.00265341508202, 0.00203034444712, -0.0396394655108, 0.0625749230385]]
    },
    "melbands": {
        "dmean": [2.53338657785e-06, 5.8720065681e-06, 5.22460868524e-06, 1.15859083962e-05, 0.000343321938999, 0.000276153645245, 1.52405473273e-05, 3.86790270568e-05, 5.38939057151e-05, 5.10980062245e-05, 7.54040911488e-06, 3.92593974539e-05, 8.15824751044e-05, 4.66230303573e-05, 2.84080942947e-05, 2.20191177505e-05, 6.13326756138e-06, 2.18970058086e-06, 5.68552195546e-07, 5.34363607585e-07, 9.34015318421e-08, 4.32157207797e-07, 1.64318180396e-07, 4.21107415605e-08, 7.8112954327e-08, 8.19889365289e-08, 5.61427846435e-08, 4.93338525587e-08, 3.3574405478e-08, 1.58740416367e-08, 8.18536260994e-09, 3.63012042648e-09, 1.18894549761e-09, 7.86118559137e-10, 6.10793859934e-10, 4.69961347616e-10, 3.79262204975e-10, 2.79978373818e-10, 2.22994275823e-10, 2.04029002027e-10],
        "dmean2": [3.77875744562e-06, 9.50689900492e-06, 7.43974396755e-06, 1.65566998476e-05, 0.00039990467485, 0.000352577277226, 2.46628878813e-05, 6.04244742135e-05, 6.62575621391e-05, 5.34770442755e-05, 1.32930772452e-05, 5.21059992025e-05, 0.000111933295557, 8.2904145529e-05, 5.10800964548e-05, 3.44315485563e-05, 9.09075970412e-06, 4.01037141273e-06, 8.82206620645e-07, 7.8820158933e-07, 1.6725897467e-07, 8.09710456906e-07, 3.12381217782e-07, 7.47987343175e-08, 1.35611671226e-07, 1.43437731026e-07, 9.93260371729e-08, 8.92731648605e-08, 6.13623569734e-08, 2.68049973329e-08, 1.41688056843e-08, 6.18236795091e-09, 2.05083616756e-09, 1.31587907237e-09, 1.0291542063e-09, 7.97594379431e-10, 6.51161791154e-10, 4.63981297827e-10, 3.53825552191e-10, 3.10575204443e-10],
        "dvar": [9.3207622176e-11, 2.03834116252e-10, 2.79303441486e-10, 1.26909438514e-09, 3.86285222476e-07, 5.03364901761e-07, 5.61605817406e-10, 2.91789037377e-09, 1.00225578947e-08, 3.241112978e-08, 5.06643504927e-10, 1.00688213323e-08, 4.0969371895e-08, 3.55465381574e-08, 7.82796494292e-09, 4.0105803123e-09, 1.5949437604e-10, 4.38571470807e-11, 3.48859851597e-12, 5.82942418295e-12, 5.1883278625e-14, 2.17905684816e-12, 3.99164371261e-13, 8.15815632687e-15, 2.24117480894e-14, 2.44196498553e-14, 1.91228546805e-14, 2.44935195986e-14, 8.56294490203e-15, 6.27181522388e-16, 1.33497712913e-16, 3.07345507865e-17, 3.72376569923e-18, 2.74738693319e-18, 8.53620613653e-19, 6.33430873157e-19, 4.57718375703e-19, 2.05771917796e-19, 1.27057462404e-19, 9.63056854263e-20],
        "dvar2": [9.63693153055e-11, 2.94591712136e-10, 4.51837567361e-10, 1.41705369661e-09, 5.17507544373e-07, 7.37626521641e-07, 1.18806009475e-09, 7.87140841396e-09, 1.38536044858e-08, 5.28713997028e-08, 1.36343936141e-09, 2.2597184568e-08, 8.33892386254e-08, 9.89304496102e-08, 1.72998717574e-08, 7.36544114588e-09, 3.35245664562e-10, 1.08513226182e-10, 7.19537146879e-12, 1.04152207692e-11, 1.52520872451e-13, 6.52055492933e-12, 1.20337073639e-12, 2.325079521e-14, 5.54340068586e-14, 6.52380168116e-14, 5.59389977373e-14, 7.33012012633e-14, 2.53571222044e-14, 1.6409615874e-15, 3.7089201068e-16, 8.71561036173e-17, 8.99607719808e-18, 6.77478912859e-18, 1.76510395872e-18, 1.45528335689e-18, 1.10958069406e-18, 4.40457080873e-19, 2.54899996758e-19, 1.66537319626e-19],
        "max": [0.0001067054327, 0.000136668008054, 0.000161675401614, 0.000370903813746, 0.0114180222154, 0.00950319133699, 0.000160849958775, 0.000465039425762, 0.00139850191772, 0.00253539136611, 0.000164181386936, 0.000914611271583, 0.00153833953664, 0.00122010777704, 0.000734004017431, 0.000622752413619, 0.000137307244586, 5.24874631083e-05, 1.83701249625e-05, 2.46817562584e-05, 1.66625909515e-06, 1.14993372335e-05, 5.08112361786e-06, 7.47246076571e-07, 1.09241113933e-06, 1.09389043246e-06, 1.12631869342e-06, 1.30403668663e-06, 7.93658614384e-07, 1.83399592402e-07, 9.04674877233e-08, 3.86014207265e-08, 1.21491092742e-08, 1.40353346723e-08, 6.88246837299e-09, 5.77337333496e-09, 4.67638860968e-09, 3.36110850263e-09, 2.68625077737e-09, 2.47676523735e-09],
        "mean": [3.00451574731e-06, 7.44287035559e-06, 6.91434070177e-06, 1.95282591449e-05, 0.00337009527721, 0.00175320962444, 2.51442979788e-05, 7.16530048521e-05, 0.00011575489043, 8.39349741e-05, 6.22139305051e-06, 8.36704784888e-05, 0.000194130130694, 3.19869504892e-05, 3.14223216265e-05, 3.21879306284e-05, 1.04620094135e-05, 2.90627781396e-06, 6.96378208431e-07, 7.73719534664e-07, 1.20099201695e-07, 4.32503526326e-07, 1.97082997033e-07, 7.93559351564e-08, 1.67582825839e-07, 1.5875838244e-07, 1.15152950286e-07, 1.11869105979e-07, 6.35485122302e-08, 3.13733714563e-08, 2.19364224563e-08, 7.70302399644e-09, 2.56985455138e-09, 1.79163173186e-09, 1.37723510374e-09, 1.13095810494e-09, 8.32707069964e-10, 7.3472067319e-10, 5.95211158139e-10, 6.14356343576e-10],
        "median": [1.20318077279e-06, 3.47145169144e-06, 1.960445843e-06, 8.3970853666e-06, 0.00175192893948, 0.00114749534987, 1.2959140804e-05, 4.2167117499e-05, 2.42955047725e-05, 9.94279980659e-06, 9.97932829705e-07, 1.60873551067e-05, 3.06358197122e-05, 1.7149627638e-06, 5.44199019714e-06, 8.81126288732e-06, 3.75807076125e-06, 9.03541035768e-07, 1.18592218712e-07, 1.30793338826e-07, 8.06489310889e-08, 2.45825106049e-07, 1.33327461072e-07, 6.66381652081e-08, 1.46201955431e-07, 1.41106596629e-07, 1.06392995747e-07, 1.05715464827e-07, 5.8066287778e-08, 2.5198563236e-08, 2.22875318201e-08, 6.59413279536e-09, 2.11930473171e-09, 1.46828393888e-09, 1.22836674166e-09, 1.01092501037e-09, 7.33265281827e-10, 6.76644629216e-10, 5.50018308676e-10, 5.66574898109e-10],
        "min": [3.94324040087e-08, 3.36694228054e-08, 1.34402258212e-08, 2.20837932829e-07, 7.51390984988e-07, 4.91322850849e-07, 9.64073620935e-08, 2.11879921608e-07, 6.10802374013e-07, 3.14515745004e-07, 3.14871400064e-08, 4.44012933087e-08, 3.4379123548e-08, 3.61833691898e-08, 9.92823956381e-08, 9.5009454526e-08, 3.10345278365e-08, 4.92672391772e-09, 1.9431596332e-09, 6.42580766375e-10, 2.39511432909e-09, 2.54868770533e-09, 1.44483913722e-09, 1.79008252665e-09, 3.34905392307e-09, 2.02992511689e-09, 1.86204052177e-09, 1.42816392046e-09, 1.38279843132e-09, 7.46951722697e-10, 4.49200177055e-10, 1.90369178754e-10, 1.29163083007e-10, 4.37139664744e-11, 3.95282417909e-11, 2.92758005338e-11, 1.4731485129e-11, 2.37523872099e-11, 2.60127371032e-11, 3.01684788262e-11],
        "var": [9.51635228952e-11, 2.53243898074e-10, 3.98197336215e-10, 1.6816672499e-09, 1.35504833452e-05, 3.6042974898e-06, 9.44593181451e-10, 5.79382053445e-09, 4.64601761507e-08, 8.43689420549e-08, 3.31069699433e-10, 2.20114326765e-08, 1.11797589852e-07, 2.29392060902e-08, 9.83481118766e-09, 6.64593002853e-09, 4.35582930836e-10, 6.07843497757e-11, 5.3073400709e-12, 1.02542635841e-11, 3.02973215906e-14, 1.16012635696e-12, 2.1176154363e-13, 5.34514042728e-15, 1.90234113184e-14, 1.96935787041e-14, 1.3189415143e-14, 1.444826958e-14, 5.25559591574e-15, 6.18449830312e-16, 1.28324856234e-16, 2.60963820014e-17, 3.57216003657e-18, 2.40119158091e-18, 8.59337672456e-19, 5.81677180759e-19, 3.80409894709e-19, 2.04536420153e-19, 1.46275750241e-19, 1.30389875824e-19]
    },
    "mfcc": {
        "mean": [-822.885681152, 194.4637146, -27.2816390991, -3.43694162369, -33.2062797546, -16.1805801392, -0.115035191178, -32.5327911377, -28.3633575439, -19.3664703369, -7.29319381714, 1.99220871925, -3.32796239853],
        "cov": [[936.251586914, 563.56628418, -184.444198608, -275.604431152, -103.696723938, 54.735294342, -22.8728027344, -1.30806076527, 12.3040513992, -59.1769371033, -72.1216049194, -19.8927326202, 9.89057254791], [563.56628418, 752.46685791, 85.9489517212, -418.02734375, -55.0540924072, -24.0127944946, -161.85647583, -6.82110357285, 5.51574516296, -74.3377685547, -64.3200302124, -45.3893508911, -30.0463256836], [-184.444198608, 85.9489517212, 271.931671143, 24.9630756378, -9.60656356812, -93.6250762939, -148.04977417, -15.5461006165, 1.67025339603, -2.77141261101, 21.3066120148, -16.0745544434, -40.1200027466], [-275.604431152, -418.02734375, 24.9630756378, 386.309783936, 56.67420578, -18.4208030701, 61.6877365112, -22.2338428497, 7.97345161438, 56.8030433655, 48.7561988831, 34.5545921326, 11.5418577194], [-103.696723938, -55.0540924072, -9.60656356812, 56.67420578, 124.06362915, 42.6380958557, 31.0928230286, 25.7661628723, 27.108165741, 40.739402771, 8.17054367065, -5.20815944672, -3.5206952095], [54.735294342, -24.0127944946, -93.6250762939, -18.4208030701, 42.6380958557, 117.820480347, 121.044387817, 36.2631797791, 15.5866117477, 14.541844368, -0.529635488987, 10.6556301117, 27.7583999634], [-22.8728027344, -161.85647583, -148.04977417, 61.6877365112, 31.0928230286, 121.044387817, 215.739425659, 50.6140670776, 12.3572998047, 24.8452796936, 3.00047707558, 38.4147796631, 58.6017723083], [-1.30806076527, -6.82110357285, -15.5461006165, -22.2338428497, 25.7661628723, 36.2631797791, 50.6140670776, 65.2307815552, 33.1125640869, 18.1082897186, -6.1350851059, -4.69712114334, 7.8754491806], [12.3040513992, 5.51574516296, 1.67025339603, 7.97345161438, 27.108165741, 15.5866117477, 12.3572998047, 33.1125640869, 48.6303939819, 39.801071167, 6.37432050705, -9.0867805481, -8.91979312897], [-59.1769371033, -74.3377685547, -2.77141261101, 56.8030433655, 40.739402771, 14.541844368, 24.8452796936, 18.1082897186, 39.801071167, 81.9614486694, 45.7280082703, 2.38849306107, -10.9788475037], [-72.1216049194, -64.3200302124, 21.3066120148, 48.7561988831, 8.17054367065, -0.529635488987, 3.00047707558, -6.1350851059, 6.37432050705, 45.7280082703, 65.4448623657, 28.1514663696, -12.6996746063], [-19.8927326202, -45.3893508911, -16.0745544434, 34.5545921326, -5.20815944672, 10.6556301117, 38.4147796631, -4.69712114334, -9.0867805481, 2.38849306107, 28.1514663696, 53.905506134, 28.0112400055], [9.89057254791, -30.0463256836, -40.1200027466, 11.5418577194, -3.5206952095, 27.7583999634, 58.6017723083, 7.8754491806, -8.91979312897, -10.9788475037, -12.6996746063, 28.0112400055, 56.6149520874]],
