{
"lowlevel": {
    "average_loudness": 0.984371364117,
    "barkbands_crest": {
        "dmean": 2.90163588524,
        "dmean2": 5.10647201538,
        "dvar": 6.35603666306,
        "dvar2": 20.4284820557,
        "max": 19.1902160645,
        "mean": 9.3733921051,
        "median": 9.17845058441,
        "min": 4.46295309067,
        "var": 10.1469736099
    },
    "barkbands_flatness_db": {
        "dmean": 0.0257273558527,
        "dmean2": 0.0424175411463,
        "dvar": 0.000454014429124,
        "dvar2": 0.00144916540012,
        "max": 0.247503861785,
        "mean": 0.144278630614,
        "median": 0.14081184566,
        "min": 0.059077154845,
        "var": 0.00094183627516
    },
    "barkbands_kurtosis": {
        "dmean": 3.35439300537,
        "dmean2": 5.99417114258,
        "dvar": 18.4909572601,
        "dvar2": 52.9585914612,
        "max": 31.1650810242,
        "mean": 3.70845365524,
        "median": 2.39516782761,
        "min": -1.55402743816,
        "var": 21.1427078247
    },
    "barkbands_skewness": {
        "dmean": 0.668097496033,
        "dmean2": 1.1360013485,
        "dvar": 0.310979068279,
        "dvar2": 0.952260792255,
        "max": 4.84626626968,
        "mean": 1.75324046612,
        "median": 1.66425251961,
        "min": -0.288954824209,
        "var": 0.696648538113
    },
    "barkbands_spread": {
        "dmean": 4.64437866211,
        "dmean2": 8.18298339844,
        "dvar": 15.5106592178,
        "dvar2": 41.3747596741,
        "max": 34.977230072,
        "mean": 17.5383853912,
        "median": 17.4590263367,
        "min": 3.85368585587,
        "var": 37.2078132629
    },
    "dissonance": {
        "dmean": 0.0208904854953,
        "dmean2": 0.0363010428846,
        "dvar": 0.000239141983911,
        "dvar2": 0.000713403103873,
        "max": 0.497378975153,
        "mean": 0.467593669891,
        "median": 0.471610844135,
        "min": 0.355729430914,
        "var": 0.000424474535976
    },
    "dynamic_complexity": 1.19768476486,
    "erbbands_crest": {
        "dmean": 2.2136900425,
        "dmean2": 3.96554875374,
        "dvar": 4.77201604843,
        "dvar2": 13.6530218124,
        "max": 17.8914394379,
        "mean": 6.84114789963,
        "median": 6.45680952072,
        "min": 3.47322010994,
        "var": 5.52544975281
    },
    "erbbands_flatness_db": {
        "dmean": 0.0150605263188,
        "dmean2": 0.0266006737947,
        "dvar": 0.000158353897859,
        "dvar2": 0.000449312763521,
        "max": 0.218441277742,
        "mean": 0.155042409897,
        "median": 0.153528273106,
        "min": 0.121856451035,
        "var": 0.000280347099761
    },
    "erbbands_kurtosis": {
        "dmean": 0.483192592859,
        "dmean2": 0.88411462307,
        "dvar": 0.348697543144,
        "dvar2": 1.10049557686,
        "max": 2.1467461586,
        "mean": -0.70009624958,
        "median": -0.828943729401,
        "min": -1.35580074787,
        "var": 0.289956301451
    },
    "erbbands_skewness": {
        "dmean": 0.410145223141,
        "dmean2": 0.725557625294,
        "dvar": 0.109787166119,
        "dvar2": 0.341509222984,
        "max": 1.48870408535,
        "mean": 0.0313116833568,
        "median": 0.0859004631639,
        "min": -1.26683437824,
        "var": 0.199831828475
    },
    "erbbands_spread": {
        "dmean": 6.81656646729,
        "dmean2": 12.0068359375,
        "dvar": 25.5422382355,
        "dvar2": 77.0892715454,
        "max": 52.49010849,
        "mean": 37.8234481812,
        "median": 38.0230331421,
        "min": 15.9609775543,
        "var": 54.1200027466
    },
    "hfc": {
        "dmean": 7.30128192902,
        "dmean2": 12.6970939636,
        "dvar": 78.6272735596,
        "dvar2": 207.292770386,
        "max": 80.2305374146,
        "mean": 25.137512207,
        "median": 21.450504303,
        "min": 0.98156696558,
        "var": 146.791107178
    },
    "melbands_crest": {
        "dmean": 4.5541472435,
        "dmean2": 7.64410591125,
        "dvar": 15.4633808136,
        "dvar2": 36.3985824585,
        "max": 27.5313110352,
        "mean": 16.9867839813,
        "median": 17.5181865692,
        "min": 5.82030344009,
        "var": 32.1538925171
    },
    "melbands_flatness_db": {
        "dmean": 0.0318048559129,
        "dmean2": 0.0537030957639,
        "dvar": 0.000676001480315,
        "dvar2": 0.00202467711642,
        "max": 0.361883103848,
        "mean": 0.239655598998,
        "median": 0.23737795651,
        "min": 0.130416855216,
        "var": 0.00163496111054
    },
    "melbands_kurtosis": {
        "dmean": 8.07576465607,
        "dmean2": 14.0559902191,
        "dvar": 77.6143341064,
        "dvar2": 218.306594849,
        "max": 69.9808349609,
        "mean": 12.1405887604,
        "median": 9.82462024689,
        "min": -1.07461571693,
        "var": 105.296417236
    },
    "melbands_skewness": {
        "dmean": 0.919129729271,
        "dmean2": 1.56451261044,
        "dvar": 0.535807013512,
        "dvar2": 1.60508751869,
        "max": 6.63333702087,
        "mean": 2.86341691017,
        "median": 2.75935101509,
        "min": 0.399307847023,
        "var": 1.21133673191
    },
    "melbands_spread": {
        "dmean": 6.15243244171,
        "dmean2": 10.6046581268,
        "dvar": 36.9578094482,
        "dvar2": 112.920890808,
        "max": 50.3584213257,
        "mean": 16.6344223022,
        "median": 15.1208629608,
        "min": 2.58576726913,
        "var": 72.4762878418
    },
    "pitch_salience": {
        "dmean": 0.115075699985,
        "dmean2": 0.19733658433,
        "dvar": 0.00894592609257,
        "dvar2": 0.0269541237503,
        "max": 0.780670106411,
        "mean": 0.507348537445,
        "median": 0.508861839771,
        "min": 0.263973534107,
        "var": 0.014120599255
    },
    "silence_rate_20dB": {
        "dmean": 0,
        "dmean2": 0,
        "dvar": 0,
        "dvar2": 0,
        "max": 1,
        "mean": 1,
        "median": 1,
        "min": 1,
        "var": 0
    },
    "silence_rate_30dB": {
        "dmean": 0.0666666701436,
        "dmean2": 0.134228184819,
        "dvar": 0.0622220486403,
        "dvar2": 0.156479135156,
        "max": 1,
        "mean": 0.953642368317,
        "median": 1,
        "min": 0,
        "var": 0.0442086532712
    },
    "silence_rate_60dB": {
        "dmean": 0,
        "dmean2": 0,
        "dvar": 0,
        "dvar2": 0,
        "max": 0,
        "mean": 0,
        "median": 0,
        "min": 0,
        "var": 0
    },
    "spectral_centroid": {
        "dmean": 198.943252563,
        "dmean2": 341.998504639,
        "dvar": 24737.8339844,
        "dvar2": 65443.703125,
        "max": 1744.1328125,
        "mean": 1031.55151367,
        "median": 1020.10845947,
        "min": 421.062988281,
        "var": 72270.96875
    },
    "spectral_complexity": {
        "dmean": 3.0733332634,
        "dmean2": 5.16107368469,
        "dvar": 7.2279510498,
        "dvar2": 14.2827768326,
        "max": 33,
        "mean": 23.582780838,
        "median": 24,
        "min": 3,
        "var": 15.3027486801
    },
    "spectral_decrease": {
        "dmean": 6.25299723112e-09,
        "dmean2": 1.04699768855e-08,
        "dvar": 3.53774361554e-17,
        "dvar2": 9.98883124512e-17,
        "max": -2.38189079571e-10,
        "mean": -1.46220866526e-08,
        "median": -1.35501112553e-08,
        "min": -4.4589533843e-08,
        "var": 4.91343629495e-17
    },
    "spectral_energy": {
        "dmean": 0.024066908285,
        "dmean2": 0.0402769781649,
        "dvar": 0.000513904553372,
        "dvar2": 0.00145031651482,
        "max": 0.170613348484,
        "mean": 0.0574671253562,
        "median": 0.0529008917511,
        "min": 0.000988011714071,
        "var": 0.000722807424609
    },
    "spectral_energyband_high": {
        "dmean": 0.000113492547825,
        "dmean2": 0.00020316078735,
        "dvar": 7.38169392278e-09,
        "dvar2": 2.14490842865e-08,
        "max": 0.000847166462336,
        "mean": 0.000315865443554,
        "median": 0.000269340554951,
        "min": 2.91700071102e-05,
        "var": 2.17932338842e-08
    },
    "spectral_energyband_low": {
        "dmean": 0.0224869716913,
        "dmean2": 0.0375287458301,
        "dvar": 0.000480371818412,
        "dvar2": 0.00136631040368,
        "max": 0.151456043124,
        "mean": 0.0328437760472,
        "median": 0.027037402615,
        "min": 7.51239131205e-05,
        "var": 0.000667608343065
    },
    "spectral_energyband_middle_high": {
        "dmean": 0.00307881226763,
        "dmean2": 0.00543742068112,
        "dvar": 1.75916939043e-05,
        "dvar2": 4.84185329697e-05,
        "max": 0.0322546251118,
        "mean": 0.00640350999311,
        "median": 0.00468805199489,
        "min": 0.000306738686049,
        "var": 2.64376212726e-05
    },
    "spectral_energyband_middle_low": {
        "dmean": 0.00563761917874,
        "dmean2": 0.00972964894027,
        "dvar": 2.75250022241e-05,
        "dvar2": 8.00360066933e-05,
        "max": 0.045208979398,
        "mean": 0.0183414947242,
        "median": 0.0183230955154,
        "min": 0.000563870882615,
        "var": 5.19071472809e-05
    },
    "spectral_entropy": {
        "dmean": 0.125205695629,
        "dmean2": 0.214809194207,
        "dvar": 0.0105580762029,
        "dvar2": 0.0252192988992,
        "max": 8.42994880676,
        "mean": 7.46617126465,
        "median": 7.45869016647,
        "min": 7.09197425842,
        "var": 0.0231982059777
    },
    "spectral_flux": {
        "dmean": 0.032664258033,
        "dmean2": 0.054764509201,
        "dvar": 0.000809322926216,
        "dvar2": 0.00192772084847,
        "max": 0.269089579582,
        "mean": 0.130813315511,
        "median": 0.125611424446,
        "min": 0.0602350048721,
        "var": 0.00132910790853
    },
    "spectral_kurtosis": {
        "dmean": 1.7835791111,
        "dmean2": 3.21440863609,
        "dvar": 5.76114368439,
        "dvar2": 15.9754924774,
        "max": 22.2044620514,
        "mean": 5.86449241638,
        "median": 5.69699001312,
        "min": 3.30454540253,
        "var": 3.98648405075
    },
    "spectral_rms": {
        "dmean": 0.00154981797095,
        "dmean2": 0.00256774574518,
        "dvar": 1.82409689842e-06,
        "dvar2": 5.04935815115e-06,
        "max": 0.0129016302526,
        "mean": 0.00729363411665,
        "median": 0.0071840537712,
        "min": 0.000981791177765,
        "var": 2.86841986963e-06
    },
    "spectral_rolloff": {
        "dmean": 362.044952393,
        "dmean2": 656.112182617,
        "dvar": 171477.046875,
        "dvar2": 471219.375,
        "max": 2368.65234375,
        "mean": 851.060974121,
        "median": 689.0625,
        "min": 129.19921875,
        "var": 298196.59375
    },
    "spectral_skewness": {
        "dmean": 0.205497741699,
        "dmean2": 0.362446606159,
        "dvar": 0.0681266635656,
        "dvar2": 0.193592682481,
        "max": 3.85712885857,
        "mean": 1.74271523952,
        "median": 1.72532606125,
        "min": 1.3906801939,
        "var": 0.0591327287257
    },
    "spectral_spread": {
        "dmean": 559501.625,
        "dmean2": 903199.25,
        "dvar": 1.96647072563e+12,
        "dvar2": 1.58363654554e+12,
        "max": 22765656,
        "mean": 3572740.75,
        "median": 3404168.5,
        "min": 2396280.75,
        "var": 2.62377439232e+12
    },
    "spectral_strongpeak": {
        "dmean": 0.363617002964,
        "dmean2": 0.624975562096,
        "dvar": 0.214638113976,
        "dvar2": 0.612762868404,
        "max": 3.46270060539,
        "mean": 0.651286423206,
        "median": 0.540164887905,
        "min": 0.0437419116497,
        "var": 0.207590222359
    },
    "zerocrossingrate": {
        "dmean": 0.00640299497172,
        "dmean2": 0.00805827882141,
        "dvar": 2.6008405257e-05,
        "dvar2": 3.90866589441e-05,
        "max": 0.06201171875,
        "mean": 0.0359581969678,
        "median": 0.03466796875,
        "min": 0.01220703125,
        "var": 0.000115114627988
    },
    "barkbands": {
        "dmean": [0.000198730631382, 0.0149136269465, 0.00943908002228, 0.000750219449401, 0.00182959658559, 0.00297682266682, 0.00244690058753, 0.000519616063684, 0.00167283182964, 0.000227203447139, 7.08714942448e-05, 0.000132794317324, 0.000335215270752, 0.00136751087848, 0.00052724633133, 0.000461354153231, 0.00094831030583, 0.000142948818393, 8.10222918517e-05, 1.57138729264e-05, 6.18612612016e-05, 3.73041038984e-05, 2.63374586211e-05, 2.5470556011e-06, 2.78565698864e-06, 2.25420626521e-06, 5.91015179907e-07],
        "dmean2": [0.00027701802901, 0.0263320337981, 0.0140077890828, 0.00129557331093, 0.00324498675764, 0.00520861567929, 0.00444028899074, 0.000888540467713, 0.00293575017713, 0.000401477649575, 0.000126344981254, 0.000226410847972, 0.000553579884581, 0.00238245096989, 0.000943832157645, 0.000802203721832, 0.00168138439767, 0.00023125919688, 0.000138169052661, 2.68609783234e-05, 0.000108592088509, 6.80695957271e-05, 5.05178322783e-05, 4.29421197623e-06, 5.09680148753e-06, 4.03536705562e-06, 9.6445012332e-07],
        "dvar": [2.29416752262e-08, 0.000201790520805, 0.00010236329399, 5.38237827641e-07, 2.63637321041e-06, 8.33323429106e-06, 4.60050068796e-06, 3.30062277953e-07, 4.01904208047e-06, 1.15083651053e-07, 5.76092240578e-09, 4.16795948865e-08, 3.00047020119e-07, 4.34160074292e-06, 9.41464975313e-07, 2.8073429803e-07, 1.19359003747e-06, 2.29003997987e-08, 1.08455582293e-08, 3.05177133564e-10, 3.22782445217e-09, 1.45974166088e-09, 3.05087677344e-10, 5.9339226241e-12, 5.97949164141e-12, 2.61482155373e-12, 7.612821506e-13],
        "dvar2": [5.66973312743e-08, 0.000621458282694, 0.000221065653022, 1.33870685204e-06, 9.07473167899e-06, 2.33195914916e-05, 1.32427521748e-05, 1.00891190868e-06, 1.11141189336e-05, 2.84327626332e-07, 1.70761182972e-08, 1.14455033895e-07, 6.85532029365e-07, 1.34382280521e-05, 2.84240832116e-06, 7.96621804966e-07, 3.2983773508e-06, 5.66383668854e-08, 2.61189292416e-08, 7.14592496287e-10, 9.66000612834e-09, 3.76572861782e-09, 1.02157193815e-09, 1.27464020241e-11, 1.76870983137e-11, 8.21453061822e-12, 1.13098755621e-12],
        "max": [0.00114321801811, 0.0944809615612, 0.0700160190463, 0.00631889142096, 0.00988717377186, 0.0205090530217, 0.0130819668993, 0.00490840896964, 0.0173535682261, 0.00296206073835, 0.00052622880321, 0.0016867343802, 0.00507133780047, 0.0154617931694, 0.00817936193198, 0.00412559788674, 0.00722602382302, 0.00115103565622, 0.00066244287882, 0.000171859137481, 0.000496781198308, 0.000330896436935, 9.26104548853e-05, 2.92376334983e-05, 2.09709887713e-05, 1.56200294441e-05, 1.32524073706e-05],
        "mean": [0.000293244986096, 0.0182002726942, 0.0139615992084, 0.00108822935726, 0.00266037113033, 0.00580180063844, 0.0042592571117, 0.000901167746633, 0.00342984474264, 0.000321029307088, 0.000145132522448, 0.000200857786695, 0.000459545204649, 0.00179826142266, 0.000738937756978, 0.000867268128786, 0.00159642985091, 0.000285531161353, 0.000123029618408, 5.01521899423e-05, 0.000134107976919, 8.241818432e-05, 3.80625351681e-05, 9.7490283224e-06, 9.49190052779e-06, 5.77446235184e-06, 3.55641145688e-06],
        "median": [0.000252017722232, 0.0143447592854, 0.00952423643321, 0.000800546840765, 0.00224505504593, 0.00528992293403, 0.00366446049884, 0.000752700434532, 0.00265989871696, 0.000209006626392, 0.000121451739687, 0.000108170315798, 0.000200120572117, 0.0010136369383, 0.000478850706713, 0.000680351920892, 0.00110895105172, 0.000221157679334, 8.79105791682e-05, 4.27320774179e-05, 0.000110790977487, 6.38817000436e-05, 3.2688043575e-05, 9.13685198611e-06, 8.53928031574e-06, 5.34214768777e-06, 3.47660829902e-06],
        "min": [9.60324450716e-06, 4.14793030359e-05, 3.79396806238e-06, 1.98144857677e-06, 5.9199417592e-05, 0.000202346956939, 0.000102714722743, 6.32064038655e-05, 7.48378151911e-05, 1.94148487935e-05, 1.85124135896e-05, 2.60048909695e-05, 2.47706320806e-05, 2.11303067772e-05, 1.3951253095e-05, 1.14601280075e-05, 3.90371242247e-05, 1.8647619072e-05, 5.0878966249e-06, 6.27587587587e-06, 6.28116822554e-06, 4.26355472882e-06, 4.14348050981e-06, 2.53745452028e-06, 2.76915466202e-06, 1.57910324106e-06, 2.53285656981e-06],
        "var": [4.54395348015e-08, 0.000249490200076, 0.000174136948772, 9.49543675688e-07, 3.07715322378e-06, 1.25545875562e-05, 7.53975018597e-06, 5.26962992353e-07, 7.11802113074e-06, 1.26091691754e-07, 9.30197519011e-09, 5.74035468048e-08, 5.19191075909e-07, 4.69091764899e-06, 8.30936244256e-07, 3.45640245314e-07, 1.7631823539e-06, 3.96712920292e-08, 1.36020066321e-08, 8.8172236179e-10, 5.50819523326e-09, 2.98012414746e-09, 3.93068078086e-10, 1.37999559696e-11, 1.1744992999e-11, 5.76077510347e-12, 8.75041304606e-13]
    },
    "erbbands": {
        "dmean": [0.187388256192, 4.16781234741, 12.7060270309, 3.26539254189, 5.07366132736, 6.49556779861, 12.4216108322, 25.2455749512, 39.5358085632, 23.494146347, 13.8116321564, 35.9736175537, 30.3715858459, 3.2924683094, 3.16862177849, 6.75370454788, 15.1230077744, 25.8153438568, 85.0885772705, 13.1250896454, 35.2484092712, 43.2377662659, 10.2613887787, 10.068936348, 1.13662385941, 0.831263482571, 1.37487637997, 3.31310319901, 1.74889242649, 0.900819003582, 0.766358137131, 0.105743430555, 0.0336033329368, 0.0236431322992, 0.0295502431691, 0.014162006788, 0.00284553342499, 0.000629339774605, 8.73430180945e-05, 2.97254609904e-05],
        "dmean2": [0.321700513363, 7.34133958817, 19.9800357819, 4.82100820541, 9.02429962158, 11.2676200867, 21.3992824554, 44.7216300964, 71.5905151367, 40.5357246399, 24.1006412506, 64.5180206299, 51.7378463745, 5.77698326111, 5.70233297348, 11.305519104, 24.2845420837, 45.0039863586, 152.824081421, 23.0977363586, 61.8488311768, 77.2683944702, 15.8685131073, 17.1153450012, 1.92172157764, 1.41594970226, 2.52334856987, 5.76896715164, 3.16287016869, 1.67506301403, 1.46050977707, 0.184786438942, 0.0581766180694, 0.0411523282528, 0.0548652857542, 0.0255864262581, 0.00496642990038, 0.00105077424087, 0.000142124306876, 5.06425240019e-05],
        "dvar": [0.047166891396, 15.6797904968, 176.626022339, 12.6080217361, 23.6233444214, 42.1962127686, 141.177963257, 628.622131348, 1104.33544922, 558.265869141, 203.60496521, 1301.40234375, 1410.40258789, 16.7230567932, 8.57973098755, 132.537002563, 676.102416992, 1271.85192871, 22671.7832031, 237.350082397, 1897.37390137, 2338.3894043, 102.497306824, 158.341308594, 1.56618356705, 0.828476130962, 1.03973078728, 10.1741027832, 2.56118321419, 0.598854362965, 0.237622633576, 0.00857474282384, 0.00100059411488, 0.000404523161706, 0.000649494992103, 9.72502457444e-05, 5.60437683816e-06, 4.27770572742e-07, 1.53875863163e-08, 7.99458277356e-10],
        "dvar2": [0.134191006422, 47.6287078857, 402.5050354, 30.5723018646, 71.8534622192, 146.266723633, 388.845794678, 1697.1217041, 3221.78295898, 1738.36132812, 616.422180176, 3534.31616211, 3978.1484375, 42.0990486145, 24.4061698914, 322.523345947, 1537.60070801, 3365.65600586, 69864.328125, 713.663635254, 5342.38671875, 6443.76513672, 199.475616455, 402.547698975, 3.77771115303, 1.9454075098, 2.84630036354, 30.5717582703, 6.53709030151, 1.9041737318, 0.786520302296, 0.0208191797137, 0.00251402705908, 0.00112183857709, 0.00206272862852, 0.000313840719173, 1.65092114912e-05, 7.52609935262e-07, 2.36496369155e-08, 2.11859552124e-09],
        "max": [2.2454662323, 23.339263916, 91.5275802612, 26.6467781067, 29.9358844757, 32.2119522095, 76.2191467285, 189.034072876, 245.612167358, 169.657989502, 115.284049988, 281.718933105, 329.647491455, 34.5358810425, 22.650094986, 110.799720764, 242.051956177, 306.653839111, 1057.15612793, 105.724052429, 315.290771484, 330.474914551, 100.398780823, 84.0732955933, 10.4178743362, 8.16092681885, 8.56377887726, 26.2671775818, 14.1954946518, 6.37823390961, 2.93138289452, 0.934159040451, 0.357272654772, 0.24123288691, 0.204493492842, 0.0807134732604, 0.0224941950291, 0.00788276921958, 0.00189009145834, 0.000248784170253],
        "mean": [0.246109947562, 5.11149597168, 18.6420440674, 6.07809782028, 7.03299856186, 9.50932884216, 24.7287883759, 46.3827171326, 70.9815139771, 32.9924354553, 26.4283618927, 70.2629013062, 49.3470191956, 6.57216358185, 6.52446317673, 11.4755620956, 21.0126342773, 41.1950836182, 107.249198914, 25.6049537659, 65.9772644043, 76.7023849487, 23.8154640198, 14.512093544, 2.6585483551, 2.51970648766, 3.13127541542, 6.64048290253, 3.83279490471, 1.54106044769, 1.09486973286, 0.332062482834, 0.130282402039, 0.0769771710038, 0.0818084329367, 0.0421155132353, 0.00570851983503, 0.00153968902305, 0.000441493029939, 0.000131166219944],
        "median": [0.175368472934, 3.99643492699, 13.7143669128, 5.00954055786, 5.71026086807, 8.30392551422, 19.0211448669, 41.1280479431, 62.8764610291, 22.9638195038, 21.2600097656, 55.2664299011, 35.771232605, 5.31203556061, 5.40610933304, 5.93728208542, 9.14759159088, 26.3176231384, 57.1587638855, 21.1867752075, 48.4424133301, 59.8125762939, 17.938287735, 9.72313022614, 2.23066115379, 2.02387022972, 2.67451310158, 5.29781675339, 3.0815141201, 1.29326188564, 0.941519081593, 0.302068948746, 0.118995837867, 0.0651343688369, 0.0757066309452, 0.0400853455067, 0.00508353952318, 0.00134619581513, 0.000421763339546, 0.000128295694594],
        "min": [0.00222439272329, 0.00580576807261, 0.00540346000344, 0.00674389395863, 0.0137475896627, 0.213412791491, 1.22856664658, 1.63314568996, 1.0122679472, 2.15428376198, 1.46902048588, 1.22406995296, 3.47114610672, 0.889666795731, 0.92967402935, 1.4397342205, 1.81704413891, 0.740828514099, 1.20040750504, 0.548625230789, 1.59054505825, 1.45200574398, 0.681976795197, 0.817602694035, 0.250350415707, 0.320854663849, 0.18925255537, 0.289103806019, 0.161301240325, 0.114989049733, 0.129820942879, 0.0572506971657, 0.0411246195436, 0.0283551272005, 0.0223266575485, 0.0122398529202, 0.00119057414122, 0.000557536084671, 0.000294148892863, 4.52550775663e-05],
        "var": [0.0786435306072, 18.8631591797, 275.29385376, 20.5426235199, 26.3951530457, 48.3795394897, 287.333679199, 952.619506836, 1865.3494873, 787.881958008, 351.167907715, 2391.2565918, 2477.53149414, 21.8004646301, 21.1986408234, 230.245056152, 1086.21020508, 1783.63720703, 20348.6914062, 293.554321289, 2378.34692383, 3376.77246094, 295.108917236, 207.055343628, 2.86134338379, 2.23056840897, 2.35912156105, 16.4832210541, 5.57684755325, 0.855277657509, 0.344401746988, 0.0170765630901, 0.00251408410259, 0.00147284416016, 0.000808677927125, 0.000193946674699, 1.17147883429e-05, 7.1406503821e-07, 1.93146565408e-08, 1.01781760797e-09]
    },
    "gfcc": {
        "mean": [39.2386703491, 120.840164185, -111.807495117, 33.1896858215, -38.8899917603, -0.0188856124878, -38.22397995, 5.68372058868, 5.98750019073, 7.95012998581, -22.6126327515, 3.07189202309, -9.01699829102],
        "cov": [[429.115478516, 66.4420013428, -131.872360229, -0.367679029703, 13.9848775864, 37.8856430054, 14.5642156601, 8.26568984985, 18.3090400696, 25.4928359985, -2.17443037033, -0.326831042767, -32.0403747559], [66.4420013428, 97.3853149414, 49.0985488892, 32.9411468506, 21.4646091461, -5.46775007248, -1.38386130333, -1.67563450336, 17.3296375275, -2.2018430233, -4.64170455933, -12.9974889755, 3.92282748222], [-131.872360229, 49.0985488892, 197.231307983, 86.5500183105, 6.24184131622, -0.0218849554658, 4.12748718262, -10.0244464874, 9.35962677002, -11.1847410202, -14.7957391739, -9.36373901367, 16.2774600983], [-0.367679029703, 32.9411468506, 86.5500183105, 102.317718506, 28.1929130554, 12.1105499268, 2.75414276123, 0.0973075330257, 22.990190506, -4.65081167221, -14.3511714935, -14.7784509659, 4.20465230942], [13.9848775864, 21.4646091461, 6.24184131622, 28.1929130554, 56.3607673645, 16.8342342377, 1.68370342255, 12.3771209717, 14.8567314148, 4.19926166534, -2.37343645096, -16.0250549316, -5.97974443436], [37.8856430054, -5.46775007248, -0.0218849554658, 12.1105499268, 16.8342342377, 50.2285423279, 24.0492858887, -0.693884968758, 7.29464912415, 16.8609638214, 6.45028591156, -7.4019985199, -6.52393865585], [14.5642156601, -1.38386130333, 4.12748718262, 2.75414276123, 1.68370342255, 24.0492858887, 29.3075809479, 9.98127651215, 4.5362443924, 9.70295238495, 11.5982780457, -0.276869803667, -3.54426932335], [8.26568984985, -1.67563450336, -10.0244464874, 0.0973075330257, 12.3771209717, -0.693884968758, 9.98127651215, 30.6157550812, 15.351184845, 1.44166326523, 3.51129388809, -0.30208170414, -1.41673433781], [18.3090400696, 17.3296375275, 9.35962677002, 22.990190506, 14.8567314148, 7.29464912415, 4.5362443924, 15.351184845, 33.9273109436, 8.42331314087, 0.038422241807, -3.98052239418, 1.35644888878], [25.4928359985, -2.2018430233, -11.1847410202, -4.65081167221, 4.19926166534, 16.8609638214, 9.70295238495, 1.44166326523, 8.42331314087, 24.3783550262, 10.1400556564, -1.6324518919, -3.30174589157], [-2.17443037033, -4.64170455933, -14.7957391739, -14.3511714935, -2.37343645096, 6.45028591156, 11.5982780457, 3.51129388809, 0.038422241807, 10.1400556564, 27.8659152985, 10.3110227585, 2.64166331291], [-0.326831042767, -12.9974889755, -9.36373901367, -14.7784509659, -16.0250549316, -7.4019985199, -0.276869803667, -0.30208170414, -3.98052239418, -1.6324518919, 10.3110227585, 28.579492569, 6.29954910278], [-32.0403747559, 3.92282748222, 16.2774600983, 4.20465230942, -5.97974443436, -6.52393865585, -3.54426932335, -1.41673433781, 1.35644888878, -3.30174589157, 2.64166331291, 6.29954910278, 25.2945957184]],
        "icov": [[0.0111080119386, -0.0176775213331, 0.0138957230374, -0.0107888830826, 0.0108670247719, -0.0149179762229, 0.00718556903303, -0.0118304565549, 0.0100490422919, -0.00956617947668, 0.00941846705973, -0.0112393889576, 0.00875676143914], [-0.0176775213331, 0.0446607097983, -0.024831796065, 0.0189751125872, -0.0260648839176, 0.0351611599326, -0.0227127540857, 0.0323823317885, -0.0281929299235, 0.0177479796112, -0.0156356021762, 0.0224519520998, -0.0150847416371], [0.0138957230374, -0.024831796065, 0.0274453051388, -0.0217935591936, 0.0153493937105, -0.0160604938865, 0.00294880871661, -0.0121707618237, 0.0151966959238, -0.0117338756099, 0.0145549783483, -0.0142617411911, 0.00631689466536], [-0.0107888830826, 0.0189751125872, -0.0217935591936, 0.034522857517, -0.020042411983, 0.014302010648, -0.0130780180916, 0.0218337401748, -0.0261416081339, 0.0172961503267, -0.00382789387368, 0.0125077851117, -0.00903771724552], [0.0108670247719, -0.0260648839176, 0.0153493937105, -0.020042411983, 0.05079100281, -0.0408720262349, 0.0402816422284, -0.0418289192021, 0.0184033215046, -0.00815367139876, -0.00194148230366, 0.000475811451906, 0.0140614928678], [-0.0149179762229, 0.0351611599326, -0.0160604938865, 0.014302010648, -0.0408720262349, 0.0886712148786, -0.0761028975248, 0.058125924319, -0.0288999099284, -0.00440392363816, 0.00077005737694, 0.016359705478, -0.0137717537582], [0.00718556903303, -0.0227127540857, 0.00294880871661, -0.0130780180916, 0.0402816422284, -0.0761028975248, 0.126352027059, -0.0727252587676, 0.0315042436123, -0.00768646690995, -0.0288562308997, -0.00216251448728, 0.0172855537385], [-0.0118304565549, 0.0323823317885, -0.0121707618237, 0.0218337401748, -0.0418289192021, 0.058125924319, -0.0727252587676, 0.102462090552, -0.0564388632774, 0.0230009723455, -0.00144872523379, 0.0103972218931, -0.0115621685982], [0.0100490422919, -0.0281929299235, 0.0151966959238, -0.0261416081339, 0.0184033215046, -0.0288999099284, 0.0315042436123, -0.0564388632774, 0.0784328207374, -0.0355495996773, 0.0108041819185, -0.0144668435678, 0.0034457212314], [-0.00956617947668, 0.0177479796112, -0.0117338756099, 0.0172961503267, -0.00815367139876, -0.00440392363816, -0.00768646690995, 0.0230009723455, -0.0355495996773, 0.0831641480327, -0.0316034667194, 0.0191023964435, -0.00174108194187], [0.00941846705973, -0.0156356021762, 0.0145549783483, -0.00382789387368, -0.00194148230366, 0.00077005737694, -0.0288562308997, -0.00144872523379, 0.0108041819185, -0.0316034667194, 0.0753148496151, -0.0321373902261, -0.00332624232396], [-0.0112393889576, 0.0224519520998, -0.0142617411911, 0.0125077851117, 0.000475811451906, 0.016359705478, -0.00216251448728, 0.0103972218931, -0.0144668435678, 0.0191023964435, -0.0321373902261, 0.0655961856246, -0.0157199688256], [0.00875676143914, -0.0150847416371, 0.00631689466536, -0.00903771724552, 0.0140614928678, -0.0137717537582, 0.0172855537385, -0.0115621685982, 0.0034457212314, -0.00174108194187, -0.00332624232396, -0.0157199688256, 0.0557999573648]]
    },
    "melbands": {
        "dmean": [0.00285288877785, 0.00635932059959, 0.00061589514371, 0.000469001475722, 0.000361290585715, 0.000589736970142, 0.000571123557165, 0.000222889953875, 0.000116987772344, 0.00026364257792, 0.000152612934471, 1.23104637169e-05, 1.06505985968e-05, 8.9475652203e-06, 4.77319626953e-05, 1.65025139722e-05, 5.19641907886e-05, 0.00017567985924, 2.12925478991e-05, 2.25968760788e-05, 4.75565175293e-05, 5.52158599021e-05, 2.22110611503e-05, 5.27246447746e-06, 9.17456964089e-06, 8.10151163932e-07, 5.57956184366e-07, 6.36698018752e-07, 8.15525197595e-07, 1.42846863582e-06, 1.9591527689e-06, 1.10274697818e-06, 5.83396456477e-07, 4.8366075589e-07, 5.33593777163e-07, 1.77048235628e-07, 5.71737786004e-08, 2.77046083852e-08, 2.23181046977e-08, 2.08455173123e-08],
        "dmean2": [0.0050172386691, 0.0104603823274, 0.000894456519745, 0.000823355687317, 0.000626027293038, 0.0010290753562, 0.00104532798287, 0.000387534179026, 0.000209190853639, 0.000468350888696, 0.000259104795987, 2.14613319258e-05, 1.91769377125e-05, 1.59459159477e-05, 7.99283807282e-05, 2.6845942557e-05, 9.02304018382e-05, 0.000316037214361, 3.78905242542e-05, 3.96865398216e-05, 8.40674620122e-05, 9.93088833638e-05, 3.51713279088e-05, 8.72103009897e-06, 1.56222413352e-05, 1.32299396682e-06, 9.69556367636e-07, 1.09024017547e-06, 1.50710172875e-06, 2.45754972639e-06, 3.49249125975e-06, 1.98229440684e-06, 1.03873628632e-06, 9.138662449e-07, 1.01880209513e-06, 3.26094635739e-07, 9.76817275955e-08, 4.88472906568e-08, 3.82963989409e-08, 3.6323541508e-08],
        "dvar": [8.69624091138e-06, 3.88366897823e-05, 3.63634342193e-07, 1.77647052624e-07, 1.06482232809e-07, 3.33000656383e-07, 2.34735509252e-07, 4.76980055453e-08, 1.04573016912e-08, 8.54930135574e-08, 3.55200171498e-08, 2.41210773577e-10, 9.92439810887e-11, 9.46337036511e-11, 6.49633324912e-09, 8.19142753627e-10, 4.52526460748e-09, 9.49359701963e-08, 8.71684002757e-10, 6.50506204458e-10, 3.77746856017e-09, 4.28701740773e-09, 5.49405743122e-10, 2.70382084777e-11, 1.34369723681e-10, 7.13596662229e-13, 3.3172810744e-13, 5.05330369563e-13, 4.52936570628e-13, 1.49137700887e-12, 3.75844494416e-12, 1.07281262866e-12, 4.73604011911e-13, 1.32384812205e-13, 1.26025654756e-13, 1.48011875515e-14, 2.63151897361e-15, 6.87039805523e-16, 4.15198663025e-16, 3.2916941763e-16],
        "dvar2": [2.65555754595e-05, 0.000102227590105, 8.57300676671e-07, 6.11911275428e-07, 2.96707412417e-07, 9.50035541791e-07, 6.49761830118e-07, 1.46011373658e-07, 3.02583700318e-08, 2.39119145817e-07, 1.01186017787e-07, 6.46244557867e-10, 2.88481460942e-10, 2.57542820403e-10, 1.5337889181e-08, 1.82490134115e-09, 1.11440012773e-08, 2.92131971946e-07, 2.65449084935e-09, 1.70012659506e-09, 1.06333430949e-08, 1.22847145789e-08, 9.98079285885e-10, 6.56969201263e-11, 3.40258904385e-10, 1.75592071265e-12, 8.27910981958e-13, 1.2336977143e-12, 1.35790467412e-12, 4.21573843543e-12, 1.12294904278e-11, 2.79338336316e-12, 1.33972401315e-12, 4.53125465752e-13, 4.17531352374e-13, 4.55761289982e-14, 6.04150865959e-15, 1.76991907136e-15, 1.00944780912e-15, 9.38234572872e-16],
        "max": [0.0243514627218, 0.0430761426687, 0.00478027621284, 0.00253805960529, 0.00208300934173, 0.0044911140576, 0.00335026276298, 0.00155200227164, 0.000782484654337, 0.00234031863511, 0.00165693077724, 0.000128069819766, 7.00133023201e-05, 7.17780276318e-05, 0.000763003190514, 0.000251082412433, 0.000627822999377, 0.00210743607022, 0.000220806643483, 0.000167866179254, 0.000432921660831, 0.00043534571887, 0.000253838778008, 4.00124808948e-05, 7.63177085901e-05, 6.98049643688e-06, 4.22730272476e-06, 6.22894367552e-06, 4.95568701808e-06, 1.19353144328e-05, 1.45339990922e-05, 9.82112214842e-06, 5.84026292927e-06, 2.42149553742e-06, 1.83121403552e-06, 9.29162411012e-07, 4.78431331885e-07, 2.59178506212e-07, 2.19577870553e-07, 1.93718207697e-07],
        "mean": [0.00364027242176, 0.00891014654189, 0.00120645423885, 0.000624980370048, 0.000717248185538, 0.00111255340744, 0.00104583660141, 0.000290092924843, 0.000211152582779, 0.000508293451276, 0.000242136447923, 2.07080756809e-05, 2.13082239497e-05, 1.59542396432e-05, 6.602841313e-05, 2.24851846724e-05, 8.2554477558e-05, 0.000216423504753, 3.29390022671e-05, 4.38188544649e-05, 8.4160528786e-05, 8.92164607649e-05, 4.44130419055e-05, 1.01725245258e-05, 1.23746549434e-05, 1.82436315299e-06, 1.27564464947e-06, 1.75488696641e-06, 1.68765677699e-06, 2.86678277917e-06, 3.90619152313e-06, 2.34059280046e-06, 1.12044006073e-06, 7.25840948235e-07, 7.14924340173e-07, 3.13487561243e-07, 1.66473640206e-07, 9.36749273706e-08, 7.01384763602e-08, 5.78954981734e-08],
        "median": [0.00265774922445, 0.00737964455038, 0.000989589490928, 0.000517935026437, 0.000572089978959, 0.00100400263909, 0.000929057598114, 0.000185572629562, 0.000174207554664, 0.000387515814509, 0.000178267844603, 1.66803602042e-05, 1.74415181391e-05, 1.06680008685e-05, 2.89687959594e-05, 1.009285279e-05, 5.40678556717e-05, 0.000110090259113, 2.37841140915e-05, 3.51953931386e-05, 6.22117295279e-05, 6.77879870636e-05, 3.08730523102e-05, 8.0657982835e-06, 7.89773457655e-06, 1.53035273343e-06, 1.05881485979e-06, 1.36022083552e-06, 1.40575468777e-06, 2.36457685787e-06, 3.10376617563e-06, 1.82139297067e-06, 9.3341242291e-07, 6.02068212174e-07, 6.21507126652e-07, 2.80876548686e-07, 1.54185030965e-07, 8.58970210516e-08, 5.79408840906e-08, 4.96254664029e-08],
        "min": [1.85012286238e-05, 4.43366434411e-06, 1.03271656826e-06, 5.38596032129e-06, 3.69996814698e-05, 3.58713987225e-05, 1.76063385879e-05, 2.31356953009e-05, 1.00310735434e-05, 9.72276120592e-06, 1.74749111466e-05, 2.82984046862e-06, 3.00739884551e-06, 2.35946458815e-06, 3.48138200934e-06, 2.26845463658e-06, 1.29625573209e-06, 2.24500104196e-06, 9.63091224548e-07, 3.75962514454e-07, 2.65441030933e-06, 2.05674723475e-06, 4.38325628238e-07, 9.03100044525e-07, 6.48345348964e-07, 1.37345892881e-07, 1.96220966586e-07, 2.19086857101e-07, 9.97199407493e-08, 1.71171294028e-07, 1.605711617e-07, 8.81347546056e-08, 7.7173993418e-08, 5.88593209727e-08, 7.96874957132e-08, 5.21463725534e-08, 3.00967464284e-08, 2.95860331789e-08, 1.95155198668e-08, 1.95991383123e-08],
        "var": [1.16646388051e-05, 5.52489473193e-05, 6.7684180749e-07, 2.08619198361e-07, 2.12417290868e-07, 5.03853243572e-07, 3.79496526648e-07, 6.82615137748e-08, 2.01013659051e-08, 1.52875500703e-07, 6.3013686713e-08, 2.44838316288e-10, 2.07342504277e-10, 1.85038692702e-10, 1.08018385347e-08, 1.23947729858e-09, 6.96627378005e-09, 8.5114123749e-08, 1.01020691812e-09, 7.61047058706e-10, 4.67024241502e-09, 5.51507817192e-09, 1.66969826854e-09, 4.84467500839e-11, 1.72958619649e-10, 1.30126638631e-12, 6.6198408517e-13, 1.24328357939e-12, 7.81085374331e-13, 2.93803371389e-12, 5.73335779894e-12, 2.40715368645e-12, 6.3758010373e-13, 1.71797526292e-13, 1.60397519919e-13, 2.63614406996e-14, 5.08618593816e-15, 1.29759730047e-15, 1.42436043971e-15, 1.01187307621e-15]
    },
    "mfcc": {
        "mean": [-609.762329102, 154.430053711, -8.32489490509, 37.8781700134, 13.6490879059, 11.7497243881, -29.2981071472, 5.22841262817, 13.9849395752, 2.84427905083, 9.52020454407, 7.79394865036, -8.24717235565],
        "cov": [[531.901611328, 21.8651409149, -142.72605896, -42.1538200378, -12.6695995331, 28.5762786865, -7.02465486526, 0.177507728338, 3.92434740067, 5.83488416672, 51.1975784302, 23.2210826874, -9.34171581268], [21.8651409149, 84.1899185181, 16.9615898132, 14.293507576, 14.4130105972, -3.40924930573, -6.96244621277, 0.044985961169, 3.35885262489, 3.04800033569, -1.17161846161, 4.00417757034, -9.7729845047], [-142.72605896, 16.9615898132, 163.601119995, 73.7715530396, 14.7700376511, 28.3330364227, 1.44389712811, 9.89141273499, 14.2542657852, 3.66328120232, -18.2413539886, -11.948805809, 11.7400026321], [-42.1538200378, 14.293507576, 73.7715530396, 87.7001113892, 40.9790649414, 11.7587919235, -10.0370903015, 11.5587186813, 21.4485187531, 9.67430019379, -6.09538984299, -6.36086940765, 1.51565039158], [-12.6695995331, 14.4130105972, 14.7700376511, 40.9790649414, 54.9992523193, 13.135890007, -1.88728296757, 7.20095872879, 19.5253868103, 17.8773040771, 3.56188201904, -1.30823338032, -5.25029945374], [28.5762786865, -3.40924930573, 28.3330364227, 11.7587919235, 13.135890007, 52.2895622253, 13.5960998535, 1.19323039055, 4.28458833694, 14.0700454712, 11.3882236481, 0.524793803692, 2.9779727459], [-7.02465486526, -6.96244621277, 1.44389712811, -10.0370903015, -1.88728296757, 13.5960998535, 39.5954322815, 0.707029223442, -4.91466712952, 6.15598106384, 10.0739307404, 2.04766774178, 4.27912902832], [0.177507728338, 0.044985961169, 9.89141273499, 11.5587186813, 7.20095872879, 1.19323039055, 0.707029223442, 25.2034740448, 8.31675338745, 3.71382975578, 0.274175316095, 9.54870510101, 4.57860517502], [3.92434740067, 3.35885262489, 14.2542657852, 21.4485187531, 19.5253868103, 4.28458833694, -4.91466712952, 8.31675338745, 29.9733047485, 12.3416662216, 4.06885480881, -2.81692004204, -1.12726354599], [5.83488416672, 3.04800033569, 3.66328120232, 9.67430019379, 17.8773040771, 14.0700454712, 6.15598106384, 3.71382975578, 12.3416662216, 34.3531570435, 16.6714954376, -5.48998308182, -4.19125127792], [51.1975784302, -1.17161846161, -18.2413539886, -6.09538984299, 3.56188201904, 11.3882236481, 10.0739307404, 0.274175316095, 4.06885480881, 16.6714954376, 33.606426239, 5.72196626663, -0.378651440144], [23.2210826874, 4.00417757034, -11.948805809, -6.36086940765, -1.30823338032, 0.524793803692, 2.04766774178, 9.54870510101, -2.81692004204, -5.48998308182, 5.72196626663, 32.0770874023, 10.6868839264], [-9.34171581268, -9.7729845047, 11.7400026321, 1.51565039158, -5.25029945374, 2.9779727459, 4.27912902832, 4.57860517502, -1.12726354599, -4.19125127792, -0.378651440144, 10.6868839264, 19.0479125977]],
