{
"lowlevel": {
    "average_loudness": 0.981360793114,
    "barkbands_crest": {
        "dmean": 0.866511464119,
        "dmean2": 1.26903235912,
        "dvar": 1.8759957552,
        "dvar2": 2.46841406822,
        "max": 25.186794281,
        "mean": 22.1448173523,
        "median": 23.1432037354,
        "min": 5.38540029526,
        "var": 9.76242256165
    },
    "barkbands_flatness_db": {
        "dmean": 0.0130942240357,
        "dmean2": 0.018533013761,
        "dvar": 0.000251135643339,
        "dvar2": 0.000210784957744,
        "max": 0.451241761446,
        "mean": 0.397726595402,
        "median": 0.409961789846,
        "min": 0.174551352859,
        "var": 0.00207835691981
    },
    "barkbands_kurtosis": {
        "dmean": 4.56465339661,
        "dmean2": 7.78550672531,
        "dvar": 13.287940979,
        "dvar2": 38.2420463562,
        "max": 52.5482826233,
        "mean": 23.1728057861,
        "median": 19.030752182,
        "min": 1.0440993309,
        "var": 165.746536255
    },
    "barkbands_skewness": {
        "dmean": 0.359765797853,
        "dmean2": 0.596836924553,
        "dvar": 0.0855593308806,
        "dvar2": 0.256681501865,
        "max": 5.05286741257,
        "mean": 2.86077213287,
        "median": 2.4844250679,
        "min": 0.702938437462,
        "var": 1.37121856213
    },
    "barkbands_spread": {
        "dmean": 0.268418669701,
        "dmean2": 0.418389052153,
        "dvar": 0.193235307932,
        "dvar2": 0.367668062449,
        "max": 6.99526357651,
        "mean": 1.45765197277,
        "median": 1.1231366396,
        "min": 0.576566457748,
        "var": 1.15272986889
    },
    "dissonance": {
        "dmean": 0.0287222471088,
        "dmean2": 0.0503043308854,
        "dvar": 0.000685475999489,
        "dvar2": 0.00147357431706,
        "max": 0.460635513067,
        "mean": 0.414711028337,
        "median": 0.419336616993,
        "min": 0.266199022532,
        "var": 0.000873996934388
    },
    "dynamic_complexity": 1.44495427608,
    "erbbands_crest": {
        "dmean": 1.32308852673,
        "dmean2": 2.04200816154,
        "dvar": 2.0493619442,
        "dvar2": 3.79546356201,
        "max": 27.115732193,
        "mean": 21.3313903809,
        "median": 23.0432338715,
        "min": 6.5185213089,
        "var": 20.5432071686
    },
    "erbbands_flatness_db": {
        "dmean": 0.0100454688072,
        "dmean2": 0.0142729245126,
        "dvar": 0.000232337290072,
        "dvar2": 0.000154110370204,
        "max": 0.413430571556,
        "mean": 0.370904177427,
        "median": 0.379144608974,
        "min": 0.172833770514,
        "var": 0.00118355080485
    },
    "erbbands_kurtosis": {
        "dmean": 2.02362918854,
        "dmean2": 3.53418302536,
        "dvar": 2.97123932838,
        "dvar2": 8.20662784576,
        "max": 20.6147022247,
        "mean": 7.94969511032,
        "median": 8.13143730164,
        "min": -1.12230241299,
        "var": 26.9703292847
    },
    "erbbands_skewness": {
        "dmean": 0.286556065083,
        "dmean2": 0.496681183577,
        "dvar": 0.0461915135384,
        "dvar2": 0.123824968934,
        "max": 3.69239592552,
        "mean": 2.19555664062,
        "median": 2.3103723526,
        "min": 0.00737375114113,
        "var": 0.595362782478
    },
    "erbbands_spread": {
        "dmean": 1.05281937122,
        "dmean2": 1.58646380901,
        "dvar": 1.49457097054,
        "dvar2": 2.33643579483,
        "max": 18.4981422424,
        "mean": 7.18358039856,
        "median": 5.96161842346,
        "min": 3.02707529068,
        "var": 11.5099401474
    },
    "hfc": {
        "dmean": 1.1254554987,
        "dmean2": 1.54458332062,
        "dvar": 3.65499734879,
        "dvar2": 3.08264541626,
        "max": 18.7309169769,
        "mean": 11.4504394531,
        "median": 11.8833904266,
        "min": 0.417357116938,
        "var": 19.5956821442
    },
    "melbands_crest": {
        "dmean": 0.894769906998,
        "dmean2": 1.30550670624,
        "dvar": 2.06757950783,
        "dvar2": 2.1072716713,
        "max": 26.727678299,
        "mean": 23.5764732361,
        "median": 24.5253562927,
        "min": 6.13973999023,
        "var": 10.6533966064
    },
    "melbands_flatness_db": {
        "dmean": 0.0130661260337,
        "dmean2": 0.0185308158398,
        "dvar": 0.000259754684521,
        "dvar2": 0.000227988275583,
        "max": 0.564778327942,
        "mean": 0.504196763039,
        "median": 0.513818264008,
        "min": 0.283704280853,
        "var": 0.00219182786532
    },
    "melbands_kurtosis": {
        "dmean": 3.60357666016,
        "dmean2": 6.41177558899,
        "dvar": 10.1908578873,
        "dvar2": 27.723449707,
        "max": 37.7728271484,
        "mean": 18.0790805817,
        "median": 16.415517807,
        "min": 1.10891389847,
        "var": 71.2740020752
    },
    "melbands_skewness": {
        "dmean": 0.321726888418,
        "dmean2": 0.538860201836,
        "dvar": 0.0705933347344,
        "dvar2": 0.193932443857,
        "max": 4.35471916199,
        "mean": 2.69268393517,
        "median": 2.41127729416,
        "min": 0.736038565636,
        "var": 0.702377796173
    },
    "melbands_spread": {
        "dmean": 0.32842823863,
        "dmean2": 0.533024430275,
        "dvar": 0.306092947721,
        "dvar2": 0.509133934975,
        "max": 9.80218791962,
        "mean": 2.10539150238,
        "median": 1.65370345116,
        "min": 0.914927184582,
        "var": 2.18730568886
    },
    "pitch_salience": {
        "dmean": 0.042260274291,
        "dmean2": 0.0620269179344,
        "dvar": 0.00428874278441,
        "dvar2": 0.0056023853831,
        "max": 0.921803414822,
        "mean": 0.363973081112,
        "median": 0.340129613876,
        "min": 0.200179442763,
        "var": 0.0178468562663
    },
    "silence_rate_20dB": {
        "dmean": 0,
        "dmean2": 0,
        "dvar": 0,
        "dvar2": 0,
        "max": 1,
        "mean": 1,
        "median": 1,
        "min": 1,
        "var": 0
    },
    "silence_rate_30dB": {
        "dmean": 0,
        "dmean2": 0,
        "dvar": 0,
        "dvar2": 0,
        "max": 1,
        "mean": 1,
        "median": 1,
        "min": 1,
        "var": 0
    },
    "silence_rate_60dB": {
        "dmean": 0.0222222227603,
        "dmean2": 0.0449438206851,
        "dvar": 0.0217284504324,
        "dvar2": 0.0653957203031,
        "max": 1,
        "mean": 0.0109890112653,
        "median": 0,
        "min": 0,
        "var": 0.0108682531863
    },
    "spectral_centroid": {
        "dmean": 10.4987096786,
        "dmean2": 13.6830177307,
        "dvar": 852.730834961,
        "dvar2": 401.138397217,
        "max": 697.236328125,
        "mean": 287.186798096,
        "median": 273.053924561,
        "min": 257.420043945,
        "var": 2632.57739258
    },
    "spectral_complexity": {
        "dmean": 1.16666662693,
        "dmean2": 1.86516857147,
        "dvar": 2.60555553436,
        "dvar2": 4.79080867767,
        "max": 15,
        "mean": 9.73626327515,
        "median": 10,
        "min": 1,
        "var": 4.10626745224
    },
    "spectral_decrease": {
        "dmean": 1.02233166377e-09,
        "dmean2": 1.44338263564e-09,
        "dvar": 1.92460319918e-18,
        "dvar2": 1.97216008734e-18,
        "max": -3.15237252968e-10,
        "mean": -1.09233537771e-08,
        "median": -1.20312240171e-08,
        "min": -1.56861634792e-08,
        "var": 1.65646821956e-17
    },
    "spectral_energy": {
        "dmean": 0.00395601801574,
        "dmean2": 0.00557869579643,
        "dvar": 2.91518990707e-05,
        "dvar2": 2.96808484563e-05,
        "max": 0.0607495047152,
        "mean": 0.0422658100724,
        "median": 0.0464852936566,
        "min": 0.00122763460968,
        "var": 0.000247998978011
    },
    "spectral_energyband_high": {
        "dmean": 3.32062683128e-07,
        "dmean2": 5.4752666756e-07,
        "dvar": 2.38629184772e-13,
        "dvar2": 5.62550548679e-13,
        "max": 4.75830211144e-06,
        "mean": 1.10599478376e-06,
        "median": 9.71721078713e-07,
        "min": 9.16298716902e-08,
        "var": 5.62983687447e-13
    },
    "spectral_energyband_low": {
        "dmean": 0.000162778655067,
        "dmean2": 0.000240779365413,
        "dvar": 1.79224404206e-08,
        "dvar2": 3.61420866568e-08,
        "max": 0.00295429723337,
        "mean": 0.00111826392822,
        "median": 0.000869898940437,
        "min": 5.43791502423e-05,
        "var": 6.65043330628e-07
    },
    "spectral_energyband_middle_high": {
        "dmean": 0.000210692276596,
        "dmean2": 0.000298356433632,
        "dvar": 3.5679801158e-07,
        "dvar2": 4.0354385078e-07,
        "max": 0.00555511191487,
        "mean": 0.000487044948386,
        "median": 0.000198106950847,
        "min": 4.00021854148e-05,
        "var": 5.68583004679e-07
    },
    "spectral_energyband_middle_low": {
        "dmean": 0.00380480289459,
        "dmean2": 0.0054306043312,
        "dvar": 2.64853497356e-05,
        "dvar2": 2.77177350654e-05,
        "max": 0.0595291852951,
        "mean": 0.0407818965614,
        "median": 0.0449802912772,
        "min": 0.00109184579924,
        "var": 0.000249414850259
    },
    "spectral_entropy": {
        "dmean": 0.1220472157,
        "dmean2": 0.185395106673,
        "dvar": 0.0121746845543,
        "dvar2": 0.0193594582379,
        "max": 6.97431516647,
        "mean": 5.53084754944,
        "median": 5.46925640106,
        "min": 4.95424985886,
        "var": 0.134691566229
    },
    "spectral_flux": {
        "dmean": 0.0093290368095,
        "dmean2": 0.0137460222468,
        "dvar": 0.000277889572317,
        "dvar2": 0.000305972731439,
        "max": 0.194636747241,
        "mean": 0.0382761918008,
        "median": 0.0333570204675,
        "min": 0.0158683154732,
        "var": 0.000538437627256
    },
    "spectral_kurtosis": {
        "dmean": 19.4100799561,
        "dmean2": 31.688451767,
        "dvar": 211.082244873,
        "dvar2": 530.477783203,
        "max": 88.5290527344,
        "mean": 52.4706001282,
        "median": 54.2988700867,
        "min": 10.0576276779,
        "var": 383.802764893
    },
    "spectral_rms": {
        "dmean": 0.000352941191522,
        "dmean2": 0.000463508622488,
        "dvar": 4.3627645141e-07,
        "dvar2": 4.13195749616e-07,
        "max": 0.00769855873659,
        "mean": 0.00622918177396,
        "median": 0.00673435255885,
        "min": 0.00109439133666,
        "var": 2.43221052187e-06
    },
    "spectral_rolloff": {
        "dmean": 32.060546875,
        "dmean2": 49.5989494324,
        "dvar": 4536.265625,
        "dvar2": 10549.0058594,
        "max": 968.994140625,
        "mean": 308.090454102,
        "median": 258.3984375,
        "min": 258.3984375,
        "var": 12052.5273438
    },
    "spectral_skewness": {
        "dmean": 1.18081557751,
        "dmean2": 1.90289890766,
        "dvar": 0.727791070938,
        "dvar2": 1.88812732697,
        "max": 7.51526498795,
        "mean": 5.09075021744,
        "median": 5.1411948204,
        "min": 2.51231002808,
        "var": 1.36807537079
    },
    "spectral_spread": {
        "dmean": 306086.75,
        "dmean2": 406747.5625,
        "dvar": 899102736384,
        "dvar2": 522891329536,
        "max": 12529274,
        "mean": 1359955.375,
        "median": 1202629,
        "min": 811888.625,
        "var": 1.48488454144e+12
    },
    "spectral_strongpeak": {
        "dmean": 0.144968569279,
        "dmean2": 0.200913056731,
        "dvar": 0.0467395782471,
        "dvar2": 0.0730700716376,
        "max": 2.46126675606,
        "mean": 1.89227712154,
        "median": 2.12881088257,
        "min": 0.0473593361676,
        "var": 0.388390123844
    },
    "zerocrossingrate": {
        "dmean": 0.000618489575572,
        "dmean2": 0.000877809012309,
        "dvar": 1.50362484419e-06,
        "dvar2": 2.18155582843e-06,
        "max": 0.01953125,
        "mean": 0.0113699780777,
        "median": 0.01123046875,
        "min": 0.00244140625,
        "var": 2.78916013485e-06
    },
    "barkbands": {
        "dmean": [6.87481133355e-07, 7.98809705884e-05, 7.00347154634e-05, 0.00040870171506, 0.00340900546871, 0.000601966283284, 0.00032650763751, 0.000559990701731, 0.000315559416777, 0.000127412422444, 7.44146673242e-05, 2.65491144091e-05, 2.11388833122e-05, 3.08413882522e-06, 1.44576540606e-06, 3.4455590594e-06, 5.70299198444e-06, 2.40724307332e-06, 1.71824342488e-06, 4.79851280488e-07, 1.10264927855e-07, 2.43144011591e-08, 5.0544057828e-09, 4.79716488755e-09, 5.89692250585e-09, 7.61300888996e-09, 7.88517606765e-09],
        "dmean2": [1.01022499166e-06, 0.000105710991193, 0.000100174198451, 0.000675136223435, 0.00491626467556, 0.000966386694927, 0.000524877221324, 0.00093935005134, 0.000528160308022, 0.000177212146809, 0.000114689886686, 4.00211283704e-05, 2.56070416071e-05, 4.4290554797e-06, 2.27129748964e-06, 4.51075175079e-06, 8.57846862345e-06, 3.62444620805e-06, 2.65603216576e-06, 7.16088209174e-07, 1.85254421581e-07, 4.19808756646e-08, 9.16296194475e-09, 8.83943140906e-09, 1.06668993638e-08, 1.40569724749e-08, 1.3649262165e-08],
        "dvar": [1.93950606443e-12, 6.30196783646e-09, 2.61445931571e-09, 2.13619642864e-07, 1.94412205019e-05, 4.17924411522e-07, 1.16183549892e-07, 6.55914163872e-07, 1.41903484518e-07, 8.67833449547e-08, 4.4522828091e-08, 7.42137906684e-09, 8.51505421728e-10, 1.81428361917e-11, 1.13624075426e-11, 1.83089418626e-10, 2.1250398663e-10, 1.07865565438e-11, 5.71152803872e-12, 5.7829647104e-13, 1.72432919587e-14, 1.2973608724e-15, 1.00488537203e-15, 9.79060502138e-16, 9.57152312595e-16, 9.76302245225e-16, 1.03010969556e-15],
        "dvar2": [2.66861034139e-12, 1.50525973908e-08, 6.4977578873e-09, 5.77725302264e-07, 2.31356389122e-05, 1.17560887247e-06, 2.08004038882e-07, 1.72247769115e-06, 2.91367115324e-07, 1.04037056303e-07, 5.40671294402e-08, 7.56860263351e-09, 7.87497456134e-10, 2.79527494901e-11, 1.75840349226e-11, 1.98017283126e-10, 2.93624791148e-10, 1.94929836161e-11, 9.39883414153e-12, 1.02346397416e-12, 3.92475087803e-14, 2.67009730095e-15, 1.9921304359e-15, 1.94208180015e-15, 1.93615172248e-15, 1.94281257782e-15, 2.01070226854e-15],
        "max": [1.80520655704e-05, 0.00162343098782, 0.00105316960253, 0.0035952993203, 0.0551425777376, 0.00462561799213, 0.00272743985988, 0.00601091654971, 0.00295577407815, 0.00223327288404, 0.00199775281362, 0.000854462967254, 0.000357351469574, 3.55398042302e-05, 3.17351768899e-05, 0.000128975370899, 0.000122910176287, 3.53619579982e-05, 1.73247353814e-05, 5.80260075367e-06, 1.19797141451e-06, 4.28207840741e-07, 3.10660709602e-07, 3.03776204191e-07, 2.92718254968e-07, 2.86499073354e-07, 3.09182809133e-07],
        "mean": [7.85298993833e-07, 0.0006054166588, 0.000408722728025, 0.000563874666113, 0.0360840000212, 0.000965050712693, 0.00134221033659, 0.00110734649934, 0.000672000343911, 0.000275382190011, 0.000100487595773, 4.54814507975e-05, 5.36167790415e-05, 7.25135259927e-06, 2.42363535108e-06, 6.67660697218e-06, 1.09912152766e-05, 7.18078990758e-06, 4.80471635456e-06, 1.61252762609e-06, 3.91068851968e-07, 7.13061680813e-08, 1.31054767039e-08, 1.07805782079e-08, 1.21670948872e-08, 1.31053798924e-08, 2.75822102935e-08],
        "median": [2.83400225953e-07, 0.000480370421428, 0.000331322400598, 0.000404548191, 0.040742367506, 0.000671305810101, 0.00144205894321, 0.000744131975807, 0.00047764959163, 7.7436088759e-05, 4.31797088822e-05, 2.35562692978e-05, 3.99149830628e-05, 4.35576248492e-06, 1.01328475921e-06, 2.54291467172e-06, 4.52780204796e-06, 3.90190052713e-06, 3.2563204968e-06, 1.25916017168e-06, 3.34220715104e-07, 5.74966279032e-08, 6.00495120295e-09, 3.7141885123e-09, 3.64609564762e-09, 2.7180764306e-09, 1.4213940247e-08],
        "min": [2.02170058472e-09, 1.95908105525e-05, 3.15120960295e-05, 4.59031980427e-06, 0.000678842363413, 0.0001072766172, 3.49712863681e-05, 3.10544892272e-05, 7.59673275752e-05, 4.6093509809e-06, 4.04451793656e-06, 1.85959379451e-06, 2.27973009714e-06, 4.41013867203e-07, 1.60834730423e-07, 4.23896210577e-07, 4.67367556212e-07, 3.04460428424e-07, 3.45885979414e-07, 6.41732711415e-08, 4.6393342501e-08, 9.55157020144e-09, 1.49380197101e-09, 7.41433747731e-10, 1.29997612675e-09, 8.53974835291e-10, 5.92867932525e-09],
        "var": [4.76626073678e-12, 2.11289091112e-07, 8.83149624542e-08, 3.73164965595e-07, 0.000230582430959, 6.81528774749e-07, 2.77068892274e-07, 1.24941266222e-06, 3.99124928663e-07, 2.1271627304e-07, 4.90817946286e-08, 8.42039415971e-09, 2.64945709816e-09, 6.24396020998e-11, 1.56464858431e-11, 2.01130417876e-10, 2.76910661068e-10, 6.47578241031e-11, 1.69268730976e-11, 1.53902856171e-12, 5.36530523243e-14, 3.46219592641e-15, 1.99987168176e-15, 1.92855044881e-15, 1.81524751014e-15, 1.85765527344e-15, 2.04365756766e-15]
    },
    "erbbands": {
        "dmean": [0.00052465533372, 0.0237638093531, 0.0941119417548, 0.501950263977, 3.43424963951, 19.6634521484, 5.36244487762, 7.20783281326, 3.8779733181, 6.37761163712, 13.0008573532, 6.39214420319, 4.83344602585, 3.79388332367, 1.925796628, 1.06345462799, 0.963790655136, 0.147284418344, 0.109694860876, 0.111365571618, 0.199742972851, 0.309382408857, 0.150145575404, 0.116142652929, 0.0581473782659, 0.023070814088, 0.00786864105612, 0.0030577913858, 0.00104839878622, 0.000226226780796, 0.000147748403833, 0.000108954722236, 7.9571545939e-05, 5.7559202105e-05, 5.05335483467e-05, 2.33387854678e-05, 1.72069067048e-05, 5.89421597397e-06, 2.31600279221e-06, 4.32444767284e-06],
        "dmean2": [0.000793566461653, 0.0309196393937, 0.128608688712, 0.819286465645, 5.55836343765, 27.6082801819, 8.55233478546, 11.4865760803, 6.2393488884, 10.0769433975, 22.364276886, 10.8975973129, 7.33371496201, 5.72310018539, 2.74057888985, 1.5520182848, 1.20515489578, 0.21019294858, 0.157223567367, 0.150300696492, 0.27335909009, 0.484784513712, 0.23506693542, 0.189466044307, 0.0848981738091, 0.0331781283021, 0.0129759497941, 0.00480297487229, 0.00177588115912, 0.000390102475649, 0.000268877716735, 0.000199619331397, 0.000145917903865, 0.00010192260379, 9.29065427044e-05, 4.10651373386e-05, 3.00335832435e-05, 8.3713521235e-06, 3.45667262991e-06, 6.13755719314e-06],
        "dvar": [2.86225514401e-07, 0.000532790028956, 0.00501133082435, 0.291479706764, 12.1986169815, 707.034973145, 39.0397262573, 59.7619590759, 16.1704406738, 56.0579986572, 416.358215332, 76.1631164551, 84.8384552002, 97.3881835938, 44.749458313, 9.95015907288, 2.07127904892, 0.0658894628286, 0.0350992083549, 0.163860008121, 0.606576859951, 0.624222457409, 0.0469708442688, 0.0380341485143, 0.00724265445024, 0.00131102721207, 0.000110033673991, 1.12450807137e-05, 2.21608752327e-06, 1.20487106869e-06, 8.00932582479e-07, 4.77071921523e-07, 2.52824662539e-07, 1.14823187403e-07, 5.5948628841e-08, 1.4026407591e-08, 3.80504339148e-09, 4.8684350995e-10, 2.16850877532e-11, 3.58316258608e-11],
        "dvar2": [7.4940982131e-07, 0.00128774787299, 0.0117230964825, 0.800732016563, 25.0924530029, 762.923217773, 66.2333984375, 164.272903442, 29.7957725525, 104.234680176, 1125.20947266, 147.890426636, 143.606796265, 124.553955078, 44.942325592, 10.385594368, 1.93763816357, 0.0848285406828, 0.045066267252, 0.168784543872, 0.637852728367, 0.911149263382, 0.104463331401, 0.0812443271279, 0.0121523207054, 0.00230657192878, 0.000225164752919, 2.63493075181e-05, 5.08957873535e-06, 2.35743391386e-06, 1.61766445217e-06, 9.53496908096e-07, 5.03800720253e-07, 2.30195638551e-07, 1.20274933124e-07, 2.85990768845e-08, 7.95517962615e-09, 8.59384174934e-10, 5.57533880174e-11, 4.01862397525e-11],
        "max": [0.00867182016373, 0.48064416647, 1.64889585972, 4.73839044571, 31.075668335, 339.843902588, 67.0556030273, 59.3274650574, 40.0058135986, 57.1715545654, 157.957427979, 59.9717712402, 72.8187942505, 86.6942749023, 65.7196578979, 31.9793605804, 17.6157226562, 2.39610242844, 1.73679411411, 3.95225572586, 7.49162483215, 6.4032869339, 2.05094742775, 1.47513854504, 0.77739828825, 0.301503181458, 0.0853478088975, 0.0327132940292, 0.0175180546939, 0.0111074680462, 0.00877296738327, 0.00675105815753, 0.00490632187575, 0.00332347885706, 0.00209836987779, 0.0011616924312, 0.000541917979717, 0.000192927574972, 6.58732460579e-05, 6.70601148158e-05],
        "mean": [0.00324325123802, 0.180116549134, 0.642647445202, 1.08394598961, 20.6236095428, 222.152923584, 41.0555915833, 13.5051240921, 19.4846439362, 17.2909355164, 27.0116252899, 14.6440429688, 10.3959503174, 7.53359603882, 3.19236445427, 2.10974740982, 2.38810157776, 0.410131067038, 0.265498578548, 0.235422298312, 0.384652912617, 0.640246927738, 0.418470025063, 0.323069363832, 0.16876642406, 0.0769413635135, 0.0266589615494, 0.0105547718704, 0.00320924632251, 0.0006758440868, 0.000389750173781, 0.000260995351709, 0.00019802575116, 0.00014996092068, 0.000115170500067, 6.41628575977e-05, 3.6289660784e-05, 1.39584390126e-05, 2.24537980102e-05, 4.69743536087e-05],
        "median": [0.00251148291864, 0.141636878252, 0.51015818119, 0.908805549145, 22.3006191254, 251.41355896, 46.2403640747, 10.3834877014, 21.7062759399, 16.3216362, 17.3689365387, 9.25922870636, 2.84960722923, 2.21237874031, 1.51991665363, 1.19295275211, 1.85497426987, 0.23833052814, 0.155285418034, 0.0994616523385, 0.13542675972, 0.278470814228, 0.19873945415, 0.209404870868, 0.108845628798, 0.0605140775442, 0.022548539564, 0.00991833489388, 0.00280871079303, 0.000389771885239, 0.000188594975043, 0.000103630482045, 8.62220767885e-05, 7.14745328878e-05, 5.23431590409e-05, 3.4811659134e-05, 1.72362779267e-05, 4.77982894154e-06, 2.3316608349e-05, 5.15716237715e-05],
        "min": [0.000278194667771, 0.00579043803737, 0.0344885550439, 0.0457183793187, 1.02181065083, 2.68994855881, 1.48737800121, 0.971833825111, 0.560523986816, 0.548335194588, 0.735481142998, 1.62407970428, 0.521163105965, 0.175761833787, 0.28753438592, 0.0766713470221, 0.11611956358, 0.0457505844533, 0.0349039360881, 0.0159222073853, 0.0250945277512, 0.030614959076, 0.0159470606595, 0.0193051174283, 0.0119372783229, 0.00356270652264, 0.00203254399821, 0.00141294428613, 0.000499485176988, 8.15446328488e-05, 4.01595389121e-05, 2.34193994402e-05, 1.19250080388e-05, 1.32983586809e-05, 1.10025139293e-05, 5.99895884079e-06, 2.28346948461e-06, 1.77699780579e-06, 2.09005565921e-06, 3.15583656629e-06],
        "var": [5.34068749403e-06, 0.0185450464487, 0.219253525138, 0.571125090122, 55.4869880676, 8993.62988281, 286.142913818, 108.22895813, 66.2504272461, 78.4016342163, 837.893371582, 207.908248901, 256.868927002, 166.941680908, 49.7720603943, 12.1451559067, 5.4627327919, 0.185722649097, 0.0831032320857, 0.202037721872, 0.673291742802, 0.854271411896, 0.229909539223, 0.0875411331654, 0.0249140821397, 0.00337886088528, 0.000302355503663, 3.20267390634e-05, 5.32132480657e-06, 2.44233183366e-06, 1.56984413024e-06, 9.40057248044e-07, 4.95748736284e-07, 2.24749697963e-07, 9.53030081519e-08, 2.71033488985e-08, 6.60590426804e-09, 1.10738496151e-09, 6.5743958888e-11, 2.93953195118e-10]
    },
    "gfcc": {
        "mean": [-163.23576355, 231.173202515, -96.2448577881, -15.0611610413, -38.5086364746, -61.0166244507, -18.6573505402, -16.9564990997, -32.5874977112, -18.2013072968, -7.62408161163, -12.0013065338, -2.20137834549],
        "cov": [[753.317626953, -95.7729721069, -286.913787842, -134.648132324, -78.6386947632, -135.891647339, -25.6546764374, 58.0629501343, -68.6543807983, -126.172370911, -50.0238609314, -7.70544719696, 39.0347480774], [-95.7729721069, 214.749633789, 35.6340293884, 30.1803512573, 56.3817176819, -85.9981307983, 36.8485794067, -44.421245575, 3.48112177849, 7.00568580627, 41.014213562, -27.0649852753, 6.64578533173], [-286.913787842, 35.6340293884, 520.394592285, 242.751815796, 33.6033096313, 58.9874191284, -0.667390942574, -36.354385376, 52.9176979065, 160.436309814, 92.8516998291, 25.9277534485, -73.0684967041], [-134.648132324, 30.1803512573, 242.751815796, 139.479003906, 18.6633605957, 5.81104040146, 2.75787687302, -19.7608985901, 28.3659477234, 72.3862686157, 45.7824172974, -0.0659496709704, -29.3582134247], [-78.6386947632, 56.3817176819, 33.6033096313, 18.6633605957, 29.6827640533, 0.38516575098, 10.0209054947, -16.3307819366, 3.97073221207, 18.4621315002, 14.8575687408, -3.86946034431, -4.99549913406], [-135.891647339, -85.9981307983, 58.9874191284, 5.81104040146, 0.38516575098, 148.067108154, -1.735065341, 2.53055953979, 14.7551231384, 68.6148452759, -4.7975487709, 17.4724445343, -41.6841430664], [-25.6546764374, 36.8485794067, -0.667390942574, 2.75787687302, 10.0209054947, -1.735065341, 20.4140892029, -8.85645484924, -1.00595450401, 5.97016954422, 1.28528285027, -5.27123022079, -4.7040014267], [58.0629501343, -44.421245575, -36.354385376, -19.7608985901, -16.3307819366, 2.53055953979, -8.85645484924, 21.8154659271, -3.42541265488, -17.9662361145, -14.3635578156, 5.80934095383, 8.67551708221], [-68.6543807983, 3.48112177849, 52.9176979065, 28.3659477234, 3.97073221207, 14.7551231384, -1.00595450401, -3.42541265488, 18.306350708, 26.9046497345, 11.299779892, -0.929278254509, -10.4818058014], [-126.172370911, 7.00568580627, 160.436309814, 72.3862686157, 18.4621315002, 68.6148452759, 5.97016954422, -17.9662361145, 26.9046497345, 104.054611206, 34.5755004883, 3.24574303627, -53.6824073792], [-50.0238609314, 41.014213562, 92.8516998291, 45.7824172974, 14.8575687408, -4.7975487709, 1.28528285027, -14.3635578156, 11.299779892, 34.5755004883, 35.9027099609, 5.58252906799, -10.3265037537], [-7.70544719696, -27.0649852753, 25.9277534485, -0.0659496709704, -3.86946034431, 17.4724445343, -5.27123022079, 5.80934095383, -0.929278254509, 3.24574303627, 5.58252906799, 25.950252533, 4.88008403778], [39.0347480774, 6.64578533173, -73.0684967041, -29.3582134247, -4.99549913406, -41.6841430664, -4.7040014267, 8.67551708221, -10.4818058014, -53.6824073792, -10.3265037537, 4.88008403778, 39.1954307556]],
        "icov": [[0.00542418146506, 0.00148378196172, 0.00271226884797, -0.000659859215375, 0.00725372135639, 0.00615477375686, 0.00103336165193, -0.00991549529135, 0.0173266530037, -0.00160759792197, -0.0079235220328, 0.000654848350678, 0.00895994715393], [0.00148378196172, 0.0584072470665, -0.0173129178584, 0.0430270321667, -0.0529492348433, 0.0268277153373, -0.063551068306, 0.0156183755025, -0.00709452899173, -0.00847435370088, -0.0484192483127, 0.0539610870183, -0.033707909286], [0.00271226884797, -0.0173129178584, 0.0297554172575, -0.0477878339589, 0.0161148365587, -0.00492289708927, 0.0268747154623, -0.00550624309108, 0.00683060102165, 0.0114276669919, 0.00397035246715, -0.0452569127083, 0.0453319586813], [-0.000659859215375, 0.0430270321667, -0.0477878339589, 0.0995867028832, -0.0335624553263, 0.0221402142197, -0.0570146478713, 0.00810486637056, -0.0134590016678, -0.0290294587612, -0.0330966487527, 0.0833603516221, -0.0729572027922], [0.00725372135639, -0.0529492348433, 0.0161148365587, -0.0335624553263, 0.134846121073, -0.0205376520753, 0.0424321293831, 0.00211345287971, 0.046572431922, -0.016993926838, 0.0199709534645, -0.0285468492657, 0.00462093297392], [0.00615477375686, 0.0268277153373, -0.00492289708927, 0.0221402142197, -0.0205376520753, 0.0379932522774, -0.022165575996, -0.00117212685291, 0.0064731775783, -0.0209051072598, -0.00551937799901, 0.00535109825432, 0.00309407874011], [0.00103336165193, -0.063551068306, 0.0268747154623, -0.0570146478713, 0.0424321293831, -0.022165575996, 0.141496554017, 0.000190057442524, 0.0218657255173, 0.0068916529417, 0.065081872046, -0.0677786320448, 0.0567875057459], [-0.00991549529135, 0.0156183755025, -0.00550624309108, 0.00810486637056, 0.00211345287971, -0.00117212685291, 0.000190057442524, 0.133910447359, -0.0489982999861, -0.00222326256335, 0.0348532237113, -0.0127474674955, -0.0329402089119], [0.0173266530037, -0.00709452899173, 0.00683060102165, -0.0134590016678, 0.046572431922, 0.0064731775783, 0.0218657255173, -0.0489982999861, 0.179661557078, -0.0512434206903, -0.0246488414705, 0.0307081956416, -0.0195657331496], [-0.00160759792197, -0.00847435370088, 0.0114276669919, -0.0290294587612, -0.016993926838, -0.0209051072598, 0.0068916529417, -0.00222326256335, -0.0512434206903, 0.111987277865, -0.0349523834884, -0.0372462719679, 0.114622399211], [-0.0079235220328, -0.0484192483127, 0.00397035246715, -0.0330966487527, 0.0199709534645, -0.00551937799901, 0.065081872046, 0.0348532237113, -0.0246488414705, -0.0349523834884, 0.157095015049, -0.0735104456544, -0.00843765120953], [0.000654848350678, 0.0539610870183, -0.0452569127083, 0.0833603516221, -0.0285468492657, 0.00535109825432, -0.0677786320448, -0.0127474674955, 0.0307081956416, -0.0372462719679, -0.0735104456544, 0.165380418301, -0.117750391364], [0.00895994715393, -0.033707909286, 0.0453319586813, -0.0729572027922, 0.00462093297392, 0.00309407874011, 0.0567875057459, -0.0329402089119, -0.0195657331496, 0.114622399211, -0.00843765120953, -0.117750391364, 0.234346032143]]
    },
    "melbands": {
        "dmean": [1.29615282276e-05, 4.43783501396e-05, 0.000167272170074, 0.000795957865193, 0.000382770667784, 0.000143666795339, 6.07641995884e-05, 7.5041250966e-05, 9.56456497079e-05, 4.29878673458e-05, 2.52682457358e-05, 1.61723037309e-05, 7.9110113802e-06, 3.53486007043e-06, 3.04452123601e-06, 1.11834128802e-06, 2.60203279367e-07, 2.32595596117e-07, 1.02851267059e-07, 2.32905662756e-07, 2.59146247572e-07, 3.82831188972e-07, 2.11803751426e-07, 1.12468072189e-07, 1.08230210571e-07, 5.98137077645e-08, 2.60750923076e-08, 1.47604444223e-08, 6.3510294801e-09, 2.84826051633e-09, 1.8103831767e-09, 7.79614373059e-10, 2.42724840227e-10, 1.01098032723e-10, 8.96856408583e-11, 7.38790209565e-11, 6.37329702902e-11, 5.71887016909e-11, 4.89181924135e-11, 4.78128543702e-11],
        "dmean2": [1.79726848728e-05, 5.79859806749e-05, 0.000273691839539, 0.0011195485713, 0.000567435694393, 0.000230235964409, 9.84166108537e-05, 0.000120111530123, 0.000165305595146, 7.24250057829e-05, 3.8177393435e-05, 2.39585842792e-05, 1.16799947136e-05, 5.28727377969e-06, 3.70785414816e-06, 1.52193081249e-06, 3.84616157589e-07, 3.3150473655e-07, 1.51620511701e-07, 3.07899938434e-07, 3.75560603061e-07, 5.75754313559e-07, 3.61502060287e-07, 1.6619669907e-07, 1.7970916133e-07, 8.94840823662e-08, 4.04622930716e-08, 2.15271676041e-08, 1.03546415886e-08, 4.68094096817e-09, 2.94067059592e-09, 1.31498045786e-09, 4.0584605121e-10, 1.77142397972e-10, 1.61813049071e-10, 1.37511377285e-10, 1.17165707691e-10, 1.05794303873e-10, 9.03999375357e-11, 8.53546677781e-11],
        "dvar": [1.72927727693e-10, 1.31030364336e-09, 3.91276415712e-08, 1.03678428331e-06, 2.33186440823e-07, 2.33223218515e-08, 3.74098840794e-09, 9.03464858482e-09, 2.02677021832e-08, 3.19565307549e-09, 2.35274044691e-09, 1.69523228788e-09, 6.61845134253e-10, 1.26464047567e-10, 3.31608560056e-11, 2.96869690289e-12, 1.54107412595e-13, 1.13028076482e-13, 8.17801094856e-14, 7.26189236782e-13, 9.11029606789e-13, 9.72786629895e-13, 1.24447286786e-13, 2.71468655525e-14, 3.05142602809e-14, 6.65772894036e-15, 1.70376558642e-15, 4.37694296387e-16, 6.11668762469e-17, 1.10504844741e-17, 2.67482954498e-18, 8.03275041151e-19, 4.68735387487e-19, 3.32171202926e-19, 2.73074059544e-19, 2.13923627636e-19, 1.6663848123e-19, 1.27831302792e-19, 9.89255538343e-20, 7.62424907546e-20],
        "dvar2": [4.29786956024e-10, 3.22401727537e-09, 1.06649750364e-07, 1.20515676372e-06, 3.45565268844e-07, 6.4971530378e-08, 6.41891029218e-09, 1.69910450154e-08, 5.36485877944e-08, 6.61784627098e-09, 4.02562028157e-09, 2.14604400917e-09, 6.85955181545e-10, 1.27471005973e-10, 2.83800673934e-11, 3.2707554113e-12, 2.7865080035e-13, 1.49937652355e-13, 9.72141881968e-14, 7.63678508452e-13, 9.95903012835e-13, 1.43199167801e-12, 3.09821856755e-13, 4.35642868351e-14, 7.09135102527e-14, 1.19410673027e-14, 2.97177994357e-15, 8.06169325022e-16, 1.25053641462e-16, 2.59759660109e-17, 6.75225176562e-18, 2.02362747185e-18, 9.1486403223e-19, 6.44542855614e-19, 5.49502905159e-19, 4.29922392935e-19, 3.31517859489e-19, 2.53364051607e-19, 1.95218153005e-19, 1.51801161637e-19],
        "max": [0.00024943225435, 0.000817439518869, 0.00144724128768, 0.0128217656165, 0.00571529334411, 0.00114572641905, 0.000580276595429, 0.000679645454511, 0.0010961603839, 0.000432897912106, 0.0003896507842, 0.000353347626515, 0.00025178262149, 0.000112109810289, 6.67952845106e-05, 1.98673278646e-05, 3.26657573169e-06, 2.90322600449e-06, 2.86079557554e-06, 8.17473573989e-06, 9.08116362552e-06, 8.25410188554e-06, 2.37401127379e-06, 1.78687025709e-06, 1.17837294056e-06, 7.0816548714e-07, 3.60093252993e-07, 1.5370062556e-07, 6.39664250457e-08, 3.29871951976e-08, 1.74418701704e-08, 1.02062616136e-08, 7.13980341516e-09, 5.70582736614e-09, 5.1012465363e-09, 4.50350956527e-09, 3.96692412252e-09, 3.46326256562e-09, 3.05425840175e-09, 2.68424393823e-09],
        "mean": [9.21815590118e-05, 0.000311123789288, 0.000242414447712, 0.00856837257743, 0.00358870206401, 0.000244248658419, 0.000289227988105, 0.00019842502661, 0.000199436020921, 9.03168183868e-05, 5.35214385309e-05, 3.31643896061e-05, 1.20459708342e-05, 5.81363156016e-06, 7.38172229831e-06, 2.80144604403e-06, 6.14417160705e-07, 5.11375787937e-07, 1.96667258479e-07, 4.33872799022e-07, 4.44538869715e-07, 7.04077535829e-07, 4.64803491695e-07, 3.22090443206e-07, 2.61838977167e-07, 1.64141269465e-07, 7.80617028795e-08, 4.32133155925e-08, 1.86498461119e-08, 8.78652439695e-09, 5.1420165903e-09, 2.04121164415e-09, 5.88865567419e-10, 2.56022286704e-10, 2.2132552735e-10, 1.67798566708e-10, 1.38237810088e-10, 1.24961735404e-10, 1.09580934604e-10, 1.06544439937e-10],
        "median": [7.24353230908e-05, 0.000246903277002, 0.000187419558642, 0.00958613399416, 0.00412431452423, 0.0001825606887, 0.000311401032377, 0.000173926746356, 0.000134752481245, 5.39159082109e-05, 1.46008042066e-05, 9.57377233135e-06, 5.49295918972e-06, 2.77914227809e-06, 5.40725523024e-06, 2.06615595744e-06, 3.40040770652e-07, 3.22327792901e-07, 8.15563439005e-08, 1.92011953004e-07, 1.47508458781e-07, 2.84322794641e-07, 2.08737546359e-07, 1.67746591728e-07, 1.73170221274e-07, 1.12963114418e-07, 5.57980044391e-08, 3.59743204115e-08, 1.51988892583e-08, 7.21435444717e-09, 4.82285589243e-09, 1.78510439763e-09, 3.99634242365e-10, 1.19431645129e-10, 1.0295840569e-10, 5.82430839668e-11, 4.50864172385e-11, 4.31485541741e-11, 3.78048842231e-11, 3.7758456084e-11],
        "min": [3.89710112358e-06, 1.45883886944e-05, 1.42536082421e-05, 0.000137988346978, 9.61589976214e-05, 2.26488737098e-05, 8.08512140793e-06, 6.21457957095e-06, 6.10108554611e-06, 1.12187071863e-05, 1.04585421923e-06, 7.13109557182e-07, 7.6931064541e-07, 2.26933053682e-07, 2.46450497343e-07, 1.81655991582e-07, 5.18323801657e-08, 4.10399287887e-08, 1.2445166675e-08, 2.33404033878e-08, 2.48428619898e-08, 3.1282969104e-08, 1.91746494238e-08, 1.23464509727e-08, 1.63788236307e-08, 1.36223130554e-08, 3.97102306593e-09, 1.87121829143e-09, 1.20956977767e-09, 1.17168075242e-09, 6.54740761608e-10, 3.30208360655e-10, 7.88822063225e-11, 2.75010725997e-11, 2.13014085537e-11, 1.7364453625e-11, 1.12960665127e-11, 6.67608026153e-12, 6.48959358474e-12, 1.07976032629e-11],
        "var": [4.85467266387e-09, 5.41085434236e-08, 6.25937133236e-08, 1.28804267661e-05, 2.30867385653e-06, 4.15780192498e-08, 1.29491031231e-08, 1.45762077963e-08, 4.07791489465e-08, 9.05048835875e-09, 7.22912307793e-09, 3.16337445128e-09, 7.32683025362e-10, 1.45076520242e-10, 6.40602224045e-11, 7.28047396675e-12, 5.02461407984e-13, 2.9498972709e-13, 1.18134072403e-13, 8.1747130766e-13, 9.92226266427e-13, 1.23748439881e-12, 2.92880303343e-13, 1.32832167574e-13, 5.64195567977e-14, 2.01059566945e-14, 5.16902448985e-15, 9.8082815402e-16, 1.54722068935e-16, 3.14818422954e-17, 7.4425765866e-18, 2.00992998129e-18, 9.73772113144e-19, 6.74951720992e-19, 5.34665146126e-19, 4.20755758333e-19, 3.28118509063e-19, 2.50739640168e-19, 1.95319120738e-19, 1.49449396682e-19]
    },
    "mfcc": {
        "mean": [-801.074523926, 248.707199097, 14.5495672226, 26.7884407043, -6.46371221542, -32.4523048401, 1.65198779106, -7.41267871857, -17.7271137238, -14.4749231339, -8.76902294159, -2.02337908745, -10.4168100357],
        "cov": [[695.843811035, 98.8812179565, -487.235626221, -57.5256195068, -157.736953735, -225.669448853, -18.4141769409, 15.9881019592, 36.3617362976, -54.7586250305, -116.826950073, -75.5383682251, -74.4855728149], [98.8812179565, 98.8860015869, -15.421918869, 36.7621650696, -8.60339641571, -31.5496006012, 15.2970094681, -16.743303299, -20.0108413696, -11.2268314362, 1.79730796814, 14.0709228516, 0.904037475586], [-487.235626221, -15.421918869, 517.346679688, 194.829864502, 129.83605957, 177.087005615, 32.8490486145, -48.0793304443, -59.2422866821, 37.9523010254, 128.867294312, 104.059074402, 62.9223480225], [-57.5256195068, 36.7621650696, 194.829864502, 180.331268311, 35.9756202698, 5.49149847031, 9.23602485657, -38.0561447144, -34.2879562378, 1.28535211086, 43.4113960266, 50.3991470337, 16.4658088684], [-157.736953735, -8.60339641571, 129.83605957, 35.9756202698, 51.998008728, 53.5594177246, 3.58903646469, -9.08407306671, -16.6851043701, 11.4384355545, 31.3884143829, 22.814704895, 22.1396045685], [-225.669448853, -31.5496006012, 177.087005615, 5.49149847031, 53.5594177246, 134.118881226, 29.0851993561, -19.7423419952, -14.831694603, 28.3940753937, 72.8282089233, 46.2821731567, 18.6854953766], [-18.4141769409, 15.2970094681, 32.8490486145, 9.23602485657, 3.58903646469, 29.0851993561, 21.6582050323, -5.27562046051, -7.12772464752, 3.05126953125, 18.8010940552, 14.6268510818, -0.204355075955], [15.9881019592, -16.743303299, -48.0793304443, -38.0561447144, -9.08407306671, -19.7423419952, -5.27562046051, 29.5751686096, 16.4713764191, -9.07852268219, -31.1120491028, -26.7503318787, -1.10495114326], [36.3617362976, -20.0108413696, -59.2422866821, -34.2879562378, -16.6851043701, -14.831694603, -7.12772464752, 16.4713764191, 22.1542854309, -0.531561732292, -20.1336212158, -20.1359062195, -9.05465316772], [-54.7586250305, -11.2268314362, 37.9523010254, 1.28535211086, 11.4384355545, 28.3940753937, 3.05126953125, -9.07852268219, -0.531561732292, 18.4005699158, 24.9185714722, 8.92440891266, -1.86114227772], [-116.826950073, 1.79730796814, 128.867294312, 43.4113960266, 31.3884143829, 72.8282089233, 18.8010940552, -31.1120491028, -20.1336212158, 24.9185714722, 67.3210754395, 46.8861160278, 7.82701158524], [-75.5383682251, 14.0709228516, 104.059074402, 50.3991470337, 22.814704895, 46.2821731567, 14.6268510818, -26.7503318787, -20.1359062195, 8.92440891266, 46.8861160278, 49.4357223511, 19.3207092285], [-74.4855728149, 0.904037475586, 62.9223480225, 16.4658088684, 22.1396045685, 18.6854953766, -0.204355075955, -1.10495114326, -9.05465316772, -1.86114227772, 7.82701158524, 19.3207092285, 33.6447525024]],
