{
"lowlevel": {
    "average_loudness": 0.784820795059,
    "barkbands_crest": {
        "dmean": 1.20320379734,
        "dmean2": 1.96694850922,
        "dvar": 1.13212013245,
        "dvar2": 2.8156080246,
        "max": 16.240436554,
        "mean": 10.9133453369,
        "median": 10.9195957184,
        "min": 4.90223169327,
        "var": 8.62075042725
    },
    "barkbands_flatness_db": {
        "dmean": 0.0116386068985,
        "dmean2": 0.018064070493,
        "dvar": 0.00012276340567,
        "dvar2": 0.000235260406043,
        "max": 0.323700726032,
        "mean": 0.205965489149,
        "median": 0.199043929577,
        "min": 0.0919008031487,
        "var": 0.00372586701997
    },
    "barkbands_kurtosis": {
        "dmean": 4.34636068344,
        "dmean2": 6.745241642,
        "dvar": 33.7041702271,
        "dvar2": 70.0428848267,
        "max": 65.1142120361,
        "mean": 12.5196466446,
        "median": 7.8417596817,
        "min": -1.34047651291,
        "var": 185.236053467
    },
    "barkbands_skewness": {
        "dmean": 0.487036406994,
        "dmean2": 0.790545284748,
        "dvar": 0.256578177214,
        "dvar2": 0.501090943813,
        "max": 5.70950126648,
        "mean": 2.53284025192,
        "median": 2.52368354797,
        "min": 0.0757577419281,
        "var": 1.29616999626
    },
    "barkbands_spread": {
        "dmean": 1.33632016182,
        "dmean2": 1.94742417336,
        "dvar": 2.52053976059,
        "dvar2": 5.11234855652,
        "max": 25.8324584961,
        "mean": 8.49562644958,
        "median": 8.09453201294,
        "min": 1.11692154408,
        "var": 27.1949462891
    },
    "dissonance": {
        "dmean": 0.024639479816,
        "dmean2": 0.0423633530736,
        "dvar": 0.000466422876343,
        "dvar2": 0.00128919491544,
        "max": 0.491790264845,
        "mean": 0.441034406424,
        "median": 0.449347198009,
        "min": 0.261626631021,
        "var": 0.00151308160275
    },
    "dynamic_complexity": 5.04339647293,
    "erbbands_crest": {
        "dmean": 1.95806407928,
        "dmean2": 3.37759160995,
        "dvar": 2.46905946732,
        "dvar2": 6.15554618835,
        "max": 21.5113697052,
        "mean": 11.4283380508,
        "median": 11.2282581329,
        "min": 3.81383252144,
        "var": 18.1373844147
    },
    "erbbands_flatness_db": {
        "dmean": 0.0121739069,
        "dmean2": 0.0190585311502,
        "dvar": 0.000157544112881,
        "dvar2": 0.000371133821318,
        "max": 0.284456521273,
        "mean": 0.17987640202,
        "median": 0.1763882339,
        "min": 0.0993039235473,
        "var": 0.00204846356064
    },
    "erbbands_kurtosis": {
        "dmean": 0.82735824585,
        "dmean2": 1.37809717655,
        "dvar": 1.24817621708,
        "dvar2": 3.28470849991,
        "max": 11.0695466995,
        "mean": 1.0857385397,
        "median": 0.0838743448257,
        "min": -1.33892214298,
        "var": 6.49225473404
    },
    "erbbands_skewness": {
        "dmean": 0.255386769772,
        "dmean2": 0.396903812885,
        "dvar": 0.107401698828,
        "dvar2": 0.196855708957,
        "max": 3.08385133743,
        "mean": 0.713558316231,
        "median": 0.553701639175,
        "min": -1.39838933945,
        "var": 0.58319246769
    },
    "erbbands_spread": {
        "dmean": 4.51507902145,
        "dmean2": 7.73133182526,
        "dvar": 24.3141822815,
        "dvar2": 57.4376411438,
        "max": 61.8910751343,
        "mean": 30.8665962219,
        "median": 29.3571281433,
        "min": 7.62776231766,
        "var": 191.629074097
    },
    "hfc": {
        "dmean": 1.20144283772,
        "dmean2": 1.85821127892,
        "dvar": 7.81099128723,
        "dvar2": 14.5305252075,
        "max": 38.7801132202,
        "mean": 6.29656505585,
        "median": 3.9946103096,
        "min": 0.451129227877,
        "var": 45.2313766479
    },
    "melbands_crest": {
        "dmean": 1.61070716381,
        "dmean2": 2.52473592758,
        "dvar": 1.96192061901,
        "dvar2": 4.67869377136,
        "max": 25.6908874512,
        "mean": 18.5536422729,
        "median": 19.2161846161,
        "min": 9.21204280853,
        "var": 19.1609745026
    },
    "melbands_flatness_db": {
        "dmean": 0.0134205333889,
        "dmean2": 0.020320944488,
        "dvar": 0.000170618921402,
        "dvar2": 0.000318212638376,
        "max": 0.433165967464,
        "mean": 0.309596180916,
        "median": 0.297734975815,
        "min": 0.18764641881,
        "var": 0.00418940652162
    },
    "melbands_kurtosis": {
        "dmean": 8.18628883362,
        "dmean2": 13.1579885483,
        "dvar": 88.6527404785,
        "dvar2": 196.086547852,
        "max": 99.8932418823,
        "mean": 21.6910972595,
        "median": 17.3570327759,
        "min": -0.686206579208,
        "var": 326.770904541
    },
    "melbands_skewness": {
        "dmean": 0.67698931694,
        "dmean2": 1.1190854311,
        "dvar": 0.396631538868,
        "dvar2": 0.846722364426,
        "max": 6.99036884308,
        "mean": 3.49738311768,
        "median": 3.56019496918,
        "min": 0.539166271687,
        "var": 1.7720682621
    },
    "melbands_spread": {
        "dmean": 1.8618491888,
        "dmean2": 3.03793716431,
        "dvar": 5.56302690506,
        "dvar2": 12.0962362289,
        "max": 22.2980461121,
        "mean": 8.11212062836,
        "median": 7.06734848022,
        "min": 1.11650907993,
        "var": 27.0019130707
    },
    "pitch_salience": {
        "dmean": 0.0616805665195,
        "dmean2": 0.103731714189,
        "dvar": 0.0019004039932,
        "dvar2": 0.00542525527999,
        "max": 0.750673949718,
        "mean": 0.530994594097,
        "median": 0.535316586494,
        "min": 0.302957683802,
        "var": 0.0086367232725
    },
    "silence_rate_20dB": {
        "dmean": 0,
        "dmean2": 0,
        "dvar": 0,
        "dvar2": 0,
        "max": 1,
        "mean": 1,
        "median": 1,
        "min": 1,
        "var": 0
    },
    "silence_rate_30dB": {
        "dmean": 0,
        "dmean2": 0,
        "dvar": 0,
        "dvar2": 0,
        "max": 1,
        "mean": 1,
        "median": 1,
        "min": 1,
        "var": 0
    },
    "silence_rate_60dB": {
        "dmean": 0.0314465425909,
        "dmean2": 0.0632911399007,
        "dvar": 0.0304576642811,
        "dvar2": 0.0592853203416,
        "max": 1,
        "mean": 0.17499999702,
        "median": 0,
        "min": 0,
        "var": 0.144375056028
    },
    "spectral_centroid": {
        "dmean": 71.7405776978,
        "dmean2": 99.9452362061,
        "dvar": 7279.26904297,
        "dvar2": 13548.9648438,
        "max": 1727.12207031,
        "mean": 558.355957031,
        "median": 509.59777832,
        "min": 217.975723267,
        "var": 83389.390625
    },
    "spectral_complexity": {
        "dmean": 1.18867921829,
        "dmean2": 2.06329107285,
        "dvar": 1.51157236099,
        "dvar2": 2.76814413071,
        "max": 19,
        "mean": 8.31875038147,
        "median": 8,
        "min": 3,
        "var": 10.1796503067
    },
    "spectral_decrease": {
        "dmean": 7.34040939143e-10,
        "dmean2": 1.04608677276e-09,
        "dvar": 1.19554802416e-18,
        "dvar2": 1.89532307345e-18,
        "max": -1.71907293955e-10,
        "mean": -5.92424997947e-09,
        "median": -3.17607318223e-09,
        "min": -2.70581921313e-08,
        "var": 3.97786755976e-17
    },
    "spectral_energy": {
        "dmean": 0.00286286650226,
        "dmean2": 0.00409825332463,
        "dvar": 1.87341211131e-05,
        "dvar2": 2.99323382933e-05,
        "max": 0.104331992567,
        "mean": 0.0229305662215,
        "median": 0.0123705156147,
        "min": 0.000689736043569,
        "var": 0.000593047763687
    },
    "spectral_energyband_high": {
        "dmean": 6.45826094114e-06,
        "dmean2": 1.01208279375e-05,
        "dvar": 2.15038611917e-10,
        "dvar2": 4.06276512432e-10,
        "max": 0.000165728837601,
        "mean": 2.51148303505e-05,
        "median": 1.85723984032e-05,
        "min": 9.05371143745e-06,
        "var": 4.71138239533e-10
    },
    "spectral_energyband_low": {
        "dmean": 0.000530276913196,
        "dmean2": 0.000799286994152,
        "dvar": 2.26638420031e-07,
        "dvar2": 3.98133863655e-07,
        "max": 0.0112418774515,
        "mean": 0.00319083663635,
        "median": 0.00220113294199,
        "min": 0.000166987098055,
        "var": 6.26770724921e-06
    },
    "spectral_energyband_middle_high": {
        "dmean": 0.000783672789112,
        "dmean2": 0.0011981317075,
        "dvar": 6.14532609688e-06,
        "dvar2": 1.10084129119e-05,
        "max": 0.0278471149504,
        "mean": 0.00164983735885,
        "median": 0.000684536295012,
        "min": 0.000103212260001,
        "var": 1.36657890835e-05
    },
    "spectral_energyband_middle_low": {
        "dmean": 0.0023098627571,
        "dmean2": 0.00313862622716,
        "dvar": 1.28212541313e-05,
        "dvar2": 2.23291008297e-05,
        "max": 0.0994313284755,
        "mean": 0.0195325575769,
        "median": 0.0082973074168,
        "min": 0.000357649376383,
        "var": 0.000514619518071
    },
    "spectral_entropy": {
        "dmean": 0.108999699354,
        "dmean2": 0.161261543632,
        "dvar": 0.0179881118238,
        "dvar2": 0.0285174511373,
        "max": 8.89385890961,
        "mean": 6.93895339966,
        "median": 7.0089969635,
        "min": 5.76391458511,
        "var": 0.314244568348
    },
    "spectral_flux": {
        "dmean": 0.00825528427958,
        "dmean2": 0.0131088392809,
        "dvar": 0.000198276917217,
        "dvar2": 0.000473130407045,
        "max": 0.170152381063,
        "mean": 0.0339805334806,
        "median": 0.0271500907838,
        "min": 0.0103516513482,
        "var": 0.000552479061298
    },
    "spectral_kurtosis": {
        "dmean": 2.71426510811,
        "dmean2": 4.67655658722,
        "dvar": 10.1617927551,
        "dvar2": 24.3784637451,
        "max": 29.4850349426,
        "mean": 10.9665908813,
        "median": 8.6846704483,
        "min": 1.87110710144,
        "var": 35.6878967285
    },
    "spectral_rms": {
        "dmean": 0.000265973299975,
        "dmean2": 0.000396029063268,
        "dvar": 7.70379955384e-08,
        "dvar2": 1.30144783839e-07,
        "max": 0.0100889699534,
        "mean": 0.00407950673252,
        "median": 0.00347384158522,
        "min": 0.000820312881842,
        "var": 5.72892122364e-06
    },
    "spectral_rolloff": {
        "dmean": 103.196861267,
        "dmean2": 185.076522827,
        "dvar": 24129.2421875,
        "dvar2": 58253.53125,
        "max": 1076.66015625,
        "mean": 478.979309082,
        "median": 452.197265625,
        "min": 193.798828125,
        "var": 76059.2890625
    },
    "spectral_skewness": {
        "dmean": 0.260511219501,
        "dmean2": 0.454812556505,
        "dvar": 0.0731535106897,
        "dvar2": 0.168440550566,
        "max": 4.17989730835,
        "mean": 2.29257297516,
        "median": 2.1227221489,
        "min": 1.38909482956,
        "var": 0.476891577244
    },
    "spectral_spread": {
        "dmean": 358387.28125,
        "dmean2": 486652.34375,
        "dvar": 3.21295745024e+12,
        "dvar2": 3.13519348122e+12,
        "max": 26771822,
        "mean": 3424472.5,
        "median": 3305169.25,
        "min": 1993648.25,
        "var": 3.80990442701e+12
    },
    "spectral_strongpeak": {
        "dmean": 0.0743883177638,
        "dmean2": 0.101559579372,
        "dvar": 0.0269091296941,
        "dvar2": 0.0689573585987,
        "max": 2.26376986504,
        "mean": 0.819625079632,
        "median": 0.630517721176,
        "min": 0.0172936152667,
        "var": 0.348657250404
    },
    "zerocrossingrate": {
        "dmean": 0.00424098363146,
        "dmean2": 0.00551943248138,
        "dvar": 2.07983066502e-05,
        "dvar2": 3.87164873246e-05,
        "max": 0.0673828125,
        "mean": 0.0243011470884,
        "median": 0.02392578125,
        "min": 0.0078125,
        "var": 0.000155383968377
    },
    "barkbands": {
        "dmean": [8.21267349238e-07, 0.000345853040926, 0.000110992259579, 0.0011292087147, 0.00131010042969, 0.000222944305278, 3.58617253369e-05, 0.000597148900852, 8.37416082504e-05, 0.000321626808727, 0.000432705215644, 0.000178112881258, 2.9929304219e-05, 1.68344668054e-05, 5.59214367968e-06, 5.79232528253e-06, 1.43076476888e-05, 4.98099097967e-06, 7.5684033618e-06, 6.6314646574e-06, 3.27452721649e-06, 1.40256452141e-06, 6.42581596821e-07, 3.68584892385e-07, 3.23526961665e-07, 3.95461967173e-07, 3.14446054972e-07],
        "dmean2": [1.38335190059e-06, 0.000543232366908, 0.000180010989425, 0.00103439355735, 0.00229277159087, 0.000395709299482, 5.86488786212e-05, 0.000973216840066, 0.00013954807946, 0.000591166550294, 0.000554261205252, 0.000302034401102, 4.68389916932e-05, 3.02301032207e-05, 9.07589583221e-06, 9.22320032259e-06, 2.46354939009e-05, 7.76618071541e-06, 1.28270394271e-05, 1.12690258902e-05, 5.72305452806e-06, 2.1814998945e-06, 9.50709591052e-07, 5.41980455182e-07, 4.90322122459e-07, 5.49971503006e-07, 5.22981792983e-07],
        "dvar": [7.14787604106e-13, 9.55611625386e-08, 1.30045201274e-08, 3.89298338632e-06, 3.55298357135e-06, 2.34541346344e-07, 4.67851890562e-09, 1.92643256014e-06, 1.21866410296e-08, 4.44892634732e-07, 2.50920970757e-06, 7.75634759975e-07, 4.27779456302e-09, 9.88688797499e-10, 8.17200335179e-11, 1.14958209618e-10, 2.9495189624e-10, 5.59409116252e-11, 1.43309392131e-10, 3.57677359952e-10, 4.92953837472e-11, 6.05476866561e-12, 2.64912007261e-12, 6.21021951312e-13, 3.91776536343e-13, 5.34321773025e-13, 4.91754125484e-14],
        "dvar2": [1.71408666341e-12, 2.32904824315e-07, 2.72277755897e-08, 2.16406237996e-06, 9.18779915082e-06, 7.9365389638e-07, 7.50455786402e-09, 4.59224156657e-06, 3.48750930357e-08, 1.28657768528e-06, 3.01452746498e-06, 1.96786277229e-06, 7.3125412392e-09, 2.26123053615e-09, 1.86463802732e-10, 2.05369318773e-10, 9.34335275815e-10, 1.05818305507e-10, 3.04430397557e-10, 9.95544535698e-10, 1.11674537673e-10, 9.59414579033e-12, 4.40455961634e-12, 1.29110036464e-12, 7.13041767558e-13, 7.89434977892e-13, 1.42732139584e-13],
        "max": [6.38197298031e-06, 0.00351732643321, 0.00121199758723, 0.0567694045603, 0.0338003858924, 0.0036550576333, 0.000803510192782, 0.0123114930466, 0.000898529717233, 0.00633333390579, 0.0208581499755, 0.00941813737154, 0.000860931002535, 0.000327192188706, 7.22444747225e-05, 0.000130707310745, 0.000172944011865, 8.56873157318e-05, 0.00014027763973, 0.000191421684576, 8.27102412586e-05, 3.19055761793e-05, 1.93926862266e-05, 7.08838342689e-06, 6.4417295107e-06, 8.89078091859e-06, 3.31273076881e-06],
        "mean": [9.32961370381e-07, 0.00129150203429, 0.000457131158328, 0.0109502505511, 0.00692971423268, 0.000392139103496, 7.56511217332e-05, 0.000922132167034, 0.000224275325309, 0.000464516633656, 0.000738291419111, 0.000232940685237, 8.19206252345e-05, 3.57441858796e-05, 9.80366985459e-06, 1.31554406835e-05, 4.06850340369e-05, 1.46974289237e-05, 1.92623429029e-05, 1.48693889059e-05, 9.88116971712e-06, 3.5493624182e-06, 1.2897396573e-06, 8.49295588523e-07, 9.12342159154e-07, 1.18556340567e-06, 2.16377748075e-06],
        "median": [6.58234625917e-07, 0.00125773670152, 0.00044195461669, 0.00422760704532, 0.00317422696389, 8.65638867253e-05, 5.25444484083e-05, 0.000243889197009, 0.000191730097868, 0.000251409161137, 6.61632948322e-05, 5.0969862059e-05, 2.73017649306e-05, 1.99226014956e-05, 5.52835263079e-06, 8.48960826261e-06, 3.80547207897e-05, 1.19927972264e-05, 1.62490468938e-05, 1.09335351226e-05, 7.78214416641e-06, 2.49095410254e-06, 6.18693604792e-07, 4.27018250093e-07, 5.91644152337e-07, 8.11235054243e-07, 2.17811179937e-06],
        "min": [6.70550237558e-09, 4.84165175294e-05, 6.49073917884e-05, 7.22109762137e-05, 7.63355201343e-05, 1.16600431284e-05, 5.27923793925e-06, 2.02610171982e-05, 4.90108413942e-06, 1.75309269252e-05, 3.27672023559e-06, 4.48326227342e-06, 8.0582958617e-06, 4.40582743977e-06, 1.49835420871e-06, 3.19262881021e-06, 9.81682387646e-06, 2.31004901252e-06, 4.44269062427e-06, 4.7109733714e-06, 2.69291103905e-06, 9.31251406655e-07, 2.44341066491e-07, 1.3687218825e-07, 2.20243578042e-07, 2.92910925737e-07, 1.13891758247e-06],
        "var": [8.80755375316e-13, 5.35666401902e-07, 5.60087762835e-08, 0.000172682412085, 6.27591216471e-05, 5.13317104378e-07, 7.04654201655e-09, 3.71483974959e-06, 3.11392689412e-08, 4.73797399536e-07, 7.39676397643e-06, 6.90659021529e-07, 1.85644974948e-08, 2.13449258268e-09, 1.54893667337e-10, 2.39672753866e-10, 3.02453506684e-10, 1.23916973904e-10, 2.17779544398e-10, 2.88999824072e-10, 8.32719865285e-11, 1.45494189613e-11, 5.03025399112e-12, 1.36947939967e-12, 9.4661344735e-13, 1.50207504854e-12, 1.23463712127e-13]
    },
    "erbbands": {
        "dmean": [0.00320673990063, 0.0962651968002, 0.18414644897, 1.41223335266, 6.26137781143, 2.93613243103, 5.67398548126, 2.28698205948, 0.408526867628, 4.20559501648, 12.1610422134, 1.83123314381, 6.1634349823, 13.3337936401, 10.9370441437, 5.54435443878, 1.32741451263, 1.04884958267, 0.504999697208, 0.220191448927, 0.338381439447, 0.91467320919, 0.276144623756, 0.307296663523, 0.381602346897, 0.308168143034, 0.173671498895, 0.0988015681505, 0.0581759437919, 0.0265556946397, 0.0174115672708, 0.00855060759932, 0.0062510939315, 0.0034768495243, 0.00254359957762, 0.00182611518539, 0.000850586104207, 0.000190169695998, 4.5348853746e-05, 7.74251930125e-06],
        "dmean2": [0.00529125193134, 0.151349484921, 0.30180773139, 1.37133717537, 8.69955062866, 5.24597024918, 10.226436615, 4.17290496826, 0.668006420135, 6.60273742676, 19.3899326324, 2.98735642433, 11.1488466263, 19.9612731934, 15.1851902008, 9.72732067108, 2.09219002724, 1.54027485847, 0.835166633129, 0.343196243048, 0.54583221674, 1.58693385124, 0.462436139584, 0.506678044796, 0.669519245625, 0.523342847824, 0.306474357843, 0.165048420429, 0.0884214416146, 0.0402314960957, 0.0269255731255, 0.0126007879153, 0.0090438099578, 0.00515898223966, 0.00375760556199, 0.00254741939716, 0.00122124573682, 0.000274937337963, 7.53286731197e-05, 1.25457554532e-05],
        "dvar": [8.4756184151e-06, 0.00735178170726, 0.0260891877115, 5.81506872177, 85.6204681396, 17.1128044128, 106.157279968, 24.7275104523, 0.268781036139, 51.9000396729, 945.178039551, 6.38879871368, 132.04486084, 1135.14233398, 2338.11547852, 711.269165039, 16.4721908569, 4.74748563766, 0.536693811417, 0.225571349263, 0.29861921072, 1.1383497715, 0.142401069403, 0.136127874255, 0.929662525654, 0.754590690136, 0.139210581779, 0.0246841069311, 0.0103539368138, 0.00368732586503, 0.00218256679364, 0.000329533329932, 0.000203882998903, 4.12912959291e-05, 2.34409053519e-05, 1.2275501831e-05, 1.98809198082e-06, 5.28434682678e-08, 1.45057743595e-09, 3.62277118027e-11],
        "dvar2": [2.25822986977e-05, 0.0176865812391, 0.0542141459882, 3.63353228569, 105.483055115, 53.1285552979, 354.487060547, 84.4756088257, 0.754890561104, 127.566627502, 2273.89746094, 17.3405036926, 363.459533691, 1742.46264648, 4150.06347656, 1920.58410645, 35.8627510071, 8.52975749969, 1.44940686226, 0.44813388586, 0.580092847347, 3.5511572361, 0.254446595907, 0.289488792419, 2.28171563148, 2.10387039185, 0.32774618268, 0.0488542951643, 0.0149807510898, 0.00691309990361, 0.00375901139341, 0.000587619782891, 0.000436115573393, 9.22062099562e-05, 3.64351944881e-05, 2.02745486604e-05, 3.34525657308e-06, 9.01421088884e-08, 3.67905395038e-09, 8.46223993656e-11],
        "max": [0.0263036955148, 0.998716890812, 2.61406612396, 69.7134857178, 244.790496826, 47.9789657593, 58.1988945007, 40.306098938, 8.16284751892, 73.6307067871, 272.063690186, 22.9442329407, 111.750236511, 407.45211792, 552.74041748, 284.808410645, 49.7152023315, 30.361951828, 6.79125070572, 4.8856549263, 6.59957313538, 10.6731271744, 4.25174760818, 4.03466939926, 7.96129655838, 9.00546073914, 4.40798997879, 1.83527779579, 1.44182896614, 0.632227659225, 0.530356109142, 0.203063204885, 0.152665823698, 0.0557878836989, 0.058322660625, 0.0404635667801, 0.016898361966, 0.00301970960572, 0.000455996836536, 0.000159187518875],
        "mean": [0.00906849559397, 0.371314376593, 1.03919506073, 13.3054523468, 50.4566116333, 8.27333641052, 7.27802181244, 3.66319322586, 1.34887039661, 7.21693944931, 19.5006980896, 5.09070682526, 10.4943294525, 21.629611969, 19.7594394684, 8.40026187897, 3.71245074272, 2.57703518867, 1.13365232944, 0.464567959309, 0.909634888172, 2.51545858383, 0.8597432971, 1.01124799252, 0.894040286541, 0.698707461357, 0.460283279419, 0.309564322233, 0.146019950509, 0.0589481666684, 0.0343282595277, 0.0186984632164, 0.0144706461579, 0.00969260372221, 0.00686939433217, 0.00451802415773, 0.0023343176581, 0.000748293939978, 0.000260833709035, 6.50083748042e-05],
        "median": [0.0083724046126, 0.36464124918, 0.934488773346, 5.13246870041, 21.1895427704, 3.55379772186, 1.85013961792, 0.816994547844, 0.610348463058, 2.89001083374, 6.37593507767, 4.76877498627, 5.75810480118, 6.93417310715, 2.67965483665, 2.28159093857, 1.09176886082, 1.26722455025, 0.80061841011, 0.240685492754, 0.650628626347, 2.35378980637, 0.687640249729, 0.894817709923, 0.689503490925, 0.502513706684, 0.345046937466, 0.254226744175, 0.107705697417, 0.0290317963809, 0.0171803720295, 0.00931140594184, 0.00745430449024, 0.00613758573309, 0.00433941930532, 0.00273954705335, 0.0015566785587, 0.000625127577223, 0.00025278161047, 5.46235496586e-05],
        "min": [0.000884407781996, 0.0127072921023, 0.0803703665733, 0.127386197448, 0.403752952814, 0.146076843143, 0.097933858633, 0.131472453475, 0.107232131064, 0.237169012427, 1.17202222347, 0.1651134938, 0.402386218309, 0.498523414135, 0.147119253874, 0.206364244223, 0.356940537691, 0.264138191938, 0.165700376034, 0.0954284667969, 0.334276616573, 0.587311267853, 0.130628809333, 0.320020586252, 0.287820696831, 0.216691166162, 0.0966549143195, 0.107910595834, 0.045495506376, 0.0118409395218, 0.00690500950441, 0.00267830002122, 0.00291333207861, 0.00253322068602, 0.00147260236554, 0.000845316099003, 0.000458778638858, 0.000240489040152, 0.000116670606076, 2.53028938459e-05],
        "var": [2.77653653029e-05, 0.0443134531379, 0.393209964037, 253.925018311, 3443.34912109, 91.0673675537, 138.207611084, 48.4575614929, 2.66504526138, 121.763023376, 1725.16503906, 14.3291683197, 198.707901001, 2897.38354492, 5012.76708984, 647.854492188, 47.8822593689, 14.0280942917, 0.983659863472, 0.44656291604, 0.639272868633, 1.14823269844, 0.312215387821, 0.304657012224, 0.915901958942, 0.622553646564, 0.231646031141, 0.0505259148777, 0.025285070762, 0.00774603802711, 0.00370352645405, 0.000733311404474, 0.00040686907596, 8.55430334923e-05, 6.55544790789e-05, 3.16901059705e-05, 5.40031578566e-06, 1.56255310912e-07, 3.07514302911e-09, 7.10343006638e-10]
    },
    "gfcc": {
        "mean": [-80.2167282104, 129.926773071, -88.7601165771, 13.1422605515, -34.3678131104, -10.6863155365, -9.42536258698, -0.782444596291, -34.4686965942, -15.7997989655, -27.240530014, -10.9884986877, -16.4304866791],
        "cov": [[987.528503418, 400.628631592, 91.7737197876, -145.469161987, -101.007164001, 147.683761597, -117.50428772, -151.513397217, -226.803833008, -80.9559555054, -13.5507059097, -7.13130140305, -33.1142349243], [400.628631592, 524.901367188, 125.172744751, -180.384048462, -45.7459144592, -44.2805366516, -34.1622200012, -108.101425171, -119.475654602, -44.6514358521, 23.0994052887, -11.4069185257, -9.16926574707], [91.7737197876, 125.172744751, 169.414855957, 24.7869796753, -36.9566993713, -76.3591537476, -87.1301803589, -37.8825759888, -9.14600086212, 11.463593483, -12.9023218155, -16.8496551514, -15.680975914], [-145.469161987, -180.384048462, 24.7869796753, 130.010314941, 26.8598442078, -25.1072711945, -40.9571228027, 13.5816917419, 52.8025436401, 35.1356544495, -13.8576278687, -10.9377307892, -7.18415355682], [-101.007164001, -45.7459144592, -36.9566993713, 26.8598442078, 59.3300476074, 8.13025569916, 26.2963676453, 1.54117667675, 9.7790927887, 10.6718101501, 2.46359705925, -3.83324074745, -2.06268382072], [147.683761597, -44.2805366516, -76.3591537476, -25.1072711945, 8.13025569916, 130.449676514, 52.6336708069, 13.3904237747, -42.6380882263, -41.1622123718, -10.0907526016, 8.99802494049, 4.99163150787], [-117.50428772, -34.1622200012, -87.1301803589, -40.9571228027, 26.2963676453, 52.6336708069, 126.352584839, 67.0356521606, 12.6042833328, -28.7574806213, -6.23355340958, 15.6159257889, 23.8852119446], [-151.513397217, -108.101425171, -37.8825759888, 13.5816917419, 1.54117667675, 13.3904237747, 67.0356521606, 78.749671936, 46.1380958557, -2.59641575813, -12.0736274719, 8.10831737518, 17.9437484741], [-226.803833008, -119.475654602, -9.14600086212, 52.8025436401, 9.7790927887, -42.6380882263, 12.6042833328, 46.1380958557, 82.5912246704, 34.4795341492, 3.16412496567, 1.24982762337, 1.45825493336], [-80.9559555054, -44.6514358521, 11.463593483, 35.1356544495, 10.6718101501, -41.1622123718, -28.7574806213, -2.59641575813, 34.4795341492, 48.012386322, 16.229511261, -4.04258728027, -12.130437851], [-13.5507059097, 23.0994052887, -12.9023218155, -13.8576278687, 2.46359705925, -10.0907526016, -6.23355340958, -12.0736274719, 3.16412496567, 16.229511261, 32.0847167969, 6.56746721268, -1.04379963875], [-7.13130140305, -11.4069185257, -16.8496551514, -10.9377307892, -3.83324074745, 8.99802494049, 15.6159257889, 8.10831737518, 1.24982762337, -4.04258728027, 6.56746721268, 19.3563976288, 10.5461845398], [-33.1142349243, -9.16926574707, -15.680975914, -7.18415355682, -2.06268382072, 4.99163150787, 23.8852119446, 17.9437484741, 1.45825493336, -12.130437851, -1.04379963875, 10.5461845398, 25.8063087463]],
        "icov": [[0.0159132126719, -0.0198777560145, 0.012289930135, -0.0156787931919, 0.0188756007701, -0.0250096227974, 0.0212325174361, -0.0136490222067, 0.0226650033146, -0.0186501089483, 0.0201434604824, -0.018155189231, 0.0108315255493], [-0.0198777560145, 0.0446540154517, -0.0340780764818, 0.0437107793987, -0.0263343583792, 0.0350107960403, -0.038993794471, 0.0387531109154, -0.0268116220832, 0.0281013287604, -0.0354345478117, 0.03846636042, -0.0203402396291], [0.012289930135, -0.0340780764818, 0.0419483669102, -0.0386438332498, 0.0236193332821, -0.0133465053514, 0.031766757369, -0.0327948704362, 0.0233654938638, -0.0164250191301, 0.0300650969148, -0.0278152506799, 0.0198062881827], [-0.0156787931919, 0.0437107793987, -0.0386438332498, 0.074643202126, -0.0452763065696, 0.0197596661747, -0.00994134228677, 0.0271139517426, -0.037860698998, 0.0206557251513, -0.0182029269636, 0.0349877588451, -0.0275681763887], [0.0188756007701, -0.0263343583792, 0.0236193332821, -0.0452763065696, 0.0730089917779, -0.0259841755033, -0.0121175600216, 0.0138347120956, 0.0328732207417, -0.0396867282689, 0.0251169968396, -0.00928732566535, 0.0133679108694], [-0.0250096227974, 0.0350107960403, -0.0133465053514, 0.0197596661747, -0.0259841755033, 0.0631338655949, -0.0399141944945, 0.0171804353595, -0.0162141527981, 0.0414623133838, -0.0366733558476, 0.0252268314362, -0.00293988687918], [0.0212325174361, -0.038993794471, 0.031766757369, -0.00994134228677, -0.0121175600216, -0.0399141944945, 0.0979096665978, -0.0808622539043, 0.0244926232845, -0.0061255581677, 0.0332122929394, -0.0461382605135, 0.0182171054184], [-0.0136490222067, 0.0387531109154, -0.0327948704362, 0.0271139517426, 0.0138347120956, 0.0171804353595, -0.0808622539043, 0.115914024413, -0.0480931438506, 0.00217023165897, -0.00948273111135, 0.0438591055572, -0.0386662147939], [0.0226650033146, -0.0268116220832, 0.0233654938638, -0.037860698998, 0.0328732207417, -0.0162141527981, 0.0244926232845, -0.0480931438506, 0.0886966586113, -0.0389742404222, 0.0191586986184, -0.0306237470359, 0.0297072511166], [-0.0186501089483, 0.0281013287604, -0.0164250191301, 0.0206557251513, -0.0396867282689, 0.0414623133838, -0.0061255581677, 0.00217023165897, -0.0389742404222, 0.0981391891837, -0.0596719756722, 0.0205023493618, 0.0123326033354], [0.0201434604824, -0.0354345478117, 0.0300650969148, -0.0182029269636, 0.0251169968396, -0.0366733558476, 0.0332122929394, -0.00948273111135, 0.0191586986184, -0.0596719756722, 0.097211048007, -0.0483008138835, 0.00595272891223], [-0.018155189231, 0.03846636042, -0.0278152506799, 0.0349877588451, -0.00928732566535, 0.0252268314362, -0.0461382605135, 0.0438591055572, -0.0306237470359, 0.0205023493618, -0.0483008138835, 0.117788687348, -0.0489272661507], [0.0108315255493, -0.0203402396291, 0.0198062881827, -0.0275681763887, 0.0133679108694, -0.00293988687918, 0.0182171054184, -0.0386662147939, 0.0297072511166, 0.0123326033354, 0.00595272891223, -0.0489272661507, 0.0857982113957]]
    },
    "melbands": {
        "dmean": [6.42545128358e-05, 0.000113801987027, 0.000453951215604, 0.000267363560852, 0.000213052393519, 4.4949567382e-05, 5.81009089728e-06, 7.45607685531e-05, 8.16066749394e-05, 9.70905239228e-06, 3.48150424543e-05, 5.73028082727e-05, 5.32891062903e-05, 2.3760352633e-05, 5.82604570809e-06, 3.00975398204e-06, 1.8675799538e-06, 1.0412455822e-06, 3.00313303114e-07, 3.87057639273e-07, 4.26954471777e-07, 9.97890651888e-07, 4.56102611679e-07, 2.40183993583e-07, 2.69587957291e-07, 3.4640299873e-07, 3.04860037659e-07, 1.82138364835e-07, 1.1351929885e-07, 1.12608439906e-07, 5.43246549967e-08, 3.87785199507e-08, 2.11916777459e-08, 1.41558533784e-08, 1.18714735819e-08, 6.87685597356e-09, 5.21457943492e-09, 4.9656549983e-09, 3.86466947333e-09, 2.83586087946e-09],
        "dmean2": [0.000103032689367, 0.0001808097295, 0.000487756828079, 0.000418970768806, 0.000384300743463, 8.19945125841e-05, 9.13621352083e-06, 0.000121324170323, 0.0001302852761, 1.6511650756e-05, 6.34638417978e-05, 8.70222575031e-05, 6.94916743669e-05, 4.0946455556e-05, 1.01893765532e-05, 4.57029955214e-06, 2.85370720121e-06, 1.73531236669e-06, 4.86270153033e-07, 6.13352540313e-07, 6.94356231179e-07, 1.72485090388e-06, 7.99517238192e-07, 3.77310982458e-07, 4.59891737137e-07, 6.07059689628e-07, 5.37756136509e-07, 3.13840473609e-07, 1.94521618369e-07, 1.97741599095e-07, 9.03590802181e-08, 6.16207316284e-08, 3.19290052175e-08, 2.20003624207e-08, 1.87904678484e-08, 9.41121225395e-09, 8.05236233248e-09, 7.12144432313e-09, 6.21009021984e-09, 4.40663905366e-09],
        "dvar": [3.37004313344e-09, 9.56615942016e-09, 5.73647866986e-07, 1.452497429e-07, 1.34902307991e-07, 9.3390744027e-09, 4.1401347628e-11, 2.12179056547e-08, 4.03140880678e-08, 2.46105191781e-10, 4.17225720639e-09, 1.75093326504e-08, 4.16755625565e-08, 1.44177443318e-08, 4.43865638688e-10, 4.05600414366e-11, 1.35435421558e-11, 2.37281787101e-12, 3.94739416935e-13, 5.68948208858e-13, 3.94705671142e-13, 1.53808660686e-12, 2.28277032693e-13, 1.78131123675e-13, 8.63735081721e-14, 4.23952593951e-13, 9.10748690006e-13, 1.92899149887e-13, 4.46985520429e-14, 5.74785444935e-14, 3.98392798785e-15, 3.76431055584e-15, 2.21074286332e-15, 1.00634544507e-15, 1.15227323414e-15, 1.92310426519e-16, 1.28720063279e-16, 1.35986719228e-16, 6.44293162874e-17, 2.02898106749e-17],
        "dvar2": [8.45196446164e-09, 2.12314006376e-08, 4.03630025403e-07, 2.47480755888e-07, 4.45078256917e-07, 3.19622976974e-08, 1.08130539245e-10, 5.11978903717e-08, 9.61855661785e-08, 7.12277070658e-10, 1.17016218937e-08, 2.92562365445e-08, 5.49293339702e-08, 3.75742104097e-08, 1.22209919962e-09, 7.29706503555e-11, 2.44731977739e-11, 6.89988647815e-12, 9.64112687254e-13, 1.05149569607e-12, 7.94808825959e-13, 4.78970509088e-12, 6.03476307554e-13, 3.56728210339e-13, 2.00386080884e-13, 9.61782303105e-13, 2.52590092939e-12, 5.29421070785e-13, 9.82089775714e-14, 1.43069041857e-13, 8.00634345876e-15, 5.54374932462e-15, 4.05402462292e-15, 1.92502488593e-15, 2.19563687774e-15, 2.96991403587e-16, 2.8705996875e-16, 2.9441131476e-16, 1.5183424245e-16, 4.14177439075e-17],
        "max": [0.000605672597885, 0.00128435378429, 0.0215318910778, 0.0091905221343, 0.00206809933297, 0.000785224081483, 0.00011591243674, 0.00130007276312, 0.00180053850636, 0.000145231257193, 0.00062349770451, 0.0015539128799, 0.00264321523719, 0.00126410031226, 0.000230365563766, 8.71875163284e-05, 5.04506533616e-05, 1.36155376822e-05, 4.79135042042e-06, 9.02201918507e-06, 7.61264436733e-06, 1.26321347125e-05, 4.35412312072e-06, 4.74517401017e-06, 3.0481273825e-06, 7.10714630259e-06, 9.38773428061e-06, 4.56127145299e-06, 2.56727071246e-06, 2.68191047326e-06, 6.89076500748e-07, 8.39573317535e-07, 5.45642024008e-07, 3.29057371573e-07, 3.92013788542e-07, 1.80172406772e-07, 1.12065329461e-07, 1.2897730528e-07, 6.96584834259e-08, 4.02304287661e-08],
        "mean": [0.00021561444737, 0.000493272789754, 0.00431393412873, 0.00195101392455, 0.000271733093541, 7.29314269847e-05, 1.84614909813e-05, 0.000121759541798, 0.000140073723742, 2.535816202e-05, 5.67485185456e-05, 9.13128387765e-05, 9.25750282477e-05, 2.96381222142e-05, 1.07576397568e-05, 7.38929793442e-06, 4.36588061348e-06, 2.10337611861e-06, 5.1041166671e-07, 7.93703463842e-07, 1.03853403743e-06, 2.78011657429e-06, 1.24208531815e-06, 6.47215074423e-07, 8.34843831399e-07, 8.00966233783e-07, 5.85991188018e-07, 4.12918922166e-07, 2.70026362159e-07, 2.71057103873e-07, 1.50303165469e-07, 9.19064220284e-08, 4.54997710619e-08, 2.76326890258e-08, 2.11519548543e-08, 1.38030502583e-08, 1.04217408037e-08, 1.02878390251e-08, 9.14181974565e-09, 7.74865149822e-09],
        "median": [0.000203205869184, 0.000480254297145, 0.00173190119676, 0.000852156081237, 7.52575579099e-05, 1.68559017766e-05, 8.94921049621e-06, 4.20746873715e-05, 5.58520841878e-05, 2.16218340938e-05, 3.08164926537e-05, 3.15787510772e-05, 9.52697064349e-06, 6.52993549011e-06, 3.33734578817e-06, 2.59205808106e-06, 2.28008912018e-06, 1.52879533744e-06, 2.50914268918e-07, 4.62070715912e-07, 7.84106759966e-07, 2.62450521404e-06, 1.10732230496e-06, 5.25643940819e-07, 7.46242903915e-07, 6.66266373628e-07, 4.20489755015e-07, 3.04635079829e-07, 2.06430271987e-07, 2.03629795692e-07, 1.22371915268e-07, 7.16315184945e-08, 2.46594069608e-08, 1.21190755209e-08, 1.03536148544e-08, 7.2450152544e-09, 5.06747532825e-09, 4.95062790762e-09, 5.17042098025e-09, 5.13986053718e-09],
        "min": [1.38005489134e-05, 3.21923871525e-05, 3.62911050615e-05, 1.98594570975e-05, 2.93889752356e-06, 2.64520440396e-06, 1.37462870953e-06, 3.35945151164e-06, 9.8256750789e-06, 6.24624817647e-07, 1.90836885849e-06, 2.08888582165e-06, 4.34369013647e-07, 3.07598412519e-07, 6.5150663886e-07, 7.56163785809e-07, 4.36919719959e-07, 2.94231995213e-07, 7.07974479042e-08, 1.85989691204e-07, 3.20821641253e-07, 6.80478649429e-07, 1.79687830837e-07, 1.03752789471e-07, 2.57075782883e-07, 1.84200203535e-07, 2.02338270583e-07, 9.54592067615e-08, 5.59725670257e-08, 6.79337688325e-08, 4.23734292099e-08, 2.52271199486e-08, 8.11643818821e-09, 4.53282478219e-09, 3.93441235147e-09, 2.43253039933e-09, 1.31857347263e-09, 2.05117167695e-09, 1.99766070352e-09, 1.81848280878e-09],
        "var": [1.5251242047e-08, 6.99734101772e-08, 2.60210108536e-05, 4.9996801863e-06, 1.80980393338e-07, 1.90296987057e-08, 4.47590409181e-10, 4.59926070562e-08, 7.55404414576e-08, 4.20624368669e-10, 6.02403948946e-09, 4.20631565134e-08, 1.15376323606e-07, 1.2021272866e-08, 5.0956666664e-10, 1.54088478088e-10, 3.74897612954e-11, 3.35411386165e-12, 6.19845483534e-13, 1.17404848864e-12, 8.38457450171e-13, 1.46783561868e-12, 3.38257254238e-13, 3.39013702094e-13, 1.76776589244e-13, 5.21546998297e-13, 6.5701838501e-13, 1.80080478524e-13, 8.19126464249e-14, 8.47424954102e-14, 8.82268840234e-15, 8.71224038821e-15, 4.56041098846e-15, 2.04862435711e-15, 1.72457295077e-15, 4.11733874754e-16, 2.45531769761e-16, 2.41465191051e-16, 1.21858209668e-16, 4.50635490748e-17]
    },
    "mfcc": {
        "mean": [-740.535644531, 179.346878052, 0.163848951459, 38.920841217, -7.582426548, 2.48439145088, 17.6840858459, 10.0023736954, 5.6078081131, -7.81621313095, -2.73459100723, -3.84017443657, -13.8249130249],
        "cov": [[949.987426758, 301.927703857, 111.930671692, -226.518997192, -4.92558479309, 117.224182129, 89.2704315186, -10.2070026398, -146.319747925, -93.2021331787, -146.999420166, -78.7718582153, 13.7290496826], [301.927703857, 585.305603027, 93.34715271, -88.8408966064, -62.6500358582, -16.0704784393, 50.7511787415, -57.5107841492, -98.1982574463, -113.717399597, -67.1609115601, -6.57126426697, 17.5576934814], [111.930671692, 93.34715271, 164.288635254, 35.8365974426, 23.3718357086, -23.0616340637, -59.7918510437, -53.0800056458, -43.2138595581, -21.8673839569, -19.9926357269, -19.062374115, -7.51629543304], [-226.518997192, -88.8408966064, 35.8365974426, 143.570556641, 49.0439376831, -31.5196456909, -76.2716369629, -57.7553787231, 11.730682373, 20.8816127777, 43.5020675659, 17.3720684052, -12.5674352646], [-4.92558479309, -62.6500358582, 23.3718357086, 49.0439376831, 59.5997886658, 19.175786972, -33.4631919861, -42.9087409973, -21.2458896637, 3.4205429554, 10.7172079086, 1.8974326849, -6.82296657562], [117.224182129, -16.0704784393, -23.0616340637, -31.5196456909, 19.175786972, 58.8708190918, 31.4982719421, 10.5705852509, -16.1414070129, -5.44559383392, -14.1228132248, -7.79240083694, -3.22748804092], [89.2704315186, 50.7511787415, -59.7918510437, -76.2716369629, -33.4631919861, 31.4982719421, 96.8599243164, 61.4592590332, 16.9993915558, -7.58278274536, -23.0837402344, -11.3307285309, -1.59026288986], [-10.2070026398, -57.5107841492, -53.0800056458, -57.7553787231, -42.9087409973, 10.5705852509, 61.4592590332, 105.384902954, 59.7566070557, 25.7769851685, -9.66788387299, -16.3231487274, -7.75554132462], [-146.319747925, -98.1982574463, -43.2138595581, 11.730682373, -21.2458896637, -16.1414070129, 16.9993915558, 59.7566070557, 76.4144439697, 40.064666748, 20.2332839966, -2.30309605598, -11.9407491684], [-93.2021331787, -113.717399597, -21.8673839569, 20.8816127777, 3.4205429554, -5.44559383392, -7.58278274536, 25.7769851685, 40.064666748, 46.0551147461, 24.0419425964, 2.13931107521, -5.68119001389], [-146.999420166, -67.1609115601, -19.9926357269, 43.5020675659, 10.7172079086, -14.1228132248, -23.0837402344, -9.66788387299, 20.2332839966, 24.0419425964, 47.7343559265, 25.5095329285, 0.749467670918], [-78.7718582153, -6.57126426697, -19.062374115, 17.3720684052, 1.8974326849, -7.79240083694, -11.3307285309, -16.3231487274, -2.30309605598, 2.13931107521, 25.5095329285, 38.5932273865, 11.8022279739], [13.7290496826, 17.5576934814, -7.51629543304, -12.5674352646, -6.82296657562, -3.22748804092, -1.59026288986, -7.75554132462, -11.9407491684, -5.68119001389, 0.749467670918, 11.8022279739, 23.8279209137]],
