{
"lowlevel": {
    "average_loudness": 0.943574428558,
    "barkbands_crest": {
        "dmean": 2.02450275421,
        "dmean2": 3.110850811,
        "dvar": 2.86693549156,
        "dvar2": 5.51894664764,
        "max": 20.9227771759,
        "mean": 8.62892532349,
        "median": 8.2887134552,
        "min": 3.65726971626,
        "var": 10.2285661697
    },
    "barkbands_flatness_db": {
        "dmean": 0.0148564437404,
        "dmean2": 0.0221665091813,
        "dvar": 0.000173682899913,
        "dvar2": 0.000355029478669,
        "max": 0.238615617156,
        "mean": 0.13202701509,
        "median": 0.130163624883,
        "min": 0.0757841095328,
        "var": 0.00128300581127
    },
    "barkbands_kurtosis": {
        "dmean": 1.50039660931,
        "dmean2": 2.23279285431,
        "dvar": 5.684445858,
        "dvar2": 12.525677681,
        "max": 24.867061615,
        "mean": 1.68875086308,
        "median": 0.0534462928772,
        "min": -1.59404325485,
        "var": 19.9724769592
    },
    "barkbands_skewness": {
        "dmean": 0.424819141626,
        "dmean2": 0.641568958759,
        "dvar": 0.163752049208,
        "dvar2": 0.365810126066,
        "max": 4.25241041183,
        "mean": 1.1005371809,
        "median": 0.919885277748,
        "min": -1.12700605392,
        "var": 1.04792690277
    },
    "barkbands_spread": {
        "dmean": 3.49274611473,
        "dmean2": 5.51886415482,
        "dvar": 8.6291847229,
        "dvar2": 15.7429838181,
        "max": 42.0662193298,
        "mean": 22.636724472,
        "median": 22.5647506714,
        "min": 3.98453354836,
        "var": 88.7504425049
    },
    "dissonance": {
        "dmean": 0.0128908827901,
        "dmean2": 0.0214452501386,
        "dvar": 0.000297950173263,
        "dvar2": 0.000626446504612,
        "max": 0.49705606699,
        "mean": 0.472587734461,
        "median": 0.480077058077,
        "min": 0.363974809647,
        "var": 0.000470181315904
    },
    "dynamic_complexity": 3.03930020332,
    "erbbands_crest": {
        "dmean": 1.84925127029,
        "dmean2": 2.84531092644,
        "dvar": 2.88859820366,
        "dvar2": 7.52784490585,
        "max": 19.2040157318,
        "mean": 9.51376819611,
        "median": 9.07931232452,
        "min": 4.20228242874,
        "var": 11.0863656998
    },
    "erbbands_flatness_db": {
        "dmean": 0.0127207674086,
        "dmean2": 0.0188312288374,
        "dvar": 0.0002405000414,
        "dvar2": 0.000479065376567,
        "max": 0.277375996113,
        "mean": 0.184340178967,
        "median": 0.174496203661,
        "min": 0.145806223154,
        "var": 0.000926686741877
    },
    "erbbands_kurtosis": {
        "dmean": 0.640249788761,
        "dmean2": 1.05446434021,
        "dvar": 0.847418963909,
        "dvar2": 2.09789133072,
        "max": 5.98092556,
        "mean": -0.401223361492,
        "median": -0.843948364258,
        "min": -1.72399902344,
        "var": 1.90800905228
    },
    "erbbands_skewness": {
        "dmean": 0.306774824858,
        "dmean2": 0.461356669664,
        "dvar": 0.0789366364479,
        "dvar2": 0.15363791585,
        "max": 2.15493249893,
        "mean": -0.0597542338073,
        "median": -0.145583808422,
        "min": -1.96590042114,
        "var": 0.546390116215
    },
    "erbbands_spread": {
        "dmean": 5.55769777298,
        "dmean2": 9.06546592712,
        "dvar": 33.229347229,
        "dvar2": 74.9184646606,
        "max": 60.3183097839,
        "mean": 38.27394104,
        "median": 40.1028251648,
        "min": 7.68106603622,
        "var": 157.89642334
    },
    "hfc": {
        "dmean": 6.7529964447,
        "dmean2": 10.9588031769,
        "dvar": 349.321655273,
        "dvar2": 797.661437988,
        "max": 136.73500061,
        "mean": 14.573102951,
        "median": 7.64865350723,
        "min": 0.158712550998,
        "var": 419.043884277
    },
    "melbands_crest": {
        "dmean": 3.52039217949,
        "dmean2": 5.55544281006,
        "dvar": 7.96376371384,
        "dvar2": 17.6222267151,
        "max": 24.8873710632,
        "mean": 15.1787481308,
        "median": 15.2086420059,
        "min": 5.64400815964,
        "var": 23.9390506744
    },
    "melbands_flatness_db": {
        "dmean": 0.0169723033905,
        "dmean2": 0.0253644380718,
        "dvar": 0.000185652286746,
        "dvar2": 0.000385261984775,
        "max": 0.333443105221,
        "mean": 0.201681211591,
        "median": 0.197487682104,
        "min": 0.126556441188,
        "var": 0.00194690714125
    },
    "melbands_kurtosis": {
        "dmean": 3.22717785835,
        "dmean2": 4.70753192902,
        "dvar": 16.9093914032,
        "dvar2": 38.5449829102,
        "max": 40.3795852661,
        "mean": 6.45470809937,
        "median": 3.67146444321,
        "min": -1.60963475704,
        "var": 58.8721656799
    },
    "melbands_skewness": {
        "dmean": 0.52175873518,
        "dmean2": 0.781102001667,
        "dvar": 0.234619796276,
        "dvar2": 0.539961755276,
        "max": 4.67744827271,
        "mean": 2.06381320953,
        "median": 2.02577924728,
        "min": -0.677832305431,
        "var": 1.26191163063
    },
    "melbands_spread": {
        "dmean": 6.4293422699,
        "dmean2": 9.68373012543,
        "dvar": 36.6229629517,
        "dvar2": 88.9880828857,
        "max": 65.3206100464,
        "mean": 28.1769256592,
        "median": 26.1700077057,
        "min": 4.00552415848,
        "var": 199.623565674
    },
    "pitch_salience": {
        "dmean": 0.0561420060694,
        "dmean2": 0.0856450349092,
        "dvar": 0.0030878232792,
        "dvar2": 0.0066924826242,
        "max": 0.829753756523,
        "mean": 0.550979733467,
        "median": 0.552618384361,
        "min": 0.310228407383,
        "var": 0.0112165650353
    },
    "silence_rate_20dB": {
        "dmean": 0,
        "dmean2": 0,
        "dvar": 0,
        "dvar2": 0,
        "max": 1,
        "mean": 1,
        "median": 1,
        "min": 1,
        "var": 0
    },
    "silence_rate_30dB": {
        "dmean": 0,
        "dmean2": 0,
        "dvar": 0,
        "dvar2": 0,
        "max": 1,
        "mean": 1,
        "median": 1,
        "min": 1,
        "var": 0
    },
    "silence_rate_60dB": {
        "dmean": 0.0599999986589,
        "dmean2": 0.114093959332,
        "dvar": 0.0564000271261,
        "dvar2": 0.114499390125,
        "max": 1,
        "mean": 0.0794702023268,
        "median": 0,
        "min": 0,
        "var": 0.0731546282768
    },
    "spectral_centroid": {
        "dmean": 206.547210693,
        "dmean2": 311.723968506,
        "dvar": 26249.9746094,
        "dvar2": 54660.046875,
        "max": 2615.6159668,
        "mean": 1590.36047363,
        "median": 1560.02099609,
        "min": 497.525024414,
        "var": 277149.0625
    },
    "spectral_complexity": {
        "dmean": 3.19333338737,
        "dmean2": 5.32885885239,
        "dvar": 12.6359548569,
        "dvar2": 28.1401767731,
        "max": 38,
        "mean": 16.6291389465,
        "median": 16,
        "min": 0,
        "var": 25.9551792145
    },
    "spectral_decrease": {
        "dmean": 1.53368417966e-09,
        "dmean2": 2.15367590428e-09,
        "dvar": 7.05969287902e-18,
        "dvar2": 1.66146356328e-17,
        "max": -3.66471922253e-11,
        "mean": -4.03204669652e-09,
        "median": -2.42790632043e-09,
        "min": -2.15052136099e-08,
        "var": 1.81871837323e-17
    },
    "spectral_energy": {
        "dmean": 0.0063779479824,
        "dmean2": 0.00907400436699,
        "dvar": 0.000129979933263,
        "dvar2": 0.000302614847897,
        "max": 0.093567751348,
        "mean": 0.0165397021919,
        "median": 0.00985723733902,
        "min": 0.000152710883413,
        "var": 0.00030689444975
    },
    "spectral_energyband_high": {
        "dmean": 5.86313763051e-05,
        "dmean2": 0.000105789891677,
        "dvar": 4.84823949876e-08,
        "dvar2": 1.41729628922e-07,
        "max": 0.002045547124,
        "mean": 0.000156828740728,
        "median": 0.000136521543027,
        "min": 3.73413581656e-06,
        "var": 2.72628959408e-08
    },
    "spectral_energyband_low": {
        "dmean": 0.000373602495529,
        "dmean2": 0.000496710417792,
        "dvar": 1.98947986974e-07,
        "dvar2": 3.47697209691e-07,
        "max": 0.00819599535316,
        "mean": 0.00149890582543,
        "median": 0.000631620874628,
        "min": 1.35729078465e-05,
        "var": 3.47442528437e-06
    },
    "spectral_energyband_middle_high": {
        "dmean": 0.0029677527491,
        "dmean2": 0.00461018551141,
        "dvar": 6.16900142631e-05,
        "dvar2": 0.000139406445669,
        "max": 0.0613994561136,
        "mean": 0.00533575192094,
        "median": 0.00173238408752,
        "min": 4.05369391956e-05,
        "var": 9.21763130464e-05
    },
    "spectral_energyband_middle_low": {
        "dmean": 0.00380394142121,
        "dmean2": 0.00553828477859,
        "dvar": 5.16417821927e-05,
        "dvar2": 0.000128757907078,
        "max": 0.0763086900115,
        "mean": 0.0105336010456,
        "median": 0.00519399624318,
        "min": 9.55618306762e-05,
        "var": 0.000173418084159
    },
    "spectral_entropy": {
        "dmean": 0.0927203223109,
        "dmean2": 0.139644905925,
        "dvar": 0.0107571985573,
        "dvar2": 0.0225053690374,
        "max": 7.95717763901,
        "mean": 7.45884609222,
        "median": 7.50784778595,
        "min": 6.71300649643,
        "var": 0.0504631958902
    },
    "spectral_flux": {
        "dmean": 0.0154105443507,
        "dmean2": 0.0244891010225,
        "dvar": 0.000733135850169,
        "dvar2": 0.00163604982663,
        "max": 0.210427299142,
        "mean": 0.0491842515767,
        "median": 0.0330539867282,
        "min": 0.0197678282857,
        "var": 0.00146411545575
    },
    "spectral_kurtosis": {
        "dmean": 1.36217808723,
        "dmean2": 2.41362571716,
        "dvar": 1.85816431046,
        "dvar2": 5.30938386917,
        "max": 14.2804279327,
        "mean": 7.72980594635,
        "median": 7.43481826782,
        "min": 4.85813045502,
        "var": 2.57518720627
    },
    "spectral_rms": {
        "dmean": 0.00060549529735,
        "dmean2": 0.000849801523145,
        "dvar": 7.89965781678e-07,
        "dvar2": 1.69668555827e-06,
        "max": 0.00955435074866,
        "mean": 0.00360033358447,
        "median": 0.0031010992825,
        "min": 0.000385987339541,
        "var": 3.17388094118e-06
    },
    "spectral_rolloff": {
        "dmean": 280.075164795,
        "dmean2": 446.561035156,
        "dvar": 146983.140625,
        "dvar2": 361796.3125,
        "max": 3337.64648438,
        "mean": 1868.53955078,
        "median": 2260.98632812,
        "min": 322.998046875,
        "var": 913485.0625
    },
    "spectral_skewness": {
        "dmean": 0.157227382064,
        "dmean2": 0.262854963541,
        "dvar": 0.0205572023988,
        "dvar2": 0.0486695989966,
        "max": 2.44692993164,
        "mean": 1.38859188557,
        "median": 1.32485854626,
        "min": 0.941357016563,
        "var": 0.0449336357415
    },
    "spectral_spread": {
        "dmean": 188878.640625,
        "dmean2": 292608.03125,
        "dvar": 46453649408,
        "dvar2": 89530859520,
        "max": 4333083,
        "mean": 2945617.75,
        "median": 2977197.25,
        "min": 1739263.5,
        "var": 96886218752
    },
    "spectral_strongpeak": {
        "dmean": 0.566865563393,
        "dmean2": 0.930199921131,
        "dvar": 1.23627543449,
        "dvar2": 3.13960933685,
        "max": 9.7799539566,
        "mean": 1.33703804016,
        "median": 0.785777747631,
        "min": 0.014689928852,
        "var": 2.42618751526
    },
    "zerocrossingrate": {
        "dmean": 0.00663085933775,
        "dmean2": 0.00793047435582,
        "dvar": 4.25538055424e-05,
        "dvar2": 4.83002550027e-05,
        "max": 0.123046875,
        "mean": 0.0616398490965,
        "median": 0.06103515625,
        "min": 0.0205078125,
        "var": 0.000428603088949
    },
    "barkbands": {
        "dmean": [4.47611591881e-06, 0.000121538592794, 0.000114827824291, 0.000313338648994, 0.0011456127977, 0.00250048260204, 9.98756222543e-05, 0.000465538440039, 7.34257337172e-05, 0.000165316232597, 7.84902877058e-05, 0.00116257066838, 5.99996128585e-05, 7.68520039856e-05, 0.000183064868907, 0.000911388371605, 0.00040691086906, 0.000603684573434, 0.000106155697722, 5.23766502738e-05, 3.78301519959e-05, 6.13355314272e-06, 4.73102346632e-07, 3.35159569431e-07, 3.45199367757e-07, 6.49377739137e-07, 1.56086412062e-06],
        "dmean2": [6.9924917625e-06, 0.000196196517209, 0.000171795982169, 0.000413651141571, 0.00173366628587, 0.00376128475182, 0.000150924941408, 0.000717608141713, 0.000116855691886, 0.000282344641164, 0.000123883597553, 0.00151132314932, 0.000101633224403, 0.000104524100607, 0.000309280439978, 0.00136059767101, 0.000697230745573, 0.00107868330088, 0.000176951594767, 9.58249656833e-05, 6.88461077516e-05, 1.05929730125e-05, 8.10386666217e-07, 5.60175124065e-07, 5.65492996429e-07, 1.07056803245e-06, 2.55422673945e-06],
        "dvar": [2.80180711965e-10, 3.3451577508e-08, 1.53728709762e-08, 3.6679830373e-07, 3.93428626921e-06, 2.43922531808e-05, 2.70934741309e-08, 4.10247025684e-07, 1.4348366939e-08, 8.82521646872e-08, 2.20292690756e-08, 6.98207395544e-06, 5.18062144295e-08, 3.39475967337e-08, 4.46937008292e-07, 8.19126944407e-06, 1.99138435164e-06, 4.45756950285e-06, 3.21703801376e-08, 3.9990457168e-08, 1.49751038236e-08, 2.91711169109e-11, 1.62906865189e-13, 1.9231172915e-13, 1.08637403272e-13, 4.5291738025e-13, 1.97476193384e-12],
        "dvar2": [2.98969515811e-10, 6.82859706558e-08, 3.05923109067e-08, 5.32054571067e-07, 1.06589541247e-05, 6.33651943645e-05, 6.16268849285e-08, 8.632770232e-07, 2.55010377259e-08, 2.5152266403e-07, 5.23969241328e-08, 1.08791937237e-05, 1.48258308741e-07, 5.49060246158e-08, 1.16122714644e-06, 1.93745672732e-05, 5.35082654096e-06, 1.02499370769e-05, 8.34171416386e-08, 1.17113827969e-07, 4.33806484068e-08, 7.78216935338e-11, 4.87555688097e-13, 4.74645767568e-13, 2.62056164529e-13, 1.05006379026e-12, 4.02155782633e-12],
        "max": [0.000206075186725, 0.00175120751373, 0.00198696623556, 0.00903056375682, 0.0264922119677, 0.036906067282, 0.00154626241419, 0.00953475385904, 0.00110737746581, 0.00239452347159, 0.0013909463305, 0.0308121759444, 0.00206695171073, 0.00173450342845, 0.00590216275305, 0.0177530683577, 0.0129394866526, 0.0147189516574, 0.00155056046788, 0.00191042211372, 0.0010381238535, 5.18925589859e-05, 3.7003030684e-06, 4.63461492473e-06, 3.48437629327e-06, 6.76464014759e-06, 1.8035305402e-05],
        "mean": [5.30079569216e-06, 0.000191370098037, 0.000323935702909, 0.00138541404158, 0.00255834101699, 0.00447498075664, 0.000231084719417, 0.00173486268613, 0.000121799843328, 0.000239656015765, 0.000102390804386, 0.0021481255535, 7.36699366826e-05, 0.000100574157841, 0.000158890208695, 0.000864492845722, 0.000587501097471, 0.000709432701115, 0.000286494003376, 0.000130006039399, 6.82221943862e-05, 1.67278867593e-05, 1.75610136921e-06, 1.32485740778e-06, 1.65581730016e-06, 2.61563172899e-06, 1.21200791909e-05],
        "median": [2.49189133683e-06, 9.91697525023e-05, 0.000149094150402, 0.000383389880881, 0.00130421516951, 0.00223704078235, 0.000156839436386, 0.000673025730066, 5.64369147469e-05, 0.000133747540531, 6.34115713183e-05, 0.000105695566162, 3.78968434234e-05, 2.25545518333e-05, 1.98022971745e-05, 0.000144528559758, 0.000389539403841, 0.000307484151563, 0.000251176505117, 0.000114878974273, 5.3161958931e-05, 1.57415379363e-05, 1.65668200225e-06, 1.23023176002e-06, 1.59056730809e-06, 2.45541082222e-06, 1.22149049275e-05],
        "min": [1.51314782926e-08, 5.00000442116e-06, 5.20445428265e-06, 2.29523152484e-06, 2.55170671153e-05, 2.63405454461e-05, 1.0207520063e-05, 2.31640533457e-05, 7.33063507141e-06, 7.68362679082e-06, 2.01590273718e-06, 7.18561807389e-07, 1.26384156829e-06, 7.82380482178e-07, 3.596753686e-07, 4.97753899253e-06, 9.03397540242e-06, 5.64228503208e-06, 6.30001022728e-06, 2.45656951847e-06, 2.13674002225e-06, 7.22414483789e-07, 6.04395467008e-08, 3.65393972857e-08, 5.52340502225e-08, 6.84005456719e-08, 2.56664520748e-07],
        "var": [2.84822027075e-10, 7.22528312735e-08, 1.58591348054e-07, 4.29346437159e-06, 1.17235722428e-05, 3.76214447897e-05, 4.91810858705e-08, 4.67504423796e-06, 2.76409863886e-08, 9.39964479585e-08, 2.53936249806e-08, 2.25270723604e-05, 3.27801004119e-08, 6.11678458995e-08, 3.89895859598e-07, 8.09196808405e-06, 1.37873382755e-06, 3.92705305785e-06, 2.96370323838e-08, 2.22432205987e-08, 8.52999004763e-09, 3.25148311053e-11, 2.40698357513e-13, 2.20532522365e-13, 2.05651264789e-13, 6.82472145203e-13, 2.86234360866e-12]
    },
    "erbbands": {
        "dmean": [0.00182296219282, 0.032429985702, 0.105667091906, 0.720867097378, 0.90940195322, 2.57169008255, 30.8678474426, 8.10758399963, 1.61838257313, 2.49958992004, 11.5650548935, 1.97283506393, 2.42984390259, 6.5458817482, 26.8935890198, 24.6736354828, 2.66636037827, 4.52540588379, 4.17817401886, 18.876958847, 48.6473464966, 27.9242286682, 30.3754367828, 14.2100305557, 4.99587059021, 2.82248973846, 1.68028187752, 1.17646336555, 0.250546455383, 0.0280505176634, 0.0131959505379, 0.00827919319272, 0.0057580769062, 0.00432345364243, 0.00299100810662, 0.00164307723753, 0.00157195213251, 0.000667122076266, 0.000198445850401, 3.4394000977e-05],
        "dmean2": [0.00293930666521, 0.0527825839818, 0.162980899215, 0.902677178383, 1.57920110226, 3.77814078331, 46.4967536926, 12.5090904236, 2.244181633, 4.12813043594, 17.0517978668, 2.90356731415, 4.4166469574, 10.6181030273, 34.975151062, 32.7238578796, 4.28854990005, 6.24444580078, 7.1636838913, 28.2296466827, 77.6740570068, 45.9501724243, 51.0101928711, 24.2752685547, 8.60172080994, 5.077937603, 3.02675056458, 2.11216378212, 0.435750305653, 0.0479090362787, 0.0224168896675, 0.0141359465197, 0.00930682756007, 0.00687767611817, 0.00506389280781, 0.00255772122182, 0.00270680338144, 0.00108536472544, 0.000321955623804, 5.79590960115e-05],
        "dvar": [4.60102319266e-06, 0.00261346250772, 0.014800789766, 1.74389874935, 2.01623940468, 19.2430801392, 3451.36694336, 246.575134277, 6.85940599442, 8.649061203, 297.038543701, 8.01178264618, 29.0792446136, 112.849739075, 3791.32006836, 2896.94287109, 69.855178833, 135.086395264, 195.381378174, 3564.5390625, 26288.9785156, 7272.02148438, 10686.7304688, 1884.04541016, 163.552246094, 134.079650879, 26.7830715179, 15.8525295258, 0.160926893353, 0.000694729213137, 0.000121222619782, 8.6386440671e-05, 3.71452988475e-05, 1.35927666634e-05, 8.27880739962e-06, 2.74421722679e-06, 2.24508107749e-06, 3.84591857028e-07, 2.88969754791e-08, 9.66020707871e-10],
        "dvar2": [9.88506053545e-06, 0.00536362128332, 0.0333570092916, 2.5177052021, 5.27096128464, 53.8765220642, 8737.54199219, 593.914794922, 13.3364582062, 19.8577060699, 604.330078125, 14.3211479187, 85.9976272583, 306.145568848, 5542.37792969, 5082.21728516, 191.808654785, 242.565231323, 516.91015625, 8403.90917969, 62121.7460938, 18510.9921875, 25806.5839844, 4316.27441406, 441.211761475, 388.832733154, 78.1005096436, 46.2209625244, 0.458925068378, 0.00174679572228, 0.000332513183821, 0.00021383393323, 8.70959338499e-05, 3.73797265638e-05, 2.00907088583e-05, 6.02278123552e-06, 5.31226805833e-06, 8.81994537849e-07, 6.46263558224e-08, 2.03830352596e-09],
        "max": [0.0182700511068, 0.489417493343, 1.4900342226, 20.2217826843, 20.9729194641, 58.365524292, 520.777404785, 153.403991699, 29.9811592102, 36.5302009583, 255.990463257, 35.0762214661, 37.6590309143, 87.1198348999, 729.56817627, 594.973571777, 73.8782348633, 95.6979675293, 127.589836121, 599.487487793, 1038.91552734, 726.995300293, 821.184326172, 396.374145508, 104.362960815, 111.20186615, 45.7572669983, 34.2771911621, 4.16912698746, 0.287283569574, 0.104817047715, 0.0944722592831, 0.067629031837, 0.0383526086807, 0.0262207631022, 0.02000089176, 0.0149782728404, 0.00736655853689, 0.00201606075279, 0.000359253725037],
        "mean": [0.00275864009745, 0.0539854131639, 0.296285808086, 3.27764034271, 2.30283141136, 5.99494171143, 57.578163147, 14.2435388565, 4.01824045181, 8.02725601196, 42.7833213806, 6.17740297318, 3.61001896858, 10.3566789627, 51.0666351318, 44.6012687683, 4.38519525528, 6.02468013763, 4.17135620117, 20.8118057251, 45.8953285217, 39.6646156311, 35.8074836731, 24.2054443359, 11.2267532349, 6.20437765121, 3.38393068314, 2.21776843071, 0.738939106464, 0.115262635052, 0.0496509112418, 0.0290294289589, 0.023168547079, 0.0174692329019, 0.012856008485, 0.00695608695969, 0.00547185493633, 0.00315273879096, 0.0013624264393, 0.000248866213951],
        "median": [0.00169857672881, 0.0287656653672, 0.169892758131, 0.905126094818, 0.964260280132, 3.24421143532, 27.5791740417, 7.18032407761, 2.66602826118, 5.20168876648, 13.9451551437, 2.23266434669, 2.23606061935, 6.64295244217, 3.93491363525, 3.63194036484, 2.02392745018, 1.14082694054, 1.1055277586, 4.05153799057, 8.28741168976, 24.1438236237, 16.5918903351, 16.8143577576, 9.50708293915, 5.27746725082, 2.84317278862, 1.78842413425, 0.682694375515, 0.113547533751, 0.0464067310095, 0.027313567698, 0.0219880845398, 0.0165559817106, 0.0122675076127, 0.00632139155641, 0.00527798850089, 0.00308197294362, 0.0013383179903, 0.000245234317845],
        "min": [0.000158849463332, 0.00138586689718, 0.00541275506839, 0.00800604186952, 0.0140766464174, 0.0991271808743, 0.256117612123, 0.174870580435, 0.115958750248, 0.312633126974, 0.471239089966, 0.187840893865, 0.129798412323, 0.268909543753, 0.0474399887025, 0.0264828335494, 0.0546077378094, 0.0505792945623, 0.0213419534266, 0.105188757181, 0.290115118027, 0.569318294525, 0.31055611372, 0.375190526247, 0.230799049139, 0.102395430207, 0.103872001171, 0.0626242682338, 0.0302806347609, 0.00474998541176, 0.00161139341071, 0.000900306622498, 0.000679204706103, 0.000789127370808, 0.000320089020533, 0.000151714935782, 0.00018282882229, 5.8239325881e-05, 3.24718312186e-05, 5.0183402891e-06],
        "var": [9.57904285315e-06, 0.00544047029689, 0.102516442537, 23.7418498993, 9.94969844818, 61.0288200378, 6583.93896484, 396.341491699, 16.2133769989, 44.809677124, 3424.39208984, 66.710067749, 22.5625629425, 138.521240234, 12506.8447266, 8812.87792969, 61.072593689, 226.888656616, 168.570449829, 4135.984375, 24211.2128906, 5855.91992188, 8976.91796875, 1728.61584473, 117.150314331, 76.9543914795, 15.2197771072, 8.91606044769, 0.115187130868, 0.000965458573774, 0.000195924236323, 0.000120801589219, 5.28584532731e-05, 2.56162729784e-05, 1.38743407661e-05, 6.76239505992e-06, 3.12552333526e-06, 5.11961616212e-07, 4.91792775392e-08, 1.520479187e-09]
    },
    "gfcc": {
        "mean": [-31.0705776215, 90.5183792114, -127.464996338, 14.1150569916, -36.2599487305, -49.1526489258, -24.4779376984, -2.83228540421, -30.3373470306, -10.5924158096, -14.4806032181, 6.39122343063, -5.93235063553],
        "cov": [[902.730224609, 347.770233154, -203.217102051, -175.036636353, 48.8953819275, 56.7781562805, -89.6529846191, -101.437606812, -103.438591003, -73.1937103271, -41.6346855164, -27.1103858948, -12.5157556534], [347.770233154, 306.903289795, 20.401676178, -87.3833618164, -19.3458194733, 20.7378425598, -32.0088539124, -42.2194480896, -53.3463363647, -51.9730529785, -46.7540092468, -45.7878379822, -18.3840408325], [-203.217102051, 20.401676178, 277.798858643, 108.527336121, -85.1083984375, -83.2045211792, 25.4157085419, 62.243724823, 33.532787323, -9.55882263184, -49.6255340576, -56.2425918579, -21.0693511963], [-175.036636353, -87.3833618164, 108.527336121, 117.027275085, -5.54451322556, -57.7567138672, 12.1121997833, 53.4319152832, 54.6867446899, 15.835193634, -16.7773742676, -17.3461513519, 3.74635505676], [48.8953819275, -19.3458194733, -85.1083984375, -5.54451322556, 78.4320907593, 62.9802360535, 12.6155633926, -9.00975799561, 9.07760906219, 24.9847488403, 36.9604072571, 35.5027275085, 15.2666082382], [56.7781562805, 20.7378425598, -83.2045211792, -57.7567138672, 62.9802360535, 127.95980835, 54.6231460571, -23.148935318, -23.6843681335, 28.8240394592, 68.9673156738, 62.3417778015, 12.8147516251], [-89.6529846191, -32.0088539124, 25.4157085419, 12.1121997833, 12.6155633926, 54.6231460571, 77.0615234375, 27.9406089783, 6.25142097473, 24.946352005, 40.6457824707, 36.7624549866, 7.55468082428], [-101.437606812, -42.2194480896, 62.243724823, 53.4319152832, -9.00975799561, -23.148935318, 27.9406089783, 58.6188659668, 45.3017311096, 15.051609993, -15.1814174652, -14.9286928177, -0.661950588226], [-103.438591003, -53.3463363647, 33.532787323, 54.6867446899, 9.07760906219, -23.6843681335, 6.25142097473, 45.3017311096, 66.0970840454, 31.112443924, -10.1103057861, -15.734126091, 5.54081678391], [-73.1937103271, -51.9730529785, -9.55882263184, 15.835193634, 24.9847488403, 28.8240394592, 24.946352005, 15.051609993, 31.112443924, 45.7852401733, 35.17162323, 24.1702156067, 11.6557941437], [-41.6346855164, -46.7540092468, -49.6255340576, -16.7773742676, 36.9604072571, 68.9673156738, 40.6457824707, -15.1814174652, -10.1103057861, 35.17162323, 77.4791030884, 66.7265396118, 19.7072029114], [-27.1103858948, -45.7878379822, -56.2425918579, -17.3461513519, 35.5027275085, 62.3417778015, 36.7624549866, -14.9286928177, -15.734126091, 24.1702156067, 66.7265396118, 74.5129241943, 27.2813663483], [-12.5157556534, -18.3840408325, -21.0693511963, 3.74635505676, 15.2666082382, 12.8147516251, 7.55468082428, -0.661950588226, 5.54081678391, 11.6557941437, 19.7072029114, 27.2813663483, 27.1758537292]],
        "icov": [[0.00366933713667, -0.00437333527952, 0.00306338723749, -0.000838472507894, -0.00232520583086, 0.00129580916837, 0.00217268848792, -0.0036999839358, 0.00563605083153, -0.00234024738893, 0.00103931082413, -0.00019752625667, 0.000522342277691], [-0.00437333527952, 0.014438203536, -0.0112555017695, 0.013408803381, -0.00517757190391, -0.00384492264129, -0.00133597862441, 0.0055551812984, -0.0062753665261, 0.00856462307274, -2.55891991401e-05, 0.00833420176059, -0.0083352830261], [0.00306338723749, -0.0112555017695, 0.0243778731674, -0.0305522922426, 0.0260410178453, -0.00944674480706, -0.000815875828266, -0.00327446474694, 0.00703954463825, -0.00672678276896, 0.000886461231858, 0.00124687131029, 0.00643643736839], [-0.000838472507894, 0.013408803381, -0.0305522922426, 0.0693305954337, -0.052205581218, 0.039325594902, -0.0139002520591, -0.00265551987104, -0.0115731367841, 0.0089564146474, -0.00538174761459, 0.00244787149131, -0.0100134164095], [-0.00232520583086, -0.00517757190391, 0.0260410178453, -0.052205581218, 0.0805459991097, -0.0549999177456, 0.021519927308, 0.00288988067769, -0.0167766381055, 0.00487017259002, 0.000869871466421, -0.00663939677179, 0.00495381373912], [0.00129580916837, -0.00384492264129, -0.00944674480706, 0.039325594902, -0.0549999177456, 0.0778327062726, -0.0460520163178, 0.0153583725914, 0.00611557858065, -0.0171815790236, -0.00329110375606, -0.00566878682002, 0.00682182656601], [0.00217268848792, -0.00133597862441, -0.000815875828266, -0.0139002520591, 0.021519927308, -0.0460520163178, 0.0793606713414, -0.0623258501291, 0.0246460624039, 0.00168530922383, -0.0186953656375, -0.00648874184117, 0.00175071950071], [-0.0036999839358, 0.0055551812984, -0.00327446474694, -0.00265551987104, 0.00288988067769, 0.0153583725914, -0.0623258501291, 0.110259883106, -0.0656644254923, 0.0107415756211, 0.0330933593214, -0.0124275246635, 0.00828594341874], [0.00563605083153, -0.0062753665261, 0.00703954463825, -0.0115731367841, -0.0167766381055, 0.00611557858065, 0.0246460624039, -0.0656644254923, 0.116745270789, -0.074482768774, 0.0100476620719, 0.0262422412634, -0.0219938736409], [-0.00234024738893, 0.00856462307274, -0.00672678276896, 0.0089564146474, 0.00487017259002, -0.0171815790236, 0.00168530922383, 0.0107415756211, -0.074482768774, 0.115962930024, -0.0598923042417, 0.0167266335338, -0.00448470376432], [0.00103931082413, -2.55891991401e-05, 0.000886461231858, -0.00538174761459, 0.000869871466421, -0.00329110375606, -0.0186953656375, 0.0330933593214, 0.0100476620719, -0.0598923042417, 0.119985081255, -0.0759010240436, 0.0217821411788], [-0.00019752625667, 0.00833420176059, 0.00124687131029, 0.00244787149131, -0.00663939677179, -0.00566878682002, -0.00648874184117, -0.0124275246635, 0.0262422412634, 0.0167266335338, -0.0759010240436, 0.12010769546, -0.0639769211411], [0.000522342277691, -0.0083352830261, 0.00643643736839, -0.0100134164095, 0.00495381373912, 0.00682182656601, 0.00175071950071, 0.00828594341874, -0.0219938736409, -0.00448470376432, 0.0217821411788, -0.0639769211411, 0.08632247895]]
    },
    "melbands": {
        "dmean": [2.54154674622e-05, 5.04996241943e-05, 0.000118024632684, 6.02266736678e-05, 0.000833503785543, 0.000238907508901, 2.50502653216e-05, 3.7106408854e-05, 9.14833944989e-05, 9.35610114539e-06, 1.23460795294e-05, 2.65123671852e-05, 5.16167347087e-05, 0.000154247289174, 6.20492028247e-06, 7.67728124629e-06, 7.74057934905e-06, 2.44017701334e-06, 2.39398359554e-05, 1.94503281818e-05, 7.27760489099e-05, 1.98886609724e-05, 4.22489174525e-05, 2.44877774094e-05, 1.05359749796e-05, 4.84755719299e-06, 2.51049050348e-06, 1.79154619673e-06, 1.08667552468e-06, 1.01293107946e-06, 6.01892793384e-07, 1.85303306921e-07, 4.42866543438e-08, 1.06513819986e-08, 8.87737527933e-09, 7.55990026136e-09, 5.06915265319e-09, 4.82659201495e-09, 3.99977917453e-09, 4.29595958806e-09],
        "dmean2": [3.99773161917e-05, 7.92128121248e-05, 0.000158484079293, 0.000110167056846, 0.00125420233235, 0.000365659157978, 3.48644825863e-05, 6.16857068962e-05, 0.000132080036565, 1.44329778777e-05, 2.25965413847e-05, 4.36064838141e-05, 6.809176557e-05, 0.000201442089747, 1.14722397484e-05, 1.12126135718e-05, 1.07159958134e-05, 4.21343884227e-06, 4.05361424782e-05, 2.78482475551e-05, 0.000116855459055, 3.52919159923e-05, 7.23411940271e-05, 4.29809915659e-05, 1.77202909981e-05, 8.2775404735e-06, 4.41481961388e-06, 3.24751704284e-06, 1.9527283257e-06, 1.8512242832e-06, 1.06878428596e-06, 3.20430132206e-07, 7.63366045931e-08, 1.81893753393e-08, 1.49785392978e-08, 1.28094956864e-08, 8.69522676084e-09, 8.20404189028e-09, 6.05175642931e-09, 7.13031189647e-09],
        "dvar": [1.15662923683e-09, 4.37640901296e-09, 4.43316388044e-08, 9.0938492292e-09, 2.42659871219e-06, 2.07812050235e-07, 1.61025903722e-09, 1.77851078309e-09, 1.886560419e-08, 2.05038291901e-10, 7.45987660533e-10, 1.97173100069e-09, 1.36102320525e-08, 1.2238891145e-07, 3.89287962976e-10, 5.17252740639e-10, 3.82292641987e-10, 2.91290221111e-11, 7.99481458813e-09, 2.62362420678e-09, 6.09549957176e-08, 4.37358993466e-09, 2.11279314044e-08, 6.95947788287e-09, 9.62349422373e-10, 8.93226950738e-11, 4.55502892349e-11, 5.68022538727e-11, 9.27558811009e-12, 1.00386747526e-11, 3.51626128388e-12, 4.11088569056e-14, 1.11297937571e-15, 6.82549802984e-17, 6.15170184914e-17, 3.69974065193e-17, 4.15456194128e-17, 2.95902390532e-17, 1.09951609804e-17, 1.42702105622e-17],
        "dvar2": [2.36462605052e-09, 9.49698630848e-09, 7.16639334541e-08, 2.63055799365e-08, 6.1530140556e-06, 5.26116082256e-07, 3.16725978777e-09, 4.3338554967e-09, 3.93982730884e-08, 4.20158074999e-10, 2.21805440681e-09, 5.36998356893e-09, 1.94745890525e-08, 1.95446560269e-07, 1.1419259982e-09, 1.25431165454e-09, 6.8612515669e-10, 7.68678870555e-11, 2.07881711844e-08, 5.51658407844e-09, 1.44749336073e-07, 1.23738788105e-08, 5.18422247353e-08, 1.60678634842e-08, 2.34585417758e-09, 2.45446385438e-10, 1.30230395912e-10, 1.66020128201e-10, 2.73387510547e-11, 2.90598690944e-11, 1.02196992188e-11, 1.16371552694e-13, 3.16697169825e-15, 2.00178489096e-16, 1.76476376415e-16, 1.09604144316e-16, 1.02450752553e-16, 7.11404774425e-17, 3.5365590929e-17, 3.80946285147e-17],
        "max": [0.000324571330566, 0.000595553719904, 0.00331539404579, 0.00148468173575, 0.0146594941616, 0.00340514420532, 0.000431899708929, 0.000545985065401, 0.00196766550653, 0.000126879836898, 0.000188155419892, 0.000368211534806, 0.00135849439539, 0.0040216287598, 0.000155838235514, 0.000194654377992, 0.000162616866874, 4.16700240748e-05, 0.000832340156194, 0.000549526361283, 0.00157209520694, 0.000612214964349, 0.00102392071858, 0.000672535505146, 0.000301833671983, 7.84570511314e-05, 6.24623135081e-05, 7.19672898413e-05, 2.79865871562e-05, 2.33653881878e-05, 1.71377778315e-05, 2.10090661312e-06, 2.65134303845e-07, 7.75886306315e-08, 7.17494259561e-08, 5.19327976178e-08, 6.31353316294e-08, 5.81326560223e-08, 3.536007398e-08, 3.54878508801e-08],
        "mean": [4.06309736718e-05, 0.000119051816, 0.000506136915646, 0.000148318897118, 0.00157681468409, 0.000422021548729, 5.63209505344e-05, 0.000128254905576, 0.000324758206261, 1.86434681382e-05, 1.72856398422e-05, 4.00106619054e-05, 9.87296298263e-05, 0.000284117500996, 6.66458527121e-06, 1.03255733848e-05, 1.0124595974e-05, 3.0112287277e-06, 2.19890989683e-05, 2.66744100372e-05, 6.44314714009e-05, 3.43525643984e-05, 4.35729125456e-05, 3.02701955661e-05, 1.85121516552e-05, 1.07903260869e-05, 5.45974853594e-06, 3.67946745428e-06, 2.1921186999e-06, 1.65431970345e-06, 1.17578372283e-06, 4.86388728405e-07, 1.26497624819e-07, 3.46848949562e-08, 2.82803398477e-08, 2.3499193702e-08, 1.53951109638e-08, 1.68050551252e-08, 1.36560300845e-08, 1.54029518029e-08],
        "median": [2.32746588154e-05, 7.73259598645e-05, 0.000150833337102, 7.03428886482e-05, 0.000743666838389, 0.000225683033932, 3.55190604751e-05, 8.212121611e-05, 0.000108342544991, 8.84241671884e-06, 1.08048516267e-05, 2.18773639062e-05, 1.29586705953e-05, 1.35228328872e-05, 3.76767229682e-06, 3.37085975843e-06, 1.92789980247e-06, 1.77836102466e-06, 2.12775694308e-06, 9.86117720458e-06, 8.73471890372e-06, 2.59485150309e-05, 1.69917184394e-05, 1.53198107e-05, 1.36193721119e-05, 9.31269096327e-06, 4.70799022878e-06, 3.08425978801e-06, 1.92794936993e-06, 1.23843176425e-06, 1.00521731383e-06, 4.65145944872e-07, 1.20842557294e-07, 3.37085666047e-08, 2.63948969348e-08, 2.18735340951e-08, 1.40811522442e-08, 1.61016959765e-08, 1.31033486284e-08, 1.45622891523e-08],
        "min": [1.61062030202e-06, 2.56168345913e-06, 1.37874485517e-06, 3.36042489835e-06, 8.46610237204e-06, 4.10069515056e-06, 1.81316329417e-06, 3.93740538129e-06, 3.56615669261e-06, 9.68501581156e-07, 6.60780131057e-07, 1.17531214983e-06, 1.93183893771e-07, 9.21859353298e-08, 7.31533305043e-08, 1.30771837803e-07, 9.02978172235e-08, 3.04603950951e-08, 3.70685313555e-08, 3.30666352966e-07, 2.93662708373e-07, 6.68633333589e-07, 2.47924560881e-07, 3.32292444227e-07, 3.08850076181e-07, 1.92870032834e-07, 1.46015707969e-07, 4.29903437293e-08, 5.8023790217e-08, 5.46872485074e-08, 3.40563168777e-08, 2.16931237418e-08, 4.87824003415e-09, 1.34086819426e-09, 8.21101797666e-10, 1.02367914145e-09, 3.40884986905e-10, 4.07067768382e-10, 6.02449812259e-10, 7.05233593745e-10],
        "var": [2.78235368079e-09, 1.34497835091e-08, 5.34543005415e-07, 4.22382235854e-08, 4.87176657771e-06, 3.19611757504e-07, 3.67413544033e-09, 1.18519736247e-08, 2.05649300256e-07, 5.52222378936e-10, 5.5237880936e-10, 2.3991451048e-09, 4.42210463802e-08, 3.88978264709e-07, 2.24017485118e-10, 5.649793966e-10, 6.41228847797e-10, 2.44800082982e-11, 7.25398230372e-09, 3.77033204657e-09, 5.49641363534e-08, 2.76377454256e-09, 1.71897074353e-08, 6.1478337976e-09, 8.2392570544e-10, 6.81824804949e-11, 2.79986242524e-11, 3.2314720344e-11, 5.18531788687e-12, 5.75993679836e-12, 2.01431839958e-12, 3.75773902012e-14, 1.74111402193e-15, 1.06969435098e-16, 8.27577196026e-17, 6.74412264815e-17, 4.84226302807e-17, 3.62759230455e-17, 1.90305175278e-17, 2.29850380802e-17]
    },
    "mfcc": {
        "mean": [-683.684265137, 141.505645752, -41.1284217834, 56.6950073242, -11.4040746689, -24.7981643677, -3.52586197853, -3.53984594345, -2.9817969799, -23.0010299683, -8.29342746735, 1.92729902267, 0.35984018445],
        "cov": [[930.533325195, 327.026550293, -230.500366211, -159.283691406, 46.5557479858, 31.8111400604, -12.0158691406, -27.9863891602, -40.8606758118, -68.7196655273, -100.811317444, -49.5336952209, -23.8415641785], [327.026550293, 279.984222412, 18.9636688232, -76.209564209, -1.42199790478, 8.16079711914, 0.80590492487, -9.62837600708, -16.0255622864, -12.5342826843, -43.042224884, -55.7433319092, -29.5075969696], [-230.500366211, 18.9636688232, 252.484664917, 109.180473328, -41.0820007324, -52.3731651306, -12.6768550873, 3.14566349983, 14.4857501984, 48.0742874146, 35.3279151917, -29.9640827179, -46.8510055542], [-159.283691406, -76.209564209, 109.180473328, 128.008560181, 4.69778776169, -48.5118026733, -32.2856483459, -1.48071491718, 27.4526176453, 39.7835044861, 29.8472957611, -1.97811079025, -32.1913795471], [46.5557479858, -1.42199790478, -41.0820007324, 4.69778776169, 45.6080436707, 15.5925273895, -11.8077697754, -4.79152917862, 7.36091709137, 7.14543962479, 0.111907884479, 5.08377361298, 4.12230300903], [31.8111400604, 8.16079711914, -52.3731651306, -48.5118026733, 15.5925273895, 67.6189727783, 45.8372764587, 17.0409164429, -4.99166154861, -15.5367364883, -1.49359238148, 26.958694458, 49.840297699], [-12.0158691406, 0.80590492487, -12.6768550873, -32.2856483459, -11.8077697754, 45.8372764587, 65.6519012451, 32.3616714478, -3.07232952118, -16.7366714478, -0.977223396301, 25.5633277893, 43.8892974854], [-27.9863891602, -9.62837600708, 3.14566349983, -1.48071491718, -4.79152917862, 17.0409164429, 32.3616714478, 37.0675621033, 12.205827713, -1.51882505417, 1.53289318085, 14.4447669983, 23.6128063202], [-40.8606758118, -16.0255622864, 14.4857501984, 27.4526176453, 7.36091709137, -4.99166154861, -3.07232952118, 12.205827713, 37.9941139221, 28.3929328918, 17.3612823486, 4.06253242493, -5.69387960434], [-68.7196655273, -12.5342826843, 48.0742874146, 39.7835044861, 7.14543962479, -15.5367364883, -16.7366714478, -1.51882505417, 28.3929328918, 52.7036476135, 32.9690933228, -2.86099100113, -22.6450443268], [-100.811317444, -43.042224884, 35.3279151917, 29.8472957611, 0.111907884479, -1.49359238148, -0.977223396301, 1.53289318085, 17.3612823486, 32.9690933228, 43.8723144531, 16.7845630646, -3.48710274696], [-49.5336952209, -55.7433319092, -29.9640827179, -1.97811079025, 5.08377361298, 26.958694458, 25.5633277893, 14.4447669983, 4.06253242493, -2.86099100113, 16.7845630646, 42.4434280396, 33.3266487122], [-23.8415641785, -29.5075969696, -46.8510055542, -32.1913795471, 4.12230300903, 49.840297699, 43.8892974854, 23.6128063202, -5.69387960434, -22.6450443268, -3.48710274696, 33.3266487122, 67.1651611328]],
