{
"lowlevel": {
    "average_loudness": 0.802148342133,
    "barkbands_crest": {
        "dmean": 3.26099061966,
        "dmean2": 5.41428995132,
        "dvar": 6.55891990662,
        "dvar2": 18.2076759338,
        "max": 21.9049034119,
        "mean": 11.2333889008,
        "median": 10.9349365234,
        "min": 2.9885597229,
        "var": 13.5515804291
    },
    "barkbands_flatness_db": {
        "dmean": 0.026097021997,
        "dmean2": 0.044250652194,
        "dvar": 0.000472756830277,
        "dvar2": 0.00123719056137,
        "max": 0.273976355791,
        "mean": 0.128892466426,
        "median": 0.123093575239,
        "min": 0.0511185750365,
        "var": 0.00104594894219
    },
    "barkbands_kurtosis": {
        "dmean": 5.67286205292,
        "dmean2": 9.87296199799,
        "dvar": 56.7862319946,
        "dvar2": 159.853729248,
        "max": 97.7888031006,
        "mean": 7.22456169128,
        "median": 4.79521179199,
        "min": -1.50737285614,
        "var": 67.3526611328
    },
    "barkbands_skewness": {
        "dmean": 0.816509962082,
        "dmean2": 1.39720773697,
        "dvar": 0.518015086651,
        "dvar2": 1.48421025276,
        "max": 8.67756843567,
        "mean": 2.50538158417,
        "median": 2.29662275314,
        "min": 0.496361792088,
        "var": 0.98233383894
    },
    "barkbands_spread": {
        "dmean": 12.0456314087,
        "dmean2": 21.864358902,
        "dvar": 94.8458328247,
        "dvar2": 312.954315186,
        "max": 85.4403686523,
        "mean": 29.3618164062,
        "median": 28.020072937,
        "min": 2.4598107338,
        "var": 185.331481934
    },
    "dissonance": {
        "dmean": 0.0172211155295,
        "dmean2": 0.0308283176273,
        "dvar": 0.000177718378836,
        "dvar2": 0.000524292699993,
        "max": 0.499636501074,
        "mean": 0.473426401615,
        "median": 0.476348876953,
        "min": 0.420296043158,
        "var": 0.000267535098828
    },
    "dynamic_complexity": 2.35843229294,
    "erbbands_crest": {
        "dmean": 2.1302022934,
        "dmean2": 3.92122292519,
        "dvar": 3.90557694435,
        "dvar2": 13.7073087692,
        "max": 17.221200943,
        "mean": 6.78900527954,
        "median": 6.27321815491,
        "min": 3.09684562683,
        "var": 4.93808794022
    },
    "erbbands_flatness_db": {
        "dmean": 0.0111348452047,
        "dmean2": 0.0202013049275,
        "dvar": 7.75883308961e-05,
        "dvar2": 0.000249962205999,
        "max": 0.141350716352,
        "mean": 0.102049835026,
        "median": 0.101152658463,
        "min": 0.0771249011159,
        "var": 0.000137549301144
    },
    "erbbands_kurtosis": {
        "dmean": 0.587420761585,
        "dmean2": 1.11730515957,
        "dvar": 0.285414874554,
        "dvar2": 0.939729630947,
        "max": 2.7175412178,
        "mean": -1.17600643635,
        "median": -1.35610723495,
        "min": -1.79972827435,
        "var": 0.350615113974
    },
    "erbbands_skewness": {
        "dmean": 0.493369936943,
        "dmean2": 0.933126449585,
        "dvar": 0.109658867121,
        "dvar2": 0.385362505913,
        "max": 1.40114247799,
        "mean": 0.155924007297,
        "median": 0.266142934561,
        "min": -1.81370460987,
        "var": 0.386985480785
    },
    "erbbands_spread": {
        "dmean": 11.6438455582,
        "dmean2": 21.4606781006,
        "dvar": 74.9682769775,
        "dvar2": 251.873077393,
        "max": 111.487686157,
        "mean": 82.5242996216,
        "median": 83.2671813965,
        "min": 37.2657546997,
        "var": 110.698554993
    },
    "hfc": {
        "dmean": 8.26795578003,
        "dmean2": 15.4887733459,
        "dvar": 36.2534179688,
        "dvar2": 104.633842468,
        "max": 104.770759583,
        "mean": 26.5079708099,
        "median": 24.1115036011,
        "min": 3.79453468323,
        "var": 166.770248413
    },
    "melbands_crest": {
        "dmean": 5.03232717514,
        "dmean2": 8.36282062531,
        "dvar": 14.7317647934,
        "dvar2": 41.3191642761,
        "max": 33.1690254211,
        "mean": 18.0240631104,
        "median": 17.4631233215,
        "min": 6.47982692719,
        "var": 33.7427597046
    },
    "melbands_flatness_db": {
        "dmean": 0.0349300503731,
        "dmean2": 0.0591648295522,
        "dvar": 0.000833995116409,
        "dvar2": 0.00225848401897,
        "max": 0.39777380228,
        "mean": 0.220843359828,
        "median": 0.213993445039,
        "min": 0.110782146454,
        "var": 0.00191309314687
    },
    "melbands_kurtosis": {
        "dmean": 17.6784572601,
        "dmean2": 29.9079284668,
        "dvar": 549.312866211,
        "dvar2": 1442.08374023,
        "max": 284.374420166,
        "mean": 34.8163070679,
        "median": 25.5702857971,
        "min": 2.62515974045,
        "var": 718.248352051
    },
    "melbands_skewness": {
        "dmean": 1.1329100132,
        "dmean2": 1.87381875515,
        "dvar": 1.23750030994,
        "dvar2": 3.28067469597,
        "max": 12.47768116,
        "mean": 4.7583937645,
        "median": 4.31084918976,
        "min": 2.00723433495,
        "var": 2.2487180233
    },
    "melbands_spread": {
        "dmean": 8.23060894012,
        "dmean2": 14.7138547897,
        "dvar": 77.0579147339,
        "dvar2": 247.6537323,
        "max": 87.9220581055,
        "mean": 17.2187423706,
        "median": 15.6288661957,
        "min": 1.18596315384,
        "var": 100.328338623
    },
    "pitch_salience": {
        "dmean": 0.097928956151,
        "dmean2": 0.164554327726,
        "dvar": 0.00624082330614,
        "dvar2": 0.0156657304615,
        "max": 0.762242257595,
        "mean": 0.5120241642,
        "median": 0.526437878609,
        "min": 0.195311933756,
        "var": 0.0126505419612
    },
    "silence_rate_20dB": {
        "dmean": 0.0100250625983,
        "dmean2": 0.0201005022973,
        "dvar": 0.0099246641621,
        "dvar2": 0.0297470316291,
        "max": 1,
        "mean": 0.995000004768,
        "median": 1,
        "min": 0,
        "var": 0.00497503113002
    },
    "silence_rate_30dB": {
        "dmean": 0.0551378428936,
        "dmean2": 0.108040198684,
        "dvar": 0.0520977713168,
        "dvar2": 0.10641797632,
        "max": 1,
        "mean": 0.902499973774,
        "median": 1,
        "min": 0,
        "var": 0.087993748486
    },
    "silence_rate_60dB": {
        "dmean": 0,
        "dmean2": 0,
        "dvar": 0,
        "dvar2": 0,
        "max": 0,
        "mean": 0,
        "median": 0,
        "min": 0,
        "var": 0
    },
    "spectral_centroid": {
        "dmean": 490.787994385,
        "dmean2": 910.77355957,
        "dvar": 128907.25,
        "dvar2": 451541.625,
        "max": 3709.66259766,
        "mean": 1675.68237305,
        "median": 1546.5480957,
        "min": 378.421691895,
        "var": 449411.40625
    },
    "spectral_complexity": {
        "dmean": 3.71428561211,
        "dmean2": 6.84170866013,
        "dvar": 6.52488517761,
        "dvar2": 20.8166694641,
        "max": 41,
        "mean": 14.6125001907,
        "median": 14,
        "min": 1,
        "var": 24.2823829651
    },
    "spectral_decrease": {
        "dmean": 6.32663033073e-09,
        "dmean2": 1.07264916949e-08,
        "dvar": 1.84775142011e-16,
        "dvar2": 4.72290801252e-16,
        "max": -7.31292360001e-10,
        "mean": -1.31349393584e-08,
        "median": -8.83569395427e-09,
        "min": -1.87344170399e-07,
        "var": 2.27492059097e-16
    },
    "spectral_energy": {
        "dmean": 0.0240627489984,
        "dmean2": 0.0408741757274,
        "dvar": 0.00267505319789,
        "dvar2": 0.00683170324191,
        "max": 0.715326070786,
        "mean": 0.0519786328077,
        "median": 0.0357561893761,
        "min": 0.00310424319468,
        "var": 0.00333590083756
    },
    "spectral_energyband_high": {
        "dmean": 0.00120317633264,
        "dmean2": 0.00229047820903,
        "dvar": 5.73645593249e-07,
        "dvar2": 1.77794572664e-06,
        "max": 0.0101180979982,
        "mean": 0.00250863563269,
        "median": 0.00226347893476,
        "min": 0.000429985142546,
        "var": 1.42254589264e-06
    },
    "spectral_energyband_low": {
        "dmean": 0.0231374036521,
        "dmean2": 0.0387295298278,
        "dvar": 0.00265323766507,
        "dvar2": 0.00671613030136,
        "max": 0.679912269115,
        "mean": 0.0333524383605,
        "median": 0.0181228891015,
        "min": 0.000998158822767,
        "var": 0.00277011329308
    },
    "spectral_energyband_middle_high": {
        "dmean": 0.00021299837681,
        "dmean2": 0.000362513004802,
        "dvar": 5.97595928298e-08,
        "dvar2": 1.20210629007e-07,
        "max": 0.00630832044408,
        "mean": 0.000904655142222,
        "median": 0.000733461696655,
        "min": 0.000145724581671,
        "var": 6.32385535937e-07
    },
    "spectral_energyband_middle_low": {
        "dmean": 0.00496393907815,
        "dmean2": 0.00886136945337,
        "dvar": 5.08256089233e-05,
        "dvar2": 0.00014764694788,
        "max": 0.105441562831,
        "mean": 0.0143866958097,
        "median": 0.0122766848654,
        "min": 0.00035140872933,
        "var": 0.000132443572511
    },
    "spectral_entropy": {
        "dmean": 0.119495131075,
        "dmean2": 0.213621422648,
        "dvar": 0.00820722337812,
        "dvar2": 0.0265453811735,
        "max": 8.49509143829,
        "mean": 7.96212911606,
        "median": 7.96673870087,
        "min": 7.32364845276,
        "var": 0.0290636252612
    },
    "spectral_flux": {
        "dmean": 0.0358272716403,
        "dmean2": 0.0594047084451,
        "dvar": 0.00209854333661,
        "dvar2": 0.00522453244776,
        "max": 0.613963007927,
        "mean": 0.1236532107,
        "median": 0.107944697142,
        "min": 0.0488759800792,
        "var": 0.00416587898508
    },
    "spectral_kurtosis": {
        "dmean": 0.389140576124,
        "dmean2": 0.710717797279,
        "dvar": 0.119425535202,
        "dvar2": 0.260126441717,
        "max": 6.66607475281,
        "mean": 1.40311717987,
        "median": 1.39033389091,
        "min": 0.630779266357,
        "var": 0.170968517661
    },
    "spectral_rms": {
        "dmean": 0.00138570251875,
        "dmean2": 0.00229738210328,
        "dvar": 2.95343238577e-06,
        "dvar2": 7.09847290636e-06,
        "max": 0.0264174025506,
        "mean": 0.0065722768195,
        "median": 0.00590627454221,
        "min": 0.00174026726745,
        "var": 7.51606421545e-06
    },
    "spectral_rolloff": {
        "dmean": 822.470947266,
        "dmean2": 1561.64453125,
        "dvar": 1903736.625,
        "dvar2": 6083206,
        "max": 5598.6328125,
        "mean": 852.499389648,
        "median": 538.330078125,
        "min": 64.599609375,
        "var": 1291559.75
    },
    "spectral_skewness": {
        "dmean": 0.172961294651,
        "dmean2": 0.325192391872,
        "dvar": 0.0151257645339,
        "dvar2": 0.0399236120284,
        "max": 2.04372358322,
        "mean": 0.853479087353,
        "median": 0.847214698792,
        "min": 0.477956533432,
        "var": 0.027507180348
    },
    "spectral_spread": {
        "dmean": 310377.34375,
        "dmean2": 547238.125,
        "dvar": 104786247680,
        "dvar2": 204760236032,
        "max": 11371074,
        "mean": 6588418.5,
        "median": 6611703,
        "min": 5024645,
        "var": 171349508096
    },
    "spectral_strongpeak": {
        "dmean": 0.355472415686,
        "dmean2": 0.622494637966,
        "dvar": 0.176577016711,
        "dvar2": 0.49984768033,
        "max": 3.39716219902,
        "mean": 0.446456998587,
        "median": 0.27067437768,
        "min": 0,
        "var": 0.257702112198
    },
    "zerocrossingrate": {
        "dmean": 0.0131627898663,
        "dmean2": 0.0177449751645,
        "dvar": 9.63081547525e-05,
        "dvar2": 0.000183590411325,
        "max": 0.1357421875,
        "mean": 0.0739526376128,
        "median": 0.07421875,
        "min": 0.017578125,
        "var": 0.000557932478841
    },
    "barkbands": {
        "dmean": [0.00274936365895, 0.0162905734032, 0.0088298805058, 0.00134177750442, 0.00145445519593, 0.00305077573285, 0.000650363333989, 0.000746195320971, 0.000826229748782, 7.9536868725e-05, 1.54147619469e-05, 1.66489062394e-05, 1.57994982146e-05, 8.36223262013e-05, 3.62046921509e-05, 2.07801422221e-05, 4.59806506115e-05, 5.39727589057e-05, 4.93424486194e-05, 0.000109320229967, 0.000554836180527, 0.000262367015239, 0.000405314320233, 2.26318970817e-05, 4.9262354878e-05, 2.93793946184e-05, 7.44273665987e-06],
        "dmean2": [0.004327963572, 0.0275168139488, 0.0148682668805, 0.00234253169037, 0.00253383954987, 0.0055704745464, 0.00105512258597, 0.00134112639353, 0.00151783192996, 0.000138669463922, 2.65696944552e-05, 2.87129587377e-05, 2.57745050476e-05, 0.000126433820697, 6.2355742557e-05, 3.68622822862e-05, 8.30905992188e-05, 9.39120509429e-05, 8.84805122041e-05, 0.000198896988877, 0.00104459037539, 0.000471921463031, 0.000786245451309, 4.02427394874e-05, 9.37467993936e-05, 5.36514307896e-05, 1.28520050566e-05],
        "dvar": [4.92517438033e-06, 0.000998312723823, 0.000525248469785, 1.06911465991e-05, 7.09972573532e-06, 1.31738288474e-05, 7.10100266588e-07, 7.00421821875e-07, 1.03791001038e-06, 5.32030597356e-09, 4.01563338137e-10, 2.79166051387e-10, 1.12354570092e-09, 3.49921194243e-08, 2.00332883615e-09, 4.58367233058e-10, 1.70291569734e-09, 3.05724512373e-09, 2.18357332216e-09, 1.02762074405e-08, 1.81308891456e-07, 4.63607818801e-08, 6.19107538569e-08, 3.63841401452e-10, 1.05787167914e-09, 5.69056857191e-10, 3.67653962829e-11],
        "dvar2": [1.2504753613e-05, 0.00256788637489, 0.00135676376522, 2.96478228847e-05, 1.89245602087e-05, 4.44090401288e-05, 1.78438381226e-06, 2.23240158448e-06, 3.52610754817e-06, 1.51384114133e-08, 8.42640623944e-10, 8.3866336098e-10, 2.43460895888e-09, 5.64899735878e-08, 4.50307879873e-09, 1.318649967e-09, 4.95535168454e-09, 8.26644441787e-09, 5.82103920621e-09, 2.975516189e-08, 5.28901068719e-07, 1.33148958525e-07, 1.93678218352e-07, 9.80185599353e-10, 3.66419183884e-09, 1.87732340784e-09, 9.8183600139e-11],
        "max": [0.016844060272, 0.434513390064, 0.23906981945, 0.036658205092, 0.0287955943495, 0.0401988066733, 0.0146131785586, 0.00729042757303, 0.00892302952707, 0.000729212712031, 0.000378538708901, 0.000270608405117, 0.000734614557587, 0.00378127279691, 0.00082493131049, 0.00024227880931, 0.000485835102154, 0.000654857023619, 0.000710563035682, 0.00123101030476, 0.00522097479552, 0.00360302068293, 0.00139588862658, 0.00029028946301, 0.000285738817183, 0.000316570920404, 8.85635017767e-05],
        "mean": [0.00363551476039, 0.0211242157966, 0.00942488573492, 0.00141629879363, 0.00215663248673, 0.00627010688186, 0.00170042831451, 0.00128405285068, 0.0014821839286, 0.000138577859616, 2.6982585041e-05, 3.35696495313e-05, 3.37104756909e-05, 0.000173249078216, 6.56572301523e-05, 4.48449463875e-05, 9.30227688514e-05, 0.000130691943923, 0.000115838629426, 0.00025000621099, 0.000879718048964, 0.00065391487442, 0.00049754808424, 8.76630583662e-05, 0.000105526174593, 7.54312859499e-05, 5.02143193444e-05],
        "median": [0.00296042021364, 0.0121940094978, 0.0021205288358, 0.000479624257423, 0.00123122730292, 0.00461899209768, 0.000936487689614, 0.000977852148935, 0.00108293443918, 0.000104675535113, 1.94260792341e-05, 2.44844432018e-05, 1.62792821357e-05, 8.21294815978e-05, 4.53602006019e-05, 3.55724041583e-05, 7.14165362297e-05, 0.000113014917588, 0.000102667807369, 0.00021526425553, 0.000753356609493, 0.000571337644942, 0.000419987598434, 7.77392633609e-05, 9.49850946199e-05, 7.06101127435e-05, 4.94087944389e-05],
        "min": [3.82547295885e-05, 0.000286196940579, 4.43139724666e-05, 1.52076681843e-05, 7.54758657422e-05, 3.72956710635e-05, 3.0155888453e-05, 5.1936818636e-05, 2.80260283034e-05, 7.89001478552e-06, 2.16512307816e-06, 4.31872422268e-06, 2.02293267648e-06, 4.01985244025e-06, 4.38175266027e-06, 3.51640301233e-06, 3.7282413814e-06, 2.76444643532e-05, 2.62793510046e-05, 5.47584313608e-05, 0.000101313977211, 0.000139686919283, 6.85126287863e-05, 2.80448421108e-05, 2.6872892704e-05, 7.92839182395e-06, 2.23610695684e-05],
        "var": [8.16701412987e-06, 0.0010124683613, 0.00052743620472, 1.13190917546e-05, 9.14467455004e-06, 3.48850117007e-05, 3.92184028897e-06, 1.02460182916e-06, 1.99409782908e-06, 1.17358194274e-08, 8.24881551953e-10, 1.04813402402e-09, 5.28964072544e-09, 1.53772418798e-07, 6.63987353988e-09, 1.09883879773e-09, 4.87107953973e-09, 5.03633224014e-09, 4.37793179486e-09, 1.98099741056e-08, 3.1086452168e-07, 1.55492855924e-07, 7.76901316613e-08, 1.45604983626e-09, 1.89958360153e-09, 1.71177272357e-09, 5.52427617539e-11]
    },
    "erbbands": {
        "dmean": [0.369743108749, 4.12150669098, 11.755320549, 4.4291639328, 4.82537078857, 4.37160396576, 19.0052986145, 27.0672168732, 11.8100624084, 12.6418533325, 17.8029346466, 18.3090286255, 4.50746297836, 0.931667387486, 0.599118828773, 0.653932034969, 0.718497574329, 1.54326438904, 4.52715444565, 1.19179201126, 1.4139534235, 2.17737269402, 3.271037817, 2.61442947388, 1.9311068058, 4.84524059296, 19.9895629883, 19.6934204102, 13.354757309, 10.704413414, 11.3588981628, 1.23247969151, 0.366056084633, 0.254290550947, 0.560317635536, 0.193662941456, 0.0393233560026, 0.00953464116901, 0.000850799377076, 0.0001366964716],
        "dmean2": [0.629063725471, 6.99900341034, 19.8962841034, 7.42630767822, 8.36329078674, 7.80153799057, 34.6790237427, 49.9757003784, 19.7408485413, 22.9901390076, 32.810344696, 33.483997345, 8.09063243866, 1.59674179554, 1.03676700592, 1.13773286343, 1.16635215282, 2.50182747841, 7.14180040359, 2.19908356667, 2.54346013069, 3.88693356514, 5.69682884216, 4.79023218155, 3.35467648506, 8.48252487183, 38.3938751221, 36.0168380737, 24.1963825226, 20.5975856781, 21.9587249756, 2.30661773682, 0.658189237118, 0.466739743948, 1.06660020351, 0.359022736549, 0.0708288475871, 0.0168160032481, 0.00148620991968, 0.000229320357903],
        "dvar": [0.151119351387, 86.9833450317, 1055.38415527, 71.0808334351, 220.152740479, 53.4795646667, 841.129882812, 1059.3581543, 245.788360596, 257.96963501, 404.374481201, 445.988342285, 24.3266906738, 1.73683786392, 0.529571056366, 0.487212300301, 2.36121511459, 8.58833312988, 106.951683044, 0.871800303459, 2.08361434937, 3.89327263832, 11.1065416336, 5.1348028183, 3.85345768929, 23.9870014191, 184.147323608, 329.25994873, 111.910324097, 51.2678375244, 52.7865257263, 0.730368852615, 0.077718898654, 0.0366265848279, 0.147658526897, 0.0244483165443, 0.0012265451951, 6.27194604021e-05, 5.45908562799e-07, 1.31317943186e-08],
        "dvar2": [0.380003124475, 223.581192017, 2721.71313477, 175.770294189, 628.682312012, 151.931594849, 2833.65649414, 3519.22607422, 577.16204834, 798.340148926, 1352.23339844, 1491.80090332, 78.7868652344, 3.25394272804, 1.34794795513, 1.32384490967, 4.62722110748, 13.6879854202, 191.158966064, 2.6157181263, 6.30176401138, 11.3796386719, 30.2641506195, 13.8688192368, 10.3074321747, 61.7264442444, 585.043518066, 893.200622559, 339.046417236, 156.462036133, 164.554504395, 2.32160639763, 0.241464197636, 0.118868470192, 0.512890279293, 0.0766375660896, 0.00388771505095, 0.000185104916454, 1.58525995175e-06, 3.96276398362e-08],
        "max": [2.81367731094, 126.822715759, 378.310119629, 74.0355072021, 183.216140747, 77.6003112793, 372.74307251, 387.991241455, 263.698760986, 157.924316406, 143.708679199, 224.072052002, 47.5558395386, 25.3480644226, 12.1722354889, 13.9683790207, 35.1839447021, 67.9557571411, 186.875274658, 12.800028801, 17.1457805634, 25.7641735077, 39.9189033508, 35.3316650391, 33.1734313965, 53.4676437378, 118.529174805, 243.404052734, 159.744842529, 66.2476654053, 44.2460861206, 9.59287166595, 4.43464851379, 2.51240158081, 2.74184751511, 2.06117224693, 0.386353045702, 0.0680417194963, 0.0101545136422, 0.00169730163179],
        "mean": [0.545571386814, 4.91508197784, 12.7323303223, 5.92985534668, 5.44650268555, 6.46354961395, 35.6376304626, 48.2033500671, 30.4434661865, 22.5514907837, 30.4979534149, 34.6235427856, 8.98299312592, 2.05808949471, 1.19045186043, 1.50294268131, 1.63014924526, 4.05101919174, 9.31200027466, 2.3885114193, 3.24152612686, 5.07253217697, 7.85913944244, 5.98433303833, 5.64658260345, 12.4717416763, 26.1422367096, 37.8753433228, 30.4144744873, 16.017539978, 14.7136421204, 3.04607963562, 1.25100779533, 0.671646058559, 1.03312492371, 0.538857638836, 0.0802300199866, 0.019872482866, 0.0054020350799, 0.000995755661279],
        "median": [0.408272564411, 2.13050603867, 3.20301866531, 2.1381893158, 1.83434379101, 3.84608983994, 21.6967201233, 34.4105834961, 18.6937942505, 17.1372585297, 24.9350090027, 25.0355854034, 6.97184705734, 1.55228853226, 0.908274769783, 0.953005671501, 0.791561841965, 2.34787654877, 4.85662078857, 1.99224424362, 2.43985176086, 4.10296344757, 6.95723056793, 5.2872800827, 4.93512916565, 10.8361320496, 20.6563949585, 33.1954345703, 26.7640838623, 13.9148235321, 12.6926078796, 2.75615620613, 1.14946699142, 0.591206908226, 0.91376888752, 0.50194144249, 0.0677227079868, 0.0176286734641, 0.00532374437898, 0.000990597996861],
        "min": [0.00969791878015, 0.0753906965256, 0.0913551449776, 0.106501877308, 0.187661617994, 0.179338485003, 0.438146859407, 0.138085305691, 0.26973977685, 1.12135183811, 1.19262039661, 0.67431217432, 0.982997119427, 0.323614388704, 0.12679605186, 0.182151451707, 0.114787608385, 0.175182938576, 0.281479477882, 0.23056358099, 0.343545913696, 0.341575592756, 1.68598997593, 1.40545928478, 1.01713597775, 3.09031486511, 5.03493309021, 2.74572825432, 7.08120250702, 1.90526723862, 2.2333984375, 0.996000289917, 0.314882546663, 0.106552027166, 0.298649638891, 0.0806391239166, 0.00608459953219, 0.00515413703397, 0.00204139994457, 0.000402168225264],
        "var": [0.218685030937, 83.8450469971, 994.055236816, 117.986724854, 183.439178467, 63.0837554932, 1658.06359863, 2322.9831543, 1231.71362305, 410.268096924, 516.11541748, 1134.42333984, 46.7872123718, 4.41273117065, 1.17857074738, 3.34756875038, 11.7242870331, 57.2966461182, 421.151611328, 2.68906116486, 6.92739582062, 11.8985242844, 17.7086868286, 10.6048278809, 9.95154571533, 49.2287025452, 244.889205933, 687.554199219, 298.910095215, 84.3526382446, 63.7351760864, 1.58510863781, 0.24855941534, 0.112705618143, 0.199046120048, 0.0757627561688, 0.00295648514293, 0.000100415934867, 7.05759077846e-07, 1.85502351258e-08]
    },
    "gfcc": {
        "mean": [46.5359573364, 51.777797699, -55.2932853699, 54.118850708, -72.2547073364, -5.8088092804, -20.2795982361, 7.70418834686, 2.28742671013, 17.3302536011, -17.7341423035, 4.07572126389, -7.26093912125],
        "cov": [[673.448791504, 259.816619873, 1.72494769096, -24.5887432098, 4.52400493622, 41.5866317749, -111.417526245, -75.0797271729, -20.7575130463, 71.0750808716, -73.067276001, -44.6874542236, -75.3675918579], [259.816619873, 210.306549072, 67.9869155884, -3.00357794762, 26.3468837738, 13.888669014, -39.82289505, -28.7395420074, -8.57785987854, 17.6760082245, -27.737695694, -37.7111167908, -38.7666740417], [1.72494769096, 67.9869155884, 102.059379578, 43.0415382385, 30.1163597107, 0.931085407734, 6.70084571838, 8.16106033325, 2.02990078926, -9.45964050293, -14.2440366745, -6.77013254166, -11.1714601517], [-24.5887432098, -3.00357794762, 43.0415382385, 76.8220596313, 34.9701690674, 21.5052433014, 25.8328781128, 15.8567838669, 8.65582084656, -17.2009754181, -0.280905753374, -3.42838692665, 2.02481508255], [4.52400493622, 26.3468837738, 30.1163597107, 34.9701690674, 56.414390564, 31.8843688965, 20.9444980621, 9.71155071259, -2.77078795433, -9.47626209259, -2.70653581619, -6.51429796219, -9.68804836273], [41.5866317749, 13.888669014, 0.931085407734, 21.5052433014, 31.8843688965, 49.7380905151, 20.8129081726, 4.72392511368, 3.42685484886, -0.191431090236, -1.56088614464, -9.51864242554, -8.18933105469], [-111.417526245, -39.82289505, 6.70084571838, 25.8328781128, 20.9444980621, 20.8129081726, 57.5527458191, 35.681137085, 14.1840085983, -15.3775911331, 12.6647596359, 5.50134563446, 11.6481485367], [-75.0797271729, -28.7395420074, 8.16106033325, 15.8567838669, 9.71155071259, 4.72392511368, 35.681137085, 40.8590240479, 21.6709842682, -5.4858341217, 10.0141630173, 9.60293483734, 10.254242897], [-20.7575130463, -8.57785987854, 2.02990078926, 8.65582084656, -2.77078795433, 3.42685484886, 14.1840085983, 21.6709842682, 34.8013725281, 12.8537302017, 9.23849010468, 6.56617450714, 8.99705600739], [71.0750808716, 17.6760082245, -9.45964050293, -17.2009754181, -9.47626209259, -0.191431090236, -15.3775911331, -5.4858341217, 12.8537302017, 42.9905090332, 11.7169828415, 9.22393894196, -1.16845977306], [-73.067276001, -27.737695694, -14.2440366745, -0.280905753374, -2.70653581619, -1.56088614464, 12.6647596359, 10.0141630173, 9.23849010468, 11.7169828415, 48.0978813171, 21.3841247559, 18.5992221832], [-44.6874542236, -37.7111167908, -6.77013254166, -3.42838692665, -6.51429796219, -9.51864242554, 5.50134563446, 9.60293483734, 6.56617450714, 9.22393894196, 21.3841247559, 36.9069595337, 21.3057327271], [-75.3675918579, -38.7666740417, -11.1714601517, 2.02481508255, -9.68804836273, -8.18933105469, 11.6481485367, 10.254242897, 8.99705600739, -1.16845977306, 18.5992221832, 21.3057327271, 35.4740066528]],
        "icov": [[0.0173432342708, -0.0227345526218, 0.0195682477206, -0.01816970855, 0.0135073298588, -0.0180264078081, 0.0184726528823, -0.0113821011037, 0.0122598707676, -0.0196067690849, 0.0233148727566, -0.0201457310468, 0.0120741287246], [-0.0227345526218, 0.0426622442901, -0.0360728874803, 0.0303820353001, -0.0226818174124, 0.0187704563141, -0.0151817342266, 0.0160059537739, -0.0181840769947, 0.0218402482569, -0.0325322709978, 0.0372022502124, -0.0162321235985], [0.0195682477206, -0.0360728874803, 0.0472810044885, -0.0342992208898, 0.010603858158, -0.00650234241039, 0.0131298480555, -0.0139699829742, 0.013982639648, -0.0211713332683, 0.0323053523898, -0.0323121882975, 0.0183477215469], [-0.01816970855, 0.0303820353001, -0.0342992208898, 0.0487947352231, -0.0250129252672, 0.010740198195, -0.0161833819002, 0.0159865170717, -0.0237287636846, 0.0287101175636, -0.0278518311679, 0.027093488723, -0.0173522159457], [0.0135073298588, -0.0226818174124, 0.010603858158, -0.0250129252672, 0.0571212470531, -0.0365679860115, 0.0110546471551, -0.0203952360898, 0.0251362714916, -0.0134063977748, 0.0159645453095, -0.0228741373867, 0.0166523605585], [-0.0180264078081, 0.0187704563141, -0.00650234241039, 0.010740198195, -0.0365679860115, 0.0690834522247, -0.0454018563032, 0.030861241743, -0.0204621125013, 0.0110767865553, -0.0191346332431, 0.0231519769877, -0.00681630568579], [0.0184726528823, -0.0151817342266, 0.0131298480555, -0.0161833819002, 0.0110546471551, -0.0454018563032, 0.0891221836209, -0.0605391860008, 0.0179857648909, -0.00832282006741, 0.0133533598855, -0.00988071970642, 0.00258539011702], [-0.0113821011037, 0.0160059537739, -0.0139699829742, 0.0159865170717, -0.0203952360898, 0.030861241743, -0.0605391860008, 0.0992221012712, -0.0527834109962, 0.0216072760522, -0.0124551681802, -0.000805529940408, 0.00186185352504], [0.0122598707676, -0.0181840769947, 0.013982639648, -0.0237287636846, 0.0251362714916, -0.0204621125013, 0.0179857648909, -0.0527834109962, 0.0789017602801, -0.0417134314775, 0.0179505310953, -0.00447100773454, -0.00468553649262], [-0.0196067690849, 0.0218402482569, -0.0211713332683, 0.0287101175636, -0.0134063977748, 0.0110767865553, -0.00832282006741, 0.0216072760522, -0.0417134314775, 0.0718505531549, -0.0373271740973, 0.00538523681462, -0.00142941635568], [0.0233148727566, -0.0325322709978, 0.0323053523898, -0.0278518311679, 0.0159645453095, -0.0191346332431, 0.0133533598855, -0.0124551681802, 0.0179505310953, -0.0373271740973, 0.0662762224674, -0.0394676215947, 0.00807734113187], [-0.0201457310468, 0.0372022502124, -0.0323121882975, 0.027093488723, -0.0228741373867, 0.0231519769877, -0.00988071970642, -0.000805529940408, -0.00447100773454, 0.00538523681462, -0.0394676215947, 0.087335459888, -0.0417425706983], [0.0120741287246, -0.0162321235985, 0.0183477215469, -0.0173522159457, 0.0166523605585, -0.00681630568579, 0.00258539011702, 0.00186185352504, -0.00468553649262, -0.00142941635568, 0.00807734113187, -0.0417425706983, 0.0664359405637]]
    },
    "melbands": {
        "dmean": [0.00388510269113, 0.00575779331848, 0.000828571792226, 0.000292119104415, 0.000530808232725, 0.0005687623634, 0.000162173833814, 0.000149391999003, 0.000167235586559, 0.000100354845927, 2.21026803047e-05, 4.25579128205e-06, 2.1617204311e-06, 1.72931288489e-06, 2.08636265597e-06, 1.28738349758e-06, 3.37928941008e-06, 9.68249150901e-06, 2.04130424208e-06, 1.58546902185e-06, 1.9807478111e-06, 2.26755173571e-06, 3.4751099065e-06, 2.6284908472e-06, 2.42591750066e-06, 1.85721785328e-06, 2.00929389393e-06, 3.44837189914e-06, 1.22045585158e-05, 1.23478494061e-05, 1.09336278911e-05, 8.71250540513e-06, 4.16388320446e-06, 6.83317284711e-06, 8.11273093859e-06, 2.05913033824e-06, 3.87270375768e-07, 3.06047610366e-07, 1.99614675012e-07, 1.92670967181e-07],
        "dmean2": [0.00647231563926, 0.00981408637017, 0.00139692437369, 0.000491260783747, 0.000969851389527, 0.0010365358321, 0.000271272321697, 0.000269245530944, 0.000308366667014, 0.000183495430974, 3.99880009354e-05, 7.15663964002e-06, 3.76698631044e-06, 3.01925774693e-06, 3.49184574588e-06, 2.09237214222e-06, 5.41139525012e-06, 1.52108104885e-05, 3.77487481273e-06, 2.85070291284e-06, 3.57812268703e-06, 4.03007607019e-06, 6.24045105724e-06, 4.58881959275e-06, 4.44282704848e-06, 3.23535027746e-06, 3.55488305104e-06, 5.98115730099e-06, 2.35053757933e-05, 2.32147176575e-05, 2.01207330974e-05, 1.58022376127e-05, 7.65958975535e-06, 1.32151690195e-05, 1.56591340783e-05, 3.93515347241e-06, 6.84180463395e-07, 5.50166589619e-07, 3.66652500361e-07, 3.42684472798e-07],
        "dvar": [2.95898134937e-05, 0.00025181172532, 3.0067062653e-06, 5.00498799738e-07, 5.87247996009e-07, 4.40470756757e-07, 4.34925020443e-08, 3.29733715887e-08, 3.69456678584e-08, 1.33310740225e-08, 6.28946839054e-10, 3.7732754421e-11, 7.4670773037e-12, 3.07869636902e-12, 1.0762286895e-11, 5.68672539614e-12, 3.58588957139e-11, 4.95162300052e-10, 3.16331878226e-12, 1.8603499817e-12, 4.3032708473e-12, 5.02103133376e-12, 9.15791227574e-12, 9.64819717175e-12, 4.56012484717e-12, 3.03207112196e-12, 5.40053115075e-12, 1.28196333757e-11, 7.05748931518e-11, 9.74719471802e-11, 1.05489998681e-10, 5.6349067773e-11, 1.23251738676e-11, 2.05724395852e-11, 2.99575954321e-11, 2.0445698086e-12, 1.34748915043e-13, 6.48928813788e-14, 3.01573172088e-14, 2.81034943987e-14],
        "dvar2": [7.59222239139e-05, 0.000647472974379, 7.93587605585e-06, 1.30462024117e-06, 1.96210021386e-06, 1.48107244513e-06, 1.06843437209e-07, 1.03262074447e-07, 1.2491994994e-07, 4.46954437905e-08, 1.99006167101e-09, 7.62033977586e-11, 1.76441413563e-11, 9.0968881733e-12, 2.1051552862e-11, 1.06754188822e-11, 5.90629906094e-11, 8.73777883381e-10, 9.09294167739e-12, 5.39095114035e-12, 1.29551447695e-11, 1.43933597679e-11, 2.56069887516e-11, 2.61374810684e-11, 1.27473118866e-11, 7.47396242118e-12, 1.48643892334e-11, 3.20909410156e-11, 2.26771282308e-10, 2.84398976591e-10, 2.75497402669e-10, 1.59554758294e-10, 3.24996522749e-11, 6.31722729683e-11, 9.24315068929e-11, 6.4081786752e-12, 4.01280381536e-13, 1.9137973541e-13, 9.06553478119e-14, 8.88735360804e-14],
        "max": [0.0716205537319, 0.19904230535, 0.0153713161126, 0.00758066726848, 0.0100885108113, 0.00759890535846, 0.00344449537806, 0.00184255081695, 0.0016423703637, 0.00124930846505, 0.000234955048654, 0.00010686773021, 4.78834845126e-05, 2.31030862778e-05, 8.22548463475e-05, 4.65571429231e-05, 0.000140180229209, 0.000394167989725, 2.54511578532e-05, 1.52579978021e-05, 2.2138496206e-05, 2.88636801997e-05, 2.69613265118e-05, 4.24206555181e-05, 3.18574639095e-05, 2.4455748644e-05, 3.22204577969e-05, 3.44752152159e-05, 6.6283493652e-05, 0.000113282323582, 0.000139899042551, 0.000112164663733, 4.9221507652e-05, 3.80929013772e-05, 3.47056738974e-05, 8.87548594619e-06, 4.5921246965e-06, 3.82864209314e-06, 1.91005756278e-06, 2.35580682784e-06],
        "mean": [0.00552204204723, 0.00678501836956, 0.00110752286855, 0.000377622083761, 0.00103515188675, 0.00113205809612, 0.000410080974689, 0.000253535137745, 0.000281167012872, 0.000193543935893, 3.88772059523e-05, 8.06221214589e-06, 3.91786034015e-06, 3.32341414833e-06, 4.7740932132e-06, 2.59936314251e-06, 8.26832001621e-06, 1.89647071238e-05, 3.60645231012e-06, 2.76076002592e-06, 4.13611542172e-06, 4.8853798944e-06, 7.24916208128e-06, 5.99844042881e-06, 4.68622738481e-06, 4.46482681582e-06, 4.70969052913e-06, 8.47638602863e-06, 1.53748551384e-05, 1.87462428585e-05, 2.1679308702e-05, 1.86119832506e-05, 9.83728568826e-06, 8.28903012007e-06, 1.00069082691e-05, 3.57858311872e-06, 1.22795472635e-06, 9.8330349374e-07, 5.36811171514e-07, 5.03429021137e-07],
        "median": [0.00382328568958, 0.00197519268841, 0.000380498648155, 0.000170293831616, 0.000672473921441, 0.000853496079799, 0.000256834318861, 0.00018537901633, 0.000222098286031, 0.00014168972848, 2.85226415144e-05, 5.63381900065e-06, 2.84077214019e-06, 2.53049211096e-06, 2.47683738053e-06, 1.48176832226e-06, 4.79687287225e-06, 9.24079358811e-06, 2.88581077257e-06, 2.33640912484e-06, 2.97722453979e-06, 3.64666811947e-06, 6.22361949354e-06, 5.15207375429e-06, 4.02042223868e-06, 3.8120751924e-06, 3.95401184505e-06, 7.19985291653e-06, 1.25867409224e-05, 1.53988130478e-05, 1.88612393686e-05, 1.60676572705e-05, 8.93842661753e-06, 6.88402451487e-06, 8.75109162735e-06, 3.21580955642e-06, 1.07536243377e-06, 8.85067095169e-07, 4.75125943922e-07, 4.26290853284e-07],
        "min": [0.000129485459183, 9.11986935535e-05, 3.21170009556e-05, 1.24759753817e-05, 1.25663245854e-05, 4.02627665608e-06, 5.3128651416e-06, 1.20328040794e-05, 9.7685124274e-06, 3.52741267307e-06, 4.54199607702e-06, 8.91526042324e-07, 2.95599534184e-07, 4.43132250894e-07, 3.09793819042e-07, 1.90928886923e-07, 2.67714511892e-07, 4.43418230134e-07, 2.69113058948e-07, 2.20586699129e-07, 3.36831647019e-07, 1.73387277869e-07, 1.13999044515e-06, 1.10534301712e-06, 9.86723421192e-07, 7.95677181031e-07, 9.01661564967e-07, 1.76838955213e-06, 3.02275157082e-06, 2.61834679804e-06, 1.20210484056e-06, 3.91384264731e-06, 2.336188345e-06, 7.32374758172e-07, 1.13557587156e-06, 1.16943954254e-06, 3.68905546111e-07, 2.76379807929e-07, 7.66735155366e-08, 7.17521473348e-08],
        "var": [3.66065651178e-05, 0.000234341787291, 4.36435175288e-06, 5.29737576471e-07, 1.22981668937e-06, 1.09919574243e-06, 2.14521278963e-07, 5.05541777329e-08, 4.92373146699e-08, 3.44128494589e-08, 1.0863387967e-09, 8.77589390047e-11, 1.61562707657e-11, 7.18430696878e-12, 8.71540409286e-11, 2.13707888191e-11, 2.28587163087e-10, 1.90762983188e-09, 7.741288513e-12, 3.45795245736e-12, 1.30629404863e-11, 1.63505615297e-11, 1.63506257145e-11, 1.3255645713e-11, 8.32372105269e-12, 7.30916022151e-12, 1.06956735135e-11, 2.61499641385e-11, 8.42369785037e-11, 1.61912871999e-10, 2.29699759213e-10, 1.38121902804e-10, 3.26412508134e-11, 2.73874915802e-11, 3.40424459455e-11, 2.57214171837e-12, 3.72669749877e-13, 1.67010055416e-13, 7.22951768437e-14, 8.62924166259e-14]
    },
    "mfcc": {
        "mean": [-615.44354248, 87.7694015503, 53.4631309509, 57.4999542236, -16.0595912933, 9.50842666626, -20.9590797424, 1.81624174118, 9.29846096039, 12.0356416702, 12.0430898666, 7.22966957092, -4.52144384384],
        "cov": [[684.450805664, 206.151046753, 7.66451215744, -50.0930709839, 48.8606719971, 67.7310791016, -59.4742965698, -108.464508057, -19.454334259, -5.92287683487, 27.3273983002, -17.3883171082, -22.9420089722], [206.151046753, 185.275177002, 51.9315757751, -7.60143899918, 38.8542518616, 15.086815834, -10.9590377808, -43.5918960571, -9.09676551819, -2.33369398117, 17.4929504395, -10.933848381, -22.1104393005], [7.66451215744, 51.9315757751, 69.1375961304, 35.6634521484, 23.0277824402, 7.44773864746, -3.40708327293, 1.59859549999, 5.92180871964, 8.10990619659, -0.333858698606, -3.99199199677, -4.49493741989], [-50.0930709839, -7.60143899918, 35.6634521484, 62.4213867188, 21.2904205322, 5.41612625122, 10.5408687592, 27.6071395874, 11.8207502365, 9.47225761414, -7.30980300903, -0.300200134516, 1.05616486073], [48.8606719971, 38.8542518616, 23.0277824402, 21.2904205322, 47.0791816711, 25.2807312012, 12.0812234879, 4.69822311401, 3.03786730766, 3.34359240532, 1.95543122292, 0.332331389189, -4.48210048676], [67.7310791016, 15.086815834, 7.44773864746, 5.41612625122, 25.2807312012, 44.331653595, 15.4537258148, 2.99005270004, 5.43492269516, 3.93796157837, 3.97538971901, 0.811209559441, -2.51257777214], [-59.4742965698, -10.9590377808, -3.40708327293, 10.5408687592, 12.0812234879, 15.4537258148, 51.1952095032, 31.1676292419, 4.7062125206, 3.47201871872, -1.2155174017, 4.93696212769, 3.36143708229], [-108.464508057, -43.5918960571, 1.59859549999, 27.6071395874, 4.69822311401, 2.99005270004, 31.1676292419, 64.6084671021, 24.2168388367, 10.478600502, -8.51113414764, 7.61907434464, 7.15485572815], [-19.454334259, -9.09676551819, 5.92180871964, 11.8207502365, 3.03786730766, 5.43492269516, 4.7062125206, 24.2168388367, 35.8680000305, 12.178976059, 1.81318759918, 1.01266407967, -0.0623111203313], [-5.92287683487, -2.33369398117, 8.10990619659, 9.47225761414, 3.34359240532, 3.93796157837, 3.47201871872, 10.478600502, 12.178976059, 29.3112869263, 8.60810661316, 1.03155386448, -0.59276753664], [27.3273983002, 17.4929504395, -0.333858698606, -7.30980300903, 1.95543122292, 3.97538971901, -1.2155174017, -8.51113414764, 1.81318759918, 8.60810661316, 27.4628486633, 7.40292882919, -1.054433465], [-17.3883171082, -10.933848381, -3.99199199677, -0.300200134516, 0.332331389189, 0.811209559441, 4.93696212769, 7.61907434464, 1.01266407967, 1.03155386448, 7.40292882919, 26.0311985016, 15.6515569687], [-22.9420089722, -22.1104393005, -4.49493741989, 1.05616486073, -4.48210048676, -2.51257777214, 3.36143708229, 7.15485572815, -0.0623111203313, -0.59276753664, -1.054433465, 15.6515569687, 27.1414012909]],
