{
"lowlevel": {
    "average_loudness": 0.955960512161,
    "barkbands_crest": {
        "dmean": 2.67087745667,
        "dmean2": 4.75619602203,
        "dvar": 6.39113473892,
        "dvar2": 18.3373031616,
        "max": 23.9239673615,
        "mean": 13.0436162949,
        "median": 11.6101198196,
        "min": 5.41935014725,
        "var": 29.5991897583
    },
    "barkbands_flatness_db": {
        "dmean": 0.0261362120509,
        "dmean2": 0.0445438101888,
        "dvar": 0.000663158483803,
        "dvar2": 0.00136162736453,
        "max": 0.510798454285,
        "mean": 0.333540558815,
        "median": 0.359262347221,
        "min": 0.126304686069,
        "var": 0.00753334071487
    },
    "barkbands_kurtosis": {
        "dmean": 4.28645038605,
        "dmean2": 7.22061252594,
        "dvar": 52.7606124878,
        "dvar2": 101.100570679,
        "max": 85.2418365479,
        "mean": 16.6588039398,
        "median": 4.49159479141,
        "min": -0.862116098404,
        "var": 677.777038574
    },
    "barkbands_skewness": {
        "dmean": 0.566966414452,
        "dmean2": 1.00713086128,
        "dvar": 0.469894707203,
        "dvar2": 1.06406033039,
        "max": 7.11089801788,
        "mean": 2.03166747093,
        "median": 1.47299838066,
        "min": -0.540581762791,
        "var": 4.9338760376
    },
    "barkbands_spread": {
        "dmean": 1.41218054295,
        "dmean2": 2.42338967323,
        "dvar": 2.89619326591,
        "dvar2": 8.3251209259,
        "max": 14.6070966721,
        "mean": 3.69382023811,
        "median": 3.21778011322,
        "min": 0.816457211971,
        "var": 6.69774580002
    },
    "dissonance": {
        "dmean": 0.0490050055087,
        "dmean2": 0.0860935896635,
        "dvar": 0.00297387549654,
        "dvar2": 0.00769974663854,
        "max": 0.482667505741,
        "mean": 0.347501009703,
        "median": 0.369689404964,
        "min": 0.056060757488,
        "var": 0.0110558774322
    },
    "dynamic_complexity": 4.89343309402,
    "erbbands_crest": {
        "dmean": 3.27984166145,
        "dmean2": 5.44198131561,
        "dvar": 9.94313144684,
        "dvar2": 30.9108810425,
        "max": 25.0544433594,
        "mean": 15.8330669403,
        "median": 15.9792032242,
        "min": 6.93117284775,
        "var": 20.4509124756
    },
    "erbbands_flatness_db": {
        "dmean": 0.0179790798575,
        "dmean2": 0.0285094790161,
        "dvar": 0.000426518265158,
        "dvar2": 0.000697515904903,
        "max": 0.540029585361,
        "mean": 0.353833198547,
        "median": 0.337497383356,
        "min": 0.176712587476,
        "var": 0.00780138093978
    },
    "erbbands_kurtosis": {
        "dmean": 1.76789367199,
        "dmean2": 2.83749675751,
        "dvar": 4.01650857925,
        "dvar2": 8.27282142639,
        "max": 20.8190784454,
        "mean": 5.33882331848,
        "median": 2.30964612961,
        "min": -1.36173987389,
        "var": 46.6629142761
    },
    "erbbands_skewness": {
        "dmean": 0.363759815693,
        "dmean2": 0.609821021557,
        "dvar": 0.219195276499,
        "dvar2": 0.49388256669,
        "max": 3.81259584427,
        "mean": 1.19361424446,
        "median": 1.029971838,
        "min": -0.805219769478,
        "var": 1.79512047768
    },
    "erbbands_spread": {
        "dmean": 2.38088870049,
        "dmean2": 3.6214325428,
        "dvar": 11.7755451202,
        "dvar2": 29.3327121735,
        "max": 39.0962715149,
        "mean": 9.95553207397,
        "median": 6.71701526642,
        "min": 2.21628212929,
        "var": 44.4363479614
    },
    "hfc": {
        "dmean": 2.24307084084,
        "dmean2": 3.56023836136,
        "dvar": 11.5012321472,
        "dvar2": 26.2823696136,
        "max": 44.0687484741,
        "mean": 10.0042495728,
        "median": 3.87431693077,
        "min": 0.0736293420196,
        "var": 123.32724762
    },
    "melbands_crest": {
        "dmean": 3.75511670113,
        "dmean2": 6.71383571625,
        "dvar": 10.1068019867,
        "dvar2": 35.898235321,
        "max": 22.5764904022,
        "mean": 15.455242157,
        "median": 15.0304698944,
        "min": 6.85177612305,
        "var": 16.1958312988
    },
    "melbands_flatness_db": {
        "dmean": 0.0291775185615,
        "dmean2": 0.0499034710228,
        "dvar": 0.000777172972448,
        "dvar2": 0.00181707157753,
        "max": 0.593619942665,
        "mean": 0.426167845726,
        "median": 0.4550588727,
        "min": 0.22710339725,
        "var": 0.00800698809326
    },
    "melbands_kurtosis": {
        "dmean": 3.51211357117,
        "dmean2": 6.06606340408,
        "dvar": 26.0581474304,
        "dvar2": 54.0527420044,
        "max": 61.2534408569,
        "mean": 11.5158720016,
        "median": 4.33943605423,
        "min": -1.03108465672,
        "var": 289.060699463
    },
    "melbands_skewness": {
        "dmean": 0.531321048737,
        "dmean2": 0.967301726341,
        "dvar": 0.289115309715,
        "dvar2": 0.734743595123,
        "max": 5.0297498703,
        "mean": 1.63098025322,
        "median": 1.27138614655,
        "min": -0.330031186342,
        "var": 2.16123080254
    },
    "melbands_spread": {
        "dmean": 2.07750678062,
        "dmean2": 3.55354881287,
        "dvar": 4.19187450409,
        "dvar2": 13.2907447815,
        "max": 15.5818710327,
        "mean": 5.78375148773,
        "median": 5.7811756134,
        "min": 1.15438628197,
        "var": 10.2421607971
    },
    "pitch_salience": {
        "dmean": 0.0607944615185,
        "dmean2": 0.107972577214,
        "dvar": 0.00855655875057,
        "dvar2": 0.0218167975545,
        "max": 0.858002960682,
        "mean": 0.497703701258,
        "median": 0.465822339058,
        "min": 0.269243150949,
        "var": 0.0270192865282
    },
    "silence_rate_20dB": {
        "dmean": 0,
        "dmean2": 0,
        "dvar": 0,
        "dvar2": 0,
        "max": 1,
        "mean": 1,
        "median": 1,
        "min": 1,
        "var": 0
    },
    "silence_rate_30dB": {
        "dmean": 0,
        "dmean2": 0,
        "dvar": 0,
        "dvar2": 0,
        "max": 1,
        "mean": 1,
        "median": 1,
        "min": 1,
        "var": 0
    },
    "silence_rate_60dB": {
        "dmean": 0.00909090880305,
        "dmean2": 0.0183486230671,
        "dvar": 0.009008272551,
        "dvar2": 0.0180119443685,
        "max": 1,
        "mean": 0.270270258188,
        "median": 0,
        "min": 0,
        "var": 0.197224184871
    },
    "spectral_centroid": {
        "dmean": 85.5829391479,
        "dmean2": 151.217819214,
        "dvar": 9883.36328125,
        "dvar2": 29758.1425781,
        "max": 1058.37414551,
        "mean": 501.298980713,
        "median": 495.254150391,
        "min": 288.591918945,
        "var": 21509.7226562
    },
    "spectral_complexity": {
        "dmean": 1.2090909481,
        "dmean2": 2.06422019005,
        "dvar": 4.07446670532,
        "dvar2": 9.36284923553,
        "max": 19,
        "mean": 6.15315294266,
        "median": 6,
        "min": 0,
        "var": 9.75131893158
    },
    "spectral_decrease": {
        "dmean": 1.29292720974e-09,
        "dmean2": 2.31350893998e-09,
        "dvar": 3.10492830834e-18,
        "dvar2": 9.20138673483e-18,
        "max": -3.30513047486e-11,
        "mean": -5.0779722649e-09,
        "median": -3.47495499042e-09,
        "min": -1.61716418035e-08,
        "var": 2.14138018892e-17
    },
    "spectral_energy": {
        "dmean": 0.00507413223386,
        "dmean2": 0.00904996879399,
        "dvar": 4.79780137539e-05,
        "dvar2": 0.000140672244015,
        "max": 0.0650326982141,
        "mean": 0.0200728196651,
        "median": 0.0134523659945,
        "min": 0.00013142140233,
        "var": 0.000340375845553
    },
    "spectral_energyband_high": {
        "dmean": 5.42177815532e-07,
        "dmean2": 8.44237376896e-07,
        "dvar": 1.06902973886e-12,
        "dvar2": 1.61131719946e-12,
        "max": 1.19476508189e-05,
        "mean": 1.60891636369e-06,
        "median": 1.42248018165e-06,
        "min": 9.30151173861e-08,
        "var": 2.22757966586e-12
    },
    "spectral_energyband_low": {
        "dmean": 0.000136502392706,
        "dmean2": 0.000198021632968,
        "dvar": 4.58425404304e-08,
        "dvar2": 1.26982342863e-07,
        "max": 0.00239663477987,
        "mean": 0.000520077883266,
        "median": 0.000312035583192,
        "min": 9.32580678636e-06,
        "var": 3.43669569247e-07
    },
    "spectral_energyband_middle_high": {
        "dmean": 0.000628837035038,
        "dmean2": 0.000880959560163,
        "dvar": 1.72834074874e-06,
        "dvar2": 3.25839641846e-06,
        "max": 0.0134551785886,
        "mean": 0.00226984266192,
        "median": 0.000143330791616,
        "min": 1.16796045404e-05,
        "var": 1.16712508316e-05
    },
    "spectral_energyband_middle_low": {
        "dmean": 0.00483106030151,
        "dmean2": 0.0087120262906,
        "dvar": 4.0837279812e-05,
        "dvar2": 0.000128055646201,
        "max": 0.0542072281241,
        "mean": 0.0181033220142,
        "median": 0.0133710633963,
        "min": 0.00010088365525,
        "var": 0.000254931830568
    },
    "spectral_entropy": {
        "dmean": 0.272382289171,
        "dmean2": 0.473657488823,
        "dvar": 0.0767037421465,
        "dvar2": 0.16790252924,
        "max": 7.8343334198,
        "mean": 5.90595054626,
        "median": 5.62768745422,
        "min": 4.63084363937,
        "var": 0.53198081255
    },
    "spectral_flux": {
        "dmean": 0.0178619176149,
        "dmean2": 0.0236110966653,
        "dvar": 0.000552045588847,
        "dvar2": 0.00104707025457,
        "max": 0.200013205409,
        "mean": 0.0434433445334,
        "median": 0.0352907143533,
        "min": 0.00492661539465,
        "var": 0.00144142704085
    },
    "spectral_kurtosis": {
        "dmean": 20.2688484192,
        "dmean2": 32.2326126099,
        "dvar": 777.533935547,
        "dvar2": 1766.33532715,
        "max": 270.064300537,
        "mean": 56.6107635498,
        "median": 23.5086574554,
        "min": 5.98030757904,
        "var": 4160.6640625
    },
    "spectral_rms": {
        "dmean": 0.0005678072921,
        "dmean2": 0.00100624398328,
        "dvar": 4.3691474616e-07,
        "dvar2": 1.31105400669e-06,
        "max": 0.00796533282846,
        "mean": 0.00385655625723,
        "median": 0.00362274190411,
        "min": 0.000358072633389,
        "var": 4.71020393888e-06
    },
    "spectral_rolloff": {
        "dmean": 50.1136360168,
        "dmean2": 94.6275634766,
        "dvar": 7149.99658203,
        "dvar2": 17441.2714844,
        "max": 947.4609375,
        "mean": 609.137756348,
        "median": 602.9296875,
        "min": 279.931640625,
        "var": 33112.3632812
    },
    "spectral_skewness": {
        "dmean": 1.13278770447,
        "dmean2": 1.88321959972,
        "dvar": 1.45531642437,
        "dvar2": 3.34126019478,
        "max": 13.2961730957,
        "mean": 4.65006351471,
        "median": 3.42134165764,
        "min": 1.27962660789,
        "var": 8.75475502014
    },
    "spectral_spread": {
        "dmean": 400468.625,
        "dmean2": 654586.4375,
        "dvar": 665043402752,
        "dvar2": 746887774208,
        "max": 11151988,
        "mean": 1842942.375,
        "median": 1912638,
        "min": 300231.875,
        "var": 1.52404256358e+12
    },
    "spectral_strongpeak": {
        "dmean": 0.361647337675,
        "dmean2": 0.546982765198,
        "dvar": 0.153073564172,
        "dvar2": 0.374097943306,
        "max": 4.58188056946,
        "mean": 1.32007086277,
        "median": 1.05527901649,
        "min": 0.0401575379074,
        "var": 1.40270376205
    },
    "zerocrossingrate": {
        "dmean": 0.0022816050332,
        "dmean2": 0.0033910907805,
        "dvar": 6.52013795843e-06,
        "dvar2": 1.04984428617e-05,
        "max": 0.0380859375,
        "mean": 0.0226061027497,
        "median": 0.0234375,
        "min": 0.00634765625,
        "var": 3.89786218875e-05
    },
    "barkbands": {
        "dmean": [4.55867251503e-07, 2.94233245768e-06, 2.92850490951e-05, 0.000172674204805, 0.00103660323657, 0.0035829199478, 0.000392076792195, 0.00129416002892, 0.000872089643963, 0.000430179614341, 0.000260577595327, 8.40923385113e-05, 3.97008225264e-05, 1.45023095683e-05, 1.03595966721e-05, 2.09128593269e-05, 1.69195955095e-05, 1.06424995465e-05, 2.34293247559e-06, 5.58164117592e-07, 2.38263169194e-07, 7.31768636797e-08, 1.6669133629e-08, 1.58169264353e-08, 1.60337059185e-08, 1.60761182144e-08, 2.54948897549e-08],
        "dmean2": [5.94035554968e-07, 4.34035700891e-06, 4.48087084806e-05, 0.000252728466876, 0.00170368887484, 0.00680683040991, 0.00063063018024, 0.00161644746549, 0.00131895276718, 0.000588848080952, 0.000360144738806, 0.000134772781166, 6.10063980275e-05, 2.22455473704e-05, 1.85585395229e-05, 3.46786691807e-05, 2.93528119073e-05, 1.84468881343e-05, 3.97796929974e-06, 9.59686076385e-07, 3.88231114812e-07, 1.11274033543e-07, 1.97180085593e-08, 1.89011295504e-08, 1.95550526882e-08, 1.92667464205e-08, 3.18045039194e-08],
        "dvar": [7.2924851921e-12, 3.87036167004e-11, 1.8736538987e-09, 7.65383632029e-08, 2.24907671509e-06, 2.27105574595e-05, 1.43385091178e-06, 6.05832337897e-06, 5.88615648667e-06, 6.21330286776e-07, 6.2040692228e-07, 3.2409914752e-08, 1.33963515836e-08, 1.30707233925e-09, 7.74563357897e-10, 3.3693330348e-09, 2.542144939e-09, 6.7469868581e-10, 2.87820167005e-11, 6.17370087344e-13, 1.43737425391e-13, 2.28163113538e-14, 1.54716141293e-14, 1.42129604391e-14, 1.32640624626e-14, 1.19293282731e-14, 1.1401448023e-14],
        "dvar2": [7.52388863018e-12, 7.53669349152e-11, 5.30326138559e-09, 2.10178598081e-07, 5.2909713304e-06, 8.7844695372e-05, 2.63575179815e-06, 8.43436555442e-06, 1.18471743917e-05, 1.31967840389e-06, 9.36628794079e-07, 6.98027236012e-08, 2.06997032848e-08, 3.02872216196e-09, 2.22710005993e-09, 6.99431890183e-09, 7.52902895584e-09, 1.92042737268e-09, 6.86385046023e-11, 1.68535845002e-12, 3.40223698823e-13, 3.59559522998e-14, 1.59044157781e-14, 1.43954723223e-14, 1.34658146992e-14, 1.2402727364e-14, 1.12601027881e-14],
        "max": [2.8493190257e-05, 5.02176626469e-05, 0.000327447516611, 0.00351937394589, 0.0124220978469, 0.0223303101957, 0.0116975251585, 0.03468407318, 0.0281612500548, 0.00810411199927, 0.00699975388125, 0.00162567826919, 0.00123251462355, 0.000302354863379, 0.000182329677045, 0.000454659311799, 0.000332876399625, 0.000162539785379, 4.62920834252e-05, 7.39993356547e-06, 3.18888623951e-06, 1.68514816323e-06, 1.34578931466e-06, 1.28176316139e-06, 1.2417558537e-06, 1.21359448713e-06, 1.36689300234e-06],
        "mean": [4.58790083258e-07, 4.08097184845e-06, 7.94884399511e-05, 0.0006971937255, 0.00341137405485, 0.00442651147023, 0.00151213654317, 0.00455377856269, 0.00297176139429, 0.00155707029626, 0.000492732855491, 0.00021748279687, 6.87161227688e-05, 1.33847206598e-05, 9.2691188911e-06, 2.40463759837e-05, 1.71698538907e-05, 9.70947621681e-06, 3.94121343561e-06, 1.47096648107e-06, 6.04304830176e-07, 1.79319926019e-07, 2.94872108952e-08, 2.46922979841e-08, 2.78095111383e-08, 2.98283211464e-08, 1.24103664234e-07],
        "median": [8.41977225718e-08, 1.48049343807e-06, 6.12411968177e-05, 0.000275941041764, 0.00156340457033, 0.0014590616338, 5.10775134899e-05, 0.00148048205301, 9.98703035293e-05, 0.000102454214357, 1.29761010612e-05, 1.11612034743e-05, 3.45769922205e-06, 2.01918601306e-06, 6.98211124472e-07, 2.48531796387e-06, 3.93448999603e-06, 3.65607138519e-06, 2.98003669741e-06, 1.35012510327e-06, 5.44021531823e-07, 1.55700178084e-07, 1.79003780687e-08, 1.21340866244e-08, 1.60960205164e-08, 1.69466751743e-08, 1.14303354337e-07],
        "min": [1.09922460023e-09, 1.28015917866e-08, 2.12773238673e-06, 5.70179781789e-06, 1.10677337943e-05, 1.20916110973e-05, 5.09788333147e-06, 4.27121121902e-05, 4.89383319291e-06, 2.95841300613e-06, 4.23415343676e-07, 2.88875042997e-07, 3.72497794388e-07, 1.78786024208e-07, 9.79177698923e-08, 1.08902007412e-07, 3.87184172723e-07, 2.41222124941e-07, 2.00864604949e-07, 8.49642276535e-08, 3.03679961178e-08, 7.21124404635e-09, 9.59611945461e-10, 6.78760381234e-10, 8.15402689813e-10, 5.85869464054e-10, 6.19702378302e-09],
        "var": [7.32544840759e-12, 5.91248022763e-11, 5.70660407817e-09, 7.8029921724e-07, 1.63551922014e-05, 2.90275474981e-05, 1.09693282866e-05, 5.09673882334e-05, 3.28802234435e-05, 5.01948943565e-06, 2.16500893657e-06, 1.53796904101e-07, 3.75370774464e-08, 1.33976085781e-09, 5.60646806758e-10, 4.34409219707e-09, 2.07139394526e-09, 4.73791061939e-10, 3.46025708087e-11, 1.32844549163e-12, 2.79712125857e-13, 3.79158239094e-14, 1.59208583816e-14, 1.45306333697e-14, 1.36155506425e-14, 1.30320584443e-14, 2.06284862374e-14]
    },
    "erbbands": {
        "dmean": [5.36673614988e-05, 0.00090985011775, 0.0226920004934, 0.370183795691, 0.469380706549, 3.33406352997, 36.7464904785, 10.4184885025, 6.0126786232, 4.63603115082, 34.2956428528, 13.8154706955, 14.8627328873, 13.7447853088, 8.77577400208, 3.35879278183, 1.75985348225, 0.79350322485, 0.557282924652, 0.94990581274, 0.990548372269, 1.01513981819, 0.604600608349, 0.27850446105, 0.0698785558343, 0.0293125025928, 0.0125854806975, 0.00652698008344, 0.00285468017682, 0.0007745816838, 0.000448458915344, 0.000342660641763, 0.000261863286141, 0.000181429611985, 0.00011763634393, 6.52346279821e-05, 3.25387336488e-05, 1.21629318528e-05, 5.3621411098e-06, 5.83172959523e-06],
        "dmean2": [7.95007654233e-05, 0.00136826175731, 0.0340959466994, 0.537723779678, 0.803063690662, 5.25755977631, 68.8705368042, 19.6782016754, 9.32032966614, 7.34618806839, 39.4225502014, 19.1757125854, 23.3955593109, 17.7433815002, 13.26329422, 4.89878082275, 2.57596564293, 1.20265567303, 0.847380816936, 1.50704646111, 1.70169460773, 1.68606376648, 1.03129923344, 0.492012381554, 0.114074416459, 0.0504012182355, 0.0211520101875, 0.0104811843485, 0.00433064624667, 0.000945530890021, 0.00053760712035, 0.00039967376506, 0.000320897175698, 0.000219659501454, 0.000148131279275, 8.05673262221e-05, 4.0163344238e-05, 1.64335669979e-05, 7.99662302597e-06, 1.03628972283e-05],
        "dvar": [2.78217964222e-08, 2.31173362408e-06, 0.0011343692895, 0.351822733879, 0.75189435482, 37.3052902222, 2320.13916016, 190.140106201, 397.362365723, 66.2042007446, 3262.52441406, 890.649597168, 1301.09667969, 956.20123291, 851.34375, 45.6056098938, 22.5974807739, 3.87800812721, 2.00641679764, 5.83649301529, 8.4703540802, 8.73916053772, 2.12905287743, 0.410407245159, 0.0177005529404, 0.00240091606975, 0.000351467606379, 8.88071517693e-05, 2.89113741019e-05, 2.12647664739e-05, 1.11645958896e-05, 6.80977200318e-06, 3.68468136003e-06, 1.76480057235e-06, 6.36109348306e-07, 1.94395497033e-07, 4.31173141635e-08, 4.28586321988e-09, 2.38435632349e-10, 5.98544547259e-11],
        "dvar2": [3.26402549433e-08, 5.13160011906e-06, 0.00319178914651, 0.975150108337, 2.2672958374, 58.2710533142, 8658.65527344, 726.599121094, 695.758789062, 145.790328979, 3894.38183594, 1556.29602051, 3119.8112793, 1832.84558105, 1880.07324219, 94.953338623, 31.4750862122, 8.92051506042, 4.8067150116, 13.5702180862, 21.4314231873, 24.4756908417, 6.18822860718, 1.08713114262, 0.0391888767481, 0.00662466231734, 0.000822048168629, 0.000197942732484, 4.67076097266e-05, 2.22621911234e-05, 1.14619324449e-05, 7.00025293554e-06, 3.73319721803e-06, 1.77046638328e-06, 6.65135587496e-07, 2.10517413279e-07, 4.30520117334e-08, 4.25391100123e-09, 2.44747139222e-10, 1.74256553631e-10],
        "max": [0.0017655370757, 0.0121522303671, 0.313651740551, 7.12239742279, 7.76367378235, 71.1495285034, 243.668075562, 74.6446609497, 189.976211548, 90.7698135376, 953.48449707, 423.805206299, 317.882537842, 343.423706055, 284.302337646, 68.220916748, 57.5686912537, 16.6015110016, 11.1617689133, 18.3388385773, 21.6415786743, 19.1222343445, 8.02670383453, 3.34705066681, 1.24578166008, 0.434830963612, 0.147707477212, 0.0778077244759, 0.0589073561132, 0.0513036772609, 0.036144528538, 0.0279496200383, 0.0206760652363, 0.0143428910524, 0.00869762990624, 0.00486949365586, 0.00228115939535, 0.000737038848456, 0.000192452396732, 7.48644888517e-05],
        "mean": [0.000106286730443, 0.00207898719236, 0.0739250853658, 1.48358774185, 1.66017615795, 14.9619684219, 48.5723686218, 19.0070533752, 23.5400714874, 17.3073425293, 145.650360107, 61.1062278748, 47.5094680786, 41.5280303955, 15.6711769104, 9.26928901672, 3.58485841751, 0.915564417839, 0.549425780773, 1.11431264877, 0.98382216692, 1.03189349174, 0.561834156513, 0.333359003067, 0.139073476195, 0.069364272058, 0.0330916121602, 0.0192220192403, 0.00762984808534, 0.00160785461776, 0.000828041753266, 0.000550084980205, 0.000428840285167, 0.000314152130159, 0.000221315640374, 0.000120430850075, 6.10823044553e-05, 3.21647676174e-05, 2.34373546846e-05, 2.49739059655e-05],
        "median": [6.11431896687e-05, 0.00137381604873, 0.0506883561611, 0.716689050198, 1.17717802525, 4.33670759201, 24.665430069, 10.5399503708, 1.53901147842, 6.389087677, 45.1130752563, 6.96127891541, 3.2159922123, 2.12224769592, 0.460931628942, 0.444067627192, 0.244144409895, 0.160122856498, 0.0593713335693, 0.0966005846858, 0.125269711018, 0.244888618588, 0.195994257927, 0.18285150826, 0.113472320139, 0.0588843747973, 0.0273490361869, 0.0177195258439, 0.00731518818066, 0.00109919346869, 0.000451172003523, 0.000279281666735, 0.000207710487302, 0.000167470163433, 0.000126633865875, 6.03718945058e-05, 3.46054330294e-05, 2.42898731813e-05, 2.17497799895e-05, 1.99546266231e-05],
        "min": [1.20327531477e-05, 0.000262579938862, 0.00309175881557, 0.0341458879411, 0.0301411431283, 0.0600281842053, 0.070938102901, 0.084919296205, 0.0463558956981, 0.309892803431, 1.06905698776, 0.271113872528, 0.0870808064938, 0.123631924391, 0.0164215620607, 0.015486292541, 0.0159461069852, 0.0134148644283, 0.00763221736997, 0.0117360046133, 0.0113820163533, 0.0229353327304, 0.0126133011654, 0.0129555948079, 0.00736017990857, 0.00408044364303, 0.0017448234139, 0.000985322520137, 0.000369253946701, 9.60747420322e-05, 5.833357136e-05, 4.43873650511e-05, 3.76538446289e-05, 3.63306899089e-05, 3.0188339224e-05, 1.89661477634e-05, 8.83903430804e-06, 4.17398177888e-06, 6.87133569954e-06, 1.5292163198e-06],
        "var": [3.23728812646e-08, 4.06135632147e-06, 0.00533641083166, 3.09784221649, 2.10374712944, 546.913330078, 2675.52758789, 378.318756104, 2839.03710938, 602.849182129, 42377.6367188, 9620.0390625, 5048.15966797, 6432.3671875, 1649.56555176, 265.700744629, 80.4601745605, 4.54899692535, 2.07986044884, 7.13504362106, 8.54356956482, 8.05685138702, 1.57036423683, 0.349313378334, 0.0253587737679, 0.0036451977212, 0.000771275255829, 0.000231682832236, 5.45509828953e-05, 2.32568527281e-05, 1.14706808745e-05, 6.88438149155e-06, 3.78070126317e-06, 1.81234065622e-06, 6.65889729135e-07, 2.09198091738e-07, 4.56746853672e-08, 4.85517714921e-09, 3.23791798928e-10, 4.03229866164e-10]
    },
    "gfcc": {
        "mean": [-186.300430298, 185.295501709, -116.794189453, -34.4530410767, -61.7865982056, -62.3743743896, -25.0306663513, -11.3090524673, -31.4140014648, -21.7900714874, -21.1707019806, -12.573507309, -6.28505706787],
        "cov": [[1208.2713623, 757.624816895, -396.325714111, -609.545959473, 36.2807540894, -22.1169662476, -35.6942062378, -95.8085403442, 31.6507816315, -77.8228530884, 90.2240066528, -22.3166904449, 88.8664932251], [757.624816895, 1546.20483398, -394.154144287, -1520.09179688, -167.760223389, 146.1875, 358.036010742, -61.1763534546, -1.72186720371, -203.175933838, 143.670928955, -78.1109085083, 106.520454407], [-396.325714111, -394.154144287, 729.313293457, 511.25869751, -263.95904541, -104.008224487, 8.88256931305, -19.7403678894, -84.3621520996, 68.3798141479, 14.7961244583, 27.3398189545, -16.0633792877], [-609.545959473, -1520.09179688, 511.25869751, 1700.24682617, 134.333953857, -210.303741455, -362.668273926, 30.8544483185, -22.4221420288, 199.747894287, -157.686950684, 45.038230896, -115.407226562], [36.2807540894, -167.760223389, -263.95904541, 134.333953857, 209.058578491, 46.0111122131, -85.3265838623, 11.5700931549, 40.6848754883, 26.6424121857, -45.7033157349, -6.96967697144, -24.0180244446], [-22.1169662476, 146.1875, -104.008224487, -210.303741455, 46.0111122131, 169.242401123, 97.4626922607, -3.19820475578, -3.99897074699, -11.2330160141, -3.46069383621, -39.8191375732, -26.2314853668], [-35.6942062378, 358.036010742, 8.88256931305, -362.668273926, -85.3265838623, 97.4626922607, 189.063064575, 12.1054487228, -25.7833385468, -51.1857032776, 30.1878242493, -40.6675300598, -8.64409255981], [-95.8085403442, -61.1763534546, -19.7403678894, 30.8544483185, 11.5700931549, -3.19820475578, 12.1054487228, 65.7611312866, 33.2453727722, -6.32788991928, -27.0619277954, -4.14661741257, -16.983423233], [31.6507816315, -1.72186720371, -84.3621520996, -22.4221420288, 40.6848754883, -3.99897074699, -25.7833385468, 33.2453727722, 55.9714660645, 4.94065475464, -21.2511940002, -7.23722457886, -1.33268380165], [-77.8228530884, -203.175933838, 68.3798141479, 199.747894287, 26.6424121857, -11.2330160141, -51.1857032776, -6.32788991928, 4.94065475464, 55.617313385, -1.97012090683, 7.12374258041, -13.2175769806], [90.2240066528, 143.670928955, 14.7961244583, -157.686950684, -45.7033157349, -3.46069383621, 30.1878242493, -27.0619277954, -21.2511940002, -1.97012090683, 67.7533187866, 25.8668613434, 25.5231285095], [-22.3166904449, -78.1109085083, 27.3398189545, 45.038230896, -6.96967697144, -39.8191375732, -40.6675300598, -4.14661741257, -7.23722457886, 7.12374258041, 25.8668613434, 54.4526557922, 27.807220459], [88.8664932251, 106.520454407, -16.0633792877, -115.407226562, -24.0180244446, -26.2314853668, -8.64409255981, -16.983423233, -1.33268380165, -13.2175769806, 25.5231285095, 27.807220459, 48.1712608337]],
        "icov": [[0.00473920023069, -0.0102896848693, 0.00224104523659, -0.00613630283624, 0.00433031981811, -0.00702089210972, 0.0160856116563, -0.00802787765861, 0.00433786585927, -0.00196273508482, -0.00661559635773, 0.00162547535729, 0.000597078353167], [-0.0102896848693, 0.0482743792236, -0.00919272750616, 0.0255740508437, -0.0217196065933, 0.0280920043588, -0.0541361086071, 0.0425601713359, -0.033915232867, 0.045097310096, -0.014280484058, 0.0366584286094, -0.0219622869045], [0.00224104523659, -0.00919272750616, 0.0178876668215, -0.0121025489643, 0.0290921907872, -0.0100017013028, 0.0042243078351, -0.00383970956318, 0.00543341739103, -0.0204633641988, 0.00561624579132, -0.0109982248396, -0.000464871554868], [-0.00613630283624, 0.0255740508437, -0.0121025489643, 0.0232559535652, -0.0221230722964, 0.0218361541629, -0.0226892307401, 0.0167281609029, -0.00387849076651, 0.0115115866065, 0.00775281339884, 0.0122609855607, 0.00100125570316], [0.00433031981811, -0.0217196065933, 0.0290921907872, -0.0221230722964, 0.0600663498044, -0.0275242235512, 0.0239801537246, -0.0145055353642, 0.01175464876, -0.0390221886337, 0.0145052159205, -0.0253563933074, 0.00745847728103], [-0.00702089210972, 0.0280920043588, -0.0100017013028, 0.0218361541629, -0.0275242235512, 0.0390319041908, -0.0460727214813, 0.0319732129574, -0.0144039802253, 0.0102534713224, 0.0115576600656, 0.00750039098784, 0.00230968603864], [0.0160856116563, -0.0541361086071, 0.0042243078351, -0.0226892307401, 0.0239801537246, -0.0460727214813, 0.110934078693, -0.0763687714934, 0.0591913163662, -0.0280368626118, -0.0163890700787, 0.00187696050853, 0.0184802860022], [-0.00802787765861, 0.0425601713359, -0.00383970956318, 0.0167281609029, -0.0145055353642, 0.0319732129574, -0.0763687714934, 0.0971556082368, -0.0770463868976, 0.0503560975194, 0.00197582878172, -0.000659914105199, 0.00124114158098], [0.00433786585927, -0.033915232867, 0.00543341739103, -0.00387849076651, 0.01175464876, -0.0144039802253, 0.0591913163662, -0.0770463868976, 0.103593580425, -0.0756865218282, 0.0382338017225, -0.0184611584991, 0.0134862633422], [-0.00196273508482, 0.045097310096, -0.0204633641988, 0.0115115866065, -0.0390221886337, 0.0102534713224, -0.0280368626118, 0.0503560975194, -0.0756865218282, 0.148459881544, -0.0922003388405, 0.0832936391234, -0.03708582744], [-0.00661559635773, -0.014280484058, 0.00561624579132, 0.00775281339884, 0.0145052159205, 0.0115576600656, -0.0163890700787, 0.00197582878172, 0.0382338017225, -0.0922003388405, 0.118508882821, -0.0956855341792, 0.0437145270407], [0.00162547535729, 0.0366584286094, -0.0109982248396, 0.0122609855607, -0.0253563933074, 0.00750039098784, 0.00187696050853, -0.000659914105199, -0.0184611584991, 0.0832936391234, -0.0956855341792, 0.141103237867, -0.0752189010382], [0.000597078353167, -0.0219622869045, -0.000464871554868, 0.00100125570316, 0.00745847728103, 0.00230968603864, 0.0184802860022, 0.00124114158098, 0.0134862633422, -0.03708582744, 0.0437145270407, -0.0752189010382, 0.0896528586745]]
    },
    "melbands": {
        "dmean": [6.4134655986e-07, 7.00089731254e-06, 6.02360523771e-05, 8.39566710056e-05, 0.000964433827903, 0.000341429462424, 8.78380451468e-05, 6.77988864481e-05, 0.000284496665699, 8.2455939264e-05, 7.42052434362e-05, 5.66299968341e-05, 3.18140373565e-05, 1.49060588228e-05, 5.38035828868e-06, 2.81256529888e-06, 1.42903218148e-06, 1.00576505702e-06, 9.0743264991e-07, 1.40496069889e-06, 1.16088483537e-06, 1.10108283025e-06, 6.81240919675e-07, 5.20419575878e-07, 1.99621879915e-07, 7.30349896116e-08, 2.87104988672e-08, 1.90381008736e-08, 7.75342279269e-09, 7.1906920418e-09, 3.69370223297e-09, 2.11984918508e-09, 7.05117075839e-10, 3.56937784884e-10, 2.6787286278e-10, 2.35929054071e-10, 2.08094472209e-10, 1.90392160371e-10, 1.76545167374e-10, 1.49216639045e-10],
        "dmean2": [9.31793920245e-07, 1.07233954623e-05, 9.12801915547e-05, 0.000127118109958, 0.00178985041566, 0.000649258086924, 0.000138930176036, 0.000103457765363, 0.000344225845765, 0.000121564276924, 0.000118171534268, 7.68444879213e-05, 4.38544375356e-05, 2.42751721089e-05, 7.72493331169e-06, 4.08818505093e-06, 2.17360934585e-06, 1.53739688358e-06, 1.63697018252e-06, 2.30271461987e-06, 1.99466649065e-06, 1.84912585155e-06, 1.12988584533e-06, 9.24565028981e-07, 3.5534435483e-07, 1.21860935565e-07, 4.59350033566e-08, 3.35937713203e-08, 1.30253354769e-08, 1.1647626863e-08, 5.90870063988e-09, 3.33338956438e-09, 9.58854107225e-10, 4.3527600968e-10, 3.29528460075e-10, 2.77374567759e-10, 2.48899595379e-10, 2.30980054527e-10, 2.25725008129e-10, 1.77287462488e-10],
        "dvar": [2.7321194352e-12, 9.08904479457e-11, 9.41778388608e-09, 4.06287483656e-08, 1.52703455569e-06, 2.05576128565e-07, 8.39369249661e-08, 1.55602748464e-08, 2.11014977936e-07, 4.08199696267e-08, 3.2129751304e-08, 1.6143189896e-08, 8.80867290221e-09, 1.74380532236e-09, 1.663580107e-10, 4.43151383644e-11, 1.21586456181e-11, 8.10860753542e-12, 6.09574109939e-12, 1.35706281282e-11, 1.22412167208e-11, 1.05873660533e-11, 3.24404890971e-12, 1.72390335514e-12, 2.09686150279e-13, 1.92046645107e-14, 1.55769136654e-15, 9.09241905637e-16, 1.01218326232e-16, 1.9299066015e-16, 1.70495241855e-17, 1.22521901341e-17, 7.82038388676e-18, 6.01169019809e-18, 3.61218358409e-18, 3.17666430619e-18, 2.32257633549e-18, 1.86594761515e-18, 1.4376874675e-18, 1.20481182664e-18],
        "dvar2": [3.95011193893e-12, 2.56371535112e-10, 2.63825814528e-08, 5.99033711524e-08, 5.65391110285e-06, 7.91688592017e-07, 1.50105108787e-07, 2.79540905979e-08, 2.86333943222e-07, 8.30773601024e-08, 7.79399300654e-08, 3.11640562245e-08, 1.48400456368e-08, 4.18788559386e-09, 2.55104576352e-10, 7.95260454711e-11, 2.82010179098e-11, 1.93068495219e-11, 1.7092247756e-11, 2.61507673155e-11, 3.2403375122e-11, 2.98195287907e-11, 9.46763761139e-12, 4.84266966805e-12, 5.39301784654e-13, 4.30483793957e-14, 3.75106423109e-15, 2.64735192522e-15, 2.12907700228e-16, 4.83608326098e-16, 3.80946781455e-17, 2.42301715496e-17, 8.72526405579e-18, 6.15403640099e-18, 3.66965485228e-18, 3.33437394139e-18, 2.37376909604e-18, 1.87582311769e-18, 1.49214097402e-18, 1.19632216182e-18],
        "max": [1.60925592354e-05, 7.41161929909e-05, 0.00117883714847, 0.00241631246172, 0.0064851436764, 0.00220986525528, 0.00278808618896, 0.00159502809402, 0.00708717945963, 0.00238441489637, 0.00149722560309, 0.00143935950473, 0.000792991544586, 0.000367078493582, 0.000149596002302, 6.43492458039e-05, 2.70674081548e-05, 2.40868539549e-05, 1.66982954397e-05, 2.87909660983e-05, 2.53070847975e-05, 2.061707346e-05, 1.13865389721e-05, 8.03691636975e-06, 2.65444441538e-06, 1.34451306621e-06, 3.86908595829e-07, 2.45695559897e-07, 7.92793102278e-08, 1.19996940384e-07, 3.53122189267e-08, 3.46097976944e-08, 3.14659551748e-08, 2.68818549642e-08, 2.05671604192e-08, 1.91332318877e-08, 1.62889328692e-08, 1.4766441403e-08, 1.27971855335e-08, 1.18936673843e-08],
        "mean": [9.16915382732e-07, 1.86529105122e-05, 0.000238450360484, 0.000453501270385, 0.00150187429972, 0.00051970675122, 0.000344991451129, 0.000252797559369, 0.00123548263218, 0.00031417151331, 0.000233102560742, 0.000173485925188, 5.91320349486e-05, 3.34759497491e-05, 1.29386580738e-05, 4.53033453596e-06, 1.40546558214e-06, 9.23033610434e-07, 9.1393008006e-07, 1.77509718924e-06, 1.04064031348e-06, 1.11465772079e-06, 6.4178084358e-07, 4.59761395177e-07, 2.52726721328e-07, 1.38600896094e-07, 6.20796498652e-08, 4.10268725659e-08, 2.18883240422e-08, 1.47385890159e-08, 1.02330881546e-08, 5.09443331964e-09, 1.49461798493e-09, 5.95017091154e-10, 4.65137234285e-10, 4.03184319264e-10, 2.99680141813e-10, 2.94977237081e-10, 2.59515076095e-10, 2.55011900485e-10],
        "median": [3.30180540686e-07, 1.45053536471e-05, 0.000106261286419, 7.45665238355e-05, 0.00142789667007, 0.000196929599042, 1.50874311657e-05, 0.000110842811409, 0.00034581971704, 2.26622705668e-05, 1.33454195748e-05, 9.11805000214e-06, 1.5122810737e-06, 1.24994255657e-06, 6.44105796255e-07, 4.28311210499e-07, 2.22228010216e-07, 7.24401587604e-08, 6.53916600868e-08, 1.9359072212e-07, 1.15383315347e-07, 2.49603886004e-07, 1.91449117892e-07, 1.7621862014e-07, 1.48117649701e-07, 1.15199092932e-07, 5.4974936603e-08, 3.5709213364e-08, 1.83585839864e-08, 1.24580097349e-08, 9.96641613682e-09, 4.79893014216e-09, 1.17957965617e-09, 3.24196558488e-10, 2.51282800123e-10, 2.35044372854e-10, 1.3724786585e-10, 1.45923564898e-10, 1.22339319231e-10, 1.45234380078e-10],
        "min": [3.27502513997e-09, 1.09510722268e-06, 2.32183106164e-06, 3.05115236188e-06, 2.54948736256e-06, 2.05198966796e-06, 7.12183293672e-07, 4.15944032284e-06, 8.73797853274e-06, 5.88622413034e-07, 3.97506880745e-07, 5.49462242816e-07, 4.86898379393e-08, 3.93090076045e-08, 3.59552068119e-08, 3.30733875842e-08, 2.15802042902e-08, 4.35441149804e-09, 1.11260236579e-08, 1.06458468707e-08, 8.10732903034e-09, 2.47960372235e-08, 1.1615682638e-08, 1.06595212657e-08, 9.61298418645e-09, 7.73964092815e-09, 3.49306450431e-09, 2.19352447317e-09, 1.08020281608e-09, 4.14699163898e-10, 5.95077098708e-10, 2.15618911614e-10, 5.35946877156e-11, 1.78027610015e-11, 1.41081105132e-11, 1.25883834606e-11, 7.78757353742e-12, 7.26285307937e-12, 5.87082682815e-12, 6.3496018339e-12],
        "var": [3.68402747544e-12, 2.70808708791e-10, 8.44387528787e-08, 6.48451816687e-07, 1.8300714828e-06, 3.39531283089e-07, 6.13225154211e-07, 1.32430244548e-07, 2.83115241473e-06, 2.89598716563e-07, 1.20409950455e-07, 1.07611455746e-07, 2.73793769878e-08, 4.46939996124e-09, 6.60169141575e-10, 1.14644065075e-10, 1.35738104784e-11, 7.96620842208e-12, 4.74779243698e-12, 1.98367051951e-11, 1.13257493661e-11, 9.67911948507e-12, 2.54410186494e-12, 1.18738894585e-12, 1.91885434408e-13, 2.78313528772e-14, 2.9511775612e-15, 1.29020450279e-15, 3.08647265156e-16, 2.44266699585e-16, 6.00949361998e-17, 2.31114213516e-17, 9.22628156255e-18, 6.3638321518e-18, 3.7212796079e-18, 3.21927692903e-18, 2.34892059043e-18, 1.92879700488e-18, 1.46218173301e-18, 1.24661691441e-18]
    },
    "mfcc": {
        "mean": [-828.680480957, 215.199371338, -4.46754932404, 8.05074119568, -27.5810661316, -45.6452255249, -13.3045959473, -10.7142076492, -11.7543544769, -18.0424747467, -13.9113769531, -10.420800209, -15.3655862808],
        "cov": [[1444.36230469, 1007.69824219, -604.053222656, -788.829711914, -96.9384918213, -80.3068771362, -105.57358551, 39.8754920959, -37.806388855, -55.3548927307, -82.6157455444, -33.9941978455, 54.3586997986], [1007.69824219, 1469.4395752, -131.449478149, -1388.56774902, -510.232666016, -151.117919922, 5.94552135468, 218.444992065, -62.3535270691, -42.6513633728, -93.6616744995, -67.7292556763, 55.6248092651], [-604.053222656, -131.449478149, 692.928283691, 225.223022461, -233.159805298, -10.6094961166, 100.718132019, -14.1622018814, -49.209400177, 1.60952115059, 25.0638427734, -19.3206005096, -34.7978172302], [-788.829711914, -1388.56774902, 225.223022461, 1658.89733887, 475.886260986, 92.2665481567, -30.0905857086, -321.430145264, 28.2748832703, 7.53182506561, 86.580291748, 62.1269569397, -75.3070068359], [-96.9384918213, -510.232666016, -233.159805298, 475.886260986, 331.396942139, 86.5734939575, -52.6694335938, -94.2822189331, 49.4259757996, 23.2248706818, 28.7637138367, 34.9284362793, -8.83034324646], [-80.3068771362, -151.117919922, -10.6094961166, 92.2665481567, 86.5734939575, 124.558761597, 68.4341049194, -20.4320659637, -0.677441120148, 29.0590248108, 37.3152732849, 3.30216574669, -38.6968650818], [-105.57358551, 5.94552135468, 100.718132019, -30.0905857086, -52.6694335938, 68.4341049194, 121.343223572, 39.346862793, -18.9929084778, 14.7275409698, 28.2918243408, -1.58178937435, -43.736164093], [39.8754920959, 218.444992065, -14.1622018814, -321.430145264, -94.2822189331, -20.4320659637, 39.346862793, 123.888175964, 21.6559906006, 2.21479177475, -13.0669393539, -1.65065407753, 11.9316692352], [-37.806388855, -62.3535270691, -49.209400177, 28.2748832703, 49.4259757996, -0.677441120148, -18.9929084778, 21.6559906006, 57.3720703125, 31.7582702637, 2.91053366661, 4.05260944366, 2.67991924286], [-55.3548927307, -42.6513633728, 1.60952115059, 7.53182506561, 23.2248706818, 29.0590248108, 14.7275409698, 2.21479177475, 31.7582702637, 58.8579940796, 28.8982830048, -7.05009937286, -16.3769226074], [-82.6157455444, -93.6616744995, 25.0638427734, 86.580291748, 28.7637138367, 37.3152732849, 28.2918243408, -13.0669393539, 2.91053366661, 28.8982830048, 44.5597877502, 12.5427360535, -19.9651546478], [-33.9941978455, -67.7292556763, -19.3206005096, 62.1269569397, 34.9284362793, 3.30216574669, -1.58178937435, -1.65065407753, 4.05260944366, -7.05009937286, 12.5427360535, 37.0207023621, 19.7063236237], [54.3586997986, 55.6248092651, -34.7978172302, -75.3070068359, -8.83034324646, -38.6968650818, -43.736164093, 11.9316692352, 2.67991924286, -16.3769226074, -19.9651546478, 19.7063236237, 55.3383560181]],
