{
"lowlevel": {
    "average_loudness": 0.926998376846,
    "barkbands_crest": {
        "dmean": 2.59832453728,
        "dmean2": 4.21654891968,
        "dvar": 3.8556432724,
        "dvar2": 11.9976110458,
        "max": 23.1673984528,
        "mean": 13.4287891388,
        "median": 13.4712533951,
        "min": 5.96374177933,
        "var": 18.5879192352
    },
    "barkbands_flatness_db": {
        "dmean": 0.0402398183942,
        "dmean2": 0.0646337345243,
        "dvar": 0.00176302623004,
        "dvar2": 0.0038954783231,
        "max": 0.522768318653,
        "mean": 0.313214272261,
        "median": 0.308563917875,
        "min": 0.130465045571,
        "var": 0.0103644421324
    },
    "barkbands_kurtosis": {
        "dmean": 4.12878131866,
        "dmean2": 6.51152133942,
        "dvar": 101.957962036,
        "dvar2": 266.071014404,
        "max": 92.7187271118,
        "mean": 7.78080463409,
        "median": 4.44258975983,
        "min": -1.36174035072,
        "var": 131.428405762
    },
    "barkbands_skewness": {
        "dmean": 0.548483431339,
        "dmean2": 0.898388624191,
        "dvar": 0.257652908564,
        "dvar2": 0.67242783308,
        "max": 6.12551450729,
        "mean": 1.08788967133,
        "median": 0.814877510071,
        "min": -1.10478448868,
        "var": 1.47729325294
    },
    "barkbands_spread": {
        "dmean": 1.12248671055,
        "dmean2": 1.67508804798,
        "dvar": 1.23953986168,
        "dvar2": 2.35314226151,
        "max": 8.81472396851,
        "mean": 3.63446545601,
        "median": 3.26659870148,
        "min": 0.708015024662,
        "var": 2.93626761436
    },
    "dissonance": {
        "dmean": 0.0659176632762,
        "dmean2": 0.11641651392,
        "dvar": 0.00512059917673,
        "dvar2": 0.0142917847261,
        "max": 0.499964475632,
        "mean": 0.395762443542,
        "median": 0.422300636768,
        "min": 0.159679561853,
        "var": 0.00776690710336
    },
    "dynamic_complexity": 11.3186445236,
    "erbbands_crest": {
        "dmean": 2.97769165039,
        "dmean2": 4.62753343582,
        "dvar": 4.4388666153,
        "dvar2": 12.1395015717,
        "max": 28.8471870422,
        "mean": 16.8996334076,
        "median": 17.4391365051,
        "min": 5.77053785324,
        "var": 40.2147941589
    },
    "erbbands_flatness_db": {
        "dmean": 0.0401854105294,
        "dmean2": 0.0635651499033,
        "dvar": 0.00186261523049,
        "dvar2": 0.00458604376763,
        "max": 0.531373023987,
        "mean": 0.354929745197,
        "median": 0.35894587636,
        "min": 0.17613042891,
        "var": 0.0096913985908
    },
    "erbbands_kurtosis": {
        "dmean": 3.02820467949,
        "dmean2": 4.86203718185,
        "dvar": 33.051902771,
        "dvar2": 90.120765686,
        "max": 45.5365409851,
        "mean": 5.83108091354,
        "median": 4.60092878342,
        "min": -1.10516524315,
        "var": 37.3104171753
    },
    "erbbands_skewness": {
        "dmean": 0.431635499001,
        "dmean2": 0.667771935463,
        "dvar": 0.242078095675,
        "dvar2": 0.637095272541,
        "max": 5.45055007935,
        "mean": 1.12411677837,
        "median": 1.17306566238,
        "min": -0.807416558266,
        "var": 1.22959005833
    },
    "erbbands_spread": {
        "dmean": 2.63183808327,
        "dmean2": 3.9796667099,
        "dvar": 8.21774578094,
        "dvar2": 18.3218574524,
        "max": 25.483795166,
        "mean": 7.57624912262,
        "median": 5.97893238068,
        "min": 1.68076300621,
        "var": 24.350605011
    },
    "hfc": {
        "dmean": 2.24226140976,
        "dmean2": 3.46207046509,
        "dvar": 18.5177192688,
        "dvar2": 34.1167449951,
        "max": 43.4739685059,
        "mean": 15.5901374817,
        "median": 9.34898757935,
        "min": 0.000162962227478,
        "var": 270.410919189
    },
    "melbands_crest": {
        "dmean": 2.97080922127,
        "dmean2": 4.6075501442,
        "dvar": 5.78602218628,
        "dvar2": 18.159860611,
        "max": 24.5137939453,
        "mean": 13.7404794693,
        "median": 13.6338262558,
        "min": 7.08713722229,
        "var": 17.7918434143
    },
    "melbands_flatness_db": {
        "dmean": 0.0408696420491,
        "dmean2": 0.0643248930573,
        "dvar": 0.00165908783674,
        "dvar2": 0.0039100185968,
        "max": 0.606230556965,
        "mean": 0.377859354019,
        "median": 0.352237254381,
        "min": 0.187204360962,
        "var": 0.0100712291896
    },
    "melbands_kurtosis": {
        "dmean": 3.25109934807,
        "dmean2": 5.02393341064,
        "dvar": 61.6039886475,
        "dvar2": 152.827774048,
        "max": 77.0398254395,
        "mean": 5.87357807159,
        "median": 3.29315423965,
        "min": -1.03406536579,
        "var": 94.1158981323
    },
    "melbands_skewness": {
        "dmean": 0.494513183832,
        "dmean2": 0.801855802536,
        "dvar": 0.176647260785,
        "dvar2": 0.417152047157,
        "max": 4.68937444687,
        "mean": 0.767788648605,
        "median": 0.533103108406,
        "min": -0.853359699249,
        "var": 0.877914905548
    },
    "melbands_spread": {
        "dmean": 1.50495958328,
        "dmean2": 2.23031306267,
        "dvar": 1.95643401146,
        "dvar2": 3.97842478752,
        "max": 13.0054454803,
        "mean": 5.98946046829,
        "median": 6.21825361252,
        "min": 0.829961419106,
        "var": 4.21659803391
    },
    "pitch_salience": {
        "dmean": 0.0801459699869,
        "dmean2": 0.128959059715,
        "dvar": 0.00567053910345,
        "dvar2": 0.0138540966436,
        "max": 0.888854861259,
        "mean": 0.649840533733,
        "median": 0.637965857983,
        "min": 0.311527758837,
        "var": 0.0152644561604
    },
    "silence_rate_20dB": {
        "dmean": 0,
        "dmean2": 0,
        "dvar": 0,
        "dvar2": 0,
        "max": 1,
        "mean": 1,
        "median": 1,
        "min": 1,
        "var": 0
    },
    "silence_rate_30dB": {
        "dmean": 0,
        "dmean2": 0,
        "dvar": 0,
        "dvar2": 0,
        "max": 1,
        "mean": 1,
        "median": 1,
        "min": 1,
        "var": 0
    },
    "silence_rate_60dB": {
        "dmean": 0.0444444455206,
        "dmean2": 0.0898876413703,
        "dvar": 0.0424691289663,
        "dvar2": 0.10427968204,
        "max": 1,
        "mean": 0.461538463831,
        "median": 0,
        "min": 0,
        "var": 0.24852091074
    },
    "spectral_centroid": {
        "dmean": 54.7834854126,
        "dmean2": 78.1338729858,
        "dvar": 3490.46557617,
        "dvar2": 6332.43115234,
        "max": 883.710266113,
        "mean": 638.90423584,
        "median": 664.322875977,
        "min": 328.201629639,
        "var": 9638.95214844
    },
    "spectral_complexity": {
        "dmean": 1.46666669846,
        "dmean2": 2.51685404778,
        "dvar": 2.38222002983,
        "dvar2": 5.98005390167,
        "max": 21,
        "mean": 7.01098918915,
        "median": 6,
        "min": 0,
        "var": 46.5603218079
    },
    "spectral_decrease": {
        "dmean": 9.12659225971e-10,
        "dmean2": 1.52261281361e-09,
        "dvar": 2.57288573834e-18,
        "dvar2": 5.26316701717e-18,
        "max": -4.82281247815e-14,
        "mean": -6.04934236037e-09,
        "median": -3.4631255641e-09,
        "min": -1.52529970876e-08,
        "var": 3.84572512603e-17
    },
    "spectral_energy": {
        "dmean": 0.00363549590111,
        "dmean2": 0.00605071941391,
        "dvar": 4.12898261857e-05,
        "dvar2": 8.35208993522e-05,
        "max": 0.0615114681423,
        "mean": 0.02424566634,
        "median": 0.013918579556,
        "min": 1.96805174824e-07,
        "var": 0.000619470258243
    },
    "spectral_energyband_high": {
        "dmean": 2.37182530327e-06,
        "dmean2": 3.32436479766e-06,
        "dvar": 2.18986252742e-11,
        "dvar2": 4.82568499049e-11,
        "max": 5.33008205821e-05,
        "mean": 6.23927735433e-06,
        "median": 1.86903363897e-07,
        "min": 2.61384736078e-09,
        "var": 1.45523038064e-10
    },
    "spectral_energyband_low": {
        "dmean": 1.89646343642e-05,
        "dmean2": 2.76131522696e-05,
        "dvar": 7.03550051551e-10,
        "dvar2": 1.43668643648e-09,
        "max": 0.000243794682319,
        "mean": 4.04102793254e-05,
        "median": 1.36065846164e-05,
        "min": 9.34960553423e-10,
        "var": 2.74014300139e-09
    },
    "spectral_energyband_middle_high": {
        "dmean": 0.000822385540232,
        "dmean2": 0.00113977154251,
        "dvar": 1.35542063617e-06,
        "dvar2": 2.56489647654e-06,
        "max": 0.0134333819151,
        "mean": 0.0031448546797,
        "median": 0.00103587727062,
        "min": 3.19535935489e-08,
        "var": 1.40361298691e-05
    },
    "spectral_energyband_middle_low": {
        "dmean": 0.0035560678225,
        "dmean2": 0.00577487237751,
        "dvar": 3.34740434482e-05,
        "dvar2": 7.26034268155e-05,
        "max": 0.0559440180659,
        "mean": 0.021112870425,
        "median": 0.0114639448002,
        "min": 1.63326788538e-07,
        "var": 0.000465216377052
    },
    "spectral_entropy": {
        "dmean": 0.303888440132,
        "dmean2": 0.488964051008,
        "dvar": 0.110898375511,
        "dvar2": 0.254810392857,
        "max": 8.19601631165,
        "mean": 6.25387477875,
        "median": 6.44458341599,
        "min": 4.60318565369,
        "var": 0.557915568352
    },
    "spectral_flux": {
        "dmean": 0.0152306528762,
        "dmean2": 0.0240585803986,
        "dvar": 0.000477230438264,
        "dvar2": 0.00103611324448,
        "max": 0.181157797575,
        "mean": 0.0381216146052,
        "median": 0.0341424457729,
        "min": 0.00133915210608,
        "var": 0.00112083565909
    },
    "spectral_kurtosis": {
        "dmean": 19.3487949371,
        "dmean2": 31.4317150116,
        "dvar": 475.031158447,
        "dvar2": 1365.54125977,
        "max": 287.256378174,
        "mean": 47.1594963074,
        "median": 19.950586319,
        "min": 5.55939006805,
        "var": 3969.84301758
    },
    "spectral_rms": {
        "dmean": 0.000439969851868,
        "dmean2": 0.000668530468829,
        "dvar": 4.95175527249e-07,
        "dvar2": 8.90244052698e-07,
        "max": 0.00774668902159,
        "mean": 0.00364876491949,
        "median": 0.00368498335592,
        "min": 1.3856588339e-05,
        "var": 1.03408247014e-05
    },
    "spectral_rolloff": {
        "dmean": 64.599609375,
        "dmean2": 109.601585388,
        "dvar": 6666.67285156,
        "dvar2": 14959.0166016,
        "max": 1012.06054688,
        "mean": 734.732055664,
        "median": 689.0625,
        "min": 344.53125,
        "var": 15865.3105469
    },
    "spectral_skewness": {
        "dmean": 1.18967103958,
        "dmean2": 2.0469918251,
        "dvar": 1.55214774609,
        "dvar2": 4.96653366089,
        "max": 12.9678640366,
        "mean": 4.34463214874,
        "median": 3.07943868637,
        "min": 1.61041009426,
        "var": 9.3339881897
    },
    "spectral_spread": {
        "dmean": 621839.3125,
        "dmean2": 934896.75,
        "dvar": 2.20287651021e+12,
        "dvar2": 1.81093911757e+12,
        "max": 19113496,
        "mean": 2152716.25,
        "median": 1761171.875,
        "min": 426521.78125,
        "var": 4.11588834099e+12
    },
    "spectral_strongpeak": {
        "dmean": 0.408538430929,
        "dmean2": 0.677770793438,
        "dvar": 0.440856397152,
        "dvar2": 0.989929735661,
        "max": 5.57924890518,
        "mean": 2.00931572914,
        "median": 0.750390052795,
        "min": 0.00110369024333,
        "var": 4.25031042099
    },
    "zerocrossingrate": {
        "dmean": 0.003173828125,
        "dmean2": 0.00347831822,
        "dvar": 1.5228324628e-05,
        "dvar2": 2.09638074011e-05,
        "max": 0.0498046875,
        "mean": 0.0316846221685,
        "median": 0.03076171875,
        "min": 0.0126953125,
        "var": 4.16181901528e-05
    },
    "barkbands": {
        "dmean": [2.13897692447e-07, 1.57132512868e-06, 2.04967977879e-06, 4.28896055382e-05, 0.00017318900791, 0.00282341963612, 0.000180280287168, 0.000233794111409, 0.00326600414701, 0.000303714361507, 0.000591497868299, 5.83810724493e-05, 0.000192941835849, 2.83599983959e-05, 8.77391175891e-06, 1.41968575917e-05, 1.59061037266e-05, 1.30181651912e-05, 1.02719614006e-05, 2.72413672064e-06, 1.22035248751e-06, 3.00234859196e-07, 8.89037750085e-08, 4.14209999633e-08, 2.16195168434e-08, 7.69344321583e-09, 2.80699885558e-09],
        "dmean2": [3.89633157738e-07, 2.48093647315e-06, 3.32504714606e-06, 6.25207976555e-05, 0.00025589633151, 0.00484816310927, 0.000297462684102, 0.000441062438767, 0.00484617380425, 0.000515896535944, 0.000828868476674, 8.53375677252e-05, 0.000309736147756, 5.00104069943e-05, 1.59570317919e-05, 2.3215150577e-05, 2.33422033489e-05, 2.50152152148e-05, 1.88614831131e-05, 4.36583241026e-06, 1.89501270143e-06, 5.14846362876e-07, 1.2833751839e-07, 7.34000877856e-08, 3.54906823929e-08, 1.29827695261e-08, 4.21698320707e-09],
        "dvar": [1.39938150586e-13, 6.33680694723e-12, 9.20680198746e-12, 3.52451867691e-09, 8.31618507391e-08, 1.52076054292e-05, 1.80536957828e-07, 2.56718351466e-07, 2.8485126677e-05, 7.32669548142e-07, 6.34714865555e-07, 1.32857254087e-08, 3.72822825057e-07, 3.3126557053e-09, 3.34031913241e-10, 4.96774399394e-10, 6.42967956654e-10, 5.76723835355e-10, 4.62474697427e-10, 2.86862859855e-11, 5.5625998599e-12, 4.97475487454e-13, 4.70484416671e-14, 1.42108149047e-14, 3.35441331321e-15, 3.93856053262e-16, 1.22393249941e-17],
        "dvar2": [4.31275214109e-13, 1.7208975564e-11, 2.5177308155e-11, 7.27862525807e-09, 1.74285432308e-07, 5.46689843759e-05, 4.42497054109e-07, 7.29103192043e-07, 6.12080402789e-05, 1.93436721929e-06, 1.17250510812e-06, 2.53651002424e-08, 6.42494512704e-07, 8.55639736841e-09, 7.94869725596e-10, 1.26973676018e-09, 1.32298361155e-09, 1.70762226581e-09, 1.23214849435e-09, 5.67942082252e-11, 1.38280576226e-11, 1.14875600352e-12, 8.50485927886e-14, 2.9957976475e-14, 8.21892077644e-15, 9.24182190398e-16, 2.30421946062e-17],
        "max": [2.69868951364e-06, 1.82137100637e-05, 2.2122188966e-05, 0.000421108212322, 0.00307681132108, 0.0222032926977, 0.00297081284225, 0.00280455313623, 0.0523026660085, 0.00588669814169, 0.011108524166, 0.00103725667577, 0.00635263090953, 0.000437560025603, 0.000178835267434, 0.000202452050871, 0.000309255643515, 0.000165758858202, 0.000154097244376, 6.39684221824e-05, 2.28447879635e-05, 5.68174255022e-06, 2.11690758078e-06, 1.09298287043e-06, 4.56922549574e-07, 1.78055074684e-07, 3.48876731948e-08],
        "mean": [2.23027015522e-07, 2.73742352874e-06, 3.83797350878e-06, 7.39698007237e-05, 0.000625380314887, 0.00490298029035, 0.000247692572884, 0.000285540038021, 0.0149131119251, 0.000335158401867, 0.00199426733889, 0.000153828019393, 0.000487754499773, 6.40604775981e-05, 2.01708371605e-05, 3.46915112459e-05, 4.25343168899e-05, 2.356774894e-05, 2.27416276175e-05, 8.31179931993e-06, 2.32119987231e-06, 5.34903790594e-07, 1.60334778343e-07, 7.23082749232e-08, 3.17040189657e-08, 1.28196049332e-08, 1.18110321523e-08],
        "median": [1.43456428958e-08, 6.62007153096e-07, 1.31708600293e-06, 2.52396712312e-05, 0.000169608363649, 0.00143666344229, 3.65153246094e-05, 0.0001531868038, 0.00609372416511, 2.2198921215e-05, 0.00037658168003, 1.93408050109e-05, 2.09058453038e-05, 2.76164342949e-07, 7.15046581945e-08, 8.36369409285e-08, 1.76003212005e-07, 1.74028699007e-07, 1.74376182827e-07, 9.86880124287e-08, 7.13874612757e-08, 2.65418815815e-08, 3.53315265933e-09, 2.71621680703e-09, 2.89363089045e-09, 3.604585741e-09, 1.01648947037e-08],
        "min": [5.23053649004e-12, 1.39948929181e-11, 3.25166560344e-10, 1.53143897563e-09, 6.3434688613e-09, 1.20753220756e-08, 3.28900071622e-08, 3.85262310942e-08, 6.81123353274e-08, 8.58559356942e-09, 1.10974438527e-08, 2.97099500557e-09, 2.77084710731e-09, 1.58211488355e-09, 1.43655531915e-09, 1.4808481108e-09, 9.99866300866e-10, 1.465840338e-09, 1.3916612307e-09, 6.05440364509e-10, 7.04940106289e-10, 4.10238926163e-10, 1.81030399005e-10, 2.02142552697e-10, 1.8026821702e-10, 1.90046270387e-10, 4.87540785521e-10],
        "var": [1.58613072221e-13, 1.87809299362e-11, 2.41923182875e-11, 9.68797753131e-09, 7.2921403671e-07, 3.58497927664e-05, 3.13367308991e-07, 2.00692355179e-07, 0.000269992888207, 6.89004650667e-07, 7.77208424552e-06, 7.32298346406e-08, 1.44589989759e-06, 1.30330226611e-08, 1.30268329457e-09, 3.35304140009e-09, 5.25346832703e-09, 1.54467083568e-09, 1.42649225765e-09, 2.48256942781e-10, 2.05885777177e-11, 1.28214149367e-12, 1.52031856613e-13, 3.4388985393e-14, 5.86701902542e-15, 8.0054762029e-16, 5.86682084618e-17]
    },
    "erbbands": {
        "dmean": [2.09029421967e-05, 0.000434897374362, 0.00266883498989, 0.0697592049837, 0.12932215631, 0.964513301849, 7.46472501755, 30.3227596283, 3.11884593964, 5.3421626091, 14.7051486969, 91.5703201294, 11.9354629517, 8.68072128296, 20.9457359314, 2.75937223434, 9.30620002747, 0.815020263195, 1.07936453819, 1.02684664726, 0.622579813004, 0.739611566067, 0.635994672775, 0.530663490295, 0.32891908288, 0.13299292326, 0.0722674950957, 0.0294934082776, 0.0113918976858, 0.00522939302027, 0.00244442280382, 0.00116581749171, 0.000689553155098, 0.000333326403052, 0.00010529015708, 3.76566931664e-05, 1.46186048369e-05, 2.61318655248e-06, 1.86070064956e-06, 4.13869747717e-06],
        "dmean2": [3.73989605578e-05, 0.000690798740834, 0.00393917737529, 0.102661333978, 0.1859190166, 1.35285663605, 11.3306970596, 54.2806587219, 5.03923225403, 8.75128269196, 21.2109642029, 133.129760742, 19.377779007, 13.5341234207, 28.4316825867, 3.86250591278, 14.8857545853, 1.3737641573, 2.00881004333, 1.79018414021, 0.995165526867, 1.13337111473, 1.0933059454, 0.955284953117, 0.5758690238, 0.215716525912, 0.11105183512, 0.0472297072411, 0.019240481779, 0.00745418621227, 0.00350255286321, 0.00189656298608, 0.00110665301327, 0.000525013019796, 0.000169757549884, 6.43404491711e-05, 2.41933066718e-05, 3.9710407691e-06, 3.10396012537e-06, 6.86293287799e-06],
        "dvar": [1.10385611762e-09, 5.04934064338e-07, 1.24379348563e-05, 0.00919406209141, 0.0258308630437, 2.56017398834, 87.7153701782, 1981.60229492, 18.7336082458, 138.844223022, 587.668212891, 21688.0488281, 738.274475098, 169.707305908, 734.647033691, 30.7084980011, 833.070068359, 4.72265625, 4.58156108856, 3.03207802773, 0.935760915279, 1.56329786777, 1.03921496868, 1.09578931332, 0.431959450245, 0.0654103085399, 0.0174948778003, 0.0043174973689, 0.000717774441, 0.000153687695274, 3.27027846652e-05, 8.04066166893e-06, 3.69853182747e-06, 8.44567296099e-07, 6.64165256126e-08, 9.40896871526e-09, 1.31388433466e-09, 3.69561846403e-11, 9.53058292008e-12, 5.38157227115e-11],
        "dvar2": [2.78156209177e-09, 1.37547510803e-06, 3.01537529594e-05, 0.0181503556669, 0.0658841207623, 5.05790472031, 249.307785034, 7373.18554688, 53.3116874695, 362.594360352, 1040.48669434, 47819.6835938, 2041.60144043, 435.346374512, 1432.42956543, 47.6197776794, 1453.68457031, 9.90529346466, 11.9438295364, 7.48790597916, 2.0553355217, 3.21986341476, 3.04585003853, 2.8763961792, 1.04925739765, 0.149054661393, 0.044232558459, 0.0105886869133, 0.00159508211073, 0.000281045940937, 6.64248000248e-05, 1.81285959115e-05, 8.74802208273e-06, 1.90323896732e-06, 1.74803574282e-07, 2.11120561033e-08, 3.15495185532e-09, 1.00436450823e-10, 1.92539699462e-11, 1.07901840241e-10],
        "max": [0.00025406878558, 0.00515857292339, 0.0291011817753, 0.785095870495, 1.45830690861, 18.4304695129, 63.0857162476, 229.127151489, 37.3896179199, 81.2731246948, 251.90927124, 1541.96948242, 169.667449951, 120.654281616, 388.306915283, 60.4521636963, 296.672637939, 19.3731231689, 17.3229789734, 16.6470775604, 12.4275636673, 16.2768688202, 9.14318084717, 8.19824123383, 5.77602291107, 3.2678771019, 1.34693336487, 0.48160046339, 0.221670925617, 0.122651346028, 0.0598606728017, 0.0295578986406, 0.0182891190052, 0.00803323555738, 0.00193817447871, 0.000905551423784, 0.000340290833265, 4.64776130684e-05, 3.14257267746e-05, 7.10340682417e-05],
        "mean": [3.76142852474e-05, 0.000827173935249, 0.00595002109185, 0.133153408766, 0.376171708107, 3.9983355999, 18.8978042603, 43.5623397827, 4.61248826981, 7.16656494141, 64.8471679688, 422.751342773, 37.1026611328, 26.1967525482, 69.9947738647, 10.4921636581, 24.0879116058, 2.8220539093, 2.47266411781, 2.3396384716, 1.78535425663, 1.99777150154, 1.32474195957, 1.33788180351, 0.894630074501, 0.38022094965, 0.156200885773, 0.0591694749892, 0.0223424900323, 0.00874511618167, 0.00402876501903, 0.00184772990178, 0.00110932765529, 0.000499811838381, 0.000176029090653, 7.61265691835e-05, 3.00449210044e-05, 7.43628834243e-06, 1.33433613883e-05, 2.79807118204e-05],
        "median": [1.45676722241e-05, 0.000242153982981, 0.00248017394915, 0.0424131080508, 0.203568384051, 1.12661147118, 7.751745224, 11.9672937393, 2.39243602753, 2.64411902428, 43.9595451355, 128.051742554, 19.0445842743, 12.25573349, 13.9833631516, 1.72945272923, 1.17460048199, 0.106526650488, 0.01740684174, 0.00569056300446, 0.00520955072716, 0.00964054465294, 0.00853810925037, 0.00933606084436, 0.00692475261167, 0.00457869283855, 0.00319166854024, 0.00301261828281, 0.00112369086128, 0.000218543369556, 0.000118507472507, 6.86670173309e-05, 6.15208482486e-05, 4.56387024315e-05, 3.35626900778e-05, 1.71625742951e-05, 1.29490399559e-05, 5.59907448405e-06, 8.19930573925e-06, 1.61722655321e-05],
        "min": [7.15879078239e-10, 7.21842008389e-09, 2.57036447238e-07, 2.94552910418e-06, 1.19193528008e-05, 2.40496374317e-05, 4.43306307716e-05, 0.000126085797092, 0.000375340809114, 0.000507392338477, 0.00129162799567, 0.00160623528063, 0.000470235885587, 0.000309040420689, 0.000367582513718, 0.000122045988974, 0.000114159716759, 0.00010168767767, 8.31932920846e-05, 7.79568872531e-05, 6.43500170554e-05, 6.39487334411e-05, 9.24788255361e-05, 6.50016590953e-05, 4.71860985272e-05, 2.77218387055e-05, 2.67765753961e-05, 2.57328465523e-05, 2.02774044737e-05, 7.480394288e-06, 4.87922170578e-06, 5.09875644639e-06, 2.62508638116e-06, 2.09260133488e-06, 1.23062341117e-06, 6.3249149207e-07, 3.79864246725e-07, 2.01286695756e-07, 6.29363583471e-08, 8.26344148663e-09],
        "var": [2.58594035074e-09, 1.53285270699e-06, 4.89163685415e-05, 0.0305187236518, 0.179446488619, 27.9921665192, 432.149902344, 3316.94433594, 40.6016464233, 165.493026733, 5160.98730469, 221096.4375, 1773.16894531, 1020.22888184, 9275.09375, 246.646652222, 3212.25097656, 22.4297332764, 18.8882217407, 15.5912828445, 9.75673103333, 10.6572179794, 4.42524003983, 4.62904310226, 2.2217900753, 0.488080501556, 0.0916704982519, 0.0134284440428, 0.0020974969957, 0.000464769022074, 9.48374654399e-05, 2.09267618629e-05, 7.99195277068e-06, 1.55954421643e-06, 1.28234816543e-07, 2.35890293965e-08, 2.73409850315e-09, 7.03734362451e-11, 1.40890021871e-10, 8.09412592506e-10]
    },
    "gfcc": {
        "mean": [-250.047836304, 160.202484131, -138.548416138, -49.1476287842, -80.8872528076, -51.5033416748, -13.0334339142, -6.85899448395, -28.08842659, -17.2919616699, -11.6342782974, -5.241979599, -0.416345626116],
        "cov": [[20220.5703125, 3455.24243164, -4892.08300781, -1587.03540039, 504.046173096, 170.095977783, -718.846862793, -1079.4329834, -405.709899902, -1313.85205078, 317.532653809, -803.920227051, 687.900268555], [3455.24243164, 1564.50830078, -418.992706299, -1006.30187988, -30.9416847229, -68.035697937, 3.82088088989, -336.410583496, -249.385635376, -410.930206299, 67.3223266602, -121.346420288, 181.14074707], [-4892.08300781, -418.992706299, 1830.35656738, 368.717895508, -206.020965576, -57.3600845337, 228.363952637, 206.578491211, -3.94931936264, 239.793060303, -92.5767822266, 245.477523804, -168.442382812], [-1587.03540039, -1006.30187988, 368.717895508, 1092.38659668, 131.420257568, 1.42770588398, -48.2813644409, 224.745178223, 154.547241211, 234.933898926, -53.6813697815, 111.647880554, -93.5036239624], [504.046173096, -30.9416847229, -206.020965576, 131.420257568, 147.851394653, -25.4246120453, -55.4111595154, -0.60085940361, 9.21046924591, -30.4506511688, -1.36387634277, -12.356918335, 27.8765983582], [170.095977783, -68.035697937, -57.3600845337, 1.42770588398, -25.4246120453, 141.977859497, 26.0048446655, -3.75623106956, 13.6197605133, 13.3246431351, -3.73262453079, -43.0799407959, -44.7755775452], [-718.846862793, 3.82088088989, 228.363952637, -48.2813644409, -55.4111595154, 26.0048446655, 118.956680298, 49.2944335938, -5.24917173386, 30.1169166565, -9.88710212708, 16.1313591003, -48.4972991943], [-1079.4329834, -336.410583496, 206.578491211, 224.745178223, -0.60085940361, -3.75623106956, 49.2944335938, 133.544418335, 72.1598815918, 103.993789673, -29.201461792, 38.003364563, -53.9127502441], [-405.709899902, -249.385635376, -3.94931936264, 154.547241211, 9.21046924591, 13.6197605133, -5.24917173386, 72.1598815918, 83.7414245605, 81.6019439697, -13.6463470459, 2.27519655228, -26.2802791595], [-1313.85205078, -410.930206299, 239.793060303, 234.933898926, -30.4506511688, 13.3246431351, 30.1169166565, 103.993789673, 81.6019439697, 168.108612061, -8.64008140564, 44.6024284363, -63.9490661621], [317.532653809, 67.3223266602, -92.5767822266, -53.6813697815, -1.36387634277, -3.73262453079, -9.88710212708, -29.201461792, -13.6463470459, -8.64008140564, 41.2306518555, 2.25379610062, 20.0150127411], [-803.920227051, -121.346420288, 245.477523804, 111.647880554, -12.356918335, -43.0799407959, 16.1313591003, 38.003364563, 2.27519655228, 44.6024284363, 2.25379610062, 82.2643280029, 5.06053113937], [687.900268555, 181.14074707, -168.442382812, -93.5036239624, 27.8765983582, -44.7755775452, -48.4972991943, -53.9127502441, -26.2802791595, -63.9490661621, 20.0150127411, 5.06053113937, 77.6766891479]],
        "icov": [[0.00129868357908, -0.00387965934351, 0.00270531373098, -0.00294544873759, 0.00236860266887, -0.00227724108845, 0.00346928508952, -0.00222971406765, 0.000946897314861, 0.00131834694184, -0.00185213109944, 0.0017102540005, 9.44161147345e-05], [-0.00387965934351, 0.0184541288763, -0.0106184761971, 0.0106358295307, -0.00832314416766, 0.0100146755576, -0.0174720101058, 0.0145330997184, -0.00633616931736, 0.0050848973915, -0.000384512881283, 0.00525758089498, -0.00916276033968], [0.00270531373098, -0.0106184761971, 0.00909999106079, -0.00696703884751, 0.00694930460304, -0.00503957597539, 0.00837934482843, -0.0062662656419, 0.00571914436296, -0.00189028913155, 0.00340302637778, -0.00696155754849, 0.00758967455477], [-0.00294544873759, 0.0106358295307, -0.00696703884751, 0.0101537592709, -0.00844887457788, 0.00453103706241, -0.00591551931575, 0.00400089286268, -0.00306408363394, -0.00150045345072, 0.00321189686656, -0.00488164788112, 0.000342698767781], [0.00236860266887, -0.00832314416766, 0.00694930460304, -0.00844887457788, 0.017655082047, -0.00245621381328, 0.00878685619682, -0.00785857159644, 0.00413809949532, 0.00430961698294, -0.00137144129258, 0.00241259019822, 0.00075648969505], [-0.00227724108845, 0.0100146755576, -0.00503957597539, 0.00453103706241, -0.00245621381328, 0.0180666223168, -0.0141600081697, 0.0148680265993, -0.00799453724176, 0.00289626396261, 0.000533390615601, 0.00483797071502, 0.00334030482918], [0.00346928508952, -0.0174720101058, 0.00837934482843, -0.00591551931575, 0.00878685619682, -0.0141600081697, 0.0415457934141, -0.0328107699752, 0.0164098739624, -0.00325947767124, -0.00467015895993, -0.00756395002827, 0.0174855720252], [-0.00222971406765, 0.0145330997184, -0.0062662656419, 0.00400089286268, -0.00785857159644, 0.0148680265993, -0.0328107699752, 0.0568428076804, -0.033005040139, 0.00687874667346, 0.00881475582719, -0.00335461692885, -0.00011525877926], [0.000946897314861, -0.00633616931736, 0.00571914436296, -0.00306408363394, 0.00413809949532, -0.00799453724176, 0.0164098739624, -0.033005040139, 0.0582268498838, -0.026430785656, 0.00935947988182, 0.00846123788506, -0.00867464672774], [0.00131834694184, 0.0050848973915, -0.00189028913155, -0.00150045345072, 0.00430961698294, 0.00289626396261, -0.00325947767124, 0.00687874667346, -0.026430785656, 0.0422840863466, -0.0226725805551, 0.00582038471475, 0.00475563667715], [-0.00185213109944, -0.000384512881283, 0.00340302637778, 0.00321189686656, -0.00137144129258, 0.000533390615601, -0.00467015895993, 0.00881475582719, 0.00935947988182, -0.0226725805551, 0.0534501299262, -0.0259999595582, 0.00496892817318], [0.0017102540005, 0.00525758089498, -0.00696155754849, -0.00488164788112, 0.00241259019822, 0.00483797071502, -0.00756395002827, -0.00335461692885, 0.00846123788506, 0.00582038471475, -0.0259999595582, 0.0699636042118, -0.0437110625207], [9.44161147345e-05, -0.00916276033968, 0.00758967455477, 0.000342698767781, 0.00075648969505, 0.00334030482918, 0.0174855720252, -0.00011525877926, -0.00867464672774, 0.00475563667715, 0.00496892817318, -0.0437110625207, 0.0653146579862]]
    },
    "melbands": {
        "dmean": [3.06506166226e-07, 7.99796964657e-07, 1.42611652336e-05, 3.53367759089e-05, 0.00022986784461, 0.000617464771494, 3.39194593835e-05, 5.7009554439e-05, 0.000242443275056, 0.000512994593009, 5.63213034184e-05, 3.46069246007e-05, 9.19438825804e-05, 7.1450303949e-06, 1.84256241482e-05, 1.20286867968e-05, 1.71246176706e-06, 2.36305777435e-06, 7.71226552843e-07, 1.38898997193e-06, 8.91562933703e-07, 9.08657625587e-07, 6.29684734577e-07, 6.49983348922e-07, 4.48861840141e-07, 3.59588426591e-07, 1.64253521007e-07, 8.82941293412e-08, 5.10420008482e-08, 2.83296905934e-08, 1.52646695284e-08, 7.4723205401e-09, 4.38786429413e-09, 2.30931118672e-09, 1.57880808427e-09, 9.35347688191e-10, 6.03770256014e-10, 5.19139897737e-10, 3.69421382374e-10, 2.67407124221e-10],
        "dmean2": [5.14400653628e-07, 1.26882844143e-06, 2.06529748539e-05, 5.06396354467e-05, 0.0003561124322, 0.00108903250657, 5.48902644368e-05, 9.28689769353e-05, 0.00034922308987, 0.000750754727051, 9.19931844692e-05, 5.50516342628e-05, 0.000127837411128, 1.23116715258e-05, 2.81633383565e-05, 2.023307934e-05, 3.08751396005e-06, 4.3900035962e-06, 1.32336572278e-06, 2.31355670621e-06, 1.45282467656e-06, 1.3651555264e-06, 1.10956659682e-06, 1.19533524412e-06, 7.95167579781e-07, 6.19182060291e-07, 2.93687321573e-07, 1.35296133408e-07, 7.95178749513e-08, 4.75762469421e-08, 2.5511273094e-08, 1.29203110433e-08, 6.22770990333e-09, 3.42644534967e-09, 2.34694619294e-09, 1.47953138629e-09, 1.06461006677e-09, 8.36005598082e-10, 5.96201421565e-10, 4.17293366528e-10],
        "dvar": [2.26517738486e-13, 1.35997571711e-12, 3.84894532912e-10, 3.56364160403e-09, 8.4797456168e-08, 7.86164207511e-07, 3.63077323762e-09, 1.46375418453e-08, 1.65023479326e-07, 6.61689796289e-07, 2.08912744881e-08, 3.62196317383e-09, 1.51226053902e-08, 1.97477631469e-10, 3.60959839796e-09, 1.22494625554e-09, 1.24538079502e-11, 2.41181883492e-11, 1.94416249592e-12, 4.64422771074e-12, 2.05423503728e-12, 2.40459518616e-12, 1.09062910612e-12, 2.08600346198e-12, 8.02149470978e-13, 5.02784174971e-13, 1.0232502237e-13, 2.93242535289e-14, 9.52140842163e-15, 3.23906838986e-15, 1.26199639982e-15, 3.06537994298e-16, 9.27871521809e-17, 3.42713633275e-17, 1.53137104855e-17, 4.24625722829e-18, 2.62974468608e-18, 2.08674631567e-18, 1.14172038317e-18, 5.2770106085e-19],
        "dvar2": [5.85172101747e-13, 3.82600548465e-12, 8.04249777886e-10, 7.35687821773e-09, 2.60136403085e-07, 2.90156913252e-06, 8.89100792989e-09, 3.88883414359e-08, 2.97307281016e-07, 1.47438015574e-06, 5.77909275989e-08, 9.51497813872e-09, 2.76840435021e-08, 4.75975980851e-10, 5.8746505438e-09, 2.19651630218e-09, 3.33103510053e-11, 6.20055742862e-11, 4.93252053785e-12, 1.2441202582e-11, 4.39071999245e-12, 5.35878589766e-12, 2.92955828866e-12, 6.42491572098e-12, 2.08272309989e-12, 1.29987481282e-12, 2.40778967944e-13, 7.52253958452e-14, 2.36443419639e-14, 8.50109201512e-15, 3.12858056519e-15, 7.15172787256e-16, 1.67457619579e-16, 6.35134420609e-17, 3.39478960033e-17, 9.57465446779e-18, 5.82921043265e-18, 5.06858270423e-18, 2.58335681092e-18, 1.24187386078e-18],
        "max": [3.47437298842e-06, 8.29998953122e-06, 0.00013764097821, 0.00065034016734, 0.00197189557366, 0.00474399002269, 0.000516258936841, 0.000769110047258, 0.00410488247871, 0.00852180551738, 0.000854796729982, 0.000537874992006, 0.0017294177087, 0.000131265274831, 0.000648998830002, 0.000348420115188, 2.41128691414e-05, 3.76910356863e-05, 1.27046341731e-05, 2.0038407456e-05, 1.87702389667e-05, 1.9826929929e-05, 7.95990945335e-06, 1.06152665467e-05, 6.99701467965e-06, 5.55159431315e-06, 2.87150805889e-06, 2.03125523512e-06, 9.58475197876e-07, 4.84129884626e-07, 2.56059536241e-07, 1.29799275328e-07, 1.00329963004e-07, 5.3374236586e-08, 3.86803868935e-08, 2.26129177605e-08, 1.55492845266e-08, 1.37087559082e-08, 9.53369383438e-09, 6.21532381118e-09],
        "mean": [5.42792406577e-07, 1.59963542501e-06, 2.48415744863e-05, 0.00013489909179, 0.000611722178292, 0.000956294476055, 4.73971158499e-05, 6.65709740133e-05, 0.00107980135363, 0.00232854834758, 7.905982784e-05, 8.30540448078e-05, 0.000311615614919, 1.87365567399e-05, 5.49365031475e-05, 2.93732209684e-05, 3.9108394958e-06, 5.20541880178e-06, 1.77777724275e-06, 2.99724069919e-06, 2.22116500481e-06, 2.33324681176e-06, 1.36035112064e-06, 1.13272574254e-06, 1.08180108782e-06, 8.46254977205e-07, 4.2084181473e-07, 2.11128877936e-07, 1.10857072855e-07, 5.29052250897e-08, 2.77384923919e-08, 1.37537963241e-08, 6.6867054116e-09, 4.01138366968e-09, 2.46994491526e-09, 1.47507284165e-09, 9.57399937107e-10, 8.09776135036e-10, 5.81027725932e-10, 3.47082945718e-10],
        "median": [1.53347883725e-07, 5.6764878309e-07, 1.07673113234e-05, 1.91256276594e-05, 0.000301983614918, 0.000276365957689, 1.74506094481e-05, 2.37688291236e-05, 0.00065721583087, 0.000685921288095, 2.82226919808e-05, 4.1016312025e-05, 4.32665437984e-05, 4.81520100948e-06, 1.55942734636e-06, 1.66303289006e-06, 3.29376987906e-08, 1.72732299575e-08, 5.54120749285e-09, 6.35590469145e-09, 6.44525233184e-09, 1.01083958981e-08, 8.94332430335e-09, 7.7763919748e-09, 7.93545673616e-09, 5.87660453633e-09, 4.24730739468e-09, 2.81607315245e-09, 1.92219240525e-09, 1.75355530097e-09, 1.57618240682e-09, 7.74142250304e-10, 1.98234109683e-10, 7.2112739391e-11, 6.22377011039e-11, 4.43646473725e-11, 3.00069344372e-11, 3.23046797646e-11, 2.89719012669e-11, 2.66739824673e-11],
        "min": [4.68364062811e-12, 8.27552887328e-11, 7.29480864603e-10, 1.32634636607e-09, 1.4670286097e-09, 2.76227996032e-09, 6.15487305566e-09, 5.57032375781e-09, 1.21753034321e-08, 9.26517440547e-09, 2.01411776146e-09, 1.15001486112e-09, 1.47691558983e-09, 4.01344735224e-10, 2.54721410631e-10, 2.87552731626e-10, 1.63540347931e-10, 1.30039881641e-10, 1.08935090115e-10, 1.16739826139e-10, 5.95586913121e-11, 4.89918279556e-11, 1.17269999267e-10, 4.80751792542e-11, 5.3542961731e-11, 5.83609827132e-11, 1.90518208848e-11, 1.71652171643e-11, 1.72453336333e-11, 1.49042288927e-11, 1.49896935142e-11, 1.18052208634e-11, 6.18231854599e-12, 3.58192468741e-12, 2.71851226426e-12, 2.73231264003e-12, 3.24142080364e-12, 1.69584821446e-12, 1.94397492895e-12, 1.6678601859e-12],
        "var": [6.68291214468e-13, 4.04053266539e-12, 1.0543619311e-09, 3.43029959993e-08, 4.35489738493e-07, 1.49202196553e-06, 7.0034897881e-09, 1.53208574716e-08, 1.45990247802e-06, 6.69117980578e-06, 1.82405965887e-08, 1.14813687446e-08, 1.90376155729e-07, 7.95664978348e-10, 1.66638294274e-08, 4.48479475779e-09, 4.58998845876e-11, 8.87366499724e-11, 9.0118294771e-12, 2.52848714188e-11, 1.72372515567e-11, 1.49267508076e-11, 4.67622511893e-12, 3.91255170623e-12, 3.09140495321e-12, 2.00212806403e-12, 5.58283996289e-13, 1.64809978815e-13, 4.83159519338e-14, 1.07543411093e-14, 3.05220953356e-15, 7.75479680216e-16, 2.74175274134e-16, 1.00632100023e-16, 3.7371652807e-17, 1.26380640996e-17, 5.99719385786e-18, 4.40922959334e-18, 2.30840445685e-18, 8.13634496047e-19]
    },
    "mfcc": {
        "mean": [-873.60723877, 181.72845459, -3.81165480614, -16.534740448, -45.5950698853, -43.3646850586, -12.108171463, -4.16169881821, -11.651930809, -13.1544361115, -10.2057580948, -8.64213180542, -10.2453718185],
        "cov": [[17675.4511719, 5294.82275391, -6468.48388672, -221.422592163, -492.315185547, 102.418663025, 142.864349365, -602.748291016, -549.197998047, -476.889312744, -765.023864746, -725.655822754, -673.816650391], [5294.82275391, 2781.83422852, -1436.45300293, -671.581359863, -432.129821777, -178.529312134, 85.9273757935, -135.210586548, -304.699920654, -387.1355896, -427.133026123, -349.408874512, -297.430633545], [-6468.48388672, -1436.45300293, 2929.93579102, -29.838968277, 37.6326522827, -74.827796936, -23.5439968109, 272.542755127, 141.90953064, 54.6867294312, 186.982406616, 234.607284546, 231.937606812], [-221.422592163, -671.581359863, -29.838968277, 683.00970459, 299.824981689, 82.6767349243, -12.7353601456, 10.0427751541, 93.7858276367, 90.3299789429, 56.2987632751, 54.8481445312, 80.5441818237], [-492.315185547, -432.129821777, 37.6326522827, 299.824981689, 223.673095703, 38.6145362854, -26.4327926636, 4.60504436493, 54.7276687622, 55.0126609802, 28.4074707031, 28.3875598907, 47.097114563], [102.418663025, -178.529312134, -74.827796936, 82.6767349243, 38.6145362854, 122.394378662, 25.00066185, -1.57340288162, 17.6088428497, 43.4700660706, 45.7296829224, 20.0734329224, 10.234998703], [142.864349365, 85.9273757935, -23.5439968109, -12.7353601456, -26.4327926636, 25.00066185, 64.6428756714, 26.6215953827, -9.32473182678, -14.4175281525, -5.82035779953, -0.0389458164573, -6.34931755066], [-602.748291016, -135.210586548, 272.542755127, 10.0427751541, 4.60504436493, -1.57340288162, 26.6215953827, 70.2234115601, 35.6247520447, 11.5189762115, 19.1375617981, 23.108455658, 25.986743927], [-549.197998047, -304.699920654, 141.90953064, 93.7858276367, 54.7276687622, 17.6088428497, -9.32473182678, 35.6247520447, 80.207824707, 69.1929626465, 54.0980911255, 44.0248031616, 34.7629051208], [-476.889312744, -387.1355896, 54.6867294312, 90.3299789429, 55.0126609802, 43.4700660706, -14.4175281525, 11.5189762115, 69.1929626465, 115.538414001, 100.427047729, 63.12317276, 34.8300094604], [-765.023864746, -427.133026123, 186.982406616, 56.2987632751, 28.4074707031, 45.7296829224, -5.82035779953, 19.1375617981, 54.0980911255, 100.427047729, 127.887046814, 77.3577194214, 36.1669769287], [-725.655822754, -349.408874512, 234.607284546, 54.8481445312, 28.3875598907, 20.0734329224, -0.0389458164573, 23.108455658, 44.0248031616, 63.12317276, 77.3577194214, 83.6853866577, 49.5081710815], [-673.816650391, -297.430633545, 231.937606812, 80.5441818237, 47.097114563, 10.234998703, -6.34931755066, 25.986743927, 34.7629051208, 34.8300094604, 36.1669769287, 49.5081710815, 63.5750694275]],
