{
"lowlevel": {
    "average_loudness": 0.985573530197,
    "barkbands_crest": {
        "dmean": 2.16533946991,
        "dmean2": 3.31026339531,
        "dvar": 4.80455255508,
        "dvar2": 9.91896820068,
        "max": 26.7663879395,
        "mean": 18.5201015472,
        "median": 18.388048172,
        "min": 8.33531188965,
        "var": 27.0640640259
    },
    "barkbands_flatness_db": {
        "dmean": 0.0342546924949,
        "dmean2": 0.0453937873244,
        "dvar": 0.00104836584069,
        "dvar2": 0.00207468844019,
        "max": 0.469830662012,
        "mean": 0.308836698532,
        "median": 0.299191623926,
        "min": 0.138266354799,
        "var": 0.00605724472553
    },
    "barkbands_kurtosis": {
        "dmean": 19.1956615448,
        "dmean2": 27.6676883698,
        "dvar": 1865.14367676,
        "dvar2": 4314.93212891,
        "max": 466.819580078,
        "mean": 37.8572273254,
        "median": 6.03642368317,
        "min": -0.807913064957,
        "var": 7322.07617188
    },
    "barkbands_skewness": {
        "dmean": 1.17625546455,
        "dmean2": 1.62596464157,
        "dvar": 2.71954655647,
        "dvar2": 6.62181568146,
        "max": 18.7465057373,
        "mean": 1.93112683296,
        "median": 0.508656322956,
        "min": -4.68651628494,
        "var": 17.7799434662
    },
    "barkbands_spread": {
        "dmean": 1.39160001278,
        "dmean2": 2.24994778633,
        "dvar": 3.13819384575,
        "dvar2": 8.56994152069,
        "max": 13.1760578156,
        "mean": 3.60909366608,
        "median": 3.58481574059,
        "min": 0.193727493286,
        "var": 7.40691184998
    },
    "dissonance": {
        "dmean": 0.07817607373,
        "dmean2": 0.139376699924,
        "dvar": 0.00428224634379,
        "dvar2": 0.0131295211613,
        "max": 0.495912104845,
        "mean": 0.348229199648,
        "median": 0.357650756836,
        "min": 0.139974847436,
        "var": 0.00848213769495
    },
    "dynamic_complexity": 2.73725771904,
    "erbbands_crest": {
        "dmean": 2.60665535927,
        "dmean2": 3.81476640701,
        "dvar": 6.08746004105,
        "dvar2": 13.2518863678,
        "max": 29.3507976532,
        "mean": 20.7935714722,
        "median": 21.8593616486,
        "min": 10.2528648376,
        "var": 20.9583625793
    },
    "erbbands_flatness_db": {
        "dmean": 0.0303483083844,
        "dmean2": 0.0405700467527,
        "dvar": 0.000773134059273,
        "dvar2": 0.00161306618247,
        "max": 0.509888768196,
        "mean": 0.357277601957,
        "median": 0.348310559988,
        "min": 0.205514535308,
        "var": 0.00461729010567
    },
    "erbbands_kurtosis": {
        "dmean": 7.56254482269,
        "dmean2": 10.1125802994,
        "dvar": 124.327407837,
        "dvar2": 303.480285645,
        "max": 126.160202026,
        "mean": 18.0145988464,
        "median": 5.25236034393,
        "min": -0.372158765793,
        "var": 734.646240234
    },
    "erbbands_skewness": {
        "dmean": 0.701349854469,
        "dmean2": 1.02368879318,
        "dvar": 0.495977550745,
        "dvar2": 0.959214746952,
        "max": 8.57024860382,
        "mean": 2.02966547012,
        "median": 1.25526428223,
        "min": -1.19615113735,
        "var": 5.47527742386
    },
    "erbbands_spread": {
        "dmean": 1.4519289732,
        "dmean2": 2.08498239517,
        "dvar": 2.49879717827,
        "dvar2": 5.61145782471,
        "max": 16.3027305603,
        "mean": 5.25581264496,
        "median": 5.02456951141,
        "min": 0.711685061455,
        "var": 11.8534812927
    },
    "hfc": {
        "dmean": 7.8448266983,
        "dmean2": 11.7925920486,
        "dvar": 97.2329483032,
        "dvar2": 213.220245361,
        "max": 81.8776245117,
        "mean": 23.0856704712,
        "median": 18.2389717102,
        "min": 0.47887185216,
        "var": 367.66784668
    },
    "melbands_crest": {
        "dmean": 2.38746190071,
        "dmean2": 3.82306885719,
        "dvar": 5.36637401581,
        "dvar2": 10.7964496613,
        "max": 31.9492797852,
        "mean": 18.8618831635,
        "median": 17.6424732208,
        "min": 6.16284608841,
        "var": 31.1599845886
    },
    "melbands_flatness_db": {
        "dmean": 0.0334455929697,
        "dmean2": 0.0451129823923,
        "dvar": 0.00122664438095,
        "dvar2": 0.00217188964598,
        "max": 0.548476457596,
        "mean": 0.362810879946,
        "median": 0.350958526134,
        "min": 0.188567772508,
        "var": 0.00659613264725
    },
    "melbands_kurtosis": {
        "dmean": 9.25932312012,
        "dmean2": 13.5762634277,
        "dvar": 261.756408691,
        "dvar2": 503.968597412,
        "max": 213.76184082,
        "mean": 24.7300224304,
        "median": 4.74234485626,
        "min": -1.46121716499,
        "var": 2103.21240234
    },
    "melbands_skewness": {
        "dmean": 0.7574005723,
        "dmean2": 1.19853270054,
        "dvar": 0.963949918747,
        "dvar2": 1.69305801392,
        "max": 8.24969387054,
        "mean": 0.913990855217,
        "median": 0.331692963839,
        "min": -3.63682246208,
        "var": 5.10511159897
    },
    "melbands_spread": {
        "dmean": 2.55930542946,
        "dmean2": 4.14434480667,
        "dvar": 11.7546730042,
        "dvar2": 29.0094165802,
        "max": 33.4685325623,
        "mean": 7.04028081894,
        "median": 7.21346330643,
        "min": 0.420717924833,
        "var": 29.8607597351
    },
    "pitch_salience": {
        "dmean": 0.0761074125767,
        "dmean2": 0.116263076663,
        "dvar": 0.010182376951,
        "dvar2": 0.0193432290107,
        "max": 0.817086577415,
        "mean": 0.361837208271,
        "median": 0.393975913525,
        "min": 0.0634581148624,
        "var": 0.0283858254552
    },
    "silence_rate_20dB": {
        "dmean": 0,
        "dmean2": 0,
        "dvar": 0,
        "dvar2": 0,
        "max": 1,
        "mean": 1,
        "median": 1,
        "min": 1,
        "var": 0
    },
    "silence_rate_30dB": {
        "dmean": 0,
        "dmean2": 0,
        "dvar": 0,
        "dvar2": 0,
        "max": 1,
        "mean": 1,
        "median": 1,
        "min": 1,
        "var": 0
    },
    "silence_rate_60dB": {
        "dmean": 0.0333333350718,
        "dmean2": 0.0672268941998,
        "dvar": 0.0322222337127,
        "dvar2": 0.0627074465156,
        "max": 1,
        "mean": 0.0826446264982,
        "median": 0,
        "min": 0,
        "var": 0.0758145451546
    },
    "spectral_centroid": {
        "dmean": 59.959903717,
        "dmean2": 89.0935668945,
        "dvar": 6131.28417969,
        "dvar2": 11924.5888672,
        "max": 1417.33984375,
        "mean": 896.261474609,
        "median": 859.850952148,
        "min": 469.789306641,
        "var": 33432.984375
    },
    "spectral_complexity": {
        "dmean": 1.70833337307,
        "dmean2": 2.77310919762,
        "dvar": 5.33992815018,
        "dvar2": 11.7888584137,
        "max": 18,
        "mean": 7.47933864594,
        "median": 7,
        "min": 1,
        "var": 12.5305652618
    },
    "spectral_decrease": {
        "dmean": 2.19355977826e-09,
        "dmean2": 3.11171932665e-09,
        "dvar": 5.98777764736e-18,
        "dvar2": 1.3575545111e-17,
        "max": -1.28467569915e-10,
        "mean": -6.32853902616e-09,
        "median": -5.71979841268e-09,
        "min": -1.89132300932e-08,
        "var": 2.29908812841e-17
    },
    "spectral_energy": {
        "dmean": 0.00898549426347,
        "dmean2": 0.0128029799089,
        "dvar": 0.000101055928099,
        "dvar2": 0.000228486707783,
        "max": 0.0756598114967,
        "mean": 0.0259792245924,
        "median": 0.0232480615377,
        "min": 0.000528301286977,
        "var": 0.000388798071072
    },
    "spectral_energyband_high": {
        "dmean": 5.74476616748e-05,
        "dmean2": 0.000100760233181,
        "dvar": 3.5441594548e-08,
        "dvar2": 9.79578800298e-08,
        "max": 0.00123635609634,
        "mean": 6.65756015223e-05,
        "median": 1.01236719274e-05,
        "min": 3.72782835711e-07,
        "var": 2.89645925022e-08
    },
    "spectral_energyband_low": {
        "dmean": 7.11304674041e-05,
        "dmean2": 0.000115538081445,
        "dvar": 3.76722546491e-08,
        "dvar2": 7.58913074606e-08,
        "max": 0.00185074622277,
        "mean": 8.38962005218e-05,
        "median": 3.03379038087e-05,
        "min": 2.0019857061e-07,
        "var": 4.67502978552e-08
    },
    "spectral_energyband_middle_high": {
        "dmean": 0.00545130996034,
        "dmean2": 0.00841225031763,
        "dvar": 5.8861081925e-05,
        "dvar2": 0.000127454230096,
        "max": 0.0584591440856,
        "mean": 0.0145769407973,
        "median": 0.00935222674161,
        "min": 0.000203099523787,
        "var": 0.000222804432269
    },
    "spectral_energyband_middle_low": {
        "dmean": 0.00488226860762,
        "dmean2": 0.00708470493555,
        "dvar": 5.642951146e-05,
        "dvar2": 0.000102650170447,
        "max": 0.0738937482238,
        "mean": 0.0118093388155,
        "median": 0.00545133370906,
        "min": 0.000176628367626,
        "var": 0.000222015936743
    },
    "spectral_entropy": {
        "dmean": 0.31534871459,
        "dmean2": 0.423871695995,
        "dvar": 0.13247436285,
        "dvar2": 0.232610613108,
        "max": 7.76729059219,
        "mean": 5.63800525665,
        "median": 5.71384572983,
        "min": 4.39497327805,
        "var": 0.464733362198
    },
    "spectral_flux": {
        "dmean": 0.0234534144402,
        "dmean2": 0.0349043756723,
        "dvar": 0.000916553544812,
        "dvar2": 0.00193443067838,
        "max": 0.198637023568,
        "mean": 0.054788634181,
        "median": 0.0420335009694,
        "min": 0.00635629240423,
        "var": 0.00162413157523
    },
    "spectral_kurtosis": {
        "dmean": 12.3865604401,
        "dmean2": 19.8530635834,
        "dvar": 234.84223938,
        "dvar2": 421.212280273,
        "max": 157.092285156,
        "mean": 37.3989334106,
        "median": 30.1389160156,
        "min": 4.33811235428,
        "var": 874.880187988
    },
    "spectral_rms": {
        "dmean": 0.000885571003892,
        "dmean2": 0.00125099823344,
        "dvar": 9.39713459047e-07,
        "dvar2": 2.00117960958e-06,
        "max": 0.00859153363854,
        "mean": 0.00459116743878,
        "median": 0.00476246094331,
        "min": 0.000717924674973,
        "var": 4.26678070653e-06
    },
    "spectral_rolloff": {
        "dmean": 89.5422363281,
        "dmean2": 164.846618652,
        "dvar": 48338.5273438,
        "dvar2": 120014.265625,
        "max": 1959.52148438,
        "mean": 981.096069336,
        "median": 839.794921875,
        "min": 624.462890625,
        "var": 76257.078125
    },
    "spectral_skewness": {
        "dmean": 0.822164177895,
        "dmean2": 1.32854187489,
        "dvar": 0.649030923843,
        "dvar2": 1.26168346405,
        "max": 10.3250932693,
        "mean": 4.61456441879,
        "median": 4.19946670532,
        "min": 2.27685403824,
        "var": 2.72406792641
    },
    "spectral_spread": {
        "dmean": 736702.6875,
        "dmean2": 1065938,
        "dvar": 2.15732361626e+12,
        "dvar2": 1.48787232768e+12,
        "max": 22816936,
        "mean": 2524476.25,
        "median": 2118692.5,
        "min": 587928,
        "var": 4.93823721472e+12
    },
    "spectral_strongpeak": {
        "dmean": 0.981830656528,
        "dmean2": 1.31931114197,
        "dvar": 1.44217824936,
        "dvar2": 2.27216148376,
        "max": 11.0418653488,
        "mean": 3.97956085205,
        "median": 3.35406494141,
        "min": 0.0962222889066,
        "var": 6.75418186188
    },
    "zerocrossingrate": {
        "dmean": 0.00329182948917,
        "dmean2": 0.00415654527023,
        "dvar": 2.67882933258e-05,
        "dvar2": 3.74692572223e-05,
        "max": 0.0791015625,
        "mean": 0.0423916913569,
        "median": 0.03857421875,
        "min": 0.01025390625,
        "var": 0.000128284998937
    },
    "barkbands": {
        "dmean": [1.22662925151e-06, 3.24883476424e-05, 3.24158099829e-05, 7.66223383835e-05, 0.000355885218596, 0.000120845819765, 4.36543559772e-05, 0.00078206503531, 0.00391603494063, 0.00341295287944, 0.000318212725688, 0.000155203728355, 0.00243932032026, 3.35653894581e-05, 9.45467763813e-05, 4.05395667258e-06, 8.82693530002e-06, 9.25527160689e-07, 2.28097942454e-05, 6.94169420967e-06, 8.45552312967e-06, 7.03681098457e-06, 1.12904408525e-05, 5.5633104239e-06, 7.43696546124e-06, 1.95506654563e-05, 3.34435162586e-06],
        "dmean2": [2.01405009648e-06, 5.27487136424e-05, 5.17151602253e-05, 0.000123295103549, 0.000570358824916, 0.000221906942897, 7.57749730838e-05, 0.00109498843085, 0.00537989428267, 0.00502776401117, 0.000590429233853, 0.00029863481177, 0.00373698933981, 6.05902969255e-05, 0.000119803538837, 7.25016707293e-06, 1.27776465888e-05, 1.78165691977e-06, 3.54308103852e-05, 9.09682421479e-06, 1.31380729727e-05, 1.11766385089e-05, 1.97378467419e-05, 9.3102307801e-06, 1.28590800159e-05, 3.59508921974e-05, 5.90833542446e-06],
        "dvar": [9.315668896e-12, 2.57683230309e-09, 1.02863282336e-08, 5.48045520077e-08, 1.16118781079e-06, 1.03764548953e-07, 7.96432875205e-09, 5.80185587751e-06, 3.74806513719e-05, 3.77498254238e-05, 1.18849300179e-06, 2.95936416705e-07, 2.57935225818e-05, 8.6609981409e-09, 5.35727124884e-08, 7.45597611429e-11, 5.65152091792e-10, 1.71970944429e-11, 1.64172730965e-09, 2.77311784647e-10, 6.42828956732e-10, 3.7124700536e-10, 2.33460384358e-09, 3.11968395561e-10, 8.58383364388e-10, 5.74616310089e-09, 1.69039976461e-10],
        "dvar2": [1.49418550449e-11, 5.8600235775e-09, 2.29876011559e-08, 1.12838385746e-07, 2.4482083063e-06, 3.04267445017e-07, 2.32370318543e-08, 1.2837954273e-05, 5.96310164838e-05, 8.32310834085e-05, 3.44198360835e-06, 8.76331171185e-07, 5.52813216927e-05, 2.50066420904e-08, 6.03667302812e-08, 2.23000520827e-10, 1.32265765007e-09, 5.08031811064e-11, 3.29345173355e-09, 4.06050831847e-10, 1.47151757446e-09, 9.10080621974e-10, 6.23306517511e-09, 8.29110113898e-10, 2.37607311604e-09, 1.64709597072e-08, 4.70574523792e-10],
        "max": [2.84816160274e-05, 0.000484134594444, 0.000971204484813, 0.00185712811071, 0.0118395155296, 0.00237694522366, 0.000630614347756, 0.0279635693878, 0.0594895109534, 0.0584201775491, 0.0067077241838, 0.00319949770346, 0.0418309830129, 0.000726049649529, 0.0031056443695, 5.87563044974e-05, 0.000207724791835, 2.80493168248e-05, 0.000458788883407, 0.000168552622199, 0.000186973251402, 0.000148965482367, 0.000428850151366, 0.000130084939883, 0.000252464291407, 0.000476916582556, 0.000102504483948],
        "mean": [1.17223407869e-06, 3.5798708268e-05, 3.24665161315e-05, 8.965023153e-05, 0.000410675507737, 0.000165249584825, 6.11162613495e-05, 0.00157997221686, 0.00873293820769, 0.00824812427163, 0.000254646263784, 0.000152270455146, 0.00574348028749, 5.19777240697e-05, 0.000264030561084, 5.11793223268e-06, 1.88094418263e-05, 6.44235456093e-07, 4.96507636853e-05, 1.6298279661e-05, 1.24582738863e-05, 9.31215618039e-06, 1.17333802336e-05, 6.71984753353e-06, 8.73018507264e-06, 1.32339464471e-05, 2.96419034385e-06],
        "median": [3.39653865922e-07, 1.60225590662e-05, 9.28496956476e-06, 1.03620641312e-05, 6.40607104287e-05, 9.45422289078e-05, 3.48027169821e-05, 8.87966161827e-05, 0.00251974724233, 0.00213599065319, 5.06717406097e-05, 1.40950651257e-05, 0.000323745480273, 3.3973443351e-05, 8.04398732726e-05, 9.12564928512e-07, 6.13086649537e-06, 1.35443670501e-07, 6.77119533066e-06, 3.29465297e-06, 2.63021865976e-06, 2.47333929337e-07, 4.72444014576e-07, 2.82924247585e-07, 1.89728552868e-07, 2.16113562601e-07, 2.70571774763e-07],
        "min": [1.2813242023e-08, 8.53933386225e-08, 3.06813463524e-09, 1.0520783178e-07, 4.44498624574e-07, 4.14444775743e-06, 6.56761403661e-06, 2.33254559134e-06, 5.71551026951e-06, 0.000106103572762, 1.69355939761e-06, 4.86238832309e-07, 5.32721799118e-07, 3.33519608375e-07, 3.28561714014e-06, 7.99621204806e-08, 4.98720602593e-08, 5.04956210179e-09, 2.99515505731e-08, 1.00382209212e-07, 1.08387155251e-07, 1.75068617381e-08, 1.91838775976e-08, 1.91867339794e-08, 2.05871089065e-08, 1.46670355861e-08, 2.34918093867e-08],
        "var": [9.96806803766e-12, 3.49628370699e-09, 1.21647119045e-08, 8.3742875745e-08, 1.90500395547e-06, 7.44412673725e-08, 8.29756974241e-09, 2.10360267374e-05, 0.000148206134327, 0.000169486156665, 7.52385062697e-07, 1.92659825871e-07, 0.000121085860883, 6.38401154163e-09, 2.61457046236e-07, 1.20088480826e-10, 8.91229978706e-10, 9.29205844213e-12, 7.92336241062e-09, 1.13539511126e-09, 9.3110341659e-10, 6.32829566527e-10, 1.73094283351e-09, 3.15518833283e-10, 7.47701123238e-10, 3.51792883713e-09, 1.19489876327e-10]
    },
    "erbbands": {
        "dmean": [0.000807262549642, 0.00800226815045, 0.0310227759182, 0.14161221683, 1.28413069248, 0.793418169022, 1.00833833218, 0.792163848877, 0.549816668034, 1.44128763676, 49.4627227783, 89.2137069702, 81.8999481201, 52.6185073853, 11.2653589249, 19.5175914764, 117.879486084, 6.34213399887, 1.15060484409, 6.19482851028, 0.42904907465, 0.538801848888, 0.133103057742, 1.23820304871, 0.372743695974, 0.411333680153, 0.166090250015, 0.389851242304, 0.288955658674, 0.383831858635, 0.25648394227, 0.139796450734, 0.0845022052526, 0.0564392022789, 0.0706177651882, 0.0665276795626, 0.0358304716647, 0.00821067858487, 0.000626372057013, 4.2127980123e-05],
        "dmean2": [0.00136616569944, 0.0130040394142, 0.0486242584884, 0.226401284337, 1.91241061687, 1.3465154171, 1.94430911541, 1.4527554512, 0.963176965714, 2.27983856201, 69.1358108521, 121.721847534, 121.932815552, 81.5635070801, 20.343044281, 31.2235660553, 182.448638916, 10.8854455948, 1.80163300037, 7.86404180527, 0.527941226959, 0.770936727524, 0.223628595471, 1.89813888073, 0.605494499207, 0.544308662415, 0.269659250975, 0.613748192787, 0.431770175695, 0.665594995022, 0.449271798134, 0.232289776206, 0.145127877593, 0.0968150421977, 0.122939534485, 0.124098174274, 0.0643100515008, 0.0147438198328, 0.00110885477625, 7.35487992642e-05],
        "dvar": [1.46184572714e-06, 0.000178842892637, 0.00823799800128, 0.186533391476, 16.6522941589, 5.18080234528, 9.5676574707, 3.63713788986, 0.677122890949, 8.46696662903, 13687.8388672, 18731.2011719, 20618.4707031, 8876.95996094, 1415.84191895, 1648.85766602, 60278.3125, 233.105911255, 3.37696623802, 245.780136108, 1.02998256683, 2.352840662, 0.118164658546, 5.18002557755, 0.435664057732, 0.964432835579, 0.156406611204, 1.744769454, 0.469915568829, 3.12737417221, 0.454203516245, 0.195542484522, 0.0761078968644, 0.0350017510355, 0.100494995713, 0.0763182938099, 0.0176326595247, 0.000989614054561, 6.38032634015e-06, 2.57429348949e-08],
        "dvar2": [4.1006437641e-06, 0.000355662981747, 0.0193382166326, 0.410102963448, 29.5175495148, 13.1379165649, 28.7174758911, 10.4184951782, 1.77525472641, 22.1801433563, 27147.21875, 27709.078125, 44551.5390625, 20457.5644531, 4072.77734375, 3277.10009766, 135169.765625, 624.637817383, 8.17802143097, 279.8800354, 1.16195833683, 5.3890171051, 0.330286085606, 10.0838222504, 0.987581908703, 1.46117115021, 0.406437844038, 4.15025758743, 0.979400515556, 8.44753742218, 1.17665028572, 0.525791764259, 0.208433389664, 0.0964979529381, 0.284363120794, 0.223795309663, 0.0491851270199, 0.00276128598489, 1.78607151611e-05, 7.34244238743e-08],
        "max": [0.00944580882788, 0.131243050098, 0.87577265501, 3.29848861694, 45.0248985291, 23.4701766968, 22.6832084656, 13.3563985825, 5.88704204559, 37.7352867126, 1277.52868652, 1519.51599121, 1509.31518555, 796.924804688, 253.0206604, 352.023162842, 2002.60766602, 99.5654525757, 14.6112136841, 208.730926514, 14.0462751389, 14.1851663589, 2.25493478775, 26.8790302277, 6.39431142807, 9.91581726074, 2.72297048569, 10.3139276505, 6.44594049454, 15.484126091, 5.10806798935, 3.38919186592, 1.8506718874, 1.27166688442, 2.79408383369, 2.05901956558, 0.734398365021, 0.185588821769, 0.0199526548386, 0.00131598883308],
        "mean": [0.000819438835606, 0.00913228932768, 0.0336093492806, 0.164277240634, 1.50252211094, 0.831589221954, 0.77413547039, 1.3026496172, 1.23494207859, 3.39078640938, 108.601333618, 199.002578735, 207.770599365, 113.904174805, 12.2650003433, 51.6987991333, 265.500915527, 12.9727535248, 3.29924559593, 17.4802799225, 1.28329694271, 1.19503557682, 0.255604505539, 2.80664777756, 0.836013674736, 0.972480893135, 0.255742818117, 0.546905755997, 0.45138451457, 0.339387923479, 0.34970626235, 0.167266801, 0.0899580642581, 0.0636239945889, 0.0749012455344, 0.0497082397342, 0.0259501580149, 0.00587872322649, 0.000551625620574, 5.88389266341e-05],
        "median": [0.000336342462106, 0.00419054413214, 0.0104108471423, 0.0257658492774, 0.165752351284, 0.162385806441, 0.102343380451, 0.795419037342, 0.972863078117, 1.28982579708, 20.9840126038, 61.4096183777, 75.2617874146, 34.744594574, 5.23188209534, 7.34926939011, 16.5006542206, 1.95267701149, 2.69668579102, 4.9170832634, 0.43067497015, 0.367308795452, 0.112804599106, 0.362250238657, 0.124341055751, 0.184302344918, 0.0837834998965, 0.0841963887215, 0.0188767574728, 0.0122110275552, 0.0122518520802, 0.00892394036055, 0.0043089222163, 0.00198284932412, 0.00140587578062, 0.000880053383298, 0.000457900139736, 0.000133751236717, 4.07116458518e-05, 3.27476373059e-05],
        "min": [3.68794917449e-06, 9.50211961026e-06, 7.41528674553e-06, 0.000183030817425, 0.00145901902579, 0.00231546419673, 0.00786390434951, 0.0429775156081, 0.111361570656, 0.0483309924603, 0.169819116592, 1.15970563889, 4.97575759888, 1.50567340851, 0.123526982963, 0.157615542412, 0.0803432911634, 0.0693567246199, 0.170890927315, 0.20745806396, 0.0239134076983, 0.0135166812688, 0.00348406098783, 0.00341815059073, 0.00312281749211, 0.00411541434005, 0.00467053800821, 0.00192609720398, 0.000661543861497, 0.000703404075466, 0.000563844456337, 0.000453071901575, 0.000349646579707, 0.000203359959414, 0.000189240759937, 0.000106014573248, 3.60054436896e-05, 1.28733336169e-05, 9.87885414361e-06, 5.35201525054e-06],
        "var": [1.52009363319e-06, 0.000264774949756, 0.00976018793881, 0.245113104582, 30.4135093689, 6.58661937714, 5.79410028458, 3.42033958435, 1.02323579788, 41.4382553101, 48750.7773438, 76602.4921875, 96338.7578125, 29761.2246094, 919.924255371, 8245.65039062, 258118.078125, 520.962402344, 7.75217676163, 1194.53222656, 5.45023679733, 3.84766769409, 0.133266448975, 27.1366043091, 1.84956669807, 3.97313499451, 0.177044004202, 2.2944123745, 1.15512645245, 2.17867350578, 0.556037127972, 0.207957550883, 0.0596083253622, 0.0310639850795, 0.0783145576715, 0.0470278598368, 0.0115296626464, 0.00063784600934, 4.48709170087e-06, 1.74273839804e-08]
    },
    "gfcc": {
        "mean": [-120.658096313, 103.31791687, -143.441879272, -52.9588775635, -63.0822982788, 11.4585380554, -10.1242904663, 6.39912652969, -15.7801065445, -4.91389751434, -24.3428421021, -14.9491434097, -5.33275032043],
        "cov": [[4147.83789062, -1798.109375, -308.575012207, 205.376327515, -466.457489014, 449.126586914, -184.229553223, -158.69392395, -638.897460938, 195.722564697, 190.901657104, -38.672328949, -857.986022949], [-1798.109375, 2140.34765625, 560.300598145, -248.244644165, 332.443450928, -278.338439941, -2.87878322601, -148.33152771, 260.786224365, -36.2825927734, -72.6106719971, -294.42300415, 187.372741699], [-308.575012207, 560.300598145, 826.468505859, -114.6665802, 122.449829102, -1.33045506477, -177.924423218, -96.562828064, -29.4122600555, -16.2901859283, -173.687057495, 41.3176765442, 66.5719299316], [205.376327515, -248.244644165, -114.6665802, 306.573760986, 23.4182090759, 89.3092041016, 34.3072319031, 42.795665741, -6.38208436966, -3.70650076866, 16.5932388306, 22.2029495239, 22.6271877289], [-466.457489014, 332.443450928, 122.449829102, 23.4182090759, 245.37437439, -44.2981681824, 8.16066837311, 40.4523200989, 64.1910705566, 32.9544715881, -17.3756694794, 0.915944933891, 102.640464783], [449.126586914, -278.338439941, -1.33045506477, 89.3092041016, -44.2981681824, 209.357284546, -28.9826087952, -43.0320854187, -61.7445678711, 59.2123947144, 21.0728721619, -13.2296009064, -96.0374221802], [-184.229553223, -2.87878322601, -177.924423218, 34.3072319031, 8.16066837311, -28.9826087952, 183.17338562, 77.9830245972, 8.24837207794, -64.2186431885, -8.07402324677, 4.66169691086, 90.663444519], [-158.69392395, -148.33152771, -96.562828064, 42.795665741, 40.4523200989, -43.0320854187, 77.9830245972, 170.573043823, 79.8857498169, -28.7844181061, -18.6744003296, 82.2614746094, 113.629959106], [-638.897460938, 260.786224365, -29.4122600555, -6.38208436966, 64.1910705566, -61.7445678711, 8.24837207794, 79.8857498169, 263.306427002, 20.3220596313, 3.07801055908, 21.7181015015, 135.112976074], [195.722564697, -36.2825927734, -16.2901859283, -3.70650076866, 32.9544715881, 59.2123947144, -64.2186431885, -28.7844181061, 20.3220596313, 159.87840271, 80.7159576416, -56.0662765503, -129.886550903], [190.901657104, -72.6106719971, -173.687057495, 16.5932388306, -17.3756694794, 21.0728721619, -8.07402324677, -18.6744003296, 3.07801055908, 80.7159576416, 142.849365234, -37.2962036133, -132.591842651], [-38.672328949, -294.42300415, 41.3176765442, 22.2029495239, 0.915944933891, -13.2296009064, 4.66169691086, 82.2614746094, 21.7181015015, -56.0662765503, -37.2962036133, 201.516448975, 138.686828613], [-857.986022949, 187.372741699, 66.5719299316, 22.6271877289, 102.640464783, -96.0374221802, 90.663444519, 113.629959106, 135.112976074, -129.886550903, -132.591842651, 138.686828613, 389.321960449]],
        "icov": [[0.00117655517533, -0.000271162833087, 0.000739989569411, -0.000647146604024, 0.000963001977652, -0.00077667896403, 0.000692696776241, -0.00101838214323, 0.00190979847685, -0.000943728548009, 0.001862239209, -0.00184664223343, 0.00263932370581], [-0.000271162833087, 0.00451866025105, -0.00416955025867, 0.00136083341204, -0.00316054676659, 0.00286404462531, -0.0027021993883, 0.00379586452618, -0.00443941820413, 0.00415091682225, -0.00610842974856, 0.00878703128546, -0.00336231850088], [0.000739989569411, -0.00416955025867, 0.00722746551037, -0.000739913899451, 0.00109033554327, -0.00321289151907, 0.004812435247, -0.00220763217658, 0.00453725969419, -0.0038553266786, 0.0106696132571, -0.00994438305497, 0.0052036321722], [-0.000647146604024, 0.00136083341204, -0.000739913899451, 0.00537569727749, -0.00265430659056, -0.00180160696618, -0.000274349848041, 0.00023709225934, -0.00181728985626, 0.00329957716167, -0.00343444827013, 0.00358552741818, -0.00273241731338], [0.000963001977652, -0.00316054676659, 0.00109033554327, -0.00265430659056, 0.0104522835463, -0.000572448421735, 0.00136109779123, -0.00506707001477, 0.00531066395342, -0.00777385430411, 0.00253859441727, -0.00465060444549, -3.90489367419e-05], [-0.00077667896403, 0.00286404462531, -0.00321289151907, -0.00180160696618, -0.000572448421735, 0.0105070695281, -0.00349317071959, 0.00490326900035, -0.00292688817717, -0.00181624724064, -0.00222592824139, 0.00465797679499, -0.00231834454462], [0.000692696776241, -0.0027021993883, 0.004812435247, -0.000274349848041, 0.00136109779123, -0.00349317071959, 0.0140987690538, -0.00771331088617, 0.00580748543143, 0.00153113063425, 0.00229678652249, -0.00172518589534, -0.000340281170793], [-0.00101838214323, 0.00379586452618, -0.00220763217658, 0.00023709225934, -0.00506707001477, 0.00490326900035, -0.00771331088617, 0.0174588412046, -0.0084395557642, 0.00184086943045, -0.00108703819569, 0.00169680058025, -0.00189304654486], [0.00190979847685, -0.00443941820413, 0.00453725969419, -0.00181728985626, 0.00531066395342, -0.00292688817717, 0.00580748543143, -0.0084395557642, 0.0140876881778, -0.00772614823654, 0.00469356682152, -0.00758514925838, 0.00149770348798], [-0.000943728548009, 0.00415091682225, -0.0038553266786, 0.00329957716167, -0.00777385430411, -0.00181624724064, 0.00153113063425, 0.00184086943045, -0.00772614823654, 0.021215647459, -0.0120617672801, 0.0106654893607, -0.0010503239464], [0.001862239209, -0.00610842974856, 0.0106696132571, -0.00343444827013, 0.00253859441727, -0.00222592824139, 0.00229678652249, -0.00108703819569, 0.00469356682152, -0.0120617672801, 0.0320200324059, -0.0191230904311, 0.0160473529249], [-0.00184664223343, 0.00878703128546, -0.00994438305497, 0.00358552741818, -0.00465060444549, 0.00465797679499, -0.00172518589534, 0.00169680058025, -0.00758514925838, 0.0106654893607, -0.0191230904311, 0.0296032391489, -0.0153925614432], [0.00263932370581, -0.00336231850088, 0.0052036321722, -0.00273241731338, -3.90489367419e-05, -0.00231834454462, -0.000340281170793, -0.00189304654486, 0.00149770348798, -0.0010503239464, 0.0160473529249, -0.0153925614432, 0.0194208156317]]
    },
    "melbands": {
        "dmean": [8.39197218738e-06, 1.3605100321e-05, 5.62542700209e-05, 8.76437406987e-05, 3.04622644762e-05, 1.86199231393e-05, 8.53795427247e-06, 1.53701494128e-05, 0.000599941238761, 0.000473071500892, 0.000454840745078, 0.000279544037767, 3.91475659853e-05, 1.80746483238e-05, 0.000233220038353, 0.000148955907207, 3.75616968995e-06, 1.80688755336e-06, 6.27204690318e-06, 4.82475297758e-06, 5.30050634495e-08, 6.0394643242e-07, 2.86057371568e-07, 3.19415995875e-08, 1.18731816201e-06, 6.35093044821e-07, 2.30714078953e-07, 2.40257094219e-07, 7.28608213763e-08, 1.6900790456e-07, 2.59253141621e-07, 1.24211979369e-07, 1.93455534259e-07, 2.82243888705e-07, 1.45621143588e-07, 9.85204451354e-08, 7.6067422583e-08, 6.05684320476e-08, 4.19143084684e-08, 5.35528208445e-08],
        "dmean2": [1.39037847475e-05, 2.17197830352e-05, 8.47153787618e-05, 0.000137006383738, 5.77735918341e-05, 3.363819269e-05, 1.50461610247e-05, 2.44932853093e-05, 0.000838915468194, 0.000643061182927, 0.000671642599627, 0.000419028656324, 7.23010525689e-05, 3.47743298335e-05, 0.00035124423448, 0.000236751468037, 7.16126805855e-06, 2.92336221719e-06, 7.94786865299e-06, 6.10515689914e-06, 8.97448231285e-08, 8.60012448811e-07, 4.60612426423e-07, 6.08993389051e-08, 1.80479378287e-06, 9.97804477265e-07, 2.97860054843e-07, 3.2155398344e-07, 1.21167545331e-07, 2.7978475714e-07, 3.96785935664e-07, 1.90738632e-07, 2.93267646612e-07, 4.93618642849e-07, 2.55444064123e-07, 1.67963221998e-07, 1.3356270756e-07, 1.01568851107e-07, 7.35118277362e-08, 9.14826188136e-08],
        "dvar": [1.63657878915e-10, 1.25147703312e-09, 2.88050827635e-08, 7.40316679071e-08, 7.85958320648e-09, 2.05007855136e-09, 2.07698566679e-10, 1.62965974049e-09, 1.58146224294e-06, 5.39003167432e-07, 6.45845148028e-07, 2.53801232475e-07, 1.8550530001e-08, 4.43286030105e-09, 2.36878577198e-07, 9.58623687097e-08, 1.75610706532e-10, 8.92936766195e-12, 2.38050190671e-10, 1.48867224103e-10, 2.76423578038e-14, 3.7362964285e-12, 6.31710775269e-13, 1.76183564537e-14, 4.7706808122e-12, 1.11295196149e-12, 3.30892973611e-13, 3.11728155225e-13, 3.42391655935e-14, 3.80626628306e-13, 7.08598056533e-13, 1.01831086965e-13, 2.42141240869e-13, 2.51188913419e-12, 1.5682716085e-13, 6.5460793253e-14, 7.08273907189e-14, 3.50963155022e-14, 1.83770523348e-14, 3.37017740104e-14],
        "dvar2": [4.11388201282e-10, 2.59470667174e-09, 5.17297884528e-08, 1.53920723278e-07, 2.40416042629e-08, 5.9326530355e-09, 5.7529969677e-10, 2.43413555978e-09, 3.02032617583e-06, 7.90571618836e-07, 1.40475276567e-06, 5.82236964419e-07, 5.35943556201e-08, 1.30325128467e-08, 4.63689815433e-07, 2.28868742624e-07, 5.1855852945e-10, 2.0541563242e-11, 2.69044397871e-10, 1.69370850678e-10, 7.82342195042e-14, 8.26125539505e-12, 1.71529934354e-12, 5.19565198699e-14, 9.20504471258e-12, 2.45914898687e-12, 4.62729952012e-13, 4.82154897605e-13, 8.98791674767e-14, 1.00023624366e-12, 1.47595022142e-12, 2.2141938619e-13, 5.37976510128e-13, 6.78226008341e-12, 4.1265577652e-13, 1.60732240235e-13, 1.88724442974e-13, 9.18837624259e-14, 5.21242086765e-14, 9.09179212493e-14],
        "max": [0.000115538307, 0.000339370948495, 0.00170465861447, 0.00297877402045, 0.000647661508992, 0.000325343426084, 9.9364653579e-05, 0.000514808227308, 0.0133805451915, 0.00816076714545, 0.00827017985284, 0.00446367496625, 0.000879096740391, 0.000409036991186, 0.00436279503629, 0.00248508132063, 0.00010310124344, 2.14531155507e-05, 0.000205346208531, 0.000163812044775, 1.22826600091e-06, 1.86463021237e-05, 6.60217392578e-06, 8.36757010347e-07, 2.5964296583e-05, 1.02555504782e-05, 5.98958877163e-06, 5.63349067306e-06, 1.44161197113e-06, 5.56207032787e-06, 7.47802278056e-06, 2.50761377174e-06, 4.59730381408e-06, 1.40519750857e-05, 3.07351001538e-06, 1.70310670455e-06, 2.15927934732e-06, 1.20939284898e-06, 9.5357927421e-07, 1.20060292375e-06],
        "mean": [8.96530673344e-06, 1.56188089022e-05, 6.77946445649e-05, 9.85106671578e-05, 2.37526364799e-05, 3.08797898469e-05, 1.75158256752e-05, 2.13178700506e-05, 0.0013291874202, 0.00105190079194, 0.00110523134936, 0.000623118423391, 3.16577861668e-05, 1.41969285323e-05, 0.00059448851971, 0.000313508324325, 4.09411723012e-06, 3.81397603633e-06, 1.77525944309e-05, 1.3467854842e-05, 5.81330432681e-08, 1.39062638027e-06, 4.51008844493e-07, 2.32276864409e-08, 2.69564566224e-06, 1.21039386158e-06, 5.25356711023e-07, 5.6723661146e-07, 1.02152718284e-07, 1.98521277639e-07, 3.69775875697e-07, 1.96654383444e-07, 2.71524271511e-07, 1.99724013328e-07, 1.93131768356e-07, 1.40804019111e-07, 8.93262566137e-08, 6.29643324146e-08, 4.26003765597e-08, 6.3165202846e-08],
        "median": [4.14422356698e-06, 5.89239789406e-06, 7.46701789467e-06, 1.07471678348e-05, 3.89876186091e-06, 1.96654364117e-05, 1.31007573145e-05, 4.98953522765e-06, 0.000325197557686, 0.00036613017437, 0.000306540925521, 0.000188162346603, 6.16205306869e-06, 2.00329532163e-06, 5.88292932662e-05, 1.87543482753e-05, 2.44990928877e-06, 1.53437895278e-06, 5.78085882807e-06, 3.70167799701e-06, 2.13628084111e-08, 3.64639504369e-07, 1.1268805622e-07, 5.91957949325e-09, 3.43112247947e-07, 2.12593775473e-07, 2.0144783619e-08, 1.53920552748e-07, 3.20166826384e-08, 4.20137240553e-08, 4.17507060035e-08, 6.58774323981e-09, 5.45398481933e-09, 5.37333866291e-09, 5.38971800523e-09, 8.45565129026e-09, 4.50946302522e-09, 3.27778471032e-09, 2.25293583789e-09, 1.60717550379e-09],
        "min": [4.55468267546e-08, 5.35782840316e-09, 6.79647271795e-08, 1.20464292763e-07, 8.22259451638e-08, 9.74502427198e-07, 1.73637954504e-06, 3.7638642425e-07, 1.30948808419e-06, 1.18471245969e-06, 1.74929191417e-05, 3.62656032848e-06, 2.28016006076e-07, 6.90256101166e-08, 5.65902169569e-08, 3.71106949615e-08, 4.72726249257e-08, 1.08562598911e-08, 2.17358788746e-07, 2.75388583049e-08, 2.31499974745e-09, 2.68779976054e-09, 2.42857312038e-09, 2.15107112678e-10, 1.43261480456e-09, 1.29875510346e-09, 3.26762672476e-10, 1.55306123517e-09, 2.65394928256e-09, 9.34208488346e-10, 7.50236206493e-10, 3.09485770345e-10, 2.89856666447e-10, 3.65181024309e-10, 3.26698834652e-10, 2.2733856464e-10, 2.49513215644e-10, 2.26230104095e-10, 1.75959774529e-10, 1.40988942743e-10],
        "var": [1.96907989913e-10, 1.67544833563e-09, 5.21007912369e-08, 1.17635295283e-07, 4.93036012017e-09, 1.79055803518e-09, 2.53274151651e-10, 2.85294787794e-09, 5.57199746254e-06, 2.23233291763e-06, 3.02809144159e-06, 9.36385504247e-07, 1.16465121991e-08, 2.52105958332e-09, 1.25517863125e-06, 3.59904305469e-07, 9.73042618702e-11, 2.21597271782e-11, 1.14361009551e-09, 7.4626910207e-10, 1.80422896675e-14, 6.81070824737e-12, 7.39171907276e-13, 9.56402857843e-15, 2.53559968161e-11, 4.13773963009e-12, 1.37084625335e-12, 1.25436076456e-12, 3.86953280019e-14, 3.17461931309e-13, 1.3521948318e-12, 2.26029562905e-13, 5.42162397876e-13, 1.71030095468e-12, 1.79250047422e-13, 9.6188106037e-14, 6.86114441087e-14, 2.9775471368e-14, 1.32781426913e-14, 3.38654343283e-14]
    },
    "mfcc": {
        "mean": [-788.160644531, 166.53225708, -19.2259311676, -38.9644165039, -35.9236183167, -1.79395699501, 3.78225564957, -1.08007419109, 9.70595645905, 22.5325164795, -3.91648960114, -15.732670784, -12.430768013],
        "cov": [[4331.49267578, -1734.97619629, -58.8102874756, -274.014099121, -430.243652344, 202.406204224, 387.930145264, 87.0129699707, -776.079406738, -145.567443848, 372.498046875, 70.7614593506, 151.533477783], [-1734.97619629, 1956.69006348, 298.994506836, 130.110351562, 247.44883728, -52.7987136841, -134.932113647, -225.592910767, 160.573684692, 55.1520462036, 60.0240058899, 68.790763855, -116.182579041], [-58.8102874756, 298.994506836, 395.308258057, -32.2991371155, 92.7871246338, 29.6992797852, -77.3933944702, -25.049036026, -6.31736803055, -112.702926636, 4.0376367569, 1.40752601624, -7.44757938385], [-274.014099121, 130.110351562, -32.2991371155, 219.485488892, 102.66368866, 14.7263317108, 11.385011673, -8.05214691162, 77.3709564209, 99.1648101807, -53.8840560913, -68.6374893188, 9.46858596802], [-430.243652344, 247.44883728, 92.7871246338, 102.66368866, 216.955459595, 17.8793468475, -57.2403831482, -2.98046326637, 82.9402618408, 18.7069664001, -67.08177948, -64.6248931885, 18.0759944916], [202.406204224, -52.7987136841, 29.6992797852, 14.7263317108, 17.8793468475, 133.402160645, 45.8132743835, -31.1607170105, -56.4455375671, 57.2364425659, 39.7977294922, -45.7799873352, -9.56455421448], [387.930145264, -134.932113647, -77.3933944702, 11.385011673, -57.2403831482, 45.8132743835, 146.862808228, -25.2472820282, -102.854812622, 56.2226715088, 72.5096359253, -24.0994300842, -12.097158432], [87.0129699707, -225.592910767, -25.049036026, -8.05214691162, -2.98046326637, -31.1607170105, -25.2472820282, 114.810928345, 67.0291213989, -35.5148200989, -77.0104827881, 6.620657444, 19.4421520233], [-776.079406738, 160.573684692, -6.31736803055, 77.3709564209, 82.9402618408, -56.4455375671, -102.854812622, 67.0291213989, 364.949829102, -19.2903728485, -207.884216309, -39.3933830261, -93.7304153442], [-145.567443848, 55.1520462036, -112.702926636, 99.1648101807, 18.7069664001, 57.2364425659, 56.2226715088, -35.5148200989, -19.2903728485, 246.77015686, 80.0476913452, -62.7668952942, 64.2480697632], [372.498046875, 60.0240058899, 4.0376367569, -53.8840560913, -67.08177948, 39.7977294922, 72.5096359253, -77.0104827881, -207.884216309, 80.0476913452, 254.373748779, 45.7714920044, 49.0933990479], [70.7614593506, 68.790763855, 1.40752601624, -68.6374893188, -64.6248931885, -45.7799873352, -24.0994300842, 6.620657444, -39.3933830261, -62.7668952942, 45.7714920044, 196.821182251, 62.1105194092], [151.533477783, -116.182579041, -7.44757938385, 9.46858596802, 18.0759944916, -9.56455421448, -12.097158432, 19.4421520233, -93.7304153442, 64.2480697632, 49.0933990479, 62.1105194092, 234.787399292]],
