{
"lowlevel": {
    "average_loudness": 0.986732840538,
    "barkbands_crest": {
        "dmean": 2.47285175323,
        "dmean2": 3.81920409203,
        "dvar": 8.87294483185,
        "dvar2": 21.4360160828,
        "max": 26.2661190033,
        "mean": 20.357503891,
        "median": 22.2585315704,
        "min": 4.54885387421,
        "var": 32.2074775696
    },
    "barkbands_flatness_db": {
        "dmean": 0.0286889281124,
        "dmean2": 0.0359452702105,
        "dvar": 0.00142711959779,
        "dvar2": 0.00205721659586,
        "max": 0.500186681747,
        "mean": 0.358603984118,
        "median": 0.40189024806,
        "min": 0.0421612001956,
        "var": 0.0127820456401
    },
    "barkbands_kurtosis": {
        "dmean": 14.8064184189,
        "dmean2": 22.7783660889,
        "dvar": 283.381256104,
        "dvar2": 585.806396484,
        "max": 134.166778564,
        "mean": 34.2419013977,
        "median": 28.9503555298,
        "min": -0.593339443207,
        "var": 762.95501709
    },
    "barkbands_skewness": {
        "dmean": 1.10048866272,
        "dmean2": 1.66146171093,
        "dvar": 1.22971236706,
        "dvar2": 2.25553512573,
        "max": 7.87326955795,
        "mean": 1.53942906857,
        "median": 1.90189301968,
        "min": -4.76199769974,
        "var": 9.79599380493
    },
    "barkbands_spread": {
        "dmean": 1.92067837715,
        "dmean2": 3.19196724892,
        "dvar": 37.8623542786,
        "dvar2": 101.813323975,
        "max": 60.7076034546,
        "mean": 3.36588406563,
        "median": 1.16967368126,
        "min": 0.300447493792,
        "var": 37.9731750488
    },
    "dissonance": {
        "dmean": 0.056130040437,
        "dmean2": 0.0896078050137,
        "dvar": 0.00260858377442,
        "dvar2": 0.00633897166699,
        "max": 0.48705303669,
        "mean": 0.26620298624,
        "median": 0.247578725219,
        "min": 0.090970441699,
        "var": 0.012015783228
    },
    "dynamic_complexity": 5.45997953415,
    "erbbands_crest": {
        "dmean": 2.22056913376,
        "dmean2": 3.27935314178,
        "dvar": 8.99352931976,
        "dvar2": 19.1315002441,
        "max": 32.8148841858,
        "mean": 24.0753231049,
        "median": 26.6953716278,
        "min": 7.11891222,
        "var": 60.5880508423
    },
    "erbbands_flatness_db": {
        "dmean": 0.0254146661609,
        "dmean2": 0.0320211052895,
        "dvar": 0.00135338155087,
        "dvar2": 0.00178683863487,
        "max": 0.517772972584,
        "mean": 0.366950750351,
        "median": 0.412774294615,
        "min": 0.0759108066559,
        "var": 0.0161250270903
    },
    "erbbands_kurtosis": {
        "dmean": 10.3321208954,
        "dmean2": 14.256772995,
        "dvar": 147.066467285,
        "dvar2": 307.838989258,
        "max": 111.889305115,
        "mean": 31.4634151459,
        "median": 30.9936103821,
        "min": -1.48107337952,
        "var": 633.107849121
    },
    "erbbands_skewness": {
        "dmean": 0.752997636795,
        "dmean2": 1.14442276955,
        "dvar": 0.541952192783,
        "dvar2": 1.03925740719,
        "max": 7.38943719864,
        "mean": 3.30204820633,
        "median": 3.26558804512,
        "min": -0.1288523525,
        "var": 3.19510173798
    },
    "erbbands_spread": {
        "dmean": 2.38132429123,
        "dmean2": 3.55474734306,
        "dvar": 34.7815361023,
        "dvar2": 85.9614486694,
        "max": 54.7797050476,
        "mean": 6.50574064255,
        "median": 1.83173108101,
        "min": 0.375706017017,
        "var": 86.5031509399
    },
    "hfc": {
        "dmean": 2.00670862198,
        "dmean2": 2.32022881508,
        "dvar": 13.0513944626,
        "dvar2": 18.5430049896,
        "max": 48.2643203735,
        "mean": 11.0090742111,
        "median": 8.17813396454,
        "min": 0.00351993087679,
        "var": 113.941162109
    },
    "melbands_crest": {
        "dmean": 2.24570560455,
        "dmean2": 3.64869451523,
        "dvar": 9.53131103516,
        "dvar2": 23.3436603546,
        "max": 32.0998306274,
        "mean": 20.0709838867,
        "median": 21.3488998413,
        "min": 6.72481632233,
        "var": 32.9760322571
    },
    "melbands_flatness_db": {
        "dmean": 0.0298268850893,
        "dmean2": 0.0391010157764,
        "dvar": 0.0016076581087,
        "dvar2": 0.00256436388008,
        "max": 0.604983389378,
        "mean": 0.451020807028,
        "median": 0.48451307416,
        "min": 0.12409503758,
        "var": 0.0122699299827
    },
    "melbands_kurtosis": {
        "dmean": 10.8135566711,
        "dmean2": 15.8964347839,
        "dvar": 238.889755249,
        "dvar2": 367.956848145,
        "max": 172.325942993,
        "mean": 29.7299785614,
        "median": 16.9704971313,
        "min": -1.01928853989,
        "var": 1345.08776855
    },
    "melbands_skewness": {
        "dmean": 0.927063584328,
        "dmean2": 1.47153687477,
        "dvar": 1.03611540794,
        "dvar2": 1.90611052513,
        "max": 9.84540843964,
        "mean": 0.969353973866,
        "median": 0.430761754513,
        "min": -3.73923301697,
        "var": 9.36054420471
    },
    "melbands_spread": {
        "dmean": 1.8665753603,
        "dmean2": 2.98066520691,
        "dvar": 13.6504268646,
        "dvar2": 31.8656921387,
        "max": 40.7312355042,
        "mean": 4.37518358231,
        "median": 2.6172773838,
        "min": 0.430383712053,
        "var": 28.7316665649
    },
    "pitch_salience": {
        "dmean": 0.073037609458,
        "dmean2": 0.104877077043,
        "dvar": 0.00649116747081,
        "dvar2": 0.0106425499544,
        "max": 0.851544201374,
        "mean": 0.291820913553,
        "median": 0.236072540283,
        "min": 0.0571749173105,
        "var": 0.032216001302
    },
    "silence_rate_20dB": {
        "dmean": 0,
        "dmean2": 0,
        "dvar": 0,
        "dvar2": 0,
        "max": 1,
        "mean": 1,
        "median": 1,
        "min": 1,
        "var": 0
    },
    "silence_rate_30dB": {
        "dmean": 0,
        "dmean2": 0,
        "dvar": 0,
        "dvar2": 0,
        "max": 1,
        "mean": 1,
        "median": 1,
        "min": 1,
        "var": 0
    },
    "silence_rate_60dB": {
        "dmean": 0.0416666679084,
        "dmean2": 0.0840336158872,
        "dvar": 0.039930600673,
        "dvar2": 0.0769718959928,
        "max": 1,
        "mean": 0.223140493035,
        "median": 0,
        "min": 0,
        "var": 0.173348754644
    },
    "spectral_centroid": {
        "dmean": 40.0243988037,
        "dmean2": 66.3405456543,
        "dvar": 13428.9111328,
        "dvar2": 33427.6875,
        "max": 1666.39538574,
        "mean": 550.524963379,
        "median": 494.024749756,
        "min": 266.819732666,
        "var": 29411.3730469
    },
    "spectral_complexity": {
        "dmean": 0.841666638851,
        "dmean2": 1.54621851444,
        "dvar": 2.54992818832,
        "dvar2": 6.66803359985,
        "max": 14,
        "mean": 3.3305785656,
        "median": 3,
        "min": 0,
        "var": 3.04774260521
    },
    "spectral_decrease": {
        "dmean": 9.27229459879e-10,
        "dmean2": 1.0764066305e-09,
        "dvar": 2.1365359711e-18,
        "dvar2": 2.74648882184e-18,
        "max": -2.03697930919e-12,
        "mean": -5.21496490435e-09,
        "median": -3.59548413265e-09,
        "min": -1.90802502686e-08,
        "var": 2.31090010212e-17
    },
    "spectral_energy": {
        "dmean": 0.00367866037413,
        "dmean2": 0.00424948474392,
        "dvar": 3.3765732951e-05,
        "dvar2": 4.3257674406e-05,
        "max": 0.0763907134533,
        "mean": 0.020680937916,
        "median": 0.0142094548792,
        "min": 8.00731686468e-06,
        "var": 0.000364105857443
    },
    "spectral_energyband_high": {
        "dmean": 1.98213929252e-05,
        "dmean2": 3.64654661098e-05,
        "dvar": 1.4355545197e-08,
        "dvar2": 4.08283966635e-08,
        "max": 0.00100361544173,
        "mean": 1.49907291416e-05,
        "median": 1.41279031141e-06,
        "min": 8.64047677851e-08,
        "var": 8.73198313656e-09
    },
    "spectral_energyband_low": {
        "dmean": 0.000174633096321,
        "dmean2": 0.000288999988697,
        "dvar": 5.23152330345e-08,
        "dvar2": 1.4305106788e-07,
        "max": 0.00243622809649,
        "mean": 0.000359766418114,
        "median": 0.000158556227689,
        "min": 5.53071458853e-07,
        "var": 2.31681639207e-07
    },
    "spectral_energyband_middle_high": {
        "dmean": 0.000281388260191,
        "dmean2": 0.000437747308752,
        "dvar": 1.05516107851e-06,
        "dvar2": 2.97177530229e-06,
        "max": 0.00875665433705,
        "mean": 0.00054998556152,
        "median": 0.000216394677409,
        "min": 2.77599696119e-07,
        "var": 1.05020956198e-06
    },
    "spectral_energyband_middle_low": {
        "dmean": 0.00366053869948,
        "dmean2": 0.00432881340384,
        "dvar": 3.66856220353e-05,
        "dvar2": 5.00081478094e-05,
        "max": 0.0756481215358,
        "mean": 0.0197695959359,
        "median": 0.0140583775938,
        "min": 5.62458399145e-06,
        "var": 0.00035770010436
    },
    "spectral_entropy": {
        "dmean": 0.292727649212,
        "dmean2": 0.402148216963,
        "dvar": 0.167029857635,
        "dvar2": 0.283506006002,
        "max": 8.33271026611,
        "mean": 5.12868642807,
        "median": 4.80478954315,
        "min": 3.60188865662,
        "var": 1.40896093845
    },
    "spectral_flux": {
        "dmean": 0.0130991451442,
        "dmean2": 0.0206102672964,
        "dvar": 0.000407352898037,
        "dvar2": 0.000789433834143,
        "max": 0.204632803798,
        "mean": 0.0280729010701,
        "median": 0.0182386636734,
        "min": 0.00769604695961,
        "var": 0.00076196534792
    },
    "spectral_kurtosis": {
        "dmean": 8.79799747467,
        "dmean2": 13.8968048096,
        "dvar": 135.856552124,
        "dvar2": 296.702301025,
        "max": 116.246368408,
        "mean": 48.4173622131,
        "median": 46.9801521301,
        "min": 1.76136302948,
        "var": 1017.7755127
    },
    "spectral_rms": {
        "dmean": 0.000445571757155,
        "dmean2": 0.00051955319941,
        "dvar": 3.70797749838e-07,
        "dvar2": 4.96652262427e-07,
        "max": 0.00863293278962,
        "mean": 0.00388450315222,
        "median": 0.00372328935191,
        "min": 8.8385611889e-05,
        "var": 5.08715993419e-06
    },
    "spectral_rolloff": {
        "dmean": 122.200927734,
        "dmean2": 230.712890625,
        "dvar": 477241.84375,
        "dvar2": 1371729.125,
        "max": 6330.76171875,
        "mean": 634.785522461,
        "median": 495.263671875,
        "min": 215.33203125,
        "var": 331919
    },
    "spectral_skewness": {
        "dmean": 0.582854032516,
        "dmean2": 0.899535238743,
        "dvar": 0.597628235817,
        "dvar2": 1.38476741314,
        "max": 9.24890613556,
        "mean": 5.42059230804,
        "median": 5.36450624466,
        "min": 1.42133593559,
        "var": 4.63611698151
    },
    "spectral_spread": {
        "dmean": 638127.4375,
        "dmean2": 916712.0625,
        "dvar": 1.10304821248e+12,
        "dvar2": 1.68478690509e+12,
        "max": 15829197,
        "mean": 2753852.5,
        "median": 2027911.625,
        "min": 797790.9375,
        "var": 4.18970127565e+12
    },
    "spectral_strongpeak": {
        "dmean": 0.395237743855,
        "dmean2": 0.489096581936,
        "dvar": 0.3633492589,
        "dvar2": 0.518082380295,
        "max": 7.07913303375,
        "mean": 2.33497786522,
        "median": 2.1615755558,
        "min": 0,
        "var": 2.79774928093
    },
    "zerocrossingrate": {
        "dmean": 0.00360514316708,
        "dmean2": 0.00504694087431,
        "dvar": 4.86897370138e-05,
        "dvar2": 8.37722691358e-05,
        "max": 0.0859375,
        "mean": 0.0275253430009,
        "median": 0.0224609375,
        "min": 0.00244140625,
        "var": 0.000127154475194
    },
    "barkbands": {
        "dmean": [2.3446079922e-06, 0.000160071911523, 2.57552983385e-05, 3.27339112118e-05, 0.000190439692233, 9.09612062969e-05, 0.00201604957692, 0.000761672097724, 0.00138102530036, 3.43326501024e-05, 9.27234941628e-05, 8.77714192029e-05, 6.41416627332e-05, 1.10363680506e-06, 3.53454124706e-05, 4.67352663236e-07, 1.01460718724e-05, 4.23560578611e-07, 1.93995765585e-06, 5.62008324323e-07, 8.42177814775e-06, 6.17892453647e-07, 2.49205277214e-06, 1.8656866132e-06, 2.38287680077e-06, 3.6507058212e-06, 1.08788253783e-06],
        "dmean2": [4.03322201237e-06, 0.000264528149273, 4.32468586951e-05, 5.67554307054e-05, 0.00035158591345, 0.000157162052346, 0.00210997788236, 0.00102342921309, 0.00232243305072, 6.61716549075e-05, 0.000135595182655, 0.000154344335897, 7.47564336052e-05, 1.7617200001e-06, 6.27479239483e-05, 8.11052871086e-07, 1.66992140294e-05, 6.95325127253e-07, 3.12613110509e-06, 1.00217062027e-06, 1.54324097821e-05, 1.10297378342e-06, 4.57136820842e-06, 3.11680378218e-06, 4.44049146608e-06, 6.48050581731e-06, 2.08120059142e-06],
        "dvar": [8.35364763474e-12, 4.92454574896e-08, 2.74041300763e-09, 1.36460069911e-08, 4.25203040777e-07, 1.08467510529e-07, 8.79163690115e-06, 5.21290940014e-06, 2.82139790215e-05, 3.50102347113e-08, 4.1000454587e-08, 3.11676984666e-07, 4.94089356096e-08, 6.46890787465e-12, 3.36682219881e-08, 2.33888039144e-12, 2.30187757744e-09, 1.82522725233e-12, 5.04233287069e-11, 5.98713223096e-12, 3.07460457094e-09, 7.85295353051e-12, 2.43913139686e-10, 6.76342593042e-11, 1.96246519035e-10, 3.83870268905e-10, 5.06590498717e-11],
        "dvar2": [2.52459927963e-11, 1.37159048563e-07, 7.01461333463e-09, 3.61997400944e-08, 1.19646585972e-06, 2.90337226261e-07, 8.58706789586e-06, 9.71565714281e-06, 5.27324846189e-05, 1.08753567929e-07, 8.87941240535e-08, 8.70549001775e-07, 7.05034679527e-08, 1.47952154e-11, 9.55794305924e-08, 6.552627798e-12, 6.51971854282e-09, 4.77875725102e-12, 1.23067930846e-10, 1.70569686847e-11, 8.8164435752e-09, 2.17827179905e-11, 6.98512192532e-10, 1.5131572384e-10, 5.56617807401e-10, 1.08066422477e-09, 1.49048329234e-10],
        "max": [1.84910895769e-05, 0.00233432161622, 0.000492342282087, 0.00103673967533, 0.0058224145323, 0.00255483272485, 0.0544603429735, 0.0307744760066, 0.053763512522, 0.00149777799379, 0.00204837182537, 0.00488683395088, 0.00357060553506, 1.62304822879e-05, 0.00155737239402, 1.11382960313e-05, 0.000441587297246, 1.05754061224e-05, 7.53490603529e-05, 2.07215707633e-05, 0.000471930514323, 1.8146027287e-05, 0.000131506996695, 5.89056908211e-05, 0.000114658578241, 0.000157161106472, 5.75831727474e-05],
        "mean": [2.45802289101e-06, 0.000320178252878, 2.92030872515e-05, 2.97595634038e-05, 0.000208458746783, 8.59231222421e-05, 0.0139513481408, 0.00172806077171, 0.00375114288181, 2.37587464653e-05, 0.000197509216378, 7.27978622308e-05, 0.000206725570024, 2.04554453376e-06, 3.51583512384e-05, 5.32465037395e-07, 1.71764149854e-05, 5.93878894506e-07, 2.73604041467e-06, 5.98576718858e-07, 5.82935945204e-06, 5.09636777224e-07, 1.60875811162e-06, 1.79948699497e-06, 1.67340544976e-06, 2.39455766859e-06, 9.26558641368e-07],
        "median": [1.00551869764e-06, 9.96623202809e-05, 1.80005627044e-05, 9.28392182686e-06, 0.000117832496471, 1.99478636205e-05, 0.00499210041016, 0.000245256669587, 3.42061539413e-05, 1.96515907191e-06, 4.68777434435e-05, 2.4325108825e-06, 5.48845218873e-06, 8.9887203103e-07, 1.97151439352e-06, 2.66237236701e-07, 4.14759767864e-07, 1.49089231627e-07, 1.83672057119e-07, 1.87408403463e-07, 1.84673709214e-07, 1.08599579107e-07, 1.13854170536e-07, 1.26012736246e-07, 1.42384593005e-07, 1.9089276293e-07, 4.87713236907e-07],
        "min": [1.92090610085e-08, 4.64780470111e-07, 6.99241127222e-08, 7.21952346794e-08, 8.95412881619e-07, 3.84629402106e-07, 8.77317802406e-07, 4.24785952191e-07, 1.65058423818e-07, 1.28493525153e-07, 3.4246877334e-08, 7.92089593915e-09, 2.72421427638e-08, 2.16803979214e-08, 1.3328806503e-08, 2.42311095633e-08, 1.61827262701e-08, 1.66204827678e-08, 1.09653619518e-08, 8.65758753577e-09, 5.72026026546e-09, 9.96832394407e-09, 7.11162195799e-09, 8.73957795022e-09, 9.56689838461e-09, 7.53210649407e-09, 9.46287670445e-09],
        "var": [9.9830421707e-12, 2.20839282861e-07, 2.62348764934e-09, 1.01742649861e-08, 3.15157564046e-07, 8.61228528493e-08, 0.000264093920123, 2.02282917598e-05, 0.00012053745013, 1.89238420489e-08, 9.49021341512e-08, 2.0962374947e-07, 4.49363227517e-07, 1.04843234788e-11, 2.15330651088e-08, 1.58905950464e-12, 3.33085359294e-09, 2.00574409512e-12, 7.57035614751e-11, 3.98880928287e-12, 1.86721771378e-09, 5.16263030589e-12, 1.44757678067e-10, 7.13092918048e-11, 1.17212406447e-10, 2.33679520178e-10, 2.70396136037e-11]
    },
    "erbbands": {
        "dmean": [0.00396337267011, 0.0384234264493, 0.0385347157717, 0.0625247880816, 0.556676506996, 0.55100685358, 0.637369334698, 0.637658536434, 8.9896364212, 37.1596298218, 31.1422195435, 22.048002243, 1.88014423847, 2.58404922485, 1.67934715748, 3.67932581902, 3.6112112999, 0.281168192625, 0.672284662724, 1.38733255863, 0.111350305378, 0.682228624821, 0.0564751140773, 0.108455225825, 0.040886271745, 0.0248515922576, 0.0626556798816, 0.515236198902, 0.0430812612176, 0.0296766385436, 0.0581235438585, 0.0572255216539, 0.0378721319139, 0.0212277062237, 0.0213068071753, 0.0166007746011, 0.00650001736358, 0.00135039282031, 0.000221831724048, 8.36163508211e-06],
        "dmean2": [0.00728740775958, 0.061648927629, 0.0599756464362, 0.108841404319, 1.05607140064, 1.01563978195, 1.15148186684, 1.01527965069, 9.71645355225, 38.8824577332, 42.5328979492, 33.7664871216, 3.44672465324, 4.05351877213, 2.51120257378, 6.27421998978, 4.57736682892, 0.426011234522, 1.20269024372, 2.43080759048, 0.191771775484, 1.11922323704, 0.0933044329286, 0.178826078773, 0.0673804953694, 0.0436201915145, 0.110040783882, 0.950034022331, 0.0786208063364, 0.054324619472, 0.105432905257, 0.101850703359, 0.0643006637692, 0.0391402803361, 0.0384594835341, 0.0287242233753, 0.0116747654974, 0.00246165180579, 0.00042661750922, 1.32742597998e-05],
        "dvar": [3.73268594558e-05, 0.00256496248767, 0.00250923191197, 0.0369906537235, 4.40017461777, 2.89108705521, 5.40918207169, 4.04866695404, 182.746520996, 2856.34985352, 9960.65625, 5818.04052734, 80.263053894, 29.5457706451, 14.5328550339, 474.977600098, 163.235870361, 0.292188704014, 13.4716329575, 45.868270874, 0.249848991632, 10.8230142593, 0.0504820197821, 0.171976149082, 0.0136769032106, 0.0117213977501, 0.111705012619, 11.8392696381, 0.0523013137281, 0.02327430062, 0.126974657178, 0.088455080986, 0.0308632329106, 0.0159045159817, 0.0145411966369, 0.00799288973212, 0.00116601586342, 6.47847118671e-05, 2.30674822888e-06, 8.09799227675e-10],
        "dvar2": [0.000118995900266, 0.00658898474649, 0.00702016521245, 0.0952220410109, 12.5630741119, 7.89967727661, 14.7288637161, 10.7603311539, 227.285003662, 2765.52050781, 13333.3388672, 10361.5683594, 233.876449585, 68.9196090698, 35.3967132568, 1335.40893555, 317.087585449, 0.772186040878, 38.2142677307, 130.063919067, 0.720457136631, 30.569694519, 0.142491027713, 0.442349523306, 0.0270455684513, 0.0324275568128, 0.316957712173, 33.9658699036, 0.149175703526, 0.0667277052999, 0.361600935459, 0.237705618143, 0.0792649164796, 0.0451126396656, 0.041213016957, 0.0224157404155, 0.00328082614578, 0.000187158744666, 6.80992707203e-06, 2.37178077178e-09],
        "max": [0.0480015650392, 0.582564115524, 0.384739637375, 1.77104997635, 17.6973934174, 16.0072536469, 19.6257400513, 14.6258983612, 208.558929443, 1018.58270264, 1420.60241699, 819.093139648, 83.0237808228, 49.2429733276, 32.3182411194, 189.599395752, 162.611160278, 6.23897361755, 31.375831604, 56.9987564087, 4.5172457695, 30.266292572, 2.02503657341, 4.1226272583, 1.15916073322, 0.950814068317, 2.854845047, 29.2295074463, 1.85673677921, 1.15949594975, 3.00550150871, 2.4200925827, 1.2771474123, 1.04450154305, 0.983100056648, 0.717634797096, 0.270044386387, 0.0653517395258, 0.0122517431155, 0.000269383512205],
        "mean": [0.00615491112694, 0.0808599963784, 0.067305997014, 0.0688422173262, 0.562006592751, 0.617575585842, 0.574963152409, 1.49135363102, 55.7574920654, 262.206054688, 93.4632568359, 62.8567352295, 3.388890028, 4.88074207306, 3.6481590271, 4.44331693649, 9.98943805695, 0.687384903431, 0.624202609062, 1.50849986076, 0.184875786304, 1.1547794342, 0.0976493507624, 0.144636377692, 0.0641672685742, 0.0289010275155, 0.0577729642391, 0.341180831194, 0.0321641638875, 0.0214312467724, 0.0398961156607, 0.0470473989844, 0.0318530611694, 0.0152350775898, 0.0147128971294, 0.0111384280026, 0.0042149471119, 0.000930130365305, 0.000172110158019, 3.21888255712e-05],
        "median": [0.00225765816867, 0.026480011642, 0.0421527586877, 0.0362386927009, 0.293377041817, 0.370792478323, 0.137170359492, 0.774065613747, 21.0714912415, 90.9658126831, 25.9430007935, 1.86601018906, 0.762652099133, 1.45984387398, 1.36504638195, 0.282962232828, 0.217904835939, 0.153954073787, 0.0765483677387, 0.107384391129, 0.0387765206397, 0.0251448247582, 0.0111527135596, 0.00944594666362, 0.00995642319322, 0.00928862579167, 0.00808046758175, 0.00612707715482, 0.00403819093481, 0.00354973832145, 0.00309018045664, 0.00259637879208, 0.00223106727935, 0.00158887251746, 0.00107975688297, 0.000690840475727, 0.000342369196005, 0.000170325802173, 6.86554631102e-05, 2.10847720155e-05],
        "min": [1.25637061501e-05, 0.000101589575934, 0.000157344678883, 0.000880912935827, 0.00158240878955, 0.00284731178544, 0.00773567520082, 0.012595356442, 0.0101516656578, 0.0119741084054, 0.00643544597551, 0.00365828839131, 0.00567724416032, 0.0022973169107, 0.000868561503012, 0.000459583709016, 0.00127816887107, 0.000758820504416, 0.000932080321945, 0.00167555152439, 0.00137840630487, 0.000893806922249, 0.000660512247123, 0.000787879340351, 0.000733481778298, 0.000316613382893, 0.000286083755782, 0.000252517173067, 0.000420455762651, 0.00025310026831, 0.000228119009989, 0.000171043080627, 0.000133305220515, 8.39242129587e-05, 7.69770122133e-05, 4.32305496361e-05, 8.87763235369e-06, 5.33012143933e-06, 1.9505189357e-06, 2.51437057841e-07],
        "var": [8.61499938765e-05, 0.0139818852767, 0.00580502999946, 0.0301486235112, 2.89165973663, 2.44769382477, 4.41408586502, 4.09383249283, 4116.68652344, 90999.6953125, 63833.2148438, 27028.8320312, 84.8235321045, 57.3000030518, 26.6528301239, 336.773468018, 962.419921875, 1.56193089485, 8.44395542145, 30.4750919342, 0.228529021144, 15.9129018784, 0.0632636994123, 0.223175525665, 0.0253490842879, 0.00872494652867, 0.0739820152521, 7.15316295624, 0.031980227679, 0.0136794988066, 0.0765161365271, 0.0628819540143, 0.0249902121723, 0.00954318977892, 0.00878271833062, 0.00493620196357, 0.000709819199983, 3.6726185499e-05, 1.22213384657e-06, 8.95097274078e-10]
    },
    "gfcc": {
        "mean": [-192.683959961, 135.072723389, -79.5525512695, -39.3847389221, -63.3328895569, -8.69585609436, -18.7658004761, 10.8147115707, 2.66890287399, 14.5741071701, -3.52650141716, -8.01826858521, -15.0578947067],
        "cov": [[2537.74316406, -294.544830322, -382.552612305, -112.149726868, -318.5909729, -42.0408287048, -314.648712158, -41.0945968628, -138.228286743, -87.4252548218, -192.019760132, 54.8970794678, 68.0960159302], [-294.544830322, 1073.43664551, 221.831298828, -463.226837158, -110.00894165, -224.637207031, 205.622955322, 107.452987671, 259.524780273, 194.724273682, 376.916015625, 84.5433044434, 8.83448791504], [-382.552612305, 221.831298828, 1858.09973145, 576.975952148, 92.7232513428, 201.501434326, 5.93799734116, -206.519622803, -315.609863281, 100.928657532, 232.650878906, 259.123046875, 11.721739769], [-112.149726868, -463.226837158, 576.975952148, 770.425354004, 212.154632568, 61.9457817078, -257.007141113, -195.654983521, -319.139007568, -67.1756057739, -34.373134613, 101.413452148, 37.5265960693], [-318.5909729, -110.00894165, 92.7232513428, 212.154632568, 281.51852417, 163.916152954, -35.9204826355, -114.662445068, -113.437255859, 8.46057415009, -4.23826169968, -31.617767334, -35.3542251587], [-42.0408287048, -224.637207031, 201.501434326, 61.9457817078, 163.916152954, 396.702728271, 93.7541275024, -101.072235107, -145.45664978, -32.5015602112, -110.121994019, -76.9577713013, -63.2395629883], [-314.648712158, 205.622955322, 5.93799734116, -257.007141113, -35.9204826355, 93.7541275024, 286.257293701, 111.978034973, 127.483757019, 15.7267112732, 0.615508496761, -62.2289505005, -43.9508209229], [-41.0945968628, 107.452987671, -206.519622803, -195.654983521, -114.662445068, -101.072235107, 111.978034973, 172.004501343, 153.606399536, 3.7062394619, -7.69205474854, -22.468662262, -0.823524475098], [-138.228286743, 259.524780273, -315.609863281, -319.139007568, -113.437255859, -145.45664978, 127.483757019, 153.606399536, 255.9349823, 46.7227706909, 43.0075569153, -24.9708633423, 8.74476909637], [-87.4252548218, 194.724273682, 100.928657532, -67.1756057739, 8.46057415009, -32.5015602112, 15.7267112732, 3.7062394619, 46.7227706909, 94.649810791, 101.515403748, 22.2794551849, -15.0772838593], [-192.019760132, 376.916015625, 232.650878906, -34.373134613, -4.23826169968, -110.121994019, 0.615508496761, -7.69205474854, 43.0075569153, 101.515403748, 211.173980713, 83.2428359985, 14.8480539322], [54.8970794678, 84.5433044434, 259.123046875, 101.413452148, -31.617767334, -76.9577713013, -62.2289505005, -22.468662262, -24.9708633423, 22.2794551849, 83.2428359985, 116.642715454, 50.2815284729], [68.0960159302, 8.83448791504, 11.721739769, 37.5265960693, -35.3542251587, -63.2395629883, -43.9508209229, -0.823524475098, 8.74476909637, -15.0772838593, 14.8480539322, 50.2815284729, 59.7368240356]],
        "icov": [[0.00111246434972, -0.00147557305172, 0.000771808845457, -0.000322058156598, 0.00213459669612, -0.00146593141835, 0.00183078204282, -0.000448260019766, 0.0016295791138, -0.00184038537554, 0.00344412960112, -0.00234668771736, 0.000469322461868], [-0.00147557305172, 0.0100827692077, -0.00322233117186, 0.00617236969993, -0.0058748871088, 0.00571456039324, -0.00452850852162, 0.00123709684703, -0.00259957136586, 0.00572662614286, -0.0165630578995, 0.00694218557328, -0.0036968938075], [0.000771808845457, -0.00322233117186, 0.00388064910658, -0.00424548471346, 0.00463817827404, -0.00360962445848, -0.00141590449493, 0.000771304068621, 0.00278573785909, -0.00505590206012, 0.0043381517753, -0.0074876928702, 0.00293527427129], [-0.000322058156598, 0.00617236969993, -0.00424548471346, 0.0112392064184, -0.00853750854731, 0.00666898582131, 0.00110481574666, -0.00151802308392, 0.00315686082467, 0.00591875053942, -0.00612622778863, 0.00353042827919, -0.00439108442515], [0.00213459669612, -0.0058748871088, 0.00463817827404, -0.00853750854731, 0.0163062885404, -0.00952274911106, 0.00271921581589, 0.00281639862806, 0.000693284673616, -0.00752639537677, 0.00625672470778, -0.00436614686623, 0.0046164020896], [-0.00146593141835, 0.00571456039324, -0.00360962445848, 0.00666898582131, -0.00952274911106, 0.015316862613, -0.00884438399225, 0.0045224414207, 0.00438523013145, 0.000670565117616, -0.00188941531815, 0.00622832030058, -0.00376649666578], [0.00183078204282, -0.00452850852162, -0.00141590449493, 0.00110481574666, 0.00271921581589, -0.00884438399225, 0.0190798323601, -0.00848843157291, -0.00478005129844, 0.00562065187842, 0.00409019226208, 0.00108666147571, 0.00452072592452], [-0.000448260019766, 0.00123709684703, 0.000771304068621, -0.00151802308392, 0.00281639862806, 0.0045224414207, -0.00848843157291, 0.0207307673991, -0.00764487544075, 0.000674309616443, 0.00147314544301, -0.00279780756682, 0.00490338308737], [0.0016295791138, -0.00259957136586, 0.00278573785909, 0.00315686082467, 0.000693284673616, 0.00438523013145, -0.00478005129844, -0.00764487544075, 0.0258859340101, -0.0152585152537, 0.0093840751797, -0.00249610934407, -0.0104445591569], [-0.00184038537554, 0.00572662614286, -0.00505590206012, 0.00591875053942, -0.00752639537677, 0.000670565117616, 0.00562065187842, 0.000674309616443, -0.0152585152537, 0.0424559786916, -0.0254603363574, 0.00514681171626, 0.0138706462458], [0.00344412960112, -0.0165630578995, 0.0043381517753, -0.00612622778863, 0.00625672470778, -0.00188941531815, 0.00409019226208, 0.00147314544301, 0.0093840751797, -0.0254603363574, 0.0490974374115, -0.0207968186587, 0.00375475129113], [-0.00234668771736, 0.00694218557328, -0.0074876928702, 0.00353042827919, -0.00436614686623, 0.00622832030058, 0.00108666147571, -0.00279780756682, -0.00249610934407, 0.00514681171626, -0.0207968186587, 0.0456891693175, -0.0259534660727], [0.000469322461868, -0.0036968938075, 0.00293527427129, -0.00439108442515, 0.0046164020896, -0.00376649666578, 0.00452072592452, 0.00490338308737, -0.0104445591569, 0.0138706462458, 0.00375475129113, -0.0259534660727, 0.047014862299]]
    },
    "melbands": {
        "dmean": [4.14996247855e-05, 3.16450204991e-05, 2.22490070882e-05, 4.80510498164e-05, 1.93366740859e-05, 1.41986674862e-05, 0.000231471640291, 0.000333368428983, 0.000302938278764, 0.000124150596093, 8.09393714007e-06, 9.53964445216e-06, 9.13116036827e-06, 4.25786356573e-06, 1.62352680491e-05, 3.31991077474e-06, 2.60565684584e-07, 3.06221551227e-07, 3.7852657897e-06, 2.30346358876e-07, 5.22216012655e-08, 8.79224728578e-07, 9.59257562272e-08, 2.18619291559e-08, 1.00484967902e-07, 5.60461081989e-08, 2.25033147672e-08, 1.63971449751e-08, 1.32201121161e-08, 1.82983313834e-07, 2.74594555094e-07, 1.13728155782e-08, 1.01428172528e-08, 1.69833338504e-08, 2.74176628068e-08, 6.31924947925e-08, 2.34005845812e-08, 2.40470132695e-08, 2.70827626991e-08, 1.44845975214e-08],
        "dmean2": [7.18511873856e-05, 4.9087771913e-05, 4.02461409976e-05, 8.92520547495e-05, 3.4438980947e-05, 2.36771575146e-05, 0.000245695671765, 0.000354435440386, 0.000423885765485, 0.000190822654986, 1.56725491252e-05, 1.49581101141e-05, 1.3122992641e-05, 7.88728993939e-06, 2.44523216679e-05, 3.80783444598e-06, 4.3266769012e-07, 5.52857159164e-07, 6.72217993269e-06, 3.77746772529e-07, 8.75613110907e-08, 1.43787497109e-06, 1.62503340562e-07, 3.54410758518e-08, 1.66225731846e-07, 8.97821621493e-08, 4.0563055137e-08, 2.91701383048e-08, 2.20693170405e-08, 3.33745219905e-07, 5.07915160597e-07, 2.02735215282e-08, 1.81687820344e-08, 3.13003738484e-08, 5.03388548623e-08, 1.12928653095e-07, 3.84599410097e-08, 4.28466329083e-08, 4.78983643859e-08, 2.56643559737e-08],
        "dvar": [3.67965147241e-09, 1.39333478089e-09, 7.60550289414e-09, 2.63383199695e-08, 4.70545513664e-09, 2.46767895007e-09, 1.22741468545e-07, 2.21056026817e-07, 1.17798072097e-06, 1.73411834226e-07, 2.18006457331e-09, 4.05340011556e-10, 3.90060012068e-10, 7.37819749741e-10, 6.00372107584e-09, 1.15709587745e-10, 2.06649028943e-13, 2.42331046722e-12, 3.98228811038e-10, 4.80977996146e-13, 2.3186315674e-14, 1.76504384025e-11, 2.09801780441e-13, 3.57483013257e-15, 1.55784226122e-13, 3.39019211196e-14, 6.68684612144e-15, 6.68298746285e-15, 2.06435227663e-15, 1.38710516597e-12, 3.37670039499e-12, 2.57306374761e-15, 2.1544914053e-15, 7.07828079867e-15, 2.7992439909e-14, 1.4868413846e-13, 1.08528451119e-14, 1.2743394698e-14, 2.2132771012e-14, 6.32405471035e-15],
        "dvar2": [1.08052589098e-08, 3.54913964884e-09, 2.09231796333e-08, 7.49269304379e-08, 1.2561473639e-08, 6.48500586564e-09, 1.33040032324e-07, 2.2615955686e-07, 1.61292291523e-06, 3.20156175349e-07, 6.64460664268e-09, 9.44478273368e-10, 8.39735281311e-10, 2.11559525454e-09, 1.61494089213e-08, 1.51093138001e-10, 5.79908896511e-13, 6.81467209052e-12, 1.1319116755e-09, 1.19224443686e-12, 5.86467723343e-14, 4.99403955689e-11, 5.90542805629e-13, 8.55744596414e-15, 4.03907538925e-13, 7.85420922636e-14, 1.96289551724e-14, 1.87331009402e-14, 5.10070323584e-15, 3.96210755177e-12, 9.70337352135e-12, 7.13978555504e-15, 5.84637513843e-15, 2.02821412416e-14, 8.04514536045e-14, 4.20125495807e-13, 2.56580526818e-14, 3.0368855217e-14, 6.36362978371e-14, 1.77189856619e-14],
        "max": [0.000574723642785, 0.000430891115684, 0.000756919733249, 0.00143381138332, 0.000599632854573, 0.000370076304534, 0.00584632623941, 0.00884914305061, 0.0145062776282, 0.00444435840473, 0.000377054559067, 0.000183355034096, 0.000204697571462, 0.000230660705711, 0.000659937679302, 0.000184920441825, 3.34607216246e-06, 1.33629819175e-05, 0.000169343999005, 4.87456100018e-06, 1.14934323392e-06, 3.87285872421e-05, 4.12984763898e-06, 4.18866079599e-07, 3.90712875742e-06, 2.00694694286e-06, 6.28034968031e-07, 7.16686315627e-07, 3.78471753493e-07, 1.00619163277e-05, 1.55691905093e-05, 3.81614853495e-07, 3.27054294758e-07, 6.1059034806e-07, 1.39416499678e-06, 3.28639771396e-06, 7.41691394524e-07, 7.30946112526e-07, 1.1933134374e-06, 6.57991847675e-07],
        "mean": [7.82252318459e-05, 6.50080910418e-05, 2.23812512559e-05, 5.27715892531e-05, 1.75581772055e-05, 1.45538624565e-05, 0.00152342929505, 0.00228118337691, 0.000874232326169, 0.000328600523062, 6.06193907515e-06, 1.77540932782e-05, 2.0808129193e-05, 3.27047177962e-06, 2.94566125376e-05, 1.11615345304e-05, 4.43061139777e-07, 2.42646223114e-07, 3.66259178008e-06, 3.65133615787e-07, 8.31335214002e-08, 1.48901165176e-06, 1.57296952352e-07, 3.30664384762e-08, 1.30974029844e-07, 8.33890041463e-08, 2.3475637434e-08, 1.67208789037e-08, 1.95178770923e-08, 1.30078007032e-07, 1.79023430746e-07, 9.5166337033e-09, 9.17007447754e-09, 1.17234240093e-08, 1.81093060547e-08, 4.38835883187e-08, 2.12893844775e-08, 2.22669953587e-08, 1.85587882839e-08, 1.00894173016e-08],
        "median": [2.45757564699e-05, 2.95650606859e-05, 9.2722948466e-06, 3.11300354952e-05, 4.24392010245e-06, 3.78337199436e-06, 0.000660880177747, 0.000821969180834, 1.19424712466e-05, 4.31625312558e-06, 1.07770813429e-06, 4.62186108052e-06, 5.48144680579e-06, 2.74317528692e-07, 2.58575937551e-07, 4.18575069716e-07, 1.44851000528e-07, 5.40979314678e-08, 1.87523326645e-07, 7.3270342682e-08, 1.55024135751e-08, 2.77921436975e-08, 1.04414930036e-08, 7.73335617765e-09, 7.04484470759e-09, 8.08930522567e-09, 6.21888363028e-09, 5.78756642611e-09, 4.95991470117e-09, 4.51231052523e-09, 3.19208703914e-09, 2.36660979702e-09, 1.98040495114e-09, 1.95859084506e-09, 1.83129578168e-09, 1.63628866012e-09, 1.61711133373e-09, 1.51451240438e-09, 1.46180922922e-09, 1.21421506183e-09],
        "min": [1.06029460767e-07, 1.0289343777e-07, 2.05355277672e-07, 1.25832173126e-07, 9.70683160517e-08, 6.9779076739e-08, 1.69427821106e-07, 9.96770310735e-08, 4.1981156329e-08, 2.43365043673e-08, 2.8111690753e-08, 9.30651289366e-09, 3.78526587852e-09, 7.42990446945e-10, 2.64637667335e-09, 2.14393880427e-09, 1.46711798266e-09, 1.83516168928e-09, 1.15056708605e-09, 3.03055780471e-09, 1.27084520685e-09, 1.03595854117e-09, 4.47537562565e-10, 8.77715899961e-10, 6.16641737672e-10, 3.57927548711e-10, 5.77523529e-10, 1.28223223705e-10, 1.89546281448e-10, 1.45630243975e-10, 1.46464534945e-10, 2.18566109655e-10, 1.67033109566e-10, 1.02166247684e-10, 8.57874535298e-11, 1.19114842989e-10, 9.53427961581e-11, 8.54284212815e-11, 6.7419167471e-11, 4.75677483514e-11],
        "var": [1.35604363294e-08, 7.09977099334e-09, 5.23880805403e-09, 1.89477820101e-08, 4.11636325026e-09, 2.0570305459e-09, 3.13265036311e-06, 6.90111346557e-06, 7.52293954065e-06, 7.5205275607e-07, 1.17763243601e-09, 8.00537469647e-10, 9.66824176274e-10, 4.47806763892e-10, 8.45065706301e-09, 1.19587617586e-09, 4.27834010623e-13, 1.54766130467e-12, 2.52985160598e-10, 6.91341840546e-13, 3.49719473487e-14, 2.63394722699e-11, 2.62551509396e-13, 5.65046192344e-15, 1.97945216533e-13, 5.71892115912e-14, 4.58517526722e-15, 4.49591070007e-15, 2.44827461866e-15, 8.53471156595e-13, 2.02616070623e-12, 1.69202634505e-15, 1.51662297409e-15, 4.1466912979e-15, 1.64049970033e-14, 9.20186439524e-14, 1.03099410384e-14, 1.17736707224e-14, 1.3118381266e-14, 3.92143220294e-15]
    },
    "mfcc": {
        "mean": [-872.017883301, 188.089553833, 25.0680885315, -7.65972566605, -14.8981933594, -11.4866113663, -7.86109018326, -5.60727357864, 5.7062830925, 12.1054830551, 11.1138458252, 16.3970146179, 11.4619007111],
        "cov": [[2409.72631836, -321.042144775, -494.064239502, -130.043457031, -139.020767212, -312.228607178, -289.775421143, -84.4717483521, 13.3631858826, -175.921813965, -317.959899902, -127.525047302, -211.969085693], [-321.042144775, 974.84979248, 223.33430481, -100.238731384, -126.032394409, -101.49306488, 1.60456347466, 13.3682880402, -21.7119655609, 112.644309998, 119.795768738, 50.1073417664, 372.806213379], [-494.064239502, 223.33430481, 952.024169922, 382.995635986, 205.611526489, 261.984222412, 176.934295654, -21.6639480591, -188.519042969, -73.2576675415, -69.6858596802, -102.653877258, 164.783401489], [-130.043457031, -100.238731384, 382.995635986, 505.183898926, 291.409484863, 144.313430786, 74.6670455933, -80.6328048706, -202.101303101, -133.289398193, -141.835510254, -175.442306519, 48.5091133118], [-139.020767212, -126.032394409, 205.611526489, 291.409484863, 316.806610107, 219.477233887, 88.9210968018, -76.0112457275, -180.142303467, -61.8795280457, -57.8507423401, -134.058761597, -6.88147306442], [-312.228607178, -101.49306488, 261.984222412, 144.313430786, 219.477233887, 339.192230225, 171.85319519, -15.9442234039, -95.6857376099, -31.4349899292, 6.05035352707, -60.7495384216, -91.2193603516], [-289.775421143, 1.60456347466, 176.934295654, 74.6670455933, 88.9210968018, 171.85319519, 160.88067627, 33.533367157, -41.7784423828, 14.0384244919, 39.0432777405, -34.5218887329, -34.4060173035], [-84.4717483521, 13.3682880402, -21.6639480591, -80.6328048706, -76.0112457275, -15.9442234039, 33.533367157, 89.1183242798, 92.2780075073, 25.9770488739, 30.235414505, 32.2277603149, -34.8231735229], [13.3631858826, -21.7119655609, -188.519042969, -202.101303101, -180.142303467, -95.6857376099, -41.7784423828, 92.2780075073, 202.90562439, 54.9468650818, 45.4383354187, 96.6092910767, -65.3252487183], [-175.921813965, 112.644309998, -73.2576675415, -133.289398193, -61.8795280457, -31.4349899292, 14.0384244919, 25.9770488739, 54.9468650818, 110.496315002, 111.729042053, 50.5325469971, 27.6563796997], [-317.959899902, 119.795768738, -69.6858596802, -141.835510254, -57.8507423401, 6.05035352707, 39.0432777405, 30.235414505, 45.4383354187, 111.729042053, 182.689712524, 115.831054688, 28.005317688], [-127.525047302, 50.1073417664, -102.653877258, -175.442306519, -134.058761597, -60.7495384216, -34.5218887329, 32.2277603149, 96.6092910767, 50.5325469971, 115.831054688, 196.927810669, 19.5824337006], [-211.969085693, 372.806213379, 164.783401489, 48.5091133118, -6.88147306442, -91.2193603516, -34.4060173035, -34.8231735229, -65.3252487183, 27.6563796997, 28.005317688, 19.5824337006, 288.858734131]],
