{
"lowlevel": {
    "average_loudness": 0.99068403244,
    "barkbands_crest": {
        "dmean": 1.29139137268,
        "dmean2": 1.75541186333,
        "dvar": 3.03131604195,
        "dvar2": 5.83778953552,
        "max": 25.1232147217,
        "mean": 13.5980949402,
        "median": 12.5860681534,
        "min": 4.5097527504,
        "var": 21.9384460449
    },
    "barkbands_flatness_db": {
        "dmean": 0.0167486798018,
        "dmean2": 0.0185154490173,
        "dvar": 0.000461590563646,
        "dvar2": 0.000404507212806,
        "max": 0.457541644573,
        "mean": 0.292455404997,
        "median": 0.276267707348,
        "min": 0.12663654983,
        "var": 0.00424744235352
    },
    "barkbands_kurtosis": {
        "dmean": 6.05769968033,
        "dmean2": 7.98682260513,
        "dvar": 134.812164307,
        "dvar2": 215.651229858,
        "max": 112.943695068,
        "mean": 19.5233650208,
        "median": 15.6660270691,
        "min": 0.631500244141,
        "var": 367.024230957
    },
    "barkbands_skewness": {
        "dmean": 0.510279178619,
        "dmean2": 0.665457904339,
        "dvar": 0.423922866583,
        "dvar2": 0.829482197762,
        "max": 7.0128326416,
        "mean": 3.15128684044,
        "median": 3.09617710114,
        "min": 0.663674890995,
        "var": 1.02865803242
    },
    "barkbands_spread": {
        "dmean": 1.11361908913,
        "dmean2": 1.48202359676,
        "dvar": 3.5868601799,
        "dvar2": 8.25810050964,
        "max": 14.8252325058,
        "mean": 5.77764177322,
        "median": 5.36319637299,
        "min": 0.368676424026,
        "var": 10.0285253525
    },
    "dissonance": {
        "dmean": 0.0170883331448,
        "dmean2": 0.025850482285,
        "dvar": 0.000397753727157,
        "dvar2": 0.000741147669032,
        "max": 0.499591559172,
        "mean": 0.447047144175,
        "median": 0.454778730869,
        "min": 0.325097352266,
        "var": 0.000876268779393
    },
    "dynamic_complexity": 1.83516657352,
    "erbbands_crest": {
        "dmean": 2.37890505791,
        "dmean2": 3.23522901535,
        "dvar": 4.06355285645,
        "dvar2": 7.01099061966,
        "max": 27.9079742432,
        "mean": 12.3805494308,
        "median": 10.921833992,
        "min": 4.470495224,
        "var": 25.3866519928
    },
    "erbbands_flatness_db": {
        "dmean": 0.0154219157994,
        "dmean2": 0.0189672484994,
        "dvar": 0.000412311259424,
        "dvar2": 0.000452704523923,
        "max": 0.413833916187,
        "mean": 0.268650919199,
        "median": 0.247115716338,
        "min": 0.159349903464,
        "var": 0.00385436369106
    },
    "erbbands_kurtosis": {
        "dmean": 1.73058140278,
        "dmean2": 2.17078208923,
        "dvar": 10.5926513672,
        "dvar2": 17.2564506531,
        "max": 34.2285614014,
        "mean": 2.99836039543,
        "median": 0.970350980759,
        "min": -1.28333854675,
        "var": 42.9742355347
    },
    "erbbands_skewness": {
        "dmean": 0.301234900951,
        "dmean2": 0.430598884821,
        "dvar": 0.174364194274,
        "dvar2": 0.274277955294,
        "max": 4.53402423859,
        "mean": 1.52481341362,
        "median": 1.46545088291,
        "min": 0.215294465423,
        "var": 0.708166480064
    },
    "erbbands_spread": {
        "dmean": 5.32318592072,
        "dmean2": 7.65983057022,
        "dvar": 28.3948001862,
        "dvar2": 62.2372283936,
        "max": 58.8334274292,
        "mean": 32.8231277466,
        "median": 35.6953468323,
        "min": 2.82460951805,
        "var": 271.133880615
    },
    "hfc": {
        "dmean": 2.44346570969,
        "dmean2": 3.3903939724,
        "dvar": 22.3290214539,
        "dvar2": 48.8112983704,
        "max": 26.9480571747,
        "mean": 7.93816757202,
        "median": 6.61759805679,
        "min": 0.66296929121,
        "var": 34.5112304688
    },
    "melbands_crest": {
        "dmean": 1.54139816761,
        "dmean2": 2.40887498856,
        "dvar": 5.04283571243,
        "dvar2": 8.4372549057,
        "max": 28.7397079468,
        "mean": 14.3490419388,
        "median": 12.2069244385,
        "min": 7.4797577858,
        "var": 35.0956840515
    },
    "melbands_flatness_db": {
        "dmean": 0.0167714580894,
        "dmean2": 0.0202962383628,
        "dvar": 0.000596119789407,
        "dvar2": 0.000611035560723,
        "max": 0.562363982201,
        "mean": 0.393170416355,
        "median": 0.379525154829,
        "min": 0.236431181431,
        "var": 0.00423904089257
    },
    "melbands_kurtosis": {
        "dmean": 7.28177070618,
        "dmean2": 9.58060073853,
        "dvar": 42.9012908936,
        "dvar2": 98.0116577148,
        "max": 62.5026779175,
        "mean": 28.9287128448,
        "median": 31.8292236328,
        "min": 1.37108039856,
        "var": 158.340255737
    },
    "melbands_skewness": {
        "dmean": 0.580167233944,
        "dmean2": 0.824556708336,
        "dvar": 0.185937717557,
        "dvar2": 0.448644340038,
        "max": 5.17248868942,
        "mean": 3.73399829865,
        "median": 3.96320652962,
        "min": 0.922327041626,
        "var": 0.977977573872
    },
    "melbands_spread": {
        "dmean": 1.18310010433,
        "dmean2": 1.69130885601,
        "dvar": 5.28569030762,
        "dvar2": 11.4689006805,
        "max": 17.2605133057,
        "mean": 5.26184844971,
        "median": 4.66019582748,
        "min": 0.692330241203,
        "var": 10.0707712173
    },
    "pitch_salience": {
        "dmean": 0.0434104390442,
        "dmean2": 0.0528976023197,
        "dvar": 0.00229562539607,
        "dvar2": 0.00321734603494,
        "max": 0.798180997372,
        "mean": 0.585799992085,
        "median": 0.631361961365,
        "min": 0.215207099915,
        "var": 0.0188591703773
    },
    "silence_rate_20dB": {
        "dmean": 0,
        "dmean2": 0,
        "dvar": 0,
        "dvar2": 0,
        "max": 1,
        "mean": 1,
        "median": 1,
        "min": 1,
        "var": 0
    },
    "silence_rate_30dB": {
        "dmean": 0,
        "dmean2": 0,
        "dvar": 0,
        "dvar2": 0,
        "max": 1,
        "mean": 1,
        "median": 1,
        "min": 1,
        "var": 0
    },
    "silence_rate_60dB": {
        "dmean": 0,
        "dmean2": 0,
        "dvar": 0,
        "dvar2": 0,
        "max": 0,
        "mean": 0,
        "median": 0,
        "min": 0,
        "var": 0
    },
    "spectral_centroid": {
        "dmean": 61.2133636475,
        "dmean2": 88.3990936279,
        "dvar": 9902.890625,
        "dvar2": 23238.4414062,
        "max": 928.149047852,
        "mean": 518.62322998,
        "median": 489.545806885,
        "min": 252.354476929,
        "var": 28692.2167969
    },
    "spectral_complexity": {
        "dmean": 2.43333339691,
        "dmean2": 3.47457623482,
        "dvar": 12.2122182846,
        "dvar2": 26.0798530579,
        "max": 29,
        "mean": 8.72131156921,
        "median": 7,
        "min": 4,
        "var": 21.5780525208
    },
    "spectral_decrease": {
        "dmean": 1.45232381676e-09,
        "dmean2": 2.0548451829e-09,
        "dvar": 7.29861241843e-18,
        "dvar2": 1.16239795461e-17,
        "max": -3.89365095721e-10,
        "mean": -6.83381573552e-09,
        "median": -5.9326077384e-09,
        "min": -1.88490965058e-08,
        "var": 1.80778651969e-17
    },
    "spectral_energy": {
        "dmean": 0.00569076417014,
        "dmean2": 0.00805954635143,
        "dvar": 0.000111567569547,
        "dvar2": 0.000179673923412,
        "max": 0.0732322186232,
        "mean": 0.0265123546124,
        "median": 0.0229271091521,
        "min": 0.00152968522161,
        "var": 0.000273266836302
    },
    "spectral_energyband_high": {
        "dmean": 4.02733803639e-06,
        "dmean2": 5.54974940314e-06,
        "dvar": 8.51819240144e-11,
        "dvar2": 1.27917634818e-10,
        "max": 7.07526851329e-05,
        "mean": 1.58824550454e-05,
        "median": 1.51547201312e-05,
        "min": 6.52115545563e-07,
        "var": 1.96970648125e-10
    },
    "spectral_energyband_low": {
        "dmean": 0.000499859801494,
        "dmean2": 0.000601664360147,
        "dvar": 1.13474482077e-06,
        "dvar2": 1.1830799167e-06,
        "max": 0.0100481631234,
        "mean": 0.00480383588001,
        "median": 0.0053766509518,
        "min": 6.88146337779e-06,
        "var": 1.37320066642e-05
    },
    "spectral_energyband_middle_high": {
        "dmean": 0.000724199111573,
        "dmean2": 0.00108138134237,
        "dvar": 3.79145581064e-06,
        "dvar2": 9.56724670687e-06,
        "max": 0.00956346839666,
        "mean": 0.000975464761723,
        "median": 0.000579308369197,
        "min": 4.37547605543e-05,
        "var": 2.79041341855e-06
    },
    "spectral_energyband_middle_low": {
        "dmean": 0.00496349669993,
        "dmean2": 0.00694493297487,
        "dvar": 8.85449262569e-05,
        "dvar2": 0.000132990098791,
        "max": 0.071114487946,
        "mean": 0.0207997169346,
        "median": 0.0138226151466,
        "min": 0.00067015789682,
        "var": 0.000291659205686
    },
    "spectral_entropy": {
        "dmean": 0.158075883985,
        "dmean2": 0.193831056356,
        "dvar": 0.0554516911507,
        "dvar2": 0.064833804965,
        "max": 8.36788654327,
        "mean": 6.57868909836,
        "median": 6.70698785782,
        "min": 4.94892549515,
        "var": 0.344381153584
    },
    "spectral_flux": {
        "dmean": 0.0166029054672,
        "dmean2": 0.0283755920827,
        "dvar": 0.000851872609928,
        "dvar2": 0.00202014576644,
        "max": 0.188433945179,
        "mean": 0.0410794354975,
        "median": 0.0270776953548,
        "min": 0.0161182042211,
        "var": 0.00132866099011
    },
    "spectral_kurtosis": {
        "dmean": 6.50933790207,
        "dmean2": 11.0131855011,
        "dvar": 56.5963096619,
        "dvar2": 157.739578247,
        "max": 45.9450302124,
        "mean": 10.9720449448,
        "median": 7.80106258392,
        "min": 1.27271461487,
        "var": 96.1238479614
    },
    "spectral_rms": {
        "dmean": 0.000544675218407,
        "dmean2": 0.000723042467143,
        "dvar": 1.01430634913e-06,
        "dvar2": 1.45347837588e-06,
        "max": 0.00845257751644,
        "mean": 0.00484069762751,
        "median": 0.0047294725664,
        "min": 0.00122162839398,
        "var": 2.43336694439e-06
    },
    "spectral_rolloff": {
        "dmean": 70.341796875,
        "dmean2": 123.72467804,
        "dvar": 17648.625,
        "dvar2": 38565.3867188,
        "max": 968.994140625,
        "mean": 374.536529541,
        "median": 301.46484375,
        "min": 258.3984375,
        "var": 27855.375
    },
    "spectral_skewness": {
        "dmean": 0.529250025749,
        "dmean2": 0.864668786526,
        "dvar": 0.349237412214,
        "dvar2": 0.891149401665,
        "max": 4.3307466507,
        "mean": 1.88715708256,
        "median": 1.63904201984,
        "min": 0.688191890717,
        "var": 0.869200408459
    },
    "spectral_spread": {
        "dmean": 514456.875,
        "dmean2": 536271.6875,
        "dvar": 3.67357329408e+12,
        "dvar2": 2.44737900544e+12,
        "max": 20770030,
        "mean": 2628647.25,
        "median": 2495617.25,
        "min": 917539.625,
        "var": 6.17461737062e+12
    },
    "spectral_strongpeak": {
        "dmean": 0.146763801575,
        "dmean2": 0.172705471516,
        "dvar": 0.0415899902582,
        "dvar2": 0.0424584522843,
        "max": 2.30461382866,
        "mean": 0.694404363632,
        "median": 0.462081611156,
        "min": 0,
        "var": 0.238686963916
    },
    "zerocrossingrate": {
        "dmean": 0.00252278638072,
        "dmean2": 0.00333520933054,
        "dvar": 9.20428010431e-06,
        "dvar2": 1.13079304356e-05,
        "max": 0.03515625,
        "mean": 0.0175621155649,
        "median": 0.017578125,
        "min": 0.00732421875,
        "var": 2.54909919022e-05
    },
    "barkbands": {
        "dmean": [2.81400980384e-06, 0.000312314252369, 0.000193807121832, 0.000258016196312, 0.00363476714119, 0.000574762816541, 0.000908835791051, 0.000721531861927, 0.000231261001318, 0.000249526347034, 0.000207057702937, 5.54668877157e-05, 6.94987611496e-05, 1.58983293659e-05, 1.50688083522e-05, 4.54108485428e-05, 7.72531420807e-05, 3.83904625778e-05, 2.54707319982e-05, 5.17780017617e-06, 1.27413829887e-06, 4.51461545481e-07, 2.43676197442e-07, 3.55054936563e-07, 2.85593756644e-07, 2.63540755441e-07, 2.43021787583e-07],
        "dmean2": [4.98422105011e-06, 0.000389508611988, 0.000215984677197, 0.000379212928237, 0.00485452683643, 0.000945343810599, 0.0012689656578, 0.00108401826583, 0.000348233210389, 0.000371846166672, 0.000341029546689, 8.06661701063e-05, 0.000111863068014, 2.25510266318e-05, 2.30571768043e-05, 7.11973334546e-05, 0.000116641262139, 5.99969025643e-05, 3.67080356227e-05, 7.31852105673e-06, 1.87154671494e-06, 6.02743398304e-07, 2.67338464255e-07, 4.29455752737e-07, 3.33679622599e-07, 3.19570489182e-07, 3.31188942937e-07],
        "dvar": [2.41977549109e-10, 4.69983120865e-07, 1.10422270438e-07, 1.12261567153e-07, 5.67210045119e-05, 2.42361579694e-07, 3.05685421154e-06, 3.32228182742e-06, 3.64100770867e-07, 5.52219660221e-07, 3.49995929128e-07, 2.21887734853e-08, 3.51190472259e-08, 1.17668697008e-09, 1.7455055179e-09, 1.31719559704e-08, 3.16468522499e-08, 5.77662984114e-09, 1.4686708516e-09, 6.57568374751e-11, 3.0392086417e-12, 1.14227605239e-12, 8.2900477932e-13, 2.20014479725e-12, 8.76724528479e-13, 7.91698520977e-13, 4.71324910524e-13],
        "dvar2": [4.32133245853e-10, 5.02263958424e-07, 8.7018563022e-08, 2.12085680573e-07, 7.86776581663e-05, 5.98181657097e-07, 5.9395192693e-06, 8.59788087837e-06, 8.82765050392e-07, 1.3797957763e-06, 9.17337217743e-07, 5.69537519368e-08, 9.41579045843e-08, 2.32844410419e-09, 3.46727291323e-09, 3.32951337612e-08, 7.68742367541e-08, 1.41766607342e-08, 2.55259857695e-09, 9.58838980436e-11, 4.93374395158e-12, 1.80372600536e-12, 1.48325514197e-12, 4.48118538804e-12, 1.39172397565e-12, 1.24660871903e-12, 6.72860692944e-13],
        "max": [0.000134309782879, 0.00601515686139, 0.00396065367386, 0.00352424103767, 0.0552645325661, 0.00315539096482, 0.0138933034614, 0.0104012712836, 0.00366813200526, 0.00401562824845, 0.0029469949659, 0.000967249681707, 0.000886636087671, 0.000215242529521, 0.000243565111305, 0.000673428585287, 0.0010909413686, 0.000442732445663, 0.000197240631678, 6.03110274824e-05, 1.50200321514e-05, 8.01055648481e-06, 6.1534087763e-06, 9.70656492427e-06, 6.32088494967e-06, 5.92510650677e-06, 4.37371636508e-06],
        "mean": [4.71573275718e-06, 0.00289431051351, 0.00183410721365, 0.00150220270734, 0.01516966708, 0.00123095244635, 0.0018174223369, 0.000817823107354, 0.000231347687077, 0.000242822716245, 0.000164710290846, 6.29179703537e-05, 6.18773119641e-05, 2.15730051423e-05, 1.92391089513e-05, 6.39246500214e-05, 0.000153128814418, 0.000111431625555, 7.59523754823e-05, 2.46926447289e-05, 5.03239334648e-06, 9.86602117337e-07, 2.32593578176e-07, 2.78560605693e-07, 3.01514631929e-07, 2.58422090837e-07, 4.05417779348e-07],
        "median": [2.45772980634e-07, 0.00322232441977, 0.00196973537095, 0.00143585260957, 0.00885549560189, 0.00101842614822, 0.00098181865178, 0.000459024566226, 1.89413549379e-05, 2.83343742922e-05, 2.58936397586e-05, 8.48682157084e-06, 1.48145609273e-05, 8.03100010671e-06, 6.32642377241e-06, 4.39918621851e-05, 0.000132028813823, 0.000108134467155, 7.68735189922e-05, 2.87663206109e-05, 4.66446635983e-06, 7.74556440319e-07, 5.07126216576e-08, 3.37834471509e-08, 4.17866239388e-08, 2.92502289057e-08, 1.48827297153e-07],
        "min": [2.6430635458e-09, 1.16186265586e-06, 5.40186192666e-06, 2.1126905267e-05, 0.000236079635215, 5.96874124312e-05, 3.43511856045e-05, 7.71399063524e-05, 2.67101654572e-06, 2.92273170999e-06, 1.39165183555e-06, 9.78094362836e-07, 2.37179506257e-06, 7.96375104528e-07, 3.73283711497e-07, 3.20488402394e-06, 5.38312224307e-06, 9.38342225254e-07, 8.95357516129e-07, 9.95939785753e-07, 1.87000537721e-07, 3.28149205586e-08, 2.04958250372e-09, 1.56587609546e-09, 1.65016833531e-09, 1.0663629979e-09, 6.74969369285e-09],
        "var": [5.18605103306e-10, 5.0779144658e-06, 2.02550086215e-06, 1.00617364751e-06, 0.00022795071709, 5.76808702135e-07, 6.6428201535e-06, 1.93737128029e-06, 3.91901068042e-07, 4.04875265758e-07, 2.26919667057e-07, 2.47771012596e-08, 2.46033433626e-08, 1.81910109198e-09, 1.9695660658e-09, 9.68455182715e-09, 2.73300031495e-08, 8.36792146686e-09, 3.39552697071e-09, 3.47606832207e-10, 1.69923936033e-11, 1.59629546994e-12, 7.46693180377e-13, 1.66334329123e-12, 8.96291992448e-13, 7.96437026572e-13, 5.74652738589e-13]
    },
    "erbbands": {
        "dmean": [0.00197369442321, 0.0919268801808, 0.294473111629, 0.361067920923, 4.63309240341, 20.2705345154, 9.91719245911, 2.8835515976, 11.5171766281, 13.4354772568, 13.0370779037, 5.38473081589, 4.73207044601, 13.1482334137, 4.76983118057, 2.48653459549, 2.93641805649, 0.692659437656, 0.824708282948, 1.66337275505, 2.62985229492, 4.21443843842, 2.29048013687, 1.65968966484, 0.745420455933, 0.248052313924, 0.0788225755095, 0.0369154326618, 0.0177907440811, 0.00625527556986, 0.00891448464245, 0.0108052678406, 0.00250575994141, 0.00196907599457, 0.00285666831769, 0.00113877898548, 0.000434491113992, 0.000136904331157, 4.97474648e-05, 9.2325553851e-06],
        "dmean2": [0.00260630156845, 0.11274907738, 0.324222952127, 0.523301005363, 6.88465118408, 25.8582077026, 15.6398334503, 4.12827253342, 16.6288013458, 17.1178188324, 20.2938365936, 7.94031143188, 6.94725608826, 20.9275283813, 7.92837429047, 3.59491443634, 4.61004114151, 0.977115213871, 1.22196471691, 2.56102061272, 4.19344425201, 6.40989589691, 3.48661899567, 2.42337393761, 1.0793107748, 0.3545152843, 0.107501082122, 0.0585916079581, 0.0228587146848, 0.00741063151509, 0.00957187917084, 0.0131689952686, 0.00283805234358, 0.0022616381757, 0.00335707049817, 0.00125791237224, 0.000548684736714, 0.000200770664378, 7.08421721356e-05, 1.29061963889e-05],
        "dvar": [1.52887278091e-05, 0.0397797115147, 0.291756957769, 0.276245862246, 30.6636314392, 2113.14208984, 77.9939193726, 18.9432430267, 827.395446777, 216.4972229, 1896.06506348, 200.762878418, 145.962463379, 1755.79455566, 158.043991089, 43.1692428589, 59.5667114258, 2.24815368652, 4.88807439804, 16.3212108612, 50.8447380066, 94.623878479, 19.6064510345, 7.57302904129, 1.45789730549, 0.184118673205, 0.0123693132773, 0.00353940087371, 0.00176217523403, 0.000396638293751, 0.00124565360602, 0.00220283330418, 7.64765645727e-05, 3.7566969695e-05, 9.54095448833e-05, 1.54044155352e-05, 2.05787614505e-06, 2.4567964374e-07, 1.90453626203e-08, 2.8964103338e-10],
        "dvar2": [2.5234050554e-05, 0.040990691632, 0.224341735244, 0.521687150002, 52.1490592957, 2719.48510742, 137.567718506, 30.9439888, 1728.5670166, 419.297363281, 4882.69824219, 482.163269043, 335.554229736, 4524.61669922, 423.050140381, 111.087036133, 156.899139404, 4.84200000763, 8.6051568985, 38.8373718262, 129.089813232, 230.077468872, 47.3341369629, 14.9613142014, 2.58710026741, 0.281117767096, 0.0210731308907, 0.00496122986078, 0.00292938412167, 0.000720730866306, 0.00221721222624, 0.00452020671219, 0.000138789080665, 5.94887969783e-05, 0.000152012027684, 2.62326102529e-05, 3.11792746288e-06, 3.74922251467e-07, 2.73604481293e-08, 5.33149246973e-10],
        "max": [0.0381352044642, 1.78123903275, 6.1170835495, 4.80333900452, 40.3225212097, 338.214172363, 89.765335083, 36.5529098511, 221.903869629, 110.209251404, 247.358276367, 67.8468780518, 80.266998291, 226.486755371, 51.2285575867, 39.4479408264, 36.2108306885, 8.53756141663, 13.3712625504, 24.5648994446, 42.5677528381, 60.4036827087, 27.0746936798, 15.2403898239, 6.30245399475, 2.8381459713, 0.940365850925, 0.420534908772, 0.321146339178, 0.136509075761, 0.237959250808, 0.304479777813, 0.0590814575553, 0.0415089428425, 0.0655344501138, 0.0263061840087, 0.00942580774426, 0.00286542554386, 0.000833367288578, 0.000108342741441],
        "mean": [0.0151786971837, 0.854859888554, 2.87862634659, 2.30032229424, 21.9933319092, 68.6188735962, 37.255065918, 6.25498914719, 21.9652576447, 25.1237697601, 13.3672418594, 5.40871953964, 5.41170406342, 11.1069936752, 4.25277996063, 2.69837760925, 2.80697607994, 1.01231253147, 1.21038472652, 2.26816010475, 3.71617555618, 8.65697288513, 6.35003042221, 5.44822311401, 2.35510373116, 1.1454975605, 0.36158940196, 0.142159029841, 0.0441079773009, 0.00869142170995, 0.00812631566077, 0.00806072447449, 0.00253886776045, 0.00228845630772, 0.00286187091842, 0.00110794068314, 0.000443878496299, 0.000165718782227, 7.84450458013e-05, 3.57089411409e-05],
        "median": [0.01722702384, 0.950851023197, 3.1598906517, 2.38759064674, 20.4903411865, 23.3028182983, 36.7931251526, 4.72212457657, 6.16146707535, 16.6950054169, 6.42171430588, 0.661908388138, 0.662454724312, 1.17154467106, 0.725297570229, 0.412475407124, 0.712940990925, 0.403847754002, 0.470317512751, 1.4950761795, 2.57429122925, 7.82722091675, 6.08279561996, 5.69231653214, 2.36893320084, 1.26171517372, 0.388491690159, 0.118656806648, 0.0359473079443, 0.00496118655428, 0.00141743593849, 0.000789787678514, 0.000589257804677, 0.000425502308644, 0.000309309369186, 0.000157063666848, 4.42495547759e-05, 3.3562137105e-05, 3.42185194313e-05, 3.36126468028e-05],
        "min": [3.04166715068e-05, 0.000392203073716, 0.00398889556527, 0.0478427186608, 0.688968598843, 0.78123819828, 0.628799676895, 0.42160603404, 0.293493330479, 1.78704726696, 1.14729857445, 0.222250342369, 0.0773280933499, 0.15423618257, 0.0782357975841, 0.0441582016647, 0.0987559780478, 0.0330322086811, 0.0337624326348, 0.132099494338, 0.157159104943, 0.296621620655, 0.0664167404175, 0.0610183142126, 0.0479312799871, 0.0502605810761, 0.0142378490418, 0.00640650559217, 0.00166886404622, 0.000277352373814, 0.000100919394754, 7.36636720831e-05, 5.6300083088e-05, 4.95283638884e-05, 4.75056913274e-05, 1.98790203285e-05, 5.83369501328e-06, 3.13089299198e-06, 5.37578489457e-06, 7.69135112932e-06],
        "var": [0.000135063906782, 0.442849308252, 4.95243120193, 1.7888199091, 100.958442688, 10108.5185547, 428.733795166, 38.4560241699, 1625.57568359, 467.529693604, 1018.38043213, 193.292510986, 182.116821289, 1092.1776123, 120.480735779, 44.9054718018, 45.0084342957, 3.5311088562, 6.4261803627, 13.9648790359, 36.5248756409, 82.9486541748, 27.6590557098, 16.9149684906, 3.21373510361, 0.766425311565, 0.082276314497, 0.0143847987056, 0.00262441509403, 0.000377130840207, 0.00110420642886, 0.00161850836594, 7.19531089999e-05, 4.04308011639e-05, 9.43987615756e-05, 1.41663758768e-05, 2.19895582632e-06, 2.66306358299e-07, 2.2138728184e-08, 4.23666601801e-10]
    },
    "gfcc": {
        "mean": [-116.623519897, 187.980407715, -108.318382263, 32.2428741455, -20.6054821014, -61.1782226562, -27.8830852509, -2.47713637352, -27.2909832001, -11.9801893234, -11.2589387894, -5.98686361313, -4.19017601013],
        "cov": [[2072.23535156, -685.892883301, -168.973007202, 169.499481201, 135.680480957, 314.023254395, 72.2338562012, 246.761520386, -66.2264862061, 52.6420669556, -44.3308982849, 144.423431396, -8.75894737244], [-685.892883301, 839.624816895, -330.353210449, -406.803192139, 10.1338949203, -329.041625977, 16.5565776825, -211.4584198, -9.35653305054, -135.554138184, 46.6430282593, -113.934539795, 74.5991668701], [-168.973007202, -330.353210449, 691.425476074, 478.700775146, 6.91983127594, 135.189346313, -18.6448421478, 137.378799438, 41.6754684448, 66.1539993286, -17.1087322235, 42.2073173523, -66.7958679199], [169.499481201, -406.803192139, 478.700775146, 1112.46960449, 310.624450684, 13.7353153229, 86.9571151733, 248.461181641, 90.0985794067, 156.43107605, -29.1657276154, 37.4873580933, -76.6281433105], [135.680480957, 10.1338949203, 6.91983127594, 310.624450684, 183.658676147, -44.4405670166, 52.0643043518, 59.2355194092, 9.41359329224, 32.1692237854, -13.8192396164, -0.938402295113, 2.23056864738], [314.023254395, -329.041625977, 135.189346313, 13.7353153229, -44.4405670166, 242.25843811, 10.7039327621, 85.686958313, 2.62160849571, 24.3463668823, -25.0775184631, 54.2946853638, -26.391002655], [72.2338562012, 16.5565776825, -18.6448421478, 86.9571151733, 52.0643043518, 10.7039327621, 53.9115142822, 25.1337223053, 14.906999588, -0.168855667114, -2.90123844147, 7.2022600174, 4.66354084015], [246.761520386, -211.4584198, 137.378799438, 248.461181641, 59.2355194092, 85.686958313, 25.1337223053, 127.912796021, 24.2732906342, 42.333152771, -22.0043296814, 36.2732963562, -35.8775787354], [-66.2264862061, -9.35653305054, 41.6754684448, 90.0985794067, 9.41359329224, 2.62160849571, 14.906999588, 24.2732906342, 31.5779304504, 9.45195293427, 0.642237663269, -3.40100002289, -15.5941514969], [52.6420669556, -135.554138184, 66.1539993286, 156.43107605, 32.1692237854, 24.3463668823, -0.168855667114, 42.333152771, 9.45195293427, 52.8645401001, -9.15747070312, 10.5746679306, -20.7533683777], [-44.3308982849, 46.6430282593, -17.1087322235, -29.1657276154, -13.8192396164, -25.0775184631, -2.90123844147, -22.0043296814, 0.642237663269, -9.15747070312, 14.0851888657, -5.90316438675, 4.24256658554], [144.423431396, -113.934539795, 42.2073173523, 37.4873580933, -0.938402295113, 54.2946853638, 7.2022600174, 36.2732963562, -3.40100002289, 10.5746679306, -5.90316438675, 29.0715293884, -3.4684214592], [-8.75894737244, 74.5991668701, -66.7958679199, -76.6281433105, 2.23056864738, -26.391002655, 4.66354084015, -35.8775787354, -15.5941514969, -20.7533683777, 4.24256658554, -3.4684214592, 29.5499897003]],
        "icov": [[0.002033283934, 0.00370297813788, 0.000591485353652, 0.00190085766371, -0.00328935775906, 0.00134752108715, -0.00364572671242, -0.00550752645358, 0.00537674222142, 0.00379689829424, -0.00747449928895, 0.00397242745385, -9.55525611062e-05], [0.00370297813788, 0.029480073601, -0.00688232574612, 0.0197479780763, -0.024661116302, 0.0237841885537, -0.0287940688431, -0.0135353421792, -0.0044760433957, 0.0222538169473, -0.0273042749614, 0.0458462052047, -0.00389019167051], [0.000591485353652, -0.00688232574612, 0.00715846708044, -0.00944974273443, 0.00996884517372, -0.00905061606318, 0.0100379083306, 0.000753853702918, 0.00892551895231, 0.00127990380861, 0.00498720351607, -0.012352255173, 0.0031650220044], [0.00190085766371, 0.0197479780763, -0.00944974273443, 0.0229268334806, -0.0279224179685, 0.0193296242505, -0.0200695693493, -0.0117676407099, -0.0170245040208, 0.00219536363147, -0.0244483798742, 0.0265566352755, -0.0037621834781], [-0.00328935775906, -0.024661116302, 0.00996884517372, -0.0279224179685, 0.0535364635289, -0.0174802877009, 0.00739991851151, 8.07780597825e-05, 0.0322942882776, -0.0156242242083, 0.0353752970695, -0.0108358673751, -0.00959551334381], [0.00134752108715, 0.0237841885537, -0.00905061606318, 0.0193296242505, -0.0174802877009, 0.0328697003424, -0.0298941712826, -0.00883805658668, -0.010000708513, 0.013078651391, -0.00556555157527, 0.0244265347719, 0.00225918646902], [-0.00364572671242, -0.0287940688431, 0.0100379083306, -0.0200695693493, 0.00739991851151, -0.0298941712826, 0.0786667913198, 0.0179324876517, -0.0329304710031, -0.0091451453045, 0.023783955723, -0.0661880895495, -0.0106276031584], [-0.00550752645358, -0.0135353421792, 0.000753853702918, -0.0117676407099, 8.07780597825e-05, -0.00883805658668, 0.0179324876517, 0.0691973343492, -0.0314272977412, 0.000958768359851, 0.0584305822849, -0.0727702081203, 0.044169485569], [0.00537674222142, -0.0044760433957, 0.00892551895231, -0.0170245040208, 0.0322942882776, -0.010000708513, -0.0329304710031, -0.0314272977412, 0.123713597655, 0.00659579364583, -0.0255857370794, 0.0414608046412, 0.0230509564281], [0.00379689829424, 0.0222538169473, 0.00127990380861, 0.00219536363147, -0.0156242242083, 0.013078651391, -0.0091451453045, 0.000958768359851, 0.00659579364583, 0.0716883093119, -0.00219163438305, 0.0170526113361, 0.0251434836537], [-0.00747449928895, -0.0273042749614, 0.00498720351607, -0.0244483798742, 0.0353752970695, -0.00556555157527, 0.023783955723, 0.0584305822849, -0.0255857370794, -0.00219163438305, 0.174370005727, -0.0766511186957, 0.0250637829304], [0.00397242745385, 0.0458462052047, -0.012352255173, 0.0265566352755, -0.0108358673751, 0.0244265347719, -0.0661880895495, -0.0727702081203, 0.0414608046412, 0.0170526113361, -0.0766511186957, 0.215327516198, -0.0587558969855], [-9.55525611062e-05, -0.00389019167051, 0.0031650220044, -0.0037621834781, -0.00959551334381, 0.00225918646902, -0.0106276031584, 0.044169485569, 0.0230509564281, 0.0251434836537, 0.0250637829304, -0.0587558969855, 0.118406765163]]
    },
    "melbands": {
        "dmean": [5.07805343659e-05, 0.000150169376866, 0.000139297175338, 0.000870110641699, 0.00046532478882, 7.02432153048e-05, 0.000178555899765, 0.000152647247887, 9.50807880145e-05, 3.06335241476e-05, 2.2995252948e-05, 5.33219244971e-05, 2.18208406295e-05, 6.52310154692e-06, 9.62245121627e-06, 3.51860580849e-06, 1.16513251669e-06, 1.50236326135e-06, 1.3412042108e-06, 3.25817632074e-06, 3.08186531583e-06, 4.82297855342e-06, 3.18466777571e-06, 1.71740907717e-06, 1.39177757319e-06, 9.02062652131e-07, 3.10845194917e-07, 1.40737469678e-07, 5.90506559206e-08, 3.56365816856e-08, 2.48918254897e-08, 1.33070283681e-08, 4.49362014265e-09, 2.89445667434e-09, 4.51734427642e-09, 8.30361557291e-09, 5.11402875603e-09, 1.80940396e-09, 1.10002462694e-09, 1.8656860501e-09],
        "dmean2": [6.37896228e-05, 0.000169015998836, 0.00019772980886, 0.00119344552513, 0.000670867972076, 0.000107862579171, 0.000258435466094, 0.000199567672098, 0.000150122257764, 4.52498170489e-05, 3.32898816851e-05, 8.45467147883e-05, 3.64260304195e-05, 1.0196792573e-05, 1.46319071064e-05, 5.5115019677e-06, 1.6410523358e-06, 2.26530323744e-06, 2.01176862902e-06, 5.14648490935e-06, 4.9806512834e-06, 7.55919245421e-06, 4.62871548734e-06, 2.64034338215e-06, 2.02567389351e-06, 1.28647968722e-06, 4.56617925693e-07, 1.97220899167e-07, 8.17838810008e-08, 5.28435997182e-08, 3.8656370549e-08, 1.80662720339e-08, 5.3198845329e-09, 3.54019125126e-09, 4.93631269194e-09, 1.02353672204e-08, 6.19657702927e-09, 2.13597051157e-09, 1.24167864879e-09, 2.13391726511e-09],
        "dvar": [1.220651491e-08, 8.62826183834e-08, 2.06782271306e-08, 3.78949607693e-06, 3.71793362319e-07, 8.96845975262e-09, 1.74728086222e-07, 3.61841010488e-08, 1.06537918043e-07, 6.03589889181e-09, 3.28885740863e-09, 2.9236048249e-08, 3.47058448646e-09, 3.02700142729e-10, 7.50875084332e-10, 6.64654373206e-11, 6.60974356845e-12, 1.51810855553e-11, 1.11310847692e-11, 6.75107886261e-11, 7.05249400546e-11, 1.2572183572e-10, 4.00870690809e-11, 8.65029228803e-12, 4.97585913445e-12, 1.5946874897e-12, 2.21518238323e-13, 6.09899568457e-14, 5.96705446352e-15, 2.04585858278e-15, 1.2864745932e-15, 9.55589960324e-16, 1.22883503346e-16, 8.66240676648e-17, 2.98796245509e-16, 1.34256490321e-15, 4.63002396771e-16, 4.03320858972e-17, 1.29275880674e-17, 3.13396267871e-17],
        "dvar2": [1.52797792197e-08, 7.3757163932e-08, 3.00988283186e-08, 5.13332679475e-06, 4.98497627177e-07, 1.54779584705e-08, 3.5792993458e-07, 8.43056611188e-08, 2.73990991673e-07, 1.41610252413e-08, 7.58476037532e-09, 7.5226125773e-08, 9.25992882372e-09, 8.02142241518e-10, 1.95708804718e-09, 1.70803718391e-10, 1.46279013208e-11, 2.72825165237e-11, 2.22760768165e-11, 1.74571676559e-10, 1.75615619269e-10, 3.09757192118e-10, 9.94600721227e-11, 1.97862334156e-11, 9.55353157694e-12, 2.70758220532e-12, 4.17494950286e-13, 9.14272455486e-14, 1.03341102765e-14, 4.11062759962e-15, 2.13400803105e-15, 1.56871581799e-15, 2.2318616711e-16, 1.56390273855e-16, 4.91592723356e-16, 2.78919669784e-15, 9.37724976675e-16, 7.6380679858e-17, 1.96835650409e-17, 5.02493594019e-17],
        "max": [0.000935799675062, 0.0030632938724, 0.00218234630302, 0.0141605408862, 0.00460888305679, 0.000757749425247, 0.00324822543189, 0.00107898330316, 0.0018425580347, 0.000446043355623, 0.000390959437937, 0.000926171953324, 0.000256193394307, 0.000118316653243, 0.000125402511912, 3.87207619497e-05, 1.38230416269e-05, 2.45065803028e-05, 1.94471595023e-05, 4.78531292174e-05, 5.01853464812e-05, 6.96405622875e-05, 3.90118111682e-05, 1.56306268764e-05, 1.25788374135e-05, 6.23305550107e-06, 2.62635489889e-06, 1.63957690802e-06, 6.86123826199e-07, 3.67217353414e-07, 2.4079562877e-07, 2.31174780652e-07, 8.13948020095e-08, 6.12060873095e-08, 1.16383930049e-07, 2.365477485e-07, 1.41038981383e-07, 4.26729869218e-08, 2.32602985761e-08, 3.79928195571e-08],
        "mean": [0.000442513235612, 0.00144645455293, 0.000926384644117, 0.00325051485561, 0.00174807547592, 0.000139791241963, 0.000351026450517, 0.000261307344772, 8.96702185855e-05, 3.1359923014e-05, 2.58718773694e-05, 4.53826323792e-05, 1.82410567504e-05, 7.23204902897e-06, 8.59673400555e-06, 3.78056824957e-06, 1.73556384198e-06, 2.11242331716e-06, 1.66106974575e-06, 4.66980463898e-06, 4.09853464589e-06, 9.06878540263e-06, 7.44552653487e-06, 5.15927877132e-06, 4.48525906904e-06, 2.47066986958e-06, 1.13408964353e-06, 6.39712084194e-07, 2.6272073228e-07, 1.11137801184e-07, 7.29816989065e-08, 2.88511401436e-08, 7.30816251959e-09, 3.24378746086e-09, 4.33335234362e-09, 6.08760286624e-09, 3.92159504869e-09, 1.76695547083e-09, 1.30145216826e-09, 2.14353113037e-09],
        "median": [0.000495908374432, 0.00158471940085, 0.000921539729461, 0.00151674891822, 0.00160089239944, 0.000109359105409, 0.000133875990286, 0.000173065884155, 4.09661479353e-05, 2.55809300143e-06, 3.31341448145e-06, 4.68898952022e-06, 3.0488477023e-06, 1.16804073969e-06, 1.25545659557e-06, 1.20448328289e-06, 6.85151292146e-07, 8.0810474401e-07, 6.20890602931e-07, 3.44799082086e-06, 2.55343456956e-06, 7.81576090958e-06, 6.72068927088e-06, 4.92364051752e-06, 4.86194448968e-06, 2.54816745837e-06, 1.40526947234e-06, 6.811176263e-07, 2.69306440259e-07, 1.02774905031e-07, 6.31037053722e-08, 2.31089405389e-08, 4.74414107998e-09, 1.03261421636e-09, 7.05019098657e-10, 5.52874579451e-10, 3.63852614704e-10, 3.83708398388e-10, 3.560978179e-10, 4.01745609002e-10],
        "min": [2.55355985246e-07, 1.45066132973e-06, 1.11728541015e-05, 5.62881104997e-05, 2.4170780307e-05, 9.58935379458e-06, 4.89785725222e-06, 2.45272876782e-05, 7.17537159289e-06, 4.79700759115e-07, 2.98963868772e-07, 6.18755052528e-07, 2.71592909939e-07, 1.36092509706e-07, 1.23475473401e-07, 1.87327344747e-07, 5.07911686043e-08, 4.52290898068e-08, 3.38388019827e-08, 2.25476796345e-07, 1.47356928437e-07, 3.08081808953e-07, 1.02341203956e-07, 4.04772322327e-08, 5.17685343482e-08, 2.84354229052e-08, 4.67183873809e-08, 2.58296761757e-08, 7.64470087233e-09, 3.54168339101e-09, 2.38131137031e-09, 9.37961042169e-10, 3.13567838361e-10, 4.39746676573e-11, 3.70749021761e-11, 2.5117968469e-11, 2.08138870722e-11, 1.88723568023e-11, 2.24679441718e-11, 1.6662707672e-11],
        "var": [1.18091179502e-07, 1.26560905755e-06, 3.72983265606e-07, 1.65035453392e-05, 1.47670948536e-06, 1.59076449791e-08, 3.53174328893e-07, 5.09606223886e-08, 5.74536187514e-08, 6.89062851222e-09, 4.16568157746e-09, 1.81527024523e-08, 2.45077091954e-09, 3.31370486606e-10, 5.60955004669e-10, 5.98203431235e-11, 1.05483425814e-11, 1.99179422955e-11, 1.2253304274e-11, 4.88397204623e-11, 5.15327468198e-11, 1.0431030345e-10, 4.45042822039e-11, 1.6786530499e-11, 1.15129416417e-11, 3.72051001118e-12, 7.37060640386e-13, 2.50371636401e-13, 4.45878821061e-14, 8.80607300404e-15, 4.16294416609e-15, 1.32475942363e-15, 1.41341542407e-16, 8.00537852942e-17, 2.85244591856e-16, 9.68190740085e-16, 3.51803646758e-16, 3.6447926982e-17, 1.42908040507e-17, 3.38576638334e-17]
    },
    "mfcc": {
        "mean": [-760.225585938, 212.053115845, -16.2060089111, 76.1080474854, 13.3685073853, -29.0854911804, 1.03124201298, -6.13967609406, -5.96435594559, -15.3086519241, -6.10688638687, 1.72820234299, -3.12146162987],
        "cov": [[1665.99719238, -47.4339179993, -694.562255859, 59.2360267639, -104.740371704, 77.3731384277, 136.538757324, 101.773727417, 132.503494263, 1.6930822134, 5.3634595871, -30.4074077606, -2.04523921013], [-47.4339179993, 497.19833374, -177.081329346, -400.026641846, -84.7597885132, -152.519973755, -60.2510452271, -64.1307067871, -115.90586853, -37.8169441223, -96.689453125, -91.1288070679, -55.6804542542], [-694.562255859, -177.081329346, 620.748840332, 119.825332642, 76.0136947632, 44.0325698853, -36.6897621155, 55.1873588562, -14.0959358215, 20.9448337555, 44.7456130981, 49.9000244141, 37.3134422302], [59.2360267639, -400.026641846, 119.825332642, 1272.96020508, 307.247589111, 164.255157471, 184.225418091, 63.19789505, 239.520309448, 10.2612924576, 222.367950439, 138.847747803, 43.9286575317], [-104.740371704, -84.7597885132, 76.0136947632, 307.247589111, 114.225090027, 35.2744255066, 41.0093383789, 24.4630298615, 53.454574585, 8.75761795044, 58.8479423523, 36.0251541138, 8.00776481628], [77.3731384277, -152.519973755, 44.0325698853, 164.255157471, 35.2744255066, 109.534393311, 56.63463974, 38.900718689, 70.14087677, 10.2038621902, 41.0000114441, 26.9866065979, 16.6506576538], [136.538757324, -60.2510452271, -36.6897621155, 184.225418091, 41.0093383789, 56.63463974, 62.8318214417, 36.8428726196, 63.6258125305, 2.54596567154, 31.627790451, 19.9440116882, 5.40006160736], [101.773727417, -64.1307067871, 55.1873588562, 63.19789505, 24.4630298615, 38.900718689, 36.8428726196, 86.9127502441, 51.7194137573, 18.4043769836, 18.94647789, 19.6452636719, 17.4144096375], [132.503494263, -115.90586853, -14.0959358215, 239.520309448, 53.454574585, 70.14087677, 63.6258125305, 51.7194137573, 91.9784240723, 12.5891771317, 45.6814041138, 33.058555603, 16.4841346741], [1.6930822134, -37.8169441223, 20.9448337555, 10.2612924576, 8.75761795044, 10.2038621902, 2.54596567154, 18.4043769836, 12.5891771317, 18.9689655304, 11.6540126801, 13.1234703064, 6.44236469269], [5.3634595871, -96.689453125, 44.7456130981, 222.367950439, 58.8479423523, 41.0000114441, 31.627790451, 18.94647789, 45.6814041138, 11.6540126801, 55.6743011475, 31.0121574402, 12.8597450256], [-30.4074077606, -91.1288070679, 49.9000244141, 138.847747803, 36.0251541138, 26.9866065979, 19.9440116882, 19.6452636719, 33.058555603, 13.1234703064, 31.0121574402, 40.4319992065, 16.1740188599], [-2.04523921013, -55.6804542542, 37.3134422302, 43.9286575317, 8.00776481628, 16.6506576538, 5.40006160736, 17.4144096375, 16.4841346741, 6.44236469269, 12.8597450256, 16.1740188599, 19.5177974701]],
