{
"lowlevel": {
    "average_loudness": 0.985309302807,
    "barkbands_crest": {
        "dmean": 1.30194103718,
        "dmean2": 2.06750154495,
        "dvar": 2.12943983078,
        "dvar2": 3.94851970673,
        "max": 20.5677776337,
        "mean": 6.4803647995,
        "median": 5.67631483078,
        "min": 3.77089214325,
        "var": 8.0294380188
    },
    "barkbands_flatness_db": {
        "dmean": 0.00816307775676,
        "dmean2": 0.0131952473894,
        "dvar": 6.93245820003e-05,
        "dvar2": 0.000154864421347,
        "max": 0.206236869097,
        "mean": 0.0878985524178,
        "median": 0.0840152651072,
        "min": 0.0657090172172,
        "var": 0.000304988527205
    },
    "barkbands_kurtosis": {
        "dmean": 0.275752663612,
        "dmean2": 0.442155271769,
        "dvar": 0.604397177696,
        "dvar2": 1.45421683788,
        "max": 11.7372894287,
        "mean": -0.945513486862,
        "median": -1.23803925514,
        "min": -1.47072923183,
        "var": 1.65249180794
    },
    "barkbands_skewness": {
        "dmean": 0.233293831348,
        "dmean2": 0.384661614895,
        "dvar": 0.0470753870904,
        "dvar2": 0.113327950239,
        "max": 3.35872960091,
        "mean": 0.224371179938,
        "median": 0.133920371532,
        "min": -0.772585570812,
        "var": 0.246240228415
    },
    "barkbands_spread": {
        "dmean": 2.65186905861,
        "dmean2": 4.41623067856,
        "dvar": 4.82551813126,
        "dvar2": 12.9357919693,
        "max": 38.2359313965,
        "mean": 28.3441257477,
        "median": 28.7811317444,
        "min": 5.9586148262,
        "var": 22.0468082428
    },
    "dissonance": {
        "dmean": 0.00758901238441,
        "dmean2": 0.0128834731877,
        "dvar": 4.877415995e-05,
        "dvar2": 0.000126248967717,
        "max": 0.499999910593,
        "mean": 0.488026827574,
        "median": 0.489278137684,
        "min": 0.437822639942,
        "var": 0.000101645702671
    },
    "dynamic_complexity": 0.608183264732,
    "erbbands_crest": {
        "dmean": 1.46492218971,
        "dmean2": 2.20229578018,
        "dvar": 1.45997977257,
        "dvar2": 2.75243091583,
        "max": 25.3034667969,
        "mean": 10.4861621857,
        "median": 10.0662927628,
        "min": 5.58308458328,
        "var": 5.86332607269
    },
    "erbbands_flatness_db": {
        "dmean": 0.00812315568328,
        "dmean2": 0.0130318719894,
        "dvar": 5.54308353458e-05,
        "dvar2": 0.000143516168464,
        "max": 0.268244475126,
        "mean": 0.176798149943,
        "median": 0.175413161516,
        "min": 0.156105607748,
        "var": 0.000174062515725
    },
    "erbbands_kurtosis": {
        "dmean": 0.494065821171,
        "dmean2": 0.812350928783,
        "dvar": 0.23377905786,
        "dvar2": 0.56744158268,
        "max": 2.58646059036,
        "mean": -0.37182533741,
        "median": -0.438767552376,
        "min": -1.55568814278,
        "var": 0.487755209208
    },
    "erbbands_skewness": {
        "dmean": 0.209301516414,
        "dmean2": 0.338691204786,
        "dvar": 0.0326801426709,
        "dvar2": 0.0805746763945,
        "max": 1.96962976456,
        "mean": -0.690269529819,
        "median": -0.796298980713,
        "min": -1.29604911804,
        "var": 0.213346987963
    },
    "erbbands_spread": {
        "dmean": 3.19407820702,
        "dmean2": 5.35065746307,
        "dvar": 7.05173826218,
        "dvar2": 17.4315891266,
        "max": 37.9109153748,
        "mean": 28.9641017914,
        "median": 28.7755508423,
        "min": 15.6791067123,
        "var": 15.6806316376
    },
    "hfc": {
        "dmean": 3.74249887466,
        "dmean2": 5.77424192429,
        "dvar": 28.7173061371,
        "dvar2": 56.0005302429,
        "max": 110.874305725,
        "mean": 33.2660369873,
        "median": 31.2815418243,
        "min": 19.1902561188,
        "var": 81.2214736938
    },
    "melbands_crest": {
        "dmean": 1.76499176025,
        "dmean2": 2.98865461349,
        "dvar": 2.92248415947,
        "dvar2": 7.8259396553,
        "max": 24.5737762451,
        "mean": 8.53024673462,
        "median": 7.42558240891,
        "min": 3.3070473671,
        "var": 11.2543935776
    },
    "melbands_flatness_db": {
        "dmean": 0.0106550678611,
        "dmean2": 0.0172585900873,
        "dvar": 9.36063952395e-05,
        "dvar2": 0.000222353919526,
        "max": 0.280801743269,
        "mean": 0.14374768734,
        "median": 0.137175470591,
        "min": 0.112437285483,
        "var": 0.000546013005078
    },
    "melbands_kurtosis": {
        "dmean": 0.843918979168,
        "dmean2": 1.41118395329,
        "dvar": 2.99373269081,
        "dvar2": 7.52884292603,
        "max": 28.4888534546,
        "mean": 0.580739974976,
        "median": -0.0870802402496,
        "min": -1.35384643078,
        "var": 8.81288433075
    },
    "melbands_skewness": {
        "dmean": 0.253963589668,
        "dmean2": 0.431900322437,
        "dvar": 0.0665956437588,
        "dvar2": 0.164486005902,
        "max": 4.71918678284,
        "mean": 1.09143412113,
        "median": 0.985294103622,
        "min": 0.0750021114945,
        "var": 0.272701114416
    },
    "melbands_spread": {
        "dmean": 5.61961984634,
        "dmean2": 9.23226451874,
        "dvar": 23.7004795074,
        "dvar2": 60.5078544617,
        "max": 66.4963760376,
        "mean": 45.7220230103,
        "median": 47.5179290771,
        "min": 5.49598789215,
        "var": 109.03553772
    },
    "pitch_salience": {
        "dmean": 0.0425887480378,
        "dmean2": 0.0656176358461,
        "dvar": 0.00131819781382,
        "dvar2": 0.00364286173135,
        "max": 0.817197978497,
        "mean": 0.712208867073,
        "median": 0.734629511833,
        "min": 0.316688001156,
        "var": 0.00664677703753
    },
    "silence_rate_20dB": {
        "dmean": 0,
        "dmean2": 0,
        "dvar": 0,
        "dvar2": 0,
        "max": 1,
        "mean": 1,
        "median": 1,
        "min": 1,
        "var": 0
    },
    "silence_rate_30dB": {
        "dmean": 0.0105820102617,
        "dmean2": 0.021276595071,
        "dvar": 0.0104700308293,
        "dvar2": 0.0208239015192,
        "max": 1,
        "mean": 0.984210550785,
        "median": 1,
        "min": 0,
        "var": 0.0155401686206
    },
    "silence_rate_60dB": {
        "dmean": 0,
        "dmean2": 0,
        "dvar": 0,
        "dvar2": 0,
        "max": 0,
        "mean": 0,
        "median": 0,
        "min": 0,
        "var": 0
    },
    "spectral_centroid": {
        "dmean": 131.36390686,
        "dmean2": 218.66078186,
        "dvar": 12694.6875,
        "dvar2": 33331.0546875,
        "max": 2500.96386719,
        "mean": 2099.15380859,
        "median": 2170.80761719,
        "min": 807.664916992,
        "var": 73764.703125
    },
    "spectral_complexity": {
        "dmean": 3.11111116409,
        "dmean2": 5.2553191185,
        "dvar": 6.76542854309,
        "dvar2": 15.8284235001,
        "max": 48,
        "mean": 40.8789482117,
        "median": 41,
        "min": 22,
        "var": 10.7169237137
    },
    "spectral_decrease": {
        "dmean": 1.18118559378e-09,
        "dmean2": 1.79997106109e-09,
        "dvar": 5.31323046938e-18,
        "dvar2": 1.05017857953e-17,
        "max": -3.3875426908e-09,
        "mean": -5.77151215708e-09,
        "median": -4.69500616163e-09,
        "min": -4.4180065828e-08,
        "var": 1.71869883684e-17
    },
    "spectral_energy": {
        "dmean": 0.00472523551434,
        "dmean2": 0.00719913840294,
        "dvar": 8.4011189756e-05,
        "dvar2": 0.000165617166203,
        "max": 0.176802515984,
        "mean": 0.0248003583401,
        "median": 0.0204651709646,
        "min": 0.0150032760575,
        "var": 0.000270129763521
    },
    "spectral_energyband_high": {
        "dmean": 7.79667752795e-05,
        "dmean2": 0.000131506953039,
        "dvar": 3.99887634117e-09,
        "dvar2": 1.12806892716e-08,
        "max": 0.00086657324573,
        "mean": 0.000537957181223,
        "median": 0.000539104163181,
        "min": 0.000259926804574,
        "var": 5.59688784207e-09
    },
    "spectral_energyband_low": {
        "dmean": 0.000753875705414,
        "dmean2": 0.00131203967612,
        "dvar": 7.69400344325e-07,
        "dvar2": 1.86199770269e-06,
        "max": 0.00963347405195,
        "mean": 0.0015385330189,
        "median": 0.0012121994514,
        "min": 0.000242966896622,
        "var": 1.64301741279e-06
    },
    "spectral_energyband_middle_high": {
        "dmean": 0.00129611755256,
        "dmean2": 0.00219682627358,
        "dvar": 1.46389618294e-06,
        "dvar2": 3.63492790711e-06,
        "max": 0.0179424099624,
        "mean": 0.0105463378131,
        "median": 0.0102671561763,
        "min": 0.00541255809367,
        "var": 2.89438548862e-06
    },
    "spectral_energyband_middle_low": {
        "dmean": 0.00426824297756,
        "dmean2": 0.00638664141297,
        "dvar": 7.83298091847e-05,
        "dvar2": 0.000160436931765,
        "max": 0.161510765553,
        "mean": 0.0124700572342,
        "median": 0.0089131789282,
        "min": 0.00320681883022,
        "var": 0.000242410620558
    },
    "spectral_entropy": {
        "dmean": 0.0400042012334,
        "dmean2": 0.0644941702485,
        "dvar": 0.00191899726633,
        "dvar2": 0.00386914634146,
        "max": 7.84931564331,
        "mean": 7.66899299622,
        "median": 7.68575429916,
        "min": 7.11196947098,
        "var": 0.00626049609855
    },
    "spectral_flux": {
        "dmean": 0.00970669742674,
        "dmean2": 0.0158315170556,
        "dvar": 0.00011048559827,
        "dvar2": 0.000233093785937,
        "max": 0.149213016033,
        "mean": 0.0652560070157,
        "median": 0.0600276812911,
        "min": 0.042956057936,
        "var": 0.000352862873115
    },
    "spectral_kurtosis": {
        "dmean": 1.57351016998,
        "dmean2": 2.8992626667,
        "dvar": 2.58415412903,
        "dvar2": 8.64092922211,
        "max": 17.8651676178,
        "mean": 9.21078014374,
        "median": 8.83528614044,
        "min": 6.84959602356,
        "var": 2.23008036613
    },
    "spectral_rms": {
        "dmean": 0.000401432800572,
        "dmean2": 0.000631455914117,
        "dvar": 2.70175604555e-07,
        "dvar2": 5.05223965774e-07,
        "max": 0.0131335547194,
        "mean": 0.004791054409,
        "median": 0.00446833530441,
        "min": 0.00382587802596,
        "var": 1.24127416257e-06
    },
    "spectral_rolloff": {
        "dmean": 100.146484375,
        "dmean2": 174.212783813,
        "dvar": 18181.4863281,
        "dvar2": 35327.0351562,
        "max": 2993.11523438,
        "mean": 2561.54516602,
        "median": 2594.75097656,
        "min": 516.796875,
        "var": 117944.429688
    },
    "spectral_skewness": {
        "dmean": 0.165940344334,
        "dmean2": 0.298770606518,
        "dvar": 0.0272870510817,
        "dvar2": 0.0923087745905,
        "max": 2.35187482834,
        "mean": 1.50774991512,
        "median": 1.46918118,
        "min": 1.28495371342,
        "var": 0.0253021847457
    },
    "spectral_spread": {
        "dmean": 109558.390625,
        "dmean2": 190937.390625,
        "dvar": 7667926528,
        "dvar2": 20575186944,
        "max": 3218525.75,
        "mean": 2649102.25,
        "median": 2644776,
        "min": 2347797,
        "var": 11327767552
    },
    "spectral_strongpeak": {
        "dmean": 0.693521261215,
        "dmean2": 1.20495951176,
        "dvar": 0.716938972473,
        "dvar2": 2.01314163208,
        "max": 7.34187793732,
        "mean": 1.25069093704,
        "median": 1.04691886902,
        "min": 0.125091746449,
        "var": 1.11649334431
    },
    "zerocrossingrate": {
        "dmean": 0.00643032835796,
        "dmean2": 0.0081787109375,
        "dvar": 2.81265620288e-05,
        "dvar2": 4.27368468081e-05,
        "max": 0.1064453125,
        "mean": 0.0811960324645,
        "median": 0.0830078125,
        "min": 0.02490234375,
        "var": 0.000178448841325
    },
    "barkbands": {
        "dmean": [2.43430004048e-05, 0.000449461571407, 0.000370379246306, 0.000452054169727, 0.000763941556215, 0.000401285418775, 0.00321288988926, 0.00112563860603, 0.000283772271359, 0.000365013605915, 0.000349840789568, 0.000139517622301, 0.000190726903384, 0.000369859626517, 8.42704030219e-05, 0.000263352034381, 0.000648784567602, 0.000183575510164, 0.000198391237063, 8.45499671414e-05, 6.02627333137e-05, 2.82816345134e-05, 1.83688041488e-06, 9.7502470453e-07, 1.019532192e-06, 1.71817953287e-06, 7.12599739927e-06],
        "dmean2": [4.03610647481e-05, 0.000770487182308, 0.000626160646789, 0.00076235452434, 0.00135699182283, 0.000664521823637, 0.0044816643931, 0.00195955950767, 0.000480100308778, 0.000643617822789, 0.000598849554081, 0.000223894719966, 0.00033571998938, 0.000686996325385, 0.000135104070068, 0.000412756722653, 0.000971916655544, 0.000312604068313, 0.000337305624271, 0.000134285073727, 9.99551848508e-05, 5.03197297803e-05, 3.23700351146e-06, 1.64124799085e-06, 1.74095521288e-06, 2.90225011668e-06, 1.24413027152e-05],
        "dvar": [5.78234460313e-10, 2.98603993087e-07, 1.98481714619e-07, 1.76375181127e-07, 3.99149342911e-07, 1.51599778064e-07, 6.05412315053e-05, 1.68000349277e-06, 2.1142970752e-07, 1.20804841686e-07, 1.75519716095e-07, 5.71765426116e-08, 3.1511614651e-08, 5.2900099945e-07, 9.8235943824e-09, 3.89299259496e-08, 3.46927578221e-07, 2.07209449599e-08, 2.26302532269e-08, 3.65284891224e-09, 2.13516759828e-09, 4.84153328539e-10, 2.15677280722e-12, 8.15971205534e-13, 6.60498836614e-13, 1.61010516985e-12, 3.33077419812e-11],
        "dvar2": [1.48534917699e-09, 8.43742498091e-07, 4.46510199481e-07, 5.1960540759e-07, 1.20372078527e-06, 3.79618910529e-07, 0.000126983708469, 4.32718161392e-06, 5.82418749673e-07, 3.55645056516e-07, 4.58728663943e-07, 1.16674179651e-07, 8.13240177422e-08, 1.90902596842e-06, 2.35888570899e-08, 1.02239241073e-07, 7.96110668944e-07, 5.95570561757e-08, 6.10940347201e-08, 1.21298331379e-08, 6.12215300677e-09, 1.49824919138e-09, 6.07152045654e-12, 1.83267268548e-12, 1.64273586054e-12, 4.73532584672e-12, 1.01082704707e-10],
        "max": [0.000228697506827, 0.00562547706068, 0.00446475343779, 0.00317599065602, 0.00548974610865, 0.003350621555, 0.134662315249, 0.0175921823829, 0.00480971066281, 0.00269990926608, 0.00425448082387, 0.00342452013865, 0.00158223707695, 0.00643838383257, 0.00119173352141, 0.00230632675812, 0.00626171194017, 0.00159415381495, 0.00148119428195, 0.000589708040934, 0.000482165894937, 0.000143471406773, 1.39734665936e-05, 1.35478121592e-05, 1.0712875337e-05, 1.34033789436e-05, 8.07640099083e-05],
        "mean": [3.81329773518e-05, 0.000707642524503, 0.000502395210788, 0.000643947976641, 0.00121972651687, 0.000859269872308, 0.00641804328188, 0.00276385108009, 0.000513549603056, 0.000596287485678, 0.000639893230982, 0.000279017316643, 0.000712170789484, 0.000801014772151, 0.000270559830824, 0.00145622401033, 0.00358963105828, 0.00102003966458, 0.000978416646831, 0.000351414986653, 0.000252919242484, 7.60543625802e-05, 7.57197949497e-06, 4.72822148367e-06, 5.8248001551e-06, 8.29680175229e-06, 5.33981256012e-05],
        "median": [2.76509163086e-05, 0.000457481772173, 0.000324186228681, 0.000497545930557, 0.00096237368416, 0.000770312501118, 0.00325967976823, 0.00274099665694, 0.000358300079824, 0.000485960772494, 0.000473704189062, 0.000202448107302, 0.000694247195497, 0.000648448825814, 0.00025443197228, 0.00141446536873, 0.00359360128641, 0.000999456038699, 0.000954993418418, 0.000349334150087, 0.000254680053331, 7.20483803889e-05, 7.32862645236e-06, 4.67987592856e-06, 5.80249434279e-06, 8.19124488771e-06, 5.34587015864e-05],
        "min": [6.57884584143e-07, 2.68252115347e-05, 1.25691785797e-05, 8.7841443019e-05, 5.58175088372e-05, 0.000280032953015, 0.000168341852259, 0.000129408421344, 4.27991362812e-05, 9.90452535916e-05, 0.000101006531622, 2.95317440759e-05, 0.000301935069729, 0.000137563343742, 0.000114687543828, 0.000711932720151, 0.000982413766906, 0.000440944451839, 0.000472134357551, 9.77945601335e-05, 0.000133981651743, 2.90735861199e-05, 4.1180169319e-06, 2.58244153883e-06, 3.72966951545e-06, 5.48236175746e-06, 3.21901425195e-05],
        "var": [1.37536926292e-09, 5.89234900872e-07, 3.65739765584e-07, 2.50940161095e-07, 7.69895677877e-07, 2.04230502732e-07, 0.000177173918928, 3.01933164337e-06, 3.81715267395e-07, 2.08195032769e-07, 3.10190443997e-07, 1.42529529512e-07, 4.12272811445e-08, 5.3951555401e-07, 1.22260832569e-08, 7.25552879999e-08, 6.07757215221e-07, 3.07873371241e-08, 3.42990063018e-08, 5.86356430077e-09, 3.15183679156e-09, 5.92050797277e-10, 2.57077605731e-12, 1.03851129085e-12, 9.68419680385e-13, 2.39622688011e-12, 4.05828669281e-11]
    },
    "erbbands": {
        "dmean": [0.00667721265927, 0.122547514737, 0.390218675137, 0.898991167545, 2.88223791122, 2.00162148476, 3.25833463669, 4.06812238693, 16.7276496887, 65.5446777344, 14.9498519897, 6.981341362, 6.60785675049, 13.5303649902, 7.82699203491, 5.04325962067, 8.19741249084, 9.41123390198, 17.1340408325, 6.10472869873, 14.388212204, 39.5442466736, 10.2640571594, 10.6676559448, 6.25462532043, 3.58288192749, 3.42468428612, 1.65558683872, 0.975212872028, 0.0799145102501, 0.0531050264835, 0.0222053155303, 0.0188322588801, 0.0119047118351, 0.00887667294592, 0.00345687754452, 0.0044448277913, 0.00225632917136, 0.000928171910346, 0.000157896822202],
        "dmean2": [0.0118543021381, 0.210360810161, 0.677358746529, 1.52862453461, 5.39507246017, 3.49294614792, 5.53450059891, 6.85629320145, 23.800983429, 92.7371063232, 25.5014343262, 11.9596424103, 11.8044643402, 23.2235088348, 13.303399086, 8.31514549255, 14.271279335, 16.741355896, 30.3714027405, 10.7156200409, 22.8831043243, 58.1677207947, 17.5029811859, 18.4542217255, 10.5661897659, 5.79158973694, 5.85250711441, 2.74630188942, 1.70685565472, 0.142121747136, 0.0914495959878, 0.0376757979393, 0.0325688943267, 0.0202842280269, 0.0144630670547, 0.00562968384475, 0.00752670504153, 0.00388871389441, 0.00159081188031, 0.000273867917713],
        "dvar": [4.59247276012e-05, 0.0237790364772, 0.288724839687, 0.60656273365, 8.0920715332, 2.67932105064, 19.0089702606, 12.2427453995, 700.833068848, 31007.3496094, 290.677734375, 156.204528809, 40.9466362, 167.150756836, 142.421737671, 63.8579483032, 51.1214561462, 101.623298645, 1053.72180176, 23.7919406891, 157.613204956, 1123.93395996, 82.9048538208, 65.7390289307, 20.7282505035, 8.11204242706, 8.19334506989, 1.5807608366, 0.605551898479, 0.00415682001039, 0.00174075632822, 0.000433420063928, 0.000260894390522, 9.0064262622e-05, 5.00847345393e-05, 8.52783523442e-06, 1.05691733552e-05, 3.38332188221e-06, 3.93811092181e-07, 1.6000639036e-08],
        "dvar2": [0.000129183739773, 0.0657622292638, 0.629595994949, 1.78541648388, 25.7641735077, 6.91088008881, 42.7445907593, 32.9533462524, 1558.81518555, 64335.828125, 704.469421387, 427.209533691, 124.703536987, 500.167297363, 340.16003418, 105.065353394, 132.357147217, 338.335083008, 3705.1394043, 66.2880859375, 433.260009766, 2587.30664062, 200.522476196, 188.692047119, 52.4775085449, 24.2662639618, 23.0317745209, 3.95021605492, 1.87512505054, 0.0119536444545, 0.00482055544853, 0.000914754287805, 0.000692701491062, 0.000232278136536, 0.000126680184621, 2.2482512577e-05, 3.11485891871e-05, 1.02386211438e-05, 1.15688010283e-06, 4.82892161813e-08],
        "max": [0.0592171177268, 1.61357831955, 5.39438247681, 5.30526685715, 15.6192083359, 15.705988884, 42.3545150757, 22.9012718201, 421.187957764, 3057.84619141, 258.02835083, 123.367721558, 52.7915496826, 104.079864502, 107.057014465, 114.564575195, 59.9884490967, 113.133460999, 315.491790771, 66.201965332, 166.755859375, 392.859832764, 103.565177917, 92.7752532959, 53.2412567139, 27.0633563995, 28.8703556061, 12.8585500717, 5.95895910263, 0.662184000015, 0.387912511826, 0.301503926516, 0.206692308187, 0.126076430082, 0.0785049051046, 0.0422764495015, 0.032153852284, 0.020892675966, 0.00835276767612, 0.00158695911523],
        "mean": [0.0111800748855, 0.192404076457, 0.576730728149, 1.46911668777, 3.36133027077, 3.60161995888, 6.10705900192, 7.94320058823, 40.0168952942, 129.461364746, 47.3246612549, 13.6045179367, 12.5185337067, 25.8739204407, 17.7961349487, 11.9489746094, 27.4197750092, 34.8360519409, 38.4886169434, 36.1316795349, 84.642364502, 222.161804199, 67.288230896, 61.7809410095, 33.4361228943, 16.6102752686, 13.0183744431, 7.32500171661, 3.23488664627, 0.451218575239, 0.218634232879, 0.102130495012, 0.0824207141995, 0.0622847639024, 0.0447607338428, 0.0187793672085, 0.0176968481392, 0.0122953969985, 0.00596079556271, 0.0010521869408],
        "median": [0.00842331070453, 0.121732965112, 0.371611297131, 1.23568284512, 2.37219786644, 3.14614534378, 4.45399522781, 6.82577419281, 31.4266414642, 56.2834510803, 47.6188583374, 9.74199485779, 9.97939682007, 21.2373828888, 11.9717922211, 9.25748157501, 26.5170249939, 32.810760498, 29.3412742615, 35.1671028137, 82.419960022, 221.301025391, 67.0526275635, 61.090675354, 33.3250045776, 16.581577301, 12.674861908, 7.27646780014, 3.14629411697, 0.440309226513, 0.21270981431, 0.10075186193, 0.0816783756018, 0.0625350400805, 0.0439082533121, 0.0185238458216, 0.0174757018685, 0.0121139455587, 0.00591332186013, 0.00104540481698],
        "min": [0.000281582295429, 0.00599926104769, 0.0301601085812, 0.212699353695, 0.1745364815, 0.179810166359, 0.759134948254, 1.78046870232, 2.61657357216, 5.90312767029, 4.27896118164, 2.58397293091, 2.30981063843, 4.78000879288, 2.84872841835, 2.59248638153, 12.3150882721, 5.30674219131, 10.5139560699, 21.4779911041, 36.5095977783, 59.4294128418, 22.8295097351, 30.4020786285, 15.2434587479, 4.90244245529, 6.66967058182, 3.30968213081, 1.25188350677, 0.278514921665, 0.0942154079676, 0.0542831607163, 0.0453854426742, 0.0334668830037, 0.0257596876472, 0.0112099153921, 0.0107155973092, 0.00827123969793, 0.00351984985173, 0.000644367653877],
        "var": [9.50506073423e-05, 0.0468788705766, 0.487358123064, 0.868128657341, 8.47181415558, 6.01167488098, 37.1054420471, 16.8446807861, 1924.52380371, 86819.421875, 703.966064453, 263.403411865, 83.1582107544, 286.733032227, 359.536956787, 166.867263794, 77.2470474243, 133.999725342, 1324.42199707, 39.8787574768, 225.798431396, 2229.08447266, 123.315513611, 97.5856628418, 33.5192298889, 11.4142360687, 10.5112838745, 2.53029584885, 0.735877335072, 0.00582476798445, 0.00232163234614, 0.00055621919455, 0.000335528806318, 0.000130799977342, 8.14286249806e-05, 1.31520564537e-05, 1.60225536092e-05, 4.47440243079e-06, 6.75094270264e-07, 1.925381099e-08]
    },
    "gfcc": {
        "mean": [38.3382949829, 78.0610198975, -144.952468872, 9.43557453156, -26.0054721832, -40.5390510559, -22.7662296295, 1.57002902031, -9.74458122253, 3.44847083092, -14.3668394089, -3.01610684395, -12.9036636353],
        "cov": [[62.0357208252, 56.1671180725, 13.8723182678, -7.11818552017, -2.47545599937, 4.7006893158, 9.33351707458, 10.8011646271, 8.12860488892, 10.9326486588, 6.83299207687, -1.10439097881, -3.64436531067], [56.1671180725, 68.1314620972, 25.6018753052, -0.0571782365441, 2.36993598938, 5.67221975327, 10.8732070923, 12.3839759827, 10.5208759308, 12.316163063, 7.51752710342, -1.78206253052, -3.38239240646], [13.8723182678, 25.6018753052, 36.8168106079, 33.9412651062, 26.3772449493, 14.3931207657, 8.31433010101, 11.1238164902, 10.9199113846, 9.24509239197, 1.9195715189, -4.65707731247, -3.50273323059], [-7.11818552017, -0.0571782365441, 33.9412651062, 64.1874771118, 51.7961349487, 25.1979522705, 9.0887336731, 6.33584213257, 13.7162656784, 13.4069051743, 3.0074930191, -5.48001289368, -2.79524159431], [-2.47545599937, 2.36993598938, 26.3772449493, 51.7961349487, 58.5996398926, 32.9176673889, 13.1177845001, 8.21942329407, 12.2127599716, 16.0202045441, 6.34311723709, -2.99702095985, -3.23193478584], [4.7006893158, 5.67221975327, 14.3931207657, 25.1979522705, 32.9176673889, 33.0547218323, 18.0973758698, 12.2359666824, 7.99010801315, 7.33472204208, 3.62021899223, -0.493147194386, -1.55429267883], [9.33351707458, 10.8732070923, 8.31433010101, 9.0887336731, 13.1177845001, 18.0973758698, 22.3007221222, 15.6669836044, 8.83064746857, 5.50840997696, 4.30578565598, 3.17741155624, 1.20037460327], [10.8011646271, 12.3839759827, 11.1238164902, 6.33584213257, 8.21942329407, 12.2359666824, 15.6669836044, 23.4820785522, 16.4565563202, 10.337729454, 6.29260063171, 0.127579733729, -0.963130235672], [8.12860488892, 10.5208759308, 10.9199113846, 13.7162656784, 12.2127599716, 7.99010801315, 8.83064746857, 16.4565563202, 28.3838386536, 24.7672710419, 14.4197044373, 0.444343090057, -4.64239645004], [10.9326486588, 12.316163063, 9.24509239197, 13.4069051743, 16.0202045441, 7.33472204208, 5.50840997696, 10.337729454, 24.7672710419, 33.4169883728, 19.8460617065, 2.88799715042, -4.54635572433], [6.83299207687, 7.51752710342, 1.9195715189, 3.0074930191, 6.34311723709, 3.62021899223, 4.30578565598, 6.29260063171, 14.4197044373, 19.8460617065, 20.0943641663, 7.48585128784, 0.623032569885], [-1.10439097881, -1.78206253052, -4.65707731247, -5.48001289368, -2.99702095985, -0.493147194386, 3.17741155624, 0.127579733729, 0.444343090057, 2.88799715042, 7.48585128784, 13.7429418564, 7.98015022278], [-3.64436531067, -3.38239240646, -3.50273323059, -2.79524159431, -3.23193478584, -1.55429267883, 1.20037460327, -0.963130235672, -4.64239645004, -4.54635572433, 0.623032569885, 7.98015022278, 16.2981891632]],
        "icov": [[0.079201631248, -0.0768660232425, 0.0369784422219, -0.0143971759826, 0.0105613647029, -0.0134351840243, 0.0112244868651, -0.020772010088, 0.0175185911357, -0.015665313229, 0.00756712118164, -0.00344177591614, 0.00801081862301], [-0.0768660232425, 0.112606652081, -0.0884346887469, 0.047431319952, -0.0112788043916, 0.0144038600847, -0.0341155454516, 0.0381446667016, -0.01685571298, 0.00476950034499, -0.0179927926511, 0.0200879108161, -0.013404279016], [0.0369784422219, -0.0884346887469, 0.156167685986, -0.0944066420197, 0.0142880333588, -0.00372332520783, 0.0407672524452, -0.0715032964945, 0.0276619214565, -0.00410349946469, 0.0212187524885, -0.0216609556228, 0.0190667640418], [-0.0143971759826, 0.047431319952, -0.0944066420197, 0.126515597105, -0.0773925334215, 0.0185272525996, -0.0290969256312, 0.0582936704159, -0.0540229156613, 0.0180226285011, -0.00146686553489, 0.0253489129245, -0.0226754546165], [0.0105613647029, -0.0112788043916, 0.0142880333588, -0.0773925334215, 0.123968139291, -0.0761092156172, 0.0166929960251, -0.00791350752115, 0.0396793596447, -0.0427598506212, -0.00197869841941, -0.000247657560976, 0.00501729175448], [-0.0134351840243, 0.0144038600847, -0.00372332520783, 0.0185272525996, -0.0761092156172, 0.129940867424, -0.068448856473, -0.00700727291405, 0.0024440290872, 0.0165303852409, -0.00678896950558, 0.00739434780553, 0.00623538624495], [0.0112244868651, -0.0341155454516, 0.0407672524452, -0.0290969256312, 0.0166929960251, -0.068448856473, 0.160024613142, -0.0896603092551, 0.0117559926584, 0.00554652279243, 0.0149597590789, -0.0506418980658, 0.0080191064626], [-0.020772010088, 0.0381446667016, -0.0715032964945, 0.0582936704159, -0.00791350752115, -0.00700727291405, -0.0896603092551, 0.178944513202, -0.108047164977, 0.0335793048143, -0.0107225039974, 0.0368831530213, -0.0262160431594], [0.0175185911357, -0.01685571298, 0.0276619214565, -0.0540229156613, 0.0396793596447, 0.0024440290872, 0.0117559926584, -0.108047164977, 0.20158572495, -0.114878356457, -0.00929766986519, 0.00421642884612, 0.0216152556241], [-0.015665313229, 0.00476950034499, -0.00410349946469, 0.0180226285011, -0.0427598506212, 0.0165303852409, 0.00554652279243, 0.0335793048143, -0.114878356457, 0.172349974513, -0.0899849012494, 0.00516596715897, 0.01063415315], [0.00756712118164, -0.0179927926511, 0.0212187524885, -0.00146686553489, -0.00197869841941, -0.00678896950558, 0.0149597590789, -0.0107225039974, -0.00929766986519, -0.0899849012494, 0.179328024387, -0.0799726098776, 0.00404400192201], [-0.00344177591614, 0.0200879108161, -0.0216609556228, 0.0253489129245, -0.000247657560976, 0.00739434780553, -0.0506418980658, 0.0368831530213, 0.00421642884612, 0.00516596715897, -0.0799726098776, 0.171669185162, -0.068698965013], [0.00801081862301, -0.013404279016, 0.0190667640418, -0.0226754546165, 0.00501729175448, 0.00623538624495, 0.0080191064626, -0.0262160431594, 0.0216152556241, 0.01063415315, 0.00404400192201, -0.068698965013, 0.102630525827]]
    },
    "melbands": {
        "dmean": [9.0494620963e-05, 0.000187282814295, 0.000189847080037, 0.000159119968885, 0.000109296866867, 8.22922811494e-05, 0.000388221931644, 0.000619635568, 9.50595349423e-05, 4.13462366851e-05, 3.83404985769e-05, 6.01244719292e-05, 3.66500498785e-05, 1.7529762772e-05, 1.48640820044e-05, 1.87645564438e-05, 2.03390536626e-05, 3.73522889277e-05, 3.63174558515e-06, 1.63386030181e-05, 1.94834447029e-05, 4.6865290642e-05, 2.12418217416e-05, 8.78399714566e-06, 9.71653935267e-06, 8.45534214022e-06, 3.89200431528e-06, 2.26760471378e-06, 2.66315782937e-06, 1.56868247814e-06, 1.32769844186e-06, 8.54755342061e-07, 1.30865842607e-07, 4.13056646664e-08, 4.11802183464e-08, 2.28785541623e-08, 1.38335263244e-08, 1.61949973432e-08, 1.14234186555e-08, 1.30393029707e-08],
        "dmean2": [0.000156471549417, 0.000322087260429, 0.000327822635882, 0.000286312133539, 0.000185332406545, 0.000140004325658, 0.000553439545911, 0.000901704828721, 0.000164634300745, 7.00956734363e-05, 6.87136707711e-05, 0.000104133883724, 6.37492194073e-05, 2.7710078939e-05, 2.47576499532e-05, 3.27613925037e-05, 3.67267384718e-05, 6.72087990097e-05, 6.21943036094e-06, 2.76953214779e-05, 3.17239100696e-05, 6.91642198944e-05, 3.49397669197e-05, 1.47030905282e-05, 1.68468704942e-05, 1.39642206705e-05, 6.6570760282e-06, 3.82521830034e-06, 4.55207646155e-06, 2.69520228358e-06, 2.15257023228e-06, 1.52214261107e-06, 2.24876558264e-07, 7.40000487554e-08, 7.09841287971e-08, 3.95222023997e-08, 2.33502142066e-08, 2.82203505009e-08, 1.90570759173e-08, 2.25765681705e-08],
        "dvar": [1.02224486653e-08, 6.28281640047e-08, 3.72028630125e-08, 1.87119173489e-08, 2.00675653872e-08, 5.41820455169e-09, 5.48014440938e-07, 2.48421611104e-06, 7.11917458318e-09, 5.30127453047e-09, 1.35002276025e-09, 3.12632120192e-09, 2.79070055953e-09, 1.01797648089e-09, 1.56642185334e-10, 2.77810524585e-10, 5.31681920712e-10, 5.42440403706e-09, 8.73237680082e-12, 1.56684151764e-10, 3.70687702755e-10, 1.66814062563e-09, 2.76704548163e-10, 4.65754310119e-11, 5.73670208559e-11, 3.59850968468e-11, 8.83452078854e-12, 3.217964957e-12, 4.30565088791e-12, 1.37919352588e-12, 1.06156739215e-12, 4.58837937263e-13, 1.24857010175e-14, 1.08428380529e-15, 1.09959413757e-15, 3.55841691045e-16, 1.74626496163e-16, 1.92538741603e-16, 8.61017593562e-17, 1.07939082682e-16],
        "dvar2": [2.88304082829e-08, 1.48913557041e-07, 1.15531328504e-07, 5.88507660382e-08, 4.73264520906e-08, 1.3662488918e-08, 1.20528261505e-06, 5.18773049407e-06, 1.98829432918e-08, 1.47895500291e-08, 4.03031830132e-09, 9.20760179213e-09, 6.90632351308e-09, 1.94922233909e-09, 4.35801977838e-10, 7.47342854268e-10, 1.81912573893e-09, 1.92012077349e-08, 2.13335495103e-11, 4.28062807423e-10, 1.02900610255e-09, 3.96706267836e-09, 6.85719481197e-10, 1.27897289981e-10, 1.69560088192e-10, 9.32140822862e-11, 2.60300808685e-11, 8.77259809934e-12, 1.26012178123e-11, 3.80461634419e-12, 3.01789951536e-12, 1.42136085887e-12, 3.46025528922e-14, 3.16288815241e-15, 3.08027872313e-15, 9.79958992337e-16, 3.61450213826e-16, 5.2038019686e-16, 2.25956626592e-16, 3.10815219514e-16],
        "max": [0.00105132709723, 0.00268712686375, 0.00132129329722, 0.000785676238593, 0.00148789898958, 0.000534895749297, 0.012335088104, 0.0274166539311, 0.000759848859161, 0.00068832031684, 0.000284782028757, 0.000446041667601, 0.000549381366, 0.000475372129586, 0.000106282663182, 0.00014635095431, 0.000233836617554, 0.000698940304574, 3.73320290237e-05, 0.00016642047558, 0.000242862122832, 0.000455773959402, 0.00017525513249, 6.97620780556e-05, 8.19328488433e-05, 6.07396577834e-05, 2.7539281291e-05, 1.67969064933e-05, 1.98830348381e-05, 1.0391359865e-05, 9.65873732639e-06, 4.45486512035e-06, 8.60679506332e-07, 2.92652231337e-07, 2.78791702613e-07, 1.64591398288e-07, 1.89209700352e-07, 1.53249828827e-07, 1.23784062112e-07, 1.04959916314e-07],
        "mean": [0.00015791747137, 0.000295815727441, 0.000318354053888, 0.00024240509083, 0.000206995027838, 0.000166295620147, 0.000839300628286, 0.00131725240499, 0.000294973608106, 7.1111957368e-05, 6.57064301777e-05, 0.000108956272015, 7.40411269362e-05, 3.29531940224e-05, 3.78977929358e-05, 6.83418111294e-05, 6.52135568089e-05, 7.76095475885e-05, 1.71057199623e-05, 8.9639412181e-05, 9.13784606382e-05, 0.000243975489866, 0.000112759153126, 4.28233543062e-05, 5.18615051988e-05, 3.7092333514e-05, 1.39611283885e-05, 9.50189678406e-06, 9.05525394046e-06, 5.04310537508e-06, 4.38022743765e-06, 2.30446789828e-06, 4.30454463185e-07, 1.51835052975e-07, 1.37855181492e-07, 8.04529420861e-08, 5.33875450515e-08, 6.02215379786e-08, 4.78614126109e-08, 5.46299681048e-08],
        "median": [0.0001014614827, 0.000194756517885, 0.000244300172199, 0.000204974377993, 0.000148321138113, 0.000148341088789, 0.000569854339119, 0.00069707876537, 0.000306044268655, 4.87851939397e-05, 5.11809848831e-05, 9.03117907001e-05, 5.12608748977e-05, 2.09945428651e-05, 3.37776073138e-05, 6.68308639433e-05, 6.10287243035e-05, 5.7403856772e-05, 1.6593363398e-05, 8.86309280759e-05, 8.87920687092e-05, 0.000240707682678, 0.000109125845484, 4.17886549258e-05, 5.05916104885e-05, 3.68285873265e-05, 1.3734355889e-05, 9.60090801527e-06, 8.68636379892e-06, 4.86705084768e-06, 4.17658065999e-06, 2.16982061829e-06, 4.12598922139e-07, 1.49148149831e-07, 1.35065988616e-07, 7.80876590056e-08, 5.22919236801e-08, 5.91558730889e-08, 4.69833700834e-08, 5.34670050456e-08],
        "min": [5.5272089412e-06, 1.00006818684e-05, 3.72414942831e-05, 1.0436429875e-05, 2.89383588097e-05, 4.0860453737e-05, 3.3220538171e-05, 5.90435229242e-05, 3.20086001011e-05, 7.28802933736e-06, 9.20845650398e-06, 1.69193099282e-05, 1.05145181806e-05, 3.58054580829e-06, 1.12841808004e-05, 2.47715415753e-05, 7.8575230873e-06, 1.87464684132e-05, 9.20158436202e-06, 5.34653627255e-05, 3.70859961549e-05, 6.62079546601e-05, 2.88996507152e-05, 2.03548988793e-05, 2.57808933384e-05, 1.76032281161e-05, 4.30788031736e-06, 2.6812977012e-06, 4.30620457337e-06, 2.04372668122e-06, 1.64902485267e-06, 8.24603773708e-07, 1.78134442308e-07, 8.45937151439e-08, 4.74894754632e-08, 3.59816567652e-08, 3.03125382572e-08, 2.66449369235e-08, 2.27438530231e-08, 2.50146641179e-08],
        "var": [2.40208564151e-08, 1.14941123286e-07, 4.72614516411e-08, 2.24166925022e-08, 4.40105552002e-08, 7.03660862911e-09, 1.54947258579e-06, 6.80808489051e-06, 1.68128053701e-08, 8.44795788879e-09, 2.57574783724e-09, 5.38354028023e-09, 5.52391021813e-09, 2.91989343815e-09, 2.82610435054e-10, 3.72054609343e-10, 5.89822857222e-10, 6.4754921425e-09, 1.50304733937e-11, 2.66190375298e-10, 4.37758773675e-10, 3.10175862772e-09, 5.3050430715e-10, 7.23409734893e-11, 8.07225536414e-11, 6.11260972394e-11, 1.29380490696e-11, 4.42503585857e-12, 5.79870136283e-12, 2.2184331195e-12, 1.57412017449e-12, 5.42182021935e-13, 1.56368600929e-14, 1.36793862218e-15, 1.41867843682e-15, 4.39608537908e-16, 2.24699814987e-16, 2.45233825922e-16, 1.29980143902e-16, 1.37446448164e-16]
    },
    "mfcc": {
        "mean": [-608.132629395, 133.424591064, -61.0797386169, 45.3065376282, -5.25169467926, -16.0661754608, -10.0107498169, -7.36023807526, 5.1061258316, -7.57356929779, 7.51878404617, 9.89097499847, -1.06867492199],
        "cov": [[54.1826057434, 45.7349853516, 10.5786685944, -6.67059469223, -8.41300868988, -4.02001905441, 4.72237253189, 1.35625827312, 2.32231211662, 4.73267126083, 4.2923541069, 7.37531280518, 7.88245534897], [45.7349853516, 63.193523407, 18.1327953339, -5.66804838181, -8.70596218109, -6.33747911453, 4.87556362152, 2.16300296783, 2.8945851326, 5.81943798065, 4.28635120392, 5.82282495499, 10.5381784439], [10.5786685944, 18.1327953339, 25.2897834778, 14.3499689102, 8.86864471436, 2.92550158501, 3.12029647827, 5.43240785599, 6.75475549698, 10.214474678, 5.78574705124, 2.27456450462, 0.727216959], [-6.67059469223, -5.66804838181, 14.3499689102, 41.9865074158, 33.3047943115, 22.112361908, 7.98689126968, 1.20341920853, 6.77057695389, 13.7109050751, 12.6744852066, 6.22784376144, -0.43690174818], [-8.41300868988, -8.70596218109, 8.86864471436, 33.3047943115, 44.8559494019, 29.8824062347, 13.7596302032, 4.04008388519, 5.902156353, 17.6638660431, 14.7862672806, 6.34430027008, -0.427651286125], [-4.02001905441, -6.33747911453, 2.92550158501, 22.112361908, 29.8824062347, 33.636051178, 16.905872345, 6.64487552643, 5.48642063141, 9.02461528778, 10.2107048035, 6.982421875, 2.03411006927], [4.72237253189, 4.87556362152, 3.12029647827, 7.98689126968, 13.7596302032, 16.905872345, 23.5266799927, 13.3063049316, 9.03539466858, 5.75074672699, 0.809867739677, 3.26671171188, 1.52943336964], [1.35625827312, 2.16300296783, 5.43240785599, 1.20341920853, 4.04008388519, 6.64487552643, 13.3063049316, 22.2954959869, 10.9905109406, 5.0717086792, -0.971059501171, -2.0390868187, -1.99073123932], [2.32231211662, 2.8945851326, 6.75475549698, 6.77057695389, 5.902156353, 5.48642063141, 9.03539466858, 10.9905109406, 17.2453231812, 9.87342166901, 5.50061559677, 1.09136247635, -1.18478751183], [4.73267126083, 5.81943798065, 10.214474678, 13.7109050751, 17.6638660431, 9.02461528778, 5.75074672699, 5.0717086792, 9.87342166901, 25.9374542236, 17.3733940125, 11.3637695312, 5.31085968018], [4.2923541069, 4.28635120392, 5.78574705124, 12.6744852066, 14.7862672806, 10.2107048035, 0.809867739677, -0.971059501171, 5.50061559677, 17.3733940125, 26.5373783112, 17.1189613342, 11.1668186188], [7.37531280518, 5.82282495499, 2.27456450462, 6.22784376144, 6.34430027008, 6.982421875, 3.26671171188, -2.0390868187, 1.09136247635, 11.3637695312, 17.1189613342, 25.5698261261, 15.2818231583], [7.88245534897, 10.5381784439, 0.727216959, -0.43690174818, -0.427651286125, 2.03411006927, 1.52943336964, -1.99073123932, -1.18478751183, 5.31085968018, 11.1668186188, 15.2818231583, 20.1524944305]],
