{
"lowlevel": {
    "average_loudness": 0.99068403244,
    "barkbands_crest": {
        "dmean": 1.87261343002,
        "dmean2": 3.29588222504,
        "dvar": 2.06685256958,
        "dvar2": 7.50705623627,
        "max": 13.0250101089,
        "mean": 7.50743198395,
        "median": 7.29572105408,
        "min": 4.82129573822,
        "var": 2.76539850235
    },
    "barkbands_flatness_db": {
        "dmean": 0.0158134289086,
        "dmean2": 0.0255115088075,
        "dvar": 0.000421569100581,
        "dvar2": 0.000475439039292,
        "max": 0.301889032125,
        "mean": 0.23706369102,
        "median": 0.236422717571,
        "min": 0.138852313161,
        "var": 0.000820656539872
    },
    "barkbands_kurtosis": {
        "dmean": 0.733691394329,
        "dmean2": 1.14344704151,
        "dvar": 0.617343723774,
        "dvar2": 0.903713703156,
        "max": 9.59569549561,
        "mean": 1.77827739716,
        "median": 1.26061916351,
        "min": -0.50716137886,
        "var": 2.79548549652
    },
    "barkbands_skewness": {
        "dmean": 0.293384581804,
        "dmean2": 0.508159399033,
        "dvar": 0.0481348149478,
        "dvar2": 0.140176579356,
        "max": 2.25421690941,
        "mean": 0.63214802742,
        "median": 0.61731249094,
        "min": -0.305364698172,
        "var": 0.198455765843
    },
    "barkbands_spread": {
        "dmean": 0.99188709259,
        "dmean2": 1.70840001106,
        "dvar": 0.400180190802,
        "dvar2": 1.38617861271,
        "max": 8.29881668091,
        "mean": 6.21386814117,
        "median": 6.298412323,
        "min": 4.32068252563,
        "var": 0.787646949291
    },
    "dissonance": {
        "dmean": 0.0455432645977,
        "dmean2": 0.0755448266864,
        "dvar": 0.00107305636629,
        "dvar2": 0.00299627077766,
        "max": 0.486033946276,
        "mean": 0.40707719326,
        "median": 0.419301092625,
        "min": 0.260202139616,
        "var": 0.00255282851867
    },
    "dynamic_complexity": 1.39626538754,
    "erbbands_crest": {
        "dmean": 1.9495780468,
        "dmean2": 3.49987006187,
        "dvar": 1.94177687168,
        "dvar2": 7.35254669189,
        "max": 13.600276947,
        "mean": 8.3355846405,
        "median": 8.15853691101,
        "min": 5.56762075424,
        "var": 2.82882857323
    },
    "erbbands_flatness_db": {
        "dmean": 0.0168185327202,
        "dmean2": 0.0284183267504,
        "dvar": 0.000297862105072,
        "dvar2": 0.000371088593965,
        "max": 0.347758710384,
        "mean": 0.264382779598,
        "median": 0.261791318655,
        "min": 0.165859907866,
        "var": 0.00140485400334
    },
    "erbbands_kurtosis": {
        "dmean": 0.990373551846,
        "dmean2": 1.77355217934,
        "dvar": 0.540965855122,
        "dvar2": 1.77449095249,
        "max": 4.70464277267,
        "mean": 1.79105091095,
        "median": 1.67820215225,
        "min": -0.240162372589,
        "var": 1.09808552265
    },
    "erbbands_skewness": {
        "dmean": 0.256899267435,
        "dmean2": 0.4247828722,
        "dvar": 0.0361284539104,
        "dvar2": 0.1079005301,
        "max": 1.61247313023,
        "mean": 0.649019896984,
        "median": 0.60323381424,
        "min": -0.412417143583,
        "var": 0.213096365333
    },
    "erbbands_spread": {
        "dmean": 2.30413770676,
        "dmean2": 4.22714614868,
        "dvar": 2.36989855766,
        "dvar2": 6.23800611496,
        "max": 21.9793949127,
        "mean": 11.3020687103,
        "median": 11.4053888321,
        "min": 5.65152740479,
        "var": 9.38848781586
    },
    "hfc": {
        "dmean": 5.10817909241,
        "dmean2": 8.97639656067,
        "dvar": 32.8096122742,
        "dvar2": 71.0508422852,
        "max": 81.7817306519,
        "mean": 19.3422832489,
        "median": 16.9776554108,
        "min": 0.190507143736,
        "var": 169.145523071
    },
    "melbands_crest": {
        "dmean": 1.62846016884,
        "dmean2": 2.72323107719,
        "dvar": 2.3145301342,
        "dvar2": 5.75444173813,
        "max": 14.5402727127,
        "mean": 8.78742694855,
        "median": 8.69720745087,
        "min": 5.48357200623,
        "var": 2.52176856995
    },
    "melbands_flatness_db": {
        "dmean": 0.0149483988062,
        "dmean2": 0.0235071741045,
        "dvar": 0.000487636745675,
        "dvar2": 0.000553327263333,
        "max": 0.400124341249,
        "mean": 0.335228830576,
        "median": 0.335831940174,
        "min": 0.239493206143,
        "var": 0.000759652757552
    },
    "melbands_kurtosis": {
        "dmean": 0.81394970417,
        "dmean2": 1.24904167652,
        "dvar": 0.846033751965,
        "dvar2": 1.06803381443,
        "max": 11.3626203537,
        "mean": 1.74964487553,
        "median": 1.20968914032,
        "min": -0.950937747955,
        "var": 4.05424213409
    },
    "melbands_skewness": {
        "dmean": 0.322093695402,
        "dmean2": 0.590465545654,
        "dvar": 0.0590779408813,
        "dvar2": 0.177914395928,
        "max": 2.14626336098,
        "mean": 0.833151578903,
        "median": 0.882652044296,
        "min": -0.154696658254,
        "var": 0.1848308146
    },
    "melbands_spread": {
        "dmean": 1.31465470791,
        "dmean2": 2.11109828949,
        "dvar": 0.96056997776,
        "dvar2": 3.05513238907,
        "max": 14.0259847641,
        "mean": 9.28292560577,
        "median": 9.19183635712,
        "min": 6.66842126846,
        "var": 2.20947766304
    },
    "pitch_salience": {
        "dmean": 0.0461902692914,
        "dmean2": 0.0727315545082,
        "dvar": 0.00219333404675,
        "dvar2": 0.002968511777,
        "max": 0.915540218353,
        "mean": 0.644622504711,
        "median": 0.639375686646,
        "min": 0.530083060265,
        "var": 0.0030274791643
    },
    "silence_rate_20dB": {
        "dmean": 0,
        "dmean2": 0,
        "dvar": 0,
        "dvar2": 0,
        "max": 1,
        "mean": 1,
        "median": 1,
        "min": 1,
        "var": 0
    },
    "silence_rate_30dB": {
        "dmean": 0.0333333350718,
        "dmean2": 0.0508474558592,
        "dvar": 0.0322222560644,
        "dvar2": 0.0821602493525,
        "max": 1,
        "mean": 0.98360657692,
        "median": 1,
        "min": 0,
        "var": 0.0161247104406
    },
    "silence_rate_60dB": {
        "dmean": 0,
        "dmean2": 0,
        "dvar": 0,
        "dvar2": 0,
        "max": 0,
        "mean": 0,
        "median": 0,
        "min": 0,
        "var": 0
    },
    "spectral_centroid": {
        "dmean": 31.5350055695,
        "dmean2": 48.8844680786,
        "dvar": 716.61529541,
        "dvar2": 1847.73266602,
        "max": 651.363037109,
        "mean": 501.823120117,
        "median": 492.194915771,
        "min": 425.563873291,
        "var": 1925.07470703
    },
    "spectral_complexity": {
        "dmean": 1.63333332539,
        "dmean2": 2.66101694107,
        "dvar": 2.26555585861,
        "dvar2": 3.61390399933,
        "max": 18,
        "mean": 14.0655736923,
        "median": 14,
        "min": 1,
        "var": 4.74979877472
    },
    "spectral_decrease": {
        "dmean": 2.39332864638e-09,
        "dmean2": 4.05570288464e-09,
        "dvar": 5.21789707661e-18,
        "dvar2": 1.35463108938e-17,
        "max": -1.09158231065e-10,
        "mean": -1.05298374464e-08,
        "median": -9.59144319523e-09,
        "min": -3.39786438985e-08,
        "var": 3.25295856553e-17
    },
    "spectral_energy": {
        "dmean": 0.00949093140662,
        "dmean2": 0.0160012058914,
        "dvar": 8.17319451016e-05,
        "dvar2": 0.000214267667616,
        "max": 0.135660991073,
        "mean": 0.0414963327348,
        "median": 0.0376259088516,
        "min": 0.00042926822789,
        "var": 0.000514451530762
    },
    "spectral_energyband_high": {
        "dmean": 7.54192024033e-06,
        "dmean2": 9.70404562395e-06,
        "dvar": 1.35743305485e-09,
        "dvar2": 1.37156086488e-09,
        "max": 0.000295829697279,
        "mean": 1.98307425308e-05,
        "median": 1.60542404046e-05,
        "min": 1.90683863366e-06,
        "var": 1.28966182178e-09
    },
    "spectral_energyband_low": {
        "dmean": 0.000702662102412,
        "dmean2": 0.00107298558578,
        "dvar": 2.16429907596e-06,
        "dvar2": 4.89736112286e-06,
        "max": 0.016607163474,
        "mean": 0.00414886511862,
        "median": 0.00376521283761,
        "min": 3.84776576539e-05,
        "var": 4.75867000205e-06
    },
    "spectral_energyband_middle_high": {
        "dmean": 0.00122938922141,
        "dmean2": 0.00174735800829,
        "dvar": 4.6051031859e-06,
        "dvar2": 5.67958568354e-06,
        "max": 0.0284946896136,
        "mean": 0.00580626307055,
        "median": 0.00541382050142,
        "min": 2.18364984903e-05,
        "var": 2.04806910915e-05
    },
    "spectral_energyband_middle_low": {
        "dmean": 0.00858354195952,
        "dmean2": 0.0157945323735,
        "dvar": 7.27334772819e-05,
        "dvar2": 0.000189635029528,
        "max": 0.100350119174,
        "mean": 0.032696031034,
        "median": 0.0289382226765,
        "min": 0.000381402904168,
        "var": 0.000348256988218
    },
    "spectral_entropy": {
        "dmean": 0.138600632548,
        "dmean2": 0.220981940627,
        "dvar": 0.0209792330861,
        "dvar2": 0.0220460370183,
        "max": 7.47267246246,
        "mean": 6.45568227768,
        "median": 6.44643449783,
        "min": 6.04132795334,
        "var": 0.0660450309515
    },
    "spectral_flux": {
        "dmean": 0.0196532290429,
        "dmean2": 0.0299753956497,
        "dvar": 0.000685641425662,
        "dvar2": 0.000956462987233,
        "max": 0.368321865797,
        "mean": 0.0847378075123,
        "median": 0.0743818730116,
        "min": 0.0292569771409,
        "var": 0.00256611639634
    },
    "spectral_kurtosis": {
        "dmean": 7.28056621552,
        "dmean2": 12.0348377228,
        "dvar": 59.297077179,
        "dvar2": 99.943572998,
        "max": 74.0356292725,
        "mean": 23.033033371,
        "median": 20.0455608368,
        "min": 10.0947084427,
        "var": 132.060516357
    },
    "spectral_rms": {
        "dmean": 0.000718782888725,
        "dmean2": 0.00121684989426,
        "dvar": 4.64947959244e-07,
        "dvar2": 1.0390664329e-06,
        "max": 0.011504442431,
        "mean": 0.00614186888561,
        "median": 0.00605872925371,
        "min": 0.000647146254778,
        "var": 2.76168498203e-06
    },
    "spectral_rolloff": {
        "dmean": 60.6518554688,
        "dmean2": 108.760925293,
        "dvar": 4814.40429688,
        "dvar2": 13225.4365234,
        "max": 968.994140625,
        "mean": 694.710388184,
        "median": 710.595703125,
        "min": 538.330078125,
        "var": 14927.4472656
    },
    "spectral_skewness": {
        "dmean": 0.466695100069,
        "dmean2": 0.790175378323,
        "dvar": 0.174376532435,
        "dvar2": 0.350258022547,
        "max": 6.1977648735,
        "mean": 3.41900992393,
        "median": 3.29319810867,
        "min": 2.30623102188,
        "var": 0.509268701077
    },
    "spectral_spread": {
        "dmean": 347440.625,
        "dmean2": 463004.03125,
        "dvar": 793030361088,
        "dvar2": 544843628544,
        "max": 10833491,
        "mean": 1995973,
        "median": 1786567.25,
        "min": 835602.8125,
        "var": 1.59433228288e+12
    },
    "spectral_strongpeak": {
        "dmean": 0.670273780823,
        "dmean2": 1.24501788616,
        "dvar": 0.322108358145,
        "dvar2": 1.07056224346,
        "max": 3.12391662598,
        "mean": 1.18875718117,
        "median": 1.03489279747,
        "min": 0.00763274962083,
        "var": 0.465102106333
    },
    "zerocrossingrate": {
        "dmean": 0.00298665370792,
        "dmean2": 0.00409659696743,
        "dvar": 6.27113831797e-06,
        "dvar2": 7.871993148e-06,
        "max": 0.03271484375,
        "mean": 0.0244300719351,
        "median": 0.02490234375,
        "min": 0.00634765625,
        "var": 2.08633246075e-05
    },
    "barkbands": {
        "dmean": [1.12499210445e-05, 0.000259227992501, 0.000276514241705, 0.00178514362779, 0.00213629961945, 0.00448027765378, 0.000763183052186, 0.00721004093066, 0.00154167332221, 0.00089449173538, 0.00026479450753, 0.000476691522636, 0.000170099825482, 2.59660573647e-05, 5.56159920961e-06, 6.34133903077e-06, 1.5396373783e-05, 6.65265952193e-06, 5.47537501916e-06, 2.97604947264e-06, 2.78392099062e-06, 1.49548282025e-06, 6.88602938226e-07, 6.08373454725e-07, 5.86937630942e-07, 5.96118184149e-07, 7.99824476871e-07],
        "dmean2": [1.25644446598e-05, 0.000368652225006, 0.000362731079804, 0.00197517662309, 0.00362932379358, 0.0077758114785, 0.00059986958513, 0.0137914251536, 0.0020873977337, 0.00146137573756, 0.000218404689804, 0.00056683877483, 0.000267196155619, 3.56116397597e-05, 6.40178586764e-06, 8.97901645658e-06, 2.47670650424e-05, 9.93420962914e-06, 8.4428829723e-06, 4.33010472989e-06, 4.30193949796e-06, 2.13116004488e-06, 7.52946220928e-07, 6.3769357439e-07, 6.27062263447e-07, 6.54140649203e-07, 9.79444052973e-07],
        "dvar": [5.59655433108e-09, 9.99847244998e-08, 2.43151959012e-07, 1.47643249875e-05, 3.08349626721e-06, 1.42673025039e-05, 5.0856880307e-07, 4.75537963212e-05, 3.96878112952e-06, 1.26621205254e-06, 5.64566676076e-07, 7.13089946203e-07, 7.70055308408e-08, 4.3804408989e-09, 5.84541470783e-10, 2.9320948447e-10, 2.34906594176e-10, 1.51201495768e-10, 8.16370374079e-11, 4.97912509834e-11, 4.1448535576e-11, 3.14537978996e-11, 2.17968646604e-11, 1.95190651836e-11, 1.71378640446e-11, 1.61579100794e-11, 1.71147141598e-11],
        "dvar2": [5.66405100599e-09, 1.42159194638e-07, 1.22771709243e-07, 3.38590834872e-05, 5.5656614677e-06, 4.05488608521e-05, 5.6079005617e-07, 0.000174774002517, 6.03671242061e-06, 4.00697399527e-06, 9.92361250951e-08, 7.4796116678e-07, 9.54830596811e-08, 4.6029722256e-09, 4.59276255915e-10, 2.34509828223e-10, 4.08398398433e-10, 1.70181327364e-10, 9.87145712394e-11, 4.9032087418e-11, 4.27137387959e-11, 3.22892372562e-11, 2.20439239779e-11, 1.98286456699e-11, 1.74300504585e-11, 1.63863436708e-11, 1.72730094117e-11],
        "max": [0.000586373265833, 0.00348385609686, 0.00635534338653, 0.0332935862243, 0.0153764588758, 0.0232624188066, 0.00934499967843, 0.0377324670553, 0.0245408825576, 0.00879777222872, 0.0111177824438, 0.00860721152276, 0.00362376123667, 0.000869990093634, 0.0002212075633, 0.000161490854225, 0.000135815993417, 0.000102253172372, 7.29211387807e-05, 5.89572555327e-05, 5.43434180145e-05, 4.4860309572e-05, 3.66922176909e-05, 3.46188026015e-05, 3.24756001646e-05, 3.15381512337e-05, 3.32689851348e-05],
        "mean": [1.09330630949e-05, 0.00197579711676, 0.00110777514055, 0.00444139074534, 0.00658990070224, 0.00673944223672, 0.00243226555176, 0.00927488785237, 0.00303347618319, 0.00322409835644, 0.000748827937059, 0.00122688000556, 0.000499354267959, 6.5351552621e-05, 9.37789809541e-06, 1.3420995856e-05, 4.29677966167e-05, 1.59852825163e-05, 1.64798129845e-05, 1.0452737115e-05, 7.85421070759e-06, 2.84440875475e-06, 9.21379296415e-07, 7.45456361528e-07, 7.44717851831e-07, 7.87331600804e-07, 2.27850318879e-06],
        "median": [7.21551771221e-07, 0.00197601271793, 0.00105000426993, 0.00377593422309, 0.0060971272178, 0.00490169087425, 0.00190241553355, 0.00612374302, 0.00156780518591, 0.00279508368112, 0.000474736851174, 0.000731008651201, 0.000380794750527, 3.26225090248e-05, 4.93352945341e-06, 1.07644164018e-05, 4.17606679548e-05, 1.39459752972e-05, 1.602568409e-05, 1.00356655821e-05, 7.18140927347e-06, 2.06517006518e-06, 3.29588715431e-07, 1.76312497047e-07, 2.16472997749e-07, 2.85821442958e-07, 1.88669298495e-06],
        "min": [4.10712530652e-08, 6.15144426774e-06, 1.30985181386e-05, 3.93084519601e-05, 0.000112837929919, 7.79252222856e-05, 6.2893377617e-05, 6.63508108119e-05, 2.01485108846e-05, 4.42101963927e-06, 1.85911073913e-06, 4.56297675555e-06, 4.23614301326e-06, 9.83260974863e-07, 9.93751086753e-07, 4.82658776946e-07, 1.66161248671e-06, 1.39296116686e-06, 2.14409692489e-06, 8.22318781957e-07, 3.00403740994e-07, 4.1348229729e-07, 1.00242836254e-07, 7.59054898936e-08, 9.19801053101e-08, 7.00392845943e-08, 1.01310199341e-07],
        "var": [5.52548273802e-09, 3.93226741835e-07, 6.04397712323e-07, 1.92688821699e-05, 9.1409910965e-06, 2.9671287848e-05, 3.95152483179e-06, 5.86277747061e-05, 1.85775188584e-05, 5.06574633619e-06, 2.55168106378e-06, 2.08755318454e-06, 2.46967459816e-07, 1.9418658681e-08, 7.63574481422e-10, 3.82556847311e-10, 3.26811300244e-10, 1.49774137537e-10, 8.91083040688e-11, 5.12002315545e-11, 4.144255078e-11, 3.01562698424e-11, 2.13376486619e-11, 1.91260098037e-11, 1.67849588395e-11, 1.57685739466e-11, 1.6246523224e-11]
    },
    "erbbands": {
        "dmean": [0.0024715422187, 0.0735877677798, 0.311791062355, 2.56115078926, 7.38137722015, 7.50792694092, 16.0109977722, 52.3782615662, 16.5100040436, 62.6424751282, 111.897743225, 34.8653945923, 26.1799736023, 17.4270191193, 11.7688951492, 13.6175088882, 6.65363073349, 4.13076543808, 0.625284433365, 0.257950872183, 0.360023587942, 0.99682611227, 0.357816189528, 0.296354085207, 0.198151960969, 0.134979084134, 0.142265453935, 0.0918026193976, 0.0547406151891, 0.025149025023, 0.0192597545683, 0.0136309396476, 0.00990130286664, 0.00662463158369, 0.00420977082103, 0.00232355971821, 0.00114661350381, 0.00042465471779, 0.000112872956379, 2.09260069823e-05],
        "dmean2": [0.00354906963184, 0.106535814703, 0.439414680004, 3.15968227386, 9.01107501984, 12.7476902008, 23.9689941406, 91.6653213501, 19.2875404358, 121.477836609, 211.585494995, 49.2923622131, 38.0625267029, 22.721616745, 12.5507802963, 15.9812059402, 9.73244285583, 5.81059408188, 0.664728045464, 0.291178137064, 0.539734005928, 1.64057075977, 0.544823110104, 0.441102236509, 0.277028918266, 0.191575214267, 0.217312127352, 0.139438331127, 0.0756426826119, 0.0279815234244, 0.0212046112865, 0.0142859797925, 0.0105434320867, 0.00699599040672, 0.00457617267966, 0.00252874009311, 0.00130659691058, 0.000491302227601, 0.000132590881549, 2.92246786557e-05],
        "dvar": [1.05265935417e-05, 0.00810927804559, 0.146984159946, 39.0606079102, 121.945991516, 36.5149993896, 202.202011108, 2075.14404297, 212.850234985, 3542.80810547, 12954.5058594, 1836.9284668, 1654.30041504, 960.163085938, 356.728057861, 992.987915039, 208.597579956, 25.8764266968, 4.13693809509, 1.41071999073, 0.590293526649, 0.921627283096, 0.429887890816, 0.305061340332, 0.157918483019, 0.112554453313, 0.0837048441172, 0.0572785064578, 0.0412497483194, 0.0269360970706, 0.016892682761, 0.00964189041406, 0.0049619814381, 0.00220869318582, 0.00084905163385, 0.000256853672909, 5.51541561435e-05, 7.02563102095e-06, 3.59926787041e-07, 3.52542950388e-09],
        "dvar2": [2.05149899557e-05, 0.0113396318629, 0.11717428267, 96.2649383545, 239.932006836, 84.4657516479, 602.723266602, 5778.12060547, 462.162963867, 12450.2919922, 47212.5976562, 3087.02612305, 4249.63183594, 1040.47705078, 211.292129517, 611.54901123, 247.863983154, 19.4670028687, 1.5802179575, 1.04578447342, 0.51314419508, 1.55474722385, 0.483257889748, 0.366160571575, 0.171589270234, 0.109868369997, 0.0886018797755, 0.0601384155452, 0.0427708588541, 0.0272287651896, 0.0170995052904, 0.00978304818273, 0.00503784837201, 0.0022490862757, 0.000862827000674, 0.000260650471319, 5.57945531909e-05, 7.11251504981e-06, 3.65415786518e-07, 3.25077387231e-09],
        "max": [0.0246186535805, 0.989323318005, 5.09065771103, 56.6663093567, 105.223823547, 44.4749984741, 118.089881897, 287.076080322, 175.633087158, 372.54486084, 580.457214355, 531.810791016, 442.219909668, 335.45123291, 360.020324707, 357.769500732, 191.750991821, 71.5260009766, 24.6817493439, 11.0946187973, 7.26886796951, 8.40691947937, 5.62516546249, 4.45896577835, 3.350025177, 2.80426692963, 2.42899394035, 1.97885203362, 1.63259077072, 1.29323399067, 1.02105021477, 0.769746124744, 0.552464187145, 0.368708640337, 0.228638783097, 0.125725999475, 0.0583419427276, 0.0208995658904, 0.00483894580975, 0.000617058656644],
        "mean": [0.0128571437672, 0.569730997086, 1.68340444565, 6.57416963577, 17.5576229095, 15.4263935089, 44.0482635498, 75.7270050049, 52.7272605896, 84.8327026367, 157.384002686, 72.5741195679, 96.173576355, 58.6543159485, 49.470615387, 35.8966751099, 22.3879356384, 9.60203075409, 1.50047326088, 0.472558200359, 0.886485099792, 2.73086595535, 0.944388449192, 0.955645501614, 0.686539053917, 0.495721161366, 0.359522968531, 0.248320534825, 0.117135904729, 0.0381492860615, 0.0253113359213, 0.0166580975056, 0.0121907219291, 0.00838731601834, 0.00536301592365, 0.00288500823081, 0.00149247131776, 0.000735310022719, 0.000291603413643, 8.74571342138e-05],
        "median": [0.0126680796966, 0.578050792217, 1.6417453289, 5.17635631561, 14.4623003006, 14.243891716, 39.1374168396, 51.1613311768, 43.9565162659, 58.4938278198, 104.379127502, 45.3377494812, 80.8363113403, 47.4424247742, 39.4936027527, 23.0481472015, 18.4399623871, 7.50269031525, 0.879552721977, 0.258361667395, 0.810848534107, 2.66833329201, 0.854737699032, 0.90275657177, 0.661819934845, 0.47326374054, 0.323985904455, 0.234751313925, 0.0906499996781, 0.0174494404346, 0.00889229215682, 0.00414097774774, 0.00314519321546, 0.00244990829378, 0.0017242267495, 0.000813061546069, 0.000559577485546, 0.000428304978414, 0.000224979361519, 7.8142300481e-05],
        "min": [0.000261156848865, 0.00127682811581, 0.0111295273528, 0.0794788002968, 0.247922226787, 0.397642463446, 0.516847610474, 0.667943358421, 0.762380361557, 1.3885653019, 1.14577388763, 0.506414234638, 0.211750149727, 0.108618915081, 0.0909923613071, 0.198417007923, 0.201152354479, 0.0659413486719, 0.0679556652904, 0.0201267208904, 0.0375997573137, 0.106052875519, 0.0914232432842, 0.0934714227915, 0.0715720131993, 0.0376435816288, 0.0281795542687, 0.00848570186645, 0.0176720060408, 0.00610783277079, 0.00284318230115, 0.00156138453167, 0.00130474648904, 0.000806569296401, 0.000630328024272, 0.000314221455483, 0.000143685305375, 6.94427581038e-05, 1.55726320372e-05, 1.80606048161e-06],
        "var": [2.03105191758e-05, 0.030315015465, 0.377727806568, 56.9810523987, 220.470184326, 71.997795105, 568.364257812, 3949.82348633, 1414.44580078, 4253.14355469, 17867.4746094, 7574.07666016, 6766.98144531, 2994.97485352, 3453.87133789, 2586.95166016, 706.08795166, 103.787628174, 10.3940038681, 1.92652714252, 0.738701701164, 1.27519762516, 0.436075985432, 0.31147775054, 0.168394625187, 0.113749064505, 0.0859753936529, 0.0557595454156, 0.0393952876329, 0.0262809097767, 0.016534211114, 0.00945381820202, 0.00486568175256, 0.00216435547918, 0.000831141718663, 0.000251632533036, 5.39031352673e-05, 6.79227514411e-06, 3.47384741417e-07, 5.07079667145e-09]
    },
    "gfcc": {
        "mean": [-49.2251777649, 186.650543213, -101.246513367, -21.4790306091, -55.4014015198, -28.1110210419, -4.67473459244, -7.79845190048, -28.3685035706, -5.91317272186, -7.90138578415, -2.51769471169, -13.6958971024],
        "cov": [[891.888671875, 124.876319885, -41.7865638733, -185.92427063, -34.3230857849, 85.9362869263, 61.4221305847, -21.0650577545, -31.1837253571, -44.4135246277, -26.6367473602, -2.76891875267, 25.4086093903], [124.876319885, 311.910003662, -79.6194915771, -185.373428345, -11.4307451248, -5.01320123672, 90.9732666016, -28.4798622131, -6.48130893707, -36.0792160034, 5.5937256813, -16.8781318665, 22.2287101746], [-41.7865638733, -79.6194915771, 46.4426727295, 83.6012496948, 15.1532478333, -14.0988435745, -23.2253074646, 5.5690202713, 1.09376323223, 12.5226306915, -1.14254033566, 7.71968603134, -2.81355142593], [-185.92427063, -185.373428345, 83.6012496948, 223.974304199, 55.690662384, -46.1864776611, -52.1009750366, 12.5035648346, 16.4713554382, 38.9111251831, 6.42900705338, 16.6944522858, -4.9731760025], [-34.3230857849, -11.4307451248, 15.1532478333, 55.690662384, 36.497177124, -12.6072740555, -8.19764232635, -6.57295322418, 5.28204774857, 9.55424499512, 2.8599960804, -2.77968096733, -1.30280852318], [85.9362869263, -5.01320123672, -14.0988435745, -46.1864776611, -12.6072740555, 43.3449630737, 2.61625981331, -3.64519357681, -10.0602807999, -14.2535076141, -14.1839809418, -13.5794010162, -6.88623714447], [61.4221305847, 90.9732666016, -23.2253074646, -52.1009750366, -8.19764232635, 2.61625981331, 51.6788902283, 1.57681429386, -3.37941813469, -15.1442079544, -0.546458959579, -1.96783816814, 6.62510585785], [-21.0650577545, -28.4798622131, 5.5690202713, 12.5035648346, -6.57295322418, -3.64519357681, 1.57681429386, 18.713092804, 5.85771894455, 3.36073374748, 0.767222523689, 4.17630195618, -4.9816865921], [-31.1837253571, -6.48130893707, 1.09376323223, 16.4713554382, 5.28204774857, -10.0602807999, -3.37941813469, 5.85771894455, 20.8540649414, 11.0453882217, 3.70538330078, -3.96611428261, -4.893679142], [-44.4135246277, -36.0792160034, 12.5226306915, 38.9111251831, 9.55424499512, -14.2535076141, -15.1442079544, 3.36073374748, 11.0453882217, 20.4621067047, 11.0867948532, 5.47975492477, -2.92785930634], [-26.6367473602, 5.5937256813, -1.14254033566, 6.42900705338, 2.8599960804, -14.1839809418, -0.546458959579, 0.767222523689, 3.70538330078, 11.0867948532, 18.5214672089, 10.1895017624, 1.81995081902], [-2.76891875267, -16.8781318665, 7.71968603134, 16.6944522858, -2.77968096733, -13.5794010162, -1.96783816814, 4.17630195618, -3.96611428261, 5.47975492477, 10.1895017624, 22.678647995, 9.76327419281], [25.4086093903, 22.2287101746, -2.81355142593, -4.9731760025, -1.30280852318, -6.88623714447, 6.62510585785, -4.9816865921, -4.893679142, -2.92785930634, 1.81995081902, 9.76327419281, 16.5409927368]],
        "icov": [[0.00217274203897, 0.00267982902005, -0.00573795288801, 0.00639895629138, -0.00560061214492, -0.002181352349, -0.00413791369647, 0.0019785775803, -0.00283615011722, -0.000978495925665, 0.00143942551222, -0.00191176461522, -0.00512920599431], [0.00267982902005, 0.075088173151, -0.0281626358628, 0.082356184721, -0.0700819715858, 0.0755858495831, -0.0672481879592, 0.0480111651123, -0.0210921466351, 0.0301307179034, -0.0170930437744, 0.0416689403355, -0.041332706809], [-0.00573795288801, -0.0281626358628, 0.106792919338, -0.0724881365895, 0.0504898950458, -0.0107879880816, 0.0312731601298, -0.0133632132784, 0.0363636873662, -0.0190965756774, 0.0281290207058, -0.0193526931107, 0.0416726283729], [0.00639895629138, 0.082356184721, -0.0724881365895, 0.129012182355, -0.114054009318, 0.082811139524, -0.068513892591, 0.0347469374537, -0.028166808188, 0.0119114574045, -0.000654990843032, 0.0313352495432, -0.0552953071892], [-0.00560061214492, -0.0700819715858, 0.0504898950458, -0.114054009318, 0.14709892869, -0.0610973387957, 0.0521346777678, -0.00302122090943, 0.0217513330281, -0.0223900005221, -0.00165360770188, -0.0114866476506, 0.0508729629219], [-0.002181352349, 0.0755858495831, -0.0107879880816, 0.082811139524, -0.0610973387957, 0.140611827374, -0.058130055666, 0.0479175746441, 0.00812577549368, 0.0263385288417, 0.0105602461845, 0.0567107945681, -0.0112916016951], [-0.00413791369647, -0.0672481879592, 0.0312731601298, -0.068513892591, 0.0521346777678, -0.058130055666, 0.0995078980923, -0.0661498680711, 0.0167995560914, 0.00507641304284, -0.00117392581888, -0.0259903147817, 0.0229148138314], [0.0019785775803, 0.0480111651123, -0.0133632132784, 0.0347469374537, -0.00302122090943, 0.0479175746441, -0.0661498680711, 0.147538453341, -0.0481828153133, 0.0250193979591, 0.00817577727139, -0.0222914367914, 0.0336860790849], [-0.00283615011722, -0.0210921466351, 0.0363636873662, -0.028166808188, 0.0217513330281, 0.00812577549368, 0.0167995560914, -0.0481828153133, 0.12095336616, -0.0822619199753, 0.0242002140731, 0.035119574517, 0.0121056912467], [-0.000978495925665, 0.0301307179034, -0.0190965756774, 0.0119114574045, -0.0223900005221, 0.0263385288417, 0.00507641304284, 0.0250193979591, -0.0822619199753, 0.219552755356, -0.1165298298, 0.0165651347488, -0.00638298876584], [0.00143942551222, -0.0170930437744, 0.0281290207058, -0.000654990843032, -0.00165360770188, 0.0105602461845, -0.00117392581888, 0.00817577727139, 0.0242002140731, -0.1165298298, 0.178926900029, -0.0869643986225, 0.0507227368653], [-0.00191176461522, 0.0416689403355, -0.0193526931107, 0.0313352495432, -0.0114866476506, 0.0567107945681, -0.0259903147817, -0.0222914367914, 0.035119574517, 0.0165651347488, -0.0869643986225, 0.178292796016, -0.102876119316], [-0.00512920599431, -0.041332706809, 0.0416726283729, -0.0552953071892, 0.0508729629219, -0.0112916016951, 0.0229148138314, 0.0336860790849, 0.0121056912467, -0.00638298876584, 0.0507227368653, -0.102876119316, 0.172209903598]]
    },
    "melbands": {
        "dmean": [4.59123657492e-05, 0.000130604559672, 0.000673429050948, 0.000326413224684, 0.00060196191771, 0.00103188923094, 0.000219655237743, 0.00107324449345, 0.000735428766347, 0.000252704863669, 0.00014182603627, 8.52330922498e-05, 3.53219948011e-05, 6.10622082604e-05, 1.37798406286e-05, 1.93379873963e-05, 6.08050777373e-06, 1.17281467737e-06, 3.4916581626e-07, 4.43602914402e-07, 4.28809300956e-07, 1.05893502678e-06, 6.09764128967e-07, 2.38439582745e-07, 2.66650800995e-07, 2.34297246493e-07, 1.22704690853e-07, 9.43298346101e-08, 8.84901965037e-08, 7.91241205889e-08, 5.6625466982e-08, 3.87718088746e-08, 1.81314465664e-08, 1.32553337195e-08, 1.171494457e-08, 9.38980537768e-09, 8.09058509077e-09, 7.2087971148e-09, 6.1305067689e-09, 5.54666135244e-09],
        "dmean2": [6.70351000736e-05, 0.00019567203708, 0.000778946094215, 0.00047095870832, 0.000898236990906, 0.00179820787162, 0.000257111445535, 0.00208452763036, 0.00138971232809, 0.000345237291185, 0.000203783565667, 0.000120267817692, 3.23789172398e-05, 7.81689741416e-05, 1.35117470563e-05, 2.99659459415e-05, 9.41197959037e-06, 1.22347569231e-06, 3.75506033379e-07, 6.02108968906e-07, 6.69332393954e-07, 1.75302977823e-06, 9.857715213e-07, 3.57282743835e-07, 4.04290062761e-07, 3.41577930385e-07, 1.77692285774e-07, 1.33000156666e-07, 1.3645021113e-07, 1.21866222003e-07, 8.53372768006e-08, 5.65098581262e-08, 2.19440643434e-08, 1.47031977704e-08, 1.31254278557e-08, 1.01208366132e-08, 8.53972537129e-09, 7.79973774456e-09, 6.56492815665e-09, 5.9288831622e-09],
        "dvar": [3.19408766103e-09, 2.98429689849e-08, 1.84283419458e-06, 1.21613069837e-07, 2.4268007337e-07, 7.90835599673e-07, 4.00004260825e-08, 1.0277998399e-06, 5.58462886602e-07, 9.78878134106e-08, 4.25886703681e-08, 1.76267480612e-08, 6.14677420074e-09, 1.10886970717e-08, 1.37568989533e-09, 1.17252563214e-09, 6.43449321602e-11, 1.33550210821e-11, 2.84936874442e-12, 1.8203620035e-12, 5.71678446769e-13, 1.09759608086e-12, 5.65698909157e-13, 2.6135579703e-13, 2.00283217203e-13, 1.02256195861e-13, 6.60631014411e-14, 4.5361917754e-14, 3.38893545388e-14, 2.58028885395e-14, 1.68829743073e-14, 1.39150335406e-14, 1.01740930473e-14, 7.55373563856e-15, 5.87795295022e-15, 4.23456884859e-15, 3.36270026005e-15, 2.5332754337e-15, 1.89214878439e-15, 1.46340643511e-15],
        "dvar2": [5.49272582973e-09, 3.24613473879e-08, 4.12760073232e-06, 2.3205379307e-07, 7.30730164378e-07, 2.24505515689e-06, 8.77741328509e-08, 3.65872142538e-06, 2.03287436307e-06, 1.6594083263e-07, 1.16730916488e-07, 2.7343869391e-08, 1.21505050465e-09, 1.28819657164e-08, 4.84936646394e-10, 1.57169044446e-09, 7.71166602798e-11, 5.05259419373e-12, 1.96763764136e-12, 1.48621859177e-12, 5.78585627759e-13, 1.93802049062e-12, 8.05545788494e-13, 2.79978866697e-13, 2.60974618652e-13, 1.35295895039e-13, 7.18802120147e-14, 4.50419900217e-14, 3.64808179596e-14, 2.82647101796e-14, 1.81954450828e-14, 1.48237677558e-14, 1.02924565843e-14, 7.62227246246e-15, 5.95027728194e-15, 4.2853001929e-15, 3.41388497875e-15, 2.57016414207e-15, 1.92144701876e-15, 1.49128737161e-15],
        "max": [0.00056796730496, 0.00183661724441, 0.0125283179805, 0.00413221213967, 0.00368134956807, 0.00559913506731, 0.00233601708896, 0.00592725444585, 0.00403412338346, 0.00371801364236, 0.00211103446782, 0.00118487514555, 0.0013198038796, 0.00111779931467, 0.000541229965165, 0.000362160848454, 0.000101307377918, 4.52850144939e-05, 1.59328446898e-05, 1.25327933347e-05, 7.00028431311e-06, 8.93524156709e-06, 6.57352848066e-06, 4.18862782681e-06, 3.55131260221e-06, 2.61213267549e-06, 2.1359155653e-06, 1.77830190751e-06, 1.51171423113e-06, 1.36330550049e-06, 1.06601157768e-06, 9.48366448483e-07, 7.99009853836e-07, 6.83980999838e-07, 6.02467309818e-07, 5.10849247348e-07, 4.54365647329e-07, 3.94893817202e-07, 3.41054601449e-07, 3.00282493981e-07],
        "mean": [0.000322448147926, 0.000875141005963, 0.0017381667858, 0.000951600726694, 0.0015475905966, 0.00157031056006, 0.000662714592181, 0.00137467798777, 0.00106182496529, 0.000468709331471, 0.000523649621755, 0.000296430895105, 0.000127684135805, 0.000180569069926, 3.31766495947e-05, 5.30655670445e-05, 1.26887343868e-05, 2.48409446613e-06, 5.50633671992e-07, 7.80845425652e-07, 9.7937800092e-07, 2.96835855806e-06, 1.49613333633e-06, 5.87642773553e-07, 8.03330692634e-07, 6.60171735944e-07, 4.10273145235e-07, 2.9177090255e-07, 2.12948776834e-07, 2.02639483859e-07, 1.28214750816e-07, 7.7980708113e-08, 2.93688060538e-08, 1.76140311225e-08, 1.50739616345e-08, 1.17415144274e-08, 9.52820311539e-09, 8.69523919533e-09, 7.48026973696e-09, 6.93970125809e-09],
        "median": [0.000323113868944, 0.000880304607563, 0.0014798308257, 0.000837706727907, 0.0013360013254, 0.00116232980508, 0.000529592740349, 0.000938299985137, 0.000711922592018, 0.000270226330031, 0.000443539727712, 0.000250296958257, 9.27263972699e-05, 0.000116421637358, 1.54918088811e-05, 4.42137024947e-05, 9.72856832959e-06, 1.2657727666e-06, 2.4292930334e-07, 5.44829163118e-07, 8.6455742121e-07, 2.94192705041e-06, 1.41207851811e-06, 5.32940873654e-07, 7.7101435636e-07, 6.35815410988e-07, 3.89192791772e-07, 2.70344571618e-07, 1.92351109263e-07, 1.80597254484e-07, 1.13912655308e-07, 6.24899030299e-08, 1.69528533434e-08, 6.34472474559e-09, 5.15457498906e-09, 3.47421602598e-09, 2.03032546331e-09, 2.14479234373e-09, 1.89858750943e-09, 2.05883177173e-09],
        "min": [2.26374640988e-06, 4.23915571446e-06, 1.83261636266e-05, 2.39368582697e-05, 1.83284100785e-05, 1.497813264e-05, 1.20078384498e-05, 1.58327493409e-05, 8.21465710032e-06, 2.79895948552e-06, 9.65322783486e-07, 4.33967301205e-07, 2.65368896635e-07, 4.09903861964e-07, 7.00923465047e-07, 2.74581566373e-07, 9.64209760923e-08, 1.10127174935e-07, 5.17915879072e-08, 1.44195198004e-08, 4.67571759089e-08, 9.48489002894e-08, 1.29329819742e-07, 4.58729481068e-08, 7.93659395981e-08, 8.68108145369e-08, 1.77090164755e-08, 2.79634786438e-08, 2.57199541664e-08, 4.2009844492e-09, 4.22186197113e-09, 1.14804725726e-08, 6.00271921058e-09, 1.831456653e-09, 1.72441694257e-09, 1.05400199679e-09, 8.5813223194e-10, 9.50383327591e-10, 5.41830302847e-10, 6.82275624886e-10],
        "var": [1.0601499234e-08, 6.11374986192e-08, 2.80446943179e-06, 3.69992619653e-07, 6.59391901081e-07, 1.52546977006e-06, 2.47360190997e-07, 1.19304820601e-06, 8.24068081329e-07, 3.94076693055e-07, 1.83999091519e-07, 6.000566799e-08, 3.76116773282e-08, 3.99673538709e-08, 6.81523371071e-09, 2.18576157174e-09, 2.56771687246e-10, 3.61315977138e-11, 4.05937436443e-12, 2.37943128742e-12, 7.09626422294e-13, 1.47289287971e-12, 6.68567035501e-13, 2.48126660277e-13, 2.11218033081e-13, 1.26516974523e-13, 7.12159755538e-14, 4.61034713824e-14, 3.42396975302e-14, 2.66030788707e-14, 1.67495090199e-14, 1.33154765155e-14, 9.90983486135e-15, 7.40630701299e-15, 5.75499341243e-15, 4.15316982939e-15, 3.29853116155e-15, 2.48632037403e-15, 1.85486832328e-15, 1.43468841831e-15]
    },
    "mfcc": {
        "mean": [-709.128173828, 240.2787323, -4.16180086136, 22.030916214, -36.3500709534, -11.929930687, 9.75746917725, -0.124951720238, -4.72369194031, -15.5648612976, 4.23435783386, 8.32631206512, -6.93630075455],
        "cov": [[877.655334473, 163.402740479, -24.2979259491, -178.697372437, -79.5402832031, 30.9189414978, 39.4357872009, 36.2403373718, 33.7920188904, -13.2477760315, -43.7116508484, -18.7401771545, -30.5627441406], [163.402740479, 394.350280762, -79.9427566528, -148.316360474, -128.959976196, -15.5658874512, 38.204410553, 19.8216381073, 31.6674537659, -29.1281490326, -12.3807077408, 1.65599775314, -33.4500274658], [-24.2979259491, -79.9427566528, 32.9219245911, 31.290058136, 18.0926589966, -0.920981824398, -5.98474693298, 1.51502287388, -4.71930932999, 2.17114925385, -2.2844979763, -2.73137974739, 6.96820163727], [-178.697372437, -148.316360474, 31.290058136, 193.467956543, 70.7172546387, 3.22058987617, -9.99448871613, -15.4765663147, -6.10736370087, -0.0895425826311, 12.8826875687, 22.8934593201, 29.256816864], [-79.5402832031, -128.959976196, 18.0926589966, 70.7172546387, 76.9501571655, 19.4255180359, -17.6719532013, -23.3844966888, -17.2107601166, 10.9206075668, 7.09576511383, 3.3405110836, 13.2384815216], [30.9189414978, -15.5658874512, -0.920981824398, 3.22058987617, 19.4255180359, 26.0948200226, 3.70999145508, -6.85948514938, -0.236778900027, 3.45259046555, -2.52897191048, -6.10938167572, -5.24189043045], [39.4357872009, 38.204410553, -5.98474693298, -9.99448871613, -17.6719532013, 3.70999145508, 23.8073654175, 11.7385921478, 5.57730197906, -8.08339691162, -2.99084115028, -2.8524107933, -8.26549720764], [36.2403373718, 19.8216381073, 1.51502287388, -15.4765663147, -23.3844966888, -6.85948514938, 11.7385921478, 23.2101402283, 10.0780696869, -3.63809156418, -2.72818112373, -4.94449424744, -4.83244752884], [33.7920188904, 31.6674537659, -4.71930932999, -6.10736370087, -17.2107601166, -0.236778900027, 5.57730197906, 10.0780696869, 16.800163269, -0.597158432007, -2.08234429359, -0.6812505126, -4.36779880524], [-13.2477760315, -29.1281490326, 2.17114925385, -0.0895425826311, 10.9206075668, 3.45259046555, -8.08339691162, -3.63809156418, -0.597158432007, 17.8510246277, 6.59334230423, 0.793450891972, 1.62392401695], [-43.7116508484, -12.3807077408, -2.2844979763, 12.8826875687, 7.09576511383, -2.52897191048, -2.99084115028, -2.72818112373, -2.08234429359, 6.59334230423, 17.1402702332, 10.8624696732, 4.07441425323], [-18.7401771545, 1.65599775314, -2.73137974739, 22.8934593201, 3.3405110836, -6.10938167572, -2.8524107933, -4.94449424744, -0.6812505126, 0.793450891972, 10.8624696732, 21.5058174133, 9.37579250336], [-30.5627441406, -33.4500274658, 6.96820163727, 29.256816864, 13.2384815216, -5.24189043045, -8.26549720764, -4.83244752884, -4.36779880524, 1.62392401695, 4.07441425323, 9.37579250336, 16.440404892]],
