{
"lowlevel": {
    "average_loudness": 0.983179986477,
    "barkbands_crest": {
        "dmean": 0.260706752539,
        "dmean2": 0.436838984489,
        "dvar": 0.55321598053,
        "dvar2": 1.37740147114,
        "max": 24.7883071899,
        "mean": 23.4949188232,
        "median": 23.4854469299,
        "min": 17.6392211914,
        "var": 0.557976722717
    },
    "barkbands_flatness_db": {
        "dmean": 0.0099181253463,
        "dmean2": 0.013410275802,
        "dvar": 0.00038397219032,
        "dvar2": 0.000398891541408,
        "max": 0.441589146852,
        "mean": 0.40463078022,
        "median": 0.41269505024,
        "min": 0.20445086062,
        "var": 0.00114508543629
    },
    "barkbands_kurtosis": {
        "dmean": 5.44296216965,
        "dmean2": 9.13540077209,
        "dvar": 39.9656677246,
        "dvar2": 86.5611572266,
        "max": 103.080276489,
        "mean": 50.5127220154,
        "median": 46.6003341675,
        "min": 9.26946353912,
        "var": 206.616882324
    },
    "barkbands_skewness": {
        "dmean": 0.3161277771,
        "dmean2": 0.528411507607,
        "dvar": 0.149856925011,
        "dvar2": 0.40137976408,
        "max": 7.47346735001,
        "mean": 5.22809314728,
        "median": 5.06461715698,
        "min": 2.31983804703,
        "var": 0.480676203966
    },
    "barkbands_spread": {
        "dmean": 0.0948588252068,
        "dmean2": 0.14564190805,
        "dvar": 0.0622465088964,
        "dvar2": 0.0995640978217,
        "max": 2.9489569664,
        "mean": 0.866201996803,
        "median": 0.813253164291,
        "min": 0.530404627323,
        "var": 0.116360895336
    },
    "dissonance": {
        "dmean": 0.00887586642057,
        "dmean2": 0.0137868085876,
        "dvar": 6.95452617947e-05,
        "dvar2": 0.000150404084707,
        "max": 0.416686713696,
        "mean": 0.333517074585,
        "median": 0.331079602242,
        "min": 0.307714194059,
        "var": 0.000195827145944
    },
    "dynamic_complexity": 0.671387076378,
    "erbbands_crest": {
        "dmean": 0.524700284004,
        "dmean2": 0.839605748653,
        "dvar": 1.60417592525,
        "dvar2": 3.33910799026,
        "max": 23.201965332,
        "mean": 20.4031925201,
        "median": 20.3793373108,
        "min": 11.2737293243,
        "var": 2.22377204895
    },
    "erbbands_flatness_db": {
        "dmean": 0.00872858986259,
        "dmean2": 0.0111920703202,
        "dvar": 0.000305553810904,
        "dvar2": 0.000291066593491,
        "max": 0.398749798536,
        "mean": 0.36933350563,
        "median": 0.376440942287,
        "min": 0.184069171548,
        "var": 0.00103183393367
    },
    "erbbands_kurtosis": {
        "dmean": 1.40793895721,
        "dmean2": 2.32149195671,
        "dvar": 2.84750986099,
        "dvar2": 5.4737496376,
        "max": 28.5574359894,
        "mean": 15.9123859406,
        "median": 15.3626174927,
        "min": 3.09771585464,
        "var": 13.7429933548
    },
    "erbbands_skewness": {
        "dmean": 0.161343231797,
        "dmean2": 0.270907253027,
        "dvar": 0.0446390211582,
        "dvar2": 0.103917717934,
        "max": 4.2576379776,
        "mean": 3.05622243881,
        "median": 3.00505065918,
        "min": 1.26076066494,
        "var": 0.152092635632
    },
    "erbbands_spread": {
        "dmean": 0.528385221958,
        "dmean2": 0.659189999104,
        "dvar": 1.5492399931,
        "dvar2": 1.68585085869,
        "max": 18.834312439,
        "mean": 5.57966709137,
        "median": 5.24231433868,
        "min": 3.92790389061,
        "var": 3.87592196465
    },
    "hfc": {
        "dmean": 0.504795074463,
        "dmean2": 0.729223549366,
        "dvar": 0.773332893848,
        "dvar2": 1.63084888458,
        "max": 19.2151241302,
        "mean": 13.7387838364,
        "median": 15.0472002029,
        "min": 0.5628246665,
        "var": 12.8493928909
    },
    "melbands_crest": {
        "dmean": 0.305076956749,
        "dmean2": 0.465672671795,
        "dvar": 0.319612592459,
        "dvar2": 0.817320466042,
        "max": 21.517124176,
        "mean": 20.4142131805,
        "median": 20.4533462524,
        "min": 16.5542869568,
        "var": 0.350085824728
    },
    "melbands_flatness_db": {
        "dmean": 0.00981153734028,
        "dmean2": 0.0129011571407,
        "dvar": 0.000378914090106,
        "dvar2": 0.000374738185201,
        "max": 0.529400765896,
        "mean": 0.496530652046,
        "median": 0.505850195885,
        "min": 0.302706211805,
        "var": 0.00127992336638
    },
    "melbands_kurtosis": {
        "dmean": 3.30796480179,
        "dmean2": 5.49251031876,
        "dvar": 15.9529542923,
        "dvar2": 39.4188613892,
        "max": 51.4963035583,
        "mean": 30.1941337585,
        "median": 28.1291122437,
        "min": 7.87136363983,
        "var": 47.2788009644
    },
    "melbands_skewness": {
        "dmean": 0.176742941141,
        "dmean2": 0.299631357193,
        "dvar": 0.0655682310462,
        "dvar2": 0.164708420634,
        "max": 4.93820428848,
        "mean": 3.57452321053,
        "median": 3.50045490265,
        "min": 2.13054347038,
        "var": 0.114425227046
    },
    "melbands_spread": {
        "dmean": 0.103912696242,
        "dmean2": 0.168802216649,
        "dvar": 0.0705082193017,
        "dvar2": 0.154597043991,
        "max": 3.66833496094,
        "mean": 1.31107473373,
        "median": 1.27104353905,
        "min": 0.87595641613,
        "var": 0.119797378778
    },
    "pitch_salience": {
        "dmean": 0.0149430911988,
        "dmean2": 0.0233943834901,
        "dvar": 0.00117876310833,
        "dvar2": 0.00217532622628,
        "max": 0.532650947571,
        "mean": 0.288140296936,
        "median": 0.285187184811,
        "min": 0.238987535238,
        "var": 0.00120031088591
    },
    "silence_rate_20dB": {
        "dmean": 0,
        "dmean2": 0,
        "dvar": 0,
        "dvar2": 0,
        "max": 1,
        "mean": 1,
        "median": 1,
        "min": 1,
        "var": 0
    },
    "silence_rate_30dB": {
        "dmean": 0,
        "dmean2": 0,
        "dvar": 0,
        "dvar2": 0,
        "max": 1,
        "mean": 1,
        "median": 1,
        "min": 1,
        "var": 0
    },
    "silence_rate_60dB": {
        "dmean": 0.00671140942723,
        "dmean2": 0.00675675692037,
        "dvar": 0.00666638417169,
        "dvar2": 0.00671110581607,
        "max": 1,
        "mean": 0.0066666668281,
        "median": 0,
        "min": 0,
        "var": 0.00662224274129
    },
    "spectral_centroid": {
        "dmean": 3.91942620277,
        "dmean2": 6.10861682892,
        "dvar": 87.2313537598,
        "dvar2": 184.554931641,
        "max": 363.958282471,
        "mean": 289.77557373,
        "median": 288.54699707,
        "min": 274.38381958,
        "var": 160.540878296
    },
    "spectral_complexity": {
        "dmean": 0.926174521446,
        "dmean2": 1.55405402184,
        "dvar": 0.72609269619,
        "dvar2": 1.86870002747,
        "max": 12,
        "mean": 6.36666679382,
        "median": 6,
        "min": 2,
        "var": 2.39222240448
    },
    "spectral_decrease": {
        "dmean": 4.53839188452e-10,
        "dmean2": 6.47797704367e-10,
        "dvar": 5.22557341609e-19,
        "dvar2": 7.71638691444e-19,
        "max": -4.43588832333e-10,
        "mean": -1.26234063202e-08,
        "median": -1.38367912683e-08,
        "min": -1.51764183443e-08,
        "var": 1.04637520307e-17
    },
    "spectral_energy": {
        "dmean": 0.00175381707959,
        "dmean2": 0.00250639114529,
        "dvar": 7.84640269558e-06,
        "dvar2": 1.16560477181e-05,
        "max": 0.0587593726814,
        "mean": 0.048889618367,
        "median": 0.0535898283124,
        "min": 0.00172525865491,
        "var": 0.000157041868079
    },
    "spectral_energyband_high": {
        "dmean": 1.4444073031e-06,
        "dmean2": 2.01488933271e-06,
        "dvar": 1.73675726578e-11,
        "dvar2": 3.24666335483e-11,
        "max": 4.15331160184e-05,
        "mean": 5.54142070541e-06,
        "median": 4.48492619398e-06,
        "min": 1.26087434182e-06,
        "var": 2.75135417921e-11
    },
    "spectral_energyband_low": {
        "dmean": 1.90403625311e-05,
        "dmean2": 3.1606588891e-05,
        "dvar": 6.11028561082e-10,
        "dvar2": 1.1149858814e-09,
        "max": 0.000291560631013,
        "mean": 7.57029265515e-05,
        "median": 7.2607115726e-05,
        "min": 1.28882984427e-05,
        "var": 8.49221748478e-10
    },
    "spectral_energyband_middle_high": {
        "dmean": 4.29081337643e-05,
        "dmean2": 7.2156843089e-05,
        "dvar": 1.20180692065e-08,
        "dvar2": 2.78005494181e-08,
        "max": 0.00140390312299,
        "mean": 0.000170697589056,
        "median": 0.000150923558977,
        "min": 1.54208009917e-05,
        "var": 2.84768155723e-08
    },
    "spectral_energyband_middle_low": {
        "dmean": 0.0017499505775,
        "dmean2": 0.00249557755888,
        "dvar": 7.83388259151e-06,
        "dvar2": 1.14454314826e-05,
        "max": 0.058489240706,
        "mean": 0.0486866720021,
        "median": 0.0533837601542,
        "min": 0.00166482292116,
        "var": 0.00015601204359
    },
    "spectral_entropy": {
        "dmean": 0.0866368710995,
        "dmean2": 0.125623419881,
        "dvar": 0.0300762355328,
        "dvar2": 0.036802161485,
        "max": 6.96437215805,
        "mean": 5.35716152191,
        "median": 5.30176544189,
        "min": 5.12635660172,
        "var": 0.0712373703718
    },
    "spectral_flux": {
        "dmean": 0.0039675286971,
        "dmean2": 0.00576068414375,
        "dvar": 0.000112759313197,
        "dvar2": 0.000155327797984,
        "max": 0.115915879607,
        "mean": 0.013758209534,
        "median": 0.0108263753355,
        "min": 0.00488157244399,
        "var": 0.000163219476235
    },
    "spectral_kurtosis": {
        "dmean": 11.83801651,
        "dmean2": 22.4624118805,
        "dvar": 85.6957626343,
        "dvar2": 236.021820068,
        "max": 48.8334312439,
        "mean": 31.8433132172,
        "median": 34.1538391113,
        "min": 8.49275112152,
        "var": 110.003425598
    },
    "spectral_rms": {
        "dmean": 0.000137148614158,
        "dmean2": 0.000179146780283,
        "dvar": 5.01240471351e-08,
        "dvar2": 6.30607246421e-08,
        "max": 0.00757140805945,
        "mean": 0.00680994428694,
        "median": 0.00723068136722,
        "min": 0.00129737402312,
        "var": 1.32182742618e-06
    },
    "spectral_rolloff": {
        "dmean": 5.49168920517,
        "dmean2": 10.4756126404,
        "dvar": 778.944763184,
        "dvar2": 2246.25415039,
        "max": 538.330078125,
        "mean": 282.084594727,
        "median": 279.931640625,
        "min": 258.3984375,
        "var": 616.692016602
    },
    "spectral_skewness": {
        "dmean": 0.913308084011,
        "dmean2": 1.73075437546,
        "dvar": 0.429415583611,
        "dvar2": 1.24887740612,
        "max": 5.38367938995,
        "mean": 4.08348035812,
        "median": 4.21741104126,
        "min": 2.36039543152,
        "var": 0.558850884438
    },
    "spectral_spread": {
        "dmean": 486508.5,
        "dmean2": 823950.6875,
        "dvar": 959808405504,
        "dvar2": 1.01410177024e+12,
        "max": 13764661,
        "mean": 2174593.75,
        "median": 2086398.5,
        "min": 1437800.25,
        "var": 1.05820592538e+12
    },
    "spectral_strongpeak": {
        "dmean": 0.0485794208944,
        "dmean2": 0.0610025823116,
        "dvar": 0.0202267821878,
        "dvar2": 0.021316986531,
        "max": 2.26310825348,
        "mean": 2.01704478264,
        "median": 2.14508628845,
        "min": 0.143753603101,
        "var": 0.129739299417
    },
    "zerocrossingrate": {
        "dmean": 0.000357199023711,
        "dmean2": 0.000597154779825,
        "dvar": 5.10858512826e-07,
        "dvar2": 6.69572727929e-07,
        "max": 0.01611328125,
        "mean": 0.0113964844495,
        "median": 0.01123046875,
        "min": 0.005859375,
        "var": 8.0690398363e-07
    },
    "barkbands": {
        "dmean": [3.17834377483e-07, 6.76562240187e-06, 5.89130468143e-06, 2.40278968704e-05, 0.00169286387973, 0.00025984403328, 6.59814759274e-05, 0.000331751216436, 5.3699426644e-05, 2.14167357626e-05, 1.87603018276e-05, 7.13446161171e-06, 4.6467557695e-06, 3.49201786776e-06, 1.88980254734e-06, 1.74853960289e-06, 3.41947907145e-06, 2.15749059862e-06, 3.23943822877e-06, 1.05709568743e-06, 6.45232773877e-07, 2.23457689685e-07, 1.47007042983e-07, 8.93956908499e-08, 8.1443076283e-08, 1.16318318533e-07, 7.09303265012e-08],
        "dmean2": [5.25468408341e-07, 1.11961244329e-05, 9.52394111664e-06, 3.95289971493e-05, 0.00248775957152, 0.000443449098384, 0.000113239359052, 0.000564660469536, 8.9582768851e-05, 3.73117945855e-05, 3.28792011715e-05, 1.2157742276e-05, 8.38333289721e-06, 4.14064425058e-06, 2.15701356865e-06, 2.9306909255e-06, 6.1510058913e-06, 3.5487275909e-06, 4.80505332234e-06, 1.83376607765e-06, 9.97299139271e-07, 3.28496639668e-07, 2.1573828235e-07, 1.15638407294e-07, 1.00622379762e-07, 1.69228997038e-07, 9.79388161682e-08],
        "dvar": [1.93440817292e-13, 4.74918403215e-11, 1.05370663583e-10, 7.09887149064e-10, 7.91821730672e-06, 1.40957524764e-07, 1.78455010769e-08, 5.11278358317e-07, 2.62405119855e-08, 1.43754463888e-09, 2.73316502764e-09, 7.5657397014e-10, 3.30182020614e-10, 2.29307586808e-10, 6.30935581558e-11, 1.72705686557e-11, 7.82562348256e-11, 9.54794229791e-12, 3.57696441911e-11, 1.76096702324e-12, 1.81732352691e-12, 3.04841546971e-13, 3.40313524973e-13, 1.65569462437e-13, 1.17488118301e-13, 2.93897528926e-13, 1.21909454103e-13],
        "dvar2": [3.30873132712e-13, 1.08076284033e-10, 1.57403118317e-10, 1.387346793e-09, 1.15562716019e-05, 4.4583464387e-07, 5.17481666407e-08, 1.58645889314e-06, 6.9788121948e-08, 3.51940987464e-09, 7.85496201416e-09, 2.06087880095e-09, 9.00370389356e-10, 4.00756844376e-10, 1.05494002423e-10, 3.82463297144e-11, 2.65772293062e-10, 1.77764521853e-11, 7.04638847271e-11, 4.06135802072e-12, 3.68143709961e-12, 4.79995221087e-13, 7.05474524285e-13, 2.54768916467e-13, 1.54266898734e-13, 6.6901600362e-13, 1.62534617926e-13],
        "max": [4.29871988672e-06, 6.94680202287e-05, 0.000121080644021, 0.000283059518551, 0.0514652282, 0.00556669570506, 0.00128684169613, 0.00907696224749, 0.00173482962418, 0.000416702299844, 0.000562911271118, 0.000237981686951, 0.000176443732926, 0.000211066610063, 0.000108984415419, 4.8290588893e-05, 8.92838579603e-05, 3.99736709369e-05, 8.09729244793e-05, 1.59521223395e-05, 1.35292102641e-05, 5.12339693159e-06, 5.50214008399e-06, 3.76430898541e-06, 3.53670839104e-06, 5.05531170347e-06, 3.77043215849e-06],
        "mean": [4.92761444093e-07, 1.08282420115e-05, 1.80036950042e-05, 6.89786320436e-05, 0.0424520783126, 0.00280496478081, 0.000163156495546, 0.0030853797216, 0.000103978505649, 6.2688581238e-05, 4.57972746517e-05, 9.65099661698e-06, 8.08041295386e-06, 5.229456292e-06, 3.00519627672e-06, 6.00903922532e-06, 1.11362815005e-05, 1.02703534139e-05, 1.13042297016e-05, 5.20495677847e-06, 2.05163246392e-06, 5.79967490921e-07, 1.93097505985e-07, 1.19324766956e-07, 1.30789373998e-07, 1.48669556665e-07, 2.2773740227e-07],
        "median": [3.9042544131e-07, 7.71693703427e-06, 1.64182856679e-05, 6.52634553262e-05, 0.0461871027946, 0.00305794738233, 0.000149251631228, 0.0033526387997, 8.09310295153e-05, 5.37183514098e-05, 3.9135946281e-05, 3.97589610657e-06, 5.53386234969e-06, 1.94381868823e-06, 1.15484181151e-06, 5.2964214774e-06, 1.08558087959e-05, 1.012829307e-05, 1.06727875391e-05, 5.12189808433e-06, 1.74793785845e-06, 3.99319446842e-07, 2.84340799794e-08, 2.19705675875e-08, 3.0236193993e-08, 2.60098182991e-08, 1.65321338841e-07],
        "min": [4.67164573692e-09, 1.4871429812e-06, 2.19911771637e-06, 6.84073029333e-06, 0.00132445013151, 0.000143565572216, 5.19565719515e-06, 0.000140076663229, 6.96038978276e-06, 4.47122556579e-06, 3.8365878936e-06, 5.53828954253e-07, 3.91330473803e-07, 1.57011754709e-07, 1.5944937104e-07, 5.86294277127e-07, 1.31973035877e-06, 1.20555819194e-06, 1.16645867365e-06, 6.16315048774e-07, 3.97414709141e-07, 1.58886052759e-07, 1.38898545998e-08, 9.28711862969e-09, 1.24691998948e-08, 9.04259778167e-09, 1.17809364042e-07],
        "var": [2.2549679951e-13, 1.10808889842e-10, 1.12327001867e-10, 1.11694742344e-09, 0.000115861294034, 7.59612078127e-07, 1.35599611539e-08, 1.15953423574e-06, 2.96489961471e-08, 2.90907475886e-09, 2.57176058227e-09, 9.2703950072e-10, 2.94429619574e-10, 4.29293434134e-10, 1.24913468458e-10, 3.72940775484e-11, 6.41760394826e-11, 2.60789462941e-11, 6.54677423384e-11, 5.18671217087e-12, 3.24905185221e-12, 5.55267203745e-13, 4.81099209949e-13, 1.9131103765e-13, 1.5914811244e-13, 2.90401519021e-13, 1.22219617239e-13]
    },
    "erbbands": {
        "dmean": [0.000151987725985, 0.00170365558006, 0.0054864375852, 0.0456018783152, 0.743195295334, 9.49577713013, 3.82972550392, 2.78702640533, 0.978964388371, 2.94290542603, 5.50251865387, 1.14581549168, 0.757980763912, 0.662358045578, 0.613760173321, 0.225361645222, 0.210010945797, 0.0935125797987, 0.235372945666, 0.0708591639996, 0.0865721255541, 0.201479107141, 0.114060051739, 0.17245438695, 0.104637034237, 0.0527695305645, 0.0314372703433, 0.0220518298447, 0.00941875111312, 0.00516248913482, 0.00378094054759, 0.00195564352907, 0.00146632711403, 0.00099526939448, 0.000730483268853, 0.00048737518955, 0.000225829397095, 6.00095627306e-05, 1.08385647763e-05, 2.03527997655e-06],
        "dmean2": [0.000276882667094, 0.00279411743395, 0.00884666014463, 0.0758218541741, 1.01982057095, 13.9878883362, 5.77560949326, 4.69677066803, 1.68548083305, 4.98028564453, 9.69310092926, 1.97506451607, 1.3082126379, 1.13897693157, 1.1165958643, 0.409576207399, 0.380728423595, 0.129241421819, 0.275707244873, 0.115913748741, 0.14342688024, 0.36533176899, 0.176936864853, 0.268869072199, 0.146005988121, 0.090961381793, 0.0486844107509, 0.0354813449085, 0.0143464803696, 0.00745110027492, 0.00538114598021, 0.00237998878583, 0.00196621799842, 0.00137969804928, 0.00111534574535, 0.000681286095642, 0.000349403679138, 8.11240606708e-05, 1.52467009684e-05, 2.92437857752e-06],
        "dvar": [2.16808704323e-08, 3.45917260347e-06, 7.75613007136e-05, 0.00255010952242, 0.395990014076, 303.012634277, 16.7044773102, 10.5495977402, 2.8644695282, 46.7891807556, 187.800735474, 15.9972505569, 4.68369340897, 1.21000170708, 5.80483102798, 0.897984564304, 0.769504070282, 0.0906059741974, 1.195707798, 0.0319996327162, 0.0476737245917, 0.278671860695, 0.0256547369063, 0.0734313502908, 0.0484513305128, 0.00653432821855, 0.00366113963537, 0.00195814203471, 0.000602226704359, 0.000395306095015, 0.000208508805372, 7.29516832507e-05, 4.39242976427e-05, 1.68205988302e-05, 7.54311213313e-06, 4.39001178165e-06, 1.02162778148e-06, 8.33424920188e-08, 2.48713449835e-09, 6.58258994188e-12],
        "dvar2": [6.23043163728e-08, 7.27349242879e-06, 0.000129863023176, 0.00481269089505, 0.952116250992, 409.169921875, 38.3007240295, 31.456451416, 8.36365890503, 148.787231445, 568.334472656, 43.7836761475, 11.2961425781, 3.26624369621, 16.4340896606, 2.57957220078, 2.1386051178, 0.13392008841, 2.12057209015, 0.0821846723557, 0.0860552564263, 0.935855329037, 0.046620760113, 0.150083050132, 0.0901241973042, 0.0157840084285, 0.00723203225061, 0.00456860661507, 0.00109753303695, 0.000828341348097, 0.000380899349693, 9.69240863924e-05, 7.31396285119e-05, 2.72642919299e-05, 1.34764532049e-05, 9.65585331869e-06, 2.36322193814e-06, 1.53003455239e-07, 3.44930328744e-09, 1.11552876311e-11],
        "max": [0.00102450558916, 0.0194515325129, 0.105815723538, 0.751885175705, 14.2011165619, 293.42288208, 111.601371765, 58.50050354, 20.0184249878, 81.2283248901, 171.290527344, 44.1278457642, 22.4471759796, 13.0059127808, 25.1721534729, 9.20360946655, 8.85198688507, 4.5718793869, 14.7912044525, 1.89850652218, 3.07038259506, 5.44236755371, 2.26380109787, 3.51619052887, 3.23202109337, 0.891832828522, 0.651351690292, 0.473877072334, 0.246262729168, 0.196742594242, 0.126931473613, 0.0844969898462, 0.0596174411476, 0.0394417159259, 0.0252110976726, 0.0183791182935, 0.00955698918551, 0.0025591456797, 0.000532476929948, 8.43273301143e-05],
        "mean": [0.000341803417541, 0.00321433600038, 0.022237194702, 0.340964764357, 11.038731575, 242.779037476, 90.4502029419, 37.9297981262, 5.97644996643, 25.3660430908, 51.4627876282, 3.91796708107, 1.98575925827, 2.29288816452, 1.11226332188, 0.373934566975, 0.378400921822, 0.21622787416, 0.342213332653, 0.211657837033, 0.310346007347, 0.66148775816, 0.53534924984, 0.680668354034, 0.386552125216, 0.2464992553, 0.118072926998, 0.0635176375508, 0.0252427272499, 0.00806940440089, 0.00524033466354, 0.00277985376306, 0.0019108587876, 0.0014178295387, 0.00100319785997, 0.000604703905992, 0.00029588752659, 9.58364908001e-05, 4.9241934903e-05, 5.78235158173e-05],
        "median": [0.000291457108688, 0.00235758977942, 0.0206588525325, 0.352162480354, 11.8718795776, 264.269897461, 98.6852111816, 41.8709335327, 6.29822778702, 27.5509185791, 56.147064209, 3.65922546387, 1.5664665699, 2.15247011185, 0.734484732151, 0.193006813526, 0.260100781918, 0.113422036171, 0.114589884877, 0.173929914832, 0.263304531574, 0.657945632935, 0.537527382374, 0.667944312096, 0.35193926096, 0.2415035218, 0.108146928251, 0.0521238408983, 0.0173065252602, 0.00222711777315, 0.000863540451974, 0.000478783913422, 0.000417645904236, 0.00034098920878, 0.000233104394283, 0.000121522476547, 6.22161387582e-05, 3.53304894816e-05, 4.23193487222e-05, 6.29448622931e-05],
        "min": [3.80415767722e-05, 0.000573573925067, 0.00297009316273, 0.0372353084385, 0.826815009117, 6.24906873703, 4.37846851349, 0.780574381351, 0.395987838507, 1.22600150108, 2.60463833809, 0.387742757797, 0.103017568588, 0.17422144115, 0.0796147212386, 0.0266066044569, 0.0156022412702, 0.0111370179802, 0.01282971818, 0.0200559925288, 0.0293342042714, 0.068110100925, 0.06122623384, 0.0618164949119, 0.0557556711137, 0.0278589557856, 0.017115816474, 0.0154637815431, 0.00687610777095, 0.000851693563163, 0.000441337877419, 0.000251902034506, 0.000162954544066, 0.000171532665263, 0.000121888238937, 6.22793304501e-05, 2.79061368929e-05, 1.76573994395e-05, 1.98051075131e-05, 7.14831458026e-06],
        "var": [2.82958172448e-08, 8.07271771919e-06, 9.08960864763e-05, 0.00923757068813, 7.91187667847, 3824.91259766, 518.463684082, 127.2345047, 4.93746185303, 82.4214553833, 348.769683838, 15.1401119232, 8.93892097473, 2.32159972191, 5.23285675049, 1.00971651077, 0.668234348297, 0.304378151894, 2.15139651299, 0.0636411458254, 0.120674133301, 0.227108106017, 0.0765228495002, 0.138312205672, 0.0983309075236, 0.0142669854686, 0.00701161613688, 0.00309652835131, 0.0010046500247, 0.000574203731958, 0.000323609914631, 9.55521682044e-05, 4.7907269618e-05, 2.01791935979e-05, 8.75489786267e-06, 4.37150310972e-06, 1.03189347556e-06, 8.82445618799e-08, 2.59446331086e-09, 1.99303143433e-10]
    },
    "gfcc": {
        "mean": [-148.245071411, 172.327819824, -97.9712677002, -6.62987184525, -69.7100067139, -85.3198242188, -39.6230773926, -20.6804924011, -36.0841293335, -18.990480423, -15.5574483871, -7.10823726654, 2.6865439415],
        "cov": [[796.238525391, -166.346450806, -112.835098267, -71.5096435547, -93.4992294312, 155.847427368, -90.5468215942, 15.81432724, -16.6195144653, 13.7255496979, -23.6846256256, -1.1678122282, -40.4376373291], [-166.346450806, 290.12677002, -72.3090362549, -4.10727310181, 62.1358337402, -174.512786865, 75.7241287231, -32.5142364502, 13.3515167236, -30.8687973022, 35.2969818115, -33.8576316833, 54.7841148376], [-112.835098267, -72.3090362549, 91.1463241577, 31.4143047333, -0.789443910122, 23.3473720551, -3.41375088692, 21.0760688782, 1.02454829216, 15.4612073898, -5.53853178024, 18.303943634, -9.13743495941], [-71.5096435547, -4.10727310181, 31.4143047333, 27.2308483124, 8.92831993103, -0.262831509113, 7.99674844742, 3.56857156754, 5.68109321594, 3.29867172241, 4.56219244003, 1.27690589428, 2.64129066467], [-93.4992294312, 62.1358337402, -0.789443910122, 8.92831993103, 29.2744426727, -32.5578918457, 21.0093040466, -4.10660457611, 5.63314771652, -1.26825761795, 9.22602558136, -5.00808525085, 11.001783371], [155.847427368, -174.512786865, 23.3473720551, -0.262831509113, -32.5578918457, 154.544937134, -45.411277771, 15.3157405853, -0.0764000415802, 22.2022342682, -16.2592105865, 18.3456001282, -36.3806838989], [-90.5468215942, 75.7241287231, -3.41375088692, 7.99674844742, 21.0093040466, -45.411277771, 31.0943031311, -6.7304353714, 4.36877536774, -5.93362569809, 9.80428886414, -4.9559545517, 15.8132734299], [15.81432724, -32.5142364502, 21.0760688782, 3.56857156754, -4.10660457611, 15.3157405853, -6.7304353714, 15.557849884, -3.08186221123, 7.63039875031, -5.31110429764, 7.03874397278, -4.59927082062], [-16.6195144653, 13.3515167236, 1.02454829216, 5.68109321594, 5.63314771652, -0.0764000415802, 4.36877536774, -3.08186221123, 9.33555221558, -2.32626867294, 3.44537878036, -2.26093125343, 2.91116023064], [13.7255496979, -30.8687973022, 15.4612073898, 3.29867172241, -1.26825761795, 22.2022342682, -5.93362569809, 7.63039875031, -2.32626867294, 11.8689699173, -3.83049917221, 5.23272848129, -5.96551942825], [-23.6846256256, 35.2969818115, -5.53853178024, 4.56219244003, 9.22602558136, -16.2592105865, 9.80428886414, -5.31110429764, 3.44537878036, -3.83049917221, 10.4863624573, -6.59766626358, 6.28326892853], [-1.1678122282, -33.8576316833, 18.303943634, 1.27690589428, -5.00808525085, 18.3456001282, -4.9559545517, 7.03874397278, -2.26093125343, 5.23272848129, -6.59766626358, 12.6474161148, -7.31084346771], [-40.4376373291, 54.7841148376, -9.13743495941, 2.64129066467, 11.001783371, -36.3806838989, 15.8132734299, -4.59927082062, 2.91116023064, -5.96551942825, 6.28326892853, -7.31084346771, 15.7231245041]],
        "icov": [[0.00580042507499, -0.00321321189404, 0.0118643529713, -0.000878603954334, 0.0189191196114, -0.00169486191589, 0.00714026298374, -0.0141330445185, -0.00708564789966, -0.013915700838, -0.00893079768866, -0.00304625392891, 0.00286577316001], [-0.00321321189404, 0.0871214568615, 0.0309860426933, 0.0357577241957, -0.0521942712367, 0.0481885708869, -0.0672613754869, 0.000342692219419, -0.0516733452678, -0.00585817359388, -0.0763525441289, -0.00818552263081, -0.0500012114644], [0.0118643529713, 0.0309860426933, 0.0826411396265, -0.0291820690036, 0.0305908992887, 0.0270613133907, -0.00943504832685, -0.0555024780333, -0.0502386949956, -0.0570246614516, -0.0604616962373, -0.0504666566849, -0.0016964210663], [-0.000878603954334, 0.0357577241957, -0.0291820690036, 0.115606196225, -0.0303285773844, 0.0100156608969, -0.0423986278474, 0.00383144477382, -0.0438851267099, 0.000211297228816, -0.0535024702549, 0.0256914719939, -0.0335391871631], [0.0189191196114, -0.0521942712367, 0.0305908992887, -0.0303285773844, 0.172891095281, -0.0141468960792, 0.0137404175475, -0.0476053468883, -0.0359672904015, -0.0920967310667, -0.0191539227962, -0.00955759175122, 0.0468642413616], [-0.00169486191589, 0.0481885708869, 0.0270613133907, 0.0100156608969, -0.0141468960792, 0.0511002130806, -0.0262909643352, -0.00281250383705, -0.0570103935897, -0.0363684743643, -0.0497487522662, -0.0189413074404, 0.00336715835147], [0.00714026298374, -0.0672613754869, -0.00943504832685, -0.0423986278474, 0.0137404175475, -0.0262909643352, 0.180606842041, 0.0136376488954, 0.0384135469794, -0.00768510904163, 0.00894799735397, -0.0604980103672, -0.0354724004865], [-0.0141330445185, 0.000342692219419, -0.0555024780333, 0.00383144477382, -0.0476053468883, -0.00281250383705, 0.0136376488954, 0.172315299511, 0.0486613065004, -0.0059966146946, 0.0461791418493, -0.0160181894898, -0.0441359952092], [-0.00708564789966, -0.0516733452678, -0.0502386949956, -0.0438851267099, -0.0359672904015, -0.0570103935897, 0.0384135469794, 0.0486613065004, 0.229097157717, 0.0903088524938, 0.0629090964794, 0.0230538472533, -0.0137204891071], [-0.013915700838, -0.00585817359388, -0.0570246614516, 0.000211297228816, -0.0920967310667, -0.0363684743643, -0.00768510904163, -0.0059966146946, 0.0903088524938, 0.242904677987, 0.0654037892818, 0.0333830602467, 0.00253908359446], [-0.00893079768866, -0.0763525441289, -0.0604616962373, -0.0535024702549, -0.0191539227962, -0.0497487522662, 0.00894799735397, 0.0461791418493, 0.0629090964794, 0.0654037892818, 0.3180744946, 0.114216536283, 0.0588842667639], [-0.00304625392891, -0.00818552263081, -0.0504666566849, 0.0256914719939, -0.00955759175122, -0.0189413074404, -0.0604980103672, -0.0160181894898, 0.0230538472533, 0.0333830602467, 0.114216536283, 0.229864433408, 0.075697094202], [0.00286577316001, -0.0500012114644, -0.0016964210663, -0.0335391871631, 0.0468642413616, 0.00336715835147, -0.0354724004865, -0.0441359952092, -0.0137204891071, 0.00253908359446, 0.0588842667639, 0.075697094202, 0.262772649527]]
    },
    "melbands": {
        "dmean": [1.62101798651e-06, 2.4589030545e-06, 1.02166841316e-05, 0.000341088598361, 0.000239515313297, 5.51105622435e-05, 1.45711574078e-05, 4.92233630212e-05, 3.71514433937e-05, 6.7794790084e-06, 3.89968317904e-06, 2.85559099211e-06, 2.24089922085e-06, 9.8874863852e-07, 5.09025142037e-07, 3.83480653454e-07, 1.80107278425e-07, 4.84739075546e-07, 6.10055650441e-08, 1.50934042153e-07, 1.04662539968e-07, 2.54235885677e-07, 1.35696581083e-07, 1.08928787768e-07, 1.54021208232e-07, 1.25415667185e-07, 5.1682697233e-08, 3.44477228964e-08, 2.17325322183e-08, 1.74949779108e-08, 1.22344792075e-08, 6.50772458144e-09, 3.00462876801e-09, 3.09029601908e-09, 2.47387732522e-09, 1.51781154312e-09, 1.14812437335e-09, 1.06720099424e-09, 1.04934116951e-09, 8.05589872588e-10],
        "dmean2": [2.77265780824e-06, 3.94477092414e-06, 1.5872396034e-05, 0.000502096314449, 0.000352946546627, 9.46531945374e-05, 2.50076936936e-05, 8.29459168017e-05, 6.5589636506e-05, 1.12149300548e-05, 6.50662650514e-06, 4.87608031108e-06, 4.05429545935e-06, 1.61383456998e-06, 9.22842332329e-07, 6.8818502541e-07, 2.18508461103e-07, 5.83881615057e-07, 7.26853031097e-08, 2.52043179216e-07, 1.67940996221e-07, 4.61803551843e-07, 2.18400060703e-07, 1.80999421673e-07, 2.48155004101e-07, 1.80600352451e-07, 8.10874780655e-08, 5.98695422127e-08, 3.29058984505e-08, 2.76681983991e-08, 1.99698266812e-08, 1.01962855936e-08, 4.32768931802e-09, 4.78199480014e-09, 3.65695296267e-09, 1.60021651485e-09, 1.51540779925e-09, 1.53264256841e-09, 1.34788191719e-09, 1.19691734302e-09],
        "dvar": [2.43090356872e-12, 1.44916040973e-11, 2.10680237145e-10, 3.14296698889e-07, 1.27144119233e-07, 4.6958303912e-09, 6.20591911193e-10, 1.09757198885e-08, 1.02966764004e-08, 4.25504936841e-10, 1.04937503131e-10, 1.78020514996e-11, 5.66005124714e-11, 1.43667794675e-11, 6.01336081624e-12, 1.85165381292e-12, 3.25619685295e-13, 5.25423975162e-12, 2.71645465182e-14, 1.09452248968e-13, 6.57245322077e-14, 5.40549105043e-13, 1.68301685793e-14, 2.57887549477e-14, 5.85741782226e-14, 5.37671713792e-14, 4.04797299603e-15, 2.53938021191e-15, 1.25974286866e-15, 1.12878839864e-15, 3.92871218642e-16, 2.21911223706e-16, 9.87036574651e-17, 1.80510106128e-16, 8.65875724562e-17, 3.41151386883e-17, 2.59368486397e-17, 2.51593799276e-17, 1.64702942703e-17, 1.1307116432e-17],
        "dvar2": [6.1524314289e-12, 2.54157424273e-11, 3.51081996808e-10, 4.40796327439e-07, 1.96100756966e-07, 1.49452343834e-08, 1.78898840186e-09, 3.4656036263e-08, 3.12801233804e-08, 1.10625786309e-09, 2.4934160292e-10, 4.83292190989e-11, 1.62841587437e-10, 3.74190921304e-11, 1.75471078639e-11, 4.85476806325e-12, 5.29632381788e-13, 9.65534076303e-12, 2.57619819303e-14, 2.98909443204e-13, 1.26008917385e-13, 1.82200825607e-12, 4.6434461365e-14, 4.88579445998e-14, 1.24575561455e-13, 9.79774665262e-14, 6.79939011859e-15, 6.63500304639e-15, 2.72168690139e-15, 2.17999239096e-15, 8.66181503456e-16, 4.1995157665e-16, 1.64884611418e-16, 4.37097720494e-16, 1.85522463298e-16, 3.8550216435e-17, 3.80755603472e-17, 4.59018833907e-17, 2.67538367328e-17, 1.93617802021e-17],
        "max": [1.29090512928e-05, 3.92928268411e-05, 0.000169299644767, 0.00981024000794, 0.00751351611689, 0.0011587201152, 0.000278035207884, 0.00130630063359, 0.00123298855033, 0.000221094494918, 0.000109508066089, 4.47013735538e-05, 7.94083753135e-05, 3.77597207262e-05, 2.40717563429e-05, 1.29544032461e-05, 8.86873385753e-06, 3.05357571051e-05, 2.4732669317e-06, 3.23994049722e-06, 3.72030490325e-06, 7.23581160855e-06, 1.65560641108e-06, 1.90212449525e-06, 2.96273742606e-06, 3.15171496368e-06, 1.02175897609e-06, 5.72495650886e-07, 3.82924554287e-07, 3.37025483077e-07, 2.1026735908e-07, 1.49164662844e-07, 8.56257713622e-08, 1.35902354259e-07, 7.9302274969e-08, 5.6703477469e-08, 4.95538827749e-08, 4.26930597541e-08, 3.6720265939e-08, 3.20371746909e-08],
        "mean": [2.66009669758e-06, 6.19346155872e-06, 3.3183285268e-05, 0.00810435507447, 0.00616929074749, 0.00067703059176, 6.81273522787e-05, 0.000452965206932, 0.000341560371453, 1.29384434331e-05, 9.97214192466e-06, 9.92324021354e-06, 4.80918106405e-06, 1.43079216741e-06, 7.85116696989e-07, 7.08245067926e-07, 3.54329415586e-07, 6.68111852065e-07, 1.49011370354e-07, 4.51482861763e-07, 3.17183207699e-07, 7.26516475424e-07, 5.05496984715e-07, 4.93051345529e-07, 5.77785158384e-07, 3.90863704069e-07, 2.10211382523e-07, 1.46875194673e-07, 8.15515548425e-08, 4.73668286816e-08, 3.31838130307e-08, 1.61033284485e-08, 5.88959814252e-09, 3.91468812921e-09, 3.09434700085e-09, 2.25811325194e-09, 1.48073164841e-09, 1.28830268675e-09, 1.37228861607e-09, 1.08870978899e-09],
        "median": [1.99635678655e-06, 5.15547617397e-06, 3.03350134345e-05, 0.00882715918124, 0.00673372112215, 0.000744987570215, 7.06247519702e-05, 0.000495553540532, 0.00037077779416, 9.87564453681e-06, 7.87814860814e-06, 9.35938078328e-06, 3.79010134566e-06, 6.37030666439e-07, 5.13665895596e-07, 4.66196723892e-07, 1.79297259706e-07, 2.10336963846e-07, 8.93923726153e-08, 4.02577882141e-07, 2.57461522324e-07, 7.11253221652e-07, 4.94440087095e-07, 4.81093593407e-07, 5.66060691654e-07, 3.50716788944e-07, 2.01295478064e-07, 1.45643070937e-07, 7.49506483544e-08, 3.70077017919e-08, 2.75125575655e-08, 1.15188836247e-08, 2.3981101549e-09, 6.08879002773e-10, 4.85525508687e-10, 3.65325880658e-10, 2.44475661937e-10, 2.69602090652e-10, 2.49662124308e-10, 2.5948831972e-10],
        "min": [3.93593495573e-07, 8.49771708999e-07, 4.19426623921e-06, 0.000245428178459, 0.00020502237021, 1.77466026798e-05, 4.27143004345e-06, 1.94530912268e-05, 1.80382685357e-05, 9.5454993243e-07, 4.78652509628e-07, 7.13583972356e-07, 3.90319740973e-07, 4.3664023508e-08, 4.06995468438e-08, 3.23377022937e-08, 1.77285706116e-08, 2.08343333696e-08, 1.50799692733e-08, 4.56048461217e-08, 2.78930176734e-08, 7.91122047872e-08, 4.40408669533e-08, 5.96449183377e-08, 4.84259139455e-08, 4.07380547074e-08, 3.46402551088e-08, 1.4810352944e-08, 1.13704308191e-08, 9.34843313871e-09, 8.5239824088e-09, 4.6955133115e-09, 7.60975449321e-10, 1.77761513842e-10, 1.98528832263e-10, 1.41087738714e-10, 9.92124715715e-11, 1.10877640402e-10, 8.60062368546e-11, 1.06322464721e-10],
        "var": [4.66798735083e-12, 1.8903004162e-11, 2.8502719629e-10, 4.25002599513e-06, 2.43021759161e-06, 4.22234869291e-08, 8.27441892781e-10, 2.46293776485e-08, 1.63507234419e-08, 5.01429620048e-10, 2.1478621659e-10, 3.70665928506e-11, 5.1226620168e-11, 1.9131628573e-11, 4.21533120909e-12, 2.05070487501e-12, 9.10253209613e-13, 8.91300054595e-12, 9.97021001457e-14, 1.67155501138e-13, 1.58755807437e-13, 3.82329747289e-13, 5.83913275262e-14, 5.80772544856e-14, 1.00724048785e-13, 1.02070804066e-13, 1.47872555536e-14, 4.79941488705e-15, 2.38716161503e-15, 2.37438835818e-15, 6.26205687493e-16, 3.50937211462e-16, 1.6588956307e-16, 2.1789757132e-16, 1.19097623414e-16, 5.81822100734e-17, 3.02260199982e-17, 2.46952174531e-17, 2.15483461246e-17, 1.24023507123e-17]
    },
    "mfcc": {
        "mean": [-801.426025391, 207.376647949, 3.33654952049, 46.8382301331, -28.5478343964, -52.5957183838, -20.8157119751, -27.1205406189, -20.3540782928, -27.1012954712, -18.5182056427, -11.8253622055, -16.0514392853],
        "cov": [[760.640380859, -33.3928260803, -134.085601807, -133.380874634, -50.6328926086, 55.7655677795, -47.6341247559, 4.6461148262, -30.8735752106, 30.3759307861, -7.803835392, -38.6085472107, -0.726608395576], [-33.3928260803, 162.811126709, -66.1964416504, 63.0938301086, -24.9554214478, -68.13331604, 15.5967664719, -28.0186004639, 2.24518322945, -23.4078598022, -6.50290489197, 11.6285047531, -8.56337833405], [-134.085601807, -66.1964416504, 82.9524841309, 10.2517566681, 26.0611782074, 22.7679309845, 7.36299133301, 17.195892334, 12.1550674438, 7.15847587585, 8.77145195007, 9.31662845612, 9.17436218262], [-133.380874634, 63.0938301086, 10.2517566681, 76.9446029663, -3.69721698761, -44.8130874634, 16.5504665375, -14.274471283, 10.7989244461, -16.8050861359, 1.00752687454, 15.6108608246, -3.474173069], [-50.6328926086, -24.9554214478, 26.0611782074, -3.69721698761, 26.7191734314, 18.7260704041, 4.37477588654, 8.96643924713, 2.57577991486, 10.4588851929, 6.55865621567, 3.56322264671, 4.1963763237], [55.7655677795, -68.13331604, 22.7679309845, -44.8130874634, 18.7260704041, 64.2086486816, -0.630414128304, 20.7809295654, -0.876534461975, 23.3809280396, 10.7352161407, -4.17177820206, 9.53267097473], [-47.6341247559, 15.5967664719, 7.36299133301, 16.5504665375, 4.37477588654, -0.630414128304, 15.3427820206, 0.78201264143, 3.9675989151, -0.0560156032443, 3.8914744854, 5.74047994614, 1.96064424515], [4.6461148262, -28.0186004639, 17.195892334, -14.274471283, 8.96643924713, 20.7809295654, 0.78201264143, 16.7516345978, 2.19173741341, 9.10542201996, 3.80858635902, -1.64495193958, 5.79126214981], [-30.8735752106, 2.24518322945, 12.1550674438, 10.7989244461, 2.57577991486, -0.876534461975, 3.9675989151, 2.19173741341, 11.110039711, 0.849654495716, 1.37277698517, 3.58679246902, 0.65303838253], [30.3759307861, -23.4078598022, 7.15847587585, -16.8050861359, 10.4588851929, 23.3809280396, -0.0560156032443, 9.10542201996, 0.849654495716, 16.0781822205, 4.81448841095, -3.82675647736, 1.96097683907], [-7.803835392, -6.50290489197, 8.77145195007, 1.00752687454, 6.55865621567, 10.7352161407, 3.8914744854, 3.80858635902, 1.37277698517, 4.81448841095, 8.49291229248, 1.88649320602, 1.66397762299], [-38.6085472107, 11.6285047531, 9.31662845612, 15.6108608246, 3.56322264671, -4.17177820206, 5.74047994614, -1.64495193958, 3.58679246902, -3.82675647736, 1.88649320602, 10.4409542084, 3.34481883049], [-0.726608395576, -8.56337833405, 9.17436218262, -3.474173069, 4.1963763237, 9.53267097473, 1.96064424515, 5.79126214981, 0.65303838253, 1.96097683907, 1.66397762299, 3.34481883049, 9.03568172455]],
