{
"lowlevel": {
    "average_loudness": 0.99068403244,
    "barkbands_crest": {
        "dmean": 0.778563499451,
        "dmean2": 1.28746449947,
        "dvar": 0.794945895672,
        "dvar2": 1.35879421234,
        "max": 21.972114563,
        "mean": 19.7370853424,
        "median": 19.7400131226,
        "min": 12.4673395157,
        "var": 2.06011414528
    },
    "barkbands_flatness_db": {
        "dmean": 0.0132987396792,
        "dmean2": 0.0184647105634,
        "dvar": 0.000496271066368,
        "dvar2": 0.000363698753063,
        "max": 0.378491342068,
        "mean": 0.327309012413,
        "median": 0.325644105673,
        "min": 0.129897683859,
        "var": 0.00145393027924
    },
    "barkbands_kurtosis": {
        "dmean": 1.21514379978,
        "dmean2": 1.90867316723,
        "dvar": 1.37157571316,
        "dvar2": 1.73551988602,
        "max": 17.2214012146,
        "mean": 5.10356330872,
        "median": 4.70864582062,
        "min": 1.88746595383,
        "var": 6.16509723663
    },
    "barkbands_skewness": {
        "dmean": 0.19409032166,
        "dmean2": 0.334357112646,
        "dvar": 0.0186957940459,
        "dvar2": 0.0472147800028,
        "max": 2.82015824318,
        "mean": 2.04106807709,
        "median": 2.06138849258,
        "min": 1.43996036053,
        "var": 0.112623997033
    },
    "barkbands_spread": {
        "dmean": 0.366692095995,
        "dmean2": 0.618882536888,
        "dvar": 0.114954061806,
        "dvar2": 0.265599161386,
        "max": 8.51047992706,
        "mean": 4.9773273468,
        "median": 5.13115406036,
        "min": 2.65504074097,
        "var": 1.63471126556
    },
    "dissonance": {
        "dmean": 0.0343225598335,
        "dmean2": 0.0541315749288,
        "dvar": 0.00081567367306,
        "dvar2": 0.00186942925211,
        "max": 0.463132411242,
        "mean": 0.408952236176,
        "median": 0.417382568121,
        "min": 0.247158080339,
        "var": 0.00135417201091
    },
    "dynamic_complexity": 0.224767372012,
    "erbbands_crest": {
        "dmean": 0.995345056057,
        "dmean2": 1.63101482391,
        "dvar": 0.854086756706,
        "dvar2": 1.63772714138,
        "max": 16.3404941559,
        "mean": 12.0459823608,
        "median": 11.8736448288,
        "min": 5.61768531799,
        "var": 4.52682495117
    },
    "erbbands_flatness_db": {
        "dmean": 0.0102603007108,
        "dmean2": 0.0127822682261,
        "dvar": 0.000507015211042,
        "dvar2": 0.00036313306191,
        "max": 0.369310855865,
        "mean": 0.336098134518,
        "median": 0.337568640709,
        "min": 0.149500176311,
        "var": 0.00113846897148
    },
    "erbbands_kurtosis": {
        "dmean": 0.218175962567,
        "dmean2": 0.274182111025,
        "dvar": 0.260526448488,
        "dvar2": 0.235363632441,
        "max": 4.66663169861,
        "mean": 0.241047546268,
        "median": 0.0416774749756,
        "min": -0.235356092453,
        "var": 0.464906334877
    },
    "erbbands_skewness": {
        "dmean": 0.125448286533,
        "dmean2": 0.196676656604,
        "dvar": 0.0125021021813,
        "dvar2": 0.0175178516656,
        "max": 1.48243200779,
        "mean": 0.550960123539,
        "median": 0.521685123444,
        "min": 0.169063508511,
        "var": 0.0601892843843
    },
    "erbbands_spread": {
        "dmean": 0.757884025574,
        "dmean2": 1.24980473518,
        "dvar": 0.386422634125,
        "dvar2": 0.763472437859,
        "max": 23.0807094574,
        "mean": 17.7513809204,
        "median": 18.313041687,
        "min": 11.3099298477,
        "var": 4.68574476242
    },
    "hfc": {
        "dmean": 1.55893075466,
        "dmean2": 2.4115550518,
        "dvar": 9.65980529785,
        "dvar2": 8.33099746704,
        "max": 26.2349643707,
        "mean": 20.6915874481,
        "median": 21.2720184326,
        "min": 0.579706847668,
        "var": 18.0893211365
    },
    "melbands_crest": {
        "dmean": 0.811158597469,
        "dmean2": 1.28732454777,
        "dvar": 1.81223225594,
        "dvar2": 2.27816152573,
        "max": 24.6895751953,
        "mean": 22.8609676361,
        "median": 22.9827785492,
        "min": 12.6456460953,
        "var": 2.6594543457
    },
    "melbands_flatness_db": {
        "dmean": 0.0110978977755,
        "dmean2": 0.0146576203406,
        "dvar": 0.000384054554161,
        "dvar2": 0.00032519074739,
        "max": 0.463866561651,
        "mean": 0.398678809404,
        "median": 0.391082108021,
        "min": 0.225337564945,
        "var": 0.00174294400495
    },
    "melbands_kurtosis": {
        "dmean": 1.22838127613,
        "dmean2": 2.14579558372,
        "dvar": 0.801645219326,
        "dvar2": 1.75869715214,
        "max": 10.9857120514,
        "mean": 6.1987657547,
        "median": 5.88900375366,
        "min": 2.9267077446,
        "var": 3.75215959549
    },
    "melbands_skewness": {
        "dmean": 0.189976036549,
        "dmean2": 0.334532767534,
        "dvar": 0.0184330288321,
        "dvar2": 0.0481498092413,
        "max": 2.89605855942,
        "mean": 2.28664517403,
        "median": 2.25025224686,
        "min": 1.75485742092,
        "var": 0.0745997056365
    },
    "melbands_spread": {
        "dmean": 0.576759338379,
        "dmean2": 1.02275645733,
        "dvar": 0.192866668105,
        "dvar2": 0.612139046192,
        "max": 9.95071983337,
        "mean": 7.03630304337,
        "median": 7.35051202774,
        "min": 3.72298765182,
        "var": 3.0221221447
    },
    "pitch_salience": {
        "dmean": 0.0231565963477,
        "dmean2": 0.03318592906,
        "dvar": 0.00280843768269,
        "dvar2": 0.00271302973852,
        "max": 0.822238445282,
        "mean": 0.392909437418,
        "median": 0.384681522846,
        "min": 0.278245985508,
        "var": 0.00646785646677
    },
    "silence_rate_20dB": {
        "dmean": 0,
        "dmean2": 0,
        "dvar": 0,
        "dvar2": 0,
        "max": 1,
        "mean": 1,
        "median": 1,
        "min": 1,
        "var": 0
    },
    "silence_rate_30dB": {
        "dmean": 0,
        "dmean2": 0,
        "dvar": 0,
        "dvar2": 0,
        "max": 1,
        "mean": 1,
        "median": 1,
        "min": 1,
        "var": 0
    },
    "silence_rate_60dB": {
        "dmean": 0,
        "dmean2": 0,
        "dvar": 0,
        "dvar2": 0,
        "max": 0,
        "mean": 0,
        "median": 0,
        "min": 0,
        "var": 0
    },
    "spectral_centroid": {
        "dmean": 13.6838436127,
        "dmean2": 23.3805656433,
        "dvar": 116.979598999,
        "dvar2": 366.028747559,
        "max": 516.25402832,
        "mean": 434.889404297,
        "median": 438.795196533,
        "min": 339.674743652,
        "var": 2645.12597656
    },
    "spectral_complexity": {
        "dmean": 1.96666669846,
        "dmean2": 3.05084753036,
        "dvar": 3.4655559063,
        "dvar2": 5.43809318542,
        "max": 18,
        "mean": 13.2131147385,
        "median": 13,
        "min": 1,
        "var": 6.36441898346
    },
    "spectral_decrease": {
        "dmean": 7.57811369212e-10,
        "dmean2": 1.07597963872e-09,
        "dvar": 3.63336933394e-18,
        "dvar2": 3.54856140087e-18,
        "max": -3.04048092259e-10,
        "mean": -1.34338025148e-08,
        "median": -1.39507498886e-08,
        "min": -1.48174637005e-08,
        "var": 4.2740492561e-18
    },
    "spectral_energy": {
        "dmean": 0.00297767994925,
        "dmean2": 0.00422475952655,
        "dvar": 5.58254105272e-05,
        "dvar2": 5.42395318917e-05,
        "max": 0.0582614727318,
        "mean": 0.052579022944,
        "median": 0.0545158907771,
        "min": 0.00120012834668,
        "var": 6.63845057716e-05
    },
    "spectral_energyband_high": {
        "dmean": 2.09510881177e-06,
        "dmean2": 3.40885594596e-06,
        "dvar": 7.86658585494e-12,
        "dvar2": 1.44443823222e-11,
        "max": 2.41317284235e-05,
        "mean": 1.15865677799e-05,
        "median": 1.05771414383e-05,
        "min": 2.17739670916e-06,
        "var": 3.3311971237e-11
    },
    "spectral_energyband_low": {
        "dmean": 3.59625919373e-05,
        "dmean2": 6.4794854552e-05,
        "dvar": 1.13485199016e-09,
        "dvar2": 2.79650191892e-09,
        "max": 0.000303201231873,
        "mean": 6.50437941658e-05,
        "median": 5.64811525692e-05,
        "min": 9.90717762761e-06,
        "var": 2.00859751054e-09
    },
    "spectral_energyband_middle_high": {
        "dmean": 0.00156117079314,
        "dmean2": 0.00265456107445,
        "dvar": 1.6934126279e-06,
        "dvar2": 3.86174269806e-06,
        "max": 0.00964985601604,
        "mean": 0.00534469867125,
        "median": 0.00528487609699,
        "min": 0.000157891481649,
        "var": 4.26681936005e-06
    },
    "spectral_energyband_middle_low": {
        "dmean": 0.00319544388913,
        "dmean2": 0.00484624970704,
        "dvar": 4.31554362876e-05,
        "dvar2": 4.5904860599e-05,
        "max": 0.0522223450243,
        "mean": 0.0472323223948,
        "median": 0.0485922694206,
        "min": 0.000994937145151,
        "var": 4.9690650485e-05
    },
    "spectral_entropy": {
        "dmean": 0.0639948621392,
        "dmean2": 0.0946993082762,
        "dvar": 0.00554633373395,
        "dvar2": 0.00572811625898,
        "max": 7.14042901993,
        "mean": 6.43606948853,
        "median": 6.48102378845,
        "min": 6.07775783539,
        "var": 0.0332205593586
    },
    "spectral_flux": {
        "dmean": 0.0128059638664,
        "dmean2": 0.0159992165864,
        "dvar": 0.000476390850963,
        "dvar2": 0.000556578917895,
        "max": 0.209970116615,
        "mean": 0.0488674454391,
        "median": 0.0435223765671,
        "min": 0.0254596918821,
        "var": 0.000747379323002
    },
    "spectral_kurtosis": {
        "dmean": 9.91956520081,
        "dmean2": 16.974199295,
        "dvar": 71.0749816895,
        "dvar2": 151.133743286,
        "max": 46.3689804077,
        "mean": 19.5281906128,
        "median": 18.7380008698,
        "min": 2.96937656403,
        "var": 118.05506134
    },
    "spectral_rms": {
        "dmean": 0.000252187135629,
        "dmean2": 0.000338211626513,
        "dvar": 6.9122182822e-07,
        "dvar2": 6.73718943744e-07,
        "max": 0.00753926113248,
        "mean": 0.00711040664464,
        "median": 0.00729288952425,
        "min": 0.00108206144068,
        "var": 7.38720586924e-07
    },
    "spectral_rolloff": {
        "dmean": 34.0942382812,
        "dmean2": 64.2346420288,
        "dvar": 1828.31115723,
        "dvar2": 4550.20654297,
        "max": 839.794921875,
        "mean": 696.828491211,
        "median": 710.595703125,
        "min": 495.263671875,
        "var": 6689.63671875
    },
    "spectral_skewness": {
        "dmean": 0.674910366535,
        "dmean2": 1.14420175552,
        "dvar": 0.313655406237,
        "dvar2": 0.687679946423,
        "max": 4.54436540604,
        "mean": 2.71829795837,
        "median": 2.61851620674,
        "min": 1.46179664135,
        "var": 0.661992847919
    },
    "spectral_spread": {
        "dmean": 240041.203125,
        "dmean2": 320639.875,
        "dvar": 298127097856,
        "dvar2": 230940082176,
        "max": 6641146,
        "mean": 1776043.25,
        "median": 1698651.875,
        "min": 1264496.5,
        "var": 482013609984
    },
    "spectral_strongpeak": {
        "dmean": 0.116762764752,
        "dmean2": 0.153383240104,
        "dvar": 0.0860785022378,
        "dvar2": 0.0993945077062,
        "max": 2.19468331337,
        "mean": 2.04101467133,
        "median": 2.12605190277,
        "min": 0.0389850027859,
        "var": 0.128722772002
    },
    "zerocrossingrate": {
        "dmean": 0.000415039074142,
        "dmean2": 0.000537936983164,
        "dvar": 1.11917699996e-06,
        "dvar2": 8.29979171613e-07,
        "max": 0.01171875,
        "mean": 0.0106541365385,
        "median": 0.0107421875,
        "min": 0.00244140625,
        "var": 1.7080787984e-06
    },
    "barkbands": {
        "dmean": [2.96825692203e-06, 8.853975487e-06, 2.34111994359e-05, 4.29910360253e-05, 0.00273303478025, 0.000240980632952, 0.000221469759708, 0.000688416301273, 0.0010647426825, 0.0013891197741, 0.000261989102, 0.000276255595963, 0.000251549936365, 2.28740063903e-05, 8.17180898594e-06, 1.43442384797e-05, 3.0318798963e-05, 1.76171888597e-05, 8.92187199497e-06, 3.13773762173e-06, 8.32205955703e-07, 2.1166398767e-07, 7.2858306055e-08, 5.88373367805e-08, 4.73551757807e-08, 4.35858957815e-08, 4.47648069724e-08],
        "dmean2": [4.24623704021e-06, 1.43396628118e-05, 4.14921851188e-05, 7.72121202317e-05, 0.00411412352696, 0.000434088462498, 0.000382642901968, 0.00125651201233, 0.0018489768263, 0.00248943222687, 0.000427503080573, 0.000481921801111, 0.000433857785538, 3.85763050872e-05, 1.33277453642e-05, 2.31407648243e-05, 5.1894767239e-05, 2.89805539069e-05, 1.28523461171e-05, 5.31351315658e-06, 1.21321704682e-06, 3.11358462568e-07, 1.03804360663e-07, 8.39008578168e-08, 6.50587637097e-08, 5.99331286821e-08, 6.09074319868e-08],
        "dvar": [1.04275255097e-10, 1.95686633564e-10, 2.50375609134e-10, 3.65536423352e-09, 2.96959224215e-05, 2.69603326331e-08, 4.7062972186e-08, 2.47482404347e-07, 1.22463825392e-06, 1.18331979593e-06, 6.23022984314e-08, 7.4267944683e-08, 4.90467577663e-08, 1.01313646361e-09, 3.99667625384e-11, 1.19155144085e-10, 6.66420418849e-10, 5.41025724221e-10, 1.68147634705e-10, 9.4029515077e-12, 9.77012199442e-13, 1.31228117565e-13, 6.22802116411e-14, 5.92771613587e-14, 5.43832557112e-14, 5.26247577145e-14, 6.00600501949e-14],
        "dvar2": [1.08285276579e-10, 2.0430231118e-10, 8.18205891928e-10, 1.03347508329e-08, 3.16777623084e-05, 7.59691900498e-08, 1.30942140686e-07, 7.18304761449e-07, 2.18992295231e-06, 3.60007720701e-06, 1.29997246745e-07, 1.75752632003e-07, 1.60014195671e-07, 1.9736918766e-09, 1.10610652582e-10, 3.83485382338e-10, 1.67536629014e-09, 8.71405503311e-10, 1.76882300473e-10, 1.60532316607e-11, 1.51088896169e-12, 2.25612836247e-13, 7.68301776908e-14, 7.76583116389e-14, 6.57917391899e-14, 6.34870641844e-14, 7.21063698117e-14],
        "max": [8.10259371065e-05, 0.000140131174703, 0.000101546713267, 0.000383895589039, 0.0428008176386, 0.00151936640032, 0.0014983646106, 0.00326635059901, 0.00981112010777, 0.0056212102063, 0.00194152374752, 0.00199684780091, 0.00132552639116, 0.000221235459321, 4.06693143304e-05, 8.00867201178e-05, 0.000219497655053, 0.000190563194337, 0.000122122699395, 2.88094415737e-05, 9.9004155345e-06, 2.65735980065e-06, 1.80145548256e-06, 1.70957173395e-06, 1.6547459154e-06, 1.61894911344e-06, 1.73178545992e-06],
        "mean": [4.12054941989e-06, 1.95097236428e-05, 2.55127397395e-05, 5.9266541939e-05, 0.0385915897787, 0.000422943383455, 0.000913826981559, 0.00166316819377, 0.00549274589866, 0.00256664957851, 0.00120815925766, 0.000794671766926, 0.000396996329073, 6.32678566035e-05, 1.88297726709e-05, 4.24616482633e-05, 0.000114407092042, 0.000100158402347, 5.96027384745e-05, 1.53593118739e-05, 4.59919328932e-06, 7.77379625561e-07, 1.5898349659e-07, 1.11449033113e-07, 7.61417666695e-08, 5.98702527554e-08, 6.28153102866e-08],
        "median": [2.18154627873e-06, 1.67582711583e-05, 2.20990423259e-05, 3.27427551383e-05, 0.0396144129336, 0.000359447789378, 0.000849827833008, 0.00152623245958, 0.00562857324257, 0.00247515342198, 0.00127873697784, 0.000609253591392, 0.00033317427733, 3.57792450814e-05, 1.80521474249e-05, 4.13797606598e-05, 0.000117267947644, 9.45341889746e-05, 5.4051153711e-05, 1.63403656188e-05, 3.81716563425e-06, 4.15769903839e-07, 6.27942924325e-08, 4.58799220837e-08, 1.78392429717e-08, 4.07463929264e-09, 5.62203261723e-09],
        "min": [1.91875940914e-07, 4.27234135714e-06, 1.49229720137e-06, 1.734496891e-06, 0.000554048165213, 8.6592786829e-05, 4.24986610597e-05, 4.11791261286e-05, 0.000118005969853, 8.43842863105e-05, 2.67151172011e-05, 1.63863223861e-05, 1.10569399112e-05, 4.41391739514e-06, 7.2677744356e-07, 2.54144242717e-06, 1.11362953703e-06, 4.55936105936e-06, 3.22439245792e-06, 1.87604382518e-06, 9.47256978634e-07, 8.3093148362e-08, 5.34535349317e-09, 4.07535472036e-09, 2.24350737987e-09, 1.15742415652e-09, 4.04711286706e-09],
        "var": [1.05429130703e-10, 3.00551333821e-10, 3.92597454546e-10, 4.84709117288e-09, 3.44633299392e-05, 6.88000838522e-08, 6.74919533594e-08, 5.70541089928e-07, 4.86032558911e-06, 1.42113958645e-06, 2.13313683162e-07, 3.02631178783e-07, 1.09592491526e-07, 3.79450426635e-09, 7.12491385335e-11, 2.11679077045e-10, 2.38797426277e-09, 2.76434852786e-09, 1.01398089924e-09, 4.5328966275e-11, 7.27181249244e-12, 4.61435360408e-13, 7.9818672559e-14, 7.07633753569e-14, 6.40193938985e-14, 6.13743132922e-14, 7.014485157e-14]
    },
    "erbbands": {
        "dmean": [0.000196005275939, 0.00255190138705, 0.0224907100201, 0.0784662887454, 1.89844739437, 15.8081712723, 4.06923103333, 2.61209702492, 2.16989278793, 4.15246248245, 17.4199810028, 18.0623111725, 21.2522888184, 29.5346775055, 9.29613685608, 10.0638837814, 12.8315372467, 1.13821768761, 1.10327851772, 0.545079767704, 0.701125144958, 1.68091094494, 0.976594269276, 0.771729707718, 0.371812820435, 0.099657535553, 0.0528625957668, 0.0257816445082, 0.00839384831488, 0.00301903183572, 0.00202100654133, 0.00145297427662, 0.000885584449861, 0.000564564892557, 0.000327147601638, 0.000174520231667, 8.10023411759e-05, 2.81197990262e-05, 7.11041002432e-06, 3.06114452542e-06],
        "dmean2": [0.000287226866931, 0.00431872811168, 0.040737722069, 0.140880376101, 3.05692982674, 22.9740982056, 6.96333026886, 4.77276039124, 3.40839314461, 6.80660963058, 31.7625331879, 30.9848842621, 35.5418510437, 49.982875824, 15.7357702255, 16.5436439514, 22.0334625244, 1.75388908386, 1.87846088409, 0.885393202305, 1.12301874161, 2.82738304138, 1.61805903912, 1.21778452396, 0.552620768547, 0.15087929368, 0.0783864036202, 0.0388242304325, 0.011612970382, 0.00424731895328, 0.00294783432037, 0.00212382851169, 0.00123629230075, 0.000789085752331, 0.000449115934316, 0.000239894929109, 0.000111701418064, 3.82673897548e-05, 9.85388487607e-06, 4.69812221127e-06],
        "dvar": [3.38803545219e-07, 7.67478377384e-06, 0.00020542947459, 0.0107126105577, 8.75436973572, 1183.80114746, 32.5173072815, 3.19669795036, 2.65034461021, 22.4480495453, 151.121292114, 473.657775879, 296.7315979, 503.733886719, 80.0310134888, 143.915176392, 132.759918213, 2.53297066689, 2.15470480919, 0.153327301145, 0.280384600163, 2.12127566338, 1.26006448269, 0.857608437538, 0.300293833017, 0.0169033017009, 0.00385859538801, 0.00116200221237, 0.000208963800105, 8.26431278256e-05, 4.9750909966e-05, 2.86301929009e-05, 1.51681915668e-05, 6.94897516951e-06, 2.68356552624e-06, 8.26830103051e-07, 1.79772129627e-07, 2.28011973746e-08, 1.09808906412e-09, 6.03732411286e-11],
        "dvar2": [3.43822989635e-07, 1.14474605653e-05, 0.000633300980553, 0.0312872305512, 13.5455474854, 1158.81982422, 48.4057044983, 10.1541423798, 8.55130672455, 59.5903320312, 421.326080322, 726.838256836, 424.620819092, 1440.7265625, 172.518096924, 319.092651367, 414.67086792, 4.85686731339, 5.21971940994, 0.471657127142, 0.750157594681, 5.19594955444, 2.16408634186, 1.17757201195, 0.362597435713, 0.0187440887094, 0.00778193213046, 0.00209383782931, 0.000369660265278, 0.00011511559569, 6.3602841692e-05, 3.79773446184e-05, 1.91861854546e-05, 8.41070595925e-06, 3.26289841723e-06, 1.01090211047e-06, 2.17018296667e-07, 2.75216525125e-08, 1.43199985203e-09, 8.44629088892e-11],
        "max": [0.00496223662049, 0.0293989479542, 0.105412058532, 0.895453453064, 24.5563564301, 263.194976807, 50.9521064758, 10.964925766, 16.3335075378, 40.5647201538, 83.7203216553, 180.027130127, 166.528533936, 160.947494507, 71.0750198364, 99.3062057495, 72.1217956543, 12.1663227081, 9.8646774292, 2.8031873703, 5.52608919144, 13.0411949158, 10.1294908524, 9.10304260254, 4.9958319664, 1.35497522354, 0.549675524235, 0.298713564873, 0.114941827953, 0.0631602331996, 0.0502485185862, 0.0376747436821, 0.0275557301939, 0.018813021481, 0.0116042941809, 0.00642161117867, 0.00300643104129, 0.00106609938666, 0.000254633894656, 7.45517463656e-05],
        "mean": [0.000399328157073, 0.00610149698332, 0.0381127037108, 0.400373309851, 20.4335384369, 239.106307983, 42.1286010742, 5.49005508423, 7.81290102005, 20.3358516693, 44.9607467651, 111.720436096, 105.853538513, 75.621383667, 39.8514251709, 38.6096305847, 22.201505661, 4.04925251007, 2.6474916935, 1.59898233414, 2.82565975189, 6.51534843445, 5.78168296814, 4.14146852493, 2.11640620232, 0.717332422733, 0.301156312227, 0.121178552508, 0.0343352630734, 0.00821361597627, 0.00442184368148, 0.00282474816777, 0.00165495229885, 0.000952043046709, 0.000540112610906, 0.000277554616332, 0.000123797392007, 4.02915793529e-05, 3.34346223099e-05, 5.95880301262e-05],
        "median": [0.000322927284287, 0.00558200292289, 0.03504204005, 0.383917123079, 20.6259860992, 245.805755615, 42.618598938, 4.87947034836, 7.46968603134, 19.3895359039, 43.0143699646, 114.343017578, 109.960090637, 73.8355178833, 40.8798179626, 29.5516757965, 18.122625351, 2.40508008003, 1.49130797386, 1.61441266537, 2.89639854431, 6.75081205368, 6.14985513687, 3.10636115074, 1.63493192196, 0.735560238361, 0.282533973455, 0.0917105972767, 0.0219161771238, 0.00431142374873, 0.00166380754672, 0.00105601700488, 0.000592438329477, 0.000280489883153, 0.000149361367221, 5.1922925195e-05, 2.13489711314e-05, 4.55906820207e-06, 2.64464597421e-05, 6.09778071521e-05],
        "min": [0.000140768286656, 0.00161808799021, 0.011228589341, 0.127999961376, 0.772217810154, 2.22200012207, 2.08870720863, 1.15742886066, 0.856492400169, 0.352380871773, 1.41949510574, 2.75710320473, 2.08121943474, 2.89946985245, 0.894991278648, 0.869961082935, 0.555501878262, 0.268995583057, 0.0718414485455, 0.0843691304326, 0.12423492223, 0.0841180086136, 0.231745943427, 0.191460996866, 0.167687132955, 0.069010682404, 0.064291395247, 0.0195547286421, 0.00482382532209, 0.000453491782537, 0.000167546982993, 0.000134142275783, 8.41286164359e-05, 5.45176262676e-05, 3.95290408051e-05, 3.00452593365e-05, 1.38518380481e-05, 2.62512094196e-06, 2.1513997126e-05, 1.35272821353e-05],
        "var": [3.59735111033e-07, 1.46268657772e-05, 0.000369967863662, 0.0124490074813, 8.93823432922, 1438.58044434, 33.5868377686, 5.56365060806, 9.73364067078, 35.4848251343, 326.046478271, 1669.12231445, 1278.2401123, 864.906860352, 240.579620361, 774.690185547, 336.794006348, 11.1537408829, 6.27969026566, 0.312058001757, 0.771721661091, 7.53021430969, 7.23995828629, 5.72412109375, 1.5649882555, 0.0994078740478, 0.0222566034645, 0.00673705805093, 0.000827495008707, 0.000124057609355, 6.24668537057e-05, 3.48913890775e-05, 1.79937396751e-05, 8.16528972791e-06, 3.16397381539e-06, 9.63595653047e-07, 2.09152617003e-07, 2.66255693049e-08, 1.210880618e-09, 5.06463343486e-11]
    },
    "gfcc": {
        "mean": [-93.5335159302, 197.359573364, -168.103729248, -27.950510025, -55.8155479431, -56.643119812, -15.8361825943, -18.2332611084, -44.1373901367, -40.0854492188, -15.0528659821, -13.3482084274, 3.77975749969],
        "cov": [[556.06628418, -304.155792236, -175.487365723, 67.0480499268, -126.929985046, 242.809677124, -31.3794059753, -62.0010871887, -52.6903343201, -20.4124641418, 65.1059036255, -10.3866672516, -74.3549346924], [-304.155792236, 542.711608887, -152.372970581, -100.597496033, 142.928375244, -318.13659668, 81.6994171143, -5.9868979454, 20.4462890625, -64.6227035522, -37.3728561401, -41.09324646, 100.908035278], [-175.487365723, -152.372970581, 354.949157715, 17.6132030487, -3.90365815163, 35.2018890381, -59.3481674194, 85.5076828003, 51.4760971069, 92.2620773315, -37.5459976196, 45.469165802, -16.588716507], [67.0480499268, -100.597496033, 17.6132030487, 34.5712203979, -30.7241916656, 69.44896698, -10.7802181244, -1.8615437746, 1.07036828995, 8.0116853714, 10.430721283, 3.87355208397, -16.5300559998], [-126.929985046, 142.928375244, -3.90365815163, -30.7241916656, 53.2836341858, -93.0937042236, 19.2146587372, 9.11902523041, 8.76071357727, -8.44951248169, -21.1562175751, -6.14422512054, 29.3683757782], [242.809677124, -318.13659668, 35.2018890381, 69.44896698, -93.0937042236, 211.882415771, -38.7009239197, -11.3876647949, -18.7847976685, 27.0252380371, 35.1256523132, 14.0497217178, -61.6422119141], [-31.3794059753, 81.6994171143, -59.3481674194, -10.7802181244, 19.2146587372, -38.7009239197, 23.0309848785, -9.96297168732, -3.79502773285, -19.1280841827, 0.535892903805, -9.04570484161, 14.9883317947], [-62.0010871887, -5.9868979454, 85.5076828003, -1.8615437746, 9.11902523041, -11.3876647949, -9.96297168732, 27.2028064728, 15.2816953659, 18.0910758972, -11.9416875839, 11.2615337372, 2.79326462746], [-52.6903343201, 20.4462890625, 51.4760971069, 1.07036828995, 8.76071357727, -18.7847976685, -3.79502773285, 15.2816953659, 17.085975647, 10.6321754456, -9.70015239716, 4.21042490005, 7.157122612], [-20.4124641418, -64.6227035522, 92.2620773315, 8.0116853714, -8.44951248169, 27.0252380371, -19.1280841827, 18.0910758972, 10.6321754456, 29.6113395691, -6.33323097229, 11.2875585556, -10.0200567245], [65.1059036255, -37.3728561401, -37.5459976196, 10.430721283, -21.1562175751, 35.1256523132, 0.535892903805, -11.9416875839, -9.70015239716, -6.33323097229, 18.4411659241, -2.41769552231, -9.81776809692], [-10.3866672516, -41.09324646, 45.469165802, 3.87355208397, -6.14422512054, 14.0497217178, -9.04570484161, 11.2615337372, 4.21042490005, 11.2875585556, -2.41769552231, 12.0941133499, -5.90033578873], [-74.3549346924, 100.908035278, -16.588716507, -16.5300559998, 29.3683757782, -61.6422119141, 14.9883317947, 2.79326462746, 7.157122612, -10.0200567245, -9.81776809692, -5.90033578873, 22.7601642609]],
        "icov": [[0.0419047884643, -0.0843151509762, 0.102025583386, -0.0482461303473, 0.092541359365, -0.0924892276525, 0.139065504074, -0.151373118162, 0.078930452466, -0.117489017546, 0.118493035436, -0.0841137617826, 0.059893142432], [-0.0843151509762, 0.302825957537, -0.194157123566, 0.191385731101, -0.254344284534, 0.281686931849, -0.380770772696, 0.313757628202, -0.347531527281, 0.267661303282, -0.335474193096, 0.32207763195, -0.151306480169], [0.102025583386, -0.194157123566, 0.362604796886, -0.168438225985, 0.244435146451, -0.181277617812, 0.345092028379, -0.542193233967, 0.18006528914, -0.491106450558, 0.336379468441, -0.232425495982, 0.180997654796], [-0.0482461303473, 0.191385731101, -0.168438225985, 0.373533695936, -0.154531314969, 0.0393849499524, -0.268522977829, 0.29477134347, -0.405230969191, 0.330278843641, -0.208133786917, 0.232348024845, -0.167602837086], [0.092541359365, -0.254344284534, 0.244435146451, -0.154531314969, 0.439070254564, -0.216223478317, 0.271569252014, -0.442070841789, 0.352983921766, -0.364996671677, 0.43750885129, -0.221565693617, 0.07874866575], [-0.0924892276525, 0.281686931849, -0.181277617812, 0.0393849499524, -0.216223478317, 0.379184991121, -0.377596497536, 0.266745865345, -0.205727890134, 0.162496209145, -0.328900396824, 0.288705050945, -0.0634537786245], [0.139065504074, -0.380770772696, 0.345092028379, -0.268522977829, 0.271569252014, -0.377596497536, 0.745667457581, -0.487531095743, 0.412788003683, -0.3827059865, 0.398868530989, -0.42731410265, 0.157671362162], [-0.151373118162, 0.313757628202, -0.542193233967, 0.29477134347, -0.442070841789, 0.266745865345, -0.487531095743, 0.989670813084, -0.411323308945, 0.732444822788, -0.542023897171, 0.271213471889, -0.285908222198], [0.078930452466, -0.347531527281, 0.18006528914, -0.405230969191, 0.352983921766, -0.205727890134, 0.412788003683, -0.411323308945, 0.776786565781, -0.387844055891, 0.397937446833, -0.345585525036, 0.0686290562153], [-0.117489017546, 0.267661303282, -0.491106450558, 0.330278843641, -0.364996671677, 0.162496209145, -0.3827059865, 0.732444822788, -0.387844055891, 0.875612795353, -0.446778774261, 0.330253064632, -0.215042233467], [0.118493035436, -0.335474193096, 0.336379468441, -0.208133786917, 0.43750885129, -0.328900396824, 0.398868530989, -0.542023897171, 0.397937446833, -0.446778774261, 0.63279145956, -0.335367739201, 0.181183964014], [-0.0841137617826, 0.32207763195, -0.232425495982, 0.232348024845, -0.221565693617, 0.288705050945, -0.42731410265, 0.271213471889, -0.345585525036, 0.330253064632, -0.335367739201, 0.564941942692, -0.131610527635], [0.059893142432, -0.151306480169, 0.180997654796, -0.167602837086, 0.07874866575, -0.0634537786245, 0.157671362162, -0.285908222198, 0.0686290562153, -0.215042233467, 0.181183964014, -0.131610527635, 0.506192028522]]
    },
    "melbands": {
        "dmean": [2.09344239011e-06, 8.84988094185e-06, 1.79175312951e-05, 0.000628411769867, 0.000302759814076, 5.35123435839e-05, 3.54476906068e-05, 5.98747647018e-05, 0.000132559143822, 0.000153582383064, 0.000127767387312, 0.000148746345076, 3.62505015801e-05, 2.80453787127e-05, 2.56749663095e-05, 1.51079320858e-05, 2.2938343136e-06, 2.37257472691e-06, 7.32798810077e-07, 1.0363793308e-06, 9.57950646807e-07, 2.092431032e-06, 1.46881075125e-06, 1.11106487566e-06, 8.0251959389e-07, 5.72036469748e-07, 1.64898878552e-07, 7.65073693287e-08, 4.33030855618e-08, 2.87665020693e-08, 1.39823441714e-08, 5.41525446707e-09, 2.79890555177e-09, 1.53974999417e-09, 1.23373455896e-09, 1.07192399401e-09, 8.41877179081e-10, 6.45899556062e-10, 5.41960309963e-10, 4.62459376349e-10],
        "dmean2": [3.20323260894e-06, 1.5810081095e-05, 3.19210012094e-05, 0.000962719554082, 0.00047214271035, 9.79073156486e-05, 5.99037775828e-05, 9.99110125122e-05, 0.000241668065428, 0.000263825088041, 0.000212616068893, 0.000256189232459, 5.99588311161e-05, 4.88914229209e-05, 4.21560034738e-05, 2.60303622781e-05, 3.93745312977e-06, 4.02293517254e-06, 1.24693497128e-06, 1.75253285306e-06, 1.59401076871e-06, 3.44252589457e-06, 2.26352972277e-06, 1.85773035355e-06, 1.28479484829e-06, 8.79652930053e-07, 2.58332477188e-07, 1.25729016531e-07, 6.97043276432e-08, 4.82083386544e-08, 2.05211634352e-08, 7.69910712961e-09, 4.12503942115e-09, 2.12713135994e-09, 1.78816861318e-09, 1.58390767169e-09, 1.22455134921e-09, 8.98420504658e-10, 7.67864993811e-10, 6.47747244731e-10],
        "dvar": [2.48715874285e-11, 3.60678951983e-11, 5.81309445025e-10, 1.79372170805e-06, 2.55186080267e-07, 1.33733246699e-09, 8.11576972293e-10, 2.90032131645e-09, 8.37519653629e-09, 2.87601071847e-08, 9.66072288833e-09, 1.39614702022e-08, 9.48207179441e-10, 7.27178317561e-10, 6.8588595914e-10, 2.09868969425e-10, 7.99920459732e-12, 9.49427689245e-12, 3.16896736716e-13, 6.1199808242e-13, 5.71507576506e-13, 3.30996298079e-12, 1.65145035234e-12, 1.75086702948e-12, 6.32677666767e-13, 4.20336562865e-13, 3.86496356566e-14, 5.72368326305e-15, 2.65151212754e-15, 8.69806063316e-16, 3.52058074279e-16, 6.56662954103e-17, 3.64779734906e-17, 2.20506862931e-17, 1.69185914207e-17, 1.29291274505e-17, 9.81875381219e-18, 7.6861002133e-18, 6.03331518085e-18, 4.59010586917e-18],
        "dvar2": [2.39171286942e-11, 9.53504844525e-11, 1.58802848649e-09, 1.89792149285e-06, 2.76654873232e-07, 4.15731182812e-09, 2.27879071169e-09, 8.67251159775e-09, 2.3879509925e-08, 4.79921276053e-08, 1.6356578314e-08, 4.1650231708e-08, 2.22105533965e-09, 1.66684899217e-09, 1.33840205585e-09, 6.05018701805e-10, 1.88618929503e-11, 2.42888955476e-11, 9.17652238919e-13, 1.82887364107e-12, 1.40127937465e-12, 9.26866396134e-12, 3.92742609268e-12, 2.91418516922e-12, 1.0486058636e-12, 5.85852980711e-13, 5.94913116166e-14, 9.24252960001e-15, 6.77544407366e-15, 1.75505067852e-15, 7.3779555497e-16, 1.04368792487e-16, 5.78560229794e-17, 2.82878696485e-17, 2.12645437651e-17, 1.71122641806e-17, 1.3020557378e-17, 9.80923709925e-18, 7.34481128282e-18, 5.52150379428e-18],
        "max": [4.50987790828e-05, 4.90290913149e-05, 0.000181262788828, 0.01027831994, 0.0043383911252, 0.000226029296755, 0.00026312150294, 0.000493036466651, 0.000572011398617, 0.00144854700193, 0.000941148551647, 0.000745342345908, 0.000230887468206, 0.000187883997569, 0.000217256936594, 8.83373577381e-05, 1.8438198822e-05, 1.98003363039e-05, 3.76347156816e-06, 6.18405601926e-06, 7.47533749745e-06, 1.56135811267e-05, 1.25465476231e-05, 9.87186376733e-06, 7.82678762334e-06, 6.04078786637e-06, 1.74833633082e-06, 7.24609606095e-07, 4.02502507768e-07, 2.89856615154e-07, 1.62798514225e-07, 6.2079763552e-08, 4.08788451978e-08, 3.3648941411e-08, 2.94824822333e-08, 2.54466971938e-08, 2.20246505478e-08, 1.95420941651e-08, 1.74880572246e-08, 1.52943933074e-08],
        "mean": [4.19941807195e-06, 1.22772689792e-05, 3.24232423736e-05, 0.009218191728, 0.00376757909544, 9.18003206607e-05, 0.000145738464198, 0.000251987745287, 0.000308845890686, 0.000846352777444, 0.000580147258006, 0.000343290477758, 0.000145787111251, 8.91835152288e-05, 8.66350310389e-05, 2.7828176826e-05, 5.54771850148e-06, 5.08076118422e-06, 1.55075474595e-06, 2.71601675195e-06, 3.38786526299e-06, 6.76679201206e-06, 6.12209032624e-06, 4.64083450424e-06, 3.25631935993e-06, 2.09284030461e-06, 8.50754531712e-07, 3.80965218483e-07, 2.05877853432e-07, 1.16244457615e-07, 5.4497682811e-08, 2.1628430602e-08, 6.94395696499e-09, 3.30927241166e-09, 2.53755860768e-09, 2.07716888134e-09, 1.55323942597e-09, 1.18885157274e-09, 8.97015739465e-10, 7.32391536307e-10],
        "median": [3.47127479472e-06, 1.08668955363e-05, 2.15410400415e-05, 0.00943826511502, 0.00383891863748, 7.87613244029e-05, 0.000141773183714, 0.000240672525251, 0.000294513214612, 0.000873751298059, 0.000595996796619, 0.00033122766763, 0.000149972212967, 9.00047816685e-05, 6.54935720377e-05, 2.13055245695e-05, 3.53979953616e-06, 2.64918708126e-06, 1.47030698372e-06, 2.59572675532e-06, 3.593899919e-06, 6.93282572684e-06, 6.55130679661e-06, 4.18842273575e-06, 2.51168694376e-06, 1.56721296207e-06, 7.9357158711e-07, 3.94495430101e-07, 2.07702839816e-07, 9.09329429533e-08, 3.63059484698e-08, 1.39649847242e-08, 3.09204284399e-09, 1.63432645195e-09, 9.83146675182e-10, 6.61455334949e-10, 5.98469884761e-10, 3.67722907679e-10, 3.35781097371e-10, 1.4670420434e-10],
        "min": [9.19868284655e-07, 1.20136485293e-06, 5.43542955711e-06, 0.000110409309855, 8.33406957099e-05, 2.07679040614e-05, 1.18195121104e-05, 4.09708945881e-06, 1.32739496621e-05, 1.73904682015e-05, 1.03715256046e-05, 1.24616035464e-05, 2.96012854051e-06, 2.40797953666e-06, 1.35832226533e-06, 9.08065828753e-07, 4.8287449772e-07, 1.27853226672e-07, 7.38684562407e-08, 1.51358662492e-07, 1.3912024599e-07, 5.62633140078e-08, 1.83964573353e-07, 2.04148093985e-07, 1.48977576941e-07, 1.22469501207e-07, 9.3406534063e-08, 3.75849538159e-08, 4.80528257185e-08, 2.2979392611e-08, 6.16195716674e-09, 2.6004784992e-09, 1.74986622414e-10, 1.15128996614e-10, 8.93487020481e-11, 4.46859181602e-11, 5.65379583428e-11, 4.12076414658e-11, 2.92120078127e-11, 2.08150701536e-11],
        "var": [2.99898404721e-11, 6.70326363861e-11, 1.06715680737e-09, 2.08418077818e-06, 2.99609666854e-07, 2.6943760556e-09, 2.25374674478e-09, 7.21608328647e-09, 1.79843109294e-08, 1.14243910332e-07, 4.00399571276e-08, 2.00983674148e-08, 3.00770275352e-09, 2.71126032736e-09, 4.36658131875e-09, 5.3532089872e-10, 2.515883335e-11, 2.6641525791e-11, 5.17933244036e-13, 1.16608155423e-12, 1.37880516466e-12, 9.14622023951e-12, 8.46168708019e-12, 7.13522730483e-12, 3.73434616563e-12, 1.84103687156e-12, 1.82855087408e-13, 2.68288571968e-14, 9.86868091857e-15, 5.17337908623e-15, 1.73170094478e-15, 3.29414527789e-16, 7.04839739689e-17, 2.98134686308e-17, 2.14113451628e-17, 1.60378723702e-17, 1.18752877696e-17, 9.19374524033e-18, 7.06334901733e-18, 5.42027591245e-18]
    },
    "mfcc": {
        "mean": [-724.46887207, 226.629745483, -59.2564277649, 10.1602363586, -37.1973457336, -42.4007301331, 4.46342515945, -3.13243770599, -13.9129676819, -26.1721897125, -21.1040000916, -13.4374065399, -22.2629947662],
        "cov": [[461.721832275, -90.8921203613, -285.192504883, -30.443819046, -144.841400146, 133.231185913, 44.7999725342, 15.8998231888, -85.6547622681, -46.7791671753, 83.5348434448, -22.3502998352, -73.9557723999], [-90.8921203613, 268.871612549, -60.8689498901, 28.4120178223, 38.3226661682, -160.446060181, -7.74415540695, -25.1123981476, 52.4727325439, -17.4992675781, -90.6763916016, 16.7435340881, 26.2887058258], [-285.192504883, -60.8689498901, 357.25201416, 15.8698978424, 127.828643799, -20.0961704254, -56.0089225769, 2.77067422867, 50.3633575439, 75.9001693726, -8.1871881485, 5.32463264465, 53.9189949036], [-30.443819046, 28.4120178223, 15.8698978424, 14.3519010544, 13.0469789505, -17.8988227844, -5.13659572601, -0.552681624889, 15.7670497894, 3.00594878197, -10.9726829529, 3.79759478569, 8.19260883331], [-144.841400146, 38.3226661682, 127.828643799, 13.0469789505, 72.7721939087, -48.6732254028, -22.3350086212, -5.20520591736, 38.9743003845, 28.329914093, -32.7785606384, 6.6508769989, 27.9803218842], [133.231185913, -160.446060181, -20.0961704254, -17.8988227844, -48.6732254028, 130.372634888, 16.1669254303, 19.6116657257, -44.5030860901, 7.9347486496, 71.0952301025, -17.9791526794, -30.1982345581], [44.7999725342, -7.74415540695, -56.0089225769, -5.13659572601, -22.3350086212, 16.1669254303, 20.1715564728, 5.32021522522, -10.6341085434, -11.7727823257, 5.80353307724, 1.32737290859, -9.89966392517], [15.8998231888, -25.1123981476, 2.77067422867, -0.552681624889, -5.20520591736, 19.6116657257, 5.32021522522, 9.26281642914, -3.43515133858, 1.85700309277, 10.8424272537, 0.409792840481, -1.10526037216], [-85.6547622681, 52.4727325439, 50.3633575439, 15.7670497894, 38.9743003845, -44.5030860901, -10.6341085434, -3.43515133858, 35.4915809631, 10.0045261383, -30.5998420715, 8.16726398468, 20.7268848419], [-46.7791671753, -17.4992675781, 75.9001693726, 3.00594878197, 28.329914093, 7.9347486496, -11.7727823257, 1.85700309277, 10.0045261383, 27.6455955505, 2.71517944336, -5.11961269379, 9.02948856354], [83.5348434448, -90.6763916016, -8.1871881485, -10.9726829529, -32.7785606384, 71.0952301025, 5.80353307724, 10.8424272537, -30.5998420715, 2.71517944336, 48.6301345825, -7.99345111847, -16.9431610107], [-22.3502998352, 16.7435340881, 5.32463264465, 3.79759478569, 6.6508769989, -17.9791526794, 1.32737290859, 0.409792840481, 8.16726398468, -5.11961269379, -7.99345111847, 11.6408014297, 7.23452758789], [-73.9557723999, 26.2887058258, 53.9189949036, 8.19260883331, 27.9803218842, -30.1982345581, -9.89966392517, -1.10526037216, 20.7268848419, 9.02948856354, -16.9431610107, 7.23452758789, 20.4349327087]],
