{
"lowlevel": {
    "average_loudness": 0.981006205082,
    "barkbands_crest": {
        "dmean": 1.9982060194,
        "dmean2": 2.8802511692,
        "dvar": 4.69800519943,
        "dvar2": 10.8437814713,
        "max": 25.9091777802,
        "mean": 14.8327150345,
        "median": 14.4055118561,
        "min": 4.18068885803,
        "var": 36.9023551941
    },
    "barkbands_flatness_db": {
        "dmean": 0.0232696738094,
        "dmean2": 0.0310581307858,
        "dvar": 0.000797645770945,
        "dvar2": 0.00123365479521,
        "max": 0.523325026035,
        "mean": 0.387927919626,
        "median": 0.401124835014,
        "min": 0.15517821908,
        "var": 0.00708582857624
    },
    "barkbands_kurtosis": {
        "dmean": 3.6535961628,
        "dmean2": 5.25566387177,
        "dvar": 52.4362411499,
        "dvar2": 127.011657715,
        "max": 78.5926361084,
        "mean": 6.7492480278,
        "median": 1.2272233963,
        "min": -1.70876312256,
        "var": 205.154647827
    },
    "barkbands_skewness": {
        "dmean": 0.487794190645,
        "dmean2": 0.696910738945,
        "dvar": 0.348335713148,
        "dvar2": 0.724181234837,
        "max": 7.8035068512,
        "mean": 1.65596449375,
        "median": 1.16613531113,
        "min": -0.342052996159,
        "var": 2.51189804077
    },
    "barkbands_spread": {
        "dmean": 1.03573596478,
        "dmean2": 1.49618554115,
        "dvar": 1.89741778374,
        "dvar2": 3.9938378334,
        "max": 12.9093360901,
        "mean": 4.80175638199,
        "median": 3.9239563942,
        "min": 0.358916819096,
        "var": 10.8112134933
    },
    "dissonance": {
        "dmean": 0.0455008372664,
        "dmean2": 0.0731147378683,
        "dvar": 0.00273965555243,
        "dvar2": 0.00683449069038,
        "max": 0.499366343021,
        "mean": 0.350812196732,
        "median": 0.378767490387,
        "min": 0.0996562615037,
        "var": 0.0088104903698
    },
    "dynamic_complexity": 1.27189433575,
    "erbbands_crest": {
        "dmean": 2.45065379143,
        "dmean2": 3.52398085594,
        "dvar": 7.45890045166,
        "dvar2": 19.4995765686,
        "max": 29.5849647522,
        "mean": 15.991727829,
        "median": 14.1826086044,
        "min": 5.93379831314,
        "var": 48.6307449341
    },
    "erbbands_flatness_db": {
        "dmean": 0.018801830709,
        "dmean2": 0.0234992988408,
        "dvar": 0.000621530925855,
        "dvar2": 0.00084514770424,
        "max": 0.541731774807,
        "mean": 0.423636168242,
        "median": 0.429305076599,
        "min": 0.170403584838,
        "var": 0.0040547112003
    },
    "erbbands_kurtosis": {
        "dmean": 1.87494778633,
        "dmean2": 2.67071485519,
        "dvar": 11.9228162766,
        "dvar2": 26.4507141113,
        "max": 41.0863418579,
        "mean": 2.70919394493,
        "median": 0.285443067551,
        "min": -1.52226448059,
        "var": 49.8901824951
    },
    "erbbands_skewness": {
        "dmean": 0.41638687253,
        "dmean2": 0.557281136513,
        "dvar": 0.215248152614,
        "dvar2": 0.410681128502,
        "max": 4.8047246933,
        "mean": 0.810114204884,
        "median": 0.598423779011,
        "min": -1.25779819489,
        "var": 1.76749944687
    },
    "erbbands_spread": {
        "dmean": 1.86861920357,
        "dmean2": 2.79419279099,
        "dvar": 3.37947821617,
        "dvar2": 8.22792434692,
        "max": 20.7887210846,
        "mean": 9.24890708923,
        "median": 8.6550693512,
        "min": 0.984291553497,
        "var": 21.825252533
    },
    "hfc": {
        "dmean": 3.50198817253,
        "dmean2": 5.28028202057,
        "dvar": 43.9729690552,
        "dvar2": 99.3354873657,
        "max": 82.9866256714,
        "mean": 17.2825126648,
        "median": 12.675863266,
        "min": 0.198257341981,
        "var": 179.216903687
    },
    "melbands_crest": {
        "dmean": 2.5020442009,
        "dmean2": 3.42993927002,
        "dvar": 7.04615497589,
        "dvar2": 15.0025320053,
        "max": 29.9147224426,
        "mean": 18.2490634918,
        "median": 18.4088172913,
        "min": 5.03249025345,
        "var": 37.7258605957
    },
    "melbands_flatness_db": {
        "dmean": 0.0253567229956,
        "dmean2": 0.0334057770669,
        "dvar": 0.00101534835994,
        "dvar2": 0.00160935369786,
        "max": 0.620509684086,
        "mean": 0.467934429646,
        "median": 0.47457498312,
        "min": 0.188907846808,
        "var": 0.00966675020754
    },
    "melbands_kurtosis": {
        "dmean": 3.65442633629,
        "dmean2": 5.10833024979,
        "dvar": 45.3191642761,
        "dvar2": 99.8674316406,
        "max": 79.151512146,
        "mean": 7.82250165939,
        "median": 1.93675661087,
        "min": -1.44418072701,
        "var": 198.510513306
    },
    "melbands_skewness": {
        "dmean": 0.499087542295,
        "dmean2": 0.724379360676,
        "dvar": 0.347346305847,
        "dvar2": 0.7107681036,
        "max": 7.03766536713,
        "mean": 1.7788105011,
        "median": 1.42129743099,
        "min": 0.00160021113697,
        "var": 2.10233235359
    },
    "melbands_spread": {
        "dmean": 1.70895445347,
        "dmean2": 2.40614628792,
        "dvar": 5.7121090889,
        "dvar2": 12.2751111984,
        "max": 20.0751972198,
        "mean": 7.62528467178,
        "median": 5.0393781662,
        "min": 0.796590745449,
        "var": 31.6140766144
    },
    "pitch_salience": {
        "dmean": 0.0573013685644,
        "dmean2": 0.0811335891485,
        "dvar": 0.00526811508462,
        "dvar2": 0.00953228399158,
        "max": 0.804038763046,
        "mean": 0.437456995249,
        "median": 0.445262461901,
        "min": 0.096254311502,
        "var": 0.0256676208228
    },
    "silence_rate_20dB": {
        "dmean": 0,
        "dmean2": 0,
        "dvar": 0,
        "dvar2": 0,
        "max": 1,
        "mean": 1,
        "median": 1,
        "min": 1,
        "var": 0
    },
    "silence_rate_30dB": {
        "dmean": 0,
        "dmean2": 0,
        "dvar": 0,
        "dvar2": 0,
        "max": 1,
        "mean": 1,
        "median": 1,
        "min": 1,
        "var": 0
    },
    "silence_rate_60dB": {
        "dmean": 0,
        "dmean2": 0,
        "dvar": 0,
        "dvar2": 0,
        "max": 0,
        "mean": 0,
        "median": 0,
        "min": 0,
        "var": 0
    },
    "spectral_centroid": {
        "dmean": 72.3000411987,
        "dmean2": 104.296531677,
        "dvar": 18532.9707031,
        "dvar2": 47479.0585938,
        "max": 1877.39685059,
        "mean": 593.118530273,
        "median": 491.494934082,
        "min": 379.91293335,
        "var": 68850.9140625
    },
    "spectral_complexity": {
        "dmean": 1.72500002384,
        "dmean2": 2.78991603851,
        "dvar": 4.78270769119,
        "dvar2": 9.54410266876,
        "max": 26,
        "mean": 10.264462471,
        "median": 8,
        "min": 1,
        "var": 28.9217853546
    },
    "spectral_decrease": {
        "dmean": 9.81779990639e-10,
        "dmean2": 1.42724243535e-09,
        "dvar": 1.30848681891e-18,
        "dvar2": 2.61988345241e-18,
        "max": -1.26991778204e-10,
        "mean": -7.19687553996e-09,
        "median": -6.52168008486e-09,
        "min": -1.3484031669e-08,
        "var": 7.77228829722e-18
    },
    "spectral_energy": {
        "dmean": 0.00394441746175,
        "dmean2": 0.0057657212019,
        "dvar": 2.27228538279e-05,
        "dvar2": 4.60111623397e-05,
        "max": 0.0578570961952,
        "mean": 0.0287302024662,
        "median": 0.025796642527,
        "min": 0.000497279281262,
        "var": 0.000131979468279
    },
    "spectral_energyband_high": {
        "dmean": 1.56498372235e-05,
        "dmean2": 2.73319183179e-05,
        "dvar": 5.17761167274e-09,
        "dvar2": 1.44518716994e-08,
        "max": 0.000542333873454,
        "mean": 2.03745639737e-05,
        "median": 3.53168701395e-07,
        "min": 3.33016352272e-08,
        "var": 8.10477107649e-09
    },
    "spectral_energyband_low": {
        "dmean": 5.09713427164e-05,
        "dmean2": 7.70362457843e-05,
        "dvar": 1.19930367859e-08,
        "dvar2": 2.45106566155e-08,
        "max": 0.000989546300843,
        "mean": 9.28038789425e-05,
        "median": 1.98030320462e-05,
        "min": 5.37186338079e-07,
        "var": 3.23093267696e-08
    },
    "spectral_energyband_middle_high": {
        "dmean": 0.00221504736692,
        "dmean2": 0.00320052029565,
        "dvar": 2.48309024755e-05,
        "dvar2": 4.64914992335e-05,
        "max": 0.0555500090122,
        "mean": 0.00623502256349,
        "median": 0.0023919835221,
        "min": 2.5245546567e-05,
        "var": 0.000105851439002
    },
    "spectral_energyband_middle_low": {
        "dmean": 0.00383626995608,
        "dmean2": 0.00514595163986,
        "dvar": 1.51397589434e-05,
        "dvar2": 3.18659112963e-05,
        "max": 0.0514731183648,
        "mean": 0.0225975383073,
        "median": 0.0214158501476,
        "min": 0.000435594149167,
        "var": 0.000113100002636
    },
    "spectral_entropy": {
        "dmean": 0.21763548255,
        "dmean2": 0.298097491264,
        "dvar": 0.0584930814803,
        "dvar2": 0.109833478928,
        "max": 7.40511465073,
        "mean": 5.51452589035,
        "median": 5.47890949249,
        "min": 4.14408826828,
        "var": 0.646024405956
    },
    "spectral_flux": {
        "dmean": 0.016878137365,
        "dmean2": 0.0258725341409,
        "dvar": 0.00035976365325,
        "dvar2": 0.0006248994614,
        "max": 0.214071154594,
        "mean": 0.0536070540547,
        "median": 0.0443833619356,
        "min": 0.0118552399799,
        "var": 0.00111583201215
    },
    "spectral_kurtosis": {
        "dmean": 37.8932495117,
        "dmean2": 67.2177963257,
        "dvar": 1436.18469238,
        "dvar2": 3711.49145508,
        "max": 247.741287231,
        "mean": 84.3266983032,
        "median": 77.0682525635,
        "min": 3.82131290436,
        "var": 3851.96386719
    },
    "spectral_rms": {
        "dmean": 0.000397533556679,
        "dmean2": 0.00056974258041,
        "dvar": 2.82283167508e-07,
        "dvar2": 4.89517503865e-07,
        "max": 0.00751305185258,
        "mean": 0.00518528791144,
        "median": 0.00501671759412,
        "min": 0.000696527480613,
        "var": 1.14224542358e-06
    },
    "spectral_rolloff": {
        "dmean": 127.584228516,
        "dmean2": 243.560424805,
        "dvar": 82512.90625,
        "dvar2": 224590.140625,
        "max": 2497.8515625,
        "mean": 841.574707031,
        "median": 710.595703125,
        "min": 387.59765625,
        "var": 177505.40625
    },
    "spectral_skewness": {
        "dmean": 1.80246281624,
        "dmean2": 3.04047751427,
        "dvar": 2.59725427628,
        "dvar2": 7.09684896469,
        "max": 12.1270132065,
        "mean": 6.11464500427,
        "median": 6.08809423447,
        "min": 1.34810900688,
        "var": 8.72896766663
    },
    "spectral_spread": {
        "dmean": 335642.9375,
        "dmean2": 486332.96875,
        "dvar": 221779623936,
        "dvar2": 260640014336,
        "max": 6270211.5,
        "mean": 1126729.5,
        "median": 978056.9375,
        "min": 284580.75,
        "var": 549196627968
    },
    "spectral_strongpeak": {
        "dmean": 0.578718841076,
        "dmean2": 0.914008975029,
        "dvar": 0.636571586132,
        "dvar2": 1.27575135231,
        "max": 9.28671836853,
        "mean": 2.15097045898,
        "median": 1.75809180737,
        "min": 0.0273919869214,
        "var": 2.30480837822
    },
    "zerocrossingrate": {
        "dmean": 0.00294596352614,
        "dmean2": 0.00327435671352,
        "dvar": 1.47935934365e-05,
        "dvar2": 1.36413582368e-05,
        "max": 0.0693359375,
        "mean": 0.0260322503746,
        "median": 0.0234375,
        "min": 0.00537109375,
        "var": 9.87133098533e-05
    },
    "barkbands": {
        "dmean": [1.11146232484e-06, 7.22530649e-06, 7.54853090257e-06, 0.000215027845115, 0.00126127712429, 0.00119064503815, 0.00200234004296, 0.000682216254063, 0.0005441888934, 0.000611335563008, 0.00128430116456, 0.000496592663694, 0.000376077688998, 0.000209993857425, 2.48079777521e-05, 2.06541062653e-05, 0.000428391300375, 2.02640621865e-05, 1.61892567121e-05, 1.59250303113e-05, 6.05204650128e-06, 6.90457409291e-06, 9.76563228505e-07, 3.32515043056e-07, 1.67746463831e-07, 8.7307547858e-08, 1.85584951851e-08],
        "dmean2": [1.78220591351e-06, 1.16728997455e-05, 1.02192243503e-05, 0.000333613221301, 0.00169623596594, 0.00150640914217, 0.0026271508541, 0.000833292724565, 0.000845041009597, 0.000959971512202, 0.00156042841263, 0.000646601081826, 0.000547664531041, 0.000336078606779, 3.0756185879e-05, 3.34278665832e-05, 0.000642939878162, 3.28073074343e-05, 2.1661451683e-05, 2.5095170713e-05, 1.06180314106e-05, 1.22084202303e-05, 1.63978972978e-06, 5.59492946195e-07, 2.71865701507e-07, 1.46107765886e-07, 2.45737297178e-08],
        "dvar": [1.44252916903e-11, 3.41502409684e-10, 2.14311721147e-10, 3.82314482295e-07, 3.78007098334e-06, 2.83248095911e-06, 1.19898786579e-05, 7.71030386204e-07, 5.58230169645e-07, 1.25247981941e-06, 1.60681101988e-05, 8.01127669092e-07, 4.22245960863e-07, 4.6206835691e-07, 4.98265340099e-09, 3.58737017869e-09, 2.67910240836e-06, 7.66576313538e-09, 3.44679640385e-09, 5.29820320949e-09, 7.18146098144e-10, 1.11853926121e-09, 2.98350961991e-11, 3.07215234155e-12, 5.25048700264e-13, 1.36791673908e-13, 6.66109928446e-15],
        "dvar2": [2.94460254791e-11, 9.34644694972e-10, 2.69847810763e-10, 9.15225086828e-07, 6.30803288004e-06, 4.18860736318e-06, 2.8128753911e-05, 1.62337153142e-06, 1.17895422136e-06, 3.25151427205e-06, 2.10071884794e-05, 1.42251553825e-06, 9.8272937521e-07, 9.40614768297e-07, 4.62161553472e-09, 8.89984352881e-09, 6.79935465087e-06, 1.67047051747e-08, 6.03554362044e-09, 1.09789892733e-08, 1.97205740626e-09, 2.87358048467e-09, 6.13876519062e-11, 6.67529616652e-12, 1.23062682007e-12, 3.38849364149e-13, 7.57925335313e-15],
        "max": [2.76636164926e-05, 0.000117740193673, 0.000224400631851, 0.00467309076339, 0.0151122920215, 0.0264647118747, 0.0504481755197, 0.0117380432785, 0.00563079165295, 0.00894010998309, 0.0520136915147, 0.00932064279914, 0.00574205629528, 0.00600334163755, 0.000958385120612, 0.000449822284281, 0.0148785132915, 0.000847441551741, 0.000786085845903, 0.000774522253778, 0.000212531202124, 0.000272128672805, 5.57049606869e-05, 1.86457436939e-05, 6.50556512483e-06, 3.25133714796e-06, 8.69951122695e-07],
        "mean": [1.2347095435e-06, 1.02897356555e-05, 1.59120663739e-05, 0.000323323503835, 0.0038194428198, 0.00510595785454, 0.00945920590311, 0.0021981371101, 0.00139763730112, 0.00110012409277, 0.00251673301682, 0.00102864822838, 0.000778242014349, 0.000335043587256, 5.40288892807e-05, 2.71188582701e-05, 0.00046159766498, 3.1937728636e-05, 2.98127033602e-05, 1.87357854884e-05, 7.17910506864e-06, 7.40680297895e-06, 1.63083825555e-06, 5.1696048331e-07, 2.02272133265e-07, 1.03945026808e-07, 4.02496809215e-08],
        "median": [1.06819662449e-07, 2.92168374472e-06, 6.01018564339e-06, 2.39826367761e-05, 0.00124427431729, 0.00179113261402, 0.00254394486547, 0.00124588725157, 0.000594729615841, 0.000516251893714, 0.000506506243255, 0.000234898470808, 0.000306580419419, 6.73974718666e-05, 3.75380500373e-06, 3.13814121e-06, 6.57140208205e-06, 9.33098249334e-07, 5.98273288688e-07, 2.71038942401e-07, 1.59182150128e-07, 3.93400796384e-08, 6.7406826787e-09, 3.95934174335e-09, 4.25467128196e-09, 4.27643431777e-09, 1.38877780387e-08],
        "min": [3.29744809235e-09, 5.4238078917e-08, 5.04511703525e-08, 1.38848506026e-08, 1.07471964839e-06, 2.31830927078e-06, 6.28680982118e-06, 1.67630023498e-05, 1.72998193193e-06, 9.1904752253e-07, 1.40584972996e-06, 8.25961990358e-07, 2.13678504224e-06, 3.42565613209e-07, 7.30846139163e-08, 4.5964181794e-08, 1.33012918013e-07, 2.17569748884e-08, 4.74445087661e-08, 1.53617314425e-08, 1.06725313032e-08, 3.95708710244e-09, 7.54708018302e-10, 5.70626157437e-10, 6.13730066767e-10, 5.20950838023e-10, 2.64520139126e-09],
        "var": [1.66912612204e-11, 4.46137821131e-10, 7.56835982774e-10, 6.07832078003e-07, 2.25559306273e-05, 4.9377715186e-05, 0.000192145744222, 6.94236723575e-06, 2.39882388087e-06, 2.3831330509e-06, 6.02843574598e-05, 2.88401633952e-06, 1.35401501211e-06, 6.84605709012e-07, 2.43057449723e-08, 4.76837236363e-09, 3.70878683498e-06, 1.25006183183e-08, 1.01683674814e-08, 7.93473109439e-09, 9.05843178245e-10, 1.51426970962e-09, 6.46866796239e-11, 6.16406795398e-12, 8.29357632917e-13, 2.1618571191e-13, 7.46364860242e-15]
    },
    "erbbands": {
        "dmean": [0.000141429933137, 0.00190579332411, 0.00805121660233, 0.285832583904, 1.54356217384, 3.78682804108, 10.0495586395, 10.9597482681, 16.644109726, 35.2048606873, 12.5799608231, 11.5375337601, 18.7843265533, 32.4604377747, 33.7424278259, 18.8795471191, 15.1511774063, 16.4098930359, 2.23028326035, 1.32206344604, 4.82000589371, 25.4090080261, 1.87372982502, 0.679623782635, 0.662828266621, 0.810928463936, 0.279286116362, 0.193162292242, 0.274292826653, 0.109938755631, 0.0251677017659, 0.00977629609406, 0.0038126653526, 0.00160795811098, 0.0012963846093, 0.00054020085372, 0.000107180567284, 2.45633618761e-05, 3.94534527004e-06, 4.61751778857e-06],
        "dmean2": [0.000240558438236, 0.0030079218559, 0.012280780822, 0.448432773352, 2.50396203995, 4.99386644363, 12.7520418167, 12.9943256378, 19.5957546234, 48.9746513367, 17.7702980042, 16.3851242065, 28.858997345, 41.7503662109, 47.6590499878, 23.7167110443, 20.593132019, 24.33867836, 3.47601509094, 1.5632430315, 6.98272037506, 39.0525932312, 3.26744771004, 1.13189566135, 0.848037242889, 1.35043132305, 0.536077439785, 0.314119786024, 0.467857390642, 0.193544983864, 0.03598363325, 0.0165213849396, 0.00559057667851, 0.00264981458895, 0.00193435256369, 0.000937054224778, 0.00017335449229, 3.75511153834e-05, 5.59216368856e-06, 6.79284448779e-06],
        "dvar": [2.01791266363e-07, 2.07963912544e-05, 0.000201719609322, 0.606812119484, 20.1312599182, 29.8232097626, 260.138366699, 357.967498779, 1145.62683105, 4474.97851562, 278.579376221, 324.783966064, 1150.33996582, 5424.859375, 11161.765625, 1062.69030762, 593.800048828, 1825.94543457, 19.76994133, 19.4771633148, 264.509979248, 9802.703125, 88.0877609253, 5.48601531982, 6.19517707825, 14.9278831482, 1.4250767231, 0.762720108032, 1.77901256084, 0.305662542582, 0.0167771577835, 0.00245793373324, 0.000325344852172, 5.18880005984e-05, 3.02752323478e-05, 5.77581795369e-06, 1.97087871356e-07, 8.71001937242e-09, 1.33908176214e-10, 3.49249622278e-11],
        "dvar2": [5.47460217604e-07, 5.3447776736e-05, 0.000485890253913, 1.43350040913, 54.3210754395, 46.8959541321, 358.467376709, 423.879943848, 1520.28747559, 12260.0859375, 648.65838623, 684.591674805, 3280.45166016, 9699.68554688, 19319.9492188, 2066.66210938, 1319.73608398, 3592.85131836, 53.2424545288, 17.8343410492, 566.398376465, 26411.7402344, 248.539749146, 12.8842039108, 8.91977119446, 32.7768058777, 4.45561075211, 1.80389678478, 4.38975954056, 0.826886475086, 0.0300620235503, 0.00580090703443, 0.000591317599174, 0.000106272433186, 7.57792076911e-05, 1.48615836224e-05, 4.44601312211e-07, 1.62663020831e-08, 1.64736446706e-10, 7.30196458854e-11],
        "max": [0.00350496452302, 0.0334528721869, 0.195365011692, 6.04887580872, 37.247959137, 44.71534729, 136.863571167, 305.736328125, 494.292388916, 965.853149414, 193.002960205, 170.479782104, 281.911102295, 911.438842773, 1134.4095459, 309.483215332, 206.528167725, 349.317687988, 29.1591815948, 60.3514823914, 174.176986694, 815.281738281, 90.316734314, 23.4508991241, 33.5210342407, 38.2713394165, 9.09910488129, 7.9320936203, 11.9448356628, 4.50418281555, 1.47439289093, 0.44893860817, 0.213974282146, 0.0722215771675, 0.0478457063437, 0.0194926764816, 0.00384974689223, 0.000813379941974, 0.00012886467448, 7.47585218051e-05],
        "mean": [0.0001806551154, 0.0029706126079, 0.0209058001637, 0.463805437088, 2.25074839592, 11.943066597, 34.0443878174, 48.0061759949, 69.5845565796, 172.612747192, 44.1808662415, 30.8595619202, 34.2859992981, 58.9868011475, 77.8654785156, 39.8705406189, 32.4150009155, 30.6596126556, 4.05248975754, 3.12525415421, 6.3001241684, 26.343755722, 3.01586890221, 1.37011110783, 1.31086099148, 0.926482319832, 0.33009442687, 0.260022521019, 0.290525585413, 0.13229650259, 0.0396353267133, 0.0138970967382, 0.00628067553043, 0.00238555972464, 0.00146938744001, 0.000613114796579, 0.000153862551088, 3.67448737961e-05, 1.88435278687e-05, 3.34665819537e-05],
        "median": [7.81408962212e-05, 0.000803265895229, 0.00712050590664, 0.0508745834231, 0.575547337532, 3.63808679581, 13.7836360931, 9.68044090271, 27.2704048157, 38.9349746704, 35.7199020386, 14.2896995544, 21.845281601, 18.3601531982, 27.3863601685, 10.8879299164, 14.6056900024, 8.363945961, 1.02234852314, 0.225714370608, 0.244524240494, 0.390105158091, 0.09375397861, 0.0355875268579, 0.0258109811693, 0.0126397768036, 0.00711956946179, 0.00518884044141, 0.00190127594396, 0.000422215700382, 0.000205318079679, 0.000115121925774, 9.26544089452e-05, 6.9775414886e-05, 4.95920721733e-05, 3.22024789057e-05, 1.62902379088e-05, 5.97462621954e-06, 1.66907357197e-05, 3.04519489873e-05],
        "min": [3.94852031604e-06, 3.04037494061e-05, 0.000140745454701, 0.0006517120637, 0.00297705223784, 0.0111622074619, 0.0377186015248, 0.234890371561, 0.191356003284, 0.321080744267, 1.00136172771, 1.05109000206, 0.529286384583, 0.186329364777, 0.0758609399199, 0.24225269258, 0.12785166502, 0.105513677001, 0.0361728854477, 0.00727003859356, 0.00872741546482, 0.00882893614471, 0.00295795476995, 0.00211219047196, 0.00190674769692, 0.000829755619634, 0.000463809265057, 0.000407978339354, 0.000169758219272, 6.31840375718e-05, 3.37989185937e-05, 2.35918487306e-05, 2.27107248065e-05, 1.82107960427e-05, 1.51467293108e-05, 1.0361232853e-05, 5.36466131962e-06, 1.91952108253e-06, 7.5419420682e-06, 3.05527555611e-06],
        "var": [1.64640454159e-07, 3.41237646353e-05, 0.00123741512652, 1.08741235733, 25.4876728058, 201.47895813, 1712.42248535, 5963.83056641, 9514.41796875, 69180.5, 1713.00891113, 1395.17041016, 1801.08789062, 16976.2421875, 33888.546875, 3571.45776367, 1793.32409668, 4604.80615234, 37.8874855042, 102.57283783, 475.629425049, 12109.7382812, 114.468925476, 16.2306556702, 21.0642547607, 19.6818447113, 1.79697430134, 1.29302489758, 2.46032428741, 0.440898567438, 0.0393423251808, 0.00447962293401, 0.000840170949232, 0.000105713261291, 4.48751306976e-05, 8.02383328846e-06, 3.67581350247e-07, 1.55325121654e-08, 1.68622893426e-10, 1.84167694983e-10]
    },
    "gfcc": {
        "mean": [-171.101257324, 196.336502075, -154.151351929, -75.8084716797, -60.6908111572, -42.1679649353, -24.5397129059, -23.8374938965, -22.9366664886, -7.0628900528, 1.00473630428, -3.16107988358, -2.21599626541],
        "cov": [[3580.8137207, -1579.94641113, -1598.93859863, 1367.14233398, 389.946228027, 568.977844238, 5.16004991531, 334.11831665, -56.6020889282, -205.47543335, -234.857376099, 70.8608169556, -170.384078979], [-1579.94641113, 1970.24572754, 1014.02233887, -814.752807617, 79.7087402344, -225.812438965, 3.27874660492, -425.509460449, -302.659332275, -321.41809082, -168.780563354, -270.416320801, 68.8494567871], [-1598.93859863, 1014.02233887, 1390.35388184, -604.919494629, -310.393890381, -1.54063928127, 34.1744346619, -197.891616821, -170.041992188, -143.706451416, -50.5623550415, -27.5382976532, 114.26309967], [1367.14233398, -814.752807617, -604.919494629, 696.874328613, 120.715606689, 148.31427002, 0.0594309493899, 206.43989563, 37.3536491394, -22.6625270844, -78.0478820801, 21.4380989075, -109.46723175], [389.946228027, 79.7087402344, -310.393890381, 120.715606689, 264.129455566, 28.370716095, -22.0030879974, -5.44552707672, -36.5179405212, -62.9737129211, -79.5178604126, -71.3144683838, -46.8896636963], [568.977844238, -225.812438965, -1.54063928127, 148.31427002, 28.370716095, 400.280212402, 22.1090183258, 12.8709106445, -96.687210083, -123.881111145, -78.9448394775, 87.8283538818, 46.8196792603], [5.16004991531, 3.27874660492, 34.1744346619, 0.0594309493899, -22.0030879974, 22.1090183258, 52.8851089478, 6.79979133606, -24.8490276337, -15.0747623444, -2.76461744308, 17.6058273315, 1.18542349339], [334.11831665, -425.509460449, -197.891616821, 206.43989563, -5.44552707672, 12.8709106445, 6.79979133606, 147.849212646, 95.9343948364, 81.0412750244, 45.3979721069, 55.281337738, -33.8723373413], [-56.6020889282, -302.659332275, -170.041992188, 37.3536491394, -36.5179405212, -96.687210083, -24.8490276337, 95.9343948364, 168.19770813, 171.886688232, 115.455223083, 39.0789833069, -18.3952312469], [-205.47543335, -321.41809082, -143.706451416, -22.6625270844, -62.9737129211, -123.881111145, -15.0747623444, 81.0412750244, 171.886688232, 236.546524048, 161.145523071, 55.6653518677, -3.43706274033], [-234.857376099, -168.780563354, -50.5623550415, -78.0478820801, -79.5178604126, -78.9448394775, -2.76461744308, 45.3979721069, 115.455223083, 161.145523071, 162.269012451, 81.5974121094, 40.9013519287], [70.8608169556, -270.416320801, -27.5382976532, 21.4380989075, -71.3144683838, 87.8283538818, 17.6058273315, 55.281337738, 39.0789833069, 55.6653518677, 81.5974121094, 142.940612793, 70.5945587158], [-170.384078979, 68.8494567871, 114.26309967, -109.46723175, -46.8896636963, 46.8196792603, 1.18542349339, -33.8723373413, -18.3952312469, -3.43706274033, 40.9013519287, 70.5945587158, 91.5872268677]],
        "icov": [[0.00628948304802, -0.00506589002907, 0.00866382196546, -0.00731169013306, 0.00820106640458, -0.00730198761448, 0.00637556333095, -0.0103441793472, 0.00946520268917, -0.00367317977361, 0.0042634322308, -0.00267403596081, 0.00190452940296], [-0.00506589002907, 0.0163673963398, -0.0136523190886, 0.0101402057335, -0.0190975572914, 0.0117655526847, -0.0133821917698, 0.0212385654449, -0.0152501584962, 0.0221431702375, -0.0159683730453, 0.013581527397, -0.00590920355171], [0.00866382196546, -0.0136523190886, 0.0181281995028, -0.00985289923847, 0.0211957339197, -0.0136477574706, 0.0142302988097, -0.0247978679836, 0.0200919434428, -0.01557081379, 0.0143296299502, -0.00764524936676, 0.00340529717505], [-0.00731169013306, 0.0101402057335, -0.00985289923847, 0.0169222392142, -0.0116950552911, 0.00949133560061, -0.00667274417356, 0.00613933708519, -0.00805422943085, 0.0106941107661, -0.00617096945643, 0.00736986054108, -0.00133052060846], [0.00820106640458, -0.0190975572914, 0.0211957339197, -0.0116950552911, 0.0324030295014, -0.0165100432932, 0.0195851996541, -0.0309966746718, 0.0241297204047, -0.0245407987386, 0.0207103714347, -0.00959216430783, 0.00457360222936], [-0.00730198761448, 0.0117655526847, -0.0136477574706, 0.00949133560061, -0.0165100432932, 0.0166549272835, -0.0109295630828, 0.019139604643, -0.0136290099472, 0.0138627672568, -0.00757652474567, 0.00202513160184, -0.00419898377731], [0.00637556333095, -0.0133821917698, 0.0142302988097, -0.00667274417356, 0.0195851996541, -0.0109295630828, 0.0422603189945, -0.0290922541171, 0.0328309163451, -0.0185425784439, 0.00934222340584, -0.0167743843049, 0.0151551729068], [-0.0103441793472, 0.0212385654449, -0.0247978679836, 0.00613933708519, -0.0309966746718, 0.019139604643, -0.0290922541171, 0.0700638592243, -0.0479221828282, 0.0304726026952, -0.0208111666143, -0.000393103196984, 0.00481641665101], [0.00946520268917, -0.0152501584962, 0.0200919434428, -0.00805422943085, 0.0241297204047, -0.0136290099472, 0.0328309163451, -0.0479221828282, 0.0667857676744, -0.036208383739, 0.00931625347584, -0.00765308924019, 0.00934559106827], [-0.00367317977361, 0.0221431702375, -0.01557081379, 0.0106941107661, -0.0245407987386, 0.0138627672568, -0.0185425784439, 0.0304726026952, -0.036208383739, 0.061093531549, -0.0399526841938, 0.0179499611259, -0.000385463878047], [0.0042634322308, -0.0159683730453, 0.0143296299502, -0.00617096945643, 0.0207103714347, -0.00757652474567, 0.00934222340584, -0.0208111666143, 0.00931625347584, -0.0399526841938, 0.0555234067142, -0.0226602740586, -0.00561685767025], [-0.00267403596081, 0.013581527397, -0.00764524936676, 0.00736986054108, -0.00959216430783, 0.00202513160184, -0.0167743843049, -0.000393103196984, -0.00765308924019, 0.0179499611259, -0.0226602740586, 0.0523644909263, -0.0338178500533], [0.00190452940296, -0.00590920355171, 0.00340529717505, -0.00133052060846, 0.00457360222936, -0.00419898377731, 0.0151551729068, 0.00481641665101, 0.00934559106827, -0.000385463878047, -0.00561685767025, -0.0338178500533, 0.0495757907629]]
    },
    "melbands": {
        "dmean": [1.5332844896e-06, 2.79055052488e-06, 9.72492998699e-05, 0.000148232182255, 0.000340393540682, 0.000240508714342, 0.000295413658023, 0.000337175733875, 9.68889726209e-05, 7.3853872891e-05, 9.81668708846e-05, 0.000130948785227, 0.000158381473739, 5.79561383347e-05, 4.00937715312e-05, 3.97022449761e-05, 2.87937218673e-05, 4.02915429731e-06, 1.42182977925e-06, 1.44982925576e-06, 6.68173515805e-06, 3.44022337231e-05, 3.70916450265e-06, 1.16630815228e-06, 5.13189434059e-07, 8.31337615637e-07, 6.64959998176e-07, 4.39030742427e-07, 2.0196313244e-07, 1.773638445e-07, 8.83128947748e-08, 1.20839615647e-07, 1.79787519983e-07, 3.06667580219e-08, 1.98360297077e-08, 7.03535141255e-09, 5.06249930865e-09, 3.33070349079e-09, 1.83400628018e-09, 1.19003973342e-09],
        "dmean2": [2.57298120232e-06, 4.0620643631e-06, 0.000148817955051, 0.000208325727726, 0.000434502668213, 0.000301091786241, 0.000364674691809, 0.000461000367068, 0.000140130578075, 0.000105741375592, 0.000146974969539, 0.000174178756424, 0.000202362032724, 8.36229955894e-05, 5.43342030142e-05, 5.78119615966e-05, 4.24512327299e-05, 6.85656550559e-06, 1.7866482267e-06, 1.95940447156e-06, 9.38110770221e-06, 5.11440848641e-05, 6.95884727975e-06, 1.96972769118e-06, 8.0594031715e-07, 1.17777165087e-06, 1.05383173832e-06, 7.4850117926e-07, 3.90724920862e-07, 2.8676851116e-07, 1.433960648e-07, 2.09602887935e-07, 3.18167764135e-07, 4.9379895728e-08, 2.37517507884e-08, 1.23988455059e-08, 8.69450822449e-09, 4.65535165972e-09, 3.13961945331e-09, 1.82337267507e-09],
        "dvar": [2.02053356685e-11, 1.84153577804e-11, 7.62710570257e-08, 6.75154367968e-08, 2.85052919935e-07, 1.66161655102e-07, 2.4479427907e-07, 3.40501628671e-07, 1.75107484068e-08, 1.00570627382e-08, 3.06044398712e-08, 7.76333450858e-08, 2.71705914656e-07, 8.70364313954e-09, 7.28126137162e-09, 4.66425920109e-09, 5.98105964755e-09, 7.56412224523e-11, 2.33449006654e-11, 1.39954410908e-11, 5.87927873053e-10, 1.69199037003e-08, 5.09720932129e-10, 3.061568013e-11, 2.45267499886e-12, 1.07795300464e-11, 1.00478974099e-11, 4.17546769729e-12, 7.88814380568e-13, 6.61284395298e-13, 1.48033779787e-13, 3.8129726156e-13, 7.70276962873e-13, 2.59396623376e-14, 1.06448078908e-14, 1.25059173646e-15, 6.38571892067e-16, 2.50228938031e-16, 6.37493076495e-17, 2.49104878988e-17],
        "dvar2": [5.82115258774e-11, 4.70870946401e-11, 1.95814294557e-07, 1.63516304497e-07, 3.90869274725e-07, 2.00598165634e-07, 3.94559066308e-07, 9.33464946229e-07, 4.36774278967e-08, 2.21010765245e-08, 8.75050076843e-08, 1.46028597214e-07, 3.92157488704e-07, 1.7521491813e-08, 1.58245683224e-08, 9.57304369109e-09, 1.21220873339e-08, 2.11243703085e-10, 2.23052531306e-11, 1.74824113519e-11, 1.01924191309e-09, 4.19525569839e-08, 1.50742240912e-09, 5.84010131921e-11, 5.68179227625e-12, 1.91042737185e-11, 2.19087629982e-11, 9.37287226999e-12, 2.64087753402e-12, 1.60602835284e-12, 3.55214013585e-13, 8.26073747167e-13, 2.34594310124e-12, 5.21928928841e-14, 2.00034148859e-14, 3.10241741151e-15, 1.37528028025e-15, 4.76125266465e-16, 1.36113218305e-16, 4.8567469606e-17],
        "max": [3.2518277294e-05, 6.1381222622e-05, 0.00215358682908, 0.00210060295649, 0.00444575445727, 0.00606275862083, 0.00625533284619, 0.00848845485598, 0.00132081692573, 0.000996526796371, 0.00143962772563, 0.00338849541731, 0.00635366002098, 0.00083341053687, 0.00094085582532, 0.00068486033706, 0.000654741888866, 6.44319516141e-05, 6.41432707198e-05, 4.66776073154e-05, 0.000273361161817, 0.00121361075435, 0.000184712567716, 5.2104354836e-05, 1.85094631888e-05, 4.16693510488e-05, 3.2683754398e-05, 1.95148131752e-05, 6.68346820021e-06, 8.2970063886e-06, 3.34987521455e-06, 5.71130476601e-06, 5.94199855186e-06, 1.6908620637e-06, 1.16777152925e-06, 3.04878824409e-07, 2.44021350682e-07, 1.89114103932e-07, 6.84208387725e-08, 5.50628129758e-08],
        "mean": [2.21812570089e-06, 6.34571597402e-06, 0.000142510500154, 0.000362632446922, 0.0011775229359, 0.00107710901648, 0.00135008059442, 0.00161653198302, 0.000289871590212, 0.000186713601579, 0.000171408362803, 0.000231019672356, 0.000336093624355, 0.000124537968077, 7.35238281777e-05, 8.19108463475e-05, 5.02764123667e-05, 6.036902505e-06, 3.35469235324e-06, 2.70920122603e-06, 8.87210899236e-06, 3.64832048945e-05, 3.07221694129e-06, 1.97959661818e-06, 8.79560161593e-07, 1.4873693317e-06, 7.60199156957e-07, 4.87195848109e-07, 2.01756265028e-07, 2.2106239328e-07, 1.11756278898e-07, 1.39831783486e-07, 1.63771446182e-07, 4.94972773879e-08, 2.71117119865e-08, 9.61049639869e-09, 7.5478228112e-09, 4.99102581486e-09, 2.57494692235e-09, 1.72162728518e-09],
        "median": [7.732765539e-07, 2.43602130467e-06, 1.32354043672e-05, 0.000124686717754, 0.000718888186384, 0.000236178937485, 0.000519179040566, 0.000352138129529, 0.000186671386473, 8.28903794172e-05, 9.83008067124e-05, 6.76898634993e-05, 8.40326247271e-05, 4.12266235799e-05, 1.25075403048e-05, 3.2698513678e-05, 9.40947484196e-06, 8.14371958313e-07, 3.23716506045e-07, 1.78766214276e-07, 2.55850153508e-07, 4.29381714184e-07, 1.47981339182e-07, 3.48295152719e-08, 2.587987602e-08, 2.39628050736e-08, 1.30161277312e-08, 7.15197634449e-09, 4.20113543953e-09, 4.43201164657e-09, 2.540303079e-09, 1.15050602378e-09, 3.23456372797e-10, 1.40663869441e-10, 1.12304596178e-10, 6.75773048631e-11, 4.69302548212e-11, 4.93240587263e-11, 4.01831241892e-11, 4.13525984289e-11],
        "min": [2.02846557329e-08, 5.52730803349e-08, 7.48822941432e-08, 1.73393189584e-07, 2.5912260071e-07, 3.48368985215e-07, 2.64628897639e-06, 4.09043514082e-06, 1.06955087631e-06, 7.20206458027e-07, 1.41902762607e-06, 5.93173979269e-07, 2.09944772678e-07, 1.55351472131e-07, 7.80042768156e-08, 2.20135589757e-07, 8.56675299588e-08, 2.23817391287e-08, 3.43298678374e-09, 2.76776801478e-09, 3.57465923528e-09, 1.00360466604e-08, 3.37463457178e-09, 8.68690841482e-10, 1.53264390068e-09, 2.00156358154e-09, 6.70694444427e-10, 4.40378733479e-10, 2.70493877297e-10, 2.51879378466e-10, 2.20277948659e-10, 9.92445917114e-11, 4.68920735575e-11, 1.46269663048e-11, 1.35510899377e-11, 7.71407764055e-12, 6.38255550842e-12, 5.9255352361e-12, 5.59640007947e-12, 6.37227033293e-12],
        "var": [2.05951072169e-11, 1.05800306016e-10, 1.16090113522e-07, 1.93531661807e-07, 1.88853550753e-06, 2.69776728601e-06, 2.9504176382e-06, 5.29176713826e-06, 1.03429513842e-07, 5.16494615965e-08, 4.99865855375e-08, 2.3537225502e-07, 9.6924202353e-07, 3.24733875345e-08, 1.85572517353e-08, 1.71834582119e-08, 1.35803075452e-08, 1.20392612546e-10, 1.1877845929e-10, 5.78850786748e-11, 1.10956721588e-09, 2.39493331833e-08, 2.86696943963e-10, 5.70980970838e-11, 6.5130613576e-12, 2.83641755916e-11, 1.33393747437e-11, 5.34471165242e-12, 7.60763901961e-13, 9.7781472589e-13, 2.39737998333e-13, 5.77904694585e-13, 7.77859818658e-13, 5.89268285317e-14, 2.09035178354e-14, 2.06131587527e-15, 1.3436109889e-15, 5.72116969278e-16, 1.24807948968e-16, 5.554793099e-17]
    },
    "mfcc": {
        "mean": [-804.992248535, 226.776397705, -28.8476238251, -40.4882698059, -32.7268638611, -27.2322540283, -12.3131818771, -15.648191452, -21.319355011, -19.3266162872, -5.02959728241, 5.76983976364, -2.17544031143],
        "cov": [[4094.12963867, -1213.06030273, -2048.64770508, 1059.2454834, 360.965881348, 338.943817139, 271.385314941, 362.251800537, 326.786468506, -23.3070640564, -132.484863281, 20.8134975433, -6.64500522614], [-1213.06030273, 1694.47412109, 891.405944824, -595.417663574, 33.2111473083, 19.1697311401, 96.068611145, -68.4239959717, -151.04196167, -163.441711426, -191.014892578, -238.126983643, -309.487945557], [-2048.64770508, 891.405944824, 1687.9708252, -621.946655273, -245.558410645, -38.3522605896, -105.258033752, -24.7470417023, -145.540527344, -68.0991287231, -80.0552062988, -174.587402344, -65.7027511597], [1059.2454834, -595.417663574, -621.946655273, 580.545654297, 76.9134750366, -46.0507278442, 25.7594242096, 41.4469184875, 108.562599182, 49.3491668701, 49.2022819519, 108.427383423, 60.4489707947], [360.965881348, 33.2111473083, -245.558410645, 76.9134750366, 162.442489624, 57.9918365479, 32.699760437, 32.6721839905, 37.9881668091, 10.8041324615, -28.524230957, -32.2030982971, -36.7137374878], [338.943817139, 19.1697311401, -38.3522605896, -46.0507278442, 57.9918365479, 179.470046997, 80.892250061, 88.5601501465, 38.1741523743, -28.643743515, -66.5117416382, -76.4091949463, -52.1077957153], [271.385314941, 96.068611145, -105.258033752, 25.7594242096, 32.699760437, 80.892250061, 130.455337524, 67.4756011963, 16.4559803009, -46.110118866, -51.4794540405, -25.2658939362, -70.2578811646], [362.251800537, -68.4239959717, -24.7470417023, 41.4469184875, 32.6721839905, 88.5601501465, 67.4756011963, 135.734039307, 48.1265258789, -29.7239742279, -55.5637016296, -48.0524253845, -23.4060993195], [326.786468506, -151.04196167, -145.540527344, 108.562599182, 37.9881668091, 38.1741523743, 16.4559803009, 48.1265258789, 60.2011299133, 20.7966957092, -4.00546312332, 1.96390318871, 7.89707183838], [-23.3070640564, -163.441711426, -68.0991287231, 49.3491668701, 10.8041324615, -28.643743515, -46.110118866, -29.7239742279, 20.7966957092, 74.5607757568, 62.9371566772, 34.622718811, 52.5473480225], [-132.484863281, -191.014892578, -80.0552062988, 49.2022819519, -28.524230957, -66.5117416382, -51.4794540405, -55.5637016296, -4.00546312332, 62.9371566772, 111.891304016, 98.150642395, 75.7503204346], [20.8134975433, -238.126983643, -174.587402344, 108.427383423, -32.2030982971, -76.4091949463, -25.2658939362, -48.0524253845, 1.96390318871, 34.622718811, 98.150642395, 143.777160645, 86.838104248], [-6.64500522614, -309.487945557, -65.7027511597, 60.4489707947, -36.7137374878, -52.1077957153, -70.2578811646, -23.4060993195, 7.89707183838, 52.5473480225, 75.7503204346, 86.838104248, 126.566856384]],
