{
"lowlevel": {
    "average_loudness": 0.939958274364,
    "barkbands_crest": {
        "dmean": 3.12222290039,
        "dmean2": 5.53225040436,
        "dvar": 5.20409870148,
        "dvar2": 16.5525588989,
        "max": 21.4388103485,
        "mean": 12.4816589355,
        "median": 12.3500709534,
        "min": 5.25100755692,
        "var": 11.6758861542
    },
    "barkbands_flatness_db": {
        "dmean": 0.0207184106112,
        "dmean2": 0.0334976539016,
        "dvar": 0.00037897186121,
        "dvar2": 0.000830947770737,
        "max": 0.374682992697,
        "mean": 0.223728433251,
        "median": 0.214717656374,
        "min": 0.118889123201,
        "var": 0.00227948091924
    },
    "barkbands_kurtosis": {
        "dmean": 4.78536128998,
        "dmean2": 8.21455192566,
        "dvar": 28.6657810211,
        "dvar2": 95.1068267822,
        "max": 57.0443344116,
        "mean": 12.6336278915,
        "median": 11.8044776917,
        "min": -0.943535327911,
        "var": 68.5841751099
    },
    "barkbands_skewness": {
        "dmean": 0.561047554016,
        "dmean2": 0.954790890217,
        "dvar": 0.263114571571,
        "dvar2": 0.74547201395,
        "max": 5.00972032547,
        "mean": 2.58338260651,
        "median": 2.67232489586,
        "min": -0.240254983306,
        "var": 0.737141311169
    },
    "barkbands_spread": {
        "dmean": 1.28109896183,
        "dmean2": 2.15842556953,
        "dvar": 2.1398024559,
        "dvar2": 5.22493076324,
        "max": 20.5660018921,
        "mean": 5.31922578812,
        "median": 5.23847675323,
        "min": 0.859571695328,
        "var": 5.85826635361
    },
    "dissonance": {
        "dmean": 0.0318418703973,
        "dmean2": 0.0553965047002,
        "dvar": 0.00114722270519,
        "dvar2": 0.00254515418783,
        "max": 0.499999970198,
        "mean": 0.438378095627,
        "median": 0.451449722052,
        "min": 0.215960234404,
        "var": 0.00204444886185
    },
    "dynamic_complexity": 3.82301521301,
    "erbbands_crest": {
        "dmean": 2.97912716866,
        "dmean2": 5.1065788269,
        "dvar": 5.68074274063,
        "dvar2": 15.374341011,
        "max": 30.0046386719,
        "mean": 14.6878862381,
        "median": 12.6709289551,
        "min": 5.48620080948,
        "var": 39.4163627625
    },
    "erbbands_flatness_db": {
        "dmean": 0.0196750927716,
        "dmean2": 0.030829731375,
        "dvar": 0.000487302808324,
        "dvar2": 0.00101199082565,
        "max": 0.435424417257,
        "mean": 0.257070153952,
        "median": 0.242027804255,
        "min": 0.14193187654,
        "var": 0.00313300127164
    },
    "erbbands_kurtosis": {
        "dmean": 2.73776340485,
        "dmean2": 4.49561786652,
        "dvar": 13.1628036499,
        "dvar2": 37.7621078491,
        "max": 45.1343307495,
        "mean": 5.5070681572,
        "median": 3.38438844681,
        "min": -1.47525799274,
        "var": 50.0357894897
    },
    "erbbands_skewness": {
        "dmean": 0.451668322086,
        "dmean2": 0.752784192562,
        "dvar": 0.187893509865,
        "dvar2": 0.48630130291,
        "max": 5.50124788284,
        "mean": 1.82284641266,
        "median": 1.692897439,
        "min": -0.70171880722,
        "var": 0.748427331448
    },
    "erbbands_spread": {
        "dmean": 4.46228981018,
        "dmean2": 7.17077589035,
        "dvar": 16.6175632477,
        "dvar2": 38.8847007751,
        "max": 60.5779190063,
        "mean": 17.0946960449,
        "median": 16.0253448486,
        "min": 2.01265621185,
        "var": 92.600479126
    },
    "hfc": {
        "dmean": 3.15711331367,
        "dmean2": 5.32756757736,
        "dvar": 85.8660430908,
        "dvar2": 240.122528076,
        "max": 107.019035339,
        "mean": 6.84851408005,
        "median": 2.60618543625,
        "min": 0.641439080238,
        "var": 127.062561035
    },
    "melbands_crest": {
        "dmean": 2.75265908241,
        "dmean2": 4.58625268936,
        "dvar": 4.3439078331,
        "dvar2": 12.5252695084,
        "max": 27.6005744934,
        "mean": 14.4438524246,
        "median": 13.2558412552,
        "min": 5.87102270126,
        "var": 17.5262203217
    },
    "melbands_flatness_db": {
        "dmean": 0.0214089620858,
        "dmean2": 0.0346003100276,
        "dvar": 0.000387292413507,
        "dvar2": 0.000861183565576,
        "max": 0.456693261862,
        "mean": 0.305217653513,
        "median": 0.297392576933,
        "min": 0.168621137738,
        "var": 0.00222284696065
    },
    "melbands_kurtosis": {
        "dmean": 4.93634796143,
        "dmean2": 8.24010658264,
        "dvar": 24.3999843597,
        "dvar2": 72.1641387939,
        "max": 43.0799179077,
        "mean": 14.0419235229,
        "median": 14.0102558136,
        "min": -0.986767292023,
        "var": 62.4388465881
    },
    "melbands_skewness": {
        "dmean": 0.533352434635,
        "dmean2": 0.871840000153,
        "dvar": 0.267922997475,
        "dvar2": 0.74317163229,
        "max": 5.48825073242,
        "mean": 2.19974374771,
        "median": 2.2177157402,
        "min": -0.0976366996765,
        "var": 1.00323843956
    },
    "melbands_spread": {
        "dmean": 1.45292448997,
        "dmean2": 2.47190403938,
        "dvar": 2.09249401093,
        "dvar2": 5.26171875,
        "max": 16.822681427,
        "mean": 6.50202035904,
        "median": 6.22043132782,
        "min": 1.26059103012,
        "var": 5.52432823181
    },
    "pitch_salience": {
        "dmean": 0.074359767139,
        "dmean2": 0.126297399402,
        "dvar": 0.0043119546026,
        "dvar2": 0.0126552470028,
        "max": 0.806615531445,
        "mean": 0.539948940277,
        "median": 0.534397423267,
        "min": 0.203613162041,
        "var": 0.0104604614899
    },
    "silence_rate_20dB": {
        "dmean": 0,
        "dmean2": 0,
        "dvar": 0,
        "dvar2": 0,
        "max": 1,
        "mean": 1,
        "median": 1,
        "min": 1,
        "var": 0
    },
    "silence_rate_30dB": {
        "dmean": 0.00952380988747,
        "dmean2": 0.0191387552768,
        "dvar": 0.00943312235177,
        "dvar2": 0.0283417589962,
        "max": 1,
        "mean": 0.99526065588,
        "median": 1,
        "min": 0,
        "var": 0.00471688481048
    },
    "silence_rate_60dB": {
        "dmean": 0.114285714924,
        "dmean2": 0.229665070772,
        "dvar": 0.101224653423,
        "dvar2": 0.272612661123,
        "max": 1,
        "mean": 0.161137446761,
        "median": 0,
        "min": 0,
        "var": 0.135171875358
    },
    "spectral_centroid": {
        "dmean": 82.2872848511,
        "dmean2": 144.270690918,
        "dvar": 8728.97949219,
        "dvar2": 23947.8925781,
        "max": 1310.61083984,
        "mean": 630.082946777,
        "median": 609.408203125,
        "min": 369.515838623,
        "var": 12025.7548828
    },
    "spectral_complexity": {
        "dmean": 1.39047622681,
        "dmean2": 2.27272725105,
        "dvar": 3.81895279884,
        "dvar2": 8.48543071747,
        "max": 25,
        "mean": 7.21800947189,
        "median": 7,
        "min": 1,
        "var": 7.15625286102
    },
    "spectral_decrease": {
        "dmean": 1.39528466558e-09,
        "dmean2": 2.3172121999e-09,
        "dvar": 1.30346525356e-17,
        "dvar2": 3.61805954429e-17,
        "max": -1.63164801115e-10,
        "mean": -3.21208792897e-09,
        "median": -1.37224509533e-09,
        "min": -4.08690539189e-08,
        "var": 2.23365069733e-17
    },
    "spectral_energy": {
        "dmean": 0.00554561289027,
        "dmean2": 0.00922349654138,
        "dvar": 0.000209033401916,
        "dvar2": 0.000580389052629,
        "max": 0.163955524564,
        "mean": 0.0127443158999,
        "median": 0.00539634842426,
        "min": 0.000674003560562,
        "var": 0.000355313153705
    },
    "spectral_energyband_high": {
        "dmean": 2.65141443379e-06,
        "dmean2": 4.19603202317e-06,
        "dvar": 8.1423531112e-12,
        "dvar2": 1.37295357375e-11,
        "max": 5.27573865838e-05,
        "mean": 1.36250855576e-05,
        "median": 1.30250737129e-05,
        "min": 5.00115402247e-06,
        "var": 2.57346019494e-11
    },
    "spectral_energyband_low": {
        "dmean": 2.22714697884e-05,
        "dmean2": 3.57518947567e-05,
        "dvar": 5.90021587143e-10,
        "dvar2": 1.45113832062e-09,
        "max": 0.000219852241571,
        "mean": 4.82987343275e-05,
        "median": 3.65253290511e-05,
        "min": 2.76245799569e-07,
        "var": 1.47573875342e-09
    },
    "spectral_energyband_middle_high": {
        "dmean": 0.0012042648159,
        "dmean2": 0.0020447014831,
        "dvar": 1.96326818696e-05,
        "dvar2": 5.36426305189e-05,
        "max": 0.0501179434359,
        "mean": 0.00165336555801,
        "median": 0.000337418430718,
        "min": 7.41594485589e-05,
        "var": 2.23742663366e-05
    },
    "spectral_energyband_middle_low": {
        "dmean": 0.00479737622663,
        "dmean2": 0.00795718375593,
        "dvar": 0.000121966986626,
        "dvar2": 0.000336931378115,
        "max": 0.114069767296,
        "mean": 0.0110543146729,
        "median": 0.00490525644273,
        "min": 0.000452828942798,
        "var": 0.000233575716265
    },
    "spectral_entropy": {
        "dmean": 0.155860215425,
        "dmean2": 0.251741230488,
        "dvar": 0.0285564810038,
        "dvar2": 0.0522446557879,
        "max": 8.5261964798,
        "mean": 6.8207988739,
        "median": 6.90776729584,
        "min": 5.53161096573,
        "var": 0.162767037749
    },
    "spectral_flux": {
        "dmean": 0.0156423300505,
        "dmean2": 0.0254336521029,
        "dvar": 0.000988344429061,
        "dvar2": 0.00246961717494,
        "max": 0.358559697866,
        "mean": 0.0462007932365,
        "median": 0.0333040542901,
        "min": 0.0114587536082,
        "var": 0.00139744963963
    },
    "spectral_kurtosis": {
        "dmean": 3.21872878075,
        "dmean2": 5.58829641342,
        "dvar": 23.9907417297,
        "dvar2": 66.5528640747,
        "max": 62.5620117188,
        "mean": 10.6540470123,
        "median": 8.70885372162,
        "min": 2.14016771317,
        "var": 47.9026069641
    },
    "spectral_rms": {
        "dmean": 0.000610543705989,
        "dmean2": 0.000992622459307,
        "dvar": 9.96125208985e-07,
        "dvar2": 2.44221473622e-06,
        "max": 0.0126473950222,
        "mean": 0.00302173057571,
        "median": 0.00229449989274,
        "min": 0.00081090349704,
        "var": 3.30260945702e-06
    },
    "spectral_rolloff": {
        "dmean": 84.1845703125,
        "dmean2": 154.132400513,
        "dvar": 15962.2158203,
        "dvar2": 34498.1132812,
        "max": 1356.59179688,
        "mean": 623.033630371,
        "median": 559.86328125,
        "min": 387.59765625,
        "var": 23854.3515625
    },
    "spectral_skewness": {
        "dmean": 0.299526929855,
        "dmean2": 0.495517849922,
        "dvar": 0.144096404314,
        "dvar2": 0.354338645935,
        "max": 6.08409500122,
        "mean": 2.12500929832,
        "median": 1.93733108044,
        "min": 1.14927077293,
        "var": 0.453134834766
    },
    "spectral_spread": {
        "dmean": 323218.9375,
        "dmean2": 406432.375,
        "dvar": 1.79272574566e+12,
        "dvar2": 940589711360,
        "max": 28363884,
        "mean": 2877288.75,
        "median": 2818696,
        "min": 910758.4375,
        "var": 3.68268882739e+12
    },
    "spectral_strongpeak": {
        "dmean": 0.390405088663,
        "dmean2": 0.624730110168,
        "dvar": 0.219554647803,
        "dvar2": 0.439075112343,
        "max": 4.77421379089,
        "mean": 1.03938484192,
        "median": 0.528317332268,
        "min": 0.0485520251095,
        "var": 1.14760768414
    },
    "zerocrossingrate": {
        "dmean": 0.00340169272386,
        "dmean2": 0.00482440553606,
        "dvar": 1.15244401968e-05,
        "dvar2": 2.30684454436e-05,
        "max": 0.06103515625,
        "mean": 0.0295884553343,
        "median": 0.029296875,
        "min": 0.00927734375,
        "var": 3.61071361112e-05
    },
    "barkbands": {
        "dmean": [8.51191884976e-07, 1.42407870953e-05, 8.23464415589e-06, 3.60442718375e-05, 0.00103387376294, 0.000446218065917, 0.00308298505843, 0.00160771748051, 0.000304408808006, 0.000210332000279, 0.000957191281486, 5.48769057787e-05, 2.99455041386e-05, 1.64211469382e-05, 2.581211902e-06, 5.33492948307e-06, 1.01867008198e-05, 7.21249080016e-06, 6.52678045299e-06, 3.19098990076e-06, 1.53452901941e-06, 7.31328839265e-07, 7.83621274536e-08, 7.28051716692e-08, 4.70510990169e-08, 5.08088966455e-08, 1.52996705083e-07],
        "dmean2": [1.43785609907e-06, 2.37480107899e-05, 1.39567609949e-05, 5.89658411627e-05, 0.00174665579107, 0.000744461663999, 0.00550233386457, 0.00289719272405, 0.000537989079021, 0.000328012276441, 0.00165328453295, 8.96273122635e-05, 5.24705501448e-05, 2.94322344416e-05, 4.5338970267e-06, 9.25715266931e-06, 1.79253656825e-05, 1.20189251902e-05, 1.13044789032e-05, 5.23304606759e-06, 2.70609871222e-06, 1.04740183815e-06, 1.31550493165e-07, 1.22483058362e-07, 7.99647352778e-08, 8.59568629608e-08, 2.6395258601e-07],
        "dvar": [1.56022222052e-12, 4.02972571978e-10, 5.92790122544e-11, 1.73138459125e-09, 1.66955624081e-06, 5.67682150177e-07, 6.08150403423e-05, 1.27537787193e-05, 6.78689218603e-07, 2.68607834641e-07, 1.56038422574e-05, 4.07899065635e-08, 1.0527664962e-08, 1.3717575964e-09, 3.71912153851e-11, 1.07735841082e-10, 1.08190545411e-09, 1.15048637284e-10, 4.71002993552e-11, 7.39059508037e-12, 1.87009500767e-12, 1.45237999145e-12, 4.5116837241e-14, 1.01502018054e-13, 1.43940526951e-14, 9.33799698943e-15, 2.5531289119e-14],
        "dvar2": [3.66515758715e-12, 8.70327088176e-10, 1.63566271638e-10, 4.22536405864e-09, 4.15138538301e-06, 1.48383628584e-06, 0.000169022474438, 3.66987696907e-05, 1.89887532542e-06, 7.93196193172e-07, 4.22524753958e-05, 1.15053445882e-07, 2.93026705123e-08, 4.13340917049e-09, 1.10272631304e-10, 3.40782180253e-10, 3.2490992119e-09, 3.55781876182e-10, 1.45039258381e-10, 2.18772517463e-11, 5.09069435911e-12, 2.47500978046e-12, 8.88105710392e-14, 2.3003690966e-13, 3.42045897086e-14, 2.13110897608e-14, 7.03531539124e-14],
        "max": [1.20931081256e-05, 0.000174993998371, 5.9401976614e-05, 0.000414108129917, 0.016922371462, 0.00502608343959, 0.0739475190639, 0.0288663655519, 0.00565407518297, 0.00416004098952, 0.0448575094342, 0.00194440339692, 0.000880509905983, 0.00028154667234, 6.19302591076e-05, 0.00012137653539, 0.000387383508496, 0.000134201938636, 6.54989707982e-05, 2.71699827863e-05, 1.30067464852e-05, 2.12409813685e-05, 2.91991091217e-06, 4.53701022707e-06, 1.68372366716e-06, 1.58591296895e-06, 2.69590077551e-06],
        "mean": [1.26213490148e-06, 2.23154602281e-05, 1.09189068098e-05, 6.03455409873e-05, 0.00207885727286, 0.000586130423471, 0.00579407950863, 0.00204115919769, 0.000470824597869, 0.00022604210244, 0.00122883997392, 5.58661340619e-05, 3.35136355716e-05, 2.2110183636e-05, 4.1282651182e-06, 1.41246464409e-05, 2.91017531708e-05, 2.27850632655e-05, 2.11899459828e-05, 1.07393807411e-05, 5.36019388164e-06, 2.00997692446e-06, 2.36136699527e-07, 1.86919450584e-07, 1.85331202829e-07, 2.24224834255e-07, 1.15293437375e-06],
        "median": [5.49757373847e-07, 1.10596147351e-05, 7.57377256377e-06, 4.10403736169e-05, 0.00177229847759, 0.00037380179856, 0.00143381813541, 0.000947830267251, 0.000130376894958, 5.52904857614e-05, 0.000142048083944, 1.27205112221e-05, 1.12406742119e-05, 5.87896875004e-06, 2.04142111215e-06, 8.90845694812e-06, 2.14413612412e-05, 2.10158832488e-05, 2.04043008125e-05, 1.01345758594e-05, 5.12909173267e-06, 1.71541341842e-06, 1.70760287688e-07, 1.24983017713e-07, 1.65795199791e-07, 2.08648032185e-07, 1.15503814868e-06],
        "min": [1.01321644408e-08, 4.11238119113e-08, 2.1387737803e-08, 8.39471965719e-07, 4.68559555884e-05, 4.89382946398e-05, 3.41350605595e-05, 7.18968076399e-05, 5.31239402335e-06, 4.45966543339e-06, 5.69083385926e-06, 1.95033226191e-06, 6.38390190488e-07, 5.77755258746e-07, 4.55253712062e-07, 1.66274264757e-06, 5.1818637985e-06, 4.2721931095e-06, 2.50893572229e-06, 2.62415846919e-06, 1.63115782925e-06, 6.26125654435e-07, 8.78847359331e-08, 5.85242432294e-08, 8.24855561632e-08, 6.01117022825e-08, 3.61283440498e-07],
        "var": [4.01961233396e-12, 8.62080740127e-10, 9.57412066294e-11, 4.43953140916e-09, 2.27908617489e-06, 5.38585538834e-07, 0.000125189922983, 1.14764825412e-05, 6.012366498e-07, 2.18027764731e-07, 1.86476318049e-05, 3.34605552155e-08, 7.35781879868e-09, 1.56743817925e-09, 3.44776603101e-11, 1.5527136521e-10, 8.44301073499e-10, 1.30547572752e-10, 6.11995523703e-11, 1.37131686215e-11, 2.85100046869e-12, 3.43359997552e-12, 1.13675304521e-13, 1.56214464649e-13, 2.44523995372e-14, 1.86277097127e-14, 4.62418494609e-14]
    },
    "erbbands": {
        "dmean": [0.000195566593902, 0.00392346642911, 0.0105684157461, 0.0520032569766, 0.457059293985, 5.66953516006, 3.51002669334, 4.52804946899, 12.1592073441, 76.8460769653, 19.3060913086, 6.98225545883, 3.68214869499, 18.9259147644, 30.8734378815, 2.99490404129, 1.50971841812, 0.479675412178, 0.662755906582, 0.226672545075, 0.24748942256, 0.587751686573, 0.37162348628, 0.387983471155, 0.205555945635, 0.136795148253, 0.0753818228841, 0.0520426556468, 0.0293608214706, 0.00466747954488, 0.00237697130069, 0.00152370275464, 0.0013131153537, 0.00066551315831, 0.000350586575223, 0.000156985697686, 0.000128061728901, 5.47426425328e-05, 2.18880832108e-05, 7.76888555265e-06],
        "dmean2": [0.000319544284139, 0.00656957086176, 0.0177784264088, 0.0860051587224, 0.772595047951, 9.54167747498, 5.95306777954, 7.62116384506, 22.1683235168, 131.236831665, 33.6017570496, 12.1073856354, 6.27123260498, 29.7117977142, 55.333896637, 5.05876302719, 2.65882921219, 0.888719558716, 1.17077243328, 0.396873325109, 0.43432071805, 1.01973724365, 0.624318122864, 0.67541462183, 0.353256672621, 0.227381587029, 0.129396364093, 0.0893934443593, 0.041629485786, 0.00705748423934, 0.00408011861145, 0.00219574850053, 0.00237330561504, 0.00117434188724, 0.000611765834037, 0.00026556791272, 0.00021840291447, 9.24880296225e-05, 3.73523434973e-05, 1.29560285131e-05],
        "dvar": [4.64090987862e-08, 3.05820722133e-05, 0.000116786235594, 0.00313233677298, 0.270748376846, 45.3395805359, 39.4187583923, 33.1695594788, 611.138305664, 44875.15625, 1939.28686523, 385.367858887, 136.287689209, 2604.06420898, 18058.5742188, 146.393112183, 31.345205307, 1.46037220955, 2.22209382057, 0.202765777707, 0.29442641139, 3.59918928146, 0.480181962252, 0.317185640335, 0.0365419127047, 0.0142878126353, 0.00407427223399, 0.00230883318, 0.0027829373721, 0.000179122260306, 5.90716663282e-05, 3.29468384734e-05, 2.7908865377e-05, 3.85936891689e-06, 6.49596529456e-07, 1.64043825635e-07, 3.186278974e-08, 5.39159117352e-09, 4.31505220444e-10, 2.50673121149e-10],
        "dvar2": [1.10681469323e-07, 6.63112296024e-05, 0.000318874721415, 0.00753157259896, 0.683853507042, 112.129440308, 95.3400115967, 89.4187927246, 1849.2800293, 124534.726562, 5543.93261719, 1063.14880371, 426.746032715, 6785.01123047, 50331.78125, 420.760650635, 89.2830810547, 4.24736166, 6.74908065796, 0.644983947277, 0.914799153805, 10.7241640091, 1.42511844635, 0.98666793108, 0.105042643845, 0.0418454408646, 0.0110596595332, 0.00647406466305, 0.00404968811199, 0.000221486974624, 0.000129466265207, 5.15110405104e-05, 7.5165713497e-05, 9.80791628535e-06, 1.5130895008e-06, 3.7349443005e-07, 7.44383399365e-08, 1.38944722394e-08, 1.22319998574e-09, 6.80726142122e-10],
        "max": [0.00212752074003, 0.0484904050827, 0.0773433968425, 0.587101101875, 6.04317045212, 86.0033035278, 60.2186584473, 52.2097473145, 207.640991211, 2122.64355469, 327.580322266, 134.735061646, 93.5372085571, 531.590515137, 1503.96777344, 133.069610596, 53.2216033936, 10.1661834717, 11.4980363846, 4.92221641541, 6.60632276535, 22.6600341797, 8.93334388733, 6.70503473282, 1.69625854492, 1.19861423969, 0.839654266834, 0.448292225599, 0.928361833096, 0.211492568254, 0.0932519137859, 0.087522007525, 0.0666818842292, 0.0242456551641, 0.0124494545162, 0.00643062125891, 0.00282279588282, 0.00119575159624, 0.000358118879376, 0.00019544546376],
        "mean": [0.000318484439049, 0.00611201580614, 0.016769438982, 0.103324331343, 1.24181389809, 11.6952819824, 4.94594621658, 6.45361661911, 22.7348861694, 144.893951416, 30.0506057739, 9.74011421204, 4.10764074326, 26.3449993134, 36.6071853638, 3.17507243156, 1.60763883591, 0.834453880787, 0.826380312443, 0.53628718853, 0.728887379169, 1.69108998775, 1.28922688961, 1.33665406704, 0.765554249287, 0.486385375261, 0.274655789137, 0.183035537601, 0.0868182256818, 0.0147812692448, 0.00687790103257, 0.00402831099927, 0.00319086061791, 0.00213354546577, 0.00137488206383, 0.000683543388732, 0.000450026273029, 0.000275972444797, 0.000133114357595, 3.66185122402e-05],
        "median": [0.000206920361961, 0.00285015022382, 0.0129381082952, 0.0714370906353, 0.854806423187, 9.9817237854, 3.55285310745, 4.40809774399, 10.8398590088, 33.1745452881, 15.1600999832, 3.05535650253, 1.34697151184, 5.55343341827, 2.73557734489, 0.620991647243, 0.534057676792, 0.224135264754, 0.247508689761, 0.293566823006, 0.485456526279, 1.28127348423, 1.1791601181, 1.24136483669, 0.741009294987, 0.475492656231, 0.268052667379, 0.176070556045, 0.072514668107, 0.0112448809668, 0.00485533289611, 0.00264027598314, 0.00224291230552, 0.00169521709904, 0.00125635589939, 0.00060620799195, 0.000426794082159, 0.00025803380413, 0.000131377368234, 3.00892188534e-05],
        "min": [1.86738407137e-06, 8.52257380757e-06, 5.31530640728e-05, 0.00187935656868, 0.0272421706468, 0.177929848433, 0.35429033637, 0.597482264042, 0.267942368984, 2.15167832375, 1.94673812389, 0.254528194666, 0.129157409072, 0.317085891962, 0.214933842421, 0.106406442821, 0.0890873149037, 0.0383023768663, 0.0324714183807, 0.0462879687548, 0.162752956152, 0.28024828434, 0.25380513072, 0.113379597664, 0.172732412815, 0.149627953768, 0.0994714125991, 0.0533056594431, 0.0247100908309, 0.00564242061228, 0.00238754600286, 0.00144809379708, 0.00125149067026, 0.000847266172059, 0.000646399508696, 0.000279398926068, 0.000116051996883, 6.87748251949e-05, 8.21001376607e-05, 1.84163109225e-05],
        "var": [1.03720552147e-07, 6.53712268104e-05, 0.000212204511627, 0.00946042127907, 1.13727736473, 67.8404693604, 36.5619773865, 42.0595054626, 1108.53833008, 82694.5234375, 1761.61547852, 300.877502441, 101.609199524, 3194.27050781, 20557.6816406, 121.797019958, 20.9235343933, 1.80867922306, 2.29514145851, 0.270919948816, 0.374672979116, 2.83680701256, 0.526264548302, 0.338287293911, 0.0578103177249, 0.0269332211465, 0.00815979018807, 0.00376275507733, 0.00707114348188, 0.000447339261882, 0.000123109726701, 6.84013284626e-05, 3.51627459168e-05, 5.33503953193e-06, 1.13705880267e-06, 3.09112806463e-07, 6.41435136117e-08, 1.06597690674e-08, 7.54205642384e-10, 4.12608947009e-10]
    },
    "gfcc": {
        "mean": [-123.139480591, 126.532035828, -123.914596558, -15.9243650436, -69.2254943848, -60.5469207764, -25.4993991852, -5.19233846664, -27.401391983, -6.85989618301, -11.6821527481, 1.75721228123, -6.79914617538],
        "cov": [[611.883178711, 365.286346436, -224.158737183, -320.220153809, -34.6427192688, 130.088409424, 69.2334136963, -9.69472789764, 19.6782417297, -20.8251190186, 10.7266139984, -42.5573005676, 8.9914598465], [365.286346436, 349.912994385, -124.895622253, -246.733047485, -24.4995765686, 40.414981842, 76.0319213867, -2.64022612572, 5.92695331573, -9.05042362213, 17.6531524658, -27.3884105682, 1.35209774971], [-224.158737183, -124.895622253, 165.307540894, 192.297714233, 17.7446155548, -53.625453949, -15.9628782272, 18.4819355011, -3.59871888161, 15.7439584732, 13.9579029083, 30.3913230896, -2.63558912277], [-320.220153809, -246.733047485, 192.297714233, 355.211975098, 90.6398086548, -46.8353996277, -42.8529930115, 28.2086772919, 9.24563407898, 15.5720319748, -10.9521150589, 35.1507034302, 6.51147651672], [-34.6427192688, -24.4995765686, 17.7446155548, 90.6398086548, 79.0035171509, 16.5986289978, -2.94271564484, 12.5715055466, 7.745906353, 9.02882575989, -16.1582565308, 2.62710428238, 9.63720798492], [130.088409424, 40.414981842, -53.625453949, -46.8353996277, 16.5986289978, 102.561523438, 30.1507968903, -1.22681069374, 8.6972322464, -0.613827824593, 13.8808822632, 11.3005037308, 24.0571479797], [69.2334136963, 76.0319213867, -15.9628782272, -42.8529930115, -2.94271564484, 30.1507968903, 54.7041435242, 19.5904788971, 9.21925258636, 2.87754011154, 16.8428668976, 14.0571966171, 13.5624141693], [-9.69472789764, -2.64022612572, 18.4819355011, 28.2086772919, 12.5715055466, -1.22681069374, 19.5904788971, 34.0427322388, 19.9001865387, 9.67253780365, 0.755694389343, 6.32513952255, 3.94209003448], [19.6782417297, 5.92695331573, -3.59871888161, 9.24563407898, 7.745906353, 8.6972322464, 9.21925258636, 19.9001865387, 35.0999145508, 16.2726860046, 2.00866675377, -3.16052079201, -0.804426491261], [-20.8251190186, -9.05042362213, 15.7439584732, 15.5720319748, 9.02882575989, -0.613827824593, 2.87754011154, 9.67253780365, 16.2726860046, 27.9715137482, 10.3563652039, 5.52096176147, 0.237882137299], [10.7266139984, 17.6531524658, 13.9579029083, -10.9521150589, -16.1582565308, 13.8808822632, 16.8428668976, 0.755694389343, 2.00866675377, 10.3563652039, 38.0469322205, 24.6631526947, 9.46891117096], [-42.5573005676, -27.3884105682, 30.3913230896, 35.1507034302, 2.62710428238, 11.3005037308, 14.0571966171, 6.32513952255, -3.16052079201, 5.52096176147, 24.6631526947, 39.43983078, 20.1075839996], [8.9914598465, 1.35209774971, -2.63558912277, 6.51147651672, 9.63720798492, 24.0571479797, 13.5624141693, 3.94209003448, -0.804426491261, 0.237882137299, 9.46891117096, 20.1075839996, 25.2677383423]],
        "icov": [[0.014948005788, -0.0199935380369, 0.015873471275, -0.012386476621, 0.018570208922, -0.0192910134792, 0.0186687260866, -0.017059288919, 0.00740683684126, -0.00515512377024, 0.00392720103264, -0.00238278741017, 0.00523226242512], [-0.0199935380369, 0.0418064892292, -0.030227413401, 0.0326564460993, -0.0437674596906, 0.0333003103733, -0.0415844731033, 0.032960370183, -0.0212388355285, 0.021340880543, -0.0200453177094, 0.0190562307835, -0.0130543718114], [0.015873471275, -0.030227413401, 0.0615664981306, -0.0484141483903, 0.0476289764047, -0.0189836807549, 0.0206454116851, -0.0349248461425, 0.0383023507893, -0.0320938229561, -4.00500903197e-05, -0.00926076062024, 0.0180487539619], [-0.012386476621, 0.0326564460993, -0.0484141483903, 0.052309371531, -0.0554893128574, 0.0231769941747, -0.0185370892286, 0.0258635301143, -0.0361109972, 0.0350641384721, -0.0107713509351, 0.00450700800866, -0.0118876527995], [0.018570208922, -0.0437674596906, 0.0476289764047, -0.0554893128574, 0.084609799087, -0.0400566570461, 0.0350745841861, -0.0397433191538, 0.0402381308377, -0.0481832884252, 0.0357330776751, -0.0143435737118, 0.00800097920001], [-0.0192910134792, 0.0333003103733, -0.0189836807549, 0.0231769941747, -0.0400566570461, 0.0491364486516, -0.0400403179228, 0.0365308001637, -0.0230400189757, 0.018525108695, -0.0214035995305, 0.0135881025344, -0.0222825352103], [0.0186687260866, -0.0415844731033, 0.0206454116851, -0.0185370892286, 0.0350745841861, -0.0400403179228, 0.0907067582011, -0.0658269524574, 0.0209809243679, -0.00987016223371, 0.00923022907227, -0.0275984387845, 0.0081042079255], [-0.017059288919, 0.032960370183, -0.0349248461425, 0.0258635301143, -0.0397433191538, 0.0365308001637, -0.0658269524574, 0.110064521432, -0.0608292855322, 0.0181182734668, 0.00744916591793, 0.000953034032136, -0.0131195187569], [0.00740683684126, -0.0212388355285, 0.0383023507893, -0.0361109972, 0.0402381308377, -0.0230400189757, 0.0209809243679, -0.0608292855322, 0.0936521142721, -0.0544487461448, 0.000546241702978, 0.0113515174016, 0.0108757279813], [-0.00515512377024, 0.021340880543, -0.0320938229561, 0.0350641384721, -0.0481832884252, 0.018525108695, -0.00987016223371, 0.0181182734668, -0.0544487461448, 0.0915312170982, -0.0368502661586, 0.00963278673589, -0.00493165105581], [0.00392720103264, -0.0200453177094, -4.00500903197e-05, -0.0107713509351, 0.0357330776751, -0.0214035995305, 0.00923022907227, 0.00744916591793, 0.000546241702978, -0.0368502661586, 0.0991218984127, -0.0679539069533, 0.0203751772642], [-0.00238278741017, 0.0190562307835, -0.00926076062024, 0.00450700800866, -0.0143435737118, 0.0135881025344, -0.0275984387845, 0.000953034032136, 0.0113515174016, 0.00963278673589, -0.0679539069533, 0.121690295637, -0.0662037432194], [0.00523226242512, -0.0130543718114, 0.0180487539619, -0.0118876527995, 0.00800097920001, -0.0222825352103, 0.0081042079255, -0.0131195187569, 0.0108757279813, -0.00493165105581, 0.0203751772642, -0.0662037432194, 0.104660004377]]
    },
    "melbands": {
        "dmean": [2.80050426227e-06, 5.58301326237e-06, 1.51962440214e-05, 0.000197014785954, 0.000175914799911, 9.36022042879e-05, 0.000309158873279, 0.000734833185561, 0.000122108671349, 3.96256109525e-05, 1.68837050296e-05, 6.74894181429e-05, 0.00013862279593, 8.40042594064e-06, 5.58115607419e-06, 1.79014250534e-06, 9.28117287913e-07, 1.48080937379e-06, 2.31669275763e-07, 4.38230870259e-07, 2.70453142548e-07, 6.38553956378e-07, 5.17138744272e-07, 3.58074231599e-07, 3.65134070535e-07, 2.31223125979e-07, 1.47065662759e-07, 9.39605371286e-08, 6.17244637624e-08, 4.21790815608e-08, 3.77010209718e-08, 2.31541221751e-08, 6.31571595022e-09, 1.85326354263e-09, 1.61640956176e-09, 1.30631816475e-09, 8.37815095078e-10, 8.72373839833e-10, 9.05181762878e-10, 5.89650883676e-10],
        "dmean2": [4.60781711809e-06, 9.35894968279e-06, 2.57999254245e-05, 0.000329534115735, 0.000296014157357, 0.000158899536473, 0.000563828623854, 0.0012588017853, 0.000212458471651, 6.90897650202e-05, 2.90966272587e-05, 0.000103070706245, 0.000246344134212, 1.38139657793e-05, 9.90876833384e-06, 3.21608627019e-06, 1.70408679878e-06, 2.62235016635e-06, 3.98962896497e-07, 7.78624496434e-07, 4.83310145682e-07, 1.11267922875e-06, 8.881740996e-07, 5.99568409143e-07, 6.36318304714e-07, 3.98123347622e-07, 2.48145113346e-07, 1.54511837991e-07, 1.06332905148e-07, 7.25239104327e-08, 6.45252455911e-08, 3.38658523447e-08, 9.54060386249e-09, 2.89140467125e-09, 2.87087709161e-09, 1.97384442124e-09, 1.23882570868e-09, 1.56151691577e-09, 1.67586566846e-09, 1.0266477668e-09],
        "dvar": [1.42268419268e-11, 4.08975665833e-11, 2.99823665895e-10, 4.42861605165e-08, 6.90302499606e-08, 1.74501089134e-08, 4.69439783046e-07, 3.99884402214e-06, 8.87792239723e-08, 1.12222400261e-08, 3.04096081649e-09, 2.84818675311e-08, 3.66757575421e-07, 8.93259466395e-10, 6.63497479181e-10, 3.00942396003e-11, 4.66531717772e-12, 1.08138038454e-11, 1.68652906311e-13, 7.54960926674e-13, 2.9065286419e-13, 3.64070535872e-12, 2.1576269417e-12, 1.39944696456e-13, 2.60841261784e-13, 4.10656209558e-14, 1.6058796003e-14, 6.75874270152e-15, 2.47322503291e-15, 1.13734226674e-15, 1.02396478917e-15, 1.46308678606e-15, 1.63604903453e-16, 2.45839682781e-17, 2.71373259366e-17, 1.46136460264e-17, 8.53486114085e-18, 8.95159307909e-18, 1.41439662571e-17, 1.55203515762e-18],
        "dvar2": [3.01432975802e-11, 1.01503257188e-10, 7.27015170288e-10, 1.03514530281e-07, 1.73798724745e-07, 4.67341578769e-08, 1.37928327604e-06, 1.11331837616e-05, 2.55864762266e-07, 3.1057663108e-08, 9.59258983357e-09, 7.28465820998e-08, 1.00768249922e-06, 2.5431718953e-09, 1.9116332961e-09, 8.52943965457e-11, 1.36475483692e-11, 3.29750671213e-11, 5.04504207507e-13, 2.42194957666e-12, 8.9053878204e-13, 1.08363769347e-11, 6.35184179559e-12, 4.36103816904e-13, 8.08451938207e-13, 1.20147517152e-13, 4.56344251938e-14, 1.95256391757e-14, 6.66690696586e-15, 3.30364618176e-15, 3.08843395634e-15, 2.50064751282e-15, 1.88004627176e-16, 3.66797691641e-17, 6.8444305397e-17, 1.85785228801e-17, 1.44613703474e-17, 2.37942109708e-17, 3.81773201061e-17, 3.92846146798e-18],
        "max": [3.28872847604e-05, 5.02164584759e-05, 0.000168150814716, 0.00269562704489, 0.00313092186116, 0.00114757777192, 0.0060755033046, 0.0200926363468, 0.00235580536537, 0.000699550088029, 0.000443512544734, 0.0016536260955, 0.00681131938472, 0.00028294583899, 0.000260684086243, 4.23404817411e-05, 1.76593021024e-05, 2.4409728212e-05, 3.65398955182e-06, 9.83284098766e-06, 6.3712627707e-06, 2.28486478591e-05, 1.75662044057e-05, 4.18979743699e-06, 5.87299882682e-06, 1.63322374647e-06, 1.07078096789e-06, 8.98636358215e-07, 6.25186714842e-07, 2.78660536424e-07, 3.01375052913e-07, 6.65519280574e-07, 2.01221624252e-07, 7.24118720541e-08, 6.46939142257e-08, 5.99292206971e-08, 4.29337383423e-08, 3.60969387714e-08, 4.90399969522e-08, 1.4296749562e-08],
        "mean": [4.72171404908e-06, 8.36551862449e-06, 2.58565432887e-05, 0.000449154933449, 0.00028076430317, 0.000126792292576, 0.000562276982237, 0.00137946219184, 0.000168427141034, 5.35383187525e-05, 1.61303541972e-05, 9.30136375246e-05, 0.000169377774, 9.28757981455e-06, 4.51145660918e-06, 2.41861198447e-06, 1.50505002239e-06, 1.72856687186e-06, 3.86237928751e-07, 1.07237144675e-06, 7.34017703508e-07, 1.79184928584e-06, 1.39394558119e-06, 1.08651624942e-06, 1.11724295948e-06, 7.13393546903e-07, 4.40268479451e-07, 2.8973732924e-07, 1.85215256465e-07, 1.24376541066e-07, 1.03795763096e-07, 5.93663180837e-08, 1.55236676846e-08, 4.80454298568e-09, 3.96579125095e-09, 3.32453509166e-09, 2.0192607586e-09, 2.16515427809e-09, 2.00639926895e-09, 1.77980197247e-09],
        "median": [2.75083857559e-06, 5.52099754714e-06, 1.64676639542e-05, 0.000359207333531, 0.000228568154853, 8.28406264191e-05, 0.000192181993043, 0.000337649864377, 9.79863107204e-05, 1.48750823428e-05, 4.92472054248e-06, 2.03290837817e-05, 1.40024230859e-05, 1.79409255452e-06, 1.09211157451e-06, 8.72994348811e-07, 4.24817500289e-07, 4.25935184012e-07, 1.76744350711e-07, 6.78605829307e-07, 5.06744413542e-07, 1.31929436975e-06, 1.15785383059e-06, 9.99055600914e-07, 1.03038348698e-06, 6.78574906487e-07, 4.27902108413e-07, 2.81484773268e-07, 1.7493920268e-07, 1.18107763569e-07, 9.86100587852e-08, 4.9187221407e-08, 1.16785887627e-08, 3.43290951221e-09, 2.74981770687e-09, 2.24725660303e-09, 1.37882560924e-09, 1.59501989394e-09, 1.32543997999e-09, 1.50639156704e-09],
        "min": [1.3924303488e-08, 9.85736292591e-09, 5.96230165684e-07, 6.17145951765e-06, 1.61435109476e-05, 9.18718887988e-06, 4.53761913377e-06, 2.93602024612e-05, 3.61151455763e-06, 7.86800569585e-07, 3.76020864223e-07, 1.40374049806e-06, 8.30579551803e-07, 2.57047901187e-07, 1.86012186987e-07, 6.94942272617e-08, 5.82311514563e-08, 5.71316505216e-08, 4.17365235705e-08, 9.44035960515e-08, 1.42633552969e-07, 2.6901432193e-07, 3.14387847311e-07, 1.72084710925e-07, 7.65724550433e-08, 1.01074320469e-07, 1.43490098026e-07, 8.40220124587e-08, 5.43865894542e-08, 4.27567741212e-08, 2.51001139873e-08, 1.42595579788e-08, 4.01992306109e-09, 1.51905121815e-09, 1.2714448383e-09, 8.24793011667e-10, 5.64991275986e-10, 7.90541576645e-10, 6.42984943067e-10, 5.91268423111e-10],
        "var": [3.26893269398e-11, 8.0741746622e-11, 6.67981947533e-10, 1.0432089681e-07, 6.65242509967e-08, 1.9686824615e-08, 9.0190269475e-07, 7.01952649251e-06, 6.09645169902e-08, 9.27349752544e-09, 2.22564566776e-09, 3.48452537935e-08, 4.2964333602e-07, 7.97756527504e-10, 3.92081145328e-10, 2.41526694478e-11, 5.99985902974e-12, 1.0811632839e-11, 2.1036641938e-13, 1.02389906449e-12, 3.58951285579e-13, 3.04656126715e-12, 1.65173625645e-12, 2.2686060387e-13, 2.69505853181e-13, 6.23829601257e-14, 2.61243934471e-14, 1.23093368994e-14, 5.05020440208e-15, 1.76065824839e-15, 1.62553732919e-15, 3.37443187813e-15, 4.39735804608e-16, 6.00337314519e-17, 4.53117826679e-17, 3.8641699302e-17, 1.58949686476e-17, 1.19420404178e-17, 1.71306011204e-17, 2.303918036e-18]
    },
    "mfcc": {
        "mean": [-776.019775391, 181.778503418, -25.3380661011, 35.3216056824, -38.7369689941, -39.3000297546, -14.303519249, -14.8490543365, -9.43710899353, -21.3551387787, -5.42571353912, -0.55966424942, -2.85078239441],
        "cov": [[687.45916748, 399.203125, -193.335372925, -340.977630615, -96.2626190186, 34.7496337891, 15.212015152, 24.2188739777, 24.2856788635, 55.8586578369, 2.21267080307, -32.5587463379, -12.1523532867], [399.203125, 441.726348877, -136.709060669, -236.864898682, -126.250137329, -26.3408737183, 18.5165271759, -3.81083297729, 13.5801773071, 18.9309005737, 1.56388545036, -19.0725975037, 10.5808229446], [-193.335372925, -136.709060669, 147.981887817, 137.447937012, 27.9758815765, -5.98146295547, 8.18929767609, 11.3346366882, -14.593006134, -22.1977767944, 0.60925334692, 20.3766670227, 27.013004303], [-340.977630615, -236.864898682, 137.447937012, 310.96295166, 113.987220764, -4.20724058151, 3.44232940674, 6.2824511528, 12.3863792419, -21.001367569, 14.929558754, 29.5874958038, 5.81246519089], [-96.2626190186, -126.250137329, 27.9758815765, 113.987220764, 99.0376968384, 36.4399032593, 4.0484161377, 5.70094347, 13.6188211441, 7.49659013748, 11.0370883942, 2.73316717148, -13.8244380951], [34.7496337891, -26.3408737183, -5.98146295547, -4.20724058151, 36.4399032593, 55.3345794678, 20.1364097595, 13.9410352707, 8.48855113983, 10.4971199036, 2.67107725143, -6.26755714417, -3.97188806534], [15.212015152, 18.5165271759, 8.18929767609, 3.44232940674, 4.0484161377, 20.1364097595, 35.6813049316, 20.006980896, 8.22202301025, -2.26242685318, -4.36277198792, -1.13960921764, 9.91979980469], [24.2188739777, -3.81083297729, 11.3346366882, 6.2824511528, 5.70094347, 13.9410352707, 20.006980896, 36.9708442688, 19.4400177002, 4.98475265503, -2.16702508926, 0.455229192972, 11.860751152], [24.2856788635, 13.5801773071, -14.593006134, 12.3863792419, 13.6188211441, 8.48855113983, 8.22202301025, 19.4400177002, 42.1865196228, 21.309885025, 10.4864149094, 1.30592596531, 1.80557835102], [55.8586578369, 18.9309005737, -22.1977767944, -21.001367569, 7.49659013748, 10.4971199036, -2.26242685318, 4.98475265503, 21.309885025, 36.541343689, 15.0109262466, -2.52207398415, -5.36249780655], [2.21267080307, 1.56388545036, 0.60925334692, 14.929558754, 11.0370883942, 2.67107725143, -4.36277198792, -2.16702508926, 10.4864149094, 15.0109262466, 25.1482143402, 13.3411016464, 3.8041267395], [-32.5587463379, -19.0725975037, 20.3766670227, 29.5874958038, 2.73316717148, -6.26755714417, -1.13960921764, 0.455229192972, 1.30592596531, -2.52207398415, 13.3411016464, 31.127040863, 16.0248451233], [-12.1523532867, 10.5808229446, 27.013004303, 5.81246519089, -13.8244380951, -3.97188806534, 9.91979980469, 11.860751152, 1.80557835102, -5.36249780655, 3.8041267395, 16.0248451233, 35.4917945862]],
