{
"lowlevel": {
    "average_loudness": 0.840491831303,
    "barkbands_crest": {
        "dmean": 1.61729824543,
        "dmean2": 2.75631737709,
        "dvar": 2.20127415657,
        "dvar2": 5.99374866486,
        "max": 15.7630844116,
        "mean": 7.8596329689,
        "median": 7.80125236511,
        "min": 3.85059428215,
        "var": 3.52679395676
    },
    "barkbands_flatness_db": {
        "dmean": 0.0147982565686,
        "dmean2": 0.0238681063056,
        "dvar": 0.000211424383451,
        "dvar2": 0.000543829111848,
        "max": 0.240971773863,
        "mean": 0.181615382433,
        "median": 0.17347510159,
        "min": 0.130392327905,
        "var": 0.000719411997125
    },
    "barkbands_kurtosis": {
        "dmean": 1.15739607811,
        "dmean2": 1.86614966393,
        "dvar": 1.23177182674,
        "dvar2": 3.20788550377,
        "max": 9.58085823059,
        "mean": 3.02024579048,
        "median": 2.98757505417,
        "min": -1.05197751522,
        "var": 3.25918769836
    },
    "barkbands_skewness": {
        "dmean": 0.296178996563,
        "dmean2": 0.45658069849,
        "dvar": 0.0662395134568,
        "dvar2": 0.154730349779,
        "max": 2.43506765366,
        "mean": 1.46473169327,
        "median": 1.57975876331,
        "min": -0.454531341791,
        "var": 0.314378082752
    },
    "barkbands_spread": {
        "dmean": 2.53490447998,
        "dmean2": 3.8395421505,
        "dvar": 8.25554084778,
        "dvar2": 20.8115596771,
        "max": 29.4948711395,
        "mean": 15.6140165329,
        "median": 15.6553049088,
        "min": 3.73564720154,
        "var": 26.7131881714
    },
    "dissonance": {
        "dmean": 0.0179742611945,
        "dmean2": 0.0291697066277,
        "dvar": 0.00112350843847,
        "dvar2": 0.00145217357203,
        "max": 0.498455762863,
        "mean": 0.458216279745,
        "median": 0.465971767902,
        "min": 0.105731114745,
        "var": 0.00137405574787
    },
    "dynamic_complexity": 5.0482749939,
    "erbbands_crest": {
        "dmean": 2.04384541512,
        "dmean2": 3.38150382042,
        "dvar": 3.86320519447,
        "dvar2": 10.6854066849,
        "max": 17.2055797577,
        "mean": 8.83173751831,
        "median": 7.82317686081,
        "min": 3.649061203,
        "var": 9.74031066895
    },
    "erbbands_flatness_db": {
        "dmean": 0.0154986679554,
        "dmean2": 0.0241297259927,
        "dvar": 0.000591326563153,
        "dvar2": 0.00127690017689,
        "max": 0.361261576414,
        "mean": 0.202802658081,
        "median": 0.187720626593,
        "min": 0.129183515906,
        "var": 0.0017568556359
    },
    "erbbands_kurtosis": {
        "dmean": 0.54051399231,
        "dmean2": 0.874725341797,
        "dvar": 0.902321279049,
        "dvar2": 2.50508785248,
        "max": 5.82061100006,
        "mean": -0.241231247783,
        "median": -0.956251144409,
        "min": -1.68535864353,
        "var": 2.23926925659
    },
    "erbbands_skewness": {
        "dmean": 0.234156832099,
        "dmean2": 0.370097875595,
        "dvar": 0.0660545304418,
        "dvar2": 0.176446139812,
        "max": 2.0745575428,
        "mean": 0.605139195919,
        "median": 0.519497096539,
        "min": -0.967962503433,
        "var": 0.327271610498
    },
    "erbbands_spread": {
        "dmean": 4.27948284149,
        "dmean2": 6.19668769836,
        "dvar": 21.7212524414,
        "dvar2": 48.5140037537,
        "max": 61.0875358582,
        "mean": 36.755897522,
        "median": 37.2108268738,
        "min": 6.96102619171,
        "var": 191.839553833
    },
    "hfc": {
        "dmean": 3.78635001183,
        "dmean2": 5.81382894516,
        "dvar": 147.28086853,
        "dvar2": 298.585479736,
        "max": 78.022567749,
        "mean": 5.41412830353,
        "median": 1.5602812767,
        "min": 0.543269872665,
        "var": 184.413513184
    },
    "melbands_crest": {
        "dmean": 2.06081151962,
        "dmean2": 3.34506583214,
        "dvar": 3.0940515995,
        "dvar2": 7.18104743958,
        "max": 21.1070022583,
        "mean": 12.8505554199,
        "median": 12.740852356,
        "min": 5.13243055344,
        "var": 12.9708490372
    },
    "melbands_flatness_db": {
        "dmean": 0.0149925742298,
        "dmean2": 0.0228784307837,
        "dvar": 0.00019313172379,
        "dvar2": 0.000522148679011,
        "max": 0.321510493755,
        "mean": 0.268717646599,
        "median": 0.263396769762,
        "min": 0.199294805527,
        "var": 0.000738881179132
    },
    "melbands_kurtosis": {
        "dmean": 2.40196609497,
        "dmean2": 3.80235719681,
        "dvar": 3.96884083748,
        "dvar2": 9.46782398224,
        "max": 19.3906803131,
        "mean": 8.61607933044,
        "median": 8.65511131287,
        "min": -1.09009993076,
        "var": 22.0750598907
    },
    "melbands_skewness": {
        "dmean": 0.371292978525,
        "dmean2": 0.566542327404,
        "dvar": 0.124475389719,
        "dvar2": 0.27654093504,
        "max": 3.90754055977,
        "mean": 2.19118833542,
        "median": 2.28869056702,
        "min": -0.388991743326,
        "var": 0.848286092281
    },
    "melbands_spread": {
        "dmean": 3.02256608009,
        "dmean2": 4.67365217209,
        "dvar": 13.2917575836,
        "dvar2": 30.7485027313,
        "max": 50.4527168274,
        "mean": 15.3219079971,
        "median": 13.9522771835,
        "min": 5.62463617325,
        "var": 27.6224842072
    },
    "pitch_salience": {
        "dmean": 0.0633347555995,
        "dmean2": 0.103263691068,
        "dvar": 0.00327017577365,
        "dvar2": 0.0078351944685,
        "max": 0.952574014664,
        "mean": 0.563637971878,
        "median": 0.546747565269,
        "min": 0.420076131821,
        "var": 0.00972367543727
    },
    "silence_rate_20dB": {
        "dmean": 0,
        "dmean2": 0,
        "dvar": 0,
        "dvar2": 0,
        "max": 1,
        "mean": 1,
        "median": 1,
        "min": 1,
        "var": 0
    },
    "silence_rate_30dB": {
        "dmean": 0.019999999553,
        "dmean2": 0.0402684547007,
        "dvar": 0.0196000616997,
        "dvar2": 0.0386470630765,
        "max": 1,
        "mean": 0.973509907722,
        "median": 1,
        "min": 0,
        "var": 0.0257882848382
    },
    "silence_rate_60dB": {
        "dmean": 0.0399999991059,
        "dmean2": 0.0805369094014,
        "dvar": 0.0383999496698,
        "dvar2": 0.0740507021546,
        "max": 1,
        "mean": 0.51655626297,
        "median": 1,
        "min": 0,
        "var": 0.249725744128
    },
    "spectral_centroid": {
        "dmean": 133.927993774,
        "dmean2": 202.865661621,
        "dvar": 19988.8984375,
        "dvar2": 42550.9140625,
        "max": 2229.09399414,
        "mean": 1117.14233398,
        "median": 1102.78479004,
        "min": 600.118408203,
        "var": 100038.320312
    },
    "spectral_complexity": {
        "dmean": 2.80666661263,
        "dmean2": 4.23489952087,
        "dvar": 39.5960044861,
        "dvar2": 79.011932373,
        "max": 57,
        "mean": 7.99337768555,
        "median": 5,
        "min": 3,
        "var": 55.781452179
    },
    "spectral_decrease": {
        "dmean": 1.17958542933e-09,
        "dmean2": 1.85387105667e-09,
        "dvar": 1.59340578946e-17,
        "dvar2": 3.01302391007e-17,
        "max": -2.27057359026e-10,
        "mean": -2.10502926201e-09,
        "median": -6.95706769971e-10,
        "min": -3.49610225214e-08,
        "var": 2.21832965802e-17
    },
    "spectral_energy": {
        "dmean": 0.00479204813018,
        "dmean2": 0.00751833803952,
        "dvar": 0.000258332060184,
        "dvar2": 0.000490027945489,
        "max": 0.139027178288,
        "mean": 0.00843593105674,
        "median": 0.0028220708482,
        "min": 0.00090624432778,
        "var": 0.000357155193342
    },
    "spectral_energyband_high": {
        "dmean": 7.93666913523e-06,
        "dmean2": 1.12114830699e-05,
        "dvar": 1.36947508889e-09,
        "dvar2": 1.35079258889e-09,
        "max": 0.000487676064949,
        "mean": 1.69471895788e-05,
        "median": 9.60270153882e-06,
        "min": 1.27426540075e-06,
        "var": 1.75394421209e-09
    },
    "spectral_energyband_low": {
        "dmean": 0.000245828938205,
        "dmean2": 0.000403586425819,
        "dvar": 1.55223460752e-07,
        "dvar2": 3.48992813315e-07,
        "max": 0.00532303191721,
        "mean": 0.00122564157937,
        "median": 0.000828476739116,
        "min": 0.000187987665413,
        "var": 1.0850471881e-06
    },
    "spectral_energyband_middle_high": {
        "dmean": 0.00167833105661,
        "dmean2": 0.0024803050328,
        "dvar": 3.39913349308e-05,
        "dvar2": 7.81364724389e-05,
        "max": 0.0506820604205,
        "mean": 0.00176223460585,
        "median": 0.000231923811953,
        "min": 0.000122175159049,
        "var": 3.58150609827e-05
    },
    "spectral_energyband_middle_low": {
        "dmean": 0.00343363918364,
        "dmean2": 0.00535035552457,
        "dvar": 0.000177021967829,
        "dvar2": 0.000337856821716,
        "max": 0.126916974783,
        "mean": 0.00554322823882,
        "median": 0.00143598834984,
        "min": 0.000297686783597,
        "var": 0.000237429034314
    },
    "spectral_entropy": {
        "dmean": 0.0853900238872,
        "dmean2": 0.13315936923,
        "dvar": 0.0079511012882,
        "dvar2": 0.0229408405721,
        "max": 7.72266244888,
        "mean": 7.28218221664,
        "median": 7.33771705627,
        "min": 6.74991893768,
        "var": 0.0357874333858
    },
    "spectral_flux": {
        "dmean": 0.0162913799286,
        "dmean2": 0.0276720542461,
        "dvar": 0.00169740244746,
        "dvar2": 0.00366418762133,
        "max": 0.331197500229,
        "mean": 0.0375716537237,
        "median": 0.0171516127884,
        "min": 0.00855021458119,
        "var": 0.00303797400557
    },
    "spectral_kurtosis": {
        "dmean": 2.69405388832,
        "dmean2": 4.8861618042,
        "dvar": 9.70990467072,
        "dvar2": 27.5451221466,
        "max": 28.5070152283,
        "mean": 7.14910030365,
        "median": 6.39601802826,
        "min": 3.34739160538,
        "var": 10.1627588272
    },
    "spectral_rms": {
        "dmean": 0.000512110593263,
        "dmean2": 0.000833152618725,
        "dvar": 1.61589025538e-06,
        "dvar2": 3.24592269862e-06,
        "max": 0.0116462986916,
        "mean": 0.00226544961333,
        "median": 0.00165928900242,
        "min": 0.000940287660342,
        "var": 3.09791084874e-06
    },
    "spectral_rolloff": {
        "dmean": 140.68359375,
        "dmean2": 237.298782349,
        "dvar": 79540.5546875,
        "dvar2": 170138.828125,
        "max": 2820.84960938,
        "mean": 696.477661133,
        "median": 559.86328125,
        "min": 452.197265625,
        "var": 150017.21875
    },
    "spectral_skewness": {
        "dmean": 0.286958277225,
        "dmean2": 0.504264652729,
        "dvar": 0.126865327358,
        "dvar2": 0.323129594326,
        "max": 4.68012523651,
        "mean": 1.40572309494,
        "median": 1.29233419895,
        "min": 0.30762347579,
        "var": 0.243471562862
    },
    "spectral_spread": {
        "dmean": 261397.328125,
        "dmean2": 353461,
        "dvar": 398624260096,
        "dvar2": 267950604288,
        "max": 12175611,
        "mean": 2744839.75,
        "median": 2694356.25,
        "min": 1016690.5625,
        "var": 911915155456
    },
    "spectral_strongpeak": {
        "dmean": 0.188802137971,
        "dmean2": 0.318316221237,
        "dvar": 0.126969829202,
        "dvar2": 0.305366128683,
        "max": 2.4767241478,
        "mean": 0.435002774,
        "median": 0.146893978119,
        "min": 0.0723253935575,
        "var": 0.272807687521
    },
    "zerocrossingrate": {
        "dmean": 0.00372070306912,
        "dmean2": 0.00523345731199,
        "dvar": 1.00665765785e-05,
        "dvar2": 1.53902583406e-05,
        "max": 0.052734375,
        "mean": 0.0334876850247,
        "median": 0.03271484375,
        "min": 0.00927734375,
        "var": 4.56037887488e-05
    },
    "barkbands": {
        "dmean": [7.49137427647e-07, 0.000171175895957, 8.8908644102e-05, 0.00022731134959, 0.000997761031613, 0.000266962160822, 0.000646589964163, 0.00157395529095, 0.000474777334603, 0.000511452322826, 0.000469027407235, 0.000274052174063, 0.000122865967569, 6.66654086672e-05, 4.26959959441e-05, 0.000174749002326, 0.00014065875439, 8.96563069546e-05, 4.67605532322e-05, 1.12663683467e-05, 3.0031692404e-06, 8.7340401933e-07, 4.11982995274e-07, 1.99377410581e-07, 3.54930051572e-07, 2.57928888914e-07, 3.93281396782e-07],
        "dmean2": [8.79989954683e-07, 0.000268621311989, 0.000145284677274, 0.000420621625381, 0.00139553530607, 0.000451427942608, 0.00109254347626, 0.00251278444193, 0.000691128952894, 0.000784993113484, 0.00075342936907, 0.000468869286124, 0.000196406399482, 9.52495756792e-05, 7.35655703465e-05, 0.000289910240099, 0.000218735222006, 0.000139670752105, 7.54497668822e-05, 1.80123570317e-05, 4.20474361817e-06, 1.18962407214e-06, 4.89894205202e-07, 2.80378742445e-07, 4.5409831273e-07, 3.56540823532e-07, 5.79772233777e-07],
        "dvar": [7.4355946747e-12, 4.38557279381e-08, 1.94935445563e-08, 1.40289012052e-06, 1.08830354293e-05, 8.45394595217e-07, 4.11205246564e-06, 6.43915773253e-05, 2.29068223234e-06, 2.81997017737e-06, 2.93363632409e-06, 1.20356958178e-06, 1.45886943415e-07, 4.36329088416e-08, 2.1999452926e-08, 8.0063233554e-07, 3.73722116365e-07, 1.53099136924e-07, 3.35699930076e-08, 1.19446341706e-09, 1.87191762091e-10, 1.84652813873e-11, 8.46874913946e-12, 1.28003857514e-12, 2.90826347379e-12, 1.41615040007e-12, 2.46304756105e-12],
        "dvar2": [6.05026315506e-12, 7.78158977255e-08, 5.03360446658e-08, 4.27864370067e-06, 2.25380972552e-05, 1.82752387445e-06, 8.79187609826e-06, 0.00016741057334, 3.21145557791e-06, 5.21656102137e-06, 7.47413923818e-06, 3.35180220645e-06, 3.6387919522e-07, 7.93378376329e-08, 6.26893950084e-08, 2.14598185266e-06, 6.80230925809e-07, 3.18553588841e-07, 7.75716912926e-08, 2.64037969266e-09, 1.61048202552e-10, 1.78720545307e-11, 7.54588058705e-12, 1.55609748177e-12, 3.52875454551e-12, 2.02875693675e-12, 4.92742522132e-12],
        "max": [3.73725015379e-05, 0.00306348386221, 0.00197736313567, 0.0103137344122, 0.0334809273481, 0.00800363905728, 0.0184349995106, 0.0811668559909, 0.0192634332925, 0.0142076201737, 0.0130873806775, 0.00872031692415, 0.0025755034294, 0.0023636429105, 0.00118528364692, 0.00894039869308, 0.00595195544884, 0.00386025873013, 0.00136888143606, 0.000230927558732, 0.000191411920241, 5.63079011044e-05, 3.83653386962e-05, 1.25612968986e-05, 1.89821294043e-05, 1.24516454889e-05, 1.27275143313e-05],
        "mean": [1.00523368474e-06, 0.000713357818313, 0.00046384788584, 0.000179515001946, 0.00134856940713, 0.000287785078399, 0.00115429214202, 0.00194355938584, 0.000477561232401, 0.000483861018438, 0.000362909515388, 0.000200425187359, 0.000125388614833, 7.68448226154e-05, 3.72504036932e-05, 0.000156641763169, 0.000201726477826, 0.000121411947475, 6.91757741151e-05, 2.03362942557e-05, 6.09769858784e-06, 1.59058413374e-06, 5.04626711972e-07, 2.52027689385e-07, 5.13372356181e-07, 3.86729141155e-07, 8.44195938043e-07],
        "median": [2.16636166783e-07, 0.000507649034262, 0.000319962739013, 2.14290885197e-05, 0.000497225613799, 8.57943450683e-05, 0.000493328436278, 0.000220606903895, 1.38476716529e-05, 2.75123002211e-05, 1.94865824596e-05, 5.91329717281e-06, 1.37518036354e-05, 4.18870695285e-06, 3.44787531503e-06, 2.14112860704e-05, 5.31817750016e-05, 3.84295926779e-05, 3.21178449667e-05, 1.17260815387e-05, 3.56245004696e-06, 8.97742154393e-07, 8.357453396e-08, 5.51653940306e-08, 7.54911866352e-08, 8.8929304809e-08, 5.07825632212e-07],
        "min": [3.45661543832e-09, 7.03301193425e-05, 5.87204340263e-05, 2.2412365297e-07, 4.35357069364e-05, 7.91847196524e-06, 6.66836931487e-05, 1.16955752674e-05, 1.33304524752e-06, 2.42557439378e-06, 2.18421769205e-06, 6.66574180741e-07, 1.19965022805e-06, 9.86996496977e-07, 7.87489511822e-07, 8.33242120279e-06, 2.2869437089e-05, 1.44831765283e-05, 1.37009574246e-05, 1.16060584787e-06, 4.17582896262e-07, 5.7937032949e-08, 1.22308678741e-08, 7.33151406251e-09, 3.9054035561e-09, 5.25838794729e-09, 1.31712543094e-08],
        "var": [1.69129363292e-11, 3.34444564487e-07, 1.53872917963e-07, 7.88259626461e-07, 1.44976329466e-05, 8.36221261125e-07, 5.50522281628e-06, 5.36104198545e-05, 3.61553065886e-06, 3.35450590683e-06, 2.15625368583e-06, 7.84150415711e-07, 1.64862399288e-07, 7.8455990149e-08, 1.85148305576e-08, 6.5001972871e-07, 5.46924013634e-07, 1.81209912853e-07, 3.15619246294e-08, 1.14551101937e-09, 2.56395876752e-10, 2.25301912543e-11, 1.0483189837e-11, 1.35547194129e-12, 4.49096359059e-12, 1.96389952911e-12, 3.28385409143e-12]
    },
    "erbbands": {
        "dmean": [0.00119540293235, 0.0489879138768, 0.131125122309, 0.341882795095, 1.61871159077, 4.74113082886, 2.63936495781, 2.57953047752, 9.45456409454, 18.4941883087, 27.4128684998, 10.931511879, 16.1864509583, 16.5498466492, 17.3443660736, 9.90696334839, 6.09004926682, 2.92871022224, 2.70055556297, 5.47254610062, 8.55648708344, 8.46827888489, 5.17348241806, 3.65384960175, 1.36477839947, 0.491737306118, 0.176819384098, 0.0821813046932, 0.0302314050496, 0.0212421696633, 0.0099408114329, 0.00406927149743, 0.00366214150563, 0.00343296164647, 0.00289329211228, 0.00114006130025, 0.000481639901409, 0.000160311174113, 8.04662631708e-05, 1.02296153273e-05],
        "dmean2": [0.00201015290804, 0.0766466483474, 0.203311666846, 0.63288462162, 2.57179546356, 6.91781377792, 4.7034702301, 4.26518630981, 15.2105913162, 31.3980903625, 41.6092185974, 16.6639232635, 22.874004364, 24.4696235657, 28.7304363251, 17.060552597, 9.90742301941, 4.05822372437, 4.09273958206, 10.0956783295, 12.5512542725, 13.9091596603, 8.30957221985, 6.02875947952, 2.11518192291, 0.779621958733, 0.260940104723, 0.108395673335, 0.0410947166383, 0.0244719926268, 0.012508421205, 0.0055916425772, 0.00508762942627, 0.0041515477933, 0.00383007247001, 0.00147053331602, 0.000711560132913, 0.000223978757276, 0.000121871198644, 1.56719670485e-05],
        "dvar": [1.4594146478e-06, 0.00377986463718, 0.0393996536732, 3.43919992447, 61.3639450073, 201.789367676, 46.5554733276, 90.4378662109, 844.927124023, 7526.56591797, 16843.8554688, 1346.55541992, 2407.91748047, 3101.90380859, 4408.2265625, 1496.1151123, 369.438842773, 79.775680542, 70.8281478882, 680.876525879, 1671.37390137, 1427.72558594, 507.217346191, 241.886749268, 25.9272918701, 2.30972576141, 0.515604376793, 0.179863974452, 0.0220160931349, 0.0227384455502, 0.00420253630728, 0.000609534792602, 0.000410883600125, 0.00037774888915, 0.000153387460159, 2.72372963082e-05, 5.02371858602e-06, 5.71817679429e-07, 1.08281781763e-07, 7.87812481917e-10],
        "dvar2": [3.6076150991e-06, 0.00649329833686, 0.0780042111874, 10.416425705, 164.560058594, 406.631988525, 97.5814361572, 193.121307373, 1957.34863281, 19440.7792969, 39854.7460938, 2072.16308594, 4765.81542969, 6641.27587891, 11640.0419922, 4134.04541016, 937.22253418, 141.425613403, 138.299423218, 1951.46179199, 3923.2265625, 3199.61010742, 1075.27160645, 483.324310303, 61.9167747498, 4.90937948227, 0.540859341621, 0.139110013843, 0.0205328129232, 0.0196451209486, 0.00428656302392, 0.000695911119692, 0.000513614097144, 0.00036517487024, 0.000242975278525, 3.05744069919e-05, 9.21900391404e-06, 8.3840507159e-07, 2.52792943911e-07, 1.23408627761e-09],
        "max": [0.0157233830541, 0.90518951416, 3.05273151398, 16.6657142639, 76.524559021, 137.655548096, 53.7923851013, 85.7644500732, 289.752807617, 881.120422363, 1297.43737793, 409.359649658, 436.223083496, 438.994567871, 509.549468994, 308.087005615, 123.007461548, 106.839477539, 77.3448638916, 243.024917603, 425.256195068, 377.191101074, 217.384399414, 137.775421143, 41.7016792297, 10.7996053696, 9.41876220703, 6.05653715134, 1.9806599617, 2.02397108078, 0.806444406509, 0.285089552402, 0.220155909657, 0.244648993015, 0.115454956889, 0.0582157969475, 0.0197525974363, 0.00820591021329, 0.00287945684977, 0.000293575110845],
        "mean": [0.00385991064832, 0.210384055972, 0.711149215698, 0.384089201689, 1.84932541847, 6.12437534332, 3.4315533638, 2.96837449074, 14.6647176743, 24.6908912659, 34.8966217041, 10.79621315, 15.6307945251, 15.6312332153, 12.2973155975, 7.75121355057, 5.86792612076, 3.74372029305, 2.8072822094, 4.94422101974, 8.45906448364, 11.4581518173, 7.23418283463, 5.42018651962, 2.14356589317, 0.929140031338, 0.369996011257, 0.17596359551, 0.0649897381663, 0.0268465634435, 0.0122899636626, 0.0053307809867, 0.00463143922389, 0.00496452162042, 0.00406661815941, 0.00177585566416, 0.000673133996315, 0.000250251148827, 0.000133707930217, 2.34374256252e-05],
        "median": [0.00296324351802, 0.149873778224, 0.497468918562, 0.0982016474009, 0.400108426809, 2.55747175217, 1.18883669376, 0.814340651035, 5.87769889832, 5.0414557457, 3.42670297623, 0.73686259985, 0.608165979385, 1.13903200626, 0.422788590193, 0.273852884769, 0.554561972618, 0.203659981489, 0.245828568935, 0.72103112936, 1.18662047386, 3.11936473846, 2.11864304543, 2.19857978821, 1.01263070107, 0.548284888268, 0.218951463699, 0.110391676426, 0.040926437825, 0.00558735849336, 0.00238302792422, 0.00131785694975, 0.000939157151151, 0.000814584258478, 0.000557655352168, 0.000284608802758, 0.000177315625479, 0.000111386638309, 5.620601587e-05, 1.29088784888e-05],
        "min": [0.000750942272134, 0.0149733396247, 0.0585964880884, 0.0317519493401, 0.0340950153768, 0.102688401937, 0.176186561584, 0.168392688036, 0.770198702812, 0.817564129829, 0.437166243792, 0.0628777444363, 0.0582333356142, 0.173984780908, 0.0789951011539, 0.0401065945625, 0.0587059669197, 0.0623508505523, 0.0680024176836, 0.286954045296, 0.57290238142, 1.26884222031, 1.19403553009, 0.549750566483, 0.491926014423, 0.0696382373571, 0.0381359048188, 0.00747658871114, 0.00237691495568, 0.000630255963188, 0.000316841265885, 0.000203265095479, 0.000109902270196, 6.35347169009e-05, 2.83503068204e-05, 2.60611723206e-05, 1.00612151073e-05, 5.60402122574e-06, 4.77414869238e-06, 8.17360887595e-06],
        "var": [9.17393117561e-06, 0.0292713437229, 0.347584068775, 2.13570046425, 50.8806915283, 264.569793701, 64.0536880493, 90.7827911377, 983.138977051, 6388.11767578, 16127.5839844, 1840.98657227, 2989.65551758, 3169.05273438, 2958.58740234, 1049.91174316, 388.064819336, 170.943313599, 92.8769989014, 519.247192383, 1690.88000488, 1786.34411621, 645.566040039, 271.458099365, 24.2098197937, 2.31041240692, 0.685603916645, 0.243924126029, 0.0274789910764, 0.0287574138492, 0.00495350407436, 0.000645686057396, 0.000443356577307, 0.000512345810421, 0.000261156645138, 4.53686261608e-05, 5.92109290665e-06, 6.21639060228e-07, 1.50945410837e-07, 1.18494392076e-09]
    },
    "gfcc": {
        "mean": [-128.019119263, 142.391220093, -120.918708801, 22.4538230896, -27.4594173431, -45.2831726074, -16.9428977966, 12.7178907394, -15.234826088, 0.400487929583, -9.03810787201, 0.130701899529, -8.67285442352],
        "cov": [[1917.96142578, 463.79296875, -496.731872559, -552.005310059, -205.397171021, 113.213851929, -26.7201881409, -65.7084960938, -79.5976486206, -121.996536255, -39.457736969, -150.840698242, -24.8077316284], [463.79296875, 626.912841797, -409.424865723, -251.462997437, -29.7029533386, -29.2124862671, 134.41960144, -49.7063179016, -8.54281234741, -82.4595489502, 13.4483194351, -90.8332214355, 31.2986450195], [-496.731872559, -409.424865723, 581.758056641, 311.967651367, -40.3155441284, -49.5952377319, -118.217254639, 56.7147903442, 16.7799129486, 83.5067977905, -12.1813993454, 43.3991851807, -62.5790252686], [-552.005310059, -251.462997437, 311.967651367, 325.395019531, 63.9452400208, -81.2343215942, -67.9278030396, 24.5369586945, 47.374458313, 73.3916397095, 13.713470459, 36.2473182678, -39.9980583191], [-205.397171021, -29.7029533386, -40.3155441284, 63.9452400208, 106.638267517, -11.9678211212, 1.86006975174, 3.28669261932, 13.1952314377, 19.3561344147, 19.1059894562, 11.8360872269, 0.568849503994], [113.213851929, -29.2124862671, -49.5952377319, -81.2343215942, -11.9678211212, 80.6155548096, 8.74813938141, -13.292722702, -22.9361400604, -13.8090515137, -11.763174057, 1.5765453577, 7.91497325897], [-26.7201881409, 134.41960144, -118.217254639, -67.9278030396, 1.86006975174, 8.74813938141, 100.903015137, 7.66283369064, -1.99384117126, -37.0722541809, -1.16907584667, 7.82918930054, 34.5254478455], [-65.7084960938, -49.7063179016, 56.7147903442, 24.5369586945, 3.28669261932, -13.292722702, 7.66283369064, 47.8186950684, 11.0656547546, 9.10218238831, 3.20004153252, 10.4864797592, -3.32505941391], [-79.5976486206, -8.54281234741, 16.7799129486, 47.374458313, 13.1952314377, -22.9361400604, -1.99384117126, 11.0656547546, 31.4949092865, 21.5122127533, 9.15311908722, -0.860812187195, -9.06540870667], [-121.996536255, -82.4595489502, 83.5067977905, 73.3916397095, 19.3561344147, -13.8090515137, -37.0722541809, 9.10218238831, 21.5122127533, 51.706817627, 13.4696712494, -2.09671545029, -25.1624507904], [-39.457736969, 13.4483194351, -12.1813993454, 13.713470459, 19.1059894562, -11.763174057, -1.16907584667, 3.20004153252, 9.15311908722, 13.4696712494, 22.3047599792, 2.39497685432, -3.79273438454], [-150.840698242, -90.8332214355, 43.3991851807, 36.2473182678, 11.8360872269, 1.5765453577, 7.82918930054, 10.4864797592, -0.860812187195, -2.09671545029, 2.39497685432, 42.3524856567, 18.3037471771], [-24.8077316284, 31.2986450195, -62.5790252686, -39.9980583191, 0.568849503994, 7.91497325897, 34.5254478455, -3.32505941391, -9.06540870667, -25.1624507904, -3.79273438454, 18.3037471771, 37.8205375671]],
        "icov": [[0.00250637345016, -0.000262855115579, 0.00241069379263, 0.00155015767086, 0.00367106846534, -0.000573135563172, 0.00455833692104, -0.00242729554884, 0.000687683932483, 0.00388134177774, 0.00025714453659, 0.00118675944395, 0.00537846656516], [-0.000262855115579, 0.015345800668, -0.000860215222929, 0.00582150788978, -0.000437916896772, 0.0131137296557, -0.0163040217012, 0.0126380510628, -0.00390517525375, 0.0124364737421, -0.0191245470196, 0.030925674364, -0.00442843185738], [0.00241069379263, -0.000860215222929, 0.0162627901882, -0.0127304848284, 0.016454719007, -0.00318710366264, 0.00782823096961, -0.0148206716403, 0.018575431779, -0.00708041945472, 0.00755683053285, -0.00661782408133, 0.0114112691954], [0.00155015767086, 0.00582150788978, -0.0127304848284, 0.0290765892714, -0.0151160890236, 0.0166139062494, -0.00525111239403, 0.0185877662152, -0.0235149320215, 0.00983370374888, -0.00194370897952, 0.00257313810289, 0.00852966494858], [0.00367106846534, -0.000437916896772, 0.016454719007, -0.0151160890236, 0.0308623053133, -0.00621086684987, 0.00773634202778, -0.0144959418103, 0.0182751528919, -0.00482853129506, -0.00539764063433, -0.000847035844345, 0.00754594244063], [-0.000573135563172, 0.0131137296557, -0.00318710366264, 0.0166139062494, -0.00621086684987, 0.036660451442, -0.0177271384746, 0.0188971832395, 0.00294485036284, -0.00026218718267, -0.00110252236482, 0.0115431081504, 0.00616838084534], [0.00455833692104, -0.0163040217012, 0.00782823096961, -0.00525111239403, 0.00773634202778, -0.0177271384746, 0.0455118827522, -0.0255640614778, -0.00216534570791, 0.00535936327651, 0.0163090564311, -0.0272083505988, 0.00153115624562], [-0.00242729554884, 0.0126380510628, -0.0148206716403, 0.0185877662152, -0.0144959418103, 0.0188971832395, -0.0255640614778, 0.0506903864443, -0.0242336075753, 0.00930355954915, -0.015071157366, 0.0145206358284, -0.00101674324833], [0.000687683932483, -0.00390517525375, 0.018575431779, -0.0235149320215, 0.0182751528919, 0.00294485036284, -0.00216534570791, -0.0242336075753, 0.0876094549894, -0.0396030433476, 0.00748916901648, -0.00751565722749, 0.00754403835163], [0.00388134177774, 0.0124364737421, -0.00708041945472, 0.00983370374888, -0.00482853129506, -0.00026218718267, 0.00535936327651, 0.00930355954915, -0.0396030433476, 0.0845911502838, -0.0448070317507, 0.0387695543468, 0.0105218421668], [0.00025714453659, -0.0191245470196, 0.00755683053285, -0.00194370897952, -0.00539764063433, -0.00110252236482, 0.0163090564311, -0.015071157366, 0.00748916901648, -0.0448070317507, 0.103682935238, -0.0616880133748, 0.0227790046483], [0.00118675944395, 0.030925674364, -0.00661782408133, 0.00257313810289, -0.000847035844345, 0.0115431081504, -0.0272083505988, 0.0145206358284, -0.00751565722749, 0.0387695543468, -0.0616880133748, 0.12844184041, -0.0536865778267], [0.00537846656516, -0.00442843185738, 0.0114112691954, 0.00852966494858, 0.00754594244063, 0.00616838084534, 0.00153115624562, -0.00101674324833, 0.00754403835163, 0.0105218421668, 0.0227790046483, -0.0536865778267, 0.0957192480564]]
    },
    "melbands": {
        "dmean": [2.87543880404e-05, 7.03448968125e-05, 9.38414450502e-05, 0.000224746807362, 0.000123932084534, 6.11157374806e-05, 0.000138411516673, 0.000256564846495, 0.000198827998247, 6.45281179459e-05, 8.15297462395e-05, 6.62973106955e-05, 6.31125149084e-05, 3.43901374436e-05, 2.05783508136e-05, 8.42603549245e-06, 5.52202391191e-06, 5.0038174777e-06, 3.91469666283e-06, 1.21385819511e-05, 8.83478514879e-06, 9.07475441636e-06, 5.80258938498e-06, 4.61227955384e-06, 2.98758300232e-06, 1.45188516854e-06, 6.19513116362e-07, 2.45122862452e-07, 1.27698797314e-07, 7.17036172659e-08, 4.24421529033e-08, 1.9195672607e-08, 1.30283188682e-08, 1.12562803523e-08, 6.48379661072e-09, 3.2437159625e-09, 2.20617701885e-09, 2.64662425309e-09, 2.48476528242e-09, 3.06433167729e-09],
        "dmean2": [4.63025753561e-05, 0.000110295004561, 0.000172607295099, 0.000331612478476, 0.000199959788006, 0.000100459219539, 0.000228757795412, 0.000437743408838, 0.000296324666124, 9.56801595748e-05, 0.000115086208098, 9.89341060631e-05, 0.000102380639873, 5.85096422583e-05, 3.50834452547e-05, 1.29271275e-05, 7.55874361857e-06, 7.4655113167e-06, 6.89916714691e-06, 2.16486369027e-05, 1.35485288411e-05, 1.39346720971e-05, 1.08030817501e-05, 7.28192117094e-06, 4.87513943881e-06, 2.30658406508e-06, 9.84912730928e-07, 3.94313019569e-07, 1.92636917973e-07, 1.0011731888e-07, 5.62356383682e-08, 2.74124793975e-08, 1.66997047302e-08, 1.24430847848e-08, 8.11752709495e-09, 4.58650983859e-09, 3.02558311738e-09, 3.88094534287e-09, 3.26166937903e-09, 3.71961328405e-09],
        "dvar": [1.06602626726e-09, 1.02450785633e-08, 2.53266904338e-07, 7.02302600075e-07, 9.29918826387e-08, 5.60546205008e-08, 1.67464932588e-07, 1.65928270235e-06, 7.99149688646e-07, 4.2056374383e-08, 6.18929121288e-08, 4.95638126097e-08, 5.64429072369e-08, 1.9851746913e-08, 4.71236116795e-09, 7.35768224125e-10, 2.96845631409e-10, 2.49612608361e-10, 2.19774046184e-10, 3.89483778562e-09, 1.69334235522e-09, 1.4399431647e-09, 7.08332614785e-10, 3.94182270158e-10, 1.56238702531e-10, 2.8392798529e-11, 3.9336867097e-12, 6.50529868688e-13, 2.35719131931e-13, 1.12606498019e-13, 4.4337245057e-14, 6.5674843561e-15, 5.72799042559e-15, 7.40008640303e-15, 1.78582687951e-15, 3.23479659095e-16, 1.9648435342e-16, 2.08175035984e-16, 2.19903557097e-16, 2.98661329043e-16],
        "dvar2": [2.08624473252e-09, 1.8882913011e-08, 7.50139975025e-07, 1.57652254984e-06, 1.78252250294e-07, 1.22653304402e-07, 3.7258345742e-07, 4.37854032498e-06, 1.79419214419e-06, 6.59051266894e-08, 1.23830403709e-07, 1.02081379794e-07, 1.46049501382e-07, 5.55138832681e-08, 1.2985442055e-08, 1.66562885706e-09, 5.15862075279e-10, 4.55439908009e-10, 6.53573473119e-10, 1.09608215837e-08, 3.31114402563e-09, 2.86467383148e-09, 1.78409798046e-09, 8.34476765466e-10, 3.15639875348e-10, 6.73620603742e-11, 9.5185838378e-12, 1.14608539672e-12, 2.57554936579e-13, 8.86980308537e-14, 3.3856093249e-14, 6.23969107584e-15, 5.94393004055e-15, 5.88471312017e-15, 1.78825574649e-15, 4.25004392878e-16, 2.16147296848e-16, 2.83579775068e-16, 2.15826244892e-16, 2.9692260863e-16],
        "max": [0.000466119672637, 0.0015440674033, 0.00466291094199, 0.00811488740146, 0.00297987135127, 0.0022085828241, 0.00389041518793, 0.0130234900862, 0.00871154759079, 0.00237608258612, 0.00217145797797, 0.00172615260817, 0.00177769688889, 0.00111394783016, 0.000496357330121, 0.000222425616812, 0.000210660655284, 0.000154611523612, 0.000124571670312, 0.000596785277594, 0.000417871779064, 0.00037473795237, 0.000226219766773, 0.000192817402421, 0.000113503403554, 4.21327786171e-05, 1.53974688146e-05, 7.64148990129e-06, 6.27348981652e-06, 4.77734965898e-06, 3.02040439237e-06, 1.08381277641e-06, 9.49633374603e-07, 1.18177990771e-06, 5.30989609615e-07, 1.89130346939e-07, 1.64703621408e-07, 1.4478304422e-07, 1.86303381611e-07, 2.11837161146e-07],
        "mean": [0.000109849395812, 0.000358074408723, 0.000105450068077, 0.000285826361505, 0.000167172736838, 6.38410056126e-05, 0.000233983664657, 0.000342767860275, 0.000246045703534, 6.25067623332e-05, 7.81509952503e-05, 6.3622079324e-05, 4.61745730718e-05, 2.41355119215e-05, 1.84576911124e-05, 9.05765227799e-06, 7.08072820998e-06, 5.12452425028e-06, 3.4045317534e-06, 1.05657200038e-05, 9.40987683862e-06, 1.23587396956e-05, 8.0117770267e-06, 5.93799722992e-06, 4.35479933003e-06, 2.19422213377e-06, 9.7264080523e-07, 5.02192790464e-07, 2.56383771102e-07, 1.38326143428e-07, 8.91318734375e-08, 4.14158343176e-08, 1.74671601627e-08, 1.31904887013e-08, 7.72031327756e-09, 4.14307388397e-09, 2.89668289355e-09, 3.23608295716e-09, 3.26883342616e-09, 4.576376611e-09],
        "median": [7.81389462645e-05, 0.00025018613087, 2.31759004237e-05, 0.000112485933641, 6.09579619777e-05, 1.6870244508e-05, 9.81313860393e-05, 6.29163405392e-05, 2.22056423809e-05, 1.63186757618e-06, 2.87420152745e-06, 4.64786262455e-06, 1.69082795765e-06, 6.32701301129e-07, 1.16594651445e-06, 8.53991195982e-07, 3.57958725772e-07, 4.44783637477e-07, 3.71274950339e-07, 1.63338347647e-06, 1.20375216284e-06, 3.3116555187e-06, 2.39888845499e-06, 1.85036992661e-06, 1.86588681572e-06, 1.07409266548e-06, 4.94440541843e-07, 3.11827136557e-07, 1.52568873091e-07, 8.16976282181e-08, 5.70417135748e-08, 2.84594570132e-08, 5.89758908376e-09, 1.61625768325e-09, 1.36604960677e-09, 1.18426035645e-09, 6.70423327964e-10, 6.59478971432e-10, 5.98259830564e-10, 7.06175617982e-10],
        "min": [2.22476519411e-05, 2.71180015261e-05, 6.55598205412e-06, 2.95312406706e-06, 8.93819651537e-06, 1.82535666227e-06, 1.20767908811e-05, 1.0369570191e-05, 2.60802880803e-06, 1.64223237675e-07, 2.43792499077e-07, 6.5973887331e-07, 2.90357348831e-07, 8.84518911448e-08, 8.00764894393e-08, 1.21292970334e-07, 1.01743587777e-07, 1.0198655076e-07, 1.22056192708e-07, 6.2458730099e-07, 6.01083002039e-07, 1.30400826492e-06, 1.130329224e-06, 6.09606217949e-07, 3.93116607711e-07, 5.32357660177e-07, 8.82328663465e-08, 3.71346402517e-08, 2.92122610546e-08, 9.21645959551e-09, 2.64135402439e-09, 1.56713242383e-09, 4.59577764733e-10, 2.84778950421e-10, 1.77748385455e-10, 1.38093203539e-10, 1.13446772809e-10, 7.59732554645e-11, 4.35726905945e-11, 5.28779381392e-11],
        "var": [7.8017734495e-09, 8.60553939219e-08, 1.65213947412e-07, 7.69976225001e-07, 1.53098369537e-07, 5.37772422149e-08, 2.16065245695e-07, 1.35126174428e-06, 8.08452284673e-07, 6.02081655643e-08, 7.6459905074e-08, 5.33928314894e-08, 3.93564150158e-08, 1.23216601366e-08, 4.22805213063e-09, 9.34386346074e-10, 6.45398567922e-10, 3.34990257755e-10, 1.76939365937e-10, 2.85838797076e-09, 2.03209604699e-09, 1.97038385608e-09, 8.28317525681e-10, 4.52325565892e-10, 1.70122055332e-10, 2.5799985412e-11, 3.54011785164e-12, 7.29664158955e-13, 3.12381766504e-13, 1.54356331861e-13, 6.00608701228e-14, 8.19643459278e-15, 6.85922367895e-15, 9.57149432683e-15, 2.13492494421e-15, 3.35094068989e-16, 2.08316450781e-16, 2.18728457702e-16, 2.58704323231e-16, 4.29938253917e-16]
    },
    "mfcc": {
        "mean": [-776.425720215, 183.283157349, -32.9563598633, 63.7686309814, -0.275079935789, -25.8632335663, 2.15431284904, -0.471884459257, 5.93177652359, -6.59400558472, 5.45911312103, 9.52283859253, 3.9970407486],
        "cov": [[2188.43164062, 689.797485352, -515.702514648, -645.813049316, -275.879882812, -36.8262710571, -12.3663291931, -5.17461252213, -68.9279632568, 15.3141260147, -50.0629959106, -83.7195587158, -109.452262878], [689.797485352, 520.706604004, -316.448242188, -255.418884277, -159.576721191, -40.1702156067, 58.9336471558, 12.0844173431, 7.55942773819, 10.2971658707, -28.8867702484, -24.0853843689, -54.4556808472], [-515.702514648, -316.448242188, 478.399169922, 236.944503784, 72.4633483887, -9.16563987732, -60.1033859253, -25.7658882141, -17.0852794647, -7.93982505798, 31.3725223541, 36.2530250549, 38.2179794312], [-645.813049316, -255.418884277, 236.944503784, 375.138763428, 137.380966187, -8.47445011139, -39.4548149109, -33.466960907, -3.47286009789, -9.08717727661, 57.3588409424, 74.3562469482, 45.6830291748], [-275.879882812, -159.576721191, 72.4633483887, 137.380966187, 128.5390625, 14.399107933, -21.9565010071, -31.7402305603, -22.6945838928, -3.70393228531, 39.760055542, 40.2017364502, 23.0349788666], [-36.8262710571, -40.1702156067, -9.16563987732, -8.47445011139, 14.399107933, 52.8396606445, 0.745390832424, -7.96993303299, -6.13612985611, 0.557718038559, -0.472976177931, -7.41604995728, -3.5005838871], [-12.3663291931, 58.9336471558, -60.1033859253, -39.4548149109, -21.9565010071, 0.745390832424, 44.6793479919, 24.9331626892, 17.8297977448, -3.87796354294, -12.9751338959, -9.39682006836, -3.64065265656], [-5.17461252213, 12.0844173431, -25.7658882141, -33.466960907, -31.7402305603, -7.96993303299, 24.9331626892, 50.1121101379, 26.5414829254, -7.14282083511, -27.5264835358, -21.1183872223, 3.10920143127], [-68.9279632568, 7.55942773819, -17.0852794647, -3.47286009789, -22.6945838928, -6.13612985611, 17.8297977448, 26.5414829254, 36.7101325989, 3.83470344543, -11.9745512009, -15.1043539047, -1.21175801754], [15.3141260147, 10.2971658707, -7.93982505798, -9.08717727661, -3.70393228531, 0.557718038559, -3.87796354294, -7.14282083511, 3.83470344543, 20.4333286285, 11.3745689392, 0.487291365862, -5.27776384354], [-50.0629959106, -28.8867702484, 31.3725223541, 57.3588409424, 39.760055542, -0.472976177931, -12.9751338959, -27.5264835358, -11.9745512009, 11.3745689392, 52.7143211365, 36.9053001404, 8.39356327057], [-83.7195587158, -24.0853843689, 36.2530250549, 74.3562469482, 40.2017364502, -7.41604995728, -9.39682006836, -21.1183872223, -15.1043539047, 0.487291365862, 36.9053001404, 53.2030830383, 20.1480026245], [-109.452262878, -54.4556808472, 38.2179794312, 45.6830291748, 23.0349788666, -3.5005838871, -3.64065265656, 3.10920143127, -1.21175801754, -5.27776384354, 8.39356327057, 20.1480026245, 28.7084121704]],
