{
"lowlevel": {
    "average_loudness": 0.976643681526,
    "barkbands_crest": {
        "dmean": 3.57366371155,
        "dmean2": 5.77442407608,
        "dvar": 17.4766578674,
        "dvar2": 42.2063598633,
        "max": 24.0004749298,
        "mean": 15.5592823029,
        "median": 16.0812034607,
        "min": 3.36494612694,
        "var": 29.5796375275
    },
    "barkbands_flatness_db": {
        "dmean": 0.0469070449471,
        "dmean2": 0.0703530311584,
        "dvar": 0.00304889981635,
        "dvar2": 0.00679595535621,
        "max": 0.429355621338,
        "mean": 0.317654162645,
        "median": 0.35582357645,
        "min": 0.112325981259,
        "var": 0.00622551096603
    },
    "barkbands_kurtosis": {
        "dmean": 3.38200306892,
        "dmean2": 5.51428604126,
        "dvar": 16.5513267517,
        "dvar2": 40.5002326965,
        "max": 31.4451904297,
        "mean": 7.11250114441,
        "median": 4.73044586182,
        "min": -0.158738136292,
        "var": 42.8752250671
    },
    "barkbands_skewness": {
        "dmean": 0.500623822212,
        "dmean2": 0.755018293858,
        "dvar": 0.21030844748,
        "dvar2": 0.512705206871,
        "max": 4.25083017349,
        "mean": 0.990683555603,
        "median": 0.994817376137,
        "min": -1.04944586754,
        "var": 0.87447142601
    },
    "barkbands_spread": {
        "dmean": 1.8248155117,
        "dmean2": 3.00464916229,
        "dvar": 6.31650543213,
        "dvar2": 14.828209877,
        "max": 15.5524215698,
        "mean": 4.32698059082,
        "median": 3.06784129143,
        "min": 0.821145832539,
        "var": 9.908162117
    },
    "dissonance": {
        "dmean": 0.0335500650108,
        "dmean2": 0.0543379224837,
        "dvar": 0.00112178095151,
        "dvar2": 0.00279027340002,
        "max": 0.497201263905,
        "mean": 0.439656198025,
        "median": 0.447583734989,
        "min": 0.269661098719,
        "var": 0.00185029394925
    },
    "dynamic_complexity": 2.58903813362,
    "erbbands_crest": {
        "dmean": 4.18708467484,
        "dmean2": 6.484770298,
        "dvar": 23.7402324677,
        "dvar2": 57.7078971863,
        "max": 28.9761333466,
        "mean": 17.4736804962,
        "median": 18.579864502,
        "min": 4.88304519653,
        "var": 52.0032501221
    },
    "erbbands_flatness_db": {
        "dmean": 0.0379629917443,
        "dmean2": 0.0601546987891,
        "dvar": 0.00205332669429,
        "dvar2": 0.00460718851537,
        "max": 0.455270826817,
        "mean": 0.341308385134,
        "median": 0.344602704048,
        "min": 0.175504103303,
        "var": 0.00303457886912
    },
    "erbbands_kurtosis": {
        "dmean": 3.84181022644,
        "dmean2": 5.98416900635,
        "dvar": 19.1153869629,
        "dvar2": 49.8193016052,
        "max": 31.7949409485,
        "mean": 7.20878696442,
        "median": 6.37126255035,
        "min": -0.894445180893,
        "var": 51.0550842285
    },
    "erbbands_skewness": {
        "dmean": 0.563936233521,
        "dmean2": 0.893507182598,
        "dvar": 0.331375449896,
        "dvar2": 0.738306522369,
        "max": 4.68511772156,
        "mean": 1.75170004368,
        "median": 1.61893737316,
        "min": -0.14485360682,
        "var": 1.08096110821
    },
    "erbbands_spread": {
        "dmean": 4.12398481369,
        "dmean2": 6.76096725464,
        "dvar": 27.7342681885,
        "dvar2": 69.746131897,
        "max": 33.8994026184,
        "mean": 9.87178039551,
        "median": 6.70312404633,
        "min": 1.97906172276,
        "var": 46.225730896
    },
    "hfc": {
        "dmean": 4.72749853134,
        "dmean2": 8.00482940674,
        "dvar": 50.5649909973,
        "dvar2": 126.223190308,
        "max": 40.7443351746,
        "mean": 9.8644618988,
        "median": 5.68900299072,
        "min": 0.00735787162557,
        "var": 108.004760742
    },
    "melbands_crest": {
        "dmean": 4.02805805206,
        "dmean2": 6.70828342438,
        "dvar": 23.5769100189,
        "dvar2": 55.9693717957,
        "max": 28.394317627,
        "mean": 17.9522647858,
        "median": 18.6304073334,
        "min": 5.13825511932,
        "var": 40.5937576294
    },
    "melbands_flatness_db": {
        "dmean": 0.0565847977996,
        "dmean2": 0.0864129364491,
        "dvar": 0.00502870604396,
        "dvar2": 0.0111892800778,
        "max": 0.531701385975,
        "mean": 0.406438171864,
        "median": 0.450426101685,
        "min": 0.179658174515,
        "var": 0.0100871492177
    },
    "melbands_kurtosis": {
        "dmean": 2.82859539986,
        "dmean2": 4.78693914413,
        "dvar": 10.7956151962,
        "dvar2": 30.8644371033,
        "max": 24.3962249756,
        "mean": 6.77969932556,
        "median": 4.81809234619,
        "min": -0.353900432587,
        "var": 30.8002662659
    },
    "melbands_skewness": {
        "dmean": 0.507725834846,
        "dmean2": 0.777010798454,
        "dvar": 0.211064979434,
        "dvar2": 0.523773193359,
        "max": 3.57898187637,
        "mean": 1.10745561123,
        "median": 1.21247267723,
        "min": -0.780499398708,
        "var": 0.765915393829
    },
    "melbands_spread": {
        "dmean": 2.45151925087,
        "dmean2": 3.83455610275,
        "dvar": 11.1393518448,
        "dvar2": 25.7133846283,
        "max": 21.4484291077,
        "mean": 6.28831577301,
        "median": 4.38960123062,
        "min": 1.33999359608,
        "var": 19.8263263702
    },
    "pitch_salience": {
        "dmean": 0.103636674583,
        "dmean2": 0.168569236994,
        "dvar": 0.0125171681866,
        "dvar2": 0.0335240252316,
        "max": 0.911639750004,
        "mean": 0.54580706358,
        "median": 0.513445675373,
        "min": 0.313000321388,
        "var": 0.0176427830011
    },
    "silence_rate_20dB": {
        "dmean": 0,
        "dmean2": 0,
        "dvar": 0,
        "dvar2": 0,
        "max": 1,
        "mean": 1,
        "median": 1,
        "min": 1,
        "var": 0
    },
    "silence_rate_30dB": {
        "dmean": 0,
        "dmean2": 0,
        "dvar": 0,
        "dvar2": 0,
        "max": 1,
        "mean": 1,
        "median": 1,
        "min": 1,
        "var": 0
    },
    "silence_rate_60dB": {
        "dmean": 0.0466666668653,
        "dmean2": 0.0939597338438,
        "dvar": 0.0444888658822,
        "dvar2": 0.0851313471794,
        "max": 1,
        "mean": 0.0927152335644,
        "median": 0,
        "min": 0,
        "var": 0.0841190814972
    },
    "spectral_centroid": {
        "dmean": 128.003387451,
        "dmean2": 209.119247437,
        "dvar": 36830.4414062,
        "dvar2": 87686.5703125,
        "max": 1397.91015625,
        "mean": 521.119140625,
        "median": 447.861206055,
        "min": 244.987472534,
        "var": 59874.4296875
    },
    "spectral_complexity": {
        "dmean": 4.0733332634,
        "dmean2": 6.3624162674,
        "dvar": 27.921289444,
        "dvar2": 61.3854141235,
        "max": 37,
        "mean": 12.0132446289,
        "median": 9,
        "min": 0,
        "var": 64.5825805664
    },
    "spectral_decrease": {
        "dmean": 1.69078873125e-09,
        "dmean2": 2.71165268018e-09,
        "dvar": 4.00157968463e-18,
        "dvar2": 9.62532920648e-18,
        "max": -2.9162121936e-12,
        "mean": -5.03371877514e-09,
        "median": -4.64344251938e-09,
        "min": -1.55933879142e-08,
        "var": 1.24178462867e-17
    },
    "spectral_energy": {
        "dmean": 0.00678405864164,
        "dmean2": 0.0109247379005,
        "dvar": 6.65699262754e-05,
        "dvar2": 0.000160636162036,
        "max": 0.0625485405326,
        "mean": 0.0198931135237,
        "median": 0.017884593457,
        "min": 1.16738510769e-05,
        "var": 0.000200090813451
    },
    "spectral_energyband_high": {
        "dmean": 2.02682931558e-05,
        "dmean2": 3.77181422664e-05,
        "dvar": 1.95441174355e-09,
        "dvar2": 5.33260058333e-09,
        "max": 0.000239162065554,
        "mean": 1.54430854309e-05,
        "median": 8.34215995837e-07,
        "min": 3.05774641163e-08,
        "var": 1.38723454945e-09
    },
    "spectral_energyband_low": {
        "dmean": 0.000262509449385,
        "dmean2": 0.000356019678293,
        "dvar": 9.83358887652e-08,
        "dvar2": 1.96343535208e-07,
        "max": 0.00497783254832,
        "mean": 0.00118228234351,
        "median": 0.000465892691864,
        "min": 2.3118629997e-06,
        "var": 1.96442101696e-06
    },
    "spectral_energyband_middle_high": {
        "dmean": 0.00228050304577,
        "dmean2": 0.00391709106043,
        "dvar": 1.51665535668e-05,
        "dvar2": 3.63995750376e-05,
        "max": 0.0204495787621,
        "mean": 0.00284622237086,
        "median": 0.000331835210091,
        "min": 3.55414931619e-06,
        "var": 2.56358307524e-05
    },
    "spectral_energyband_middle_low": {
        "dmean": 0.00504637230188,
        "dmean2": 0.00803885981441,
        "dvar": 3.1694144127e-05,
        "dvar2": 7.30908795958e-05,
        "max": 0.048288859427,
        "mean": 0.0161021873355,
        "median": 0.0149390231818,
        "min": 6.13491465629e-06,
        "var": 0.000113678441267
    },
    "spectral_entropy": {
        "dmean": 0.411517232656,
        "dmean2": 0.626226365566,
        "dvar": 0.223882958293,
        "dvar2": 0.512674808502,
        "max": 7.9530248642,
        "mean": 6.19410800934,
        "median": 5.94625329971,
        "min": 5.09102010727,
        "var": 0.554714679718
    },
    "spectral_flux": {
        "dmean": 0.0290680471808,
        "dmean2": 0.0459513105452,
        "dvar": 0.00100155151449,
        "dvar2": 0.00178316771053,
        "max": 0.192422538996,
        "mean": 0.0622750893235,
        "median": 0.04409449175,
        "min": 0.0105051118881,
        "var": 0.00189962924924
    },
    "spectral_kurtosis": {
        "dmean": 21.7639865875,
        "dmean2": 37.9016113281,
        "dvar": 383.989685059,
        "dvar2": 993.109558105,
        "max": 112.526351929,
        "mean": 33.4391860962,
        "median": 31.807182312,
        "min": 3.18330335617,
        "var": 520.380493164
    },
    "spectral_rms": {
        "dmean": 0.000824847025797,
        "dmean2": 0.00126048154198,
        "dvar": 9.35109198963e-07,
        "dvar2": 2.40655708694e-06,
        "max": 0.00781171955168,
        "mean": 0.00407057302073,
        "median": 0.00417712610215,
        "min": 0.000106719839096,
        "var": 2.83836266135e-06
    },
    "spectral_rolloff": {
        "dmean": 127.763671875,
        "dmean2": 210.851974487,
        "dvar": 33889.7617188,
        "dvar2": 73567.9296875,
        "max": 1291.9921875,
        "mean": 594.658569336,
        "median": 473.73046875,
        "min": 258.3984375,
        "var": 75422.125
    },
    "spectral_skewness": {
        "dmean": 1.43310642242,
        "dmean2": 2.4988424778,
        "dvar": 1.73256754875,
        "dvar2": 4.52176427841,
        "max": 8.48881721497,
        "mean": 3.75524091721,
        "median": 3.80922293663,
        "min": 0.88974070549,
        "var": 2.40070414543
    },
    "spectral_spread": {
        "dmean": 501495.25,
        "dmean2": 750105.9375,
        "dvar": 972568526848,
        "dvar2": 920050335744,
        "max": 14590514,
        "mean": 1572853.375,
        "median": 1384633.5,
        "min": 540988.6875,
        "var": 1.41239713792e+12
    },
    "spectral_strongpeak": {
        "dmean": 0.395700633526,
        "dmean2": 0.639502465725,
        "dvar": 0.178112223744,
        "dvar2": 0.388256698847,
        "max": 3.29328989983,
        "mean": 1.16300916672,
        "median": 1.03656327724,
        "min": 0,
        "var": 0.52765840292
    },
    "zerocrossingrate": {
        "dmean": 0.00248046871275,
        "dmean2": 0.00303455325775,
        "dvar": 7.98390829004e-06,
        "dvar2": 9.61535351962e-06,
        "max": 0.0380859375,
        "mean": 0.0203590653837,
        "median": 0.02001953125,
        "min": 0.00732421875,
        "var": 4.12763947679e-05
    },
    "barkbands": {
        "dmean": [1.55860038831e-06, 0.00013190190657, 0.000104183862277, 0.000652923830785, 0.00172969896812, 0.000673579517752, 0.00261263293214, 0.000924187130295, 0.00103083415888, 0.00106976367533, 0.000627739471383, 0.00025597558124, 0.000279669155134, 6.24624153716e-05, 2.8175965781e-05, 6.58244171063e-05, 0.000156467969646, 9.38204393606e-05, 6.37307020952e-05, 1.62645264936e-05, 8.19347678771e-06, 4.0248132791e-06, 1.51279505189e-06, 3.61133857041e-07, 2.41603913764e-07, 1.15061105532e-07, 7.32941103365e-08],
        "dmean2": [2.0450700049e-06, 0.000168556740391, 0.000145084981341, 0.00110329291783, 0.00291211949661, 0.0011571443174, 0.00374308647588, 0.0016778036952, 0.00181759684347, 0.00192378554493, 0.00106787099503, 0.000443394557806, 0.000416903261794, 9.94545480353e-05, 4.63993601443e-05, 0.000111824090709, 0.000289033690933, 0.000171871040948, 0.0001165448557, 2.92928052659e-05, 1.54083300004e-05, 7.7222721302e-06, 2.77228105006e-06, 6.40139603547e-07, 4.05436878737e-07, 1.6513327239e-07, 8.3314844801e-08],
        "dvar": [1.03363741177e-10, 2.61084558417e-08, 1.6068280928e-08, 6.14253224285e-07, 4.42361670139e-06, 9.00406632809e-07, 1.87287296285e-05, 2.88874002763e-06, 3.22906089423e-06, 4.46737885795e-06, 1.22750020637e-06, 2.04394282832e-07, 2.5937450232e-07, 9.80393632943e-09, 2.09862971445e-09, 1.42759333244e-08, 8.50927293072e-08, 3.77928834894e-08, 1.65078191117e-08, 1.00885733101e-09, 3.49995060711e-10, 8.8395936404e-11, 1.66984377714e-11, 1.22856943802e-12, 7.41150359401e-13, 5.27785009707e-13, 5.75401380189e-13],
        "dvar2": [1.0636488218e-10, 5.05380555182e-08, 3.53951747911e-08, 1.67836481069e-06, 1.09875581984e-05, 2.47792445407e-06, 3.93746158807e-05, 7.54086977395e-06, 9.02492956811e-06, 1.02436033558e-05, 3.12330257657e-06, 5.54692121568e-07, 5.28479290551e-07, 2.28814851511e-08, 5.18421616746e-09, 3.72389976633e-08, 2.24608157851e-07, 1.00470252562e-07, 4.36536709003e-08, 2.48075360254e-09, 9.7269947652e-10, 2.42141418028e-10, 4.36970772066e-11, 2.11919891357e-12, 1.11938420772e-12, 5.65107802133e-13, 5.79496628635e-13],
        "max": [0.000126393686514, 0.00247786776163, 0.0016493848525, 0.00499620242044, 0.0256398655474, 0.00496999267489, 0.0372540466487, 0.0109985657036, 0.00970986392349, 0.0145905967802, 0.00692029949278, 0.00202313018963, 0.00731072109193, 0.000802798895165, 0.00028215823113, 0.000704066187609, 0.00167009804863, 0.00122538825963, 0.000705647980794, 0.000207428893191, 0.00010201560508, 3.89378983527e-05, 2.83575445792e-05, 9.5707773653e-06, 9.10336802917e-06, 8.79803701537e-06, 9.33069986786e-06],
        "mean": [1.47827233832e-06, 0.000605356530286, 0.000410207838286, 0.000881635874975, 0.00453407969326, 0.000723906967323, 0.00795265939087, 0.000888081558514, 0.00086893257685, 0.00111755018588, 0.000731483160052, 0.000243843838689, 0.000459679518826, 6.88672371325e-05, 3.52201786882e-05, 7.65458244132e-05, 0.000136302536703, 8.19349879748e-05, 5.02132352267e-05, 1.49859488374e-05, 6.17313753537e-06, 2.47333582593e-06, 9.26833536141e-07, 2.64726622845e-07, 1.68143941437e-07, 9.43263884778e-08, 7.80440672088e-08],
        "median": [1.43566992961e-07, 0.000220477828407, 0.000158815004397, 0.000384238432162, 0.00124105170835, 0.000410996668506, 0.00448703952134, 0.00030159970629, 0.000136765593197, 0.000171707972186, 4.07560364692e-05, 2.33899718296e-05, 6.99638403603e-05, 7.88012675912e-06, 4.39213226855e-06, 3.53926066055e-06, 3.97644271288e-06, 3.32432864525e-06, 2.78290553979e-06, 1.17691183732e-06, 3.07435044533e-07, 5.50903251906e-08, 4.79454964619e-09, 3.68194963407e-09, 4.28573132538e-09, 3.08905412361e-09, 7.8395760994e-09],
        "min": [1.55414137115e-09, 8.32977093523e-07, 8.98525740922e-07, 6.40440930511e-07, 1.37172287396e-06, 1.45475598856e-06, 5.90286219904e-07, 1.11245333301e-06, 6.5461927079e-07, 9.71316922005e-07, 1.37579192483e-07, 2.46898537171e-07, 7.42568431633e-07, 6.81531417968e-08, 2.96534921063e-08, 8.36993265807e-08, 3.13142862751e-08, 7.32231075773e-09, 1.98244336502e-08, 9.58161283648e-09, 4.27994928387e-09, 5.13798159574e-09, 5.4585819198e-10, 3.48570367015e-10, 5.03204866664e-10, 3.18968434998e-10, 3.38044836568e-09],
        "var": [1.05588947308e-10, 5.57337045848e-07, 2.42787109528e-07, 1.31667786718e-06, 3.57096687367e-05, 7.46608748159e-07, 9.0062028903e-05, 2.34091635321e-06, 2.59644775724e-06, 4.85521377414e-06, 2.20123547479e-06, 2.20345270918e-07, 1.11749056941e-06, 1.71465526222e-08, 4.1227368186e-09, 2.51537848328e-08, 8.22055667982e-08, 3.11945207443e-08, 1.3194474846e-08, 9.90579174243e-10, 2.37754843591e-10, 5.38923211613e-11, 1.12753660575e-11, 1.106669552e-12, 6.65425180235e-13, 5.21317147437e-13, 5.71229316019e-13]
    },
    "erbbands": {
        "dmean": [0.00080912001431, 0.0390344411135, 0.143088877201, 0.805257320404, 3.97426748276, 8.33714866638, 5.39336776733, 6.68096733093, 41.7397003174, 18.0456047058, 22.0226669312, 21.0333080292, 28.2487888336, 33.912361145, 20.294095993, 9.90966892242, 12.9815616608, 3.28188991547, 2.21195864677, 2.45402121544, 4.32052469254, 9.18301677704, 5.54282855988, 4.18909788132, 1.9493253231, 0.76743221283, 0.365574657917, 0.313526064157, 0.161779135466, 0.0802941098809, 0.0388063825667, 0.0120326345786, 0.00474027637392, 0.00281887687743, 0.00162552192342, 0.000591875636019, 0.000191862418433, 5.77888531552e-05, 1.36645076054e-05, 8.3757477114e-06],
        "dmean2": [0.00107943976764, 0.0498733371496, 0.189993813634, 1.35248100758, 6.81243419647, 13.8236408234, 10.0139913559, 10.6109046936, 59.0674743652, 29.3417797089, 40.4983901978, 37.5617103577, 50.1577072144, 61.5666999817, 35.6460800171, 15.8909130096, 20.0961780548, 5.57797288895, 3.57145500183, 4.25344371796, 7.37262487411, 17.0562000275, 9.91841506958, 7.5467748642, 3.55652594566, 1.40693128109, 0.67166942358, 0.594120383263, 0.304632723331, 0.152432888746, 0.0710192769766, 0.021401675418, 0.00791097152978, 0.00467398250476, 0.00273470953107, 0.000916354882065, 0.000262184126768, 7.49011014705e-05, 1.72966174432e-05, 1.32208315335e-05],
        "dvar": [1.2480826399e-06, 0.00230318447575, 0.0321042872965, 0.848033964634, 23.8525161743, 120.683555603, 68.1761550903, 63.3867530823, 4887.39453125, 586.630249023, 1840.0189209, 1528.75878906, 2942.14575195, 3920.14379883, 1182.64123535, 284.231933594, 547.004394531, 26.3148574829, 12.7631978989, 14.9104948044, 61.1595649719, 297.864654541, 126.707267761, 71.7793655396, 15.2702379227, 2.14656376839, 0.580591142178, 0.599931418896, 0.142656937242, 0.039369944483, 0.0139104910195, 0.00114309531637, 0.000240762412432, 9.55113719101e-05, 3.60810954589e-05, 8.93616925168e-06, 1.78166374099e-06, 2.23054257731e-07, 1.13588081163e-08, 1.49159698482e-10],
        "dvar2": [2.34259846366e-06, 0.00446991622448, 0.064164146781, 2.31771492958, 63.1714897156, 273.601196289, 188.979797363, 166.288513184, 10272.5830078, 1466.26538086, 4953.46289062, 4274.64599609, 7229.09472656, 9491.45507812, 3108.13476562, 729.458374023, 1163.83483887, 63.0234298706, 29.7382850647, 37.7003517151, 158.47593689, 788.074584961, 339.278320312, 183.396636963, 40.717880249, 5.40208435059, 1.60627305508, 1.6638174057, 0.392495006323, 0.10715700686, 0.0364840403199, 0.00247298739851, 0.000382008031011, 0.000144660429214, 5.43407222722e-05, 1.0584217307e-05, 1.86080535514e-06, 2.27415256404e-07, 1.14350084957e-08, 2.70139299818e-10],
        "max": [0.0133749805391, 0.735260665417, 2.61350107193, 6.69554948807, 31.8453559875, 154.982696533, 51.789730072, 58.284198761, 603.440002441, 218.025985718, 270.616943359, 230.526382446, 321.427215576, 357.799438477, 241.139190674, 113.848686218, 296.280609131, 41.677947998, 22.6954460144, 24.2081127167, 50.5252037048, 96.314414978, 67.5080490112, 45.5646820068, 18.4585762024, 7.61190319061, 4.0393409729, 4.74359798431, 1.68217921257, 0.978915631771, 0.936935663223, 0.213326483965, 0.153492301702, 0.102555349469, 0.0637700930238, 0.03514303267, 0.0162874627858, 0.00579986535013, 0.00134289555717, 0.00017358281184],
        "mean": [0.00324843265116, 0.179594561458, 0.64286583662, 1.26599431038, 5.97187948227, 24.1180095673, 8.20500850677, 13.6550016403, 126.986885071, 43.9593658447, 19.3773517609, 16.9583110809, 31.0807533264, 36.1989097595, 21.6291999817, 12.3418035507, 21.2257442474, 4.33511352539, 2.7342338562, 2.73356294632, 4.9240694046, 7.84028673172, 4.8068780899, 3.67797374725, 1.59410178661, 0.687506318092, 0.298626601696, 0.217831134796, 0.1008445099, 0.0484632626176, 0.0239449199289, 0.00818546675146, 0.00343726715073, 0.00199351459742, 0.00114801945165, 0.000462585419882, 0.000167354097357, 5.24137612956e-05, 2.04737734748e-05, 2.35957140831e-05],
        "median": [0.00124115322251, 0.0667416527867, 0.244230046868, 0.611556947231, 2.6799800396, 5.17811918259, 3.66377496719, 10.2671041489, 73.9349746704, 21.6378059387, 5.65759372711, 2.51804995537, 3.38421273232, 4.49890947342, 1.34173214436, 1.90354728699, 2.82481122017, 0.570977628231, 0.283497333527, 0.240584909916, 0.176622092724, 0.237046793103, 0.175180152059, 0.172775194049, 0.0952405333519, 0.0557563453913, 0.0199665687978, 0.00873851031065, 0.00252214353532, 0.000339186721249, 0.000150659616338, 8.97433492355e-05, 6.86845596647e-05, 5.24816459802e-05, 4.1275867261e-05, 2.47994557867e-05, 9.90054286376e-06, 3.79799325856e-06, 1.06213310573e-05, 2.01643324544e-05],
        "min": [1.57522972586e-05, 0.000188992926269, 0.000868146948051, 0.00188783288468, 0.00239859637804, 0.00568529823795, 0.00695590302348, 0.0141695383936, 0.0108532402664, 0.00871886033565, 0.0283464975655, 0.0122751705348, 0.0269938055426, 0.0306544937193, 0.0189037863165, 0.0293540712446, 0.0355870425701, 0.00551663152874, 0.00275836931542, 0.00417409930378, 0.00467303441837, 0.00189068261534, 0.000554681115318, 0.00119703065138, 0.000492151360959, 0.000494451611303, 0.000204459196539, 0.000167828809936, 0.00019962573424, 4.64321637992e-05, 2.14872052311e-05, 1.02230706034e-05, 9.77518448053e-06, 7.12244036549e-06, 3.99179634769e-06, 1.69976397046e-06, 8.92287573606e-07, 8.50346339121e-07, 4.69974679618e-07, 6.35596109078e-08],
        "var": [1.481419622e-05, 0.0491375252604, 0.608351767063, 2.34831666946, 55.0111503601, 1191.96325684, 89.5476608276, 128.390380859, 22446.8867188, 2671.24682617, 1321.11633301, 1121.14758301, 3325.56420898, 4621.90966797, 1838.09375, 533.710327148, 2343.16015625, 63.2108078003, 26.4266471863, 24.049905777, 109.458740234, 275.415679932, 104.961883545, 65.0752563477, 12.0748033524, 1.99019944668, 0.453459441662, 0.380312263966, 0.0884427502751, 0.0242331065238, 0.00937962252647, 0.000915227516089, 0.000219808440306, 8.66997870617e-05, 3.23128988384e-05, 8.65116271598e-06, 1.76883986569e-06, 2.21673730039e-07, 1.1735026284e-08, 4.14246942304e-10]
    },
    "gfcc": {
        "mean": [-164.671875, 213.291183472, -127.166259766, -14.9412879944, -40.8367881775, -45.8251991272, -18.2164096832, -10.6820068359, -22.5980072021, -8.55875587463, -1.7311514616, -8.01804542542, -5.85624790192],
        "cov": [[6653.50488281, -1726.74121094, -2259.60009766, 199.447006226, -840.987121582, 271.654174805, 10.8615036011, 362.891784668, 57.011341095, -292.38571167, -64.4881439209, 274.157531738, -18.9927749634], [-1726.74121094, 1191.25915527, 879.157165527, -80.2403182983, 487.856933594, -326.010864258, 165.422164917, -159.204849243, -32.1600151062, 116.120506287, 151.653488159, -131.668518066, 27.9858989716], [-2259.60009766, 879.157165527, 2054.37475586, 475.106811523, 335.176574707, -151.108062744, 96.6217575073, -116.735458374, -131.08454895, 88.3071517944, 80.2796325684, -69.2437210083, -42.8159065247], [199.447006226, -80.2403182983, 475.106811523, 447.524230957, -30.0130634308, -7.18477201462, 5.16106939316, 5.77539539337, -109.340530396, -108.235122681, -71.7000350952, 9.76323699951, 3.00656795502], [-840.987121582, 487.856933594, 335.176574707, -30.0130634308, 274.553405762, -118.579742432, 63.8983345032, -74.6670379639, -23.3427181244, 48.6512336731, 42.3110923767, -67.7117919922, 29.0706539154], [271.654174805, -326.010864258, -151.108062744, -7.18477201462, -118.579742432, 220.335189819, -43.3095321655, 44.8855857849, 47.6703987122, 16.2692489624, -17.5823631287, 42.3206100464, -38.6509742737], [10.8615036011, 165.422164917, 96.6217575073, 5.16106939316, 63.8983345032, -43.3095321655, 89.5325469971, 7.79578924179, -2.5244448185, 25.1957511902, 41.0215606689, 2.59347081184, 7.28955316544], [362.891784668, -159.204849243, -116.735458374, 5.77539539337, -74.6670379639, 44.8855857849, 7.79578924179, 72.2888183594, 22.4188861847, 1.98799598217, 2.71668076515, 37.2715187073, -8.16693115234], [57.011341095, -32.1600151062, -131.08454895, -109.340530396, -23.3427181244, 47.6703987122, -2.5244448185, 22.4188861847, 77.9206695557, 62.3690032959, 41.0807914734, 17.411699295, -22.3765525818], [-292.38571167, 116.120506287, 88.3071517944, -108.235122681, 48.6512336731, 16.2692489624, 25.1957511902, 1.98799598217, 62.3690032959, 109.304283142, 65.036026001, -2.36239528656, -27.8980007172], [-64.4881439209, 151.653488159, 80.2796325684, -71.7000350952, 42.3110923767, -17.5823631287, 41.0215606689, 2.71668076515, 41.0807914734, 65.036026001, 86.3505630493, 6.4705824852, -19.8680400848], [274.157531738, -131.668518066, -69.2437210083, 9.76323699951, -67.7117919922, 42.3206100464, 2.59347081184, 37.2715187073, 17.411699295, -2.36239528656, 6.4705824852, 51.3496322632, -4.72085618973], [-18.9927749634, 27.9858989716, -42.8159065247, 3.00656795502, 29.0706539154, -38.6509742737, 7.28955316544, -8.16693115234, -22.3765525818, -27.8980007172, -19.8680400848, -4.72085618973, 44.2408905029]],
        "icov": [[0.000775032211095, 0.000246004550718, 0.00112593418453, -0.00155344884843, 0.000898989266716, 0.000226714939345, -0.00117096875329, -0.000485224212753, 0.000570403295569, 0.000549640448298, -0.00256371218711, -7.7263226558e-05, 0.000558583531529], [0.000246004550718, 0.0163436792791, -0.00513803586364, 0.0061222393997, -0.0122118303552, 0.0096288593486, -0.0136905992404, 0.00855564326048, -0.014732084237, 0.0155146103352, -0.00899124052376, 0.0101568801329, 0.00402816710994], [0.00112593418453, -0.00513803586364, 0.00525761209428, -0.006851144135, 0.0041431854479, -0.0026607371401, 0.00408019730821, -0.00256073940545, 0.00976050272584, -0.00883471500129, -0.00259086722508, -0.00480227358639, 0.000785084383097], [-0.00155344884843, 0.0061222393997, -0.006851144135, 0.0133194848895, -0.00593121070415, 0.00280525628477, -0.00581962615252, 0.00203422643244, -0.00648030498996, 0.0128778349608, 0.00559439789504, 0.00329505535774, 0.00331425387412], [0.000898989266716, -0.0122118303552, 0.0041431854479, -0.00593121070415, 0.0232841018587, -0.00682268524542, 0.00317987846211, -0.00217092921957, 0.0115442797542, -0.0143454931676, 0.00148029415868, 0.0024849132169, -0.0119388420135], [0.000226714939345, 0.0096288593486, -0.0026607371401, 0.00280525628477, -0.00682268524542, 0.0142901688814, -0.00658456748351, 0.00436715874821, -0.01224788744, 0.00692686624825, -0.000259503896814, 0.0010108841816, 0.00826402846724], [-0.00117096875329, -0.0136905992404, 0.00408019730821, -0.00581962615252, 0.00317987846211, -0.00658456748351, 0.0357442684472, -0.0137319974601, 0.0210487805307, -0.0198252592236, -0.000690001121257, -0.0130987111479, -0.00732767628506], [-0.000485224212753, 0.00855564326048, -0.00256073940545, 0.00203422643244, -0.00217092921957, 0.00436715874821, -0.0137319974601, 0.0339317806065, -0.0129647413269, 0.00435661384836, -0.000419978488935, -0.0049669672735, 0.00100261322223], [0.000570403295569, -0.014732084237, 0.00976050272584, -0.00648030498996, 0.0115442797542, -0.01224788744, 0.0210487805307, -0.0129647413269, 0.0690931677818, -0.0409713387489, -0.0067191766575, -0.0172701328993, -0.000447023892775], [0.000549640448298, 0.0155146103352, -0.00883471500129, 0.0128778349608, -0.0143454931676, 0.00692686624825, -0.0198252592236, 0.00435661384836, -0.0409713387489, 0.0585301443934, -0.0130602410063, 0.0150770563632, 0.0124748134986], [-0.00256371218711, -0.00899124052376, -0.00259086722508, 0.00559439789504, 0.00148029415868, -0.000259503896814, -0.000690001121257, -0.000419978488935, -0.0067191766575, -0.0130602410063, 0.0482999160886, -0.0150011489168, 0.00899218209088], [-7.7263226558e-05, 0.0101568801329, -0.00480227358639, 0.00329505535774, 0.0024849132169, 0.0010108841816, -0.0130987111479, -0.0049669672735, -0.0172701328993, 0.0150770563632, -0.0150011489168, 0.0529534518719, -0.0111518772319], [0.000558583531529, 0.00402816710994, 0.000785084383097, 0.00331425387412, -0.0119388420135, 0.00826402846724, -0.00732767628506, 0.00100261322223, -0.000447023892775, 0.0124748134986, 0.00899218209088, -0.0111518772319, 0.04777578637]]
    },
    "melbands": {
        "dmean": [2.09639874811e-05, 6.85069026076e-05, 0.000276426464552, 0.000360553414794, 0.000252491649007, 0.000164794255397, 0.000590139592532, 0.000181917654118, 0.000189666665392, 0.000130442043883, 0.000144356119563, 0.000144130273839, 7.56154840929e-05, 3.37811252393e-05, 3.48395988112e-05, 1.89206493815e-05, 5.69806888961e-06, 4.36934851678e-06, 2.4873647817e-06, 4.32841034126e-06, 5.23529115526e-06, 1.03467209556e-05, 6.07146284892e-06, 4.37486278315e-06, 3.4075626445e-06, 2.07899984161e-06, 7.96379538315e-07, 4.33642270536e-07, 2.23699970547e-07, 2.18173667577e-07, 1.64548652037e-07, 9.92086057749e-08, 5.86650763523e-08, 3.83106133484e-08, 2.53148293439e-08, 1.19677272536e-08, 5.24004528657e-09, 3.48684348062e-09, 2.43946707279e-09, 2.42484210489e-09],
        "dmean2": [2.70108575933e-05, 8.93355972948e-05, 0.000464302633191, 0.000591561605688, 0.000446239864687, 0.000252335274126, 0.000835313403513, 0.000313305325108, 0.000348252709955, 0.000230965102674, 0.000256101688137, 0.000262880406808, 0.000128016719827, 6.01305546297e-05, 5.15376195835e-05, 3.08732196572e-05, 9.707555364e-06, 7.14964016879e-06, 4.23082474299e-06, 7.4450831562e-06, 8.92145180842e-06, 1.93035157281e-05, 1.1262026419e-05, 8.11118297861e-06, 6.19894035481e-06, 3.86979309042e-06, 1.46410945945e-06, 7.91518459664e-07, 4.1018694219e-07, 4.14317241848e-07, 3.10226312195e-07, 1.88525518752e-07, 1.10557650146e-07, 7.24122557472e-08, 4.6561211775e-08, 2.17749498432e-08, 9.31624377642e-09, 5.81451464754e-09, 4.05197519981e-09, 4.12346023992e-09],
        "dvar": [6.60973498157e-10, 7.39542826977e-09, 1.11542590275e-07, 2.17220616605e-07, 1.00828287941e-07, 4.0626808584e-08, 9.4254664873e-07, 6.28352765375e-08, 1.39631893603e-07, 5.53909664802e-08, 7.75297905875e-08, 7.34586294016e-08, 1.72918177554e-08, 3.67876706875e-09, 3.8840801686e-09, 1.20542642534e-09, 8.25828433415e-11, 5.18799343763e-11, 1.5724727076e-11, 5.626496144e-11, 8.96401217143e-11, 3.77830516873e-10, 1.41994693781e-10, 9.490264824e-11, 4.88958144806e-11, 1.91556215334e-11, 2.65668021436e-12, 6.86735499196e-13, 2.24748063042e-13, 2.78472882774e-13, 1.84040798009e-13, 5.36201061308e-14, 2.06976803589e-14, 9.14215873686e-15, 7.60837349882e-15, 1.09037736031e-15, 2.42741696173e-16, 1.28543840721e-16, 8.0815360558e-17, 6.96973185889e-17],
        "dvar2": [1.32954136589e-09, 1.46981760096e-08, 3.08364036528e-07, 4.9443400485e-07, 2.83673472268e-07, 9.7514075037e-08, 1.97604276764e-06, 1.64689780036e-07, 3.77232424853e-07, 1.5555413313e-07, 1.86883212905e-07, 1.74773418848e-07, 4.44945627009e-08, 9.98970861588e-09, 8.25707324736e-09, 2.57239651802e-09, 1.9312877686e-10, 1.19678739141e-10, 4.19776505223e-11, 1.49235818148e-10, 2.2951722467e-10, 9.92604665129e-10, 3.78102243959e-10, 2.51183795985e-10, 1.242644182e-10, 5.19254812759e-11, 6.61214355838e-12, 1.78499500337e-12, 6.2089163021e-13, 7.88005457327e-13, 5.08846111948e-13, 1.48313774998e-13, 5.68232899698e-14, 2.46826298685e-14, 2.0415271104e-14, 2.68323118207e-15, 4.57531834481e-16, 2.14302445854e-16, 1.16559674476e-16, 1.15896407974e-16],
        "max": [0.000381238700356, 0.00125959236175, 0.00207794317976, 0.00598074635491, 0.00268403673545, 0.0015281138476, 0.00845405086875, 0.00170168885961, 0.00220109010115, 0.00140263244975, 0.00169394374825, 0.00161032017786, 0.00082270114217, 0.000313661381369, 0.000865226262249, 0.000347901077475, 6.76429481246e-05, 4.64204131276e-05, 2.76138416666e-05, 3.75543822884e-05, 6.09410635661e-05, 0.000104716440546, 5.67809729546e-05, 6.84384067426e-05, 3.45393382304e-05, 2.41139896389e-05, 9.51423044171e-06, 3.82609823646e-06, 3.05932780975e-06, 3.04497120851e-06, 2.96421126222e-06, 1.02780461475e-06, 7.05650620603e-07, 4.76018982454e-07, 7.42943655041e-07, 1.88439443605e-07, 1.2434217922e-07, 1.09456117059e-07, 9.61303427971e-08, 8.30483983805e-08],
        "mean": [9.2649985163e-05, 0.0003111223632, 0.000364291132428, 0.0010504683014, 0.000495974905789, 0.000311692943797, 0.0017954724608, 0.000348000176018, 0.000147834696691, 0.000108826658106, 0.000160209019668, 0.000152919557877, 8.65177353262e-05, 3.05958819808e-05, 5.29313620063e-05, 2.97191254504e-05, 6.24288441031e-06, 5.00702299178e-06, 2.90820980808e-06, 4.64870026917e-06, 5.91417028772e-06, 8.777243238e-06, 5.26359372088e-06, 3.71972964786e-06, 2.99320936392e-06, 1.57668876e-06, 7.2039438237e-07, 3.77835988274e-07, 1.86417906889e-07, 1.58848592946e-07, 1.11024014871e-07, 6.07553118925e-08, 3.56680622815e-08, 2.30641994392e-08, 1.54758836857e-08, 7.70234542813e-09, 3.73712261137e-09, 2.45789411046e-09, 1.81194170779e-09, 1.64308033845e-09],
        "median": [3.4062701161e-05, 0.000115778864711, 0.000165685574757, 0.000274370075203, 0.000161346339155, 0.000214788538869, 0.000999696087092, 0.00013982312521, 3.18044476444e-05, 1.45567028085e-05, 1.84492801054e-05, 2.23140959861e-05, 4.81927008877e-06, 2.35512447944e-06, 9.02301781025e-06, 3.11788767249e-06, 8.59114038576e-07, 4.57697069578e-07, 3.22683376908e-07, 3.11634778427e-07, 1.7425453791e-07, 2.53074318834e-07, 2.07900981763e-07, 1.45674022178e-07, 1.4582568042e-07, 9.56790771056e-08, 5.03028196874e-08, 3.2756027224e-08, 1.35077362629e-08, 6.81445078143e-09, 4.15863032899e-09, 1.58789903448e-09, 3.18831461232e-10, 9.84493736533e-11, 7.88019025033e-11, 6.31213623037e-11, 4.33990655913e-11, 4.20259452238e-11, 3.45798702173e-11, 3.75762615468e-11],
        "min": [2.47423372457e-07, 3.92786631664e-07, 3.29799803467e-07, 2.8630148563e-07, 2.59069508957e-07, 3.04625615399e-07, 1.57752353402e-07, 1.19988072811e-07, 2.22250264414e-07, 7.76660940005e-08, 1.36222354286e-07, 1.2473506672e-07, 2.66197215382e-08, 2.36465886871e-08, 9.94904425511e-08, 4.50049633116e-08, 5.82782089253e-09, 4.46542669508e-09, 2.71762279347e-09, 7.48092165992e-09, 3.64063534875e-09, 2.06747974296e-09, 6.39952701942e-10, 3.23318816164e-10, 1.12750198067e-09, 4.5774409263e-10, 3.04715641608e-10, 3.22807558462e-10, 1.26738827766e-10, 8.44251751841e-11, 1.0050905247e-10, 1.13923273592e-10, 2.96519232779e-11, 8.51399593188e-12, 8.0965798302e-12, 7.59762218416e-12, 4.2670502548e-12, 4.46902801224e-12, 3.99421424754e-12, 4.72260555315e-12],
        "var": [1.28291963719e-08, 1.44920022649e-07, 2.17778236333e-07, 2.03501053875e-06, 3.69358758689e-07, 8.1821958986e-08, 4.48478658654e-06, 1.72999293113e-07, 9.62240633839e-08, 4.29938999957e-08, 8.90682798627e-08, 8.4358319441e-08, 3.01905878075e-08, 3.74562691974e-09, 1.35805811041e-08, 4.68127758779e-09, 1.30801369735e-10, 9.58322379785e-11, 2.91680256337e-11, 7.96475316256e-11, 1.66684707703e-10, 3.55338314328e-10, 1.2175283004e-10, 7.38406974454e-11, 4.43719436194e-11, 1.37891599181e-11, 2.42470128177e-12, 6.19401014854e-13, 1.82989474268e-13, 1.75765760453e-13, 1.1626095052e-13, 3.25330515023e-14, 1.2709868287e-14, 5.71207933519e-15, 4.94562336166e-15, 7.76006058253e-16, 2.08570269498e-16, 1.14070919623e-16, 7.5108939297e-17, 6.01979433471e-17]
    },
    "mfcc": {
        "mean": [-790.427490234, 225.962844849, -6.62562704086, 16.12458992, -7.22162389755, -24.1883888245, -2.50088524818, -5.24139642715, -14.0926427841, -9.39296340942, -2.34670901299, 2.29040288925, -1.41464960575],
        "cov": [[6584.65673828, -735.247497559, -2898.80444336, -29.6780757904, -1123.17297363, -207.345901489, -190.788711548, 320.129425049, 187.639129639, -208.809921265, -77.205078125, 45.0218505859, 38.4040565491], [-735.247497559, 668.082275391, 441.407196045, 124.07510376, 225.495361328, -43.2890739441, 153.600906372, -88.2585220337, -68.9472427368, 24.3180866241, 36.4680633545, 88.5858917236, 39.9102478027], [-2898.80444336, 441.407196045, 2004.64831543, 479.480529785, 556.031494141, 122.367034912, 181.84324646, -73.6617889404, -124.256446838, 75.0405654907, 92.7545013428, 9.52093219757, -74.2990264893], [-29.6780757904, 124.07510376, 479.480529785, 602.662902832, 77.9617233276, -35.9427375793, 141.735992432, 48.5240325928, -9.1770658493, -46.3310966492, -21.1216201782, -34.1183738708, -147.606491089], [-1123.17297363, 225.495361328, 556.031494141, 77.9617233276, 276.045135498, 43.4652557373, 64.7833023071, -58.8737106323, -44.6534347534, 47.089176178, 9.00559139252, -16.5999526978, -28.7190227509], [-207.345901489, -43.2890739441, 122.367034912, -35.9427375793, 43.4652557373, 109.854385376, -4.88562726974, -2.40420627594, 4.80060386658, 18.7204208374, 28.6468391418, 10.595038414, 17.7238788605], [-190.788711548, 153.600906372, 181.84324646, 141.735992432, 64.7833023071, -4.88562726974, 112.616081238, 3.2428689003, 1.59585535526, 1.67578709126, -3.93112945557, 10.5790510178, -24.7577953339], [320.129425049, -88.2585220337, -73.6617889404, 48.5240325928, -58.8737106323, -2.40420627594, 3.2428689003, 66.0527191162, 20.1571044922, -21.7944660187, -6.94105625153, -7.22179937363, -6.1018075943], [187.639129639, -68.9472427368, -124.256446838, -9.1770658493, -44.6534347534, 4.80060386658, 1.59585535526, 20.1571044922, 44.7878990173, -3.94093585014, -9.9624710083, -4.2581782341, 2.30161499977], [-208.809921265, 24.3180866241, 75.0405654907, -46.3310966492, 47.089176178, 18.7204208374, 1.67578709126, -21.7944660187, -3.94093585014, 45.4870262146, 20.4694423676, 9.39873313904, 15.1765823364], [-77.205078125, 36.4680633545, 92.7545013428, -21.1216201782, 9.00559139252, 28.6468391418, -3.93112945557, -6.94105625153, -9.9624710083, 20.4694423676, 56.7019920349, 46.7997016907, 36.3821296692], [45.0218505859, 88.5858917236, 9.52093219757, -34.1183738708, -16.5999526978, 10.595038414, 10.5790510178, -7.22179937363, -4.2581782341, 9.39873313904, 46.7997016907, 89.008354187, 73.5267715454], [38.4040565491, 39.9102478027, -74.2990264893, -147.606491089, -28.7190227509, 17.7238788605, -24.7577953339, -6.1018075943, 2.30161499977, 15.1765823364, 36.3821296692, 73.5267715454, 112.081169128]],
