{
"lowlevel": {
    "average_loudness": 0.983967721462,
    "barkbands_crest": {
        "dmean": 3.42739391327,
        "dmean2": 5.45485973358,
        "dvar": 8.1216173172,
        "dvar2": 20.2617588043,
        "max": 23.6149158478,
        "mean": 12.1078882217,
        "median": 11.7903594971,
        "min": 4.70557498932,
        "var": 19.2385063171
    },
    "barkbands_flatness_db": {
        "dmean": 0.0387915037572,
        "dmean2": 0.0577297955751,
        "dvar": 0.00112466944847,
        "dvar2": 0.0020613130182,
        "max": 0.368383735418,
        "mean": 0.191518232226,
        "median": 0.179269000888,
        "min": 0.0938339754939,
        "var": 0.00363585795276
    },
    "barkbands_kurtosis": {
        "dmean": 10.4319086075,
        "dmean2": 16.178861618,
        "dvar": 223.069274902,
        "dvar2": 484.468902588,
        "max": 105.971260071,
        "mean": 12.545214653,
        "median": 4.92089223862,
        "min": -1.4371573925,
        "var": 364.721252441
    },
    "barkbands_skewness": {
        "dmean": 1.13558936119,
        "dmean2": 1.68225634098,
        "dvar": 0.968317091465,
        "dvar2": 1.88691687584,
        "max": 8.68352508545,
        "mean": 2.67102003098,
        "median": 2.24018716812,
        "min": 0.03410622105,
        "var": 3.0663356781
    },
    "barkbands_spread": {
        "dmean": 6.06556081772,
        "dmean2": 9.87181377411,
        "dvar": 24.4517765045,
        "dvar2": 58.3588218689,
        "max": 33.519115448,
        "mean": 13.310300827,
        "median": 13.1761856079,
        "min": 0.996147453785,
        "var": 61.5712852478
    },
    "dissonance": {
        "dmean": 0.0233191605657,
        "dmean2": 0.0399511568248,
        "dvar": 0.0005215977435,
        "dvar2": 0.000926394597627,
        "max": 0.496739447117,
        "mean": 0.462902694941,
        "median": 0.466579556465,
        "min": 0.21620734036,
        "var": 0.000705715152435
    },
    "dynamic_complexity": 2.24425959587,
    "erbbands_crest": {
        "dmean": 3.58914422989,
        "dmean2": 6.07351970673,
        "dvar": 8.32083797455,
        "dvar2": 25.3038902283,
        "max": 19.4684562683,
        "mean": 9.17488479614,
        "median": 8.47482013702,
        "min": 3.80383419991,
        "var": 11.3496284485
    },
    "erbbands_flatness_db": {
        "dmean": 0.0184177458286,
        "dmean2": 0.0303782131523,
        "dvar": 0.00018679376808,
        "dvar2": 0.000586893409491,
        "max": 0.219611465931,
        "mean": 0.165710270405,
        "median": 0.164828762412,
        "min": 0.102665804327,
        "var": 0.000338552228641
    },
    "erbbands_kurtosis": {
        "dmean": 0.831240475178,
        "dmean2": 1.50826013088,
        "dvar": 0.922684371471,
        "dvar2": 2.55820226669,
        "max": 5.86916923523,
        "mean": -0.447685301304,
        "median": -0.640539884567,
        "min": -1.62771332264,
        "var": 0.824701011181
    },
    "erbbands_skewness": {
        "dmean": 0.685718119144,
        "dmean2": 1.14118361473,
        "dvar": 0.216917559505,
        "dvar2": 0.63830858469,
        "max": 2.49979782104,
        "mean": 0.0546232350171,
        "median": 0.0307039991021,
        "min": -1.63348031044,
        "var": 0.427411705256
    },
    "erbbands_spread": {
        "dmean": 8.9995508194,
        "dmean2": 14.5040302277,
        "dvar": 39.9951667786,
        "dvar2": 110.978248596,
        "max": 67.5140533447,
        "mean": 39.3488082886,
        "median": 38.9236869812,
        "min": 17.0470809937,
        "var": 101.969650269
    },
    "hfc": {
        "dmean": 6.46098661423,
        "dmean2": 10.5659732819,
        "dvar": 35.9654960632,
        "dvar2": 95.4315643311,
        "max": 49.6458587646,
        "mean": 17.4654159546,
        "median": 16.9460372925,
        "min": 0.073421664536,
        "var": 103.947036743
    },
    "melbands_crest": {
        "dmean": 4.48098564148,
        "dmean2": 7.05436229706,
        "dvar": 12.6561794281,
        "dvar2": 26.4515476227,
        "max": 30.2554454803,
        "mean": 17.9816112518,
        "median": 18.0187129974,
        "min": 5.29195022583,
        "var": 34.4169464111
    },
    "melbands_flatness_db": {
        "dmean": 0.0463780611753,
        "dmean2": 0.0692826062441,
        "dvar": 0.0014960297849,
        "dvar2": 0.00275672948919,
        "max": 0.499678075314,
        "mean": 0.294417262077,
        "median": 0.282927453518,
        "min": 0.165973454714,
        "var": 0.00513388821855
    },
    "melbands_kurtosis": {
        "dmean": 21.9901046753,
        "dmean2": 31.8093795776,
        "dvar": 766.883666992,
        "dvar2": 1578.90942383,
        "max": 234.244125366,
        "mean": 31.1334590912,
        "median": 15.8738918304,
        "min": -0.438542604446,
        "var": 1540.07312012
    },
    "melbands_skewness": {
        "dmean": 1.41836690903,
        "dmean2": 2.06802153587,
        "dvar": 1.37895333767,
        "dvar2": 2.61806249619,
        "max": 11.4453477859,
        "mean": 4.07400846481,
        "median": 3.58981585503,
        "min": 0.584145486355,
        "var": 4.80634069443
    },
    "melbands_spread": {
        "dmean": 6.80691051483,
        "dmean2": 11.2883815765,
        "dvar": 39.0336265564,
        "dvar2": 91.353477478,
        "max": 40.4517326355,
        "mean": 12.3377246857,
        "median": 10.324889183,
        "min": 0.720054924488,
        "var": 87.2516708374
    },
    "pitch_salience": {
        "dmean": 0.120891146362,
        "dmean2": 0.183127835393,
        "dvar": 0.0090858489275,
        "dvar2": 0.0210064202547,
        "max": 0.741787075996,
        "mean": 0.457369476557,
        "median": 0.48570227623,
        "min": 0.108733385801,
        "var": 0.0256540272385
    },
    "silence_rate_20dB": {
        "dmean": 0,
        "dmean2": 0,
        "dvar": 0,
        "dvar2": 0,
        "max": 1,
        "mean": 1,
        "median": 1,
        "min": 1,
        "var": 0
    },
    "silence_rate_30dB": {
        "dmean": 0.15000000596,
        "dmean2": 0.301255226135,
        "dvar": 0.12749966979,
        "dvar2": 0.243973463774,
        "max": 1,
        "mean": 0.80082988739,
        "median": 1,
        "min": 0,
        "var": 0.159501507878
    },
    "silence_rate_60dB": {
        "dmean": 0,
        "dmean2": 0,
        "dvar": 0,
        "dvar2": 0,
        "max": 0,
        "mean": 0,
        "median": 0,
        "min": 0,
        "var": 0
    },
    "spectral_centroid": {
        "dmean": 259.27520752,
        "dmean2": 407.386779785,
        "dvar": 39881.8007812,
        "dvar2": 91023.0078125,
        "max": 1582.85144043,
        "mean": 791.784240723,
        "median": 790.468505859,
        "min": 183.480148315,
        "var": 109789.25
    },
    "spectral_complexity": {
        "dmean": 2.57500004768,
        "dmean2": 4.23849391937,
        "dvar": 3.72771143913,
        "dvar2": 10.0142431259,
        "max": 28,
        "mean": 16.4232368469,
        "median": 17,
        "min": 0,
        "var": 23.0407752991
    },
    "spectral_decrease": {
        "dmean": 9.31300903062e-09,
        "dmean2": 1.41426390599e-08,
        "dvar": 9.70580180324e-17,
        "dvar2": 2.03098608712e-16,
        "max": -1.08093520246e-10,
        "mean": -1.68150222635e-08,
        "median": -1.31798918446e-08,
        "min": -6.03937380106e-08,
        "var": 1.93284937925e-16
    },
    "spectral_energy": {
        "dmean": 0.0355484895408,
        "dmean2": 0.0540158078074,
        "dvar": 0.00140346412081,
        "dvar2": 0.00293701398186,
        "max": 0.230102404952,
        "mean": 0.0650478005409,
        "median": 0.0520950853825,
        "min": 0.000414628651924,
        "var": 0.00280535477214
    },
    "spectral_energyband_high": {
        "dmean": 4.99250418216e-05,
        "dmean2": 8.59612264321e-05,
        "dvar": 1.98163796483e-09,
        "dvar2": 6.18468254387e-09,
        "max": 0.000404355174396,
        "mean": 0.000144079487654,
        "median": 0.00012147812231,
        "min": 2.53341886491e-06,
        "var": 6.54298570879e-09
    },
    "spectral_energyband_low": {
        "dmean": 0.0334372073412,
        "dmean2": 0.0511815026402,
        "dvar": 0.00133746408392,
        "dvar2": 0.00263752252795,
        "max": 0.22575840354,
        "mean": 0.046423304826,
        "median": 0.0278943926096,
        "min": 0.000287343049422,
        "var": 0.0026209873613
    },
    "spectral_energyband_middle_high": {
        "dmean": 0.00265345722437,
        "dmean2": 0.00450932374224,
        "dvar": 8.72036889632e-06,
        "dvar2": 2.5954170269e-05,
        "max": 0.0191320814192,
        "mean": 0.00391361583024,
        "median": 0.00264004361816,
        "min": 1.44561654452e-05,
        "var": 1.3562021195e-05
    },
    "spectral_energyband_middle_low": {
        "dmean": 0.0068728630431,
        "dmean2": 0.0111625390127,
        "dvar": 0.000111621695396,
        "dvar2": 0.00026973336935,
        "max": 0.0941787138581,
        "mean": 0.0153968129307,
        "median": 0.01160125155,
        "min": 3.75051677111e-05,
        "var": 0.000190288570593
    },
    "spectral_entropy": {
        "dmean": 0.20719024539,
        "dmean2": 0.322795152664,
        "dvar": 0.0348180010915,
        "dvar2": 0.0649527236819,
        "max": 8.60196781158,
        "mean": 7.21704959869,
        "median": 7.26436567307,
        "min": 6.09438514709,
        "var": 0.0925273671746
    },
    "spectral_flux": {
        "dmean": 0.0548498257995,
        "dmean2": 0.0918542519212,
        "dvar": 0.00289830029942,
        "dvar2": 0.00774889113382,
        "max": 0.350931018591,
        "mean": 0.139098420739,
        "median": 0.125170066953,
        "min": 0.0266132820398,
        "var": 0.00395955843851
    },
    "spectral_kurtosis": {
        "dmean": 2.29158854485,
        "dmean2": 3.98227310181,
        "dvar": 2.91492176056,
        "dvar2": 9.19238185883,
        "max": 13.2268829346,
        "mean": 6.41973686218,
        "median": 6.07098674774,
        "min": 2.49491119385,
        "var": 4.39358377457
    },
    "spectral_rms": {
        "dmean": 0.00211805384606,
        "dmean2": 0.00312860426493,
        "dvar": 3.64851507584e-06,
        "dvar2": 7.29358134777e-06,
        "max": 0.0149829955772,
        "mean": 0.00733824679628,
        "median": 0.0071291285567,
        "min": 0.000636015553027,
        "var": 9.61132991506e-06
    },
    "spectral_rolloff": {
        "dmean": 415.859863281,
        "dmean2": 755.554138184,
        "dvar": 216946.921875,
        "dvar2": 479504.1875,
        "max": 2110.25390625,
        "mean": 651.089294434,
        "median": 430.6640625,
        "min": 86.1328125,
        "var": 334998.375
    },
    "spectral_skewness": {
        "dmean": 0.250466346741,
        "dmean2": 0.423212528229,
        "dvar": 0.0334832593799,
        "dvar2": 0.10148742795,
        "max": 2.76734185219,
        "mean": 1.8799456358,
        "median": 1.84442651272,
        "min": 1.28385078907,
        "var": 0.0650820359588
    },
    "spectral_spread": {
        "dmean": 587169.1875,
        "dmean2": 919536.625,
        "dvar": 830057349120,
        "dvar2": 788154941440,
        "max": 20970724,
        "mean": 3485504.25,
        "median": 3364242.75,
        "min": 2510428.75,
        "var": 1.53433525453e+12
    },
    "spectral_strongpeak": {
        "dmean": 0.385932028294,
        "dmean2": 0.625901043415,
        "dvar": 0.147411122918,
        "dvar2": 0.378366231918,
        "max": 2.61332654953,
        "mean": 0.671676456928,
        "median": 0.517488837242,
        "min": 0,
        "var": 0.248505711555
    },
    "zerocrossingrate": {
        "dmean": 0.00654296856374,
        "dmean2": 0.00801475904882,
        "dvar": 2.83694316749e-05,
        "dvar2": 3.82227917726e-05,
        "max": 0.06201171875,
        "mean": 0.0270864404738,
        "median": 0.02685546875,
        "min": 0.00146484375,
        "var": 0.000153013315867
    },
    "barkbands": {
        "dmean": [7.61671835789e-05, 0.0219874661416, 0.0145859895274, 0.00180948025081, 0.0053119584918, 0.00130782998167, 0.00126419344451, 0.000209599253139, 0.000862020126078, 9.16754288482e-05, 1.72364707396e-05, 6.30172944511e-05, 0.000173747335793, 0.00136251864024, 0.000409814732848, 0.000119795353385, 0.000612435862422, 4.96484390169e-05, 4.17486044171e-05, 9.65674098552e-06, 2.64973768935e-05, 2.06244349101e-05, 9.69345455815e-06, 1.55885084041e-06, 1.53031658101e-06, 1.00689464944e-06, 2.08658931911e-07],
        "dmean2": [0.000123049321701, 0.0364612750709, 0.0218669883907, 0.0029973553028, 0.00903226435184, 0.00227795657702, 0.00215827068314, 0.000359204772394, 0.00145932100713, 0.000152263790369, 2.93767461699e-05, 0.000106755425804, 0.00029273389373, 0.00232776254416, 0.000712542561814, 0.00020507586305, 0.00106035126373, 8.12586731627e-05, 7.1641174145e-05, 1.61257703439e-05, 4.77140856674e-05, 3.47596251231e-05, 1.80946080945e-05, 2.54241945186e-06, 2.7842468171e-06, 1.81191012416e-06, 3.31028331857e-07],
        "dvar": [1.0251140381e-08, 0.00069112359779, 0.000298366008792, 6.35326568954e-06, 9.40709505812e-05, 2.47679759013e-06, 2.12410509448e-06, 6.5605064492e-08, 1.2022677538e-06, 1.69124181326e-08, 3.431225859e-10, 5.20348786281e-09, 5.09029334239e-08, 2.79953019344e-06, 2.10750656038e-07, 2.37236594813e-08, 7.07961589796e-07, 2.72233724452e-09, 2.50408804803e-09, 1.32534427877e-10, 6.67992772208e-10, 3.07897762841e-10, 6.91471810366e-11, 2.71191836348e-12, 2.09201688091e-12, 8.90432584437e-13, 4.29509163966e-14],
        "dvar2": [1.84718977891e-08, 0.00140770443249, 0.000611333001871, 1.47142154674e-05, 0.000238043052377, 6.94224081599e-06, 5.9343101384e-06, 1.78809855811e-07, 3.58829151992e-06, 4.33912390463e-08, 1.09463194065e-09, 1.54240300532e-08, 1.25861774336e-07, 8.19859906187e-06, 6.05628827088e-07, 7.31937674914e-08, 2.08988808481e-06, 7.63780771962e-09, 7.2951111818e-09, 3.8345149278e-10, 1.96759097904e-09, 8.58870030651e-10, 2.35625852163e-10, 7.06061381237e-12, 7.0231299075e-12, 2.80715208023e-12, 8.69950609488e-14],
        "max": [0.0011793486774, 0.159496590495, 0.110165722668, 0.0206665843725, 0.0698179006577, 0.0126103116199, 0.01147504244, 0.00203037844039, 0.0110372696072, 0.00127847446129, 0.00014008837752, 0.000462436961243, 0.00165513204411, 0.0122865904123, 0.00383713049814, 0.00110392854549, 0.00597011344507, 0.000409059604863, 0.000367908505723, 0.000136735630804, 0.00019640813116, 0.000152854030603, 5.14498897246e-05, 1.6786132619e-05, 1.33740250021e-05, 7.83852738095e-06, 3.80223991669e-06],
        "mean": [0.00011168083438, 0.0276451315731, 0.0178575757891, 0.00217067846097, 0.00651215622202, 0.00246368162334, 0.00198618276045, 0.000358536810381, 0.00179078686051, 0.000168996368302, 3.84120794479e-05, 8.55494436109e-05, 0.000238614054979, 0.00168118788861, 0.000558927771635, 0.000205051575904, 0.000866844435222, 9.62081394391e-05, 6.04759043199e-05, 2.29990164371e-05, 5.67678252992e-05, 4.35667752754e-05, 1.46927523019e-05, 4.53311804449e-06, 4.11793689636e-06, 2.70000487035e-06, 1.2242998082e-06],
        "median": [6.89332009642e-05, 0.015513506718, 0.00763092841953, 0.00110113876872, 0.00233343662694, 0.00180023605935, 0.00136737176217, 0.000266359391389, 0.00108372012619, 9.41624093684e-05, 2.82397286355e-05, 5.21680703969e-05, 0.000135556838359, 0.00100641080644, 0.000341049162671, 0.000130773056298, 0.00049039820442, 6.84729602654e-05, 4.56062589365e-05, 1.73202988663e-05, 4.69406040793e-05, 3.5049230064e-05, 1.16868923214e-05, 3.53170094058e-06, 3.52608253706e-06, 2.41513635046e-06, 1.06465734007e-06],
        "min": [3.73299872081e-06, 6.92687972332e-05, 2.78820662061e-05, 6.03057333137e-06, 7.17077682566e-06, 3.04911145577e-06, 1.00753286461e-05, 4.50283459941e-06, 5.5360501392e-06, 2.57910983237e-06, 6.82922632222e-07, 4.41533927642e-07, 6.21686808699e-07, 3.78457002626e-06, 8.86446343884e-07, 1.47575951814e-06, 2.39671999225e-06, 1.53124699409e-06, 4.98927477111e-07, 4.90568595524e-07, 1.1780564364e-06, 3.71324432535e-07, 3.52145690385e-07, 1.02414922765e-07, 1.22014213844e-07, 7.45489572296e-08, 2.31415295815e-08],
        "var": [1.54048045431e-08, 0.00107126275543, 0.000540427688975, 9.0859575721e-06, 0.000113881476864, 4.39025279775e-06, 3.32750869347e-06, 9.06425157154e-08, 3.96352061216e-06, 3.90779071324e-08, 8.54444681675e-10, 7.65298757699e-09, 8.94173837196e-08, 3.43381248058e-06, 3.35509128035e-07, 4.31399378442e-08, 1.04579601157e-06, 7.03390590218e-09, 3.36007266455e-09, 3.15774628667e-10, 1.23944687846e-09, 7.72574781926e-10, 1.00625299759e-10, 7.78332086282e-12, 6.26089805e-12, 2.15865736744e-12, 4.00651625591e-13]
    },
    "erbbands": {
        "dmean": [0.243049278855, 6.1791176796, 19.4095554352, 6.61843347549, 15.937040329, 19.865442276, 7.92606639862, 11.7211818695, 17.6217689514, 11.1838531494, 4.28668832779, 16.3298110962, 14.2984933853, 1.08391022682, 0.752838075161, 3.86704587936, 8.48919010162, 24.0045089722, 78.3548049927, 6.59289741516, 18.2380847931, 26.3310642242, 3.39958953857, 4.61665058136, 0.432832926512, 0.510434031487, 0.579602241516, 1.42027807236, 0.738213956356, 0.497929096222, 0.269300729036, 0.0569035932422, 0.0142825413495, 0.0107103548944, 0.0159985963255, 0.00626427633688, 0.00147422053851, 0.000320167164318, 3.17368576361e-05, 3.79313314625e-05],
        "dmean2": [0.396686136723, 10.2313318253, 29.6376018524, 10.0221719742, 26.6528739929, 33.6432189941, 13.8103885651, 19.3458557129, 30.3593959808, 18.473608017, 7.44909954071, 28.6199550629, 24.1899833679, 1.80852842331, 1.321813941, 6.50972890854, 14.2539215088, 40.9941139221, 136.555282593, 11.1787557602, 31.8946361542, 45.016040802, 5.63893222809, 7.93616390228, 0.714663684368, 0.848119318485, 1.05927872658, 2.45677185059, 1.24709916115, 0.848602056503, 0.497561275959, 0.0958960205317, 0.0238170642406, 0.0189565923065, 0.0295104123652, 0.011040687561, 0.00259807612747, 0.000548544339836, 4.68938851554e-05, 5.75414233026e-05],
        "dvar": [0.0689513012767, 54.6103668213, 512.9453125, 52.8346328735, 755.45703125, 1370.12084961, 182.191070557, 172.325942993, 434.926574707, 176.30909729, 37.4248580933, 468.848999023, 457.519592285, 1.51441454887, 0.756014049053, 19.8893566132, 116.357292175, 778.556274414, 9084.74902344, 41.3738021851, 558.293518066, 1252.29528809, 13.9613180161, 30.4575443268, 0.245401635766, 0.404156714678, 0.327505886555, 1.91861712933, 0.450225830078, 0.185117095709, 0.0580919869244, 0.00380453490652, 0.000184236763744, 0.000125460399431, 0.00021378317615, 3.49896326952e-05, 1.68555300206e-06, 8.41628278181e-08, 9.68963242975e-10, 1.58981250387e-09],
        "dvar2": [0.171656236053, 108.099052429, 1000.35516357, 102.20375061, 2000.85583496, 3445.13232422, 530.295227051, 496.383544922, 1269.03076172, 435.967315674, 99.5319747925, 1364.68554688, 1360.15942383, 4.22481489182, 2.32524442673, 53.7130966187, 293.636077881, 2221.21166992, 26284.3203125, 125.041862488, 1658.04858398, 3683.91674805, 41.7230033875, 85.8311538696, 0.714629411697, 1.16980230808, 1.11929392815, 5.60033845901, 1.28128266335, 0.606819868088, 0.193257063627, 0.0106228478253, 0.000463138072519, 0.000385714898584, 0.000705107522663, 0.000112719862955, 5.34655873707e-06, 2.48849261197e-07, 1.94594051983e-09, 3.33609073699e-09],
        "max": [1.65913236141, 44.3321800232, 139.584365845, 56.5362930298, 241.151489258, 272.105438232, 150.836303711, 103.273208618, 163.250823975, 134.469390869, 48.8111381531, 206.206497192, 214.054840088, 14.1454954147, 6.8354177475, 30.1912269592, 79.0536346436, 175.977249146, 661.040527344, 45.1586914062, 167.724777222, 256.555084229, 31.9492664337, 40.7914390564, 4.5233373642, 7.44943332672, 5.10178852081, 11.0905723572, 6.45843648911, 3.07381987572, 1.49966442585, 0.566357970238, 0.138861551881, 0.0972317159176, 0.13194860518, 0.0546134710312, 0.0104089593515, 0.00245033949614, 0.000563311506994, 0.000269231677521],
        "mean": [0.304597318172, 7.83784294128, 24.4774417877, 9.72617721558, 17.2337055206, 23.7778778076, 13.2985477448, 24.0011100769, 25.7990112305, 19.7780284882, 9.32745838165, 33.8751983643, 28.9266262054, 2.97062397003, 1.76874983311, 5.4618639946, 11.4308738708, 34.1252365112, 98.3300170898, 10.8645677567, 26.5341243744, 38.407245636, 6.57702112198, 6.95721626282, 1.02634894848, 1.16889262199, 1.3201533556, 2.88676571846, 1.76403784752, 0.866464436054, 0.439189642668, 0.15462833643, 0.0517438910902, 0.0307743027806, 0.037508238107, 0.0190326943994, 0.00291007827036, 0.000624435371719, 0.000167363119544, 9.47906155488e-05],
        "median": [0.202835455537, 4.3074426651, 11.0946569443, 5.68496990204, 6.74548387527, 7.9770154953, 8.25630378723, 17.4145584106, 17.1244945526, 14.085600853, 6.89554738998, 19.7885627747, 15.7530355453, 2.06717038155, 1.19651913643, 3.2719373703, 6.44878196716, 21.1329441071, 62.708404541, 8.44340229034, 15.2122869492, 22.2095031738, 4.67391204834, 4.93525934219, 0.724094808102, 0.856023132801, 1.09263932705, 2.42973303795, 1.43575084209, 0.706884682178, 0.357120960951, 0.121175862849, 0.0453819297254, 0.026304801926, 0.0300985053182, 0.0165774188936, 0.0023288000375, 0.000490351987537, 0.000154483088409, 8.40124412207e-05],
        "min": [0.00227763084695, 0.0200581029058, 0.0411481820047, 0.0230365805328, 0.0241940971464, 0.0221386682242, 0.0200808644295, 0.0309720039368, 0.0994438156486, 0.167850598693, 0.08667306602, 0.126930594444, 0.112490870059, 0.0552730672061, 0.0197752378881, 0.0187553428113, 0.0328226312995, 0.111363239586, 0.154272899032, 0.0338593162596, 0.132961437106, 0.110954277217, 0.0847376361489, 0.0514807663858, 0.0114372940734, 0.0219197385013, 0.0220049005002, 0.0632376149297, 0.0188635699451, 0.0111313574016, 0.00929402466863, 0.00274572591297, 0.00185274903197, 0.00141478818841, 0.000838380190544, 0.000461104529677, 6.8663728598e-05, 1.31486112878e-05, 2.17658316615e-06, 9.58472696766e-07],
        "var": [0.0937939882278, 87.7334289551, 968.559082031, 112.465553284, 699.276306152, 1893.38452148, 234.22668457, 409.942871094, 574.055053711, 350.771209717, 58.9572906494, 1249.57641602, 1304.55126953, 5.81355524063, 1.91317224503, 31.8884735107, 193.47076416, 1132.44763184, 11042.3769531, 87.4368057251, 905.663635254, 1918.98034668, 33.6587638855, 46.5266799927, 0.660810351372, 0.85208016634, 0.75014424324, 3.33883213997, 1.26601028442, 0.328067421913, 0.0849905535579, 0.00919713545591, 0.000800081295893, 0.000296424666885, 0.000605098437518, 9.91322522168e-05, 3.8837511056e-06, 1.93285316641e-07, 6.00044103294e-09, 3.4132905391e-09]
    },
    "gfcc": {
        "mean": [-1.55127227306, 132.048187256, -102.095535278, 39.2669487, -31.937795639, 6.04260253906, -37.590511322, -1.20384740829, 4.69797372818, 9.34799194336, -24.8645420074, -2.42731118202, -11.9277048111],
        "cov": [[1302.59326172, 105.697875977, -211.380218506, -98.8631362915, 29.0506019592, -77.0299606323, -105.85900116, -18.6140956879, -53.037361145, -70.9223403931, -31.8286056519, 17.4272079468, 0.292730718851], [105.697875977, 151.00579834, 128.213867188, 56.9588279724, 72.9116363525, -3.89428806305, 6.32335186005, -25.1067276001, -3.66643548012, -37.5139274597, 0.366427868605, -30.8209400177, -10.8619604111], [-211.380218506, 128.213867188, 314.866394043, 151.413986206, 55.8793182373, 24.3297977448, 59.2730102539, -27.0282802582, 30.7577877045, -17.8140830994, 8.01653957367, -26.2376823425, -14.7549772263], [-98.8631362915, 56.9588279724, 151.413986206, 109.117050171, 51.6671066284, 25.9942684174, 30.9220962524, -20.0792732239, 10.5144109726, -11.6550502777, 10.5806922913, -11.6857671738, -12.6266031265], [29.0506019592, 72.9116363525, 55.8793182373, 51.6671066284, 143.455230713, 39.780872345, 8.9001493454, -4.91543006897, 5.74497127533, -9.55073451996, 18.4639530182, -11.4483470917, -14.1900844574], [-77.0299606323, -3.89428806305, 24.3297977448, 25.9942684174, 39.780872345, 51.982334137, 38.8048820496, 17.4030895233, 21.9985466003, 19.2724475861, 10.0320148468, -4.52347278595, -1.0438798666], [-105.85900116, 6.32335186005, 59.2730102539, 30.9220962524, 8.9001493454, 38.8048820496, 83.7586212158, 41.4398422241, 34.4603347778, 24.4314537048, 9.73872566223, -3.20079731941, 4.40341472626], [-18.6140956879, -25.1067276001, -27.0282802582, -20.0792732239, -4.91543006897, 17.4030895233, 41.4398422241, 58.3611907959, 35.8591918945, 30.6733779907, 14.564620018, 11.0897874832, 9.46713542938], [-53.037361145, -3.66643548012, 30.7577877045, 10.5144109726, 5.74497127533, 21.9985466003, 34.4603347778, 35.8591918945, 60.5330085754, 36.4241485596, 18.9260444641, 6.38391828537, 10.9538221359], [-70.9223403931, -37.5139274597, -17.8140830994, -11.6550502777, -9.55073451996, 19.2724475861, 24.4314537048, 30.6733779907, 36.4241485596, 49.3885650635, 22.2341709137, 13.7805013657, 7.46971321106], [-31.8286056519, 0.366427868605, 8.01653957367, 10.5806922913, 18.4639530182, 10.0320148468, 9.73872566223, 14.564620018, 18.9260444641, 22.2341709137, 43.8880844116, 16.9413852692, -0.023736493662], [17.4272079468, -30.8209400177, -26.2376823425, -11.6857671738, -11.4483470917, -4.52347278595, -3.20079731941, 11.0897874832, 6.38391828537, 13.7805013657, 16.9413852692, 34.8592147827, 10.5442762375], [0.292730718851, -10.8619604111, -14.7549772263, -12.6266031265, -14.1900844574, -1.0438798666, 4.40341472626, 9.46713542938, 10.9538221359, 7.46971321106, -0.023736493662, 10.5442762375, 26.333524704]],
        "icov": [[0.00163189356681, -0.00419174227864, 0.00308751687407, -0.00150625663809, 0.000728373473976, -2.97812712233e-05, 0.000776255095843, -0.000510212325025, -0.00150720297825, 0.000862221524585, 0.00248026824556, -0.00401826342568, 0.00169910409022], [-0.00419174227864, 0.0352651923895, -0.0168049875647, 0.012432327494, -0.0143061066046, 0.0144438343123, -0.00851596146822, 0.00574884889647, -0.000640530604869, 0.0120551688597, -0.0163188688457, 0.0256966780871, -0.0100984824821], [0.00308751687407, -0.0168049875647, 0.0227609295398, -0.0205072574317, 0.00531417643651, 0.00337551045232, -0.00584037229419, 0.00663126260042, -0.0113657284528, 0.000211908991332, 0.00809972826391, -0.0104875834659, 0.00641856109723], [-0.00150625663809, 0.012432327494, -0.0205072574317, 0.044812168926, -0.00783567223698, -0.00687264138833, -0.0102028762922, 0.0168966408819, -0.00400435552001, 0.0138403596357, -0.0128185553476, 0.00208746036515, 0.00317040085793], [0.000728373473976, -0.0143061066046, 0.00531417643651, -0.00783567223698, 0.0200354848057, -0.0210566483438, 0.0107066128403, -0.00680309161544, 0.000796369684394, 0.00216059619561, -0.000924541905988, -0.00693834852427, 0.00576175795868], [-2.97812712233e-05, 0.0144438343123, 0.00337551045232, -0.00687264138833, -0.0210566483438, 0.0620936639607, -0.0267068371177, 0.0112890293822, -0.0062317433767, -0.0104627683759, 7.82657443779e-05, 0.0146380830556, -0.00422492157668], [0.000776255095843, -0.00851596146822, -0.00584037229419, -0.0102028762922, 0.0107066128403, -0.0267068371177, 0.0492591410875, -0.04038503021, 0.0136577030644, -0.00941242650151, 0.0067901792936, 0.000826180214062, -0.00402925908566], [-0.000510212325025, 0.00574884889647, 0.00663126260042, 0.0168966408819, -0.00680309161544, 0.0112890293822, -0.04038503021, 0.0702262148261, -0.0312411077321, 0.0081924861297, -0.00808333419263, -0.00610521249473, 0.00559061206877], [-0.00150720297825, -0.000640530604869, -0.0113657284528, -0.00400435552001, 0.000796369684394, -0.0062317433767, 0.0136577030644, -0.0312411077321, 0.0579420030117, -0.034973282367, -0.00066886638524, 0.00976857542992, -0.0174995362759], [0.000862221524585, 0.0120551688597, 0.000211908991332, 0.0138403596357, 0.00216059619561, -0.0104627683759, -0.00941242650151, 0.0081924861297, -0.034973282367, 0.0743141621351, -0.0237233173102, -0.0021726556588, 0.00541249336675], [0.00248026824556, -0.0163188688457, 0.00809972826391, -0.0128185553476, -0.000924541905988, 7.82657443779e-05, 0.0067901792936, -0.00808333419263, -0.00066886638524, -0.0237233173102, 0.0519113540649, -0.0303614996374, 0.0121202617884], [-0.00401826342568, 0.0256966780871, -0.0104875834659, 0.00208746036515, -0.00693834852427, 0.0146380830556, 0.000826180214062, -0.00610521249473, 0.00976857542992, -0.0021726556588, -0.0303614996374, 0.0697764456272, -0.0267470963299], [0.00169910409022, -0.0100984824821, 0.00641856109723, 0.00317040085793, 0.00576175795868, -0.00422492157668, -0.00402925908566, 0.00559061206877, -0.0174995362759, 0.00541249336675, 0.0121202617884, -0.0267470963299, 0.0569725818932]]
    },
    "melbands": {
        "dmean": [0.00417814636603, 0.009522235021, 0.0013553154422, 0.00139845034573, 0.000374885101337, 0.000255619524978, 0.000267866736976, 0.000102738929854, 3.29020513163e-05, 0.000126225524582, 7.26377838873e-05, 3.76451930606e-06, 2.49543313657e-06, 3.55800716534e-06, 2.46286854235e-05, 9.05720571609e-06, 4.90916572744e-05, 0.00016542377125, 1.46455395225e-05, 5.4430443015e-06, 2.90561365546e-05, 3.64620391338e-05, 6.5123240347e-06, 1.71835858964e-06, 4.26470069215e-06, 3.08233097712e-07, 1.92567242152e-07, 4.17796286456e-07, 3.19134045412e-07, 6.45769091534e-07, 8.288473623e-07, 4.26265273745e-07, 4.49292144822e-07, 2.08832716453e-07, 1.79768676389e-07, 6.7824025507e-08, 3.83708567142e-08, 1.10566311662e-08, 9.67469304669e-09, 9.18845444176e-09],
        "dmean2": [0.00690686143935, 0.0145872924477, 0.00204299413599, 0.00237534823827, 0.000642768689431, 0.000428531464422, 0.000457428890513, 0.000170069804881, 5.57593739359e-05, 0.000217953405809, 0.000122559024021, 6.32578075965e-06, 4.28816974818e-06, 6.07346964898e-06, 4.12581212004e-05, 1.52413122123e-05, 8.42452209326e-05, 0.000288440496661, 2.52344780165e-05, 9.27982637222e-06, 5.10902609676e-05, 6.27556582913e-05, 1.09062020783e-05, 2.82669225271e-06, 7.34441164241e-06, 5.04502622789e-07, 3.30367356582e-07, 7.06871162492e-07, 5.79086417929e-07, 1.14766726256e-06, 1.42825831517e-06, 7.28617123968e-07, 7.62762567774e-07, 3.74362969069e-07, 3.343157573e-07, 1.2093924795e-07, 6.39726351892e-08, 1.76586230083e-08, 1.70664904431e-08, 1.60866857613e-08],
        "dvar": [2.31494468608e-05, 0.000117263429274, 2.55000509242e-06, 6.7553869485e-06, 4.4996414772e-07, 8.48082351013e-08, 9.39690778523e-08, 1.43318610313e-08, 2.11373762937e-09, 2.63326640493e-08, 1.15878489026e-08, 1.65665727664e-11, 7.0085786133e-12, 1.90590893762e-11, 9.40784006254e-10, 1.49049300679e-10, 3.42794925778e-09, 4.21012131824e-08, 2.46445419627e-10, 4.76208066036e-11, 1.44234457711e-09, 2.55557197626e-09, 5.61857886605e-11, 3.59127354591e-12, 2.64678209905e-11, 1.25896214569e-13, 4.15998649644e-14, 2.92820157228e-13, 1.22708240053e-13, 3.90474165588e-13, 6.326043747e-13, 1.68828655483e-13, 1.60216715654e-13, 3.69262929153e-14, 2.6669877583e-14, 3.96564562872e-15, 1.80107008443e-15, 1.01103255483e-16, 1.01664381723e-16, 8.51172953133e-17],
        "dvar2": [5.05151147081e-05, 0.000228301651077, 5.24202732777e-06, 1.7438440409e-05, 1.27788450754e-06, 2.4459077963e-07, 2.72466337492e-07, 3.58079716989e-08, 5.61951374323e-09, 7.77184467893e-08, 3.45632820142e-08, 3.98272699542e-11, 2.25320630209e-11, 5.5320945741e-11, 2.41091879793e-09, 3.72007702421e-10, 9.60871204825e-09, 1.22028339433e-07, 7.40257577458e-10, 1.47821060947e-10, 4.24151913592e-09, 7.52366435819e-09, 1.69445249498e-10, 1.05594656283e-11, 7.44276584808e-11, 3.57741261744e-13, 1.23120535035e-13, 8.221124519e-13, 4.07002421132e-13, 1.16929057582e-12, 1.84308666419e-12, 4.52689291218e-13, 4.53984994129e-13, 1.22983058199e-13, 8.76772274032e-14, 1.27854431076e-14, 4.86162013967e-15, 2.70006707363e-16, 3.22514385642e-16, 2.55954589587e-16],
        "max": [0.0286328885704, 0.0674283355474, 0.0140696195886, 0.0187078714371, 0.007468521595, 0.00229376764037, 0.0024532021489, 0.00120286596939, 0.000364263134543, 0.00159546302166, 0.0010893229628, 3.86638530472e-05, 2.11346177821e-05, 2.89837171294e-05, 0.000218076893361, 8.96481142263e-05, 0.000375321571482, 0.00145316671114, 0.000129637657665, 4.77698849863e-05, 0.000253633974353, 0.000371306348825, 5.99129161856e-05, 1.45320536831e-05, 3.80559104087e-05, 3.4465126646e-06, 1.79515086529e-06, 6.05235936746e-06, 3.01512545775e-06, 4.51415235148e-06, 6.29178066447e-06, 4.35143147115e-06, 3.37791038874e-06, 1.15169291348e-06, 1.05876006273e-06, 4.393438644e-07, 3.89239858123e-07, 1.11112143486e-07, 8.3005943452e-08, 7.55975904099e-08],
        "mean": [0.0052475631237, 0.0125203700736, 0.00203268742189, 0.00164326082449, 0.00057011510944, 0.000514692510478, 0.000402756850235, 0.000181925584911, 6.89799926477e-05, 0.000257597275777, 0.000143608878716, 8.67889320944e-06, 5.55303449801e-06, 6.00845351073e-06, 3.25900728058e-05, 1.28910160129e-05, 6.92407775205e-05, 0.000203007948585, 2.05244195968e-05, 9.53422022576e-06, 4.01979523303e-05, 5.17096232215e-05, 1.07471178126e-05, 3.24363986692e-06, 6.25017582934e-06, 6.32287708413e-07, 4.4779358177e-07, 8.76349929513e-07, 6.91696470767e-07, 1.31757064992e-06, 1.65952542375e-06, 1.05749393242e-06, 7.12517248758e-07, 3.50942883642e-07, 2.75281678341e-07, 1.28667835497e-07, 8.4909885345e-08, 3.65242414091e-08, 2.52681715551e-08, 2.3991201914e-08],
        "median": [0.00322067597881, 0.00642379466444, 0.00126256840304, 0.000586401438341, 0.000321072497172, 0.000389684777474, 0.000276772741927, 0.000131301319925, 5.12989536219e-05, 0.000144041288877, 7.81270791776e-05, 6.21583012617e-06, 3.89041861126e-06, 3.71986357095e-06, 1.83958363777e-05, 6.81524670654e-06, 4.31322587247e-05, 0.000126106649986, 1.45374651765e-05, 6.02014642936e-06, 2.20877973334e-05, 2.85041223833e-05, 7.15994474376e-06, 2.27422424359e-06, 4.48447553936e-06, 4.09044019989e-07, 3.1275212109e-07, 6.55515805192e-07, 5.58831914077e-07, 1.06617505935e-06, 1.38148254791e-06, 8.49998627928e-07, 5.86437579386e-07, 2.77332134146e-07, 2.21124324185e-07, 1.03725888323e-07, 6.24917149139e-08, 3.15549470997e-08, 2.03080006145e-08, 2.06486490129e-08],
        "min": [2.0069830498e-05, 2.85998939944e-05, 4.258203262e-06, 1.68421308899e-06, 7.68826794229e-07, 6.61253181988e-07, 1.71688145656e-06, 1.6923459043e-06, 6.6462604309e-07, 8.23188997856e-07, 5.49095261704e-07, 2.29916707895e-07, 7.64128174069e-08, 5.46862395367e-08, 5.62906947721e-08, 5.74826373168e-08, 2.46178331054e-07, 3.25851459593e-07, 4.33909015385e-08, 4.39994600754e-08, 1.99383478616e-07, 1.36043823318e-07, 9.12092019689e-08, 5.44324052498e-08, 4.33854339121e-08, 7.42999795023e-09, 1.01972643662e-08, 1.63539954912e-08, 1.29594397436e-08, 1.9967316689e-08, 4.02407813738e-08, 8.75185524052e-09, 6.81352574361e-09, 6.5180811859e-09, 6.38217967364e-09, 2.62784838334e-09, 1.28368604635e-09, 1.51872014964e-09, 9.65911794992e-10, 1.23100496463e-09],
        "var": [3.40887781931e-05, 0.000226461910643, 4.64083814222e-06, 7.51556081013e-06, 6.3404905859e-07, 1.8313686212e-07, 1.35083283226e-07, 2.81687757564e-08, 3.49635498331e-09, 7.95940877651e-08, 3.27510178977e-08, 4.23095829205e-11, 1.79953881657e-11, 3.31119368036e-11, 1.48423595636e-09, 2.63573940451e-10, 4.9299226923e-09, 4.98227947787e-08, 3.84414000631e-10, 9.33302879425e-11, 2.2245287834e-09, 3.76443587413e-09, 1.05055311672e-10, 8.00870134099e-12, 3.88168039378e-11, 3.25218747332e-13, 1.15222108655e-13, 5.33863968658e-13, 2.54360361983e-13, 7.26019125461e-13, 1.10703449446e-12, 5.02069739949e-13, 2.66657708284e-13, 5.57974043217e-14, 3.64252051644e-14, 6.74509022448e-15, 3.651440451e-15, 4.26606767456e-16, 2.27029896745e-16, 1.88306078261e-16]
    },
    "mfcc": {
        "mean": [-654.522705078, 163.719116211, 0.0810494348407, 42.2307014465, 18.8052310944, 23.4871959686, -26.7020454407, 2.38570666313, 12.7826566696, 5.91676807404, 13.6763887405, 4.61858558655, -13.9279508591],
        "cov": [[1400.39819336, 87.3053131104, -277.576660156, -87.1923446655, 9.29291248322, -86.8703918457, -77.3848495483, -21.0957431793, -55.7569046021, -65.8716201782, -70.0322265625, -2.25585722923, -43.5159263611], [87.3053131104, 137.859405518, 48.917137146, 55.4811515808, 68.6378097534, 21.4240055084, 17.1052780151, 12.5776500702, -2.05195403099, -2.22150564194, -9.89467144012, 7.69132328033, -17.8516139984], [-277.576660156, 48.917137146, 256.660186768, 119.607185364, 12.6283636093, 58.6826248169, 20.349193573, 26.6253166199, 21.4474258423, 11.2572603226, 14.0072154999, 4.09233570099, 20.8462581635], [-87.1923446655, 55.4811515808, 119.607185364, 97.0832214355, 48.7805519104, 48.043422699, 25.4898109436, 23.7331600189, 4.25310945511, -5.4166727066, 7.3736038208, 3.86596608162, 10.0556325912], [9.29291248322, 68.6378097534, 12.6283636093, 48.7805519104, 114.857551575, 48.5749359131, 20.7588119507, 13.6873922348, -11.8008298874, -6.39959383011, -4.63018465042, 13.9920377731, 4.79949140549], [-86.8703918457, 21.4240055084, 58.6826248169, 48.043422699, 48.5749359131, 65.3855819702, 30.8022537231, 14.7675485611, 9.76163959503, 5.93080329895, 10.2554960251, 8.57911491394, 8.08139896393], [-77.3848495483, 17.1052780151, 20.349193573, 25.4898109436, 20.7588119507, 30.8022537231, 56.8418540955, 23.4243679047, 9.93255615234, 9.7643289566, 21.900806427, 11.0595417023, -1.13084828854], [-21.0957431793, 12.5776500702, 26.6253166199, 23.7331600189, 13.6873922348, 14.7675485611, 23.4243679047, 34.5360946655, 17.5863990784, 9.13566875458, 13.4662876129, 9.44959926605, 7.28845834732], [-55.7569046021, -2.05195403099, 21.4474258423, 4.25310945511, -11.8008298874, 9.76163959503, 9.93255615234, 17.5863990784, 51.7921485901, 33.00938797, 13.4621257782, 2.36968064308, 8.18308258057], [-65.8716201782, -2.22150564194, 11.2572603226, -5.4166727066, -6.39959383011, 5.93080329895, 9.7643289566, 9.13566875458, 33.00938797, 52.5969963074, 17.6697444916, 10.4676885605, 9.48175621033], [-70.0322265625, -9.89467144012, 14.0072154999, 7.3736038208, -4.63018465042, 10.2554960251, 21.900806427, 13.4662876129, 13.4621257782, 17.6697444916, 43.2518882751, 20.1138095856, 16.2146072388], [-2.25585722923, 7.69132328033, 4.09233570099, 3.86596608162, 13.9920377731, 8.57911491394, 11.0595417023, 9.44959926605, 2.36968064308, 10.4676885605, 20.1138095856, 36.0089683533, 21.0023231506], [-43.5159263611, -17.8516139984, 20.8462581635, 10.0556325912, 4.79949140549, 8.08139896393, -1.13084828854, 7.28845834732, 8.18308258057, 9.48175621033, 16.2146072388, 21.0023231506, 41.4936637878]],
