{
"lowlevel": {
    "average_loudness": 0.989844679832,
    "barkbands_crest": {
        "dmean": 2.9000518322,
        "dmean2": 4.85582590103,
        "dvar": 4.33576202393,
        "dvar2": 12.4852437973,
        "max": 20.7668151855,
        "mean": 16.1352481842,
        "median": 16.7227859497,
        "min": 9.10901546478,
        "var": 6.30347967148
    },
    "barkbands_flatness_db": {
        "dmean": 0.0191493649036,
        "dmean2": 0.0310474410653,
        "dvar": 0.000206890559639,
        "dvar2": 0.000590005482081,
        "max": 0.278012305498,
        "mean": 0.195260286331,
        "median": 0.191629260778,
        "min": 0.151544004679,
        "var": 0.000419152842369
    },
    "barkbands_kurtosis": {
        "dmean": 4.41499376297,
        "dmean2": 7.08552503586,
        "dvar": 16.9223480225,
        "dvar2": 44.0317955017,
        "max": 37.9329147339,
        "mean": 16.3845348358,
        "median": 14.9759101868,
        "min": 5.22336387634,
        "var": 36.8519706726
    },
    "barkbands_skewness": {
        "dmean": 0.50603967905,
        "dmean2": 0.818113267422,
        "dvar": 0.156800180674,
        "dvar2": 0.433233439922,
        "max": 5.49314308167,
        "mean": 3.53871750832,
        "median": 3.47506308556,
        "min": 1.8477922678,
        "var": 0.373073935509
    },
    "barkbands_spread": {
        "dmean": 1.3283919096,
        "dmean2": 2.19949650764,
        "dvar": 1.08160150051,
        "dvar2": 2.96506476402,
        "max": 10.279668808,
        "mean": 6.5579199791,
        "median": 6.64476490021,
        "min": 2.08310890198,
        "var": 2.52962255478
    },
    "dissonance": {
        "dmean": 0.0203054528683,
        "dmean2": 0.0369773693383,
        "dvar": 0.000259129243204,
        "dvar2": 0.000808358076029,
        "max": 0.485743433237,
        "mean": 0.440929502249,
        "median": 0.441236972809,
        "min": 0.358734130859,
        "var": 0.000317864120007
    },
    "dynamic_complexity": 0.427170753479,
    "erbbands_crest": {
        "dmean": 1.77659642696,
        "dmean2": 2.86809229851,
        "dvar": 2.14134645462,
        "dvar2": 5.5122961998,
        "max": 14.6136159897,
        "mean": 9.90223026276,
        "median": 9.81095123291,
        "min": 6.63283252716,
        "var": 2.91059947014
    },
    "erbbands_flatness_db": {
        "dmean": 0.0154001209885,
        "dmean2": 0.0263302084059,
        "dvar": 0.000139705269248,
        "dvar2": 0.000427452818258,
        "max": 0.264906138182,
        "mean": 0.196338653564,
        "median": 0.194235190749,
        "min": 0.162907227874,
        "var": 0.000254951388342
    },
    "erbbands_kurtosis": {
        "dmean": 1.29832708836,
        "dmean2": 2.28861570358,
        "dvar": 1.15563762188,
        "dvar2": 3.43532204628,
        "max": 7.70850563049,
        "mean": 1.78485918045,
        "median": 1.41292333603,
        "min": -0.496683120728,
        "var": 2.07869672775
    },
    "erbbands_skewness": {
        "dmean": 0.276725709438,
        "dmean2": 0.478151738644,
        "dvar": 0.0454083755612,
        "dvar2": 0.131416141987,
        "max": 2.42085242271,
        "mean": 1.56959080696,
        "median": 1.51615965366,
        "min": 0.976515352726,
        "var": 0.100558958948
    },
    "erbbands_spread": {
        "dmean": 6.55873012543,
        "dmean2": 12.1374111176,
        "dvar": 27.7419528961,
        "dvar2": 76.917137146,
        "max": 47.1331672668,
        "mean": 31.3213005066,
        "median": 31.1239967346,
        "min": 11.9613714218,
        "var": 40.4559020996
    },
    "hfc": {
        "dmean": 4.14635944366,
        "dmean2": 7.00916528702,
        "dvar": 53.8880805969,
        "dvar2": 154.103179932,
        "max": 73.1895599365,
        "mean": 14.8671283722,
        "median": 13.4439868927,
        "min": 8.22028923035,
        "var": 43.0600242615
    },
    "melbands_crest": {
        "dmean": 2.9138405323,
        "dmean2": 4.74804592133,
        "dvar": 4.14373683929,
        "dvar2": 11.5175228119,
        "max": 21.2384681702,
        "mean": 15.6470079422,
        "median": 15.4564008713,
        "min": 8.50240898132,
        "var": 6.78510284424
    },
    "melbands_flatness_db": {
        "dmean": 0.0183110274374,
        "dmean2": 0.0295195709914,
        "dvar": 0.000217356369831,
        "dvar2": 0.000614809105173,
        "max": 0.378669351339,
        "mean": 0.281553983688,
        "median": 0.277477294207,
        "min": 0.238883405924,
        "var": 0.000473620340927
    },
    "melbands_kurtosis": {
        "dmean": 8.2736492157,
        "dmean2": 14.2282161713,
        "dvar": 49.9101829529,
        "dvar2": 136.230026245,
        "max": 60.0171928406,
        "mean": 28.7931137085,
        "median": 27.9259338379,
        "min": 8.15198898315,
        "var": 84.0095748901
    },
    "melbands_skewness": {
        "dmean": 0.816925942898,
        "dmean2": 1.43281555176,
        "dvar": 0.398850619793,
        "dvar2": 1.21667933464,
        "max": 5.9138841629,
        "mean": 4.08213615417,
        "median": 4.05164575577,
        "min": 2.15120863914,
        "var": 0.599301099777
    },
    "melbands_spread": {
        "dmean": 1.15863239765,
        "dmean2": 1.84934413433,
        "dvar": 0.792255580425,
        "dvar2": 2.21794271469,
        "max": 10.993935585,
        "mean": 6.077231884,
        "median": 6.04791498184,
        "min": 2.60329341888,
        "var": 2.064193964
    },
    "pitch_salience": {
        "dmean": 0.0679631531239,
        "dmean2": 0.103978097439,
        "dvar": 0.00233903294429,
        "dvar2": 0.00612487178296,
        "max": 0.800947904587,
        "mean": 0.551701664925,
        "median": 0.534273982048,
        "min": 0.412230104208,
        "var": 0.00699809985235
    },
    "silence_rate_20dB": {
        "dmean": 0,
        "dmean2": 0,
        "dvar": 0,
        "dvar2": 0,
        "max": 1,
        "mean": 1,
        "median": 1,
        "min": 1,
        "var": 0
    },
    "silence_rate_30dB": {
        "dmean": 0.0181818176061,
        "dmean2": 0.0275229364634,
        "dvar": 0.0178512390703,
        "dvar2": 0.0267654247582,
        "max": 1,
        "mean": 0.981981992722,
        "median": 1,
        "min": 0,
        "var": 0.017693368718
    },
    "silence_rate_60dB": {
        "dmean": 0,
        "dmean2": 0,
        "dvar": 0,
        "dvar2": 0,
        "max": 0,
        "mean": 0,
        "median": 0,
        "min": 0,
        "var": 0
    },
    "spectral_centroid": {
        "dmean": 82.687789917,
        "dmean2": 138.052459717,
        "dvar": 4065.73046875,
        "dvar2": 10453.3867188,
        "max": 819.825744629,
        "mean": 617.417358398,
        "median": 624.049377441,
        "min": 341.279296875,
        "var": 8821.21386719
    },
    "spectral_complexity": {
        "dmean": 2.24545454979,
        "dmean2": 3.56880736351,
        "dvar": 3.78520560265,
        "dvar2": 9.38288211823,
        "max": 21,
        "mean": 12.864865303,
        "median": 13,
        "min": 7,
        "var": 6.76552057266
    },
    "spectral_decrease": {
        "dmean": 3.21224846722e-09,
        "dmean2": 5.34060617952e-09,
        "dvar": 4.03566564701e-17,
        "dvar2": 1.15203045332e-16,
        "max": -4.13629752671e-09,
        "mean": -9.26581389393e-09,
        "median": -7.86376119777e-09,
        "min": -6.15533721771e-08,
        "var": 3.40114830314e-17
    },
    "spectral_energy": {
        "dmean": 0.0124796452001,
        "dmean2": 0.0207561030984,
        "dvar": 0.000607235881034,
        "dvar2": 0.00173350074328,
        "max": 0.238955035806,
        "mean": 0.0363198146224,
        "median": 0.0309965722263,
        "min": 0.016356928274,
        "var": 0.00051067629829
    },
    "spectral_energyband_high": {
        "dmean": 2.92343447654e-05,
        "dmean2": 4.8225017963e-05,
        "dvar": 4.07622546827e-10,
        "dvar2": 1.0581586718e-09,
        "max": 0.000271291733952,
        "mean": 0.000149774816236,
        "median": 0.000147298778757,
        "min": 6.57519412925e-05,
        "var": 8.59177839985e-10
    },
    "spectral_energyband_low": {
        "dmean": 0.000410825508879,
        "dmean2": 0.000640434620436,
        "dvar": 3.7347231796e-07,
        "dvar2": 8.58050668739e-07,
        "max": 0.00733023043722,
        "mean": 0.000710718624759,
        "median": 0.000381866993848,
        "min": 3.30253133143e-05,
        "var": 8.25570396046e-07
    },
    "spectral_energyband_middle_high": {
        "dmean": 0.000331881747115,
        "dmean2": 0.000522645947058,
        "dvar": 3.69674410194e-07,
        "dvar2": 9.6855103493e-07,
        "max": 0.00609875610098,
        "mean": 0.00155191228259,
        "median": 0.00131593365222,
        "min": 0.00091044936562,
        "var": 5.55112649181e-07
    },
    "spectral_energyband_middle_low": {
        "dmean": 0.0123158684,
        "dmean2": 0.020502820611,
        "dvar": 0.000576335587539,
        "dvar2": 0.0016453252174,
        "max": 0.231334850192,
        "mean": 0.0342021733522,
        "median": 0.0293051116168,
        "min": 0.0129613149911,
        "var": 0.000488030549604
    },
    "spectral_entropy": {
        "dmean": 0.128413408995,
        "dmean2": 0.216412007809,
        "dvar": 0.0125155597925,
        "dvar2": 0.0364661924541,
        "max": 7.34412288666,
        "mean": 7.09518241882,
        "median": 7.13846540451,
        "min": 6.23210525513,
        "var": 0.0256878957152
    },
    "spectral_flux": {
        "dmean": 0.0191206615418,
        "dmean2": 0.0288281477988,
        "dvar": 0.000403487676522,
        "dvar2": 0.000991040375084,
        "max": 0.333032518625,
        "mean": 0.0733143761754,
        "median": 0.067079924047,
        "min": 0.0320459939539,
        "var": 0.00166275782976
    },
    "spectral_kurtosis": {
        "dmean": 1.62299180031,
        "dmean2": 2.84961795807,
        "dvar": 2.28082227707,
        "dvar2": 4.69151115417,
        "max": 23.6951694489,
        "mean": 7.04602384567,
        "median": 6.74057388306,
        "min": 4.6819152832,
        "var": 4.51959276199
    },
    "spectral_rms": {
        "dmean": 0.000894067750778,
        "dmean2": 0.0014999625273,
        "dvar": 1.32570312417e-06,
        "dvar2": 3.86393458029e-06,
        "max": 0.0152684925124,
        "mean": 0.00581418816,
        "median": 0.00549914175645,
        "min": 0.00399474380538,
        "var": 1.62920127877e-06
    },
    "spectral_rolloff": {
        "dmean": 59.3141860962,
        "dmean2": 110.036643982,
        "dvar": 3567.68554688,
        "dvar2": 8919.13378906,
        "max": 818.26171875,
        "mean": 515.438781738,
        "median": 538.330078125,
        "min": 322.998046875,
        "var": 5491.28613281
    },
    "spectral_skewness": {
        "dmean": 0.187315121293,
        "dmean2": 0.31934133172,
        "dvar": 0.0250835232437,
        "dvar2": 0.0479955486953,
        "max": 3.72068095207,
        "mean": 1.71258342266,
        "median": 1.66822755337,
        "min": 1.3369717598,
        "var": 0.0733728855848
    },
    "spectral_spread": {
        "dmean": 205434.796875,
        "dmean2": 350813.96875,
        "dvar": 47333482496,
        "dvar2": 122343727104,
        "max": 4560108.5,
        "mean": 3436728.75,
        "median": 3433345.5,
        "min": 2284959,
        "var": 60392673280
    },
    "spectral_strongpeak": {
        "dmean": 0.31208178401,
        "dmean2": 0.50619083643,
        "dvar": 0.109100915492,
        "dvar2": 0.255888402462,
        "max": 2.58243823051,
        "mean": 1.17887341976,
        "median": 1.22048521042,
        "min": 0.234265565872,
        "var": 0.132877349854
    },
    "zerocrossingrate": {
        "dmean": 0.00394176132977,
        "dmean2": 0.00602960167453,
        "dvar": 1.03244310594e-05,
        "dvar2": 1.94688582269e-05,
        "max": 0.03955078125,
        "mean": 0.0283774994314,
        "median": 0.0283203125,
        "min": 0.00927734375,
        "var": 2.26722713705e-05
    },
    "barkbands": {
        "dmean": [1.20686900118e-05, 0.000190912396647, 0.000155109359184, 0.000617034384049, 0.00981974322349, 0.00181770720519, 0.000992688932456, 0.00350362458266, 0.000218787856284, 0.000189714410226, 0.000140727584949, 3.74857263523e-05, 2.54761835095e-05, 1.44841005749e-05, 6.77138223182e-06, 2.73718687822e-05, 6.09895942034e-05, 5.70794400119e-05, 6.1671846197e-05, 2.97623555525e-05, 1.65904912137e-05, 5.8387477111e-06, 8.99725932868e-07, 8.05921445135e-07, 1.03371803561e-06, 1.54003078023e-06, 1.50001073962e-06],
        "dmean2": [1.85554799828e-05, 0.000311367737595, 0.000280155800283, 0.00095785810845, 0.0156507864594, 0.00298425834626, 0.00142664217856, 0.00643498962745, 0.00039774045581, 0.000314133416396, 0.000242480280576, 5.97904036113e-05, 4.58438880742e-05, 2.4374026907e-05, 1.19355763673e-05, 4.70899467473e-05, 9.39785750234e-05, 9.77080853772e-05, 0.000107726635179, 4.8592883104e-05, 2.92111399176e-05, 9.79452488536e-06, 1.49138850247e-06, 1.38393875204e-06, 1.66365373389e-06, 2.55862823906e-06, 2.51912842941e-06],
        "dvar": [5.25937238205e-10, 4.62806717394e-08, 3.29526557152e-08, 4.26001770393e-06, 0.000273113284493, 1.78213467734e-05, 1.07048401787e-06, 9.95682239591e-06, 3.20436228662e-08, 9.85801165143e-08, 8.73109797794e-08, 1.47336653988e-09, 3.89703852521e-10, 1.11161829741e-10, 2.15872233283e-11, 5.47351441949e-10, 1.81641346408e-09, 2.40756325987e-09, 2.1940522732e-09, 5.28624810592e-10, 1.78158321429e-10, 2.81384169437e-11, 2.75837100557e-12, 7.26685985691e-12, 4.36850122049e-12, 2.06071115033e-11, 1.48080386928e-12],
        "dvar2": [7.54741935616e-10, 9.3215696495e-08, 9.8653316627e-08, 9.4991773949e-06, 0.000791368656792, 5.46126138943e-05, 2.94110282084e-06, 3.23280983139e-05, 9.02429562188e-08, 2.49295368349e-07, 2.38457033674e-07, 3.42795747343e-09, 1.14206366586e-09, 2.8768507021e-10, 5.75212169562e-11, 1.58554713803e-09, 5.50744250205e-09, 6.314325951e-09, 6.04536021243e-09, 1.58853374899e-09, 5.33595556629e-10, 6.43084127616e-11, 6.60557025745e-12, 2.02392824722e-11, 9.65536418179e-12, 5.65399810304e-11, 3.30161831034e-12],
        "max": [0.000219806475798, 0.00166294677183, 0.00110138929449, 0.0226971618831, 0.151080712676, 0.0378454700112, 0.00963125191629, 0.0182198211551, 0.00109921372496, 0.00388437113725, 0.00254174345173, 0.000366248801583, 0.00012700969819, 7.16484137229e-05, 3.1828378269e-05, 0.000166536206962, 0.000336195633281, 0.00037389472709, 0.000351854570908, 0.00017771423154, 0.000108130792796, 4.26594961027e-05, 1.71406391019e-05, 2.40576173383e-05, 1.93887808564e-05, 4.13120687881e-05, 1.67300695466e-05],
        "mean": [1.40057754834e-05, 0.000245399365667, 0.000231197773246, 0.000761295610573, 0.0218297448009, 0.00423686765134, 0.00189302070066, 0.00499824155122, 0.000384952378226, 0.000432038475992, 0.000233405531617, 7.24222118151e-05, 6.48428977001e-05, 3.0132545362e-05, 1.65950204973e-05, 7.4802308518e-05, 0.000201098722755, 0.000191715575056, 0.000186719902558, 0.000109479107778, 6.02312975388e-05, 1.9785387849e-05, 2.72634611065e-06, 2.12913641917e-06, 3.21167340189e-06, 4.00285534852e-06, 1.27333923956e-05],
        "median": [8.35790706333e-06, 0.000146148129716, 0.000131693697767, 0.000336955097737, 0.0194228366017, 0.0027991712559, 0.00175679265521, 0.00425314623863, 0.000336259399774, 0.000261165725533, 0.000172885178472, 5.62807399547e-05, 6.14678865531e-05, 2.75528218481e-05, 1.59960345627e-05, 7.17424045433e-05, 0.00020061993564, 0.000183720083442, 0.00018364044081, 0.000107651227154, 5.76808051846e-05, 1.94882923097e-05, 2.31576336773e-06, 1.7642378225e-06, 2.6847483241e-06, 3.30670241055e-06, 1.26637023641e-05],
        "min": [6.37872048515e-08, 9.8985447039e-06, 2.91769333671e-06, 7.48974343878e-06, 0.00849708542228, 0.000682334124576, 0.000267251220066, 0.00111935671885, 5.97961552558e-05, 6.22040533926e-05, 6.30057838862e-05, 1.37238748721e-05, 1.86491015484e-05, 9.04090939002e-06, 4.97777091368e-06, 2.54134574789e-05, 4.85515374749e-05, 7.1467467933e-05, 7.63787029427e-05, 4.49726358056e-05, 2.56492858171e-05, 6.99937072568e-06, 1.38730376875e-06, 6.71847544709e-07, 1.25350754843e-06, 1.43700617627e-06, 5.68657924305e-06],
        "var": [5.54109924611e-10, 8.32959727859e-08, 6.29528358331e-08, 5.69893109059e-06, 0.000221081776544, 2.09020436159e-05, 2.22308358389e-06, 9.10274684429e-06, 4.90009490761e-08, 3.52833922079e-07, 6.90269246206e-08, 2.72005551416e-09, 5.8544497028e-10, 1.82721365816e-10, 3.43190580121e-11, 6.41591613171e-10, 3.41203665322e-09, 2.83218892783e-09, 3.05349456831e-09, 7.99447397171e-10, 2.59999716201e-10, 4.07227931931e-11, 2.95546334801e-12, 4.89512033339e-12, 5.23227858609e-12, 1.52069468129e-11, 2.2038636107e-12]
    },
    "erbbands": {
        "dmean": [0.00235172128305, 0.0523734353483, 0.159892186522, 0.949807167053, 5.4147605896, 50.9116516113, 31.0037574768, 18.9949855804, 13.689286232, 38.3779220581, 45.839466095, 4.75010061264, 5.35712051392, 6.1028137207, 2.92755460739, 1.33118164539, 1.23970282078, 0.527242958546, 0.63355410099, 0.914977133274, 1.21210110188, 3.63930797577, 2.77226877213, 3.36313652992, 2.01717305183, 1.37992095947, 0.865997254848, 0.502362430096, 0.228059589863, 0.0453306399286, 0.026382856071, 0.016291892156, 0.0155178932473, 0.0143444892019, 0.00770545657724, 0.00419340282679, 0.00386095861904, 0.000990236178041, 0.000208034878597, 4.18625859311e-05],
        "dmean2": [0.00395091157407, 0.0843618363142, 0.27925375104, 1.49964046478, 8.87401103973, 77.7157669067, 53.8181610107, 30.077703476, 19.4298553467, 70.4755935669, 83.7996826172, 8.40542316437, 8.98585128784, 10.4794492722, 4.68682432175, 2.13365292549, 2.20951962471, 0.92786359787, 0.994395136833, 1.48710167408, 2.07182645798, 5.8798251152, 4.71671533585, 5.8493642807, 3.39273428917, 2.29587721825, 1.54294097424, 0.886507868767, 0.38070550561, 0.0714636072516, 0.044195972383, 0.0280447304249, 0.0269784312695, 0.0234922394156, 0.0131180556491, 0.00666892528534, 0.006641513668, 0.00175883679185, 0.000345476175426, 7.27409133106e-05],
        "dvar": [8.52123230288e-06, 0.00354000600055, 0.0378525964916, 7.15359020233, 62.369052887, 7075.68701172, 3815.66479492, 2692.29150391, 309.856292725, 1245.92126465, 1487.1763916, 17.0506973267, 90.817199707, 154.946472168, 31.687543869, 1.30531597137, 0.991016685963, 0.187391400337, 0.21046680212, 0.355332016945, 1.02727293968, 6.99893665314, 4.65446901321, 7.233710289, 2.01647973061, 1.04800760746, 0.429695099592, 0.190388351679, 0.0424368679523, 0.00386557448655, 0.00281367590651, 0.0013473193394, 0.0027293600142, 0.00118256849237, 0.000126912753331, 8.72745586094e-05, 0.000140341668157, 3.64697302757e-06, 3.01263050062e-08, 1.60967805751e-09],
        "dvar2": [2.05176347663e-05, 0.00709402374923, 0.0944214165211, 16.082901001, 161.054504395, 19874.6015625, 12202.1894531, 7475.76123047, 798.542724609, 4066.14208984, 4780.87939453, 44.8370857239, 223.149902344, 414.86239624, 83.6808853149, 3.19126796722, 3.15778231621, 0.53271573782, 0.633778631687, 1.18477463722, 3.00056672096, 20.4893188477, 11.475353241, 19.5426597595, 6.06569385529, 2.94869303703, 1.24712252617, 0.548544764519, 0.101126953959, 0.00791148189455, 0.0071874493733, 0.00362302013673, 0.00754866190255, 0.00300879962742, 0.000242752299528, 0.000210488768062, 0.000387331208913, 1.05955423351e-05, 8.00068988838e-08, 3.85983245366e-09],
        "max": [0.0176233202219, 0.463543236256, 1.67850673199, 31.7542762756, 92.5924682617, 752.395324707, 485.264312744, 461.372314453, 159.454147339, 215.282165527, 225.643981934, 27.4558773041, 121.614318848, 100.781921387, 56.8513679504, 8.57029438019, 6.39826536179, 2.91098690033, 3.33729815483, 4.65174055099, 8.75467205048, 19.0366611481, 18.4639587402, 19.091966629, 10.89772892, 8.28068351746, 5.57314062119, 4.27629756927, 1.660582304, 0.765603423119, 0.520536601543, 0.345400422812, 0.463578790426, 0.272638380527, 0.108570978045, 0.0904434025288, 0.105529911816, 0.0181474033743, 0.00202981336042, 0.000491179816891],
        "mean": [0.00340906251222, 0.0687927231193, 0.262254685163, 1.44151294231, 12.4346504211, 114.726921082, 58.8647766113, 42.6671562195, 32.0915031433, 56.4374389648, 77.5720901489, 11.2193164825, 11.7953338623, 12.6413173676, 5.76177167892, 2.9788248539, 3.04527783394, 1.52262043953, 1.50111186504, 2.43298101425, 4.30167961121, 11.7909088135, 10.5856361389, 11.216676712, 7.10819387436, 4.97989320755, 3.00476741791, 2.01967692375, 0.857222616673, 0.155502229929, 0.0762608647346, 0.0447443462908, 0.0380550026894, 0.0335785150528, 0.0249208193272, 0.0124688539654, 0.00837892945856, 0.00360345980152, 0.00145362573676, 0.000281676941086],
        "median": [0.00213344814256, 0.0442541874945, 0.150951445103, 0.714717030525, 7.22202348709, 102.447799683, 44.444568634, 32.5790710449, 28.410615921, 46.7853164673, 72.2374267578, 10.3474264145, 6.22837686539, 9.76671123505, 4.12709760666, 2.45510339737, 2.745459795, 1.44520246983, 1.39569628239, 2.36995172501, 4.17209482193, 11.7636203766, 10.5114793777, 10.4767837524, 7.10885667801, 4.87617111206, 2.96018767357, 1.92697715759, 0.824838280678, 0.14011503756, 0.0632133036852, 0.0387781001627, 0.0308934766799, 0.0253707673401, 0.0218981299549, 0.0107076605782, 0.00650276709348, 0.00338771892712, 0.00146237283479, 0.000283161032712],
        "min": [0.000361042446457, 0.00195458461531, 0.00988174322993, 0.107676111162, 3.04809045792, 39.3947143555, 20.7655010223, 10.2605981827, 6.15736055374, 14.7557735443, 24.6975517273, 3.18748784065, 1.92290377617, 3.09755158424, 1.70253157616, 0.783039808273, 0.971853971481, 0.59369134903, 0.367972701788, 0.879678547382, 1.47911894321, 2.92133140564, 4.06624794006, 5.11665630341, 3.09353637695, 2.10589599609, 1.66917979717, 0.536553144455, 0.272505164146, 0.0733802765608, 0.0363265872002, 0.0134309511632, 0.0147083578631, 0.0132901854813, 0.00751184811816, 0.00375755969435, 0.00271006301045, 0.00147804059088, 0.000498116540257, 0.000150829800987],
        "var": [1.12312563942e-05, 0.00649652769789, 0.0757497549057, 12.1425857544, 156.081893921, 5309.24755859, 3098.57299805, 2243.9309082, 616.098754883, 1216.57470703, 1450.70776367, 26.7876644135, 324.524291992, 132.020477295, 36.908241272, 2.77588295937, 1.36633741856, 0.238168388605, 0.388334453106, 0.657873868942, 1.30292356014, 11.415564537, 6.18056774139, 9.55526924133, 2.84295797348, 1.63160073757, 0.567189693451, 0.303352743387, 0.0598775930703, 0.0059979101643, 0.00259166304022, 0.00105614413042, 0.00186571967788, 0.00109319842886, 0.000195049040485, 8.98282742128e-05, 9.90001790342e-05, 2.61136528934e-06, 4.79190553904e-08, 1.60636992597e-09]
    },
    "gfcc": {
        "mean": [-12.6827535629, 107.310409546, -105.251991272, 6.35778331757, -62.2030029297, -60.5262031555, -33.4356002808, -5.71023273468, -31.8076515198, -7.2425327301, -16.0938682556, 1.93565917015, -5.38505220413],
        "cov": [[87.9278259277, 41.9836730957, 49.1786460876, 12.3433971405, -1.15939152241, 20.3092556, -6.71179103851, 9.36255550385, -10.4676866531, -1.39007687569, 1.6083779335, 0.519621133804, -9.20674705505], [41.9836730957, 123.781974792, 49.7749252319, 25.9262809753, 34.0979995728, 11.071138382, 23.2981376648, -5.84305524826, -19.2719593048, -23.1752223969, -0.448189616203, -11.4745407104, -1.99218916893], [49.1786460876, 49.7749252319, 81.5439910889, 51.2582435608, 27.1515026093, 26.1977710724, -1.44019174576, 13.6162061691, 0.502190589905, 11.3356046677, 8.46231269836, 0.644298613071, -11.1301822662], [12.3433971405, 25.9262809753, 51.2582435608, 58.9434967041, 40.3990325928, 20.7854328156, 4.10761022568, 7.26743364334, 7.73665618896, 12.4017086029, 7.38206577301, -2.47806978226, -4.96627092361], [-1.15939152241, 34.0979995728, 27.1515026093, 40.3990325928, 49.9436302185, 18.2712287903, 13.962890625, 3.81984639168, 2.13845181465, 6.23902797699, 3.57554769516, -5.25523948669, -2.60439515114], [20.3092556, 11.071138382, 26.1977710724, 20.7854328156, 18.2712287903, 40.1792488098, 17.8251304626, 17.5872764587, 2.41407227516, 3.84005427361, 3.18415355682, 2.13211131096, -1.81808435917], [-6.71179103851, 23.2981376648, -1.44019174576, 4.10761022568, 13.962890625, 17.8251304626, 39.6370925903, 21.1335906982, 7.72663164139, -6.84364080429, -1.14081263542, 0.914365053177, 10.2078590393], [9.36255550385, -5.84305524826, 13.6162061691, 7.26743364334, 3.81984639168, 17.5872764587, 21.1335906982, 39.0496177673, 20.5543498993, 11.7993888855, 4.82862043381, 6.10352563858, 4.66400909424], [-10.4676866531, -19.2719593048, 0.502190589905, 7.73665618896, 2.13845181465, 2.41407227516, 7.72663164139, 20.5543498993, 28.1641387939, 19.0987319946, 7.67011260986, 6.65473747253, 4.02567100525], [-1.39007687569, -23.1752223969, 11.3356046677, 12.4017086029, 6.23902797699, 3.84005427361, -6.84364080429, 11.7993888855, 19.0987319946, 33.1698532104, 14.2100687027, 5.18258953094, -2.96347212791], [1.6083779335, -0.448189616203, 8.46231269836, 7.38206577301, 3.57554769516, 3.18415355682, -1.14081263542, 4.82862043381, 7.67011260986, 14.2100687027, 16.0831623077, 6.70706176758, 0.194662973285], [0.519621133804, -11.4745407104, 0.644298613071, -2.47806978226, -5.25523948669, 2.13211131096, 0.914365053177, 6.10352563858, 6.65473747253, 5.18258953094, 6.70706176758, 17.8461112976, 10.2374734879], [-9.20674705505, -1.99218916893, -11.1301822662, -4.96627092361, -2.60439515114, -1.81808435917, 10.2078590393, 4.66400909424, 4.02567100525, -2.96347212791, 0.194662973285, 10.2374734879, 20.9757175446]],
        "icov": [[0.0325812362134, -0.0221815537661, 0.00382857187651, -0.00691408617422, 0.0193927921355, -0.0200879797339, 0.0287838447839, -0.0246383454651, 0.0154668418691, -0.0123433386907, 0.0150688802823, -0.0125281298533, 0.00598831567913], [-0.0221815537661, 0.0690295770764, -0.077659741044, 0.064202517271, -0.0551057830453, 0.0338293872774, -0.0579247809947, 0.0532180964947, -0.0300411432981, 0.0556873828173, -0.056000597775, 0.0538986176252, -0.0288941189647], [0.00382857187651, -0.077659741044, 0.152669757605, -0.134183645248, 0.0752350464463, -0.0317213982344, 0.0610307231545, -0.080796033144, 0.0645814314485, -0.0715760812163, 0.0631010904908, -0.0826799795032, 0.0556619390845], [-0.00691408617422, 0.064202517271, -0.134183645248, 0.172707051039, -0.107864171267, 0.0108151929453, -0.0267031323165, 0.0695845037699, -0.0825158953667, 0.0723518952727, -0.0644763186574, 0.0801605582237, -0.0546463243663], [0.0193927921355, -0.0551057830453, 0.0752350464463, -0.107864171267, 0.113064818084, -0.0266357250512, 0.0128995589912, -0.0349395014346, 0.0512017942965, -0.0680180490017, 0.0511011779308, -0.0427262820303, 0.0318249762058], [-0.0200879797339, 0.0338293872774, -0.0317213982344, 0.0108151929453, -0.0266357250512, 0.0740313231945, -0.0582926645875, 0.0104498350993, 0.0135291451588, 0.0105632739142, -0.0181454811245, 0.00226217252202, 0.00723883043975], [0.0287838447839, -0.0579247809947, 0.0610307231545, -0.0267031323165, 0.0128995589912, -0.0582926645875, 0.140091717243, -0.0827399939299, -0.000745843455661, 0.00501105980948, 0.0210147183388, -0.0139839667827, -0.0125537067652], [-0.0246383454651, 0.0532180964947, -0.080796033144, 0.0695845037699, -0.0349395014346, 0.0104498350993, -0.0827399939299, 0.131614491343, -0.0800961107016, 0.0294273737818, -0.0304413251579, 0.0426454469562, -0.0255903620273], [0.0154668418691, -0.0300411432981, 0.0645814314485, -0.0825158953667, 0.0512017942965, 0.0135291451588, -0.000745843455661, -0.0800961107016, 0.154398754239, -0.0887829139829, 0.03920590505, -0.0558854229748, 0.0291058961302], [-0.0123433386907, 0.0556873828173, -0.0715760812163, 0.0723518952727, -0.0680180490017, 0.0105632739142, 0.00501105980948, 0.0294273737818, -0.0887829139829, 0.152436435223, -0.106108799577, 0.0620984844863, -0.0282376427203], [0.0150688802823, -0.056000597775, 0.0631010904908, -0.0644763186574, 0.0511011779308, -0.0181454811245, 0.0210147183388, -0.0304413251579, 0.03920590505, -0.106108799577, 0.172135204077, -0.0940797701478, 0.0426303707063], [-0.0125281298533, 0.0538986176252, -0.0826799795032, 0.0801605582237, -0.0427262820303, 0.00226217252202, -0.0139839667827, 0.0426454469562, -0.0558854229748, 0.0620984844863, -0.0940797701478, 0.172065854073, -0.0966655537486], [0.00598831567913, -0.0288941189647, 0.0556619390845, -0.0546463243663, 0.0318249762058, 0.00723883043975, -0.0125537067652, -0.0255903620273, 0.0291058961302, -0.0282376427203, 0.0426303707063, -0.0966655537486, 0.117741644382]]
    },
    "melbands": {
        "dmean": [3.74020673917e-05, 7.39586466807e-05, 0.000242615293246, 0.00184553291183, 0.00161652453244, 0.000375907926355, 0.000215522653889, 0.000603348016739, 0.000301172141917, 2.69939500868e-05, 2.83621120616e-05, 2.56753191934e-05, 1.36487733471e-05, 4.85095915792e-06, 2.90723846774e-06, 2.14134320231e-06, 1.06030176994e-06, 1.36874916734e-06, 5.90779507093e-07, 2.37154768001e-06, 1.40127610848e-06, 4.19831940235e-06, 3.5857194689e-06, 2.84245925286e-06, 3.25380710819e-06, 2.31432863984e-06, 1.52695508859e-06, 9.52480661454e-07, 6.63010268909e-07, 5.33146248927e-07, 3.17132929695e-07, 1.85948493936e-07, 5.15172757787e-08, 2.03089562945e-08, 1.77041261651e-08, 1.46493368547e-08, 9.58398249651e-09, 1.12479714431e-08, 1.34809932106e-08, 1.2888878409e-08],
        "dmean2": [6.13367956248e-05, 0.000126118509797, 0.000396977586206, 0.00276680360548, 0.00272626522928, 0.000602567975875, 0.000306013505906, 0.00110883265734, 0.000552336161491, 4.716638432e-05, 4.74947810289e-05, 4.34701760241e-05, 2.26858774113e-05, 7.4315312304e-06, 5.12886708748e-06, 3.9218089114e-06, 1.80797007943e-06, 2.15505838241e-06, 1.03549666619e-06, 4.00747831009e-06, 2.34334197557e-06, 6.75565752317e-06, 6.07071024206e-06, 4.79314257973e-06, 5.80808364248e-06, 3.87500131183e-06, 2.57716601482e-06, 1.54800238761e-06, 1.17423905976e-06, 9.26867073758e-07, 5.2728665878e-07, 3.21571889117e-07, 8.26624102501e-08, 3.25654809785e-08, 2.93077047075e-08, 2.53051979371e-08, 1.6415169668e-08, 1.9355830716e-08, 2.28095000665e-08, 2.11378221593e-08],
        "dvar": [1.74688874477e-09, 7.36455740835e-09, 3.6500131273e-07, 7.55873770686e-06, 9.85019687505e-06, 9.62790181802e-07, 6.65710047087e-08, 3.0308885357e-07, 6.36775183693e-08, 5.16944875795e-10, 2.45812126209e-09, 2.53248022553e-09, 6.96443291925e-10, 2.61964443193e-11, 9.66003405739e-12, 2.69270434942e-12, 6.79385530038e-13, 1.05109584231e-12, 2.38998762187e-13, 3.37141447572e-12, 1.18017661616e-12, 8.45403001076e-12, 7.34604477942e-12, 6.47848528296e-12, 6.43344578999e-12, 2.99398873749e-12, 1.23163491125e-12, 5.19076426807e-13, 2.48749669951e-13, 1.93869239781e-13, 6.33765501017e-14, 2.86603118354e-14, 3.29907643901e-15, 7.52673371051e-16, 9.82385318215e-16, 7.51278043089e-16, 4.53780854953e-16, 1.18044745579e-15, 1.79018931095e-15, 9.31357300615e-16],
        "dvar2": [3.68772989923e-09, 1.6670318459e-08, 8.26137352306e-07, 2.06512104342e-05, 3.03461165458e-05, 2.72890019914e-06, 1.71542012595e-07, 9.89373347693e-07, 2.02747514777e-07, 1.29357846657e-09, 6.0926423906e-09, 6.82162948351e-09, 1.8867480911e-09, 6.0258041612e-11, 3.13036332966e-11, 7.12807634098e-12, 2.072298496e-12, 3.19018899839e-12, 6.68879014676e-13, 9.94964527434e-12, 3.61007989995e-12, 2.80588018098e-11, 2.16203981801e-11, 1.6408537723e-11, 1.71234935953e-11, 8.69605689541e-12, 3.81003345193e-12, 1.59279371376e-12, 7.2318908674e-13, 5.77055655863e-13, 2.00090459609e-13, 6.71518572627e-14, 7.76676950699e-15, 1.55731591919e-15, 2.53691216966e-15, 2.05431938313e-15, 1.23417655558e-15, 3.25535513937e-15, 5.00556237762e-15, 2.41141110952e-15],
        "max": [0.000307496578898, 0.000513286620844, 0.00739250844344, 0.0267348885536, 0.0258404854685, 0.00879853032529, 0.00238297623582, 0.00325064919889, 0.00149925169535, 0.00014523138816, 0.000637038727291, 0.000414177658968, 0.000252110272413, 5.48548086954e-05, 2.3336000595e-05, 1.06011393655e-05, 5.09851906827e-06, 6.96623328622e-06, 3.64537868336e-06, 1.3582700376e-05, 8.88044633029e-06, 2.06074346352e-05, 2.09585214179e-05, 1.85521312233e-05, 1.7207388737e-05, 1.1447511497e-05, 7.80092796049e-06, 5.58260489925e-06, 3.72203362531e-06, 2.94512119581e-06, 2.32115462495e-06, 1.23829499898e-06, 6.57062003029e-07, 3.0272971685e-07, 3.08773763891e-07, 2.46816853178e-07, 1.99855179517e-07, 3.0932176287e-07, 3.63173541018e-07, 2.77426408957e-07],
        "mean": [5.10653408128e-05, 0.000121356060845, 0.000362908293027, 0.00428655603901, 0.0032668733038, 0.000868133909535, 0.000458584341686, 0.000858761544805, 0.000521496345755, 5.1224094932e-05, 6.00800231041e-05, 5.41247391084e-05, 2.48444102908e-05, 9.71741701505e-06, 6.43045314064e-06, 5.62827790418e-06, 2.53500456893e-06, 2.83209101326e-06, 1.45664682805e-06, 5.49485230295e-06, 4.50608513347e-06, 1.22126321003e-05, 1.09843358587e-05, 8.95239190868e-06, 9.35513617151e-06, 6.62262573314e-06, 4.24289646617e-06, 3.01335307995e-06, 1.98973793886e-06, 1.44598732277e-06, 1.10988969482e-06, 5.84943336435e-07, 1.54181094558e-07, 5.4451735565e-08, 4.40865193241e-08, 3.57977683052e-08, 2.37824160365e-08, 2.61397978818e-08, 2.63408335144e-08, 2.91271948782e-08],
        "median": [3.15815632348e-05, 7.53612985136e-05, 0.000185713070096, 0.00368712237105, 0.00275645917282, 0.000617827172391, 0.000415114598582, 0.000726217869669, 0.000486971519422, 4.33345703641e-05, 2.97924161714e-05, 4.17880510213e-05, 1.82630719792e-05, 7.0174596658e-06, 6.09473227087e-06, 5.14586508871e-06, 2.4011953883e-06, 2.58583122559e-06, 1.48377148435e-06, 5.30237002749e-06, 4.31740954809e-06, 1.21714656416e-05, 1.09162047011e-05, 8.53449637361e-06, 8.79822982824e-06, 6.41753831587e-06, 4.09004132962e-06, 2.95438894682e-06, 1.95280790649e-06, 1.36823052799e-06, 1.06147672341e-06, 5.87893225656e-07, 1.41490133387e-07, 4.56066118204e-08, 3.66853143419e-08, 3.11268237851e-08, 2.01980743242e-08, 2.18629008231e-08, 1.91095139712e-08, 2.29982539679e-08],
        "min": [3.21069137499e-06, 2.49106096817e-06, 7.20374055163e-06, 0.00166457449086, 0.00111315248068, 0.000165499848663, 8.03955335869e-05, 0.000218461515033, 0.000162997341249, 7.95942196419e-06, 7.63486514188e-06, 1.31699162012e-05, 7.69000507717e-06, 1.6592200609e-06, 1.8679953655e-06, 1.60671947924e-06, 6.46810406124e-07, 5.29713247488e-07, 5.27829456587e-07, 1.56557848641e-06, 1.79357073193e-06, 3.3818812426e-06, 2.25656253861e-06, 4.18527952206e-06, 4.19454954681e-06, 2.18927789319e-06, 1.83012912203e-06, 1.14541796847e-06, 1.01706632449e-06, 5.35041749572e-07, 2.90398929792e-07, 1.85596377378e-07, 6.26203018328e-08, 2.35768364831e-08, 1.7638326355e-08, 1.08068167748e-08, 6.74928601896e-09, 8.94686191799e-09, 9.9088630634e-09, 1.0141613771e-08],
        "var": [3.06819525342e-09, 1.4296640316e-08, 6.79561139805e-07, 7.41279700378e-06, 6.90045044394e-06, 8.98915914149e-07, 1.27263760419e-07, 2.82783645389e-07, 6.26458245279e-08, 9.47219302994e-10, 9.00783092561e-09, 2.43577735759e-09, 7.00141111754e-10, 5.86808310277e-11, 8.1157146975e-12, 4.42936616205e-12, 9.27944786983e-13, 1.81382719174e-12, 2.8949745704e-13, 4.69671567263e-12, 1.67352817802e-12, 1.41809532866e-11, 1.0563934276e-11, 7.72122990544e-12, 8.50293620236e-12, 4.2714889785e-12, 1.77969217054e-12, 7.89696704296e-13, 3.14627528674e-13, 2.58986300287e-13, 1.20055332863e-13, 3.52122336551e-14, 4.94975561189e-15, 1.17192185742e-15, 9.63956740019e-16, 5.84341984048e-16, 3.57678852568e-16, 8.25774167284e-16, 1.24528285158e-15, 8.38796451815e-16]
    },
    "mfcc": {
        "mean": [-668.493041992, 159.971130371, -11.2075815201, 52.6714706421, -25.3695240021, -34.8143844604, -12.9742565155, -14.9061489105, -9.41203784943, -21.9358596802, -7.18016242981, -3.42579698563, -8.2926607132],
        "cov": [[71.0908355713, 23.0943012238, 39.277053833, -6.43395185471, 7.46458053589, 0.188917756081, 9.26489543915, 6.99826669693, -2.05357837677, -3.24329280853, -3.37113547325, 1.12582373619, 7.83566665649], [23.0943012238, 103.478553772, 23.2792816162, 26.1783123016, 10.6360940933, 13.5590362549, 31.0328521729, 13.724656105, 3.64638233185, -7.58931016922, -13.3287038803, -6.95114135742, 2.22437524796], [39.277053833, 23.2792816162, 73.2539749146, 23.2915458679, 30.3397865295, 14.3339977264, 13.5491991043, 10.7726659775, 3.53227877617, 4.07701158524, 10.8960170746, 11.1275558472, 17.9671916962], [-6.43395185471, 26.1783123016, 23.2915458679, 53.0229797363, 35.2618904114, 19.9960517883, 12.0369138718, 1.64598846436, 6.55621242523, 6.51437234879, 8.09081077576, 10.0624341965, 9.3126335144], [7.46458053589, 10.6360940933, 30.3397865295, 35.2618904114, 48.3787002563, 25.9619941711, 14.316116333, -1.38150823116, 0.627414643764, 5.24267101288, 15.6648378372, 10.3510274887, 11.5609807968], [0.188917756081, 13.5590362549, 14.3339977264, 19.9960517883, 25.9619941711, 32.4185180664, 17.7212562561, 4.97287464142, 1.866735816, 1.62731075287, 4.6155705452, 2.79331898689, 3.84192872047], [9.26489543915, 31.0328521729, 13.5491991043, 12.0369138718, 14.316116333, 17.7212562561, 37.3362693787, 17.8447265625, 11.8561611176, 5.12061023712, 4.42443418503, -0.203212663531, 1.28962600231], [6.99826669693, 13.724656105, 10.7726659775, 1.64598846436, -1.38150823116, 4.97287464142, 17.8447265625, 35.2292366028, 19.2772979736, 10.2588357925, -0.745737433434, -2.17602586746, -1.36412250996], [-2.05357837677, 3.64638233185, 3.53227877617, 6.55621242523, 0.627414643764, 1.866735816, 11.8561611176, 19.2772979736, 26.0962963104, 14.531291008, 5.12565040588, 1.97814381123, -1.46737027168], [-3.24329280853, -7.58931016922, 4.07701158524, 6.51437234879, 5.24267101288, 1.62731075287, 5.12061023712, 10.2588357925, 14.531291008, 29.3503131866, 14.6859292984, 3.69213414192, 2.51097583771], [-3.37113547325, -13.3287038803, 10.8960170746, 8.09081077576, 15.6648378372, 4.6155705452, 4.42443418503, -0.745737433434, 5.12565040588, 14.6859292984, 31.0700111389, 13.434223175, 6.76136016846], [1.12582373619, -6.95114135742, 11.1275558472, 10.0624341965, 10.3510274887, 2.79331898689, -0.203212663531, -2.17602586746, 1.97814381123, 3.69213414192, 13.434223175, 24.797088623, 12.1191864014], [7.83566665649, 2.22437524796, 17.9671916962, 9.3126335144, 11.5609807968, 3.84192872047, 1.28962600231, -1.36412250996, -1.46737027168, 2.51097583771, 6.76136016846, 12.1191864014, 20.6681632996]],
