{
"lowlevel": {
    "average_loudness": 0.921265900135,
    "barkbands_crest": {
        "dmean": 1.58873856068,
        "dmean2": 2.70981955528,
        "dvar": 2.07388782501,
        "dvar2": 5.86341905594,
        "max": 21.9666595459,
        "mean": 15.7746706009,
        "median": 15.7820568085,
        "min": 7.83613872528,
        "var": 9.87552547455
    },
    "barkbands_flatness_db": {
        "dmean": 0.0144218048081,
        "dmean2": 0.0250055938959,
        "dvar": 0.000256534898654,
        "dvar2": 0.000663701968733,
        "max": 0.3256329,
        "mean": 0.215466529131,
        "median": 0.210322916508,
        "min": 0.137742310762,
        "var": 0.000788675097283
    },
    "barkbands_kurtosis": {
        "dmean": 3.966827631,
        "dmean2": 6.82147026062,
        "dvar": 42.8378105164,
        "dvar2": 107.649642944,
        "max": 79.2152862549,
        "mean": 18.6760005951,
        "median": 16.3067760468,
        "min": 7.32576847076,
        "var": 96.7889022827
    },
    "barkbands_skewness": {
        "dmean": 0.352880567312,
        "dmean2": 0.594966828823,
        "dvar": 0.120497576892,
        "dvar2": 0.33080291748,
        "max": 6.68873691559,
        "mean": 3.53009819984,
        "median": 3.43381977081,
        "min": 1.91025328636,
        "var": 0.660662949085
    },
    "barkbands_spread": {
        "dmean": 0.796034455299,
        "dmean2": 1.38312935829,
        "dvar": 0.611957490444,
        "dvar2": 1.312302351,
        "max": 11.0652761459,
        "mean": 5.43536424637,
        "median": 5.64651966095,
        "min": 1.08962261677,
        "var": 2.33715653419
    },
    "dissonance": {
        "dmean": 0.0186409316957,
        "dmean2": 0.0309688728303,
        "dvar": 0.000378918368369,
        "dvar2": 0.000880355248228,
        "max": 0.499952584505,
        "mean": 0.443487048149,
        "median": 0.443638592958,
        "min": 0.299189031124,
        "var": 0.000740229792427
    },
    "dynamic_complexity": 1.87055718899,
    "erbbands_crest": {
        "dmean": 1.51368689537,
        "dmean2": 2.47064709663,
        "dvar": 2.40518903732,
        "dvar2": 5.75577163696,
        "max": 23.8554363251,
        "mean": 12.2402038574,
        "median": 12.0213785172,
        "min": 6.49620819092,
        "var": 7.71430492401
    },
    "erbbands_flatness_db": {
        "dmean": 0.0120418937877,
        "dmean2": 0.02080761455,
        "dvar": 0.000156351496116,
        "dvar2": 0.000386004219763,
        "max": 0.323852837086,
        "mean": 0.216618940234,
        "median": 0.210804447532,
        "min": 0.136353835464,
        "var": 0.000843342917506
    },
    "erbbands_kurtosis": {
        "dmean": 1.35435700417,
        "dmean2": 2.34538531303,
        "dvar": 3.78271007538,
        "dvar2": 9.25925254822,
        "max": 18.4807262421,
        "mean": 3.6167781353,
        "median": 2.77739858627,
        "min": -0.649218559265,
        "var": 8.95351791382
    },
    "erbbands_skewness": {
        "dmean": 0.22418063879,
        "dmean2": 0.384491473436,
        "dvar": 0.0737419128418,
        "dvar2": 0.167487233877,
        "max": 3.85710191727,
        "mean": 1.84154188633,
        "median": 1.77124154568,
        "min": 0.850394308567,
        "var": 0.18607853353
    },
    "erbbands_spread": {
        "dmean": 3.90020704269,
        "dmean2": 6.49733686447,
        "dvar": 13.1261482239,
        "dvar2": 25.7766475677,
        "max": 52.2342987061,
        "mean": 25.9128112793,
        "median": 25.7736644745,
        "min": 7.61193561554,
        "var": 95.6528625488
    },
    "hfc": {
        "dmean": 1.64133536816,
        "dmean2": 2.8527135849,
        "dvar": 21.0298480988,
        "dvar2": 58.3344612122,
        "max": 47.7866287231,
        "mean": 5.99240112305,
        "median": 4.23876428604,
        "min": 0.0490678362548,
        "var": 26.4806842804
    },
    "melbands_crest": {
        "dmean": 1.53062236309,
        "dmean2": 2.52575159073,
        "dvar": 2.59536361694,
        "dvar2": 6.37079143524,
        "max": 23.9915084839,
        "mean": 15.3345651627,
        "median": 15.572977066,
        "min": 8.63216304779,
        "var": 8.12040615082
    },
    "melbands_flatness_db": {
        "dmean": 0.0144474953413,
        "dmean2": 0.0245064776391,
        "dvar": 0.000322078616591,
        "dvar2": 0.000837518542539,
        "max": 0.427288234234,
        "mean": 0.302300989628,
        "median": 0.294886112213,
        "min": 0.24455717206,
        "var": 0.00100521999411
    },
    "melbands_kurtosis": {
        "dmean": 4.98626804352,
        "dmean2": 8.32829666138,
        "dvar": 27.7254066467,
        "dvar2": 79.410987854,
        "max": 78.7531814575,
        "mean": 28.2802085876,
        "median": 25.7080078125,
        "min": 6.46879005432,
        "var": 216.779373169
    },
    "melbands_skewness": {
        "dmean": 0.451705992222,
        "dmean2": 0.745471656322,
        "dvar": 0.149378806353,
        "dvar2": 0.426453709602,
        "max": 6.89307594299,
        "mean": 3.73574542999,
        "median": 3.62852215767,
        "min": 1.23721504211,
        "var": 1.79465985298
    },
    "melbands_spread": {
        "dmean": 0.736199676991,
        "dmean2": 1.27766215801,
        "dvar": 0.468695372343,
        "dvar2": 1.17737972736,
        "max": 8.46751880646,
        "mean": 5.38954782486,
        "median": 5.5683350563,
        "min": 1.41577446461,
        "var": 1.43457579613
    },
    "pitch_salience": {
        "dmean": 0.0463637076318,
        "dmean2": 0.0749334692955,
        "dvar": 0.00195610010996,
        "dvar2": 0.00483333785087,
        "max": 0.807296216488,
        "mean": 0.511383533478,
        "median": 0.50015437603,
        "min": 0.364689856768,
        "var": 0.00534124160185
    },
    "silence_rate_20dB": {
        "dmean": 0,
        "dmean2": 0,
        "dvar": 0,
        "dvar2": 0,
        "max": 1,
        "mean": 1,
        "median": 1,
        "min": 1,
        "var": 0
    },
    "silence_rate_30dB": {
        "dmean": 0,
        "dmean2": 0,
        "dvar": 0,
        "dvar2": 0,
        "max": 1,
        "mean": 1,
        "median": 1,
        "min": 1,
        "var": 0
    },
    "silence_rate_60dB": {
        "dmean": 0.00476190494373,
        "dmean2": 0.0047846888192,
        "dvar": 0.00473922863603,
        "dvar2": 0.00476179551333,
        "max": 1,
        "mean": 0.00473933666945,
        "median": 0,
        "min": 0,
        "var": 0.00471687503159
    },
    "spectral_centroid": {
        "dmean": 52.5887451172,
        "dmean2": 90.1745452881,
        "dvar": 2574.35058594,
        "dvar2": 5684.63916016,
        "max": 884.901611328,
        "mean": 566.092651367,
        "median": 580.641601562,
        "min": 265.253601074,
        "var": 8480.22070312
    },
    "spectral_complexity": {
        "dmean": 1.35714280605,
        "dmean2": 2.31578946114,
        "dvar": 1.55340266228,
        "dvar2": 3.83329105377,
        "max": 12,
        "mean": 6.64454984665,
        "median": 6,
        "min": 0,
        "var": 3.0158367157
    },
    "spectral_decrease": {
        "dmean": 1.46108847243e-09,
        "dmean2": 2.45950482203e-09,
        "dvar": 1.83346170959e-17,
        "dvar2": 4.99160949505e-17,
        "max": -2.8860122625e-11,
        "mean": -4.08109546157e-09,
        "median": -2.49306708611e-09,
        "min": -3.78895812503e-08,
        "var": 2.26030725431e-17
    },
    "spectral_energy": {
        "dmean": 0.00565868802369,
        "dmean2": 0.00953497178853,
        "dvar": 0.000274448335404,
        "dvar2": 0.000747524783947,
        "max": 0.147337570786,
        "mean": 0.0159465074539,
        "median": 0.0097760297358,
        "min": 0.000113375150249,
        "var": 0.000338398414897
    },
    "spectral_energyband_high": {
        "dmean": 6.82156905896e-06,
        "dmean2": 1.13700471047e-05,
        "dvar": 3.05668684808e-11,
        "dvar2": 7.51196882476e-11,
        "max": 7.3548333603e-05,
        "mean": 3.99352575187e-05,
        "median": 3.96149516746e-05,
        "min": 1.05592084765e-06,
        "var": 7.61821092321e-11
    },
    "spectral_energyband_low": {
        "dmean": 0.000639049627353,
        "dmean2": 0.000981415971182,
        "dvar": 6.17695741312e-06,
        "dvar2": 1.42463713928e-05,
        "max": 0.0319842025638,
        "mean": 0.000720150012057,
        "median": 9.96245944407e-05,
        "min": 6.22621200819e-06,
        "var": 7.63522621128e-06
    },
    "spectral_energyband_middle_high": {
        "dmean": 0.000130256506964,
        "dmean2": 0.000222001850489,
        "dvar": 1.23642678318e-07,
        "dvar2": 3.43670535585e-07,
        "max": 0.0038330082316,
        "mean": 0.000424871221185,
        "median": 0.000359163910616,
        "min": 6.36686354483e-06,
        "var": 1.14827813036e-07
    },
    "spectral_energyband_middle_low": {
        "dmean": 0.00552277825773,
        "dmean2": 0.00936838518828,
        "dvar": 0.000259952968918,
        "dvar2": 0.000710268854164,
        "max": 0.143114104867,
        "mean": 0.0152630507946,
        "median": 0.00934563856572,
        "min": 9.26889842958e-05,
        "var": 0.00031670104363
    },
    "spectral_entropy": {
        "dmean": 0.116529911757,
        "dmean2": 0.194675460458,
        "dvar": 0.0238242838532,
        "dvar2": 0.053320966661,
        "max": 8.34978103638,
        "mean": 6.94922113419,
        "median": 7.00237607956,
        "min": 5.94256782532,
        "var": 0.0777298361063
    },
    "spectral_flux": {
        "dmean": 0.0147200925276,
        "dmean2": 0.0236868690699,
        "dvar": 0.00113684730604,
        "dvar2": 0.00260330177844,
        "max": 0.302165299654,
        "mean": 0.0413065627217,
        "median": 0.0255899261683,
        "min": 0.0133765926585,
        "var": 0.0020170728676
    },
    "spectral_kurtosis": {
        "dmean": 2.276293993,
        "dmean2": 3.96245789528,
        "dvar": 4.78815174103,
        "dvar2": 15.3729362488,
        "max": 19.7483711243,
        "mean": 7.87796163559,
        "median": 7.2016248703,
        "min": 3.94081830978,
        "var": 7.98242902756
    },
    "spectral_rms": {
        "dmean": 0.000500286463648,
        "dmean2": 0.000833696161862,
        "dvar": 1.16533931305e-06,
        "dvar2": 2.96456619253e-06,
        "max": 0.0119893280789,
        "mean": 0.00363433663733,
        "median": 0.00308829895221,
        "min": 0.000332580675604,
        "var": 2.34917206399e-06
    },
    "spectral_rolloff": {
        "dmean": 27.5830078125,
        "dmean2": 48.8360671997,
        "dvar": 2036.70361328,
        "dvar2": 5269.05908203,
        "max": 667.529296875,
        "mean": 504.651672363,
        "median": 538.330078125,
        "min": 279.931640625,
        "var": 7392.26318359
    },
    "spectral_skewness": {
        "dmean": 0.246064901352,
        "dmean2": 0.42352566123,
        "dvar": 0.0574390552938,
        "dvar2": 0.158338293433,
        "max": 3.2197022438,
        "mean": 1.827008605,
        "median": 1.73720932007,
        "min": 1.31118690968,
        "var": 0.129582434893
    },
    "spectral_spread": {
        "dmean": 280513.09375,
        "dmean2": 402544.71875,
        "dvar": 1.08321171046e+12,
        "dvar2": 694574514176,
        "max": 22120010,
        "mean": 3438208.5,
        "median": 3377060,
        "min": 1548096.25,
        "var": 1.9309190185e+12
    },
    "spectral_strongpeak": {
        "dmean": 0.22622705996,
        "dmean2": 0.404054135084,
        "dvar": 0.205187171698,
        "dvar2": 0.565538644791,
        "max": 4.80259084702,
        "mean": 0.874187350273,
        "median": 0.739797949791,
        "min": 0.0112429866567,
        "var": 0.229879438877
    },
    "zerocrossingrate": {
        "dmean": 0.00315987714566,
        "dmean2": 0.00438518635929,
        "dvar": 6.33095078229e-06,
        "dvar2": 1.04447035483e-05,
        "max": 0.03759765625,
        "mean": 0.024751925841,
        "median": 0.02490234375,
        "min": 0.0048828125,
        "var": 2.49435324804e-05
    },
    "barkbands": {
        "dmean": [2.52972472481e-06, 5.15112260473e-05, 0.00011279132741, 0.00117034825962, 0.00373312877491, 0.00100559950806, 0.000413375702919, 0.000759695249144, 0.000109953660285, 6.18607227807e-05, 6.23438827461e-05, 2.08946039493e-05, 1.25851838675e-05, 3.94981088903e-06, 2.00433123609e-06, 6.66486266709e-06, 1.76108205778e-05, 1.58489110618e-05, 1.70110488398e-05, 7.24179881217e-06, 4.06740264225e-06, 1.84297539363e-06, 2.04369285939e-07, 1.2057662957e-07, 2.04585546726e-07, 2.23231026553e-07, 4.07948647307e-07],
        "dmean2": [4.09200265494e-06, 7.48973543523e-05, 0.000175876994035, 0.00184272264596, 0.00653741182759, 0.00176867470145, 0.000630955852102, 0.00137151731178, 0.000197038869374, 0.000106149898784, 9.77673262241e-05, 3.63760082109e-05, 2.25133244385e-05, 6.75244518789e-06, 3.48513071913e-06, 1.1032079783e-05, 3.10663490382e-05, 2.75411293842e-05, 2.88636856567e-05, 1.20865179269e-05, 6.9664606599e-06, 3.17014928441e-06, 3.20886954341e-07, 1.84929518809e-07, 3.35962738518e-07, 3.59463626864e-07, 7.10842243734e-07],
        "dvar": [1.39344178557e-11, 5.10244291263e-09, 1.31529262148e-07, 2.04420921364e-05, 0.000119260395877, 1.13916457849e-05, 1.12270288355e-06, 8.80373590917e-07, 6.50866809337e-08, 4.68450807034e-08, 1.43591734059e-08, 5.77334668961e-09, 2.26714491625e-09, 2.06542231235e-11, 4.73717289354e-12, 3.50212775446e-11, 2.0978242754e-10, 1.45328846179e-10, 1.60407784278e-10, 3.61252243397e-11, 1.00071530923e-11, 2.49177111236e-12, 7.4369777372e-14, 3.18479204326e-14, 8.45000406994e-14, 6.97213554252e-14, 1.54070969849e-13],
        "dvar2": [2.34180834446e-11, 7.52976792029e-09, 3.01239936107e-07, 5.05129864905e-05, 0.000337374221999, 3.20271465171e-05, 2.21545610657e-06, 2.63794368038e-06, 1.8752425035e-07, 1.32515410201e-07, 3.60282719214e-08, 1.61412714306e-08, 6.59410703818e-09, 4.78134337678e-11, 1.34613977951e-11, 1.01306726896e-10, 6.56423193579e-10, 4.48227316374e-10, 4.59778187745e-10, 8.7416671124e-11, 2.97635457946e-11, 6.28093497351e-12, 1.7757444007e-13, 5.54204035094e-14, 1.93863073381e-13, 1.46336827204e-13, 3.40839850918e-13],
        "max": [4.31420994573e-05, 0.00110583519563, 0.00417238892987, 0.0520030111074, 0.0853946357965, 0.0359528884292, 0.012871041894, 0.0120762465522, 0.00283072097227, 0.00240158685483, 0.00111789803486, 0.000756935740355, 0.000522552640177, 5.58225729037e-05, 1.838463686e-05, 5.17842599947e-05, 0.000109100335976, 0.000102150675957, 0.000110056542326, 7.66836092225e-05, 3.15355428029e-05, 1.56023943418e-05, 3.31742376147e-06, 2.41347947849e-06, 3.12028601002e-06, 3.26550639329e-06, 4.40826397607e-06],
        "mean": [4.25336384069e-06, 9.37133445404e-05, 0.000128124636831, 0.00109607819468, 0.00865627359599, 0.00176545721479, 0.000929179717787, 0.00264267646708, 0.000156196110765, 7.47691374272e-05, 0.000110692897579, 2.86285157927e-05, 2.08744677366e-05, 8.20163131721e-06, 3.99956024921e-06, 1.92783591046e-05, 4.84261472593e-05, 4.86977878609e-05, 5.21468209627e-05, 2.93897064694e-05, 1.60412000696e-05, 5.3883882174e-06, 7.16367253517e-07, 4.98858526043e-07, 6.94424272751e-07, 9.17359898267e-07, 3.35135950991e-06],
        "median": [2.99030239148e-06, 4.50776024081e-05, 2.29615798162e-05, 3.52524693881e-05, 0.00561761157587, 0.000722120283172, 0.000394313799916, 0.00183582026511, 0.000108537416963, 4.41742886323e-05, 5.71950586163e-05, 1.50592823047e-05, 1.57880313054e-05, 6.88985846864e-06, 3.47603258888e-06, 1.81767882168e-05, 4.66584751848e-05, 4.6567296522e-05, 4.87234901811e-05, 2.8874786949e-05, 1.57931262947e-05, 5.00083524457e-06, 5.91920411352e-07, 4.25988389452e-07, 6.05101035944e-07, 8.19370768568e-07, 3.40422639056e-06],
        "min": [6.31293772813e-08, 1.02232525023e-06, 6.53396625694e-07, 2.95646691484e-06, 5.80451524002e-05, 1.07845289676e-05, 2.80588528767e-06, 2.39574569605e-06, 5.45886905456e-06, 2.07391917684e-06, 5.75739420583e-07, 1.30732132675e-07, 4.16883878529e-08, 1.6923534929e-07, 1.37684253332e-07, 1.97283583248e-07, 3.60673681143e-07, 1.45159367548e-06, 1.26594477479e-06, 5.41766894457e-07, 3.64693306665e-07, 1.59789649956e-07, 3.39147625539e-08, 4.06440392453e-08, 3.88730185819e-08, 3.80690323709e-08, 1.04015953184e-07],
        "var": [2.1535068867e-11, 2.26659384595e-08, 1.81911403274e-07, 2.08054552786e-05, 0.000120373486425, 1.08934309537e-05, 3.22770802086e-06, 5.79710831516e-06, 4.7594078012e-08, 3.24802087448e-08, 2.33498642643e-08, 4.53029347369e-09, 1.32743094294e-09, 4.08687597653e-11, 5.75213184376e-12, 6.59852103513e-11, 4.07646472134e-10, 2.93769342186e-10, 3.27886551243e-10, 7.68413527252e-11, 1.73275248316e-11, 3.92726129395e-12, 1.90677091087e-13, 9.5861808617e-14, 1.5437220187e-13, 2.30008286722e-13, 3.33899628866e-13]
    },
    "erbbands": {
        "dmean": [0.000776912318543, 0.0147809702903, 0.114576511085, 2.04263067245, 5.07465553284, 19.0508480072, 12.3345899582, 10.5060243607, 5.39823770523, 12.3272504807, 10.114118576, 2.36183190346, 1.92916250229, 2.02303934097, 1.70071172714, 0.814663767815, 0.598569869995, 0.215465992689, 0.167701363564, 0.199259489775, 0.313109874725, 1.005387187, 0.735578656197, 0.914145648479, 0.549949705601, 0.332176655531, 0.237307652831, 0.145924299955, 0.0702003091574, 0.0105736004189, 0.00574866123497, 0.00283754919656, 0.00236592604779, 0.00191602681298, 0.00176781101618, 0.000810111057945, 0.000531903642695, 0.000176869638381, 6.13998636254e-05, 1.32639324875e-05],
        "dmean2": [0.00127250154037, 0.0216814167798, 0.17873236537, 3.22018885612, 8.01138019562, 35.4323730469, 21.8323345184, 19.0290222168, 8.76469612122, 20.6958293915, 18.0781288147, 4.26335954666, 3.38709306717, 3.42016196251, 2.56790113449, 1.4306718111, 1.05945360661, 0.380266726017, 0.281788170338, 0.32948127389, 0.517444074154, 1.78031384945, 1.25282919407, 1.57482779026, 0.938234329224, 0.543955802917, 0.421601474285, 0.247770726681, 0.119682379067, 0.0167645066977, 0.00958158262074, 0.00472526904196, 0.00364010687917, 0.00307374563999, 0.00286211143248, 0.00124574091751, 0.000866774294991, 0.000292699289275, 0.000105283492303, 2.31184767472e-05],
        "dvar": [8.51510321809e-07, 0.000451644853456, 0.117758817971, 67.3355484009, 219.987106323, 3025.59936523, 1458.86547852, 1363.95849609, 178.678817749, 557.555297852, 167.810821533, 29.8892345428, 42.6710472107, 28.807062149, 11.5310850143, 11.6032390594, 5.62495946884, 0.0733757540584, 0.0333169288933, 0.0303757395595, 0.0656525865197, 0.711703777313, 0.33915796876, 0.513659238815, 0.185531005263, 0.065908446908, 0.0338942408562, 0.0158758144826, 0.00394491897896, 0.000144743491546, 5.49833421246e-05, 1.61074185598e-05, 1.06309562398e-05, 5.63566118217e-06, 7.21679816706e-06, 1.42423209581e-06, 2.68266717285e-07, 2.38177548795e-08, 2.75817768625e-09, 4.07397754421e-10],
        "dvar2": [1.91939579963e-06, 0.000677530071698, 0.267291396856, 161.166748047, 513.805725098, 8964.39257812, 3949.06420898, 3880.39111328, 497.983001709, 966.551513672, 463.213256836, 86.3033599854, 118.61932373, 80.4268264771, 26.0799293518, 32.7398757935, 16.3791885376, 0.194474905729, 0.0744290947914, 0.0831245407462, 0.180344685912, 2.21361279488, 0.988984584808, 1.48103582859, 0.532977104187, 0.166683584452, 0.1008534953, 0.0452524572611, 0.00960721541196, 0.000288528972305, 0.000120332893857, 2.97678270726e-05, 2.09252884815e-05, 1.2209162378e-05, 1.73280932358e-05, 3.33673347086e-06, 5.63148546462e-07, 5.21068344028e-08, 7.65434027272e-09, 1.05380881799e-09],
        "max": [0.0101037127897, 0.315603405237, 4.36818981171, 99.3523864746, 122.67868042, 446.827941895, 320.260620117, 392.275146484, 147.189193726, 387.95892334, 182.512512207, 61.7993927002, 60.8770675659, 62.775844574, 31.0455970764, 33.0961799622, 25.7217731476, 3.15389418602, 1.56210041046, 1.44126367569, 3.03229665756, 6.06820011139, 5.11541986465, 7.46751832962, 3.98318958282, 3.00768756866, 1.5840678215, 1.2786911726, 0.619718372822, 0.149295091629, 0.0868877843022, 0.0490689612925, 0.0425518453121, 0.0282053966075, 0.0240946151316, 0.015586736612, 0.00681959465146, 0.00183815113269, 0.000608037225902, 0.000212156402995],
        "mean": [0.00119236856699, 0.0270683951676, 0.147736340761, 2.07642650604, 7.4510102272, 43.329875946, 24.6797504425, 15.9259786606, 10.5302143097, 34.9711265564, 43.4159736633, 4.79441833496, 2.36976742744, 3.48186254501, 3.2732963562, 1.14174902439, 0.993721783161, 0.453713297844, 0.352025926113, 0.602412521839, 1.10332942009, 2.83627915382, 2.66180157661, 3.07316732407, 1.95811223984, 1.34209108353, 0.808549404144, 0.541224241257, 0.231730133295, 0.04142761603, 0.0201897583902, 0.0110553419217, 0.00883492454886, 0.00690448237583, 0.00542571116239, 0.00289344438352, 0.0019072216237, 0.000919746409636, 0.000389650347643, 8.05365489214e-05],
        "median": [0.00070075748954, 0.012130680494, 0.0352754704654, 0.100430123508, 1.88115787506, 31.3855342865, 13.4128894806, 8.31396102905, 5.89823484421, 18.4620800018, 31.8251628876, 3.79990768433, 1.30466997623, 2.43842434883, 1.41656184196, 0.675790250301, 0.741961300373, 0.371421098709, 0.301404029131, 0.568437695503, 1.06181371212, 2.65856862068, 2.57821321487, 2.98554158211, 1.90463256836, 1.30926966667, 0.781618773937, 0.513554573059, 0.218520581722, 0.0356437452137, 0.0168853439391, 0.00962766911834, 0.0077074659057, 0.00584420002997, 0.0046751066111, 0.00243372865953, 0.00166988372803, 0.000887353438884, 0.000396450021071, 7.74519867264e-05],
        "min": [5.40489054401e-05, 0.000605898210779, 0.00183177157305, 0.0260063987225, 0.103979706764, 0.223196089268, 0.177714467049, 0.0674047097564, 0.0276317391545, 0.0511684045196, 0.0928664281964, 0.12226472795, 0.0684698224068, 0.0496037080884, 0.0163092631847, 0.00552057335153, 0.0022067790851, 0.00594472419471, 0.00787133071572, 0.0124797560275, 0.00873974245042, 0.0237627085298, 0.0497553981841, 0.13096421957, 0.0238458737731, 0.0280640851706, 0.0200751777738, 0.0107322596014, 0.00577073823661, 0.00152805179823, 0.00136640772689, 0.00127147918101, 0.000357937271474, 0.000355419906555, 0.000303564534988, 0.00016221406986, 7.36723304726e-05, 3.6727549741e-05, 1.00494380604e-05, 2.23766369345e-06],
        "var": [2.1574769562e-06, 0.00205877586268, 0.182459771633, 73.7994689941, 331.667663574, 2380.22119141, 1492.34399414, 1036.67333984, 199.650970459, 2692.59423828, 1462.44165039, 24.4938488007, 30.0018024445, 23.4351921082, 25.0949478149, 8.04949760437, 3.27738261223, 0.121139712632, 0.0555870346725, 0.0604001656175, 0.18223798275, 1.34286034107, 0.691649079323, 1.0681540966, 0.375351458788, 0.152229085565, 0.0536410026252, 0.0235537197441, 0.00609738659114, 0.000402099714847, 0.000142624427099, 4.61844465462e-05, 3.004069913e-05, 1.5817278836e-05, 1.08145713966e-05, 3.29149361278e-06, 1.06880054318e-06, 7.02302358491e-08, 6.18093265459e-09, 4.65641747383e-10]
    },
    "gfcc": {
        "mean": [-84.5609970093, 112.685295105, -103.58379364, 5.96061372757, -64.180267334, -62.625213623, -31.1369018555, -6.2869811058, -30.6571807861, -6.88894844055, -14.8164100647, 1.7670147419, -6.68791437149],
        "cov": [[425.184997559, 245.615219116, 37.4053344727, -7.90942287445, 34.7427024841, 2.52791810036, 6.87950706482, -30.8447036743, -34.1065406799, -15.4559850693, 1.813149333, -15.2357378006, -23.0417804718], [245.615219116, 368.003601074, 55.4892082214, -4.82128190994, 61.7322463989, -11.3805141449, 36.5948486328, -31.4919719696, -41.5899009705, -40.8330230713, -9.89891433716, -41.846736908, -33.6471824646], [37.4053344727, 55.4892082214, 119.723258972, 70.6202774048, 34.4365921021, 33.9366950989, -0.220294550061, 12.2976770401, -7.49188041687, -7.50033664703, -20.9811096191, -14.8810062408, -1.83803248405], [-7.90942287445, -4.82128190994, 70.6202774048, 96.2116851807, 61.3561058044, 29.4167308807, -13.571228981, -4.0742316246, -12.8956508636, -6.30682468414, -12.0608930588, -4.45564746857, 10.3347120285], [34.7427024841, 61.7322463989, 34.4365921021, 61.3561058044, 81.7007980347, 27.726858139, -1.60926437378, -20.7370376587, -27.2287597656, -11.327878952, -2.33189606667, 0.791654586792, 10.4191455841], [2.52791810036, -11.3805141449, 33.9366950989, 29.4167308807, 27.726858139, 50.7029266357, 8.57387733459, 5.26135969162, -8.05880451202, 2.10656380653, 4.89806556702, 11.5740756989, 11.5757493973], [6.87950706482, 36.5948486328, -0.220294550061, -13.571228981, -1.60926437378, 8.57387733459, 32.9399223328, 11.8288259506, 1.17338907719, -1.3281031847, 10.3456277847, 7.18160676956, 1.65936136246], [-30.8447036743, -31.4919719696, 12.2976770401, -4.0742316246, -20.7370376587, 5.26135969162, 11.8288259506, 36.7661018372, 27.1416759491, 17.460483551, 4.60783815384, 4.01675081253, -2.36366987228], [-34.1065406799, -41.5899009705, -7.49188041687, -12.8956508636, -27.2287597656, -8.05880451202, 1.17338907719, 27.1416759491, 41.6544799805, 27.772983551, 6.78789043427, 0.916185200214, -5.67356109619], [-15.4559850693, -40.8330230713, -7.50033664703, -6.30682468414, -11.327878952, 2.10656380653, -1.3281031847, 17.460483551, 27.772983551, 31.8173942566, 11.2600412369, 5.73045015335, -1.67991018295], [1.813149333, -9.89891433716, -20.9811096191, -12.0608930588, -2.33189606667, 4.89806556702, 10.3456277847, 4.60783815384, 6.78789043427, 11.2600412369, 24.2836360931, 16.1151580811, 5.37553071976], [-15.2357378006, -41.846736908, -14.8810062408, -4.45564746857, 0.791654586792, 11.5740756989, 7.18160676956, 4.01675081253, 0.916185200214, 5.73045015335, 16.1151580811, 33.7620697021, 21.3426742554], [-23.0417804718, -33.6471824646, -1.83803248405, 10.3347120285, 10.4191455841, 11.5757493973, 1.65936136246, -2.36366987228, -5.67356109619, -1.67991018295, 5.37553071976, 21.3426742554, 29.0521297455]],
        "icov": [[0.00508744223043, -0.00576696824282, 0.00129475991707, -0.00278571015224, 0.00557187572122, -0.00298368721269, 0.00566386478022, 0.000291726406431, 0.00508374115452, -0.00643400289118, 0.000409057538491, -0.00539136584848, 0.00182526477147], [-0.00576696824282, 0.0196567829698, -0.0171168949455, 0.022416094318, -0.0274069365114, 0.0144331315532, -0.0188163220882, 0.00851259473711, -0.0110722817481, 0.0175436921418, -0.0106234000996, 0.0154335722327, 0.00446028262377], [0.00129475991707, -0.0171168949455, 0.0428458750248, -0.0405908301473, 0.0313274040818, -0.0230274833739, 0.00944976322353, -0.0196790527552, 0.0130465207621, -0.014866951853, 0.0264679156244, -0.00812450237572, -0.00308859441429], [-0.00278571015224, 0.022416094318, -0.0405908301473, 0.0744510293007, -0.0627894550562, 0.0165792647749, 0.00232145981863, 0.000830830074847, -0.0196772776544, 0.0292896833271, -0.0206862837076, 0.0212198924273, -0.00336311012506], [0.00557187572122, -0.0274069365114, 0.0313274040818, -0.0627894550562, 0.0817013978958, -0.0275034923106, 0.00895562488586, 0.00747087411582, 0.0284054446965, -0.0378206893802, 0.0160662699491, -0.0187574960291, -0.00708315335214], [-0.00298368721269, 0.0144331315532, -0.0230274833739, 0.0165792647749, -0.0275034923106, 0.0497961752117, -0.0192421916872, -0.00215002475306, 0.0105538703501, -0.00282475608401, -0.0132558783516, 0.00294162612408, 0.000131077613332], [0.00566386478022, -0.0188163220882, 0.00944976322353, 0.00232145981863, 0.00895562488586, -0.0192421916872, 0.0812302678823, -0.0430270470679, 0.0105345435441, 0.0123778041452, -0.0210748221725, -0.00971489120275, -0.0074039506726], [0.000291726406431, 0.00851259473711, -0.0196790527552, 0.000830830074847, 0.00747087411582, -0.00215002475306, -0.0430270470679, 0.100000113249, -0.051862411201, -0.00178911082912, 0.00606760568917, -0.00937486253679, 0.0128534547985], [0.00508374115452, -0.0110722817481, 0.0130465207621, -0.0196772776544, 0.0284054446965, 0.0105538703501, 0.0105345435441, -0.051862411201, 0.121026150882, -0.0827893763781, 0.00743574881926, 0.000559318985324, -0.00311878160574], [-0.00643400289118, 0.0175436921418, -0.014866951853, 0.0292896833271, -0.0378206893802, -0.00282475608401, 0.0123778041452, -0.00178911082912, -0.0827893763781, 0.127620324492, -0.0447349250317, 0.0124456463382, 0.00803861953318], [0.000409057538491, -0.0106234000996, 0.0264679156244, -0.0206862837076, 0.0160662699491, -0.0132558783516, -0.0210748221725, 0.00606760568917, 0.00743574881926, -0.0447349250317, 0.11016163975, -0.0496889911592, 0.0132565591484], [-0.00539136584848, 0.0154335722327, -0.00812450237572, 0.0212198924273, -0.0187574960291, 0.00294162612408, -0.00971489120275, -0.00937486253679, 0.000559318985324, 0.0124456463382, -0.0496889911592, 0.105529949069, -0.0566197298467], [0.00182526477147, 0.00446028262377, -0.00308859441429, -0.00336311012506, -0.00708315335214, 0.000131077613332, -0.0074039506726, 0.0128534547985, -0.00311878160574, 0.00803861953318, 0.0132565591484, -0.0566197298467, 0.0849895775318]]
    },
    "melbands": {
        "dmean": [1.04120699689e-05, 3.62853788829e-05, 0.000428367260611, 0.000792737002485, 0.000564800342545, 0.000209688223549, 8.68525603437e-05, 0.000160566356499, 6.77481439197e-05, 1.39086150739e-05, 9.84496000456e-06, 8.30201042845e-06, 7.87514181866e-06, 2.39754240283e-06, 2.04698608286e-06, 9.06066475181e-07, 3.79993991828e-07, 3.49250029785e-07, 1.71309793018e-07, 5.15394958711e-07, 3.76045790063e-07, 1.09154893835e-06, 8.99864403436e-07, 7.38211326734e-07, 8.51489573961e-07, 6.26109113e-07, 3.84310595791e-07, 2.51062914458e-07, 1.89441365706e-07, 1.14716584676e-07, 1.01554086029e-07, 5.66502116328e-08, 1.55058739182e-08, 4.2914183318e-09, 3.86972676125e-09, 3.25908322552e-09, 1.57964941128e-09, 1.92635152274e-09, 1.84105630741e-09, 1.9726589251e-09],
        "dmean2": [1.53317978402e-05, 5.71736927668e-05, 0.000652929127682, 0.00141038896982, 0.00103841454256, 0.000377288844902, 0.000140142801683, 0.000277324026683, 0.000121088101878, 2.48989417742e-05, 1.72810468939e-05, 1.41761174746e-05, 1.18082634799e-05, 4.20848891736e-06, 3.70671932615e-06, 1.58002478656e-06, 6.68634470458e-07, 5.93018967265e-07, 2.92012344971e-07, 8.64026674208e-07, 6.40386986106e-07, 1.90011860468e-06, 1.57644387855e-06, 1.2718905964e-06, 1.45246883676e-06, 1.05974970666e-06, 6.55113296943e-07, 4.26260839959e-07, 3.38247957643e-07, 1.95252823687e-07, 1.73447219254e-07, 9.53008765237e-08, 2.56467025395e-08, 6.5437797403e-09, 6.34857100223e-09, 5.73732306108e-09, 2.49224885174e-09, 3.07032421709e-09, 2.8470312774e-09, 3.3110443276e-09],
        "dvar": [1.8400397872e-10, 7.23578175155e-09, 2.52321524385e-06, 4.99251245856e-06, 3.17909189107e-06, 5.36320158062e-07, 4.64307881032e-08, 5.98166849386e-08, 7.11250391916e-09, 1.24567223203e-09, 1.14971276943e-09, 5.9491322979e-10, 2.30886018637e-10, 5.3147868051e-11, 1.08733556881e-10, 4.57705054413e-12, 1.87629547858e-13, 1.52162462318e-13, 2.89256872578e-14, 2.43847585353e-13, 1.08453888502e-13, 8.56297780079e-13, 5.67176243037e-13, 3.62302933965e-13, 4.43338589581e-13, 2.53957635086e-13, 9.79188382938e-14, 3.6717041896e-14, 2.16235636032e-14, 7.70892562703e-15, 7.90244639745e-15, 2.31239147567e-15, 2.35937983433e-16, 2.81119779631e-17, 2.20743056084e-17, 1.49968225559e-17, 5.04184450452e-18, 6.54256685701e-18, 6.39738673334e-18, 7.31124429356e-18],
        "dvar2": [3.14427817116e-10, 1.51892844968e-08, 6.08172513239e-06, 1.43700035551e-05, 8.80446714291e-06, 1.52858638103e-06, 1.24632762777e-07, 1.25750233337e-07, 1.98081053782e-08, 3.56761797882e-09, 3.21522186653e-09, 1.67968816633e-09, 5.42247857727e-10, 1.46261974754e-10, 3.15098586112e-10, 1.3220417816e-11, 4.85792666944e-13, 3.28714242241e-13, 8.37879570413e-14, 7.11667378674e-13, 2.76463910358e-13, 2.69196600775e-12, 1.60078677744e-12, 1.07072174477e-12, 1.30562162644e-12, 6.94939928086e-13, 2.71592698418e-13, 1.00715510693e-13, 6.6078497112e-14, 2.31609572016e-14, 2.3452556764e-14, 5.94724956267e-15, 6.47511001336e-16, 5.92899571149e-17, 4.99218388927e-17, 3.75646869834e-17, 8.70751689575e-18, 1.48073072058e-17, 1.32308002199e-17, 1.71472291051e-17],
        "max": [0.000202734998311, 0.00108289287891, 0.0180705245584, 0.017477504909, 0.0151457572356, 0.0077942465432, 0.00230858684517, 0.00387754617259, 0.00119675230235, 0.000390864937799, 0.000327189307427, 0.000284145149635, 0.000139026160468, 7.07367726136e-05, 0.000108549385914, 2.3826607503e-05, 5.80604864808e-06, 3.26904046233e-06, 1.44567684401e-06, 4.20260585088e-06, 3.61489787792e-06, 6.83073449181e-06, 5.89242154092e-06, 4.77144021716e-06, 6.76377430864e-06, 4.55711096947e-06, 3.45442572325e-06, 1.69934082805e-06, 1.19541869026e-06, 7.68365339354e-07, 8.66486516315e-07, 4.78980155094e-07, 1.45515727468e-07, 5.82754289269e-08, 5.46951604008e-08, 3.77099134141e-08, 2.87726962256e-08, 3.53923574892e-08, 2.95642106352e-08, 3.60895953122e-08],
        "mean": [1.87256409845e-05, 5.45653419977e-05, 0.000440792355221, 0.00173378433101, 0.00127261620946, 0.000335626478773, 0.000163914082805, 0.000498697452713, 0.000286305003101, 1.98769503186e-05, 1.12975376396e-05, 1.36308381116e-05, 1.42431244967e-05, 3.63643789569e-06, 2.45307523983e-06, 1.70199666627e-06, 7.56360066134e-07, 6.55107442071e-07, 3.68023762576e-07, 1.37363554131e-06, 1.16367334613e-06, 2.91666924568e-06, 2.65891549134e-06, 2.3468692234e-06, 2.56978592006e-06, 1.84293423899e-06, 1.13730084195e-06, 8.17878969883e-07, 5.37538312528e-07, 3.77338295721e-07, 3.02836468791e-07, 1.56845487709e-07, 4.26208544013e-08, 1.38971785191e-08, 1.18051719511e-08, 9.1605727448e-09, 5.77015857317e-09, 6.2349547747e-09, 5.62278934524e-09, 5.98091309811e-09],
        "median": [1.00580709841e-05, 1.85061999218e-05, 2.43847935053e-05, 0.00105215946678, 0.000847368559334, 0.000161406496773, 8.40694119688e-05, 0.000295759760775, 0.000213797873585, 1.33149205794e-05, 6.05816012467e-06, 9.36677861318e-06, 6.11417226537e-06, 2.20697711484e-06, 1.49996549226e-06, 1.37679705858e-06, 6.53066763334e-07, 5.55407950742e-07, 3.18020511259e-07, 1.31437764139e-06, 1.06376546682e-06, 2.8292558909e-06, 2.64200775746e-06, 2.19992921302e-06, 2.52293307312e-06, 1.7573521518e-06, 1.06575669179e-06, 8.18026876459e-07, 5.20639218848e-07, 3.6563162098e-07, 2.83944103785e-07, 1.45878402691e-07, 3.70059112242e-08, 1.14210303437e-08, 9.74773683993e-09, 7.87283838122e-09, 4.73087702346e-09, 5.4132445193e-09, 4.47397630055e-09, 4.95015761715e-09],
        "min": [4.34764729107e-07, 6.00591420152e-07, 4.556805834e-06, 1.2277479982e-05, 7.35171852284e-06, 1.53208520715e-06, 4.87736485866e-07, 4.86890883167e-07, 9.16368151138e-07, 7.08286449935e-07, 3.30042126961e-07, 2.14313288893e-07, 6.5273184191e-08, 1.88429378767e-08, 6.66751320821e-09, 5.36576383325e-09, 1.23634489313e-08, 1.44017091586e-08, 1.09321769415e-08, 1.95915941248e-08, 7.2918351357e-09, 2.43297595404e-08, 2.14474553673e-08, 7.22563342492e-08, 1.19065177273e-07, 1.57342157081e-08, 1.65505689154e-08, 1.86106987599e-08, 1.43063889624e-08, 5.28701260549e-09, 7.58496376818e-09, 3.58822327406e-09, 2.0783743615e-09, 3.16493053987e-10, 6.67768007556e-10, 9.91246085214e-10, 6.59831245198e-10, 2.36432290412e-10, 2.65123201171e-10, 2.80985179568e-10],
        "var": [7.33711480461e-10, 1.56013850727e-08, 2.82521091322e-06, 5.21149286214e-06, 2.79097207567e-06, 4.32017571939e-07, 5.49686411944e-08, 3.28199433852e-07, 6.05797083608e-08, 8.99560093082e-10, 7.92992005394e-10, 4.45752657008e-10, 4.76176764685e-10, 4.81537899832e-11, 6.14900699802e-11, 3.2494931225e-12, 3.67365643114e-13, 2.33972075655e-13, 3.97259909159e-14, 3.98615602332e-13, 2.45772125524e-13, 1.65747992588e-12, 9.6916094941e-13, 7.10101682316e-13, 8.66432901987e-13, 4.68584752163e-13, 2.00751524779e-13, 6.61773763501e-14, 3.1590662974e-14, 1.28407941696e-14, 1.08220469939e-14, 3.49512284993e-15, 3.72700108385e-16, 8.12156233302e-17, 5.79034700593e-17, 2.79298559532e-17, 1.57465691369e-17, 1.56650488332e-17, 1.54573934122e-17, 1.44253896451e-17]
    },
    "mfcc": {
        "mean": [-741.08996582, 164.566680908, -8.86873722076, 54.411026001, -28.1696109772, -35.3494110107, -13.5303125381, -15.2547969818, -10.5245943069, -21.4843006134, -6.05503988266, -1.78366589546, -7.05469894409],
        "cov": [[388.284545898, 214.821395874, -12.2884368896, 17.6084194183, 0.543898820877, 23.1647605896, 23.9544277191, -5.19420576096, -25.7452945709, -30.9444942474, -9.70431041718, 12.3474884033, 18.3117389679], [214.821395874, 337.393676758, 2.50677776337, 37.1569137573, -0.479986876249, 16.9868774414, 48.6557006836, 4.0795249939, -11.3296947479, -30.9110679626, -9.16767215729, 5.56211614609, 8.13928031921], [-12.2884368896, 2.50677776337, 103.197685242, 24.2455806732, 25.0344009399, 10.6936407089, 8.98370170593, 18.8079738617, 23.5326519012, 26.0575199127, 4.32652139664, -6.14914035797, -7.85429334641], [17.6084194183, 37.1569137573, 24.2455806732, 71.9220046997, 51.3540649414, 26.0108375549, 17.7340621948, 3.10429024696, 5.77917575836, -2.583309412, -7.39724302292, -10.1352872849, -8.23305034637], [0.543898820877, -0.479986876249, 25.0344009399, 51.3540649414, 78.0573654175, 47.3307228088, 22.7083053589, 4.01509714127, 2.8335647583, 1.80602967739, -10.5088033676, -14.452009201, -11.2303209305], [23.1647605896, 16.9868774414, 10.6936407089, 26.0108375549, 47.3307228088, 51.696434021, 30.0182991028, 7.79906129837, -1.98274552822, -5.51543569565, -12.1445541382, -12.602809906, -5.34199810028], [23.9544277191, 48.6557006836, 8.98370170593, 17.7340621948, 22.7083053589, 30.0182991028, 46.8534011841, 17.9049968719, -0.634818434715, -10.1628789902, -11.891084671, -8.12713432312, -1.83732247353], [-5.19420576096, 4.0795249939, 18.8079738617, 3.10429024696, 4.01509714127, 7.79906129837, 17.9049968719, 25.4765491486, 8.24059963226, 0.554588317871, -3.89460873604, -1.95848071575, 4.84793281555], [-25.7452945709, -11.3296947479, 23.5326519012, 5.77917575836, 2.8335647583, -1.98274552822, -0.634818434715, 8.24059963226, 23.644618988, 13.1898126602, 4.18479013443, 0.929566979408, 0.493395626545], [-30.9444942474, -30.9110679626, 26.0575199127, -2.583309412, 1.80602967739, -5.51543569565, -10.1628789902, 0.554588317871, 13.1898126602, 30.8270072937, 15.3505010605, 8.12311935425, 1.63470339775], [-9.70431041718, -9.16767215729, 4.32652139664, -7.39724302292, -10.5088033676, -12.1445541382, -11.891084671, -3.89460873604, 4.18479013443, 15.3505010605, 31.0928344727, 20.51820755, 9.66773319244], [12.3474884033, 5.56211614609, -6.14914035797, -10.1352872849, -14.452009201, -12.602809906, -8.12713432312, -1.95848071575, 0.929566979408, 8.12311935425, 20.51820755, 31.9420986176, 19.24127388], [18.3117389679, 8.13928031921, -7.85429334641, -8.23305034637, -11.2303209305, -5.34199810028, -1.83732247353, 4.84793281555, 0.493395626545, 1.63470339775, 9.66773319244, 19.24127388, 29.8433132172]],
