{
"lowlevel": {
    "average_loudness": 0.988166928291,
    "barkbands_crest": {
        "dmean": 1.28437912464,
        "dmean2": 1.86256694794,
        "dvar": 5.56404542923,
        "dvar2": 15.4213418961,
        "max": 26.2292938232,
        "mean": 18.4337043762,
        "median": 18.7299995422,
        "min": 6.02727365494,
        "var": 23.9910469055
    },
    "barkbands_flatness_db": {
        "dmean": 0.021451966837,
        "dmean2": 0.0277500934899,
        "dvar": 0.00115311041009,
        "dvar2": 0.00257313577458,
        "max": 0.499761044979,
        "mean": 0.358178704977,
        "median": 0.398754298687,
        "min": 0.127353519201,
        "var": 0.0110448757187
    },
    "barkbands_kurtosis": {
        "dmean": 2.9326543808,
        "dmean2": 4.15506649017,
        "dvar": 26.120552063,
        "dvar2": 69.368057251,
        "max": 60.9542121887,
        "mean": 7.13218784332,
        "median": 1.41585826874,
        "min": -1.019272089,
        "var": 188.632766724
    },
    "barkbands_skewness": {
        "dmean": 0.402999103069,
        "dmean2": 0.580413162708,
        "dvar": 0.420007914305,
        "dvar2": 0.893330097198,
        "max": 3.92061710358,
        "mean": 0.179599568248,
        "median": 0.302392184734,
        "min": -4.02690553665,
        "var": 2.74825167656
    },
    "barkbands_spread": {
        "dmean": 0.996748924255,
        "dmean2": 1.56550860405,
        "dvar": 2.89606499672,
        "dvar2": 8.27666759491,
        "max": 13.2919130325,
        "mean": 4.68714952469,
        "median": 4.01405286789,
        "min": 0.564256727695,
        "var": 7.84396934509
    },
    "dissonance": {
        "dmean": 0.0807094275951,
        "dmean2": 0.147882789373,
        "dvar": 0.00479828892276,
        "dvar2": 0.0147929126397,
        "max": 0.499037772417,
        "mean": 0.308834016323,
        "median": 0.301510691643,
        "min": 0.0882073864341,
        "var": 0.00795796699822
    },
    "dynamic_complexity": 5.07424974442,
    "erbbands_crest": {
        "dmean": 1.10800337791,
        "dmean2": 1.29736280441,
        "dvar": 4.53562498093,
        "dvar2": 10.413064003,
        "max": 27.8493003845,
        "mean": 19.3005771637,
        "median": 19.1190662384,
        "min": 6.98375034332,
        "var": 22.8878097534
    },
    "erbbands_flatness_db": {
        "dmean": 0.0181659590453,
        "dmean2": 0.0222582556307,
        "dvar": 0.000845809350722,
        "dvar2": 0.0019618764054,
        "max": 0.495176970959,
        "mean": 0.379218012094,
        "median": 0.431594908237,
        "min": 0.172796040773,
        "var": 0.00995931215584
    },
    "erbbands_kurtosis": {
        "dmean": 2.25996780396,
        "dmean2": 2.84076833725,
        "dvar": 16.5327625275,
        "dvar2": 39.8089675903,
        "max": 49.6946487427,
        "mean": 7.44583034515,
        "median": 1.33585500717,
        "min": -1.7491877079,
        "var": 174.594970703
    },
    "erbbands_skewness": {
        "dmean": 0.282263815403,
        "dmean2": 0.40719050169,
        "dvar": 0.239312171936,
        "dvar2": 0.548307478428,
        "max": 4.10953330994,
        "mean": 0.588263332844,
        "median": 0.327542662621,
        "min": -1.01453053951,
        "var": 0.945880115032
    },
    "erbbands_spread": {
        "dmean": 1.16651546955,
        "dmean2": 1.55147111416,
        "dvar": 9.44191646576,
        "dvar2": 26.0235309601,
        "max": 24.4541015625,
        "mean": 6.58101892471,
        "median": 6.37770366669,
        "min": 0.847273170948,
        "var": 22.6248035431
    },
    "hfc": {
        "dmean": 1.76902341843,
        "dmean2": 1.96098983288,
        "dvar": 13.1124391556,
        "dvar2": 23.865026474,
        "max": 48.9536705017,
        "mean": 17.5663661957,
        "median": 18.2408161163,
        "min": 0.29352414608,
        "var": 219.688964844
    },
    "melbands_crest": {
        "dmean": 1.36470770836,
        "dmean2": 2.06318092346,
        "dvar": 4.72179460526,
        "dvar2": 13.7813491821,
        "max": 24.5213413239,
        "mean": 16.9781360626,
        "median": 17.326789856,
        "min": 7.42027378082,
        "var": 16.6684532166
    },
    "melbands_flatness_db": {
        "dmean": 0.0204474665225,
        "dmean2": 0.0263595599681,
        "dvar": 0.00117648812011,
        "dvar2": 0.00278082094155,
        "max": 0.561115562916,
        "mean": 0.435505449772,
        "median": 0.471095442772,
        "min": 0.202735513449,
        "var": 0.00856419093907
    },
    "melbands_kurtosis": {
        "dmean": 1.91288197041,
        "dmean2": 2.50945711136,
        "dvar": 10.7977867126,
        "dvar2": 24.8761768341,
        "max": 31.728679657,
        "mean": 4.11791753769,
        "median": 0.689089536667,
        "min": -1.43415510654,
        "var": 54.7153816223
    },
    "melbands_skewness": {
        "dmean": 0.338273495436,
        "dmean2": 0.476884096861,
        "dvar": 0.183698251843,
        "dvar2": 0.356674730778,
        "max": 3.11167955399,
        "mean": 0.286907881498,
        "median": 0.566541671753,
        "min": -3.66372966766,
        "var": 2.39369440079
    },
    "melbands_spread": {
        "dmean": 1.33924531937,
        "dmean2": 1.97942125797,
        "dvar": 3.08230686188,
        "dvar2": 7.86980772018,
        "max": 19.2059993744,
        "mean": 8.48649978638,
        "median": 7.52977275848,
        "min": 1.6162327528,
        "var": 20.6664161682
    },
    "pitch_salience": {
        "dmean": 0.0382623374462,
        "dmean2": 0.0490649826825,
        "dvar": 0.00663676252589,
        "dvar2": 0.0150007996708,
        "max": 0.824052512646,
        "mean": 0.386557579041,
        "median": 0.440911710262,
        "min": 0.0955416336656,
        "var": 0.0193805135787
    },
    "silence_rate_20dB": {
        "dmean": 0,
        "dmean2": 0,
        "dvar": 0,
        "dvar2": 0,
        "max": 1,
        "mean": 1,
        "median": 1,
        "min": 1,
        "var": 0
    },
    "silence_rate_30dB": {
        "dmean": 0,
        "dmean2": 0,
        "dvar": 0,
        "dvar2": 0,
        "max": 1,
        "mean": 1,
        "median": 1,
        "min": 1,
        "var": 0
    },
    "silence_rate_60dB": {
        "dmean": 0.0222222227603,
        "dmean2": 0.0449438206851,
        "dvar": 0.021728426218,
        "dvar2": 0.0429238565266,
        "max": 1,
        "mean": 0.318681329489,
        "median": 0,
        "min": 0,
        "var": 0.217123910785
    },
    "spectral_centroid": {
        "dmean": 18.3188419342,
        "dmean2": 23.6597137451,
        "dvar": 876.631713867,
        "dvar2": 1693.5736084,
        "max": 905.246520996,
        "mean": 762.490966797,
        "median": 811.24041748,
        "min": 428.877655029,
        "var": 10621.2441406
    },
    "spectral_complexity": {
        "dmean": 0.955555558205,
        "dmean2": 1.64044940472,
        "dvar": 1.82024502754,
        "dvar2": 3.17409324646,
        "max": 15,
        "mean": 4.23076915741,
        "median": 4,
        "min": 1,
        "var": 3.14454770088
    },
    "spectral_decrease": {
        "dmean": 5.99332639073e-10,
        "dmean2": 7.03626268361e-10,
        "dvar": 1.59780823079e-18,
        "dvar2": 3.11121570817e-18,
        "max": -8.84505663157e-11,
        "mean": -5.36869082524e-09,
        "median": -5.00638019929e-09,
        "min": -1.74740772962e-08,
        "var": 2.24104023261e-17
    },
    "spectral_energy": {
        "dmean": 0.00242139818147,
        "dmean2": 0.00283291074447,
        "dvar": 2.59627795458e-05,
        "dvar2": 5.03606606799e-05,
        "max": 0.0703910067677,
        "mean": 0.0218559075147,
        "median": 0.020384920761,
        "min": 0.000361173355486,
        "var": 0.000368667882867
    },
    "spectral_energyband_high": {
        "dmean": 1.15793936857e-05,
        "dmean2": 1.92959651031e-05,
        "dvar": 3.99271682383e-09,
        "dvar2": 7.37103045267e-09,
        "max": 0.000502993992995,
        "mean": 1.49190364027e-05,
        "median": 1.82592191322e-06,
        "min": 9.72354783357e-08,
        "var": 5.2258490868e-09
    },
    "spectral_energyband_low": {
        "dmean": 8.6761181592e-05,
        "dmean2": 0.000146753256558,
        "dvar": 8.60109228285e-09,
        "dvar2": 2.28695480331e-08,
        "max": 0.000502358365338,
        "mean": 0.000123244652059,
        "median": 8.8048116595e-05,
        "min": 6.95989638189e-06,
        "var": 1.09363700318e-08
    },
    "spectral_energyband_middle_high": {
        "dmean": 0.000763346033636,
        "dmean2": 0.000560299376957,
        "dvar": 2.55965687757e-06,
        "dvar2": 1.61586967806e-06,
        "max": 0.0248115416616,
        "mean": 0.00691250991076,
        "median": 0.00688650738448,
        "min": 4.45177138317e-05,
        "var": 3.54108342435e-05
    },
    "spectral_energyband_middle_low": {
        "dmean": 0.00188768736552,
        "dmean2": 0.00257106265053,
        "dvar": 2.49651257036e-05,
        "dvar2": 5.20879984833e-05,
        "max": 0.0657851621509,
        "mean": 0.0149099053815,
        "median": 0.0108568919823,
        "min": 0.000221179798245,
        "var": 0.000295591977192
    },
    "spectral_entropy": {
        "dmean": 0.21042264998,
        "dmean2": 0.281694561243,
        "dvar": 0.148598566651,
        "dvar2": 0.319448530674,
        "max": 7.17281389236,
        "mean": 5.07896995544,
        "median": 4.65509366989,
        "min": 3.83568358421,
        "var": 0.878688037395
    },
    "spectral_flux": {
        "dmean": 0.0089671947062,
        "dmean2": 0.0123242316768,
        "dvar": 0.000423321325798,
        "dvar2": 0.000808011507615,
        "max": 0.190132796764,
        "mean": 0.018830999732,
        "median": 0.0100084710866,
        "min": 0.00475859409198,
        "var": 0.000701951968949
    },
    "spectral_kurtosis": {
        "dmean": 8.50697994232,
        "dmean2": 14.2910366058,
        "dvar": 91.3218536377,
        "dvar2": 223.148193359,
        "max": 88.9116592407,
        "mean": 46.7575912476,
        "median": 47.1607131958,
        "min": 4.51559305191,
        "var": 772.700378418
    },
    "spectral_rms": {
        "dmean": 0.00027448151377,
        "dmean2": 0.000280575855868,
        "dvar": 3.10950525773e-07,
        "dvar2": 3.99984457999e-07,
        "max": 0.00828698743135,
        "mean": 0.00400502094999,
        "median": 0.00445956597105,
        "min": 0.000593602773733,
        "var": 5.28264536115e-06
    },
    "spectral_rolloff": {
        "dmean": 15.791015625,
        "dmean2": 28.5496406555,
        "dvar": 5407.52148438,
        "dvar2": 10031.8691406,
        "max": 1313.52539062,
        "mean": 1015.609375,
        "median": 839.794921875,
        "min": 581.396484375,
        "var": 69941.7890625
    },
    "spectral_skewness": {
        "dmean": 0.645737946033,
        "dmean2": 1.05716943741,
        "dvar": 0.367576420307,
        "dvar2": 0.947156012058,
        "max": 7.94229888916,
        "mean": 5.43964242935,
        "median": 5.58655977249,
        "min": 2.04649949074,
        "var": 3.14036655426
    },
    "spectral_spread": {
        "dmean": 497035.46875,
        "dmean2": 753404,
        "dvar": 694198665216,
        "dvar2": 919781769216,
        "max": 10265023,
        "mean": 2517010.75,
        "median": 2059124.875,
        "min": 861413.625,
        "var": 1.75113135718e+12
    },
    "spectral_strongpeak": {
        "dmean": 0.279738932848,
        "dmean2": 0.257330000401,
        "dvar": 0.276813417673,
        "dvar2": 0.272334814072,
        "max": 6.6899600029,
        "mean": 2.9259929657,
        "median": 3.13604807854,
        "min": 0.0460701473057,
        "var": 3.39715075493
    },
    "zerocrossingrate": {
        "dmean": 0.00240885419771,
        "dmean2": 0.00289676967077,
        "dvar": 1.49239485836e-05,
        "dvar2": 1.66025038197e-05,
        "max": 0.05517578125,
        "mean": 0.0344748012722,
        "median": 0.03515625,
        "min": 0.01025390625,
        "var": 4.16047041654e-05
    },
    "barkbands": {
        "dmean": [1.57058627792e-06, 7.24844139768e-05, 2.19870817091e-05, 1.59725914273e-05, 6.50070578558e-05, 4.05448154197e-05, 1.75606037374e-05, 5.30158649781e-05, 0.00179011188447, 0.000549123215023, 1.00270472103e-05, 7.37629579817e-06, 0.000298258499242, 1.10077553472e-06, 1.00710049082e-05, 7.37863899758e-07, 7.52373239266e-07, 1.70738246652e-07, 5.01920283114e-07, 1.57264054224e-07, 1.52017969413e-06, 6.96892266205e-06, 5.69883525259e-07, 1.016668989e-06, 5.58290025765e-07, 1.33226797061e-06, 3.01937262748e-07],
        "dmean2": [2.72121064882e-06, 0.000123288758914, 3.78155746148e-05, 2.70010114036e-05, 0.00011592071678, 6.81332239765e-05, 2.9880551665e-05, 8.49472053233e-05, 0.00248594186269, 0.000436527974671, 1.35755508381e-05, 1.26684562929e-05, 0.000295000994811, 1.89099330328e-06, 1.21113525893e-05, 1.31701574446e-06, 1.12451959922e-06, 2.66962359774e-07, 6.71004329433e-07, 2.46788232516e-07, 1.90828086488e-06, 1.19345313578e-05, 9.15406076274e-07, 1.56364296799e-06, 8.68761333095e-07, 2.16433249989e-06, 4.77602270621e-07],
        "dvar": [3.28376952366e-12, 6.40158281939e-09, 6.33349650503e-10, 5.38539268735e-10, 5.87422421816e-09, 2.69712288059e-08, 4.43543246575e-09, 5.85728940905e-08, 2.62691737589e-05, 2.50160655924e-06, 1.33537236824e-09, 5.8738625075e-10, 4.75321741078e-07, 1.05069954473e-11, 3.87923027034e-10, 9.2240772312e-12, 8.72574321825e-12, 3.12794007275e-13, 3.10951351473e-12, 2.03733040095e-13, 3.95020890998e-11, 1.57857682481e-09, 7.68651722133e-12, 2.75368772923e-11, 6.83665667481e-12, 4.79925578445e-11, 1.43681713662e-12],
        "dvar2": [8.49328680302e-12, 1.5951675536e-08, 1.88062032613e-09, 1.12223419446e-09, 1.56142263563e-08, 7.30310247832e-08, 9.2831751175e-09, 1.27866769617e-07, 5.53741083422e-05, 1.7806720507e-06, 2.74082201379e-09, 1.70430702884e-09, 4.66010732225e-07, 1.98265275725e-11, 7.70824459817e-10, 2.68350029697e-11, 1.78549883212e-11, 5.89399297597e-13, 6.34816721759e-12, 4.91431277182e-13, 6.48878104026e-11, 2.84391843408e-09, 1.63186634344e-11, 6.85393269917e-11, 1.41286019342e-11, 9.27867851996e-11, 3.76223704968e-12],
        "max": [8.9222439783e-06, 0.000336808065185, 0.000136962189572, 0.000169649865711, 0.000652726448607, 0.00136553717311, 0.000551547913346, 0.00200688652694, 0.0655930787325, 0.0244036000222, 0.000284389068838, 0.000138830131618, 0.0122497826815, 3.30792063323e-05, 0.000185872995644, 2.18961540668e-05, 2.48415781243e-05, 4.61774197902e-06, 1.66084191733e-05, 3.41637087331e-06, 6.27247209195e-05, 0.000309710507281, 2.2270856789e-05, 4.29921929026e-05, 2.17019223783e-05, 5.61222841498e-05, 9.7538013506e-06],
        "mean": [1.80390497917e-06, 8.78035352798e-05, 2.50252924161e-05, 1.90104638023e-05, 0.000137752984301, 0.000111474451842, 4.0203853132e-05, 8.39668355184e-05, 0.0144087923691, 0.0025103664957, 9.47093667492e-06, 6.89390026309e-06, 0.00435618497431, 1.50954338096e-06, 3.77501201001e-05, 8.03203761279e-07, 1.00453689811e-06, 2.09468680623e-07, 6.50042068173e-07, 2.70439102223e-07, 1.91309482034e-06, 8.29687814985e-06, 6.27530425845e-07, 1.03532329376e-06, 7.2144467822e-07, 1.66042434557e-06, 5.95261667513e-07],
        "median": [1.20899119338e-06, 5.47379313502e-05, 1.5979152522e-05, 9.62316335062e-06, 0.000110100329039, 6.35595279164e-05, 3.12440533889e-05, 5.51553384867e-05, 0.0107202231884, 5.18952110724e-05, 9.39927190302e-07, 9.86747863863e-07, 0.00366236199625, 3.54581118245e-07, 2.65619983111e-05, 3.88026222709e-07, 3.04810953367e-07, 1.19584683489e-07, 2.30323621508e-07, 1.89551386143e-07, 2.32776798725e-07, 1.48314555304e-07, 1.54424014909e-07, 1.98891186187e-07, 1.82093629064e-07, 2.40843547772e-07, 4.64902740305e-07],
        "min": [5.21010790067e-09, 3.243433639e-06, 7.86449845691e-07, 1.0577912235e-06, 5.99916620558e-06, 6.41508904664e-06, 5.42124007552e-06, 3.97902613258e-06, 2.22001835937e-06, 9.74218892225e-07, 1.58537488915e-07, 1.07749499989e-07, 7.89095935261e-08, 7.25356983367e-08, 9.68403014667e-07, 6.28906065003e-08, 5.79188963457e-08, 2.0794585609e-08, 2.85101080522e-08, 1.35336204465e-08, 1.85647550666e-08, 1.30837314316e-08, 1.0226538727e-08, 1.53397401448e-08, 8.08416178444e-09, 8.48051318059e-09, 1.87405433394e-08],
        "var": [3.61438136365e-12, 7.43764694278e-09, 6.43702202652e-10, 6.64105159753e-10, 1.42068907749e-08, 2.27973764311e-08, 4.75312811332e-09, 6.03344361139e-08, 0.000302532018395, 3.60135782103e-05, 1.35201416729e-09, 4.64458721483e-10, 2.06323238672e-05, 1.64157767241e-11, 9.59939017164e-10, 5.48100714121e-12, 1.07615158104e-11, 2.80490691437e-13, 3.81787049891e-12, 1.75909390136e-13, 6.55845655562e-11, 2.08299222315e-09, 7.78560809572e-12, 2.44961030627e-11, 7.9723762314e-12, 5.99614108365e-11, 1.09693059757e-12]
    },
    "erbbands": {
        "dmean": [0.00157139834482, 0.0183215998113, 0.02942966111, 0.0392854139209, 0.180895805359, 0.222916543484, 0.174606859684, 0.345004796982, 0.311399102211, 0.409642487764, 14.1286945343, 41.1797790527, 12.7760686874, 7.3546833992, 0.501075685024, 2.7943277359, 13.4903974533, 0.557178735733, 0.0846980959177, 0.669752955437, 0.0465367436409, 0.0373812504113, 0.0198762528598, 0.0304770208895, 0.00954516604543, 0.00856852997094, 0.0352002643049, 0.0671170502901, 0.317630439997, 0.0953287780285, 0.0111563038081, 0.0145396441221, 0.0184088274837, 0.00509917084128, 0.00701615819708, 0.0095798233524, 0.00124236603733, 0.000300556304865, 5.36730913154e-05, 4.06256049246e-06],
        "dmean2": [0.00281921471469, 0.0309041850269, 0.0513193458319, 0.0671769231558, 0.318048745394, 0.396698087454, 0.306419610977, 0.578457713127, 0.520930469036, 0.682828247547, 20.8877429962, 54.8734321594, 9.61468219757, 5.93192529678, 0.677272498608, 2.99039888382, 13.1767416, 0.577401936054, 0.120085276663, 0.817731678486, 0.0567076839507, 0.0554117336869, 0.0292570833117, 0.0409974530339, 0.0149661647156, 0.0131699098274, 0.0478251054883, 0.0844342038035, 0.548059642315, 0.162483498454, 0.0167585834861, 0.0239034499973, 0.0277137774974, 0.0080951154232, 0.0113656530157, 0.0162622723728, 0.00189191265963, 0.000512348953635, 8.75498444657e-05, 6.13896463619e-06],
        "dvar": [3.91973571823e-06, 0.000386887899367, 0.00107114948332, 0.00254546664655, 0.0371261611581, 0.0944207757711, 0.694982886314, 1.82911801338, 1.03167068958, 2.33603525162, 1587.04370117, 13167.1484375, 1259.67285156, 350.421661377, 1.73888719082, 35.7663536072, 980.683654785, 1.43412780762, 0.0432801395655, 1.81636726856, 0.00881952233613, 0.021021079272, 0.00455210916698, 0.0120654674247, 0.000785104522947, 0.000612738193013, 0.0217273142189, 0.085666641593, 3.33056426048, 0.281960010529, 0.00246547767892, 0.00554883992299, 0.00889365095645, 0.000581210362725, 0.0012351636542, 0.0027492668014, 3.27055204252e-05, 1.7501771481e-06, 5.16500229253e-08, 7.92679880068e-11],
        "dvar2": [1.09027405415e-05, 0.000942581158597, 0.00283496174961, 0.00641818949953, 0.103791631758, 0.266320466995, 1.89734721184, 4.95963287354, 2.21475720406, 4.68796491623, 4064.25024414, 23354.2402344, 801.157836914, 274.592224121, 4.84168386459, 40.4100456238, 961.873779297, 1.49487030506, 0.114332102239, 3.63932585716, 0.0194621756673, 0.0438360460103, 0.00953640136868, 0.0250220708549, 0.00150084181223, 0.00148891331628, 0.0426952689886, 0.159735500813, 5.97566413879, 0.520016431808, 0.00551506690681, 0.0146318087354, 0.021612400189, 0.00150140060578, 0.00241072359495, 0.0051427190192, 6.72422829666e-05, 4.90833508593e-06, 1.34273278718e-07, 1.50728582393e-10],
        "max": [0.0108204185963, 0.0865396261215, 0.158426493406, 0.370656073093, 1.59969139099, 2.58985686302, 6.49690532684, 11.2667856216, 9.0156583786, 13.3039503098, 393.462738037, 1630.28833008, 553.986633301, 324.960540771, 16.0110301971, 104.064720154, 556.064025879, 21.1576499939, 1.69958198071, 12.3982439041, 0.801061451435, 1.22379457951, 0.532248020172, 1.03546524048, 0.187399446964, 0.162589564919, 1.28393173218, 2.83046340942, 14.1464166641, 4.16266679764, 0.411163240671, 0.596176028252, 0.776564002037, 0.196109771729, 0.285493731499, 0.413285017014, 0.0479012653232, 0.0102409850806, 0.00184875412378, 9.84385042102e-05],
        "mean": [0.00160812283866, 0.022205973044, 0.0375699773431, 0.0521626323462, 0.343826889992, 0.448214441538, 0.173447459936, 0.963941633701, 1.2345315218, 1.73969256878, 87.2001342773, 361.377349854, 73.3863677979, 33.3355522156, 1.94411230087, 37.1230621338, 198.202651978, 7.63443756104, 0.534074723721, 2.53377342224, 0.183288797736, 0.0562857426703, 0.0268697272986, 0.0378734767437, 0.0165212061256, 0.0149134881794, 0.0530532263219, 0.0750757604837, 0.380323797464, 0.11164727807, 0.0130700152367, 0.0143390987068, 0.0191771667451, 0.00585194351152, 0.00866705644876, 0.0117486910895, 0.0016239451943, 0.00033837617957, 9.32926122914e-05, 3.45454864146e-05],
        "median": [0.00098650646396, 0.0136398337781, 0.0256209410727, 0.0380288995802, 0.275482475758, 0.340168714523, 0.0704296305776, 0.52224779129, 0.907883644104, 1.18268251419, 63.3698196411, 269.016815186, 29.0408248901, 2.07390284538, 1.26790452003, 35.8385505676, 168.958206177, 6.80601119995, 0.531142294407, 1.81208443642, 0.126197978854, 0.0208969637752, 0.0119802476838, 0.0119456611574, 0.00963469874114, 0.00968945585191, 0.0101079242304, 0.00775806186721, 0.00552711589262, 0.00554493814707, 0.00403565308079, 0.00368144409731, 0.00348251848482, 0.00215552560985, 0.00129174615722, 0.00092749716714, 0.000437259179307, 0.000169054226717, 6.19469283265e-05, 3.45718945027e-05],
        "min": [4.611480108e-05, 0.000630578550044, 0.00168562424369, 0.00355446035974, 0.0158552005887, 0.0199531018734, 0.0124901393428, 0.0623881705105, 0.0776746720076, 0.155328214169, 1.54552328587, 0.331901699305, 1.11190545559, 0.318426072598, 0.0388865210116, 0.014010024257, 0.00552045740187, 0.00770573923364, 0.0505193136632, 0.0348796285689, 0.00490966904908, 0.00338657642715, 0.00259573035873, 0.00247113825753, 0.000752687396016, 0.000627750880085, 0.000610930030234, 0.00084558443632, 0.000472309038742, 0.000318434089422, 0.000327140558511, 0.00021132879192, 0.00031608552672, 0.000108938736957, 6.01500069024e-05, 3.10433024424e-05, 1.80688366527e-05, 8.71069187269e-06, 2.16310354517e-06, 7.29483303985e-07],
        "var": [3.34824289894e-06, 0.000477452122141, 0.00123869930394, 0.00314717437141, 0.0849673375487, 0.168106302619, 0.482707262039, 1.57040286064, 1.40826952457, 5.08046340942, 10886.5615234, 186893.828125, 17857.234375, 6017.44287109, 7.12496709824, 1465.05773926, 42677.3203125, 61.4045181274, 0.155065134168, 4.24111461639, 0.0218490641564, 0.0253945887089, 0.00514457328245, 0.0144530208781, 0.000934248615522, 0.000569490715861, 0.0357209481299, 0.120638735592, 4.40278530121, 0.358086228371, 0.00252752425149, 0.00433464813977, 0.00830118451267, 0.000484177202452, 0.00151581084356, 0.0034968375694, 3.95052411477e-05, 1.17819297429e-06, 3.92988859232e-08, 4.39719149981e-10]
    },
    "gfcc": {
        "mean": [-171.473068237, 129.449295044, -99.3521652222, -60.7464637756, -57.5150566101, 18.5786590576, -11.5992527008, 3.62761521339, -5.17012929916, 2.25787901878, -27.6192970276, -18.135799408, -6.29090309143],
        "cov": [[1456.04101562, -324.171020508, -593.171813965, -369.841705322, -219.524154663, 285.132385254, 137.041366577, -108.433357239, -6.72568511963, 200.225738525, -2.55292415619, -77.5404129028, -389.599731445], [-324.171020508, 321.372406006, -139.084594727, -230.572784424, 216.386886597, 121.564987183, 79.5536804199, -33.8165893555, 66.9491882324, 71.6639709473, 144.137268066, -136.577804565, -109.741424561], [-593.171813965, -139.084594727, 1066.6583252, 893.185241699, -59.1510467529, -469.835021973, -262.105102539, 221.828399658, -112.143013, -373.946777344, -278.463226318, 405.658508301, 671.930847168], [-369.841705322, -230.572784424, 893.185241699, 855.82421875, -105.445899963, -431.893676758, -252.895904541, 192.135070801, -97.0537414551, -316.743408203, -267.880615234, 378.664672852, 580.302307129], [-219.524154663, 216.386886597, -59.1510467529, -105.445899963, 198.111419678, 65.5633163452, 25.523475647, -17.3826313019, 57.0088539124, 53.3342628479, 108.278572083, -82.1495132446, -66.0547180176], [285.132385254, 121.564987183, -469.835021973, -431.893676758, 65.5633163452, 267.500030518, 153.146179199, -93.2520523071, 64.357208252, 192.083984375, 155.998138428, -191.657730103, -332.459747314], [137.041366577, 79.5536804199, -262.105102539, -252.895904541, 25.523475647, 153.146179199, 122.887969971, -34.3197174072, 28.6341819763, 82.7804336548, 75.0653915405, -95.4597473145, -151.41897583], [-108.433357239, -33.8165893555, 221.828399658, 192.135070801, -17.3826313019, -93.2520523071, -34.3197174072, 76.8040390015, -20.6051425934, -110.521118164, -81.2000045776, 107.030014038, 190.496612549], [-6.72568511963, 66.9491882324, -112.143013, -97.0537414551, 57.0088539124, 64.357208252, 28.6341819763, -20.6051425934, 69.5252227783, 79.9274902344, 60.4430465698, -75.7704772949, -93.2338562012], [200.225738525, 71.6639709473, -373.946777344, -316.743408203, 53.3342628479, 192.083984375, 82.7804336548, -110.521118164, 79.9274902344, 252.394271851, 175.900299072, -206.113601685, -367.517242432], [-2.55292415619, 144.137268066, -278.463226318, -267.880615234, 108.278572083, 155.998138428, 75.0653915405, -81.2000045776, 60.4430465698, 175.900299072, 182.965805054, -166.664367676, -273.538208008], [-77.5404129028, -136.577804565, 405.658508301, 378.664672852, -82.1495132446, -191.657730103, -95.4597473145, 107.030014038, -75.7704772949, -206.113601685, -166.664367676, 238.400436401, 335.873443604], [-389.599731445, -109.741424561, 671.930847168, 580.302307129, -66.0547180176, -332.459747314, -151.41897583, 190.496612549, -93.2338562012, -367.517242432, -273.538208008, 335.873443604, 622.266906738]],
        "icov": [[0.00355332205072, 0.00637359451503, -0.000263267895207, -1.39847625178e-05, -0.00361012294888, -0.00707438634709, -0.000969710818026, 0.00248849345371, 0.000288375158561, -0.000614411546849, 0.00516101857647, -0.00251772929914, 0.00179342809133], [0.00637359451503, 0.0471766777337, -0.014960270375, 0.00757816480473, -0.0302408169955, -0.0188213996589, -0.0203409306705, 0.0297513250262, -0.00802118517458, 0.0146262459457, -0.0029845435638, 0.0133391404524, -0.00700102699921], [-0.000263267895207, -0.014960270375, 0.0172622054815, -0.010954670608, 0.00656578782946, 0.00683488324285, 0.00842331908643, -0.0182643383741, 0.00941711105406, -0.00872828066349, 0.00274590379559, -0.00598188582808, 0.00145422830246], [-1.39847625178e-05, 0.00757816480473, -0.010954670608, 0.0255627799779, -0.00539701059461, 0.0144662791863, 0.00383565761149, -0.0125696416944, -0.00547856884077, -0.00703931553289, 0.00028903625207, -0.013504636474, 0.0036931221839], [-0.00361012294888, -0.0302408169955, 0.00656578782946, -0.00539701059461, 0.0370509289205, -0.00132024625782, 0.0214920099825, -0.0150878913701, -0.00309283984825, 0.000209343765164, -0.0150984274223, -0.00153702159878, -0.00272110360675], [-0.00707438634709, -0.0188213996589, 0.00683488324285, 0.0144662791863, -0.00132024625782, 0.0782809779048, -0.024959217757, -0.0240262653679, -0.00615663267672, -0.0121783018112, 0.00167390750721, -0.0231720414013, 0.0194733887911], [-0.000969710818026, -0.0203409306705, 0.00842331908643, 0.00383565761149, 0.0214920099825, -0.024959217757, 0.0626277476549, -0.0457253046334, 0.0131103843451, -0.0101140365005, -0.00555703649297, -0.00282102636993, -0.00361230573617], [0.00248849345371, 0.0297513250262, -0.0182643383741, -0.0125696416944, -0.0150878913701, -0.0240262653679, -0.0457253046334, 0.129511654377, -0.0306701492518, 0.0317297577858, -0.00615045148879, 0.0132878329605, -0.0226948354393], [0.000288375158561, -0.00802118517458, 0.00941711105406, -0.00547856884077, -0.00309283984825, -0.00615663267672, 0.0131103843451, -0.0306701492518, 0.0494816452265, -0.0317389033735, 0.00864351447672, 0.00985808577389, -0.0101848626509], [-0.000614411546849, 0.0146262459457, -0.00872828066349, -0.00703931553289, 0.000209343765164, -0.0121783018112, -0.0101140365005, 0.0317297577858, -0.0317389033735, 0.0651687160134, -0.0215636342764, 0.0161808431149, 0.0150464698672], [0.00516101857647, -0.0029845435638, 0.00274590379559, 0.00028903625207, -0.0150984274223, 0.00167390750721, -0.00555703649297, -0.00615045148879, 0.00864351447672, -0.0215636342764, 0.052274979651, -0.0129160648212, 0.0178026985377], [-0.00251772929914, 0.0133391404524, -0.00598188582808, -0.013504636474, -0.00153702159878, -0.0231720414013, -0.00282102636993, 0.0132878329605, 0.00985808577389, 0.0161808431149, -0.0129160648212, 0.0558260940015, -0.022244958207], [0.00179342809133, -0.00700102699921, 0.00145422830246, 0.0036931221839, -0.00272110360675, 0.0194733887911, -0.00361230573617, -0.0226948354393, -0.0101848626509, 0.0150464698672, 0.0178026985377, -0.022244958207, 0.0398579984903]]
    },
    "melbands": {
        "dmean": [1.75933128048e-05, 1.85740773304e-05, 8.3051427282e-06, 1.60351919476e-05, 6.11254881733e-06, 7.94158768258e-06, 4.54038490716e-06, 3.77351534553e-06, 0.000206432829145, 0.000221981928917, 6.9712063123e-05, 4.31798289355e-05, 1.33595290208e-06, 9.7924680631e-07, 3.15659308399e-05, 1.53337969095e-05, 1.11716410345e-07, 9.50219884999e-08, 6.99708721186e-07, 5.16419731866e-07, 1.28475168282e-08, 3.07559062662e-08, 4.6394930564e-08, 6.40253716711e-09, 2.86408017303e-08, 1.18115277559e-08, 6.14582473801e-09, 4.60200144659e-09, 2.15128181935e-08, 1.17019034462e-08, 5.25508276894e-08, 1.3127706211e-07, 2.02547298045e-07, 1.8970197857e-08, 3.52547768756e-09, 7.1537784585e-09, 8.50037462641e-09, 1.1762275598e-08, 1.01111243822e-08, 2.83329160133e-09],
        "dmean2": [3.07928094117e-05, 3.11638432322e-05, 1.46100983329e-05, 2.91138949251e-05, 1.06783236333e-05, 1.31309980134e-05, 7.48082356949e-06, 5.87639215155e-06, 0.000296946876915, 0.000297798047541, 5.44602698938e-05, 3.49063593603e-05, 1.95971483663e-06, 1.70370663e-06, 3.15464785672e-05, 1.50740652316e-05, 1.86730687801e-07, 1.69947540485e-07, 8.25681638617e-07, 6.42957388663e-07, 2.07525694407e-08, 4.5014264316e-08, 6.96524224963e-08, 9.16624554037e-09, 3.88723044864e-08, 1.66973848081e-08, 9.98205962333e-09, 7.19283210771e-09, 3.0313980659e-08, 1.66637441623e-08, 6.59175114492e-08, 2.25690982347e-07, 3.48996337607e-07, 3.22305560019e-08, 5.59644108833e-09, 1.13751488229e-08, 1.46303280602e-08, 1.86339796926e-08, 1.50814933875e-08, 5.04646058275e-09],
        "dvar": [4.27363894273e-10, 3.74820813276e-10, 1.34741134916e-10, 2.4801893872e-10, 7.02763847116e-10, 9.24756160536e-10, 2.43346370832e-10, 3.18829213031e-10, 3.39593441367e-07, 3.83547018146e-07, 4.24865937987e-08, 1.35855016126e-08, 2.17717961715e-11, 1.21789306071e-11, 5.20524956471e-09, 1.27607080458e-09, 1.16170975292e-13, 8.97446112108e-14, 1.79319168021e-12, 1.13636758423e-12, 1.27282762187e-15, 1.29635224674e-14, 3.32136695805e-14, 5.53746995174e-16, 1.11990190071e-14, 1.27027625276e-15, 2.64446650748e-16, 1.61767371353e-16, 8.26303679343e-15, 1.88045718862e-15, 5.36541534671e-14, 5.58999894984e-13, 1.3579657147e-12, 9.75735453128e-15, 1.67665367644e-16, 1.14778713589e-15, 1.97122989793e-15, 3.5816000434e-15, 2.59608737367e-15, 1.72443771667e-16],
        "dvar2": [1.11891584886e-09, 9.43482736382e-10, 2.57778548507e-10, 7.30150051531e-10, 1.9075199198e-09, 2.45814479882e-09, 5.33371014022e-10, 7.14789449852e-10, 8.2089178477e-07, 6.91277762144e-07, 2.91170518807e-08, 1.05831956532e-08, 5.35088882925e-11, 3.70980468567e-11, 5.09461450804e-09, 1.27966837127e-09, 2.46119747846e-13, 2.37032805493e-13, 3.60567695493e-12, 2.3077069769e-12, 2.71033729517e-15, 2.72738561201e-14, 6.99570880825e-14, 7.4539190526e-16, 2.34872613979e-14, 2.47356405785e-15, 6.96924256501e-16, 3.44906257468e-16, 1.86334678427e-14, 3.21113387853e-15, 1.08867525184e-13, 1.00808521687e-12, 2.42571674552e-12, 1.96537817081e-14, 4.1742106572e-16, 2.93649551561e-15, 5.42824579435e-15, 9.08515341951e-15, 6.00169980513e-15, 5.04914592853e-16],
        "max": [9.87972307485e-05, 9.63987113209e-05, 8.97613354027e-05, 0.00011117052054, 0.000207571181818, 0.000257879088167, 0.000138258983498, 0.0001457491162, 0.00647450238466, 0.0087310122326, 0.00313806789927, 0.00187786761671, 3.15768666042e-05, 2.07353859878e-05, 0.00128568802029, 0.00062996550696, 3.15801707984e-06, 1.87128284779e-06, 1.27944631458e-05, 9.28431836655e-06, 2.95134157113e-07, 9.54335632741e-07, 1.52946358867e-06, 2.25778094887e-07, 9.99051053441e-07, 3.18333917448e-07, 1.19350488603e-07, 1.05922275395e-07, 7.91460706751e-07, 3.71678964939e-07, 2.23010420086e-06, 5.81320136916e-06, 9.03738509805e-06, 7.71621955664e-07, 1.03944415741e-07, 2.75339374411e-07, 3.45642718003e-07, 4.8708830036e-07, 4.22805413791e-07, 9.64960946703e-08],
        "mean": [2.01076836674e-05, 2.46987310675e-05, 1.36550761454e-05, 3.71478745365e-05, 6.23768119112e-06, 2.37181884586e-05, 1.66546597029e-05, 5.10410927745e-06, 0.00142753438558, 0.00192668219097, 0.000328490830725, 0.000188658508705, 1.22376445688e-06, 7.96314054696e-07, 0.000456346635474, 0.000225192939979, 1.28763446128e-07, 1.2171703645e-07, 2.58253521679e-06, 1.91147114492e-06, 1.72010103938e-08, 4.11815292978e-08, 5.85359920535e-08, 9.00799435044e-09, 3.44270709718e-08, 1.6737626396e-08, 9.22433773809e-09, 8.0537194691e-09, 3.00068769832e-08, 1.92798115251e-08, 5.4640612035e-08, 1.56208059821e-07, 2.4344788585e-07, 2.00656966598e-08, 4.4476955452e-09, 7.43748218568e-09, 8.01422039842e-09, 1.17593366156e-08, 1.12636797667e-08, 3.13028492016e-09],
        "median": [1.30827556859e-05, 1.70557086676e-05, 1.04581495179e-05, 2.92027143587e-05, 2.62038861365e-06, 1.27709608932e-05, 1.17489871627e-05, 2.77550770988e-06, 0.00105012289714, 0.00143824773841, 8.50952619658e-06, 2.38587995227e-06, 1.38615433798e-07, 1.03184014222e-07, 0.000385784544051, 0.000194593943888, 3.82022768974e-08, 3.16634540809e-08, 1.80899667157e-06, 1.36720007049e-06, 1.01094732585e-08, 1.4843650753e-08, 1.63106399498e-08, 5.51821877082e-09, 9.916238497e-09, 7.66203100966e-09, 5.93280713446e-09, 5.88428017423e-09, 6.31291019459e-09, 5.16576958987e-09, 4.36741354193e-09, 3.06228398195e-09, 2.92701418658e-09, 3.07316661008e-09, 2.12479589479e-09, 2.08562123127e-09, 2.26309326834e-09, 2.43561504298e-09, 2.02412420158e-09, 1.53010304427e-09],
        "min": [7.15814508112e-07, 9.57027623372e-07, 1.04132448087e-06, 1.32783327444e-06, 3.40280706723e-07, 1.36256937822e-06, 1.19439664559e-06, 2.86212298306e-07, 1.11456520244e-05, 7.2589125466e-07, 2.21240384235e-07, 5.01870864866e-08, 3.47996440553e-08, 1.52460550851e-08, 1.16621610147e-08, 6.00674887608e-09, 5.71328451215e-09, 5.21169463141e-09, 6.97178705877e-08, 1.52195624992e-08, 1.1899554675e-09, 3.93941945731e-09, 1.87592630319e-09, 7.72658936832e-10, 2.08580730465e-09, 5.2563031705e-10, 4.64056321148e-10, 3.91328136562e-10, 3.82323395165e-10, 3.4488864542e-10, 5.66994284856e-10, 2.72965205994e-10, 2.18588924739e-10, 1.47366160941e-10, 1.91299920349e-10, 1.63385860397e-10, 1.12979244016e-10, 2.35863384379e-10, 1.51969131723e-10, 7.78796541145e-11],
        "var": [4.23636153934e-10, 5.02561492421e-10, 2.02499017554e-10, 9.00016061678e-10, 4.9301357441e-10, 8.55402804145e-10, 3.18495424478e-10, 3.05383995869e-10, 2.95333325084e-06, 5.37069627171e-06, 6.11776385995e-07, 2.04022967409e-07, 2.02771688329e-11, 8.14230453894e-12, 2.26257299119e-07, 5.49882201994e-08, 1.33279604258e-13, 9.87379123775e-14, 4.58245420776e-12, 2.47516482137e-12, 1.20886721111e-15, 1.53584047877e-14, 3.98380804799e-14, 5.52064258345e-16, 1.32694097816e-14, 1.61965140311e-15, 2.26469955028e-16, 1.50946591626e-16, 1.14747036674e-14, 3.52983976582e-15, 6.95657927422e-14, 7.34548706582e-13, 1.81021907533e-12, 1.02659351357e-14, 1.4431004878e-16, 9.62805198727e-16, 1.3826560314e-15, 3.06914998075e-15, 2.65145219996e-15, 1.02163595149e-16]
    },
    "mfcc": {
        "mean": [-865.665283203, 185.346862793, 19.4671936035, -20.1745433807, -16.2936973572, -0.256761372089, -8.84480476379, -4.85194015503, 16.8867282867, 19.8164196014, 7.24868154526, -3.25095367432, -7.76789808273],
        "cov": [[1370.20446777, -329.397613525, -138.856933594, -273.644012451, -364.648468018, 133.247970581, -8.73658752441, 110.669692993, 0.195547148585, -231.139663696, 137.339920044, 38.6604881287, -100.545700073], [-329.397613525, 205.684616089, -76.8643493652, -3.95463132858, 149.177536011, 31.7900066376, 42.6395301819, -53.5806541443, -49.1752052307, 103.147155762, 78.8693161011, 82.9632263184, 15.5426187515], [-138.856933594, -76.8643493652, 454.092803955, 349.257110596, 49.4553909302, -182.718231201, -108.296875, 114.083580017, 201.621917725, -44.0100326538, -472.034118652, -424.503417969, 73.2040176392], [-273.644012451, -3.95463132858, 349.257110596, 380.796264648, 159.787948608, -166.972396851, -98.1871109009, 61.2006034851, 153.188827515, 10.5646495819, -404.370605469, -347.774749756, 91.6821212769], [-364.648468018, 149.177536011, 49.4553909302, 159.787948608, 246.272064209, -35.2513809204, -19.2893695831, -39.7071113586, -4.44077301025, 98.5911102295, -68.8353118896, -40.342666626, 60.0360946655], [133.247970581, 31.7900066376, -182.718231201, -166.972396851, -35.2513809204, 121.347061157, 53.4965667725, -52.5320968628, -95.8377914429, 8.95671272278, 267.157714844, 235.905273438, -37.9924583435], [-8.73658752441, 42.6395301819, -108.296875, -98.1871109009, -19.2893695831, 53.4965667725, 68.1569824219, -20.6625957489, -62.6960449219, 16.0581417084, 129.177108765, 125.052505493, -11.7086353302], [110.669692993, -53.5806541443, 114.083580017, 61.2006034851, -39.7071113586, -52.5320968628, -20.6625957489, 100.908325195, 98.6929244995, -38.1684036255, -185.631210327, -187.586074829, 9.73806476593], [0.195547148585, -49.1752052307, 201.621917725, 153.188827515, -4.44077301025, -95.8377914429, -62.6960449219, 98.6929244995, 181.240249634, -11.7064151764, -309.064361572, -297.256195068, 19.3125476837], [-231.139663696, 103.147155762, -44.0100326538, 10.5646495819, 98.5911102295, 8.95671272278, 16.0581417084, -38.1684036255, -11.7064151764, 94.1175537109, 41.6340408325, 47.382648468, 9.04208850861], [137.339920044, 78.8693161011, -472.034118652, -404.370605469, -68.8353118896, 267.157714844, 129.177108765, -185.631210327, -309.064361572, 41.6340408325, 793.764221191, 731.553039551, -87.7970123291], [38.6604881287, 82.9632263184, -424.503417969, -347.774749756, -40.342666626, 235.905273438, 125.052505493, -187.586074829, -297.256195068, 47.382648468, 731.553039551, 713.019104004, -62.3962249756], [-100.545700073, 15.5426187515, 73.2040176392, 91.6821212769, 60.0360946655, -37.9924583435, -11.7086353302, 9.73806476593, 19.3125476837, 9.04208850861, -87.7970123291, -62.3962249756, 50.2075462341]],
