{
"lowlevel": {
    "average_loudness": 0.874563992023,
    "barkbands_crest": {
        "dmean": 2.69435191154,
        "dmean2": 4.26779699326,
        "dvar": 5.82078075409,
        "dvar2": 14.0665159225,
        "max": 22.3378334045,
        "mean": 7.14767503738,
        "median": 5.90913915634,
        "min": 2.35708284378,
        "var": 16.8654613495
    },
    "barkbands_flatness_db": {
        "dmean": 0.0180201232433,
        "dmean2": 0.0275641940534,
        "dvar": 0.000461367715616,
        "dvar2": 0.00112082308624,
        "max": 0.275873214006,
        "mean": 0.0666148290038,
        "median": 0.0531988032162,
        "min": 0.0195095278323,
        "var": 0.00197967328131
    },
    "barkbands_kurtosis": {
        "dmean": 1.18466758728,
        "dmean2": 1.81979250908,
        "dvar": 7.92098045349,
        "dvar2": 17.1469421387,
        "max": 35.4274520874,
        "mean": 0.0326576530933,
        "median": -0.97218298912,
        "min": -1.64544594288,
        "var": 11.1228437424
    },
    "barkbands_skewness": {
        "dmean": 0.44682008028,
        "dmean2": 0.68323713541,
        "dvar": 0.206521496177,
        "dvar2": 0.433997303247,
        "max": 4.96839475632,
        "mean": 0.517580866814,
        "median": 0.403224289417,
        "min": -1.63872599602,
        "var": 0.65723580122
    },
    "barkbands_spread": {
        "dmean": 7.68528270721,
        "dmean2": 12.2958850861,
        "dvar": 55.7332611084,
        "dvar2": 130.282928467,
        "max": 65.3858642578,
        "mean": 42.5617370605,
        "median": 47.1464500427,
        "min": 2.4219648838,
        "var": 235.015289307
    },
    "dissonance": {
        "dmean": 0.010680061765,
        "dmean2": 0.0187712591141,
        "dvar": 0.000288469047518,
        "dvar2": 0.000732543703634,
        "max": 0.499974519014,
        "mean": 0.487734884024,
        "median": 0.4928406775,
        "min": 0.363183885813,
        "var": 0.000327032554196
    },
    "dynamic_complexity": 13.2891664505,
    "erbbands_crest": {
        "dmean": 1.77501928806,
        "dmean2": 2.93283891678,
        "dvar": 3.95089960098,
        "dvar2": 10.2301931381,
        "max": 21.8996753693,
        "mean": 6.03569602966,
        "median": 5.26752138138,
        "min": 2.67142367363,
        "var": 8.24834156036
    },
    "erbbands_flatness_db": {
        "dmean": 0.0151942661032,
        "dmean2": 0.0242124646902,
        "dvar": 0.000410033710068,
        "dvar2": 0.000909640803002,
        "max": 0.380280435085,
        "mean": 0.123968467116,
        "median": 0.107960693538,
        "min": 0.0728248879313,
        "var": 0.00204613409005
    },
    "erbbands_kurtosis": {
        "dmean": 0.771423459053,
        "dmean2": 1.28482329845,
        "dvar": 0.701160550117,
        "dvar2": 1.7337962389,
        "max": 8.78366851807,
        "mean": 0.181641846895,
        "median": -0.116801738739,
        "min": -1.61119270325,
        "var": 1.61472797394
    },
    "erbbands_skewness": {
        "dmean": 0.353575795889,
        "dmean2": 0.570815145969,
        "dvar": 0.129155918956,
        "dvar2": 0.309430718422,
        "max": 2.33403229713,
        "mean": -0.497342079878,
        "median": -0.617463707924,
        "min": -1.60885608196,
        "var": 0.349679678679
    },
    "erbbands_spread": {
        "dmean": 5.63727378845,
        "dmean2": 8.65292930603,
        "dvar": 25.9820404053,
        "dvar2": 70.0612030029,
        "max": 64.3235168457,
        "mean": 33.7838897705,
        "median": 34.1749191284,
        "min": 2.85359930992,
        "var": 84.0891265869
    },
    "hfc": {
        "dmean": 15.2549333572,
        "dmean2": 25.2011356354,
        "dvar": 9697.14550781,
        "dvar2": 23947.5761719,
        "max": 1513.41430664,
        "mean": 11.201748848,
        "median": 0.17149373889,
        "min": 0.00652924180031,
        "var": 8544.48339844
    },
    "melbands_crest": {
        "dmean": 3.67637705803,
        "dmean2": 6.28261375427,
        "dvar": 9.81685638428,
        "dvar2": 27.8438949585,
        "max": 23.0111865997,
        "mean": 11.2664937973,
        "median": 10.4676990509,
        "min": 3.31501626968,
        "var": 18.6726322174
    },
    "melbands_flatness_db": {
        "dmean": 0.0263295229524,
        "dmean2": 0.041326995939,
        "dvar": 0.000626894412562,
        "dvar2": 0.00160847767256,
        "max": 0.361799448729,
        "mean": 0.127150982618,
        "median": 0.118783555925,
        "min": 0.0363688468933,
        "var": 0.00275701889768
    },
    "melbands_kurtosis": {
        "dmean": 3.11618256569,
        "dmean2": 4.86264371872,
        "dvar": 25.2949333191,
        "dvar2": 54.0057868958,
        "max": 54.0690498352,
        "mean": 3.67860031128,
        "median": 2.03775215149,
        "min": -1.43310701847,
        "var": 41.6828460693
    },
    "melbands_skewness": {
        "dmean": 0.605792999268,
        "dmean2": 0.960099041462,
        "dvar": 0.326347380877,
        "dvar2": 0.703379571438,
        "max": 6.89691257477,
        "mean": 1.68287980556,
        "median": 1.60408115387,
        "min": -1.60267305374,
        "var": 1.0289798975
    },
    "melbands_spread": {
        "dmean": 12.4248638153,
        "dmean2": 19.9413166046,
        "dvar": 123.535995483,
        "dvar2": 284.615692139,
        "max": 108.261886597,
        "mean": 49.6774215698,
        "median": 50.3445701599,
        "min": 2.6414065361,
        "var": 451.711730957
    },
    "pitch_salience": {
        "dmean": 0.0825344324112,
        "dmean2": 0.130351215601,
        "dvar": 0.00595292868093,
        "dvar2": 0.0156482644379,
        "max": 0.969553172588,
        "mean": 0.665897250175,
        "median": 0.684549450874,
        "min": 0.210086092353,
        "var": 0.0127495341003
    },
    "silence_rate_20dB": {
        "dmean": 0.0060606058687,
        "dmean2": 0.0121580548584,
        "dvar": 0.00602386146784,
        "dvar2": 0.0180892646313,
        "max": 1,
        "mean": 0.996978878975,
        "median": 1,
        "min": 0,
        "var": 0.00301201362163
    },
    "silence_rate_30dB": {
        "dmean": 0.0181818176061,
        "dmean2": 0.0364741645753,
        "dvar": 0.0178512986749,
        "dvar2": 0.0351438075304,
        "max": 1,
        "mean": 0.975830793381,
        "median": 1,
        "min": 0,
        "var": 0.0235850103199
    },
    "silence_rate_60dB": {
        "dmean": 0.0303030312061,
        "dmean2": 0.0607902742922,
        "dvar": 0.0293848291039,
        "dvar2": 0.0570948012173,
        "max": 1,
        "mean": 0.909365534782,
        "median": 1,
        "min": 0,
        "var": 0.0824200063944
    },
    "spectral_centroid": {
        "dmean": 275.24786377,
        "dmean2": 423.732666016,
        "dvar": 92278.6640625,
        "dvar2": 224634.9375,
        "max": 3813.84887695,
        "mean": 2486.03833008,
        "median": 2649.84887695,
        "min": 357.404327393,
        "var": 430139.0625
    },
    "spectral_complexity": {
        "dmean": 1.71515154839,
        "dmean2": 2.38905763626,
        "dvar": 28.1856021881,
        "dvar2": 54.5357322693,
        "max": 58,
        "mean": 2.38972806931,
        "median": 0,
        "min": 0,
        "var": 67.5732727051
    },
    "spectral_decrease": {
        "dmean": 1.96469551739e-09,
        "dmean2": 3.48812401185e-09,
        "dvar": 1.54243746783e-16,
        "dvar2": 4.37498314139e-16,
        "max": -3.00506126059e-12,
        "mean": -1.35084465835e-09,
        "median": -2.41411786395e-11,
        "min": -1.44616336684e-07,
        "var": 9.6534909013e-17
    },
    "spectral_energy": {
        "dmean": 0.00879798084497,
        "dmean2": 0.0154487518594,
        "dvar": 0.00274743023328,
        "dvar2": 0.00765293138102,
        "max": 0.57294768095,
        "mean": 0.00611442746595,
        "median": 0.000107244537503,
        "min": 1.19340138554e-05,
        "var": 0.00182038045023
    },
    "spectral_energyband_high": {
        "dmean": 0.0015197461471,
        "dmean2": 0.0024911290966,
        "dvar": 0.000182603529538,
        "dvar2": 0.000462748721475,
        "max": 0.210908219218,
        "mean": 0.00110264949035,
        "median": 8.88407976163e-06,
        "min": 5.69513431969e-08,
        "var": 0.000149153594975
    },
    "spectral_energyband_low": {
        "dmean": 6.06525645708e-05,
        "dmean2": 0.000103906648292,
        "dvar": 1.0379508808e-07,
        "dvar2": 2.77862426401e-07,
        "max": 0.00460896641016,
        "mean": 6.38856217847e-05,
        "median": 2.58076415776e-05,
        "min": 1.35599213991e-06,
        "var": 7.49970183733e-08
    },
    "spectral_energyband_middle_high": {
        "dmean": 0.00319011136889,
        "dmean2": 0.00538953766227,
        "dvar": 0.000372887792764,
        "dvar2": 0.00104175042361,
        "max": 0.23637573421,
        "mean": 0.00232764030807,
        "median": 3.48396024492e-05,
        "min": 1.97319991457e-06,
        "var": 0.000259607157204
    },
    "spectral_energyband_middle_low": {
        "dmean": 0.00412624003366,
        "dmean2": 0.00769218755886,
        "dvar": 0.00129075569566,
        "dvar2": 0.00373496138491,
        "max": 0.482332199812,
        "mean": 0.00266967248172,
        "median": 2.01037273655e-05,
        "min": 6.40159942122e-06,
        "var": 0.000738991599064
    },
    "spectral_entropy": {
        "dmean": 0.0890602841973,
        "dmean2": 0.140093535185,
        "dvar": 0.019719902426,
        "dvar2": 0.0468105860054,
        "max": 8.23424816132,
        "mean": 7.94351959229,
        "median": 8.02985954285,
        "min": 6.46920776367,
        "var": 0.0735927224159
    },
    "spectral_flux": {
        "dmean": 0.0151731623337,
        "dmean2": 0.0225708913058,
        "dvar": 0.00314251985401,
        "dvar2": 0.00545563921332,
        "max": 0.612355589867,
        "mean": 0.0257719475776,
        "median": 0.00622082687914,
        "min": 0.00376471015625,
        "var": 0.00555868539959
    },
    "spectral_kurtosis": {
        "dmean": 1.15418207645,
        "dmean2": 1.83826124668,
        "dvar": 3.36572813988,
        "dvar2": 8.14269351959,
        "max": 35.5070152283,
        "mean": 7.040163517,
        "median": 6.70536613464,
        "min": 1.99282598495,
        "var": 8.19753170013
    },
    "spectral_rms": {
        "dmean": 0.000553097110242,
        "dmean2": 0.000827334413771,
        "dvar": 4.14357282352e-06,
        "dvar2": 1.01709265437e-05,
        "max": 0.0236426163465,
        "mean": 0.000877975777257,
        "median": 0.000323463784298,
        "min": 0.000107902458694,
        "var": 5.19445256941e-06
    },
    "spectral_rolloff": {
        "dmean": 542.245178223,
        "dmean2": 861.523925781,
        "dvar": 322904.8125,
        "dvar2": 796502.875,
        "max": 5964.69726562,
        "mean": 3201.09545898,
        "median": 3445.3125,
        "min": 107.666015625,
        "var": 1264184.75
    },
    "spectral_skewness": {
        "dmean": 0.146624177694,
        "dmean2": 0.23072232306,
        "dvar": 0.0380361266434,
        "dvar2": 0.0846795737743,
        "max": 4.05652093887,
        "mean": 1.54902243614,
        "median": 1.49327158928,
        "min": 0.778395950794,
        "var": 0.118295654655
    },
    "spectral_spread": {
        "dmean": 293379.59375,
        "dmean2": 454196.71875,
        "dvar": 105498148864,
        "dvar2": 213787246592,
        "max": 5623206,
        "mean": 3933010,
        "median": 4032223.25,
        "min": 1075283,
        "var": 440627331072
    },
    "spectral_strongpeak": {
        "dmean": 0.124563023448,
        "dmean2": 0.176246553659,
        "dvar": 0.176197364926,
        "dvar2": 0.347886055708,
        "max": 5.9287648201,
        "mean": 0.177797973156,
        "median": 0.017637681216,
        "min": 0.00121508038137,
        "var": 0.378891259432
    },
    "zerocrossingrate": {
        "dmean": 0.0135165126994,
        "dmean2": 0.0163151230663,
        "dvar": 0.000115780159831,
        "dvar2": 0.000182225514436,
        "max": 0.18701171875,
        "mean": 0.1212368384,
        "median": 0.12939453125,
        "min": 0.01416015625,
        "var": 0.00138742511626
    },
    "barkbands": {
        "dmean": [3.44388763551e-06, 2.53337711911e-05, 2.63910260401e-05, 4.89417288918e-05, 0.00157757243142, 0.000614213815425, 0.000407393497881, 0.000786774267908, 0.000749050697777, 0.000616917735897, 0.000636265554931, 0.000326676352415, 0.000353102805093, 0.000123908059322, 0.000243724673055, 0.000265238282736, 0.000164797980688, 0.000166029713, 0.000198457113584, 0.000643924402539, 0.000514964340255, 0.000225665324251, 0.000167838152265, 6.60376681481e-05, 3.14379794872e-05, 3.10392642859e-05, 7.40404402677e-06],
        "dmean2": [6.72094029142e-06, 4.39205250586e-05, 5.04728923261e-05, 7.82770075602e-05, 0.00301225041039, 0.00115450075828, 0.00077182642417, 0.001481478801, 0.00129664782435, 0.00114148994908, 0.00119502271991, 0.000616126169916, 0.000644784246106, 0.000228681281442, 0.000398107309593, 0.000436742469901, 0.000280844949884, 0.000296584505122, 0.000276847422356, 0.00109834689647, 0.000834137084894, 0.000327271030983, 0.00029037630884, 0.000117696537927, 5.02596740262e-05, 5.14919593115e-05, 1.44115774674e-05],
        "dvar": [7.62664376097e-10, 9.83388037668e-09, 4.21134700446e-08, 8.67059313236e-08, 0.000295406702207, 3.58738470823e-05, 1.15575639938e-05, 3.82527759939e-05, 1.83001284313e-05, 1.98377911147e-05, 2.93194007099e-05, 8.64655430632e-06, 1.19953474496e-05, 5.4277899153e-07, 2.51689880315e-06, 3.00159308608e-06, 6.63138507662e-07, 1.16866135613e-06, 1.46301817949e-06, 3.98374540964e-05, 1.7889395167e-05, 2.89517242891e-06, 2.91172568723e-06, 4.61738721924e-07, 7.52803117621e-08, 1.01027829658e-07, 7.66613883485e-09],
        "dvar2": [2.27136043307e-09, 2.90397075275e-08, 1.23862136547e-07, 2.16212228565e-07, 0.000864916364662, 0.000103391874291, 3.38172649208e-05, 0.000111256631499, 4.87010875077e-05, 5.68252326048e-05, 8.44798851176e-05, 2.55038612522e-05, 3.46587985405e-05, 1.57037470672e-06, 6.48089326205e-06, 7.46292971598e-06, 1.64444236361e-06, 3.16940327139e-06, 2.75624188362e-06, 0.000106616316771, 4.41354823124e-05, 5.65670961805e-06, 7.85354495747e-06, 1.28706778924e-06, 1.8593092932e-07, 2.63376819021e-07, 2.27540315478e-08],
        "max": [0.000296200392768, 0.0012962508481, 0.00270256679505, 0.00469580572098, 0.231622055173, 0.0820313766599, 0.0440121106803, 0.0766988992691, 0.0418202094734, 0.0474688857794, 0.0766668245196, 0.0386644639075, 0.0470307804644, 0.00706734135747, 0.0196734759957, 0.026021964848, 0.00890943873674, 0.0148827107623, 0.0215622987598, 0.0954047217965, 0.0661639198661, 0.0283401627094, 0.0254234373569, 0.00984680652618, 0.00436156336218, 0.00489402608946, 0.00115895294584],
        "mean": [2.01764692065e-06, 3.1217605283e-05, 1.92448005691e-05, 4.33788882219e-05, 0.00101761880796, 0.000366301333997, 0.000233992570429, 0.000466674566269, 0.000504698604345, 0.000366690335795, 0.000476741493912, 0.000195154163521, 0.000218322180444, 9.82091660262e-05, 0.000208900484722, 0.000192846171558, 0.000142033095472, 0.000110129461973, 0.000180393457413, 0.000450287829153, 0.0003782552958, 0.00020517714438, 0.000111847475637, 4.26020524174e-05, 2.35291099671e-05, 2.20836536755e-05, 4.94744608659e-06],
        "median": [2.69939931741e-07, 1.80859879038e-05, 5.79324660066e-06, 2.29772740568e-06, 5.59396903554e-06, 1.92630773199e-06, 2.07858329304e-06, 3.02735566038e-06, 3.0478527151e-06, 3.2139596442e-06, 2.35956713368e-06, 2.21722621063e-06, 2.05714013646e-06, 1.36634275805e-06, 1.08627205009e-06, 2.20845231524e-06, 4.87153965878e-06, 4.40582016381e-06, 5.6948870224e-06, 4.17655064666e-06, 3.50615437128e-06, 1.34593335588e-06, 2.49914080541e-07, 1.84518938795e-07, 1.98682727159e-07, 2.99738644571e-07, 1.1028763538e-06],
        "min": [4.09451583749e-09, 2.83803046841e-07, 3.68773385162e-08, 8.84721913508e-08, 4.91703815442e-07, 4.42797727374e-08, 8.79055264136e-08, 2.03004731247e-07, 2.46134078452e-07, 2.77416404515e-07, 2.39849953232e-07, 3.65394214441e-07, 1.47025204456e-07, 1.26165389247e-07, 6.79623752831e-08, 2.33288034224e-07, 6.8716282442e-08, 4.16313916674e-08, 4.06268938491e-08, 3.4924486414e-08, 2.43802471545e-08, 5.60106983016e-09, 1.91326066101e-09, 2.04172634355e-09, 1.69813485495e-09, 3.52758400268e-09, 9.19098752661e-09],
        "var": [3.92469251542e-10, 5.88205928409e-09, 2.28461285445e-08, 9.33331492092e-08, 0.000163517455803, 2.0587385734e-05, 6.33831496089e-06, 2.11641363421e-05, 1.29408035718e-05, 1.13996657092e-05, 2.07556458918e-05, 4.70844315714e-06, 6.84095539327e-06, 3.77097450155e-07, 2.54326937466e-06, 2.61059153672e-06, 7.03842431449e-07, 8.17255681795e-07, 2.07674838748e-06, 2.90322113869e-05, 1.54974695761e-05, 3.63603248843e-06, 2.03876720661e-06, 3.01732569596e-07, 6.53236540415e-08, 7.66915420058e-08, 4.0442507121e-09]
    },
    "erbbands": {
        "dmean": [0.000605205714237, 0.00625957269222, 0.0240352191031, 0.103287145495, 1.24315750599, 8.59495639801, 3.72001242638, 7.29665803909, 5.5359749794, 11.0314884186, 17.3484554291, 15.6308269501, 15.2893571854, 23.556634903, 19.7896366119, 14.2503614426, 16.0841007233, 6.22386741638, 9.03906345367, 14.2518920898, 14.0111961365, 9.68497562408, 9.1195898056, 9.46580219269, 11.9508266449, 32.2877922058, 29.9765796661, 13.8777208328, 7.29822587967, 8.48238945007, 2.76079797745, 1.72493338585, 0.920932590961, 0.370160788298, 0.248297005892, 0.164605081081, 0.044971562922, 0.00671053351834, 0.00136652309448, 0.000107508931251],
        "dmean2": [0.00112261762843, 0.010695585981, 0.0441996119916, 0.168304562569, 2.36983323097, 16.5487804413, 6.83329486847, 13.9494161606, 10.546628952, 20.9331665039, 32.8615379333, 27.014333725, 27.0145149231, 43.2104415894, 36.6551399231, 26.5427703857, 29.5693836212, 11.4147367477, 16.4134578705, 23.069272995, 22.7877597809, 15.9110078812, 15.6105489731, 15.1048784256, 17.2227497101, 54.7612304688, 49.0525817871, 21.9079914093, 11.0227365494, 14.1289672852, 4.55254459381, 3.05919766426, 1.64435112476, 0.625917196274, 0.387852579355, 0.270718246698, 0.0740973353386, 0.0114866560325, 0.00266405125149, 0.000207841803785],
        "dvar": [1.61570460477e-05, 0.000423311546911, 0.0219908058643, 0.458545744419, 169.179855347, 9222.44042969, 1125.28674316, 5723.62841797, 2692.89038086, 8237.36914062, 14430.5410156, 7547.22900391, 9888.64746094, 33347.7382812, 28838.9882812, 16739.3164062, 24583.8574219, 1652.87060547, 2461.42944336, 7620.53857422, 7308.33544922, 2352.62011719, 3393.0925293, 3161.27148438, 6818.29492188, 99283.453125, 69378.8125, 11123.8496094, 3069.75146484, 7155.48486328, 597.263122559, 288.854797363, 96.0877838135, 12.034154892, 4.5501332283, 2.74375724792, 0.206405520439, 0.00479829823598, 0.000264047586825, 1.37736026318e-06],
        "dvar2": [4.80131093354e-05, 0.00123614014592, 0.0635953992605, 1.15679478645, 492.483154297, 27233.2792969, 3149.03466797, 16753.1738281, 7850.33740234, 24090.4746094, 41608.8554688, 19704.3222656, 27454.3886719, 96724.0234375, 82645.453125, 49194.6796875, 71364.78125, 4728.92480469, 6728.33056641, 16886.1132812, 17839.5449219, 5429.48193359, 8745.16601562, 7297.32470703, 14487.2246094, 263168.40625, 175053.171875, 26450.5527344, 5820.65917969, 18685.9414062, 1520.82214355, 798.15246582, 268.547790527, 31.9565563202, 10.8496179581, 7.07602214813, 0.534363567829, 0.0129399430007, 0.00078314478742, 4.06452363677e-06],
        "max": [0.0522942841053, 0.268975585699, 1.99510836601, 10.5562038422, 179.75340271, 1277.84240723, 472.167144775, 1016.7097168, 693.528381348, 1148.06237793, 1352.90710449, 917.577270508, 1008.63189697, 2298.1105957, 2437.53515625, 1719.92480469, 2116.26171875, 505.342956543, 515.668151855, 1194.31726074, 1282.48999023, 579.082458496, 853.916015625, 890.472290039, 1465.88464355, 4800.31835938, 4129.11816406, 1618.59216309, 909.178405762, 1300.70227051, 382.066040039, 247.542800903, 141.617050171, 52.856086731, 34.422252655, 25.6246585846, 7.04206037521, 1.03874456882, 0.214790046215, 0.0156104685739],
        "mean": [0.00055470346706, 0.00813462492079, 0.0216527841985, 0.0875074416399, 0.797994196415, 5.37707090378, 2.52231240273, 4.2232542038, 3.20710015297, 6.46358537674, 10.5433969498, 10.5459108353, 10.0998210907, 15.0077981949, 15.0774850845, 8.68429851532, 9.84980392456, 5.0250658989, 7.39020681381, 12.2402477264, 10.4363870621, 8.51062583923, 6.4369020462, 7.51482629776, 10.4986019135, 22.7231121063, 21.7883319855, 10.5363082886, 6.83661174774, 6.01483631134, 1.97583115101, 1.11750912666, 0.591218590736, 0.260746598244, 0.188234716654, 0.11802110821, 0.0324012152851, 0.00481333490461, 0.00084368546959, 7.6143493061e-05],
        "median": [0.000246132607572, 0.00464539648965, 0.00889554619789, 0.00697930343449, 0.0139254610986, 0.0182016696781, 0.0157802328467, 0.0155556453392, 0.0244626458734, 0.0482046157122, 0.0685587376356, 0.0722473040223, 0.0912249535322, 0.10128673166, 0.101333230734, 0.0913668721914, 0.0982432961464, 0.068713016808, 0.0661641061306, 0.0807885453105, 0.146878510714, 0.286011874676, 0.247538566589, 0.286269307137, 0.256990015507, 0.187587872148, 0.155303314328, 0.124243803322, 0.0554759167135, 0.0131731471047, 0.0067098531872, 0.00406587403268, 0.00297348457389, 0.0022423111368, 0.00139308220241, 0.000881986750755, 0.000607638154179, 0.000322729873005, 0.000128695450258, 2.01422008104e-05],
        "min": [6.2310168687e-06, 7.71380582592e-05, 0.000204382566153, 0.000762880139519, 0.000653468712699, 0.00112838542555, 0.000711194996256, 0.000663794809952, 0.00311181414872, 0.00521957501769, 0.0058824447915, 0.00618235347793, 0.00580997951329, 0.0127418600023, 0.0152655737475, 0.0120754595846, 0.00911054946482, 0.00557857519016, 0.00520027102903, 0.0072338366881, 0.0112953018397, 0.004368994385, 0.00181058736052, 0.00235468521714, 0.00215112767182, 0.00180570525117, 0.000932706519961, 0.000821558933239, 0.000178332542419, 0.000126589860884, 5.06752185174e-05, 3.99613199988e-05, 3.48070498148e-05, 1.83299434866e-05, 1.35739055622e-05, 5.53873951503e-06, 7.35756384529e-06, 4.75811202705e-06, 1.24433972815e-06, 1.66275398783e-07],
        "var": [8.48333729664e-06, 0.000279976258753, 0.0127251343802, 0.422630429268, 98.8361434937, 4962.37304688, 700.954833984, 3140.51171875, 1489.15380859, 4495.49560547, 8175.04980469, 5524.59960938, 6323.06640625, 19935.3574219, 20691.6425781, 9291.93457031, 13842.5, 1171.10290527, 2223.46289062, 8913.33984375, 6728.40234375, 2703.11474609, 2709.04663086, 3331.21386719, 8291.58691406, 73811.4765625, 57533.1601562, 10301.0087891, 3976.74365234, 5452.01367188, 484.885467529, 192.692153931, 62.0561676025, 9.07046985626, 4.13740539551, 2.13159036636, 0.159148022532, 0.0033891077619, 0.000138953109854, 7.35707885724e-07]
    },
    "gfcc": {
        "mean": [-201.829803467, 44.797908783, -114.465354919, 20.3879051208, -34.111328125, -13.1762456894, -8.0179309845, 6.01366376877, -19.8287143707, -0.632904410362, -15.6041688919, 0.0546099618077, -8.95400333405],
        "cov": [[5355.07666016, 272.981292725, -1094.42712402, -383.305786133, -809.687988281, -40.0249481201, -550.296569824, -12.6943302155, 28.0106143951, 47.5827674866, -157.328460693, -26.3528614044, 7.58092689514], [272.981292725, 1056.47155762, -61.2968330383, -364.944519043, -76.5057144165, -259.976043701, -107.170051575, -190.394271851, -87.2398147583, -105.005691528, 68.3114471436, 29.5393199921, 44.9783821106], [-1094.42712402, -61.2968330383, 422.312164307, 175.235229492, 163.41229248, 3.98043322563, 107.839477539, 19.0876026154, 2.16373133659, -0.560807228088, 44.4667358398, 10.796336174, -4.15816450119], [-383.305786133, -364.944519043, 175.235229492, 291.864593506, 95.3559570312, 65.7027053833, 69.4585189819, 94.0489196777, 54.2703781128, 41.0910110474, -16.2379741669, -4.73497629166, -6.12122249603], [-809.687988281, -76.5057144165, 163.41229248, 95.3559570312, 203.426208496, 45.5400695801, 118.352828979, 20.4642753601, 8.38351345062, 3.0996260643, 23.9369430542, 7.55705404282, 0.948591470718], [-40.0249481201, -259.976043701, 3.98043322563, 65.7027053833, 45.5400695801, 199.210769653, 56.9823226929, 40.1739997864, 21.2570343018, 24.7936649323, -20.5974445343, -17.4503078461, -17.3038692474], [-550.296569824, -107.170051575, 107.839477539, 69.4585189819, 118.352828979, 56.9823226929, 131.807144165, 35.7285842896, 12.6366491318, 6.26009845734, 10.1105890274, -0.496115207672, -8.32880783081], [-12.6943302155, -190.394271851, 19.0876026154, 94.0489196777, 20.4642753601, 40.1739997864, 35.7285842896, 101.497825623, 51.5311737061, 39.1046409607, -0.215636834502, 3.49090957642, -5.89243030548], [28.0106143951, -87.2398147583, 2.16373133659, 54.2703781128, 8.38351345062, 21.2570343018, 12.6366491318, 51.5311737061, 55.1757698059, 36.9426956177, 1.51578807831, 0.845578551292, -0.981191813946], [47.5827674866, -105.005691528, -0.560807228088, 41.0910110474, 3.0996260643, 24.7936649323, 6.26009845734, 39.1046409607, 36.9426956177, 59.0650024414, 11.8918476105, 5.5995516777, -2.70940566063], [-157.328460693, 68.3114471436, 44.4667358398, -16.2379741669, 23.9369430542, -20.5974445343, 10.1105890274, -0.215636834502, 1.51578807831, 11.8918476105, 53.7266082764, 28.0471057892, 5.22140073776], [-26.3528614044, 29.5393199921, 10.796336174, -4.73497629166, 7.55705404282, -17.4503078461, -0.496115207672, 3.49090957642, 0.845578551292, 5.5995516777, 28.0471057892, 38.9420585632, 14.5702381134], [7.58092689514, 44.9783821106, -4.15816450119, -6.12122249603, 0.948591470718, -17.3038692474, -8.32880783081, -5.89243030548, -0.981191813946, -2.70940566063, 5.22140073776, 14.5702381134, 31.0234909058]],
        "icov": [[0.00101578736212, -0.000880316714756, 0.00165508128703, -0.00111989362631, 0.00232459325343, -0.00112148467451, 0.0013744267635, -0.00112436513882, 0.000797941873316, -0.00128967489582, 0.00151324027684, -0.00127564207651, 0.000744804332498], [-0.000880316714756, 0.00428361259401, -0.00216111447662, 0.00431759329513, -0.00232528150082, 0.00337542849593, -0.000764252035879, 0.00389954866841, -0.0046022888273, 0.00488632451743, -0.00449891248718, 0.00271032284945, -0.00317835155874], [0.00165508128703, -0.00216111447662, 0.00836561527103, -0.00655368389562, 0.00251531577669, -0.00140892784111, 0.000387950916775, -0.000599309452809, 0.0033427872695, -0.00108542933594, -0.00319238309748, 0.000157371367095, 0.0021588196978], [-0.00111989362631, 0.00431759329513, -0.00655368389562, 0.0137320524082, -0.00520683359355, 0.00286389677785, 0.000840433116537, -0.00164821394719, -0.00635403255001, 0.00203836383298, 0.00410062912852, -6.92010462444e-06, -0.00319568719715], [0.00232459325343, -0.00232528150082, 0.00251531577669, -0.00520683359355, 0.0185735356063, -0.00353045156226, -0.00684573221952, 0.000538849097211, 0.00104718236253, -0.00186541152652, -0.000571306503844, -0.00222964514978, -0.00114610826131], [-0.00112148467451, 0.00337542849593, -0.00140892784111, 0.00286389677785, -0.00353045156226, 0.00990950595587, -0.00386524340138, 0.00266359932721, -0.00244796625338, 0.00102427310776, -0.00122232129797, 0.00320298341103, -0.000426651648013], [0.0013744267635, -0.000764252035879, 0.000387950916775, 0.000840433116537, -0.00684573221952, -0.00386524340138, 0.0216623228043, -0.00753526436165, 0.00160732050426, 0.00039518342237, 0.00255567952991, -0.00125392305199, 0.00367195950821], [-0.00112436513882, 0.00389954866841, -0.000599309452809, -0.00164821394719, 0.000538849097211, 0.00266359932721, -0.00753526436165, 0.0293775256723, -0.0203802511096, 0.00317265512422, -0.00508774537593, -0.00199214182794, 0.000666015432216], [0.000797941873316, -0.0046022888273, 0.0033427872695, -0.00635403255001, 0.00104718236253, -0.00244796625338, 0.00160732050426, -0.0203802511096, 0.0515599027276, -0.0234992001206, 0.00420358637348, 0.00269431248307, -0.00155943387654], [-0.00128967489582, 0.00488632451743, -0.00108542933594, 0.00203836383298, -0.00186541152652, 0.00102427310776, 0.00039518342237, 0.00317265512422, -0.0234992001206, 0.0405430197716, -0.0179135650396, 0.00467691523954, -0.00155940884724], [0.00151324027684, -0.00449891248718, -0.00319238309748, 0.00410062912852, -0.000571306503844, -0.00122232129797, 0.00255567952991, -0.00508774537593, 0.00420358637348, -0.0179135650396, 0.0520749315619, -0.0332722067833, 0.011019888334], [-0.00127564207651, 0.00271032284945, 0.000157371367095, -6.92010462444e-06, -0.00222964514978, 0.00320298341103, -0.00125392305199, -0.00199214182794, 0.00269431248307, 0.00467691523954, -0.0332722067833, 0.0565567500889, -0.0229267887771], [0.000744804332498, -0.00317835155874, 0.0021588196978, -0.00319568719715, -0.00114610826131, -0.000426651648013, 0.00367195950821, 0.000666015432216, -0.00155943387654, -0.00155940884724, 0.011019888334, -0.0229267887771, 0.0459552519023]]
    },
    "melbands": {
        "dmean": [6.40172038402e-06, 1.12691732284e-05, 2.89804829663e-05, 0.00035168294562, 0.000204314332223, 0.000145849160617, 8.13266669866e-05, 0.000135431662784, 0.00015365263971, 9.20839738683e-05, 8.11294594314e-05, 0.000100496661616, 7.94505685917e-05, 3.6818018998e-05, 4.40443363914e-05, 2.49865515798e-05, 1.02545673144e-05, 1.25976339405e-05, 2.21092450374e-05, 1.54015106091e-05, 1.81104624062e-05, 1.06579373096e-05, 6.551325896e-06, 8.98751932255e-06, 7.34147124604e-06, 8.22230231279e-06, 1.0016113265e-05, 2.48141132033e-05, 2.25159510592e-05, 1.06813185994e-05, 7.34711511541e-06, 4.73384943689e-06, 2.97864517051e-06, 5.59058798899e-06, 1.27006001094e-06, 1.35748575758e-06, 1.0499209111e-06, 7.96497033662e-07, 2.95418004725e-07, 3.3258345411e-07],
        "dmean2": [1.13964952106e-05, 2.04183124879e-05, 5.06452415721e-05, 0.000678331241943, 0.000384869868867, 0.000277124956483, 0.000154470006237, 0.000256013765465, 0.000285693939077, 0.000155492511112, 0.000143865137943, 0.000185263052117, 0.00014728755923, 6.95882481523e-05, 8.14680824988e-05, 4.58316462755e-05, 1.88574667845e-05, 2.29725665122e-05, 3.59089208359e-05, 2.42121986957e-05, 3.04928707919e-05, 1.79834514711e-05, 1.04636756078e-05, 1.6523661543e-05, 1.14468421089e-05, 1.18963153e-05, 1.48396920849e-05, 4.32449414802e-05, 3.68340515706e-05, 1.77243400685e-05, 1.10527762445e-05, 7.63502248446e-06, 4.17223282057e-06, 9.78458592726e-06, 1.94037647816e-06, 2.44607463173e-06, 1.86343629593e-06, 1.43871420732e-06, 4.98349436384e-07, 5.70478675854e-07],
        "dvar": [1.01922947859e-09, 4.02574773517e-09, 4.64785294696e-08, 1.56364058057e-05, 4.22229322794e-06, 2.18702257371e-06, 5.34249977591e-07, 1.30718433411e-06, 1.05013782559e-06, 2.53585653809e-07, 2.94893283126e-07, 6.10029360359e-07, 4.68851993674e-07, 1.06530436028e-07, 1.79556593594e-07, 5.68915652366e-08, 3.9687031439e-09, 4.7256980551e-09, 2.19210125607e-08, 7.8952941962e-09, 1.39616389561e-08, 2.79492451405e-09, 1.17358023299e-09, 4.23165991137e-09, 1.74820369292e-09, 3.0823994468e-09, 6.50876152974e-09, 6.20662703454e-08, 4.1800035433e-08, 7.28274507367e-09, 2.88635559897e-09, 1.39636568974e-09, 5.41827638312e-10, 3.6127820735e-09, 1.01538707997e-10, 1.73103364975e-10, 1.14393633455e-10, 7.56411946967e-11, 7.9216294982e-12, 1.01748331982e-11],
        "dvar2": [3.02319214107e-09, 1.18422569528e-08, 1.26387348587e-07, 4.60991104774e-05, 1.2128140952e-05, 6.36857612335e-06, 1.55802661084e-06, 3.81232234758e-06, 3.01736690744e-06, 6.48498200917e-07, 8.22989647986e-07, 1.76963385456e-06, 1.3319009895e-06, 3.1408788459e-07, 5.20846811014e-07, 1.66240852195e-07, 1.1146712886e-08, 1.31297612782e-08, 5.66057174467e-08, 1.85309918521e-08, 3.58415164214e-08, 6.92011514758e-09, 2.27461049995e-09, 1.18606440225e-08, 3.86525567109e-09, 6.4548766332e-09, 1.49210457323e-08, 1.6766465194e-07, 1.05822046237e-07, 1.84054762542e-08, 6.49571774147e-09, 2.63978505721e-09, 1.13550369107e-09, 9.873591722e-09, 2.34472552485e-10, 4.80390005553e-10, 3.17770892933e-10, 2.1364415792e-10, 2.09598692569e-11, 2.7428720753e-11],
        "max": [0.000415747257648, 0.000838065810967, 0.00327537488192, 0.0529060326517, 0.0281926579773, 0.0199962370098, 0.0097172120586, 0.0146968755871, 0.011276293546, 0.00551593489945, 0.00541779911146, 0.00964305829257, 0.00995823182166, 0.00427426444367, 0.00571012170985, 0.00321915582754, 0.000728574406821, 0.000553775927983, 0.00188030535355, 0.00130873825401, 0.0017405844992, 0.000562525528949, 0.000503094459418, 0.000881163054146, 0.000665305415168, 0.000967962259892, 0.00137632677797, 0.00371560710482, 0.00320325954817, 0.00128717930056, 0.000826271309052, 0.000578255567234, 0.000411595072364, 0.000881835469045, 0.000168268146808, 0.000187941928743, 0.000155711721163, 0.000124165948364, 4.3040530727e-05, 4.79413029097e-05],
        "mean": [7.14772704669e-06, 1.1643792277e-05, 2.29941269936e-05, 0.00021955918055, 0.000137317285407, 8.52209705045e-05, 4.71887360618e-05, 8.04489172879e-05, 9.24542764551e-05, 6.4389736508e-05, 5.25971772731e-05, 6.24632884865e-05, 6.28954803688e-05, 2.20144138439e-05, 2.68129915639e-05, 1.58218990691e-05, 8.71202519193e-06, 1.03061365735e-05, 1.85720527952e-05, 1.19954083857e-05, 1.28699794004e-05, 9.08026049729e-06, 5.84711233387e-06, 5.64954143556e-06, 6.00355588176e-06, 7.29096927898e-06, 8.51665390655e-06, 1.6834379494e-05, 1.62971300597e-05, 7.62865784054e-06, 5.8885962062e-06, 4.52320182376e-06, 2.61498053078e-06, 3.67045731764e-06, 1.00425063465e-06, 8.43589816668e-07, 6.81790140789e-07, 5.01143631482e-07, 2.08075917385e-07, 2.29402417062e-07],
        "median": [3.92846686736e-06, 5.51470657228e-06, 1.55140878633e-06, 1.28646570374e-06, 6.42155328023e-07, 3.54067992703e-07, 3.91436117297e-07, 5.86342139286e-07, 5.73653892388e-07, 4.31626318687e-07, 4.54567100405e-07, 4.09414525393e-07, 3.45316323092e-07, 2.53570306086e-07, 2.59048334783e-07, 1.81519169473e-07, 1.23779244632e-07, 1.09415928762e-07, 8.78871802001e-08, 1.30991523406e-07, 1.75234532662e-07, 2.99503255974e-07, 2.40932251927e-07, 2.17639836819e-07, 2.32334514294e-07, 2.10272133927e-07, 1.51387098413e-07, 1.18007790206e-07, 1.01183765366e-07, 8.19933134721e-08, 7.05942611035e-08, 3.74611524023e-08, 1.15919416288e-08, 5.25538768059e-09, 3.87229848187e-09, 3.05320657645e-09, 2.20326401568e-09, 2.07515471473e-09, 1.75773173794e-09, 1.94909888229e-09],
        "min": [6.85465550987e-08, 2.16519538299e-07, 1.20164486361e-07, 1.24060306916e-07, 2.37287895999e-08, 1.42427731831e-08, 4.00436483972e-08, 7.39895611446e-08, 4.32411084716e-08, 3.59308458542e-08, 2.74154317026e-08, 4.95238872134e-08, 4.15154488564e-08, 3.51348603544e-08, 1.92781648423e-08, 1.62447264529e-08, 9.41787003939e-09, 9.66683710857e-09, 5.86561732518e-09, 1.39013032197e-08, 1.19165415313e-08, 4.47081260901e-09, 1.909153724e-09, 2.11273110118e-09, 1.83713899649e-09, 1.92449767233e-09, 1.42580958151e-09, 1.0504815906e-09, 4.25775470436e-10, 7.97689414522e-10, 3.73190922609e-10, 9.81913023113e-11, 8.08590971957e-11, 5.87250525985e-11, 2.96996906235e-11, 2.74719049592e-11, 1.97429850246e-11, 2.83605569584e-11, 1.25965756922e-11, 1.60170921665e-11],
        "var": [5.60897717161e-10, 2.23715956871e-09, 3.71153809908e-08, 8.49412299431e-06, 2.45226283369e-06, 1.21767493511e-06, 2.95938008321e-07, 7.18430101188e-07, 6.01354486207e-07, 1.94945855014e-07, 1.85413583154e-07, 3.57353087566e-07, 3.55755332748e-07, 5.79280587942e-08, 1.01214254755e-07, 3.22226689775e-08, 3.06509839731e-09, 3.87540310953e-09, 2.15427391481e-08, 8.16127343484e-09, 1.14683711416e-08, 2.89233570427e-09, 1.54562063148e-09, 2.67305355628e-09, 2.00159178121e-09, 3.83911435975e-09, 6.82327083723e-09, 4.36511093937e-08, 3.41430812512e-08, 6.02429661711e-09, 2.94914515031e-09, 1.76765668769e-09, 6.45198894311e-10, 2.43757702911e-09, 1.02161230864e-10, 1.1123185012e-10, 7.5710111791e-11, 4.74302992715e-11, 5.95647663137e-12, 7.37839823961e-12]
    },
    "mfcc": {
        "mean": [-853.786987305, 98.2819442749, -24.9683952332, 38.2122917175, -9.47286128998, -0.678492307663, 9.75470066071, 5.75082731247, 8.69240379333, -2.90784144402, 2.99193120003, 3.95432829857, -2.10510706902],
        "cov": [[6262.47412109, 43.6451644897, -592.401367188, -666.971374512, -422.777130127, -311.726287842, -637.371826172, -238.525787354, -167.618057251, 114.933616638, -196.365890503, -181.240737915, -47.6088523865], [43.6451644897, 1119.96228027, -74.0149536133, -127.862075806, -101.096923828, -150.557556152, -63.6808357239, -119.194114685, -178.253997803, -197.356369019, -84.1460952759, -22.6868438721, -45.2503623962], [-592.401367188, -74.0149536133, 248.436218262, 118.668190002, 63.4584274292, 35.1274642944, 47.1332397461, 28.0666007996, 5.24776935577, 16.0785732269, 24.4159660339, 11.6247186661, 1.74554383755], [-666.971374512, -127.862075806, 118.668190002, 272.217437744, 75.436958313, 0.504216790199, 56.2672653198, 37.3001823425, 56.8652534485, 7.50782728195, 42.2697868347, 43.8220748901, 16.7888355255], [-422.777130127, -101.096923828, 63.4584274292, 75.436958313, 96.1021270752, 51.2778282166, 52.3070144653, 33.3863220215, 33.2402687073, 16.7321414948, 22.2195491791, 18.5642642975, 17.8985900879], [-311.726287842, -150.557556152, 35.1274642944, 0.504216790199, 51.2778282166, 134.117950439, 74.275894165, 42.5864677429, 38.0480499268, 36.890625, 17.1474285126, -2.22633504868, -0.674863994122], [-637.371826172, -63.6808357239, 47.1332397461, 56.2672653198, 52.3070144653, 74.275894165, 125.140480042, 57.2612037659, 35.5629806519, 2.06550884247, 30.0118598938, 23.0478210449, 8.32175540924], [-238.525787354, -119.194114685, 28.0666007996, 37.3001823425, 33.3863220215, 42.5864677429, 57.2612037659, 72.1066894531, 42.1160926819, 25.2174873352, 21.3803634644, 12.9941091537, 12.8046531677], [-167.618057251, -178.253997803, 5.24776935577, 56.8652534485, 33.2402687073, 38.0480499268, 35.5629806519, 42.1160926819, 84.310508728, 48.0123176575, 27.6090278625, 13.7271976471, 13.4572238922], [114.933616638, -197.356369019, 16.0785732269, 7.50782728195, 16.7321414948, 36.890625, 2.06550884247, 25.2174873352, 48.0123176575, 87.628074646, 27.455909729, 1.03980004787, 13.3814649582], [-196.365890503, -84.1460952759, 24.4159660339, 42.2697868347, 22.2195491791, 17.1474285126, 30.0118598938, 21.3803634644, 27.6090278625, 27.455909729, 52.0230712891, 31.0705928802, 12.8680324554], [-181.240737915, -22.6868438721, 11.6247186661, 43.8220748901, 18.5642642975, -2.22633504868, 23.0478210449, 12.9941091537, 13.7271976471, 1.03980004787, 31.0705928802, 52.177822113, 21.9618034363], [-47.6088523865, -45.2503623962, 1.74554383755, 16.7888355255, 17.8985900879, -0.674863994122, 8.32175540924, 12.8046531677, 13.4572238922, 13.3814649582, 12.8680324554, 21.9618034363, 40.4443778992]],
