{
"lowlevel": {
    "average_loudness": 0.934719204903,
    "barkbands_crest": {
        "dmean": 1.27349746227,
        "dmean2": 2.11786198616,
        "dvar": 3.60202932358,
        "dvar2": 8.67072677612,
        "max": 24.7840881348,
        "mean": 20.8822841644,
        "median": 22.192817688,
        "min": 6.7482790947,
        "var": 12.6576719284
    },
    "barkbands_flatness_db": {
        "dmean": 0.0129622807726,
        "dmean2": 0.0189489703625,
        "dvar": 0.00023946116562,
        "dvar2": 0.00031670826138,
        "max": 0.321957290173,
        "mean": 0.26953959465,
        "median": 0.279307037592,
        "min": 0.154462754726,
        "var": 0.0014676975552
    },
    "barkbands_kurtosis": {
        "dmean": 6.40976428986,
        "dmean2": 10.1602334976,
        "dvar": 35.4692459106,
        "dvar2": 96.4239273071,
        "max": 60.7805175781,
        "mean": 26.3140563965,
        "median": 26.4629421234,
        "min": -1.28661549091,
        "var": 281.339874268
    },
    "barkbands_skewness": {
        "dmean": 0.608462870121,
        "dmean2": 0.977634131908,
        "dvar": 0.402961403131,
        "dvar2": 0.875899851322,
        "max": 7.08325576782,
        "mean": 4.25167417526,
        "median": 4.33617067337,
        "min": -0.0610894784331,
        "var": 2.87973499298
    },
    "barkbands_spread": {
        "dmean": 0.717994332314,
        "dmean2": 1.10351216793,
        "dvar": 1.11872911453,
        "dvar2": 2.43591070175,
        "max": 11.2515306473,
        "mean": 3.63210749626,
        "median": 2.64823436737,
        "min": 1.66717135906,
        "var": 4.07213449478
    },
    "dissonance": {
        "dmean": 0.0218469779938,
        "dmean2": 0.0357666350901,
        "dvar": 0.00065592082683,
        "dvar2": 0.00149164441973,
        "max": 0.484489709139,
        "mean": 0.432901233435,
        "median": 0.439017087221,
        "min": 0.328284800053,
        "var": 0.00100673199631
    },
    "dynamic_complexity": 2.64435815811,
    "erbbands_crest": {
        "dmean": 1.76164960861,
        "dmean2": 2.81574440002,
        "dvar": 2.21934723854,
        "dvar2": 6.24787473679,
        "max": 23.7552967072,
        "mean": 17.203994751,
        "median": 18.2338809967,
        "min": 6.63752841949,
        "var": 17.6725997925
    },
    "erbbands_flatness_db": {
        "dmean": 0.0116346217692,
        "dmean2": 0.0151684703305,
        "dvar": 0.00030843866989,
        "dvar2": 0.000389383465517,
        "max": 0.341208904982,
        "mean": 0.258450269699,
        "median": 0.258564174175,
        "min": 0.12597733736,
        "var": 0.00156811845955
    },
    "erbbands_kurtosis": {
        "dmean": 0.96628010273,
        "dmean2": 1.56717669964,
        "dvar": 0.719330430031,
        "dvar2": 1.36362683773,
        "max": 7.98101615906,
        "mean": 3.00535464287,
        "median": 2.54899311066,
        "min": -0.96205997467,
        "var": 4.81721258163
    },
    "erbbands_skewness": {
        "dmean": 0.2886095047,
        "dmean2": 0.446005016565,
        "dvar": 0.116018414497,
        "dvar2": 0.23235334456,
        "max": 2.73693919182,
        "mean": 1.57804048061,
        "median": 1.7627620697,
        "min": -0.957477867603,
        "var": 0.598276853561
    },
    "erbbands_spread": {
        "dmean": 2.62958145142,
        "dmean2": 3.9611120224,
        "dvar": 10.2212409973,
        "dvar2": 19.0775032043,
        "max": 56.0559234619,
        "mean": 19.9588661194,
        "median": 17.624004364,
        "min": 9.02979373932,
        "var": 59.3249053955
    },
    "hfc": {
        "dmean": 1.34519994259,
        "dmean2": 1.89405584335,
        "dvar": 7.91986036301,
        "dvar2": 14.0200157166,
        "max": 27.5397548676,
        "mean": 8.52740764618,
        "median": 6.23539209366,
        "min": 0.0465358309448,
        "var": 41.0093574524
    },
    "melbands_crest": {
        "dmean": 1.31955778599,
        "dmean2": 2.1141064167,
        "dvar": 4.50849437714,
        "dvar2": 8.10273838043,
        "max": 29.1058807373,
        "mean": 25.1124153137,
        "median": 26.5509681702,
        "min": 10.875038147,
        "var": 14.3772411346
    },
    "melbands_flatness_db": {
        "dmean": 0.0115922652185,
        "dmean2": 0.0160811562091,
        "dvar": 0.000227422700846,
        "dvar2": 0.000294031924568,
        "max": 0.40682554245,
        "mean": 0.356398999691,
        "median": 0.366787433624,
        "min": 0.232288390398,
        "var": 0.00142903416418
    },
    "melbands_kurtosis": {
        "dmean": 8.96735191345,
        "dmean2": 15.1112623215,
        "dvar": 92.8768463135,
        "dvar2": 225.642913818,
        "max": 86.5028915405,
        "mean": 36.0838546753,
        "median": 26.8582057953,
        "min": -1.3023866415,
        "var": 677.114196777
    },
    "melbands_skewness": {
        "dmean": 0.651455938816,
        "dmean2": 1.08485639095,
        "dvar": 0.518833220005,
        "dvar2": 1.08197557926,
        "max": 7.68288755417,
        "mean": 4.49500799179,
        "median": 4.1326546669,
        "min": 0.249377533793,
        "var": 3.7287003994
    },
    "melbands_spread": {
        "dmean": 0.917327463627,
        "dmean2": 1.45206975937,
        "dvar": 3.3772342205,
        "dvar2": 7.95135498047,
        "max": 19.3798103333,
        "mean": 4.34985876083,
        "median": 3.13480114937,
        "min": 1.72408759594,
        "var": 9.39713287354
    },
    "pitch_salience": {
        "dmean": 0.0538394711912,
        "dmean2": 0.0895705595613,
        "dvar": 0.00336956372485,
        "dvar2": 0.00697898305953,
        "max": 0.758554518223,
        "mean": 0.353155314922,
        "median": 0.34314391017,
        "min": 0.193110585213,
        "var": 0.00766145670786
    },
    "silence_rate_20dB": {
        "dmean": 0,
        "dmean2": 0,
        "dvar": 0,
        "dvar2": 0,
        "max": 1,
        "mean": 1,
        "median": 1,
        "min": 1,
        "var": 0
    },
    "silence_rate_30dB": {
        "dmean": 0,
        "dmean2": 0,
        "dvar": 0,
        "dvar2": 0,
        "max": 1,
        "mean": 1,
        "median": 1,
        "min": 1,
        "var": 0
    },
    "silence_rate_60dB": {
        "dmean": 0.0111111113802,
        "dmean2": 0.0112359551713,
        "dvar": 0.010987653397,
        "dvar2": 0.0111097088084,
        "max": 1,
        "mean": 0.0109890112653,
        "median": 0,
        "min": 0,
        "var": 0.010868252255
    },
    "spectral_centroid": {
        "dmean": 27.232416153,
        "dmean2": 42.3268547058,
        "dvar": 2202.62109375,
        "dvar2": 4898.50244141,
        "max": 788.45135498,
        "mean": 400.229003906,
        "median": 362.676452637,
        "min": 311.428466797,
        "var": 8357.31445312
    },
    "spectral_complexity": {
        "dmean": 1.5222222805,
        "dmean2": 2.60674166679,
        "dvar": 2.16061735153,
        "dvar2": 3.78916811943,
        "max": 15,
        "mean": 8.62637329102,
        "median": 8,
        "min": 0,
        "var": 6.03622484207
    },
    "spectral_decrease": {
        "dmean": 6.63347210494e-10,
        "dmean2": 9.7667751664e-10,
        "dvar": 1.03343913227e-18,
        "dvar2": 1.61865049389e-18,
        "max": -3.05980275839e-11,
        "mean": -6.3354268498e-09,
        "median": -4.97347363293e-09,
        "min": -1.88399731371e-08,
        "var": 1.84903768596e-17
    },
    "spectral_energy": {
        "dmean": 0.00260949344374,
        "dmean2": 0.0038407521788,
        "dvar": 1.64870889421e-05,
        "dvar2": 2.58973104792e-05,
        "max": 0.0736041367054,
        "mean": 0.0246847663075,
        "median": 0.0192811638117,
        "min": 0.000119705153338,
        "var": 0.000281172600808
    },
    "spectral_energyband_high": {
        "dmean": 7.43927557778e-06,
        "dmean2": 9.46454292716e-06,
        "dvar": 4.81358730653e-10,
        "dvar2": 7.78131947765e-10,
        "max": 0.000239243774558,
        "mean": 1.81434625119e-05,
        "median": 1.18322423077e-05,
        "min": 2.98464897242e-07,
        "var": 8.93400187163e-10
    },
    "spectral_energyband_low": {
        "dmean": 2.63748916041e-05,
        "dmean2": 3.72628092009e-05,
        "dvar": 3.50873397004e-09,
        "dvar2": 3.56673512947e-09,
        "max": 0.000612797273789,
        "mean": 4.84115553263e-05,
        "median": 3.55440824933e-05,
        "min": 2.92558570436e-06,
        "var": 4.34627711599e-09
    },
    "spectral_energyband_middle_high": {
        "dmean": 0.000772179104388,
        "dmean2": 0.001134095015,
        "dvar": 4.31435819337e-06,
        "dvar2": 7.4953368312e-06,
        "max": 0.0186865665019,
        "mean": 0.00153802253772,
        "median": 0.000587716232985,
        "min": 1.27411003632e-05,
        "var": 7.8715465861e-06
    },
    "spectral_energyband_middle_low": {
        "dmean": 0.0022166534327,
        "dmean2": 0.00351959327236,
        "dvar": 9.87402381725e-06,
        "dvar2": 1.54105619004e-05,
        "max": 0.0691343918443,
        "mean": 0.023114785552,
        "median": 0.0173314213753,
        "min": 0.000103704631329,
        "var": 0.000251627032412
    },
    "spectral_entropy": {
        "dmean": 0.101153403521,
        "dmean2": 0.131496340036,
        "dvar": 0.0145356850699,
        "dvar2": 0.0145307015628,
        "max": 7.82076025009,
        "mean": 6.5681385994,
        "median": 6.50562667847,
        "min": 6.06214666367,
        "var": 0.118224821985
    },
    "spectral_flux": {
        "dmean": 0.0099131911993,
        "dmean2": 0.0147502459586,
        "dvar": 0.000250221200986,
        "dvar2": 0.000452454289189,
        "max": 0.158523693681,
        "mean": 0.0356941968203,
        "median": 0.0267569199204,
        "min": 0.0148582197726,
        "var": 0.000607465219218
    },
    "spectral_kurtosis": {
        "dmean": 3.2775118351,
        "dmean2": 5.60660934448,
        "dvar": 20.3916816711,
        "dvar2": 55.5126342773,
        "max": 32.2222213745,
        "mean": 11.0580682755,
        "median": 9.43231773376,
        "min": 4.29740715027,
        "var": 30.65483284
    },
    "spectral_rms": {
        "dmean": 0.000266441900749,
        "dmean2": 0.000394199683797,
        "dvar": 1.80219970503e-07,
        "dvar2": 2.53055162602e-07,
        "max": 0.00847401376814,
        "mean": 0.00463334843516,
        "median": 0.00433715246618,
        "min": 0.000341738952557,
        "var": 2.61477430286e-06
    },
    "spectral_rolloff": {
        "dmean": 54.55078125,
        "dmean2": 99.4398498535,
        "dvar": 16117.4667969,
        "dvar2": 39965.0117188,
        "max": 1291.9921875,
        "mean": 419.305969238,
        "median": 366.064453125,
        "min": 258.3984375,
        "var": 39258.2148438
    },
    "spectral_skewness": {
        "dmean": 0.263524383307,
        "dmean2": 0.437539547682,
        "dvar": 0.112236231565,
        "dvar2": 0.287371188402,
        "max": 3.77302575111,
        "mean": 2.27192378044,
        "median": 2.19079184532,
        "min": 1.6201864481,
        "var": 0.261445611715
    },
    "spectral_spread": {
        "dmean": 367616.1875,
        "dmean2": 401919.90625,
        "dvar": 1.51658194534e+12,
        "dvar2": 971627036672,
        "max": 16260179,
        "mean": 2699858.75,
        "median": 2507258.75,
        "min": 1411947.25,
        "var": 2.78554817331e+12
    },
    "spectral_strongpeak": {
        "dmean": 0.323674827814,
        "dmean2": 0.6028444767,
        "dvar": 0.154014974833,
        "dvar2": 0.425131767988,
        "max": 3.29156041145,
        "mean": 1.06935274601,
        "median": 0.975167930126,
        "min": 0.0150218410417,
        "var": 0.21781206131
    },
    "zerocrossingrate": {
        "dmean": 0.00253906240687,
        "dmean2": 0.00329178362153,
        "dvar": 9.08215497475e-06,
        "dvar2": 1.09540114863e-05,
        "max": 0.03955078125,
        "mean": 0.0169717986137,
        "median": 0.0146484375,
        "min": 0.00537109375,
        "var": 4.15652139054e-05
    },
    "barkbands": {
        "dmean": [1.86470833796e-06, 1.24622110889e-05, 1.07405594463e-05, 5.36282495887e-05, 0.00170124112628, 0.000539500440937, 0.000907196023036, 0.000571113894694, 0.000185055658221, 4.85601667606e-05, 0.000676356023178, 0.000102045632957, 0.000162591066328, 3.56003656634e-05, 7.05281672708e-06, 1.08360427475e-05, 1.29270201796e-05, 7.53270751375e-06, 8.06152456789e-06, 4.00058706873e-06, 1.8967118649e-06, 1.27778173464e-06, 4.509813607e-07, 4.28613248005e-07, 9.80854338195e-07, 8.4241020204e-07, 6.37505650047e-07],
        "dmean2": [2.39739392782e-06, 1.79623166332e-05, 1.76452431333e-05, 7.48635211494e-05, 0.00259226700291, 0.000911260896828, 0.0015200964408, 0.00096974009648, 0.000322137755575, 6.39411737211e-05, 0.000953880487941, 0.000139837226016, 0.00029877841007, 6.45413892926e-05, 1.20559261632e-05, 1.89638540178e-05, 2.21432328544e-05, 1.27276452986e-05, 1.3381505596e-05, 6.3958782448e-06, 2.68677604254e-06, 1.76314892997e-06, 6.0995438389e-07, 5.27525173766e-07, 1.32572733946e-06, 9.74344857241e-07, 7.48056720568e-07],
        "dvar": [9.7783996178e-11, 4.47549192151e-10, 5.23428300703e-10, 4.25534008031e-09, 5.95976098339e-06, 4.56790047565e-07, 1.43985084833e-06, 6.37641505818e-07, 9.06599808559e-08, 2.44109932268e-09, 2.93469247481e-06, 8.05592392794e-08, 7.95343510163e-07, 4.2458165872e-09, 1.08927020182e-10, 1.57086010866e-10, 1.76140269037e-10, 4.91824948823e-11, 1.03778347027e-10, 4.11011433221e-11, 8.42694577313e-12, 7.34524680662e-12, 2.54126884466e-12, 2.32926308449e-12, 1.69849204146e-11, 1.01855208295e-11, 4.25207482072e-12],
        "dvar2": [9.87130863161e-11, 6.2522415023e-10, 6.98926250209e-10, 6.76318956394e-09, 8.5736710389e-06, 1.27025805341e-06, 3.69604117623e-06, 1.75316245077e-06, 1.90524247046e-07, 3.73527919706e-09, 6.35690912532e-06, 1.97018565018e-07, 2.25517942454e-06, 1.27477717271e-08, 2.75886952172e-10, 4.68705019241e-10, 4.45925574244e-10, 1.32765257121e-10, 3.04507224991e-10, 9.24302856475e-11, 1.02882008468e-11, 1.05167411238e-11, 4.21127629296e-12, 4.33837254316e-12, 2.66790877584e-11, 1.43299183283e-11, 4.54670806213e-12],
        "max": [9.51960100792e-05, 0.000181044713827, 0.000214435145608, 0.000633108895272, 0.0469039343297, 0.00605902262032, 0.0132332686335, 0.00620780140162, 0.00254998216406, 0.000587462098338, 0.0158085003495, 0.00236004870385, 0.00658780802041, 0.000472214655019, 7.7638644143e-05, 0.00012552041153, 0.000137033654028, 6.58551580273e-05, 7.67506353441e-05, 6.79744553054e-05, 3.55729862349e-05, 3.05078337988e-05, 1.43596798807e-05, 1.43434635902e-05, 3.94316011807e-05, 3.32110867021e-05, 2.2569716748e-05],
        "mean": [2.27134887609e-06, 1.73693933903e-05, 1.06929901449e-05, 8.35045866552e-05, 0.01855353266, 0.00107588095125, 0.00196693069302, 0.000901854538824, 0.000513005361427, 0.000162191659911, 0.000916084798519, 0.000137571943924, 0.000126453931443, 6.07180045336e-05, 1.16029368655e-05, 3.06233923766e-05, 3.92561487388e-05, 2.77106464637e-05, 2.20302263187e-05, 1.16134542623e-05, 5.81368067287e-06, 2.42938199335e-06, 6.34569573776e-07, 5.22691891547e-07, 1.26508859921e-06, 1.1115464531e-06, 1.61330740411e-06],
        "median": [6.97426457918e-07, 1.09162974695e-05, 5.90841227677e-06, 5.14279709023e-05, 0.0147368935868, 0.000882995547727, 0.000748818856664, 0.000456017151009, 0.000283801957266, 0.00011443344556, 0.00019664010324, 3.00669580611e-05, 3.36879929819e-05, 3.14573298965e-05, 7.01418730387e-06, 2.55714694504e-05, 3.77189207938e-05, 2.69490574283e-05, 2.01045477297e-05, 1.02875546872e-05, 4.78876336274e-06, 1.48923459165e-06, 1.69229608105e-07, 1.189916361e-07, 1.61778416441e-07, 1.80591229082e-07, 9.55477503339e-07],
        "min": [1.64764077937e-08, 6.01561168878e-07, 4.78747836041e-07, 1.23588756651e-06, 6.93356414558e-05, 1.37720171551e-05, 5.8348332459e-06, 3.47025252267e-06, 1.53806070102e-06, 4.76630430057e-06, 4.72478495794e-06, 1.09558095573e-06, 3.70416358919e-07, 1.45203330248e-07, 1.21599470049e-07, 7.41161045426e-07, 5.30512068053e-07, 9.26366539034e-08, 4.0649388211e-07, 1.21446163348e-07, 1.04312000815e-07, 6.39434247773e-08, 1.13863087847e-08, 8.55211279571e-09, 1.26781891652e-08, 1.09580913232e-08, 2.91399189223e-08],
        "var": [9.82804462812e-11, 5.76254988172e-10, 5.2968313069e-10, 1.03658805983e-08, 0.000140638614539, 8.03825230378e-07, 8.1997959569e-06, 1.14465206025e-06, 2.61035694393e-07, 1.38167228769e-08, 4.50218522019e-06, 9.90655308897e-08, 4.7824187277e-07, 5.71699665386e-09, 1.46848339044e-10, 2.41425379688e-10, 2.46198089693e-10, 7.22989862423e-11, 1.042024661e-10, 5.94419929945e-11, 2.34650424091e-11, 1.57925374167e-11, 3.86850230669e-12, 3.19532963457e-12, 2.84369663234e-11, 1.91904426378e-11, 1.01502313499e-11]
    },
    "erbbands": {
        "dmean": [0.000208266777918, 0.00330409966409, 0.0120927197859, 0.0789505243301, 1.6110727787, 9.99751472473, 1.90759956837, 6.76015233994, 3.72530317307, 21.3114204407, 5.9141497612, 3.40852832794, 2.21770095825, 9.17438602448, 23.7212963104, 4.29584169388, 7.39551591873, 1.24460732937, 1.47526299953, 0.543946266174, 0.406219065189, 0.747117459774, 0.381001323462, 0.45922973752, 0.275405347347, 0.180173918605, 0.106289066374, 0.0701794028282, 0.0407011508942, 0.0314578786492, 0.0125288804993, 0.00745905889198, 0.00784529931843, 0.00916702114046, 0.00783904828131, 0.00369144510478, 0.00165907933842, 0.000493953179102, 0.000121983408462, 8.15871135273e-06],
        "dmean2": [0.000316499441396, 0.00487662898377, 0.0195862371475, 0.119903460145, 2.77327489853, 14.8275337219, 3.20194983482, 11.515209198, 6.77014923096, 34.2420196533, 10.3075332642, 5.89448785782, 3.90493488312, 12.857878685, 32.2773780823, 6.54099416733, 13.5342102051, 2.15717315674, 2.44501423836, 0.947385311127, 0.676409363747, 1.30726265907, 0.605568468571, 0.791317343712, 0.454459190369, 0.288883179426, 0.159991428256, 0.106923744082, 0.0578275360167, 0.042662538588, 0.0158366411924, 0.00934262759984, 0.00969518534839, 0.0120810335502, 0.0106381503865, 0.00445600133389, 0.00191404204816, 0.000536410603672, 0.000140153220855, 1.06862262328e-05],
        "dvar": [3.34584655093e-07, 2.70808704954e-05, 0.000520548550412, 0.00968593452126, 3.4551358223, 244.65927124, 2.81053423882, 70.398109436, 18.4228420258, 1282.51916504, 54.5331993103, 34.5998382568, 12.0848093033, 343.916351318, 3360.49755859, 286.950897217, 1676.23034668, 8.54458808899, 4.80220890045, 0.356161803007, 0.176850631833, 0.605809092522, 0.0985135734081, 0.281001508236, 0.173232808709, 0.0892339497805, 0.0405024439096, 0.00887385103852, 0.00561463879421, 0.0146813113242, 0.00188797700685, 0.000615988275968, 0.000838672218379, 0.00136479467619, 0.00109632243402, 0.00020733672136, 3.95751558244e-05, 2.92246022582e-06, 1.74848736378e-07, 3.15775211535e-10],
        "dvar2": [3.55169930799e-07, 4.28086641477e-05, 0.000761718547437, 0.014930059202, 7.7855963707, 286.797698975, 7.80033349991, 200.542572021, 53.1204910278, 3008.10473633, 143.448638916, 70.4337615967, 32.3455619812, 776.023620605, 6776.79003906, 770.380432129, 4728.12988281, 22.4630641937, 15.0590667725, 1.03880131245, 0.44912096858, 1.51592636108, 0.240287959576, 0.819595336914, 0.469788312912, 0.212672516704, 0.0783667042851, 0.0112908752635, 0.0062974258326, 0.0306398142129, 0.00323745585047, 0.000881431566086, 0.0016057335306, 0.00207877275534, 0.0017115008086, 0.000292459299089, 6.41582882963e-05, 4.04772526963e-06, 1.76071679903e-07, 3.4145519745e-10],
        "max": [0.00565915089101, 0.0417928397655, 0.220321014524, 1.37308287621, 36.3403625488, 280.54397583, 39.5000724792, 74.5624694824, 45.2458992004, 403.801300049, 63.2855987549, 49.4019966125, 26.534948349, 170.07913208, 538.27154541, 137.901412964, 303.962524414, 22.8676986694, 16.5371875763, 4.82661485672, 4.84311628342, 7.82864952087, 3.44297122955, 4.40614509583, 3.7466378212, 3.1298699379, 2.23284602165, 1.13454663754, 0.859388768673, 1.10323870182, 0.401464551687, 0.22558388114, 0.274824678898, 0.358941316605, 0.316504895687, 0.147949710488, 0.0643848478794, 0.018430756405, 0.00451862812042, 0.00020992467762],
        "mean": [0.000346979883034, 0.00498672062531, 0.0210984349251, 0.321699261665, 14.0916624069, 111.732681274, 15.0864067078, 13.3594102859, 10.2621040344, 51.4970474243, 15.3752374649, 9.65749073029, 5.5105805397, 16.6603755951, 31.9632740021, 5.43251609802, 5.67050123215, 2.61839365959, 2.09593129158, 1.16614151001, 1.45146584511, 2.33020496368, 1.5522762537, 1.4232763052, 0.817116439342, 0.535933375359, 0.295207858086, 0.198863208294, 0.0950252860785, 0.0393194817007, 0.0176674444228, 0.0103444047272, 0.00965559668839, 0.0120358876884, 0.0100248372182, 0.00483529269695, 0.00201980513521, 0.000721087155398, 0.000257530977251, 5.15660831297e-05],
        "median": [0.000237089669099, 0.00320869893767, 0.0156471282244, 0.274807482958, 11.666809082, 88.5159606934, 12.3617677689, 10.2623596191, 5.66013669968, 18.317440033, 7.64264249802, 5.25845336914, 3.27054357529, 8.30049610138, 4.53332138062, 1.21461308002, 1.23649179935, 1.60997200012, 1.18448519707, 0.972350299358, 1.28813683987, 2.20187735558, 1.4991505146, 1.33806037903, 0.748725712299, 0.477680891752, 0.248362928629, 0.164088740945, 0.0647459328175, 0.0104972654954, 0.00492337904871, 0.00265893549658, 0.0022190969903, 0.00173462135717, 0.00126869708765, 0.000587141897995, 0.000353294948582, 0.000213560444536, 0.000115702023322, 4.2977706471e-05],
        "min": [2.6747753509e-05, 0.00029514436028, 0.0020296224393, 0.0169060770422, 0.105344034731, 0.272514224052, 0.245722740889, 0.073639087379, 0.0588369965553, 0.102478027344, 0.067473821342, 0.0355598144233, 0.084676720202, 0.192794114351, 0.154798731208, 0.0492960810661, 0.019079182297, 0.00999469216913, 0.00638610497117, 0.0198350697756, 0.037292137742, 0.0272187832743, 0.00996829662472, 0.00875477027148, 0.0228164512664, 0.00617099972442, 0.00506391376257, 0.00310331280343, 0.00267295842059, 0.000484216987388, 0.000411657587392, 0.000208815559745, 0.000125898077386, 0.000109577049443, 0.000105208724563, 3.43005885952e-05, 2.21577010961e-05, 8.93188098416e-06, 2.96491657537e-06, 7.28504971903e-07],
        "var": [3.53479464366e-07, 3.81326572096e-05, 0.000601043051574, 0.0408958420157, 78.2211074829, 5155.04003906, 87.446975708, 126.802436829, 105.570098877, 5574.96142578, 212.894210815, 102.300376892, 26.9600944519, 552.411010742, 5742.97998047, 250.290634155, 1023.59228516, 10.6433534622, 6.66424036026, 0.523842155933, 0.41508102417, 0.809803366661, 0.208876997232, 0.292787104845, 0.182375267148, 0.118409730494, 0.0694573074579, 0.027931611985, 0.0158421453089, 0.0178267229348, 0.00291004450992, 0.00100917730015, 0.00115252018441, 0.00236482941546, 0.00183443003334, 0.000391835812479, 6.53693641652e-05, 5.77800892643e-06, 4.38359961663e-07, 9.85190262703e-10]
    },
    "gfcc": {
        "mean": [-99.8196182251, 139.090026855, -123.998527527, -16.0152950287, -59.4186973572, -55.0465316772, -39.0052642822, -20.3886604309, -39.5992088318, -17.5015583038, -21.1558227539, -3.71589398384, -2.55594348907],
        "cov": [[1072.09985352, 49.5441093445, -20.4117736816, -192.527404785, -98.8614120483, 82.2630081177, -39.3654556274, -43.0165863037, 18.4367733002, 35.9199333191, 39.3304595947, -25.5309028625, -33.3656044006], [49.5441093445, 695.631103516, -267.433929443, -256.817047119, 1.22420585155, -74.7455978394, 125.018791199, -99.6664047241, 39.7017593384, -25.1765460968, 86.5309295654, -50.2502212524, 10.0644865036], [-20.4117736816, -267.433929443, 219.580627441, 155.449234009, -8.70962715149, 11.9188108444, -71.9784164429, 71.2674026489, 6.51088523865, 9.65539169312, -52.2583770752, 15.6286077499, 7.0611166954], [-192.527404785, -256.817047119, 155.449234009, 206.526779175, 26.1825733185, -27.4245491028, -54.2244148254, 68.4937362671, 2.98356199265, -3.60276722908, -48.9612884521, 16.1035385132, 14.5739898682], [-98.8614120483, 1.22420585155, -8.70962715149, 26.1825733185, 37.4589881897, -4.513007164, 16.2277202606, 5.50061321259, 0.619626522064, 4.89508724213, 1.57592618465, 5.76539087296, 4.37111473083], [82.2630081177, -74.7455978394, 11.9188108444, -27.4245491028, -4.513007164, 98.4311218262, 6.50588130951, 4.00058317184, -3.35746836662, 22.4073505402, 19.550611496, 16.00740242, -14.0543823242], [-39.3654556274, 125.018791199, -71.9784164429, -54.2244148254, 16.2277202606, 6.50588130951, 51.6839790344, -19.4224395752, -0.974414229393, -0.53459995985, 26.0203361511, 1.62777745724, 1.82062280178], [-43.0165863037, -99.6664047241, 71.2674026489, 68.4937362671, 5.50061321259, 4.00058317184, -19.4224395752, 37.6660232544, 3.33114218712, 1.85944604874, -15.3295316696, 9.89487552643, 2.42061686516], [18.4367733002, 39.7017593384, 6.51088523865, 2.98356199265, 0.619626522064, -3.35746836662, -0.974414229393, 3.33114218712, 24.6857891083, 6.38488006592, 2.33733582497, -9.41959953308, -1.1464214325], [35.9199333191, -25.1765460968, 9.65539169312, -3.60276722908, 4.89508724213, 22.4073505402, -0.53459995985, 1.85944604874, 6.38488006592, 22.8086833954, 4.74300527573, 1.56312930584, -9.24126625061], [39.3304595947, 86.5309295654, -52.2583770752, -48.9612884521, 1.57592618465, 19.550611496, 26.0203361511, -15.3295316696, 2.33733582497, 4.74300527573, 31.9288978577, 2.64377951622, -5.04564189911], [-25.5309028625, -50.2502212524, 15.6286077499, 16.1035385132, 5.76539087296, 16.00740242, 1.62777745724, 9.89487552643, -9.41959953308, 1.56312930584, 2.64377951622, 18.7467498779, 0.996484816074], [-33.3656044006, 10.0644865036, 7.0611166954, 14.5739898682, 4.37111473083, -14.0543823242, 1.82062280178, 2.42061686516, -1.1464214325, -9.24126625061, -5.04564189911, 0.996484816074, 19.9633235931]],
        "icov": [[0.00191405671649, 0.00156759365927, -0.00149703526404, 0.00396941881627, 0.00132442719769, 0.00133907969575, 0.00186924845912, -0.000240885099629, -0.00201346166432, -0.000589501229115, -0.00573245529085, 0.00298314844258, -0.0014343742514], [0.00156759365927, 0.0206686779857, -0.0108452662826, 0.0221552997828, -0.00761319603771, 0.020221458748, -0.0200840122998, 0.00532926060259, -0.0262275468558, 0.0207961816341, -0.0387506783009, 0.0224153567106, -0.00584207149222], [-0.00149703526404, -0.0108452662826, 0.0334183387458, -0.0194220934063, 0.0177592150867, -0.0155209060758, 0.0176048465073, -0.026822341606, 0.00806465465575, -0.0252581425011, 0.0412630066276, -0.0211229715496, -0.00759016815573], [0.00396941881627, 0.0221552997828, -0.0194220934063, 0.052703410387, -0.0283461865038, 0.0263654906303, -0.00247035198845, -0.0160522330552, -0.0297064203769, 0.0279475711286, -0.0414391718805, 0.0196920204908, -0.00942644290626], [0.00132442719769, -0.00761319603771, 0.0177592150867, -0.0283461865038, 0.0717137977481, -0.00547225074843, -0.0214240327477, -0.00515634473413, 0.00916663184762, -0.0426869206131, 0.0251015424728, -0.016779102385, -0.00856371596456], [0.00133907969575, 0.020221458748, -0.0155209060758, 0.0263654906303, -0.00547225074843, 0.0401852466166, -0.0207529980689, 0.0012908950448, -0.0211986228824, 0.00684267608449, -0.0487867891788, 0.0105406818911, -0.00139603135176], [0.00186924845912, -0.0200840122998, 0.0176048465073, -0.00247035198845, -0.0214240327477, -0.0207529980689, 0.0902950763702, -0.0174035280943, 0.0223662592471, -0.01454606466, 0.0103356698528, -0.0267316866666, -0.00872038584203], [-0.000240885099629, 0.00532926060259, -0.026822341606, -0.0160522330552, -0.00515634473413, 0.0012908950448, -0.0174035280943, 0.11378967762, -0.0282544028014, 0.0233612172306, -0.0114186033607, -0.0233125165105, 0.015413521789], [-0.00201346166432, -0.0262275468558, 0.00806465465575, -0.0297064203769, 0.00916663184762, -0.0211986228824, 0.0223662592471, -0.0282544028014, 0.109818167984, -0.0489203296602, 0.0186304412782, 0.0306354984641, -1.30501803142e-05], [-0.000589501229115, 0.0207961816341, -0.0252581425011, 0.0279475711286, -0.0426869206131, 0.00684267608449, -0.01454606466, 0.0233612172306, -0.0489203296602, 0.116182111204, -0.0438139848411, 0.0185941196978, 0.0286902394146], [-0.00573245529085, -0.0387506783009, 0.0412630066276, -0.0414391718805, 0.0251015424728, -0.0487867891788, 0.0103356698528, -0.0114186033607, 0.0186304412782, -0.0438139848411, 0.176741302013, -0.0841672569513, 0.015871565789], [0.00298314844258, 0.0224153567106, -0.0211229715496, 0.0196920204908, -0.016779102385, 0.0105406818911, -0.0267316866666, -0.0233125165105, 0.0306354984641, 0.0185941196978, -0.0841672569513, 0.155506968498, -0.0155286109075], [-0.0014343742514, -0.00584207149222, -0.00759016815573, -0.00942644290626, -0.00856371596456, -0.00139603135176, -0.00872038584203, 0.015413521789, -1.30501803142e-05, 0.0286902394146, 0.015871565789, -0.0155286109075, 0.0780916586518]]
    },
    "melbands": {
        "dmean": [2.61428544945e-06, 5.84788176639e-06, 2.84746165562e-05, 0.000437446142314, 0.000153480068548, 0.000132620712975, 9.4267532404e-05, 0.000206922471989, 3.92351321352e-05, 2.58163290709e-05, 1.16339060696e-05, 2.98733903037e-05, 0.000104228405689, 1.34672345666e-05, 1.96442033484e-05, 9.89907857729e-06, 2.01600732908e-06, 3.41331860909e-06, 6.87069587002e-07, 9.76560954769e-07, 4.84878739826e-07, 9.08538709155e-07, 4.7837670536e-07, 3.99734716439e-07, 4.0235838128e-07, 3.29334540083e-07, 1.5242586926e-07, 1.26849471371e-07, 8.52074464319e-08, 5.05077260016e-08, 4.00699455838e-08, 2.65370037056e-08, 2.01405168099e-08, 1.47886867197e-08, 7.42935668541e-09, 5.15236830978e-09, 4.26353441441e-09, 3.90768351011e-09, 8.90881057813e-09, 7.43515515822e-09],
        "dmean2": [3.83139285987e-06, 9.20284219319e-06, 4.38005663455e-05, 0.000660273362882, 0.000248131254921, 0.000224691306357, 0.000165581470355, 0.000343156512827, 6.68049615342e-05, 4.50678089692e-05, 2.07652647077e-05, 4.23690980824e-05, 0.000148707840708, 1.82462445082e-05, 3.6203138734e-05, 1.80851729965e-05, 3.52508436663e-06, 5.9091194089e-06, 1.18716138786e-06, 1.76066782842e-06, 8.23872539968e-07, 1.58639613801e-06, 7.49697846913e-07, 6.52455582895e-07, 6.98330381965e-07, 5.49537162442e-07, 2.40530454221e-07, 2.13984918673e-07, 1.33632411803e-07, 7.76273836323e-08, 6.4599596783e-08, 4.06802946884e-08, 3.00347586801e-08, 2.10303863213e-08, 9.41523570219e-09, 7.35299687804e-09, 5.12647257978e-09, 4.50544401787e-09, 1.25402959128e-08, 1.04068211826e-08],
        "dvar": [3.33416801113e-11, 1.07854211673e-10, 1.68514380228e-09, 4.25833945883e-07, 3.09810062049e-08, 2.72727067596e-08, 1.18376934921e-08, 1.22112012946e-07, 2.03584438196e-09, 1.95345362108e-09, 3.31982580315e-10, 3.2439300135e-09, 7.14551475767e-08, 1.17517429121e-09, 1.23590764289e-08, 2.58851451385e-09, 1.19440369054e-11, 2.93481766667e-11, 7.69270769047e-13, 1.09811281162e-12, 2.30401879216e-13, 9.03808495059e-13, 1.75959656459e-13, 7.88832771347e-14, 2.0946552869e-13, 1.9376273047e-13, 2.82846307004e-14, 5.79995036373e-14, 2.91497647418e-14, 6.75660140223e-15, 2.89098020019e-15, 1.65470109708e-15, 3.96088572707e-15, 3.5969944437e-15, 6.47120889725e-16, 3.35010027438e-16, 1.92336605131e-16, 1.49345011142e-16, 1.53096758293e-15, 9.65634606408e-16],
        "dvar2": [3.74361167066e-11, 1.64124797086e-10, 1.9105161897e-09, 5.76965476284e-07, 4.78731863041e-08, 7.67058452311e-08, 3.56416087754e-08, 2.81570351035e-07, 5.94090421302e-09, 4.14850243047e-09, 8.92449891765e-10, 7.58011964308e-09, 1.54813335485e-07, 2.695079937e-09, 3.52423761285e-08, 7.31858484926e-09, 3.27137379685e-11, 9.11493172606e-11, 2.07702236486e-12, 3.34155728261e-12, 5.91282502561e-13, 2.3388656463e-12, 3.43324652562e-13, 2.50460324138e-13, 6.15137606651e-13, 5.67723765135e-13, 5.01070640871e-14, 1.51444083511e-13, 6.88432533094e-14, 1.17047806858e-14, 4.84744589033e-15, 2.31230169018e-15, 5.85544050855e-15, 8.18557647743e-15, 1.27404512585e-15, 4.65872514973e-16, 2.86698894487e-16, 2.05198297509e-16, 3.52146557459e-15, 1.34266241788e-15],
        "max": [5.39801876585e-05, 9.10793824005e-05, 0.000467245845357, 0.0121369510889, 0.00363757344894, 0.0014623432653, 0.00123667321168, 0.00388405332342, 0.000339461024851, 0.000359210942406, 0.000132202811074, 0.000518659246154, 0.00243664765731, 0.000284706096863, 0.000816404586658, 0.000377945718355, 2.72715187748e-05, 3.8468024286e-05, 6.34431034996e-06, 9.4296892712e-06, 4.53569145975e-06, 8.87887108547e-06, 4.5564015636e-06, 2.40147983277e-06, 3.67313123206e-06, 3.14530439027e-06, 1.72377258423e-06, 2.35889478972e-06, 1.77119136424e-06, 8.41328073875e-07, 5.60840021535e-07, 4.63196073497e-07, 5.91471803091e-07, 5.24960228176e-07, 2.33541385342e-07, 1.52978344659e-07, 1.2629928392e-07, 1.1647149023e-07, 3.51222723793e-07, 2.86742562139e-07],
        "mean": [3.90500690628e-06, 6.99247993907e-06, 4.93509105581e-05, 0.00479055382311, 0.00143748125993, 0.000256040540989, 0.000228519333177, 0.000501537811942, 0.000103257472801, 6.15511817159e-05, 2.55193062912e-05, 5.5932905525e-05, 0.000134909583721, 2.09695081139e-05, 1.31200913529e-05, 8.84242035681e-06, 4.66788287667e-06, 4.32545357398e-06, 9.84790517577e-07, 2.2724855171e-06, 1.43228157867e-06, 2.58579575529e-06, 1.61025127454e-06, 1.32306593059e-06, 1.16081173474e-06, 7.9303970324e-07, 4.55493051277e-07, 3.2377027992e-07, 1.98602421619e-07, 1.33402025426e-07, 1.12095392524e-07, 6.01327130312e-08, 3.05438767612e-08, 1.62589035568e-08, 1.00192725228e-08, 7.86690534937e-09, 5.56747847824e-09, 5.52823342659e-09, 9.11068109843e-09, 1.07651505488e-08],
        "median": [2.70006944447e-06, 4.51823916592e-06, 3.24203683704e-05, 0.00383085850626, 0.00122001336422, 0.000213111372432, 9.85869701253e-05, 0.000199377609533, 6.32861556369e-05, 3.17451776937e-05, 1.43902434502e-05, 2.90219850285e-05, 1.86643428606e-05, 5.11190228281e-06, 2.00250292437e-06, 3.19609216604e-06, 2.99509451906e-06, 2.43044178205e-06, 6.42145153051e-07, 1.98134603124e-06, 1.26176496451e-06, 2.44615284828e-06, 1.51889344124e-06, 1.3220717392e-06, 1.08057292891e-06, 6.98960718637e-07, 4.14741776922e-07, 2.82711056343e-07, 1.61939880172e-07, 1.07241383773e-07, 9.34475963277e-08, 4.38518021895e-08, 1.0996680011e-08, 3.2751925616e-09, 2.85647705489e-09, 2.35487251921e-09, 1.32302357958e-09, 1.5576759882e-09, 1.39434574997e-09, 1.53140145009e-09],
        "min": [1.62477149956e-07, 3.7744652559e-07, 2.43714703174e-06, 1.40520869536e-05, 9.86819213722e-06, 1.76520632067e-06, 9.8636724033e-07, 1.06548986878e-06, 5.00409896631e-07, 2.00337879619e-07, 4.40819746927e-07, 7.87693863913e-07, 6.2202616391e-07, 1.69690309804e-07, 6.57651781921e-08, 3.31224399019e-08, 1.71264744608e-08, 9.29980803477e-09, 1.18957377282e-08, 4.77695643042e-08, 4.10128144779e-08, 2.6577009038e-08, 2.32221335494e-08, 1.85993431767e-09, 6.14200645899e-09, 1.95892884136e-08, 9.0073211112e-09, 3.20084292404e-09, 2.74616240858e-09, 3.68898289693e-09, 1.15168508064e-09, 2.11486850255e-09, 3.58386043064e-10, 1.76683348507e-10, 2.52059595418e-10, 1.57793764166e-10, 1.19873652671e-10, 7.64207169768e-11, 1.13356948828e-10, 7.93352952777e-11],
        "var": [3.78299440384e-11, 1.15622469932e-10, 3.16476800322e-09, 9.40012432693e-06, 8.32214539059e-07, 4.73686085911e-08, 7.15837060739e-08, 4.94166613407e-07, 7.61746399291e-09, 4.76280526129e-09, 6.333142899e-10, 5.01451546953e-09, 1.08819030231e-07, 1.76824754838e-09, 7.35736094271e-09, 1.57109336651e-09, 2.55801855392e-11, 3.38015240797e-11, 9.45681467163e-13, 1.45027674765e-12, 4.65442137956e-13, 1.13979593992e-12, 4.00297823317e-13, 1.48127359987e-13, 2.15066056327e-13, 1.88371521615e-13, 5.11828603046e-14, 6.4037093499e-14, 3.99282352786e-14, 1.3489204667e-14, 8.32307872389e-15, 4.81536451745e-15, 6.69028803982e-15, 3.84680097699e-15, 9.2138962865e-16, 5.56935227188e-16, 3.00971981983e-16, 2.64378041079e-16, 1.63969019094e-15, 1.84043085845e-15]
    },
    "mfcc": {
        "mean": [-753.978271484, 191.385940552, -30.9796352386, 28.1204395294, -27.4868106842, -31.0961380005, -16.0592784882, -20.489818573, -14.8508491516, -26.8791980743, -16.2612934113, -14.4760570526, -14.0068645477],
        "cov": [[973.650146484, 186.796554565, -54.6364631653, -195.42388916, -90.5455627441, 35.5814247131, -40.8382987976, -51.7321739197, -55.8082427979, 17.1269645691, 51.0649757385, -8.33822536469, 18.9897861481], [186.796554565, 688.262268066, -263.31829834, -132.772705078, -172.72567749, -8.52958011627, 9.05310916901, -50.3944778442, -40.1299819946, -15.9768285751, 6.78928852081, 28.2890434265, 16.2444667816], [-54.6364631653, -263.31829834, 221.937591553, 55.3720664978, 93.1174697876, -3.0479850769, -21.2970504761, 33.6841163635, 33.6785430908, 35.1469955444, 3.78344321251, -11.5877590179, 0.501024723053], [-195.42388916, -132.772705078, 55.3720664978, 188.015838623, 61.1016807556, -46.3250045776, -15.4795475006, 16.1421813965, 39.3325996399, 6.06319093704, -1.6284673214, -7.63159179688, -34.8529510498], [-90.5455627441, -172.72567749, 93.1174697876, 61.1016807556, 77.6144561768, 10.4849529266, 1.38212454319, 22.3769931793, 24.0910205841, 21.298034668, 6.62704277039, 0.677203714848, -0.642280042171], [35.5814247131, -8.52958011627, -3.0479850769, -46.3250045776, 10.4849529266, 52.7070083618, 29.3714256287, 5.87366533279, -1.75348651409, 6.09717321396, 11.675740242, 16.3364849091, 25.9230823517], [-40.8382987976, 9.05310916901, -21.2970504761, -15.4795475006, 1.38212454319, 29.3714256287, 43.1904525757, 13.7050657272, -0.75352191925, -6.71665525436, 0.669151306152, 15.9557495117, 21.6506080627], [-51.7321739197, -50.3944778442, 33.6841163635, 16.1421813965, 22.3769931793, 5.87366533279, 13.7050657272, 31.0133056641, 8.68458843231, 2.65699577332, -0.721274793148, 6.17071866989, 10.940489769], [-55.8082427979, -40.1299819946, 33.6785430908, 39.3325996399, 24.0910205841, -1.75348651409, -0.75352191925, 8.68458843231, 27.1437969208, 12.1235609055, 0.71515494585, -1.82727205753, -3.77661132812], [17.1269645691, -15.9768285751, 35.1469955444, 6.06319093704, 21.298034668, 6.09717321396, -6.71665525436, 2.65699577332, 12.1235609055, 27.6084041595, 6.69955778122, -2.69084715843, 0.87666040659], [51.0649757385, 6.78928852081, 3.78344321251, -1.6284673214, 6.62704277039, 11.675740242, 0.669151306152, -0.721274793148, 0.71515494585, 6.69955778122, 22.8616104126, 13.5176324844, 4.28317689896], [-8.33822536469, 28.2890434265, -11.5877590179, -7.63159179688, 0.677203714848, 16.3364849091, 15.9557495117, 6.17071866989, -1.82727205753, -2.69084715843, 13.5176324844, 30.1643276215, 14.4772815704], [18.9897861481, 16.2444667816, 0.501024723053, -34.8529510498, -0.642280042171, 25.9230823517, 21.6506080627, 10.940489769, -3.77661132812, 0.87666040659, 4.28317689896, 14.4772815704, 32.2668304443]],
