{
"lowlevel": {
    "average_loudness": 0.985402822495,
    "barkbands_crest": {
        "dmean": 0.691523373127,
        "dmean2": 1.14457821846,
        "dvar": 2.44420456886,
        "dvar2": 6.61242389679,
        "max": 23.9025478363,
        "mean": 21.3297634125,
        "median": 22.9142456055,
        "min": 5.54523563385,
        "var": 17.6699638367
    },
    "barkbands_flatness_db": {
        "dmean": 0.0101543748751,
        "dmean2": 0.0156787782907,
        "dvar": 0.000332108786097,
        "dvar2": 0.000460175157059,
        "max": 0.389640063047,
        "mean": 0.348879724741,
        "median": 0.363399147987,
        "min": 0.135780319571,
        "var": 0.00174888898619
    },
    "barkbands_kurtosis": {
        "dmean": 6.5926117897,
        "dmean2": 11.0323410034,
        "dvar": 53.5393981934,
        "dvar2": 114.055534363,
        "max": 95.3072280884,
        "mean": 60.7014541626,
        "median": 68.684173584,
        "min": 1.45935916901,
        "var": 465.26739502
    },
    "barkbands_skewness": {
        "dmean": 0.430542767048,
        "dmean2": 0.729825258255,
        "dvar": 0.274678736925,
        "dvar2": 0.680897474289,
        "max": 7.53362512589,
        "mean": 5.64134407043,
        "median": 6.21934938431,
        "min": 0.875397562981,
        "var": 2.53394722939
    },
    "barkbands_spread": {
        "dmean": 0.208708524704,
        "dmean2": 0.329009473324,
        "dvar": 0.413403689861,
        "dvar2": 0.787772536278,
        "max": 8.13227748871,
        "mean": 1.35288918018,
        "median": 0.977137506008,
        "min": 0.776208758354,
        "var": 1.12608194351
    },
    "dissonance": {
        "dmean": 0.0111061166972,
        "dmean2": 0.0173831954598,
        "dvar": 0.000215100750211,
        "dvar2": 0.000514701765496,
        "max": 0.496564775705,
        "mean": 0.361291617155,
        "median": 0.351569116116,
        "min": 0.279300332069,
        "var": 0.0010149225127
    },
    "dynamic_complexity": 0.838175296783,
    "erbbands_crest": {
        "dmean": 0.646237552166,
        "dmean2": 1.00006043911,
        "dvar": 1.4529235363,
        "dvar2": 2.06003689766,
        "max": 21.4701519012,
        "mean": 18.5518684387,
        "median": 19.7984676361,
        "min": 5.17379283905,
        "var": 10.7736330032
    },
    "erbbands_flatness_db": {
        "dmean": 0.00781521108001,
        "dmean2": 0.0119294477627,
        "dvar": 0.000249190779869,
        "dvar2": 0.000298532249872,
        "max": 0.349503815174,
        "mean": 0.320331931114,
        "median": 0.327158182859,
        "min": 0.130472168326,
        "var": 0.000622777733952
    },
    "erbbands_kurtosis": {
        "dmean": 1.57975924015,
        "dmean2": 2.59000849724,
        "dvar": 3.24541091919,
        "dvar2": 5.39649391174,
        "max": 23.5615882874,
        "mean": 17.1730575562,
        "median": 18.6834068298,
        "min": 0.812943458557,
        "var": 19.6440582275
    },
    "erbbands_skewness": {
        "dmean": 0.203803434968,
        "dmean2": 0.335089296103,
        "dvar": 0.0745237320662,
        "dvar2": 0.160930722952,
        "max": 4.11012983322,
        "mean": 3.34908056259,
        "median": 3.55754780769,
        "min": 0.568308234215,
        "var": 0.385499060154
    },
    "erbbands_spread": {
        "dmean": 0.777313232422,
        "dmean2": 1.21554803848,
        "dvar": 3.28361153603,
        "dvar2": 4.49312019348,
        "max": 29.2129459381,
        "mean": 7.39956617355,
        "median": 6.83454418182,
        "min": 5.71498346329,
        "var": 5.6085486412
    },
    "hfc": {
        "dmean": 1.35450398922,
        "dmean2": 2.22875881195,
        "dvar": 13.9026288986,
        "dvar2": 36.790927887,
        "max": 42.9715003967,
        "mean": 14.1647768021,
        "median": 15.0989875793,
        "min": 0.434238135815,
        "var": 15.9086771011
    },
    "melbands_crest": {
        "dmean": 0.594247400761,
        "dmean2": 0.996465742588,
        "dvar": 1.88342213631,
        "dvar2": 4.93213510513,
        "max": 21.1009941101,
        "mean": 19.2354393005,
        "median": 20.1619262695,
        "min": 7.33185195923,
        "var": 7.3463139534
    },
    "melbands_flatness_db": {
        "dmean": 0.00955971889198,
        "dmean2": 0.0141139673069,
        "dvar": 0.000348661676981,
        "dvar2": 0.000551301869564,
        "max": 0.4807061553,
        "mean": 0.438481420279,
        "median": 0.45382553339,
        "min": 0.22797062993,
        "var": 0.00185594242066
    },
    "melbands_kurtosis": {
        "dmean": 5.1662197113,
        "dmean2": 8.83329677582,
        "dvar": 28.8876113892,
        "dvar2": 72.5641098022,
        "max": 64.3484191895,
        "mean": 40.5222015381,
        "median": 45.399307251,
        "min": 1.44403505325,
        "var": 188.069274902
    },
    "melbands_skewness": {
        "dmean": 0.30673545599,
        "dmean2": 0.51763176918,
        "dvar": 0.152891606092,
        "dvar2": 0.466491252184,
        "max": 5.09792852402,
        "mean": 3.8347928524,
        "median": 4.20530366898,
        "min": 0.539619445801,
        "var": 1.10285174847
    },
    "melbands_spread": {
        "dmean": 0.302877038717,
        "dmean2": 0.511328041553,
        "dvar": 0.92355877161,
        "dvar2": 2.60762238503,
        "max": 13.0595541,
        "mean": 1.89109098911,
        "median": 1.34803926945,
        "min": 1.11169147491,
        "var": 2.27138566971
    },
    "pitch_salience": {
        "dmean": 0.0208472833037,
        "dmean2": 0.03374414891,
        "dvar": 0.00156212504953,
        "dvar2": 0.00220286287367,
        "max": 0.797723352909,
        "mean": 0.368106395006,
        "median": 0.324049800634,
        "min": 0.271749824286,
        "var": 0.0145156327635
    },
    "silence_rate_20dB": {
        "dmean": 0,
        "dmean2": 0,
        "dvar": 0,
        "dvar2": 0,
        "max": 1,
        "mean": 1,
        "median": 1,
        "min": 1,
        "var": 0
    },
    "silence_rate_30dB": {
        "dmean": 0,
        "dmean2": 0,
        "dvar": 0,
        "dvar2": 0,
        "max": 1,
        "mean": 1,
        "median": 1,
        "min": 1,
        "var": 0
    },
    "silence_rate_60dB": {
        "dmean": 0,
        "dmean2": 0,
        "dvar": 0,
        "dvar2": 0,
        "max": 0,
        "mean": 0,
        "median": 0,
        "min": 0,
        "var": 0
    },
    "spectral_centroid": {
        "dmean": 11.1449308395,
        "dmean2": 19.9527702332,
        "dvar": 1381.82958984,
        "dvar2": 4269.05517578,
        "max": 771.741638184,
        "mean": 326.530761719,
        "median": 300.05871582,
        "min": 265.365783691,
        "var": 6376.19384766
    },
    "spectral_complexity": {
        "dmean": 1.11904764175,
        "dmean2": 1.80861246586,
        "dvar": 2.56200814247,
        "dvar2": 4.72892427444,
        "max": 31,
        "mean": 6.50236988068,
        "median": 6,
        "min": 1,
        "var": 6.90399885178
    },
    "spectral_decrease": {
        "dmean": 9.25504506366e-10,
        "dmean2": 1.54151802434e-09,
        "dvar": 4.81734975423e-18,
        "dvar2": 1.23650308046e-17,
        "max": -2.93887053582e-10,
        "mean": -1.22489209886e-08,
        "median": -1.37002018619e-08,
        "min": -1.93491533906e-08,
        "var": 1.05161158722e-17
    },
    "spectral_energy": {
        "dmean": 0.00361368316226,
        "dmean2": 0.00601772498339,
        "dvar": 7.40945688449e-05,
        "dvar2": 0.000190545193618,
        "max": 0.0760636255145,
        "mean": 0.0475149191916,
        "median": 0.0530666597188,
        "min": 0.00114858709276,
        "var": 0.000156903086463
    },
    "spectral_energyband_high": {
        "dmean": 3.06879019263e-06,
        "dmean2": 5.11838970851e-06,
        "dvar": 2.54525359122e-11,
        "dvar2": 4.49271141123e-11,
        "max": 7.61107512517e-05,
        "mean": 1.53457876877e-05,
        "median": 1.46064621731e-05,
        "min": 6.51222262604e-06,
        "var": 3.2401480804e-11
    },
    "spectral_energyband_low": {
        "dmean": 7.54572829464e-05,
        "dmean2": 0.000132270113681,
        "dvar": 5.37925970434e-08,
        "dvar2": 1.39044203706e-07,
        "max": 0.00317646376789,
        "mean": 0.000237081942032,
        "median": 0.000107040541479,
        "min": 2.93581542792e-05,
        "var": 2.31353382674e-07
    },
    "spectral_energyband_middle_high": {
        "dmean": 0.000167122780113,
        "dmean2": 0.000277697836282,
        "dvar": 5.53936729375e-07,
        "dvar2": 1.2974639958e-06,
        "max": 0.00827648397535,
        "mean": 0.000354580028215,
        "median": 0.000170514220372,
        "min": 4.38474125986e-05,
        "var": 9.66540710579e-07
    },
    "spectral_energyband_middle_low": {
        "dmean": 0.00347590609454,
        "dmean2": 0.0057784030214,
        "dvar": 6.48509449093e-05,
        "dvar2": 0.000164808880072,
        "max": 0.0685482621193,
        "mean": 0.0470484904945,
        "median": 0.052763953805,
        "min": 0.000988606363535,
        "var": 0.000157862319611
    },
    "spectral_entropy": {
        "dmean": 0.0872296541929,
        "dmean2": 0.136473417282,
        "dvar": 0.0106077352539,
        "dvar2": 0.0197588149458,
        "max": 7.30978059769,
        "mean": 5.77382230759,
        "median": 5.65146064758,
        "min": 5.40580129623,
        "var": 0.104366354644
    },
    "spectral_flux": {
        "dmean": 0.00763390306383,
        "dmean2": 0.0119103267789,
        "dvar": 0.000396838004235,
        "dvar2": 0.0006467064959,
        "max": 0.212941259146,
        "mean": 0.0245319660753,
        "median": 0.0133039560169,
        "min": 0.007608698681,
        "var": 0.00108767405618
    },
    "spectral_kurtosis": {
        "dmean": 7.92197656631,
        "dmean2": 14.8489713669,
        "dvar": 29.6672992706,
        "dvar2": 90.521987915,
        "max": 45.8779792786,
        "mean": 19.008518219,
        "median": 19.2541751862,
        "min": 6.89074897766,
        "var": 41.9909057617
    },
    "spectral_rms": {
        "dmean": 0.000294356344966,
        "dmean2": 0.000485285971081,
        "dvar": 5.88324780892e-07,
        "dvar2": 1.32952493459e-06,
        "max": 0.00861443020403,
        "mean": 0.00672632874921,
        "median": 0.00719530042261,
        "min": 0.00105857104063,
        "var": 1.11253018531e-06
    },
    "spectral_rolloff": {
        "dmean": 25.634765625,
        "dmean2": 47.1875915527,
        "dvar": 4257.84570312,
        "dvar2": 13418.6660156,
        "max": 947.4609375,
        "mean": 342.387451172,
        "median": 279.931640625,
        "min": 279.931640625,
        "var": 12826.7900391
    },
    "spectral_skewness": {
        "dmean": 0.654579102993,
        "dmean2": 1.2188552618,
        "dvar": 0.197518751025,
        "dvar2": 0.606588840485,
        "max": 5.56960487366,
        "mean": 3.10575604439,
        "median": 3.09383273125,
        "min": 1.87293696404,
        "var": 0.317373275757
    },
    "spectral_spread": {
        "dmean": 347933.75,
        "dmean2": 636215.6875,
        "dvar": 64379027456,
        "dvar2": 175026274304,
        "max": 4028847.5,
        "mean": 2570384.75,
        "median": 2584725.5,
        "min": 1403498.375,
        "var": 113272872960
    },
    "spectral_strongpeak": {
        "dmean": 0.0783129483461,
        "dmean2": 0.121670089662,
        "dvar": 0.042815297842,
        "dvar2": 0.074140638113,
        "max": 2.29046344757,
        "mean": 1.91189694405,
        "median": 2.09617400169,
        "min": 0.046438857913,
        "var": 0.196932718158
    },
    "zerocrossingrate": {
        "dmean": 0.00195545004681,
        "dmean2": 0.00287361699156,
        "dvar": 3.20501635542e-06,
        "dvar2": 4.70134455099e-06,
        "max": 0.03369140625,
        "mean": 0.0173559691757,
        "median": 0.01708984375,
        "min": 0.0029296875,
        "var": 1.48659264596e-05
    },
    "barkbands": {
        "dmean": [1.26997895222e-06, 2.0982372007e-05, 2.79872874671e-05, 0.000104013633972, 0.00237288977951, 0.000670784444083, 0.000460544688394, 0.000739848357625, 0.00013798114378, 6.91852837917e-05, 8.38128107716e-05, 2.97101851174e-05, 1.38427039929e-05, 3.61064780918e-06, 2.34973481383e-06, 9.25784570427e-06, 1.23660438476e-05, 9.99811800284e-06, 8.20707555249e-06, 3.60015656042e-06, 1.63749928106e-06, 6.56022734802e-07, 1.18782509162e-07, 8.85748576707e-08, 8.56450839137e-08, 1.25486536717e-07, 1.77523901357e-07],
        "dmean2": [2.15683826355e-06, 3.43040082953e-05, 4.91496139148e-05, 0.000162308540894, 0.00381850101985, 0.00116613460705, 0.000800630426966, 0.00124502624385, 0.000229137542192, 0.00011119840201, 0.000142463366501, 5.50197219127e-05, 2.13029125007e-05, 5.25577024746e-06, 4.02281239076e-06, 1.66237623489e-05, 1.98647940124e-05, 1.73317584995e-05, 1.36244425448e-05, 6.03445096203e-06, 2.77269623439e-06, 1.13431212867e-06, 1.80978531716e-07, 1.31131656644e-07, 1.22449819173e-07, 1.92232789686e-07, 2.65627477347e-07],
        "dvar": [4.82169859595e-12, 1.08988629233e-09, 9.98305882405e-09, 9.99107214739e-08, 2.19857920456e-05, 3.11992039315e-06, 2.52363156505e-06, 3.93838945456e-06, 3.50261700532e-07, 5.68526168365e-08, 1.49992374077e-07, 2.97266602445e-08, 3.53472939807e-09, 1.86607271302e-10, 6.84342374435e-11, 1.72172287538e-09, 7.52174544871e-10, 9.83902737062e-10, 2.21775112164e-10, 1.10011773996e-11, 4.46423540496e-12, 4.00913758572e-13, 3.11081726784e-13, 2.6065922424e-13, 2.5157632054e-13, 2.5132437906e-13, 2.77368406021e-13],
        "dvar2": [7.18653825685e-12, 2.32912156228e-09, 2.61185366668e-08, 2.19133795554e-07, 4.53537795693e-05, 8.47364390211e-06, 5.87640079175e-06, 1.04511191239e-05, 9.43772079154e-07, 1.46982927163e-07, 4.08586402045e-07, 8.55546602452e-08, 7.92687604445e-09, 2.32361518915e-10, 1.65561661603e-10, 5.60597701593e-09, 1.98602534418e-09, 2.74248179721e-09, 6.03143979205e-10, 2.80121620344e-11, 1.10112865007e-11, 8.94914676218e-13, 3.40861534961e-13, 2.76203945783e-13, 2.65712256885e-13, 2.93911623555e-13, 3.2103310353e-13],
        "max": [2.65023281827e-05, 0.000358385092113, 0.00138140236959, 0.00477168243378, 0.051937866956, 0.0172835271806, 0.0214825049043, 0.021926080808, 0.00962743163109, 0.00310951448046, 0.00400661630556, 0.00171671691351, 0.0007476543542, 0.00020475187921, 9.44022467593e-05, 0.000438096816652, 0.000420966767706, 0.00032008922426, 0.000158287177328, 5.08305311087e-05, 2.12410468521e-05, 7.83910127211e-06, 8.12191046862e-06, 7.46962541598e-06, 7.38996868677e-06, 7.19128365745e-06, 8.89285001904e-06],
        "mean": [1.35778213917e-06, 3.63077087968e-05, 6.91890381859e-05, 0.000343254418112, 0.0377542674541, 0.00400422373787, 0.0011675467249, 0.00328129087575, 0.000471601204481, 0.000104550395918, 0.000109389729914, 2.84097877739e-05, 2.18195309571e-05, 5.8900482145e-06, 3.73760667571e-06, 1.38090053952e-05, 2.70844084298e-05, 2.47590487561e-05, 2.32986967603e-05, 1.24176231111e-05, 6.12004987488e-06, 1.89343961665e-06, 2.70589424645e-07, 2.01000190714e-07, 2.36059136682e-07, 3.05420485347e-07, 1.17361605589e-06],
        "median": [6.69376788665e-07, 1.79156122613e-05, 2.57936808339e-05, 8.2161888713e-05, 0.0448586754501, 0.00395329808816, 0.000132002052851, 0.00314128212631, 5.79030202061e-05, 2.90443422273e-05, 4.99970265082e-05, 7.11138409315e-06, 7.96481617726e-06, 2.43076647166e-06, 1.90666605704e-06, 7.43018745197e-06, 1.84895980055e-05, 1.9491852072e-05, 1.93976156879e-05, 1.18808084153e-05, 5.86119858781e-06, 1.78040852461e-06, 1.98703659748e-07, 1.41620276395e-07, 1.80812477879e-07, 2.37108096712e-07, 1.13576413696e-06],
        "min": [6.42677333573e-09, 6.07798710917e-07, 5.99456870987e-06, 1.95264183276e-05, 0.000548984389752, 9.78329335339e-05, 2.34045364778e-05, 9.64645223576e-05, 1.27682806124e-05, 6.81462915963e-06, 4.59710599898e-06, 1.04148602986e-06, 1.63811432685e-06, 5.24546351244e-07, 6.66245739467e-07, 2.86620183942e-06, 2.70563418781e-06, 1.76363471383e-06, 1.55615668973e-06, 1.41192083447e-06, 1.14758722702e-06, 8.38173775719e-07, 1.04136319123e-07, 7.31610185767e-08, 9.35215780373e-08, 8.8008583532e-08, 4.12794065596e-07],
        "var": [8.06726126873e-12, 2.71998512602e-09, 3.45054225193e-08, 6.81082440224e-07, 0.000226233867579, 3.06137667394e-06, 1.29283698698e-05, 3.02319995171e-06, 2.42057717514e-06, 1.02989346829e-07, 1.53548768367e-07, 2.29248406924e-08, 6.77215394873e-09, 4.1960168673e-10, 9.84938103299e-11, 1.44119427503e-09, 1.53448120876e-09, 1.16380216575e-09, 2.93367496962e-10, 2.48031144234e-11, 4.712391935e-12, 5.60059594187e-13, 3.12435705562e-13, 2.63477526472e-13, 2.54460135688e-13, 2.49540487015e-13, 3.29383330507e-13]
    },
    "erbbands": {
        "dmean": [0.000271132943453, 0.00601052632555, 0.0274720154703, 0.187204122543, 1.38791966438, 12.6337957382, 7.61376476288, 7.05069684982, 5.76604270935, 10.0926780701, 13.6025190353, 2.8316514492, 1.70220220089, 2.44057607651, 2.47655105591, 1.3353843689, 0.675335228443, 0.183406770229, 0.131853178144, 0.344708919525, 0.388270556927, 0.739286601543, 0.489955872297, 0.550927996635, 0.277318716049, 0.165433317423, 0.0832818597555, 0.0570660494268, 0.0247543696314, 0.00481360591948, 0.00327070662752, 0.00197477848269, 0.00147478969302, 0.000972919224296, 0.000665437662974, 0.00044753352995, 0.000278118910501, 9.4390445156e-05, 2.51678829954e-05, 6.59216266286e-06],
        "dmean2": [0.000461848510895, 0.00982477981597, 0.0479325018823, 0.315351158381, 2.15114498138, 20.0219326019, 12.758067131, 11.9468154907, 9.43693733215, 18.6357822418, 23.3960895538, 4.84832763672, 2.83414673805, 4.38053321838, 4.31339693069, 2.45027947426, 1.09268045425, 0.279348611832, 0.173970669508, 0.593967378139, 0.665256023407, 1.19701862335, 0.833172082901, 0.953942239285, 0.466927975416, 0.273871600628, 0.136518582702, 0.0971048772335, 0.0418107621372, 0.00761846452951, 0.00498101208359, 0.00284166936763, 0.00216903933324, 0.0014137782855, 0.000975302187726, 0.00066845677793, 0.000437247130321, 0.000145356927533, 3.79372650059e-05, 1.06367488115e-05],
        "dvar": [1.1023831803e-07, 0.000110027584014, 0.0083408402279, 0.319816380739, 5.74482774734, 607.609924316, 360.713134766, 217.391113281, 359.237976074, 892.459838867, 1929.57556152, 142.274154663, 30.954240799, 106.142829895, 164.442108154, 64.7060623169, 9.57136917114, 0.515065252781, 0.151460617781, 2.27880883217, 2.6350467205, 2.82551765442, 2.2082529068, 1.67287504673, 0.311247169971, 0.0272977538407, 0.007239645347, 0.00560809951276, 0.000690863060299, 0.000323620217387, 0.000239818560658, 0.000126123937662, 6.79218355799e-05, 3.02889020531e-05, 1.29771642605e-05, 3.98858855988e-06, 9.39063681926e-07, 9.62998356613e-08, 4.90127494146e-09, 1.48794504495e-10],
        "dvar2": [2.83354580688e-07, 0.000239821529249, 0.021488180384, 0.782581031322, 17.1064777374, 1136.2052002, 1002.01959229, 601.936462402, 723.602661133, 2370.56542969, 5166.93066406, 417.11605835, 70.2483673096, 237.265457153, 463.393249512, 185.722076416, 22.1155586243, 0.797533690929, 0.148795992136, 7.39544296265, 7.88989877701, 7.74763393402, 5.72127151489, 4.82385969162, 0.885835587978, 0.0814859569073, 0.0198400001973, 0.0136698363349, 0.00157070497517, 0.000389477034332, 0.000262241490418, 0.000134806570713, 7.17917864677e-05, 3.22984124068e-05, 1.34668807732e-05, 4.84326119476e-06, 1.14498561743e-06, 1.08093026085e-07, 5.5754316719e-09, 3.21447896079e-10],
        "max": [0.00279813748784, 0.125530019403, 1.28434896469, 8.21402359009, 23.5070285797, 297.472869873, 174.218566895, 138.522277832, 293.231567383, 286.902526855, 571.784118652, 188.276062012, 67.5246505737, 122.328811646, 132.843521118, 83.0963439941, 39.658618927, 10.8252220154, 6.42011165619, 13.5205793381, 20.7039318085, 24.5203380585, 17.5791168213, 13.2194957733, 6.06904602051, 2.40292477608, 0.848688721657, 0.753312647343, 0.316561490297, 0.265810400248, 0.225305229425, 0.163980901241, 0.120935536921, 0.0811378955841, 0.0532886646688, 0.0281417816877, 0.0137027259916, 0.00476539647207, 0.0012013403466, 0.000151759173605],
        "mean": [0.000528081029188, 0.0112504996359, 0.0740731731057, 0.768789231777, 11.0703554153, 216.522537231, 83.3182983398, 49.6299209595, 20.6787319183, 34.3149719238, 59.172794342, 9.710521698, 3.32727432251, 4.4715590477, 2.83950424194, 1.26841175556, 1.0600643158, 0.352771699429, 0.265031665564, 0.486169427633, 0.726161003113, 1.63867974281, 1.29847800732, 1.43889021873, 0.886067092419, 0.569637179375, 0.316281467676, 0.20178848505, 0.081275947392, 0.0146008757874, 0.00761526450515, 0.00446912879124, 0.00342033151537, 0.00255336356349, 0.00181566551328, 0.00104617176112, 0.000622634368483, 0.000315182784107, 0.000153237080667, 7.45552024455e-05],
        "median": [0.000354290445102, 0.00517746806145, 0.0314440876245, 0.401897847652, 11.9838724136, 258.584991455, 95.0527572632, 51.6207351685, 6.89579439163, 26.8199863434, 51.2208976746, 2.93837976456, 0.950614273548, 1.89242684841, 0.948653876781, 0.327941149473, 0.36337351799, 0.167419597507, 0.134333625436, 0.241362780333, 0.425893425941, 1.11955022812, 0.990261614323, 1.2373073101, 0.759963810444, 0.541980862617, 0.305399209261, 0.189575627446, 0.0748365074396, 0.0121982442215, 0.00555211817846, 0.00307375867851, 0.0024466807954, 0.00198246981017, 0.00142095587216, 0.000725821824744, 0.00048438491649, 0.00027907860931, 0.000149383515236, 7.94395600678e-05],
        "min": [8.93757605809e-05, 0.00077040476026, 0.0113803707063, 0.110903471708, 0.894140005112, 1.02617442608, 2.3163061142, 0.385335206985, 0.223939985037, 1.05376696587, 2.01141166687, 0.762131512165, 0.328082323074, 0.298420548439, 0.219340950251, 0.0939284265041, 0.0899645462632, 0.0436009541154, 0.0483614355326, 0.106441453099, 0.171781897545, 0.152320966125, 0.0977310612798, 0.0665942132473, 0.0877692550421, 0.071620978415, 0.0477558001876, 0.0474919006228, 0.033659465611, 0.00700152758509, 0.0031461394392, 0.00151769479271, 0.00133886723779, 0.00104485498741, 0.000833399128169, 0.000363882136298, 0.000118845484394, 9.20898746699e-05, 5.1429058658e-05, 1.53918645083e-05],
        "var": [2.13032308238e-07, 0.000279677507933, 0.0273294318467, 1.75572931767, 9.90048789978, 7692.15332031, 818.27532959, 212.456787109, 2645.87133789, 1129.30200195, 2134.66845703, 618.315734863, 71.6465454102, 186.895294189, 158.75038147, 48.4976577759, 17.0149345398, 1.29592096806, 0.474469006062, 1.92205691338, 2.90042328835, 5.34689950943, 3.36089253426, 1.74103987217, 0.389570176601, 0.0528486743569, 0.00993991922587, 0.00580584118143, 0.000905865046661, 0.000333599193254, 0.000240158275119, 0.000127809951664, 6.83911202941e-05, 3.08053313347e-05, 1.31378610604e-05, 3.97494022764e-06, 9.24940195546e-07, 1.03062980372e-07, 6.00286043095e-09, 2.42167980113e-10]
    },
    "gfcc": {
        "mean": [-106.700782776, 145.625564575, -92.644744873, 0.537940204144, -72.0051651001, -78.1918029785, -40.5096092224, -17.2861366272, -35.2617454529, -14.2340860367, -16.169916153, -2.17266869545, -3.71656727791],
        "cov": [[281.702972412, 69.9294967651, -135.203536987, -85.3901596069, 15.2045984268, 78.3712539673, 54.350063324, 86.9305114746, 53.2307395935, 8.40556430817, 0.679722428322, -20.4179134369, -36.8186225891], [69.9294967651, 110.601356506, -38.6813163757, -22.9828548431, 18.3381156921, 6.67294692993, 36.6370239258, 24.6149024963, 17.1899700165, -4.17434263229, 4.83453845978, -10.0098485947, -7.79016876221], [-135.203536987, -38.6813163757, 164.459564209, 82.7312469482, -14.9445037842, -33.0310630798, -30.8447284698, -32.6697120667, -23.0353336334, 4.31042575836, -5.88583040237, 12.8211755753, 13.4407100677], [-85.3901596069, -22.9828548431, 82.7312469482, 61.5635223389, 0.130662888288, -27.3078193665, -14.6968517303, -19.0795764923, -7.96062421799, 6.52067327499, 3.80179357529, 10.185631752, 12.3092565536], [15.2045984268, 18.3381156921, -14.9445037842, 0.130662888288, 23.7656288147, 20.5910987854, 13.1715660095, 15.4582004547, 14.5900812149, 8.43049526215, 4.7253484726, -1.49546325207, -4.61350488663], [78.3712539673, 6.67294692993, -33.0310630798, -27.3078193665, 20.5910987854, 106.414451599, 35.2529182434, 52.8736000061, 35.6475028992, 11.7533855438, -4.67583799362, -8.2371969223, -20.9555282593], [54.350063324, 36.6370239258, -30.8447284698, -14.6968517303, 13.1715660095, 35.2529182434, 47.9732894897, 49.3371887207, 35.2593765259, 11.6782960892, -2.2913980484, -7.85703897476, -13.3966970444], [86.9305114746, 24.6149024963, -32.6697120667, -19.0795764923, 15.4582004547, 52.8736000061, 49.3371887207, 79.6008071899, 56.523651123, 19.3676109314, -7.89401626587, -14.0018663406, -22.3546524048], [53.2307395935, 17.1899700165, -23.0353336334, -7.96062421799, 14.5900812149, 35.6475028992, 35.2593765259, 56.523651123, 53.0015907288, 19.3660392761, -6.48881387711, -12.5883960724, -14.7709369659], [8.40556430817, -4.17434263229, 4.31042575836, 6.52067327499, 8.43049526215, 11.7533855438, 11.6782960892, 19.3676109314, 19.3660392761, 18.1886081696, -0.461576938629, -4.00580835342, -5.21398639679], [0.679722428322, 4.83453845978, -5.88583040237, 3.80179357529, 4.7253484726, -4.67583799362, -2.2913980484, -7.89401626587, -6.48881387711, -0.461576938629, 15.2937364578, 4.83425426483, 3.65913701057], [-20.4179134369, -10.0098485947, 12.8211755753, 10.185631752, -1.49546325207, -8.2371969223, -7.85703897476, -14.0018663406, -12.5883960724, -4.00580835342, 4.83425426483, 14.0535640717, 7.66933727264], [-36.8186225891, -7.79016876221, 13.4407100677, 12.3092565536, -4.61350488663, -20.9555282593, -13.3966970444, -22.3546524048, -14.7709369659, -5.21398639679, 3.65913701057, 7.66933727264, 16.1432228088]],
        "icov": [[0.0135056572035, -0.00980101339519, 0.00924023520201, -0.000154528985149, 0.0148706380278, -0.00531133590266, 0.0155183989555, -0.0163480639458, 0.0047050290741, -0.0101379305124, -0.0047831563279, -0.00854367669672, 0.0122667020187], [-0.00980101339519, 0.0315680466592, -0.0183005202562, 0.0201223809272, -0.0374255366623, 0.014010746032, -0.0391774997115, 0.0193034410477, -0.011049926281, 0.0344839319587, -0.00917839258909, 0.0220300778747, -0.0128745511174], [0.00924023520201, -0.0183005202562, 0.0442765839398, -0.057439673692, 0.0397253856063, -0.0146139254794, 0.029603490606, -0.0216374658048, 0.0245601758361, -0.0254680048674, 0.0215808581561, -0.0119758239016, 0.0212081316859], [-0.000154528985149, 0.0201223809272, -0.057439673692, 0.113226629794, -0.0500596426427, 0.0221383459866, -0.0269982088357, 0.0196506343782, -0.0359414219856, 0.0110271163285, -0.0347565375268, -0.00459002191201, -0.0291815176606], [0.0148706380278, -0.0374255366623, 0.0397253856063, -0.0500596426427, 0.123958863318, -0.0305133312941, 0.0410702638328, -0.0179488975555, 0.00609684921801, -0.0565806441009, -0.00900874100626, -0.0277655366808, 0.0285323467106], [-0.00531133590266, 0.014010746032, -0.0146139254794, 0.0221383459866, -0.0305133312941, 0.0248593259603, -0.0189066007733, 0.00311225256883, -0.00666760513559, 0.0158570278436, -0.00282698380761, 0.00264701270498, 0.00050759583246], [0.0155183989555, -0.0391774997115, 0.029603490606, -0.0269982088357, 0.0410702638328, -0.0189066007733, 0.112264804542, -0.0650063082576, 0.0149391070008, -0.0409648828208, 0.00544467382133, -0.0307203959674, 0.0165656767786], [-0.0163480639458, 0.0193034410477, -0.0216374658048, 0.0196506343782, -0.0179488975555, 0.00311225256883, -0.0650063082576, 0.116857253015, -0.0770892128348, 0.0211541671306, 0.00155288132373, 0.00300861336291, 0.0163603294641], [0.0047050290741, -0.011049926281, 0.0245601758361, -0.0359414219856, 0.00609684921801, -0.00666760513559, 0.0149391070008, -0.0770892128348, 0.122674435377, -0.0514897033572, 0.0259182751179, 0.0225923135877, -0.00990273989737], [-0.0101379305124, 0.0344839319587, -0.0254680048674, 0.0110271163285, -0.0565806441009, 0.0158570278436, -0.0409648828208, 0.0211541671306, -0.0514897033572, 0.149993479252, -0.0228007398546, 0.0326174460351, -0.00296779046766], [-0.0047831563279, -0.00917839258909, 0.0215808581561, -0.0347565375268, -0.00900874100626, -0.00282698380761, 0.00544467382133, 0.00155288132373, 0.0259182751179, -0.0228007398546, 0.107801601291, -0.0249492991716, -0.00261132325977], [-0.00854367669672, 0.0220300778747, -0.0119758239016, -0.00459002191201, -0.0277655366808, 0.00264701270498, -0.0307203959674, 0.00300861336291, 0.0225923135877, 0.0326174460351, -0.0249492991716, 0.138620749116, -0.0502047874033], [0.0122667020187, -0.0128745511174, 0.0212081316859, -0.0291815176606, 0.0285323467106, 0.00050759583246, 0.0165656767786, 0.0163603294641, -0.00990273989737, -0.00296779046766, -0.00261132325977, -0.0502047874033, 0.147942602634]]
    },
    "melbands": {
        "dmean": [4.02570321967e-06, 1.18486514111e-05, 4.32874039689e-05, 0.000472687534057, 0.00036827090662, 0.000140497344546, 9.30281821638e-05, 0.000131486405735, 0.000102078302007, 1.45168842209e-05, 8.92541902431e-06, 1.04404998638e-05, 1.01162886494e-05, 3.49707966052e-06, 2.91096853289e-06, 1.06501045138e-06, 3.37786985938e-07, 2.74955766599e-07, 2.51460789968e-07, 7.69024097735e-07, 3.57087060365e-07, 7.86820066878e-07, 5.95394737957e-07, 5.52587891889e-07, 4.77909054553e-07, 3.18560580581e-07, 1.66169684235e-07, 1.15383159027e-07, 6.55323972865e-08, 4.79662425334e-08, 3.80009836931e-08, 1.94742852955e-08, 5.03935027041e-09, 2.48985432272e-09, 2.20580287369e-09, 1.60422097828e-09, 1.20685494931e-09, 1.11199383035e-09, 8.97339091921e-10, 9.13307651729e-10],
        "dmean2": [6.46013450023e-06, 2.05918258871e-05, 7.24391720723e-05, 0.000744885066524, 0.000615300145, 0.000239287837758, 0.000154431880219, 0.000239274435444, 0.000177235182491, 2.48480046139e-05, 1.43766837937e-05, 1.83986376214e-05, 1.73779208126e-05, 6.42375471216e-06, 4.88820751343e-06, 1.66432960214e-06, 4.74518941473e-07, 3.77511099714e-07, 4.28251837548e-07, 1.3898720681e-06, 5.83900487072e-07, 1.29074783217e-06, 9.34020192744e-07, 9.44197267927e-07, 8.315594755e-07, 5.19975969837e-07, 2.71888751513e-07, 1.95076680143e-07, 1.07635408142e-07, 8.26179800129e-08, 6.46184901143e-08, 3.31267244746e-08, 8.1781124095e-09, 3.83187481745e-09, 3.39209860201e-09, 2.42418352059e-09, 1.78034798015e-09, 1.64053803875e-09, 1.29060373499e-09, 1.35994437933e-09],
        "dvar": [3.20149150246e-11, 1.18936394067e-09, 1.74744787529e-08, 7.64132437325e-07, 7.07515596332e-07, 9.51303746888e-08, 9.43122557828e-08, 1.20593483643e-07, 1.40891529554e-07, 2.98670310706e-09, 8.02523436594e-10, 1.70937319854e-09, 2.48574427708e-09, 4.11459338823e-10, 2.28769683752e-10, 2.04599757275e-11, 1.69540726944e-12, 7.02881600579e-13, 9.17026220584e-13, 1.20481662841e-11, 1.85550988636e-12, 2.60163245114e-12, 3.38096803158e-12, 3.09815736434e-12, 1.00351877415e-12, 3.39404204611e-13, 3.94378709648e-14, 9.68817565641e-15, 4.66421360559e-15, 2.19248464463e-15, 1.9601166139e-15, 2.76722831602e-16, 1.12231627283e-16, 1.00101036835e-16, 8.53138069571e-17, 6.06550102664e-17, 4.19445620048e-17, 3.36043976734e-17, 2.7719735534e-17, 1.97350040945e-17],
        "dvar2": [7.13758774307e-11, 2.99985747354e-09, 4.40175540461e-08, 1.52440782131e-06, 1.71215253886e-06, 2.61012388592e-07, 2.00184445021e-07, 3.27722943894e-07, 3.8334607666e-07, 8.8126324016e-09, 1.85988724422e-09, 3.83062381815e-09, 6.8938148523e-09, 1.17739729077e-09, 6.12373207698e-10, 5.04919994704e-11, 2.44631420156e-12, 1.02725813966e-12, 2.67748323513e-12, 4.03114139291e-11, 4.93842336816e-12, 7.70791416804e-12, 6.98398760698e-12, 9.26814180957e-12, 2.78331481127e-12, 9.89076225436e-13, 1.0115039096e-13, 2.95985092447e-14, 1.28116935057e-14, 5.13154201138e-15, 4.92480371533e-15, 6.94828908748e-16, 1.73110413066e-16, 1.14060834637e-16, 9.51063680952e-17, 6.58352718659e-17, 4.60998475637e-17, 3.59094257858e-17, 2.93563686243e-17, 2.1353346567e-17],
        "max": [5.84009176237e-05, 0.000484337797388, 0.00175890000537, 0.0100616514683, 0.00742228608578, 0.00306951184757, 0.00459017651156, 0.0031815499533, 0.00499830488116, 0.000902101688553, 0.000367735949112, 0.00049192289589, 0.000506766431499, 0.000214446466998, 0.000151643107529, 6.05876703048e-05, 1.93935356947e-05, 1.36354201459e-05, 9.33376941248e-06, 3.15346514981e-05, 1.97568679141e-05, 2.16330972762e-05, 2.90520856652e-05, 1.83281390491e-05, 1.07555179056e-05, 5.69275289308e-06, 3.11835856337e-06, 1.26681686652e-06, 6.91282764365e-07, 5.19429875112e-07, 4.2296534275e-07, 1.71751480593e-07, 1.48042943238e-07, 1.46571352388e-07, 1.33547757741e-07, 1.13270196778e-07, 9.38914652693e-08, 8.49184758067e-08, 7.70399779526e-08, 6.56455299008e-08],
        "mean": [7.16165686754e-06, 2.68693020189e-05, 0.000136386792292, 0.00729992100969, 0.00553098879755, 0.000925513741095, 0.000290536001557, 0.000523286114912, 0.000426700979006, 4.41689953732e-05, 1.54329918587e-05, 1.79347698577e-05, 1.23690506371e-05, 3.44050090462e-06, 3.30129819304e-06, 1.60559886808e-06, 5.60742307698e-07, 4.73202618423e-07, 3.5380674035e-07, 1.01424234344e-06, 7.39120025628e-07, 1.70604869254e-06, 1.32357274651e-06, 1.19001560961e-06, 1.19092055684e-06, 8.42477220431e-07, 4.98406450333e-07, 3.44136424246e-07, 2.14649048758e-07, 1.40156856787e-07, 1.11855129603e-07, 5.5387122444e-08, 1.38812366046e-08, 5.31178523389e-09, 4.4794727927e-09, 3.50811046879e-09, 2.37910291467e-09, 2.42591369215e-09, 2.05468264625e-09, 2.19946749702e-09],
        "median": [3.99163309339e-06, 1.06473789856e-05, 4.05558530474e-05, 0.00865316484123, 0.00650366768241, 0.000946302257944, 7.41190087865e-05, 0.000468129204819, 0.000338629557518, 7.08417792339e-06, 4.43182352683e-06, 7.52213145461e-06, 4.837684628e-06, 9.52191044234e-07, 8.7607304522e-07, 6.57769703594e-07, 2.64948766926e-07, 2.34936109678e-07, 1.71070382748e-07, 5.2766972658e-07, 4.45448677056e-07, 1.21225662042e-06, 8.97074698969e-07, 9.44650139445e-07, 1.02589308426e-06, 7.10673361937e-07, 4.53558243407e-07, 3.21496202105e-07, 2.07711096323e-07, 1.33008128955e-07, 1.05401682049e-07, 5.13442373062e-08, 1.23590027101e-08, 3.9592493728e-09, 3.23973314842e-09, 2.60201105107e-09, 1.57000878964e-09, 1.76628234261e-09, 1.46246170729e-09, 1.72309666535e-09],
        "min": [1.70308211977e-07, 2.60289334619e-06, 9.72472844296e-06, 0.000128217419842, 9.4848961453e-05, 1.00766355899e-05, 3.45033504345e-06, 1.42406752275e-05, 1.53379114636e-05, 1.76568244115e-06, 9.51156039264e-07, 1.26469115003e-06, 6.73462238865e-07, 1.41880633464e-07, 2.8411278663e-07, 1.26425732105e-07, 5.32176436252e-08, 7.61563327956e-08, 4.19946282193e-08, 1.79616122864e-07, 1.6878061615e-07, 1.8392479717e-07, 7.61996403753e-08, 9.03724881596e-08, 4.51481909636e-08, 7.40744994232e-08, 5.00213310772e-08, 4.65487133283e-08, 2.80150995735e-08, 3.11565955258e-08, 2.61747619135e-08, 2.08546477865e-08, 6.10175066029e-09, 1.56915513916e-09, 1.63350566407e-09, 1.27320265442e-09, 7.27919502452e-10, 9.29707200115e-10, 5.65427260568e-10, 7.88152765274e-10],
        "var": [8.19979015243e-11, 3.65121421986e-09, 9.39003186318e-08, 8.3133490989e-06, 4.24016889156e-06, 8.86489317509e-08, 6.25953191502e-07, 1.21762553817e-07, 1.97560055426e-07, 1.74671335174e-08, 1.69642155878e-09, 3.00761171523e-09, 2.51388176942e-09, 3.20350412863e-10, 2.49653270279e-10, 3.32632324462e-11, 3.60576651003e-12, 1.68363326752e-12, 1.01517080332e-12, 8.93355528442e-12, 2.6446941425e-12, 4.77708280919e-12, 6.05745792068e-12, 2.50977147051e-12, 1.12592368155e-12, 3.79240015043e-13, 7.51383073057e-14, 1.90395930359e-14, 5.82465255498e-15, 2.82820002396e-15, 2.11994347248e-15, 4.30399172189e-16, 1.1876421007e-16, 1.0319299826e-16, 8.5515705201e-17, 6.06275346351e-17, 4.26011614314e-17, 3.38831873184e-17, 2.77900392687e-17, 2.03015434047e-17]
    },
    "mfcc": {
        "mean": [-768.76184082, 193.695495605, 0.252567231655, 56.8991775513, -31.9499435425, -43.2981681824, -22.1721897125, -24.6100025177, -18.8589839935, -28.5724086761, -13.7640190125, -7.71748971939, -10.9703464508],
        "cov": [[391.024688721, 108.30531311, -145.179412842, -135.430862427, -13.5422210693, -5.98047637939, 31.8616714478, 87.2149429321, 70.6055450439, 82.4433441162, 45.4450874329, 42.8090553284, 21.3235168457], [108.30531311, 120.701095581, -50.7156486511, -21.8895835876, -11.5727386475, -4.5220079422, 22.3604221344, 33.7071075439, 31.7581100464, 24.5967826843, 15.7657003403, 17.9857616425, 12.4617023468], [-145.179412842, -50.7156486511, 144.895278931, 66.8863220215, 19.4794998169, 14.9050235748, -5.27308893204, -14.9119663239, -10.1899585724, -13.8707170486, -6.3509221077, -9.58169937134, -3.13168430328], [-135.430862427, -21.8895835876, 66.8863220215, 105.690628052, 3.00669980049, -15.0346784592, -14.6938838959, -37.9246826172, -21.7334423065, -33.3806648254, -6.00016975403, -7.36941337585, -2.18124103546], [-13.5422210693, -11.5727386475, 19.4794998169, 3.00669980049, 29.404756546, 17.543888092, 3.88985705376, 5.22800636292, 3.02119326591, 8.90838241577, 6.95137786865, 7.84236288071, 3.23130083084], [-5.98047637939, -4.5220079422, 14.9050235748, -15.0346784592, 17.543888092, 34.7505607605, 13.5222005844, 10.2458076477, 3.86240530014, 7.64526176453, 3.88027405739, 6.10289382935, 2.61408805847], [31.8616714478, 22.3604221344, -5.27308893204, -14.6938838959, 3.88985705376, 13.5222005844, 24.832857132, 20.772649765, 11.9882335663, 12.8106060028, 11.1633834839, 11.8770952225, 5.24520254135], [87.2149429321, 33.7071075439, -14.9119663239, -37.9246826172, 5.22800636292, 10.2458076477, 20.772649765, 54.2307853699, 45.0024414062, 40.6807136536, 24.4545688629, 22.5255355835, 10.9505224228], [70.6055450439, 31.7581100464, -10.1899585724, -21.7334423065, 3.02119326591, 3.86240530014, 11.9882335663, 45.0024414062, 70.6254806519, 54.6288299561, 34.5619087219, 22.2925357819, 12.2618026733], [82.4433441162, 24.5967826843, -13.8707170486, -33.3806648254, 8.90838241577, 7.64526176453, 12.8106060028, 40.6807136536, 54.6288299561, 63.9016456604, 34.2054290771, 19.0769538879, 9.72722434998], [45.4450874329, 15.7657003403, -6.3509221077, -6.00016975403, 6.95137786865, 3.88027405739, 11.1633834839, 24.4545688629, 34.5619087219, 34.2054290771, 34.7536888123, 18.5745601654, 6.76231622696], [42.8090553284, 17.9857616425, -9.58169937134, -7.36941337585, 7.84236288071, 6.10289382935, 11.8770952225, 22.5255355835, 22.2925357819, 19.0769538879, 18.5745601654, 27.4300613403, 7.83574295044], [21.3235168457, 12.4617023468, -3.13168430328, -2.18124103546, 3.23130083084, 2.61408805847, 5.24520254135, 10.9505224228, 12.2618026733, 9.72722434998, 6.76231622696, 7.83574295044, 13.3738927841]],
