{
"lowlevel": {
    "average_loudness": 0.884274244308,
    "barkbands_crest": {
        "dmean": 1.97153377533,
        "dmean2": 3.2515206337,
        "dvar": 3.25975632668,
        "dvar2": 8.79800224304,
        "max": 26.1890487671,
        "mean": 14.0408296585,
        "median": 13.1544065475,
        "min": 5.06219863892,
        "var": 19.3857135773
    },
    "barkbands_flatness_db": {
        "dmean": 0.0160406883806,
        "dmean2": 0.0231274031103,
        "dvar": 0.00030964508187,
        "dvar2": 0.000583086919505,
        "max": 0.495489448309,
        "mean": 0.263599902391,
        "median": 0.251797258854,
        "min": 0.140048742294,
        "var": 0.00482010142878
    },
    "barkbands_kurtosis": {
        "dmean": 2.21709895134,
        "dmean2": 3.61535477638,
        "dvar": 30.9648895264,
        "dvar2": 90.1467819214,
        "max": 80.7997894287,
        "mean": 6.12733745575,
        "median": 4.6053442955,
        "min": -1.23832595348,
        "var": 48.3955726624
    },
    "barkbands_skewness": {
        "dmean": 0.378950446844,
        "dmean2": 0.581960082054,
        "dvar": 0.161321267486,
        "dvar2": 0.378922909498,
        "max": 3.86367964745,
        "mean": 0.725464940071,
        "median": 0.959327340126,
        "min": -5.94070720673,
        "var": 2.26254653931
    },
    "barkbands_spread": {
        "dmean": 0.613878011703,
        "dmean2": 1.02009963989,
        "dvar": 0.708313822746,
        "dvar2": 1.78365600109,
        "max": 14.0845146179,
        "mean": 4.182117939,
        "median": 3.75348854065,
        "min": 0.247264876962,
        "var": 4.35110139847
    },
    "dissonance": {
        "dmean": 0.0276887807995,
        "dmean2": 0.0478306561708,
        "dvar": 0.00164235313423,
        "dvar2": 0.00415699090809,
        "max": 0.499523788691,
        "mean": 0.442187130451,
        "median": 0.449709057808,
        "min": 0.10901863873,
        "var": 0.00177993392572
    },
    "dynamic_complexity": 7.28434705734,
    "erbbands_crest": {
        "dmean": 1.91122639179,
        "dmean2": 2.95766329765,
        "dvar": 3.27059054375,
        "dvar2": 7.52332735062,
        "max": 34.0576324463,
        "mean": 16.0454177856,
        "median": 14.0262203217,
        "min": 6.27638578415,
        "var": 41.118221283
    },
    "erbbands_flatness_db": {
        "dmean": 0.0150801343843,
        "dmean2": 0.0213943701237,
        "dvar": 0.000284059118712,
        "dvar2": 0.000502279552165,
        "max": 0.553654968739,
        "mean": 0.336435675621,
        "median": 0.324237048626,
        "min": 0.209664076567,
        "var": 0.0051868064329
    },
    "erbbands_kurtosis": {
        "dmean": 1.55345416069,
        "dmean2": 2.48750185966,
        "dvar": 9.16089248657,
        "dvar2": 25.5293121338,
        "max": 45.6622657776,
        "mean": 5.12545061111,
        "median": 3.99611902237,
        "min": -1.26888275146,
        "var": 31.6668262482
    },
    "erbbands_skewness": {
        "dmean": 0.271047264338,
        "dmean2": 0.415174722672,
        "dvar": 0.0944267511368,
        "dvar2": 0.187056407332,
        "max": 3.1346950531,
        "mean": 0.69336861372,
        "median": 1.04527878761,
        "min": -3.46467876434,
        "var": 1.52090489864
    },
    "erbbands_spread": {
        "dmean": 1.07008886337,
        "dmean2": 1.66910791397,
        "dvar": 1.99189126492,
        "dvar2": 4.32465076447,
        "max": 26.0619697571,
        "mean": 7.93394422531,
        "median": 6.93237161636,
        "min": 0.371995866299,
        "var": 22.1097869873
    },
    "hfc": {
        "dmean": 6.09897279739,
        "dmean2": 9.64072227478,
        "dvar": 641.409118652,
        "dvar2": 1587.79724121,
        "max": 277.527496338,
        "mean": 8.57228851318,
        "median": 1.71841025352,
        "min": 0.0910352990031,
        "var": 627.804016113
    },
    "melbands_crest": {
        "dmean": 2.1045217514,
        "dmean2": 3.55310440063,
        "dvar": 4.14651250839,
        "dvar2": 11.4720878601,
        "max": 30.2329788208,
        "mean": 14.4262294769,
        "median": 13.4048290253,
        "min": 5.64708471298,
        "var": 23.8130531311
    },
    "melbands_flatness_db": {
        "dmean": 0.0160695482045,
        "dmean2": 0.0235625226051,
        "dvar": 0.000351283582859,
        "dvar2": 0.000631052884273,
        "max": 0.540929019451,
        "mean": 0.326956361532,
        "median": 0.314248293638,
        "min": 0.194608315825,
        "var": 0.00465578772128
    },
    "melbands_kurtosis": {
        "dmean": 1.89745938778,
        "dmean2": 3.07525777817,
        "dvar": 8.75653457642,
        "dvar2": 23.5102653503,
        "max": 34.0489997864,
        "mean": 5.42380523682,
        "median": 3.7761952877,
        "min": -1.51140892506,
        "var": 28.2564334869
    },
    "melbands_skewness": {
        "dmean": 0.396193921566,
        "dmean2": 0.609497070312,
        "dvar": 0.137437909842,
        "dvar2": 0.330171078444,
        "max": 3.53974533081,
        "mean": 0.703243732452,
        "median": 0.891334116459,
        "min": -4.37314891815,
        "var": 1.83260560036
    },
    "melbands_spread": {
        "dmean": 1.15291237831,
        "dmean2": 1.87810194492,
        "dvar": 2.33484959602,
        "dvar2": 6.02246332169,
        "max": 24.2048721313,
        "mean": 7.01631736755,
        "median": 6.51665019989,
        "min": 1.03135788441,
        "var": 8.66669940948
    },
    "pitch_salience": {
        "dmean": 0.0527507178485,
        "dmean2": 0.0887000486255,
        "dvar": 0.00307499920018,
        "dvar2": 0.00890441797674,
        "max": 0.94372099638,
        "mean": 0.531553924084,
        "median": 0.539604663849,
        "min": 0.148792371154,
        "var": 0.0126194022596
    },
    "silence_rate_20dB": {
        "dmean": 0,
        "dmean2": 0,
        "dvar": 0,
        "dvar2": 0,
        "max": 1,
        "mean": 1,
        "median": 1,
        "min": 1,
        "var": 0
    },
    "silence_rate_30dB": {
        "dmean": 0.0245398767292,
        "dmean2": 0.049180328846,
        "dvar": 0.0239375475794,
        "dvar2": 0.0467614866793,
        "max": 1,
        "mean": 0.973469376564,
        "median": 1,
        "min": 0,
        "var": 0.0258266869932
    },
    "silence_rate_60dB": {
        "dmean": 0.047034766525,
        "dmean2": 0.0942622944713,
        "dvar": 0.0448225475848,
        "dvar2": 0.0976714119315,
        "max": 1,
        "mean": 0.620408177376,
        "median": 1,
        "min": 0,
        "var": 0.235500901937
    },
    "spectral_centroid": {
        "dmean": 50.9667320251,
        "dmean2": 81.7728881836,
        "dvar": 4430.79052734,
        "dvar2": 9835.03515625,
        "max": 1530.96240234,
        "mean": 837.782653809,
        "median": 855.24206543,
        "min": 437.949005127,
        "var": 17029.6914062
    },
    "spectral_complexity": {
        "dmean": 1.35378324986,
        "dmean2": 2.12909841537,
        "dvar": 9.02616977692,
        "dvar2": 18.7435798645,
        "max": 42,
        "mean": 5.80204105377,
        "median": 5,
        "min": 0,
        "var": 17.7955093384
    },
    "spectral_decrease": {
        "dmean": 1.9176278343e-09,
        "dmean2": 2.98231461748e-09,
        "dvar": 6.26706906005e-17,
        "dvar2": 1.54296011363e-16,
        "max": -2.53110882947e-11,
        "mean": -2.64487098889e-09,
        "median": -5.24686960546e-10,
        "min": -7.94475596422e-08,
        "var": 6.12487538926e-17
    },
    "spectral_energy": {
        "dmean": 0.00778880668804,
        "dmean2": 0.0121288113296,
        "dvar": 0.00103260576725,
        "dvar2": 0.00254258001223,
        "max": 0.325025469065,
        "mean": 0.0107598546892,
        "median": 0.00214954721741,
        "min": 0.000103787111584,
        "var": 0.00100986752659
    },
    "spectral_energyband_high": {
        "dmean": 2.18359696191e-06,
        "dmean2": 3.83644328394e-06,
        "dvar": 2.43543823997e-10,
        "dvar2": 6.68950617122e-10,
        "max": 0.000257279811194,
        "mean": 3.18164120472e-06,
        "median": 1.21796301755e-06,
        "min": 2.47950083576e-07,
        "var": 1.55915669264e-10
    },
    "spectral_energyband_low": {
        "dmean": 1.5512940081e-05,
        "dmean2": 2.90077787213e-05,
        "dvar": 4.32463487243e-09,
        "dvar2": 1.41244420604e-08,
        "max": 0.00089422846213,
        "mean": 1.60896724992e-05,
        "median": 5.21629544892e-06,
        "min": 3.24881966662e-07,
        "var": 2.92484703124e-09
    },
    "spectral_energyband_middle_high": {
        "dmean": 0.00412458227947,
        "dmean2": 0.00685052480549,
        "dvar": 0.000301094172755,
        "dvar2": 0.000766901124734,
        "max": 0.176249325275,
        "mean": 0.00592511333525,
        "median": 0.00091845006682,
        "min": 3.01797954307e-05,
        "var": 0.000301683408907
    },
    "spectral_energyband_middle_low": {
        "dmean": 0.00399373006076,
        "dmean2": 0.00621532509103,
        "dvar": 0.000306596193695,
        "dvar2": 0.000745934084989,
        "max": 0.212442800403,
        "mean": 0.00485080108047,
        "median": 0.0010120451916,
        "min": 6.90460874466e-05,
        "var": 0.000292239070404
    },
    "spectral_entropy": {
        "dmean": 0.121012710035,
        "dmean2": 0.187898546457,
        "dvar": 0.0215666517615,
        "dvar2": 0.0452667139471,
        "max": 7.41197681427,
        "mean": 6.55824613571,
        "median": 6.64524555206,
        "min": 4.84598350525,
        "var": 0.27492544055
    },
    "spectral_flux": {
        "dmean": 0.0155280334875,
        "dmean2": 0.0230622980744,
        "dvar": 0.00200233701617,
        "dvar2": 0.0038940042723,
        "max": 0.500444710255,
        "mean": 0.0325931720436,
        "median": 0.0133973900229,
        "min": 0.00285761593841,
        "var": 0.00397381326184
    },
    "spectral_kurtosis": {
        "dmean": 9.02912712097,
        "dmean2": 15.514714241,
        "dvar": 140.473205566,
        "dvar2": 367.497375488,
        "max": 132.987609863,
        "mean": 24.6166057587,
        "median": 16.0969161987,
        "min": 6.2911901474,
        "var": 479.87411499
    },
    "spectral_rms": {
        "dmean": 0.000562558008824,
        "dmean2": 0.000794393883552,
        "dvar": 2.67298969447e-06,
        "dvar2": 5.43998703506e-06,
        "max": 0.0178072471172,
        "mean": 0.00225249072537,
        "median": 0.00144812918734,
        "min": 0.000318207050441,
        "var": 5.4237070799e-06
    },
    "spectral_rolloff": {
        "dmean": 35.2721786499,
        "dmean2": 64.9084854126,
        "dvar": 10852.3125,
        "dvar2": 30153.1738281,
        "max": 2282.51953125,
        "mean": 961.65625,
        "median": 947.4609375,
        "min": 473.73046875,
        "var": 13626.5556641
    },
    "spectral_skewness": {
        "dmean": 0.615502595901,
        "dmean2": 1.08230352402,
        "dvar": 0.554287195206,
        "dvar2": 1.58719420433,
        "max": 8.935090065,
        "mean": 3.14533448219,
        "median": 2.70880317688,
        "min": 1.32662391663,
        "var": 1.95135879517
    },
    "spectral_spread": {
        "dmean": 216655.0625,
        "dmean2": 363372.875,
        "dvar": 66334875648,
        "dvar2": 162936061952,
        "max": 5074834,
        "mean": 1993166.5,
        "median": 2090787.75,
        "min": 483280.71875,
        "var": 317712236544
    },
    "spectral_strongpeak": {
        "dmean": 0.382168680429,
        "dmean2": 0.632142066956,
        "dvar": 0.797487437725,
        "dvar2": 1.82330429554,
        "max": 10.2083473206,
        "mean": 1.25581669807,
        "median": 0.736635327339,
        "min": 0.0585555396974,
        "var": 2.72994923592
    },
    "zerocrossingrate": {
        "dmean": 0.00212986487895,
        "dmean2": 0.00289466744289,
        "dvar": 4.93654852107e-06,
        "dvar2": 7.3628748396e-06,
        "max": 0.05322265625,
        "mean": 0.0380610264838,
        "median": 0.03857421875,
        "min": 0.0185546875,
        "var": 3.4921871702e-05
    },
    "barkbands": {
        "dmean": [2.39231326304e-07, 2.0212896743e-06, 3.71592796e-06, 3.68466608052e-05, 0.000229417986702, 0.000290386698907, 0.00275727594271, 0.00104037439451, 0.000197056084289, 0.000899455393665, 0.00245733023621, 0.000517513137311, 0.000215620719246, 0.000165970341186, 1.90914361156e-05, 3.5262091842e-05, 7.84863368608e-05, 2.29441284318e-05, 1.65599121829e-05, 2.79986761598e-06, 1.10892369776e-06, 3.46944773355e-07, 8.49129122571e-08, 3.71820405576e-08, 1.41994460634e-08, 1.78805379392e-08, 2.52807907941e-08],
        "dmean2": [3.99124132855e-07, 3.54023131877e-06, 6.33943136563e-06, 6.58290955471e-05, 0.0003755883954, 0.000511420774274, 0.00458039855585, 0.0016438269522, 0.00028385737096, 0.00150245649274, 0.00413895212114, 0.000885052897502, 0.000377626362024, 0.000263721274678, 3.13300151902e-05, 6.08059017395e-05, 0.000141189040733, 4.33841232734e-05, 3.13065866067e-05, 5.0658818509e-06, 1.95298480321e-06, 6.19721333806e-07, 1.55637778221e-07, 6.77643114955e-08, 2.40640289917e-08, 2.97323268228e-08, 3.9814409547e-08],
        "dvar": [5.69020904614e-13, 2.9440009458e-11, 8.44502176522e-11, 4.31453308636e-08, 1.71097588009e-06, 1.90571688563e-06, 0.000211789258174, 3.6487228499e-05, 1.14563806619e-06, 2.55390459643e-05, 0.000122624347568, 1.38013410833e-05, 3.11730809699e-06, 1.2783841612e-06, 1.66257532186e-08, 3.9692388043e-08, 2.54216246276e-07, 2.44140423433e-08, 1.59945994227e-08, 3.45370898547e-10, 5.33985911044e-11, 9.6390196172e-12, 8.47812109146e-13, 1.70103284214e-13, 7.76926063089e-15, 6.45168267023e-15, 1.10995303287e-15],
        "dvar2": [1.16768660713e-12, 8.04622549144e-11, 2.21478599349e-10, 1.41951872479e-07, 4.01040369979e-06, 5.73685247218e-06, 0.000548231066205, 8.7466527475e-05, 2.52710515269e-06, 6.41306032776e-05, 0.000325304019498, 3.5166656744e-05, 8.75172372616e-06, 3.33009438691e-06, 3.13098347249e-08, 1.06744721506e-07, 7.03675823388e-07, 7.00807234466e-08, 4.65717562292e-08, 9.55252321688e-10, 1.48827630775e-10, 2.72746200625e-11, 2.45119137661e-12, 4.90759071835e-13, 2.15332529504e-14, 1.7724465965e-14, 2.64333084806e-15],
        "max": [9.12547511689e-06, 6.28429770586e-05, 9.85392252915e-05, 0.00306338258088, 0.0233407560736, 0.0165016911924, 0.209864333272, 0.0861644670367, 0.0169993378222, 0.0564339198172, 0.167653918266, 0.0536590032279, 0.0279900357127, 0.0192565117031, 0.00219114567153, 0.00243338057771, 0.00611426960677, 0.00174361572135, 0.00170853035524, 0.00028024968924, 0.000117726631288, 5.22745503986e-05, 1.50374144141e-05, 6.79495633449e-06, 1.49802178839e-06, 1.32221737204e-06, 5.75569629291e-07],
        "mean": [2.7385044632e-07, 2.31212061408e-06, 4.70598342872e-06, 3.22672640323e-05, 0.000240273278905, 0.000257376494119, 0.00250125071034, 0.00129369634669, 0.00048200157471, 0.000710467167664, 0.00441852398217, 0.000392335001379, 0.000142292425153, 0.000135749505716, 2.07148132176e-05, 3.01033123833e-05, 6.08765076322e-05, 1.70225030161e-05, 1.23331665236e-05, 2.9263169381e-06, 1.46027252867e-06, 4.43091352054e-07, 8.12521179228e-08, 4.30448707789e-08, 3.54849873929e-08, 4.43510934645e-08, 1.79373941478e-07],
        "median": [8.57624513628e-08, 9.0119840479e-07, 1.44955993164e-06, 6.41746737529e-06, 1.58983530127e-05, 6.96601273376e-06, 0.000348612084053, 0.00031278989627, 0.000131451088237, 6.2455132138e-05, 0.000762390322052, 6.33068793832e-06, 3.94451399188e-06, 4.4589087338e-06, 1.3587932699e-06, 6.90352499078e-06, 8.00929319666e-06, 2.20742708734e-06, 2.14006922761e-06, 8.52508549087e-07, 5.35369963472e-07, 1.75442195882e-07, 2.36027908329e-08, 1.54192569823e-08, 1.8101342647e-08, 2.36657893282e-08, 1.07712693875e-07],
        "min": [7.35854377432e-10, 2.33522587934e-08, 2.24354295142e-08, 1.11758289734e-07, 6.49486537441e-07, 2.9736071383e-07, 7.53589483793e-06, 2.08978872251e-06, 5.66697644899e-06, 1.06379093268e-06, 1.45233643707e-05, 1.43530158425e-07, 5.56615077585e-07, 4.50143147646e-07, 1.46135718637e-07, 1.2587454421e-06, 7.43634984701e-07, 4.76316728282e-07, 3.37457123578e-07, 1.24798233969e-07, 9.33787589474e-08, 2.29066507984e-08, 5.28199795014e-09, 2.39938136026e-09, 2.67921684838e-09, 2.43939202171e-09, 2.05512886708e-08],
        "var": [6.30449360252e-13, 2.3661780868e-11, 1.15068156392e-10, 2.71303939314e-08, 2.17093929678e-06, 1.45584590427e-06, 0.000170199869899, 3.13936907332e-05, 1.39735664106e-06, 1.98097768589e-05, 0.000153479151777, 1.06396846604e-05, 1.89581396626e-06, 1.02914350464e-06, 2.06696295635e-08, 2.72304045978e-08, 1.58145567752e-07, 1.38132767447e-08, 8.72156924459e-09, 2.17369081068e-10, 3.30117495839e-11, 5.70372134939e-12, 4.72892178974e-13, 9.56100636488e-14, 5.57854670864e-15, 5.85972776581e-15, 2.19520921081e-14]
    },
    "erbbands": {
        "dmean": [3.49569600075e-05, 0.000565920956433, 0.00381806259975, 0.0566659756005, 0.210135102272, 0.907526731491, 1.84140717983, 3.0548582077, 31.7937431335, 33.8764266968, 17.0933265686, 4.88642311096, 10.1847200394, 66.3832168579, 80.892616272, 19.4301700592, 11.2072887421, 6.85466384888, 4.99932146072, 1.1225464344, 2.5445728302, 4.59131908417, 1.42922222614, 1.09782993793, 0.57163053751, 0.122133396566, 0.0631579756737, 0.0286522209644, 0.0136151462793, 0.00448697991669, 0.00245690345764, 0.00104959902819, 0.000530256947968, 0.000203356976272, 0.000102515143226, 7.35795911169e-05, 4.01513680117e-05, 1.28525307446e-05, 6.92975845595e-06, 9.2245900305e-06],
        "dmean2": [6.06265130045e-05, 0.00100272416603, 0.00663881655782, 0.103945359588, 0.383684128523, 1.55091822147, 3.00121712685, 5.0676445961, 53.8205490112, 53.9312705994, 27.7870006561, 7.21102046967, 15.657289505, 111.747955322, 140.540969849, 34.0042915344, 19.5962181091, 11.2918748856, 7.89741420746, 1.90055704117, 4.3724322319, 8.24758338928, 2.68137097359, 2.09475469589, 1.05570673943, 0.22120629251, 0.112240225077, 0.050233617425, 0.0241802819073, 0.00814849324524, 0.00451158126816, 0.00192365702242, 0.000964791572187, 0.000361364276614, 0.000167417078046, 0.000122922312585, 6.50264701108e-05, 2.1518802896e-05, 1.11755780381e-05, 1.44332161653e-05],
        "dvar": [1.27749997247e-08, 2.45606838689e-06, 0.000136018483317, 0.0901910811663, 0.960203886032, 30.3308753967, 98.1546630859, 186.45463562, 29729.25, 33275.09375, 10796.6123047, 673.027770996, 2151.04150391, 158197.09375, 125166.007812, 14505.2207031, 8361.45117188, 1556.40795898, 1480.6739502, 60.3807640076, 208.395309448, 897.246398926, 94.7269210815, 66.6314239502, 14.7002248764, 0.609025657177, 0.146617099643, 0.040000308305, 0.013910939917, 0.00231018592604, 0.000750638952013, 0.000136739501613, 3.15646939271e-05, 2.25570170187e-06, 2.41712882598e-07, 2.13447790998e-07, 1.42304390494e-08, 1.08387598896e-09, 2.87003365518e-10, 1.39118916387e-09],
        "dvar2": [3.42425288125e-08, 6.86880912326e-06, 0.000391886656871, 0.297351151705, 3.00494170189, 69.7709197998, 262.931640625, 493.289154053, 80275.375, 78362.90625, 27656.8496094, 1565.55688477, 4865.44775391, 424303.8125, 340599.875, 38261.4179688, 23411.8300781, 3907.93530273, 3750.57177734, 156.444351196, 561.403198242, 2503.36035156, 272.208862305, 192.001419067, 42.0836906433, 1.6863861084, 0.402812361717, 0.109119527042, 0.0392279587686, 0.00663305772468, 0.00216755270958, 0.000393850205, 9.08958027139e-05, 6.39983909423e-06, 6.51286825359e-07, 6.06722721841e-07, 3.67254457956e-08, 2.93309221355e-09, 7.33808735998e-10, 3.43462258634e-09],
        "max": [0.00167021166999, 0.0208718609065, 0.176885783672, 4.29456520081, 13.7223911285, 95.2967987061, 177.251815796, 142.871261597, 1943.51977539, 2601.66943359, 1342.12573242, 371.365631104, 613.190734863, 5761.64550781, 5272.9921875, 1441.01098633, 1419.88342285, 566.191162109, 698.654296875, 121.515190125, 169.800354004, 378.717468262, 109.742134094, 107.39176178, 44.2496261597, 11.3928546906, 6.00363063812, 3.37715792656, 1.98450767994, 0.791851639748, 0.449773013592, 0.192244634032, 0.0930086225271, 0.0252203922719, 0.00834418833256, 0.00763592217118, 0.00190207920969, 0.0004765863996, 0.000199983740458, 0.000383570848498],
        "mean": [3.89281376556e-05, 0.000681132893078, 0.00510474573821, 0.0513897202909, 0.201465800405, 0.945920348167, 1.94929158688, 2.76722216606, 27.4166622162, 36.6760559082, 23.0882129669, 10.823890686, 10.5889101028, 79.0679244995, 151.700317383, 20.4306163788, 7.67559671402, 5.66073846817, 4.29699325562, 1.05602395535, 2.05105853081, 3.56660985947, 1.0687289238, 0.839486598969, 0.438933819532, 0.131629735231, 0.0789535269141, 0.0408860296011, 0.018506359309, 0.00449977582321, 0.00234243436716, 0.00107846525498, 0.00068101962097, 0.000412747991504, 0.000265354057774, 0.000152889770106, 9.20781094464e-05, 4.57714122604e-05, 2.57911069639e-05, 1.59508199431e-05],
        "median": [1.63836775755e-05, 0.000275781116216, 0.00185651844367, 0.0102884341031, 0.0361786335707, 0.0468159765005, 0.0704798996449, 0.130890339613, 3.13461923599, 6.98958206177, 6.14645195007, 2.84631609917, 2.23018550873, 16.5248985291, 16.5010566711, 1.32607030869, 0.244777321815, 0.223031565547, 0.206348851323, 0.145788222551, 0.405294954777, 0.504442214966, 0.14257016778, 0.137223899364, 0.0748651623726, 0.03916862607, 0.0270869135857, 0.0154676064849, 0.0072607267648, 0.00130910077132, 0.000672998605296, 0.000336161756422, 0.000274840916973, 0.000208772267797, 0.000142151780892, 7.50482286094e-05, 4.77455541841e-05, 2.65457965725e-05, 1.57438043971e-05, 7.110594197e-06],
        "min": [1.01423370324e-06, 6.90528622727e-06, 6.46724074613e-05, 0.000281204702333, 0.000508425699081, 0.00186612491962, 0.00122950493824, 0.00520504359156, 0.0556720085442, 0.133699685335, 0.292065799236, 0.123385861516, 0.108464427292, 0.122353263199, 0.428346455097, 0.0348219461739, 0.0224147234112, 0.0254686009139, 0.0196269154549, 0.0296164695174, 0.0787222981453, 0.0867257714272, 0.0314556024969, 0.0258900020272, 0.0127125652507, 0.00739531219006, 0.0050783958286, 0.00270549510606, 0.00124981359113, 0.000293904275168, 0.000160808878718, 8.66124537424e-05, 5.02255206811e-05, 4.3146454118e-05, 2.97314090858e-05, 1.75451623363e-05, 7.30923738956e-06, 5.8942796386e-06, 5.08502398588e-06, 1.02345370578e-06],
        "var": [9.69918367844e-09, 1.9773844997e-06, 0.00013868707174, 0.0576100610197, 0.757007718086, 37.636631012, 105.897872925, 166.535354614, 22132.0917969, 30754.9375, 8285.82128906, 721.512756348, 2084.03515625, 114695.53125, 185690.9375, 10818.5576172, 5121.78710938, 1296.65319824, 1259.2199707, 47.3275337219, 139.725006104, 548.52734375, 53.522731781, 37.2959671021, 8.41774463654, 0.38091814518, 0.0936901643872, 0.0260421261191, 0.0083088176325, 0.00131196284201, 0.000420008873334, 7.7018616139e-05, 1.78798181878e-05, 1.39994347137e-06, 2.07467593327e-07, 1.46672149981e-07, 1.7935141372e-08, 2.11809814132e-09, 4.84675466428e-10, 1.34249056316e-09]
    },
    "gfcc": {
        "mean": [-208.538131714, 129.312072754, -161.902893066, -51.1827430725, -63.7614860535, -37.4161949158, -7.04520273209, 7.26860189438, -19.4990940094, -12.3163337708, -16.5851840973, 0.653013646603, -7.69021224976],
        "cov": [[2754.25634766, 621.400390625, -305.451049805, -263.142791748, 34.964302063, -55.5597915649, -112.346054077, -271.697143555, -47.4368553162, 38.8586235046, 194.76121521, -22.3544788361, 27.9775028229], [621.400390625, 730.868164062, -71.0038299561, -344.592071533, 43.985332489, -11.4816179276, -112.527755737, -322.23651123, -145.477706909, -78.5562515259, 101.691986084, -16.6383914948, 92.6937408447], [-305.451049805, -71.0038299561, 188.395828247, 126.553634644, -17.2418899536, -18.358625412, -14.2811365128, 64.0915374756, 24.5100708008, 11.9577760696, -57.9464759827, -10.1351499557, -16.617559433], [-263.142791748, -344.592071533, 126.553634644, 372.952697754, 23.3195800781, -53.850353241, -4.78113889694, 177.923858643, 103.539619446, 54.9878196716, -97.087310791, -16.5476226807, -49.9891242981], [34.964302063, 43.985332489, -17.2418899536, 23.3195800781, 75.221862793, 24.046295166, -1.22632300854, -24.8674926758, -5.95484876633, -1.66288101673, 3.79527497292, -9.65229701996, 2.64810919762], [-55.5597915649, -11.4816179276, -18.358625412, -53.850353241, 24.046295166, 98.0924835205, 64.352973938, 2.12470698357, -21.5431575775, -23.5892181396, 4.83892774582, 7.68391990662, -1.40146625042], [-112.346054077, -112.527755737, -14.2811365128, -4.78113889694, -1.22632300854, 64.352973938, 131.317779541, 85.8036956787, 16.9660453796, -14.8438968658, -19.6617412567, 3.09397053719, -21.0641880035], [-271.697143555, -322.23651123, 64.0915374756, 177.923858643, -24.8674926758, 2.12470698357, 85.8036956787, 200.50289917, 92.827293396, 39.1646385193, -69.7405090332, -9.25581550598, -54.8304519653], [-47.4368553162, -145.477706909, 24.5100708008, 103.539619446, -5.95484876633, -21.5431575775, 16.9660453796, 92.827293396, 76.1082229614, 49.1914176941, -18.0809574127, -12.6542634964, -33.8319778442], [38.8586235046, -78.5562515259, 11.9577760696, 54.9878196716, -1.66288101673, -23.5892181396, -14.8438968658, 39.1646385193, 49.1914176941, 64.3617248535, 20.036113739, 2.72127556801, -21.6951026917], [194.76121521, 101.691986084, -57.9464759827, -97.087310791, 3.79527497292, 4.83892774582, -19.6617412567, -69.7405090332, -18.0809574127, 20.036113739, 88.0262145996, 36.5119552612, 25.764837265], [-22.3544788361, -16.6383914948, -10.1351499557, -16.5476226807, -9.65229701996, 7.68391990662, 3.09397053719, -9.25581550598, -12.6542634964, 2.72127556801, 36.5119552612, 53.6958236694, 31.2481117249], [27.9775028229, 92.6937408447, -16.617559433, -49.9891242981, 2.64810919762, -1.40146625042, -21.0641880035, -54.8304519653, -33.8319778442, -21.6951026917, 25.764837265, 31.2481117249, 53.3778495789]],
        "icov": [[0.000731461157557, -0.00142435589805, 0.00164274685085, -0.00137974251993, 0.00139475881588, -0.000643025676254, 2.22807502723e-05, -0.000525957439095, 0.000552489073016, -0.00104805792216, -0.000861631240696, 0.000254080543527, 0.00088316143956], [-0.00142435589805, 0.0120361279696, -0.00804703217, 0.00741806766018, -0.007268903777, 0.00650423625484, -0.00324889761396, 0.0115552889183, -0.00479509402066, 0.00620905961841, -0.00333260861225, 0.0101681817323, -0.00945347454399], [0.00164274685085, -0.00804703217, 0.0148583129048, -0.00815134122968, 0.00908020976931, -0.00652448041365, 0.0031309328042, -0.00648609176278, 0.00691953767091, -0.00971688423306, 0.00642658723518, -0.00501361116767, 0.00432547926903], [-0.00137974251993, 0.00741806766018, -0.00815134122968, 0.018923593685, -0.0171586461365, 0.009082457982, 0.00517990533262, -0.00182274868712, -0.00956543441862, 0.00501233991235, 0.0103536900133, -0.00875443406403, 0.000389129592804], [0.00139475881588, -0.007268903777, 0.00908020976931, -0.0171586461365, 0.0334316901863, -0.0155872646719, -0.00477695232257, 0.00736627029255, 0.00379322329536, -0.0110546760261, -0.00334961223416, 0.0109644271433, -0.00462762778625], [-0.000643025676254, 0.00650423625484, -0.00652448041365, 0.009082457982, -0.0155872646719, 0.0275991931558, -0.010894710198, 0.00399804534391, 0.00281640328467, 0.0058926101774, -0.000946051790379, -0.00297265104018, 0.00319915171713], [2.22807502723e-05, -0.00324889761396, 0.0031309328042, 0.00517990533262, -0.00477695232257, -0.010894710198, 0.0318109132349, -0.0296219866723, 0.00167164497543, 0.0161346141249, -0.00770093267784, -0.00465371645987, 0.00759101985022], [-0.000525957439095, 0.0115552889183, -0.00648609176278, -0.00182274868712, 0.00736627029255, 0.00399804534391, -0.0296219866723, 0.0704273879528, -0.0417889170349, -0.00624149432406, 0.0280463844538, -0.0138331782073, 0.00241390382871], [0.000552489073016, -0.00479509402066, 0.00691953767091, -0.00956543441862, 0.00379322329536, 0.00281640328467, 0.00167164497543, -0.0417889170349, 0.0888621434569, -0.0400139801204, -0.017016036436, 0.0310549978167, -0.0110546788201], [-0.00104805792216, 0.00620905961841, -0.00971688423306, 0.00501233991235, -0.0110546760261, 0.0058926101774, 0.0161346141249, -0.00624149432406, -0.0400139801204, 0.0792657509446, -0.037648525089, -0.00219803443179, 0.0184095576406], [-0.000861631240696, -0.00333260861225, 0.00642658723518, 0.0103536900133, -0.00334961223416, -0.000946051790379, -0.00770093267784, 0.0280463844538, -0.017016036436, -0.037648525089, 0.0773754864931, -0.0538327097893, 0.0119270356372], [0.000254080543527, 0.0101681817323, -0.00501361116767, -0.00875443406403, 0.0109644271433, -0.00297265104018, -0.00465371645987, -0.0138331782073, 0.0310549978167, -0.00219803443179, -0.0538327097893, 0.0943808853626, -0.0546959303319], [0.00088316143956, -0.00945347454399, 0.00432547926903, 0.000389129592804, -0.00462762778625, 0.00319915171713, 0.00759101985022, 0.00241390382871, -0.0110546788201, 0.0184095576406, 0.0119270356372, -0.0546959303319, 0.0689262375236]]
    },
    "melbands": {
        "dmean": [4.23556684837e-07, 1.36000130624e-06, 1.43910592669e-05, 3.34904907504e-05, 6.5017324232e-05, 7.38402377465e-05, 0.000527705007698, 0.000346374639776, 0.000116924886242, 2.53884099948e-05, 4.86929093313e-05, 0.000255068123806, 0.000319045590004, 9.05889028218e-05, 2.76717655652e-05, 1.97644931177e-05, 1.31435353978e-05, 1.13169626275e-05, 9.85727524494e-07, 1.69398254002e-06, 3.32039167006e-06, 5.68260293221e-06, 1.76658147666e-06, 1.0134584727e-06, 9.02856356788e-07, 5.5064344906e-07, 2.22182976017e-07, 4.9551040604e-08, 4.60227589372e-08, 2.5347839383e-08, 1.50378856034e-08, 9.22505893897e-09, 4.4676689015e-09, 1.73808867299e-09, 1.47918000071e-09, 9.97950611037e-10, 5.47817735619e-10, 4.3447195841e-10, 2.24994356479e-10, 1.61896288042e-10],
        "dmean2": [7.30010697225e-07, 2.25794474318e-06, 2.56766143139e-05, 6.01692845521e-05, 0.000103854923509, 0.000127608451294, 0.000894142198376, 0.000554518832359, 0.000191314014955, 3.74398332497e-05, 7.7467848314e-05, 0.000424352736445, 0.00054169271607, 0.000159983246704, 4.69343431178e-05, 3.51312446583e-05, 2.09714362427e-05, 1.8176928279e-05, 1.48557307966e-06, 2.87095303975e-06, 5.80651476412e-06, 1.0271366591e-05, 3.24227949022e-06, 1.8830070303e-06, 1.72689988176e-06, 1.03630918602e-06, 4.01037056008e-07, 8.67502194524e-08, 8.22820851454e-08, 4.40647980327e-08, 2.64539554706e-08, 1.62677125104e-08, 8.07948730142e-09, 3.17220028023e-09, 2.7097994959e-09, 1.83747583815e-09, 1.00839603334e-09, 7.91047061188e-10, 3.99834165776e-10, 2.86327517252e-10],
        "dvar": [1.4835555744e-12, 9.62447396086e-12, 5.8669420433e-09, 3.227691181e-08, 1.29523613168e-07, 1.25771862258e-07, 7.9732217273e-06, 3.56257032763e-06, 5.4385753856e-07, 1.70372977948e-08, 5.22873051523e-08, 2.3861327918e-06, 2.25851954383e-06, 2.68804711823e-07, 4.45064607391e-08, 2.67870099435e-08, 6.06072259046e-09, 7.70421237917e-09, 4.62136440227e-11, 1.09932285497e-10, 3.86731008328e-10, 1.47810674811e-09, 1.31658392521e-10, 4.61616092573e-11, 4.81090584037e-11, 1.54334409835e-11, 1.96832025505e-12, 8.98328855964e-14, 7.68251158219e-14, 2.64991360696e-14, 8.99986228391e-15, 5.51347467302e-15, 2.17555520887e-15, 3.1489913593e-16, 2.52511241837e-16, 1.29207266042e-16, 3.5583867349e-17, 2.16713098314e-17, 3.66048555519e-18, 1.02908361275e-18],
        "dvar2": [3.92892272535e-12, 2.45537201682e-11, 1.90668991706e-08, 8.16437548679e-08, 3.28078556322e-07, 3.48336840261e-07, 2.10780344787e-05, 8.33397371025e-06, 1.39332894378e-06, 3.81689986284e-08, 1.15397185141e-07, 6.37291486782e-06, 6.03048283665e-06, 7.14857492312e-07, 1.10911251738e-07, 7.585413897e-08, 1.51185854946e-08, 1.98235525772e-08, 1.03623165604e-10, 2.80970663402e-10, 1.05341524392e-09, 4.13076461925e-09, 3.77705117183e-10, 1.31911440104e-10, 1.3915903152e-10, 4.47654378843e-11, 5.51960300382e-12, 2.4428500672e-13, 2.1016467646e-13, 7.23788840277e-14, 2.4739923177e-14, 1.55595209026e-14, 6.18106792556e-15, 9.12622414129e-16, 7.2823557055e-16, 3.73689336988e-16, 1.02456926629e-16, 6.25451510533e-17, 1.04969120471e-17, 2.90801134607e-18],
        "max": [1.61347797984e-05, 4.18805284426e-05, 0.00114001031034, 0.00269096461125, 0.00660594459623, 0.00349794561043, 0.037183240056, 0.0288382507861, 0.0100392941386, 0.00184678472579, 0.00325072626583, 0.0221941322088, 0.0245439652354, 0.00778875127435, 0.00266832439229, 0.00261729350314, 0.0012396115344, 0.00157654623035, 0.000124686790514, 0.000135474998388, 0.000212395359995, 0.000508585886564, 0.000147105078213, 7.11287430022e-05, 9.46124855545e-05, 4.7318302677e-05, 1.78172540473e-05, 4.61199715573e-06, 4.32173555964e-06, 2.7144460546e-06, 1.59205819728e-06, 1.25085080072e-06, 7.80873961048e-07, 2.87392765586e-07, 2.61293450876e-07, 1.86344635722e-07, 9.79328760309e-08, 7.68773702475e-08, 3.18719415304e-08, 1.7055249657e-08],
        "mean": [4.94748974234e-07, 1.85427813904e-06, 1.36202379508e-05, 3.42302300851e-05, 6.82107420289e-05, 6.06143075856e-05, 0.000463686767034, 0.000401970173698, 0.000169145496329, 5.8580415498e-05, 4.71286439279e-05, 0.000281415384961, 0.000574795121793, 0.000116648938274, 2.04035222851e-05, 1.28610354295e-05, 1.09610728032e-05, 9.38586254051e-06, 1.05948481632e-06, 1.61675438903e-06, 2.53486518886e-06, 4.31418538938e-06, 1.40172346619e-06, 7.3357847441e-07, 6.88005229676e-07, 4.25436894602e-07, 1.78771898618e-07, 6.26351308597e-08, 5.49264171923e-08, 3.23616866638e-08, 2.14114219688e-08, 1.24326957618e-08, 4.28966817623e-09, 1.64653490842e-09, 1.41346923055e-09, 9.03095986882e-10, 5.65921531859e-10, 5.05324004862e-10, 3.52351398059e-10, 3.38849975856e-10],
        "median": [2.08349064224e-07, 7.31937234377e-07, 2.70553255177e-06, 2.97052247333e-06, 2.55502459368e-06, 1.31845149554e-06, 6.12343428656e-05, 8.29026685096e-05, 4.21510485467e-05, 1.67957805388e-05, 7.39740471545e-06, 5.91380012338e-05, 7.00950695318e-05, 8.13898168417e-06, 2.46712886565e-07, 4.07890098586e-07, 3.7483451365e-07, 4.03201454446e-07, 8.91438673989e-08, 3.96138005954e-07, 4.19060654622e-07, 5.68327322981e-07, 2.44677409e-07, 9.07060240252e-08, 1.14076343039e-07, 8.09367577403e-08, 3.41535617565e-08, 2.27151666365e-08, 1.84658723867e-08, 1.21287051513e-08, 8.82455619688e-09, 5.16290388219e-09, 1.21835985745e-09, 4.76854666864e-10, 4.16561951599e-10, 2.63785771004e-10, 1.80271908512e-10, 1.90699123159e-10, 1.60386301462e-10, 1.76098441385e-10],
        "min": [8.02485011775e-09, 2.03235455132e-08, 9.75863088115e-08, 1.82831229267e-07, 3.42971127054e-08, 5.69520857141e-08, 1.12333077595e-06, 1.26236477627e-06, 2.23590745918e-06, 6.30530223589e-07, 1.54248013473e-07, 1.33424578053e-07, 1.94037920664e-06, 4.43500987046e-08, 2.28526513268e-08, 6.09939121432e-08, 3.37821965957e-08, 3.76880002761e-08, 1.04472821505e-08, 6.97742592592e-08, 7.58810685397e-08, 5.95360631905e-08, 4.20366816911e-08, 1.89335995771e-08, 1.95501694833e-08, 1.12497771099e-08, 5.13232034649e-09, 4.3812353745e-09, 3.03258196332e-09, 1.77416537017e-09, 1.37183686633e-09, 5.68195213102e-10, 1.89133680939e-10, 9.36146091202e-11, 9.04493424603e-11, 5.36718308686e-11, 2.89575134704e-11, 2.4126018891e-11, 2.50676146507e-11, 2.68965093253e-11],
        "var": [1.20245382661e-12, 1.26270044767e-11, 3.97233668181e-09, 3.75400404096e-08, 1.49202747934e-07, 9.84646177926e-08, 6.17373279965e-06, 3.29589283865e-06, 4.15771381768e-07, 2.00593763822e-08, 5.21700656009e-08, 1.72483908045e-06, 2.90172488349e-06, 2.41396236333e-07, 3.4771964863e-08, 1.59798592136e-08, 5.21247667251e-09, 6.35157082485e-09, 5.15306304572e-11, 8.48386499941e-11, 2.51490273051e-10, 8.99861407611e-10, 7.48736073142e-11, 2.65424973667e-11, 2.66494621509e-11, 8.510284491e-12, 1.19706534182e-12, 5.91091845609e-14, 4.95451017723e-14, 1.72163868041e-14, 5.79893070547e-15, 3.29730614015e-15, 1.26939639728e-15, 1.74671958009e-16, 1.41874326131e-16, 7.19326914762e-17, 2.00576492011e-17, 1.21791335424e-17, 2.13893438129e-18, 6.68992763557e-19]
    },
    "mfcc": {
        "mean": [-844.37689209, 175.409957886, -45.4955978394, -15.5082569122, -39.8093109131, -41.4789428711, -5.54731035233, 5.7394156456, 8.59494781494, -11.034828186, -8.06609630585, 3.71956086159, 3.26997184753],
        "cov": [[2474.27319336, 935.752319336, -552.398376465, -19.4821949005, -119.106262207, 143.211074829, -53.5261764526, -258.931488037, -237.315505981, -134.063812256, -6.15607118607, -58.6673851013, -10.7759685516], [935.752319336, 740.111755371, -94.0026626587, -258.111968994, -19.4611663818, 88.1586990356, -20.1256980896, -169.057052612, -216.427352905, -139.422286987, -133.68661499, -101.354728699, 3.42431282997], [-552.398376465, -94.0026626587, 235.822875977, -6.55033063889, 40.5536575317, -25.9687023163, -8.11977481842, 33.4574050903, 25.9332790375, 12.6339941025, -29.6672763824, -14.3884401321, -9.62832355499], [-19.4821949005, -258.111968994, -6.55033063889, 325.252502441, 25.563911438, -36.6765670776, -24.5135478973, 25.5399608612, 111.192756653, 75.563621521, 116.724380493, 54.561706543, -38.6960678101], [-119.106262207, -19.4611663818, 40.5536575317, 25.563911438, 98.5539550781, 29.7915229797, -17.7889251709, -26.864156723, -31.168806076, 2.81329703331, -10.5906515121, -16.4914245605, -18.5284557343], [143.211074829, 88.1586990356, -25.9687023163, -36.6765670776, 29.7915229797, 63.3268623352, 17.0814189911, -18.437664032, -33.0280036926, -18.9497241974, -17.3543300629, -18.4681491852, 0.967049062252], [-53.5261764526, -20.1256980896, -8.11977481842, -24.5135478973, -17.7889251709, 17.0814189911, 57.5562515259, 51.5760765076, 34.1001586914, 1.82740736008, -6.08886432648, 4.37980127335, 13.9097490311], [-258.931488037, -169.057052612, 33.4574050903, 25.5399608612, -26.864156723, -18.437664032, 51.5760765076, 110.843887329, 101.40536499, 37.5945243835, 16.3043041229, 15.3256435394, 8.86971092224], [-237.315505981, -216.427352905, 25.9332790375, 111.192756653, -31.168806076, -33.0280036926, 34.1001586914, 101.40536499, 142.449737549, 71.1105957031, 59.6218681335, 34.133190155, -8.77307033539], [-134.063812256, -139.422286987, 12.6339941025, 75.563621521, 2.81329703331, -18.9497241974, 1.82740736008, 37.5945243835, 71.1105957031, 75.0968322754, 70.4004364014, 30.7143955231, -18.0645275116], [-6.15607118607, -133.68661499, -29.6672763824, 116.724380493, -10.5906515121, -17.3543300629, -6.08886432648, 16.3043041229, 59.6218681335, 70.4004364014, 110.528709412, 60.7684288025, -11.983089447], [-58.6673851013, -101.354728699, -14.3884401321, 54.561706543, -16.4914245605, -18.4681491852, 4.37980127335, 15.3256435394, 34.133190155, 30.7143955231, 60.7684288025, 64.5148391724, 25.8920726776], [-10.7759685516, 3.42431282997, -9.62832355499, -38.6960678101, -18.5284557343, 0.967049062252, 13.9097490311, 8.86971092224, -8.77307033539, -18.0645275116, -11.983089447, 25.8920726776, 61.4033889771]],
