{
"lowlevel": {
    "average_loudness": 0.975667357445,
    "barkbands_crest": {
        "dmean": 2.72571158409,
        "dmean2": 4.6828827858,
        "dvar": 9.0891494751,
        "dvar2": 28.5826892853,
        "max": 21.496471405,
        "mean": 11.8511476517,
        "median": 12.2820301056,
        "min": 3.38112068176,
        "var": 15.3313884735
    },
    "barkbands_flatness_db": {
        "dmean": 0.0262237526476,
        "dmean2": 0.0412953048944,
        "dvar": 0.000901552382857,
        "dvar2": 0.00129045417998,
        "max": 0.484756529331,
        "mean": 0.342721551657,
        "median": 0.357775598764,
        "min": 0.0895150527358,
        "var": 0.00568009819835
    },
    "barkbands_kurtosis": {
        "dmean": 0.684638023376,
        "dmean2": 1.0981978178,
        "dvar": 0.895045876503,
        "dvar2": 2.39831352234,
        "max": 7.84634113312,
        "mean": -0.0162751805037,
        "median": -0.441047906876,
        "min": -1.37380373478,
        "var": 2.0624063015
    },
    "barkbands_skewness": {
        "dmean": 0.342319607735,
        "dmean2": 0.570843875408,
        "dvar": 0.159847810864,
        "dvar2": 0.474869936705,
        "max": 1.75857830048,
        "mean": 0.208234369755,
        "median": 0.285618126392,
        "min": -1.45373666286,
        "var": 0.503013849258
    },
    "barkbands_spread": {
        "dmean": 1.29459345341,
        "dmean2": 2.07974648476,
        "dvar": 1.96590423584,
        "dvar2": 4.78233575821,
        "max": 17.7411823273,
        "mean": 6.90886259079,
        "median": 6.94147491455,
        "min": 2.8945183754,
        "var": 7.40159368515
    },
    "dissonance": {
        "dmean": 0.0340336076915,
        "dmean2": 0.0605754032731,
        "dvar": 0.00110458722338,
        "dvar2": 0.00280690286309,
        "max": 0.499620258808,
        "mean": 0.438494503498,
        "median": 0.444569200277,
        "min": 0.295853078365,
        "var": 0.00196006707847
    },
    "dynamic_complexity": 1.44972002506,
    "erbbands_crest": {
        "dmean": 2.22292709351,
        "dmean2": 3.85866379738,
        "dvar": 7.32387685776,
        "dvar2": 21.6436958313,
        "max": 24.6225833893,
        "mean": 13.6906738281,
        "median": 12.464140892,
        "min": 4.40067625046,
        "var": 25.9011936188
    },
    "erbbands_flatness_db": {
        "dmean": 0.021302446723,
        "dmean2": 0.0323073044419,
        "dvar": 0.000780659494922,
        "dvar2": 0.00113092642277,
        "max": 0.488933831453,
        "mean": 0.409086883068,
        "median": 0.426464259624,
        "min": 0.16055162251,
        "var": 0.00528171239421
    },
    "erbbands_kurtosis": {
        "dmean": 0.772042512894,
        "dmean2": 1.25790631771,
        "dvar": 3.1931989193,
        "dvar2": 8.65876960754,
        "max": 14.5895328522,
        "mean": 0.0617388486862,
        "median": -0.330410242081,
        "min": -1.54230415821,
        "var": 3.36783742905
    },
    "erbbands_skewness": {
        "dmean": 0.310737282038,
        "dmean2": 0.512080013752,
        "dvar": 0.0995044410229,
        "dvar2": 0.306196004152,
        "max": 1.08155298233,
        "mean": -0.25503462553,
        "median": -0.146452113986,
        "min": -1.71863496304,
        "var": 0.539416611195
    },
    "erbbands_spread": {
        "dmean": 1.482172966,
        "dmean2": 2.43616247177,
        "dvar": 5.07827329636,
        "dvar2": 11.4822216034,
        "max": 26.6364459991,
        "mean": 9.78528881073,
        "median": 8.9706325531,
        "min": 3.07270526886,
        "var": 14.0718593597
    },
    "hfc": {
        "dmean": 5.95633459091,
        "dmean2": 9.48022174835,
        "dvar": 58.969493866,
        "dvar2": 147.763916016,
        "max": 61.361038208,
        "mean": 31.4661655426,
        "median": 30.1372032166,
        "min": 0.00489571411163,
        "var": 338.572601318
    },
    "melbands_crest": {
        "dmean": 2.89248180389,
        "dmean2": 4.81726741791,
        "dvar": 9.8226184845,
        "dvar2": 32.2549934387,
        "max": 24.1515750885,
        "mean": 13.1392230988,
        "median": 13.1277112961,
        "min": 5.25413894653,
        "var": 14.4976587296
    },
    "melbands_flatness_db": {
        "dmean": 0.0293644741178,
        "dmean2": 0.0435200855136,
        "dvar": 0.000966574414633,
        "dvar2": 0.00150656560436,
        "max": 0.584143221378,
        "mean": 0.415297955275,
        "median": 0.42786309123,
        "min": 0.164176180959,
        "var": 0.00695688836277
    },
    "melbands_kurtosis": {
        "dmean": 0.750929534435,
        "dmean2": 1.21003437042,
        "dvar": 0.693047523499,
        "dvar2": 1.97278666496,
        "max": 4.82237863541,
        "mean": 0.290765464306,
        "median": -0.161419630051,
        "min": -1.30572891235,
        "var": 2.49400353432
    },
    "melbands_skewness": {
        "dmean": 0.3176202178,
        "dmean2": 0.520108759403,
        "dvar": 0.167612612247,
        "dvar2": 0.483323872089,
        "max": 2.10544586182,
        "mean": 0.470479011536,
        "median": 0.51888012886,
        "min": -1.4883620739,
        "var": 0.40931597352
    },
    "melbands_spread": {
        "dmean": 2.4567322731,
        "dmean2": 3.95806717873,
        "dvar": 5.12205076218,
        "dvar2": 14.2343626022,
        "max": 26.1687240601,
        "mean": 12.6679029465,
        "median": 13.5108060837,
        "min": 4.42668962479,
        "var": 23.8391494751
    },
    "pitch_salience": {
        "dmean": 0.0801509767771,
        "dmean2": 0.141470655799,
        "dvar": 0.00867673102766,
        "dvar2": 0.0277278535068,
        "max": 0.864213109016,
        "mean": 0.538707196712,
        "median": 0.507458627224,
        "min": 0.325856596231,
        "var": 0.0158561058342
    },
    "silence_rate_20dB": {
        "dmean": 0,
        "dmean2": 0,
        "dvar": 0,
        "dvar2": 0,
        "max": 1,
        "mean": 1,
        "median": 1,
        "min": 1,
        "var": 0
    },
    "silence_rate_30dB": {
        "dmean": 0,
        "dmean2": 0,
        "dvar": 0,
        "dvar2": 0,
        "max": 1,
        "mean": 1,
        "median": 1,
        "min": 1,
        "var": 0
    },
    "silence_rate_60dB": {
        "dmean": 0.0111111113802,
        "dmean2": 0.0224719103426,
        "dvar": 0.0109876384959,
        "dvar2": 0.0219669081271,
        "max": 1,
        "mean": 0.0659340694547,
        "median": 0,
        "min": 0,
        "var": 0.0615867935121
    },
    "spectral_centroid": {
        "dmean": 64.0467529297,
        "dmean2": 99.5214080811,
        "dvar": 3800.81567383,
        "dvar2": 10270.90625,
        "max": 1321.46154785,
        "mean": 802.854125977,
        "median": 827.802490234,
        "min": 434.819946289,
        "var": 40391.21875
    },
    "spectral_complexity": {
        "dmean": 1.55555558205,
        "dmean2": 2.64044952393,
        "dvar": 4.91358184814,
        "dvar2": 9.80331516266,
        "max": 22,
        "mean": 14.0329666138,
        "median": 15,
        "min": 0,
        "var": 22.9329986572
    },
    "spectral_decrease": {
        "dmean": 2.22055174248e-09,
        "dmean2": 3.54960261184e-09,
        "dvar": 7.19489058706e-18,
        "dvar2": 1.73639107209e-17,
        "max": -1.41146740563e-12,
        "mean": -9.69977609344e-09,
        "median": -1.16497540503e-08,
        "min": -1.67663323225e-08,
        "var": 2.25262225011e-17
    },
    "spectral_energy": {
        "dmean": 0.00888177845627,
        "dmean2": 0.0142217809334,
        "dvar": 0.000115484064736,
        "dvar2": 0.000278867024463,
        "max": 0.06764498353,
        "mean": 0.0394632443786,
        "median": 0.0477083213627,
        "min": 5.77126320422e-06,
        "var": 0.000376959389541
    },
    "spectral_energyband_high": {
        "dmean": 1.82112967195e-06,
        "dmean2": 3.06541073769e-06,
        "dvar": 2.63225240216e-11,
        "dvar2": 7.2278794061e-11,
        "max": 3.62907121598e-05,
        "mean": 2.21458049054e-06,
        "median": 3.8706141936e-07,
        "min": 7.38988887861e-08,
        "var": 2.37760696548e-11
    },
    "spectral_energyband_low": {
        "dmean": 7.400407776e-05,
        "dmean2": 0.00012389679614,
        "dvar": 7.20805237719e-09,
        "dvar2": 2.21349889529e-08,
        "max": 0.000709257088602,
        "mean": 0.000228084638366,
        "median": 0.000158438298968,
        "min": 3.63498799061e-07,
        "var": 4.13708391989e-08
    },
    "spectral_energyband_middle_high": {
        "dmean": 0.00311530008912,
        "dmean2": 0.00500387419015,
        "dvar": 3.23287968058e-05,
        "dvar2": 8.20491550257e-05,
        "max": 0.0462673418224,
        "mean": 0.0166954137385,
        "median": 0.0125406580046,
        "min": 2.23196366278e-06,
        "var": 0.000160942217917
    },
    "spectral_energyband_middle_low": {
        "dmean": 0.00729849888012,
        "dmean2": 0.0117385601625,
        "dvar": 8.48809431773e-05,
        "dvar2": 0.000215382373426,
        "max": 0.0555116012692,
        "mean": 0.022819114849,
        "median": 0.0224455874413,
        "min": 3.00262149722e-06,
        "var": 0.000175195556949
    },
    "spectral_entropy": {
        "dmean": 0.198631450534,
        "dmean2": 0.29128625989,
        "dvar": 0.0739269331098,
        "dvar2": 0.0901295393705,
        "max": 7.69937515259,
        "mean": 6.09977960587,
        "median": 6.0003862381,
        "min": 4.78437709808,
        "var": 0.295474857092
    },
    "spectral_flux": {
        "dmean": 0.0254956986755,
        "dmean2": 0.0418183617294,
        "dvar": 0.00108729978092,
        "dvar2": 0.00243092258461,
        "max": 0.212541714311,
        "mean": 0.0722901299596,
        "median": 0.0560311749578,
        "min": 0.0018179648323,
        "var": 0.00249615451321
    },
    "spectral_kurtosis": {
        "dmean": 35.1110801697,
        "dmean2": 57.9411697388,
        "dvar": 1392.51171875,
        "dvar2": 4094.69848633,
        "max": 214.612564087,
        "mean": 71.94921875,
        "median": 66.2089233398,
        "min": 5.8310213089,
        "var": 2444.45605469
    },
    "spectral_rms": {
        "dmean": 0.000756950001232,
        "dmean2": 0.00118799577467,
        "dvar": 1.15893010388e-06,
        "dvar2": 2.40237363869e-06,
        "max": 0.00812373682857,
        "mean": 0.0058304858394,
        "median": 0.00682236813009,
        "min": 7.50366598368e-05,
        "var": 4.50617289971e-06
    },
    "spectral_rolloff": {
        "dmean": 101.684570312,
        "dmean2": 168.394485474,
        "dvar": 21875.6210938,
        "dvar2": 64847.9648438,
        "max": 1485.79101562,
        "mean": 1162.08325195,
        "median": 1291.9921875,
        "min": 581.396484375,
        "var": 49888.296875
    },
    "spectral_skewness": {
        "dmean": 1.69852077961,
        "dmean2": 2.81972384453,
        "dvar": 2.61991071701,
        "dvar2": 7.96968603134,
        "max": 11.5456142426,
        "mean": 5.28334760666,
        "median": 4.86727905273,
        "min": 1.6673964262,
        "var": 5.36177492142
    },
    "spectral_spread": {
        "dmean": 446429.25,
        "dmean2": 506814.1875,
        "dvar": 2.41936970547e+12,
        "dvar2": 1.09659992883e+12,
        "max": 20520114,
        "mean": 1283519.625,
        "median": 816394.75,
        "min": 367658.90625,
        "var": 4.8089488425e+12
    },
    "spectral_strongpeak": {
        "dmean": 0.692568480968,
        "dmean2": 1.16736423969,
        "dvar": 0.763792097569,
        "dvar2": 1.67002367973,
        "max": 6.92766666412,
        "mean": 3.22428035736,
        "median": 2.41153764725,
        "min": 0.00278837443329,
        "var": 4.91265678406
    },
    "zerocrossingrate": {
        "dmean": 0.00269097229466,
        "dmean2": 0.00285836542025,
        "dvar": 7.67837173044e-06,
        "dvar2": 7.74485306465e-06,
        "max": 0.05859375,
        "mean": 0.0402268618345,
        "median": 0.0390625,
        "min": 0.00390625,
        "var": 0.000124736208818
    },
    "barkbands": {
        "dmean": [6.03171599778e-07, 3.1958670661e-06, 1.39380572364e-05, 0.000449232786195, 0.0012218079064, 0.0016469998518, 0.00152205803897, 0.00601914525032, 0.000825389812235, 0.000764682132285, 0.00121766573284, 0.000551850534976, 0.00175247108564, 0.000222925009439, 1.9168099243e-05, 2.86022404907e-05, 6.58774006297e-05, 6.56270049149e-06, 3.97546455133e-06, 1.27334976696e-06, 8.01612941359e-07, 2.08058892781e-07, 1.4510692381e-07, 8.55971862279e-08, 5.52521264297e-08, 3.8764383703e-08, 4.57066517967e-09],
        "dmean2": [1.08737401661e-06, 5.64682477489e-06, 2.21249865717e-05, 0.00077467598021, 0.00183977605775, 0.00231089745648, 0.00227545318194, 0.00987120065838, 0.00128569046501, 0.00106195302214, 0.00202811090276, 0.000828917778563, 0.00273623061366, 0.000313441705657, 3.1640574889e-05, 4.49194230896e-05, 0.000119086864288, 1.033711942e-05, 6.06309686191e-06, 2.16328362512e-06, 1.32779746309e-06, 3.4338231103e-07, 2.52225049735e-07, 1.54244986561e-07, 9.75837650685e-08, 6.89291255185e-08, 7.66119345741e-09],
        "dvar": [5.31050333916e-12, 2.858644918e-11, 6.32749963536e-10, 2.16806157027e-07, 5.61791739528e-06, 2.36181367654e-05, 2.82193445855e-06, 6.15576573182e-05, 3.38482072948e-06, 3.16521754939e-06, 1.7426596969e-05, 7.14075440555e-07, 5.37808182344e-06, 2.86135332317e-07, 2.23191332083e-09, 3.46156925346e-09, 8.27872383979e-08, 2.87871559923e-10, 6.31722105182e-11, 7.16491232663e-12, 4.73632895057e-12, 3.94616603934e-13, 2.97032092932e-13, 1.32900512969e-13, 4.3523229454e-14, 2.40252645388e-14, 1.4361471414e-16],
        "dvar2": [9.82866218968e-12, 6.90904555789e-11, 1.67342428803e-09, 6.71949919706e-07, 1.15909742817e-05, 2.42178539338e-05, 6.91840750733e-06, 0.000198156601982, 4.98802637594e-06, 5.20097682966e-06, 4.67501231469e-05, 1.43937722896e-06, 9.78744992608e-06, 4.30317840028e-07, 6.02511551762e-09, 7.80983455684e-09, 2.34967458823e-07, 7.46343209457e-10, 1.42171094342e-10, 1.89091364095e-11, 1.31078819673e-11, 1.09908675043e-12, 8.31886697115e-13, 3.82359752584e-13, 1.23533426327e-13, 6.62432348558e-14, 3.95154792998e-16],
        "max": [2.36789965129e-05, 3.75272575184e-05, 0.000189885933651, 0.003158246167, 0.0242446251214, 0.0416934117675, 0.013628071174, 0.047670353204, 0.0127146560699, 0.0171300768852, 0.0346328020096, 0.00641483115032, 0.0369976833463, 0.00497074937448, 0.000345131062204, 0.00048417589278, 0.00212072837166, 0.000101187659311, 6.21518775006e-05, 1.58881121024e-05, 1.54934259626e-05, 4.51682899438e-06, 3.9805850065e-06, 2.65632434093e-06, 1.39798498822e-06, 1.05325170807e-06, 9.79896057629e-08],
        "mean": [8.8741393256e-07, 4.98873123433e-06, 2.12351478694e-05, 0.000868260045536, 0.00203965371475, 0.00276852375828, 0.00350435846485, 0.0120557192713, 0.00144060770981, 0.00114705483429, 0.00169492862187, 0.0017146122409, 0.0115977879614, 0.000406907231081, 2.58655527432e-05, 7.2796967288e-05, 8.02355643827e-05, 8.23935079097e-06, 7.43419741411e-06, 1.75631589627e-06, 9.48545334722e-07, 2.30502280374e-07, 1.25991917344e-07, 6.78904612528e-08, 4.27476756215e-08, 3.00936982001e-08, 1.21392780272e-08],
        "median": [1.53773839884e-07, 2.06440017791e-06, 9.89414911601e-06, 0.000665113446303, 0.000730986706913, 0.00104992394336, 0.00279513024725, 0.0107337906957, 0.000653082330246, 0.00034593231976, 0.000546651077457, 0.00166172184981, 0.00458089774475, 0.000175356268301, 8.78318769537e-06, 3.97102703573e-05, 2.47987518378e-05, 1.75550701442e-06, 2.66454799203e-06, 4.24721065428e-07, 1.5433840872e-07, 3.01690761262e-08, 5.8414286741e-09, 3.66542685093e-09, 4.51880044494e-09, 2.92591550988e-09, 9.52966416889e-09],
        "min": [1.97351954223e-10, 5.15090512465e-08, 4.08874250013e-08, 4.20171716087e-07, 6.19111688138e-07, 5.58568615361e-07, 1.91449998965e-07, 3.99784681804e-07, 3.90637438841e-07, 2.49700491395e-07, 7.19672812011e-07, 6.29753401427e-07, 3.00430883726e-07, 4.62883598118e-08, 2.82507013338e-08, 7.97555657073e-08, 7.5249801057e-08, 4.86214375428e-08, 7.86943061826e-08, 5.46318368322e-08, 2.93185156153e-08, 4.60457760809e-09, 9.14567921395e-10, 7.0856431833e-10, 9.57923296241e-10, 5.8650578838e-10, 5.66937474744e-09],
        "var": [1.17541055014e-11, 4.98817480377e-11, 1.07257547288e-09, 7.60813463785e-07, 1.18802217912e-05, 4.17553419538e-05, 9.63706497714e-06, 0.000107524407213, 5.74964133193e-06, 5.39169832336e-06, 1.64313023561e-05, 1.71036481333e-06, 0.000152535620145, 6.55881024159e-07, 2.0113217758e-09, 7.23794801871e-09, 5.17832603464e-08, 3.88276660823e-10, 1.63001515063e-10, 1.06286091039e-11, 4.57517921118e-12, 3.33021181161e-13, 2.02204071087e-13, 8.08778499901e-14, 2.740856824e-14, 1.58233665835e-14, 1.17927367988e-16]
    },
    "erbbands": {
        "dmean": [6.820265844e-05, 0.000991328503005, 0.0161850713193, 0.536093294621, 3.66252207756, 3.13307094574, 9.74071407318, 12.8183240891, 11.3835420609, 83.0719909668, 77.1251144409, 20.6851863861, 14.6995210648, 31.9766902924, 43.6464080811, 30.2862815857, 68.6023635864, 12.2092285156, 3.49800372124, 1.09252953529, 1.52903270721, 4.1755657196, 0.738162219524, 0.284702122211, 0.148183688521, 0.0597754195333, 0.045612771064, 0.0236358698457, 0.00913179572672, 0.00536205712706, 0.00406344467774, 0.00217886758037, 0.00135232065804, 0.000740968738683, 0.000337017001584, 0.00016906305973, 7.78321991675e-05, 1.29476229631e-05, 4.71420935355e-06, 1.01720770544e-05],
        "dmean2": [0.000121394798043, 0.00171505997423, 0.0264299586415, 0.920862972736, 5.53785943985, 4.56166505814, 12.1965894699, 19.0402412415, 15.1018514633, 140.898696899, 125.094779968, 30.1929721832, 19.8027515411, 52.5170669556, 69.3636627197, 40.3394851685, 106.632331848, 17.6484527588, 5.74829149246, 1.74236392975, 2.50103878975, 7.64974546432, 1.27100837231, 0.434954822063, 0.240140914917, 0.101660504937, 0.0769626125693, 0.0387040525675, 0.0146102076396, 0.00894444063306, 0.00709429150447, 0.00390793615952, 0.00241020112298, 0.00132263812702, 0.000586840324104, 0.000291073985863, 0.000136892398586, 2.30933237617e-05, 7.65910226619e-06, 1.63157310453e-05],
        "dvar": [2.35253470038e-08, 1.96123824026e-06, 0.000362278486136, 0.335524439812, 40.1012802124, 41.7554244995, 905.831481934, 994.999816895, 416.794311523, 11843.2070312, 9225.609375, 2102.95458984, 698.315673828, 5974.97900391, 13651.2109375, 1082.75463867, 7770.22216797, 799.138000488, 61.7971343994, 9.59302520752, 6.89996862411, 367.444000244, 7.95676183701, 0.39412266016, 0.0926144421101, 0.0156324580312, 0.0108222654089, 0.00551923317835, 0.000751334242523, 0.000370969384676, 0.0002112944494, 7.42562915548e-05, 3.7906003854e-05, 1.13802680062e-05, 1.40864676723e-06, 3.56444843419e-07, 1.07016802531e-07, 3.29662430687e-09, 4.14109684044e-11, 1.52801063469e-10],
        "dvar2": [5.42945741699e-08, 5.23438393429e-06, 0.00100387597922, 0.991329491138, 83.6158981323, 83.5891265869, 1190.65551758, 1205.01416016, 669.296325684, 38688.859375, 26099.7929688, 3296.48022461, 1177.01342773, 14906.8466797, 35326.53125, 2131.52929688, 14345.2285156, 1279.48339844, 124.740325928, 22.048789978, 17.6462249756, 1045.64123535, 22.3336620331, 0.951094448566, 0.228003978729, 0.0404264256358, 0.0299722887576, 0.0155463861302, 0.00211195414886, 0.00105172314215, 0.000580965832341, 0.00021233924781, 0.000109092718048, 3.30237962771e-05, 3.80523852073e-06, 8.80713798779e-07, 3.03832990767e-07, 9.51499501411e-09, 1.06964305469e-10, 3.69840658099e-10],
        "max": [0.0014659492299, 0.00935678184032, 0.153072327375, 4.13574266434, 67.4318389893, 64.3257598877, 253.479568481, 258.161956787, 238.083724976, 618.16204834, 592.400878906, 330.856872559, 259.228912354, 519.167175293, 982.278198242, 577.255187988, 1425.00610352, 289.615142822, 60.4054069519, 26.6883621216, 20.3921871185, 140.905441284, 20.7656021118, 4.83500623703, 2.31750011444, 0.733273863792, 0.643834471703, 0.546183526516, 0.195094719529, 0.13898563385, 0.105874083936, 0.0627145245671, 0.0451569408178, 0.0244004968554, 0.00793620478362, 0.00346496072598, 0.00232129357755, 0.000412007968407, 4.45824116468e-05, 7.82336501288e-05],
        "mean": [0.000124320475152, 0.00199922733009, 0.0388481281698, 1.24933040142, 5.57063341141, 6.14643287659, 15.2235765457, 23.6248073578, 30.5114212036, 195.93270874, 165.500350952, 38.6159248352, 27.3633060455, 47.4783325195, 73.0632400513, 200.345108032, 442.502716064, 41.7135925293, 6.32420063019, 2.02470302582, 4.42793512344, 4.68765449524, 0.787707149982, 0.498955696821, 0.207111731172, 0.0819882526994, 0.0524137690663, 0.0264722406864, 0.00995059683919, 0.00513617834076, 0.00349876028486, 0.00174887641333, 0.00108675286174, 0.000589436735027, 0.000297707156278, 0.000167402424267, 6.84880869812e-05, 1.45373578562e-05, 2.17893611989e-05, 4.62586249341e-05],
        "median": [8.90739174793e-05, 0.00144531787373, 0.0376565717161, 0.897013902664, 2.6716799736, 1.77415025234, 1.7407412529, 13.2577190399, 13.013338089, 205.964553833, 134.633895874, 21.4140796661, 9.80168628693, 23.0883903503, 36.9193000793, 122.145881653, 170.095199585, 33.9741249084, 3.05884933472, 1.08119690418, 2.39722204208, 1.24339032173, 0.21537438035, 0.163308665156, 0.0669646635652, 0.0219177678227, 0.00973846297711, 0.00465442473069, 0.00147404021118, 0.000311848067213, 0.000205346485018, 0.000122098819702, 8.8531174697e-05, 7.61664778111e-05, 6.5479442128e-05, 3.97174808313e-05, 2.07930825127e-05, 7.60774719311e-06, 2.46103572863e-05, 5.5114935094e-05],
        "min": [6.93737547408e-07, 2.19320481847e-05, 7.74046857259e-05, 0.000584840308875, 0.00134753331076, 0.00126160401851, 0.00344268069603, 0.00436714151874, 0.00230448227376, 0.0022439842578, 0.0101503087208, 0.00913353264332, 0.0152772367001, 0.0210004374385, 0.0243469942361, 0.0227560978383, 0.010826503858, 0.0080557204783, 0.00332778668962, 0.00121311703697, 0.0054970420897, 0.00439330469817, 0.00246063387021, 0.00337570300326, 0.00394189497456, 0.00278292805888, 0.0018294545589, 0.000608345202636, 0.000317896774504, 5.82227949053e-05, 3.29310169036e-05, 1.5799942048e-05, 2.03405597858e-05, 1.48737108248e-05, 8.45408794703e-06, 4.36078744315e-06, 3.79695507036e-06, 2.17438696382e-06, 1.08752192318e-06, 1.42707662576e-07],
        "var": [4.40672316415e-08, 3.83861288356e-06, 0.000897542980965, 1.36724638939, 85.3099594116, 95.9880752563, 1652.8482666, 1575.0826416, 1437.44921875, 19857.859375, 19645.3398438, 3089.77099609, 1640.86560059, 6226.93408203, 14270.5976562, 35235.6328125, 219839.734375, 2330.83666992, 105.243499756, 12.6175165176, 22.9264678955, 224.09387207, 5.61224222183, 0.81912869215, 0.167658299208, 0.0232566129416, 0.0118244364858, 0.00443603191525, 0.000630122609437, 0.000260686356341, 0.000149055733345, 4.62973912363e-05, 2.29002234846e-05, 6.70722283758e-06, 9.83070435723e-07, 2.94174014925e-07, 6.52361933362e-08, 1.90533344657e-09, 1.02770625343e-10, 5.20236798085e-10]
    },
    "gfcc": {
        "mean": [-152.408004761, 200.92805481, -167.308578491, -76.806137085, -45.8448867798, -31.5151691437, -27.3599567413, -27.3162078857, -26.0779285431, -9.12940597534, -2.98163080215, -16.3102741241, -20.7215309143],
        "cov": [[5012.52099609, 1053.54492188, -826.642028809, -577.095031738, -105.061775208, -107.925979614, -290.363464355, -264.065155029, 113.483421326, -96.7395401001, 146.720291138, -381.181732178, -396.462097168], [1053.54492188, 1573.59936523, 106.144332886, -675.718811035, 245.768707275, -334.077270508, -7.64557218552, -217.235977173, -36.1956329346, 10.5077161789, 111.217002869, -225.204879761, -74.4628067017], [-826.642028809, 106.144332886, 584.040344238, 105.234222412, -79.9999923706, -0.304644107819, 75.6021575928, 51.6333808899, -57.885887146, 62.82213974, 10.8616046906, 79.5865859985, 112.095443726], [-577.095031738, -675.718811035, 105.234222412, 599.272583008, -40.6991844177, 95.384979248, 70.1061172485, 113.793533325, -27.4601707458, -9.58208942413, -38.2163352966, 98.6369552612, -0.114820688963], [-105.061775208, 245.768707275, -79.9999923706, -40.6991844177, 352.102874756, -34.3457450867, 33.5076446533, -38.6217575073, 6.89610242844, 10.777089119, 30.7247009277, -100.740211487, -188.075469971], [-107.925979614, -334.077270508, -0.304644107819, 95.384979248, -34.3457450867, 186.341537476, -17.961271286, 29.8831481934, 42.8634719849, 10.1919250488, -18.7182025909, 9.77729320526, -50.9117965698], [-290.363464355, -7.64557218552, 75.6021575928, 70.1061172485, 33.5076446533, -17.961271286, 72.6657409668, 28.0952911377, -25.7325744629, 8.753947258, -5.3880572319, 11.7092952728, 11.0660333633], [-264.065155029, -217.235977173, 51.6333808899, 113.793533325, -38.6217575073, 29.8831481934, 28.0952911377, 77.2201080322, -13.9232053757, -2.69571375847, -20.2673683167, 60.5883636475, 38.8916625977], [113.483421326, -36.1956329346, -57.885887146, -27.4601707458, 6.89610242844, 42.8634719849, -25.7325744629, -13.9232053757, 45.3699302673, 3.7311797142, 6.41020965576, -24.9681186676, -51.9470825195], [-96.7395401001, 10.5077161789, 62.82213974, -9.58208942413, 10.777089119, 10.1919250488, 8.753947258, -2.69571375847, 3.7311797142, 38.8362693787, 11.7161474228, -9.00385570526, -11.2068300247], [146.720291138, 111.217002869, 10.8616046906, -38.2163352966, 30.7247009277, -18.7182025909, -5.3880572319, -20.2673683167, 6.41020965576, 11.7161474228, 50.9001312256, -23.1559429169, -46.1815338135], [-381.181732178, -225.204879761, 79.5865859985, 98.6369552612, -100.740211487, 9.77729320526, 11.7092952728, 60.5883636475, -24.9681186676, -9.00385570526, -23.1559429169, 109.290908813, 118.808418274], [-396.462097168, -74.4628067017, 112.095443726, -0.114820688963, -188.075469971, -50.9117965698, 11.0660333633, 38.8916625977, -51.9470825195, -11.2068300247, -46.1815338135, 118.808418274, 258.333374023]],
        "icov": [[0.00151613075286, -0.00380944018252, 0.00373801426031, -0.00236390111968, 0.00436613010243, -0.0026516681537, 0.00381970638409, -0.00360023742542, 0.00325114978477, -0.00284886267036, -0.000184464777703, -0.000487273238832, 0.00336149474606], [-0.00380944018252, 0.0177304316312, -0.0147592173889, 0.0117691038176, -0.0132970008999, 0.0143449380994, -0.010389296338, 0.0136310504749, -0.00652054464445, 0.0179190337658, -0.00470410520211, 0.0138089796528, -0.010512390174], [0.00373801426031, -0.0147592173889, 0.0158432722092, -0.00972918979824, 0.0127941817045, -0.0123570598662, 0.00796170346439, -0.0113568818197, 0.00996441300958, -0.0188347399235, 0.00140520790592, -0.0108602959663, 0.00928397849202], [-0.00236390111968, 0.0117691038176, -0.00972918979824, 0.0109986579046, -0.00766257196665, 0.00878448598087, -0.0088166827336, 0.00824247952551, -0.00163929059636, 0.0127392569557, -0.00157873041462, 0.00575625896454, -0.00342608336359], [0.00436613010243, -0.0132970008999, 0.0127941817045, -0.00766257196665, 0.0198200773448, -0.00817811861634, 0.00744708906859, -0.00977091025561, 0.0123337376863, -0.0127906920388, 0.00360915181227, -0.00696752453223, 0.0170576646924], [-0.0026516681537, 0.0143449380994, -0.0123570598662, 0.00878448598087, -0.00817811861634, 0.0227610655129, -0.00532103283331, 0.00815313775092, -0.0127030350268, 0.0117121981457, 0.00194710690994, 0.00991264171898, -0.00329365045764], [0.00381970638409, -0.010389296338, 0.00796170346439, -0.0088166827336, 0.00744708906859, -0.00532103283331, 0.0366992466152, -0.0207793880254, 0.0156036047265, -0.0119588142261, 0.000906476168893, 0.00589382927865, 0.00540843093768], [-0.00360023742542, 0.0136310504749, -0.0113568818197, 0.00824247952551, -0.00977091025561, 0.00815313775092, -0.0207793880254, 0.0476946718991, -0.00402992218733, 0.0113317938522, 0.0050467280671, -0.0158814452589, -0.000574226025492], [0.00325114978477, -0.00652054464445, 0.00996441300958, -0.00163929059636, 0.0123337376863, -0.0127030350268, 0.0156036047265, -0.00402992218733, 0.0577356889844, -0.0113134095445, -0.000517876353115, -0.000594058772549, 0.0164993852377], [-0.00284886267036, 0.0179190337658, -0.0188347399235, 0.0127392569557, -0.0127906920388, 0.0117121981457, -0.0119588142261, 0.0113317938522, -0.0113134095445, 0.0588696338236, -0.0147205293179, 0.0244582369924, -0.0128273526207], [-0.000184464777703, -0.00470410520211, 0.00140520790592, -0.00157873041462, 0.00360915181227, 0.00194710690994, 0.000906476168893, 0.0050467280671, -0.000517876353115, -0.0147205293179, 0.0377715937793, -0.0189954731613, 0.0147089157254], [-0.000487273238832, 0.0138089796528, -0.0108602959663, 0.00575625896454, -0.00696752453223, 0.00991264171898, 0.00589382927865, -0.0158814452589, -0.000594058772549, 0.0244582369924, -0.0189954731613, 0.0648561939597, -0.025314796716], [0.00336149474606, -0.010512390174, 0.00928397849202, -0.00342608336359, 0.0170576646924, -0.00329365045764, 0.00540843093768, -0.000574226025492, 0.0164993852377, -0.0128273526207, 0.0147089157254, -0.025314796716, 0.0306270755827]]
    },
    "melbands": {
        "dmean": [6.98395410836e-07, 4.1201797103e-06, 0.000197713859961, 0.000264295522356, 0.000285990245175, 0.000283605389996, 0.000192976425751, 0.00112463859841, 0.000523179129232, 0.000123972771689, 8.04179508123e-05, 0.00013283129374, 0.000174795291969, 6.59889847157e-05, 0.000203083996894, 8.29189884826e-05, 2.12095328607e-05, 7.47735793993e-06, 9.66715219874e-07, 1.87139823993e-06, 1.65996732449e-06, 4.49720118922e-06, 1.93456435227e-06, 2.73040484444e-07, 2.29314821354e-07, 1.49959362261e-07, 6.13019111029e-08, 3.59826657359e-08, 3.23778124312e-08, 1.91932922888e-08, 1.14063203327e-08, 5.05720354482e-09, 3.61704399765e-09, 2.78992873248e-09, 2.40718378564e-09, 2.01757077711e-09, 1.03804587148e-09, 9.90957760294e-10, 7.44860229052e-10, 5.65978652833e-10],
        "dmean2": [1.24007601698e-06, 6.48053901386e-06, 0.00032744865166, 0.000376189738745, 0.000367222528439, 0.000418985990109, 0.000264929636614, 0.00190626131371, 0.000867833558004, 0.000178709829925, 0.000104835751699, 0.000212573751924, 0.000284767244011, 9.68645763351e-05, 0.000306411297061, 0.000127514169435, 3.03734013869e-05, 1.24015759866e-05, 1.53381358814e-06, 3.07957679979e-06, 2.69709175882e-06, 8.07796641311e-06, 3.46851675204e-06, 4.19972394639e-07, 3.47307462789e-07, 2.52174828574e-07, 9.63414947819e-08, 5.95824687366e-08, 5.58400223838e-08, 3.12531547308e-08, 1.8707009275e-08, 8.21459966716e-09, 6.09108763427e-09, 4.63213334356e-09, 4.20223900122e-09, 3.61093088763e-09, 1.87171811383e-09, 1.78536574413e-09, 1.29629673662e-09, 1.02343666875e-09],
        "dvar": [1.97667446647e-12, 4.51029734394e-11, 4.60308200445e-08, 3.66739925539e-07, 6.92852097472e-07, 5.85129214414e-07, 8.45349319434e-08, 2.25648682317e-06, 4.18317853246e-07, 6.59654517676e-08, 2.59675765335e-08, 9.49328580191e-08, 3.27060064365e-07, 1.06076196715e-08, 8.25398274173e-08, 7.60611396089e-09, 2.52167264847e-09, 3.43829353877e-10, 5.0463131937e-12, 2.28880438907e-11, 5.71802674654e-12, 3.77137016061e-10, 7.92402740646e-11, 4.01156050652e-13, 2.4476192015e-13, 8.59621957492e-14, 1.55109706681e-14, 5.46742191519e-15, 5.12784640664e-15, 3.04884575397e-15, 1.24837992167e-15, 2.17721745809e-16, 1.27635887576e-16, 1.12764569826e-16, 7.27758399833e-17, 5.97403073276e-17, 1.66062165885e-17, 2.005568382e-17, 1.08611999074e-17, 6.94043245985e-18],
        "dvar2": [4.3168563342e-12, 1.22238857925e-10, 1.25903582671e-07, 7.26787618532e-07, 9.43994280078e-07, 6.37368259504e-07, 1.42469119169e-07, 7.31220734451e-06, 1.12507495942e-06, 1.12044411082e-07, 4.40640768318e-08, 2.1979762721e-07, 8.61997989432e-07, 2.04812664606e-08, 1.46261541545e-07, 1.46832928039e-08, 3.92400600902e-09, 6.38669062081e-10, 1.30698672371e-11, 5.06027442171e-11, 1.39368083046e-11, 1.07952224937e-09, 2.21240789577e-10, 9.65877768391e-13, 5.75013018971e-13, 2.28611590379e-13, 3.83363622152e-14, 1.42668605337e-14, 1.45556835221e-14, 8.34722593915e-15, 3.54277078255e-15, 6.08555426697e-16, 3.58162190744e-16, 3.22817173451e-16, 2.00389876756e-16, 1.67014144891e-16, 4.80143901786e-17, 5.7573292646e-17, 3.12388960408e-17, 2.02172967137e-17],
        "max": [1.25300084619e-05, 5.70228148717e-05, 0.00140905973967, 0.0065862997435, 0.00691399956122, 0.00611174339429, 0.00316144782118, 0.00858166348189, 0.00379697140306, 0.00179451401345, 0.00162810448091, 0.0019091743743, 0.00480160256848, 0.000794545107055, 0.00467769289389, 0.00136865710374, 0.000496707041748, 0.00015613459982, 1.78912359843e-05, 3.96964060201e-05, 2.64672016783e-05, 0.000141702563269, 6.66314226692e-05, 4.81153074361e-06, 4.12178087572e-06, 2.22120365834e-06, 8.44793703436e-07, 4.20430382064e-07, 3.94097042999e-07, 3.97014929376e-07, 2.58102261341e-07, 1.04224845643e-07, 8.01258508432e-08, 7.65056356045e-08, 6.18653359652e-08, 5.71825786722e-08, 2.91402617592e-08, 3.28257208082e-08, 2.42806628137e-08, 1.8942136748e-08],
        "mean": [1.13856344797e-06, 6.72392297929e-06, 0.000366385735106, 0.000436945876572, 0.000479420472402, 0.000535974279046, 0.000490298611112, 0.002543350216, 0.00108565005939, 0.000197071931325, 0.000139743744512, 0.000192625855561, 0.000257510371739, 0.000183261334314, 0.00146150181536, 0.000451189465821, 4.66250639874e-05, 1.09926231744e-05, 1.54072620262e-06, 3.63691515304e-06, 5.31392879566e-06, 5.41409553989e-06, 1.56574083121e-06, 3.4808044802e-07, 4.2480937168e-07, 1.96238460148e-07, 8.56723900711e-08, 4.57496973638e-08, 3.4969204421e-08, 2.3308549757e-08, 1.22687557891e-08, 5.68859714889e-09, 3.38319128268e-09, 2.58840260337e-09, 2.05427141964e-09, 1.54102175465e-09, 8.39326053104e-10, 7.69705021941e-10, 5.79189696204e-10, 4.2203360251e-10],
        "median": [5.03548108099e-07, 3.02325111079e-06, 0.000283419387415, 0.000216572370846, 7.14161869837e-05, 0.000269596668659, 0.000231753889238, 0.00266385101713, 0.000839471351355, 7.49363171053e-05, 3.62473801943e-05, 8.45926479087e-05, 7.89896585047e-05, 0.000168676109752, 0.000647000444587, 0.00026490908931, 2.15027102968e-05, 1.80609390554e-06, 6.87911665409e-07, 1.63275296927e-06, 2.79834353023e-06, 1.65348137671e-06, 2.2534985078e-07, 8.23932779781e-08, 1.25233100334e-07, 5.74141800769e-08, 1.55738710816e-08, 1.2027759233e-08, 6.93344270886e-09, 3.28891891499e-09, 2.39669528668e-09, 9.08524422361e-10, 2.04194688935e-10, 1.21853305224e-10, 9.62939936122e-11, 7.2247208216e-11, 5.12414832787e-11, 3.81367958047e-11, 3.43719011586e-11, 3.81513154402e-11],
        "min": [1.58918709303e-08, 4.43721646093e-08, 1.79162540803e-07, 1.40578336527e-07, 1.0316661303e-07, 1.03984987732e-07, 3.18255324316e-08, 3.68849981669e-08, 7.46730535184e-08, 6.06225398769e-08, 7.42036547763e-08, 7.78844650995e-08, 8.81572361777e-08, 8.01481689905e-08, 2.10798631883e-08, 3.48230564384e-08, 1.14494493886e-08, 5.14657694239e-09, 1.61458513226e-09, 2.36322317271e-09, 7.55906448546e-09, 4.95822582991e-09, 2.47682430121e-09, 2.39358088905e-09, 2.65502642094e-09, 3.10827852346e-09, 2.30770336174e-09, 1.63850166768e-09, 1.52710966095e-09, 4.10005501772e-10, 3.11594000602e-10, 1.50666007448e-10, 3.59681624762e-11, 1.89006796325e-11, 1.43830702556e-11, 1.33717186629e-11, 7.39198285915e-12, 5.399419193e-12, 5.3853258658e-12, 8.01015330454e-12],
        "var": [3.79311295914e-12, 9.31573776453e-11, 1.28225337903e-07, 7.48099580505e-07, 1.30406817789e-06, 9.78896537163e-07, 3.26814614482e-07, 3.74425962946e-06, 8.28602310321e-07, 9.96795392894e-08, 5.52748353755e-08, 1.11352058241e-07, 3.28927825421e-07, 2.10358521713e-08, 2.54314090853e-06, 1.78155246999e-07, 7.20249548891e-09, 6.49264142449e-10, 5.85200768052e-12, 3.40267571064e-11, 3.44973806465e-11, 2.32395477862e-10, 5.06736735906e-11, 6.88811258465e-13, 5.70452430952e-13, 1.44808725558e-13, 2.90707568966e-14, 7.35701393063e-15, 5.38175639104e-15, 2.95503452572e-15, 9.6482007835e-16, 1.91711216883e-16, 9.77674478304e-17, 7.5876854073e-17, 5.16281338254e-17, 3.92144854803e-17, 1.01018092275e-17, 1.21196931708e-17, 6.72106085268e-18, 4.01705457953e-18]
    },
    "mfcc": {
        "mean": [-783.841064453, 238.773269653, -47.8375320435, -47.2068977356, -23.7552108765, -21.0720806122, -9.46389484406, -17.3706912994, -26.3015613556, -20.744310379, -2.63554811478, 12.0542087555, -1.3856844902],
        "cov": [[4285.15576172, 1545.3762207, -1223.42260742, -143.151992798, -273.847229004, -164.634109497, -219.382904053, -346.605041504, -235.948638916, -96.8232955933, 76.5944900513, 181.878265381, -7.60522174835], [1545.3762207, 1636.61279297, -110.544799805, -392.211212158, -55.9842720032, -152.815429688, -91.6978912354, -239.328781128, -221.701721191, -59.8633346558, 31.1597919464, 63.6086921692, 7.94386005402], [-1223.42260742, -110.544799805, 761.615539551, 74.8519668579, -5.98368883133, 18.8641700745, 75.8793334961, 94.1216659546, 42.1795349121, 47.9855041504, -42.5084686279, -111.307029724, -9.39622783661], [-143.151992798, -392.211212158, 74.8519668579, 421.712585449, 13.3859949112, 11.7171278, 94.7608413696, 73.3843460083, 37.4983978271, -4.23747205734, 5.46390771866, 12.5764598846, 2.10352706909], [-273.847229004, -55.9842720032, -5.98368883133, 13.3859949112, 147.65032959, 38.8320770264, 25.8360424042, 26.8381023407, -24.7143211365, -19.6438484192, 41.5458183289, 71.3436508179, 46.1456489563], [-164.634109497, -152.815429688, 18.8641700745, 11.7171278, 38.8320770264, 101.258026123, 15.2907619476, 2.64636397362, 13.5672607422, 30.6895675659, 31.2202091217, 13.3428926468, 24.371088028], [-219.382904053, -91.6978912354, 75.8793334961, 94.7608413696, 25.8360424042, 15.2907619476, 79.0925598145, 36.2616386414, 10.5079545975, 10.2745609283, 3.28069400787, 6.23807621002, 17.578371048], [-346.605041504, -239.328781128, 94.1216659546, 73.3843460083, 26.8381023407, 2.64636397362, 36.2616386414, 96.7665710449, 43.0452308655, -9.79531288147, -11.32188797, -2.6171734333, 11.9338378906], [-235.948638916, -221.701721191, 42.1795349121, 37.4983978271, -24.7143211365, 13.5672607422, 10.5079545975, 43.0452308655, 80.6697463989, 27.2558193207, -35.909198761, -65.3539047241, -41.3811912537], [-96.8232955933, -59.8633346558, 47.9855041504, -4.23747205734, -19.6438484192, 30.6895675659, 10.2745609283, -9.79531288147, 27.2558193207, 49.9124298096, -2.84823608398, -36.8700790405, -13.826166153], [76.5944900513, 31.1597919464, -42.5084686279, 5.46390771866, 41.5458183289, 31.2202091217, 3.28069400787, -11.32188797, -35.909198761, -2.84823608398, 65.9271697998, 79.430305481, 47.4615058899], [181.878265381, 63.6086921692, -111.307029724, 12.5764598846, 71.3436508179, 13.3428926468, 6.23807621002, -2.6171734333, -65.3539047241, -36.8700790405, 79.430305481, 151.134017944, 86.4549942017], [-7.60522174835, 7.94386005402, -9.39622783661, 2.10352706909, 46.1456489563, 24.371088028, 17.578371048, 11.9338378906, -41.3811912537, -13.826166153, 47.4615058899, 86.4549942017, 79.1196975708]],
