{
"lowlevel": {
    "average_loudness": 0.971682965755,
    "barkbands_crest": {
        "dmean": 3.42548656464,
        "dmean2": 5.95455932617,
        "dvar": 7.03601264954,
        "dvar2": 22.4441947937,
        "max": 21.6447200775,
        "mean": 13.5800418854,
        "median": 13.0645618439,
        "min": 6.41742610931,
        "var": 13.3419542313
    },
    "barkbands_flatness_db": {
        "dmean": 0.0249425563961,
        "dmean2": 0.0421368852258,
        "dvar": 0.000578090781346,
        "dvar2": 0.0014064766001,
        "max": 0.38754850626,
        "mean": 0.239764288068,
        "median": 0.241759106517,
        "min": 0.0922750532627,
        "var": 0.00196326873265
    },
    "barkbands_kurtosis": {
        "dmean": 5.48670053482,
        "dmean2": 9.11783695221,
        "dvar": 28.4592590332,
        "dvar2": 72.1504364014,
        "max": 51.2882385254,
        "mean": 14.3976430893,
        "median": 12.6194648743,
        "min": -0.819472074509,
        "var": 76.5840454102
    },
    "barkbands_skewness": {
        "dmean": 0.627432882786,
        "dmean2": 1.03765881062,
        "dvar": 0.282653689384,
        "dvar2": 0.656431376934,
        "max": 5.32459259033,
        "mean": 2.47260308266,
        "median": 2.25637459755,
        "min": 0.553248882294,
        "var": 1.24524307251
    },
    "barkbands_spread": {
        "dmean": 1.59530723095,
        "dmean2": 2.25059151649,
        "dvar": 8.9406375885,
        "dvar2": 13.0821962357,
        "max": 44.2127075195,
        "mean": 4.63792848587,
        "median": 3.66727089882,
        "min": 1.46443963051,
        "var": 22.5296421051
    },
    "dissonance": {
        "dmean": 0.029312517494,
        "dmean2": 0.0508092530072,
        "dvar": 0.00125059601851,
        "dvar2": 0.00355651462451,
        "max": 0.49802339077,
        "mean": 0.423079192638,
        "median": 0.427191734314,
        "min": 0.266828536987,
        "var": 0.00175515294541
    },
    "dynamic_complexity": 2.74110770226,
    "erbbands_crest": {
        "dmean": 2.61296224594,
        "dmean2": 4.51927804947,
        "dvar": 5.75007867813,
        "dvar2": 16.7844200134,
        "max": 22.1960220337,
        "mean": 12.2309055328,
        "median": 11.4318370819,
        "min": 4.29945230484,
        "var": 19.1959381104
    },
    "erbbands_flatness_db": {
        "dmean": 0.0206252615899,
        "dmean2": 0.0348389111459,
        "dvar": 0.000510405632667,
        "dvar2": 0.00132769555785,
        "max": 0.374508082867,
        "mean": 0.258277386427,
        "median": 0.255542546511,
        "min": 0.124886751175,
        "var": 0.00227569439448
    },
    "erbbands_kurtosis": {
        "dmean": 2.7136156559,
        "dmean2": 4.65494155884,
        "dvar": 8.32644271851,
        "dvar2": 28.7545528412,
        "max": 21.1702461243,
        "mean": 6.30708122253,
        "median": 5.48159694672,
        "min": -1.63181567192,
        "var": 18.1303119659
    },
    "erbbands_skewness": {
        "dmean": 0.456339359283,
        "dmean2": 0.743596255779,
        "dvar": 0.168673500419,
        "dvar2": 0.407749056816,
        "max": 3.50958609581,
        "mean": 1.85931158066,
        "median": 1.91910099983,
        "min": -1.12981820107,
        "var": 0.427910655737
    },
    "erbbands_spread": {
        "dmean": 3.9207239151,
        "dmean2": 6.35113286972,
        "dvar": 31.915397644,
        "dvar2": 66.6547241211,
        "max": 82.4148635864,
        "mean": 15.827334404,
        "median": 12.7539148331,
        "min": 4.09107351303,
        "var": 167.031692505
    },
    "hfc": {
        "dmean": 5.04132318497,
        "dmean2": 8.8920173645,
        "dvar": 57.2167930603,
        "dvar2": 160.987258911,
        "max": 50.6369094849,
        "mean": 11.5335836411,
        "median": 7.98688697815,
        "min": 0.155648395419,
        "var": 96.2426223755
    },
    "melbands_crest": {
        "dmean": 3.14461159706,
        "dmean2": 5.59785032272,
        "dvar": 6.28649902344,
        "dvar2": 19.7951107025,
        "max": 21.3803710938,
        "mean": 13.1459217072,
        "median": 13.0414657593,
        "min": 7.3334312439,
        "var": 9.3699131012
    },
    "melbands_flatness_db": {
        "dmean": 0.0275247730315,
        "dmean2": 0.045329913497,
        "dvar": 0.00066943600541,
        "dvar2": 0.00157058855984,
        "max": 0.495868057013,
        "mean": 0.325394302607,
        "median": 0.327963083982,
        "min": 0.121503598988,
        "var": 0.00248725619167
    },
    "melbands_kurtosis": {
        "dmean": 6.42010211945,
        "dmean2": 10.2362127304,
        "dvar": 57.622379303,
        "dvar2": 142.8828125,
        "max": 70.6211700439,
        "mean": 15.4705238342,
        "median": 11.2960767746,
        "min": 0.145908594131,
        "var": 155.664993286
    },
    "melbands_skewness": {
        "dmean": 0.665481746197,
        "dmean2": 1.1131862402,
        "dvar": 0.304849356413,
        "dvar2": 0.760798096657,
        "max": 6.63956212997,
        "mean": 2.18765568733,
        "median": 1.95431280136,
        "min": 0.100084267557,
        "var": 1.92460286617
    },
    "melbands_spread": {
        "dmean": 1.79090929031,
        "dmean2": 2.73663425446,
        "dvar": 9.03208732605,
        "dvar2": 17.8892459869,
        "max": 38.3088188171,
        "mean": 5.57578420639,
        "median": 5.07654476166,
        "min": 1.78809463978,
        "var": 15.0621623993
    },
    "pitch_salience": {
        "dmean": 0.0643736645579,
        "dmean2": 0.108943045139,
        "dvar": 0.0027644878719,
        "dvar2": 0.00776527402923,
        "max": 0.838884592056,
        "mean": 0.616136908531,
        "median": 0.626731276512,
        "min": 0.354649037123,
        "var": 0.010175508447
    },
    "silence_rate_20dB": {
        "dmean": 0,
        "dmean2": 0,
        "dvar": 0,
        "dvar2": 0,
        "max": 1,
        "mean": 1,
        "median": 1,
        "min": 1,
        "var": 0
    },
    "silence_rate_30dB": {
        "dmean": 0.0111111113802,
        "dmean2": 0.0223463680595,
        "dvar": 0.0109876580536,
        "dvar2": 0.0218469984829,
        "max": 1,
        "mean": 0.983425438404,
        "median": 1,
        "min": 0,
        "var": 0.0162998624146
    },
    "silence_rate_60dB": {
        "dmean": 0.0111111113802,
        "dmean2": 0.0223463680595,
        "dvar": 0.0109876859933,
        "dvar2": 0.0330201089382,
        "max": 1,
        "mean": 0.00552486209199,
        "median": 0,
        "min": 0,
        "var": 0.00549433287233
    },
    "spectral_centroid": {
        "dmean": 85.3162689209,
        "dmean2": 126.124534607,
        "dvar": 16383.2509766,
        "dvar2": 26791.8847656,
        "max": 2049.74926758,
        "mean": 546.250427246,
        "median": 535.619506836,
        "min": 301.32043457,
        "var": 39469.7617188
    },
    "spectral_complexity": {
        "dmean": 1.41111111641,
        "dmean2": 2.0782122612,
        "dvar": 2.4532084465,
        "dvar2": 5.100025177,
        "max": 25,
        "mean": 9.48618793488,
        "median": 9,
        "min": 0,
        "var": 8.85754299164
    },
    "spectral_decrease": {
        "dmean": 3.05521430377e-09,
        "dmean2": 5.37955902047e-09,
        "dvar": 2.26861214766e-17,
        "dvar2": 6.25902489403e-17,
        "max": -6.32776331333e-11,
        "mean": -6.59283161397e-09,
        "median": -4.70758276805e-09,
        "min": -4.2039015824e-08,
        "var": 3.3500986862e-17
    },
    "spectral_energy": {
        "dmean": 0.0119713395834,
        "dmean2": 0.0210952274501,
        "dvar": 0.000346445624018,
        "dvar2": 0.000956271775067,
        "max": 0.163257092237,
        "mean": 0.0259289480746,
        "median": 0.0184718165547,
        "min": 0.000252942118095,
        "var": 0.000513549661264
    },
    "spectral_energyband_high": {
        "dmean": 2.5000936148e-05,
        "dmean2": 3.1448314985e-05,
        "dvar": 1.20986749508e-08,
        "dvar2": 1.98145606589e-08,
        "max": 0.00153645814862,
        "mean": 4.35270885646e-05,
        "median": 1.98294637812e-05,
        "min": 1.84213297416e-06,
        "var": 2.04472705434e-08
    },
    "spectral_energyband_low": {
        "dmean": 0.000476890098071,
        "dmean2": 0.000783413299359,
        "dvar": 8.59428439526e-07,
        "dvar2": 2.45561363954e-06,
        "max": 0.00745583605021,
        "mean": 0.000633954827208,
        "median": 0.000177857233211,
        "min": 1.03344464151e-05,
        "var": 1.13955070447e-06
    },
    "spectral_energyband_middle_high": {
        "dmean": 0.000659415672999,
        "dmean2": 0.0011183131719,
        "dvar": 2.42823807639e-06,
        "dvar2": 6.71814041198e-06,
        "max": 0.0132026961073,
        "mean": 0.00126597331837,
        "median": 0.000698521500453,
        "min": 2.62455178017e-05,
        "var": 2.27858049584e-06
    },
    "spectral_energyband_middle_low": {
        "dmean": 0.0115583501756,
        "dmean2": 0.0204467941076,
        "dvar": 0.00031276725349,
        "dvar2": 0.000861194974277,
        "max": 0.159401521087,
        "mean": 0.0244846194983,
        "median": 0.0174667891115,
        "min": 0.000217504129978,
        "var": 0.000470756262075
    },
    "spectral_entropy": {
        "dmean": 0.213496416807,
        "dmean2": 0.353293955326,
        "dvar": 0.0389102771878,
        "dvar2": 0.0897315964103,
        "max": 8.04352283478,
        "mean": 6.64552927017,
        "median": 6.62939405441,
        "min": 5.46932601929,
        "var": 0.159124493599
    },
    "spectral_flux": {
        "dmean": 0.0297840461135,
        "dmean2": 0.0466088615358,
        "dvar": 0.0012052685488,
        "dvar2": 0.00230870908126,
        "max": 0.261499971151,
        "mean": 0.0732231959701,
        "median": 0.059862550348,
        "min": 0.0116428984329,
        "var": 0.00221899314784
    },
    "spectral_kurtosis": {
        "dmean": 4.64094161987,
        "dmean2": 7.83363056183,
        "dvar": 21.4948196411,
        "dvar2": 53.7909355164,
        "max": 43.1743469238,
        "mean": 14.0240039825,
        "median": 11.4161195755,
        "min": 1.23235988617,
        "var": 68.5049285889
    },
    "spectral_rms": {
        "dmean": 0.0010551714804,
        "dmean2": 0.00181178329512,
        "dvar": 1.75627292265e-06,
        "dvar2": 4.65336825073e-06,
        "max": 0.0126204285771,
        "mean": 0.00461796345189,
        "median": 0.00424514850602,
        "min": 0.000496762339026,
        "var": 3.97094390792e-06
    },
    "spectral_rolloff": {
        "dmean": 112.092285156,
        "dmean2": 188.746337891,
        "dvar": 121374.15625,
        "dvar2": 282585.15625,
        "max": 4220.5078125,
        "mean": 579.849182129,
        "median": 559.86328125,
        "min": 279.931640625,
        "var": 111636.460938
    },
    "spectral_skewness": {
        "dmean": 0.410698533058,
        "dmean2": 0.681863546371,
        "dvar": 0.169416189194,
        "dvar2": 0.408937066793,
        "max": 4.97525262833,
        "mean": 2.50463485718,
        "median": 2.38109254837,
        "min": 0.86253964901,
        "var": 0.651218533516
    },
    "spectral_spread": {
        "dmean": 379306.5625,
        "dmean2": 587587.75,
        "dvar": 820980940800,
        "dvar2": 784272195584,
        "max": 15605576,
        "mean": 2720669,
        "median": 2640639.5,
        "min": 886553,
        "var": 1.34412553421e+12
    },
    "spectral_strongpeak": {
        "dmean": 0.530296087265,
        "dmean2": 0.883741140366,
        "dvar": 0.391519278288,
        "dvar2": 1.16709673405,
        "max": 4.63067388535,
        "mean": 1.47209429741,
        "median": 0.88067471981,
        "min": 0.0205628853291,
        "var": 1.61423909664
    },
    "zerocrossingrate": {
        "dmean": 0.00376790366136,
        "dmean2": 0.00480097765103,
        "dvar": 4.71757884952e-05,
        "dvar2": 6.89082953613e-05,
        "max": 0.1201171875,
        "mean": 0.026038069278,
        "median": 0.02490234375,
        "min": 0.00634765625,
        "var": 0.000123713878565
    },
    "barkbands": {
        "dmean": [1.32947207021e-06, 5.29423814442e-05, 7.13263943908e-05, 0.00105954310857, 0.00647341785952, 0.00262214872055, 0.000637602875941, 0.00444777868688, 0.000791656668298, 0.00027510614018, 0.000280297565041, 5.41876215721e-05, 5.11040343554e-05, 6.78452715874e-06, 4.98767076351e-06, 7.71460909164e-05, 1.89022321138e-05, 1.37902034112e-05, 1.34101228468e-05, 1.42167027661e-05, 6.81616575093e-06, 9.35588377615e-06, 2.91331025437e-06, 1.57938211487e-06, 5.2323679256e-07, 3.01997715724e-07, 2.27548312637e-07],
        "dmean2": [2.38763777816e-06, 7.31561885914e-05, 0.000121920209494, 0.00165293354075, 0.0111358109862, 0.00459043262526, 0.000939740217291, 0.0081390645355, 0.00152244279161, 0.00046556367306, 0.000495735264849, 9.0240566351e-05, 9.38199809752e-05, 1.03539578049e-05, 7.85575139162e-06, 0.0001209682232, 2.96605376207e-05, 2.38620923483e-05, 2.25177482207e-05, 2.03414110729e-05, 9.80318873189e-06, 1.19156893561e-05, 3.86122292184e-06, 2.57643705481e-06, 6.39134555058e-07, 4.06192640412e-07, 3.81553775242e-07],
        "dvar": [2.10835689185e-12, 4.11562606217e-09, 1.65077675973e-08, 3.83577162211e-06, 0.000116439528938, 1.37711995194e-05, 2.76353421214e-06, 5.44537724636e-05, 5.53019799554e-06, 2.51754045166e-07, 9.06859213501e-07, 1.66927911494e-08, 2.03617922523e-08, 1.19744519855e-10, 3.01658364954e-10, 2.92055432283e-07, 2.96103430664e-09, 7.55725593216e-10, 6.50387410595e-10, 2.50967913118e-09, 5.35327948636e-10, 3.05883407492e-09, 3.40473566007e-10, 1.39595834892e-10, 9.62387027709e-12, 2.17941550223e-12, 4.13572306826e-14],
        "dvar2": [5.39978999015e-12, 7.20206516647e-09, 3.68437689247e-08, 1.04064356492e-05, 0.000321051542414, 3.781880514e-05, 7.1597146416e-06, 0.000180760092917, 1.66798436112e-05, 7.05643742549e-07, 2.67379778052e-06, 4.22828776436e-08, 5.84015751315e-08, 1.95021845895e-10, 6.17149720217e-10, 7.08709308128e-07, 5.03511898842e-09, 1.62552049598e-09, 1.61018354206e-09, 5.63480373472e-09, 9.58912282911e-10, 5.74357095218e-09, 6.0581456518e-10, 3.70041441933e-10, 1.70262345889e-11, 4.24716945641e-12, 1.02601080572e-13],
        "max": [1.02670464912e-05, 0.000649233697914, 0.00108433747664, 0.0133118107915, 0.0993902683258, 0.0245320051908, 0.0198555681854, 0.0466618724167, 0.0191512424499, 0.00325970677659, 0.00894796289504, 0.00125895941164, 0.00126326456666, 0.000117713803775, 0.000228837656323, 0.00627864385024, 0.000731072970666, 0.000269044889137, 0.000273730809567, 0.000532820471562, 0.000268561852863, 0.000764427299146, 0.00024731841404, 0.000137629758683, 4.26188998972e-05, 1.97856898012e-05, 2.77512344837e-06],
        "mean": [1.86056911389e-06, 0.000101465971966, 9.36546348385e-05, 0.00149798707571, 0.00775625742972, 0.00429067341611, 0.00119386706501, 0.0086955614388, 0.000966318475548, 0.000427453342127, 0.000390154309571, 0.000151036321768, 9.70969631453e-05, 2.0832507289e-05, 6.55296071272e-06, 6.74264374538e-05, 4.225208977e-05, 3.49594374711e-05, 3.40636070177e-05, 2.57871724898e-05, 1.41034424814e-05, 1.09945258373e-05, 3.3334301861e-06, 1.38460632115e-06, 7.22426932498e-07, 5.42583450169e-07, 1.70289081325e-06],
        "median": [1.0491418152e-06, 5.90654126427e-05, 2.54361839325e-05, 0.000271008437267, 0.00406979955733, 0.00253621768206, 0.000571749405935, 0.00309929740615, 0.000289364514174, 0.000176375586307, 0.000172999672941, 4.98302651977e-05, 3.30660041072e-05, 1.18229500004e-05, 2.99701400763e-06, 1.31053093355e-05, 3.08356829919e-05, 2.97034312098e-05, 3.01025174849e-05, 1.57490994752e-05, 8.17002637632e-06, 2.67996529146e-06, 3.00795022667e-07, 2.06251215218e-07, 2.63450743887e-07, 3.19522825976e-07, 1.74657157004e-06],
        "min": [4.66073188932e-08, 9.6777557701e-07, 8.76198384958e-07, 6.41529140921e-07, 1.70176936081e-05, 8.7634080046e-06, 4.72872561659e-05, 8.33469894133e-05, 6.28825455351e-06, 6.14710234004e-06, 5.90196759731e-06, 2.44370835389e-06, 1.41489317684e-06, 4.90021761834e-07, 5.84237398016e-07, 8.32926957628e-07, 1.00737111097e-06, 1.09535267256e-06, 5.98930171236e-07, 3.51868010284e-07, 5.13562497417e-07, 2.50852195904e-07, 5.97428595484e-08, 6.38319193058e-08, 1.04043778038e-07, 9.25233578641e-08, 2.11009918871e-07],
        "var": [4.28974303995e-12, 1.70040816982e-08, 2.93007005325e-08, 6.75735554978e-06, 0.000139726311318, 1.88379744941e-05, 4.46321746495e-06, 0.000133339490276, 4.38747929365e-06, 2.7645813816e-07, 5.59809848255e-07, 4.56615119049e-08, 2.87680830269e-08, 5.75925807045e-10, 3.74061642772e-10, 2.44998972221e-07, 4.68272931542e-09, 9.71654312565e-10, 7.45908501631e-10, 3.06662295557e-09, 9.44068712094e-10, 4.17661460972e-09, 5.02021313409e-10, 1.11499691424e-10, 1.3597676804e-11, 2.75154725393e-12, 1.97011217019e-13]
    },
    "erbbands": {
        "dmean": [0.000528231903445, 0.0149973249063, 0.0771669596434, 1.71211409569, 4.89415025711, 32.1350250244, 21.3165988922, 29.6072311401, 9.81929302216, 48.4243431091, 64.5597000122, 15.9678983688, 11.7920598984, 14.6451311111, 5.93797683716, 1.67262899876, 1.99265360832, 0.766388773918, 0.359157443047, 0.594826459885, 4.94967079163, 1.4317574501, 0.663619697094, 0.67726200819, 0.606488764286, 0.578208744526, 0.410638481379, 0.20431868732, 0.446514636278, 0.114787481725, 0.0943690687418, 0.0128325559199, 0.035748001188, 0.0135964471847, 0.00253975880332, 0.00126174138859, 0.000591843796428, 0.000147840750287, 2.89829858957e-05, 1.47478112922e-05],
        "dmean2": [0.000826040457468, 0.0208584628999, 0.128430590034, 2.78958582878, 7.79896879196, 55.4648284912, 38.0444831848, 50.9662742615, 15.7039499283, 87.7588424683, 118.568305969, 30.5558109283, 21.5269241333, 25.7309455872, 10.4344377518, 2.7905151844, 3.62631654739, 1.39684581757, 0.574146032333, 1.02531504631, 7.87635660172, 2.13856744766, 1.10090351105, 1.08124637604, 0.941166698933, 0.867809891701, 0.580859959126, 0.290289223194, 0.617049574852, 0.114946059883, 0.119953900576, 0.0153945144266, 0.0630194470286, 0.02168462798, 0.00363599928096, 0.00150028185453, 0.000837472558487, 0.000244133843808, 4.88603836857e-05, 2.56916155195e-05],
        "dvar": [3.72078801547e-07, 0.00033364695264, 0.014375618659, 11.3034515381, 76.037399292, 2849.79345703, 1605.91296387, 1412.27026367, 370.566375732, 5595.59912109, 12356.5957031, 2166.16137695, 568.321228027, 1043.52160645, 381.66583252, 23.1011428833, 36.7084350586, 2.28790736198, 1.85189783573, 6.90346956253, 1298.73620605, 32.7671775818, 1.66961836815, 1.29108715057, 3.19604802132, 3.65236997604, 2.65281772614, 0.439008414745, 7.93684148788, 0.432452261448, 0.349693834782, 0.00476092612371, 0.0835547745228, 0.00958470255136, 0.000232071455684, 3.81767022191e-05, 7.72867770138e-06, 2.18870610524e-07, 6.06247274604e-10, 4.10836115128e-10],
        "dvar2": [7.34560046567e-07, 0.00058701261878, 0.0329704210162, 31.6932697296, 185.610229492, 8021.16015625, 4592.94335938, 3842.31665039, 923.040771484, 19204.6582031, 38177.609375, 6495.39794922, 1704.42700195, 2948.24365234, 1112.31237793, 64.4301300049, 105.466110229, 6.66837501526, 4.40721845627, 12.8046913147, 3222.15600586, 69.8961410522, 3.44717073441, 3.06662106514, 7.31402778625, 6.96038150787, 5.63701629639, 0.608129560947, 16.9455394745, 0.639317572117, 0.610057711601, 0.00529616093263, 0.234501719475, 0.0243488494307, 0.000403896381613, 6.47082997602e-05, 1.53326345753e-05, 5.04805768742e-07, 1.42133349534e-09, 1.14301423881e-09],
        "max": [0.00510203372687, 0.186623483896, 1.06425344944, 24.4188537598, 63.3860473633, 437.703857422, 389.519470215, 217.692825317, 216.636138916, 343.860046387, 819.116027832, 374.11529541, 172.305084229, 275.409576416, 179.631820679, 43.5922813416, 54.6225967407, 14.9934539795, 16.7214393616, 28.8753948212, 415.164154053, 73.3280639648, 15.3524198532, 12.4586439133, 19.96276474, 18.2778282166, 17.499288559, 8.6729221344, 37.2356567383, 9.79753303528, 7.97646045685, 1.01645159721, 3.13527417183, 1.15988826752, 0.195424437523, 0.0874398052692, 0.0366876162589, 0.00617156596854, 0.000325458298903, 0.000195052489289],
        "mean": [0.00104643625673, 0.029354089871, 0.129186868668, 2.30054283142, 8.0246629715, 36.2167358398, 31.075422287, 44.0371322632, 21.3804836273, 83.9356842041, 141.518157959, 23.7093677521, 17.2971153259, 22.1035079956, 9.59080028534, 4.6332192421, 3.66772794724, 1.69500851631, 0.567135691643, 0.923475563526, 4.2297577858, 2.66942000389, 1.84862339497, 2.02198314667, 1.46362257004, 1.16705167294, 0.762957215309, 0.442393392324, 0.490406423807, 0.146756112576, 0.101909592748, 0.0202513188124, 0.0273920502514, 0.0126367770135, 0.00440610339865, 0.00207408051938, 0.00105150870513, 0.000433842331404, 0.000201265414944, 6.18929116172e-05],
        "median": [0.000652650836855, 0.0170454662293, 0.05343664065, 0.446506142616, 2.90012288094, 19.8946285248, 16.3887825012, 28.2650299072, 13.8709497452, 40.5527229309, 51.7318496704, 8.03013801575, 5.57220935822, 10.9928216934, 4.49847221375, 1.89672803879, 1.31406140327, 0.822376132011, 0.321682870388, 0.430642485619, 0.778740108013, 1.84470975399, 1.59748518467, 1.84879982471, 1.18352878094, 0.717455506325, 0.413233757019, 0.262987822294, 0.11440911144, 0.0184550769627, 0.00815886445343, 0.00466483831406, 0.00353223248385, 0.00273471721448, 0.00198084511794, 0.000933504430577, 0.000660831632558, 0.000390062021324, 0.000200381065952, 5.71411692363e-05],
        "min": [6.19076963631e-05, 0.000180715331226, 0.00205181934871, 0.0122777046636, 0.0212570112199, 0.0739982798696, 0.0584791228175, 0.108232453465, 0.880262374878, 1.67943251133, 1.54541373253, 0.478413015604, 0.131898015738, 0.414404004812, 0.25328758359, 0.0868517905474, 0.0615762807429, 0.0321123600006, 0.0466704703867, 0.0528104528785, 0.0299952011555, 0.0551640130579, 0.0578039623797, 0.0426156781614, 0.0220677759498, 0.0180394575, 0.020754057914, 0.0164987333119, 0.0092508001253, 0.00521562248468, 0.00198979745619, 0.00154543307144, 0.00109773292206, 0.00117709569167, 0.000691747874953, 0.000286826194497, 0.000206492331927, 9.28724402911e-05, 2.65479466179e-05, 3.74153978555e-06],
        "var": [1.14105512239e-06, 0.00141264672857, 0.0344804227352, 16.17329216, 156.113815308, 2975.15405273, 1859.90368652, 2230.91723633, 638.779418945, 9801.34863281, 34821.9414062, 1913.15698242, 690.482543945, 984.67767334, 255.697036743, 38.31873703, 43.4235877991, 4.60560464859, 1.76421868801, 8.52613449097, 1049.25048828, 36.7841682434, 2.46277308464, 1.78916394711, 3.84813213348, 5.31668615341, 3.52933263779, 0.955291092396, 9.19268131256, 0.818333923817, 0.499148994684, 0.0110947676003, 0.0557240657508, 0.00799059309065, 0.000353524868842, 5.78945109737e-05, 9.40453810472e-06, 2.17812441861e-07, 2.58876942105e-09, 7.56110674072e-10]
    },
    "gfcc": {
        "mean": [-84.4902267456, 141.825866699, -112.576805115, -10.4116563797, -69.0834655762, -57.2964820862, -24.2413787842, -8.15404605865, -31.1619129181, -9.45299434662, -13.1670341492, -0.756801903248, -8.03209590912],
        "cov": [[822.018737793, 195.589187622, -134.900527954, -94.6591491699, -86.7484359741, 92.8364944458, 32.3002204895, -54.1314506531, 8.846824646, -28.724647522, 2.38702535629, -65.7043838501, -24.1666793823], [195.589187622, 596.430358887, 81.5996017456, -218.04208374, 5.40520811081, -93.7991333008, 146.987045288, -10.8896007538, -58.0319404602, -113.875137329, 5.6586766243, -37.212688446, 2.8264298439], [-134.900527954, 81.5996017456, 258.307037354, 224.347595215, 76.1603088379, -23.5566673279, -42.7051391602, -21.4025382996, -40.1187133789, -44.6699638367, -7.15277433395, 28.8394241333, 12.7534236908], [-94.6591491699, -218.04208374, 224.347595215, 524.578063965, 157.28616333, 47.0020332336, -157.160629272, -57.5701217651, -7.43394517899, -15.6218709946, -24.5363903046, 19.1364746094, 7.60328149796], [-86.7484359741, 5.40520811081, 76.1603088379, 157.28616333, 106.099449158, -5.01966428757, -22.8572101593, -12.8722696304, -11.9787626266, -22.3942375183, -18.8463153839, -6.83786153793, -0.408485800028], [92.8364944458, -93.7991333008, -23.5566673279, 47.0020332336, -5.01966428757, 89.7730102539, -10.3988313675, 4.85032510757, 25.7996139526, 21.2825756073, -1.74782717228, -6.71918964386, -8.68890762329], [32.3002204895, 146.987045288, -42.7051391602, -157.160629272, -22.8572101593, -10.3988313675, 98.2718963623, 40.551322937, 9.17073917389, -2.48822379112, 8.03625869751, -13.5282011032, -6.9391040802], [-54.1314506531, -10.8896007538, -21.4025382996, -57.5701217651, -12.8722696304, 4.85032510757, 40.551322937, 50.5419502258, 27.9752254486, 28.2804069519, 6.94997882843, 5.59671878815, -2.10810422897], [8.846824646, -58.0319404602, -40.1187133789, -7.43394517899, -11.9787626266, 25.7996139526, 9.17073917389, 27.9752254486, 47.378742218, 39.5039863586, 12.0610523224, -2.70013141632, -7.92770338058], [-28.724647522, -113.875137329, -44.6699638367, -15.6218709946, -22.3942375183, 21.2825756073, -2.48822379112, 28.2804069519, 39.5039863586, 64.6375961304, 19.3527240753, 10.1382770538, -8.72679805756], [2.38702535629, 5.6586766243, -7.15277433395, -24.5363903046, -18.8463153839, -1.74782717228, 8.03625869751, 6.94997882843, 12.0610523224, 19.3527240753, 32.4457054138, 14.7985191345, 2.9375538826], [-65.7043838501, -37.212688446, 28.8394241333, 19.1364746094, -6.83786153793, -6.71918964386, -13.5282011032, 5.59671878815, -2.70013141632, 10.1382770538, 14.7985191345, 38.9238967896, 20.7362823486], [-24.1666793823, 2.8264298439, 12.7534236908, 7.60328149796, -0.408485800028, -8.68890762329, -6.9391040802, -2.10810422897, -7.92770338058, -8.72679805756, 2.9375538826, 20.7362823486, 31.4928894043]],
        "icov": [[0.00541643705219, -0.00943610910326, 0.00992374774069, -0.00879221409559, 0.011042021215, -0.00703506963328, 0.00395488226786, -0.00168783671688, 0.00670209899545, -0.00749972090125, 0.00436502462253, -0.000744480406865, 0.00175986799877], [-0.00943610910326, 0.0313392244279, -0.0296056456864, 0.0238980762661, -0.0247261282057, 0.016744107008, -0.0263211671263, 0.0231788847595, -0.0253799147904, 0.0288040880114, -0.0177487190813, 0.0124070113525, -0.00870407745242], [0.00992374774069, -0.0296056456864, 0.0404173433781, -0.0317316167057, 0.0283099804074, -0.0131775587797, 0.0178149398416, -0.0264712478966, 0.0322687961161, -0.0201080236584, 0.0133453560993, -0.0180761683732, 0.0136588616297], [-0.00879221409559, 0.0238980762661, -0.0317316167057, 0.0355541221797, -0.0363416932523, 0.00704559963197, 0.000367049127817, 0.0171645414084, -0.0298040769994, 0.0226048268378, -0.0131713850424, 0.00710167828947, -0.00660916976631], [0.011042021215, -0.0247261282057, 0.0283099804074, -0.0363416932523, 0.0529398322105, -0.00866595376283, 0.000419937015977, -0.0136273112148, 0.0259175486863, -0.0213362872601, 0.0180914364755, -0.000103346530523, 0.00447033904493], [-0.00703506963328, 0.016744107008, -0.0131775587797, 0.00704559963197, -0.00866595376283, 0.0279126763344, -0.0184469278902, 0.0117945652455, -0.0187928341329, 0.0125541938469, -0.00336452154443, 0.00349368411116, -0.00219064974226], [0.00395488226786, -0.0263211671263, 0.0178149398416, 0.000367049127817, 0.000419937015977, -0.0184469278902, 0.0805190429091, -0.0646972879767, 0.023353876546, -0.00647717667744, -0.0052058454603, 0.00268038455397, 0.00922548398376], [-0.00168783671688, 0.0231788847595, -0.0264712478966, 0.0171645414084, -0.0136273112148, 0.0117945652455, -0.0646972879767, 0.111352361739, -0.0595545209944, -0.00186220265459, 0.0189199633896, -0.0149846682325, -0.00792966224253], [0.00670209899545, -0.0253799147904, 0.0322687961161, -0.0298040769994, 0.0259175486863, -0.0187928341329, 0.023353876546, -0.0595545209944, 0.100858993828, -0.046738576144, -0.00861756503582, 0.0189688559622, -0.00138914340641], [-0.00749972090125, 0.0288040880114, -0.0201080236584, 0.0226048268378, -0.0213362872601, 0.0125541938469, -0.00647717667744, -0.00186220265459, -0.046738576144, 0.0848505795002, -0.0337965674698, -0.00491527793929, 0.0141162807122], [0.00436502462253, -0.0177487190813, 0.0133453560993, -0.0131713850424, 0.0180914364755, -0.00336452154443, -0.0052058454603, 0.0189199633896, -0.00861756503582, -0.0337965674698, 0.075233951211, -0.0409749932587, 0.0105715859681], [-0.000744480406865, 0.0124070113525, -0.0180761683732, 0.00710167828947, -0.000103346530523, 0.00349368411116, 0.00268038455397, -0.0149846682325, 0.0189688559622, -0.00491527793929, -0.0409749932587, 0.0952015295625, -0.0509788878262], [0.00175986799877, -0.00870407745242, 0.0136588616297, -0.00660916976631, 0.00447033904493, -0.00219064974226, 0.00922548398376, -0.00792966224253, -0.00138914340641, 0.0141162807122, 0.0105715859681, -0.0509788878262, 0.0670472830534]]
    },
    "melbands": {
        "dmean": [9.67032156041e-06, 2.77480285149e-05, 0.000376329029677, 0.00118502846453, 0.0010564380791, 0.000582936685532, 0.000149878687807, 0.000752815278247, 0.000448180071544, 0.000104934042611, 5.94569974055e-05, 5.80895502935e-05, 2.81622124021e-05, 7.5559059951e-06, 4.22250741394e-06, 3.8593843783e-06, 1.12884220016e-06, 6.41471842755e-07, 3.58065847195e-07, 1.39382575526e-06, 7.09155392542e-06, 1.35673894874e-06, 7.59171825848e-07, 6.88958891715e-07, 6.00410714924e-07, 5.25610289515e-07, 5.6097428569e-07, 3.60436843039e-07, 3.12811351932e-07, 2.0136407386e-07, 1.01937764896e-07, 2.82648727534e-07, 1.34300208288e-07, 4.4845613445e-08, 7.41931316384e-08, 1.29449029274e-08, 4.60371207822e-09, 1.69449823062e-08, 3.37839125564e-08, 6.06469141573e-09],
        "dmean2": [1.35896225402e-05, 4.47607199021e-05, 0.000583350018132, 0.00202331854962, 0.00187382695731, 0.00100446364377, 0.000238954889937, 0.00136639014818, 0.000827368989121, 0.000200679001864, 0.000108124688268, 0.000101913887192, 4.9841532018e-05, 1.27696357595e-05, 7.45895931686e-06, 7.26556800146e-06, 1.96264454644e-06, 1.02115882328e-06, 5.83740188631e-07, 2.44242164626e-06, 1.15548282338e-05, 2.07319067158e-06, 1.28488693463e-06, 1.16431169772e-06, 9.68274775914e-07, 8.83757707015e-07, 8.67017718065e-07, 5.45764748949e-07, 4.78815877614e-07, 2.87554911438e-07, 1.63252821039e-07, 3.72792641201e-07, 1.76279158381e-07, 6.12976549519e-08, 9.88653070522e-08, 1.48390713051e-08, 6.9215917442e-09, 2.92821216163e-08, 6.04364203127e-08, 8.13345923945e-09],
        "dvar": [1.35000302603e-10, 1.40315803421e-09, 4.57686667232e-07, 4.23402661909e-06, 3.2365246625e-06, 5.74564694489e-07, 1.09915156088e-07, 1.45218973557e-06, 6.7113478508e-07, 8.04253446063e-08, 1.29554136308e-08, 1.47826195729e-08, 9.55115986301e-09, 3.74349745647e-10, 2.11319337029e-10, 1.10437478607e-10, 3.7287022428e-12, 5.50646637662e-12, 7.68905609756e-13, 5.04334976559e-11, 2.81972023508e-09, 1.90176849962e-11, 2.28443002362e-12, 1.68275658165e-12, 8.1006051476e-13, 1.25697943807e-12, 3.18589837671e-12, 1.40738484235e-12, 1.87202055073e-12, 4.06933140613e-13, 8.73502388043e-14, 2.93166424296e-12, 7.32334928377e-13, 7.6314361731e-14, 2.34929561698e-13, 4.40690490149e-15, 7.38322091826e-16, 1.73216187894e-14, 7.83543897625e-14, 1.33352557936e-15],
        "dvar2": [2.36306613166e-10, 2.52679899226e-09, 1.18076025046e-06, 1.16991068353e-05, 9.13760595722e-06, 1.56447219979e-06, 2.78436175449e-07, 4.96832899444e-06, 2.05268884201e-06, 2.44287548412e-07, 3.93032486556e-08, 4.15614351823e-08, 2.80419474308e-08, 9.88445325589e-10, 5.80707815168e-10, 3.41208589161e-10, 1.03335656004e-11, 1.31924774924e-11, 1.32224201206e-12, 9.1674341729e-11, 7.17323933586e-09, 3.45692398318e-11, 5.48196297384e-12, 4.05331714373e-12, 2.0474260308e-12, 3.07910424588e-12, 7.70332755917e-12, 2.55899424914e-12, 4.4540651549e-12, 7.444838474e-13, 1.29935192922e-13, 5.80224280081e-12, 1.48247440799e-12, 1.23885195722e-13, 4.30811121369e-13, 5.68818495927e-15, 1.01904331599e-15, 4.78198142434e-14, 2.22519146663e-13, 2.66245748728e-15],
        "max": [0.000113201756903, 0.000393359892769, 0.00499576982111, 0.0162721760571, 0.0177568849176, 0.00428593857214, 0.00386281195097, 0.00645871600136, 0.00548887858167, 0.00209351629019, 0.000767276622355, 0.00101050105877, 0.000913102005143, 0.00016361901362, 0.000142533841426, 8.26216200949e-05, 1.91694925888e-05, 2.89114432235e-05, 9.33418050408e-06, 7.65622244217e-05, 0.000602853309829, 5.8247056586e-05, 1.86397974176e-05, 1.30392336359e-05, 9.87493149296e-06, 1.06334737211e-05, 1.97450808628e-05, 1.1281242223e-05, 1.50759533426e-05, 8.12617872725e-06, 3.69966369362e-06, 2.32176153077e-05, 1.14685926746e-05, 3.79157609132e-06, 6.34383377474e-06, 9.7049849046e-07, 3.46165592191e-07, 1.45551223341e-06, 2.98392433251e-06, 4.8041960099e-07],
        "mean": [1.9005357899e-05, 4.85119962832e-05, 0.000555557548068, 0.00149078341201, 0.00137860595714, 0.000901393126696, 0.000301126623526, 0.00137557217386, 0.000942226848565, 0.000134867368615, 8.4764425992e-05, 8.63670866238e-05, 4.03190097131e-05, 1.97988210857e-05, 1.01061368696e-05, 6.1056357481e-06, 2.66079996436e-06, 9.59577619142e-07, 5.65388290852e-07, 2.09136942431e-06, 5.65983509659e-06, 2.74225862995e-06, 1.81661562237e-06, 1.65922415363e-06, 1.66870609064e-06, 1.22455446672e-06, 1.0055708799e-06, 7.01751957877e-07, 5.1522118838e-07, 3.46716831245e-07, 2.21125375788e-07, 3.19571000773e-07, 1.4331325815e-07, 6.00697731556e-08, 7.67171428606e-08, 1.76961147957e-08, 8.69236060907e-09, 1.39580214054e-08, 2.42373179304e-08, 7.27287696733e-09],
        "median": [1.05820945464e-05, 2.5247263693e-05, 0.000132662913529, 0.000794369843788, 0.000762206153013, 0.000577173603233, 0.000180450326297, 0.000616278266534, 0.000340474187396, 3.40507249348e-05, 2.68514704658e-05, 4.41636875621e-05, 1.88202429854e-05, 7.13327563062e-06, 2.61399350165e-06, 2.54774022324e-06, 1.3078771417e-06, 5.19469040228e-07, 2.83388345679e-07, 9.13156156912e-07, 8.26320729175e-07, 1.91497565538e-06, 1.57006627433e-06, 1.46847935412e-06, 1.52271638854e-06, 1.04118805666e-06, 6.37909579382e-07, 4.25511814228e-07, 2.73056883771e-07, 1.92647789277e-07, 1.44244864941e-07, 7.607676622e-08, 1.90771469732e-08, 5.65766766769e-09, 4.57026372302e-09, 3.6801088843e-09, 2.41393993683e-09, 2.55555532291e-09, 2.04232786238e-09, 2.35371855339e-09],
        "min": [4.76188688481e-07, 1.40828160511e-06, 2.14336773752e-06, 3.28283113049e-06, 2.53134908235e-06, 2.57977080764e-06, 1.45009598782e-05, 1.91353883565e-05, 1.08721042125e-05, 1.18593834486e-06, 5.65801485664e-07, 1.66673055446e-06, 8.33188721572e-07, 3.63475123777e-07, 1.00490474608e-07, 1.54157717702e-07, 4.3446458875e-08, 7.77819337827e-08, 5.62719257857e-08, 7.59324620958e-08, 2.80079248682e-08, 4.66631391305e-08, 8.05841935403e-08, 4.34054463483e-08, 3.38339738448e-08, 2.31196679579e-08, 1.27322179466e-08, 1.0795318417e-08, 9.68130997592e-09, 1.42093385946e-08, 8.93155771564e-09, 5.07415665041e-09, 4.40633307619e-09, 1.3665923948e-09, 1.01972574829e-09, 9.90887927266e-10, 6.45079600847e-10, 6.69486355243e-10, 8.06346878157e-10, 9.1937030211e-10],
        "var": [5.21875098691e-10, 4.35891900352e-09, 8.65418826379e-07, 5.00287615068e-06, 3.76843377126e-06, 8.69121095093e-07, 1.75173497041e-07, 2.94517508337e-06, 1.58009117968e-06, 7.92458436649e-08, 1.6863072716e-08, 1.42909870604e-08, 5.82073766964e-09, 7.9799838959e-10, 3.94779153812e-10, 9.35151470149e-11, 1.13200586058e-11, 5.16251364574e-12, 1.27927876625e-12, 6.41134506596e-11, 2.16919571194e-09, 2.72580118199e-11, 2.68155658269e-12, 1.9966541441e-12, 1.0936423208e-12, 1.3113011111e-12, 3.71747337774e-12, 2.08662492666e-12, 1.9735239918e-12, 6.79263177823e-13, 1.86098776363e-13, 3.71729903803e-12, 9.27354222059e-13, 1.40034956287e-13, 3.11642123782e-13, 8.80360813817e-15, 1.72883479705e-15, 1.2069515614e-14, 5.04703599063e-14, 1.58578670825e-15]
    },
    "mfcc": {
        "mean": [-738.793945312, 194.490921021, -13.9076032639, 38.765209198, -38.0417861938, -33.9292678833, -9.38918399811, -12.5899705887, -10.8853168488, -21.4740753174, -5.94893550873, -1.63505995274, -7.21807003021],
        "cov": [[962.33782959, 77.4939880371, -76.1268692017, -196.280670166, -91.4832687378, 78.752822876, -0.208632066846, -4.74849653244, -9.67422580719, 34.3030586243, 1.7466173172, 22.4094657898, 15.4831981659], [77.4939880371, 754.901123047, -47.5617904663, -157.682388306, -230.216949463, -140.838043213, 108.302871704, 58.7900772095, 22.3848419189, -56.0452919006, -13.9605722427, 3.58643937111, -51.7347717285], [-76.1268692017, -47.5617904663, 203.905075073, 166.412445068, 110.725952148, 46.1200294495, -5.09935331345, 18.4815502167, -19.6708450317, -24.6646080017, -37.4950675964, -31.0242347717, 19.1673316956], [-196.280670166, -157.682388306, 166.412445068, 346.086120605, 226.8150177, 70.0123977661, -9.93006706238, 2.13947677612, -17.6867752075, -32.9324913025, -58.5984115601, -29.1103172302, 24.0995407104], [-91.4832687378, -230.216949463, 110.725952148, 226.8150177, 208.264846802, 92.3933181763, -22.3080539703, -5.2112326622, -13.7144136429, -4.059258461, -40.3323822021, -22.9152698517, 27.6807041168], [78.752822876, -140.838043213, 46.1200294495, 70.0123977661, 92.3933181763, 81.6558761597, -7.79564905167, 0.369323819876, -3.59083890915, 12.9198541641, -7.10019350052, -4.67102098465, 19.2339611053], [-0.208632066846, 108.302871704, -5.09935331345, -9.93006706238, -22.3080539703, -7.79564905167, 41.7221794128, 21.5242195129, 10.4054203033, -4.89168453217, 1.54521942139, 4.67100954056, -5.29011154175], [-4.74849653244, 58.7900772095, 18.4815502167, 2.13947677612, -5.2112326622, 0.369323819876, 21.5242195129, 33.7763137817, 17.7443466187, 3.47821450233, -3.7021458149, 0.820954203606, 2.69850897789], [-9.67422580719, 22.3848419189, -19.6708450317, -17.6867752075, -13.7144136429, -3.59083890915, 10.4054203033, 17.7443466187, 34.6030845642, 21.1927242279, 11.2935466766, 4.05665063858, -4.28717756271], [34.3030586243, -56.0452919006, -24.6646080017, -32.9324913025, -4.059258461, 12.9198541641, -4.89168453217, 3.47821450233, 21.1927242279, 52.6003303528, 35.3927497864, 14.0278186798, 4.16013336182], [1.7466173172, -13.9605722427, -37.4950675964, -58.5984115601, -40.3323822021, -7.10019350052, 1.54521942139, -3.7021458149, 11.2935466766, 35.3927497864, 64.003944397, 28.2139587402, 5.14362001419], [22.4094657898, 3.58643937111, -31.0242347717, -29.1103172302, -22.9152698517, -4.67102098465, 4.67100954056, 0.820954203606, 4.05665063858, 14.0278186798, 28.2139587402, 47.1111450195, 16.9903755188], [15.4831981659, -51.7347717285, 19.1673316956, 24.0995407104, 27.6807041168, 19.2339611053, -5.29011154175, 2.69850897789, -4.28717756271, 4.16013336182, 5.14362001419, 16.9903755188, 38.4883804321]],
