{
"lowlevel": {
    "average_loudness": 0.965912759304,
    "barkbands_crest": {
        "dmean": 1.16288244724,
        "dmean2": 1.95718216896,
        "dvar": 5.2083106041,
        "dvar2": 10.1153373718,
        "max": 25.5008087158,
        "mean": 21.8647937775,
        "median": 23.5115242004,
        "min": 7.64324951172,
        "var": 16.6846523285
    },
    "barkbands_flatness_db": {
        "dmean": 0.0172856133431,
        "dmean2": 0.025703875348,
        "dvar": 0.000678001495544,
        "dvar2": 0.000819957233034,
        "max": 0.475794762373,
        "mean": 0.408453792334,
        "median": 0.423012673855,
        "min": 0.117131188512,
        "var": 0.00317447888665
    },
    "barkbands_kurtosis": {
        "dmean": 28.4899902344,
        "dmean2": 46.8812942505,
        "dvar": 1410.44030762,
        "dvar2": 3952.60083008,
        "max": 314.824371338,
        "mean": 81.8247680664,
        "median": 55.4390830994,
        "min": -1.50389873981,
        "var": 5804.87988281
    },
    "barkbands_skewness": {
        "dmean": 1.3588988781,
        "dmean2": 2.22391557693,
        "dvar": 2.35841798782,
        "dvar2": 6.2735657692,
        "max": 15.0554084778,
        "mean": 6.02317476273,
        "median": 5.64536333084,
        "min": -0.978954434395,
        "var": 12.9822130203
    },
    "barkbands_spread": {
        "dmean": 0.498468995094,
        "dmean2": 0.8098731637,
        "dvar": 1.3249001503,
        "dvar2": 2.85709452629,
        "max": 9.33528709412,
        "mean": 1.44700860977,
        "median": 0.615742444992,
        "min": 0.287106990814,
        "var": 3.89893960953
    },
    "dissonance": {
        "dmean": 0.0342241823673,
        "dmean2": 0.0588253960013,
        "dvar": 0.0007552690804,
        "dvar2": 0.00198775646277,
        "max": 0.473548144102,
        "mean": 0.337647616863,
        "median": 0.329225152731,
        "min": 0.213847354054,
        "var": 0.00260897935368
    },
    "dynamic_complexity": 0.81454372406,
    "erbbands_crest": {
        "dmean": 2.04872322083,
        "dmean2": 3.54520440102,
        "dvar": 9.40591049194,
        "dvar2": 17.3411102295,
        "max": 28.0414943695,
        "mean": 21.4735660553,
        "median": 22.9192466736,
        "min": 6.22873973846,
        "var": 25.1475219727
    },
    "erbbands_flatness_db": {
        "dmean": 0.0141187589616,
        "dmean2": 0.0199427288026,
        "dvar": 0.000621944956947,
        "dvar2": 0.000744127726648,
        "max": 0.432516127825,
        "mean": 0.373998075724,
        "median": 0.376036792994,
        "min": 0.138322040439,
        "var": 0.00183475215454
    },
    "erbbands_kurtosis": {
        "dmean": 4.46720838547,
        "dmean2": 7.22657823563,
        "dvar": 29.2876930237,
        "dvar2": 73.8565750122,
        "max": 43.5331115723,
        "mean": 14.5539426804,
        "median": 11.3810825348,
        "min": -0.516609191895,
        "var": 155.242782593
    },
    "erbbands_skewness": {
        "dmean": 0.602995455265,
        "dmean2": 0.966718494892,
        "dvar": 0.438033878803,
        "dvar2": 1.00763702393,
        "max": 5.92152452469,
        "mean": 2.61064076424,
        "median": 2.53486204147,
        "min": -1.62497854233,
        "var": 2.85714316368
    },
    "erbbands_spread": {
        "dmean": 1.58001315594,
        "dmean2": 2.4665517807,
        "dvar": 10.1686019897,
        "dvar2": 21.9557876587,
        "max": 24.5843105316,
        "mean": 6.61394262314,
        "median": 4.97793912888,
        "min": 2.97124314308,
        "var": 20.5584888458
    },
    "hfc": {
        "dmean": 2.76943349838,
        "dmean2": 4.60715055466,
        "dvar": 49.1430664062,
        "dvar2": 131.046981812,
        "max": 66.2900924683,
        "mean": 14.3723669052,
        "median": 14.0180253983,
        "min": 0.289243847132,
        "var": 46.9227294922
    },
    "melbands_crest": {
        "dmean": 1.30302023888,
        "dmean2": 1.99001789093,
        "dvar": 6.11865568161,
        "dvar2": 10.9254312515,
        "max": 29.2242431641,
        "mean": 25.4619541168,
        "median": 27.2362174988,
        "min": 9.89821147919,
        "var": 19.3208942413
    },
    "melbands_flatness_db": {
        "dmean": 0.015370300971,
        "dmean2": 0.022543175146,
        "dvar": 0.000661444675643,
        "dvar2": 0.000840700988192,
        "max": 0.563058972359,
        "mean": 0.498468279839,
        "median": 0.516278028488,
        "min": 0.218083813787,
        "var": 0.00362263759598
    },
    "melbands_kurtosis": {
        "dmean": 14.0718383789,
        "dmean2": 25.4881134033,
        "dvar": 372.90234375,
        "dvar2": 1193.45544434,
        "max": 147.115005493,
        "mean": 35.7203483582,
        "median": 26.8064250946,
        "min": -1.4834100008,
        "var": 1077.0838623
    },
    "melbands_skewness": {
        "dmean": 0.760898649693,
        "dmean2": 1.41295194626,
        "dvar": 0.88518345356,
        "dvar2": 2.28841543198,
        "max": 7.55712461472,
        "mean": 3.62657618523,
        "median": 3.48494052887,
        "min": -0.632263958454,
        "var": 3.1220266819
    },
    "melbands_spread": {
        "dmean": 0.788305401802,
        "dmean2": 1.37732648849,
        "dvar": 3.161216259,
        "dvar2": 6.63770341873,
        "max": 14.4755468369,
        "mean": 2.50756382942,
        "median": 1.19938910007,
        "min": 0.552341759205,
        "var": 10.6485557556
    },
    "pitch_salience": {
        "dmean": 0.0404961891472,
        "dmean2": 0.0668171644211,
        "dvar": 0.00502917310223,
        "dvar2": 0.00865798816085,
        "max": 0.76379185915,
        "mean": 0.327999293804,
        "median": 0.284805119038,
        "min": 0.215413793921,
        "var": 0.0127397589386
    },
    "silence_rate_20dB": {
        "dmean": 0,
        "dmean2": 0,
        "dvar": 0,
        "dvar2": 0,
        "max": 1,
        "mean": 1,
        "median": 1,
        "min": 1,
        "var": 0
    },
    "silence_rate_30dB": {
        "dmean": 0,
        "dmean2": 0,
        "dvar": 0,
        "dvar2": 0,
        "max": 1,
        "mean": 1,
        "median": 1,
        "min": 1,
        "var": 0
    },
    "silence_rate_60dB": {
        "dmean": 0,
        "dmean2": 0,
        "dvar": 0,
        "dvar2": 0,
        "max": 0,
        "mean": 0,
        "median": 0,
        "min": 0,
        "var": 0
    },
    "spectral_centroid": {
        "dmean": 26.1132316589,
        "dmean2": 43.8635177612,
        "dvar": 4704.56298828,
        "dvar2": 9839.54394531,
        "max": 835.13092041,
        "mean": 312.219299316,
        "median": 271.033203125,
        "min": 253.960906982,
        "var": 11326.21875
    },
    "spectral_complexity": {
        "dmean": 1.74444448948,
        "dmean2": 2.98876404762,
        "dvar": 4.34580278397,
        "dvar2": 8.12346935272,
        "max": 17,
        "mean": 6.13186836243,
        "median": 5,
        "min": 2,
        "var": 9.45513820648
    },
    "spectral_decrease": {
        "dmean": 1.25032595388e-09,
        "dmean2": 1.91604243582e-09,
        "dvar": 3.20171133514e-18,
        "dvar2": 7.06748988348e-18,
        "max": -1.51089390998e-10,
        "mean": -1.22933876412e-08,
        "median": -1.34427713405e-08,
        "min": -1.94270803888e-08,
        "var": 9.86346209712e-18
    },
    "spectral_energy": {
        "dmean": 0.00494919531047,
        "dmean2": 0.0076265828684,
        "dvar": 5.32114354428e-05,
        "dvar2": 0.000120481527119,
        "max": 0.0793346688151,
        "mean": 0.0477015376091,
        "median": 0.0519164316356,
        "min": 0.000596481666435,
        "var": 0.000148768449435
    },
    "spectral_energyband_high": {
        "dmean": 2.91638616545e-06,
        "dmean2": 4.42042755822e-06,
        "dvar": 9.74642866414e-11,
        "dvar2": 2.19859908057e-10,
        "max": 9.97626339085e-05,
        "mean": 5.12271481057e-06,
        "median": 2.12806435229e-06,
        "min": 4.42873101747e-07,
        "var": 1.55337590013e-10
    },
    "spectral_energyband_low": {
        "dmean": 2.35447678278e-05,
        "dmean2": 4.09349631809e-05,
        "dvar": 5.58672497153e-10,
        "dvar2": 1.2908646374e-09,
        "max": 0.000321699888445,
        "mean": 8.0720979895e-05,
        "median": 7.81385315349e-05,
        "min": 2.38889970205e-06,
        "var": 2.80488854365e-09
    },
    "spectral_energyband_middle_high": {
        "dmean": 0.00170244276524,
        "dmean2": 0.00285056140274,
        "dvar": 4.25558027928e-05,
        "dvar2": 0.000116224640806,
        "max": 0.0550053454936,
        "mean": 0.00191759178415,
        "median": 0.000205764386919,
        "min": 4.07366605941e-05,
        "var": 4.31184853369e-05
    },
    "spectral_energyband_middle_low": {
        "dmean": 0.00407532043755,
        "dmean2": 0.0057708574459,
        "dvar": 2.4574710551e-05,
        "dvar2": 3.69595327356e-05,
        "max": 0.0614040121436,
        "mean": 0.0457877069712,
        "median": 0.0510907620192,
        "min": 0.000499363581184,
        "var": 0.000171860636328
    },
    "spectral_entropy": {
        "dmean": 0.135836616158,
        "dmean2": 0.212741792202,
        "dvar": 0.0640233084559,
        "dvar2": 0.105644978583,
        "max": 7.17073154449,
        "mean": 5.28800201416,
        "median": 5.12060165405,
        "min": 4.78528833389,
        "var": 0.268044739962
    },
    "spectral_flux": {
        "dmean": 0.0161057971418,
        "dmean2": 0.024700384587,
        "dvar": 0.00100417993963,
        "dvar2": 0.00216733245179,
        "max": 0.228803783655,
        "mean": 0.0391863510013,
        "median": 0.0259453002363,
        "min": 0.00786329060793,
        "var": 0.00154075794853
    },
    "spectral_kurtosis": {
        "dmean": 9.32485294342,
        "dmean2": 15.3333778381,
        "dvar": 115.321731567,
        "dvar2": 304.077423096,
        "max": 122.853752136,
        "mean": 27.405921936,
        "median": 20.3211898804,
        "min": 9.02213478088,
        "var": 413.723388672
    },
    "spectral_rms": {
        "dmean": 0.000387227744795,
        "dmean2": 0.000566467642784,
        "dvar": 4.64035849745e-07,
        "dvar2": 7.58587361815e-07,
        "max": 0.00879770889878,
        "mean": 0.00673647643998,
        "median": 0.00711689377204,
        "min": 0.00076284550596,
        "var": 1.15796274258e-06
    },
    "spectral_rolloff": {
        "dmean": 58.37890625,
        "dmean2": 110.811317444,
        "dvar": 24330.2109375,
        "dvar2": 56678.7460938,
        "max": 1012.06054688,
        "mean": 380.025543213,
        "median": 258.3984375,
        "min": 258.3984375,
        "var": 44812.5039062
    },
    "spectral_skewness": {
        "dmean": 0.534491062164,
        "dmean2": 0.881296396255,
        "dvar": 0.304475724697,
        "dvar2": 0.800896883011,
        "max": 8.51344966888,
        "mean": 3.72112941742,
        "median": 3.42247223854,
        "min": 2.09382677078,
        "var": 1.31323981285
    },
    "spectral_spread": {
        "dmean": 230880.4375,
        "dmean2": 307387.9375,
        "dvar": 487874494464,
        "dvar2": 378769211392,
        "max": 8855038,
        "mean": 1479920.5,
        "median": 1343613.75,
        "min": 694197.1875,
        "var": 815442821120
    },
    "spectral_strongpeak": {
        "dmean": 0.249082222581,
        "dmean2": 0.408451646566,
        "dvar": 0.406435787678,
        "dvar2": 0.698736131191,
        "max": 6.09801101685,
        "mean": 1.50308644772,
        "median": 1.44542098045,
        "min": 0.0251256860793,
        "var": 0.625793218613
    },
    "zerocrossingrate": {
        "dmean": 0.00117187504657,
        "dmean2": 0.00150873418897,
        "dvar": 7.22037520973e-06,
        "dvar2": 6.48091690891e-06,
        "max": 0.0380859375,
        "mean": 0.0126953125,
        "median": 0.0107421875,
        "min": 0.00439453125,
        "var": 3.14817334583e-05
    },
    "barkbands": {
        "dmean": [7.01400608705e-07, 2.56051976066e-06, 3.21435595652e-06, 9.41256148508e-05, 0.00349227921106, 0.000456186040537, 0.00161875679623, 0.000389235385228, 0.000180379036465, 0.000131500783027, 0.00147890578955, 0.000119961972814, 5.01950162288e-05, 1.56252172019e-05, 2.61158902504e-06, 7.9215169535e-06, 1.24927082652e-05, 3.91795902033e-06, 3.80020605917e-06, 9.00456598174e-07, 7.63782338709e-07, 1.78723189492e-06, 4.40514824618e-08, 4.94208194368e-08, 7.8532970349e-08, 4.59265372399e-08, 5.43800418029e-08],
        "dmean2": [8.4216429741e-07, 3.79289758712e-06, 5.08550829181e-06, 0.000153176835738, 0.00511096185073, 0.000734902743716, 0.00284128077328, 0.000659982964862, 0.000295525678666, 0.000251169025432, 0.00249408138916, 0.000174789136508, 8.77320781001e-05, 2.339436287e-05, 4.46469812232e-06, 1.38435789268e-05, 2.0220877559e-05, 7.01346789356e-06, 6.65580591885e-06, 1.50118307829e-06, 1.0281781897e-06, 2.9361281122e-06, 7.2603739909e-08, 5.98998965984e-08, 1.09717056773e-07, 7.12239369705e-08, 7.94477372779e-08],
        "dvar": [1.39152847231e-11, 3.75796928298e-11, 5.57165424908e-11, 5.7545506138e-09, 1.92220541066e-05, 3.0160742881e-07, 4.935144716e-06, 7.99226768322e-07, 2.46143372351e-07, 2.45883029493e-07, 3.49560359609e-05, 1.39285432965e-07, 1.7934508989e-08, 1.47843814968e-09, 5.41735337145e-11, 4.85356699276e-10, 2.14438977686e-09, 1.57790377986e-10, 1.95554822335e-10, 2.46449236886e-12, 3.13813666893e-12, 5.64128153913e-11, 1.5238017689e-14, 1.83155882361e-14, 6.62758219074e-14, 1.26441419184e-14, 8.76005793918e-15],
        "dvar2": [1.39581679548e-11, 4.53594904692e-11, 7.14066653029e-11, 1.16415401763e-08, 2.28643584705e-05, 7.01002136339e-07, 1.18884163385e-05, 1.92875950233e-06, 5.37525920663e-07, 6.35419326045e-07, 9.67619780567e-05, 2.83416994762e-07, 4.58513333967e-08, 3.48107276338e-09, 1.32593547253e-10, 1.25517296556e-09, 5.2418260843e-09, 3.13375408956e-10, 5.56406642982e-10, 6.69187318406e-12, 6.33618895199e-12, 1.35771408005e-10, 2.65877560447e-14, 2.71962780665e-14, 1.29011439119e-13, 2.2128581587e-14, 1.83634676204e-14],
        "max": [3.52019014827e-05, 5.4661592003e-05, 7.14536727173e-05, 0.00094062963035, 0.0519338287413, 0.00572249898687, 0.0207184553146, 0.00573436683044, 0.00328291067854, 0.00279495934956, 0.0494130477309, 0.00286423647776, 0.000839461688884, 0.000305580033455, 4.80759154016e-05, 0.000159969422384, 0.000362817925634, 9.315792704e-05, 0.000103088364995, 1.3563903849e-05, 1.8873004592e-05, 7.16492286301e-05, 8.33273134049e-07, 1.425841333e-06, 2.453838988e-06, 8.64473349793e-07, 9.09843436148e-07],
        "mean": [8.02127942734e-07, 3.54955659532e-06, 4.57028363599e-06, 0.000331538118189, 0.0383854396641, 0.00203774729744, 0.00435118936002, 0.000410548149375, 0.000228564880672, 0.000116279195936, 0.00155059900135, 0.000154387293151, 4.50372608611e-05, 2.43208396569e-05, 3.5537095755e-06, 1.30190928758e-05, 1.85296266864e-05, 8.94145068742e-06, 6.32860883343e-06, 2.50872631113e-06, 1.44180739881e-06, 2.18779064198e-06, 8.1181525502e-08, 7.94650247826e-08, 9.82852057518e-08, 7.38217025287e-08, 1.99168027848e-07],
        "median": [1.74539707132e-07, 1.98260318029e-06, 2.66473784905e-06, 0.0003201860236, 0.0428211092949, 0.00214824010618, 0.00307639501989, 0.000118847972772, 5.00557944179e-05, 1.88389221876e-05, 9.77069576038e-05, 3.12874035444e-05, 1.4019653463e-05, 7.26001235307e-06, 1.15287502922e-06, 5.08052607984e-06, 8.19810429675e-06, 5.18122624271e-06, 4.04113097829e-06, 1.80328902388e-06, 8.38286723592e-07, 2.51860484468e-07, 3.30129239501e-08, 2.29554348863e-08, 2.40082265179e-08, 2.37956516713e-08, 1.34983324074e-07],
        "min": [7.21817805527e-09, 7.60643814601e-08, 4.08814990749e-08, 1.3521159417e-05, 0.000229695331655, 1.98269372049e-05, 7.34499553801e-05, 6.18452668277e-06, 2.64014806817e-06, 2.89722675006e-06, 3.61803449778e-06, 1.24544749269e-06, 2.68110466095e-06, 1.47119646954e-06, 1.94688027477e-07, 1.10705616407e-06, 9.21695345824e-07, 4.10965697029e-07, 2.42660206595e-07, 4.74164750131e-07, 7.74375408241e-08, 4.71570835714e-08, 5.7425864064e-09, 4.70396432917e-09, 5.49927881011e-09, 2.64427479912e-09, 2.54687595458e-08],
        "var": [1.45929379691e-11, 4.32498759029e-11, 6.20668239026e-11, 4.53268320655e-08, 0.000158028560691, 6.10379288446e-07, 1.81610521395e-05, 7.58824171498e-07, 2.59503991629e-07, 1.80634728508e-07, 3.46085653291e-05, 1.94743620341e-07, 1.42013476534e-08, 2.82382384142e-09, 6.09212610914e-11, 5.55904433597e-10, 1.84760085009e-09, 1.87761348136e-10, 1.24710963778e-10, 4.74123561592e-12, 5.76879993427e-12, 7.86171405753e-11, 2.38326441644e-14, 3.99547609624e-14, 8.85718364971e-14, 2.18553050413e-14, 3.23791862734e-14]
    },
    "erbbands": {
        "dmean": [6.21861181571e-05, 0.000674473645631, 0.00417761784047, 0.135245963931, 3.44585204124, 20.7782478333, 3.31527304649, 4.94835662842, 7.61977291107, 31.3053245544, 5.92712926865, 4.12961244583, 4.84437084198, 15.6381416321, 53.6096992493, 5.78534078598, 2.51035881042, 0.614048719406, 0.534339904785, 0.341988861561, 0.316106021404, 0.732298970222, 0.245513662696, 0.254230558872, 0.108509764075, 0.0423200950027, 0.0217126011848, 0.0757997483015, 0.0567193813622, 0.0046530906111, 0.00137511151843, 0.000656659132801, 0.00103164266329, 0.00136906607077, 0.000323535263306, 0.00020447379211, 9.98469622573e-05, 2.90945463348e-05, 8.06983553048e-06, 6.00651856075e-06],
        "dmean2": [9.09007430892e-05, 0.000984294572845, 0.00668247416615, 0.222777426243, 5.77485895157, 29.2396907806, 5.04929018021, 8.05268383026, 13.6020288467, 54.2663612366, 9.5143661499, 6.98531532288, 8.95482063293, 25.5484218597, 91.181137085, 9.1652507782, 4.49407863617, 1.05938732624, 0.7995621562, 0.630559325218, 0.51094609499, 1.18119955063, 0.434073239565, 0.439099550247, 0.193462222815, 0.0708281248808, 0.0335561074317, 0.115719206631, 0.0894390940666, 0.00760760391131, 0.00218046130612, 0.00101749924943, 0.00131973146927, 0.0018741893582, 0.000484150776174, 0.000311384297675, 0.000153303408297, 4.29148567491e-05, 1.11034269139e-05, 9.19066496863e-06],
        "dvar": [3.88123915229e-08, 1.78955963293e-06, 4.62868629256e-05, 0.0116087896749, 12.0929250717, 786.36529541, 22.5333976746, 20.6111621857, 111.407554626, 2321.84521484, 292.509918213, 134.272171021, 345.399353027, 2593.48779297, 49609.2539062, 381.335083008, 52.2690849304, 2.8326356411, 1.42275691032, 1.13715231419, 1.00705635548, 6.77049207687, 0.831118881702, 0.790297627449, 0.141954988241, 0.00483035389334, 0.000835405429825, 0.090608343482, 0.0448059551418, 0.000219759444008, 1.44255982377e-05, 3.44623458659e-06, 8.78265836946e-06, 2.68843668891e-05, 7.10115898528e-07, 3.42072269177e-07, 4.91489018373e-08, 4.40157243986e-09, 2.04545477778e-10, 7.26013138497e-11],
        "dvar2": [4.35911715613e-08, 2.30897057918e-06, 6.02549262112e-05, 0.0252201780677, 23.1401367188, 865.080871582, 46.5609741211, 47.1508750916, 264.505004883, 5428.86523438, 702.303527832, 289.733093262, 957.540283203, 6915.51708984, 138056.171875, 972.447875977, 130.797805786, 6.29866981506, 3.43491172791, 3.20863866806, 2.02933979034, 16.8069610596, 1.60750794411, 2.19509363174, 0.391179472208, 0.0122099015862, 0.00187950383406, 0.220888078213, 0.0933793112636, 0.000396527175326, 2.51438632404e-05, 6.09804101259e-06, 1.41215214171e-05, 5.40843975614e-05, 1.56418263941e-06, 5.39814777767e-07, 1.03047213429e-07, 8.77210482031e-09, 4.2988967941e-10, 1.70966116264e-10],
        "max": [0.00192831724416, 0.0129055744037, 0.0930122807622, 1.72365808487, 41.5531082153, 309.662902832, 55.7110824585, 42.0577545166, 117.185417175, 324.608276367, 132.135238647, 78.3391494751, 125.809356689, 433.226654053, 1839.56188965, 156.737457275, 46.5091438293, 10.5625963211, 8.70349311829, 7.81414270401, 7.41735744476, 20.0516357422, 6.51662492752, 6.72167205811, 2.82043528557, 0.556401193142, 0.282475292683, 2.81650471687, 2.09281015396, 0.118902660906, 0.0271510947496, 0.0134361451492, 0.0312798693776, 0.0501302368939, 0.00606150040403, 0.00496015930548, 0.00146833993495, 0.000560455664527, 0.000130913642352, 9.56761068664e-05],
        "mean": [0.000182863281225, 0.00187711056788, 0.0238186661154, 0.842268288136, 28.3517360687, 232.277908325, 32.4680137634, 25.5563373566, 29.1102657318, 75.8076477051, 8.27854061127, 5.33457899094, 4.45387506485, 18.8609638214, 53.8321876526, 6.491563797, 2.34309196472, 0.911485612392, 0.83994603157, 0.491808325052, 0.598128378391, 1.08109557629, 0.54883402586, 0.444367706776, 0.211754202843, 0.114304058254, 0.057325642556, 0.0934100076556, 0.0815429911017, 0.00794822536409, 0.00240228651091, 0.00132194533944, 0.00156203145161, 0.00156630016863, 0.000515262887347, 0.000350520625943, 0.000147462764289, 5.83040819038e-05, 4.4993503252e-05, 5.62925561098e-05],
        "median": [0.00015299655206, 0.0016046698438, 0.0246288087219, 0.877698242664, 31.0555057526, 258.589508057, 35.1244087219, 26.415102005, 20.0173721313, 49.0964927673, 4.44081258774, 1.30960726738, 0.627385914326, 2.67434620857, 2.55174708366, 1.02805197239, 0.629281938076, 0.217078864574, 0.281073600054, 0.188076272607, 0.224827423692, 0.482602149248, 0.290653586388, 0.258943796158, 0.124278627336, 0.0805974379182, 0.043990906328, 0.0317212939262, 0.010824713856, 0.00212042289786, 0.000953633512836, 0.00046829204075, 0.000392895279219, 0.000291994569125, 0.000202157330932, 0.000112237517897, 5.74628647882e-05, 2.88392020593e-05, 3.59235164069e-05, 6.00222883804e-05],
        "min": [2.53228827205e-05, 0.000233275961364, 0.00308164744638, 0.0898471474648, 0.422394692898, 0.892124176025, 0.539811193943, 0.101895190775, 0.458982765675, 2.24239802361, 0.695178329945, 0.125703051686, 0.105467043817, 0.210690483451, 0.224174246192, 0.0967256128788, 0.133617460728, 0.0729599520564, 0.0423636585474, 0.0586448274553, 0.06259521842, 0.051593452692, 0.0283774044365, 0.0163405388594, 0.0186648108065, 0.0157319847494, 0.00852241553366, 0.00303664035164, 0.00210400414653, 0.000421706907218, 0.000199054455152, 0.000129572377773, 0.00010305304022, 8.25088936836e-05, 5.58298779652e-05, 3.98941847379e-05, 1.66038225871e-05, 6.01451074544e-06, 1.2153107491e-05, 8.19802608021e-06],
        "var": [4.20721164573e-08, 2.26275233217e-06, 0.000123752237414, 0.136309668422, 85.2295913696, 6024.62548828, 100.960464478, 76.6596221924, 619.42401123, 4953.76464844, 254.438186646, 140.474838257, 226.597061157, 2978.10620117, 46581.3554688, 389.396209717, 42.4606628418, 4.2219824791, 2.77025771141, 1.0167979002, 1.20727097988, 5.80331707001, 0.952007591724, 0.565075576305, 0.101855106652, 0.0101744160056, 0.00223876722157, 0.102552004158, 0.0890226140618, 0.000438112765551, 2.23310471483e-05, 6.75103729009e-06, 1.71398514794e-05, 3.40451551892e-05, 9.91071829048e-07, 6.28133932423e-07, 6.79339891008e-08, 7.43465822239e-09, 5.26986287941e-10, 1.75061271035e-10]
    },
    "gfcc": {
        "mean": [-148.989028931, 180.295333862, -105.91973877, -21.7905521393, -60.8321762085, -68.0718460083, -46.3731880188, -37.375831604, -42.0133018494, -22.0317955017, -11.3019256592, -3.54431343079, -2.57883739471],
        "cov": [[940.075622559, -332.772613525, -390.083557129, -163.873580933, -178.600234985, 247.524505615, 94.348526001, 72.5493469238, -56.8162994385, -44.5914649963, -90.4840698242, 127.722793579, 32.4939804077], [-332.772613525, 561.585327148, -19.0737113953, -255.083984375, 29.6617736816, -120.940589905, 52.6514854431, -48.3505516052, 31.1395206451, -10.833773613, 86.1024551392, -121.804412842, 5.34496641159], [-390.083557129, -19.0737113953, 524.007019043, 311.120452881, 29.6455535889, -127.909622192, -125.525192261, -46.0124015808, 25.3887863159, 53.3119239807, 46.5116271973, -16.2251033783, -41.0921325684], [-163.873580933, -255.083984375, 311.120452881, 425.704376221, 97.1925888062, -145.328399658, -144.925521851, -38.2163467407, -16.5750236511, 31.9518966675, 3.02089571953, 39.8941001892, -18.5807113647], [-178.600234985, 29.6617736816, 29.6455535889, 97.1925888062, 110.292434692, -99.9421463013, -40.8967971802, -15.7928466797, -2.65613889694, 14.1332645416, 17.8294429779, -19.8340301514, -0.00245916307904], [247.524505615, -120.940589905, -127.909622192, -145.328399658, -99.9421463013, 217.067520142, 76.9210891724, 52.5186080933, 6.15728616714, -10.3837203979, -41.1556053162, 36.4423179626, 3.98771095276], [94.348526001, 52.6514854431, -125.525192261, -144.925521851, -40.8967971802, 76.9210891724, 73.6973876953, 28.796503067, -1.31231248379, -17.3806209564, -9.07429218292, -3.3384449482, 8.9001750946], [72.5493469238, -48.3505516052, -46.0124015808, -38.2163467407, -15.7928466797, 52.5186080933, 28.796503067, 59.0458641052, 11.0657567978, -5.28388118744, -17.6495571136, 3.71271371841, 2.62376499176], [-56.8162994385, 31.1395206451, 25.3887863159, -16.5750236511, -2.65613889694, 6.15728616714, -1.31231248379, 11.0657567978, 29.4203567505, 9.50281333923, 4.41332292557, -18.3362770081, -7.64509868622], [-44.5914649963, -10.833773613, 53.3119239807, 31.9518966675, 14.1332645416, -10.3837203979, -17.3806209564, -5.28388118744, 9.50281333923, 23.8384304047, 5.13304233551, -4.79174661636, -11.0660486221], [-90.4840698242, 86.1024551392, 46.5116271973, 3.02089571953, 17.8294429779, -41.1556053162, -9.07429218292, -17.6495571136, 4.41332292557, 5.13304233551, 27.183921814, -18.7210388184, -5.14101028442], [127.722793579, -121.804412842, -16.2251033783, 39.8941001892, -19.8340301514, 36.4423179626, -3.3384449482, 3.71271371841, -18.3362770081, -4.79174661636, -18.7210388184, 41.6161499023, 2.66158151627], [32.4939804077, 5.34496641159, -41.0921325684, -18.5807113647, -0.00245916307904, 3.98771095276, 8.9001750946, 2.62376499176, -7.64509868622, -11.0660486221, -5.14101028442, 2.66158151627, 20.2214317322]],
        "icov": [[0.00818173307925, -0.0068557835184, 0.0121830943972, -0.010510487482, 0.0203984826803, -0.00293645542115, 0.00905159581453, -0.0127717703581, 0.0108996229246, -0.0185615755618, -0.00261704693548, -0.014526842162, -0.00277089234442], [-0.0068557835184, 0.0504416823387, -0.0266370009631, 0.0485970303416, -0.0335718095303, 0.0267205834389, -0.0293295811862, 0.0348946340382, -0.0233991611749, 0.0454071462154, -0.0444891862571, 0.0423573367298, -0.00956721138209], [0.0121830943972, -0.0266370009631, 0.0346527695656, -0.0413296930492, 0.0487696826458, -0.0153862023726, 0.0238263905048, -0.0301787015051, 0.0239246152341, -0.0485340170562, -0.00341721111909, -0.0175063051283, 0.000295179896057], [-0.010510487482, 0.0485970303416, -0.0413296930492, 0.0718411952257, -0.0577236413956, 0.0300897303969, -0.0156289190054, 0.0360158234835, -0.0279335472733, 0.0601169243455, -0.0203435886651, 0.0168217215687, -0.00271353288554], [0.0203984826803, -0.0335718095303, 0.0487696826458, -0.0577236413956, 0.0916731357574, -0.0129702258855, 0.0317137502134, -0.0480775721371, 0.0442965105176, -0.0803127810359, -0.00955370534211, -0.0180051457137, -0.0102533772588], [-0.00293645542115, 0.0267205834389, -0.0153862023726, 0.0300897303969, -0.0129702258855, 0.0337116457522, -0.0288027580827, 0.0164638813585, -0.0248223301023, 0.0151441860944, -0.0115200774744, -0.00110007054172, -0.00595202529803], [0.00905159581453, -0.0293295811862, 0.0238263905048, -0.0156289190054, 0.0317137502134, -0.0288027580827, 0.0932460054755, -0.0460282303393, 0.0476548708975, -0.0226768702269, 0.00776861561462, -0.0160324424505, 0.00757184578106], [-0.0127717703581, 0.0348946340382, -0.0301787015051, 0.0360158234835, -0.0480775721371, 0.0164638813585, -0.0460282303393, 0.0674538984895, -0.0473673380911, 0.0529133826494, -0.00034979294287, 0.0331952869892, -0.00208907108754], [0.0108996229246, -0.0233991611749, 0.0239246152341, -0.0279335472733, 0.0442965105176, -0.0248223301023, 0.0476548708975, -0.0473673380911, 0.110123023391, -0.0527847371995, 0.00559157831594, 0.0292543638498, 0.0120113929734], [-0.0185615755618, 0.0454071462154, -0.0485340170562, 0.0601169243455, -0.0803127810359, 0.0151441860944, -0.0226768702269, 0.0529133826494, -0.0527847371995, 0.150513574481, -0.0125291980803, 0.0418662875891, 0.0282719489187], [-0.00261704693548, -0.0444891862571, -0.00341721111909, -0.0203435886651, -0.00955370534211, -0.0115200774744, 0.00776861561462, -0.00034979294287, 0.00559157831594, -0.0125291980803, 0.155177980661, -0.0287679005414, 0.0277202315629], [-0.014526842162, 0.0423573367298, -0.0175063051283, 0.0168217215687, -0.0180051457137, -0.00110007054172, -0.0160324424505, 0.0331952869892, 0.0292543638498, 0.0418662875891, -0.0287679005414, 0.162522733212, 0.000259390828433], [-0.00277089234442, -0.00956721138209, 0.000295179896057, -0.00271353288554, -0.0102533772588, -0.00595202529803, 0.00757184578106, -0.00208907108754, 0.0120113929734, 0.0282719489187, 0.0277202315629, 0.000259390828433, 0.079677388072]]
    },
    "melbands": {
        "dmean": [6.21664810296e-07, 1.25141286844e-06, 6.20173523203e-05, 0.000942168815527, 0.000266980699962, 0.000101604498923, 0.000186634235433, 0.000280425912933, 3.76629213861e-05, 2.64750942733e-05, 2.30680034292e-05, 4.4969143346e-05, 0.000230153396842, 1.96536075237e-05, 9.79212381935e-06, 2.94472033602e-06, 1.0910423498e-06, 1.21536186271e-06, 2.72227737241e-07, 7.14443160632e-07, 3.41511309898e-07, 8.71833435667e-07, 3.8643776179e-07, 1.84379757684e-07, 2.24332950438e-07, 1.28592546389e-07, 4.68989398428e-08, 2.60638159943e-08, 1.43217055992e-08, 1.24725021422e-08, 6.55137597505e-08, 4.83563127318e-08, 4.25591428765e-09, 1.29087540657e-09, 9.00782004543e-10, 4.28400398489e-10, 4.1680353613e-10, 5.6573451479e-10, 1.34202859936e-09, 1.01982566836e-09],
        "dmean2": [9.19108856579e-07, 1.96882456294e-06, 0.00010724132153, 0.00139241677243, 0.00037087110104, 0.000165036341059, 0.000328793539666, 0.000481495109852, 6.04383312748e-05, 4.38635142928e-05, 4.25050384365e-05, 7.26659345673e-05, 0.000388990738429, 2.9601944334e-05, 1.76004432433e-05, 5.31463956577e-06, 1.80226356861e-06, 1.81876544048e-06, 4.79066443404e-07, 1.25830342768e-06, 5.16810473528e-07, 1.44026012094e-06, 6.51176662814e-07, 3.34322294293e-07, 4.01108309234e-07, 2.26441940754e-07, 7.8203584053e-08, 4.44800996036e-08, 2.3020879425e-08, 2.0397184386e-08, 9.88191644069e-08, 7.61449143738e-08, 7.12879888454e-09, 1.97867544571e-09, 1.41673150988e-09, 6.90029866579e-10, 6.35524521897e-10, 7.81294973162e-10, 1.8921249012e-09, 1.3768785001e-09],
        "dvar": [3.54059685216e-12, 8.96949528539e-12, 2.99534153037e-09, 1.41065379466e-06, 8.65991864885e-08, 9.98276128428e-09, 6.22136582251e-08, 2.00412230811e-07, 1.65486415682e-08, 5.09645881053e-09, 7.62768870288e-09, 1.76120042994e-08, 8.74583747645e-07, 5.18527043525e-09, 8.95730212225e-10, 6.80196385328e-11, 9.13412401271e-12, 7.25044416866e-12, 7.313134473e-13, 3.90938280012e-12, 1.51077685518e-12, 9.34089264271e-12, 1.79032602545e-12, 3.1513702238e-13, 6.35505103402e-13, 1.90287767639e-13, 8.64492837396e-15, 1.5681802814e-15, 3.55432494722e-16, 4.6609390821e-16, 7.96246681328e-14, 3.37167800461e-14, 1.75105016838e-16, 1.01457581607e-17, 6.26645727727e-18, 1.34811528429e-18, 1.74063554261e-18, 2.00473383948e-18, 2.57651358707e-17, 1.44373788009e-17],
        "dvar2": [3.95206697229e-12, 1.06492982835e-11, 6.40577102473e-09, 1.65546998687e-06, 1.15297382308e-07, 2.26889884658e-08, 1.50461644921e-07, 4.67148936423e-07, 3.92758607859e-08, 1.12935714114e-08, 2.11050465992e-08, 4.43515411064e-08, 2.4207399747e-06, 1.25840564635e-08, 2.22967333485e-09, 1.69284530838e-10, 2.02525721887e-11, 1.78375769017e-11, 1.96791172767e-12, 1.11366046593e-11, 3.25353763028e-12, 2.41087080854e-11, 3.59700572279e-12, 6.19714078231e-13, 1.81262275155e-12, 5.37693912832e-13, 2.20858250579e-14, 4.04363364624e-15, 8.72151021091e-16, 8.66948703547e-16, 1.95877778515e-13, 7.16205252656e-14, 3.21376873334e-16, 1.99679100308e-17, 1.14395166152e-17, 2.74315776551e-18, 3.25800242339e-18, 2.76672724309e-18, 5.61661591624e-17, 2.7855876228e-17],
        "max": [1.7199148715e-05, 2.84300476778e-05, 0.000671012792736, 0.0133134499192, 0.00410387013108, 0.000982850440778, 0.00279479776509, 0.00285202427767, 0.00100334058516, 0.000466518366011, 0.00057961139828, 0.00112156488467, 0.00779021857306, 0.000607602240052, 0.000181895113201, 4.98513436469e-05, 2.11476417462e-05, 2.09722929867e-05, 5.23415428688e-06, 1.490035811e-05, 9.84102280199e-06, 2.30810564972e-05, 9.94722449832e-06, 4.09129916079e-06, 5.85412499277e-06, 3.24864345203e-06, 6.72431724524e-07, 3.8273572045e-07, 1.43959127286e-07, 1.69155683238e-07, 2.56869884652e-06, 1.81569259894e-06, 1.00212133702e-07, 2.09614388069e-08, 1.95842080331e-08, 8.18526757485e-09, 1.06240705122e-08, 1.34880906444e-08, 4.87972258156e-08, 3.67230370557e-08],
        "mean": [8.81762730387e-07, 1.89778063486e-06, 0.000147129772813, 0.00982751511037, 0.00306635932066, 0.000482827133965, 0.00063986267196, 0.000682277954184, 3.75216077373e-05, 3.36437333317e-05, 2.03015533771e-05, 5.87316390011e-05, 0.000236330917687, 2.3253098334e-05, 8.57939539856e-06, 2.75536649497e-06, 1.72726163328e-06, 1.84318457741e-06, 3.24443846011e-07, 1.0376265891e-06, 5.68819586988e-07, 1.19989658742e-06, 6.55545250083e-07, 4.38098084032e-07, 3.61498678103e-07, 2.14071505411e-07, 1.05146774843e-07, 6.67300170676e-08, 3.74167754558e-08, 2.77240292945e-08, 6.984842571e-08, 6.7027819739e-08, 6.64332056033e-09, 2.01727634597e-09, 1.37923539256e-09, 8.66695271107e-10, 7.5510042663e-10, 9.52310785785e-10, 1.46735334994e-09, 1.17952880796e-09],
        "median": [4.66787525966e-07, 1.30430964873e-06, 0.000136200425914, 0.0109913470224, 0.0033735842444, 0.000514115556143, 0.000448172679171, 0.000440067815362, 8.9975173978e-06, 7.81199287303e-06, 2.96913026432e-06, 8.71533484315e-06, 1.01088317024e-05, 4.712459031e-06, 1.92848051483e-06, 7.20826619727e-07, 4.18293865323e-07, 5.98922554218e-07, 1.023064371e-07, 4.16468992626e-07, 2.20734378331e-07, 5.60303817565e-07, 3.02608953007e-07, 2.40720964939e-07, 1.98355778025e-07, 1.24926785361e-07, 6.65748984829e-08, 4.8577621925e-08, 2.84397660977e-08, 1.71309917363e-08, 1.70746030648e-08, 7.20584303338e-09, 2.22435980746e-09, 7.53836937317e-10, 5.28944443801e-10, 4.04285882549e-10, 2.15737427922e-10, 2.74280848034e-10, 2.59363752697e-10, 2.27248428408e-10],
        "min": [2.47852511848e-08, 2.32745112072e-08, 6.37675657345e-06, 5.03915907757e-05, 2.43110644078e-05, 2.31860326494e-06, 9.22877552512e-06, 2.51143628702e-05, 9.00414192984e-07, 4.28426687904e-07, 4.13979392988e-07, 6.51353161629e-07, 6.11675034179e-07, 2.19825210479e-07, 3.81055372145e-07, 1.70662630694e-07, 9.11936481884e-08, 7.01399827108e-08, 2.15117417213e-08, 8.81744526282e-08, 5.21246050766e-08, 4.78272177418e-08, 4.82139057567e-08, 1.58717750054e-08, 1.27985897436e-08, 8.57673843058e-09, 1.83216837257e-08, 9.00149910166e-09, 6.60821264375e-09, 1.61315250047e-09, 2.00274508089e-09, 1.36655420313e-09, 3.14567455417e-10, 1.3208059646e-10, 8.40026312399e-11, 8.38629582445e-11, 4.74798880767e-11, 4.16914350265e-11, 4.53694269653e-11, 4.89508156232e-11],
        "var": [3.89649900887e-12, 9.76613581671e-12, 9.93576421138e-09, 1.06709530883e-05, 9.31029546791e-07, 2.95545117268e-08, 3.34194140805e-07, 3.96746202114e-07, 1.43041001266e-08, 5.36567013043e-09, 4.93467355867e-09, 2.31864749622e-08, 8.59351303006e-07, 5.78051073674e-09, 7.04999392198e-10, 5.62296875728e-11, 1.57939859108e-11, 1.4178021604e-11, 6.33239337702e-13, 3.97045374009e-12, 1.52359277538e-12, 7.40482675177e-12, 1.96799911437e-12, 4.05476054208e-13, 4.15027333247e-13, 1.25483282619e-13, 1.1524617625e-14, 3.50850851159e-15, 7.94151409808e-16, 9.56519261346e-16, 8.19242812694e-14, 6.58277279257e-14, 2.91446567096e-16, 1.63046414265e-17, 8.74281021094e-18, 2.26242831084e-18, 3.12868658989e-18, 4.71263778767e-18, 3.16321079255e-17, 1.87858159959e-17]
    },
    "mfcc": {
        "mean": [-804.340576172, 214.041748047, -8.00682544708, 19.900220871, -22.1585006714, -38.1481132507, -21.9807434082, -32.6364746094, -34.6087608337, -43.4572486877, -26.0560855865, -13.3912744522, -11.131772995],
        "cov": [[963.482177734, -42.8140640259, -451.929779053, -279.858917236, -266.586181641, 45.333366394, 65.2855377197, 134.342529297, 196.882766724, -89.4039077759, 56.1872673035, -36.9909133911, 7.50530862808], [-42.8140640259, 385.048553467, -12.3041086197, -240.638565063, -70.7605667114, -60.5352249146, 34.9035415649, 1.68802630901, -41.950630188, 60.1433601379, -29.2141113281, 0.892669022083, -2.50212574005], [-451.929779053, -12.3041086197, 452.056152344, 189.381225586, 125.375740051, 39.1248817444, -30.6198234558, -42.0370101929, -98.9546203613, 21.9712944031, -5.54415082932, 32.7525672913, 26.4691486359], [-279.858917236, -240.638565063, 189.381225586, 521.413391113, 214.681625366, -5.36803340912, -58.1706123352, -101.622406006, -74.8329238892, -35.2658424377, -13.4912786484, 35.2619590759, 6.64114904404], [-266.586181641, -70.7605667114, 125.375740051, 214.681625366, 170.067153931, -2.97561240196, -20.4344100952, -53.8200302124, -56.5894432068, 24.5990180969, -4.64755582809, 25.9046230316, 0.494368731976], [45.333366394, -60.5352249146, 39.1248817444, -5.36803340912, -2.97561240196, 68.2444839478, 10.5320091248, 22.7863693237, 26.5968742371, -6.83198261261, 25.7079372406, 5.99823474884, 9.38371181488], [65.2855377197, 34.9035415649, -30.6198234558, -58.1706123352, -20.4344100952, 10.5320091248, 44.3903121948, 35.5648345947, 25.3325691223, 6.97771215439, 10.4769163132, 6.10835361481, -1.23262369633], [134.342529297, 1.68802630901, -42.0370101929, -101.622406006, -53.8200302124, 22.7863693237, 35.5648345947, 77.3139343262, 66.5238113403, 15.8891077042, 23.7176113129, 0.709264457226, 2.68450069427], [196.882766724, -41.950630188, -98.9546203613, -74.8329238892, -56.5894432068, 26.5968742371, 25.3325691223, 66.5238113403, 98.9894561768, 16.1195983887, 24.4995632172, -7.46336555481, 0.382673293352], [-89.4039077759, 60.1433601379, 21.9712944031, -35.2658424377, 24.5990180969, -6.83198261261, 6.97771215439, 15.8891077042, 16.1195983887, 79.468788147, 7.04743909836, 11.1700372696, -5.65515756607], [56.1872673035, -29.2141113281, -5.54415082932, -13.4912786484, -4.64755582809, 25.7079372406, 10.4769163132, 23.7176113129, 24.4995632172, 7.04743909836, 28.7639293671, 8.88520336151, -0.189974039793], [-36.9909133911, 0.892669022083, 32.7525672913, 35.2619590759, 25.9046230316, 5.99823474884, 6.10835361481, 0.709264457226, -7.46336555481, 11.1700372696, 8.88520336151, 28.0974826813, 4.1477971077], [7.50530862808, -2.50212574005, 26.4691486359, 6.64114904404, 0.494368731976, 9.38371181488, -1.23262369633, 2.68450069427, 0.382673293352, -5.65515756607, -0.189974039793, 4.1477971077, 19.2555046082]],
