{
"lowlevel": {
    "average_loudness": 0.974230110645,
    "barkbands_crest": {
        "dmean": 0.576550960541,
        "dmean2": 0.889678120613,
        "dvar": 1.9506611824,
        "dvar2": 4.55355834961,
        "max": 23.4478149414,
        "mean": 21.8009643555,
        "median": 22.5347003937,
        "min": 4.75676345825,
        "var": 8.53160762787
    },
    "barkbands_flatness_db": {
        "dmean": 0.0117753753439,
        "dmean2": 0.0166922975332,
        "dvar": 0.000153066241182,
        "dvar2": 0.000285856600385,
        "max": 0.402161538601,
        "mean": 0.359871119261,
        "median": 0.369055002928,
        "min": 0.0954498946667,
        "var": 0.00172043475322
    },
    "barkbands_kurtosis": {
        "dmean": 5.49438667297,
        "dmean2": 8.34543323517,
        "dvar": 31.0481681824,
        "dvar2": 60.0064659119,
        "max": 74.3145980835,
        "mean": 48.3378829956,
        "median": 51.2646942139,
        "min": 0.16499376297,
        "var": 198.456192017
    },
    "barkbands_skewness": {
        "dmean": 0.35261335969,
        "dmean2": 0.526053249836,
        "dvar": 0.143576815724,
        "dvar2": 0.244628682733,
        "max": 6.64063119888,
        "mean": 4.92315292358,
        "median": 5.16882324219,
        "min": 0.0453683510423,
        "var": 1.20760607719
    },
    "barkbands_spread": {
        "dmean": 0.237975686789,
        "dmean2": 0.359649926424,
        "dvar": 0.581747710705,
        "dvar2": 1.26394164562,
        "max": 15.8250026703,
        "mean": 1.59567832947,
        "median": 1.03764748573,
        "min": 0.796477556229,
        "var": 4.58579921722
    },
    "dissonance": {
        "dmean": 0.0136738177389,
        "dmean2": 0.0223719626665,
        "dvar": 0.000360166392056,
        "dvar2": 0.00088619167218,
        "max": 0.49023398757,
        "mean": 0.347391307354,
        "median": 0.338400870562,
        "min": 0.314767211676,
        "var": 0.000916760647669
    },
    "dynamic_complexity": 0.56598418951,
    "erbbands_crest": {
        "dmean": 0.917446374893,
        "dmean2": 1.39394652843,
        "dvar": 2.48241734505,
        "dvar2": 6.16792488098,
        "max": 21.3650627136,
        "mean": 18.2589359283,
        "median": 18.8091564178,
        "min": 6.18804121017,
        "var": 5.99259471893
    },
    "erbbands_flatness_db": {
        "dmean": 0.00867805164307,
        "dmean2": 0.0121436975896,
        "dvar": 0.000104051316157,
        "dvar2": 0.00017897397629,
        "max": 0.358506679535,
        "mean": 0.327548295259,
        "median": 0.332086861134,
        "min": 0.154420822859,
        "var": 0.000567346112803
    },
    "erbbands_kurtosis": {
        "dmean": 1.27139866352,
        "dmean2": 2.00250339508,
        "dvar": 2.0869383812,
        "dvar2": 3.93957734108,
        "max": 21.5586929321,
        "mean": 15.286108017,
        "median": 16.2214107513,
        "min": -0.560141801834,
        "var": 17.1497459412
    },
    "erbbands_skewness": {
        "dmean": 0.165728196502,
        "dmean2": 0.254370808601,
        "dvar": 0.0422410704195,
        "dvar2": 0.0738247260451,
        "max": 3.62737393379,
        "mean": 2.95821213722,
        "median": 3.13186168671,
        "min": -0.0817651823163,
        "var": 0.492529213428
    },
    "erbbands_spread": {
        "dmean": 0.777215361595,
        "dmean2": 1.1266862154,
        "dvar": 2.37495946884,
        "dvar2": 5.37177610397,
        "max": 30.7044582367,
        "mean": 7.28408241272,
        "median": 6.43363523483,
        "min": 5.30664348602,
        "var": 10.8469152451
    },
    "hfc": {
        "dmean": 2.2315454483,
        "dmean2": 3.18571400642,
        "dvar": 93.7764587402,
        "dvar2": 139.784103394,
        "max": 141.345275879,
        "mean": 17.2616252899,
        "median": 14.1411418915,
        "min": 1.74195861816,
        "var": 369.509277344
    },
    "melbands_crest": {
        "dmean": 0.697864353657,
        "dmean2": 1.07593369484,
        "dvar": 2.11918330193,
        "dvar2": 5.66674900055,
        "max": 21.7185783386,
        "mean": 19.4808673859,
        "median": 19.8181724548,
        "min": 7.59044742584,
        "var": 2.95133018494
    },
    "melbands_flatness_db": {
        "dmean": 0.0109893660992,
        "dmean2": 0.0147833442315,
        "dvar": 0.000152358232299,
        "dvar2": 0.00026221058215,
        "max": 0.486583709717,
        "mean": 0.445582836866,
        "median": 0.45769020915,
        "min": 0.180591672659,
        "var": 0.00232814019546
    },
    "melbands_kurtosis": {
        "dmean": 3.84266972542,
        "dmean2": 5.89530277252,
        "dvar": 13.5867958069,
        "dvar2": 28.1216068268,
        "max": 58.3300895691,
        "mean": 29.7289505005,
        "median": 31.076374054,
        "min": 0.555094718933,
        "var": 75.1869354248
    },
    "melbands_skewness": {
        "dmean": 0.239587455988,
        "dmean2": 0.356917589903,
        "dvar": 0.0680606737733,
        "dvar2": 0.115627929568,
        "max": 5.36756563187,
        "mean": 3.3832783699,
        "median": 3.50567650795,
        "min": -0.221170067787,
        "var": 0.394600480795
    },
    "melbands_spread": {
        "dmean": 0.249161660671,
        "dmean2": 0.38539865613,
        "dvar": 0.845355510712,
        "dvar2": 1.48422181606,
        "max": 21.7802791595,
        "mean": 2.29705572128,
        "median": 1.50637054443,
        "min": 1.22378849983,
        "var": 9.03429222107
    },
    "pitch_salience": {
        "dmean": 0.0227197781205,
        "dmean2": 0.0364582054317,
        "dvar": 0.00199433020316,
        "dvar2": 0.00473035313189,
        "max": 0.822658419609,
        "mean": 0.336880803108,
        "median": 0.318172216415,
        "min": 0.267525076866,
        "var": 0.00608198763803
    },
    "silence_rate_20dB": {
        "dmean": 0,
        "dmean2": 0,
        "dvar": 0,
        "dvar2": 0,
        "max": 1,
        "mean": 1,
        "median": 1,
        "min": 1,
        "var": 0
    },
    "silence_rate_30dB": {
        "dmean": 0.0066666668281,
        "dmean2": 0.0100334445015,
        "dvar": 0.00662222318351,
        "dvar2": 0.00993277411908,
        "max": 1,
        "mean": 0.966777384281,
        "median": 1,
        "min": 0,
        "var": 0.0321188494563
    },
    "silence_rate_60dB": {
        "dmean": 0,
        "dmean2": 0,
        "dvar": 0,
        "dvar2": 0,
        "max": 0,
        "mean": 0,
        "median": 0,
        "min": 0,
        "var": 0
    },
    "spectral_centroid": {
        "dmean": 15.4235534668,
        "dmean2": 22.336101532,
        "dvar": 2727.76318359,
        "dvar2": 5403.58984375,
        "max": 1101.79675293,
        "mean": 334.456176758,
        "median": 301.768676758,
        "min": 288.275146484,
        "var": 16214.7226562
    },
    "spectral_complexity": {
        "dmean": 1.12000000477,
        "dmean2": 1.90635454655,
        "dvar": 5.81893491745,
        "dvar2": 8.33236789703,
        "max": 43,
        "mean": 5.78737545013,
        "median": 5,
        "min": 3,
        "var": 24.8650836945
    },
    "spectral_decrease": {
        "dmean": 1.37602085282e-09,
        "dmean2": 1.95542471104e-09,
        "dvar": 2.08616058908e-17,
        "dvar2": 3.29459619058e-17,
        "max": -9.78441105914e-10,
        "mean": -1.35429729653e-08,
        "median": -1.26444383852e-08,
        "min": -6.96773270192e-08,
        "var": 6.71278176736e-17
    },
    "spectral_energy": {
        "dmean": 0.00539170438424,
        "dmean2": 0.00766751822084,
        "dvar": 0.000326922774548,
        "dvar2": 0.000513743201736,
        "max": 0.274412721395,
        "mean": 0.0526798516512,
        "median": 0.0490030683577,
        "min": 0.00396379362792,
        "var": 0.00106407701969
    },
    "spectral_energyband_high": {
        "dmean": 9.11881397769e-06,
        "dmean2": 1.28705569296e-05,
        "dvar": 2.41484920949e-09,
        "dvar2": 5.11211473153e-09,
        "max": 0.000944614817854,
        "mean": 2.23647966777e-05,
        "median": 1.21727889564e-05,
        "min": 1.80825691132e-06,
        "var": 4.91445817374e-09
    },
    "spectral_energyband_low": {
        "dmean": 2.49989479926e-05,
        "dmean2": 4.22492084908e-05,
        "dvar": 2.64105048942e-09,
        "dvar2": 6.74898847919e-09,
        "max": 0.00084583053831,
        "mean": 6.20096107014e-05,
        "median": 4.97777655255e-05,
        "min": 8.21537287266e-06,
        "var": 3.90976540032e-09
    },
    "spectral_energyband_middle_high": {
        "dmean": 0.000734775094315,
        "dmean2": 0.000985606340691,
        "dvar": 2.41694870056e-05,
        "dvar2": 3.05223402393e-05,
        "max": 0.0693437382579,
        "mean": 0.00226414599456,
        "median": 0.000133456982439,
        "min": 1.8430460841e-05,
        "var": 0.000113785441499
    },
    "spectral_energyband_middle_low": {
        "dmean": 0.00489777745679,
        "dmean2": 0.00700014084578,
        "dvar": 0.000188574995263,
        "dvar2": 0.000325833068928,
        "max": 0.21832986176,
        "mean": 0.0503700561821,
        "median": 0.0488085076213,
        "min": 0.00142207648605,
        "var": 0.000529542798176
    },
    "spectral_entropy": {
        "dmean": 0.101833544672,
        "dmean2": 0.143962204456,
        "dvar": 0.0162080451846,
        "dvar2": 0.0312112309039,
        "max": 8.47500038147,
        "mean": 5.69176769257,
        "median": 5.58325624466,
        "min": 5.34842729568,
        "var": 0.1631436795
    },
    "spectral_flux": {
        "dmean": 0.0100213065743,
        "dmean2": 0.0162065885961,
        "dvar": 0.00108412664849,
        "dvar2": 0.00202310318127,
        "max": 0.40852689743,
        "mean": 0.0245260763913,
        "median": 0.0134852640331,
        "min": 0.00811857450753,
        "var": 0.00171811832115
    },
    "spectral_kurtosis": {
        "dmean": 8.11115932465,
        "dmean2": 15.0519065857,
        "dvar": 30.0380306244,
        "dvar2": 89.4843902588,
        "max": 34.1800231934,
        "mean": 20.4661331177,
        "median": 21.2979736328,
        "min": 2.99531698227,
        "var": 45.5874938965
    },
    "spectral_rms": {
        "dmean": 0.000361959857401,
        "dmean2": 0.000500280002598,
        "dvar": 1.06128743482e-06,
        "dvar2": 1.72002933141e-06,
        "max": 0.0163621436805,
        "mean": 0.0069718034938,
        "median": 0.00691432366148,
        "min": 0.00196649832651,
        "var": 2.78894299299e-06
    },
    "spectral_rolloff": {
        "dmean": 16.65234375,
        "dmean2": 29.0950298309,
        "dvar": 2616.06054688,
        "dvar2": 4916.11767578,
        "max": 1076.66015625,
        "mean": 369.212005615,
        "median": 344.53125,
        "min": 279.931640625,
        "var": 25718.9414062
    },
    "spectral_skewness": {
        "dmean": 0.663474857807,
        "dmean2": 1.22293555737,
        "dvar": 0.201090201735,
        "dvar2": 0.601744055748,
        "max": 4.3979010582,
        "mean": 3.27729034424,
        "median": 3.3363878727,
        "min": 1.18715262413,
        "var": 0.347227424383
    },
    "spectral_spread": {
        "dmean": 410448.3125,
        "dmean2": 657955.5,
        "dvar": 878591606784,
        "dvar2": 490873847808,
        "max": 23670158,
        "mean": 2631500.75,
        "median": 2546922,
        "min": 1421705.5,
        "var": 1.70130276352e+12
    },
    "spectral_strongpeak": {
        "dmean": 0.111263491213,
        "dmean2": 0.157972872257,
        "dvar": 0.118029229343,
        "dvar2": 0.228505849838,
        "max": 4.49411058426,
        "mean": 2.0017812252,
        "median": 2.00846481323,
        "min": 0.0507027544081,
        "var": 0.190712526441
    },
    "zerocrossingrate": {
        "dmean": 0.0016324869357,
        "dmean2": 0.00233035907149,
        "dvar": 3.37889491675e-06,
        "dvar2": 4.35096762885e-06,
        "max": 0.044921875,
        "mean": 0.0155098242685,
        "median": 0.0146484375,
        "min": 0.00537109375,
        "var": 2.1076100893e-05
    },
    "barkbands": {
        "dmean": [1.60173897257e-06, 1.3748348465e-05, 8.49386560731e-06, 2.71236640401e-05, 0.00421325303614, 0.000452191423392, 0.000362649094313, 0.000402944686357, 0.000317809084663, 0.000179399634362, 0.000587095681112, 5.94010271016e-05, 6.80389857735e-05, 1.53087221406e-05, 7.8372831922e-06, 3.60368103429e-05, 5.42307752767e-05, 3.56201489922e-05, 2.13631465158e-05, 9.85340648185e-06, 3.6730039028e-06, 1.34543518016e-06, 2.54519648024e-07, 1.35539394819e-07, 1.30753974759e-07, 1.82839059448e-07, 1.39924040354e-07],
        "dmean2": [2.71919157058e-06, 2.32784441323e-05, 1.43652596307e-05, 4.64085533167e-05, 0.00608522538096, 0.000763957563322, 0.000597971316893, 0.000668272608891, 0.00049824884627, 0.000280984357232, 0.000844236812554, 0.000111625646241, 9.20208913158e-05, 2.17082069867e-05, 1.17763311209e-05, 5.73349134356e-05, 9.64308928815e-05, 6.39405552647e-05, 3.78651748179e-05, 1.48332583194e-05, 4.96023585583e-06, 2.38059396906e-06, 4.23480884137e-07, 2.16113122065e-07, 2.1239787884e-07, 2.97450696962e-07, 2.28238803857e-07],
        "dvar": [6.65239183184e-11, 2.97813829153e-10, 3.48492401603e-10, 3.66989194589e-09, 0.0001463554363, 1.39367148222e-06, 1.86535078228e-06, 5.43393127828e-07, 3.02691819343e-06, 1.24964878978e-06, 1.6555946786e-05, 1.45891235093e-07, 1.88407355495e-07, 7.32438820705e-09, 1.67817892915e-09, 4.01934556749e-08, 1.24768575915e-07, 5.68999176664e-08, 1.79859771521e-08, 2.87108714581e-09, 2.49127801721e-10, 4.80005861447e-11, 1.14390333143e-12, 2.44325772721e-13, 1.96473113928e-13, 5.53201364925e-13, 8.69001254961e-14],
        "dvar2": [1.55795709667e-10, 7.58551554902e-10, 9.00926167002e-10, 1.1072420314e-08, 0.000268959149253, 4.33856394011e-06, 4.21106597059e-06, 1.6913802483e-06, 6.66273308525e-06, 3.168245712e-06, 2.47497573582e-05, 4.38568747541e-07, 2.58712702816e-07, 1.23163577115e-08, 3.07049785597e-09, 9.05835904064e-08, 3.5901879869e-07, 1.66731823015e-07, 5.46122116418e-08, 6.17846440676e-09, 4.05030592399e-10, 1.42620179555e-10, 3.69068577782e-12, 6.52799916987e-13, 5.87392168325e-13, 1.24452759296e-12, 1.74197841481e-13],
        "max": [0.000136308779474, 0.000211447215406, 0.000294013618259, 0.00066164508462, 0.182717606425, 0.0143653498963, 0.0166746173054, 0.00845253840089, 0.0288339685649, 0.01632184349, 0.0536331422627, 0.00489871297032, 0.00632959650829, 0.00120402185712, 0.000634888594504, 0.00292406929657, 0.00475658662617, 0.00318644102663, 0.00192650547251, 0.00107055855915, 0.000322631851304, 9.85334045254e-05, 1.53152868734e-05, 9.40559311857e-06, 5.66797461943e-06, 1.08169406303e-05, 4.35298079537e-06],
        "mean": [1.94722315427e-06, 2.29332454182e-05, 1.41120262924e-05, 4.74042208225e-05, 0.0417931899428, 0.00346812885255, 0.000783128140029, 0.00354397972114, 0.000700523960404, 0.000212108963751, 0.00156544102356, 6.12538642599e-05, 0.0001757133723, 3.53137547791e-05, 1.44377172546e-05, 6.33500239928e-05, 5.98294755036e-05, 4.18949603045e-05, 3.59021651093e-05, 2.56282837654e-05, 8.56347287481e-06, 2.27874647862e-06, 4.5474840249e-07, 3.06491699575e-07, 3.1126421618e-07, 4.0754051156e-07, 9.62550757322e-07],
        "median": [6.22181232757e-07, 1.43678025779e-05, 1.06058087113e-05, 3.68045621144e-05, 0.0408781804144, 0.00360743002966, 0.000278776802588, 0.00374546344392, 4.44683355454e-05, 2.71197695838e-05, 2.88815972453e-05, 9.34695617616e-06, 7.23407538317e-06, 2.37062204178e-06, 1.58693785579e-06, 6.22107745585e-06, 1.41969157994e-05, 1.40173051477e-05, 1.59517549037e-05, 9.86667146208e-06, 4.88444175062e-06, 1.51656240632e-06, 2.14005467569e-07, 1.54789503881e-07, 1.94877898707e-07, 2.57542581039e-07, 9.33174248985e-07],
        "min": [2.68076894017e-09, 7.32959392735e-07, 6.55934343285e-07, 4.00371209253e-06, 0.000314850767609, 8.69802024681e-05, 5.9334510297e-05, 1.31847864395e-05, 9.07332832867e-06, 1.06394440991e-06, 3.8067105379e-06, 9.42134533943e-07, 9.64043465501e-07, 4.21155931463e-07, 3.66985915434e-07, 9.02077829323e-07, 2.17106844502e-06, 2.7839687391e-06, 4.01834950026e-06, 1.52418408561e-06, 7.72609723754e-07, 2.22111893322e-07, 3.66864227885e-08, 1.43053942026e-08, 1.45194762879e-08, 1.22694610027e-08, 2.27398295749e-08],
        "var": [1.07313505304e-10, 7.21660842196e-10, 4.5085843392e-10, 3.39565242591e-09, 0.000357893033652, 1.37024017022e-06, 4.23381015935e-06, 8.43603743306e-07, 1.15982575153e-05, 1.29160980578e-06, 6.73120448482e-05, 1.14105638716e-07, 7.97392715413e-07, 2.64957709106e-08, 4.75654715615e-09, 9.85242536444e-08, 1.04684204416e-07, 4.26229043171e-08, 1.6696766636e-08, 9.03499053351e-09, 6.38565256228e-10, 3.61663789195e-11, 1.43673376148e-12, 6.6118069136e-13, 2.85860094276e-13, 6.70302192658e-13, 1.6086483816e-13]
    },
    "erbbands": {
        "dmean": [0.000272462057183, 0.0035571733024, 0.00939501263201, 0.0607652775943, 2.05644702911, 24.683259964, 7.59522151947, 4.73396205902, 3.9427087307, 6.66873645782, 7.58937168121, 5.85138940811, 7.5099105835, 16.2819099426, 10.1199941635, 2.26773524284, 1.82355749607, 1.77465581894, 0.735157310963, 0.919553220272, 2.08049559593, 3.34551787376, 2.18705821037, 1.39125072956, 0.690786898136, 0.436922967434, 0.265863567591, 0.0997068211436, 0.0556522123516, 0.0140756638721, 0.00712186517194, 0.00315917283297, 0.00236588111147, 0.00156225392129, 0.00105247541796, 0.000676731753629, 0.000399221869884, 0.000100587159977, 2.19544162974e-05, 7.33168644729e-06],
        "dmean2": [0.000459863775177, 0.00606812117621, 0.0164339542389, 0.102015554905, 3.00793242455, 35.4305458069, 11.448264122, 7.88204336166, 6.76715135574, 10.8558359146, 12.7541313171, 9.10075473785, 13.0311794281, 23.251373291, 13.7765073776, 4.10652208328, 2.49693155289, 2.25387239456, 1.05104482174, 1.50247371197, 3.19702482224, 6.05649185181, 3.93092370033, 2.41217041016, 1.177344203, 0.66375887394, 0.322132825851, 0.154355034232, 0.0979342311621, 0.0242190342396, 0.0119590340182, 0.00506582809612, 0.00376137555577, 0.00248551252298, 0.00178107665852, 0.00107334763743, 0.000646996835712, 0.00016966140538, 3.72774557036e-05, 1.10003520604e-05],
        "dvar": [2.27532623853e-07, 1.8441796783e-05, 0.000346826156601, 0.0268189590424, 44.374786377, 5651.48242188, 241.741378784, 90.5217208862, 246.411361694, 415.607788086, 415.708831787, 985.12677002, 1672.35742188, 9275.41308594, 4984.1015625, 205.146224976, 128.029373169, 140.207168579, 21.986656189, 22.766910553, 143.088150024, 483.166259766, 226.156036377, 79.5267028809, 14.9597024918, 5.66259527206, 1.8386234045, 0.147188052535, 0.08879198879, 0.00536400824785, 0.000924335035961, 0.000118090632895, 7.97824759502e-05, 2.76566115645e-05, 1.12736279334e-05, 7.40080122341e-06, 2.23439201363e-06, 9.99214933017e-08, 2.24529195236e-09, 4.23096557789e-10],
        "dvar2": [5.67859729017e-07, 4.83217627334e-05, 0.000935476331506, 0.0695561468601, 90.7197418213, 10420.8515625, 552.564331055, 282.321868896, 705.327880859, 795.633178711, 1253.75439453, 1853.0267334, 4665.30078125, 14035.765625, 6604.58007812, 591.064880371, 183.786834717, 183.555892944, 37.0366210938, 50.9896316528, 327.03024292, 1398.71826172, 651.923828125, 238.407348633, 43.629447937, 13.1411180496, 3.18747234344, 0.3053779006, 0.261598020792, 0.0165477357805, 0.00294637633488, 0.000324004970025, 0.00022744796297, 8.2155544078e-05, 3.41236700478e-05, 1.75647728611e-05, 5.08622997586e-06, 2.04039665164e-07, 4.65663596572e-09, 7.6703843277e-10],
        "max": [0.0077922292985, 0.0481067188084, 0.298217892647, 2.27175188065, 96.9371414185, 1124.62695312, 201.74848938, 118.428329468, 194.298904419, 256.116638184, 258.054870605, 509.153411865, 487.901885986, 1208.23205566, 956.397521973, 212.351776123, 172.091812134, 173.396728516, 67.8506698608, 70.0276870728, 180.071044922, 283.76953125, 208.485565186, 123.573745728, 62.5028610229, 45.5957679749, 27.9857521057, 7.19461393356, 4.29293489456, 1.07388818264, 0.41534781456, 0.205307915807, 0.153054326773, 0.0734501183033, 0.0366073772311, 0.0390010252595, 0.0221941433847, 0.00432228157297, 0.000722749100532, 0.000309014663799],
        "mean": [0.000505384756252, 0.0064863380976, 0.0230742953718, 0.292073488235, 12.1807498932, 241.062942505, 85.7183685303, 46.1142730713, 11.0733785629, 38.3451080322, 59.5252914429, 16.0964260101, 11.8910179138, 39.2029151917, 29.2511940002, 3.32605195045, 5.05367088318, 4.72290182114, 1.74722766876, 1.65561878681, 3.60347175598, 3.55531644821, 2.52241420746, 2.168217659, 1.47582030296, 1.10401940346, 0.55576646328, 0.239238500595, 0.098590105772, 0.0242751948535, 0.0125440172851, 0.00692035024986, 0.00519122369587, 0.00354890571907, 0.0022931273561, 0.00141993060242, 0.000842237379402, 0.000318623468047, 0.000135844296892, 7.59114846005e-05],
        "median": [0.000371122179786, 0.00423481874168, 0.0183028597385, 0.264163374901, 10.7222509384, 234.217269897, 87.7755584717, 48.2646865845, 8.37771511078, 32.4595832825, 61.5317802429, 3.20544219017, 0.71008336544, 1.16120648384, 0.784694194794, 0.401358246803, 0.289859950542, 0.191174581647, 0.118266262114, 0.190720811486, 0.355293929577, 0.861990332603, 0.70704716444, 0.923046946526, 0.642999351025, 0.464305579662, 0.250015974045, 0.154668658972, 0.066137701273, 0.0121682425961, 0.00609391881153, 0.00341679318808, 0.00273594469763, 0.00213330658153, 0.00144348177128, 0.000819653854705, 0.000547070638277, 0.000256299477769, 0.000126655155327, 7.19373419997e-05],
        "min": [3.58076686098e-05, 0.000745103985537, 0.00155784096569, 0.018236566335, 0.154396161437, 1.02323186398, 1.1921530962, 1.16779053211, 1.64113485813, 1.13931822777, 0.837683916092, 0.522343218327, 0.0487639866769, 0.0947480499744, 0.112036600709, 0.045927207917, 0.0300199463964, 0.0338904224336, 0.0312519520521, 0.0238283704966, 0.0614241436124, 0.112514555454, 0.108588881791, 0.27223855257, 0.115461170673, 0.0784790143371, 0.0364446602762, 0.0223140977323, 0.00952547695488, 0.00301739876159, 0.0011916118674, 0.000523252645507, 0.000305535417283, 0.000228432167205, 0.000152961802087, 9.61210243986e-05, 5.18935848959e-05, 1.83341417141e-05, 2.01388884307e-05, 9.66736570263e-06],
        "var": [3.95672969944e-07, 4.71875791845e-05, 0.000491029408295, 0.0436953753233, 114.690444946, 14027.7138672, 462.972137451, 174.215911865, 186.338592529, 1066.75891113, 311.273895264, 4392.73193359, 3148.21777344, 35890.0117188, 22181.4980469, 265.333953857, 582.281494141, 605.615539551, 69.832611084, 58.7768173218, 333.824768066, 382.100463867, 182.19430542, 68.360244751, 23.350320816, 15.1338510513, 4.6202082634, 0.292637646198, 0.0683035627007, 0.00497799180448, 0.00112812232692, 0.000319896556903, 0.000179381589987, 4.45037512691e-05, 1.41993541547e-05, 8.67499966262e-06, 2.69452038992e-06, 1.45057398981e-07, 3.65617669473e-09, 1.24977161953e-09]
    },
    "gfcc": {
        "mean": [-108.665962219, 141.9324646, -93.3015289307, -2.83866858482, -75.8189849854, -77.0946960449, -44.4760322571, -19.4356918335, -35.766254425, -11.4237747192, -13.4393568039, -1.7713394165, -3.71778678894],
        "cov": [[872.307922363, -13.1008224487, -547.813354492, -147.759719849, 60.2532691956, 256.457122803, 68.8527679443, 3.10056233406, -54.6922264099, -106.815582275, -37.9226646423, -37.7575035095, 47.4020462036], [-13.1008224487, 145.00881958, -0.239033207297, 23.2540721893, 20.6606941223, -61.0151634216, 21.2955532074, -21.7512207031, 7.49019527435, -18.7151889801, 11.7408056259, -20.4373435974, 15.568898201], [-547.813354492, -0.239033207297, 500.843475342, 162.275588989, -54.558506012, -179.225097656, -70.5691757202, 9.09162425995, 41.4884185791, 88.7664031982, 27.2203006744, 25.5581645966, -39.9313278198], [-147.759719849, 23.2540721893, 162.275588989, 85.2636947632, -12.3748817444, -64.3382949829, -22.5653438568, -6.30383968353, 21.2920761108, 24.9914054871, 9.7116355896, -3.72509002686, -8.22215080261], [60.2532691956, 20.6606941223, -54.558506012, -12.3748817444, 37.833568573, 30.4196453094, 22.6006355286, 8.44766902924, 1.15840160847, -4.10962867737, 1.15547013283, 0.0129321292043, 6.12534475327], [256.457122803, -61.0151634216, -179.225097656, -64.3382949829, 30.4196453094, 148.39239502, 39.5874977112, 21.3996906281, -14.8341636658, -20.4550895691, -8.52269554138, 7.87279224396, 13.393535614], [68.8527679443, 21.2955532074, -70.5691757202, -22.5653438568, 22.6006355286, 39.5874977112, 41.9208068848, 9.30285358429, -5.1657128334, -12.1409826279, 3.76700878143, 5.30777168274, 12.7826080322], [3.10056233406, -21.7512207031, 9.09162425995, -6.30383968353, 8.44766902924, 21.3996906281, 9.30285358429, 26.8518390656, 0.28993538022, 6.48678827286, 3.81090402603, 15.8996944427, -0.243516996503], [-54.6922264099, 7.49019527435, 41.4884185791, 21.2920761108, 1.15840160847, -14.8341636658, -5.1657128334, 0.28993538022, 17.3523674011, 12.0199012756, 4.19836091995, 3.80641674995, -1.14390528202], [-106.815582275, -18.7151889801, 88.7664031982, 24.9914054871, -4.10962867737, -20.4550895691, -12.1409826279, 6.48678827286, 12.0199012756, 35.1627197266, 8.17070484161, 12.4565811157, -8.22206497192], [-37.9226646423, 11.7408056259, 27.2203006744, 9.7116355896, 1.15547013283, -8.52269554138, 3.76700878143, 3.81090402603, 4.19836091995, 8.17070484161, 13.2047605515, 5.73689556122, -1.26132321358], [-37.7575035095, -20.4373435974, 25.5581645966, -3.72509002686, 0.0129321292043, 7.87279224396, 5.30777168274, 15.8996944427, 3.80641674995, 12.4565811157, 5.73689556122, 23.1082077026, -3.35377192497], [47.4020462036, 15.568898201, -39.9313278198, -8.22215080261, 6.12534475327, 13.393535614, 12.7826080322, -0.243516996503, -1.14390528202, -8.22206497192, -1.26132321358, -3.35377192497, 12.4430074692]],
        "icov": [[0.00957830436528, -0.0109335025772, 0.0120956981555, -0.0144089926034, 0.00815498735756, -0.0147831887007, 0.0137304281816, -0.0126794939861, 0.015518117696, -0.00402769446373, 0.011022888124, -0.00173944979906, 0.00344526441768], [-0.0109335025772, 0.0492724627256, -0.0189763475209, 0.0201889965683, -0.0389280803502, 0.0380182750523, -0.0296353176236, 0.0367235131562, -0.0267587043345, 0.0339379496872, -0.0459178797901, 0.0102606397122, -0.0400761552155], [0.0120956981555, -0.0189763475209, 0.0331541374326, -0.0400033220649, 0.0245158132166, -0.0124555202201, 0.0169221758842, -0.0322459302843, 0.0257376711816, -0.025431137532, 0.0212034080178, -0.00961858406663, 0.0260692425072], [-0.0144089926034, 0.0201889965683, -0.0400033220649, 0.0765589922667, -0.0217018965632, 0.0197895485908, -0.0219441279769, 0.029217435047, -0.0552428774536, 0.0188528802246, -0.0310451667756, 0.0324580483139, -0.0226791854948], [0.00815498735756, -0.0389280803502, 0.0245158132166, -0.0217018965632, 0.0876680389047, -0.0273953601718, -0.0100098755211, -0.054148491472, -0.000536508683581, -0.044337593019, 0.0413477383554, 0.0191992837936, 0.0575495548546], [-0.0147831887007, 0.0380182750523, -0.0124555202201, 0.0197895485908, -0.0273953601718, 0.0534317344427, -0.0368833020329, 0.017406899482, -0.0266844090074, 0.0136458277702, -0.0270046964288, 0.00579262059182, -0.0185561478138], [0.0137304281816, -0.0296353176236, 0.0169221758842, -0.0219441279769, -0.0100098755211, -0.0368833020329, 0.101215928793, -0.0167634543031, 0.0461858101189, 0.00425312528387, -0.00367452972569, -0.0398426689208, -0.0391540750861], [-0.0126794939861, 0.0367235131562, -0.0322459302843, 0.029217435047, -0.054148491472, 0.017406899482, -0.0167634543031, 0.119614630938, -0.0111723151058, 0.0362504795194, -0.0410300418735, -0.0467198491096, -0.0481653921306], [0.015518117696, -0.0267587043345, 0.0257376711816, -0.0552428774536, -0.000536508683581, -0.0266844090074, 0.0461858101189, -0.0111723151058, 0.140912950039, -0.031869944185, 0.0209065750241, -0.0430275425315, -0.0158043764532], [-0.00402769446373, 0.0339379496872, -0.025431137532, 0.0188528802246, -0.044337593019, 0.0136458277702, 0.00425312528387, 0.0362504795194, -0.031869944185, 0.103370629251, -0.0512842312455, -0.0191673487425, -0.0377858579159], [0.011022888124, -0.0459178797901, 0.0212034080178, -0.0310451667756, 0.0413477383554, -0.0270046964288, -0.00367452972569, -0.0410300418735, 0.0209065750241, -0.0512842312455, 0.158097371459, -0.0201142597944, 0.0533158406615], [-0.00173944979906, 0.0102606397122, -0.00961858406663, 0.0324580483139, 0.0191992837936, 0.00579262059182, -0.0398426689208, -0.0467198491096, -0.0430275425315, -0.0191673487425, -0.0201142597944, 0.130774155259, 0.0252857282758], [0.00344526441768, -0.0400761552155, 0.0260692425072, -0.0226791854948, 0.0575495548546, -0.0185561478138, -0.0391540750861, -0.0481653921306, -0.0158043764532, -0.0377858579159, 0.0533158406615, 0.0252857282758, 0.202781766653]]
    },
    "melbands": {
        "dmean": [3.13009581987e-06, 4.64564163849e-06, 1.38338764373e-05, 0.000919493264519, 0.000515263294801, 9.70844630501e-05, 6.74696566421e-05, 7.87422031863e-05, 5.54687467229e-05, 4.30694053648e-05, 3.99870623369e-05, 6.22760053375e-05, 5.96957033849e-05, 6.64823392071e-06, 5.85949601373e-06, 6.81354413246e-06, 2.73968908004e-06, 1.44372734212e-06, 6.97356995261e-07, 2.09396966966e-06, 2.34086996898e-06, 3.51967605638e-06, 2.77654999081e-06, 1.44202488173e-06, 1.16258388516e-06, 7.57778877869e-07, 4.21316514121e-07, 2.65819863898e-07, 2.08883520258e-07, 9.41755331496e-08, 5.38971605124e-08, 4.17235774819e-08, 1.26513688414e-08, 6.00704641585e-09, 4.41032765863e-09, 2.9079618713e-09, 1.64644742284e-09, 1.70173264369e-09, 1.58277757567e-09, 1.2967974472e-09],
        "dmean2": [5.31297428097e-06, 8.16220017441e-06, 2.46418821916e-05, 0.00131789129227, 0.000741869036574, 0.000162763506523, 0.000112200097647, 0.000129722800921, 9.50724352151e-05, 6.50835063425e-05, 6.97325885994e-05, 9.05030028662e-05, 8.61007574713e-05, 1.21838502309e-05, 1.09260472527e-05, 8.89099101187e-06, 3.40988572134e-06, 2.10314237847e-06, 1.01775515304e-06, 3.36409289048e-06, 3.71251462639e-06, 6.45905629426e-06, 4.90359752803e-06, 2.60102660832e-06, 2.0267182208e-06, 1.32927038976e-06, 6.77299567542e-07, 3.92701167584e-07, 2.60684629438e-07, 1.28742442485e-07, 8.77464572113e-08, 7.47567625581e-08, 2.16586464319e-08, 1.03084918379e-08, 7.46602335511e-09, 4.81208539682e-09, 2.62093835524e-09, 2.73580691434e-09, 2.53110976622e-09, 2.10676120993e-09],
        "dvar": [2.15267248471e-11, 6.23289891921e-11, 1.68547142909e-09, 8.59733791003e-06, 1.31180399876e-06, 4.70945984432e-08, 6.11186763422e-08, 3.67041899096e-08, 3.38721584114e-08, 5.75270782122e-08, 4.71997587681e-08, 1.32776250439e-07, 1.86386216683e-07, 1.38865796639e-09, 1.36363864645e-09, 2.0701595993e-09, 3.11277031928e-10, 8.25409809946e-11, 1.22992874566e-11, 1.27907212599e-10, 1.81507836539e-10, 5.17585752036e-10, 3.97491567439e-10, 7.88353063386e-11, 5.38539109141e-11, 2.06634657302e-11, 3.74572291587e-12, 2.03250545734e-12, 1.21183358487e-12, 1.36741719293e-13, 2.30812632597e-14, 4.7940635023e-14, 3.95029569765e-15, 8.04279700395e-16, 3.45943052265e-16, 1.05554883459e-16, 3.13934001444e-17, 4.06846004957e-17, 2.85743950866e-17, 1.70174808629e-17],
        "dvar2": [5.27263718797e-11, 1.64288596616e-10, 5.01909047657e-09, 1.6347195924e-05, 2.28340081776e-06, 1.46750224417e-07, 1.63595203162e-07, 7.44448698242e-08, 1.01422742205e-07, 1.10274378073e-07, 1.35422595804e-07, 2.00538593731e-07, 2.65701146418e-07, 3.99993949074e-09, 4.18139300962e-09, 2.82711476451e-09, 3.9572103927e-10, 1.44057127338e-10, 2.3490587947e-11, 2.70851535644e-10, 4.53378445897e-10, 1.52798051989e-09, 1.10194653402e-09, 2.32826175006e-10, 1.62082722244e-10, 6.16149561927e-11, 8.81863419094e-12, 4.39648751432e-12, 2.31822373797e-12, 1.97671469037e-13, 5.05602267139e-14, 1.43802748572e-13, 1.15751041767e-14, 2.55728691193e-15, 1.09484132982e-15, 3.3099130609e-16, 7.2219637122e-17, 1.11635170505e-16, 8.63986311694e-17, 4.96590369946e-17],
        "max": [6.86450584908e-05, 0.000111867972009, 0.000482746341731, 0.0435392782092, 0.017979003489, 0.00264028157108, 0.00315418443643, 0.00223215599544, 0.00233642337844, 0.00408106297255, 0.00248317373917, 0.00452761538327, 0.00573863368481, 0.00045937334653, 0.000441811367637, 0.000675263116136, 0.00025675422512, 0.000128759769723, 5.2249251894e-05, 0.000164062541444, 0.000203182033147, 0.000276685343124, 0.000289587187581, 0.000119855358207, 0.000100550278148, 6.79163131281e-05, 3.53092800651e-05, 2.74792437267e-05, 2.22854250751e-05, 7.5449893302e-06, 2.65667313215e-06, 3.02936200569e-06, 9.44574878758e-07, 4.1267142592e-07, 2.56605517279e-07, 1.3722100789e-07, 1.22431998761e-07, 1.12061286472e-07, 8.33293825053e-08, 5.51640226831e-08],
        "mean": [5.35526169188e-06, 8.25644565339e-06, 2.85075020656e-05, 0.00819698069245, 0.00589885516092, 0.000838523788843, 0.000164520155522, 0.000598215789068, 0.000394015485654, 0.000104515878775, 5.8364981669e-05, 0.000149137631524, 0.000168390994077, 7.6094815995e-06, 6.10562528891e-06, 1.7671220121e-05, 7.23738821762e-06, 3.2811174151e-06, 1.26397901568e-06, 3.92284755435e-06, 3.71552960132e-06, 3.50548612005e-06, 3.18805132338e-06, 1.80661345439e-06, 1.77650576916e-06, 1.34335368784e-06, 1.02150897874e-06, 6.36598599613e-07, 3.97229712235e-07, 1.99802130396e-07, 1.20188531127e-07, 6.54806626699e-08, 2.10403676704e-08, 9.73538583082e-09, 7.42697991996e-09, 5.41230127382e-09, 3.69907215969e-09, 3.69282915358e-09, 3.15929837846e-09, 2.90396795499e-09],
        "median": [3.64851393897e-06, 5.42773159395e-06, 2.38107022597e-05, 0.00782982259989, 0.00596728548408, 0.000877124955878, 0.000103510254121, 0.000567675451748, 0.000405995524488, 5.66358630749e-06, 3.18442380376e-06, 4.80007247461e-06, 3.03033993987e-06, 1.34277036068e-06, 7.31780232854e-07, 6.13153758877e-07, 3.15866316214e-07, 2.14651024066e-07, 1.26293585367e-07, 4.41412367991e-07, 3.83538889537e-07, 9.05734282242e-07, 6.66658365844e-07, 6.59347676901e-07, 7.81100425229e-07, 6.14640669028e-07, 3.63118431324e-07, 2.89888731686e-07, 1.67579599974e-07, 1.1408434375e-07, 8.36725746467e-08, 4.44708554426e-08, 1.20104877155e-08, 4.32885594037e-09, 3.4349967315e-09, 2.74429656777e-09, 1.79379100462e-09, 1.91339322164e-09, 1.73342296073e-09, 1.83529125231e-09],
        "min": [2.11289432173e-07, 7.5270418165e-07, 3.12847214445e-06, 5.40402033948e-05, 5.6930759456e-05, 1.11937333713e-05, 2.04742736969e-05, 1.03252532426e-05, 8.14999930299e-06, 1.21107427731e-06, 1.23071501434e-07, 3.54036075123e-07, 4.35476408711e-07, 1.67040596466e-07, 6.10744166352e-08, 9.21746448057e-08, 5.65475133385e-08, 5.60674244809e-08, 1.77503043375e-08, 5.96938676267e-08, 7.27186346694e-08, 1.22796791402e-07, 8.23152106477e-08, 1.40828532835e-07, 2.38264163954e-07, 1.40091131584e-07, 5.45636176241e-08, 4.69013450299e-08, 2.5661176295e-08, 1.59995785509e-08, 1.16217027113e-08, 5.70264457878e-09, 2.66431054996e-09, 9.17335540862e-10, 5.72915936914e-10, 3.71629199636e-10, 2.073900357e-10, 1.5574273815e-10, 1.56228627257e-10, 1.27151580931e-10],
        "var": [4.50854700795e-11, 9.99476820751e-11, 1.18635401503e-09, 2.1388179448e-05, 3.31113801622e-06, 6.86209205014e-08, 7.30951867922e-08, 7.18014305789e-08, 2.15865583186e-08, 2.65701004309e-07, 7.93744092675e-08, 5.09876429078e-07, 7.82653330589e-07, 1.28114907572e-09, 1.07836639618e-09, 8.75727401706e-09, 1.3823926448e-09, 2.48916165457e-10, 3.54002001324e-11, 3.51750628624e-10, 3.63826135885e-10, 3.72440633889e-10, 3.53807649844e-10, 6.27614279991e-11, 4.57974595747e-11, 2.10759656255e-11, 1.3561604964e-11, 5.05367102333e-12, 2.75141628231e-12, 3.64038497697e-13, 4.31404620414e-14, 3.28351102276e-14, 3.61094761744e-15, 8.20172579585e-16, 4.14817815836e-16, 1.76151751038e-16, 1.02907031996e-16, 1.00361009775e-16, 5.02858513018e-17, 2.67806125692e-17]
    },
    "mfcc": {
        "mean": [-771.281921387, 189.163085938, 0.823191940784, 50.9526901245, -32.7201042175, -43.5417747498, -24.5315475464, -29.2970638275, -23.917388916, -28.8007774353, -13.058467865, -6.39466905594, -9.08315086365],
        "cov": [[1231.54345703, -80.8892288208, -595.465087891, -400.475982666, -48.9250640869, 116.428398132, 118.900001526, 148.185653687, 67.168258667, 69.7425460815, -117.355079651, -108.754325867, -57.579864502], [-80.8892288208, 116.646774292, 7.57757472992, 63.8041915894, -3.59933996201, -20.919052124, 2.47278809547, -6.86736106873, 0.983536362648, -6.19038391113, 8.5578584671, 5.07971763611, 1.65509307384], [-595.465087891, 7.57757472992, 405.244018555, 239.397399902, 44.5817832947, -50.2076797485, -67.176864624, -74.8383407593, -35.642036438, -29.5484409332, 68.4537353516, 71.817024231, 37.1213226318], [-400.475982666, 63.8041915894, 239.397399902, 214.226791382, 28.7423801422, -47.2081298828, -52.0145187378, -65.9479522705, -24.7246055603, -23.7889289856, 46.355014801, 45.2316970825, 15.701300621], [-48.9250640869, -3.59933996201, 44.5817832947, 28.7423801422, 34.1566352844, 7.49744606018, -1.66647541523, -2.2568924427, 2.19519734383, 4.33486366272, 18.3323249817, 14.4131135941, 7.94790697098], [116.428398132, -20.919052124, -50.2076797485, -47.2081298828, 7.49744606018, 45.3377113342, 23.6014690399, 24.6356372833, 16.6289329529, 17.6459636688, -3.16570448875, -3.86279916763, 2.27493643761], [118.900001526, 2.47278809547, -67.176864624, -52.0145187378, -1.66647541523, 23.6014690399, 50.6063766479, 38.2576408386, 19.7871589661, 12.8871192932, -6.88082265854, -2.82621407509, 2.65730810165], [148.185653687, -6.86736106873, -74.8383407593, -65.9479522705, -2.2568924427, 24.6356372833, 38.2576408386, 55.4980354309, 21.3740158081, 12.2259159088, -9.30842208862, -7.77921295166, 2.764793396], [67.168258667, 0.983536362648, -35.642036438, -24.7246055603, 2.19519734383, 16.6289329529, 19.7871589661, 21.3740158081, 24.7377967834, 9.41854953766, -3.45087361336, -1.17658209801, 0.458616942167], [69.7425460815, -6.19038391113, -29.5484409332, -23.7889289856, 4.33486366272, 17.6459636688, 12.8871192932, 12.2259159088, 9.41854953766, 21.7753314972, -5.4009552002, -8.85212135315, -3.45099496841], [-117.355079651, 8.5578584671, 68.4537353516, 46.355014801, 18.3323249817, -3.16570448875, -6.88082265854, -9.30842208862, -3.45087361336, -5.4009552002, 29.4346523285, 19.5930557251, 10.4085865021], [-108.754325867, 5.07971763611, 71.817024231, 45.2316970825, 14.4131135941, -3.86279916763, -2.82621407509, -7.77921295166, -1.17658209801, -8.85212135315, 19.5930557251, 30.2071743011, 14.6487417221], [-57.579864502, 1.65509307384, 37.1213226318, 15.701300621, 7.94790697098, 2.27493643761, 2.65730810165, 2.764793396, 0.458616942167, -3.45099496841, 10.4085865021, 14.6487417221, 22.9142951965]],
