{
"lowlevel": {
    "average_loudness": 0.977817833424,
    "barkbands_crest": {
        "dmean": 0.440932571888,
        "dmean2": 0.605396568775,
        "dvar": 1.23411643505,
        "dvar2": 1.28208684921,
        "max": 23.248216629,
        "mean": 21.7744178772,
        "median": 22.5006732941,
        "min": 5.79889678955,
        "var": 8.71737384796
    },
    "barkbands_flatness_db": {
        "dmean": 0.00843385327607,
        "dmean2": 0.0124665247276,
        "dvar": 0.000130158703541,
        "dvar2": 0.00019916461315,
        "max": 0.310178488493,
        "mean": 0.279007673264,
        "median": 0.285057932138,
        "min": 0.112565495074,
        "var": 0.000807400618214
    },
    "barkbands_kurtosis": {
        "dmean": 3.95711350441,
        "dmean2": 6.5901761055,
        "dvar": 19.5743427277,
        "dvar2": 33.8862113953,
        "max": 60.4241752625,
        "mean": 46.6294784546,
        "median": 48.9876670837,
        "min": -0.592164516449,
        "var": 135.052352905
    },
    "barkbands_skewness": {
        "dmean": 0.278883934021,
        "dmean2": 0.438890218735,
        "dvar": 0.138859584928,
        "dvar2": 0.174523234367,
        "max": 6.57878780365,
        "mean": 5.47656393051,
        "median": 5.71319627762,
        "min": 0.896309256554,
        "var": 1.01677966118
    },
    "barkbands_spread": {
        "dmean": 0.340486943722,
        "dmean2": 0.509408533573,
        "dvar": 1.14350283146,
        "dvar2": 1.56816279888,
        "max": 20.7356338501,
        "mean": 2.40425801277,
        "median": 1.9363117218,
        "min": 1.64962470531,
        "var": 4.74431371689
    },
    "dissonance": {
        "dmean": 0.0076875993982,
        "dmean2": 0.0123909926042,
        "dvar": 0.000105131235614,
        "dvar2": 0.000297136721201,
        "max": 0.481681615114,
        "mean": 0.397202670574,
        "median": 0.393314123154,
        "min": 0.360706478357,
        "var": 0.000323424610542
    },
    "dynamic_complexity": 0.329772949219,
    "erbbands_crest": {
        "dmean": 0.564052462578,
        "dmean2": 0.845246493816,
        "dvar": 1.25203680992,
        "dvar2": 1.60196936131,
        "max": 19.3540325165,
        "mean": 17.4954738617,
        "median": 18.0466041565,
        "min": 6.14315986633,
        "var": 6.55498313904
    },
    "erbbands_flatness_db": {
        "dmean": 0.00682246265933,
        "dmean2": 0.0101352958009,
        "dvar": 0.000104420520074,
        "dvar2": 0.000202077324502,
        "max": 0.275686711073,
        "mean": 0.257343262434,
        "median": 0.259959369898,
        "min": 0.168506041169,
        "var": 0.000206195094506
    },
    "erbbands_kurtosis": {
        "dmean": 1.00080370903,
        "dmean2": 1.66388857365,
        "dvar": 1.0635086298,
        "dvar2": 2.6157605648,
        "max": 11.6648788452,
        "mean": 8.79171276093,
        "median": 9.38093090057,
        "min": -1.60664045811,
        "var": 6.01888370514
    },
    "erbbands_skewness": {
        "dmean": 0.155775055289,
        "dmean2": 0.255038112402,
        "dvar": 0.0557837747037,
        "dvar2": 0.130406603217,
        "max": 3.08104729652,
        "mean": 2.69413590431,
        "median": 2.82209944725,
        "min": -0.078045360744,
        "var": 0.29768589139
    },
    "erbbands_spread": {
        "dmean": 1.59225261211,
        "dmean2": 2.61845541,
        "dvar": 6.3145070076,
        "dvar2": 17.3749523163,
        "max": 35.4442329407,
        "mean": 14.3548517227,
        "median": 13.5703544617,
        "min": 11.3006868362,
        "var": 11.536450386
    },
    "hfc": {
        "dmean": 9.44897079468,
        "dmean2": 8.81355762482,
        "dvar": 3129.00439453,
        "dvar2": 4822.32861328,
        "max": 551.830810547,
        "mean": 22.1158809662,
        "median": 13.6400690079,
        "min": 0.253932714462,
        "var": 3384.41259766
    },
    "melbands_crest": {
        "dmean": 0.542504131794,
        "dmean2": 0.913174450397,
        "dvar": 2.02074670792,
        "dvar2": 4.14669704437,
        "max": 21.1656322479,
        "mean": 19.2634067535,
        "median": 19.6336116791,
        "min": 6.96898412704,
        "var": 3.47549724579
    },
    "melbands_flatness_db": {
        "dmean": 0.00799245759845,
        "dmean2": 0.0116358846426,
        "dvar": 0.000147455561091,
        "dvar2": 0.00024153314007,
        "max": 0.395708203316,
        "mean": 0.37331533432,
        "median": 0.380551427603,
        "min": 0.186233013868,
        "var": 0.000943471095525
    },
    "melbands_kurtosis": {
        "dmean": 4.51001882553,
        "dmean2": 7.53881263733,
        "dvar": 19.2358360291,
        "dvar2": 34.1867446899,
        "max": 67.1257858276,
        "mean": 47.3437576294,
        "median": 49.1420440674,
        "min": 1.71665287018,
        "var": 126.077507019
    },
    "melbands_skewness": {
        "dmean": 0.289881616831,
        "dmean2": 0.454007923603,
        "dvar": 0.0798989236355,
        "dvar2": 0.124442666769,
        "max": 5.80563259125,
        "mean": 4.71638393402,
        "median": 4.84535312653,
        "min": 1.06986153126,
        "var": 0.5308380723
    },
    "melbands_spread": {
        "dmean": 0.342282742262,
        "dmean2": 0.509114205837,
        "dvar": 1.54346954823,
        "dvar2": 2.08207464218,
        "max": 25.1333770752,
        "mean": 2.72219347954,
        "median": 2.12770438194,
        "min": 1.89442300797,
        "var": 7.69175863266
    },
    "pitch_salience": {
        "dmean": 0.022952741012,
        "dmean2": 0.0348496325314,
        "dvar": 0.00233784364536,
        "dvar2": 0.00362594146281,
        "max": 0.788544476032,
        "mean": 0.342817753553,
        "median": 0.320001333952,
        "min": 0.288319468498,
        "var": 0.00800513196737
    },
    "silence_rate_20dB": {
        "dmean": 0.0166666675359,
        "dmean2": 0.0252100843936,
        "dvar": 0.0163888689131,
        "dvar2": 0.0245746094733,
        "max": 1,
        "mean": 0.983471095562,
        "median": 1,
        "min": 0,
        "var": 0.0162557438016
    },
    "silence_rate_30dB": {
        "dmean": 0.0166666675359,
        "dmean2": 0.0252100843936,
        "dvar": 0.0163888689131,
        "dvar2": 0.0245746076107,
        "max": 1,
        "mean": 0.966942131519,
        "median": 1,
        "min": 0,
        "var": 0.0319651141763
    },
    "silence_rate_60dB": {
        "dmean": 0,
        "dmean2": 0,
        "dvar": 0,
        "dvar2": 0,
        "max": 0,
        "mean": 0,
        "median": 0,
        "min": 0,
        "var": 0
    },
    "spectral_centroid": {
        "dmean": 20.145942688,
        "dmean2": 24.817358017,
        "dvar": 4651.25927734,
        "dvar2": 3645.59960938,
        "max": 1545.45275879,
        "mean": 365.018218994,
        "median": 342.296234131,
        "min": 324.344390869,
        "var": 15908.6396484
    },
    "spectral_complexity": {
        "dmean": 1.50833332539,
        "dmean2": 2.17647051811,
        "dvar": 9.66659164429,
        "dvar2": 12.1117095947,
        "max": 42,
        "mean": 9.09090900421,
        "median": 8,
        "min": 1,
        "var": 28.2644939423
    },
    "spectral_decrease": {
        "dmean": 4.02546618261e-09,
        "dmean2": 4.18110035483e-09,
        "dvar": 5.18795662913e-16,
        "dvar2": 8.78075010705e-16,
        "max": -2.28179697359e-10,
        "mean": -1.49458863064e-08,
        "median": -1.15098321984e-08,
        "min": -2.25839912105e-07,
        "var": 5.44043650428e-16
    },
    "spectral_energy": {
        "dmean": 0.0160438325256,
        "dmean2": 0.0164225548506,
        "dvar": 0.00827648397535,
        "dvar2": 0.0139311105013,
        "max": 0.902425348759,
        "mean": 0.0584151372313,
        "median": 0.0446688979864,
        "min": 0.000884234788828,
        "var": 0.00870012771338
    },
    "spectral_energyband_high": {
        "dmean": 0.000132172586746,
        "dmean2": 0.000190673934412,
        "dvar": 8.57550332967e-07,
        "dvar2": 2.06630124922e-06,
        "max": 0.00759700546041,
        "mean": 0.000109174878162,
        "median": 4.07342413382e-05,
        "min": 1.2496002455e-06,
        "var": 4.70423856314e-07
    },
    "spectral_energyband_low": {
        "dmean": 0.00150654092431,
        "dmean2": 0.00252605718561,
        "dvar": 5.66750313737e-05,
        "dvar2": 0.000144537480082,
        "max": 0.0575885511935,
        "mean": 0.00163989199791,
        "median": 0.000271262804745,
        "min": 6.37148114038e-05,
        "var": 5.98304104642e-05
    },
    "spectral_energyband_middle_high": {
        "dmean": 0.00210531032644,
        "dmean2": 0.00238030171022,
        "dvar": 0.000174741173396,
        "dvar2": 0.000205546690268,
        "max": 0.124386876822,
        "mean": 0.00274945492856,
        "median": 0.000444571109256,
        "min": 1.32204049805e-05,
        "var": 0.000230660341913
    },
    "spectral_energyband_middle_low": {
        "dmean": 0.0133610824123,
        "dmean2": 0.0150814540684,
        "dvar": 0.00560860941187,
        "dvar2": 0.010022723116,
        "max": 0.736965179443,
        "mean": 0.0547856725752,
        "median": 0.0439946018159,
        "min": 0.000730786647182,
        "var": 0.00559568172321
    },
    "spectral_entropy": {
        "dmean": 0.0968455895782,
        "dmean2": 0.142872869968,
        "dvar": 0.0257837008685,
        "dvar2": 0.0255023296922,
        "max": 8.18074893951,
        "mean": 6.32859039307,
        "median": 6.26491165161,
        "min": 6.11114120483,
        "var": 0.0789860635996
    },
    "spectral_flux": {
        "dmean": 0.0166714135557,
        "dmean2": 0.017562603578,
        "dvar": 0.00670008314773,
        "dvar2": 0.011677807197,
        "max": 0.888498842716,
        "mean": 0.0391801036894,
        "median": 0.013995770365,
        "min": 0.0110377250239,
        "var": 0.0119106229395
    },
    "spectral_kurtosis": {
        "dmean": 4.38794898987,
        "dmean2": 7.87775850296,
        "dvar": 9.12853145599,
        "dvar2": 23.74335289,
        "max": 27.2670974731,
        "mean": 12.2135543823,
        "median": 11.9431715012,
        "min": 2.87462854385,
        "var": 12.3161973953
    },
    "spectral_rms": {
        "dmean": 0.00054324849043,
        "dmean2": 0.000563227979001,
        "dvar": 7.12784776624e-06,
        "dvar2": 1.00829038274e-05,
        "max": 0.0296717882156,
        "mean": 0.00698126945645,
        "median": 0.00660147052258,
        "min": 0.000928799272515,
        "var": 8.25226743473e-06
    },
    "spectral_rolloff": {
        "dmean": 33.1970214844,
        "dmean2": 47.0473327637,
        "dvar": 23368.5859375,
        "dvar2": 28319.234375,
        "max": 2411.71875,
        "mean": 357.700164795,
        "median": 344.53125,
        "min": 279.931640625,
        "var": 42385.4296875
    },
    "spectral_skewness": {
        "dmean": 0.411002665758,
        "dmean2": 0.73702532053,
        "dvar": 0.0859661996365,
        "dvar2": 0.240184277296,
        "max": 3.6044614315,
        "mean": 2.40584921837,
        "median": 2.39125919342,
        "min": 1.67124295235,
        "var": 0.107265889645
    },
    "spectral_spread": {
        "dmean": 449737.53125,
        "dmean2": 589651.5,
        "dvar": 2.78100731494e+12,
        "dvar2": 1.33859311616e+12,
        "max": 26777480,
        "mean": 3311765.5,
        "median": 3090824.5,
        "min": 1617665.25,
        "var": 4.98446945485e+12
    },
    "spectral_strongpeak": {
        "dmean": 0.192175686359,
        "dmean2": 0.241653680801,
        "dvar": 0.830883264542,
        "dvar2": 1.42021656036,
        "max": 9.33691120148,
        "mean": 1.96087789536,
        "median": 1.91591382027,
        "min": 0.0269147213548,
        "var": 0.656235098839
    },
    "zerocrossingrate": {
        "dmean": 0.00101318361703,
        "dmean2": 0.00141970848199,
        "dvar": 2.52390850619e-06,
        "dvar2": 3.42197722603e-06,
        "max": 0.03369140625,
        "mean": 0.0127518074587,
        "median": 0.01171875,
        "min": 0.0029296875,
        "var": 1.248913577e-05
    },
    "barkbands": {
        "dmean": [0.000185663055163, 0.000317682366585, 0.00035766189103, 0.00241056922823, 0.00467765377834, 0.00127870752476, 0.0019095960306, 0.00357328844257, 0.00222072657198, 0.000792343576904, 0.000103617901914, 0.000189137455891, 0.000485719559947, 0.000360127916792, 0.000205849428312, 4.40018156951e-05, 0.000200271038921, 0.00012107015209, 4.39467985416e-05, 7.21272517694e-05, 5.68408868276e-05, 3.11859439535e-05, 1.10604760266e-05, 1.10307937575e-05, 5.5439973039e-06, 1.20044285268e-06, 1.30398791498e-06],
        "dmean2": [0.000275646714726, 0.000470255239634, 0.000436051981524, 0.00403517019004, 0.00677781924605, 0.00158690451644, 0.00263034924865, 0.0049723284319, 0.00209293677472, 0.000976283161435, 0.000127782957861, 0.0002947646135, 0.000613943266217, 0.000294730387395, 0.000240111257881, 5.48740099475e-05, 0.000229192039114, 0.000147629994899, 6.42629966023e-05, 0.000104054823169, 8.36300168885e-05, 4.58659305878e-05, 1.59377050295e-05, 1.63074655575e-05, 8.03449893283e-06, 1.70736302607e-06, 2.00141994355e-06],
        "dvar": [1.80282108886e-06, 3.63510230272e-06, 3.0470503134e-06, 0.000168752027093, 0.000487725425046, 4.04214006267e-05, 0.000123576508486, 0.000528272765223, 0.000184239019291, 2.69061802101e-05, 2.36743758819e-07, 1.07442770059e-06, 8.93777269084e-06, 3.32940885528e-06, 1.60396098181e-06, 5.38369526737e-08, 1.2144566881e-06, 5.4714774933e-07, 5.17383114129e-08, 2.41671529011e-07, 1.44799727764e-07, 4.67620431266e-08, 6.41307407179e-09, 6.78112810348e-09, 1.61549029709e-09, 5.06352355878e-11, 3.25708106319e-11],
        "dvar2": [4.43625685875e-06, 8.51177264849e-06, 4.82533459945e-06, 0.000497324916068, 0.00101434974931, 7.31879190425e-05, 0.000214825151488, 0.00119411898777, 0.000218558168854, 3.89517263102e-05, 2.88757519229e-07, 2.42150986196e-06, 1.23808158605e-05, 2.85481110041e-06, 2.8058755106e-06, 7.26684348251e-08, 2.19237904275e-06, 1.07435607788e-06, 1.23936587215e-07, 5.80303435527e-07, 3.49616072981e-07, 1.14431401244e-07, 1.54910928529e-08, 1.67978377874e-08, 3.92208621136e-09, 1.16911869075e-10, 8.22045417848e-11],
        "max": [0.0107563026249, 0.0160317998379, 0.0172448139638, 0.120245158672, 0.207147464156, 0.0622646324337, 0.112155906856, 0.19603356719, 0.130995646119, 0.0461332499981, 0.00472199590877, 0.00868246797472, 0.0283889956772, 0.0212538111955, 0.0121990814805, 0.00246771937236, 0.0111056249589, 0.00678884563968, 0.00197838386521, 0.00405593076721, 0.00311729265377, 0.0017471332103, 0.000651030626614, 0.000655545387417, 0.000325711356709, 6.05451423326e-05, 5.07493823534e-05],
        "mean": [0.000102145982964, 0.000281769986032, 0.000497013912536, 0.00196489971131, 0.0388178117573, 0.00364338047802, 0.00214640260674, 0.00539433024824, 0.00262222858146, 0.000771808496211, 0.000168076381669, 0.000201044225832, 0.000501286180224, 0.000447937491117, 0.000207809978747, 7.66068915254e-05, 0.000239387780312, 0.000115473449114, 6.33096715319e-05, 5.86714486417e-05, 4.62059324491e-05, 2.15058935282e-05, 6.58193812342e-06, 6.12806934441e-06, 3.47632453668e-06, 1.41124553465e-06, 5.50961794943e-06],
        "median": [7.39813367545e-06, 0.000111735833343, 0.000103928912722, 4.97605979035e-05, 0.036937944591, 0.00264077284373, 0.00014980888227, 0.00352845946327, 0.000145236728713, 7.32500993763e-05, 8.52669109008e-05, 2.48123651545e-05, 2.76856590062e-05, 1.4131320313e-05, 6.74231569064e-06, 2.76038590528e-05, 7.92555438238e-05, 3.51628950739e-05, 4.32659689977e-05, 2.046413465e-05, 1.79606922757e-05, 6.10455617789e-06, 6.7024012651e-07, 4.70981660783e-07, 5.42088912425e-07, 8.08972117738e-07, 5.17981607118e-06],
        "min": [8.99054441561e-07, 2.23905281018e-05, 1.39003884669e-06, 9.31819704419e-06, 0.000460485462099, 4.04608326789e-05, 1.64943812706e-05, 8.44836467877e-05, 2.86098311335e-05, 4.75457818538e-06, 2.99467387777e-06, 1.81612369943e-06, 4.15055211533e-07, 1.45385683936e-07, 5.70769771002e-07, 5.85341524584e-07, 8.52371442761e-07, 5.20361481904e-07, 1.15530303901e-06, 4.25080457944e-07, 2.93318038302e-07, 3.41293002748e-07, 7.12354193411e-08, 6.19192377371e-08, 6.5182952369e-08, 5.89604240986e-08, 1.16170447484e-07],
        "var": [9.47856051425e-07, 2.11798533201e-06, 4.21208278567e-06, 0.000142854056321, 0.000311828509439, 4.11376495322e-05, 0.000158525828738, 0.000311196869006, 0.000252534373431, 2.69474749075e-05, 3.06435879338e-07, 1.1541336562e-06, 1.07371142803e-05, 6.58692988509e-06, 1.72921488684e-06, 8.79922339436e-08, 1.23139818697e-06, 4.16781006152e-07, 3.13147019426e-08, 1.34273690833e-07, 7.91001610878e-08, 2.48950584592e-08, 3.48171069753e-09, 3.51911877416e-09, 8.6951573719e-10, 2.97783915582e-11, 1.75803087366e-11]
    },
    "erbbands": {
        "dmean": [0.0101938238367, 0.072163850069, 0.347701370716, 4.03176021576, 12.9393968582, 23.7142066956, 18.9996528625, 8.92785549164, 15.2052211761, 55.3801651001, 50.2471542358, 64.532585144, 35.7802238464, 17.2234153748, 3.23017191887, 7.30256032944, 18.0893878937, 20.2656745911, 13.5390329361, 4.70385122299, 4.45359563828, 10.6888599396, 7.53564453125, 2.47219896317, 3.98526644707, 3.05690598488, 2.92239046097, 1.17022967339, 1.36355376244, 0.561024010181, 0.304179102182, 0.229005709291, 0.156929865479, 0.0832849666476, 0.033411540091, 0.00557211274281, 0.00289086671546, 0.000733275956009, 0.00021937926067, 3.90982713725e-05],
        "dmean2": [0.0156555473804, 0.10319390893, 0.480080068111, 7.04941940308, 20.7891540527, 36.2937507629, 21.9275741577, 12.9297609329, 20.517534256, 65.1553955078, 68.9170532227, 68.2042007446, 38.9732666016, 22.5525054932, 3.91716122627, 9.67468070984, 23.3122749329, 19.4789943695, 14.9111061096, 4.29251289368, 4.52229881287, 12.6851711273, 8.65329742432, 3.51761960983, 5.80867433548, 4.41061449051, 4.23200750351, 1.73055577278, 2.01736521721, 0.81007796526, 0.437238961458, 0.335856229067, 0.23216304183, 0.122091151774, 0.0478397794068, 0.00781847815961, 0.00418693758547, 0.00107180571649, 0.000341486273101, 5.09862147737e-05],
        "dvar": [0.00399485137314, 0.174899041653, 3.01279950142, 493.434692383, 3787.2980957, 7372.57910156, 9642.18164062, 1309.82971191, 9363.07910156, 110448.84375, 98469.515625, 162047.8125, 46361.1875, 11210.1279297, 289.410980225, 2047.34716797, 14631.140625, 11799.4375, 6978.26464844, 727.10144043, 627.150817871, 3342.90454102, 2125.65722656, 153.913665771, 681.55078125, 429.074584961, 390.162902832, 54.6079978943, 92.4743499756, 16.5613632202, 4.81891441345, 2.8724591732, 1.36664903164, 0.377623915672, 0.0561056658626, 0.0013349452056, 0.000292247306788, 1.32059667521e-05, 1.04025525616e-06, 3.31791163433e-08],
        "dvar2": [0.00994623173028, 0.396324127913, 5.64490032196, 1424.26330566, 11656.2314453, 16671.1835938, 13020.8330078, 2380.3059082, 11924.1552734, 176725.9375, 216447.71875, 296915.71875, 49012.546875, 18951.1621094, 314.083374023, 3087.98925781, 17620.484375, 13346.9130859, 9188.08300781, 999.841430664, 989.9765625, 6315.52734375, 3968.97802734, 343.733764648, 1656.39038086, 1031.38439941, 932.499145508, 131.826858521, 227.600875854, 40.1818733215, 11.5908126831, 7.0600810051, 3.38669753075, 0.927950918674, 0.134315297008, 0.00311320554465, 0.000683186284732, 3.10658142553e-05, 2.60288243226e-06, 7.0366006355e-08],
        "max": [0.508888661861, 3.62146353722, 16.6540699005, 207.624893188, 445.000549316, 729.368530273, 946.202758789, 354.694702148, 891.615112305, 3132.59619141, 2747.96459961, 3810.6171875, 2128.27539062, 981.89239502, 162.811096191, 418.024536133, 1063.25939941, 1198.6986084, 798.720092773, 285.393218994, 255.093643188, 582.538513184, 430.9190979, 115.077537537, 214.757904053, 171.107666016, 163.209793091, 60.8347473145, 77.2883605957, 33.0098152161, 17.8829078674, 13.5790157318, 9.30441379547, 4.92819213867, 1.94126284122, 0.307646542788, 0.143975511193, 0.0312271527946, 0.00878275651485, 0.00180149730295],
        "mean": [0.00894736684859, 0.0667613297701, 0.481499493122, 3.84288525581, 17.6688613892, 212.606323242, 91.8041381836, 42.1414642334, 24.0731983185, 75.5581588745, 88.4814147949, 60.6586418152, 40.9153175354, 18.4581794739, 4.96511745453, 10.1210298538, 20.9453754425, 22.7954502106, 18.2576351166, 6.09114837646, 5.83061742783, 13.2669038773, 7.38588857651, 3.80527877808, 3.65088748932, 2.57378220558, 2.40303516388, 1.09380936623, 0.92418807745, 0.339033216238, 0.181737646461, 0.129046484828, 0.0882804319263, 0.0492560006678, 0.0220662113279, 0.00496274512261, 0.00311390473507, 0.00148157810327, 0.000664659426548, 0.00016831283574],
        "median": [0.00416009640321, 0.0211897511035, 0.118252076209, 0.311727315187, 9.34907436371, 210.019775391, 79.9173660278, 36.3107299805, 5.68896913528, 28.6267051697, 59.7551231384, 5.49905967712, 1.58203423023, 3.65305447578, 1.7061624527, 1.02740418911, 1.03927886486, 0.899732589722, 0.72090023756, 0.614635586739, 1.76058983803, 4.78201055527, 1.9878153801, 2.50332546234, 1.66248738766, 0.952079057693, 0.915806591511, 0.535206794739, 0.252543240786, 0.0407359004021, 0.0187172759324, 0.0102314390242, 0.00781917572021, 0.00597722874954, 0.00410790136084, 0.00194324483164, 0.00173117045779, 0.00119321339298, 0.000595614663325, 0.000147101265611],
        "min": [0.000948138767853, 0.00316444248892, 0.00806203950197, 0.0489866547287, 0.217417359352, 1.51110398769, 1.23636877537, 0.14833496511, 0.124726369977, 0.91097921133, 1.78318631649, 0.706537306309, 0.176992103457, 0.191816180944, 0.0810232833028, 0.0697328150272, 0.0246921759099, 0.012423157692, 0.0159820560366, 0.0309529770166, 0.0349185913801, 0.058494977653, 0.0334165170789, 0.0456596128643, 0.0385535471141, 0.0235426854342, 0.012961614877, 0.0146550228819, 0.0134637700394, 0.00327153946273, 0.00187100830954, 0.00169475213625, 0.000793566927314, 0.000610346149188, 0.000541160872672, 0.000192355058971, 0.000122446159367, 4.58651411464e-05, 1.34705715027e-05, 3.20010508403e-06],
        "var": [0.00209309114143, 0.111163452268, 3.5692460537, 453.87878418, 2674.49291992, 3471.6027832, 9575.37011719, 1393.58764648, 13029.5585938, 109116.398438, 62083.21875, 148786.671875, 67048.703125, 11760.6015625, 422.038513184, 2960.64599609, 18084.8457031, 18683.6699219, 10856.34375, 1097.00305176, 723.994812012, 3317.67089844, 1752.22595215, 108.889587402, 374.445709229, 238.776275635, 217.455047607, 29.9611930847, 48.7005462646, 8.94252490997, 2.62864470482, 1.51116728783, 0.708681821823, 0.198847562075, 0.0309585109353, 0.000777450157329, 0.000168085593032, 7.52775895307e-06, 5.5774177099e-07, 2.59435886107e-08]
    },
    "gfcc": {
        "mean": [-57.2523612976, 131.550994873, -96.3279724121, 5.62682819366, -57.14087677, -61.3031578064, -36.0200691223, -16.0404109955, -27.0731468201, -7.46725940704, -14.7764644623, 0.923082470894, -2.12343525887],
        "cov": [[1531.67346191, 111.198692322, -290.876800537, -78.0842437744, 11.9497108459, 270.156982422, -51.1607933044, 5.10912656784, 50.8423080444, 17.2421836853, -33.0095100403, -129.297058105, -72.2996749878], [111.198692322, 91.9077606201, -9.12192058563, -9.66775131226, 25.8661518097, 47.0492019653, 2.22183656693, -11.2616081238, -0.700896501541, -12.3701725006, -12.5875062943, -35.3758621216, -16.2259597778], [-290.876800537, -9.12192058563, 117.653930664, 40.1570014954, -11.3977918625, -55.8415527344, 19.923833847, 2.76771044731, -21.0550041199, -4.89791679382, 11.24538517, 31.7753391266, 15.9636688232], [-78.0842437744, -9.66775131226, 40.1570014954, 29.289598465, -1.24885499477, -13.8218164444, 11.692070961, 6.83817338943, -1.81960630417, -0.445221573114, 2.41153049469, 10.5836420059, 5.42466926575], [11.9497108459, 25.8661518097, -11.3977918625, -1.24885499477, 27.0692539215, 14.5853643417, -0.0401455387473, -0.793713867664, 4.82210731506, -0.541302978992, -6.21278905869, -13.2399110794, -7.92178964615], [270.156982422, 47.0492019653, -55.8415527344, -13.8218164444, 14.5853643417, 107.756942749, -1.75599062443, 11.2929811478, 16.1032085419, -0.601474404335, -18.4209709167, -42.9868850708, -28.5858764648], [-51.1607933044, 2.22183656693, 19.923833847, 11.692070961, -0.0401455387473, -1.75599062443, 14.901804924, 4.43877458572, -0.959892988205, -1.22201263905, -0.092386752367, 5.94748449326, 2.67007803917], [5.10912656784, -11.2616081238, 2.76771044731, 6.83817338943, -0.793713867664, 11.2929811478, 4.43877458572, 21.2705554962, 7.96952486038, 1.96563732624, -0.876981377602, 4.07935905457, 2.09089922905], [50.8423080444, -0.700896501541, -21.0550041199, -1.81960630417, 4.82210731506, 16.1032085419, -0.959892988205, 7.96952486038, 14.22174263, 2.91104030609, -2.78968334198, -3.76308679581, -1.61697781086], [17.2421836853, -12.3701725006, -4.89791679382, -0.445221573114, -0.541302978992, -0.601474404335, -1.22201263905, 1.96563732624, 2.91104030609, 9.72441959381, 3.15526032448, 2.85906052589, 0.724040746689], [-33.0095100403, -12.5875062943, 11.24538517, 2.41153049469, -6.21278905869, -18.4209709167, -0.092386752367, -0.876981377602, -2.78968334198, 3.15526032448, 11.1670970917, 10.0612602234, 5.70162963867], [-129.297058105, -35.3758621216, 31.7753391266, 10.5836420059, -13.2399110794, -42.9868850708, 5.94748449326, 4.07935905457, -3.76308679581, 2.85906052589, 10.0612602234, 31.3692970276, 15.9108562469], [-72.2996749878, -16.2259597778, 15.9636688232, 5.42466926575, -7.92178964615, -28.5858764648, 2.67007803917, 2.09089922905, -1.61697781086, 0.724040746689, 5.70162963867, 15.9108562469, 15.314614296]],
        "icov": [[0.00293953344226, -0.00713786575943, 0.0099064046517, -0.0100287655368, 0.00815264694393, -0.0029770040419, 0.00698163965717, -0.00342909968458, 0.00620936369523, -0.00827111676335, -0.00234501459636, -0.00323725817725, 0.00273512653075], [-0.00713786575943, 0.0668344944715, -0.0477589331567, 0.0543724372983, -0.051034450531, -0.0120040681213, -0.0375605262816, 0.0378976650536, -0.0319424234331, 0.0596223212779, -0.0078874155879, 0.0525355264544, -0.0376288406551], [0.0099064046517, -0.0477589331567, 0.0787283629179, -0.0805472284555, 0.0385954976082, 0.00124755548313, 0.0246924459934, -0.0335779190063, 0.0710333883762, -0.0370200201869, -0.00853026192635, -0.0463746711612, 0.0258112624288], [-0.0100287655368, 0.0543724372983, -0.0805472284555, 0.141341388226, -0.0451209656894, 0.00708091817796, -0.0684095695615, 0.0182333346456, -0.0665957778692, 0.0430144630373, 0.00442295987159, 0.0532658919692, -0.0225780662149], [0.00815264694393, -0.051034450531, 0.0385954976082, -0.0451209656894, 0.100934714079, 0.0211907420307, 0.0182324778289, -0.0290520172566, -0.000977025483735, -0.0555080771446, 0.0181618705392, -0.00281776301563, 0.0514074079692], [-0.0029770040419, -0.0120040681213, 0.00124755548313, 0.00708091817796, 0.0211907420307, 0.0576000101864, -0.0232419557869, -0.0347878187895, -0.0198423285037, -0.0146613987163, 0.0215422958136, 0.0319760255516, 0.0540535077453], [0.00698163965717, -0.0375605262816, 0.0246924459934, -0.0684095695615, 0.0182324778289, -0.0232419557869, 0.144671261311, -0.0168787203729, 0.0308178961277, -0.0239812824875, 0.0105794882402, -0.0624940469861, 0.000162650554557], [-0.00342909968458, 0.0378976650536, -0.0335779190063, 0.0182333346456, -0.0290520172566, -0.0347878187895, -0.0168787203729, 0.111439712346, -0.060125965625, 0.0322623923421, -0.00241690198891, -0.000953440961894, -0.0457103997469], [0.00620936369523, -0.0319424234331, 0.0710333883762, -0.0665957778692, -0.000977025483735, -0.0198423285037, 0.0308178961277, -0.060125965625, 0.197224989533, -0.0483861677349, 0.00418370915577, -0.051270313561, -0.014870190993], [-0.00827111676335, 0.0596223212779, -0.0370200201869, 0.0430144630373, -0.0555080771446, -0.0146613987163, -0.0239812824875, 0.0322623923421, -0.0483861677349, 0.191223621368, -0.053008325398, 0.017709793523, -0.0216413252056], [-0.00234501459636, -0.0078874155879, -0.00853026192635, 0.00442295987159, 0.0181618705392, 0.0215422958136, 0.0105794882402, -0.00241690198891, 0.00418370915577, -0.053008325398, 0.16341689229, -0.0251309107989, 0.00420505227521], [-0.00323725817725, 0.0525355264544, -0.0463746711612, 0.0532658919692, -0.00281776301563, 0.0319760255516, -0.0624940469861, -0.000953440961894, -0.051270313561, 0.017709793523, -0.0251309107989, 0.189308196306, -0.0544675029814], [0.00273512653075, -0.0376288406551, 0.0258112624288, -0.0225780662149, 0.0514074079692, 0.0540535077453, 0.000162650554557, -0.0457103997469, -0.014870190993, -0.0216413252056, 0.00420505227521, -0.0544675029814, 0.207608312368]]
    },
    "melbands": {
        "dmean": [9.79095129878e-05, 0.000149424668052, 0.00101760751568, 0.00111775810365, 0.000762635434512, 0.000205092772376, 0.000275159196462, 0.000743012700696, 0.000367602275219, 0.000384386163205, 0.000188636870007, 7.63521529734e-05, 1.11693316285e-05, 1.84419841389e-05, 2.88702613034e-05, 4.44025317847e-05, 4.03208214266e-05, 2.26784341066e-05, 1.11926874524e-05, 3.43792521562e-06, 5.79176548854e-06, 1.20258837342e-05, 8.88063732418e-06, 5.20237517776e-06, 1.60381807746e-06, 1.92689390133e-06, 4.05477385357e-06, 1.48571825775e-06, 1.59763783358e-06, 1.64230880273e-06, 4.17752488602e-07, 7.97524080554e-07, 5.8130024172e-07, 2.45626466722e-07, 2.01889676532e-07, 1.3549136213e-07, 1.14410312335e-07, 9.66177680084e-08, 1.03180965993e-07, 5.79345709184e-08],
        "dmean2": [0.000148246836034, 0.000171734151081, 0.00169433548581, 0.00178768381011, 0.000976365816314, 0.000278082035948, 0.000382061698474, 0.000871463213116, 0.000497097847983, 0.000349564972566, 0.000199518879526, 0.000103031394246, 1.46448292071e-05, 2.75326201518e-05, 2.73009700322e-05, 5.84247063671e-05, 3.62527171092e-05, 2.60129327216e-05, 1.20712138596e-05, 4.61014269604e-06, 5.94439234192e-06, 1.45463036461e-05, 9.81909397524e-06, 6.50379024592e-06, 2.43120916821e-06, 2.7674757348e-06, 5.98785481998e-06, 2.12088798435e-06, 2.2903250283e-06, 2.42156875174e-06, 6.26533164905e-07, 1.17938236599e-06, 8.56819099226e-07, 3.5342483784e-07, 2.91489158144e-07, 1.94379211393e-07, 1.68920919918e-07, 1.42443767004e-07, 1.53312782913e-07, 8.40894713861e-08],
        "dvar": [3.8162059468e-07, 5.77670789426e-07, 2.76423616015e-05, 2.29249544645e-05, 1.3067195141e-05, 7.98033113369e-07, 2.74430817626e-06, 1.98797133635e-05, 5.3890307754e-06, 5.51201492272e-06, 1.16624880775e-06, 2.28842438332e-07, 3.06251757287e-09, 1.22476331299e-08, 2.4568608481e-08, 8.69992362595e-08, 4.39080061199e-08, 2.05439505407e-08, 4.67395899761e-09, 3.76183167949e-10, 1.07895126167e-09, 4.30042979005e-09, 2.57902144085e-09, 1.01276098619e-09, 4.63383845184e-11, 1.0122076094e-10, 8.04607325211e-10, 9.29267079952e-11, 1.06437449132e-10, 1.26278681956e-10, 4.46265550555e-12, 2.98280601607e-11, 1.81603655725e-11, 3.15046556551e-12, 2.12684752622e-12, 9.61408144935e-13, 7.21309459644e-13, 5.11185549185e-13, 5.94981258272e-13, 1.77381709581e-13],
        "dvar2": [9.31145734739e-07, 1.08570134216e-06, 8.25379611342e-05, 5.94744888076e-05, 1.97635708901e-05, 1.44932039348e-06, 3.84064151149e-06, 3.60325211659e-05, 1.20583772514e-05, 8.49122716318e-06, 1.35346726893e-06, 3.96650023049e-07, 3.43361050703e-09, 2.67329127723e-08, 2.24769198809e-08, 1.05598871869e-07, 5.71072362732e-08, 2.31156871422e-08, 6.94351642849e-09, 5.37590916228e-10, 1.70141656319e-09, 8.29316082473e-09, 4.57732252102e-09, 2.03044159264e-09, 1.08118111686e-10, 2.38704028765e-10, 1.97234073518e-09, 2.19450277394e-10, 2.49529286123e-10, 3.08344738631e-10, 1.05480173207e-11, 7.31279550803e-11, 4.48057216329e-11, 7.6266354343e-12, 5.13232512045e-12, 2.3106210955e-12, 1.78537610043e-12, 1.26233875783e-12, 1.47887843464e-12, 4.31767983996e-13],
        "max": [0.00504199974239, 0.0073182368651, 0.0468182899058, 0.0394520051777, 0.0345405191183, 0.00879367440939, 0.0162374787033, 0.0415224283934, 0.0203058198094, 0.0227462276816, 0.0112053342164, 0.0043544168584, 0.000523708004039, 0.00100289343391, 0.00165863579605, 0.00258727697656, 0.00238331314176, 0.00133252039086, 0.000669287634082, 0.00020344404038, 0.000329262838932, 0.000662738166284, 0.000488439050969, 0.000290278956527, 6.41451115371e-05, 8.6619904323e-05, 0.000229253098951, 8.10329511296e-05, 8.69294890435e-05, 9.08087749849e-05, 1.80052811629e-05, 4.4130065362e-05, 3.40436163242e-05, 1.44349332913e-05, 1.18494999697e-05, 7.98394739832e-06, 6.77293337503e-06, 5.7100619415e-06, 6.1209816522e-06, 3.40536075782e-06],
        "mean": [8.09277480585e-05, 0.000181562209036, 0.000815570761915, 0.00741066969931, 0.00571532780305, 0.000792085425928, 0.000386086379876, 0.00105324678589, 0.000618620368186, 0.000386645522667, 0.000202025301405, 8.04261653684e-05, 1.85671524378e-05, 1.85515400517e-05, 3.6314202589e-05, 5.0348451623e-05, 4.33356071881e-05, 3.38981881214e-05, 1.29711688714e-05, 5.33790762347e-06, 7.20531988918e-06, 1.45774156408e-05, 9.63716502156e-06, 4.87627039547e-06, 2.84783436655e-06, 2.5463473321e-06, 2.85511032416e-06, 1.35655989197e-06, 1.4532881778e-06, 1.16236060421e-06, 4.97084897688e-07, 5.66872358831e-07, 3.33392051743e-07, 1.46150526348e-07, 1.18784321046e-07, 8.00151411795e-08, 6.4236459707e-08, 5.53981820417e-08, 5.71928886473e-08, 3.56284211023e-08],
        "median": [3.18500751746e-05, 4.7978857765e-05, 2.74269550573e-05, 0.00701672537252, 0.00539296213537, 0.000645980704576, 6.43683451926e-05, 0.000515945197549, 0.000398736679927, 1.88952308235e-05, 7.89330533735e-06, 1.56074711413e-05, 8.58253497427e-06, 2.11375254366e-06, 3.56681425728e-06, 2.20312290367e-06, 1.65059020674e-06, 1.39409939948e-06, 3.76381848355e-07, 1.39861685966e-06, 2.07518974094e-06, 5.06882815898e-06, 2.89191598313e-06, 1.50114453845e-06, 2.1673424726e-06, 1.6637330873e-06, 8.24039432246e-07, 5.74537295961e-07, 6.10300844528e-07, 3.53041997414e-07, 3.17060511179e-07, 1.79153090585e-07, 3.57421896524e-08, 1.45858640721e-08, 1.15422880143e-08, 7.74401698322e-09, 5.14176257127e-09, 5.75838443595e-09, 4.6804995435e-09, 5.25040499966e-09],
        "min": [6.76183253745e-06, 2.35943343796e-06, 3.09130859932e-06, 4.78260626551e-05, 5.43623609701e-05, 3.79009816243e-06, 2.10151119973e-06, 1.23694335343e-05, 1.37781153171e-05, 3.62646824215e-06, 7.40608754768e-07, 7.65081040299e-07, 3.18792558573e-07, 2.1252789395e-07, 9.92736275407e-08, 4.6293010314e-08, 1.8514130673e-08, 1.81121659892e-08, 4.59230484751e-08, 3.80831934876e-08, 3.91605219363e-08, 5.78620351632e-08, 4.78874042642e-08, 1.6144454662e-08, 3.98174506699e-08, 4.68983500923e-08, 1.19905667617e-08, 1.60314019837e-08, 7.6636013091e-09, 9.53139789317e-09, 8.27913737567e-09, 1.04936717094e-08, 2.41186737249e-09, 1.35851419003e-09, 9.67017910192e-10, 1.12926945572e-09, 1.0274626705e-09, 5.91505067149e-10, 4.18410056602e-10, 5.20536891369e-10],
        "var": [2.06835537142e-07, 5.72427268253e-07, 2.32225738728e-05, 1.22995106722e-05, 1.03278398456e-05, 8.37213008253e-07, 3.90935065298e-06, 1.65405035659e-05, 3.41148279404e-06, 6.07826041232e-06, 1.6630447135e-06, 2.32244346421e-07, 4.37471747716e-09, 1.11143316772e-08, 4.14388310332e-08, 1.07604350319e-07, 6.8230292527e-08, 3.61117926673e-08, 6.18844087086e-09, 5.84068571285e-10, 1.20510634805e-09, 4.22352464113e-09, 2.38773090189e-09, 7.50436823793e-10, 3.29001548227e-11, 6.07647196449e-11, 4.2861261762e-10, 5.37048877591e-11, 6.18947046394e-11, 6.72064626173e-11, 2.60429351695e-12, 1.58603494921e-11, 9.48719054705e-12, 1.71198905746e-12, 1.15340397823e-12, 5.24135639404e-13, 3.75660169204e-13, 2.66927295154e-13, 3.06669186573e-13, 9.50274472826e-14]
    },
    "mfcc": {
        "mean": [-718.176391602, 180.17906189, -7.08173561096, 51.651550293, -21.3586883545, -28.2739276886, -18.5204391479, -19.9444351196, -11.9745597839, -22.9520149231, -6.70996046066, -2.26609563828, -10.9095535278],
        "cov": [[1803.34423828, 73.1906814575, -200.449676514, -290.152008057, 89.1434326172, 169.330673218, -10.3357906342, 15.4803829193, 29.9243373871, 154.193161011, 51.7714271545, -11.8640079498, -59.7284431458], [73.1906814575, 85.5423583984, -8.15585422516, -19.4974956512, 24.2688484192, 31.3396892548, 12.9831142426, 1.46050405502, 1.60854303837, 15.2772035599, 0.39988771081, -10.7599401474, -16.836435318], [-200.449676514, -8.15585422516, 88.6037216187, 48.5198707581, -13.5623407364, -13.66685009, 18.7913589478, 11.8059177399, -2.61398053169, -17.4032554626, -5.34790945053, 2.01424789429, 6.25849199295], [-290.152008057, -19.4974956512, 48.5198707581, 90.2752227783, -21.5500297546, -39.2199211121, 3.75228571892, -4.3694524765, -6.73829078674, -36.3751144409, -11.9513444901, 4.67360830307, 12.9220714569], [89.1434326172, 24.2688484192, -13.5623407364, -21.5500297546, 32.1511116028, 23.1431159973, 5.57914447784, 6.68405342102, 9.79124736786, 22.3734321594, 5.7078294754, -3.56776928902, -5.66852521896], [169.330673218, 31.3396892548, -13.66685009, -39.2199211121, 23.1431159973, 46.3021240234, 9.12816238403, 7.47894573212, 7.99414873123, 27.6336135864, 9.24085140228, -6.54715538025, -13.7787313461], [-10.3357906342, 12.9831142426, 18.7913589478, 3.75228571892, 5.57914447784, 9.12816238403, 16.5471858978, 6.04751157761, 3.24595952034, 4.42264699936, 0.679902911186, -0.988322675228, -2.16355347633], [15.4803829193, 1.46050405502, 11.8059177399, -4.3694524765, 6.68405342102, 7.47894573212, 6.04751157761, 19.479839325, 12.1248579025, 7.75775384903, 0.988960921764, 0.0786839202046, 3.07275128365], [29.9243373871, 1.60854303837, -2.61398053169, -6.73829078674, 9.79124736786, 7.99414873123, 3.24595952034, 12.1248579025, 23.3010749817, 10.1422929764, -0.000755087530706, 0.332026660442, 3.04111123085], [154.193161011, 15.2772035599, -17.4032554626, -36.3751144409, 22.3734321594, 27.6336135864, 4.42264699936, 7.75775384903, 10.1422929764, 32.3379440308, 8.4711894989, -4.98837423325, -6.82826375961], [51.7714271545, 0.39988771081, -5.34790945053, -11.9513444901, 5.7078294754, 9.24085140228, 0.679902911186, 0.988960921764, -0.000755087530706, 8.4711894989, 9.09910774231, 0.219233453274, -2.06846022606], [-11.8640079498, -10.7599401474, 2.01424789429, 4.67360830307, -3.56776928902, -6.54715538025, -0.988322675228, 0.0786839202046, 0.332026660442, -4.98837423325, 0.219233453274, 8.96534824371, 3.50610208511], [-59.7284431458, -16.836435318, 6.25849199295, 12.9220714569, -5.66852521896, -13.7787313461, -2.16355347633, 3.07275128365, 3.04111123085, -6.82826375961, -2.06846022606, 3.50610208511, 14.0927848816]],
