{
"lowlevel": {
    "average_loudness": 0.402191996574,
    "barkbands_crest": {
        "dmean": 2.58837580681,
        "dmean2": 4.04852294922,
        "dvar": 4.8503742218,
        "dvar2": 11.5492801666,
        "max": 21.4942626953,
        "mean": 9.8147726059,
        "median": 9.46473503113,
        "min": 4.08212995529,
        "var": 10.9297790527
    },
    "barkbands_flatness_db": {
        "dmean": 0.0159836765379,
        "dmean2": 0.0224985927343,
        "dvar": 0.000318540754961,
        "dvar2": 0.000447197526228,
        "max": 0.334304273129,
        "mean": 0.144939482212,
        "median": 0.132196336985,
        "min": 0.06980188936,
        "var": 0.00283173751086
    },
    "barkbands_kurtosis": {
        "dmean": 1.3192358017,
        "dmean2": 1.96603417397,
        "dvar": 2.54304599762,
        "dvar2": 4.82274580002,
        "max": 15.0351352692,
        "mean": 2.41165971756,
        "median": 1.76483392715,
        "min": -0.886256456375,
        "var": 5.57678365707
    },
    "barkbands_skewness": {
        "dmean": 0.337130516768,
        "dmean2": 0.536636590958,
        "dvar": 0.149995103478,
        "dvar2": 0.36025583744,
        "max": 2.57938551903,
        "mean": 1.12732446194,
        "median": 1.17915391922,
        "min": -0.904510974884,
        "var": 0.474326193333
    },
    "barkbands_spread": {
        "dmean": 2.81187272072,
        "dmean2": 4.62226676941,
        "dvar": 8.74799346924,
        "dvar2": 23.210231781,
        "max": 32.438911438,
        "mean": 13.7287855148,
        "median": 13.1747913361,
        "min": 2.31659436226,
        "var": 31.2064933777
    },
    "dissonance": {
        "dmean": 0.0200735535473,
        "dmean2": 0.0347846336663,
        "dvar": 0.000462325348053,
        "dvar2": 0.00117133045569,
        "max": 0.499595701694,
        "mean": 0.468168973923,
        "median": 0.472658872604,
        "min": 0.324788242579,
        "var": 0.000676551950164
    },
    "dynamic_complexity": 12.3564949036,
    "erbbands_crest": {
        "dmean": 2.11975646019,
        "dmean2": 3.64620399475,
        "dvar": 2.91175746918,
        "dvar2": 6.89068746567,
        "max": 19.6102294922,
        "mean": 8.98227214813,
        "median": 8.36211013794,
        "min": 3.80754137039,
        "var": 10.1634654999
    },
    "erbbands_flatness_db": {
        "dmean": 0.015868159011,
        "dmean2": 0.0236816480756,
        "dvar": 0.000360367965186,
        "dvar2": 0.00044336024439,
        "max": 0.404271245003,
        "mean": 0.194098800421,
        "median": 0.171568289399,
        "min": 0.131725117564,
        "var": 0.00392076000571
    },
    "erbbands_kurtosis": {
        "dmean": 0.787244319916,
        "dmean2": 1.21402907372,
        "dvar": 2.08241248131,
        "dvar2": 3.66487455368,
        "max": 14.5240039825,
        "mean": 0.454035431147,
        "median": -0.08334171772,
        "min": -1.36930155754,
        "var": 5.31823062897
    },
    "erbbands_skewness": {
        "dmean": 0.340613752604,
        "dmean2": 0.568140089512,
        "dvar": 0.131280347705,
        "dvar2": 0.320096224546,
        "max": 2.85189390182,
        "mean": 0.522756934166,
        "median": 0.485437661409,
        "min": -0.794502735138,
        "var": 0.201214626431
    },
    "erbbands_spread": {
        "dmean": 4.04428625107,
        "dmean2": 6.42277526855,
        "dvar": 11.0237531662,
        "dvar2": 22.290845871,
        "max": 52.0184402466,
        "mean": 26.8594856262,
        "median": 27.1277313232,
        "min": 3.04307246208,
        "var": 127.460205078
    },
    "hfc": {
        "dmean": 0.984717607498,
        "dmean2": 1.59034085274,
        "dvar": 28.5003986359,
        "dvar2": 52.1314277649,
        "max": 69.3703613281,
        "mean": 3.31493115425,
        "median": 0.132143944502,
        "min": 0.0474616363645,
        "var": 145.908660889
    },
    "melbands_crest": {
        "dmean": 2.74229621887,
        "dmean2": 4.55424499512,
        "dvar": 6.53383827209,
        "dvar2": 19.0650405884,
        "max": 21.6688709259,
        "mean": 10.3777122498,
        "median": 9.91699409485,
        "min": 4.62336826324,
        "var": 8.98608112335
    },
    "melbands_flatness_db": {
        "dmean": 0.0165982749313,
        "dmean2": 0.0229705553502,
        "dvar": 0.000344770931406,
        "dvar2": 0.000472758110845,
        "max": 0.417832404375,
        "mean": 0.221159026027,
        "median": 0.211846828461,
        "min": 0.144251987338,
        "var": 0.00249779224396
    },
    "melbands_kurtosis": {
        "dmean": 1.8864594698,
        "dmean2": 2.81406712532,
        "dvar": 4.08530664444,
        "dvar2": 9.7216835022,
        "max": 16.7726993561,
        "mean": 4.90887069702,
        "median": 4.06219148636,
        "min": -1.02709841728,
        "var": 14.1408996582
    },
    "melbands_skewness": {
        "dmean": 0.387373715639,
        "dmean2": 0.571274757385,
        "dvar": 0.153817653656,
        "dvar2": 0.378713935614,
        "max": 3.39308547974,
        "mean": 1.54399323463,
        "median": 1.59788680077,
        "min": -1.39870285988,
        "var": 0.833047688007
    },
    "melbands_spread": {
        "dmean": 3.49902462959,
        "dmean2": 5.67012453079,
        "dvar": 13.5746488571,
        "dvar2": 35.0347366333,
        "max": 39.1917686462,
        "mean": 16.7290916443,
        "median": 15.608877182,
        "min": 5.43257379532,
        "var": 32.1131629944
    },
    "pitch_salience": {
        "dmean": 0.0670417919755,
        "dmean2": 0.110379569232,
        "dvar": 0.00248721567914,
        "dvar2": 0.0069714859128,
        "max": 0.760416567326,
        "mean": 0.600624203682,
        "median": 0.597620844841,
        "min": 0.398111671209,
        "var": 0.00515302270651
    },
    "silence_rate_20dB": {
        "dmean": 0,
        "dmean2": 0,
        "dvar": 0,
        "dvar2": 0,
        "max": 1,
        "mean": 1,
        "median": 1,
        "min": 1,
        "var": 0
    },
    "silence_rate_30dB": {
        "dmean": 0,
        "dmean2": 0,
        "dvar": 0,
        "dvar2": 0,
        "max": 1,
        "mean": 1,
        "median": 1,
        "min": 1,
        "var": 0
    },
    "silence_rate_60dB": {
        "dmean": 0.0188679248095,
        "dmean2": 0.0379746817052,
        "dvar": 0.0185119248927,
        "dvar2": 0.049190826714,
        "max": 1,
        "mean": 0.918749988079,
        "median": 1,
        "min": 0,
        "var": 0.0746484547853
    },
    "spectral_centroid": {
        "dmean": 143.684356689,
        "dmean2": 218.280044556,
        "dvar": 23048.6347656,
        "dvar2": 52593.3242188,
        "max": 1964.93798828,
        "mean": 1041.29406738,
        "median": 1006.40600586,
        "min": 536.808288574,
        "var": 81968.9296875
    },
    "spectral_complexity": {
        "dmean": 0.773584902287,
        "dmean2": 1.32911396027,
        "dvar": 2.45188045502,
        "dvar2": 3.73978471756,
        "max": 26,
        "mean": 2.69374990463,
        "median": 1,
        "min": 0,
        "var": 27.6499538422
    },
    "spectral_decrease": {
        "dmean": 2.84916007454e-10,
        "dmean2": 3.19072795962e-10,
        "dvar": 1.81171207072e-18,
        "dvar2": 2.1453977638e-18,
        "max": -1.20883364083e-11,
        "mean": -1.14833054177e-09,
        "median": -5.11009221049e-11,
        "min": -2.10391686295e-08,
        "var": 1.72424954962e-17
    },
    "spectral_energy": {
        "dmean": 0.00113165820949,
        "dmean2": 0.00131756637711,
        "dvar": 2.99659004668e-05,
        "dvar2": 3.63266553904e-05,
        "max": 0.08411629498,
        "mean": 0.00463473331183,
        "median": 0.000202912560781,
        "min": 4.99739544466e-05,
        "var": 0.000279977422906
    },
    "spectral_energyband_high": {
        "dmean": 1.43850843415e-06,
        "dmean2": 1.95252596313e-06,
        "dvar": 5.54955283116e-11,
        "dvar2": 6.31596719369e-11,
        "max": 9.17619108805e-05,
        "mean": 2.7153512292e-06,
        "median": 1.54422627929e-06,
        "min": 9.595097481e-07,
        "var": 5.45252523687e-11
    },
    "spectral_energyband_low": {
        "dmean": 1.25791575556e-05,
        "dmean2": 1.57504000526e-05,
        "dvar": 1.02403208135e-09,
        "dvar2": 1.21170717904e-09,
        "max": 0.00084965483984,
        "mean": 3.8848585973e-05,
        "median": 1.41230211739e-05,
        "min": 2.4370981464e-06,
        "var": 1.26792967237e-08
    },
    "spectral_energyband_middle_high": {
        "dmean": 0.000926520675421,
        "dmean2": 0.00165080151055,
        "dvar": 2.44365837716e-05,
        "dvar2": 5.60979278816e-05,
        "max": 0.0487518832088,
        "mean": 0.00206882692873,
        "median": 4.46304366051e-05,
        "min": 1.11251865746e-05,
        "var": 6.181003846e-05
    },
    "spectral_energyband_middle_low": {
        "dmean": 0.00102798978332,
        "dmean2": 0.00135557726026,
        "dvar": 2.37140375248e-05,
        "dvar2": 4.46455160272e-05,
        "max": 0.0669880062342,
        "mean": 0.00256530963816,
        "median": 0.000138913455885,
        "min": 1.9383705876e-05,
        "var": 0.000102384459751
    },
    "spectral_entropy": {
        "dmean": 0.111639343202,
        "dmean2": 0.16700309515,
        "dvar": 0.0184877309948,
        "dvar2": 0.0225534196943,
        "max": 7.79301691055,
        "mean": 7.35233020782,
        "median": 7.43367528915,
        "min": 6.39512062073,
        "var": 0.0935553610325
    },
    "spectral_flux": {
        "dmean": 0.00524126179516,
        "dmean2": 0.00882651191205,
        "dvar": 0.000271562079433,
        "dvar2": 0.000617933634203,
        "max": 0.209001347423,
        "mean": 0.0162458699197,
        "median": 0.00598521996289,
        "min": 0.00291397189721,
        "var": 0.00117347657215
    },
    "spectral_kurtosis": {
        "dmean": 2.80253314972,
        "dmean2": 4.38824796677,
        "dvar": 54.4059867859,
        "dvar2": 81.7361068726,
        "max": 83.6398010254,
        "mean": 10.6943531036,
        "median": 7.51485109329,
        "min": 3.20374250412,
        "var": 161.629776001
    },
    "spectral_rms": {
        "dmean": 0.000151815824211,
        "dmean2": 0.000210488287848,
        "dvar": 2.68237414502e-07,
        "dvar2": 3.87371613897e-07,
        "max": 0.00905895512551,
        "mean": 0.00100968405604,
        "median": 0.000444927834906,
        "min": 0.000220805522986,
        "var": 3.50222990164e-06
    },
    "spectral_rolloff": {
        "dmean": 183.370803833,
        "dmean2": 305.280914307,
        "dvar": 76398.2734375,
        "dvar2": 185204.59375,
        "max": 2562.45117188,
        "mean": 1094.29016113,
        "median": 1098.19335938,
        "min": 516.796875,
        "var": 122010.578125
    },
    "spectral_skewness": {
        "dmean": 0.250431239605,
        "dmean2": 0.402181357145,
        "dvar": 0.167221844196,
        "dvar2": 0.320397257805,
        "max": 6.46741533279,
        "mean": 1.96845698357,
        "median": 1.76743459702,
        "min": 1.22921037674,
        "var": 0.652097463608
    },
    "spectral_spread": {
        "dmean": 265658.75,
        "dmean2": 343749.125,
        "dvar": 1.82958712422e+12,
        "dvar2": 1.87623093043e+12,
        "max": 18179560,
        "mean": 3117812.5,
        "median": 3208114,
        "min": 923694.4375,
        "var": 1.8002051072e+12
    },
    "spectral_strongpeak": {
        "dmean": 0.165183275938,
        "dmean2": 0.239564746618,
        "dvar": 0.276575922966,
        "dvar2": 0.480816960335,
        "max": 6.36282205582,
        "mean": 0.325456529856,
        "median": 0.0919287651777,
        "min": 0.00750628951937,
        "var": 0.670778691769
    },
    "zerocrossingrate": {
        "dmean": 0.00480296788737,
        "dmean2": 0.00656707398593,
        "dvar": 1.93130199477e-05,
        "dvar2": 3.2915493648e-05,
        "max": 0.080078125,
        "mean": 0.0473785400391,
        "median": 0.047607421875,
        "min": 0.01318359375,
        "var": 9.62268240983e-05
    },
    "barkbands": {
        "dmean": [1.04130236878e-07, 2.82697237708e-06, 3.91101502828e-06, 7.78417670517e-05, 0.000331458315486, 0.000121181634313, 0.000199309986783, 0.000576459569857, 0.000123886522488, 0.000167170204804, 0.000858260027599, 0.000132717672386, 2.51173296419e-05, 6.47883207421e-05, 6.88463887855e-06, 1.30544995045e-05, 3.68696819351e-05, 2.56794191955e-06, 2.46345225605e-05, 2.1951560484e-05, 3.53303903466e-07, 1.59430229019e-07, 1.06241017761e-07, 9.71062590338e-08, 8.21797243589e-08, 9.19177196579e-08, 9.19287757029e-08],
        "dmean2": [1.55400798008e-07, 4.6980649131e-06, 6.13305155639e-06, 7.33567358111e-05, 0.000450484076282, 0.000206054624869, 0.000318440317642, 0.000856434809975, 0.000209226636798, 0.000224946139497, 0.00149533129297, 0.000222776434384, 4.41334086645e-05, 8.94011172932e-05, 1.10889259304e-05, 2.37742842728e-05, 5.37571650057e-05, 3.53935138264e-06, 4.84272895847e-05, 4.30944746768e-05, 5.10258644226e-07, 2.00954488605e-07, 1.2200152355e-07, 1.13280222536e-07, 8.99227785567e-08, 1.07384728665e-07, 1.04830718328e-07],
        "dvar": [5.3071743777e-14, 5.29443763136e-12, 6.00492433556e-11, 1.91149709394e-07, 2.97480278277e-06, 4.00488943342e-07, 8.73811131896e-07, 8.89230341272e-06, 2.98484195582e-07, 5.91122841342e-07, 1.80944989552e-05, 2.09359797054e-07, 1.02005381919e-08, 1.17184548287e-07, 1.14680975827e-09, 8.28380564144e-09, 4.33185824988e-08, 1.06986600135e-10, 4.22897379337e-08, 3.25973665838e-08, 1.86545635709e-12, 1.10648306923e-12, 7.94516958735e-13, 7.10503487641e-13, 6.46962680911e-13, 6.19016285713e-13, 6.89898442194e-13],
        "dvar2": [1.06309729628e-13, 1.43777828185e-11, 9.33608051978e-11, 2.58563744637e-07, 4.93094194098e-06, 1.17418937862e-06, 2.14205897464e-06, 2.04525840672e-05, 8.31298962112e-07, 9.92369223241e-07, 4.45702244178e-05, 6.3158552166e-07, 2.39945894265e-08, 2.36856138258e-07, 2.16646367512e-09, 1.60959690021e-08, 9.71627471813e-08, 1.97316635253e-10, 1.25974622733e-07, 9.73166223162e-08, 2.05248166553e-12, 1.09897822179e-12, 8.04867077934e-13, 7.20189912481e-13, 6.51020687012e-13, 6.27852045527e-13, 6.92236795229e-13],
        "max": [3.06889796775e-06, 1.81502346095e-05, 9.72609632299e-05, 0.00711489561945, 0.0301527753472, 0.00731322588399, 0.00960632413626, 0.0388495624065, 0.00507352640852, 0.0104723460972, 0.0370534397662, 0.00391878094524, 0.00112997344695, 0.00494798505679, 0.000424225756433, 0.000961750745773, 0.00256080995314, 0.000124209895148, 0.0018872867804, 0.00164478900842, 1.6863217752e-05, 1.34276160679e-05, 1.12175339382e-05, 1.06083125502e-05, 1.01479408841e-05, 9.91015440377e-06, 1.05090248326e-05],
        "mean": [1.3668181964e-07, 7.37555228625e-06, 6.55295070828e-06, 0.000183663476491, 0.000964167236816, 0.000245297822403, 0.00023613749363, 0.00072610861389, 0.000189434795175, 0.000467726116767, 0.00111766182818, 0.000205410644412, 6.12384610577e-05, 0.000109059925308, 1.4855992049e-05, 2.58710315393e-05, 3.96664327127e-05, 4.50444304079e-06, 1.52245575009e-05, 1.26982486108e-05, 8.56140218275e-07, 3.01393839663e-07, 1.34110948125e-07, 1.09341705468e-07, 1.03691036202e-07, 1.20377336543e-07, 2.23297021762e-07],
        "median": [5.05440240772e-08, 7.02377246853e-06, 4.70275426778e-06, 2.13097996493e-06, 5.1113875088e-05, 1.24706912175e-05, 2.10145517485e-05, 2.92154873023e-05, 3.56974624083e-06, 3.31637124873e-06, 5.44838439964e-06, 1.79528396984e-05, 2.91604419544e-06, 2.33303353525e-06, 6.13456677456e-07, 7.72338864863e-07, 4.04142474508e-06, 1.28231795316e-06, 1.64598054653e-06, 9.91811020867e-07, 6.44863007437e-07, 1.83667367537e-07, 3.46586972455e-08, 2.22228493385e-08, 2.65567265956e-08, 4.06253732876e-08, 1.5722758917e-07],
        "min": [8.58178639263e-10, 9.51482661549e-08, 6.31997465916e-07, 1.00549357285e-07, 3.17523699778e-06, 2.07580819733e-06, 1.97071858565e-06, 4.636842732e-06, 5.27507268089e-07, 5.31085277089e-07, 5.61862520954e-07, 3.96009966153e-07, 6.10650658928e-07, 4.40405983682e-07, 1.29383948888e-07, 2.48809300274e-07, 1.84927296232e-06, 7.12973758255e-07, 8.80005302406e-07, 4.90011018428e-07, 3.32272719561e-07, 6.94076405239e-08, 1.01119574936e-08, 4.16023926419e-09, 6.06372196899e-09, 2.16312945334e-09, 1.23705170552e-08],
        "var": [1.27184883719e-13, 1.09972551898e-11, 7.09052469516e-11, 7.59688987273e-07, 1.70187122421e-05, 1.06201719063e-06, 1.09771565349e-06, 1.43049928738e-05, 6.10471772688e-07, 3.41317127095e-06, 2.38327484112e-05, 4.60058572571e-07, 4.45873808985e-08, 2.49041704592e-07, 3.34137273406e-09, 1.42092773103e-08, 5.00388814828e-08, 2.03150232747e-10, 2.21004814449e-08, 1.67836571308e-08, 1.89718683472e-12, 1.10899982773e-12, 7.89609697072e-13, 7.05010323124e-13, 6.4123836449e-13, 6.11593620799e-13, 6.72646346175e-13]
    },
    "erbbands": {
        "dmean": [3.37094679708e-05, 0.000805136747658, 0.00415719347075, 0.0915419310331, 0.34862986207, 1.17482745647, 1.45028471947, 1.5004554987, 1.0887209177, 11.1578960419, 5.80102300644, 1.9452483654, 3.20057940483, 17.2041473389, 29.8402252197, 4.8396654129, 1.52637302876, 2.35292100906, 1.45509445667, 0.739435315132, 0.75782930851, 2.09478235245, 0.317587286234, 0.148289337754, 2.48637318611, 0.670330047607, 0.0370214022696, 0.0119325919077, 0.00623511010781, 0.00380301545374, 0.00301853241399, 0.00225385790691, 0.00151657359675, 0.000950805027969, 0.000588172173593, 0.000394140544813, 0.000160495153978, 5.95786368649e-05, 1.31030647026e-05, 2.06175968742e-06],
        "dmean2": [5.9796631831e-05, 0.00131187250372, 0.00638413568959, 0.0885303318501, 0.346321195364, 1.66925239563, 2.08564090729, 2.48511791229, 1.88963568211, 14.4850730896, 7.35566425323, 3.27433753014, 4.03876638412, 27.315782547, 45.65391922, 8.30101966858, 2.49678421021, 3.10748124123, 1.59137094021, 1.08834457397, 1.23307991028, 2.94675564766, 0.466066777706, 0.267175406218, 4.91177797318, 1.30504226685, 0.0622866079211, 0.0171442944556, 0.00800193473697, 0.00428053503856, 0.00352798006497, 0.00267888652161, 0.00174290919676, 0.00106302904896, 0.00064622994978, 0.000470950821182, 0.000182645744644, 7.03783880454e-05, 1.51356980496e-05, 2.47090656558e-06],
        "dvar": [8.85604367618e-10, 4.34252171999e-07, 2.99379553326e-05, 0.221909821033, 3.05124092102, 31.5362281799, 58.9406929016, 62.9445152283, 25.5429649353, 3071.04980469, 670.528808594, 80.3155059814, 224.898223877, 6344.54394531, 19826.9746094, 357.446746826, 31.7323913574, 119.488098145, 44.4430503845, 20.9118843079, 18.3169002533, 130.858520508, 2.81813549995, 0.760025918484, 450.388366699, 27.7684402466, 0.03054398112, 0.00240035261959, 0.00148493784945, 0.000991687295027, 0.000608867092524, 0.000353579700459, 0.000179698254215, 8.34511010908e-05, 3.18218299071e-05, 9.80174354481e-06, 2.11821384255e-06, 2.68920359758e-07, 1.35544526714e-08, 9.4064651901e-11],
        "dvar2": [2.47602693904e-09, 1.22098833799e-06, 4.26836850238e-05, 0.297935545444, 3.63360142708, 60.195640564, 95.0840454102, 177.801712036, 65.9065246582, 6491.78710938, 1300.88171387, 218.898117065, 343.090148926, 15479.3623047, 47592.1914062, 1056.17834473, 95.845993042, 238.591049194, 76.600151062, 43.4051322937, 34.3437957764, 280.592773438, 5.14081764221, 2.17339968681, 1341.91699219, 82.8469238281, 0.0838525667787, 0.00259433244355, 0.00147548527457, 0.0010010007536, 0.000618726480752, 0.000359546073014, 0.000182258023415, 8.40803986648e-05, 3.2018582715e-05, 1.00599891084e-05, 2.13308521779e-06, 2.71119006356e-07, 1.3527594156e-08, 8.44932249167e-11],
        "max": [0.000254163780482, 0.00528157595545, 0.145085215569, 8.56553173065, 38.6192779541, 95.9862060547, 138.158401489, 87.2634353638, 51.9122314453, 732.028808594, 364.380126953, 101.589561462, 238.392745972, 805.102478027, 1185.98950195, 189.128265381, 78.3855285645, 173.491668701, 107.36240387, 55.5181503296, 52.26197052, 144.554016113, 20.6728897095, 9.02100372314, 193.795806885, 48.0607872009, 1.61002087593, 0.615707337856, 0.493059426546, 0.39686653018, 0.310433417559, 0.236451387405, 0.168733730912, 0.115267962217, 0.0712360441685, 0.0393377579749, 0.0183894950897, 0.00655141519383, 0.00150831113569, 0.000189292870346],
        "mean": [6.83521939209e-05, 0.00219956412911, 0.0109683070332, 0.232388183475, 1.0694642067, 3.05266213417, 4.90544128418, 2.62813425064, 2.00463414192, 13.8559617996, 9.34261894226, 3.69342374802, 9.36658477783, 25.3152046204, 38.8115386963, 8.88123416901, 3.74914550781, 4.53839206696, 2.95211911201, 1.07797825336, 1.44434046745, 2.33677148819, 0.475986301899, 0.223940044641, 1.38254141808, 0.416038036346, 0.0514287874103, 0.0284254141152, 0.0126655595377, 0.00524831097573, 0.00372150796466, 0.00251993630081, 0.00174645276275, 0.00117321871221, 0.000747288751882, 0.000473985535791, 0.000219485576963, 9.01315797819e-05, 2.96831567539e-05, 9.20346610656e-06],
        "median": [5.97014950472e-05, 0.0020854184404, 0.00660869758576, 0.0080224853009, 0.0179250016809, 0.264122009277, 0.195849180222, 0.106348738074, 0.150555759668, 0.762521982193, 0.46557790041, 0.0868059396744, 0.0964955314994, 0.149131268263, 0.502757608891, 0.576257109642, 0.153750747442, 0.131342113018, 0.0883254557848, 0.0218035615981, 0.0646130591631, 0.246290445328, 0.0802241116762, 0.0896758511662, 0.0657934993505, 0.0493858829141, 0.0298232473433, 0.0216677449644, 0.00865333061665, 0.00179236242548, 0.000915211043321, 0.000515117892064, 0.000380720593967, 0.000280307605863, 0.000198566369363, 0.000118560536066, 8.10768542578e-05, 4.19728348788e-05, 1.81488831004e-05, 3.3439876006e-06],
        "min": [3.10950099447e-06, 3.57627686753e-05, 0.000847570656333, 0.00051524041919, 0.00181161880028, 0.0117847258225, 0.0153718478978, 0.0161196198314, 0.0100822569802, 0.0715224742889, 0.084192968905, 0.0142496554181, 0.0119983339682, 0.0286953374743, 0.0147533640265, 0.0192179065198, 0.0297309942544, 0.0399943888187, 0.026564002037, 0.00974900089204, 0.0297359842807, 0.120154388249, 0.0406935960054, 0.0498324669898, 0.0408568270504, 0.0256992336363, 0.014260943979, 0.0126079954207, 0.0031746623572, 0.000570921227336, 0.000296931772027, 0.00013538596977, 0.000126886036014, 0.000101104546047, 9.31760368985e-05, 4.97580986121e-05, 1.90865994227e-05, 7.42299562262e-06, 1.21129851323e-05, 1.99481746677e-06],
        "var": [1.72387470965e-09, 9.68810354607e-07, 0.000387708103517, 1.13226151466, 24.8667678833, 160.998916626, 431.618560791, 133.243026733, 59.8640365601, 5074.19189453, 1783.53393555, 216.097412109, 1443.25769043, 10428.0263672, 29714.140625, 978.282104492, 185.354736328, 349.281433105, 154.32421875, 29.5203342438, 39.3131332397, 164.241912842, 4.34667539597, 0.570918917656, 233.161102295, 14.3357419968, 0.0192603953183, 0.00240660971031, 0.00148670410272, 0.000987570500001, 0.000605055363849, 0.000350805232301, 0.000178433576366, 8.27807452879e-05, 3.15825745929e-05, 9.70868404693e-06, 2.09878317037e-06, 2.65431765456e-07, 1.39070213123e-08, 5.48110612453e-10]
    },
    "gfcc": {
        "mean": [-234.261917114, 112.0417099, -127.734153748, -8.64874744415, -43.4924278259, -27.9183139801, -17.7619609833, -7.93477535248, -29.9909877777, -0.65451669693, -6.80378866196, 2.19622540474, -12.1291971207],
        "cov": [[2758.90673828, 1042.86975098, -843.704223633, -934.840820312, -125.858467102, 4.24268054962, -157.521011353, -189.747650146, -250.829742432, -319.992584229, -31.0837135315, -108.095336914, 153.778945923], [1042.86975098, 796.221252441, -332.280639648, -433.835357666, 21.4183063507, -95.8857955933, -69.2208175659, -146.107833862, -102.396507263, -174.566513062, -34.2350082397, -67.0249633789, 67.2287826538], [-843.704223633, -332.280639648, 505.937988281, 399.890472412, -3.16360616684, -4.21278715134, -15.777721405, 14.156785965, 30.9577045441, 101.177841187, -7.97614955902, 53.9072380066, -90.2406234741], [-934.840820312, -433.835357666, 399.890472412, 431.871917725, 30.8857936859, -14.3756542206, 5.46532821655, 58.4018096924, 81.0292892456, 113.622062683, -0.0145885543898, 36.9887809753, -75.0651321411], [-125.858467102, 21.4183063507, -3.16360616684, 30.8857936859, 68.3288955688, -30.7937602997, 5.34488725662, 5.55311155319, 32.2196502686, 2.05926537514, -10.4095335007, -11.5674276352, 10.2298383713], [4.24268054962, -95.8857955933, -4.21278715134, -14.3756542206, -30.7937602997, 99.459854126, 49.6030311584, 18.4951896667, -27.1005821228, 20.3027706146, 26.0772438049, 29.8025836945, 3.63877463341], [-157.521011353, -69.2208175659, -15.777721405, 5.46532821655, 5.34488725662, 49.6030311584, 82.1926879883, 37.4756011963, 3.2688832283, 31.0521869659, 22.3718528748, 17.4964847565, 5.63755226135], [-189.747650146, -146.107833862, 14.156785965, 58.4018096924, 5.55311155319, 18.4951896667, 37.4756011963, 59.4307823181, 37.6204147339, 41.0089492798, 14.9501647949, 9.11398220062, -7.8046207428], [-250.829742432, -102.396507263, 30.9577045441, 81.0292892456, 32.2196502686, -27.1005821228, 3.2688832283, 37.6204147339, 88.3483352661, 37.9445953369, -10.6229782104, -12.6493778229, -14.6480417252], [-319.992584229, -174.566513062, 101.177841187, 113.622062683, 2.05926537514, 20.3027706146, 31.0521869659, 41.0089492798, 37.9445953369, 72.6640777588, 19.3975200653, 19.1662082672, -25.151884079], [-31.0837135315, -34.2350082397, -7.97614955902, -0.0145885543898, -10.4095335007, 26.0772438049, 22.3718528748, 14.9501647949, -10.6229782104, 19.3975200653, 29.8514156342, 18.6856746674, 0.555407345295], [-108.095336914, -67.0249633789, 53.9072380066, 36.9887809753, -11.5674276352, 29.8025836945, 17.4964847565, 9.11398220062, -12.6493778229, 19.1662082672, 18.6856746674, 34.0081367493, -4.40907239914], [153.778945923, 67.2287826538, -90.2406234741, -75.0651321411, 10.2298383713, 3.63877463341, 5.63755226135, -7.8046207428, -14.6480417252, -25.151884079, 0.555407345295, -4.40907239914, 34.691947937]],
        "icov": [[0.00413614790887, -0.00366948707961, 0.00386870210059, 0.00112842069939, 0.00399936595932, -0.00610223179683, 0.0113504622132, -0.00778984092176, 0.00668027065694, -0.0030644570943, 0.00647897878662, 0.00188823323697, -0.00211948598735], [-0.00366948707961, 0.0154482442886, -0.0107050696388, 0.0144337397069, -0.0120394481346, 0.0152914486825, -0.0171664636582, 0.022265991196, -0.0091285482049, 0.016237989068, -0.0228565484285, 0.00654538162053, 0.00857518706471], [0.00386870210059, -0.0107050696388, 0.0279497802258, -0.0218071639538, 0.0092948237434, -0.00989084597677, 0.0156321637332, -0.00638872385025, 0.0178281310946, -0.0242374483496, 0.0395579896867, -0.024075165391, 0.00969501491636], [0.00112842069939, 0.0144337397069, -0.0218071639538, 0.0369375273585, -0.0152451144531, 0.010869028978, -0.00324686733074, 0.00625731609762, -0.00692585948855, 0.0165915675461, -0.026518881321, 0.015258518979, 0.00698569789529], [0.00399936595932, -0.0120394481346, 0.0092948237434, -0.0152451144531, 0.0386039465666, -0.0047000576742, 0.00605782493949, -0.0102396272123, -0.00115481659304, -0.00978370569646, 0.0174472276121, -6.71407906339e-05, -0.0252532623708], [-0.00610223179683, 0.0152914486825, -0.00989084597677, 0.010869028978, -0.0047000576742, 0.0400139763951, -0.0327441878617, 0.0233267210424, -0.00755360396579, 0.00981264654547, -0.0189965832978, -0.0085828518495, 0.00610228255391], [0.0113504622132, -0.0171664636582, 0.0156321637332, -0.00324686733074, 0.00605782493949, -0.0327441878617, 0.0647054240108, -0.0452359728515, 0.0272573921829, -0.0264191571623, 0.0295078251511, -0.00200245412998, -0.0108251553029], [-0.00778984092176, 0.022265991196, -0.00638872385025, 0.00625731609762, -0.0102396272123, 0.0233267210424, -0.0452359728515, 0.086545266211, -0.0325380265713, 0.0142562305555, -0.0401622094214, 0.00224249693565, 0.0132212406024], [0.00668027065694, -0.0091285482049, 0.0178281310946, -0.00692585948855, -0.00115481659304, -0.00755360396579, 0.0272573921829, -0.0325380265713, 0.0513906516135, -0.0343607887626, 0.0453413277864, -0.00239694071934, 0.00460675777867], [-0.0030644570943, 0.016237989068, -0.0242374483496, 0.0165915675461, -0.00978370569646, 0.00981264654547, -0.0264191571623, 0.0142562305555, -0.0343607887626, 0.0842344090343, -0.0707432329655, 0.0210016109049, 0.0146905239671], [0.00647897878662, -0.0228565484285, 0.0395579896867, -0.026518881321, 0.0174472276121, -0.0189965832978, 0.0295078251511, -0.0401622094214, 0.0453413277864, -0.0707432329655, 0.147621288896, -0.0643422603607, 0.00142331689131], [0.00188823323697, 0.00654538162053, -0.024075165391, 0.015258518979, -6.71407906339e-05, -0.0085828518495, -0.00200245412998, 0.00224249693565, -0.00239694071934, 0.0210016109049, -0.0643422603607, 0.0976701229811, -0.021255210042], [-0.00211948598735, 0.00857518706471, 0.00969501491636, 0.00698569789529, -0.0252532623708, 0.00610228255391, -0.0108251553029, 0.0132212406024, 0.00460675777867, 0.0146905239671, 0.00142331689131, -0.021255210042, 0.0833482667804]]
    },
    "melbands": {
        "dmean": [5.52996652914e-07, 1.66295171766e-06, 2.98378763546e-05, 3.78765071218e-05, 6.67498534312e-05, 2.78211064142e-05, 2.37937747443e-05, 0.000136102738907, 3.85807070415e-05, 1.18218858915e-05, 1.76157409442e-05, 6.36397453491e-05, 0.000112445952254, 2.15994368773e-05, 8.87777605385e-06, 2.26655174629e-06, 5.69488838664e-06, 3.72630870515e-06, 6.67235326546e-07, 1.07621281131e-06, 9.23380525819e-07, 2.76276250588e-06, 5.19919012731e-07, 9.52499377149e-08, 6.20330453671e-08, 9.73421492745e-07, 2.22220887736e-06, 8.41814369323e-08, 1.363534885e-08, 1.05811119866e-08, 6.10773254195e-09, 4.03052213827e-09, 2.58658228169e-09, 2.00490335445e-09, 1.76935388563e-09, 1.61282387445e-09, 1.2955628792e-09, 1.07057684939e-09, 9.42223299383e-10, 7.76391839707e-10],
        "dmean2": [9.39468804972e-07, 2.70650116363e-06, 2.87623006443e-05, 5.1367085689e-05, 9.42188999034e-05, 4.70033519377e-05, 3.89521483157e-05, 0.000185433367733, 4.65492084913e-05, 1.92761781364e-05, 2.15586624108e-05, 9.69428438111e-05, 0.000180024988367, 3.89599335904e-05, 1.55543621077e-05, 3.81688869311e-06, 7.82370989327e-06, 4.46118838227e-06, 1.06079164652e-06, 1.87980651845e-06, 1.51711856233e-06, 4.1065059122e-06, 9.04132036794e-07, 1.24550382452e-07, 1.09313091912e-07, 1.9083299776e-06, 4.39939231001e-06, 1.49890496459e-07, 2.13997370935e-08, 1.51850567676e-08, 8.86760265217e-09, 5.43781686346e-09, 3.05508596199e-09, 2.25595919723e-09, 2.09160933018e-09, 1.94365923356e-09, 1.53276080717e-09, 1.2185233933e-09, 1.08885078731e-09, 8.71351213405e-10],
        "dvar": [1.89070127284e-13, 4.74773128797e-12, 2.65749005024e-08, 3.29433866852e-08, 1.2332182564e-07, 2.29294503384e-08, 1.15168008463e-08, 4.68464236292e-07, 2.70242530576e-08, 2.93990942701e-09, 6.65034161074e-09, 8.16354983613e-08, 2.83823169411e-07, 8.06920663621e-09, 1.40720579633e-09, 6.69188801594e-11, 7.94270871296e-10, 3.37125910521e-10, 1.5407704626e-11, 4.57116809682e-11, 2.36472369464e-11, 2.47008385967e-10, 1.09984478122e-11, 1.37910502788e-13, 4.03741947372e-14, 6.58369192497e-11, 3.59419133344e-10, 1.43825936946e-13, 1.83017286595e-15, 1.13018632064e-15, 6.733464062e-16, 4.93182233621e-16, 3.68302022155e-16, 2.80950399511e-16, 2.09189344703e-16, 1.59072019871e-16, 1.22227423389e-16, 9.01069480299e-17, 7.12216006996e-17, 5.57293416245e-17],
        "dvar2": [5.41658731756e-13, 8.90930124814e-12, 3.45898492071e-08, 5.46796385947e-08, 2.05794890462e-07, 6.68656170433e-08, 3.15114974114e-08, 1.02646015421e-06, 4.70419720955e-08, 7.92051224607e-09, 1.06741655514e-08, 1.94123614961e-07, 6.89208604854e-07, 2.07057730961e-08, 4.45642989177e-09, 1.45807629859e-10, 1.66471225693e-09, 6.40634489901e-10, 3.07937599031e-11, 9.0363751204e-11, 4.56474025246e-11, 5.66955260517e-10, 1.98660289608e-11, 2.79011189153e-13, 1.09925428677e-13, 1.9607968027e-10, 1.07226483248e-09, 4.19409922374e-13, 2.96061371999e-15, 1.31505496715e-15, 6.78857096676e-16, 4.85788853602e-16, 3.71112027488e-16, 2.83739308429e-16, 2.12033443112e-16, 1.63488912879e-16, 1.24248841048e-16, 9.10986383227e-17, 7.22720737554e-17, 5.6097867131e-17],
        "max": [2.91966580335e-06, 2.60264823737e-05, 0.00289761717431, 0.00379477185197, 0.00585682317615, 0.00166351418011, 0.00109144893941, 0.008988997899, 0.00232793181203, 0.000547325704247, 0.00128110079095, 0.0030901550781, 0.00463291909546, 0.000853510573506, 0.000364378240192, 0.000102056197647, 0.000414781243308, 0.000269371055765, 4.8276004236e-05, 7.16554495739e-05, 6.04658125667e-05, 0.000191520710359, 3.56250056939e-05, 4.58730801256e-06, 2.30081968766e-06, 7.45231955079e-05, 0.000172565036337, 3.32981403517e-06, 4.49157028015e-07, 4.1401634121e-07, 3.34694192361e-07, 2.85853076321e-07, 2.4227588824e-07, 2.1108139947e-07, 1.82037268814e-07, 1.58049061838e-07, 1.38941402383e-07, 1.1959035362e-07, 1.0615278967e-07, 9.42159346096e-08],
        "mean": [1.29169461616e-06, 3.7698214328e-06, 7.67491364968e-05, 0.000116309245641, 0.000199662405066, 5.04865201947e-05, 3.48363901139e-05, 0.000166966899997, 6.92661924404e-05, 2.04175630643e-05, 4.91222235723e-05, 9.76787414402e-05, 0.00014511187328, 3.78368640668e-05, 1.43000825119e-05, 5.84297640671e-06, 9.44444855122e-06, 6.3181337282e-06, 1.28487704387e-06, 1.4461977571e-06, 1.76811477104e-06, 2.85764372165e-06, 8.10365349935e-07, 1.74722828206e-07, 1.44876935337e-07, 5.95049471031e-07, 1.19804076348e-06, 8.66891838314e-08, 2.54476333339e-08, 2.16023963162e-08, 1.42365621514e-08, 7.97468491243e-09, 3.68306274368e-09, 2.54786547416e-09, 2.18419637932e-09, 1.81407211475e-09, 1.42547718074e-09, 1.22357057819e-09, 1.0901455294e-09, 9.53664813785e-10],
        "median": [1.25149483665e-06, 3.42021075994e-06, 1.46855700223e-06, 8.85878034751e-06, 9.96110520646e-06, 2.31071976486e-06, 2.87396801468e-06, 8.45808881422e-06, 3.16526893585e-06, 4.28696694144e-07, 4.83985672872e-07, 5.4910600511e-07, 1.22593382912e-06, 1.96508290173e-06, 7.56069141516e-07, 2.78580756685e-07, 2.30851739502e-07, 1.77767660148e-07, 2.26950156446e-08, 4.21624335445e-08, 7.49985105131e-08, 2.62896037384e-07, 1.32684419896e-07, 5.58887940372e-08, 7.44394412777e-08, 6.57718146613e-08, 3.80162923364e-08, 3.06203808975e-08, 1.73784115987e-08, 1.67183173971e-08, 1.12637943417e-08, 5.61182833536e-09, 1.60014024253e-09, 7.03124447554e-10, 5.23686261023e-10, 3.79483250379e-10, 2.76134420885e-10, 2.63065791373e-10, 2.28396648816e-10, 2.44717024422e-10],
        "min": [3.20364499373e-08, 3.42077953519e-07, 1.78811376372e-07, 3.91119016285e-07, 5.94763037043e-07, 3.59713823173e-07, 1.84590973618e-07, 9.25539666241e-07, 4.38421125182e-07, 5.67909985705e-08, 5.10063742354e-08, 1.1090021701e-07, 6.70929978241e-08, 3.00351601368e-08, 4.24081392225e-08, 5.12620843551e-08, 6.13875954514e-08, 4.20687591429e-08, 4.66733229842e-09, 1.52485490901e-08, 2.93966717635e-08, 1.18411762173e-07, 4.962217659e-08, 2.93338633384e-08, 3.93918959674e-08, 3.09638927831e-08, 1.76095191762e-08, 1.49692578333e-08, 7.30001126215e-09, 7.75292718913e-09, 5.34038768762e-09, 1.86639370625e-09, 2.677305877e-10, 2.08156755721e-10, 1.43398390384e-10, 7.0489267201e-11, 4.52964471487e-11, 6.53148507501e-11, 3.6735798431e-11, 4.13412602762e-11],
        "var": [3.27771745292e-13, 6.79362469058e-12, 1.29455571596e-07, 2.4997174819e-07, 7.15143016805e-07, 4.78808992455e-08, 1.90916065179e-08, 7.50309993691e-07, 9.13845852324e-08, 6.96529989241e-09, 4.12191667465e-08, 1.49182199038e-07, 3.98343388497e-07, 1.94757152627e-08, 3.30449489994e-09, 3.76029374305e-10, 1.75650127776e-09, 8.17709733258e-10, 3.13030573684e-11, 5.80374290293e-11, 5.63311827739e-11, 2.7366031663e-10, 1.59021251028e-11, 2.65972275671e-13, 6.75699866068e-14, 3.44631198579e-11, 1.8487308906e-10, 8.3408154244e-14, 1.7695710467e-15, 1.15623777185e-15, 6.72768517972e-16, 4.97501572257e-16, 3.66830990624e-16, 2.79731942616e-16, 2.0792685533e-16, 1.5777142725e-16, 1.21198476881e-16, 8.95212181294e-17, 7.05901773421e-17, 5.52421752571e-17]
    },
    "mfcc": {
        "mean": [-876.163757324, 155.669769287, -23.3368682861, 15.3860445023, -13.0356245041, -13.9656143188, 8.34879875183, -7.70344257355, -11.0681867599, -15.4104690552, -1.59014904499, 9.21415233612, -1.59459877014],
        "cov": [[2863.55786133, 1287.68041992, -923.806396484, -865.350646973, -289.090118408, -186.110809326, -104.159515381, -72.8744354248, -164.449523926, -112.91368103, -415.456756592, -306.87713623, -2.9668598175], [1287.68041992, 842.28302002, -409.209259033, -411.534851074, -123.860847473, -103.054008484, -48.9384346008, -57.9884109497, -100.005821228, -111.449859619, -199.813598633, -144.863189697, -17.079498291], [-923.806396484, -409.209259033, 478.954406738, 350.489135742, 96.8510131836, 98.0474853516, 21.107635498, 6.84327173233, 16.3510932922, -14.7264919281, 127.75617981, 106.605911255, 4.16428899765], [-865.350646973, -411.534851074, 350.489135742, 365.473236084, 130.242980957, 46.3256187439, -9.6246213913, -0.296878457069, 30.7178192139, 20.5923252106, 130.273910522, 93.2809066772, -13.4830656052], [-289.090118408, -123.860847473, 96.8510131836, 130.242980957, 91.1423110962, 1.92030894756, -34.2550773621, -9.66102695465, 18.8436508179, 8.68196296692, 46.7280349731, 17.0642528534, -32.5518417358], [-186.110809326, -103.054008484, 98.0474853516, 46.3256187439, 1.92030894756, 62.29322052, 40.2689971924, 11.9498090744, 2.33920884132, -2.51705694199, 21.8229923248, 25.0016040802, 13.3234109879], [-104.159515381, -48.9384346008, 21.107635498, -9.6246213913, -34.2550773621, 40.2689971924, 95.2610321045, 28.3349113464, 0.493848025799, 3.85799312592, -5.11768007278, 23.0427761078, 38.0602378845], [-72.8744354248, -57.9884109497, 6.84327173233, -0.296878457069, -9.66102695465, 11.9498090744, 28.3349113464, 30.3254928589, 17.2542438507, 9.65397834778, 7.88062810898, 11.527338028, 14.6245012283], [-164.449523926, -100.005821228, 16.3510932922, 30.7178192139, 18.8436508179, 2.33920884132, 0.493848025799, 17.2542438507, 42.4110908508, 33.1202659607, 31.887348175, 16.3601551056, -4.98540830612], [-112.91368103, -111.449859619, -14.7264919281, 20.5923252106, 8.68196296692, -2.51705694199, 3.85799312592, 9.65397834778, 33.1202659607, 57.1760902405, 32.9161758423, 14.9128417969, 2.19984054565], [-415.456756592, -199.813598633, 127.75617981, 130.273910522, 46.7280349731, 21.8229923248, -5.11768007278, 7.88062810898, 31.887348175, 32.9161758423, 92.4976882935, 56.162651062, -1.98726558685], [-306.87713623, -144.863189697, 106.605911255, 93.2809066772, 17.0642528534, 25.0016040802, 23.0427761078, 11.527338028, 16.3601551056, 14.9128417969, 56.162651062, 63.8613891602, 26.5015449524], [-2.9668598175, -17.079498291, 4.16428899765, -13.4830656052, -32.5518417358, 13.3234109879, 38.0602378845, 14.6245012283, -4.98540830612, 2.19984054565, -1.98726558685, 26.5015449524, 49.3841514587]],
