{
"lowlevel": {
    "average_loudness": 0.982223987579,
    "barkbands_crest": {
        "dmean": 3.15963149071,
        "dmean2": 5.0324139595,
        "dvar": 5.70915746689,
        "dvar2": 14.0291185379,
        "max": 23.7348747253,
        "mean": 14.6240034103,
        "median": 15.1381082535,
        "min": 4.60104656219,
        "var": 21.6725406647
    },
    "barkbands_flatness_db": {
        "dmean": 0.0213303398341,
        "dmean2": 0.0330972000957,
        "dvar": 0.000254474842222,
        "dvar2": 0.000734916422516,
        "max": 0.252060323954,
        "mean": 0.161364451051,
        "median": 0.158626392484,
        "min": 0.100316733122,
        "var": 0.000810434226878
    },
    "barkbands_kurtosis": {
        "dmean": 3.13761520386,
        "dmean2": 5.109395504,
        "dvar": 12.7568159103,
        "dvar2": 33.0361938477,
        "max": 38.8314704895,
        "mean": 4.76471614838,
        "median": 3.10917329788,
        "min": -0.992174625397,
        "var": 29.23579216
    },
    "barkbands_skewness": {
        "dmean": 0.58757942915,
        "dmean2": 0.941151797771,
        "dvar": 0.251733332872,
        "dvar2": 0.642835140228,
        "max": 5.80273628235,
        "mean": 1.97940886021,
        "median": 1.81319618225,
        "min": 0.309155642986,
        "var": 0.78868407011
    },
    "barkbands_spread": {
        "dmean": 3.54675936699,
        "dmean2": 5.72031736374,
        "dvar": 7.62317276001,
        "dvar2": 20.3935909271,
        "max": 28.5237159729,
        "mean": 15.6191530228,
        "median": 15.2586259842,
        "min": 3.90690493584,
        "var": 22.707025528
    },
    "dissonance": {
        "dmean": 0.0218176208436,
        "dmean2": 0.0357802174985,
        "dvar": 0.000253362057265,
        "dvar2": 0.000604697794188,
        "max": 0.499322503805,
        "mean": 0.470513433218,
        "median": 0.472411960363,
        "min": 0.328410148621,
        "var": 0.000392819580156
    },
    "dynamic_complexity": 0.702434897423,
    "erbbands_crest": {
        "dmean": 1.71220695972,
        "dmean2": 2.85800170898,
        "dvar": 1.89781928062,
        "dvar2": 5.124106884,
        "max": 16.0073795319,
        "mean": 7.19211816788,
        "median": 6.72337675095,
        "min": 3.4550640583,
        "var": 4.08190202713
    },
    "erbbands_flatness_db": {
        "dmean": 0.0142431454733,
        "dmean2": 0.0221165567636,
        "dvar": 0.000121209050121,
        "dvar2": 0.000292638724204,
        "max": 0.195781469345,
        "mean": 0.154812440276,
        "median": 0.155849158764,
        "min": 0.0956052541733,
        "var": 0.000294228608254
    },
    "erbbands_kurtosis": {
        "dmean": 0.320622950792,
        "dmean2": 0.51563167572,
        "dvar": 0.0708395242691,
        "dvar2": 0.190553531051,
        "max": 0.936309814453,
        "mean": -0.541283667088,
        "median": -0.580665588379,
        "min": -1.15190041065,
        "var": 0.0936315432191
    },
    "erbbands_skewness": {
        "dmean": 0.247464999557,
        "dmean2": 0.408613294363,
        "dvar": 0.0314037501812,
        "dvar2": 0.0810149759054,
        "max": 1.18056464195,
        "mean": 0.211053073406,
        "median": 0.196217238903,
        "min": -0.579466104507,
        "var": 0.109682768583
    },
    "erbbands_spread": {
        "dmean": 5.76023960114,
        "dmean2": 9.00085449219,
        "dvar": 20.0337562561,
        "dvar2": 51.6145362854,
        "max": 63.2132110596,
        "mean": 34.8614463806,
        "median": 34.04164505,
        "min": 20.5053195953,
        "var": 45.3584899902
    },
    "hfc": {
        "dmean": 8.0984916687,
        "dmean2": 12.3536911011,
        "dvar": 35.472114563,
        "dvar2": 76.2152175903,
        "max": 57.8859443665,
        "mean": 33.4888458252,
        "median": 33.0833969116,
        "min": 0.618465125561,
        "var": 80.9726409912
    },
    "melbands_crest": {
        "dmean": 2.54814577103,
        "dmean2": 3.94368386269,
        "dvar": 4.73887777328,
        "dvar2": 9.66321468353,
        "max": 26.9169445038,
        "mean": 17.9057369232,
        "median": 18.3795528412,
        "min": 5.64660549164,
        "var": 19.2438011169
    },
    "melbands_flatness_db": {
        "dmean": 0.0260502751917,
        "dmean2": 0.0411509349942,
        "dvar": 0.000381903490052,
        "dvar2": 0.00105934264138,
        "max": 0.367694556713,
        "mean": 0.25740763545,
        "median": 0.256314307451,
        "min": 0.169172257185,
        "var": 0.00128600362223
    },
    "melbands_kurtosis": {
        "dmean": 7.38007926941,
        "dmean2": 11.8736772537,
        "dvar": 73.4976730347,
        "dvar2": 184.540634155,
        "max": 87.6938247681,
        "mean": 13.8407421112,
        "median": 9.70729732513,
        "min": 0.37180018425,
        "var": 174.186523438
    },
    "melbands_skewness": {
        "dmean": 0.793456912041,
        "dmean2": 1.27395522594,
        "dvar": 0.478769034147,
        "dvar2": 1.19703936577,
        "max": 7.92358541489,
        "mean": 3.02169442177,
        "median": 2.78527092934,
        "min": 0.928357362747,
        "var": 1.56969404221
    },
    "melbands_spread": {
        "dmean": 4.37094020844,
        "dmean2": 7.14157629013,
        "dvar": 15.4582595825,
        "dvar2": 38.8681678772,
        "max": 39.2783508301,
        "mean": 14.1933259964,
        "median": 13.7424850464,
        "min": 2.56072449684,
        "var": 37.9382667542
    },
    "pitch_salience": {
        "dmean": 0.0751321315765,
        "dmean2": 0.115994311869,
        "dvar": 0.00298487022519,
        "dvar2": 0.00815301854163,
        "max": 0.788314402103,
        "mean": 0.422062605619,
        "median": 0.417727470398,
        "min": 0.15230576694,
        "var": 0.0116343731061
    },
    "silence_rate_20dB": {
        "dmean": 0,
        "dmean2": 0,
        "dvar": 0,
        "dvar2": 0,
        "max": 1,
        "mean": 1,
        "median": 1,
        "min": 1,
        "var": 0
    },
    "silence_rate_30dB": {
        "dmean": 0.214814811945,
        "dmean2": 0.427509307861,
        "dvar": 0.168669492006,
        "dvar2": 0.296790033579,
        "max": 1,
        "mean": 0.53874540329,
        "median": 1,
        "min": 0,
        "var": 0.248498722911
    },
    "silence_rate_60dB": {
        "dmean": 0,
        "dmean2": 0,
        "dvar": 0,
        "dvar2": 0,
        "max": 0,
        "mean": 0,
        "median": 0,
        "min": 0,
        "var": 0
    },
    "spectral_centroid": {
        "dmean": 119.684288025,
        "dmean2": 189.082702637,
        "dvar": 9307.34277344,
        "dvar2": 25406.3417969,
        "max": 1593.91064453,
        "mean": 1039.42736816,
        "median": 1028.24902344,
        "min": 687.022338867,
        "var": 27689.859375
    },
    "spectral_complexity": {
        "dmean": 2.48518514633,
        "dmean2": 4.02230501175,
        "dvar": 4.37570428848,
        "dvar2": 9.80618953705,
        "max": 33,
        "mean": 26.2435417175,
        "median": 26,
        "min": 4,
        "var": 9.37980556488
    },
    "spectral_decrease": {
        "dmean": 8.16452150332e-09,
        "dmean2": 1.29749793132e-08,
        "dvar": 5.90332664272e-17,
        "dvar2": 1.60657440555e-16,
        "max": -4.76641726088e-10,
        "mean": -2.54659564547e-08,
        "median": -2.34102852659e-08,
        "min": -6.07318000334e-08,
        "var": 1.08379096446e-16
    },
    "spectral_energy": {
        "dmean": 0.0311431959271,
        "dmean2": 0.0494662299752,
        "dvar": 0.000857538951095,
        "dvar2": 0.00232605077326,
        "max": 0.23179641366,
        "mean": 0.0991518050432,
        "median": 0.091574549675,
        "min": 0.00185505172703,
        "var": 0.00156484846957
    },
    "spectral_energyband_high": {
        "dmean": 0.000107583560748,
        "dmean2": 0.000189345359104,
        "dvar": 5.8419802329e-09,
        "dvar2": 1.79025239078e-08,
        "max": 0.000871928234119,
        "mean": 0.000465636985609,
        "median": 0.000458686467027,
        "min": 1.34930814966e-05,
        "var": 1.20678063098e-08
    },
    "spectral_energyband_low": {
        "dmean": 0.0301108639687,
        "dmean2": 0.0484228506684,
        "dvar": 0.000808595737908,
        "dvar2": 0.00223301933147,
        "max": 0.21929179132,
        "mean": 0.0655589625239,
        "median": 0.0562994740903,
        "min": 0.000849552161526,
        "var": 0.00166376598645
    },
    "spectral_energyband_middle_high": {
        "dmean": 0.00301152281463,
        "dmean2": 0.0046322317794,
        "dvar": 6.10816050539e-06,
        "dvar2": 1.39067415148e-05,
        "max": 0.0200979020447,
        "mean": 0.00766831403598,
        "median": 0.00682782242075,
        "min": 0.000102704281744,
        "var": 1.2900173715e-05
    },
    "spectral_energyband_middle_low": {
        "dmean": 0.00621389877051,
        "dmean2": 0.00930647458881,
        "dvar": 2.18582135858e-05,
        "dvar2": 5.38561980648e-05,
        "max": 0.0480114482343,
        "mean": 0.0261445119977,
        "median": 0.0258560236543,
        "min": 0.000812255020719,
        "var": 7.2297269071e-05
    },
    "spectral_entropy": {
        "dmean": 0.0935381427407,
        "dmean2": 0.151678368449,
        "dvar": 0.00737131945789,
        "dvar2": 0.0133833419532,
        "max": 8.54306125641,
        "mean": 7.50456571579,
        "median": 7.50010585785,
        "min": 7.26130390167,
        "var": 0.0156979560852
    },
    "spectral_flux": {
        "dmean": 0.0355371646583,
        "dmean2": 0.060353204608,
        "dvar": 0.000969483458903,
        "dvar2": 0.00282189319842,
        "max": 0.266145318747,
        "mean": 0.123940698802,
        "median": 0.114971853793,
        "min": 0.0612142235041,
        "var": 0.00123710033949
    },
    "spectral_kurtosis": {
        "dmean": 1.51873886585,
        "dmean2": 2.61978745461,
        "dvar": 2.2017531395,
        "dvar2": 6.23547124863,
        "max": 16.3272972107,
        "mean": 5.11804628372,
        "median": 4.90971565247,
        "min": 2.32064199448,
        "var": 2.32840013504
    },
    "spectral_rms": {
        "dmean": 0.00152474455535,
        "dmean2": 0.00237721228041,
        "dvar": 1.77127026291e-06,
        "dvar2": 4.63994820166e-06,
        "max": 0.0150380469859,
        "mean": 0.0096402829513,
        "median": 0.00945203844458,
        "min": 0.00134529056959,
        "var": 3.79839275411e-06
    },
    "spectral_rolloff": {
        "dmean": 247.153381348,
        "dmean2": 421.458374023,
        "dvar": 86377.078125,
        "dvar2": 197909.40625,
        "max": 1808.7890625,
        "mean": 651.081787109,
        "median": 581.396484375,
        "min": 86.1328125,
        "var": 147488.953125
    },
    "spectral_skewness": {
        "dmean": 0.177009269595,
        "dmean2": 0.294390976429,
        "dvar": 0.0344031080604,
        "dvar2": 0.0969253629446,
        "max": 3.50819015503,
        "mean": 1.64960384369,
        "median": 1.62902593613,
        "min": 1.16425073147,
        "var": 0.0404361076653
    },
    "spectral_spread": {
        "dmean": 451991.15625,
        "dmean2": 651980.75,
        "dvar": 1.13562039091e+12,
        "dvar2": 781039435776,
        "max": 24971372,
        "mean": 3580891,
        "median": 3470308.25,
        "min": 2808955.75,
        "var": 1.88609042842e+12
    },
    "spectral_strongpeak": {
        "dmean": 0.215158134699,
        "dmean2": 0.361716240644,
        "dvar": 0.061539825052,
        "dvar2": 0.183132857084,
        "max": 1.85423219204,
        "mean": 0.54719543457,
        "median": 0.507499396801,
        "min": 0,
        "var": 0.067328363657
    },
    "zerocrossingrate": {
        "dmean": 0.00519386585802,
        "dmean2": 0.00659633474424,
        "dvar": 1.50701998791e-05,
        "dvar2": 2.17530141526e-05,
        "max": 0.05322265625,
        "mean": 0.0293851625174,
        "median": 0.02880859375,
        "min": 0.00634765625,
        "var": 9.59112367127e-05
    },
    "barkbands": {
        "dmean": [0.000216307438677, 0.028576431796, 0.00346585339867, 0.000909377529752, 0.000838252424728, 0.00237903441302, 0.00242099817842, 0.000438414106611, 0.00302897533402, 0.000565886672121, 6.01099854975e-05, 0.000132514411234, 0.000333717209287, 0.00147776771337, 0.000476779037854, 0.000283442699583, 0.000640848535113, 0.000122160126921, 0.000113339519885, 2.51085275522e-05, 6.3403553213e-05, 3.73508228222e-05, 2.45141873165e-05, 3.46939418705e-06, 2.80066819869e-06, 1.93355685951e-06, 6.16111037743e-07],
        "dmean2": [0.000324235821608, 0.0462300814688, 0.00556219555438, 0.00144515233114, 0.00135082786437, 0.00370141654275, 0.00383055605926, 0.000684337865096, 0.00461648358032, 0.000842826557346, 9.40557656577e-05, 0.00021246864344, 0.000511139631271, 0.00243471935391, 0.000755712913815, 0.000459500472061, 0.000967825239059, 0.000195311076823, 0.000181582698133, 4.01231809519e-05, 0.000107753119664, 6.28591078566e-05, 4.68485595775e-05, 5.79943525736e-06, 4.8911142585e-06, 3.40513452102e-06, 1.01550108411e-06],
        "dvar": [5.10152027289e-08, 0.000736131216399, 1.07232990558e-05, 8.0656747059e-07, 5.25179814304e-07, 3.90192599298e-06, 5.26249914401e-06, 1.10162403644e-07, 5.53607424081e-06, 2.05841544698e-07, 2.92340995856e-09, 1.56823336539e-08, 2.20901441139e-07, 2.17469118979e-06, 2.25415575983e-07, 6.69080790772e-08, 3.05888789853e-07, 1.6185866869e-08, 1.01373966999e-08, 4.70576577705e-10, 2.62859356503e-09, 9.49326395272e-10, 3.13956111109e-10, 7.32744333959e-12, 5.3240788514e-12, 2.14291345085e-12, 8.76169688017e-13],
        "dvar2": [9.55089234367e-08, 0.00199504615739, 2.62133453361e-05, 2.03219815376e-06, 1.40096301493e-06, 9.67654250417e-06, 1.21539887914e-05, 2.97480482914e-07, 1.31994183903e-05, 5.0980230526e-07, 7.44429540234e-09, 3.86774452465e-08, 4.97062330851e-07, 5.32459125679e-06, 5.52323626835e-07, 1.44821015624e-07, 7.41850044506e-07, 3.8454267326e-08, 2.29454979461e-08, 1.12120757123e-09, 7.84829001788e-09, 2.71924971429e-09, 9.65172941569e-10, 1.92113287084e-11, 1.42504116146e-11, 5.86250882909e-12, 1.15391181853e-12],
        "max": [0.00300132040866, 0.197452276945, 0.0380154326558, 0.00845137611032, 0.00652375211939, 0.0195403583348, 0.0222031138837, 0.00263784267008, 0.0233646929264, 0.00427437387407, 0.000490769045427, 0.000838948762976, 0.00460587767884, 0.0119797280058, 0.00410384731367, 0.00250530894846, 0.0053011723794, 0.00113116530702, 0.000762594398111, 0.000199714850169, 0.000545519520529, 0.000313268537866, 0.000106179752038, 2.75098191196e-05, 2.57839456026e-05, 1.58983402798e-05, 1.77613765118e-05],
        "mean": [0.000397716008592, 0.0580843314528, 0.00659004924819, 0.00143117178231, 0.00196183542721, 0.00736477551982, 0.00781618431211, 0.00094620307209, 0.00591523526236, 0.00103837717324, 0.000169853068655, 0.000257564388448, 0.000539735250641, 0.00260333227925, 0.000824085494969, 0.000659995479509, 0.00154747022316, 0.000276312261121, 0.000231211452046, 8.67251656018e-05, 0.000215066320379, 0.000115800125059, 4.2456718802e-05, 1.27116809381e-05, 1.13550167953e-05, 6.69567589284e-06, 3.72311569663e-06],
        "median": [0.000336656172294, 0.0483005903661, 0.00462563661858, 0.00101828132756, 0.00188270572107, 0.00688241049647, 0.00607090862468, 0.000859968888108, 0.00517764873803, 0.000835629121866, 0.000156404639711, 0.000210170954233, 0.000356731703505, 0.00211885175668, 0.000710832129698, 0.000561097171158, 0.00141446385533, 0.000238110573264, 0.000188629375771, 8.35810860735e-05, 0.000204456955544, 0.000109780485218, 3.7501395127e-05, 1.21930161185e-05, 1.10704822873e-05, 6.7103605943e-06, 3.64136735698e-06],
        "min": [3.07882942252e-06, 0.000483867974253, 6.00158673478e-05, 4.17774863308e-05, 0.000204410986044, 0.000201413597097, 0.000210477155633, 6.13713273196e-05, 3.80056844733e-05, 2.37728945649e-05, 1.28785177367e-05, 7.6704300227e-06, 1.81513212283e-06, 1.62430715136e-05, 8.95337871043e-06, 5.58332430955e-06, 1.97020999622e-05, 6.49154981147e-06, 4.22934954258e-06, 1.38365965086e-06, 3.10397763315e-06, 5.59349018658e-06, 1.04312732674e-06, 9.78911316452e-07, 7.11727977887e-07, 6.97369728186e-07, 6.25171537649e-07],
        "var": [1.01060905422e-07, 0.0014808899723, 4.51042906207e-05, 1.534201715e-06, 7.61521562254e-07, 1.32057457449e-05, 2.82710188912e-05, 2.66780801894e-07, 1.06062852865e-05, 4.78511594793e-07, 5.22433962757e-09, 2.37893882371e-08, 3.38125090593e-07, 3.62966898138e-06, 3.60949229616e-07, 1.56893676717e-07, 6.15398903392e-07, 2.98505469232e-08, 1.94391702735e-08, 8.27579560436e-10, 4.90301665934e-09, 1.55265711399e-09, 3.24153731635e-10, 1.36947319804e-11, 7.53333506687e-12, 3.08055208946e-12, 1.05211531761e-12]
    },
    "erbbands": {
        "dmean": [0.596813201904, 7.19574022293, 6.27884626389, 1.82243454456, 4.32990503311, 2.47725272179, 12.275847435, 24.3437671661, 39.2725868225, 35.9736824036, 14.3193645477, 56.8420028687, 54.6659812927, 5.76727771759, 2.73980498314, 7.44309568405, 15.5880584717, 24.2969989777, 87.1344833374, 8.96339607239, 21.7804946899, 30.7380561829, 6.53413486481, 11.4537286758, 1.93854665756, 1.24057126045, 1.37748157978, 3.46088933945, 1.86607289314, 0.804787874222, 0.72698277235, 0.130862012506, 0.0411783270538, 0.0274840462953, 0.0283860713243, 0.0120611609891, 0.00316226785071, 0.000816864485387, 9.8088014056e-05, 3.53445502697e-05],
        "dmean2": [0.910535693169, 11.7857275009, 10.2800741196, 2.88442516327, 6.9593129158, 4.20422506332, 19.6122016907, 37.7650718689, 61.6039962769, 54.5443763733, 22.300567627, 84.859954834, 83.9089355469, 8.8008480072, 4.35305118561, 11.7613983154, 23.7093486786, 38.9898948669, 140.699951172, 13.8724441528, 34.2637405396, 46.784412384, 10.1462135315, 18.1209278107, 3.04426836967, 2.01014280319, 2.44186115265, 5.67190647125, 3.17838215828, 1.47491121292, 1.37920475006, 0.227706104517, 0.0696075633168, 0.0458339266479, 0.0511556528509, 0.0214671567082, 0.00528302881867, 0.00140676414594, 0.0001665604359, 5.60702392249e-05],
        "dvar": [0.273714900017, 48.9843406677, 40.1865692139, 3.4097468853, 14.3680505753, 5.30421113968, 89.5355300903, 439.002471924, 1433.82580566, 1020.82312012, 104.503593445, 1801.2791748, 2219.38183594, 19.0902690887, 5.37304258347, 69.1588897705, 456.608947754, 567.548278809, 8183.07568359, 42.9547653198, 459.754486084, 745.016113281, 34.0052680969, 122.74420166, 2.69201898575, 1.3262680769, 1.18927383423, 7.71113920212, 2.25055551529, 0.400174349546, 0.290285855532, 0.0103314518929, 0.000970969907939, 0.000498353037983, 0.000570891948882, 8.75449550222e-05, 7.1147746894e-06, 5.96214363213e-07, 2.18052278456e-08, 1.02280361958e-09],
        "dvar2": [0.656812608242, 135.571350098, 108.178237915, 7.77747154236, 36.5578994751, 14.0077505112, 216.759140015, 1051.00695801, 3503.78833008, 2531.33642578, 252.001953125, 4580.74121094, 5379.43603516, 43.3965682983, 13.9506349564, 162.453582764, 1018.38037109, 1275.46020508, 20918.6601562, 89.5272674561, 951.556640625, 1767.03295898, 85.9498977661, 274.640441895, 6.70050239563, 3.05483007431, 3.49665927887, 23.5460205078, 6.41424322128, 1.14912390709, 0.889771521091, 0.0283760111779, 0.00282316678204, 0.00119549862575, 0.00175074022263, 0.000259858439676, 1.677893124e-05, 1.33671528602e-06, 3.07425622736e-08, 2.71869482482e-09],
        "max": [4.69665908813, 47.1261405945, 62.6928710938, 25.0995254517, 26.6014957428, 19.2997303009, 84.6974258423, 197.399032593, 294.420318604, 270.927215576, 72.6288223267, 376.610290527, 422.294799805, 41.0411071777, 22.2765617371, 68.7041931152, 211.150390625, 166.74156189, 829.472595215, 59.6052017212, 203.183837891, 293.39151001, 59.0638275146, 89.4034042358, 11.4396028519, 11.7136163712, 10.6180639267, 32.0565567017, 13.9563951492, 5.31750535965, 2.98003292084, 0.897057950497, 0.365189313889, 0.249051392078, 0.200308650732, 0.0790398791432, 0.0315812751651, 0.010845195502, 0.00261316797696, 0.000316361169098],
        "mean": [1.56294345856, 13.3437480927, 12.2024831772, 4.3712439537, 6.73802900314, 5.85766601562, 32.9552192688, 63.7016487122, 91.9756317139, 88.6389846802, 27.3687019348, 106.5597229, 116.237770081, 14.5809288025, 7.63557481766, 14.3952169418, 25.4401512146, 53.0761413574, 146.063049316, 23.6662063599, 59.9653167725, 73.3983230591, 19.1202754974, 22.4908714294, 4.77580833435, 4.32156562805, 4.74910259247, 10.9198846817, 5.54675865173, 1.93493950367, 1.24644422531, 0.417688667774, 0.156062200665, 0.101851575077, 0.0910260379314, 0.0459776520729, 0.00755461398512, 0.00185200560372, 0.00047748000361, 0.000178121670615],
        "median": [1.42013454437, 10.9943819046, 9.17566299438, 3.65760421753, 5.47533607483, 5.29363584518, 31.7711734772, 54.0555915833, 77.7392959595, 67.0628204346, 25.0514850616, 92.113067627, 109.536560059, 12.9197721481, 6.84862518311, 11.1511573792, 17.4122467041, 45.0749664307, 111.354667664, 22.3222236633, 52.4916534424, 66.1073455811, 17.6018829346, 17.4937820435, 4.47478961945, 4.13707113266, 4.56114768982, 10.4542236328, 5.15230894089, 1.78529727459, 1.10230875015, 0.403682380915, 0.150945812464, 0.098446406424, 0.0870395898819, 0.0445117391646, 0.00744026107714, 0.00177025038283, 0.000453000364359, 0.000170053404872],
        "min": [0.0176683906466, 0.0954683870077, 0.214268237352, 0.260491073132, 0.424760699272, 0.453196883202, 1.13465976715, 1.81465053558, 3.05628943443, 2.29478359222, 1.09481656551, 0.927969813347, 0.857936501503, 0.52175706625, 0.547316491604, 0.241594031453, 0.0955798104405, 0.488768368959, 0.893845558167, 0.260039418936, 0.607293307781, 1.00137364864, 0.371625751257, 0.39078772068, 0.074514977634, 0.0539415180683, 0.0948291793466, 0.201722159982, 0.224766597152, 0.0485402531922, 0.0271094571799, 0.0251752194017, 0.0122065022588, 0.00764250056818, 0.00480577815324, 0.0031561779324, 0.00131474190857, 0.000429582520155, 8.57630802784e-05, 1.06969910121e-05],
        "var": [1.03653669357, 83.8498458862, 114.053123474, 8.52590179443, 21.976650238, 9.21784877777, 269.443878174, 1367.72692871, 3947.89013672, 4304.46142578, 195.823959351, 3802.90673828, 4436.87158203, 46.7738265991, 11.1581611633, 106.013801575, 678.480285645, 928.041137695, 13989.5, 108.802825928, 1077.24511719, 1483.09191895, 64.7757568359, 272.655487061, 3.88008737564, 2.22747421265, 1.91671693325, 15.6758260727, 3.43165802956, 0.559691548347, 0.303732991219, 0.0168251097202, 0.0016127981944, 0.000762429321185, 0.000719873583876, 0.0001225166925, 1.16600494948e-05, 8.26194934689e-07, 2.49081644199e-08, 1.95610527776e-09]
    },
    "gfcc": {
        "mean": [59.0912780762, 124.736251831, -113.216529846, 33.8728179932, -40.4347076416, 4.17437028885, -26.8356647491, 11.6489439011, 9.57115077972, 15.8006715775, -16.2623310089, 6.43425416946, -3.43097496033],
        "cov": [[230.257339478, 43.2712097168, -75.1126327515, -19.3535404205, 13.5680189133, -0.291187882423, 1.27341711521, 8.44086170197, 11.8012590408, 15.9181604385, 14.8973054886, -5.38064002991, -16.4867954254], [43.2712097168, 52.3105278015, 0.663384079933, -7.79510641098, 12.3769931793, -9.67737674713, 1.65771532059, 4.61146974564, 6.07055425644, 7.26237535477, 6.7208442688, -5.31962633133, -2.25792360306], [-75.1126327515, 0.663384079933, 105.538551331, 53.4588623047, 11.1815834045, 15.0717115402, 21.7831058502, 7.59812450409, 5.07877588272, -6.98408412933, -9.27595996857, 2.30024242401, 13.8240747452], [-19.3535404205, -7.79510641098, 53.4588623047, 62.9523735046, 18.3914489746, 27.0018100739, 23.2501583099, 9.67678833008, 5.30436182022, -12.3861188889, -5.95156955719, -5.18925714493, 8.58020973206], [13.5680189133, 12.3769931793, 11.1815834045, 18.3914489746, 47.0014877319, 29.0066738129, 24.8885917664, 14.5337429047, 5.52481079102, -1.90252912045, -2.46195840836, -7.88051557541, 3.00513625145], [-0.291187882423, -9.67737674713, 15.0717115402, 27.0018100739, 29.0066738129, 51.192779541, 34.2063026428, 8.57647705078, 3.82527589798, -6.1724615097, -3.53496193886, -4.44876384735, 5.86371707916], [1.27341711521, 1.65771532059, 21.7831058502, 23.2501583099, 24.8885917664, 34.2063026428, 41.83644104, 17.7496261597, 4.06550312042, -4.15742492676, -0.231783226132, -1.89701604843, 3.99198770523], [8.44086170197, 4.61146974564, 7.59812450409, 9.67678833008, 14.5337429047, 8.57647705078, 17.7496261597, 22.6624317169, 9.1352481842, -1.22657370567, 0.863278329372, -2.11507725716, 2.96287322044], [11.8012590408, 6.07055425644, 5.07877588272, 5.30436182022, 5.52481079102, 3.82527589798, 4.06550312042, 9.1352481842, 28.6407737732, 14.6247854233, 4.10955953598, 2.86975955963, 4.57711172104], [15.9181604385, 7.26237535477, -6.98408412933, -12.3861188889, -1.90252912045, -6.1724615097, -4.15742492676, -1.22657370567, 14.6247854233, 26.4641876221, 12.2644958496, 7.82673168182, 0.374391525984], [14.8973054886, 6.7208442688, -9.27595996857, -5.95156955719, -2.46195840836, -3.53496193886, -0.231783226132, 0.863278329372, 4.10955953598, 12.2644958496, 21.4594135284, 10.383854866, 1.59962487221], [-5.38064002991, -5.31962633133, 2.30024242401, -5.18925714493, -7.88051557541, -4.44876384735, -1.89701604843, -2.11507725716, 2.86975955963, 7.82673168182, 10.383854866, 23.0156002045, 7.93926334381], [-16.4867954254, -2.25792360306, 13.8240747452, 8.58020973206, 3.00513625145, 5.86371707916, 3.99198770523, 2.96287322044, 4.57711172104, 0.374391525984, 1.59962487221, 7.93926334381, 23.6033306122]],
        "icov": [[0.00927027128637, -0.00995126739144, 0.0105154979974, -0.00813038833439, 0.00223309290595, -0.00343028316274, 0.0012920050649, -0.00467511964962, 0.00142991321627, -0.00576789816841, 0.00383439683355, -0.00470016663894, 0.00439157057554], [-0.00995126739144, 0.0430085808039, -0.0160803887993, 0.0178032852709, -0.0196043513715, 0.025501633063, -0.0155108310282, 0.0171334315091, -0.0123230377212, 0.0118095222861, -0.0217235777527, 0.0214098971337, -0.00678405538201], [0.0105154979974, -0.0160803887993, 0.0338268764317, -0.0298077724874, 0.0050477636978, 0.00395928276703, -0.00847930554301, -0.00233789230697, 0.00537831708789, -0.015039482154, 0.0197374653071, -0.0140770478174, -0.000475211680168], [-0.00813038833439, 0.0178032852709, -0.0298077724874, 0.0527781285346, -0.00858336593956, -0.0046542105265, -0.00308297295123, 0.00869688205421, -0.0181197077036, 0.0302392542362, -0.0222882702947, 0.0177065208554, -0.00543621648103], [0.00223309290595, -0.0196043513715, 0.0050477636978, -0.00858336593956, 0.0506980158389, -0.0317030437291, 0.0076853511855, -0.0272770263255, 0.011656451039, -0.0146778561175, 0.0117975426838, 0.0010506598046, 0.000213058257941], [-0.00343028316274, 0.025501633063, 0.00395928276703, -0.0046542105265, -0.0317030437291, 0.0861118659377, -0.0679381713271, 0.0504606254399, -0.0214603580534, 0.0148041555658, -0.00757120689377, 0.0140390386805, -0.013066008687], [0.0012920050649, -0.0155108310282, -0.00847930554301, -0.00308297295123, 0.0076853511855, -0.0679381713271, 0.105145454407, -0.0686503350735, 0.0250246338546, -0.0124902566895, 0.00185458920896, -0.0153354434296, 0.0126172266901], [-0.00467511964962, 0.0171334315091, -0.00233789230697, 0.00869688205421, -0.0272770263255, 0.0504606254399, -0.0686503350735, 0.11664788425, -0.0476785264909, 0.0368920601904, -0.0202913116664, 0.0169469863176, -0.0111781312153], [0.00142991321627, -0.0123230377212, 0.00537831708789, -0.0181197077036, 0.011656451039, -0.0214603580534, 0.0250246338546, -0.0476785264909, 0.080264814198, -0.0595743060112, 0.0231594536453, -0.00823689531535, -0.00456215208396], [-0.00576789816841, 0.0118095222861, -0.015039482154, 0.0302392542362, -0.0146778561175, 0.0148041555658, -0.0124902566895, 0.0368920601904, -0.0595743060112, 0.105065859854, -0.0487906038761, 0.00260891183279, 0.00290429242887], [0.00383439683355, -0.0217235777527, 0.0197374653071, -0.0222882702947, 0.0117975426838, -0.00757120689377, 0.00185458920896, -0.0202913116664, 0.0231594536453, -0.0487906038761, 0.0973995402455, -0.0416911058128, 0.00346006941982], [-0.00470016663894, 0.0214098971337, -0.0140770478174, 0.0177065208554, 0.0010506598046, 0.0140390386805, -0.0153354434296, 0.0169469863176, -0.00823689531535, 0.00260891183279, -0.0416911058128, 0.0841578692198, -0.026508141309], [0.00439157057554, -0.00678405538201, -0.000475211680168, -0.00543621648103, 0.000213058257941, -0.013066008687, 0.0126172266901, -0.0111781312153, -0.00456215208396, 0.00290429242887, 0.00346006941982, -0.026508141309, 0.0590484216809]]
    },
    "melbands": {
        "dmean": [0.00706802215427, 0.00563756097108, 0.000405209197197, 0.000218625486013, 0.000337433855748, 0.000498746987432, 0.000540200970136, 0.000334348645993, 0.000129832202219, 0.000428525556345, 0.00027025694726, 2.01853144972e-05, 8.60129512148e-06, 8.11821064417e-06, 4.83789008285e-05, 1.63471722772e-05, 5.06529577251e-05, 0.0001834944851, 1.96392375074e-05, 1.45757085193e-05, 2.8897107768e-05, 3.76281277568e-05, 1.39119256346e-05, 4.27478062193e-06, 1.06711195258e-05, 1.28757619677e-06, 9.62922058534e-07, 9.78969183052e-07, 8.71435588579e-07, 1.49143443195e-06, 2.2418946628e-06, 1.26082568386e-06, 5.54176608603e-07, 4.32838248798e-07, 5.15608689966e-07, 1.51070167931e-07, 7.99295278853e-08, 3.48435165165e-08, 2.70140922964e-08, 2.46284557193e-08],
        "dmean2": [0.0112596219406, 0.00918230414391, 0.000635780801531, 0.000357690441888, 0.00053135730559, 0.000767397868913, 0.000865465728566, 0.000505391508341, 0.000200146081625, 0.000651494599879, 0.00041474882164, 3.09067036142e-05, 1.36567123263e-05, 1.2825930753e-05, 7.47467638575e-05, 2.47723692155e-05, 8.10414494481e-05, 0.000297853955999, 3.00472875097e-05, 2.34617236856e-05, 4.44054821855e-05, 5.67957540625e-05, 2.23413408094e-05, 6.74371949572e-06, 1.68711994775e-05, 2.05539708986e-06, 1.53763676281e-06, 1.57982174187e-06, 1.52105701545e-06, 2.6464988423e-06, 3.7191946376e-06, 2.10210964724e-06, 9.71804183791e-07, 8.05525019132e-07, 9.81664015853e-07, 2.77736120324e-07, 1.36944024121e-07, 5.95379567869e-08, 4.50810766495e-08, 4.11643483744e-08],
        "dvar": [4.29524516221e-05, 3.09616734739e-05, 1.47746888501e-07, 4.06755908955e-08, 6.58684697896e-08, 1.80352557777e-07, 2.79947158788e-07, 8.58501181256e-08, 7.87685916492e-09, 1.15541425316e-07, 5.51761516476e-08, 2.58912447038e-10, 5.84522430458e-11, 4.83632717208e-11, 4.09183842365e-09, 5.14689513231e-10, 2.78537704013e-09, 3.76720841189e-08, 2.46124925996e-10, 1.93992405473e-10, 8.43446312793e-10, 1.22312304729e-09, 1.7536869179e-10, 1.60148786593e-11, 1.05622240121e-10, 1.22362937924e-12, 7.88808309036e-13, 7.75611454402e-13, 5.66881827938e-13, 1.48935724864e-12, 3.42225163139e-12, 1.03614718801e-12, 2.52637049735e-13, 1.09004520904e-13, 1.57418796423e-13, 1.26736728751e-14, 4.14801436336e-15, 7.09575805299e-16, 4.87931158744e-16, 4.36930272668e-16],
        "dvar2": [0.000111513370939, 8.90939554665e-05, 3.73395806719e-07, 1.04075780882e-07, 1.67511757354e-07, 4.46440878932e-07, 6.5020861939e-07, 2.15117054836e-07, 1.9202143875e-08, 2.78147041399e-07, 1.34025597731e-07, 5.46964751269e-10, 1.51981580099e-10, 1.17118259535e-10, 9.52557854816e-09, 1.1080704132e-09, 6.26684260041e-09, 9.61797042009e-08, 6.09855721478e-10, 4.29562607707e-10, 1.81019876866e-09, 2.80651946127e-09, 4.49762671551e-10, 3.76124860424e-11, 2.37087821597e-10, 3.25521619209e-12, 2.01521178217e-12, 1.80996688991e-12, 1.58088733077e-12, 4.1001815658e-12, 1.0105134611e-11, 2.95127160557e-12, 7.10605619486e-13, 3.25038688456e-13, 4.74676016809e-13, 3.81086086082e-14, 9.63558507478e-15, 2.18544580084e-15, 1.23457529634e-15, 1.0851325323e-15],
        "max": [0.0511931031942, 0.0381852015853, 0.00445018243045, 0.00169656111393, 0.00252109742723, 0.00393443601206, 0.00442712567747, 0.00238509243354, 0.000578563835006, 0.00318020721897, 0.00215771538205, 0.000147454673424, 6.85629493091e-05, 7.27134683984e-05, 0.00057646719506, 0.000233332699281, 0.000373202638002, 0.00174593401607, 0.000105707142211, 0.000128860716359, 0.000261632929323, 0.000359891419066, 0.000145924816024, 3.52004208253e-05, 8.25772440294e-05, 7.71971099311e-06, 7.23636230759e-06, 9.03275122255e-06, 5.88725379203e-06, 9.69302709564e-06, 2.2497264581e-05, 9.23973766476e-06, 5.23039898326e-06, 2.29022271014e-06, 2.15293266592e-06, 7.37837353881e-07, 5.74391890495e-07, 2.26533771297e-07, 2.73377025906e-07, 1.76819725084e-07],
        "mean": [0.0158687662333, 0.0104943169281, 0.000910024391487, 0.000410546577768, 0.000958180637099, 0.00141533382703, 0.00149410718586, 0.000781345705036, 0.000207728749956, 0.00081318244338, 0.000572908204049, 4.69096885354e-05, 2.45424962486e-05, 1.84550408449e-05, 8.07430405985e-05, 2.72475208476e-05, 0.000107922060124, 0.000300777464872, 3.80023520847e-05, 3.24433058267e-05, 7.95230880613e-05, 8.93454198376e-05, 3.33553107339e-05, 1.00420147646e-05, 2.03255694942e-05, 3.0071269066e-06, 2.30724685935e-06, 3.07164464175e-06, 2.587992185e-06, 4.36545042248e-06, 6.57637201584e-06, 3.353167358e-06, 1.53117025548e-06, 8.57634006479e-07, 8.17241414097e-07, 3.32585386786e-07, 2.37285590288e-07, 1.10954275101e-07, 8.5601527644e-08, 8.06132050002e-08],
        "median": [0.013515827246, 0.00884512811899, 0.000774242042098, 0.000363632396329, 0.000923997431528, 0.00130138034001, 0.00127548468299, 0.000604826549534, 0.000178989561391, 0.00068869208917, 0.000541242712643, 4.10050852224e-05, 2.21424743359e-05, 1.67680173035e-05, 5.71801356273e-05, 1.87321056728e-05, 8.90931551112e-05, 0.000228335891734, 3.3730026189e-05, 2.79304986179e-05, 7.10917083779e-05, 8.14905579318e-05, 3.04128116113e-05, 8.52034008858e-06, 1.55539200932e-05, 2.74501621789e-06, 2.06173262995e-06, 2.90149000648e-06, 2.38294796873e-06, 4.01204488298e-06, 6.07923720963e-06, 3.13510849992e-06, 1.42712497109e-06, 7.9319249835e-07, 7.14246482403e-07, 3.15497374004e-07, 2.2527686383e-07, 1.05976319276e-07, 8.17247709506e-08, 7.57136007223e-08],
        "min": [0.000159131319379, 0.00011990396888, 4.96789871249e-05, 4.18561794504e-05, 3.89586966776e-05, 4.12972731283e-05, 4.60586452391e-05, 2.26305855904e-05, 8.04523642728e-06, 5.48940579392e-06, 4.17004366682e-06, 2.11056408261e-06, 1.79255164312e-06, 1.07047981146e-06, 3.42054448765e-07, 1.79741363127e-07, 1.00728220787e-06, 1.70126998e-06, 5.17617195328e-07, 2.51433675658e-07, 8.54250117754e-07, 1.24339214835e-06, 5.30501097273e-07, 2.34466796201e-07, 3.48826517893e-07, 5.32465378456e-08, 4.05721678476e-08, 3.43793686852e-08, 5.51809016258e-08, 6.68005810667e-08, 1.40237247592e-07, 1.76349217895e-07, 3.05628837793e-08, 2.46846987295e-08, 2.06582271289e-08, 5.56035795185e-09, 1.94651423868e-08, 8.46102565788e-09, 7.47823580838e-09, 5.46322898032e-09],
        "var": [0.000108742220618, 5.44677714061e-05, 3.16156103963e-07, 5.1458755479e-08, 2.14820303768e-07, 5.66710639305e-07, 9.88086299003e-07, 3.33041555223e-07, 1.43472087544e-08, 2.30319116667e-07, 1.12043807121e-07, 6.2244337462e-10, 1.07244997605e-10, 9.70671806821e-11, 5.98091665083e-09, 7.90596532685e-10, 4.41858594158e-09, 6.38335535541e-08, 4.63400595674e-10, 4.1579001353e-10, 1.91962468143e-09, 2.43983722115e-09, 2.73455008637e-10, 3.46364013859e-11, 2.36846875445e-10, 1.75066504262e-12, 1.01091736978e-12, 1.44526274629e-12, 8.38257685921e-13, 2.40937608406e-12, 7.08902901658e-12, 1.57914664418e-12, 3.47712689804e-13, 1.31820647605e-13, 1.56962157573e-13, 1.5566935829e-14, 7.43511883869e-15, 1.08840335002e-15, 7.43798424528e-16, 6.09094033772e-16]
    },
    "mfcc": {
        "mean": [-588.862487793, 156.633163452, -7.44741678238, 37.9494514465, 6.56332969666, 12.7390174866, -22.4263858795, 5.66030740738, 17.7552566528, 8.46071720123, 14.6833057404, 8.81327819824, -5.56829452515],
        "cov": [[278.581420898, 34.8364601135, -86.2933502197, -21.8725318909, -5.26714801788, -6.6579914093, -11.7588758469, -7.04857969284, -20.6806640625, 19.5628318787, 25.6760349274, 16.0786094666, -7.30289316177], [34.8364601135, 65.8144454956, -19.655166626, -3.488093853, 0.308828741312, -15.1029033661, -4.21714448929, -14.2039527893, -4.26932191849, 5.90829229355, 9.06314659119, 7.57600927353, 0.588964521885], [-86.2933502197, -19.655166626, 85.9491043091, 36.0104598999, 6.48340606689, 16.5267829895, 10.0159845352, 13.2995166779, 18.3760318756, -3.16820240021, -15.3834762573, -1.00746667385, 15.7203979492], [-21.8725318909, -3.488093853, 36.0104598999, 37.5004730225, 13.9335489273, 6.31880998611, 9.31419944763, 10.8930597305, 14.7671031952, 3.16566252708, -7.25050973892, 3.09190964699, 9.25072383881], [-5.26714801788, 0.308828741312, 6.48340606689, 13.9335489273, 26.7843723297, 12.5735569, 10.255065918, 10.7035980225, 14.6748638153, 6.9112033844, -3.14520907402, 2.25544166565, 3.17600893974], [-6.6579914093, -15.1029033661, 16.5267829895, 6.31880998611, 12.5735569, 41.9208831787, 22.5151939392, 19.1260929108, 15.294670105, 3.10473370552, 1.79341816902, 1.9247020483, 0.160797044635], [-11.7588758469, -4.21714448929, 10.0159845352, 9.31419944763, 10.255065918, 22.5151939392, 47.6848106384, 26.4161758423, 10.6216955185, 5.31871891022, 0.766020536423, -3.98422527313, -8.4357624054], [-7.04857969284, -14.2039527893, 13.2995166779, 10.8930597305, 10.7035980225, 19.1260929108, 26.4161758423, 36.5135612488, 17.0028858185, 7.91338539124, -1.73995041847, -5.3429684639, -5.32178163528], [-20.6806640625, -4.26932191849, 18.3760318756, 14.7671031952, 14.6748638153, 15.294670105, 10.6216955185, 17.0028858185, 33.3851547241, 11.4288043976, -0.555518984795, -0.845165252686, 4.50531244278], [19.5628318787, 5.90829229355, -3.16820240021, 3.16566252708, 6.9112033844, 3.10473370552, 5.31871891022, 7.91338539124, 11.4288043976, 26.3554668427, 4.62904596329, -2.97909760475, -0.600508928299], [25.6760349274, 9.06314659119, -15.3834762573, -7.25050973892, -3.14520907402, 1.79341816902, 0.766020536423, -1.73995041847, -0.555518984795, 4.62904596329, 23.6198101044, 8.98439311981, -0.154211178422], [16.0786094666, 7.57600927353, -1.00746667385, 3.09190964699, 2.25544166565, 1.9247020483, -3.98422527313, -5.3429684639, -0.845165252686, -2.97909760475, 8.98439311981, 26.5230998993, 13.205696106], [-7.30289316177, 0.588964521885, 15.7203979492, 9.25072383881, 3.17600893974, 0.160797044635, -8.4357624054, -5.32178163528, 4.50531244278, -0.600508928299, -0.154211178422, 13.205696106, 23.6389350891]],
