{
"lowlevel": {
    "average_loudness": 0.99068403244,
    "barkbands_crest": {
        "dmean": 2.12715816498,
        "dmean2": 3.58560919762,
        "dvar": 5.87793254852,
        "dvar2": 14.1274547577,
        "max": 21.585018158,
        "mean": 12.2475500107,
        "median": 11.3432445526,
        "min": 5.75311326981,
        "var": 14.9208707809
    },
    "barkbands_flatness_db": {
        "dmean": 0.0162473209202,
        "dmean2": 0.0212318766862,
        "dvar": 0.000419418065576,
        "dvar2": 0.000425325968536,
        "max": 0.400247991085,
        "mean": 0.251855760813,
        "median": 0.242892771959,
        "min": 0.141305148602,
        "var": 0.0025443888735
    },
    "barkbands_kurtosis": {
        "dmean": 2.06614255905,
        "dmean2": 2.49965858459,
        "dvar": 17.3682327271,
        "dvar2": 18.9410266876,
        "max": 35.9920158386,
        "mean": 5.22847175598,
        "median": 2.26260471344,
        "min": -0.219162940979,
        "var": 68.568687439
    },
    "barkbands_skewness": {
        "dmean": 0.305577158928,
        "dmean2": 0.421302676201,
        "dvar": 0.213896095753,
        "dvar2": 0.25846990943,
        "max": 4.3043794632,
        "mean": 1.11312901974,
        "median": 0.765468239784,
        "min": 0.222683742642,
        "var": 1.01689493656
    },
    "barkbands_spread": {
        "dmean": 1.27341091633,
        "dmean2": 2.10938763618,
        "dvar": 1.70653545856,
        "dvar2": 3.76140832901,
        "max": 15.3749332428,
        "mean": 8.3310546875,
        "median": 8.88645744324,
        "min": 1.08950698376,
        "var": 9.17226600647
    },
    "dissonance": {
        "dmean": 0.0249052904546,
        "dmean2": 0.0341488905251,
        "dvar": 0.00100361264776,
        "dvar2": 0.000959779310506,
        "max": 0.499982267618,
        "mean": 0.416172266006,
        "median": 0.426044255495,
        "min": 0.217415496707,
        "var": 0.00220325752161
    },
    "dynamic_complexity": 2.92362213135,
    "erbbands_crest": {
        "dmean": 1.94909405708,
        "dmean2": 3.09190058708,
        "dvar": 2.5163166523,
        "dvar2": 4.55384922028,
        "max": 18.1455459595,
        "mean": 13.2050466537,
        "median": 14.0560073853,
        "min": 4.930352211,
        "var": 10.0571289062
    },
    "erbbands_flatness_db": {
        "dmean": 0.0133199663833,
        "dmean2": 0.0159364417195,
        "dvar": 0.000339977559634,
        "dvar2": 0.000276848586509,
        "max": 0.368554532528,
        "mean": 0.287997484207,
        "median": 0.286656826735,
        "min": 0.167280450463,
        "var": 0.00127451634035
    },
    "erbbands_kurtosis": {
        "dmean": 0.970893621445,
        "dmean2": 1.52282464504,
        "dvar": 2.55073976517,
        "dvar2": 4.30819797516,
        "max": 13.289188385,
        "mean": 2.98245739937,
        "median": 2.07245779037,
        "min": -0.801502227783,
        "var": 10.3090620041
    },
    "erbbands_skewness": {
        "dmean": 0.240540876985,
        "dmean2": 0.365467578173,
        "dvar": 0.0629306212068,
        "dvar2": 0.0900608822703,
        "max": 2.77261328697,
        "mean": 1.31853044033,
        "median": 1.20144414902,
        "min": 0.162754446268,
        "var": 0.278641939163
    },
    "erbbands_spread": {
        "dmean": 1.96973443031,
        "dmean2": 3.23482108116,
        "dvar": 3.93409609795,
        "dvar2": 9.50467205048,
        "max": 21.7342700958,
        "mean": 14.7582216263,
        "median": 15.2354679108,
        "min": 5.80567169189,
        "var": 13.9250774384
    },
    "hfc": {
        "dmean": 2.56755232811,
        "dmean2": 3.77812480927,
        "dvar": 13.4709596634,
        "dvar2": 28.1276607513,
        "max": 40.660572052,
        "mean": 13.6962795258,
        "median": 11.8278694153,
        "min": 0.0879642739892,
        "var": 114.38407135
    },
    "melbands_crest": {
        "dmean": 1.66205477715,
        "dmean2": 2.78202795982,
        "dvar": 3.19658350945,
        "dvar2": 7.82621002197,
        "max": 19.288438797,
        "mean": 10.507481575,
        "median": 9.69838809967,
        "min": 4.94776725769,
        "var": 10.3634767532
    },
    "melbands_flatness_db": {
        "dmean": 0.0157189927995,
        "dmean2": 0.0210603140295,
        "dvar": 0.000473417079775,
        "dvar2": 0.000585389323533,
        "max": 0.487457334995,
        "mean": 0.335113376379,
        "median": 0.325948596001,
        "min": 0.243068426847,
        "var": 0.00281315599568
    },
    "melbands_kurtosis": {
        "dmean": 1.65022587776,
        "dmean2": 2.17593407631,
        "dvar": 9.84016132355,
        "dvar2": 10.6371574402,
        "max": 25.0834369659,
        "mean": 4.56918811798,
        "median": 2.72286224365,
        "min": 0.302075147629,
        "var": 31.1487674713
    },
    "melbands_skewness": {
        "dmean": 0.277514785528,
        "dmean2": 0.383845597506,
        "dvar": 0.124897025526,
        "dvar2": 0.255619823933,
        "max": 3.37372255325,
        "mean": 1.10566961765,
        "median": 0.887386143208,
        "min": 0.385599076748,
        "var": 0.502796530724
    },
    "melbands_spread": {
        "dmean": 1.79838907719,
        "dmean2": 2.91364502907,
        "dvar": 3.27298951149,
        "dvar2": 6.70939922333,
        "max": 22.7697296143,
        "mean": 11.7564172745,
        "median": 12.5128564835,
        "min": 1.64056670666,
        "var": 19.6292896271
    },
    "pitch_salience": {
        "dmean": 0.0662917941809,
        "dmean2": 0.109159074724,
        "dvar": 0.00478973379359,
        "dvar2": 0.0119855245575,
        "max": 0.862236499786,
        "mean": 0.537657380104,
        "median": 0.530918300152,
        "min": 0.355183005333,
        "var": 0.0101924948394
    },
    "silence_rate_20dB": {
        "dmean": 0,
        "dmean2": 0,
        "dvar": 0,
        "dvar2": 0,
        "max": 1,
        "mean": 1,
        "median": 1,
        "min": 1,
        "var": 0
    },
    "silence_rate_30dB": {
        "dmean": 0,
        "dmean2": 0,
        "dvar": 0,
        "dvar2": 0,
        "max": 1,
        "mean": 1,
        "median": 1,
        "min": 1,
        "var": 0
    },
    "silence_rate_60dB": {
        "dmean": 0.0500000007451,
        "dmean2": 0.0847457647324,
        "dvar": 0.0475000366569,
        "dvar2": 0.11146209389,
        "max": 1,
        "mean": 0.0327868834138,
        "median": 0,
        "min": 0,
        "var": 0.0317118987441
    },
    "spectral_centroid": {
        "dmean": 84.8785324097,
        "dmean2": 131.696884155,
        "dvar": 10180.2822266,
        "dvar2": 24672.2421875,
        "max": 1410.25646973,
        "mean": 682.669128418,
        "median": 702.690551758,
        "min": 304.625396729,
        "var": 34498.3789062
    },
    "spectral_complexity": {
        "dmean": 3.33333325386,
        "dmean2": 5.47457647324,
        "dvar": 29.5222263336,
        "dvar2": 76.2493591309,
        "max": 43,
        "mean": 12.4098358154,
        "median": 12,
        "min": 0,
        "var": 40.2090797424
    },
    "spectral_decrease": {
        "dmean": 1.40732647758e-09,
        "dmean2": 2.12174899872e-09,
        "dvar": 2.93623081947e-18,
        "dvar2": 5.24777814905e-18,
        "max": -5.43557247823e-11,
        "mean": -7.03348801423e-09,
        "median": -5.68400748691e-09,
        "min": -1.86655348955e-08,
        "var": 2.5861479251e-17
    },
    "spectral_energy": {
        "dmean": 0.00552837271243,
        "dmean2": 0.00832437630743,
        "dvar": 4.5393298933e-05,
        "dvar2": 8.15152016003e-05,
        "max": 0.0741355642676,
        "mean": 0.0277881976217,
        "median": 0.0224000513554,
        "min": 0.000213129620533,
        "var": 0.000403777317842
    },
    "spectral_energyband_high": {
        "dmean": 3.414471621e-06,
        "dmean2": 4.90192587677e-06,
        "dvar": 1.7284581752e-11,
        "dvar2": 3.02798966456e-11,
        "max": 4.77889079775e-05,
        "mean": 1.53217970364e-05,
        "median": 1.28622550619e-05,
        "min": 9.14764996196e-07,
        "var": 1.36002945017e-10
    },
    "spectral_energyband_low": {
        "dmean": 0.000504857278429,
        "dmean2": 0.000674898270518,
        "dvar": 7.07347339812e-07,
        "dvar2": 1.06878178485e-06,
        "max": 0.00806361436844,
        "mean": 0.00326538854279,
        "median": 0.00289880484343,
        "min": 4.99616044181e-06,
        "var": 7.52409368943e-06
    },
    "spectral_energyband_middle_high": {
        "dmean": 0.001012010267,
        "dmean2": 0.00164825434331,
        "dvar": 2.00953104468e-06,
        "dvar2": 4.8935949053e-06,
        "max": 0.0137293413281,
        "mean": 0.00333810783923,
        "median": 0.00206026644446,
        "min": 1.08740014184e-05,
        "var": 1.32931827466e-05
    },
    "spectral_energyband_middle_low": {
        "dmean": 0.0051475064829,
        "dmean2": 0.00805109087378,
        "dvar": 3.75159215764e-05,
        "dvar2": 6.76145573379e-05,
        "max": 0.056992996484,
        "mean": 0.0212503150105,
        "median": 0.0164237897843,
        "min": 0.000197933317395,
        "var": 0.000265588430921
    },
    "spectral_entropy": {
        "dmean": 0.13323675096,
        "dmean2": 0.192584306002,
        "dvar": 0.0379952378571,
        "dvar2": 0.0500590838492,
        "max": 7.37664031982,
        "mean": 6.72183990479,
        "median": 6.80636310577,
        "min": 5.36660480499,
        "var": 0.190260767937
    },
    "spectral_flux": {
        "dmean": 0.0168885122985,
        "dmean2": 0.024547053501,
        "dvar": 0.000461282383185,
        "dvar2": 0.00090370880207,
        "max": 0.180052042007,
        "mean": 0.0521460361779,
        "median": 0.0448711365461,
        "min": 0.0116848675534,
        "var": 0.000997093156911
    },
    "spectral_kurtosis": {
        "dmean": 8.13729763031,
        "dmean2": 14.3232393265,
        "dvar": 51.5913276672,
        "dvar2": 155.884567261,
        "max": 39.8510818481,
        "mean": 13.5506381989,
        "median": 10.6998052597,
        "min": 3.12101745605,
        "var": 81.4432220459
    },
    "spectral_rms": {
        "dmean": 0.000559027015697,
        "dmean2": 0.000802461872809,
        "dvar": 4.34019227669e-07,
        "dvar2": 7.02144404841e-07,
        "max": 0.00850454997271,
        "mean": 0.00480325100943,
        "median": 0.0046747950837,
        "min": 0.000455994886579,
        "var": 4.03921330872e-06
    },
    "spectral_rolloff": {
        "dmean": 111.254882812,
        "dmean2": 191.973983765,
        "dvar": 28951.5859375,
        "dvar2": 74507.484375,
        "max": 1808.7890625,
        "mean": 678.472412109,
        "median": 581.396484375,
        "min": 344.53125,
        "var": 62750.578125
    },
    "spectral_skewness": {
        "dmean": 0.679944992065,
        "dmean2": 1.16063868999,
        "dvar": 0.311262071133,
        "dvar2": 1.03042912483,
        "max": 5.19692134857,
        "mean": 2.14288640022,
        "median": 1.98262536526,
        "min": 1.06102907658,
        "var": 0.783216297626
    },
    "spectral_spread": {
        "dmean": 451800.96875,
        "dmean2": 575323.125,
        "dvar": 2.73539347251e+12,
        "dvar2": 1.9540976599e+12,
        "max": 16584196,
        "mean": 2295571,
        "median": 2042419,
        "min": 1409841.75,
        "var": 3.51868184166e+12
    },
    "spectral_strongpeak": {
        "dmean": 0.246862202883,
        "dmean2": 0.323394268751,
        "dvar": 0.156574696302,
        "dvar2": 0.163136586547,
        "max": 4.28258562088,
        "mean": 1.98946666718,
        "median": 1.86757099628,
        "min": 0.0138901025057,
        "var": 1.11812710762
    },
    "zerocrossingrate": {
        "dmean": 0.003173828125,
        "dmean2": 0.00355865992606,
        "dvar": 9.54071674641e-06,
        "dvar2": 7.54090342525e-06,
        "max": 0.04150390625,
        "mean": 0.0268234498799,
        "median": 0.02880859375,
        "min": 0.00537109375,
        "var": 5.23025373695e-05
    },
    "barkbands": {
        "dmean": [1.933821477e-05, 0.000313969416311, 0.000224402974709, 0.000295276142424, 0.00301102874801, 0.000435889232904, 0.000987667473964, 0.00229690317065, 0.000195322849322, 0.000383833248634, 0.000324879714753, 0.000128898682306, 0.000184034593985, 1.77690399141e-05, 3.09964671033e-05, 5.6893513829e-05, 8.00220295787e-05, 3.70680791093e-05, 2.60257111222e-05, 8.7730886662e-06, 1.5234068087e-06, 4.14868992493e-07, 1.1418087098e-07, 1.18387099235e-07, 1.03527639794e-07, 9.37539894608e-08, 1.1910444897e-07],
        "dmean2": [2.00378472073e-05, 0.00043330391054, 0.000301413441775, 0.000395142735215, 0.00496561126783, 0.000698908872437, 0.00167177186813, 0.00305543537252, 0.000299963314319, 0.000635239528492, 0.000460589508293, 0.000228069358855, 0.000249746459303, 2.91145170195e-05, 5.80608357268e-05, 0.000101217694464, 0.000149512139615, 6.61691228743e-05, 4.22621196776e-05, 1.39546791615e-05, 2.41226393882e-06, 5.75234196276e-07, 1.12397202656e-07, 1.10314353208e-07, 1.0445565124e-07, 9.69705382659e-08, 1.48480353346e-07],
        "dvar": [2.09261408202e-08, 2.3781302616e-07, 1.88179711813e-07, 1.93926098291e-07, 2.68115836661e-05, 4.34873726363e-07, 1.76955950337e-06, 9.99706207949e-06, 1.86492442822e-07, 1.43129597063e-07, 1.61624967632e-07, 1.14618529778e-07, 1.04345780017e-07, 1.90590832005e-09, 1.91348483725e-08, 9.38581123933e-09, 1.62179727425e-08, 7.19061832299e-09, 2.29375496374e-09, 2.56850679614e-10, 2.69602938065e-12, 3.99385412979e-13, 3.86359509923e-13, 5.04572349614e-13, 2.64135745611e-13, 2.20797067695e-13, 2.5300361849e-13],
        "dvar2": [2.12508339814e-08, 3.60962815193e-07, 2.86463944121e-07, 2.89547614329e-07, 4.76578788948e-05, 7.98088763077e-07, 4.58263320979e-06, 1.20283548313e-05, 4.05098717238e-07, 4.38387615986e-07, 2.84613690837e-07, 3.28831191609e-07, 1.57462096695e-07, 5.17113818432e-09, 5.70611611295e-08, 2.72508060561e-08, 4.23083008627e-08, 2.05095194161e-08, 6.6315055669e-09, 7.67722441175e-10, 6.86591842408e-12, 3.20625904299e-13, 2.82569161212e-13, 4.13827229862e-13, 1.96137485593e-13, 1.62971564954e-13, 2.42449316916e-13],
        "max": [0.00113199371845, 0.00489376811311, 0.00304536614567, 0.00370723521337, 0.0429410301149, 0.00592062808573, 0.00807100813836, 0.0394379608333, 0.00269116880372, 0.00275462819263, 0.00510068424046, 0.00208716560155, 0.00355134671554, 0.000285217305645, 0.000818819971755, 0.000619953381829, 0.00109092216007, 0.000544047914445, 0.000266838673269, 8.78926803125e-05, 1.38733057611e-05, 7.15383112038e-06, 5.83326527703e-06, 6.548365036e-06, 4.76776131109e-06, 4.35719175584e-06, 4.39415634901e-06],
        "mean": [1.90174869203e-05, 0.0019720015116, 0.00122056156397, 0.00068747397745, 0.00714980158955, 0.000968031818047, 0.00147485511843, 0.0106738377362, 0.000251648569247, 0.000736539426725, 0.00106444139965, 0.000155364308739, 0.000793531420641, 2.400565063e-05, 2.75559632428e-05, 0.000121876721096, 0.000230825244216, 0.000106209292426, 7.69495745772e-05, 2.63743440883e-05, 5.24821416548e-06, 1.04821128843e-06, 1.68813556911e-07, 1.68702825931e-07, 1.47959283936e-07, 1.31704823048e-07, 3.3244396036e-07],
        "median": [1.16665425764e-07, 0.0018332580803, 0.00105202430859, 0.000276485050563, 0.00361716095358, 0.000425633654231, 0.000971016299445, 0.00635171774775, 0.000120123229863, 0.000465850956971, 0.000499733258039, 5.30803954462e-05, 0.000371031695977, 1.0844123608e-05, 8.72424334375e-06, 6.21032522758e-05, 0.000148593026097, 9.06264031073e-05, 6.64995823172e-05, 2.33378013945e-05, 4.16122929892e-06, 8.32129728678e-07, 6.14079880279e-08, 3.95853447799e-08, 4.59212330384e-08, 3.49998288129e-08, 2.93559054398e-07],
        "min": [2.24586327313e-09, 1.1367856132e-06, 2.26226438826e-06, 4.50208654001e-06, 8.53438541526e-05, 2.91763462883e-05, 2.58294458035e-05, 1.32189652504e-05, 8.1555936049e-07, 3.3953442653e-06, 3.08327048515e-06, 1.12840291422e-06, 1.5181794879e-06, 4.60847729755e-07, 2.13288771533e-07, 3.38181763482e-07, 3.45558731851e-07, 2.51159633535e-07, 2.11904023217e-07, 2.47249914764e-07, 1.54729491442e-07, 6.05423906563e-08, 4.5866452858e-09, 3.26168247966e-09, 2.96173419123e-09, 1.98217042779e-09, 1.29606441135e-08],
        "var": [2.06460004648e-08, 2.78312381852e-06, 1.10040764412e-06, 8.86341069872e-07, 0.000111598659714, 2.06374829759e-06, 2.71543558483e-06, 0.00010969046707, 1.85984006862e-07, 5.17914884313e-07, 1.76263051799e-06, 8.8222250838e-08, 1.05048343357e-06, 1.57299129278e-09, 1.07148352413e-08, 2.02073398015e-08, 5.76522403151e-08, 8.63621973934e-09, 3.99888033797e-09, 4.36479657973e-10, 1.50094520146e-11, 1.14926438591e-12, 5.51239555304e-13, 6.97135329065e-13, 3.68636897266e-13, 3.11601547516e-13, 3.0324183377e-13]
    },
    "erbbands": {
        "dmean": [0.00313736102544, 0.0951233133674, 0.327380180359, 0.386346876621, 3.0066037178, 13.3601961136, 12.745554924, 3.93112516403, 14.560418129, 21.0285415649, 35.7750015259, 4.19304084778, 6.60112142563, 24.9653606415, 4.22844982147, 5.2347035408, 7.12242937088, 0.895686686039, 1.22460663319, 3.57802581787, 2.00717759132, 4.7071557045, 2.1886177063, 1.7265099287, 0.883040487766, 0.372769325972, 0.109771005809, 0.0362958535552, 0.0160351209342, 0.00462405150756, 0.00371190998703, 0.00292727351189, 0.00158680428285, 0.00104025669862, 0.000780766073149, 0.000412560388213, 0.000190946593648, 6.48208515486e-05, 1.64132452483e-05, 6.47957449473e-06],
        "dmean2": [0.0041448706761, 0.129662141204, 0.43572974205, 0.531709372997, 4.2360086441, 20.4331111908, 22.9633388519, 6.13828039169, 25.0905437469, 28.8885974884, 47.7080879211, 6.4974398613, 10.4654874802, 39.8947944641, 6.6030254364, 9.27383899689, 9.85381317139, 1.4058521986, 2.23510336876, 6.71978664398, 2.94970750809, 8.95392990112, 3.82259726524, 2.88345122337, 1.53136253357, 0.58566057682, 0.173990279436, 0.0546780526638, 0.0227129422128, 0.00458053080365, 0.00355300563388, 0.00268830382265, 0.00155783304945, 0.00109968183096, 0.000768149620853, 0.000427821447374, 0.000194102540263, 6.98918811395e-05, 2.07736957236e-05, 9.32731290959e-06],
        "dvar": [9.2956746812e-05, 0.0234166942537, 0.409351527691, 0.334711253643, 17.7999820709, 777.15246582, 235.55418396, 68.903755188, 391.382598877, 556.497619629, 2989.20092773, 78.1660232544, 134.054672241, 652.946594238, 23.195394516, 186.501464844, 161.746566772, 5.62876462936, 17.2547855377, 90.4023895264, 8.76087760925, 55.0870132446, 18.3286705017, 12.5240926743, 4.6068482399, 0.406634688377, 0.0175444874913, 0.0012476851698, 0.000545591057744, 0.000390463683289, 0.000395626964746, 0.000296552461805, 8.86749112397e-05, 3.82227590308e-05, 1.2921716916e-05, 3.36055541084e-06, 9.96721269075e-07, 1.22795071889e-07, 4.897997119e-09, 6.81987313844e-11],
        "dvar2": [0.000100606048363, 0.0338027589023, 0.593371272087, 0.509489536285, 33.0991287231, 1290.40893555, 532.192749023, 114.227264404, 1068.87487793, 751.663024902, 3554.89550781, 177.867034912, 307.730133057, 1591.4822998, 66.3053283691, 546.797302246, 301.197296143, 14.6476078033, 51.1211357117, 276.149810791, 21.8504219055, 151.687088013, 50.9725494385, 36.7693786621, 13.4862155914, 1.20010352135, 0.0399448797107, 0.00228339899331, 0.000581841683015, 0.000181563955266, 0.000262247194769, 0.000243745787884, 7.27843726054e-05, 3.46572596754e-05, 8.01630994829e-06, 2.54247197518e-06, 7.15840712928e-07, 1.00509872425e-07, 4.68896343975e-09, 1.12535786245e-10],
        "max": [0.0966759473085, 1.43698132038, 4.79440689087, 4.94668674469, 32.1527061462, 228.298797607, 117.663627625, 75.8956222534, 111.045776367, 299.376220703, 672.495910645, 56.1493721008, 70.6371154785, 308.598724365, 53.5064163208, 86.3689041138, 131.334213257, 16.5338764191, 25.2095050812, 55.0122756958, 27.6083297729, 53.0686454773, 27.8899650574, 21.1619491577, 12.6165437698, 3.45017337799, 0.940243124962, 0.349601894617, 0.250625014305, 0.210838541389, 0.191921263933, 0.161997959018, 0.0844269692898, 0.052622422576, 0.0356622710824, 0.0169919151813, 0.00935426447541, 0.00309602566995, 0.00062137079658, 9.43425693549e-05],
        "mean": [0.0116809392348, 0.578101038933, 1.91494143009, 1.11789166927, 7.33987665176, 33.5559577942, 20.7683372498, 9.67092990875, 21.4563407898, 89.1320724487, 183.369445801, 11.220202446, 10.5925140381, 65.5983581543, 12.6023788452, 14.8354349136, 30.0761032104, 1.9087228775, 1.53126120567, 4.91295194626, 6.65230083466, 12.499294281, 6.27337217331, 5.38998699188, 2.46209192276, 1.19708514214, 0.380902796984, 0.14222201705, 0.0481843017042, 0.00907856412232, 0.00547135295346, 0.00423657801002, 0.00227053463459, 0.00145955267362, 0.00119463668671, 0.000581454078201, 0.000261213252088, 0.000107836349343, 5.09225537826e-05, 3.75085364794e-05],
        "median": [0.0102226473391, 0.537421822548, 1.64126503468, 0.582458019257, 3.61826634407, 12.5204086304, 10.4694948196, 3.51410889626, 14.2439174652, 58.7017402649, 111.459602356, 6.7478685379, 6.41249275208, 35.123374939, 6.59330749512, 6.41945075989, 14.5469036102, 0.990004122257, 0.713261067867, 2.06813836098, 4.09854125977, 9.040599823, 5.47937107086, 4.76782941818, 1.73018479347, 1.05685210228, 0.345688581467, 0.131584703922, 0.039365619421, 0.00438663875684, 0.00180932215881, 0.000893069489393, 0.000647823791951, 0.000523589376826, 0.000338813115377, 0.000148540377268, 5.6142504036e-05, 6.15047974861e-05, 4.67078352813e-05, 3.41829909303e-05],
        "min": [2.22941780521e-05, 0.000320229737554, 0.00217019859701, 0.00986896455288, 0.0778365284204, 0.346130222082, 0.553857684135, 0.235004007816, 0.415770083666, 0.359696745872, 0.204726055264, 0.0247664805502, 0.0480705164373, 0.167218118906, 0.0977753102779, 0.037366013974, 0.065315194428, 0.036668535322, 0.0167623367161, 0.0181869342923, 0.0132565833628, 0.0208787247539, 0.0134076727554, 0.0154108414426, 0.0105478316545, 0.00928865373135, 0.00835496094078, 0.005366737023, 0.00313334539533, 0.000390332861571, 0.000141948796227, 7.53173517296e-05, 5.22349837411e-05, 3.18282509397e-05, 2.67615923804e-05, 1.34995480039e-05, 3.49097967955e-06, 3.70339216715e-06, 3.2980344713e-06, 1.97527833734e-06],
        "var": [0.000196846245672, 0.239895299077, 2.68696737289, 1.63748276234, 65.118888855, 3699.27758789, 639.20135498, 338.494110107, 496.944915771, 6106.12939453, 32554.4511719, 118.3595047, 157.043655396, 6130.21923828, 189.914321899, 362.511444092, 1444.91455078, 6.32137107849, 10.644203186, 68.778793335, 49.4459266663, 156.097457886, 28.5404224396, 19.4421348572, 4.91760396957, 0.846071600914, 0.0824112668633, 0.0103486469015, 0.00180859654211, 0.000743682379834, 0.000602861284278, 0.000429925014032, 0.000114565715194, 4.40426665591e-05, 2.10675934795e-05, 4.7807543524e-06, 1.43441093314e-06, 1.52013527099e-07, 6.10082384611e-09, 6.96274871093e-10]
    },
    "gfcc": {
        "mean": [-95.7087478638, 193.509490967, -140.152435303, -0.921434223652, -33.6064376831, -47.8425331116, -9.06217193604, 5.60830688477, -21.9803714752, -8.55373859406, -7.28229045868, -5.4481306076, -8.79103469849],
        "cov": [[3069.09423828, 98.9075012207, -189.323318481, 186.810409546, 263.831176758, 269.895233154, 295.976348877, 260.665496826, 79.7811813354, -13.4887399673, 4.74428749084, 14.7884397507, -113.778533936], [98.9075012207, 368.999359131, -277.088867188, 7.78754997253, 165.958251953, -53.3073348999, 163.26008606, 33.6527938843, 38.9970626831, -28.3911418915, -2.3420689106, -70.0789031982, 12.4651527405], [-189.323318481, -277.088867188, 528.227294922, 95.9950714111, -258.484558105, -155.8387146, -196.195831299, -123.081748962, -58.8504219055, 11.7299480438, -17.5761814117, 55.3107795715, 16.3377494812], [186.810409546, 7.78754997253, 95.9950714111, 131.063644409, 14.1451025009, -24.223608017, 48.4096183777, 21.1914806366, 17.9495029449, 22.1720485687, 7.90582847595, 8.39783382416, -21.8016586304], [263.831176758, 165.958251953, -258.484558105, 14.1451025009, 193.708938599, 136.725280762, 159.061233521, 103.270629883, 42.6034202576, 7.74831867218, 3.93257141113, -26.4945888519, -34.8049545288], [269.895233154, -53.3073348999, -155.8387146, -24.223608017, 136.725280762, 283.334991455, 88.8122177124, 117.69241333, 18.4000034332, 18.7073249817, 6.24944114685, 18.8241958618, -58.3135108948], [295.976348877, 163.26008606, -196.195831299, 48.4096183777, 159.061233521, 88.8122177124, 174.863204956, 107.734664917, 48.2391586304, 16.275642395, 14.9752206802, -12.4821653366, -30.3553771973], [260.665496826, 33.6527938843, -123.081748962, 21.1914806366, 103.270629883, 117.69241333, 107.734664917, 116.208824158, 32.7646331787, 30.5902118683, 19.6182537079, 18.3035488129, -34.8633995056], [79.7811813354, 38.9970626831, -58.8504219055, 17.9495029449, 42.6034202576, 18.4000034332, 48.2391586304, 32.7646331787, 29.6611461639, 9.54749202728, 13.6422166824, -4.23287057877, -7.52442026138], [-13.4887399673, -28.3911418915, 11.7299480438, 22.1720485687, 7.74831867218, 18.7073249817, 16.275642395, 30.5902118683, 9.54749202728, 30.6617088318, 11.1543474197, 15.2587795258, -10.4966831207], [4.74428749084, -2.3420689106, -17.5761814117, 7.90582847595, 3.93257141113, 6.24944114685, 14.9752206802, 19.6182537079, 13.6422166824, 11.1543474197, 19.6807193756, 9.15263748169, -2.18687772751], [14.7884397507, -70.0789031982, 55.3107795715, 8.39783382416, -26.4945888519, 18.8241958618, -12.4821653366, 18.3035488129, -4.23287057877, 15.2587795258, 9.15263748169, 35.68019104, -4.92926597595], [-113.778533936, 12.4651527405, 16.3377494812, -21.8016586304, -34.8049545288, -58.3135108948, -30.3553771973, -34.8633995056, -7.52442026138, -10.4966831207, -2.18687772751, -4.92926597595, 24.5747261047]],
        "icov": [[0.00059416948352, 0.000610205112025, 0.000155168905621, -0.00107238837518, 0.000216104032006, 0.00032239392749, -0.0001495956094, -0.00247356621549, -0.000533243641257, 0.00348932412453, 0.00119332841132, 0.000346312735928, 0.000266804418061], [0.000610205112025, 0.0356978587806, -0.0107240770012, 0.0159302316606, -0.0486701615155, 0.0271688308567, -0.0270633716136, -0.000686706160195, 0.0251899920404, 0.0255843456835, -0.0330723188818, 0.0219093821943, -0.0127931386232], [0.000155168905621, -0.0107240770012, 0.0307322647423, -0.0323360972106, 0.0550090149045, -0.0160823445767, 0.0103116994724, 0.00165908155032, -0.0130516123027, -0.0137116564438, 0.0487172268331, -0.0168381556869, 0.0029821973294], [-0.00107238837518, 0.0159302316606, -0.0323360972106, 0.0570956096053, -0.0598948039114, 0.0279078576714, -0.0284550692886, 0.0177828893065, 0.0106054879725, 0.00373838981614, -0.0520517863333, 0.00762208877131, 0.0323197357357], [0.000216104032006, -0.0486701615155, 0.0550090149045, -0.0598948039114, 0.176012933254, -0.0617211312056, 0.00802791770548, -0.00718973902985, -0.0513363145292, -0.0435178354383, 0.120901621878, -0.0139090092853, 0.0121866809204], [0.00032239392749, 0.0271688308567, -0.0160823445767, 0.0279078576714, -0.0617211312056, 0.0393214225769, -0.0146023547277, -0.00256255967543, 0.0215874295682, 0.025171065703, -0.0384147167206, 0.00598191097379, 0.022523066029], [-0.0001495956094, -0.0270633716136, 0.0103116994724, -0.0284550692886, 0.00802791770548, -0.0146023547277, 0.0735312253237, -0.0307240318507, -0.0276014637202, -0.00435315165669, 0.0232549253851, -0.0155003080145, -0.00645447196439], [-0.00247356621549, -0.000686706160195, 0.00165908155032, 0.0177828893065, -0.00718973902985, -0.00256255967543, -0.0307240318507, 0.0822234973311, -0.0070640980266, -0.0376698710024, -0.0122249666601, -0.0402574129403, 0.0385866686702], [-0.000533243641257, 0.0251899920404, -0.0130516123027, 0.0106054879725, -0.0513363145292, 0.0215874295682, -0.0276014637202, -0.0070640980266, 0.125775977969, 0.00851885043085, -0.0965993404388, 0.0451656095684, -0.020145688206], [0.00348932412453, 0.0255843456835, -0.0137116564438, 0.00373838981614, -0.0435178354383, 0.025171065703, -0.00435315165669, -0.0376698710024, 0.00851885043085, 0.102983571589, -0.0380369238555, 0.00807376019657, -0.000282621593215], [0.00119332841132, -0.0330723188818, 0.0487172268331, -0.0520517863333, 0.120901621878, -0.0384147167206, 0.0232549253851, -0.0122249666601, -0.0965993404388, -0.0380369238555, 0.206279531121, -0.0527738556266, -0.00285967602395], [0.000346312735928, 0.0219093821943, -0.0168381556869, 0.00762208877131, -0.0139090092853, 0.00598191097379, -0.0155003080145, -0.0402574129403, 0.0451656095684, 0.00807376019657, -0.0527738556266, 0.106985077262, -0.0392758212984], [0.000266804418061, -0.0127931386232, 0.0029821973294, 0.0323197357357, 0.0121866809204, 0.022523066029, -0.00645447196439, 0.0385866686702, -0.020145688206, -0.000282621593215, -0.00285967602395, -0.0392758212984, 0.178159087896]]
    },
    "melbands": {
        "dmean": [5.42933557881e-05, 0.00015919280122, 0.00015375460498, 0.000517372856848, 0.000559011474252, 7.74526924943e-05, 0.000221513284487, 0.000351213297108, 0.000238625390921, 2.42826936301e-05, 3.4827964555e-05, 9.81056728051e-05, 2.26507600019e-05, 1.442339817e-05, 2.51307410508e-05, 6.93189485901e-06, 1.40794213621e-06, 1.93485220734e-06, 3.1436388781e-06, 5.4767065194e-06, 2.40332497015e-06, 5.45282910025e-06, 2.68162693828e-06, 1.96869928004e-06, 1.47223079239e-06, 9.45671786212e-07, 4.9872329555e-07, 1.90741531014e-07, 8.59672510956e-08, 3.43920767421e-08, 2.05497023842e-08, 1.13235678612e-08, 4.25095247891e-09, 2.109225683e-09, 2.26432494976e-09, 1.73244751878e-09, 1.72946112986e-09, 1.13574205596e-09, 9.06066166539e-10, 8.85535977879e-10],
        "dmean2": [7.60376351536e-05, 0.000209486723179, 0.000202660041396, 0.000787647149991, 0.000966733437963, 0.000120386983326, 0.000381572317565, 0.000470864557428, 0.000321407918818, 3.6928573536e-05, 5.80737287237e-05, 0.000157559028594, 3.33354364557e-05, 2.5334122256e-05, 3.56171876774e-05, 9.83082827588e-06, 2.23057327275e-06, 3.43377928402e-06, 6.07530910202e-06, 9.91559227259e-06, 3.36113407684e-06, 1.0155419659e-05, 4.7818607527e-06, 3.54933195013e-06, 2.43257841248e-06, 1.53120925006e-06, 8.56848600961e-07, 3.02842238398e-07, 1.33499440835e-07, 5.50635697039e-08, 2.99389881775e-08, 1.68067835205e-08, 5.27110621817e-09, 1.88655802091e-09, 2.16515161355e-09, 1.69898062286e-09, 1.56389079464e-09, 1.09486431032e-09, 9.74634262185e-10, 9.60754698021e-10],
        "dvar": [6.90927803859e-09, 9.10037698532e-08, 5.7340535875e-08, 8.49287175697e-07, 6.8523149821e-07, 2.33905375069e-08, 9.32829564704e-08, 1.94157465216e-07, 1.28416331791e-07, 2.94634228126e-09, 3.55067597546e-09, 9.61200896654e-09, 5.27813015516e-10, 1.24801813328e-09, 1.86861170981e-09, 1.66069921703e-10, 1.5105651105e-11, 3.16689209579e-11, 1.55181104078e-10, 1.1538214828e-10, 9.47081735952e-12, 7.56863183238e-11, 1.41171440857e-11, 2.05484188692e-11, 7.27040389698e-12, 3.06767090029e-12, 1.4098777484e-12, 6.27601879429e-14, 1.22188458285e-14, 1.20151581216e-15, 4.36917434825e-16, 2.04687549877e-16, 1.96635906143e-16, 1.0571750055e-16, 1.48717227379e-16, 8.40732544139e-17, 1.04907419415e-16, 4.26056149718e-17, 2.95134866185e-17, 2.69495642093e-17],
        "dvar2": [1.04817514668e-08, 1.28986300751e-07, 1.01643038874e-07, 1.35013851832e-06, 1.35932009471e-06, 3.92323720178e-08, 2.50322557349e-07, 2.36429812617e-07, 1.58152815288e-07, 6.14031669954e-09, 8.01324961941e-09, 2.42574493825e-08, 1.20644960688e-09, 3.61432017648e-09, 4.06678024589e-09, 3.25301036108e-10, 3.90896343072e-11, 9.35248822831e-11, 4.66478189409e-10, 3.51347728689e-10, 1.90021470781e-11, 1.99278857305e-10, 3.91184723503e-11, 5.86205597952e-11, 2.14237204366e-11, 8.76833241431e-12, 4.22966609653e-12, 1.61078453093e-13, 2.58643611086e-14, 3.12052062318e-15, 8.38083991227e-16, 3.20673915397e-16, 1.47078178921e-16, 5.12190169118e-17, 9.67880924549e-17, 6.82786310465e-17, 8.30340177795e-17, 3.20480970556e-17, 2.77138890215e-17, 2.48881705658e-17],
        "max": [0.000967397761997, 0.00240643252619, 0.00202956493013, 0.00787182431668, 0.00673792185262, 0.00141991104465, 0.00173819076736, 0.00558227440342, 0.00442088488489, 0.000339210120728, 0.000358587974915, 0.00117587856948, 0.000329391274136, 0.000222434609896, 0.000454595603514, 0.000116614355647, 2.64982409135e-05, 3.40845363098e-05, 7.35957291909e-05, 5.97066064074e-05, 3.9633254346e-05, 6.94135305821e-05, 2.16799235204e-05, 2.92275781248e-05, 1.56663572852e-05, 9.8412110674e-06, 6.90469369147e-06, 1.74424394572e-06, 7.40829079859e-07, 2.71819317277e-07, 2.20562071718e-07, 1.35264500045e-07, 1.36621864044e-07, 1.07147357653e-07, 1.17124109522e-07, 8.76305747965e-08, 9.676036683e-08, 6.03484267003e-08, 4.54522712801e-08, 4.38118625823e-08],
        "mean": [0.000309491588268, 0.000968307664152, 0.000394607981434, 0.00132926099468, 0.0010571165476, 0.000190478938748, 0.000316589488648, 0.00157070963178, 0.0012062798487, 3.12000229314e-05, 4.2717303586e-05, 0.000253432954196, 7.1642214607e-05, 1.76228859345e-05, 0.000103356069303, 2.76712708001e-05, 1.78560424047e-06, 2.38413304032e-06, 3.50561253981e-06, 8.84672408574e-06, 7.8388457041e-06, 1.4823885067e-05, 6.97615223544e-06, 5.09838173457e-06, 4.43919634563e-06, 2.50579205385e-06, 1.25072904211e-06, 6.49123023777e-07, 2.79725753671e-07, 1.0890521196e-07, 7.25327566897e-08, 3.13673567121e-08, 8.04493360818e-09, 3.34872929386e-09, 3.19821147343e-09, 2.56494558926e-09, 2.43869080485e-09, 1.63220670313e-09, 1.20671839188e-09, 1.20649423785e-09],
        "median": [0.000286264286842, 0.000822431815322, 0.000147289800225, 0.000693063484505, 0.000441563286586, 7.90423655417e-05, 0.000212196886423, 0.000944946019445, 0.000729754741769, 1.29323898364e-05, 2.47954048973e-05, 0.000139245268656, 3.37242818205e-05, 6.70128429192e-06, 4.55291228718e-05, 1.43088755067e-05, 1.00079080312e-06, 1.17475735806e-06, 1.12311852263e-06, 4.41942347607e-06, 4.97555674883e-06, 9.89861837297e-06, 6.28734096608e-06, 4.4006974349e-06, 4.12839608543e-06, 1.75150512405e-06, 8.35282492062e-07, 6.53420784147e-07, 2.06183187856e-07, 9.0853546908e-08, 7.58331282213e-08, 2.64700137365e-08, 4.87212803435e-09, 1.00854247176e-09, 9.29882781886e-10, 7.52223283662e-10, 3.95236343653e-10, 4.29879604136e-10, 3.67659125367e-10, 3.80869308314e-10],
        "min": [2.56328547721e-07, 8.80368418166e-07, 2.80036556433e-06, 1.4514378563e-05, 1.96942437469e-05, 4.0501163312e-06, 6.10692086411e-06, 3.80687743018e-06, 1.31219110244e-06, 9.95291884465e-08, 2.42139407192e-07, 6.80891218963e-07, 3.77413670094e-07, 1.67632506987e-07, 5.97687872528e-08, 1.69235235603e-07, 5.54387078466e-08, 3.03173521843e-08, 1.77901817722e-08, 2.72226223785e-08, 1.25872414714e-08, 1.99501783982e-08, 2.00266310202e-08, 9.00463259512e-09, 1.34142084107e-08, 5.76661252083e-09, 9.55585655049e-09, 5.46673950552e-09, 6.05551253585e-09, 4.13715062209e-09, 2.70120303902e-09, 1.96645122408e-09, 2.30650831767e-10, 8.72422620257e-11, 6.8976845069e-11, 5.43201525427e-11, 3.39943385941e-11, 3.13424182441e-11, 2.03593617659e-11, 2.3049027964e-11],
        "var": [7.18638517583e-08, 6.82208224134e-07, 2.58225583138e-07, 4.10009897678e-06, 2.51951473729e-06, 1.17423127222e-07, 1.24689691461e-07, 2.14362648876e-06, 1.3936535197e-06, 3.0722049349e-09, 3.75868181024e-09, 8.87928948146e-08, 7.09151315448e-09, 9.87254056284e-10, 1.75998291496e-08, 1.12256437479e-09, 1.22402886438e-11, 2.04584561098e-11, 8.97361074337e-11, 1.37306818693e-10, 7.64022387023e-11, 2.45557268963e-10, 3.3393236093e-11, 2.20827436198e-11, 1.28534873717e-11, 4.65649654252e-12, 1.34167828757e-12, 2.35389913941e-13, 4.77601119731e-14, 6.26749112068e-15, 2.88708935434e-15, 7.0058386235e-16, 3.00905728125e-16, 1.93892909058e-16, 2.24741743118e-16, 1.25703831893e-16, 1.5373486527e-16, 5.89876589969e-17, 3.28509982628e-17, 3.05184051837e-17]
    },
    "mfcc": {
        "mean": [-735.486083984, 225.133972168, -40.4205474854, 43.819103241, -11.1694889069, -30.5514144897, 7.88089370728, 0.423944056034, -0.0273355264217, -12.3270244598, 0.420625418425, 12.8321313858, 4.46589803696],
        "cov": [[2572.21459961, 499.123657227, -746.32989502, 302.795318604, -17.0958023071, 209.047164917, 310.980377197, 309.161682129, 283.765319824, 30.8090133667, 153.772003174, 224.795898438, 143.818603516], [499.123657227, 230.013931274, -228.484375, 95.4819641113, -18.8548145294, 0.928590893745, 80.0084762573, 40.6436271667, 80.2232666016, 2.6780192852, 31.8956699371, 35.6143531799, 2.15064477921], [-746.32989502, -228.484375, 517.50769043, 59.6683959961, -49.0865745544, -76.9682159424, -187.948669434, -167.276901245, -146.45149231, -90.4828948975, -73.2378005981, -91.2521209717, -69.0021896362], [302.795318604, 95.4819641113, 59.6683959961, 341.559509277, -74.5584640503, -18.1605491638, 7.24935626984, -47.6225090027, 40.9620704651, -71.5910873413, 48.3142356873, 49.0623283386, 9.77097129822], [-17.0958023071, -18.8548145294, -49.0865745544, -74.5584640503, 59.5006484985, 39.7153701782, 37.8106079102, 49.9633331299, 19.0867996216, 37.9416389465, 5.93592309952, 15.4119729996, 24.476146698], [209.047164917, 0.928590893745, -76.9682159424, -18.1605491638, 39.7153701782, 97.8536682129, 69.5537872314, 75.1796340942, 45.9132652283, 20.8358135223, 22.1785163879, 39.9770851135, 44.3874664307], [310.980377197, 80.0084762573, -187.948669434, 7.24935626984, 37.8106079102, 69.5537872314, 123.131362915, 113.84513092, 89.6826477051, 38.8787345886, 51.0381584167, 78.2984848022, 65.6955337524], [309.161682129, 40.6436271667, -167.276901245, -47.6225090027, 49.9633331299, 75.1796340942, 113.84513092, 138.034088135, 77.9539337158, 46.673866272, 42.3017654419, 79.4878692627, 73.4232635498], [283.765319824, 80.2232666016, -146.45149231, 40.9620704651, 19.0867996216, 45.9132652283, 89.6826477051, 77.9539337158, 82.7511062622, 24.1280269623, 43.5113372803, 62.3407936096, 47.4612007141], [30.8090133667, 2.6780192852, -90.4828948975, -71.5910873413, 37.9416389465, 20.8358135223, 38.8787345886, 46.673866272, 24.1280269623, 50.0209617615, 15.6033391953, 19.9600105286, 23.4558982849], [153.772003174, 31.8956699371, -73.2378005981, 48.3142356873, 5.93592309952, 22.1785163879, 51.0381584167, 42.3017654419, 43.5113372803, 15.6033391953, 46.3635978699, 44.9692878723, 32.4000053406], [224.795898438, 35.6143531799, -91.2521209717, 49.0623283386, 15.4119729996, 39.9770851135, 78.2984848022, 79.4878692627, 62.3407936096, 19.9600105286, 44.9692878723, 82.2479171753, 64.9320907593], [143.818603516, 2.15064477921, -69.0021896362, 9.77097129822, 24.476146698, 44.3874664307, 65.6955337524, 73.4232635498, 47.4612007141, 23.4558982849, 32.4000053406, 64.9320907593, 63.2961845398]],
