{
"lowlevel": {
    "average_loudness": 0.930621087551,
    "barkbands_crest": {
        "dmean": 1.66257870197,
        "dmean2": 2.45471191406,
        "dvar": 5.27145814896,
        "dvar2": 8.5990896225,
        "max": 24.7013473511,
        "mean": 8.6277885437,
        "median": 4.58827447891,
        "min": 2.58228969574,
        "var": 54.5547523499
    },
    "barkbands_flatness_db": {
        "dmean": 0.0166040062904,
        "dmean2": 0.0206664334983,
        "dvar": 0.000868314295076,
        "dvar2": 0.000799985136837,
        "max": 0.430268615484,
        "mean": 0.114218309522,
        "median": 0.0475551262498,
        "min": 0.0218600388616,
        "var": 0.0166305955499
    },
    "barkbands_kurtosis": {
        "dmean": 3.36655521393,
        "dmean2": 5.45673942566,
        "dvar": 101.24911499,
        "dvar2": 217.936355591,
        "max": 93.8844528198,
        "mean": 11.9736051559,
        "median": -0.853858232498,
        "min": -1.56743466854,
        "var": 806.826721191
    },
    "barkbands_skewness": {
        "dmean": 0.422887355089,
        "dmean2": 0.650668859482,
        "dvar": 0.352572262287,
        "dvar2": 0.602050900459,
        "max": 7.09924840927,
        "mean": 1.16805696487,
        "median": 0.19127419591,
        "min": -0.779338300228,
        "var": 5.57203292847
    },
    "barkbands_spread": {
        "dmean": 5.22138357162,
        "dmean2": 7.89659357071,
        "dvar": 32.9117164612,
        "dvar2": 67.8718948364,
        "max": 91.6194992065,
        "mean": 35.3024139404,
        "median": 40.535282135,
        "min": 0.523393452168,
        "var": 427.454864502
    },
    "dissonance": {
        "dmean": 0.011072059162,
        "dmean2": 0.0176921393722,
        "dvar": 0.000467740406748,
        "dvar2": 0.00114382489119,
        "max": 0.499690413475,
        "mean": 0.462562769651,
        "median": 0.493284106255,
        "min": 0.304156661034,
        "var": 0.00408225972205
    },
    "dynamic_complexity": 22.693157196,
    "erbbands_crest": {
        "dmean": 1.37919449806,
        "dmean2": 2.21509933472,
        "dvar": 4.21200752258,
        "dvar2": 7.15017986298,
        "max": 23.0492153168,
        "mean": 8.49785614014,
        "median": 6.04964923859,
        "min": 3.64740467072,
        "var": 35.0812759399
    },
    "erbbands_flatness_db": {
        "dmean": 0.0145577993244,
        "dmean2": 0.0190860275179,
        "dvar": 0.000618943886366,
        "dvar2": 0.000677540432662,
        "max": 0.388070464134,
        "mean": 0.167671754956,
        "median": 0.128355056047,
        "min": 0.0634462460876,
        "var": 0.00826001912355
    },
    "erbbands_kurtosis": {
        "dmean": 1.38971018791,
        "dmean2": 2.09830904007,
        "dvar": 5.06356096268,
        "dvar2": 7.77727794647,
        "max": 27.3743896484,
        "mean": 3.9287955761,
        "median": 0.550229787827,
        "min": -1.32667076588,
        "var": 64.9298400879
    },
    "erbbands_skewness": {
        "dmean": 0.3382422328,
        "dmean2": 0.500009894371,
        "dvar": 0.136459544301,
        "dvar2": 0.215838581324,
        "max": 4.11582374573,
        "mean": 0.0419373624027,
        "median": -0.773648262024,
        "min": -1.55296182632,
        "var": 2.92627453804
    },
    "erbbands_spread": {
        "dmean": 4.5328783989,
        "dmean2": 6.95883464813,
        "dvar": 21.5995445251,
        "dvar2": 41.0024108887,
        "max": 55.6547622681,
        "mean": 25.9138259888,
        "median": 27.2009315491,
        "min": 3.91203188896,
        "var": 139.636535645
    },
    "hfc": {
        "dmean": 1.0322958231,
        "dmean2": 1.40020823479,
        "dvar": 20.1411876678,
        "dvar2": 44.928565979,
        "max": 40.8811607361,
        "mean": 2.43861913681,
        "median": 0.022449683398,
        "min": 0.01480321493,
        "var": 38.0619392395
    },
    "melbands_crest": {
        "dmean": 2.73408079147,
        "dmean2": 4.33482217789,
        "dvar": 6.9764585495,
        "dvar2": 16.2247467041,
        "max": 21.7822647095,
        "mean": 10.772854805,
        "median": 9.26549530029,
        "min": 3.02865672112,
        "var": 37.6205062866
    },
    "melbands_flatness_db": {
        "dmean": 0.0214353725314,
        "dmean2": 0.0289766136557,
        "dvar": 0.00107678805944,
        "dvar2": 0.00124709587544,
        "max": 0.523201882839,
        "mean": 0.172180965543,
        "median": 0.0981364548206,
        "min": 0.0484044030309,
        "var": 0.0222139302641
    },
    "melbands_kurtosis": {
        "dmean": 2.85442709923,
        "dmean2": 4.5647611618,
        "dvar": 35.5698776245,
        "dvar2": 77.4980621338,
        "max": 61.8052520752,
        "mean": 8.04483509064,
        "median": 0.552743673325,
        "min": -1.41570746899,
        "var": 234.487106323
    },
    "melbands_skewness": {
        "dmean": 0.403079420328,
        "dmean2": 0.63566249609,
        "dvar": 0.228582277894,
        "dvar2": 0.437418699265,
        "max": 5.14928293228,
        "mean": 1.67112910748,
        "median": 1.11079132557,
        "min": 0.230356991291,
        "var": 1.56407761574
    },
    "melbands_spread": {
        "dmean": 9.56523036957,
        "dmean2": 15.7887887955,
        "dvar": 102.704353333,
        "dvar2": 245.396286011,
        "max": 97.9421539307,
        "mean": 52.6306533813,
        "median": 63.142578125,
        "min": 0.881359994411,
        "var": 1028.91577148
    },
    "pitch_salience": {
        "dmean": 0.0552525445819,
        "dmean2": 0.0836789757013,
        "dvar": 0.00539320474491,
        "dvar2": 0.00861403904855,
        "max": 0.831301391125,
        "mean": 0.640666723251,
        "median": 0.731729507446,
        "min": 0.239968702197,
        "var": 0.034410212189
    },
    "silence_rate_20dB": {
        "dmean": 0,
        "dmean2": 0,
        "dvar": 0,
        "dvar2": 0,
        "max": 1,
        "mean": 1,
        "median": 1,
        "min": 1,
        "var": 0
    },
    "silence_rate_30dB": {
        "dmean": 0,
        "dmean2": 0,
        "dvar": 0,
        "dvar2": 0,
        "max": 1,
        "mean": 1,
        "median": 1,
        "min": 1,
        "var": 0
    },
    "silence_rate_60dB": {
        "dmean": 0.0166666675359,
        "dmean2": 0.0336134470999,
        "dvar": 0.0163888707757,
        "dvar2": 0.0324835851789,
        "max": 1,
        "mean": 0.785123944283,
        "median": 1,
        "min": 0,
        "var": 0.168704256415
    },
    "spectral_centroid": {
        "dmean": 160.41859436,
        "dmean2": 268.766784668,
        "dvar": 65663.453125,
        "dvar2": 120823.648438,
        "max": 3256.23876953,
        "mean": 2267.66845703,
        "median": 2872.94750977,
        "min": 241.647247314,
        "var": 1213078.375
    },
    "spectral_complexity": {
        "dmean": 0.816666662693,
        "dmean2": 0.941176474094,
        "dvar": 8.49971294403,
        "dvar2": 12.9461565018,
        "max": 38,
        "mean": 1.58677685261,
        "median": 0,
        "min": 0,
        "var": 22.1928634644
    },
    "spectral_decrease": {
        "dmean": 5.57665191803e-10,
        "dmean2": 6.51015741315e-10,
        "dvar": 4.90793843901e-18,
        "dvar2": 8.735162099e-18,
        "max": -9.66756297412e-13,
        "mean": -1.86666238022e-09,
        "median": -2.0910434842e-12,
        "min": -1.68174612014e-08,
        "var": 1.96644025748e-17
    },
    "spectral_energy": {
        "dmean": 0.00219274195842,
        "dmean2": 0.00258383736946,
        "dvar": 7.63538773754e-05,
        "dvar2": 0.000137542068842,
        "max": 0.0671806782484,
        "mean": 0.0072663766332,
        "median": 9.99669646262e-06,
        "min": 4.99147654409e-06,
        "var": 0.000297637743643
    },
    "spectral_energyband_high": {
        "dmean": 1.92838865587e-06,
        "dmean2": 3.13621308123e-06,
        "dvar": 8.0937229141e-11,
        "dvar2": 2.18710272115e-10,
        "max": 8.36222679936e-05,
        "mean": 3.02600074065e-06,
        "median": 1.25000428852e-06,
        "min": 6.85203247031e-07,
        "var": 6.51736789536e-11
    },
    "spectral_energyband_low": {
        "dmean": 1.29088048197e-05,
        "dmean2": 2.17274209717e-05,
        "dvar": 1.49155665596e-09,
        "dvar2": 4.36038893881e-09,
        "max": 0.000326483539538,
        "mean": 1.96041728486e-05,
        "median": 1.69266820649e-06,
        "min": 1.58125345706e-07,
        "var": 2.13197659527e-09
    },
    "spectral_energyband_middle_high": {
        "dmean": 0.000199780639377,
        "dmean2": 0.000312126678182,
        "dvar": 1.0333147884e-06,
        "dvar2": 2.50929588219e-06,
        "max": 0.00864369887859,
        "mean": 0.000214445550228,
        "median": 4.47865841124e-06,
        "min": 2.5480817385e-06,
        "var": 1.18532875604e-06
    },
    "spectral_energyband_middle_low": {
        "dmean": 0.00205707689747,
        "dmean2": 0.00229921704158,
        "dvar": 6.56626580167e-05,
        "dvar2": 0.000112594178063,
        "max": 0.06294696033,
        "mean": 0.00704887975007,
        "median": 2.18941386265e-06,
        "min": 8.74289582953e-07,
        "var": 0.000283906410914
    },
    "spectral_entropy": {
        "dmean": 0.100766271353,
        "dmean2": 0.135952413082,
        "dvar": 0.0270970538259,
        "dvar2": 0.0232420861721,
        "max": 8.21135807037,
        "mean": 7.48358201981,
        "median": 7.95702981949,
        "min": 5.01833248138,
        "var": 0.972329497337
    },
    "spectral_flux": {
        "dmean": 0.00684681814164,
        "dmean2": 0.00930493790656,
        "dvar": 0.000715183850843,
        "dvar2": 0.00116974848788,
        "max": 0.221277520061,
        "mean": 0.0135344490409,
        "median": 0.00201890897006,
        "min": 0.00124261341989,
        "var": 0.00131429964676
    },
    "spectral_kurtosis": {
        "dmean": 2.82998251915,
        "dmean2": 4.98254394531,
        "dvar": 24.1654262543,
        "dvar2": 64.1323928833,
        "max": 46.5418357849,
        "mean": 11.640794754,
        "median": 8.18230342865,
        "min": 4.6493897438,
        "var": 84.5727615356
    },
    "spectral_rms": {
        "dmean": 0.000254895421676,
        "dmean2": 0.000289546209387,
        "dvar": 8.62444494487e-07,
        "dvar2": 1.29063380427e-06,
        "max": 0.00809580925852,
        "mean": 0.00123172090389,
        "median": 9.87566454569e-05,
        "min": 6.9783469371e-05,
        "var": 5.57201155971e-06
    },
    "spectral_rolloff": {
        "dmean": 419.359039307,
        "dmean2": 676.938537598,
        "dvar": 717643.6875,
        "dvar2": 1788167.625,
        "max": 10658.9355469,
        "mean": 3124.27270508,
        "median": 3789.84375,
        "min": 258.3984375,
        "var": 3040591.5
    },
    "spectral_skewness": {
        "dmean": 0.25700494647,
        "dmean2": 0.441959500313,
        "dvar": 0.133077189326,
        "dvar2": 0.376199603081,
        "max": 5.69073152542,
        "mean": 2.04180407524,
        "median": 1.61552500725,
        "min": 1.29193854332,
        "var": 0.951596736908
    },
    "spectral_spread": {
        "dmean": 390421.8125,
        "dmean2": 562032.875,
        "dvar": 356375724032,
        "dvar2": 367397208064,
        "max": 8829510,
        "mean": 3541205,
        "median": 3563803.5,
        "min": 1386755.5,
        "var": 1.0232938496e+12
    },
    "spectral_strongpeak": {
        "dmean": 0.0854642391205,
        "dmean2": 0.101941712201,
        "dvar": 0.0926625803113,
        "dvar2": 0.162880852818,
        "max": 2.40273404121,
        "mean": 0.321739912033,
        "median": 0.00795326568186,
        "min": 0.000744600780308,
        "var": 0.478807806969
    },
    "zerocrossingrate": {
        "dmean": 0.0108886715025,
        "dmean2": 0.0127076217905,
        "dvar": 0.000163450196851,
        "dvar2": 0.000149900981341,
        "max": 0.22998046875,
        "mean": 0.1214286834,
        "median": 0.1494140625,
        "min": 0.00244140625,
        "var": 0.00391725217924
    },
    "barkbands": {
        "dmean": [1.40861629916e-06, 4.17659839513e-06, 2.16860166802e-06, 1.42373764902e-05, 0.00128154782578, 0.000198592693778, 0.000115611248475, 0.000624341133516, 0.000138857707498, 0.000108682346763, 4.2228752136e-05, 1.79454036697e-05, 1.17895842777e-05, 2.45828414336e-06, 2.49236813943e-06, 9.29086309043e-06, 1.73858625203e-05, 9.21350783756e-06, 9.42674523685e-06, 2.08187634598e-06, 7.05408410795e-07, 4.12795486682e-07, 7.45619743725e-08, 7.73009958266e-08, 8.02854813742e-08, 4.87248179581e-08, 7.55195017632e-08],
        "dmean2": [1.98385259864e-06, 6.35799096926e-06, 3.07879145112e-06, 2.46706495091e-05, 0.00136049441062, 0.000303683831589, 0.000164993543876, 0.000973805086687, 0.00023643404711, 0.000166230951436, 7.11276588845e-05, 2.64371337835e-05, 1.98377001652e-05, 3.41833538187e-06, 4.10168331655e-06, 1.72535001184e-05, 2.80465137621e-05, 1.29964500957e-05, 1.58766342793e-05, 3.43414080817e-06, 1.19780315799e-06, 7.60354339491e-07, 1.33800185154e-07, 1.44651053802e-07, 1.34812140118e-07, 8.57311874825e-08, 1.11631180744e-07],
        "dvar": [1.93577948809e-11, 1.02374199396e-10, 3.24894035286e-11, 2.87115242692e-09, 2.84404795821e-05, 7.990900599e-07, 4.15496941741e-07, 8.79899926076e-06, 5.2972143294e-07, 3.21113304835e-07, 5.02034787075e-08, 7.77047581835e-09, 4.68853578184e-09, 1.0814593665e-10, 2.20018295249e-10, 3.80905085251e-09, 1.03625801273e-08, 2.88760104716e-09, 3.24222693138e-09, 1.31989308372e-10, 1.01170677738e-11, 5.08604443283e-12, 1.19340938499e-13, 1.57922096624e-13, 7.98600823058e-14, 3.18090382322e-14, 5.13326123416e-14],
        "dvar2": [2.96133360889e-11, 1.77153861025e-10, 4.60342805542e-11, 7.21596737918e-09, 3.40696533385e-05, 1.80471283784e-06, 6.77074865507e-07, 2.31673693634e-05, 1.17170429803e-06, 7.70893223034e-07, 1.39145399203e-07, 1.60556705708e-08, 1.22357484145e-08, 2.06037881201e-10, 5.86084514254e-10, 7.51544249056e-09, 2.6080739346e-08, 6.43280495538e-09, 8.52891002268e-09, 2.6274235565e-10, 2.82406337898e-11, 1.48238071124e-11, 3.09102109143e-13, 4.35040783779e-13, 1.99926880606e-13, 6.73459294516e-14, 9.42014885151e-14],
        "max": [4.16236107412e-05, 8.27442418085e-05, 7.78961548349e-05, 0.000501483795233, 0.0558858625591, 0.00828428193927, 0.00617306772619, 0.0251538529992, 0.0062358379364, 0.00437991786748, 0.00182625139132, 0.000758743844926, 0.000687279854901, 0.000113064474135, 0.000147356156958, 0.000533880200237, 0.000962378981058, 0.000519898952916, 0.000521485402714, 0.000105505328975, 2.89676463581e-05, 1.88570720638e-05, 2.55870190813e-06, 2.96579014503e-06, 1.9294309368e-06, 1.85276678621e-06, 2.24890823119e-06],
        "mean": [1.65049607403e-06, 6.03207263339e-06, 4.05615173804e-06, 2.03923063964e-05, 0.00552278198302, 0.000460982730146, 0.000163070770213, 0.000696321716532, 0.000149397281348, 0.000107188963739, 3.96013092541e-05, 2.30896148423e-05, 1.38677596624e-05, 3.56308510163e-06, 2.76829518953e-06, 1.04742166513e-05, 1.73368352989e-05, 1.00679644675e-05, 8.63432978804e-06, 2.93730545309e-06, 1.0286204315e-06, 4.53064416206e-07, 9.85365815609e-08, 8.91671021463e-08, 1.15249775945e-07, 9.35417929782e-08, 2.27515187134e-07],
        "median": [5.15126998835e-08, 7.42847134916e-07, 4.67084703359e-07, 1.76659682438e-07, 4.57859982816e-07, 2.1429312369e-07, 2.78854543012e-07, 3.9959573428e-07, 4.8420560006e-07, 4.1802297801e-07, 3.24830409681e-07, 2.67811486765e-07, 2.17206277853e-07, 1.35971390591e-07, 1.11837806571e-07, 2.78666021813e-07, 7.29347618744e-07, 7.95101755102e-07, 8.88175293312e-07, 6.12257224475e-07, 4.7552012461e-07, 1.93221737277e-07, 2.86827432916e-08, 2.1860655508e-08, 3.35739436252e-08, 4.08733882296e-08, 1.38591289556e-07],
        "min": [4.04607347626e-10, 3.23617221909e-08, 2.18309139655e-08, 4.43395986593e-09, 5.09109554514e-08, 3.16817398982e-08, 4.24485264716e-08, 1.60029305363e-08, 3.37706893561e-08, 8.65887272994e-08, 4.13741787497e-08, 6.78643345964e-08, 2.58752486104e-08, 2.26397531833e-08, 2.1437612574e-08, 6.96329252037e-08, 2.48264257152e-07, 2.39679678771e-07, 1.99257812028e-07, 2.51669206364e-07, 1.45794331274e-07, 8.58997424302e-08, 1.22740235753e-08, 9.01006114162e-09, 9.9369117379e-09, 5.36463895529e-09, 3.33943823705e-08],
        "var": [3.48880889456e-11, 2.06108158318e-10, 1.094827215e-10, 4.53355220031e-09, 0.000203138566576, 1.5198560277e-06, 6.94685411418e-07, 7.63104890211e-06, 6.75646560921e-07, 3.25010375946e-07, 4.39598224489e-08, 1.32709994105e-08, 5.56805002105e-09, 2.37494302002e-10, 2.16911016926e-10, 4.35860014747e-09, 1.00624566457e-08, 3.18256110354e-09, 2.5430524353e-09, 1.51678072879e-10, 7.35093236282e-12, 2.96355735091e-12, 1.18976795646e-13, 1.28916408798e-13, 9.63049965838e-14, 5.6177566261e-14, 1.13784077104e-13]
    },
    "erbbands": {
        "dmean": [0.000158546696184, 0.000876720354427, 0.0021160223987, 0.0305618513376, 0.496608793736, 6.63546991348, 4.43150234222, 1.73862838745, 1.85344851017, 6.14617061615, 10.7688169479, 3.99183869362, 2.55552601814, 3.49801230431, 1.24508047104, 0.61401027441, 0.601656615734, 0.149810597301, 0.0985627993941, 0.393102824688, 0.54548740387, 1.02134346962, 0.597046256065, 0.640314042568, 0.255179017782, 0.090004041791, 0.0435989387333, 0.0201052650809, 0.0181084368378, 0.00358813302591, 0.00226323562674, 0.00166077888571, 0.001349013648, 0.000896735873539, 0.000568572198972, 0.00022368793725, 9.28596782614e-05, 2.90551579383e-05, 1.58607672347e-05, 3.40301971846e-06],
        "dmean2": [0.000248132186243, 0.00126110832207, 0.00316956383176, 0.0476374290884, 0.56646078825, 6.41922807693, 6.36001873016, 2.27633905411, 2.62454128265, 9.65979290009, 16.746837616, 6.38866519928, 4.24056863785, 5.78541278839, 2.09684801102, 0.980430364609, 1.02038991451, 0.174890160561, 0.158677443862, 0.602011680603, 0.890058040619, 1.73997139931, 0.835089087486, 1.03369677067, 0.422814786434, 0.155162006617, 0.0693269744515, 0.0334279462695, 0.0330951362848, 0.00634822947904, 0.00413157651201, 0.00303038861603, 0.00255647534505, 0.00156738073565, 0.000928770401515, 0.000383626960684, 0.000166586905834, 5.10219688294e-05, 2.14903939195e-05, 4.39767381977e-06],
        "dvar": [1.81004750743e-07, 5.0761973398e-06, 2.99806706607e-05, 0.0122555540875, 3.25762343407, 862.563232422, 298.858184814, 52.6903495789, 107.382759094, 1007.6036377, 2528.95361328, 443.740234375, 190.960418701, 324.683929443, 43.1598777771, 11.0724468231, 12.4029836655, 0.353771537542, 0.227101534605, 5.62550067902, 10.1379852295, 39.3913917542, 12.3604841232, 15.7044038773, 2.13081645966, 0.257065504789, 0.042073532939, 0.00577821442857, 0.0105254659429, 0.000281540851574, 0.000115966526209, 6.89796142979e-05, 4.91889986733e-05, 1.24366606542e-05, 3.2997895687e-06, 5.45741499991e-07, 1.11966031113e-07, 1.29163444385e-08, 1.84320059216e-09, 1.12199409485e-10],
        "dvar2": [3.77260050755e-07, 1.05552408058e-05, 5.03754599777e-05, 0.0316314138472, 5.37485742569, 915.660888672, 682.001037598, 82.3438415527, 174.847061157, 2594.65991211, 6574.39404297, 999.764526367, 391.122680664, 841.904724121, 108.370071411, 19.1606006622, 32.3606033325, 0.558153748512, 0.48503190279, 13.4652881622, 20.8452529907, 104.514381409, 28.7772693634, 40.3891563416, 5.52655124664, 0.497105777264, 0.111144945025, 0.0156810060143, 0.0305671747774, 0.000763133866712, 0.000308811635477, 0.000184819378774, 0.000138289411552, 3.23814056173e-05, 7.92218452261e-06, 1.17758622764e-06, 2.40173079646e-07, 2.72673101875e-08, 2.8796975915e-09, 2.36123037789e-10],
        "max": [0.00282472698018, 0.0220696218312, 0.0760914906859, 1.11672019958, 16.8545455933, 315.970916748, 127.009284973, 57.534778595, 98.3968276978, 289.78012085, 399.003173828, 194.743881226, 106.145004272, 123.791809082, 51.6878700256, 32.7550086975, 35.2790794373, 7.63172960281, 4.9598031044, 22.9166641235, 31.0316123962, 58.2209701538, 34.0810394287, 36.5756645203, 13.6443147659, 4.52351617813, 1.93874132633, 0.709905564785, 0.861880064011, 0.135943472385, 0.0818243175745, 0.0634133219719, 0.0522351302207, 0.0245152357966, 0.0136508485302, 0.00723674241453, 0.00349617144093, 0.00128126842901, 0.000472836341942, 0.000103025056887],
        "mean": [0.000215491134441, 0.00132040854078, 0.00516180740669, 0.0631206035614, 1.60566568375, 31.1083889008, 12.6949996948, 5.46761369705, 2.89309072495, 6.83183193207, 12.2742938995, 4.02585840225, 3.29536247253, 2.80554580688, 1.29521465302, 0.987488687038, 0.702187955379, 0.225934714079, 0.145625680685, 0.36467435956, 0.580867350101, 0.961606860161, 0.625970780849, 0.580446124077, 0.268267840147, 0.133835017681, 0.0585566461086, 0.0324712842703, 0.0194773022085, 0.00467265443876, 0.00282069039531, 0.0019783009775, 0.00149567762855, 0.00123025721405, 0.000845168076921, 0.000378429453121, 0.000175902823685, 7.27827791707e-05, 3.73676266463e-05, 1.17266636153e-05],
        "median": [1.28978290377e-05, 0.000195982473087, 0.000739936600439, 0.000573897094, 0.00114744156599, 0.00154299801216, 0.00209334492683, 0.00155893585179, 0.00315911066718, 0.00658950582147, 0.00902757700533, 0.0106112770736, 0.011840117164, 0.0146728958935, 0.0118961259723, 0.0118567422032, 0.0102656185627, 0.00637356378138, 0.00612488249317, 0.00978702772409, 0.0178112722933, 0.0418844409287, 0.042791236192, 0.0473436936736, 0.0398205071688, 0.0286235455424, 0.0214067380875, 0.0170438624918, 0.00821214634925, 0.00163504376542, 0.000764138007071, 0.000460662675323, 0.000389748020098, 0.000346067186911, 0.000234474675381, 0.000133185501909, 7.76710585342e-05, 3.96262512368e-05, 1.72860218299e-05, 2.56481121141e-06],
        "min": [3.4505941926e-07, 9.88550527836e-06, 3.7983423681e-05, 6.68990833219e-05, 0.00012971261458, 0.000147321392433, 0.000266699847998, 0.000273480836768, 0.000518038286828, 0.000811308098491, 0.000438567920355, 0.000953078910243, 0.00243290769868, 0.00249220780097, 0.00268886121921, 0.00265849637799, 0.00254347594455, 0.0013076509349, 0.00170067511499, 0.00247828592546, 0.0073622725904, 0.0148708624765, 0.0178572162986, 0.0199051704258, 0.0143002523109, 0.0130653204396, 0.0112603921443, 0.00405150745064, 0.00352004054002, 0.000748121994548, 0.000291554315481, 0.000202883791644, 0.000134613452246, 0.000110995242721, 7.59225804359e-05, 2.20566435019e-05, 9.25783115235e-06, 7.65582444728e-06, 4.28495741289e-06, 1.67053212863e-06],
        "var": [3.05660933009e-07, 9.5863460956e-06, 0.000130672691739, 0.0249926783144, 15.6195421219, 6614.01855469, 989.867126465, 176.688659668, 177.428939819, 898.743652344, 2282.45043945, 511.893737793, 287.135437012, 247.74029541, 45.1835365295, 23.8548679352, 14.6834201813, 0.928236722946, 0.403403252363, 5.35843896866, 12.1653366089, 33.6530342102, 13.0131845474, 12.7322683334, 1.82083916664, 0.304295301437, 0.0347575992346, 0.00463207578287, 0.00613139709458, 0.00023203411547, 0.000104558195744, 6.09971502854e-05, 3.68538348994e-05, 1.28333058456e-05, 4.60095679955e-06, 9.31714794206e-07, 1.94947318732e-07, 2.45805669152e-08, 4.6394701414e-09, 4.31415153601e-10]
    },
    "gfcc": {
        "mean": [-300.916259766, 56.8813743591, -112.773376465, 13.5266876221, -41.546333313, -30.7100315094, -13.0555009842, 4.12036657333, -25.015417099, -4.70657491684, -15.328250885, 0.313529729843, -6.72969293594],
        "cov": [[7729.90185547, 4573.90039062, 243.74420166, -1078.03100586, -1296.85998535, -1601.57104492, -1296.25622559, -899.586730957, -393.272796631, -461.335021973, 91.21900177, -243.641891479, 246.822616577], [4573.90039062, 3264.3684082, 186.616500854, -658.132263184, -803.590270996, -1187.52734375, -796.427856445, -660.561279297, -254.744125366, -317.327178955, 85.7518081665, -159.49395752, 167.642959595], [243.74420166, 186.616500854, 505.68536377, 91.9738998413, -61.4253768921, -96.9776992798, -115.809860229, -49.5272216797, -39.0649604797, 16.6553840637, 25.2484970093, 11.4403524399, 52.6968765259], [-1078.03100586, -658.132263184, 91.9738998413, 256.546722412, 219.519226074, 241.446685791, 187.201873779, 146.72744751, 60.1305541992, 76.2064361572, -1.48408806324, 48.2610931396, -21.734292984], [-1296.85998535, -803.590270996, -61.4253768921, 219.519226074, 339.948394775, 356.115112305, 292.77923584, 227.343902588, 93.3759994507, 102.880516052, -4.13992023468, 45.2139205933, -37.9817771912], [-1601.57104492, -1187.52734375, -96.9776992798, 241.446685791, 356.115112305, 579.457641602, 333.963439941, 293.149993896, 119.561408997, 138.866958618, -22.6941051483, 57.7734146118, -67.3893585205], [-1296.25622559, -796.427856445, -115.809860229, 187.201873779, 292.77923584, 333.963439941, 315.324859619, 228.849334717, 95.7919158936, 90.86378479, -4.14568805695, 47.1010513306, -34.0273628235], [-899.586730957, -660.561279297, -49.5272216797, 146.72744751, 227.343902588, 293.149993896, 228.849334717, 220.469802856, 83.7992248535, 86.3603515625, -3.52508187294, 43.3117866516, -18.6285514832], [-393.272796631, -254.744125366, -39.0649604797, 60.1305541992, 93.3759994507, 119.561408997, 95.7919158936, 83.7992248535, 60.7572822571, 44.8521842957, 1.3069986105, 16.9897670746, -12.3779592514], [-461.335021973, -317.327178955, 16.6553840637, 76.2064361572, 102.880516052, 138.866958618, 90.86378479, 86.3603515625, 44.8521842957, 62.3323097229, 6.18833065033, 22.1778888702, -8.83322525024], [91.21900177, 85.7518081665, 25.2484970093, -1.48408806324, -4.13992023468, -22.6941051483, -4.14568805695, -3.52508187294, 1.3069986105, 6.18833065033, 27.9159679413, 9.80988121033, 13.9848833084], [-243.641891479, -159.49395752, 11.4403524399, 48.2610931396, 45.2139205933, 57.7734146118, 47.1010513306, 43.3117866516, 16.9897670746, 22.1778888702, 9.80988121033, 32.9166603088, 8.24669075012], [246.822616577, 167.642959595, 52.6968765259, -21.734292984, -37.9817771912, -67.3893585205, -34.0273628235, -18.6285514832, -12.3779592514, -8.83322525024, 13.9848833084, 8.24669075012, 38.13829422]],
        "icov": [[0.00197996804491, -0.00212985510007, 0.000579410756472, 0.000588946451899, 0.00120660325047, -0.00142169336323, 0.00541224563494, -0.00536813680083, 0.000919754325878, 0.00183995813131, -0.0015195509186, 0.00275026052259, -0.0023332212586], [-0.00212985510007, 0.00558968354017, -0.00124115578365, 0.00232875719666, -0.00394181162119, 0.00338998879306, -0.00264171208255, 0.00727435620502, -0.00605452107266, 0.00607944140211, -0.00707073556259, 0.00397423934191, -0.00330732902512], [0.000579410756472, -0.00124115578365, 0.00566342938691, -0.00660371454433, 0.00231424230151, -0.000402711651986, 0.00522147584707, -0.00357284932397, 0.00582388835028, -0.00771015835926, -0.000301738211419, 0.00456526502967, -0.00614821491763], [0.000588946451899, 0.00232875719666, -0.00660371454433, 0.0206199157983, -0.0101042110473, 0.00122437928803, -9.801419219e-05, 0.00352595862933, -0.00803408026695, 0.0117298075929, -0.00305549008772, -0.00883664563298, 0.00370342237875], [0.00120660325047, -0.00394181162119, 0.00231424230151, -0.0101042110473, 0.0256815329194, -0.00451389141381, -0.0110714985058, -0.00763673894107, 0.00882628094405, -0.0132242105901, 0.00255726301111, 0.00540776643902, 0.00224879663438], [-0.00142169336323, 0.00338998879306, -0.000402711651986, 0.00122437928803, -0.00451389141381, 0.0115902498364, -0.00209784856997, -0.00147142901551, -0.000509855628479, -0.00538464682177, 0.00146572419908, -0.00344207976013, 0.00774190435186], [0.00541224563494, -0.00264171208255, 0.00522147584707, -9.801419219e-05, -0.0110714985058, -0.00209784856997, 0.0451746098697, -0.0257723480463, -0.00595265580341, 0.0177119169384, -0.016132870689, 0.0127979926765, -0.0123827140778], [-0.00536813680083, 0.00727435620502, -0.00357284932397, 0.00352595862933, -0.00763673894107, -0.00147142901551, -0.0257723480463, 0.0467762090266, -0.014113063924, -0.0056942361407, 0.00711164297536, -0.00921856705099, -0.00715382397175], [0.000919754325878, -0.00605452107266, 0.00582388835028, -0.00803408026695, 0.00882628094405, -0.000509855628479, -0.00595265580341, -0.014113063924, 0.0584879778326, -0.0406629182398, 0.0111707085744, -0.00564274378121, 0.0104088485241], [0.00183995813131, 0.00607944140211, -0.00771015835926, 0.0117298075929, -0.0132242105901, -0.00538464682177, 0.0177119169384, -0.0056942361407, -0.0406629182398, 0.0913539156318, -0.0383190438151, 0.0120738819242, -0.0115544581786], [-0.0015195509186, -0.00707073556259, -0.000301738211419, -0.00305549008772, 0.00255726301111, 0.00146572419908, -0.016132870689, 0.00711164297536, 0.0111707085744, -0.0383190438151, 0.0806927382946, -0.0391388423741, 0.00743115879595], [0.00275026052259, 0.00397423934191, 0.00456526502967, -0.00883664563298, 0.00540776643902, -0.00344207976013, 0.0127979926765, -0.00921856705099, -0.00564274378121, 0.0120738819242, -0.0391388423741, 0.0914723277092, -0.0448554158211], [-0.0023332212586, -0.00330732902512, -0.00614821491763, 0.00370342237875, 0.00224879663438, 0.00774190435186, -0.0123827140778, -0.00715382397175, 0.0104088485241, -0.0115544581786, 0.00743115879595, -0.0448554158211, 0.0755174309015]]
    },
    "melbands": {
        "dmean": [1.29494844714e-06, 1.02025137494e-06, 6.32598994343e-06, 0.000228621400311, 0.000221827227506, 3.59149817086e-05, 2.55368140643e-05, 9.35334392125e-05, 7.71353152231e-05, 2.11220485653e-05, 1.25388496599e-05, 1.43602792377e-05, 4.43578301201e-06, 2.29247461903e-06, 1.46027741721e-06, 1.01386297047e-06, 2.40340966684e-07, 1.5485483118e-07, 2.81997927232e-07, 7.3196588346e-07, 7.20628406725e-07, 1.09071447696e-06, 8.4468086925e-07, 3.90427175034e-07, 5.57177031624e-07, 2.90053463914e-07, 1.01510913453e-07, 4.72928469719e-08, 2.98439672974e-08, 1.68873750539e-08, 1.11397762126e-08, 1.17522578336e-08, 4.88116658204e-09, 1.19704746115e-09, 1.28284838308e-09, 1.28408783606e-09, 9.31106192148e-10, 1.01355979165e-09, 8.14383338543e-10, 7.70834118757e-10],
        "dmean2": [1.97133408619e-06, 1.52151494603e-06, 1.05927983896e-05, 0.000214784537093, 0.000272270321148, 4.75909400848e-05, 3.64428233297e-05, 0.000144070596434, 0.000118906595162, 3.51995913661e-05, 2.00599970412e-05, 2.34318631556e-05, 7.67174879002e-06, 3.4619051803e-06, 1.60728450282e-06, 1.80524057214e-06, 3.58774940423e-07, 2.71533536988e-07, 4.61680883745e-07, 1.16399087347e-06, 1.04743719476e-06, 1.86896215837e-06, 1.23357608572e-06, 5.52077040084e-07, 9.03073782865e-07, 5.13101213073e-07, 1.62932181524e-07, 8.22588717142e-08, 4.77041517399e-08, 2.75555027685e-08, 1.95130045455e-08, 2.16495976701e-08, 8.94961349474e-09, 2.08373673871e-09, 2.34615571415e-09, 2.32528751809e-09, 1.7224806026e-09, 1.92586901981e-09, 1.51964862916e-09, 1.30001287513e-09],
        "dvar": [1.10682166557e-11, 7.55696286797e-12, 8.1143891606e-10, 9.8894417988e-07, 7.46661100948e-07, 2.49951011e-08, 1.9578184407e-08, 2.15075630194e-07, 1.30483172711e-07, 1.34541471297e-08, 4.33496927243e-09, 5.52812329246e-09, 5.76669323404e-10, 1.47977768927e-10, 5.94697346923e-11, 3.5333680426e-11, 1.02244005363e-12, 5.76448068966e-13, 2.98438053783e-12, 1.92891848327e-11, 1.60557608875e-11, 4.16490106292e-11, 2.58289778454e-11, 5.02811290867e-12, 1.19355454339e-11, 2.85949042222e-12, 3.13628653213e-13, 6.5314202343e-14, 1.91028223513e-14, 4.74270137255e-15, 1.59684472337e-15, 4.24218113369e-15, 6.99362546719e-16, 2.50621001789e-17, 3.38720468499e-17, 4.18231219647e-17, 2.13584800499e-17, 2.95750652521e-17, 1.38347777247e-17, 7.62512294008e-18],
        "dvar2": [1.96366967825e-11, 1.25595939898e-11, 1.73897174438e-09, 1.0738713172e-06, 1.21080711324e-06, 3.88888530267e-08, 3.09600345361e-08, 5.53543372916e-07, 3.35112559924e-07, 2.89228676564e-08, 8.77278871769e-09, 1.41607303661e-08, 1.52556312027e-09, 3.25419163838e-10, 7.68913821503e-11, 1.02572686456e-10, 1.99336207263e-12, 1.32362296037e-12, 8.08590087248e-12, 4.24354405781e-11, 3.77216487213e-11, 1.11611303533e-10, 6.25103510621e-11, 1.17927646814e-11, 3.06290513785e-11, 7.94735371262e-12, 6.28386340358e-13, 1.23617790808e-13, 5.07950140825e-14, 1.27279964861e-14, 4.44978933258e-15, 1.23421526498e-14, 2.01523834173e-15, 5.98297751826e-17, 8.92966021972e-17, 1.124157246e-16, 5.73230274973e-17, 8.40990359792e-17, 3.76085705693e-17, 1.91397037143e-17],
        "max": [2.4893481168e-05, 3.37235760526e-05, 0.000278662453638, 0.010678739287, 0.00813865754753, 0.00132712430786, 0.00134500511922, 0.00415281997994, 0.00279137073085, 0.00107164424844, 0.000510291662067, 0.000534703198355, 0.000201614704565, 0.00010422347259, 8.62521046656e-05, 5.52654601051e-05, 1.04879818537e-05, 7.05782940713e-06, 1.65492201631e-05, 4.12482731917e-05, 4.02999394282e-05, 5.92025717197e-05, 4.87990291731e-05, 2.17029792111e-05, 3.17973208439e-05, 1.50353889694e-05, 5.22194795849e-06, 2.25416965804e-06, 1.30161811285e-06, 6.56029044421e-07, 3.57971032372e-07, 5.4662450566e-07, 2.20424212216e-07, 3.91910610631e-08, 4.26539941145e-08, 5.19290175305e-08, 3.41799797354e-08, 4.08873610525e-08, 2.67429651757e-08, 1.84768467193e-08],
        "mean": [1.82388475878e-06, 1.92257948584e-06, 1.08393460323e-05, 0.00104860716965, 0.000816822517663, 0.000104412538349, 3.87549698644e-05, 0.000105357226857, 8.75685582287e-05, 2.18756649701e-05, 1.58443453984e-05, 1.17131421575e-05, 4.59716602563e-06, 2.80383346762e-06, 2.37128460867e-06, 9.91173124021e-07, 3.63816667459e-07, 2.28405497182e-07, 2.65718085757e-07, 6.98041390024e-07, 6.76898480378e-07, 1.01335604086e-06, 8.08193703961e-07, 4.23717466447e-07, 4.94740845625e-07, 2.59325759089e-07, 1.35493905873e-07, 7.37092591407e-08, 3.8769496058e-08, 2.49173766065e-08, 1.72604028847e-08, 1.25977841492e-08, 4.85360818203e-09, 1.78774528514e-09, 1.60752233747e-09, 1.47642620352e-09, 1.09706344009e-09, 1.07245634595e-09, 9.33934041214e-10, 1.10468278969e-09],
        "median": [1.66514212196e-07, 3.03748038277e-07, 1.17876211903e-07, 9.63905861795e-08, 7.23365616295e-08, 3.71022323975e-08, 5.04502537524e-08, 7.89871066331e-08, 7.70439072539e-08, 6.52282281521e-08, 6.24063360988e-08, 5.98130540652e-08, 4.30093116677e-08, 3.03847649263e-08, 3.11727212932e-08, 1.7279290887e-08, 1.13889866427e-08, 1.08865316761e-08, 9.25775633931e-09, 1.81418418066e-08, 2.0838919923e-08, 4.30906155202e-08, 4.09089295772e-08, 3.71848933867e-08, 3.90564522945e-08, 3.2404070538e-08, 2.39970674443e-08, 1.86463378071e-08, 1.33658808465e-08, 1.20433529816e-08, 9.48806544443e-09, 5.36454569655e-09, 1.68996361349e-09, 6.28110674583e-10, 4.64545568679e-10, 3.78092723796e-10, 2.50255705048e-10, 2.63837007797e-10, 2.41570485837e-10, 2.86197593402e-10],
        "min": [8.3816331653e-09, 2.09436965548e-08, 1.35086875019e-08, 7.6000841176e-09, 1.01853938617e-08, 4.61289006992e-09, 6.84601175749e-09, 1.19313323665e-08, 2.50303444638e-09, 4.91712670581e-09, 1.13417373271e-08, 8.39287217502e-09, 7.07095981767e-09, 4.33402691513e-09, 2.64865440691e-09, 3.10986458807e-09, 1.93579308139e-09, 2.10523087851e-09, 1.62449964591e-09, 3.35367356108e-09, 8.06015076904e-09, 1.19696723644e-08, 1.12196438806e-08, 1.18029817031e-08, 1.46668330814e-08, 6.79449252416e-09, 8.11570455284e-09, 7.62844276636e-09, 5.59138646494e-09, 3.64762176019e-09, 1.94448146473e-09, 2.01537364575e-09, 5.26444499105e-10, 2.14274917254e-10, 1.60761473578e-10, 1.17699905378e-10, 9.73796737691e-11, 8.60644541745e-11, 8.82114450929e-11, 8.67357435874e-11],
        "var": [2.0984221305e-11, 2.14254464864e-11, 1.38422651119e-09, 7.4385861808e-06, 4.27945769843e-06, 7.03981513084e-08, 3.31898810657e-08, 1.91024710716e-07, 1.20621919564e-07, 1.64101425781e-08, 6.57355414546e-09, 4.26895585548e-09, 5.70309910408e-10, 2.01904590269e-10, 1.48564091584e-10, 3.10208629617e-11, 2.3457648584e-12, 9.63275900018e-13, 2.54325987353e-12, 1.98481630437e-11, 1.70770481089e-11, 3.55298464261e-11, 2.49889432063e-11, 5.28733090296e-12, 9.58757205571e-12, 2.04031518243e-12, 3.68106695299e-13, 7.96493066272e-14, 1.57235454447e-14, 3.95114823631e-15, 1.16534369367e-15, 2.45531134486e-15, 4.26153843057e-16, 3.24896030532e-17, 3.24711701604e-17, 3.44818443974e-17, 1.9294927465e-17, 2.09332943258e-17, 1.19562546895e-17, 9.00971823356e-18]
    },
    "mfcc": {
        "mean": [-946.337646484, 99.8584060669, -13.7712240219, 33.6298522949, -10.3531074524, -18.7178916931, 6.22311973572, 0.813640654087, 2.25809979439, -8.82651042938, -1.77853024006, 2.53972601891, -4.58379507065],
        "cov": [[7080.35058594, 4334.80810547, 170.407485962, -3.97794389725, -695.745239258, -1056.42126465, -1064.26867676, -1027.38623047, -894.549133301, -631.573303223, -517.505249023, -472.007781982, -345.330291748], [4334.80810547, 3034.7578125, 290.942871094, 99.247543335, -444.953277588, -733.703491211, -715.41027832, -742.431030273, -635.349182129, -448.170227051, -351.1875, -316.268707275, -249.444351196], [170.407485962, 290.942871094, 347.370239258, 143.246963501, 0.0617245994508, -47.8904457092, -89.5079574585, -113.243766785, -97.3472671509, -61.7218589783, -32.507938385, -47.749168396, -39.9844703674], [-3.97794389725, 99.247543335, 143.246963501, 158.681854248, 17.1783561707, -43.0574531555, -17.4131526947, -41.6277198792, -30.5537414551, -32.5999717712, -13.9962472916, -6.62566041946, -13.6212129593], [-695.745239258, -444.953277588, 0.0617245994508, 17.1783561707, 137.730758667, 147.910797119, 140.496810913, 133.454620361, 111.240486145, 89.7602233887, 71.5710601807, 59.1644020081, 47.4094161987], [-1056.42126465, -733.703491211, -47.8904457092, -43.0574531555, 147.910797119, 244.979003906, 201.031219482, 197.545928955, 168.696289062, 133.357833862, 101.459281921, 77.9724121094, 66.7671813965], [-1064.26867676, -715.41027832, -89.5079574585, -17.4131526947, 140.496810913, 201.031219482, 250.78817749, 231.937957764, 188.635253906, 137.99382019, 105.405082703, 95.1228561401, 74.8453826904], [-1027.38623047, -742.431030273, -113.243766785, -41.6277198792, 133.454620361, 197.545928955, 231.937957764, 250.012054443, 202.271697998, 142.425292969, 106.622795105, 95.2688674927, 78.7027511597], [-894.549133301, -635.349182129, -97.3472671509, -30.5537414551, 111.240486145, 168.696289062, 188.635253906, 202.271697998, 191.817459106, 131.716583252, 92.7671661377, 84.1165390015, 71.6756057739], [-631.573303223, -448.170227051, -61.7218589783, -32.5999717712, 89.7602233887, 133.357833862, 137.99382019, 142.425292969, 131.716583252, 114.948120117, 77.6081771851, 58.4537963867, 52.1658401489], [-517.505249023, -351.1875, -32.507938385, -13.9962472916, 71.5710601807, 101.459281921, 105.405082703, 106.622795105, 92.7671661377, 77.6081771851, 70.1396636963, 50.3431587219, 39.8431587219], [-472.007781982, -316.268707275, -47.749168396, -6.62566041946, 59.1644020081, 77.9724121094, 95.1228561401, 95.2688674927, 84.1165390015, 58.4537963867, 50.3431587219, 62.0598869324, 41.1484298706], [-345.330291748, -249.444351196, -39.9844703674, -13.6212129593, 47.4094161987, 66.7671813965, 74.8453826904, 78.7027511597, 71.6756057739, 52.1658401489, 39.8431587219, 41.1484298706, 46.7103652954]],
