{
"lowlevel": {
    "average_loudness": 0.915923655033,
    "barkbands_crest": {
        "dmean": 2.88872265816,
        "dmean2": 4.57739257812,
        "dvar": 10.1810216904,
        "dvar2": 21.8858757019,
        "max": 26.3236408234,
        "mean": 10.6891546249,
        "median": 8.43237876892,
        "min": 3.31823682785,
        "var": 38.0580863953
    },
    "barkbands_flatness_db": {
        "dmean": 0.045451246202,
        "dmean2": 0.0658723860979,
        "dvar": 0.00252949888818,
        "dvar2": 0.00543050142005,
        "max": 0.547115981579,
        "mean": 0.237276613712,
        "median": 0.211612209678,
        "min": 0.0755881741643,
        "var": 0.0166900102049
    },
    "barkbands_kurtosis": {
        "dmean": 3.23722743988,
        "dmean2": 4.99565696716,
        "dvar": 36.9953155518,
        "dvar2": 78.2217025757,
        "max": 64.4358139038,
        "mean": 4.6676864624,
        "median": 0.90071439743,
        "min": -1.6313585043,
        "var": 89.1414031982
    },
    "barkbands_skewness": {
        "dmean": 0.668833255768,
        "dmean2": 1.01781117916,
        "dvar": 0.705189168453,
        "dvar2": 1.76322972775,
        "max": 6.27325248718,
        "mean": 0.549390494823,
        "median": 0.574004650116,
        "min": -5.42113924026,
        "var": 1.53997778893
    },
    "barkbands_spread": {
        "dmean": 3.16791415215,
        "dmean2": 5.0939655304,
        "dvar": 12.6400842667,
        "dvar2": 25.7622184753,
        "max": 29.0419063568,
        "mean": 10.5385856628,
        "median": 8.50254917145,
        "min": 0.31030780077,
        "var": 69.4866714478
    },
    "dissonance": {
        "dmean": 0.0366903245449,
        "dmean2": 0.0621367953718,
        "dvar": 0.00236023776233,
        "dvar2": 0.00596914393827,
        "max": 0.5,
        "mean": 0.461126834154,
        "median": 0.482327699661,
        "min": 0.136636063457,
        "var": 0.00318366708234
    },
    "dynamic_complexity": 13.477016449,
    "erbbands_crest": {
        "dmean": 3.90796995163,
        "dmean2": 6.20678186417,
        "dvar": 19.0540046692,
        "dvar2": 41.5880012512,
        "max": 31.8227653503,
        "mean": 14.2454748154,
        "median": 10.9770860672,
        "min": 3.51108121872,
        "var": 76.9988021851
    },
    "erbbands_flatness_db": {
        "dmean": 0.0433400757611,
        "dmean2": 0.0623871907592,
        "dvar": 0.00224848859943,
        "dvar2": 0.00462303357199,
        "max": 0.586853086948,
        "mean": 0.322337478399,
        "median": 0.313860237598,
        "min": 0.147039696574,
        "var": 0.0166457016021
    },
    "erbbands_kurtosis": {
        "dmean": 3.01847267151,
        "dmean2": 4.38266611099,
        "dvar": 26.7046813965,
        "dvar2": 46.7758178711,
        "max": 57.2555809021,
        "mean": 4.17263412476,
        "median": 0.69570183754,
        "min": -1.45544910431,
        "var": 79.8109359741
    },
    "erbbands_skewness": {
        "dmean": 0.664629817009,
        "dmean2": 1.03142535686,
        "dvar": 0.550023078918,
        "dvar2": 1.25986146927,
        "max": 4.53982257843,
        "mean": 0.522446751595,
        "median": 0.262959718704,
        "min": -3.79094862938,
        "var": 1.61958956718
    },
    "erbbands_spread": {
        "dmean": 4.33694171906,
        "dmean2": 6.8175983429,
        "dvar": 21.8007392883,
        "dvar2": 40.6025428772,
        "max": 41.3046989441,
        "mean": 15.1121940613,
        "median": 11.0317773819,
        "min": 0.334986656904,
        "var": 146.07723999
    },
    "hfc": {
        "dmean": 8.39116668701,
        "dmean2": 13.4605093002,
        "dvar": 400.968536377,
        "dvar2": 1062.2298584,
        "max": 165.068862915,
        "mean": 14.9124774933,
        "median": 0.588676810265,
        "min": 0.00633776653558,
        "var": 756.468322754
    },
    "melbands_crest": {
        "dmean": 3.75506186485,
        "dmean2": 5.98321533203,
        "dvar": 17.5649242401,
        "dvar2": 38.6075134277,
        "max": 35.6502342224,
        "mean": 13.0249414444,
        "median": 9.8037853241,
        "min": 4.09191846848,
        "var": 63.5043830872
    },
    "melbands_flatness_db": {
        "dmean": 0.0467157550156,
        "dmean2": 0.066970191896,
        "dvar": 0.0029775435105,
        "dvar2": 0.00673419237137,
        "max": 0.575966179371,
        "mean": 0.28663405776,
        "median": 0.256303846836,
        "min": 0.121626622975,
        "var": 0.0156069993973
    },
    "melbands_kurtosis": {
        "dmean": 4.34877729416,
        "dmean2": 6.95730781555,
        "dvar": 154.40057373,
        "dvar2": 286.435821533,
        "max": 159.745895386,
        "mean": 6.93431472778,
        "median": 2.0721077919,
        "min": -1.48061347008,
        "var": 277.577148438
    },
    "melbands_skewness": {
        "dmean": 0.697782754898,
        "dmean2": 1.06621384621,
        "dvar": 0.668946802616,
        "dvar2": 1.49137091637,
        "max": 5.23493480682,
        "mean": 0.641684889793,
        "median": 0.763544380665,
        "min": -4.93573093414,
        "var": 1.81814217567
    },
    "melbands_spread": {
        "dmean": 5.34132099152,
        "dmean2": 8.78955364227,
        "dvar": 37.3676338196,
        "dvar2": 82.6762542725,
        "max": 50.3175468445,
        "mean": 17.3494472504,
        "median": 15.9854736328,
        "min": 0.426579028368,
        "var": 157.628204346
    },
    "pitch_salience": {
        "dmean": 0.0998376905918,
        "dmean2": 0.161691844463,
        "dvar": 0.0141915213317,
        "dvar2": 0.0368999280035,
        "max": 0.963042974472,
        "mean": 0.635766744614,
        "median": 0.709426641464,
        "min": 0.0541994534433,
        "var": 0.0379336364567
    },
    "silence_rate_20dB": {
        "dmean": 0,
        "dmean2": 0,
        "dvar": 0,
        "dvar2": 0,
        "max": 1,
        "mean": 1,
        "median": 1,
        "min": 1,
        "var": 0
    },
    "silence_rate_30dB": {
        "dmean": 0,
        "dmean2": 0,
        "dvar": 0,
        "dvar2": 0,
        "max": 1,
        "mean": 1,
        "median": 1,
        "min": 1,
        "var": 0
    },
    "silence_rate_60dB": {
        "dmean": 0.107407405972,
        "dmean2": 0.215613380075,
        "dvar": 0.0958709269762,
        "dvar2": 0.221169143915,
        "max": 1,
        "mean": 0.616236150265,
        "median": 1,
        "min": 0,
        "var": 0.236488714814
    },
    "spectral_centroid": {
        "dmean": 185.492248535,
        "dmean2": 295.705505371,
        "dvar": 49907.8359375,
        "dvar2": 109693.765625,
        "max": 2436.94946289,
        "mean": 1346.95922852,
        "median": 1216.9029541,
        "min": 425.706970215,
        "var": 176305.5
    },
    "spectral_complexity": {
        "dmean": 3.24074077606,
        "dmean2": 5.07434940338,
        "dvar": 24.0568847656,
        "dvar2": 56.8346290588,
        "max": 39,
        "mean": 5.44649457932,
        "median": 3,
        "min": 0,
        "var": 54.1732749939
    },
    "spectral_decrease": {
        "dmean": 1.52161283573e-09,
        "dmean2": 2.31114372085e-09,
        "dvar": 9.21035916294e-18,
        "dvar2": 2.29727693374e-17,
        "max": -1.4112457947e-12,
        "mean": -3.05024072667e-09,
        "median": -1.55383761413e-10,
        "min": -2.47165381495e-08,
        "var": 2.68318067773e-17
    },
    "spectral_energy": {
        "dmean": 0.00649026222527,
        "dmean2": 0.00989328231663,
        "dvar": 0.000173771142727,
        "dvar2": 0.0004375577264,
        "max": 0.108099132776,
        "mean": 0.0128649035469,
        "median": 0.000625909015071,
        "min": 5.94618859395e-06,
        "var": 0.000483106763568
    },
    "spectral_energyband_high": {
        "dmean": 9.89377076621e-05,
        "dmean2": 0.000183883297723,
        "dvar": 4.54244229786e-07,
        "dvar2": 1.26539384837e-06,
        "max": 0.0081623326987,
        "mean": 5.87361719226e-05,
        "median": 5.12883389092e-07,
        "min": 1.56111497063e-08,
        "var": 2.83654912892e-07
    },
    "spectral_energyband_low": {
        "dmean": 5.84992403674e-06,
        "dmean2": 1.07821160782e-05,
        "dvar": 1.84638498935e-10,
        "dvar2": 5.36427124942e-10,
        "max": 9.28313602344e-05,
        "mean": 5.99346185481e-06,
        "median": 1.54419535647e-06,
        "min": 7.81446232168e-08,
        "var": 1.68951130863e-10
    },
    "spectral_energyband_middle_high": {
        "dmean": 0.00560551462695,
        "dmean2": 0.00843649636954,
        "dvar": 0.000147019978613,
        "dvar2": 0.000359291530913,
        "max": 0.102242939174,
        "mean": 0.0117163434625,
        "median": 0.000259172578808,
        "min": 2.61377954303e-06,
        "var": 0.000436909991549
    },
    "spectral_energyband_middle_low": {
        "dmean": 0.00147667247802,
        "dmean2": 0.0026701062452,
        "dvar": 8.89979037311e-06,
        "dvar2": 2.31760295719e-05,
        "max": 0.0192450564355,
        "mean": 0.00121150352061,
        "median": 0.000152876440552,
        "min": 2.62391449724e-06,
        "var": 7.26426287656e-06
    },
    "spectral_entropy": {
        "dmean": 0.324992328882,
        "dmean2": 0.453029602766,
        "dvar": 0.155212938786,
        "dvar2": 0.3379804492,
        "max": 7.79403924942,
        "mean": 6.85336732864,
        "median": 7.07018184662,
        "min": 4.37535858154,
        "var": 0.769695341587
    },
    "spectral_flux": {
        "dmean": 0.0272283721715,
        "dmean2": 0.0429842621088,
        "dvar": 0.00169739837293,
        "dvar2": 0.00356082804501,
        "max": 0.31302523613,
        "mean": 0.0506702139974,
        "median": 0.0236584544182,
        "min": 0.00110934395343,
        "var": 0.00422506360337
    },
    "spectral_kurtosis": {
        "dmean": 17.091501236,
        "dmean2": 30.1579589844,
        "dvar": 462.832763672,
        "dvar2": 1338.03613281,
        "max": 128.821533203,
        "mean": 29.4112014771,
        "median": 16.1261672974,
        "min": 3.36675739288,
        "var": 856.202941895
    },
    "spectral_rms": {
        "dmean": 0.000796146050561,
        "dmean2": 0.001186466543,
        "dvar": 1.42653959756e-06,
        "dvar2": 3.48442313225e-06,
        "max": 0.0102694965899,
        "mean": 0.00228124647401,
        "median": 0.000781436450779,
        "min": 7.61653427617e-05,
        "var": 7.34704326533e-06
    },
    "spectral_rolloff": {
        "dmean": 267.01159668,
        "dmean2": 458.681182861,
        "dvar": 136113.546875,
        "dvar2": 304977.71875,
        "max": 2799.31640625,
        "mean": 1601.08447266,
        "median": 1378.125,
        "min": 495.263671875,
        "var": 383155.9375
    },
    "spectral_skewness": {
        "dmean": 1.14118492603,
        "dmean2": 2.01997542381,
        "dvar": 1.65279281139,
        "dvar2": 4.86993503571,
        "max": 9.45054340363,
        "mean": 3.07509589195,
        "median": 2.32603764534,
        "min": 0.578161001205,
        "var": 3.39869093895
    },
    "spectral_spread": {
        "dmean": 463763.03125,
        "dmean2": 722238.875,
        "dvar": 621498531840,
        "dvar2": 1.26007600742e+12,
        "max": 11373713,
        "mean": 1939826.375,
        "median": 1877514.75,
        "min": 576726.75,
        "var": 1.04084904346e+12
    },
    "spectral_strongpeak": {
        "dmean": 0.808473169804,
        "dmean2": 1.34659385681,
        "dvar": 2.27439069748,
        "dvar2": 4.76145124435,
        "max": 15.5442323685,
        "mean": 1.56994366646,
        "median": 0.251384973526,
        "min": 0.00280737900175,
        "var": 6.55758047104
    },
    "zerocrossingrate": {
        "dmean": 0.00514503754675,
        "dmean2": 0.00596647011116,
        "dvar": 2.47682655754e-05,
        "dvar2": 3.13294949592e-05,
        "max": 0.111328125,
        "mean": 0.0569090880454,
        "median": 0.05419921875,
        "min": 0.01025390625,
        "var": 0.000220787056605
    },
    "barkbands": {
        "dmean": [7.47324406802e-07, 2.01789293897e-06, 1.35923187372e-06, 8.38588312035e-06, 9.63791680988e-05, 0.000148139326484, 0.000204396157642, 0.000343655323377, 0.00051796855405, 0.00118729681708, 0.00273343292065, 0.00111534679309, 0.00150895433035, 0.000561878026929, 0.000216276952415, 0.000334093405399, 0.000545206887182, 5.84343797527e-05, 3.58399302058e-05, 9.38923112699e-05, 1.7297848899e-05, 4.94286632602e-06, 2.14592637349e-06, 9.28664860567e-07, 2.6313239232e-07, 1.15306100668e-07, 3.2979869502e-08],
        "dmean2": [1.19213768812e-06, 3.60765875485e-06, 2.52493850894e-06, 1.55424058903e-05, 0.000172916916199, 0.000268872419838, 0.00037169281859, 0.000607880065218, 0.000948007684201, 0.00217329640873, 0.00437739631161, 0.00172346422914, 0.00260596419685, 0.000982673023827, 0.00038903564564, 0.000550204131287, 0.00102913775481, 0.000108608626761, 6.71579691698e-05, 0.000175037639565, 3.32308263751e-05, 9.60386751103e-06, 4.10378470406e-06, 1.78629250058e-06, 4.95471226714e-07, 2.0649649457e-07, 4.54153621376e-08],
        "dvar": [1.86557540249e-11, 5.89888415892e-11, 1.71288365436e-11, 2.4364404938e-10, 6.27016376598e-08, 2.02373627189e-07, 2.64569507635e-07, 7.22510833384e-07, 1.37236975206e-06, 2.04581010621e-05, 6.35839169263e-05, 1.5087731299e-05, 3.99305936298e-05, 4.9067261898e-06, 7.35256548978e-07, 1.41549162436e-06, 1.02941494333e-05, 4.54741773126e-08, 1.91599021093e-08, 4.60102569377e-07, 1.55165853499e-08, 6.2663985112e-10, 1.07162743956e-10, 2.87671674676e-11, 1.725171438e-12, 3.06227292872e-13, 9.49744907827e-14],
        "dvar2": [4.99772792595e-11, 1.71217956479e-10, 4.9994345469e-11, 7.05007774382e-10, 1.77412132985e-07, 5.40982398434e-07, 7.42719805658e-07, 1.96027508537e-06, 3.92425863538e-06, 5.83718174312e-05, 0.000148484934471, 2.64414084086e-05, 0.000114554321044, 1.23342524603e-05, 2.12145300793e-06, 3.32685181093e-06, 2.92540225928e-05, 1.31947714976e-07, 5.38762172653e-08, 1.29101670154e-06, 4.56496209722e-08, 1.84975357254e-09, 3.0834901299e-10, 8.39786296059e-11, 4.92234898675e-12, 7.43987608066e-13, 1.02393659144e-13],
        "max": [5.54557591386e-05, 6.17086625425e-05, 3.54855437763e-05, 0.000116866001918, 0.00229936372489, 0.0052728690207, 0.00331178121269, 0.00654371688142, 0.00829281564802, 0.0470637492836, 0.0768318027258, 0.0469952262938, 0.0840805917978, 0.021203301847, 0.00870384275913, 0.0154549228027, 0.0351539179683, 0.00159363215789, 0.00105188868474, 0.00836904812604, 0.0014319869224, 0.000242188441916, 8.43177986098e-05, 4.98069421155e-05, 1.02632729977e-05, 4.64925051347e-06, 4.99606176163e-06],
        "mean": [7.10632264145e-07, 1.72146155819e-06, 1.10084863536e-06, 9.31806607696e-06, 9.09898517421e-05, 0.000108717053081, 0.000150502135511, 0.000249487580732, 0.000372188718757, 0.000823619309813, 0.00555502437055, 0.00231673009694, 0.00162434880622, 0.000488951802254, 0.00016444393259, 0.000458280817838, 0.000317611993523, 3.93362133764e-05, 2.18872519326e-05, 5.54984544578e-05, 9.70954351942e-06, 2.72847228189e-06, 1.20599008824e-06, 5.14732391821e-07, 1.55258277346e-07, 7.60533538369e-08, 4.99548491462e-08],
        "median": [1.41091653916e-08, 2.98369855045e-07, 3.07423391632e-07, 1.56171313392e-06, 9.42236238188e-06, 1.1952177374e-05, 1.8783057385e-05, 1.81269952009e-05, 2.3339604013e-05, 2.70035798167e-05, 3.02030202874e-05, 1.65577876032e-05, 1.06290590338e-05, 2.8693521017e-06, 1.7478631662e-06, 4.09998938267e-06, 2.63729089056e-06, 1.38682707984e-06, 9.27083817714e-07, 5.04357785758e-07, 1.79993278948e-07, 5.09042585861e-08, 5.60577539943e-09, 3.95050658852e-09, 5.2638409187e-09, 5.76002356922e-09, 2.31468675338e-08],
        "min": [1.13211995334e-10, 1.26535866229e-08, 3.59131790972e-09, 2.41435085258e-08, 3.55488083414e-07, 1.84047522112e-07, 1.81573057034e-07, 2.19825452064e-07, 1.1949590828e-07, 8.81415544995e-08, 1.64161406246e-07, 9.41984623637e-08, 3.65381005452e-08, 3.75779691808e-08, 1.76430159371e-08, 1.87619555447e-08, 1.30714283841e-08, 6.00047833643e-09, 6.7413368221e-09, 2.54687737566e-09, 4.0126382217e-09, 2.47960629807e-09, 9.20373777191e-10, 6.39460095986e-10, 7.51779916097e-10, 6.07941641473e-10, 1.61766333662e-09],
        "var": [1.89867271211e-11, 4.2852648513e-11, 1.06062103544e-11, 3.03461755724e-10, 4.8526636931e-08, 1.43760502169e-07, 1.74410885734e-07, 5.20197829701e-07, 9.20012553252e-07, 1.21595603559e-05, 0.000161424657563, 3.66852655134e-05, 6.86465355102e-05, 4.7815774451e-06, 4.56061854948e-07, 1.85315968793e-06, 6.1122796069e-06, 3.07798764254e-08, 1.17839853431e-08, 2.82220781855e-07, 8.28190316327e-09, 3.30815597138e-10, 6.19664528023e-11, 1.57232230708e-11, 9.85978985089e-13, 2.08254027629e-13, 9.26466951659e-14]
    },
    "erbbands": {
        "dmean": [7.20216994523e-05, 0.00040665754932, 0.00160004699137, 0.0144980810583, 0.112530313432, 0.374381780624, 0.82529091835, 1.3282212019, 2.50601768494, 4.54290056229, 8.16538524628, 11.4495983124, 27.9218349457, 40.3735313416, 114.145866394, 37.0048294067, 70.4304046631, 27.8359565735, 19.0602073669, 16.627702713, 19.7189617157, 29.0322628021, 5.93284749985, 2.32295513153, 1.88274860382, 5.81672668457, 1.19539630413, 0.510234951973, 0.199316978455, 0.0943184122443, 0.0525013804436, 0.0272853150964, 0.0115108331665, 0.00434180302545, 0.00118270667735, 0.000569574651308, 0.00018252414884, 3.7301422708e-05, 8.19903834781e-06, 8.12991493149e-06],
        "dmean2": [0.000131543216412, 0.000745524070226, 0.00301035540178, 0.0269359610975, 0.203084886074, 0.670738399029, 1.41991662979, 2.41406154633, 4.58043527603, 8.03930282593, 14.6660394669, 21.1224975586, 49.3034133911, 66.8049316406, 174.356063843, 55.7711639404, 122.932617188, 45.3485984802, 34.0154380798, 28.1978664398, 34.1338233948, 53.8586997986, 11.038028717, 4.24152135849, 3.5443148613, 10.8954582214, 2.16284298897, 1.00151526928, 0.38870203495, 0.180056229234, 0.1008650437, 0.0526152327657, 0.0221748631448, 0.00829980429262, 0.00217342725955, 0.00103823153768, 0.000321453320794, 6.0589693021e-05, 1.21942375699e-05, 1.26655631902e-05],
        "dvar": [1.11528080993e-07, 2.52057975558e-06, 2.35578172578e-05, 0.000701675598975, 0.0897182971239, 0.944024384022, 4.21087551117, 16.8309745789, 39.2031936646, 140.167510986, 331.496002197, 799.745117188, 6325.48291016, 15530.4863281, 105571.195312, 22729.6035156, 106426.757812, 9035.41992188, 4555.68359375, 3925.31396484, 5545.47705078, 30847.5742188, 679.62121582, 69.0935745239, 71.8100509644, 2072.44384766, 42.356754303, 14.2896738052, 1.09015667439, 0.199035152793, 0.0666596591473, 0.0221522822976, 0.00414232909679, 0.000503932824358, 3.0614741263e-05, 6.8174676926e-06, 7.80871857842e-07, 5.06632389374e-08, 1.99125649303e-09, 2.93709223609e-10],
        "dvar2": [3.18535512633e-07, 7.29284784029e-06, 6.88383443048e-05, 0.0020562785212, 0.258491367102, 2.6599047184, 10.6975851059, 44.8243331909, 110.12387085, 391.023040771, 874.348571777, 2308.97802734, 16917.3554688, 40753.5703125, 243119.171875, 38336.5, 301424.53125, 22314.4296875, 12179.0175781, 10155.7900391, 15026.2080078, 86094.53125, 1943.94165039, 193.390625, 205.789993286, 5858.94140625, 115.916633606, 42.2922363281, 3.22323894501, 0.579966843128, 0.193380370736, 0.0648661330342, 0.0121484966949, 0.00146750430577, 8.28976699268e-05, 1.76886333065e-05, 1.75584739281e-06, 8.13232929886e-08, 2.56995691394e-09, 7.66122165707e-10],
        "max": [0.00280601228587, 0.0158459320664, 0.0381178483367, 0.19423802197, 3.12579703331, 8.81855297089, 21.7807655334, 48.6977958679, 38.4151153564, 83.4750518799, 133.948699951, 216.034332275, 622.41784668, 1434.3572998, 3296.0012207, 2318.91821289, 4476.3984375, 927.344665527, 647.690856934, 802.013671875, 674.828979492, 2084.50292969, 258.264709473, 57.8498382568, 83.2928009033, 562.464599609, 57.0185546875, 43.6228866577, 10.0679569244, 3.8466553688, 2.10059547424, 1.41107273102, 0.554169952869, 0.191064655781, 0.046930346638, 0.0196929890662, 0.00871802587062, 0.00309047475457, 0.000717259477824, 0.000142126635183],
        "mean": [5.65016489418e-05, 0.000368469714886, 0.00137965101749, 0.0158998258412, 0.105980247259, 0.356943279505, 0.685092151165, 0.963642776012, 1.79617786407, 3.42501115799, 5.9352478981, 8.01117801666, 21.93384552, 58.700214386, 271.012451172, 68.9959335327, 73.8539199829, 27.6141643524, 14.6957302094, 19.268737793, 21.07695961, 17.8980560303, 3.7625875473, 1.54256415367, 1.12820971012, 3.37508559227, 0.757538378239, 0.288281202316, 0.109223537147, 0.0541644468904, 0.0291508771479, 0.0151116540655, 0.00639926549047, 0.00247483211569, 0.000753869418986, 0.000369244720787, 0.000128370680613, 3.29275644617e-05, 1.37180750244e-05, 1.65004439623e-05],
        "median": [4.39911400463e-06, 8.50001742947e-05, 0.000447831320344, 0.00342921866104, 0.0148880546913, 0.0352093204856, 0.0819923132658, 0.107272841036, 0.266535460949, 0.412588268518, 0.430184066296, 0.582437455654, 2.07722330093, 1.76940441132, 1.18878912926, 0.859096884727, 0.949153006077, 0.373164772987, 0.201806932688, 0.254014700651, 0.258519083261, 0.224373534322, 0.101971723139, 0.0721242278814, 0.0362114124, 0.0233669821173, 0.00994722731411, 0.00630829483271, 0.00233046454377, 0.000362615828635, 0.000172698855749, 0.000100329001725, 7.9410354374e-05, 6.4260137151e-05, 4.69157857879e-05, 2.46982181125e-05, 1.42720446092e-05, 8.35723039927e-06, 4.73731824968e-06, 1.39711073643e-06],
        "min": [1.81663040166e-07, 2.1577991447e-06, 1.66981917573e-05, 6.66443083901e-05, 0.000291374133667, 0.000983228557743, 0.00216167862527, 0.00103082880378, 0.001250654459, 0.00336517975666, 0.00514092342928, 0.003281499492, 0.00205793092027, 0.00618881452829, 0.010221847333, 0.00452987477183, 0.00204087351449, 0.00154867477249, 0.00161748402752, 0.000846516806632, 0.000994677771814, 0.000762903538998, 0.000333833333571, 0.000414356938563, 0.000209658799577, 0.000105758430436, 0.000204350042623, 0.000112662419269, 8.0487698142e-05, 5.67061579204e-05, 2.58878644672e-05, 1.36437092806e-05, 1.44734185596e-05, 1.18447251225e-05, 5.62303421248e-06, 2.47475395554e-06, 1.29217801259e-06, 9.60786792348e-07, 2.10051183558e-07, 4.4839371327e-08],
        "var": [8.63298268428e-08, 1.61335640314e-06, 1.45119183799e-05, 0.000813749851659, 0.0661742165685, 0.758244812489, 3.67572903633, 12.0114336014, 25.2456169128, 95.3040313721, 252.901412964, 501.222442627, 4686.875, 19290.6621094, 338587.375, 47104.1445312, 149307.84375, 11053.9736328, 3716.46533203, 3796.08544922, 4727.08984375, 19205.6171875, 417.055786133, 46.447303772, 41.9050178528, 1235.68054199, 28.4582118988, 7.49245119095, 0.571443080902, 0.113613948226, 0.0372824259102, 0.0120309125632, 0.00225429795682, 0.000278866500594, 1.86495326489e-05, 4.4081316446e-06, 5.61858485071e-07, 4.3985245668e-08, 2.12953099599e-09, 7.61280705142e-10]
    },
    "gfcc": {
        "mean": [-257.239074707, 124.886703491, -182.540908813, -43.0894241333, -40.4536857605, -31.8854751587, -20.8473491669, -10.0478096008, -26.7571640015, -13.0308942795, -14.6414804459, -0.254867404699, 0.784315884113],
        "cov": [[8921.75878906, 1290.7310791, -2497.91845703, -1516.52331543, 162.808441162, 739.59942627, -46.7120437622, -632.648803711, 32.4265098572, -306.995147705, 63.2647285461, -313.535430908, 373.781280518], [1290.7310791, 1476.1595459, -546.571533203, -946.78302002, 50.0444793701, -150.340759277, -35.7358436584, -256.300994873, -6.78144073486, -188.101989746, -130.799667358, -219.81137085, 183.369186401], [-2497.91845703, -546.571533203, 1117.00891113, 760.822692871, -205.478179932, -235.298400879, -19.9737014771, 288.037811279, -7.97687196732, 136.825698853, 5.68357181549, 130.828582764, -216.823379517], [-1516.52331543, -946.78302002, 760.822692871, 1100.9017334, -125.17313385, -108.445503235, -101.415374756, 263.603729248, 62.2028427124, 234.236343384, 73.5204086304, 94.016418457, -280.879241943], [162.808441162, 50.0444793701, -205.478179932, -125.17313385, 253.813766479, 94.8714065552, 17.9523696899, -87.947883606, -28.4254226685, -49.5705947876, -12.2429904938, 25.7512664795, 92.9278640747], [739.59942627, -150.340759277, -235.298400879, -108.445503235, 94.8714065552, 340.362030029, 113.698059082, -62.053478241, -33.0864677429, -1.65857088566, 66.4499206543, 9.22308349609, 36.2572669983], [-46.7120437622, -35.7358436584, -19.9737014771, -101.415374756, 17.9523696899, 113.698059082, 180.194351196, 25.2345314026, -22.1827640533, -4.21881151199, 31.1734275818, 14.8529672623, 52.473777771], [-632.648803711, -256.300994873, 288.037811279, 263.603729248, -87.947883606, -62.053478241, 25.2345314026, 206.620529175, 59.6617393494, 32.2777252197, 10.1052827835, 79.4509353638, -52.0242767334], [32.4265098572, -6.78144073486, -7.97687196732, 62.2028427124, -28.4254226685, -33.0864677429, -22.1827640533, 59.6617393494, 95.3525390625, 45.1594848633, -6.58486270905, -9.35288906097, -4.21274137497], [-306.995147705, -188.101989746, 136.825698853, 234.236343384, -49.5705947876, -1.65857088566, -4.21881151199, 32.2777252197, 45.1594848633, 175.075073242, 56.2517585754, -41.3945236206, -100.6927948], [63.2647285461, -130.799667358, 5.68357181549, 73.5204086304, -12.2429904938, 66.4499206543, 31.1734275818, 10.1052827835, -6.58486270905, 56.2517585754, 95.002571106, 25.9638786316, -46.3586196899], [-313.535430908, -219.81137085, 130.828582764, 94.016418457, 25.7512664795, 9.22308349609, 14.8529672623, 79.4509353638, -9.35288906097, -41.3945236206, 25.9638786316, 151.47038269, 29.1513233185], [373.781280518, 183.369186401, -216.823379517, -280.879241943, 92.9278640747, 36.2572669983, 52.473777771, -52.0242767334, -4.21274137497, -100.6927948, -46.3586196899, 29.1513233185, 169.20262146]],
        "icov": [[0.000524179195054, -0.000584324123338, 0.00133008009288, -0.000766116718296, 0.00115714385174, -0.00110816012602, 0.000545929302461, 5.35839135409e-05, 0.000298981467495, 0.000153126253281, -7.43700002204e-05, -0.000481342431158, -0.000481813971419], [-0.000584324123338, 0.00410158792511, -0.00301380595192, 0.00411844579503, -0.0024517106358, 0.00301643158309, 0.000381609570468, 0.000785509007983, -0.00350015610456, 0.00282313185744, -0.00276280171238, 0.00549968797714, 0.000532223144546], [0.00133008009288, -0.00301380595192, 0.00798513833433, -0.00457528233528, 0.00456922175363, -0.00190240249503, -0.00110709888395, -0.00177049124613, 0.00609385501593, -0.00380219472572, 0.00582956988364, -0.00723170908168, 0.00139465346001], [-0.000766116718296, 0.00411844579503, -0.00457528233528, 0.00782287679613, -0.00400823447853, 0.0024526217021, 0.00235636462457, -0.00196939730085, -0.00298083317466, -0.000203413539566, -0.00212012790143, 0.00433494057506, 0.00316881481558], [0.00115714385174, -0.0024517106358, 0.00456922175363, -0.00400823447853, 0.00986144691706, -0.00392113253474, 0.000330811628373, 0.00297498051077, 0.00255245878361, -0.00174446590245, 0.00338055100292, -0.00587754836306, -0.00349719193764], [-0.00110816012602, 0.00301643158309, -0.00190240249503, 0.0024526217021, -0.00392113253474, 0.00927691441029, -0.00532031850889, 0.00248950673267, -0.00252568628639, 0.00159431167413, -0.00229583214968, 0.00154393562116, 0.0033845177386], [0.000545929302461, 0.000381609570468, -0.00110709888395, 0.00235636462457, 0.000330811628373, -0.00532031850889, 0.0170377064496, -0.0109759327024, 0.00833496265113, -0.00267688930035, -0.0084854401648, 0.00909897685051, -0.0121048046276], [5.35839135409e-05, 0.000785509007983, -0.00177049124613, -0.00196939730085, 0.00297498051077, 0.00248950673267, -0.0109759327024, 0.0244099404663, -0.0188191048801, 0.00759671442211, 0.00356855196878, -0.00980314053595, 0.00895308423787], [0.000298981467495, -0.00350015610456, 0.00609385501593, -0.00298083317466, 0.00255245878361, -0.00252568628639, 0.00833496265113, -0.0188191048801, 0.0336587876081, -0.0160672608763, 0.0050635272637, -0.000253793201409, -0.0105309197679], [0.000153126253281, 0.00282313185744, -0.00380219472572, -0.000203413539566, -0.00174446590245, 0.00159431167413, -0.00267688930035, 0.00759671442211, -0.0160672608763, 0.0232090819627, -0.0136863710359, 0.011446739547, 0.00286440527998], [-7.43700002204e-05, -0.00276280171238, 0.00582956988364, -0.00212012790143, 0.00338055100292, -0.00229583214968, -0.0084854401648, 0.00356855196878, 0.0050635272637, -0.0136863710359, 0.0338289886713, -0.0213552769274, 0.0144023643807], [-0.000481342431158, 0.00549968797714, -0.00723170908168, 0.00433494057506, -0.00587754836306, 0.00154393562116, 0.00909897685051, -0.00980314053595, -0.000253793201409, 0.011446739547, -0.0213552769274, 0.0318492203951, -0.0144390678033], [-0.000481813971419, 0.000532223144546, 0.00139465346001, 0.00316881481558, -0.00349719193764, 0.0033845177386, -0.0121048046276, 0.00895308423787, -0.0105309197679, 0.00286440527998, 0.0144023643807, -0.0144390678033, 0.0290234033018]]
    },
    "melbands": {
        "dmean": [6.09923915817e-07, 6.84309043208e-07, 4.41253041572e-06, 1.70369967236e-05, 2.66728275164e-05, 2.98008108075e-05, 3.90725654142e-05, 5.6790344388e-05, 6.99209631421e-05, 7.27660953999e-05, 0.000146820850205, 0.000165932870004, 0.000442124844994, 0.000115758404718, 0.000175150504219, 0.000120827324281, 4.97543951496e-05, 3.85543135053e-05, 1.70688690559e-05, 2.54524493357e-05, 2.32557631534e-05, 3.39404286933e-05, 1.15771354103e-05, 2.73278692475e-06, 1.74866283942e-06, 1.26896986785e-06, 1.62780895607e-06, 4.62834395876e-06, 5.83508438012e-07, 4.73023249015e-07, 2.25088413686e-07, 1.15637938336e-07, 7.4822700924e-08, 4.67140708338e-08, 3.21935580416e-08, 2.58287009558e-08, 1.23515473405e-08, 7.46470441015e-09, 7.93106114116e-09, 2.20882689916e-09],
        "dmean2": [1.09639631773e-06, 1.25338215184e-06, 8.0698137026e-06, 3.07175469061e-05, 4.55726585642e-05, 5.41308545507e-05, 7.13713452569e-05, 0.000100855686469, 0.000127565159346, 0.00013413556735, 0.000260155065916, 0.000283204281004, 0.000695470196661, 0.000163570890436, 0.000272606150247, 0.00019762381271, 8.33488011267e-05, 7.03752011759e-05, 3.04007444356e-05, 4.10075444961e-05, 4.17124683736e-05, 6.36424374534e-05, 2.13225630432e-05, 5.17469152328e-06, 3.21301877193e-06, 2.41477073359e-06, 3.17594958688e-06, 8.59545070853e-06, 1.05821652596e-06, 9.14963436571e-07, 4.44131870836e-07, 2.25993900926e-07, 1.46236843079e-07, 8.82133122104e-08, 6.14808044475e-08, 5.03552186615e-08, 2.36186501468e-08, 1.43344340842e-08, 1.53973438444e-08, 4.15257428443e-09],
        "dvar": [6.54400969177e-12, 5.37837092571e-12, 7.58684989832e-11, 2.27420815513e-09, 4.04502698004e-09, 7.91463872218e-09, 9.59377643994e-09, 2.18675104691e-08, 2.3585288389e-08, 3.05644896059e-08, 1.91301467112e-07, 3.19481557653e-07, 1.71062049503e-06, 8.37287998934e-08, 7.75233274908e-07, 3.52945477289e-07, 3.68938870565e-08, 2.12395345756e-08, 5.45913492189e-09, 7.94680143912e-09, 1.10461293445e-08, 4.03977367114e-08, 5.18486009682e-09, 1.09813380611e-10, 4.35335899274e-11, 2.75093541696e-11, 6.65732954874e-11, 1.47172596332e-09, 9.5328267849e-12, 1.23440528632e-11, 2.74516000209e-12, 3.63770049239e-13, 1.39575105488e-13, 5.51246365449e-14, 2.84010977307e-14, 2.60050210939e-14, 5.2527926602e-15, 1.75533919912e-15, 2.55735679215e-15, 1.33554120013e-16],
        "dvar2": [1.82473688937e-11, 1.55776381378e-11, 2.19961285297e-10, 6.49775699912e-09, 1.0191090638e-08, 2.1091226543e-08, 2.69770623618e-08, 6.08812413816e-08, 6.20070181867e-08, 8.80413253412e-08, 5.17501746344e-07, 8.80040886386e-07, 4.07858851759e-06, 1.36575437182e-07, 1.4511028894e-06, 8.60521879531e-07, 9.17783609111e-08, 5.61565691726e-08, 1.52845966994e-08, 1.94609537374e-08, 3.14450048222e-08, 1.13695115544e-07, 1.45753098479e-08, 3.2094069069e-10, 1.21293794453e-10, 7.79905376391e-11, 1.96173077782e-10, 4.13170342384e-09, 2.64749680512e-11, 3.61476334976e-11, 8.18166454725e-12, 1.07469404469e-12, 4.12402777943e-13, 1.58051916281e-13, 8.13245074039e-14, 7.74099683551e-14, 1.52262998352e-14, 5.16594806619e-15, 7.51352783159e-15, 3.839516176e-16],
        "max": [2.15527215914e-05, 2.10730540857e-05, 6.54042378301e-05, 0.000481663184473, 0.000632931827568, 0.00103505130392, 0.000561569875572, 0.00105841038749, 0.0010996068595, 0.00128169800155, 0.00329369632527, 0.0067160311155, 0.0126323960721, 0.00435517495498, 0.0146799832582, 0.00779670942575, 0.00190020527225, 0.00137457845267, 0.000873431796208, 0.00112374790478, 0.000964394013863, 0.00229415507056, 0.000869930372573, 8.19209890324e-05, 5.18820997968e-05, 4.70707382192e-05, 6.51406880934e-05, 0.000479830865515, 3.17979283864e-05, 4.0716604417e-05, 1.89757192857e-05, 5.47332274436e-06, 3.69561962543e-06, 2.03818353839e-06, 1.58644388648e-06, 1.44935870594e-06, 6.6898633122e-07, 4.05776830803e-07, 5.47616366475e-07, 1.1083712792e-07],
        "mean": [5.29198757704e-07, 5.7733950598e-07, 4.63997093902e-06, 1.61155094247e-05, 2.34672188526e-05, 2.16764728975e-05, 2.82282762782e-05, 4.23417877755e-05, 5.04681229359e-05, 5.12020451424e-05, 0.000110478467832, 0.000170667015482, 0.000951189314947, 0.000299236940918, 0.000207780467463, 0.000107138570456, 4.74563858006e-05, 2.82518576569e-05, 1.47902956087e-05, 3.49789843312e-05, 2.09818299481e-05, 1.99833975785e-05, 7.13035433364e-06, 1.87505713711e-06, 1.15502109566e-06, 7.70059102706e-07, 9.11067729703e-07, 2.71665726359e-06, 3.76238375566e-07, 2.60542776687e-07, 1.2570339436e-07, 6.34007122358e-08, 4.08339033697e-08, 2.72784053124e-08, 1.78761201397e-08, 1.39869307247e-08, 6.93890056525e-09, 4.19485335357e-09, 4.28779500794e-09, 1.31670452319e-09],
        "median": [6.40635988702e-08, 1.60507028113e-07, 8.31445333915e-07, 1.89157742625e-06, 2.48576134254e-06, 2.57314150076e-06, 3.92334186472e-06, 4.32956312579e-06, 3.54181202056e-06, 3.73916645913e-06, 5.89562523601e-06, 6.14606869931e-06, 4.20343985752e-06, 2.29421539188e-06, 1.34979848099e-06, 6.72981684602e-07, 2.99420747751e-07, 1.67851169408e-07, 2.33581374687e-07, 3.6857565533e-07, 1.44794469747e-07, 1.72659852637e-07, 8.78058727949e-08, 6.25630249829e-08, 5.60554802576e-08, 3.09123961983e-08, 1.85085227145e-08, 1.38020483931e-08, 6.57794441139e-09, 3.99515354133e-09, 3.4559886064e-09, 1.54554924414e-09, 3.36962679981e-10, 1.11646858425e-10, 9.01395416641e-11, 7.11670514186e-11, 4.59480682669e-11, 5.08782842246e-11, 4.26894630756e-11, 4.67897109946e-11],
        "min": [2.6607942516e-09, 4.1508263493e-09, 1.54194754742e-08, 6.55704610608e-08, 7.02440985378e-08, 2.56310812574e-08, 2.18872084901e-08, 3.95261778863e-08, 3.94471015852e-08, 1.51669876658e-08, 9.06707597892e-09, 2.59475285702e-08, 2.63841393178e-08, 9.98862681456e-09, 5.23788434847e-09, 3.51452977831e-09, 2.66133115545e-09, 2.81234280308e-09, 1.00963870597e-09, 1.31457067454e-09, 1.02120556456e-09, 8.21673840079e-10, 4.42196668171e-10, 2.65308941483e-10, 3.58843066373e-10, 2.26588289798e-10, 7.95110574603e-11, 6.56548357347e-11, 1.35346775454e-10, 9.08770558805e-11, 6.20334825174e-11, 4.3391363419e-11, 1.92611551708e-11, 2.04807646537e-11, 1.30677760279e-11, 8.49029527239e-12, 6.5836572305e-12, 5.99258490053e-12, 3.86441312977e-12, 7.29111823e-12],
        "var": [5.43382569843e-12, 3.35157596121e-12, 7.81135989225e-11, 1.66127744894e-09, 3.81768305857e-09, 5.6449498409e-09, 6.2106515486e-09, 1.48651038145e-08, 1.77983601191e-08, 1.95574578754e-08, 1.35817487035e-07, 2.74872576256e-07, 4.52471840617e-06, 4.56715952168e-07, 1.66155371062e-06, 3.96543242687e-07, 3.992411024e-08, 1.69368288283e-08, 3.69845887249e-09, 9.97732652053e-09, 7.36842054039e-09, 2.45747457939e-08, 3.22039750422e-09, 7.2797497197e-11, 2.87398993493e-11, 1.63876620607e-11, 3.64553665033e-11, 8.9061252817e-10, 6.256643207e-12, 6.6533462767e-12, 1.41160889401e-12, 1.90534911525e-13, 7.36052657626e-14, 3.33896186524e-14, 1.63352116528e-14, 1.33705429744e-14, 2.92355158162e-15, 9.52910583353e-16, 1.36568392635e-15, 7.337103283e-17]
    },
    "mfcc": {
        "mean": [-874.163391113, 152.947860718, -55.5937843323, -24.5245285034, -15.0063724518, -24.4260005951, -5.56046533585, -2.39970135689, -5.49295091629, -13.5969457626, -16.8323421478, -3.6150393486, 1.99888825417],
        "cov": [[8399.93066406, 2254.91235352, -2639.84472656, -1293.78186035, -521.227966309, 532.663269043, -60.4491157532, -362.772613525, 14.8552122116, 125.100883484, -410.292755127, -231.584640503, -3.01103425026], [2254.91235352, 1793.42419434, -793.346496582, -880.927368164, -219.8177948, -55.2853927612, -105.428833008, -192.054992676, 69.1248550415, -29.6524143219, -353.114227295, -278.337982178, -15.8624353409], [-2639.84472656, -793.346496582, 1186.21057129, 600.42364502, 89.4462966919, -252.89730835, -4.63924407959, 163.715621948, -22.8444824219, -15.3934278488, 230.723358154, 121.059135437, -60.503452301], [-1293.78186035, -880.927368164, 600.42364502, 757.022888184, 182.033676147, -102.126808167, -21.8208827972, 72.7024765015, -55.2393608093, -13.4563503265, 232.564559937, 196.291275024, -42.3680953979], [-521.227966309, -219.8177948, 89.4462966919, 182.033676147, 206.430603027, 26.6576385498, -35.1809577942, -15.6858377457, -7.58149623871, -29.3710079193, 35.1898918152, 59.5826950073, -0.26819050312], [532.663269043, -55.2853927612, -252.89730835, -102.126808167, 26.6576385498, 247.995666504, 111.77116394, -41.6668548584, -27.1949501038, 41.4981498718, 10.8586397171, 14.7116785049, 27.6238975525], [-60.4491157532, -105.428833008, -4.63924407959, -21.8208827972, -35.1809577942, 111.77116394, 175.379760742, 53.2099151611, -19.9896621704, 6.80678224564, 2.59277033806, 11.9789714813, 56.0699729919], [-362.772613525, -192.054992676, 163.715621948, 72.7024765015, -15.6858377457, -41.6668548584, 53.2099151611, 188.482284546, 75.7376785278, -64.3188171387, -47.0165596008, 27.2663078308, 91.1693115234], [14.8552122116, 69.1248550415, -22.8444824219, -55.2393608093, -7.58149623871, -27.1949501038, -19.9896621704, 75.7376785278, 138.982910156, -5.94525051117, -117.300140381, -49.4883766174, 70.6485366821], [125.100883484, -29.6524143219, -15.3934278488, -13.4563503265, -29.3710079193, 41.4981498718, 6.80678224564, -64.3188171387, -5.94525051117, 155.810699463, 113.746688843, -20.9527606964, -89.2248687744], [-410.292755127, -353.114227295, 230.723358154, 232.564559937, 35.1898918152, 10.8586397171, 2.59277033806, -47.0165596008, -117.300140381, 113.746688843, 339.885772705, 158.019744873, -168.130142212], [-231.584640503, -278.337982178, 121.059135437, 196.291275024, 59.5826950073, 14.7116785049, 11.9789714813, 27.2663078308, -49.4883766174, -20.9527606964, 158.019744873, 179.039337158, -4.50092744827], [-3.01103425026, -15.8624353409, -60.503452301, -42.3680953979, -0.26819050312, 27.6238975525, 56.0699729919, 91.1693115234, 70.6485366821, -89.2248687744, -168.130142212, -4.50092744827, 227.366958618]],
