{
"lowlevel": {
    "average_loudness": 0.966776311398,
    "barkbands_crest": {
        "dmean": 0.448893338442,
        "dmean2": 0.669410824776,
        "dvar": 1.21085309982,
        "dvar2": 1.34050822258,
        "max": 24.8067302704,
        "mean": 23.856508255,
        "median": 24.3300056458,
        "min": 12.9136590958,
        "var": 2.0428314209
    },
    "barkbands_flatness_db": {
        "dmean": 0.0145035991445,
        "dmean2": 0.0200149845332,
        "dvar": 0.000436290487414,
        "dvar2": 0.000538333784789,
        "max": 0.417943120003,
        "mean": 0.35139349103,
        "median": 0.372991532087,
        "min": 0.158771574497,
        "var": 0.00286540901288
    },
    "barkbands_kurtosis": {
        "dmean": 14.0917625427,
        "dmean2": 24.2424793243,
        "dvar": 170.762481689,
        "dvar2": 409.054229736,
        "max": 183.12550354,
        "mean": 91.8385009766,
        "median": 100.069396973,
        "min": 11.4244937897,
        "var": 928.393310547
    },
    "barkbands_skewness": {
        "dmean": 0.717956006527,
        "dmean2": 1.24015748501,
        "dvar": 0.380760252476,
        "dvar2": 1.03958153725,
        "max": 10.4460783005,
        "mean": 7.27764177322,
        "median": 7.59273576736,
        "min": 2.9167432785,
        "var": 1.6415823698
    },
    "barkbands_spread": {
        "dmean": 0.344269633293,
        "dmean2": 0.51627933979,
        "dvar": 0.872747242451,
        "dvar2": 2.06711983681,
        "max": 10.4806013107,
        "mean": 1.21355831623,
        "median": 0.702281594276,
        "min": 0.526197016239,
        "var": 1.53708696365
    },
    "dissonance": {
        "dmean": 0.0133110256866,
        "dmean2": 0.0221082624048,
        "dvar": 0.000182066345587,
        "dvar2": 0.000544522888958,
        "max": 0.460501194,
        "mean": 0.35523879528,
        "median": 0.343846231699,
        "min": 0.315444231033,
        "var": 0.00105147750583
    },
    "dynamic_complexity": 7.33092927933,
    "erbbands_crest": {
        "dmean": 0.889228403568,
        "dmean2": 1.34373855591,
        "dvar": 2.14900660515,
        "dvar2": 3.3613512516,
        "max": 23.3781929016,
        "mean": 21.0760784149,
        "median": 22.1593437195,
        "min": 8.40180492401,
        "var": 6.7797961235
    },
    "erbbands_flatness_db": {
        "dmean": 0.0123469429091,
        "dmean2": 0.015763297677,
        "dvar": 0.000317441648804,
        "dvar2": 0.000422586454079,
        "max": 0.366072684526,
        "mean": 0.309586763382,
        "median": 0.325023859739,
        "min": 0.151052683592,
        "var": 0.00198992877267
    },
    "erbbands_kurtosis": {
        "dmean": 2.65983104706,
        "dmean2": 4.33947992325,
        "dvar": 8.44189548492,
        "dvar2": 17.4410171509,
        "max": 35.9675254822,
        "mean": 21.3540344238,
        "median": 24.9674987793,
        "min": -0.749450445175,
        "var": 72.7733154297
    },
    "erbbands_skewness": {
        "dmean": 0.295631796122,
        "dmean2": 0.488219261169,
        "dvar": 0.0939017906785,
        "dvar2": 0.220157951117,
        "max": 4.89188623428,
        "mean": 3.76380205154,
        "median": 4.07061576843,
        "min": 0.884343385696,
        "var": 0.665629446507
    },
    "erbbands_spread": {
        "dmean": 1.89042627811,
        "dmean2": 2.8115940094,
        "dvar": 21.3610877991,
        "dvar2": 47.6789894104,
        "max": 58.9277839661,
        "mean": 8.52631664276,
        "median": 5.5998749733,
        "min": 4.05998182297,
        "var": 49.3773880005
    },
    "hfc": {
        "dmean": 0.673508584499,
        "dmean2": 0.82277327776,
        "dvar": 2.15250182152,
        "dvar2": 2.69817328453,
        "max": 16.7129459381,
        "mean": 7.74062013626,
        "median": 7.13280630112,
        "min": 0.0917860120535,
        "var": 47.5302581787
    },
    "melbands_crest": {
        "dmean": 0.497302740812,
        "dmean2": 0.687504827976,
        "dvar": 0.743368387222,
        "dvar2": 0.785567760468,
        "max": 21.9713230133,
        "mean": 20.7245540619,
        "median": 20.9099369049,
        "min": 12.9989624023,
        "var": 1.22087168694
    },
    "melbands_flatness_db": {
        "dmean": 0.0154097517952,
        "dmean2": 0.0201619900763,
        "dvar": 0.000486646895297,
        "dvar2": 0.000661891128402,
        "max": 0.506878852844,
        "mean": 0.439195901155,
        "median": 0.463311314583,
        "min": 0.237551599741,
        "var": 0.00322188972495
    },
    "melbands_kurtosis": {
        "dmean": 11.1204586029,
        "dmean2": 19.7369594574,
        "dvar": 105.015922546,
        "dvar2": 306.608642578,
        "max": 116.056442261,
        "mean": 58.7119522095,
        "median": 56.9225692749,
        "min": 14.233259201,
        "var": 248.058609009
    },
    "melbands_skewness": {
        "dmean": 0.518404722214,
        "dmean2": 0.923082411289,
        "dvar": 0.282694905996,
        "dvar2": 0.802520692348,
        "max": 8.48045063019,
        "mean": 4.86616039276,
        "median": 4.65813589096,
        "min": 2.94367933273,
        "var": 0.669269800186
    },
    "melbands_spread": {
        "dmean": 0.287629693747,
        "dmean2": 0.435775101185,
        "dvar": 0.404092013836,
        "dvar2": 0.96905618906,
        "max": 7.32769203186,
        "mean": 1.43880319595,
        "median": 1.00917780399,
        "min": 0.855214655399,
        "var": 0.930801391602
    },
    "pitch_salience": {
        "dmean": 0.0227159056813,
        "dmean2": 0.0285141542554,
        "dvar": 0.00358416745439,
        "dvar2": 0.00286710914224,
        "max": 0.85478156805,
        "mean": 0.2830298841,
        "median": 0.270071446896,
        "min": 0.221905618906,
        "var": 0.00530784670264
    },
    "silence_rate_20dB": {
        "dmean": 0,
        "dmean2": 0,
        "dvar": 0,
        "dvar2": 0,
        "max": 1,
        "mean": 1,
        "median": 1,
        "min": 1,
        "var": 0
    },
    "silence_rate_30dB": {
        "dmean": 0,
        "dmean2": 0,
        "dvar": 0,
        "dvar2": 0,
        "max": 1,
        "mean": 1,
        "median": 1,
        "min": 1,
        "var": 0
    },
    "silence_rate_60dB": {
        "dmean": 0.00833333376795,
        "dmean2": 0.01680672355,
        "dvar": 0.00826388597488,
        "dvar2": 0.0165242180228,
        "max": 1,
        "mean": 0.355371892452,
        "median": 0,
        "min": 0,
        "var": 0.2290828228
    },
    "spectral_centroid": {
        "dmean": 14.0531568527,
        "dmean2": 21.8657512665,
        "dvar": 2022.37780762,
        "dvar2": 5273.69726562,
        "max": 787.17755127,
        "mean": 304.673461914,
        "median": 283.560302734,
        "min": 276.110046387,
        "var": 3146.57543945
    },
    "spectral_complexity": {
        "dmean": 0.40000000596,
        "dmean2": 0.722689092159,
        "dvar": 0.473333328962,
        "dvar2": 1.007132411,
        "max": 8,
        "mean": 3.38842964172,
        "median": 4,
        "min": 1,
        "var": 2.25408148766
    },
    "spectral_decrease": {
        "dmean": 6.56893595075e-10,
        "dmean2": 7.923389167e-10,
        "dvar": 1.95067717286e-18,
        "dvar2": 2.40815333974e-18,
        "max": -7.27994817207e-11,
        "mean": -7.3542207879e-09,
        "median": -6.77012179651e-09,
        "min": -1.59309845316e-08,
        "var": 4.32419319298e-17
    },
    "spectral_energy": {
        "dmean": 0.00253987661563,
        "dmean2": 0.0030644305516,
        "dvar": 2.92060012725e-05,
        "dvar2": 3.60643389286e-05,
        "max": 0.0616371110082,
        "mean": 0.0284585636109,
        "median": 0.0261989198625,
        "min": 0.000283087050775,
        "var": 0.000647398701403
    },
    "spectral_energyband_high": {
        "dmean": 2.1838561679e-06,
        "dmean2": 3.71330338567e-06,
        "dvar": 1.60984454933e-11,
        "dvar2": 4.60989788009e-11,
        "max": 3.45682346961e-05,
        "mean": 6.50176798445e-06,
        "median": 6.99088332112e-06,
        "min": 2.58453582092e-07,
        "var": 3.47918742427e-11
    },
    "spectral_energyband_low": {
        "dmean": 1.70535913639e-05,
        "dmean2": 2.77988328889e-05,
        "dvar": 1.07548281392e-09,
        "dvar2": 2.06024819427e-09,
        "max": 0.000338888319675,
        "mean": 4.21557597292e-05,
        "median": 3.11347321258e-05,
        "min": 7.89587943473e-07,
        "var": 2.86010548578e-09
    },
    "spectral_energyband_middle_high": {
        "dmean": 2.20151196118e-05,
        "dmean2": 3.98704469262e-05,
        "dvar": 3.60872265404e-09,
        "dvar2": 1.0327174671e-08,
        "max": 0.000566251168493,
        "mean": 6.53109818813e-05,
        "median": 6.0174617829e-05,
        "min": 4.62028629045e-06,
        "var": 4.55684112666e-09
    },
    "spectral_energyband_middle_low": {
        "dmean": 0.00254788296297,
        "dmean2": 0.00307431071997,
        "dvar": 2.92037893814e-05,
        "dvar2": 3.62155442417e-05,
        "max": 0.0614875853062,
        "mean": 0.0283631812781,
        "median": 0.0260850600898,
        "min": 0.000265872047748,
        "var": 0.000643863109872
    },
    "spectral_entropy": {
        "dmean": 0.137140214443,
        "dmean2": 0.196023061872,
        "dvar": 0.0317495465279,
        "dvar2": 0.0518802404404,
        "max": 7.53046703339,
        "mean": 5.74649572372,
        "median": 5.51255846024,
        "min": 5.15951681137,
        "var": 0.257423490286
    },
    "spectral_flux": {
        "dmean": 0.00465264357626,
        "dmean2": 0.00668603973463,
        "dvar": 0.000277002458461,
        "dvar2": 0.000257599516772,
        "max": 0.206685706973,
        "mean": 0.0140151241794,
        "median": 0.0116646643728,
        "min": 0.00202438095585,
        "var": 0.000386633473681
    },
    "spectral_kurtosis": {
        "dmean": 6.79601383209,
        "dmean2": 12.5778923035,
        "dvar": 27.2611026764,
        "dvar2": 79.4795532227,
        "max": 35.8989257812,
        "mean": 18.4857978821,
        "median": 18.6718406677,
        "min": 3.75996923447,
        "var": 62.9987335205
    },
    "spectral_rms": {
        "dmean": 0.000221378373681,
        "dmean2": 0.000245149421971,
        "dvar": 3.17066394473e-07,
        "dvar2": 3.43968935113e-07,
        "max": 0.00775459641591,
        "mean": 0.00436625350267,
        "median": 0.00505568226799,
        "min": 0.000525530660525,
        "var": 8.70028270583e-06
    },
    "spectral_rolloff": {
        "dmean": 18.3032226562,
        "dmean2": 34.0188407898,
        "dvar": 2222.95996094,
        "dvar2": 6269.38378906,
        "max": 538.330078125,
        "mean": 281.533325195,
        "median": 279.931640625,
        "min": 258.3984375,
        "var": 2208.52807617
    },
    "spectral_skewness": {
        "dmean": 0.582581400871,
        "dmean2": 1.06772637367,
        "dvar": 0.181346341968,
        "dvar2": 0.549657285213,
        "max": 4.61325550079,
        "mean": 3.13292074203,
        "median": 3.19736433029,
        "min": 1.22522640228,
        "var": 0.563140273094
    },
    "spectral_spread": {
        "dmean": 515047.40625,
        "dmean2": 775237.6875,
        "dvar": 1.02644154368e+12,
        "dvar2": 546745417728,
        "max": 17326922,
        "mean": 3043727.75,
        "median": 2837765.5,
        "min": 1948712,
        "var": 2.11279426355e+12
    },
    "spectral_strongpeak": {
        "dmean": 0.0711600035429,
        "dmean2": 0.0755702778697,
        "dvar": 0.0369546078146,
        "dvar2": 0.0358487069607,
        "max": 2.33791828156,
        "mean": 1.31123387814,
        "median": 1.5489757061,
        "min": 0.0469927303493,
        "var": 0.804434835911
    },
    "zerocrossingrate": {
        "dmean": 0.000895182311069,
        "dmean2": 0.00123916752636,
        "dvar": 2.11132669392e-06,
        "dvar2": 3.04450418298e-06,
        "max": 0.02783203125,
        "mean": 0.0133086908609,
        "median": 0.01171875,
        "min": 0.00341796875,
        "var": 1.22304008983e-05
    },
    "barkbands": {
        "dmean": [3.62409537047e-07, 7.96309814177e-06, 7.81475591793e-06, 1.93223731912e-05, 0.00241488660686, 0.000168904589373, 3.56934360752e-05, 0.000137154653203, 7.12627888788e-06, 1.05805456769e-05, 7.74289583205e-06, 1.49746369971e-06, 3.22093910654e-06, 1.30171770252e-06, 4.75518021403e-07, 1.14043825761e-06, 1.97500435206e-06, 2.67773202722e-06, 2.39296264226e-06, 1.40273834859e-06, 7.26668645257e-07, 4.79307118439e-07, 1.76585515987e-07, 9.00114542901e-08, 1.11780082079e-07, 1.6889516985e-07, 1.73089077293e-07],
        "dmean2": [6.35760272871e-07, 1.32917321025e-05, 1.26622671814e-05, 2.80239983113e-05, 0.00287269405089, 0.00024801219115, 6.20920327492e-05, 0.00020897531067, 1.25720171127e-05, 1.84830187209e-05, 1.35039463203e-05, 2.60329511548e-06, 5.74633077122e-06, 2.33018408835e-06, 8.0639222233e-07, 2.03271292776e-06, 3.2156974612e-06, 5.00084843225e-06, 3.87935187973e-06, 2.43681893153e-06, 1.23035590605e-06, 7.97745030923e-07, 3.09172804691e-07, 1.52302916945e-07, 1.86376013289e-07, 2.93387216743e-07, 2.97378079495e-07],
        "dvar": [4.24854080952e-13, 2.84177043008e-10, 2.32323632554e-10, 8.66161198321e-10, 2.41819197981e-05, 9.94301387891e-08, 2.87613444172e-09, 7.43958210592e-08, 1.47976825238e-10, 1.32536470687e-09, 1.3511707031e-10, 1.35787162764e-11, 1.17414064582e-10, 1.53067992309e-11, 6.38131962636e-13, 3.05024191669e-12, 6.35561221707e-12, 1.36677509588e-11, 1.86868576169e-11, 2.22941782223e-12, 1.00185300594e-12, 9.71584249686e-13, 3.35592339508e-13, 5.02480137577e-14, 9.93176962655e-14, 4.06219844004e-13, 1.64694795887e-13],
        "dvar2": [1.14456968209e-12, 6.58645304963e-10, 4.8565829136e-10, 1.99444416538e-09, 2.9456545235e-05, 2.03209026495e-07, 8.3398052908e-09, 1.31723055574e-07, 4.17001294606e-10, 3.84876841508e-09, 3.75106917749e-10, 3.93275377542e-11, 3.4582625652e-10, 4.07078364073e-11, 1.62051567911e-12, 8.92965475868e-12, 1.69050259902e-11, 4.2178455173e-11, 5.60249034665e-11, 6.15630766851e-12, 2.74257764936e-12, 2.56401453888e-12, 9.74056122219e-13, 1.34105427501e-13, 2.81672200755e-13, 1.17385571749e-12, 4.78883263339e-13],
        "max": [3.90472177969e-06, 0.000125710546854, 0.000156775146024, 0.000259260268649, 0.0565033480525, 0.00414555380121, 0.000378284370527, 0.0027539418079, 8.1874182797e-05, 0.000322253152262, 9.77372474154e-05, 3.31197588821e-05, 8.57697887113e-05, 2.95019490295e-05, 6.62322645439e-06, 1.36016979013e-05, 2.3115419026e-05, 2.43308422796e-05, 3.73728398699e-05, 1.2000155948e-05, 9.60070155998e-06, 9.49404875428e-06, 4.92991966894e-06, 1.68021426816e-06, 2.1207415557e-06, 5.31544355908e-06, 3.27125576405e-06],
        "mean": [3.93763286866e-07, 1.13950045488e-05, 1.24177749967e-05, 4.64607146569e-05, 0.0257744602859, 0.00132108863909, 8.21845605969e-05, 0.00112406117842, 1.31305168907e-05, 1.71971732925e-05, 1.50740361278e-05, 2.36463120018e-06, 4.29842611993e-06, 1.69546194684e-06, 8.75533373801e-07, 2.86249178316e-06, 5.9287735894e-06, 6.60697969579e-06, 6.74334069117e-06, 4.45118030257e-06, 2.16647754314e-06, 9.76587216428e-07, 2.57388848013e-07, 1.78290491704e-07, 2.07876738045e-07, 2.8100862437e-07, 5.86114140333e-07],
        "median": [1.36219497904e-07, 6.12077565165e-06, 6.76788567944e-06, 2.41365487454e-05, 0.0239581596106, 0.00103060016409, 7.11779721314e-05, 0.00100414804183, 1.03259953903e-05, 1.18481111713e-05, 1.19486949188e-05, 1.60919751124e-06, 2.52110589827e-06, 1.00274883152e-06, 4.93609888963e-07, 2.7961127671e-06, 5.40853443454e-06, 6.27736881142e-06, 6.01539068157e-06, 3.84872328141e-06, 2.31285707741e-06, 7.61279807193e-07, 1.42185541563e-07, 1.05069908329e-07, 1.33123108981e-07, 1.60473121014e-07, 6.62648290017e-07],
        "min": [1.01602060099e-09, 4.84299604864e-08, 4.6464379011e-08, 3.63185137076e-07, 0.000177347334102, 1.97492026928e-05, 4.00171870751e-07, 8.978428923e-06, 6.99691611317e-07, 4.92510537242e-07, 5.1470527751e-07, 8.21212466917e-08, 1.38631548907e-07, 3.76353277431e-08, 4.21662811334e-08, 5.04075110541e-08, 1.31328732778e-07, 9.35569559601e-08, 1.44687319903e-07, 1.43737381109e-07, 9.32246209118e-08, 2.85074328588e-08, 4.00847577353e-09, 4.06058076052e-09, 6.67452892955e-09, 7.68292629516e-09, 4.10408382834e-08],
        "var": [4.31074934863e-13, 3.97094107596e-10, 4.05058681041e-10, 3.21789017654e-09, 0.000534007616807, 1.39503038099e-06, 7.28857729726e-09, 1.00905435829e-06, 1.75447933959e-10, 9.59005097556e-10, 2.01581557002e-10, 1.24326061599e-11, 7.61858631737e-11, 1.23172331709e-11, 1.22387159001e-12, 7.67775426569e-12, 2.8746895489e-11, 3.5878248289e-11, 4.03971994745e-11, 1.47099103731e-11, 3.14363791075e-12, 1.30871420471e-12, 2.74138242488e-13, 7.73472472594e-14, 1.12481001618e-13, 3.07794127642e-13, 3.13439297303e-13]
    },
    "erbbands": {
        "dmean": [8.0194840848e-05, 0.00228205579333, 0.00822111777961, 0.0384354367852, 0.786650896072, 12.3631677628, 7.31030893326, 2.18438434601, 0.637256920338, 1.23671603203, 2.28042936325, 0.169413283467, 0.205848902464, 0.407472610474, 0.165551096201, 0.0604727454484, 0.136598840356, 0.0824017599225, 0.0410770177841, 0.0437814630568, 0.0542616844177, 0.1178477332, 0.128923252225, 0.144437402487, 0.0855462476611, 0.061079826206, 0.0378962047398, 0.0262520499527, 0.0178501531482, 0.00782615691423, 0.00495452573523, 0.00211971160024, 0.00165964488406, 0.00127861858346, 0.000900573388208, 0.000584522029385, 0.000333169096848, 0.000136951246532, 2.49038257607e-05, 4.24970357926e-06],
        "dmean2": [0.000127937513753, 0.00385350687429, 0.0143040055409, 0.0583966597915, 1.08374512196, 15.2946901321, 8.6078042984, 3.1649851799, 1.05021059513, 1.88299846649, 3.51159095764, 0.277266323566, 0.352526336908, 0.739321410656, 0.291304498911, 0.109089888632, 0.242706477642, 0.138941600919, 0.0718673989177, 0.0774431824684, 0.0963145419955, 0.184380277991, 0.237723305821, 0.248175665736, 0.148508831859, 0.101219028234, 0.064517326653, 0.0452771708369, 0.0290426779538, 0.0138612398878, 0.00863431207836, 0.00358620518818, 0.0028445336502, 0.00220798933879, 0.00145200570114, 0.000928882102016, 0.000594176817685, 0.000245908944635, 4.20714823122e-05, 6.20917808192e-06],
        "dvar": [1.52010191101e-08, 2.466756996e-05, 0.000357264536433, 0.00276048178785, 2.19683861732, 766.478210449, 140.136444092, 18.2322559357, 1.21642434597, 6.23985481262, 17.9360656738, 0.0919325202703, 0.357829838991, 1.3452270031, 0.160226777196, 0.0225433502346, 0.197680532932, 0.0651516541839, 0.0116484370083, 0.00473621208221, 0.00539501523599, 0.0231369528919, 0.0282284505665, 0.0677701383829, 0.0185873452574, 0.00486441515386, 0.00264743110165, 0.00116399815306, 0.00124859379139, 0.00044717246783, 0.000312234798912, 4.74896878586e-05, 1.35689178933e-05, 1.19587848531e-05, 6.41122187517e-06, 3.23216681863e-06, 1.72979355284e-06, 2.48241548206e-07, 3.46300765841e-09, 6.70213537446e-11],
        "dvar2": [3.69131072375e-08, 5.67016977584e-05, 0.000780437781941, 0.0063048209995, 3.40596985817, 891.308959961, 190.329544067, 36.1152687073, 3.24136281013, 11.3856801987, 31.5439529419, 0.207549780607, 1.0194221735, 3.92052221298, 0.467798352242, 0.0646647885442, 0.575055599213, 0.170497119427, 0.0330826118588, 0.0140093378723, 0.0140322325751, 0.0624117739499, 0.0853311643004, 0.203797355294, 0.0576612986624, 0.0141624528915, 0.00724571105093, 0.00309217744507, 0.00317244627513, 0.00123746320605, 0.000919355137739, 0.000134858637466, 3.53690556949e-05, 3.36930643243e-05, 1.80634942808e-05, 9.21297487366e-06, 5.01161366628e-06, 7.3146907198e-07, 1.00929531399e-08, 1.2162962304e-10],
        "max": [0.00101326883305, 0.0377904102206, 0.178610578179, 0.626875281334, 16.1947135925, 315.735992432, 127.785377502, 49.4041404724, 10.7896842957, 24.7375068665, 43.8427200317, 3.20005846024, 5.3462266922, 10.3417320251, 3.4650554657, 1.29657006264, 3.57676887512, 2.04197835922, 0.875627279282, 0.498737514019, 0.665051996708, 1.34309017658, 1.22975504398, 2.12528324127, 1.2368490696, 0.534821867943, 0.455918848515, 0.309485882521, 0.345016181469, 0.181549370289, 0.15198944509, 0.0586682297289, 0.024895099923, 0.0260044690222, 0.0181922540069, 0.0146824158728, 0.0110241677612, 0.00367435906082, 0.000511815189384, 9.80378245004e-05],
        "mean": [0.000177681242349, 0.00357401231304, 0.0178070869297, 0.198465034366, 6.98386240005, 146.972625732, 54.8027420044, 17.9154586792, 2.79677081108, 9.57563018799, 18.4555358887, 0.950162291527, 0.367934972048, 0.775401830673, 0.293128788471, 0.108952790499, 0.187495902181, 0.113744467497, 0.0663470178843, 0.10163551569, 0.155631452799, 0.35041180253, 0.336390018463, 0.400375276804, 0.273748219013, 0.202369406819, 0.113395228982, 0.0743147358298, 0.0396802835166, 0.0123104015365, 0.00718055525795, 0.00379968085326, 0.00322214933112, 0.00229236437008, 0.00156853115186, 0.00102484715171, 0.000539825414307, 0.000223584167543, 8.18343469291e-05, 4.16279908677e-05],
        "median": [0.000135038106237, 0.00220169662498, 0.0148861501366, 0.161816611886, 5.92338228226, 137.229751587, 50.5254325867, 14.9136257172, 2.81938862801, 8.10242366791, 16.9429626465, 0.959726929665, 0.276044905186, 0.717712938786, 0.219044953585, 0.0715792924166, 0.108281634748, 0.0711317509413, 0.0465749949217, 0.0904828086495, 0.168376892805, 0.305868387222, 0.311008542776, 0.408475548029, 0.249836310744, 0.185723215342, 0.106028877199, 0.0745656937361, 0.0325381681323, 0.00822009332478, 0.00428812764585, 0.00222465256229, 0.00181535538286, 0.00145376753062, 0.000947807275224, 0.000513887207489, 0.000327680987539, 0.000153269895236, 7.85278607509e-05, 4.01305078412e-05],
        "min": [3.68307587451e-06, 1.58484035637e-05, 0.000185936660273, 0.00290017528459, 0.0843768119812, 0.821942567825, 0.664018392563, 0.279334008694, 0.0523556470871, 0.104035675526, 0.127933487296, 0.0296537894756, 0.0151272593066, 0.030604345724, 0.00987456273288, 0.00456574652344, 0.00863586459309, 0.00292472075671, 0.00296772597358, 0.00390446931124, 0.0040312227793, 0.00710306549445, 0.0064251460135, 0.0070196329616, 0.00629188679159, 0.00647801160812, 0.00338222738355, 0.004484731704, 0.00128643913195, 0.000252326804912, 0.000120885684737, 6.51939844829e-05, 8.53525853017e-05, 7.73449864937e-05, 4.46713820565e-05, 2.73295790976e-05, 1.63205786521e-05, 8.5163192125e-06, 4.54341943623e-06, 1.1141687537e-06],
        "var": [3.51699362966e-08, 3.54935291398e-05, 0.000638239376713, 0.0345176868141, 39.6307144165, 17329.9433594, 2456.01391602, 252.971450806, 6.59751462936, 73.2034606934, 271.132293701, 0.657172739506, 0.302058011293, 1.07051563263, 0.138501852751, 0.0217796992511, 0.134260952473, 0.0549214445055, 0.0100738788024, 0.0103384759277, 0.0210974458605, 0.101989239454, 0.0881319642067, 0.141467630863, 0.0602776445448, 0.0297777801752, 0.00904558040202, 0.00368476938456, 0.0019097031327, 0.000412640190916, 0.000241112371441, 4.71626299259e-05, 2.47443404078e-05, 1.34868541863e-05, 7.2002867455e-06, 3.32183276441e-06, 1.20995730413e-06, 1.8220745801e-07, 6.7432797124e-09, 1.29307531349e-09]
    },
    "gfcc": {
        "mean": [-190.695846558, 130.155578613, -84.2427368164, 3.36977624893, -74.281539917, -69.6419143677, -44.9157943726, -21.4995861053, -37.6604042053, -14.2860631943, -16.2855758667, -0.878453314304, -2.94239974022],
        "cov": [[5981.10449219, 421.700531006, 614.056030273, 57.3384895325, -58.1927757263, -470.507263184, -510.133972168, 8.81587505341, -29.3609638214, -39.5331192017, -26.6034927368, -173.301361084, -148.976699829], [421.700531006, 241.150985718, 97.1497116089, -16.39686203, 58.268535614, -134.701873779, 13.7513313293, 7.61663532257, 0.804611980915, -1.4577807188, -0.284682095051, -23.60039711, -4.20612812042], [614.056030273, 97.1497116089, 147.712371826, 28.0376472473, 8.00774478912, -87.3932876587, -58.5376701355, 15.8231391907, 9.59522628784, 10.8524484634, -0.768366754055, -19.9229259491, -27.8415851593], [57.3384895325, -16.39686203, 28.0376472473, 56.0939292908, -9.26982021332, -5.98116254807, -20.7468605042, 10.2174777985, 18.3260250092, 7.29189872742, 4.40670061111, -3.67818903923, -3.81978964806], [-58.1927757263, 58.268535614, 8.00774478912, -9.26982021332, 43.7470207214, -4.21721792221, 22.5866527557, 5.19027519226, 4.04257249832, 11.1084299088, 6.11668539047, 2.38686513901, 0.848881423473], [-470.507263184, -134.701873779, -87.3932876587, -5.98116254807, -4.21721792221, 167.617446899, 41.5949440002, 4.51304626465, 6.05698442459, 14.5146827698, 13.763212204, 31.3731079102, 16.3390712738], [-510.133972168, 13.7513313293, -58.5376701355, -20.7468605042, 22.5866527557, 41.5949440002, 77.1320724487, 1.85429608822, -1.26917982101, 2.34305024147, 6.37860059738, 18.8840122223, 20.7563781738], [8.81587505341, 7.61663532257, 15.8231391907, 10.2174777985, 5.19027519226, 4.51304626465, 1.85429608822, 15.6929016113, 4.93802213669, 2.47853183746, 2.13588738441, 3.29443907738, 4.49820518494], [-29.3609638214, 0.804611980915, 9.59522628784, 18.3260250092, 4.04257249832, 6.05698442459, -1.26917982101, 4.93802213669, 14.9293642044, 5.59086084366, 1.92438149452, 1.70881474018, 0.244267374277], [-39.5331192017, -1.4577807188, 10.8524484634, 7.29189872742, 11.1084299088, 14.5146827698, 2.34305024147, 2.47853183746, 5.59086084366, 16.9006938934, 4.51849031448, 0.87748759985, -3.58568572998], [-26.6034927368, -0.284682095051, -0.768366754055, 4.40670061111, 6.11668539047, 13.763212204, 6.37860059738, 2.13588738441, 1.92438149452, 4.51849031448, 9.70657730103, 1.12217879295, -0.498989969492], [-173.301361084, -23.60039711, -19.9229259491, -3.67818903923, 2.38686513901, 31.3731079102, 18.8840122223, 3.29443907738, 1.70881474018, 0.87748759985, 1.12217879295, 16.5823326111, 4.8817691803], [-148.976699829, -4.20612812042, -27.8415851593, -3.81978964806, 0.848881423473, 16.3390712738, 20.7563781738, 4.49820518494, 0.244267374277, -3.58568572998, -0.498989969492, 4.8817691803, 18.5791492462]],
        "icov": [[0.00104420806747, -0.00469129858539, 9.10341841518e-05, -0.000617892364971, 0.00213193916716, -0.00292029092088, 0.00899159349501, -7.74768996052e-05, 0.00427784863859, 0.00117047189269, -0.00131516240072, -0.00128059752751, 0.000235360697843], [-0.00469129858539, 0.0591863505542, -0.0290229637176, 0.0135741727427, -0.0453661195934, 0.0295253954828, -0.0669521018863, 0.0143942404538, -0.0328571349382, 0.0232884138823, -0.00167658959981, 0.0361832492054, -0.0221247971058], [9.10341841518e-05, -0.0290229637176, 0.0516121424735, 0.00100622000173, 0.0323385708034, 0.00249514449388, 0.0308164376765, -0.0531584918499, -0.00383429578505, -0.0429752394557, -0.003872706322, -0.0220289342105, 0.0439204126596], [-0.000617892364971, 0.0135741727427, 0.00100622000173, 0.0566457621753, 0.0146687394008, 0.0186761822551, -0.00435141660273, -0.0281310006976, -0.0654477477074, -0.0159470196813, -0.0343075171113, 0.0095868492499, 0.000192355830222], [0.00213193916716, -0.0453661195934, 0.0323385708034, 0.0146687394008, 0.0918655619025, -0.00701512210071, 0.0318083316088, -0.0396476648748, -0.00912623479962, -0.0614597983658, -0.024086246267, -0.0315552689135, 0.0302391573787], [-0.00292029092088, 0.0295253954828, 0.00249514449388, 0.0186761822551, -0.00701512210071, 0.038669642061, -0.0288764704019, -0.0108798975125, -0.0320113562047, -0.0204565320164, -0.0280168764293, -0.00930731836706, -0.00977952685207], [0.00899159349501, -0.0669521018863, 0.0308164376765, -0.00435141660273, 0.0318083316088, -0.0288764704019, 0.137054547668, -0.00744314678013, 0.0443411804736, -0.0221443064511, -0.0318285450339, -0.0671569257975, -0.0132109131664], [-7.74768996052e-05, 0.0143942404538, -0.0531584918499, -0.0281310006976, -0.0396476648748, -0.0108798975125, -0.00744314678013, 0.16593849659, 0.0186430849135, 0.0368726477027, -0.00493943458423, -0.0257361140102, -0.0897859036922], [0.00427784863859, -0.0328571349382, -0.00383429578505, -0.0654477477074, -0.00912623479962, -0.0320113562047, 0.0443411804736, 0.0186430849135, 0.174420922995, -0.00379695091397, 0.0280390884727, -0.0295417513698, -0.0123312268406], [0.00117047189269, 0.0232884138823, -0.0429752394557, -0.0159470196813, -0.0614597983658, -0.0204565320164, -0.0221443064511, 0.0368726477027, -0.00379695091397, 0.1510874331, 0.00686657940969, 0.0474272035062, 0.000520958274137], [-0.00131516240072, -0.00167658959981, -0.003872706322, -0.0343075171113, -0.024086246267, -0.0280168764293, -0.0318285450339, -0.00493943458423, 0.0280390884727, 0.00686657940969, 0.179930269718, 0.0398612767458, 0.0340269580483], [-0.00128059752751, 0.0361832492054, -0.0220289342105, 0.0095868492499, -0.0315552689135, -0.00930731836706, -0.0671569257975, -0.0257361140102, -0.0295417513698, 0.0474272035062, 0.0398612767458, 0.168566659093, 0.0240879748017], [0.000235360697843, -0.0221247971058, 0.0439204126596, 0.000192355830222, 0.0302391573787, -0.00977952685207, -0.0132109131664, -0.0897859036922, -0.0123312268406, 0.000520958274137, 0.0340269580483, 0.0240879748017, 0.155121445656]]
    },
    "melbands": {
        "dmean": [1.46254774336e-06, 3.90223431168e-06, 1.34349893415e-05, 0.00041198747931, 0.000396026356611, 3.99386954086e-05, 9.4980105132e-06, 2.07133434742e-05, 1.49347561091e-05, 9.10553353606e-07, 1.11052179363e-06, 1.71140447947e-06, 7.59654597005e-07, 1.9281642949e-07, 2.16691404376e-07, 3.02040149336e-07, 1.45735782553e-07, 7.9210913384e-08, 3.85756919741e-08, 9.94226638795e-08, 6.49494111826e-08, 1.25516876892e-07, 1.270818899e-07, 1.52569270995e-07, 1.28181028458e-07, 8.56687236706e-08, 6.64638406533e-08, 4.30356550396e-08, 2.79060099473e-08, 2.14210835736e-08, 1.64893005916e-08, 1.2063864574e-08, 7.42996952852e-09, 3.4536882243e-09, 2.71583400213e-09, 2.42729325528e-09, 1.08271824839e-09, 1.23147669839e-09, 1.10679210241e-09, 1.12585263334e-09],
        "dmean2": [2.35511402025e-06, 6.83465532347e-06, 2.01073253265e-05, 0.000532237289008, 0.000465544406325, 5.98764636379e-05, 1.59566370712e-05, 3.11323965434e-05, 2.29442539421e-05, 1.60124864124e-06, 1.88872240869e-06, 3.1048055007e-06, 1.32310105982e-06, 3.4159114648e-07, 3.85371379252e-07, 5.42231305189e-07, 2.39142735836e-07, 1.41259434372e-07, 6.50961098358e-08, 1.75549871528e-07, 1.15872673234e-07, 2.07362305105e-07, 2.20716827926e-07, 2.73832341691e-07, 2.22482569256e-07, 1.41087227234e-07, 1.21617247828e-07, 7.27014111135e-08, 4.8506361594e-08, 3.70839039476e-08, 2.77780873859e-08, 1.96721590129e-08, 1.21503438422e-08, 6.18403284136e-09, 4.76463313248e-09, 4.32399893668e-09, 1.82937387461e-09, 2.11151229834e-09, 1.85489457127e-09, 1.95240867917e-09],
        "dvar": [7.84533896181e-12, 8.13261541444e-11, 4.03599237364e-10, 8.90623539362e-07, 5.23593485013e-07, 5.76424197263e-09, 2.43029180114e-10, 1.74503622663e-09, 7.69239116849e-10, 2.55526285894e-12, 9.91852260046e-12, 2.47639426326e-11, 1.97022845087e-12, 3.55382905179e-13, 2.93546762418e-13, 1.14260564985e-12, 1.81720293652e-13, 4.97364600676e-14, 3.84966691297e-15, 2.17449061551e-14, 6.73229917994e-15, 2.6164366626e-14, 2.39080605899e-14, 4.11078709592e-14, 5.25635748306e-14, 2.93751805378e-14, 6.06905798268e-15, 2.66178494312e-15, 1.47940540518e-15, 7.59141155818e-16, 3.84699230056e-16, 4.31418126355e-16, 3.94583204577e-16, 7.24719867658e-17, 7.78753621376e-17, 9.85361831696e-17, 1.07439321663e-17, 8.44022340697e-18, 4.84288440615e-18, 1.12371005562e-17],
        "dvar2": [1.8533969498e-11, 1.78746517587e-10, 8.90234719275e-10, 1.04153809843e-06, 6.53188862998e-07, 1.1813713563e-08, 6.75883404799e-10, 3.12533776636e-09, 1.340115241e-09, 7.15624087766e-12, 2.83222334474e-11, 7.22459175817e-11, 5.64482011481e-12, 1.04021554825e-12, 8.35271413667e-13, 3.32377896907e-12, 4.70006412262e-13, 1.43723534051e-13, 1.01553990301e-14, 6.78614404796e-14, 1.8226275388e-14, 6.38991762064e-14, 7.17081288012e-14, 1.35782281686e-13, 1.55631868612e-13, 8.68421071274e-14, 1.73166145187e-14, 7.36572989965e-15, 4.06749795249e-15, 2.05248936845e-15, 1.00668235243e-15, 1.1401814153e-15, 9.89481442609e-16, 2.03640921557e-16, 2.2981329995e-16, 2.88157617571e-16, 2.96952876823e-17, 2.24454929821e-17, 1.2260602561e-17, 3.2389014582e-17],
        "max": [2.13799939957e-05, 7.56076624384e-05, 0.000172161700903, 0.0105436276644, 0.00832020118833, 0.000903122127056, 0.000139944881084, 0.000423438905273, 0.000286758411676, 1.07650203063e-05, 2.78971601801e-05, 4.43590288342e-05, 1.22010824271e-05, 5.17402395417e-06, 4.14125861425e-06, 8.73207864061e-06, 3.1305153243e-06, 1.88543731383e-06, 5.67615472846e-07, 1.06695279101e-06, 7.36655806577e-07, 1.38674647587e-06, 1.00464308161e-06, 1.27082432755e-06, 1.80459721832e-06, 1.54280087372e-06, 5.51208927391e-07, 3.60165330449e-07, 2.85837046476e-07, 2.5854882324e-07, 1.61771495755e-07, 1.98751436642e-07, 1.86891156773e-07, 6.36930721498e-08, 7.600336005e-08, 8.62204672103e-08, 2.69944848696e-08, 2.17380282663e-08, 1.45827030451e-08, 2.70069051567e-08],
        "mean": [2.16231842387e-06, 6.15964654571e-06, 2.75543134194e-05, 0.00492179533467, 0.00372553477064, 0.000312614371069, 3.24021311826e-05, 0.000168092577951, 0.000121497163491, 1.69867541899e-06, 1.80870051736e-06, 3.27797624777e-06, 1.44682474001e-06, 2.97862442267e-07, 3.52455231223e-07, 3.84686927646e-07, 1.93980383756e-07, 1.17103510888e-07, 7.5121761256e-08, 2.11352713109e-07, 1.64171837014e-07, 3.64517774187e-07, 3.03439747995e-07, 3.36048259442e-07, 3.29523658138e-07, 2.43907123831e-07, 1.73123083869e-07, 1.24238979993e-07, 7.65816281501e-08, 5.08253847897e-08, 4.21141734819e-08, 2.56942325194e-08, 1.12197362512e-08, 4.96442531528e-09, 4.01555277918e-09, 3.40538908183e-09, 1.97709359995e-09, 2.25671636933e-09, 2.12329354099e-09, 1.85227977401e-09],
        "median": [1.26044608351e-06, 3.56440091309e-06, 1.33067160277e-05, 0.00454482529312, 0.00348112150095, 0.000253335456364, 3.26545341522e-05, 0.000145998914377, 0.000111869150714, 1.29079069211e-06, 1.22103995182e-06, 2.81019129034e-06, 1.18223306345e-06, 2.00361199632e-07, 2.07591213552e-07, 2.17525325752e-07, 1.06060959126e-07, 8.31566637771e-08, 4.35950369138e-08, 1.89256823546e-07, 1.59453122706e-07, 3.44805414443e-07, 2.0600634798e-07, 3.26831980146e-07, 3.16751908258e-07, 2.28590650408e-07, 1.38086306833e-07, 1.12263357721e-07, 6.65900259378e-08, 4.98994552345e-08, 4.17711909506e-08, 1.85733188829e-08, 7.3416721591e-09, 2.94651014698e-09, 2.41525044409e-09, 1.7819068443e-09, 1.08545139543e-09, 1.17291254487e-09, 1.0770279113e-09, 1.12939346764e-09],
        "min": [1.7011418052e-08, 3.25981801552e-08, 2.05493535077e-07, 3.22682171827e-05, 2.98461181956e-05, 4.79614163851e-06, 5.17532441791e-07, 1.58895352342e-06, 7.79533991135e-07, 1.01214880033e-07, 6.69432651534e-08, 1.22498363453e-07, 4.08883309433e-08, 1.20327507958e-08, 1.61024615863e-08, 9.12801212394e-09, 3.38271521905e-09, 4.87756901535e-09, 3.4478067068e-09, 4.87657647597e-09, 5.36728306244e-09, 6.88295109796e-09, 6.85371404074e-09, 4.56269910742e-09, 6.08037220573e-09, 4.39979519484e-09, 5.19175369362e-09, 4.3241010772e-09, 2.38185715595e-09, 2.13042183894e-09, 2.40710651411e-09, 8.40172487138e-10, 2.12605155703e-10, 9.20552939432e-11, 6.46597775322e-11, 5.53053540464e-11, 3.57566094789e-11, 5.53485174359e-11, 5.07253163085e-11, 6.62188637257e-11],
        "var": [1.14774153723e-11, 1.19435336621e-10, 1.21981724721e-09, 1.94412859855e-05, 1.11982244562e-05, 7.70990880028e-08, 9.45796552188e-10, 2.25449987568e-08, 1.17157785695e-08, 2.98196905536e-12, 8.1496137963e-12, 1.96980036449e-11, 2.29399312046e-12, 2.67749445662e-13, 2.61760936277e-13, 7.3185766258e-13, 1.59555555617e-13, 3.80794198528e-14, 8.16630901898e-15, 4.4365705364e-14, 2.38715111182e-14, 1.12721206609e-13, 7.73660378383e-14, 9.65404785194e-14, 1.00546300615e-13, 5.62909128218e-14, 2.47173345024e-14, 1.17110411063e-14, 4.41443883604e-15, 1.89589605815e-15, 1.23027755704e-15, 7.1572600565e-16, 4.10901400185e-16, 6.68653433391e-17, 6.4031535057e-17, 7.14834860815e-17, 1.20036910161e-17, 1.31026806964e-17, 1.08702484361e-17, 1.03054999718e-17]
    },
    "mfcc": {
        "mean": [-848.144226074, 168.574478149, 18.1980724335, 45.5899238586, -23.7580299377, -38.842628479, -21.5259113312, -25.306350708, -23.0931167603, -27.4791908264, -15.6946125031, -10.5289001465, -12.9239931107],
        "cov": [[4426.01757812, 1004.22058105, -209.291244507, 722.547058105, -58.5874176025, -124.965583801, -316.537597656, -236.38458252, -183.506149292, -147.645217896, 18.2232170105, -50.7727088928, 7.43729877472], [1004.22058105, 441.97946167, -38.2392959595, 246.196609497, -12.71986866, -72.7819137573, -52.5949935913, -55.4388580322, -30.4805927277, -37.3658943176, 11.1721448898, -1.49476587772, -16.2556800842], [-209.291244507, -38.2392959595, 78.6761932373, -11.3089361191, 26.7989768982, 3.74205374718, 7.59772491455, 14.8313732147, 3.61797499657, 19.5065517426, 17.1547260284, 13.8624629974, 4.88027334213], [722.547058105, 246.196609497, -11.3089361191, 243.078674316, -7.23527002335, -63.6166305542, -73.3140335083, -53.9514350891, -23.1938533783, -34.2651367188, 16.7550754547, 6.7947511673, -1.1625469923], [-58.5874176025, -12.71986866, 26.7989768982, -7.23527002335, 43.0314903259, 14.2400474548, 7.52374458313, 7.35713815689, 2.73422956467, 15.6090507507, 13.2996587753, 14.6534404755, 6.68472099304], [-124.965583801, -72.7819137573, 3.74205374718, -63.6166305542, 14.2400474548, 63.1833114624, 27.1753864288, 24.4659996033, 12.0213947296, 19.0476322174, 7.688372612, 6.99603271484, 14.8029661179], [-316.537597656, -52.5949935913, 7.59772491455, -73.3140335083, 7.52374458313, 27.1753864288, 54.0284233093, 30.0703411102, 16.6438045502, 19.4366798401, -0.006642264314, 5.12852954865, 2.75922346115], [-236.38458252, -55.4388580322, 14.8313732147, -53.9514350891, 7.35713815689, 24.4659996033, 30.0703411102, 37.8389091492, 18.608001709, 12.3234224319, -0.939225792885, 5.59621715546, 6.93219518661], [-183.506149292, -30.4805927277, 3.61797499657, -23.1938533783, 2.73422956467, 12.0213947296, 16.6438045502, 18.608001709, 27.4544658661, 9.76896476746, -2.7769472599, 3.21600222588, 5.14348554611], [-147.645217896, -37.3658943176, 19.5065517426, -34.2651367188, 15.6090507507, 19.0476322174, 19.4366798401, 12.3234224319, 9.76896476746, 24.2577438354, 4.78786802292, 3.38755893707, 4.83810567856], [18.2232170105, 11.1721448898, 17.1547260284, 16.7550754547, 13.2996587753, 7.688372612, -0.006642264314, -0.939225792885, -2.7769472599, 4.78786802292, 24.1302394867, 7.82991361618, -0.449956119061], [-50.7727088928, -1.49476587772, 13.8624629974, 6.7947511673, 14.6534404755, 6.99603271484, 5.12852954865, 5.59621715546, 3.21600222588, 3.38755893707, 7.82991361618, 16.6911792755, 5.12889957428], [7.43729877472, -16.2556800842, 4.88027334213, -1.1625469923, 6.68472099304, 14.8029661179, 2.75922346115, 6.93219518661, 5.14348554611, 4.83810567856, -0.449956119061, 5.12889957428, 17.843870163]],
