{
"lowlevel": {
    "average_loudness": 0.952980697155,
    "barkbands_crest": {
        "dmean": 1.26262676716,
        "dmean2": 2.12713193893,
        "dvar": 2.01970076561,
        "dvar2": 5.17859840393,
        "max": 20.7213630676,
        "mean": 5.4984164238,
        "median": 4.57592105865,
        "min": 3.07556200027,
        "var": 6.6362953186
    },
    "barkbands_flatness_db": {
        "dmean": 0.0085282837972,
        "dmean2": 0.0149798858911,
        "dvar": 0.000136998016387,
        "dvar2": 0.000312394782668,
        "max": 0.236777871847,
        "mean": 0.0830798447132,
        "median": 0.0777376592159,
        "min": 0.0580249652267,
        "var": 0.000442257995019
    },
    "barkbands_kurtosis": {
        "dmean": 0.343566417694,
        "dmean2": 0.590584456921,
        "dvar": 1.41486310959,
        "dvar2": 2.65887331963,
        "max": 17.7642707825,
        "mean": -0.913523614407,
        "median": -1.37740969658,
        "min": -1.58599233627,
        "var": 3.77622079849
    },
    "barkbands_skewness": {
        "dmean": 0.255867183208,
        "dmean2": 0.438532501459,
        "dvar": 0.0770217776299,
        "dvar2": 0.164276838303,
        "max": 3.96968197823,
        "mean": 0.277693718672,
        "median": 0.144278079271,
        "min": -0.677494525909,
        "var": 0.35812908411
    },
    "barkbands_spread": {
        "dmean": 3.58653450012,
        "dmean2": 5.85395097733,
        "dvar": 11.1595611572,
        "dvar2": 26.650056839,
        "max": 49.4670677185,
        "mean": 37.2919044495,
        "median": 38.5186958313,
        "min": 4.03639936447,
        "var": 56.0216140747
    },
    "dissonance": {
        "dmean": 0.00699254591018,
        "dmean2": 0.0112408287823,
        "dvar": 0.000139367009979,
        "dvar2": 0.00029904616531,
        "max": 0.500000059605,
        "mean": 0.489422559738,
        "median": 0.491421192884,
        "min": 0.37017416954,
        "var": 0.000179137656232
    },
    "dynamic_complexity": 1.29024481773,
    "erbbands_crest": {
        "dmean": 1.35138142109,
        "dmean2": 2.33839297295,
        "dvar": 1.52866709232,
        "dvar2": 2.87637758255,
        "max": 25.2489719391,
        "mean": 8.07832241058,
        "median": 7.56289339066,
        "min": 5.31665849686,
        "var": 5.86002826691
    },
    "erbbands_flatness_db": {
        "dmean": 0.00825424026698,
        "dmean2": 0.0140113448724,
        "dvar": 9.48522792896e-05,
        "dvar2": 0.000213749328395,
        "max": 0.291095644236,
        "mean": 0.157564207911,
        "median": 0.155057296157,
        "min": 0.123052641749,
        "var": 0.000287541013677
    },
    "erbbands_kurtosis": {
        "dmean": 0.582615971565,
        "dmean2": 0.961496829987,
        "dvar": 0.387506335974,
        "dvar2": 0.871708154678,
        "max": 6.13383769989,
        "mean": 0.0797852799296,
        "median": 0.0858392715454,
        "min": -1.69744157791,
        "var": 0.924592256546
    },
    "erbbands_skewness": {
        "dmean": 0.21104902029,
        "dmean2": 0.345049381256,
        "dvar": 0.0660266280174,
        "dvar2": 0.132852181792,
        "max": 2.4898660183,
        "mean": -0.907801508904,
        "median": -1.07113313675,
        "min": -1.75617933273,
        "var": 0.362924844027
    },
    "erbbands_spread": {
        "dmean": 4.1295466423,
        "dmean2": 6.78134155273,
        "dvar": 11.9463062286,
        "dvar2": 30.3760261536,
        "max": 48.5954818726,
        "mean": 33.3428649902,
        "median": 33.0316085815,
        "min": 11.3798141479,
        "var": 36.7449989319
    },
    "hfc": {
        "dmean": 3.64262413979,
        "dmean2": 5.95829153061,
        "dvar": 154.086242676,
        "dvar2": 396.854888916,
        "max": 215.867034912,
        "mean": 28.0792579651,
        "median": 25.6642951965,
        "min": 0.544056653976,
        "var": 210.568191528
    },
    "melbands_crest": {
        "dmean": 2.05554485321,
        "dmean2": 3.53475570679,
        "dvar": 4.00488996506,
        "dvar2": 9.64020729065,
        "max": 22.8907985687,
        "mean": 8.14214801788,
        "median": 7.00709104538,
        "min": 3.56749844551,
        "var": 11.4329099655
    },
    "melbands_flatness_db": {
        "dmean": 0.0133955143392,
        "dmean2": 0.0232165269554,
        "dvar": 0.000240317880525,
        "dvar2": 0.000586130132433,
        "max": 0.303286463022,
        "mean": 0.138988807797,
        "median": 0.131426155567,
        "min": 0.094679929316,
        "var": 0.000825106864795
    },
    "melbands_kurtosis": {
        "dmean": 1.24552345276,
        "dmean2": 2.13503551483,
        "dvar": 4.93767642975,
        "dvar2": 9.82541751862,
        "max": 36.74451828,
        "mean": 1.48765897751,
        "median": 0.462894439697,
        "min": -1.35252857208,
        "var": 15.5003976822
    },
    "melbands_skewness": {
        "dmean": 0.318184345961,
        "dmean2": 0.54439753294,
        "dvar": 0.100628763437,
        "dvar2": 0.245215699077,
        "max": 4.93697738647,
        "mean": 1.39250445366,
        "median": 1.26313591003,
        "min": 0.227330431342,
        "var": 0.35092189908
    },
    "melbands_spread": {
        "dmean": 7.14137125015,
        "dmean2": 12.0527620316,
        "dvar": 42.8304100037,
        "dvar2": 106.25038147,
        "max": 77.3439407349,
        "mean": 53.3831939697,
        "median": 56.8877182007,
        "min": 4.19207620621,
        "var": 205.530975342
    },
    "pitch_salience": {
        "dmean": 0.0500592030585,
        "dmean2": 0.0839920043945,
        "dvar": 0.00218501011841,
        "dvar2": 0.00550858676434,
        "max": 0.864099800587,
        "mean": 0.715482413769,
        "median": 0.729401230812,
        "min": 0.323459625244,
        "var": 0.0052459994331
    },
    "silence_rate_20dB": {
        "dmean": 0,
        "dmean2": 0,
        "dvar": 0,
        "dvar2": 0,
        "max": 1,
        "mean": 1,
        "median": 1,
        "min": 1,
        "var": 0
    },
    "silence_rate_30dB": {
        "dmean": 0.0066666668281,
        "dmean2": 0.0133779263124,
        "dvar": 0.00662223109975,
        "dvar2": 0.0131989913061,
        "max": 1,
        "mean": 0.983388721943,
        "median": 1,
        "min": 0,
        "var": 0.0163354221731
    },
    "silence_rate_60dB": {
        "dmean": 0,
        "dmean2": 0,
        "dvar": 0,
        "dvar2": 0,
        "max": 0,
        "mean": 0,
        "median": 0,
        "min": 0,
        "var": 0
    },
    "spectral_centroid": {
        "dmean": 133.700866699,
        "dmean2": 220.380432129,
        "dvar": 21338.3730469,
        "dvar2": 48526.859375,
        "max": 2888.22290039,
        "mean": 2425.6875,
        "median": 2528.73754883,
        "min": 710.317626953,
        "var": 118848.546875
    },
    "spectral_complexity": {
        "dmean": 3.72666668892,
        "dmean2": 6.48495006561,
        "dvar": 11.5452871323,
        "dvar2": 24.3902454376,
        "max": 49,
        "mean": 39.5780715942,
        "median": 40,
        "min": 0,
        "var": 17.2605037689
    },
    "spectral_decrease": {
        "dmean": 1.20607757115e-09,
        "dmean2": 2.01213512518e-09,
        "dvar": 3.11594833933e-17,
        "dvar2": 7.88885657438e-17,
        "max": -8.3519760552e-11,
        "mean": -4.77213735195e-09,
        "median": -3.38908301423e-09,
        "min": -9.00622154631e-08,
        "var": 4.47327396955e-17
    },
    "spectral_energy": {
        "dmean": 0.00476913806051,
        "dmean2": 0.00794274080545,
        "dvar": 0.000492157007102,
        "dvar2": 0.00124714325648,
        "max": 0.359495669603,
        "mean": 0.0205580331385,
        "median": 0.0150041468441,
        "min": 0.000364571053069,
        "var": 0.000704188365489
    },
    "spectral_energyband_high": {
        "dmean": 0.000133940426167,
        "dmean2": 0.000230599733186,
        "dvar": 1.13660103551e-08,
        "dvar2": 2.91129254038e-08,
        "max": 0.00111744587775,
        "mean": 0.000753168016672,
        "median": 0.000743644486647,
        "min": 1.84251639439e-05,
        "var": 1.58995359101e-08
    },
    "spectral_energyband_low": {
        "dmean": 0.00157062138896,
        "dmean2": 0.00273497006856,
        "dvar": 5.53529207536e-06,
        "dvar2": 1.57895647135e-05,
        "max": 0.0275204908103,
        "mean": 0.00230247876607,
        "median": 0.00167054450139,
        "min": 7.1484108048e-05,
        "var": 6.84776114213e-06
    },
    "spectral_energyband_middle_high": {
        "dmean": 0.00103375210892,
        "dmean2": 0.00172803667374,
        "dvar": 2.6451039048e-06,
        "dvar2": 6.80546281728e-06,
        "max": 0.0278964806348,
        "mean": 0.0069551509805,
        "median": 0.00666473107412,
        "min": 0.000128242143546,
        "var": 3.6124943108e-06
    },
    "spectral_energyband_middle_low": {
        "dmean": 0.00369876693003,
        "dmean2": 0.00605746591464,
        "dvar": 0.000433409004472,
        "dvar2": 0.00109432300087,
        "max": 0.331191182137,
        "mean": 0.0107151987031,
        "median": 0.00587443355471,
        "min": 0.000155431771418,
        "var": 0.000628480804153
    },
    "spectral_entropy": {
        "dmean": 0.0442328080535,
        "dmean2": 0.0754567086697,
        "dvar": 0.00311255920678,
        "dvar2": 0.00718724587932,
        "max": 7.96030330658,
        "mean": 7.71047592163,
        "median": 7.72832584381,
        "min": 6.92619752884,
        "var": 0.00939319189638
    },
    "spectral_flux": {
        "dmean": 0.012092766352,
        "dmean2": 0.0197434220463,
        "dvar": 0.00119606405497,
        "dvar2": 0.00313581502996,
        "max": 0.553812384605,
        "mean": 0.0655997619033,
        "median": 0.0588346906006,
        "min": 0.0449608974159,
        "var": 0.00117089261767
    },
    "spectral_kurtosis": {
        "dmean": 1.03740370274,
        "dmean2": 1.82258963585,
        "dvar": 0.887907743454,
        "dvar2": 2.14374375343,
        "max": 20.2336273193,
        "mean": 8.72067165375,
        "median": 8.60701179504,
        "min": 5.9047908783,
        "var": 1.64709758759
    },
    "spectral_rms": {
        "dmean": 0.000388639396988,
        "dmean2": 0.000649136316497,
        "dvar": 9.42614292399e-07,
        "dvar2": 2.20940160034e-06,
        "max": 0.0187277197838,
        "mean": 0.00422447640449,
        "median": 0.00382598908618,
        "min": 0.000596388359554,
        "var": 2.21041773329e-06
    },
    "spectral_rolloff": {
        "dmean": 177.289901733,
        "dmean2": 301.176879883,
        "dvar": 73205.1484375,
        "dvar2": 163918.9375,
        "max": 3509.91210938,
        "mean": 3034.46362305,
        "median": 3186.9140625,
        "min": 516.796875,
        "var": 263761.28125
    },
    "spectral_skewness": {
        "dmean": 0.128215059638,
        "dmean2": 0.217687621713,
        "dvar": 0.0177722740918,
        "dvar2": 0.0328504629433,
        "max": 3.46900963783,
        "mean": 1.38092601299,
        "median": 1.35737860203,
        "min": 0.966002643108,
        "var": 0.030853221193
    },
    "spectral_spread": {
        "dmean": 139685.578125,
        "dmean2": 218601.921875,
        "dvar": 25680027648,
        "dvar2": 43975741440,
        "max": 5466967.5,
        "mean": 2883858,
        "median": 2874111.75,
        "min": 2496674,
        "var": 46868135936
    },
    "spectral_strongpeak": {
        "dmean": 0.459949582815,
        "dmean2": 0.823153674603,
        "dvar": 0.472845762968,
        "dvar2": 1.16950142384,
        "max": 7.7409491539,
        "mean": 0.868712067604,
        "median": 0.800256431103,
        "min": 0.00340924155898,
        "var": 0.94458180666
    },
    "zerocrossingrate": {
        "dmean": 0.00690429704264,
        "dmean2": 0.00922345276922,
        "dvar": 4.35988986283e-05,
        "dvar2": 5.88514267292e-05,
        "max": 0.130859375,
        "mean": 0.0963633581996,
        "median": 0.10009765625,
        "min": 0.02734375,
        "var": 0.000281790678855
    },
    "barkbands": {
        "dmean": [2.56795319729e-05, 0.00122653192375, 0.000478027912322, 0.000241850415478, 0.000843360496219, 0.000541214772966, 0.00172728754114, 0.00136032071896, 0.000441575306468, 0.000201460759854, 0.000240218781983, 0.000123990772408, 0.000161115618539, 4.33044515376e-05, 3.39658981829e-05, 0.000211766120628, 0.00050790066598, 0.000385785184335, 0.000347550172592, 0.000160038718604, 7.39591778256e-05, 3.1000796298e-05, 1.92150741896e-06, 1.54987219503e-06, 1.67906125625e-06, 2.73970545095e-06, 8.29886994325e-06],
        "dmean2": [4.46390986326e-05, 0.00216769753024, 0.000833290454466, 0.000417462317273, 0.0015268769348, 0.000853997422382, 0.00253701885231, 0.00247010285966, 0.000822320755105, 0.000336409866577, 0.000401233119192, 0.000213650404476, 0.000296932499623, 7.62425115681e-05, 5.68389514228e-05, 0.00036899119732, 0.000886786729097, 0.000667182845064, 0.000589392380789, 0.00027059201966, 0.00012189685367, 5.44848880963e-05, 3.21638594869e-06, 2.65784092335e-06, 2.85568376057e-06, 4.64955974167e-06, 1.37327751872e-05],
        "dvar": [8.51827053339e-10, 4.86928593091e-06, 2.47355387728e-07, 7.80814559675e-08, 7.93267190602e-07, 1.14828469577e-06, 0.000145908852573, 4.33123677794e-05, 5.71095642954e-06, 7.11058589786e-08, 2.68458222763e-07, 1.08815974897e-07, 5.0274206842e-07, 1.28992960757e-09, 1.33388233792e-09, 9.19625833262e-08, 1.71023202711e-07, 9.39063298233e-08, 7.76054065454e-08, 1.3666322296e-08, 3.91157772839e-09, 6.21829088221e-10, 2.53624486864e-12, 1.78957629965e-12, 2.51161786681e-12, 1.20738089665e-11, 4.81342465886e-11],
        "dvar2": [2.22496066016e-09, 1.42966873682e-05, 6.59430895666e-07, 2.13481683886e-07, 2.27961368182e-06, 2.67838936452e-06, 0.000305179186398, 0.000127304869238, 1.67846883414e-05, 1.55823045134e-07, 5.43589180779e-07, 2.74315340221e-07, 1.48320282278e-06, 3.83550391447e-09, 3.87579035532e-09, 2.75763596846e-07, 4.58344146637e-07, 2.65897142526e-07, 1.97480787278e-07, 4.25663237991e-08, 1.10087805538e-08, 1.80302395236e-09, 6.73906026469e-12, 4.41625165257e-12, 5.23855438195e-12, 3.12620068721e-11, 1.16356806135e-10],
        "max": [0.000191351005924, 0.0257523600012, 0.00334236305207, 0.00254225707613, 0.00739674689248, 0.014891654253, 0.194672852755, 0.0890834107995, 0.0288731399924, 0.00417819013819, 0.00760618038476, 0.00454884720966, 0.00890380237252, 0.000321300962241, 0.000395424343878, 0.00408494239673, 0.00362254749052, 0.00308017292991, 0.00264536752366, 0.00104749167804, 0.000549899588805, 0.000203957068152, 1.77544825419e-05, 1.82074309123e-05, 2.87226175715e-05, 6.74692055327e-05, 8.99923907127e-05],
        "mean": [3.01834152197e-05, 0.00155345629901, 0.000554296886548, 0.00031742171268, 0.00153565953951, 0.00140098563861, 0.00405931612477, 0.00285971001722, 0.000438341579866, 0.000342742016073, 0.000417186471168, 0.000216286018258, 0.000249867181992, 9.44385028561e-05, 9.5476025308e-05, 0.000653855444398, 0.00170787447132, 0.00156318710651, 0.00132903712802, 0.000608746078797, 0.000288702809485, 9.31989925448e-05, 8.99968745216e-06, 6.85338000039e-06, 8.93360356713e-06, 1.38202158269e-05, 7.03088080627e-05],
        "median": [1.7314167053e-05, 0.00092866551131, 0.000405084341764, 0.000224724280997, 0.00135184498504, 0.000889508752152, 0.000765744654927, 0.00203764927574, 0.000199583329959, 0.000254970655078, 0.00026183880982, 0.000136471615406, 0.000197693661903, 8.99637379916e-05, 8.66969348863e-05, 0.000620502280071, 0.00164217175916, 0.00155755050946, 0.00129607704002, 0.000599331746344, 0.000284292938886, 9.02143729036e-05, 8.70419353305e-06, 6.56471274851e-06, 8.55485177453e-06, 1.32474151542e-05, 7.07774524926e-05],
        "min": [3.50983100361e-07, 1.59448172781e-05, 1.12305915536e-05, 1.52597185661e-05, 4.79804366478e-05, 6.69131986797e-06, 4.09721214965e-05, 3.00136143778e-05, 2.49938943853e-06, 3.13088048642e-06, 1.64603568464e-06, 1.78264701844e-06, 3.12506290356e-06, 1.36183689392e-06, 3.02032185573e-06, 1.16475885079e-05, 3.7536068703e-05, 3.62960963685e-05, 2.60400793195e-05, 8.01522219263e-06, 9.80855747912e-06, 7.95603227743e-07, 1.88181331851e-07, 1.88853903182e-07, 4.93523145906e-07, 4.50668920848e-07, 1.76201251634e-06],
        "var": [1.23024879173e-09, 5.47027957509e-06, 2.85623713125e-07, 1.0237011594e-07, 1.00723048035e-06, 3.0188036817e-06, 0.000287178874714, 3.18475722452e-05, 3.45381295119e-06, 1.43269303976e-07, 5.94489563355e-07, 1.49780305492e-07, 2.74943744216e-07, 1.76462666701e-09, 1.33773114808e-09, 6.73430875509e-08, 2.46178302632e-07, 1.32411273057e-07, 1.18060171417e-07, 2.10015489444e-08, 5.10501996231e-09, 7.9825296373e-10, 4.13039524458e-12, 3.13432049412e-12, 5.44340440778e-12, 2.05495134797e-11, 7.35890098857e-11]
    },
    "erbbands": {
        "dmean": [0.0204038564116, 0.321251600981, 0.631341636181, 0.616455733776, 1.76724135876, 3.42725539207, 6.17546701431, 3.29245853424, 8.10430145264, 45.4495391846, 23.138217926, 9.02672958374, 6.70985794067, 6.73498153687, 7.39043045044, 4.69173765182, 7.07999897003, 1.81822776794, 2.09442830086, 6.06215906143, 9.74584197998, 31.7544631958, 19.5972633362, 20.4755363464, 11.8944597244, 7.51740217209, 3.9130628109, 2.72949528694, 1.1596634388, 0.115725159645, 0.0581234246492, 0.0315938815475, 0.0319252423942, 0.019705818966, 0.0150404879823, 0.00830337870866, 0.00703351804987, 0.00291297375225, 0.00116314308252, 0.000179130045581],
        "dmean2": [0.0371626727283, 0.565818786621, 1.085308671, 1.06499707699, 3.20214486122, 6.19887781143, 10.0380477905, 5.31524181366, 11.7751665115, 69.8565673828, 40.8716278076, 16.8566703796, 11.7396469116, 11.1073274612, 11.5148162842, 8.30225086212, 12.9202299118, 3.17680931091, 3.5740506649, 10.6361904144, 16.9803676605, 55.6546363831, 33.8390083313, 35.7810516357, 19.5847187042, 12.8042678833, 6.58127164841, 4.59884643555, 2.0049533844, 0.192914366722, 0.0999331027269, 0.0537119843066, 0.0545600019395, 0.033771481365, 0.0253465734422, 0.0135045861825, 0.0121290264651, 0.00498422654346, 0.00195259926841, 0.000298007566016],
        "dvar": [0.00174654088914, 0.322924107313, 0.545881569386, 0.406365007162, 3.45530343056, 16.1989898682, 136.046646118, 39.0104675293, 1520.87060547, 107778.820312, 11375.2119141, 2344.89550781, 289.594268799, 58.4354629517, 467.330413818, 279.135742188, 906.047607422, 3.16549110413, 3.11995720863, 126.293983459, 99.9370040894, 622.719360352, 262.150726318, 251.103302002, 80.2192153931, 32.2312774658, 8.92765140533, 4.92056131363, 0.817875444889, 0.00839648768306, 0.00236059399322, 0.000815280771349, 0.000709121464752, 0.000430234533269, 0.000162367403391, 0.000149207480717, 7.38999078749e-05, 5.87866634305e-06, 9.95338155008e-07, 1.92987901215e-08],
        "dvar2": [0.0058665862307, 0.920410871506, 1.38324153423, 1.10426938534, 10.1891326904, 47.4798316956, 327.688446045, 97.515045166, 3143.74780273, 254404.875, 33534.1601562, 6938.05078125, 672.322631836, 135.539291382, 976.689575195, 796.981872559, 2666.63330078, 9.20140647888, 8.66356658936, 389.810150146, 282.327606201, 1685.06347656, 762.776733398, 667.706848145, 223.784622192, 99.6812744141, 25.9157524109, 13.4122829437, 2.28663492203, 0.0212428364903, 0.00624417932704, 0.0020636159461, 0.00190660206135, 0.000919852056541, 0.000412313645938, 0.000352456263499, 0.000198418507352, 1.59844184964e-05, 2.53889993473e-06, 4.86074398509e-08],
        "max": [0.43757301569, 6.57511758804, 5.38883686066, 4.84708690643, 16.2098369598, 38.7743339539, 167.724945068, 83.1343307495, 645.282958984, 5203.20361328, 1492.07519531, 588.608520508, 217.691299438, 103.650093079, 320.948974609, 213.290496826, 378.444213867, 21.642824173, 15.2198324203, 143.796554565, 139.260848999, 214.998062134, 157.500137329, 131.931976318, 92.4980239868, 49.5246162415, 26.5183582306, 18.0602588654, 7.79826116562, 1.03792583942, 0.538430571556, 0.308462232351, 0.382098197937, 0.331421911716, 0.201879397035, 0.230193004012, 0.1531239748, 0.0262303836644, 0.0113887283951, 0.00191335636191],
        "mean": [0.0237062703818, 0.410376220942, 0.804825186729, 0.897178292274, 2.41146039963, 5.8185749054, 12.5410680771, 8.57919406891, 21.8927135468, 97.8256072998, 51.4795303345, 10.6693000793, 10.5716705322, 13.6341714859, 14.1821584702, 8.13979244232, 10.8599052429, 5.20526790619, 5.57975816727, 18.2460422516, 37.4334716797, 106.783691406, 84.7515411377, 86.4843521118, 47.7952156067, 28.6965904236, 15.104475975, 9.72667980194, 3.99051570892, 0.579296112061, 0.257566541433, 0.146106928587, 0.123657479882, 0.0955328792334, 0.0682352259755, 0.0353780910373, 0.0297877788544, 0.0171260610223, 0.00780378375202, 0.00137056014501],
        "median": [0.012897352688, 0.237839773297, 0.588070571423, 0.700105965137, 2.04133009911, 4.89421415329, 6.87969064713, 6.65749931335, 11.4917888641, 21.9707355499, 34.1682395935, 5.57420063019, 6.56034851074, 10.799785614, 8.06765651703, 5.65113162994, 8.34289455414, 4.84994745255, 5.22251987457, 17.3905506134, 36.597114563, 104.011795044, 82.1258544922, 85.4648361206, 46.2955436707, 28.1233253479, 14.692111969, 9.4186296463, 3.7956867218, 0.56885355711, 0.248402073979, 0.14150620997, 0.119585715234, 0.091695792973, 0.0650999844074, 0.0320083536208, 0.0288240406662, 0.0170254819095, 0.00779223674908, 0.00137653318234],
        "min": [0.000550684344489, 0.00660059647635, 0.0270688664168, 0.0667484924197, 0.109814152122, 0.166144013405, 0.0791753530502, 0.063129529357, 0.343214839697, 0.916940748692, 0.418705254793, 0.0718204900622, 0.0522560887039, 0.123834453523, 0.0553762726486, 0.0889849066734, 0.151961222291, 0.0470254421234, 0.166367933154, 0.455713868141, 0.597939491272, 2.2319021225, 1.84803342819, 1.93000257015, 0.839070320129, 0.345888197422, 0.516875684261, 0.224578678608, 0.036557842046, 0.00928214937449, 0.00524563528597, 0.0024920781143, 0.00464370427653, 0.00444925809279, 0.00410931697115, 0.00137229484972, 0.00100417097565, 0.000520092609804, 0.000192783641978, 2.80779040622e-05],
        "var": [0.00155132159125, 0.370418667793, 0.711975634098, 0.524185299873, 3.15149116516, 17.7810173035, 373.021057129, 64.9188766479, 3039.39477539, 164986.109375, 10215.6914062, 1431.65515137, 394.052337646, 130.301010132, 934.037475586, 218.975601196, 507.042633057, 3.76242876053, 4.02852106094, 78.4357681274, 105.31452179, 939.160705566, 365.063323975, 350.416107178, 140.564178467, 44.7093734741, 12.5613336563, 6.49563837051, 1.09617102146, 0.0137726441026, 0.00367811787874, 0.00121044064872, 0.00127084273845, 0.00076915853424, 0.00033922487637, 0.00028409389779, 0.000107700470835, 8.12887537904e-06, 1.36427206598e-06, 3.11665218078e-08]
    },
    "gfcc": {
        "mean": [32.9214897156, 66.2699050903, -125.078269958, 23.5634059906, -31.1877307892, -46.0395507812, -16.3697528839, 9.61184692383, -16.5463409424, -0.282477110624, -10.9323940277, 3.7249519825, -8.72754383087],
        "cov": [[234.702285767, 84.9922485352, 2.36248207092, -39.8927345276, -38.3953475952, -8.71298789978, 17.4993839264, 11.7542552948, 11.1159200668, 10.6681232452, 18.4848423004, 14.9804477692, 0.117604777217], [84.9922485352, 103.201957703, 31.8589248657, -14.4686346054, -16.6086444855, -4.27013158798, 17.3599128723, 17.2382640839, 13.6827096939, 13.3876199722, 16.58984375, 7.46590471268, -1.53835868835], [2.36248207092, 31.8589248657, 63.7444152832, 55.7008476257, 34.8104248047, 20.3629455566, 9.92947769165, 15.5153598785, 12.4272155762, 10.881814003, 2.52946138382, 1.02430617809, 2.12859416008], [-39.8927345276, -14.4686346054, 55.7008476257, 95.7039489746, 71.0933532715, 34.9832077026, 9.93454456329, 6.49395227432, 10.8751544952, 5.54165792465, -4.71915340424, -3.77206707001, 5.31496477127], [-38.3953475952, -16.6086444855, 34.8104248047, 71.0933532715, 69.4024124146, 40.2149467468, 15.1934309006, 7.87258720398, 8.69486713409, 3.04014730453, -4.34112739563, -4.36601829529, 3.03214335442], [-8.71298789978, -4.27013158798, 20.3629455566, 34.9832077026, 40.2149467468, 43.1861610413, 23.1210575104, 14.5739860535, 8.90915298462, 3.5886490345, 0.68744713068, -0.258879810572, 1.88226985931], [17.4993839264, 17.3599128723, 9.92947769165, 9.93454456329, 15.1934309006, 23.1210575104, 32.3786735535, 20.5611553192, 12.9329166412, 6.40771341324, 5.81889057159, 4.02598142624, 2.69224405289], [11.7542552948, 17.2382640839, 15.5153598785, 6.49395227432, 7.87258720398, 14.5739860535, 20.5611553192, 29.7304096222, 19.2972145081, 12.4710588455, 7.31323480606, 4.18327951431, 2.98126888275], [11.1159200668, 13.6827096939, 12.4272155762, 10.8751544952, 8.69486713409, 8.90915298462, 12.9329166412, 19.2972145081, 26.1701602936, 18.5114440918, 10.5298929214, 5.00440406799, 4.35786247253], [10.6681232452, 13.3876199722, 10.881814003, 5.54165792465, 3.04014730453, 3.5886490345, 6.40771341324, 12.4710588455, 18.5114440918, 26.4139232635, 15.9832630157, 7.53866624832, 3.74999547005], [18.4848423004, 16.58984375, 2.52946138382, -4.71915340424, -4.34112739563, 0.68744713068, 5.81889057159, 7.31323480606, 10.5298929214, 15.9832630157, 23.5299491882, 13.7150421143, 6.40097999573], [14.9804477692, 7.46590471268, 1.02430617809, -3.77206707001, -4.36601829529, -0.258879810572, 4.02598142624, 4.18327951431, 5.00440406799, 7.53866624832, 13.7150421143, 18.7487621307, 10.7907428741], [0.117604777217, -1.53835868835, 2.12859416008, 5.31496477127, 3.03214335442, 1.88226985931, 2.69224405289, 2.98126888275, 4.35786247253, 3.74999547005, 6.40097999573, 10.7907428741, 17.7386627197]],
        "icov": [[0.00707798358053, -0.00661293324083, 0.00409356504679, -0.00368176749907, 0.00627005333081, -0.00390861183405, -0.000856591796037, 0.00164469389711, -0.00156066531781, -0.000207173041417, 0.00203492422588, -0.00478237681091, 0.00179019419011], [-0.00661293324083, 0.0364100001752, -0.0451899841428, 0.0349256396294, -0.0148518783972, 0.0190292242914, -0.024752182886, 0.0156319309026, -0.0113386912271, 0.00912709627301, -0.0187397859991, 0.0118524227291, 0.00021677002951], [0.00409356504679, -0.0451899841428, 0.106451794505, -0.0899204015732, 0.0407402701676, -0.0286342203617, 0.0397306717932, -0.0501228161156, 0.0303902626038, -0.0215061735362, 0.0227388367057, -0.0186742991209, 0.00892589241266], [-0.00368176749907, 0.0349256396294, -0.0899204015732, 0.127195820212, -0.0945683047175, 0.0351486168802, -0.0241082273424, 0.0420789532363, -0.0316612832248, 0.0131457159296, -0.010524279438, 0.0128699317575, -0.0142775923014], [0.00627005333081, -0.0148518783972, 0.0407402701676, -0.0945683047175, 0.126892417669, -0.0644422098994, 0.00834952574223, -0.00549433333799, 0.00551508553326, -0.00632396247238, 0.00703135598451, 0.00178413605317, 0.00328021706082], [-0.00390861183405, 0.0190292242914, -0.0286342203617, 0.0351486168802, -0.0644422098994, 0.0940164402127, -0.0474785342813, -0.00142548070289, 0.00391682609916, 0.0059719691053, -0.0120571106672, 0.00518775591627, 0.00203574565239], [-0.000856591796037, -0.024752182886, 0.0397306717932, -0.0241082273424, 0.00834952574223, -0.0474785342813, 0.102886468172, -0.0554482974112, 0.00380860990845, 0.00604313332587, 0.00503690121695, -0.0128627968952, 0.0014232796384], [0.00164469389711, 0.0156319309026, -0.0501228161156, 0.0420789532363, -0.00549433333799, -0.00142548070289, -0.0554482974112, 0.122611865401, -0.0681643262506, 0.0060161924921, 0.00132647319697, 0.00384620390832, -0.00369378575124], [-0.00156066531781, -0.0113386912271, 0.0303902626038, -0.0316612832248, 0.00551508553326, 0.00391682609916, 0.00380860990845, -0.0681643262506, 0.134855091572, -0.0674475356936, 0.00501185515895, 0.00698854168877, -0.0105445506051], [-0.000207173041417, 0.00912709627301, -0.0215061735362, 0.0131457159296, -0.00632396247238, 0.0059719691053, 0.00604313332587, 0.0060161924921, -0.0674475356936, 0.116192251444, -0.0618069060147, 0.00886121112853, 0.00687285372987], [0.00203492422588, -0.0187397859991, 0.0227388367057, -0.010524279438, 0.00703135598451, -0.0120571106672, 0.00503690121695, 0.00132647319697, 0.00501185515895, -0.0618069060147, 0.129970267415, -0.073224529624, 0.00735516287386], [-0.00478237681091, 0.0118524227291, -0.0186742991209, 0.0128699317575, 0.00178413605317, 0.00518775591627, -0.0128627968952, 0.00384620390832, 0.00698854168877, 0.00886121112853, -0.073224529624, 0.143863320351, -0.0647871121764], [0.00179019419011, 0.00021677002951, 0.00892589241266, -0.0142775923014, 0.00328021706082, 0.00203574565239, 0.0014232796384, -0.00369378575124, -0.0105445506051, 0.00687285372987, 0.00735516287386, -0.0647871121764, 0.0971104800701]]
    },
    "melbands": {
        "dmean": [0.000274832505966, 0.000364348554285, 0.000117526848044, 0.000175643261173, 0.000191011917195, 7.6976895798e-05, 0.00018412573263, 0.00045827566646, 0.000175996843609, 5.06682226842e-05, 3.35190234182e-05, 2.75574584521e-05, 2.99380353681e-05, 1.4144290617e-05, 2.01889397431e-05, 1.02141711977e-05, 3.41652116731e-06, 4.24826612289e-06, 3.52829306394e-06, 1.62465094036e-05, 1.13100195449e-05, 3.40304468409e-05, 2.29968245549e-05, 1.96342334675e-05, 1.90252176253e-05, 1.37705446832e-05, 7.16143267709e-06, 5.61854267289e-06, 2.93861535283e-06, 2.17415572479e-06, 1.89933325601e-06, 9.71037138697e-07, 1.79883642204e-07, 4.48443095991e-08, 4.01093451785e-08, 3.62058081294e-08, 1.97295975113e-08, 2.54262602084e-08, 2.01846734882e-08, 2.16235598316e-08],
        "dmean2": [0.000489171070512, 0.000627398840152, 0.000205054922844, 0.000320805847878, 0.000318481936119, 0.000121158460388, 0.000269421754638, 0.000738757371437, 0.000303479260765, 9.40748795983e-05, 5.79185507377e-05, 4.49476319773e-05, 4.80843300465e-05, 2.41591787926e-05, 3.6963418097e-05, 1.82939093065e-05, 5.95907431489e-06, 7.27703400116e-06, 5.92623291595e-06, 2.90584011964e-05, 1.96266501007e-05, 5.96883874096e-05, 3.9159818698e-05, 3.37278106599e-05, 3.35660042765e-05, 2.23161296162e-05, 1.25136048155e-05, 9.7551064755e-06, 4.96316442877e-06, 3.55639531335e-06, 3.20921503771e-06, 1.7074050902e-06, 3.09515002073e-07, 7.38118473009e-08, 6.86878749434e-08, 6.24670661864e-08, 3.43722668106e-08, 4.35617337757e-08, 3.4481217881e-08, 3.62933718634e-08],
        "dvar": [2.75340568123e-07, 2.56582012526e-07, 1.4142425897e-08, 4.75921311249e-08, 1.04966204617e-07, 1.87125390738e-08, 1.203927809e-06, 9.74344857241e-06, 6.37529240066e-07, 6.43354454155e-08, 5.94569860013e-09, 7.11774694739e-10, 6.51211484737e-09, 1.19394905074e-09, 9.93107018843e-09, 8.84553152947e-10, 7.88158600884e-12, 1.25671296286e-11, 1.53269966163e-11, 8.21596291001e-10, 7.59536600281e-11, 7.56310902794e-10, 2.9297900217e-10, 2.61552002279e-10, 2.23556784196e-10, 1.21106596973e-10, 2.90892917393e-11, 1.96014576098e-11, 4.55095900201e-12, 3.45206133644e-12, 2.48896302874e-12, 5.80504828235e-13, 2.64673604756e-14, 1.20167463084e-15, 1.03689792348e-15, 9.76735608456e-16, 3.36883955485e-16, 4.36002427484e-16, 3.46791699869e-16, 4.40000952391e-16],
        "dvar2": [8.75175430792e-07, 6.56043198433e-07, 3.9433107446e-08, 1.40914522717e-07, 2.56681801147e-07, 4.44065122451e-08, 2.42731925937e-06, 2.35896932281e-05, 1.9223577965e-06, 1.88597510942e-07, 1.33483677445e-08, 1.81530313004e-09, 1.27098260805e-08, 2.88512103097e-09, 2.93206330326e-08, 2.5859689945e-09, 2.32799352712e-11, 3.58656992994e-11, 4.73837115378e-11, 2.47618969773e-09, 2.05746350512e-10, 2.0246853083e-09, 8.72457328605e-10, 7.29570737157e-10, 5.85389903218e-10, 3.18542692224e-10, 8.0257446522e-11, 5.73756910038e-11, 1.34322032663e-11, 1.02323488224e-11, 6.89502318088e-12, 1.62494854811e-12, 7.09780135057e-14, 3.20977439065e-15, 3.06411987559e-15, 2.50358332901e-15, 9.33792202701e-16, 1.17712454554e-15, 9.30661463049e-16, 1.01047398954e-15],
        "max": [0.00590984150767, 0.00538894347847, 0.00105517031625, 0.00205270200968, 0.00452797440812, 0.00173237011768, 0.0178636908531, 0.0491985008121, 0.0105504840612, 0.00299993390217, 0.0010793749243, 0.000358927354682, 0.00114978512283, 0.000492754566949, 0.00120147271082, 0.000383661419619, 2.153150308e-05, 3.13081145578e-05, 4.59522052552e-05, 0.000365604122635, 9.93469802779e-05, 0.000218586428673, 0.000156749068992, 0.000161005169502, 0.000113869376946, 9.97128445306e-05, 5.07379008923e-05, 3.64876505046e-05, 1.81297400559e-05, 1.51105368786e-05, 1.26051736515e-05, 5.90311401538e-06, 1.25735402889e-06, 3.4047934605e-07, 3.33680986842e-07, 2.7261927471e-07, 1.93689430716e-07, 2.41535559553e-07, 2.98199239523e-07, 2.88765278356e-07],
        "mean": [0.000335411430569, 0.000496955239214, 0.0001882831275, 0.000284408655716, 0.000394660484744, 0.000210515034269, 0.000471544917673, 0.00102745613549, 0.000343357940437, 5.29661083419e-05, 5.20640460309e-05, 5.41959489055e-05, 5.54555299459e-05, 2.52110767178e-05, 2.54019523709e-05, 1.91563976841e-05, 8.65214951773e-06, 9.44528619584e-06, 9.43919712881e-06, 4.44458419224e-05, 3.83444603358e-05, 0.000108868145617, 8.92761454452e-05, 7.20034295227e-05, 7.22345575923e-05, 4.61009476567e-05, 2.4021604986e-05, 1.76800804184e-05, 9.96831113298e-06, 6.76987883708e-06, 5.49077913092e-06, 2.75683441942e-06, 6.28824238902e-07, 1.7180396128e-07, 1.46171032611e-07, 1.2450794884e-07, 7.42175387813e-08, 8.80719994711e-08, 7.51147410938e-08, 8.47247534352e-08],
        "median": [0.000201554910745, 0.000331340183038, 0.0001563825208, 0.000246913696174, 0.000252525263932, 0.000163790595252, 0.00016756549303, 0.000336127210176, 0.000231194149819, 2.58249510807e-05, 3.22183514072e-05, 4.43024327978e-05, 3.10468749376e-05, 1.58444581757e-05, 1.72413365362e-05, 1.66982172232e-05, 8.16847114038e-06, 8.70614621817e-06, 8.81910364114e-06, 4.27077902714e-05, 3.7452136894e-05, 0.000106628496724, 8.64945614012e-05, 7.0148256782e-05, 7.13320405339e-05, 4.44098332082e-05, 2.31534559134e-05, 1.69441718754e-05, 9.96407106868e-06, 6.57135024085e-06, 5.29624367118e-06, 2.62623893832e-06, 5.97275857217e-07, 1.66110311284e-07, 1.4195173037e-07, 1.19948666111e-07, 7.18038535297e-08, 8.49693861937e-08, 7.13126695473e-08, 8.19160419496e-08],
        "min": [7.540774277e-06, 1.2544848687e-05, 1.35971049531e-05, 1.18895150081e-05, 3.61567526852e-06, 1.36344374368e-06, 6.19648335487e-06, 9.84736107057e-06, 2.63206447926e-06, 3.20662906006e-07, 2.60094878968e-07, 5.20762512224e-07, 1.97002933078e-07, 1.58939030825e-07, 3.64509617157e-07, 2.4726912784e-07, 5.76073695413e-08, 2.79135917935e-07, 2.44236218805e-07, 9.36443598221e-07, 5.74199702896e-07, 2.19565276893e-06, 2.1567307158e-06, 1.66094469023e-06, 1.60468414379e-06, 8.16423153083e-07, 3.18300863e-07, 2.19423171188e-07, 3.33883861003e-07, 3.00312876789e-07, 7.05363234488e-08, 2.13699884455e-08, 8.89906992541e-09, 3.3872753491e-09, 3.57165585996e-09, 1.76137560093e-09, 1.22848287099e-09, 3.19178083963e-09, 2.90431589889e-09, 4.37968594724e-09],
        "var": [2.72326388995e-07, 3.46887958358e-07, 1.73032734807e-08, 4.56988082931e-08, 2.69205997938e-07, 3.73697695011e-08, 2.48472883868e-06, 1.40387010106e-05, 4.83625854031e-07, 3.89206498141e-08, 8.98352858769e-09, 1.61044144686e-09, 1.46807916934e-08, 1.79161618874e-09, 5.48094103436e-09, 5.21207910165e-10, 1.16272130812e-11, 1.67762088943e-11, 1.49011063905e-11, 5.09935149662e-10, 1.16407612716e-10, 1.08467679283e-09, 4.87574647323e-10, 3.68237829118e-10, 2.94749419316e-10, 1.99135485879e-10, 4.63326460531e-11, 2.51286595698e-11, 7.10590830968e-12, 4.36722186192e-12, 3.13557144659e-12, 7.58076598457e-13, 3.34118278563e-14, 2.13679307538e-15, 1.62470861333e-15, 1.32682671341e-15, 4.33869016188e-16, 7.19181582437e-16, 6.37190010753e-16, 7.27865417152e-16]
    },
    "mfcc": {
        "mean": [-617.766662598, 119.526123047, -41.6306419373, 61.6542205811, -9.08751487732, -23.8162956238, -1.54930865765, -0.65444880724, 4.46110439301, -11.1110963821, 4.47001218796, 9.31213283539, 2.59980273247],
        "cov": [[236.784713745, 78.1664123535, 7.60756206512, -33.4085197449, -49.1463470459, -23.0495815277, -7.7668800354, 1.7813564539, -7.59036111832, -2.84808135033, 4.07938337326, 11.8938941956, 20.7751960754], [78.1664123535, 99.7493362427, 25.3033237457, -16.623872757, -33.9104499817, -23.3006153107, -2.85252141953, 1.65379011631, -1.22829329967, 1.714605093, 9.05086898804, 15.3678512573, 20.2760448456], [7.60756206512, 25.3033237457, 44.3237266541, 25.9555416107, 17.5383300781, 7.65280294418, 6.66843605042, 6.67049026489, 8.97575187683, 8.89470672607, 7.92880964279, 7.79255867004, 7.43877840042], [-33.4085197449, -16.623872757, 25.9555416107, 61.1926383972, 48.8493652344, 29.953502655, 12.8020706177, 6.62564992905, 13.2583150864, 11.9240846634, 8.06289100647, 0.977170526981, -4.89555072784], [-49.1463470459, -33.9104499817, 17.5383300781, 48.8493652344, 65.3384017944, 41.2398681641, 18.8843612671, 11.9726276398, 14.7870407104, 14.4416828156, 7.32383298874, -1.5243858099, -7.75222492218], [-23.0495815277, -23.3006153107, 7.65280294418, 29.953502655, 41.2398681641, 43.7655258179, 22.3868942261, 13.7254705429, 12.9972639084, 9.69486427307, 7.1117978096, 0.809228777885, -5.3088350296], [-7.7668800354, -2.85252141953, 6.66843605042, 12.8020706177, 18.8843612671, 22.3868942261, 28.319896698, 18.0946540833, 12.4359493256, 7.62942934036, 5.70047140121, 2.45266246796, 0.229261428118], [1.7813564539, 1.65379011631, 6.67049026489, 6.62564992905, 11.9726276398, 13.7254705429, 18.0946540833, 27.2879695892, 16.1450748444, 8.23955440521, 4.47504377365, 2.13608241081, 1.37454748154], [-7.59036111832, -1.22829329967, 8.97575187683, 13.2583150864, 14.7870407104, 12.9972639084, 12.4359493256, 16.1450748444, 26.8895454407, 14.8742609024, 8.15549373627, 2.09674286842, -0.377695977688], [-2.84808135033, 1.714605093, 8.89470672607, 11.9240846634, 14.4416828156, 9.69486427307, 7.62942934036, 8.23955440521, 14.8742609024, 23.4947395325, 12.1076669693, 5.25658750534, 2.74237656593], [4.07938337326, 9.05086898804, 7.92880964279, 8.06289100647, 7.32383298874, 7.1117978096, 5.70047140121, 4.47504377365, 8.15549373627, 12.1076669693, 21.6687927246, 11.0830078125, 6.43510723114], [11.8938941956, 15.3678512573, 7.79255867004, 0.977170526981, -1.5243858099, 0.809228777885, 2.45266246796, 2.13608241081, 2.09674286842, 5.25658750534, 11.0830078125, 22.0209159851, 13.5735836029], [20.7751960754, 20.2760448456, 7.43877840042, -4.89555072784, -7.75222492218, -5.3088350296, 0.229261428118, 1.37454748154, -0.377695977688, 2.74237656593, 6.43510723114, 13.5735836029, 23.3274517059]],
