{
"lowlevel": {
    "average_loudness": 0.984019041061,
    "barkbands_crest": {
        "dmean": 2.16364169121,
        "dmean2": 3.64372944832,
        "dvar": 4.15206193924,
        "dvar2": 12.0444335938,
        "max": 20.6687679291,
        "mean": 13.8226118088,
        "median": 13.7022008896,
        "min": 4.45231962204,
        "var": 7.83142518997
    },
    "barkbands_flatness_db": {
        "dmean": 0.0237716343254,
        "dmean2": 0.038398437202,
        "dvar": 0.000418931740569,
        "dvar2": 0.00099260348361,
        "max": 0.421470731497,
        "mean": 0.324188441038,
        "median": 0.333429247141,
        "min": 0.0914373621345,
        "var": 0.00329057569616
    },
    "barkbands_kurtosis": {
        "dmean": 6.36723136902,
        "dmean2": 11.1083221436,
        "dvar": 29.1637134552,
        "dvar2": 68.6769790649,
        "max": 58.5844154358,
        "mean": 20.918138504,
        "median": 23.4640350342,
        "min": -0.699222803116,
        "var": 125.126296997
    },
    "barkbands_skewness": {
        "dmean": 0.475364953279,
        "dmean2": 0.772678673267,
        "dvar": 0.151528909802,
        "dvar2": 0.328283160925,
        "max": 4.21361494064,
        "mean": 2.64922380447,
        "median": 2.73654699326,
        "min": -1.05884194374,
        "var": 0.716711044312
    },
    "barkbands_spread": {
        "dmean": 0.928740203381,
        "dmean2": 1.62082135677,
        "dvar": 2.59573030472,
        "dvar2": 6.6138510704,
        "max": 20.22914505,
        "mean": 2.82068634033,
        "median": 1.62090981007,
        "min": 0.716633856297,
        "var": 12.8272895813
    },
    "dissonance": {
        "dmean": 0.0306745134294,
        "dmean2": 0.0499908290803,
        "dvar": 0.000583368295338,
        "dvar2": 0.00156670890283,
        "max": 0.495651841164,
        "mean": 0.402451097965,
        "median": 0.402471393347,
        "min": 0.319455206394,
        "var": 0.00149944494478
    },
    "dynamic_complexity": 1.63623332977,
    "erbbands_crest": {
        "dmean": 3.46815347672,
        "dmean2": 5.98058176041,
        "dvar": 8.31926059723,
        "dvar2": 23.5386180878,
        "max": 21.940290451,
        "mean": 13.6329441071,
        "median": 13.3940925598,
        "min": 6.11465215683,
        "var": 15.5816717148
    },
    "erbbands_flatness_db": {
        "dmean": 0.0176539681852,
        "dmean2": 0.0294656511396,
        "dvar": 0.000316712539643,
        "dvar2": 0.000747065409087,
        "max": 0.363740891218,
        "mean": 0.283698648214,
        "median": 0.286492466927,
        "min": 0.115485094488,
        "var": 0.00197064713575
    },
    "erbbands_kurtosis": {
        "dmean": 2.54316544533,
        "dmean2": 3.96153140068,
        "dvar": 4.36032915115,
        "dvar2": 11.6226863861,
        "max": 20.0428771973,
        "mean": 6.647108078,
        "median": 6.20829868317,
        "min": -1.53073477745,
        "var": 31.7782745361
    },
    "erbbands_skewness": {
        "dmean": 0.460699051619,
        "dmean2": 0.750296473503,
        "dvar": 0.0985577702522,
        "dvar2": 0.302031129599,
        "max": 3.9540848732,
        "mean": 2.00547599792,
        "median": 2.26716089249,
        "min": -0.691714704037,
        "var": 1.12056791782
    },
    "erbbands_spread": {
        "dmean": 3.2276570797,
        "dmean2": 5.1413602829,
        "dvar": 20.2057285309,
        "dvar2": 49.6028556824,
        "max": 53.4333534241,
        "mean": 12.716963768,
        "median": 11.0232248306,
        "min": 4.02174472809,
        "var": 58.6440734863
    },
    "hfc": {
        "dmean": 3.20174980164,
        "dmean2": 5.16972875595,
        "dvar": 50.3787155151,
        "dvar2": 91.9175949097,
        "max": 65.9446182251,
        "mean": 9.43002223969,
        "median": 8.61430263519,
        "min": 0.0769448652864,
        "var": 77.986289978
    },
    "melbands_crest": {
        "dmean": 3.4995572567,
        "dmean2": 5.44258832932,
        "dvar": 7.32635641098,
        "dvar2": 19.8486690521,
        "max": 26.5119838715,
        "mean": 17.2469081879,
        "median": 17.0885601044,
        "min": 5.66405534744,
        "var": 19.6329078674
    },
    "melbands_flatness_db": {
        "dmean": 0.0249700583518,
        "dmean2": 0.0398491472006,
        "dvar": 0.000469738908578,
        "dvar2": 0.00103178550489,
        "max": 0.533656299114,
        "mean": 0.438829779625,
        "median": 0.44824758172,
        "min": 0.186694279313,
        "var": 0.00396981043741
    },
    "melbands_kurtosis": {
        "dmean": 7.65974330902,
        "dmean2": 12.941986084,
        "dvar": 53.5718421936,
        "dvar2": 143.749511719,
        "max": 54.2044525146,
        "mean": 21.3747653961,
        "median": 20.0101127625,
        "min": -0.268937110901,
        "var": 125.823074341
    },
    "melbands_skewness": {
        "dmean": 0.678968966007,
        "dmean2": 1.08740067482,
        "dvar": 0.393986225128,
        "dvar2": 0.962822854519,
        "max": 5.39924001694,
        "mean": 2.81431913376,
        "median": 2.78495597839,
        "min": -0.756388068199,
        "var": 1.02662086487
    },
    "melbands_spread": {
        "dmean": 1.0769867897,
        "dmean2": 1.74001610279,
        "dvar": 3.23056006432,
        "dvar2": 7.65444421768,
        "max": 23.652130127,
        "mean": 3.42313027382,
        "median": 2.03942465782,
        "min": 1.01453256607,
        "var": 15.9809017181
    },
    "pitch_salience": {
        "dmean": 0.0882133990526,
        "dmean2": 0.144655093551,
        "dvar": 0.00639009103179,
        "dvar2": 0.0179537665099,
        "max": 0.770007669926,
        "mean": 0.603366136551,
        "median": 0.6306656003,
        "min": 0.304163187742,
        "var": 0.00960860587656
    },
    "silence_rate_20dB": {
        "dmean": 0,
        "dmean2": 0,
        "dvar": 0,
        "dvar2": 0,
        "max": 1,
        "mean": 1,
        "median": 1,
        "min": 1,
        "var": 0
    },
    "silence_rate_30dB": {
        "dmean": 0,
        "dmean2": 0,
        "dvar": 0,
        "dvar2": 0,
        "max": 1,
        "mean": 1,
        "median": 1,
        "min": 1,
        "var": 0
    },
    "silence_rate_60dB": {
        "dmean": 0.00909090880305,
        "dmean2": 0.0183486230671,
        "dvar": 0.00900829117745,
        "dvar2": 0.018011925742,
        "max": 1,
        "mean": 0.0360360369086,
        "median": 0,
        "min": 0,
        "var": 0.034737508744
    },
    "spectral_centroid": {
        "dmean": 42.2244491577,
        "dmean2": 68.5401229858,
        "dvar": 5580.48242188,
        "dvar2": 14437.9912109,
        "max": 1221.75634766,
        "mean": 311.431518555,
        "median": 259.649810791,
        "min": 200.49180603,
        "var": 34412.6210938
    },
    "spectral_complexity": {
        "dmean": 1.52727270126,
        "dmean2": 2.53210997581,
        "dvar": 4.30380058289,
        "dvar2": 7.88199234009,
        "max": 25,
        "mean": 8.77477455139,
        "median": 9,
        "min": 0,
        "var": 9.59791946411
    },
    "spectral_decrease": {
        "dmean": 3.06104674941e-09,
        "dmean2": 5.17172571435e-09,
        "dvar": 1.1168341995e-17,
        "dvar2": 2.34756207035e-17,
        "max": -2.9392138029e-11,
        "mean": -9.68600488704e-09,
        "median": -9.6147765305e-09,
        "min": -2.44412738937e-08,
        "var": 2.95256891869e-17
    },
    "spectral_energy": {
        "dmean": 0.0118373492733,
        "dmean2": 0.0199572052807,
        "dvar": 0.000172662344994,
        "dvar2": 0.000360286416253,
        "max": 0.0982280373573,
        "mean": 0.0374123975635,
        "median": 0.0370949953794,
        "min": 0.000117911957204,
        "var": 0.000445166922873
    },
    "spectral_energyband_high": {
        "dmean": 9.79737023954e-07,
        "dmean2": 1.46549257352e-06,
        "dvar": 2.34359797194e-12,
        "dvar2": 5.26351878749e-12,
        "max": 1.45550775414e-05,
        "mean": 4.4729408728e-06,
        "median": 4.25118651037e-06,
        "min": 1.78642721949e-07,
        "var": 7.6562003265e-12
    },
    "spectral_energyband_low": {
        "dmean": 0.00196848926134,
        "dmean2": 0.00349660567008,
        "dvar": 3.33183697876e-06,
        "dvar2": 1.22586916405e-05,
        "max": 0.0105347866192,
        "mean": 0.00434580910951,
        "median": 0.00414809491485,
        "min": 2.31582052947e-05,
        "var": 5.75287549509e-06
    },
    "spectral_energyband_middle_high": {
        "dmean": 0.000705485639628,
        "dmean2": 0.00134381244425,
        "dvar": 1.74694541784e-05,
        "dvar2": 3.40123115166e-05,
        "max": 0.0343913137913,
        "mean": 0.00134742667433,
        "median": 0.000310758914566,
        "min": 1.62737960636e-05,
        "var": 2.86255999526e-05
    },
    "spectral_energyband_middle_low": {
        "dmean": 0.0113710425794,
        "dmean2": 0.0194798931479,
        "dvar": 0.000126561702928,
        "dvar2": 0.000285197224002,
        "max": 0.0812086984515,
        "mean": 0.0339275673032,
        "median": 0.0332138612866,
        "min": 8.00196503405e-05,
        "var": 0.000381853140425
    },
    "spectral_entropy": {
        "dmean": 0.215993374586,
        "dmean2": 0.357405364513,
        "dvar": 0.0341674163938,
        "dvar2": 0.0807949826121,
        "max": 7.74586296082,
        "mean": 5.82470417023,
        "median": 5.72795534134,
        "min": 5.00031900406,
        "var": 0.247763648629
    },
    "spectral_flux": {
        "dmean": 0.0293685290962,
        "dmean2": 0.052564740181,
        "dvar": 0.00114215165377,
        "dvar2": 0.00291894702241,
        "max": 0.303879916668,
        "mean": 0.0729898884892,
        "median": 0.0636306926608,
        "min": 0.0107385469601,
        "var": 0.00203017168678
    },
    "spectral_kurtosis": {
        "dmean": 14.1665382385,
        "dmean2": 25.0453491211,
        "dvar": 193.9375,
        "dvar2": 455.750366211,
        "max": 100.132759094,
        "mean": 39.0038528442,
        "median": 33.1782226562,
        "min": 5.93594074249,
        "var": 578.107543945
    },
    "spectral_rms": {
        "dmean": 0.000958136632107,
        "dmean2": 0.00159358570818,
        "dvar": 1.16677995265e-06,
        "dvar2": 2.34459662352e-06,
        "max": 0.00978939421475,
        "mean": 0.00572513509542,
        "median": 0.00601583253592,
        "min": 0.000339169666404,
        "var": 3.72272279492e-06
    },
    "spectral_rolloff": {
        "dmean": 48.9390983582,
        "dmean2": 88.7009963989,
        "dvar": 9390.84863281,
        "dvar2": 20986.5429688,
        "max": 1205.859375,
        "mean": 322.803924561,
        "median": 279.931640625,
        "min": 193.798828125,
        "var": 32394.7851562
    },
    "spectral_skewness": {
        "dmean": 0.889629542828,
        "dmean2": 1.56342828274,
        "dvar": 0.63961315155,
        "dvar2": 1.44118309021,
        "max": 7.6868519783,
        "mean": 4.488260746,
        "median": 4.2665271759,
        "min": 1.47453546524,
        "var": 2.2625310421
    },
    "spectral_spread": {
        "dmean": 387219.90625,
        "dmean2": 606806,
        "dvar": 1.08380546662e+12,
        "dvar2": 1.23646928486e+12,
        "max": 13219807,
        "mean": 1980925.5,
        "median": 1866891.625,
        "min": 731629.6875,
        "var": 1.49724253389e+12
    },
    "spectral_strongpeak": {
        "dmean": 0.362078428268,
        "dmean2": 0.581145703793,
        "dvar": 0.230908945203,
        "dvar2": 0.436081916094,
        "max": 4.62443065643,
        "mean": 1.13636493683,
        "median": 1.14158511162,
        "min": 0.0257275700569,
        "var": 0.4030572474
    },
    "zerocrossingrate": {
        "dmean": 0.00222833803855,
        "dmean2": 0.00260267336853,
        "dvar": 9.2052441687e-06,
        "dvar2": 1.28092224259e-05,
        "max": 0.05078125,
        "mean": 0.0138918217272,
        "median": 0.01171875,
        "min": 0.0068359375,
        "var": 5.60680564377e-05
    },
    "barkbands": {
        "dmean": [9.8720920505e-07, 0.000254503102042, 0.00017717317678, 0.00683644972742, 0.0065523982048, 0.000729806430172, 0.00041426930693, 0.000462889292976, 0.000357880606316, 0.000593045260757, 0.000135112146381, 0.000130317348521, 0.000238039778196, 1.91553735931e-05, 7.01181716067e-06, 5.25097220816e-06, 1.89494767255e-05, 3.14730073114e-06, 2.16851140067e-06, 8.47703518048e-07, 6.04698357165e-07, 2.0889119412e-07, 3.67195696072e-08, 2.77011587002e-08, 3.56737253071e-08, 6.25027709589e-08, 7.33498595196e-08],
        "dmean2": [1.55134307533e-06, 0.00031855943962, 0.000294653174933, 0.011710784398, 0.0112674534321, 0.0010451170383, 0.000617110054009, 0.000651346694212, 0.000598353391979, 0.000798625929747, 0.000219549096073, 0.000194824358914, 0.000434658984886, 3.1730356568e-05, 1.05290710053e-05, 8.93655123946e-06, 3.58853685611e-05, 5.42752150068e-06, 3.68938867723e-06, 1.34922527195e-06, 1.00377872059e-06, 3.47939902667e-07, 5.29300159258e-08, 4.17173211531e-08, 4.92628018378e-08, 8.94325680179e-08, 1.14823194508e-07],
        "dvar": [1.08098044405e-11, 6.04035648166e-08, 2.94547195523e-08, 4.67984355055e-05, 2.96492362395e-05, 2.86013960249e-06, 2.6290358619e-06, 1.36053097322e-06, 3.41325880981e-06, 8.59950341692e-06, 2.09633185477e-07, 5.14415944508e-07, 2.0468596631e-06, 9.56629175874e-09, 1.26507326836e-09, 6.91309398615e-10, 5.50706014124e-09, 1.80589695975e-10, 4.18731230245e-11, 3.11077509238e-12, 5.75324618675e-13, 3.70371729163e-14, 5.82525352486e-15, 4.11034087897e-15, 6.69789863085e-15, 1.8591185652e-14, 5.80246537396e-15],
        "dvar2": [1.28458545884e-11, 1.11884645548e-07, 6.71850770573e-08, 0.000129556632601, 8.58501080074e-05, 6.05274726695e-06, 6.36064896753e-06, 2.76772311736e-06, 5.99540999247e-06, 1.7498867237e-05, 4.90545232879e-07, 1.18383866266e-06, 5.97107691647e-06, 1.70899294716e-08, 2.91877233494e-09, 1.46001588597e-09, 1.34358559833e-08, 4.76520822801e-10, 8.58964080419e-11, 7.91623624291e-12, 1.50826703557e-12, 1.05904102491e-13, 8.47703966755e-15, 4.67674249343e-15, 9.08660777508e-15, 3.20347216907e-14, 1.43000811659e-14],
        "max": [3.41885752277e-05, 0.00337022636086, 0.00178660149686, 0.0434839352965, 0.037312772125, 0.0145218651742, 0.0144131090492, 0.0120540484786, 0.016197938472, 0.0296705830842, 0.0043322276324, 0.00665073376149, 0.0117645533755, 0.000911431037821, 0.000332353287376, 0.000227568816626, 0.000453714979813, 0.000115926719445, 5.65903683309e-05, 1.59234277817e-05, 6.31494822301e-06, 1.50688254053e-06, 7.80737252626e-07, 7.21881747268e-07, 7.79063611844e-07, 1.34119284212e-06, 1.25993847178e-06],
        "mean": [9.67498863247e-07, 0.0014132411452, 0.000764092605095, 0.0134758064523, 0.0172125753015, 0.00128115795087, 0.000704447913449, 0.000744474236853, 0.000443405966507, 0.000737768015824, 0.000161759016919, 0.000158069015015, 0.000238081731368, 2.44534330704e-05, 6.84470387569e-06, 6.1610639932e-06, 2.31598569371e-05, 4.62730304207e-06, 5.14781004313e-06, 2.56238877228e-06, 1.9891165266e-06, 5.61513218145e-07, 1.23106332239e-07, 8.38958911231e-08, 1.05294233776e-07, 1.49424593587e-07, 4.82399627799e-07],
        "median": [4.06621751381e-07, 0.00141275569331, 0.000792960170656, 0.0107446052134, 0.0167090836912, 0.000867684197146, 0.000470259576105, 0.000514616782311, 8.97670324775e-05, 5.64888869121e-05, 8.42495064717e-05, 3.53346913471e-05, 4.87135403091e-05, 3.99784858018e-06, 1.7204914684e-06, 2.2698459361e-06, 1.3336459233e-05, 3.27442967318e-06, 4.2852821025e-06, 2.37021845351e-06, 2.03737113225e-06, 5.17880664574e-07, 1.02682840009e-07, 7.45744941355e-08, 8.74532375406e-08, 1.17364677976e-07, 4.92335743729e-07],
        "min": [5.0996247225e-09, 1.14505173769e-05, 3.30467651111e-06, 1.22613973872e-05, 3.5928642319e-05, 3.52671463588e-06, 9.71811573436e-07, 1.80779588845e-05, 3.39666053151e-06, 3.4671290905e-06, 1.00539227788e-06, 5.3662887467e-07, 1.89473587398e-06, 1.10616019811e-06, 3.44503803262e-07, 3.35092465775e-07, 6.36167555967e-07, 1.61812408805e-07, 1.16934209871e-07, 7.43087653632e-08, 5.66581199735e-08, 2.21316334148e-08, 4.75688066714e-09, 2.32446240034e-09, 3.2289939611e-09, 2.23741492e-09, 1.51447459018e-08],
        "var": [1.09244644581e-11, 6.70726990393e-07, 1.66309561678e-07, 0.000112677713332, 9.94617585093e-05, 2.99854377772e-06, 2.1856069452e-06, 1.65309700151e-06, 4.57205987914e-06, 1.25969127112e-05, 1.96023350441e-07, 5.90502281739e-07, 1.27811767925e-06, 1.33762583232e-08, 1.18747633948e-09, 6.84146406194e-10, 4.24010426769e-09, 1.24793689271e-10, 4.4462846599e-11, 3.87253727349e-12, 1.65011331422e-12, 1.37778203018e-13, 1.01386769057e-14, 6.09985821822e-15, 9.33149008232e-15, 2.85747513433e-14, 8.64778151974e-14]
    },
    "erbbands": {
        "dmean": [0.00189819023944, 0.0715170577168, 0.289519309998, 9.72707080841, 31.5572490692, 19.0764808655, 32.2202987671, 4.55282115936, 4.41946172714, 7.03583097458, 10.9328260422, 8.86347579956, 14.3951101303, 15.1640939713, 5.34122943878, 6.71453142166, 10.5623531342, 2.3912730217, 0.649418890476, 0.252952307463, 0.43456992507, 1.18628549576, 0.246516123414, 0.103924930096, 0.0808792039752, 0.039594784379, 0.0284685194492, 0.0193609390408, 0.00785079132766, 0.00194764172193, 0.00100565119646, 0.000630692113191, 0.00049214909086, 0.000401874975068, 0.00030373519985, 0.000213051433093, 0.000145887825056, 3.82003454433e-05, 1.262105161e-05, 1.34890051413e-05],
        "dmean2": [0.00269113411196, 0.0896253213286, 0.46154499054, 17.0110149384, 53.3375358582, 31.5231647491, 41.9693565369, 7.72351312637, 6.79529380798, 10.8499555588, 16.4923057556, 13.7882204056, 26.8009090424, 22.3077888489, 7.04525613785, 11.3845100403, 19.0821895599, 4.07354879379, 1.15387010574, 0.384361416101, 0.745837152004, 2.20671963692, 0.398801356554, 0.182897180319, 0.129450052977, 0.0636450722814, 0.0471435263753, 0.0333322510123, 0.0132487807423, 0.00300475023687, 0.00142728129867, 0.000937779084779, 0.000717113842256, 0.0005662527401, 0.000427773076808, 0.000305675377604, 0.000222822360229, 5.63877292734e-05, 2.00783615583e-05, 2.29362613027e-05],
        "dvar": [3.71933833776e-06, 0.00486025912687, 0.050101261586, 87.3823776245, 855.644897461, 419.242828369, 798.816223145, 157.222625732, 142.462432861, 717.440917969, 866.467712402, 2195.10888672, 4761.57861328, 4685.48828125, 457.502960205, 1607.89318848, 4128.93359375, 150.703765869, 13.4569883347, 1.752389431, 3.94066977501, 20.9580059052, 0.978101670742, 0.138843014836, 0.0616659000516, 0.00550058251247, 0.00173590611666, 0.000488489749841, 5.54934849788e-05, 8.59091505845e-06, 3.9815558921e-06, 2.13194061871e-06, 1.07938512883e-06, 7.31736463422e-07, 4.05898674671e-07, 3.05242224385e-07, 6.76829969848e-08, 3.29190119608e-09, 2.5071753007e-10, 2.16011625254e-10],
        "dvar2": [7.45887746234e-06, 0.0087618175894, 0.141516312957, 268.274810791, 2021.57373047, 1484.2220459, 2319.19824219, 307.570159912, 289.482452393, 1527.58215332, 1411.45068359, 4115.73388672, 14165.2617188, 7663.15136719, 830.894775391, 4427.6015625, 12018.9003906, 381.787811279, 26.314907074, 4.11592388153, 8.7970457077, 52.0132369995, 2.32890272141, 0.26928576827, 0.146787211299, 0.0133431190625, 0.00435006385669, 0.00121117837261, 0.000142655859236, 1.48141034515e-05, 5.4016923059e-06, 2.49089976023e-06, 1.27499151859e-06, 9.14611973712e-07, 6.3797904204e-07, 5.52391099973e-07, 1.19355391348e-07, 5.16856557553e-09, 5.87306148159e-10, 4.61127497298e-10],
        "max": [0.0230855755508, 0.972837626934, 2.77303385735, 55.3474311829, 191.24432373, 106.584999084, 174.557525635, 101.108558655, 103.430702209, 239.676330566, 317.508880615, 426.843566895, 585.972351074, 702.11541748, 231.179382324, 347.625061035, 521.739196777, 114.219535828, 30.9755840302, 12.4597988129, 16.7211647034, 28.2663898468, 8.51602745056, 3.08355760574, 2.26619553566, 0.667501866817, 0.344726890326, 0.162493214011, 0.0652333199978, 0.0281048249453, 0.022447956726, 0.0165327657014, 0.0116521846503, 0.00858495105058, 0.00558875780553, 0.0052822669968, 0.00250187679194, 0.000563163659535, 0.000198857087526, 0.000115979979455],
        "mean": [0.00906029436737, 0.412627458572, 1.40342819691, 17.3123264313, 64.501335144, 37.4739265442, 59.2945976257, 8.35819530487, 7.69615983963, 14.3953857422, 15.6440238953, 10.8138341904, 14.3113050461, 18.3426742554, 7.00383043289, 6.29917383194, 10.4419021606, 3.20202422142, 0.79466509819, 0.253029972315, 0.485925167799, 1.4212872982, 0.34412163496, 0.289816975594, 0.194340512156, 0.123490989208, 0.0891125425696, 0.0629636049271, 0.0249528754503, 0.00614096783102, 0.00328967976384, 0.00183233979624, 0.00146710150875, 0.00117188692093, 0.000798655906692, 0.00049747270532, 0.000311270647217, 0.000139986193972, 7.20616226317e-05, 5.01432514284e-05],
        "median": [0.00920100696385, 0.414850801229, 1.52389121056, 14.0105485916, 56.1318969727, 33.492603302, 43.7785949707, 5.89767456055, 5.78191661835, 11.6447067261, 9.86479091644, 2.11184668541, 1.68825852871, 2.64431333542, 2.55855488777, 1.50434863567, 1.86839914322, 0.797258973122, 0.214706659317, 0.0639847293496, 0.19282437861, 0.82571041584, 0.227308899164, 0.23754426837, 0.165462061763, 0.112787812948, 0.0883432626724, 0.0655727237463, 0.0239942017943, 0.00556759024039, 0.00282284617424, 0.00164293381386, 0.00129316188395, 0.000975541071966, 0.000665701401886, 0.000378594355425, 0.000234790131799, 0.000132407556521, 7.72199127823e-05, 5.01784925291e-05],
        "min": [0.000144036486745, 0.00261818361469, 0.00538441818208, 0.0214829128236, 0.0536085255444, 0.128881037235, 0.0580747835338, 0.0315816551447, 0.0196971520782, 0.105190120637, 0.418757081032, 0.0920098051429, 0.083664290607, 0.0651338100433, 0.0420647710562, 0.0264756530523, 0.0663350448012, 0.106321230531, 0.0663017556071, 0.0114022037014, 0.0343650728464, 0.0432904288173, 0.0187782905996, 0.0089138969779, 0.00545202894136, 0.00338640855625, 0.00303744291887, 0.00188926840201, 0.00102522084489, 0.000258352461969, 0.000124445665278, 6.84996557538e-05, 4.59761904494e-05, 4.1101804527e-05, 2.63257352344e-05, 1.83772281162e-05, 5.30762281414e-06, 3.54032295036e-06, 5.52494384465e-06, 2.36491450778e-06],
        "var": [2.75629790849e-05, 0.0552136227489, 0.458253353834, 181.094909668, 2579.05395508, 623.96661377, 2069.73925781, 159.161026001, 149.828125, 715.459106445, 1266.87390137, 2906.34570312, 4740.13134766, 6785.52587891, 615.11907959, 1195.87475586, 2477.9453125, 172.927322388, 14.919424057, 1.64382040501, 3.64358377457, 15.785364151, 0.803116858006, 0.15077200532, 0.0565302968025, 0.00824651215225, 0.0036839407403, 0.0015888173366, 0.000265683600446, 1.899884046e-05, 7.4151366789e-06, 3.08962512463e-06, 1.69302381892e-06, 1.05648803128e-06, 5.65062350688e-07, 3.89472518236e-07, 1.13511831046e-07, 9.78661152118e-09, 1.27372978831e-09, 5.49494727498e-10]
    },
    "gfcc": {
        "mean": [-124.917907715, 190.075515747, -72.6605072021, 2.96560621262, -36.9693527222, -28.7571105957, -19.7995548248, -20.1979503632, -37.4437980652, -15.8811807632, -14.3075218201, -8.07737731934, -14.0839605331],
        "cov": [[1418.75378418, -12.2083101273, 159.962463379, 136.675308228, -99.0115737915, -172.552230835, -146.512252808, 4.86371803284, -7.36786651611, 143.627456665, 60.6338882446, -4.97163200378, -113.286964417], [-12.2083101273, 715.069458008, 1.18227756023, -349.406402588, -17.1639175415, 84.8153152466, 66.0740661621, -135.936294556, -119.261817932, -177.295211792, 33.4174346924, -10.6745824814, 60.004901886], [159.962463379, 1.18227756023, 353.173522949, 267.540405273, -27.6412086487, -86.6889190674, -24.1159114838, -60.3969268799, -19.3577518463, 33.9267883301, 46.023109436, -2.91330575943, -29.5104007721], [136.675308228, -349.406402588, 267.540405273, 460.597839355, 16.9940280914, -170.088821411, -66.0920791626, 26.1266860962, 71.6556472778, 117.127655029, 25.9031124115, 15.4976167679, -49.3720703125], [-99.0115737915, -17.1639175415, -27.6412086487, 16.9940280914, 40.5524406433, 4.32887506485, -1.88835453987, 6.0858039856, 13.7556505203, -7.61606168747, -10.4386377335, -1.31938588619, 5.70232868195], [-172.552230835, 84.8153152466, -86.6889190674, -170.088821411, 4.32887506485, 121.19985199, 45.9344787598, -8.62503147125, -36.2820510864, -43.8692321777, -8.46806049347, -6.34997272491, 18.4752006531], [-146.512252808, 66.0740661621, -24.1159114838, -66.0920791626, -1.88835453987, 45.9344787598, 56.7519721985, -4.03417396545, -17.5091362, -26.808221817, 1.11091196537, -3.33745312691, 9.64954280853], [4.86371803284, -135.936294556, -60.3969268799, 26.1266860962, 6.0858039856, -8.62503147125, -4.03417396545, 65.1725387573, 44.575138092, 34.2338485718, -25.7675228119, -1.61354827881, -10.8193159103], [-7.36786651611, -119.261817932, -19.3577518463, 71.6556472778, 13.7556505203, -36.2820510864, -17.5091362, 44.575138092, 55.2606315613, 36.3632240295, -21.6460723877, -0.500586509705, -10.1439208984], [143.627456665, -177.295211792, 33.9267883301, 117.127655029, -7.61606168747, -43.8692321777, -26.808221817, 34.2338485718, 36.3632240295, 76.8457565308, 7.02119922638, 5.60608959198, -28.4936847687], [60.6338882446, 33.4174346924, 46.023109436, 25.9031124115, -10.4386377335, -8.46806049347, 1.11091196537, -25.7675228119, -21.6460723877, 7.02119922638, 40.8954582214, 15.7579374313, -0.989482343197], [-4.97163200378, -10.6745824814, -2.91330575943, 15.4976167679, -1.31938588619, -6.34997272491, -3.33745312691, -1.61354827881, -0.500586509705, 5.60608959198, 15.7579374313, 28.522649765, 14.8808202744], [-113.286964417, 60.004901886, -29.5104007721, -49.3720703125, 5.70232868195, 18.4752006531, 9.64954280853, -10.8193159103, -10.1439208984, -28.4936847687, -0.989482343197, 14.8808202744, 35.020275116]],
        "icov": [[0.00403017457575, -0.00534266233444, 0.0021766028367, -0.00236334255897, 0.00424346700311, 0.00181432976387, 0.00946889258921, -0.00764734111726, 0.0137684196234, -0.0119779510424, 0.00491891056299, -0.00391622725874, 0.0101195052266], [-0.00534266233444, 0.0275228694081, -0.0271329581738, 0.0412202849984, -0.0299344751984, 0.0226944144815, -0.0196264814585, 0.0128874070942, -0.0356682613492, 0.0370514728129, -0.0291693136096, -0.00175323418807, -0.00716610020027], [0.0021766028367, -0.0271329581738, 0.0467338189483, -0.0625043585896, 0.0490967556834, -0.0353592559695, 0.0132946148515, 0.00755597371608, 0.0289050806314, -0.0255471561104, 0.0281862374395, 0.0179753899574, -0.00513126375154], [-0.00236334255897, 0.0412202849984, -0.0625043585896, 0.0952179208398, -0.0716934204102, 0.0602684505284, -0.0212672576308, -0.000939650752116, -0.0416654013097, 0.0324445590377, -0.0436517819762, -0.0250516775995, 0.0124851716682], [0.00424346700311, -0.0299344751984, 0.0490967556834, -0.0716934204102, 0.0924796536565, -0.0483084954321, 0.0246747471392, 0.00690393801779, 0.0122831230983, -0.0139350639656, 0.0260912198573, 0.0215103197843, -0.00510629359633], [0.00181432976387, 0.0226944144815, -0.0353592559695, 0.0602684505284, -0.0483084954321, 0.0616275407374, -0.0169017091393, -0.00994197838008, 0.00525389332324, 0.0069163008593, -0.0161610916257, -0.0179376695305, 0.0134092727676], [0.00946889258921, -0.0196264814585, 0.0132946148515, -0.0212672576308, 0.0246747471392, -0.0169017091393, 0.0557537563145, -0.0293200146407, 0.0344940200448, -0.0216534156352, 0.00466529699042, 0.00271574337967, 0.0173090863973], [-0.00764734111726, 0.0128874070942, 0.00755597371608, -0.000939650752116, 0.00690393801779, -0.00994197838008, -0.0293200146407, 0.0837757065892, -0.0604323707521, 0.0139754423872, 0.0123221790418, -0.00190338829998, -0.00867283437401], [0.0137684196234, -0.0356682613492, 0.0289050806314, -0.0416654013097, 0.0122831230983, 0.00525389332324, 0.0344940200448, -0.0604323707521, 0.153299331665, -0.0835879668593, 0.0691928267479, -0.0138882454485, 0.0225757639855], [-0.0119779510424, 0.0370514728129, -0.0255471561104, 0.0324445590377, -0.0139350639656, 0.0069163008593, -0.0216534156352, 0.0139754423872, -0.0835879668593, 0.116362795234, -0.0615707226098, 0.0007380550378, -0.000703761586919], [0.00491891056299, -0.0291693136096, 0.0281862374395, -0.0436517819762, 0.0260912198573, -0.0161610916257, 0.00466529699042, 0.0123221790418, 0.0691928267479, -0.0615707226098, 0.115161769092, -0.0502943098545, 0.0294725745916], [-0.00391622725874, -0.00175323418807, 0.0179753899574, -0.0250516775995, 0.0215103197843, -0.0179376695305, 0.00271574337967, -0.00190338829998, -0.0138882454485, 0.0007380550378, -0.0502943098545, 0.114938437939, -0.0788942351937], [0.0101195052266, -0.00716610020027, -0.00513126375154, 0.0124851716682, -0.00510629359633, 0.0134092727676, 0.0173090863973, -0.00867283437401, 0.0225757639855, -0.000703761586919, 0.0294725745916, -0.0788942351937, 0.113478541374]]
    },
    "melbands": {
        "dmean": [4.38288334408e-05, 0.000105763836473, 0.00263906968758, 0.00130739586893, 0.0013082313817, 9.94795191218e-05, 7.30381871108e-05, 7.71932536736e-05, 9.56618387136e-05, 5.2813313232e-05, 7.79019464971e-05, 6.73231552355e-05, 1.80747538252e-05, 1.55616671691e-05, 2.30986279348e-05, 1.80314182217e-05, 3.07160576085e-06, 1.2569065575e-06, 3.40623785178e-07, 3.03552155856e-07, 5.35805156687e-07, 1.43748525261e-06, 4.18335019958e-07, 1.11186786e-07, 8.7528611914e-08, 8.63569553644e-08, 4.47774297641e-08, 2.56169840895e-08, 1.76766405957e-08, 2.09432897691e-08, 1.10582627499e-08, 6.41214814578e-09, 2.18792206574e-09, 9.8063246412e-10, 6.6510408292e-10, 5.0025994458e-10, 3.98234334398e-10, 3.72970376805e-10, 3.75974806843e-10, 3.6832928374e-10],
        "dmean2": [5.75467311137e-05, 0.000146075573866, 0.00433967122808, 0.00226807012223, 0.00181148631964, 0.000168320955709, 0.000110661625513, 0.000127417588374, 0.00014368299162, 8.05488161859e-05, 0.000145076148328, 0.000105598905066, 2.78502666333e-05, 2.11661663343e-05, 4.07981751778e-05, 3.4573386074e-05, 4.58417616755e-06, 2.19627349907e-06, 5.43745841242e-07, 5.00751184518e-07, 8.92259777174e-07, 2.64608547695e-06, 7.53532390263e-07, 1.8791048717e-07, 1.56629511139e-07, 1.43574823142e-07, 7.53379580942e-08, 4.17411172293e-08, 2.89157604527e-08, 3.71743098526e-08, 1.8846060712e-08, 1.08853397407e-08, 3.5879481608e-09, 1.52959267474e-09, 9.90709070336e-10, 7.47805317669e-10, 6.16504680639e-10, 5.68217972674e-10, 5.3020293711e-10, 5.42919764701e-10],
        "dvar": [1.82253911962e-09, 8.81642048256e-09, 6.52537437418e-06, 1.18080777156e-06, 1.44205125707e-06, 7.54727693675e-08, 5.66991928963e-08, 7.42294687939e-08, 8.05017847938e-08, 8.11853269056e-08, 1.48221076302e-07, 1.06122264754e-07, 4.16245438117e-09, 7.34217309173e-09, 1.94798275288e-08, 1.13621156927e-08, 2.33767366575e-10, 5.03441420496e-11, 3.43884534564e-12, 2.17647709751e-12, 5.92227222124e-12, 3.11717457402e-11, 2.43434612746e-12, 1.83248964505e-13, 9.08150575682e-14, 4.92836531947e-14, 1.32004562175e-14, 1.33011574235e-15, 7.01283882141e-16, 6.158690268e-16, 1.30930514869e-16, 3.35305701494e-17, 5.96076110137e-18, 2.88993145263e-18, 1.55795322132e-18, 9.73843560869e-19, 7.0734876667e-19, 4.81878408541e-19, 6.29288145854e-19, 4.73570206468e-19],
        "dvar2": [3.537158344e-09, 1.51826657913e-08, 1.8159249521e-05, 3.00859710478e-06, 4.60883302367e-06, 1.49939467065e-07, 1.2509985936e-07, 1.41261878639e-07, 1.2997936949e-07, 1.66190943673e-07, 4.31674294532e-07, 1.69027202901e-07, 9.04069974439e-09, 1.63074886927e-08, 5.46888756503e-08, 3.40045396285e-08, 4.76217842937e-10, 1.02549163605e-10, 8.63293551229e-12, 4.45648986463e-12, 1.36586948349e-11, 7.87683529513e-11, 5.28540579359e-12, 4.64591581352e-13, 1.75998321819e-13, 1.09520302983e-13, 3.46168135389e-14, 3.12094053976e-15, 1.73394113517e-15, 1.63472350738e-15, 3.04045996898e-16, 9.96920191831e-17, 1.41395755824e-17, 5.5410136762e-18, 2.20366726128e-18, 1.23992502326e-18, 8.60114601847e-19, 6.25129547023e-19, 7.72886906988e-19, 6.01887581268e-19],
        "max": [0.000560212065466, 0.00141561438795, 0.0165601223707, 0.00808255933225, 0.00664937542751, 0.00227585947141, 0.00210857018828, 0.00221447669901, 0.00305697345175, 0.00261480570771, 0.00340441800654, 0.00315635977313, 0.00065719219856, 0.000797601882368, 0.00116277101915, 0.00086282758275, 0.000145242651342, 6.03202788625e-05, 1.70770199475e-05, 1.33691191877e-05, 2.08274814213e-05, 3.41177037626e-05, 1.23162599266e-05, 3.76831394533e-06, 2.42916644311e-06, 2.0161746761e-06, 1.01447699308e-06, 2.99487709299e-07, 2.24350372946e-07, 1.73498818867e-07, 7.66890480008e-08, 4.64488039142e-08, 1.93617566424e-08, 1.37109941178e-08, 1.34096467264e-08, 1.1558530133e-08, 9.24201160046e-09, 7.70506680681e-09, 8.3094233716e-09, 6.85454359939e-09],
        "mean": [0.000227972792345, 0.000621798972134, 0.00540318572894, 0.00320633198135, 0.00231317710131, 0.000169717968674, 0.000123665246065, 0.0001671785285, 0.000128645362565, 5.82186548854e-05, 7.82267306931e-05, 8.6201063823e-05, 2.25039293582e-05, 1.91442650248e-05, 2.00936137844e-05, 1.96959626919e-05, 4.31753005614e-06, 1.39359974582e-06, 3.04226119852e-07, 3.62099285667e-07, 5.61578360703e-07, 1.64401023994e-06, 5.9173049749e-07, 1.78332015821e-07, 2.4300362611e-07, 2.01114332299e-07, 9.70660209987e-08, 7.47985211547e-08, 5.24132452995e-08, 5.22625391852e-08, 3.16659907185e-08, 1.64596425378e-08, 5.31070076804e-09, 2.59020604965e-09, 1.95290383864e-09, 1.38723854626e-09, 9.86196568853e-10, 1.01429076249e-09, 9.456293526e-10, 9.82197767563e-10],
        "median": [0.000221585592953, 0.000636784883682, 0.00445836549625, 0.00295812496915, 0.00170942908153, 0.000109584565507, 8.71472875588e-05, 0.000136367205414, 7.19608942745e-05, 9.89129239315e-06, 7.725051546e-06, 1.01347050077e-05, 1.11739800559e-05, 4.41588690592e-06, 2.53976577369e-06, 4.98597546539e-06, 6.82969186983e-07, 3.3948208511e-07, 6.78419809219e-08, 1.27405130002e-07, 2.16531148567e-07, 9.35660466439e-07, 3.55089582627e-07, 1.23319097156e-07, 1.94112260488e-07, 1.63819692034e-07, 8.89397568926e-08, 6.69250965757e-08, 4.93851253225e-08, 4.97953180911e-08, 3.24306945743e-08, 1.49307268771e-08, 4.56765913981e-09, 2.1337758227e-09, 1.66433411497e-09, 1.20851939567e-09, 9.01294205935e-10, 8.95374219212e-10, 7.90121690297e-10, 8.23526080662e-10],
        "min": [3.4407739804e-06, 3.31504543283e-06, 4.90551110488e-06, 6.15961016592e-06, 3.01083446175e-06, 6.41965698378e-07, 2.53959370866e-07, 1.77397714651e-06, 2.94751157526e-06, 5.10763072725e-07, 4.37070553971e-07, 2.8425841947e-07, 1.3919922992e-07, 7.67135830415e-08, 7.6001498428e-08, 1.96467254909e-07, 1.95682204662e-07, 9.05833275056e-08, 1.53722261587e-08, 7.89311016547e-09, 3.68967825182e-08, 4.03141022787e-08, 2.29321681644e-08, 7.5318498105e-09, 6.47432418788e-09, 4.84134021761e-09, 2.7723932039e-09, 1.98847094346e-09, 1.93896676492e-09, 1.19172138824e-09, 1.15145915025e-09, 6.0704896665e-10, 1.93037141827e-10, 1.0906033715e-10, 7.00614011251e-11, 3.91973710434e-11, 3.0736472395e-11, 2.42758851215e-11, 3.0884711455e-11, 2.72713865379e-11],
        "var": [1.77584027483e-08, 1.11374987455e-07, 1.77227411768e-05, 4.37006292486e-06, 3.10761856781e-06, 7.60551799317e-08, 5.34267527996e-08, 8.2315381178e-08, 1.17190531057e-07, 9.59338848361e-08, 1.47590299093e-07, 1.58020725394e-07, 4.47202452847e-09, 8.62824833803e-09, 1.25784405114e-08, 6.87623069595e-09, 3.71765729312e-10, 5.16653629601e-11, 2.85452022263e-12, 2.32291963442e-12, 5.27801890735e-12, 2.28834711596e-11, 2.21106488153e-12, 1.37777620259e-13, 9.99970099129e-14, 5.17764474415e-14, 1.09849695461e-14, 2.72060756966e-15, 1.36796752718e-15, 1.29432023588e-15, 4.21211935206e-16, 1.26412242605e-16, 1.51098336255e-17, 4.43090296616e-18, 2.68145153938e-18, 1.68732002982e-18, 9.69406460666e-19, 7.72918494948e-19, 8.92293788831e-19, 7.12734074349e-19]
    },
    "mfcc": {
        "mean": [-788.858398438, 232.85559082, 19.2078037262, 39.941783905, -5.72750997543, -2.38763475418, 11.029999733, -3.65151453018, -10.7998886108, -22.1150188446, -4.38317775726, 2.41618943214, -12.4979562759],
        "cov": [[1040.2668457, 233.624481201, -122.188674927, 203.563812256, -74.4253616333, -71.3649520874, -97.6842956543, -123.506225586, -60.707611084, -16.4178771973, 54.6966400146, 44.1345787048, 58.4389953613], [233.624481201, 567.150085449, 99.9473342896, -320.949707031, -68.3243637085, 3.07030463219, 96.9762039185, 49.3750648499, -83.0189743042, -106.189079285, -80.9239273071, -20.4307575226, -33.3829460144], [-122.188674927, 99.9473342896, 284.653503418, 133.966156006, 7.86775684357, 40.1280174255, 43.5521621704, -2.66323065758, -56.79895401, -51.8242759705, -17.3400840759, 2.35109853745, 4.08647298813], [203.563812256, -320.949707031, 133.966156006, 698.161560059, 52.7157020569, -2.68383598328, -106.427398682, -142.654937744, -11.072136879, 28.5093193054, 106.711112976, 75.7863998413, 75.681350708], [-74.4253616333, -68.3243637085, 7.86775684357, 52.7157020569, 61.5895423889, 7.89253616333, -29.478849411, 0.374090850353, 10.8576393127, 11.9208316803, 0.818867862225, -4.43345165253, -2.83726859093], [-71.3649520874, 3.07030463219, 40.1280174255, -2.68383598328, 7.89253616333, 33.6819458008, 24.4077796936, 4.04025745392, -7.42718076706, -10.1497030258, -3.80956077576, -1.95231306553, -0.339554637671], [-97.6842956543, 96.9762039185, 43.5521621704, -106.427398682, -29.478849411, 24.4077796936, 80.1275558472, 31.0666103363, -22.8765163422, -33.7952423096, -23.0195999146, 0.338602870703, -7.34257411957], [-123.506225586, 49.3750648499, -2.66323065758, -142.654937744, 0.374090850353, 4.04025745392, 31.0666103363, 57.1373329163, 11.0172748566, -8.16490936279, -25.8882007599, -17.7037258148, -16.0409908295], [-60.707611084, -83.0189743042, -56.79895401, -11.072136879, 10.8576393127, -7.42718076706, -22.8765163422, 11.0172748566, 46.7778892517, 39.9943809509, 10.7092838287, -7.88973331451, -5.65092897415], [-16.4178771973, -106.189079285, -51.8242759705, 28.5093193054, 11.9208316803, -10.1497030258, -33.7952423096, -8.16490936279, 39.9943809509, 56.0936393738, 22.548664093, -6.37151432037, -0.310954272747], [54.6966400146, -80.9239273071, -17.3400840759, 106.711112976, 0.818867862225, -3.80956077576, -23.0195999146, -25.8882007599, 10.7092838287, 22.548664093, 39.0528068542, 20.4074821472, 14.7237634659], [44.1345787048, -20.4307575226, 2.35109853745, 75.7863998413, -4.43345165253, -1.95231306553, 0.338602870703, -17.7037258148, -7.88973331451, -6.37151432037, 20.4074821472, 32.9718208313, 18.9241752625], [58.4389953613, -33.3829460144, 4.08647298813, 75.681350708, -2.83726859093, -0.339554637671, -7.34257411957, -16.0409908295, -5.65092897415, -0.310954272747, 14.7237634659, 18.9241752625, 25.2106990814]],
