{
"lowlevel": {
    "average_loudness": 0.99068403244,
    "barkbands_crest": {
        "dmean": 4.32188844681,
        "dmean2": 7.33778238297,
        "dvar": 6.95078039169,
        "dvar2": 24.7854995728,
        "max": 22.835269928,
        "mean": 13.2611379623,
        "median": 12.6008024216,
        "min": 6.2653093338,
        "var": 13.7694005966
    },
    "barkbands_flatness_db": {
        "dmean": 0.0376581661403,
        "dmean2": 0.0572601258755,
        "dvar": 0.00164458854124,
        "dvar2": 0.00248290412128,
        "max": 0.511522591114,
        "mean": 0.3824698627,
        "median": 0.399434298277,
        "min": 0.201302081347,
        "var": 0.00368117983453
    },
    "barkbands_kurtosis": {
        "dmean": 4.80726099014,
        "dmean2": 7.77762842178,
        "dvar": 52.2462501526,
        "dvar2": 124.77481842,
        "max": 47.1389389038,
        "mean": 4.5506696701,
        "median": 1.48992919922,
        "min": -1.28788781166,
        "var": 71.5057220459
    },
    "barkbands_skewness": {
        "dmean": 0.944298624992,
        "dmean2": 1.54875636101,
        "dvar": 0.464636236429,
        "dvar2": 1.16393268108,
        "max": 4.10962724686,
        "mean": 0.919872522354,
        "median": 0.709722161293,
        "min": -1.29262983799,
        "var": 1.17031705379
    },
    "barkbands_spread": {
        "dmean": 0.56123894453,
        "dmean2": 0.991138875484,
        "dvar": 0.127526804805,
        "dvar2": 0.324755698442,
        "max": 3.10625958443,
        "mean": 2.09575343132,
        "median": 2.13314080238,
        "min": 0.957856655121,
        "var": 0.251955926418
    },
    "dissonance": {
        "dmean": 0.0903242081404,
        "dmean2": 0.142509073019,
        "dvar": 0.00523449014872,
        "dvar2": 0.0110989380628,
        "max": 0.496462374926,
        "mean": 0.329194098711,
        "median": 0.330231070518,
        "min": 0.0618618093431,
        "var": 0.0115850549191
    },
    "dynamic_complexity": 2.7043364048,
    "erbbands_crest": {
        "dmean": 3.46129560471,
        "dmean2": 5.18232345581,
        "dvar": 6.5038728714,
        "dvar2": 17.2896175385,
        "max": 25.4043693542,
        "mean": 14.3021373749,
        "median": 13.1548023224,
        "min": 7.99431610107,
        "var": 15.9965114594
    },
    "erbbands_flatness_db": {
        "dmean": 0.0360587500036,
        "dmean2": 0.0502784848213,
        "dvar": 0.00137952168006,
        "dvar2": 0.00221439893357,
        "max": 0.548974335194,
        "mean": 0.407308459282,
        "median": 0.41956704855,
        "min": 0.248323574662,
        "var": 0.00355003750883
    },
    "erbbands_kurtosis": {
        "dmean": 2.92925214767,
        "dmean2": 4.94778585434,
        "dvar": 13.0826978683,
        "dvar2": 29.9012794495,
        "max": 18.7113494873,
        "mean": 3.2997405529,
        "median": 1.71090602875,
        "min": -0.695200204849,
        "var": 18.1746253967
    },
    "erbbands_skewness": {
        "dmean": 0.665782153606,
        "dmean2": 0.9973782897,
        "dvar": 0.323042541742,
        "dvar2": 0.757867515087,
        "max": 2.84732246399,
        "mean": 0.417747557163,
        "median": 0.296216249466,
        "min": -1.42112350464,
        "var": 0.804502904415
    },
    "erbbands_spread": {
        "dmean": 1.555585742,
        "dmean2": 2.5813729763,
        "dvar": 0.913295507431,
        "dvar2": 2.41225504875,
        "max": 7.79244184494,
        "mean": 4.68039941788,
        "median": 4.84270238876,
        "min": 1.36115884781,
        "var": 2.03442215919
    },
    "hfc": {
        "dmean": 5.5900592804,
        "dmean2": 8.51288700104,
        "dvar": 26.1774673462,
        "dvar2": 53.1570739746,
        "max": 35.3126220703,
        "mean": 15.4389886856,
        "median": 14.9982395172,
        "min": 0.139244928956,
        "var": 111.629302979
    },
    "melbands_crest": {
        "dmean": 3.52152872086,
        "dmean2": 5.70235013962,
        "dvar": 4.4001698494,
        "dvar2": 13.8929834366,
        "max": 20.0567150116,
        "mean": 13.2458782196,
        "median": 12.3574638367,
        "min": 8.06678676605,
        "var": 9.49450778961
    },
    "melbands_flatness_db": {
        "dmean": 0.0370572470129,
        "dmean2": 0.0569602139294,
        "dvar": 0.00159741041716,
        "dvar2": 0.00242914864793,
        "max": 0.592301666737,
        "mean": 0.470952302217,
        "median": 0.488536864519,
        "min": 0.288601726294,
        "var": 0.00346174486913
    },
    "melbands_kurtosis": {
        "dmean": 2.61760592461,
        "dmean2": 4.50791168213,
        "dvar": 8.44447422028,
        "dvar2": 17.7641849518,
        "max": 14.5456409454,
        "mean": 2.19592642784,
        "median": 0.724105834961,
        "min": -1.29278087616,
        "var": 13.9457597733
    },
    "melbands_skewness": {
        "dmean": 0.788756072521,
        "dmean2": 1.33919072151,
        "dvar": 0.236991897225,
        "dvar2": 0.521199822426,
        "max": 2.93277001381,
        "mean": 0.731060028076,
        "median": 0.57627761364,
        "min": -1.11088740826,
        "var": 0.63598716259
    },
    "melbands_spread": {
        "dmean": 0.912971258163,
        "dmean2": 1.64835143089,
        "dvar": 0.417393267155,
        "dvar2": 1.05890321732,
        "max": 5.92863798141,
        "mean": 3.78160142899,
        "median": 3.96634531021,
        "min": 1.84438824654,
        "var": 0.80781596899
    },
    "pitch_salience": {
        "dmean": 0.0958288684487,
        "dmean2": 0.155991598964,
        "dvar": 0.00546966446564,
        "dvar2": 0.0151211870834,
        "max": 0.854526519775,
        "mean": 0.583280920982,
        "median": 0.563453257084,
        "min": 0.300227731466,
        "var": 0.0109212640673
    },
    "silence_rate_20dB": {
        "dmean": 0,
        "dmean2": 0,
        "dvar": 0,
        "dvar2": 0,
        "max": 1,
        "mean": 1,
        "median": 1,
        "min": 1,
        "var": 0
    },
    "silence_rate_30dB": {
        "dmean": 0,
        "dmean2": 0,
        "dvar": 0,
        "dvar2": 0,
        "max": 1,
        "mean": 1,
        "median": 1,
        "min": 1,
        "var": 0
    },
    "silence_rate_60dB": {
        "dmean": 0.0500000007451,
        "dmean2": 0.0847457647324,
        "dvar": 0.047499999404,
        "dvar2": 0.11146222055,
        "max": 1,
        "mean": 0.0327868834138,
        "median": 0,
        "min": 0,
        "var": 0.0317119024694
    },
    "spectral_centroid": {
        "dmean": 59.1273345947,
        "dmean2": 96.1073226929,
        "dvar": 1013.08325195,
        "dvar2": 3488.78344727,
        "max": 597.207397461,
        "mean": 477.195465088,
        "median": 481.887145996,
        "min": 367.062530518,
        "var": 3193.43310547
    },
    "spectral_complexity": {
        "dmean": 1.61666667461,
        "dmean2": 2.61016941071,
        "dvar": 2.40305614471,
        "dvar2": 4.88192939758,
        "max": 13,
        "mean": 8.29508209229,
        "median": 8,
        "min": 1,
        "var": 3.38833665848
    },
    "spectral_decrease": {
        "dmean": 2.90674528891e-09,
        "dmean2": 4.68629712813e-09,
        "dvar": 5.95204551285e-18,
        "dvar2": 1.24921552299e-17,
        "max": -7.96057525454e-11,
        "mean": -7.97040478062e-09,
        "median": -7.4401977912e-09,
        "min": -1.69116294302e-08,
        "var": 2.61253101618e-17
    },
    "spectral_energy": {
        "dmean": 0.0114473681897,
        "dmean2": 0.0184369664639,
        "dvar": 9.282661631e-05,
        "dvar2": 0.000192463456187,
        "max": 0.0669042170048,
        "mean": 0.0314823724329,
        "median": 0.0294329859316,
        "min": 0.000313080003252,
        "var": 0.000409267639043
    },
    "spectral_energyband_high": {
        "dmean": 1.12753718895e-06,
        "dmean2": 1.38986058573e-06,
        "dvar": 2.51117703021e-11,
        "dvar2": 2.50103115301e-11,
        "max": 4.31382723036e-05,
        "mean": 2.68686380878e-06,
        "median": 2.03137710741e-06,
        "min": 1.16345354684e-07,
        "var": 2.81229310672e-11
    },
    "spectral_energyband_low": {
        "dmean": 3.78218101105e-05,
        "dmean2": 5.82457359997e-05,
        "dvar": 1.69151148643e-09,
        "dvar2": 3.08107694913e-09,
        "max": 0.00030582252657,
        "mean": 6.46814660286e-05,
        "median": 4.13776288042e-05,
        "min": 1.02783747025e-06,
        "var": 3.60602947502e-09
    },
    "spectral_energyband_middle_high": {
        "dmean": 0.000540190609172,
        "dmean2": 0.000883960979991,
        "dvar": 2.32193571037e-07,
        "dvar2": 4.28369219208e-07,
        "max": 0.00532813975587,
        "mean": 0.00137810129672,
        "median": 0.000889263174031,
        "min": 9.57069005381e-06,
        "var": 1.71537919869e-06
    },
    "spectral_energyband_middle_low": {
        "dmean": 0.0113648856059,
        "dmean2": 0.018417770043,
        "dvar": 9.45528809098e-05,
        "dvar2": 0.000196789755137,
        "max": 0.0640145093203,
        "mean": 0.0301165562123,
        "median": 0.027236206457,
        "min": 0.000300511543173,
        "var": 0.00037296753726
    },
    "spectral_entropy": {
        "dmean": 0.25049367547,
        "dmean2": 0.396020144224,
        "dvar": 0.0528055503964,
        "dvar2": 0.0908993408084,
        "max": 6.79429292679,
        "mean": 5.5157699585,
        "median": 5.40025186539,
        "min": 4.90386104584,
        "var": 0.142529517412
    },
    "spectral_flux": {
        "dmean": 0.0275199711323,
        "dmean2": 0.0430085621774,
        "dvar": 0.000573791039642,
        "dvar2": 0.00121209945064,
        "max": 0.169829189777,
        "mean": 0.0939399749041,
        "median": 0.0969380885363,
        "min": 0.0235710255802,
        "var": 0.00124254042748
    },
    "spectral_kurtosis": {
        "dmean": 28.0197887421,
        "dmean2": 42.8392372131,
        "dvar": 895.591491699,
        "dvar2": 1973.15966797,
        "max": 250.54725647,
        "mean": 75.4903335571,
        "median": 78.7851333618,
        "min": 14.2211380005,
        "var": 1671.93945312
    },
    "spectral_rms": {
        "dmean": 0.001122798305,
        "dmean2": 0.00175672082696,
        "dvar": 9.65705680755e-07,
        "dvar2": 2.03885792871e-06,
        "max": 0.00807913392782,
        "mean": 0.00517759192735,
        "median": 0.00535864802077,
        "min": 0.000552669807803,
        "var": 3.90704644815e-06
    },
    "spectral_rolloff": {
        "dmean": 41.630859375,
        "dmean2": 77.0085754395,
        "dvar": 3614.63427734,
        "dvar2": 7610.67333984,
        "max": 689.0625,
        "mean": 620.57989502,
        "median": 645.99609375,
        "min": 387.59765625,
        "var": 4355.66650391
    },
    "spectral_skewness": {
        "dmean": 1.32844626904,
        "dmean2": 1.97191667557,
        "dvar": 1.49815475941,
        "dvar2": 2.95048999786,
        "max": 13.6837110519,
        "mean": 6.5729341507,
        "median": 6.84469366074,
        "min": 3.20024490356,
        "var": 3.84272170067
    },
    "spectral_spread": {
        "dmean": 450115.6875,
        "dmean2": 770764.75,
        "dvar": 207771680768,
        "dvar2": 537798574080,
        "max": 3155116.5,
        "mean": 1356526.25,
        "median": 1233578.5,
        "min": 613656.8125,
        "var": 323534651392
    },
    "spectral_strongpeak": {
        "dmean": 0.791963815689,
        "dmean2": 1.40519559383,
        "dvar": 0.753512084484,
        "dvar2": 2.12331819534,
        "max": 5.00020503998,
        "mean": 1.4247688055,
        "median": 1.26353228092,
        "min": 0.01700437814,
        "var": 0.943229436874
    },
    "zerocrossingrate": {
        "dmean": 0.0025634765625,
        "dmean2": 0.00263175321743,
        "dvar": 3.70840234609e-06,
        "dvar2": 4.88165778734e-06,
        "max": 0.02978515625,
        "mean": 0.0225089658052,
        "median": 0.02294921875,
        "min": 0.005859375,
        "var": 1.46623906403e-05
    },
    "barkbands": {
        "dmean": [7.40430039059e-07, 4.12896497437e-06, 6.2726953729e-06, 5.65703849134e-05, 0.000926944368985, 0.00848797522485, 0.00213973340578, 0.00336628383957, 0.00537980534136, 0.000327711721184, 0.000472841347801, 8.36315120978e-06, 4.55624876849e-06, 1.4947498812e-06, 9.27240989768e-07, 7.03327543761e-07, 8.36204662846e-07, 8.86591408289e-07, 6.50648132705e-07, 4.6215166094e-07, 3.66335996205e-07, 2.66231097612e-07, 1.00133476622e-07, 9.41794553455e-08, 9.33362400701e-08, 9.34036279432e-08, 1.18846706698e-07],
        "dmean2": [9.24036555716e-07, 5.74386058361e-06, 7.92339233158e-06, 8.34159000078e-05, 0.00138012378011, 0.0144870113581, 0.00370253250003, 0.00624940451235, 0.00770842982456, 0.000545659568161, 0.000792075006757, 1.21072371257e-05, 7.17135617379e-06, 2.28904764299e-06, 1.33513640321e-06, 9.43243662732e-07, 1.26982570237e-06, 1.42479245824e-06, 9.79051833383e-07, 6.76164972901e-07, 5.11540520165e-07, 4.05845554496e-07, 1.12563157018e-07, 1.02892109055e-07, 1.06017253643e-07, 1.04806282764e-07, 1.35880682706e-07],
        "dvar": [1.38501788163e-11, 9.76812866704e-11, 8.52099085735e-11, 2.29723795542e-09, 3.08365406454e-06, 6.07804795436e-05, 4.15496197093e-06, 1.33661396831e-05, 4.52436579508e-05, 1.20742598142e-07, 3.13985424327e-07, 3.95978666523e-10, 1.02645635047e-10, 2.37458490371e-11, 1.44450128942e-11, 6.01831128336e-12, 3.17211426397e-12, 2.81626566685e-12, 9.22991392517e-13, 8.4689617515e-13, 6.54720039035e-13, 7.0832662652e-13, 3.95732247969e-13, 3.85638298638e-13, 3.40873921971e-13, 3.30482575984e-13, 3.50294581753e-13],
        "dvar2": [1.37675565393e-11, 8.71638733413e-11, 9.51915005154e-11, 6.3171450293e-09, 7.58826990932e-06, 0.000225377138122, 1.11132030725e-05, 3.66176063835e-05, 9.41936159506e-05, 3.73171189949e-07, 8.18057571905e-07, 5.27237309367e-10, 1.86042792283e-10, 4.08980835309e-11, 2.19048026245e-11, 6.99974106455e-12, 3.60971452382e-12, 4.23172044281e-12, 9.50022504241e-13, 9.5152401583e-13, 6.3014919888e-13, 8.77690986296e-13, 4.00539681717e-13, 3.89170629316e-13, 3.45133101785e-13, 3.29783292688e-13, 3.60180879263e-13],
        "max": [2.96167836495e-05, 8.85245608515e-05, 7.43633281672e-05, 0.000314598320983, 0.0105691608042, 0.0471538677812, 0.00991120189428, 0.0186704397202, 0.0388636291027, 0.00207199645229, 0.00404190737754, 0.000157296963152, 6.59478027956e-05, 3.08972776111e-05, 2.58956624748e-05, 1.84970358532e-05, 1.55103971338e-05, 1.35475074785e-05, 1.00432844192e-05, 8.88002705324e-06, 7.88347097114e-06, 6.81961773807e-06, 4.99878569826e-06, 4.91548144055e-06, 4.64852564619e-06, 4.60301453131e-06, 4.99186035086e-06],
        "mean": [7.57691964282e-07, 5.19238392371e-06, 1.19870392155e-05, 8.45336398925e-05, 0.00109120644629, 0.0130584416911, 0.00323868426494, 0.00331726064906, 0.00926338136196, 0.000504295050632, 0.000880007399246, 1.03241372926e-05, 4.78187303088e-06, 1.50706216573e-06, 9.16883209356e-07, 9.46140460201e-07, 1.51900565015e-06, 1.66620100117e-06, 1.59653166065e-06, 1.18627713164e-06, 9.16339786272e-07, 4.61075870817e-07, 1.31724519292e-07, 1.14534273621e-07, 1.19889321581e-07, 1.29421607653e-07, 3.08933152837e-07],
        "median": [1.96439515321e-07, 2.64980872089e-06, 6.5462791099e-06, 7.50167673687e-05, 0.0006797935348, 0.00985463615507, 0.00245998147875, 0.00169091741554, 0.00507883820683, 0.000296248559607, 0.000394613336539, 5.39422126167e-06, 2.00436670639e-06, 5.08121672738e-07, 2.23326154014e-07, 4.17705876998e-07, 1.18038485653e-06, 1.25509677673e-06, 1.28461192617e-06, 1.03653781025e-06, 7.44622809634e-07, 3.256700154e-07, 4.44865797533e-08, 3.10626155908e-08, 4.12055456422e-08, 5.31674047011e-08, 2.43529711952e-07],
        "min": [3.91138677003e-09, 9.59004609058e-08, 2.6614793569e-07, 1.78460254574e-06, 2.83770641545e-05, 5.17383014085e-05, 0.000122713536257, 3.34790856868e-05, 6.38074970993e-06, 2.63399306277e-06, 5.09910751134e-06, 1.06546781353e-06, 7.11298753231e-08, 6.46318767394e-08, 6.09418151498e-08, 3.57636764647e-08, 9.62325970022e-08, 7.87220528764e-08, 7.85916896007e-08, 6.73281661534e-08, 4.33292655089e-08, 1.54072719027e-08, 3.68900399117e-09, 2.64965183128e-09, 3.19930770765e-09, 3.57640694837e-09, 1.68664122668e-08],
        "var": [1.39558755177e-11, 1.2821378681e-10, 2.71732608637e-10, 4.5649390934e-09, 2.11211408896e-06, 0.000120102238725, 7.21478863852e-06, 1.38598843478e-05, 0.0001004137157, 2.74641735132e-07, 9.42004817261e-07, 4.30024210685e-10, 1.07055045384e-10, 2.0571424772e-11, 1.30867061979e-11, 6.40330800536e-12, 3.77274730554e-12, 3.25672800359e-12, 1.76045560508e-12, 1.239986629e-12, 9.72500834202e-13, 7.52998195481e-13, 3.95625291425e-13, 3.84530189808e-13, 3.42315450074e-13, 3.34165529449e-13, 3.74585751957e-13]
    },
    "erbbands": {
        "dmean": [8.18550834083e-05, 0.00103701022454, 0.0059227780439, 0.109341524541, 0.482824891806, 3.16218161583, 48.9061470032, 57.1271629333, 18.3959064484, 46.7384490967, 94.2995681763, 139.535903931, 13.6474466324, 7.96913337708, 14.7117462158, 0.663531839848, 0.232950106263, 0.0837692022324, 0.067981608212, 0.0365999788046, 0.0319387055933, 0.0496646203101, 0.050445150584, 0.0379720553756, 0.0291594825685, 0.0214363504201, 0.0149043956771, 0.0131945898756, 0.00996209867299, 0.00434320233762, 0.00277037499472, 0.00207693292759, 0.00152623618487, 0.00105241243728, 0.000664599123411, 0.000360876671039, 0.000183697862667, 6.45756153972e-05, 1.77058263944e-05, 1.33125895445e-05],
        "dmean2": [0.000105971259472, 0.00151198264211, 0.00820245873183, 0.160968318582, 0.769158184528, 4.81745100021, 84.7311096191, 98.8661727905, 29.3434734344, 82.6556777954, 163.919143677, 198.900222778, 22.8444538116, 12.7609853745, 25.9988994598, 1.06503474712, 0.364627957344, 0.127657875419, 0.102908529341, 0.0484505370259, 0.0460592545569, 0.0746466889977, 0.081927664578, 0.0593909882009, 0.042860083282, 0.032358225435, 0.0220671761781, 0.0194178745151, 0.0152636747807, 0.00519697228447, 0.00306100654416, 0.00227329856716, 0.0016594362678, 0.00119681784417, 0.000748145102989, 0.000399971962906, 0.000211570950341, 7.40704854252e-05, 2.09782047023e-05, 2.09989157156e-05],
        "dvar": [9.67774980154e-08, 4.75246088172e-06, 6.97240175214e-05, 0.00924508459866, 0.425068229437, 33.6925735474, 2199.54858398, 2815.89575195, 550.512390137, 1509.01574707, 8583.97949219, 35060.9765625, 183.897216797, 40.5028915405, 389.395782471, 0.597488641739, 0.234053686261, 0.082122117281, 0.0561143346131, 0.0279463715851, 0.0117583265528, 0.011679940857, 0.00896985456347, 0.00424385583028, 0.0023450134322, 0.00183154770639, 0.000983602250926, 0.00119352201, 0.000936470751185, 0.000501939735841, 0.000305436493363, 0.00019083499501, 0.000100048135209, 4.32346132584e-05, 1.74833803612e-05, 5.43393480257e-06, 1.12420161713e-06, 1.34405127028e-07, 6.20543749719e-09, 1.30471258797e-10],
        "dvar2": [9.15161351145e-08, 4.27779559686e-06, 7.92097125668e-05, 0.0217091348022, 1.09990859032, 82.0925064087, 8025.45898438, 8909.7578125, 1549.45617676, 4351.03027344, 23622.8789062, 72716.4140625, 404.778381348, 104.018501282, 997.531860352, 1.17712724209, 0.427310734987, 0.140875667334, 0.100336305797, 0.0294406786561, 0.0127051845193, 0.0132911270484, 0.0136412931606, 0.00494559900835, 0.00269732810557, 0.0019894016441, 0.000978048308752, 0.00112679880112, 0.00119380198885, 0.000516297586728, 0.000309939932777, 0.000194819935132, 0.000100099292467, 4.38663300883e-05, 1.76837293111e-05, 5.51893481315e-06, 1.1057853726e-06, 1.36394319838e-07, 6.34118446641e-09, 2.51682202856e-10],
        "max": [0.0026192497462, 0.0197702273726, 0.0604435689747, 0.767162919044, 3.20663404465, 34.8219833374, 235.903884888, 327.445404053, 127.260688782, 174.701263428, 436.32800293, 1101.57202148, 76.2824630737, 60.1557426453, 134.085494995, 6.08525466919, 3.12432861328, 1.84339916706, 1.47234916687, 1.30421757698, 0.8488727808, 0.918432950974, 0.745621979237, 0.634857952595, 0.469442874193, 0.409409165382, 0.319943785667, 0.326826691628, 0.246425151825, 0.178867205977, 0.138875350356, 0.109123758972, 0.0794534310699, 0.0524596571922, 0.0332652553916, 0.0185638796538, 0.00854376610368, 0.00295759504661, 0.000674912007526, 0.000103654019767],
        "mean": [0.000109382315713, 0.00147694291081, 0.0119406385347, 0.182080328465, 0.74104231596, 5.2051281929, 65.6579818726, 95.8665313721, 33.1699066162, 63.6938400269, 124.375434875, 239.898651123, 26.4067401886, 19.1341934204, 27.3034114838, 1.32533860207, 0.290623992682, 0.0883420407772, 0.0688116326928, 0.0478943251073, 0.0525295697153, 0.0909506380558, 0.090157918632, 0.0909287109971, 0.071888461709, 0.0541810244322, 0.0417410694063, 0.032768946141, 0.0183115713298, 0.00606840010732, 0.003639920149, 0.00255720154382, 0.00190372101497, 0.00136299268343, 0.00088246940868, 0.000489855767228, 0.0002573467209, 0.000107289495645, 5.11355901835e-05, 4.09921631217e-05],
        "median": [5.5091764807e-05, 0.000830506440252, 0.00825213547796, 0.150814667344, 0.526907324791, 3.99118447304, 50.1650657654, 78.1679534912, 26.3741359711, 54.4591560364, 96.8452301025, 120.139007568, 17.8063545227, 12.4775152206, 10.6572217941, 0.870962500572, 0.162939220667, 0.033608071506, 0.0200896449387, 0.0168340988457, 0.0306072533131, 0.07378269732, 0.0693380609155, 0.0772844329476, 0.0633294209838, 0.0503500215709, 0.0375544838607, 0.0242176260799, 0.0125772505999, 0.00266054738313, 0.00120570068248, 0.000721470161807, 0.000537990476005, 0.000473089166917, 0.000339627353242, 0.000174838263774, 0.000107359745016, 5.35738727194e-05, 4.52948188467e-05, 3.93617192458e-05],
        "min": [2.58314412349e-06, 2.64407408395e-05, 0.000305262801703, 0.00746274460107, 0.033609598875, 0.128626510501, 0.158057570457, 0.556207180023, 1.18792676926, 2.29914927483, 0.705834627151, 0.160108998418, 0.114565491676, 0.0989629998803, 0.20087389648, 0.0508089512587, 0.0176553502679, 0.00338283390738, 0.00297765037976, 0.00315165985376, 0.00272530247457, 0.00500400923193, 0.00457423785701, 0.00321229291148, 0.00314298877493, 0.00359565601684, 0.00176444952376, 0.00155168201309, 0.000718843599316, 0.000206596407224, 0.000108866071969, 5.57217281312e-05, 5.53056343051e-05, 3.86231185985e-05, 3.03525885101e-05, 1.78186455742e-05, 1.29321551867e-05, 4.83921485284e-06, 3.34585183737e-06, 8.10903031834e-07],
        "var": [1.07541787031e-07, 6.46877833788e-06, 0.00015247745614, 0.0222063120455, 0.401425689459, 23.7255592346, 3206.77197266, 6478.2890625, 647.852905273, 2272.58935547, 13443.3925781, 74672.8046875, 453.83694458, 261.044891357, 1017.89587402, 1.61415946484, 0.248955398798, 0.070514537394, 0.0483041964471, 0.0284391231835, 0.0132743520662, 0.0133376680315, 0.00985718984157, 0.00676593417302, 0.00372097827494, 0.00258962786756, 0.00161190400831, 0.00166484701913, 0.00100136932451, 0.000506021548063, 0.000305385765387, 0.000189495345694, 0.000100330296846, 4.35920592281e-05, 1.75002114702e-05, 5.45103648619e-06, 1.14745694191e-06, 1.36248658578e-07, 6.66891786238e-09, 5.91145188356e-10]
    },
    "gfcc": {
        "mean": [-172.928115845, 171.692367554, -94.9067687988, -57.7217750549, -111.50100708, -68.0129241943, -13.3101100922, -4.36537504196, -30.6758537292, -17.9005794525, -12.0549564362, 3.56488227844, 1.60472118855],
        "cov": [[1405.44299316, 39.1075172424, -47.3887786865, -54.7283744812, -46.4052581787, 67.3865737915, 43.4344406128, -36.7003517151, -31.0833454132, -12.7673587799, 29.0367183685, 25.1199703217, 42.9745101929], [39.1075172424, 262.017181396, -9.02901935577, -238.961364746, -123.72530365, -84.7955780029, 111.312339783, -9.94803714752, -22.9719142914, -74.1191864014, 17.4278812408, -15.4632711411, 40.7620277405], [-47.3887786865, -9.02901935577, 75.6427154541, 27.1831951141, 2.59741210938, -3.84824728966, -0.994436621666, 12.6665201187, -19.3740921021, -1.9700139761, 3.61587023735, 13.5385847092, -4.5360417366], [-54.7283744812, -238.961364746, 27.1831951141, 315.615203857, 151.007522583, 47.9293937683, -99.9319763184, 0.421926438808, -0.771958649158, 56.5309486389, -31.1107273102, 17.995923996, -35.10779953], [-46.4052581787, -123.72530365, 2.59741210938, 151.007522583, 100.466567993, 49.3094406128, -60.2661476135, 0.324111372232, 13.5033750534, 37.0757408142, -19.1045341492, -6.1251282692, -31.0324478149], [67.3865737915, -84.7955780029, -3.84824728966, 47.9293937683, 49.3094406128, 111.61693573, -32.7314987183, 2.58670902252, 15.2217750549, 34.1924476624, 8.18757343292, 1.32213234901, -20.9007587433], [43.4344406128, 111.312339783, -0.994436621666, -99.9319763184, -60.2661476135, -32.7314987183, 114.350540161, 31.1808738708, -16.4088478088, -32.4126205444, 21.0163230896, 14.8368177414, 33.7323074341], [-36.7003517151, -9.94803714752, 12.6665201187, 0.421926438808, 0.324111372232, 2.58670902252, 31.1808738708, 46.6999740601, 18.7995090485, 5.16214990616, -0.744676709175, -1.74488520622, -3.23340749741], [-31.0833454132, -22.9719142914, -19.3740921021, -0.771958649158, 13.5033750534, 15.2217750549, -16.4088478088, 18.7995090485, 55.5881958008, 31.3404273987, -8.0630235672, -31.3047142029, -20.0690517426], [-12.7673587799, -74.1191864014, -1.9700139761, 56.5309486389, 37.0757408142, 34.1924476624, -32.4126205444, 5.16214990616, 31.3404273987, 55.5034828186, 10.1485958099, -5.22786045074, -16.0134449005], [29.0367183685, 17.4278812408, 3.61587023735, -31.1107273102, -19.1045341492, 8.18757343292, 21.0163230896, -0.744676709175, -8.0630235672, 10.1485958099, 42.0180549622, 31.9407348633, 25.2238368988], [25.1199703217, -15.4632711411, 13.5385847092, 17.995923996, -6.1251282692, 1.32213234901, 14.8368177414, -1.74488520622, -31.3047142029, -5.22786045074, 31.9407348633, 63.0262489319, 37.5928764343], [42.9745101929, 40.7620277405, -4.5360417366, -35.10779953, -31.0324478149, -20.9007587433, 33.7323074341, -3.23340749741, -20.0690517426, -16.0134449005, 25.2238368988, 37.5928764343, 50.6217193604]],
        "icov": [[0.000865823298227, -8.78123028087e-05, 0.000427565712016, -0.000751988147385, 0.00155918241944, -0.00127934652846, -0.000607803463936, 0.000924151740037, 0.000210055630305, -0.000157114380272, 0.000257790321484, 0.00049034145195, -0.00071490148548], [-8.78123028087e-05, 0.0513060241938, -0.0177474077791, 0.02277482301, -0.0162953790277, 0.0154953133315, -0.0345122329891, 0.042979400605, -0.0239176861942, 0.0393081903458, -0.0235649719834, 0.0265837665647, -0.00993001461029], [0.000427565712016, -0.0177474077791, 0.0281163621694, -0.00982534047216, 0.0115372529253, -0.00399984000251, 0.0193501394242, -0.0323944687843, 0.0272346399724, -0.0171329695731, 0.0017326453235, -0.00632679369301, 0.00930333789438], [-0.000751988147385, 0.02277482301, -0.00982534047216, 0.0325736925006, -0.0341990627348, 0.0133274942636, -0.0107089430094, 0.0124675957486, 0.00125431630295, -0.000410800683312, 0.00936787761748, -0.00275338138454, -0.0057757133618], [0.00155918241944, -0.0162953790277, 0.0115372529253, -0.0341990627348, 0.06548076123, -0.0195331480354, 0.0121297389269, -0.0127835711464, 0.00529983872548, -0.0112562458962, 0.00524635799229, 0.000664263148792, 0.00772367976606], [-0.00127934652846, 0.0154953133315, -0.00399984000251, 0.0133274942636, -0.0195331480354, 0.0219937991351, -0.00706798955798, 0.00807236880064, -0.00447827298194, 0.00769676687196, -0.0124864233658, 0.00293496088125, 0.00452691037208], [-0.000607803463936, -0.0345122329891, 0.0193501394242, -0.0107089430094, 0.0121297389269, -0.00706798955798, 0.0543153621256, -0.0619219727814, 0.0379960276186, -0.0242552105337, 0.00271703698672, -0.00511619914323, -0.00318172969855], [0.000924151740037, 0.042979400605, -0.0323944687843, 0.0124675957486, -0.0127835711464, 0.00807236880064, -0.0619219727814, 0.104168333113, -0.0690867081285, 0.0425173118711, -0.00658594910055, 0.000577308004722, 0.0026765530929], [0.000210055630305, -0.0239176861942, 0.0272346399724, 0.00125431630295, 0.00529983872548, -0.00447827298194, 0.0379960276186, -0.0690867081285, 0.0965706333518, -0.0631882697344, 0.0179936792701, 0.0164710078388, -0.00884155090898], [-0.000157114380272, 0.0393081903458, -0.0171329695731, -0.000410800683312, -0.0112562458962, 0.00769676687196, -0.0242552105337, 0.0425173118711, -0.0631882697344, 0.108260631561, -0.073490716517, 0.0314033254981, 0.00431089708582], [0.000257790321484, -0.0235649719834, 0.0017326453235, 0.00936787761748, 0.00524635799229, -0.0124864233658, 0.00271703698672, -0.00658594910055, 0.0179936792701, -0.073490716517, 0.11472915858, -0.0596730262041, -0.00772880017757], [0.00049034145195, 0.0265837665647, -0.00632679369301, -0.00275338138454, 0.000664263148792, 0.00293496088125, -0.00511619914323, 0.000577308004722, 0.0164710078388, 0.0314033254981, -0.0596730262041, 0.0906662866473, -0.0403666757047], [-0.00071490148548, -0.00993001461029, 0.00930333789438, -0.0057757133618, 0.00772367976606, 0.00452691037208, -0.00318172969855, 0.0026765530929, -0.00884155090898, 0.00431089708582, -0.00772880017757, -0.0403666757047, 0.0657670274377]]
    },
    "melbands": {
        "dmean": [9.65129743236e-07, 1.90945161194e-06, 1.90950904653e-05, 0.000108560874651, 0.0013593507465, 0.00137991295196, 0.00033571588574, 0.000533411628567, 0.000915214361157, 0.000753376923967, 5.06300275447e-05, 3.48513458448e-05, 6.98021613061e-05, 1.76063269919e-06, 7.01951307747e-07, 3.17033567399e-07, 1.44562918081e-07, 1.17286319323e-07, 6.03192162885e-08, 5.54745653858e-08, 3.70853818765e-08, 5.2532008965e-08, 5.04293602432e-08, 4.54401778427e-08, 3.38513856946e-08, 2.362849294e-08, 2.20500702142e-08, 1.52056784941e-08, 9.68115276834e-09, 9.3898622211e-09, 8.3842506271e-09, 7.09560632473e-09, 3.49265927291e-09, 2.05780148477e-09, 1.63459334956e-09, 1.41462408454e-09, 1.23518606454e-09, 1.09489473044e-09, 9.64021418248e-10, 8.87714957098e-10],
        "dmean2": [1.29187094444e-06, 2.5856661523e-06, 2.65672370006e-05, 0.000160836207215, 0.00234152982011, 0.00234790961258, 0.00056316156406, 0.000931715418119, 0.00154354900587, 0.00107577012386, 9.13267795113e-05, 5.62969507882e-05, 0.00012112105469, 2.71703970611e-06, 1.13617181796e-06, 4.81531287733e-07, 2.25507434948e-07, 1.8086004161e-07, 8.03475828093e-08, 7.49126982669e-08, 5.20493763645e-08, 7.92785570525e-08, 7.90280267893e-08, 7.34195424457e-08, 5.3465797123e-08, 3.45109398836e-08, 3.39560699558e-08, 2.36798776143e-08, 1.44967957638e-08, 1.36600286638e-08, 1.29521486869e-08, 1.14840270626e-08, 4.51999593309e-09, 2.40486364156e-09, 1.80044390508e-09, 1.58035051712e-09, 1.37227651464e-09, 1.20422039007e-09, 1.0718338439e-09, 1.02472752506e-09],
        "dvar": [8.71550401293e-12, 1.32627650182e-11, 2.93734231382e-10, 3.15687458396e-08, 1.66297138549e-06, 1.57470890372e-06, 1.3193198356e-07, 2.10928220667e-07, 8.1349685388e-07, 1.033759645e-06, 3.41168404638e-09, 8.1938350549e-10, 8.10089151315e-09, 8.91334488856e-12, 1.68678710322e-12, 6.64939186611e-13, 2.5674671807e-13, 1.4486713695e-13, 6.67325691776e-14, 4.09857593014e-14, 1.16468292327e-14, 1.19572693489e-14, 8.11512027688e-15, 8.30570099595e-15, 2.48452932286e-15, 9.77683332445e-16, 1.35962774666e-15, 7.18930119531e-16, 4.10833187563e-16, 3.6503594252e-16, 4.56408721733e-16, 3.21994148594e-16, 2.13993345003e-16, 1.35225620421e-16, 1.02644524574e-16, 8.47072850447e-17, 6.59273602291e-17, 5.04908531273e-17, 3.80750871999e-17, 2.86703017155e-17],
        "dvar2": [8.05072501719e-12, 1.2401323024e-11, 5.14541464991e-10, 7.88768446114e-08, 6.02778072789e-06, 5.48805928702e-06, 3.48072234146e-07, 6.336857723e-07, 2.04089997169e-06, 2.11352721635e-06, 9.57140766644e-09, 2.4091937334e-09, 2.07761186033e-08, 1.10820215851e-11, 3.31719352507e-12, 1.03050098836e-12, 4.67845705752e-13, 2.61774434594e-13, 8.19186230894e-14, 5.26395502979e-14, 1.25878523439e-14, 1.40316132262e-14, 1.18882005883e-14, 1.15701058353e-14, 3.22945795404e-15, 1.29669298692e-15, 1.57641587687e-15, 8.26611935808e-16, 4.25728209001e-16, 3.91371176232e-16, 4.42900902034e-16, 4.65248886966e-16, 2.25048766091e-16, 1.37300546739e-16, 1.03660586917e-16, 8.66019653988e-17, 6.72682266195e-17, 5.04944232389e-17, 3.79520854428e-17, 2.93524312446e-17],
        "max": [2.54622827924e-05, 2.97493643302e-05, 0.000113308815344, 0.0010280685965, 0.00660472130403, 0.00784860923886, 0.00181310111657, 0.00252647488378, 0.00473498972133, 0.00595896644518, 0.000287015893264, 0.000240214198129, 0.000620468985289, 2.60025535681e-05, 8.1210891949e-06, 5.63536559639e-06, 3.07069171868e-06, 2.35473498833e-06, 1.91493541024e-06, 1.50151925027e-06, 8.72728264767e-07, 9.32144587296e-07, 7.27163296688e-07, 7.37427910735e-07, 4.90908348638e-07, 3.25177296645e-07, 3.28001476646e-07, 2.59760639665e-07, 2.09168916854e-07, 1.80898808821e-07, 1.99981414539e-07, 1.40978642094e-07, 1.17906189701e-07, 9.23546394915e-08, 8.06312456803e-08, 7.29076106154e-08, 6.40434763e-08, 5.64323201502e-08, 4.90952736243e-08, 4.27569730732e-08],
        "mean": [1.2210962268e-06, 3.92684478356e-06, 3.39827456628e-05, 0.000153257322381, 0.0018874387024, 0.00225127278827, 0.000547807314433, 0.000671256158967, 0.00134616205469, 0.00129670475144, 8.20060886326e-05, 7.56336448831e-05, 0.000127743449411, 2.77194453702e-06, 7.92938408267e-07, 3.33680844733e-07, 1.38101441394e-07, 1.1701192193e-07, 6.48099529599e-08, 6.69281021715e-08, 5.7439205392e-08, 9.26632424125e-08, 8.48249612773e-08, 8.20948926616e-08, 7.36681187163e-08, 5.63903057582e-08, 4.68352396865e-08, 3.32922773794e-08, 2.60696531029e-08, 2.24155520812e-08, 1.87070163804e-08, 1.2221130774e-08, 4.93012297653e-09, 2.64929322924e-09, 2.10597272954e-09, 1.79308490278e-09, 1.45330303347e-09, 1.34120659023e-09, 1.1696132951e-09, 1.13244358335e-09],
        "median": [5.54180644485e-07, 2.55058694165e-06, 2.7204539947e-05, 9.82669880614e-05, 0.00150102819316, 0.00184386968613, 0.000458969356259, 0.000617626588792, 0.000955381488893, 0.000594427168835, 5.2357903769e-05, 5.02948532812e-05, 5.13275299454e-05, 1.89073193724e-06, 4.0735247353e-07, 1.26857415239e-07, 4.17741290448e-08, 3.54663960422e-08, 1.83642665519e-08, 2.57326195907e-08, 3.37795427185e-08, 7.31495859441e-08, 6.47059010817e-08, 5.89228044134e-08, 6.16521802499e-08, 4.74068606593e-08, 4.03038811214e-08, 3.01305327355e-08, 2.22168274888e-08, 1.87858759659e-08, 1.35320865624e-08, 9.03728114565e-09, 2.38918818063e-09, 9.8153463135e-10, 6.84988343824e-10, 5.47706435761e-10, 3.72989389374e-10, 3.85246862189e-10, 3.44818423814e-10, 3.99440092114e-10],
        "min": [2.23554756928e-08, 8.75292727187e-08, 1.08494214146e-06, 5.04520221511e-06, 6.56693646306e-06, 1.25495134853e-05, 2.04441530514e-05, 2.3371529096e-05, 4.15762406192e-06, 8.48559352562e-07, 5.45785610484e-07, 3.51861245917e-07, 7.30122451387e-07, 1.12939638086e-07, 5.98884000169e-08, 5.33987254414e-09, 4.96273644401e-09, 4.96559282581e-09, 5.11314990348e-09, 1.712586295e-09, 2.91702195732e-09, 5.60434143537e-09, 4.087778116e-09, 3.85633347477e-09, 2.33755437229e-09, 2.71118705264e-09, 2.08437489491e-09, 2.30810059954e-09, 9.17535214473e-10, 1.03267872031e-09, 7.92006960015e-10, 4.12455569698e-10, 2.30542751556e-10, 6.15303433205e-11, 5.83967180168e-11, 4.86762644081e-11, 2.4203011123e-11, 3.45529611867e-11, 2.7994611837e-11, 2.94085207575e-11],
        "var": [1.03205170104e-11, 2.38269612374e-11, 6.63804733403e-10, 2.5749217869e-08, 2.47845810009e-06, 3.53311725121e-06, 1.88927529621e-07, 2.75077496781e-07, 1.56084081482e-06, 2.18889545067e-06, 5.03470909408e-09, 4.51286252812e-09, 2.19882316799e-08, 1.24017263473e-11, 1.66715686395e-12, 6.74915527112e-13, 2.1166522582e-13, 1.25291473702e-13, 6.51804456762e-14, 4.0917569761e-14, 1.37584933816e-14, 1.39107602594e-14, 9.03837263686e-15, 9.43757502974e-15, 4.24406493496e-15, 2.01069443349e-15, 1.81881775401e-15, 1.07380558421e-15, 6.94436256037e-16, 5.29916464357e-16, 6.29479152197e-16, 3.4336751624e-16, 2.2217131576e-16, 1.35100577182e-16, 1.0296418025e-16, 8.43919836475e-17, 6.53780461279e-17, 5.06389449268e-17, 3.83220535523e-17, 2.89441415116e-17]
    },
    "mfcc": {
        "mean": [-832.080322266, 223.455459595, 26.8406257629, 0.331099718809, -73.5425796509, -64.3007049561, -18.5200386047, -10.4308452606, -7.28683137894, -23.0254230499, -14.916466713, -7.77013492584, -8.26954460144],
        "cov": [[1126.64599609, 165.959777832, -167.943908691, 41.9162368774, -89.2952880859, 62.6665458679, 13.3055963516, -31.0892372131, 28.6846103668, -2.81115722656, 20.4989891052, -26.3443222046, -23.2586917877], [165.959777832, 316.201599121, 44.6849365234, -117.402877808, -213.799407959, -132.905334473, 5.78477621078, 13.9454956055, 5.15643501282, -23.597661972, -41.0825920105, -32.5285797119, -22.2564277649], [-167.943908691, 44.6849365234, 107.47505188, -48.5871391296, -48.9745597839, -60.827381134, 10.8604078293, 32.651473999, 1.08681702614, -2.39573144913, -21.5734062195, 0.576250612736, 9.16987800598], [41.9162368774, -117.402877808, -48.5871391296, 224.507904053, 79.741645813, 50.6310386658, 34.3421211243, -11.6008787155, 14.3698692322, -34.8648719788, -1.40388023853, 2.35215377808, -6.9491686821], [-89.2952880859, -213.799407959, -48.9745597839, 79.741645813, 203.903701782, 133.73475647, -14.5361948013, -31.2217960358, -19.6920490265, 26.3384151459, 44.5181159973, 24.709444046, 3.78126740456], [62.6665458679, -132.905334473, -60.827381134, 50.6310386658, 133.73475647, 137.91619873, 2.11348390579, -35.1342430115, -18.0901622772, 17.9184017181, 40.7489547729, 15.6378965378, 10.2300634384], [13.3055963516, 5.78477621078, 10.8604078293, 34.3421211243, -14.5361948013, 2.11348390579, 54.7016487122, 27.4789142609, 9.58765029907, -11.5295562744, -21.0903968811, 2.27275753021, 12.5503196716], [-31.0892372131, 13.9454956055, 32.651473999, -11.6008787155, -31.2217960358, -35.1342430115, 27.4789142609, 55.1031532288, 26.3897380829, -1.41826295853, -23.3167915344, -2.76526021957, 13.3515796661], [28.6846103668, 5.15643501282, 1.08681702614, 14.3698692322, -19.6920490265, -18.0901622772, 9.58765029907, 26.3897380829, 34.1627464294, 15.1088199615, 1.09050548077, -1.68287682533, 2.23465013504], [-2.81115722656, -23.597661972, -2.39573144913, -34.8648719788, 26.3384151459, 17.9184017181, -11.5295562744, -1.41826295853, 15.1088199615, 63.6556549072, 49.4207382202, 10.1719865799, -6.61622190475], [20.4989891052, -41.0825920105, -21.5734062195, -1.40388023853, 44.5181159973, 40.7489547729, -21.0903968811, -23.3167915344, 1.09050548077, 49.4207382202, 75.419090271, 28.8425769806, -12.1159563065], [-26.3443222046, -32.5285797119, 0.576250612736, 2.35215377808, 24.709444046, 15.6378965378, 2.27275753021, -2.76526021957, -1.68287682533, 10.1719865799, 28.8425769806, 39.4490509033, 14.7789344788], [-23.2586917877, -22.2564277649, 9.16987800598, -6.9491686821, 3.78126740456, 10.2300634384, 12.5503196716, 13.3515796661, 2.23465013504, -6.61622190475, -12.1159563065, 14.7789344788, 38.0059738159]],
