{
"lowlevel": {
    "average_loudness": 0.924844563007,
    "barkbands_crest": {
        "dmean": 1.56478452682,
        "dmean2": 2.77714252472,
        "dvar": 2.69860959053,
        "dvar2": 8.1431646347,
        "max": 19.0413951874,
        "mean": 6.45494937897,
        "median": 5.19536781311,
        "min": 3.29442167282,
        "var": 10.1956920624
    },
    "barkbands_flatness_db": {
        "dmean": 0.00915743410587,
        "dmean2": 0.0154237495735,
        "dvar": 6.26035980531e-05,
        "dvar2": 0.000155385307153,
        "max": 0.208241865039,
        "mean": 0.0905271470547,
        "median": 0.0812443718314,
        "min": 0.0605317205191,
        "var": 0.000807559408713
    },
    "barkbands_kurtosis": {
        "dmean": 0.324088066816,
        "dmean2": 0.519526958466,
        "dvar": 0.253235548735,
        "dvar2": 0.589312434196,
        "max": 11.5929822922,
        "mean": -0.443681180477,
        "median": -1.3382652998,
        "min": -1.58093380928,
        "var": 6.12216377258
    },
    "barkbands_skewness": {
        "dmean": 0.221408382058,
        "dmean2": 0.368878781796,
        "dvar": 0.044641200453,
        "dvar2": 0.115946300328,
        "max": 3.2919754982,
        "mean": 0.542858421803,
        "median": 0.266136944294,
        "min": -0.502117753029,
        "var": 0.535697758198
    },
    "barkbands_spread": {
        "dmean": 2.98852467537,
        "dmean2": 5.08912181854,
        "dvar": 6.10968255997,
        "dvar2": 18.1319847107,
        "max": 47.6600265503,
        "mean": 34.40625,
        "median": 36.6067466736,
        "min": 8.45306587219,
        "var": 66.6435012817
    },
    "dissonance": {
        "dmean": 0.00794865563512,
        "dmean2": 0.012573367916,
        "dvar": 0.000338221696438,
        "dvar2": 0.000389780499972,
        "max": 0.499981671572,
        "mean": 0.486933916807,
        "median": 0.489320248365,
        "min": 0.269050180912,
        "var": 0.000386738654925
    },
    "dynamic_complexity": 1.48402988911,
    "erbbands_crest": {
        "dmean": 1.32326459885,
        "dmean2": 2.27660393715,
        "dvar": 0.984480261803,
        "dvar2": 2.51971316338,
        "max": 18.2437953949,
        "mean": 7.77246809006,
        "median": 7.29130744934,
        "min": 4.79396247864,
        "var": 5.13886737823
    },
    "erbbands_flatness_db": {
        "dmean": 0.00754098268226,
        "dmean2": 0.0121635841206,
        "dvar": 3.85619023291e-05,
        "dvar2": 9.13824987947e-05,
        "max": 0.204426065087,
        "mean": 0.158115848899,
        "median": 0.155772730708,
        "min": 0.134164825082,
        "var": 0.000164386510733
    },
    "erbbands_kurtosis": {
        "dmean": 0.536179661751,
        "dmean2": 0.904257774353,
        "dvar": 0.274326592684,
        "dvar2": 0.834308683872,
        "max": 2.04754257202,
        "mean": -0.357056409121,
        "median": -0.412625789642,
        "min": -1.64717233181,
        "var": 0.502120375633
    },
    "erbbands_skewness": {
        "dmean": 0.208761915565,
        "dmean2": 0.343244165182,
        "dvar": 0.0247913226485,
        "dvar2": 0.0807699039578,
        "max": 1.14085519314,
        "mean": -0.737724006176,
        "median": -0.909507036209,
        "min": -1.51255548,
        "var": 0.357855170965
    },
    "erbbands_spread": {
        "dmean": 3.96898889542,
        "dmean2": 6.65705299377,
        "dvar": 10.310090065,
        "dvar2": 25.6576442719,
        "max": 58.7665481567,
        "mean": 37.6910552979,
        "median": 36.2966575623,
        "min": 22.627325058,
        "var": 41.3199195862
    },
    "hfc": {
        "dmean": 1.66289281845,
        "dmean2": 2.4415974617,
        "dvar": 4.13032817841,
        "dvar2": 5.6591758728,
        "max": 50.8107223511,
        "mean": 17.1685352325,
        "median": 15.6306686401,
        "min": 0.349765628576,
        "var": 37.7857437134
    },
    "melbands_crest": {
        "dmean": 2.30531144142,
        "dmean2": 3.75882172585,
        "dvar": 5.2677989006,
        "dvar2": 15.4797821045,
        "max": 25.5716152191,
        "mean": 9.53382110596,
        "median": 8.32355499268,
        "min": 3.92597103119,
        "var": 16.3939971924
    },
    "melbands_flatness_db": {
        "dmean": 0.0114167928696,
        "dmean2": 0.0190108474344,
        "dvar": 0.000139822790516,
        "dvar2": 0.000361554237315,
        "max": 0.287335991859,
        "mean": 0.150329038501,
        "median": 0.13653151691,
        "min": 0.102482758462,
        "var": 0.00138933234848
    },
    "melbands_kurtosis": {
        "dmean": 1.18328273296,
        "dmean2": 2.05884218216,
        "dvar": 2.62831950188,
        "dvar2": 7.07784748077,
        "max": 25.3752689362,
        "mean": 2.76719880104,
        "median": 0.888555288315,
        "min": -1.14584708214,
        "var": 25.4258823395
    },
    "melbands_skewness": {
        "dmean": 0.283846318722,
        "dmean2": 0.474583148956,
        "dvar": 0.0861381515861,
        "dvar2": 0.234583497047,
        "max": 4.46510076523,
        "mean": 1.64920270443,
        "median": 1.40982174873,
        "min": 0.586995720863,
        "var": 0.512562870979
    },
    "melbands_spread": {
        "dmean": 6.39222383499,
        "dmean2": 11.0753154755,
        "dvar": 40.2798309326,
        "dvar2": 99.5005111694,
        "max": 79.6446914673,
        "mean": 46.5628204346,
        "median": 51.7446403503,
        "min": 7.75243377686,
        "var": 235.337692261
    },
    "pitch_salience": {
        "dmean": 0.0460067987442,
        "dmean2": 0.0808154791594,
        "dvar": 0.00204653292894,
        "dvar2": 0.0054269800894,
        "max": 0.837426006794,
        "mean": 0.697227656841,
        "median": 0.718044638634,
        "min": 0.41178265214,
        "var": 0.00627416744828
    },
    "silence_rate_20dB": {
        "dmean": 0,
        "dmean2": 0,
        "dvar": 0,
        "dvar2": 0,
        "max": 1,
        "mean": 1,
        "median": 1,
        "min": 1,
        "var": 0
    },
    "silence_rate_30dB": {
        "dmean": 0.0133333336562,
        "dmean2": 0.0201342273504,
        "dvar": 0.0131555199623,
        "dvar2": 0.0197287686169,
        "max": 1,
        "mean": 0.986754953861,
        "median": 1,
        "min": 0,
        "var": 0.0130696455017
    },
    "silence_rate_60dB": {
        "dmean": 0.0066666668281,
        "dmean2": 0.00671140942723,
        "dvar": 0.00662222271785,
        "dvar2": 0.00666636647657,
        "max": 1,
        "mean": 0.00662251655012,
        "median": 0,
        "min": 0,
        "var": 0.0065786591731
    },
    "spectral_centroid": {
        "dmean": 131.827804565,
        "dmean2": 215.090530396,
        "dvar": 12666.5634766,
        "dvar2": 32622.9121094,
        "max": 2871.9765625,
        "mean": 2240.78320312,
        "median": 2408.72753906,
        "min": 728.851745605,
        "var": 211159.21875
    },
    "spectral_complexity": {
        "dmean": 3.80666661263,
        "dmean2": 6.30201339722,
        "dvar": 11.2759542465,
        "dvar2": 27.3248958588,
        "max": 43,
        "mean": 30.5894031525,
        "median": 31,
        "min": 0,
        "var": 16.5598869324
    },
    "spectral_decrease": {
        "dmean": 6.05158922973e-10,
        "dmean2": 8.28486057536e-10,
        "dvar": 1.23027368666e-18,
        "dvar2": 1.51548690604e-18,
        "max": -3.29399112153e-11,
        "mean": -3.61475405164e-09,
        "median": -2.12303263858e-09,
        "min": -2.94433064596e-08,
        "var": 1.86090193749e-17
    },
    "spectral_energy": {
        "dmean": 0.00237310584635,
        "dmean2": 0.00324992765673,
        "dvar": 1.87424320757e-05,
        "dvar2": 2.26830870815e-05,
        "max": 0.115734614432,
        "mean": 0.0152001492679,
        "median": 0.00945074856281,
        "min": 0.000156047724886,
        "var": 0.000282782013528
    },
    "spectral_energyband_high": {
        "dmean": 7.66084194765e-05,
        "dmean2": 0.000128364088596,
        "dvar": 4.33287672408e-09,
        "dvar2": 1.19123058084e-08,
        "max": 0.000650559959468,
        "mean": 0.000442079704953,
        "median": 0.000444548233645,
        "min": 1.1480800822e-05,
        "var": 5.9011102671e-09
    },
    "spectral_energyband_low": {
        "dmean": 0.000791274185758,
        "dmean2": 0.00139716232661,
        "dvar": 2.11464089261e-06,
        "dvar2": 5.34286027687e-06,
        "max": 0.0115684382617,
        "mean": 0.00119267590344,
        "median": 0.000713596877176,
        "min": 1.36155786095e-05,
        "var": 2.60133629126e-06
    },
    "spectral_energyband_middle_high": {
        "dmean": 0.000574023230001,
        "dmean2": 0.000874801189639,
        "dvar": 3.09385171704e-07,
        "dvar2": 6.6517770847e-07,
        "max": 0.00751972664148,
        "mean": 0.00403342442587,
        "median": 0.00397001905367,
        "min": 9.30391106522e-05,
        "var": 6.3727225097e-07
    },
    "spectral_energyband_middle_low": {
        "dmean": 0.00204001297243,
        "dmean2": 0.00272000790574,
        "dvar": 1.65037199622e-05,
        "dvar2": 1.98550933419e-05,
        "max": 0.106270425022,
        "mean": 0.00962218921632,
        "median": 0.00427747657523,
        "min": 3.96789873776e-05,
        "var": 0.00025114120217
    },
    "spectral_entropy": {
        "dmean": 0.0460417680442,
        "dmean2": 0.0768630579114,
        "dvar": 0.00146167830098,
        "dvar2": 0.00306151201949,
        "max": 7.96860647202,
        "mean": 7.6730465889,
        "median": 7.71223497391,
        "min": 7.10813951492,
        "var": 0.0164967365563
    },
    "spectral_flux": {
        "dmean": 0.00853324495256,
        "dmean2": 0.0132446307689,
        "dvar": 0.000167693360709,
        "dvar2": 0.0002431031171,
        "max": 0.249221459031,
        "mean": 0.0531082339585,
        "median": 0.0483172088861,
        "min": 0.0362853556871,
        "var": 0.000433847075328
    },
    "spectral_kurtosis": {
        "dmean": 1.09056687355,
        "dmean2": 1.84480440617,
        "dvar": 0.904244661331,
        "dvar2": 1.81258559227,
        "max": 19.6174144745,
        "mean": 8.52009773254,
        "median": 8.49912071228,
        "min": 5.73831653595,
        "var": 2.22712182999
    },
    "spectral_rms": {
        "dmean": 0.000266881717835,
        "dmean2": 0.000398574396968,
        "dvar": 1.18100992097e-07,
        "dvar2": 1.76615913006e-07,
        "max": 0.0106259975582,
        "mean": 0.00356581085362,
        "median": 0.00303648528643,
        "min": 0.000390181608964,
        "var": 2.1144069251e-06
    },
    "spectral_rolloff": {
        "dmean": 178.58203125,
        "dmean2": 317.361602783,
        "dvar": 78890.65625,
        "dvar2": 222487.375,
        "max": 3488.37890625,
        "mean": 2818.85327148,
        "median": 3100.78125,
        "min": 495.263671875,
        "var": 625907
    },
    "spectral_skewness": {
        "dmean": 0.119772858918,
        "dmean2": 0.198120445013,
        "dvar": 0.020720757544,
        "dvar2": 0.0255642384291,
        "max": 3.33671379089,
        "mean": 1.38578438759,
        "median": 1.35301446915,
        "min": 1.1446788311,
        "var": 0.0382741130888
    },
    "spectral_spread": {
        "dmean": 135938.96875,
        "dmean2": 205675.265625,
        "dvar": 36609024000,
        "dvar2": 46004269056,
        "max": 5258530,
        "mean": 2969656,
        "median": 2949085.5,
        "min": 2592658.75,
        "var": 62259441664
    },
    "spectral_strongpeak": {
        "dmean": 0.325204104185,
        "dmean2": 0.572077155113,
        "dvar": 0.0808339715004,
        "dvar2": 0.179442688823,
        "max": 3.09575986862,
        "mean": 0.679768800735,
        "median": 0.610801756382,
        "min": 0.0137673942372,
        "var": 0.341453790665
    },
    "zerocrossingrate": {
        "dmean": 0.00687174499035,
        "dmean2": 0.00916264671832,
        "dvar": 3.85382882087e-05,
        "dvar2": 5.36054285476e-05,
        "max": 0.12158203125,
        "mean": 0.0901832804084,
        "median": 0.09716796875,
        "min": 0.01806640625,
        "var": 0.00044397052261
    },
    "barkbands": {
        "dmean": [2.42879250436e-05, 0.000633739342447, 0.00021622692293, 0.00012454087846, 0.00168449955527, 0.000454276887467, 0.000599757186137, 0.000628496694844, 7.36345755286e-05, 0.000190281425603, 0.000101258323411, 4.19772040914e-05, 4.48389291705e-05, 2.61307322944e-05, 2.2861702746e-05, 0.000105308776256, 0.000276963517535, 0.000231888247072, 0.000194737818674, 9.97682509478e-05, 4.98009758303e-05, 1.78178470378e-05, 1.22678011394e-06, 9.1148916681e-07, 1.04350363017e-06, 1.4796397636e-06, 5.29861927134e-06],
        "dmean2": [3.83648948628e-05, 0.00107916851994, 0.000383315084036, 0.000207064425922, 0.0024113249965, 0.000642285274807, 0.000818416650873, 0.00108827336226, 0.000124743586639, 0.000306732894387, 0.000175633555045, 6.95980270393e-05, 7.79073743615e-05, 4.39545328845e-05, 4.082216401e-05, 0.000183531170478, 0.000463424657937, 0.000383106496884, 0.00031855533598, 0.000173401538632, 8.59755527927e-05, 3.04255390802e-05, 2.0146173938e-06, 1.5595134073e-06, 1.67568384768e-06, 2.33914738601e-06, 8.85186000232e-06],
        "dvar": [2.1844441811e-09, 1.29883994759e-06, 1.13818607872e-07, 1.30312143298e-08, 1.5057858036e-05, 2.25976691581e-07, 1.78619188773e-06, 3.86631995752e-07, 3.50188233966e-09, 7.46999404555e-08, 6.93255053363e-09, 1.6920798096e-09, 1.16371534631e-09, 4.33962449309e-10, 3.11869557956e-10, 6.24867135812e-09, 4.06666451624e-08, 2.39628139553e-08, 2.34518733322e-08, 7.16456138861e-09, 1.43711820222e-09, 1.93805610449e-10, 3.30284541036e-12, 2.68692013083e-12, 2.2529977016e-12, 2.59501469792e-12, 2.29593653117e-11],
        "dvar2": [2.90397816904e-09, 3.26986264554e-06, 3.05692793745e-07, 2.69055053792e-08, 1.85660992429e-05, 4.63614213686e-07, 3.07614755002e-06, 1.19787705444e-06, 1.01193045055e-08, 1.55361277621e-07, 1.80220567358e-08, 3.97576327416e-09, 3.34263994262e-09, 1.24412447011e-09, 8.80896189326e-10, 1.36275799534e-08, 1.10498049821e-07, 7.69531638412e-08, 6.3487938462e-08, 1.96787137696e-08, 4.09440570337e-09, 5.32186683611e-10, 4.61889467646e-12, 3.29862049134e-12, 2.75884480191e-12, 4.51682831762e-12, 4.65707090946e-11],
        "max": [0.000529398676008, 0.00886800233275, 0.00292281317525, 0.00136774755083, 0.0775925442576, 0.00585045199841, 0.027832062915, 0.00725165614858, 0.00052602821961, 0.00211103912443, 0.000500549504068, 0.000403571291827, 0.000236776017118, 0.000127855266328, 0.000128377898363, 0.000771482125856, 0.00172942632344, 0.00152367772534, 0.00135732977651, 0.000610208546277, 0.00030276668258, 9.69760076259e-05, 2.54285496339e-05, 2.33691080211e-05, 2.14408628381e-05, 2.24603245442e-05, 6.13235897617e-05],
        "mean": [3.14100070682e-05, 0.000835312705021, 0.000231701487792, 0.000177237205207, 0.00418348796666, 0.00116105086636, 0.00216978369281, 0.00173545966391, 0.000152365464601, 0.000298413593555, 0.000188610516489, 8.0430865637e-05, 0.000104470040242, 5.39782158739e-05, 6.32447336102e-05, 0.000381977821235, 0.000975026516244, 0.000940174330026, 0.000765752920415, 0.000352243310772, 0.0001705265895, 5.35175640834e-05, 5.40674182048e-06, 4.08261075791e-06, 5.43458054381e-06, 8.15954899736e-06, 4.574538616e-05],
        "median": [1.81818904821e-05, 0.000406950013712, 0.0001470050629, 0.000143949335325, 0.00120941153727, 0.000950566201936, 0.00042712999857, 0.00147212133743, 0.000133887850097, 0.000165853940416, 0.000171672712895, 7.09340529284e-05, 9.69898537733e-05, 4.93422921863e-05, 6.26388355158e-05, 0.000364527397323, 0.000939643068705, 0.00091329193674, 0.000757461530156, 0.000348252098775, 0.000168121187016, 5.2578838222e-05, 5.10311747348e-06, 3.97007852371e-06, 5.27975680598e-06, 7.97417760623e-06, 4.59775037598e-05],
        "min": [5.45406749097e-07, 4.66662822873e-06, 5.78613844482e-06, 5.37276991963e-06, 1.06493189378e-05, 2.0793929707e-06, 3.43043802786e-06, 1.46621887325e-05, 3.06944320982e-06, 1.34748142955e-06, 7.29831208446e-06, 2.21427740144e-06, 6.61118178868e-07, 1.75709726591e-06, 2.19058915718e-06, 6.74795819577e-06, 2.26012289204e-05, 1.94938384084e-05, 2.45998235187e-05, 7.31138970878e-06, 5.57650309929e-06, 1.54899805693e-06, 2.39238886479e-07, 1.72325840708e-07, 1.09265137382e-07, 2.00266342176e-07, 7.93554931988e-07],
        "var": [2.49723974832e-09, 1.76510127403e-06, 1.02519727818e-07, 2.39013964176e-08, 0.00011487390293, 9.57140400715e-07, 2.45055507548e-05, 1.11801011826e-06, 7.93326293547e-09, 1.45030838894e-07, 9.06286601321e-09, 2.9959863479e-09, 1.67324021305e-09, 5.74299996448e-10, 4.0079922714e-10, 1.09570530427e-08, 7.69341141904e-08, 4.98975794017e-08, 3.67696770809e-08, 8.10725708789e-09, 1.9771326798e-09, 2.49921278117e-10, 4.02793120038e-12, 2.99905825001e-12, 2.97434711409e-12, 3.47779205608e-12, 3.41683903393e-11]
    },
    "erbbands": {
        "dmean": [0.00827073119581, 0.172308966517, 0.336050778627, 0.262842565775, 2.32735991478, 8.49915504456, 6.25172472, 2.0556242466, 4.15962314606, 13.0881528854, 9.69261550903, 1.95165431499, 2.78042697906, 6.99319028854, 2.54764485359, 1.38905739784, 1.97080683708, 0.93126809597, 1.39955413342, 2.83933067322, 4.57276582718, 17.1787281036, 12.8538417816, 10.9208078384, 6.95919656754, 4.40312767029, 2.44075679779, 1.59223973751, 0.652156412601, 0.0698507726192, 0.0348969474435, 0.0209556855261, 0.018219454214, 0.0124438377097, 0.00865208078176, 0.00367377675138, 0.00407272949815, 0.00187189003918, 0.000833506754134, 0.000120051205158],
        "dmean2": [0.0144547419623, 0.294406950474, 0.608180999756, 0.433151334524, 3.47427582741, 12.4169616699, 9.44793891907, 3.03979563713, 5.93005418777, 16.8550167084, 15.7701311111, 3.31176280975, 4.76667070389, 11.1443595886, 4.39335823059, 2.32020115852, 3.43689537048, 1.59374094009, 2.25542163849, 4.67561197281, 7.56743049622, 28.7236976624, 21.4569625854, 17.7994766235, 11.5118818283, 7.58021736145, 4.11240768433, 2.72193026543, 1.09599900246, 0.112973310053, 0.0581390187144, 0.0336397998035, 0.0308771450073, 0.0210181921721, 0.01383958105, 0.0057681677863, 0.00668941996992, 0.00326842698269, 0.00140967604239, 0.000199264759431],
        "dvar": [0.000120085838716, 0.100990980864, 0.363199740648, 0.0488470084965, 15.4240856171, 467.959228516, 60.9786453247, 4.48719120026, 38.916809082, 522.795288086, 89.9785842896, 2.46716475487, 6.89742660522, 108.81816864, 5.73019313812, 1.7702126503, 2.39850616455, 0.612920284271, 1.3328846693, 5.97124528885, 13.5135135651, 160.964675903, 81.6763839722, 73.2871551514, 27.4785060883, 11.7043981552, 3.71309447289, 1.66169559956, 0.241805419326, 0.00436957273632, 0.00245941244066, 0.00112348073162, 0.000887801346835, 0.000385958439438, 0.000102446982055, 2.61625991698e-05, 1.63384193002e-05, 3.00236456496e-06, 4.4883805117e-07, 1.18590177678e-08],
        "dvar2": [0.000305620225845, 0.252890408039, 0.955067276955, 0.109992280602, 21.6333427429, 538.092468262, 145.982391357, 9.44848918915, 73.634223938, 545.20324707, 220.07623291, 6.74876403809, 17.9383239746, 208.222213745, 15.2395133972, 4.5515832901, 7.20728349686, 1.71671354771, 4.04549264908, 12.9031572342, 35.6225814819, 454.588989258, 233.153259277, 200.272613525, 64.8484573364, 31.6580619812, 10.8789520264, 4.62504673004, 0.674428522587, 0.00803044717759, 0.00375714083202, 0.00152238260489, 0.00126584700774, 0.0005273881834, 0.000159129311214, 3.64941515727e-05, 3.60397243639e-05, 5.96431527811e-06, 1.15358329822e-06, 2.67626329986e-08],
        "max": [0.093601077795, 2.42713904381, 4.90287637711, 3.79631996155, 89.9934768677, 396.629394531, 103.636512756, 30.507352829, 109.12323761, 565.056396484, 135.802276611, 21.4497127533, 23.6019096375, 75.520942688, 22.0001296997, 13.7008705139, 10.5713386536, 6.12268304825, 7.97142314911, 23.735490799, 36.6955223083, 109.193756104, 88.6784057617, 83.6228408813, 45.0260047913, 27.0035133362, 16.3717441559, 10.0082454681, 4.12114524841, 0.874764978886, 0.676355421543, 0.47940659523, 0.405519366264, 0.272469431162, 0.13065983355, 0.0762666836381, 0.0406808592379, 0.0207219887525, 0.00706088449806, 0.00123143766541],
        "mean": [0.012385471724, 0.221358790994, 0.377817422152, 0.526232540607, 5.06605482101, 19.8184547424, 14.2319078445, 5.532766819, 12.3714284897, 52.6056442261, 30.4882850647, 4.90534925461, 5.37031793594, 11.9321317673, 5.83337974548, 3.20430350304, 4.17615318298, 2.96520519257, 3.51931738853, 10.9287481308, 21.4829597473, 60.8743591309, 52.8841018677, 49.517250061, 27.4182701111, 16.4363803864, 8.86615657806, 5.72693347931, 2.28942918777, 0.327283382416, 0.153166010976, 0.0884873569012, 0.0729464143515, 0.0568433851004, 0.0423966869712, 0.0193965397775, 0.017819814384, 0.0109479920939, 0.00507024582475, 0.00089825829491],
        "median": [0.00800005253404, 0.0988032370806, 0.227144360542, 0.437407046556, 1.63134515285, 4.37539958954, 9.88467216492, 4.71278810501, 6.74404191971, 14.9313802719, 24.5319232941, 4.13656949997, 4.06804609299, 7.09293794632, 5.34587192535, 2.88642215729, 3.7364988327, 2.96244072914, 3.29102945328, 10.6282949448, 20.7667045593, 58.1171531677, 51.9157600403, 48.3451576233, 27.37541008, 16.444272995, 8.72567939758, 5.63723134995, 2.33895993233, 0.322401940823, 0.143683359027, 0.0847555175424, 0.0698392018676, 0.0546972602606, 0.0403120853007, 0.0183820612729, 0.0173439830542, 0.0107184564695, 0.00507109658793, 0.000894279917702],
        "min": [0.000105717866973, 0.00119641504716, 0.00571609381586, 0.0139602012932, 0.0244711823761, 0.0376153886318, 0.0384502448142, 0.00893615372479, 0.01578912884, 0.18701416254, 0.283014386892, 0.0714227184653, 0.0416835993528, 0.166189223528, 0.219959244132, 0.0925875678658, 0.0377653390169, 0.0752178877592, 0.0978266820312, 0.229325309396, 0.398043870926, 1.35590815544, 1.25389492512, 1.54976844788, 0.571583628654, 0.350996762514, 0.205129042268, 0.229168429971, 0.0710761994123, 0.00807451736182, 0.00587722100317, 0.00416743662208, 0.00286891800351, 0.00102764682379, 0.000997875002213, 0.000513656297699, 0.000366592983482, 0.000304101471556, 0.000117430528917, 1.52164902829e-05],
        "var": [0.00021597284649, 0.133211478591, 0.336054831743, 0.220869123936, 163.659881592, 3057.86010742, 251.703170776, 13.1758794785, 282.601715088, 11511.0244141, 445.191589355, 10.1020030975, 15.7998971939, 198.793960571, 9.03646564484, 2.69603896141, 3.22947669029, 0.823272943497, 1.77164387703, 10.0183200836, 23.1937465668, 293.124023438, 160.004150391, 125.404090881, 43.9489707947, 15.1403713226, 5.40823888779, 1.96846842766, 0.340898901224, 0.00649287505075, 0.00293082534336, 0.00135100225452, 0.000948772300035, 0.000425617123256, 0.000166919766343, 3.7309484469e-05, 2.07389311981e-05, 3.93748950955e-06, 6.46310525099e-07, 1.77104357846e-08]
    },
    "gfcc": {
        "mean": [6.14133787155, 68.8728103638, -122.714859009, 22.1545143127, -33.8419837952, -50.7177886963, -19.8125610352, 7.00108003616, -18.2796478271, -3.07660508156, -12.6576480865, 3.84213805199, -5.61142253876],
        "cov": [[486.92098999, 209.126022339, 94.0543289185, -3.79006099701, -34.7654647827, -42.9341468811, -15.1544027328, 4.45707988739, -0.984055161476, -6.5275015831, 2.45953369141, 6.77490568161, 13.1224498749], [209.126022339, 206.651519775, 94.9191894531, 10.2282848358, -20.5264339447, -21.8446369171, 4.56367444992, 11.7453813553, -0.418324112892, -17.6700115204, -4.61783838272, 0.516230583191, 6.79012775421], [94.0543289185, 94.9191894531, 67.5708999634, 25.1628265381, 3.82675743103, 4.96754026413, 5.876704216, 14.355802536, 5.64340925217, -2.33307361603, 0.40322804451, -0.176454260945, -1.43327915668], [-3.79006099701, 10.2282848358, 25.1628265381, 36.2475013733, 30.2174377441, 24.8382549286, 16.5936946869, 13.6111946106, 11.5224714279, 7.9093580246, 2.15464377403, -1.64317464828, -2.82700133324], [-34.7654647827, -20.5264339447, 3.82675743103, 30.2174377441, 46.3287734985, 35.526260376, 24.6636734009, 15.3105955124, 10.7004833221, 11.5141239166, 4.67566490173, 0.524849057198, -2.73110938072], [-42.9341468811, -21.8446369171, 4.96754026413, 24.8382549286, 35.526260376, 43.4692497253, 26.0419445038, 17.2731552124, 10.8058805466, 10.717168808, 4.25581073761, 1.7546492815, -3.67672276497], [-15.1544027328, 4.56367444992, 5.876704216, 16.5936946869, 24.6636734009, 26.0419445038, 35.9054603577, 24.9748630524, 16.2999210358, 9.03984165192, 2.46632313728, 1.23857009411, -1.11417460442], [4.45707988739, 11.7453813553, 14.355802536, 13.6111946106, 15.3105955124, 17.2731552124, 24.9748630524, 33.8082199097, 22.4004020691, 13.6000785828, 6.41661071777, 1.7584643364, -1.58064818382], [-0.984055161476, -0.418324112892, 5.64340925217, 11.5224714279, 10.7004833221, 10.8058805466, 16.2999210358, 22.4004020691, 28.6314582825, 20.2438297272, 9.03802394867, 3.56795620918, -0.501479804516], [-6.5275015831, -17.6700115204, -2.33307361603, 7.9093580246, 11.5141239166, 10.717168808, 9.03984165192, 13.6000785828, 20.2438297272, 30.704957962, 18.7991447449, 5.97091245651, 0.0804313644767], [2.45953369141, -4.61783838272, 0.40322804451, 2.15464377403, 4.67566490173, 4.25581073761, 2.46632313728, 6.41661071777, 9.03802394867, 18.7991447449, 24.0247154236, 11.4851379395, 3.82910513878], [6.77490568161, 0.516230583191, -0.176454260945, -1.64317464828, 0.524849057198, 1.7546492815, 1.23857009411, 1.7584643364, 3.56795620918, 5.97091245651, 11.4851379395, 15.3542547226, 8.31549358368], [13.1224498749, 6.79012775421, -1.43327915668, -2.82700133324, -2.73110938072, -3.67672276497, -1.11417460442, -1.58064818382, -0.501479804516, 0.0804313644767, 3.82910513878, 8.31549358368, 16.0211219788]],
        "icov": [[0.00412378832698, -0.00365995429456, -0.00199978821911, 0.00275532598607, -0.00227646622807, 0.00232623866759, 0.00199598679319, -0.000638181227259, 0.00120440521277, -0.0044339527376, 0.00264301709831, -0.00169816985726, -0.00098791171331], [-0.00365995429456, 0.0363203436136, -0.0578581541777, 0.0293849278241, -0.0065998560749, 0.0198055505753, -0.0326004102826, 0.0195526257157, -0.0121719567105, 0.0170912593603, -0.0114678153768, 0.0136234909296, -0.0141015872359], [-0.00199978821911, -0.0578581541777, 0.143342882395, -0.107202321291, 0.0427158623934, -0.0352556183934, 0.0583622418344, -0.057726316154, 0.0340001918375, -0.0141306491569, 0.0116207692772, -0.0309881642461, 0.0320629626513], [0.00275532598607, 0.0293849278241, -0.107202321291, 0.169753134251, -0.08699439466, 0.00378753617406, -0.0200846157968, 0.047587890178, -0.0555808953941, 0.0167625956237, -0.0104704489931, 0.0417533889413, -0.0260028392076], [-0.00227646622807, -0.0065998560749, 0.0427158623934, -0.08699439466, 0.109288871288, -0.0400535948575, -0.0134725850075, -0.0125302644446, 0.0285911504179, -0.012555276975, -0.00135841581505, -0.00818583648652, 0.00592922372743], [0.00232623866759, 0.0198055505753, -0.0352556183934, 0.00378753617406, -0.0400535948575, 0.0944365337491, -0.0445737242699, 0.00306637887843, 0.0136462310329, -0.00754599133506, 0.00616881763563, -0.0163794625551, 0.00675425445661], [0.00199598679319, -0.0326004102826, 0.0583622418344, -0.0200846157968, -0.0134725850075, -0.0445737242699, 0.12133654952, -0.0674975216389, -0.00109894201159, -0.00112639414147, 0.0169725101441, -0.0128552895039, 0.00569915445521], [-0.000638181227259, 0.0195526257157, -0.057726316154, 0.047587890178, -0.0125302644446, 0.00306637887843, -0.0674975216389, 0.126307249069, -0.0753347054124, 0.021336844191, -0.0244591087103, 0.0275519061834, -0.00911592785269], [0.00120440521277, -0.0121719567105, 0.0340001918375, -0.0555808953941, 0.0285911504179, 0.0136462310329, -0.00109894201159, -0.0753347054124, 0.148433446884, -0.0897372439504, 0.0458372570574, -0.0404417775571, 0.0130351353437], [-0.0044339527376, 0.0170912593603, -0.0141306491569, 0.0167625956237, -0.012555276975, -0.00754599133506, -0.00112639414147, 0.021336844191, -0.0897372439504, 0.146130129695, -0.100071251392, 0.0442843548954, -0.00637370487675], [0.00264301709831, -0.0114678153768, 0.0116207692772, -0.0104704489931, -0.00135841581505, 0.00616881763563, 0.0169725101441, -0.0244591087103, 0.0458372570574, -0.100071251392, 0.145464837551, -0.0900753512979, 0.0157615188509], [-0.00169816985726, 0.0136234909296, -0.0309881642461, 0.0417533889413, -0.00818583648652, -0.0163794625551, -0.0128552895039, 0.0275519061834, -0.0404417775571, 0.0442843548954, -0.0900753512979, 0.166857153177, -0.0696820989251], [-0.00098791171331, -0.0141015872359, 0.0320629626513, -0.0260028392076, 0.00592922372743, 0.00675425445661, 0.00569915445521, -0.00911592785269, 0.0130351353437, -0.00637370487675, 0.0157615188509, -0.0696820989251, 0.10238148272]]
    },
    "melbands": {
        "dmean": [0.00012695568148, 0.000200962240342, 6.30432114122e-05, 0.000432892295066, 0.000211021484574, 5.41019508091e-05, 8.28826596262e-05, 0.000143330165884, 6.72227979521e-05, 1.09110014819e-05, 1.51218891915e-05, 2.990286157e-05, 1.1020076272e-05, 5.16039153808e-06, 4.41745532953e-06, 3.9419192035e-06, 1.79417588697e-06, 2.83878944174e-06, 2.19149046643e-06, 8.19084743853e-06, 4.81881806991e-06, 1.8731909222e-05, 1.36100297823e-05, 1.1963779798e-05, 1.02660242192e-05, 7.95532469056e-06, 5.05966272613e-06, 3.15951479024e-06, 1.77790661837e-06, 1.46802824474e-06, 1.12339751013e-06, 5.28683813172e-07, 1.15577179827e-07, 2.62917705385e-08, 2.38352715343e-08, 2.23353318063e-08, 1.23516139539e-08, 1.47596486144e-08, 1.25556018915e-08, 1.33930351254e-08],
        "dmean2": [0.000216634129174, 0.00036182886106, 0.000105529274151, 0.000596043537371, 0.000320637627738, 7.90008780314e-05, 0.000118665499031, 0.000199002111913, 0.000109006170533, 1.88309386431e-05, 2.58578256762e-05, 4.74020962429e-05, 1.92006755242e-05, 8.63173954713e-06, 7.89775640442e-06, 6.88096042722e-06, 3.07159962176e-06, 4.75842716696e-06, 3.80564665647e-06, 1.36157341331e-05, 8.07612923381e-06, 3.11917647196e-05, 2.2266902306e-05, 2.04054085771e-05, 1.6831798348e-05, 1.27813518702e-05, 8.88465547177e-06, 5.52871779291e-06, 2.98420422951e-06, 2.50489551945e-06, 1.8879346726e-06, 8.97420250112e-07, 1.91726229559e-07, 4.06067037773e-08, 3.95362604877e-08, 3.82106115637e-08, 2.04290433459e-08, 2.51436347298e-08, 2.12094555252e-08, 2.26814691473e-08],
        "dvar": [4.42723511185e-08, 1.46820838154e-07, 6.98200297578e-09, 1.15791385724e-06, 1.01658997664e-07, 2.80698975175e-09, 2.26240928214e-08, 3.77598361467e-08, 4.57428139811e-09, 7.70419075757e-11, 1.94364579986e-10, 2.06302797068e-09, 9.01567639988e-11, 2.37603391823e-11, 1.0990227825e-11, 7.27384602203e-12, 2.10617135711e-12, 6.23951194531e-12, 3.40758801384e-12, 4.12569284292e-11, 1.58196476752e-11, 1.72526284925e-10, 1.20440019069e-10, 7.76133116109e-11, 6.09244668603e-11, 3.70739688949e-11, 1.50957787937e-11, 6.0103671172e-12, 2.29225644542e-12, 1.17809418904e-12, 6.73844010105e-13, 1.73124698171e-13, 7.56899070194e-15, 1.15415735305e-15, 9.00934735886e-16, 7.61274461235e-16, 3.67581117708e-16, 5.22372735989e-16, 3.32750408233e-16, 2.85098319854e-16],
        "dvar2": [1.11078989562e-07, 3.72994094278e-07, 1.26081891594e-08, 1.21547782328e-06, 2.30880274898e-07, 5.98672356134e-09, 4.33213287465e-08, 3.93947807709e-08, 1.08501909679e-08, 2.07803968477e-10, 5.4434456942e-10, 4.06187927737e-09, 2.45997583415e-10, 5.23787541118e-11, 2.86916896491e-11, 2.11844569664e-11, 6.08383872794e-12, 1.74228444172e-11, 1.0634239149e-11, 9.65456395385e-11, 4.08103932592e-11, 4.94674301521e-10, 3.19232640322e-10, 1.98777730387e-10, 1.73322592389e-10, 9.68420621472e-11, 4.20058952899e-11, 1.58539466277e-11, 6.7688992432e-12, 3.46059314017e-12, 1.96247141801e-12, 4.79074353972e-13, 2.13175255172e-14, 1.35479796479e-15, 1.43385822015e-15, 1.28704062297e-15, 4.60992493466e-16, 7.72870236404e-16, 5.04016790868e-16, 4.53121492744e-16],
        "max": [0.00174542772584, 0.00300552439876, 0.00137559568975, 0.0205612909049, 0.005695393309, 0.000688680447638, 0.00291811162606, 0.0051402519457, 0.000880491279531, 8.5031024355e-05, 0.000119066833577, 0.000327142886817, 7.93807266746e-05, 4.98728513776e-05, 2.46278304985e-05, 1.88535977941e-05, 1.09939455797e-05, 1.54563058459e-05, 1.54430890689e-05, 5.98926417297e-05, 3.46763554262e-05, 0.000116663744848, 0.000102334553958, 7.27271617507e-05, 7.15188507456e-05, 5.00082933286e-05, 2.88156261377e-05, 1.71578303707e-05, 1.20803651953e-05, 7.05017691871e-06, 6.75405271977e-06, 3.2347556953e-06, 6.17531100033e-07, 4.90393006203e-07, 3.87737031815e-07, 3.54278711256e-07, 2.68970552497e-07, 3.02688448528e-07, 2.46982438057e-07, 2.21057931071e-07],
        "mean": [0.000181942828931, 0.000248002674198, 0.000115591123176, 0.00101414415985, 0.000532258825842, 0.00014484798885, 0.000259833585005, 0.000569109339267, 0.000197440807824, 2.23988608923e-05, 2.68285566563e-05, 4.98249391967e-05, 2.26381598623e-05, 1.04043701867e-05, 8.27338772069e-06, 9.12433006306e-06, 4.9824893722e-06, 5.86884470977e-06, 6.07540550845e-06, 2.61762743321e-05, 2.16510343307e-05, 6.09434682701e-05, 5.57667881367e-05, 4.29274005e-05, 4.12642839365e-05, 2.63286055997e-05, 1.38895256896e-05, 1.0063150512e-05, 5.8530977185e-06, 4.03360490964e-06, 3.18902743857e-06, 1.59008106948e-06, 3.44661373219e-07, 9.98397027274e-08, 8.60401954128e-08, 7.70206938228e-08, 4.46828565259e-08, 5.17833775859e-08, 4.42853291815e-08, 5.03059212065e-08],
        "median": [9.87834937405e-05, 0.000125842969283, 9.02447500266e-05, 0.0002220555034, 0.000310842384351, 0.000119607568195, 9.6926036349e-05, 0.000232875681832, 0.000161804302479, 1.92177230929e-05, 2.05281739909e-05, 2.83873923763e-05, 2.01396287594e-05, 8.99165843293e-06, 7.64070045989e-06, 8.57242139318e-06, 5.05231037096e-06, 5.16380032423e-06, 5.81665835853e-06, 2.48699270742e-05, 2.10904145206e-05, 6.00567946094e-05, 5.41687659279e-05, 4.12196823163e-05, 4.0737202653e-05, 2.5614448532e-05, 1.35472737384e-05, 9.95056416286e-06, 5.74544446863e-06, 3.90964260077e-06, 3.13734199153e-06, 1.586161261e-06, 3.31354328864e-07, 9.50690122181e-08, 8.20681833602e-08, 7.30827167672e-08, 4.26593658176e-08, 4.8313378187e-08, 4.21737240686e-08, 4.84560658265e-08],
        "min": [1.14479246349e-06, 2.56201997217e-06, 2.71080489256e-06, 2.2494359655e-06, 1.46705917814e-06, 2.27716327572e-07, 3.40403232713e-07, 2.43626595875e-06, 2.0684201445e-06, 3.63382810065e-07, 1.79521208565e-07, 5.94319715219e-07, 9.18129160254e-07, 2.96479981898e-07, 1.21235714801e-07, 8.29950295156e-08, 1.53884101906e-07, 1.38469204103e-07, 2.0745532936e-07, 5.44133058611e-07, 3.61967693152e-07, 1.45732826695e-06, 9.58343548518e-07, 1.23140557662e-06, 1.32684408527e-06, 6.67513688768e-07, 2.52078564245e-07, 2.1916481785e-07, 1.30354976591e-07, 9.42657223391e-08, 1.6663830138e-07, 4.71511718558e-08, 4.18357171128e-09, 3.80290110513e-09, 3.34432215254e-09, 3.7678327125e-09, 1.91385574055e-09, 2.3139401506e-09, 1.01016395249e-09, 8.08576761102e-10],
        "var": [6.77451978959e-08, 1.57238631004e-07, 1.71774772184e-08, 8.39175390865e-06, 5.86475607633e-07, 9.37875288543e-09, 2.20547235585e-07, 9.23601760405e-07, 1.56380401961e-08, 1.98005514762e-10, 4.09862560558e-10, 3.74085384891e-09, 1.29901076007e-10, 4.73408742763e-11, 1.58355498853e-11, 1.1950692172e-11, 2.96969935622e-12, 7.50292102752e-12, 3.95737219036e-12, 7.2903648396e-11, 2.65527148879e-11, 3.26605464895e-10, 2.32810687395e-10, 1.34904434845e-10, 1.0509648013e-10, 6.00901065018e-11, 1.97983279077e-11, 7.86737602149e-12, 3.01182863371e-12, 1.67730954993e-12, 9.1338113288e-13, 2.27692539302e-13, 1.16012419194e-14, 1.61348637969e-15, 1.12843412711e-15, 9.23250348277e-16, 4.47263783457e-16, 5.60157658156e-16, 3.75947923873e-16, 3.27683615961e-16]
    },
    "mfcc": {
        "mean": [-645.579101562, 122.449455261, -39.2269325256, 62.4706954956, -9.72437572479, -26.6598739624, -4.73541784286, -2.77268409729, 3.36354184151, -12.6519374847, 1.04348659515, 5.64117622375, -0.479944646358],
        "cov": [[437.649597168, 164.361419678, 84.7706604004, 28.0855541229, -10.7506313324, -34.6142959595, -19.7405548096, -13.0043029785, -7.21824121475, -13.5481920242, -8.54025363922, -6.15800142288, 7.65296125412], [164.361419678, 159.071914673, 81.8866271973, 27.8897418976, -6.26220750809, -24.5340518951, -5.00502824783, 6.2048201561, 1.00982058048, -3.88742423058, -11.1889371872, -4.76945781708, 2.24676585197], [84.7706604004, 81.8866271973, 69.721824646, 23.190662384, 6.92118406296, -8.79042434692, -2.78273510933, 7.29550695419, 1.21731448174, 1.7882963419, -3.20974946022, 1.45605123043, 3.84800100327], [28.0855541229, 27.8897418976, 23.190662384, 27.6302318573, 13.2016878128, 5.45720243454, 6.80119562149, 7.93157148361, 10.1599168777, 9.68991661072, 3.52075123787, 4.48971986771, 6.31447792053], [-10.7506313324, -6.26220750809, 6.92118406296, 13.2016878128, 27.5180931091, 18.4371051788, 14.2214450836, 9.10346221924, 7.195333004, 9.21189975739, 6.29573011398, 7.08136558533, 5.19849157333], [-34.6142959595, -24.5340518951, -8.79042434692, 5.45720243454, 18.4371051788, 33.0786323547, 19.6586399078, 10.8800802231, 10.0280666351, 7.67963695526, 7.89329814911, 6.79561567307, 3.52594327927], [-19.7405548096, -5.00502824783, -2.78273510933, 6.80119562149, 14.2214450836, 19.6586399078, 29.7970809937, 17.0151557922, 11.4345550537, 10.2652225494, 5.38199853897, 7.62971687317, 6.29579734802], [-13.0043029785, 6.2048201561, 7.29550695419, 7.93157148361, 9.10346221924, 10.8800802231, 17.0151557922, 29.9413833618, 17.487569809, 11.5158548355, 3.50966501236, 3.16906309128, 5.87872171402], [-7.21824121475, 1.00982058048, 1.21731448174, 10.1599168777, 7.195333004, 10.0280666351, 11.4345550537, 17.487569809, 29.4276618958, 17.2080841064, 9.10668182373, 5.01014661789, 5.67715263367], [-13.5481920242, -3.88742423058, 1.7882963419, 9.68991661072, 9.21189975739, 7.67963695526, 10.2652225494, 11.5158548355, 17.2080841064, 27.597858429, 14.6415157318, 10.1388034821, 6.59999990463], [-8.54025363922, -11.1889371872, -3.20974946022, 3.52075123787, 6.29573011398, 7.89329814911, 5.38199853897, 3.50966501236, 9.10668182373, 14.6415157318, 23.2156887054, 14.3084669113, 10.0818452835], [-6.15800142288, -4.76945781708, 1.45605123043, 4.48971986771, 7.08136558533, 6.79561567307, 7.62971687317, 3.16906309128, 5.01014661789, 10.1388034821, 14.3084669113, 23.3678436279, 14.690577507], [7.65296125412, 2.24676585197, 3.84800100327, 6.31447792053, 5.19849157333, 3.52594327927, 6.29579734802, 5.87872171402, 5.67715263367, 6.59999990463, 10.0818452835, 14.690577507, 21.6504192352]],
