{
"lowlevel": {
    "average_loudness": 0.98149317503,
    "barkbands_crest": {
        "dmean": 1.01582181454,
        "dmean2": 1.55841779709,
        "dvar": 0.601540386677,
        "dvar2": 1.23863732815,
        "max": 15.8222475052,
        "mean": 12.0406684875,
        "median": 11.9506015778,
        "min": 7.25415229797,
        "var": 2.82748126984
    },
    "barkbands_flatness_db": {
        "dmean": 0.00972100812942,
        "dmean2": 0.0145146735013,
        "dvar": 0.000262491201283,
        "dvar2": 0.000447142054327,
        "max": 0.35841563344,
        "mean": 0.29583966732,
        "median": 0.305744796991,
        "min": 0.134828165174,
        "var": 0.00225674873218
    },
    "barkbands_kurtosis": {
        "dmean": 1.15629220009,
        "dmean2": 1.71073424816,
        "dvar": 1.92613959312,
        "dvar2": 3.19910264015,
        "max": 15.9914894104,
        "mean": 5.86203718185,
        "median": 4.92802000046,
        "min": -1.34754836559,
        "var": 15.576417923
    },
    "barkbands_skewness": {
        "dmean": 0.254743665457,
        "dmean2": 0.390324354172,
        "dvar": 0.0735542923212,
        "dvar2": 0.165846198797,
        "max": 2.82744598389,
        "mean": 1.23857450485,
        "median": 1.25195920467,
        "min": -0.167405724525,
        "var": 0.515216052532
    },
    "barkbands_spread": {
        "dmean": 0.474453985691,
        "dmean2": 0.691217243671,
        "dvar": 2.75443220139,
        "dvar2": 6.57420730591,
        "max": 20.8362007141,
        "mean": 3.73941349983,
        "median": 2.97547769547,
        "min": 2.2828001976,
        "var": 4.97764539719
    },
    "dissonance": {
        "dmean": 0.0214816685766,
        "dmean2": 0.0359126590192,
        "dvar": 0.000910615024623,
        "dvar2": 0.00145666976459,
        "max": 0.490956574678,
        "mean": 0.367970049381,
        "median": 0.366630405188,
        "min": 0.185804694891,
        "var": 0.0025205926504
    },
    "dynamic_complexity": 2.76136040688,
    "erbbands_crest": {
        "dmean": 1.67990756035,
        "dmean2": 2.24863696098,
        "dvar": 1.33502578735,
        "dvar2": 2.30265951157,
        "max": 18.9048805237,
        "mean": 12.4169521332,
        "median": 12.1548194885,
        "min": 7.22923994064,
        "var": 7.89788341522
    },
    "erbbands_flatness_db": {
        "dmean": 0.0100983977318,
        "dmean2": 0.0142297381535,
        "dvar": 0.000199392525246,
        "dvar2": 0.000192285195226,
        "max": 0.396180659533,
        "mean": 0.3126257658,
        "median": 0.319576203823,
        "min": 0.211102426052,
        "var": 0.00193221727386
    },
    "erbbands_kurtosis": {
        "dmean": 0.866250872612,
        "dmean2": 1.35084998608,
        "dvar": 0.540436983109,
        "dvar2": 1.29212582111,
        "max": 10.0604934692,
        "mean": 5.93905544281,
        "median": 6.55788993835,
        "min": -1.54576253891,
        "var": 6.0628080368
    },
    "erbbands_skewness": {
        "dmean": 0.18384552002,
        "dmean2": 0.266256630421,
        "dvar": 0.0683848932385,
        "dvar2": 0.166535839438,
        "max": 2.15631842613,
        "mean": 1.31477689743,
        "median": 1.33792817593,
        "min": -0.785187602043,
        "var": 0.289683580399
    },
    "erbbands_spread": {
        "dmean": 1.29048407078,
        "dmean2": 1.90706408024,
        "dvar": 1.98722481728,
        "dvar2": 4.83302211761,
        "max": 24.0722885132,
        "mean": 9.27834415436,
        "median": 8.63190746307,
        "min": 3.60962581635,
        "var": 17.9928035736
    },
    "hfc": {
        "dmean": 2.43954253197,
        "dmean2": 3.63499832153,
        "dvar": 109.463737488,
        "dvar2": 248.208114624,
        "max": 105.846687317,
        "mean": 9.80182933807,
        "median": 6.91407108307,
        "min": 0.408718138933,
        "var": 197.363220215
    },
    "melbands_crest": {
        "dmean": 1.28305399418,
        "dmean2": 2.05990624428,
        "dvar": 1.85291743279,
        "dvar2": 5.97599411011,
        "max": 17.9451313019,
        "mean": 12.9094715118,
        "median": 13.0392217636,
        "min": 4.93666553497,
        "var": 3.56015563011
    },
    "melbands_flatness_db": {
        "dmean": 0.00929241999984,
        "dmean2": 0.0143067436293,
        "dvar": 0.000378019060008,
        "dvar2": 0.000765156117268,
        "max": 0.464794069529,
        "mean": 0.388076126575,
        "median": 0.405649870634,
        "min": 0.162980422378,
        "var": 0.00333473319188
    },
    "melbands_kurtosis": {
        "dmean": 1.25280416012,
        "dmean2": 1.83069932461,
        "dvar": 2.04877924919,
        "dvar2": 3.77656579018,
        "max": 14.6796035767,
        "mean": 4.55150747299,
        "median": 3.74737453461,
        "min": -0.869143486023,
        "var": 12.7523488998
    },
    "melbands_skewness": {
        "dmean": 0.234008446336,
        "dmean2": 0.356155216694,
        "dvar": 0.0446855276823,
        "dvar2": 0.108294740319,
        "max": 2.516061306,
        "mean": 1.03694081306,
        "median": 1.07161748409,
        "min": -0.0173767544329,
        "var": 0.362966805696
    },
    "melbands_spread": {
        "dmean": 0.852852940559,
        "dmean2": 1.34817051888,
        "dvar": 13.6572408676,
        "dvar2": 35.9429626465,
        "max": 41.5634918213,
        "mean": 5.6416182518,
        "median": 4.51832294464,
        "min": 3.78123807907,
        "var": 16.3828601837
    },
    "pitch_salience": {
        "dmean": 0.0381272174418,
        "dmean2": 0.0617002993822,
        "dvar": 0.00152656482533,
        "dvar2": 0.0036594949197,
        "max": 0.880367875099,
        "mean": 0.599636256695,
        "median": 0.589788138866,
        "min": 0.498041778803,
        "var": 0.00333102676086
    },
    "silence_rate_20dB": {
        "dmean": 0,
        "dmean2": 0,
        "dvar": 0,
        "dvar2": 0,
        "max": 1,
        "mean": 1,
        "median": 1,
        "min": 1,
        "var": 0
    },
    "silence_rate_30dB": {
        "dmean": 0,
        "dmean2": 0,
        "dvar": 0,
        "dvar2": 0,
        "max": 1,
        "mean": 1,
        "median": 1,
        "min": 1,
        "var": 0
    },
    "silence_rate_60dB": {
        "dmean": 0.0166666675359,
        "dmean2": 0.0336134470999,
        "dvar": 0.0163888875395,
        "dvar2": 0.049290291965,
        "max": 1,
        "mean": 0.00826446246356,
        "median": 0,
        "min": 0,
        "var": 0.0081961620599
    },
    "spectral_centroid": {
        "dmean": 34.3788986206,
        "dmean2": 52.961479187,
        "dvar": 22738.0136719,
        "dvar2": 52530.7304688,
        "max": 2043.02258301,
        "mean": 484.033081055,
        "median": 420.471466064,
        "min": 352.805358887,
        "var": 60245.8359375
    },
    "spectral_complexity": {
        "dmean": 1.29166662693,
        "dmean2": 2.05042028427,
        "dvar": 8.80659770966,
        "dvar2": 14.3672046661,
        "max": 34,
        "mean": 8.33057880402,
        "median": 7,
        "min": 3,
        "var": 19.6758422852
    },
    "spectral_decrease": {
        "dmean": 7.01502800293e-10,
        "dmean2": 1.0411482787e-09,
        "dvar": 4.47178636794e-18,
        "dvar2": 9.37525513651e-18,
        "max": -2.73922134975e-10,
        "mean": -4.96666086036e-09,
        "median": -4.70629979432e-09,
        "min": -2.02666790017e-08,
        "var": 1.08368998225e-17
    },
    "spectral_energy": {
        "dmean": 0.00286407046951,
        "dmean2": 0.00424717273563,
        "dvar": 7.93630024418e-05,
        "dvar2": 0.000168322818354,
        "max": 0.0860916301608,
        "mean": 0.0196343176067,
        "median": 0.0183935109526,
        "min": 0.00107091513928,
        "var": 0.00018376398657
    },
    "spectral_energyband_high": {
        "dmean": 6.85856502969e-06,
        "dmean2": 1.13376972877e-05,
        "dvar": 1.55897139642e-09,
        "dvar2": 4.00510868914e-09,
        "max": 0.000367270142306,
        "mean": 8.53835263115e-06,
        "median": 3.71484338757e-06,
        "min": 7.07472679551e-07,
        "var": 1.2611905964e-09
    },
    "spectral_energyband_low": {
        "dmean": 8.084680303e-05,
        "dmean2": 0.000124759055325,
        "dvar": 4.674214793e-09,
        "dvar2": 1.33553408332e-08,
        "max": 0.000761108996812,
        "mean": 0.000355918135028,
        "median": 0.000345743494108,
        "min": 6.39219933873e-06,
        "var": 3.05069427498e-08
    },
    "spectral_energyband_middle_high": {
        "dmean": 0.000792970997281,
        "dmean2": 0.00117870466784,
        "dvar": 1.74985070771e-05,
        "dvar2": 2.92064742098e-05,
        "max": 0.0390170961618,
        "mean": 0.0018902386073,
        "median": 0.000140015879879,
        "min": 2.04154493986e-05,
        "var": 5.12312617502e-05
    },
    "spectral_energyband_middle_low": {
        "dmean": 0.00237764464691,
        "dmean2": 0.00345862959512,
        "dvar": 2.89057734335e-05,
        "dvar2": 7.0371934271e-05,
        "max": 0.0487380586565,
        "mean": 0.0175158455968,
        "median": 0.0179930124432,
        "min": 0.000492445309646,
        "var": 8.9265711722e-05
    },
    "spectral_entropy": {
        "dmean": 0.0677117183805,
        "dmean2": 0.104573629797,
        "dvar": 0.0108968103305,
        "dvar2": 0.0225848183036,
        "max": 7.49524307251,
        "mean": 6.07254838943,
        "median": 5.9389705658,
        "min": 5.47346591949,
        "var": 0.208157166839
    },
    "spectral_flux": {
        "dmean": 0.0116255944595,
        "dmean2": 0.0185034833848,
        "dvar": 0.000619018217549,
        "dvar2": 0.00124418060295,
        "max": 0.263530701399,
        "mean": 0.0322296358645,
        "median": 0.0237545706332,
        "min": 0.00779565097764,
        "var": 0.00121766526718
    },
    "spectral_kurtosis": {
        "dmean": 10.2213306427,
        "dmean2": 18.5677471161,
        "dvar": 68.4177932739,
        "dvar2": 211.928131104,
        "max": 80.0252838135,
        "mean": 24.6594486237,
        "median": 19.8223552704,
        "min": 4.78845214844,
        "var": 228.375015259
    },
    "spectral_rms": {
        "dmean": 0.000313378521241,
        "dmean2": 0.000459787843283,
        "dvar": 7.83757798217e-07,
        "dvar2": 1.41664577313e-06,
        "max": 0.00916470587254,
        "mean": 0.00413916492835,
        "median": 0.00423614075407,
        "min": 0.00102215225343,
        "var": 2.0227494133e-06
    },
    "spectral_rolloff": {
        "dmean": 38.0419921875,
        "dmean2": 70.2090988159,
        "dvar": 44851.1367188,
        "dvar2": 88048.015625,
        "max": 2562.45117188,
        "mean": 628.199951172,
        "median": 559.86328125,
        "min": 452.197265625,
        "var": 107134.164062
    },
    "spectral_skewness": {
        "dmean": 0.728527188301,
        "dmean2": 1.33112251759,
        "dvar": 0.342056721449,
        "dvar2": 1.07240104675,
        "max": 6.7831196785,
        "mean": 3.40549635887,
        "median": 3.11294960976,
        "min": 1.38611495495,
        "var": 1.30451703072
    },
    "spectral_spread": {
        "dmean": 289725,
        "dmean2": 441644.8125,
        "dvar": 652991528960,
        "dvar2": 462745763840,
        "max": 11820375,
        "mean": 1985735.625,
        "median": 1883889.625,
        "min": 1137160.375,
        "var": 918912892928
    },
    "spectral_strongpeak": {
        "dmean": 0.186468437314,
        "dmean2": 0.317818164825,
        "dvar": 0.156872451305,
        "dvar2": 0.335092812777,
        "max": 2.58840656281,
        "mean": 0.973243892193,
        "median": 1.02355253696,
        "min": 0.0966374650598,
        "var": 0.213009431958
    },
    "zerocrossingrate": {
        "dmean": 0.00229899096303,
        "dmean2": 0.00302816438489,
        "dvar": 1.36271974043e-05,
        "dvar2": 1.44597070175e-05,
        "max": 0.06298828125,
        "mean": 0.0221421420574,
        "median": 0.0205078125,
        "min": 0.01025390625,
        "var": 5.79168408876e-05
    },
    "barkbands": {
        "dmean": [6.65554409807e-07, 4.4716620323e-05, 3.11264993798e-05, 0.000123856763821, 0.000549678748939, 0.000127528182929, 0.000916571938433, 0.00166702282149, 0.000327091664076, 0.000313011056278, 0.000348879402736, 8.75299811014e-05, 8.2447870227e-05, 3.43391693605e-05, 4.15523645643e-05, 4.66024976049e-05, 0.000281449552858, 2.81855045614e-05, 1.58385100804e-05, 5.23040534972e-06, 2.10589041671e-06, 1.85810984021e-06, 4.52946153473e-07, 2.00972465336e-07, 8.96579805953e-08, 4.26569499723e-08, 4.67556802164e-08],
        "dmean2": [1.13686132863e-06, 6.70875742799e-05, 5.57425773877e-05, 0.000183687065146, 0.000756222347263, 0.000207571560168, 0.00135430623777, 0.00254427455366, 0.00049659825163, 0.00053478369955, 0.000423166929977, 0.000126733197249, 0.000133239096613, 4.22000994149e-05, 7.64635115047e-05, 7.25342906662e-05, 0.000404564430937, 4.82644682052e-05, 2.82838263956e-05, 9.3087210189e-06, 3.48378307535e-06, 3.19386867886e-06, 8.20237289645e-07, 3.05735852635e-07, 1.41339256743e-07, 7.46539399188e-08, 8.33418738466e-08],
        "dvar": [2.70015932356e-12, 1.43816625275e-09, 7.55573159594e-10, 2.32866987915e-08, 5.72704891511e-07, 3.81561839902e-08, 4.19255741235e-07, 1.1876658391e-05, 1.48061792515e-06, 1.36315497912e-06, 2.30341879615e-06, 2.58170643974e-07, 1.24722674855e-07, 2.10988755356e-08, 6.71121966889e-08, 7.4573122788e-08, 2.7495714221e-06, 3.02383504902e-08, 9.93955762141e-09, 9.23932153007e-10, 1.13404279023e-10, 1.22117038703e-10, 8.79201746129e-12, 1.46632326507e-12, 2.34991767798e-13, 2.8044115695e-14, 6.7336658676e-15],
        "dvar2": [7.16485855021e-12, 3.0791253991e-09, 2.32582131332e-09, 5.21078646898e-08, 6.27048791557e-07, 7.34121670121e-08, 9.34527520258e-07, 3.24100037687e-05, 3.03688807435e-06, 3.44377212969e-06, 2.75637148661e-06, 3.50349154132e-07, 3.27339563455e-07, 3.01271789738e-08, 1.90583548942e-07, 1.83543491517e-07, 6.51159143672e-06, 8.27285191463e-08, 2.78987393187e-08, 1.9096539905e-09, 2.47538045617e-10, 3.23487986398e-10, 2.43853687243e-11, 3.43822539883e-12, 5.42206253853e-13, 7.00693910988e-14, 1.3024185273e-14],
        "max": [1.3688614672e-05, 0.000474768050481, 0.000220114714466, 0.00203944207169, 0.0162348672748, 0.00153438560665, 0.00477507570758, 0.0299063716084, 0.0107909338549, 0.00871607102454, 0.017878273502, 0.00458126980811, 0.00362609140575, 0.00163303373847, 0.00227110437118, 0.00263057928532, 0.0165705252439, 0.00160569185391, 0.00088159320876, 0.0002687353699, 0.000101795390947, 9.97166498564e-05, 2.60537472059e-05, 1.12957959573e-05, 4.51684536529e-06, 1.41304042245e-06, 8.48862100611e-07],
        "mean": [6.87771034791e-07, 0.000178639427759, 7.63169300626e-05, 0.000980288721621, 0.00723075959831, 0.000521267938893, 0.00163837906439, 0.00607849610969, 0.000976831535809, 0.00036227988312, 0.00064038624987, 0.000237859814661, 0.000133451379952, 6.83735343046e-05, 3.75127128791e-05, 5.6106273405e-05, 0.000355964089977, 2.96026955766e-05, 1.74532215169e-05, 7.51097968532e-06, 3.32477065967e-06, 1.62227343026e-06, 3.64466217206e-07, 1.99752037133e-07, 1.17794684229e-07, 7.6679839367e-08, 3.30017059014e-07],
        "median": [2.51986477906e-07, 0.000158145616297, 6.85813283781e-05, 0.000983641017228, 0.0066703800112, 0.000501246773638, 0.00131394225173, 0.00534486351535, 0.000323017098708, 5.08231896674e-05, 7.89699606685e-06, 2.69825045507e-06, 6.75245382808e-06, 4.34648381997e-06, 1.25229780679e-06, 8.16423016659e-06, 2.87831717287e-05, 6.0217275859e-06, 6.37995481156e-06, 2.51895016845e-06, 1.60339072863e-06, 4.14118233039e-07, 5.84128407866e-08, 3.61716665509e-08, 4.3146243911e-08, 4.72666918938e-08, 3.35549515285e-07],
        "min": [1.67539635498e-08, 3.26134710349e-07, 4.61076808733e-07, 6.22653169557e-06, 1.58362126967e-05, 2.07177890843e-05, 4.41811680503e-05, 0.00019791496743, 1.51629828906e-05, 1.62517835633e-06, 1.44694115534e-06, 7.32891578537e-07, 1.66617451214e-06, 9.12985456125e-07, 2.12192347249e-07, 1.67288112607e-06, 2.20187325795e-06, 1.07023129203e-06, 7.66646905959e-07, 4.2111682319e-07, 2.14532150267e-07, 9.01783963059e-08, 9.14982578593e-09, 7.19400095051e-09, 7.77005126906e-09, 5.81757175766e-09, 3.87335541419e-09],
        "var": [2.48227458553e-12, 1.12799822816e-08, 2.14697282175e-09, 2.29938649454e-07, 1.79069811566e-05, 1.04918655097e-07, 1.31602962483e-06, 2.45372284553e-05, 3.42098724104e-06, 1.65949631992e-06, 7.47982221583e-06, 8.37909283291e-07, 2.79398136627e-07, 6.87605137273e-08, 4.75915484799e-08, 7.38878398465e-08, 3.28350893142e-06, 2.30818528735e-08, 6.63831789538e-09, 1.02144737113e-09, 1.21912396844e-10, 8.85697556963e-11, 5.7970902384e-12, 1.30826838078e-12, 2.18670554212e-13, 2.54112018699e-14, 1.27470259283e-14]
    },
    "erbbands": {
        "dmean": [0.000367437402019, 0.0127644753084, 0.0412274412811, 0.166019156575, 0.777773320675, 1.98481714725, 3.01853942871, 1.47730457783, 8.12708187103, 11.7359418869, 35.6042366028, 6.4584646225, 11.3819217682, 11.2186985016, 8.27806472778, 4.86257982254, 3.75218248367, 0.711175858974, 2.86013841629, 1.43662261963, 4.15377855301, 18.2091999054, 2.96728587151, 0.91388386488, 0.584277391434, 0.26473981142, 0.105044960976, 0.0767291709781, 0.0876885727048, 0.0217404589057, 0.012717009522, 0.00548358866945, 0.00265668798238, 0.00130387407262, 0.00055173819419, 0.000192489562323, 8.18366752355e-05, 2.67050472758e-05, 7.94931202108e-06, 3.58843749382e-06],
        "dmean2": [0.000582700304221, 0.019318016246, 0.0712288618088, 0.254648596048, 1.27394556999, 2.6001188755, 4.23509883881, 2.3236720562, 11.9246854782, 17.9588508606, 54.5073242188, 9.33285808563, 19.8629379272, 14.4072713852, 8.29352283478, 6.61149644852, 6.15445709229, 1.0461512804, 4.17136907578, 2.55174207687, 6.5229845047, 25.5697669983, 4.69893884659, 1.59449672699, 0.930313467979, 0.407185792923, 0.179931804538, 0.125980049372, 0.154552176595, 0.0348275452852, 0.0229141116142, 0.00900853704661, 0.00445654429495, 0.00210002693348, 0.000940666883253, 0.000343384104781, 0.000139976516948, 4.72565334348e-05, 1.37957385959e-05, 5.55293763682e-06],
        "dvar": [9.68550608604e-08, 0.000122320474475, 0.00141903874464, 0.0322369523346, 1.0989369154, 4.94308662415, 20.2741909027, 3.6253054142, 32.1622543335, 156.414611816, 8499.04589844, 515.99230957, 2563.26147461, 2285.7121582, 1092.03735352, 660.891601562, 257.164550781, 11.8689603806, 260.161010742, 81.0238113403, 571.47668457, 11541.5800781, 313.664520264, 25.9027786255, 10.9350261688, 2.07287478447, 0.284117072821, 0.166907593608, 0.295123875141, 0.0170425437391, 0.00688900891691, 0.00115065765567, 0.000251986668445, 5.37588566658e-05, 8.23525442684e-06, 8.62010210767e-07, 7.05911631371e-08, 4.5439283447e-09, 1.80049669618e-10, 1.23770105276e-10],
        "dvar2": [2.36429997358e-07, 0.000267448078375, 0.00416250480339, 0.0767376646399, 2.68154549599, 6.96258687973, 22.8600444794, 7.74562120438, 59.9226150513, 234.393051147, 23386.5058594, 1022.57781982, 6439.96484375, 3273.87915039, 1126.05981445, 802.145996094, 688.134216309, 23.6504611969, 582.744445801, 231.16809082, 1406.15515137, 26804.0488281, 807.784790039, 71.505607605, 27.4471664429, 4.86723995209, 0.604200482368, 0.423786610365, 0.801453709602, 0.0420518517494, 0.0190558750182, 0.00294513977133, 0.00053619639948, 0.000119995384011, 2.09739846468e-05, 2.26701058637e-06, 1.68937219769e-07, 1.06258202237e-08, 4.48993786595e-10, 2.78402578768e-10],
        "max": [0.00316042895429, 0.137400269508, 0.377751857042, 2.44742751122, 12.7038249969, 49.659992218, 91.9111862183, 14.5927295685, 49.1390800476, 135.080200195, 815.244689941, 205.361404419, 424.553222656, 473.075286865, 452.64932251, 246.948348999, 154.776153564, 33.8042488098, 155.252761841, 81.9672393799, 232.651657104, 1073.34143066, 172.198486328, 46.4554023743, 31.0873470306, 13.5948133469, 4.97516679764, 3.86705994606, 4.81072425842, 1.20792520046, 0.732438445091, 0.312297701836, 0.145530566573, 0.068375967443, 0.0260604713112, 0.0080198533833, 0.0022209584713, 0.000526519783307, 0.000145340789459, 0.000108573731268],
        "mean": [0.00118158676196, 0.0516166687012, 0.147886231542, 1.18966555595, 6.0147228241, 21.2964782715, 39.6840324402, 4.37160205841, 18.051618576, 60.0030479431, 112.102584839, 22.7652568817, 15.8773126602, 19.6090717316, 15.5101833344, 12.6710309982, 5.97626781464, 1.64189207554, 4.7387881279, 1.62520074844, 5.18647050858, 22.632818222, 3.21124839783, 1.10521125793, 0.678128480911, 0.338923543692, 0.169818386436, 0.101806864142, 0.0730697363615, 0.0196667686105, 0.0103207966313, 0.00492709642276, 0.00301666092128, 0.00160034641158, 0.000730893283617, 0.000282779423287, 0.000153230663273, 8.25859606266e-05, 4.60639057565e-05, 2.85264814011e-05],
        "median": [0.00105372595135, 0.0454923659563, 0.140293598175, 1.20186948776, 6.10909938812, 20.9944477081, 34.3477363586, 3.8441991806, 17.3255729675, 55.6100730896, 88.8608856201, 10.0186433792, 1.48269605637, 0.972786307335, 0.278221905231, 0.121086224914, 0.276320576668, 0.274057149887, 0.19145694375, 0.168619632721, 0.54850590229, 1.757132411, 0.447015970945, 0.409758418798, 0.222231715918, 0.118965983391, 0.0815715566278, 0.0492944531143, 0.018057892099, 0.00334384082817, 0.00166505191009, 0.000781338021625, 0.000633068324532, 0.000479068839923, 0.000330543378368, 0.000141173499287, 9.93542562355e-05, 7.22446420696e-05, 4.53837710666e-05, 2.70432792604e-05],
        "min": [1.79765102075e-05, 7.52804189688e-05, 0.00128166156355, 0.0157654825598, 0.0324796959758, 0.0583384670317, 0.093542046845, 0.204948857427, 0.546246945858, 1.73490774632, 4.05609273911, 0.517179012299, 0.0733023658395, 0.0723646208644, 0.0582655407488, 0.0407626032829, 0.0846413299441, 0.0612163804471, 0.0290342904627, 0.0303861778229, 0.0874815806746, 0.128865212202, 0.0887259468436, 0.0509628765285, 0.0412248559296, 0.0226955842227, 0.0113760596141, 0.0067727221176, 0.00416105659679, 0.000620312581304, 0.000292665557936, 0.000152704975335, 0.000133480280056, 9.59281023825e-05, 5.11477119289e-05, 2.39646124101e-05, 1.84199288924e-05, 8.46694729262e-06, 4.27326176577e-06, 2.31558465202e-06],
        "var": [4.50072491276e-07, 0.000934130686801, 0.0064592580311, 0.32443395257, 8.19662570953, 168.721420288, 620.777038574, 8.01458835602, 138.376495361, 1372.60974121, 12945.7773438, 1328.31640625, 3453.63476562, 6245.85107422, 4126.09375, 2448.83398438, 544.808959961, 29.7844238281, 404.999023438, 66.1398162842, 611.219848633, 13955.0517578, 294.288970947, 19.7636566162, 9.44651412964, 2.01107382774, 0.318240463734, 0.140745937824, 0.200153112411, 0.0142336338758, 0.00458998000249, 0.000901198596694, 0.000251947814832, 5.17804146511e-05, 6.55715166431e-06, 6.84085534886e-07, 7.24043260902e-08, 4.94842922194e-09, 2.10778339227e-10, 2.30053628925e-10]
    },
    "gfcc": {
        "mean": [-136.318725586, 176.573272705, -101.993873596, -3.1407520771, -55.8682022095, -63.4431762695, -31.2907390594, -2.28570699692, -12.7920084, -9.91724300385, -20.3684368134, -12.6857233047, -12.6010398865],
        "cov": [[875.967834473, -324.463470459, -747.083068848, -295.691345215, -97.2015686035, 232.554931641, 51.8884391785, 84.9269485474, 21.9291419983, -59.1951065063, 34.6081504822, 52.3951644897, 37.4311141968], [-324.463470459, 429.413421631, 546.263244629, 142.845031738, -9.43472385406, -277.485198975, -10.4661664963, -36.9403076172, 27.2127609253, 26.0032348633, -30.9499778748, -76.0040283203, 3.79105591774], [-747.083068848, 546.263244629, 1188.21362305, 430.866882324, 45.9629173279, -426.162963867, -94.7604751587, -51.2698631287, 50.7029838562, 103.105789185, -93.1575469971, -125.290328979, -26.4160022736], [-295.691345215, 142.845031738, 430.866882324, 272.193237305, 67.7127380371, -142.973403931, -60.0284690857, -42.8720169067, -4.12036180496, 44.870262146, -27.7385826111, -37.4137916565, -30.2606334686], [-97.2015686035, -9.43472385406, 45.9629173279, 67.7127380371, 74.19165802, 28.9752159119, -0.414960741997, -34.2155189514, -42.7351531982, 11.2062253952, 13.0522813797, 14.5998334885, -23.0241565704], [232.554931641, -277.485198975, -426.162963867, -142.973403931, 28.9752159119, 260.996154785, 53.0355606079, 15.3187036514, -58.3246383667, -31.9312572479, 45.9792900085, 82.5624313354, 2.11107420921], [51.8884391785, -10.4661664963, -94.7604751587, -60.0284690857, -0.414960741997, 53.0355606079, 40.767993927, 3.24338531494, -19.7735462189, -13.1838827133, 16.2427959442, 21.7551746368, 8.95861339569], [84.9269485474, -36.9403076172, -51.2698631287, -42.8720169067, -34.2155189514, 15.3187036514, 3.24338531494, 39.609752655, 32.7395477295, -2.90734744072, -9.21288204193, -1.92100703716, 16.7779273987], [21.9291419983, 27.2127609253, 50.7029838562, -4.12036180496, -42.7351531982, -58.3246383667, -19.7735462189, 32.7395477295, 65.9413833618, 13.746720314, -19.9307308197, -32.0361022949, 12.6838769913], [-59.1951065063, 26.0032348633, 103.105789185, 44.870262146, 11.2062253952, -31.9312572479, -13.1838827133, -2.90734744072, 13.746720314, 26.1721458435, -3.49642443657, -14.601354599, -7.59153985977], [34.6081504822, -30.9499778748, -93.1575469971, -27.7385826111, 13.0522813797, 45.9792900085, 16.2427959442, -9.21288204193, -19.9307308197, -3.49642443657, 27.8364086151, 19.5376682281, -3.42806696892], [52.3951644897, -76.0040283203, -125.290328979, -37.4137916565, 14.5998334885, 82.5624313354, 21.7551746368, -1.92100703716, -32.0361022949, -14.601354599, 19.5376682281, 38.2253570557, 0.615017056465], [37.4311141968, 3.79105591774, -26.4160022736, -30.2606334686, -23.0241565704, 2.11107420921, 8.95861339569, 16.7779273987, 12.6838769913, -7.59153985977, -3.42806696892, 0.615017056465, 17.7790164948]],
        "icov": [[0.00418130168691, -0.00718506425619, 0.00640385225415, -0.00319626322016, 0.00679432507604, -0.00561441015452, 0.00668389862403, -0.00975676625967, 0.0072268852964, -0.0121883423999, 0.00771609228104, 0.00048643827904, 0.00321931415237], [-0.00718506425619, 0.0716228336096, -0.035521812737, 0.0173320248723, -0.0315918177366, 0.0584683157504, -0.0774526298046, 0.0384256690741, -0.0316487140954, 0.0898656100035, -0.0716251432896, 0.0293569434434, -0.02238775976], [0.00640385225415, -0.035521812737, 0.0258596558124, -0.0138834062964, 0.0185714140534, -0.0212725866586, 0.032505877316, -0.0259416438639, 0.0255356598645, -0.0620719194412, 0.0464132577181, -0.0153516130522, 0.00832021143287], [-0.00319626322016, 0.0173320248723, -0.0138834062964, 0.0237404070795, -0.0248092319816, 0.0191615484655, -0.000867669645231, 0.00964611768723, -0.00809698738158, 0.0214116722345, -0.0172034576535, -0.00403597159311, -0.00851491466165], [0.00679432507604, -0.0315918177366, 0.0185714140534, -0.0248092319816, 0.0754198953509, -0.0415502563119, 0.0208567380905, -0.00226148217916, 0.0300634428859, -0.0597830489278, 0.0333575680852, -0.00178223475814, 0.0315461233258], [-0.00561441015452, 0.0584683157504, -0.0212725866586, 0.0191615484655, -0.0415502563119, 0.0812172070146, -0.0637276768684, 0.00421211170033, -0.0110050216317, 0.0531498938799, -0.0496496781707, -0.0134166777134, -0.0135186472908], [0.00668389862403, -0.0774526298046, 0.032505877316, -0.000867669645231, 0.0208567380905, -0.0637276768684, 0.154660239816, -0.0516868978739, 0.055004928261, -0.0941944941878, 0.0517200194299, -0.0345057025552, -0.0136101339012], [-0.00975676625967, 0.0384256690741, -0.0259416438639, 0.00964611768723, -0.00226148217916, 0.00421211170033, -0.0516868978739, 0.159660577774, -0.091864593327, 0.0490905232728, -0.00207517063245, -0.0129577405751, -0.0512856468558], [0.0072268852964, -0.0316487140954, 0.0255356598645, -0.00809698738158, 0.0300634428859, -0.0110050216317, 0.055004928261, -0.091864593327, 0.122463859618, -0.0922263562679, 0.0265944488347, 0.0332447215915, -0.00786241516471], [-0.0121883423999, 0.0898656100035, -0.0620719194412, 0.0214116722345, -0.0597830489278, 0.0531498938799, -0.0941944941878, 0.0490905232728, -0.0922263562679, 0.246628567576, -0.139253124595, 0.0649303868413, 0.0101304650307], [0.00771609228104, -0.0716251432896, 0.0464132577181, -0.0172034576535, 0.0333575680852, -0.0496496781707, 0.0517200194299, -0.00207517063245, 0.0265944488347, -0.139253124595, 0.176843807101, -0.0743875131011, 0.0219368282706], [0.00048643827904, 0.0293569434434, -0.0153516130522, -0.00403597159311, -0.00178223475814, -0.0134166777134, -0.0345057025552, -0.0129577405751, 0.0332447215915, 0.0649303868413, -0.0743875131011, 0.169318184257, -0.0242552179843], [0.00321931415237, -0.02238775976, 0.00832021143287, -0.00851491466165, 0.0315461233258, -0.0135186472908, -0.0136101339012, -0.0512856468558, -0.00786241516471, 0.0101304650307, 0.0219368282706, -0.0242552179843, 0.164828985929]]
    },
    "melbands": {
        "dmean": [7.86555483501e-06, 1.98172001546e-05, 5.26434159838e-05, 6.94700720487e-05, 0.000120294003864, 2.98796039715e-05, 0.000158788534463, 0.000178971225978, 0.000253895035712, 4.05435421271e-05, 5.72671779082e-05, 4.56838424725e-05, 3.6511955841e-05, 1.17147119454e-05, 1.61591178767e-05, 3.75341164727e-06, 1.03158083675e-06, 5.18718570675e-06, 1.7032289179e-06, 1.99700161829e-06, 5.09267147208e-06, 2.12646809814e-05, 6.45647560304e-06, 7.71664076638e-07, 7.27266467493e-07, 6.9858367624e-07, 2.64401847971e-07, 1.63302829037e-07, 6.8216259308e-08, 4.68335343839e-08, 4.75362291752e-08, 5.78978500698e-08, 2.54468286442e-08, 7.8758475297e-09, 8.50678993913e-09, 4.09658396094e-09, 3.33237903938e-09, 2.09136441498e-09, 1.19572496349e-09, 1.12453357737e-09],
        "dmean2": [1.19046835607e-05, 3.16939440381e-05, 8.21601061034e-05, 9.76846349658e-05, 0.000165702600498, 4.71048879263e-05, 0.000230434685363, 0.000266775110504, 0.000395462644519, 6.02560576226e-05, 9.89128893707e-05, 5.90179442952e-05, 4.13189154642e-05, 1.2274474102e-05, 2.6910658562e-05, 6.22859624855e-06, 1.50741902871e-06, 7.98593009677e-06, 3.19135551763e-06, 3.37142387252e-06, 8.10000165075e-06, 3.16420664603e-05, 9.58548298513e-06, 1.3290152765e-06, 1.29718659991e-06, 1.25465169276e-06, 4.58256522506e-07, 2.73660390349e-07, 1.23290874399e-07, 7.59828964192e-08, 8.26286949973e-08, 1.04370720067e-07, 4.08549993836e-08, 1.28243007325e-08, 1.54477390879e-08, 7.05572711368e-09, 5.40099609481e-09, 3.57288154618e-09, 1.95198546216e-09, 1.79334347372e-09],
        "dvar": [4.17138788789e-11, 3.1431010572e-10, 5.26903987108e-09, 4.92592855394e-09, 3.34046674766e-08, 1.70969849389e-09, 1.18587877296e-08, 4.66213450068e-08, 5.06258629684e-07, 2.35386821146e-08, 6.10283805713e-08, 3.67257051437e-08, 2.47015421451e-08, 3.19652992964e-09, 5.21478904503e-09, 2.38801561858e-10, 2.30105604709e-11, 8.28295099176e-10, 1.11821205073e-10, 1.32373473294e-10, 7.93209664618e-10, 1.58471689105e-08, 1.43975531497e-09, 2.12298754965e-11, 1.55364870275e-11, 1.94333715786e-11, 2.07522258926e-12, 8.16146629445e-13, 1.31526598423e-13, 3.90196399768e-14, 7.27588697841e-14, 1.29578639485e-13, 2.29293360422e-14, 2.27474467282e-15, 3.07991259314e-15, 6.6387408969e-16, 4.1843231718e-16, 1.58821284883e-16, 4.32046823325e-17, 3.91547233354e-17],
        "dvar2": [9.4568179676e-11, 8.8907575746e-10, 1.2741708133e-08, 7.34093230648e-09, 3.80352140894e-08, 3.568913165e-09, 2.45513387398e-08, 8.6752457662e-08, 1.42076839893e-06, 4.72755452563e-08, 1.49385371628e-07, 5.44696732163e-08, 2.56880365868e-08, 3.07656788934e-09, 1.22414975934e-08, 7.05090708042e-10, 3.17568610297e-11, 1.70129832444e-09, 3.21229320921e-10, 3.71014247103e-10, 1.95096871991e-09, 3.73905706397e-08, 3.45932327228e-09, 5.89809867613e-11, 4.33513537568e-11, 5.46478418073e-11, 4.47734471026e-12, 2.15745737248e-12, 2.66869236128e-13, 8.70877670109e-14, 1.95540090196e-13, 3.59402882889e-13, 5.67834929739e-14, 5.68732479731e-15, 8.58356337803e-15, 1.81176705176e-15, 1.04636743419e-15, 3.30043979148e-16, 9.52939131011e-17, 8.86286306915e-17],
        "max": [7.85574666224e-05, 0.00020106350712, 0.000830043107271, 0.00149889814202, 0.00368874426931, 0.000312626041705, 0.000890006369445, 0.00211104913615, 0.00620547868311, 0.00146647915244, 0.0020455357153, 0.00181446620263, 0.00197128113359, 0.000599339138716, 0.000655839568935, 0.000134031957714, 4.55660265288e-05, 0.000274957361398, 9.38841403695e-05, 0.000107140505861, 0.000270266842563, 0.00125335005578, 0.000373541464796, 4.36758891738e-05, 3.52297247446e-05, 3.85385574191e-05, 1.30638336486e-05, 8.31771012599e-06, 3.22417713505e-06, 1.94657422981e-06, 2.45915953201e-06, 3.13618784276e-06, 1.39578526159e-06, 4.40882217845e-07, 4.84653583044e-07, 2.32434473446e-07, 1.88895654674e-07, 1.14362414649e-07, 6.10275989743e-08, 5.83779744545e-08],
        "mean": [2.9189272027e-05, 7.35682551749e-05, 0.000419003306888, 0.000710931082722, 0.00159069849178, 6.49216381134e-05, 0.000311859330395, 0.000940446509048, 0.000793006329332, 0.000116842253192, 7.7869190136e-05, 7.64459982747e-05, 6.94679838489e-05, 2.91475225822e-05, 2.8493010177e-05, 5.63009734833e-06, 2.85052988147e-06, 9.32686634769e-06, 1.87494242709e-06, 2.44784155257e-06, 6.1466803345e-06, 2.69720530923e-05, 6.87886631567e-06, 9.82544861472e-07, 8.59195210978e-07, 6.92472951869e-07, 3.4033601537e-07, 1.86255888934e-07, 1.11012788295e-07, 7.5984239345e-08, 5.41695328593e-08, 4.67089797951e-08, 2.16751097071e-08, 7.12297421046e-09, 6.5432694818e-09, 3.6363341227e-09, 2.90383006529e-09, 2.33309438435e-09, 1.43014977638e-09, 1.32811328601e-09],
        "median": [2.61709319602e-05, 6.32160881651e-05, 0.000422862736741, 0.000804640294518, 0.0013273752993, 4.76051609439e-05, 0.000272338249488, 0.000867242401, 0.000652094720863, 3.70673442376e-05, 5.66296239413e-06, 4.60293222204e-06, 8.0923035739e-07, 3.71226803964e-07, 3.6742861198e-07, 6.42332452117e-07, 4.85052623844e-07, 3.84252558661e-07, 6.08637265032e-08, 4.70133443287e-07, 5.95975620854e-07, 1.95882171283e-06, 8.1382722783e-07, 2.57261433489e-07, 3.43884835274e-07, 2.46549490157e-07, 9.42605566934e-08, 6.97691362461e-08, 5.10471345194e-08, 4.11617371299e-08, 2.36625705696e-08, 1.22504912881e-08, 3.17055381949e-09, 1.21646959172e-09, 1.01832520194e-09, 6.45514863784e-10, 3.91367299679e-10, 4.48822146115e-10, 3.88315490873e-10, 3.96409904901e-10],
        "min": [1.0940966888e-07, 1.51695843442e-07, 3.1471749935e-06, 3.29283670908e-06, 3.18677871292e-06, 2.50754737863e-06, 8.40912343847e-06, 2.53121288551e-05, 2.70645086857e-05, 2.21522486754e-06, 2.56827689782e-07, 2.78867872794e-07, 1.73317602048e-07, 1.02099541266e-07, 1.24810568991e-07, 1.94384284669e-07, 8.87362645585e-08, 5.84421115946e-08, 9.35429156357e-09, 9.21260578934e-08, 9.62017594475e-08, 1.2200867161e-07, 1.2324601073e-07, 4.44610641637e-08, 3.87457355089e-08, 2.66336712684e-08, 1.90977509362e-08, 1.40752263178e-08, 6.93093227255e-09, 6.32160501723e-09, 2.899428031e-09, 2.87530932397e-09, 6.78260447806e-10, 1.82383996794e-10, 1.740129707e-10, 1.16413850781e-10, 7.99020294373e-11, 1.03137942631e-10, 7.04629549153e-11, 7.9836387501e-11],
        "var": [2.97283309081e-10, 1.85747428549e-09, 4.14991241371e-08, 1.33740456931e-07, 9.94720039671e-07, 2.63838861869e-09, 4.48748025406e-08, 3.68805643802e-07, 6.93548599884e-07, 5.84203085907e-08, 8.63908553583e-08, 9.31957089279e-08, 8.76824017837e-08, 1.31033148776e-08, 1.24070620444e-08, 4.11901263098e-10, 8.68469809956e-11, 1.49981016495e-09, 9.04861879869e-11, 1.17515219777e-10, 8.28753454751e-10, 1.9074631652e-08, 1.49748780043e-09, 1.80837757963e-11, 1.12418858944e-11, 1.25105065196e-11, 2.30313446266e-12, 6.3947664438e-13, 1.49080170409e-13, 4.45195638167e-14, 5.29167841815e-14, 8.33510574471e-14, 1.89461280323e-14, 1.85683280444e-15, 1.98853562807e-15, 4.75959459765e-16, 3.356403523e-16, 1.62317413373e-16, 4.23368639908e-17, 3.68738422794e-17]
    },
    "mfcc": {
        "mean": [-789.393859863, 216.630523682, -1.3552697897, 45.163936615, -14.3672018051, -40.0154151917, -19.5516204834, -12.393529892, 1.42456424236, -9.61253547668, 3.40179181099, 7.07112312317, -12.497502327],
        "cov": [[1365.88500977, -364.394378662, -903.627807617, -643.881896973, -258.153289795, 43.7522239685, 26.4716320038, 189.086135864, 18.2574176788, -28.031124115, -77.5629730225, 6.35111570358, 108.608573914], [-364.394378662, 343.155181885, 383.118499756, 240.670852661, 20.9257106781, -105.436286926, -35.6710395813, -88.4787063599, 12.4387111664, 36.787979126, 31.9574069977, -23.4149265289, -76.1148834229], [-903.627807617, 383.118499756, 893.441772461, 606.864074707, 179.443374634, -132.860214233, -106.562301636, -178.631500244, 37.3425712585, 90.3293533325, 86.0838165283, -40.0827445984, -136.25440979], [-643.881896973, 240.670852661, 606.864074707, 541.56048584, 175.166656494, -68.0760803223, -66.4726333618, -153.783706665, -2.19430756569, 34.8682518005, 74.5481872559, -7.5161895752, -98.310043335], [-258.153289795, 20.9257106781, 179.443374634, 175.166656494, 98.7794342041, 21.9479007721, -0.346503823996, -44.3817367554, -12.10932827, -0.792425394058, 23.4833030701, 9.17307472229, -15.1394319534], [43.7522239685, -105.436286926, -132.860214233, -68.0760803223, 21.9479007721, 105.765434265, 83.821395874, 36.1515007019, -29.3087234497, -55.4868507385, -14.8116931915, 32.4495391846, 49.1475334167], [26.4716320038, -35.6710395813, -106.562301636, -66.4726333618, -0.346503823996, 83.821395874, 101.706321716, 38.3330459595, -30.5991687775, -61.7989234924, -22.1265125275, 30.7835521698, 42.6614990234], [189.086135864, -88.4787063599, -178.631500244, -153.783706665, -44.3817367554, 36.1515007019, 38.3330459595, 68.8472366333, 3.99479532242, -23.1999511719, -28.5952758789, 1.88203966618, 33.2384757996], [18.2574176788, 12.4387111664, 37.3425712585, -2.19430756569, -12.10932827, -29.3087234497, -30.5991687775, 3.99479532242, 34.1408462524, 33.6767997742, 3.01927042007, -17.5886592865, -17.328168869], [-28.031124115, 36.787979126, 90.3293533325, 34.8682518005, -0.792425394058, -55.4868507385, -61.7989234924, -23.1999511719, 33.6767997742, 60.4608764648, 18.7270774841, -21.8459453583, -28.8213768005], [-77.5629730225, 31.9574069977, 86.0838165283, 74.5481872559, 23.4833030701, -14.8116931915, -22.1265125275, -28.5952758789, 3.01927042007, 18.7270774841, 23.1362895966, 1.60458576679, -13.9493894577], [6.35111570358, -23.4149265289, -40.0827445984, -7.5161895752, 9.17307472229, 32.4495391846, 30.7835521698, 1.88203966618, -17.5886592865, -21.8459453583, 1.60458576679, 25.5794181824, 21.3328723907], [108.608573914, -76.1148834229, -136.25440979, -98.310043335, -15.1394319534, 49.1475334167, 42.6614990234, 33.2384757996, -17.328168869, -28.8213768005, -13.9493894577, 21.3328723907, 44.4666595459]],
