{
"lowlevel": {
    "average_loudness": 0.926043391228,
    "barkbands_crest": {
        "dmean": 2.41321611404,
        "dmean2": 3.87205576897,
        "dvar": 5.90367984772,
        "dvar2": 13.9476823807,
        "max": 26.4988651276,
        "mean": 19.1072463989,
        "median": 20.1651344299,
        "min": 8.09529209137,
        "var": 35.8586540222
    },
    "barkbands_flatness_db": {
        "dmean": 0.0238969232887,
        "dmean2": 0.0312689766288,
        "dvar": 0.000482224539155,
        "dvar2": 0.000646933098324,
        "max": 0.455268353224,
        "mean": 0.297381460667,
        "median": 0.282838702202,
        "min": 0.146090045571,
        "var": 0.00785528495908
    },
    "barkbands_kurtosis": {
        "dmean": 7.85361051559,
        "dmean2": 13.0301790237,
        "dvar": 108.388153076,
        "dvar2": 343.8934021,
        "max": 73.8909378052,
        "mean": 13.6218042374,
        "median": 7.69132041931,
        "min": -1.25428712368,
        "var": 254.470153809
    },
    "barkbands_skewness": {
        "dmean": 0.667731940746,
        "dmean2": 0.92463183403,
        "dvar": 0.308600902557,
        "dvar2": 0.43502381444,
        "max": 4.65671730042,
        "mean": -0.973903536797,
        "median": -0.563465893269,
        "min": -5.65946388245,
        "var": 6.95696973801
    },
    "barkbands_spread": {
        "dmean": 1.6881673336,
        "dmean2": 2.62566590309,
        "dvar": 2.88656878471,
        "dvar2": 5.86178255081,
        "max": 15.0156049728,
        "mean": 6.69303178787,
        "median": 6.59322834015,
        "min": 0.566486418247,
        "var": 20.1636810303
    },
    "dissonance": {
        "dmean": 0.0800288468599,
        "dmean2": 0.137253910303,
        "dvar": 0.00347466999665,
        "dvar2": 0.00921057909727,
        "max": 0.491945743561,
        "mean": 0.3249604702,
        "median": 0.331388145685,
        "min": 0.0968628376722,
        "var": 0.0106995590031
    },
    "dynamic_complexity": 7.24764442444,
    "erbbands_crest": {
        "dmean": 1.01007068157,
        "dmean2": 1.42353689671,
        "dvar": 2.00749325752,
        "dvar2": 4.29761886597,
        "max": 28.2071361542,
        "mean": 22.5970916748,
        "median": 24.6303596497,
        "min": 6.71859025955,
        "var": 29.2279090881
    },
    "erbbands_flatness_db": {
        "dmean": 0.0190984494984,
        "dmean2": 0.0223841294646,
        "dvar": 0.000419792748289,
        "dvar2": 0.000430068321293,
        "max": 0.482771784067,
        "mean": 0.304641067982,
        "median": 0.305801600218,
        "min": 0.0953736528754,
        "var": 0.0126398075372
    },
    "erbbands_kurtosis": {
        "dmean": 9.53167438507,
        "dmean2": 14.7139081955,
        "dvar": 109.749000549,
        "dvar2": 245.449859619,
        "max": 94.8283691406,
        "mean": 33.7152900696,
        "median": 26.1998634338,
        "min": 1.12576198578,
        "var": 789.019226074
    },
    "erbbands_skewness": {
        "dmean": 0.819049835205,
        "dmean2": 1.49420309067,
        "dvar": 0.666827857494,
        "dvar2": 2.30840182304,
        "max": 4.59365510941,
        "mean": -0.718650341034,
        "median": -0.455432116985,
        "min": -3.85082817078,
        "var": 3.26036834717
    },
    "erbbands_spread": {
        "dmean": 1.5964602232,
        "dmean2": 2.22553467751,
        "dvar": 5.60568284988,
        "dvar2": 12.3923826218,
        "max": 37.5617752075,
        "mean": 7.15041399002,
        "median": 4.09571123123,
        "min": 0.495589852333,
        "var": 73.7194213867
    },
    "hfc": {
        "dmean": 3.83247709274,
        "dmean2": 3.151222229,
        "dvar": 56.9852867126,
        "dvar2": 60.4410247803,
        "max": 108.834877014,
        "mean": 14.919585228,
        "median": 5.2991900444,
        "min": 0.0159579738975,
        "var": 376.780456543
    },
    "melbands_crest": {
        "dmean": 2.88363480568,
        "dmean2": 4.71244716644,
        "dvar": 7.58670663834,
        "dvar2": 19.0479602814,
        "max": 25.8021411896,
        "mean": 18.2373695374,
        "median": 19.0604629517,
        "min": 8.48992061615,
        "var": 28.9441642761
    },
    "melbands_flatness_db": {
        "dmean": 0.0250423606485,
        "dmean2": 0.034646358341,
        "dvar": 0.0004999183584,
        "dvar2": 0.000930008478463,
        "max": 0.536908984184,
        "mean": 0.39106747508,
        "median": 0.376985102892,
        "min": 0.244844734669,
        "var": 0.00512634404004
    },
    "melbands_kurtosis": {
        "dmean": 3.95182013512,
        "dmean2": 6.49790716171,
        "dvar": 17.8212947845,
        "dvar2": 50.8089599609,
        "max": 32.6896247864,
        "mean": 6.32659435272,
        "median": 3.58389472961,
        "min": -1.83497560024,
        "var": 67.354385376
    },
    "melbands_skewness": {
        "dmean": 0.706692039967,
        "dmean2": 1.07305955887,
        "dvar": 0.256648570299,
        "dvar2": 0.533761918545,
        "max": 4.61412858963,
        "mean": -0.460795015097,
        "median": -0.447253376245,
        "min": -4.27722263336,
        "var": 5.28933763504
    },
    "melbands_spread": {
        "dmean": 2.78946948051,
        "dmean2": 4.34916782379,
        "dvar": 7.03110408783,
        "dvar2": 13.8184289932,
        "max": 22.4078083038,
        "mean": 10.7402505875,
        "median": 9.0111322403,
        "min": 1.90274596214,
        "var": 40.1294021606
    },
    "pitch_salience": {
        "dmean": 0.0640026554465,
        "dmean2": 0.100865654647,
        "dvar": 0.00285536656156,
        "dvar2": 0.00651878258213,
        "max": 0.717521548271,
        "mean": 0.327659457922,
        "median": 0.350554794073,
        "min": 0.107004828751,
        "var": 0.0192145239562
    },
    "silence_rate_20dB": {
        "dmean": 0,
        "dmean2": 0,
        "dvar": 0,
        "dvar2": 0,
        "max": 1,
        "mean": 1,
        "median": 1,
        "min": 1,
        "var": 0
    },
    "silence_rate_30dB": {
        "dmean": 0.0166666675359,
        "dmean2": 0.0336134470999,
        "dvar": 0.0163888707757,
        "dvar2": 0.0492900796235,
        "max": 1,
        "mean": 0.991735517979,
        "median": 1,
        "min": 0,
        "var": 0.00819616578519
    },
    "silence_rate_60dB": {
        "dmean": 0.0250000003725,
        "dmean2": 0.0504201687872,
        "dvar": 0.0243749786168,
        "dvar2": 0.064684651792,
        "max": 1,
        "mean": 0.396694213152,
        "median": 0,
        "min": 0,
        "var": 0.239327818155
    },
    "spectral_centroid": {
        "dmean": 41.1597518921,
        "dmean2": 67.3262863159,
        "dvar": 1767.24731445,
        "dvar2": 4376.01416016,
        "max": 929.830505371,
        "mean": 686.079956055,
        "median": 751.682373047,
        "min": 317.493591309,
        "var": 24889.7011719
    },
    "spectral_complexity": {
        "dmean": 0.658333361149,
        "dmean2": 1.23529410362,
        "dvar": 0.574930846691,
        "dvar2": 1.27236950397,
        "max": 7,
        "mean": 3.89256191254,
        "median": 4,
        "min": 0,
        "var": 0.823167920113
    },
    "spectral_decrease": {
        "dmean": 1.20357468436e-09,
        "dmean2": 1.10108078211e-09,
        "dvar": 4.83849083632e-18,
        "dvar2": 5.14726040179e-18,
        "max": -1.57529354144e-11,
        "mean": -4.76016071005e-09,
        "median": -1.91700122443e-09,
        "min": -3.23508047018e-08,
        "var": 3.30369650081e-17
    },
    "spectral_energy": {
        "dmean": 0.00487995753065,
        "dmean2": 0.00443428987637,
        "dvar": 8.07567994343e-05,
        "dvar2": 8.56306578498e-05,
        "max": 0.131970077753,
        "mean": 0.0193191561848,
        "median": 0.00771198561415,
        "min": 6.09026501479e-05,
        "var": 0.000550040451344
    },
    "spectral_energyband_high": {
        "dmean": 2.38165353039e-06,
        "dmean2": 2.76643731922e-06,
        "dvar": 6.62971066934e-11,
        "dvar2": 5.91116738891e-11,
        "max": 0.000171109408257,
        "mean": 1.08447529783e-05,
        "median": 5.15756755703e-06,
        "min": 3.84588787483e-07,
        "var": 6.61705967797e-10
    },
    "spectral_energyband_low": {
        "dmean": 0.000552707409952,
        "dmean2": 0.000973083660938,
        "dvar": 3.41584126318e-07,
        "dvar2": 9.51868798893e-07,
        "max": 0.00393663486466,
        "mean": 0.000818651460577,
        "median": 0.000626003893558,
        "min": 4.14743954025e-05,
        "var": 4.34944922745e-07
    },
    "spectral_energyband_middle_high": {
        "dmean": 0.00463154073805,
        "dmean2": 0.00375676085241,
        "dvar": 8.34078382468e-05,
        "dvar2": 8.85470362846e-05,
        "max": 0.129719719291,
        "mean": 0.0173929762095,
        "median": 0.00597816472873,
        "min": 2.26433917305e-06,
        "var": 0.000538920459803
    },
    "spectral_energyband_middle_low": {
        "dmean": 0.000545584829524,
        "dmean2": 0.000932970957365,
        "dvar": 7.77027196364e-07,
        "dvar2": 2.70344912678e-06,
        "max": 0.00842925161123,
        "mean": 0.00195993715897,
        "median": 0.00172984681558,
        "min": 1.80299193744e-05,
        "var": 2.51713231592e-06
    },
    "spectral_entropy": {
        "dmean": 0.202826187015,
        "dmean2": 0.254906207323,
        "dvar": 0.0495509020984,
        "dvar2": 0.0536803342402,
        "max": 7.44652271271,
        "mean": 5.80998945236,
        "median": 5.79932689667,
        "min": 4.18452739716,
        "var": 0.963776111603
    },
    "spectral_flux": {
        "dmean": 0.010442298837,
        "dmean2": 0.0153236519545,
        "dvar": 0.000171341409441,
        "dvar2": 0.000402340112487,
        "max": 0.146898373961,
        "mean": 0.0309260357171,
        "median": 0.0225633531809,
        "min": 0.00921351183206,
        "var": 0.000519096909557
    },
    "spectral_kurtosis": {
        "dmean": 4.35670900345,
        "dmean2": 6.425157547,
        "dvar": 25.0213603973,
        "dvar2": 51.6225166321,
        "max": 64.3073501587,
        "mean": 21.6932563782,
        "median": 15.8147926331,
        "min": 4.0844540596,
        "var": 186.926437378
    },
    "spectral_rms": {
        "dmean": 0.000509503297508,
        "dmean2": 0.000521330570336,
        "dvar": 3.86746222603e-07,
        "dvar2": 3.58068291462e-07,
        "max": 0.0113468626514,
        "mean": 0.0035846082028,
        "median": 0.00274297082797,
        "min": 0.000243756483542,
        "var": 5.99854683969e-06
    },
    "spectral_rolloff": {
        "dmean": 33.1970214844,
        "dmean2": 61.1615333557,
        "dvar": 11351.6005859,
        "dvar2": 23394.21875,
        "max": 861.328125,
        "mean": 751.527404785,
        "median": 839.794921875,
        "min": 172.265625,
        "var": 41619.2460938
    },
    "spectral_skewness": {
        "dmean": 0.379170030355,
        "dmean2": 0.558632612228,
        "dvar": 0.132811143994,
        "dvar2": 0.279336035252,
        "max": 6.8249745369,
        "mean": 3.7586812973,
        "median": 3.36335301399,
        "min": 1.75009942055,
        "var": 1.23192071915
    },
    "spectral_spread": {
        "dmean": 369230.03125,
        "dmean2": 609996.375,
        "dvar": 148368621568,
        "dvar2": 261229641728,
        "max": 8703716,
        "mean": 3640860.25,
        "median": 3438788.25,
        "min": 1713651,
        "var": 1.3263273984e+12
    },
    "spectral_strongpeak": {
        "dmean": 0.57861405611,
        "dmean2": 0.562941968441,
        "dvar": 0.599447369576,
        "dvar2": 0.602495372295,
        "max": 11.5860147476,
        "mean": 3.09418201447,
        "median": 1.99851214886,
        "min": 0,
        "var": 7.90107870102
    },
    "zerocrossingrate": {
        "dmean": 0.00334879546426,
        "dmean2": 0.00390214682557,
        "dvar": 2.65172911895e-05,
        "dvar2": 3.99080490752e-05,
        "max": 0.068359375,
        "mean": 0.0364273935556,
        "median": 0.03759765625,
        "min": 0.0009765625,
        "var": 6.13325973973e-05
    },
    "barkbands": {
        "dmean": [1.11513036245e-05, 0.000480540242279, 0.000122057717817, 6.84323022142e-05, 0.000477349967696, 1.90316641238e-05, 7.00862483427e-06, 5.0698549785e-06, 1.92472853087e-05, 0.00463597755879, 1.195501045e-05, 3.54120084012e-06, 1.92541870092e-06, 4.34239927927e-06, 8.01993849109e-07, 4.04591304459e-07, 7.42501811146e-07, 2.53015286944e-07, 5.39764232599e-06, 3.38877470085e-07, 1.50258858866e-06, 1.9394570927e-07, 2.28735686392e-07, 5.17992475579e-07, 1.36934346529e-07, 2.00687352958e-07, 3.09936297072e-07],
        "dmean2": [1.84305299626e-05, 0.000828595133498, 0.00021454472153, 0.000117319650599, 0.000874661665875, 3.178289262e-05, 1.19485193864e-05, 8.33183185023e-06, 1.55645357154e-05, 0.0037660934031, 1.65747933352e-05, 5.32017156729e-06, 3.03769843413e-06, 5.3351045608e-06, 1.29741897581e-06, 6.06680998771e-07, 1.27878718104e-06, 3.57215299118e-07, 8.15948624222e-06, 5.35103083621e-07, 2.0110242076e-06, 2.77081312561e-07, 2.90882127274e-07, 5.33036654815e-07, 2.21779842491e-07, 3.19862834885e-07, 5.00842531892e-07],
        "dvar": [3.76837838711e-10, 2.84592971411e-07, 1.35757440844e-08, 4.201819781e-09, 9.5896939456e-07, 3.04751363034e-10, 4.48782677687e-11, 3.61428838247e-11, 5.56334045498e-09, 8.34835955175e-05, 4.45213910183e-09, 1.70773534203e-10, 2.0167943704e-11, 1.12154924237e-10, 3.60842020326e-12, 1.62405830971e-12, 4.21009711468e-12, 9.21962918336e-13, 3.04515940242e-10, 4.25210160051e-13, 4.39407329966e-11, 1.31452615178e-13, 4.12326179059e-13, 2.82360398084e-12, 4.66508206847e-14, 3.8313631239e-14, 9.03598214048e-14],
        "dvar2": [5.41773403917e-10, 8.18545856873e-07, 4.08594367229e-08, 1.07110400549e-08, 3.29224167217e-06, 9.3619145769e-10, 8.74250116745e-11, 4.23523993653e-11, 1.26810473233e-09, 8.8711080025e-05, 4.63167149078e-09, 1.71672648319e-10, 3.07618409912e-11, 1.06015418666e-10, 4.25053655467e-12, 1.70957757499e-12, 9.10967308532e-12, 9.55013195261e-13, 7.22152782018e-10, 6.93386049532e-13, 5.43285104404e-11, 2.61156005675e-13, 3.28579665646e-13, 2.74312300305e-12, 8.33175691525e-14, 6.37238945964e-14, 1.85632962452e-13],
        "max": [0.000192318620975, 0.00337797217071, 0.000796547334176, 0.000655671290588, 0.00654098344967, 0.000122951460071, 7.55688233767e-05, 7.88758334238e-05, 0.00158566550817, 0.129512414336, 0.000761356961448, 0.000152001623064, 5.20534340467e-05, 0.000114437512821, 2.20911642828e-05, 1.43271236084e-05, 3.20509789162e-05, 1.0683191249e-05, 0.000217422348214, 7.77316017775e-06, 0.000115103372082, 4.98725330544e-06, 1.20166969282e-05, 3.48174107785e-05, 3.17448734677e-06, 3.02035846289e-06, 2.59564535554e-06],
        "mean": [1.19966589409e-05, 0.000629063346423, 0.000135988826514, 9.42518963711e-05, 0.000909241847694, 5.25986215507e-05, 1.55430443556e-05, 8.36403614812e-06, 4.05454848078e-05, 0.0173580031842, 1.48016943058e-05, 5.2541322475e-06, 3.7694128423e-06, 8.28293832456e-06, 1.4001807358e-06, 7.52924222525e-07, 2.43648105425e-06, 4.79859977531e-07, 1.43317047332e-05, 8.44638122999e-07, 4.5642218538e-06, 5.68631776332e-07, 8.80934635461e-07, 1.56843634613e-06, 6.48780712709e-07, 6.92373134825e-07, 1.5829187987e-06],
        "median": [7.02024681232e-06, 0.000434957706602, 9.10627059056e-05, 5.74906262045e-05, 0.000750270322897, 4.82538234792e-05, 1.37084125527e-05, 6.74940520184e-06, 8.21449611976e-06, 0.00596096180379, 6.38602705294e-06, 3.40244832842e-06, 2.71785052064e-06, 1.82707594831e-06, 1.10492328531e-06, 5.86336398101e-07, 6.29818373454e-07, 3.6782580537e-07, 6.58521116748e-07, 6.26915038993e-07, 6.09368726145e-07, 4.61676989971e-07, 4.47768769618e-07, 4.95836331993e-07, 5.42773193501e-07, 6.86251212301e-07, 1.49959362261e-06],
        "min": [2.64758284629e-07, 2.15092404687e-05, 7.4693125498e-06, 3.92447736886e-06, 2.85523356069e-06, 3.96335053665e-06, 2.16229045691e-06, 5.14786563599e-07, 1.60336435329e-06, 1.68933513578e-06, 1.88132077028e-07, 1.24158191284e-07, 1.73829704408e-07, 8.72099406024e-08, 6.138083819e-08, 1.29797925297e-07, 6.66978223762e-08, 1.5900312178e-08, 7.24081985481e-08, 5.29629247126e-08, 4.9572221883e-08, 5.46073408714e-08, 4.12511766967e-08, 4.37094627159e-08, 4.1472819845e-08, 6.48380833468e-08, 5.77332777141e-08],
        "var": [3.98169525129e-10, 3.59343317768e-07, 1.49109595782e-08, 1.3626378248e-08, 8.09432890492e-07, 3.72172515029e-10, 6.82450207456e-11, 6.18938927888e-11, 3.10949310744e-08, 0.000537926331162, 4.74134909112e-09, 1.86046428263e-10, 2.86882132633e-11, 2.8183294587e-10, 3.94647769325e-12, 1.62601648725e-12, 3.13633112536e-11, 9.09809879344e-13, 1.22782961576e-09, 7.81200462392e-13, 3.06442649034e-10, 3.34374482313e-13, 3.83591942932e-12, 2.51618847286e-11, 1.96314346073e-13, 1.01239559813e-13, 2.52469404974e-13]
    },
    "erbbands": {
        "dmean": [0.012072305195, 0.116634525359, 0.165347769856, 0.181705698371, 1.43431639671, 1.41881620884, 0.187815591693, 0.141960397363, 0.156586334109, 0.0763497129083, 0.198363631964, 2.43177461624, 107.322120667, 59.4102630615, 1.79807925224, 0.194695487618, 0.0956975594163, 0.108361773193, 0.168741241097, 0.0323374606669, 0.0212490502745, 0.0481997802854, 0.0173942968249, 0.236780896783, 0.105763621628, 0.0163175929338, 0.0166430734098, 0.0900031626225, 0.00973292160779, 0.00779236294329, 0.00497840158641, 0.00581675674766, 0.0114171411842, 0.00260338094085, 0.00122226856183, 0.00062943197554, 0.000491026381496, 0.000182308518561, 4.69052029075e-05, 8.68601364346e-06],
        "dmean2": [0.0216131582856, 0.204357758164, 0.292878240347, 0.322846859694, 2.6336452961, 2.6501750946, 0.33896958828, 0.236516520381, 0.265302538872, 0.119890786707, 0.278139799833, 2.03583550453, 90.1280441284, 47.8485870361, 1.54204928875, 0.229338154197, 0.144969314337, 0.1421777457, 0.207333087921, 0.0487208031118, 0.0319608226418, 0.0840237513185, 0.0257437229156, 0.361211538315, 0.162004470825, 0.025361629203, 0.0260573551059, 0.115932255983, 0.0131894182414, 0.0112847937271, 0.007353852503, 0.00789277069271, 0.012074328959, 0.0036613852717, 0.00184376165271, 0.000933451869059, 0.000757057918236, 0.000294086668873, 7.6885058661e-05, 1.10235278044e-05],
        "dvar": [0.000242255831836, 0.015996415168, 0.0289882887155, 0.0267357826233, 10.7469577789, 4.40010213852, 0.0304384119809, 0.0122642191127, 0.0160686131567, 0.0126090729609, 0.168123215437, 19.3379497528, 44187.9023438, 14370.6728516, 12.2375936508, 0.263023108244, 0.0507652871311, 0.0862350165844, 0.162699520588, 0.00673065427691, 0.00401580240577, 0.0207521207631, 0.00290565239266, 0.561394631863, 0.118057653308, 0.000818386324681, 0.0014855627669, 0.178071841598, 0.000493989209644, 0.000295470032142, 9.43546328926e-05, 0.00016656499065, 0.00156283983961, 3.83686965506e-05, 5.24388678969e-06, 4.39976389544e-07, 2.13447279407e-07, 3.37794077154e-08, 1.73264191883e-09, 1.33981561956e-10],
        "dvar2": [0.000618278631009, 0.0466902218759, 0.0876128599048, 0.0861041545868, 36.5433120728, 15.0939731598, 0.0996182709932, 0.0313426442444, 0.0407294742763, 0.0161175318062, 0.331505149603, 19.9401493073, 46159.53125, 15669.9453125, 13.3386964798, 0.274737417698, 0.07838781178, 0.0779363140464, 0.147169783711, 0.00755672063679, 0.00488681858405, 0.0436329729855, 0.004605805967, 1.3481323719, 0.277468174696, 0.00151958013885, 0.00229215226136, 0.211989551783, 0.000636333483271, 0.000416748545831, 7.37973459763e-05, 0.00022137304768, 0.00191466859542, 5.44729518879e-05, 7.04783906258e-06, 8.55258008414e-07, 4.38289703197e-07, 7.35029104248e-08, 3.37919514592e-09, 1.70335467953e-10],
        "max": [0.0920766070485, 0.800542116165, 1.06302249432, 1.34063446522, 23.3262462616, 13.2869291306, 1.05656504631, 0.921505749226, 1.07672548294, 1.54856204987, 5.77814865112, 58.5507507324, 2880.57666016, 1760.25842285, 49.8893699646, 6.3856010437, 2.76513338089, 3.58114552498, 4.40548038483, 1.01634216309, 0.793658494949, 2.26460766792, 0.686771333218, 9.42375659943, 4.24543046951, 0.358588278294, 0.927351117134, 6.96534872055, 0.462220668793, 0.289505153894, 0.211563751101, 0.241884618998, 0.814212977886, 0.126217931509, 0.0358367413282, 0.0131862200797, 0.00611370569095, 0.00148379977327, 0.000343828025507, 0.000183308569831],
        "mean": [0.0156128583476, 0.147745132446, 0.201256543398, 0.276729911566, 2.38272666931, 2.8243663311, 0.325248539448, 0.41838312149, 0.448778182268, 0.148188009858, 0.50455135107, 9.4340171814, 411.439300537, 217.533355713, 6.53933286667, 0.571092545986, 0.230600446463, 0.22171330452, 0.33053457737, 0.0703117400408, 0.0487136095762, 0.163882389665, 0.0473822690547, 0.652829945087, 0.281796455383, 0.0477893576026, 0.0582378357649, 0.256966531277, 0.0316501148045, 0.0257935095578, 0.0203023534268, 0.017915667966, 0.0323921740055, 0.00951287895441, 0.0051569971256, 0.00274495081976, 0.00129377900157, 0.000544811307918, 0.000197075336473, 5.10056415806e-05],
        "median": [0.0102256396785, 0.107728607953, 0.139726549387, 0.210918575525, 1.68926346302, 2.52851581573, 0.306184649467, 0.396501988173, 0.436475992203, 0.114660412073, 0.323581457138, 4.02311897278, 160.992431641, 61.5767784119, 1.98446261883, 0.32754856348, 0.170390129089, 0.107447855175, 0.0876033008099, 0.0565715357661, 0.0369787104428, 0.0352239646018, 0.0268090125173, 0.0311022177339, 0.0313747227192, 0.0304318219423, 0.0257404744625, 0.023768376559, 0.0169337224215, 0.0157088749111, 0.0124565958977, 0.0107005881146, 0.00856490898877, 0.00619444111362, 0.00395933631808, 0.00240033306181, 0.00124661170412, 0.000494794512633, 0.000182884614333, 4.22781668021e-05],
        "min": [0.000669282511808, 0.00467822747305, 0.0136678516865, 0.0193062238395, 0.0135677661747, 0.00720197660848, 0.0197954848409, 0.0353947617114, 0.0372504740953, 0.0200719926506, 0.0140654481947, 0.0343198031187, 0.065025024116, 0.0227736011147, 0.00818011909723, 0.00562683213502, 0.00782118085772, 0.00498420698568, 0.00274594174698, 0.00625256542116, 0.00566947832704, 0.00404028501362, 0.00202565593645, 0.00230346852913, 0.00389176653698, 0.00254118163139, 0.00267863553017, 0.00151278672274, 0.001840562094, 0.00146787986159, 0.00124742859043, 0.000903679640032, 0.000764319265727, 0.000452493492048, 0.000279119936749, 0.0001965976262, 0.000113666101242, 6.00817875238e-05, 6.83269536239e-06, 9.45586918988e-07],
        "var": [0.000308225891786, 0.0189964901656, 0.0299392994493, 0.0506272502244, 9.32839870453, 4.6218547821, 0.0262607224286, 0.0228672418743, 0.026917707175, 0.0230534672737, 0.440129101276, 134.585754395, 284897.8125, 91444.109375, 75.108253479, 0.515887618065, 0.0819930881262, 0.148039996624, 0.421085655689, 0.00839299242944, 0.00556521117687, 0.152538895607, 0.00577883282676, 2.42848443985, 0.441708296537, 0.00322544015944, 0.0189354382455, 1.09393000603, 0.00448035541922, 0.00211109337397, 0.00127293891273, 0.00122290162835, 0.0128088025376, 0.000284248264506, 2.52553763858e-05, 2.42197279476e-06, 5.30274348876e-07, 5.42395213188e-08, 4.15772172246e-09, 6.24603146981e-10]
    },
    "gfcc": {
        "mean": [-153.407394409, 117.774780273, -59.3541755676, -16.0538692474, -51.6078796387, 16.6848335266, 5.8559627533, 10.9457216263, -35.2621269226, -29.1997356415, -26.773431778, 0.0732226297259, 10.8470039368],
        "cov": [[1192.86730957, 88.8301010132, -601.756225586, -169.660217285, -256.402893066, 22.6712436676, 250.745025635, 155.682342529, -222.495178223, -380.442687988, -161.627456665, -106.459220886, 89.1690979004], [88.8301010132, 150.548843384, -42.9758682251, -150.269317627, -14.939368248, 7.63620615005, 82.7757034302, 31.9590892792, -31.8910255432, -86.9954376221, -43.2706832886, -6.35202550888, 45.4541091919], [-601.756225586, -42.9758682251, 506.551391602, 150.969726562, 154.866699219, 49.7873573303, -155.652572632, -99.3411865234, 162.544586182, 257.018157959, 91.6677627563, 81.0304336548, -37.0333976746], [-169.660217285, -150.269317627, 150.969726562, 312.067352295, 81.4442977905, -6.44303798676, -120.248825073, -42.4396705627, 56.1859817505, 145.869842529, 87.0088424683, 15.518456459, -63.185710907], [-256.402893066, -14.939368248, 154.866699219, 81.4442977905, 128.237640381, -10.9984378815, -61.7656288147, -51.0046768188, 54.6113739014, 117.43409729, 68.4844055176, 24.5898761749, -34.5889778137], [22.6712436676, 7.63620615005, 49.7873573303, -6.44303798676, -10.9984378815, 56.8530082703, 5.91253328323, 3.58385419846, 26.5029182434, 11.9314489365, -9.47013282776, 10.372803688, 16.7879714966], [250.745025635, 82.7757034302, -155.652572632, -120.248825073, -61.7656288147, 5.91253328323, 121.824905396, 62.4216499329, -63.7798576355, -120.666519165, -49.8526039124, -18.6211585999, 44.5402565002], [155.682342529, 31.9590892792, -99.3411865234, -42.4396705627, -51.0046768188, 3.58385419846, 62.4216499329, 55.1757354736, -33.5478057861, -71.7256164551, -29.2119159698, -10.3460845947, 25.0580482483], [-222.495178223, -31.8910255432, 162.544586182, 56.1859817505, 54.6113739014, 26.5029182434, -63.7798576355, -33.5478057861, 77.978012085, 105.888832092, 36.6645355225, 27.7037963867, -16.4946784973], [-380.442687988, -86.9954376221, 257.018157959, 145.869842529, 117.43409729, 11.9314489365, -120.666519165, -71.7256164551, 105.888832092, 198.125320435, 86.1295928955, 40.0668525696, -49.999382019], [-161.627456665, -43.2706832886, 91.6677627563, 87.0088424683, 68.4844055176, -9.47013282776, -49.8526039124, -29.2119159698, 36.6645355225, 86.1295928955, 62.9122657776, 19.8229560852, -26.1018733978], [-106.459220886, -6.35202550888, 81.0304336548, 15.518456459, 24.5898761749, 10.372803688, -18.6211585999, -10.3460845947, 27.7037963867, 40.0668525696, 19.8229560852, 30.865278244, 3.40490198135], [89.1690979004, 45.4541091919, -37.0333976746, -63.185710907, -34.5889778137, 16.7879714966, 44.5402565002, 25.0580482483, -16.4946784973, -49.999382019, -26.1018733978, 3.40490198135, 39.0067176819]],
        "icov": [[0.00455032056198, 0.000310083123622, 0.00268452707678, -0.0021605619695, 0.000590892625041, -0.00720154587179, -0.00206815707497, 0.000947002554312, 0.00530224945396, 0.00214132503606, 0.000546636641957, 0.0030646242667, -0.00125262432266], [0.000310083123622, 0.0351319462061, -0.0117455804721, 0.0103856995702, -0.0227893833071, 0.00170708680525, -0.00435757124797, -0.00906158704311, -0.00490883458406, 0.0256324093789, -0.000209417543374, 0.0189866088331, -0.0171390417963], [0.00268452707678, -0.0117455804721, 0.016112504527, -0.00626367283985, 0.00386674748734, -0.00629935367033, 0.000706695951521, 0.00809067115188, -0.00068066973472, -0.0152995465323, 0.0100916922092, -0.0162661038339, 0.00111064966768], [-0.0021605619695, 0.0103856995702, -0.00626367283985, 0.014075611718, -0.00722805224359, -0.00269956863485, 0.0113374302164, -0.0159348379821, 0.00890221539885, 0.00154105981346, -0.00938372500241, 0.00819949805737, 0.000478590518469], [0.000590892625041, -0.0227893833071, 0.00386674748734, -0.00722805224359, 0.0453969985247, 0.00615950906649, -0.0131400441751, 0.0226331222802, -0.00333442096598, -0.0189856551588, -0.0207737926394, -0.00856901425868, 0.0163379702717], [-0.00720154587179, 0.00170708680525, -0.00629935367033, -0.00269956863485, 0.00615950906649, 0.0525824278593, -0.0151906600222, 0.0111551191658, -0.0410906895995, 6.75296323607e-05, 0.00824133306742, -0.00149447552394, -0.0145136183128], [-0.00206815707497, -0.00435757124797, 0.000706695951521, 0.0113374302164, -0.0131400441751, -0.0151906600222, 0.0569394342601, -0.0415021553636, 0.0313445739448, -0.00519930757582, -0.00344397476874, 0.00241950759664, -0.0105538228527], [0.000947002554312, -0.00906158704311, 0.00809067115188, -0.0159348379821, 0.0226331222802, 0.0111551191658, -0.0415021553636, 0.0789968296885, -0.0347389988601, 0.0112952496856, -0.00318471435457, -0.0137160643935, 0.00102881481871], [0.00530224945396, -0.00490883458406, -0.00068066973472, 0.00890221539885, -0.00333442096598, -0.0410906895995, 0.0313445739448, -0.0347389988601, 0.115617103875, -0.0532892644405, 0.00946631561965, -0.00188446964603, -0.00429034000263], [0.00214132503606, 0.0256324093789, -0.0152995465323, 0.00154105981346, -0.0189856551588, 6.75296323607e-05, -0.00519930757582, 0.0112952496856, -0.0532892644405, 0.0931376293302, -0.032065179199, 0.0143134985119, 0.00916742905974], [0.000546636641957, -0.000209417543374, 0.0100916922092, -0.00938372500241, -0.0207737926394, 0.00824133306742, -0.00344397476874, -0.00318471435457, 0.00946631561965, -0.032065179199, 0.0809049457312, -0.027783472091, -0.0031491452828], [0.0030646242667, 0.0189866088331, -0.0162661038339, 0.00819949805737, -0.00856901425868, -0.00149447552394, 0.00241950759664, -0.0137160643935, -0.00188446964603, 0.0143134985119, -0.027783472091, 0.0951864421368, -0.0415486879647], [-0.00125262432266, -0.0171390417963, 0.00111064966768, 0.000478590518469, 0.0163379702717, -0.0145136183128, -0.0105538228527, 0.00102881481871, -0.00429034000263, 0.00916742905974, -0.0031491452828, -0.0415486879647, 0.0938821136951]]
    },
    "melbands": {
        "dmean": [0.000120301825518, 0.00011054436618, 5.34156461072e-05, 0.000126314364024, 1.08319090941e-05, 3.39129906024e-06, 2.11473411582e-06, 7.96049278051e-07, 2.07424318432e-06, 3.06750052914e-06, 0.000605311826803, 0.000346356566297, 1.29022635065e-06, 4.47145282578e-07, 2.62892569936e-07, 1.76960767817e-07, 2.45180331149e-07, 3.75607356773e-07, 5.44958993487e-08, 3.08295362572e-08, 2.50149430059e-08, 5.79848489224e-08, 2.02704395491e-08, 1.18386429548e-08, 2.26169049711e-07, 1.96023236754e-07, 1.00085628674e-08, 1.25175203536e-08, 9.73837721574e-09, 3.75484461301e-08, 4.51556374514e-08, 4.54913662296e-09, 4.51914594635e-09, 5.7555382682e-09, 3.46345507829e-09, 3.52450602037e-09, 4.3503427527e-09, 6.95362212255e-09, 7.9515558582e-09, 1.39836098256e-09],
        "dmean2": [0.000210948041058, 0.000195654720301, 9.6564006526e-05, 0.000232104488532, 2.0100891561e-05, 5.58348574486e-06, 3.56977511728e-06, 1.239814992e-06, 2.92264553536e-06, 2.89156059807e-06, 0.000502904818859, 0.000278436229564, 1.8079832671e-06, 6.73794147588e-07, 4.28491262028e-07, 2.68658737923e-07, 3.20111155361e-07, 4.5753583322e-07, 8.78281198879e-08, 4.61260718509e-08, 3.99019697284e-08, 1.03181271527e-07, 3.1108175591e-08, 1.72782179675e-08, 3.44292402588e-07, 2.95612068157e-07, 1.62130113779e-08, 1.98526723949e-08, 1.53332138098e-08, 5.35253583678e-08, 5.66237225996e-08, 6.73850042432e-09, 6.36952002253e-09, 7.68893393399e-09, 5.50350875983e-09, 5.12227682492e-09, 6.21831652836e-09, 7.64711494128e-09, 8.96043150789e-09, 2.25876073401e-09],
        "dvar": [2.07113153294e-08, 1.32825599408e-08, 7.78464759321e-09, 6.315845269e-08, 6.47704043177e-11, 7.14217877548e-12, 2.90110015004e-12, 1.63212293073e-12, 5.61175238223e-11, 1.60011157102e-10, 1.40888289479e-06, 4.83571341192e-07, 4.92901414129e-11, 3.29884817379e-12, 5.70789672038e-13, 1.98834831521e-13, 3.74516932224e-13, 8.1758634151e-13, 1.41836658046e-14, 8.95884979564e-15, 5.06665759356e-15, 3.01310829043e-14, 3.19230475963e-15, 1.93919511186e-15, 5.09471425551e-13, 4.21140200621e-13, 2.74253545272e-16, 5.08400927524e-16, 6.87956189293e-16, 2.64275143517e-14, 4.41638675771e-14, 6.11257355919e-17, 6.15075886324e-17, 2.88006131022e-16, 3.92997280968e-17, 5.3590282339e-17, 1.13640494537e-16, 4.13436649206e-16, 8.74480520514e-16, 2.01778323403e-18],
        "dvar2": [5.48993028815e-08, 4.03396036575e-08, 2.63940496126e-08, 2.17448942408e-07, 2.24133642202e-10, 1.92497129348e-11, 7.05106155754e-12, 1.812659506e-12, 1.11405606962e-10, 6.00002478257e-11, 1.47826563079e-06, 5.23732524016e-07, 5.18912725289e-11, 3.41382217633e-12, 6.80605420113e-13, 2.64285799191e-13, 3.43419303411e-13, 7.83171325101e-13, 1.74736307102e-14, 9.85657851182e-15, 5.7582447484e-15, 6.22317342515e-14, 4.95847581609e-15, 2.00091289701e-15, 1.22150705349e-12, 9.83648058839e-13, 4.12458405561e-16, 1.04929933286e-15, 8.26202924774e-16, 3.59298162511e-14, 5.04968720376e-14, 1.2127071291e-16, 1.2355205057e-16, 3.6278291429e-16, 4.58576193018e-17, 7.58046445143e-17, 1.6067120484e-16, 4.18061740266e-16, 1.27305822659e-15, 5.81891823788e-18],
        "max": [0.0008686404326, 0.000716825365089, 0.000783110095654, 0.00168170628604, 4.25680082117e-05, 2.14071642404e-05, 1.57173290063e-05, 1.71124720509e-05, 8.87871938176e-05, 0.000254456303082, 0.0164242368191, 0.0101598585024, 8.05040763225e-05, 2.07809844142e-05, 9.10458038561e-06, 5.41189911019e-06, 7.20357184036e-06, 9.37623190111e-06, 1.37633878694e-06, 1.10640303319e-06, 7.78586013439e-07, 2.74696412816e-06, 8.33767444419e-07, 4.89629769618e-07, 8.97104291653e-06, 7.97225402493e-06, 1.75608533937e-07, 2.4445094482e-07, 3.0850623034e-07, 2.89151853394e-06, 3.42252042174e-06, 1.07869709609e-07, 1.17272371369e-07, 2.64311324827e-07, 1.27805691363e-07, 1.38351211376e-07, 1.75463497953e-07, 4.40328534523e-07, 5.62525258374e-07, 1.21252146101e-08],
        "mean": [0.000163874297868, 0.000141869342769, 8.15658422653e-05, 0.000251166056842, 1.79332873813e-05, 1.01872219602e-05, 6.31070315649e-06, 1.42907924783e-06, 3.05689809466e-06, 6.22859442956e-06, 0.00230564782396, 0.00126594223548, 1.73499108769e-06, 6.78503226936e-07, 4.65715004339e-07, 3.26697062292e-07, 4.62400407741e-07, 7.18073351891e-07, 9.68523750089e-08, 6.43916564513e-08, 4.0820797409e-08, 2.00705414954e-07, 4.46167511825e-08, 2.20839044829e-08, 6.18665012553e-07, 5.00051669405e-07, 2.09827692998e-08, 2.98684845745e-08, 2.05898409433e-08, 1.1871190253e-07, 1.24862978623e-07, 1.1636028141e-08, 1.14574767451e-08, 1.72334306825e-08, 1.19247562935e-08, 1.08047828462e-08, 1.15032996462e-08, 1.96848866096e-08, 2.08502832777e-08, 5.00825469985e-09],
        "median": [0.000107088118966, 0.000109234606498, 5.62631175853e-05, 0.000214718616917, 1.66661920957e-05, 9.98937230179e-06, 6.09865492152e-06, 1.0499062455e-06, 1.46044931171e-06, 1.3912938357e-06, 0.000900543935131, 0.000362353341188, 8.6654944198e-07, 4.4134185373e-07, 3.18507346719e-07, 2.36891608552e-07, 1.75136847247e-07, 1.43783708495e-07, 7.57205000923e-08, 5.13122380141e-08, 2.98135809373e-08, 4.01930257965e-08, 2.42076634294e-08, 1.67603602108e-08, 2.52351401997e-08, 2.48888696319e-08, 1.82692740935e-08, 1.94000087106e-08, 1.53032928552e-08, 1.53159831484e-08, 1.26515145027e-08, 8.9398195513e-09, 8.89596218911e-09, 7.86433229649e-09, 7.19045623043e-09, 6.26208196408e-09, 6.32788976773e-09, 6.13643136305e-09, 5.83640114016e-09, 4.64396254785e-09],
        "min": [6.29991609458e-06, 7.01848330209e-06, 3.27002726408e-06, 6.47603314974e-07, 6.16362967776e-07, 7.97501343186e-07, 5.39580980785e-07, 1.88001564538e-07, 1.11602211916e-07, 2.14929400499e-07, 3.3031045632e-07, 1.0238075987e-07, 2.74700013847e-08, 1.3730513615e-08, 1.99283114455e-08, 1.40565656892e-08, 8.81183037649e-09, 4.37202452019e-09, 5.78403103191e-09, 1.02884625264e-08, 5.406457948e-09, 4.25037383067e-09, 2.40855313471e-09, 1.00875829911e-09, 1.74203906855e-09, 3.37159300479e-09, 1.91767335345e-09, 1.73053760211e-09, 1.71126657289e-09, 1.26645816056e-09, 8.00365218545e-10, 1.12591291845e-09, 9.73821245864e-10, 7.36339433871e-10, 8.09797229273e-10, 5.48044665205e-10, 5.21809817577e-10, 5.3737936323e-10, 5.29917776326e-10, 3.17692816498e-10],
        "var": [2.71783981987e-08, 1.40998626108e-08, 1.05595434619e-08, 5.59162636193e-08, 7.69443606052e-11, 1.26169448153e-11, 5.1346362058e-12, 2.73784250479e-12, 7.92694659912e-11, 7.37009009377e-10, 9.0876228569e-06, 3.0881717521e-06, 5.28636683039e-11, 3.47487663643e-12, 7.23044725221e-13, 2.61530380685e-13, 7.18206201976e-13, 2.18626288948e-12, 1.54809924781e-14, 9.71569236874e-15, 4.92891224864e-15, 2.25758092233e-13, 8.80168113821e-15, 1.91700793084e-15, 2.20570805544e-12, 1.5677407289e-12, 2.85651538247e-16, 1.43210973238e-15, 8.05691069044e-16, 2.00995199217e-13, 2.60044806868e-13, 1.6308527521e-16, 1.86458196477e-16, 1.63287994017e-15, 4.50645986016e-16, 4.26088383292e-16, 5.99614093966e-16, 4.00022109011e-15, 5.60994071428e-15, 3.62822840644e-18]
    },
    "mfcc": {
        "mean": [-838.507446289, 170.295227051, 40.491607666, 7.51820802689, -10.2172231674, 5.62738323212, 23.1664562225, 22.4826622009, 13.7780914307, 1.46982097626, -18.1963634491, -28.0478191376, -19.1758022308],
        "cov": [[1075.70202637, -129.913757324, -178.562179565, -64.472869873, -240.675491333, -121.000457764, 78.3832473755, 153.218795776, 75.1667175293, 24.1099796295, -50.4940681458, -205.759353638, -361.915802002], [-129.913757324, 145.924407959, 16.5340099335, -14.2820215225, 21.6508426666, 1.30799686909, 2.46234583855, -2.18358659744, 14.0007486343, 9.82112789154, -24.2907180786, -53.7659339905, 29.6322307587], [-178.562179565, 16.5340099335, 143.454345703, 3.36486124992, 55.419593811, 57.4656105042, -19.2065620422, -12.4021873474, 8.06182479858, -18.7345142365, 9.55305767059, 109.287254333, 105.807929993], [-64.472869873, -14.2820215225, 3.36486124992, 73.4227142334, 35.7050857544, 13.240986824, 12.4801120758, -18.0546188354, -25.1214885712, 3.08685255051, 24.3221511841, 14.6902980804, 17.1922035217], [-240.675491333, 21.6508426666, 55.419593811, 35.7050857544, 108.747795105, 63.1973953247, -17.2577590942, -45.6811637878, -30.1134529114, -9.71616077423, 29.9582023621, 89.7799911499, 107.520179749], [-121.000457764, 1.30799686909, 57.4656105042, 13.240986824, 63.1973953247, 72.1300735474, -2.34653139114, -27.6189250946, -14.9748296738, -12.1385164261, 23.7490444183, 90.5288543701, 80.6006774902], [78.3832473755, 2.46234583855, -19.2065620422, 12.4801120758, -17.2577590942, -2.34653139114, 39.0288047791, 18.4457454681, 2.86214566231, 3.80614757538, -1.87291896343, -19.803730011, -24.8421764374], [153.218795776, -2.18358659744, -12.4021873474, -18.0546188354, -45.6811637878, -27.6189250946, 18.4457454681, 51.51197052, 30.5125865936, 0.829164147377, -21.2238998413, -43.611656189, -56.2366523743], [75.1667175293, 14.0007486343, 8.06182479858, -25.1214885712, -30.1134529114, -14.9748296738, 2.86214566231, 30.5125865936, 41.5845603943, 4.95060443878, -19.9550151825, -23.5508651733, -22.002904892], [24.1099796295, 9.82112789154, -18.7345142365, 3.08685255051, -9.71616077423, -12.1385164261, 3.80614757538, 0.829164147377, 4.95060443878, 24.9000034332, 4.06513547897, -29.1006736755, -23.6239852905], [-50.4940681458, -24.2907180786, 9.55305767059, 24.3221511841, 29.9582023621, 23.7490444183, -1.87291896343, -21.2238998413, -19.9550151825, 4.06513547897, 46.1828842163, 50.0881538391, 27.543466568], [-205.759353638, -53.7659339905, 109.287254333, 14.6902980804, 89.7799911499, 90.5288543701, -19.803730011, -43.611656189, -23.5508651733, -29.1006736755, 50.0881538391, 205.471740723, 151.121582031], [-361.915802002, 29.6322307587, 105.807929993, 17.1922035217, 107.520179749, 80.6006774902, -24.8421764374, -56.2366523743, -22.002904892, -23.6239852905, 27.543466568, 151.121582031, 202.990478516]],
