{
"lowlevel": {
    "average_loudness": 0.971279919147,
    "barkbands_crest": {
        "dmean": 1.23907148838,
        "dmean2": 1.99025797844,
        "dvar": 5.7650437355,
        "dvar2": 13.3613834381,
        "max": 25.4750976562,
        "mean": 15.0532255173,
        "median": 11.7236175537,
        "min": 5.17932271957,
        "var": 39.010925293
    },
    "barkbands_flatness_db": {
        "dmean": 0.0202061422169,
        "dmean2": 0.027137780562,
        "dvar": 0.00110345473513,
        "dvar2": 0.00160695309751,
        "max": 0.444208413363,
        "mean": 0.314337611198,
        "median": 0.317223608494,
        "min": 0.156211301684,
        "var": 0.00422835769132
    },
    "barkbands_kurtosis": {
        "dmean": 3.61299467087,
        "dmean2": 6.11083030701,
        "dvar": 30.425037384,
        "dvar2": 79.8145904541,
        "max": 56.3982582092,
        "mean": 14.8651943207,
        "median": 9.95895195007,
        "min": -0.702705383301,
        "var": 190.694946289
    },
    "barkbands_skewness": {
        "dmean": 0.412169218063,
        "dmean2": 0.671298205853,
        "dvar": 0.326485157013,
        "dvar2": 0.686540961266,
        "max": 6.52420759201,
        "mean": 2.04357886314,
        "median": 1.33582544327,
        "min": -0.874251484871,
        "var": 4.22728919983
    },
    "barkbands_spread": {
        "dmean": 0.651060342789,
        "dmean2": 0.989396154881,
        "dvar": 2.55827856064,
        "dvar2": 5.53814125061,
        "max": 11.9560241699,
        "mean": 2.60446333885,
        "median": 1.81136608124,
        "min": 0.725546240807,
        "var": 5.04511976242
    },
    "dissonance": {
        "dmean": 0.0233654212207,
        "dmean2": 0.0378158502281,
        "dvar": 0.00118707085494,
        "dvar2": 0.00221922481433,
        "max": 0.497345209122,
        "mean": 0.393731743097,
        "median": 0.399470537901,
        "min": 0.12924914062,
        "var": 0.00249476102181
    },
    "dynamic_complexity": 1.15856838226,
    "erbbands_crest": {
        "dmean": 1.16822338104,
        "dmean2": 1.70181596279,
        "dvar": 3.99496674538,
        "dvar2": 8.76763057709,
        "max": 23.480424881,
        "mean": 15.075630188,
        "median": 14.0106554031,
        "min": 6.06226444244,
        "var": 23.1034946442
    },
    "erbbands_flatness_db": {
        "dmean": 0.0155643122271,
        "dmean2": 0.0203522536904,
        "dvar": 0.000672823865898,
        "dvar2": 0.000786836666521,
        "max": 0.488286972046,
        "mean": 0.370527535677,
        "median": 0.37107437849,
        "min": 0.242220461369,
        "var": 0.00277279457077
    },
    "erbbands_kurtosis": {
        "dmean": 2.05371642113,
        "dmean2": 3.38206744194,
        "dvar": 9.88666915894,
        "dvar2": 18.399723053,
        "max": 22.3389911652,
        "mean": 9.09350585938,
        "median": 7.78406143188,
        "min": -0.625563383102,
        "var": 33.693271637
    },
    "erbbands_skewness": {
        "dmean": 0.326108813286,
        "dmean2": 0.500671982765,
        "dvar": 0.246691286564,
        "dvar2": 0.536626040936,
        "max": 3.84452152252,
        "mean": 1.981595397,
        "median": 2.00039052963,
        "min": -0.31528583169,
        "var": 1.02066087723
    },
    "erbbands_spread": {
        "dmean": 1.20042252541,
        "dmean2": 1.79088914394,
        "dvar": 6.00689506531,
        "dvar2": 11.9612541199,
        "max": 21.8302459717,
        "mean": 5.93081235886,
        "median": 4.12039041519,
        "min": 2.50111961365,
        "var": 18.0089893341
    },
    "hfc": {
        "dmean": 2.54938411713,
        "dmean2": 3.73412442207,
        "dvar": 31.9678611755,
        "dvar2": 69.2525024414,
        "max": 49.2793617249,
        "mean": 24.7189750671,
        "median": 25.3852558136,
        "min": 0.251314043999,
        "var": 99.4868621826
    },
    "melbands_crest": {
        "dmean": 1.0678422451,
        "dmean2": 1.81248307228,
        "dvar": 3.5228972435,
        "dvar2": 8.52801132202,
        "max": 23.0402030945,
        "mean": 16.026506424,
        "median": 14.6334505081,
        "min": 6.54317092896,
        "var": 18.4293289185
    },
    "melbands_flatness_db": {
        "dmean": 0.0218505002558,
        "dmean2": 0.0280846934766,
        "dvar": 0.0015959123848,
        "dvar2": 0.00258514308371,
        "max": 0.53848862648,
        "mean": 0.369333535433,
        "median": 0.37242564559,
        "min": 0.165220588446,
        "var": 0.00674452353269
    },
    "melbands_kurtosis": {
        "dmean": 3.56869602203,
        "dmean2": 6.00075387955,
        "dvar": 30.4313716888,
        "dvar2": 85.8154907227,
        "max": 62.7923660278,
        "mean": 15.3047876358,
        "median": 8.07363605499,
        "min": -0.514963150024,
        "var": 246.70930481
    },
    "melbands_skewness": {
        "dmean": 0.367940276861,
        "dmean2": 0.57675242424,
        "dvar": 0.233355417848,
        "dvar2": 0.483764350414,
        "max": 6.25042104721,
        "mean": 1.85349333286,
        "median": 1.3159327507,
        "min": -0.552326321602,
        "var": 3.81276059151
    },
    "melbands_spread": {
        "dmean": 1.17619550228,
        "dmean2": 1.79755735397,
        "dvar": 10.2375049591,
        "dvar2": 25.7610034943,
        "max": 24.140504837,
        "mean": 4.22873783112,
        "median": 3.26663637161,
        "min": 1.22484016418,
        "var": 13.4846792221
    },
    "pitch_salience": {
        "dmean": 0.0413959026337,
        "dmean2": 0.0711189582944,
        "dvar": 0.00451994827017,
        "dvar2": 0.00916781742126,
        "max": 0.842778027058,
        "mean": 0.523163318634,
        "median": 0.610856115818,
        "min": 0.180631324649,
        "var": 0.0340396650136
    },
    "silence_rate_20dB": {
        "dmean": 0,
        "dmean2": 0,
        "dvar": 0,
        "dvar2": 0,
        "max": 1,
        "mean": 1,
        "median": 1,
        "min": 1,
        "var": 0
    },
    "silence_rate_30dB": {
        "dmean": 0,
        "dmean2": 0,
        "dvar": 0,
        "dvar2": 0,
        "max": 1,
        "mean": 1,
        "median": 1,
        "min": 1,
        "var": 0
    },
    "silence_rate_60dB": {
        "dmean": 0,
        "dmean2": 0,
        "dvar": 0,
        "dvar2": 0,
        "max": 0,
        "mean": 0,
        "median": 0,
        "min": 0,
        "var": 0
    },
    "spectral_centroid": {
        "dmean": 60.7083587646,
        "dmean2": 94.0313568115,
        "dvar": 33522.1132812,
        "dvar2": 87972.15625,
        "max": 1804.60021973,
        "mean": 697.044128418,
        "median": 622.612304688,
        "min": 404.585235596,
        "var": 52820.2421875
    },
    "spectral_complexity": {
        "dmean": 1.94444441795,
        "dmean2": 2.98876404762,
        "dvar": 8.71913814545,
        "dvar2": 14.5504379272,
        "max": 31,
        "mean": 14.5164833069,
        "median": 13,
        "min": 1,
        "var": 37.5244636536
    },
    "spectral_decrease": {
        "dmean": 7.73990316283e-10,
        "dmean2": 1.07297348784e-09,
        "dvar": 1.43717937181e-18,
        "dvar2": 1.766687596e-18,
        "max": -9.70899749486e-11,
        "mean": -9.27801124817e-09,
        "median": -9.34309785094e-09,
        "min": -1.38272433503e-08,
        "var": 8.15279220618e-18
    },
    "spectral_energy": {
        "dmean": 0.00308898161165,
        "dmean2": 0.00434603216127,
        "dvar": 2.40138269874e-05,
        "dvar2": 3.03576161969e-05,
        "max": 0.0551751889288,
        "mean": 0.0372593812644,
        "median": 0.037259966135,
        "min": 0.000389234657632,
        "var": 0.000133173423819
    },
    "spectral_energyband_high": {
        "dmean": 1.60805175256e-05,
        "dmean2": 2.57945848716e-05,
        "dvar": 2.14080642102e-09,
        "dvar2": 4.912040108e-09,
        "max": 0.000366286432836,
        "mean": 2.92463992082e-05,
        "median": 7.67848905525e-06,
        "min": 3.76663074064e-08,
        "var": 3.41888117816e-09
    },
    "spectral_energyband_low": {
        "dmean": 2.7129519367e-05,
        "dmean2": 4.7764457122e-05,
        "dvar": 1.23356425075e-09,
        "dvar2": 3.5906726481e-09,
        "max": 0.00022338310373,
        "mean": 4.41105476057e-05,
        "median": 3.07881891786e-05,
        "min": 3.08059998133e-06,
        "var": 1.63783742124e-09
    },
    "spectral_energyband_middle_high": {
        "dmean": 0.00178718694951,
        "dmean2": 0.00252783275209,
        "dvar": 1.29909785755e-05,
        "dvar2": 3.02279622701e-05,
        "max": 0.0295486394316,
        "mean": 0.00681527098641,
        "median": 0.0035418451298,
        "min": 9.08939910005e-06,
        "var": 4.76261011499e-05
    },
    "spectral_energyband_middle_low": {
        "dmean": 0.0031163925305,
        "dmean2": 0.00453347945586,
        "dvar": 2.1525160264e-05,
        "dvar2": 2.83818098978e-05,
        "max": 0.0522923544049,
        "mean": 0.03043663688,
        "median": 0.0297356322408,
        "min": 0.000338161393302,
        "var": 0.000124444137327
    },
    "spectral_entropy": {
        "dmean": 0.161077111959,
        "dmean2": 0.22391295433,
        "dvar": 0.0807719677687,
        "dvar2": 0.131714046001,
        "max": 7.6229634285,
        "mean": 6.2854757309,
        "median": 6.28535509109,
        "min": 5.31589174271,
        "var": 0.320044755936
    },
    "spectral_flux": {
        "dmean": 0.0144764697179,
        "dmean2": 0.0219244807959,
        "dvar": 0.000662418140564,
        "dvar2": 0.00117735203821,
        "max": 0.184258013964,
        "mean": 0.0422068722546,
        "median": 0.0326988063753,
        "min": 0.00786731112748,
        "var": 0.00111920619383
    },
    "spectral_kurtosis": {
        "dmean": 18.7789802551,
        "dmean2": 29.5761833191,
        "dvar": 430.984039307,
        "dvar2": 1099.2980957,
        "max": 248.655853271,
        "mean": 39.6432952881,
        "median": 26.5509662628,
        "min": 3.73489809036,
        "var": 1723.05578613
    },
    "spectral_rms": {
        "dmean": 0.000317220634315,
        "dmean2": 0.000447761267424,
        "dvar": 4.95873109685e-07,
        "dvar2": 7.13960844223e-07,
        "max": 0.00733685586601,
        "mean": 0.00591433560476,
        "median": 0.00602919468656,
        "min": 0.000616231409367,
        "var": 1.37123129207e-06
    },
    "spectral_rolloff": {
        "dmean": 78.4765625,
        "dmean2": 129.925064087,
        "dvar": 61559.1015625,
        "dvar2": 149601.21875,
        "max": 2196.38671875,
        "mean": 735.205383301,
        "median": 667.529296875,
        "min": 473.73046875,
        "var": 74561.3125
    },
    "spectral_skewness": {
        "dmean": 1.18565511703,
        "dmean2": 1.96162497997,
        "dvar": 1.24519479275,
        "dvar2": 3.53287053108,
        "max": 13.1582870483,
        "mean": 4.01457548141,
        "median": 3.5763926506,
        "min": 1.28074383736,
        "var": 4.57407903671
    },
    "spectral_spread": {
        "dmean": 371570.625,
        "dmean2": 540635.6875,
        "dvar": 1.09764889805e+12,
        "dvar2": 758637592576,
        "max": 12479398,
        "mean": 1804328.125,
        "median": 1690511.75,
        "min": 513753.3125,
        "var": 1.5535416279e+12
    },
    "spectral_strongpeak": {
        "dmean": 0.377560466528,
        "dmean2": 0.563175559044,
        "dvar": 0.296750545502,
        "dvar2": 0.459643542767,
        "max": 4.70052242279,
        "mean": 3.08058643341,
        "median": 3.09465670586,
        "min": 0.047583065927,
        "var": 1.14198815823
    },
    "zerocrossingrate": {
        "dmean": 0.0020290799439,
        "dmean2": 0.00215611839667,
        "dvar": 1.00978795672e-05,
        "dvar2": 1.00982806543e-05,
        "max": 0.0556640625,
        "mean": 0.0288139600307,
        "median": 0.02880859375,
        "min": 0.005859375,
        "var": 5.32092526555e-05
    },
    "barkbands": {
        "dmean": [1.49497748225e-06, 1.23479549075e-05, 8.60737418407e-06, 4.92666695209e-05, 0.000287343893433, 0.000174156288267, 0.000611983297858, 0.00241171196103, 0.00100885599386, 0.000862218497787, 0.000551046687178, 0.000329357746523, 0.00015202636132, 0.000353176816134, 5.2717186918e-05, 0.000181830357178, 0.000172162661329, 3.71294809156e-05, 3.93036280002e-05, 1.9323280867e-05, 7.25912286725e-06, 2.53709049503e-06, 9.69808866103e-07, 3.48809862771e-07, 1.47451473254e-07, 4.26260804431e-08, 1.0356600022e-08],
        "dmean2": [2.47975981438e-06, 2.20725432882e-05, 1.5674118913e-05, 7.14074049029e-05, 0.000345837208442, 0.00023417713237, 0.000856391328853, 0.00390923116356, 0.00137195631396, 0.0010865884833, 0.000720292329788, 0.000551012693904, 0.000281396176433, 0.000659021141473, 9.28269291762e-05, 0.000304909452097, 0.000250182871241, 6.32076262264e-05, 6.59457873553e-05, 3.32312811224e-05, 1.1353437003e-05, 3.81698555429e-06, 1.54238148298e-06, 5.60363503155e-07, 2.46225852152e-07, 6.26874552268e-08, 1.71459149101e-08],
        "dvar": [5.30062365528e-12, 3.04084701863e-10, 1.41792272368e-10, 5.5183386749e-09, 2.18234205818e-07, 4.48658994401e-08, 1.05027902464e-06, 1.78034988494e-05, 2.43586123361e-06, 1.00240595202e-06, 7.03841806171e-07, 4.77459082049e-07, 2.78530734477e-07, 1.51104984525e-06, 1.26009078727e-08, 2.97788545822e-07, 1.27248569015e-07, 9.78063496859e-09, 1.13465032925e-08, 3.09003800325e-09, 3.66983554656e-10, 5.27233673386e-11, 8.00295333475e-12, 8.40028459119e-13, 2.01572577531e-13, 8.15082440967e-15, 4.05473348362e-16],
        "dvar2": [1.10942201606e-11, 8.73074279539e-10, 3.52790935354e-10, 1.08262980802e-08, 2.46029742357e-07, 6.66701822638e-08, 1.51088067923e-06, 2.86262657028e-05, 2.87269381261e-06, 1.36767823733e-06, 1.15220382213e-06, 1.11418091819e-06, 8.05761771971e-07, 4.43202407041e-06, 3.33646497097e-08, 7.93993535808e-07, 2.15621753341e-07, 2.12345199202e-08, 3.08612086997e-08, 8.79759110006e-09, 7.55733420288e-10, 1.07983476327e-10, 1.68849743215e-11, 1.86879765135e-12, 4.95930770408e-13, 1.33969915782e-14, 8.86172010406e-16],
        "max": [1.50302967086e-05, 0.000143746059621, 6.33469826425e-05, 0.000860113999806, 0.00421618996188, 0.00153093005065, 0.0116203343496, 0.0511290282011, 0.0203833896667, 0.0175697598606, 0.00973429530859, 0.00430747400969, 0.00391509477049, 0.00789528898895, 0.000755730026867, 0.00428173178807, 0.00387638970278, 0.000676537107211, 0.000773770443629, 0.000417517498136, 0.00015225475363, 5.889077147e-05, 2.61861878244e-05, 8.10671917861e-06, 4.02385148845e-06, 8.65088850333e-07, 1.43944433262e-07],
        "mean": [1.65716198808e-06, 1.92285024241e-05, 8.25130427984e-06, 0.000108187421574, 0.00119395100046, 0.000351685157511, 0.00185698224232, 0.0186971873045, 0.00816018600017, 0.0038668490015, 0.00112714641728, 0.000548433919903, 0.000165710982401, 0.000301834923448, 9.10767339519e-05, 0.000263924244791, 0.000314407312544, 6.92531029927e-05, 6.09333947068e-05, 3.3433061617e-05, 1.18987964015e-05, 4.668557267e-06, 1.53578594109e-06, 6.1410383978e-07, 2.8239659855e-07, 1.13472239605e-07, 2.2992415083e-08],
        "median": [7.56764507059e-07, 1.14950644274e-05, 4.39997256763e-06, 4.7184927098e-05, 0.000697023468092, 0.000249268341577, 0.000878067221493, 0.0118504958227, 0.0114577664062, 0.00253215664998, 0.000546437280718, 0.000371142057702, 8.12485013739e-05, 0.000110653971205, 6.11660070717e-05, 0.000104267812276, 6.81095843902e-05, 1.97789377125e-05, 1.42799563037e-05, 6.64341814627e-06, 2.25504754781e-06, 1.00288650628e-06, 3.42504819173e-07, 1.88912963495e-07, 1.18908879188e-07, 4.96167409381e-08, 6.57052723341e-09],
        "min": [5.57024959491e-09, 1.06995429405e-07, 1.01512604544e-07, 8.67389644554e-08, 2.92827608064e-05, 8.05588024377e-06, 9.91991873889e-06, 2.40818189923e-05, 3.12155716529e-05, 3.88526632378e-06, 9.8334089671e-07, 8.66016250711e-07, 5.65434561395e-07, 1.7841047395e-07, 3.34916393285e-07, 3.77551344855e-07, 4.23175379183e-07, 1.36052193511e-07, 7.43997503605e-08, 1.73306027307e-08, 1.29586199549e-08, 4.9569215399e-09, 6.43446851356e-10, 3.2027885899e-10, 3.95985300106e-10, 2.84654161353e-10, 2.26143370696e-09],
        "var": [5.78711991522e-12, 6.12520423271e-10, 1.21407772724e-10, 2.92531350254e-08, 1.60287379458e-06, 1.23762703197e-07, 8.09436915006e-06, 0.00025325070601, 4.61495546915e-05, 1.67877642525e-05, 2.7317698823e-06, 5.37720552529e-07, 1.72923307673e-07, 8.86384555088e-07, 1.35402009604e-08, 2.80607508785e-07, 4.39552678699e-07, 1.82075261534e-08, 1.43234410999e-08, 4.44648096121e-09, 6.01766747543e-10, 1.09230582912e-10, 1.1897071002e-11, 1.36956949687e-12, 2.80824896757e-13, 2.94828079322e-14, 1.33838246628e-15]
    },
    "erbbands": {
        "dmean": [0.000361642247299, 0.00301510258578, 0.00904737878591, 0.0641622021794, 0.279158234596, 0.944967150688, 1.66572296619, 2.1324057579, 6.11656856537, 26.3281707764, 36.4061164856, 21.3923606873, 17.7282085419, 20.4549255371, 20.0052185059, 10.6366872787, 6.63521099091, 10.968296051, 13.1192102432, 3.90243458748, 10.7906970978, 8.39932441711, 2.71352362633, 1.94607973099, 1.58022904396, 0.712968170643, 0.387334644794, 0.235162883997, 0.101536482573, 0.0604875832796, 0.0228558406234, 0.0101039437577, 0.00421710405499, 0.00209711305797, 0.000757966947276, 0.000245696777711, 7.355640264e-05, 1.65281871887e-05, 2.29918418881e-06, 3.56310010829e-06],
        "dmean2": [0.00065646530129, 0.00525740208104, 0.0167346782982, 0.101218402386, 0.40839651227, 1.14148366451, 2.12108492851, 2.90828537941, 8.4021987915, 43.5517311096, 51.9959526062, 28.5332603455, 23.4591903687, 24.0051727295, 28.3706512451, 17.5795154572, 11.7400245667, 20.3302688599, 24.464012146, 6.74809741974, 17.2646446228, 12.4690437317, 4.4229850769, 3.37282991409, 2.75504493713, 1.17941629887, 0.637061774731, 0.3599563241, 0.147484764457, 0.10230332613, 0.0341742485762, 0.016528327018, 0.00650463160127, 0.00334890140221, 0.00131038378458, 0.000370878376998, 0.000111939880298, 2.54225051322e-05, 3.47604805029e-06, 5.14864495926e-06],
        "dvar": [4.46879425908e-07, 1.26836475829e-05, 0.000121540608234, 0.00819478742778, 0.17811447382, 1.93554568291, 7.97298336029, 5.83830785751, 129.24041748, 1357.77575684, 4261.99560547, 978.017333984, 456.617980957, 628.503967285, 1408.33190918, 436.623077393, 386.853637695, 1198.99719238, 1883.59411621, 134.467803955, 939.102966309, 366.405548096, 46.1986694336, 26.3987388611, 17.7603874207, 3.92442703247, 1.08073174953, 0.462597608566, 0.0854290574789, 0.0346640869975, 0.00378154008649, 0.000826366478577, 8.68623537826e-05, 3.17100202665e-05, 4.7666781029e-06, 3.18970535318e-07, 2.22678568917e-08, 9.70314717463e-10, 1.87960844805e-11, 3.4676254923e-11],
        "dvar2": [1.36235121317e-06, 3.59869045496e-05, 0.000346309563611, 0.0202466845512, 0.353451639414, 2.63693165779, 8.89392662048, 11.7532920837, 174.490097046, 2548.74536133, 6181.57421875, 1149.3717041, 719.034790039, 673.257080078, 3447.35742188, 983.941345215, 1083.19750977, 3438.07666016, 5481.71386719, 376.08303833, 2419.70849609, 622.304321289, 102.902275085, 58.4010047913, 50.6581497192, 10.5382919312, 2.28430747986, 1.0904790163, 0.169735372066, 0.0859775468707, 0.00691205821931, 0.00200642039999, 0.000165933743119, 7.07928920747e-05, 1.16940354928e-05, 5.90535194078e-07, 3.80268510014e-08, 2.06040451367e-09, 4.71775986333e-11, 4.81031083022e-11],
        "max": [0.00483494251966, 0.02975987643, 0.057292021811, 1.00507080555, 4.97071743011, 12.3916988373, 23.0366840363, 18.7496795654, 129.640106201, 436.697174072, 797.372375488, 427.631164551, 352.521728516, 445.987091064, 289.669128418, 129.004455566, 150.959075928, 198.730834961, 280.438140869, 86.2157211304, 229.432113647, 181.407653809, 49.5313072205, 34.125164032, 32.2054328918, 15.3064985275, 8.06071567535, 4.72908067703, 2.283629179, 1.60113322735, 0.586955547333, 0.240197062492, 0.0893627256155, 0.0518781170249, 0.0198218636215, 0.00570564717054, 0.00135744817089, 0.00025692867348, 3.6288791307e-05, 6.30443464615e-05],
        "mean": [0.000439386087237, 0.00472971564159, 0.0124065103009, 0.142186790705, 0.69583261013, 3.66464424133, 7.07355928421, 4.33076715469, 22.9746112823, 169.733627319, 365.893890381, 176.800643921, 84.9496078491, 89.2807388306, 40.8049697876, 19.3784236908, 9.04289627075, 10.3516168594, 12.1371335983, 6.68330478668, 17.7108440399, 17.4547367096, 4.95926189423, 3.25528454781, 2.67200899124, 1.37676727772, 0.658060669899, 0.363562226295, 0.18826623261, 0.0895918682218, 0.039464328438, 0.016951488331, 0.0083096222952, 0.00383441778831, 0.00166870898101, 0.000633724615909, 0.000199140631594, 3.87520958611e-05, 2.14658230107e-05, 4.31479238614e-05],
        "median": [0.000118862437375, 0.00322041427717, 0.00993568915874, 0.0649524480104, 0.346100866795, 2.3764770031, 4.78837966919, 3.25715041161, 11.6689567566, 107.102737427, 310.05255127, 235.524429321, 62.6423377991, 49.5464782715, 22.8055553436, 14.0214471817, 5.73110389709, 4.55972290039, 5.8885102272, 4.65601396561, 5.58284425735, 4.22675895691, 1.23163068295, 0.748494327068, 0.503902316093, 0.294416248798, 0.185992062092, 0.0733154937625, 0.0430365912616, 0.0175444390625, 0.0105114076287, 0.00490627251565, 0.00282728602178, 0.00139498629142, 0.00071350520011, 0.0002642928157, 9.5777635579e-05, 2.08323217521e-05, 2.10837406485e-05, 4.31575244875e-05],
        "min": [3.51557469003e-06, 5.97712969466e-05, 0.000589568109717, 0.00114404212218, 0.00887885782868, 0.0890301540494, 0.0860297903419, 0.123997159302, 0.131888613105, 0.536522686481, 0.841655373573, 0.623556375504, 0.103426873684, 0.0856891423464, 0.046556904912, 0.0328299179673, 0.0242186989635, 0.0135425580665, 0.0146259563044, 0.0135354502127, 0.0245691165328, 0.0241125188768, 0.0155894728377, 0.00504751177505, 0.00246792240068, 0.000845506496262, 0.000521339534316, 0.000556649407372, 0.000231599842664, 6.33076560916e-05, 3.98674565076e-05, 3.1225677958e-05, 2.84008056042e-05, 2.77907656709e-05, 2.33601167565e-05, 1.03769343696e-05, 6.63934542899e-06, 2.78944230558e-06, 2.28710973715e-06, 2.06761887966e-06],
        "var": [6.6780285124e-07, 2.85502355837e-05, 0.000116601957416, 0.0434601269662, 0.984466075897, 14.5944423676, 53.7785301208, 16.420665741, 950.216674805, 15484.0957031, 50570.6367188, 17888.7167969, 8210.08398438, 9361.91015625, 3010.14355469, 572.965393066, 279.577148438, 757.938354492, 1128.61022949, 110.510322571, 1106.58398438, 1236.98181152, 94.8951416016, 42.5231704712, 25.9200210571, 6.96226358414, 1.68756997585, 0.641301810741, 0.183901950717, 0.0463350750506, 0.00697873067111, 0.00113818701357, 0.00020708165539, 5.02389411849e-05, 8.17167529021e-06, 9.94162405732e-07, 7.62201750604e-08, 2.76357869922e-09, 2.80863960561e-11, 1.69082900459e-10]
    },
    "gfcc": {
        "mean": [-109.535552979, 156.497802734, -170.867019653, -48.0310668945, -74.8338851929, -38.6776847839, -22.3985652924, 5.87564849854, -5.39484357834, -11.347445488, -13.790391922, -13.3480186462, -5.71302747726],
        "cov": [[3665.97949219, -1716.56213379, -1584.69042969, 755.529968262, -117.762893677, 858.136108398, 227.465759277, 529.840209961, 253.938217163, 159.798400879, -28.3534450531, 168.501785278, 28.9760475159], [-1716.56213379, 1520.78918457, 759.098632812, -711.936950684, 132.194747925, -532.643249512, -71.8795013428, -369.967590332, -228.288787842, -219.850219727, -14.605840683, -127.121200562, 61.7108192444], [-1584.69042969, 759.098632812, 1065.64855957, -115.037757874, 6.46318244934, -481.693908691, -186.167953491, -283.883270264, -252.893280029, -93.4973068237, -20.6034984589, -19.4704151154, -50.6206436157], [755.529968262, -711.936950684, -115.037757874, 587.772949219, -48.4580612183, 124.2003479, -39.3398323059, 119.068641663, 23.627538681, 117.676475525, 11.0392513275, 84.7351531982, -76.3099822998], [-117.762893677, 132.194747925, 6.46318244934, -48.4580612183, 98.7465133667, -14.0574846268, 34.3105049133, 1.43818354607, 29.6373176575, 36.7463417053, 37.0584640503, -16.5958633423, -21.2052822113], [858.136108398, -532.643249512, -481.693908691, 124.2003479, -14.0574846268, 364.80871582, 117.096214294, 197.888214111, 157.578094482, 83.2241134644, 20.715669632, 29.9610652924, -0.48781517148], [227.465759277, -71.8795013428, -186.167953491, -39.3398323059, 34.3105049133, 117.096214294, 95.7901077271, 93.1469802856, 80.2510299683, 34.0575141907, 25.5932159424, -3.24927425385, 7.13487625122], [529.840209961, -369.967590332, -283.883270264, 119.068641663, 1.43818354607, 197.888214111, 93.1469802856, 180.10105896, 132.183303833, 77.8025588989, 23.3328170776, 26.1521911621, 0.4142537117], [253.938217163, -228.288787842, -252.893280029, 23.627538681, 29.6373176575, 157.578094482, 80.2510299683, 132.183303833, 177.481658936, 91.4583206177, 50.0132484436, -9.71743488312, -2.9896261692], [159.798400879, -219.850219727, -93.4973068237, 117.676475525, 36.7463417053, 83.2241134644, 34.0575141907, 77.8025588989, 91.4583206177, 104.099937439, 50.1880645752, 10.241024971, -32.8464775085], [-28.3534450531, -14.605840683, -20.6034984589, 11.0392513275, 37.0584640503, 20.715669632, 25.5932159424, 23.3328170776, 50.0132484436, 50.1880645752, 48.8923110962, -4.31445264816, -21.1494579315], [168.501785278, -127.121200562, -19.4704151154, 84.7351531982, -16.5958633423, 29.9610652924, -3.24927425385, 26.1521911621, -9.71743488312, 10.241024971, -4.31445264816, 43.3193511963, 1.09359633923], [28.9760475159, 61.7108192444, -50.6206436157, -76.3099822998, -21.2052822113, -0.48781517148, 7.13487625122, 0.4142537117, -2.9896261692, -32.8464775085, -21.1494579315, 1.09359633923, 52.9843482971]],
        "icov": [[0.00492962216958, -0.010621368885, 0.0103367883712, -0.00732949422672, 0.0113723911345, -0.00684555573389, 0.0082060303539, -0.0131314722821, 0.00858625769615, -0.0117060430348, 0.00843969546258, -0.00842566136271, 0.00925059057772], [-0.010621368885, 0.0449512451887, -0.0312617085874, 0.0224748402834, -0.0498497188091, 0.0223002061248, -0.0332526788116, 0.0449111312628, -0.0215550418943, 0.0552790090442, -0.0368061922491, 0.0305721405894, -0.0419327840209], [0.0103367883712, -0.0312617085874, 0.028494136408, -0.0166182946414, 0.0353332795203, -0.0139910308644, 0.0254996325821, -0.0356389507651, 0.0215125437826, -0.0387673862278, 0.0249398667365, -0.0243379268795, 0.0325415544212], [-0.00732949422672, 0.0224748402834, -0.0166182946414, 0.0203005503863, -0.0226910542697, 0.0131801618263, -0.00694071594626, 0.0153046380728, -0.00757753429934, 0.018914218992, -0.0173163022846, 0.0121429841965, -0.0128172431141], [0.0113723911345, -0.0498497188091, 0.0353332795203, -0.0226910542697, 0.0783074647188, -0.0191282723099, 0.020607130602, -0.0414629019797, 0.0236904863268, -0.0734144300222, 0.0411137938499, -0.0350610017776, 0.0545901693404], [-0.00684555573389, 0.0223002061248, -0.0139910308644, 0.0131801618263, -0.0191282723099, 0.0247460119426, -0.024788049981, 0.0228912197053, -0.0159555263817, 0.0228898786008, -0.0118203870952, 0.0100242849439, -0.0125177046284], [0.0082060303539, -0.0332526788116, 0.0254996325821, -0.00694071594626, 0.020607130602, -0.024788049981, 0.0916846692562, -0.0776417851448, 0.0335754603148, -0.0307675916702, -0.000748215185013, -0.011640666984, 0.0276497360319], [-0.0131314722821, 0.0449111312628, -0.0356389507651, 0.0153046380728, -0.0414629019797, 0.0228912197053, -0.0776417851448, 0.10296394676, -0.0521616786718, 0.0470006018877, -0.0114672733471, 0.014334436506, -0.0425459854305], [0.00858625769615, -0.0215550418943, 0.0215125437826, -0.00757753429934, 0.0236904863268, -0.0159555263817, 0.0335754603148, -0.0521616786718, 0.0527399145067, -0.0404493696988, -0.00128386716824, 0.00290654390119, 0.0125975692645], [-0.0117060430348, 0.0552790090442, -0.0387673862278, 0.018914218992, -0.0734144300222, 0.0228898786008, -0.0307675916702, 0.0470006018877, -0.0404493696988, 0.123277500272, -0.074870467186, 0.034268245101, -0.0496260002255], [0.00843969546258, -0.0368061922491, 0.0249398667365, -0.0173163022846, 0.0411137938499, -0.0118203870952, -0.000748215185013, -0.0114672733471, -0.00128386716824, -0.074870467186, 0.104814358056, -0.0383690036833, 0.0498197413981], [-0.00842566136271, 0.0305721405894, -0.0243379268795, 0.0121429841965, -0.0350610017776, 0.0100242849439, -0.011640666984, 0.014334436506, 0.00290654390119, 0.034268245101, -0.0383690036833, 0.0708447024226, -0.0446171462536], [0.00925059057772, -0.0419327840209, 0.0325415544212, -0.0128172431141, 0.0545901693404, -0.0125177046284, 0.0276497360319, -0.0425459854305, 0.0125975692645, -0.0496260002255, 0.0498197413981, -0.0446171462536, 0.084379054606]]
    },
    "melbands": {
        "dmean": [3.11934218189e-06, 4.20508422394e-06, 2.00071008294e-05, 3.12464799208e-05, 6.49253706797e-05, 4.11034125136e-05, 0.000113945432531, 0.000415857619373, 0.000270137039479, 0.000118975796795, 0.000102228637843, 9.41373946262e-05, 6.5563719545e-05, 4.26554834121e-05, 2.02135688596e-05, 1.42513281389e-05, 2.36670675804e-05, 2.90901807602e-05, 3.39939765581e-06, 7.44624821891e-06, 1.49967709149e-05, 1.11901254058e-05, 5.12997621627e-06, 1.33096762056e-06, 1.73964212991e-06, 1.48176570747e-06, 1.00910131096e-06, 4.02120434728e-07, 2.74268330713e-07, 2.09935691942e-07, 1.114553001e-07, 6.6778589769e-08, 4.27497823807e-08, 3.0595856515e-08, 1.54827759502e-08, 7.37534122663e-09, 5.92518256681e-09, 3.22475091075e-09, 2.27039254064e-09, 1.68469938e-09],
        "dmean2": [5.75293188376e-06, 7.75025000621e-06, 2.99696039292e-05, 4.12641602452e-05, 8.01831338322e-05, 5.60828375455e-05, 0.000157166548888, 0.000682263169438, 0.000389825378079, 0.000161096439115, 0.000133045483381, 0.000108043539512, 9.06524364837e-05, 6.63642931613e-05, 3.31215560436e-05, 2.59480875684e-05, 4.40105686721e-05, 5.43714122614e-05, 6.12046869719e-06, 1.28560068333e-05, 2.49041331699e-05, 1.52223747136e-05, 8.38297728478e-06, 2.37426911553e-06, 3.00417354993e-06, 2.64239361059e-06, 1.76843457211e-06, 6.59126556002e-07, 4.65829032237e-07, 3.45152471937e-07, 1.74056992819e-07, 9.66929221136e-08, 7.21002280102e-08, 5.22569436612e-08, 2.10800088496e-08, 1.26262884592e-08, 9.43855393842e-09, 4.80773287848e-09, 3.77127395979e-09, 2.6849078516e-09],
        "dvar": [2.81580089107e-11, 2.27392445151e-11, 9.39356925578e-10, 2.25404428456e-09, 1.19053247261e-08, 2.25904250861e-09, 4.10854852362e-08, 4.1951784624e-07, 2.23899078833e-07, 2.93703674714e-08, 1.52582249058e-08, 1.33049162798e-08, 1.1926919008e-08, 9.13310138628e-09, 1.57619461927e-09, 2.41700814918e-09, 5.94127591569e-09, 9.69997859812e-09, 3.80931848565e-11, 5.88592008466e-10, 1.74163039546e-09, 5.46994782802e-10, 1.39222494644e-10, 1.17466826197e-11, 2.00598548189e-11, 1.70478561823e-11, 7.08081076412e-12, 9.70660509435e-13, 5.29066211414e-13, 3.1550865978e-13, 1.00410653371e-13, 3.66305327271e-14, 1.28029699134e-14, 9.91791724973e-15, 1.56471475198e-15, 3.21135336595e-16, 2.92524257702e-16, 4.49997535972e-17, 2.9352795204e-17, 2.08232561432e-17],
        "dvar2": [8.05536054527e-11, 6.13414041783e-11, 1.81876314009e-09, 4.1957450847e-09, 1.24823165137e-08, 4.14627576717e-09, 5.37022906144e-08, 7.32562455141e-07, 3.026357831e-07, 3.59958178819e-08, 2.43427180635e-08, 1.46750087637e-08, 2.48962628291e-08, 2.29076828617e-08, 4.10558209651e-09, 6.98009516853e-09, 1.7188810375e-08, 2.83559451475e-08, 1.03883755764e-10, 1.58028212738e-09, 4.54472637301e-09, 9.63481960881e-10, 3.58789831179e-10, 2.33892610141e-11, 4.54569958064e-11, 4.81127394869e-11, 2.08648445743e-11, 2.43848127454e-12, 1.20489089626e-12, 6.61071620622e-13, 2.43008575502e-13, 7.1191506466e-14, 3.181669541e-14, 2.49710513633e-14, 2.70435067806e-15, 7.5580935172e-16, 7.23413253163e-16, 8.0971730781e-17, 6.57744178426e-17, 4.78410627531e-17],
        "max": [4.32093183917e-05, 2.59542866843e-05, 0.000361807295121, 0.000449106155429, 0.000928454275709, 0.000349284411641, 0.00229299557395, 0.00772964395583, 0.00527224782854, 0.00227278540842, 0.0020189054776, 0.00212810072117, 0.00106901244726, 0.000669374654535, 0.000303616659949, 0.000368320208509, 0.000461980467662, 0.000637798919342, 4.21766235377e-05, 0.000187895042473, 0.000287257716991, 0.000255513237789, 8.85078407009e-05, 2.61049244727e-05, 2.93737284665e-05, 3.10253999487e-05, 1.95103621081e-05, 7.29967132429e-06, 5.27741303813e-06, 4.39378754891e-06, 2.14837245949e-06, 1.41872430959e-06, 9.07740115963e-07, 8.39153358356e-07, 3.80106939701e-07, 1.33904450195e-07, 1.47038107912e-07, 6.382891371e-08, 5.04311579164e-08, 4.06446503121e-08],
        "mean": [4.81488768855e-06, 5.92669812249e-06, 4.64590157208e-05, 0.000111786590423, 0.000278532475932, 7.39046663512e-05, 0.000363957515219, 0.00289157684892, 0.00293763354421, 0.000905638153199, 0.000450999039458, 0.000433982000686, 0.000135557027534, 7.37829032005e-05, 3.32801682816e-05, 1.53519031301e-05, 2.09719310078e-05, 2.50528973993e-05, 6.38433857603e-06, 1.14068770927e-05, 2.35110364883e-05, 2.08799829124e-05, 7.60686680223e-06, 2.41658358391e-06, 2.67981999968e-06, 2.27543478104e-06, 1.65735934843e-06, 7.13368876859e-07, 4.23619724188e-07, 3.21660280633e-07, 1.67535745277e-07, 1.17066257133e-07, 6.70922730706e-08, 4.08275830921e-08, 2.48176501572e-08, 1.31384840785e-08, 9.08770569907e-09, 6.18555073828e-09, 4.09603595486e-09, 2.88737145304e-09],
        "median": [2.23849565373e-06, 4.30120189776e-06, 1.86439010577e-05, 7.07969884388e-05, 0.000185716591659, 4.83508047182e-05, 0.000169968276168, 0.00180546904448, 0.00305995205417, 0.00123533327132, 0.000302964006551, 0.000252166675637, 7.70000333432e-05, 4.4665295718e-05, 2.2008560336e-05, 6.93738547852e-06, 8.37694369693e-06, 1.05515227915e-05, 4.61921945316e-06, 6.1085188463e-06, 5.84373174206e-06, 4.70337590741e-06, 1.82514986591e-06, 7.14972884452e-07, 6.41914482458e-07, 5.08338246163e-07, 3.07831271584e-07, 1.5342013171e-07, 1.38286566198e-07, 6.2296422243e-08, 3.67262451562e-08, 2.31809114126e-08, 1.48098839858e-08, 7.0361481086e-09, 6.05602945569e-09, 3.45882167352e-09, 2.26321916763e-09, 2.15773598988e-09, 1.35961186754e-09, 1.1258319832e-09],
        "min": [2.03547436683e-08, 5.01677348552e-08, 3.10166512918e-07, 4.51977120974e-06, 2.43818112722e-06, 9.83988456937e-07, 1.91018398255e-06, 8.23885147838e-06, 5.93641379965e-06, 3.27268753608e-06, 4.45697054374e-07, 4.09591365269e-07, 1.3261649201e-07, 1.11297865146e-07, 7.64446710377e-08, 4.65787124426e-08, 1.62125033398e-08, 2.14576214574e-08, 1.85842043976e-08, 1.619797807e-08, 3.27056071114e-08, 2.65898716378e-08, 1.71150826844e-08, 4.44254721899e-09, 3.72058495124e-09, 2.80519474316e-09, 7.49231454655e-10, 4.70121608309e-10, 3.18096854413e-10, 2.98138708166e-10, 2.8878371916e-10, 1.33031585747e-10, 4.42360766073e-11, 1.20293263198e-11, 1.06886452814e-11, 6.94615198693e-12, 4.15008001922e-12, 3.07329682536e-12, 3.64576251133e-12, 3.79036775924e-12],
        "var": [5.43731656921e-11, 2.80161015914e-11, 5.13064613017e-09, 1.4104572621e-08, 8.52031831755e-08, 5.95181770535e-09, 3.17131053862e-07, 5.3185390243e-06, 1.99575856641e-06, 5.61405556709e-07, 2.57086298916e-07, 2.19353765374e-07, 3.46246480376e-08, 1.10691660282e-08, 1.7453840595e-09, 1.52659451746e-09, 3.63163477068e-09, 5.72577629754e-09, 5.37577170279e-11, 4.99475516502e-10, 2.04322181396e-09, 1.85131754371e-09, 2.41709874338e-10, 2.33354672391e-11, 3.02743455305e-11, 2.04295625555e-11, 1.07558788265e-11, 1.84232447006e-12, 7.06188634046e-13, 4.75264901219e-13, 1.38562325134e-13, 7.423902259e-14, 2.36294494307e-14, 1.08213168515e-14, 2.9436874606e-15, 5.88646181969e-16, 3.62058965818e-16, 1.17655510117e-16, 5.27089114701e-17, 3.03368125694e-17]
    },
    "mfcc": {
        "mean": [-740.450195312, 200.250961304, -51.2067642212, -17.1023139954, -40.5350494385, -39.8257141113, -21.567905426, -1.92139959335, 3.30157899857, 0.750590741634, -2.03794884682, 2.68719959259, -1.63526010513],
        "cov": [[4351.43701172, -1620.0949707, -1709.21984863, 171.811248779, -246.90171814, 489.035552979, 162.353652954, 507.388641357, 451.120178223, 360.684356689, 99.7324981689, 110.311218262, 290.837982178], [-1620.0949707, 1363.4197998, 688.886962891, -396.562164307, 30.5980205536, -265.165130615, -42.6296272278, -172.813949585, -196.608230591, -183.702133179, -77.4746170044, -169.230224609, -258.400817871], [-1709.21984863, 688.886962891, 993.73248291, 68.394821167, 109.448005676, -235.120742798, -64.8609695435, -215.464538574, -281.444213867, -267.252075195, -107.240264893, -89.9644012451, -193.559707642], [171.811248779, -396.562164307, 68.394821167, 392.502441406, 52.5841026306, 10.776184082, -7.55316925049, -43.7375946045, -40.9436645508, -39.1178321838, -9.27976036072, 53.6819648743, 46.8638191223], [-246.90171814, 30.5980205536, 109.448005676, 52.5841026306, 77.2617492676, -5.67904853821, 0.861964523792, -39.2208213806, -40.3391265869, -13.0649375916, 22.3128089905, 41.2544021606, 15.1293878555], [489.035552979, -265.165130615, -235.120742798, 10.776184082, -5.67904853821, 131.526382446, 38.7033424377, 70.1621398926, 74.777671814, 77.6568756104, 52.2177047729, 60.1222763062, 74.0230331421], [162.353652954, -42.6296272278, -64.8609695435, -7.55316925049, 0.861964523792, 38.7033424377, 53.9348831177, 41.1065559387, 15.472155571, 26.0227775574, 29.8027229309, 33.2209701538, 17.726316452], [507.388641357, -172.813949585, -215.464538574, -43.7375946045, -39.2208213806, 70.1621398926, 41.1065559387, 123.207435608, 94.9117965698, 81.7311096191, 27.5893363953, 22.5987510681, 57.9576568604], [451.120178223, -196.608230591, -281.444213867, -40.9436645508, -40.3391265869, 74.777671814, 15.472155571, 94.9117965698, 134.682525635, 116.068634033, 34.3951683044, 34.1063652039, 83.9179763794], [360.684356689, -183.702133179, -267.252075195, -39.1178321838, -13.0649375916, 77.6568756104, 26.0227775574, 81.7311096191, 116.068634033, 144.210586548, 59.4849700928, 54.6756134033, 94.703338623], [99.7324981689, -77.4746170044, -107.240264893, -9.27976036072, 22.3128089905, 52.2177047729, 29.8027229309, 27.5893363953, 34.3951683044, 59.4849700928, 64.9047393799, 63.0652618408, 57.7361984253], [110.311218262, -169.230224609, -89.9644012451, 53.6819648743, 41.2544021606, 60.1222763062, 33.2209701538, 22.5987510681, 34.1063652039, 54.6756134033, 63.0652618408, 110.66129303, 83.6590423584], [290.837982178, -258.400817871, -193.559707642, 46.8638191223, 15.1293878555, 74.0230331421, 17.726316452, 57.9576568604, 83.9179763794, 94.703338623, 57.7361984253, 83.6590423584, 121.764640808]],
