{
"lowlevel": {
    "average_loudness": 0.177222341299,
    "barkbands_crest": {
        "dmean": 2.50889110565,
        "dmean2": 4.41586971283,
        "dvar": 5.51409912109,
        "dvar2": 15.3901700974,
        "max": 22.8694972992,
        "mean": 9.72889232635,
        "median": 9.16631889343,
        "min": 4.48394489288,
        "var": 7.97156476974
    },
    "barkbands_flatness_db": {
        "dmean": 0.0200858768076,
        "dmean2": 0.0336051806808,
        "dvar": 0.000515242107213,
        "dvar2": 0.000979471369646,
        "max": 0.406669974327,
        "mean": 0.154345944524,
        "median": 0.139295876026,
        "min": 0.0764543041587,
        "var": 0.00298527535051
    },
    "barkbands_kurtosis": {
        "dmean": 3.64813137054,
        "dmean2": 5.97568702698,
        "dvar": 30.7708339691,
        "dvar2": 84.0768432617,
        "max": 59.1960449219,
        "mean": 9.82814693451,
        "median": 8.67196083069,
        "min": 0.886175870895,
        "var": 37.3831138611
    },
    "barkbands_skewness": {
        "dmean": 0.415362149477,
        "dmean2": 0.671907067299,
        "dvar": 0.241676971316,
        "dvar2": 0.69812977314,
        "max": 6.35768842697,
        "mean": 2.50272727013,
        "median": 2.51180624962,
        "min": -0.12545825541,
        "var": 0.405424118042
    },
    "barkbands_spread": {
        "dmean": 2.2408657074,
        "dmean2": 3.68042635918,
        "dvar": 3.85900163651,
        "dvar2": 10.1903076172,
        "max": 20.3867549896,
        "mean": 10.1189661026,
        "median": 10.3090848923,
        "min": 0.847601056099,
        "var": 16.2286605835
    },
    "dissonance": {
        "dmean": 0.022296756506,
        "dmean2": 0.0383272096515,
        "dvar": 0.000913229188882,
        "dvar2": 0.00267393444665,
        "max": 0.500000119209,
        "mean": 0.456826686859,
        "median": 0.463934063911,
        "min": 0.175633296371,
        "var": 0.0014946180163
    },
    "dynamic_complexity": 5.01258134842,
    "erbbands_crest": {
        "dmean": 2.20024847984,
        "dmean2": 3.78982591629,
        "dvar": 4.00050830841,
        "dvar2": 11.4763069153,
        "max": 21.3206138611,
        "mean": 10.4589309692,
        "median": 10.2399940491,
        "min": 3.766923666,
        "var": 7.14353275299
    },
    "erbbands_flatness_db": {
        "dmean": 0.0180878899992,
        "dmean2": 0.0307237822562,
        "dvar": 0.000467479170766,
        "dvar2": 0.000962620426435,
        "max": 0.412055909634,
        "mean": 0.18349429965,
        "median": 0.171483874321,
        "min": 0.121953584254,
        "var": 0.00249378406443
    },
    "erbbands_kurtosis": {
        "dmean": 1.7773771286,
        "dmean2": 2.84193491936,
        "dvar": 5.03262329102,
        "dvar2": 11.8581190109,
        "max": 19.1834163666,
        "mean": 2.26728153229,
        "median": 1.33709406853,
        "min": -0.959365844727,
        "var": 10.8790178299
    },
    "erbbands_skewness": {
        "dmean": 0.345290899277,
        "dmean2": 0.565675497055,
        "dvar": 0.0935742780566,
        "dvar2": 0.227671653032,
        "max": 3.61586213112,
        "mean": 1.54412865639,
        "median": 1.51810348034,
        "min": -0.284532427788,
        "var": 0.284597486258
    },
    "erbbands_spread": {
        "dmean": 5.74579524994,
        "dmean2": 9.51044082642,
        "dvar": 21.7206497192,
        "dvar2": 56.786857605,
        "max": 46.6782073975,
        "mean": 29.6236553192,
        "median": 31.2372932434,
        "min": 2.64086222649,
        "var": 103.114028931
    },
    "hfc": {
        "dmean": 4.05300521851,
        "dmean2": 7.4740228653,
        "dvar": 304.176055908,
        "dvar2": 926.180175781,
        "max": 267.589050293,
        "mean": 10.6704902649,
        "median": 2.45577168465,
        "min": 1.46334564686,
        "var": 1285.65698242
    },
    "melbands_crest": {
        "dmean": 2.4954419136,
        "dmean2": 4.23309898376,
        "dvar": 5.06026983261,
        "dvar2": 13.7417230606,
        "max": 23.5638237,
        "mean": 10.4197292328,
        "median": 9.87565422058,
        "min": 5.60377788544,
        "var": 10.2372083664
    },
    "melbands_flatness_db": {
        "dmean": 0.0203405916691,
        "dmean2": 0.0334168300033,
        "dvar": 0.000568793329876,
        "dvar2": 0.0011238361476,
        "max": 0.506199479103,
        "mean": 0.236654788256,
        "median": 0.221010491252,
        "min": 0.143469572067,
        "var": 0.00335349421948
    },
    "melbands_kurtosis": {
        "dmean": 4.31160926819,
        "dmean2": 7.02592945099,
        "dvar": 39.4555168152,
        "dvar2": 116.950927734,
        "max": 77.9672164917,
        "mean": 15.9403839111,
        "median": 15.8684167862,
        "min": -0.146650075912,
        "var": 45.9765739441
    },
    "melbands_skewness": {
        "dmean": 0.491858512163,
        "dmean2": 0.814737856388,
        "dvar": 0.236551180482,
        "dvar2": 0.692459404469,
        "max": 5.70793390274,
        "mean": 2.65946292877,
        "median": 2.70153617859,
        "min": -0.261945992708,
        "var": 0.540851712227
    },
    "melbands_spread": {
        "dmean": 2.00695633888,
        "dmean2": 3.27365732193,
        "dvar": 3.48168754578,
        "dvar2": 8.87250804901,
        "max": 21.404958725,
        "mean": 9.84778213501,
        "median": 9.83689308167,
        "min": 2.10448431969,
        "var": 12.0836029053
    },
    "pitch_salience": {
        "dmean": 0.0675740391016,
        "dmean2": 0.116493791342,
        "dvar": 0.00418031262234,
        "dvar2": 0.0109507637098,
        "max": 0.840103983879,
        "mean": 0.717913210392,
        "median": 0.739810585976,
        "min": 0.390929222107,
        "var": 0.0073443367146
    },
    "silence_rate_20dB": {
        "dmean": 0.00647249212489,
        "dmean2": 0.00974025949836,
        "dvar": 0.00643059937283,
        "dvar2": 0.00964538753033,
        "max": 1,
        "mean": 0.967741906643,
        "median": 1,
        "min": 0,
        "var": 0.031217476353
    },
    "silence_rate_30dB": {
        "dmean": 0.00323624606244,
        "dmean2": 0.00649350648746,
        "dvar": 0.00322577357292,
        "dvar2": 0.00645134178922,
        "max": 1,
        "mean": 0.958064496517,
        "median": 1,
        "min": 0,
        "var": 0.0401768945158
    },
    "silence_rate_60dB": {
        "dmean": 0.181229770184,
        "dmean2": 0.363636374474,
        "dvar": 0.148385688663,
        "dvar2": 0.374262750149,
        "max": 1,
        "mean": 0.335483878851,
        "median": 0,
        "min": 0,
        "var": 0.222934126854
    },
    "spectral_centroid": {
        "dmean": 125.204277039,
        "dmean2": 204.895614624,
        "dvar": 12581.1826172,
        "dvar2": 32316.7890625,
        "max": 1434.63171387,
        "mean": 917.942626953,
        "median": 956.23236084,
        "min": 387.405639648,
        "var": 53244
    },
    "spectral_complexity": {
        "dmean": 1.38834953308,
        "dmean2": 2.41233778,
        "dvar": 1.88154828548,
        "dvar2": 5.49556255341,
        "max": 21,
        "mean": 8.15806484222,
        "median": 8,
        "min": 4,
        "var": 3.3459854126
    },
    "spectral_decrease": {
        "dmean": 2.38173747391e-09,
        "dmean2": 4.3045802478e-09,
        "dvar": 1.05896158327e-16,
        "dvar2": 3.19195948783e-16,
        "max": -4.79692008337e-10,
        "mean": -5.85074122483e-09,
        "median": -9.55292955851e-10,
        "min": -1.72231366946e-07,
        "var": 4.71384634817e-16
    },
    "spectral_energy": {
        "dmean": 0.00935217738152,
        "dmean2": 0.0169183220714,
        "dvar": 0.0016305197496,
        "dvar2": 0.00491774221882,
        "max": 0.673847019672,
        "mean": 0.0230498183519,
        "median": 0.00382330361754,
        "min": 0.00194319873117,
        "var": 0.00725571624935
    },
    "spectral_energyband_high": {
        "dmean": 1.42142898767e-05,
        "dmean2": 2.29218148888e-05,
        "dvar": 1.52636192574e-09,
        "dvar2": 2.85126855459e-09,
        "max": 0.000520426838193,
        "mean": 6.1753555201e-05,
        "median": 5.73119650653e-05,
        "min": 2.93716038868e-05,
        "var": 1.48923418042e-09
    },
    "spectral_energyband_low": {
        "dmean": 0.000147808168549,
        "dmean2": 0.000216098022065,
        "dvar": 4.48658283858e-08,
        "dvar2": 6.49038156553e-08,
        "max": 0.00518019264564,
        "mean": 0.000310094823362,
        "median": 0.000189762329683,
        "min": 1.26089335026e-05,
        "var": 2.67614581162e-07
    },
    "spectral_energyband_middle_high": {
        "dmean": 0.000268685922492,
        "dmean2": 0.00041879210039,
        "dvar": 1.54427584675e-06,
        "dvar2": 3.08283506456e-06,
        "max": 0.0176605228335,
        "mean": 0.000695825146977,
        "median": 0.000272303092061,
        "min": 0.000148586215801,
        "var": 4.06117942475e-06
    },
    "spectral_energyband_middle_low": {
        "dmean": 0.00933170877397,
        "dmean2": 0.0168852098286,
        "dvar": 0.00161591067445,
        "dvar2": 0.00488401204348,
        "max": 0.665149927139,
        "mean": 0.0221117306501,
        "median": 0.00340989138931,
        "min": 0.00146229565144,
        "var": 0.00700394622982
    },
    "spectral_entropy": {
        "dmean": 0.137966558337,
        "dmean2": 0.223280072212,
        "dvar": 0.0353243760765,
        "dvar2": 0.0655218809843,
        "max": 7.85098218918,
        "mean": 7.29727602005,
        "median": 7.43344640732,
        "min": 5.28473711014,
        "var": 0.20092381537
    },
    "spectral_flux": {
        "dmean": 0.0171476490796,
        "dmean2": 0.0289801936597,
        "dvar": 0.00164417421911,
        "dvar2": 0.00466583902016,
        "max": 0.489851295948,
        "mean": 0.0466247238219,
        "median": 0.0274018794298,
        "min": 0.0139134014025,
        "var": 0.0036848122254
    },
    "spectral_kurtosis": {
        "dmean": 1.8729698658,
        "dmean2": 2.94720077515,
        "dvar": 22.9106616974,
        "dvar2": 43.1735649109,
        "max": 79.4801025391,
        "mean": 8.10914230347,
        "median": 5.86668252945,
        "min": 2.49318218231,
        "var": 100.779403687
    },
    "spectral_rms": {
        "dmean": 0.000559211475775,
        "dmean2": 0.000966630293988,
        "dvar": 1.47691537222e-06,
        "dvar2": 3.84502982342e-06,
        "max": 0.0256400406361,
        "mean": 0.0030021937564,
        "median": 0.00193133438006,
        "min": 0.00137688184623,
        "var": 1.3474462321e-05
    },
    "spectral_rolloff": {
        "dmean": 65.5752258301,
        "dmean2": 117.244125366,
        "dvar": 10275.0263672,
        "dvar2": 28847.5332031,
        "max": 1421.19140625,
        "mean": 608.347473145,
        "median": 581.396484375,
        "min": 344.53125,
        "var": 10189.5390625
    },
    "spectral_skewness": {
        "dmean": 0.20626591146,
        "dmean2": 0.326542705297,
        "dvar": 0.101086042821,
        "dvar2": 0.19672665,
        "max": 6.9528298378,
        "mean": 1.77178168297,
        "median": 1.54340612888,
        "min": 1.06131625175,
        "var": 0.742605745792
    },
    "spectral_spread": {
        "dmean": 245492.921875,
        "dmean2": 378383.46875,
        "dvar": 820515766272,
        "dvar2": 868496310272,
        "max": 17493646,
        "mean": 3802205,
        "median": 3858085.5,
        "min": 1003276.0625,
        "var": 904536260608
    },
    "spectral_strongpeak": {
        "dmean": 0.394966483116,
        "dmean2": 0.673592448235,
        "dvar": 0.2972689569,
        "dvar2": 0.671776950359,
        "max": 8.9275188446,
        "mean": 0.888612031937,
        "median": 0.645790338516,
        "min": 0.0481076166034,
        "var": 1.54718923569
    },
    "zerocrossingrate": {
        "dmean": 0.00594786601141,
        "dmean2": 0.00799322780222,
        "dvar": 2.24806772167e-05,
        "dvar2": 3.98467163905e-05,
        "max": 0.07861328125,
        "mean": 0.0495920479298,
        "median": 0.05078125,
        "min": 0.01123046875,
        "var": 0.000175437759026
    },
    "barkbands": {
        "dmean": [4.47816682936e-06, 7.04065460013e-05, 5.39960019523e-05, 9.69372704276e-05, 0.00100957497489, 0.00537308491766, 0.00213482719846, 0.0021373401396, 0.00185157579836, 0.000176169007318, 0.000197972753085, 1.79925827979e-05, 1.10627888716e-05, 7.08818151907e-06, 4.9038085308e-06, 6.58950511934e-06, 1.24142770801e-05, 1.56477144628e-05, 1.5632400391e-05, 1.09358770715e-05, 7.58199257689e-06, 3.62627133654e-06, 6.78964283907e-07, 4.56219311218e-07, 4.28721847356e-07, 5.56211375624e-07, 9.58173700383e-07],
        "dmean2": [6.88067621013e-06, 0.000120535783935, 8.67328344611e-05, 0.000135344627779, 0.00147485302296, 0.00920237693936, 0.00265069352463, 0.00358311878517, 0.00343188177794, 0.000278969586361, 0.00027287346893, 2.69898100669e-05, 1.76301036845e-05, 1.1685422578e-05, 7.88280067354e-06, 1.05050348793e-05, 2.1061854568e-05, 2.62986413873e-05, 2.64606915152e-05, 1.83227493835e-05, 1.28719184431e-05, 5.93015101913e-06, 1.03068737189e-06, 6.0182139805e-07, 5.80951393658e-07, 7.7706039292e-07, 1.51866436227e-06],
        "dvar": [1.98986896405e-10, 5.77802294899e-09, 4.34981384245e-09, 4.87387197268e-08, 9.20544516703e-06, 0.000750576087739, 0.000114066860988, 6.08869231655e-05, 9.74641225184e-05, 1.27819441786e-06, 1.01197088043e-06, 8.5403302208e-09, 1.52797219322e-09, 1.03311836863e-09, 5.48644574216e-10, 2.20000448414e-10, 1.94791890951e-10, 2.1588549004e-10, 3.80212805684e-10, 1.93539212434e-10, 1.87619100811e-10, 1.04089396824e-10, 1.4607906898e-11, 1.05792302002e-11, 9.32639469126e-12, 8.52023920167e-12, 1.06889575316e-11],
        "dvar2": [2.39395253621e-10, 1.41556988353e-08, 8.49878833975e-09, 6.27407175102e-08, 2.02345436264e-05, 0.00227711466141, 0.000133900466608, 0.000174305023393, 0.000255226652371, 3.33636899086e-06, 2.20952847485e-06, 9.79734515738e-09, 2.03938510523e-09, 1.97732319407e-09, 1.05051778387e-09, 3.10633324618e-10, 4.24745322247e-10, 5.48951106794e-10, 9.02517560686e-10, 4.47894943356e-10, 4.67518135316e-10, 2.56860394066e-10, 1.9542875998e-11, 1.09902408355e-11, 9.49510522291e-12, 8.50387208567e-12, 1.12448756903e-11],
        "max": [0.000243828457315, 0.000731732230633, 0.00125944509637, 0.00500945234671, 0.0626741945744, 0.465867102146, 0.217614889145, 0.101001732051, 0.126876756549, 0.0160529557616, 0.016865812242, 0.00161809439305, 0.0006446671905, 0.000419609656092, 0.000302120111883, 0.000217882567085, 0.000171479783603, 0.000144155885209, 0.000276669627056, 0.000192958832486, 0.00020459422376, 0.000142786113429, 6.17088880972e-05, 5.74752120883e-05, 5.45785878785e-05, 5.33582497155e-05, 6.18665799266e-05],
        "mean": [6.17353680354e-06, 0.00013513887825, 7.7537028119e-05, 0.000164559984114, 0.0025082428474, 0.00858810916543, 0.0052803508006, 0.00286167114973, 0.00262967916206, 0.000200659094844, 0.000325120490743, 2.52837435255e-05, 1.65093115356e-05, 9.89700765786e-06, 6.91622381055e-06, 1.34158381115e-05, 3.2808216929e-05, 3.9477217797e-05, 4.54479522887e-05, 3.26950321323e-05, 2.5043676942e-05, 9.4908173196e-06, 1.54468546043e-06, 1.10714620405e-06, 1.2795640032e-06, 1.89056243016e-06, 6.41329233986e-06],
        "median": [3.30306352225e-06, 8.64689718583e-05, 4.50571023975e-05, 4.82273826492e-05, 0.000493559346069, 0.000536930165254, 0.00072880811058, 0.00115872733295, 0.000155680128955, 5.88922994211e-05, 3.23245840264e-05, 1.21968550957e-05, 1.10820037662e-05, 5.9193753259e-06, 4.312360943e-06, 1.05369399535e-05, 2.98695431411e-05, 3.65429441445e-05, 4.28230196121e-05, 3.00173905998e-05, 2.33210557781e-05, 8.46339025884e-06, 9.92112632048e-07, 6.99901875123e-07, 8.87300757313e-07, 1.42145245263e-06, 6.23435880698e-06],
        "min": [2.8409994357e-08, 1.50820358158e-06, 1.28871624838e-06, 3.86890951631e-06, 0.000111567082058, 0.000221821828745, 0.000103228165244, 0.000231679267017, 3.09171555273e-05, 9.69357097347e-06, 4.80809649162e-06, 2.7949458854e-06, 2.23172401093e-06, 1.05588287624e-06, 1.27405360217e-06, 3.18030060953e-06, 6.28576117379e-06, 1.157324823e-05, 1.74371289177e-05, 1.23791505757e-05, 1.10845694508e-05, 3.57978569809e-06, 4.73303629178e-07, 3.69420831703e-07, 5.1522783906e-07, 8.81217545157e-07, 3.90607056033e-06],
        "var": [2.22482754442e-10, 1.8050959838e-08, 1.7048170875e-08, 2.52364429798e-07, 6.35243850411e-05, 0.00164571846835, 0.000613117706962, 7.24691781215e-05, 0.000160535797477, 1.03033721643e-06, 2.27518603424e-06, 9.44933908897e-09, 1.51418588779e-09, 8.77630301765e-10, 4.63975052822e-10, 2.74828798608e-10, 2.4581775504e-10, 2.8967164778e-10, 4.50121800943e-10, 2.63627175645e-10, 1.74824779653e-10, 8.28168644773e-11, 1.43162530442e-11, 1.08390857054e-11, 9.60090514035e-12, 9.28746576173e-12, 1.05942433645e-11]
    },
    "erbbands": {
        "dmean": [0.00100055104122, 0.0194186065346, 0.0623798631132, 0.208622679114, 1.13145470619, 4.27380514145, 39.4811820984, 30.1839828491, 18.3356876373, 33.4561309814, 61.527633667, 38.4746894836, 7.7787361145, 5.4190363884, 4.35051012039, 0.705555915833, 0.564746081829, 0.331396609545, 0.300006002188, 0.295600891113, 0.345406234264, 0.717580199242, 0.77005392313, 0.854089021683, 0.73432636261, 0.483482629061, 0.3665535748, 0.27076420188, 0.135254636407, 0.0423833988607, 0.0172887146473, 0.0104652503505, 0.0076549355872, 0.00512092653662, 0.00320997904055, 0.00203758641146, 0.00112565723248, 0.000532136939, 0.000134249698021, 2.48030773946e-05],
        "dmean2": [0.00167309714016, 0.0334804691374, 0.105480104685, 0.272450000048, 1.93840146065, 5.89944314957, 60.2039680481, 53.8419799805, 26.5359134674, 45.2216262817, 102.203659058, 71.6683807373, 12.734919548, 8.98946762085, 5.60867357254, 1.03182601929, 0.889969885349, 0.527559041977, 0.480091691017, 0.476617395878, 0.557355761528, 1.22423362732, 1.312759161, 1.48456227779, 1.22357690334, 0.80172508955, 0.614654958248, 0.459607124329, 0.218851208687, 0.0686227530241, 0.0251734685153, 0.0143698900938, 0.0104500660673, 0.00699674012139, 0.00444536237046, 0.00286810519174, 0.00161655724514, 0.000794107443653, 0.000209501449717, 4.17153314629e-05],
        "dvar": [1.44128966895e-06, 0.000429917679867, 0.00448151305318, 0.277305811644, 9.575050354, 157.636459351, 36049.21875, 23401.6269531, 7092.68115234, 18232.1113281, 85105.9453125, 36858.984375, 2119.21826172, 1062.71398926, 459.706451416, 8.57147598267, 3.85920596123, 2.35112333298, 2.08060526848, 1.28597068787, 0.535095691681, 0.69305318594, 0.583352923393, 0.738489031792, 0.862240195274, 0.472775936127, 0.278245359659, 0.252699434757, 0.108370572329, 0.0522626228631, 0.0104745356366, 0.00565772736445, 0.00259996647947, 0.00114262616262, 0.000470633502118, 0.000131590000819, 3.01257987303e-05, 4.3853860916e-06, 1.94177559365e-07, 3.5704319501e-09],
        "dvar2": [3.15481020152e-06, 0.00108027260285, 0.0110489139333, 0.310826897621, 23.3845748901, 266.998840332, 105641.164062, 69474.65625, 10733.5878906, 21964.7265625, 231449.171875, 106715.257812, 5719.19189453, 2144.9753418, 885.479919434, 9.70626449585, 5.51819992065, 3.65482211113, 3.95233225822, 2.43409895897, 0.788340568542, 1.47466647625, 1.23556244373, 1.67868459225, 2.17259120941, 1.08790802956, 0.643068015575, 0.649970293045, 0.26003497839, 0.123002722859, 0.0124636422843, 0.00599112920463, 0.0026668291539, 0.00117470242549, 0.000475961714983, 0.000134945614263, 2.96063062706e-05, 5.03954197484e-06, 2.13849844499e-07, 7.57133555851e-09],
        "max": [0.0129926949739, 0.198760598898, 0.952224612236, 13.0731515884, 48.6570701599, 298.936157227, 3055.36474609, 2531.42895508, 1752.13696289, 2753.44189453, 3904.08325195, 2293.34692383, 625.887451172, 505.317993164, 519.545898438, 65.1517562866, 32.8145751953, 23.1338195801, 18.6877918243, 14.4699859619, 10.8747444153, 10.0353832245, 8.53976345062, 10.9009656906, 12.9021883011, 9.96158123016, 7.81464862823, 7.41670227051, 4.74452590942, 2.77263355255, 1.73384654522, 1.31919360161, 0.906938910484, 0.602323949337, 0.389697641134, 0.206739917397, 0.101488657296, 0.0363712310791, 0.00834021996707, 0.0011979425326],
        "mean": [0.00189197645523, 0.0368434898555, 0.0966479852796, 0.403730511665, 2.45026707649, 11.1436786652, 65.0893173218, 44.1609764099, 52.3838233948, 73.9978027344, 88.4614944458, 51.0701217651, 8.36577796936, 9.71541118622, 8.39982700348, 1.24824726582, 0.853028535843, 0.494425475597, 0.439738154411, 0.511029660702, 0.875172674656, 1.93371999264, 2.09047842026, 2.36861562729, 2.06065917015, 1.51708936691, 1.14608705044, 0.878089666367, 0.397530943155, 0.088549874723, 0.0417691469193, 0.0247019641101, 0.0189177822322, 0.0140068419278, 0.00954970344901, 0.00560933398083, 0.0038571387995, 0.00196219794452, 0.000744400720578, 0.00014409875439],
        "median": [0.00128693855368, 0.0243284106255, 0.0679226443172, 0.124402888119, 0.763321995735, 1.83827447891, 3.54458713531, 4.95915031433, 11.7581195831, 14.0847644806, 20.3999290466, 4.01988887787, 1.7222006321, 1.95206570625, 0.915108919144, 0.549405455589, 0.541527211666, 0.304516494274, 0.265353649855, 0.378771722317, 0.746598720551, 1.74530649185, 1.92462539673, 2.19201946259, 1.8871461153, 1.40172743797, 1.06254053116, 0.81440359354, 0.359839648008, 0.0598773285747, 0.0271813496947, 0.0157453529537, 0.0123801585287, 0.0093812039122, 0.0070063653402, 0.00368693564087, 0.00309293763712, 0.00167470693123, 0.000717490038369, 0.000123369129142],
        "min": [5.21622896485e-05, 0.000420286465669, 0.00338511401787, 0.0299778655171, 0.121127694845, 0.47483175993, 1.19848406315, 1.21474838257, 2.31817269325, 3.13105964661, 4.72758626938, 1.24911642075, 0.321961522102, 0.297521024942, 0.285296231508, 0.158417105675, 0.140240639448, 0.0672287940979, 0.0815269052982, 0.0973593741655, 0.275477766991, 0.501555979252, 0.787502110004, 0.917094111443, 0.882457435131, 0.559635281563, 0.389983862638, 0.38425680995, 0.164845958352, 0.0269763860852, 0.0137934498489, 0.00754382880405, 0.00675078295171, 0.00503187300637, 0.00395194673911, 0.00168566848151, 0.00163665658329, 0.00111413456034, 0.000363343919162, 8.28391348477e-05],
        "var": [3.45373268829e-06, 0.00131340080407, 0.012373296544, 1.72993850708, 49.7126998901, 1346.07629395, 96931.90625, 37861.59375, 42912.3515625, 98180.0546875, 124947.945312, 55676.9804688, 1751.1463623, 1831.22058105, 1696.4901123, 18.1340255737, 4.06509256363, 2.20325183868, 1.77141964436, 1.15242862701, 0.678594648838, 0.859335720539, 0.782119810581, 1.01743149757, 1.03587770462, 0.612152516842, 0.31843277812, 0.221586659551, 0.094710111618, 0.0388696193695, 0.0105151757598, 0.00575086241588, 0.00268076919019, 0.00118427339476, 0.000485988304717, 0.000143890851177, 3.33004318236e-05, 4.47782167612e-06, 1.98348800495e-07, 1.20552998695e-08]
    },
    "gfcc": {
        "mean": [-80.0851974487, 95.2730178833, -97.0853118896, 4.53954076767, -67.8291397095, -54.5012664795, -19.0596008301, 3.48567199707, -19.1462421417, 1.88497292995, -12.4870080948, 1.29562163353, -9.25827789307],
        "cov": [[594.32623291, 345.656311035, 90.5700302124, -171.781082153, -183.610671997, 0.356290459633, -30.7202758789, -17.084695816, -41.4173164368, -56.2021942139, 5.97340869904, 25.9648628235, 53.6710090637], [345.656311035, 393.95123291, 108.845275879, -153.494735718, -139.998306274, -56.0963592529, 28.7094593048, -17.0081138611, -36.136428833, -61.7524833679, 11.5272607803, 20.6257686615, 49.6017570496], [90.5700302124, 108.845275879, 80.9276809692, -4.43305206299, -26.2747135162, -12.1494312286, 0.522246301174, 4.48105382919, -3.03266453743, -11.0560407639, 1.99664330482, 5.22306156158, 12.8578748703], [-171.781082153, -153.494735718, -4.43305206299, 151.980178833, 118.989181519, 41.6433258057, -4.16205787659, 17.0809192657, 37.0721168518, 45.4138145447, -0.759436130524, -12.7255506516, -19.7348518372], [-183.610671997, -139.998306274, -26.2747135162, 118.989181519, 135.576599121, 52.7622184753, 12.9182195663, 11.3696432114, 34.22423172, 46.105884552, 4.42350578308, -10.0506906509, -21.0468425751], [0.356290459633, -56.0963592529, -12.1494312286, 41.6433258057, 52.7622184753, 64.6553573608, 8.15034198761, 10.3727817535, 14.9198684692, 21.5821437836, 5.01241016388, 0.0881835520267, -6.21038532257], [-30.7202758789, 28.7094593048, 0.522246301174, -4.16205787659, 12.9182195663, 8.15034198761, 44.9848442078, 16.7153625488, 6.66501617432, -0.278829872608, 6.4720287323, 4.84579944611, 3.32376551628], [-17.084695816, -17.0081138611, 4.48105382919, 17.0809192657, 11.3696432114, 10.3727817535, 16.7153625488, 34.448299408, 18.2907772064, 7.15231704712, 1.52522492409, 3.78996825218, 2.59085392952], [-41.4173164368, -36.136428833, -3.03266453743, 37.0721168518, 34.22423172, 14.9198684692, 6.66501617432, 18.2907772064, 33.114982605, 24.2134304047, 4.01206207275, 0.646197974682, -2.26907396317], [-56.2021942139, -61.7524833679, -11.0560407639, 45.4138145447, 46.105884552, 21.5821437836, -0.278829872608, 7.15231704712, 24.2134304047, 38.3758850098, 11.7748622894, 1.15553355217, -6.20407056808], [5.97340869904, 11.5272607803, 1.99664330482, -0.759436130524, 4.42350578308, 5.01241016388, 6.4720287323, 1.52522492409, 4.01206207275, 11.7748622894, 23.6111621857, 13.3941392899, 3.69245672226], [25.9648628235, 20.6257686615, 5.22306156158, -12.7255506516, -10.0506906509, 0.0881835520267, 4.84579944611, 3.78996825218, 0.646197974682, 1.15553355217, 13.3941392899, 22.9158744812, 12.304028511], [53.6710090637, 49.6017570496, 12.8578748703, -19.7348518372, -21.0468425751, -6.21038532257, 3.32376551628, 2.59085392952, -2.26907396317, -6.20407056808, 3.69245672226, 12.304028511, 26.3364067078]],
        "icov": [[0.0173945948482, -0.0200997386128, 0.00869155302644, -0.0044092386961, 0.0191424414515, -0.0289661288261, 0.0269999951124, -0.0119680520147, 0.00584326079115, -0.00888304971159, 0.00694778189063, -0.00568748405203, 0.00119080999866], [-0.0200997386128, 0.0394551791251, -0.0288624148816, 0.0171671491116, -0.0216558147222, 0.033427208662, -0.0421501807868, 0.0276198741049, -0.0183481089771, 0.0218371339142, -0.019453285262, 0.016813557595, -0.0147788971663], [0.00869155302644, -0.0288624148816, 0.0424772761762, -0.0242074877024, 0.017134802416, -0.014423687011, 0.0241690091789, -0.0214578285813, 0.014066927135, -0.0113894734532, 0.0110176457092, -0.0126172192395, 0.0100006219], [-0.0044092386961, 0.0171671491116, -0.0242074877024, 0.0426791496575, -0.0339001268148, 0.0109340911731, -0.000419324118411, 0.000572901510168, -0.0105618070811, 0.00484039727598, -0.00574342301115, 0.0118565829471, -0.0085674924776], [0.0191424414515, -0.0216558147222, 0.017134802416, -0.0339001268148, 0.0665533617139, -0.0435382090509, 0.00969498232007, 0.00321496161632, 0.00105325528421, -0.0201172623783, 0.00937839783728, -0.00599151197821, 0.00622363807634], [-0.0289661288261, 0.033427208662, -0.014423687011, 0.0109340911731, -0.0435382090509, 0.0726365670562, -0.0436632595956, 0.0128413969651, -0.00469748023897, 0.00869342684746, -0.0106794862077, 0.00695395842195, -0.00221758615226], [0.0269999951124, -0.0421501807868, 0.0241690091789, -0.000419324118411, 0.00969498232007, -0.0436632595956, 0.0884384587407, -0.0494164787233, 0.015295448713, -0.00750711048022, 0.00440390827134, -0.0111898798496, 0.00755931343883], [-0.0119680520147, 0.0276198741049, -0.0214578285813, 0.000572901510168, 0.00321496161632, 0.0128413969651, -0.0494164787233, 0.0799303650856, -0.0489794500172, 0.0250677745789, -0.0078918132931, 0.00344232236966, -0.0115696489811], [0.00584326079115, -0.0183481089771, 0.014066927135, -0.0105618070811, 0.00105325528421, -0.00469748023897, 0.015295448713, -0.0489794500172, 0.0991993770003, -0.0630738437176, 0.0261999685317, -0.012056636624, 0.00613644858822], [-0.00888304971159, 0.0218371339142, -0.0113894734532, 0.00484039727598, -0.0201172623783, 0.00869342684746, -0.00750711048022, 0.0250677745789, -0.0630738437176, 0.109224103391, -0.0586343742907, 0.0204047914594, -0.0103993238881], [0.00694778189063, -0.019453285262, 0.0110176457092, -0.00574342301115, 0.00937839783728, -0.0106794862077, 0.00440390827134, -0.0078918132931, 0.0261999685317, -0.0586343742907, 0.10558976233, -0.0621258430183, 0.0206586606801], [-0.00568748405203, 0.016813557595, -0.0126172192395, 0.0118565829471, -0.00599151197821, 0.00695395842195, -0.0111898798496, 0.00344232236966, -0.012056636624, 0.0204047914594, -0.0621258430183, 0.101834133267, -0.042203553021], [0.00119080999866, -0.0147788971663, 0.0100006219, -0.0085674924776, 0.00622363807634, -0.00221758615226, 0.00755931343883, -0.0115696489811, 0.00613644858822, -0.0103993238881, 0.0206586606801, -0.042203553021, 0.0716098621488]]
    },
    "melbands": {
        "dmean": [1.37503084261e-05, 3.00489864458e-05, 4.63481992483e-05, 0.000170160958078, 0.00107911694795, 0.000756181427278, 0.000337358622346, 0.000352244649548, 0.000573268451262, 0.000202835450182, 3.3133164834e-05, 2.03508898267e-05, 2.29614906857e-05, 2.0817483346e-06, 1.82410258276e-06, 9.59642534326e-07, 6.35042397334e-07, 5.63725109259e-07, 3.89649699173e-07, 4.79327638914e-07, 4.54808798622e-07, 8.05795309589e-07, 8.28786880902e-07, 8.01457247235e-07, 7.82895142493e-07, 6.64149126806e-07, 5.63194646475e-07, 3.4822275552e-07, 2.60597829538e-07, 2.35304327134e-07, 1.70570743308e-07, 1.01858262269e-07, 4.15867837944e-08, 1.93099296553e-08, 1.08982671776e-08, 8.72061445278e-09, 6.07356698268e-09, 5.84127457515e-09, 5.11852737972e-09, 4.6409436294e-09],
        "dmean2": [2.28215812967e-05, 5.20145367773e-05, 7.04620979377e-05, 0.000266010290943, 0.00165987049695, 0.00136271922383, 0.000448834674899, 0.000526454707142, 0.000964091974311, 0.000377293035854, 5.37072701263e-05, 3.41493687301e-05, 2.96478501696e-05, 2.97361498269e-06, 2.87405146082e-06, 1.49082586631e-06, 1.03161198695e-06, 9.16015778785e-07, 6.23206346972e-07, 7.67180097228e-07, 7.62267347909e-07, 1.37316897053e-06, 1.36997971367e-06, 1.36002677209e-06, 1.37244865073e-06, 1.10699579636e-06, 9.61886939876e-07, 5.80010407703e-07, 4.32462456956e-07, 4.09366691656e-07, 2.86188708287e-07, 1.6567962291e-07, 6.98692801393e-08, 3.11629548833e-08, 1.61527839992e-08, 1.28406627553e-08, 8.15944201094e-09, 8.30744184555e-09, 7.31214111482e-09, 6.56273746458e-09],
        "dvar": [2.46481834942e-10, 9.56266288377e-10, 1.01340855707e-08, 2.79003529613e-07, 2.59702410403e-05, 1.54362278408e-05, 2.89478361992e-06, 1.49432469243e-06, 8.33264493849e-06, 1.0201403029e-06, 4.3417287543e-08, 1.50728354242e-08, 1.38182381093e-08, 1.89313009713e-10, 4.16161376193e-11, 1.38018901863e-11, 7.754205264e-12, 6.44512481579e-12, 3.06854801985e-12, 1.481988577e-12, 6.238207108e-13, 8.16466740137e-13, 5.80673204832e-13, 5.6633403479e-13, 5.79621908196e-13, 5.80488185731e-13, 4.36909894114e-13, 1.77769840406e-13, 7.25353750588e-14, 2.65917225305e-13, 5.65043617364e-14, 3.63908020742e-14, 3.37820151356e-14, 1.00741092782e-14, 3.5370145584e-15, 2.75951263996e-15, 1.85097705392e-15, 1.37437617846e-15, 9.77451774813e-16, 7.41430755682e-16],
        "dvar2": [5.73338376775e-10, 2.52770160358e-09, 1.61541713339e-08, 4.88305602175e-07, 7.71792329033e-05, 4.6746168664e-05, 3.66133326679e-06, 2.14184433389e-06, 2.20666624955e-05, 2.94951587421e-06, 1.12929711804e-07, 3.02337852531e-08, 2.73052158661e-08, 1.80552836571e-10, 6.38151961829e-11, 1.91075488765e-11, 1.28206221681e-11, 1.28944962346e-11, 5.89929190567e-12, 2.51494419908e-12, 9.01016620255e-13, 1.8468631572e-12, 1.33990464123e-12, 1.34999173299e-12, 1.35235453478e-12, 1.42730228678e-12, 1.09027890882e-12, 4.17550380123e-13, 1.57247885503e-13, 7.33651529285e-13, 1.43552541815e-13, 8.40798310424e-14, 8.73833611807e-14, 2.17154311026e-14, 4.09503457009e-15, 3.02854004489e-15, 1.92016672846e-15, 1.41012869801e-15, 1.03653920503e-15, 7.60482485429e-16],
        "max": [0.000151182073751, 0.000310249306494, 0.00198849290609, 0.0108759663999, 0.082269705832, 0.0658286884427, 0.0359847694635, 0.024432670325, 0.0384004749358, 0.0117707587779, 0.0027448402252, 0.00187868403737, 0.00246541248634, 0.000262212997768, 0.000102305726614, 5.95120327489e-05, 4.04322927352e-05, 3.13811215165e-05, 2.22546932491e-05, 1.60808540386e-05, 1.20387003335e-05, 1.04274977275e-05, 8.7004427769e-06, 6.63303444526e-06, 9.38719495025e-06, 9.89040199784e-06, 8.51113236422e-06, 6.08543268754e-06, 3.21462107422e-06, 7.22597269487e-06, 3.48905336978e-06, 2.82553196485e-06, 2.35967604567e-06, 1.12156124032e-06, 1.01560260646e-06, 9.16365479497e-07, 7.57429688747e-07, 6.58212229609e-07, 5.51773155166e-07, 4.86644182729e-07],
        "mean": [2.87820457743e-05, 5.16269901709e-05, 8.54684549267e-05, 0.000450773717603, 0.00178671570029, 0.00115252262913, 0.000951637572143, 0.000755968154408, 0.000807801668998, 0.000264705071459, 3.22508458339e-05, 3.62578648492e-05, 3.99205127906e-05, 3.10070527121e-06, 2.63563833869e-06, 1.37563745284e-06, 8.79367348716e-07, 7.63336743148e-07, 5.52099209017e-07, 8.55056839555e-07, 1.03218314962e-06, 1.97335702978e-06, 1.90763012142e-06, 1.91805406757e-06, 1.92798279386e-06, 1.70226201135e-06, 1.27119255922e-06, 9.45694125676e-07, 7.26141763607e-07, 6.19354011633e-07, 4.89144781568e-07, 2.69399805575e-07, 8.22412431489e-08, 3.34271561542e-08, 2.42428654929e-08, 1.93248652636e-08, 1.31874946518e-08, 1.35812348034e-08, 1.15307896564e-08, 1.20552208216e-08],
        "median": [1.90942155314e-05, 3.81585523428e-05, 3.48495013895e-05, 9.16909557418e-05, 0.000115528142487, 0.000111884874059, 0.00017131450295, 0.000202355542569, 0.000143104407471, 1.93772939383e-05, 7.95504365669e-06, 8.19487740955e-06, 3.68430437447e-06, 1.51464200826e-06, 1.37644224196e-06, 8.6964860202e-07, 5.16063892064e-07, 4.50770301086e-07, 3.49524555077e-07, 6.46166654406e-07, 8.868223631e-07, 1.81369910024e-06, 1.74950673681e-06, 1.70921043718e-06, 1.80923416337e-06, 1.56308465193e-06, 1.13762871479e-06, 8.71085148901e-07, 6.57759528622e-07, 5.75894432586e-07, 4.57182750324e-07, 2.4580168656e-07, 6.39732178342e-08, 1.93704732254e-08, 1.57015787039e-08, 1.29005499616e-08, 8.06668865039e-09, 8.95628371467e-09, 7.35223570913e-09, 8.34676949779e-09],
        "min": [4.55545603018e-07, 1.86638669675e-06, 8.99752103578e-06, 2.04216339625e-05, 4.22585508204e-05, 3.35086224368e-05, 2.87981056317e-05, 3.51992894139e-05, 3.96364994231e-05, 4.57696251033e-06, 1.11604811082e-06, 1.18790501347e-06, 9.49160721575e-07, 2.58958692712e-07, 2.49679544595e-07, 1.52809178644e-07, 9.27619225877e-08, 1.13561661408e-07, 7.52392494974e-08, 1.56182196065e-07, 2.88562233663e-07, 3.59524392479e-07, 6.33682986972e-07, 6.14843145286e-07, 5.93882589328e-07, 6.07004778885e-07, 2.82536120721e-07, 3.05428073943e-07, 2.29492457038e-07, 2.28242754474e-07, 1.51237273371e-07, 1.02474032815e-07, 2.20167013509e-08, 7.85319898e-09, 5.10716358093e-09, 6.03193717197e-09, 3.66392427509e-09, 4.27043156392e-09, 3.19188786513e-09, 3.8038532324e-09],
        "var": [8.00115418365e-10, 2.23165819158e-09, 4.44414638423e-08, 2.10238658838e-06, 6.83715843479e-05, 2.71629396593e-05, 1.7137515897e-05, 7.8316361396e-06, 1.23461895782e-05, 1.52704103584e-06, 3.17560697738e-08, 2.48453027041e-08, 3.81097216007e-08, 2.25723426062e-10, 4.88413025301e-11, 1.34825085124e-11, 7.09021383272e-12, 5.32242739465e-12, 2.65553096006e-12, 1.58295631377e-12, 8.27835467277e-13, 1.01510922064e-12, 7.79525370035e-13, 8.01657731083e-13, 7.79793330602e-13, 7.24015953527e-13, 5.70867409334e-13, 2.44594573545e-13, 1.06904617808e-13, 1.92157135473e-13, 5.93365688615e-14, 3.6149082588e-14, 2.30669653436e-14, 8.02625805038e-15, 3.5918063669e-15, 2.78807649677e-15, 1.88953484071e-15, 1.41067821063e-15, 1.00707452868e-15, 7.73394126281e-16]
    },
    "mfcc": {
        "mean": [-738.273925781, 149.992218018, -0.866708278656, 49.0850219727, -34.5962753296, -33.1286430359, -11.8696985245, -10.8987998962, -0.808006942272, -10.7131671906, 2.99681925774, 5.08276176453, -2.0208697319],
        "cov": [[536.237121582, 276.370513916, 153.163497925, -133.984344482, -89.5805282593, -61.4421768188, -43.8668365479, 1.24948894978, -34.6694793701, -15.6283168793, -58.7399482727, -55.4781227112, -11.5280828476], [276.370513916, 397.322570801, 151.137893677, -73.7219696045, -138.888793945, -98.1064376831, -20.8104743958, 5.45793008804, -15.8224077225, -48.9710083008, -59.1569404602, -32.6150894165, -6.15981388092], [153.163497925, 151.137893677, 120.116149902, -19.2625999451, -44.9094161987, -47.3224601746, -18.1964626312, 5.21862030029, -9.89505767822, -14.8805131912, -26.9871501923, -16.4786224365, -7.99041604996], [-133.984344482, -73.7219696045, -19.2625999451, 87.6555404663, 56.4457626343, 30.5318279266, 13.1468200684, -0.0670066252351, 16.481086731, 16.7515621185, 23.6391849518, 18.908536911, 2.70948791504], [-89.5805282593, -138.888793945, -44.9094161987, 56.4457626343, 106.182785034, 71.9954986572, 16.4758033752, -2.02217245102, 12.0247240067, 34.3619766235, 34.7711791992, 18.3315887451, 0.889382183552], [-61.4421768188, -98.1064376831, -47.3224601746, 30.5318279266, 71.9954986572, 79.3573150635, 24.6000595093, -0.742102980614, 9.48778629303, 25.1639900208, 29.7024021149, 17.0351467133, 3.82741379738], [-43.8668365479, -20.8104743958, -18.1964626312, 13.1468200684, 16.4758033752, 24.6000595093, 34.7968254089, 13.55219841, 8.68571281433, 8.21617221832, 11.2215251923, 9.70987415314, 3.93436717987], [1.24948894978, 5.45793008804, 5.21862030029, -0.0670066252351, -2.02217245102, -0.742102980614, 13.55219841, 30.8287410736, 14.4074668884, 5.48486995697, 2.41079258919, 3.13368487358, 3.39751577377], [-34.6694793701, -15.8224077225, -9.89505767822, 16.481086731, 12.0247240067, 9.48778629303, 8.68571281433, 14.4074668884, 31.1230278015, 16.3116855621, 6.78538227081, 3.80339813232, 1.67732644081], [-15.6283168793, -48.9710083008, -14.8805131912, 16.7515621185, 34.3619766235, 25.1639900208, 8.21617221832, 5.48486995697, 16.3116855621, 36.8406829834, 18.5799274445, 4.8279132843, -2.00701117516], [-58.7399482727, -59.1569404602, -26.9871501923, 23.6391849518, 34.7711791992, 29.7024021149, 11.2215251923, 2.41079258919, 6.78538227081, 18.5799274445, 35.5189285278, 19.7875843048, 2.39945888519], [-55.4781227112, -32.6150894165, -16.4786224365, 18.908536911, 18.3315887451, 17.0351467133, 9.70987415314, 3.13368487358, 3.80339813232, 4.8279132843, 19.7875843048, 29.8208236694, 10.7794160843], [-11.5280828476, -6.15981388092, -7.99041604996, 2.70948791504, 0.889382183552, 3.82741379738, 3.93436717987, 3.39751577377, 1.67732644081, -2.00701117516, 2.39945888519, 10.7794160843, 21.0935058594]],
