{
"lowlevel": {
    "average_loudness": 0.93859064579,
    "barkbands_crest": {
        "dmean": 3.49918317795,
        "dmean2": 5.25168418884,
        "dvar": 12.057144165,
        "dvar2": 32.8538360596,
        "max": 25.2776756287,
        "mean": 18.8891162872,
        "median": 20.3257007599,
        "min": 5.01579856873,
        "var": 19.9525699615
    },
    "barkbands_flatness_db": {
        "dmean": 0.0287403371185,
        "dmean2": 0.0422499664128,
        "dvar": 0.000723360455595,
        "dvar2": 0.0017440202646,
        "max": 0.386717647314,
        "mean": 0.311005115509,
        "median": 0.319909065962,
        "min": 0.164968445897,
        "var": 0.00203837128356
    },
    "barkbands_kurtosis": {
        "dmean": 25.7916889191,
        "dmean2": 37.2401618958,
        "dvar": 716.670593262,
        "dvar2": 1587.71252441,
        "max": 258.002227783,
        "mean": 53.6941566467,
        "median": 44.7599029541,
        "min": 1.04735040665,
        "var": 1554.92419434
    },
    "barkbands_skewness": {
        "dmean": 1.46390020847,
        "dmean2": 2.12732958794,
        "dvar": 1.54316699505,
        "dvar2": 3.30415558815,
        "max": 12.6562576294,
        "mean": 4.65736532211,
        "median": 4.34769392014,
        "min": 1.02667236328,
        "var": 4.39125728607
    },
    "barkbands_spread": {
        "dmean": 1.18996477127,
        "dmean2": 1.94667243958,
        "dvar": 3.89917325974,
        "dvar2": 10.2807321548,
        "max": 11.1628875732,
        "mean": 1.9546931982,
        "median": 1.25297641754,
        "min": 0.498616367579,
        "var": 3.92920565605
    },
    "dissonance": {
        "dmean": 0.0412387438118,
        "dmean2": 0.0653804987669,
        "dvar": 0.00138607469853,
        "dvar2": 0.00306855794042,
        "max": 0.488501042128,
        "mean": 0.354487925768,
        "median": 0.362579315901,
        "min": 0.19542504847,
        "var": 0.00359103921801
    },
    "dynamic_complexity": 2.36848402023,
    "erbbands_crest": {
        "dmean": 3.96336936951,
        "dmean2": 5.76938056946,
        "dvar": 12.7881240845,
        "dvar2": 29.2000751495,
        "max": 28.0726242065,
        "mean": 19.4499263763,
        "median": 21.0157394409,
        "min": 5.36227703094,
        "var": 30.7242507935
    },
    "erbbands_flatness_db": {
        "dmean": 0.0208039451391,
        "dmean2": 0.030201671645,
        "dvar": 0.000382615660783,
        "dvar2": 0.000846993993036,
        "max": 0.396821111441,
        "mean": 0.325370311737,
        "median": 0.329463332891,
        "min": 0.180137470365,
        "var": 0.00137011997867
    },
    "erbbands_kurtosis": {
        "dmean": 10.7520360947,
        "dmean2": 15.5044240952,
        "dvar": 97.7032318115,
        "dvar2": 226.834259033,
        "max": 83.6635513306,
        "mean": 27.9993495941,
        "median": 28.6339073181,
        "min": -0.457823514938,
        "var": 280.08505249
    },
    "erbbands_skewness": {
        "dmean": 0.993497312069,
        "dmean2": 1.40240037441,
        "dvar": 0.71085101366,
        "dvar2": 1.65377128124,
        "max": 8.1133852005,
        "mean": 3.94361257553,
        "median": 4.09993934631,
        "min": 0.564856767654,
        "var": 2.35336208344
    },
    "erbbands_spread": {
        "dmean": 3.0179681778,
        "dmean2": 4.75675058365,
        "dvar": 19.7858581543,
        "dvar2": 47.6681938171,
        "max": 29.4519672394,
        "mean": 6.4063129425,
        "median": 4.18936061859,
        "min": 2.11045956612,
        "var": 29.2186908722
    },
    "hfc": {
        "dmean": 5.96005296707,
        "dmean2": 10.1151208878,
        "dvar": 103.776527405,
        "dvar2": 299.494659424,
        "max": 71.6245498657,
        "mean": 12.1062917709,
        "median": 10.2093238831,
        "min": 0.0218662340194,
        "var": 100.999473572
    },
    "melbands_crest": {
        "dmean": 3.81569337845,
        "dmean2": 5.7520198822,
        "dvar": 16.4364414215,
        "dvar2": 39.6960144043,
        "max": 30.4582710266,
        "mean": 23.1799068451,
        "median": 25.0045509338,
        "min": 6.20974493027,
        "var": 31.0472202301
    },
    "melbands_flatness_db": {
        "dmean": 0.0298982188106,
        "dmean2": 0.0435355305672,
        "dvar": 0.000832636083942,
        "dvar2": 0.00203136308119,
        "max": 0.471108734608,
        "mean": 0.395471066236,
        "median": 0.406243532896,
        "min": 0.26527968049,
        "var": 0.00228731730022
    },
    "melbands_kurtosis": {
        "dmean": 18.9959220886,
        "dmean2": 29.2353401184,
        "dvar": 406.453308105,
        "dvar2": 778.24005127,
        "max": 175.853988647,
        "mean": 41.477432251,
        "median": 33.1332817078,
        "min": 2.37598133087,
        "var": 974.680419922
    },
    "melbands_skewness": {
        "dmean": 0.993038594723,
        "dmean2": 1.54889321327,
        "dvar": 0.677590727806,
        "dvar2": 1.5009560585,
        "max": 7.52222633362,
        "mean": 3.00739264488,
        "median": 2.80110645294,
        "min": 0.617248475552,
        "var": 1.80349600315
    },
    "melbands_spread": {
        "dmean": 1.55360198021,
        "dmean2": 2.5402841568,
        "dvar": 7.20344591141,
        "dvar2": 19.6029987335,
        "max": 14.6457605362,
        "mean": 2.48178529739,
        "median": 1.61023652554,
        "min": 0.609536826611,
        "var": 6.76595163345
    },
    "pitch_salience": {
        "dmean": 0.10168197751,
        "dmean2": 0.152962043881,
        "dvar": 0.00943106785417,
        "dvar2": 0.0239398181438,
        "max": 0.88210439682,
        "mean": 0.486128360033,
        "median": 0.453032553196,
        "min": 0.25753185153,
        "var": 0.0180425867438
    },
    "silence_rate_20dB": {
        "dmean": 0,
        "dmean2": 0,
        "dvar": 0,
        "dvar2": 0,
        "max": 1,
        "mean": 1,
        "median": 1,
        "min": 1,
        "var": 0
    },
    "silence_rate_30dB": {
        "dmean": 0,
        "dmean2": 0,
        "dvar": 0,
        "dvar2": 0,
        "max": 1,
        "mean": 1,
        "median": 1,
        "min": 1,
        "var": 0
    },
    "silence_rate_60dB": {
        "dmean": 0.00555555569008,
        "dmean2": 0.00558659201488,
        "dvar": 0.0055246911943,
        "dvar2": 0.00555538246408,
        "max": 1,
        "mean": 0.00552486209199,
        "median": 0,
        "min": 0,
        "var": 0.00549433752894
    },
    "spectral_centroid": {
        "dmean": 75.4872970581,
        "dmean2": 125.152931213,
        "dvar": 17335.4023438,
        "dvar2": 46580.5351562,
        "max": 1015.46459961,
        "mean": 458.888946533,
        "median": 423.724884033,
        "min": 308.816131592,
        "var": 14040.8925781
    },
    "spectral_complexity": {
        "dmean": 2.95000004768,
        "dmean2": 5.03351974487,
        "dvar": 26.1363983154,
        "dvar2": 67.9541473389,
        "max": 33,
        "mean": 7.07182312012,
        "median": 6,
        "min": 0,
        "var": 24.9506702423
    },
    "spectral_decrease": {
        "dmean": 2.72732281204e-09,
        "dmean2": 4.47538184289e-09,
        "dvar": 1.242101687e-17,
        "dvar2": 3.52642149819e-17,
        "max": -1.37406466413e-11,
        "mean": -7.05956404445e-09,
        "median": -6.44387476711e-09,
        "min": -2.64505466419e-08,
        "var": 2.28034587009e-17
    },
    "spectral_energy": {
        "dmean": 0.0108190178871,
        "dmean2": 0.0178052596748,
        "dvar": 0.000200827125809,
        "dvar2": 0.00057059811661,
        "max": 0.106326632202,
        "mean": 0.0277424193919,
        "median": 0.0251836758107,
        "min": 5.38437561772e-05,
        "var": 0.000356194679625
    },
    "spectral_energyband_high": {
        "dmean": 8.24525977805e-06,
        "dmean2": 1.4739694052e-05,
        "dvar": 3.24919896544e-10,
        "dvar2": 9.33769506162e-10,
        "max": 0.000127320323372,
        "mean": 1.61404987011e-05,
        "median": 1.35777891046e-05,
        "min": 1.94499435224e-07,
        "var": 2.06881581311e-10
    },
    "spectral_energyband_low": {
        "dmean": 6.28796915407e-05,
        "dmean2": 0.000112047171569,
        "dvar": 7.20042958591e-09,
        "dvar2": 2.17996252161e-08,
        "max": 0.000688598083798,
        "mean": 9.85868100543e-05,
        "median": 8.05806485005e-05,
        "min": 5.15891679242e-06,
        "var": 6.99664237658e-09
    },
    "spectral_energyband_middle_high": {
        "dmean": 0.0016702451976,
        "dmean2": 0.00311581790447,
        "dvar": 2.26343181566e-05,
        "dvar2": 6.43115199637e-05,
        "max": 0.0270448792726,
        "mean": 0.00105308799539,
        "median": 7.2637150879e-05,
        "min": 1.63619188243e-06,
        "var": 1.35245909405e-05
    },
    "spectral_energyband_middle_low": {
        "dmean": 0.00949669908732,
        "dmean2": 0.0150461560115,
        "dvar": 0.000121628079796,
        "dvar2": 0.000346090761013,
        "max": 0.08224927634,
        "mean": 0.0266475975513,
        "median": 0.0250622481108,
        "min": 4.80646485812e-05,
        "var": 0.000302466447465
    },
    "spectral_entropy": {
        "dmean": 0.314870268106,
        "dmean2": 0.458427995443,
        "dvar": 0.101973190904,
        "dvar2": 0.22485306859,
        "max": 8.39261436462,
        "mean": 6.05085945129,
        "median": 5.90049552917,
        "min": 5.30502033234,
        "var": 0.270032465458
    },
    "spectral_flux": {
        "dmean": 0.0343623198569,
        "dmean2": 0.0606196857989,
        "dvar": 0.00202506198548,
        "dvar2": 0.00405311631039,
        "max": 0.266711145639,
        "mean": 0.0630245283246,
        "median": 0.0398385450244,
        "min": 0.00577975204214,
        "var": 0.00321876583621
    },
    "spectral_kurtosis": {
        "dmean": 4.9004445076,
        "dmean2": 8.57304096222,
        "dvar": 24.9084262848,
        "dvar2": 85.4882354736,
        "max": 45.5455627441,
        "mean": 14.2061023712,
        "median": 13.3047714233,
        "min": 2.25706768036,
        "var": 37.9275512695
    },
    "spectral_rms": {
        "dmean": 0.00097423925763,
        "dmean2": 0.00156001141295,
        "dvar": 1.28905219299e-06,
        "dvar2": 3.61319348485e-06,
        "max": 0.0101849548519,
        "mean": 0.00487417634577,
        "median": 0.00495675671846,
        "min": 0.000229195327847,
        "var": 3.30818511429e-06
    },
    "spectral_rolloff": {
        "dmean": 94.8657226562,
        "dmean2": 162.52154541,
        "dvar": 17638.84375,
        "dvar2": 44550.3359375,
        "max": 1076.66015625,
        "mean": 508.34967041,
        "median": 516.796875,
        "min": 279.931640625,
        "var": 17192.3476562
    },
    "spectral_skewness": {
        "dmean": 0.488343477249,
        "dmean2": 0.834432840347,
        "dvar": 0.283085048199,
        "dvar2": 0.883104622364,
        "max": 5.53746366501,
        "mean": 2.72163319588,
        "median": 2.69789791107,
        "min": 1.07814800739,
        "var": 0.424404501915
    },
    "spectral_spread": {
        "dmean": 460930.65625,
        "dmean2": 631494.4375,
        "dvar": 2.00401053286e+12,
        "dvar2": 1.00565444198e+12,
        "max": 28148498,
        "mean": 2741806.5,
        "median": 2565813,
        "min": 1468419.875,
        "var": 4.15916700467e+12
    },
    "spectral_strongpeak": {
        "dmean": 0.405784219503,
        "dmean2": 0.672836959362,
        "dvar": 0.181382998824,
        "dvar2": 0.485833287239,
        "max": 3.11555790901,
        "mean": 1.44388234615,
        "median": 1.40640377998,
        "min": 0.0107175530866,
        "var": 0.399369925261
    },
    "zerocrossingrate": {
        "dmean": 0.00185818143655,
        "dmean2": 0.00269509432837,
        "dvar": 3.78316462957e-06,
        "dvar2": 5.96536574449e-06,
        "max": 0.0263671875,
        "mean": 0.0188190601766,
        "median": 0.01806640625,
        "min": 0.0048828125,
        "var": 8.58430757944e-06
    },
    "barkbands": {
        "dmean": [1.26945349166e-06, 2.38397569774e-05, 2.55199865933e-05, 0.000112290072138, 0.00207461602986, 0.0064766141586, 0.00122701958753, 0.0023747489322, 0.00065720587736, 0.000645776221063, 0.000357689539669, 0.000268350820988, 0.000135437716381, 2.714342736e-05, 1.61291118275e-05, 4.72368010378e-05, 0.000129829932121, 8.09009361546e-05, 5.06473224959e-05, 1.8021577489e-05, 3.28214150613e-06, 7.36999879791e-07, 6.04167524898e-08, 4.40971739124e-08, 4.8248036677e-08, 9.09848907327e-08, 1.85650975482e-07],
        "dmean2": [2.29511420002e-06, 3.95765782741e-05, 4.57459937024e-05, 0.000203485746169, 0.00309686549008, 0.00955434702337, 0.00222400389612, 0.00341670610942, 0.00114774028771, 0.00121809053235, 0.000680380093399, 0.000510715995915, 0.000253180041909, 4.76862915093e-05, 2.92358745355e-05, 8.88286813279e-05, 0.000247549382038, 0.000153949615196, 9.52483605943e-05, 3.3621716284e-05, 5.8633891058e-06, 1.25107499116e-06, 9.75348939392e-08, 7.12594783181e-08, 7.51319930714e-08, 1.38373138725e-07, 2.95257393645e-07],
        "dvar": [6.32470378154e-12, 9.79002545698e-10, 9.7182861758e-10, 4.74105945614e-08, 2.53005746345e-05, 4.71661442134e-05, 7.05787988409e-06, 1.31698934638e-05, 2.17296178562e-06, 4.26618362326e-06, 1.05685569451e-06, 6.59526165236e-07, 1.45055466305e-07, 4.38320757468e-09, 2.14214890271e-09, 1.84290680494e-08, 1.76290242848e-07, 6.45228652729e-08, 2.08649915123e-08, 2.48964426852e-09, 3.53576959378e-11, 6.13143487805e-13, 6.30827448654e-15, 4.09941203636e-15, 2.13706243186e-15, 1.48377302469e-14, 3.75989726007e-14],
        "dvar2": [1.73547044791e-11, 2.27914309647e-09, 2.77121903203e-09, 1.45939708318e-07, 5.14177118021e-05, 0.000120751072245, 1.89434704225e-05, 3.33193129336e-05, 5.82489929002e-06, 1.21173088701e-05, 2.9734248983e-06, 1.90211903828e-06, 4.11740387563e-07, 1.17562342083e-08, 6.04745942212e-09, 5.29230810287e-08, 5.1243858934e-07, 1.86070053587e-07, 5.9801678276e-08, 7.15133863238e-09, 1.02051637973e-10, 1.6797483543e-12, 1.619235277e-14, 9.88892585304e-15, 4.15774296028e-15, 3.19546398077e-14, 7.26474612346e-14],
        "max": [1.75230561581e-05, 0.000318763195537, 0.000206629367312, 0.0014194479445, 0.0397156402469, 0.0478789694607, 0.0135776503012, 0.0233380254358, 0.00940048601478, 0.0161473471671, 0.00519779138267, 0.00538292946294, 0.00195688474923, 0.000381655729143, 0.00033038915717, 0.000902185274754, 0.00327701307833, 0.00165607896633, 0.000885187415406, 0.000294279830996, 4.03106096201e-05, 5.64669153391e-06, 9.12897291983e-07, 7.62753757044e-07, 5.73854663344e-07, 1.67084351688e-06, 2.68120288638e-06],
        "mean": [1.35613686325e-06, 3.40896258422e-05, 3.3361822716e-05, 0.000110358640086, 0.00277720065787, 0.0171555969864, 0.00155226141214, 0.00412315502763, 0.000818583357614, 0.000417018018197, 0.000221490627155, 0.000156915353728, 8.31337529235e-05, 2.01985549211e-05, 1.13176984087e-05, 3.04038439936e-05, 7.84953590482e-05, 5.34701612196e-05, 3.66716922144e-05, 1.61054540513e-05, 6.2844965214e-06, 1.93372920876e-06, 2.17492882371e-07, 1.73533564407e-07, 2.13651659919e-07, 3.1189452443e-07, 1.41887539939e-06],
        "median": [5.80475216339e-07, 2.34375511354e-05, 1.97596473299e-05, 5.13582926942e-05, 0.000507947348524, 0.0148136531934, 0.00053590623429, 0.00243198685348, 0.00016831594985, 2.06039876502e-05, 7.19825493434e-06, 4.74114676763e-06, 3.67839083992e-06, 1.65586379808e-06, 1.23761481063e-06, 2.94913411381e-06, 8.55123289512e-06, 8.69348514243e-06, 9.58559849096e-06, 7.30493957235e-06, 5.50232107344e-06, 1.75587490503e-06, 2.10415535662e-07, 1.71978783214e-07, 2.12636194874e-07, 2.92503159471e-07, 1.47688899688e-06],
        "min": [2.49302942734e-08, 1.32855734591e-06, 3.31613563276e-07, 1.27652788251e-06, 6.79338018017e-06, 2.44358670898e-05, 4.05754326493e-06, 9.51824745243e-07, 1.89190473066e-06, 4.27740332043e-07, 3.46037353438e-07, 1.60927925208e-07, 6.49129958674e-08, 9.27141314833e-08, 9.56331689395e-08, 5.08843065461e-08, 4.24613233463e-08, 8.17166494471e-08, 1.38535014571e-07, 4.38559020211e-08, 6.95149111607e-08, 3.92725638676e-08, 1.41340859017e-08, 9.75882752385e-09, 1.38125360039e-08, 1.05115125493e-08, 1.76984080724e-08],
        "var": [6.52233562298e-12, 1.33787492196e-09, 1.21712051548e-09, 3.45779795907e-08, 4.17909468524e-05, 0.000146750331623, 6.19983893557e-06, 2.04700318136e-05, 2.34620279116e-06, 2.51959681918e-06, 6.45727709525e-07, 3.75935115926e-07, 8.77162946722e-08, 3.31162608447e-09, 1.33174660188e-09, 1.06461106597e-08, 9.71695968133e-08, 3.62698031608e-08, 1.20308740748e-08, 1.43729561586e-09, 2.46635663281e-11, 1.03953521138e-12, 9.63799911868e-15, 7.149528128e-15, 7.87122137488e-15, 3.53017209919e-14, 3.57718222448e-13]
    },
    "erbbands": {
        "dmean": [0.000334768352332, 0.00657573388889, 0.0273529868573, 0.184512779117, 1.44866287708, 10.3728790283, 11.1677446365, 76.8235244751, 32.6819038391, 26.9603061676, 43.5128326416, 14.3366689682, 18.4798126221, 18.989774704, 12.6093597412, 9.6830034256, 6.96157169342, 1.58979022503, 1.12462067604, 1.67203068733, 3.18356466293, 7.29427480698, 5.0209980011, 3.40774202347, 2.01327180862, 0.764486610889, 0.213921532035, 0.100435853004, 0.0287542957813, 0.00360069237649, 0.00161492498592, 0.000932207796723, 0.000855547201354, 0.000623653351795, 0.000375817413442, 0.000260187196545, 0.000207239034353, 7.85811062087e-05, 2.75332422461e-05, 1.30770094984e-05],
        "dmean2": [0.000565003894735, 0.0109246494249, 0.048364110291, 0.332973927259, 2.61261367798, 15.4496974945, 19.8973293304, 112.46824646, 54.0774803162, 40.1351242065, 64.0049667358, 25.574924469, 33.4174079895, 36.103351593, 23.6701068878, 18.2348194122, 13.0047168732, 2.77706623077, 2.04993724823, 3.11648917198, 6.0219836235, 13.8617677689, 9.47722530365, 6.54482364655, 3.75555586815, 1.42229604721, 0.380422145128, 0.179893150926, 0.0489597655833, 0.00598334521055, 0.00265603931621, 0.00142612785567, 0.00136371667031, 0.000954332703259, 0.000582530978136, 0.000404017715482, 0.000309038965497, 0.00012512896501, 4.45197947556e-05, 2.1691665097e-05],
        "dvar": [1.45362520243e-07, 7.53548956709e-05, 0.000882535940036, 0.120983794332, 11.6162433624, 708.216064453, 496.614135742, 6530.66992188, 1956.07348633, 1362.61035156, 5497.67626953, 1102.31884766, 2563.7800293, 3623.39306641, 1242.48071289, 784.622192383, 407.786773682, 15.4270715714, 8.81643486023, 26.5615367889, 78.46509552, 564.652954102, 253.667205811, 107.687339783, 30.6093959808, 4.22761011124, 0.227345764637, 0.0232855845243, 0.00116226181854, 1.70901348611e-05, 4.12582585341e-06, 1.45438150412e-06, 1.17124432109e-06, 3.48887795099e-07, 1.29059898768e-07, 9.97991662643e-08, 5.08177642189e-08, 1.08731716963e-08, 7.53166140566e-10, 2.55413357131e-10],
        "dvar2": [4.09589176797e-07, 0.000174499567947, 0.00256751896814, 0.368273347616, 32.7925338745, 1324.60827637, 1271.48754883, 16121.0058594, 5749.93896484, 3424.49853516, 14757.765625, 3021.86181641, 7195.65283203, 10211.9453125, 3531.94335938, 2245.98071289, 1159.08349609, 42.0597229004, 24.4819221497, 76.7772140503, 224.244354248, 1641.62268066, 735.506347656, 309.765228271, 87.7308883667, 12.0869998932, 0.658736228943, 0.0663012340665, 0.00331483012997, 4.39227478637e-05, 1.04244318209e-05, 3.52658071279e-06, 2.98912436847e-06, 8.12914720427e-07, 2.70035087624e-07, 2.22088672786e-07, 1.0245665294e-07, 2.76946643396e-08, 1.75998382534e-09, 6.84751755298e-10],
        "max": [0.00323980883695, 0.0875453054905, 0.193837568164, 2.3567173481, 21.7510948181, 226.477920532, 142.772674561, 593.278747559, 262.630859375, 294.813476562, 521.210449219, 196.390411377, 392.892944336, 437.666473389, 187.016448975, 167.586303711, 121.139801025, 22.1293945312, 18.1616230011, 38.1062316895, 51.7101135254, 188.83706665, 113.922592163, 66.1532287598, 29.396150589, 11.4842920303, 3.28400611877, 1.11516439915, 0.249653607607, 0.0453890450299, 0.0218598414212, 0.0135127762333, 0.0129221575335, 0.00758044468239, 0.00493593234569, 0.00382170593366, 0.00276371231303, 0.00140343792737, 0.000393210153561, 0.000143363868119],
        "mean": [0.00049446761841, 0.00963319838047, 0.037620510906, 0.201946750283, 1.5491964817, 14.6075239182, 18.7938232422, 208.318603516, 62.5256729126, 60.2247161865, 70.2836303711, 16.0301189423, 15.5684137344, 12.3047037125, 7.69546222687, 5.81154298782, 4.29081583023, 1.18462598324, 0.776746273041, 1.09741663933, 2.00989747047, 4.44760704041, 3.23817873001, 2.32698702812, 1.49475860596, 0.712128102779, 0.331064075232, 0.208916738629, 0.0820875391364, 0.0133202355355, 0.00611730897799, 0.00368707790039, 0.0030778858345, 0.0023223136086, 0.00164470763411, 0.000901968101971, 0.000650163856335, 0.000359711877536, 0.00017238019791, 5.80757696298e-05],
        "median": [0.000353823823389, 0.0069390819408, 0.0270842723548, 0.107946068048, 0.535794496536, 2.92568898201, 12.0376825333, 175.28666687, 59.473236084, 40.3057365417, 40.4515800476, 5.78769826889, 2.00353002548, 0.503844022751, 0.296348512173, 0.179904997349, 0.174908220768, 0.0868291780353, 0.0748681351542, 0.107891812921, 0.205284953117, 0.509891867638, 0.449491322041, 0.500955998898, 0.442869126797, 0.332580029964, 0.261790812016, 0.183443024755, 0.0774857848883, 0.0132166724652, 0.00600223755464, 0.00362494937144, 0.00303919194266, 0.00224467599764, 0.00162852415815, 0.000800214591436, 0.000584900612012, 0.000371445115888, 0.000175170236616, 5.5870244978e-05],
        "min": [4.122797327e-05, 0.000422453187639, 0.001895725145, 0.00580392545089, 0.0114686237648, 0.0238195788115, 0.0874394401908, 0.23440296948, 0.209574356675, 0.0743895769119, 0.0302931312472, 0.0431689694524, 0.0324512645602, 0.0152574395761, 0.0125053832307, 0.00601240387186, 0.00299274525605, 0.00457181874663, 0.00610698061064, 0.00303965201601, 0.0031922464259, 0.00254057557322, 0.00473179155961, 0.00547683238983, 0.00600037770346, 0.00201177969575, 0.00255021452904, 0.00248093297705, 0.00188991043251, 0.000577845028602, 0.000364185485523, 0.000185554847121, 0.000193155283341, 0.000155608344357, 9.12333780434e-05, 4.28818457294e-05, 1.82424264494e-05, 7.96053245722e-06, 2.35858851738e-06, 3.74667763481e-07],
        "var": [1.97727928253e-07, 0.000101802448626, 0.00112224323675, 0.0949170216918, 10.2971754074, 1230.10925293, 533.598632812, 22386.6835938, 2324.56225586, 3116.66821289, 6716.83349609, 858.110595703, 1808.15722656, 2174.79125977, 751.87713623, 461.7628479, 245.335617065, 11.3590259552, 5.8006772995, 15.158908844, 45.5180244446, 312.058990479, 141.668991089, 60.3614807129, 17.7844963074, 2.47124886513, 0.138155579567, 0.019920527935, 0.00173620833084, 3.12773918267e-05, 6.80105449646e-06, 2.93815037367e-06, 2.14887836592e-06, 1.0133893511e-06, 5.03401565766e-07, 2.66696360995e-07, 1.48414642354e-07, 3.2034133568e-08, 5.65066438085e-09, 8.2090673148e-10]
    },
    "gfcc": {
        "mean": [-125.393638611, 132.400253296, -97.1992263794, -10.534901619, -81.6440658569, -75.0749282837, -32.9762992859, -3.34917473793, -15.3046875, 7.20564413071, -4.21600198746, 3.24850678444, -5.32614660263],
        "cov": [[1842.82885742, 575.613769531, -854.140625, -377.139465332, 154.845458984, -19.0062599182, 87.0275344849, -85.8834609985, -248.349105835, -317.037078857, -96.6374053955, -81.6759185791, 48.4920082092], [575.613769531, 279.541564941, -356.966766357, -159.720077515, 105.395118713, 53.2032699585, 47.0213470459, -42.8025016785, -99.5437316895, -124.839515686, -29.9480800629, -32.8659133911, 22.7840328217], [-854.140625, -356.966766357, 892.311645508, 321.351135254, -264.965667725, -163.968200684, -62.1579093933, 88.6013565063, 213.088256836, 231.476165771, 36.6480941772, 34.3432426453, -41.5882911682], [-377.139465332, -159.720077515, 321.351135254, 230.196044922, -9.73836421967, -61.2977142334, -38.9934692383, 14.4924640656, 54.1103935242, 84.6315460205, 19.6441822052, 24.7914161682, -17.3109664917], [154.845458984, 105.395118713, -264.965667725, -9.73836421967, 195.834381104, 97.9870147705, 2.654266119, -53.4145355225, -82.6494750977, -55.2987251282, 0.673143684864, 3.55256152153, 8.394282341], [-19.0062599182, 53.2032699585, -163.968200684, -61.2977142334, 97.9870147705, 141.192153931, 19.7095432281, -21.9189739227, -33.32472229, -19.4134750366, 3.30672478676, -1.74408769608, 6.73999452591], [87.0275344849, 47.0213470459, -62.1579093933, -38.9934692383, 2.654266119, 19.7095432281, 47.3298988342, 27.5564308167, 1.54125988483, -19.1906833649, -5.98537349701, -4.3760933876, 3.72213578224], [-85.8834609985, -42.8025016785, 88.6013565063, 14.4924640656, -53.4145355225, -21.9189739227, 27.5564308167, 75.7804412842, 68.000869751, 33.0584487915, 5.30321407318, 11.3146409988, -0.718089520931], [-248.349105835, -99.5437316895, 213.088256836, 54.1103935242, -82.6494750977, -33.32472229, 1.54125988483, 68.000869751, 115.745857239, 91.940246582, 20.528049469, 16.5542926788, -8.60647392273], [-317.037078857, -124.839515686, 231.476165771, 84.6315460205, -55.2987251282, -19.4134750366, -19.1906833649, 33.0584487915, 91.940246582, 116.068771362, 36.9416542053, 16.7713298798, -15.1595821381], [-96.6374053955, -29.9480800629, 36.6480941772, 19.6441822052, 0.673143684864, 3.30672478676, -5.98537349701, 5.30321407318, 20.528049469, 36.9416542053, 32.8201293945, 15.9067869186, 1.92379486561], [-81.6759185791, -32.8659133911, 34.3432426453, 24.7914161682, 3.55256152153, -1.74408769608, -4.3760933876, 11.3146409988, 16.5542926788, 16.7713298798, 15.9067869186, 32.07081604, 12.0551624298], [48.4920082092, 22.7840328217, -41.5882911682, -17.3109664917, 8.394282341, 6.73999452591, 3.72213578224, -0.718089520931, -8.60647392273, -15.1595821381, 1.92379486561, 12.0551624298, 23.0794754028]],
        "icov": [[0.00275287940167, -0.00489164562896, 0.00204013823532, -0.00032905707485, 0.00156178069301, 0.00316949328408, 0.000849416537676, -0.00195901445113, 0.00340473325923, -0.00334873376414, 0.00383282778785, -0.00106746109668, 9.09779191716e-05], [-0.00489164562896, 0.0322813764215, -0.0139546040446, 0.0225132312626, -0.0312187857926, 0.00857907161117, -0.0210042502731, 0.0152577441186, -0.0182292610407, 0.025381276384, -0.0181270632893, 0.026292162016, -0.0194868706167], [0.00204013823532, -0.0139546040446, 0.0199475772679, -0.0264677349478, 0.031964045018, -0.00914182234555, 0.00927980616689, -0.00140189530794, 0.00381908938289, -0.0177327692509, 0.0138663360849, -0.0164890531451, 0.0123190963641], [-0.00032905707485, 0.0225132312626, -0.0264677349478, 0.0504532046616, -0.0533274076879, 0.0249203927815, -0.0152327083051, 0.0012901101727, -0.00131680781487, 0.013638664037, -0.0093404604122, 0.0215416122228, -0.0187754761428], [0.00156178069301, -0.0312187857926, 0.031964045018, -0.0533274076879, 0.07335524261, -0.0316511318088, 0.0235521905124, -0.00596539583057, 0.0150093063712, -0.0264171678573, 0.0170279890299, -0.039681840688, 0.0312688797712], [0.00316949328408, 0.00857907161117, -0.00914182234555, 0.0249203927815, -0.0316511318088, 0.0304673779756, -0.0175191480666, 0.00544262072071, -0.000303191773128, -0.000489925907459, 0.00084674009122, 0.0138971861452, -0.0150653505698], [0.000849416537676, -0.0210042502731, 0.00927980616689, -0.0152327083051, 0.0235521905124, -0.0175191480666, 0.0644738003612, -0.0424803569913, 0.0196736603975, -0.0107841789722, 0.00585359102115, -0.010008665733, 0.0140701830387], [-0.00195901445113, 0.0152577441186, -0.00140189530794, 0.0012901101727, -0.00596539583057, 0.00544262072071, -0.0424803569913, 0.071502789855, -0.0564806424081, 0.0314218588173, -0.0106801269576, -7.32128626169e-07, -0.0023810104467], [0.00340473325923, -0.0182292610407, 0.00381908938289, -0.00131680781487, 0.0150093063712, -0.000303191773128, 0.0196736603975, -0.0564806424081, 0.0885456800461, -0.0680176615715, 0.0327831618488, -0.0193564873189, 0.00215590372682], [-0.00334873376414, 0.025381276384, -0.0177327692509, 0.013638664037, -0.0264171678573, -0.000489925907459, -0.0107841789722, 0.0314218588173, -0.0680176615715, 0.0994082540274, -0.0663071647286, 0.0316652581096, 0.00164249190129], [0.00383282778785, -0.0181270632893, 0.0138663360849, -0.0093404604122, 0.0170279890299, 0.00084674009122, 0.00585359102115, -0.0106801269576, 0.0327831618488, -0.0663071647286, 0.0925518870354, -0.0432403162122, 0.00364850950427], [-0.00106746109668, 0.026292162016, -0.0164890531451, 0.0215416122228, -0.039681840688, 0.0138971861452, -0.010008665733, -7.32128626169e-07, -0.0193564873189, 0.0316652581096, -0.0432403162122, 0.0972043573856, -0.0588672272861], [9.09779191716e-05, -0.0194868706167, 0.0123190963641, -0.0187754761428, 0.0312688797712, -0.0150653505698, 0.0140701830387, -0.0023810104467, 0.00215590372682, 0.00164249190129, 0.00364850950427, -0.0588672272861, 0.0935010462999]]
    },
    "melbands": {
        "dmean": [4.75520118925e-06, 1.1687400729e-05, 5.80260057177e-05, 0.000367307337001, 0.000423836987466, 0.00154428288806, 0.000476392975543, 0.000377479940653, 0.00031447148649, 8.2581427705e-05, 9.40546669881e-05, 8.09428820503e-05, 4.56973284599e-05, 3.08279632009e-05, 2.34369272221e-05, 9.03615546122e-06, 2.39887617681e-06, 2.083869731e-06, 1.40558972817e-06, 3.0273520224e-06, 3.89223805541e-06, 7.77659988671e-06, 5.79400557399e-06, 3.88289481634e-06, 2.68316648544e-06, 1.82449878139e-06, 1.03738886992e-06, 3.83074933552e-07, 1.46670316781e-07, 7.85518068369e-08, 5.86547272974e-08, 2.16903845995e-08, 4.66449057157e-09, 1.47254897165e-09, 1.12767817306e-09, 9.47872558221e-10, 5.49314094211e-10, 6.67184862913e-10, 5.96875049386e-10, 6.11645623039e-10],
        "dmean2": [7.81566905061e-06, 2.03998934012e-05, 0.000108333908429, 0.000559203093871, 0.000721616437659, 0.00225339503959, 0.000790349615272, 0.000529856595676, 0.000471110572107, 0.000146177553688, 0.000170943938429, 0.000154512512381, 8.63417371875e-05, 5.84756016906e-05, 4.43023818661e-05, 1.6777210476e-05, 4.13648467656e-06, 3.84064151149e-06, 2.57106785284e-06, 5.76176307732e-06, 7.37396976547e-06, 1.47847067637e-05, 1.08844023998e-05, 7.45986835682e-06, 5.1469819482e-06, 3.39218922818e-06, 1.94101630768e-06, 7.05090883457e-07, 2.61760817466e-07, 1.39960988577e-07, 1.02157002857e-07, 3.67370205367e-08, 7.99180899236e-09, 2.43611708584e-09, 1.88620474795e-09, 1.5248509122e-09, 9.01517416274e-10, 1.08742170823e-09, 9.64390345359e-10, 9.6473562472e-10],
        "dvar": [3.69308646164e-11, 1.64577490525e-10, 1.44428264903e-08, 8.23854520604e-07, 8.77730713e-07, 2.62994694822e-06, 4.09980572158e-07, 2.52707621939e-07, 3.11213909754e-07, 3.67556118874e-08, 6.88095269652e-08, 6.8398534836e-08, 1.69023977037e-08, 7.99495136761e-09, 4.51736514862e-09, 6.76003253375e-10, 3.37925624982e-11, 3.00807642684e-11, 1.67407702284e-11, 9.10231404139e-11, 1.16401881189e-10, 6.23890772378e-10, 3.59543700368e-10, 1.58571877851e-10, 6.54870394023e-11, 2.59842165146e-11, 8.16757252109e-12, 9.40392945806e-13, 1.19520929612e-13, 1.50452550131e-14, 6.69551508014e-15, 6.11990939391e-16, 1.58942920138e-17, 4.71454940206e-18, 1.87826764319e-18, 7.5939931351e-19, 5.80685959891e-19, 6.50405446507e-19, 4.95710471045e-19, 2.74701123809e-19],
        "dvar2": [8.87382944903e-11, 4.39050434897e-10, 4.41073062518e-08, 1.52131076447e-06, 1.98979955712e-06, 6.69534165354e-06, 1.18778336855e-06, 6.23723963145e-07, 8.52855635003e-07, 1.00268231051e-07, 1.93368904888e-07, 1.9309342747e-07, 4.78540229665e-08, 2.2938861477e-08, 1.28976154201e-08, 1.91116300563e-09, 9.02024774319e-11, 8.35252839115e-11, 4.75552999757e-11, 2.63329441585e-10, 3.32621319377e-10, 1.81071346805e-09, 1.04588526728e-09, 4.60380927825e-10, 1.88198193141e-10, 7.44126218977e-11, 2.34878019811e-11, 2.68313236212e-12, 3.47165140602e-13, 4.30838700762e-14, 1.95248124716e-14, 1.75901214574e-15, 4.57204264341e-17, 1.26783113995e-17, 4.83517921874e-18, 2.09146662184e-18, 1.37993795643e-18, 1.71945765098e-18, 1.19870040948e-18, 6.16261291977e-19],
        "max": [6.05854183959e-05, 9.77810923359e-05, 0.000720394891687, 0.00764955859631, 0.00656743021682, 0.0116667058319, 0.00391552550718, 0.00350988213904, 0.00384475989267, 0.00114227703307, 0.0020571956411, 0.00193872582167, 0.000671471003443, 0.000529251701664, 0.000399300974095, 0.000162809985341, 3.78911645385e-05, 3.08194794343e-05, 2.87409930024e-05, 7.22762633814e-05, 6.51033769827e-05, 0.00019393308321, 0.000155444227858, 7.49704995542e-05, 5.24636670889e-05, 2.90413754556e-05, 1.60964809766e-05, 5.43003352504e-06, 2.47610182669e-06, 8.76007334227e-07, 5.45663908724e-07, 1.76849226818e-07, 3.58482488139e-08, 2.52130902823e-08, 1.35942173074e-08, 7.56664242374e-09, 8.13791167786e-09, 8.89921381031e-09, 7.98289345738e-09, 6.32570396064e-09],
        "mean": [7.21950982552e-06, 1.71342962858e-05, 5.42063135072e-05, 0.000521737732925, 0.00067193020368, 0.00413307873532, 0.00092712638434, 0.000789102457929, 0.000494890031405, 8.83581669768e-05, 7.77209643275e-05, 5.16596592206e-05, 2.81219854514e-05, 1.80163206096e-05, 1.41141135828e-05, 5.79622565056e-06, 1.86997863239e-06, 1.39383098485e-06, 9.80298182185e-07, 1.94075209947e-06, 2.4311711968e-06, 4.72025658382e-06, 3.65258802049e-06, 2.49668028118e-06, 1.83160466349e-06, 1.33116316192e-06, 7.87790042978e-07, 3.91143345269e-07, 2.16504417949e-07, 1.4762515832e-07, 1.16632683955e-07, 5.64262769842e-08, 1.34115110129e-08, 4.37159464184e-09, 3.46875417279e-09, 2.95325053301e-09, 1.93455473863e-09, 2.18534945695e-09, 1.84027659778e-09, 2.03729411119e-09],
        "median": [5.18935621585e-06, 1.33754092531e-05, 2.43487593252e-05, 0.000103584083263, 0.0002917345264, 0.00346700963564, 0.000844587921165, 0.000503062037751, 0.000273069017567, 1.87584391824e-05, 9.36855121836e-06, 1.94291260414e-06, 9.94887727757e-07, 5.63282299026e-07, 4.6156191047e-07, 2.71200974566e-07, 1.51487853373e-07, 1.29623742851e-07, 1.04044914906e-07, 1.79844320769e-07, 2.43927786414e-07, 4.96604400269e-07, 4.53715983895e-07, 4.03075404165e-07, 3.96930886382e-07, 3.59143314199e-07, 2.55420360418e-07, 2.04906569934e-07, 1.61375908192e-07, 1.27097266045e-07, 1.02029218851e-07, 5.15769471576e-08, 1.27470558553e-08, 4.28263380314e-09, 3.37757399826e-09, 2.81077694453e-09, 1.86243709344e-09, 2.15587592223e-09, 1.70929870258e-09, 1.93909932555e-09],
        "min": [4.37602551528e-07, 8.9540293402e-07, 1.15851992177e-06, 1.15468549211e-06, 2.6776112918e-06, 5.17234002473e-06, 3.00906253869e-06, 5.98488895776e-07, 2.61691980086e-07, 2.50584520245e-07, 1.55741204821e-07, 6.11189818756e-08, 4.52111130755e-08, 2.054817827e-08, 1.06176445414e-08, 6.5394663018e-09, 8.44448333481e-09, 1.0158399455e-08, 5.93407767369e-09, 2.92499757748e-09, 4.05846467544e-09, 2.40328446033e-09, 4.28108481998e-09, 3.09161873879e-09, 4.66257743525e-09, 5.10906295048e-09, 2.85280732371e-09, 1.07486919365e-09, 1.21681176246e-09, 2.25332152937e-09, 1.08955688916e-09, 1.24594112805e-09, 4.29544594338e-10, 2.96807523004e-10, 2.29790422801e-10, 1.16843243414e-10, 1.1256844068e-10, 1.1930485766e-10, 1.69728203714e-10, 1.1321534682e-10],
        "var": [5.25400764562e-11, 2.22430851515e-10, 9.50378087339e-09, 1.47162927533e-06, 1.20516870084e-06, 8.69104496815e-06, 5.15461351824e-07, 5.28494751961e-07, 3.46427555087e-07, 3.12259835766e-08, 4.78817199223e-08, 4.06563387401e-08, 1.0260827743e-08, 4.63089122604e-09, 2.6769459982e-09, 4.15276396604e-10, 2.64578567388e-11, 1.95044640161e-11, 1.01470229788e-11, 5.11056925945e-11, 6.73580496935e-11, 3.46276757268e-10, 2.00107735937e-10, 8.69805408255e-11, 3.68508626392e-11, 1.51516802577e-11, 4.72715443178e-12, 5.60638558147e-13, 7.10927830819e-14, 1.16776993484e-14, 6.40916458089e-15, 9.21615998205e-16, 3.60489380679e-17, 5.67773132862e-18, 2.71182974737e-18, 1.66131543591e-18, 1.02548382613e-18, 1.12667831053e-18, 9.2073060393e-19, 8.12265563832e-19]
    },
    "mfcc": {
        "mean": [-784.540405273, 187.151626587, 2.80488014221, 46.4298858643, -40.404006958, -47.6638565063, -27.8193492889, -27.2211990356, -11.3741760254, -16.1717433929, 2.26642465591, 7.82016134262, 0.350518673658],
        "cov": [[2286.82568359, 736.984130859, -1135.87475586, -372.086151123, -131.383590698, -47.1537704468, 232.39894104, 163.285095215, -23.2834014893, -170.295166016, -223.217926025, -202.829818726, -170.742721558], [736.984130859, 322.60647583, -395.563842773, -182.536026001, -44.9044532776, 4.09757423401, 92.5986251831, 67.3970184326, -0.295987695456, -44.9523544312, -68.7655563354, -68.6441421509, -55.8428497314], [-1135.87475586, -395.563842773, 954.454101562, 340.107299805, -41.4513435364, -87.8796005249, -226.111312866, -127.629066467, 44.8814926147, 124.087089539, 148.891921997, 132.495529175, 79.3241577148], [-372.086151123, -182.536026001, 340.107299805, 287.393676758, 34.45703125, -40.3086967468, -82.4521942139, -66.4453353882, -0.664009273052, 16.2762203217, 51.4675636292, 56.6310424805, 37.0442504883], [-131.383590698, -44.9044532776, -41.4513435364, 34.45703125, 114.818824768, 79.5054321289, 30.2449188232, -9.01981925964, -21.3599452972, -14.7782936096, 0.850455880165, 4.40985631943, 17.6069164276], [-47.1537704468, 4.09757423401, -87.8796005249, -40.3086967468, 79.5054321289, 103.982162476, 53.6057662964, -1.36949276924, -21.1190872192, -13.1668996811, -5.14832782745, -12.3791332245, 0.115477561951], [232.39894104, 92.5986251831, -226.111312866, -82.4521942139, 30.2449188232, 53.6057662964, 96.7071685791, 42.7136535645, -17.9470386505, -30.8618144989, -39.6949310303, -42.2748832703, -23.4980163574], [163.285095215, 67.3970184326, -127.629066467, -66.4453353882, -9.01981925964, -1.36949276924, 42.7136535645, 70.3744430542, 24.822309494, -7.46345615387, -26.51537323, -19.7391433716, -10.7639474869], [-23.2834014893, -0.295987695456, 44.8814926147, -0.664009273052, -21.3599452972, -21.1190872192, -17.9470386505, 24.822309494, 47.3662376404, 29.5901412964, 12.5520782471, 17.6757831573, 8.13340950012], [-170.295166016, -44.9523544312, 124.087089539, 16.2762203217, -14.7782936096, -13.1668996811, -30.8618144989, -7.46345615387, 29.5901412964, 61.6248092651, 43.0574913025, 30.4867458344, 16.8836269379], [-223.217926025, -68.7655563354, 148.891921997, 51.4675636292, 0.850455880165, -5.14832782745, -39.6949310303, -26.51537323, 12.5520782471, 43.0574913025, 57.1082839966, 42.9565200806, 23.8495311737], [-202.829818726, -68.6441421509, 132.495529175, 56.6310424805, 4.40985631943, -12.3791332245, -42.2748832703, -19.7391433716, 17.6757831573, 30.4867458344, 42.9565200806, 59.0346946716, 37.4066390991], [-170.742721558, -55.8428497314, 79.3241577148, 37.0442504883, 17.6069164276, 0.115477561951, -23.4980163574, -10.7639474869, 8.13340950012, 16.8836269379, 23.8495311737, 37.4066390991, 43.8213424683]],
