{
"lowlevel": {
    "average_loudness": 0.985901772976,
    "barkbands_crest": {
        "dmean": 0.254434764385,
        "dmean2": 0.375746279955,
        "dvar": 0.324184417725,
        "dvar2": 0.37048214674,
        "max": 23.6865787506,
        "mean": 22.2973384857,
        "median": 22.2682113647,
        "min": 18.134885788,
        "var": 0.388668209314
    },
    "barkbands_flatness_db": {
        "dmean": 0.0106415739283,
        "dmean2": 0.0146549008787,
        "dvar": 0.000920500955544,
        "dvar2": 0.00099104817491,
        "max": 0.443741798401,
        "mean": 0.414860397577,
        "median": 0.420121282339,
        "min": 0.185899481177,
        "var": 0.000988305197097
    },
    "barkbands_kurtosis": {
        "dmean": 3.45205378532,
        "dmean2": 5.66349363327,
        "dvar": 9.03623580933,
        "dvar2": 20.7627124786,
        "max": 54.5669670105,
        "mean": 33.0566711426,
        "median": 32.5612983704,
        "min": 26.3423271179,
        "var": 25.5746498108
    },
    "barkbands_skewness": {
        "dmean": 0.225206777453,
        "dmean2": 0.3695102036,
        "dvar": 0.03874983266,
        "dvar2": 0.094719171524,
        "max": 5.39229488373,
        "mean": 4.11905241013,
        "median": 4.09552431107,
        "min": 3.6598470211,
        "var": 0.105968080461
    },
    "barkbands_spread": {
        "dmean": 0.0851832702756,
        "dmean2": 0.11584340781,
        "dvar": 0.0977729856968,
        "dvar2": 0.100271694362,
        "max": 3.44980764389,
        "mean": 0.969013929367,
        "median": 0.934186816216,
        "min": 0.729190289974,
        "var": 0.0969810336828
    },
    "dissonance": {
        "dmean": 0.00877305679023,
        "dmean2": 0.0127670522779,
        "dvar": 8.30880380818e-05,
        "dvar2": 0.000116708120913,
        "max": 0.380160570145,
        "mean": 0.314227551222,
        "median": 0.313241392374,
        "min": 0.292608857155,
        "var": 0.000129645704874
    },
    "dynamic_complexity": 0.0862836837769,
    "erbbands_crest": {
        "dmean": 0.483227849007,
        "dmean2": 0.739052951336,
        "dvar": 1.08928012848,
        "dvar2": 1.23298943043,
        "max": 20.8556671143,
        "mean": 18.4355945587,
        "median": 18.3966522217,
        "min": 10.9422388077,
        "var": 1.28032302856
    },
    "erbbands_flatness_db": {
        "dmean": 0.00871623959392,
        "dmean2": 0.0113205863163,
        "dvar": 0.000762804644182,
        "dvar2": 0.000815863662865,
        "max": 0.398125261068,
        "mean": 0.379619628191,
        "median": 0.384938418865,
        "min": 0.17041708529,
        "var": 0.000850171549246
    },
    "erbbands_kurtosis": {
        "dmean": 1.05287492275,
        "dmean2": 1.71353161335,
        "dvar": 1.45967185497,
        "dvar2": 2.34659481049,
        "max": 18.2294502258,
        "mean": 12.7391738892,
        "median": 12.7498064041,
        "min": 7.10987758636,
        "var": 2.11625003815
    },
    "erbbands_skewness": {
        "dmean": 0.132341608405,
        "dmean2": 0.22143958509,
        "dvar": 0.0134082483128,
        "dvar2": 0.0293872430921,
        "max": 3.24929380417,
        "mean": 2.5730369091,
        "median": 2.56931900978,
        "min": 2.31053590775,
        "var": 0.0278402157128
    },
    "erbbands_spread": {
        "dmean": 0.399961084127,
        "dmean2": 0.529825985432,
        "dvar": 2.5198700428,
        "dvar2": 2.60062623024,
        "max": 18.5045528412,
        "mean": 5.43217563629,
        "median": 5.21413755417,
        "min": 4.62693738937,
        "var": 2.5405395031
    },
    "hfc": {
        "dmean": 0.650730252266,
        "dmean2": 0.961288928986,
        "dvar": 0.577779173851,
        "dvar2": 0.836908578873,
        "max": 17.0222187042,
        "mean": 15.5500516891,
        "median": 15.8808441162,
        "min": 5.95075750351,
        "var": 2.62830495834
    },
    "melbands_crest": {
        "dmean": 0.26588588953,
        "dmean2": 0.423057436943,
        "dvar": 0.227780371904,
        "dvar2": 0.267323881388,
        "max": 20.6350803375,
        "mean": 19.5434150696,
        "median": 19.5715522766,
        "min": 15.5066080093,
        "var": 0.291978776455
    },
    "melbands_flatness_db": {
        "dmean": 0.00965142343193,
        "dmean2": 0.0126079814509,
        "dvar": 0.000838598178234,
        "dvar2": 0.000898563535884,
        "max": 0.525936424732,
        "mean": 0.505658388138,
        "median": 0.51137560606,
        "min": 0.289032965899,
        "var": 0.000905364053324
    },
    "melbands_kurtosis": {
        "dmean": 2.09479832649,
        "dmean2": 3.35789442062,
        "dvar": 5.72262525558,
        "dvar2": 9.93961429596,
        "max": 37.4237861633,
        "mean": 19.7692127228,
        "median": 19.4292469025,
        "min": 15.6240501404,
        "var": 12.1015634537
    },
    "melbands_skewness": {
        "dmean": 0.127019062638,
        "dmean2": 0.20478862524,
        "dvar": 0.0233825426549,
        "dvar2": 0.0424528308213,
        "max": 4.00326776505,
        "mean": 2.92903637886,
        "median": 2.91134691238,
        "min": 2.65528011322,
        "var": 0.0447940155864
    },
    "melbands_spread": {
        "dmean": 0.0899435356259,
        "dmean2": 0.129399061203,
        "dvar": 0.056743375957,
        "dvar2": 0.0610356107354,
        "max": 3.29767918587,
        "mean": 1.50127565861,
        "median": 1.49081099033,
        "min": 1.16637504101,
        "var": 0.0585555508733
    },
    "pitch_salience": {
        "dmean": 0.0145103884861,
        "dmean2": 0.019494118169,
        "dvar": 0.00175253208727,
        "dvar2": 0.00184621883091,
        "max": 0.642123222351,
        "mean": 0.326845765114,
        "median": 0.322522670031,
        "min": 0.28146135807,
        "var": 0.00178821478039
    },
    "silence_rate_20dB": {
        "dmean": 0,
        "dmean2": 0,
        "dvar": 0,
        "dvar2": 0,
        "max": 1,
        "mean": 1,
        "median": 1,
        "min": 1,
        "var": 0
    },
    "silence_rate_30dB": {
        "dmean": 0,
        "dmean2": 0,
        "dvar": 0,
        "dvar2": 0,
        "max": 1,
        "mean": 1,
        "median": 1,
        "min": 1,
        "var": 0
    },
    "silence_rate_60dB": {
        "dmean": 0,
        "dmean2": 0,
        "dvar": 0,
        "dvar2": 0,
        "max": 0,
        "mean": 0,
        "median": 0,
        "min": 0,
        "var": 0
    },
    "spectral_centroid": {
        "dmean": 3.32543563843,
        "dmean2": 4.81835269928,
        "dvar": 97.020866394,
        "dvar2": 101.707901001,
        "max": 370.742919922,
        "mean": 297.241485596,
        "median": 296.46685791,
        "min": 285.13269043,
        "var": 100.491455078
    },
    "spectral_complexity": {
        "dmean": 0.690909087658,
        "dmean2": 1.25688076019,
        "dvar": 0.431735932827,
        "dvar2": 0.924837946892,
        "max": 7,
        "mean": 5.00900888443,
        "median": 5,
        "min": 4,
        "var": 0.765684843063
    },
    "spectral_decrease": {
        "dmean": 6.02560057406e-10,
        "dmean2": 8.76352046486e-10,
        "dvar": 6.27996710122e-19,
        "dvar2": 7.90465167089e-19,
        "max": -4.62841764914e-09,
        "mean": -1.39346223449e-08,
        "median": -1.42622003096e-08,
        "min": -1.53212322829e-08,
        "var": 2.23798843246e-18
    },
    "spectral_energy": {
        "dmean": 0.00233298260719,
        "dmean2": 0.0033923459705,
        "dvar": 9.3560292953e-06,
        "dvar2": 1.18185180327e-05,
        "max": 0.0593652315438,
        "mean": 0.054002713412,
        "median": 0.0552766285837,
        "min": 0.0180084723979,
        "var": 3.35482836817e-05
    },
    "spectral_energyband_high": {
        "dmean": 1.73854982677e-06,
        "dmean2": 2.2203782919e-06,
        "dvar": 5.84132187065e-11,
        "dvar2": 5.88399606816e-11,
        "max": 6.5923006332e-05,
        "mean": 5.39670918442e-06,
        "median": 4.26981932833e-06,
        "min": 2.44173156716e-06,
        "var": 5.74266884046e-11
    },
    "spectral_energyband_low": {
        "dmean": 2.22281760216e-05,
        "dmean2": 3.00787487504e-05,
        "dvar": 7.07369007813e-09,
        "dvar2": 7.07168856806e-09,
        "max": 0.000764401978813,
        "mean": 5.53781173949e-05,
        "median": 4.25029502367e-05,
        "min": 2.35973784584e-05,
        "var": 7.22127335706e-09
    },
    "spectral_energyband_middle_high": {
        "dmean": 2.72835713986e-05,
        "dmean2": 4.29478677688e-05,
        "dvar": 1.79243975218e-09,
        "dvar2": 2.91698909471e-09,
        "max": 0.000438408285845,
        "mean": 0.000129991283757,
        "median": 0.000123469595565,
        "min": 5.91999123571e-05,
        "var": 1.87330662094e-09
    },
    "spectral_energyband_middle_low": {
        "dmean": 0.00233685038984,
        "dmean2": 0.00339225586504,
        "dvar": 9.91419801721e-06,
        "dvar2": 1.22632527564e-05,
        "max": 0.0591762885451,
        "mean": 0.0538407228887,
        "median": 0.055134370923,
        "min": 0.0170959718525,
        "var": 3.43253996107e-05
    },
    "spectral_entropy": {
        "dmean": 0.0934453234076,
        "dmean2": 0.126752629876,
        "dvar": 0.0785274133086,
        "dvar2": 0.081591874361,
        "max": 7.60459756851,
        "mean": 5.27946901321,
        "median": 5.23738336563,
        "min": 5.10588121414,
        "var": 0.0832417532802
    },
    "spectral_flux": {
        "dmean": 0.00475923670456,
        "dmean2": 0.00661346502602,
        "dvar": 0.000163530596183,
        "dvar2": 0.000174637330929,
        "max": 0.134195655584,
        "mean": 0.0142076285556,
        "median": 0.0109646525234,
        "min": 0.00606440100819,
        "var": 0.000287556526018
    },
    "spectral_kurtosis": {
        "dmean": 13.3405160904,
        "dmean2": 24.8017807007,
        "dvar": 107.582702637,
        "dvar2": 304.84085083,
        "max": 48.5325164795,
        "mean": 34.0456771851,
        "median": 36.9601249695,
        "min": 3.80542325974,
        "var": 111.581298828
    },
    "spectral_rms": {
        "dmean": 0.000164355573361,
        "dmean2": 0.000234048231505,
        "dvar": 6.40516759631e-08,
        "dvar2": 7.17832620012e-08,
        "max": 0.00761034153402,
        "mean": 0.00724453106523,
        "median": 0.00734359724447,
        "min": 0.00419156812131,
        "var": 2.02314552666e-07
    },
    "spectral_rolloff": {
        "dmean": 5.87269163132,
        "dmean2": 10.8653774261,
        "dvar": 218.427078247,
        "dvar2": 558.317749023,
        "max": 366.064453125,
        "mean": 340.069396973,
        "median": 344.53125,
        "min": 279.931640625,
        "var": 218.19744873
    },
    "spectral_skewness": {
        "dmean": 0.992936313152,
        "dmean2": 1.83606994152,
        "dvar": 0.513092339039,
        "dvar2": 1.55562627316,
        "max": 5.33156251907,
        "mean": 4.23291778564,
        "median": 4.33043432236,
        "min": 2.15587925911,
        "var": 0.576060831547
    },
    "spectral_spread": {
        "dmean": 609086.8125,
        "dmean2": 914034.4375,
        "dvar": 4.49583670886e+12,
        "dvar2": 4.45020425421e+12,
        "max": 24615542,
        "mean": 2181197,
        "median": 1949344.5,
        "min": 1439532.125,
        "var": 4.71466141286e+12
    },
    "spectral_strongpeak": {
        "dmean": 0.0602282881737,
        "dmean2": 0.0780486091971,
        "dvar": 0.0346323810518,
        "dvar2": 0.0340854674578,
        "max": 2.19432878494,
        "mean": 2.08310222626,
        "median": 2.12332320213,
        "min": 0.446805983782,
        "var": 0.0511835254729
    },
    "zerocrossingrate": {
        "dmean": 0.000337357952958,
        "dmean2": 0.000577874132432,
        "dvar": 5.84105691814e-07,
        "dvar2": 6.61294848214e-07,
        "max": 0.01220703125,
        "mean": 0.0112612610683,
        "median": 0.01123046875,
        "min": 0.005859375,
        "var": 5.89729495459e-07
    },
    "barkbands": {
        "dmean": [2.08716369343e-06, 9.33952469495e-06, 6.75229784974e-06, 2.27640975936e-05, 0.00204342068173, 0.000289889605483, 7.86723030615e-05, 0.00035271976958, 2.7564507036e-05, 1.48124263433e-05, 8.09506309452e-06, 4.40621397502e-06, 2.3272875751e-06, 1.1446809367e-06, 8.67385097081e-07, 1.32418063004e-06, 2.69737506642e-06, 2.22701851271e-06, 2.28932572099e-06, 1.08408664801e-06, 5.00330713749e-07, 2.92703305149e-07, 1.53372369027e-07, 1.36437122933e-07, 1.33809777481e-07, 1.50118040665e-07, 1.53906043465e-07],
        "dmean2": [2.44318130171e-06, 1.32412369567e-05, 8.93369178812e-06, 3.28121423081e-05, 0.00302111613564, 0.000439788040239, 0.000126533341245, 0.000586067384575, 4.31775879406e-05, 2.36695741478e-05, 1.35690752359e-05, 7.44678527553e-06, 3.46634283233e-06, 1.60722731835e-06, 1.19304263535e-06, 1.95493976207e-06, 4.66513938591e-06, 3.67639177057e-06, 3.74665387426e-06, 1.73929345237e-06, 6.89798184794e-07, 3.98783754463e-07, 1.7007764086e-07, 1.43537278063e-07, 1.43673858588e-07, 1.7201045921e-07, 1.74228546257e-07],
        "dvar": [1.54961987686e-10, 6.04208572064e-10, 7.9706485856e-10, 3.99292776621e-09, 8.78832452145e-06, 4.15823429023e-08, 6.30446761463e-09, 1.1001802136e-07, 1.43773126737e-09, 2.64339022893e-10, 5.72091193862e-11, 1.77442380234e-10, 2.31692078717e-11, 1.52910913098e-11, 1.06604829131e-11, 6.75548115711e-12, 1.16253664681e-11, 4.70909639408e-12, 3.54653220853e-12, 1.86176161293e-12, 1.58834783433e-12, 1.23685783837e-12, 9.36418585902e-13, 8.75871098739e-13, 7.86400729692e-13, 7.62283411306e-13, 8.5775570674e-13],
        "dvar2": [1.56192905831e-10, 6.42985886756e-10, 7.88492771076e-10, 4.36013980476e-09, 9.82130677585e-06, 1.2141276784e-07, 1.5796580044e-08, 2.36987091284e-07, 2.7066613395e-09, 5.5911547614e-10, 1.55095589149e-10, 4.68525718222e-10, 2.45045251451e-11, 1.55001306928e-11, 1.07763502982e-11, 6.73903294279e-12, 2.81818231945e-11, 1.03945506716e-11, 9.08104581115e-12, 3.13715546596e-12, 1.60350628175e-12, 1.40038360682e-12, 9.49878955873e-13, 8.83924660897e-13, 7.92962267029e-13, 7.71583589122e-13, 8.66515518193e-13],
        "max": [0.000105575003545, 0.000214290164877, 0.000247178599238, 0.000620089354925, 0.0493479818106, 0.00538394413888, 0.00086997350445, 0.00548011204228, 0.000323252694216, 0.000155062967679, 5.33457823622e-05, 9.90080152405e-05, 4.5357264753e-05, 3.66090680473e-05, 2.82439195871e-05, 2.45675328188e-05, 3.3571239328e-05, 2.31781978073e-05, 1.74501456058e-05, 1.45546346175e-05, 1.19174992506e-05, 9.09159643925e-06, 7.91134516476e-06, 7.70196038502e-06, 7.27688029656e-06, 7.06954733687e-06, 7.68552581576e-06],
        "mean": [2.11619840229e-06, 1.25478882183e-05, 1.33753592308e-05, 4.69467340736e-05, 0.044647552073, 0.00434024212882, 0.000312397169182, 0.0044346419163, 5.62108580198e-05, 4.7072146117e-05, 2.57952779066e-05, 6.86707608111e-06, 7.09783444108e-06, 2.19686558012e-06, 1.53267308178e-06, 4.78841320728e-06, 1.10632890937e-05, 1.0604999261e-05, 1.08436306618e-05, 5.46479122931e-06, 1.89388072158e-06, 5.54269774966e-07, 1.78541085916e-07, 1.56384828642e-07, 1.62661308423e-07, 1.89511538906e-07, 3.12549929049e-07],
        "median": [3.64410425391e-07, 5.67337065149e-06, 9.04646731215e-06, 3.64864063158e-05, 0.0455062277615, 0.00447590230033, 0.000292292417726, 0.0045373016037, 4.52258245787e-05, 4.58308495581e-05, 2.42021142185e-05, 4.76711466035e-06, 6.33010722595e-06, 1.57457941441e-06, 1.07603591459e-06, 4.45623618361e-06, 1.03796392068e-05, 1.04599930637e-05, 1.04609280243e-05, 5.44214026377e-06, 1.67864027389e-06, 3.7256816654e-07, 3.43269945802e-08, 2.52429490644e-08, 3.66176244881e-08, 3.56241969257e-08, 1.69841655406e-07],
        "min": [5.16875076073e-09, 1.54435588229e-06, 3.83982842322e-06, 1.55011875904e-05, 0.0126431277022, 0.00189940922428, 0.000132153872983, 0.00135442661121, 1.57601716637e-05, 1.43668730743e-05, 9.88485044218e-06, 1.13419400805e-06, 2.82232667814e-06, 6.09448989053e-07, 4.08677493624e-07, 2.20439983423e-06, 5.19651393915e-06, 3.94038534068e-06, 5.81975655223e-06, 1.79687322088e-06, 9.05116394279e-07, 1.79600007755e-07, 1.38545726003e-08, 1.11878497577e-08, 1.65513363015e-08, 1.06737516603e-08, 1.10947233622e-07],
        "var": [1.53911008938e-10, 6.60570098621e-10, 8.25845114516e-10, 4.2149901347e-09, 2.46218660322e-05, 3.65886734244e-07, 8.56168291818e-09, 4.98531392168e-07, 1.65639602034e-09, 3.30711957819e-10, 7.81858813803e-11, 1.12090309257e-10, 2.59601385527e-11, 1.56387298944e-11, 1.06774649886e-11, 7.5073714606e-12, 1.40460178211e-11, 7.89294758025e-12, 5.63378553878e-12, 2.37443983746e-12, 1.71255793834e-12, 1.21789037189e-12, 9.28690284396e-13, 8.67868277243e-13, 7.78174670969e-13, 7.540359938e-13, 8.46158483992e-13]
    },
    "erbbands": {
        "dmean": [0.00026590237394, 0.0021945789922, 0.00654912414029, 0.0445100180805, 0.674917519093, 11.5181074142, 4.92685031891, 3.54002904892, 1.31965959072, 3.10281133652, 5.77671384811, 0.555149972439, 0.354504704475, 0.442352592945, 0.241310238838, 0.158283352852, 0.108504414558, 0.058288063854, 0.0594370551407, 0.0599608682096, 0.0597813464701, 0.154779776931, 0.12050909549, 0.111842140555, 0.0777208954096, 0.0476416535676, 0.0241792201996, 0.0188447125256, 0.0115050617605, 0.00598021969199, 0.00412521557882, 0.00304954848252, 0.00219381204806, 0.00151166808791, 0.000965250306763, 0.000551499833819, 0.000284715089947, 0.000104742008261, 2.13698567677e-05, 3.61771617463e-06],
        "dmean2": [0.000377067626687, 0.00308585353196, 0.00832289643586, 0.065671004355, 1.00288581848, 16.9061374664, 7.51034593582, 5.20886802673, 2.07073688507, 5.14938545227, 9.70519161224, 0.850568652153, 0.551808238029, 0.683916687965, 0.411670148373, 0.259010136127, 0.163688525558, 0.074065707624, 0.0851642265916, 0.0871813744307, 0.090815231204, 0.266383588314, 0.205984860659, 0.175864338875, 0.12586607039, 0.0731379911304, 0.0344785489142, 0.0273017138243, 0.0164352506399, 0.00716250762343, 0.00442327139899, 0.00324670202099, 0.00230162823573, 0.00160264899023, 0.00104599655606, 0.000603273103479, 0.000321427680319, 0.000120228774904, 2.41125035245e-05, 5.00949545312e-06],
        "dvar": [7.09868174908e-07, 2.84004472633e-05, 0.00065342837479, 0.0156949721277, 0.291300654411, 350.610595703, 20.5803070068, 9.18424987793, 1.6781693697, 7.91695356369, 25.5724449158, 0.551888465881, 0.224266245961, 0.196879401803, 0.180270552635, 0.201122283936, 0.0489973947406, 0.0500200167298, 0.0304927248508, 0.0290478616953, 0.016326572746, 0.0369146168232, 0.010767727159, 0.00922330934554, 0.00454759225249, 0.00415523629636, 0.00309483590536, 0.0024330993183, 0.00171947316267, 0.00115447212011, 0.000725848833099, 0.000426026846981, 0.000225722789764, 0.000102266109025, 3.83578881156e-05, 1.19183278002e-05, 2.60896695181e-06, 3.31757149752e-07, 1.71445968533e-08, 9.47980305366e-11],
        "dvar2": [7.45937200008e-07, 3.07959780912e-05, 0.000647608540021, 0.016915269196, 0.620991051197, 363.316131592, 41.7115020752, 19.1144199371, 4.06849908829, 17.9842758179, 56.0949325562, 1.0377471447, 0.449369013309, 0.415980279446, 0.492366850376, 0.500577569008, 0.0564755611122, 0.0497597493231, 0.0310973469168, 0.0289735514671, 0.0171407349408, 0.0850738212466, 0.0231991112232, 0.0213617887348, 0.009248056449, 0.00689990678802, 0.00300312833861, 0.0027009062469, 0.00218891655095, 0.00121371762361, 0.000734110479243, 0.000430300278822, 0.000227776778047, 0.000103179983853, 3.8657712139e-05, 1.2055861589e-05, 2.64127561422e-06, 3.34818309966e-07, 1.73244529833e-08, 1.04757008623e-10],
        "max": [0.007144857198, 0.0474916435778, 0.234862595797, 1.34934425354, 13.6288442612, 282.197937012, 111.203201294, 69.7079849243, 18.1260547638, 45.5439682007, 89.2910079956, 9.28426837921, 4.41657829285, 4.854388237, 3.54041910172, 3.2726213932, 2.0124835968, 2.06765580177, 1.64513599873, 1.50910723209, 1.38021373749, 1.92708671093, 1.21531939507, 1.09042537212, 0.70627862215, 0.629277348518, 0.582631528378, 0.428469389677, 0.325299233198, 0.279087603092, 0.219772830606, 0.170591652393, 0.122727073729, 0.082876779139, 0.0508059114218, 0.0279651489109, 0.0131537672132, 0.00470360694453, 0.0010901481146, 0.000139530937304],
        "mean": [0.000452610693173, 0.00340383825824, 0.0193978007883, 0.294328421354, 11.6657047272, 255.434143066, 96.7979049683, 57.6927604675, 9.87585544586, 37.2294692993, 73.1145019531, 3.89137673378, 1.0293956995, 1.61629152298, 0.623611450195, 0.28856959939, 0.313782632351, 0.166503280401, 0.11746159941, 0.185879811645, 0.248013883829, 0.652941226959, 0.553607881069, 0.671099543571, 0.380683839321, 0.252038806677, 0.109989568591, 0.0586839169264, 0.0238125361502, 0.00777127221227, 0.00495501235127, 0.00350922835059, 0.002557921689, 0.00182225438766, 0.00121406605467, 0.000688011874445, 0.000385005609132, 0.000149804429384, 6.32081864751e-05, 6.46850457997e-05],
        "median": [0.000298228405882, 0.00168739247601, 0.0149790057912, 0.276858568192, 11.7460174561, 261.097473145, 98.8512191772, 59.3194541931, 9.83383178711, 37.9209632874, 74.5703201294, 3.77546215057, 0.954866588116, 1.56333994865, 0.538484692574, 0.217207819223, 0.275252252817, 0.133552715182, 0.0920062586665, 0.158359602094, 0.229561835527, 0.617318332195, 0.536286950111, 0.674584805965, 0.368851453066, 0.247554033995, 0.101862713695, 0.0502550415695, 0.0164574310184, 0.00247687706724, 0.00105607346632, 0.000616135948803, 0.000464244134491, 0.000413516565459, 0.000286039925413, 0.000162526484928, 7.31897380319e-05, 3.90359127778e-05, 4.36671543866e-05, 6.4534448029e-05],
        "min": [0.000149419036461, 0.000759465096053, 0.00951481051743, 0.190277263522, 8.21788311005, 60.2926521301, 35.7189445496, 18.8660964966, 5.16473960876, 15.3648767471, 24.0587825775, 1.72976839542, 0.362808972597, 0.547862887383, 0.192494094372, 0.0585585236549, 0.111023418605, 0.0769132524729, 0.0400317385793, 0.0803447067738, 0.130533963442, 0.273459821939, 0.221995308995, 0.360927283764, 0.199538752437, 0.0678986534476, 0.0542538166046, 0.0280022583902, 0.0100061250851, 0.00139318988658, 0.000444941193564, 0.000327491405187, 0.00021974730771, 0.000162006690516, 0.000138870964292, 7.52785344957e-05, 2.92718832497e-05, 2.08669989661e-05, 3.46115994034e-05, 4.15677095589e-05],
        "var": [7.14708392024e-07, 3.21817642543e-05, 0.000674816197716, 0.0153294783086, 0.969534516335, 885.192565918, 91.7124176025, 65.4179763794, 3.03686141968, 32.0734100342, 129.953094482, 0.824834883213, 0.243438050151, 0.30942773819, 0.130819320679, 0.137568771839, 0.0540212653577, 0.0506252199411, 0.0311532579362, 0.0295823644847, 0.0180707126856, 0.0487834215164, 0.0212086420506, 0.0158601440489, 0.00735328253359, 0.00513828452677, 0.00332432705909, 0.00250130472705, 0.00164236058481, 0.0011327379616, 0.000720238138456, 0.000422436074587, 0.000223572336836, 0.000101224744867, 3.79799093935e-05, 1.17774925457e-05, 2.59234479927e-06, 3.32898991928e-07, 1.68022378233e-08, 8.70853181234e-11]
    },
    "gfcc": {
        "mean": [-144.259963989, 172.89239502, -96.446937561, -8.69812202454, -72.01953125, -91.26222229, -42.5321388245, -21.0461120605, -34.2330055237, -14.9714851379, -12.010881424, -6.27967262268, -0.562375485897],
        "cov": [[293.226165771, -184.09072876, 77.1947250366, 15.6897945404, 5.25625562668, 167.767028809, -20.6330852509, 29.8721752167, 7.56292772293, 35.5954475403, -15.0517559052, 31.2370872498, -28.4084568024], [-184.09072876, 155.783874512, -68.1846923828, -8.93786048889, 2.8535721302, -117.599609375, 26.6354675293, -15.8623819351, -0.49947565794, -29.3660907745, 17.7826213837, -25.9853820801, 28.0244922638], [77.1947250366, -68.1846923828, 52.8921012878, 5.31811523438, 2.25838088989, 55.4505500793, -9.47259426117, 16.3170871735, 1.35625815392, 20.2155056, -8.32721042633, 15.0804166794, -11.0805711746], [15.6897945404, -8.93786048889, 5.31811523438, 15.4312000275, 1.2038217783, 16.269493103, -2.28525233269, 2.59671640396, 8.58407688141, 1.74589312077, 3.66032958031, -1.83120334148, -0.197236984968], [5.25625562668, 2.8535721302, 2.25838088989, 1.2038217783, 9.78347206116, 2.62268877029, 1.9892553091, 2.85725474358, 2.87953424454, 3.19275736809, 0.7526871562, -1.20697200298, 1.05015838146], [167.767028809, -117.599609375, 55.4505500793, 16.269493103, 2.62268877029, 112.528831482, -15.0665884018, 18.2473983765, 8.57698631287, 22.2517185211, -6.81924390793, 17.6083908081, -16.3897228241], [-20.6330852509, 26.6354675293, -9.47259426117, -2.28525233269, 1.9892553091, -15.0665884018, 10.5496053696, -0.0660573765635, -0.715192735195, -4.69716596603, 2.81622600555, -1.98476862907, 6.51958227158], [29.8721752167, -15.8623819351, 16.3170871735, 2.59671640396, 2.85725474358, 18.2473983765, -0.0660573765635, 10.4123754501, 1.10220837593, 5.81452417374, -1.67590749264, 3.78658890724, -0.44616112113], [7.56292772293, -0.49947565794, 1.35625815392, 8.58407688141, 2.87953424454, 8.57698631287, -0.715192735195, 1.10220837593, 10.2921524048, -1.48966705799, 2.12135648727, -2.98336482048, 1.50751566887], [35.5954475403, -29.3660907745, 20.2155056, 1.74589312077, 3.19275736809, 22.2517185211, -4.69716596603, 5.81452417374, -1.48966705799, 13.6639204025, -4.09595775604, 6.90773582458, -5.68213796616], [-15.0517559052, 17.7826213837, -8.32721042633, 3.66032958031, 0.7526871562, -6.81924390793, 2.81622600555, -1.67590749264, 2.12135648727, -4.09595775604, 8.56932258606, -4.73159217834, 3.16530561447], [31.2370872498, -25.9853820801, 15.0804166794, -1.83120334148, -1.20697200298, 17.6083908081, -1.98476862907, 3.78658890724, -2.98336482048, 6.90773582458, -4.73159217834, 13.5108575821, -6.90024900436], [-28.4084568024, 28.0244922638, -11.0805711746, -0.197236984968, 1.05015838146, -16.3897228241, 6.51958227158, -0.44616112113, 1.50751566887, -5.68213796616, 3.16530561447, -6.90024900436, 9.86497402191]],
        "icov": [[0.0628449320793, 0.0557968690991, 0.0850050970912, 0.0495445244014, 0.0219742804766, -0.05243884027, -0.0703016668558, -0.116415672004, -0.0623148940504, -0.0632712095976, -0.018690077588, 0.00607940647751, 0.0540014281869], [0.0557968690991, 0.257883071899, 0.12013065815, 0.0597123503685, 0.0151209747419, 0.125959724188, -0.207921355963, -0.165175721049, -0.163559898734, -0.0884806662798, -0.186857581139, 0.00750393979251, -0.0589524284005], [0.0850050970912, 0.12013065815, 0.229728713632, 0.0926065146923, 0.0675160512328, -0.0439432002604, -0.113154888153, -0.272774755955, -0.153512388468, -0.178427428007, -0.0538299828768, -0.00784015841782, 0.0781368389726], [0.0495445244014, 0.0597123503685, 0.0926065146923, 0.22617559135, 0.0824721306562, -0.0387361682951, -0.0695765912533, -0.133917599916, -0.214491412044, -0.134107798338, -0.101613774896, 0.0264700949192, 0.0550244897604], [0.0219742804766, 0.0151209747419, 0.0675160512328, 0.0824721306562, 0.212288156152, -0.0177171882242, -0.0979072451591, -0.109960712492, -0.146868512034, -0.159842893481, -0.0243569929153, 0.0554883778095, 0.0825098082423], [-0.05243884027, 0.125959724188, -0.0439432002604, -0.0387361682951, -0.0177171882242, 0.212327972054, -0.052805788815, 0.026691718027, -0.0530872046947, 0.0199156813323, -0.127721041441, -0.0122298477218, -0.116204686463], [-0.0703016668558, -0.207921355963, -0.113154888153, -0.0695765912533, -0.0979072451591, -0.052805788815, 0.440204292536, 0.147309839725, 0.19131205976, 0.155744537711, 0.0968960598111, -0.120556488633, -0.156788378954], [-0.116415672004, -0.165175721049, -0.272774755955, -0.133917599916, -0.109960712492, 0.026691718027, 0.147309839725, 0.524509191513, 0.210178434849, 0.171549856663, 0.0937993302941, -0.0316451974213, -0.178197607398], [-0.0623148940504, -0.163559898734, -0.153512388468, -0.214491412044, -0.146868512034, -0.0530872046947, 0.19131205976, 0.210178434849, 0.420130372047, 0.229390218854, 0.145859494805, -0.0108610503376, -0.0674921274185], [-0.0632712095976, -0.0884806662798, -0.178427428007, -0.134107798338, -0.159842893481, 0.0199156813323, 0.155744537711, 0.171549856663, 0.229390218854, 0.36048707366, 0.0826594606042, -0.0464893616736, -0.0654660463333], [-0.018690077588, -0.186857581139, -0.0538299828768, -0.101613774896, -0.0243569929153, -0.127721041441, 0.0968960598111, 0.0937993302941, 0.145859494805, 0.0826594606042, 0.341061592102, 0.0356382206082, 0.0859265103936], [0.00607940647751, 0.00750393979251, -0.00784015841782, 0.0264700949192, 0.0554883778095, -0.0122298477218, -0.120556488633, -0.0316451974213, -0.0108610503376, -0.0464893616736, 0.0356382206082, 0.209034368396, 0.149589970708], [0.0540014281869, -0.0589524284005, 0.0781368389726, 0.0550244897604, 0.0825098082423, -0.116204686463, -0.156788378954, -0.178197607398, -0.0674921274185, -0.0654660463333, 0.0859265103936, 0.149589970708, 0.456597685814]]
    },
    "melbands": {
        "dmean": [2.54331553151e-06, 3.22569076161e-06, 1.04557639133e-05, 0.000391897105146, 0.000303855747916, 6.79842050886e-05, 1.91092367459e-05, 5.22904156242e-05, 3.7014055124e-05, 3.5212478906e-06, 1.88685794456e-06, 2.01749435291e-06, 9.09962068363e-07, 6.01452143201e-07, 2.56630585227e-07, 2.16283368104e-07, 1.03251451833e-07, 1.1037707992e-07, 6.43303934567e-08, 1.15472104767e-07, 6.57428032014e-08, 1.72578111801e-07, 1.4183385133e-07, 1.14767253478e-07, 1.01007564979e-07, 9.07589807753e-08, 5.16950251495e-08, 3.20944799626e-08, 1.81172534752e-08, 1.4323222608e-08, 1.19782415098e-08, 7.44172812261e-09, 4.54528903404e-09, 3.08866887622e-09, 2.4246400443e-09, 2.09179251698e-09, 1.80055448329e-09, 1.57578317062e-09, 1.38714095765e-09, 1.24761689868e-09],
        "dmean2": [3.61880756827e-06, 4.15893327954e-06, 1.50357764142e-05, 0.000586531648878, 0.000446217774879, 0.000100033466879, 3.01711952488e-05, 8.74187098816e-05, 6.2270075432e-05, 5.50830327484e-06, 2.97978908748e-06, 3.10087648359e-06, 1.5689116708e-06, 1.02028286619e-06, 3.93325365167e-07, 3.16897796893e-07, 1.35539735879e-07, 1.62342473686e-07, 8.68431087042e-08, 1.7320458312e-07, 9.90235520248e-08, 2.95557214258e-07, 2.41886311869e-07, 1.99039604354e-07, 1.61238020269e-07, 1.39994043025e-07, 8.67679332828e-08, 4.92220415538e-08, 2.61775667809e-08, 2.08419201897e-08, 1.82645880642e-08, 1.07611519695e-08, 6.04880945332e-09, 3.60789775833e-09, 2.60257015938e-09, 2.24957363848e-09, 1.92349314254e-09, 1.66416314062e-09, 1.48018286517e-09, 1.32621880145e-09],
        "dvar": [5.93061225129e-11, 1.25938759421e-10, 1.12393272467e-09, 3.37983237841e-07, 1.60560006179e-07, 2.57972021522e-09, 3.64667518404e-10, 2.66656297043e-09, 1.00704411476e-09, 2.66550288786e-11, 5.49525746088e-12, 3.83286718336e-12, 1.26393795603e-12, 3.28945724826e-12, 3.20624576151e-13, 2.51499071135e-13, 1.59099553735e-13, 7.79656084159e-14, 6.12404482052e-14, 4.63181061431e-14, 1.78473636694e-14, 4.76934267633e-14, 1.63616509393e-14, 1.38617475449e-14, 7.08542679213e-15, 5.32150566695e-15, 1.98548228606e-15, 2.01928885329e-15, 1.26394934016e-15, 9.63990833095e-16, 8.02870449329e-16, 5.27600888037e-16, 4.46099430792e-16, 3.27172431577e-16, 2.4694790297e-16, 1.92021733868e-16, 1.47136002155e-16, 1.16263821749e-16, 8.56016856626e-17, 6.85443611639e-17],
        "dvar2": [6.16280360077e-11, 1.25246840676e-10, 1.18491660928e-09, 3.55430870513e-07, 2.05177656198e-07, 6.57539001025e-09, 8.89995854791e-10, 5.49067591393e-09, 2.24602914045e-09, 4.78372653989e-11, 1.13001127552e-11, 8.58503285822e-12, 3.38814371524e-12, 9.05111836175e-12, 4.86548139018e-13, 2.51240299181e-13, 1.59245704188e-13, 8.14780778654e-14, 6.29369874359e-14, 4.89207029649e-14, 2.18183964277e-14, 1.06361791661e-13, 4.02501111867e-14, 2.99703024984e-14, 1.77557706087e-14, 1.39253995298e-14, 4.65280576586e-15, 3.1207552513e-15, 1.34712490508e-15, 9.74891194214e-16, 9.62270191541e-16, 6.46609652401e-16, 5.34739469959e-16, 3.36942321349e-16, 2.49333994782e-16, 1.94208495005e-16, 1.48486040324e-16, 1.17251991562e-16, 8.6379513371e-17, 6.91435707996e-17],
        "max": [6.63355604047e-05, 0.000100085795566, 0.000323214626405, 0.00951682776213, 0.00727712735534, 0.00129010563251, 0.00024508064962, 0.000808716984466, 0.000587403541431, 4.49408726126e-05, 2.11200203921e-05, 2.0747200324e-05, 8.9153618319e-06, 1.40953525261e-05, 4.69206906928e-06, 4.6788900363e-06, 3.68105884263e-06, 2.69729844149e-06, 2.04812454285e-06, 2.08760229725e-06, 1.45913531924e-06, 2.12643249142e-06, 1.24972882531e-06, 1.0904255987e-06, 9.31873330501e-07, 7.09767391527e-07, 4.91178468565e-07, 3.95341885451e-07, 3.76759487608e-07, 3.00256402852e-07, 2.30707840387e-07, 1.82426191486e-07, 1.69727442767e-07, 1.4866880349e-07, 1.27992436205e-07, 1.13784508926e-07, 1.00560612282e-07, 8.82905055732e-08, 7.53707993795e-08, 6.79039473539e-08],
        "mean": [3.44032719113e-06, 5.29099452251e-06, 2.55441227637e-05, 0.00853451993316, 0.00653772242367, 0.00105362141039, 0.00011876411736, 0.00065924070077, 0.000482070550788, 7.25882955521e-06, 5.01294607602e-06, 7.2428506428e-06, 2.64455593424e-06, 1.03005436358e-06, 5.36359266334e-07, 6.68441941798e-07, 2.64459828259e-07, 2.08982513072e-07, 1.25364650216e-07, 3.82494050655e-07, 2.48121608593e-07, 6.86536793637e-07, 5.61399360777e-07, 4.98147471717e-07, 5.68283041957e-07, 3.77127719275e-07, 2.25426362022e-07, 1.46635485976e-07, 7.67424594983e-08, 4.30660449524e-08, 3.12570769267e-08, 1.50064476401e-08, 6.12480732798e-09, 3.49063711269e-09, 2.87338575156e-09, 2.41476572072e-09, 2.01009431322e-09, 1.80310399944e-09, 1.57769919351e-09, 1.48831036384e-09],
        "median": [1.7752106487e-06, 2.93551693176e-06, 2.03048912226e-05, 0.00872538611293, 0.00669288914651, 0.00108086923137, 0.000116660972708, 0.000673938076943, 0.000492862833198, 5.83755490879e-06, 4.71908833788e-06, 7.00466762282e-06, 2.42132614403e-06, 7.69935581957e-07, 4.34525105675e-07, 5.97588325491e-07, 2.02480507028e-07, 1.64793476642e-07, 8.48923491503e-08, 3.54072170694e-07, 2.27213121207e-07, 6.52762651043e-07, 5.41747510852e-07, 4.954005135e-07, 5.65011930576e-07, 3.54785498757e-07, 2.25808008736e-07, 1.41192785463e-07, 7.2294504605e-08, 3.69852415361e-08, 2.60662655904e-08, 1.09167501705e-08, 2.6823994137e-09, 7.35838223687e-10, 5.92612847683e-10, 4.66555627465e-10, 3.2022753893e-10, 2.9525809575e-10, 2.69703870348e-10, 3.3547264966e-10],
        "min": [5.22564960193e-07, 1.41672876453e-06, 1.19161204566e-05, 0.00243243761361, 0.00180350022856, 0.000375248579076, 6.05528621236e-05, 0.00022085107048, 0.000164267898072, 1.87711373201e-06, 1.66388963407e-06, 2.41618090513e-06, 9.07902119707e-07, 1.79363041752e-07, 1.99873099405e-07, 2.64037680608e-07, 1.19237938634e-07, 6.20680822294e-08, 3.54683749038e-08, 1.75077474296e-07, 1.35770164889e-07, 2.73331949074e-07, 2.4849350666e-07, 1.67649034211e-07, 3.03055912809e-07, 1.92531544485e-07, 1.00874032682e-07, 2.96918969411e-08, 3.99028756704e-08, 1.73605219089e-08, 1.37975044723e-08, 6.27272189746e-09, 1.07574116281e-09, 2.56295540346e-10, 1.97711305661e-10, 2.01301891822e-10, 1.38926342652e-10, 1.23707086241e-10, 1.08754720507e-10, 1.08406575383e-10],
        "var": [6.17096512778e-11, 1.34044414457e-10, 1.15997289551e-09, 9.1582234063e-07, 5.06311039317e-07, 2.22851959109e-08, 5.6823945549e-10, 1.07540873984e-08, 5.50476153549e-09, 3.00110873652e-11, 6.10405519533e-12, 6.15312705302e-12, 1.18098131101e-12, 1.99124570999e-12, 3.21022180193e-13, 2.7524437265e-13, 1.60419258172e-13, 8.07439984557e-14, 6.10726543664e-14, 5.09332566357e-14, 1.92770383938e-14, 6.32773794842e-14, 2.84954893882e-14, 1.91165087097e-14, 1.18071209006e-14, 9.41286707867e-15, 3.44380895871e-15, 2.31197918239e-15, 1.37269788855e-15, 1.07878804377e-15, 8.14244619503e-16, 5.21730685015e-16, 4.24543739304e-16, 3.22806135553e-16, 2.45180304028e-16, 1.90726541082e-16, 1.45929734594e-16, 1.15235550221e-16, 8.47700978317e-17, 6.78789439919e-17]
    },
    "mfcc": {
        "mean": [-800.788024902, 209.273788452, 1.94171047211, 48.9036140442, -30.1027317047, -56.6487159729, -24.9176540375, -32.7361526489, -25.3002681732, -28.4721813202, -15.3779163361, -7.71789455414, -12.8652124405],
        "cov": [[229.844177246, -100.698364258, 43.6811599731, -52.8936882019, 42.553604126, 91.40650177, 13.7115688324, 42.1004066467, 20.9495162964, 33.1596298218, 17.6226425171, 4.02211618423, 13.8108539581], [-100.698364258, 72.5143280029, -26.178981781, 28.7445373535, -24.4351825714, -52.6749191284, 2.100471735, -14.9850759506, -5.83116054535, -11.8568048477, -9.77376937866, -2.08917331696, -3.75838184357], [43.6811599731, -26.178981781, 28.1186828613, -9.04804992676, 16.3934020996, 27.8164768219, 4.62274456024, 13.7431440353, 11.7896509171, 14.4978637695, 8.88676166534, 2.55192494392, 2.34535384178], [-52.8936882019, 28.7445373535, -9.04804992676, 24.3646564484, -8.1626996994, -19.657541275, -2.31262183189, -8.06549549103, -3.53010582924, -6.26229906082, -0.347517818213, 2.30008649826, 1.80907011032], [42.553604126, -24.4351825714, 16.3934020996, -8.1626996994, 25.1851634979, 22.3889293671, 2.80863118172, 8.63475227356, 6.89655303955, 13.882440567, 7.83464193344, 3.33151888847, 2.02588510513], [91.40650177, -52.6749191284, 27.8164768219, -19.657541275, 22.3889293671, 57.2929496765, 4.49097490311, 17.8051128387, 9.32746982574, 13.7684001923, 14.2539758682, 6.39518022537, 10.2862701416], [13.7115688324, 2.100471735, 4.62274456024, -2.31262183189, 2.80863118172, 4.49097490311, 10.7285022736, 4.62889051437, 3.44804906845, 5.37272024155, -0.262297809124, 2.22944116592, 2.30331873894], [42.1004066467, -14.9850759506, 13.7431440353, -8.06549549103, 8.63475227356, 17.8051128387, 4.62889051437, 15.6369543076, 7.57413768768, 6.85291290283, 4.87528467178, 2.37310600281, 4.38257265091], [20.9495162964, -5.83116054535, 11.7896509171, -3.53010582924, 6.89655303955, 9.32746982574, 3.44804906845, 7.57413768768, 12.6008577347, 8.51375770569, 1.77161586285, -0.0520588122308, -1.07647514343], [33.1596298218, -11.8568048477, 14.4978637695, -6.26229906082, 13.882440567, 13.7684001923, 5.37272024155, 6.85291290283, 8.51375770569, 16.5546302795, 5.17866373062, -1.43666660786, -0.00242401473224], [17.6226425171, -9.77376937866, 8.88676166534, -0.347517818213, 7.83464193344, 14.2539758682, -0.262297809124, 4.87528467178, 1.77161586285, 5.17866373062, 9.38739585876, 2.45668840408, 2.48826384544], [4.02211618423, -2.08917331696, 2.55192494392, 2.30008649826, 3.33151888847, 6.39518022537, 2.22944116592, 2.37310600281, -0.0520588122308, -1.43666660786, 2.45668840408, 6.55305051804, 4.27971839905], [13.8108539581, -3.75838184357, 2.34535384178, 1.80907011032, 2.02588510513, 10.2862701416, 2.30331873894, 4.38257265091, -1.07647514343, -0.00242401473224, 2.48826384544, 4.27971839905, 9.93252849579]],
