{
"lowlevel": {
    "average_loudness": 0.99068403244,
    "barkbands_crest": {
        "dmean": 1.56938254833,
        "dmean2": 2.24610185623,
        "dvar": 3.50208997726,
        "dvar2": 7.95703983307,
        "max": 26.1204128265,
        "mean": 18.4256305695,
        "median": 20.2257823944,
        "min": 6.7501077652,
        "var": 23.265789032
    },
    "barkbands_flatness_db": {
        "dmean": 0.0297215394676,
        "dmean2": 0.0389004126191,
        "dvar": 0.00134824216366,
        "dvar2": 0.00308859255165,
        "max": 0.409385859966,
        "mean": 0.302537679672,
        "median": 0.311794668436,
        "min": 0.0619796440005,
        "var": 0.00623748451471
    },
    "barkbands_kurtosis": {
        "dmean": 4.21823596954,
        "dmean2": 6.68460559845,
        "dvar": 63.2241706848,
        "dvar2": 157.501678467,
        "max": 62.0171203613,
        "mean": 8.14759159088,
        "median": 4.8326125145,
        "min": -0.559142589569,
        "var": 107.257843018
    },
    "barkbands_skewness": {
        "dmean": 0.702440440655,
        "dmean2": 1.0347019434,
        "dvar": 0.637821555138,
        "dvar2": 1.79449892044,
        "max": 3.90170192719,
        "mean": 0.629981040955,
        "median": 0.248329460621,
        "min": -1.42304396629,
        "var": 1.61147582531
    },
    "barkbands_spread": {
        "dmean": 3.32413578033,
        "dmean2": 5.69103145599,
        "dvar": 78.6028747559,
        "dvar2": 221.613586426,
        "max": 61.7238502502,
        "mean": 5.769323349,
        "median": 3.55485081673,
        "min": 1.03785037994,
        "var": 64.5614700317
    },
    "dissonance": {
        "dmean": 0.0751542523503,
        "dmean2": 0.134705215693,
        "dvar": 0.0037046817597,
        "dvar2": 0.0075854556635,
        "max": 0.49810475111,
        "mean": 0.354449748993,
        "median": 0.366524636745,
        "min": 0.0992639288306,
        "var": 0.00692704692483
    },
    "dynamic_complexity": 2.62340927124,
    "erbbands_crest": {
        "dmean": 1.95798420906,
        "dmean2": 2.94585061073,
        "dvar": 6.10163736343,
        "dvar2": 18.6974143982,
        "max": 25.4546127319,
        "mean": 19.2437591553,
        "median": 21.282075882,
        "min": 3.27547836304,
        "var": 29.4254455566
    },
    "erbbands_flatness_db": {
        "dmean": 0.0255333837122,
        "dmean2": 0.0343838259578,
        "dvar": 0.00113607535604,
        "dvar2": 0.00272842589766,
        "max": 0.43245318532,
        "mean": 0.340978622437,
        "median": 0.366533577442,
        "min": 0.0692677721381,
        "var": 0.00622945325449
    },
    "erbbands_kurtosis": {
        "dmean": 4.29350471497,
        "dmean2": 4.92398643494,
        "dvar": 64.3448791504,
        "dvar2": 93.0130844116,
        "max": 93.8405761719,
        "mean": 8.78167915344,
        "median": 0.871843338013,
        "min": -1.31560349464,
        "var": 353.024932861
    },
    "erbbands_skewness": {
        "dmean": 0.506970286369,
        "dmean2": 0.713655769825,
        "dvar": 0.527436971664,
        "dvar2": 1.16807246208,
        "max": 7.05371665955,
        "mean": 1.55234014988,
        "median": 1.113889575,
        "min": -0.299468874931,
        "var": 2.10366797447
    },
    "erbbands_spread": {
        "dmean": 3.19207310677,
        "dmean2": 5.5707654953,
        "dvar": 99.2878341675,
        "dvar2": 280.306182861,
        "max": 76.0255661011,
        "mean": 7.94126367569,
        "median": 5.73280239105,
        "min": 1.6641740799,
        "var": 96.5530166626
    },
    "hfc": {
        "dmean": 8.64750099182,
        "dmean2": 11.4020185471,
        "dvar": 235.300552368,
        "dvar2": 550.359191895,
        "max": 123.213691711,
        "mean": 30.7965068817,
        "median": 31.3143444061,
        "min": 0.115933209658,
        "var": 501.903930664
    },
    "melbands_crest": {
        "dmean": 1.8093123436,
        "dmean2": 2.8027150631,
        "dvar": 5.34863376617,
        "dvar2": 16.6201400757,
        "max": 24.8565311432,
        "mean": 18.1008243561,
        "median": 19.1933994293,
        "min": 4.08823776245,
        "var": 13.3493299484
    },
    "melbands_flatness_db": {
        "dmean": 0.0318262651563,
        "dmean2": 0.0439007245004,
        "dvar": 0.00222049490549,
        "dvar2": 0.0058296197094,
        "max": 0.458708643913,
        "mean": 0.363783597946,
        "median": 0.385680854321,
        "min": 0.0519362688065,
        "var": 0.00669878115878
    },
    "melbands_kurtosis": {
        "dmean": 3.31899380684,
        "dmean2": 4.91696023941,
        "dvar": 27.0090274811,
        "dvar2": 74.3980255127,
        "max": 36.9042778015,
        "mean": 6.1828212738,
        "median": 4.25944185257,
        "min": -0.742078781128,
        "var": 45.4392471313
    },
    "melbands_skewness": {
        "dmean": 0.4395211339,
        "dmean2": 0.609094560146,
        "dvar": 0.200195759535,
        "dvar2": 0.325847357512,
        "max": 2.35963487625,
        "mean": 0.285143494606,
        "median": 0.144681334496,
        "min": -2.21975374222,
        "var": 1.08001041412
    },
    "melbands_spread": {
        "dmean": 4.54541826248,
        "dmean2": 7.90200138092,
        "dvar": 157.703353882,
        "dvar2": 465.036346436,
        "max": 81.3581771851,
        "mean": 9.01971817017,
        "median": 6.62675714493,
        "min": 2.90677928925,
        "var": 101.31338501
    },
    "pitch_salience": {
        "dmean": 0.0598812252283,
        "dmean2": 0.0908742845058,
        "dvar": 0.00790912751108,
        "dvar2": 0.015115105547,
        "max": 0.922077655792,
        "mean": 0.424725592136,
        "median": 0.380693942308,
        "min": 0.142941877246,
        "var": 0.0197523925453
    },
    "silence_rate_20dB": {
        "dmean": 0,
        "dmean2": 0,
        "dvar": 0,
        "dvar2": 0,
        "max": 1,
        "mean": 1,
        "median": 1,
        "min": 1,
        "var": 0
    },
    "silence_rate_30dB": {
        "dmean": 0,
        "dmean2": 0,
        "dvar": 0,
        "dvar2": 0,
        "max": 1,
        "mean": 1,
        "median": 1,
        "min": 1,
        "var": 0
    },
    "silence_rate_60dB": {
        "dmean": 0.0166666675359,
        "dmean2": 0.0338983051479,
        "dvar": 0.0163888689131,
        "dvar2": 0.0327491760254,
        "max": 1,
        "mean": 0.0327868834138,
        "median": 0,
        "min": 0,
        "var": 0.0317119508982
    },
    "spectral_centroid": {
        "dmean": 102.270584106,
        "dmean2": 186.297012329,
        "dvar": 136438.765625,
        "dvar2": 409568.3125,
        "max": 2808.91162109,
        "mean": 842.782165527,
        "median": 795.157104492,
        "min": 363.408294678,
        "var": 77456.2890625
    },
    "spectral_complexity": {
        "dmean": 1.95000004768,
        "dmean2": 2.93220329285,
        "dvar": 9.88083362579,
        "dvar2": 21.7581119537,
        "max": 26,
        "mean": 7.03278684616,
        "median": 6,
        "min": 0,
        "var": 20.097284317
    },
    "spectral_decrease": {
        "dmean": 2.01259897636e-09,
        "dmean2": 2.7517508272e-09,
        "dvar": 9.21121115897e-18,
        "dvar2": 1.77510428281e-17,
        "max": -7.46629841286e-11,
        "mean": -8.67532445881e-09,
        "median": -8.96534668726e-09,
        "min": -2.16482298754e-08,
        "var": 3.12342141985e-17
    },
    "spectral_energy": {
        "dmean": 0.00834900233895,
        "dmean2": 0.0114141982049,
        "dvar": 0.000160293930094,
        "dvar2": 0.000315110752126,
        "max": 0.0883284136653,
        "mean": 0.0355359166861,
        "median": 0.0372315905988,
        "min": 0.000292311451631,
        "var": 0.000524750736076
    },
    "spectral_energyband_high": {
        "dmean": 0.000276246661087,
        "dmean2": 0.000416370341554,
        "dvar": 7.5524286558e-07,
        "dvar2": 1.83653469321e-06,
        "max": 0.00660856021568,
        "mean": 0.000309014896629,
        "median": 1.01817277027e-05,
        "min": 2.43544377554e-06,
        "var": 9.17669296996e-07
    },
    "spectral_energyband_low": {
        "dmean": 0.000210060446989,
        "dmean2": 0.00030776366475,
        "dvar": 3.47757733721e-08,
        "dvar2": 8.47366266044e-08,
        "max": 0.0013673636131,
        "mean": 0.000358814024366,
        "median": 0.000284107867628,
        "min": 6.77697516949e-06,
        "var": 1.09790683211e-07
    },
    "spectral_energyband_middle_high": {
        "dmean": 0.00488449539989,
        "dmean2": 0.00691364938393,
        "dvar": 0.000100782504887,
        "dvar2": 0.000128328319988,
        "max": 0.0851663947105,
        "mean": 0.0138292359188,
        "median": 0.00790599081665,
        "min": 5.15574674864e-06,
        "var": 0.000350313028321
    },
    "spectral_energyband_middle_low": {
        "dmean": 0.00462654326111,
        "dmean2": 0.00625299941748,
        "dvar": 4.39916002506e-05,
        "dvar2": 0.000129064530483,
        "max": 0.0505284816027,
        "mean": 0.0216283109039,
        "median": 0.0187930688262,
        "min": 0.000183696276508,
        "var": 0.000248886150075
    },
    "spectral_entropy": {
        "dmean": 0.322533011436,
        "dmean2": 0.453674644232,
        "dvar": 0.263991773129,
        "dvar2": 0.650987029076,
        "max": 8.87626171112,
        "mean": 5.69897174835,
        "median": 5.31963825226,
        "min": 4.62607240677,
        "var": 0.775819957256
    },
    "spectral_flux": {
        "dmean": 0.0226898472756,
        "dmean2": 0.0342737659812,
        "dvar": 0.00141076499131,
        "dvar2": 0.00269059115089,
        "max": 0.244758635759,
        "mean": 0.050007853657,
        "median": 0.0247945822775,
        "min": 0.0120043121278,
        "var": 0.0024610941764
    },
    "spectral_kurtosis": {
        "dmean": 7.91939258575,
        "dmean2": 14.7545890808,
        "dvar": 52.8753623962,
        "dvar2": 143.884490967,
        "max": 57.9309654236,
        "mean": 28.1104164124,
        "median": 28.2105236053,
        "min": 0.873499393463,
        "var": 198.809875488
    },
    "spectral_rms": {
        "dmean": 0.000739256443921,
        "dmean2": 0.00093666772591,
        "dvar": 1.34020240239e-06,
        "dvar2": 2.26667611969e-06,
        "max": 0.00928299874067,
        "mean": 0.00546463439241,
        "median": 0.00602689804509,
        "min": 0.000534024264198,
        "var": 4.80697281091e-06
    },
    "spectral_rolloff": {
        "dmean": 587.497497559,
        "dmean2": 1180.31140137,
        "dvar": 5815675.5,
        "dvar2": 17423684,
        "max": 14319.5800781,
        "mean": 1306.81799316,
        "median": 1291.9921875,
        "min": 387.59765625,
        "var": 2896572.25
    },
    "spectral_skewness": {
        "dmean": 0.653267264366,
        "dmean2": 1.1985963583,
        "dvar": 0.372916162014,
        "dvar2": 0.980494260788,
        "max": 6.18185758591,
        "mean": 4.17772769928,
        "median": 4.31803703308,
        "min": 1.11408293247,
        "var": 1.3223720789
    },
    "spectral_spread": {
        "dmean": 915648.8125,
        "dmean2": 1469173.375,
        "dvar": 2.20124676096e+12,
        "dvar2": 4.87352015258e+12,
        "max": 12910115,
        "mean": 3126880.25,
        "median": 2456863,
        "min": 1588628.75,
        "var": 4.09759776768e+12
    },
    "spectral_strongpeak": {
        "dmean": 0.583899796009,
        "dmean2": 0.718076467514,
        "dvar": 1.00414025784,
        "dvar2": 1.26149237156,
        "max": 9.03307533264,
        "mean": 3.5624229908,
        "median": 3.27949738503,
        "min": 0.00702306581661,
        "var": 4.41725492477
    },
    "zerocrossingrate": {
        "dmean": 0.00513509102166,
        "dmean2": 0.0057435114868,
        "dvar": 6.5759755671e-05,
        "dvar2": 7.76140732341e-05,
        "max": 0.1044921875,
        "mean": 0.0388063527644,
        "median": 0.03466796875,
        "min": 0.00927734375,
        "var": 0.00025526896934
    },
    "barkbands": {
        "dmean": [4.22584298576e-06, 0.000178569098352, 2.83264471364e-05, 7.97819375293e-05, 0.000417542061768, 0.000153887958732, 4.55481713288e-05, 0.000318708916893, 0.00344812730327, 0.00438916822895, 0.000319855636917, 0.000492536462843, 0.00115381414071, 2.47756088356e-05, 2.46669424087e-05, 1.78141237939e-06, 2.83834378934e-06, 2.5098831884e-06, 1.14325202958e-05, 3.70446723537e-05, 3.61545171472e-05, 2.39636810875e-05, 1.10928567665e-05, 4.70829327242e-05, 3.65045816579e-05, 9.59527969826e-05, 2.14283700188e-05],
        "dmean2": [7.18095634511e-06, 0.00026207708288, 4.75877423014e-05, 0.000133482331876, 0.000771161052398, 0.00030048674671, 7.57753441576e-05, 0.000342170533258, 0.00370918028057, 0.00668606813997, 0.000497049128171, 0.000557836727239, 0.0014672037214, 4.17320952693e-05, 4.09235253755e-05, 3.12920860779e-06, 4.29044166594e-06, 4.211725809e-06, 1.9173763576e-05, 5.7675595599e-05, 5.38150379725e-05, 4.18056624767e-05, 1.91853159777e-05, 8.14876475488e-05, 6.10171155131e-05, 0.000149629107909, 3.60014091711e-05],
        "dvar": [2.16963218225e-11, 3.22024824584e-08, 1.93979010632e-09, 2.83970766901e-08, 8.90319256541e-07, 3.69855484905e-07, 1.63986388912e-08, 4.86514636577e-07, 1.16517167044e-05, 0.000112256100692, 7.31125851416e-07, 1.16564069685e-06, 1.27680539208e-06, 5.00604935283e-09, 3.64332941594e-09, 2.61118713457e-11, 4.17035295186e-11, 4.71184584405e-11, 5.64690183502e-10, 1.85479223092e-08, 9.21212883753e-09, 5.8047331386e-09, 1.37574829306e-09, 2.09521147099e-08, 1.59807083122e-08, 1.10772084838e-07, 3.71641450947e-09],
        "dvar2": [5.64515066637e-11, 7.57636939852e-08, 4.76605510613e-09, 7.62169349855e-08, 2.50232824328e-06, 1.10519920327e-06, 4.2086576002e-08, 5.63009791676e-07, 2.22059898078e-05, 0.000157737231348, 1.46073818996e-06, 1.25964061226e-06, 2.36483947447e-06, 1.4091614986e-08, 8.07196265384e-09, 7.55720763745e-11, 9.22197179731e-11, 9.676287549e-11, 1.43333545033e-09, 3.78180438076e-08, 2.28750014486e-08, 1.52668313547e-08, 3.84011489274e-09, 5.61531692256e-08, 4.31376001586e-08, 2.44084873202e-07, 1.00563859462e-08],
        "max": [2.04520783882e-05, 0.0011901750695, 0.00028700067196, 0.00088294170564, 0.0046146386303, 0.00357544748113, 0.000898486468941, 0.00881929323077, 0.0502228885889, 0.0854512751102, 0.00583154242486, 0.0106524638832, 0.0147495688871, 0.000492329825647, 0.000430326035712, 3.21489205817e-05, 5.30174984306e-05, 5.01204667671e-05, 0.00012375129154, 0.000995322247036, 0.000522174697835, 0.000516735832207, 0.000244035385549, 0.000724050041754, 0.000906325003598, 0.00249285926111, 0.000366830878193],
        "mean": [4.09316089645e-06, 0.000301998719806, 3.39140024153e-05, 9.52904229052e-05, 0.000551404606085, 0.000128541039885, 5.2711704484e-05, 0.00086488033412, 0.0187712870538, 0.00860899314284, 0.000481502211187, 0.00098006578628, 0.004234415479, 3.35741897288e-05, 4.56368761661e-05, 2.53404164141e-06, 4.06807794207e-06, 2.95433073916e-06, 1.52979100676e-05, 5.17829539604e-05, 4.4147054723e-05, 2.2251617338e-05, 1.17520030471e-05, 3.74036681023e-05, 3.48919202224e-05, 9.90726330201e-05, 2.12844697671e-05],
        "median": [1.53269638759e-06, 0.000160333613167, 2.55877821473e-05, 1.60572926688e-05, 0.00020725253853, 5.17631997354e-05, 2.01538368856e-05, 1.44376663229e-05, 0.0128825148568, 0.000139897150802, 4.51669111499e-05, 2.37870699493e-05, 0.00318194855936, 5.56995109946e-06, 2.35474981309e-05, 1.54878023295e-06, 1.68776807641e-06, 4.35454410308e-07, 6.51243453831e-06, 2.2195144993e-06, 4.27490158472e-06, 7.12597284291e-07, 9.96338144432e-07, 1.2808259271e-06, 7.33070407932e-07, 5.8830079297e-07, 9.15445809824e-07],
        "min": [8.01446446985e-08, 3.07178879666e-06, 5.76776301386e-07, 1.25344377011e-06, 6.16842953605e-06, 1.49147581396e-06, 3.93616801375e-06, 5.55150847958e-07, 1.38206962674e-06, 1.35373215926e-06, 6.83965424741e-07, 5.96531776864e-07, 4.16448699525e-07, 4.87822376272e-07, 2.71852883316e-07, 5.53873924503e-08, 1.73923751845e-07, 4.795313302e-08, 1.8466134577e-07, 2.14182350078e-07, 2.22314625375e-07, 1.45285909525e-07, 1.21480397297e-07, 1.72587689917e-07, 8.43696454922e-08, 1.35020826519e-07, 1.93501136891e-07],
        "var": [2.53669394518e-11, 9.97265061642e-08, 1.814267514e-09, 3.73955160171e-08, 9.9531291653e-07, 2.03227159545e-07, 1.47986716215e-08, 4.01360284741e-06, 0.000257553096162, 0.000396260380512, 1.26806867229e-06, 5.53553672944e-06, 1.33672392622e-05, 5.28373256259e-09, 7.22433979305e-09, 1.75002217578e-11, 6.06050487573e-11, 5.99567964721e-11, 5.95291815841e-10, 2.84204606515e-08, 1.11287876692e-08, 5.67697533427e-09, 1.17213982964e-09, 1.59585216153e-08, 1.63226712147e-08, 1.39801215937e-07, 4.982459334e-09]
    },
    "erbbands": {
        "dmean": [0.00394460000098, 0.0459426231682, 0.0479000583291, 0.147419989109, 1.38066351414, 1.00481545925, 0.923046469688, 1.07761454582, 0.752726256847, 1.10901832581, 27.6034908295, 72.5196380615, 124.097328186, 66.1897888184, 14.3900632858, 23.6303195953, 55.3594703674, 3.24509143829, 1.13081896305, 0.922693371773, 0.0815066024661, 0.180592030287, 0.141241922975, 0.478983610868, 0.85341578722, 0.8810146451, 1.89780008793, 1.58317518234, 0.874016344547, 0.654229402542, 0.337270081043, 0.543367564678, 0.926634907722, 0.341077059507, 0.310612827539, 0.313194811344, 0.201925337315, 0.0449318885803, 0.00460297754034, 0.000119192773127],
        "dmean2": [0.00659140897915, 0.0657881647348, 0.0717557519674, 0.260958403349, 2.47401499748, 1.86517453194, 1.82116377354, 2.08956646919, 1.34239339828, 1.58028662205, 32.3488121033, 70.2209777832, 191.623397827, 106.002792358, 21.4715843201, 22.679265976, 69.2280197144, 4.60405540466, 1.82840704918, 1.53518557549, 0.131265580654, 0.260292828083, 0.2213370502, 0.781955778599, 1.52761673927, 1.29814302921, 2.81990695, 2.17104792595, 1.49878895283, 1.10515606403, 0.56988632679, 0.858333468437, 1.64463126659, 0.591992795467, 0.498974233866, 0.531636476517, 0.316277861595, 0.0687659308314, 0.00772245461121, 0.000200963229872],
        "dvar": [1.74499837158e-05, 0.00201586354524, 0.00232460070401, 0.0819069594145, 10.2529277802, 5.07334852219, 14.6347208023, 16.4087867737, 4.08560371399, 5.3268032074, 1697.60437012, 5039.62451172, 81535.5078125, 21121.6660156, 1734.67700195, 1368.48242188, 2987.65844727, 23.3698596954, 10.5963144302, 2.75655055046, 0.027815554291, 0.160259917378, 0.186336517334, 0.85662394762, 4.12904882431, 9.37554073334, 50.3173675537, 15.724193573, 7.53694915771, 4.07487249374, 1.31573569775, 3.03809857368, 9.46010303497, 1.1569262743, 1.19023537636, 1.04282152653, 0.657209932804, 0.0202455278486, 0.000193027939531, 1.38787100923e-07],
        "dvar2": [5.72188837396e-05, 0.00434546079487, 0.00570912007242, 0.222626850009, 27.1009082794, 14.9242095947, 43.642414093, 48.9235801697, 11.502954483, 12.4709730148, 3173.97851562, 6237.70361328, 145578.203125, 35331.0234375, 3894.84204102, 1343.44226074, 5508.53076172, 56.666934967, 26.8560390472, 6.33484363556, 0.0741304159164, 0.341925412416, 0.382170498371, 2.10831069946, 11.2259712219, 21.0402145386, 114.189826965, 33.250087738, 21.0002040863, 10.2110691071, 3.56137275696, 7.09324455261, 26.2079124451, 3.1204199791, 3.11555147171, 2.41949057579, 1.49332261086, 0.0424500368536, 0.000494278967381, 3.79698519737e-07],
        "max": [0.0209967717528, 0.308837294579, 0.253111600876, 1.54551506042, 17.3743076324, 12.4931850433, 22.1205120087, 24.2855224609, 13.7203474045, 16.0559272766, 410.354858398, 1280.96594238, 2056.76171875, 1062.84533691, 295.298980713, 392.017486572, 701.458374023, 35.106262207, 23.871837616, 12.2765436172, 1.30690515041, 3.35679769516, 3.22517418861, 4.91036987305, 12.4346494675, 22.7533969879, 50.4807662964, 29.6233558655, 17.9533348083, 14.2298116684, 7.80164861679, 12.9474248886, 17.0485172272, 6.85021734238, 7.87057542801, 6.65406322479, 5.7089266777, 1.18712973595, 0.0881769806147, 0.00266002048738],
        "mean": [0.0064083323814, 0.0745802149177, 0.0657826140523, 0.186318606138, 1.89191496372, 1.26721155643, 0.663875341415, 0.983191311359, 1.01448404789, 3.16577959061, 126.859642029, 474.544464111, 237.459594727, 129.63168335, 21.8160495758, 66.3560791016, 212.352630615, 10.5587282181, 2.07040166855, 1.92133116722, 0.18261641264, 0.252439796925, 0.178961649537, 0.662176787853, 1.05920565128, 1.14976918697, 2.22194576263, 2.20303463936, 0.781579911709, 0.647631406784, 0.346301674843, 0.518824636936, 0.712574958801, 0.302500367165, 0.300117462873, 0.279015868902, 0.187555268407, 0.0565132535994, 0.00473147258162, 0.000160095500178],
        "median": [0.00348844728433, 0.0426144823432, 0.0530988574028, 0.0652626678348, 0.535112679005, 0.680682301521, 0.129233181477, 0.428841561079, 0.558826804161, 2.37220072746, 99.0702133179, 287.238128662, 51.4295806885, 4.95634365082, 2.70249843597, 39.5724105835, 176.252227783, 8.00636768341, 0.879631280899, 1.43734884262, 0.150719225407, 0.0808243006468, 0.0489971078932, 0.292106598616, 0.154069840908, 0.124009996653, 0.235863387585, 0.0819464251399, 0.0398936383426, 0.0386255122721, 0.0226420555264, 0.0199455562979, 0.0216402392834, 0.00767256738618, 0.00539308739826, 0.00284838327207, 0.00116633658763, 0.000405925675295, 0.000125388716697, 5.54237340111e-05],
        "min": [7.0046968176e-05, 0.000711558153853, 0.00263327709399, 0.0065433839336, 0.0339520834386, 0.0120024308562, 0.00447570485994, 0.0168874971569, 0.0842622295022, 0.141638532281, 0.14765521884, 0.0297943744808, 0.0447648689151, 0.0180715769529, 0.0369473472238, 0.0212013740093, 0.0206461772323, 0.0208636689931, 0.0218540225178, 0.0166787784547, 0.0100341569632, 0.0133202755824, 0.0115091493353, 0.00888427440077, 0.00863635353744, 0.00905941706151, 0.00826107338071, 0.00673013925552, 0.00592618621886, 0.00501038506627, 0.00349737750366, 0.00296873645857, 0.00288382614963, 0.0019041140331, 0.000677769712638, 0.000624756736215, 0.000256184634054, 8.45200484036e-05, 2.53326998063e-05, 3.75686408915e-06],
        "var": [4.19124480686e-05, 0.00631589954719, 0.00344553426839, 0.0949725583196, 15.4841661453, 3.8268392086, 7.94012355804, 9.36892604828, 3.13848662376, 11.025261879, 12345.3330078, 178033.90625, 222029.71875, 70972.171875, 2306.86938477, 7205.36523438, 29676.8066406, 66.2296295166, 15.0881404877, 5.12400722504, 0.0325685516, 0.248774722219, 0.227483734488, 0.972423374653, 4.74609231949, 12.799744606, 57.122341156, 28.173084259, 6.41874647141, 4.15705680847, 1.22860276699, 3.28000760078, 6.55368089676, 1.03868103027, 1.23452246189, 1.06626236439, 0.683312594891, 0.037419129163, 0.000273894635029, 1.59429561108e-07]
    },
    "gfcc": {
        "mean": [-92.4375076294, 102.312271118, -111.713287354, -43.9533691406, -66.9586334229, 25.90899086, 3.25779342651, 4.34533882141, -23.2137050629, 5.40318107605, -16.8321228027, -24.7874641418, -19.8729228973],
        "cov": [[3776.4777832, -1722.20703125, -289.14630127, -347.577789307, -824.712219238, 106.109214783, 217.566650391, 6.41150712967, -630.284912109, -105.883163452, -280.69519043, 197.899154663, 152.961349487], [-1722.20703125, 1630.44995117, -75.2821884155, -24.7934246063, 564.948059082, 105.687522888, 93.2742004395, 29.1506843567, 494.934204102, 158.403503418, 213.644485474, -402.66104126, -223.382415771], [-289.14630127, -75.2821884155, 582.34375, 302.618743896, 188.469070435, -122.785758972, -225.255630493, -47.9366188049, -14.518445015, -13.4369487762, -41.0367355347, 122.714431763, 78.2816238403], [-347.577789307, -24.7934246063, 302.618743896, 431.334136963, 32.8071632385, -73.4044494629, -55.0967674255, 34.319683075, -73.8147354126, -155.523529053, -75.7061538696, 93.402671814, 153.252746582], [-824.712219238, 564.948059082, 188.469070435, 32.8071632385, 467.337921143, -22.9126644135, -134.87437439, -20.3497562408, 296.031555176, 188.889755249, 147.500579834, -70.3778915405, -148.267974854], [106.109214783, 105.687522888, -122.785758972, -73.4044494629, -22.9126644135, 107.040740967, 103.837493896, 32.6583175659, 22.8640041351, -5.5413942337, 9.46316623688, -62.8037528992, -25.5353164673], [217.566650391, 93.2742004395, -225.255630493, -55.0967674255, -134.87437439, 103.837493896, 223.656661987, 52.9645042419, -41.8515434265, -66.6894836426, -34.1073722839, -93.5154876709, 20.1839179993], [6.41150712967, 29.1506843567, -47.9366188049, 34.319683075, -20.3497562408, 32.6583175659, 52.9645042419, 60.737953186, 20.2270126343, -8.8071231842, 4.12714719772, -6.88454675674, 11.2239437103], [-630.284912109, 494.934204102, -14.518445015, -73.8147354126, 296.031555176, 22.8640041351, -41.8515434265, 20.2270126343, 293.887390137, 202.313049316, 164.744613647, -89.6114730835, -148.62272644], [-105.883163452, 158.403503418, -13.4369487762, -155.523529053, 188.889755249, -5.5413942337, -66.6894836426, -8.8071231842, 202.313049316, 239.083755493, 147.754425049, -20.6822490692, -151.186828613], [-280.69519043, 213.644485474, -41.0367355347, -75.7061538696, 147.500579834, 9.46316623688, -34.1073722839, 4.12714719772, 164.744613647, 147.754425049, 127.252952576, -26.1182498932, -103.484634399], [197.899154663, -402.66104126, 122.714431763, 93.402671814, -70.3778915405, -62.8037528992, -93.5154876709, -6.88454675674, -89.6114730835, -20.6822490692, -26.1182498932, 165.242782593, 62.6303329468], [152.961349487, -223.382415771, 78.2816238403, 153.252746582, -148.267974854, -25.5353164673, 20.1839179993, 11.2239437103, -148.62272644, -151.186828613, -103.484634399, 62.6303329468, 146.411560059]],
        "icov": [[0.00202949694358, 0.00119595509022, 0.00127791578416, -0.00121476931963, -0.000946015701629, -0.00482731312513, 0.00165359990206, -0.00218474282883, 0.00929233524948, -0.0110239693895, 0.00340905482881, 0.00411418499425, -0.00286896782927], [0.00119595509022, 0.00926249846816, -0.0017309441464, -0.00146263244096, -0.00246458197944, 0.00118449819274, -0.00260787503794, 0.000801681482699, -0.00579091813415, 0.00728543801233, -0.00819395203143, 0.0169449672103, 0.0019523599185], [0.00127791578416, -0.0017309441464, 0.0108414841816, -0.00743874069303, -0.00367404939607, -0.0100091425702, 0.00905483402312, 0.00283397827297, 0.0129617117345, -0.0232559349388, 0.0146418530494, 0.000338882004144, -0.00957110524178], [-0.00121476931963, -0.00146263244096, -0.00743874069303, 0.0158758275211, -0.00341628002934, 0.0122800562531, -0.00677492795512, -0.0105768507347, -0.005233686883, 0.0218248330057, -0.0134583404288, -0.00809673313051, -0.00200086762197], [-0.000946015701629, -0.00246458197944, -0.00367404939607, -0.00341628002934, 0.0170793216676, 0.000353854178684, 0.000989637104794, 0.00914297811687, -0.0201356634498, 0.00587191339582, 0.00710892537609, -0.00559856323525, 0.0123318461701], [-0.00482731312513, 0.00118449819274, -0.0100091425702, 0.0122800562531, 0.000353854178684, 0.0418377630413, -0.0194117538631, -0.00527798058465, -0.0307080093771, 0.0498103834689, -0.0225468371063, -0.00649081356823, 0.0171875469387], [0.00165359990206, -0.00260787503794, 0.00905483402312, -0.00677492795512, 0.000989637104794, -0.0194117538631, 0.0258862245828, -0.0079277921468, 0.0209285654128, -0.0269679129124, 0.0108382580802, 0.0104491319507, -0.0122126387432], [-0.00218474282883, 0.000801681482699, 0.00283397827297, -0.0105768507347, 0.00914297811687, -0.00527798058465, -0.0079277921468, 0.0471831820905, -0.0342291332781, 0.0077812531963, 0.011467914097, -0.00962821487337, 0.00438886927441], [0.00929233524948, -0.00579091813415, 0.0129617117345, -0.005233686883, -0.0201356634498, -0.0307080093771, 0.0209285654128, -0.0342291332781, 0.109176427126, -0.0857459679246, -0.000297429272905, 0.0188109185547, -0.0319774448872], [-0.0110239693895, 0.00728543801233, -0.0232559349388, 0.0218248330057, 0.00587191339582, 0.0498103834689, -0.0269679129124, 0.0077812531963, -0.0857459679246, 0.1309902668, -0.0580345839262, -0.0131111340597, 0.0427880808711], [0.00340905482881, -0.00819395203143, 0.0146418530494, -0.0134583404288, 0.00710892537609, -0.0225468371063, 0.0108382580802, 0.011467914097, -0.000297429272905, -0.0580345839262, 0.0851960703731, -0.0200783163309, -0.000334406620823], [0.00411418499425, 0.0169449672103, 0.000338882004144, -0.00809673313051, -0.00559856323525, -0.00649081356823, 0.0104491319507, -0.00962821487337, 0.0188109185547, -0.0131111340597, -0.0200783163309, 0.0568012781441, -0.0105882138014], [-0.00286896782927, 0.0019523599185, -0.00957110524178, -0.00200086762197, 0.0123318461701, 0.0171875469387, -0.0122126387432, 0.00438886927441, -0.0319774448872, 0.0427880808711, -0.000334406620823, -0.0105882138014, 0.0528670474887]]
    },
    "melbands": {
        "dmean": [4.41929660155e-05, 4.00626049668e-05, 5.44333997823e-05, 0.000104549122625, 2.80646654574e-05, 2.55009235843e-05, 1.13590931505e-05, 9.66169136518e-06, 0.000380501121981, 0.000417135306634, 0.000651661830489, 0.000328985013766, 4.52209933428e-05, 2.8669148378e-05, 0.000143338635098, 6.84717670083e-05, 2.14914234675e-06, 1.70523276211e-06, 1.89888896784e-06, 5.12020221777e-07, 5.16529574668e-08, 2.08483172059e-07, 1.21632069749e-07, 1.29058236098e-07, 4.19482148573e-07, 5.33144827841e-07, 7.10362769496e-07, 6.74871387218e-07, 1.77464937678e-06, 8.07134938441e-07, 7.39500649161e-07, 4.60619219211e-07, 5.81058486659e-07, 2.81787720269e-07, 1.87193606394e-07, 2.06503870004e-07, 3.86421902476e-07, 6.32174646853e-07, 5.57447435767e-07, 2.27671989705e-07],
        "dmean2": [6.77160496707e-05, 5.8006560721e-05, 9.60799006862e-05, 0.000195222572074, 5.49295982637e-05, 4.9545258662e-05, 2.03117124329e-05, 1.66796780832e-05, 0.000430779822636, 0.000435503199697, 0.000998747651465, 0.000507638731506, 7.01251774444e-05, 4.70967897854e-05, 0.000160362949828, 9.04878179426e-05, 3.62239484275e-06, 2.65547350864e-06, 3.13828331855e-06, 8.81563494204e-07, 8.80689725591e-08, 2.94674805446e-07, 1.90735249816e-07, 2.15354646116e-07, 6.93400352247e-07, 9.59513272392e-07, 1.25636699977e-06, 1.09236248136e-06, 2.79176083495e-06, 1.07982953068e-06, 1.02144747416e-06, 8.02241288511e-07, 9.77710556072e-07, 4.79398352127e-07, 3.29825354584e-07, 3.11089621619e-07, 6.22241941528e-07, 1.13051589778e-06, 1.01366219951e-06, 3.83065611231e-07],
        "dvar": [1.95320759566e-09, 1.30554644873e-09, 1.60165196661e-08, 5.56719079725e-08, 1.19113492403e-08, 9.09503228286e-09, 1.01927322138e-09, 6.33257113414e-10, 2.37546984749e-07, 1.68002728174e-07, 2.35475658883e-06, 6.01538602041e-07, 1.59070001615e-08, 8.38395486369e-09, 2.33914008163e-08, 4.6476396065e-09, 4.56754807587e-11, 2.33093214869e-11, 2.41163825021e-11, 5.73467759824e-13, 1.16902887991e-14, 1.79686072879e-13, 1.20730790816e-13, 1.36543391611e-13, 6.5974846029e-13, 1.55030014434e-12, 3.12383474123e-12, 6.10438782855e-12, 4.96265424588e-11, 3.76814551784e-12, 3.44519096411e-12, 1.87668674004e-12, 3.17074751871e-12, 7.92820344965e-13, 5.11744455405e-13, 3.44892327588e-13, 1.69726114673e-12, 4.28715526621e-12, 3.49388920573e-12, 7.09617586046e-13],
        "dvar2": [5.17714182635e-09, 2.83125545231e-09, 4.08222149417e-08, 1.57424580038e-07, 3.52904976353e-08, 2.71481006564e-08, 2.80344547576e-09, 1.37111622056e-09, 4.56425482298e-07, 2.52622726293e-07, 3.89872957385e-06, 8.49028424454e-07, 3.32052003671e-08, 1.95872384978e-08, 3.10730818853e-08, 9.33404464831e-09, 1.29459873377e-10, 6.03403924049e-11, 4.72156376496e-11, 1.58284539989e-12, 3.1960613084e-14, 3.76003996818e-13, 2.38902918715e-13, 2.98537101073e-13, 1.57918567546e-12, 4.10946277007e-12, 8.43570872877e-12, 1.2322825052e-11, 1.08397457677e-10, 7.67837009252e-12, 7.43299605893e-12, 5.62224268877e-12, 7.82293067131e-12, 2.07844418759e-12, 1.44313250586e-12, 7.90923750105e-13, 4.05337569065e-12, 1.19118482439e-11, 9.80797734695e-12, 1.87903729035e-12],
        "max": [0.000282347609755, 0.000242634181632, 0.000708005740307, 0.00112546037417, 0.000638018420432, 0.000569921860006, 0.000216760076, 0.000167443649843, 0.00475967675447, 0.00686209090054, 0.0114662619308, 0.00612193299457, 0.000859132036567, 0.00066903908737, 0.00147647922859, 0.000834456877783, 4.82108880533e-05, 3.48405737896e-05, 3.45668377122e-05, 4.63966580355e-06, 7.76260435487e-07, 3.60886156159e-06, 2.64469758804e-06, 2.62111848315e-06, 4.67747531729e-06, 7.48479260437e-06, 1.00019578895e-05, 1.78301943379e-05, 4.96737375215e-05, 1.53962919285e-05, 1.33639568958e-05, 8.51762979437e-06, 1.2251208318e-05, 6.07644824413e-06, 4.59926241092e-06, 4.48063883596e-06, 9.49914465309e-06, 1.12575298772e-05, 1.00766037576e-05, 5.97509460931e-06],
        "mean": [7.6380718383e-05, 6.01288520556e-05, 7.64981523389e-05, 0.000140247924719, 2.13147468457e-05, 2.32181919273e-05, 1.41979608088e-05, 1.35119926199e-05, 0.00189741060603, 0.00256630824879, 0.00118879741058, 0.000676798110362, 6.29246933386e-05, 5.63495414099e-05, 0.00051662675105, 0.000247530260822, 3.19109767588e-06, 2.49844538303e-06, 3.6469934912e-06, 1.04459184058e-06, 7.23148261272e-08, 2.83128684941e-07, 1.64771549294e-07, 1.37209326567e-07, 5.83110931984e-07, 6.95110543347e-07, 8.53535084389e-07, 8.44602311645e-07, 1.96272458197e-06, 1.09957522909e-06, 1.03083573322e-06, 3.61741228971e-07, 5.25801453932e-07, 2.75202211242e-07, 1.62822885841e-07, 2.50171808602e-07, 3.42151366794e-07, 4.96825805385e-07, 4.15978831825e-07, 2.05183354751e-07],
        "median": [3.99079326598e-05, 4.45939112979e-05, 1.65580986504e-05, 5.54464459128e-05, 5.9502917793e-06, 1.03114689409e-05, 7.45261968405e-06, 1.69794486737e-06, 0.00155475921929, 0.00176773534622, 1.52209458975e-05, 1.26449385789e-05, 4.44862098448e-06, 1.90622142782e-06, 0.000386654515751, 0.000202138326131, 6.28880627573e-07, 3.73472175852e-07, 1.53400242198e-06, 9.50633307184e-07, 3.53843425671e-08, 6.84895624659e-08, 7.50721014242e-08, 2.20311768828e-08, 2.67742422011e-07, 1.97825087866e-07, 5.39217772655e-08, 6.400116348e-08, 9.46927514178e-08, 8.47320436037e-08, 3.61386049974e-08, 1.95877287723e-08, 1.51392693937e-08, 2.64296033947e-08, 1.23150636355e-08, 9.90193438355e-09, 1.44208565089e-08, 1.68068794437e-08, 8.25518142733e-09, 4.52722792588e-09],
        "min": [6.52293692838e-07, 1.21504115214e-06, 1.85753719961e-06, 1.80798269867e-06, 1.42854162277e-07, 3.74804983494e-07, 1.41255236485e-06, 8.05327573516e-08, 1.00220063359e-06, 1.81092502771e-07, 2.03236723451e-07, 5.40563078744e-08, 1.1782139353e-07, 8.18202892106e-08, 4.73967176617e-08, 3.11618997273e-08, 3.62217384975e-08, 3.85936189673e-08, 1.60667141813e-08, 8.6284632772e-09, 2.88627943767e-09, 1.0350163393e-08, 7.64178675894e-09, 2.62183519339e-09, 6.44799014182e-09, 4.24829194046e-09, 2.63495714137e-09, 4.87059770293e-09, 4.51747350638e-09, 4.98313301733e-09, 3.24534465967e-09, 3.1074185447e-09, 2.61436383653e-09, 2.57288323979e-09, 2.01899452712e-09, 1.49096823776e-09, 2.11498329961e-09, 2.01751282347e-09, 1.90700655267e-09, 7.51749495986e-10],
        "var": [6.1645515359e-09, 3.39628924984e-09, 2.55785597147e-08, 6.06809962278e-08, 6.59142429527e-09, 5.1514992272e-09, 7.95251420271e-10, 9.51413947625e-10, 2.49461845669e-06, 5.09022947881e-06, 7.06168611941e-06, 2.25023632083e-06, 2.34401422716e-08, 1.81159585111e-08, 1.75903082322e-07, 4.27175699258e-08, 5.33927450863e-11, 3.00508055939e-11, 5.67246701e-11, 7.23374376892e-13, 1.26754516442e-14, 3.17614749605e-13, 1.5356949924e-13, 1.51714104062e-13, 7.84479089761e-13, 1.47547024511e-12, 4.12281580403e-12, 8.65284927043e-12, 5.88806919888e-11, 6.76737962543e-12, 6.08185854109e-12, 1.52604860172e-12, 3.24197114467e-12, 6.91639182992e-13, 3.73290049045e-13, 5.33183740214e-13, 1.67695729265e-12, 2.99007281608e-12, 2.335187382e-12, 6.6215365439e-13]
    },
    "mfcc": {
        "mean": [-768.470275879, 157.878036499, 6.5228061676, -26.3533191681, -34.724647522, 9.90533924103, 21.2686138153, 1.32550752163, 3.51973938942, 19.3275470734, 12.5426521301, 2.09943270683, -18.0718688965],
        "cov": [[4424.7265625, -1453.97460938, -193.9581604, -964.935974121, -1269.76623535, -111.013771057, 430.348480225, 152.510848999, -22.7713661194, -220.964584351, -506.067657471, -383.805023193, -190.005065918], [-1453.97460938, 938.961547852, -131.413330078, 226.418548584, 433.646972656, 114.228401184, -66.9598693848, -74.6120300293, 4.7858133316, 275.014160156, 333.558959961, 258.702728271, 113.332069397], [-193.9581604, -131.413330078, 464.130493164, 254.966827393, 141.068008423, -19.4313468933, -46.5003852844, -20.4538230896, 85.1690292358, -174.849182129, -49.1538658142, -125.559814453, -179.099594116], [-964.935974121, 226.418548584, 254.966827393, 482.652526855, 470.391265869, 14.4874734879, -151.41293335, -75.8360137939, 41.9096641541, -33.7701416016, 122.50566864, 66.2786254883, 14.825097084], [-1269.76623535, 433.646972656, 141.068008423, 470.391265869, 723.373901367, 29.3000164032, -242.26348877, -167.688201904, -34.9226493835, 67.9656219482, 252.151229858, 227.289108276, 204.624816895], [-111.013771057, 114.228401184, -19.4313468933, 14.4874734879, 29.3000164032, 62.6454353333, 34.6334571838, 16.1584873199, 12.3129844666, 34.9408950806, 45.0017471313, 29.1299133301, -5.89184856415], [430.348480225, -66.9598693848, -46.5003852844, -151.41293335, -242.26348877, 34.6334571838, 151.221038818, 99.5227355957, 54.1884269714, 8.70476436615, -55.6971054077, -59.1141548157, -99.258392334], [152.510848999, -74.6120300293, -20.4538230896, -75.8360137939, -167.688201904, 16.1584873199, 99.5227355957, 140.444992065, 61.0685195923, -25.7301063538, -73.3063278198, -78.6025390625, -105.778900146], [-22.7713661194, 4.7858133316, 85.1690292358, 41.9096641541, -34.9226493835, 12.3129844666, 54.1884269714, 61.0685195923, 105.058418274, -23.2805156708, -19.3803539276, -36.1417961121, -108.625297546], [-220.964584351, 275.014160156, -174.849182129, -33.7701416016, 67.9656219482, 34.9408950806, 8.70476436615, -25.7301063538, -23.2805156708, 157.830993652, 124.504875183, 126.107978821, 99.205947876], [-506.067657471, 333.558959961, -49.1538658142, 122.50566864, 252.151229858, 45.0017471313, -55.6971054077, -73.3063278198, -19.3803539276, 124.504875183, 198.937072754, 155.56803894, 112.221138], [-383.805023193, 258.702728271, -125.559814453, 66.2786254883, 227.289108276, 29.1299133301, -59.1141548157, -78.6025390625, -36.1417961121, 126.107978821, 155.56803894, 212.982925415, 198.096160889], [-190.005065918, 113.332069397, -179.099594116, 14.825097084, 204.624816895, -5.89184856415, -99.258392334, -105.778900146, -108.625297546, 99.205947876, 112.221138, 198.096160889, 308.615203857]],
