{
"lowlevel": {
    "average_loudness": 0.987643539906,
    "barkbands_crest": {
        "dmean": 1.70484268665,
        "dmean2": 2.56159591675,
        "dvar": 1.96079063416,
        "dvar2": 4.62360334396,
        "max": 17.4293804169,
        "mean": 9.00636863708,
        "median": 8.62772083282,
        "min": 4.56268358231,
        "var": 6.13120126724
    },
    "barkbands_flatness_db": {
        "dmean": 0.0126444939524,
        "dmean2": 0.0183261819184,
        "dvar": 0.000188196543604,
        "dvar2": 0.000406638078857,
        "max": 0.26509770751,
        "mean": 0.178910568357,
        "median": 0.17458280921,
        "min": 0.104380384088,
        "var": 0.000613879819866
    },
    "barkbands_kurtosis": {
        "dmean": 1.94339478016,
        "dmean2": 3.10747814178,
        "dvar": 3.28043079376,
        "dvar2": 8.78454113007,
        "max": 14.4772167206,
        "mean": 4.98794603348,
        "median": 5.4667930603,
        "min": -0.941762685776,
        "var": 8.87400245667
    },
    "barkbands_skewness": {
        "dmean": 0.376623541117,
        "dmean2": 0.597420036793,
        "dvar": 0.157281801105,
        "dvar2": 0.331761091948,
        "max": 2.61200666428,
        "mean": 1.61895167828,
        "median": 1.80054664612,
        "min": -0.883129358292,
        "var": 0.546622157097
    },
    "barkbands_spread": {
        "dmean": 1.66929602623,
        "dmean2": 2.758051157,
        "dvar": 2.52924203873,
        "dvar2": 5.34483385086,
        "max": 18.1642036438,
        "mean": 9.91787528992,
        "median": 9.77634620667,
        "min": 2.08892583847,
        "var": 10.8149108887
    },
    "dissonance": {
        "dmean": 0.0262874606997,
        "dmean2": 0.0457169003785,
        "dvar": 0.000670861743856,
        "dvar2": 0.00187153602019,
        "max": 0.499781161547,
        "mean": 0.452907979488,
        "median": 0.464338839054,
        "min": 0.285688281059,
        "var": 0.00117488997057
    },
    "dynamic_complexity": 1.864174366,
    "erbbands_crest": {
        "dmean": 1.86169183254,
        "dmean2": 3.12067723274,
        "dvar": 4.04010152817,
        "dvar2": 10.6216201782,
        "max": 18.7991733551,
        "mean": 8.07589912415,
        "median": 6.91342973709,
        "min": 3.50917458534,
        "var": 13.1402482986
    },
    "erbbands_flatness_db": {
        "dmean": 0.0138389933854,
        "dmean2": 0.0200190749019,
        "dvar": 0.000323936779751,
        "dvar2": 0.000543537491467,
        "max": 0.330406993628,
        "mean": 0.186016127467,
        "median": 0.166781678796,
        "min": 0.137700214982,
        "var": 0.00209429953247
    },
    "erbbands_kurtosis": {
        "dmean": 0.872701883316,
        "dmean2": 1.43688094616,
        "dvar": 1.65159082413,
        "dvar2": 4.47555208206,
        "max": 9.00742340088,
        "mean": 1.03926646709,
        "median": 0.0751307010651,
        "min": -1.02196002007,
        "var": 4.14567232132
    },
    "erbbands_skewness": {
        "dmean": 0.264689654112,
        "dmean2": 0.412599176168,
        "dvar": 0.0774103403091,
        "dvar2": 0.171727910638,
        "max": 2.39884614944,
        "mean": 0.724793195724,
        "median": 0.652190089226,
        "min": -1.15983903408,
        "var": 0.386631727219
    },
    "erbbands_spread": {
        "dmean": 4.3442029953,
        "dmean2": 7.09975910187,
        "dvar": 21.6716079712,
        "dvar2": 43.7022323608,
        "max": 46.0680236816,
        "mean": 27.009355545,
        "median": 28.9519920349,
        "min": 4.79521036148,
        "var": 131.664871216
    },
    "hfc": {
        "dmean": 6.30043268204,
        "dmean2": 9.50414562225,
        "dvar": 581.235778809,
        "dvar2": 957.041503906,
        "max": 249.069595337,
        "mean": 14.1107749939,
        "median": 6.5030798912,
        "min": 0.230848446488,
        "var": 998.924133301
    },
    "melbands_crest": {
        "dmean": 2.05438947678,
        "dmean2": 3.30482792854,
        "dvar": 2.59678578377,
        "dvar2": 6.13282871246,
        "max": 18.137544632,
        "mean": 11.476811409,
        "median": 11.361541748,
        "min": 5.57581424713,
        "var": 6.67372560501
    },
    "melbands_flatness_db": {
        "dmean": 0.0132619300857,
        "dmean2": 0.0203234404325,
        "dvar": 0.000185850673006,
        "dvar2": 0.000384832703276,
        "max": 0.343241274357,
        "mean": 0.280051112175,
        "median": 0.27699932456,
        "min": 0.181889995933,
        "var": 0.000512184225954
    },
    "melbands_kurtosis": {
        "dmean": 3.37503600121,
        "dmean2": 5.50062990189,
        "dvar": 8.87909030914,
        "dvar2": 22.5143527985,
        "max": 20.4097156525,
        "mean": 9.10467624664,
        "median": 9.20680141449,
        "min": -1.46661424637,
        "var": 30.7436847687
    },
    "melbands_skewness": {
        "dmean": 0.448701351881,
        "dmean2": 0.724800407887,
        "dvar": 0.193915456533,
        "dvar2": 0.436869710684,
        "max": 3.60735225677,
        "mean": 2.1174595356,
        "median": 2.36408209801,
        "min": -0.306244552135,
        "var": 0.953497290611
    },
    "melbands_spread": {
        "dmean": 2.21369981766,
        "dmean2": 3.60098528862,
        "dvar": 6.31906080246,
        "dvar2": 14.2997236252,
        "max": 24.774225235,
        "mean": 10.4894332886,
        "median": 9.29920864105,
        "min": 3.37594676018,
        "var": 17.0917701721
    },
    "pitch_salience": {
        "dmean": 0.0590317472816,
        "dmean2": 0.097343929112,
        "dvar": 0.00311969756149,
        "dvar2": 0.00803715363145,
        "max": 0.822805941105,
        "mean": 0.626433670521,
        "median": 0.626171350479,
        "min": 0.416648358107,
        "var": 0.00558839458972
    },
    "silence_rate_20dB": {
        "dmean": 0.0166666675359,
        "dmean2": 0.0336134470999,
        "dvar": 0.0163888875395,
        "dvar2": 0.0324835851789,
        "max": 1,
        "mean": 0.983471095562,
        "median": 1,
        "min": 0,
        "var": 0.0162557233125
    },
    "silence_rate_30dB": {
        "dmean": 0.0166666675359,
        "dmean2": 0.0336134470999,
        "dvar": 0.0163888875395,
        "dvar2": 0.0324835851789,
        "max": 1,
        "mean": 0.975206613541,
        "median": 1,
        "min": 0,
        "var": 0.024178666994
    },
    "silence_rate_60dB": {
        "dmean": 0,
        "dmean2": 0,
        "dvar": 0,
        "dvar2": 0,
        "max": 0,
        "mean": 0,
        "median": 0,
        "min": 0,
        "var": 0
    },
    "spectral_centroid": {
        "dmean": 80.5849685669,
        "dmean2": 127.959075928,
        "dvar": 4722.41162109,
        "dvar2": 10846.3916016,
        "max": 1034.08789062,
        "mean": 657.717590332,
        "median": 641.003356934,
        "min": 390.107452393,
        "var": 17351.9394531
    },
    "spectral_complexity": {
        "dmean": 1.97500002384,
        "dmean2": 3.18487405777,
        "dvar": 4.34104061127,
        "dvar2": 7.59607505798,
        "max": 32,
        "mean": 13.9338846207,
        "median": 14,
        "min": 1,
        "var": 10.4584369659
    },
    "spectral_decrease": {
        "dmean": 2.6887170268e-09,
        "dmean2": 4.17907886074e-09,
        "dvar": 7.76186846848e-17,
        "dvar2": 1.27339770152e-16,
        "max": -7.53260856468e-11,
        "mean": -7.26100246595e-09,
        "median": -4.76683226225e-09,
        "min": -9.4465171685e-08,
        "var": 1.26200921119e-16
    },
    "spectral_energy": {
        "dmean": 0.0107066743076,
        "dmean2": 0.0166176445782,
        "dvar": 0.00125462003052,
        "dvar2": 0.00205712253228,
        "max": 0.379123091698,
        "mean": 0.0286845453084,
        "median": 0.0185849126428,
        "min": 0.000305237277644,
        "var": 0.00204671476968
    },
    "spectral_energyband_high": {
        "dmean": 1.00743691291e-05,
        "dmean2": 1.69146132976e-05,
        "dvar": 4.25568025264e-10,
        "dvar2": 1.16593712463e-09,
        "max": 0.000217066990444,
        "mean": 4.92002654937e-05,
        "median": 4.91456376039e-05,
        "min": 4.14844498664e-06,
        "var": 3.66811719887e-10
    },
    "spectral_energyband_low": {
        "dmean": 0.00159167894162,
        "dmean2": 0.00237137381919,
        "dvar": 1.60521528869e-06,
        "dvar2": 4.23456503995e-06,
        "max": 0.0138762239367,
        "mean": 0.00604995712638,
        "median": 0.00589376222342,
        "min": 1.21688481158e-05,
        "var": 7.64847573009e-06
    },
    "spectral_energyband_middle_high": {
        "dmean": 0.0033645639196,
        "dmean2": 0.00465985387564,
        "dvar": 0.00016430116375,
        "dvar2": 0.000256011262536,
        "max": 0.131046742201,
        "mean": 0.00583936972544,
        "median": 0.00144634989556,
        "min": 3.57280005119e-05,
        "var": 0.00031740317354
    },
    "spectral_energyband_middle_low": {
        "dmean": 0.00739546725526,
        "dmean2": 0.0117414901033,
        "dvar": 0.000569967960473,
        "dvar2": 0.00101148453541,
        "max": 0.248482644558,
        "mean": 0.0175354741514,
        "median": 0.0105189690366,
        "min": 0.000254521495663,
        "var": 0.000849592732266
    },
    "spectral_entropy": {
        "dmean": 0.115330025554,
        "dmean2": 0.161103516817,
        "dvar": 0.0200698133558,
        "dvar2": 0.0270894877613,
        "max": 8.38715839386,
        "mean": 7.10673141479,
        "median": 7.16980743408,
        "min": 6.43872785568,
        "var": 0.0713318884373
    },
    "spectral_flux": {
        "dmean": 0.0212375950068,
        "dmean2": 0.0342723317444,
        "dvar": 0.00196748389862,
        "dvar2": 0.00466589536518,
        "max": 0.478581041098,
        "mean": 0.064583234489,
        "median": 0.0474079437554,
        "min": 0.0240853596479,
        "var": 0.00390182202682
    },
    "spectral_kurtosis": {
        "dmean": 2.54601120949,
        "dmean2": 3.86031723022,
        "dvar": 17.0339775085,
        "dvar2": 40.7632789612,
        "max": 51.7422904968,
        "mean": 9.90502548218,
        "median": 7.96563529968,
        "min": 2.30192184448,
        "var": 30.6712608337
    },
    "spectral_rms": {
        "dmean": 0.000735409441404,
        "dmean2": 0.00111397495493,
        "dvar": 2.24173936658e-06,
        "dvar2": 3.39147118211e-06,
        "max": 0.0192321650684,
        "mean": 0.00479512521997,
        "median": 0.00425812415779,
        "min": 0.00054570363136,
        "var": 4.99171437696e-06
    },
    "spectral_rolloff": {
        "dmean": 110.537109375,
        "dmean2": 194.160736084,
        "dvar": 17325.6230469,
        "dvar2": 36759.078125,
        "max": 1076.66015625,
        "mean": 602.217529297,
        "median": 538.330078125,
        "min": 279.931640625,
        "var": 45723.6015625
    },
    "spectral_skewness": {
        "dmean": 0.248692974448,
        "dmean2": 0.3559474051,
        "dvar": 0.109515145421,
        "dvar2": 0.270138263702,
        "max": 4.97103118896,
        "mean": 2.09608316422,
        "median": 1.92451870441,
        "min": 1.4604177475,
        "var": 0.295091241598
    },
    "spectral_spread": {
        "dmean": 386706.9375,
        "dmean2": 429195.84375,
        "dvar": 3.62422127821e+12,
        "dvar2": 2.10302769562e+12,
        "max": 28020352,
        "mean": 3093922.75,
        "median": 2974623,
        "min": 1075847.25,
        "var": 5.57158865306e+12
    },
    "spectral_strongpeak": {
        "dmean": 0.433576762676,
        "dmean2": 0.686005830765,
        "dvar": 0.402859866619,
        "dvar2": 0.723924219608,
        "max": 5.20788002014,
        "mean": 0.790735960007,
        "median": 0.375084429979,
        "min": 0.0458252504468,
        "var": 0.999576747417
    },
    "zerocrossingrate": {
        "dmean": 0.00367431645282,
        "dmean2": 0.00501411501318,
        "dvar": 1.08320000436e-05,
        "dvar2": 1.43720226333e-05,
        "max": 0.04443359375,
        "mean": 0.0298255104572,
        "median": 0.0302734375,
        "min": 0.00830078125,
        "var": 3.85709499824e-05
    },
    "barkbands": {
        "dmean": [1.38885543493e-05, 0.00112081237603, 0.000505340867676, 0.000674288079608, 0.00275410362519, 0.00124911218882, 0.00138801895082, 0.0028214850463, 0.000772412575316, 0.000975287461188, 0.00224907742813, 0.000585305504501, 0.000282590306597, 0.000194908949197, 2.47519546974e-05, 2.11780825339e-05, 5.75330777792e-05, 1.7303518689e-05, 1.69089707924e-05, 8.8352808234e-06, 6.58109365759e-06, 2.45007890953e-06, 5.65470429592e-07, 2.48983525353e-07, 2.36728737946e-07, 2.46314783681e-07, 6.89215312377e-07],
        "dmean2": [2.39856290136e-05, 0.00158031948376, 0.0008623219328, 0.00101750157773, 0.00405601272359, 0.00182626955211, 0.00216891756281, 0.00484949722886, 0.00108446029481, 0.00138271448668, 0.00325853843242, 0.00102086574771, 0.000462517200503, 0.000278664549114, 4.40237308794e-05, 3.51135531673e-05, 9.13361291168e-05, 3.05682879116e-05, 2.75419570244e-05, 1.54955323524e-05, 1.09271168185e-05, 4.2996330194e-06, 9.8494967915e-07, 4.25634567591e-07, 4.03501701385e-07, 4.20518034616e-07, 1.13201201657e-06],
        "dvar": [3.11826520161e-09, 9.87292537502e-07, 1.97590736661e-07, 8.01507894721e-07, 2.28232183872e-05, 1.00583074527e-05, 3.31248593284e-05, 7.57578018238e-05, 8.89859711606e-06, 2.60966862697e-05, 5.65041555092e-05, 4.98269218951e-06, 1.34425079068e-06, 7.84449753155e-07, 4.4106625019e-09, 4.96507146508e-09, 1.71934662063e-08, 4.05463662645e-09, 3.55987322953e-10, 9.78860187351e-11, 6.35061586651e-11, 2.50337927471e-11, 4.63288652233e-12, 6.52682226841e-13, 6.60076214607e-13, 1.06391132883e-13, 3.61833474424e-13],
        "dvar2": [7.96022536775e-09, 2.5688855203e-06, 5.55743781661e-07, 1.61969785495e-06, 4.8304671509e-05, 2.11373444472e-05, 8.54411773616e-05, 0.000160651208716, 1.29406662381e-05, 4.79978116346e-05, 0.000132248664158, 1.1529720723e-05, 3.45252988154e-06, 9.99733742901e-07, 8.6482518924e-09, 1.07672422089e-08, 4.30249968986e-08, 1.13188143303e-08, 9.25715004652e-10, 2.37736996755e-10, 1.74245076701e-10, 6.90107415657e-11, 1.26490675573e-11, 1.71421329822e-12, 1.83773352438e-12, 2.87425465373e-13, 8.82493568239e-13],
        "max": [0.000433778564911, 0.0075316214934, 0.00437129708007, 0.00908928364515, 0.0522571019828, 0.0334321856499, 0.053672760725, 0.0780979469419, 0.0331223085523, 0.0504538714886, 0.0683395117521, 0.0201282184571, 0.0106795961037, 0.00986461341381, 0.000593395670876, 0.000693010690156, 0.0013590779854, 0.000580138235819, 0.000209293764783, 9.60482866503e-05, 8.4842715296e-05, 4.68036523671e-05, 1.92810257431e-05, 7.67091478338e-06, 7.45831357563e-06, 3.44224395121e-06, 7.46779687688e-06],
        "mean": [1.15033999464e-05, 0.00372342462651, 0.00171506416518, 0.00204895297065, 0.00594978174195, 0.00199272064492, 0.00182110397145, 0.00422247173265, 0.00111925695091, 0.00126931397244, 0.00282895751297, 0.000881374115124, 0.000413170666434, 0.000306814501528, 3.07979717036e-05, 4.07214392908e-05, 0.000141263953992, 4.20668984589e-05, 5.17292100994e-05, 3.26525696437e-05, 2.28829285334e-05, 6.39062409391e-06, 1.11913811907e-06, 6.44191231913e-07, 7.50640595015e-07, 9.61829982771e-07, 5.52582832825e-06],
        "median": [3.1506592677e-06, 0.00368971796706, 0.00168427731842, 0.00142531062011, 0.00470224348828, 0.00106571859214, 0.000507084827404, 0.00110836653039, 0.000289755640551, 0.000190592108993, 0.000227975120652, 0.000326675508404, 0.000223294497118, 4.32444794569e-05, 1.59514256666e-05, 3.01495292661e-05, 0.000124492013128, 3.84685263271e-05, 5.05835341755e-05, 3.21828010783e-05, 2.18911118282e-05, 5.91096750213e-06, 9.29345617351e-07, 5.63411447274e-07, 6.67756864914e-07, 9.38983191645e-07, 5.83041992286e-06],
        "min": [5.62115367586e-08, 7.0734822657e-06, 8.51676077218e-07, 4.74964826935e-06, 2.16697335418e-05, 9.48869001149e-06, 1.39982221299e-05, 0.000108035383164, 1.89694419532e-05, 1.22665824165e-05, 1.68896337982e-06, 1.05079670902e-05, 7.75873468228e-06, 2.74626472674e-06, 8.05107276847e-07, 1.4241752524e-06, 1.66710867688e-06, 1.07849291453e-06, 8.07091737443e-07, 1.18368291169e-06, 7.28492466351e-07, 4.97061932947e-07, 3.59175402309e-07, 1.40096858559e-07, 3.11905154149e-07, 3.88895045944e-07, 5.68560494685e-07],
        "var": [2.08908312871e-09, 2.93769062409e-06, 8.9826949079e-07, 3.11549479193e-06, 3.22619416693e-05, 1.23380341392e-05, 2.92893910228e-05, 0.000109058179078, 1.705032264e-05, 3.86736355722e-05, 7.9175864812e-05, 8.1408998085e-06, 1.02651404177e-06, 1.85456758572e-06, 4.91934182278e-09, 5.10615683069e-09, 1.61414845934e-08, 2.62325716704e-09, 4.96695351515e-10, 1.62475408128e-10, 7.50677922601e-11, 1.81019661066e-11, 2.95280770321e-12, 4.65241181084e-13, 4.31679865465e-13, 1.17189542575e-13, 1.31756769123e-12]
    },
    "erbbands": {
        "dmean": [0.00923083350062, 0.318877488375, 0.757943332195, 1.03997194767, 6.30825519562, 11.7008581161, 9.89584922791, 12.3453531265, 11.7079286575, 40.8444824219, 53.8805656433, 16.5343513489, 25.3751182556, 54.7363929749, 72.6706314087, 19.5131816864, 10.9202222824, 12.3673763275, 3.88479971886, 0.72503310442, 1.48616147041, 3.35192751884, 1.0936229229, 0.925525128841, 0.546405673027, 0.381924122572, 0.27631187439, 0.234246656299, 0.101922132075, 0.0186689440161, 0.0157475695014, 0.00637403735891, 0.00394325936213, 0.00347325624898, 0.0013743705349, 0.000674374343362, 0.000593178148847, 0.000237612825003, 0.000101493766124, 2.24361992878e-05],
        "dmean2": [0.0127624776214, 0.453021496534, 1.24818778038, 1.62012434006, 10.9898767471, 17.2374649048, 14.9884185791, 18.7627506256, 16.1210098267, 72.6559677124, 86.3263015747, 23.6481056213, 31.8989715576, 76.9657058716, 104.019508362, 28.075138092, 16.5436515808, 18.3771858215, 5.59946298599, 1.10658943653, 2.33536505699, 5.40234518051, 1.92454707623, 1.56697571278, 0.969472587109, 0.681852042675, 0.472860455513, 0.388381391764, 0.176586791873, 0.0323899798095, 0.0276918429881, 0.0106679527089, 0.00687339156866, 0.00601104646921, 0.00231685279869, 0.00117634877097, 0.00103375455365, 0.000415928312577, 0.00017152770306, 3.73262373614e-05],
        "dvar": [6.76717754686e-05, 0.0783799439669, 0.388662606478, 1.72705161572, 105.570610046, 339.021942139, 377.872375488, 807.536682129, 1360.6673584, 22389.3671875, 34465.5117188, 4338.10498047, 10667.4208984, 46742.6757812, 75358.5234375, 6415.85693359, 2091.45263672, 2642.15014648, 235.940231323, 10.189863205, 30.7082862854, 44.4256591797, 17.1333618164, 2.25010919571, 0.370509773493, 0.184995695949, 0.194459021091, 0.0781420618296, 0.0492571406066, 0.00236374163069, 0.00408599618822, 0.000665419909637, 0.000106681567559, 0.000161079835379, 7.21179230823e-06, 3.46238948623e-06, 2.45133719545e-07, 4.42234373565e-08, 6.83433976079e-09, 1.38722466847e-09],
        "dvar2": [0.000161881689564, 0.20801833272, 1.04651999474, 3.32619953156, 265.394836426, 759.482788086, 645.815124512, 1932.96801758, 2411.30004883, 48069.4414062, 73145.6953125, 6481.01806641, 14708.5615234, 100033.40625, 174070.734375, 12646.65625, 4936.16650391, 3741.86474609, 440.323516846, 23.9414787292, 68.3661193848, 114.559799194, 47.0619926453, 5.7394285202, 0.969196081161, 0.39863717556, 0.537844479084, 0.214340046048, 0.135986760259, 0.00612151436508, 0.0112544409931, 0.00174064503517, 0.000287444650894, 0.000447289989097, 2.0218825739e-05, 9.43562190514e-06, 6.51236518934e-07, 1.00188280783e-07, 1.45545264729e-08, 2.16392836982e-09],
        "max": [0.0617853179574, 2.17249846458, 6.21085977554, 13.9073390961, 107.212509155, 192.584518433, 187.15562439, 283.799987793, 330.06539917, 1305.78479004, 1673.1673584, 733.504943848, 1202.74597168, 1978.38427734, 3048.10229492, 830.895446777, 442.276123047, 548.25378418, 163.158569336, 31.5529136658, 55.1223526001, 68.8571929932, 37.9705696106, 15.8375329971, 6.24626255035, 4.46200323105, 4.40587568283, 2.90208792686, 2.11545348167, 0.473658800125, 0.567400813103, 0.239100918174, 0.098806001246, 0.114423550665, 0.0258720498532, 0.0172997303307, 0.00457380479202, 0.0021485935431, 0.000913190597203, 0.000482166244183],
        "mean": [0.0257633756846, 1.06095945835, 2.67235589027, 3.72189331055, 9.66465187073, 22.2470817566, 24.0109844208, 18.1473655701, 20.7265167236, 61.2401123047, 79.6241836548, 24.0984134674, 36.4246330261, 64.1552352905, 99.1530532837, 30.4870071411, 17.0837173462, 20.3447761536, 5.81288194656, 1.1485581398, 3.11996388435, 8.51851940155, 2.61826443672, 2.8823826313, 2.10906863213, 1.50457298756, 1.02215957642, 0.738511562347, 0.286262154579, 0.0531808808446, 0.0307307671756, 0.0147659704089, 0.0110214324668, 0.00878226663917, 0.00521308463067, 0.00232217647135, 0.00204950850457, 0.00131842319388, 0.00062759348657, 0.000138535237056],
        "median": [0.0257311351597, 1.05336999893, 2.58521580696, 2.53915715218, 6.88106870651, 17.8515224457, 16.4344291687, 9.38683891296, 7.36356592178, 18.8166561127, 18.533454895, 6.29301643372, 6.98122739792, 8.1415977478, 11.538772583, 9.96399211884, 9.75923919678, 4.51053237915, 2.04252076149, 0.670548439026, 2.4098906517, 7.65063714981, 2.27738142014, 2.77043890953, 2.07167387009, 1.48637986183, 1.00633358955, 0.710794508457, 0.267836809158, 0.049047421664, 0.0250797756016, 0.0121892085299, 0.00987591966987, 0.00741677032784, 0.00495678652078, 0.00218439288437, 0.00203016493469, 0.00134905730374, 0.000643813458737, 0.000135491442052],
        "min": [0.000305701658363, 0.00121418468188, 0.00143712328281, 0.00810296740383, 0.0456600226462, 0.0804163590074, 0.0429749712348, 0.104024708271, 0.245718419552, 0.738030493259, 2.97639942169, 0.436219036579, 0.386495649815, 0.146376803517, 0.120493486524, 0.485709697008, 0.366837710142, 0.214170277119, 0.0628163143992, 0.0497114211321, 0.0741314142942, 0.0940786525607, 0.0606565065682, 0.0573831163347, 0.0400472693145, 0.0568572320044, 0.0343364104629, 0.0275986921042, 0.018903715536, 0.0144569315016, 0.00999823864549, 0.00408685486764, 0.00272673228756, 0.00376298185438, 0.00203331978992, 0.000895658275113, 0.000591614516452, 0.000272337609204, 7.20073512639e-05, 9.99082203634e-06],
        "var": [0.000175303764991, 0.236393421888, 1.63845419884, 8.79654121399, 127.804176331, 435.929504395, 707.815185547, 886.251281738, 2182.11328125, 25858.6503906, 52029.1835938, 7764.49121094, 20724.9335938, 56342.8828125, 115637.742188, 10309.6103516, 1972.87072754, 5710.27783203, 395.906097412, 9.99443435669, 31.0113983154, 41.480381012, 11.340057373, 2.20180058479, 0.552827477455, 0.331314027309, 0.181577011943, 0.0897493362427, 0.035453196615, 0.00174229056574, 0.00254603056237, 0.000464209122583, 7.59886970627e-05, 0.000104270511656, 5.80948562856e-06, 2.35355378209e-06, 4.58209996168e-07, 1.07387400305e-07, 2.14177635627e-08, 2.59107979517e-09]
    },
    "gfcc": {
        "mean": [-34.6185264587, 145.363189697, -102.122940063, 6.05110788345, -34.6600646973, -23.444103241, -9.37150192261, -8.02927970886, -27.6192722321, -2.72687196732, -8.59229183197, -0.0933321043849, -11.8240680695],
        "cov": [[662.616271973, 301.239532471, -89.2995834351, -108.243240356, -18.0322914124, 33.1427536011, 17.8487567902, -40.0672187805, -21.6811275482, -62.6800956726, -6.52948045731, 5.95536613464, 38.6378555298], [301.239532471, 222.626678467, -61.0022087097, -139.4296875, -64.1876983643, -13.5231781006, 12.1270103455, -17.6688480377, 5.30799865723, -21.9142951965, -11.5123710632, -21.8522510529, 5.21052980423], [-89.2995834351, -61.0022087097, 180.032730103, 197.749206543, 63.7866706848, -38.7995605469, -21.0077781677, 6.20120096207, -3.45486521721, 5.96622514725, -4.10677671432, 22.0386600494, 3.45056653023], [-108.243240356, -139.4296875, 197.749206543, 326.949127197, 164.295974731, -19.7191791534, -15.4097938538, -12.6608886719, -35.0809173584, -3.67970609665, 7.47259569168, 51.4278793335, 19.4848937988], [-18.0322914124, -64.1876983643, 63.7866706848, 164.295974731, 132.899703979, 26.9512500763, 12.1729001999, -25.6755104065, -45.6862068176, -17.9194297791, 7.09085798264, 35.8914604187, 21.5760822296], [33.1427536011, -13.5231781006, -38.7995605469, -19.7191791534, 26.9512500763, 70.2052688599, 25.5080852509, -7.78599262238, -25.0804157257, -24.1142902374, 0.742167413235, 10.5093517303, 15.8963499069], [17.8487567902, 12.1270103455, -21.0077781677, -15.4097938538, 12.1729001999, 25.5080852509, 36.7236938477, -0.738707482815, -20.1793766022, -15.6719398499, -0.892582952976, 7.46354484558, 9.80997753143], [-40.0672187805, -17.6688480377, 6.20120096207, -12.6608886719, -25.6755104065, -7.78599262238, -0.738707482815, 27.409778595, 21.8614215851, 11.6670026779, -0.670243918896, -8.23289489746, -8.88229560852], [-21.6811275482, 5.30799865723, -3.45486521721, -35.0809173584, -45.6862068176, -25.0804157257, -20.1793766022, 21.8614215851, 49.1998634338, 30.0549526215, -2.31229519844, -20.6325111389, -19.4350471497], [-62.6800956726, -21.9142951965, 5.96622514725, -3.67970609665, -17.9194297791, -24.1142902374, -15.6719398499, 11.6670026779, 30.0549526215, 35.3335456848, 6.53300523758, -10.5052528381, -16.6179161072], [-6.52948045731, -11.5123710632, -4.10677671432, 7.47259569168, 7.09085798264, 0.742167413235, -0.892582952976, -0.670243918896, -2.31229519844, 6.53300523758, 16.7343349457, 11.8886289597, 2.82828021049], [5.95536613464, -21.8522510529, 22.0386600494, 51.4278793335, 35.8914604187, 10.5093517303, 7.46354484558, -8.23289489746, -20.6325111389, -10.5052528381, 11.8886289597, 32.3386192322, 17.6472606659], [38.6378555298, 5.21052980423, 3.45056653023, 19.4848937988, 21.5760822296, 15.8963499069, 9.80997753143, -8.88229560852, -19.4350471497, -16.6179161072, 2.82828021049, 17.6472606659, 23.2288379669]],
        "icov": [[0.013245630078, -0.029822897166, 0.0220640487969, -0.0273754056543, 0.0148439658806, -0.0187218040228, 0.0168609321117, -0.015966899693, 0.00897420663387, -0.00683051906526, 0.0105532296002, -0.0139431580901, 0.00207094219513], [-0.029822897166, 0.0842424854636, -0.0633668452501, 0.0808929353952, -0.0456716492772, 0.0568896569312, -0.051374386996, 0.0602292865515, -0.0474693402648, 0.0458777733147, -0.042785000056, 0.0451602824032, -0.0155101902783], [0.0220640487969, -0.0633668452501, 0.0788292214274, -0.0892096981406, 0.0549657940865, -0.0411639623344, 0.0390268042684, -0.0496450997889, 0.0416431501508, -0.0398244597018, 0.0502585209906, -0.0398204624653, 0.0127691766247], [-0.0273754056543, 0.0808929353952, -0.0892096981406, 0.125219136477, -0.091768629849, 0.0661744102836, -0.0348393507302, 0.042102213949, -0.0475790798664, 0.0479055158794, -0.0406902655959, 0.0298505593091, -0.0168893951923], [0.0148439658806, -0.0456716492772, 0.0549657940865, -0.091768629849, 0.0929291322827, -0.0514714419842, 0.0114954663441, -0.00549758644775, 0.0395700186491, -0.0400764793158, 0.0248039420694, -0.0191892813891, 0.0123112769797], [-0.0187218040228, 0.0568896569312, -0.0411639623344, 0.0661744102836, -0.0514714419842, 0.0703908130527, -0.0387003310025, 0.0317264646292, -0.0382143966854, 0.0485994294286, -0.0316877737641, 0.0289937704802, -0.0182740520686], [0.0168609321117, -0.051374386996, 0.0390268042684, -0.0348393507302, 0.0114954663441, -0.0387003310025, 0.0912384465337, -0.0745728686452, 0.0644831806421, -0.0414575971663, 0.0502101629972, -0.0439815185964, 0.00725714908913], [-0.015966899693, 0.0602292865515, -0.0496450997889, 0.042102213949, -0.00549758644775, 0.0317264646292, -0.0745728686452, 0.143626004457, -0.0950878933072, 0.0631988570094, -0.0632983595133, 0.0474645346403, -0.00778269348666], [0.00897420663387, -0.0474693402648, 0.0416431501508, -0.0475790798664, 0.0395700186491, -0.0382143966854, 0.0644831806421, -0.0950878933072, 0.150672152638, -0.117041274905, 0.0756013989449, -0.0348016396165, 0.0148166371509], [-0.00683051906526, 0.0458777733147, -0.0398244597018, 0.0479055158794, -0.0400764793158, 0.0485994294286, -0.0414575971663, 0.0631988570094, -0.117041274905, 0.169425740838, -0.108698502183, 0.0532372929156, 0.0085143558681], [0.0105532296002, -0.042785000056, 0.0502585209906, -0.0406902655959, 0.0248039420694, -0.0316877737641, 0.0502101629972, -0.0632983595133, 0.0756013989449, -0.108698502183, 0.184101715684, -0.110397219658, 0.0188923664391], [-0.0139431580901, 0.0451602824032, -0.0398204624653, 0.0298505593091, -0.0191892813891, 0.0289937704802, -0.0439815185964, 0.0474645346403, -0.0348016396165, 0.0532372929156, -0.110397219658, 0.146215185523, -0.0600272268057], [0.00207094219513, -0.0155101902783, 0.0127691766247, -0.0168893951923, 0.0123112769797, -0.0182740520686, 0.00725714908913, -0.00778269348666, 0.0148166371509, 0.0085143558681, 0.0188923664391, -0.0600272268057, 0.112175382674]]
    },
    "melbands": {
        "dmean": [0.000198063760763, 0.000421751348767, 0.000349480833393, 0.000530473713297, 0.000432089844253, 0.000267270865152, 0.000206074531889, 0.000502669776324, 0.000403136800742, 9.24091000343e-05, 0.00012362630514, 0.000220963935135, 0.000267944851657, 8.42935260152e-05, 3.59127843694e-05, 2.35915922531e-05, 2.49460899795e-05, 7.24478513803e-06, 1.0658775409e-06, 1.01176965472e-06, 2.19465005102e-06, 3.84909981221e-06, 1.86452371054e-06, 7.41316398489e-07, 7.98826818027e-07, 6.73528859352e-07, 3.74235099798e-07, 2.5518014013e-07, 2.12559001511e-07, 1.90831215718e-07, 1.47861570099e-07, 8.23275669859e-08, 1.63378839346e-08, 1.08547490996e-08, 1.15320490934e-08, 4.84305617832e-09, 4.19440704391e-09, 2.75825517981e-09, 3.54956442017e-09, 2.9218525377e-09],
        "dmean2": [0.000279355968814, 0.000653931929264, 0.000578815408517, 0.000846031878609, 0.000682067067828, 0.000401628523832, 0.000283290253719, 0.000907973910216, 0.00062313413946, 0.000127897787024, 0.000160541196237, 0.000312145799398, 0.000381976075005, 9.65277286014e-05, 5.72546923649e-05, 3.8412566937e-05, 3.50120935764e-05, 1.05531917143e-05, 1.689308192e-06, 1.69813699813e-06, 3.34035507876e-06, 6.20646369498e-06, 3.17916305903e-06, 1.32020943511e-06, 1.34097024329e-06, 1.16082458135e-06, 6.57061150378e-07, 4.44247433506e-07, 3.65769722066e-07, 3.24004304275e-07, 2.5205753218e-07, 1.42911446233e-07, 2.76707954328e-08, 1.88333597606e-08, 2.04226804357e-08, 8.51529780022e-09, 6.94027857406e-09, 4.87004436778e-09, 6.1056066869e-09, 4.8982853329e-09],
        "dvar": [3.15994128641e-08, 1.20521562508e-07, 1.93983538566e-07, 1.3719055687e-06, 4.85234124881e-07, 4.21774785764e-07, 5.25947314145e-07, 2.92309459837e-06, 2.01963280233e-06, 1.31757445843e-07, 2.69909122608e-07, 8.16895692424e-07, 8.22898584829e-07, 8.59606998915e-08, 1.90923561405e-08, 8.57428084089e-09, 1.06318216453e-08, 8.32502622394e-10, 1.60862920207e-11, 8.05069379217e-12, 7.42195679915e-11, 6.32640398401e-11, 1.96422860615e-11, 7.85561546368e-12, 1.21202462129e-12, 3.99345812495e-13, 1.75905758059e-13, 5.98289796069e-14, 1.17645259853e-13, 2.57576874733e-14, 3.94686013201e-14, 3.1484075736e-14, 2.5855307491e-16, 1.01809739194e-15, 2.38476133541e-15, 2.17795212682e-16, 2.55578639307e-16, 2.71229743529e-17, 1.47651474643e-16, 8.55808340937e-17],
        "dvar2": [8.25825381412e-08, 3.09097003992e-07, 4.41960821718e-07, 3.37046139975e-06, 7.37012840091e-07, 9.63326215242e-07, 1.15591183203e-06, 6.30303520666e-06, 4.15924387198e-06, 2.01639466013e-07, 3.67473120377e-07, 1.8688081127e-06, 1.81172731573e-06, 9.8579711505e-08, 4.13520950815e-08, 2.219300832e-08, 1.35391537981e-08, 1.47877099455e-09, 3.62843227686e-11, 1.65618734005e-11, 1.69708053166e-10, 1.58083962587e-10, 5.53734627595e-11, 2.1881111506e-11, 3.05410926583e-12, 1.03971345422e-12, 4.42041016421e-13, 1.36129023093e-13, 3.39883205131e-13, 6.40717134296e-14, 1.07532926519e-13, 8.7740592244e-14, 6.43503370826e-16, 2.6840919793e-15, 6.60327996845e-15, 5.86254637382e-16, 6.60410042574e-16, 7.44701374884e-17, 4.03786932233e-16, 2.3880034599e-16],
        "max": [0.00129117211327, 0.00332239130512, 0.00460302317515, 0.0121994009241, 0.00634503224865, 0.00665238499641, 0.00691697141156, 0.0140873938799, 0.0131409866735, 0.00417064875364, 0.00590746849775, 0.00841177534312, 0.00915831886232, 0.00377790816128, 0.00131031882484, 0.000879542028997, 0.00116548349615, 0.000307169888401, 3.85807725252e-05, 2.8073483918e-05, 8.47705450724e-05, 8.31190118333e-05, 4.1320323362e-05, 2.54342739936e-05, 1.17343306556e-05, 6.35262040305e-06, 4.38251800006e-06, 2.42962028096e-06, 3.22209325532e-06, 1.41832424561e-06, 1.99604937734e-06, 1.64443963513e-06, 1.69639790215e-07, 2.95286810115e-07, 4.29663430168e-07, 1.34413781439e-07, 1.49044680597e-07, 5.07279125372e-08, 1.09808667048e-07, 8.38655651592e-08],
        "mean": [0.000621555896942, 0.00152137421537, 0.000911223411094, 0.000997963128611, 0.00104998145252, 0.000410131149692, 0.000320072838804, 0.00075670593651, 0.000600758648943, 0.00012831093045, 0.000182225528988, 0.000247118732659, 0.000370609865058, 0.000138530449476, 4.91700957355e-05, 3.47807472281e-05, 3.89104279748e-05, 1.0716223187e-05, 1.29491388634e-06, 1.99639453058e-06, 3.90169134334e-06, 9.59260250966e-06, 4.07531524615e-06, 1.74101353423e-06, 2.4329876851e-06, 2.06970594263e-06, 1.28312683501e-06, 8.7743791255e-07, 6.08011475833e-07, 6.13624536072e-07, 3.69784032728e-07, 1.97687015202e-07, 4.62143994184e-08, 2.15141842119e-08, 1.94736422543e-08, 1.11963247562e-08, 8.10378253391e-09, 7.65909113909e-09, 7.24436644006e-09, 7.42946992816e-09],
        "median": [0.000627456582151, 0.00153474486433, 0.000625356275123, 0.000834243837744, 0.000818456872366, 0.000211687351111, 0.000115570401249, 0.000240840323386, 0.00014148579794, 3.28190071741e-05, 3.33222778863e-05, 3.07971786242e-05, 3.88209082303e-05, 3.17381454806e-05, 2.50269167736e-05, 1.71474166564e-05, 7.01228600519e-06, 3.71639544028e-06, 5.73766499201e-07, 1.5255669723e-06, 2.81496704702e-06, 8.52139601193e-06, 3.56069267582e-06, 1.60381875958e-06, 2.35569882534e-06, 2.01154011847e-06, 1.25141718854e-06, 8.43381144477e-07, 5.73650709157e-07, 5.99784470978e-07, 3.47896360609e-07, 1.78660130246e-07, 4.27033448602e-08, 1.8012066505e-08, 1.52366617101e-08, 9.88800241686e-09, 6.40540021024e-09, 7.12080083787e-09, 5.69664182493e-09, 6.19447115824e-09],
        "min": [2.61635705101e-06, 1.02527837953e-06, 2.3703619263e-06, 4.89236208523e-06, 1.97633971766e-06, 2.39261612478e-06, 3.32962690663e-06, 1.18582411233e-05, 2.25548265007e-05, 2.07720540857e-06, 1.4025663404e-06, 5.19056357007e-07, 2.81015701376e-07, 1.04942932921e-06, 1.16507180792e-06, 6.85389807131e-07, 3.40705582857e-07, 9.99386244871e-08, 5.0964452214e-08, 9.15354902986e-08, 8.30216535519e-08, 1.03779484562e-07, 6.75048141829e-08, 5.26789847299e-08, 4.59047200252e-08, 2.71269442464e-08, 3.62275045518e-08, 3.786638203e-08, 2.13679882677e-08, 1.60961004525e-08, 1.69357203816e-08, 1.03755732894e-08, 9.41630595719e-09, 5.27845855913e-09, 4.77074335592e-09, 4.13912593089e-09, 1.8540126101e-09, 1.58677271322e-09, 2.56478194238e-09, 2.78531309128e-09],
        "var": [8.60924203039e-08, 4.76490868095e-07, 5.51791913495e-07, 1.36734013267e-06, 9.61772684605e-07, 4.90741228987e-07, 6.40133578145e-07, 3.43327974406e-06, 3.22801793118e-06, 2.30552743119e-07, 5.361924309e-07, 9.10337007554e-07, 1.30567650558e-06, 2.4762127282e-07, 1.98573157917e-08, 7.24034698862e-09, 2.4315147229e-08, 1.4410751481e-09, 1.59952051604e-11, 9.12752252252e-12, 7.16754502972e-11, 6.10905562248e-11, 1.38039944059e-11, 5.03579513159e-12, 1.34057728026e-12, 6.45402351354e-13, 2.82999128689e-13, 1.15032698536e-13, 9.85591274393e-14, 4.40558268306e-14, 3.75982068829e-14, 2.21701997039e-14, 3.66167499128e-16, 7.10554234232e-16, 1.47518104011e-15, 1.42239979666e-16, 1.85681189332e-16, 2.08821083895e-17, 9.74153005e-17, 5.76653015999e-17]
    },
    "mfcc": {
        "mean": [-691.911376953, 195.728485107, -13.7707147598, 40.8902244568, -13.8336229324, -0.218770623207, 12.9796457291, -1.65675258636, -3.73017668724, -14.9611854553, 3.49491286278, 10.1857681274, -2.6902358532],
        "cov": [[716.081604004, 292.603057861, -84.2239608765, -137.762176514, -50.9077682495, 17.4643516541, 10.5274906158, 28.8111534119, 0.31859639287, -32.9673843384, -51.1175346375, -50.4909286499, -16.310377121], [292.603057861, 258.410095215, -50.6762504578, -157.14654541, -113.271736145, -46.9701652527, -36.5603370667, -12.7886657715, 1.04313743114, 12.8303823471, -3.28439879417, -22.7218036652, -25.2845211029], [-84.2239608765, -50.6762504578, 113.190292358, 109.865722656, 38.5682868958, -10.5853204727, -20.010559082, 0.37989795208, 3.03052306175, 7.29560232162, 6.0946264267, 6.77198123932, -5.53331565857], [-137.762176514, -157.14654541, 109.865722656, 305.972259521, 146.881500244, 56.2607650757, 39.4582633972, 7.35901784897, -5.51485586166, -37.0946617126, -13.8924694061, 11.9569768906, 17.6169471741], [-50.9077682495, -113.271736145, 38.5682868958, 146.881500244, 117.20816803, 62.3845291138, 38.529384613, 13.4723329544, -4.96439647675, -25.6011390686, -16.8746318817, -0.428760975599, 12.8569030762], [17.4643516541, -46.9701652527, -10.5853204727, 56.2607650757, 62.3845291138, 74.6816711426, 57.1386489868, 23.4977817535, -2.81925344467, -28.651140213, -30.9669914246, -14.3227243423, 10.3429040909], [10.5274906158, -36.5603370667, -20.010559082, 39.4582633972, 38.529384613, 57.1386489868, 78.8630065918, 33.9829330444, -1.14163482189, -34.1731071472, -37.5292472839, -14.5697603226, 16.3740234375], [28.8111534119, -12.7886657715, 0.37989795208, 7.35901784897, 13.4723329544, 23.4977817535, 33.9829330444, 34.3031616211, 5.66665649414, -14.6552944183, -22.6826553345, -12.1820640564, 7.41135931015], [0.31859639287, 1.04313743114, 3.03052306175, -5.51485586166, -4.96439647675, -2.81925344467, -1.14163482189, 5.66665649414, 16.5557937622, 9.8694152832, 1.62497663498, -3.50855898857, -5.26910734177], [-32.9673843384, 12.8303823471, 7.29560232162, -37.0946617126, -25.6011390686, -28.651140213, -34.1731071472, -14.6552944183, 9.8694152832, 38.8516998291, 26.0674571991, 5.73795366287, -11.7039175034], [-51.1175346375, -3.28439879417, 6.0946264267, -13.8924694061, -16.8746318817, -30.9669914246, -37.5292472839, -22.6826553345, 1.62497663498, 26.0674571991, 41.0241584778, 20.4804859161, -8.71301078796], [-50.4909286499, -22.7218036652, 6.77198123932, 11.9569768906, -0.428760975599, -14.3227243423, -14.5697603226, -12.1820640564, -3.50855898857, 5.73795366287, 20.4804859161, 27.364648819, 6.14715719223], [-16.310377121, -25.2845211029, -5.53331565857, 17.6169471741, 12.8569030762, 10.3429040909, 16.3740234375, 7.41135931015, -5.26910734177, -11.7039175034, -8.71301078796, 6.14715719223, 24.1705989838]],
