{
"lowlevel": {
    "average_loudness": 0.926137983799,
    "barkbands_crest": {
        "dmean": 2.34752941132,
        "dmean2": 3.65923213959,
        "dvar": 5.37746572495,
        "dvar2": 13.5828428268,
        "max": 24.406993866,
        "mean": 14.4157934189,
        "median": 13.8821706772,
        "min": 4.78176927567,
        "var": 14.0726499557
    },
    "barkbands_flatness_db": {
        "dmean": 0.0234510693699,
        "dmean2": 0.0336292050779,
        "dvar": 0.00117050344124,
        "dvar2": 0.00222112052143,
        "max": 0.505868792534,
        "mean": 0.376557737589,
        "median": 0.379829198122,
        "min": 0.100601159036,
        "var": 0.00429010158405
    },
    "barkbands_kurtosis": {
        "dmean": 1.8425693512,
        "dmean2": 2.95610547066,
        "dvar": 7.19175624847,
        "dvar2": 14.9538860321,
        "max": 34.2422218323,
        "mean": 3.46608805656,
        "median": 2.2055439949,
        "min": -1.63446044922,
        "var": 23.8029937744
    },
    "barkbands_skewness": {
        "dmean": 0.447015285492,
        "dmean2": 0.608117818832,
        "dvar": 0.193663150072,
        "dvar2": 0.378148108721,
        "max": 4.81294298172,
        "mean": 0.55523121357,
        "median": 0.65084373951,
        "min": -2.28387284279,
        "var": 1.37033867836
    },
    "barkbands_spread": {
        "dmean": 0.889946401119,
        "dmean2": 1.3895124197,
        "dvar": 5.18334770203,
        "dvar2": 12.4776134491,
        "max": 17.75831604,
        "mean": 2.72309160233,
        "median": 2.07246732712,
        "min": 0.443884134293,
        "var": 6.27934360504
    },
    "dissonance": {
        "dmean": 0.0503616705537,
        "dmean2": 0.0863542184234,
        "dvar": 0.00246466742828,
        "dvar2": 0.00667479727417,
        "max": 0.49921515584,
        "mean": 0.396771907806,
        "median": 0.405567467213,
        "min": 0.15061545372,
        "var": 0.00423211464658
    },
    "dynamic_complexity": 1.96835827827,
    "erbbands_crest": {
        "dmean": 2.288667202,
        "dmean2": 3.36203575134,
        "dvar": 5.92646503448,
        "dvar2": 12.0884695053,
        "max": 30.4062080383,
        "mean": 16.3963527679,
        "median": 15.1513843536,
        "min": 4.35309123993,
        "var": 24.9581241608
    },
    "erbbands_flatness_db": {
        "dmean": 0.0205855593085,
        "dmean2": 0.0271914117038,
        "dvar": 0.000840296735987,
        "dvar2": 0.00148347695358,
        "max": 0.543369710445,
        "mean": 0.438960701227,
        "median": 0.447343677282,
        "min": 0.189678415656,
        "var": 0.00344196660444
    },
    "erbbands_kurtosis": {
        "dmean": 1.62916135788,
        "dmean2": 2.56947851181,
        "dvar": 4.68441390991,
        "dvar2": 9.69253921509,
        "max": 25.8121967316,
        "mean": 2.86862063408,
        "median": 1.962849617,
        "min": -1.36881089211,
        "var": 14.8048400879
    },
    "erbbands_skewness": {
        "dmean": 0.401921957731,
        "dmean2": 0.566448688507,
        "dvar": 0.153091445565,
        "dvar2": 0.279350340366,
        "max": 4.17533826828,
        "mean": 0.52055311203,
        "median": 0.514193892479,
        "min": -2.75951743126,
        "var": 1.29718160629
    },
    "erbbands_spread": {
        "dmean": 1.45437252522,
        "dmean2": 2.27735853195,
        "dvar": 14.199303627,
        "dvar2": 30.3894500732,
        "max": 31.1795253754,
        "mean": 4.89263677597,
        "median": 3.91327857971,
        "min": 0.990810632706,
        "var": 19.8853797913
    },
    "hfc": {
        "dmean": 4.84310054779,
        "dmean2": 7.50660657883,
        "dvar": 78.3686218262,
        "dvar2": 170.003982544,
        "max": 87.4990386963,
        "mean": 17.4574966431,
        "median": 15.9016866684,
        "min": 1.29170715809,
        "var": 148.720718384
    },
    "melbands_crest": {
        "dmean": 2.23192572594,
        "dmean2": 3.56025099754,
        "dvar": 5.64641523361,
        "dvar2": 14.4561080933,
        "max": 27.1933021545,
        "mean": 16.2196769714,
        "median": 15.6235494614,
        "min": 7.87116003036,
        "var": 14.5454530716
    },
    "melbands_flatness_db": {
        "dmean": 0.0260641723871,
        "dmean2": 0.0371808968484,
        "dvar": 0.00178901175968,
        "dvar2": 0.00342518067919,
        "max": 0.599439263344,
        "mean": 0.447238594294,
        "median": 0.452497065067,
        "min": 0.139699876308,
        "var": 0.00575478188694
    },
    "melbands_kurtosis": {
        "dmean": 1.89853179455,
        "dmean2": 2.95863461494,
        "dvar": 8.45903396606,
        "dvar2": 20.0054111481,
        "max": 34.40366745,
        "mean": 3.68761992455,
        "median": 2.19366836548,
        "min": -1.61283695698,
        "var": 25.3924160004
    },
    "melbands_skewness": {
        "dmean": 0.467288523912,
        "dmean2": 0.63533437252,
        "dvar": 0.225671544671,
        "dvar2": 0.499594032764,
        "max": 4.51105737686,
        "mean": 0.629913449287,
        "median": 0.631861150265,
        "min": -1.71467638016,
        "var": 1.06233692169
    },
    "melbands_spread": {
        "dmean": 1.44999301434,
        "dmean2": 2.31497597694,
        "dvar": 11.8179349899,
        "dvar2": 29.5763473511,
        "max": 30.0584754944,
        "mean": 4.9789147377,
        "median": 3.89748477936,
        "min": 0.731592178345,
        "var": 15.2827653885
    },
    "pitch_salience": {
        "dmean": 0.0568506903946,
        "dmean2": 0.0860882401466,
        "dvar": 0.00329909590073,
        "dvar2": 0.00671477941796,
        "max": 0.788919448853,
        "mean": 0.534020066261,
        "median": 0.561184823513,
        "min": 0.146292328835,
        "var": 0.0131835546345
    },
    "silence_rate_20dB": {
        "dmean": 0,
        "dmean2": 0,
        "dvar": 0,
        "dvar2": 0,
        "max": 1,
        "mean": 1,
        "median": 1,
        "min": 1,
        "var": 0
    },
    "silence_rate_30dB": {
        "dmean": 0,
        "dmean2": 0,
        "dvar": 0,
        "dvar2": 0,
        "max": 1,
        "mean": 1,
        "median": 1,
        "min": 1,
        "var": 0
    },
    "silence_rate_60dB": {
        "dmean": 0.0142857143655,
        "dmean2": 0.0257879663259,
        "dvar": 0.0140816317871,
        "dvar2": 0.0251229628921,
        "max": 1,
        "mean": 0.0170940179378,
        "median": 0,
        "min": 0,
        "var": 0.0168018192053
    },
    "spectral_centroid": {
        "dmean": 72.8690338135,
        "dmean2": 112.730247498,
        "dvar": 32744.828125,
        "dvar2": 77004.1875,
        "max": 2047.17443848,
        "mean": 702.578857422,
        "median": 636.661193848,
        "min": 498.812896729,
        "var": 38419.1523438
    },
    "spectral_complexity": {
        "dmean": 2.11142849922,
        "dmean2": 3.24928355217,
        "dvar": 15.1961507797,
        "dvar2": 30.1412734985,
        "max": 45,
        "mean": 10.4558401108,
        "median": 9,
        "min": 4,
        "var": 27.3021755219
    },
    "spectral_decrease": {
        "dmean": 1.65756641746e-09,
        "dmean2": 2.43752240614e-09,
        "dvar": 5.66039445016e-18,
        "dvar2": 1.29556832569e-17,
        "max": -3.95711075019e-10,
        "mean": -6.36560670841e-09,
        "median": -6.21690476876e-09,
        "min": -2.08511377053e-08,
        "var": 1.47497883747e-17
    },
    "spectral_energy": {
        "dmean": 0.00668371794745,
        "dmean2": 0.00985100585967,
        "dvar": 9.31598260649e-05,
        "dvar2": 0.00021222011128,
        "max": 0.0832635089755,
        "mean": 0.0256086550653,
        "median": 0.0247528515756,
        "min": 0.00161970767658,
        "var": 0.000239863758907
    },
    "spectral_energyband_high": {
        "dmean": 1.82977564691e-05,
        "dmean2": 2.88480478048e-05,
        "dvar": 6.22616891377e-09,
        "dvar2": 1.43995464441e-08,
        "max": 0.000777300389018,
        "mean": 1.53236251208e-05,
        "median": 3.59807728501e-07,
        "min": 5.19573006841e-08,
        "var": 5.59098456421e-09
    },
    "spectral_energyband_low": {
        "dmean": 1.64898356161e-05,
        "dmean2": 2.38342890952e-05,
        "dvar": 4.97431151825e-10,
        "dvar2": 1.11764786315e-09,
        "max": 0.000245926930802,
        "mean": 2.3463022444e-05,
        "median": 1.20546501421e-05,
        "min": 1.85085710314e-07,
        "var": 8.6889084816e-10
    },
    "spectral_energyband_middle_high": {
        "dmean": 0.00253933528438,
        "dmean2": 0.0037160103675,
        "dvar": 2.12456452573e-05,
        "dvar2": 4.37425187556e-05,
        "max": 0.0532631129026,
        "mean": 0.00704505853355,
        "median": 0.0043580615893,
        "min": 0.000166407131474,
        "var": 5.86773348914e-05
    },
    "spectral_energyband_middle_low": {
        "dmean": 0.0053482237272,
        "dmean2": 0.0081096785143,
        "dvar": 6.39452555333e-05,
        "dvar2": 0.000154089182615,
        "max": 0.0735414996743,
        "mean": 0.0185686014593,
        "median": 0.0175752379,
        "min": 0.000441158976173,
        "var": 0.000174673041329
    },
    "spectral_entropy": {
        "dmean": 0.181638285518,
        "dmean2": 0.263850420713,
        "dvar": 0.0921523198485,
        "dvar2": 0.183333158493,
        "max": 7.80287790298,
        "mean": 5.74496889114,
        "median": 5.68058347702,
        "min": 4.61382341385,
        "var": 0.274422258139
    },
    "spectral_flux": {
        "dmean": 0.0180562101305,
        "dmean2": 0.0262088421732,
        "dvar": 0.000551669159904,
        "dvar2": 0.000912208110094,
        "max": 0.222322687507,
        "mean": 0.053020760417,
        "median": 0.0392854325473,
        "min": 0.0112764909863,
        "var": 0.00182669202331
    },
    "spectral_kurtosis": {
        "dmean": 28.9637393951,
        "dmean2": 50.8440284729,
        "dvar": 704.329650879,
        "dvar2": 1795.87805176,
        "max": 235.253799438,
        "mean": 91.5031585693,
        "median": 83.3920135498,
        "min": 3.43364143372,
        "var": 2921.71264648
    },
    "spectral_rms": {
        "dmean": 0.000641147373244,
        "dmean2": 0.00094351550797,
        "dvar": 7.1426671866e-07,
        "dvar2": 1.64287973803e-06,
        "max": 0.009012917988,
        "mean": 0.00475025223568,
        "median": 0.00491417571902,
        "min": 0.00125706114341,
        "var": 2.41916222876e-06
    },
    "spectral_rolloff": {
        "dmean": 114.125915527,
        "dmean2": 202.806900024,
        "dvar": 89091.8203125,
        "dvar2": 238991.21875,
        "max": 2562.45117188,
        "mean": 881.881347656,
        "median": 925.927734375,
        "min": 495.263671875,
        "var": 79896.9765625
    },
    "spectral_skewness": {
        "dmean": 1.58081758022,
        "dmean2": 2.8290617466,
        "dvar": 1.98436629772,
        "dvar2": 5.03490591049,
        "max": 12.2272090912,
        "mean": 6.76400136948,
        "median": 6.76304292679,
        "min": 1.05623078346,
        "var": 6.91085195541
    },
    "spectral_spread": {
        "dmean": 327446.71875,
        "dmean2": 556347.9375,
        "dvar": 94532911104,
        "dvar2": 233119203328,
        "max": 3187336.75,
        "mean": 1106099.5,
        "median": 972565.625,
        "min": 348071.46875,
        "var": 238042955776
    },
    "spectral_strongpeak": {
        "dmean": 0.621810972691,
        "dmean2": 0.965707242489,
        "dvar": 0.556738913059,
        "dvar2": 1.3818808794,
        "max": 8.03390407562,
        "mean": 2.39169049263,
        "median": 2.23556900024,
        "min": 0.277568817139,
        "var": 1.38068163395
    },
    "zerocrossingrate": {
        "dmean": 0.00205217627808,
        "dmean2": 0.00262748473324,
        "dvar": 7.32870830689e-06,
        "dvar2": 1.00178849607e-05,
        "max": 0.052734375,
        "mean": 0.0318732187152,
        "median": 0.02978515625,
        "min": 0.01953125,
        "var": 3.9767823182e-05
    },
    "barkbands": {
        "dmean": [1.22520270907e-06, 2.53112511928e-06, 2.01222155738e-06, 7.62109921197e-05, 0.000127191728097, 0.000253969687037, 0.00348196877167, 0.00277369748801, 0.000462573516415, 0.000665515079163, 0.00158724631183, 0.00035181036219, 0.000135519760079, 0.000105867926322, 4.02723781008e-05, 7.19359377399e-05, 0.000250386627158, 6.27821718808e-05, 5.23096787219e-05, 1.74533051904e-05, 6.15573935647e-06, 4.20189780925e-06, 1.56873090873e-06, 7.38019195978e-07, 2.39847565808e-07, 1.42476224596e-07, 7.31360714212e-08],
        "dmean2": [1.8703922251e-06, 4.28551220466e-06, 3.12720476359e-06, 0.00010375698912, 0.000199857997359, 0.000442204502178, 0.00489132059738, 0.00463171862066, 0.000546521332581, 0.00116300431546, 0.0020213352982, 0.000580944935791, 0.000217431632336, 0.000173322390765, 6.09899179835e-05, 0.000118276111607, 0.000402020988986, 0.000100330682471, 8.6741783889e-05, 2.85181668005e-05, 9.98907489702e-06, 6.4310684138e-06, 2.45778255703e-06, 1.16773242098e-06, 3.36819766744e-07, 1.89614880242e-07, 8.560162712e-08],
        "dvar": [6.41140682212e-11, 6.97580673781e-11, 2.90506230183e-11, 8.49322656649e-09, 1.46745648522e-07, 3.80610117645e-07, 4.56462366856e-05, 3.03315900965e-05, 8.01101748493e-07, 1.96621408577e-06, 6.63209584673e-06, 4.10446637034e-06, 3.51704613877e-07, 1.39669566579e-07, 2.17272724257e-08, 8.80878161524e-08, 1.00531167391e-06, 6.8106608353e-08, 5.4573508379e-08, 6.71396183094e-09, 7.29815152756e-10, 3.2353508761e-10, 4.53177217974e-11, 1.09361608311e-11, 1.68180172479e-12, 9.18437743393e-13, 9.67382532586e-13],
        "dvar2": [1.50022660961e-10, 1.9202021917e-10, 4.93137024271e-11, 1.43440406219e-08, 3.67234548548e-07, 9.11855295271e-07, 9.78995813057e-05, 7.86270466051e-05, 1.10743667392e-06, 4.86220051243e-06, 1.13084015538e-05, 1.10167702587e-05, 7.35402181817e-07, 3.29453683889e-07, 4.71244767652e-08, 2.17757346377e-07, 2.49563390753e-06, 1.62534547599e-07, 1.40171025009e-07, 1.72183085567e-08, 1.72447345292e-09, 7.46763539894e-10, 1.01624639259e-10, 2.49917066208e-11, 2.34615929115e-12, 1.07110219132e-12, 9.7179599437e-13],
        "max": [0.000126357161207, 8.91869713087e-05, 9.41821199376e-05, 0.000768103695009, 0.00606909161434, 0.00721406470984, 0.0699827373028, 0.067367836833, 0.020631654188, 0.0128752812743, 0.0501760281622, 0.0240756869316, 0.0068532153964, 0.00331117492169, 0.00158515560906, 0.00300466874614, 0.00838121492416, 0.00243454705924, 0.00224781036377, 0.000840387307107, 0.000260764674749, 0.00018847665342, 5.77200953558e-05, 2.76644386759e-05, 2.08202309295e-05, 1.69983395608e-05, 1.84468099178e-05],
        "mean": [1.08912320229e-06, 2.5554286367e-06, 2.99237899526e-06, 0.000112236513814, 0.000284612266114, 0.000291697942885, 0.00705065065995, 0.00750848697498, 0.00327860284597, 0.00130647129845, 0.00468179862946, 0.000409117550589, 0.00013548322022, 0.00011488297605, 4.23131350544e-05, 6.71823509037e-05, 0.000202924580663, 5.23301605426e-05, 3.90325039916e-05, 1.35178297569e-05, 5.25139830643e-06, 3.261521897e-06, 1.22294909488e-06, 5.43656085483e-07, 2.07937787877e-07, 1.31038916606e-07, 1.03595375833e-07],
        "median": [4.43135235173e-08, 5.26269332113e-07, 7.15291946563e-07, 6.34384487057e-05, 0.000166960031493, 8.72933669598e-05, 0.00267972471192, 0.00640674354509, 0.00141756841913, 0.000658068049233, 0.0024004643783, 0.00010093646415, 5.92223568674e-06, 2.26672273129e-05, 4.309914857e-06, 6.85297345626e-06, 6.46328726361e-06, 1.17010188205e-06, 7.09758239736e-07, 2.8373568739e-07, 1.50687455402e-07, 4.6853362079e-08, 9.71442659647e-09, 6.49723919111e-09, 7.63757057598e-09, 6.55267706762e-09, 2.41760123032e-08],
        "min": [2.59582993989e-10, 1.75444725414e-08, 9.96867299818e-09, 6.27265706044e-07, 2.29769943871e-06, 3.55990073331e-06, 0.00011949094187, 0.000187281228136, 2.5569819627e-05, 4.92743583891e-06, 0.00010904984083, 7.76660181145e-06, 4.25892466183e-07, 8.98758912626e-07, 1.95880801357e-07, 4.98030374274e-07, 5.66749577047e-07, 1.382698116e-07, 1.02513915579e-07, 2.69339324177e-08, 2.29574563804e-08, 5.82264325644e-09, 7.16744830154e-10, 6.10856087935e-10, 7.22070347958e-10, 4.86619411433e-10, 4.35901581497e-09],
        "var": [5.93137622351e-11, 5.65661753549e-11, 6.67379970731e-11, 1.79473786943e-08, 1.85803386898e-07, 5.12885321768e-07, 0.000131319524371, 4.13825546275e-05, 2.06503409572e-05, 3.27292855218e-06, 3.78647564503e-05, 2.99339581034e-06, 3.84413255006e-07, 1.3056362036e-07, 2.43463258442e-08, 7.67554269032e-08, 8.49053776619e-07, 5.93882418798e-08, 4.10802627471e-08, 5.13746156727e-09, 6.42790709549e-10, 2.81867001961e-10, 4.01598233835e-11, 8.92960531906e-12, 1.69662287691e-12, 9.40015101349e-13, 9.65621029317e-13]
    },
    "erbbands": {
        "dmean": [0.000102394682472, 0.000479801208712, 0.00291438307613, 0.0963048562407, 0.357724159956, 0.427402079105, 1.04647517204, 2.64435362816, 23.9461555481, 77.7255325317, 31.536113739, 10.0979862213, 10.1384553909, 35.3772125244, 51.3202857971, 15.9196949005, 6.86989688873, 5.02444314957, 4.06008529663, 2.1267118454, 5.56383180618, 14.4278841019, 3.84825587273, 3.18705248833, 2.3322224617, 0.724833369255, 0.367116570473, 0.207652673125, 0.146980255842, 0.0838927105069, 0.0419809930027, 0.021640451625, 0.00927714910358, 0.00342604028992, 0.00133771705441, 0.000605270033702, 0.000264966278337, 6.5193460614e-05, 1.28103247334e-05, 8.26281575428e-06],
        "dmean2": [0.000180191738764, 0.000799125933554, 0.00426679290831, 0.132906079292, 0.515472888947, 0.652691066265, 1.57133030891, 4.57169532776, 35.7158050537, 120.125404358, 50.1560821533, 11.6772623062, 16.800573349, 52.3239898682, 72.3178787231, 26.4339694977, 10.6982097626, 7.56092166901, 6.21761465073, 3.38964319229, 9.27360153198, 23.0047569275, 5.936647892, 5.2258310318, 4.0665512085, 1.17971074581, 0.574906527996, 0.327939480543, 0.22719232738, 0.128933787346, 0.0652770623565, 0.0344341173768, 0.0144160166383, 0.00496153859422, 0.00190758705139, 0.000818000407889, 0.000364502076991, 8.43531015562e-05, 1.5921315935e-05, 1.16441115097e-05],
        "dvar": [2.90104651413e-07, 1.3418036815e-06, 2.15781619772e-05, 0.0132235959172, 0.175725147128, 2.05322217941, 20.6302852631, 30.1465930939, 4444.45703125, 13858.0898438, 2924.75878906, 351.059143066, 371.687805176, 5752.65869141, 6728.05371094, 7463.75976562, 1033.65869141, 269.995697021, 184.268508911, 75.3998184204, 456.745635986, 3220.97607422, 226.290893555, 179.933547974, 128.507659912, 11.5595560074, 2.50496768951, 0.841308772564, 0.39869004488, 0.125549137592, 0.031527146697, 0.00894652772695, 0.00182036252227, 0.000318345089909, 5.89158953517e-05, 1.56953556143e-05, 2.78561014966e-06, 3.70129640714e-07, 1.79921819665e-08, 2.443022451e-10],
        "dvar2": [8.33717649584e-07, 3.54155849891e-06, 3.79444063583e-05, 0.022856945172, 0.349143952131, 4.7154340744, 42.1687736511, 74.564201355, 10258.0722656, 30824.8652344, 6987.32958984, 484.873748779, 849.676574707, 14388.7333984, 14402.8994141, 20201.5449219, 2193.03491211, 642.874938965, 380.679656982, 167.063568115, 1083.27978516, 7920.22802734, 493.618988037, 446.819702148, 348.172241211, 28.6451892853, 6.13596343994, 2.02736496925, 0.921348690987, 0.28442427516, 0.0707226991653, 0.0211912691593, 0.00383205432445, 0.000472074811114, 7.89471450844e-05, 1.8636810637e-05, 3.38250129062e-06, 3.83211357757e-07, 1.78067125489e-08, 3.15300258125e-10],
        "max": [0.00686174584553, 0.0089257452637, 0.07422734797, 0.943610370159, 3.69341683388, 24.6023712158, 78.4951934814, 50.603313446, 842.362060547, 1318.37304688, 658.472412109, 432.195159912, 224.11416626, 764.342224121, 1374.046875, 978.081604004, 442.931854248, 137.481445312, 109.027404785, 97.4299163818, 155.180328369, 453.763031006, 124.462974548, 126.723182678, 109.365715027, 38.0329742432, 14.9168043137, 8.65817260742, 6.75384998322, 3.0370798111, 1.50624060631, 0.83278554678, 0.454204797745, 0.277438014746, 0.126092970371, 0.0695854350924, 0.0290620122105, 0.0113099617884, 0.0025525286328, 0.000307885726215],
        "mean": [8.80996958585e-05, 0.000609556213021, 0.00487643899396, 0.144440531731, 0.608666241169, 0.832400262356, 1.93626749516, 3.59055185318, 40.3747673035, 187.876113892, 142.546813965, 71.515007019, 28.7954540253, 97.0596618652, 140.836029053, 22.6050872803, 7.06076860428, 5.41461706161, 4.77554273605, 2.31137943268, 5.10858535767, 11.6721172333, 3.39918065071, 2.48055267334, 1.66037762165, 0.5979642272, 0.298845291138, 0.16802752018, 0.116301573813, 0.0649717524648, 0.0325924083591, 0.0157882701606, 0.00708344532177, 0.00287299789488, 0.00121139595285, 0.000566540344153, 0.000249092990998, 6.96027273079e-05, 2.60866345343e-05, 3.11077128572e-05],
        "median": [1.40198171721e-05, 0.000224943185458, 0.00286013050936, 0.0837480127811, 0.407199800014, 0.397434800863, 0.818099975586, 1.4321770668, 19.5838127136, 123.698120117, 125.661125183, 34.1816368103, 16.4995174408, 53.9188270569, 69.7591934204, 8.24025535583, 0.932359158993, 0.900906503201, 0.803258359432, 0.221131876111, 0.364672780037, 0.420120418072, 0.090092562139, 0.0505300275981, 0.0245276596397, 0.013519834727, 0.00764122512192, 0.00470329588279, 0.00197312072851, 0.000477185065392, 0.000285298039671, 0.000165992692928, 0.000128097759443, 9.86972663668e-05, 6.77067801007e-05, 4.18027630076e-05, 1.95569900825e-05, 8.35318678583e-06, 1.78502941708e-05, 2.96551370411e-05],
        "min": [5.53650181701e-07, 6.39435438643e-06, 6.85353443259e-05, 0.00142930797301, 0.00707860710099, 0.00753914751112, 0.0401506051421, 0.0981216579676, 0.737465918064, 2.31670069695, 3.6118581295, 0.618834674358, 0.270578891039, 3.51345920563, 1.92932355404, 0.437069296837, 0.106145940721, 0.0402831435204, 0.0381816849113, 0.0190091244876, 0.0337232276797, 0.0414089672267, 0.00895508006215, 0.0061130868271, 0.00333942123689, 0.00129670999013, 0.00095421721926, 0.000492334133014, 0.00026997202076, 5.1334642194e-05, 3.72586582671e-05, 1.94861204363e-05, 1.52559478011e-05, 1.316084672e-05, 1.0358581676e-05, 6.12407711742e-06, 2.45269893639e-06, 1.63053130109e-06, 1.96652399609e-06, 2.15109685087e-06],
        "var": [1.78927777483e-07, 1.61187210779e-06, 5.04009221913e-05, 0.0278406087309, 0.394450604916, 2.64466071129, 27.9496078491, 39.0121803284, 5245.57421875, 49029.6523438, 10636.6074219, 8545.80078125, 1181.23291016, 13053.4658203, 37632.6484375, 5379.02050781, 1076.90991211, 284.767822266, 215.278717041, 83.8733215332, 414.503997803, 2779.0949707, 228.146789551, 142.164321899, 86.5225143433, 9.50309085846, 2.14014673233, 0.709558010101, 0.350677162409, 0.110632412136, 0.0279085226357, 0.00727415923029, 0.00154996244237, 0.000313677126542, 5.9596652136e-05, 1.60773761309e-05, 2.85818828161e-06, 3.76080208753e-07, 1.84121322633e-08, 5.39644773312e-10]
    },
    "gfcc": {
        "mean": [-181.919937134, 179.58480835, -160.945327759, -85.9981613159, -74.3834609985, -44.172832489, -16.25598526, -4.08776664734, -17.0769805908, -18.023311615, -15.7570486069, -10.613825798, -8.50515937805],
        "cov": [[3577.83422852, -1120.35632324, -482.619476318, 1104.71984863, -90.005241394, 162.815597534, -278.70413208, 99.1854705811, 38.2492904663, 202.393417358, 182.719070435, 197.826293945, -79.421661377], [-1120.35632324, 877.343994141, 242.668640137, -539.095092773, 110.210403442, -166.979995728, 102.7133255, -102.101905823, -10.6302490234, -171.999847412, -117.631752014, -167.776657104, 77.2611083984], [-482.619476318, 242.668640137, 452.696380615, -182.939865112, -187.415206909, -100.774208069, 68.8507232666, 56.6884269714, 11.9384937286, -91.3553619385, -133.236373901, -99.7574234009, -34.2049598694], [1104.71984863, -539.095092773, -182.939865112, 536.734985352, -23.2164821625, 97.0540542603, -85.7082519531, 57.5544815063, -0.943842411041, 120.324890137, 85.1547012329, 99.4024810791, -37.1738243103], [-90.005241394, 110.210403442, -187.415206909, -23.2164821625, 196.649581909, 33.4515190125, -1.88118684292, -51.9171600342, -14.3596382141, 18.6978721619, 51.1613616943, 16.142414093, 38.890411377], [162.815597534, -166.979995728, -100.774208069, 97.0540542603, 33.4515190125, 117.537635803, 2.14359402657, -0.853730201721, -19.3938217163, 31.3927402496, 38.1580581665, 47.8943862915, -7.13650178909], [-278.70413208, 102.7133255, 68.8507232666, -85.7082519531, -1.88118684292, 2.14359402657, 92.6438980103, 18.115026474, -3.72977232933, -15.5752744675, -19.35962677, -23.8675365448, -0.631512761116], [99.1854705811, -102.101905823, 56.6884269714, 57.5544815063, -51.9171600342, -0.853730201721, 18.115026474, 79.2286911011, 39.1556930542, 15.9117937088, -12.4120330811, 3.66005825996, -24.0992717743], [38.2492904663, -10.6302490234, 11.9384937286, -0.943842411041, -14.3596382141, -19.3938217163, -3.72977232933, 39.1556930542, 70.8268585205, 19.0155086517, -5.29941701889, -13.9628324509, -15.6848545074], [202.393417358, -171.999847412, -91.3553619385, 120.324890137, 18.6978721619, 31.3927402496, -15.5752744675, 15.9117937088, 19.0155086517, 78.6683502197, 52.7568244934, 37.3319816589, -12.751036644], [182.719070435, -117.631752014, -133.236373901, 85.1547012329, 51.1613616943, 38.1580581665, -19.35962677, -12.4120330811, -5.29941701889, 52.7568244934, 89.5484619141, 65.1263885498, 14.9103059769], [197.826293945, -167.776657104, -99.7574234009, 99.4024810791, 16.142414093, 47.8943862915, -23.8675365448, 3.66005825996, -13.9628324509, 37.3319816589, 65.1263885498, 83.2159881592, 15.27921772], [-79.421661377, 77.2611083984, -34.2049598694, -37.1738243103, 38.890411377, -7.13650178909, -0.631512761116, -24.0992717743, -15.6848545074, -12.751036644, 14.9103059769, 15.27921772, 44.1383323669]],
        "icov": [[0.00107759877574, -0.000827071547974, 0.00133704207838, -0.00229592807591, 0.00165313470643, -0.000294136087177, 0.00137634691782, -0.000960747245699, -0.000278619467281, 0.00147013226524, -0.00107490189839, 0.000343885738403, 0.0010499781929], [-0.000827071547974, 0.0298340283334, -0.0169346425682, 0.00670827040449, -0.0257327966392, 0.013670925051, -0.0154577130452, 0.0265609435737, -0.0177404303104, 0.0257252696902, -0.0109215937555, 0.0240407437086, -0.0255249012262], [0.00133704207838, -0.0169346425682, 0.0183401852846, -0.00420297821984, 0.0207432154566, -0.00537219829857, 0.00732981693, -0.0192310959101, 0.0122672123834, -0.0110675077885, 0.00775184761733, -0.0101393917575, 0.0152342272922], [-0.00229592807591, 0.00670827040449, -0.00420297821984, 0.0109090488404, -0.00637580035254, 0.00121700624004, -0.000712685985491, 3.80205310648e-05, 0.0027061374858, -0.00379301304929, -9.72537600319e-05, 0.00453875260428, -0.00579033186659], [0.00165313470643, -0.0257327966392, 0.0207432154566, -0.00637580035254, 0.035983286798, -0.0141153857112, 0.0127985207364, -0.0227630399168, 0.0153076015413, -0.0211600121111, 0.00390510330908, -0.0111439190805, 0.014355934225], [-0.000294136087177, 0.013670925051, -0.00537219829857, 0.00121700624004, -0.0141153857112, 0.0229152590036, -0.0131078511477, 0.0152100743726, -0.00660348078236, 0.0129186240956, 0.000141916199937, -0.00123669498134, -0.00157264235895], [0.00137634691782, -0.0154577130452, 0.00732981693, -0.000712685985491, 0.0127985207364, -0.0131078511477, 0.0298043675721, -0.0282844901085, 0.0178274754435, -0.0154455034062, -0.00197395612486, -9.07401190489e-05, 0.00877266656607], [-0.000960747245699, 0.0265609435737, -0.0192310959101, 3.80205310648e-05, -0.0227630399168, 0.0152100743726, -0.0282844901085, 0.0641973242164, -0.0388259962201, 0.0234740618616, 0.00359385437332, 0.000217090913793, -0.0142353344709], [-0.000278619467281, -0.0177404303104, 0.0122672123834, 0.0027061374858, 0.0153076015413, -0.00660348078236, 0.0178274754435, -0.0388259962201, 0.0436019152403, -0.0268825497478, 0.00224220729433, -0.000955144292675, 0.014140099287], [0.00147013226524, 0.0257252696902, -0.0110675077885, -0.00379301304929, -0.0211600121111, 0.0129186240956, -0.0154455034062, 0.0234740618616, -0.0268825497478, 0.0646551176906, -0.0301671270281, 0.022652445361, -0.00935326237231], [-0.00107490189839, -0.0109215937555, 0.00775184761733, -9.72537600319e-05, 0.00390510330908, 0.000141916199937, -0.00197395612486, 0.00359385437332, 0.00224220729433, -0.0301671270281, 0.0564910285175, -0.0437112301588, 0.00975492596626], [0.000343885738403, 0.0240407437086, -0.0101393917575, 0.00453875260428, -0.0111439190805, -0.00123669498134, -9.07401190489e-05, 0.000217090913793, -0.000955144292675, 0.022652445361, -0.0437112301588, 0.076388515532, -0.0412341095507], [0.0010499781929, -0.0255249012262, 0.0152342272922, -0.00579033186659, 0.014355934225, -0.00157264235895, 0.00877266656607, -0.0142353344709, 0.014140099287, -0.00935326237231, 0.00975492596626, -0.0412341095507, 0.0689050853252]]
    },
    "melbands": {
        "dmean": [8.34313084397e-07, 7.51788263642e-07, 2.95344179904e-05, 2.20183846977e-05, 3.52013594238e-05, 5.9977552155e-05, 0.000488599354867, 0.000839606276713, 0.000213075763895, 5.40807195648e-05, 5.66553862882e-05, 0.000144232035382, 0.000206434953725, 6.17702316958e-05, 2.43648009928e-05, 1.19958513096e-05, 9.62417743722e-06, 8.20436616777e-06, 1.99939108825e-06, 3.7332094962e-06, 7.53770655137e-06, 1.71834617504e-05, 5.96961399424e-06, 2.64537311523e-06, 2.59961939264e-06, 1.97318308892e-06, 1.16050671295e-06, 3.40731759252e-07, 2.57955576899e-07, 1.37848758186e-07, 1.19731041082e-07, 9.16032760756e-08, 6.44761399826e-08, 3.82319491621e-08, 2.48546214721e-08, 1.89896063318e-08, 1.03276098784e-08, 6.99490376732e-09, 4.04120825692e-09, 2.49227638527e-09],
        "dmean2": [1.43641113937e-06, 1.1932831967e-06, 4.09502390539e-05, 3.33461211994e-05, 5.22866102983e-05, 0.000103156744444, 0.000720248208381, 0.00133318826556, 0.000328392867232, 6.39751378912e-05, 9.66334555415e-05, 0.000220462781726, 0.000268044212135, 0.000105583188997, 3.92609035771e-05, 1.82958719961e-05, 1.50981932165e-05, 1.28941464936e-05, 2.98082522932e-06, 5.90929357713e-06, 1.21852408483e-05, 2.77373364952e-05, 9.50704907154e-06, 4.29823012382e-06, 4.25099597123e-06, 3.34739183927e-06, 2.03103422791e-06, 5.35941012458e-07, 4.06770283234e-07, 2.21246963861e-07, 1.89149417906e-07, 1.42370723211e-07, 9.95810083282e-08, 5.96181948254e-08, 3.87291656523e-08, 3.0751280633e-08, 1.61114392938e-08, 1.10628173289e-08, 6.14213613304e-09, 3.54024010107e-09],
        "dvar": [1.4068326365e-11, 3.41410168365e-12, 1.23382781769e-09, 1.76549541653e-09, 2.1470587086e-08, 2.03968433254e-08, 1.33578203076e-06, 1.70553619228e-06, 1.226762123e-07, 1.02878301433e-08, 1.09277369376e-08, 9.57887422715e-08, 1.28110869468e-07, 5.82750629974e-08, 2.21106066789e-08, 2.24419971495e-09, 1.07662234683e-09, 7.59311225007e-10, 5.38360363234e-11, 3.15671322415e-10, 8.11045230975e-10, 4.52082193902e-09, 6.72206068586e-10, 1.25354185365e-10, 1.17674842093e-10, 8.84026116199e-11, 3.38742610351e-11, 2.33169690153e-12, 1.26024906656e-12, 3.62169333152e-13, 2.84783698359e-13, 1.60001623496e-13, 7.69116351553e-14, 2.75418149929e-14, 1.13021901611e-14, 6.80070386669e-15, 2.09006734988e-15, 1.02033504123e-15, 4.24215619916e-16, 1.79315789673e-16],
        "dvar2": [3.88961987619e-11, 6.69642162901e-12, 2.16150652932e-09, 3.90922272331e-09, 4.60271714076e-08, 5.13753448672e-08, 3.02861553791e-06, 4.13078714701e-06, 2.71141459507e-07, 1.44536755897e-08, 2.44782558667e-08, 2.46451151042e-07, 2.33097679825e-07, 1.59159597501e-07, 4.9081801734e-08, 4.69863836727e-09, 2.67213251526e-09, 1.5842950285e-09, 1.16059065136e-10, 7.68393293438e-10, 1.99373606513e-09, 1.12202975799e-08, 1.53928314539e-09, 3.07286612822e-10, 2.91195345614e-10, 2.34118585629e-10, 9.23508908235e-11, 5.3986914765e-12, 3.10367118291e-12, 8.70237963722e-13, 6.89861199849e-13, 3.76164784001e-13, 1.73796131024e-13, 6.26209425026e-14, 2.47053354337e-14, 1.67558905661e-14, 4.75302035143e-15, 2.2373288982e-15, 6.91115728065e-16, 2.53836689581e-16],
        "max": [4.85240561829e-05, 2.64589034487e-05, 0.000295507459668, 0.0006838880945, 0.00253934040666, 0.00142025202513, 0.0122220022604, 0.0138501161709, 0.00405992334709, 0.00233363057487, 0.00119515857659, 0.00299079809338, 0.00688045658171, 0.00333783985116, 0.00222709658556, 0.000508761091623, 0.000294759607641, 0.000223848692258, 6.9255962444e-05, 0.000240487934207, 0.000203549279831, 0.000542253488675, 0.000275377271464, 0.000107725521957, 0.000100788645796, 8.60608488438e-05, 6.02978107054e-05, 1.71893334482e-05, 9.75720377028e-06, 5.77509126742e-06, 5.24272263647e-06, 4.27870691055e-06, 2.87758712147e-06, 1.29815316541e-06, 9.81308517112e-07, 6.71511429573e-07, 4.29370572874e-07, 3.15678562401e-07, 2.9974327731e-07, 2.14438045987e-07],
        "mean": [7.9501410255e-07, 1.19254889341e-06, 4.64518816443e-05, 4.33796194557e-05, 6.72682799632e-05, 6.65802290314e-05, 0.000875025230926, 0.00218133837916, 0.00110114482231, 0.000369738874724, 0.000140201314935, 0.000372045557015, 0.0005804716493, 0.000102787809737, 2.29611232498e-05, 1.23931959024e-05, 9.92204968497e-06, 9.4563820312e-06, 2.2969429665e-06, 3.69891017726e-06, 6.45148247713e-06, 1.37732913572e-05, 5.19655532116e-06, 2.20332913159e-06, 1.99485361918e-06, 1.44717409967e-06, 8.14259749404e-07, 2.98691418266e-07, 2.08052810535e-07, 1.1529375854e-07, 9.32654842245e-08, 7.1925946088e-08, 5.01449406443e-08, 2.95230844216e-08, 1.97099581101e-08, 1.35899895781e-08, 7.72036656826e-09, 5.28134735944e-09, 3.28027294216e-09, 2.109723507e-09],
        "median": [1.24257141465e-07, 3.7377873241e-07, 2.8601676604e-05, 2.74296362477e-05, 2.98979412037e-05, 1.9006565708e-05, 0.000397193158278, 0.00165240012575, 0.00085016671801, 0.00016903685173, 6.7808185122e-05, 0.000201816612389, 0.000286025780952, 3.66905223927e-05, 2.88157889372e-06, 5.87110946526e-07, 1.71712576957e-06, 1.65022549936e-06, 2.4496637252e-07, 3.54764551957e-07, 3.90980659404e-07, 4.65327417487e-07, 1.68910574416e-07, 4.79044075519e-08, 3.94419430449e-08, 2.61350692199e-08, 1.30623964978e-08, 7.10443703866e-09, 4.99979524449e-09, 3.50511486502e-09, 2.36914288188e-09, 1.3247863917e-09, 3.85877690912e-10, 1.90647886367e-10, 1.64419755588e-10, 1.0507972964e-10, 7.90179172094e-11, 7.64404373133e-11, 6.99642913049e-11, 7.12425465843e-11],
        "min": [3.33899796701e-09, 1.05378088477e-08, 4.55149177014e-07, 4.68153587008e-07, 1.4795369907e-06, 7.21305525531e-07, 1.37653132697e-05, 3.20243707392e-05, 2.42574078584e-05, 2.92431263915e-06, 1.58438425046e-07, 1.27532475744e-05, 8.58386374603e-06, 1.39359667628e-06, 5.88259716494e-08, 3.1773797815e-08, 5.94230051831e-08, 7.06948455331e-08, 1.18296865637e-08, 2.623460027e-08, 3.04943092999e-08, 4.527432651e-08, 8.37674818399e-09, 4.71149119718e-09, 4.65133709326e-09, 3.65145269576e-09, 1.05435216113e-09, 6.91616486304e-10, 5.30073984706e-10, 3.6978550777e-10, 2.65002714217e-10, 1.47222622982e-10, 3.69715230653e-11, 1.4088927941e-11, 1.25216772714e-11, 8.18535430408e-12, 6.41471728166e-12, 6.69071048565e-12, 4.86006937819e-12, 7.05877023499e-12],
        "var": [1.00507492953e-11, 7.16080363408e-12, 2.71722111478e-09, 3.04230418635e-09, 2.8315959355e-08, 2.39151347614e-08, 2.10595840144e-06, 4.32350361734e-06, 8.01580085863e-07, 2.46892426503e-07, 3.32101706135e-08, 1.93316822106e-07, 7.06148057361e-07, 4.92164282662e-08, 2.16178293044e-08, 2.57358023781e-09, 1.02052932771e-09, 8.62518390043e-10, 6.69459418456e-11, 2.84985174348e-10, 6.97883029144e-10, 3.85769816091e-09, 6.19018891701e-10, 1.04418487745e-10, 9.29618951262e-11, 6.25148266487e-11, 2.24875951194e-11, 2.17137852837e-12, 1.07278129522e-12, 3.05770816653e-13, 2.37078152249e-13, 1.37123548193e-13, 6.84903522785e-14, 2.39598278555e-14, 1.02891091101e-14, 5.30148985489e-15, 1.76240472445e-15, 8.45390762128e-16, 4.02267540415e-16, 1.7874625266e-16]
    },
    "mfcc": {
        "mean": [-812.994812012, 220.292648315, -34.5012664795, -48.9386177063, -47.3322257996, -48.4239959717, -20.7228870392, -2.48659658432, -2.48720359802, -12.4110622406, -11.523021698, -1.02874684334, 0.956580936909],
        "cov": [[3459.37011719, -896.155639648, -878.155883789, 897.012512207, 177.101623535, 300.74130249, 41.3909072876, -69.0409698486, -174.927856445, 13.5415229797, 149.231735229, 139.745819092, 26.4471130371], [-896.155639648, 730.255737305, 306.626678467, -323.462188721, -85.1076431274, -174.932678223, -44.8043289185, -11.7821063995, 81.7045059204, 3.26790499687, -91.9599914551, -122.072814941, -110.380638123], [-878.155883789, 306.626678467, 479.851287842, -216.552047729, -145.396255493, -160.855941772, -61.2734489441, 44.7974967957, 77.4939727783, 11.4273395538, -32.9165077209, -71.9150924683, -87.8671112061], [897.012512207, -323.462188721, -216.552047729, 417.914825439, 15.4921598434, 75.9672088623, 66.5913009644, -34.636051178, -39.57654953, 9.80405807495, 81.9420471191, 87.2688293457, 17.0798187256], [177.101623535, -85.1076431274, -145.396255493, 15.4921598434, 141.01725769, 85.7047424316, 3.97457623482, -6.48504972458, -38.3096351624, 1.85694408417, -9.5350484848, 3.35112380981, 46.9103050232], [300.74130249, -174.932678223, -160.855941772, 75.9672088623, 85.7047424316, 128.783599854, 51.5309829712, -6.11485624313, -41.1302604675, -7.46964406967, 12.1203241348, 22.7175521851, 46.9233589172], [41.3909072876, -44.8043289185, -61.2734489441, 66.5913009644, 3.97457623482, 51.5309829712, 97.3514633179, 4.2110877037, -3.44022798538, 1.265832901, 13.2688016891, 18.9858989716, 20.5951328278], [-69.0409698486, -11.7821063995, 44.7974967957, -34.636051178, -6.48504972458, -6.11485624313, 4.2110877037, 56.668838501, 30.1685218811, 4.10704660416, 1.450496912, 5.4237575531, 9.43863773346], [-174.927856445, 81.7045059204, 77.4939727783, -39.57654953, -38.3096351624, -41.1302604675, -3.44022798538, 30.1685218811, 65.9100189209, 24.2436656952, 7.33704519272, 10.3947114944, -7.78436660767], [13.5415229797, 3.26790499687, 11.4273395538, 9.80405807495, 1.85694408417, -7.46964406967, 1.265832901, 4.10704660416, 24.2436656952, 44.7932701111, 25.8186435699, 7.1316280365, -5.72707986832], [149.231735229, -91.9599914551, -32.9165077209, 81.9420471191, -9.5350484848, 12.1203241348, 13.2688016891, 1.450496912, 7.33704519272, 25.8186435699, 61.9117584229, 48.8601264954, 7.82518053055], [139.745819092, -122.072814941, -71.9150924683, 87.2688293457, 3.35112380981, 22.7175521851, 18.9858989716, 5.4237575531, 10.3947114944, 7.1316280365, 48.8601264954, 81.0843429565, 48.6460876465], [26.4471130371, -110.380638123, -87.8671112061, 17.0798187256, 46.9103050232, 46.9233589172, 20.5951328278, 9.43863773346, -7.78436660767, -5.72707986832, 7.82518053055, 48.6460876465, 79.4620285034]],
