{
"lowlevel": {
    "average_loudness": 0.873499512672,
    "barkbands_crest": {
        "dmean": 1.74412989616,
        "dmean2": 2.54417872429,
        "dvar": 4.71321105957,
        "dvar2": 9.15013694763,
        "max": 26.1598072052,
        "mean": 17.8561344147,
        "median": 21.9533748627,
        "min": 4.74649429321,
        "var": 48.5561065674
    },
    "barkbands_flatness_db": {
        "dmean": 0.017150182277,
        "dmean2": 0.0233895573765,
        "dvar": 0.000448536127806,
        "dvar2": 0.000553890829906,
        "max": 0.41528826952,
        "mean": 0.203195333481,
        "median": 0.231660112739,
        "min": 0.0724706426263,
        "var": 0.00758138066158
    },
    "barkbands_kurtosis": {
        "dmean": 7.34364032745,
        "dmean2": 11.8201179504,
        "dvar": 144.534744263,
        "dvar2": 337.025665283,
        "max": 96.1014556885,
        "mean": 26.2237606049,
        "median": 18.6639766693,
        "min": -1.2460218668,
        "var": 735.470275879
    },
    "barkbands_skewness": {
        "dmean": 0.632196724415,
        "dmean2": 0.975886523724,
        "dvar": 0.64076179266,
        "dvar2": 1.45253872871,
        "max": 8.51919460297,
        "mean": 3.64376759529,
        "median": 3.72002506256,
        "min": 0.0190836340189,
        "var": 5.70936775208
    },
    "barkbands_spread": {
        "dmean": 1.74207925797,
        "dmean2": 2.37211799622,
        "dvar": 4.83029127121,
        "dvar2": 10.4848566055,
        "max": 35.8204650879,
        "mean": 10.7753362656,
        "median": 4.72054719925,
        "min": 0.352622836828,
        "var": 112.106567383
    },
    "dissonance": {
        "dmean": 0.0154672749341,
        "dmean2": 0.0249256584793,
        "dvar": 0.000668540829793,
        "dvar2": 0.000973950314801,
        "max": 0.496712982655,
        "mean": 0.443130433559,
        "median": 0.453234672546,
        "min": 0.246173411608,
        "var": 0.00199112622067
    },
    "dynamic_complexity": 5.91111469269,
    "erbbands_crest": {
        "dmean": 1.71420776844,
        "dmean2": 2.58196258545,
        "dvar": 4.88484334946,
        "dvar2": 10.6911754608,
        "max": 33.3688812256,
        "mean": 12.9169368744,
        "median": 14.1470003128,
        "min": 4.94911193848,
        "var": 36.7343444824
    },
    "erbbands_flatness_db": {
        "dmean": 0.013213888742,
        "dmean2": 0.0180717278272,
        "dvar": 0.000438880757429,
        "dvar2": 0.000515702064149,
        "max": 0.468980401754,
        "mean": 0.214003562927,
        "median": 0.218551501632,
        "min": 0.120348669589,
        "var": 0.00452264631167
    },
    "erbbands_kurtosis": {
        "dmean": 1.84220051765,
        "dmean2": 2.58352589607,
        "dvar": 23.2218074799,
        "dvar2": 28.9297237396,
        "max": 67.2466049194,
        "mean": 5.02930355072,
        "median": 2.38086032867,
        "min": -1.45806264877,
        "var": 105.119819641
    },
    "erbbands_skewness": {
        "dmean": 0.320891261101,
        "dmean2": 0.461335301399,
        "dvar": 0.225751191378,
        "dvar2": 0.319463342428,
        "max": 6.23951721191,
        "mean": 1.52348124981,
        "median": 1.74731278419,
        "min": -0.956600248814,
        "var": 2.25495290756
    },
    "erbbands_spread": {
        "dmean": 3.80494379997,
        "dmean2": 5.1513543129,
        "dvar": 13.647649765,
        "dvar2": 26.0181102753,
        "max": 56.9696426392,
        "mean": 26.7188777924,
        "median": 24.5513381958,
        "min": 0.936144053936,
        "var": 212.251190186
    },
    "hfc": {
        "dmean": 2.94821000099,
        "dmean2": 4.57558822632,
        "dvar": 242.486801147,
        "dvar2": 668.452636719,
        "max": 165.797851562,
        "mean": 7.60920286179,
        "median": 4.02403068542,
        "min": 0.0488446988165,
        "var": 237.457931519
    },
    "melbands_crest": {
        "dmean": 1.60396313667,
        "dmean2": 2.4000878334,
        "dvar": 4.4554605484,
        "dvar2": 8.40237426758,
        "max": 31.8091182709,
        "mean": 17.4198627472,
        "median": 19.4145202637,
        "min": 5.243663311,
        "var": 39.3102378845
    },
    "melbands_flatness_db": {
        "dmean": 0.0184119399637,
        "dmean2": 0.0246415995061,
        "dvar": 0.000500534719322,
        "dvar2": 0.000633844407275,
        "max": 0.482080727816,
        "mean": 0.287078917027,
        "median": 0.320115178823,
        "min": 0.123474739492,
        "var": 0.00919339805841
    },
    "melbands_kurtosis": {
        "dmean": 10.1413354874,
        "dmean2": 17.0407962799,
        "dvar": 211.466812134,
        "dvar2": 561.196044922,
        "max": 128.639709473,
        "mean": 36.2614517212,
        "median": 26.5888957977,
        "min": -1.25953662395,
        "var": 1140.21252441
    },
    "melbands_skewness": {
        "dmean": 0.718187272549,
        "dmean2": 1.14543771744,
        "dvar": 0.571151137352,
        "dvar2": 1.3663380146,
        "max": 8.79011440277,
        "mean": 3.98394966125,
        "median": 3.4975206852,
        "min": -0.120276942849,
        "var": 5.15163660049
    },
    "melbands_spread": {
        "dmean": 2.6802854538,
        "dmean2": 3.65201163292,
        "dvar": 12.68217659,
        "dvar2": 24.6061096191,
        "max": 40.0889625549,
        "mean": 11.4376268387,
        "median": 4.00124168396,
        "min": 0.668880820274,
        "var": 136.023651123
    },
    "pitch_salience": {
        "dmean": 0.0565760992467,
        "dmean2": 0.0858645811677,
        "dvar": 0.00422598747537,
        "dvar2": 0.00911680981517,
        "max": 0.799657166004,
        "mean": 0.436833053827,
        "median": 0.393887490034,
        "min": 0.119830071926,
        "var": 0.0206377245486
    },
    "silence_rate_20dB": {
        "dmean": 0,
        "dmean2": 0,
        "dvar": 0,
        "dvar2": 0,
        "max": 1,
        "mean": 1,
        "median": 1,
        "min": 1,
        "var": 0
    },
    "silence_rate_30dB": {
        "dmean": 0.0133333336562,
        "dmean2": 0.0268456377089,
        "dvar": 0.0131555553526,
        "dvar2": 0.0261249486357,
        "max": 1,
        "mean": 0.986754953861,
        "median": 1,
        "min": 0,
        "var": 0.0130696045235
    },
    "silence_rate_60dB": {
        "dmean": 0.0333333350718,
        "dmean2": 0.0671140924096,
        "dvar": 0.0322221890092,
        "dvar2": 0.0760325714946,
        "max": 1,
        "mean": 0.370860934258,
        "median": 0,
        "min": 0,
        "var": 0.233323454857
    },
    "spectral_centroid": {
        "dmean": 102.97315979,
        "dmean2": 137.057754517,
        "dvar": 17757.8554688,
        "dvar2": 34965.3867188,
        "max": 2065.63696289,
        "mean": 828.65246582,
        "median": 478.514984131,
        "min": 314.745147705,
        "var": 330417.03125
    },
    "spectral_complexity": {
        "dmean": 1.29999995232,
        "dmean2": 2.35570478439,
        "dvar": 2.30333304405,
        "dvar2": 4.30971431732,
        "max": 17,
        "mean": 5.92715215683,
        "median": 6,
        "min": 0,
        "var": 7.40529346466
    },
    "spectral_decrease": {
        "dmean": 1.41180289681e-09,
        "dmean2": 2.1460118127e-09,
        "dvar": 3.52922034651e-17,
        "dvar2": 9.58655875486e-17,
        "max": -1.96353957399e-11,
        "mean": -4.9097597099e-09,
        "median": -3.09607517401e-09,
        "min": -6.40057251644e-08,
        "var": 4.79150424783e-17
    },
    "spectral_energy": {
        "dmean": 0.0055938498117,
        "dmean2": 0.00850506778806,
        "dvar": 0.000567789189517,
        "dvar2": 0.00154403073248,
        "max": 0.256609499454,
        "mean": 0.0192207172513,
        "median": 0.012050287798,
        "min": 7.8539007518e-05,
        "var": 0.000753251020797
    },
    "spectral_energyband_high": {
        "dmean": 4.57486521555e-06,
        "dmean2": 7.24849996914e-06,
        "dvar": 4.77369151153e-11,
        "dvar2": 5.65071982261e-11,
        "max": 0.000109619504656,
        "mean": 2.42983587668e-05,
        "median": 2.46594627242e-05,
        "min": 6.84331666889e-07,
        "var": 8.31911900478e-11
    },
    "spectral_energyband_low": {
        "dmean": 9.43773557083e-05,
        "dmean2": 0.000156692738528,
        "dvar": 1.00637365108e-08,
        "dvar2": 2.42983695387e-08,
        "max": 0.000759737798944,
        "mean": 0.00019705251907,
        "median": 0.000173145817826,
        "min": 2.54385076914e-06,
        "var": 2.39953656944e-08
    },
    "spectral_energyband_middle_high": {
        "dmean": 0.000614101649262,
        "dmean2": 0.000949031556956,
        "dvar": 9.31424347073e-06,
        "dvar2": 2.50264292845e-05,
        "max": 0.0265119187534,
        "mean": 0.00092408596538,
        "median": 0.000303009699564,
        "min": 4.66539586341e-06,
        "var": 8.56175665831e-06
    },
    "spectral_energyband_middle_low": {
        "dmean": 0.00517812510952,
        "dmean2": 0.00781417265534,
        "dvar": 0.000447015860118,
        "dvar2": 0.00119334284682,
        "max": 0.230184465647,
        "mean": 0.0181696433574,
        "median": 0.0116697931662,
        "min": 7.07640283508e-05,
        "var": 0.000666997453663
    },
    "spectral_entropy": {
        "dmean": 0.128332793713,
        "dmean2": 0.169938161969,
        "dvar": 0.0331275947392,
        "dvar2": 0.0322875864804,
        "max": 8.4582529068,
        "mean": 6.92724609375,
        "median": 6.80215549469,
        "min": 5.19370126724,
        "var": 0.446173250675
    },
    "spectral_flux": {
        "dmean": 0.0127125829458,
        "dmean2": 0.020033987239,
        "dvar": 0.0017552988138,
        "dvar2": 0.00404548272491,
        "max": 0.460299879313,
        "mean": 0.0292798075825,
        "median": 0.0196546409279,
        "min": 0.00959617085755,
        "var": 0.00191032001749
    },
    "spectral_kurtosis": {
        "dmean": 2.39758729935,
        "dmean2": 3.54105830193,
        "dvar": 22.5334758759,
        "dvar2": 49.5196876526,
        "max": 65.9631347656,
        "mean": 10.1883029938,
        "median": 7.47921848297,
        "min": 2.2648563385,
        "var": 56.1689071655
    },
    "spectral_rms": {
        "dmean": 0.000448434351711,
        "dmean2": 0.000620142905973,
        "dvar": 1.49720199261e-06,
        "dvar2": 3.59490468327e-06,
        "max": 0.0158224757761,
        "mean": 0.00353780249134,
        "median": 0.00342875765637,
        "min": 0.000276809354546,
        "var": 6.23587084192e-06
    },
    "spectral_rolloff": {
        "dmean": 195.952148438,
        "dmean2": 321.84185791,
        "dvar": 113704.882812,
        "dvar2": 230929.453125,
        "max": 2540.91796875,
        "mean": 911.24005127,
        "median": 538.330078125,
        "min": 279.931640625,
        "var": 646751.3125
    },
    "spectral_skewness": {
        "dmean": 0.222512200475,
        "dmean2": 0.323641657829,
        "dvar": 0.0951195880771,
        "dvar2": 0.185080081224,
        "max": 5.15203666687,
        "mean": 2.02996921539,
        "median": 1.82964861393,
        "min": 1.2678630352,
        "var": 0.502864897251
    },
    "spectral_spread": {
        "dmean": 352526.8125,
        "dmean2": 420688.3125,
        "dvar": 2.42295635968e+12,
        "dvar2": 1.20804605952e+12,
        "max": 27660246,
        "mean": 3303781.75,
        "median": 3196569.75,
        "min": 885729.4375,
        "var": 4.43703518822e+12
    },
    "spectral_strongpeak": {
        "dmean": 0.253009587526,
        "dmean2": 0.369098454714,
        "dvar": 0.332593888044,
        "dvar2": 0.448002487421,
        "max": 7.96306610107,
        "mean": 1.14188122749,
        "median": 0.830382406712,
        "min": 0.0195352137089,
        "var": 1.53444755077
    },
    "zerocrossingrate": {
        "dmean": 0.00486328126863,
        "dmean2": 0.00587903754786,
        "dvar": 3.21893021464e-05,
        "dvar2": 4.04667662224e-05,
        "max": 0.08544921875,
        "mean": 0.0358256138861,
        "median": 0.0205078125,
        "min": 0.00732421875,
        "var": 0.000643185805529
    },
    "barkbands": {
        "dmean": [1.52366567363e-06, 5.97093821852e-05, 2.71729913948e-05, 0.000100234588899, 0.00205662869848, 0.000211230944842, 4.08025080105e-05, 0.00298276194371, 0.000365697953384, 9.39519886742e-05, 0.000229473269428, 0.000202677518246, 8.36838735268e-05, 7.56433655624e-05, 4.71351859233e-06, 4.622637789e-06, 2.45520550379e-05, 5.37916730536e-06, 7.07024537405e-06, 3.90177228837e-06, 3.14448493555e-06, 9.40950201311e-07, 2.38029628008e-07, 1.5067128345e-07, 1.61686386946e-07, 2.07437835797e-07, 3.60568435553e-07],
        "dmean2": [2.49304662248e-06, 8.98541329661e-05, 4.69067017548e-05, 0.000164542128914, 0.00297939637676, 0.00033207423985, 7.34404238756e-05, 0.00464254664257, 0.000645462772809, 0.000174049302586, 0.000270753225777, 0.000377041229513, 0.000153213477461, 0.000146287798998, 7.56806639401e-06, 7.88901252236e-06, 4.23668498115e-05, 9.60473244049e-06, 1.18192892842e-05, 6.60021896692e-06, 5.49266042071e-06, 1.59845660619e-06, 3.42648235119e-07, 2.05006628562e-07, 2.24224336876e-07, 3.03816392488e-07, 5.45926013729e-07],
        "dvar": [2.63861979141e-12, 5.16062037548e-09, 7.14790504563e-10, 4.38941469838e-08, 7.06910714143e-06, 5.14336363722e-07, 1.34576536581e-08, 0.000328431662638, 4.41856354882e-06, 2.75217018952e-07, 1.3089619415e-06, 1.39447615766e-06, 2.65247592779e-07, 2.95492156965e-07, 1.23243595884e-10, 1.01737708535e-10, 3.52866313946e-09, 5.79335676654e-11, 3.86448442691e-11, 9.11105826201e-12, 6.92983691264e-12, 1.46113047876e-12, 9.76569519695e-13, 9.13727969155e-13, 8.31816278184e-13, 7.93898638236e-13, 6.6312179272e-13],
        "dvar2": [7.20766111725e-12, 1.13569456062e-08, 2.1632811098e-09, 1.06398843513e-07, 1.37079068736e-05, 1.40217025546e-06, 3.76822235637e-08, 0.00084782257909, 1.30519583763e-05, 7.96878453002e-07, 1.53700318606e-06, 4.05537321058e-06, 7.66265941365e-07, 8.90794979114e-07, 3.28417154583e-10, 2.83963463854e-10, 1.0247426907e-08, 1.71029496121e-10, 1.11695611094e-10, 2.5671664447e-11, 1.93648170416e-11, 2.20575684454e-12, 1.01119015505e-12, 9.50874145048e-13, 9.02530762799e-13, 8.43847832322e-13, 7.10730411156e-13],
        "max": [1.2776505173e-05, 0.000542663154192, 0.000159414892551, 0.00222394056618, 0.0511206798255, 0.00614369194955, 0.00110419886187, 0.199480250478, 0.0192547403276, 0.00479209562764, 0.0154901603237, 0.0107320835814, 0.00482343230397, 0.00489038135856, 0.000112877678475, 9.46463114815e-05, 0.000581005413551, 7.03694095137e-05, 5.51131888642e-05, 2.92820423056e-05, 2.52596364589e-05, 1.55529960466e-05, 1.27127759697e-05, 1.19969554362e-05, 1.13821679406e-05, 1.15249949886e-05, 1.25997403302e-05],
        "mean": [1.85596763913e-06, 8.33949379739e-05, 3.31351402565e-05, 0.000403208541684, 0.0127126984298, 0.000549295858946, 6.36096519884e-05, 0.00394747732207, 0.000472084968351, 0.000105650848127, 0.000382150086807, 0.000168394253706, 7.51637417125e-05, 5.81253225391e-05, 9.58358668868e-06, 1.35598174893e-05, 6.36963522993e-05, 1.7083973944e-05, 2.42097248702e-05, 1.59263454407e-05, 1.09869979497e-05, 3.05550611301e-06, 5.90163779179e-07, 3.9438185695e-07, 4.48823072929e-07, 6.60816454001e-07, 2.79309165307e-06],
        "median": [1.14524766559e-06, 4.70514642075e-05, 2.31755748246e-05, 0.000292410724796, 0.00887083541602, 0.000239245549892, 3.28920432366e-05, 0.000307835289277, 9.46364671108e-05, 2.92765944323e-05, 3.45640728483e-05, 3.73300681531e-05, 2.98321610899e-05, 1.96973578568e-05, 8.06630760053e-06, 1.24386415337e-05, 5.89022893109e-05, 1.67105736182e-05, 2.38828924921e-05, 1.60261770361e-05, 1.10600485641e-05, 2.94073970508e-06, 4.8588753998e-07, 3.08285478923e-07, 3.67029542758e-07, 5.783650181e-07, 2.81834104499e-06],
        "min": [2.03355998707e-08, 1.05731464828e-06, 6.04139245297e-07, 6.57746682009e-07, 1.15726643344e-05, 5.16273757967e-06, 2.91579522127e-06, 3.01068739645e-05, 3.83080077881e-06, 1.51136066506e-06, 9.41601342674e-07, 4.14756556211e-07, 3.79248092486e-07, 3.04666542661e-07, 2.69392643304e-07, 2.47410156362e-07, 4.72422044595e-07, 1.68766547404e-07, 2.07561527077e-07, 2.76118100828e-07, 1.89763511571e-07, 9.73323679432e-08, 5.07045605502e-08, 4.4455575221e-08, 4.83149520392e-08, 4.22019503787e-08, 6.46269384674e-08],
        "var": [4.03495205997e-12, 1.00694608207e-08, 9.08243091846e-10, 1.9079632807e-07, 0.000199863789021, 7.82044196512e-07, 1.09325437592e-08, 0.000397616735427, 2.85018109025e-06, 1.62067948395e-07, 3.61510205948e-06, 7.98512189704e-07, 1.53838101369e-07, 1.56563672249e-07, 9.55350590304e-11, 6.93214791125e-11, 2.25473684168e-09, 4.6038114293e-11, 6.97858992815e-11, 2.08419913272e-11, 1.35959455499e-11, 2.18840527297e-12, 1.03505160172e-12, 9.22686948547e-13, 8.35385742786e-13, 8.26325932592e-13, 9.82774517148e-13]
    },
    "erbbands": {
        "dmean": [0.00068885833025, 0.0166118592024, 0.0404961816967, 0.155312404037, 0.558273136616, 10.1171112061, 7.05306720734, 1.56520843506, 0.642162799835, 9.35064411163, 76.9832382202, 12.7501621246, 1.87665891647, 7.51891756058, 4.88997602463, 8.79267597198, 4.20990943909, 5.03383493423, 0.774035215378, 0.132122024894, 0.378472357988, 1.47622966766, 0.303663641214, 0.361480414867, 0.251180797815, 0.177624478936, 0.1396625489, 0.106383040547, 0.0382482148707, 0.00981224048883, 0.00650952383876, 0.00326133379713, 0.00291142682545, 0.00193118816242, 0.0011686970247, 0.000794875144493, 0.000410629902035, 0.000179138558451, 5.32234407729e-05, 1.10683549792e-05],
        "dmean2": [0.00110558280721, 0.0252800490707, 0.0685797482729, 0.26517868042, 0.946115672588, 14.8323802948, 10.0753450394, 2.45008659363, 1.11239933968, 15.5208415985, 119.378890991, 21.1246681213, 3.1482231617, 9.93821048737, 5.75522899628, 16.5038871765, 7.81163072586, 9.69836044312, 1.36710357666, 0.220528051257, 0.662931919098, 2.53729701042, 0.540400028229, 0.62308883667, 0.423455446959, 0.300308793783, 0.23768992722, 0.179931029677, 0.0641423389316, 0.0150282047689, 0.00917910691351, 0.0042953598313, 0.00419571716338, 0.00269320467487, 0.00157928839326, 0.00117185886484, 0.000614307646174, 0.000265397626208, 8.31970610307e-05, 1.78915961442e-05],
        "dvar": [5.89953742747e-07, 0.000404120248277, 0.00159172294661, 0.0867243781686, 1.0406755209, 147.503753662, 132.569915771, 17.1434497833, 4.92096567154, 1522.93310547, 244734.265625, 6277.44580078, 76.6791763306, 951.267822266, 365.610321045, 3349.99707031, 767.908752441, 1339.73278809, 11.4028100967, 0.139956742525, 1.73227381706, 10.3224229813, 0.32013374567, 0.100004948676, 0.0364204905927, 0.0212721787393, 0.011838038452, 0.0087682204321, 0.00185066263657, 0.00115379109047, 0.000688184984028, 0.000417761941208, 0.000246156268986, 0.000110376378871, 3.89942433685e-05, 1.33755520437e-05, 2.58707518697e-06, 3.41888238609e-07, 1.39859794857e-08, 6.96016966284e-10],
        "dvar2": [1.58940076744e-06, 0.00088191521354, 0.00430168630555, 0.234511002898, 3.16508030891, 342.290374756, 212.451217651, 45.89610672, 13.6981258392, 4000.05786133, 634327.9375, 17619.671875, 214.443862915, 1577.31225586, 429.101043701, 9766.51464844, 2232.23364258, 4013.61743164, 33.1823348999, 0.345894277096, 5.03579998016, 29.9500026703, 0.937358260155, 0.28601026535, 0.0957687571645, 0.0597574114799, 0.0330480746925, 0.0219281725585, 0.00293161394075, 0.00121516233776, 0.000719229399692, 0.00041242709267, 0.000283572619082, 0.000121212717204, 3.9645605284e-05, 1.46411366586e-05, 2.75871025224e-06, 3.82819877132e-07, 1.60286912632e-08, 1.87674165097e-09],
        "max": [0.00566941080615, 0.149103283882, 0.255881667137, 2.8499276638, 12.308265686, 215.348983765, 237.462600708, 37.984992981, 22.7319507599, 427.480895996, 5428.65869141, 828.804260254, 85.9618606567, 351.274658203, 271.44140625, 532.628051758, 258.074890137, 330.784576416, 32.0368003845, 3.09762358665, 12.7017669678, 31.362039566, 5.42067241669, 3.09601187706, 1.66650617123, 1.37399363518, 0.905134677887, 1.04119968414, 0.585582852364, 0.437978088856, 0.33498480916, 0.259532868862, 0.193036854267, 0.130346268415, 0.0798570290208, 0.0461576357484, 0.0210326965898, 0.00765397632495, 0.00173579354305, 0.000307371636154],
        "mean": [0.00103583792225, 0.023043109104, 0.0600953400135, 0.560944378376, 2.8690135479, 53.6806259155, 53.2740974426, 5.36708021164, 1.25860893726, 15.0540161133, 100.028846741, 16.4948158264, 3.44096779823, 11.1455841064, 8.4002199173, 6.74590682983, 3.5355257988, 3.92509078979, 1.24450600147, 0.348060041666, 1.08316481113, 3.94322872162, 1.07596051693, 1.30640864372, 0.997273147106, 0.747692167759, 0.499629050493, 0.344027221203, 0.132998108864, 0.0296307709068, 0.0159081425518, 0.00850726105273, 0.0069499979727, 0.00502202427015, 0.00323832593858, 0.00188315368723, 0.00135292951018, 0.000761497940402, 0.000325452187099, 7.38918461138e-05],
        "median": [0.000720784300938, 0.0133282160386, 0.0450299344957, 0.421338379383, 2.3089621067, 43.2691192627, 32.4325218201, 3.0182929039, 0.779657006264, 3.62173771858, 5.40830755234, 2.28445363045, 0.742412865162, 1.38971495628, 1.31753456593, 1.26067137718, 1.18701386452, 1.29282093048, 0.932005822659, 0.301031410694, 0.994754016399, 3.71071100235, 1.04461705685, 1.29922652245, 0.990820586681, 0.733327567577, 0.50231552124, 0.33294737339, 0.13013716042, 0.0259032025933, 0.0129781616852, 0.00667139561847, 0.00525486841798, 0.0039583388716, 0.00266262353398, 0.00141881860327, 0.00121970509645, 0.000723977107555, 0.000319084705552, 6.68735374347e-05],
        "min": [3.96780997107e-05, 0.000185263823369, 0.000603516935371, 0.00200214306824, 0.0113706206903, 0.0467431433499, 0.0669042095542, 0.0311511941254, 0.0265297070146, 0.243002146482, 0.772252559662, 0.16051839292, 0.0978087335825, 0.0381137430668, 0.0272609200329, 0.0203289017081, 0.0162133742124, 0.0156565960497, 0.0189766082913, 0.010942498222, 0.0189978405833, 0.0223108101636, 0.00916833709925, 0.0134197073057, 0.00806554313749, 0.0147016849369, 0.00802376307547, 0.00817360822111, 0.00331920175813, 0.00155445258133, 0.00153808214236, 0.00104717479553, 0.000703868048731, 0.000590781331994, 0.000296186422929, 0.000149729195982, 7.89326659287e-05, 3.0549501389e-05, 9.31687009142e-06, 1.10733560632e-06],
        "var": [1.06486015738e-06, 0.000776351953391, 0.00277905352414, 0.33497595787, 9.07280445099, 3249.69018555, 4138.86181641, 38.8948326111, 4.32699298859, 1798.73754883, 294166.5625, 5571.46582031, 70.9427490234, 2142.85522461, 1088.42272949, 1911.54821777, 439.225524902, 716.615478516, 6.60875701904, 0.102267988026, 0.988140404224, 6.90478754044, 0.224014356732, 0.183562681079, 0.0891564786434, 0.0459887571633, 0.0270133465528, 0.0165959820151, 0.00319775543176, 0.00126051309053, 0.000728260551114, 0.000427622435382, 0.00024565012427, 0.000110423337901, 4.01905708713e-05, 1.36985090649e-05, 2.75993829746e-06, 3.54999741603e-07, 1.79077339624e-08, 1.01274466591e-09]
    },
    "gfcc": {
        "mean": [-104.61769104, 110.025894165, -112.633255005, 0.82734143734, -46.6820526123, -42.2529373169, -26.3174133301, -15.1296787262, -32.2178115845, -7.75989437103, -15.7256183624, -1.74697506428, -6.97691822052],
        "cov": [[951.99822998, 587.920410156, 191.795288086, -123.719650269, -158.437637329, -155.820861816, -127.708831787, -185.852661133, -198.067489624, -185.984313965, -86.2088241577, -8.97705554962, 62.1714324951], [587.920410156, 681.657897949, 184.866821289, -196.205200195, -197.652877808, -152.968338013, -75.9842453003, -129.227523804, -128.562194824, -160.303848267, -93.9952316284, -74.7903289795, 13.4587421417], [191.795288086, 184.866821289, 235.614761353, 117.508346558, -34.3956298828, -79.3073043823, -79.3462219238, -62.2794342041, -65.7608642578, -60.5077552795, -45.2684135437, 7.971118927, 45.7653045654], [-123.719650269, -196.205200195, 117.508346558, 276.715911865, 133.607650757, 11.0176677704, -25.4128684998, -4.52575540543, 1.17658269405, 33.8454284668, 23.81889534, 67.6287307739, 48.8828086853], [-158.437637329, -197.652877808, -34.3956298828, 133.607650757, 145.414428711, 65.2511672974, 39.4102058411, 31.6729621887, 41.2442359924, 62.2185668945, 46.5284309387, 44.1398849487, 9.80140686035], [-155.820861816, -152.968338013, -79.3073043823, 11.0176677704, 65.2511672974, 98.9762268066, 64.8591308594, 57.1772994995, 51.5060920715, 54.5831298828, 41.7840118408, 22.7945632935, -9.36280632019], [-127.708831787, -75.9842453003, -79.3462219238, -25.4128684998, 39.4102058411, 64.8591308594, 86.4120864868, 68.0922927856, 63.7033996582, 52.3753585815, 30.7007293701, -1.85874414444, -25.2636604309], [-185.852661133, -129.227523804, -62.2794342041, -4.52575540543, 31.6729621887, 57.1772994995, 68.0922927856, 98.4926300049, 95.9138717651, 72.0538330078, 25.9798603058, -11.3018121719, -32.9570732117], [-198.067489624, -128.562194824, -65.7608642578, 1.17658269405, 41.2442359924, 51.5060920715, 63.7033996582, 95.9138717651, 120.247459412, 86.9948730469, 27.7537822723, -23.7424259186, -41.9423484802], [-185.984313965, -160.303848267, -60.5077552795, 33.8454284668, 62.2185668945, 54.5831298828, 52.3753585815, 72.0538330078, 86.9948730469, 82.9253616333, 35.6355247498, -1.11290502548, -25.4708309174], [-86.2088241577, -93.9952316284, -45.2684135437, 23.81889534, 46.5284309387, 41.7840118408, 30.7007293701, 25.9798603058, 27.7537822723, 35.6355247498, 36.1218643188, 20.9026260376, -0.293115347624], [-8.97705554962, -74.7903289795, 7.971118927, 67.6287307739, 44.1398849487, 22.7945632935, -1.85874414444, -11.3018121719, -23.7424259186, -1.11290502548, 20.9026260376, 57.0983314514, 36.2868881226], [62.1714324951, 13.4587421417, 45.7653045654, 48.8828086853, 9.80140686035, -9.36280632019, -25.2636604309, -32.9570732117, -41.9423484802, -25.4708309174, -0.293115347624, 36.2868881226, 42.0295448303]],
        "icov": [[0.00303967832588, -0.0026595601812, 0.00020835538453, 0.000895194418263, -0.000950866669882, 0.000157819944434, 0.00208191620186, 0.000267847877694, 0.00138748937752, -0.00159502692986, 0.00165095808916, -0.00355323264375, 0.00030282168882], [-0.0026595601812, 0.020374936983, -0.0269773826003, 0.0268651414663, -0.0136059606448, 0.0131285712123, -0.0186770725995, 0.0167422816157, -0.0132444510236, 0.0193185154349, -0.0139831257984, 0.0109902452677, -0.00755730038509], [0.00020835538453, -0.0269773826003, 0.0570158027112, -0.0559674464166, 0.0327243208885, -0.0197351463139, 0.0220460742712, -0.0239206496626, 0.0155008435249, -0.0200529657304, 0.0257278028876, -0.0001320924639, -0.0025832306128], [0.000895194418263, 0.0268651414663, -0.0559674464166, 0.0699152499437, -0.0469863191247, 0.0262885782868, -0.013671814464, 0.0178638026118, -0.0141059663147, 0.0145552223548, -0.0162397343665, -0.00460912100971, -0.00908696465194], [-0.000950866669882, -0.0136059606448, 0.0327243208885, -0.0469863191247, 0.0532680265605, -0.020205821842, -0.00208176556043, 0.00728537607938, 0.00343760172836, -0.0218142569065, 0.00675156060606, -0.00383137841709, 0.00588179565966], [0.000157819944434, 0.0131285712123, -0.0197351463139, 0.0262885782868, -0.020205821842, 0.0433278046548, -0.0209239479154, 0.00141832628287, -0.00345092522912, 0.00964553467929, -0.0188234802336, -0.00506264995784, -0.00398306921124], [0.00208191620186, -0.0186770725995, 0.0220460742712, -0.013671814464, -0.00208176556043, -0.0209239479154, 0.0623863749206, -0.0434897989035, 0.0167610086501, -0.0103053720668, 0.000605303503107, -0.00875542592257, 0.0120631549507], [0.000267847877694, 0.0167422816157, -0.0239206496626, 0.0178638026118, 0.00728537607938, 0.00141832628287, -0.0434897989035, 0.0963453352451, -0.0576390326023, 0.00401885993779, 0.00745937693864, -0.013841541484, 0.004455011338], [0.00138748937752, -0.0132444510236, 0.0155008435249, -0.0141059663147, 0.00343760172836, -0.00345092522912, 0.0167610086501, -0.0576390326023, 0.0926588624716, -0.0659123957157, 0.00688708852977, 0.0195258669555, 0.000735897861887], [-0.00159502692986, 0.0193185154349, -0.0200529657304, 0.0145552223548, -0.0218142569065, 0.00964553467929, -0.0103053720668, 0.00401885993779, -0.0659123957157, 0.133505657315, -0.055081512779, 0.0148945199326, 0.00716088386253], [0.00165095808916, -0.0139831257984, 0.0257278028876, -0.0162397343665, 0.00675156060606, -0.0188234802336, 0.000605303503107, 0.00745937693864, 0.00688708852977, -0.055081512779, 0.120802603662, -0.0454684644938, 0.00694461213425], [-0.00355323264375, 0.0109902452677, -0.0001320924639, -0.00460912100971, -0.00383137841709, -0.00506264995784, -0.00875542592257, -0.013841541484, 0.0195258669555, 0.0148945199326, -0.0454684644938, 0.114580482244, -0.0798398405313], [0.00030282168882, -0.00755730038509, -0.0025832306128, -0.00908696465194, 0.00588179565966, -0.00398306921124, 0.0120631549507, 0.004455011338, 0.000735897861887, 0.00716088386253, 0.00694461213425, -0.0798398405313, 0.121685311198]]
    },
    "melbands": {
        "dmean": [1.15044240374e-05, 2.1668844056e-05, 3.83167061955e-05, 0.000311836920446, 0.000377296819352, 3.46188462572e-05, 8.1444186435e-06, 0.000182572461199, 0.000591943447944, 4.1878731281e-05, 7.67191158957e-06, 2.96576690744e-05, 2.45259743679e-05, 1.99009500648e-05, 1.65875826497e-05, 9.73149781203e-06, 8.73522458278e-06, 1.25997530631e-06, 1.5996711511e-07, 2.8049237244e-07, 5.45659077034e-07, 1.73350326804e-06, 6.3781061499e-07, 2.04330717679e-07, 3.31963633471e-07, 3.06709125653e-07, 1.7279340625e-07, 1.21666701602e-07, 8.83510580252e-08, 1.06826057333e-07, 6.27739922265e-08, 3.07133092292e-08, 9.06148311941e-09, 5.35251887257e-09, 4.2698728997e-09, 2.93290414177e-09, 1.96516936057e-09, 2.10688311242e-09, 2.32313168702e-09, 1.58091817415e-09],
        "dmean2": [1.74059514393e-05, 3.50608643203e-05, 6.52866947348e-05, 0.000471717008622, 0.000540252600331, 5.37717387488e-05, 1.42112467074e-05, 0.000296291429549, 0.000925880449358, 7.30770843802e-05, 1.31304423121e-05, 3.99571581511e-05, 2.87972852675e-05, 3.68750806956e-05, 3.10653085762e-05, 1.8378104869e-05, 1.68581063917e-05, 2.17688511839e-06, 2.63228088215e-07, 4.68680127597e-07, 9.81445282378e-07, 2.99480643662e-06, 1.10784515073e-06, 3.4772330082e-07, 5.70977476855e-07, 5.13875420438e-07, 2.95592087696e-07, 2.02509951919e-07, 1.43513545936e-07, 1.95622391175e-07, 1.05830352481e-07, 5.27373309467e-08, 1.355931456e-08, 8.10676592522e-09, 6.18065021385e-09, 4.07262579216e-09, 2.58882515425e-09, 3.0371511972e-09, 3.50001405636e-09, 2.20277662777e-09],
        "dvar": [1.80021733631e-10, 5.60005708472e-10, 6.07522254725e-09, 1.28848753889e-07, 2.95580150578e-07, 1.09342224164e-08, 5.55222923193e-10, 7.35873641133e-07, 1.45455605889e-05, 6.34691161849e-08, 1.05514141868e-09, 1.48770311625e-08, 1.42645211199e-08, 1.14696039333e-08, 1.27034258668e-08, 4.26977697643e-09, 4.01283051232e-09, 1.79358906199e-11, 2.12118977981e-13, 2.81289667123e-13, 3.64421427063e-12, 1.64672407654e-11, 1.45642992024e-12, 2.7622594831e-14, 8.912850655e-14, 5.31579480141e-14, 1.80580122931e-14, 9.80956648918e-15, 4.79828070994e-15, 7.54930311515e-15, 3.69340246321e-15, 7.79405677927e-16, 3.56923696226e-16, 3.73142444872e-16, 2.35588794101e-16, 1.70909874409e-16, 1.50047730851e-16, 1.20745406899e-16, 1.140299047e-16, 7.05442853617e-17],
        "dvar2": [4.13173217861e-10, 1.34452460276e-09, 1.67372604665e-08, 3.24618213199e-07, 4.86709723191e-07, 2.88901631507e-08, 1.5412838783e-09, 1.89814068108e-06, 3.81941936212e-05, 1.8512622546e-07, 2.91693691423e-09, 2.67425015466e-08, 1.73853749175e-08, 3.33995480162e-08, 3.67715600191e-08, 1.25908208304e-08, 1.20312293461e-08, 5.10582409685e-11, 5.06349411185e-13, 7.52753545261e-13, 1.05742003695e-11, 4.75168203395e-11, 4.36674698137e-12, 7.3251985261e-14, 2.64239286918e-13, 1.46103276504e-13, 4.8036888459e-14, 2.9258415352e-14, 1.31439557318e-14, 2.39652827477e-14, 8.2353735444e-15, 1.56525579427e-15, 4.06837124346e-16, 4.00087754064e-16, 2.46354900497e-16, 1.74588220861e-16, 1.47142990177e-16, 1.32653300474e-16, 1.56396772186e-16, 7.33452049426e-17],
        "max": [0.000105957791675, 0.000161734147696, 0.000837990024593, 0.00630354881287, 0.0109097994864, 0.000875572499353, 0.000227122756769, 0.00947288423777, 0.0416168309748, 0.00245533161797, 0.000304727087496, 0.00131418346427, 0.00163599778898, 0.000948212284129, 0.00105103023816, 0.000599657418206, 0.000572399061639, 4.10105312767e-05, 4.03643844038e-06, 4.50244897365e-06, 1.822962804e-05, 3.9959926653e-05, 1.11642439151e-05, 1.36156938879e-06, 2.80242784356e-06, 1.81563109436e-06, 1.26873214867e-06, 8.72751400038e-07, 5.70807117128e-07, 5.98204053404e-07, 6.41451094907e-07, 3.43983771245e-07, 2.44984477149e-07, 2.46538462534e-07, 1.96152214471e-07, 1.66954137626e-07, 1.54860359203e-07, 1.37438732395e-07, 1.22279885773e-07, 1.0600565048e-07],
        "mean": [1.65729907167e-05, 2.97070746456e-05, 0.000150318111992, 0.00157707429025, 0.00257685757242, 8.15566527308e-05, 1.32887134896e-05, 0.00027065188624, 0.000761341128964, 5.57105304324e-05, 1.44130772242e-05, 4.30134459748e-05, 4.19902207796e-05, 1.71230622072e-05, 1.25561055029e-05, 7.80686968938e-06, 6.90228580424e-06, 2.1638322778e-06, 3.49205492967e-07, 7.62132970067e-07, 1.23574284316e-06, 4.42606642537e-06, 1.79061987637e-06, 7.01032433881e-07, 1.1120059753e-06, 9.72999032456e-07, 6.15522537828e-07, 4.41205827428e-07, 2.89584590973e-07, 2.98581227298e-07, 1.69020410112e-07, 8.9109917667e-08, 2.65071680161e-08, 1.19726335512e-08, 9.53016066063e-09, 6.53414033991e-09, 4.61923654882e-09, 4.84236206688e-09, 4.52570514398e-09, 4.14616252442e-09],
        "median": [1.00805245893e-05, 1.73667558556e-05, 0.000107984102215, 0.00132476957515, 0.00159865466412, 4.23357378168e-05, 7.96095991973e-06, 5.06049400428e-05, 4.20006799686e-05, 1.0988140275e-05, 3.68062501366e-06, 5.57223256692e-06, 4.57947544419e-06, 3.62067657989e-06, 3.21376751344e-06, 2.63556194113e-06, 2.33081050283e-06, 1.70071109551e-06, 2.93698832365e-07, 6.85966483616e-07, 1.10651717478e-06, 4.05264154324e-06, 1.68641668097e-06, 6.8607130288e-07, 1.1148208614e-06, 9.33887406518e-07, 6.11817768004e-07, 4.3037923092e-07, 2.8884699077e-07, 2.96576160963e-07, 1.5953798993e-07, 8.79770709616e-08, 2.4730528736e-08, 9.64284652127e-09, 7.94141108429e-09, 5.07125097471e-09, 3.61150975792e-09, 3.64510110984e-09, 3.36937922008e-09, 3.3461329263e-09],
        "min": [4.0987436023e-07, 2.90671835046e-07, 4.99494149153e-07, 2.00905788006e-06, 2.43739759753e-06, 7.31554564481e-07, 4.81154643239e-07, 3.41201757692e-06, 6.45598447591e-06, 5.53783820578e-07, 4.10717603927e-07, 1.46297139736e-07, 1.18372696534e-07, 4.90353926352e-08, 3.0591873923e-08, 4.42980798709e-08, 2.69955080512e-08, 3.36817187474e-08, 1.72593122016e-08, 1.5500496886e-08, 2.54073704298e-08, 2.89508044204e-08, 8.83223894022e-09, 8.48909742501e-09, 1.13823608316e-08, 7.5262978072e-09, 6.42932107553e-09, 1.01449080248e-08, 5.36815925045e-09, 3.70613517653e-09, 5.3754418694e-09, 2.15154094541e-09, 9.57591561601e-10, 8.01481658819e-10, 9.92033677427e-10, 6.4407434941e-10, 6.32692398472e-10, 4.53235782238e-10, 5.49733814026e-10, 4.83124651396e-10],
        "var": [3.61015245476e-10, 1.00427000049e-09, 2.64709072439e-08, 2.65351559392e-06, 8.88437989488e-06, 1.40864440112e-08, 4.49250858736e-10, 8.74734894296e-07, 1.68501519511e-05, 4.49303314554e-08, 1.13125364631e-09, 3.07522007859e-08, 3.90236714054e-08, 6.6330532178e-09, 7.30023996809e-09, 2.36488229e-09, 2.14458739656e-09, 1.10964648928e-11, 1.65786289319e-13, 2.19542862622e-13, 2.06014393912e-12, 1.07441564326e-11, 9.77825134231e-13, 5.3805419999e-14, 1.49897848582e-13, 1.14036086346e-13, 3.91708014765e-14, 1.93045635765e-14, 1.05749327548e-14, 1.20888398237e-14, 5.9286732831e-15, 1.41154811347e-15, 4.68795784493e-16, 3.92310218133e-16, 2.5001164761e-16, 1.81281131104e-16, 1.52051532871e-16, 1.22137373199e-16, 1.08297086451e-16, 7.13431896322e-17]
    },
    "mfcc": {
        "mean": [-760.3828125, 163.900817871, -22.9054145813, 39.9353103638, -17.7823600769, -13.1842317581, -2.28547644615, -12.2010183334, -9.12241268158, -19.0295333862, -5.39235877991, -1.99230456352, -13.5911970139],
        "cov": [[814.242248535, 498.878540039, 162.528244019, -17.9495220184, -85.6036529541, -52.7187042236, -37.5567893982, -41.7273368835, -92.9492950439, -151.145599365, -169.0546875, -158.876724243, -109.657341003], [498.878540039, 654.443603516, 179.202484131, -101.461120605, -151.925918579, -100.394935608, -55.6565895081, -42.549282074, -55.8774223328, -79.7791824341, -112.190612793, -116.332954407, -107.197395325], [162.528244019, 179.202484131, 237.408981323, 95.0307693481, 5.04638433456, -32.2718658447, -37.5268135071, -15.9697475433, -25.0023956299, -43.0914535522, -90.0424804688, -93.9301605225, -63.4870948792], [-17.9495220184, -101.461120605, 95.0307693481, 216.018844604, 106.822822571, 42.6483917236, 10.8126869202, 0.0137653099373, -1.39721310139, -26.0851325989, -34.4144935608, -28.0356178284, -12.6663036346], [-85.6036529541, -151.925918579, 5.04638433456, 106.822822571, 101.774795532, 55.9524917603, 21.894536972, 8.5003194809, 8.90903091431, 2.85035347939, 7.58504867554, 11.7932262421, 17.3780231476], [-52.7187042236, -100.394935608, -32.2718658447, 42.6483917236, 55.9524917603, 63.542930603, 37.7267341614, 16.3148269653, 7.7829875946, 1.76792740822, 13.0670919418, 20.7059135437, 26.4463100433], [-37.5567893982, -55.6565895081, -37.5268135071, 10.8126869202, 21.894536972, 37.7267341614, 46.5993499756, 21.1013832092, 6.16752052307, -1.42558395863, 5.50368213654, 17.5447921753, 28.0349712372], [-41.7273368835, -42.549282074, -15.9697475433, 0.0137653099373, 8.5003194809, 16.3148269653, 21.1013832092, 30.9419631958, 20.0405235291, 17.2207183838, 16.2281036377, 18.143655777, 22.5914783478], [-92.9492950439, -55.8774223328, -25.0023956299, -1.39721310139, 8.90903091431, 7.7829875946, 6.16752052307, 20.0405235291, 46.1909179688, 50.8879318237, 51.6123123169, 42.5306892395, 20.3017864227], [-151.145599365, -79.7791824341, -43.0914535522, -26.0851325989, 2.85035347939, 1.76792740822, -1.42558395863, 17.2207183838, 50.8879318237, 91.7898483276, 90.1507797241, 66.5103607178, 28.5975646973], [-169.0546875, -112.190612793, -90.0424804688, -34.4144935608, 7.58504867554, 13.0670919418, 5.50368213654, 16.2281036377, 51.6123123169, 90.1507797241, 116.4269104, 91.5135955811, 40.912273407], [-158.876724243, -116.332954407, -93.9301605225, -28.0356178284, 11.7932262421, 20.7059135437, 17.5447921753, 18.143655777, 42.5306892395, 66.5103607178, 91.5135955811, 93.5100402832, 47.1381263733], [-109.657341003, -107.197395325, -63.4870948792, -12.6663036346, 17.3780231476, 26.4463100433, 28.0349712372, 22.5914783478, 20.3017864227, 28.5975646973, 40.912273407, 47.1381263733, 52.1389884949]],
