{
"lowlevel": {
    "average_loudness": 0.942051708698,
    "barkbands_crest": {
        "dmean": 1.93774199486,
        "dmean2": 3.28309702873,
        "dvar": 2.81516933441,
        "dvar2": 6.73456144333,
        "max": 20.1247653961,
        "mean": 11.0950136185,
        "median": 10.6316003799,
        "min": 3.85857510567,
        "var": 11.5002202988
    },
    "barkbands_flatness_db": {
        "dmean": 0.0113848848268,
        "dmean2": 0.0203071832657,
        "dvar": 0.000128861385747,
        "dvar2": 0.00030053340015,
        "max": 0.223198920488,
        "mean": 0.140615552664,
        "median": 0.142395913601,
        "min": 0.0764339417219,
        "var": 0.000931378162932
    },
    "barkbands_kurtosis": {
        "dmean": 0.939847350121,
        "dmean2": 1.6166998148,
        "dvar": 0.968175947666,
        "dvar2": 2.5560760498,
        "max": 12.1993217468,
        "mean": 2.69994282722,
        "median": 2.50669145584,
        "min": -0.749853372574,
        "var": 7.46885919571
    },
    "barkbands_skewness": {
        "dmean": 0.256126612425,
        "dmean2": 0.435557305813,
        "dvar": 0.0662640929222,
        "dvar2": 0.171212777495,
        "max": 2.79574584961,
        "mean": 1.38562369347,
        "median": 1.35402274132,
        "min": 0.371529877186,
        "var": 0.244694977999
    },
    "barkbands_spread": {
        "dmean": 1.73710668087,
        "dmean2": 3.05742502213,
        "dvar": 3.76479411125,
        "dvar2": 7.7656750679,
        "max": 28.5941638947,
        "mean": 13.5277690887,
        "median": 12.1222429276,
        "min": 3.57262969017,
        "var": 32.5055465698
    },
    "dissonance": {
        "dmean": 0.00957430154085,
        "dmean2": 0.0157617256045,
        "dvar": 0.000168157042935,
        "dvar2": 0.000269951939117,
        "max": 0.499787688255,
        "mean": 0.466109961271,
        "median": 0.465265333652,
        "min": 0.320247709751,
        "var": 0.000372452137526
    },
    "dynamic_complexity": 1.861790061,
    "erbbands_crest": {
        "dmean": 1.6329433918,
        "dmean2": 2.79350066185,
        "dvar": 3.58156275749,
        "dvar2": 9.01466083527,
        "max": 22.955696106,
        "mean": 10.7807273865,
        "median": 9.88124084473,
        "min": 5.37984228134,
        "var": 13.6757574081
    },
    "erbbands_flatness_db": {
        "dmean": 0.00980456732213,
        "dmean2": 0.0174405872822,
        "dvar": 9.03430627659e-05,
        "dvar2": 0.000242890368099,
        "max": 0.296638935804,
        "mean": 0.212657019496,
        "median": 0.211090028286,
        "min": 0.160681411624,
        "var": 0.000756031950004
    },
    "erbbands_kurtosis": {
        "dmean": 0.424143195152,
        "dmean2": 0.75384169817,
        "dvar": 0.256425946951,
        "dvar2": 0.797340333462,
        "max": 6.00527572632,
        "mean": -0.0572533905506,
        "median": -0.625014781952,
        "min": -1.55397439003,
        "var": 2.94437336922
    },
    "erbbands_skewness": {
        "dmean": 0.176780775189,
        "dmean2": 0.299676686525,
        "dvar": 0.0338517650962,
        "dvar2": 0.0790744796395,
        "max": 2.15237402916,
        "mean": 0.809554755688,
        "median": 0.877668142319,
        "min": -0.226123616099,
        "var": 0.334467947483
    },
    "erbbands_spread": {
        "dmean": 1.90364074707,
        "dmean2": 3.39343547821,
        "dvar": 2.60956788063,
        "dvar2": 8.01762580872,
        "max": 37.3586502075,
        "mean": 26.1621246338,
        "median": 27.3600139618,
        "min": 7.7794752121,
        "var": 60.7823791504
    },
    "hfc": {
        "dmean": 2.49824523926,
        "dmean2": 4.36402893066,
        "dvar": 16.315820694,
        "dvar2": 52.613571167,
        "max": 58.6530380249,
        "mean": 16.1767253876,
        "median": 13.68430233,
        "min": 4.25586652756,
        "var": 82.509147644
    },
    "melbands_crest": {
        "dmean": 2.03442955017,
        "dmean2": 3.48384094238,
        "dvar": 3.56975746155,
        "dvar2": 9.20221614838,
        "max": 23.4722881317,
        "mean": 13.2723989487,
        "median": 12.8593425751,
        "min": 5.35569095612,
        "var": 15.742980957
    },
    "melbands_flatness_db": {
        "dmean": 0.0111395567656,
        "dmean2": 0.0198387745768,
        "dvar": 0.000139662559377,
        "dvar2": 0.000311159965349,
        "max": 0.287180095911,
        "mean": 0.209951937199,
        "median": 0.213861912489,
        "min": 0.141584679484,
        "var": 0.00105133187026
    },
    "melbands_kurtosis": {
        "dmean": 1.78516364098,
        "dmean2": 3.05748128891,
        "dvar": 4.17203855515,
        "dvar2": 11.5891418457,
        "max": 17.8683929443,
        "mean": 5.97136831284,
        "median": 5.42947864532,
        "min": 0.639648914337,
        "var": 11.1064138412
    },
    "melbands_skewness": {
        "dmean": 0.336921751499,
        "dmean2": 0.586402773857,
        "dvar": 0.124592319131,
        "dvar2": 0.354155957699,
        "max": 3.66315698624,
        "mean": 1.76097548008,
        "median": 1.72687196732,
        "min": 0.701872050762,
        "var": 0.360951513052
    },
    "melbands_spread": {
        "dmean": 2.67640566826,
        "dmean2": 4.5011844635,
        "dvar": 10.2972459793,
        "dvar2": 21.6568393707,
        "max": 39.1533927917,
        "mean": 17.3280200958,
        "median": 15.086145401,
        "min": 5.37753534317,
        "var": 57.581111908
    },
    "pitch_salience": {
        "dmean": 0.0439916066825,
        "dmean2": 0.0778182893991,
        "dvar": 0.00200577778742,
        "dvar2": 0.00429458077997,
        "max": 0.809517085552,
        "mean": 0.634248018265,
        "median": 0.653070151806,
        "min": 0.320740163326,
        "var": 0.00775254471228
    },
    "silence_rate_20dB": {
        "dmean": 0,
        "dmean2": 0,
        "dvar": 0,
        "dvar2": 0,
        "max": 1,
        "mean": 1,
        "median": 1,
        "min": 1,
        "var": 0
    },
    "silence_rate_30dB": {
        "dmean": 0,
        "dmean2": 0,
        "dvar": 0,
        "dvar2": 0,
        "max": 1,
        "mean": 1,
        "median": 1,
        "min": 1,
        "var": 0
    },
    "silence_rate_60dB": {
        "dmean": 0,
        "dmean2": 0,
        "dvar": 0,
        "dvar2": 0,
        "max": 0,
        "mean": 0,
        "median": 0,
        "min": 0,
        "var": 0
    },
    "spectral_centroid": {
        "dmean": 96.681930542,
        "dmean2": 166.926574707,
        "dvar": 11441.3632812,
        "dvar2": 23067.8222656,
        "max": 1943.08190918,
        "mean": 1286.51367188,
        "median": 1209.25415039,
        "min": 753.430725098,
        "var": 83100.65625
    },
    "spectral_complexity": {
        "dmean": 2.59285712242,
        "dmean2": 4.30935239792,
        "dvar": 5.05566453934,
        "dvar2": 10.8899126053,
        "max": 27,
        "mean": 21.9645385742,
        "median": 22,
        "min": 6,
        "var": 7.7079706192
    },
    "spectral_decrease": {
        "dmean": 8.88895235196e-10,
        "dmean2": 1.58121271632e-09,
        "dvar": 1.52665570547e-18,
        "dvar2": 4.79805121695e-18,
        "max": -9.48955580782e-10,
        "mean": -4.8464809943e-09,
        "median": -4.1283216845e-09,
        "min": -1.88038828952e-08,
        "var": 1.09975813109e-17
    },
    "spectral_energy": {
        "dmean": 0.00356730865315,
        "dmean2": 0.00634866952896,
        "dvar": 2.5208990337e-05,
        "dvar2": 7.9326920968e-05,
        "max": 0.0762900933623,
        "mean": 0.0197590067983,
        "median": 0.0168224629015,
        "min": 0.00396760459989,
        "var": 0.000177793292096
    },
    "spectral_energyband_high": {
        "dmean": 1.91342587641e-05,
        "dmean2": 3.31989940605e-05,
        "dvar": 2.61142746316e-10,
        "dvar2": 7.57595430834e-10,
        "max": 0.000232863196288,
        "mean": 0.000115194481623,
        "median": 0.00011290430848,
        "min": 4.67445643153e-05,
        "var": 4.67621830147e-10
    },
    "spectral_energyband_low": {
        "dmean": 0.000348541769199,
        "dmean2": 0.000624140840955,
        "dvar": 1.1173195702e-07,
        "dvar2": 3.82326248882e-07,
        "max": 0.00212961947545,
        "mean": 0.000648620480206,
        "median": 0.000530961784534,
        "min": 5.00131682202e-05,
        "var": 1.94822220578e-07
    },
    "spectral_energyband_middle_high": {
        "dmean": 0.00190675153863,
        "dmean2": 0.00350684090517,
        "dvar": 1.83456395462e-05,
        "dvar2": 6.08213194937e-05,
        "max": 0.0354057624936,
        "mean": 0.00608805613592,
        "median": 0.00384223763831,
        "min": 0.00111425109208,
        "var": 2.97031201626e-05
    },
    "spectral_energyband_middle_low": {
        "dmean": 0.002412074944,
        "dmean2": 0.00418302044272,
        "dvar": 7.99777717475e-06,
        "dvar2": 2.2903754143e-05,
        "max": 0.0442569889128,
        "mean": 0.0130751971155,
        "median": 0.0120889013633,
        "min": 0.00233046733774,
        "var": 7.48606034904e-05
    },
    "spectral_entropy": {
        "dmean": 0.0684284195304,
        "dmean2": 0.119167342782,
        "dvar": 0.00396702159196,
        "dvar2": 0.0094274058938,
        "max": 7.89808177948,
        "mean": 7.39435911179,
        "median": 7.38755607605,
        "min": 6.85313844681,
        "var": 0.0349665619433
    },
    "spectral_flux": {
        "dmean": 0.00838809460402,
        "dmean2": 0.0136155094951,
        "dvar": 0.000132592584123,
        "dvar2": 0.000302984088194,
        "max": 0.213343277574,
        "mean": 0.046403683722,
        "median": 0.0404833555222,
        "min": 0.026066262275,
        "var": 0.000562758999877
    },
    "spectral_kurtosis": {
        "dmean": 1.4801043272,
        "dmean2": 2.6121878624,
        "dvar": 1.87669193745,
        "dvar2": 5.93420696259,
        "max": 16.4245281219,
        "mean": 9.06543731689,
        "median": 8.41361618042,
        "min": 6.08563327789,
        "var": 4.43738079071
    },
    "spectral_rms": {
        "dmean": 0.000358330493327,
        "dmean2": 0.000631252070889,
        "dvar": 1.45778116689e-07,
        "dvar2": 3.97911293248e-07,
        "max": 0.00862724520266,
        "mean": 0.00419211154804,
        "median": 0.00405119219795,
        "min": 0.00196744338609,
        "var": 1.70327973592e-06
    },
    "spectral_rolloff": {
        "dmean": 174.880371094,
        "dmean2": 316.181762695,
        "dvar": 88923.453125,
        "dvar2": 202657.890625,
        "max": 2540.91796875,
        "mean": 1404.08666992,
        "median": 947.4609375,
        "min": 516.796875,
        "var": 460249.09375
    },
    "spectral_skewness": {
        "dmean": 0.155055895448,
        "dmean2": 0.259082555771,
        "dvar": 0.030575023964,
        "dvar2": 0.0642952620983,
        "max": 3.12553739548,
        "mean": 1.68881165981,
        "median": 1.62531554699,
        "min": 1.30474436283,
        "var": 0.0896474570036
    },
    "spectral_spread": {
        "dmean": 150589.546875,
        "dmean2": 207704.03125,
        "dvar": 585032663040,
        "dvar2": 609182613504,
        "max": 11742867,
        "mean": 2738124,
        "median": 2694562.25,
        "min": 2056906.25,
        "var": 598325788672
    },
    "spectral_strongpeak": {
        "dmean": 0.254044175148,
        "dmean2": 0.422927439213,
        "dvar": 0.136340916157,
        "dvar2": 0.302547842264,
        "max": 4.59134960175,
        "mean": 1.55337023735,
        "median": 1.71075093746,
        "min": 0.182681649923,
        "var": 0.672941446304
    },
    "zerocrossingrate": {
        "dmean": 0.00396205345169,
        "dmean2": 0.00542378611863,
        "dvar": 1.98094676307e-05,
        "dvar2": 2.64959999186e-05,
        "max": 0.08251953125,
        "mean": 0.0506635084748,
        "median": 0.04931640625,
        "min": 0.01611328125,
        "var": 0.000119919131976
    },
    "barkbands": {
        "dmean": [6.46869739285e-06, 0.000148063292727, 0.000184373187949, 0.000248409603955, 0.000290253025014, 9.33334740694e-05, 0.00129329995252, 0.0015611826675, 0.000272588047665, 0.00179878342897, 0.000427173537901, 2.60208871623e-05, 5.18356173416e-05, 4.64499353257e-05, 2.56639577856e-05, 7.81401395216e-05, 0.00016234559007, 4.53110224043e-05, 4.72043357149e-05, 1.85518965736e-05, 1.3640204088e-05, 5.20576395502e-06, 4.53031589132e-07, 2.3243288183e-07, 2.48693538651e-07, 4.05976265938e-07, 1.483626761e-06],
        "dmean2": [1.06147617771e-05, 0.000271211378276, 0.000338211742928, 0.000423434947152, 0.000483038893435, 0.000155967209139, 0.00194359745365, 0.00285419938155, 0.000423211662564, 0.00333419581875, 0.000751213519834, 4.43894605269e-05, 8.63063105498e-05, 8.15916791908e-05, 3.90283894376e-05, 0.000123138423078, 0.000261551904259, 7.73254723754e-05, 7.95996747911e-05, 3.27424277202e-05, 2.31094836636e-05, 9.22446542972e-06, 7.86432053701e-07, 3.95071111825e-07, 3.94372534629e-07, 6.74766511111e-07, 2.59708690464e-06],
        "dvar": [4.29745232455e-11, 2.26189662555e-08, 4.74373251791e-08, 8.41783105443e-08, 1.04020166702e-07, 7.72301689267e-09, 3.95656479668e-06, 3.90819423046e-06, 1.60130866789e-07, 1.52800057549e-05, 2.9056849371e-07, 5.96486415816e-10, 2.57380006197e-09, 2.59002597147e-09, 8.11817335578e-10, 2.34295995938e-08, 1.6800857594e-08, 1.31352884125e-09, 1.44673195646e-09, 3.58689411506e-10, 1.28817054246e-10, 2.22573869058e-11, 3.38060525754e-13, 4.50528015502e-14, 5.5188292765e-14, 9.04271706885e-14, 1.75285003526e-12],
        "dvar2": [1.40187139674e-10, 7.0152090359e-08, 1.48318690663e-07, 2.47975037837e-07, 2.75579566278e-07, 1.93715248287e-08, 9.53385551838e-06, 1.35844047691e-05, 3.59911382475e-07, 5.22927875863e-05, 6.44944577743e-07, 1.58570212516e-09, 7.32903870926e-09, 7.53138174048e-09, 1.71765923707e-09, 5.95861813224e-08, 3.98099224697e-08, 3.10040437768e-09, 3.92956778228e-09, 9.46477785035e-10, 3.64678787168e-10, 5.47240065762e-11, 8.98220625482e-13, 8.23298203158e-14, 1.23165868238e-13, 2.65901260428e-13, 4.37222480443e-12],
        "max": [4.90220445499e-05, 0.000993036432192, 0.00133993173949, 0.00174261815846, 0.00265238434076, 0.000645693100523, 0.0220146737993, 0.0313166603446, 0.0118087008595, 0.027592940256, 0.00587510224432, 0.000222745919018, 0.000409096654039, 0.000550807279069, 0.000279461324681, 0.00165821076371, 0.00137647299562, 0.000324928143527, 0.000355188123649, 0.000231087949942, 0.000107046558696, 3.65476444131e-05, 7.40766381568e-06, 2.78834249912e-06, 3.57333465217e-06, 3.25991663885e-06, 1.56491551024e-05],
        "mean": [8.37823517941e-06, 0.000201847782591, 0.000285094924038, 0.000326680776197, 0.000442574528279, 0.000195421278477, 0.00375262927264, 0.0068807429634, 0.00144046149217, 0.0028095850721, 0.00118988147005, 5.2382616559e-05, 0.000197090324946, 0.000151953630848, 7.05181373633e-05, 0.000323347543599, 0.000816492538434, 0.000229898971156, 0.000213569102925, 7.67638048274e-05, 5.30035904376e-05, 1.63707936736e-05, 1.81402810995e-06, 1.1423428532e-06, 1.36023800223e-06, 1.81082873496e-06, 1.16642577268e-05],
        "median": [4.84451493321e-06, 0.000146363076055, 0.000200404363568, 0.000220505142352, 0.000320874067256, 0.000166710015037, 0.0024105203338, 0.00527842855081, 0.000608839211054, 0.00120087829418, 0.00057245552307, 4.55593981314e-05, 0.000190900289454, 0.000145410114783, 6.5314306994e-05, 0.000304416113067, 0.000807571981568, 0.00023303249327, 0.00020925042918, 7.69922844484e-05, 5.13266531925e-05, 1.53336713993e-05, 1.68237534126e-06, 1.11288272819e-06, 1.33793889745e-06, 1.76467699475e-06, 1.15893744805e-05],
        "min": [1.41872718018e-07, 6.54846917314e-06, 1.02331041489e-05, 1.11576064228e-05, 6.04749075137e-05, 4.96751308674e-05, 0.000639359815978, 0.000561523542274, 5.20259345649e-05, 4.76502427773e-05, 3.71558708139e-05, 1.16412211355e-05, 6.96606439305e-05, 5.21512592968e-05, 1.15439552246e-05, 6.99180818629e-05, 0.000389693304896, 4.92831968586e-05, 5.71134405618e-05, 2.86444646918e-05, 1.22330466183e-05, 6.74738157613e-06, 9.13595613383e-07, 7.26803421003e-07, 9.38324262734e-07, 9.87034809441e-07, 5.57533576284e-06],
        "var": [7.8658100866e-11, 3.07673850841e-08, 6.75763160984e-08, 1.0332598066e-07, 1.57778671905e-07, 9.9682813115e-09, 1.3606734683e-05, 3.6757603084e-05, 4.64928189103e-06, 2.05453507078e-05, 1.95151142179e-06, 9.68087943143e-10, 2.65286637102e-09, 2.90084845034e-09, 1.15781562116e-09, 1.95368112799e-08, 3.15236015069e-08, 2.10626582842e-09, 2.26480678656e-09, 4.16555206995e-10, 1.98039556976e-10, 2.91398086216e-11, 4.51674152723e-13, 8.13432166676e-14, 9.1055018614e-14, 1.64596106384e-13, 1.961270122e-12]
    },
    "erbbands": {
        "dmean": [0.00334136071615, 0.0373177155852, 0.155925840139, 0.528001904488, 1.3530061245, 0.711572229862, 0.691414415836, 0.988453984261, 8.52778530121, 33.6160926819, 19.0704650879, 5.99849033356, 27.9392623901, 40.9257583618, 5.47116041183, 1.11626255512, 2.38187289238, 1.84881329536, 2.34924650192, 2.57170891762, 3.47135925293, 10.0349779129, 2.51649093628, 2.22445344925, 1.55884575844, 0.851081728935, 0.751309990883, 0.395603328943, 0.186017841101, 0.0247699916363, 0.0133104557171, 0.00565277831629, 0.00462942477316, 0.00304598803632, 0.00202745269053, 0.000951767724473, 0.00106040947139, 0.000466648634756, 0.000190077305888, 3.41328814102e-05],
        "dmean2": [0.00610896945, 0.0686221420765, 0.284816116095, 0.931572020054, 2.26107215881, 1.24834656715, 1.18713092804, 1.64928805828, 10.7531242371, 60.6617584229, 33.5509757996, 9.97096824646, 51.0577278137, 74.3046264648, 9.43362045288, 1.93410599232, 3.96319150925, 3.07065701485, 4.00253295898, 4.09271430969, 5.56113052368, 16.052324295, 4.21905231476, 3.85325217247, 2.6201851368, 1.51689755917, 1.30322384834, 0.677115261555, 0.320408463478, 0.0413647666574, 0.0229374431074, 0.00958654470742, 0.00762379076332, 0.00475324876606, 0.00324000697583, 0.00161866727285, 0.00185666093603, 0.000848178693559, 0.000326897832565, 5.85739580856e-05],
        "dvar": [1.2999480532e-05, 0.00143071217462, 0.0332841463387, 0.297797560692, 3.37813615799, 0.400271862745, 0.432863861322, 0.850142419338, 69.2822952271, 2015.37988281, 604.150695801, 91.284942627, 3686.42236328, 8415.41601562, 53.954662323, 1.26971268654, 5.66200447083, 1.63261592388, 8.40788459778, 46.2725791931, 24.6715641022, 61.0859985352, 4.15378761292, 3.76054334641, 1.3839892149, 0.836654067039, 0.38970336318, 0.0944017469883, 0.0262695960701, 0.000853595905937, 0.000180745570106, 2.0200286599e-05, 2.2431522666e-05, 8.10036544863e-06, 2.5321121484e-06, 7.52965945594e-07, 7.35111143513e-07, 1.56660846073e-07, 2.60479158243e-08, 8.05435607099e-10],
        "dvar2": [4.00940662075e-05, 0.00437459303066, 0.0995055362582, 1.01962435246, 8.45364093781, 1.1315625906, 1.27323532104, 2.37805080414, 165.925628662, 5141.49951172, 1818.3729248, 256.475128174, 11810.5849609, 27828.4277344, 149.911224365, 3.65286135674, 17.0503444672, 4.43756818771, 24.6823921204, 107.500900269, 65.3932037354, 150.663421631, 8.86841964722, 8.79692840576, 3.68219470978, 2.18611955643, 1.18095982075, 0.263769924641, 0.070803001523, 0.00186207413208, 0.000444979785243, 4.33821223851e-05, 5.71129676246e-05, 1.77206948138e-05, 6.06647472523e-06, 1.55193129103e-06, 2.1952635052e-06, 3.9307835209e-07, 6.7434484663e-08, 2.12741024797e-09],
        "max": [0.0273727290332, 0.220438763499, 1.02045655251, 3.37662029266, 12.8647918701, 4.81795883179, 4.60678434372, 6.87098407745, 93.6074447632, 445.255157471, 488.873321533, 240.574783325, 571.048400879, 746.515380859, 81.9761352539, 10.4778289795, 18.6015090942, 14.378080368, 30.3239250183, 61.6955986023, 64.1880111694, 82.4991073608, 23.0489692688, 20.2253704071, 11.9123001099, 11.5706300735, 5.95887231827, 3.49013853073, 1.43732833862, 0.413918763399, 0.175089076161, 0.0616711489856, 0.0512969270349, 0.0446182191372, 0.0203264430165, 0.00982044637203, 0.00757895223796, 0.00426821457222, 0.00194345263299, 0.00033980954322],
        "mean": [0.00524439010769, 0.0502150431275, 0.24523165822, 0.819497287273, 1.64043259621, 1.19239413738, 1.25349247456, 2.24796056747, 27.5395145416, 113.019927979, 116.106910706, 32.3365592957, 62.7556152344, 89.6858901978, 15.5040464401, 2.87646126747, 7.52677822113, 8.56155872345, 7.29348993301, 8.57894706726, 18.7229480743, 50.1895828247, 15.365776062, 13.4125080109, 7.26008415222, 3.62451410294, 2.73896074295, 1.56249463558, 0.68771392107, 0.10884758085, 0.0521171092987, 0.0248592682183, 0.0196229498833, 0.0148947900161, 0.0100982869044, 0.00454115821049, 0.00379674229771, 0.00267111882567, 0.0013002238702, 0.00024693083833],
        "median": [0.00326124834828, 0.0388089120388, 0.19326891005, 0.574572145939, 1.00628829002, 0.976667702198, 1.08009445667, 1.92718136311, 24.1898078918, 93.3246612549, 92.2615280151, 15.5706129074, 27.3686332703, 34.8092918396, 7.95695638657, 2.4205467701, 7.24868535995, 8.63424396515, 6.8038520813, 7.54949569702, 17.9271831512, 50.3338813782, 15.4132614136, 13.0850162506, 7.01799917221, 3.59614133835, 2.67107653618, 1.54217016697, 0.665293395519, 0.101297318935, 0.0496862307191, 0.0236397087574, 0.0186706595123, 0.0144161926582, 0.00992736034095, 0.00440691271797, 0.00375157920644, 0.00265123508871, 0.00130072713364, 0.00024575079442],
        "min": [0.000228215241805, 0.00287777208723, 0.0191666353494, 0.0369977168739, 0.0793526694179, 0.200947225094, 0.187543869019, 0.824635922909, 6.61834812164, 13.3345365524, 9.52425003052, 2.24930858612, 1.6356959343, 1.64975750446, 1.38237297535, 0.95992398262, 2.9472796917, 4.27632474899, 1.83160197735, 2.41244411469, 4.7923002243, 21.0959339142, 4.36519622803, 3.7767932415, 2.12417054176, 1.00489366055, 0.748134076595, 0.372145205736, 0.265208333731, 0.0608595795929, 0.0276274196804, 0.0146542862058, 0.0112787438557, 0.00959369819611, 0.00549911428243, 0.00251654395834, 0.00188246823382, 0.00142755673733, 0.000611134339124, 0.000120410637464],
        "var": [3.00575866277e-05, 0.00167914025951, 0.0420432984829, 0.483320832253, 4.08353328705, 0.654431045055, 0.500841915607, 1.24038493633, 237.664291382, 6995.89941406, 11041.7041016, 2080.96337891, 9206.12695312, 14282.7207031, 278.964447021, 2.57814335823, 5.75917577744, 3.31850171089, 8.01855945587, 36.8405265808, 25.0937919617, 117.332389832, 6.74225521088, 5.48390007019, 2.49870157242, 0.969227135181, 0.549405157566, 0.182413235307, 0.0350081920624, 0.00179891276639, 0.000287687231321, 4.37675626017e-05, 3.08638700517e-05, 1.55506004376e-05, 4.37934977526e-06, 1.24986320316e-06, 1.05417905161e-06, 2.37110967305e-07, 3.46798856299e-08, 1.0170148057e-09]
    },
    "gfcc": {
        "mean": [-20.4426040649, 100.313789368, -145.063354492, -7.77615833282, -41.5398216248, -40.4332466125, -11.3237352371, 14.9970932007, -5.01862573624, -1.92124342918, -21.3309459686, -7.54931545258, -13.6032676697],
        "cov": [[147.809906006, 145.560348511, 6.79851770401, -64.0230026245, -35.6036987305, 31.7491703033, 84.7772521973, 51.4568367004, -6.70344161987, -60.355922699, -52.416973114, -13.0434541702, 16.0488090515], [145.560348511, 174.880264282, 20.5180187225, -66.4214096069, -30.9254989624, 29.265165329, 88.5449829102, 57.7294616699, -5.62514734268, -65.1954574585, -53.874622345, -14.3618946075, 19.7959499359], [6.79851770401, 20.5180187225, 38.979888916, 36.1164588928, 26.9779338837, 10.0364942551, -2.25535058975, -3.39185476303, -1.54251241684, 4.68473339081, 7.76589775085, 6.29253339767, -1.40086627007], [-64.0230026245, -66.4214096069, 36.1164588928, 104.388435364, 65.3136672974, -1.34580802917, -47.3545875549, -40.5111694336, 2.85028123856, 45.1631965637, 40.1588516235, 14.0089759827, -11.4605436325], [-35.6036987305, -30.9254989624, 26.9779338837, 65.3136672974, 54.7347297668, 8.84846591949, -18.761302948, -17.9792404175, 2.07867860794, 25.7359390259, 24.9950675964, 10.6179141998, -3.18071770668], [31.7491703033, 29.265165329, 10.0364942551, -1.34580802917, 8.84846591949, 34.4326438904, 34.3631248474, 20.1615810394, -1.05338346958, -14.2482099533, -7.26946258545, 3.84646224976, 9.90451526642], [84.7772521973, 88.5449829102, -2.25535058975, -47.3545875549, -18.761302948, 34.3631248474, 83.017326355, 52.0719833374, -0.0182559154928, -43.5405387878, -33.9119415283, -4.83121395111, 17.5702285767], [51.4568367004, 57.7294616699, -3.39185476303, -40.5111694336, -17.9792404175, 20.1615810394, 52.0719833374, 45.9043769836, 9.29868221283, -25.5641822815, -20.1756629944, -2.55249190331, 11.7315692902], [-6.70344161987, -5.62514734268, -1.54251241684, 2.85028123856, 2.07867860794, -1.05338346958, -0.0182559154928, 9.29868221283, 19.8466129303, 15.8831634521, 9.44608306885, 4.27571582794, 0.901878654957], [-60.355922699, -65.1954574585, 4.68473339081, 45.1631965637, 25.7359390259, -14.2482099533, -43.5405387878, -25.5641822815, 15.8831634521, 54.239276886, 41.1564941406, 14.9560594559, -8.74715614319], [-52.416973114, -53.874622345, 7.76589775085, 40.1588516235, 24.9950675964, -7.26946258545, -33.9119415283, -20.1756629944, 9.44608306885, 41.1564941406, 41.1787834167, 17.7206687927, -4.14916419983], [-13.0434541702, -14.3618946075, 6.29253339767, 14.0089759827, 10.6179141998, 3.84646224976, -4.83121395111, -2.55249190331, 4.27571582794, 14.9560594559, 17.7206687927, 19.6109485626, 6.50048589706], [16.0488090515, 19.7959499359, -1.40086627007, -11.4605436325, -3.18071770668, 9.90451526642, 17.5702285767, 11.7315692902, 0.901878654957, -8.74715614319, -4.14916419983, 6.50048589706, 18.2726154327]],
        "icov": [[0.0677502602339, -0.0596800483763, 0.031778819859, -0.026210507378, 0.0316975452006, -0.0314961969852, -0.00791310891509, 0.00865985639393, 0.00602149963379, -0.0136350775138, 0.0252057723701, -0.0232213716954, 0.0229466147721], [-0.0596800483763, 0.0891758948565, -0.0795983374119, 0.0485016927123, -0.0292030740529, 0.0418081134558, -0.0259110126644, 0.00983992777765, -0.0205324813724, 0.0176378078759, -0.0144019648433, 0.0347185619175, -0.0351879037917], [0.031778819859, -0.0795983374119, 0.140200614929, -0.0724949464202, 0.010255439207, -0.0376696325839, 0.0511899366975, -0.0458980761468, 0.0358763597906, -0.00397652899846, 0.00735387858003, -0.0468087680638, 0.0406998582184], [-0.026210507378, 0.0485016927123, -0.0724949464202, 0.105072446167, -0.0727165490389, 0.0174749772996, -0.0250452272594, 0.059093426913, -0.0402207188308, 0.00902383308858, -0.0122164990753, 0.0195265337825, -0.00858396105468], [0.0316975452006, -0.0292030740529, 0.010255439207, -0.0727165490389, 0.110976859927, -0.0335094705224, -0.0047989054583, -0.0117684109136, 0.0195325147361, -0.0181309711188, 0.00129217735957, 0.000864923524205, -0.00102997629438], [-0.0314961969852, 0.0418081134558, -0.0376696325839, 0.0174749772996, -0.0335094705224, 0.0942774713039, -0.0361435934901, -0.0112268151715, 0.00497141247615, 0.0130937201902, -0.0137835862115, 0.00806869473308, -0.0245088785887], [-0.00791310891509, -0.0259110126644, 0.0511899366975, -0.0250452272594, -0.0047989054583, -0.0361435934901, 0.107802167535, -0.0900038927794, 0.0382043458521, -0.00414918968454, 0.0153484428301, -0.0179835893214, 0.00213118596002], [0.00865985639393, 0.00983992777765, -0.0458980761468, 0.059093426913, -0.0117684109136, -0.0112268151715, -0.0900038927794, 0.198701396585, -0.135473102331, 0.0602479428053, -0.0264111272991, 0.00295550609007, 0.00676589505747], [0.00602149963379, -0.0205324813724, 0.0358763597906, -0.0402207188308, 0.0195325147361, 0.00497141247615, 0.0382043458521, -0.135473102331, 0.191439941525, -0.113921478391, 0.0337442755699, 0.00530313421041, -0.0127807212994], [-0.0136350775138, 0.0176378078759, -0.00397652899846, 0.00902383308858, -0.0181309711188, 0.0130937201902, -0.00414918968454, 0.0602479428053, -0.113921478391, 0.170175865293, -0.102218233049, -0.00625708140433, 0.0193793736398], [0.0252057723701, -0.0144019648433, 0.00735387858003, -0.0122164990753, 0.00129217735957, -0.0137835862115, 0.0153484428301, -0.0264111272991, 0.0337442755699, -0.102218233049, 0.171301469207, -0.0727164149284, 0.0104291541502], [-0.0232213716954, 0.0347185619175, -0.0468087680638, 0.0195265337825, 0.000864923524205, 0.00806869473308, -0.0179835893214, 0.00295550609007, 0.00530313421041, -0.00625708140433, -0.0727164149284, 0.148464128375, -0.0699723511934], [0.0229466147721, -0.0351879037917, 0.0406998582184, -0.00858396105468, -0.00102997629438, -0.0245088785887, 0.00213118596002, 0.00676589505747, -0.0127807212994, 0.0193793736398, 0.0104291541502, -0.0699723511934, 0.114311523736]]
    },
    "melbands": {
        "dmean": [3.62533937732e-05, 6.64165418129e-05, 0.00010290787759, 7.01502285665e-05, 2.38392985921e-05, 1.993524711e-05, 0.000181854062248, 0.000387567095459, 0.0001293803507, 3.5493485484e-05, 0.000174586777575, 0.000203229559702, 3.32929157594e-05, 3.66876270164e-06, 3.42601447301e-06, 4.92500930704e-06, 3.78692129743e-06, 4.83253279526e-06, 1.45515434724e-06, 6.13145220996e-06, 4.09509675592e-06, 1.1798979358e-05, 4.78858737551e-06, 1.86214106179e-06, 2.13402449845e-06, 2.04510388357e-06, 7.77840682531e-07, 5.92051321746e-07, 5.68439361359e-07, 3.50960618789e-07, 2.943318691e-07, 1.60081754075e-07, 3.54941569469e-08, 1.22839907135e-08, 9.98127180907e-09, 5.27330579203e-09, 3.27912785814e-09, 4.05831146466e-09, 2.96831315083e-09, 3.16534443101e-09],
        "dmean2": [6.66283449391e-05, 0.000120471624541, 0.000178875023266, 0.000115246977657, 4.05104146921e-05, 3.30170805682e-05, 0.000240846929955, 0.000715526577551, 0.000231575511862, 5.78013350605e-05, 0.000320588616887, 0.000373625807697, 5.92563628743e-05, 6.23109826847e-06, 6.06524008617e-06, 8.15046860225e-06, 6.43540442979e-06, 8.47307182994e-06, 2.33492892221e-06, 9.89614727587e-06, 6.60467230773e-06, 1.90802602447e-05, 7.76689921622e-06, 3.10684458782e-06, 3.70905377167e-06, 3.40827978107e-06, 1.35548589242e-06, 1.04465482309e-06, 9.94603055915e-07, 5.9890862758e-07, 5.02655723267e-07, 2.84053896848e-07, 5.91795057403e-08, 2.14898161488e-08, 1.7509021788e-08, 8.43003622464e-09, 5.63889068772e-09, 6.80961864674e-09, 4.96507146508e-09, 4.94902696602e-09],
        "dvar": [1.43302281153e-09, 5.07670661065e-09, 1.66170313065e-08, 6.49654285922e-09, 4.17691048415e-10, 3.57267437856e-10, 4.53334543238e-08, 2.1944397588e-07, 2.90778192635e-08, 3.19535864435e-09, 1.44352327425e-07, 2.16791704588e-07, 1.64581737128e-09, 1.56374618115e-11, 1.53965243332e-11, 2.4069496396e-11, 6.54964017049e-12, 3.81528662829e-11, 1.00681026016e-11, 1.95885488385e-10, 2.1452700727e-11, 8.81924394625e-11, 1.44387045722e-11, 2.06500116486e-12, 3.24611019488e-12, 2.75468732026e-12, 3.40770705924e-13, 4.85206330409e-13, 2.0774274499e-13, 8.04451855607e-14, 4.87567411033e-14, 2.06665383456e-14, 9.84476642561e-16, 2.88314292196e-16, 9.06489564719e-17, 1.81030346485e-17, 8.61839893809e-18, 1.44198343001e-17, 1.22261008576e-17, 5.42203739357e-18],
        "dvar2": [4.4822097145e-09, 1.53207793119e-08, 4.75599790661e-08, 1.64146083392e-08, 1.33198174712e-09, 9.56955736875e-10, 1.0749529622e-07, 6.18776141437e-07, 8.39356744109e-08, 7.87991893958e-09, 4.69409656034e-07, 7.24944186459e-07, 3.85680642978e-09, 4.18620381415e-11, 4.49007671321e-11, 7.10713848884e-11, 1.64072245373e-11, 1.11529563362e-10, 2.20657329214e-11, 4.6561654532e-10, 5.65002870878e-11, 2.09692249675e-10, 3.20591123093e-11, 5.7443689562e-12, 8.23604552613e-12, 7.02197761743e-12, 9.59744219861e-13, 1.30500406488e-12, 6.2333666874e-13, 1.94821792704e-13, 1.57100135852e-13, 5.45429756319e-14, 2.07374523674e-15, 8.09898016995e-16, 2.27516146597e-16, 4.27135124109e-17, 1.89271530385e-17, 3.61438289191e-17, 2.80294650426e-17, 1.42072141411e-17],
        "max": [0.00026628858177, 0.000433606939623, 0.000790147809312, 0.000620156934019, 0.000130856104079, 0.000137014692882, 0.00237629888579, 0.00519888149574, 0.00337926694192, 0.00157396972645, 0.00331262522377, 0.00359730725177, 0.000438640883658, 4.01754550694e-05, 3.70939451386e-05, 4.24638492404e-05, 2.65702892648e-05, 6.41193837509e-05, 2.82181044895e-05, 0.000138033210533, 5.78191211389e-05, 9.9727185443e-05, 3.95801725972e-05, 1.40684232974e-05, 1.72939835466e-05, 1.47115715663e-05, 5.91590423937e-06, 8.36117578729e-06, 3.95301822209e-06, 2.31345893553e-06, 2.20537731366e-06, 1.17750732898e-06, 3.93296886614e-07, 2.03842802193e-07, 1.1098027386e-07, 5.60588944154e-08, 3.93519350439e-08, 3.49654243337e-08, 4.57902373796e-08, 3.17784376591e-08],
        "mean": [5.27397278347e-05, 0.000110309287265, 0.000172149477294, 0.000102125719422, 4.48922219221e-05, 3.92707588617e-05, 0.000540673325304, 0.00150048150681, 0.000791022845078, 0.000179514900083, 0.00035154496436, 0.000412358233007, 8.88135036803e-05, 7.19412082617e-06, 8.86407087819e-06, 1.91012513824e-05, 1.58319217007e-05, 1.40355250551e-05, 4.31698299508e-06, 2.1331183234e-05, 1.97114131879e-05, 5.58104911761e-05, 2.56461171375e-05, 9.1828596851e-06, 1.1295675904e-05, 8.03644979896e-06, 3.08352150569e-06, 2.07082507586e-06, 1.89747561308e-06, 1.10665939701e-06, 9.04251464817e-07, 4.87335682919e-07, 1.02368595378e-07, 3.78487960973e-08, 3.29026192958e-08, 1.89947559903e-08, 1.32369795125e-08, 1.43571172728e-08, 1.15346114882e-08, 1.3033604418e-08],
        "median": [3.71495734726e-05, 9.35497373575e-05, 0.000132662637043, 7.05340862623e-05, 4.11789078498e-05, 3.39155521942e-05, 0.000437497656094, 0.00138621509541, 0.000624104926828, 7.27769074729e-05, 0.000148674400407, 0.000170610175701, 4.44541801699e-05, 5.75196600039e-06, 8.32037494547e-06, 1.84564523806e-05, 1.58266175276e-05, 1.31973411044e-05, 3.84099803341e-06, 1.94917502085e-05, 1.90211248992e-05, 5.46327792108e-05, 2.59790376731e-05, 9.1922147476e-06, 1.09976590466e-05, 7.86657801655e-06, 2.96617417916e-06, 2.01015677703e-06, 1.85749195225e-06, 1.07705636765e-06, 8.78235539403e-07, 4.58423926375e-07, 9.10542752308e-08, 3.49486839468e-08, 3.12184909035e-08, 1.8270267077e-08, 1.26982806492e-08, 1.38910092318e-08, 1.10594209346e-08, 1.26868782147e-08],
        "min": [2.28813337344e-06, 1.01198302218e-05, 9.50422963797e-06, 1.09949060061e-05, 8.02307931735e-06, 1.1294212527e-05, 0.000118700081657, 0.000170596700627, 3.84314807889e-05, 5.90314721194e-06, 7.84113581176e-06, 6.36285312794e-06, 3.97753728976e-06, 1.33915500555e-06, 3.26109829984e-06, 6.96020106261e-06, 6.53392908134e-06, 3.4470360788e-06, 1.30433443246e-06, 5.24093002241e-06, 3.63350682164e-06, 2.5619427106e-05, 6.94383334121e-06, 2.32309025705e-06, 3.09729898618e-06, 1.33917797029e-06, 1.40338943311e-06, 4.73907078913e-07, 5.38150572993e-07, 3.52070543386e-07, 1.63311980828e-07, 1.74387977836e-07, 4.39560814414e-08, 1.84362676237e-08, 1.51085419731e-08, 1.06603881278e-08, 6.73343381052e-09, 7.6271611249e-09, 6.09619954517e-09, 6.77450051612e-09],
        "var": [2.326521642e-09, 6.86693235608e-09, 2.45843221336e-08, 9.56229051496e-09, 5.3259263666e-10, 4.55512128017e-10, 1.4226164069e-07, 9.66647348832e-07, 5.61029253277e-07, 8.20380634536e-08, 3.04014861285e-07, 3.2699065855e-07, 1.00600789921e-08, 3.22607843217e-11, 1.46844498367e-11, 2.41779513077e-11, 1.41060227735e-11, 3.4971709556e-11, 9.33507784961e-12, 1.59681295964e-10, 2.40373814603e-11, 1.64719099471e-10, 2.63869967543e-11, 3.33306754592e-12, 4.59782125567e-12, 4.37066875747e-12, 5.60375747541e-13, 5.17915951011e-13, 3.06499346302e-13, 1.24728339094e-13, 8.47475640554e-14, 2.3987632559e-14, 2.26518844711e-15, 3.5029010476e-16, 1.38111382263e-16, 3.75465320233e-17, 1.46185197745e-17, 2.02153263695e-17, 1.69888223634e-17, 1.1422936607e-17]
    },
    "mfcc": {
        "mean": [-667.827514648, 156.868911743, -54.883644104, 32.1563644409, -22.8564128876, -28.5419826508, -10.5529708862, 2.51038813591, 16.5413627625, 0.274267852306, 8.45682239532, 6.74388790131, -4.16457986832],
        "cov": [[140.122131348, 135.819076538, 16.864107132, -56.1176147461, -76.7755737305, -26.4116020203, 31.8779468536, 74.6734237671, 73.1438369751, 18.342206955, -22.5958347321, -34.5937232971, -27.1823120117], [135.819076538, 186.263092041, 26.7065696716, -63.5126800537, -84.2431640625, -42.1142425537, 36.6473770142, 87.3162307739, 85.8619766235, 20.9917869568, -26.9996395111, -37.7443809509, -34.9051246643], [16.864107132, 26.7065696716, 26.8898334503, 7.06041097641, 5.89502334595, 5.55961847305, 8.98574256897, 11.959777832, 5.49996948242, -0.555822789669, -2.75947999954, -1.9418361187, -2.59897708893], [-56.1176147461, -63.5126800537, 7.06041097641, 75.1578292847, 67.458366394, 38.0010528564, -6.48604440689, -40.4821128845, -41.3643493652, -14.5947742462, 17.0687484741, 21.4199886322, 16.4634475708], [-76.7755737305, -84.2431640625, 5.89502334595, 67.458366394, 86.0772399902, 43.8781661987, -11.2351875305, -50.2408332825, -53.4372215271, -14.7363538742, 15.9751186371, 25.8024024963, 25.8436412811], [-26.4116020203, -42.1142425537, 5.55961847305, 38.0010528564, 43.8781661987, 38.9821586609, 6.11908340454, -18.8924121857, -22.7695884705, -8.78549480438, 7.35199928284, 13.1197767258, 14.8969640732], [31.8779468536, 36.6473770142, 8.98574256897, -6.48604440689, -11.2351875305, 6.11908340454, 34.1054954529, 34.0131149292, 23.0324249268, 4.63052368164, -6.97928237915, -6.6186170578, -6.31462717056], [74.6734237671, 87.3162307739, 11.959777832, -40.4821128845, -50.2408332825, -18.8924121857, 34.0131149292, 75.3580322266, 58.9048042297, 20.3945484161, -14.4977455139, -23.1932468414, -20.5287780762], [73.1438369751, 85.8619766235, 5.49996948242, -41.3643493652, -53.4372215271, -22.7695884705, 23.0324249268, 58.9048042297, 62.8901634216, 21.8130550385, -12.8132915497, -23.0538711548, -22.5122280121], [18.342206955, 20.9917869568, -0.555822789669, -14.5947742462, -14.7363538742, -8.78549480438, 4.63052368164, 20.3945484161, 21.8130550385, 20.9738559723, 1.89054811001, -4.6661400795, -5.56945610046], [-22.5958347321, -26.9996395111, -2.75947999954, 17.0687484741, 15.9751186371, 7.35199928284, -6.97928237915, -14.4977455139, -12.8132915497, 1.89054811001, 18.1011886597, 13.8666086197, 9.24127006531], [-34.5937232971, -37.7443809509, -1.9418361187, 21.4199886322, 25.8024024963, 13.1197767258, -6.6186170578, -23.1932468414, -23.0538711548, -4.6661400795, 13.8666086197, 26.456609726, 17.8749904633], [-27.1823120117, -34.9051246643, -2.59897708893, 16.4634475708, 25.8436412811, 14.8969640732, -6.31462717056, -20.5287780762, -22.5122280121, -5.56945610046, 9.24127006531, 17.8749904633, 25.1697025299]],
