{
"lowlevel": {
    "average_loudness": 0.99068403244,
    "barkbands_crest": {
        "dmean": 2.03811478615,
        "dmean2": 3.20684909821,
        "dvar": 6.5506439209,
        "dvar2": 14.4250631332,
        "max": 25.6394100189,
        "mean": 18.94465065,
        "median": 21.0241336823,
        "min": 8.63080978394,
        "var": 19.5681152344
    },
    "barkbands_flatness_db": {
        "dmean": 0.0315105132759,
        "dmean2": 0.0398709475994,
        "dvar": 0.00191279139835,
        "dvar2": 0.00316340639256,
        "max": 0.560862183571,
        "mean": 0.410285651684,
        "median": 0.454143613577,
        "min": 0.151174724102,
        "var": 0.00893582310528
    },
    "barkbands_kurtosis": {
        "dmean": 10.0829286575,
        "dmean2": 14.6884527206,
        "dvar": 262.534851074,
        "dvar2": 680.61328125,
        "max": 137.500045776,
        "mean": 26.6012134552,
        "median": 15.4655761719,
        "min": 1.58091640472,
        "var": 766.226074219
    },
    "barkbands_skewness": {
        "dmean": 0.700893640518,
        "dmean2": 0.932987391949,
        "dvar": 0.496708810329,
        "dvar2": 0.550399839878,
        "max": 6.76433181763,
        "mean": 2.46652245522,
        "median": 2.82175779343,
        "min": -1.46730828285,
        "var": 4.87097644806
    },
    "barkbands_spread": {
        "dmean": 0.578853964806,
        "dmean2": 0.862696528435,
        "dvar": 0.884590685368,
        "dvar2": 1.33386385441,
        "max": 9.48845100403,
        "mean": 1.74456179142,
        "median": 0.864362299442,
        "min": 0.200778663158,
        "var": 4.91734361649
    },
    "dissonance": {
        "dmean": 0.0622932985425,
        "dmean2": 0.11093236506,
        "dvar": 0.00387567677535,
        "dvar2": 0.0115539478138,
        "max": 0.482835382223,
        "mean": 0.266370564699,
        "median": 0.277368634939,
        "min": 0.0814708024263,
        "var": 0.00569305988029
    },
    "dynamic_complexity": 2.71699404716,
    "erbbands_crest": {
        "dmean": 3.00590014458,
        "dmean2": 4.52515649796,
        "dvar": 17.7798175812,
        "dvar2": 48.5194244385,
        "max": 31.5277042389,
        "mean": 23.5596694946,
        "median": 26.0407409668,
        "min": 9.01138114929,
        "var": 46.7555389404
    },
    "erbbands_flatness_db": {
        "dmean": 0.0277219451964,
        "dmean2": 0.0357316210866,
        "dvar": 0.00167135649826,
        "dvar2": 0.00309871765785,
        "max": 0.537375986576,
        "mean": 0.419025480747,
        "median": 0.443195253611,
        "min": 0.20288528502,
        "var": 0.00869252812117
    },
    "erbbands_kurtosis": {
        "dmean": 7.91462421417,
        "dmean2": 11.3259935379,
        "dvar": 132.507705688,
        "dvar2": 424.3019104,
        "max": 79.5606918335,
        "mean": 21.1081542969,
        "median": 16.66132164,
        "min": -0.357042312622,
        "var": 352.915252686
    },
    "erbbands_skewness": {
        "dmean": 0.640205204487,
        "dmean2": 0.952547252178,
        "dvar": 0.416298031807,
        "dvar2": 1.16059398651,
        "max": 6.77857065201,
        "mean": 2.81060814857,
        "median": 2.85300064087,
        "min": 0.252686440945,
        "var": 2.09527945518
    },
    "erbbands_spread": {
        "dmean": 1.55271947384,
        "dmean2": 2.13614225388,
        "dvar": 5.37014055252,
        "dvar2": 10.0075702667,
        "max": 23.0110549927,
        "mean": 5.61401987076,
        "median": 2.13451075554,
        "min": 0.537246525288,
        "var": 47.2589225769
    },
    "hfc": {
        "dmean": 2.45759534836,
        "dmean2": 3.49940776825,
        "dvar": 11.4511117935,
        "dvar2": 22.7654247284,
        "max": 28.5563602448,
        "mean": 11.1841888428,
        "median": 12.2950048447,
        "min": 0.156152322888,
        "var": 71.7470016479
    },
    "melbands_crest": {
        "dmean": 2.45687365532,
        "dmean2": 4.25092172623,
        "dvar": 12.9154672623,
        "dvar2": 31.0147953033,
        "max": 32.0069885254,
        "mean": 23.3843097687,
        "median": 24.1397857666,
        "min": 9.17713546753,
        "var": 31.9024028778
    },
    "melbands_flatness_db": {
        "dmean": 0.0322197452188,
        "dmean2": 0.0383835807443,
        "dvar": 0.00195402046666,
        "dvar2": 0.0031499338802,
        "max": 0.679248631001,
        "mean": 0.502937316895,
        "median": 0.540416419506,
        "min": 0.22936488688,
        "var": 0.0100548695773
    },
    "melbands_kurtosis": {
        "dmean": 6.64365625381,
        "dmean2": 9.21189785004,
        "dvar": 39.7500991821,
        "dvar2": 45.1160926819,
        "max": 88.0810165405,
        "mean": 25.9320087433,
        "median": 19.8876113892,
        "min": 1.81122589111,
        "var": 456.421173096
    },
    "melbands_skewness": {
        "dmean": 0.684805095196,
        "dmean2": 0.994721770287,
        "dvar": 0.387448966503,
        "dvar2": 0.879561841488,
        "max": 6.80656147003,
        "mean": 1.78604149818,
        "median": 2.29177045822,
        "min": -2.78092432022,
        "var": 5.74933767319
    },
    "melbands_spread": {
        "dmean": 0.926534116268,
        "dmean2": 1.43839514256,
        "dvar": 2.11897611618,
        "dvar2": 3.63458800316,
        "max": 13.3519172668,
        "mean": 2.6601600647,
        "median": 1.26011514664,
        "min": 0.323881864548,
        "var": 11.2065982819
    },
    "pitch_salience": {
        "dmean": 0.0810859501362,
        "dmean2": 0.12211985141,
        "dvar": 0.0169525481761,
        "dvar2": 0.0339500121772,
        "max": 0.851331710815,
        "mean": 0.284528911114,
        "median": 0.239825576544,
        "min": 0.0423376597464,
        "var": 0.0287910532206
    },
    "silence_rate_20dB": {
        "dmean": 0,
        "dmean2": 0,
        "dvar": 0,
        "dvar2": 0,
        "max": 1,
        "mean": 1,
        "median": 1,
        "min": 1,
        "var": 0
    },
    "silence_rate_30dB": {
        "dmean": 0,
        "dmean2": 0,
        "dvar": 0,
        "dvar2": 0,
        "max": 1,
        "mean": 1,
        "median": 1,
        "min": 1,
        "var": 0
    },
    "silence_rate_60dB": {
        "dmean": 0.0500000007451,
        "dmean2": 0.101694911718,
        "dvar": 0.0475000329316,
        "dvar2": 0.0913529396057,
        "max": 1,
        "mean": 0.147540986538,
        "median": 0,
        "min": 0,
        "var": 0.125772848725
    },
    "spectral_centroid": {
        "dmean": 26.3411445618,
        "dmean2": 36.4929237366,
        "dvar": 1903.49267578,
        "dvar2": 2949.06811523,
        "max": 802.43560791,
        "mean": 488.35055542,
        "median": 512.91204834,
        "min": 197.157318115,
        "var": 23315.3691406
    },
    "spectral_complexity": {
        "dmean": 0.933333337307,
        "dmean2": 1.52542376518,
        "dvar": 1.09555566311,
        "dvar2": 2.85952401161,
        "max": 9,
        "mean": 5.0163936615,
        "median": 5,
        "min": 1,
        "var": 2.67186260223
    },
    "spectral_decrease": {
        "dmean": 1.6450190099e-09,
        "dmean2": 2.36120012431e-09,
        "dvar": 8.82341151701e-18,
        "dvar2": 1.83391599718e-17,
        "max": -5.76790906703e-11,
        "mean": -6.20309359434e-09,
        "median": -6.17257667201e-09,
        "min": -2.21131912781e-08,
        "var": 2.43206551824e-17
    },
    "spectral_energy": {
        "dmean": 0.00643068458885,
        "dmean2": 0.00922869611531,
        "dvar": 0.000131390916067,
        "dvar2": 0.000272913981462,
        "max": 0.0849819332361,
        "mean": 0.0244262572378,
        "median": 0.024515837431,
        "min": 0.000231857775361,
        "var": 0.000367992761312
    },
    "spectral_energyband_high": {
        "dmean": 9.63814613897e-07,
        "dmean2": 1.74262561359e-06,
        "dvar": 9.96344586696e-12,
        "dvar2": 2.83655997996e-11,
        "max": 1.85541721294e-05,
        "mean": 1.15876264317e-06,
        "median": 6.44660644866e-07,
        "min": 1.5566669731e-07,
        "var": 6.23700136676e-12
    },
    "spectral_energyband_low": {
        "dmean": 2.99669463857e-05,
        "dmean2": 5.73904144403e-05,
        "dvar": 6.14415274214e-09,
        "dvar2": 1.36119462368e-08,
        "max": 0.000467732606921,
        "mean": 3.59893019777e-05,
        "median": 6.35830292595e-06,
        "min": 4.27683602311e-07,
        "var": 7.76570985295e-09
    },
    "spectral_energyband_middle_high": {
        "dmean": 0.000161203148309,
        "dmean2": 0.000220943416934,
        "dvar": 3.63705972006e-08,
        "dvar2": 7.56988924877e-08,
        "max": 0.00171848852187,
        "mean": 0.000577308004722,
        "median": 0.000538818305358,
        "min": 1.06043680717e-05,
        "var": 2.20005304641e-07
    },
    "spectral_energyband_middle_low": {
        "dmean": 0.00642507104203,
        "dmean2": 0.00920226890594,
        "dvar": 0.000131023858557,
        "dvar2": 0.00027353168116,
        "max": 0.0849521011114,
        "mean": 0.0238724425435,
        "median": 0.0236413031816,
        "min": 0.000161444637342,
        "var": 0.000365707848687
    },
    "spectral_entropy": {
        "dmean": 0.288367003202,
        "dmean2": 0.373684287071,
        "dvar": 0.170385688543,
        "dvar2": 0.32480686903,
        "max": 7.13087558746,
        "mean": 4.76562023163,
        "median": 4.5272731781,
        "min": 3.36602926254,
        "var": 0.64812618494
    },
    "spectral_flux": {
        "dmean": 0.0240508206189,
        "dmean2": 0.0408360660076,
        "dvar": 0.0015353927156,
        "dvar2": 0.0036516035907,
        "max": 0.242627054453,
        "mean": 0.034852065146,
        "median": 0.0230837874115,
        "min": 0.00512735312805,
        "var": 0.00149914610665
    },
    "spectral_kurtosis": {
        "dmean": 20.2170200348,
        "dmean2": 27.8132781982,
        "dvar": 383.34274292,
        "dvar2": 940.82244873,
        "max": 164.300460815,
        "mean": 84.540397644,
        "median": 92.3440170288,
        "min": 10.875248909,
        "var": 2128.21777344
    },
    "spectral_rms": {
        "dmean": 0.000670031295158,
        "dmean2": 0.000924581952859,
        "dvar": 1.1630387462e-06,
        "dvar2": 2.1578198357e-06,
        "max": 0.00910544861108,
        "mean": 0.00440964708105,
        "median": 0.00489059183747,
        "min": 0.000475607725093,
        "var": 4.38551023763e-06
    },
    "spectral_rolloff": {
        "dmean": 43.4252929688,
        "dmean2": 82.4831161499,
        "dvar": 8322.90136719,
        "dvar2": 19728.3945312,
        "max": 947.4609375,
        "mean": 523.856933594,
        "median": 516.796875,
        "min": 215.33203125,
        "var": 34201.578125
    },
    "spectral_skewness": {
        "dmean": 1.03422522545,
        "dmean2": 1.5330966711,
        "dvar": 0.99062782526,
        "dvar2": 2.29960680008,
        "max": 10.5083971024,
        "mean": 7.21880865097,
        "median": 7.70621395111,
        "min": 2.54042649269,
        "var": 6.24493551254
    },
    "spectral_spread": {
        "dmean": 551848.8125,
        "dmean2": 835129.6875,
        "dvar": 481811398656,
        "dvar2": 595881689088,
        "max": 7544073,
        "mean": 1659410.75,
        "median": 1372329.875,
        "min": 650551.1875,
        "var": 1.1169398784e+12
    },
    "spectral_strongpeak": {
        "dmean": 0.406859606504,
        "dmean2": 0.627501726151,
        "dvar": 0.334916114807,
        "dvar2": 0.631535172462,
        "max": 5.01322507858,
        "mean": 2.34295630455,
        "median": 2.71992444992,
        "min": 0.0551872178912,
        "var": 2.39166426659
    },
    "zerocrossingrate": {
        "dmean": 0.00169270834886,
        "dmean2": 0.00168829446193,
        "dvar": 9.46893214859e-06,
        "dvar2": 1.28529591166e-05,
        "max": 0.03857421875,
        "mean": 0.0211641900241,
        "median": 0.02197265625,
        "min": 0.005859375,
        "var": 5.48119278392e-05
    },
    "barkbands": {
        "dmean": [2.33469961586e-07, 3.51182779923e-06, 9.63207276072e-06, 0.000589418748859, 0.00276752468199, 8.12012513052e-05, 0.00136825512163, 0.00173063087277, 0.00106217979919, 9.14171760087e-05, 0.000103456106444, 2.98017675959e-06, 1.84422412985e-06, 5.05301386511e-07, 6.67697850076e-06, 1.97608656549e-07, 4.03008556304e-07, 1.19479423688e-07, 1.2734275856e-07, 2.64530797267e-07, 2.05860885671e-07, 9.98183935508e-08, 1.32673278586e-07, 1.21888845683e-07, 7.43296908468e-08, 2.36683234789e-07, 2.86485821732e-08],
        "dmean2": [2.93274155183e-07, 6.19934644419e-06, 1.73319731402e-05, 0.000898753525689, 0.00415070401505, 0.000146023608977, 0.00156687828712, 0.00282728555612, 0.00127790414263, 0.000130821630592, 0.000121945318824, 4.68497046313e-06, 2.84602060674e-06, 7.21992762465e-07, 8.17354157334e-06, 3.47092509401e-07, 5.39867187399e-07, 1.50754360106e-07, 2.11849950915e-07, 4.32870592704e-07, 3.76841342131e-07, 1.81955357448e-07, 2.41224483943e-07, 2.17240440747e-07, 1.31012569682e-07, 4.39766438376e-07, 4.68255656472e-08],
        "dvar": [3.31479987773e-13, 3.11589157254e-11, 7.2518635541e-10, 4.1057855924e-06, 8.46636394272e-05, 2.65771014085e-08, 1.22490300782e-05, 9.89829368336e-06, 6.30985277894e-06, 2.77590483932e-08, 2.32878285544e-08, 3.70482880485e-11, 6.52891759753e-12, 2.64007836859e-13, 1.05267121409e-10, 1.00182022237e-13, 2.66368985246e-13, 3.89105590738e-14, 5.07630368947e-14, 4.03923449592e-13, 5.4072723946e-13, 1.59459495304e-13, 1.80670718187e-13, 2.22291735258e-13, 6.15669014793e-14, 6.17259498722e-13, 3.5133253762e-15],
        "dvar2": [2.63381249319e-13, 5.73004907412e-11, 1.41773592865e-09, 9.34462150326e-06, 0.000172517466126, 7.72347945599e-08, 1.25017841128e-05, 2.49975491897e-05, 7.99010831543e-06, 6.94089976605e-08, 2.7006453962e-08, 7.5402066535e-11, 1.28736570015e-11, 7.87201629836e-13, 2.40294145692e-10, 2.93865680488e-13, 6.15113699993e-13, 7.84802859635e-14, 1.1739544612e-13, 1.20277399152e-12, 1.59609163993e-12, 4.59084051156e-13, 4.96118825275e-13, 6.16541648464e-13, 1.72786305121e-13, 1.74063118519e-12, 9.11361965576e-15],
        "max": [6.59909346723e-06, 3.07091322611e-05, 0.000147713755723, 0.0153811005875, 0.0708671808243, 0.00100608449429, 0.0255866646767, 0.0247124452144, 0.0255983583629, 0.00111389474478, 0.0016785140615, 5.14342282258e-05, 1.85696590052e-05, 5.14980911248e-06, 0.000149300569319, 2.43881891038e-06, 4.05391574532e-06, 2.63406741396e-06, 1.76494336301e-06, 3.76248044631e-06, 4.47783986601e-06, 2.44193711296e-06, 2.26844349527e-06, 2.94663163913e-06, 1.47060677591e-06, 3.78920071853e-06, 3.33380995698e-07],
        "mean": [2.89412895427e-07, 4.1346161197e-06, 9.65014260146e-06, 0.00120784947649, 0.00607656314969, 0.000184432094102, 0.00697645684704, 0.00446072546765, 0.00487952725962, 0.000259576801909, 0.000319852289977, 6.65718653181e-06, 4.69221458843e-06, 1.39180849601e-06, 3.11923176923e-05, 3.82572721946e-07, 8.87361977675e-07, 4.54116673154e-07, 2.36104568785e-07, 5.61328874937e-07, 2.41275955659e-07, 9.4716696708e-08, 1.02874743391e-07, 1.00911279333e-07, 7.03303655314e-08, 1.67013581631e-07, 5.29294013063e-08],
        "median": [8.57905888552e-08, 1.62392404945e-06, 1.28257261167e-06, 2.99827461276e-05, 0.000184502292541, 0.000148774386616, 0.000148698745761, 0.00184257607907, 8.29264099593e-05, 0.000121329940157, 6.01032006671e-05, 3.11303324452e-06, 1.57602073614e-06, 1.14495924208e-06, 1.90199207282e-05, 2.70206385267e-07, 5.33244815415e-07, 1.86088115584e-07, 1.26237480913e-07, 2.69994529845e-07, 1.1929223831e-07, 3.55694567133e-08, 2.37292940852e-08, 2.40617232805e-08, 2.2816312395e-08, 2.89684933819e-08, 3.76595217233e-08],
        "min": [3.93790999809e-09, 8.04984878755e-08, 1.25881371105e-07, 4.4633011953e-07, 1.00149773061e-05, 3.61599109056e-06, 4.04479214922e-05, 9.46821614889e-07, 1.46950378621e-06, 1.80346410161e-06, 9.96677158582e-07, 2.84470388578e-07, 9.91274617945e-08, 8.67192539999e-09, 5.19354841799e-07, 3.66553116748e-08, 1.6130321967e-07, 2.04721839481e-08, 2.36399007036e-08, 5.59471153849e-08, 1.8554761283e-08, 1.16345137968e-08, 9.31990395969e-09, 9.23052834167e-09, 5.04883646002e-09, 5.35808730717e-09, 4.67786742675e-09],
        "var": [8.64646353647e-13, 4.21178647514e-11, 7.87526266421e-10, 1.02818785308e-05, 0.000251413119258, 2.5863881703e-08, 9.65303843259e-05, 4.09894819313e-05, 7.42619522498e-05, 9.94471847093e-08, 2.14976580537e-07, 1.15857580474e-10, 2.74188848709e-11, 1.12586947144e-12, 8.35897739915e-10, 1.54444369078e-13, 7.14991434114e-13, 3.07121759665e-13, 1.13237856049e-13, 4.13855364909e-13, 3.16942164787e-13, 9.52424513497e-14, 1.17347565042e-13, 1.43450125368e-13, 3.99551912552e-14, 3.75739207543e-13, 3.34977474903e-15]
    },
    "erbbands": {
        "dmean": [0.000113363312266, 0.00128267973196, 0.0192019026726, 0.850294649601, 11.6130714417, 4.45458745956, 0.457981735468, 0.682154715061, 4.67811250687, 31.3043842316, 53.43592453, 17.211019516, 2.64717316628, 2.2614710331, 2.51621866226, 0.178420305252, 0.0910440534353, 0.0371918603778, 0.103526882827, 0.353231906891, 0.0267314203084, 0.0200583059341, 0.00773775065318, 0.00685026077554, 0.00544822821394, 0.0127832423896, 0.0102243814617, 0.00499013578519, 0.00319844856858, 0.00551504921168, 0.003019166179, 0.00274848961271, 0.00191137008369, 0.000741452502552, 0.000646133266855, 0.000886306515895, 0.000528902222868, 3.81960308005e-05, 7.66679204389e-06, 7.24498613636e-06],
        "dmean2": [0.000196141190827, 0.00196030247025, 0.0273072402924, 1.24930369854, 16.876625061, 7.39667797089, 0.798560798168, 1.214235425, 6.11757898331, 37.8159980774, 79.0632171631, 23.4565906525, 3.99004530907, 2.96570611, 3.03168201447, 0.258657097816, 0.138688638806, 0.0543678104877, 0.182131066918, 0.38001281023, 0.0292627643794, 0.0272870268673, 0.0104285795242, 0.0117265153676, 0.00935391522944, 0.0211282726377, 0.0187099501491, 0.00900636147708, 0.00553797371686, 0.0103894183412, 0.00525947799906, 0.00488564604893, 0.00350077520125, 0.00131347472779, 0.0011628709035, 0.00163690291811, 0.000988947111182, 6.47196138743e-05, 1.30168555188e-05, 1.04523187474e-05],
        "dvar": [3.37160273034e-08, 4.36849222751e-06, 0.00211710040458, 8.10554027557, 1617.36828613, 182.398956299, 0.980956614017, 1.69541597366, 120.128372192, 5896.58105469, 11083.3154297, 1549.10461426, 25.7005558014, 6.36463689804, 14.594956398, 0.0807698816061, 0.0126902488992, 0.00133633636869, 0.141989558935, 0.137862965465, 0.000753875705414, 0.000864635803737, 0.000149598548887, 0.000155528439791, 0.000170780404005, 0.000994837610051, 0.00124377128668, 0.000328247318976, 0.000122176817968, 0.000338257435942, 0.000114375499834, 0.000110890505312, 5.94153534621e-05, 6.54316863802e-06, 4.93017660119e-06, 8.89738475962e-06, 3.47879927176e-06, 1.07266640015e-08, 2.39554265313e-10, 1.59061361305e-10],
        "dvar2": [8.35713862557e-08, 8.19906836114e-06, 0.00442283786833, 17.2116947174, 3156.5456543, 437.834869385, 2.47938203812, 4.98524188995, 147.507781982, 6223.24267578, 23971.5175781, 2139.95483398, 59.4231033325, 12.0482225418, 17.2673988342, 0.150599300861, 0.0275345016271, 0.00301022990607, 0.4154509902, 0.188711568713, 0.00133784557693, 0.00208959938027, 0.000298224767903, 0.000372217880795, 0.000496458960697, 0.00297752721235, 0.00371579150669, 0.000944017025176, 0.000332027557306, 0.000963463331573, 0.000304097426124, 0.000309729366563, 0.000168043174199, 1.85886892723e-05, 1.39107069117e-05, 2.50741850323e-05, 9.87558178167e-06, 2.83411409896e-08, 6.74441613668e-10, 3.36192435002e-10],
        "max": [0.00121676060371, 0.0171031598002, 0.416678309441, 21.9386062622, 314.12878418, 99.2613601685, 5.63840436935, 8.91716861725, 80.9434204102, 566.994384766, 931.486450195, 378.476196289, 40.3781585693, 25.6190986633, 41.3792076111, 2.38922405243, 0.882586658001, 0.306828290224, 2.60181331635, 7.67674160004, 0.585718631744, 0.240105703473, 0.161622062325, 0.095294624567, 0.0827628672123, 0.18689365685, 0.212853893638, 0.111100226641, 0.071569301188, 0.0930115059018, 0.0673713162541, 0.0655167922378, 0.0472092069685, 0.0149299707264, 0.0132339503616, 0.0157495550811, 0.0103044807911, 0.000522808171809, 9.33018236537e-05, 9.28773879423e-05],
        "mean": [0.000161976524396, 0.0019459198229, 0.0339735969901, 1.83326160908, 26.9051818848, 8.03326702118, 0.57535213232, 1.93678581715, 22.9242801666, 155.594329834, 179.444381714, 76.9796905518, 10.1404886246, 7.48434400558, 8.00361919403, 0.557782351971, 0.226579174399, 0.136393725872, 0.207340419292, 1.99417209625, 0.148895904422, 0.05355200544, 0.0298740938306, 0.0145399607718, 0.00985834095627, 0.0260651875287, 0.0165493804961, 0.00615955609828, 0.00343659124337, 0.0041305902414, 0.00253358087502, 0.00225957506336, 0.0015614189906, 0.000715154164936, 0.000588347378653, 0.000649033754598, 0.00036788333091, 4.06504186685e-05, 1.91084654944e-05, 2.82426590275e-05],
        "median": [8.11039572e-05, 0.000572581833694, 0.00336454692297, 0.0643377527595, 0.731696069241, 0.318610161543, 0.105197995901, 2.0754327774, 3.78377771378, 15.835562706, 39.3875846863, 3.80776929855, 5.00523900986, 6.82373523712, 0.996055185795, 0.386285573244, 0.186104670167, 0.124927662313, 0.11034733057, 1.19794118404, 0.0865099132061, 0.0371381044388, 0.014033600688, 0.00779368402436, 0.0067390082404, 0.0125127155334, 0.0119057791308, 0.00326225953177, 0.00119610526599, 0.000929007364903, 0.000629082554951, 0.000533911515959, 0.000381258898415, 0.000219244859181, 0.000197880945052, 0.000133595836814, 7.05842976458e-05, 1.79133130587e-05, 1.66377649293e-05, 2.86476042675e-05],
        "min": [2.78051334135e-06, 3.04743825836e-05, 0.000295980484225, 0.00197922182269, 0.026345230639, 0.0318420641124, 0.0320585258305, 0.055415365845, 0.571357250214, 0.447558194399, 0.135025784373, 0.0414480417967, 0.0359324067831, 0.0757718607783, 0.0230242554098, 0.0184624623507, 0.016217444092, 0.0140225049108, 0.0179404821247, 0.0173845663667, 0.0102423168719, 0.0158437248319, 0.00210435781628, 0.00183353200555, 0.00168882706203, 0.00299387890846, 0.00122753274627, 0.000505513860844, 0.000435564725194, 0.000308160379063, 0.000250040844548, 0.000245498929871, 0.000120962184155, 6.41652950435e-05, 5.23957314726e-05, 3.30158327415e-05, 1.23484278447e-05, 2.67329187409e-06, 3.98768270315e-06, 1.45886451719e-06],
        "var": [5.13704563332e-08, 1.04516466308e-05, 0.00609275419265, 22.9905376434, 4966.1875, 437.240844727, 1.31222212315, 1.89571654797, 833.428283691, 45567.0625, 80740.625, 17520.1113281, 132.381744385, 46.3597793579, 132.894775391, 0.297470897436, 0.0432005226612, 0.00700175669044, 0.111623473465, 3.23508691788, 0.015954842791, 0.00220864429139, 0.00112384115346, 0.000356413569534, 0.000132002780447, 0.000875898462255, 0.000719497911632, 0.000199790723855, 8.61182415974e-05, 0.000201005968847, 8.00028865342e-05, 7.03407495166e-05, 3.65130727005e-05, 4.11817291024e-06, 3.09929896503e-06, 5.45300054e-06, 2.07940729524e-06, 7.92121213067e-09, 1.84734075259e-10, 4.42498870878e-10]
    },
    "gfcc": {
        "mean": [-214.475769043, 161.831390381, -105.609466553, -57.5672950745, -71.8208007812, -33.3367729187, -30.1342906952, -2.80263781548, -7.23840332031, -7.98130083084, -29.0389881134, -21.7870616913, -2.91606378555],
        "cov": [[862.073181152, -88.8500595093, 64.2484436035, -108.815834045, -253.542327881, 74.4390716553, 33.5901527405, 149.249740601, 93.9734039307, -4.89459896088, -201.859771729, -52.9642448425, -27.4665699005], [-88.8500595093, 627.597290039, 143.8203125, 107.018959045, 242.296524048, -142.889190674, 22.8546638489, -215.254928589, -82.0157699585, -296.796600342, -187.674377441, -229.829101562, 119.061637878], [64.2484436035, 143.8203125, 593.138305664, 569.180786133, 270.692443848, 1.92968034744, -142.86656189, -206.794631958, -167.656143188, -191.556655884, -132.1040802, -55.7177505493, -20.6009540558], [-108.815834045, 107.018959045, 569.180786133, 1166.57141113, 609.573303223, 45.4143447876, -278.875396729, -378.837921143, -443.489318848, -347.1612854, -298.920440674, -91.7951278687, 15.8057613373], [-253.542327881, 242.296524048, 270.692443848, 609.573303223, 479.085235596, -5.9565410614, -149.236022949, -283.91317749, -268.978393555, -249.431915283, -168.342544556, -90.8269348145, 48.5681610107], [74.4390716553, -142.889190674, 1.92968034744, 45.4143447876, -5.9565410614, 97.1938781738, -18.0602474213, 32.9758720398, -7.91829490662, 60.2786941528, 32.6823730469, 70.8405456543, -23.8828868866], [33.5901527405, 22.8546638489, -142.86656189, -278.875396729, -149.236022949, -18.0602474213, 101.984367371, 100.684432983, 121.280052185, 55.6035118103, 45.0557937622, -4.95987558365, 20.5798454285], [149.249740601, -215.254928589, -206.794631958, -378.837921143, -283.91317749, 32.9758720398, 100.684432983, 234.070251465, 188.375213623, 186.844482422, 90.0069961548, 72.8725967407, -23.9417819977], [93.9734039307, -82.0157699585, -167.656143188, -443.489318848, -268.978393555, -7.91829490662, 121.280052185, 188.375213623, 218.686416626, 145.984603882, 91.8196029663, 28.2281475067, -11.9536132812], [-4.89459896088, -296.796600342, -191.556655884, -347.1612854, -249.431915283, 60.2786941528, 55.6035118103, 186.844482422, 145.984603882, 300.13583374, 305.374328613, 200.537994385, -74.4072341919], [-201.859771729, -187.674377441, -132.1040802, -298.920440674, -168.342544556, 32.6823730469, 45.0557937622, 90.0069961548, 91.8196029663, 305.374328613, 490.325378418, 266.821502686, -74.3554840088], [-52.9642448425, -229.829101562, -55.7177505493, -91.7951278687, -90.8269348145, 70.8405456543, -4.95987558365, 72.8725967407, 28.2281475067, 200.537994385, 266.821502686, 199.306793213, -61.6511955261], [-27.4665699005, 119.061637878, -20.6009540558, 15.8057613373, 48.5681610107, -23.8828868866, 20.5798454285, -23.9417819977, -11.9536132812, -74.4072341919, -74.3554840088, -61.6511955261, 50.0565795898]],
        "icov": [[0.00396462529898, -0.00427135964856, -0.000275462080026, -0.000960631354246, 0.00590220652521, -0.00512686558068, 0.00241040205583, -0.00413946341723, 0.00218081846833, 0.00140535680111, 0.00325498334132, -0.00267554610036, 0.00553085329011], [-0.00427135964856, 0.0176736395806, -0.00514880754054, 0.00760856550187, -0.0110203484073, 0.00779417809099, -0.0113688390702, 0.0099318549037, 0.00519039109349, -0.000180156581337, -0.00845917128026, 0.0145939094946, -0.0186863671988], [-0.000275462080026, -0.00514880754054, 0.00918952282518, -0.00776681909338, 0.00299311312847, -0.00118117046077, 0.0102736409754, 0.000365475774743, -0.0170265827328, 0.0093787573278, -0.00168535718694, -0.0068763718009, 0.00971579458565], [-0.000960631354246, 0.00760856550187, -0.00776681909338, 0.0138903679326, -0.0085990941152, 0.000857508392073, -0.00471028359607, -0.0043829837814, 0.020481351763, 0.000607627385762, -0.00196447828785, 0.00737518910319, -0.00565450778231], [0.00590220652521, -0.0110203484073, 0.00299311312847, -0.0085990941152, 0.0257156006992, -0.010995907709, 0.0160830169916, 0.00571218738332, -0.00544823613018, -0.0013053965522, 0.00649060728028, -0.00833415612578, -0.00454415241256], [-0.00512686558068, 0.00779417809099, -0.00118117046077, 0.000857508392073, -0.010995907709, 0.0343755371869, -0.0188522823155, 0.0159119758755, -0.00336835719645, -0.0150123154745, 0.0150468321517, -0.023164531216, -0.0089760646224], [0.00241040205583, -0.0113688390702, 0.0102736409754, -0.00471028359607, 0.0160830169916, -0.0188522823155, 0.102957196534, -0.0305055938661, -0.0355019681156, 0.0387496612966, -0.0288064405322, 0.0127090374008, -0.0254549533129], [-0.00413946341723, 0.0099318549037, 0.000365475774743, -0.0043829837814, 0.00571218738332, 0.0159119758755, -0.0305055938661, 0.0829328969121, -0.0288314539939, -0.0515191406012, 0.0355057530105, -0.0283779520541, -0.0357787683606], [0.00218081846833, 0.00519039109349, -0.0170265827328, 0.020481351763, -0.00544823613018, -0.00336835719645, -0.0355019681156, -0.0288314539939, 0.0793986469507, -0.0146013572812, -0.00291343894787, 0.0299510974437, 0.0096789309755], [0.00140535680111, -0.000180156581337, 0.0093787573278, 0.000607627385762, -0.0013053965522, -0.0150123154745, 0.0387496612966, -0.0515191406012, -0.0146013572812, 0.0927551239729, -0.0409191101789, 0.00166493246797, 0.0340573899448], [0.00325498334132, -0.00845917128026, -0.00168535718694, -0.00196447828785, 0.00649060728028, 0.0150468321517, -0.0288064405322, 0.0355057530105, -0.00291343894787, -0.0409191101789, 0.0499862246215, -0.0513849519193, 0.000983415753581], [-0.00267554610036, 0.0145939094946, -0.0068763718009, 0.00737518910319, -0.00833415612578, -0.023164531216, 0.0127090374008, -0.0283779520541, 0.0299510974437, 0.00166493246797, -0.0513849519193, 0.0976691395044, -0.0095122391358], [0.00553085329011, -0.0186863671988, 0.00971579458565, -0.00565450778231, -0.00454415241256, -0.0089760646224, -0.0254549533129, -0.0357787683606, 0.0096789309755, 0.0340573899448, 0.000983415753581, -0.0095122391358, 0.109403111041]]
    },
    "melbands": {
        "dmean": [8.80939580838e-07, 3.20987010127e-06, 0.000472508516395, 0.000698548043147, 1.41271057146e-05, 1.52356897161e-05, 0.000130704822368, 0.000294035911793, 0.000484822812723, 8.31020952319e-05, 1.35670161399e-05, 9.91954766505e-06, 1.33721687234e-05, 2.96284611068e-07, 2.90014753546e-07, 1.56429635467e-07, 7.25642266275e-08, 1.0812785689e-07, 4.85724456212e-07, 2.30628899089e-07, 1.55885171438e-08, 2.73724296562e-08, 9.76302594324e-09, 3.89015619717e-09, 6.37391872615e-09, 3.79428044539e-09, 6.93562940413e-09, 8.93204177288e-09, 6.65105703845e-09, 5.68694780156e-09, 2.23341012351e-09, 1.4894819822e-09, 2.56295895618e-09, 3.32138938575e-09, 1.67090297154e-09, 1.39935185661e-09, 1.79659176425e-09, 1.58462076794e-09, 7.45361661281e-10, 5.17056120142e-10],
        "dmean2": [1.53499240696e-06, 5.63377943763e-06, 0.000682475452777, 0.00106799998321, 2.67022460321e-05, 2.72944744211e-05, 0.000159136659931, 0.000365563406376, 0.00068699469557, 0.000104533297417, 2.19577032112e-05, 1.35257696456e-05, 1.59614355653e-05, 4.90990885282e-07, 4.24290703904e-07, 2.5529254799e-07, 1.05636686953e-07, 2.14485055494e-07, 5.91996411003e-07, 2.43642631403e-07, 2.29909797866e-08, 3.77957753983e-08, 1.41931959519e-08, 5.39120748044e-09, 1.09844684459e-08, 6.10098371823e-09, 1.25724701761e-08, 1.42637581746e-08, 1.17745386774e-08, 1.07180513353e-08, 3.8348977327e-09, 2.55491205969e-09, 4.7384687285e-09, 6.23660945109e-09, 2.89851964652e-09, 2.48532439073e-09, 3.16731063599e-09, 2.9219451303e-09, 1.31458122166e-09, 9.11042297158e-10],
        "dvar": [1.8591497699e-12, 6.73057790057e-11, 2.74797184829e-06, 5.29583485331e-06, 1.08993747361e-09, 7.94545262917e-10, 1.0418639107e-07, 4.68421347932e-07, 9.95711047835e-07, 3.61969192397e-08, 6.85618950502e-10, 1.21936613584e-10, 4.08754557979e-10, 3.80624839372e-13, 2.14524144976e-13, 5.71334971521e-14, 4.40228814841e-15, 2.37729676439e-13, 4.83947788527e-13, 6.61140657195e-14, 4.64057746884e-16, 1.77487484938e-15, 2.17046872308e-16, 2.15549784587e-17, 1.4837600545e-16, 5.10086979693e-17, 3.6207069193e-16, 3.89781718907e-16, 3.22403583145e-16, 4.95874051388e-16, 5.5908535415e-17, 2.32049341199e-17, 1.05900836861e-16, 1.20226744803e-16, 3.57847597413e-17, 2.71237684463e-17, 4.8017652579e-17, 4.13149088138e-17, 7.25060781876e-18, 2.7875008502e-18],
        "dvar2": [3.89813311838e-12, 1.30837965462e-10, 5.41346116734e-06, 1.12735460789e-05, 2.58327248481e-09, 2.31947239193e-09, 1.14742910284e-07, 5.06355092966e-07, 1.94241965801e-06, 4.68714134172e-08, 1.69942793171e-09, 2.7331747976e-10, 4.74554173735e-10, 6.89253829792e-13, 5.064916043e-13, 1.33621195705e-13, 1.16584632302e-14, 7.11203828035e-13, 1.01904758503e-12, 7.05555066953e-14, 8.40538375071e-16, 4.14482782541e-15, 4.65194412159e-16, 4.66428717835e-17, 3.59828622188e-16, 1.23292633495e-16, 1.08357780332e-15, 1.15363780422e-15, 9.64289094571e-16, 1.47561916791e-15, 1.53659929324e-16, 6.32132879951e-17, 3.04213656482e-16, 3.42098634416e-16, 9.45184676728e-17, 7.51116524494e-17, 1.3339661159e-16, 1.17048319842e-16, 2.05108912372e-17, 7.81215426684e-18],
        "max": [6.73013346386e-06, 4.31840235251e-05, 0.0127331959084, 0.0172439906746, 0.000168964616023, 0.00018501804152, 0.00238527893089, 0.00501586310565, 0.00899475067854, 0.00192879198585, 0.000160204115673, 9.34090203373e-05, 0.000220410831389, 5.13702752869e-06, 3.8236630644e-06, 1.89202762613e-06, 6.52112817079e-07, 2.84044517684e-06, 9.93580488284e-06, 5.42988573216e-06, 1.74640334194e-07, 3.51097099838e-07, 1.74706059397e-07, 6.90695145522e-08, 9.03178474232e-08, 4.82856989947e-08, 1.1277143841e-07, 1.16292163455e-07, 1.11224629507e-07, 1.29534186044e-07, 4.80212172249e-08, 3.15686925489e-08, 6.20703843879e-08, 4.91935949753e-08, 3.80206941486e-08, 3.25382529809e-08, 4.32923314975e-08, 3.91284977752e-08, 1.64386104728e-08, 9.5704422165e-09],
        "mean": [1.03757543002e-06, 3.43285637427e-06, 0.00110011966899, 0.00147780787665, 1.23695153889e-05, 3.86494466511e-05, 0.000655565061606, 0.00136606849264, 0.0017054954078, 0.000376134528778, 4.0872117097e-05, 3.08910457534e-05, 4.184698264e-05, 7.49076605189e-07, 6.49032017463e-07, 4.09948114566e-07, 2.22715215159e-07, 8.20555143832e-08, 2.19661046685e-06, 1.45235833315e-06, 3.49147875056e-08, 6.1726851186e-08, 3.26953397689e-08, 1.42154341631e-08, 1.21075185433e-08, 6.71465461011e-09, 1.11069047293e-08, 1.92278371003e-08, 1.28346551165e-08, 5.88126702894e-09, 2.69351740911e-09, 1.71794445336e-09, 2.07943107178e-09, 2.39892750109e-09, 1.40213940458e-09, 1.17682963374e-09, 1.46702894277e-09, 1.22002830061e-09, 6.83019196757e-10, 5.10651798624e-10],
        "median": [4.48356416882e-07, 6.97134908023e-07, 2.88741321128e-05, 4.67867030238e-05, 2.04811681215e-06, 3.27768684656e-05, 5.1969775086e-05, 7.9547506175e-05, 0.000108046049718, 1.13061660159e-05, 2.44141538133e-05, 2.97732440231e-05, 5.90509989706e-06, 4.31830358139e-07, 3.88274770557e-07, 1.67976253351e-07, 1.90022575453e-07, 1.76970136323e-08, 1.30690432343e-06, 9.01324881397e-07, 2.65947583955e-08, 3.16315578175e-08, 1.44370719823e-08, 9.83536185828e-09, 5.49343237566e-09, 2.82192647028e-09, 6.29331786683e-09, 7.9794189034e-09, 8.23966850305e-09, 2.82695178377e-09, 1.28628607765e-09, 6.37229324862e-10, 5.5245502617e-10, 5.12169751055e-10, 3.25838717119e-10, 2.99819613581e-10, 3.38009481515e-10, 2.63702143455e-10, 2.00483130097e-10, 1.60808893979e-10],
        "min": [2.44668356686e-08, 4.61048230704e-08, 8.52710059007e-07, 2.33729451793e-06, 2.10349185181e-07, 6.43046064397e-07, 9.54432107392e-06, 5.01575141243e-06, 1.05803117378e-07, 2.28963031645e-07, 2.92596062934e-08, 3.12425669335e-07, 1.01785303741e-07, 5.070081599e-08, 7.27628268749e-09, 1.48999799165e-08, 1.85811206421e-08, 5.83480908034e-09, 4.31665228007e-08, 8.74677041907e-09, 5.10447595303e-09, 9.60038448738e-09, 1.43743694725e-09, 9.24593290819e-10, 1.21420984378e-09, 4.90401608211e-10, 1.44560929893e-09, 1.81579939973e-09, 6.98997359994e-10, 4.1643202775e-10, 2.19447460204e-10, 2.27968921518e-10, 1.70510175423e-10, 1.59424959345e-10, 1.08460622428e-10, 1.15063875095e-10, 1.34505753757e-10, 7.34122068691e-11, 3.24763722859e-11, 3.81575777919e-11],
        "var": [2.37833841163e-12, 7.60439558545e-11, 8.32045043353e-06, 1.49511197378e-05, 1.00605590525e-09, 9.49712197773e-10, 7.74345835453e-07, 3.57273506779e-06, 8.49729622132e-06, 4.26605538451e-07, 2.18154583287e-09, 7.5200184968e-10, 3.76712971928e-09, 1.27654289049e-12, 5.38366009759e-13, 2.00218951119e-13, 2.18639939053e-14, 1.28373806268e-13, 3.85353944934e-12, 1.82144186886e-12, 1.08773472339e-15, 4.92351707229e-15, 1.40250264862e-15, 2.13246645755e-16, 3.3046286341e-16, 9.1427790032e-17, 2.47359349224e-16, 4.67173875218e-16, 2.40608311346e-16, 2.66764106422e-16, 3.85947816177e-17, 1.68056680322e-17, 6.25197665346e-17, 7.14134602796e-17, 2.53406168542e-17, 1.74664298317e-17, 3.08944348727e-17, 2.51612692081e-17, 4.57469425358e-18, 1.83832267782e-18]
    },
    "mfcc": {
        "mean": [-876.549194336, 206.289505005, 11.0117845535, -24.3534450531, -30.6321964264, -33.504989624, -26.8149585724, -15.2867803574, 11.6458377838, 6.29065656662, -18.7768993378, -6.69363451004, 3.38369727135],
        "cov": [[852.751159668, 179.479904175, -24.4676532745, -187.047653198, -272.765625, -101.313278198, -93.6700134277, 71.1701202393, 208.731307983, 157.926620483, 22.1340827942, -0.475817859173, -46.387336731], [179.479904175, 324.037963867, 29.6088657379, -209.614639282, -168.590362549, -103.69178772, -74.7134246826, 16.1082744598, 139.254547119, 84.1238327026, 10.4549379349, 16.6240158081, 2.99381875992], [-24.4676532745, 29.6088657379, 244.258163452, 207.583251953, 148.790969849, 81.3224029541, 0.190228268504, -22.1690387726, -75.3090820312, -73.8934783936, -44.8625907898, -57.4373435974, -90.4080123901], [-187.047653198, -209.614639282, 207.583251953, 628.783813477, 508.495819092, 259.382751465, 112.246734619, -43.7081184387, -159.026641846, -217.600585938, -196.81791687, -219.378372192, -304.35244751], [-272.765625, -168.590362549, 148.790969849, 508.495819092, 480.115356445, 248.989151001, 106.195343018, -47.8173141479, -161.132949829, -209.487762451, -167.845001221, -191.622909546, -231.679229736], [-101.313278198, -103.69178772, 81.3224029541, 259.382751465, 248.989151001, 163.715896606, 66.0417556763, -21.5837268829, -102.997329712, -116.327156067, -57.1107597351, -80.9624099731, -99.4334182739], [-93.6700134277, -74.7134246826, 0.190228268504, 112.246734619, 106.195343018, 66.0417556763, 60.068862915, -10.0303163528, -63.500541687, -53.1391143799, -14.9448871613, -8.04091453552, 3.57144188881], [71.1701202393, 16.1082744598, -22.1690387726, -43.7081184387, -47.8173141479, -21.5837268829, -10.0303163528, 46.1026725769, 78.5614776611, 35.5850982666, 16.9614906311, -4.73458003998, -32.3272094727], [208.731307983, 139.254547119, -75.3090820312, -159.026641846, -161.132949829, -102.997329712, -63.500541687, 78.5614776611, 257.859191895, 115.466140747, -25.7089767456, -48.5309829712, -132.904724121], [157.926620483, 84.1238327026, -73.8934783936, -217.600585938, -209.487762451, -116.327156067, -53.1391143799, 35.5850982666, 115.466140747, 137.146835327, 97.9289093018, 76.4831085205, 79.8499755859], [22.1340827942, 10.4549379349, -44.8625907898, -196.81791687, -167.845001221, -57.1107597351, -14.9448871613, 16.9614906311, -25.7089767456, 97.9289093018, 236.307800293, 186.221908569, 225.1612854], [-0.475817859173, 16.6240158081, -57.4373435974, -219.378372192, -191.622909546, -80.9624099731, -8.04091453552, -4.73458003998, -48.5309829712, 76.4831085205, 186.221908569, 217.303634644, 291.786987305], [-46.387336731, 2.99381875992, -90.4080123901, -304.35244751, -231.679229736, -99.4334182739, 3.57144188881, -32.3272094727, -132.904724121, 79.8499755859, 225.1612854, 291.786987305, 471.874633789]],
