{
"lowlevel": {
    "average_loudness": 0.968425452709,
    "barkbands_crest": {
        "dmean": 2.40347695351,
        "dmean2": 4.16996574402,
        "dvar": 3.41595578194,
        "dvar2": 9.86305046082,
        "max": 14.482008934,
        "mean": 8.11437988281,
        "median": 7.83955764771,
        "min": 3.55418562889,
        "var": 5.6023979187
    },
    "barkbands_flatness_db": {
        "dmean": 0.0135628888384,
        "dmean2": 0.0240993592888,
        "dvar": 0.00010744734027,
        "dvar2": 0.000276932492852,
        "max": 0.123155981302,
        "mean": 0.0776009559631,
        "median": 0.0773808285594,
        "min": 0.0389313027263,
        "var": 0.000267102906946
    },
    "barkbands_kurtosis": {
        "dmean": 1.21846020222,
        "dmean2": 2.17870235443,
        "dvar": 1.30349290371,
        "dvar2": 3.93633532524,
        "max": 5.96610832214,
        "mean": 0.624409496784,
        "median": 0.273965835571,
        "min": -1.75194084644,
        "var": 2.24635863304
    },
    "barkbands_skewness": {
        "dmean": 0.39981558919,
        "dmean2": 0.698068916798,
        "dvar": 0.114947631955,
        "dvar2": 0.32469522953,
        "max": 2.60766005516,
        "mean": 1.35732126236,
        "median": 1.33858668804,
        "min": -0.449498414993,
        "var": 0.251221984625
    },
    "barkbands_spread": {
        "dmean": 9.69749832153,
        "dmean2": 17.1637954712,
        "dvar": 57.6250648499,
        "dvar2": 161.643280029,
        "max": 108.623703003,
        "mean": 66.4975967407,
        "median": 65.4558486938,
        "min": 29.9394493103,
        "var": 276.999725342
    },
    "dissonance": {
        "dmean": 0.00865301582962,
        "dmean2": 0.0143366055563,
        "dvar": 5.6397235312e-05,
        "dvar2": 0.000124707381474,
        "max": 0.499936848879,
        "mean": 0.48345220089,
        "median": 0.484466940165,
        "min": 0.407754093409,
        "var": 8.22323709144e-05
    },
    "dynamic_complexity": 1.89794385433,
    "erbbands_crest": {
        "dmean": 1.1461045742,
        "dmean2": 1.99099242687,
        "dvar": 1.06909275055,
        "dvar2": 3.15563035011,
        "max": 11.4213981628,
        "mean": 5.25957489014,
        "median": 5.11886072159,
        "min": 2.77049612999,
        "var": 1.21585690975
    },
    "erbbands_flatness_db": {
        "dmean": 0.00616884371266,
        "dmean2": 0.0105488123372,
        "dvar": 4.18909912696e-05,
        "dvar2": 0.000101176912722,
        "max": 0.138331919909,
        "mean": 0.0642709732056,
        "median": 0.0630654022098,
        "min": 0.0439905449748,
        "var": 0.000137694863952
    },
    "erbbands_kurtosis": {
        "dmean": 0.15552175045,
        "dmean2": 0.258778631687,
        "dvar": 0.0418876409531,
        "dvar2": 0.109387241304,
        "max": 0.817538976669,
        "mean": -1.28891766071,
        "median": -1.34850716591,
        "min": -1.58946537971,
        "var": 0.0628990381956
    },
    "erbbands_skewness": {
        "dmean": 0.225224196911,
        "dmean2": 0.367444962263,
        "dvar": 0.0474149473011,
        "dvar2": 0.139773204923,
        "max": 0.565225541592,
        "mean": -0.13376276195,
        "median": -0.106755115092,
        "min": -1.3024418354,
        "var": 0.0685014724731
    },
    "erbbands_spread": {
        "dmean": 5.16581249237,
        "dmean2": 8.39979743958,
        "dvar": 17.7038078308,
        "dvar2": 41.776714325,
        "max": 90.3592758179,
        "mean": 71.6393203735,
        "median": 72.1992263794,
        "min": 29.15102005,
        "var": 88.654548645
    },
    "hfc": {
        "dmean": 35.3890266418,
        "dmean2": 64.3700866699,
        "dvar": 39576.9179688,
        "dvar2": 111573.429688,
        "max": 2419.99829102,
        "mean": 122.906448364,
        "median": 107.749298096,
        "min": 9.84323406219,
        "var": 24501.4042969
    },
    "melbands_crest": {
        "dmean": 3.90412068367,
        "dmean2": 6.82265233994,
        "dvar": 9.16656017303,
        "dvar2": 28.1985721588,
        "max": 25.6702423096,
        "mean": 13.2309703827,
        "median": 12.9196462631,
        "min": 4.19250154495,
        "var": 13.4784193039
    },
    "melbands_flatness_db": {
        "dmean": 0.0226633958519,
        "dmean2": 0.039368275553,
        "dvar": 0.000312116928399,
        "dvar2": 0.000819851993583,
        "max": 0.244395822287,
        "mean": 0.174133434892,
        "median": 0.175256729126,
        "min": 0.0644086971879,
        "var": 0.000757406814955
    },
    "melbands_kurtosis": {
        "dmean": 6.78023433685,
        "dmean2": 11.9457626343,
        "dvar": 35.5216789246,
        "dvar2": 98.0002059937,
        "max": 55.9532432556,
        "mean": 18.5286827087,
        "median": 17.4036579132,
        "min": -1.02963376045,
        "var": 72.6854171753
    },
    "melbands_skewness": {
        "dmean": 0.651791036129,
        "dmean2": 1.13105034828,
        "dvar": 0.264659672976,
        "dvar2": 0.69548368454,
        "max": 6.53840398788,
        "mean": 3.81312632561,
        "median": 3.82205963135,
        "min": 0.570164561272,
        "var": 0.698013424873
    },
    "melbands_spread": {
        "dmean": 6.65600156784,
        "dmean2": 11.4510660172,
        "dvar": 57.7459907532,
        "dvar2": 149.249938965,
        "max": 83.3228607178,
        "mean": 21.3105144501,
        "median": 19.5910053253,
        "min": 7.44134569168,
        "var": 84.9920959473
    },
    "pitch_salience": {
        "dmean": 0.0639446899295,
        "dmean2": 0.108108229935,
        "dvar": 0.00280365766957,
        "dvar2": 0.00805310718715,
        "max": 0.934067606926,
        "mean": 0.685657560825,
        "median": 0.692026972771,
        "min": 0.462068617344,
        "var": 0.00459712836891
    },
    "silence_rate_20dB": {
        "dmean": 0.00769230769947,
        "dmean2": 0.0154440151528,
        "dvar": 0.00763309653848,
        "dvar2": 0.0152054075152,
        "max": 1,
        "mean": 0.992337167263,
        "median": 1,
        "min": 0,
        "var": 0.00760416174307
    },
    "silence_rate_30dB": {
        "dmean": 0.0153846153989,
        "dmean2": 0.0308880303055,
        "dvar": 0.0151479849592,
        "dvar2": 0.0376556180418,
        "max": 1,
        "mean": 0.980842888355,
        "median": 1,
        "min": 0,
        "var": 0.0187902450562
    },
    "silence_rate_60dB": {
        "dmean": 0,
        "dmean2": 0,
        "dvar": 0,
        "dvar2": 0,
        "max": 0,
        "mean": 0,
        "median": 0,
        "min": 0,
        "var": 0
    },
    "spectral_centroid": {
        "dmean": 281.172271729,
        "dmean2": 464.480957031,
        "dvar": 64259.1640625,
        "dvar2": 186064.890625,
        "max": 3173.6730957,
        "mean": 1963.63781738,
        "median": 1913.62939453,
        "min": 1047.76660156,
        "var": 127030.890625
    },
    "spectral_complexity": {
        "dmean": 3.59999990463,
        "dmean2": 5.95366811752,
        "dvar": 18.6861629486,
        "dvar2": 37.248840332,
        "max": 60,
        "mean": 27.1877403259,
        "median": 26,
        "min": 6,
        "var": 99.777130127
    },
    "spectral_decrease": {
        "dmean": 4.05974454054e-09,
        "dmean2": 7.23354443011e-09,
        "dvar": 1.92890816142e-16,
        "dvar2": 5.2483341964e-16,
        "max": -6.37895736233e-10,
        "mean": -7.82549935963e-09,
        "median": -5.7230780115e-09,
        "min": -1.78067850243e-07,
        "var": 1.55851507961e-16
    },
    "spectral_energy": {
        "dmean": 0.0178090725094,
        "dmean2": 0.0318271070719,
        "dvar": 0.00495085306466,
        "dvar2": 0.0135973738506,
        "max": 0.891570806503,
        "mean": 0.0406832359731,
        "median": 0.0314232185483,
        "min": 0.00637945905328,
        "var": 0.00370272551663
    },
    "spectral_energyband_high": {
        "dmean": 0.00193368084729,
        "dmean2": 0.00346828298643,
        "dvar": 0.000135027425131,
        "dvar2": 0.000372758950107,
        "max": 0.140813097358,
        "mean": 0.00493324734271,
        "median": 0.003856129013,
        "min": 0.000548971118405,
        "var": 8.54616082506e-05
    },
    "spectral_energyband_low": {
        "dmean": 0.00799139030278,
        "dmean2": 0.0141606489196,
        "dvar": 5.76184065721e-05,
        "dvar2": 0.000170131679624,
        "max": 0.0421495661139,
        "mean": 0.0137742962688,
        "median": 0.0107344416901,
        "min": 0.000664080202114,
        "var": 0.000104044891486
    },
    "spectral_energyband_middle_high": {
        "dmean": 0.00600288948044,
        "dmean2": 0.0109856529161,
        "dvar": 0.00186004873831,
        "dvar2": 0.00526134669781,
        "max": 0.511117756367,
        "mean": 0.00616009300575,
        "median": 0.00229332572781,
        "min": 0.000498423469253,
        "var": 0.00117258634418
    },
    "spectral_energyband_middle_low": {
        "dmean": 0.00541794439778,
        "dmean2": 0.00882735941559,
        "dvar": 0.000263294641627,
        "dvar2": 0.000693548179697,
        "max": 0.22732834518,
        "mean": 0.0149583443999,
        "median": 0.0122291399166,
        "min": 0.00180091953371,
        "var": 0.0003039354051
    },
    "spectral_entropy": {
        "dmean": 0.0623946413398,
        "dmean2": 0.103790178895,
        "dvar": 0.00216225837357,
        "dvar2": 0.00575616490096,
        "max": 8.21203231812,
        "mean": 7.97309112549,
        "median": 7.96590137482,
        "min": 7.735247612,
        "var": 0.00763920275494
    },
    "spectral_flux": {
        "dmean": 0.022611701861,
        "dmean2": 0.0361765213311,
        "dvar": 0.00280935899355,
        "dvar2": 0.00525670452043,
        "max": 0.760667741299,
        "mean": 0.10923807323,
        "median": 0.096397086978,
        "min": 0.0570229589939,
        "var": 0.00474185543135
    },
    "spectral_kurtosis": {
        "dmean": 0.450070798397,
        "dmean2": 0.747153222561,
        "dvar": 0.237996011972,
        "dvar2": 0.677029192448,
        "max": 10.4705486298,
        "mean": 6.85502099991,
        "median": 6.80481529236,
        "min": 5.33323097229,
        "var": 0.31812748313
    },
    "spectral_rms": {
        "dmean": 0.000965612300206,
        "dmean2": 0.00166850269306,
        "dvar": 3.61837624041e-06,
        "dvar2": 8.9969516921e-06,
        "max": 0.0294927991927,
        "mean": 0.00588961923495,
        "median": 0.00553685845807,
        "min": 0.0024947670754,
        "var": 5.00332316733e-06
    },
    "spectral_rolloff": {
        "dmean": 3368.37329102,
        "dmean2": 6254.35742188,
        "dvar": 19931068,
        "dvar2": 56258708,
        "max": 20779.5410156,
        "mean": 10659.09375,
        "median": 8548.68164062,
        "min": 495.263671875,
        "var": 52149060
    },
    "spectral_skewness": {
        "dmean": 0.0712087675929,
        "dmean2": 0.117691114545,
        "dvar": 0.0100418915972,
        "dvar2": 0.0246707480401,
        "max": 2.31612586975,
        "mean": 1.81113672256,
        "median": 1.81856501102,
        "min": 1.28206717968,
        "var": 0.0114612346515
    },
    "spectral_spread": {
        "dmean": 315769.71875,
        "dmean2": 517501.46875,
        "dvar": 77400498176,
        "dvar2": 177888395264,
        "max": 8220964.5,
        "mean": 6677971.5,
        "median": 6729977,
        "min": 4035473,
        "var": 551662321664
    },
    "spectral_strongpeak": {
        "dmean": 0.303764045238,
        "dmean2": 0.563499569893,
        "dvar": 2.82890343666,
        "dvar2": 8.40496826172,
        "max": 20.4362106323,
        "mean": 0.34928894043,
        "median": 0.216428399086,
        "min": 0,
        "var": 1.59290337563
    },
    "zerocrossingrate": {
        "dmean": 0.023638445884,
        "dmean2": 0.0298473704606,
        "dvar": 0.000468638463644,
        "dvar2": 0.000617006153334,
        "max": 0.4345703125,
        "mean": 0.245652243495,
        "median": 0.23779296875,
        "min": 0.03271484375,
        "var": 0.0039072195068
    },
    "barkbands": {
        "dmean": [0.000797898566816, 0.00511610461399, 0.00373580399901, 0.00180211267434, 0.00244602560997, 0.00102312327363, 0.000852222845424, 0.00103751255665, 0.000753383210395, 0.000593580480199, 0.000334835407557, 0.000201155940886, 0.000306175177684, 0.000290142343147, 0.000330061768182, 0.000104912927782, 0.000201562637812, 0.000235074010561, 0.00357332965359, 0.00116097135469, 0.000655995099805, 0.000183228345122, 0.000129676613142, 0.000139787822263, 6.76173076499e-05, 9.60988618317e-05, 0.000344812666299],
        "dmean2": [0.00148724915925, 0.00903093256056, 0.00649856729433, 0.00297760916874, 0.0041134711355, 0.00165037531406, 0.0014610751532, 0.00183681410272, 0.00136011827271, 0.00114720722195, 0.000539758068044, 0.000328618858475, 0.000527920550667, 0.000518185202964, 0.00059283367591, 0.000161389121786, 0.000356369797373, 0.000420888216468, 0.0066652786918, 0.0020956157241, 0.00115417491179, 0.000337676698109, 0.000234499762882, 0.000266775343334, 0.000123856589198, 0.000174545508344, 0.000574966717977],
        "dvar": [8.37505467643e-07, 2.82383971353e-05, 1.74007363967e-05, 8.32906789583e-06, 7.46475961932e-06, 5.50890035811e-06, 3.8746620703e-06, 2.40261160798e-05, 1.72654727066e-05, 1.23461859403e-05, 2.00669478545e-06, 8.15182886527e-07, 4.30675072494e-06, 3.99155624109e-06, 6.64573462927e-06, 1.81419252954e-07, 1.1417356518e-06, 2.03947661248e-06, 0.000657569093164, 4.37167873315e-05, 1.49071156557e-05, 1.41594068737e-06, 6.15786007074e-07, 9.48002764289e-07, 1.43797038277e-07, 3.09882722149e-07, 1.00134066372e-07],
        "dvar2": [2.54979022429e-06, 8.19095075713e-05, 5.56198574486e-05, 2.06990371225e-05, 1.72471573023e-05, 1.40660595207e-05, 1.00751231003e-05, 6.78179858369e-05, 4.87329998577e-05, 3.69114313798e-05, 4.00504859499e-06, 2.09359745895e-06, 1.1759147128e-05, 1.12757679744e-05, 1.89583624888e-05, 4.0050986172e-07, 3.15356214742e-06, 5.61612432648e-06, 0.00188216310926, 0.000123042060295, 4.01392353524e-05, 4.05475293519e-06, 1.71272108673e-06, 2.75193792731e-06, 4.11087995644e-07, 9.00164820905e-07, 2.23751968065e-07],
        "max": [0.00638049608096, 0.0336183160543, 0.0251827575266, 0.0246539823711, 0.0449972487986, 0.0352364331484, 0.0244260057807, 0.0591524355114, 0.0504779219627, 0.0370612256229, 0.0206581540406, 0.0126716922969, 0.0271820612252, 0.0250600799918, 0.0326355062425, 0.00635913666338, 0.0121319284663, 0.0172900669277, 0.286229610443, 0.0758330225945, 0.0485404543579, 0.0137142743915, 0.00930902268738, 0.0102067068219, 0.00432114303112, 0.00690959393978, 0.00459755212069],
        "mean": [0.000792776292656, 0.00751795107499, 0.00439998647198, 0.00204970128834, 0.00680391304195, 0.00196716981009, 0.00194416882005, 0.00136133923661, 0.000758114387281, 0.000529551121872, 0.000457376678241, 0.00027586214128, 0.000327491783537, 0.000307205860736, 0.000331947143422, 0.000172137166373, 0.000211968334042, 0.000238091219217, 0.00270401197486, 0.00139811134432, 0.000844096939545, 0.000223558876314, 0.000170415369212, 0.000150034378748, 0.000134241767228, 0.000283914618194, 0.00276860338636],
        "median": [0.000513516599312, 0.00562582211569, 0.00279946997762, 0.00115801289212, 0.00577366305515, 0.00137643702328, 0.00144655804615, 0.000792207545601, 0.000372943817638, 0.000153022527229, 0.000137132999953, 0.00012018072448, 0.00011192211241, 0.000140400356031, 0.000135230831802, 0.000101832556538, 0.000107571315311, 0.000108927444671, 0.000770113081671, 0.0007303688908, 0.000470611354103, 0.000120483557112, 0.000101914309198, 8.19814304123e-05, 0.00010687631584, 0.000254764803685, 0.0027446905151],
        "min": [9.05875458557e-06, 0.000219023058889, 2.27231284953e-05, 1.42484295793e-05, 0.000416077382397, 0.000139899930218, 0.000288769981125, 7.89044497651e-05, 2.04027637665e-05, 1.54657045641e-05, 1.33103976623e-05, 1.37172346513e-05, 1.71386418515e-05, 1.52181173689e-05, 2.91650067084e-05, 1.65261735674e-05, 1.93950581888e-05, 2.91569012916e-05, 0.000131330773002, 0.000193110987311, 0.000128738640342, 3.48858775396e-05, 2.92456770694e-05, 8.50015567266e-06, 3.81173776987e-06, 1.03999727799e-05, 6.32371593383e-05],
        "var": [7.51751997541e-07, 4.43858371e-05, 1.97368863155e-05, 8.92025036592e-06, 2.96175003314e-05, 7.79851507104e-06, 4.5920296543e-06, 1.55001180246e-05, 1.08121093945e-05, 7.26644702809e-06, 3.12421843773e-06, 7.82584379522e-07, 3.04255058836e-06, 2.51806977758e-06, 4.13940961153e-06, 2.20764164283e-07, 7.53063659431e-07, 1.30513240038e-06, 0.00038150860928, 2.76461778412e-05, 9.91603337752e-06, 8.29917496503e-07, 3.85706670158e-07, 5.24195115759e-07, 8.34418472095e-08, 1.73114813151e-07, 1.38984347586e-07]
    },
    "erbbands": {
        "dmean": [0.20302131772, 1.03043162823, 3.73668479919, 5.29016304016, 7.41066360474, 9.74702644348, 6.84330749512, 9.45940494537, 10.4550695419, 22.7803344727, 21.5076694489, 17.6307144165, 9.11282348633, 24.9445781708, 12.1411075592, 7.81302261353, 16.2014026642, 9.74034690857, 21.6517715454, 11.4630966187, 7.1184720993, 10.6136550903, 12.2329530716, 125.817176819, 140.266052246, 58.3367271423, 48.640838623, 11.1110572815, 7.18545246124, 5.95744132996, 3.27374124527, 2.77121257782, 2.0909307003, 0.908825874329, 0.520402908325, 0.27489733696, 0.220905557275, 0.0972325056791, 0.0484523549676, 0.00771979568526],
        "dmean2": [0.355645000935, 1.8490780592, 6.58005809784, 9.11860084534, 11.9545278549, 16.5345573425, 11.5195074081, 14.9892339706, 17.6301727295, 38.3338813782, 39.9507141113, 32.2250976562, 15.3129463196, 48.1238708496, 19.8313426971, 12.6475229263, 28.2153682709, 16.6025371552, 39.5490913391, 20.2235603333, 11.472869873, 18.9196662903, 22.6252574921, 238.808837891, 257.516021729, 105.12525177, 86.0818023682, 19.9258155823, 13.2095870972, 10.834022522, 5.95260715485, 5.2107000351, 3.97504258156, 1.67523419857, 0.95322483778, 0.502752363682, 0.399094492197, 0.165074288845, 0.0808413401246, 0.0132694747299],
        "dvar": [0.0556095987558, 1.22125887871, 17.9040908813, 50.5865631104, 69.1564331055, 131.967086792, 68.2200393677, 436.820281982, 1144.54870605, 3083.65454102, 16508.3710938, 10231.0732422, 1439.1541748, 22144.1132812, 3168.46069336, 1523.97338867, 13856.2177734, 2798.39672852, 32128.1738281, 6085.00683594, 1297.42089844, 3291.83740234, 7012.68945312, 896722.75, 921592.6875, 119130.25, 77673.859375, 4810.64453125, 2296.04394531, 1321.14929199, 391.670837402, 347.014923096, 201.93913269, 28.4781112671, 8.14392375946, 3.48952627182, 1.51049458981, 0.0362348333001, 0.00190360378474, 4.93259503855e-05],
        "dvar2": [0.151233062148, 3.64294743538, 57.3710136414, 128.966491699, 158.586135864, 328.493988037, 189.139419556, 1100.09094238, 2978.06762695, 8221.93457031, 47689.25, 29419.5253906, 3663.42797852, 66027.15625, 6085.36767578, 3970.21069336, 38280.7851562, 7468.52783203, 91509.6484375, 17117.4394531, 3267.1809082, 9203.78515625, 19939.46875, 2599838, 2608964.75, 336700.65625, 210230.765625, 13427.4023438, 6523.57714844, 3747.796875, 1098.10302734, 1000.08947754, 585.979553223, 81.589515686, 23.4815349579, 10.0575838089, 4.40462112427, 0.0962817370892, 0.00471531273797, 0.000122710072901],
        "max": [1.40099799633, 6.4814414978, 24.0875167847, 53.028717041, 124.16884613, 155.352218628, 75.1880722046, 313.068634033, 426.465423584, 761.098205566, 1505.43615723, 1213.40783691, 429.079742432, 1632.86035156, 813.81439209, 541.920349121, 1528.74121094, 697.994689941, 2243.45458984, 1013.20007324, 512.617980957, 638.079345703, 970.524169922, 10662.8886719, 10801.8916016, 3998.51904297, 3408.23168945, 863.984313965, 566.831298828, 415.076812744, 232.864547729, 196.418701172, 149.626495361, 58.8113250732, 33.255317688, 23.0569114685, 15.0535583496, 2.75861120224, 0.578210830688, 0.0892606824636],
        "mean": [0.302447140217, 1.36937296391, 4.6569943428, 6.65892124176, 17.7427883148, 22.0714931488, 13.2899608612, 19.1231880188, 16.7311019897, 49.2226829529, 23.4898643494, 18.2352581024, 10.9886598587, 22.915594101, 18.3241729736, 10.491944313, 16.4731330872, 12.7595643997, 20.4779338837, 13.5060243607, 10.58522892, 11.3217248917, 11.9273300171, 92.048538208, 115.155975342, 68.4840011597, 58.4977455139, 15.7812013626, 8.70685195923, 7.07973623276, 4.37378025055, 3.03888702393, 2.42801189423, 1.47321069241, 1.01419603825, 0.602626800537, 0.587559103966, 0.531883001328, 0.301629126072, 0.0545228272676],
        "median": [0.211683869362, 0.968906223774, 3.16611289978, 4.02827978134, 14.0041179657, 18.1079673767, 10.1947126389, 13.4616422653, 10.8257684708, 34.8806724548, 11.3999671936, 9.5539522171, 5.17334413528, 6.19679403305, 6.71854066849, 4.53424215317, 5.16833686829, 6.56257200241, 7.14824581146, 5.89403676987, 5.71164131165, 5.58596563339, 5.18911123276, 24.1544418335, 38.0370979309, 34.025592804, 30.775188446, 9.47491550446, 4.55795764923, 3.8999774456, 2.70400500298, 1.68037748337, 1.43622565269, 1.07196414471, 0.816901147366, 0.480407118797, 0.518412292004, 0.526985526085, 0.298455089331, 0.0546397902071],
        "min": [0.00469203619286, 0.0223288089037, 0.0466882511973, 0.345967143774, 0.755131661892, 1.41610229015, 0.870744049549, 1.59095680714, 1.97753500938, 4.80534696579, 1.42942118645, 0.525782048702, 0.554149389267, 0.613244473934, 0.856008052826, 0.781450927258, 0.873982787132, 1.13223695755, 1.42729687691, 1.61221635342, 0.861283838749, 1.02136385441, 1.70767521858, 6.71602916718, 6.43180990219, 8.87397766113, 9.51334667206, 2.67245125771, 1.18113541603, 1.16323888302, 1.00498592854, 0.333315402269, 0.058337520808, 0.0381153970957, 0.0308275613934, 0.0290704611689, 0.0222824029624, 0.0127745307982, 0.00783990509808, 0.00124529364984],
        "var": [0.0857389718294, 1.53013002872, 20.406211853, 58.0791625977, 264.180419922, 287.477813721, 127.264831543, 695.268005371, 1078.70935059, 3313.72436523, 9514.95996094, 5980.09716797, 1242.34082031, 14142.9433594, 4681.18798828, 1405.46020508, 9504.57519531, 2090.17504883, 19566.5996094, 4107.26269531, 1212.65039062, 2126.08300781, 4156.83544922, 500422.4375, 554692.25, 74503.9296875, 51479.8085938, 2988.59667969, 1371.91296387, 785.889221191, 240.171524048, 195.841690063, 111.861824036, 16.3474388123, 4.6622209549, 1.98406517506, 0.833713889122, 0.0268350541592, 0.00247567542829, 6.16762699792e-05]
    },
    "gfcc": {
        "mean": [78.9320526123, 33.3301353455, -51.9904060364, 19.3704967499, -31.6943016052, -25.2952251434, -8.58703708649, -6.33648061752, -19.0658397675, 4.83479785919, -5.36138248444, -11.0557880402, -8.87972259521],
        "cov": [[883.997070312, 180.633773804, -262.397399902, -4.99461746216, -63.183467865, 60.1666755676, 63.2438316345, 17.9577350616, -46.8747177124, -11.0845537186, -5.06133890152, -3.33563613892, -19.7265930176], [180.633773804, 117.101966858, -31.5520801544, 5.88370132446, 5.2617855072, 22.9854183197, 30.191783905, -5.23515129089, -8.71057701111, -3.91160225868, -1.83101069927, 6.23258495331, -2.86437439919], [-262.397399902, -31.5520801544, 169.142181396, 48.2909469604, 49.1430206299, -12.9103422165, -18.4299716949, -1.57627141476, 18.1684970856, 13.381362915, 6.49544477463, -4.88417625427, 7.23263597488], [-4.99461746216, 5.88370132446, 48.2909469604, 51.5848922729, 21.2167568207, 3.20603585243, 3.9611427784, 7.11397600174, 7.20286083221, 10.1699781418, 6.14485788345, 0.101178683341, -1.57681524754], [-63.183467865, 5.2617855072, 49.1430206299, 21.2167568207, 37.114364624, 12.5934886932, 9.11355495453, 5.47206830978, 10.9290113449, 11.4184465408, 5.93256950378, 2.30687785149, 4.33984041214], [60.1666755676, 22.9854183197, -12.9103422165, 3.20603585243, 12.5934886932, 34.267490387, 30.7870140076, 13.7123556137, 4.68070173264, 6.25502443314, 3.19162559509, 1.77933454514, -1.42173826694], [63.2438316345, 30.191783905, -18.4299716949, 3.9611427784, 9.11355495453, 30.7870140076, 49.5315856934, 21.7707614899, 8.54710102081, 7.89282989502, 2.31311774254, 1.72205913067, -2.09891915321], [17.9577350616, -5.23515129089, -1.57627141476, 7.11397600174, 5.47206830978, 13.7123556137, 21.7707614899, 29.7086296082, 15.975315094, 7.014316082, 5.2537894249, 2.19817876816, 0.773353278637], [-46.8747177124, -8.71057701111, 18.1684970856, 7.20286083221, 10.9290113449, 4.68070173264, 8.54710102081, 15.975315094, 26.0932559967, 13.7767515182, 4.61076402664, 3.96537137032, 4.05046272278], [-11.0845537186, -3.91160225868, 13.381362915, 10.1699781418, 11.4184465408, 6.25502443314, 7.89282989502, 7.014316082, 13.7767515182, 23.8942012787, 12.6025304794, 4.33283567429, 5.21254873276], [-5.06133890152, -1.83101069927, 6.49544477463, 6.14485788345, 5.93256950378, 3.19162559509, 2.31311774254, 5.2537894249, 4.61076402664, 12.6025304794, 22.3895511627, 12.7009019852, 5.58737659454], [-3.33563613892, 6.23258495331, -4.88417625427, 0.101178683341, 2.30687785149, 1.77933454514, 1.72205913067, 2.19817876816, 3.96537137032, 4.33283567429, 12.7009019852, 21.338470459, 10.6120023727], [-19.7265930176, -2.86437439919, 7.23263597488, -1.57681524754, 4.33984041214, -1.42173826694, -2.09891915321, 0.773353278637, 4.05046272278, 5.21254873276, 5.58737659454, 10.6120023727, 18.9608154297]],
        "icov": [[0.00672720046714, -0.00884661078453, 0.00933434255421, -0.0084551749751, 0.00621536374092, -0.00743069546297, 0.00854658242315, -0.0121615994722, 0.0119032785296, -0.00794225558639, 0.000671246845741, 0.00716817425564, -0.00370803591795], [-0.00884661078453, 0.0258844736964, -0.00912081543356, 0.00572344195098, -0.010686465539, 0.00690865237266, -0.0227975435555, 0.0300886910409, -0.0176148377359, 0.0168677326292, -0.000943350663874, -0.0138227473944, 0.00501478323713], [0.00933434255421, -0.00912081543356, 0.0302422009408, -0.0208699386567, -0.0125399902463, -0.000395391136408, 0.0117042455822, -0.00994828436524, 0.00657059717923, -0.00157676893286, -0.00703024026006, 0.0215419866145, -0.0113512156531], [-0.0084551749751, 0.00572344195098, -0.0208699386567, 0.0454061254859, -0.0157920569181, 0.0140175838023, -0.00636777840555, -0.00268051330931, -0.00105262978468, -0.00651636859402, 0.00453843455762, -0.0167582798749, 0.0179331637919], [0.00621536374092, -0.010686465539, -0.0125399902463, -0.0157920569181, 0.08246268332, -0.0427463762462, 0.00903531163931, -0.00179339270107, 0.00115710182581, -0.0157164428383, 0.00214057019912, 0.00235671759583, -0.0105605972931], [-0.00743069546297, 0.00690865237266, -0.000395391136408, 0.0140175838023, -0.0427463762462, 0.0935203954577, -0.0467979982495, 0.00209172395989, -0.00189875031356, 0.00476475059986, -0.00370617210865, -0.00626044021919, 0.00985182076693], [0.00854658242315, -0.0227975435555, 0.0117042455822, -0.00636777840555, 0.00903531163931, -0.0467979982495, 0.079430654645, -0.0555843114853, 0.0265153720975, -0.0310053862631, 0.0173187963665, 0.00300548621453, 0.00201025675051], [-0.0121615994722, 0.0300886910409, -0.00994828436524, -0.00268051330931, -0.00179339270107, 0.00209172395989, -0.0555843114853, 0.125772446394, -0.0866151601076, 0.0576976910233, -0.0384202599525, 0.00898479670286, -0.00631678290665], [0.0119032785296, -0.0176148377359, 0.00657059717923, -0.00105262978468, 0.00115710182581, -0.00189875031356, 0.0265153720975, -0.0866151601076, 0.131413772702, -0.0827359631658, 0.049160502851, -0.0252982433885, 0.00753422919661], [-0.00794225558639, 0.0168677326292, -0.00157676893286, -0.00651636859402, -0.0157164428383, 0.00476475059986, -0.0310053862631, 0.0576976910233, -0.0827359631658, 0.131080314517, -0.077429883182, 0.0384044349194, -0.0245246905833], [0.000671246845741, -0.000943350663874, -0.00703024026006, 0.00453843455762, 0.00214057019912, -0.00370617210865, 0.0173187963665, -0.0384202599525, 0.049160502851, -0.077429883182, 0.124468535185, -0.0781280323863, 0.0241642314941], [0.00716817425564, -0.0138227473944, 0.0215419866145, -0.0167582798749, 0.00235671759583, -0.00626044021919, 0.00300548621453, 0.00898479670286, -0.0252982433885, 0.0384044349194, -0.0781280323863, 0.129254490137, -0.0597559846938], [-0.00370803591795, 0.00501478323713, -0.0113512156531, 0.0179331637919, -0.0105605972931, 0.00985182076693, 0.00201025675051, -0.00631678290665, 0.00753422919661, -0.0245246905833, 0.0241642314941, -0.0597559846938, 0.090553663671]]
    },
    "melbands": {
        "dmean": [0.00152535713278, 0.00160732539371, 0.000870993593708, 0.000606609566603, 0.000262958055828, 0.000206542710657, 0.0001562024554, 0.000242035210249, 0.000181947194505, 0.000100798570202, 4.46900339739e-05, 0.000106596053229, 4.37460839748e-05, 2.69646880042e-05, 2.62301182374e-05, 2.76955361187e-05, 1.79566141014e-05, 3.94166963815e-05, 2.01221355383e-05, 8.94997174328e-06, 9.8107411759e-06, 1.24285306811e-05, 6.22368452241e-06, 1.39851572385e-05, 0.000108362612082, 0.000158333830768, 3.98583761125e-05, 3.87109430449e-05, 4.01441393478e-05, 1.18966045193e-05, 4.77096227769e-06, 3.80092933483e-06, 4.02931982535e-06, 3.3293413253e-06, 2.30973682847e-06, 1.04138803181e-06, 2.08935830415e-06, 1.45318551859e-06, 1.32509376272e-06, 6.3755157953e-07],
        "dmean2": [0.00270613841712, 0.0028464528732, 0.00142908690032, 0.00099324004259, 0.000448212987976, 0.000327238172758, 0.000264500180492, 0.000406983948778, 0.000340920116287, 0.000180848888704, 7.48477177694e-05, 0.000205998221645, 7.11177708581e-05, 4.38302304246e-05, 4.35298316006e-05, 4.78680631204e-05, 3.01271757053e-05, 7.25079589756e-05, 3.71491150872e-05, 1.43826791827e-05, 1.6371241145e-05, 2.18852328544e-05, 1.13967407742e-05, 2.5373950848e-05, 0.000207186385524, 0.000289353250992, 7.27162550902e-05, 6.94589471095e-05, 7.1419912274e-05, 2.08274814213e-05, 8.54296376929e-06, 6.91859486324e-06, 7.51243578634e-06, 5.96277641307e-06, 4.19428351961e-06, 1.88039359728e-06, 3.97680287278e-06, 2.75626916846e-06, 2.49808363151e-06, 1.15755790375e-06],
        "dvar": [2.95224845104e-06, 3.15842180498e-06, 1.36956782626e-06, 4.9650998335e-07, 8.94261802387e-08, 2.50112208278e-07, 2.42663674044e-07, 4.28649940432e-07, 1.30430976242e-06, 2.71699633458e-07, 3.35562333476e-08, 4.08219818837e-07, 3.53517322083e-08, 1.58600315103e-08, 2.59374584033e-08, 3.39241879033e-08, 7.21458848219e-09, 1.05323728405e-07, 2.20802292006e-08, 1.7095735938e-09, 2.57918575386e-09, 4.22403312328e-09, 1.12878262293e-09, 8.81904593797e-09, 6.70930205615e-07, 1.15689942959e-06, 5.10204216653e-08, 4.93089054032e-08, 4.72282266628e-08, 5.36842792442e-09, 8.22361623243e-10, 5.43444012013e-10, 7.38462568872e-10, 3.60521223985e-10, 1.92426199974e-10, 3.41413217142e-11, 2.05895550609e-10, 8.84642081811e-11, 8.72957192644e-11, 9.97494968569e-12],
        "dvar2": [8.21342655399e-06, 1.02251487988e-05, 3.46580782207e-06, 1.15521152111e-06, 2.54530164057e-07, 6.36028460121e-07, 6.30942167845e-07, 1.1509550859e-06, 3.79603943657e-06, 7.6600332477e-07, 8.46336547511e-08, 1.22562266824e-06, 6.53715090948e-08, 3.94027672712e-08, 6.9955632398e-08, 9.29472676603e-08, 1.90875617534e-08, 3.0006151519e-07, 6.42675388463e-08, 3.96072818987e-09, 6.77101974489e-09, 1.16317000476e-08, 3.26881077761e-09, 2.46634872525e-08, 1.95681195692e-06, 3.25864198203e-06, 1.46819658653e-07, 1.38645603442e-07, 1.27204913269e-07, 1.48139953637e-08, 2.32489094643e-09, 1.53981816187e-09, 2.12906381414e-09, 1.00748009935e-09, 5.40208600075e-10, 9.47510056526e-11, 5.98593674628e-10, 2.56837523471e-10, 2.5303031892e-10, 2.85621509083e-11],
        "max": [0.00988553278148, 0.0109831709415, 0.0100077847019, 0.0109411021695, 0.00369172962382, 0.00751286512241, 0.00616618385538, 0.0087554268539, 0.0132820578292, 0.00635015964508, 0.00196083984338, 0.00687411846593, 0.0027438281104, 0.00174185738433, 0.00218625622801, 0.00240227091126, 0.00111559103243, 0.00404592137784, 0.00185536895879, 0.000592502299696, 0.000703776488081, 0.000749325728975, 0.000336877681548, 0.00114809628576, 0.00917783007026, 0.0119683276862, 0.00254528969526, 0.00257947831415, 0.00258436403237, 0.000928078952711, 0.000350572692696, 0.000279346772004, 0.000307214300847, 0.000219786015805, 0.000161134274094, 7.18329683878e-05, 0.000144138437463, 9.19626108953e-05, 0.000108482694486, 3.05545036099e-05],
        "mean": [0.00230424711481, 0.00221972982399, 0.00144282111432, 0.00153216393664, 0.000594131823163, 0.000413679139456, 0.000277129787719, 0.000488852965645, 0.000172420215677, 0.000106899082311, 5.22029695276e-05, 9.25698477658e-05, 6.49472713121e-05, 3.4734759538e-05, 2.95894697047e-05, 3.10701980197e-05, 2.27442214964e-05, 3.54773364961e-05, 2.12752820516e-05, 1.31110073198e-05, 1.30735379571e-05, 1.28771243908e-05, 6.85762734065e-06, 1.30805510707e-05, 7.71701306803e-05, 0.000121296652651, 4.25614889537e-05, 4.48158170911e-05, 4.52087951999e-05, 1.65691053553e-05, 6.27350300419e-06, 4.74309626952e-06, 4.22493621954e-06, 3.93210211769e-06, 2.82417408926e-06, 1.59884939421e-06, 1.99120950128e-06, 1.66330107731e-06, 1.57472902629e-06, 1.12543000341e-06],
        "median": [0.0017138090916, 0.00171815068461, 0.000991891254671, 0.00129651534371, 0.000488457735628, 0.000293765129754, 0.00017839690554, 0.000340623169905, 7.46041405364e-05, 5.7273558923e-05, 2.35016123042e-05, 2.34878316405e-05, 2.20114088734e-05, 1.47968685269e-05, 9.2718300948e-06, 1.23611989693e-05, 1.19450360216e-05, 1.14036974992e-05, 9.29983798414e-06, 7.06565651853e-06, 6.84972155796e-06, 6.40246980765e-06, 3.57009253094e-06, 5.6163089539e-06, 1.98349353013e-05, 3.3061405702e-05, 2.09857153095e-05, 2.27146538236e-05, 2.33537830354e-05, 1.00987108453e-05, 3.79225571123e-06, 2.61345712715e-06, 2.14756482819e-06, 2.14168312596e-06, 1.66693439496e-06, 1.12181908207e-06, 9.61586920312e-07, 9.81690845947e-07, 9.83083509709e-07, 8.72062514645e-07],
        "min": [5.20854155184e-05, 2.01885868591e-05, 8.06759198895e-05, 8.33813173813e-05, 4.54455075669e-05, 3.46695087501e-05, 3.40247206623e-05, 5.13313279953e-05, 6.96225743013e-06, 2.65853213932e-06, 1.7701249817e-06, 2.29555348596e-06, 2.3842135306e-06, 1.6048818452e-06, 1.43771455896e-06, 1.62020774042e-06, 2.05305127565e-06, 2.10968210013e-06, 2.10004873225e-06, 1.58556588303e-06, 8.92749483228e-07, 1.0263116792e-06, 8.18290345705e-07, 1.53790824697e-06, 5.1990641623e-06, 4.42840200776e-06, 2.46582749241e-06, 6.54457608107e-06, 7.38157496016e-06, 2.42397391048e-06, 8.26554867217e-07, 5.15067881679e-07, 8.42110694066e-07, 5.38074061751e-07, 6.53951985896e-07, 1.48529679223e-07, 1.88164761994e-07, 2.79110068391e-08, 3.85657514812e-08, 2.41384068289e-08],
        "var": [4.45705063612e-06, 3.82357802664e-06, 1.90983519133e-06, 1.66892255038e-06, 1.87753443015e-07, 3.59630462299e-07, 2.32266657463e-07, 4.1670816131e-07, 7.29600060367e-07, 1.69630496316e-07, 2.90148420845e-08, 2.49841349387e-07, 5.75999763441e-08, 1.44381386846e-08, 2.21346869722e-08, 2.33672388106e-08, 5.58968649145e-09, 6.37158521499e-08, 1.33306263805e-08, 1.77483272523e-09, 2.1932393679e-09, 2.79676370951e-09, 6.71774302852e-10, 5.41048050806e-09, 3.68111301441e-07, 7.00432224221e-07, 3.07328562599e-08, 3.1200269035e-08, 3.16733519412e-08, 3.40078298855e-09, 4.99832675249e-10, 3.31838112544e-10, 4.18724943607e-10, 2.23878471317e-10, 1.17606674399e-10, 2.14475607413e-11, 1.13201045759e-10, 4.89637566603e-11, 4.85078401058e-11, 5.76459106144e-12]
    },
    "mfcc": {
        "mean": [-597.844177246, 99.7262573242, 23.2162780762, 48.8500518799, -3.71803116798, 0.588053941727, 11.6753787994, -10.7965593338, -3.80264282227, 10.3870515823, -1.9371060133, -2.56286931038, 4.80582475662],
        "cov": [[1116.18041992, 105.23677063, -205.1456604, -78.0418548584, -140.022384644, 15.0649595261, 56.326210022, 44.9038543701, -11.9414815903, 7.20534467697, -0.686193943024, -25.9427642822, 11.1501207352], [105.23677063, 83.3626327515, -14.9298934937, -6.6178445816, -13.1867771149, 20.9425773621, 13.8107891083, 10.8859357834, 2.22866630554, -3.4222779274, -4.49344396591, -3.33558893204, 4.53134393692], [-205.1456604, -14.9298934937, 89.7759399414, 46.5757217407, 48.6244354248, 2.92886853218, -3.97791457176, -12.4569501877, 2.21164655685, 4.08136177063, 2.93532848358, 4.43983840942, -3.21157622337], [-78.0418548584, -6.6178445816, 46.5757217407, 52.2792015076, 30.5941543579, 6.44413328171, -0.40781262517, -6.39073467255, 1.20911157131, 3.57705402374, 4.4250369072, 4.97092962265, 1.52544558048], [-140.022384644, -13.1867771149, 48.6244354248, 30.5941543579, 50.7731590271, 4.78247022629, -5.97276115417, -10.9920482635, -1.2409542799, 2.00040507317, 1.47082138062, 2.55081415176, 0.339618086815], [15.0649595261, 20.9425773621, 2.92886853218, 6.44413328171, 4.78247022629, 29.2867584229, 15.1972093582, 2.93114352226, 6.14423847198, 3.32402992249, 3.34945058823, 4.87105417252, 6.26341104507], [56.326210022, 13.8107891083, -3.97791457176, -0.40781262517, -5.97276115417, 15.1972093582, 32.4856414795, 13.2175121307, 5.68150043488, 7.63782310486, 6.69501829147, 4.019343853, 5.57645940781], [44.9038543701, 10.8859357834, -12.4569501877, -6.39073467255, -10.9920482635, 2.93114352226, 13.2175121307, 30.2563533783, 11.0339431763, 4.3814368248, 5.85108137131, 3.55796122551, 4.38720560074], [-11.9414815903, 2.22866630554, 2.21164655685, 1.20911157131, -1.2409542799, 6.14423847198, 5.68150043488, 11.0339431763, 27.8311595917, 13.7757768631, 5.2464466095, 6.11966228485, 1.97268235683], [7.20534467697, -3.4222779274, 4.08136177063, 3.57705402374, 2.00040507317, 3.32402992249, 7.63782310486, 4.3814368248, 13.7757768631, 23.6445884705, 9.4822435379, 3.87709259987, 2.35054779053], [-0.686193943024, -4.49344396591, 2.93532848358, 4.4250369072, 1.47082138062, 3.34945058823, 6.69501829147, 5.85108137131, 5.2464466095, 9.4822435379, 20.4897003174, 11.3401412964, 2.36978816986], [-25.9427642822, -3.33558893204, 4.43983840942, 4.97092962265, 2.55081415176, 4.87105417252, 4.019343853, 3.55796122551, 6.11966228485, 3.87709259987, 11.3401412964, 23.455493927, 8.74660587311], [11.1501207352, 4.53134393692, -3.21157622337, 1.52544558048, 0.339618086815, 6.26341104507, 5.57645940781, 4.38720560074, 1.97268235683, 2.35054779053, 2.36978816986, 8.74660587311, 19.8589801788]],
