{
"lowlevel": {
    "average_loudness": 0.975151002407,
    "barkbands_crest": {
        "dmean": 2.10234904289,
        "dmean2": 2.92964816093,
        "dvar": 7.09819602966,
        "dvar2": 17.4109897614,
        "max": 26.8758811951,
        "mean": 20.3967876434,
        "median": 20.4491252899,
        "min": 5.99780225754,
        "var": 38.2117996216
    },
    "barkbands_flatness_db": {
        "dmean": 0.0267958529294,
        "dmean2": 0.0360969156027,
        "dvar": 0.00106536992826,
        "dvar2": 0.00112099642865,
        "max": 0.575305938721,
        "mean": 0.346778839827,
        "median": 0.385551601648,
        "min": 0.0846400186419,
        "var": 0.0262364037335
    },
    "barkbands_kurtosis": {
        "dmean": 94.3614654541,
        "dmean2": 106.072395325,
        "dvar": 69282.1796875,
        "dvar2": 112183.203125,
        "max": 3170.00561523,
        "mean": 180.350830078,
        "median": 18.2744941711,
        "min": -1.03426134586,
        "var": 199943.359375
    },
    "barkbands_skewness": {
        "dmean": 2.28743553162,
        "dmean2": 3.39736652374,
        "dvar": 15.8521385193,
        "dvar2": 40.3439292908,
        "max": 42.4760475159,
        "mean": 5.85687589645,
        "median": 3.51888513565,
        "min": -3.24341654778,
        "var": 48.0423088074
    },
    "barkbands_spread": {
        "dmean": 2.19755482674,
        "dmean2": 3.68590116501,
        "dvar": 24.2935657501,
        "dvar2": 69.4222106934,
        "max": 45.2060470581,
        "mean": 6.0977063179,
        "median": 1.7117459774,
        "min": 0.0234813410789,
        "var": 77.6865921021
    },
    "dissonance": {
        "dmean": 0.0570308752358,
        "dmean2": 0.0991783812642,
        "dvar": 0.00310908257961,
        "dvar2": 0.0085155563429,
        "max": 0.495466738939,
        "mean": 0.294888824224,
        "median": 0.276115834713,
        "min": 0.0800399184227,
        "var": 0.0182344652712
    },
    "dynamic_complexity": 7.34450912476,
    "erbbands_crest": {
        "dmean": 2.21488881111,
        "dmean2": 3.16836476326,
        "dvar": 7.83711624146,
        "dvar2": 14.8679409027,
        "max": 34.3378372192,
        "mean": 23.3277759552,
        "median": 25.7584934235,
        "min": 3.41542935371,
        "var": 105.812477112
    },
    "erbbands_flatness_db": {
        "dmean": 0.0227286238223,
        "dmean2": 0.0293698906898,
        "dvar": 0.00102053710725,
        "dvar2": 0.000950699031819,
        "max": 0.607329010963,
        "mean": 0.363949120045,
        "median": 0.434910327196,
        "min": 0.0486923269928,
        "var": 0.0359640084207
    },
    "erbbands_kurtosis": {
        "dmean": 10.5752086639,
        "dmean2": 12.2367315292,
        "dvar": 702.431945801,
        "dvar2": 1352.82312012,
        "max": 237.066940308,
        "mean": 28.5488433838,
        "median": 12.1555929184,
        "min": -0.793365240097,
        "var": 1578.05566406
    },
    "erbbands_skewness": {
        "dmean": 0.770682871342,
        "dmean2": 1.06378102303,
        "dvar": 1.34635674953,
        "dvar2": 3.06110095978,
        "max": 11.3179750443,
        "mean": 2.97256565094,
        "median": 2.5659506321,
        "min": -1.60142576694,
        "var": 4.70939397812
    },
    "erbbands_spread": {
        "dmean": 3.67881155014,
        "dmean2": 5.45693206787,
        "dvar": 32.3237686157,
        "dvar2": 80.2327651978,
        "max": 69.66040802,
        "mean": 14.7219429016,
        "median": 3.31971621513,
        "min": 0.19752548635,
        "var": 468.373931885
    },
    "hfc": {
        "dmean": 3.41516494751,
        "dmean2": 5.29287290573,
        "dvar": 76.8941802979,
        "dvar2": 205.911743164,
        "max": 77.0521621704,
        "mean": 11.1743783951,
        "median": 8.58946323395,
        "min": 0.0707617923617,
        "var": 133.712051392
    },
    "melbands_crest": {
        "dmean": 2.22866940498,
        "dmean2": 3.27960538864,
        "dvar": 7.74231719971,
        "dvar2": 18.1226100922,
        "max": 31.3962726593,
        "mean": 23.8283557892,
        "median": 23.9415588379,
        "min": 10.0729408264,
        "var": 44.1796455383
    },
    "melbands_flatness_db": {
        "dmean": 0.0277682226151,
        "dmean2": 0.0379766784608,
        "dvar": 0.00119143596385,
        "dvar2": 0.00145094527397,
        "max": 0.665443241596,
        "mean": 0.437030375004,
        "median": 0.464968234301,
        "min": 0.200628563762,
        "var": 0.022847738117
    },
    "melbands_kurtosis": {
        "dmean": 11.6580915451,
        "dmean2": 17.1939487457,
        "dvar": 460.994628906,
        "dvar2": 1101.47558594,
        "max": 197.033905029,
        "mean": 35.749370575,
        "median": 32.117149353,
        "min": -1.11398494244,
        "var": 831.282958984
    },
    "melbands_skewness": {
        "dmean": 1.04152429104,
        "dmean2": 1.50204026699,
        "dvar": 1.12379443645,
        "dvar2": 3.18883442879,
        "max": 6.56857919693,
        "mean": 2.42593932152,
        "median": 2.5914850235,
        "min": -4.33908510208,
        "var": 4.17631626129
    },
    "melbands_spread": {
        "dmean": 1.30211663246,
        "dmean2": 1.68148994446,
        "dvar": 2.45170855522,
        "dvar2": 6.06071710587,
        "max": 16.9307537079,
        "mean": 3.7779135704,
        "median": 2.06051659584,
        "min": 0.196608409286,
        "var": 14.1939296722
    },
    "pitch_salience": {
        "dmean": 0.074507676065,
        "dmean2": 0.105969339609,
        "dvar": 0.0116888750345,
        "dvar2": 0.0235885400325,
        "max": 0.846932590008,
        "mean": 0.315562039614,
        "median": 0.313001960516,
        "min": 0.0235467851162,
        "var": 0.0428448282182
    },
    "silence_rate_20dB": {
        "dmean": 0,
        "dmean2": 0,
        "dvar": 0,
        "dvar2": 0,
        "max": 1,
        "mean": 1,
        "median": 1,
        "min": 1,
        "var": 0
    },
    "silence_rate_30dB": {
        "dmean": 0,
        "dmean2": 0,
        "dvar": 0,
        "dvar2": 0,
        "max": 1,
        "mean": 1,
        "median": 1,
        "min": 1,
        "var": 0
    },
    "silence_rate_60dB": {
        "dmean": 0.0555555559695,
        "dmean2": 0.112359553576,
        "dvar": 0.0524692051113,
        "dvar2": 0.122206836939,
        "max": 1,
        "mean": 0.307692319155,
        "median": 0,
        "min": 0,
        "var": 0.213017836213
    },
    "spectral_centroid": {
        "dmean": 68.1151809692,
        "dmean2": 108.633392334,
        "dvar": 14456.7324219,
        "dvar2": 36521.484375,
        "max": 1468.03100586,
        "mean": 672.881286621,
        "median": 588.070129395,
        "min": 373.771392822,
        "var": 34832.3945312
    },
    "spectral_complexity": {
        "dmean": 0.688888907433,
        "dmean2": 1.12359547615,
        "dvar": 1.48098707199,
        "dvar2": 2.26562213898,
        "max": 12,
        "mean": 2.89010977745,
        "median": 2,
        "min": 0,
        "var": 7.04286956787
    },
    "spectral_decrease": {
        "dmean": 1.35569622195e-09,
        "dmean2": 2.13521378356e-09,
        "dvar": 9.28794291413e-18,
        "dvar2": 2.67414224061e-17,
        "max": -1.96094199906e-11,
        "mean": -4.65147520501e-09,
        "median": -3.51161100198e-09,
        "min": -2.34277450772e-08,
        "var": 2.2521014572e-17
    },
    "spectral_energy": {
        "dmean": 0.00542166316882,
        "dmean2": 0.00853796117008,
        "dvar": 0.000150492749526,
        "dvar2": 0.000432105385698,
        "max": 0.0954106748104,
        "mean": 0.0185692198575,
        "median": 0.0140326563269,
        "min": 8.07941978564e-05,
        "var": 0.000357850600267
    },
    "spectral_energyband_high": {
        "dmean": 4.01143697673e-05,
        "dmean2": 5.45980437892e-05,
        "dvar": 3.70787525128e-08,
        "dvar2": 7.05558491632e-08,
        "max": 0.00179414928425,
        "mean": 4.35873662354e-05,
        "median": 1.51967742568e-06,
        "min": 1.70718493564e-07,
        "var": 4.94916392313e-08
    },
    "spectral_energyband_low": {
        "dmean": 2.89881973004e-05,
        "dmean2": 5.17226217198e-05,
        "dvar": 4.3633443525e-09,
        "dvar2": 1.17085958706e-08,
        "max": 0.000539652479347,
        "mean": 3.98144184146e-05,
        "median": 1.32111754283e-05,
        "min": 7.07780202447e-07,
        "var": 4.60738247554e-09
    },
    "spectral_energyband_middle_high": {
        "dmean": 0.00111621071119,
        "dmean2": 0.00150981883053,
        "dvar": 1.00805009424e-05,
        "dvar2": 2.46220679401e-05,
        "max": 0.022592458874,
        "mean": 0.00188116566278,
        "median": 0.000131572771352,
        "min": 4.7626099331e-06,
        "var": 1.64380180649e-05
    },
    "spectral_energyband_middle_low": {
        "dmean": 0.0048541482538,
        "dmean2": 0.00741646206006,
        "dvar": 9.67032174231e-05,
        "dvar2": 0.000263933645329,
        "max": 0.0705436691642,
        "mean": 0.0166117250919,
        "median": 0.0130965877324,
        "min": 1.21746461446e-05,
        "var": 0.00030924519524
    },
    "spectral_entropy": {
        "dmean": 0.259498506784,
        "dmean2": 0.328466564417,
        "dvar": 0.159236609936,
        "dvar2": 0.152039781213,
        "max": 8.19027900696,
        "mean": 5.32833480835,
        "median": 4.78018379211,
        "min": 3.00822329521,
        "var": 2.91958045959
    },
    "spectral_flux": {
        "dmean": 0.0149751389399,
        "dmean2": 0.0229662694037,
        "dvar": 0.000907257955987,
        "dvar2": 0.00177969725337,
        "max": 0.247371524572,
        "mean": 0.0283211842179,
        "median": 0.0103061106056,
        "min": 0.00342890736647,
        "var": 0.00164302333724
    },
    "spectral_kurtosis": {
        "dmean": 9.17642498016,
        "dmean2": 14.7870054245,
        "dvar": 196.640579224,
        "dvar2": 429.799957275,
        "max": 150.252410889,
        "mean": 51.8799476624,
        "median": 46.2363815308,
        "min": 2.36537837982,
        "var": 1785.72937012
    },
    "spectral_rms": {
        "dmean": 0.000543009431567,
        "dmean2": 0.000772686558776,
        "dvar": 1.04418813862e-06,
        "dvar2": 2.26686893257e-06,
        "max": 0.00964798405766,
        "mean": 0.00350499246269,
        "median": 0.00370005355217,
        "min": 0.000280755426502,
        "var": 5.831339422e-06
    },
    "spectral_rolloff": {
        "dmean": 86.611328125,
        "dmean2": 156.297180176,
        "dvar": 42359.4023438,
        "dvar2": 123260.789062,
        "max": 1959.52148438,
        "mean": 623.279785156,
        "median": 602.9296875,
        "min": 215.33203125,
        "var": 64256.296875
    },
    "spectral_skewness": {
        "dmean": 0.534284710884,
        "dmean2": 0.872986853123,
        "dvar": 0.469756692648,
        "dvar2": 1.00261092186,
        "max": 9.89063262939,
        "mean": 5.18331670761,
        "median": 4.96270370483,
        "min": 1.81047618389,
        "var": 6.63468933105
    },
    "spectral_spread": {
        "dmean": 715263.0625,
        "dmean2": 889006.375,
        "dvar": 4.44376390042e+12,
        "dvar2": 4.39604006093e+12,
        "max": 28203314,
        "mean": 3363755,
        "median": 1420745.875,
        "min": 670215.125,
        "var": 1.55155452396e+13
    },
    "spectral_strongpeak": {
        "dmean": 0.37718513608,
        "dmean2": 0.568597197533,
        "dvar": 0.376164704561,
        "dvar2": 0.898395001888,
        "max": 5.29744243622,
        "mean": 1.95255792141,
        "median": 2.00782394409,
        "min": 0.00595963886008,
        "var": 2.01746559143
    },
    "zerocrossingrate": {
        "dmean": 0.00690646702424,
        "dmean2": 0.00954617280513,
        "dvar": 0.000157836213475,
        "dvar2": 0.000261274923105,
        "max": 0.12451171875,
        "mean": 0.0437467806041,
        "median": 0.0263671875,
        "min": 0.00634765625,
        "var": 0.000816191954073
    },
    "barkbands": {
        "dmean": [1.12370730676e-06, 1.63026033988e-05, 1.61809512065e-05, 2.30753230426e-05, 0.00017870006559, 7.49550526962e-05, 0.00322833680548, 0.00175359065179, 7.85823576734e-05, 0.000131681968924, 0.000973345478997, 5.12790757057e-05, 1.41104219438e-05, 1.07865798782e-06, 3.84465192838e-06, 1.75621698872e-06, 3.83693350159e-06, 1.14276645036e-06, 6.4841810854e-07, 2.5340175398e-06, 8.4383475496e-07, 7.27402323264e-07, 9.89693035081e-07, 8.96422818641e-07, 6.07655920248e-06, 2.73980767815e-05, 2.47502498496e-06],
        "dmean2": [1.84853251994e-06, 2.96032958431e-05, 2.8169959478e-05, 4.19464558945e-05, 0.000339813734172, 0.000123866717331, 0.00528368167579, 0.00255453679711, 0.000133557376103, 0.000163302582223, 0.00133454881143, 5.37504784006e-05, 2.12691011257e-05, 1.77359333975e-06, 5.16732052347e-06, 2.50592097473e-06, 5.87745989833e-06, 1.58136663231e-06, 1.1375966551e-06, 3.84857230529e-06, 9.50935998389e-07, 6.8066589165e-07, 1.11250540158e-06, 1.27109706227e-06, 8.09354150988e-06, 4.09310596297e-05, 3.74916908186e-06],
        "dvar": [3.07224840186e-12, 6.86871726163e-10, 2.0634223219e-09, 6.41029673787e-09, 7.16655563338e-07, 1.20607381859e-07, 6.04673441558e-05, 2.11736751226e-05, 3.61298546636e-08, 9.31648784785e-08, 8.33202921058e-06, 1.0670190953e-08, 1.00098485056e-09, 1.21876016224e-11, 4.00137492584e-11, 1.1892381177e-11, 4.60591911833e-11, 5.7916700949e-12, 4.95150708629e-12, 5.207036885e-11, 9.52180261721e-12, 7.00133093862e-12, 1.48321077642e-11, 1.70971882485e-11, 8.25917112479e-10, 2.01518979281e-08, 1.58962815133e-10],
        "dvar2": [6.93606456992e-12, 2.14470641247e-09, 5.3693014479e-09, 1.74086256521e-08, 2.06130880542e-06, 3.04144208485e-07, 0.000178965288796, 3.45456173818e-05, 9.70066835748e-08, 1.13611442032e-07, 2.10722973861e-05, 1.21455752122e-08, 2.2272925726e-09, 3.01704355943e-11, 7.2400835327e-11, 1.73646010765e-11, 9.51967671359e-11, 9.61152598483e-12, 9.1363435914e-12, 1.0352664559e-10, 9.3871308296e-12, 8.06279695786e-12, 2.6370010342e-11, 2.93127917772e-11, 1.49179801845e-09, 3.94974577489e-08, 3.85231013755e-10],
        "max": [1.63180811796e-05, 0.000178873568075, 0.000345023465343, 0.000541499408428, 0.00612976681441, 0.00291114975698, 0.0618021860719, 0.0432514697313, 0.0013884032378, 0.00329472892918, 0.0203504208475, 0.00162428524345, 0.000346547632944, 3.04082532239e-05, 5.21621732332e-05, 4.6328859753e-05, 6.09216767771e-05, 2.44094735535e-05, 1.84321506822e-05, 7.72789426264e-05, 3.34155774908e-05, 3.06032598019e-05, 4.30149084423e-05, 3.90372551919e-05, 0.000271664670436, 0.00122984487098, 0.000108712403744],
        "mean": [1.34474839797e-06, 2.19640660362e-05, 1.39422609209e-05, 1.60406616487e-05, 0.00011601926235, 6.48885470582e-05, 0.00707623409107, 0.00921270996332, 0.000112433386676, 0.000270704185823, 0.00136375636794, 0.000185417055036, 3.72112008336e-05, 1.50579592173e-06, 7.96540007286e-06, 5.82627080803e-06, 1.21938028315e-05, 2.54545352618e-06, 9.6247890724e-07, 4.95063613926e-06, 1.5449915054e-06, 1.23536744923e-06, 1.72064403614e-06, 1.20169329421e-06, 6.44551482765e-06, 2.60309952864e-05, 2.33159721574e-06],
        "median": [4.0192992401e-07, 7.26961434339e-06, 2.71224962489e-06, 1.65250548889e-06, 2.40214581027e-06, 3.60006788469e-06, 4.52549174952e-05, 0.0010266675381, 5.72989556531e-05, 6.52924563838e-06, 6.76596346239e-06, 9.26793836697e-06, 1.10788732854e-06, 3.70992211174e-07, 1.12429290766e-06, 3.68862771438e-07, 3.71155329049e-06, 4.08256170203e-07, 2.98828240375e-07, 3.47230610487e-07, 1.05748227952e-07, 1.23088838677e-07, 1.20112403579e-07, 3.82704214985e-08, 5.35278701363e-08, 5.54071348802e-08, 1.18079604761e-07],
        "min": [2.22966978214e-09, 2.00341730761e-07, 1.64432620409e-07, 1.61831366086e-08, 9.91288757746e-08, 1.19311323488e-07, 8.12518635485e-07, 3.73363093331e-07, 2.64161343466e-07, 2.41227525066e-07, 1.1744737094e-07, 1.03455114697e-07, 2.44783215919e-08, 4.22661301513e-08, 1.21703010336e-07, 2.56823895484e-08, 6.55615650658e-08, 4.6728871439e-08, 2.6911060047e-08, 8.29099811028e-09, 1.37618201279e-08, 6.51789910933e-09, 8.70077965232e-09, 7.80875630824e-09, 1.14818528019e-08, 7.97072452485e-09, 3.20341975169e-08],
        "var": [6.26128836279e-12, 9.39718081128e-10, 1.65711555589e-09, 4.33151914336e-09, 4.36506439883e-07, 1.02171895833e-07, 0.000248056690907, 0.000135340655106, 4.61886280334e-08, 3.61988725217e-07, 1.20939985209e-05, 1.49089814272e-07, 5.37558486613e-09, 1.53513018269e-11, 1.39095165941e-10, 1.16938944639e-10, 2.81267759084e-10, 2.19684409553e-11, 7.68210581953e-12, 1.65209207426e-10, 2.93012107633e-11, 2.11088126145e-11, 3.84587223179e-11, 2.78268814241e-11, 1.16791987192e-09, 2.34899477647e-08, 1.44881079356e-10]
    },
    "erbbands": {
        "dmean": [0.000502444454469, 0.00408824719489, 0.014647340402, 0.0445637218654, 0.3690982759, 0.504164338112, 1.06007051468, 0.577525556087, 17.6101875305, 53.9729804993, 46.4313735962, 4.52235841751, 1.37423491478, 37.8811569214, 10.2636871338, 2.46947145462, 0.659236550331, 0.221117377281, 0.153300479054, 0.101871162653, 0.217734143138, 0.0953022241592, 0.0752068161964, 0.0377430282533, 0.0519637018442, 0.0833711177111, 0.0633999854326, 0.0217829085886, 0.014428188093, 0.0377258472145, 0.0325343385339, 0.0191752295941, 0.0153950322419, 0.0120509695262, 0.0529168695211, 0.0596447400749, 0.0840219557285, 0.00767711456865, 0.00047884642845, 2.61053573922e-05],
        "dmean2": [0.000900628045201, 0.00737070757896, 0.0251315366477, 0.0796123966575, 0.695570588112, 0.946352303028, 1.99113118649, 0.800242364407, 25.6493721008, 93.7495956421, 67.8874588013, 5.9772772789, 1.70076656342, 49.3462944031, 15.2161607742, 2.44775295258, 0.975794255733, 0.308777272701, 0.21650916338, 0.129560440779, 0.34732106328, 0.153496652842, 0.106413818896, 0.063875362277, 0.0872022733092, 0.125279471278, 0.0837013944983, 0.0226012580097, 0.0179737824947, 0.0365677252412, 0.0396547988057, 0.0220071300864, 0.0239256098866, 0.0175039786845, 0.0760906711221, 0.0934934392571, 0.116282336414, 0.0116644306108, 0.000692215922754, 3.74373084924e-05],
        "dvar": [5.53225049771e-07, 4.72241226817e-05, 0.00112750427797, 0.0231145173311, 2.33573198318, 5.77792215347, 33.4008712769, 2.5059735775, 1395.01306152, 19173.7851562, 15269.7666016, 108.178085327, 9.54176521301, 10379.9023438, 1238.40014648, 22.6181278229, 1.72213172913, 0.214124545455, 0.0873413160443, 0.0480098389089, 0.176902189851, 0.0294610392302, 0.0300530213863, 0.0139809194952, 0.0175631437451, 0.0652794912457, 0.0522478222847, 0.00545285921544, 0.00302184117027, 0.0198439974338, 0.0181174129248, 0.00603277748451, 0.00579434353858, 0.00397889548913, 0.0671793445945, 0.0972838625312, 0.186297282577, 0.00162220199127, 6.14184727965e-06, 1.18567005103e-08],
        "dvar2": [1.74392243935e-06, 0.00014080881374, 0.00280998204835, 0.0618752986193, 6.72506332397, 16.445848465, 95.4424591064, 5.7938117981, 3167.0534668, 60590.796875, 24729.3652344, 176.993835449, 12.115404129, 23393.8300781, 3376.09301758, 21.1777706146, 3.87765359879, 0.483310222626, 0.163201153278, 0.0991022214293, 0.341250211, 0.0576531179249, 0.0511481575668, 0.0253348238766, 0.0382631830871, 0.125726386905, 0.0771851837635, 0.00435686763376, 0.00419308757409, 0.0217735413462, 0.036238476634, 0.00935764238238, 0.0105871995911, 0.00904894527048, 0.118334472179, 0.173063665628, 0.39644613862, 0.003274314804, 1.40648362503e-05, 2.754700823e-08],
        "max": [0.00452545052394, 0.0503865666687, 0.248398154974, 1.08691060543, 10.4727973938, 17.6533985138, 42.9751701355, 15.505739212, 455.55078125, 986.330383301, 1163.10058594, 101.236618042, 25.1527786255, 770.277160645, 259.930633545, 79.8741989136, 14.7101783752, 4.53897285461, 2.46863150597, 1.69746446609, 4.65881633759, 1.7786192894, 1.67928516865, 1.11660933495, 0.968595087528, 2.88292312622, 2.56946253777, 0.891819596291, 0.592433869839, 1.64783000946, 1.42376959324, 0.834955751896, 0.665520191193, 0.52490901947, 2.36496639252, 2.67393040657, 3.77348685265, 0.343265324831, 0.0211689732969, 0.00099442480132],
        "mean": [0.000657762284391, 0.00490505248308, 0.0143528543413, 0.0339190810919, 0.252103328705, 0.323748826981, 0.6943770051, 1.29668426514, 51.4514350891, 110.195465088, 250.232315063, 22.7373065948, 3.52336764336, 59.2009887695, 13.7675609589, 9.29313373566, 2.10763883591, 0.533391535282, 0.344207584858, 0.207222610712, 0.770187437534, 0.345134735107, 0.177685081959, 0.0612175017595, 0.108133591712, 0.164595663548, 0.115854807198, 0.0449165180326, 0.0279459767044, 0.0739860311151, 0.0458500795066, 0.0283492393792, 0.017855213955, 0.0121174603701, 0.0583490133286, 0.065395899117, 0.0735499486327, 0.00722036790103, 0.000440430885646, 4.51770356449e-05],
        "median": [0.000180482311407, 0.00154015200678, 0.00345332128927, 0.00455098226666, 0.0057024974376, 0.009914688766, 0.016130367294, 0.0510254688561, 1.16317617893, 27.2534866333, 31.6285171509, 4.59010839462, 1.86005496979, 0.539535820484, 0.639716863632, 1.5300848484, 0.341627955437, 0.0768746882677, 0.0627959594131, 0.0418535023928, 0.149507790804, 0.0924161225557, 0.027036247775, 0.0131189357489, 0.0194756537676, 0.0174417961389, 0.0104171447456, 0.00657298276201, 0.00418627494946, 0.00394765054807, 0.00130600831471, 0.000794183753897, 0.000608930597082, 0.000555957783945, 0.000378630764317, 0.00020759551262, 0.000112444089609, 4.14661626564e-05, 2.57914416579e-05, 2.43937447522e-05],
        "min": [4.82800032842e-06, 5.17850166943e-05, 0.000187933197594, 0.000247314368607, 0.000386176630855, 0.000765799195506, 0.00248942198232, 0.00708323065192, 0.00820695329458, 0.0130709204823, 0.0119400732219, 0.010989587754, 0.0100583378226, 0.0186025835574, 0.0230025853962, 0.0124422069639, 0.011513216421, 0.00742354849353, 0.00670285662636, 0.00395327759907, 0.00528539856896, 0.00265009724535, 0.00256446981803, 0.00130683602765, 0.00172604213003, 0.00112210970838, 0.000820144196041, 0.000555695092771, 0.000268788600806, 0.000341323786415, 0.000276410661172, 0.000206891651032, 0.000130972621264, 0.000105610248283, 8.23940645205e-05, 4.37898670498e-05, 1.31496517497e-05, 7.84556050348e-06, 4.95555150337e-06, 2.54850806414e-06],
        "var": [9.42118902003e-07, 5.479290121e-05, 0.00107905815821, 0.0165369287133, 1.44316136837, 3.61483097076, 20.4158115387, 7.50844812393, 12596.8212891, 42438.7265625, 98190.34375, 746.946228027, 29.0806446075, 20880.3945312, 1229.3059082, 356.11630249, 9.71784687042, 0.977030754089, 0.28032964468, 0.124668568373, 1.35392439365, 0.216512098908, 0.109427787364, 0.0256217364222, 0.0412473380566, 0.205991640687, 0.145970329642, 0.0216734260321, 0.00888350140303, 0.0713575407863, 0.0337662473321, 0.0129539649934, 0.00764000741765, 0.00411680201069, 0.0955227315426, 0.130520686507, 0.198814406991, 0.00181104289368, 5.84732606512e-06, 1.23326007184e-08]
    },
    "gfcc": {
        "mean": [-218.452651978, 106.358642578, -111.384719849, -53.5433273315, -61.5652313232, -11.8448028564, -9.32685947418, 19.6764526367, 1.32892787457, 7.45655250549, -3.95591926575, -2.66610741615, -16.849779129],
        "cov": [[4834.54980469, -301.89743042, -254.463058472, -17.763584137, -818.548583984, -351.712463379, -495.021148682, -409.15411377, -567.073669434, 236.60710144, -24.077167511, 616.444152832, -8.07556915283], [-301.89743042, 1215.02233887, -1115.79968262, -1177.51452637, -362.150146484, -219.341323853, 349.03024292, 385.826049805, 482.120239258, 11.9832382202, 161.025039673, -121.156814575, -85.2549438477], [-254.463058472, -1115.79968262, 2251.32250977, 1325.60693359, 260.09967041, 305.608886719, -255.204269409, -345.418212891, -371.268371582, 62.1697273254, -325.438781738, -205.132263184, -180.333145142], [-17.763584137, -1177.51452637, 1325.60693359, 1662.19946289, 669.066345215, 301.428131104, -396.313598633, -596.719238281, -584.731628418, -44.488483429, -105.57837677, 125.58719635, 216.733596802], [-818.548583984, -362.150146484, 260.09967041, 669.066345215, 688.420166016, 267.497070312, -97.1536026001, -235.414901733, -255.825515747, -155.818222046, 2.45186185837, 62.3818130493, 222.9921875], [-351.712463379, -219.341323853, 305.608886719, 301.428131104, 267.497070312, 203.330688477, -15.0421133041, -106.966072083, -136.861083984, -33.1362838745, -31.1276321411, -17.1900672913, 27.6038417816], [-495.021148682, 349.03024292, -255.204269409, -396.313598633, -97.1536026001, -15.0421133041, 215.316452026, 202.855682373, 219.773040771, 6.35473489761, 54.3949317932, -105.289009094, -59.7554779053], [-409.15411377, 385.826049805, -345.418212891, -596.719238281, -235.414901733, -106.966072083, 202.855682373, 341.960906982, 309.960693359, 16.3378162384, 26.8301429749, -108.327949524, -108.222755432], [-567.073669434, 482.120239258, -371.268371582, -584.731628418, -255.825515747, -136.861083984, 219.773040771, 309.960693359, 403.631896973, 60.5139045715, 75.5047988892, -156.527069092, -121.914970398], [236.60710144, 11.9832382202, 62.1697273254, -44.488483429, -155.818222046, -33.1362838745, 6.35473489761, 16.3378162384, 60.5139045715, 100.670433044, 26.9522953033, -15.6255846024, -75.6740493774], [-24.077167511, 161.025039673, -325.438781738, -105.57837677, 2.45186185837, -31.1276321411, 54.3949317932, 26.8301429749, 75.5047988892, 26.9522953033, 133.607955933, 57.3895568848, 57.0631713867], [616.444152832, -121.156814575, -205.132263184, 125.58719635, 62.3818130493, -17.1900672913, -105.289009094, -108.327949524, -156.527069092, -15.6255846024, 57.3895568848, 209.040145874, 126.38822937], [-8.07556915283, -85.2549438477, -180.333145142, 216.733596802, 222.9921875, 27.6038417816, -59.7554779053, -108.222755432, -121.914970398, -75.6740493774, 57.0631713867, 126.38822937, 187.536560059]],
        "icov": [[0.00209016702138, -0.000756407447625, -0.000168939950527, 0.000660212361254, 0.00196002866141, 0.00186874717474, 7.08826482878e-05, 0.0013777957065, 0.00379480025731, -0.00402766931802, 0.00211048126221, -0.005420290865, 0.000885203655344], [-0.000756407447625, 0.00560204870999, -0.000395786482841, 0.0046909074299, -0.00325747509487, 0.00379946827888, -0.00396957946941, 0.00437570549548, -0.00169737089891, 4.2084902816e-05, -0.00256938347593, 0.00450171111152, -0.00205183820799], [-0.000168939950527, -0.000395786482841, 0.00376523286104, -0.00494769634679, 0.00132446712814, -0.0019858838059, -0.000957823242061, -0.00212812656537, -8.27754411148e-05, 0.000696958857588, 0.00347348395735, 0.000843469984829, 0.00493761897087], [0.000660212361254, 0.0046909074299, -0.00494769634679, 0.0138759473339, -0.00715532945469, 0.00873064808547, -0.000854173791595, 0.00760644907132, 0.0042080162093, -0.0118973627687, -0.00243132933974, 0.00351834762841, -0.0109891649336], [0.00196002866141, -0.00325747509487, 0.00132446712814, -0.00715532945469, 0.0213255677372, -0.0214351695031, 0.0106795625761, 9.83911959338e-05, -0.00734973466024, 0.0211023278534, -0.00470176339149, -0.00695196865126, -0.000743176846299], [0.00186874717474, 0.00379946827888, -0.0019858838059, 0.00873064808547, -0.0214351695031, 0.0427080281079, -0.0206676032394, 0.00263873348013, 0.0252706855536, -0.0304051078856, 0.00463528279215, 0.00285630882718, 0.00477078650147], [7.08826482878e-05, -0.00396957946941, -0.000957823242061, -0.000854173791595, 0.0106795625761, -0.0206676032394, 0.0336062386632, -0.0107585508376, -0.00472575752065, 0.0153597714379, -0.0169492531568, 0.00835464708507, -0.00423984136432], [0.0013777957065, 0.00437570549548, -0.00212812656537, 0.00760644907132, 9.83911959338e-05, 0.00263873348013, -0.0107585508376, 0.0272118411958, -0.0155523065478, 0.0037066466175, 0.00886121205986, -0.0136357899755, 0.00086011516396], [0.00379480025731, -0.00169737089891, -8.27754411148e-05, 0.0042080162093, -0.00734973466024, 0.0252706855536, -0.00472575752065, -0.0155523065478, 0.0454986169934, -0.0298318210989, -0.00850995350629, 0.0130129633471, 0.000347875989974], [-0.00402766931802, 4.2084902816e-05, 0.000696958857588, -0.0118973627687, 0.0211023278534, -0.0304051078856, 0.0153597714379, 0.0037066466175, -0.0298318210989, 0.0785935297608, -0.0313603579998, -0.00150433182716, 0.0235587097704], [0.00211048126221, -0.00256938347593, 0.00347348395735, -0.00243132933974, -0.00470176339149, 0.00463528279215, -0.0169492531568, 0.00886121205986, -0.00850995350629, -0.0313603579998, 0.0478601679206, -0.0218058079481, -0.00835947133601], [-0.005420290865, 0.00450171111152, 0.000843469984829, 0.00351834762841, -0.00695196865126, 0.00285630882718, 0.00835464708507, -0.0136357899755, 0.0130129633471, -0.00150433182716, -0.0218058079481, 0.0467101223767, -0.0157951042056], [0.000885203655344, -0.00205183820799, 0.00493761897087, -0.0109891649336, -0.000743176846299, 0.00477078650147, -0.00423984136432, 0.00086011516396, 0.000347875989974, 0.0235587097704, -0.00835947133601, -0.0157951042056, 0.04413350299]]
    },
    "melbands": {
        "dmean": [4.34597586718e-06, 6.73037675369e-06, 1.64612411027e-05, 3.28974056174e-05, 3.33739772032e-05, 9.46598811424e-06, 0.000419905147282, 0.000522322952747, 0.000312017771648, 1.02915319076e-05, 3.47374225385e-06, 0.000140715623274, 6.94418413332e-05, 6.61748936182e-06, 2.13188036469e-06, 1.87798411844e-06, 1.76649436412e-07, 1.90785570453e-07, 2.94015194413e-07, 4.94491629865e-08, 3.69916023146e-07, 1.51476029941e-07, 6.17003763637e-08, 4.87570090968e-08, 3.27520375265e-08, 2.29628511761e-08, 6.55572023334e-08, 7.02029083754e-08, 5.03527495255e-08, 3.29051630388e-08, 1.26644561504e-08, 4.52347537205e-09, 2.23486047446e-08, 1.90138766953e-08, 2.3094081314e-08, 6.84824685848e-09, 1.4004673865e-08, 1.12415978748e-08, 6.87041890046e-09, 9.46446832018e-09],
        "dmean2": [7.83474752097e-06, 1.20745880849e-05, 3.03909600916e-05, 6.2014471041e-05, 6.25829707133e-05, 1.40687980092e-05, 0.000643083825707, 0.00089539057808, 0.00044715826516, 1.51712129082e-05, 5.68824862057e-06, 0.000183463853318, 9.9874312582e-05, 7.304270639e-06, 2.130345365e-06, 2.83417557512e-06, 2.90044653184e-07, 3.00327712921e-07, 3.67568020465e-07, 6.69668693831e-08, 5.89145031427e-07, 2.4544172561e-07, 8.11018381341e-08, 7.06883227508e-08, 5.73278065019e-08, 3.68265347106e-08, 9.59108277243e-08, 1.02721848805e-07, 7.11524279495e-08, 4.28038902101e-08, 1.34344375624e-08, 8.31770030629e-09, 2.1279216611e-08, 1.97322016504e-08, 2.75875411404e-08, 9.59683266188e-09, 1.55686930015e-08, 1.85169266587e-08, 1.17908474095e-08, 1.50210954786e-08],
        "dvar": [4.71568374627e-11, 2.52585480309e-10, 3.99196720124e-09, 2.04043146823e-08, 3.30339489096e-08, 1.27125299176e-09, 8.73536748713e-07, 1.55700638516e-06, 7.52664846004e-07, 4.45600500942e-10, 1.09218661892e-10, 1.42660454117e-07, 5.15584446248e-08, 1.85236576078e-10, 1.74087515237e-11, 1.82091078327e-11, 2.44934362506e-13, 2.17530122604e-13, 3.01798245683e-13, 2.96509812417e-14, 5.14467103901e-13, 7.5368537637e-14, 2.30977685437e-14, 8.05449643478e-15, 1.21638716962e-14, 3.66553762034e-15, 2.91306421259e-14, 5.91922818811e-14, 3.22664970101e-14, 1.56079220593e-14, 1.61257031355e-15, 3.77703240837e-16, 7.09603037408e-15, 4.97383337045e-15, 9.00463277347e-15, 9.27788962566e-16, 3.22666126301e-15, 3.26266799832e-15, 1.38317483908e-15, 2.55168548305e-15],
        "dvar2": [1.50680065647e-10, 6.63377464072e-10, 1.11958948779e-08, 5.85034314327e-08, 9.41249638231e-08, 2.71894373682e-09, 2.27109649131e-06, 4.8241499826e-06, 1.18430705243e-06, 1.16463605426e-09, 2.63426780389e-10, 3.20326250858e-07, 1.38190173971e-07, 2.48660564361e-10, 1.29873837379e-11, 4.02354018159e-11, 5.33900614691e-13, 4.18130374075e-13, 5.32309764843e-13, 5.68445979307e-14, 1.00285068878e-12, 1.49305548936e-13, 4.52701874739e-14, 1.32553464936e-14, 2.2937892769e-14, 8.23176433701e-15, 6.3454558448e-14, 1.15479240753e-13, 5.71636650775e-14, 1.95233437164e-14, 2.05050731135e-15, 7.80071128186e-16, 7.21933296022e-15, 5.15630883125e-15, 1.74636729909e-14, 1.89967424861e-15, 4.7458929927e-15, 6.11850903669e-15, 2.40581857448e-15, 6.43759058309e-15],
        "max": [4.07091101806e-05, 0.000120162767416, 0.000438338960521, 0.00101101654582, 0.00135121122003, 0.000320733786793, 0.00973241217434, 0.00891052372754, 0.00829227641225, 0.000170403320226, 9.73681599135e-05, 0.00286888959818, 0.00165011594072, 0.000200276597752, 7.32427433832e-05, 4.67043028038e-05, 4.43718727183e-06, 3.85692419513e-06, 5.52073970539e-06, 1.71548128947e-06, 7.85761949373e-06, 2.77894832834e-06, 1.51711469698e-06, 9.04799549062e-07, 9.8862494724e-07, 5.3283190482e-07, 1.35923880862e-06, 2.6919492484e-06, 2.04894649869e-06, 1.26311192616e-06, 4.8775035566e-07, 1.48532947719e-07, 9.65429876487e-07, 8.21089884084e-07, 1.01046873624e-06, 2.87796638077e-07, 6.13867882748e-07, 4.83993517264e-07, 2.91696210297e-07, 4.11448581872e-07],
        "mean": [6.07044694334e-06, 7.30294550522e-06, 1.17919935292e-05, 2.1923919121e-05, 2.11517399293e-05, 1.00582292362e-05, 0.00109654711559, 0.00129153241869, 0.00176799052861, 2.98090380966e-05, 4.89928697789e-06, 0.000220481088036, 9.06035711523e-05, 2.3191121727e-05, 8.47399769555e-06, 4.93646939503e-06, 2.98618573424e-07, 4.26571574508e-07, 5.90183162785e-07, 5.76979886091e-08, 1.28782369302e-06, 5.21389040387e-07, 1.33457263018e-07, 1.01797695606e-07, 4.51451036554e-08, 4.10465688105e-08, 1.18146800787e-07, 1.27976377939e-07, 9.20579736885e-08, 4.91000946568e-08, 2.16730668967e-08, 7.32291827177e-09, 3.84944520704e-08, 4.24183816961e-08, 3.37214345336e-08, 8.78228600953e-09, 2.05706776057e-08, 1.27490027424e-08, 8.70343797033e-09, 8.50325676538e-09],
        "median": [2.18054969991e-06, 1.95974507733e-06, 9.18105570236e-07, 4.2913490006e-07, 4.92707954436e-07, 7.09740334059e-07, 7.90100421e-06, 0.000673825852573, 9.29882517084e-05, 1.75772856892e-05, 4.39118423401e-07, 1.47062257838e-06, 6.61177637085e-07, 1.36418054808e-06, 1.57363490416e-06, 1.12623993687e-07, 4.52498447601e-08, 7.30364035917e-08, 7.94019570094e-08, 1.2885065459e-08, 2.54867870808e-07, 1.48592761207e-07, 1.47097951597e-08, 2.63635850928e-08, 6.92828550086e-09, 1.63828985933e-08, 1.0613197432e-08, 9.18858766852e-09, 5.84668491399e-09, 2.60741628288e-09, 3.08888492562e-09, 1.70389835574e-09, 1.01138075692e-09, 2.48736453656e-09, 7.05358105257e-10, 4.88775186991e-10, 4.60013471759e-10, 3.82829851153e-10, 4.65718352771e-10, 4.2696016167e-10],
        "min": [5.04946164881e-08, 1.23808860053e-07, 4.87830256191e-08, 1.81439876457e-08, 1.91735143318e-08, 3.66518086992e-08, 1.33141682568e-07, 1.94783808638e-07, 6.48622560107e-08, 4.37211475912e-08, 2.27801404407e-08, 5.23632479599e-08, 1.88588717975e-08, 1.05325792532e-08, 1.79284374013e-08, 4.44228209773e-09, 4.59685089993e-09, 6.92535051527e-09, 4.96378405046e-09, 3.35236782778e-10, 5.93840443486e-09, 2.81079359787e-09, 1.47553558261e-09, 2.28987451223e-09, 2.13233763979e-10, 1.42485745425e-09, 6.06085126531e-10, 3.73204550597e-10, 4.50438797372e-10, 3.53989199064e-10, 2.16024115263e-10, 1.28448626735e-10, 1.34867159107e-10, 1.6003996739e-10, 1.28385038711e-10, 1.07815041617e-10, 1.2112286174e-10, 6.01065516803e-11, 7.68954344643e-11, 7.78058104056e-11],
        "var": [7.28150595375e-11, 2.26760971112e-10, 2.57036814055e-09, 1.27953088125e-08, 2.0220200625e-08, 1.52135759546e-09, 5.84907229495e-06, 3.34184824169e-06, 5.0681464927e-06, 1.1879592865e-09, 1.8553467096e-10, 2.89239665108e-07, 5.80077212931e-08, 2.2997328486e-09, 2.91315499501e-10, 9.84924086733e-11, 5.11609092764e-13, 6.29675890422e-13, 1.08381565441e-12, 4.08026544951e-14, 3.83984554223e-12, 5.122656856e-13, 7.17399840163e-14, 3.01448929295e-14, 1.97954293338e-14, 5.98111266935e-15, 6.47635767172e-14, 1.60868931023e-13, 8.91566280439e-14, 3.50535911604e-14, 5.19609778043e-15, 4.94592225841e-16, 2.28515055728e-14, 2.09284477091e-14, 1.81232914282e-14, 1.27081867148e-15, 7.1721235789e-15, 4.07023217485e-15, 1.84627707986e-15, 2.20296392449e-15]
    },
    "mfcc": {
        "mean": [-888.103515625, 159.918426514, -1.27582001686, -20.2394580841, -25.1861362457, -21.9212284088, -6.85976314545, 5.9838848114, 6.22483587265, 9.15554618835, 11.5444965363, 24.5150489807, 19.7348155975],
        "cov": [[4784.08984375, 257.900268555, -514.396240234, -37.7761917114, -780.181945801, -218.227966309, -247.555389404, -174.613250732, -539.923583984, -427.429473877, -618.354064941, -167.719055176, 142.828735352], [257.900268555, 816.79486084, -239.245010376, -673.565795898, -529.694213867, -396.382843018, -201.428253174, 73.1493301392, 121.535949707, 59.4240608215, 283.792297363, 301.032653809, 219.105194092], [-514.396240234, -239.245010376, 1039.22216797, 423.334075928, 206.110809326, 332.682617188, 29.4556350708, -143.675552368, 20.1392593384, 97.2598190308, 162.54598999, -82.2420501709, -303.553222656], [-37.7761917114, -673.565795898, 423.334075928, 903.251403809, 588.17956543, 529.275939941, 240.184204102, -154.52684021, -200.585418701, -102.358406067, -321.638153076, -398.544311523, -278.973114014], [-780.181945801, -529.694213867, 206.110809326, 588.17956543, 698.903076172, 468.338317871, 302.216369629, -41.0541763306, -75.5529251099, -91.3988800049, -218.653045654, -363.967834473, -213.990936279], [-218.227966309, -396.382843018, 332.682617188, 529.275939941, 468.338317871, 471.308258057, 235.033447266, -101.614334106, -131.50213623, -78.0606307983, -184.812561035, -307.828765869, -220.285049438], [-247.555389404, -201.428253174, 29.4556350708, 240.184204102, 302.216369629, 235.033447266, 197.760543823, -10.4040775299, -55.0380249023, -55.7062759399, -128.898223877, -184.646850586, -81.7469482422], [-174.613250732, 73.1493301392, -143.675552368, -154.52684021, -41.0541763306, -101.614334106, -10.4040775299, 86.3965301514, 69.0610275269, 10.0404405594, 33.744342804, 71.5661087036, 65.7456054688], [-539.923583984, 121.535949707, 20.1392593384, -200.585418701, -75.5529251099, -131.50213623, -55.0380249023, 69.0610275269, 151.747894287, 94.0405807495, 166.736083984, 132.677871704, 42.4688453674], [-427.429473877, 59.4240608215, 97.2598190308, -102.358406067, -91.3988800049, -78.0606307983, -55.7062759399, 10.0404405594, 94.0405807495, 148.665283203, 191.037414551, 145.0730896, 27.2137050629], [-618.354064941, 283.792297363, 162.54598999, -321.638153076, -218.653045654, -184.812561035, -128.898223877, 33.744342804, 166.736083984, 191.037414551, 380.116149902, 278.50088501, 58.4348106384], [-167.719055176, 301.032653809, -82.2420501709, -398.544311523, -363.967834473, -307.828765869, -184.646850586, 71.5661087036, 132.677871704, 145.0730896, 278.50088501, 358.556243896, 167.806655884], [142.828735352, 219.105194092, -303.553222656, -278.973114014, -213.990936279, -220.285049438, -81.7469482422, 65.7456054688, 42.4688453674, 27.2137050629, 58.4348106384, 167.806655884, 175.685043335]],
