{
"lowlevel": {
    "average_loudness": 0.97419655323,
    "barkbands_crest": {
        "dmean": 2.12267208099,
        "dmean2": 3.28107213974,
        "dvar": 12.3141012192,
        "dvar2": 33.9109954834,
        "max": 26.9259586334,
        "mean": 21.7171821594,
        "median": 24.8085918427,
        "min": 6.26675844193,
        "var": 37.0449943542
    },
    "barkbands_flatness_db": {
        "dmean": 0.025044394657,
        "dmean2": 0.0371212847531,
        "dvar": 0.0010358938016,
        "dvar2": 0.00236874446273,
        "max": 0.500800728798,
        "mean": 0.344372749329,
        "median": 0.356443971395,
        "min": 0.0659297257662,
        "var": 0.0149344690144
    },
    "barkbands_kurtosis": {
        "dmean": 39.4701004028,
        "dmean2": 60.6755943298,
        "dvar": 5394.19824219,
        "dvar2": 11720.9501953,
        "max": 869.688171387,
        "mean": 108.393783569,
        "median": 46.2296791077,
        "min": -1.61626923084,
        "var": 24718.2109375
    },
    "barkbands_skewness": {
        "dmean": 1.55672037601,
        "dmean2": 2.52719783783,
        "dvar": 2.8388273716,
        "dvar2": 6.87081098557,
        "max": 17.7085609436,
        "mean": 3.87973165512,
        "median": 2.69672775269,
        "min": -7.42248392105,
        "var": 22.3434238434
    },
    "barkbands_spread": {
        "dmean": 2.8871884346,
        "dmean2": 4.53124284744,
        "dvar": 72.4071502686,
        "dvar2": 204.959915161,
        "max": 62.8325538635,
        "mean": 4.86550474167,
        "median": 0.95585167408,
        "min": 0.0922691747546,
        "var": 97.6700363159
    },
    "dissonance": {
        "dmean": 0.0737170502543,
        "dmean2": 0.127488300204,
        "dvar": 0.00423904648051,
        "dvar2": 0.0116284172982,
        "max": 0.496799379587,
        "mean": 0.28462639451,
        "median": 0.266938388348,
        "min": 0.120065160096,
        "var": 0.0116616515443
    },
    "dynamic_complexity": 5.18589735031,
    "erbbands_crest": {
        "dmean": 2.30921530724,
        "dmean2": 3.51371049881,
        "dvar": 14.255314827,
        "dvar2": 34.864440918,
        "max": 33.6798286438,
        "mean": 24.0667705536,
        "median": 29.9267063141,
        "min": 5.75472259521,
        "var": 79.3649368286
    },
    "erbbands_flatness_db": {
        "dmean": 0.0218847896904,
        "dmean2": 0.031414732337,
        "dvar": 0.00120527716354,
        "dvar2": 0.00297224125825,
        "max": 0.506399989128,
        "mean": 0.356304854155,
        "median": 0.385804921389,
        "min": 0.0589614138007,
        "var": 0.0167880170047
    },
    "erbbands_kurtosis": {
        "dmean": 17.1420955658,
        "dmean2": 24.8769073486,
        "dvar": 861.381896973,
        "dvar2": 1936.82043457,
        "max": 313.587341309,
        "mean": 50.2163162231,
        "median": 38.19921875,
        "min": -0.647717952728,
        "var": 3074.39892578
    },
    "erbbands_skewness": {
        "dmean": 0.923679590225,
        "dmean2": 1.27913582325,
        "dvar": 1.21789634228,
        "dvar2": 2.81268024445,
        "max": 10.7484636307,
        "mean": 3.96716856956,
        "median": 3.91115760803,
        "min": -3.36379957199,
        "var": 8.90165424347
    },
    "erbbands_spread": {
        "dmean": 2.4209830761,
        "dmean2": 3.60941958427,
        "dvar": 59.4724578857,
        "dvar2": 165.699203491,
        "max": 62.7288208008,
        "mean": 8.56627750397,
        "median": 1.48119080067,
        "min": 0.317115336657,
        "var": 255.184692383
    },
    "hfc": {
        "dmean": 3.88220906258,
        "dmean2": 6.53208112717,
        "dvar": 276.503356934,
        "dvar2": 761.341064453,
        "max": 161.58782959,
        "mean": 13.1256723404,
        "median": 8.64705848694,
        "min": 0.0188494585454,
        "var": 344.43649292
    },
    "melbands_crest": {
        "dmean": 2.49222803116,
        "dmean2": 3.96223020554,
        "dvar": 12.0306196213,
        "dvar2": 35.9907836914,
        "max": 32.5460548401,
        "mean": 21.7548809052,
        "median": 22.9575634003,
        "min": 7.44156646729,
        "var": 26.5529289246
    },
    "melbands_flatness_db": {
        "dmean": 0.0259060822427,
        "dmean2": 0.0384537689388,
        "dvar": 0.00132025429048,
        "dvar2": 0.00337768509053,
        "max": 0.582560300827,
        "mean": 0.429209709167,
        "median": 0.448547005653,
        "min": 0.116689786315,
        "var": 0.0117626041174
    },
    "melbands_kurtosis": {
        "dmean": 11.5082483292,
        "dmean2": 17.8938560486,
        "dvar": 285.736724854,
        "dvar2": 491.967681885,
        "max": 236.450378418,
        "mean": 45.5677261353,
        "median": 26.4770317078,
        "min": 0.104647159576,
        "var": 2607.96411133
    },
    "melbands_skewness": {
        "dmean": 1.06865727901,
        "dmean2": 1.72996306419,
        "dvar": 1.07786822319,
        "dvar2": 2.69125127792,
        "max": 8.79643154144,
        "mean": 1.33671164513,
        "median": 0.965543568134,
        "min": -5.19222259521,
        "var": 9.28813457489
    },
    "melbands_spread": {
        "dmean": 1.79184997082,
        "dmean2": 3.06238555908,
        "dvar": 19.526512146,
        "dvar2": 56.0664176941,
        "max": 28.7360095978,
        "mean": 3.62076926231,
        "median": 1.59997355938,
        "min": 0.397487848997,
        "var": 24.9452228546
    },
    "pitch_salience": {
        "dmean": 0.0672620981932,
        "dmean2": 0.0994283184409,
        "dvar": 0.00970916263759,
        "dvar2": 0.0228218007833,
        "max": 0.798366010189,
        "mean": 0.27818223834,
        "median": 0.223824054003,
        "min": 0.0291228815913,
        "var": 0.038319312036
    },
    "silence_rate_20dB": {
        "dmean": 0,
        "dmean2": 0,
        "dvar": 0,
        "dvar2": 0,
        "max": 1,
        "mean": 1,
        "median": 1,
        "min": 1,
        "var": 0
    },
    "silence_rate_30dB": {
        "dmean": 0,
        "dmean2": 0,
        "dvar": 0,
        "dvar2": 0,
        "max": 1,
        "mean": 1,
        "median": 1,
        "min": 1,
        "var": 0
    },
    "silence_rate_60dB": {
        "dmean": 0.0500000007451,
        "dmean2": 0.100840337574,
        "dvar": 0.0475000329316,
        "dvar2": 0.124285042286,
        "max": 1,
        "mean": 0.190082639456,
        "median": 0,
        "min": 0,
        "var": 0.153951466084
    },
    "spectral_centroid": {
        "dmean": 74.4300689697,
        "dmean2": 120.194976807,
        "dvar": 33715.2695312,
        "dvar2": 86856.78125,
        "max": 1900.23803711,
        "mean": 669.895874023,
        "median": 664.266906738,
        "min": 364.154998779,
        "var": 33533.3789062
    },
    "spectral_complexity": {
        "dmean": 0.866666674614,
        "dmean2": 1.37815129757,
        "dvar": 3.99888682365,
        "dvar2": 6.48725414276,
        "max": 18,
        "mean": 2.96694207191,
        "median": 2,
        "min": 0,
        "var": 8.66006088257
    },
    "spectral_decrease": {
        "dmean": 8.13434375413e-10,
        "dmean2": 1.08446285285e-09,
        "dvar": 2.17083563559e-18,
        "dvar2": 4.72395899512e-18,
        "max": -2.51021404184e-12,
        "mean": -4.3926355886e-09,
        "median": -3.64933749886e-09,
        "min": -1.99711784887e-08,
        "var": 1.8280350739e-17
    },
    "spectral_energy": {
        "dmean": 0.00325044547208,
        "dmean2": 0.00423196330667,
        "dvar": 3.27950365318e-05,
        "dvar2": 7.15698552085e-05,
        "max": 0.0806179642677,
        "mean": 0.0177692975849,
        "median": 0.0145577713847,
        "min": 1.11838298835e-05,
        "var": 0.000298834056593
    },
    "spectral_energyband_high": {
        "dmean": 0.000197911431314,
        "dmean2": 0.000356146600097,
        "dvar": 1.88143292235e-06,
        "dvar2": 5.27030852027e-06,
        "max": 0.011842014268,
        "mean": 0.000133608235046,
        "median": 1.81335258276e-06,
        "min": 8.22453856131e-08,
        "var": 1.19791559428e-06
    },
    "spectral_energyband_low": {
        "dmean": 9.26923166844e-05,
        "dmean2": 0.000163725198945,
        "dvar": 1.8166626603e-07,
        "dvar2": 4.90551030907e-07,
        "max": 0.00382026471198,
        "mean": 9.2593683803e-05,
        "median": 4.1603907448e-05,
        "min": 2.07773359762e-06,
        "var": 1.26182342797e-07
    },
    "spectral_energyband_middle_high": {
        "dmean": 0.000433568930021,
        "dmean2": 0.00055839761626,
        "dvar": 1.23744541725e-06,
        "dvar2": 1.8947857825e-06,
        "max": 0.0102582490072,
        "mean": 0.000826192379463,
        "median": 0.000308731046971,
        "min": 1.16219882784e-06,
        "var": 2.62446633315e-06
    },
    "spectral_energyband_middle_low": {
        "dmean": 0.00313879083842,
        "dmean2": 0.00432238681242,
        "dvar": 3.51236049028e-05,
        "dvar2": 6.97712093825e-05,
        "max": 0.0786236524582,
        "mean": 0.0170036107302,
        "median": 0.0113492300734,
        "min": 3.98759402742e-06,
        "var": 0.000288436684059
    },
    "spectral_entropy": {
        "dmean": 0.239198774099,
        "dmean2": 0.341976195574,
        "dvar": 0.12389922142,
        "dvar2": 0.295046538115,
        "max": 8.33760070801,
        "mean": 5.22069406509,
        "median": 4.97534990311,
        "min": 3.50850152969,
        "var": 1.7288851738
    },
    "spectral_flux": {
        "dmean": 0.0115732187405,
        "dmean2": 0.0162318665534,
        "dvar": 0.000557049585041,
        "dvar2": 0.00103497866075,
        "max": 0.199695318937,
        "mean": 0.0259794481099,
        "median": 0.0107568884268,
        "min": 0.00293385819532,
        "var": 0.00135556759778
    },
    "spectral_kurtosis": {
        "dmean": 7.31261205673,
        "dmean2": 12.921620369,
        "dvar": 69.0172958374,
        "dvar2": 181.551513672,
        "max": 86.4345092773,
        "mean": 32.6667366028,
        "median": 30.8822250366,
        "min": 1.17799949646,
        "var": 332.167114258
    },
    "spectral_rms": {
        "dmean": 0.000365514948498,
        "dmean2": 0.000463957403554,
        "dvar": 3.21218351473e-07,
        "dvar2": 6.22846812348e-07,
        "max": 0.0088685778901,
        "mean": 0.0035652089864,
        "median": 0.00376864755526,
        "min": 0.000104455990368,
        "var": 4.62518119093e-06
    },
    "spectral_rolloff": {
        "dmean": 278.316680908,
        "dmean2": 544.301330566,
        "dvar": 2422939.5,
        "dvar2": 7230838,
        "max": 12919.921875,
        "mean": 768.967529297,
        "median": 667.529296875,
        "min": 279.931640625,
        "var": 1260465.25
    },
    "spectral_skewness": {
        "dmean": 0.547352075577,
        "dmean2": 0.962418138981,
        "dvar": 0.267872750759,
        "dvar2": 0.7052744627,
        "max": 7.48154687881,
        "mean": 4.60658311844,
        "median": 4.72868871689,
        "min": 1.39876270294,
        "var": 2.07093071938
    },
    "spectral_spread": {
        "dmean": 661022.6875,
        "dmean2": 1093532,
        "dvar": 1.0598940672e+12,
        "dvar2": 3.02482430362e+12,
        "max": 12914831,
        "mean": 3370279.75,
        "median": 2640817,
        "min": 934148,
        "var": 4.19344521626e+12
    },
    "spectral_strongpeak": {
        "dmean": 0.34332960844,
        "dmean2": 0.451173424721,
        "dvar": 0.366479963064,
        "dvar2": 0.62303930521,
        "max": 7.08815002441,
        "mean": 2.53607010841,
        "median": 2.09856176376,
        "min": 0,
        "var": 3.67626094818
    },
    "zerocrossingrate": {
        "dmean": 0.00436604814604,
        "dmean2": 0.00568293733522,
        "dvar": 9.38267985475e-05,
        "dvar2": 0.000151268541231,
        "max": 0.1396484375,
        "mean": 0.039716232568,
        "median": 0.02978515625,
        "min": 0.00537109375,
        "var": 0.000775705324486
    },
    "barkbands": {
        "dmean": [1.91602339328e-06, 3.02570588246e-05, 4.55374902231e-05, 0.000107116509753, 0.000369998917449, 0.00011134527449, 0.000203498653718, 0.000841484521516, 0.00195554294623, 0.000676673196722, 9.64662976912e-05, 3.56513301085e-05, 8.32780351629e-05, 1.01868727143e-06, 9.40823701967e-06, 2.55659801951e-06, 3.22948562825e-06, 1.222348601e-06, 2.56658336184e-06, 4.13481211581e-06, 4.9033956202e-06, 1.53372639033e-06, 2.3922912078e-06, 2.19257799472e-05, 3.4452721593e-05, 0.000118609073979, 1.33009698402e-05],
        "dmean2": [3.45886178366e-06, 5.21946894878e-05, 7.90477934061e-05, 0.000210459038499, 0.000732823915314, 0.000217353037442, 0.000282798602711, 0.00131832470652, 0.00231753778644, 0.000945783220232, 0.00011797031766, 6.61755475448e-05, 0.000128225467051, 1.83303529866e-06, 1.36239250423e-05, 4.91281525683e-06, 6.27867939329e-06, 2.33473497246e-06, 3.6989686123e-06, 6.88103455104e-06, 9.17909346754e-06, 2.78776815321e-06, 3.79792504646e-06, 4.08839150623e-05, 6.45097898087e-05, 0.000208339261007, 2.56282837654e-05],
        "dvar": [4.97208394248e-12, 3.06984171417e-09, 4.66893581574e-08, 4.8496991667e-07, 5.47601075596e-06, 3.95645571416e-07, 4.02903850727e-07, 5.14924659001e-06, 2.57152005361e-05, 4.71641533295e-06, 4.95323249083e-08, 5.32264401443e-08, 9.61778070518e-08, 2.60754074582e-11, 1.38822930928e-09, 3.02641633976e-10, 4.21468637768e-10, 6.49438558487e-11, 1.11224189581e-10, 4.61760935044e-10, 1.16512377524e-09, 1.05467787281e-10, 1.92962076873e-10, 2.40651996108e-08, 6.04379479796e-08, 6.55396831917e-07, 9.45925382467e-09],
        "dvar2": [1.49186843434e-11, 7.04821578879e-09, 1.24347721453e-07, 1.46129491441e-06, 1.68003007275e-05, 1.18893353829e-06, 8.70921383012e-07, 1.32189288706e-05, 3.39892540069e-05, 6.66063078825e-06, 8.71659011636e-08, 1.53762158561e-07, 2.06732650554e-07, 7.42941819176e-11, 3.78469833251e-09, 8.93262241952e-10, 1.25994592537e-09, 1.88639756593e-10, 2.47300596667e-10, 1.27181942755e-09, 3.34529803858e-09, 3.00204278103e-10, 4.36104624635e-10, 6.880661374e-08, 1.74220261329e-07, 1.80257165994e-06, 2.77315255204e-08],
        "max": [1.51108215505e-05, 0.000525808660313, 0.00193380960263, 0.00560082076117, 0.0185878165066, 0.0049161571078, 0.00585637334734, 0.0216944254935, 0.0783910676837, 0.0233225338161, 0.00177332060412, 0.0019217710942, 0.00302574899979, 4.34532557847e-05, 0.000339641963365, 0.000141572629218, 0.000166085825185, 6.64139733999e-05, 9.99523690552e-05, 0.000193580548512, 0.000285474350676, 8.84130568011e-05, 0.000131916123792, 0.00130515638739, 0.00206030090339, 0.00710443453863, 0.000793426297605],
        "mean": [2.10168786907e-06, 3.66436252079e-05, 3.58569923264e-05, 6.75217088428e-05, 0.000221268506721, 6.67803687975e-05, 0.000693273148499, 0.00187368469778, 0.0131779797375, 0.00103893538471, 0.000154182955157, 2.88211613224e-05, 0.000206105134566, 9.77726699602e-07, 1.56453315867e-05, 1.66559209447e-06, 2.34684830502e-06, 8.02071099315e-07, 5.82892607781e-06, 5.9479821175e-06, 3.30979264618e-06, 1.11394740543e-06, 3.20831372846e-06, 1.40779375215e-05, 2.12561953958e-05, 8.19869310362e-05, 7.81350354373e-06],
        "median": [1.54026042765e-06, 2.24212544708e-05, 7.14760699339e-06, 5.68168115933e-06, 1.95196153072e-05, 3.17428225571e-06, 3.880764325e-06, 7.13093550075e-06, 0.000661882339045, 1.7606325855e-05, 1.58240857218e-06, 7.76103547651e-07, 2.27876662393e-05, 2.27227843652e-07, 3.35933032147e-06, 2.81672953406e-07, 3.3537287436e-07, 1.22817240822e-07, 2.97056175214e-07, 6.05984212143e-07, 1.95096163225e-07, 1.16265503891e-07, 1.68378193166e-07, 1.696523384e-07, 1.75596554186e-07, 2.54426794299e-07, 5.50383106201e-07],
        "min": [5.33321227181e-08, 6.98334758908e-07, 9.20112910308e-08, 1.12925789608e-07, 1.95309985429e-06, 5.17255536181e-08, 1.73430720452e-07, 1.65258711604e-07, 2.35650304603e-07, 5.52438962131e-07, 3.77696522946e-08, 5.8764122457e-08, 9.79637064802e-08, 4.14035881136e-08, 2.89108417206e-08, 5.31242214663e-08, 1.86267676838e-08, 2.56273295918e-08, 2.23646221542e-08, 1.86793371881e-08, 1.32147324194e-08, 6.29865759549e-09, 1.11651825563e-08, 6.44604902789e-09, 8.78653594327e-09, 1.06037099101e-08, 1.72876486459e-08],
        "var": [5.30609063631e-12, 3.55962925802e-09, 3.30260299108e-08, 2.58364337924e-07, 2.85687929136e-06, 2.08289421266e-07, 2.32388106269e-06, 1.48361305037e-05, 0.000329880625941, 1.36022063089e-05, 1.27869611788e-07, 3.06001020078e-08, 2.12157019064e-07, 1.65236088701e-11, 1.3069336724e-09, 1.63780100593e-10, 2.25883076133e-10, 3.62943772259e-11, 1.63440191936e-10, 3.61174257169e-10, 6.77968847729e-10, 6.60596230495e-11, 2.02746347489e-10, 1.42489628985e-08, 3.5430961276e-08, 4.39685919673e-07, 5.1798809686e-09]
    },
    "erbbands": {
        "dmean": [0.000972839945462, 0.00741805927828, 0.0419206246734, 0.197886362672, 1.27400863171, 0.925772368908, 0.896490037441, 0.71177226305, 1.5050547123, 3.7496407032, 31.5654945374, 51.8164100647, 25.4429683685, 7.36610651016, 1.4178416729, 2.19934058189, 3.55057191849, 0.252687782049, 0.2174795717, 0.518624663353, 0.116084001958, 0.165515437722, 0.111580640078, 0.146053865552, 0.0771043077111, 0.255829691887, 0.216601610184, 0.141126453876, 0.0500124916434, 0.0724991634488, 0.0904501453042, 0.326245725155, 0.36762329936, 0.0736183151603, 0.475866287947, 0.701520800591, 0.14746811986, 0.0166183952242, 0.00218302779831, 0.000189586018678],
        "dmean2": [0.0016962941736, 0.0126061886549, 0.0718595832586, 0.380098164082, 2.53192782402, 1.82073521614, 1.76363992691, 1.3720241785, 2.20446777344, 4.6752948761, 45.5986633301, 60.7134971619, 36.0831069946, 10.0810279846, 1.87389147282, 3.82652115822, 5.47207546234, 0.363220632076, 0.398286640644, 0.693989932537, 0.20112118125, 0.322134464979, 0.213045850396, 0.210405394435, 0.12372738868, 0.431202977896, 0.411676108837, 0.260024279356, 0.0853332877159, 0.119453288615, 0.14434684813, 0.620317041874, 0.678924202919, 0.131800949574, 0.902715504169, 1.27605986595, 0.236870676279, 0.028491852805, 0.00410712510347, 0.000370711350115],
        "dvar": [1.87919977179e-06, 0.000336545839673, 0.0365766733885, 1.58702909946, 66.0482254028, 34.6354751587, 29.3143997192, 12.3972949982, 21.0593147278, 59.2122459412, 4314.24365234, 17045.9628906, 7622.32958984, 397.347747803, 15.8475255966, 141.493347168, 180.681472778, 0.806507885456, 1.83701622486, 3.08968043327, 0.368622481823, 1.24019956589, 0.579753041267, 0.340033650398, 0.160246357322, 1.886546731, 2.31923031807, 0.911957621574, 0.0980291292071, 0.18651637435, 0.27398365736, 5.48823451996, 6.66219234467, 0.254765629768, 11.806687355, 24.0834884644, 0.922124445438, 0.0124097596854, 0.000244304246735, 1.92988431991e-06],
        "dvar2": [5.20902995049e-06, 0.000823788403068, 0.0961534753442, 4.71434640884, 203.865859985, 105.12297821, 87.7320022583, 37.2708930969, 48.4763908386, 81.1893692017, 11181.0976562, 25039.9804688, 10112.1464844, 914.813964844, 36.701335907, 394.750305176, 373.783477783, 1.94011557102, 5.37258815765, 7.89777565002, 1.07756137848, 3.69397115707, 1.69453191757, 0.747034370899, 0.417330741882, 5.23951339722, 6.73054885864, 2.58949494362, 0.264364749193, 0.490954309702, 0.629625320435, 15.897816658, 18.9130496979, 0.708203792572, 34.2973594666, 68.0936737061, 2.35450720787, 0.0332437381148, 0.000704047561157, 5.7116840253e-06],
        "max": [0.00976613163948, 0.177309826016, 1.72708308697, 10.2853155136, 64.1043701172, 47.1083374023, 43.125793457, 26.9893360138, 38.8918228149, 86.3170928955, 565.370544434, 2012.65527344, 982.408081055, 167.539047241, 37.9332962036, 106.827713013, 130.922637939, 8.87558460236, 11.3444986343, 16.4585151672, 5.12198925018, 9.04804420471, 6.28325271606, 5.52143096924, 3.72599077225, 12.2391767502, 12.579829216, 8.09545612335, 2.8392496109, 4.02128744125, 4.88085603714, 19.3922157288, 21.8864994049, 4.3749127388, 28.4658565521, 42.0339813232, 8.82723712921, 0.992342531681, 0.13025790453, 0.011197173968],
        "mean": [0.00107517500874, 0.00845348276198, 0.0362368710339, 0.13148202002, 0.736508727074, 0.573335409164, 0.545984745026, 0.515013992786, 4.93586158752, 14.7025547028, 124.056777954, 336.015289307, 55.9282264709, 11.0686502457, 2.20036888123, 3.03393220901, 9.2392168045, 0.509277224541, 0.206722900271, 0.962690830231, 0.133624330163, 0.1136245206, 0.0776770114899, 0.342714369297, 0.138914108276, 0.352133870125, 0.140629529953, 0.101773589849, 0.044864565134, 0.0795412063599, 0.106732420623, 0.201263636351, 0.240695029497, 0.0503850504756, 0.282078891993, 0.455390870571, 0.119105525315, 0.0116003779694, 0.00133270840161, 0.000127504696138],
        "median": [0.000616956560407, 0.00416221609339, 0.0103570576757, 0.0168210938573, 0.0497293099761, 0.0540991984308, 0.0229603666812, 0.0351826585829, 0.165113911033, 4.29681396484, 116.232437134, 36.8642539978, 23.0275611877, 1.61754691601, 0.256873250008, 0.561170101166, 1.29310071468, 0.177262187004, 0.082180686295, 0.0991540923715, 0.0553638190031, 0.0182798299938, 0.0135328033939, 0.0139851579443, 0.016552420333, 0.0281376410276, 0.00971090141684, 0.00696435756981, 0.00490731978789, 0.00513883074746, 0.00463832635432, 0.00321520958096, 0.00291763572022, 0.00179442123044, 0.00144033110701, 0.000876456324477, 0.000464763928903, 0.000210250873351, 7.6124597399e-05, 2.81823413388e-05],
        "min": [1.71481315192e-05, 0.000130012369482, 0.000324987486238, 0.000514891638886, 0.00216016336344, 0.00804210547358, 0.00299245142378, 0.00390921952203, 0.00448796339333, 0.00669677136466, 0.00456025870517, 0.00647342205048, 0.0301889106631, 0.00529316766188, 0.00282907579094, 0.00262106535956, 0.00537457782775, 0.0043856180273, 0.00230599730276, 0.00213530450128, 0.00239662127569, 0.00122294481844, 0.0016390257515, 0.00115863000974, 0.00120806728955, 0.000782122078817, 0.000650819216389, 0.000473294610856, 0.0002005588467, 0.000330170762027, 0.000317843398079, 0.000151209591422, 0.000102422163764, 9.32962648221e-05, 7.31918335077e-05, 4.44229954155e-05, 1.81775594683e-05, 5.12318274559e-06, 2.25591634262e-06, 4.19488799253e-07],
        "var": [2.12935356103e-06, 0.000322435749695, 0.0267900731415, 0.872225880623, 33.9515342712, 18.3244552612, 15.6342849731, 6.69890546799, 104.890365601, 452.400146484, 14519.7792969, 205412.8125, 23567.3632812, 502.423248291, 22.2567005157, 105.219039917, 414.513305664, 1.09116435051, 1.04982841015, 3.95810508728, 0.216909214854, 0.669881641865, 0.324588030577, 0.534765779972, 0.145446568727, 1.4067054987, 1.30557656288, 0.551030635834, 0.0727430060506, 0.155092030764, 0.267009824514, 3.11501336098, 4.03031635284, 0.164084360003, 6.72123289108, 14.9990253448, 0.743618547916, 0.00870332960039, 0.000140888776514, 1.02493265786e-06]
    },
    "gfcc": {
        "mean": [-192.511032104, 98.5065155029, -90.7866134644, -46.6461830139, -69.7004318237, 1.44138467312, -2.37627601624, 22.5127296448, -7.25601768494, 2.93014669418, -20.2067832947, -21.6747379303, -21.7567901611],
        "cov": [[4133.55761719, -394.350189209, -814.140197754, -932.63092041, -738.999694824, 245.960479736, 101.535842896, 305.905303955, -322.945343018, -72.849319458, -454.01385498, -429.872344971, -408.721099854], [-394.350189209, 1209.95397949, 31.5893993378, -344.367553711, -60.2949676514, -114.983139038, 127.569313049, 2.14813995361, 205.389266968, -4.08155632019, 79.9621887207, 31.8621902466, 140.807128906], [-814.140197754, 31.5893993378, 973.373962402, 419.333709717, 238.551452637, -48.7469673157, -319.935699463, -218.003555298, -87.5136947632, 88.2339935303, 163.467590332, 532.308349609, 255.115936279], [-932.63092041, -344.367553711, 419.333709717, 634.620849609, 319.198547363, -47.0408325195, -157.157669067, -117.916786194, -32.5708198547, -1.16586649418, 82.6898269653, 148.848312378, 123.208297729], [-738.999694824, -60.2949676514, 238.551452637, 319.198547363, 356.645141602, -15.8800678253, -76.6541748047, -100.152999878, 32.3243179321, 3.38834810257, 40.4257354736, 99.554107666, 132.404434204], [245.960479736, -114.983139038, -48.7469673157, -47.0408325195, -15.8800678253, 89.5981369019, 3.57817339897, -7.75926733017, -64.5230789185, 8.93499660492, -5.12864732742, 14.3182344437, -33.9526252747], [101.535842896, 127.569313049, -319.935699463, -157.157669067, -76.6541748047, 3.57817339897, 198.082611084, 100.038101196, 79.4282302856, -25.7278804779, -27.7532463074, -194.057830811, -61.8985176086], [305.905303955, 2.14813995361, -218.003555298, -117.916786194, -100.152999878, -7.75926733017, 100.038101196, 160.331375122, 78.4673538208, -32.8455619812, -118.87223053, -189.584457397, -78.277671814], [-322.945343018, 205.389266968, -87.5136947632, -32.5708198547, 32.3243179321, -64.5230789185, 79.4282302856, 78.4673538208, 180.464828491, 17.0483131409, -10.728852272, -103.112510681, -9.64549636841], [-72.849319458, -4.08155632019, 88.2339935303, -1.16586649418, 3.38834810257, 8.93499660492, -25.7278804779, -32.8455619812, 17.0483131409, 91.7399902344, 94.5937271118, 96.1332244873, -10.5804662704], [-454.01385498, 79.9621887207, 163.467590332, 82.6898269653, 40.4257354736, -5.12864732742, -27.7532463074, -118.87223053, -10.728852272, 94.5937271118, 257.197601318, 232.948440552, 42.8846168518], [-429.872344971, 31.8621902466, 532.308349609, 148.848312378, 99.554107666, 14.3182344437, -194.057830811, -189.584457397, -103.112510681, 96.1332244873, 232.948440552, 482.332611084, 170.160842896], [-408.721099854, 140.807128906, 255.115936279, 123.208297729, 132.404434204, -33.9526252747, -61.8985176086, -78.277671814, -9.64549636841, -10.5804662704, 42.8846168518, 170.160842896, 191.568450928]],
        "icov": [[0.00107178639155, -0.000219087756705, 0.000486486271257, 0.000842552573886, 9.65347062447e-05, 0.000216897315113, 0.000899975188076, -0.00227031973191, 0.00361321610399, -0.00228507095017, 0.00120162265375, 0.000188993522897, 0.000211668884731], [-0.000219087756705, 0.00308649078943, -0.00254452624358, 0.00327875139192, 0.000476095185149, -0.00067021464929, 5.50972072233e-06, 0.00218480732292, -0.00476441439241, 0.00480055157095, -0.00439132610336, 0.00338717573322, -0.00300990743563], [0.000486486271257, -0.00254452624358, 0.00871702190489, -0.00555996131152, 0.000744293793105, 0.00388300674967, 0.000103521051642, 6.93067486282e-05, 0.00333605590276, -0.00835871417075, 0.0108605558053, -0.0111889690161, 0.00232471805066], [0.000842552573886, 0.00327875139192, -0.00555996131152, 0.0109261516482, -0.00466221896932, 0.000566286442336, 0.00564204202965, -0.00576621806249, 0.00283745140769, 0.0060625160113, -0.0121536916122, 0.0109025398269, -0.0039314054884], [9.65347062447e-05, 0.000476095185149, 0.000744293793105, -0.00466221896932, 0.0111191673204, -0.00715182628483, -0.000555254984647, 0.00940637011081, -0.00954908039421, 0.000409256899729, 0.00405978132039, -0.00048058401444, -0.00436528632417], [0.000216897315113, -0.00067021464929, 0.00388300674967, 0.000566286442336, -0.00715182628483, 0.029631011188, -0.00947384070605, -0.0029461637605, 0.016052654013, -0.0109133673832, 0.0108322054148, -0.0115250684321, 0.00936756376177], [0.000899975188076, 5.50972072233e-06, 0.000103521051642, 0.00564204202965, -0.000555254984647, -0.00947384070605, 0.0274843964726, -0.0143684139475, 0.00132232066244, 0.00476313522086, -0.0197924301028, 0.0174960978329, -0.010916874744], [-0.00227031973191, 0.00218480732292, 6.93067486282e-05, -0.00576621806249, 0.00940637011081, -0.0029461637605, -0.0143684139475, 0.0375315025449, -0.0246592350304, 0.00579923624173, 0.0153852244839, -0.00868077669293, 0.00418162578717], [0.00361321610399, -0.00476441439241, 0.00333605590276, 0.00283745140769, -0.00954908039421, 0.016052654013, 0.00132232066244, -0.0246592350304, 0.0407119914889, -0.0226384103298, 0.0032025729306, 0.00186277471948, 0.00316745834425], [-0.00228507095017, 0.00480055157095, -0.00835871417075, 0.0060625160113, 0.000409256899729, -0.0109133673832, 0.00476313522086, 0.00579923624173, -0.0226384103298, 0.0415615513921, -0.0213545337319, 0.00633245101199, 0.000831373268738], [0.00120162265375, -0.00439132610336, 0.0108605558053, -0.0121536916122, 0.00405978132039, 0.0108322054148, -0.0197924301028, 0.0153852244839, 0.0032025729306, -0.0213545337319, 0.0421877577901, -0.0306425355375, 0.0149061232805], [0.000188993522897, 0.00338717573322, -0.0111889690161, 0.0109025398269, -0.00048058401444, -0.0115250684321, 0.0174960978329, -0.00868077669293, 0.00186277471948, 0.00633245101199, -0.0306425355375, 0.0353062078357, -0.0178597681224], [0.000211668884731, -0.00300990743563, 0.00232471805066, -0.0039314054884, -0.00436528632417, 0.00936756376177, -0.010916874744, 0.00418162578717, 0.00316745834425, 0.000831373268738, 0.0149061232805, -0.0178597681224, 0.0229077544063]]
    },
    "melbands": {
        "dmean": [8.14382838144e-06, 1.66803602042e-05, 6.38127239654e-05, 9.42405458773e-05, 2.75357106148e-05, 1.65474521054e-05, 3.1512863643e-05, 5.63512185181e-05, 0.000313751021167, 0.000282725755824, 0.000123272737255, 2.85886071651e-05, 7.44123326513e-06, 2.5916656341e-06, 1.23242489281e-05, 4.13074940298e-06, 1.29489919232e-07, 2.55987799846e-07, 6.97603411481e-07, 4.67251112468e-07, 8.73375540777e-08, 1.37646509302e-07, 2.08257375789e-07, 4.27377422341e-08, 1.35546443403e-07, 6.14804704924e-08, 1.08400961096e-07, 1.66898928455e-07, 1.16539098372e-07, 9.67326769796e-08, 8.24498584961e-08, 1.65899205484e-08, 4.68608654103e-08, 3.69679931111e-08, 4.61775115923e-08, 5.31060386777e-08, 2.89873099746e-07, 3.03133305124e-07, 1.29722081965e-07, 1.90043873971e-08],
        "dmean2": [1.46845359268e-05, 2.85380174319e-05, 0.000126036669826, 0.000187032113899, 5.32564554305e-05, 3.22464329656e-05, 4.49882390967e-05, 7.33893248253e-05, 0.000425428821472, 0.000338076846674, 0.000174394779606, 4.08059058827e-05, 9.55024370342e-06, 4.58582144347e-06, 1.95099473785e-05, 6.11959649177e-06, 2.20377003757e-07, 4.93869151796e-07, 1.04230241504e-06, 6.71139105179e-07, 1.6152517901e-07, 2.64780283032e-07, 4.08885625802e-07, 7.98345283215e-08, 1.96724073476e-07, 8.95170302329e-08, 1.7020933285e-07, 2.86941144623e-07, 2.22329418875e-07, 1.86034000649e-07, 1.466249131e-07, 2.70270454905e-08, 8.62384013089e-08, 5.633708966e-08, 7.80199727046e-08, 9.46988549799e-08, 5.48709920167e-07, 5.5737632465e-07, 2.37147759208e-07, 3.05028038383e-08],
        "dvar": [1.47182654953e-10, 5.31615329535e-09, 1.71070823285e-07, 3.60327817361e-07, 2.67099000695e-08, 7.5617299089e-09, 9.5284331536e-09, 1.27532180372e-08, 3.88035999777e-07, 4.92705510169e-07, 1.83958661637e-07, 9.62796331549e-09, 3.36606992279e-10, 2.17143691916e-10, 3.13220360759e-09, 1.73419903438e-10, 3.2157715618e-13, 2.973382391e-12, 8.44597568966e-12, 3.41400800859e-12, 1.81997998486e-13, 7.63229269281e-13, 2.17201452136e-12, 7.08192863077e-14, 2.84372650211e-13, 6.68832529508e-14, 2.47478171853e-13, 8.66740652774e-13, 6.74751975214e-13, 4.79100103774e-13, 2.82541649582e-13, 9.3711811992e-15, 1.02224327093e-13, 3.93908199787e-14, 6.94728224059e-14, 1.18636152876e-13, 4.31000157439e-12, 4.48916077922e-12, 8.15702214975e-13, 1.42365113432e-14],
        "dvar2": [3.29292454415e-10, 1.38805518191e-08, 5.18532317528e-07, 1.10873611447e-06, 7.9328728475e-08, 2.27049383739e-08, 2.14302176005e-08, 1.96918978901e-08, 7.64088497363e-07, 7.37013408525e-07, 2.44709639219e-07, 2.38055033464e-08, 6.94977353444e-10, 6.12190020899e-10, 8.00939492507e-09, 3.28923277504e-10, 8.85279479931e-13, 8.74068439155e-12, 2.3226004453e-11, 9.3297418402e-12, 5.35383586422e-13, 2.27113206713e-12, 6.4755011249e-12, 2.02662647948e-13, 6.11496367865e-13, 1.50402869954e-13, 6.51883549311e-13, 2.43999568814e-12, 1.96026203082e-12, 1.40049029231e-12, 7.80946325402e-13, 2.40363454238e-14, 2.93511281902e-13, 9.60168698564e-14, 1.51778627644e-13, 3.25814760371e-13, 1.24498094126e-11, 1.27027780655e-11, 2.29244314504e-12, 3.62654513624e-14],
        "max": [9.44750063354e-05, 0.000666214502417, 0.00332177430391, 0.00474427687004, 0.00131636788137, 0.000671258079819, 0.000873322773259, 0.00132594606839, 0.00728068593889, 0.0108191072941, 0.00478452211246, 0.000871167343576, 0.000135701324325, 0.000127699575387, 0.000538988504559, 0.000137001814437, 4.92278059028e-06, 1.41040882227e-05, 2.63161109615e-05, 1.67759662872e-05, 3.45937951352e-06, 7.11635902917e-06, 1.18974558063e-05, 2.23233860197e-06, 5.02538387082e-06, 2.44965531238e-06, 4.62979051008e-06, 8.17724503577e-06, 6.77406023897e-06, 5.65679147257e-06, 4.62032949144e-06, 9.05630201942e-07, 2.72505917565e-06, 1.9331769181e-06, 2.42124701799e-06, 3.01220575238e-06, 1.72474919964e-05, 1.80334718607e-05, 7.72001567384e-06, 1.10365772343e-06],
        "mean": [9.84277539828e-06, 1.61989482876e-05, 4.01332181355e-05, 5.51446537429e-05, 1.73098578671e-05, 1.02259873529e-05, 0.000105275204987, 0.000178788934136, 0.00160749279894, 0.00179849995766, 0.000205614735023, 3.6153185647e-05, 1.16112496471e-05, 2.58861155089e-06, 2.35304323724e-05, 1.08538788481e-05, 1.52023815758e-07, 1.80764232027e-07, 1.09269819859e-06, 7.70273288708e-07, 8.6354106088e-08, 1.01551364651e-07, 1.25113388094e-07, 2.8929939333e-08, 3.26824988406e-07, 1.29728249476e-07, 1.85654570828e-07, 2.12428275859e-07, 7.23008852788e-08, 5.82379975356e-08, 6.52219256381e-08, 1.70678315925e-08, 3.22360023119e-08, 5.07768014302e-08, 5.73387239911e-08, 4.22215968854e-08, 1.79938652423e-07, 2.02979052233e-07, 8.41225187287e-08, 1.65347149306e-08],
        "median": [6.05912509855e-06, 6.46027183393e-06, 4.14892429035e-06, 5.16432010045e-06, 9.83570657809e-07, 4.98825500017e-07, 7.11608947768e-07, 1.5277781813e-06, 0.00157857732847, 0.00013613338524, 6.54688903978e-07, 1.87383238881e-06, 2.62120238403e-07, 8.90987550406e-08, 2.09674635698e-06, 2.07751759262e-06, 4.416575905e-08, 1.67258118466e-08, 2.44227209123e-07, 5.50099237273e-08, 1.33675346348e-08, 1.51831187623e-08, 1.09047659791e-08, 4.91603158181e-09, 1.01984349854e-08, 1.23598047352e-08, 1.11218803056e-08, 2.13380193514e-08, 5.61226487505e-09, 4.40547953673e-09, 3.70022834595e-09, 2.67054889314e-09, 2.15389772684e-09, 2.9182305461e-09, 2.88771628831e-09, 2.41941755519e-09, 1.77546466418e-09, 2.12348316708e-09, 1.69754410528e-09, 1.40194855724e-09],
        "min": [2.63105732756e-07, 2.10967513681e-07, 1.23570615074e-07, 3.45685378988e-07, 7.47447330696e-08, 9.12837094802e-09, 3.74858935004e-08, 6.41839505988e-08, 9.47475875535e-09, 4.81399453633e-08, 2.31198633571e-08, 1.38154394591e-08, 6.01567240466e-09, 6.07549521803e-09, 9.84081882649e-09, 1.01844435108e-08, 5.22854115559e-09, 2.86395129834e-09, 2.19077134211e-09, 3.79282072416e-09, 1.29303334706e-09, 1.12445142086e-09, 1.34983180189e-09, 1.20613674603e-09, 8.5809559458e-10, 8.19103673777e-10, 7.67381824751e-10, 4.91551688242e-10, 4.52187870481e-10, 4.39126818241e-10, 1.78439166221e-10, 1.00754717069e-10, 1.29910041058e-10, 2.08574449378e-10, 2.13944278959e-10, 1.12494930038e-10, 8.21934881268e-11, 8.1653579731e-11, 6.49106532413e-11, 7.86354870108e-11],
        "var": [1.89181711963e-10, 3.99916855187e-09, 9.09503938828e-08, 1.85756746873e-07, 1.46390926048e-08, 4.05186151298e-09, 5.21510585827e-08, 7.01700244576e-08, 2.84194993583e-06, 5.91746402279e-06, 5.7501313222e-07, 9.3711767235e-09, 6.88169965457e-10, 1.39958905576e-10, 3.95349708526e-09, 4.66094551843e-10, 2.24827128486e-13, 1.63004711725e-12, 7.32394960651e-12, 3.28077560778e-12, 1.04138479253e-13, 4.1463688494e-13, 1.16050973085e-12, 4.13771935551e-14, 4.73599458262e-13, 8.83141487457e-14, 2.48413269122e-13, 6.00828740059e-13, 3.78159282317e-13, 2.63352707697e-13, 1.84911019331e-13, 7.89560745344e-15, 6.23676389938e-14, 4.23488995878e-14, 7.24040036368e-14, 7.83354433295e-14, 2.46969415404e-12, 2.74484623398e-12, 5.04729721559e-13, 1.16495143271e-14]
    },
    "mfcc": {
        "mean": [-881.546813965, 156.034240723, 17.557062149, -11.8827819824, -26.4815196991, -12.2436599731, 5.13693714142, 5.38743877411, 8.77620220184, 29.8388805389, 10.0934438705, 3.10224270821, -1.29814362526],
        "cov": [[3854.99316406, 1.9104886055, -252.430892944, -952.242736816, -733.735107422, -248.015899658, 172.979705811, 244.239242554, -4.72250270844, 194.724349976, -205.516540527, -134.852767944, -321.976287842], [1.9104886055, 1262.91955566, 149.338439941, -257.529296875, -96.2189712524, -159.484924316, -239.920120239, -49.7074623108, 222.427444458, -327.858276367, 41.3443603516, 281.690582275, 145.511398315], [-252.430892944, 149.338439941, 307.950286865, 85.4883804321, 121.560562134, 25.5961551666, -80.6067962646, -36.3008956909, -7.12053203583, -303.181091309, -79.6713104248, 103.962753296, 100.943153381], [-952.242736816, -257.529296875, 85.4883804321, 515.686584473, 328.831176758, 100.563491821, -22.3205757141, -108.801795959, -23.4234809875, 52.4288291931, 40.890499115, -55.6878547668, 43.1132545471], [-733.735107422, -96.2189712524, 121.560562134, 328.831176758, 347.374481201, 110.608543396, -65.3925476074, -83.1203384399, 9.31246089935, -148.742492676, -10.4137210846, 7.0256357193, 51.1762046814], [-248.015899658, -159.484924316, 25.5961551666, 100.563491821, 110.608543396, 98.6458587646, 37.7004928589, -15.6282243729, -54.3396224976, -54.5893287659, -26.7696342468, -20.6023006439, 23.4005775452], [172.979705811, -239.920120239, -80.6067962646, -22.3205757141, -65.3925476074, 37.7004928589, 123.205245972, 47.5629768372, -73.8790664673, 112.583328247, -17.7435894012, -83.5366287231, -48.2447357178], [244.239242554, -49.7074623108, -36.3008956909, -108.801795959, -83.1203384399, -15.6282243729, 47.5629768372, 101.300849915, 7.99353027344, 20.564157486, -37.0783195496, -24.0218639374, -51.7238769531], [-4.72250270844, 222.427444458, -7.12053203583, -23.4234809875, 9.31246089935, -54.3396224976, -73.8790664673, 7.99353027344, 151.892654419, 18.3527603149, 19.8961849213, 15.9397535324, -42.8034591675], [194.724349976, -327.858276367, -303.181091309, 52.4288291931, -148.742492676, -54.5893287659, 112.583328247, 20.564157486, 18.3527603149, 631.120788574, 153.855697632, -226.567245483, -201.499725342], [-205.516540527, 41.3443603516, -79.6713104248, 40.890499115, -10.4137210846, -26.7696342468, -17.7435894012, -37.0783195496, 19.8961849213, 153.855697632, 155.835189819, 26.1942863464, 3.01522684097], [-134.852767944, 281.690582275, 103.962753296, -55.6878547668, 7.0256357193, -20.6023006439, -83.5366287231, -24.0218639374, 15.9397535324, -226.567245483, 26.1942863464, 216.218963623, 162.697357178], [-321.976287842, 145.511398315, 100.943153381, 43.1132545471, 51.1762046814, 23.4005775452, -48.2447357178, -51.7238769531, -42.8034591675, -201.499725342, 3.01522684097, 162.697357178, 226.716217041]],
