{
"lowlevel": {
    "average_loudness": 0.985500991344,
    "barkbands_crest": {
        "dmean": 2.61679601669,
        "dmean2": 4.18414163589,
        "dvar": 5.24882316589,
        "dvar2": 12.1101636887,
        "max": 25.1142444611,
        "mean": 11.7542524338,
        "median": 11.045583725,
        "min": 3.96865916252,
        "var": 18.8990135193
    },
    "barkbands_flatness_db": {
        "dmean": 0.0233631320298,
        "dmean2": 0.0322133563459,
        "dvar": 0.000476286717458,
        "dvar2": 0.000590891868342,
        "max": 0.370007872581,
        "mean": 0.17411673069,
        "median": 0.173074692488,
        "min": 0.0434079542756,
        "var": 0.00386610068381
    },
    "barkbands_kurtosis": {
        "dmean": 8.9824962616,
        "dmean2": 12.2197170258,
        "dvar": 308.199707031,
        "dvar2": 614.749145508,
        "max": 172.557098389,
        "mean": 17.8485527039,
        "median": 7.64552783966,
        "min": -1.71740651131,
        "var": 1146.44091797
    },
    "barkbands_skewness": {
        "dmean": 0.612710058689,
        "dmean2": 0.955238759518,
        "dvar": 0.503180503845,
        "dvar2": 0.883166253567,
        "max": 8.96053218842,
        "mean": 2.15192985535,
        "median": 1.56192398071,
        "min": -0.101883627474,
        "var": 3.91915750504
    },
    "barkbands_spread": {
        "dmean": 3.59230303764,
        "dmean2": 5.55158519745,
        "dvar": 36.4304389954,
        "dvar2": 59.031879425,
        "max": 75.117149353,
        "mean": 15.5438833237,
        "median": 10.3918476105,
        "min": 0.355749279261,
        "var": 275.66418457
    },
    "dissonance": {
        "dmean": 0.0457055605948,
        "dmean2": 0.0789900869131,
        "dvar": 0.00181618088391,
        "dvar2": 0.00499185733497,
        "max": 0.498030483723,
        "mean": 0.423177778721,
        "median": 0.426065504551,
        "min": 0.218711584806,
        "var": 0.00353969819844
    },
    "dynamic_complexity": 14.1989850998,
    "erbbands_crest": {
        "dmean": 1.92468452454,
        "dmean2": 2.79296803474,
        "dvar": 4.37256240845,
        "dvar2": 7.13729047775,
        "max": 33.3327980042,
        "mean": 16.7079200745,
        "median": 17.7075271606,
        "min": 3.78677678108,
        "var": 45.3540420532
    },
    "erbbands_flatness_db": {
        "dmean": 0.0144818294793,
        "dmean2": 0.0186331775039,
        "dvar": 0.000398377538659,
        "dvar2": 0.000246690528002,
        "max": 0.432972699404,
        "mean": 0.179014608264,
        "median": 0.164706811309,
        "min": 0.0706964507699,
        "var": 0.00664399284869
    },
    "erbbands_kurtosis": {
        "dmean": 8.32550144196,
        "dmean2": 12.0320491791,
        "dvar": 206.038925171,
        "dvar2": 504.341522217,
        "max": 128.568084717,
        "mean": 19.8218212128,
        "median": 12.1214590073,
        "min": -1.278891325,
        "var": 645.458984375
    },
    "erbbands_skewness": {
        "dmean": 0.787165224552,
        "dmean2": 1.27259755135,
        "dvar": 0.837733209133,
        "dvar2": 2.09809422493,
        "max": 8.45322608948,
        "mean": 2.19812393188,
        "median": 1.83711659908,
        "min": -1.49206447601,
        "var": 4.36624526978
    },
    "erbbands_spread": {
        "dmean": 3.54362988472,
        "dmean2": 5.66210651398,
        "dvar": 17.3236446381,
        "dvar2": 31.0482463837,
        "max": 72.7620162964,
        "mean": 19.0590190887,
        "median": 12.2324523926,
        "min": 0.793113052845,
        "var": 313.883209229
    },
    "hfc": {
        "dmean": 3.17296695709,
        "dmean2": 4.83063745499,
        "dvar": 112.389595032,
        "dvar2": 211.191146851,
        "max": 110.549583435,
        "mean": 6.7412815094,
        "median": 0.245262354612,
        "min": 0.104195140302,
        "var": 454.672912598
    },
    "melbands_crest": {
        "dmean": 4.08424520493,
        "dmean2": 6.79954528809,
        "dvar": 11.1352787018,
        "dvar2": 24.9276847839,
        "max": 33.7825698853,
        "mean": 17.0114860535,
        "median": 15.3431091309,
        "min": 8.78711128235,
        "var": 30.259311676
    },
    "melbands_flatness_db": {
        "dmean": 0.0292703416198,
        "dmean2": 0.0419545546174,
        "dvar": 0.000628622423392,
        "dvar2": 0.00104524893686,
        "max": 0.404786497355,
        "mean": 0.278669118881,
        "median": 0.294451385736,
        "min": 0.0803109705448,
        "var": 0.00457606511191
    },
    "melbands_kurtosis": {
        "dmean": 8.44238376617,
        "dmean2": 12.8240299225,
        "dvar": 248.726669312,
        "dvar2": 549.542480469,
        "max": 153.933166504,
        "mean": 16.345249176,
        "median": 3.90767097473,
        "min": -1.09988760948,
        "var": 989.386474609
    },
    "melbands_skewness": {
        "dmean": 0.730626523495,
        "dmean2": 1.2706362009,
        "dvar": 0.466410666704,
        "dvar2": 0.956079185009,
        "max": 5.9667506218,
        "mean": 1.85421824455,
        "median": 1.5174421072,
        "min": -1.47440326214,
        "var": 3.12846922874
    },
    "melbands_spread": {
        "dmean": 4.74910831451,
        "dmean2": 7.29447460175,
        "dvar": 93.996307373,
        "dvar2": 155.126113892,
        "max": 85.0280532837,
        "mean": 14.6590576172,
        "median": 11.0874214172,
        "min": 0.560864210129,
        "var": 273.276489258
    },
    "pitch_salience": {
        "dmean": 0.0977717116475,
        "dmean2": 0.156070694327,
        "dvar": 0.00711097195745,
        "dvar2": 0.0172381754965,
        "max": 0.940619111061,
        "mean": 0.473246783018,
        "median": 0.461678087711,
        "min": 0.135767534375,
        "var": 0.0170999672264
    },
    "silence_rate_20dB": {
        "dmean": 0,
        "dmean2": 0,
        "dvar": 0,
        "dvar2": 0,
        "max": 1,
        "mean": 1,
        "median": 1,
        "min": 1,
        "var": 0
    },
    "silence_rate_30dB": {
        "dmean": 0.0222222227603,
        "dmean2": 0.0449438206851,
        "dvar": 0.0217283982784,
        "dvar2": 0.0429238677025,
        "max": 1,
        "mean": 0.978021979332,
        "median": 1,
        "min": 0,
        "var": 0.0214949883521
    },
    "silence_rate_60dB": {
        "dmean": 0.0111111113802,
        "dmean2": 0.0224719103426,
        "dvar": 0.0109876524657,
        "dvar2": 0.0219669211656,
        "max": 1,
        "mean": 0.879120886326,
        "median": 1,
        "min": 0,
        "var": 0.106267362833
    },
    "spectral_centroid": {
        "dmean": 123.741340637,
        "dmean2": 180.120758057,
        "dvar": 62491.7460938,
        "dvar2": 107216.53125,
        "max": 3449.01855469,
        "mean": 914.673522949,
        "median": 604.374511719,
        "min": 389.713500977,
        "var": 625282.125
    },
    "spectral_complexity": {
        "dmean": 1.14444446564,
        "dmean2": 1.94382023811,
        "dvar": 5.10135746002,
        "dvar2": 11.199090004,
        "max": 22,
        "mean": 2.74725270271,
        "median": 2,
        "min": 0,
        "var": 14.9141387939
    },
    "spectral_decrease": {
        "dmean": 1.01913855133e-09,
        "dmean2": 1.45463863177e-09,
        "dvar": 1.03655764454e-17,
        "dvar2": 1.86457428854e-17,
        "max": -2.04958706257e-11,
        "mean": -2.04077221788e-09,
        "median": -1.28515240116e-10,
        "min": -3.39254633275e-08,
        "var": 4.11690173148e-17
    },
    "spectral_energy": {
        "dmean": 0.00413169478998,
        "dmean2": 0.0059250430204,
        "dvar": 0.000171741266968,
        "dvar2": 0.000309821247356,
        "max": 0.138069450855,
        "mean": 0.00831378530711,
        "median": 0.000501763192005,
        "min": 9.87552994047e-05,
        "var": 0.000683669059072
    },
    "spectral_energyband_high": {
        "dmean": 1.7818678316e-05,
        "dmean2": 2.35798324866e-05,
        "dvar": 3.12040615569e-09,
        "dvar2": 7.34338678754e-09,
        "max": 0.000526204763446,
        "mean": 3.2508669392e-05,
        "median": 2.73310115517e-06,
        "min": 1.38848213282e-06,
        "var": 5.29019716922e-09
    },
    "spectral_energyband_low": {
        "dmean": 0.000145419602632,
        "dmean2": 0.000242015143158,
        "dvar": 2.10075548068e-08,
        "dvar2": 5.3445720738e-08,
        "max": 0.000913292344194,
        "mean": 0.000216140470002,
        "median": 0.000158559822012,
        "min": 1.28737633531e-06,
        "var": 3.89111818322e-08
    },
    "spectral_energyband_middle_high": {
        "dmean": 0.00184528413229,
        "dmean2": 0.00280699622817,
        "dvar": 4.39378600277e-05,
        "dvar2": 8.38955093059e-05,
        "max": 0.0648468360305,
        "mean": 0.00389048061334,
        "median": 7.37002619644e-06,
        "min": 2.98762506645e-06,
        "var": 0.000160118404892
    },
    "spectral_energyband_middle_low": {
        "dmean": 0.00377057399601,
        "dmean2": 0.0048258989118,
        "dvar": 0.000154420573381,
        "dvar2": 0.000273470970569,
        "max": 0.124611243606,
        "mean": 0.00682845618576,
        "median": 0.000229622412007,
        "min": 1.64658740687e-05,
        "var": 0.000534520251676
    },
    "spectral_entropy": {
        "dmean": 0.160410478711,
        "dmean2": 0.196293622255,
        "dvar": 0.0553323104978,
        "dvar2": 0.0421459488571,
        "max": 8.43365001678,
        "mean": 7.15705680847,
        "median": 7.12117195129,
        "min": 5.57949495316,
        "var": 0.346461057663
    },
    "spectral_flux": {
        "dmean": 0.00925020035356,
        "dmean2": 0.0140261221677,
        "dvar": 0.000569702533539,
        "dvar2": 0.00121559458785,
        "max": 0.218566447496,
        "mean": 0.0255164597183,
        "median": 0.0115161053836,
        "min": 0.00521825393662,
        "var": 0.00175535224844
    },
    "spectral_kurtosis": {
        "dmean": 1.45338559151,
        "dmean2": 2.22936344147,
        "dvar": 5.95222711563,
        "dvar2": 14.8819580078,
        "max": 27.158454895,
        "mean": 8.30015850067,
        "median": 8.06000900269,
        "min": 1.48463869095,
        "var": 18.5207424164
    },
    "spectral_rms": {
        "dmean": 0.000415512127802,
        "dmean2": 0.000608385715168,
        "dvar": 1.08646520403e-06,
        "dvar2": 1.72784541519e-06,
        "max": 0.0116061149165,
        "mean": 0.00148444401566,
        "median": 0.000699660682585,
        "min": 0.000310397532303,
        "var": 5.90743547946e-06
    },
    "spectral_rolloff": {
        "dmean": 182.314453125,
        "dmean2": 288.157806396,
        "dvar": 273057.3125,
        "dvar2": 497308.71875,
        "max": 4995.703125,
        "mean": 1017.26611328,
        "median": 624.462890625,
        "min": 129.19921875,
        "var": 1310625
    },
    "spectral_skewness": {
        "dmean": 0.19156691432,
        "dmean2": 0.280352979898,
        "dvar": 0.0601350665092,
        "dvar2": 0.0854488685727,
        "max": 4.18881559372,
        "mean": 2.32564687729,
        "median": 2.45123243332,
        "min": 0.685417115688,
        "var": 0.505317568779
    },
    "spectral_spread": {
        "dmean": 654915.4375,
        "dmean2": 751238.5,
        "dvar": 4.01151072666e+12,
        "dvar2": 2.29006770176e+12,
        "max": 29188168,
        "mean": 5669506,
        "median": 5417220.5,
        "min": 2143861.5,
        "var": 7.76413223322e+12
    },
    "spectral_strongpeak": {
        "dmean": 0.364262759686,
        "dmean2": 0.441896796227,
        "dvar": 0.915269315243,
        "dvar2": 1.02649438381,
        "max": 11.1252794266,
        "mean": 0.913568615913,
        "median": 0.181483969092,
        "min": 0.0083395447582,
        "var": 5.26878356934
    },
    "zerocrossingrate": {
        "dmean": 0.00869683176279,
        "dmean2": 0.0106379473582,
        "dvar": 0.000142139295349,
        "dvar2": 0.000169113627635,
        "max": 0.1806640625,
        "mean": 0.0528738833964,
        "median": 0.0419921875,
        "min": 0.0087890625,
        "var": 0.00094771804288
    },
    "barkbands": {
        "dmean": [4.06341314374e-06, 0.000100701116025, 6.55990734231e-05, 2.41382513195e-05, 7.39968236303e-05, 3.5739820305e-05, 1.03475595097e-05, 0.000152249980601, 0.000497198663652, 0.00354450079612, 0.000497121480294, 0.000166344369063, 4.56136658613e-05, 1.47792352436e-05, 8.89196599019e-06, 3.27985253534e-06, 4.85023792862e-06, 9.44680721204e-07, 5.00338546772e-06, 5.35517665412e-06, 2.9518514566e-06, 2.36624418903e-06, 2.93073298963e-06, 3.23194899465e-06, 2.1337191356e-06, 3.60604644811e-06, 1.5279327954e-06],
        "dmean2": [7.25602558305e-06, 0.000167726931977, 0.00010742192535, 4.29947431257e-05, 0.000141602402437, 6.73321846989e-05, 1.68115893757e-05, 0.000218768997001, 0.000746988283936, 0.00416518049315, 0.000811479636468, 0.000317755329888, 8.15539606265e-05, 2.42569767579e-05, 1.66420941241e-05, 5.55507767785e-06, 7.35237063054e-06, 1.63158017585e-06, 8.44818350743e-06, 7.45347415432e-06, 4.14755686506e-06, 2.86830777441e-06, 5.03129331264e-06, 5.20025014339e-06, 2.89731087832e-06, 5.38662743566e-06, 2.46611739385e-06],
        "dvar": [1.87629807524e-11, 9.91948034823e-09, 5.73115732649e-09, 1.95756033605e-09, 7.27206668216e-08, 2.33223644841e-08, 7.20388471098e-10, 7.66020150422e-07, 2.90776233669e-06, 0.000137080816785, 7.24753044778e-06, 7.55241956085e-07, 3.70970809627e-08, 4.48592230029e-09, 1.80456727339e-09, 6.42065289824e-11, 2.31838825915e-10, 5.89279233049e-12, 3.00958646893e-10, 1.86610601971e-10, 4.80217740573e-11, 3.27931119759e-11, 5.99092650488e-11, 2.2723298243e-10, 6.41905903431e-11, 2.57085852606e-10, 5.43563700994e-11],
        "dvar2": [5.68811248103e-11, 2.66725894704e-08, 1.22593029062e-08, 5.64202284892e-09, 2.15986048602e-07, 6.73074751489e-08, 1.71552771988e-09, 1.81337770755e-06, 6.58445924273e-06, 0.000216072570765, 1.86733795999e-05, 2.22397579819e-06, 1.03920548611e-07, 1.16758629432e-08, 5.13386622103e-09, 1.63570934575e-10, 5.56854284905e-10, 1.74145489695e-11, 8.60336968334e-10, 3.61878249588e-10, 8.51992643103e-11, 4.50638311389e-11, 1.64542851566e-10, 5.68434521675e-10, 1.42739334241e-10, 5.48806833311e-10, 1.14730176748e-10],
        "max": [2.67851446552e-05, 0.00069769565016, 0.000537281448487, 0.000293299439363, 0.00193959614262, 0.00112929323222, 0.000238555192482, 0.00639632390812, 0.0121627226472, 0.124540574849, 0.021847974509, 0.00643036328256, 0.00152726378292, 0.000589909846894, 0.000340142578352, 6.21667277301e-05, 0.000147026541526, 1.78208483703e-05, 0.000126045153593, 0.000113397174573, 8.14422455733e-05, 5.8445151808e-05, 5.6307631894e-05, 0.000125896767713, 7.75900334702e-05, 0.000138056988362, 6.02520995017e-05],
        "mean": [4.40353460363e-06, 0.000123367033666, 7.93102080934e-05, 2.67276864179e-05, 6.48710338282e-05, 3.02730732074e-05, 1.34777437779e-05, 0.000130043699755, 0.000747300044168, 0.00636720797047, 0.000464456039481, 0.000124723635963, 5.16002546647e-05, 1.81346640602e-05, 9.6899084383e-06, 5.66457583773e-06, 6.6324951149e-06, 1.43481258874e-06, 5.71786904402e-06, 1.13693131425e-05, 6.82253039486e-06, 4.63546666651e-06, 3.69123154087e-06, 3.26209510604e-06, 2.83355302599e-06, 3.46996080225e-06, 2.24936661652e-06],
        "median": [3.13260579787e-06, 8.26157993288e-05, 3.94257585867e-05, 1.4844483303e-05, 3.25563087245e-05, 1.20879467431e-05, 7.31266391085e-06, 4.06666767958e-05, 0.000108630563773, 1.84839666417e-06, 1.07167170427e-06, 1.09175221041e-06, 7.74538193582e-07, 6.16832835476e-07, 5.06925971422e-07, 3.62887732308e-07, 2.24947754646e-07, 2.45350406658e-07, 3.27049889393e-07, 3.78494775077e-07, 2.99734495002e-07, 2.07298285204e-07, 1.93034310314e-07, 2.30705254012e-07, 2.69479812687e-07, 3.85842952255e-07, 1.19930268738e-06],
        "min": [3.23230437971e-08, 1.04098262454e-07, 6.08564391769e-07, 7.8133837178e-08, 1.80380959591e-06, 1.81969323876e-06, 1.31769286327e-06, 2.87492184725e-07, 7.97036022959e-07, 2.47882070425e-07, 1.9810430274e-07, 2.95378043802e-07, 1.63769229289e-07, 9.88398980439e-08, 1.27267256289e-07, 7.44934638419e-08, 6.87969787805e-08, 6.19212059405e-08, 1.37569855951e-07, 1.43322182566e-07, 1.35832053161e-07, 8.03035788977e-08, 7.35891774184e-08, 9.17695928138e-08, 1.68507412468e-07, 1.28154212575e-07, 1.37795922228e-07],
        "var": [1.88243327176e-11, 1.80230337321e-08, 9.52870138349e-09, 1.50510415242e-09, 4.07806517444e-08, 1.39959661638e-08, 7.56182838568e-10, 4.43788195525e-07, 4.50263314633e-06, 0.000517487409525, 6.00780413151e-06, 4.72961346532e-07, 3.77611684144e-08, 4.92042717681e-09, 1.43407774544e-09, 1.59141755329e-10, 3.61082663769e-10, 8.14231581464e-12, 2.95786256599e-10, 5.91265647554e-10, 2.20897661274e-10, 1.03493748294e-10, 8.55978829484e-11, 1.96435590016e-10, 8.37921121377e-11, 2.70977351668e-10, 5.27965379749e-11]
    },
    "erbbands": {
        "dmean": [0.00283532962203, 0.0236843768507, 0.0737134441733, 0.0596103072166, 0.200477585196, 0.214426249266, 0.421407431364, 0.183940693736, 0.126721948385, 0.348570436239, 7.49330806732, 12.049030304, 141.12171936, 18.1070384979, 16.2133865356, 4.22518730164, 2.38860917091, 0.922014176846, 0.558136343956, 0.253621667624, 0.284425467253, 0.188697516918, 0.0448895916343, 0.225956618786, 0.146190240979, 0.298986464739, 0.161774620414, 0.0800175741315, 0.0550099685788, 0.149546310306, 0.0650790184736, 0.0406967252493, 0.0613232143223, 0.0213885921985, 0.0185265373439, 0.00709317065775, 0.00916002690792, 0.00276703503914, 0.000169355116668, 1.56954793056e-05],
        "dmean2": [0.00487384526059, 0.0391200594604, 0.124135799706, 0.104539528489, 0.371057480574, 0.405902206898, 0.799923300743, 0.339588135481, 0.205584540963, 0.533750116825, 9.80535316467, 14.8054447174, 169.109893799, 28.8509178162, 25.6574573517, 7.45277452469, 4.2028837204, 1.62568283081, 0.96738165617, 0.424689769745, 0.482993960381, 0.27683109045, 0.0804141908884, 0.351549983025, 0.252118974924, 0.437107890844, 0.230581760406, 0.130768716335, 0.085338331759, 0.207544907928, 0.101668216288, 0.0654202327132, 0.0980246663094, 0.0276872031391, 0.0274034105241, 0.0103750219569, 0.0143540184945, 0.00474698375911, 0.000255982071394, 2.43591402977e-05],
        "dvar": [7.21342848919e-06, 0.000668553460855, 0.0072194696404, 0.00674069439992, 0.439159929752, 0.500275492668, 2.92777037621, 0.471111267805, 0.0730195045471, 1.26614189148, 1682.36181641, 1415.13085938, 217195.828125, 5122.57910156, 7397.61669922, 471.694671631, 106.307624817, 19.9793167114, 6.80879116058, 1.00653874874, 0.452750682831, 0.24700409174, 0.0176906697452, 0.486432850361, 0.425070405006, 0.663858234882, 0.143233865499, 0.0357180126011, 0.0154411029071, 0.1386320889, 0.0265624020249, 0.0284727681428, 0.0840574726462, 0.00607713637874, 0.00598400877789, 0.000908499932848, 0.00149271043483, 0.000226910415222, 5.46469038909e-07, 2.4189501513e-09],
        "dvar2": [2.21311620408e-05, 0.0017552850768, 0.0168384965509, 0.0179452169687, 1.31958162785, 1.46952033043, 8.58217144012, 1.34751820564, 0.174844667315, 2.99381828308, 3682.97851562, 2586.24511719, 373459.25, 11793.3105469, 18937.5371094, 1335.33984375, 292.569854736, 55.9522399902, 18.3672828674, 2.674731493, 1.17349398136, 0.578684151173, 0.0521968603134, 1.15487170219, 1.17636156082, 1.19828987122, 0.261464953423, 0.0721513405442, 0.0378184840083, 0.305134832859, 0.0671583563089, 0.0723634213209, 0.210382908583, 0.01198940631, 0.0144415916875, 0.00207994366065, 0.00350022409111, 0.000451353233075, 1.18006971661e-06, 5.88823967362e-09],
        "max": [0.0124947642908, 0.183276548982, 0.488948881626, 0.497196763754, 4.72822284698, 5.13236856461, 12.2789793015, 5.26419353485, 2.46481823921, 8.06680107117, 311.866638184, 341.569946289, 4801.83496094, 715.713439941, 706.05645752, 172.538955688, 83.2019882202, 37.708152771, 22.3635253906, 8.47079086304, 4.26486158371, 4.48476600647, 1.00109410286, 5.8495221138, 5.43235206604, 6.64699792862, 4.55667543411, 1.76507508755, 1.01977980137, 2.82483625412, 1.25724446774, 1.38429784775, 2.43179941177, 0.766233325005, 0.677213609219, 0.267450064421, 0.327060133219, 0.118489034474, 0.00637152139097, 0.000466550351121],
        "mean": [0.00339019112289, 0.0288462955505, 0.090416520834, 0.0816059559584, 0.182401388884, 0.185061484575, 0.313507765532, 0.180571481586, 0.171891972423, 0.398336738348, 7.20611190796, 21.4102668762, 244.213699341, 36.9148445129, 16.1527004242, 4.09857368469, 2.65982270241, 1.23640704155, 0.658153176308, 0.366968512535, 0.410423189402, 0.273623883724, 0.0787032693624, 0.292012482882, 0.23911935091, 0.57260209322, 0.412753760815, 0.182939320803, 0.120316356421, 0.20888979733, 0.0938664451241, 0.0474253594875, 0.0608315505087, 0.02981839329, 0.0213833935559, 0.00832139048725, 0.00774847948924, 0.00288370158523, 0.000262693240074, 3.58879442501e-05],
        "median": [0.00209538848139, 0.0178740248084, 0.044898416847, 0.052509855479, 0.0754709467292, 0.107774853706, 0.116203054786, 0.0832673385739, 0.103059120476, 0.175036758184, 2.45844650269, 1.60230374336, 0.112745113671, 0.0587886124849, 0.0451173111796, 0.0417110621929, 0.0394416712224, 0.0340751521289, 0.0268046949059, 0.0277523808181, 0.0188652146608, 0.0130121642724, 0.0130572682247, 0.0147433876991, 0.0163758099079, 0.0187616217881, 0.0152864549309, 0.00940458383411, 0.00848377961665, 0.00611196178943, 0.00538334762678, 0.00465045403689, 0.00395919429138, 0.00281211873516, 0.00215243152343, 0.00129667448346, 0.000742356758565, 0.00039776111953, 0.000143288925756, 2.16052449105e-05],
        "min": [1.10360724648e-06, 3.89022970921e-05, 0.000502027920447, 0.00240175006911, 0.00263799261302, 0.00560431182384, 0.0233240928501, 0.0144332274795, 0.0225855447352, 0.0187465976924, 0.00591789418831, 0.0186832752079, 0.0273391753435, 0.0143027426675, 0.0100441733375, 0.0102534536272, 0.00854432862252, 0.00620471080765, 0.00673783244565, 0.00756840547547, 0.00372176570818, 0.00455536087975, 0.00406332686543, 0.00531464349478, 0.00804112292826, 0.00679979799315, 0.00753439916298, 0.00447733746842, 0.00280761555769, 0.0030000382103, 0.00219118245877, 0.00170266884379, 0.00172771257348, 0.00160471117124, 0.00108303490561, 0.000609736016486, 0.000185306416824, 6.59390570945e-05, 2.37981312239e-05, 3.21453717333e-06],
        "var": [1.11120316433e-05, 0.00111704773735, 0.0111128371209, 0.0072824228555, 0.250672876835, 0.284521996975, 1.63940215111, 0.316839903593, 0.0841498300433, 1.03823256493, 1087.48657227, 4244.51953125, 769512, 15570.1425781, 6446.40917969, 363.373321533, 104.677284241, 20.9374275208, 6.707903862, 1.01716387272, 0.794216871262, 0.442992150784, 0.0222193915397, 0.757985949516, 0.439205914736, 1.86084508896, 0.840138673782, 0.135863944888, 0.0538042150438, 0.249809011817, 0.0486192926764, 0.024990150705, 0.0730511471629, 0.00900959409773, 0.00602163141593, 0.000985248130746, 0.00140918465331, 0.000236873936956, 5.53239090095e-07, 3.26490368074e-09]
    },
    "gfcc": {
        "mean": [-201.620788574, 78.3695678711, -61.7932472229, 1.27135407925, -51.3094558716, 0.893224179745, -12.5393466949, 11.081492424, -10.9805145264, 1.82355475426, -21.320766449, -14.1272335052, -11.6537466049],
        "cov": [[4014.38183594, -1100.48547363, -2110.36181641, -449.108581543, -558.714904785, 510.035186768, 27.4006538391, -198.312179565, -621.908691406, -288.772827148, -184.659332275, 240.531036377, 296.738586426], [-1100.48547363, 638.477722168, 732.871276855, -160.539596558, 129.621261597, -168.57699585, 106.22555542, 141.127975464, 149.838928223, 23.7669811249, 31.1296005249, -95.1253128052, -101.71219635], [-2110.36181641, 732.871276855, 1423.19799805, 321.182800293, 400.881713867, -271.80480957, -40.831161499, 79.8402786255, 336.525787354, 172.54359436, 130.175994873, -126.881729126, -175.930725098], [-449.108581543, -160.539596558, 321.182800293, 1041.44250488, 313.459472656, -18.4790611267, -252.438461304, -182.522293091, 190.236053467, 174.434631348, 79.7363204956, 20.3868331909, 30.2505588531], [-558.714904785, 129.621261597, 400.881713867, 313.459472656, 207.409835815, -39.809879303, -60.2705497742, -28.5385417938, 107.468338013, 81.5879745483, 62.7796058655, -7.18770599365, -22.3981304169], [510.035186768, -168.57699585, -271.80480957, -18.4790611267, -39.809879303, 107.13419342, 12.4637098312, -25.3614749908, -78.5521392822, -23.0643825531, -10.5362539291, 42.4116630554, 43.8390312195], [27.4006538391, 106.22555542, -40.831161499, -252.438461304, -60.2705497742, 12.4637098312, 117.549339294, 91.8477554321, -23.5539684296, -38.4930343628, -19.7719421387, -14.2016897202, -13.0708446503], [-198.312179565, 141.127975464, 79.8402786255, -182.522293091, -28.5385417938, -25.3614749908, 91.8477554321, 114.054824829, 39.379989624, -10.5819501877, -9.83630466461, -33.3864059448, -32.2671203613], [-621.908691406, 149.838928223, 336.525787354, 190.236053467, 107.468338013, -78.5521392822, -23.5539684296, 39.379989624, 157.269104004, 73.3932495117, 29.5513038635, -44.0843315125, -42.2909622192], [-288.772827148, 23.7669811249, 172.54359436, 174.434631348, 81.5879745483, -23.0643825531, -38.4930343628, -10.5819501877, 73.3932495117, 66.2110595703, 38.5831642151, -5.80022764206, -10.5184011459], [-184.659332275, 31.1296005249, 130.175994873, 79.7363204956, 62.7796058655, -10.5362539291, -19.7719421387, -9.83630466461, 29.5513038635, 38.5831642151, 47.352394104, 14.4053049088, -1.30707681179], [240.531036377, -95.1253128052, -126.881729126, 20.3868331909, -7.18770599365, 42.4116630554, -14.2016897202, -33.3864059448, -44.0843315125, -5.80022764206, 14.4053049088, 50.9626045227, 40.3178482056], [296.738586426, -101.71219635, -175.930725098, 30.2505588531, -22.3981304169, 43.8390312195, -13.0708446503, -32.2671203613, -42.2909622192, -10.5184011459, -1.30707681179, 40.3178482056, 57.487739563]],
        "icov": [[0.00238380534574, -0.0016085144598, 0.00158536515664, -0.000680244644172, 0.00255381967872, -0.00639875140041, 0.00461399927735, -0.00221023149788, 0.00376057601534, 0.000320868537528, 0.00155562162399, -0.0012485452462, -0.000521643087268], [-0.0016085144598, 0.0152322780341, -0.00877307355404, 0.00164485862479, -0.00310296122916, 0.010846904479, -0.0184505525976, 0.00591672444716, -0.00628028390929, 0.0119716385379, -0.00378336943686, 0.00900931004435, -0.0116497734562], [0.00158536515664, -0.00877307355404, 0.0127249443904, 0.000975174829364, -0.0100330347195, 0.00132872071117, 0.00937872380018, -0.00216682511382, 0.00215835333802, -0.00693880673498, -0.00240098056383, -0.00185406766832, 0.0122817242518], [-0.000680244644172, 0.00164485862479, 0.000975174829364, 0.00658866204321, -0.00908610969782, 0.00181462883484, 0.00120504375082, 0.00605669990182, -0.00771591300145, -0.00458563491702, 0.00495647871867, 0.000771963910665, -0.00225549074821], [0.00255381967872, -0.00310296122916, -0.0100330347195, -0.00908610969782, 0.0422022268176, -0.0239278674126, 0.00263021769933, 0.0011029089801, 0.00104076007847, 0.00836082734168, -0.0116557376459, -0.00326858647168, -0.00436593778431], [-0.00639875140041, 0.010846904479, 0.00132872071117, 0.00181462883484, -0.0239278674126, 0.0572024434805, -0.0302873700857, 0.00605573831126, 0.00266461307183, -0.0128313209862, 0.00424371380359, -0.00376835069619, 0.00125194422435], [0.00461399927735, -0.0184505525976, 0.00937872380018, 0.00120504375082, 0.00263021769933, -0.0302873700857, 0.0774508342147, -0.0509662143886, 0.0239519290626, -0.00881164055318, 0.00821343716234, -0.00654903799295, 0.00551934773102], [-0.00221023149788, 0.00591672444716, -0.00216682511382, 0.00605669990182, 0.0011029089801, 0.00605573831126, -0.0509662143886, 0.0683757588267, -0.0409095846117, 0.0124095585197, -0.0106574613601, 0.00715569173917, 0.0015754327178], [0.00376057601534, -0.00628028390929, 0.00215835333802, -0.00771591300145, 0.00104076007847, 0.00266461307183, 0.0239519290626, -0.0409095846117, 0.0597913898528, -0.0380843169987, 0.0205599945039, -0.000974478432909, -0.000831689336337], [0.000320868537528, 0.0119716385379, -0.00693880673498, -0.00458563491702, 0.00836082734168, -0.0128313209862, -0.00881164055318, 0.0124095585197, -0.0380843169987, 0.107783459127, -0.0695102065802, 0.0334862284362, -0.0146538987756], [0.00155562162399, -0.00378336943686, -0.00240098056383, 0.00495647871867, -0.0116557376459, 0.00424371380359, 0.00821343716234, -0.0106574613601, 0.0205599945039, -0.0695102065802, 0.108869060874, -0.063039265573, 0.0125220967457], [-0.0012485452462, 0.00900931004435, -0.00185406766832, 0.000771963910665, -0.00326858647168, -0.00376835069619, -0.00654903799295, 0.00715569173917, -0.000974478432909, 0.0334862284362, -0.063039265573, 0.099787324667, -0.0455750413239], [-0.000521643087268, -0.0116497734562, 0.0122817242518, -0.00225549074821, -0.00436593778431, 0.00125194422435, 0.00551934773102, 0.0015754327178, -0.000831689336337, -0.0146538987756, 0.0125220967457, -0.0455750413239, 0.0666869282722]]
    },
    "melbands": {
        "dmean": [2.64422687906e-05, 3.41550876328e-05, 1.34304009407e-05, 1.58992679644e-05, 1.2792374946e-05, 4.58587919638e-06, 1.98866041501e-06, 2.74629542218e-06, 7.73767678766e-05, 9.79708129307e-05, 0.000698980002198, 6.70056178933e-05, 6.17473851889e-05, 2.22949693125e-05, 6.49346930004e-06, 3.76327284357e-06, 1.62365529377e-06, 8.76041610809e-07, 6.80900996031e-07, 1.66038120142e-07, 4.07226281141e-07, 2.78684382238e-07, 3.4735993637e-08, 5.04976718219e-08, 2.1053870114e-07, 1.7957880516e-07, 1.53070601527e-07, 1.96657737206e-07, 1.33528317292e-07, 8.13951288592e-08, 4.45992718312e-08, 3.76496309684e-08, 5.60714106257e-08, 8.76985950526e-08, 4.62942253421e-08, 1.15424132474e-08, 3.40868169246e-08, 6.44408046924e-08, 1.39996432225e-08, 1.77354415598e-08],
        "dmean2": [4.46320736955e-05, 5.73015640839e-05, 2.39582841459e-05, 3.02897678921e-05, 2.43002377829e-05, 8.4979001258e-06, 3.16944215228e-06, 4.46088597528e-06, 9.95831505861e-05, 0.000120031196275, 0.000834667938761, 0.000116559174785, 9.91302149487e-05, 3.9737791667e-05, 1.20093618534e-05, 6.54037421555e-06, 2.91700825983e-06, 1.41753719163e-06, 1.20168533613e-06, 2.88416629246e-07, 6.85403563239e-07, 4.10808297602e-07, 6.27526901553e-08, 9.14085731551e-08, 3.22276292763e-07, 3.36095666853e-07, 2.54035938951e-07, 2.89532380293e-07, 2.04784541324e-07, 1.25767130044e-07, 7.16450330174e-08, 6.36509298602e-08, 6.35769197288e-08, 1.38324224963e-07, 7.35370733196e-08, 1.85248936191e-08, 5.47236567172e-08, 1.04966275671e-07, 1.83526367437e-08, 2.51709249e-08],
        "dvar": [6.60863586077e-10, 1.44005352087e-09, 7.98014487824e-10, 3.03401592738e-09, 2.49745335523e-09, 3.27471383343e-10, 2.16929738062e-11, 6.08084069209e-11, 1.77238447918e-07, 8.60650999357e-08, 5.29521958015e-06, 6.82672549601e-08, 1.11509379508e-07, 1.38617064493e-08, 1.23375709649e-09, 2.29296873155e-10, 5.82587519893e-11, 1.49008461819e-11, 9.26337912627e-12, 1.78788922686e-13, 1.00842522267e-12, 6.257175225e-13, 1.01377129822e-14, 1.89107034204e-14, 4.39001564051e-13, 7.52427308827e-13, 2.11561155964e-13, 2.68894037895e-13, 1.05786378463e-13, 3.12549939814e-14, 1.11802809442e-14, 8.56296099565e-15, 1.98277961568e-14, 5.89083293322e-14, 1.45394916403e-14, 1.1593152543e-15, 2.23987901794e-14, 1.05094474518e-13, 2.00543097075e-15, 4.44308464328e-15],
        "dvar2": [1.868468269e-09, 3.52577700369e-09, 2.32546870649e-09, 9.03450736445e-09, 7.29713001135e-09, 9.37324773354e-10, 5.08125728993e-11, 1.57154497749e-10, 3.77499986826e-07, 1.67737397305e-07, 9.09706068342e-06, 1.75235555844e-07, 2.86350626766e-07, 3.91345160722e-08, 3.50056761356e-09, 6.22503992798e-10, 1.62660648839e-10, 3.82423641365e-11, 2.55921082937e-11, 4.27644410769e-13, 2.54551002672e-12, 1.45852774303e-12, 2.746800793e-14, 5.26959186464e-14, 1.003928711e-12, 2.29571830296e-12, 4.64377830894e-13, 4.72185495998e-13, 2.11163307976e-13, 7.63664711979e-14, 2.57473164019e-14, 2.63082724415e-14, 3.29713199018e-14, 1.50486583915e-13, 3.78134548955e-14, 3.13922332241e-15, 5.56044739333e-14, 2.67827779269e-13, 3.82321449754e-15, 8.05503599477e-15],
        "max": [0.000161090894835, 0.000215818174183, 0.000196673165192, 0.000395649141865, 0.000360224017641, 0.000137589624501, 4.22180601163e-05, 5.54188845854e-05, 0.0032254466787, 0.00314543559216, 0.0237799715251, 0.00220607453957, 0.00271855248138, 0.000908912683371, 0.000280263542663, 0.000121279648738, 6.46859407425e-05, 3.43295760104e-05, 2.44455641223e-05, 2.92555796477e-06, 7.77695640863e-06, 7.40601808502e-06, 6.37622633803e-07, 1.02473563857e-06, 5.92260676058e-06, 6.40889402348e-06, 4.02205159844e-06, 4.07269226343e-06, 3.58533748113e-06, 1.37739868933e-06, 9.41975486057e-07, 6.46065245746e-07, 1.29267982629e-06, 1.90292325897e-06, 8.99012377431e-07, 2.70455274176e-07, 1.22156995985e-06, 2.64014124696e-06, 4.43835091346e-07, 6.34670982436e-07],
        "mean": [3.25869732478e-05, 4.45566729468e-05, 1.80832248589e-05, 1.39098301588e-05, 1.00167262644e-05, 4.37896233052e-06, 2.67081759375e-06, 3.25944279211e-06, 7.33507840778e-05, 0.000168812010088, 0.00120758102275, 0.000115173548693, 5.91506905039e-05, 1.83929078048e-05, 7.25552990843e-06, 4.58210297438e-06, 2.02753244594e-06, 1.04707817172e-06, 7.01787712387e-07, 3.66938508023e-07, 5.43248802387e-07, 3.84118322927e-07, 5.69908422676e-08, 7.68438965792e-08, 2.65561340029e-07, 1.76888704573e-07, 2.53359104363e-07, 3.85366064393e-07, 3.08308955255e-07, 1.55993788553e-07, 8.70652456797e-08, 6.99017164152e-08, 8.562324183e-08, 1.1702581304e-07, 6.38813801856e-08, 1.87235347227e-08, 3.55421718723e-08, 5.88755533215e-08, 1.98403959928e-08, 2.63307686765e-08],
        "median": [1.8222424842e-05, 2.89025356324e-05, 1.14329359349e-05, 6.80416269461e-06, 4.18198806074e-06, 1.87479020042e-06, 1.56296289333e-06, 1.05424976482e-06, 2.34158142121e-05, 8.54668178363e-06, 3.20799784959e-07, 2.26984354867e-07, 1.63168280665e-07, 1.03500283899e-07, 1.41663562658e-07, 7.4416867335e-08, 6.18283806375e-08, 4.28319069101e-08, 4.0182410288e-08, 3.07978851311e-08, 1.94385663121e-08, 1.34653150852e-08, 1.22925021273e-08, 1.06651896203e-08, 1.2621976353e-08, 1.310411335e-08, 1.28186599113e-08, 1.14383258421e-08, 1.11455316087e-08, 6.65632571284e-09, 4.89766183165e-09, 4.98694108231e-09, 3.33624528004e-09, 3.4881959543e-09, 3.35207195334e-09, 2.83815326796e-09, 2.99276781135e-09, 2.8326592183e-09, 2.74652056653e-09, 2.28226060273e-09],
        "min": [2.12846860137e-08, 1.9087264036e-07, 4.27620960863e-07, 2.4925299158e-07, 8.46529019327e-07, 2.97108613267e-07, 3.22245881534e-07, 1.60778213854e-07, 4.56773854296e-08, 1.28308926151e-07, 6.73629969583e-08, 3.48711068909e-08, 2.55487968559e-08, 2.68873776577e-08, 1.60860462728e-08, 1.7301656996e-08, 8.52759463044e-09, 1.08817079791e-08, 1.0277076079e-08, 5.79247405597e-09, 2.90323343144e-09, 3.91260712718e-09, 4.18136103519e-09, 2.88364931933e-09, 3.45452200179e-09, 5.07038233621e-09, 4.07329592278e-09, 4.73115013833e-09, 4.35697833367e-09, 2.54332865879e-09, 2.02077798939e-09, 1.38502376235e-09, 1.31945088189e-09, 1.52442058976e-09, 1.17455734028e-09, 1.24411081437e-09, 9.24328724672e-10, 9.19194831361e-10, 1.28535360133e-09, 1.30672850318e-09],
        "var": [1.14505827042e-09, 2.31709740284e-09, 5.50163858914e-10, 1.7106035477e-09, 1.40803424475e-09, 2.12513673326e-10, 2.45107285163e-11, 6.0016512593e-11, 1.1779536635e-07, 2.95300679909e-07, 1.8763323169e-05, 1.51700774609e-07, 9.37103266097e-08, 9.64266533288e-09, 9.80683423357e-10, 2.68654126723e-10, 5.95641383438e-11, 1.66875367691e-11, 7.29336036009e-12, 5.20184210377e-13, 1.61145543524e-12, 1.06829649293e-12, 1.3645050259e-14, 2.67319498514e-14, 6.85455652742e-13, 4.81913825252e-13, 4.60770473425e-13, 7.69570442528e-13, 5.58123642788e-13, 9.57982540409e-14, 3.4847372519e-14, 1.96213911682e-14, 4.03152446322e-14, 8.33857180353e-14, 2.44994759343e-14, 1.5168597198e-15, 1.94378713158e-14, 8.57085669798e-14, 3.17885938215e-15, 7.09639205715e-15]
    },
    "mfcc": {
        "mean": [-873.348876953, 136.12411499, 30.775850296, 15.9720335007, -7.41260147095, 0.733144581318, 4.42210578918, 2.37747526169, 12.3702611923, 15.4364871979, 3.23641657829, -0.481201767921, -3.66803693771],
        "cov": [[5589.82763672, -1548.80224609, -1741.2935791, -1100.24523926, -826.116760254, 271.283172607, 259.122406006, 62.3551559448, -66.3413391113, -416.922149658, -633.151977539, -541.828674316, 121.725662231], [-1548.80224609, 1061.46643066, 484.266540527, -126.930915833, -27.4870204926, -281.272705078, 88.3093490601, 92.4130935669, 30.4365692139, 154.90814209, 211.847671509, 21.1936264038, -156.30519104], [-1741.2935791, 484.266540527, 685.655029297, 496.505218506, 371.96862793, -28.9068603516, -103.233833313, -43.6360740662, 6.95389318466, 130.918869019, 191.987823486, 203.092559814, -9.27543067932], [-1100.24523926, -126.930915833, 496.505218506, 800.769348145, 512.813476562, 179.441558838, -195.969116211, -114.153594971, 16.5040397644, 54.4258842468, 85.2188415527, 247.198455811, 102.305259705], [-826.116760254, -27.4870204926, 371.96862793, 512.813476562, 386.178009033, 123.662460327, -117.587524414, -79.8140335083, -9.44728946686, 41.3749847412, 65.8396682739, 171.611312866, 62.1545524597], [271.283172607, -281.272705078, -28.9068603516, 179.441558838, 123.662460327, 151.451477051, -29.1084690094, -46.3098754883, -14.8872947693, -42.8343238831, -52.5843467712, 33.1607513428, 61.488445282], [259.122406006, 88.3093490601, -103.233833313, -195.969116211, -117.587524414, -29.1084690094, 104.96774292, 46.4730453491, -6.5735244751, -10.9721860886, -19.1197681427, -67.7400588989, -26.4162654877], [62.3551559448, 92.4130935669, -43.6360740662, -114.153594971, -79.8140335083, -46.3098754883, 46.4730453491, 58.9267425537, 19.7562046051, 13.807841301, 11.5128936768, -35.8789863586, -27.577167511], [-66.3413391113, 30.4365692139, 6.95389318466, 16.5040397644, -9.44728946686, -14.8872947693, -6.5735244751, 19.7562046051, 49.2248535156, 25.739906311, 18.294467926, 7.22832965851, -2.74140834808], [-416.922149658, 154.90814209, 130.918869019, 54.4258842468, 41.3749847412, -42.8343238831, -10.9721860886, 13.807841301, 25.739906311, 72.9470901489, 69.6347885132, 37.6186599731, -13.962023735], [-633.151977539, 211.847671509, 191.987823486, 85.2188415527, 65.8396682739, -52.5843467712, -19.1197681427, 11.5128936768, 18.294467926, 69.6347885132, 106.051132202, 59.6909179688, -25.7561817169], [-541.828674316, 21.1936264038, 203.092559814, 247.198455811, 171.611312866, 33.1607513428, -67.7400588989, -35.8789863586, 7.22832965851, 37.6186599731, 59.6909179688, 120.026153564, 26.884519577], [121.725662231, -156.30519104, -9.27543067932, 102.305259705, 62.1545524597, 61.488445282, -26.4162654877, -27.577167511, -2.74140834808, -13.962023735, -25.7561817169, 26.884519577, 58.3723373413]],
