{
"lowlevel": {
    "average_loudness": 0.715558350086,
    "barkbands_crest": {
        "dmean": 3.27675843239,
        "dmean2": 5.22941827774,
        "dvar": 6.48943090439,
        "dvar2": 18.184961319,
        "max": 25.7451934814,
        "mean": 15.9722862244,
        "median": 15.6509046555,
        "min": 4.71738767624,
        "var": 18.369260788
    },
    "barkbands_flatness_db": {
        "dmean": 0.0425559431314,
        "dmean2": 0.0704458653927,
        "dvar": 0.00141388655175,
        "dvar2": 0.00372648332268,
        "max": 0.494051873684,
        "mean": 0.266521066427,
        "median": 0.231483757496,
        "min": 0.0637580230832,
        "var": 0.00981980189681
    },
    "barkbands_kurtosis": {
        "dmean": 26.0209465027,
        "dmean2": 47.1208839417,
        "dvar": 1223.82531738,
        "dvar2": 3779.19335938,
        "max": 170.858047485,
        "mean": 40.812713623,
        "median": 21.9206008911,
        "min": -1.70768356323,
        "var": 2145.0378418
    },
    "barkbands_skewness": {
        "dmean": 1.61581575871,
        "dmean2": 2.78286457062,
        "dvar": 2.73162555695,
        "dvar2": 8.83015346527,
        "max": 11.5937795639,
        "mean": 4.33588838577,
        "median": 4.19965362549,
        "min": -2.5618083477,
        "var": 14.5479507446
    },
    "barkbands_spread": {
        "dmean": 3.14988493919,
        "dmean2": 5.43482637405,
        "dvar": 11.8917808533,
        "dvar2": 31.934715271,
        "max": 19.5766620636,
        "mean": 7.19200372696,
        "median": 5.1464099884,
        "min": 0.853124797344,
        "var": 21.8313655853
    },
    "dissonance": {
        "dmean": 0.0438960753381,
        "dmean2": 0.070384979248,
        "dvar": 0.00364425056614,
        "dvar2": 0.010658309795,
        "max": 0.499600738287,
        "mean": 0.403673529625,
        "median": 0.458006888628,
        "min": 0.114613436162,
        "var": 0.00956652592868
    },
    "dynamic_complexity": 17.1618347168,
    "erbbands_crest": {
        "dmean": 3.93966889381,
        "dmean2": 6.65939235687,
        "dvar": 10.6263132095,
        "dvar2": 32.8581466675,
        "max": 29.4990196228,
        "mean": 16.1307487488,
        "median": 15.6452102661,
        "min": 3.56794500351,
        "var": 48.6144561768
    },
    "erbbands_flatness_db": {
        "dmean": 0.0261379554868,
        "dmean2": 0.039471630007,
        "dvar": 0.000623576634098,
        "dvar2": 0.00121885002591,
        "max": 0.506754755974,
        "mean": 0.195967808366,
        "median": 0.104461096227,
        "min": 0.0425608791411,
        "var": 0.0243526026607
    },
    "erbbands_kurtosis": {
        "dmean": 3.01410293579,
        "dmean2": 5.30192184448,
        "dvar": 19.8734855652,
        "dvar2": 56.7294692993,
        "max": 28.716802597,
        "mean": 3.50113344193,
        "median": 0.998046636581,
        "min": -1.73437798023,
        "var": 46.4192504883
    },
    "erbbands_skewness": {
        "dmean": 0.598867118359,
        "dmean2": 1.0058195591,
        "dvar": 0.210955113173,
        "dvar2": 0.616501569748,
        "max": 4.02060317993,
        "mean": 0.981173276901,
        "median": 0.870197892189,
        "min": -1.02508282661,
        "var": 0.699108123779
    },
    "erbbands_spread": {
        "dmean": 8.16349983215,
        "dmean2": 13.7385826111,
        "dvar": 86.4540176392,
        "dvar2": 246.462600708,
        "max": 96.2433242798,
        "mean": 39.704624176,
        "median": 47.0535469055,
        "min": 1.27283108234,
        "var": 957.006774902
    },
    "hfc": {
        "dmean": 1.76317608356,
        "dmean2": 2.76123714447,
        "dvar": 32.7293930054,
        "dvar2": 64.0014953613,
        "max": 59.3029060364,
        "mean": 7.74200820923,
        "median": 0.0598410479724,
        "min": 0.00145739701111,
        "var": 268.464569092
    },
    "melbands_crest": {
        "dmean": 3.56652593613,
        "dmean2": 5.77857542038,
        "dvar": 9.19729232788,
        "dvar2": 24.1079292297,
        "max": 29.106590271,
        "mean": 20.6620845795,
        "median": 20.9627017975,
        "min": 6.40341806412,
        "var": 27.1714515686
    },
    "melbands_flatness_db": {
        "dmean": 0.0457738824189,
        "dmean2": 0.0757448449731,
        "dvar": 0.00171690585557,
        "dvar2": 0.00448096450418,
        "max": 0.542119562626,
        "mean": 0.379572689533,
        "median": 0.366004049778,
        "min": 0.123873636127,
        "var": 0.00624795490876
    },
    "melbands_kurtosis": {
        "dmean": 49.8444862366,
        "dmean2": 87.938369751,
        "dvar": 3955.54418945,
        "dvar2": 12230.8408203,
        "max": 405.344299316,
        "mean": 100.868392944,
        "median": 33.3906326294,
        "min": -1.38400065899,
        "var": 12834.0800781
    },
    "melbands_skewness": {
        "dmean": 1.52918291092,
        "dmean2": 2.55774021149,
        "dvar": 2.15164041519,
        "dvar2": 6.34535741806,
        "max": 13.8512191772,
        "mean": 5.63661432266,
        "median": 4.58567285538,
        "min": -2.16324543953,
        "var": 23.4995975494
    },
    "melbands_spread": {
        "dmean": 2.16564369202,
        "dmean2": 3.49345493317,
        "dvar": 6.95296382904,
        "dvar2": 14.1544103622,
        "max": 24.6290054321,
        "mean": 5.67618894577,
        "median": 4.03035068512,
        "min": 0.703068077564,
        "var": 30.246925354
    },
    "pitch_salience": {
        "dmean": 0.110863916576,
        "dmean2": 0.189461290836,
        "dvar": 0.00803665630519,
        "dvar2": 0.0229723677039,
        "max": 0.861690580845,
        "mean": 0.376940339804,
        "median": 0.379221051931,
        "min": 0.131036534905,
        "var": 0.016818754375
    },
    "silence_rate_20dB": {
        "dmean": 0,
        "dmean2": 0,
        "dvar": 0,
        "dvar2": 0,
        "max": 1,
        "mean": 1,
        "median": 1,
        "min": 1,
        "var": 0
    },
    "silence_rate_30dB": {
        "dmean": 0,
        "dmean2": 0,
        "dvar": 0,
        "dvar2": 0,
        "max": 1,
        "mean": 1,
        "median": 1,
        "min": 1,
        "var": 0
    },
    "silence_rate_60dB": {
        "dmean": 0.0222222227603,
        "dmean2": 0.0449438206851,
        "dvar": 0.021728431806,
        "dvar2": 0.0429238453507,
        "max": 1,
        "mean": 0.72527474165,
        "median": 1,
        "min": 0,
        "var": 0.19925121963
    },
    "spectral_centroid": {
        "dmean": 123.413887024,
        "dmean2": 203.790100098,
        "dvar": 16315.2919922,
        "dvar2": 44299.3554688,
        "max": 1467.07495117,
        "mean": 585.867675781,
        "median": 583.694152832,
        "min": 206.476165771,
        "var": 57171.828125
    },
    "spectral_complexity": {
        "dmean": 0.766666650772,
        "dmean2": 1.21348309517,
        "dvar": 2.44555878639,
        "dvar2": 3.85329627991,
        "max": 18,
        "mean": 1.96703290939,
        "median": 1,
        "min": 0,
        "var": 6.55936288834
    },
    "spectral_decrease": {
        "dmean": 5.42991207553e-10,
        "dmean2": 8.74435746034e-10,
        "dvar": 2.22908962343e-18,
        "dvar2": 3.79730619159e-18,
        "max": -5.84220118029e-13,
        "mean": -2.2065596017e-09,
        "median": -7.98872287766e-11,
        "min": -1.82124200165e-08,
        "var": 2.0755981544e-17
    },
    "spectral_energy": {
        "dmean": 0.00219860184006,
        "dmean2": 0.00352276442572,
        "dvar": 3.749298412e-05,
        "dvar2": 6.45288018859e-05,
        "max": 0.0741164386272,
        "mean": 0.00903025455773,
        "median": 0.000309639959596,
        "min": 2.337174692e-06,
        "var": 0.000348532921635
    },
    "spectral_energyband_high": {
        "dmean": 6.69828477839e-06,
        "dmean2": 1.19499291031e-05,
        "dvar": 1.44273160085e-09,
        "dvar2": 2.6345814419e-09,
        "max": 0.000290696596494,
        "mean": 8.27246458357e-06,
        "median": 1.15521856969e-06,
        "min": 6.22856006771e-08,
        "var": 1.73397707304e-09
    },
    "spectral_energyband_low": {
        "dmean": 0.000116328752483,
        "dmean2": 0.000201351096621,
        "dvar": 1.44205527519e-08,
        "dvar2": 3.40801058485e-08,
        "max": 0.000941247621085,
        "mean": 0.000199297704967,
        "median": 0.000165617791936,
        "min": 1.03601030332e-06,
        "var": 3.01414182502e-08
    },
    "spectral_energyband_middle_high": {
        "dmean": 0.000931532005779,
        "dmean2": 0.00143589801155,
        "dvar": 1.15723487397e-05,
        "dvar2": 2.93170614896e-05,
        "max": 0.0309409014881,
        "mean": 0.00287096574903,
        "median": 2.17708793571e-06,
        "min": 1.18783866299e-07,
        "var": 4.40521107521e-05
    },
    "spectral_energyband_middle_low": {
        "dmean": 0.00200992356986,
        "dmean2": 0.00303462753072,
        "dvar": 2.33074188145e-05,
        "dvar2": 4.06294857385e-05,
        "max": 0.0574330464005,
        "mean": 0.00596819724888,
        "median": 2.14469346247e-05,
        "min": 1.29432839913e-06,
        "var": 0.000169644568814
    },
    "spectral_entropy": {
        "dmean": 0.296394020319,
        "dmean2": 0.466266751289,
        "dvar": 0.0710035338998,
        "dvar2": 0.165101602674,
        "max": 7.99148893356,
        "mean": 6.65964365005,
        "median": 7.20010519028,
        "min": 4.10145711899,
        "var": 1.56551659107
    },
    "spectral_flux": {
        "dmean": 0.0104979835451,
        "dmean2": 0.0159764643759,
        "dvar": 0.000355333584594,
        "dvar2": 0.000772840576246,
        "max": 0.189192429185,
        "mean": 0.0200347565114,
        "median": 0.00988194998354,
        "min": 0.00275293039158,
        "var": 0.0007086461992
    },
    "spectral_kurtosis": {
        "dmean": 4.4936375618,
        "dmean2": 7.18144607544,
        "dvar": 76.6016464233,
        "dvar2": 189.661071777,
        "max": 98.8252716064,
        "mean": 18.160533905,
        "median": 5.8587179184,
        "min": 4.14097929001,
        "var": 552.545776367
    },
    "spectral_rms": {
        "dmean": 0.000324731692672,
        "dmean2": 0.000534302380402,
        "dvar": 4.05991670505e-07,
        "dvar2": 6.56836448343e-07,
        "max": 0.00850345380604,
        "mean": 0.00176735629793,
        "median": 0.000549625081476,
        "min": 4.77511312056e-05,
        "var": 5.68645555177e-06
    },
    "spectral_rolloff": {
        "dmean": 50.4833984375,
        "dmean2": 88.5522766113,
        "dvar": 12438.5634766,
        "dvar2": 25803.859375,
        "max": 1335.05859375,
        "mean": 494.79019165,
        "median": 172.265625,
        "min": 86.1328125,
        "var": 196946.109375
    },
    "spectral_skewness": {
        "dmean": 0.377240866423,
        "dmean2": 0.589915513992,
        "dvar": 0.317720592022,
        "dvar2": 0.853130877018,
        "max": 7.97566890717,
        "mean": 3.00841403008,
        "median": 2.0558860302,
        "min": 1.69400632381,
        "var": 2.86639976501
    },
    "spectral_spread": {
        "dmean": 509201.15625,
        "dmean2": 822215.625,
        "dvar": 301269352448,
        "dvar2": 534930554880,
        "max": 11005455,
        "mean": 5630286.5,
        "median": 6965704.5,
        "min": 909481,
        "var": 6.30382342963e+12
    },
    "spectral_strongpeak": {
        "dmean": 0.320581495762,
        "dmean2": 0.526609301567,
        "dvar": 0.631806194782,
        "dvar2": 1.16860711575,
        "max": 7.61319923401,
        "mean": 1.06719362736,
        "median": 0.0414842478931,
        "min": 0,
        "var": 3.9436173439
    },
    "zerocrossingrate": {
        "dmean": 0.00891927070916,
        "dmean2": 0.013227484189,
        "dvar": 7.39404567867e-05,
        "dvar2": 0.000133426758111,
        "max": 0.07421875,
        "mean": 0.0384132452309,
        "median": 0.037109375,
        "min": 0.0068359375,
        "var": 0.000180024668225
    },
    "barkbands": {
        "dmean": [2.7281266739e-06, 7.53397980588e-05, 6.23674932285e-05, 1.02448138932e-05, 3.10590257868e-05, 1.54212557391e-05, 1.2937079191e-05, 5.859070734e-05, 0.00195409683511, 2.80415697489e-05, 2.50995908573e-05, 2.29288434639e-05, 0.000826900009997, 2.81974905647e-07, 6.79483709973e-05, 1.00211718745e-06, 2.99769135381e-06, 1.21361011907e-07, 4.91014907311e-06, 1.42582985063e-06, 4.01048146159e-06, 7.16048816685e-07, 9.14651309358e-07, 4.72987295552e-07, 9.83299742074e-07, 9.96487869998e-07, 4.30183348499e-07],
        "dmean2": [4.15987688029e-06, 0.000124217709526, 0.000108724867459, 1.76646644832e-05, 5.88168768445e-05, 2.6440297006e-05, 2.10859561776e-05, 0.000100060984551, 0.00304685020819, 2.76534010482e-05, 3.72012691514e-05, 3.43189312844e-05, 0.00125249952544, 4.73389746958e-07, 0.000104765807919, 1.43617626236e-06, 4.87038960273e-06, 2.11181344412e-07, 8.21364665171e-06, 2.32479033002e-06, 6.00217435931e-06, 1.06770278308e-06, 1.38267705552e-06, 8.57344787164e-07, 1.70474424976e-06, 1.6888875507e-06, 7.66992513945e-07],
        "dvar": [3.38860606242e-11, 8.07210120968e-09, 3.99146760088e-09, 3.48775036629e-10, 2.99480298338e-08, 7.0019590126e-09, 4.49208492626e-09, 3.42929560304e-08, 2.316760947e-05, 1.0746259882e-08, 1.62573208229e-08, 1.28903439034e-08, 8.31165561976e-06, 1.16273332108e-12, 9.64979136597e-08, 1.49388036663e-11, 2.33963320939e-10, 3.13229043397e-13, 4.56236243229e-10, 5.49544229567e-11, 4.02114092024e-10, 1.31728785865e-11, 2.24363808782e-11, 6.94671837415e-12, 3.12568616823e-11, 2.88146069505e-11, 4.41047589075e-12],
        "dvar2": [3.8968786531e-11, 1.42966145589e-08, 1.13583897843e-08, 9.75633462907e-10, 8.65583587029e-08, 1.87312778621e-08, 1.14001927898e-08, 9.58504102755e-08, 3.98039774154e-05, 1.02162625026e-08, 3.69148622781e-08, 2.9909426047e-08, 2.05578817258e-05, 2.95687953289e-12, 2.42681011287e-07, 3.17663430283e-11, 5.84719772601e-10, 5.80458478592e-13, 1.24232468757e-09, 1.43545036968e-10, 9.43405353837e-10, 2.86504431291e-11, 4.66093136309e-11, 1.39225644902e-11, 8.35705671332e-11, 7.52194140308e-11, 1.22283494094e-11],
        "max": [8.13882361399e-05, 0.000762386363931, 0.000310149451252, 0.000137536233524, 0.00126883306075, 0.000663856044412, 0.000555489503313, 0.00117887789384, 0.0571008734405, 0.00120720267296, 0.00111052941065, 0.000975308881607, 0.0250763166696, 9.10415838007e-06, 0.00260206731036, 3.34519208991e-05, 0.000125479331473, 4.53664233646e-06, 0.000162310243468, 5.92181640968e-05, 0.000175807988853, 3.04122659145e-05, 4.01079050789e-05, 1.97473946173e-05, 4.29088941019e-05, 4.16529328504e-05, 1.62233282026e-05],
        "mean": [4.76637205793e-06, 0.000109591972432, 7.9484336311e-05, 1.10221344585e-05, 2.11561873584e-05, 1.15051634566e-05, 1.03697084342e-05, 4.77278445032e-05, 0.00583977112547, 5.88570692344e-05, 2.1114883566e-05, 1.87658424693e-05, 0.00271267048083, 3.12238938704e-07, 6.56015035929e-05, 1.33271748837e-06, 2.40837835008e-06, 1.89613913903e-07, 4.55528288512e-06, 1.24604207485e-06, 3.29682711708e-06, 7.625338867e-07, 8.67540961735e-07, 5.09814299221e-07, 7.20649040886e-07, 7.8820806948e-07, 6.97780706105e-07],
        "median": [1.86657314316e-06, 7.2967428423e-05, 5.94630328123e-05, 5.38018775842e-06, 2.66424081019e-06, 1.28572298763e-06, 6.86379166837e-07, 4.71893770282e-07, 2.14088254324e-06, 2.04268616244e-07, 2.16887400484e-07, 1.87990806921e-07, 6.06292871907e-07, 1.18165580432e-07, 1.52627293915e-07, 9.63943875831e-08, 7.49525241872e-08, 6.19326243623e-08, 1.38680420037e-07, 1.30233999585e-07, 9.98962335075e-08, 6.96039847981e-08, 7.03003877334e-08, 8.18885723675e-08, 9.9960352884e-08, 1.67958049246e-07, 5.40636108326e-07],
        "min": [6.70917943424e-09, 3.67231592691e-07, 4.8618414894e-07, 3.23924780332e-07, 4.59876275727e-07, 1.58643402415e-07, 5.89229358638e-08, 2.49771705541e-08, 2.45489228945e-08, 3.84939085052e-08, 2.04579801988e-08, 5.05047692556e-09, 1.13102611721e-08, 1.17713279124e-08, 7.26050952693e-09, 1.0362279923e-08, 6.34661967425e-09, 4.00509136966e-09, 6.5397913751e-09, 4.18626733278e-09, 7.91586174387e-09, 5.91719384602e-09, 7.60681651002e-09, 8.27816926119e-09, 3.9991179257e-09, 8.39475688963e-09, 1.93448208563e-08],
        "var": [1.12495880666e-10, 1.76873840019e-08, 5.0040216415e-09, 3.01218217036e-10, 1.75759655718e-08, 5.00405494819e-09, 3.65853303208e-09, 2.84567232001e-08, 0.000166046695085, 4.01870003941e-08, 1.57566528713e-08, 1.21631478223e-08, 3.9416441723e-05, 1.04194918752e-12, 8.83181527911e-08, 2.19554895098e-11, 1.88002544088e-10, 4.2100258826e-13, 3.24187121592e-10, 4.26288761235e-11, 3.7826095034e-10, 1.47545326651e-11, 2.37399700592e-11, 7.06337852791e-12, 2.13900026164e-11, 2.05550663296e-11, 2.80757752116e-12]
    },
    "erbbands": {
        "dmean": [0.00159054808319, 0.01921996288, 0.0688940286636, 0.0448334589601, 0.0802243500948, 0.0879049599171, 0.163947314024, 0.0857135951519, 0.0894773378968, 0.469801038504, 16.1527729034, 47.7870063782, 2.94253802299, 0.528347849846, 1.28365528584, 7.14153909683, 38.7962188721, 1.57443034649, 0.328177630901, 4.53176832199, 0.300852805376, 0.147621542215, 0.0640242919326, 0.276387661695, 0.0716161802411, 0.0828405469656, 0.132473573089, 0.116600014269, 0.0421693250537, 0.0375827625394, 0.015467569232, 0.0128650236875, 0.0056374585256, 0.00704799219966, 0.00977699737996, 0.00250930269249, 0.00238453433849, 0.000629675167147, 7.19683303032e-05, 5.5554737628e-06],
        "dmean2": [0.00252345134504, 0.032601185143, 0.120369762182, 0.0797594562173, 0.15060248971, 0.162178531289, 0.303502261639, 0.132930442691, 0.134612679482, 0.773410558701, 26.1934108734, 66.5765228271, 3.55153107643, 0.788214027882, 1.95800590515, 10.6172981262, 59.29479599, 2.43710803986, 0.518131136894, 6.95603227615, 0.444420158863, 0.232147738338, 0.106164373457, 0.46016445756, 0.112830400467, 0.129634946585, 0.16960991919, 0.201641023159, 0.0656071379781, 0.0526937246323, 0.0273103695363, 0.0220816303045, 0.0105540202931, 0.0111775957048, 0.0175116285682, 0.00430347723886, 0.00389026524499, 0.00113668781705, 0.000127570907352, 9.34395939112e-06],
        "dvar": [6.56275187794e-06, 0.000507924414705, 0.00391223328188, 0.00402458757162, 0.140289276838, 0.242193207145, 0.893876135349, 0.185998424888, 0.160392165184, 2.28902411461, 1375.10437012, 12218.3554688, 51.6598320007, 3.7720746994, 42.9256668091, 614.893981934, 18618.25, 30.466211319, 2.30385684967, 424.631286621, 1.71652507782, 0.549749195576, 0.10571706295, 1.41771364212, 0.0908303782344, 0.178242892027, 0.35016143322, 0.433554232121, 0.0446693524718, 0.0359455943108, 0.00735473027453, 0.00506597803906, 0.000906458066311, 0.00144717167132, 0.00323329959065, 0.000178568268893, 0.000159235249157, 1.21281118481e-05, 1.23879104308e-07, 2.80997142221e-10],
        "dvar2": [1.37961051223e-05, 0.000914978038054, 0.0109700988978, 0.011212782003, 0.41221305728, 0.687598645687, 2.53925442696, 0.454278200865, 0.347649991512, 5.63447332382, 3342.18212891, 17724, 87.9654769897, 7.01554870605, 102.894134521, 1498.11291504, 46807.0351562, 77.9996185303, 5.74921560287, 1062.47009277, 4.11179494858, 1.32821166515, 0.27062612772, 3.86446118355, 0.227231353521, 0.446545153856, 0.567354798317, 1.17885577679, 0.0817138403654, 0.0784820914268, 0.0142813986167, 0.0106278164312, 0.00176504510455, 0.00356704555452, 0.00888881552964, 0.000472949410323, 0.000398698728532, 3.37436867994e-05, 3.43900069311e-07, 7.15627168635e-10],
        "max": [0.0260980427265, 0.157352745533, 0.328972518444, 0.411752551794, 2.75050592422, 3.65456986427, 7.02033758163, 3.62364864349, 3.61998772621, 14.0406599045, 372.286071777, 1426.12304688, 94.8271179199, 21.9208145142, 56.9467163086, 228.248916626, 1179.46984863, 47.9620018005, 13.4853572845, 173.223327637, 11.4365129471, 6.23032474518, 2.6525452137, 9.02469444275, 2.47308087349, 3.43186283112, 5.68625450134, 5.16983890533, 1.82062506676, 1.6529737711, 0.668321549892, 0.553287029266, 0.219077646732, 0.301981985569, 0.427848100662, 0.103472985327, 0.0991241857409, 0.0260940548033, 0.0027064785827, 0.000160794486874],
        "mean": [0.00229816231877, 0.0282614696771, 0.0948518365622, 0.0556238293648, 0.061167743057, 0.0584263280034, 0.104356117547, 0.0758204460144, 0.107396401465, 0.810856342316, 36.8721389771, 143.771896362, 8.19275856018, 1.10726952553, 1.38379061222, 23.2705669403, 124.166938782, 4.81929111481, 0.495266467333, 4.41273260117, 0.308005034924, 0.127218082547, 0.0548763945699, 0.25886335969, 0.0729233920574, 0.0753496736288, 0.141179874539, 0.0817755833268, 0.0445228107274, 0.033355936408, 0.0173555891961, 0.0127368979156, 0.00656429864466, 0.00596854370087, 0.00665595708415, 0.0020587304607, 0.00189984368626, 0.000514212646522, 9.92179411696e-05, 2.11165825021e-05],
        "median": [0.001177803264, 0.0203036256135, 0.0769657865167, 0.0297898929566, 0.0160073004663, 0.00834747962654, 0.00942275393754, 0.00985591020435, 0.00964424945414, 0.0148961227387, 0.0197151564062, 0.105473376811, 0.0127670522779, 0.00739261275157, 0.00847931299359, 0.0122526166961, 0.0307893436402, 0.00799642316997, 0.00707163242623, 0.00758283911273, 0.00549654336646, 0.00405683927238, 0.00395886134356, 0.00498484168202, 0.00704212300479, 0.00625468743965, 0.00501846708357, 0.00339817837812, 0.00261836894788, 0.00223701959476, 0.00203480222262, 0.00173056288622, 0.00133911671583, 0.00106601091102, 0.000805414572824, 0.000503503368236, 0.000320928462315, 0.000175422086613, 6.5083244408e-05, 1.06115894596e-05],
        "min": [6.15778844804e-06, 0.00010200698307, 0.000493029423524, 0.000920909398701, 0.00136627361644, 0.00149781990331, 0.00244422396645, 0.0017685382627, 0.00131606822833, 0.000487893848913, 0.000562443456147, 0.000547841889784, 0.0010646621231, 0.00121097278316, 0.000503828458022, 0.000219936133362, 0.000468706071842, 0.000725400284864, 0.000263688008999, 0.000595858087763, 0.000574222707655, 0.000317287049256, 0.000176733519766, 0.000295688718325, 0.000344107509591, 0.000179478040081, 0.000314545904985, 0.000305702938931, 0.000234889957937, 0.000171324179973, 0.000240220018895, 0.00022106441611, 0.000102252874058, 4.65422708658e-05, 2.75739930657e-05, 3.10664909193e-05, 1.40723914228e-05, 6.54985615256e-06, 3.30085049427e-06, 2.98751587025e-07],
        "var": [1.17184290502e-05, 0.00104716140777, 0.00598998647183, 0.00390598969534, 0.0823060646653, 0.14664837718, 0.539764642715, 0.163456693292, 0.190666183829, 3.9521625042, 6466.34619141, 100870.460938, 310.643859863, 10.1135540009, 40.7672576904, 2899.31445312, 82691.2890625, 124.11782074, 2.62466144562, 393.116424561, 1.74073433876, 0.475841969252, 0.0819687247276, 1.01365280151, 0.0762132555246, 0.151060014963, 0.521496713161, 0.301277369261, 0.0554516725242, 0.0363992154598, 0.00828191731125, 0.00497825490311, 0.000942769518588, 0.00115713803098, 0.00207386934198, 0.000125152233522, 0.000122012526845, 7.56641566113e-06, 7.92247760728e-08, 6.47767228745e-10]
    },
    "gfcc": {
        "mean": [-265.61114502, 84.063583374, -64.9264526367, -1.76609444618, -26.3171958923, 17.0466747284, 0.0493858866394, 10.3943357468, -9.95032978058, 4.86867427826, -15.7245759964, -18.6889572144, -20.5880489349],
        "cov": [[6378.97021484, 1319.84985352, -3817.14892578, -2540.85571289, -842.853027344, 257.998718262, 529.289611816, 65.331741333, 266.989624023, 188.820373535, -240.204559326, -721.290893555, -476.722473145], [1319.84985352, 662.788085938, -1089.20837402, -873.540527344, -202.066574097, 102.364814758, 273.110900879, 84.106880188, 166.32649231, 59.3535957336, -64.4788589478, -341.609375, -221.595092773], [-3817.14892578, -1089.20837402, 3034.14550781, 2019.35900879, 539.58001709, -134.153930664, -443.273773193, -12.3250188828, -255.884262085, -168.46257019, 102.294723511, 655.246765137, 421.851135254], [-2540.85571289, -873.540527344, 2019.35900879, 1498.87585449, 398.071228027, -137.548995972, -376.802124023, -77.7881164551, -214.070663452, -120.006217957, 91.2368392944, 511.186676025, 341.760406494], [-842.853027344, -202.066574097, 539.58001709, 398.071228027, 193.165847778, -15.2115020752, -58.9388084412, 5.4922041893, -45.4169502258, -17.6483802795, 52.1395492554, 99.0401611328, 62.1655006409], [257.998718262, 102.364814758, -134.153930664, -137.548995972, -15.2115020752, 78.1953277588, 78.4377746582, 43.1956558228, 27.1445884705, 12.5845956802, -15.7301578522, -57.1926879883, -37.4139595032], [529.289611816, 273.110900879, -443.273773193, -376.802124023, -58.9388084412, 78.4377746582, 181.193145752, 96.3413848877, 79.7540969849, 25.5185241699, -18.3943595886, -139.621200562, -78.0435256958], [65.331741333, 84.106880188, -12.3250188828, -77.7881164551, 5.4922041893, 43.1956558228, 96.3413848877, 141.730316162, 53.4659614563, 2.75545692444, -22.3729362488, -43.2535057068, -8.88246154785], [266.989624023, 166.32649231, -255.884262085, -214.070663452, -45.4169502258, 27.1445884705, 79.7540969849, 53.4659614563, 84.6530303955, 31.2822380066, -19.3992710114, -98.9912796021, -59.853012085], [188.820373535, 59.3535957336, -168.46257019, -120.006217957, -17.6483802795, 12.5845956802, 25.5185241699, 2.75545692444, 31.2822380066, 55.4508857727, 11.5068273544, -70.0975494385, -63.3425559998], [-240.204559326, -64.4788589478, 102.294723511, 91.2368392944, 52.1395492554, -15.7301578522, -18.3943595886, -22.3729362488, -19.3992710114, 11.5068273544, 56.4048271179, 43.5791358948, 17.471830368], [-721.290893555, -341.609375, 655.246765137, 511.186676025, 99.0401611328, -57.1926879883, -139.621200562, -43.2535057068, -98.9912796021, -70.0975494385, 43.5791358948, 273.950805664, 200.642791748], [-476.722473145, -221.595092773, 421.851135254, 341.760406494, 62.1655006409, -37.4139595032, -78.0435256958, -8.88246154785, -59.853012085, -63.3425559998, 17.471830368, 200.642791748, 186.144546509]],
        "icov": [[0.00174379535019, -0.00184178550262, 0.00338538386859, -0.00235321838409, 0.00223491992801, -0.00301087251864, 0.00102160114329, -0.00260175485164, 0.00356615707278, -0.00419421959668, 0.00484895054251, -0.00569251645356, 0.00327452761121], [-0.00184178550262, 0.0161167159677, -0.0060494733043, 0.00996583141387, -0.00285865995102, 0.0043913628906, -0.0093106823042, 0.00878379959613, -0.0137426694855, 0.0140478685498, -0.0060966364108, 0.0123327365145, -0.00412507914007], [0.00338538386859, -0.0060494733043, 0.012298646383, -0.015239616856, 0.00777936726809, -0.00843731500208, 0.00166733143851, -0.00888530816883, 0.00747109856457, -0.00610491074622, 0.00774465780705, -0.0130508085713, 0.011222884059], [-0.00235321838409, 0.00996583141387, -0.015239616856, 0.032412096858, -0.021471420303, 0.00894421432167, 0.00705149257556, 0.00846324209124, -0.00836041662842, 0.0027384061832, 0.00295692123473, 0.00211385451257, -0.0111181754619], [0.00223491992801, -0.00285865995102, 0.00777936726809, -0.021471420303, 0.0333629176021, -0.011110487394, -0.00382269266993, -0.00760498503223, 0.00586915854365, 0.00555522553623, -0.0199058093131, 0.0113864922896, 0.00214383401908], [-0.00301087251864, 0.0043913628906, -0.00843731500208, 0.00894421432167, -0.011110487394, 0.036469399929, -0.0230306331068, 0.00978265237063, -0.000515557825565, -0.00600293884054, 0.0116862654686, -0.000941259786487, -0.000222945338464], [0.00102160114329, -0.0093106823042, 0.00166733143851, 0.00705149257556, -0.00382269266993, -0.0230306331068, 0.053114708513, -0.0217752289027, 0.000218686080188, 0.0081572746858, -0.0182131621987, 0.00581533228979, -0.00902765989304], [-0.00260175485164, 0.00878379959613, -0.00888530816883, 0.00846324209124, -0.00760498503223, 0.00978265237063, -0.0217752289027, 0.0271627381444, -0.0147332819179, 0.0031321127899, 0.00575626874343, 0.00704432511702, -0.00674078753218], [0.00356615707278, -0.0137426694855, 0.00747109856457, -0.00836041662842, 0.00586915854365, -0.000515557825565, 0.000218686080188, -0.0147332819179, 0.0469269119203, -0.0295780003071, 0.0166019964963, -0.0087428772822, 0.00140577275306], [-0.00419421959668, 0.0140478685498, -0.00610491074622, 0.0027384061832, 0.00555522553623, -0.00600293884054, 0.0081572746858, 0.0031321127899, -0.0295780003071, 0.0714485421777, -0.0487981364131, 0.0347370244563, -0.0027628459502], [0.00484895054251, -0.0060966364108, 0.00774465780705, 0.00295692123473, -0.0199058093131, 0.0116862654686, -0.0182131621987, 0.00575626874343, 0.0166019964963, -0.0487981364131, 0.0805915370584, -0.053554687649, 0.022709896788], [-0.00569251645356, 0.0123327365145, -0.0130508085713, 0.00211385451257, 0.0113864922896, -0.000941259786487, 0.00581533228979, 0.00704432511702, -0.0087428772822, 0.0347370244563, -0.053554687649, 0.0809326767921, -0.0486195757985], [0.00327452761121, -0.00412507914007, 0.011222884059, -0.0111181754619, 0.00214383401908, -0.000222945338464, -0.00902765989304, -0.00674078753218, 0.00140577275306, -0.0027628459502, 0.022709896788, -0.0486195757985, 0.0487459264696]]
    },
    "melbands": {
        "dmean": [1.79096168722e-05, 3.03757769871e-05, 8.91629770194e-06, 6.38584469925e-06, 5.0773392104e-06, 2.09620930036e-06, 1.80015308615e-06, 2.63252400146e-06, 0.000234191786149, 0.000257683597738, 6.77096613799e-06, 2.04187790587e-06, 3.64357424587e-06, 2.39938026425e-06, 8.46233815537e-05, 4.56157285953e-05, 3.12230099553e-08, 2.56537404653e-08, 4.63471496914e-06, 3.44753766512e-06, 1.47387444471e-08, 1.07264959581e-07, 1.80429566399e-07, 5.73577141338e-09, 2.64326871502e-07, 1.22921136381e-07, 1.84365216427e-08, 6.40797921392e-08, 6.8963849742e-08, 5.33679553882e-08, 9.40394571103e-08, 2.30368417675e-08, 1.58020849739e-08, 2.90668342728e-08, 7.72467600996e-09, 8.92736373714e-09, 7.25112192512e-09, 4.02853572723e-09, 3.82525611187e-09, 6.31690566522e-09],
        "dmean2": [2.81859684037e-05, 5.35653271072e-05, 1.62119995366e-05, 1.20575850815e-05, 9.35119987844e-06, 3.32628633259e-06, 2.75670731753e-06, 4.12509916714e-06, 0.000377038842998, 0.000359134050086, 7.60664715926e-06, 3.45217790709e-06, 5.38765971214e-06, 3.61014895134e-06, 0.000126893952256, 7.06663995516e-05, 5.0586375977e-08, 4.27094626332e-08, 7.15787700756e-06, 5.22874324815e-06, 2.36188544278e-08, 1.59747358452e-07, 3.06622609969e-07, 9.93342386124e-09, 4.40156611603e-07, 2.0746132634e-07, 2.84213186319e-08, 1.08304163859e-07, 9.57975032634e-08, 6.50673186442e-08, 1.75458879426e-07, 3.59640637271e-08, 2.30901218146e-08, 4.49532180369e-08, 1.44388758727e-08, 1.50309880098e-08, 1.22077139508e-08, 7.63515028979e-09, 6.54168763603e-09, 1.03286215136e-08],
        "dvar": [5.19350229489e-10, 8.36593627707e-10, 3.05439618042e-10, 1.17036613734e-09, 8.43115022242e-10, 1.14038119226e-10, 7.75835992672e-11, 1.62703309159e-10, 2.99633143186e-07, 3.52119712943e-07, 6.91225521265e-10, 6.24146845318e-11, 3.52190721031e-10, 1.58596011324e-10, 8.6574338809e-08, 2.6031342415e-08, 1.31007943209e-14, 1.42420323039e-14, 4.47908377055e-10, 2.40421738074e-10, 4.24066070955e-15, 2.83216402804e-13, 8.92715534741e-13, 6.0093228899e-16, 1.28999187634e-12, 2.98937659566e-13, 6.02902678208e-15, 1.20394552617e-13, 9.96964148606e-14, 5.69763149421e-14, 3.18692961561e-13, 1.37940094731e-14, 5.93406380078e-15, 2.33393169293e-14, 1.9350402035e-15, 2.40065866153e-15, 1.57526147684e-15, 4.67686859546e-16, 3.85016708592e-16, 1.20136027574e-15],
        "dvar2": [9.47013911734e-10, 2.12327089244e-09, 8.72318162148e-10, 3.38947403478e-09, 2.38110886563e-09, 2.84164830555e-10, 1.83751264204e-10, 3.96677968251e-10, 6.53810616313e-07, 5.18640035807e-07, 9.38023214658e-10, 1.34318167699e-10, 8.04083744033e-10, 3.74903691425e-10, 2.1081703494e-07, 6.64664412398e-08, 3.14277548213e-14, 3.82167442223e-14, 1.12728337776e-09, 5.94157834044e-10, 1.14853407072e-14, 6.46300450224e-13, 2.34378944204e-12, 1.11023880061e-15, 3.52235471693e-12, 8.08078810029e-13, 1.18039902668e-14, 3.21439408294e-13, 1.55900140887e-13, 9.77870535197e-14, 9.14182466706e-13, 2.68839143384e-14, 1.23804732674e-14, 5.61565259626e-14, 3.82977984991e-15, 5.10925530399e-15, 3.34359754951e-15, 9.09077898882e-16, 7.84740820824e-16, 3.04894591562e-15],
        "max": [0.000228943303227, 0.000196768174646, 0.00013176430366, 0.000251109653618, 0.000216781132622, 8.90974479262e-05, 7.58887981647e-05, 0.000110616645543, 0.00597180612385, 0.00763273611665, 0.00028998425114, 7.92965875007e-05, 0.00016256046365, 0.000105972176243, 0.00259357970208, 0.00138381263241, 9.88299348137e-07, 9.87174871625e-07, 0.000178347472684, 0.000130860033096, 5.6604068277e-07, 4.49132176072e-06, 7.52612322685e-06, 1.99643039878e-07, 8.58354360389e-06, 4.20094374931e-06, 6.47690114874e-07, 2.71643921224e-06, 2.93049106403e-06, 2.30582600125e-06, 4.18639046984e-06, 9.96588255475e-07, 6.49832998079e-07, 1.28313433834e-06, 3.29224519646e-07, 3.85432173289e-07, 3.10681912197e-07, 1.56150704811e-07, 1.51788640324e-07, 2.72760303233e-07],
        "mean": [2.62943140115e-05, 4.62623647763e-05, 1.04220480353e-05, 4.46314243163e-06, 3.26550230056e-06, 1.77564038495e-06, 1.61178752478e-06, 2.22161361307e-06, 0.000590291281696, 0.00077181920642, 1.12970819828e-05, 3.67819097846e-06, 3.08404241878e-06, 1.97201006813e-06, 0.000283245113678, 0.000142010409036, 3.57757912184e-08, 2.91449993028e-08, 4.48208993475e-06, 3.37352162205e-06, 1.81518959863e-08, 9.5710923631e-08, 1.3518875619e-07, 8.76440786612e-09, 2.46839846341e-07, 1.12242290129e-07, 2.44685480766e-08, 5.0618972125e-08, 7.81380506965e-08, 5.41810116772e-08, 5.94756812689e-08, 2.3121614845e-08, 1.77031065363e-08, 2.28956178461e-08, 8.96505891745e-09, 8.74157457531e-09, 7.0950556541e-09, 4.67610217214e-09, 4.08419076336e-09, 5.11077935528e-09],
        "median": [1.46704569488e-05, 3.52984061465e-05, 6.07787615081e-06, 6.87683382239e-07, 2.96070453487e-07, 2.24083493094e-07, 1.35727859174e-07, 1.41252428421e-07, 2.33838065355e-07, 3.08306368879e-07, 3.59938354677e-08, 2.51772718229e-08, 2.77212013344e-08, 1.87623285797e-08, 6.31411083418e-08, 4.26163424549e-08, 1.07107620551e-08, 9.04705554916e-09, 1.30326229808e-08, 8.43319902799e-09, 5.05010211427e-09, 4.35604974314e-09, 3.78111941757e-09, 2.70040456662e-09, 4.15598178094e-09, 5.68685898372e-09, 4.3905941105e-09, 4.28491020443e-09, 3.43897421651e-09, 2.44937448102e-09, 1.78890158242e-09, 1.51352330668e-09, 1.28269272981e-09, 1.26071009188e-09, 1.14503961868e-09, 1.06726316673e-09, 1.01001751407e-09, 9.38910171833e-10, 9.05993779998e-10, 8.65217841817e-10],
        "min": [7.9015187282e-08, 2.21794167032e-07, 1.72902829831e-07, 1.00148383808e-07, 8.14774239188e-08, 3.77545532615e-08, 1.79851920024e-08, 5.0455364331e-09, 4.27756186028e-09, 3.55359097703e-09, 5.42688960437e-09, 4.41156400299e-09, 2.33256436388e-09, 5.93873505927e-10, 5.71625302648e-10, 1.3609064986e-09, 1.32809618858e-09, 3.75894981808e-10, 6.61227017584e-10, 7.43607619924e-10, 6.81043554884e-10, 3.7857969537e-10, 1.3041621949e-10, 2.19773602095e-10, 2.36090424988e-10, 2.629962359e-10, 1.76505449145e-10, 9.65193550084e-11, 2.51992704481e-10, 1.07367600921e-10, 1.9711891841e-10, 1.37165792613e-10, 9.97077143072e-11, 8.47585474029e-11, 1.27934579597e-10, 1.40193578968e-10, 1.50383136499e-10, 9.18653000892e-11, 3.29572168167e-11, 4.27579256723e-11],
        "var": [1.21897014704e-09, 1.43904521632e-09, 2.27602783842e-10, 6.87950807432e-10, 5.15872122797e-10, 9.63145188604e-11, 7.37161442999e-11, 1.47535331174e-10, 1.68618441876e-06, 2.89810805043e-06, 1.80828907403e-09, 1.46106779453e-10, 3.38536559896e-10, 1.43457162816e-10, 4.29656694223e-07, 1.08314992531e-07, 1.32925761327e-14, 1.21020925011e-14, 4.11753436902e-10, 2.26826210592e-10, 4.01395149418e-15, 2.6477149466e-13, 6.49017298238e-13, 8.25720168933e-16, 9.19937845519e-13, 2.12429547694e-13, 7.54900919472e-15, 8.70327573031e-14, 1.53169753899e-13, 8.0155893316e-14, 1.9265371362e-13, 1.58179777599e-14, 7.4381063239e-15, 2.02008413252e-14, 2.12790918207e-15, 2.3635628536e-15, 1.52811742294e-15, 4.85801770854e-16, 3.88243798242e-16, 9.12568627537e-16]
    },
    "mfcc": {
        "mean": [-948.349914551, 138.139953613, 25.92578125, 17.931344986, 6.06268501282, 14.2592868805, 19.4386920929, 8.3959941864, 11.9815015793, 20.1169700623, 13.7146215439, 6.38505601883, -0.784700810909],
        "cov": [[6110.10253906, 1003.17089844, -2216.37158203, -1704.32861328, -1605.46704102, -400.28302002, -164.048400879, -21.1974868774, 158.429580688, 259.530853271, 355.932250977, 94.0534210205, -183.622680664], [1003.17089844, 479.703460693, -497.813751221, -423.98828125, -342.635498047, -99.0527648926, -3.34593915939, 9.78172969818, 77.4320449829, 195.611282349, 225.601470947, 70.4318695068, -75.5475769043], [-2216.37158203, -497.813751221, 1153.22070312, 792.299743652, 704.330566406, 210.280166626, 13.5917329788, 23.9548206329, -76.4804763794, -210.707229614, -263.367797852, -53.887424469, 106.29499054], [-1704.32861328, -423.98828125, 792.299743652, 647.185852051, 557.729492188, 150.300415039, 35.8846702576, 17.4851512909, -60.1717834473, -166.139556885, -213.795272827, -66.386138916, 92.0959777832], [-1605.46704102, -342.635498047, 704.330566406, 557.729492188, 532.105957031, 141.652496338, 47.6342353821, 18.9821586609, -46.6148109436, -108.549415588, -148.653182983, -40.6218147278, 75.0311279297], [-400.28302002, -99.0527648926, 210.280166626, 150.300415039, 141.652496338, 75.2527389526, 13.6630535126, 4.56382703781, -21.0390472412, -52.7543945312, -50.8160934448, -7.45134162903, 20.3174381256], [-164.048400879, -3.34593915939, 13.5917329788, 35.8846702576, 47.6342353821, 13.6630535126, 69.8617706299, 23.2438659668, 9.57892227173, 27.7748451233, 5.14565467834, -2.08649420738, 6.30664348602], [-21.1974868774, 9.78172969818, 23.9548206329, 17.4851512909, 18.9821586609, 4.56382703781, 23.2438659668, 57.5414810181, 33.2462997437, -3.1252617836, -29.3584709167, -20.2406253815, 4.65125799179], [158.429580688, 77.4320449829, -76.4804763794, -60.1717834473, -46.6148109436, -21.0390472412, 9.57892227173, 33.2462997437, 65.3789291382, 60.1115341187, 19.9785881042, 1.11592757702, -10.9225244522], [259.530853271, 195.611282349, -210.707229614, -166.139556885, -108.549415588, -52.7543945312, 27.7748451233, -3.1252617836, 60.1115341187, 180.275604248, 160.259872437, 55.3213539124, -33.330997467], [355.932250977, 225.601470947, -263.367797852, -213.795272827, -148.653182983, -50.8160934448, 5.14565467834, -29.3584709167, 19.9785881042, 160.259872437, 218.257385254, 82.6535568237, -51.6558761597], [94.0534210205, 70.4318695068, -53.887424469, -66.386138916, -40.6218147278, -7.45134162903, -2.08649420738, -20.2406253815, 1.11592757702, 55.3213539124, 82.6535568237, 58.804851532, -7.73864936829], [-183.622680664, -75.5475769043, 106.29499054, 92.0959777832, 75.0311279297, 20.3174381256, 6.30664348602, 4.65125799179, -10.9225244522, -33.330997467, -51.6558761597, -7.73864936829, 41.6618728638]],
