{
"lowlevel": {
    "average_loudness": 0.916677892208,
    "barkbands_crest": {
        "dmean": 0.489619016647,
        "dmean2": 0.685008764267,
        "dvar": 0.761117219925,
        "dvar2": 1.05285418034,
        "max": 26.9447746277,
        "mean": 25.1179637909,
        "median": 26.0403289795,
        "min": 14.931230545,
        "var": 4.68295955658
    },
    "barkbands_flatness_db": {
        "dmean": 0.0217218734324,
        "dmean2": 0.0234901960939,
        "dvar": 0.000728035811335,
        "dvar2": 0.000672172172926,
        "max": 0.580463349819,
        "mean": 0.429232805967,
        "median": 0.430717617273,
        "min": 0.201234534383,
        "var": 0.00781843718141
    },
    "barkbands_kurtosis": {
        "dmean": 48.2971839905,
        "dmean2": 59.6189117432,
        "dvar": 3991.56982422,
        "dvar2": 6848.71044922,
        "max": 975.83972168,
        "mean": 161.580169678,
        "median": 76.6820373535,
        "min": 2.33792209625,
        "var": 44661.4921875
    },
    "barkbands_skewness": {
        "dmean": 1.19932663441,
        "dmean2": 1.40832936764,
        "dvar": 1.6485799551,
        "dvar2": 2.80482029915,
        "max": 3.87884092331,
        "mean": -6.02724504471,
        "median": -4.41796779633,
        "min": -18.3301753998,
        "var": 26.170627594
    },
    "barkbands_spread": {
        "dmean": 0.545478999615,
        "dmean2": 0.924322068691,
        "dvar": 0.56478369236,
        "dvar2": 1.63050568104,
        "max": 6.91669178009,
        "mean": 1.59955155849,
        "median": 0.609530329704,
        "min": 0.037645213306,
        "var": 3.64884138107
    },
    "dissonance": {
        "dmean": 0.105174146593,
        "dmean2": 0.178993925452,
        "dvar": 0.00634935079142,
        "dvar2": 0.021120518446,
        "max": 0.483587563038,
        "mean": 0.244162008166,
        "median": 0.228777453303,
        "min": 0.0725641921163,
        "var": 0.0109593411908
    },
    "dynamic_complexity": 4.7221121788,
    "erbbands_crest": {
        "dmean": 0.397508949041,
        "dmean2": 0.454673737288,
        "dvar": 0.684938073158,
        "dvar2": 0.679415643215,
        "max": 29.5043525696,
        "mean": 25.8904590607,
        "median": 26.0997962952,
        "min": 17.8929080963,
        "var": 2.63400530815
    },
    "erbbands_flatness_db": {
        "dmean": 0.0181717611849,
        "dmean2": 0.0194187480956,
        "dvar": 0.000425146368798,
        "dvar2": 0.000452736625448,
        "max": 0.585161268711,
        "mean": 0.456146448851,
        "median": 0.461452305317,
        "min": 0.279588848352,
        "var": 0.00591581268236
    },
    "erbbands_kurtosis": {
        "dmean": 7.04735517502,
        "dmean2": 9.23835277557,
        "dvar": 33.1855239868,
        "dvar2": 73.8862228394,
        "max": 104.956558228,
        "mean": 45.4113197327,
        "median": 42.2976760864,
        "min": 17.3188285828,
        "var": 378.20904541
    },
    "erbbands_skewness": {
        "dmean": 0.493125498295,
        "dmean2": 0.670194029808,
        "dvar": 0.206293702126,
        "dvar2": 0.395919591188,
        "max": 5.67210531235,
        "mean": 0.126543223858,
        "median": -0.26053327322,
        "min": -2.81154108047,
        "var": 4.15677165985
    },
    "erbbands_spread": {
        "dmean": 0.121395111084,
        "dmean2": 0.147077098489,
        "dvar": 0.0394419580698,
        "dvar2": 0.0465234220028,
        "max": 2.80550980568,
        "mean": 0.83805167675,
        "median": 0.621696472168,
        "min": 0.298822402954,
        "var": 0.352558761835
    },
    "hfc": {
        "dmean": 3.08127737045,
        "dmean2": 2.67349028587,
        "dvar": 13.5882415771,
        "dvar2": 11.3570213318,
        "max": 54.2002372742,
        "mean": 16.5548400879,
        "median": 10.2995958328,
        "min": 0.0325280018151,
        "var": 234.356430054
    },
    "melbands_crest": {
        "dmean": 0.741511464119,
        "dmean2": 1.10815620422,
        "dvar": 0.897187113762,
        "dvar2": 1.56293785572,
        "max": 28.4180679321,
        "mean": 24.2286453247,
        "median": 25.4907588959,
        "min": 13.4264783859,
        "var": 8.64539146423
    },
    "melbands_flatness_db": {
        "dmean": 0.0215669367462,
        "dmean2": 0.0226159151644,
        "dvar": 0.000735463108867,
        "dvar2": 0.000711414322723,
        "max": 0.644037306309,
        "mean": 0.507453382015,
        "median": 0.502791583538,
        "min": 0.288019955158,
        "var": 0.00662184692919
    },
    "melbands_kurtosis": {
        "dmean": 6.76302814484,
        "dmean2": 10.0445318222,
        "dvar": 62.2535095215,
        "dvar2": 110.510223389,
        "max": 89.8584671021,
        "mean": 32.1181945801,
        "median": 28.0376930237,
        "min": -0.673799991608,
        "var": 715.543029785
    },
    "melbands_skewness": {
        "dmean": 0.575249373913,
        "dmean2": 0.837197363377,
        "dvar": 0.239489406347,
        "dvar2": 0.446167081594,
        "max": -0.0342023447156,
        "mean": -3.54485750198,
        "median": -3.521920681,
        "min": -6.75394630432,
        "var": 2.79484653473
    },
    "melbands_spread": {
        "dmean": 1.25635802746,
        "dmean2": 2.21882843971,
        "dvar": 2.78795409203,
        "dvar2": 7.86501979828,
        "max": 15.364118576,
        "mean": 4.02208566666,
        "median": 1.99435222149,
        "min": 0.311588227749,
        "var": 18.3520336151
    },
    "pitch_salience": {
        "dmean": 0.0268930010498,
        "dmean2": 0.0312906950712,
        "dvar": 0.00393229397014,
        "dvar2": 0.00399283226579,
        "max": 0.822681188583,
        "mean": 0.172515079379,
        "median": 0.143860265613,
        "min": 0.0358694531024,
        "var": 0.0169174075127
    },
    "silence_rate_20dB": {
        "dmean": 0,
        "dmean2": 0,
        "dvar": 0,
        "dvar2": 0,
        "max": 1,
        "mean": 1,
        "median": 1,
        "min": 1,
        "var": 0
    },
    "silence_rate_30dB": {
        "dmean": 0,
        "dmean2": 0,
        "dvar": 0,
        "dvar2": 0,
        "max": 1,
        "mean": 1,
        "median": 1,
        "min": 1,
        "var": 0
    },
    "silence_rate_60dB": {
        "dmean": 0.0333333350718,
        "dmean2": 0.0674157291651,
        "dvar": 0.0322222113609,
        "dvar2": 0.0853427127004,
        "max": 1,
        "mean": 0.197802200913,
        "median": 0,
        "min": 0,
        "var": 0.158676475286
    },
    "spectral_centroid": {
        "dmean": 4.7156791687,
        "dmean2": 6.30366134644,
        "dvar": 79.4014434814,
        "dvar2": 126.284347534,
        "max": 839.762451172,
        "mean": 808.510375977,
        "median": 819.583557129,
        "min": 756.918518066,
        "var": 476.694793701
    },
    "spectral_complexity": {
        "dmean": 0.422222226858,
        "dmean2": 0.820224702358,
        "dvar": 0.310617387295,
        "dvar2": 0.664309620857,
        "max": 4,
        "mean": 2.68131875992,
        "median": 3,
        "min": 0,
        "var": 0.458882182837
    },
    "spectral_decrease": {
        "dmean": 9.22843801376e-10,
        "dmean2": 8.03516364556e-10,
        "dvar": 1.22415420449e-18,
        "dvar2": 1.02170423111e-18,
        "max": -1.13024719792e-11,
        "mean": -4.96307839271e-09,
        "median": -3.05882608131e-09,
        "min": -1.60962585483e-08,
        "var": 2.05624990357e-17
    },
    "spectral_energy": {
        "dmean": 0.00376205774955,
        "dmean2": 0.00327418604866,
        "dvar": 2.03421641345e-05,
        "dvar2": 1.69810518855e-05,
        "max": 0.065666615963,
        "mean": 0.0202332809567,
        "median": 0.0124788619578,
        "min": 4.56085035694e-05,
        "var": 0.000342358282069
    },
    "spectral_energyband_high": {
        "dmean": 8.56199108057e-07,
        "dmean2": 9.71201643551e-07,
        "dvar": 1.29431586976e-11,
        "dvar2": 1.15017405322e-11,
        "max": 5.40851615369e-05,
        "mean": 2.66109600489e-06,
        "median": 1.41385203278e-06,
        "min": 4.89719234054e-08,
        "var": 3.8405612024e-11
    },
    "spectral_energyband_low": {
        "dmean": 5.62510176678e-05,
        "dmean2": 9.64616920101e-05,
        "dvar": 3.13479509018e-09,
        "dvar2": 9.4760856939e-09,
        "max": 0.000288428971544,
        "mean": 9.40549434745e-05,
        "median": 7.03956029611e-05,
        "min": 4.03149397243e-06,
        "var": 5.93425442119e-09
    },
    "spectral_energyband_middle_high": {
        "dmean": 0.00372542045079,
        "dmean2": 0.00321839703247,
        "dvar": 1.93211417354e-05,
        "dvar2": 1.65372093761e-05,
        "max": 0.0654710456729,
        "mean": 0.0196393225342,
        "median": 0.0122508499771,
        "min": 2.46515646722e-05,
        "var": 0.000337952020345
    },
    "spectral_energyband_middle_low": {
        "dmean": 0.000387387553928,
        "dmean2": 0.000489235215355,
        "dvar": 4.62409047941e-07,
        "dvar2": 7.7247216268e-07,
        "max": 0.00904345139861,
        "mean": 0.00172111555003,
        "median": 0.00116849807091,
        "min": 2.16982843995e-05,
        "var": 2.75296451946e-06
    },
    "spectral_entropy": {
        "dmean": 0.22850549221,
        "dmean2": 0.236513242126,
        "dvar": 0.10754776746,
        "dvar2": 0.0925094932318,
        "max": 7.69091701508,
        "mean": 4.40060758591,
        "median": 4.37263345718,
        "min": 3.13364601135,
        "var": 0.7639310956
    },
    "spectral_flux": {
        "dmean": 0.00976021122187,
        "dmean2": 0.0138941723853,
        "dvar": 0.00017828939599,
        "dvar2": 0.000404371472541,
        "max": 0.142232701182,
        "mean": 0.0195480491966,
        "median": 0.0135180680081,
        "min": 0.00339589058422,
        "var": 0.000388909451431
    },
    "spectral_kurtosis": {
        "dmean": 11.462428093,
        "dmean2": 16.6424827576,
        "dvar": 98.6270599365,
        "dvar2": 212.231674194,
        "max": 117.67339325,
        "mean": 50.5919647217,
        "median": 44.8466911316,
        "min": 5.40549850464,
        "var": 789.906005859
    },
    "spectral_rms": {
        "dmean": 0.000413045549067,
        "dmean2": 0.000358780816896,
        "dvar": 1.96049484202e-07,
        "dvar2": 1.87122651596e-07,
        "max": 0.0080040609464,
        "mean": 0.00393857294694,
        "median": 0.00348919746466,
        "min": 0.000210940983379,
        "var": 4.22743232775e-06
    },
    "spectral_rolloff": {
        "dmean": 0.478515625,
        "dmean2": 0.483892202377,
        "dvar": 10.0749931335,
        "dvar2": 10.1856069565,
        "max": 861.328125,
        "mean": 840.269226074,
        "median": 839.794921875,
        "min": 839.794921875,
        "var": 9.96678352356
    },
    "spectral_skewness": {
        "dmean": 0.710010588169,
        "dmean2": 1.04872536659,
        "dvar": 0.403545677662,
        "dvar2": 0.75905251503,
        "max": 9.23428535461,
        "mean": 5.81413698196,
        "median": 5.5262465477,
        "min": 2.46764135361,
        "var": 3.02076101303
    },
    "spectral_spread": {
        "dmean": 668140.875,
        "dmean2": 953993.5,
        "dvar": 1.87652689101e+12,
        "dvar2": 1.00634984448e+12,
        "max": 20747136,
        "mean": 2640833.75,
        "median": 2184496.5,
        "min": 900905.625,
        "var": 4.68486088294e+12
    },
    "spectral_strongpeak": {
        "dmean": 0.45658877492,
        "dmean2": 0.37652605772,
        "dvar": 0.319818168879,
        "dvar2": 0.302046775818,
        "max": 8.2850484848,
        "mean": 3.95538687706,
        "median": 3.40734815598,
        "min": 0.0291147399694,
        "var": 4.65152978897
    },
    "zerocrossingrate": {
        "dmean": 0.000748697901145,
        "dmean2": 0.000877809012309,
        "dvar": 8.26093310025e-06,
        "dvar2": 5.37475170859e-06,
        "max": 0.03759765625,
        "mean": 0.0368249900639,
        "median": 0.03759765625,
        "min": 0.00927734375,
        "var": 1.31212245833e-05
    },
    "barkbands": {
        "dmean": [2.54027736446e-06, 3.91533467337e-05, 2.99652674585e-05, 5.61259685128e-06, 7.72830298956e-06, 1.48843455463e-05, 7.24612436898e-06, 4.37078233517e-06, 0.000132547196699, 0.00372833106667, 6.86828161633e-06, 2.18617765313e-06, 2.10572488868e-06, 1.95935035663e-06, 3.49232863073e-07, 4.32373582271e-07, 3.08022663376e-07, 1.84138514214e-07, 5.07177389864e-07, 1.77428901793e-07, 2.63947157464e-07, 1.80323212362e-07, 8.88798723508e-08, 8.70302159228e-08, 9.23413310261e-08, 1.28269107336e-07, 1.09761266742e-07],
        "dmean2": [4.45547038908e-06, 7.25153513486e-05, 5.27206684637e-05, 8.91985746421e-06, 1.12332309072e-05, 1.86410052265e-05, 1.07239175122e-05, 5.15834153703e-06, 0.000180064569577, 0.00321991788223, 7.05407455825e-06, 2.34413869293e-06, 2.25522694564e-06, 2.61072705143e-06, 4.67517509151e-07, 5.99469046847e-07, 4.12072864719e-07, 2.12819301737e-07, 6.37384118818e-07, 2.10401324807e-07, 2.79623094457e-07, 2.36481341176e-07, 1.04308462312e-07, 1.05614702761e-07, 1.14532419104e-07, 1.67243314309e-07, 1.28048341708e-07],
        "dvar": [1.28394369789e-11, 2.21073559459e-09, 9.79537118084e-10, 4.3194538224e-11, 2.45282932854e-10, 3.09938047449e-10, 5.86505982669e-11, 1.02385666612e-09, 3.94383789626e-07, 1.93459036382e-05, 3.71069264204e-09, 3.53089557592e-10, 5.98212451797e-11, 1.72591680531e-11, 3.77448810054e-12, 3.47204816981e-12, 1.64224439169e-12, 1.79241007887e-12, 1.23027293648e-12, 5.22101730339e-13, 4.32624856078e-13, 3.06996181948e-13, 3.0805265565e-13, 2.82384358952e-13, 2.17181497396e-13, 2.19338558275e-13, 3.25752608481e-13],
        "dvar2": [3.83752474242e-11, 6.59791510316e-09, 2.94277335833e-09, 9.68301688831e-11, 4.28764801441e-10, 4.59319221546e-10, 1.20669418902e-10, 1.09671927095e-09, 5.54129599095e-07, 1.65856090462e-05, 3.66393493323e-09, 3.57155832686e-10, 6.59179169582e-11, 3.51314047298e-11, 3.77714266114e-12, 3.61683751525e-12, 1.73880354559e-12, 1.80950155033e-12, 1.72275160717e-12, 4.44524408602e-13, 2.8562259979e-13, 4.76904485954e-13, 3.02368048134e-13, 2.83487453347e-13, 2.40720258397e-13, 2.20597669363e-13, 3.28366240449e-13],
        "max": [2.01960356208e-05, 0.000198199195438, 0.000169814244146, 6.69767759973e-05, 0.000205999807804, 0.000264327652985, 9.26472057472e-05, 0.000312059361022, 0.00761500000954, 0.0654742196202, 0.000593625765759, 0.000180231276317, 0.000126719853142, 3.32069103024e-05, 1.8805721993e-05, 1.76427020051e-05, 1.2400396372e-05, 1.28293422677e-05, 1.20895547298e-05, 7.85262545833e-06, 1.42267554111e-05, 9.9193493952e-06, 5.46169258087e-06, 5.13699160365e-06, 5.10299923917e-06, 5.24036931893e-06, 5.56973554922e-06],
        "mean": [2.39125120061e-06, 5.03095288877e-05, 3.82994549e-05, 8.00424822955e-06, 1.97723711608e-05, 0.000125207428937, 4.25623184128e-05, 4.94310688737e-06, 0.000285123824142, 0.0196295380592, 7.37633308745e-06, 2.34933486354e-06, 5.05580374011e-06, 6.28057205176e-06, 5.0899842563e-07, 5.84176234497e-07, 6.06853689078e-07, 2.19958678827e-07, 1.30097475903e-06, 3.43720870433e-07, 8.03307443675e-07, 5.29075066424e-07, 1.47387268612e-07, 1.4940185622e-07, 1.81354380402e-07, 2.5270230708e-07, 4.00674991852e-07],
        "median": [8.30238946037e-07, 3.51691269316e-05, 2.53105408774e-05, 4.71770590593e-06, 8.51157346915e-06, 0.000127304214402, 4.45353762188e-05, 1.07420521545e-06, 1.04628509234e-06, 0.0122308200225, 4.56824921002e-07, 3.2936324601e-07, 2.95018168117e-07, 1.39975281854e-06, 2.81801192159e-07, 2.13793271087e-07, 2.12601690919e-07, 6.96228568131e-08, 2.11040415365e-07, 1.64847548945e-07, 1.71408998995e-07, 1.12170219779e-07, 7.88657246176e-08, 8.84973871962e-08, 1.04602982276e-07, 1.65247087125e-07, 3.02460279045e-07],
        "min": [3.31226672756e-08, 9.79007268143e-07, 6.47522199415e-07, 5.57737223517e-07, 9.67159166976e-07, 7.01383783053e-07, 2.5516903861e-06, 2.33011689943e-07, 1.05644829773e-07, 2.52178506344e-05, 1.21840727729e-07, 7.36650420663e-08, 4.8456108459e-08, 3.64110377404e-08, 2.21395914934e-08, 3.62183953939e-08, 1.47553649299e-08, 1.79289716407e-09, 9.50929379684e-09, 5.99732619122e-09, 8.78951755823e-09, 2.86643175862e-09, 3.19560222728e-09, 2.72071609686e-09, 5.88120974143e-09, 9.5798959876e-09, 1.61363509221e-08],
        "var": [1.09519086508e-11, 2.48137577152e-09, 1.36690792019e-09, 9.665528794e-11, 9.52981471514e-10, 4.62102889287e-09, 5.66346192166e-10, 1.05106223725e-09, 1.3778757193e-06, 0.00033784689731, 3.82092713025e-09, 3.51625256689e-10, 4.11877587592e-10, 7.14555012382e-11, 3.75429028143e-12, 3.53259023596e-12, 1.84499290845e-12, 1.77062206043e-12, 7.36336165652e-12, 6.84220095946e-13, 4.8083204085e-12, 2.37888636741e-12, 3.15835221474e-13, 2.79368406663e-13, 2.82637140688e-13, 3.02752397804e-13, 3.50208116629e-13]
    },
    "erbbands": {
        "dmean": [0.00108400825411, 0.0100683989003, 0.0344663225114, 0.0216493085027, 0.0320268049836, 0.0157368443906, 0.0100806225091, 0.139344796538, 0.191433563828, 0.0329447984695, 0.629719018936, 5.48253631592, 92.5484924316, 43.4669723511, 1.28566586971, 0.152826026082, 0.100309401751, 0.0520076081157, 0.0660591945052, 0.0214647371322, 0.0227387081832, 0.0175686571747, 0.010427897796, 0.0262061357498, 0.0123551050201, 0.00847565475851, 0.00820126384497, 0.0120844747871, 0.00835347734392, 0.00309036183171, 0.00246546720155, 0.00191842124332, 0.00143821374513, 0.00095769710606, 0.000701304874383, 0.000554792582989, 0.000237181011471, 6.79375516484e-05, 1.77301317308e-05, 5.21939682585e-06],
        "dmean2": [0.00185209244955, 0.0186578016728, 0.0610857531428, 0.0352351740003, 0.0439148582518, 0.0253535099328, 0.016173619777, 0.180764526129, 0.258923500776, 0.0429882369936, 0.876194119453, 6.49206590652, 81.6078491211, 36.4782752991, 1.13140416145, 0.14163582027, 0.114323094487, 0.0644468963146, 0.0886728167534, 0.0285547208041, 0.0314948633313, 0.0230581276119, 0.0122708305717, 0.0322727449238, 0.0150873241946, 0.0101359244436, 0.00937670376152, 0.0130615876988, 0.0114308260381, 0.0037835391704, 0.00288022123277, 0.00230846973136, 0.00173830299173, 0.00116485427134, 0.000914892472792, 0.000813105492853, 0.000315090728691, 8.2992381067e-05, 2.12223167182e-05, 5.01870135849e-06],
        "dvar": [2.10274038182e-06, 0.000120873388369, 0.00122074550018, 0.000658810895402, 0.00333860726096, 0.000792105332948, 0.000116645402159, 0.0263837240636, 0.0465718172491, 0.0194443725049, 8.18359661102, 324.183135986, 11899.3876953, 2546.47949219, 2.81169724464, 0.465582728386, 0.128410831094, 0.0243907310069, 0.0172006879002, 0.0104005020112, 0.00869720149785, 0.00519821234047, 0.0053121545352, 0.00433891173452, 0.00158817088231, 0.000999830546789, 0.000670767622069, 0.00131808780134, 0.00067690119613, 0.000214576022699, 0.000259082677076, 0.00014194510004, 7.210484182e-05, 3.36377670465e-05, 9.38955781749e-06, 3.70686143469e-06, 6.10799474998e-07, 1.21391252605e-07, 6.12219075435e-09, 5.07543382322e-11],
        "dvar2": [6.93312813382e-06, 0.000364159903256, 0.0037016372662, 0.00175923109055, 0.0046500233002, 0.00216601230204, 0.000242342663114, 0.0449443981051, 0.0703512504697, 0.0207757353783, 12.7568511963, 436.514923096, 11015.203125, 2033.61462402, 2.9457962513, 0.447261631489, 0.15200509131, 0.0299472752959, 0.0347392782569, 0.0105674471706, 0.00917014386505, 0.00549429794773, 0.00537906587124, 0.00565177528188, 0.0018607347738, 0.000816726940684, 0.000605711364187, 0.000996711081825, 0.00110815803055, 0.000217417080421, 0.000257787789451, 0.000142545759445, 7.25756035536e-05, 3.38787067449e-05, 1.1133017324e-05, 4.47908269052e-06, 5.82151869821e-07, 1.18154900974e-07, 6.17889517329e-09, 5.46462597395e-11],
        "max": [0.00691099045798, 0.0498049743474, 0.19540964067, 0.124424420297, 0.85962331295, 0.299454212189, 0.0812037363648, 2.36852502823, 3.05053281784, 1.9226859808, 37.0590362549, 217.106063843, 1614.74645996, 769.247619629, 21.6372318268, 8.27258300781, 5.80917406082, 1.86754012108, 1.11609649658, 1.00223648548, 0.877923488617, 0.69874471426, 0.706106841564, 0.724430084229, 0.449201107025, 0.358637720346, 0.340188831091, 0.742612481117, 0.447526454926, 0.190594419837, 0.158914804459, 0.115584440529, 0.0819422602654, 0.0565690509975, 0.0351436138153, 0.0202185343951, 0.00995854940265, 0.00364382052794, 0.000786912045442, 0.000101248522697],
        "mean": [0.00126190832816, 0.0120979612693, 0.0448483265936, 0.0317812263966, 0.0864600837231, 0.0317317731678, 0.0334787853062, 1.09508907795, 1.48983061314, 0.122260227799, 1.81854867935, 17.5985240936, 486.406707764, 230.176239014, 6.6650891304, 0.519350767136, 0.286299973726, 0.153253540397, 0.22790120542, 0.0382246300578, 0.0353461578488, 0.0376355089247, 0.0146810030565, 0.0646990463138, 0.0286150574684, 0.0176235642284, 0.0182624198496, 0.0403653457761, 0.0272334720939, 0.00727174524218, 0.00415181135759, 0.00317011028528, 0.00249919435009, 0.00171581003815, 0.00141686771531, 0.000942160491832, 0.000519121822435, 0.000182568226592, 6.17253608652e-05, 3.01528198179e-05],
        "median": [0.000603201333433, 0.00856763869524, 0.0343600921333, 0.0220508668572, 0.0330239422619, 0.0203474462032, 0.0315665118396, 1.10268902779, 1.58552730083, 0.0901225358248, 0.273857116699, 7.84803628922, 294.842346191, 142.486175537, 4.04527950287, 0.274826943874, 0.0596861839294, 0.0487029366195, 0.0601433888078, 0.0243930276483, 0.0128855770454, 0.0138780772686, 0.00556008610874, 0.00949598383158, 0.00778848351911, 0.00813707336783, 0.00866991374642, 0.0055977110751, 0.00427900906652, 0.00326448539272, 0.00216026697308, 0.00181282358244, 0.001589533058, 0.00105483131483, 0.000834837381262, 0.000584461726248, 0.000337415491231, 0.000132055589347, 5.59403415537e-05, 2.10972775676e-05],
        "min": [3.09996285068e-05, 0.000270670891041, 0.00118536246009, 0.00258857267909, 0.00321700144559, 0.00328130787238, 0.0012996213045, 0.00832474324852, 0.0329767018557, 0.0286856107414, 0.030298775062, 0.140283986926, 0.674033463001, 0.444958746433, 0.0564118996263, 0.0168349910527, 0.00902025587857, 0.00280687049963, 0.00129844318144, 0.00201619509608, 0.00222137500532, 0.000747793121263, 0.000330786395352, 0.000456298876088, 0.000429947249359, 0.00029272827669, 0.000373445276637, 0.00024359508825, 0.000106624349428, 0.000109137901745, 8.36972903926e-05, 7.0598682214e-05, 4.01193392463e-05, 6.58919743728e-05, 4.56740453956e-05, 1.57675476657e-05, 1.94412659766e-05, 7.84843905421e-06, 2.28177395911e-06, 3.2614221368e-07],
        "var": [2.16742364501e-06, 0.000140200354508, 0.00177280034404, 0.000755213957746, 0.0196756385267, 0.00155920116231, 0.000324608787196, 0.353263169527, 0.677810430527, 0.0437705293298, 38.1870689392, 1077.92248535, 203087.125, 47742.765625, 40.1944503784, 0.840952694416, 0.888036370277, 0.0585427507758, 0.0875614210963, 0.010600309819, 0.00907823164016, 0.0061296322383, 0.0053327200003, 0.0189872365445, 0.00371978827752, 0.00147959473543, 0.00144853896927, 0.0150639591739, 0.00659895455465, 0.000446510850452, 0.000267799507128, 0.000141593787703, 7.10097228875e-05, 3.37986057275e-05, 1.38491122925e-05, 4.63741116619e-06, 1.15639466003e-06, 1.41725053027e-07, 6.55349419176e-09, 4.38283104254e-10]
    },
    "gfcc": {
        "mean": [-218.466888428, 122.696365356, -87.8780822754, -55.9804840088, -69.2756118774, 10.8212852478, 21.7670326233, 20.4161987305, -21.7946281433, -20.103509903, -24.9216918945, 4.57787084579, 16.1763458252],
        "cov": [[977.834716797, -130.750228882, -418.787902832, -39.2783889771, -93.9693908691, -14.4930906296, 116.242324829, -72.9835739136, -79.2276687622, -50.0558662415, -151.175170898, -104.562599182, -86.3192596436], [-130.750228882, 142.444671631, -32.6892776489, -82.3010482788, 44.8037376404, 33.8077735901, 66.7303009033, 19.7887973785, 9.61075878143, -43.1215057373, 27.8904399872, -15.4567642212, 46.3239746094], [-418.787902832, -32.6892776489, 863.159545898, 204.220046997, 71.1011505127, 58.7862205505, -218.374023438, 157.145553589, 110.683288574, 147.034622192, 201.759857178, 232.391403198, 74.5745391846], [-39.2783889771, -82.3010482788, 204.220046997, 284.773742676, 36.2293052673, -32.4462471008, -139.984466553, -10.5621709824, 12.5155830383, 72.7799835205, -5.56459569931, 36.1013908386, -22.3312473297], [-93.9693908691, 44.8037376404, 71.1011505127, 36.2293052673, 78.2687606812, 22.3082389832, -31.9834690094, 32.7929916382, 36.094871521, 1.68169093132, 44.373085022, 17.5215568542, 48.8681755066], [-14.4930906296, 33.8077735901, 58.7862205505, -32.4462471008, 22.3082389832, 44.8012504578, 11.7117404938, 32.5236968994, 20.6340637207, -0.0321658439934, 28.0485630035, 13.8146972656, 20.2711315155], [116.242324829, 66.7303009033, -218.374023438, -139.984466553, -31.9834690094, 11.7117404938, 142.879302979, -18.7179298401, -28.3622741699, -49.5860900879, -32.9112205505, -54.3430671692, -21.1633625031], [-72.9835739136, 19.7887973785, 157.145553589, -10.5621709824, 32.7929916382, 32.5236968994, -18.7179298401, 79.5358276367, 41.4429740906, 10.5668935776, 73.5249176025, 61.2122116089, 38.1316452026], [-79.2276687622, 9.61075878143, 110.683288574, 12.5155830383, 36.094871521, 20.6340637207, -28.3622741699, 41.4429740906, 51.1914558411, 16.1425609589, 48.8315925598, 45.6166229248, 42.8096885681], [-50.0558662415, -43.1215057373, 147.034622192, 72.7799835205, 1.68169093132, -0.0321658439934, -49.5860900879, 10.5668935776, 16.1425609589, 60.6752319336, 17.8960800171, 36.4708862305, -7.88401985168], [-151.175170898, 27.8904399872, 201.759857178, -5.56459569931, 44.373085022, 28.0485630035, -32.9112205505, 73.5249176025, 48.8315925598, 17.8960800171, 97.9460296631, 69.8643798828, 56.6172294617], [-104.562599182, -15.4567642212, 232.391403198, 36.1013908386, 17.5215568542, 13.8146972656, -54.3430671692, 61.2122116089, 45.6166229248, 36.4708862305, 69.8643798828, 89.5701599121, 42.4607009888], [-86.3192596436, 46.3239746094, 74.5745391846, -22.3312473297, 48.8681755066, 20.2711315155, -21.1633625031, 38.1316452026, 42.8096885681, -7.88401985168, 56.6172294617, 42.4607009888, 96.2982406616]],
        "icov": [[0.00301681039855, 0.0081341303885, -0.00104053271934, -0.00173842557706, -0.00161528226454, -0.00293795391917, -0.00680875172839, -0.00390732241794, 0.00270294607617, 0.00334819615819, 0.00508998520672, 0.00310849072412, -0.00460773613304], [0.0081341303885, 0.0532957389951, -0.0159979537129, -0.00281491852365, -0.0234285965562, -0.00126863073092, -0.0428681820631, -0.011951318942, 0.00841213669628, 0.024279596284, 0.0205470602959, 0.0306276548654, -0.0264795105904], [-0.00104053271934, -0.0159979537129, 0.0178703386337, -0.00299755320884, 0.00826945994049, -0.0184429734945, 0.0193749200553, 0.0116706779227, 0.0086478991434, -0.012404827401, -0.0204454883933, -0.0340356193483, 0.0137193733826], [-0.00173842557706, -0.00281491852365, -0.00299755320884, 0.0147094875574, -0.0138775631785, 0.0122031299397, 0.0080381501466, 0.00124901277013, -0.0008176251431, -0.00667186593637, 0.0100199179724, -0.00374009902589, 0.0068491040729], [-0.00161528226454, -0.0234285965562, 0.00826945994049, -0.0138775631785, 0.0622929297388, -0.0120053272694, 0.0203630086035, -0.00785404630005, -0.0218798201531, -0.00618422823027, -0.0258586592972, 0.0226894970983, -0.0068798372522], [-0.00293795391917, -0.00126863073092, -0.0184429734945, 0.0122031299397, -0.0120053272694, 0.0723870843649, -0.0112524349242, -0.0322210341692, -0.0230102017522, -0.00492027401924, 0.0261861998588, 0.042863368988, -0.00823966506869], [-0.00680875172839, -0.0428681820631, 0.0193749200553, 0.0080381501466, 0.0203630086035, -0.0112524349242, 0.0569762922823, 0.0131609234959, -0.00181868509389, -0.0188441146165, -0.0236399583519, -0.0316997990012, 0.0278654918075], [-0.00390732241794, -0.011951318942, 0.0116706779227, 0.00124901277013, -0.00785404630005, -0.0322210341692, 0.0131609234959, 0.084546841681, 0.00144996796735, 0.00931870751083, -0.0485365949571, -0.0612874366343, 0.0293589178473], [0.00270294607617, 0.00841213669628, 0.0086478991434, -0.0008176251431, -0.0218798201531, -0.0230102017522, -0.00181868509389, 0.00144996796735, 0.0741747543216, -0.00895332358778, -0.00476961629465, -0.0386735312641, -0.00738837057725], [0.00334819615819, 0.024279596284, -0.012404827401, -0.00667186593637, -0.00618422823027, -0.00492027401924, -0.0188441146165, 0.00931870751083, -0.00895332358778, 0.0546867586672, 0.00554232811555, 0.00590625032783, -0.00168170954566], [0.00508998520672, 0.0205470602959, -0.0204454883933, 0.0100199179724, -0.0258586592972, 0.0261861998588, -0.0236399583519, -0.0485365949571, -0.00476961629465, 0.00554232811555, 0.0872068852186, 0.0217941962183, -0.0238383803517], [0.00310849072412, 0.0306276548654, -0.0340356193483, -0.00374009902589, 0.0226894970983, 0.042863368988, -0.0316997990012, -0.0612874366343, -0.0386735312641, 0.00590625032783, 0.0217941962183, 0.144876226783, -0.0487098842859], [-0.00460773613304, -0.0264795105904, 0.0137193733826, 0.0068491040729, -0.0068798372522, -0.00823966506869, 0.0278654918075, 0.0293589178473, -0.00738837057725, -0.00168170954566, -0.0238383803517, -0.0487098842859, 0.0483201257885]]
    },
    "melbands": {
        "dmean": [9.60796751315e-06, 1.48535473272e-05, 3.8175417103e-06, 1.91351000467e-06, 2.82758435333e-07, 3.37722940458e-06, 2.58923205365e-06, 3.47000110423e-07, 1.14108761409e-05, 1.96659220819e-05, 0.000512575497851, 0.000256778788753, 7.75573425926e-07, 2.6485489002e-07, 2.60577337485e-07, 1.26116759702e-07, 1.23762220028e-07, 1.50001085331e-07, 2.77753766653e-08, 2.80487810755e-08, 2.75775740022e-08, 2.12109760866e-08, 1.03895727577e-08, 8.52556247821e-09, 2.40620217085e-08, 1.62284798932e-08, 5.07448572051e-09, 6.2964882197e-09, 5.7313753743e-09, 6.73954581032e-09, 6.63007826418e-09, 4.82415263292e-09, 3.0047258015e-09, 1.6532546443e-09, 1.50372281293e-09, 1.25352783709e-09, 1.1927775434e-09, 1.04282227298e-09, 9.63211732596e-10, 7.88677234631e-10],
        "dmean2": [1.66618319781e-05, 2.6683210308e-05, 5.96429845245e-06, 2.80462950286e-06, 4.48401863196e-07, 4.29114288636e-06, 3.4261095152e-06, 4.19408507923e-07, 1.52556394823e-05, 2.65497510554e-05, 0.000449815881439, 0.000215191437746, 8.08446770861e-07, 2.86210337208e-07, 1.84978219409e-07, 1.56071777724e-07, 1.59869088634e-07, 2.03593174319e-07, 3.78365037079e-08, 3.58297924663e-08, 3.79370135306e-08, 2.84421801666e-08, 1.24528325429e-08, 9.86960557725e-09, 2.97459337162e-08, 2.03473682348e-08, 6.38630881511e-09, 7.64579155543e-09, 6.95746571466e-09, 8.32793922712e-09, 6.62895738301e-09, 6.42587627553e-09, 4.21000878603e-09, 2.04493488809e-09, 1.75541359226e-09, 1.48322154558e-09, 1.49088985602e-09, 1.2601257815e-09, 1.20767407186e-09, 9.68168212268e-10],
        "dvar": [1.5295387179e-10, 2.45982956226e-10, 1.7392720944e-11, 1.46074055629e-11, 1.06803177142e-13, 1.58940655776e-11, 8.48110817686e-12, 5.83322756417e-12, 2.95088020685e-09, 8.33878210926e-09, 3.64956974863e-07, 9.00528789316e-08, 4.73851929916e-11, 5.06338720951e-12, 1.06512574368e-12, 2.12633377702e-13, 1.19284709063e-13, 9.38829363643e-14, 2.22921080738e-14, 1.82804600857e-14, 1.07194441989e-14, 5.58611367747e-15, 5.00804418416e-15, 3.75047596671e-15, 3.21763972684e-15, 1.17595352249e-15, 8.84720566512e-16, 3.46699929143e-16, 4.17335462453e-16, 3.07435690404e-16, 4.06126199006e-16, 2.09775703261e-16, 9.35397144848e-17, 8.4709356305e-17, 9.25312423517e-17, 6.83808176306e-17, 4.75420832838e-17, 3.63825300828e-17, 2.96200704948e-17, 2.20259205056e-17],
        "dvar2": [4.83267259543e-10, 7.50838669017e-10, 4.93507248955e-11, 2.91431115351e-11, 2.48431375298e-13, 2.46448174368e-11, 1.24971664961e-11, 5.92497101728e-12, 4.18331280727e-09, 1.17220197993e-08, 3.31445079382e-07, 7.09018834755e-08, 4.76416059381e-11, 5.11925441274e-12, 3.99253980571e-13, 2.72985410318e-13, 1.66958027265e-13, 2.09840256065e-13, 2.23886952407e-14, 1.86965429982e-14, 1.15765797081e-14, 6.19439344789e-15, 5.09424715072e-15, 3.78322395452e-15, 4.36413651392e-15, 1.67303311352e-15, 8.88089269482e-16, 2.59256615182e-16, 4.10950925143e-16, 3.07131314408e-16, 2.30864864884e-16, 3.4074703453e-16, 1.49339081911e-16, 8.12867145408e-17, 9.17876003636e-17, 6.87558282331e-17, 4.77445208494e-17, 3.66406997694e-17, 2.98195666062e-17, 2.22146500342e-17],
        "max": [6.01647261647e-05, 7.58836395107e-05, 3.25432702084e-05, 5.02768780279e-05, 2.22394919547e-06, 5.89660739934e-05, 4.19303323724e-05, 2.33501996263e-05, 0.000631044269539, 0.00110535440035, 0.00895734317601, 0.00452403817326, 6.65841143928e-05, 2.15914442379e-05, 2.03681393032e-05, 6.6705183599e-06, 3.47447053173e-06, 2.49128379437e-06, 1.44284422277e-06, 1.29649379232e-06, 9.6377493719e-07, 7.15460487299e-07, 6.84230769821e-07, 5.86858163842e-07, 6.0691274939e-07, 3.9520637074e-07, 2.88298849682e-07, 2.22702283281e-07, 2.01067066996e-07, 3.32493186761e-07, 4.23503905722e-07, 2.56651702557e-07, 1.56142149876e-07, 9.1444285033e-08, 9.42112308167e-08, 7.99915440552e-08, 6.70641568945e-08, 5.8201809594e-08, 5.2431975206e-08, 4.5766185508e-08],
        "mean": [1.24677453641e-05, 2.12408103835e-05, 7.5632710832e-06, 4.76700051877e-06, 4.49170158845e-07, 2.76882146863e-05, 2.04610478249e-05, 4.09332017171e-07, 2.47035277425e-05, 4.06543913414e-05, 0.00269340304658, 0.00135057489388, 8.36551691918e-07, 2.83832349623e-07, 6.25033123924e-07, 2.85329178951e-07, 3.35796585205e-07, 5.23917492501e-07, 3.90318355414e-08, 3.96677428682e-08, 3.87878884567e-08, 4.61663454132e-08, 1.35495010767e-08, 1.01044008716e-08, 6.00720468924e-08, 4.219141303e-08, 7.14842451899e-09, 1.30492239236e-08, 9.74689040589e-09, 2.13535518157e-08, 1.908179037e-08, 1.36364386449e-08, 1.02201083152e-08, 2.68769273504e-09, 2.3837400942e-09, 2.04249794855e-09, 1.90594562355e-09, 1.77133951951e-09, 1.58445701004e-09, 1.36024180808e-09],
        "median": [8.57677514432e-06, 1.63098211488e-05, 5.93513732383e-06, 2.00854310606e-06, 3.05936566747e-07, 2.82607907138e-05, 2.17477409024e-05, 1.3488251227e-07, 2.98615162819e-07, 3.51670166765e-07, 0.0016447531525, 0.000840805529151, 6.2334663653e-08, 4.14775129798e-08, 2.89765118566e-08, 2.81533250046e-08, 8.57580886304e-08, 1.27890686485e-07, 1.98340135427e-08, 2.05495584993e-08, 1.20627268174e-08, 1.56627297798e-08, 4.98013541517e-09, 3.24085935866e-09, 7.9653146301e-09, 7.96956811655e-09, 3.429662776e-09, 5.83116310793e-09, 5.23549648079e-09, 4.1487520086e-09, 2.62033594822e-09, 2.41467534856e-09, 1.94100047146e-09, 1.54477064473e-09, 1.13261444668e-09, 1.07004149985e-09, 1.0591657551e-09, 1.07723507892e-09, 8.56709148067e-10, 7.8642775625e-10],
        "min": [2.62686057795e-07, 5.25300094978e-07, 4.69339056508e-07, 1.39636242125e-07, 2.59344812292e-08, 1.9548431851e-07, 5.09329083798e-07, 2.4909981633e-08, 3.97835790977e-08, 4.18475174513e-08, 3.55853444489e-06, 2.08354526876e-06, 1.6287080129e-08, 9.15520104172e-09, 6.32013241741e-09, 6.35937968951e-09, 4.28013047227e-09, 1.95655847079e-09, 1.86417237202e-09, 3.74689257399e-09, 1.83535409093e-09, 8.22821921709e-10, 2.60697075039e-10, 1.10412297361e-10, 3.78395759171e-10, 3.90469878653e-10, 2.25682278421e-10, 1.70027922297e-10, 2.01598474026e-10, 2.21475421336e-10, 1.16441342679e-10, 5.6687550487e-11, 5.80250639204e-11, 6.03467831262e-11, 4.19845165578e-11, 5.98788241213e-11, 3.6658624053e-11, 2.53267996853e-11, 3.15690598662e-11, 6.57010418292e-11],
        "var": [1.71355193923e-10, 3.54191759255e-10, 4.20960523384e-11, 5.6393764658e-11, 1.43891829333e-13, 2.27941235331e-10, 1.27644089742e-10, 5.86057331137e-12, 9.97540006153e-09, 2.83632139997e-08, 6.26381915936e-06, 1.6480477143e-06, 4.80496163691e-11, 5.04542891841e-12, 7.58536896489e-12, 1.17171181611e-12, 2.6159787227e-13, 4.78032164634e-13, 2.21560576418e-14, 1.81125341098e-14, 1.14360620244e-14, 7.33695957857e-15, 5.0198996808e-15, 3.70443506735e-15, 1.62901020662e-14, 7.64149164003e-15, 8.86692406273e-16, 6.50230612372e-16, 4.76114466795e-16, 3.27640644921e-15, 3.7074161998e-15, 1.65044295657e-15, 8.83500097914e-16, 8.84296044186e-17, 9.42692480804e-17, 6.79541247834e-17, 4.76911346127e-17, 3.58425465789e-17, 2.91896784959e-17, 2.21484706221e-17]
    },
    "mfcc": {
        "mean": [-915.118103027, 168.582611084, 25.427614212, -6.54443216324, -26.9918327332, -6.70546913147, 10.8433771133, 18.2869129181, 27.1000537872, 10.5895452499, -15.8743400574, -30.7056064606, -16.4145393372],
        "cov": [[1076.57641602, -96.4173278809, -401.822357178, -107.978355408, -345.754364014, 68.0194854736, 4.1731672287, -26.2651309967, 81.7400588989, -9.42265415192, 197.558456421, -77.3568878174, -311.829101562], [-96.4173278809, 80.7257995605, 46.3639526367, 4.14454698563, 18.0330886841, -0.421988606453, 21.499288559, 14.2162733078, 2.60040831566, 22.8696098328, -2.48781371117, -20.2019119263, 3.83760786057], [-401.822357178, 46.3639526367, 339.42175293, 106.382041931, 199.25340271, -5.61558151245, 1.55759584904, 20.9552536011, -83.3873443604, -27.7252979279, -93.0328521729, 105.166221619, 241.250244141], [-107.978355408, 4.14454698563, 106.382041931, 127.388694763, 146.973388672, 4.5675034523, -12.1453952789, -10.0976762772, -21.4684829712, -11.5290966034, -73.9890823364, 45.0134315491, 112.739776611], [-345.754364014, 18.0330886841, 199.25340271, 146.973388672, 346.40725708, -35.1983299255, -27.0651855469, 10.7806434631, -36.8893241882, 3.6105325222, -198.798812866, 96.8604888916, 260.114898682], [68.0194854736, -0.421988606453, -5.61558151245, 4.5675034523, -35.1983299255, 59.4211082458, 14.3765153885, -22.8042392731, -2.03680372238, -12.0936956406, 41.4339828491, 6.99997377396, -41.2251205444], [4.1731672287, 21.499288559, 1.55759584904, -12.1453952789, -27.0651855469, 14.3765153885, 38.1097068787, 7.42877960205, -9.63871955872, 8.33478164673, 28.8217334747, -12.1446123123, -21.8130092621], [-26.2651309967, 14.2162733078, 20.9552536011, -10.0976762772, 10.7806434631, -22.8042392731, 7.42877960205, 44.9558792114, 6.59620094299, 13.829120636, 1.84931063652, -4.52316474915, 21.1972408295], [81.7400588989, 2.60040831566, -83.3873443604, -21.4684829712, -36.8893241882, -2.03680372238, -9.63871955872, 6.59620094299, 53.9466323853, 17.7997570038, 7.56448078156, -29.4130153656, -62.2618103027], [-9.42265415192, 22.8696098328, -27.7252979279, -11.5290966034, 3.6105325222, -12.0936956406, 8.33478164673, 13.829120636, 17.7997570038, 40.7690048218, 6.8168964386, -23.978767395, -12.3627872467], [197.558456421, -2.48781371117, -93.0328521729, -73.9890823364, -198.798812866, 41.4339828491, 28.8217334747, 1.84931063652, 7.56448078156, 6.8168964386, 163.418060303, -45.5599822998, -146.989822388], [-77.3568878174, -20.2019119263, 105.166221619, 45.0134315491, 96.8604888916, 6.99997377396, -12.1446123123, -4.52316474915, -29.4130153656, -23.978767395, -45.5599822998, 97.2088775635, 118.172241211], [-311.829101562, 3.83760786057, 241.250244141, 112.739776611, 260.114898682, -41.2251205444, -21.8130092621, 21.1972408295, -62.2618103027, -12.3627872467, -146.989822388, 118.172241211, 282.57635498]],
