{
"lowlevel": {
    "average_loudness": 0.99068403244,
    "barkbands_crest": {
        "dmean": 0.599295854568,
        "dmean2": 0.593328595161,
        "dvar": 0.691910326481,
        "dvar2": 0.724760770798,
        "max": 18.209564209,
        "mean": 13.7247314453,
        "median": 13.2902574539,
        "min": 7.05943775177,
        "var": 5.40499591827
    },
    "barkbands_flatness_db": {
        "dmean": 0.0128803709522,
        "dmean2": 0.0168222431093,
        "dvar": 0.00109867553692,
        "dvar2": 0.00101728388108,
        "max": 0.470612883568,
        "mean": 0.366810053587,
        "median": 0.386482059956,
        "min": 0.177303150296,
        "var": 0.00462588854134
    },
    "barkbands_kurtosis": {
        "dmean": 0.731231033802,
        "dmean2": 1.1788713932,
        "dvar": 0.60891187191,
        "dvar2": 1.01043915749,
        "max": 5.75151634216,
        "mean": 0.922778189182,
        "median": 0.881719350815,
        "min": -0.727130651474,
        "var": 0.997732400894
    },
    "barkbands_skewness": {
        "dmean": 0.179019257426,
        "dmean2": 0.273191869259,
        "dvar": 0.046097856015,
        "dvar2": 0.0502407699823,
        "max": 0.559804081917,
        "mean": -0.804084300995,
        "median": -0.876361966133,
        "min": -1.50693917274,
        "var": 0.127471297979
    },
    "barkbands_spread": {
        "dmean": 0.637987732887,
        "dmean2": 0.944292187691,
        "dvar": 0.59650105238,
        "dvar2": 1.19281864166,
        "max": 13.9942913055,
        "mean": 4.95901346207,
        "median": 3.89355826378,
        "min": 2.56569075584,
        "var": 6.14870977402
    },
    "dissonance": {
        "dmean": 0.0937490835786,
        "dmean2": 0.162067860365,
        "dvar": 0.00616102805361,
        "dvar2": 0.0180691052228,
        "max": 0.419795244932,
        "mean": 0.281619518995,
        "median": 0.300236433744,
        "min": 0.0876544490457,
        "var": 0.00900134723634
    },
    "dynamic_complexity": 3.34936261177,
    "erbbands_crest": {
        "dmean": 0.498339384794,
        "dmean2": 0.351206481457,
        "dvar": 0.434196859598,
        "dvar2": 0.442961990833,
        "max": 22.0634479523,
        "mean": 18.5372829437,
        "median": 18.8124370575,
        "min": 13.5539388657,
        "var": 4.92748165131
    },
    "erbbands_flatness_db": {
        "dmean": 0.0105558643118,
        "dmean2": 0.0133210523054,
        "dvar": 0.000752498453949,
        "dvar2": 0.000757625035476,
        "max": 0.496770441532,
        "mean": 0.412885695696,
        "median": 0.42650282383,
        "min": 0.261370509863,
        "var": 0.00327704823576
    },
    "erbbands_kurtosis": {
        "dmean": 0.269566982985,
        "dmean2": 0.313379436731,
        "dvar": 0.379557311535,
        "dvar2": 0.422212302685,
        "max": 5.33094787598,
        "mean": 0.312324523926,
        "median": 0.126229763031,
        "min": -1.44490075111,
        "var": 2.11269950867
    },
    "erbbands_skewness": {
        "dmean": 0.0991610512137,
        "dmean2": 0.0898832529783,
        "dvar": 0.0402984172106,
        "dvar2": 0.0392006784678,
        "max": 0.20955747366,
        "mean": -0.935446321964,
        "median": -1.1328111887,
        "min": -1.5478066206,
        "var": 0.200257495046
    },
    "erbbands_spread": {
        "dmean": 0.237983003259,
        "dmean2": 0.288043856621,
        "dvar": 0.0850864946842,
        "dvar2": 0.160067558289,
        "max": 8.35178089142,
        "mean": 5.84575986862,
        "median": 5.98989725113,
        "min": 3.89890670776,
        "var": 0.978282153606
    },
    "hfc": {
        "dmean": 1.60581946373,
        "dmean2": 0.890257716179,
        "dvar": 14.1416215897,
        "dvar2": 13.6486444473,
        "max": 65.6622772217,
        "mean": 24.7449398041,
        "median": 17.0621528625,
        "min": 0.0629255250096,
        "var": 451.760406494
    },
    "melbands_crest": {
        "dmean": 0.819454729557,
        "dmean2": 0.911550045013,
        "dvar": 0.608221173286,
        "dvar2": 0.915516734123,
        "max": 21.6639175415,
        "mean": 16.9150619507,
        "median": 17.242816925,
        "min": 6.47576856613,
        "var": 10.0158977509
    },
    "melbands_flatness_db": {
        "dmean": 0.0129415569827,
        "dmean2": 0.015936370939,
        "dvar": 0.00143050856423,
        "dvar2": 0.0013491124846,
        "max": 0.541478812695,
        "mean": 0.460202276707,
        "median": 0.487781375647,
        "min": 0.243982300162,
        "var": 0.00436160154641
    },
    "melbands_kurtosis": {
        "dmean": 0.321557968855,
        "dmean2": 0.542377769947,
        "dvar": 0.110593110323,
        "dvar2": 0.188535869122,
        "max": 0.96780872345,
        "mean": -0.597018718719,
        "median": -0.634511709213,
        "min": -1.43783771992,
        "var": 0.286675870419
    },
    "melbands_skewness": {
        "dmean": 0.14032061398,
        "dmean2": 0.211882218719,
        "dvar": 0.0101642506197,
        "dvar2": 0.0204573776573,
        "max": 0.247924506664,
        "mean": -0.337851911783,
        "median": -0.374931454659,
        "min": -0.950681626797,
        "var": 0.0733784511685
    },
    "melbands_spread": {
        "dmean": 1.23123562336,
        "dmean2": 1.90202045441,
        "dvar": 1.12245762348,
        "dvar2": 3.6027431488,
        "max": 25.559343338,
        "mean": 13.0449447632,
        "median": 9.82215023041,
        "min": 7.93329286575,
        "var": 29.9976634979
    },
    "pitch_salience": {
        "dmean": 0.0146751822904,
        "dmean2": 0.0183260217309,
        "dvar": 0.00289973127656,
        "dvar2": 0.00303817191161,
        "max": 0.832151114941,
        "mean": 0.47221827507,
        "median": 0.473415970802,
        "min": 0.397338688374,
        "var": 0.00300594302826
    },
    "silence_rate_20dB": {
        "dmean": 0,
        "dmean2": 0,
        "dvar": 0,
        "dvar2": 0,
        "max": 1,
        "mean": 1,
        "median": 1,
        "min": 1,
        "var": 0
    },
    "silence_rate_30dB": {
        "dmean": 0,
        "dmean2": 0,
        "dvar": 0,
        "dvar2": 0,
        "max": 1,
        "mean": 1,
        "median": 1,
        "min": 1,
        "var": 0
    },
    "silence_rate_60dB": {
        "dmean": 0.0166666675359,
        "dmean2": 0.0338983051479,
        "dvar": 0.0163888875395,
        "dvar2": 0.032749209553,
        "max": 1,
        "mean": 0.049180328846,
        "median": 0,
        "min": 0,
        "var": 0.0467616207898
    },
    "spectral_centroid": {
        "dmean": 14.8904409409,
        "dmean2": 16.100353241,
        "dvar": 154.249084473,
        "dvar2": 430.016174316,
        "max": 1110.90087891,
        "mean": 929.559020996,
        "median": 919.687683105,
        "min": 812.461486816,
        "var": 4811.35546875
    },
    "spectral_complexity": {
        "dmean": 0.449999988079,
        "dmean2": 0.762711882591,
        "dvar": 0.480833381414,
        "dvar2": 1.02844011784,
        "max": 6,
        "mean": 4.03278684616,
        "median": 4,
        "min": 0,
        "var": 0.687449991703
    },
    "spectral_decrease": {
        "dmean": 3.75517533735e-10,
        "dmean2": 2.47041470613e-10,
        "dvar": 8.12991104627e-19,
        "dvar2": 8.13061156485e-19,
        "max": -2.03489378126e-11,
        "mean": -6.0469291796e-09,
        "median": -4.82327155993e-09,
        "min": -1.47886032309e-08,
        "var": 2.2866890219e-17
    },
    "spectral_energy": {
        "dmean": 0.00156145298388,
        "dmean2": 0.00100978300907,
        "dvar": 1.40132306115e-05,
        "dvar2": 1.39755147757e-05,
        "max": 0.0617711320519,
        "mean": 0.0250668618828,
        "median": 0.0197516866028,
        "min": 8.2509162894e-05,
        "var": 0.000398816569941
    },
    "spectral_energyband_high": {
        "dmean": 2.7576818411e-06,
        "dmean2": 2.89931404041e-06,
        "dvar": 3.88432480625e-10,
        "dvar2": 3.93462901149e-10,
        "max": 0.000155967165483,
        "mean": 4.3295622163e-06,
        "median": 1.82281223715e-06,
        "min": 6.35439008079e-08,
        "var": 3.83341691723e-10
    },
    "spectral_energyband_low": {
        "dmean": 0.000104977771116,
        "dmean2": 0.000178486734512,
        "dvar": 5.12856912493e-09,
        "dvar2": 1.36100961612e-08,
        "max": 0.000459317263449,
        "mean": 0.000190716178622,
        "median": 0.000175979948835,
        "min": 1.05879835246e-05,
        "var": 9.59399582001e-09
    },
    "spectral_energyband_middle_high": {
        "dmean": 0.00110988249071,
        "dmean2": 0.000574136618525,
        "dvar": 7.32297030481e-06,
        "dvar2": 6.6990387495e-06,
        "max": 0.0441249832511,
        "mean": 0.0150325223804,
        "median": 0.00809137243778,
        "min": 3.69071349269e-05,
        "var": 0.000203783391044
    },
    "spectral_energyband_middle_low": {
        "dmean": 0.000645565567538,
        "dmean2": 0.000552735989913,
        "dvar": 1.22867095342e-06,
        "dvar2": 1.43646377637e-06,
        "max": 0.0185422822833,
        "mean": 0.00985991861671,
        "median": 0.010959835723,
        "min": 3.55365591531e-05,
        "var": 4.05103492085e-05
    },
    "spectral_entropy": {
        "dmean": 0.139470070601,
        "dmean2": 0.172270953655,
        "dvar": 0.210012719035,
        "dvar2": 0.198636308312,
        "max": 7.32980823517,
        "mean": 4.72953128815,
        "median": 4.46064424515,
        "min": 3.86346435547,
        "var": 0.505945265293
    },
    "spectral_flux": {
        "dmean": 0.00550025235862,
        "dmean2": 0.00725065683946,
        "dvar": 0.000285266840365,
        "dvar2": 0.000322601699736,
        "max": 0.178903624415,
        "mean": 0.0160555243492,
        "median": 0.0106151578948,
        "min": 0.0053098378703,
        "var": 0.000689792097546
    },
    "spectral_kurtosis": {
        "dmean": 9.79759311676,
        "dmean2": 16.1598091125,
        "dvar": 147.180648804,
        "dvar2": 304.430236816,
        "max": 98.8516921997,
        "mean": 55.0725975037,
        "median": 55.679851532,
        "min": 9.16286277771,
        "var": 591.288574219
    },
    "spectral_rms": {
        "dmean": 0.000167531718034,
        "dmean2": 0.000114103866508,
        "dvar": 9.89507356053e-08,
        "dvar2": 1.00176713147e-07,
        "max": 0.0077630225569,
        "mean": 0.00449093291536,
        "median": 0.00438975403085,
        "min": 0.000283719477011,
        "var": 4.28700104749e-06
    },
    "spectral_rolloff": {
        "dmean": 0.35888671875,
        "dmean2": 0.364969551563,
        "dvar": 7.59919595718,
        "dvar2": 7.72576713562,
        "max": 1270.45898438,
        "mean": 1249.27844238,
        "median": 1248.92578125,
        "min": 1248.92578125,
        "var": 7.47667074203
    },
    "spectral_skewness": {
        "dmean": 0.648148238659,
        "dmean2": 1.0675702095,
        "dvar": 0.527650773525,
        "dvar2": 1.07376146317,
        "max": 8.55982112885,
        "mean": 5.97069644928,
        "median": 6.12948656082,
        "min": 2.52571702003,
        "var": 1.91896247864
    },
    "spectral_spread": {
        "dmean": 477898.875,
        "dmean2": 647708.9375,
        "dvar": 884858814464,
        "dvar2": 576336297984,
        "max": 11485945,
        "mean": 2075327.875,
        "median": 1827764.625,
        "min": 857053.625,
        "var": 1.97099362714e+12
    },
    "spectral_strongpeak": {
        "dmean": 0.455397814512,
        "dmean2": 0.548768401146,
        "dvar": 1.29050064087,
        "dvar2": 1.65562355518,
        "max": 10.2502250671,
        "mean": 4.7729306221,
        "median": 3.07457613945,
        "min": 0.0374930091202,
        "var": 9.18983364105
    },
    "zerocrossingrate": {
        "dmean": 0.00250651035458,
        "dmean2": 0.00204416038468,
        "dvar": 2.59913394984e-05,
        "dvar2": 1.7865020709e-05,
        "max": 0.056640625,
        "mean": 0.0492123477161,
        "median": 0.05224609375,
        "min": 0.01123046875,
        "var": 8.13602673588e-05
    },
    "barkbands": {
        "dmean": [2.37288190874e-06, 6.77603529766e-05, 6.13667216385e-05, 2.17642100324e-05, 6.37017728877e-05, 8.32427576825e-06, 4.64256027044e-06, 0.000208581477636, 0.000439968222054, 3.48060461874e-06, 1.6951564703e-06, 0.00112305767834, 0.000102427977254, 4.9168966143e-06, 2.62276716967e-06, 1.50093364937e-06, 1.52364225414e-06, 8.00236932719e-07, 6.98025928614e-07, 6.05627292316e-07, 5.37212940799e-07, 4.2871840833e-07, 3.43542978953e-07, 3.3693757473e-07, 3.15363223535e-07, 3.15727135103e-07, 3.94538062665e-07],
        "dmean2": [4.37074231741e-06, 0.000115522358101, 0.000115442089736, 3.98252450395e-05, 0.000115373346489, 1.51507201736e-05, 6.13749989498e-06, 0.000171847626916, 0.000321239873301, 5.14809744345e-06, 1.89663489891e-06, 0.000622188788839, 7.77028835728e-05, 5.34171522304e-06, 2.81213374365e-06, 1.58057093813e-06, 1.60867080012e-06, 8.76447927567e-07, 7.61605519983e-07, 6.57556199712e-07, 5.7603415371e-07, 4.6449397928e-07, 3.69724176608e-07, 3.61890954537e-07, 3.43846323858e-07, 3.44060708812e-07, 4.76212932199e-07],
        "dvar": [5.69221319385e-12, 2.67746758098e-09, 2.37412645099e-09, 3.69498515118e-10, 4.56613058475e-09, 1.01679685505e-10, 4.42003489365e-10, 5.7536237108e-08, 8.33027627323e-07, 3.99864724665e-11, 1.29436183993e-10, 9.9975923149e-06, 1.39552085443e-07, 1.17658494059e-09, 3.17823850571e-10, 1.19263807163e-10, 5.68362648612e-11, 2.82164274584e-11, 2.29524333567e-11, 1.70297456692e-11, 1.35828822148e-11, 8.55290751417e-12, 5.78272542698e-12, 5.44893080309e-12, 4.6971970584e-12, 4.45186465817e-12, 4.75744964257e-12],
        "dvar2": [2.12516983178e-11, 7.90049625721e-09, 5.18971710051e-09, 1.2228766888e-09, 9.81653691667e-09, 2.39454067685e-10, 4.49893289289e-10, 7.09047256464e-08, 9.742337852e-07, 4.93192431339e-11, 1.31083754962e-10, 9.48062915995e-06, 1.54063172886e-07, 1.19183407588e-09, 3.20869636417e-10, 1.20892212907e-10, 6.03259872611e-11, 2.89457138813e-11, 2.32779299308e-11, 1.71410906302e-11, 1.36421360319e-11, 8.64065242967e-12, 5.85152889684e-12, 5.51737475152e-12, 4.77862671308e-12, 4.51106513255e-12, 4.81139390482e-12],
        "max": [9.48951128521e-06, 0.000295254343655, 0.000263420690317, 8.35997852846e-05, 0.000587010232266, 0.000100719415059, 0.000166631449247, 0.00559157086536, 0.0128224296495, 6.87544961693e-05, 8.93263713806e-05, 0.0413703098893, 0.00556452944875, 0.000268804200459, 0.000140120508149, 8.54917452671e-05, 7.24006968085e-05, 4.21726072091e-05, 3.75503732357e-05, 3.27280213241e-05, 2.92366257781e-05, 2.33005303016e-05, 1.90380160348e-05, 1.836730371e-05, 1.70343446371e-05, 1.66809550137e-05, 1.75868372025e-05],
        "mean": [2.51015558206e-06, 8.643126057e-05, 8.85955159902e-05, 1.8670627469e-05, 0.000230132005527, 3.11367693939e-05, 5.51848052055e-06, 0.00293313898146, 0.00661729322746, 2.54127025983e-05, 1.8639358359e-06, 0.0139473173767, 0.00105605635326, 5.07339336764e-06, 3.02218336401e-06, 1.54320844103e-06, 6.1804626057e-06, 1.02159458493e-06, 8.16774502255e-07, 7.49490368435e-07, 6.50117954137e-07, 5.28699388269e-07, 4.51185741213e-07, 4.45723372877e-07, 4.48039969569e-07, 5.2862890243e-07, 1.03603315438e-06],
        "median": [1.87274940799e-06, 7.16999857104e-05, 7.18128285371e-05, 1.01857740447e-05, 0.000205221673241, 1.80742572411e-05, 2.14290253098e-06, 0.00342271779664, 0.0072206989862, 2.36220075749e-05, 2.56439307122e-07, 0.00762284640223, 0.000457604386611, 2.86233728275e-07, 5.79281731916e-07, 1.19792900932e-07, 9.3632769449e-07, 2.07251673601e-07, 1.64883658726e-07, 1.89229837133e-07, 1.58301091346e-07, 1.38081645673e-07, 1.446172746e-07, 1.4984927077e-07, 1.7731446178e-07, 2.64045951326e-07, 7.97387485818e-07],
        "min": [7.89926843936e-08, 5.06839387526e-06, 3.05891785501e-06, 3.20808567267e-07, 8.62667275214e-06, 1.17691934065e-06, 5.08923733378e-07, 9.12303039513e-06, 1.07983605631e-05, 1.94907943296e-06, 7.43845234297e-08, 2.15702384594e-05, 1.04306100184e-05, 9.90099238152e-08, 1.2379733505e-07, 3.69200243711e-08, 2.61831942794e-08, 1.75752052911e-08, 1.49945265093e-08, 1.55840371718e-08, 8.27110113732e-09, 6.88369539148e-09, 6.42004316376e-09, 5.79783243637e-09, 4.57549065302e-09, 6.86235557268e-09, 2.19911111543e-08],
        "var": [5.23754260448e-12, 4.10648315352e-09, 3.95672516973e-09, 3.35044797461e-10, 2.20721485533e-08, 7.41569972096e-10, 4.37932773378e-10, 3.88511853089e-06, 2.02896844712e-05, 8.80356482158e-11, 1.2767917279e-10, 0.000177027570317, 1.22115272916e-06, 1.16008369577e-09, 3.1356803265e-10, 1.17464774019e-10, 1.13843774685e-10, 2.83118303107e-11, 2.25053604225e-11, 1.7051603185e-11, 1.36247081325e-11, 8.64699371134e-12, 5.75975508607e-12, 5.35520326e-12, 4.58702433676e-12, 4.35339221269e-12, 4.59125532731e-12]
    },
    "erbbands": {
        "dmean": [0.00175120530184, 0.0168440397829, 0.0608742013574, 0.0855457037687, 0.191653013229, 0.202543392777, 0.0545164905488, 0.0561471432447, 0.0570401437581, 0.268299460411, 11.4793491364, 6.03593206406, 0.225640401244, 0.0490217357874, 0.594007909298, 37.8436317444, 15.945142746, 0.508228123188, 0.168020680547, 0.112052217126, 0.0794070214033, 0.0915755927563, 0.0444615408778, 0.0405388884246, 0.032169174403, 0.0282711330801, 0.0232955347747, 0.0196941215545, 0.0155937476084, 0.0122761540115, 0.00963832996786, 0.00750281428918, 0.00546393077821, 0.00372360809706, 0.00218554981984, 0.00129733560607, 0.000591225340031, 0.000214287880226, 5.39673019375e-05, 6.00953080721e-06],
        "dmean2": [0.00318350200541, 0.0287830363959, 0.110283099115, 0.161286816001, 0.350539684296, 0.366985589266, 0.100826069713, 0.094788402319, 0.0798186138272, 0.206631690264, 8.51704406738, 4.55720567703, 0.256368041039, 0.0514309033751, 0.239627882838, 20.2374248505, 7.80818128586, 0.317614227533, 0.167723551393, 0.117916718125, 0.0831567198038, 0.0967847630382, 0.0464351065457, 0.0449061207473, 0.0347043462098, 0.0308195725083, 0.0250368788838, 0.0206365454942, 0.0167906358838, 0.0130665265024, 0.0103811938316, 0.00804849248379, 0.00593774486333, 0.00412687985227, 0.00240033562295, 0.00142048241105, 0.00063685385976, 0.000242959649768, 6.3330604462e-05, 7.39072447686e-06],
        "dvar": [3.35379809258e-06, 0.000151013329742, 0.00232833996415, 0.00429698126391, 0.0332489944994, 0.0578542724252, 0.00418660696596, 0.00725933210924, 0.0381094627082, 0.265552341938, 420.551116943, 105.614334106, 0.103734843433, 0.0363523103297, 0.570441186428, 9570.37402344, 1226.7388916, 2.09966468811, 1.20162642002, 0.615724205971, 0.323462575674, 0.176672920585, 0.0956368818879, 0.0672671720386, 0.0499068684876, 0.0374385304749, 0.0263906326145, 0.0181481409818, 0.0112760206684, 0.00723084015772, 0.00450558122247, 0.00264448742382, 0.00138825702015, 0.000625554064754, 0.000224508490646, 7.19502495485e-05, 1.51686817844e-05, 1.70777502717e-06, 9.21265055354e-08, 7.07769620689e-10],
        "dvar2": [1.10130986286e-05, 0.000395618000766, 0.00570762297139, 0.0128252785653, 0.0913067683578, 0.122912846506, 0.0130071071908, 0.0103898383677, 0.0388440936804, 0.244459986687, 496.888397217, 126.817230225, 0.111478097737, 0.0371276587248, 0.344751596451, 8924.74316406, 1079.63269043, 2.29970812798, 1.22587132454, 0.623268723488, 0.329218298197, 0.189497843385, 0.0977843105793, 0.0691808089614, 0.0503093414009, 0.0378405787051, 0.0267407614738, 0.0181326624006, 0.0114028891549, 0.00731447013095, 0.00455869873986, 0.00267285713926, 0.00140570814256, 0.000635036209133, 0.000228568722378, 7.26008802303e-05, 1.53862856678e-05, 1.72232535078e-06, 9.26654308842e-08, 7.29942994937e-10],
        "max": [0.00897730514407, 0.0750065818429, 0.275612533092, 0.310309559107, 1.51667189598, 1.87978518009, 0.562425196171, 0.938893437386, 1.73703682423, 10.630988121, 319.592315674, 187.739181519, 8.55126285553, 2.64913249016, 29.9335632324, 1463.82067871, 661.060668945, 28.9879455566, 9.66097736359, 6.29736328125, 4.56056118011, 4.20808601379, 2.47573685646, 2.06927132607, 1.76860034466, 1.52416431904, 1.27830672264, 1.07630074024, 0.844879925251, 0.677158355713, 0.531586050987, 0.405077219009, 0.293463230133, 0.196890220046, 0.117769770324, 0.0669823512435, 0.0308562219143, 0.0104303788394, 0.00247894390486, 0.000290407071589],
        "mean": [0.00191948912106, 0.0222478099167, 0.0920894593, 0.101262427866, 0.542871117592, 0.769114434719, 0.210715606809, 0.206536784768, 0.165239110589, 3.63980388641, 165.936523438, 97.2981185913, 3.93754601479, 0.546523749828, 10.2844057083, 494.81842041, 227.083068848, 6.53044939041, 0.550476491451, 0.175378546119, 0.121861986816, 0.410582453012, 0.0674832165241, 0.0567708313465, 0.0407224409282, 0.0338206551969, 0.0284438952804, 0.0238522738218, 0.0189938116819, 0.0159783940762, 0.0126717556268, 0.00960778724402, 0.00730845239013, 0.00502664595842, 0.00321589619853, 0.00194324774202, 0.00101356243249, 0.000421307311626, 0.000144789853948, 4.71914681839e-05],
        "median": [0.00157807976939, 0.019568413496, 0.0758067592978, 0.0723957940936, 0.539197385311, 0.677957057953, 0.162495195866, 0.121284477413, 0.143419936299, 4.0208272934, 186.275253296, 106.590072632, 4.24001502991, 0.418161392212, 5.59018373489, 270.410949707, 119.543701172, 3.27077960968, 0.213858306408, 0.0534397996962, 0.0222212858498, 0.0635742470622, 0.0152342403308, 0.0170220211148, 0.0110498722643, 0.00839251466095, 0.00709272315726, 0.00560487154871, 0.00457786396146, 0.00460456032306, 0.00413502706215, 0.00289249420166, 0.00257080630399, 0.00189250533003, 0.00131077156402, 0.000880802341271, 0.000521313224453, 0.000262053479673, 0.000107494968688, 3.55191041308e-05],
        "min": [0.000149683997734, 0.00109631509986, 0.00335560669191, 0.00738579127938, 0.0199337434024, 0.0308435857296, 0.0188622251153, 0.0152684487402, 0.017147295177, 0.0600556172431, 0.286251485348, 0.250149697065, 0.0662592425942, 0.0749583765864, 0.157091364264, 0.99178737402, 0.569951295853, 0.0677369460464, 0.0166239589453, 0.00545659195632, 0.00303832488135, 0.00136175239459, 0.000949253328145, 0.000791952363215, 0.000745651253965, 0.000683960795868, 0.000465284683742, 0.000314532517223, 0.000250428303843, 0.000235240804614, 0.000171994324774, 0.000124902217067, 8.46844486659e-05, 4.39496943727e-05, 3.9812981413e-05, 2.48409778578e-05, 1.39884314194e-05, 8.69135783432e-06, 1.80164681751e-06, 4.58445214235e-07],
        "var": [3.11984786094e-06, 0.000256025668932, 0.00366836600006, 0.00555305043235, 0.12561635673, 0.243778333068, 0.0165375582874, 0.0335503704846, 0.0449511036277, 6.33470726013, 12614.5449219, 4335.75976562, 5.05034589767, 0.204319298267, 94.967376709, 221449.125, 46479.4765625, 42.5031242371, 1.50003218651, 0.626990020275, 0.330465018749, 0.433014988899, 0.0972905680537, 0.06782861799, 0.049779355526, 0.0370311401784, 0.0260443780571, 0.018470492214, 0.0113738430664, 0.00728959962726, 0.0044894265011, 0.00260758260265, 0.0013653873466, 0.000613761541899, 0.000218836095883, 7.05631464371e-05, 1.48622639244e-05, 1.67287748809e-06, 9.11828905714e-08, 1.51281220884e-09]
    },
    "gfcc": {
        "mean": [-164.625183105, 140.877426147, -100.61391449, -70.5123214722, -44.2058181763, 30.2072372437, -0.920531392097, -8.10350322723, -23.7364826202, 1.21683931351, -4.67815828323, -19.5749855042, -42.5585327148],
        "cov": [[1242.99890137, -172.580459595, -466.181762695, -296.609954834, -26.8452205658, -25.7802677155, -14.2637310028, 85.4718093872, 183.988128662, 64.9401626587, 99.1226501465, 88.6308670044, -26.7401485443], [-172.580459595, 253.909667969, 25.7792434692, -118.92440033, 39.569770813, 29.0323238373, 35.7622528076, -2.42129683495, 29.5414009094, -16.8534812927, 14.6457548141, -6.96592903137, -20.1483840942], [-466.181762695, 25.7792434692, 442.284484863, 256.097869873, -10.6169042587, 41.7906150818, 17.2303733826, -47.1831283569, -169.780944824, -34.7601966858, -100.235984802, -123.903541565, -6.9680390358], [-296.609954834, -118.92440033, 256.097869873, 290.713226318, 9.40443706512, 13.2496042252, -1.58415174484, -25.2192249298, -121.262664795, -17.6308422089, -56.0837249756, -49.2247810364, 16.1774291992], [-26.8452205658, 39.569770813, -10.6169042587, 9.40443706512, 39.8124198914, 7.25468873978, 7.03024482727, 6.65037536621, 7.58681917191, -7.93698644638, 14.7825298309, 17.2263660431, -0.819086074829], [-25.7802677155, 29.0323238373, 41.7906150818, 13.2496042252, 7.25468873978, 22.3550815582, 17.3534202576, 3.38155508041, -2.61616539955, -0.194732636213, -2.63541340828, -12.3902606964, -5.42003154755], [-14.2637310028, 35.7622528076, 17.2303733826, -1.58415174484, 7.03024482727, 17.3534202576, 28.1139278412, 6.27049207687, 9.10772418976, 7.54696130753, 7.27744722366, -3.66911959648, -4.79431247711], [85.4718093872, -2.42129683495, -47.1831283569, -25.2192249298, 6.65037536621, 3.38155508041, 6.27049207687, 19.7316932678, 27.6248569489, 13.5893201828, 19.4297790527, 17.1096611023, 5.28292608261], [183.988128662, 29.5414009094, -169.780944824, -121.262664795, 7.58681917191, -2.61616539955, 9.10772418976, 27.6248569489, 87.9518203735, 24.7635917664, 50.2231254578, 54.1113891602, 5.69640398026], [64.9401626587, -16.8534812927, -34.7601966858, -17.6308422089, -7.93698644638, -0.194732636213, 7.54696130753, 13.5893201828, 24.7635917664, 23.9964294434, 15.5548915863, 16.076128006, 13.2618980408], [99.1226501465, 14.6457548141, -100.235984802, -56.0837249756, 14.7825298309, -2.63541340828, 7.27744722366, 19.4297790527, 50.2231254578, 15.5548915863, 40.4262428284, 40.3284873962, 8.13781547546], [88.6308670044, -6.96592903137, -123.903541565, -49.2247810364, 17.2263660431, -12.3902606964, -3.66911959648, 17.1096611023, 54.1113891602, 16.076128006, 40.3284873962, 56.8533363342, 15.0883827209], [-26.7401485443, -20.1483840942, -6.9680390358, 16.1774291992, -0.819086074829, -5.42003154755, -4.79431247711, 5.28292608261, 5.69640398026, 13.2618980408, 8.13781547546, 15.0883827209, 21.1566562653]],
        "icov": [[0.00513144955039, 0.0103443805128, -0.00389722711407, 0.00718222931027, -0.01582865417, 0.00123522162903, 0.0120176263154, 0.000956494186539, -0.00996457599103, -0.0206849724054, -0.00994653254747, 0.0131332874298, 0.0218584891409], [0.0103443805128, 0.0696208775043, -0.0473192594945, 0.0580903887749, -0.087115444243, 0.0333864912391, -0.0298003517091, 0.0315426066518, -0.0785414874554, 0.0269028227776, -0.0186510868371, 0.0450608320534, -0.0107540711761], [-0.00389722711407, -0.0473192594945, 0.0625700801611, -0.0394272506237, 0.0519607067108, -0.0624848864973, 0.0219057183713, -0.0118896476924, 0.099220611155, -0.0482400208712, 0.0134316626936, -0.0127627095208, 0.00216226605698], [0.00718222931027, 0.0580903887749, -0.0394272506237, 0.0678933858871, -0.0666668787599, 0.010336689651, -0.0424653626978, 0.0138399172574, -0.0181511510164, 0.0329721271992, -0.00168184621725, 0.00132388109341, -0.0295908413827], [-0.01582865417, -0.087115444243, 0.0519607067108, -0.0666668787599, 0.21536923945, -0.0669645890594, -0.0243282057345, -0.106590934098, 0.136003062129, 0.107307612896, 0.0216434784234, -0.147009283304, -0.02995897457], [0.00123522162903, 0.0333864912391, -0.0624848864973, 0.010336689651, -0.0669645890594, 0.225081637502, -0.0824562385678, -0.0195373855531, -0.172629222274, 0.0801391676068, 0.012462683022, 0.0834635421634, -0.0219359565526], [0.0120176263154, -0.0298003517091, 0.0219057183713, -0.0424653626978, -0.0243282057345, -0.0824562385678, 0.247847795486, 0.0444897264242, 0.00429550278932, -0.263788938522, -0.0943386331201, 0.0637392625213, 0.204511851072], [0.000956494186539, 0.0315426066518, -0.0118896476924, 0.0138399172574, -0.106590934098, -0.0195373855531, 0.0444897264242, 0.2272362113, -0.0751292929053, -0.115791022778, -0.0694325491786, 0.102513723075, 0.0073655853048], [-0.00996457599103, -0.0785414874554, 0.099220611155, -0.0181511510164, 0.136003062129, -0.172629222274, 0.00429550278932, -0.0751292929053, 0.354051560163, -0.073507539928, 0.00882768910378, -0.175215646625, 0.0122526008636], [-0.0206849724054, 0.0269028227776, -0.0482400208712, 0.0329721271992, 0.107307612896, 0.0801391676068, -0.263788938522, -0.115791022778, -0.073507539928, 0.514272451401, 0.0779344886541, -0.0839521884918, -0.320482969284], [-0.00994653254747, -0.0186510868371, 0.0134316626936, -0.00168184621725, 0.0216434784234, 0.012462683022, -0.0943386331201, -0.0694325491786, 0.00882768910378, 0.0779344886541, 0.213861107826, -0.108757562935, -0.0805608555675], [0.0131332874298, 0.0450608320534, -0.0127627095208, 0.00132388109341, -0.147009283304, 0.0834635421634, 0.0637392625213, 0.102513723075, -0.175215646625, -0.0839521884918, -0.108757562935, 0.279268622398, 0.0013006713707], [0.0218584891409, -0.0107540711761, 0.00216226605698, -0.0295908413827, -0.02995897457, -0.0219359565526, 0.204511851072, 0.0073655853048, 0.0122526008636, -0.320482969284, -0.0805608555675, 0.0013006713707, 0.353369772434]]
    },
    "melbands": {
        "dmean": [1.68170863617e-05, 2.59794778685e-05, 1.4968515643e-05, 1.73005919351e-05, 2.00376462089e-06, 1.33425908189e-06, 8.80813217918e-07, 3.28927080773e-06, 0.000121735829453, 3.13181444653e-05, 8.92163370736e-07, 1.68424520552e-07, 3.25767416598e-07, 2.86848771793e-05, 0.000155469315359, 3.01275213133e-06, 5.45878037883e-07, 2.68755997013e-07, 1.9727215772e-07, 1.14566567788e-07, 8.62722799866e-08, 1.10298408629e-07, 4.48881927184e-08, 3.64209533643e-08, 3.30203917542e-08, 2.52876937168e-08, 2.22372538161e-08, 1.81408363886e-08, 1.48948471335e-08, 1.33594442175e-08, 1.07193312004e-08, 9.1580210082e-09, 7.88039411503e-09, 6.49421894039e-09, 5.79390269095e-09, 5.00961006011e-09, 4.50589920931e-09, 3.95638544148e-09, 3.52869689024e-09, 3.09711922775e-09],
        "dmean2": [2.92588920274e-05, 4.58404283563e-05, 2.81874818029e-05, 3.12148949888e-05, 3.57869521395e-06, 2.28712247008e-06, 1.20251627322e-06, 3.50499726665e-06, 9.03308027773e-05, 2.34142280533e-05, 1.26956240365e-06, 2.03088418971e-07, 3.54143395498e-07, 1.48238341353e-05, 8.2940205175e-05, 2.8109750474e-06, 5.90404738432e-07, 2.84352182689e-07, 2.12358997942e-07, 1.20306438589e-07, 9.00538097426e-08, 1.16663976257e-07, 4.73176768878e-08, 3.94922636815e-08, 3.70480712775e-08, 2.78028124967e-08, 2.41028335068e-08, 1.99220107078e-08, 1.6090169197e-08, 1.44772265287e-08, 1.12887095227e-08, 1.00390185054e-08, 8.54635295866e-09, 6.995748425e-09, 6.36023855805e-09, 5.39829336788e-09, 4.91985430173e-09, 4.29602486918e-09, 3.96670207792e-09, 3.43632922117e-09],
        "dvar": [2.10405082246e-10, 3.74784203672e-10, 1.37485772767e-10, 3.56962459591e-10, 4.52402481796e-12, 3.5784973075e-12, 1.13200802898e-11, 2.76568379309e-10, 5.41025215739e-08, 2.84383849802e-09, 6.42478041255e-12, 8.05220256792e-13, 5.24310195954e-12, 4.32615676615e-09, 1.66614057662e-07, 3.56514900934e-10, 1.48107325015e-11, 3.58691071636e-12, 1.70194891166e-12, 7.06135399719e-13, 3.95943179502e-13, 2.17169747354e-13, 9.66160812921e-14, 6.03819227149e-14, 4.2910384176e-14, 2.91385703543e-14, 2.19879775059e-14, 1.52281260383e-14, 1.07687203406e-14, 7.90667817406e-15, 5.47889370591e-15, 3.65504161158e-15, 2.84751068109e-15, 2.00802395036e-15, 1.54718656981e-15, 1.18186380075e-15, 9.22589556699e-16, 7.09826368233e-16, 5.39082260819e-16, 4.14455047506e-16],
        "dvar2": [6.61430632487e-10, 8.71148764237e-10, 4.3354853041e-10, 7.42955863497e-10, 1.32663532937e-11, 5.78385126251e-12, 1.15547588858e-11, 2.79284151361e-10, 6.33295087482e-08, 3.42998007774e-09, 7.01038142467e-12, 8.05372966668e-13, 5.31750641783e-12, 3.95569532685e-09, 1.54853523782e-07, 3.69257679989e-10, 1.50156571205e-11, 3.63306129972e-12, 1.71380802345e-12, 7.15999362664e-13, 4.01742089031e-13, 2.3527718402e-13, 9.8956270695e-14, 6.17101245863e-14, 4.41770304691e-14, 2.94643832716e-14, 2.20238967851e-14, 1.54323812572e-14, 1.0942134243e-14, 7.89952667488e-15, 5.50045408255e-15, 3.694618379e-15, 2.87552862516e-15, 2.03532742214e-15, 1.57131684441e-15, 1.18502641002e-15, 9.34024289729e-16, 7.18061804881e-16, 5.45872076924e-16, 4.21101529755e-16],
        "max": [7.13765039109e-05, 0.000104744940472, 6.9320842158e-05, 0.000164335579029, 1.60456347658e-05, 2.10082998819e-05, 2.69276060862e-05, 0.000138451316161, 0.00340846064501, 0.00097481632838, 2.39132750721e-05, 7.23176071915e-06, 1.79466078407e-05, 0.00118151830975, 0.00593785615638, 0.000174276836333, 3.01457948808e-05, 1.48429644469e-05, 1.02735502878e-05, 6.57814143779e-06, 4.93383367939e-06, 4.88960222356e-06, 2.4968442176e-06, 1.94240442397e-06, 1.65303606536e-06, 1.34232993787e-06, 1.18260663839e-06, 9.68656081568e-07, 8.14931297555e-07, 7.08415598183e-07, 5.88492525821e-07, 4.82943789848e-07, 4.24258388421e-07, 3.56314473038e-07, 3.11932495833e-07, 2.71816247732e-07, 2.38904107164e-07, 2.10006007251e-07, 1.8276409719e-07, 1.60271909522e-07],
        "mean": [2.08716210182e-05, 4.27633858635e-05, 2.20215370064e-05, 6.51474329061e-05, 8.15594739834e-06, 4.99678799315e-06, 1.13931298529e-06, 7.08715197106e-06, 0.00176695326809, 0.00050497968914, 5.25324685441e-06, 3.06077737378e-07, 3.50871744104e-07, 0.000397401308874, 0.00202044472098, 1.25713095258e-05, 5.60823423257e-07, 2.88038734197e-07, 2.35119756553e-07, 1.18824466711e-07, 9.3530267975e-08, 5.3995449889e-07, 7.1630694265e-08, 4.4557967982e-08, 4.5730065068e-08, 2.99570181994e-08, 2.7638673572e-08, 2.10063344497e-08, 1.79371628661e-08, 1.59375037612e-08, 1.27674537609e-08, 1.09451985253e-08, 9.64633617428e-09, 8.49046877249e-09, 7.53256657049e-09, 6.34119423637e-09, 5.67427216325e-09, 5.21944176768e-09, 4.56570647955e-09, 4.09479783414e-09],
        "median": [1.69459999597e-05, 3.69034823962e-05, 1.88460944628e-05, 5.71971613681e-05, 7.36241554478e-06, 2.90523075819e-06, 5.48096977582e-07, 4.85066675537e-06, 0.00198410940357, 0.000549624674022, 4.64955473944e-06, 1.71430656337e-07, 3.65721319895e-08, 0.000221666210564, 0.00108342547901, 4.59487273474e-06, 3.11942258691e-08, 2.82467560453e-08, 5.08603363869e-08, 9.5845713588e-09, 1.26561499059e-08, 8.52294377296e-08, 1.49686130158e-08, 9.83685222167e-09, 1.39403013577e-08, 7.52260298498e-09, 7.06709846199e-09, 4.54664039751e-09, 4.20316004224e-09, 4.16440082418e-09, 2.93867974399e-09, 2.56419308009e-09, 2.50441933858e-09, 2.59713139883e-09, 2.26356156041e-09, 1.8219874498e-09, 1.75846437411e-09, 1.76098657878e-09, 1.53059454e-09, 1.46746470531e-09],
        "min": [1.47710477449e-06, 1.68278052115e-06, 1.64882897025e-06, 2.04086836675e-06, 8.0111732359e-07, 2.48278837489e-07, 1.13671738688e-07, 4.19650376671e-07, 2.62218054559e-06, 1.37520009957e-06, 2.87814771127e-07, 9.63151478572e-08, 1.62427618022e-08, 1.54266319896e-06, 3.1338320241e-06, 4.76737767485e-07, 1.1132211597e-08, 9.63413704369e-09, 9.13171938066e-09, 3.38443162384e-09, 3.30840022045e-09, 1.53280244053e-09, 8.32563740172e-10, 8.59792625985e-10, 6.08520400736e-10, 6.36467323289e-10, 4.5928733039e-10, 4.67872629528e-10, 3.58420210178e-10, 1.79386103194e-10, 1.80216536139e-10, 1.52169291057e-10, 1.05165362529e-10, 1.49818726869e-10, 1.11550067794e-10, 5.63963702127e-11, 8.77734898652e-11, 6.45539594002e-11, 3.39639878721e-11, 3.82495320139e-11],
        "var": [2.61693694492e-10, 6.25475282678e-10, 2.06476877262e-10, 1.77692949244e-09, 8.02105430686e-12, 1.98261580764e-11, 1.13645100275e-11, 2.97073116107e-10, 1.4359617353e-06, 1.16839821374e-07, 8.10867865908e-12, 8.05436284074e-13, 5.1642284199e-12, 1.42065800901e-07, 3.69998292626e-06, 5.24433163562e-10, 1.45971516124e-11, 3.53240288582e-12, 1.68308227598e-12, 6.95425542239e-13, 3.90512221084e-13, 6.69039042916e-13, 9.90424173339e-14, 6.01177365268e-14, 4.32824688091e-14, 2.87232599359e-14, 2.22523602057e-14, 1.4974400707e-14, 1.05896668929e-14, 7.99689988843e-15, 5.52632585689e-15, 3.7160182429e-15, 2.86631502428e-15, 2.0174522741e-15, 1.545356661e-15, 1.17506689075e-15, 9.07045337446e-16, 6.99344335511e-16, 5.29543399283e-16, 4.06698502111e-16]
    },
    "mfcc": {
        "mean": [-867.097961426, 197.669342041, 17.3395290375, -26.9944400787, -21.8902397156, 6.92893218994, 22.6226291656, 11.9755325317, -10.4658222198, -2.80700731277, 26.3975162506, 31.5971927643, -7.04746389389],
        "cov": [[972.687927246, -213.003616333, -319.772277832, -84.8157272339, -76.5648880005, -105.901687622, -97.9595870972, 22.3597335815, -24.7240123749, -45.9381637573, 71.8246078491, 127.601821899, 68.9373855591], [-213.003616333, 230.873260498, 78.4759597778, -5.18493795395, -26.2691993713, -37.2689285278, 25.6800670624, 65.9063873291, -4.8894276619, -37.9846954346, 32.8534660339, 74.4538192749, 3.07686495781], [-319.772277832, 78.4759597778, 184.525039673, 54.585849762, 40.7431106567, 56.9980278015, 52.5625114441, -35.0520401001, 33.7564163208, 63.3079071045, -51.3720245361, -77.5240859985, -33.8477516174], [-84.8157272339, -5.18493795395, 54.585849762, 70.8894882202, 47.2459754944, 43.534286499, 36.0946426392, -13.6215410233, 9.01055335999, 29.0261974335, -17.7956943512, -51.7360420227, -25.49609375], [-76.5648880005, -26.2691993713, 40.7431106567, 47.2459754944, 69.3146438599, 48.3076820374, 24.6207008362, -31.6716518402, 11.4801054001, 34.9706001282, -36.6318206787, -75.2444839478, -31.8249340057], [-105.901687622, -37.2689285278, 56.9980278015, 43.534286499, 48.3076820374, 60.8223953247, 22.7034397125, -38.2811660767, 16.8485450745, 43.1697540283, -34.7508735657, -77.6273193359, -28.3380641937], [-97.9595870972, 25.6800670624, 52.5625114441, 36.0946426392, 24.6207008362, 22.7034397125, 35.9966773987, 1.31719660759, 9.68245506287, 19.1731586456, -12.6325330734, -26.4036026001, -13.3896064758], [22.3597335815, 65.9063873291, -35.0520401001, -13.6215410233, -31.6716518402, -38.2811660767, 1.31719660759, 78.7189102173, -19.0999240875, -51.5489501953, 53.6999664307, 85.4780044556, 26.8523635864], [-24.7240123749, -4.8894276619, 33.7564163208, 9.01055335999, 11.4801054001, 16.8485450745, 9.68245506287, -19.0999240875, 22.6648483276, 27.9643859863, -20.5050525665, -23.4718761444, -3.66466164589], [-45.9381637573, -37.9846954346, 63.3079071045, 29.0261974335, 34.9706001282, 43.1697540283, 19.1731586456, -51.5489501953, 27.9643859863, 66.9699325562, -42.8922843933, -71.3322525024, -18.7982997894], [71.8246078491, 32.8534660339, -51.3720245361, -17.7956943512, -36.6318206787, -34.7508735657, -12.6325330734, 53.6999664307, -20.5050525665, -42.8922843933, 56.6810417175, 75.0804901123, 21.4017467499], [127.601821899, 74.4538192749, -77.5240859985, -51.7360420227, -75.2444839478, -77.6273193359, -26.4036026001, 85.4780044556, -23.4718761444, -71.3322525024, 75.0804901123, 144.73626709, 48.0708351135], [68.9373855591, 3.07686495781, -33.8477516174, -25.49609375, -31.8249340057, -28.3380641937, -13.3896064758, 26.8523635864, -3.66466164589, -18.7982997894, 21.4017467499, 48.0708351135, 42.2614746094]],
