{
"lowlevel": {
    "average_loudness": 0.970794439316,
    "barkbands_crest": {
        "dmean": 0.250493019819,
        "dmean2": 0.245279297233,
        "dvar": 1.11555755138,
        "dvar2": 0.972178280354,
        "max": 24.6349983215,
        "mean": 22.9899253845,
        "median": 23.2560596466,
        "min": 13.4670753479,
        "var": 2.43312501907
    },
    "barkbands_flatness_db": {
        "dmean": 0.0165881533176,
        "dmean2": 0.0212787557393,
        "dvar": 0.000995149370283,
        "dvar2": 0.000951761205215,
        "max": 0.566658318043,
        "mean": 0.506809294224,
        "median": 0.519861280918,
        "min": 0.190916538239,
        "var": 0.00278350804001
    },
    "barkbands_kurtosis": {
        "dmean": 11.5958852768,
        "dmean2": 17.0459880829,
        "dvar": 292.784057617,
        "dvar2": 672.098205566,
        "max": 176.543624878,
        "mean": 69.5893478394,
        "median": 54.0966720581,
        "min": 23.434047699,
        "var": 1500.64538574
    },
    "barkbands_skewness": {
        "dmean": 0.75645428896,
        "dmean2": 1.23961293697,
        "dvar": 0.84155189991,
        "dvar2": 2.43492770195,
        "max": 6.59017753601,
        "mean": 3.8783249855,
        "median": 4.29568910599,
        "min": 0.2565998137,
        "var": 2.17495632172
    },
    "barkbands_spread": {
        "dmean": 0.0693750157952,
        "dmean2": 0.0750826969743,
        "dvar": 0.0505935736001,
        "dvar2": 0.0386873856187,
        "max": 2.62855172157,
        "mean": 0.404627382755,
        "median": 0.360457926989,
        "min": 0.181705847383,
        "var": 0.0840514153242
    },
    "dissonance": {
        "dmean": 0.0449296273291,
        "dmean2": 0.0772113054991,
        "dvar": 0.00138709740713,
        "dvar2": 0.00385367707349,
        "max": 0.283394277096,
        "mean": 0.164650455117,
        "median": 0.16878311336,
        "min": 0.0557253398001,
        "var": 0.00221515493467
    },
    "dynamic_complexity": 0.839337527752,
    "erbbands_crest": {
        "dmean": 0.343221873045,
        "dmean2": 0.355361968279,
        "dvar": 2.85320258141,
        "dvar2": 2.68331170082,
        "max": 34.033782959,
        "mean": 32.6668167114,
        "median": 32.6635742188,
        "min": 17.9281978607,
        "var": 3.71579408646
    },
    "erbbands_flatness_db": {
        "dmean": 0.0133456848562,
        "dmean2": 0.0166317895055,
        "dvar": 0.000761458126362,
        "dvar2": 0.000691827270202,
        "max": 0.561523735523,
        "mean": 0.508037149906,
        "median": 0.516379714012,
        "min": 0.231110543013,
        "var": 0.00207706051879
    },
    "erbbands_kurtosis": {
        "dmean": 13.4166259766,
        "dmean2": 19.2298984528,
        "dvar": 554.874572754,
        "dvar2": 821.529418945,
        "max": 259.032989502,
        "mean": 72.8242263794,
        "median": 31.1350440979,
        "min": 11.8424863815,
        "var": 4424.94482422
    },
    "erbbands_skewness": {
        "dmean": 0.360424160957,
        "dmean2": 0.504453837872,
        "dvar": 0.285958737135,
        "dvar2": 0.529398024082,
        "max": 8.32102775574,
        "mean": 4.34872341156,
        "median": 4.0593328476,
        "min": 2.89621162415,
        "var": 1.33734536171
    },
    "erbbands_spread": {
        "dmean": 0.138649746776,
        "dmean2": 0.147477596998,
        "dvar": 0.329522788525,
        "dvar2": 0.314366459846,
        "max": 5.93633031845,
        "mean": 0.792903602123,
        "median": 0.805000424385,
        "min": 0.182664677501,
        "var": 0.485525786877
    },
    "hfc": {
        "dmean": 0.849288403988,
        "dmean2": 0.472225397825,
        "dvar": 2.12164068222,
        "dvar2": 1.44353652,
        "max": 28.4693775177,
        "mean": 18.7837257385,
        "median": 19.2096099854,
        "min": 0.125511080027,
        "var": 27.7437648773
    },
    "melbands_crest": {
        "dmean": 0.286397397518,
        "dmean2": 0.269844293594,
        "dvar": 1.79176616669,
        "dvar2": 1.53906691074,
        "max": 30.5937786102,
        "mean": 28.2840461731,
        "median": 28.3611717224,
        "min": 16.0220432281,
        "var": 3.96156096458
    },
    "melbands_flatness_db": {
        "dmean": 0.0150536904112,
        "dmean2": 0.0177460666746,
        "dvar": 0.00100059458055,
        "dvar2": 0.000857919687405,
        "max": 0.664175391197,
        "mean": 0.603310286999,
        "median": 0.61584842205,
        "min": 0.280340075493,
        "var": 0.0029538127128
    },
    "melbands_kurtosis": {
        "dmean": 4.13086938858,
        "dmean2": 6.19100141525,
        "dvar": 26.8632736206,
        "dvar2": 71.5074310303,
        "max": 83.8467025757,
        "mean": 36.6856498718,
        "median": 30.7512741089,
        "min": 16.5442180634,
        "var": 168.474380493
    },
    "melbands_skewness": {
        "dmean": 0.738179266453,
        "dmean2": 1.1527633667,
        "dvar": 0.603527188301,
        "dvar2": 1.25355517864,
        "max": 3.89895129204,
        "mean": 0.923862695694,
        "median": 2.37892532349,
        "min": -3.82856082916,
        "var": 6.9934630394
    },
    "melbands_spread": {
        "dmean": 0.0991546660662,
        "dmean2": 0.112803384662,
        "dvar": 0.0698718801141,
        "dvar2": 0.0492643490434,
        "max": 3.33477163315,
        "mean": 0.596613764763,
        "median": 0.565096378326,
        "min": 0.239717483521,
        "var": 0.14835165441
    },
    "pitch_salience": {
        "dmean": 0.0208401121199,
        "dmean2": 0.0237337872386,
        "dvar": 0.00646235747263,
        "dvar2": 0.00612671114504,
        "max": 0.819958806038,
        "mean": 0.12123952806,
        "median": 0.12832981348,
        "min": 0.0277301240712,
        "var": 0.00946243666112
    },
    "silence_rate_20dB": {
        "dmean": 0,
        "dmean2": 0,
        "dvar": 0,
        "dvar2": 0,
        "max": 1,
        "mean": 1,
        "median": 1,
        "min": 1,
        "var": 0
    },
    "silence_rate_30dB": {
        "dmean": 0,
        "dmean2": 0,
        "dvar": 0,
        "dvar2": 0,
        "max": 1,
        "mean": 1,
        "median": 1,
        "min": 1,
        "var": 0
    },
    "silence_rate_60dB": {
        "dmean": 0.0111111113802,
        "dmean2": 0.0112359551713,
        "dvar": 0.010987653397,
        "dvar2": 0.0111097088084,
        "max": 1,
        "mean": 0.0109890112653,
        "median": 0,
        "min": 0,
        "var": 0.010868252255
    },
    "spectral_centroid": {
        "dmean": 1.09379446507,
        "dmean2": 1.28648602962,
        "dvar": 3.53951883316,
        "dvar2": 3.35885763168,
        "max": 506.245788574,
        "mean": 497.685943604,
        "median": 496.852478027,
        "min": 475.989898682,
        "var": 15.4752893448
    },
    "spectral_complexity": {
        "dmean": 0.322222232819,
        "dmean2": 0.550561785698,
        "dvar": 0.262839496136,
        "dvar2": 0.53957849741,
        "max": 6,
        "mean": 2.18681311607,
        "median": 2,
        "min": 1,
        "var": 0.591474831104
    },
    "spectral_decrease": {
        "dmean": 4.34583202757e-10,
        "dmean2": 2.39667563573e-10,
        "dvar": 5.4410736112e-19,
        "dvar2": 3.6885038169e-19,
        "max": -6.12782879994e-11,
        "mean": -9.53479872834e-09,
        "median": -9.74217240213e-09,
        "min": -1.45304372978e-08,
        "var": 7.27000685849e-18
    },
    "spectral_energy": {
        "dmean": 0.00171706231777,
        "dmean2": 0.000947023043409,
        "dvar": 8.50381911732e-06,
        "dvar2": 5.76561387788e-06,
        "max": 0.0574233084917,
        "mean": 0.0376900807023,
        "median": 0.038511261344,
        "min": 0.000242662732489,
        "var": 0.00011350755085
    },
    "spectral_energyband_high": {
        "dmean": 2.41553976821e-07,
        "dmean2": 3.31968010414e-07,
        "dvar": 5.7277186466e-13,
        "dvar2": 6.46167527037e-13,
        "max": 7.3283617894e-06,
        "mean": 1.4039353573e-06,
        "median": 1.28555882384e-06,
        "min": 3.98978500016e-07,
        "var": 6.46886027817e-13
    },
    "spectral_energyband_low": {
        "dmean": 2.59534099314e-05,
        "dmean2": 4.05366299674e-05,
        "dvar": 1.02927655288e-09,
        "dvar2": 2.11444972642e-09,
        "max": 0.000243267204496,
        "mean": 4.20185169787e-05,
        "median": 3.40287297149e-05,
        "min": 2.56436328527e-06,
        "var": 1.2408777339e-09
    },
    "spectral_energyband_middle_high": {
        "dmean": 6.50061847409e-05,
        "dmean2": 8.08589174994e-05,
        "dvar": 4.96488095081e-09,
        "dvar2": 5.52168266665e-09,
        "max": 0.00128190848045,
        "mean": 0.000513023580424,
        "median": 0.00056405516807,
        "min": 3.85801013181e-06,
        "var": 1.7211371528e-07
    },
    "spectral_energyband_middle_low": {
        "dmean": 0.00172088958789,
        "dmean2": 0.000948758854065,
        "dvar": 8.39950280351e-06,
        "dvar2": 5.68290943193e-06,
        "max": 0.0573701411486,
        "mean": 0.0371388010681,
        "median": 0.0379383973777,
        "min": 0.000230738907703,
        "var": 0.000114084417874
    },
    "spectral_entropy": {
        "dmean": 0.136215135455,
        "dmean2": 0.153100654483,
        "dvar": 0.0950063318014,
        "dvar2": 0.0758879035711,
        "max": 6.64462375641,
        "mean": 3.56803131104,
        "median": 3.47345709801,
        "min": 2.94754743576,
        "var": 0.275356203318
    },
    "spectral_flux": {
        "dmean": 0.003576640971,
        "dmean2": 0.00447752187029,
        "dvar": 0.000171173494891,
        "dvar2": 0.000195435713977,
        "max": 0.14519174397,
        "mean": 0.0110393688083,
        "median": 0.00659206183627,
        "min": 0.00325875822455,
        "var": 0.000398439035052
    },
    "spectral_kurtosis": {
        "dmean": 8.1602678299,
        "dmean2": 12.2753000259,
        "dvar": 161.144622803,
        "dvar2": 250.597793579,
        "max": 139.104476929,
        "mean": 67.1872024536,
        "median": 69.0983657837,
        "min": 15.816942215,
        "var": 530.9609375
    },
    "spectral_rms": {
        "dmean": 0.000166747704498,
        "dmean2": 9.57388547249e-05,
        "dvar": 1.32628102278e-07,
        "dvar2": 9.2397776541e-08,
        "max": 0.00748483417556,
        "mean": 0.00597804272547,
        "median": 0.0061295973137,
        "min": 0.000486563600134,
        "var": 1.03381591998e-06
    },
    "spectral_rolloff": {
        "dmean": 1.9140625,
        "dmean2": 2.66140723228,
        "dvar": 47.856212616,
        "dvar2": 71.0650024414,
        "max": 559.86328125,
        "mean": 504.728851318,
        "median": 495.263671875,
        "min": 495.263671875,
        "var": 144.798095703
    },
    "spectral_skewness": {
        "dmean": 0.501066982746,
        "dmean2": 0.753519117832,
        "dvar": 0.462244749069,
        "dvar2": 0.759483516216,
        "max": 10.0169830322,
        "mean": 7.02236509323,
        "median": 7.15634393692,
        "min": 3.90816950798,
        "var": 1.70135009289
    },
    "spectral_spread": {
        "dmean": 365294.3125,
        "dmean2": 494627.625,
        "dvar": 535603871744,
        "dvar2": 353699725312,
        "max": 11069968,
        "mean": 1743428.25,
        "median": 1524549.125,
        "min": 852703.0625,
        "var": 1.21901652378e+12
    },
    "spectral_strongpeak": {
        "dmean": 0.133489578962,
        "dmean2": 0.111685603857,
        "dvar": 0.139220297337,
        "dvar2": 0.136755615473,
        "max": 4.15001535416,
        "mean": 3.38922023773,
        "median": 3.62157034874,
        "min": 0.0389462895691,
        "var": 0.517385542393
    },
    "zerocrossingrate": {
        "dmean": 0.000466579862405,
        "dmean2": 0.000576062127948,
        "dvar": 2.86585100184e-06,
        "dvar2": 1.9960816644e-06,
        "max": 0.0224609375,
        "mean": 0.0219404622912,
        "median": 0.0224609375,
        "min": 0.005859375,
        "var": 4.42149394075e-06
    },
    "barkbands": {
        "dmean": [1.89129320916e-06, 1.89366583072e-05, 9.71112785919e-06, 6.67157519274e-06, 1.59452283697e-05, 1.39618241519e-05, 0.00149507902097, 0.000292662618449, 6.21883100393e-06, 7.47211345242e-07, 6.63661558065e-05, 6.65256720822e-07, 3.75267404706e-07, 2.43761633101e-07, 4.84751069507e-07, 1.47067623857e-07, 1.03234711446e-07, 6.22383424798e-08, 7.33774143669e-08, 7.34062908236e-08, 7.02757532167e-08, 5.26083212549e-08, 3.66341801339e-08, 3.18787485298e-08, 3.69134802725e-08, 4.49065140629e-08, 7.18429618018e-08],
        "dmean2": [2.93783250527e-06, 3.28181813529e-05, 1.59650026035e-05, 1.1026858374e-05, 2.48598789767e-05, 1.61553889484e-05, 0.000875426165294, 0.00014858598297, 7.39008146411e-06, 8.55570931435e-07, 8.193616668e-05, 7.8246580415e-07, 5.07913114234e-07, 3.2560600971e-07, 5.30067950422e-07, 1.99762027364e-07, 1.42845294704e-07, 8.26687198696e-08, 1.05441216647e-07, 1.15055691197e-07, 1.05650961757e-07, 8.12469167499e-08, 5.62937323423e-08, 4.30144666552e-08, 5.47639515958e-08, 6.4755120377e-08, 1.11073489961e-07],
        "dvar": [3.34782097877e-11, 4.0400915946e-10, 1.35198297002e-10, 9.69290550601e-11, 7.21051829355e-10, 6.64249943938e-09, 8.77405727806e-06, 1.1804642952e-07, 1.82151937977e-09, 2.66483016209e-11, 5.93006221905e-09, 2.40058042889e-11, 2.04583724094e-12, 1.28443805071e-12, 3.7886594903e-12, 4.86427684156e-13, 7.73059256041e-14, 6.36100804734e-14, 4.86491984121e-14, 3.50385241383e-14, 2.31489564388e-14, 1.47232469679e-14, 9.67316030336e-15, 7.1129727271e-15, 6.26151403269e-15, 6.5037396211e-15, 1.01146194759e-14],
        "dvar2": [4.20155889247e-11, 1.05115971483e-09, 3.1432359493e-10, 1.6712900508e-10, 1.15679066326e-09, 5.93029003682e-09, 6.81664687363e-06, 4.49671766489e-08, 1.80993353638e-09, 2.57609957671e-11, 6.27212592974e-09, 2.43539650252e-11, 2.8592371526e-12, 1.27651101495e-12, 5.45478722955e-12, 5.00101696166e-13, 6.67916039859e-14, 6.55261503152e-14, 5.31023758765e-14, 3.88951701792e-14, 3.43901644629e-14, 1.85433062677e-14, 1.1398697707e-14, 7.80100064949e-15, 7.06680223169e-15, 7.58342583743e-15, 1.4652473977e-14],
        "max": [5.33773309144e-05, 0.000103177859273, 8.00335692475e-05, 7.59620961617e-05, 0.000233159109484, 0.00089776882669, 0.045737426728, 0.011681009084, 0.000479062990053, 5.09700184921e-05, 0.00127871765289, 4.80586131744e-05, 1.66141617228e-05, 1.12739890028e-05, 2.20978035941e-05, 6.72735632179e-06, 3.63747449228e-06, 2.47656544161e-06, 2.1502155505e-06, 1.87100715721e-06, 1.31909382617e-06, 1.02165154203e-06, 9.37916070143e-07, 8.26832263101e-07, 7.77169702815e-07, 7.85344127507e-07, 8.37769789541e-07],
        "mean": [1.7819771756e-06, 2.44269631366e-05, 1.07763371489e-05, 8.64393496158e-06, 3.42520797858e-05, 2.09922236536e-05, 0.0322233140469, 0.00484246574342, 8.82069616637e-06, 9.00157658634e-07, 0.00050839735195, 8.77568538726e-07, 9.10582798497e-07, 5.01298529798e-07, 7.75488672389e-07, 2.50934192536e-07, 2.16925457153e-07, 1.26706808601e-07, 1.58207768663e-07, 1.69410697026e-07, 1.78257806738e-07, 1.30100602291e-07, 1.09808205195e-07, 1.29211045419e-07, 1.42932947256e-07, 2.10229757158e-07, 4.59138760789e-07],
        "median": [7.02016166088e-07, 1.90035989363e-05, 6.54424684399e-06, 5.12296264787e-06, 2.28758653975e-05, 6.69131577524e-06, 0.0339365713298, 0.00344725255854, 4.74411820051e-07, 2.55255571346e-07, 0.000562980072573, 2.33464092503e-07, 3.13522491524e-07, 2.88113312763e-07, 1.58817911711e-07, 9.63656177078e-08, 1.15829116965e-07, 8.83718840328e-08, 1.1622524454e-07, 1.19058505277e-07, 1.21598617397e-07, 1.0611928758e-07, 9.76647314133e-08, 1.14352893377e-07, 1.26216903595e-07, 2.04875263421e-07, 4.31183764249e-07],
        "min": [8.02575428338e-09, 7.55834548727e-07, 1.69657909055e-07, 5.59492946195e-07, 1.34040112698e-06, 1.38801283356e-06, 0.000121020464576, 6.95326525602e-05, 5.80837955511e-08, 5.53072574405e-08, 2.59262469626e-06, 4.1588947397e-08, 2.5701632822e-08, 4.88800147025e-08, 5.30690691392e-08, 2.58067096581e-08, 3.49506379393e-08, 3.14470405272e-08, 3.8597828933e-08, 4.32093436586e-08, 2.98079037009e-08, 2.53506495795e-08, 2.42825670682e-08, 4.14159337936e-08, 4.2982282622e-08, 5.31573469686e-08, 9.12708344458e-08],
        "var": [3.23551636872e-11, 4.2627762431e-10, 1.50248521957e-10, 1.10305799217e-10, 1.16941767381e-09, 8.84752271446e-09, 7.91182537796e-05, 8.16220017441e-06, 2.58206211967e-09, 2.79617232146e-11, 1.70311523107e-07, 2.48502052269e-11, 3.50206474063e-12, 1.36262062831e-12, 8.50151980064e-12, 5.18991533777e-13, 1.55615144794e-13, 6.53471688653e-14, 5.21019994726e-14, 4.52915869143e-14, 3.52047052263e-14, 1.76038874369e-14, 9.41420708479e-15, 7.54042536283e-15, 6.5375646113e-15, 8.17458198978e-15, 3.01898026164e-14]
    },
    "erbbands": {
        "dmean": [0.000618997670244, 0.00437969760969, 0.0106189046055, 0.0172661114484, 0.0486926138401, 0.0468231365085, 0.0756781473756, 0.144584611058, 3.47175526619, 37.7771492004, 2.83221793175, 0.207565158606, 0.0432950332761, 0.950262904167, 1.67760539055, 0.0627007484436, 0.0170526616275, 0.0156179536134, 0.00817672722042, 0.0319568812847, 0.00672229845077, 0.00564321596175, 0.00327396555804, 0.00355473184027, 0.00337774725631, 0.00329135148786, 0.00389669206925, 0.00227369414642, 0.0020656469278, 0.00136614101939, 0.00101819855627, 0.000852478144225, 0.000575567595661, 0.000450713385362, 0.000257775362115, 0.000168194397702, 0.00010812394612, 4.17454757553e-05, 1.17631943795e-05, 2.42962937591e-06],
        "dmean2": [0.00111893168651, 0.00736019667238, 0.0171485748142, 0.0280963517725, 0.0814795568585, 0.0720164775848, 0.103631407022, 0.134744986892, 2.22433757782, 20.4699649811, 1.31492984295, 0.189712420106, 0.04870538041, 1.17941451073, 2.06345653534, 0.077369980514, 0.0224277116358, 0.0199539382011, 0.00963680818677, 0.0345838852227, 0.00852204300463, 0.00783269107342, 0.00446608476341, 0.00512059777975, 0.00488083763048, 0.00511768320575, 0.0062498524785, 0.0033332023304, 0.00327993649989, 0.00202175695449, 0.00151566008572, 0.001301035285, 0.000769182108343, 0.000699078897014, 0.000386532599805, 0.000244696275331, 0.000172638014192, 6.26700275461e-05, 1.70143448486e-05, 2.60206252278e-06],
        "dvar": [5.34756395609e-07, 1.77063066076e-05, 0.000154006615048, 0.000618968857452, 0.00298245786689, 0.00837662443519, 0.084899276495, 0.584283471107, 29.4731636047, 4577.95263672, 11.7254285812, 0.741289079189, 0.0472545363009, 1.12805330753, 3.39311289787, 0.0188288092613, 0.00537204416469, 0.0040437001735, 0.0012255468173, 0.0176208764315, 0.00041159556713, 0.00031133563607, 0.000184634540346, 0.000156112713739, 0.000111607863801, 7.64840879128e-05, 6.12905059825e-05, 2.75605743809e-05, 2.05688120332e-05, 1.21687689898e-05, 6.93475794833e-06, 3.48419780494e-06, 1.86752231457e-06, 7.74252612246e-07, 3.35868378443e-07, 1.08331860815e-07, 2.09127968276e-08, 3.21450221996e-09, 1.80924747406e-10, 1.18034098121e-11],
        "dvar2": [1.39030964874e-06, 4.80874077766e-05, 0.000362096092431, 0.00110035110265, 0.00685361865908, 0.0120538268238, 0.0857678279281, 0.544864416122, 20.0174198151, 3270.79467773, 4.00753164291, 0.82371622324, 0.0502751544118, 1.2148681879, 3.76072430611, 0.0208881720901, 0.00728619238362, 0.00388571294025, 0.00101699389052, 0.0254502352327, 0.000296937272651, 0.000287210656097, 0.000188204576261, 0.000164818964549, 0.000119553755212, 8.1544079876e-05, 0.000103400430817, 3.66005770047e-05, 2.6558243917e-05, 1.43302095239e-05, 7.95637242845e-06, 3.87185446016e-06, 2.07972448152e-06, 8.76807575878e-07, 3.90080799662e-07, 1.18684923223e-07, 2.63281911828e-08, 3.90220655788e-09, 2.75376083048e-10, 9.96023836325e-12],
        "max": [0.00427920836955, 0.0223382171243, 0.0831732228398, 0.192817494273, 0.379327684641, 0.818238079548, 2.9147207737, 10.1788797379, 121.860771179, 1252.8347168, 107.441001892, 11.8914165497, 2.64015555382, 18.6711406708, 33.1627426147, 2.19174909592, 0.857369661331, 0.675153970718, 0.439091026783, 1.46224176884, 0.29576805234, 0.213440179825, 0.135217085481, 0.121209010482, 0.104523420334, 0.0898872539401, 0.061397831887, 0.0472022779286, 0.0367854461074, 0.0327904187143, 0.02542046085, 0.0181840248406, 0.0135494265705, 0.00854454375803, 0.00568015873432, 0.00331622269005, 0.00141095987055, 0.000500319874845, 0.000135338224936, 7.66686498537e-05],
        "mean": [0.000699313939549, 0.00546381017193, 0.0127806821838, 0.0249977894127, 0.0846059992909, 0.109404690564, 0.157267838717, 1.53096914291, 84.58152771, 784.682861328, 58.384727478, 2.29059886932, 0.339403957129, 7.01019906998, 13.5833072662, 0.452027291059, 0.0518200546503, 0.0452899932861, 0.0170932356268, 0.0497734472156, 0.0153372222558, 0.0119394091889, 0.00716717774048, 0.00774849951267, 0.00755480024964, 0.00790361873806, 0.00910882651806, 0.00567095167935, 0.00475371768698, 0.00371346180327, 0.00312794139609, 0.00267196004279, 0.0021895270329, 0.00153921346646, 0.00108625087887, 0.000734118220862, 0.000421575998189, 0.000172230487806, 7.35875728424e-05, 5.04783602082e-05],
        "median": [0.000398131494876, 0.00453237118199, 0.00889334268868, 0.0163337495178, 0.0573854371905, 0.070158071816, 0.11551105231, 1.49499082565, 91.9034423828, 798.339111328, 53.5385284424, 2.00542068481, 0.311701923609, 6.8772778511, 15.791264534, 0.507888734341, 0.0382625795901, 0.0200065206736, 0.0083254436031, 0.00909566879272, 0.00616275612265, 0.00673319678754, 0.00491962162778, 0.00497764116153, 0.00551671721041, 0.00564620131627, 0.00554331904277, 0.00425127940252, 0.00366698740982, 0.00326537457295, 0.00282110529952, 0.00228606024757, 0.00189159589354, 0.0013731737854, 0.00101084902417, 0.00072264141636, 0.000423231133027, 0.000164653902175, 6.74278053339e-05, 5.10046738782e-05],
        "min": [2.72566285275e-05, 0.000128132713144, 0.000522907648701, 0.00267838477157, 0.00470732012764, 0.00853778235614, 0.0687154084444, 0.242100790143, 1.06025755405, 2.49003648758, 0.961110472679, 0.225265309215, 0.0782021731138, 0.0597576536238, 0.0739805400372, 0.00993620976806, 0.00369010097347, 0.00435786414891, 0.00350147229619, 0.00256518018432, 0.00140850280877, 0.00245597795583, 0.00178175861947, 0.00209455587901, 0.00206384109333, 0.00204215757549, 0.00144779984839, 0.001192671014, 0.000969957036432, 0.000730735540856, 0.000874703633599, 0.000804617127869, 0.000703795638401, 0.000473186984891, 0.000329143105773, 0.000219431924052, 8.8804103143e-05, 4.85658165417e-05, 1.44130572153e-05, 1.42376381973e-06],
        "var": [5.5314887959e-07, 2.04987227335e-05, 0.000178213856998, 0.000733681430575, 0.00552228931338, 0.0133499670774, 0.0869680717587, 1.02742648125, 575.232421875, 55001.0507812, 445.68145752, 1.59227442741, 0.0697145909071, 34.8721008301, 113.921905518, 0.141052022576, 0.00866833142936, 0.00569967692718, 0.00217013526708, 0.0368218645453, 0.00116081547458, 0.00051161844749, 0.000192049032194, 0.000167110061739, 0.000116443596198, 9.79626274784e-05, 0.000120022064948, 3.26238696289e-05, 2.50012963079e-05, 1.22465589811e-05, 6.99709107721e-06, 3.83603673981e-06, 1.96112773665e-06, 8.46144359912e-07, 3.26132123973e-07, 1.18064505727e-07, 3.02413454278e-08, 5.33329114205e-09, 5.87134729724e-10, 1.59928945087e-10]
    },
    "gfcc": {
        "mean": [-216.124206543, 133.876602173, -56.3658027649, -65.5593414307, -103.126800537, -30.3960895538, -10.9786949158, 17.2625732422, 5.40956497192, 15.7461071014, 6.05322933197, 0.935627222061, -17.7610645294],
        "cov": [[262.930419922, 11.8325538635, -66.4620666504, 35.5189170837, 32.8422889709, 40.7468910217, 5.78706073761, -5.55169153214, -24.6360683441, -11.8347902298, -9.93212032318, 17.2131347656, 13.9146566391], [11.8325538635, 95.1673736572, 12.8220376968, -91.1108856201, 3.77864170074, 39.3567619324, 29.3087787628, -4.79351186752, 2.91892671585, -11.1571960449, 27.4152259827, 11.8863725662, 6.53304862976], [-66.4620666504, 12.8220376968, 387.561462402, 227.023788452, -29.2936306, -139.103805542, -9.9125995636, 72.7491073608, 88.5731506348, 33.748500824, -44.679485321, -102.298156738, -78.5085144043], [35.5189170837, -91.1108856201, 227.023788452, 373.977172852, 44.3370246887, -146.07371521, -84.5686340332, 51.7181358337, 69.6309356689, 26.9463062286, -107.063499451, -105.804000854, -48.1041183472], [32.8422889709, 3.77864170074, -29.2936306, 44.3370246887, 51.6802444458, 9.50658226013, -22.3084888458, -2.15631484985, 4.04460668564, -0.486491322517, -16.7871818542, -4.02288579941, 11.6689414978], [40.7468910217, 39.3567619324, -139.103805542, -146.07371521, 9.50658226013, 154.187408447, 84.966506958, -25.0531215668, -72.1164169312, -14.6588201523, 74.3585205078, 91.77368927, 29.0121116638], [5.78706073761, 29.3087787628, -9.9125995636, -84.5686340332, -22.3084888458, 84.966506958, 97.0906677246, 11.6625499725, -33.3675193787, 5.42367506027, 63.5722923279, 56.7516937256, 0.101290300488], [-5.55169153214, -4.79351186752, 72.7491073608, 51.7181358337, -2.15631484985, -25.0531215668, 11.6625499725, 30.1776046753, 25.6941184998, 15.7006311417, -0.940117418766, -13.7331542969, -13.8160362244], [-24.6360683441, 2.91892671585, 88.5731506348, 69.6309356689, 4.04460668564, -72.1164169312, -33.3675193787, 25.6941184998, 70.4014511108, 22.0750999451, -26.1777667999, -45.952922821, -12.7791757584], [-11.8347902298, -11.1571960449, 33.748500824, 26.9463062286, -0.486491322517, -14.6588201523, 5.42367506027, 15.7006311417, 22.0750999451, 21.8526096344, 4.01734113693, -7.71456718445, -6.02302646637], [-9.93212032318, 27.4152259827, -44.679485321, -107.063499451, -16.7871818542, 74.3585205078, 63.5722923279, -0.940117418766, -26.1777667999, 4.01734113693, 61.5853118896, 50.6024513245, 7.70827436447], [17.2131347656, 11.8863725662, -102.298156738, -105.804000854, -4.02288579941, 91.77368927, 56.7516937256, -13.7331542969, -45.952922821, -7.71456718445, 50.6024513245, 70.6590270996, 23.0353107452], [13.9146566391, 6.53304862976, -78.5085144043, -48.1041183472, 11.6689414978, 29.0121116638, 0.101290300488, -13.8160362244, -12.7791757584, -6.02302646637, 7.70827436447, 23.0353107452, 27.1166400909]],
        "icov": [[0.00698977150023, -0.0145197957754, 0.0083933500573, -0.00769101828337, 0.011190418154, -0.00407398305833, 0.0054349405691, -0.0122691169381, 0.00762941688299, -0.0114110577852, 0.00924050435424, -0.0042727291584, 0.0059039532207], [-0.0145197957754, 0.108839862049, -0.0493297167122, 0.0474032796919, -0.0783908963203, -0.00171808723826, -0.0512347705662, 0.0641055032611, -0.0621592700481, 0.103046752512, -0.0365891829133, 0.0482032783329, -0.0460270643234], [0.0083933500573, -0.0493297167122, 0.0366906747222, -0.0280664972961, 0.0391457080841, 0.00296308239922, 0.0118251619861, -0.0332250669599, 0.0197331570089, -0.0341710373759, 0.0087092416361, -0.00819327030331, 0.0332220420241], [-0.00769101828337, 0.0474032796919, -0.0280664972961, 0.0423074997962, -0.0381571650505, -0.0155101623386, -0.00670218514279, -0.00426139542833, -0.0128120714799, 0.0153915137053, 0.029647577554, 0.0128034111112, -0.00473550427705], [0.011190418154, -0.0783908963203, 0.0391457080841, -0.0381571650505, 0.124367900193, -0.0636678263545, 0.0758126080036, -0.0970966219902, 0.0390891321003, -0.0869428887963, 0.0604692809284, -0.0126914316788, 0.0163370855153], [-0.00407398305833, -0.00171808723826, 0.00296308239922, -0.0155101623386, -0.0636678263545, 0.128235846758, -0.070765003562, 0.102550439537, 0.00192146364134, 0.0405513457954, -0.0933209955692, -0.0365168340504, -0.00625793077052], [0.0054349405691, -0.0512347705662, 0.0118251619861, -0.00670218514279, 0.0758126080036, -0.070765003562, 0.134078890085, -0.131877362728, 0.0537461079657, -0.0830738767982, 0.0409291796386, -0.037298463285, 0.0342231281102], [-0.0122691169381, 0.0641055032611, -0.0332250669599, -0.00426139542833, -0.0970966219902, 0.102550439537, -0.131877362728, 0.262979954481, -0.0811148956418, 0.0870049744844, -0.111945345998, 0.005321607925, -0.0379561930895], [0.00762941688299, -0.0621592700481, 0.0197331570089, -0.0128120714799, 0.0390891321003, 0.00192146364134, 0.0537461079657, -0.0811148956418, 0.0981544852257, -0.102467522025, 0.0326558239758, -0.0162130184472, 0.0130455726758], [-0.0114110577852, 0.103046752512, -0.0341710373759, 0.0153915137053, -0.0869428887963, 0.0405513457954, -0.0830738767982, 0.0870049744844, -0.102467522025, 0.240682423115, -0.129668071866, 0.0563751533628, -0.0577924437821], [0.00924050435424, -0.0365891829133, 0.0087092416361, 0.029647577554, 0.0604692809284, -0.0933209955692, 0.0409291796386, -0.111945345998, 0.0326558239758, -0.129668071866, 0.229224875569, -0.045161228627, 0.0583079457283], [-0.0042727291584, 0.0482032783329, -0.00819327030331, 0.0128034111112, -0.0126914316788, -0.0365168340504, -0.037298463285, 0.005321607925, -0.0162130184472, 0.0563751533628, -0.045161228627, 0.141374260187, -0.0654248744249], [0.0059039532207, -0.0460270643234, 0.0332220420241, -0.00473550427705, 0.0163370855153, -0.00625793077052, 0.0342231281102, -0.0379561930895, 0.0130455726758, -0.0577924437821, 0.0583079457283, -0.0654248744249, 0.145234256983]]
    },
    "melbands": {
        "dmean": [5.29550516148e-06, 5.31519071956e-06, 2.98293571177e-06, 4.09298627346e-06, 2.27938357966e-06, 2.73540536e-06, 0.000115450136946, 0.000340064289048, 5.52563960809e-06, 7.87782255429e-07, 1.34507729399e-07, 3.43249530488e-06, 8.89890543476e-06, 1.04080065455e-07, 4.46402950161e-08, 3.72587400932e-08, 2.75216383017e-08, 1.4210853827e-08, 3.36250991495e-08, 2.45487399297e-08, 7.80743025786e-09, 6.81678713477e-09, 3.72301189877e-09, 2.90970247896e-09, 3.02807756647e-09, 3.0549311969e-09, 2.05538075448e-09, 2.34965247259e-09, 3.03528580048e-09, 1.56407498064e-09, 1.42237721601e-09, 1.32780664241e-09, 9.44536338032e-10, 7.95746690763e-10, 6.77513656289e-10, 5.91764248714e-10, 5.53474155396e-10, 4.41788244876e-10, 4.84750906082e-10, 4.11778888765e-10],
        "dmean2": [9.25058884604e-06, 8.56837777974e-06, 4.97130258736e-06, 6.51432401355e-06, 3.05264916278e-06, 2.98158602163e-06, 7.31243053451e-05, 0.000181650786544, 4.12171311837e-06, 9.57981797001e-07, 1.56637852911e-07, 4.25894222644e-06, 1.09489928946e-05, 1.16769541592e-07, 6.16763884409e-08, 4.78731507769e-08, 3.51057849457e-08, 1.88656272826e-08, 3.71666111221e-08, 2.89492874117e-08, 1.08685052069e-08, 9.55023971017e-09, 5.31090016409e-09, 3.73727226943e-09, 4.47705295059e-09, 4.63848159882e-09, 2.94192159522e-09, 3.75684194864e-09, 4.81438400257e-09, 2.49453568912e-09, 2.12332373906e-09, 2.12224060547e-09, 1.42466793918e-09, 1.20303111917e-09, 9.69614499802e-10, 9.51958178952e-10, 8.5637996694e-10, 5.93848192842e-10, 7.214049913e-10, 6.54750476059e-10],
        "dvar": [3.73977272761e-11, 3.15693617081e-11, 2.03903959689e-11, 2.8781530978e-11, 8.17126991071e-11, 3.23314208739e-10, 4.78069885901e-08, 3.401576123e-07, 1.80751594248e-10, 3.07814503053e-11, 1.03646691924e-12, 1.52938460507e-11, 1.04969394288e-10, 5.74067160995e-13, 5.13291767759e-14, 2.31939728518e-14, 1.24859280223e-14, 5.53080369657e-15, 1.72979747117e-14, 6.76417641788e-15, 7.73927280582e-16, 3.40888250804e-16, 1.96914249111e-16, 1.37920786615e-16, 9.72966430955e-17, 7.20582971979e-17, 4.45024724653e-17, 3.13323310541e-17, 3.1350654759e-17, 1.15003863549e-17, 9.74031889215e-18, 7.50297483339e-18, 4.18822306369e-18, 3.69464025628e-18, 2.51054692584e-18, 1.60700503164e-18, 1.25380335618e-18, 1.0139353508e-18, 6.83025882649e-19, 5.31981410328e-19],
        "dvar2": [9.70588123761e-11, 7.08107392167e-11, 3.06588192334e-11, 5.86337645103e-11, 8.41761937931e-11, 2.89676560516e-10, 3.6838628148e-08, 2.33227552826e-07, 2.06737377217e-10, 3.22394368146e-11, 1.05194173684e-12, 1.62440217527e-11, 1.12300273247e-10, 5.79079102378e-13, 6.64501209591e-14, 2.61259960335e-14, 1.17675856377e-14, 5.59902118904e-15, 2.47700318102e-14, 9.53911988055e-15, 7.3453479576e-16, 3.13150224652e-16, 1.99702006594e-16, 1.43907959593e-16, 1.04424551078e-16, 7.91515165343e-17, 4.56882325647e-17, 3.4668893095e-17, 6.10003548634e-17, 1.42514633408e-17, 1.48451308664e-17, 1.01661167299e-17, 4.89710650889e-18, 4.3620513471e-18, 2.9891393594e-18, 1.8963363697e-18, 1.44573924358e-18, 1.11013769681e-18, 9.594596138e-19, 6.04661686548e-19],
        "max": [3.36371922458e-05, 3.96558098146e-05, 3.80541569029e-05, 3.95715869672e-05, 8.77216007211e-05, 0.000197388581, 0.00372452707961, 0.0115027921274, 0.000197311528609, 6.00512830715e-05, 9.89591626421e-06, 6.77220232319e-05, 0.000172996748006, 7.48765069147e-06, 2.40553140429e-06, 1.68432495684e-06, 1.1673669178e-06, 7.20723562608e-07, 1.53253540702e-06, 1.08100346097e-06, 3.01327020225e-07, 2.3756379619e-07, 1.39324768611e-07, 1.1414071821e-07, 9.51513428049e-08, 8.2788403688e-08, 6.81122003243e-08, 5.64203794795e-08, 4.80597392993e-08, 3.14955492797e-08, 2.58013646004e-08, 2.09134665141e-08, 1.88435134163e-08, 1.82219324074e-08, 1.50969068358e-08, 1.24236239074e-08, 1.04754347419e-08, 9.91524995442e-09, 7.77720909895e-09, 7.00672453391e-09],
        "mean": [6.61363674226e-06, 7.00687405697e-06, 5.07863705934e-06, 8.55720008985e-06, 3.34156675308e-06, 4.05408854931e-06, 0.00264018797316, 0.00704350322485, 6.41200822429e-05, 1.07744995148e-06, 1.65020111353e-07, 2.4695886168e-05, 6.9827932748e-05, 2.20730342448e-07, 5.81875561068e-08, 9.37795050504e-08, 7.17037096365e-08, 2.11591899557e-08, 5.55619017462e-08, 4.47566357309e-08, 1.46860417161e-08, 1.39727784898e-08, 6.92643631339e-09, 5.92294480128e-09, 6.21703399872e-09, 6.18323969803e-09, 4.7396913061e-09, 5.26381915833e-09, 6.32995211802e-09, 3.97138899544e-09, 3.07371594843e-09, 2.78645106988e-09, 2.27877872128e-09, 1.95720262219e-09, 1.84036064166e-09, 1.58695190322e-09, 1.64083724385e-09, 1.53393120428e-09, 1.40550004968e-09, 1.22580323669e-09],
        "median": [4.66172059532e-06, 5.55656970391e-06, 3.28906048708e-06, 5.4583729252e-06, 1.89254728866e-06, 8.02049953563e-07, 0.00284359697253, 0.00713307503611, 4.56526722701e-05, 6.82108094452e-08, 4.23911004077e-08, 2.30706937145e-05, 7.95651212684e-05, 1.52393724306e-07, 1.52638168771e-08, 4.03076541033e-08, 3.13072128222e-08, 9.31845445251e-09, 1.13421405601e-08, 9.53599776921e-09, 6.4423733015e-09, 7.07613478923e-09, 4.71242245226e-09, 4.01191746491e-09, 3.84043374879e-09, 4.62842741911e-09, 3.60279073242e-09, 3.71891384354e-09, 3.68835584297e-09, 2.9295734727e-09, 2.30919594557e-09, 2.07799266683e-09, 1.88364657205e-09, 1.70818814649e-09, 1.61926239084e-09, 1.38008893202e-09, 1.38355915613e-09, 1.34390176765e-09, 1.22007859371e-09, 1.07155118112e-09],
        "min": [2.01490621521e-07, 2.38550001086e-07, 5.32120850494e-07, 2.03294931111e-07, 5.77650268951e-07, 1.30459739012e-07, 1.89320126083e-05, 2.58294403466e-05, 6.04485376243e-06, 9.16701203835e-09, 9.05727493006e-09, 1.46766709008e-07, 3.18250044984e-07, 1.03572874721e-08, 3.49822970591e-09, 4.60608839958e-09, 5.88921533762e-09, 2.77511902347e-09, 3.53212614712e-09, 2.09625317105e-09, 1.20029342021e-09, 2.29335817004e-09, 1.26050869742e-09, 1.3219588757e-09, 1.42240319523e-09, 1.61035706991e-09, 1.4223582312e-09, 1.18450937947e-09, 8.54262216521e-10, 5.84626125288e-10, 6.1747440494e-10, 5.30611721228e-10, 4.34676489247e-10, 3.47221112973e-10, 4.67429539519e-10, 5.35598954077e-10, 4.05535577341e-10, 4.69440486484e-10, 4.41278097396e-10, 3.54951762427e-10],
        "var": [3.73803869802e-11, 3.99146098118e-11, 2.5188393038e-11, 6.57313162233e-11, 8.19997958423e-11, 4.30805058294e-10, 5.46815101643e-07, 4.65187258669e-06, 1.55118351497e-09, 4.01492276925e-11, 1.05554464908e-12, 4.52585663391e-10, 3.10385894764e-09, 5.93089813372e-13, 6.51184428645e-14, 3.43239027695e-14, 1.65801972981e-14, 5.57875889039e-15, 4.14859254805e-14, 2.19364643502e-14, 1.07205974343e-15, 6.69283295031e-16, 2.04770638515e-16, 1.41191458757e-16, 1.05834973432e-16, 7.5504662502e-17, 4.81981069927e-17, 4.2942899521e-17, 6.65410157471e-17, 1.60772130801e-17, 1.09124437463e-17, 9.67311294892e-18, 4.61419005988e-18, 3.64107700289e-18, 2.61988014369e-18, 1.61552861086e-18, 1.4864033391e-18, 1.08964326316e-18, 7.63273569005e-19, 5.79381961354e-19]
    },
    "mfcc": {
        "mean": [-918.27746582, 184.91078186, 50.8126144409, -5.16252088547, -36.9302902222, -31.8998012543, -19.5583209991, -11.3000030518, -1.95723009109, 3.28845238686, 10.2159509659, 27.2088909149, 35.877494812],
        "cov": [[440.421051025, 2.45852684975, -164.852966309, -42.5173568726, 17.8162670135, 28.787115097, -9.63521575928, 7.99316740036, 22.7983379364, -31.2596969604, -78.1983947754, -42.0165863037, -13.3943681717], [2.45852684975, 153.837158203, -9.9364528656, -144.874465942, -36.9667320251, -5.72043514252, 10.7402458191, 23.0376548767, -1.68531000614, -11.4998044968, -20.3927116394, -11.7583742142, 25.986371994], [-164.852966309, -9.9364528656, 243.241607666, 193.950393677, 48.7392578125, -15.7730607986, -14.2452163696, -18.7206935883, -17.8798427582, 52.7130203247, 84.4637069702, 17.1317138672, -14.9963245392], [-42.5173568726, -144.874465942, 193.950393677, 362.048553467, 125.630058289, -15.8028717041, -61.4696350098, -59.6396827698, 2.85699939728, 75.3776550293, 79.9503479004, 10.2372627258, -46.323135376], [17.8162670135, -36.9667320251, 48.7392578125, 125.630058289, 74.0256271362, -3.23896145821, -39.5014305115, -31.8551044464, 4.69145488739, 30.9879493713, 23.5140266418, -4.03974294662, -18.4079990387], [28.787115097, -5.72043514252, -15.7730607986, -15.8028717041, -3.23896145821, 34.2763366699, 37.2257843018, 21.6554660797, 1.3544151783, -13.6134395599, -4.22993278503, 4.92792034149, 8.79759788513], [-9.63521575928, 10.7402458191, -14.2452163696, -61.4696350098, -39.5014305115, 37.2257843018, 90.6512069702, 53.7637367249, -3.82405996323, -26.2475242615, -6.18576097488, 10.8600101471, 20.857667923], [7.99316740036, 23.0376548767, -18.7206935883, -59.6396827698, -31.8551044464, 21.6554660797, 53.7637367249, 52.4757652283, 7.06510162354, -20.0759677887, -11.3279447556, 4.72598409653, 19.1869564056], [22.7983379364, -1.68531000614, -17.8798427582, 2.85699939728, 4.69145488739, 1.3544151783, -3.82405996323, 7.06510162354, 23.0020694733, 3.90682649612, -13.7660999298, 0.345135122538, 11.1236286163], [-31.2596969604, -11.4998044968, 52.7130203247, 75.3776550293, 30.9879493713, -13.6134395599, -26.2475242615, -20.0759677887, 3.90682649612, 45.4663238525, 35.4555130005, 5.59275245667, -10.4263763428], [-78.1983947754, -20.3927116394, 84.4637069702, 79.9503479004, 23.5140266418, -4.22993278503, -6.18576097488, -11.3279447556, -13.7660999298, 35.4555130005, 73.9719543457, 23.6260871887, -16.5702819824], [-42.0165863037, -11.7583742142, 17.1317138672, 10.2372627258, -4.03974294662, 4.92792034149, 10.8600101471, 4.72598409653, 0.345135122538, 5.59275245667, 23.6260871887, 28.6325893402, 9.85676765442], [-13.3943681717, 25.986371994, -14.9963245392, -46.323135376, -18.4079990387, 8.79759788513, 20.857667923, 19.1869564056, 11.1236286163, -10.4263763428, -16.5702819824, 9.85676765442, 38.0566444397]],
