{
"lowlevel": {
    "average_loudness": 0.97678655386,
    "barkbands_crest": {
        "dmean": 0.625119447708,
        "dmean2": 1.00558292866,
        "dvar": 1.8930914402,
        "dvar2": 4.10259962082,
        "max": 26.8890647888,
        "mean": 24.8505344391,
        "median": 26.3655395508,
        "min": 7.47225093842,
        "var": 15.3400115967
    },
    "barkbands_flatness_db": {
        "dmean": 0.0180852897465,
        "dmean2": 0.0255321431905,
        "dvar": 0.000628698733635,
        "dvar2": 0.00121038616635,
        "max": 0.565487146378,
        "mean": 0.423967033625,
        "median": 0.432704418898,
        "min": 0.140496835113,
        "var": 0.00564685231075
    },
    "barkbands_kurtosis": {
        "dmean": 121.211494446,
        "dmean2": 215.113861084,
        "dvar": 40944.03125,
        "dvar2": 115448.429688,
        "max": 1457.28710938,
        "mean": 190.53604126,
        "median": 96.5689849854,
        "min": 4.80363702774,
        "var": 58777.6289062
    },
    "barkbands_skewness": {
        "dmean": 3.12665247917,
        "dmean2": 5.55532169342,
        "dvar": 13.2206277847,
        "dvar2": 37.7397117615,
        "max": 25.3788871765,
        "mean": 4.25010204315,
        "median": 3.45895648003,
        "min": -2.71393346786,
        "var": 27.1405792236
    },
    "barkbands_spread": {
        "dmean": 0.735653340816,
        "dmean2": 1.32890319824,
        "dvar": 11.0402708054,
        "dvar2": 34.3506660461,
        "max": 31.6853733063,
        "mean": 1.0989689827,
        "median": 0.548373997211,
        "min": 0.0936365947127,
        "var": 7.80469417572
    },
    "dissonance": {
        "dmean": 0.050315823406,
        "dmean2": 0.0861417502165,
        "dvar": 0.00186401268002,
        "dvar2": 0.00571214174852,
        "max": 0.486887276173,
        "mean": 0.208234354854,
        "median": 0.185853764415,
        "min": 0.0924954935908,
        "var": 0.00611520325765
    },
    "dynamic_complexity": 1.97406315804,
    "erbbands_crest": {
        "dmean": 0.782839953899,
        "dmean2": 1.2455381155,
        "dvar": 4.15428733826,
        "dvar2": 13.0002412796,
        "max": 26.6181983948,
        "mean": 23.7100391388,
        "median": 24.3085823059,
        "min": 10.011554718,
        "var": 6.61800146103
    },
    "erbbands_flatness_db": {
        "dmean": 0.0164554174989,
        "dmean2": 0.023023320362,
        "dvar": 0.000602276064456,
        "dvar2": 0.00132763350848,
        "max": 0.535784542561,
        "mean": 0.417296886444,
        "median": 0.428684830666,
        "min": 0.159581854939,
        "var": 0.00454339757562
    },
    "erbbands_kurtosis": {
        "dmean": 16.1258163452,
        "dmean2": 25.0638961792,
        "dvar": 669.008483887,
        "dvar2": 1743.765625,
        "max": 282.469482422,
        "mean": 111.950683594,
        "median": 73.4089584351,
        "min": 4.32755661011,
        "var": 8574.84277344
    },
    "erbbands_skewness": {
        "dmean": 0.682389318943,
        "dmean2": 1.08069503307,
        "dvar": 0.810344934464,
        "dvar2": 2.09517788887,
        "max": 11.5957221985,
        "mean": 5.5787358284,
        "median": 4.67986392975,
        "min": 1.28729987144,
        "var": 5.71234464645
    },
    "erbbands_spread": {
        "dmean": 0.901933193207,
        "dmean2": 1.55267655849,
        "dvar": 12.2134809494,
        "dvar2": 39.0605659485,
        "max": 33.1923179626,
        "mean": 1.7778390646,
        "median": 0.740860760212,
        "min": 0.39720544219,
        "var": 10.6920804977
    },
    "hfc": {
        "dmean": 2.97795462608,
        "dmean2": 3.89418339729,
        "dvar": 127.231834412,
        "dvar2": 322.604034424,
        "max": 120.616355896,
        "mean": 12.1787185669,
        "median": 8.34701061249,
        "min": 0.148890763521,
        "var": 144.973175049
    },
    "melbands_crest": {
        "dmean": 0.667815625668,
        "dmean2": 1.13416349888,
        "dvar": 2.01641154289,
        "dvar2": 6.02143621445,
        "max": 23.7745552063,
        "mean": 21.1071243286,
        "median": 22.3328514099,
        "min": 6.48443508148,
        "var": 11.7096881866
    },
    "melbands_flatness_db": {
        "dmean": 0.0178010184318,
        "dmean2": 0.0249576941133,
        "dvar": 0.000655005685985,
        "dvar2": 0.00131662737112,
        "max": 0.666061341763,
        "mean": 0.521895587444,
        "median": 0.529572606087,
        "min": 0.243496999145,
        "var": 0.00570152839646
    },
    "melbands_kurtosis": {
        "dmean": 13.0272979736,
        "dmean2": 22.2380409241,
        "dvar": 619.444885254,
        "dvar2": 1573.87158203,
        "max": 297.474731445,
        "mean": 33.5955238342,
        "median": 32.8603286743,
        "min": 0.141044139862,
        "var": 855.743103027
    },
    "melbands_skewness": {
        "dmean": 0.936688959599,
        "dmean2": 1.56496810913,
        "dvar": 1.89647376537,
        "dvar2": 4.84377765656,
        "max": 9.81353473663,
        "mean": -0.160075619817,
        "median": -1.22700810432,
        "min": -3.83717370033,
        "var": 10.0540971756
    },
    "melbands_spread": {
        "dmean": 0.528471469879,
        "dmean2": 0.859174609184,
        "dvar": 0.594464540482,
        "dvar2": 0.958640813828,
        "max": 12.86876297,
        "mean": 1.56583571434,
        "median": 1.03642761707,
        "min": 0.346705198288,
        "var": 2.53089499474
    },
    "pitch_salience": {
        "dmean": 0.0373335629702,
        "dmean2": 0.0592606887221,
        "dvar": 0.0028514675796,
        "dvar2": 0.00678667752072,
        "max": 0.811522722244,
        "mean": 0.182667002082,
        "median": 0.12698045373,
        "min": 0.043139949441,
        "var": 0.0231905337423
    },
    "silence_rate_20dB": {
        "dmean": 0,
        "dmean2": 0,
        "dvar": 0,
        "dvar2": 0,
        "max": 1,
        "mean": 1,
        "median": 1,
        "min": 1,
        "var": 0
    },
    "silence_rate_30dB": {
        "dmean": 0.0133333336562,
        "dmean2": 0.0268456377089,
        "dvar": 0.0131555208936,
        "dvar2": 0.0395475886762,
        "max": 1,
        "mean": 0.993377506733,
        "median": 1,
        "min": 0,
        "var": 0.00657866988331
    },
    "silence_rate_60dB": {
        "dmean": 0.0133333336562,
        "dmean2": 0.0201342273504,
        "dvar": 0.0131555777043,
        "dvar2": 0.0197288841009,
        "max": 1,
        "mean": 0.0264900662005,
        "median": 0,
        "min": 0,
        "var": 0.0257882848382
    },
    "spectral_centroid": {
        "dmean": 5.01352977753,
        "dmean2": 7.29996347427,
        "dvar": 119.382148743,
        "dvar2": 247.697250366,
        "max": 590.175292969,
        "mean": 470.561065674,
        "median": 469.019592285,
        "min": 397.534545898,
        "var": 533.984436035
    },
    "spectral_complexity": {
        "dmean": 0.726666688919,
        "dmean2": 1.1677852869,
        "dvar": 1.86528813839,
        "dvar2": 4.11277532578,
        "max": 18,
        "mean": 3.05960273743,
        "median": 2,
        "min": 1,
        "var": 6.38716316223
    },
    "spectral_decrease": {
        "dmean": 1.1003166156e-09,
        "dmean2": 1.18990362008e-09,
        "dvar": 5.8966115905e-18,
        "dvar2": 1.12135697493e-17,
        "max": -8.47651324132e-11,
        "mean": -6.18463324997e-09,
        "median": -4.67045824237e-09,
        "min": -2.81127618962e-08,
        "var": 1.64499158487e-17
    },
    "spectral_energy": {
        "dmean": 0.00434786034748,
        "dmean2": 0.00480089662597,
        "dvar": 9.55331706791e-05,
        "dvar2": 0.000178258240339,
        "max": 0.111858159304,
        "mean": 0.0244468189776,
        "median": 0.018378265202,
        "min": 0.000333428150043,
        "var": 0.000262724002823
    },
    "spectral_energyband_high": {
        "dmean": 9.70605542534e-05,
        "dmean2": 0.000186918419786,
        "dvar": 5.52675885501e-07,
        "dvar2": 1.62051526331e-06,
        "max": 0.00674511492252,
        "mean": 5.63630565011e-05,
        "median": 3.58852366844e-06,
        "min": 3.75895496063e-07,
        "var": 3.01996038843e-07
    },
    "spectral_energyband_low": {
        "dmean": 0.000142913864693,
        "dmean2": 0.000255307764746,
        "dvar": 2.97917299719e-08,
        "dvar2": 8.03985003017e-08,
        "max": 0.00168337777723,
        "mean": 0.000276210106676,
        "median": 0.000166438418091,
        "min": 4.69794758828e-06,
        "var": 1.16442315345e-07
    },
    "spectral_energyband_middle_high": {
        "dmean": 0.000111343571916,
        "dmean2": 0.000165756340721,
        "dvar": 2.45769371077e-07,
        "dvar2": 4.39880807335e-07,
        "max": 0.00590389454737,
        "mean": 0.000340142520145,
        "median": 8.04972660262e-05,
        "min": 3.87515638067e-06,
        "var": 7.24275707853e-07
    },
    "spectral_energyband_middle_low": {
        "dmean": 0.00428844476119,
        "dmean2": 0.00460798153654,
        "dvar": 8.83786051418e-05,
        "dvar2": 0.000170773302671,
        "max": 0.105575434864,
        "mean": 0.0237874612212,
        "median": 0.0175748225302,
        "min": 0.000277678249404,
        "var": 0.000242392503424
    },
    "spectral_entropy": {
        "dmean": 0.200152277946,
        "dmean2": 0.300276696682,
        "dvar": 0.0897706001997,
        "dvar2": 0.216112360358,
        "max": 7.33952903748,
        "mean": 4.38742589951,
        "median": 4.22686672211,
        "min": 3.20005559921,
        "var": 0.567452728748
    },
    "spectral_flux": {
        "dmean": 0.00862571969628,
        "dmean2": 0.0133596826345,
        "dvar": 0.000475971697597,
        "dvar2": 0.000973770860583,
        "max": 0.251704156399,
        "mean": 0.0211160350591,
        "median": 0.0130099412054,
        "min": 0.00311996415257,
        "var": 0.000947834225371
    },
    "spectral_kurtosis": {
        "dmean": 6.45846986771,
        "dmean2": 10.2384471893,
        "dvar": 37.2327003479,
        "dvar2": 88.905456543,
        "max": 115.714363098,
        "mean": 42.9166870117,
        "median": 32.0317649841,
        "min": 2.94048547745,
        "var": 654.994018555
    },
    "spectral_rms": {
        "dmean": 0.000386445375625,
        "dmean2": 0.000442817399744,
        "dvar": 6.52870824069e-07,
        "dvar2": 1.16989053822e-06,
        "max": 0.0104465261102,
        "mean": 0.00466203363612,
        "median": 0.00423438474536,
        "min": 0.000570347066969,
        "var": 2.11598717215e-06
    },
    "spectral_rolloff": {
        "dmean": 6.890625,
        "dmean2": 13.4401874542,
        "dvar": 2413.09667969,
        "dvar2": 7701.88818359,
        "max": 925.927734375,
        "mean": 480.005371094,
        "median": 473.73046875,
        "min": 473.73046875,
        "var": 1667.95080566
    },
    "spectral_skewness": {
        "dmean": 0.45085927844,
        "dmean2": 0.764178812504,
        "dvar": 0.221026808023,
        "dvar2": 0.536541938782,
        "max": 9.34369468689,
        "mean": 5.41910076141,
        "median": 4.89312839508,
        "min": 1.8509529829,
        "var": 2.39570522308
    },
    "spectral_spread": {
        "dmean": 658171.125,
        "dmean2": 1111706,
        "dvar": 1.34348092211e+12,
        "dvar2": 3.78943071846e+12,
        "max": 11973288,
        "mean": 2864421,
        "median": 2836763,
        "min": 1034255,
        "var": 1.67578016154e+12
    },
    "spectral_strongpeak": {
        "dmean": 0.235138982534,
        "dmean2": 0.26340803504,
        "dvar": 0.276348382235,
        "dvar2": 0.622163891792,
        "max": 6.33470869064,
        "mean": 2.68758749962,
        "median": 2.45144462585,
        "min": 0.0474786274135,
        "var": 0.860118150711
    },
    "zerocrossingrate": {
        "dmean": 0.00139322911855,
        "dmean2": 0.00164180470165,
        "dvar": 2.79470532405e-05,
        "dvar2": 4.09029489674e-05,
        "max": 0.091796875,
        "mean": 0.0223962645978,
        "median": 0.02099609375,
        "min": 0.005859375,
        "var": 5.75794329052e-05
    },
    "barkbands": {
        "dmean": [8.97930203791e-06, 0.000121083743579, 3.07763002638e-05, 3.66318163287e-05, 0.000122783880215, 0.000291782489512, 0.00406688731164, 0.000104917235149, 4.0806884499e-05, 1.49033066918e-05, 8.19221459096e-05, 1.15163511509e-05, 1.98610305233e-05, 1.95394977709e-06, 3.72442991647e-05, 5.95721189711e-07, 1.50771495555e-06, 1.24956636682e-06, 6.61924730139e-07, 5.62463071674e-07, 5.15471640483e-07, 1.19108710805e-06, 1.82821474937e-06, 4.81516826767e-06, 2.95576792269e-05, 4.25407852163e-05, 1.67606685864e-05],
        "dmean2": [1.48633789649e-05, 0.000221264388529, 5.01636823174e-05, 6.36024196865e-05, 0.000217719760258, 0.000486643868499, 0.004326577764, 0.000165080768056, 7.21068718121e-05, 2.30705809372e-05, 0.000112763926154, 1.99488313228e-05, 2.75856036751e-05, 3.52238589585e-06, 5.60507505725e-05, 9.05004810647e-07, 2.41874931817e-06, 2.30368800658e-06, 1.05378296666e-06, 9.52598554704e-07, 8.70128758379e-07, 2.11292194763e-06, 3.42967109646e-06, 8.95210723684e-06, 5.73888391955e-05, 8.21709691081e-05, 3.25990731653e-05],
        "dvar": [1.53304924311e-10, 1.93577331942e-08, 2.39803110702e-09, 2.82027734499e-08, 4.86326825921e-07, 1.61446007496e-06, 7.88133766036e-05, 3.0799662909e-07, 4.74430734698e-08, 5.46103562371e-09, 8.44849239456e-08, 5.10736297699e-09, 4.90990581525e-09, 4.99739936932e-11, 2.31301591214e-08, 3.08648354271e-12, 3.75301907607e-11, 6.68870445142e-11, 8.24335304878e-12, 6.10752030547e-12, 4.3992105965e-12, 3.72901709511e-11, 1.08725237147e-10, 1.15706888515e-09, 5.18836849039e-08, 1.08846144542e-07, 1.86379960354e-08],
        "dvar2": [4.15931344921e-10, 5.226652533e-08, 5.9303237876e-09, 7.62799885479e-08, 1.36720291266e-06, 4.25277130489e-06, 0.000166685989825, 7.75247372076e-07, 1.32516376539e-07, 1.09470352783e-08, 1.48713425574e-07, 1.34711566346e-08, 9.72859304227e-09, 1.58424676155e-10, 6.03470766691e-08, 6.01472344153e-12, 6.96354085505e-11, 1.9296460263e-10, 2.06098246108e-11, 1.36058594946e-11, 1.13196483437e-11, 1.02369057675e-10, 3.15053955147e-10, 3.31659189001e-09, 1.53121263224e-07, 3.1900765407e-07, 5.4846722719e-08],
        "max": [0.000180335031473, 0.00144523684867, 0.000418784300564, 0.00164732988924, 0.0067493757233, 0.0114677529782, 0.095449462533, 0.0057579446584, 0.00223701843061, 0.000795450177975, 0.00304713076912, 0.000722457247321, 0.000623420171905, 6.30110152997e-05, 0.00169301277492, 2.16309745156e-05, 6.15448589087e-05, 7.6974320109e-05, 3.27600318997e-05, 2.53156267718e-05, 1.88283265743e-05, 4.27593113272e-05, 8.71012525749e-05, 0.000318081380101, 0.0020535660442, 0.00299031357281, 0.00122907652985],
        "mean": [1.97667632165e-05, 0.0002077218669, 3.79403791158e-05, 3.03512570099e-05, 0.000105138635263, 0.000507791235577, 0.0229828115553, 0.000109396518383, 4.37489179603e-05, 3.23421227222e-05, 0.000209790974623, 1.01915775303e-05, 4.09063068219e-05, 2.23875053962e-06, 4.4160107791e-05, 1.06005575162e-06, 1.93430969375e-06, 1.11491021926e-06, 9.5467612482e-07, 8.37530876652e-07, 6.61001195112e-07, 9.47801709117e-07, 1.27679231809e-06, 3.10529139824e-06, 1.63878266903e-05, 2.35876213992e-05, 1.01343784991e-05],
        "median": [4.43360931968e-06, 8.40250650072e-05, 1.6969641365e-05, 6.02669797445e-06, 1.49955685629e-05, 6.87438614477e-06, 0.0175351966172, 5.92101241637e-06, 1.99372175302e-06, 5.83224255024e-06, 5.99358936597e-05, 5.99570341819e-07, 1.06026823232e-06, 4.67188158382e-07, 4.80173980577e-07, 2.80869727476e-07, 2.19523712985e-07, 2.40416966335e-07, 3.51670166765e-07, 3.92770118651e-07, 3.16234121556e-07, 2.48451016205e-07, 2.88800379167e-07, 3.34297453719e-07, 4.39420631437e-07, 4.66260928533e-07, 1.38812595196e-06],
        "min": [1.74806551456e-08, 2.39616542785e-06, 9.49139234763e-07, 1.01283248455e-07, 6.48067498332e-07, 3.20576134527e-07, 5.21599804415e-06, 1.18975947316e-06, 1.26771382725e-07, 2.55927858461e-07, 3.06054261046e-07, 6.89670329734e-08, 7.27998710204e-08, 3.70264281457e-08, 5.14464630896e-08, 9.65664703756e-09, 3.42163168909e-08, 2.81158207827e-08, 3.30203810961e-08, 4.20549213231e-08, 3.46771109605e-08, 3.06382226256e-08, 2.80677667774e-08, 3.22386703999e-08, 3.45265469548e-08, 2.35787442904e-08, 4.01786799387e-08],
        "var": [1.52816781451e-09, 8.33255100474e-08, 2.95509727799e-09, 1.96441387601e-08, 3.36415723723e-07, 2.4862540613e-06, 0.000228072021855, 3.31278215526e-07, 3.85983511819e-08, 1.27458257282e-08, 2.23680842737e-07, 3.98977562099e-09, 1.29969732754e-08, 5.64468506659e-11, 2.98426456879e-08, 9.00221390487e-12, 5.76656847273e-11, 4.06174954781e-11, 9.74402763337e-12, 6.52883259608e-12, 3.93395515816e-12, 2.44659240783e-11, 6.33978494702e-11, 6.87407630817e-10, 2.7979444539e-08, 5.93004507721e-08, 9.9473735915e-09]
    },
    "erbbands": {
        "dmean": [0.00462116487324, 0.023830216378, 0.0347466729581, 0.0763879045844, 0.29441562295, 0.383579939604, 1.69018435478, 2.47538375854, 25.1161823273, 58.3987236023, 3.37000966072, 0.881303906441, 0.440004616976, 2.87996077538, 1.66115367413, 0.355452597141, 0.826621770859, 0.313343077898, 0.609103262424, 1.57680082321, 0.0928543806076, 0.047065384686, 0.0631151869893, 0.0329777486622, 0.0210911203176, 0.0289001781493, 0.0228529013693, 0.021280689165, 0.03171242401, 0.0656000748277, 0.0456808097661, 0.0350318923593, 0.109983317554, 0.095640771091, 0.366700738668, 0.198156237602, 0.0652391538024, 0.0162649676204, 0.00382401514798, 0.00018275664479],
        "dmean2": [0.00819300208241, 0.0433188118041, 0.058615308255, 0.131893202662, 0.524936497211, 0.695458292961, 2.84896492958, 3.85713791847, 26.1843318939, 65.345123291, 4.24271726608, 1.43653035164, 0.788643658161, 3.56844329834, 2.78711223602, 0.60800588131, 1.13331305981, 0.47996121645, 0.883968055248, 2.409760952, 0.150737002492, 0.0745377019048, 0.112387023866, 0.0607292503119, 0.037776991725, 0.0489186607301, 0.0412586703897, 0.0362445302308, 0.0530605502427, 0.125397443771, 0.0847855359316, 0.0642565265298, 0.205964967608, 0.168919757009, 0.718486666679, 0.389361053705, 0.126351743937, 0.0309616159648, 0.00747112045065, 0.000346557615558],
        "dvar": [3.53201030521e-05, 0.000687456340529, 0.00232274620794, 0.100076325238, 2.29521346092, 5.20579051971, 45.4885597229, 115.27973938, 2533.01342773, 19685.5390625, 136.913513184, 17.9724636078, 4.41832542419, 87.7926635742, 53.6090049744, 4.63105487823, 8.62803649902, 1.27309274673, 5.32802772522, 43.2436485291, 0.147939622402, 0.0315883979201, 0.154394164681, 0.0279932208359, 0.00731520168483, 0.0168083868921, 0.00889409519732, 0.0100939432159, 0.0235142316669, 0.137633949518, 0.082236006856, 0.0604570023715, 0.602640271187, 0.456029444933, 8.07100391388, 2.27785491943, 0.267583429813, 0.0169024430215, 0.000979700591415, 2.05419814847e-06],
        "dvar2": [8.95883276826e-05, 0.00193475512788, 0.00581776630133, 0.270795613527, 6.35057115555, 14.6285982132, 126.798316956, 304.883789062, 4835.01367188, 43273.6523438, 276.533294678, 45.4878387451, 12.2643661499, 126.467895508, 137.589447021, 12.0488414764, 17.3803424835, 3.0553753376, 13.6579036713, 113.431838989, 0.30448409915, 0.0592174716294, 0.435138732195, 0.0580373294652, 0.01609573327, 0.0447814054787, 0.0177150480449, 0.0269756484777, 0.0609454289079, 0.402105122805, 0.235869154334, 0.17648473382, 1.72803080082, 1.24301528931, 23.9765033722, 6.76825618744, 0.7872428298, 0.0489523522556, 0.00289006251842, 5.9683161453e-06],
        "max": [0.0781605318189, 0.175515934825, 0.348600298166, 3.11450576782, 14.5166187286, 22.1856498718, 57.7181854248, 103.922653198, 644.948974609, 1571.12133789, 143.899002075, 48.1195793152, 21.4189052582, 114.114494324, 77.3540115356, 22.8614730835, 26.4468193054, 11.2763204575, 27.1218223572, 72.6074981689, 4.37805986404, 1.8731752634, 3.8330078125, 1.62104165554, 0.88642936945, 1.29111218452, 0.78410834074, 0.957945883274, 1.20143604279, 2.84381651878, 2.62367105484, 2.31194448471, 7.20707941055, 6.5812959671, 25.3853759766, 13.4282693863, 4.67373847961, 1.19314682484, 0.280831038952, 0.0131347123533],
        "mean": [0.00913212448359, 0.0337710529566, 0.0474561490119, 0.0720222517848, 0.235662907362, 0.353401511908, 2.83537483215, 6.25908231735, 159.838760376, 299.804107666, 12.7567396164, 1.51687204838, 0.847278237343, 7.36503124237, 3.02821969986, 0.446119189262, 1.70499610901, 0.633746922016, 0.80322098732, 1.82104086876, 0.139904975891, 0.0701651647687, 0.0643259435892, 0.0533832088113, 0.0369821414351, 0.0360614471138, 0.0342821665108, 0.0248851105571, 0.029132546857, 0.043307825923, 0.0326892137527, 0.0267544556409, 0.0681297630072, 0.0644968673587, 0.198497995734, 0.106838785112, 0.0360932089388, 0.00938415713608, 0.00217344099656, 0.000146867430885],
        "median": [0.0024889500346, 0.0183197259903, 0.025075064972, 0.022419013083, 0.0382931381464, 0.0492207854986, 0.143613129854, 2.74238634109, 127.45513916, 219.992752075, 7.98905563354, 0.533407330513, 0.159947127104, 2.28213262558, 0.604460000992, 0.0468180403113, 0.0486158840358, 0.040670517832, 0.024912705645, 0.0225951541215, 0.0170883350074, 0.0124953808263, 0.0134057840332, 0.0172873400152, 0.0176837183535, 0.0189929883927, 0.0164096914232, 0.0105665875599, 0.00910778995603, 0.0080444663763, 0.00748578598723, 0.00680486951023, 0.0059666633606, 0.00418347865343, 0.0034219333902, 0.00196508900262, 0.000861261680257, 0.000425793317845, 0.00016090774443, 4.97825130878e-05],
        "min": [5.72073804506e-05, 0.000469701335533, 0.00106987764593, 0.000850294774864, 0.00235534599051, 0.00546485325322, 0.0465566515923, 0.0170435551554, 0.0648011118174, 0.691127359867, 0.654477357864, 0.221483200788, 0.0480924881995, 0.021302646026, 0.016960920766, 0.0128922527656, 0.00689907511696, 0.00610330235213, 0.00416377047077, 0.00325734354556, 0.00230655563064, 0.0023214968387, 0.00154405983631, 0.00241941725835, 0.00262662069872, 0.00201276270673, 0.00137226923835, 0.00119689502753, 0.00107441423461, 0.000985921360552, 0.000777905108407, 0.000652738031931, 0.000669816276059, 0.000369859510101, 0.000274283112958, 0.000153715707711, 4.88614605274e-05, 1.30778535095e-05, 1.29944655782e-05, 4.20092965214e-06],
        "var": [0.000252880097833, 0.00148791691754, 0.00317390309647, 0.070604018867, 1.62230992317, 3.53887057304, 65.5878448486, 137.017211914, 9867.9375, 44894.8789062, 224.842529297, 19.0605106354, 8.21437358856, 265.96105957, 81.8328399658, 4.49229240417, 22.949213028, 3.02060508728, 8.30874633789, 53.3289413452, 0.246689394116, 0.0580603443086, 0.105382606387, 0.0365008823574, 0.0099689969793, 0.0128416344523, 0.0104508353397, 0.00784301850945, 0.0176231916994, 0.076485902071, 0.0487777143717, 0.0360577106476, 0.353127777576, 0.304223239422, 4.27060031891, 1.19855928421, 0.144401013851, 0.00944961421192, 0.000519425317179, 1.13600242457e-06]
    },
    "gfcc": {
        "mean": [-190.297943115, 120.006919861, -53.8454589844, -39.8111038208, -82.4533920288, -26.555557251, -25.0398159027, 14.3814191818, 10.8137426376, 30.411857605, 11.5053071976, 1.50128495693, -13.8986673355],
        "cov": [[2243.25585938, -484.460418701, -53.3856239319, 229.804611206, 208.563461304, -17.5732135773, -409.236633301, -61.2246170044, -208.851654053, -13.6578741074, -236.396774292, 11.0046892166, -5.93478441238], [-484.460418701, 428.157745361, -451.439331055, -364.984741211, 12.6844873428, 38.9191856384, 42.1411628723, -116.706031799, 16.6568927765, -28.8271579742, 89.4240722656, -3.6816649437, 112.864349365], [-53.3856239319, -451.439331055, 1361.72570801, 820.527770996, -133.396255493, -141.884490967, 167.176773071, 257.61932373, 1.24275326729, 14.6694583893, 10.1738119125, 76.7053985596, -168.869308472], [229.804611206, -364.984741211, 820.527770996, 759.526733398, 41.7592391968, -118.258804321, 20.444940567, 175.931610107, 57.0913658142, 48.4058494568, -58.701335907, 6.27698993683, -123.595443726], [208.563461304, 12.6844873428, -133.396255493, 41.7592391968, 128.654098511, 19.7720184326, -86.3653335571, -43.7582817078, 25.6717224121, 24.3800106049, -47.8547134399, -44.1991615295, 6.64958429337], [-17.5732135773, 38.9191856384, -141.884490967, -118.258804321, 19.7720184326, 116.396965027, 29.8347854614, -0.0245136003941, -17.0506439209, -16.8959598541, -8.30982780457, 10.5022354126, 32.7906227112], [-409.236633301, 42.1411628723, 167.176773071, 20.444940567, -86.3653335571, 29.8347854614, 176.324829102, 92.8519973755, 24.6898670197, -15.7376623154, 73.3573074341, 43.1562232971, -0.79716449976], [-61.2246170044, -116.706031799, 257.61932373, 175.931610107, -43.7582817078, -0.0245136003941, 92.8519973755, 142.545532227, 48.4364509583, 23.593662262, 18.4012813568, 23.218038559, -38.0196266174], [-208.851654053, 16.6568927765, 1.24275326729, 57.0913658142, 25.6717224121, -17.0506439209, 24.6898670197, 48.4364509583, 157.345733643, 89.4434356689, 31.1858844757, -42.8264732361, -27.5692768097], [-13.6578741074, -28.8271579742, 14.6694583893, 48.4058494568, 24.3800106049, -16.8959598541, -15.7376623154, 23.593662262, 89.4434356689, 83.701133728, 16.1534805298, -29.6378974915, -30.2842521667], [-236.396774292, 89.4240722656, 10.1738119125, -58.701335907, -47.8547134399, -8.30982780457, 73.3573074341, 18.4012813568, 31.1858844757, 16.1534805298, 87.806892395, 32.2263412476, 20.5695133209], [11.0046892166, -3.6816649437, 76.7053985596, 6.27698993683, -44.1991615295, 10.5022354126, 43.1562232971, 23.218038559, -42.8264732361, -29.6378974915, 32.2263412476, 76.163230896, 35.8067932129], [-5.93478441238, 112.864349365, -168.869308472, -123.595443726, 6.64958429337, 32.7906227112, -0.79716449976, -38.0196266174, -27.5692768097, -30.2842521667, 20.5695133209, 35.8067932129, 78.1813201904]],
        "icov": [[0.00195736461319, 0.00232729874551, 8.39782878757e-05, 0.000738968781661, -0.00314558506943, 0.00080007663928, 0.0038143938873, -0.0029621985741, 0.00311109493487, -0.000744959048461, -0.00108614203054, -0.000687162973918, -0.00192220532335], [0.00232729874551, 0.0169071424752, 0.000447775615612, 0.00356972101144, -0.01009024214, 0.005939476192, -0.00576057657599, 0.00449182931334, 0.00151301524602, 0.00350569793954, -0.0104041425511, 0.00949345435947, -0.0168467909098], [8.39782878757e-05, 0.000447775615612, 0.00556608848274, -0.00649377983063, 0.00588314654306, -0.00163448869716, -0.00116990110837, 0.00188649364281, 0.00205581239425, -0.000439096271293, -0.00278065353632, -0.00103806238621, 0.00396914361045], [0.000738968781661, 0.00356972101144, -0.00649377983063, 0.0142893912271, -0.0177075061947, 0.0110919298604, -0.0037533196155, -0.00624046521261, -0.000890673312824, -0.000598194077611, 0.00739672314376, -0.00477377139032, -0.00305834761821], [-0.00314558506943, -0.01009024214, 0.00588314654306, -0.0177075061947, 0.0435766540468, -0.0204281974584, 0.0100169098005, 0.0097461566329, -0.00703872414306, -0.000502935785335, -0.00091590336524, 0.0104849822819, 0.00150695256889], [0.00080007663928, 0.005939476192, -0.00163448869716, 0.0110919298604, -0.0204281974584, 0.0287448745221, -0.0203671306372, -0.00321859424002, 0.00697878375649, -0.0115748373792, 0.0170387364924, -0.0051246653311, -0.0107590258121], [0.0038143938873, -0.00576057657599, -0.00116990110837, -0.0037533196155, 0.0100169098005, -0.0203671306372, 0.0521271601319, -0.0226148497313, -0.00474796583876, 0.0247389450669, -0.0270183067769, -0.00101624277886, 0.0128519246355], [-0.0029621985741, 0.00449182931334, 0.00188649364281, -0.00624046521261, 0.0097461566329, -0.00321859424002, -0.0226148497313, 0.0352405123413, -0.0111458431929, -0.00333598791622, 0.0050227153115, -0.00191197881941, -0.000740562041756], [0.00311109493487, 0.00151301524602, 0.00205581239425, -0.000890673312824, -0.00703872414306, 0.00697878375649, -0.00474796583876, -0.0111458431929, 0.0354422740638, -0.0313128195703, 0.000807106553111, 0.0116640767083, -0.0118982838467], [-0.000744959048461, 0.00350569793954, -0.000439096271293, -0.000598194077611, -0.000502935785335, -0.0115748373792, 0.0247389450669, -0.00333598791622, -0.0313128195703, 0.0637138485909, -0.0326756425202, 0.00161664944608, 0.0180106237531], [-0.00108614203054, -0.0104041425511, -0.00278065353632, 0.00739672314376, -0.00091590336524, 0.0170387364924, -0.0270183067769, 0.0050227153115, 0.000807106553111, -0.0326756425202, 0.062271989882, -0.0251576099545, -0.00151121732779], [-0.000687162973918, 0.00949345435947, -0.00103806238621, -0.00477377139032, 0.0104849822819, -0.0051246653311, -0.00101624277886, -0.00191197881941, 0.0116640767083, 0.00161664944608, -0.0251576099545, 0.0592469088733, -0.0390052199364], [-0.00192220532335, -0.0168467909098, 0.00396914361045, -0.00305834761821, 0.00150695256889, -0.0107590258121, 0.0128519246355, -0.000740562041756, -0.0118982838467, 0.0180106237531, -0.00151121732779, -0.0390052199364, 0.065901607275]]
    },
    "melbands": {
        "dmean": [3.69916160707e-05, 2.06038985198e-05, 1.87592559087e-05, 2.56593702943e-05, 4.86092139909e-05, 5.17240805493e-05, 0.000577484781388, 0.000515185005497, 1.11660019684e-05, 4.70267013952e-06, 2.08243477573e-06, 1.06569777927e-05, 7.94896004663e-06, 1.63027220879e-06, 4.84744020923e-07, 2.54957785728e-06, 2.86888933942e-07, 1.2334542987e-07, 4.13517955167e-06, 2.63448811211e-07, 9.575729365e-08, 7.02006914821e-08, 3.76889062181e-08, 7.05360179154e-08, 2.82725771683e-08, 2.45468747551e-08, 1.85982411693e-08, 2.00845526876e-08, 1.86813338132e-08, 1.12985949485e-08, 1.37951854384e-08, 1.30825066336e-08, 3.30572653695e-08, 3.732776932e-08, 2.93792155048e-08, 1.64962550286e-08, 2.17667395219e-08, 7.27852693672e-08, 8.09551963243e-08, 5.96140736775e-08],
        "dmean2": [6.72112219036e-05, 3.44562686223e-05, 3.23528729496e-05, 4.59166767541e-05, 8.17780819489e-05, 8.41675864649e-05, 0.000585678382777, 0.000573572935537, 1.71379233507e-05, 7.75125590735e-06, 3.95961751565e-06, 1.31718643388e-05, 1.22158944578e-05, 2.69485599347e-06, 7.35016612907e-07, 3.49818697032e-06, 5.08700338742e-07, 2.26292826255e-07, 6.23589903626e-06, 4.09991315564e-07, 1.56299947207e-07, 1.10887960147e-07, 6.8769985262e-08, 1.29727126819e-07, 4.71815368996e-08, 3.80186016002e-08, 3.47186990268e-08, 3.29986633574e-08, 3.1738856876e-08, 1.84828650163e-08, 2.40467237234e-08, 2.21714469006e-08, 6.06570296213e-08, 7.20531545539e-08, 5.3932268429e-08, 3.12921102363e-08, 3.95331767322e-08, 1.3872403315e-07, 1.4606810339e-07, 9.95432216655e-08],
        "dvar": [2.00437555442e-09, 5.10616160465e-10, 7.30113169922e-09, 2.01573566727e-08, 4.07945854874e-08, 5.65419995269e-08, 1.38381608394e-06, 1.51791277858e-06, 2.89852120083e-09, 4.95871788075e-10, 1.02386883694e-10, 1.19806953247e-09, 9.55151291393e-10, 1.00256303259e-10, 6.60170572722e-12, 7.94040735941e-11, 1.6057380035e-12, 1.97702043538e-13, 2.90050039542e-10, 1.14724430043e-12, 1.47536686644e-13, 7.85374301942e-14, 4.3777308845e-14, 2.25905340441e-13, 1.54752445125e-14, 1.03771624201e-14, 6.67666859706e-15, 7.70376211418e-15, 5.74896677301e-15, 1.84713025379e-15, 4.95929743804e-15, 4.35501820424e-15, 3.33688934503e-14, 4.61413879652e-14, 3.40877228788e-14, 1.39130057437e-14, 2.3046973672e-14, 2.72507629526e-13, 3.18914084594e-13, 1.68591418495e-13],
        "dvar2": [5.31116173264e-09, 1.40803213533e-09, 1.96705460809e-08, 5.63795765629e-08, 1.13482926167e-07, 1.48740326722e-07, 2.7591070193e-06, 3.29515864905e-06, 6.07235284278e-09, 1.27523613891e-09, 3.23615911846e-10, 1.75123715529e-09, 2.20622631275e-09, 2.65135108313e-10, 1.6263624128e-11, 1.52666726483e-10, 4.8315583305e-12, 4.71403840442e-13, 7.56260942758e-10, 3.06495735909e-12, 2.82501317261e-13, 1.45896451387e-13, 1.24399202419e-13, 6.52400984798e-13, 3.44573375638e-14, 2.45289933384e-14, 1.96746729287e-14, 1.9716558708e-14, 1.15294101374e-14, 4.29439944434e-15, 1.39310373811e-14, 1.10615286191e-14, 9.49418359686e-14, 1.35812883292e-13, 9.62608288978e-14, 4.14990104455e-14, 6.70367285445e-14, 7.9168475161e-13, 8.87563785489e-13, 4.34820717843e-13],
        "max": [0.000518936722074, 0.000136891016155, 0.000839069718495, 0.00137226982042, 0.00177342654206, 0.00223090662621, 0.0143421906978, 0.0138688348234, 0.000638288678601, 0.000248198979534, 9.44460334722e-05, 0.000424887606641, 0.000329270464135, 0.000106175641122, 2.83112458419e-05, 8.53455494507e-05, 1.27166276798e-05, 4.56041379948e-06, 0.000188200268894, 1.22978053696e-05, 3.94433345718e-06, 2.8803076475e-06, 1.97634403776e-06, 4.48789705843e-06, 1.3639091776e-06, 1.18591674436e-06, 7.62537524679e-07, 8.7794734327e-07, 7.29505586605e-07, 4.10017861441e-07, 6.5868459842e-07, 6.26735811693e-07, 1.43845375078e-06, 1.70378393705e-06, 1.70976818481e-06, 1.08586584702e-06, 1.44040063788e-06, 4.75917204312e-06, 5.4268743952e-06, 4.11887822338e-06],
        "mean": [6.74323528074e-05, 3.11716939905e-05, 1.70107014128e-05, 2.03526360565e-05, 7.98402907094e-05, 8.54756290209e-05, 0.00350632728077, 0.00265726121143, 1.35225882332e-05, 5.6033236433e-06, 2.76202877103e-06, 2.70981417998e-05, 1.69949580595e-05, 1.73712305696e-06, 6.7706343998e-07, 5.42675252291e-06, 4.53013171864e-07, 2.30585555983e-07, 4.85589089294e-06, 3.07665345645e-07, 1.20971776596e-07, 9.40374533798e-08, 3.84821881028e-08, 6.0900617882e-08, 4.17468299929e-08, 3.52212552457e-08, 2.34986394787e-08, 2.38197017666e-08, 2.47815901133e-08, 1.57918034205e-08, 1.39188349735e-08, 1.38686164775e-08, 2.31449259758e-08, 2.4159623635e-08, 2.05729531189e-08, 1.31383206536e-08, 1.67093752168e-08, 4.33884252971e-08, 5.34700603794e-08, 4.37377671858e-08],
        "median": [2.55578106589e-05, 2.28805383813e-05, 4.86215913043e-06, 3.09133724841e-06, 1.7845839011e-06, 1.14928025141e-06, 0.00274871336296, 0.00195141800214, 4.64139986889e-07, 2.65708905545e-07, 1.68975262227e-07, 8.39698805066e-06, 3.98393422074e-06, 7.51570397028e-08, 6.42750421775e-08, 1.1698382707e-07, 6.51775877714e-08, 3.63434793371e-08, 3.69307215919e-08, 2.26590497476e-08, 1.78488459568e-08, 1.22930776669e-08, 1.18537499816e-08, 1.06860573723e-08, 1.35313635852e-08, 1.28143584632e-08, 1.18358087775e-08, 1.18285052864e-08, 1.00169801343e-08, 7.18326287341e-09, 5.44833200777e-09, 5.05055597344e-09, 3.95533028552e-09, 4.3975663111e-09, 4.32412550211e-09, 4.0405137014e-09, 3.90606480494e-09, 3.85147957971e-09, 3.74621800248e-09, 3.4047606956e-09],
        "min": [7.53188544422e-07, 8.60375450884e-07, 1.64539329717e-07, 1.75035509642e-07, 6.87346499717e-08, 6.89205421622e-08, 8.22911317755e-07, 1.09684206109e-05, 7.31897529249e-08, 1.58502917458e-08, 3.11099910277e-08, 3.35178391708e-08, 4.35008153943e-08, 8.51111536804e-09, 8.08310129941e-09, 1.10337854409e-08, 7.14138126412e-09, 3.56829343851e-09, 3.56684348723e-09, 2.33145525108e-09, 1.97842675576e-09, 1.92786786535e-09, 1.54193080526e-09, 1.33016486714e-09, 1.63497515526e-09, 1.52812429377e-09, 1.51028478612e-09, 1.06657127574e-09, 7.67942209823e-10, 8.11054001737e-10, 5.47244416449e-10, 6.24435392282e-10, 5.21466814174e-10, 5.21538812137e-10, 4.06047723223e-10, 3.0801991513e-10, 3.31000782339e-10, 3.9940786789e-10, 3.78910347543e-10, 2.32096883379e-10],
        "var": [1.07782947012e-08, 9.31796417802e-10, 5.24042009786e-09, 1.40420421957e-08, 5.60943931305e-08, 7.67629160237e-08, 4.92277013109e-06, 3.52770302925e-06, 4.11728828809e-09, 5.23784737805e-10, 1.3804551946e-10, 3.60417806711e-09, 1.83232706785e-09, 9.55416440407e-11, 8.01392112393e-12, 2.24426435769e-10, 1.92557753596e-12, 4.61689714237e-13, 3.66537022956e-10, 1.50702627461e-12, 2.11027362577e-13, 1.27469175081e-13, 2.79611166306e-14, 1.37545912702e-13, 2.03495938633e-14, 1.31268219493e-14, 4.67548083786e-15, 6.11575745016e-15, 6.52041134709e-15, 2.04854981821e-15, 3.30688523575e-15, 3.40363439778e-15, 1.98472253985e-14, 2.51340831828e-14, 2.06992236529e-14, 7.85207334808e-15, 1.40698093299e-14, 1.5246552393e-13, 2.04624322044e-13, 1.25727011267e-13]
    },
    "mfcc": {
        "mean": [-884.81829834, 168.949386597, 42.5392341614, 3.1252951622, -15.8892154694, -17.0359992981, -13.0574226379, -15.5713186264, -4.94953298569, 8.41395568848, 13.8269205093, 22.2579174042, 30.0996284485],
        "cov": [[2938.55786133, 45.2905654907, -388.017852783, -75.9223403931, 143.24319458, -165.287780762, -257.002441406, -236.364135742, -58.383190155, -125.135940552, -150.126831055, -236.296661377, -206.793609619], [45.2905654907, 402.90725708, -382.538452148, -328.534118652, -101.485740662, -46.1924514771, -19.5094280243, -56.5083122253, -23.7695808411, -23.7433700562, -88.6087799072, -95.9484710693, -35.0057601929], [-388.017852783, -382.538452148, 966.291015625, 683.885131836, 104.51133728, 22.0866355896, 79.7135848999, 86.9772644043, -58.8748130798, -52.2435531616, 48.9433135986, 101.904136658, 29.2074050903], [-75.9223403931, -328.534118652, 683.885131836, 699.489990234, 158.844665527, 2.10692858696, -9.4343996048, 15.5861167908, -36.6725120544, -2.71917319298, 68.4807357788, 108.435562134, 18.4989566803], [143.24319458, -101.485740662, 104.51133728, 158.844665527, 118.182197571, 38.2368736267, -38.5011787415, -35.5371017456, 6.16762018204, 31.6665306091, 35.8214569092, 28.260137558, -1.20503795147], [-165.287780762, -46.1924514771, 22.0866355896, 2.10692858696, 38.2368736267, 71.9646759033, 19.9863605499, 13.0150384903, 24.9454021454, 33.0865821838, 31.1514511108, 28.9474811554, 16.4367599487], [-257.002441406, -19.5094280243, 79.7135848999, -9.4343996048, -38.5011787415, 19.9863605499, 104.373405457, 87.4259490967, 19.6150512695, -3.34099411964, 4.79062843323, 20.3808498383, 28.3151912689], [-236.364135742, -56.5083122253, 86.9772644043, 15.5861167908, -35.5371017456, 13.0150384903, 87.4259490967, 120.450752258, 49.850894928, 2.47338151932, 7.96033191681, 24.3719100952, 31.903924942], [-58.383190155, -23.7695808411, -58.8748130798, -36.6725120544, 6.16762018204, 24.9454021454, 19.6150512695, 49.850894928, 72.3206100464, 41.5198707581, 14.7424459457, 12.3176517487, 18.0632686615], [-125.135940552, -23.7433700562, -52.2435531616, -2.71917319298, 31.6665306091, 33.0865821838, -3.34099411964, 2.47338151932, 41.5198707581, 74.7312393188, 45.235534668, 29.7725200653, 20.2885627747], [-150.126831055, -88.6087799072, 48.9433135986, 68.4807357788, 35.8214569092, 31.1514511108, 4.79062843323, 7.96033191681, 14.7424459457, 45.235534668, 69.312789917, 56.7310752869, 29.0550689697], [-236.296661377, -95.9484710693, 101.904136658, 108.435562134, 28.260137558, 28.9474811554, 20.3808498383, 24.3719100952, 12.3176517487, 29.7725200653, 56.7310752869, 82.3135223389, 51.1296882629], [-206.793609619, -35.0057601929, 29.2074050903, 18.4989566803, -1.20503795147, 16.4367599487, 28.3151912689, 31.903924942, 18.0632686615, 20.2885627747, 29.0550689697, 51.1296882629, 65.7036056519]],
