{
"lowlevel": {
    "average_loudness": 0.99068403244,
    "barkbands_crest": {
        "dmean": 5.02031421661,
        "dmean2": 9.3928861618,
        "dvar": 11.3731241226,
        "dvar2": 36.9324378967,
        "max": 26.1377677917,
        "mean": 14.5901012421,
        "median": 13.5143051147,
        "min": 6.14104413986,
        "var": 21.1403560638
    },
    "barkbands_flatness_db": {
        "dmean": 0.0387113206089,
        "dmean2": 0.0703176185489,
        "dvar": 0.000771795341279,
        "dvar2": 0.00184993259609,
        "max": 0.30150821805,
        "mean": 0.129571735859,
        "median": 0.11727219075,
        "min": 0.0695954561234,
        "var": 0.00246552564204
    },
    "barkbands_kurtosis": {
        "dmean": 12.7115316391,
        "dmean2": 20.8826007843,
        "dvar": 267.040557861,
        "dvar2": 498.574645996,
        "max": 138.593200684,
        "mean": 17.8051376343,
        "median": 11.1645269394,
        "min": 2.38698196411,
        "var": 516.382263184
    },
    "barkbands_skewness": {
        "dmean": 1.29918253422,
        "dmean2": 2.3039727211,
        "dvar": 1.41772985458,
        "dvar2": 2.95745491982,
        "max": 10.3205022812,
        "mean": 3.66768598557,
        "median": 3.27871251106,
        "min": 1.8961660862,
        "var": 2.46917247772
    },
    "barkbands_spread": {
        "dmean": 11.5638084412,
        "dmean2": 21.7601013184,
        "dvar": 92.4774246216,
        "dvar2": 312.87991333,
        "max": 50.0491409302,
        "mean": 23.3542881012,
        "median": 23.1496238708,
        "min": 1.01698517799,
        "var": 132.42805481
    },
    "dissonance": {
        "dmean": 0.0204949881881,
        "dmean2": 0.0343072600663,
        "dvar": 0.00064353493508,
        "dvar2": 0.00145915441681,
        "max": 0.495982527733,
        "mean": 0.462004959583,
        "median": 0.476238369942,
        "min": 0.261097937822,
        "var": 0.00201307074167
    },
    "dynamic_complexity": 0.837216079235,
    "erbbands_crest": {
        "dmean": 1.91724002361,
        "dmean2": 3.25622606277,
        "dvar": 5.03433418274,
        "dvar2": 9.18573951721,
        "max": 27.2003269196,
        "mean": 6.47347736359,
        "median": 4.4089422226,
        "min": 2.33000016212,
        "var": 34.5029067993
    },
    "erbbands_flatness_db": {
        "dmean": 0.0135629912838,
        "dmean2": 0.0224189907312,
        "dvar": 0.000762283802032,
        "dvar2": 0.00114838057198,
        "max": 0.355586826801,
        "mean": 0.0744092985988,
        "median": 0.0459114164114,
        "min": 0.0293241683394,
        "var": 0.00628551840782
    },
    "erbbands_kurtosis": {
        "dmean": 2.89159178734,
        "dmean2": 4.10469770432,
        "dvar": 90.4564590454,
        "dvar2": 145.969558716,
        "max": 86.6052398682,
        "mean": 5.44606113434,
        "median": -0.700351953506,
        "min": -1.24432170391,
        "var": 347.875366211
    },
    "erbbands_skewness": {
        "dmean": 0.426936179399,
        "dmean2": 0.676613748074,
        "dvar": 0.524949967861,
        "dvar2": 0.742014586926,
        "max": 8.1975774765,
        "mean": 1.17599594593,
        "median": 0.572249114513,
        "min": 0.0941622182727,
        "var": 3.46966981888
    },
    "erbbands_spread": {
        "dmean": 7.86566400528,
        "dmean2": 14.0031356812,
        "dvar": 118.876182556,
        "dvar2": 263.335845947,
        "max": 96.3009109497,
        "mean": 64.611114502,
        "median": 70.3107376099,
        "min": 2.08710384369,
        "var": 542.154541016
    },
    "hfc": {
        "dmean": 4.89467382431,
        "dmean2": 7.90453147888,
        "dvar": 286.279022217,
        "dvar2": 656.874084473,
        "max": 96.7719268799,
        "mean": 6.6357960701,
        "median": 0.0890018716455,
        "min": 0.0281250365078,
        "var": 421.839782715
    },
    "melbands_crest": {
        "dmean": 4.97368764877,
        "dmean2": 9.10008621216,
        "dvar": 12.8248510361,
        "dvar2": 39.5179290771,
        "max": 29.1277732849,
        "mean": 19.1290874481,
        "median": 18.6331672668,
        "min": 8.97775363922,
        "var": 21.8431243896
    },
    "melbands_flatness_db": {
        "dmean": 0.0435123369098,
        "dmean2": 0.0808035507798,
        "dvar": 0.000925910600927,
        "dvar2": 0.00263578165323,
        "max": 0.348508894444,
        "mean": 0.239746034145,
        "median": 0.233658358455,
        "min": 0.178901165724,
        "var": 0.00148904160596
    },
    "melbands_kurtosis": {
        "dmean": 35.2346572876,
        "dmean2": 64.5259017944,
        "dvar": 1220.68127441,
        "dvar2": 2848.16601562,
        "max": 212.031173706,
        "mean": 54.8378143311,
        "median": 42.9266395569,
        "min": 8.36915111542,
        "var": 1555.40588379
    },
    "melbands_skewness": {
        "dmean": 1.88698554039,
        "dmean2": 3.41051650047,
        "dvar": 2.83191537857,
        "dvar2": 6.41620492935,
        "max": 10.0886650085,
        "mean": 5.40287494659,
        "median": 5.18721199036,
        "min": -0.224504828453,
        "var": 3.49164938927
    },
    "melbands_spread": {
        "dmean": 3.90621995926,
        "dmean2": 7.23278808594,
        "dvar": 8.12095546722,
        "dvar2": 28.8819580078,
        "max": 15.5300951004,
        "mean": 7.61713790894,
        "median": 7.60305309296,
        "min": 1.04288101196,
        "var": 11.5712089539
    },
    "pitch_salience": {
        "dmean": 0.155135408044,
        "dmean2": 0.291309982538,
        "dvar": 0.0149527583271,
        "dvar2": 0.037963245064,
        "max": 0.795135855675,
        "mean": 0.513492107391,
        "median": 0.513120472431,
        "min": 0.181286692619,
        "var": 0.0178500879556
    },
    "silence_rate_20dB": {
        "dmean": 0,
        "dmean2": 0,
        "dvar": 0,
        "dvar2": 0,
        "max": 1,
        "mean": 1,
        "median": 1,
        "min": 1,
        "var": 0
    },
    "silence_rate_30dB": {
        "dmean": 0,
        "dmean2": 0,
        "dvar": 0,
        "dvar2": 0,
        "max": 1,
        "mean": 1,
        "median": 1,
        "min": 1,
        "var": 0
    },
    "silence_rate_60dB": {
        "dmean": 0.0166666675359,
        "dmean2": 0.0338983051479,
        "dvar": 0.0163888875395,
        "dvar2": 0.032749209553,
        "max": 1,
        "mean": 0.885245919228,
        "median": 1,
        "min": 0,
        "var": 0.10158560425
    },
    "spectral_centroid": {
        "dmean": 214.553115845,
        "dmean2": 392.663604736,
        "dvar": 33446.765625,
        "dvar2": 116562.070312,
        "max": 1609.91918945,
        "mean": 1024.81652832,
        "median": 986.863647461,
        "min": 520.440002441,
        "var": 50588.2578125
    },
    "spectral_complexity": {
        "dmean": 0.949999988079,
        "dmean2": 1.55932199955,
        "dvar": 7.78083372116,
        "dvar2": 13.5685148239,
        "max": 18,
        "mean": 1.60655736923,
        "median": 0,
        "min": 0,
        "var": 20.1074962616
    },
    "spectral_decrease": {
        "dmean": 1.12609022107e-09,
        "dmean2": 1.80924919491e-09,
        "dvar": 1.48852838677e-17,
        "dvar2": 3.04914788004e-17,
        "max": -3.916188554e-12,
        "mean": -1.59995028337e-09,
        "median": -2.88157917666e-11,
        "min": -2.26781242674e-08,
        "var": 2.42420200847e-17
    },
    "spectral_energy": {
        "dmean": 0.00469381222501,
        "dmean2": 0.00749621959403,
        "dvar": 0.000256891507888,
        "dvar2": 0.000531364697963,
        "max": 0.0928152427077,
        "mean": 0.00664046127349,
        "median": 0.000116615068691,
        "min": 1.73316475411e-05,
        "var": 0.000416665134253
    },
    "spectral_energyband_high": {
        "dmean": 9.14522897801e-05,
        "dmean2": 0.000163011922268,
        "dvar": 1.6150339377e-07,
        "dvar2": 4.46026888312e-07,
        "max": 0.00269245239906,
        "mean": 0.000103802041849,
        "median": 3.92281617678e-06,
        "min": 1.56828230047e-06,
        "var": 1.51616930566e-07
    },
    "spectral_energyband_low": {
        "dmean": 7.41295807529e-05,
        "dmean2": 0.000136118076625,
        "dvar": 6.45803099886e-09,
        "dvar2": 1.67245772786e-08,
        "max": 0.000432485074271,
        "mean": 8.9773478976e-05,
        "median": 6.51371301501e-05,
        "min": 8.13713268144e-06,
        "var": 6.18353190873e-09
    },
    "spectral_energyband_middle_high": {
        "dmean": 0.00430766027421,
        "dmean2": 0.00695183966309,
        "dvar": 0.000230000267038,
        "dvar2": 0.000462208379759,
        "max": 0.0907209143043,
        "mean": 0.00614983681589,
        "median": 3.77647779715e-06,
        "min": 8.01751866675e-07,
        "var": 0.000375048461137
    },
    "spectral_energyband_middle_low": {
        "dmean": 0.00107739341911,
        "dmean2": 0.00177145004272,
        "dvar": 1.0975872101e-05,
        "dvar2": 2.74801295745e-05,
        "max": 0.0177049972117,
        "mean": 0.00113395508379,
        "median": 2.41056168306e-05,
        "min": 4.47764205092e-06,
        "var": 1.33743660626e-05
    },
    "spectral_entropy": {
        "dmean": 0.191073834896,
        "dmean2": 0.299183905125,
        "dvar": 0.0639110729098,
        "dvar2": 0.0727968141437,
        "max": 8.27238845825,
        "mean": 7.86988067627,
        "median": 8.04476642609,
        "min": 5.857234478,
        "var": 0.277187138796
    },
    "spectral_flux": {
        "dmean": 0.0144963245839,
        "dmean2": 0.0249913409352,
        "dvar": 0.00206989375874,
        "dvar2": 0.00481020240113,
        "max": 0.269754379988,
        "mean": 0.025071464479,
        "median": 0.00680257799104,
        "min": 0.00379932299256,
        "var": 0.00321324588731
    },
    "spectral_kurtosis": {
        "dmean": 0.770975291729,
        "dmean2": 1.00533676147,
        "dvar": 1.93386924267,
        "dvar2": 3.328789711,
        "max": 15.1770572662,
        "mean": 5.0220541954,
        "median": 4.31703615189,
        "min": 3.51502656937,
        "var": 5.95089387894
    },
    "spectral_rms": {
        "dmean": 0.00047890789574,
        "dmean2": 0.000800159235951,
        "dvar": 2.20305719267e-06,
        "dvar2": 4.17381534135e-06,
        "max": 0.00951585266739,
        "mean": 0.00110076507553,
        "median": 0.000337299279636,
        "min": 0.00013003431377,
        "var": 5.26681424162e-06
    },
    "spectral_rolloff": {
        "dmean": 283.161621094,
        "dmean2": 532.855529785,
        "dvar": 116828.914062,
        "dvar2": 399967.75,
        "max": 1765.72265625,
        "mean": 475.848480225,
        "median": 387.59765625,
        "min": 107.666015625,
        "var": 103783.5625
    },
    "spectral_skewness": {
        "dmean": 0.129922583699,
        "dmean2": 0.183036088943,
        "dvar": 0.0355760492384,
        "dvar2": 0.0644155815244,
        "max": 3.62127113342,
        "mean": 1.86005151272,
        "median": 1.71323251724,
        "min": 1.52267515659,
        "var": 0.196047604084
    },
    "spectral_spread": {
        "dmean": 642934,
        "dmean2": 735192.5625,
        "dvar": 2.12656285286e+12,
        "dvar2": 1.3099443159e+12,
        "max": 18601550,
        "mean": 7872999.5,
        "median": 7941744,
        "min": 2941157.25,
        "var": 3.11176173978e+12
    },
    "spectral_strongpeak": {
        "dmean": 0.411570101976,
        "dmean2": 0.639740467072,
        "dvar": 1.801440835,
        "dvar2": 4.47712993622,
        "max": 6.94890785217,
        "mean": 0.477602541447,
        "median": 0.0154168326408,
        "min": 0.00314661650918,
        "var": 2.37871456146
    },
    "zerocrossingrate": {
        "dmean": 0.0228190105408,
        "dmean2": 0.0334431268275,
        "dvar": 0.00030700257048,
        "dvar2": 0.000588711060118,
        "max": 0.17041015625,
        "mean": 0.0983766615391,
        "median": 0.0947265625,
        "min": 0.00927734375,
        "var": 0.00103506178129
    },
    "barkbands": {
        "dmean": [4.06433264288e-06, 5.44767972315e-05, 2.06396616704e-05, 2.32095735555e-05, 7.27372753317e-05, 5.90828021814e-05, 1.52909015014e-05, 1.11332492452e-05, 2.72696433967e-05, 0.0042407498695, 0.000794761697762, 0.000291256495984, 8.52701195981e-05, 3.9533864765e-05, 8.5711135398e-06, 2.42142778006e-06, 1.84969042039e-06, 2.06148911275e-06, 6.9186789915e-06, 1.03258489617e-05, 4.11652899857e-06, 2.90406705972e-06, 6.61549393044e-06, 2.38578218159e-06, 1.26581853692e-05, 5.49278556718e-05, 5.28542295797e-06],
        "dmean2": [7.69809503254e-06, 0.000101955491118, 3.54531694029e-05, 4.26254227932e-05, 0.000126086422824, 0.000113698937639, 2.44010770984e-05, 1.74367560248e-05, 5.11798389198e-05, 0.00670348946005, 0.001582708559, 0.000586485897657, 0.000159827803145, 7.13248518878e-05, 1.62971373356e-05, 4.70462418889e-06, 3.16843193104e-06, 4.01205488743e-06, 1.21840057545e-05, 1.80697406904e-05, 6.22192419542e-06, 5.66720291317e-06, 1.00659754025e-05, 3.74010937776e-06, 1.7862441382e-05, 0.000100922028651, 1.02011263152e-05],
        "dvar": [1.12758968829e-11, 2.77123524128e-09, 9.83134573751e-10, 8.2215656505e-09, 8.78793287029e-08, 7.4078485568e-08, 3.76843489747e-09, 1.58135682327e-09, 1.35734010698e-08, 0.000205248041311, 7.95881715021e-06, 2.04303546525e-06, 1.73648928126e-07, 3.03747320629e-08, 1.78197423484e-09, 9.4430248343e-11, 4.23983279041e-11, 9.65384439056e-11, 6.57496335155e-10, 1.48452450333e-09, 2.05242337015e-10, 1.47775666703e-10, 4.88667162291e-10, 9.66331251129e-11, 2.71009237274e-09, 6.90718167107e-08, 6.78131439891e-10],
        "dvar2": [3.52340066845e-11, 8.55152570978e-09, 2.14239470608e-09, 2.36223467454e-08, 2.45625500384e-07, 2.19502581444e-07, 9.33118204927e-09, 3.36975758408e-09, 3.13415817743e-08, 0.00044059677748, 2.5632993129e-05, 6.23658206678e-06, 5.07838365138e-07, 8.68125269449e-08, 5.32589439217e-09, 3.02608077485e-10, 1.17775261765e-10, 2.86219603574e-10, 1.80417092377e-09, 3.08932723847e-09, 5.18993903409e-10, 4.60266769142e-10, 9.31856258823e-10, 1.95544580528e-10, 5.50762191409e-09, 2.01488759899e-07, 2.00134819828e-09],
        "max": [1.6434225472e-05, 0.0002872046025, 0.000198252266273, 0.000552037847228, 0.00190162507351, 0.00164225406479, 0.000420932541601, 0.000289826479275, 0.000790508289356, 0.0898506715894, 0.0165993645787, 0.00826581008732, 0.00255670002662, 0.00109537446406, 0.000255372549873, 5.70965275983e-05, 3.98161646444e-05, 5.76748680032e-05, 0.000154738649144, 0.000235454033827, 9.46855434449e-05, 7.1778675192e-05, 0.000137073264341, 7.04392077751e-05, 0.000375104282284, 0.00164714443963, 0.000152838867507],
        "mean": [4.09525728173e-06, 5.84037588851e-05, 2.10266171052e-05, 1.73078005901e-05, 5.63204157515e-05, 4.44883953605e-05, 1.73730932147e-05, 1.51685953824e-05, 5.64941110497e-05, 0.0053219483234, 0.000619154830929, 0.000177963433089, 6.55693584122e-05, 3.81501486117e-05, 7.21618653188e-06, 1.99809119295e-06, 2.59465787167e-06, 1.47650780491e-06, 8.0017680375e-06, 1.36689677674e-05, 5.301123565e-06, 2.43332442551e-06, 9.42659335124e-06, 4.5345068429e-06, 2.04096559173e-05, 4.48426981166e-05, 4.46373542218e-06],
        "median": [3.0775754567e-06, 4.03793710575e-05, 1.21618595585e-05, 5.0625080803e-06, 7.22696131561e-06, 6.10186543781e-06, 2.07407242669e-06, 1.37359904784e-06, 5.36142863439e-07, 6.0374890154e-07, 3.86300769151e-07, 3.79281146934e-07, 4.42329337602e-07, 4.02132883437e-07, 3.80071071504e-07, 2.56299756529e-07, 1.8220096365e-07, 2.18026187326e-07, 3.78794680955e-07, 4.75962195878e-07, 3.39084465395e-07, 2.6565496114e-07, 2.78454109548e-07, 3.16872842632e-07, 3.6306050788e-07, 5.88525040257e-07, 1.76916955752e-06],
        "min": [7.57764340165e-08, 3.1593924632e-06, 6.73274257679e-07, 1.27470130451e-07, 9.04759758669e-07, 1.2109042018e-06, 4.15092046069e-07, 2.04659983183e-07, 5.84311052876e-08, 7.18006916145e-08, 8.79495871686e-08, 5.69887816937e-08, 7.20267507859e-08, 1.02739768693e-07, 7.36410896707e-08, 3.8254334811e-08, 5.78738585943e-08, 4.08270537378e-08, 1.12060902779e-07, 9.16907652027e-08, 1.07571288765e-07, 7.25007041069e-08, 9.57155350534e-08, 7.11329946057e-08, 1.32159200916e-07, 3.51878782112e-07, 4.90156253363e-07],
        "var": [1.46581826538e-11, 2.61172261595e-09, 1.02639430288e-09, 4.93974550153e-09, 6.2829016656e-08, 4.43133458816e-08, 3.67727470696e-09, 2.20691709352e-09, 2.8571585986e-08, 0.000305696536088, 6.20168975729e-06, 1.11527413083e-06, 1.10372383233e-07, 2.30579022542e-08, 1.10456610525e-09, 5.98563490439e-11, 5.78369088733e-11, 5.37040828474e-11, 6.72312039374e-10, 2.0240968901e-09, 2.74220812724e-10, 9.21546033927e-11, 8.95757634733e-10, 2.06374445311e-10, 5.20267962045e-09, 4.74138559525e-08, 3.69916763887e-10]
    },
    "erbbands": {
        "dmean": [0.00176034867764, 0.011514512822, 0.0214572604746, 0.049861241132, 0.18905043602, 0.199721187353, 0.471171408892, 0.417335480452, 0.21822039783, 0.27633702755, 0.435045033693, 3.3173596859, 117.331054688, 36.0175666809, 26.6302185059, 8.95665836334, 4.27846860886, 2.18719148636, 0.944815099239, 0.402516663074, 0.114184468985, 0.116670437157, 0.125940442085, 0.281910419464, 0.26231777668, 0.652140974998, 0.140052855015, 0.199570521712, 0.110766127706, 0.262772887945, 0.0969729423523, 0.0819368511438, 0.0647330582142, 0.163874715567, 0.10212148726, 0.181818649173, 0.0873784646392, 0.0277123805135, 0.00094562000595, 6.16712932242e-05],
        "dmean2": [0.00335538224317, 0.0215245522559, 0.0377093330026, 0.0890411064029, 0.369481027126, 0.330655246973, 0.853231906891, 0.798061072826, 0.353177040815, 0.444283366203, 0.713798522949, 5.48104906082, 186.910919189, 55.6438789368, 51.8929634094, 17.9809379578, 8.28756427765, 4.27746105194, 1.57443594933, 0.782485067844, 0.221843585372, 0.199914097786, 0.249314337969, 0.460839688778, 0.492255151272, 1.14636695385, 0.227902367711, 0.301175475121, 0.209419623017, 0.408465623856, 0.155201613903, 0.138254150748, 0.0789536610246, 0.193176537752, 0.178631678224, 0.350356191397, 0.164562433958, 0.0501246340573, 0.00179370446131, 0.000116675197205],
        "dvar": [1.90667321931e-06, 0.000178348462214, 0.000978724914603, 0.0297785568982, 0.63727504015, 0.640285134315, 4.43030118942, 3.23974442482, 0.663179218769, 1.15530920029, 1.97533631325, 117.501678467, 161152.296875, 24816.2421875, 11585.4902344, 1789.19140625, 442.912719727, 113.877632141, 14.1498537064, 3.77006196976, 0.24138431251, 0.159177437425, 0.3666895926, 0.919463574886, 1.25686573982, 6.06281614304, 0.250826686621, 0.487714707851, 0.173037469387, 0.71351647377, 0.123781107366, 0.0755685865879, 0.0516528859735, 0.300531208515, 0.186988934875, 0.859324216843, 0.171673133969, 0.0168509110808, 2.04530588235e-05, 7.63390914926e-08],
        "dvar2": [5.59381624043e-06, 0.000533898710273, 0.00225743162446, 0.0825173333287, 1.90650308132, 1.67391848564, 12.5834035873, 9.51534557343, 1.6595594883, 2.49015212059, 5.58912801743, 269.680084229, 352406.5, 45556.5273438, 36573.96875, 5498.62988281, 1310.50610352, 339.895324707, 37.5279197693, 11.4331951141, 0.743601977825, 0.449811935425, 1.0961984396, 2.21380019188, 3.61984229088, 12.4773340225, 0.577952861786, 1.23118638992, 0.532586455345, 1.44273948669, 0.278435021639, 0.19849948585, 0.0767395347357, 0.404364645481, 0.513197422028, 2.55263185501, 0.506167292595, 0.0481168180704, 6.0022182879e-05, 2.22019608032e-07],
        "max": [0.00685943057761, 0.0678002610803, 0.174142628908, 1.09533727169, 4.82312107086, 5.25971508026, 13.0910663605, 11.0825681686, 5.58864974976, 7.24974298477, 9.76805305481, 69.1391143799, 2451.32739258, 958.851989746, 648.592468262, 249.108215332, 128.969573975, 63.6266784668, 24.8076667786, 11.3882741928, 3.01189780235, 2.37850952148, 3.52714490891, 5.38113594055, 7.0475935936, 14.8203353882, 3.33917379379, 4.63860654831, 2.49386334419, 4.87569665909, 1.92263889313, 1.7698277235, 1.92830789089, 4.91622638702, 2.92850589752, 5.44974136353, 2.61882162094, 0.829747378826, 0.0275938827544, 0.00169973145239],
        "mean": [0.00204197899438, 0.0116526624188, 0.0236913878471, 0.0425573959947, 0.137917071581, 0.16330486536, 0.335529983044, 0.328122109175, 0.25546386838, 0.314843446016, 0.482007741928, 4.3095946312, 138.157012939, 76.1101379395, 21.1262702942, 6.0636382103, 3.35851478577, 1.78277957439, 1.04243791103, 0.304293423891, 0.111470945179, 0.155230656266, 0.0957700014114, 0.378605931997, 0.256431132555, 0.86712539196, 0.189409509301, 0.255504131317, 0.119558945298, 0.314366579056, 0.159673139453, 0.122435078025, 0.100011818111, 0.261553168297, 0.107506841421, 0.112838432193, 0.080646827817, 0.0234843883663, 0.000832849123981, 6.98295771144e-05],
        "median": [0.00137709674891, 0.00874363724142, 0.013281927444, 0.0191336851567, 0.0230340883136, 0.0238751322031, 0.0246080961078, 0.0469165593386, 0.0521605759859, 0.0221247896552, 0.0329729653895, 0.0129146594554, 0.0178281180561, 0.0151552725583, 0.0168322790414, 0.0143930437043, 0.0209832340479, 0.0211245156825, 0.0174017492682, 0.019709540531, 0.0124554466456, 0.0106158489361, 0.0128902662545, 0.0142177538946, 0.020530467853, 0.0221914369613, 0.0166320484132, 0.0103231528774, 0.0100060682744, 0.00892269797623, 0.00796079728752, 0.0065726917237, 0.00507439346984, 0.00375107815489, 0.00273624085821, 0.00184450717643, 0.00110594660509, 0.00060935219517, 0.000219347231905, 3.09570059471e-05],
        "min": [5.96434474573e-05, 0.000750064034946, 0.00175217608921, 0.00138394802343, 0.00285341497511, 0.0023680513259, 0.00360954110511, 0.00974761787802, 0.00926243606955, 0.00246035447344, 0.00452995439991, 0.00253099249676, 0.00248662615195, 0.00199920940213, 0.00382210640237, 0.00370601564646, 0.00299981795251, 0.00469010323286, 0.00419022515416, 0.00309051317163, 0.00254494370893, 0.00284684961662, 0.00285089248791, 0.00470222346485, 0.00534020364285, 0.00399517640471, 0.00382862263359, 0.0040780431591, 0.00268958322704, 0.00260040117428, 0.00259862211533, 0.00162113644183, 0.00124235113617, 0.000996736809611, 0.00116004107986, 0.00112081912812, 0.000619407859631, 0.00033231312409, 6.32102746749e-05, 7.79583569965e-06],
        "var": [2.86643239633e-06, 0.000134920352139, 0.000934840005357, 0.0197781380266, 0.384248584509, 0.50314617157, 2.87496161461, 2.0640771389, 0.645179033279, 1.2981017828, 2.31464552879, 186.651046753, 220839.53125, 52973.6835938, 8148.44042969, 1040.8013916, 283.034912109, 69.2906799316, 13.939950943, 2.15752577782, 0.166685163975, 0.210275158286, 0.202600970864, 1.36565423012, 0.928796827793, 8.26519012451, 0.338111907244, 0.660469174385, 0.149804458022, 1.11109483242, 0.217819854617, 0.140770077705, 0.118277430534, 0.838418066502, 0.183551728725, 0.482629150152, 0.126318261027, 0.0122913084924, 1.24761900224e-05, 4.64847751402e-08]
    },
    "gfcc": {
        "mean": [-236.147323608, 44.9233093262, -49.418586731, 11.3145389557, -35.7419166565, 4.53725767136, -17.405916214, 1.59277355671, -18.1685848236, 6.52062129974, -7.82412147522, -0.100563690066, -7.51025772095],
        "cov": [[6924.93701172, -597.080871582, -1946.5279541, -1898.20349121, -1374.34033203, 547.133361816, 268.273284912, 151.864532471, -1070.76330566, -493.948364258, -629.298522949, 85.7460174561, 102.503005981], [-597.080871582, 148.64012146, 210.035186768, 180.647628784, 134.997772217, -60.7193489075, -28.0164375305, -22.6155395508, 98.2984161377, 46.7246627808, 64.7508163452, -19.6020908356, -6.20137023926], [-1946.5279541, 210.035186768, 684.445251465, 599.673950195, 453.740783691, -165.693435669, -98.5862731934, -66.3691253662, 293.834686279, 165.624084473, 195.41494751, -34.0591163635, -32.9507293701], [-1898.20349121, 180.647628784, 599.673950195, 586.54083252, 430.202514648, -148.482421875, -82.8944015503, -50.484287262, 298.921600342, 148.906341553, 189.613693237, -28.183216095, -28.569108963], [-1374.34033203, 134.997772217, 453.740783691, 430.202514648, 353.529693604, -100.385635376, -68.8661422729, -45.658405304, 211.847671509, 117.883918762, 146.096679688, -17.3281650543, -24.1969738007], [547.133361816, -60.7193489075, -165.693435669, -148.482421875, -100.385635376, 79.8728942871, 44.653339386, 28.0729064941, -79.323135376, -39.6210670471, -49.9238853455, 10.7948732376, 12.0824689865], [268.273284912, -28.0164375305, -98.5862731934, -82.8944015503, -68.8661422729, 44.653339386, 47.3170166016, 31.5254917145, -32.1587600708, -26.4389686584, -31.492855072, 3.10688662529, 7.42307567596], [151.864532471, -22.6155395508, -66.3691253662, -50.484287262, -45.658405304, 28.0729064941, 31.5254917145, 38.1682510376, -8.22193431854, -13.5788002014, -18.5555229187, -0.97054708004, 3.60267591476], [-1070.76330566, 98.2984161377, 293.834686279, 298.921600342, 211.847671509, -79.323135376, -32.1587600708, -8.22193431854, 194.311325073, 84.6106338501, 102.510063171, -15.1923427582, -13.8849220276], [-493.948364258, 46.7246627808, 165.624084473, 148.906341553, 117.883918762, -39.6210670471, -26.4389686584, -13.5788002014, 84.6106338501, 62.3236083984, 63.7775039673, -4.29860162735, -8.45923995972], [-629.298522949, 64.7508163452, 195.41494751, 189.613693237, 146.096679688, -49.9238853455, -31.492855072, -18.5555229187, 102.510063171, 63.7775039673, 87.413482666, -0.0413722358644, -7.86052846909], [85.7460174561, -19.6020908356, -34.0591163635, -28.183216095, -17.3281650543, 10.7948732376, 3.10688662529, -0.97054708004, -15.1923427582, -4.29860162735, -0.0413722358644, 18.541387558, 7.67291402817], [102.503005981, -6.20137023926, -32.9507293701, -28.569108963, -24.1969738007, 12.0824689865, 7.42307567596, 3.60267591476, -13.8849220276, -8.45923995972, -7.86052846909, 7.67291402817, 24.9697265625]],
        "icov": [[0.00263005448505, -0.00140047830064, 0.00168065109756, 0.00180258881301, 0.00134604109917, -0.00472931889817, 0.00307726464234, -0.00225320411846, 0.00779075548053, -0.00375656317919, 0.00152174383402, 0.00138742150739, -0.000748789461795], [-0.00140047830064, 0.0182025507092, -0.00746539002284, 0.00876944512129, -0.00373559468426, 0.0073748412542, -0.0098221404478, 0.00926489476115, -0.010034641251, 0.0144217191264, -0.0163311567158, 0.0173880904913, -0.00633196393028], [0.00168065109756, -0.00746539002284, 0.0260670445859, -0.019848652184, -0.00557573093101, 0.00685908738524, -0.00277899391949, -0.000154630281031, 0.0163957905024, -0.026602037251, 0.0147563368082, 0.00077789981151, -0.000426805752795], [0.00180258881301, 0.00876944512129, -0.019848652184, 0.0540425851941, -0.0225793980062, 0.0033518972341, -0.00574741419405, 0.00513056013733, -0.0211707148701, 0.0292239058763, -0.0248245801777, 0.0170907173306, -0.00705459807068], [0.00134604109917, -0.00373559468426, -0.00557573093101, -0.0225793980062, 0.0428364723921, -0.026777535677, 0.019307570532, 0.00366910244338, 0.00304595544003, -0.00748465489596, -0.00261113443412, -0.00487309647724, 0.00838692486286], [-0.00472931889817, 0.0073748412542, 0.00685908738524, 0.0033518972341, -0.026777535677, 0.0721095651388, -0.049713935703, -0.0034063574858, 0.00488326605409, -0.00549340806901, 0.00274436525069, -0.0054273949936, -0.00805249623954], [0.00307726464234, -0.0098221404478, -0.00277899391949, -0.00574741419405, 0.019307570532, -0.049713935703, 0.0958786606789, -0.0441244728863, -0.000443211116362, 0.0097219767049, 0.00633293157443, -0.00926375389099, 0.00320156500675], [-0.00225320411846, 0.00926489476115, -0.000154630281031, 0.00513056013733, 0.00366910244338, -0.0034063574858, -0.0441244728863, 0.0817751437426, -0.0291234403849, 0.00327344238758, -0.00878822058439, 0.0220614615828, -0.000892187294085], [0.00779075548053, -0.010034641251, 0.0163957905024, -0.0211707148701, 0.00304595544003, 0.00488326605409, -0.000443211116362, -0.0291234403849, 0.0686747357249, -0.0378735549748, 0.0109833683819, -0.00143998814747, -0.00288030202501], [-0.00375656317919, 0.0144217191264, -0.026602037251, 0.0292239058763, -0.00748465489596, -0.00549340806901, 0.0097219767049, 0.00327344238758, -0.0378735549748, 0.109358526766, -0.0634306371212, 0.0170314256102, 0.000163609904121], [0.00152174383402, -0.0163311567158, 0.0147563368082, -0.0248245801777, -0.00261113443412, 0.00274436525069, 0.00633293157443, -0.00878822058439, 0.0109833683819, -0.0634306371212, 0.0956058502197, -0.0484190657735, 0.00588809605688], [0.00138742150739, 0.0173880904913, 0.00077789981151, 0.0170907173306, -0.00487309647724, -0.0054273949936, -0.00926375389099, 0.0220614615828, -0.00143998814747, 0.0170314256102, -0.0484190657735, 0.108416356146, -0.0269097313285], [-0.000748789461795, -0.00633196393028, -0.000426805752795, -0.00705459807068, 0.00838692486286, -0.00805249623954, 0.00320156500675, -0.000892187294085, -0.00288030202501, 0.000163609904121, 0.00588809605688, -0.0269097313285, 0.0526922494173]]
    },
    "melbands": {
        "dmean": [1.55175093823e-05, 1.16737646749e-05, 1.20634349514e-05, 1.50425412357e-05, 1.42550788951e-05, 9.58963119047e-06, 3.22153732668e-06, 2.905821475e-06, 4.02844170821e-06, 5.39260508958e-06, 0.000639828213025, 0.000216077140067, 9.83466088655e-05, 4.04024831369e-05, 1.52907850861e-05, 6.50648553346e-06, 3.90366676584e-06, 1.87164675935e-06, 7.32213834453e-07, 2.54313988535e-07, 1.10936554165e-07, 1.20329488595e-07, 1.22681228731e-07, 1.03607966651e-07, 2.40173505972e-07, 2.9095005516e-07, 8.70277645504e-08, 5.81638573749e-07, 5.29082768708e-08, 1.2906376412e-07, 8.56876667399e-08, 5.11665909642e-08, 7.46950448161e-08, 2.01096156616e-07, 3.76310715922e-08, 6.56903509366e-08, 5.15962348402e-08, 2.81143215375e-08, 1.10410233845e-07, 1.29945192384e-07],
        "dmean2": [2.91703418043e-05, 2.18601235247e-05, 2.18929908442e-05, 2.71578610409e-05, 2.49754721153e-05, 1.85135995707e-05, 5.28267582922e-06, 4.9705759011e-06, 7.14164298188e-06, 9.79363721854e-06, 0.00102085247636, 0.000344544212567, 0.000196081629838, 8.07623291621e-05, 3.07213813358e-05, 1.24799335026e-05, 7.43545388104e-06, 2.95380596071e-06, 1.43784961892e-06, 5.02398108893e-07, 2.15845261664e-07, 1.88131991763e-07, 2.46243047286e-07, 2.0022433489e-07, 3.79758631652e-07, 5.5174263025e-07, 1.60823162787e-07, 1.04755099528e-06, 8.92269937935e-08, 1.81325006565e-07, 1.3469562532e-07, 9.61990522796e-08, 1.48390824961e-07, 2.95612352375e-07, 6.02649947723e-08, 1.20783312241e-07, 8.31499988863e-08, 4.11700717962e-08, 1.34142979391e-07, 1.47793386418e-07],
        "dvar": [1.7154529186e-10, 2.47998982461e-10, 2.16244533391e-09, 3.94313248719e-09, 3.82705245272e-09, 1.79992742932e-09, 1.58978566422e-10, 1.21657212082e-10, 2.0082174812e-10, 4.34017766171e-10, 4.73535237688e-06, 7.09545304289e-07, 1.37933412248e-07, 3.73440691703e-08, 5.50770096197e-09, 1.00174957218e-09, 3.41343869836e-10, 4.9373293648e-11, 1.31735143627e-11, 1.2460143594e-12, 2.21398542403e-13, 1.36323163044e-13, 3.50663318912e-13, 2.42619346922e-13, 6.44119957025e-13, 1.52440668595e-12, 1.40322080127e-13, 4.99730552078e-12, 3.37725520835e-14, 1.79920043707e-13, 9.7217637315e-14, 3.05214770016e-14, 1.20148357409e-13, 4.83856173444e-13, 1.88937797021e-14, 7.08879569628e-14, 2.85621034473e-14, 1.21134215668e-14, 1.34974049624e-13, 1.91267398512e-13],
        "dvar2": [5.38533939665e-10, 5.96208526993e-10, 6.19874196417e-09, 1.14440457111e-08, 1.05275219653e-08, 5.31778932e-09, 3.96374433276e-10, 2.42122488725e-10, 5.9730198565e-10, 1.11453191121e-09, 1.04619630292e-05, 1.2854175111e-06, 4.40163773874e-07, 1.14867177103e-07, 1.65439946187e-08, 2.97685476269e-09, 1.0117828797e-09, 1.22466994879e-10, 3.9565968557e-11, 3.91707976818e-12, 6.70840011145e-13, 3.06590880071e-13, 1.05991658592e-12, 7.17524021969e-13, 1.42627847467e-12, 4.4532966724e-12, 4.11726452628e-13, 1.00533010736e-11, 8.83859432583e-14, 4.19312804964e-13, 2.56557416371e-13, 9.51342818542e-14, 3.68846717492e-13, 8.19084112601e-13, 4.18911867001e-14, 1.99115179097e-13, 5.94654127372e-14, 1.94011981773e-14, 2.03406397086e-13, 2.44216891718e-13],
        "max": [7.15536225471e-05, 7.50896724639e-05, 0.000290478172246, 0.000391803390812, 0.000393602938857, 0.000258895917796, 8.6573221779e-05, 7.11452448741e-05, 9.3468457635e-05, 0.000145259400597, 0.0132360979915, 0.0053897537291, 0.00221218937077, 0.00112420192454, 0.000446553342044, 0.000192363455426, 0.00011128422193, 4.64924814878e-05, 2.14042647713e-05, 6.49047751722e-06, 2.92287791126e-06, 2.56643534158e-06, 3.36288735525e-06, 2.90747152576e-06, 4.83953726871e-06, 7.47021613279e-06, 2.35725929087e-06, 1.2982237422e-05, 1.22812446079e-06, 2.71155909104e-06, 2.07823927667e-06, 1.02069941477e-06, 2.01938883038e-06, 4.42117789134e-06, 7.71274528688e-07, 1.69152338003e-06, 1.41513703511e-06, 8.28239251405e-07, 3.30391435455e-06, 3.89784372601e-06],
        "mean": [1.71937663254e-05, 1.36254657264e-05, 1.01575551525e-05, 1.13446585601e-05, 1.06321531348e-05, 7.57016232455e-06, 3.8669127207e-06, 3.41051327268e-06, 3.68572000298e-06, 9.60819579632e-06, 0.000745892291889, 0.000390923785744, 7.54235807108e-05, 2.5936818929e-05, 1.06358174889e-05, 5.19179184266e-06, 3.3183468986e-06, 2.209052127e-06, 5.54032283162e-07, 2.01340228045e-07, 1.09428192729e-07, 1.88633450193e-07, 8.1858637202e-08, 7.39508365655e-08, 3.41674393667e-07, 2.70152668236e-07, 8.42364045184e-08, 7.9451297097e-07, 5.57470798412e-08, 1.78197765877e-07, 1.03454368627e-07, 5.46100196175e-08, 5.34947126596e-08, 2.58785604501e-07, 6.40579216338e-08, 8.16713878748e-08, 8.60625064547e-08, 4.16466541253e-08, 1.66840933957e-07, 2.12227888596e-07],
        "median": [1.20309932754e-05, 1.02522008092e-05, 3.99680993723e-06, 1.73411115156e-06, 9.19032345337e-07, 1.13572809823e-06, 7.46963507936e-07, 2.45255023401e-07, 2.41329786377e-07, 8.01681778739e-08, 8.70807923548e-08, 6.75148683627e-08, 5.52579066948e-08, 4.36080398458e-08, 3.98713027039e-08, 4.72744865476e-08, 3.7578562484e-08, 2.59487134002e-08, 3.04092466763e-08, 1.93638136636e-08, 1.31777939671e-08, 1.10667928155e-08, 9.960976044e-09, 1.05219424285e-08, 1.06977626757e-08, 1.61712510049e-08, 1.4558170669e-08, 1.44303013982e-08, 1.17340333006e-08, 7.82885933859e-09, 5.39106626007e-09, 5.82542414307e-09, 4.74273598172e-09, 4.89484142108e-09, 4.71479477682e-09, 3.94296506556e-09, 4.04355215977e-09, 3.51301920887e-09, 3.32604366271e-09, 3.05405745138e-09],
        "min": [8.05819468042e-07, 1.50337177729e-06, 6.06844764661e-07, 2.62695408537e-07, 1.05090670388e-07, 2.34364094354e-07, 1.31814402948e-07, 2.26708181117e-08, 1.39100997387e-08, 1.12596261204e-08, 1.17264002952e-08, 7.56863371976e-09, 1.46459022687e-08, 8.0539255265e-09, 8.70010197218e-09, 5.18870768573e-09, 9.89806903107e-09, 7.50536077732e-09, 5.51289858208e-09, 2.94585378313e-09, 3.07176795111e-09, 2.88626234024e-09, 2.92049806561e-09, 1.95795868407e-09, 3.62778407315e-09, 4.22383683585e-09, 3.89976451132e-09, 2.16051820878e-09, 2.26177854223e-09, 2.83644130405e-09, 1.97003169333e-09, 1.4974528284e-09, 1.41977685164e-09, 1.17477683137e-09, 1.33163957639e-09, 1.37254585475e-09, 8.8142343424e-10, 8.52576897969e-10, 8.40230163224e-10, 8.36757829692e-10],
        "var": [2.00543345819e-10, 2.10538045331e-10, 1.38329026012e-09, 2.58218380011e-09, 2.66693689355e-09, 1.11477738152e-09, 1.5425333233e-10, 1.46662515466e-10, 1.73591627184e-10, 8.16053558061e-10, 6.42648819849e-06, 1.4295502524e-06, 1.00748600573e-07, 2.08782306999e-08, 3.35736904944e-09, 6.2920219035e-10, 2.17342352449e-10, 5.69537542128e-11, 7.58030097026e-12, 7.34077132847e-13, 1.5683370672e-13, 2.99977192609e-13, 1.82361368844e-13, 1.36596178704e-13, 1.11117918252e-12, 1.06452162623e-12, 9.756884428e-14, 6.95500991868e-12, 3.12162845757e-14, 3.00061895903e-13, 1.13338700404e-13, 2.81774556216e-14, 6.74732689968e-14, 8.44032851423e-13, 3.32285095977e-14, 7.11875830094e-14, 7.2678733691e-14, 2.14342856208e-14, 3.46608673837e-13, 5.46657283242e-13]
    },
    "mfcc": {
        "mean": [-912.152404785, 109.285041809, 33.6230201721, 22.1515483856, 6.89878082275, 10.381108284, 11.0943384171, -0.79777765274, -0.101556368172, 6.93847179413, -0.00884553231299, -0.783928930759, 4.03951787949],
        "cov": [[7553.14404297, -166.809555054, -1164.07580566, -2344.07397461, -1524.13110352, -386.087585449, 515.191833496, 218.87171936, -13.7533302307, -336.462615967, -596.69152832, -837.02923584, -408.09475708], [-166.809555054, 82.80078125, 50.4427108765, 72.75730896, 43.2822952271, 7.26245355606, -12.7365064621, -18.4650993347, -5.31449317932, 5.16404008865, 11.4713745117, 24.3993740082, 18.2552890778], [-1164.07580566, 50.4427108765, 240.379943848, 396.583984375, 255.155593872, 68.4792785645, -71.0605163574, -49.829460144, 1.27152705193, 52.1935043335, 92.3360443115, 135.956863403, 65.1025772095], [-2344.07397461, 72.75730896, 396.583984375, 799.649780273, 525.055541992, 136.639724731, -157.090087891, -86.4027862549, -10.2766580582, 100.442581177, 193.471755981, 271.691345215, 128.78678894], [-1524.13110352, 43.2822952271, 255.155593872, 525.055541992, 378.645599365, 105.349731445, -94.5082092285, -63.3610725403, -11.1182880402, 62.2874908447, 131.650131226, 184.583648682, 89.4502105713], [-386.087585449, 7.26245355606, 68.4792785645, 136.639724731, 105.349731445, 52.2922515869, -15.3731040955, -13.4207925797, -4.08611822128, 15.1330862045, 34.8281326294, 44.0125236511, 24.4570064545], [515.191833496, -12.7365064621, -71.0605163574, -157.090087891, -94.5082092285, -15.3731040955, 64.6528396606, 22.6763076782, 3.51000881195, -23.475484848, -38.7997665405, -52.6455039978, -25.3488769531], [218.87171936, -18.4650993347, -49.829460144, -86.4027862549, -63.3610725403, -13.4207925797, 22.6763076782, 43.4735794067, 16.8171310425, -1.28485167027, -14.3442668915, -30.3789768219, -18.2914333344], [-13.7533302307, -5.31449317932, 1.27152705193, -10.2766580582, -11.1182880402, -4.08611822128, 3.51000881195, 16.8171310425, 30.0999317169, 14.9176273346, 3.23326730728, -3.70754790306, -6.56598520279], [-336.462615967, 5.16404008865, 52.1935043335, 100.442581177, 62.2874908447, 15.1330862045, -23.475484848, -1.28485167027, 14.9176273346, 42.0157623291, 36.2793083191, 36.4093055725, 17.3937683105], [-596.69152832, 11.4713745117, 92.3360443115, 193.471755981, 131.650131226, 34.8281326294, -38.7997665405, -14.3442668915, 3.23326730728, 36.2793083191, 67.0544128418, 79.638671875, 37.0785331726], [-837.02923584, 24.3993740082, 135.956863403, 271.691345215, 184.583648682, 44.0125236511, -52.6455039978, -30.3789768219, -3.70754790306, 36.4093055725, 79.638671875, 124.306648254, 58.1256256104], [-408.09475708, 18.2552890778, 65.1025772095, 128.78678894, 89.4502105713, 24.4570064545, -25.3488769531, -18.2914333344, -6.56598520279, 17.3937683105, 37.0785331726, 58.1256256104, 45.2723236084]],
