{
"lowlevel": {
    "average_loudness": 0.950284063816,
    "barkbands_crest": {
        "dmean": 1.79958605766,
        "dmean2": 2.7691950798,
        "dvar": 4.39830827713,
        "dvar2": 11.1359109879,
        "max": 26.7454509735,
        "mean": 20.3735656738,
        "median": 21.9564743042,
        "min": 6.39974594116,
        "var": 21.007068634
    },
    "barkbands_flatness_db": {
        "dmean": 0.0232496652752,
        "dmean2": 0.0296588875353,
        "dvar": 0.000948662869632,
        "dvar2": 0.00168043829035,
        "max": 0.557502806187,
        "mean": 0.38853803277,
        "median": 0.391728192568,
        "min": 0.0973778069019,
        "var": 0.0130169447511
    },
    "barkbands_kurtosis": {
        "dmean": 19.0356369019,
        "dmean2": 32.5331268311,
        "dvar": 1063.87451172,
        "dvar2": 2987.87060547,
        "max": 369.421783447,
        "mean": 34.5910606384,
        "median": 19.1241607666,
        "min": -1.61535215378,
        "var": 2210.86425781
    },
    "barkbands_skewness": {
        "dmean": 1.18286240101,
        "dmean2": 1.98038101196,
        "dvar": 1.97072696686,
        "dvar2": 6.19553279877,
        "max": 9.87351131439,
        "mean": 0.165149122477,
        "median": -0.47478505969,
        "min": -7.98030567169,
        "var": 12.0926885605
    },
    "barkbands_spread": {
        "dmean": 1.0112156868,
        "dmean2": 1.51805222034,
        "dvar": 1.94647157192,
        "dvar2": 4.88048362732,
        "max": 15.3016252518,
        "mean": 2.7966439724,
        "median": 1.98327350616,
        "min": 0.087448194623,
        "var": 6.8391957283
    },
    "dissonance": {
        "dmean": 0.0529631152749,
        "dmean2": 0.091470271349,
        "dvar": 0.00192744052038,
        "dvar2": 0.00556306261569,
        "max": 0.493693143129,
        "mean": 0.235274016857,
        "median": 0.208679556847,
        "min": 0.0757386013865,
        "var": 0.0115347253159
    },
    "dynamic_complexity": 5.3947353363,
    "erbbands_crest": {
        "dmean": 1.26839411259,
        "dmean2": 1.94849395752,
        "dvar": 6.18323993683,
        "dvar2": 11.6508922577,
        "max": 33.8856811523,
        "mean": 28.2897167206,
        "median": 31.540851593,
        "min": 4.3266787529,
        "var": 66.7624816895
    },
    "erbbands_flatness_db": {
        "dmean": 0.0219116546214,
        "dmean2": 0.0260556675494,
        "dvar": 0.000933661940508,
        "dvar2": 0.00139032804873,
        "max": 0.562378823757,
        "mean": 0.394635379314,
        "median": 0.423589676619,
        "min": 0.0658627450466,
        "var": 0.0187056083232
    },
    "erbbands_kurtosis": {
        "dmean": 22.7600498199,
        "dmean2": 35.5845985413,
        "dvar": 656.537902832,
        "dvar2": 1588.71679688,
        "max": 334.045654297,
        "mean": 90.4947280884,
        "median": 71.8785858154,
        "min": -1.68180894852,
        "var": 6099.71142578
    },
    "erbbands_skewness": {
        "dmean": 1.33875882626,
        "dmean2": 2.13662695885,
        "dvar": 1.27670919895,
        "dvar2": 3.82171010971,
        "max": 12.2540416718,
        "mean": 3.70459365845,
        "median": 3.49008703232,
        "min": -2.21494698524,
        "var": 8.82690238953
    },
    "erbbands_spread": {
        "dmean": 1.58400917053,
        "dmean2": 1.98744499683,
        "dvar": 17.6118431091,
        "dvar2": 27.8707885742,
        "max": 69.7841644287,
        "mean": 5.66783666611,
        "median": 0.951103687286,
        "min": 0.222179040313,
        "var": 150.481536865
    },
    "hfc": {
        "dmean": 2.00395274162,
        "dmean2": 2.56141543388,
        "dvar": 8.54633045197,
        "dvar2": 17.9099159241,
        "max": 31.8938560486,
        "mean": 9.57201957703,
        "median": 7.18071174622,
        "min": 0.0119522856548,
        "var": 79.9979782104
    },
    "melbands_crest": {
        "dmean": 1.99713265896,
        "dmean2": 3.24307966232,
        "dvar": 6.02601861954,
        "dvar2": 13.4474687576,
        "max": 30.0305728912,
        "mean": 22.2756900787,
        "median": 21.969417572,
        "min": 9.65504932404,
        "var": 25.3807430267
    },
    "melbands_flatness_db": {
        "dmean": 0.0237877927721,
        "dmean2": 0.0307615492493,
        "dvar": 0.000995332025923,
        "dvar2": 0.00183129485231,
        "max": 0.679251611233,
        "mean": 0.503772377968,
        "median": 0.514532327652,
        "min": 0.203395158052,
        "var": 0.0128079038113
    },
    "melbands_kurtosis": {
        "dmean": 8.93399715424,
        "dmean2": 14.543926239,
        "dvar": 151.318344116,
        "dvar2": 330.920471191,
        "max": 173.902862549,
        "mean": 20.9131603241,
        "median": 9.50588989258,
        "min": -1.79959928989,
        "var": 760.810668945
    },
    "melbands_skewness": {
        "dmean": 0.925246298313,
        "dmean2": 1.4204788208,
        "dvar": 0.764231920242,
        "dvar2": 2.28936338425,
        "max": 9.48748779297,
        "mean": -0.201034814119,
        "median": -1.11914086342,
        "min": -4.75212097168,
        "var": 8.29403495789
    },
    "melbands_spread": {
        "dmean": 1.22309958935,
        "dmean2": 1.94842123985,
        "dvar": 1.43781244755,
        "dvar2": 3.38523983955,
        "max": 10.7240791321,
        "mean": 3.93651390076,
        "median": 3.32806873322,
        "min": 0.308713048697,
        "var": 8.33627128601
    },
    "pitch_salience": {
        "dmean": 0.0690069496632,
        "dmean2": 0.105321846902,
        "dvar": 0.00583209656179,
        "dvar2": 0.0134673798457,
        "max": 0.828290820122,
        "mean": 0.279182076454,
        "median": 0.262637019157,
        "min": 0.038193050772,
        "var": 0.0240210257471
    },
    "silence_rate_20dB": {
        "dmean": 0,
        "dmean2": 0,
        "dvar": 0,
        "dvar2": 0,
        "max": 1,
        "mean": 1,
        "median": 1,
        "min": 1,
        "var": 0
    },
    "silence_rate_30dB": {
        "dmean": 0,
        "dmean2": 0,
        "dvar": 0,
        "dvar2": 0,
        "max": 1,
        "mean": 1,
        "median": 1,
        "min": 1,
        "var": 0
    },
    "silence_rate_60dB": {
        "dmean": 0.0334928222001,
        "dmean2": 0.0673076957464,
        "dvar": 0.0323710925877,
        "dvar2": 0.0820081084967,
        "max": 1,
        "mean": 0.190476194024,
        "median": 0,
        "min": 0,
        "var": 0.154195338488
    },
    "spectral_centroid": {
        "dmean": 24.0398616791,
        "dmean2": 37.1557197571,
        "dvar": 2858.13476562,
        "dvar2": 6629.78417969,
        "max": 867.578918457,
        "mean": 491.325469971,
        "median": 487.191375732,
        "min": 263.450286865,
        "var": 4707.84179688
    },
    "spectral_complexity": {
        "dmean": 0.741626799107,
        "dmean2": 1.2596154213,
        "dvar": 0.890180945396,
        "dvar2": 1.5383682251,
        "max": 10,
        "mean": 2.57142853737,
        "median": 2,
        "min": 0,
        "var": 2.79728317261
    },
    "spectral_decrease": {
        "dmean": 1.01856456602e-09,
        "dmean2": 1.3429188872e-09,
        "dvar": 2.07986251861e-18,
        "dvar2": 4.30293688463e-18,
        "max": -6.81433902361e-12,
        "mean": -5.00740826581e-09,
        "median": -3.82960818612e-09,
        "min": -1.72801861709e-08,
        "var": 2.14731024673e-17
    },
    "spectral_energy": {
        "dmean": 0.00402425741777,
        "dmean2": 0.00529731996357,
        "dvar": 3.24832217302e-05,
        "dvar2": 6.72393216519e-05,
        "max": 0.0681117773056,
        "mean": 0.0197672359645,
        "median": 0.0151143502444,
        "min": 2.73065470537e-05,
        "var": 0.000334606447723
    },
    "spectral_energyband_high": {
        "dmean": 6.29008809483e-06,
        "dmean2": 1.13941050586e-05,
        "dvar": 1.3798677756e-09,
        "dvar2": 3.75151110177e-09,
        "max": 0.000369287939975,
        "mean": 5.6783214859e-06,
        "median": 1.10332962322e-06,
        "min": 5.17775191611e-08,
        "var": 9.37173894044e-10
    },
    "spectral_energyband_low": {
        "dmean": 0.000302381551592,
        "dmean2": 0.000518054817803,
        "dvar": 1.43099583738e-07,
        "dvar2": 4.23533350613e-07,
        "max": 0.0040011331439,
        "mean": 0.000786904536653,
        "median": 0.000425876060035,
        "min": 3.14632666232e-06,
        "var": 8.89635145995e-07
    },
    "spectral_energyband_middle_high": {
        "dmean": 0.000367113563698,
        "dmean2": 0.000503880321048,
        "dvar": 2.34610956795e-06,
        "dvar2": 4.6440686674e-06,
        "max": 0.0233223680407,
        "mean": 0.000585667556152,
        "median": 1.25954793475e-05,
        "min": 1.30303465085e-06,
        "var": 5.0055864449e-06
    },
    "spectral_energyband_middle_low": {
        "dmean": 0.00393499014899,
        "dmean2": 0.00521690072492,
        "dvar": 3.34111573466e-05,
        "dvar2": 6.52750677546e-05,
        "max": 0.0671175420284,
        "mean": 0.0184028111398,
        "median": 0.0132360830903,
        "min": 5.08036737301e-06,
        "var": 0.00032617492252
    },
    "spectral_entropy": {
        "dmean": 0.23693536222,
        "dmean2": 0.30876737833,
        "dvar": 0.121328137815,
        "dvar2": 0.182135730982,
        "max": 7.66697216034,
        "mean": 4.77351331711,
        "median": 4.53169155121,
        "min": 3.031270504,
        "var": 1.73662209511
    },
    "spectral_flux": {
        "dmean": 0.0123741645366,
        "dmean2": 0.0206723101437,
        "dvar": 0.000338429992553,
        "dvar2": 0.000804400420748,
        "max": 0.167707502842,
        "mean": 0.0256262589246,
        "median": 0.0181904956698,
        "min": 0.0055380538106,
        "var": 0.000558106868993
    },
    "spectral_kurtosis": {
        "dmean": 12.9573965073,
        "dmean2": 19.4670257568,
        "dvar": 374.078063965,
        "dvar2": 715.109802246,
        "max": 200.564025879,
        "mean": 56.8730621338,
        "median": 37.3005218506,
        "min": 4.09432792664,
        "var": 2576.84887695
    },
    "spectral_rms": {
        "dmean": 0.000436808826635,
        "dmean2": 0.000566600414459,
        "dvar": 3.35136832064e-07,
        "dvar2": 5.87707177147e-07,
        "max": 0.00815171841532,
        "mean": 0.00380982947536,
        "median": 0.0038399642799,
        "min": 0.00016321928706,
        "var": 4.77031198898e-06
    },
    "spectral_rolloff": {
        "dmean": 21.8422927856,
        "dmean2": 40.1677055359,
        "dvar": 5273.41503906,
        "dvar2": 11057.4677734,
        "max": 990.52734375,
        "mean": 488.291809082,
        "median": 495.263671875,
        "min": 107.666015625,
        "var": 17081.0039062
    },
    "spectral_skewness": {
        "dmean": 0.661697149277,
        "dmean2": 0.957041144371,
        "dvar": 0.746673166752,
        "dvar2": 1.37409281731,
        "max": 12.4012393951,
        "mean": 5.76108503342,
        "median": 5.01506614685,
        "min": 1.80077958107,
        "var": 7.53687381744
    },
    "spectral_spread": {
        "dmean": 536497.4375,
        "dmean2": 756415.75,
        "dvar": 2.3254335488e+12,
        "dvar2": 2.71512161485e+12,
        "max": 21771234,
        "mean": 2828566.5,
        "median": 2098698,
        "min": 548590.875,
        "var": 5.19402474701e+12
    },
    "spectral_strongpeak": {
        "dmean": 0.370088487864,
        "dmean2": 0.514818251133,
        "dvar": 0.254139959812,
        "dvar2": 0.573841691017,
        "max": 4.85545969009,
        "mean": 2.04950499535,
        "median": 2.11837792397,
        "min": 0.00328718451783,
        "var": 1.70266914368
    },
    "zerocrossingrate": {
        "dmean": 0.00233160145581,
        "dmean2": 0.00304471538402,
        "dvar": 3.29456306645e-05,
        "dvar2": 5.58421343158e-05,
        "max": 0.09716796875,
        "mean": 0.0252441409975,
        "median": 0.0224609375,
        "min": 0.01123046875,
        "var": 0.000103796228359
    },
    "barkbands": {
        "dmean": [1.39950780067e-05, 0.000255634600762, 7.34803761588e-05, 3.18363090628e-05, 9.46723012021e-05, 8.78887367435e-05, 0.00369562092237, 0.000349890557118, 1.05421122498e-05, 7.54632201279e-05, 0.000302689557429, 1.38854306897e-06, 4.39995392298e-06, 3.64156949217e-06, 2.07868833968e-06, 8.05632851097e-07, 1.81191421689e-06, 3.77954364694e-07, 2.09407403418e-06, 6.00191640387e-07, 6.69074665893e-07, 2.86893481416e-07, 5.40129292403e-07, 6.38358585547e-07, 1.46521915667e-06, 2.5842668947e-06, 2.84147716911e-07],
        "dmean2": [1.83260453923e-05, 0.000441860698629, 0.000130583051941, 5.43683272554e-05, 0.000161676303833, 0.000156572292326, 0.00487716682255, 0.00042061766726, 1.66219761013e-05, 0.000103563499579, 0.000409183849115, 2.18944705921e-06, 6.037032108e-06, 5.20004414284e-06, 2.81513871414e-06, 1.4080519577e-06, 2.65623884843e-06, 5.74402349685e-07, 2.63611491391e-06, 1.02274304936e-06, 1.0885194115e-06, 4.55628992313e-07, 8.53558901781e-07, 1.14290298825e-06, 2.75761135526e-06, 4.58902695755e-06, 5.24344386577e-07],
        "dvar": [4.73158845438e-10, 1.15661677569e-07, 8.15347878103e-09, 2.19926938883e-08, 2.64847670906e-07, 1.58117813953e-07, 2.95763366012e-05, 2.68058244046e-07, 1.53430523842e-09, 1.15016042912e-07, 1.65095138982e-06, 3.40836699142e-11, 8.03746028066e-11, 7.09532849141e-11, 2.32304297326e-11, 6.22390160243e-12, 8.51888976028e-11, 4.23093808252e-12, 1.65000096919e-10, 5.22143960013e-12, 1.07496416282e-11, 2.54362373178e-12, 8.06672176973e-12, 2.30674940954e-11, 1.12508162509e-10, 2.09418968278e-10, 2.2122648765e-12],
        "dvar2": [6.60728138868e-10, 3.52202675913e-07, 2.51386289563e-08, 5.9722552237e-08, 7.46504099425e-07, 4.44113425146e-07, 5.99662707828e-05, 4.17614245407e-07, 2.72625522157e-09, 2.85938654088e-07, 3.24690358866e-06, 6.23764859209e-11, 1.5612861004e-10, 1.51411744254e-10, 4.22698681612e-11, 1.61667172704e-11, 1.98703845045e-10, 6.69493410363e-12, 2.89666929332e-10, 1.17264375293e-11, 2.75377238373e-11, 5.3788267243e-12, 1.99977343712e-11, 6.52191356476e-11, 3.26244392612e-10, 5.74547909249e-10, 6.52804416426e-12],
        "max": [0.000518360291608, 0.00346544594504, 0.000717026880011, 0.00166960456409, 0.00551655795425, 0.00346737238578, 0.0668786615133, 0.00686131371185, 0.000560890766792, 0.00418746704236, 0.0190049614757, 6.01354076935e-05, 0.000112528636237, 7.81736671343e-05, 5.89889968978e-05, 3.07373629767e-05, 0.000154423265485, 2.61137411144e-05, 0.000187530356925, 1.9463694116e-05, 3.73703223886e-05, 1.87803943845e-05, 2.68096373475e-05, 5.28818891325e-05, 0.000110455453978, 0.000115081806143, 1.37441429615e-05],
        "mean": [6.91009699949e-05, 0.000622618710622, 8.28853953863e-05, 2.89740310109e-05, 8.66615882842e-05, 8.35194805404e-05, 0.0167699716985, 0.00141455931589, 1.55947200255e-05, 7.74216023274e-05, 0.000482142175315, 2.14463284465e-06, 8.58220391819e-06, 6.33609624856e-06, 3.67247594113e-06, 1.18645232305e-06, 3.02599687529e-06, 5.53162237793e-07, 2.13388648262e-06, 7.41397911952e-07, 6.6183463332e-07, 3.55591964762e-07, 4.91408513881e-07, 5.00502892464e-07, 1.08257211195e-06, 1.83440261026e-06, 4.67559857498e-07],
        "median": [1.15915845527e-05, 0.000237689935602, 4.6741355618e-05, 7.34001150704e-06, 1.97794906853e-05, 1.66998379427e-05, 0.00990461278707, 0.000679390504956, 1.94987865143e-06, 1.00165118511e-06, 5.91025900576e-06, 5.66625487863e-07, 7.39718188925e-07, 3.37353867508e-07, 3.84037548429e-07, 1.86531465829e-07, 1.60412724881e-07, 1.17076091044e-07, 1.28191828708e-07, 1.66793682865e-07, 1.37618997087e-07, 8.88356055384e-08, 8.06524269592e-08, 1.01115695372e-07, 1.11342181697e-07, 1.51801245352e-07, 3.1891869412e-07],
        "min": [1.68259735034e-08, 3.68492919733e-07, 2.93351206437e-07, 9.4382173188e-08, 3.30350474087e-07, 1.62693652328e-07, 4.86588305648e-07, 3.56283408109e-07, 8.48703365364e-08, 6.02432521646e-08, 1.24295652881e-07, 5.26891241748e-08, 1.03807906271e-07, 3.8636070343e-08, 4.42478764739e-08, 1.80157808671e-08, 1.90938216349e-08, 5.0931343587e-09, 1.40474991639e-08, 1.049303755e-08, 9.79032854787e-09, 4.53094806119e-09, 3.43230199817e-09, 3.53786266949e-09, 3.6172722595e-09, 2.66835420426e-09, 9.35940658309e-09],
        "var": [1.3687413869e-08, 6.54760299312e-07, 9.38931155048e-09, 1.5387415786e-08, 1.82106703051e-07, 1.11583624118e-07, 0.000305436726194, 2.85047099169e-06, 3.36662275835e-09, 1.79152763735e-07, 3.43368628819e-06, 5.02786388912e-11, 2.79668094239e-10, 1.90258225841e-10, 6.46570158525e-11, 1.21032038558e-11, 2.01448496773e-10, 6.91820342333e-12, 2.31733576772e-10, 6.28002554473e-12, 1.00985417945e-11, 2.7584167589e-12, 6.70868482294e-12, 1.38231925906e-11, 6.3805183359e-11, 1.36677891227e-10, 1.22780930388e-12]
    },
    "erbbands": {
        "dmean": [0.00918074976653, 0.0540757663548, 0.100179374218, 0.0808703675866, 0.23892635107, 0.299230694771, 0.54071110487, 0.857919573784, 14.1426496506, 75.1893157959, 4.91695070267, 0.369594305754, 0.537119150162, 11.7625083923, 4.32547998428, 0.148454412818, 0.14525398612, 0.272452741861, 0.032603316009, 0.12920498848, 0.0975874662399, 0.054582003504, 0.0242021419108, 0.033355936408, 0.112870119512, 0.0356024950743, 0.0400727204978, 0.0143949184567, 0.0117529537529, 0.00950939487666, 0.0144450506195, 0.00939818751067, 0.016025852412, 0.0076640243642, 0.0135111296549, 0.0120092043653, 0.00520196696743, 0.000654715579003, 6.67007625452e-05, 6.75896126268e-06],
        "dmean2": [0.0156342722476, 0.0948903113604, 0.178630381823, 0.13639369607, 0.42755907774, 0.522906720638, 0.944898724556, 1.43130803108, 18.56524086, 97.3642578125, 6.21199083328, 0.491433292627, 0.828076064587, 15.5688819885, 6.14363908768, 0.236323967576, 0.215555772185, 0.391608864069, 0.049585826695, 0.175925344229, 0.148928374052, 0.0871096923947, 0.0382138565183, 0.0484324619174, 0.143378511071, 0.0564953759313, 0.0655658692122, 0.0239250231534, 0.0198095422238, 0.0149201471359, 0.0228073783219, 0.0156069183722, 0.0297349523753, 0.0142211727798, 0.0252128522843, 0.0226358566433, 0.00899040792137, 0.00122855405789, 0.000122863333672, 9.71180088527e-06],
        "dvar": [0.000164949087775, 0.00556942401454, 0.0125668048859, 0.0797952190042, 1.94924271107, 2.40258908272, 7.48386049271, 9.19266796112, 468.935699463, 12320.8730469, 49.6882476807, 0.999737083912, 4.93628168106, 3161.91601562, 266.058349609, 0.256674140692, 0.100425839424, 0.412088006735, 0.00472504971549, 0.109234541655, 0.216396152973, 0.0491540767252, 0.0197614580393, 0.0316887460649, 0.476991862059, 0.0234675016254, 0.0408619232476, 0.00505628809333, 0.00469899130985, 0.00301743787713, 0.00586489681154, 0.00248840497807, 0.0178086627275, 0.00280648772605, 0.00832733884454, 0.0061902939342, 0.000891436240636, 1.52460424943e-05, 1.24007058844e-07, 2.07982214784e-10],
        "dvar2": [0.00049437826965, 0.0173490606248, 0.0402548089623, 0.218731403351, 5.64378261566, 6.569272995, 20.8194999695, 25.9600963593, 1015.72320557, 23280.8945312, 86.076675415, 2.17548322678, 12.3658208847, 6237.88574219, 498.061828613, 0.542367219925, 0.214822739363, 0.82427662611, 0.0102174421772, 0.19452804327, 0.501727163792, 0.121955476701, 0.0321075581014, 0.0522763952613, 0.846400141716, 0.0539307370782, 0.110187716782, 0.013667200692, 0.00903344061226, 0.00755724497139, 0.0146931754425, 0.00616998737678, 0.0513638705015, 0.00800831988454, 0.0239904802293, 0.0178253166378, 0.0022846031934, 4.4386011723e-05, 3.62983087143e-07, 5.78259107265e-10],
        "max": [0.168166309595, 0.746581673622, 0.739368796349, 3.16456794739, 15.0426616669, 16.5434169769, 27.1580505371, 24.6897621155, 351.880645752, 1200.3807373, 79.9276351929, 14.1343927383, 28.7623977661, 875.492004395, 204.529724121, 6.28423023224, 3.03820347786, 7.15241336823, 0.599823355675, 4.20611047745, 7.62480688095, 3.65159130096, 1.79738211632, 2.47894215584, 10.1146469116, 1.77967083454, 2.35660505295, 0.662956297398, 0.767848372459, 0.643051505089, 0.704214274883, 0.519034385681, 1.44745326042, 0.555190384388, 0.931291639805, 0.781488180161, 0.314789414406, 0.0354458093643, 0.00316993845627, 0.000143579309224],
        "mean": [0.0260794535279, 0.103520512581, 0.125325128436, 0.0928509384394, 0.205738544464, 0.285821527243, 0.53672760725, 1.69606220722, 62.5051879883, 345.571350098, 22.4181919098, 1.20931077003, 0.840368628502, 15.7878885269, 8.26713848114, 0.335447430611, 0.278794884682, 0.5482198596, 0.0660376250744, 0.234164893627, 0.160900861025, 0.0933977887034, 0.0373786911368, 0.0396950617433, 0.117051593959, 0.0422190763056, 0.037673458457, 0.015421663411, 0.0151318954304, 0.00989068578929, 0.0133369453251, 0.00909547042102, 0.011202971451, 0.00620645470917, 0.010224991478, 0.00825495459139, 0.00377649697475, 0.000498677894939, 8.65040783538e-05, 2.87965340249e-05],
        "median": [0.00694758770987, 0.055700045079, 0.0729272961617, 0.038208886981, 0.0527656599879, 0.0611760132015, 0.120365217328, 0.857483386993, 30.9496040344, 223.441497803, 18.9943008423, 0.899505496025, 0.149678871036, 0.160685896873, 0.149602234364, 0.0354415625334, 0.0333547368646, 0.022820379585, 0.0177228525281, 0.0224219821393, 0.0123786497861, 0.00921410508454, 0.00701647344977, 0.00604009162635, 0.00715481117368, 0.00819972902536, 0.00697524892166, 0.00420018378645, 0.00334491953254, 0.00266397953965, 0.00225986121222, 0.00190503220074, 0.00173848087434, 0.00119661702774, 0.000835662416648, 0.000517211388797, 0.000293503166176, 0.000108256543172, 5.24956158188e-05, 2.20929050556e-05],
        "min": [2.66980550805e-05, 9.51813126449e-05, 0.000539027096238, 0.000356529926648, 0.00095846306067, 0.00288900034502, 0.00270676147193, 0.00705499341711, 0.00507877999917, 0.00710590230301, 0.00468963151798, 0.0071596656926, 0.0101597998291, 0.00737971113995, 0.00488618900999, 0.00562866032124, 0.00566755793989, 0.002654902637, 0.00257836398669, 0.0020337572787, 0.000963280850556, 0.00114462745842, 0.000366168096662, 0.000611365772784, 0.000832309422549, 0.000607187626883, 0.000462832889752, 0.000256885687122, 0.000180930859642, 0.00012590206461, 0.000115928072773, 7.08824809408e-05, 7.9914345406e-05, 4.83267358504e-05, 4.3685809942e-05, 2.89377749141e-05, 1.05760464066e-05, 4.04604452342e-06, 5.70739075556e-06, 2.00048839361e-06],
        "var": [0.0016440062318, 0.0161081124097, 0.018571190536, 0.0592501722276, 1.21984934807, 1.72252810001, 5.47170686722, 7.70366430283, 6638.89404297, 108068.21875, 408.634277344, 2.50681567192, 11.3044271469, 6195.62792969, 666.141662598, 0.783183515072, 0.248095571995, 1.34840416908, 0.0109724737704, 0.321977853775, 0.511966466904, 0.122424140573, 0.0326213240623, 0.0473174899817, 0.667237341404, 0.0288053415716, 0.0352985486388, 0.00394383678213, 0.00562448520213, 0.00242005893961, 0.00486173480749, 0.00200314819813, 0.010086433962, 0.0016481638886, 0.00489525403827, 0.00353719107807, 0.000667276384775, 8.52582070365e-06, 6.88222030476e-08, 4.17286982746e-10]
    },
    "gfcc": {
        "mean": [-221.785217285, 140.22253418, -52.4858016968, -28.191318512, -64.9583206177, -16.7314910889, -17.4925289154, 17.4448490143, 13.5417051315, 28.0632820129, 5.94566106796, -4.59484291077, -15.7370491028],
        "cov": [[1931.5970459, -231.745040894, -348.630767822, -133.266769409, -468.525665283, -275.974517822, -275.780944824, 16.7579441071, -183.305206299, -0.492495894432, -89.8264923096, 61.0162773132, -13.1340913773], [-231.745040894, 1214.26940918, -464.459106445, -846.123291016, -12.866481781, -56.6064071655, 274.051391602, 69.7569656372, 460.516784668, 179.743774414, 337.237823486, -64.0561904907, 94.5613021851], [-348.630767822, -464.459106445, 1770.70141602, 1030.60107422, 59.010559082, 159.287063599, -70.9349975586, 110.921722412, 30.3947601318, 104.079444885, -165.933792114, -13.1028308868, -244.874862671], [-133.266769409, -846.123291016, 1030.60107422, 1063.85083008, 118.100067139, 100.908561707, -186.033691406, 7.52770662308, -246.855026245, -69.6492614746, -294.339447021, 13.1207284927, -136.140411377], [-468.525665283, -12.866481781, 59.010559082, 118.100067139, 256.863586426, 163.686065674, 47.9235229492, -52.3209533691, -41.3248023987, -34.6317481995, -29.6683616638, -17.6517124176, 10.6936674118], [-275.974517822, -56.6064071655, 159.287063599, 100.908561707, 163.686065674, 249.891448975, 65.1067581177, -44.5210952759, -105.605110168, -83.7627105713, -50.9153366089, 23.9406681061, -2.86527562141], [-275.780944824, 274.051391602, -70.9349975586, -186.033691406, 47.9235229492, 65.1067581177, 176.411682129, 46.2163047791, 102.767707825, 28.6939506531, 98.1970214844, -3.14940452576, 24.6481437683], [16.7579441071, 69.7569656372, 110.921722412, 7.52770662308, -52.3209533691, -44.5210952759, 46.2163047791, 93.6858215332, 109.463592529, 56.1571884155, 44.4050788879, 5.63217926025, -15.2315979004], [-183.305206299, 460.516784668, 30.3947601318, -246.855026245, -41.3248023987, -105.605110168, 102.767707825, 109.463592529, 364.85345459, 200.001571655, 185.776916504, -50.5779724121, -12.6848163605], [-0.492495894432, 179.743774414, 104.079444885, -69.6492614746, -34.6317481995, -83.7627105713, 28.6939506531, 56.1571884155, 200.001571655, 205.537719727, 117.503036499, -58.1468811035, -50.0610694885], [-89.8264923096, 337.237823486, -165.933792114, -294.339447021, -29.6683616638, -50.9153366089, 98.1970214844, 44.4050788879, 185.776916504, 117.503036499, 163.653533936, -25.3988437653, 5.12145376205], [61.0162773132, -64.0561904907, -13.1028308868, 13.1207284927, -17.6517124176, 23.9406681061, -3.14940452576, 5.63217926025, -50.5779724121, -58.1468811035, -25.3988437653, 49.5867767334, 23.5950145721], [-13.1340913773, 94.5613021851, -244.874862671, -136.140411377, 10.6936674118, -2.86527562141, 24.6481437683, -15.2315979004, -12.6848163605, -50.0610694885, 5.12145376205, 23.5950145721, 91.4939193726]],
        "icov": [[0.0024504403118, -0.00190535525326, 0.00114610104356, 0.000248083699262, 0.00344369956292, -0.00142226193566, 0.00401957146823, -0.00455241743475, 0.00415539462119, -0.00496171787381, 0.00423312280327, -0.00283447210677, 0.00182512006722], [-0.00190535525326, 0.00679537514225, -0.00286483648233, 0.00410627340898, -0.00366635597311, 0.00151713867672, -0.0045754974708, 0.00423762947321, -0.00667884293944, 0.00637002428994, -0.00486191920936, 0.00724249053746, -0.00547621492296], [0.00114610104356, -0.00286483648233, 0.00491544511169, -0.00574773363769, 0.00525491079316, -0.00434941332787, 0.000831259589177, 0.000394780538045, -0.00127008056734, -0.00374382082373, 0.00334915379062, -0.00499318400398, 0.00569572998211], [0.000248083699262, 0.00410627340898, -0.00574773363769, 0.0136241232976, -0.00794900394976, 0.00513519207016, 0.00184833013918, -0.00890357047319, 0.00430953875184, -0.00200999295339, 0.00894060172141, 0.00329451169819, -0.002061922336], [0.00344369956292, -0.00366635597311, 0.00525491079316, -0.00794900394976, 0.019715892151, -0.0120324688032, 0.00301597779617, 0.00279939128086, -0.000387059000786, -0.0053836684674, 0.00231555802748, 0.00173810240813, -8.48357449286e-05], [-0.00142226193566, 0.00151713867672, -0.00434941332787, 0.00513519207016, -0.0120324688032, 0.0185365006328, -0.0105874808505, 0.00710049876943, 0.00189666578081, 0.00198725843802, 0.00382933020592, -0.00905358232558, 0.00371992285363], [0.00401957146823, -0.0045754974708, 0.000831259589177, 0.00184833013918, 0.00301597779617, -0.0105874808505, 0.030249228701, -0.0267065241933, 0.0126490946859, -0.00253616017289, -0.00915571581572, 0.00713640963659, -0.00396001664922], [-0.00455241743475, 0.00423762947321, 0.000394780538045, -0.00890357047319, 0.00279939128086, 0.00710049876943, -0.0267065241933, 0.0545460171998, -0.0251823235303, 0.00714594125748, -0.00222086836584, -0.0170838925987, 0.00389420287684], [0.00415539462119, -0.00667884293944, -0.00127008056734, 0.00430953875184, -0.000387059000786, 0.00189666578081, 0.0126490946859, -0.0251823235303, 0.0284220259637, -0.01412339136, 0.000228716075071, 0.000355160445906, -0.000874335935805], [-0.00496171787381, 0.00637002428994, -0.00374382082373, -0.00200999295339, -0.0053836684674, 0.00198725843802, -0.00253616017289, 0.00714594125748, -0.01412339136, 0.0345213785768, -0.0289245638996, 0.0238275434822, -0.00533766904846], [0.00423312280327, -0.00486191920936, 0.00334915379062, 0.00894060172141, 0.00231555802748, 0.00382933020592, -0.00915571581572, -0.00222086836584, 0.000228716075071, -0.0289245638996, 0.0618349537253, -0.0243648868054, 0.0168734081089], [-0.00283447210677, 0.00724249053746, -0.00499318400398, 0.00329451169819, 0.00173810240813, -0.00905358232558, 0.00713640963659, -0.0170838925987, 0.000355160445906, 0.0238275434822, -0.0243648868054, 0.0654644742608, -0.0240391120315], [0.00182512006722, -0.00547621492296, 0.00569572998211, -0.002061922336, -8.48357449286e-05, 0.00371992285363, -0.00396001664922, 0.00389420287684, -0.000874335935805, -0.00533766904846, 0.0168734081089, -0.0240391120315, 0.0330821312964]]
    },
    "melbands": {
        "dmean": [7.33583510737e-05, 5.65341397305e-05, 1.75506938831e-05, 2.11570695683e-05, 1.68315418705e-05, 1.61828102136e-05, 0.000386695377529, 0.000664866063744, 7.13226654625e-06, 1.45884689573e-06, 1.2314714013e-06, 4.4210395572e-05, 2.61156110355e-05, 2.80008322306e-07, 1.04546074908e-07, 6.11086989011e-07, 4.50260671414e-07, 2.84764549718e-08, 1.64421777527e-07, 9.74827472078e-08, 1.5367169226e-07, 8.44111198717e-08, 1.89703488473e-08, 1.54552743936e-08, 1.5368016193e-08, 1.44077716868e-07, 1.73006480253e-08, 2.16040323409e-08, 3.19986419584e-08, 7.97434385191e-09, 8.93927953882e-09, 7.94136312265e-09, 4.87209339539e-09, 5.81934234134e-09, 7.17225123736e-09, 1.04031769865e-08, 4.70120387064e-09, 1.10914610829e-08, 1.0022439767e-08, 5.01004748799e-09],
        "dmean2": [0.000125205086078, 9.92714049062e-05, 3.00595202134e-05, 3.67441170965e-05, 2.88696137432e-05, 2.86081358354e-05, 0.0005113153602, 0.000858098152094, 1.01767927845e-05, 2.21448817683e-06, 2.36198320636e-06, 5.85541165492e-05, 3.65423475159e-05, 4.83902113046e-07, 1.73223966726e-07, 9.05238209725e-07, 6.355043638e-07, 4.83033630871e-08, 2.21155531221e-07, 1.35659007583e-07, 2.35480030142e-07, 1.30083776639e-07, 2.88604713461e-08, 2.39869386576e-08, 2.64692108232e-08, 1.87512824823e-07, 2.98882767424e-08, 3.46960327136e-08, 5.26399759337e-08, 1.32508244377e-08, 1.62676094817e-08, 1.28404789024e-08, 8.1346751557e-09, 9.26363430409e-09, 1.13200604446e-08, 1.66639360089e-08, 7.75833619571e-09, 2.02522123516e-08, 1.92228561957e-08, 9.01982488699e-09],
        "dvar": [9.74948921595e-09, 4.96247576365e-09, 6.21097884235e-09, 1.38001245986e-08, 7.19376913594e-09, 4.76445283226e-09, 3.31541741616e-07, 9.54154074861e-07, 2.52182941196e-10, 2.66974740926e-11, 3.60932395083e-11, 4.43139178685e-08, 1.01080610548e-08, 1.15752568121e-12, 1.231906016e-13, 1.62453145554e-12, 1.15237745561e-12, 1.05438618923e-14, 1.20933089389e-13, 8.08578329075e-14, 6.43857363258e-13, 1.32090898549e-13, 1.30809991609e-14, 5.26696436844e-15, 6.81858473221e-15, 8.56252352008e-13, 6.06696411723e-15, 7.79320879341e-15, 2.59466317247e-14, 1.10689852619e-15, 2.21994820564e-15, 1.96688779528e-15, 9.15854903614e-16, 1.10821195665e-15, 1.62578688627e-15, 2.87815802719e-15, 6.60542179713e-16, 7.75473401585e-15, 7.62423080263e-15, 8.29064572646e-16],
        "dvar2": [2.93547355312e-08, 1.59560507029e-08, 1.73297891592e-08, 3.94528321124e-08, 1.96603728853e-08, 1.33822330994e-08, 7.1387916023e-07, 1.79315225068e-06, 5.08306619018e-10, 5.54936860353e-11, 1.0834869113e-10, 8.78326673615e-08, 1.96631599891e-08, 2.83254821508e-12, 2.44475609461e-13, 3.23326001389e-12, 2.32854599318e-12, 2.68655100065e-14, 2.04375958431e-13, 1.4227472824e-13, 1.49295560723e-12, 3.18579770854e-13, 2.09007598961e-14, 8.34682190444e-15, 1.87233312621e-14, 1.58489139781e-12, 1.32077119017e-14, 1.84188720455e-14, 7.03543126535e-14, 2.66313638419e-15, 6.42557330315e-15, 3.62469072701e-15, 2.41585887952e-15, 2.74353992791e-15, 4.18487003745e-15, 7.08352054449e-15, 1.66464124047e-15, 2.20131987589e-14, 2.23791762845e-14, 2.21390314325e-15],
        "max": [0.00116315216292, 0.000590224168263, 0.000880728941411, 0.00125755078625, 0.00085368991131, 0.000554330879822, 0.00872457772493, 0.0106243817136, 0.000151609623572, 7.41044786992e-05, 7.96162639745e-05, 0.0032707604114, 0.00119621038903, 1.02696312752e-05, 4.47460888608e-06, 1.38916448122e-05, 1.18100952022e-05, 9.61613977779e-07, 3.78119625566e-06, 3.64304992218e-06, 1.31231354317e-05, 5.97264443059e-06, 1.43669706176e-06, 9.22143783555e-07, 8.76839237662e-07, 1.34569627335e-05, 8.89740931598e-07, 7.82412655553e-07, 1.84326529507e-06, 3.41804508253e-07, 4.11336372963e-07, 5.30765078111e-07, 3.56218492925e-07, 3.84630112649e-07, 4.36786592672e-07, 5.51783045921e-07, 2.79351723975e-07, 9.68539097812e-07, 9.2924966566e-07, 2.78768283124e-07],
        "mean": [0.000196861670702, 9.21073224163e-05, 1.89908714674e-05, 1.90998052858e-05, 1.61703046615e-05, 1.54863082571e-05, 0.00171441410203, 0.00306917121634, 2.26705669775e-05, 2.17200545194e-06, 1.52354493821e-06, 5.84893532505e-05, 4.6735865908e-05, 4.00999084604e-07, 1.63119139529e-07, 1.18084255973e-06, 8.88271301847e-07, 3.93882828575e-08, 2.95221212809e-07, 1.75249908807e-07, 2.41222238628e-07, 1.38178506859e-07, 2.86140462435e-08, 2.28093917087e-08, 1.48077186068e-08, 1.40909023116e-07, 2.36791422026e-08, 2.4556690903e-08, 2.86610415401e-08, 9.99711513572e-09, 7.98063837237e-09, 9.75136504877e-09, 5.19985521308e-09, 5.69636249281e-09, 6.83995082795e-09, 8.85880879764e-09, 4.63587968014e-09, 7.92089771551e-09, 6.75998457211e-09, 4.46056303005e-09],
        "median": [6.3742059865e-05, 5.66303388041e-05, 8.3109807747e-06, 4.68353618999e-06, 2.68816029347e-06, 3.47394006894e-06, 0.000943948864006, 0.00202451040968, 1.20016820802e-05, 2.50097713206e-07, 1.77851291028e-07, 5.15721922056e-07, 6.8635927164e-07, 9.82146701745e-08, 4.60905660304e-08, 7.39796135463e-08, 3.84520042473e-08, 1.55949564373e-08, 3.00928739705e-08, 2.39298234561e-08, 8.40272651459e-09, 9.73015268357e-09, 5.50187362336e-09, 5.85891779536e-09, 4.15123668773e-09, 5.30569588264e-09, 5.20401899351e-09, 5.29339683197e-09, 4.35822311573e-09, 3.12887027398e-09, 1.94566895928e-09, 1.86023552118e-09, 1.5101826456e-09, 1.36746147739e-09, 1.29196831011e-09, 1.20755494493e-09, 1.07853792564e-09, 1.2377838754e-09, 1.02988428896e-09, 9.03877084291e-10],
        "min": [2.45421972522e-07, 2.34177392144e-07, 7.003896485e-08, 5.29679908823e-08, 5.24945313884e-08, 3.57556793062e-08, 7.22339663639e-08, 7.50145261463e-08, 3.30630811618e-08, 1.37621025686e-08, 1.21965149091e-08, 3.19344550803e-08, 1.7025929111e-08, 1.01232799921e-08, 4.5770103263e-09, 9.80453762622e-09, 4.01651378823e-09, 5.75943681635e-10, 4.22707469028e-09, 1.88621873676e-09, 6.84621415115e-10, 9.72307567793e-10, 3.32713023798e-10, 2.64653493565e-10, 3.95887433946e-10, 5.2567422637e-10, 4.83114270811e-10, 3.23816418124e-10, 2.84113871318e-10, 1.56042068156e-10, 1.08030438761e-10, 8.75538322398e-11, 9.86713349915e-11, 5.23801835239e-11, 6.05900746242e-11, 4.85506808368e-11, 2.51715506078e-11, 4.23782745007e-11, 3.02214399339e-11, 2.64307950526e-11],
        "var": [7.61790062143e-08, 1.01984598544e-08, 4.23663770732e-09, 8.98524010751e-09, 5.44253797585e-09, 3.37278560636e-09, 4.28013618148e-06, 8.39895710669e-06, 7.91499310537e-10, 6.1231159032e-11, 4.65487405565e-11, 8.65878604372e-08, 2.32055690219e-08, 1.65820428135e-12, 2.3461590201e-13, 4.9328275839e-12, 3.73675439549e-12, 1.06810066908e-14, 3.83355321229e-13, 2.47792644693e-13, 1.51211009859e-12, 3.13137482524e-13, 2.24062643981e-14, 8.30311415733e-15, 4.78755303766e-15, 1.13616548895e-12, 7.68036875824e-15, 8.75103365016e-15, 2.16859696026e-14, 1.17467312631e-15, 1.39250268353e-15, 2.45731034262e-15, 6.80102817443e-16, 8.87341604088e-16, 1.3146911665e-15, 2.41742038476e-15, 5.11077392819e-16, 4.57718478191e-15, 4.11011768578e-15, 5.76185003826e-16]
    },
    "mfcc": {
        "mean": [-905.409667969, 184.143829346, 49.3493537903, 7.69485378265, -9.94570541382, -12.0706205368, -11.4394779205, -11.0067634583, 2.91896390915, 15.3436918259, 17.0540904999, 26.2061958313, 29.0469245911],
        "cov": [[1970.06848145, -34.6499938965, -462.766143799, -159.746841431, -368.481201172, -364.620483398, -193.47996521, -152.191574097, -145.942169189, -182.620483398, -264.217285156, -126.857627869, -62.0138130188], [-34.6499938965, 654.680480957, -20.0507221222, -272.267181396, -113.756790161, -99.4861907959, -78.1225357056, 14.1000499725, 96.5139694214, 101.580169678, 151.16557312, 143.263885498, 151.544570923], [-462.766143799, -20.0507221222, 850.840759277, 535.87689209, 246.303863525, 179.897033691, 28.8662662506, -0.726926982403, -25.246761322, 46.4164123535, 147.165283203, 7.69994163513, -105.150543213], [-159.746841431, -272.267181396, 535.87689209, 622.274658203, 222.169021606, 78.5272140503, -7.85396337509, -59.9205436707, -63.9705238342, -14.6681833267, 6.57322692871, -58.1710014343, -138.786376953], [-368.481201172, -113.756790161, 246.303863525, 222.169021606, 223.87411499, 151.62701416, 42.7102661133, 30.8479175568, 16.9664573669, 17.5729999542, 27.1720142365, -42.6454429626, -82.2364959717], [-364.620483398, -99.4861907959, 179.897033691, 78.5272140503, 151.62701416, 213.222106934, 114.871429443, 56.6511230469, 18.1942462921, 16.9793777466, 15.8551893234, -48.2843856812, -66.4353103638], [-193.47996521, -78.1225357056, 28.8662662506, -7.85396337509, 42.7102661133, 114.871429443, 132.411636353, 78.8647003174, 17.9818572998, -6.95755386353, -26.412651062, -40.4560165405, -27.791929245], [-152.191574097, 14.1000499725, -0.726926982403, -59.9205436707, 30.8479175568, 56.6511230469, 78.8647003174, 140.328903198, 65.7801742554, -36.0451164246, -29.5516757965, -23.6891288757, -25.2309074402], [-145.942169189, 96.5139694214, -25.246761322, -63.9705238342, 16.9664573669, 18.1942462921, 17.9818572998, 65.7801742554, 86.5245513916, 30.7246417999, 11.156373024, 16.2655487061, 28.6844959259], [-182.620483398, 101.580169678, 46.4164123535, -14.6681833267, 17.5729999542, 16.9793777466, -6.95755386353, -36.0451164246, 30.7246417999, 135.71661377, 123.466575623, 70.5183563232, 90.1334838867], [-264.217285156, 151.16557312, 147.165283203, 6.57322692871, 27.1720142365, 15.8551893234, -26.412651062, -29.5516757965, 11.156373024, 123.466575623, 200.61076355, 126.873840332, 97.2675323486], [-126.857627869, 143.263885498, 7.69994163513, -58.1710014343, -42.6454429626, -48.2843856812, -40.4560165405, -23.6891288757, 16.2655487061, 70.5183563232, 126.873840332, 149.828216553, 131.084121704], [-62.0138130188, 151.544570923, -105.150543213, -138.786376953, -82.2364959717, -66.4353103638, -27.791929245, -25.2309074402, 28.6844959259, 90.1334838867, 97.2675323486, 131.084121704, 191.883895874]],
