{
"lowlevel": {
    "average_loudness": 0.839221775532,
    "barkbands_crest": {
        "dmean": 1.99318861961,
        "dmean2": 3.22458910942,
        "dvar": 4.06704330444,
        "dvar2": 14.8852548599,
        "max": 26.5415458679,
        "mean": 18.265712738,
        "median": 18.8129806519,
        "min": 6.32075929642,
        "var": 27.7905464172
    },
    "barkbands_flatness_db": {
        "dmean": 0.0170142091811,
        "dmean2": 0.0229165125638,
        "dvar": 0.00077664089622,
        "dvar2": 0.00109871674795,
        "max": 0.449012249708,
        "mean": 0.303562134504,
        "median": 0.316619217396,
        "min": 0.0319329313934,
        "var": 0.00769769819453
    },
    "barkbands_kurtosis": {
        "dmean": 4.65130090714,
        "dmean2": 7.59748840332,
        "dvar": 95.3042221069,
        "dvar2": 272.651580811,
        "max": 112.959594727,
        "mean": 10.5683822632,
        "median": 2.13955974579,
        "min": -1.16173839569,
        "var": 421.7215271
    },
    "barkbands_skewness": {
        "dmean": 0.465037286282,
        "dmean2": 0.688604831696,
        "dvar": 0.621759176254,
        "dvar2": 0.872988402843,
        "max": 3.98335957527,
        "mean": -0.509248733521,
        "median": -0.307444989681,
        "min": -4.12175559998,
        "var": 2.01319909096
    },
    "barkbands_spread": {
        "dmean": 2.629165411,
        "dmean2": 4.48185586929,
        "dvar": 52.843082428,
        "dvar2": 157.062042236,
        "max": 58.1066627502,
        "mean": 7.42385816574,
        "median": 5.30193710327,
        "min": 0.364432483912,
        "var": 63.1819458008
    },
    "dissonance": {
        "dmean": 0.0621288716793,
        "dmean2": 0.114558488131,
        "dvar": 0.00358516140841,
        "dvar2": 0.00838756375015,
        "max": 0.495321661234,
        "mean": 0.376548051834,
        "median": 0.401840895414,
        "min": 0.145075395703,
        "var": 0.00819648150355
    },
    "dynamic_complexity": 7.14057779312,
    "erbbands_crest": {
        "dmean": 1.48177099228,
        "dmean2": 2.17125892639,
        "dvar": 7.65725278854,
        "dvar2": 14.3741540909,
        "max": 31.5774269104,
        "mean": 25.6879997253,
        "median": 27.4704627991,
        "min": 5.33177423477,
        "var": 37.6379165649
    },
    "erbbands_flatness_db": {
        "dmean": 0.0124848540872,
        "dmean2": 0.0160055551678,
        "dvar": 0.000453423912404,
        "dvar2": 0.000513053615578,
        "max": 0.467846482992,
        "mean": 0.317746669054,
        "median": 0.330006599426,
        "min": 0.0986284762621,
        "var": 0.00853913836181
    },
    "erbbands_kurtosis": {
        "dmean": 7.41183423996,
        "dmean2": 9.13223266602,
        "dvar": 118.296600342,
        "dvar2": 126.898384094,
        "max": 131.711807251,
        "mean": 22.9286785126,
        "median": 13.7430419922,
        "min": -1.59215462208,
        "var": 979.153930664
    },
    "erbbands_skewness": {
        "dmean": 0.514198541641,
        "dmean2": 0.840105831623,
        "dvar": 0.363171249628,
        "dvar2": 0.825233817101,
        "max": 6.10973358154,
        "mean": 0.553515553474,
        "median": 0.24528734386,
        "min": -2.406686306,
        "var": 2.77623224258
    },
    "erbbands_spread": {
        "dmean": 2.28361868858,
        "dmean2": 3.45317530632,
        "dvar": 36.3913078308,
        "dvar2": 86.9303817749,
        "max": 67.2917709351,
        "mean": 6.84534072876,
        "median": 4.09499454498,
        "min": 0.539099991322,
        "var": 103.84211731
    },
    "hfc": {
        "dmean": 0.771803438663,
        "dmean2": 0.662735342979,
        "dvar": 3.46087741852,
        "dvar2": 3.03639745712,
        "max": 37.1647338867,
        "mean": 8.10116767883,
        "median": 2.37032914162,
        "min": 0.0026363611687,
        "var": 131.696075439
    },
    "melbands_crest": {
        "dmean": 2.15021729469,
        "dmean2": 3.28523945808,
        "dvar": 7.10431051254,
        "dvar2": 19.6937274933,
        "max": 29.651517868,
        "mean": 16.3548259735,
        "median": 16.5261993408,
        "min": 7.82748603821,
        "var": 19.9342975616
    },
    "melbands_flatness_db": {
        "dmean": 0.0200340244919,
        "dmean2": 0.0281163193285,
        "dvar": 0.00113844987936,
        "dvar2": 0.0018663040828,
        "max": 0.529642939568,
        "mean": 0.40095436573,
        "median": 0.419310420752,
        "min": 0.0797206386924,
        "var": 0.00681901304051
    },
    "melbands_kurtosis": {
        "dmean": 1.99417567253,
        "dmean2": 2.88266015053,
        "dvar": 11.8509225845,
        "dvar2": 30.0955734253,
        "max": 38.2372360229,
        "mean": 4.30125904083,
        "median": 0.468531608582,
        "min": -1.47469866276,
        "var": 79.057144165
    },
    "melbands_skewness": {
        "dmean": 0.448131084442,
        "dmean2": 0.609992325306,
        "dvar": 0.339489132166,
        "dvar2": 0.50378715992,
        "max": 4.15485858917,
        "mean": -0.343585908413,
        "median": -0.207379043102,
        "min": -3.39809370041,
        "var": 2.13418889046
    },
    "melbands_spread": {
        "dmean": 2.76606535912,
        "dmean2": 4.45344543457,
        "dvar": 36.3355484009,
        "dvar2": 96.3911590576,
        "max": 48.1255722046,
        "mean": 10.4884405136,
        "median": 10.1535806656,
        "min": 1.03167712688,
        "var": 47.641998291
    },
    "pitch_salience": {
        "dmean": 0.0490304455161,
        "dmean2": 0.0746688172221,
        "dvar": 0.00494647445157,
        "dvar2": 0.00934882368892,
        "max": 0.821319520473,
        "mean": 0.341480702162,
        "median": 0.336985260248,
        "min": 0.095598757267,
        "var": 0.0144974188879
    },
    "silence_rate_20dB": {
        "dmean": 0,
        "dmean2": 0,
        "dvar": 0,
        "dvar2": 0,
        "max": 1,
        "mean": 1,
        "median": 1,
        "min": 1,
        "var": 0
    },
    "silence_rate_30dB": {
        "dmean": 0,
        "dmean2": 0,
        "dvar": 0,
        "dvar2": 0,
        "max": 1,
        "mean": 1,
        "median": 1,
        "min": 1,
        "var": 0
    },
    "silence_rate_60dB": {
        "dmean": 0.0111111113802,
        "dmean2": 0.0224719103426,
        "dvar": 0.0109876478091,
        "dvar2": 0.0219669174403,
        "max": 1,
        "mean": 0.406593412161,
        "median": 0,
        "min": 0,
        "var": 0.241274997592
    },
    "spectral_centroid": {
        "dmean": 106.992195129,
        "dmean2": 189.023590088,
        "dvar": 143278.640625,
        "dvar2": 410049.875,
        "max": 2988.83691406,
        "mean": 698.931640625,
        "median": 615.850402832,
        "min": 469.244750977,
        "var": 117676.78125
    },
    "spectral_complexity": {
        "dmean": 0.666666686535,
        "dmean2": 1.19101119041,
        "dvar": 0.599999308586,
        "dvar2": 1.18823373318,
        "max": 8,
        "mean": 3.28571438789,
        "median": 3,
        "min": 0,
        "var": 1.63265323639
    },
    "spectral_decrease": {
        "dmean": 3.22151305632e-10,
        "dmean2": 2.94956586933e-10,
        "dvar": 6.27255607992e-19,
        "dvar2": 5.33400076777e-19,
        "max": -2.48760810128e-13,
        "mean": -3.08303982344e-09,
        "median": -1.07447428732e-09,
        "min": -1.43072540482e-08,
        "var": 1.86549245902e-17
    },
    "spectral_energy": {
        "dmean": 0.00128347589634,
        "dmean2": 0.00117180985399,
        "dvar": 9.9701965155e-06,
        "dvar2": 8.48474337545e-06,
        "max": 0.0573608055711,
        "mean": 0.0123708723113,
        "median": 0.00424303347245,
        "min": 1.17800800581e-06,
        "var": 0.000300663581584
    },
    "spectral_energyband_high": {
        "dmean": 4.09860058426e-06,
        "dmean2": 6.57121972836e-06,
        "dvar": 2.72516897937e-10,
        "dvar2": 5.27233645631e-10,
        "max": 0.000116868694022,
        "mean": 4.76902960145e-06,
        "median": 1.93069013221e-06,
        "min": 1.45506007243e-07,
        "var": 2.17141526981e-10
    },
    "spectral_energyband_low": {
        "dmean": 0.000166436744621,
        "dmean2": 0.000281503831502,
        "dvar": 1.48467762529e-08,
        "dvar2": 4.26828385969e-08,
        "max": 0.000937361910474,
        "mean": 0.000337379693519,
        "median": 0.000296149548376,
        "min": 4.79031498912e-08,
        "var": 3.71601629467e-08
    },
    "spectral_energyband_middle_high": {
        "dmean": 0.000155016081408,
        "dmean2": 0.000114134440082,
        "dvar": 9.6269154426e-08,
        "dvar2": 4.12230143354e-08,
        "max": 0.00507848430425,
        "mean": 0.000602948886808,
        "median": 3.47661225533e-05,
        "min": 4.72494264159e-07,
        "var": 1.61839670909e-06
    },
    "spectral_energyband_middle_low": {
        "dmean": 0.00124472088646,
        "dmean2": 0.00107815733645,
        "dvar": 1.13411551865e-05,
        "dvar2": 9.27114524529e-06,
        "max": 0.0570088624954,
        "mean": 0.0114518245682,
        "median": 0.00364187173545,
        "min": 5.03915202898e-07,
        "var": 0.000295780366287
    },
    "spectral_entropy": {
        "dmean": 0.167487844825,
        "dmean2": 0.201111674309,
        "dvar": 0.106047607958,
        "dvar2": 0.118582822382,
        "max": 9.01419258118,
        "mean": 5.64144277573,
        "median": 5.41262435913,
        "min": 4.13422822952,
        "var": 0.982521116734
    },
    "spectral_flux": {
        "dmean": 0.00467474013567,
        "dmean2": 0.00666223280132,
        "dvar": 0.000152146749315,
        "dvar2": 0.000189420024981,
        "max": 0.167169138789,
        "mean": 0.0169625300914,
        "median": 0.0137377306819,
        "min": 0.00538594275713,
        "var": 0.000410069798818
    },
    "spectral_kurtosis": {
        "dmean": 5.12458276749,
        "dmean2": 8.52083206177,
        "dvar": 46.0249557495,
        "dvar2": 115.521461487,
        "max": 66.4581222534,
        "mean": 28.5579853058,
        "median": 28.136510849,
        "min": 1.68846273422,
        "var": 237.634246826
    },
    "spectral_rms": {
        "dmean": 0.00017804862,
        "dmean2": 0.000190757404198,
        "dvar": 6.23930063171e-08,
        "dvar2": 5.71688865136e-08,
        "max": 0.00748075963929,
        "mean": 0.00276904343627,
        "median": 0.00203458708711,
        "min": 3.39009748132e-05,
        "var": 4.40154553871e-06
    },
    "spectral_rolloff": {
        "dmean": 123.45703125,
        "dmean2": 210.735061646,
        "dvar": 294537.03125,
        "dvar2": 700816.375,
        "max": 3574.51171875,
        "mean": 807.614440918,
        "median": 667.529296875,
        "min": 387.59765625,
        "var": 217627.078125
    },
    "spectral_skewness": {
        "dmean": 0.442183077335,
        "dmean2": 0.73522657156,
        "dvar": 0.268205314875,
        "dvar2": 0.643966913223,
        "max": 6.74033117294,
        "mean": 4.2701587677,
        "median": 4.44297742844,
        "min": 0.827520668507,
        "var": 1.57906603813
    },
    "spectral_spread": {
        "dmean": 595651.875,
        "dmean2": 838563.3125,
        "dvar": 4.28064584499e+12,
        "dvar2": 3.11161965773e+12,
        "max": 27688760,
        "mean": 3402885,
        "median": 2908178.25,
        "min": 1499193.5,
        "var": 7.80438182298e+12
    },
    "spectral_strongpeak": {
        "dmean": 0.161902263761,
        "dmean2": 0.153201326728,
        "dvar": 0.217884927988,
        "dvar2": 0.212429493666,
        "max": 5.99424600601,
        "mean": 1.93937408924,
        "median": 1.4032074213,
        "min": 0.00255342572927,
        "var": 3.15058207512
    },
    "zerocrossingrate": {
        "dmean": 0.00280490447767,
        "dmean2": 0.00342345517129,
        "dvar": 1.96115779545e-05,
        "dvar2": 2.70216423814e-05,
        "max": 0.06494140625,
        "mean": 0.0313626788557,
        "median": 0.02978515625,
        "min": 0.01513671875,
        "var": 3.91010507883e-05
    },
    "barkbands": {
        "dmean": [1.01407786133e-05, 0.000114546041004, 7.76287270128e-05, 2.41305060626e-05, 0.000146938604303, 2.11242913792e-05, 8.53097753861e-06, 2.3599164706e-05, 0.00121712835971, 1.04108839878e-05, 3.90856985177e-06, 2.00398608285e-06, 0.000138567978865, 9.26349230213e-07, 1.25979045151e-06, 1.22199242014e-06, 8.96855738119e-07, 8.33449860238e-07, 1.67594112099e-06, 1.98442421606e-06, 1.3115609363e-06, 6.24063716259e-07, 2.98537315757e-07, 3.18828853096e-07, 2.54865710758e-07, 2.35467069842e-07, 3.05468603301e-07],
        "dmean2": [1.55215675477e-05, 0.000194320309674, 0.000124410216813, 4.27230515925e-05, 0.000240735287662, 3.68511391571e-05, 1.31121960294e-05, 2.66515344265e-05, 0.00102269637864, 1.19253918456e-05, 4.41226302428e-06, 2.19624166675e-06, 9.52969057835e-05, 1.1165362821e-06, 1.55328893925e-06, 1.55998247919e-06, 1.15553325486e-06, 1.28642136588e-06, 2.9582922707e-06, 3.41426198247e-06, 2.22602761824e-06, 1.0078294963e-06, 3.87741209806e-07, 4.45634611879e-07, 3.64873073977e-07, 3.15928446071e-07, 4.28508968753e-07],
        "dvar": [1.01091600369e-10, 1.11525810809e-08, 4.00418409541e-09, 5.12071551828e-10, 2.26671676984e-08, 8.31749502606e-10, 4.48693970867e-10, 3.49362494489e-08, 1.27120820252e-05, 6.83866741014e-09, 8.19422030229e-10, 2.68304184425e-10, 8.08208397984e-08, 3.59521683257e-11, 2.27699040178e-11, 2.83558749398e-11, 1.06189614393e-11, 1.72349287619e-11, 3.71454915438e-11, 3.95986438084e-11, 2.53220482777e-11, 6.65508620434e-12, 2.47714891134e-12, 2.27614151485e-12, 1.73075182658e-12, 1.68063729166e-12, 1.84369186584e-12],
        "dvar2": [2.05038805379e-10, 3.30724070352e-08, 9.90838877613e-09, 1.4949836924e-09, 6.31738714674e-08, 2.37517028268e-09, 8.16718193075e-10, 3.58625982244e-08, 1.08158592411e-05, 6.96093538366e-09, 8.46024805767e-10, 2.70161476523e-10, 2.88160588724e-08, 3.54871167174e-11, 2.47227828487e-11, 3.40079249483e-11, 1.19405535806e-11, 2.91435313382e-11, 1.07588653264e-10, 1.14686697639e-10, 6.66064980948e-11, 1.32058522104e-11, 2.76842090918e-12, 2.7472397187e-12, 2.02584043291e-12, 1.74482748128e-12, 1.99565732863e-12],
        "max": [6.42364902887e-05, 0.000590215204284, 0.000453139276942, 0.000194060965441, 0.00139204273, 0.000204677984584, 0.000179016788024, 0.00179670820944, 0.0558255538344, 0.000802698952612, 0.000279323838186, 0.000157307877089, 0.00506398780271, 5.86120841035e-05, 7.23164121155e-05, 4.88068508275e-05, 3.34304604621e-05, 3.25042674376e-05, 3.91271132685e-05, 3.29657741531e-05, 3.23146050505e-05, 1.77226684173e-05, 1.46569291246e-05, 1.37591869134e-05, 1.22602905321e-05, 1.25891110656e-05, 1.34553392854e-05],
        "mean": [1.85346925718e-05, 0.000169399907463, 0.0001266557083, 3.25044456986e-05, 0.000545106711797, 4.31099433627e-05, 1.33088942675e-05, 2.75453694485e-05, 0.0107817072421, 1.30110411192e-05, 4.9683612815e-06, 2.21400227929e-06, 0.000575392041355, 1.11511087653e-06, 2.92063782581e-06, 1.37807830924e-06, 1.70644523223e-06, 7.14558609616e-07, 2.2087178877e-06, 2.84673114948e-06, 1.11204087716e-06, 5.63303501622e-07, 3.76483740183e-07, 3.92980950892e-07, 3.61059449006e-07, 4.35908788177e-07, 9.52936488829e-07],
        "median": [1.16580795293e-05, 0.000145019599586, 9.22004837776e-05, 2.37839703914e-05, 0.000553624995518, 3.95016541006e-05, 9.24790310819e-06, 7.08364586899e-06, 0.00291613349691, 2.24877931032e-06, 1.39418966683e-06, 4.52093274816e-07, 2.71951321338e-05, 3.18511325759e-07, 4.32158230979e-07, 2.08209996799e-07, 3.5287183664e-07, 1.28279268097e-07, 2.87745535843e-07, 2.65424603185e-07, 2.182382417e-07, 1.37931039035e-07, 1.30769095108e-07, 1.52883089299e-07, 1.7883594694e-07, 2.83652752842e-07, 8.21139906293e-07],
        "min": [2.6593536262e-08, 1.91559124119e-08, 9.57131351953e-09, 1.42260789815e-08, 8.60508322376e-08, 8.06675402032e-08, 6.5296421603e-09, 2.10692974179e-08, 2.73761145309e-07, 5.80215626655e-08, 3.91220389417e-08, 1.90160065472e-08, 2.25136638221e-08, 5.19850651415e-08, 3.98926722767e-08, 5.24113943356e-08, 2.11379820314e-08, 2.01226804109e-08, 3.94199624054e-08, 2.93933570816e-08, 3.62171945767e-08, 9.76615766035e-09, 1.01127550778e-08, 1.43190233004e-08, 1.64163651561e-08, 1.56067905266e-08, 2.40107489446e-08],
        "var": [2.96948465817e-10, 1.66485207842e-08, 1.20223857536e-08, 1.08760911388e-09, 1.4083592248e-07, 6.79203249199e-10, 4.49973669436e-10, 3.48021380603e-08, 0.000286568683805, 6.94715263094e-09, 8.39633362837e-10, 2.67339650417e-10, 1.60369700097e-06, 3.71754432793e-11, 7.92231905078e-11, 2.95555004082e-11, 1.51751701483e-11, 1.43978110684e-11, 3.02505312466e-11, 4.26654718499e-11, 1.66617865338e-11, 5.19013174452e-12, 2.4501466394e-12, 2.19721159669e-12, 1.65826705666e-12, 1.66702545865e-12, 1.78518994292e-12]
    },
    "erbbands": {
        "dmean": [0.00436281645671, 0.0233393236995, 0.073627948761, 0.0972044318914, 0.36326572299, 0.618149161339, 0.148762360215, 0.122583016753, 0.151084318757, 0.176298692822, 6.68351697922, 30.9717502594, 1.06730318069, 0.171814396977, 0.130443841219, 1.23338270187, 6.32186698914, 0.297123581171, 0.055623114109, 0.0715875476599, 0.067545093596, 0.0461857840419, 0.0443984828889, 0.0781143009663, 0.0828145518899, 0.0945066139102, 0.0673485845327, 0.0409894958138, 0.0250209253281, 0.0133748399094, 0.00789416674525, 0.00766672706231, 0.0043760407716, 0.0029367513489, 0.00180614786223, 0.000900880317204, 0.000473655149108, 0.000169116872712, 4.3128933612e-05, 5.05269872519e-06],
        "dmean2": [0.00719617167488, 0.0411013178527, 0.118677161634, 0.17151221633, 0.679904103279, 1.01324748993, 0.243169501424, 0.205926790833, 0.259789973497, 0.180886670947, 5.78382778168, 25.3873691559, 0.848375141621, 0.177462980151, 0.137261673808, 0.847393393517, 4.39908599854, 0.231595590711, 0.0633846074343, 0.0886175110936, 0.0834004804492, 0.0594923347235, 0.065298371017, 0.131744101644, 0.151117756963, 0.157571390271, 0.11665006727, 0.0707892328501, 0.0413473695517, 0.0193778015673, 0.0104405712336, 0.0107143223286, 0.00598677014932, 0.00429786415771, 0.00252633704804, 0.00118398049381, 0.000656537944451, 0.000233882354223, 6.01875581197e-05, 7.16730528438e-06],
        "dvar": [1.32419863803e-05, 0.000587717513554, 0.00362954894081, 0.00945698935539, 0.139218568802, 0.434015989304, 0.0193849131465, 0.076941408217, 0.126503631473, 0.180917292833, 235.181274414, 8774.37109375, 4.70900392532, 1.40496957302, 0.813588380814, 6.10493183136, 168.485794067, 0.423810631037, 0.0944125056267, 0.0508554577827, 0.0682533159852, 0.0319886468351, 0.0450977161527, 0.0798827111721, 0.105933241546, 0.0777433663607, 0.0605962648988, 0.0301906354725, 0.0109096812084, 0.00364664127119, 0.00185421295464, 0.00124178442638, 0.000500541878864, 0.000209520410863, 9.11100869416e-05, 2.84561829176e-05, 5.50712957192e-06, 6.35573769614e-07, 3.59364662472e-08, 2.72481481822e-10],
        "dvar2": [3.19134669553e-05, 0.00171308754943, 0.00946677848697, 0.0281948968768, 0.423058450222, 1.17028868198, 0.0511905476451, 0.225113585591, 0.334426879883, 0.171211615205, 194.33454895, 7394.17480469, 3.26521945, 1.45040154457, 0.823719382286, 2.24447274208, 61.126663208, 0.239459052682, 0.097048252821, 0.0560576207936, 0.0826795771718, 0.0364413745701, 0.0677568465471, 0.220267370343, 0.30663639307, 0.222224712372, 0.163007870317, 0.078256033361, 0.0244572758675, 0.00489280046895, 0.00200663181022, 0.00154240813572, 0.00056363933254, 0.000251775694778, 0.000103717902675, 2.94964265777e-05, 5.80057712796e-06, 6.80622292748e-07, 3.78611986207e-08, 3.0912583604e-10],
        "max": [0.0263427644968, 0.141774997115, 0.415881544352, 0.728495955467, 3.49809026718, 5.11921644211, 1.31986951828, 2.03699374199, 2.34789633751, 9.15784358978, 307.861236572, 1443.58496094, 74.1244506836, 14.050655365, 9.1027469635, 42.9026412964, 230.182907104, 8.80620574951, 3.08149600029, 3.88936161995, 2.49482703209, 1.79929554462, 1.85344088078, 1.81540095806, 1.99000298977, 1.41827559471, 1.56443405151, 1.09937572479, 0.621950745583, 0.529727876186, 0.404960721731, 0.3164704144, 0.209595426917, 0.133664250374, 0.0897496938705, 0.0516613721848, 0.0228614583611, 0.00777045497671, 0.00191527302377, 0.00022939016344],
        "mean": [0.00700171291828, 0.0310291387141, 0.119329370558, 0.178113669157, 1.23430037498, 1.82525765896, 0.419463425875, 0.265890061855, 0.289522975683, 1.1747918129, 61.131187439, 275.716400146, 12.5268030167, 0.688606142998, 0.281407207251, 4.92747831345, 26.2408885956, 1.0819786787, 0.103178791702, 0.185996443033, 0.0844294428825, 0.0848060250282, 0.0562408417463, 0.11845061183, 0.0849371477962, 0.153806075454, 0.0604176782072, 0.0329219996929, 0.0218475405127, 0.0141432546079, 0.0103017762303, 0.00893458724022, 0.00590346800163, 0.0039133601822, 0.00267122662626, 0.00152770290151, 0.000855384918395, 0.000369081215467, 0.000128663537907, 3.01895615848e-05],
        "median": [0.00502000935376, 0.0237369779497, 0.0927242189646, 0.155350118876, 1.30296814442, 1.78976905346, 0.408403813839, 0.238382577896, 0.252036094666, 0.37701562047, 17.2194423676, 75.7639694214, 3.40655851364, 0.167955607176, 0.0723351091146, 0.241559252143, 1.25672960281, 0.0709580257535, 0.0207748003304, 0.0276002511382, 0.0126328179613, 0.0174559224397, 0.0126266628504, 0.0136051774025, 0.0116308033466, 0.0132163884118, 0.0105368662626, 0.00633668107912, 0.00508470833302, 0.00424686679617, 0.00364215672016, 0.0032283551991, 0.00261031999253, 0.00190992176067, 0.00138704525307, 0.000898858474102, 0.000578064704314, 0.000282077380689, 0.000109291970148, 2.00851991394e-05],
        "min": [9.43665838804e-07, 3.09765709972e-06, 9.45854935708e-06, 3.27382622345e-05, 9.65410217759e-05, 0.000321920961142, 0.000739386654459, 0.000554639787879, 0.00012830986816, 0.00012225221144, 0.00157167145517, 0.006584554445, 0.00289303250611, 0.00147831963841, 0.00166363269091, 0.000794594991021, 0.001235390082, 0.00684261834249, 0.0038534484338, 0.00237649446353, 0.00326716550626, 0.00117552361917, 0.00103106244933, 0.00206253770739, 0.0015713631874, 0.00109622930177, 0.00223323749378, 0.000857636914589, 0.000392023997847, 0.000295729201753, 0.00026894142502, 0.000244591734372, 0.000260408414761, 0.000257037288975, 8.8984692411e-05, 5.01036374772e-05, 3.41080449289e-05, 9.55310679274e-06, 3.54146982318e-06, 3.81086607604e-07],
        "var": [3.6007608287e-05, 0.000663030252326, 0.00959807261825, 0.0171240773052, 0.683154642582, 1.79702425003, 0.0553563348949, 0.0478669330478, 0.0926181226969, 3.09388923645, 8824.71777344, 190317.015625, 400.352935791, 2.63207864761, 0.916709303856, 114.572288513, 3321.14208984, 5.0146985054, 0.108435630798, 0.268363833427, 0.079887509346, 0.0418791472912, 0.0426345281303, 0.0833903178573, 0.0658434182405, 0.116736851633, 0.0400793142617, 0.0192333832383, 0.00785018410534, 0.00340635306202, 0.00184514466673, 0.00120071065612, 0.00048716305173, 0.000199249305297, 8.80002917256e-05, 2.82375604002e-05, 5.5127898122e-06, 6.2213490537e-07, 3.6279963922e-08, 8.03292710128e-10]
    },
    "gfcc": {
        "mean": [-188.785949707, 130.019042969, -61.7547073364, -26.8508739471, -54.8021507263, 0.437377095222, -5.5750784874, 8.00976848602, -17.41847229, -3.01616024971, -21.1156768799, -24.622209549, -22.7192173004],
        "cov": [[2357.25024414, 505.320526123, -735.959350586, -420.564849854, -119.194946289, -169.305511475, 173.158630371, 81.4897460938, -67.5305557251, -82.5238723755, -101.827346802, -275.882598877, -163.547714233], [505.320526123, 660.614685059, 66.3092422485, -414.991760254, -72.9333343506, -15.4914960861, 93.964515686, -33.448097229, -112.389442444, -114.936012268, -82.5542831421, -161.606765747, -143.348464966], [-735.959350586, 66.3092422485, 714.27746582, 158.139694214, -0.135922580957, 121.292739868, -40.8426933289, -17.6638259888, 36.9742584229, 4.28680086136, 8.94469070435, 121.166984558, 14.1945514679], [-420.564849854, -414.991760254, 158.139694214, 462.408538818, 67.6682128906, -9.60910797119, -33.1264381409, 78.9084777832, 137.156005859, 91.0556564331, 55.5587615967, 134.24546814, 144.147216797], [-119.194946289, -72.9333343506, -0.135922580957, 67.6682128906, 69.8235473633, 62.8543357849, -10.7976837158, -26.1526279449, 5.8842625618, 47.1506118774, 52.2214202881, 36.2829742432, 0.325133264065], [-169.305511475, -15.4914960861, 121.292739868, -9.60910797119, 62.8543357849, 186.784454346, -38.8234786987, -116.050209045, -18.857755661, 64.3481521606, 71.6040344238, 69.6087417603, -52.979057312], [173.158630371, 93.964515686, -40.8426933289, -33.1264381409, -10.7976837158, -38.8234786987, 51.4588279724, 37.5266342163, -5.01609277725, -25.166097641, -23.8885822296, -44.3994789124, -4.39451408386], [81.4897460938, -33.448097229, -17.6638259888, 78.9084777832, -26.1526279449, -116.050209045, 37.5266342163, 124.332168579, 48.6257743835, -38.7610282898, -46.9057006836, -26.3753871918, 56.4089775085], [-67.5305557251, -112.389442444, 36.9742584229, 137.156005859, 5.8842625618, -18.857755661, -5.01609277725, 48.6257743835, 77.2080764771, 27.3159351349, 8.84540748596, 43.288269043, 62.548915863], [-82.5238723755, -114.936012268, 4.28680086136, 91.0556564331, 47.1506118774, 64.3481521606, -25.166097641, -38.7610282898, 27.3159351349, 72.7494430542, 60.8203544617, 57.9367294312, 17.6603088379], [-101.827346802, -82.5542831421, 8.94469070435, 55.5587615967, 52.2214202881, 71.6040344238, -23.8885822296, -46.9057006836, 8.84540748596, 60.8203544617, 74.7360458374, 55.5631332397, 0.0840764343739], [-275.882598877, -161.606765747, 121.166984558, 134.24546814, 36.2829742432, 69.6087417603, -44.3994789124, -26.3753871918, 43.288269043, 57.9367294312, 55.5631332397, 98.5926361084, 37.8097114563], [-163.547714233, -143.348464966, 14.1945514679, 144.147216797, 0.325133264065, -52.979057312, -4.39451408386, 56.4089775085, 62.548915863, 17.6603088379, 0.0840764343739, 37.8097114563, 85.795249939]],
        "icov": [[0.00340510765091, -0.0069361072965, 0.00714548304677, -0.00669558299705, 0.0143552850932, -0.00583575712517, 0.00197704974562, -0.0131940310821, 0.00565590383485, -0.0109472377226, 0.00256522954442, -0.00716499006376, 0.0113724377006], [-0.0069361072965, 0.0336010269821, -0.0256720595062, 0.0313530229032, -0.0448154583573, 0.0319273993373, -0.0327866487205, 0.0508441776037, -0.0391445867717, 0.0237748306245, -0.0050155040808, 0.026762528345, -0.00887872744352], [0.00714548304677, -0.0256720595062, 0.0244342554361, -0.0260194353759, 0.0420524813235, -0.0274010412395, 0.0189134739339, -0.0423539541662, 0.0289631336927, -0.0190031044185, 0.00646583084017, -0.0273309983313, 0.0169717948884], [-0.00669558299705, 0.0313530229032, -0.0260194353759, 0.0403668358922, -0.0533981956542, 0.0362335219979, -0.0297618489712, 0.0444398447871, -0.0397296138108, 0.0117028858513, 0.00292398245074, 0.0159510876983, -0.0125376675278], [0.0143552850932, -0.0448154583573, 0.0420524813235, -0.0533981956542, 0.132067143917, -0.0731507092714, 0.0367818623781, -0.0985323190689, 0.0690887272358, -0.0512311793864, -0.022623097524, -0.0154000809416, 0.0232261251658], [-0.00583575712517, 0.0319273993373, -0.0274010412395, 0.0362335219979, -0.0731507092714, 0.0847959294915, -0.0505009740591, 0.0795959532261, -0.0590465664864, 0.00856861192733, 0.0196410268545, -0.0165673308074, 0.0321622751653], [0.00197704974562, -0.0327866487205, 0.0189134739339, -0.0297618489712, 0.0367818623781, -0.0505009740591, 0.0947023257613, -0.0669675394893, 0.0478907525539, -0.00983317103237, -0.0154275782406, 0.0202515441924, -0.028380734846], [-0.0131940310821, 0.0508441776037, -0.0423539541662, 0.0444398447871, -0.0985323190689, 0.0795959532261, -0.0669675394893, 0.143808916211, -0.0944839715958, 0.0750274658203, -0.000845392176416, 0.0304630156606, -0.0162994768471], [0.00565590383485, -0.0391445867717, 0.0289631336927, -0.0397296138108, 0.0690887272358, -0.0590465664864, 0.0478907525539, -0.0944839715958, 0.116060577333, -0.0514197275043, 0.00739270681515, -0.0328417122364, -0.0243750791997], [-0.0109472377226, 0.0237748306245, -0.0190031044185, 0.0117028858513, -0.0512311793864, 0.00856861192733, -0.00983317103237, 0.0750274658203, -0.0514197275043, 0.134974807501, -0.0546560175717, 0.0368655025959, -0.048499841243], [0.00256522954442, -0.0050155040808, 0.00646583084017, 0.00292398245074, -0.022623097524, 0.0196410268545, -0.0154275782406, -0.000845392176416, 0.00739270681515, -0.0546560175717, 0.0876807048917, -0.0594511702657, 0.0344822667539], [-0.00716499006376, 0.026762528345, -0.0273309983313, 0.0159510876983, -0.0154000809416, -0.0165673308074, 0.0202515441924, 0.0304630156606, -0.0328417122364, 0.0368655025959, -0.0594511702657, 0.130262941122, -0.0613782070577], [0.0113724377006, -0.00887872744352, 0.0169717948884, -0.0125376675278, 0.0232261251658, 0.0321622751653, -0.028380734846, -0.0162994768471, -0.0243750791997, -0.048499841243, 0.0344822667539, -0.0613782070577, 0.120561338961]]
    },
    "melbands": {
        "dmean": [3.37753081112e-05, 3.28187015839e-05, 1.75911281985e-05, 3.95987190132e-05, 6.35193555354e-06, 3.1797610518e-06, 2.09728091249e-06, 1.65675749031e-06, 0.000117799863801, 0.000163664240972, 2.86935824079e-06, 6.41258452561e-07, 4.984088946e-07, 2.41103663257e-07, 1.44260784509e-05, 7.31507134333e-06, 1.08388967135e-07, 7.40537160482e-08, 9.23483440829e-08, 9.1401936686e-08, 7.79778872584e-08, 4.86743694239e-08, 4.5479595201e-08, 3.96808381709e-08, 6.74428335401e-08, 6.00501124381e-08, 6.53144098806e-08, 6.21015345814e-08, 4.47122410208e-08, 3.35775496296e-08, 2.0308974058e-08, 1.5089874239e-08, 1.041391684e-08, 6.52721743322e-09, 4.50892745363e-09, 4.8297548183e-09, 4.71286654147e-09, 3.48783268933e-09, 2.28235230715e-09, 2.67864419534e-09],
        "dmean2": [5.67726201552e-05, 5.43347341591e-05, 3.27569869114e-05, 6.51063164696e-05, 1.00671277323e-05, 5.41826875633e-06, 3.54335475095e-06, 1.91945605366e-06, 0.000101436547993, 0.000133899855427, 3.16454247695e-06, 7.08759444024e-07, 5.64577078421e-07, 2.62855792243e-07, 9.83232712315e-06, 5.18050910614e-06, 1.30508013285e-07, 9.16369558013e-08, 1.14573289522e-07, 1.21106324968e-07, 9.31555064199e-08, 6.30811243241e-08, 6.2945467505e-08, 6.22477358547e-08, 1.13713625183e-07, 1.08537193455e-07, 1.1401003519e-07, 1.04266803191e-07, 7.76501920541e-08, 5.83365533657e-08, 3.48431221653e-08, 2.52674166035e-08, 1.6365747868e-08, 9.04753427733e-09, 6.16837336764e-09, 6.38258779162e-09, 6.73575373256e-09, 4.88200324611e-09, 3.03132252633e-09, 4.07420985837e-09],
        "dvar": [8.85259920924e-10, 6.67789434861e-10, 2.37653813295e-10, 1.67264591067e-09, 3.44724110368e-11, 3.95538254927e-11, 2.70217841158e-11, 9.54049200752e-11, 1.02045426331e-07, 2.34525941778e-07, 5.70061886584e-10, 2.80237603956e-11, 1.33990284146e-11, 3.93523321568e-12, 8.79366690576e-10, 2.2025542501e-10, 4.92688518022e-13, 2.36517023414e-13, 1.16894517612e-13, 1.18571087194e-13, 8.15947990055e-14, 3.54286370206e-14, 3.44966093993e-14, 3.81666676345e-14, 5.76625403784e-14, 5.0907889693e-14, 4.79983111904e-14, 3.59368364602e-14, 2.67211738982e-14, 1.75395061566e-14, 7.72489135105e-15, 3.9450267292e-15, 1.84909918188e-15, 9.31477049898e-16, 6.13232954389e-16, 5.62270634783e-16, 4.33145650051e-16, 2.69044477935e-16, 1.70037443708e-16, 1.46828304202e-16],
        "dvar2": [2.47157139199e-09, 1.74996883651e-09, 7.3822858937e-10, 4.50660087026e-09, 9.04596120233e-11, 1.15342020657e-10, 6.60586516044e-11, 9.10073891247e-11, 8.8163808698e-08, 1.95503062628e-07, 5.78415371155e-10, 2.86431659641e-11, 1.37379317991e-11, 3.95887142512e-12, 3.07797287658e-10, 8.07223177191e-11, 4.82170564326e-13, 2.42688546126e-13, 1.34490454797e-13, 1.47951488842e-13, 9.52057240011e-14, 4.01170931327e-14, 4.28558759118e-14, 6.7151992788e-14, 1.62165298009e-13, 1.47407341325e-13, 1.40977520998e-13, 1.02985952015e-13, 7.18651619333e-14, 4.67749279522e-14, 1.95619125146e-14, 9.25604739881e-15, 3.09068367585e-15, 1.14040312617e-15, 6.57239545312e-16, 6.68764752049e-16, 5.50878200461e-16, 3.1970551851e-16, 1.75597619437e-16, 1.95583375062e-16],
        "max": [0.000170454368345, 0.000205688731512, 0.000121175515233, 0.000377483171178, 5.41519766557e-05, 4.64693912363e-05, 3.28036039718e-05, 9.813332872e-05, 0.00521506881341, 0.00772176962346, 0.000230081524933, 5.13503146067e-05, 3.58339675586e-05, 1.90643913811e-05, 0.000530651013833, 0.000261217850493, 6.88048612574e-06, 4.66584879177e-06, 4.95691256219e-06, 4.62089792563e-06, 2.57782221524e-06, 1.8497767087e-06, 1.86436182048e-06, 1.48989045101e-06, 1.56904718551e-06, 1.40285840189e-06, 1.30711259771e-06, 1.05083745439e-06, 1.04372611531e-06, 8.51117818002e-07, 5.50666300114e-07, 3.66021140508e-07, 3.39453379183e-07, 2.76449128478e-07, 2.33557727825e-07, 2.15382357283e-07, 1.85975466138e-07, 1.50749187355e-07, 1.25726373312e-07, 1.07782298642e-07],
        "mean": [5.34680621058e-05, 5.54590551474e-05, 4.17892770201e-05, 0.000150437204866, 1.76411158463e-05, 6.6905681706e-06, 3.73861371372e-06, 2.39385872192e-06, 0.00102209777106, 0.00147661473602, 3.43108217749e-06, 7.49788455323e-07, 6.4465638161e-07, 2.64457639787e-07, 6.00152816332e-05, 3.00305346173e-05, 1.32530800556e-07, 8.24975998626e-08, 2.02004756034e-07, 1.80369283953e-07, 8.84297932657e-08, 7.77592461532e-08, 8.97784389053e-08, 3.34215606301e-08, 1.07030487584e-07, 6.48891784749e-08, 9.30810770683e-08, 9.345744445e-08, 3.70992019327e-08, 2.73535611939e-08, 1.63163722533e-08, 1.289977547e-08, 9.62154356188e-09, 7.21609394461e-09, 5.88201221063e-09, 5.7627325134e-09, 5.33880317732e-09, 4.40711733773e-09, 3.27522031718e-09, 3.31609006921e-09],
        "median": [4.37679082097e-05, 4.14632486354e-05, 4.12734516431e-05, 0.00015630965936, 1.62276974152e-05, 6.02871750743e-06, 2.91621427095e-06, 8.66550067258e-07, 0.000287751929136, 0.000405459868489, 5.21033825862e-07, 1.35185018735e-07, 1.84062926678e-07, 4.81496940097e-08, 2.81961774817e-06, 1.48468473071e-06, 3.54853781914e-08, 1.88062987405e-08, 2.99830276163e-08, 2.11615578394e-08, 1.19650227504e-08, 1.70668972288e-08, 1.58678084006e-08, 5.59065949091e-09, 1.20828049788e-08, 9.62067758792e-09, 9.01729713121e-09, 7.76565212135e-09, 6.57820287131e-09, 4.60712312744e-09, 3.29423532897e-09, 3.11913250783e-09, 2.49989207113e-09, 2.27068719383e-09, 2.13785078529e-09, 1.95106308887e-09, 1.93061566733e-09, 1.88301485515e-09, 1.62438995588e-09, 1.54110235684e-09],
        "min": [8.13500378172e-09, 4.62859794936e-09, 7.01914304457e-09, 1.36842235321e-08, 2.45472993043e-08, 1.26649295495e-08, 1.81741488525e-09, 1.2358708501e-09, 1.87475066582e-08, 4.13605221183e-08, 1.33021611504e-08, 5.84885606614e-09, 5.87453508061e-09, 2.27739715974e-09, 2.66649924363e-09, 3.02999869639e-09, 5.07571984443e-09, 5.475214504e-09, 2.68468292042e-09, 3.85338028153e-09, 2.955236722e-09, 1.13102616162e-09, 1.00127905966e-09, 9.35519328671e-10, 1.83703674494e-09, 1.16114950988e-09, 8.27479307297e-10, 6.5043925801e-10, 1.93957006012e-09, 5.45039791078e-10, 4.59194626767e-10, 2.36130587306e-10, 1.42860820396e-10, 1.69185096488e-10, 1.4740832166e-10, 1.41401987341e-10, 1.67502886561e-10, 1.42671666148e-10, 2.52796533706e-10, 2.06905159672e-10],
        "var": [1.70487790552e-09, 1.73619996158e-09, 6.02033201069e-10, 1.08683231304e-08, 1.27338140032e-10, 2.56958187367e-11, 2.00493632113e-11, 1.03409239505e-10, 2.50849666372e-06, 5.45123702977e-06, 5.71525771154e-10, 2.84776768139e-11, 1.3815875527e-11, 3.92810263483e-12, 1.75638028566e-08, 4.28765867255e-09, 5.11646009848e-13, 2.37432496624e-13, 3.66796328553e-13, 3.05491499068e-13, 9.16863021052e-14, 4.29518210278e-14, 4.54723200283e-14, 3.12282311284e-14, 6.42099830879e-14, 3.36770169314e-14, 4.72434862498e-14, 4.54496974724e-14, 1.7473881432e-14, 1.11052016378e-14, 5.03689243228e-15, 2.74663773916e-15, 1.57730282625e-15, 8.97054160317e-16, 6.11017486776e-16, 5.52032865187e-16, 4.14870437758e-16, 2.5926887069e-16, 1.68561475563e-16, 1.3503112048e-16]
    },
    "mfcc": {
        "mean": [-879.864379883, 181.922286987, 38.0672798157, 12.9730319977, -9.86297512054, -4.07719087601, 5.91849327087, -1.48114991188, 2.36472034454, 16.2622509003, 16.3314819336, 8.80021953583, -15.6412677765],
        "cov": [[2039.16943359, 95.0244369507, -578.292907715, 102.342727661, -217.808074951, -233.254470825, -27.1423282623, -42.6878967285, 59.0270957947, 142.739715576, 24.9210777283, 20.3549938202, -16.5953102112], [95.0244369507, 743.216308594, 189.61126709, -116.818382263, -71.4287567139, -68.1840209961, 55.8422355652, -5.84074687958, -86.5531768799, -15.5391654968, 92.8923416138, 24.4331932068, -140.245361328], [-578.292907715, 189.61126709, 414.612731934, -48.1761703491, 77.8678436279, 119.459892273, 15.9796247482, 40.3514556885, -27.9202747345, -79.8777618408, 24.9453144073, 34.8387107849, -14.7767858505], [102.342727661, -116.818382263, -48.1761703491, 161.55581665, 15.9182567596, -34.3228797913, -8.91383838654, -1.22794699669, 61.1544265747, 69.0175018311, -36.2662658691, -38.7898750305, 56.4038734436], [-217.808074951, -71.4287567139, 77.8678436279, 15.9182567596, 65.0352401733, 55.9637107849, -0.70941388607, 11.3287801743, 3.29929542542, -16.6022186279, 2.14813566208, 18.5928497314, 25.4997634888], [-233.254470825, -68.1840209961, 119.459892273, -34.3228797913, 55.9637107849, 134.401611328, 14.7556238174, 10.6169376373, -15.6762704849, -66.4160995483, 12.9224300385, 71.9628219604, 19.7962722778], [-27.1423282623, 55.8422355652, 15.9796247482, -8.91383838654, -0.70941388607, 14.7556238174, 48.2362785339, 11.9193115234, -20.5530929565, -5.70130681992, 14.8107738495, 7.11059999466, -10.5409650803], [-42.6878967285, -5.84074687958, 40.3514556885, -1.22794699669, 11.3287801743, 10.6169376373, 11.9193115234, 34.6390609741, 15.1758432388, -2.08212637901, -4.13751745224, -2.08798980713, 2.97384858131], [59.0270957947, -86.5531768799, -27.9202747345, 61.1544265747, 3.29929542542, -15.6762704849, -20.5530929565, 15.1758432388, 71.7363967896, 36.5194892883, -42.0473022461, -31.1108589172, 32.7738952637], [142.739715576, -15.5391654968, -79.8777618408, 69.0175018311, -16.6022186279, -66.4160995483, -5.70130681992, -2.08212637901, 36.5194892883, 89.8320846558, -21.4327011108, -62.9988059998, 27.8360939026], [24.9210777283, 92.8923416138, 24.9453144073, -36.2662658691, 2.14813566208, 12.9224300385, 14.8107738495, -4.13751745224, -42.0473022461, -21.4327011108, 54.2110290527, 37.2737579346, -28.007932663], [20.3549938202, 24.4331932068, 34.8387107849, -38.7898750305, 18.5928497314, 71.9628219604, 7.11059999466, -2.08798980713, -31.1108589172, -62.9988059998, 37.2737579346, 100.874305725, -10.9103002548], [-16.5953102112, -140.245361328, -14.7767858505, 56.4038734436, 25.4997634888, 19.7962722778, -10.5409650803, 2.97384858131, 32.7738952637, 27.8360939026, -28.007932663, -10.9103002548, 71.6476669312]],
