{
"lowlevel": {
    "average_loudness": 0.675211846828,
    "barkbands_crest": {
        "dmean": 2.06600737572,
        "dmean2": 3.12048125267,
        "dvar": 3.40139269829,
        "dvar2": 7.16279506683,
        "max": 26.0566101074,
        "mean": 13.1467418671,
        "median": 10.4558601379,
        "min": 5.23302221298,
        "var": 42.1718902588
    },
    "barkbands_flatness_db": {
        "dmean": 0.0165300033987,
        "dmean2": 0.0213539879769,
        "dvar": 0.000373824645067,
        "dvar2": 0.000525951443706,
        "max": 0.388882726431,
        "mean": 0.192951768637,
        "median": 0.175161913037,
        "min": 0.115392915905,
        "var": 0.00313734379597
    },
    "barkbands_kurtosis": {
        "dmean": 5.31356096268,
        "dmean2": 8.72973632812,
        "dvar": 66.9167785645,
        "dvar2": 160.524505615,
        "max": 93.9164199829,
        "mean": 11.5975761414,
        "median": 9.83787441254,
        "min": -0.0998578071594,
        "var": 126.645950317
    },
    "barkbands_skewness": {
        "dmean": 0.513798356056,
        "dmean2": 0.885472357273,
        "dvar": 0.464236408472,
        "dvar2": 1.3068164587,
        "max": 5.2350320816,
        "mean": 1.36582970619,
        "median": 1.37038815022,
        "min": -2.50848340988,
        "var": 1.18493950367
    },
    "barkbands_spread": {
        "dmean": 1.84026300907,
        "dmean2": 2.9975912571,
        "dvar": 2.83173441887,
        "dvar2": 6.74098300934,
        "max": 19.2102336884,
        "mean": 8.817943573,
        "median": 9.71155643463,
        "min": 0.473538339138,
        "var": 15.6992578506
    },
    "dissonance": {
        "dmean": 0.0217930097133,
        "dmean2": 0.0328955054283,
        "dvar": 0.000418190960772,
        "dvar2": 0.00102044490632,
        "max": 0.497344136238,
        "mean": 0.427510797977,
        "median": 0.43486559391,
        "min": 0.273917704821,
        "var": 0.001458228915
    },
    "dynamic_complexity": 5.26512098312,
    "erbbands_crest": {
        "dmean": 1.64395034313,
        "dmean2": 2.39919066429,
        "dvar": 3.19262695312,
        "dvar2": 4.94790124893,
        "max": 31.534029007,
        "mean": 20.2318210602,
        "median": 18.3319664001,
        "min": 10.1137695312,
        "var": 29.283914566
    },
    "erbbands_flatness_db": {
        "dmean": 0.0152521217242,
        "dmean2": 0.0186671949923,
        "dvar": 0.000264534464804,
        "dvar2": 0.000378607393941,
        "max": 0.413332015276,
        "mean": 0.218290671706,
        "median": 0.202323064208,
        "min": 0.099952802062,
        "var": 0.00549898063764
    },
    "erbbands_kurtosis": {
        "dmean": 3.01923942566,
        "dmean2": 4.16900920868,
        "dvar": 14.8168048859,
        "dvar2": 19.0550251007,
        "max": 45.2543067932,
        "mean": 10.0157394409,
        "median": 9.25792598724,
        "min": -1.26230084896,
        "var": 54.0274047852
    },
    "erbbands_skewness": {
        "dmean": 0.460686326027,
        "dmean2": 0.663451135159,
        "dvar": 0.165187075734,
        "dvar2": 0.276582747698,
        "max": 5.20459318161,
        "mean": 2.27062058449,
        "median": 2.28760576248,
        "min": -0.280828952789,
        "var": 0.761487066746
    },
    "erbbands_spread": {
        "dmean": 2.01084589958,
        "dmean2": 2.81813883781,
        "dvar": 3.90351319313,
        "dvar2": 7.45851993561,
        "max": 29.1006984711,
        "mean": 11.3057317734,
        "median": 9.91174411774,
        "min": 1.12479090691,
        "var": 36.4008483887
    },
    "hfc": {
        "dmean": 2.19377374649,
        "dmean2": 2.05152988434,
        "dvar": 34.6654968262,
        "dvar2": 40.5397453308,
        "max": 96.1635971069,
        "mean": 6.96126079559,
        "median": 1.50171649456,
        "min": 0.0215944871306,
        "var": 201.469299316
    },
    "melbands_crest": {
        "dmean": 2.58866500854,
        "dmean2": 4.21864700317,
        "dvar": 5.27931976318,
        "dvar2": 13.7327899933,
        "max": 24.5907554626,
        "mean": 14.0371608734,
        "median": 12.8204126358,
        "min": 7.04299354553,
        "var": 22.8637180328
    },
    "melbands_flatness_db": {
        "dmean": 0.019293980673,
        "dmean2": 0.024396199733,
        "dvar": 0.000392622809159,
        "dvar2": 0.00066048419103,
        "max": 0.468632787466,
        "mean": 0.300244837999,
        "median": 0.290597468615,
        "min": 0.220831125975,
        "var": 0.00231714174151
    },
    "melbands_kurtosis": {
        "dmean": 3.174898386,
        "dmean2": 5.0841460228,
        "dvar": 17.667640686,
        "dvar2": 37.4400558472,
        "max": 56.9834022522,
        "mean": 5.61140632629,
        "median": 3.58798074722,
        "min": -0.210951566696,
        "var": 53.2790756226
    },
    "melbands_skewness": {
        "dmean": 0.407450586557,
        "dmean2": 0.638674139977,
        "dvar": 0.205266699195,
        "dvar2": 0.430966436863,
        "max": 3.14631414413,
        "mean": 0.536514699459,
        "median": 0.483875453472,
        "min": -2.70222687721,
        "var": 0.743206560612
    },
    "melbands_spread": {
        "dmean": 2.50027871132,
        "dmean2": 4.15254020691,
        "dvar": 6.14564609528,
        "dvar2": 15.4611244202,
        "max": 25.2457103729,
        "mean": 10.281914711,
        "median": 10.3429203033,
        "min": 0.986853182316,
        "var": 16.219789505
    },
    "pitch_salience": {
        "dmean": 0.0630415976048,
        "dmean2": 0.0994408875704,
        "dvar": 0.00360953295603,
        "dvar2": 0.00878177583218,
        "max": 0.700080513954,
        "mean": 0.422254294157,
        "median": 0.436478942633,
        "min": 0.103686466813,
        "var": 0.0164724327624
    },
    "silence_rate_20dB": {
        "dmean": 0,
        "dmean2": 0,
        "dvar": 0,
        "dvar2": 0,
        "max": 1,
        "mean": 1,
        "median": 1,
        "min": 1,
        "var": 0
    },
    "silence_rate_30dB": {
        "dmean": 0.0133333336562,
        "dmean2": 0.0201342273504,
        "dvar": 0.0131555199623,
        "dvar2": 0.0197287686169,
        "max": 1,
        "mean": 0.986754953861,
        "median": 1,
        "min": 0,
        "var": 0.0130696455017
    },
    "silence_rate_60dB": {
        "dmean": 0.0333333350718,
        "dmean2": 0.0671140924096,
        "dvar": 0.0322221778333,
        "dvar2": 0.0894553810358,
        "max": 1,
        "mean": 0.523178815842,
        "median": 1,
        "min": 0,
        "var": 0.249462708831
    },
    "spectral_centroid": {
        "dmean": 39.2978897095,
        "dmean2": 64.5607528687,
        "dvar": 1688.55334473,
        "dvar2": 4382.83496094,
        "max": 976.725158691,
        "mean": 640.243041992,
        "median": 622.278869629,
        "min": 431.162780762,
        "var": 11190.6328125
    },
    "spectral_complexity": {
        "dmean": 0.680000007153,
        "dmean2": 1.14765095711,
        "dvar": 0.577600121498,
        "dvar2": 1.03860139847,
        "max": 11,
        "mean": 5.71523189545,
        "median": 5,
        "min": 0,
        "var": 3.48844575882
    },
    "spectral_decrease": {
        "dmean": 9.0439539191e-10,
        "dmean2": 8.83678741292e-10,
        "dvar": 5.20925593434e-18,
        "dvar2": 6.1016208607e-18,
        "max": -1.62760204619e-11,
        "mean": -2.62927501993e-09,
        "median": -7.48836881392e-10,
        "min": -3.62013636845e-08,
        "var": 2.77565781585e-17
    },
    "spectral_energy": {
        "dmean": 0.00360915227793,
        "dmean2": 0.00351409777068,
        "dvar": 8.36882463773e-05,
        "dvar2": 9.80139302555e-05,
        "max": 0.145354121923,
        "mean": 0.010554892011,
        "median": 0.00301928329282,
        "min": 6.33882227703e-05,
        "var": 0.000448202597909
    },
    "spectral_energyband_high": {
        "dmean": 2.94186042993e-06,
        "dmean2": 3.83420911021e-06,
        "dvar": 3.69739239225e-10,
        "dvar2": 3.77470943391e-10,
        "max": 0.000253264966886,
        "mean": 1.65675119206e-05,
        "median": 1.48239378177e-05,
        "min": 4.60523125412e-07,
        "var": 3.77826547826e-10
    },
    "spectral_energyband_low": {
        "dmean": 0.000435780821135,
        "dmean2": 0.0007350310334,
        "dvar": 1.38161979635e-07,
        "dvar2": 4.01421772267e-07,
        "max": 0.00216697249562,
        "mean": 0.000677089963574,
        "median": 0.000568984658457,
        "min": 2.89040726784e-05,
        "var": 1.8316396222e-07
    },
    "spectral_energyband_middle_high": {
        "dmean": 0.000101275036286,
        "dmean2": 0.000141373791848,
        "dvar": 7.27978317627e-08,
        "dvar2": 1.16594826238e-07,
        "max": 0.00374748068862,
        "mean": 0.000382127676858,
        "median": 7.253260992e-05,
        "min": 1.06291554403e-06,
        "var": 3.66787759276e-07
    },
    "spectral_energyband_middle_low": {
        "dmean": 0.00351138436235,
        "dmean2": 0.00332272378728,
        "dvar": 8.76421763678e-05,
        "dvar2": 0.000104792248749,
        "max": 0.14369122684,
        "mean": 0.00953138899058,
        "median": 0.00198737904429,
        "min": 2.60871365754e-05,
        "var": 0.000432820350397
    },
    "spectral_entropy": {
        "dmean": 0.149879261851,
        "dmean2": 0.192394033074,
        "dvar": 0.0422412604094,
        "dvar2": 0.0574989132583,
        "max": 7.67626047134,
        "mean": 6.64888000488,
        "median": 6.76668405533,
        "min": 4.75859880447,
        "var": 0.385186880827
    },
    "spectral_flux": {
        "dmean": 0.00923075713217,
        "dmean2": 0.012983395718,
        "dvar": 0.000267834460828,
        "dvar2": 0.000328261085087,
        "max": 0.312200158834,
        "mean": 0.0296943038702,
        "median": 0.0207526348531,
        "min": 0.0100651839748,
        "var": 0.00103420880623
    },
    "spectral_kurtosis": {
        "dmean": 2.20024037361,
        "dmean2": 3.31640934944,
        "dvar": 14.1658563614,
        "dvar2": 24.321144104,
        "max": 50.8586425781,
        "mean": 14.0478143692,
        "median": 11.2485218048,
        "min": 6.13544368744,
        "var": 60.9782562256
    },
    "spectral_rms": {
        "dmean": 0.00037299154792,
        "dmean2": 0.000398603238864,
        "dvar": 3.39458352983e-07,
        "dvar2": 3.53434444378e-07,
        "max": 0.0119083542377,
        "mean": 0.0025050023105,
        "median": 0.00171628734097,
        "min": 0.000248680851655,
        "var": 4.02241585107e-06
    },
    "spectral_rolloff": {
        "dmean": 68.7626953125,
        "dmean2": 118.938430786,
        "dvar": 50687.5898438,
        "dvar2": 114429.546875,
        "max": 1959.52148438,
        "mean": 686.924316406,
        "median": 667.529296875,
        "min": 409.130859375,
        "var": 53907.9648438
    },
    "spectral_skewness": {
        "dmean": 0.214854612947,
        "dmean2": 0.33073759079,
        "dvar": 0.0883953273296,
        "dvar2": 0.140769228339,
        "max": 5.99706506729,
        "mean": 3.07050013542,
        "median": 2.85543322563,
        "min": 2.10917592049,
        "var": 0.505615890026
    },
    "spectral_spread": {
        "dmean": 328889.65625,
        "dmean2": 511648.4375,
        "dvar": 437386772480,
        "dvar2": 458436313088,
        "max": 14088735,
        "mean": 4688234.5,
        "median": 4896274,
        "min": 1975217.625,
        "var": 2.12723656294e+12
    },
    "spectral_strongpeak": {
        "dmean": 0.382927626371,
        "dmean2": 0.42988884449,
        "dvar": 0.461855769157,
        "dvar2": 0.574644327164,
        "max": 9.19330692291,
        "mean": 1.42172574997,
        "median": 0.657923817635,
        "min": 0,
        "var": 2.94910001755
    },
    "zerocrossingrate": {
        "dmean": 0.00599283864722,
        "dmean2": 0.00780594581738,
        "dvar": 3.29109825543e-05,
        "dvar2": 4.81925162603e-05,
        "max": 0.0966796875,
        "mean": 0.0469202697277,
        "median": 0.04541015625,
        "min": 0.0087890625,
        "var": 0.000210128404433
    },
    "barkbands": {
        "dmean": [2.25243747991e-05, 0.000313938304316, 0.000202333045308, 6.84206461301e-05, 8.49273710628e-05, 0.000127899300423, 0.000132386529003, 0.000122173398267, 0.00346427084878, 2.12804570765e-05, 7.54073789722e-06, 5.75319836571e-06, 3.99943055527e-05, 2.86215936285e-06, 6.68701104587e-05, 3.0821540804e-06, 2.50547009273e-06, 1.08123515474e-06, 1.55135535351e-06, 8.5631654656e-07, 7.6610922406e-07, 5.00127782743e-07, 4.23191437449e-07, 3.87476205788e-07, 4.36867793496e-07, 5.48542345769e-07, 9.8108353086e-07],
        "dmean2": [4.17702358391e-05, 0.000545661197975, 0.000359665515134, 0.000119337761134, 0.000152963839355, 0.000214188461541, 0.000208616853342, 0.000167928577866, 0.00323578459211, 2.91366959573e-05, 9.79007927526e-06, 7.94105017121e-06, 5.39510656381e-05, 4.47327192887e-06, 0.000106951585622, 4.9701984608e-06, 4.27487384513e-06, 1.5423761397e-06, 2.27592727242e-06, 1.18506056879e-06, 1.07693642803e-06, 6.73742931667e-07, 5.9037245137e-07, 5.50111792563e-07, 6.09235314641e-07, 8.12434393538e-07, 1.57170211423e-06],
        "dvar": [3.74285269444e-10, 8.38338110043e-08, 5.01485750704e-08, 4.43035030884e-09, 2.2369370356e-08, 7.95442929302e-08, 1.0288454888e-07, 4.45031474783e-07, 9.5743809652e-05, 1.95389393554e-08, 1.90915283582e-09, 1.16166465336e-09, 1.24732597584e-08, 9.28317492321e-11, 2.1857250232e-08, 9.55236653666e-11, 4.2202224354e-11, 2.12368490848e-11, 4.68303902601e-11, 9.95992958247e-12, 1.64186407525e-11, 8.83693118681e-12, 5.3681586086e-12, 4.64274452217e-12, 4.73354818883e-12, 3.74689602262e-12, 3.73717983643e-12],
        "dvar2": [1.16782894466e-09, 2.38540621922e-07, 1.47303794051e-07, 1.20933858483e-08, 7.342742947e-08, 2.34699399471e-07, 2.44868488153e-07, 4.29193448781e-07, 0.000121905977721, 2.00366496728e-08, 2.15488582533e-09, 1.20101395495e-09, 2.49221550064e-08, 1.06216181683e-10, 5.65176314637e-08, 1.21351859117e-10, 1.27429691799e-10, 2.13203430605e-11, 5.74906615369e-11, 7.81058117488e-12, 1.73924884911e-11, 9.20890273759e-12, 5.68598119977e-12, 4.80401439115e-12, 4.84757069555e-12, 3.75841415282e-12, 4.11247251531e-12],
        "max": [9.96266462607e-05, 0.00169753271621, 0.00126965180971, 0.000318172154948, 0.0012238889467, 0.00317322346382, 0.00368096213788, 0.00938730314374, 0.140273272991, 0.00181762082502, 0.000536666775588, 0.000419437477831, 0.00131180521566, 0.000116718765639, 0.00191643787548, 0.000120217409858, 7.07653307472e-05, 5.77916507609e-05, 9.72230773186e-05, 4.6983390348e-05, 5.18132728757e-05, 3.78234617529e-05, 2.91893120448e-05, 2.77850213024e-05, 2.83278095594e-05, 2.66290462605e-05, 2.99865714624e-05],
        "mean": [2.07770772249e-05, 0.000390565692214, 0.000223368901061, 8.05611998658e-05, 0.000115955583169, 0.000425992911914, 0.00021416664822, 0.000519395049196, 0.00813729129732, 4.79382688354e-05, 9.89772706816e-06, 7.38409062251e-06, 8.22923975647e-05, 4.63527476313e-06, 0.000238813008764, 4.71733892482e-06, 5.26004987478e-06, 1.83745419235e-06, 3.05788125843e-06, 1.9051686877e-06, 1.69422287399e-06, 1.26269048906e-06, 1.17652564313e-06, 1.27005421291e-06, 1.57409226631e-06, 2.48168680628e-06, 6.98623534845e-06],
        "median": [1.46943657455e-05, 0.000298056926113, 0.000148171995534, 5.7406767155e-05, 7.17205984984e-05, 0.000367936969269, 0.000113093825348, 0.00041894626338, 0.000657697615679, 1.58275379363e-05, 4.43830549557e-06, 3.43518286172e-06, 6.67869016979e-06, 2.56236285168e-06, 2.57147785305e-05, 2.39929113377e-06, 1.49539619088e-06, 1.10674295684e-06, 1.42299427353e-06, 1.44146144976e-06, 1.25602912249e-06, 9.22201820686e-07, 9.65569711298e-07, 1.08600613657e-06, 1.37525989885e-06, 2.27893860938e-06, 6.89967919243e-06],
        "min": [8.84998030415e-07, 1.81746599992e-05, 3.10232326228e-06, 1.68943714129e-07, 2.39781275013e-06, 6.65412426315e-06, 5.98525639361e-06, 8.71133579494e-06, 2.14257374864e-06, 2.72617342034e-07, 4.5402998694e-07, 3.56467104723e-08, 2.77373857216e-08, 3.23187947515e-08, 1.13040101724e-07, 5.94302207446e-08, 2.18398046314e-08, 4.41205916246e-09, 3.06396721328e-08, 5.35406989854e-08, 7.870947627e-08, 5.47664384953e-08, 2.42034037257e-08, 4.50254624695e-08, 3.77406550456e-08, 6.72510935829e-08, 1.41201809356e-07],
        "var": [3.77309239408e-10, 1.00456560403e-07, 4.98388565973e-08, 4.75801886779e-09, 2.55821621664e-08, 9.35567996407e-08, 1.6633620703e-07, 5.63653316021e-07, 0.000397595984396, 2.25176428614e-08, 1.94444460533e-09, 1.15233134146e-09, 4.07771736377e-08, 1.02789950163e-10, 1.33199534957e-07, 1.05416952945e-10, 1.11959982951e-10, 2.31547125223e-11, 7.50427706087e-11, 1.42758903657e-11, 1.71150628392e-11, 9.02749403009e-12, 5.30020471956e-12, 4.73997837508e-12, 4.84406872253e-12, 4.06783114137e-12, 4.2548837717e-12]
    },
    "erbbands": {
        "dmean": [0.0104878088459, 0.0684051066637, 0.205837503076, 0.217203438282, 0.310443609953, 0.267234355211, 0.335470885038, 1.16530656815, 1.85369384289, 1.77565693855, 16.3991012573, 93.9686279297, 4.32733392715, 0.454586327076, 0.245363488793, 0.467261105776, 1.9336835146, 0.214189708233, 0.323118567467, 4.51410293579, 0.346850425005, 0.112054824829, 0.0853253379464, 0.0825812444091, 0.0496350377798, 0.043074131012, 0.0342217236757, 0.0268811285496, 0.0200746767223, 0.0145441433415, 0.012204091996, 0.00970907881856, 0.00683404365554, 0.00504891294986, 0.00335109001026, 0.00220739794895, 0.00117286085151, 0.000525423907675, 0.000167527876329, 2.00953654712e-05],
        "dmean2": [0.0188444908708, 0.11935569346, 0.360459387302, 0.36791947484, 0.574318826199, 0.484209865332, 0.563558697701, 2.01669979095, 3.06257867813, 2.7623770237, 16.0023994446, 87.6513366699, 3.51510596275, 0.489736735821, 0.315890461206, 0.604548275471, 2.63064646721, 0.297618418932, 0.518653690815, 7.2732219696, 0.569208979607, 0.179303079844, 0.138675168157, 0.124617509544, 0.0707242414355, 0.0613880418241, 0.0485131293535, 0.0373128950596, 0.0277613028884, 0.0194977205247, 0.0171183329076, 0.0143186729401, 0.00966526567936, 0.00744543317705, 0.00456502428278, 0.0033044279553, 0.00175125943497, 0.000848489406053, 0.000280606094748, 3.12736265187e-05],
        "dvar": [0.000112348425318, 0.00414298055694, 0.0407577306032, 0.0447336994112, 0.249934762716, 0.259440720081, 0.535099864006, 6.12044715881, 7.16308259964, 40.8006134033, 1839.36181641, 71169.4140625, 132.204849243, 6.71527719498, 2.41325807571, 2.36906695366, 29.7897224426, 0.303395926952, 0.385314792395, 100.624351501, 0.522485435009, 0.0809628069401, 0.0637057572603, 0.112510845065, 0.064446657896, 0.0235607456416, 0.0263133924454, 0.0221928991377, 0.0119580607861, 0.00773597182706, 0.00416190363467, 0.0021328215953, 0.00123200006783, 0.000498556124512, 0.000271969096502, 7.67660167185e-05, 1.15750035548e-05, 1.37695383273e-06, 6.77891662804e-08, 7.34815930326e-10],
        "dvar2": [0.000337910372764, 0.0108393914998, 0.111816927791, 0.136157691479, 0.876821935177, 0.76947760582, 1.37740719318, 18.684381485, 20.5930156708, 94.6042556763, 1814.7833252, 90968.109375, 77.5429992676, 5.89281988144, 2.53346800804, 2.38320326805, 59.8681755066, 0.335953563452, 0.872788071632, 263.03692627, 1.34532237053, 0.198449760675, 0.113675095141, 0.143098399043, 0.0652122721076, 0.0170453935862, 0.0263119470328, 0.0244020111859, 0.0126791512594, 0.00808475818485, 0.00435281405225, 0.00220089312643, 0.00127463438548, 0.000501902657561, 0.000279977917671, 7.77668174123e-05, 1.24501302707e-05, 1.35819163916e-06, 7.45818269365e-08, 8.14463385623e-10],
        "max": [0.0760203301907, 0.411746770144, 1.27502822876, 1.26376080513, 3.23227977753, 4.8122048378, 7.90570926666, 27.2975215912, 34.0857849121, 71.1849822998, 761.281616211, 3707.59912109, 227.320358276, 39.2664489746, 20.0176315308, 23.3264770508, 63.4995193481, 8.15601825714, 8.29711914062, 128.264633179, 8.35628414154, 3.63482737541, 3.35983610153, 4.87082529068, 3.45124197006, 2.36826825142, 2.08514094353, 1.90280175209, 1.39725768566, 1.11137282848, 0.815092802048, 0.5910140872, 0.455714941025, 0.291233003139, 0.215172067285, 0.118604265153, 0.0464178286493, 0.0169333145022, 0.00411584274843, 0.000563124078326],
        "mean": [0.0121353687719, 0.0852328389883, 0.247746214271, 0.273226886988, 0.364723742008, 0.350696474314, 0.475002914667, 3.69432377815, 5.10235214233, 3.37261366844, 54.391658783, 219.712417603, 12.518453598, 0.94234752655, 0.397097349167, 0.85566431284, 4.00961494446, 0.446069628, 1.18593406677, 15.9243793488, 1.15460574627, 0.276900649071, 0.182124525309, 0.162303432822, 0.105966627598, 0.0954565554857, 0.0783318206668, 0.0566323325038, 0.0466726049781, 0.0392056144774, 0.033091083169, 0.0264847744256, 0.0213987771422, 0.0159783121198, 0.0121363401413, 0.0079399831593, 0.00496693328023, 0.0023925381247, 0.000880004256032, 0.000133107256261],
        "median": [0.00987338926643, 0.0621025301516, 0.172296181321, 0.204334482551, 0.242650032043, 0.219203412533, 0.328846663237, 3.20987391472, 3.83529424667, 1.23089253902, 16.8392658234, 17.5808296204, 1.55688607693, 0.304175674915, 0.198120355606, 0.232828363776, 0.328838765621, 0.21334515512, 0.248661950231, 1.6716272831, 0.209008902311, 0.090018376708, 0.0733522325754, 0.0713467001915, 0.0669399350882, 0.0684206262231, 0.0597278140485, 0.0412827767432, 0.0340584665537, 0.0315624438226, 0.0266574006528, 0.0218009855598, 0.0178184937686, 0.0135656110942, 0.0106046227738, 0.00696188118309, 0.00461057526991, 0.00227225688286, 0.000860538217239, 0.000126383587485],
        "min": [0.000517906795722, 0.00323891406879, 0.00486130453646, 0.00191021396313, 0.00120892061386, 0.00958600547165, 0.0285888370126, 0.0629267320037, 0.086998000741, 0.11527980119, 0.186132952571, 0.0541609376669, 0.00752992928028, 0.0179183743894, 0.0109479026869, 0.00217908062041, 0.00120239553507, 0.00124203402083, 0.00314340507612, 0.00670685945079, 0.00289088860154, 0.00105435028672, 0.000316602527164, 0.000522290414665, 0.00253786984831, 0.00210227631032, 0.00381940952502, 0.00256209378131, 0.00206520385109, 0.000644376443233, 0.000795307161752, 0.000659715849906, 0.00097913981881, 0.000450689287391, 0.000280961481621, 0.000213374310988, 0.000131657710881, 4.70291670354e-05, 1.50063397086e-05, 2.76686046163e-06],
        "var": [0.00011174352403, 0.00515166996047, 0.0508414395154, 0.0474132150412, 0.22696043551, 0.261497557163, 0.533169865608, 7.09717702866, 18.0820655823, 72.2928237915, 12431.6748047, 283693.65625, 915.14630127, 11.038693428, 2.64802980423, 5.10837364197, 96.2006378174, 0.605474889278, 2.56628489494, 596.18572998, 2.5760178566, 0.241055116057, 0.129174813628, 0.193505495787, 0.0792979598045, 0.0369503609836, 0.0278051476926, 0.0230457484722, 0.0123755047098, 0.00774084078148, 0.00413061724976, 0.00215759431012, 0.00127528537996, 0.000515621679369, 0.000279434665572, 8.43213929329e-05, 1.24187317851e-05, 1.57564920755e-06, 8.86212276896e-08, 1.97754945752e-09]
    },
    "gfcc": {
        "mean": [-121.994232178, 97.1267852783, -63.8538017273, -20.5519428253, -46.42420578, -8.87910079956, -25.2640953064, 15.0117855072, 10.94227314, 13.5175790787, -22.1236305237, -14.9221448898, -10.4241809845],
        "cov": [[1276.24853516, 306.606658936, -667.986083984, -407.058319092, 74.4261550903, 21.7693271637, -57.7890892029, 133.020828247, 171.064834595, -57.3854370117, -185.265045166, -113.696472168, 13.6296482086], [306.606658936, 174.973831177, -189.348693848, -139.317520142, 50.3741455078, 12.5589742661, -25.1445922852, 58.9243736267, 90.0344696045, -15.8710479736, -82.0158691406, -49.99010849, 18.2642097473], [-667.986083984, -189.348693848, 506.124389648, 307.450012207, -40.6513786316, -2.59654998779, 52.1812744141, -90.7592544556, -144.190292358, 19.9631977081, 136.418319702, 80.6045303345, -32.7566566467], [-407.058319092, -139.317520142, 307.450012207, 231.844223022, -2.48800969124, -0.184231966734, 25.9716320038, -70.507522583, -109.990089417, 7.59446954727, 97.5441131592, 63.5515823364, -22.668806076], [74.4261550903, 50.3741455078, -40.6513786316, -2.48800969124, 73.4243850708, 23.8225688934, -20.4859828949, 9.49302959442, 29.8139133453, -3.12154173851, -17.0557174683, -2.82489085197, 4.83622217178], [21.7693271637, 12.5589742661, -2.59654998779, -0.184231966734, 23.8225688934, 38.5581665039, 14.6904735565, 2.88460159302, 8.70150184631, 9.43200969696, 2.36720824242, 5.46215963364, 4.8572640419], [-57.7890892029, -25.1445922852, 52.1812744141, 25.9716320038, -20.4859828949, 14.6904735565, 41.0218734741, 1.60670745373, -19.2862701416, 9.72304821014, 20.177986145, 9.35270214081, -3.31595420837], [133.020828247, 58.9243736267, -90.7592544556, -70.507522583, 9.49302959442, 2.88460159302, 1.60670745373, 59.1724472046, 69.8823699951, 3.20914697647, -41.653377533, -26.3140926361, 13.8294095993], [171.064834595, 90.0344696045, -144.190292358, -109.990089417, 29.8139133453, 8.70150184631, -19.2862701416, 69.8823699951, 127.057373047, 17.2015304565, -71.9998855591, -45.1244392395, 25.5282058716], [-57.3854370117, -15.8710479736, 19.9631977081, 7.59446954727, -3.12154173851, 9.43200969696, 9.72304821014, 3.20914697647, 17.2015304565, 29.2405853271, 12.5944480896, 2.19374418259, 3.59507727623], [-185.265045166, -82.0158691406, 136.418319702, 97.5441131592, -17.0557174683, 2.36720824242, 20.177986145, -41.653377533, -71.9998855591, 12.5944480896, 79.5828018188, 49.8509979248, -14.0695543289], [-113.696472168, -49.99010849, 80.6045303345, 63.5515823364, -2.82489085197, 5.46215963364, 9.35270214081, -26.3140926361, -45.1244392395, 2.19374418259, 49.8509979248, 48.7315444946, 3.95896983147], [13.6296482086, 18.2642097473, -32.7566566467, -22.668806076, 4.83622217178, 4.8572640419, -3.31595420837, 13.8294095993, 25.5282058716, 3.59507727623, -14.0695543289, 3.95896983147, 28.8500423431]],
        "icov": [[0.00369402579963, -0.00232170312665, 0.00497636338696, -0.00143513083458, 0.00200217869133, -0.00398611137643, 0.0013018057216, -0.00332861463539, 0.000909201160539, 0.00334832328372, -8.41481087264e-05, -0.00125526741613, 0.00523736234754], [-0.00232170312665, 0.0254407711327, -0.0098083820194, 0.0208407063037, -0.0225793663412, 0.00614760164171, -0.00554788950831, -0.00300897471607, 0.00147679261863, 0.00909065175802, -0.00256238901056, 0.0116822980344, -0.0115076545626], [0.00497636338696, -0.0098083820194, 0.022930694744, -0.0278928279877, 0.018786214292, -0.0110437730327, 0.00103570870124, 0.000565852562431, -0.00786520447582, 0.00695148902014, -0.00541844079271, -0.000439947849372, 0.0100467549637], [-0.00143513083458, 0.0208407063037, -0.0278928279877, 0.0589469447732, -0.0433408915997, 0.0232560876757, -0.0148749537766, 0.00213768915273, 0.0133752813563, -0.00152459891979, -0.000935312709771, 0.000357818615157, -0.00940317567438], [0.00200217869133, -0.0225793663412, 0.018786214292, -0.0433408915997, 0.068459354341, -0.0495902448893, 0.041259098798, -0.00914282817394, -0.0109203876927, 0.0043149064295, 0.00311612570658, -0.0113954590634, 0.0188303478062], [-0.00398611137643, 0.00614760164171, -0.0110437730327, 0.0232560876757, -0.0495902448893, 0.085395552218, -0.0620334781706, 0.0335193090141, -0.0108980406076, -0.0123619474471, 0.00468280818313, -0.0109632639214, -0.0105648031458], [0.0013018057216, -0.00554788950831, 0.00103570870124, -0.0148749537766, 0.041259098798, -0.0620334781706, 0.101158641279, -0.0674775317311, 0.0494947843254, -0.0365961566567, 0.0171521771699, -0.0023003059905, 0.00933044031262], [-0.00332861463539, -0.00300897471607, 0.000565852562431, 0.00213768915273, -0.00914282817394, 0.0335193090141, -0.0674775317311, 0.110399521887, -0.0829839259386, 0.053778167814, -0.034905988723, 0.0110230250284, -0.0107953678817], [0.000909201160539, 0.00147679261863, -0.00786520447582, 0.0133752813563, -0.0109203876927, -0.0108980406076, 0.0494947843254, -0.0829839259386, 0.108696326613, -0.0919658094645, 0.0670891329646, -0.0183461457491, -0.000137381197419], [0.00334832328372, 0.00909065175802, 0.00695148902014, -0.00152459891979, 0.0043149064295, -0.0123619474471, -0.0365961566567, 0.053778167814, -0.0919658094645, 0.150560423732, -0.106470003724, 0.0645343661308, -0.0274331234396], [-8.41481087264e-05, -0.00256238901056, -0.00541844079271, -0.000935312709771, 0.00311612570658, 0.00468280818313, 0.0171521771699, -0.034905988723, 0.0670891329646, -0.106470003724, 0.157180353999, -0.113741360605, 0.0583327561617], [-0.00125526741613, 0.0116822980344, -0.000439947849372, 0.000357818615157, -0.0113954590634, -0.0109632639214, -0.0023003059905, 0.0110230250284, -0.0183461457491, 0.0645343661308, -0.113741360605, 0.139370396733, -0.075215883553], [0.00523736234754, -0.0115076545626, 0.0100467549637, -0.00940317567438, 0.0188303478062, -0.0105648031458, 0.00933044031262, -0.0107953678817, -0.000137381197419, -0.0274331234396, 0.0583327561617, -0.075215883553, 0.0906702280045]]
    },
    "melbands": {
        "dmean": [8.83963875822e-05, 9.13694748306e-05, 3.74595983885e-05, 2.2034131689e-05, 1.01389250631e-05, 2.7809805033e-05, 2.6572135539e-05, 1.82499170478e-05, 0.000295428617392, 0.000499771034811, 6.13261090621e-06, 1.38896473345e-06, 9.48071544826e-07, 6.39708218841e-07, 3.9953306441e-06, 2.47387561103e-06, 2.86377172642e-07, 1.73315058305e-07, 4.40453550254e-06, 3.5790255879e-06, 8.51607211416e-08, 1.11645242384e-07, 1.43726353485e-07, 5.40812337135e-08, 7.52460209696e-08, 5.36648556704e-08, 3.20183985991e-08, 2.90207147202e-08, 2.20023288477e-08, 2.10901003328e-08, 1.5694535449e-08, 1.2947693584e-08, 9.86160308969e-09, 8.89124418535e-09, 7.70943042738e-09, 7.76438469074e-09, 6.04556582573e-09, 5.29639221369e-09, 4.91642815348e-09, 4.64977878423e-09],
        "dmean2": [0.000155582674779, 0.000158535811352, 6.56038246234e-05, 4.0401260776e-05, 1.71363644768e-05, 4.78042384202e-05, 4.49816143373e-05, 2.81503307633e-05, 0.000280762265902, 0.000465967663331, 7.60544207878e-06, 1.74301624156e-06, 1.22370011013e-06, 8.9675415893e-07, 5.05960588271e-06, 3.32820195581e-06, 4.3544795858e-07, 2.72519827149e-07, 6.96825691193e-06, 5.90024046687e-06, 1.18501020552e-07, 1.71005666516e-07, 2.52585635963e-07, 7.95545673782e-08, 1.15831987557e-07, 7.71596901927e-08, 4.62883740227e-08, 4.14630711987e-08, 3.21270512416e-08, 2.9682816205e-08, 2.23800160626e-08, 1.8457047446e-08, 1.3663186138e-08, 1.23374315208e-08, 1.10721058988e-08, 1.14906137938e-08, 9.04377994715e-09, 7.59013385476e-09, 7.09443792601e-09, 7.043527539e-09],
        "dvar": [7.2156662867e-09, 6.57394005898e-09, 1.30896438133e-09, 1.73155778604e-09, 4.14714096397e-10, 3.24032467525e-09, 1.96473348701e-09, 4.46619008443e-09, 6.56584688841e-07, 1.97623967324e-06, 2.62547872332e-09, 1.18141885164e-10, 3.10066625153e-11, 1.44088707979e-11, 1.18490717238e-10, 4.53794085642e-11, 9.23905374949e-13, 4.20402048677e-13, 9.36725141898e-11, 6.45093631291e-11, 1.669021773e-13, 7.31880715429e-14, 1.8993613377e-13, 4.05781907641e-14, 8.30440113919e-14, 6.13453379891e-14, 1.40724164973e-14, 9.96728317693e-15, 9.18925461576e-15, 1.08865206007e-14, 6.3129780605e-15, 3.67883180245e-15, 3.16650413606e-15, 2.07411348432e-15, 1.41569677496e-15, 1.0475721268e-15, 6.92649175337e-16, 6.17281242482e-16, 4.99336880895e-16, 2.97191276893e-16],
        "dvar2": [2.13852953124e-08, 1.63212803272e-08, 3.93337495908e-09, 5.74725156355e-09, 1.01093167171e-09, 9.79277636759e-09, 4.99153518518e-09, 9.0619609594e-09, 8.1217655179e-07, 2.48722381002e-06, 2.6794957364e-09, 1.18376003444e-10, 3.49740895966e-11, 1.48210697187e-11, 2.24165311313e-10, 9.07048741672e-11, 1.06979767926e-12, 4.53811955462e-13, 2.36210023763e-10, 1.75445852291e-10, 1.7115897187e-13, 1.34993036714e-13, 5.96488678763e-13, 4.17083597206e-14, 1.12678814304e-13, 6.90458703666e-14, 1.17397800872e-14, 7.53234975071e-15, 9.31575475126e-15, 1.09663475268e-14, 7.54595225281e-15, 4.03169514036e-15, 3.17672401209e-15, 2.21333817227e-15, 1.47825640499e-15, 1.11487905886e-15, 7.14246450849e-16, 6.30931866641e-16, 5.2585674132e-16, 2.99841166529e-16],
        "max": [0.000570104923099, 0.000518378859852, 0.000194292224478, 0.000318617065204, 0.000210126774618, 0.000641425605863, 0.00052260805387, 0.000687079736963, 0.0127850528806, 0.0198360923678, 0.000646859349217, 0.000137328708661, 6.84825718054e-05, 4.67671488877e-05, 0.00012681770022, 7.76741362642e-05, 1.15567690955e-05, 8.09798893897e-06, 0.000130138534587, 9.77629242698e-05, 5.11877260578e-06, 3.62116634278e-06, 5.10313520863e-06, 2.50158814197e-06, 4.1764751586e-06, 3.41310305885e-06, 1.71044257513e-06, 1.51490894496e-06, 1.22229266708e-06, 1.32267098252e-06, 1.01715056644e-06, 7.74631246259e-07, 7.18507862985e-07, 5.73505417378e-07, 4.75225078844e-07, 4.0823084646e-07, 3.39038138009e-07, 3.23833546645e-07, 2.88130650006e-07, 2.25827321287e-07],
        "mean": [0.000108428866952, 0.000125232239952, 5.11403777637e-05, 2.71614062513e-05, 1.40765178003e-05, 9.14899428608e-05, 7.38420640118e-05, 3.78897966584e-05, 0.000795021478552, 0.00117982900701, 1.12991383503e-05, 1.89460911315e-06, 1.28639567265e-06, 8.10986421129e-07, 8.05167383078e-06, 5.16107093063e-06, 4.85203997869e-07, 2.73718910648e-07, 1.63070690178e-05, 1.21435487017e-05, 1.57083903218e-07, 2.16904894046e-07, 3.0785147942e-07, 8.85294042519e-08, 1.38838686325e-07, 1.01500695848e-07, 6.24827904971e-08, 6.15832007611e-08, 4.84582223237e-08, 4.19264694074e-08, 2.98555065115e-08, 2.70166644611e-08, 2.27289636001e-08, 2.13930508863e-08, 1.93157561057e-08, 1.70138285682e-08, 1.577602049e-08, 1.50162726698e-08, 1.39842102342e-08, 1.31741257903e-08],
        "median": [9.12239265745e-05, 9.34611161938e-05, 4.09370986745e-05, 1.64855173352e-05, 9.03864474822e-06, 7.88184770499e-05, 5.35130784556e-05, 2.17658962356e-05, 0.000166311176145, 8.9809698693e-05, 2.97337624033e-06, 7.94546110683e-07, 5.74713396873e-07, 3.74852817231e-07, 7.57029567922e-07, 5.90240517795e-07, 2.65616108663e-07, 1.7701552224e-07, 1.78778805093e-06, 1.27929240534e-06, 9.69079820834e-08, 8.89762148404e-08, 7.27395530475e-08, 5.02901080779e-08, 5.9433268973e-08, 5.05433277453e-08, 4.36968434769e-08, 4.56706352736e-08, 3.79263411787e-08, 2.9811513258e-08, 2.10804245171e-08, 1.95372233947e-08, 1.68673981449e-08, 1.734193944e-08, 1.56140274044e-08, 1.39736044957e-08, 1.31730812925e-08, 1.23619416925e-08, 1.1689203383e-08, 1.12347882109e-08],
        "min": [6.58610815663e-06, 3.21110269397e-06, 3.08224002765e-07, 3.21851388208e-07, 5.63969933864e-07, 1.41170323786e-06, 1.30136095322e-06, 1.41829093536e-06, 1.41358509609e-06, 2.53594777178e-07, 2.6828205435e-08, 6.99334563592e-08, 5.18522220716e-08, 6.22098461633e-09, 3.64699648259e-09, 2.1521955329e-09, 2.24981500097e-09, 4.34905089719e-09, 9.1392413637e-09, 6.80915590578e-09, 2.79633161071e-09, 1.3343860461e-09, 2.86856149945e-10, 2.34583158454e-10, 3.03158914639e-10, 1.65781799399e-09, 1.76680303721e-09, 1.34119948481e-09, 2.5420319183e-09, 1.8527541723e-09, 1.54544066433e-09, 1.39526468157e-09, 6.11821926455e-10, 2.2592405724e-10, 4.8699538846e-10, 4.29944274627e-10, 3.55365376015e-10, 6.30186069994e-10, 5.97493221566e-10, 3.44376832606e-10],
        "var": [7.84276910082e-09, 9.5510861442e-09, 1.35575817239e-09, 1.54976509403e-09, 4.77366979279e-10, 4.05779454482e-09, 4.9437307581e-09, 6.1564313647e-09, 3.20196863868e-06, 8.238315786e-06, 2.75991340892e-09, 1.23135127095e-10, 3.15614860635e-11, 1.43090981772e-11, 4.00540850487e-10, 1.47755419011e-10, 1.05775436153e-12, 4.3340198509e-13, 6.1944893659e-10, 3.42801564912e-10, 1.72531748003e-13, 1.64898341292e-13, 4.91272441564e-13, 4.59842328603e-14, 1.48465481987e-13, 8.6700212168e-14, 1.89250267475e-14, 1.50728174652e-14, 9.55814678165e-15, 1.12180730132e-14, 6.63475020705e-15, 3.82303916172e-15, 3.26728602195e-15, 2.06026809552e-15, 1.4071533889e-15, 1.04647712496e-15, 7.09788569388e-16, 6.47366370461e-16, 5.11117521005e-16, 3.10948018399e-16]
    },
    "mfcc": {
        "mean": [-802.148742676, 163.139343262, 28.0400352478, 7.91500520706, -0.94225525856, -10.9340324402, -19.4607086182, -9.35838031769, 15.6971216202, 25.2111206055, 12.2621412277, 5.97467327118, 5.63244771957],
        "cov": [[1165.41162109, 265.991394043, -451.663696289, -233.033203125, -56.5893287659, -139.26600647, -137.264694214, 24.2101593018, 117.539413452, 118.858970642, 79.3072891235, -22.1728496552, -90.4811859131], [265.991394043, 163.30557251, -121.116798401, -73.8640975952, 12.7668371201, -56.852481842, -72.4757003784, 8.63511753082, 72.2978210449, 65.7508239746, 34.0834922791, -7.37669849396, -25.7207889557], [-451.663696289, -121.116798401, 256.457519531, 125.704025269, 16.4297218323, 73.8839035034, 93.6592636108, -0.302450150251, -73.4877471924, -72.4228515625, -40.5945587158, 12.6406431198, 42.9096908569], [-233.033203125, -73.8640975952, 125.704025269, 100.114845276, 25.9945449829, 41.278087616, 56.5969810486, 4.23506259918, -50.0992431641, -52.6346817017, -31.881231308, 5.29466295242, 20.7526264191], [-56.5893287659, 12.7668371201, 16.4297218323, 25.9945449829, 53.9943962097, 18.9841384888, -1.80646526814, 9.4262714386, 9.60338020325, -1.80161476135, -6.45685958862, 4.72447967529, 8.85691452026], [-139.26600647, -56.852481842, 73.8839035034, 41.278087616, 18.9841384888, 72.531829834, 55.4210166931, -1.53336775303, -30.7180557251, -32.1472663879, -18.7386951447, 10.9173660278, 19.7340068817], [-137.264694214, -72.4757003784, 93.6592636108, 56.5969810486, -1.80646526814, 55.4210166931, 93.2039031982, 12.6558532715, -60.5696029663, -63.1524085999, -28.8950843811, 9.20206165314, 21.7431583405], [24.2101593018, 8.63511753082, -0.302450150251, 4.23506259918, 9.4262714386, -1.53336775303, 12.6558532715, 31.6510295868, 5.01719045639, -14.0144968033, -6.40164995193, 2.08859419823, 3.53182458878], [117.539413452, 72.2978210449, -73.4877471924, -50.0992431641, 9.60338020325, -30.7180557251, -60.5696029663, 5.01719045639, 80.6873474121, 63.4641609192, 26.7350692749, -2.54161071777, -11.2291278839], [118.858970642, 65.7508239746, -72.4228515625, -52.6346817017, -1.80161476135, -32.1472663879, -63.1524085999, -14.0144968033, 63.4641609192, 87.5418624878, 41.8625144958, -5.98524570465, -13.1044855118], [79.3072891235, 34.0834922791, -40.5945587158, -31.881231308, -6.45685958862, -18.7386951447, -28.8950843811, -6.40164995193, 26.7350692749, 41.8625144958, 38.843963623, 4.17323875427, -8.02633094788], [-22.1728496552, -7.37669849396, 12.6406431198, 5.29466295242, 4.72447967529, 10.9173660278, 9.20206165314, 2.08859419823, -2.54161071777, -5.98524570465, 4.17323875427, 20.5143871307, 9.42219924927], [-90.4811859131, -25.7207889557, 42.9096908569, 20.7526264191, 8.85691452026, 19.7340068817, 21.7431583405, 3.53182458878, -11.2291278839, -13.1044855118, -8.02633094788, 9.42219924927, 27.0033760071]],
