{
"lowlevel": {
    "average_loudness": 0.980446279049,
    "barkbands_crest": {
        "dmean": 2.90428304672,
        "dmean2": 5.10142660141,
        "dvar": 11.1358451843,
        "dvar2": 37.7629318237,
        "max": 23.4376430511,
        "mean": 13.0884065628,
        "median": 12.8408622742,
        "min": 4.25203418732,
        "var": 12.746799469
    },
    "barkbands_flatness_db": {
        "dmean": 0.0235775206238,
        "dmean2": 0.039876844734,
        "dvar": 0.000492156366818,
        "dvar2": 0.00142735347617,
        "max": 0.349222242832,
        "mean": 0.226787090302,
        "median": 0.227526664734,
        "min": 0.0655327513814,
        "var": 0.00457342341542
    },
    "barkbands_kurtosis": {
        "dmean": 6.34382343292,
        "dmean2": 10.3509683609,
        "dvar": 101.062942505,
        "dvar2": 302.537658691,
        "max": 65.5592346191,
        "mean": 11.2382774353,
        "median": 5.97248268127,
        "min": -1.17287695408,
        "var": 210.844558716
    },
    "barkbands_skewness": {
        "dmean": 0.813410878181,
        "dmean2": 1.30047821999,
        "dvar": 0.945178866386,
        "dvar2": 2.88426613808,
        "max": 7.50640583038,
        "mean": 2.20151519775,
        "median": 1.78881895542,
        "min": -1.19184148312,
        "var": 3.5900042057
    },
    "barkbands_spread": {
        "dmean": 3.2190580368,
        "dmean2": 5.45639514923,
        "dvar": 38.2557525635,
        "dvar2": 68.2147369385,
        "max": 61.9186172485,
        "mean": 10.2545232773,
        "median": 8.63039302826,
        "min": 3.07376909256,
        "var": 55.572769165
    },
    "dissonance": {
        "dmean": 0.0475285612047,
        "dmean2": 0.0812089666724,
        "dvar": 0.00169357052073,
        "dvar2": 0.00425729015842,
        "max": 0.498284548521,
        "mean": 0.37206235528,
        "median": 0.373474895954,
        "min": 0.185435831547,
        "var": 0.00678516319022
    },
    "dynamic_complexity": 5.9214758873,
    "erbbands_crest": {
        "dmean": 1.51569247246,
        "dmean2": 2.31010270119,
        "dvar": 3.13064193726,
        "dvar2": 7.40888977051,
        "max": 23.3945560455,
        "mean": 15.8926200867,
        "median": 19.2546653748,
        "min": 3.16383457184,
        "var": 39.827495575
    },
    "erbbands_flatness_db": {
        "dmean": 0.0123931514099,
        "dmean2": 0.0183386299759,
        "dvar": 0.000249136122875,
        "dvar2": 0.000542565016076,
        "max": 0.333932906389,
        "mean": 0.189273774624,
        "median": 0.193769752979,
        "min": 0.0498236827552,
        "var": 0.00742869684473
    },
    "erbbands_kurtosis": {
        "dmean": 3.98122477531,
        "dmean2": 6.59433555603,
        "dvar": 19.9851036072,
        "dvar2": 51.7660102844,
        "max": 53.7151260376,
        "mean": 8.96875095367,
        "median": 6.48639297485,
        "min": -1.27548873425,
        "var": 105.563613892
    },
    "erbbands_skewness": {
        "dmean": 0.480334818363,
        "dmean2": 0.816973388195,
        "dvar": 0.240605130792,
        "dvar2": 0.647104203701,
        "max": 2.89003539085,
        "mean": 0.489385187626,
        "median": 0.680046081543,
        "min": -2.32637381554,
        "var": 1.37983989716
    },
    "erbbands_spread": {
        "dmean": 6.84590148926,
        "dmean2": 10.5659236908,
        "dvar": 107.85975647,
        "dvar2": 254.114807129,
        "max": 91.8678894043,
        "mean": 22.3449935913,
        "median": 12.7170495987,
        "min": 2.24487090111,
        "var": 480.539001465
    },
    "hfc": {
        "dmean": 69.0277862549,
        "dmean2": 99.7728652954,
        "dvar": 256481.703125,
        "dvar2": 622257,
        "max": 4107.82763672,
        "mean": 43.9406204224,
        "median": 3.47522759438,
        "min": 0.80294251442,
        "var": 138283.609375
    },
    "melbands_crest": {
        "dmean": 3.29783272743,
        "dmean2": 5.46121835709,
        "dvar": 10.4516963959,
        "dvar2": 34.6494598389,
        "max": 27.5968818665,
        "mean": 17.1624183655,
        "median": 17.1744537354,
        "min": 5.68405294418,
        "var": 14.8334407806
    },
    "melbands_flatness_db": {
        "dmean": 0.0309668183327,
        "dmean2": 0.0534534007311,
        "dvar": 0.000967221916653,
        "dvar2": 0.00273685995489,
        "max": 0.487396806479,
        "mean": 0.358191996813,
        "median": 0.366205215454,
        "min": 0.0553377345204,
        "var": 0.00647580856457
    },
    "melbands_kurtosis": {
        "dmean": 12.9292297363,
        "dmean2": 22.0182533264,
        "dvar": 567.364257812,
        "dvar2": 1645.63659668,
        "max": 146.449005127,
        "mean": 18.003238678,
        "median": 3.26120042801,
        "min": -1.66820466518,
        "var": 1097.59375
    },
    "melbands_skewness": {
        "dmean": 1.00063443184,
        "dmean2": 1.67979466915,
        "dvar": 1.55447530746,
        "dvar2": 4.67521810532,
        "max": 9.73102760315,
        "mean": 2.53124094009,
        "median": 1.77542817593,
        "min": -0.789947271347,
        "var": 5.4406003952
    },
    "melbands_spread": {
        "dmean": 3.4345459938,
        "dmean2": 6.295399189,
        "dvar": 86.1863632202,
        "dvar2": 251.591720581,
        "max": 83.0043029785,
        "mean": 9.03829860687,
        "median": 8.60461330414,
        "min": 1.82763969898,
        "var": 59.5659713745
    },
    "pitch_salience": {
        "dmean": 0.0762399435043,
        "dmean2": 0.136263906956,
        "dvar": 0.00806224532425,
        "dvar2": 0.0270440876484,
        "max": 0.859154701233,
        "mean": 0.432769060135,
        "median": 0.42116767168,
        "min": 0.183882936835,
        "var": 0.00966979563236
    },
    "silence_rate_20dB": {
        "dmean": 0.0166666675359,
        "dmean2": 0.0252100843936,
        "dvar": 0.0163888894022,
        "dvar2": 0.0413812585175,
        "max": 1,
        "mean": 0.991735517979,
        "median": 1,
        "min": 0,
        "var": 0.0081961620599
    },
    "silence_rate_30dB": {
        "dmean": 0.0250000003725,
        "dmean2": 0.0504201687872,
        "dvar": 0.0243750140071,
        "dvar2": 0.0478780344129,
        "max": 1,
        "mean": 0.958677709103,
        "median": 1,
        "min": 0,
        "var": 0.0396148040891
    },
    "silence_rate_60dB": {
        "dmean": 0.10000000149,
        "dmean2": 0.201680675149,
        "dvar": 0.090000025928,
        "dvar2": 0.211425706744,
        "max": 1,
        "mean": 0.0826446264982,
        "median": 0,
        "min": 0,
        "var": 0.0758145079017
    },
    "spectral_centroid": {
        "dmean": 114.904754639,
        "dmean2": 197.607818604,
        "dvar": 56341.0351562,
        "dvar2": 155356.9375,
        "max": 2670.22241211,
        "mean": 559.198669434,
        "median": 523.36138916,
        "min": 237.229827881,
        "var": 68612.0078125
    },
    "spectral_complexity": {
        "dmean": 1.89999997616,
        "dmean2": 2.89915966988,
        "dvar": 30.4566650391,
        "dvar2": 65.6032714844,
        "max": 54,
        "mean": 4.25619840622,
        "median": 4,
        "min": 1,
        "var": 24.0252723694
    },
    "spectral_decrease": {
        "dmean": 4.18942214253e-09,
        "dmean2": 6.28063778763e-09,
        "dvar": 4.52496011852e-16,
        "dvar2": 1.14790900276e-15,
        "max": -3.01028479921e-10,
        "mean": -7.73209229976e-09,
        "median": -2.70321343088e-09,
        "min": -1.71535575078e-07,
        "var": 2.72425912869e-16
    },
    "spectral_energy": {
        "dmean": 0.0220589730889,
        "dmean2": 0.0327369235456,
        "dvar": 0.0158871039748,
        "dvar2": 0.0396999567747,
        "max": 1.02000629902,
        "mean": 0.0331682451069,
        "median": 0.0109827378765,
        "min": 0.00120898010209,
        "var": 0.00884595885873
    },
    "spectral_energyband_high": {
        "dmean": 0.00446834880859,
        "dmean2": 0.0064120288007,
        "dvar": 0.00108747719787,
        "dvar2": 0.00261509069242,
        "max": 0.268302947283,
        "mean": 0.00243554124609,
        "median": 3.19451319228e-05,
        "min": 2.33892915276e-05,
        "var": 0.00059268908808
    },
    "spectral_energyband_low": {
        "dmean": 0.00526881730184,
        "dmean2": 0.00774932699278,
        "dvar": 4.11464170611e-05,
        "dvar2": 7.4540701462e-05,
        "max": 0.0749445557594,
        "mean": 0.0159637611359,
        "median": 0.00666340067983,
        "min": 0.000514635641593,
        "var": 0.000350182235707
    },
    "spectral_energyband_middle_high": {
        "dmean": 0.00426224479452,
        "dmean2": 0.00641138618812,
        "dvar": 0.00103505374864,
        "dvar2": 0.00260348781012,
        "max": 0.258223682642,
        "mean": 0.00234189326875,
        "median": 7.54127759137e-05,
        "min": 3.32599156536e-05,
        "var": 0.000546463881619
    },
    "spectral_energyband_middle_low": {
        "dmean": 0.00937148928642,
        "dmean2": 0.014021622017,
        "dvar": 0.00367486104369,
        "dvar2": 0.00933661777526,
        "max": 0.487331479788,
        "mean": 0.0146364159882,
        "median": 0.00406339159235,
        "min": 0.000155250760145,
        "var": 0.00200326764025
    },
    "spectral_entropy": {
        "dmean": 0.184650406241,
        "dmean2": 0.299146264791,
        "dvar": 0.0354735143483,
        "dvar2": 0.0919650867581,
        "max": 8.85593414307,
        "mean": 6.69956111908,
        "median": 6.767786026,
        "min": 5.19687223434,
        "var": 0.812207758427
    },
    "spectral_flux": {
        "dmean": 0.0215021390468,
        "dmean2": 0.0358910150826,
        "dvar": 0.00483343843371,
        "dvar2": 0.00837667565793,
        "max": 0.916493296623,
        "mean": 0.0631319954991,
        "median": 0.0443002842367,
        "min": 0.021075706929,
        "var": 0.0122048594058
    },
    "spectral_kurtosis": {
        "dmean": 1.60012304783,
        "dmean2": 2.65940356255,
        "dvar": 2.91802239418,
        "dvar2": 6.77766466141,
        "max": 29.1187210083,
        "mean": 11.120929718,
        "median": 9.29875659943,
        "min": 0.593336582184,
        "var": 34.7227325439
    },
    "spectral_rms": {
        "dmean": 0.00101960601751,
        "dmean2": 0.00150608085096,
        "dvar": 1.0913820006e-05,
        "dvar2": 2.58190520981e-05,
        "max": 0.031545650214,
        "mean": 0.00448115170002,
        "median": 0.00327335693873,
        "min": 0.00108604459092,
        "var": 1.22785531858e-05
    },
    "spectral_rolloff": {
        "dmean": 288.724334717,
        "dmean2": 456.359191895,
        "dvar": 2884603.75,
        "dvar2": 4465743.5,
        "max": 14254.9804688,
        "mean": 717.001953125,
        "median": 624.462890625,
        "min": 86.1328125,
        "var": 2999608.5
    },
    "spectral_skewness": {
        "dmean": 0.218153983355,
        "dmean2": 0.364336490631,
        "dvar": 0.0572774894536,
        "dvar2": 0.135764881968,
        "max": 4.57138442993,
        "mean": 2.76296877861,
        "median": 2.63648200035,
        "min": 1.01489746571,
        "var": 0.566102147102
    },
    "spectral_spread": {
        "dmean": 438341.28125,
        "dmean2": 729505.5,
        "dvar": 543662899200,
        "dvar2": 1.29700292198e+12,
        "max": 13292444,
        "mean": 5403560,
        "median": 5503955,
        "min": 2813222.25,
        "var": 2.88111512781e+12
    },
    "spectral_strongpeak": {
        "dmean": 0.459402650595,
        "dmean2": 0.747593522072,
        "dvar": 1.04319703579,
        "dvar2": 1.99388468266,
        "max": 7.69387102127,
        "mean": 0.972011208534,
        "median": 0.431077510118,
        "min": 0.0179417319596,
        "var": 1.55853974819
    },
    "zerocrossingrate": {
        "dmean": 0.0084228515625,
        "dmean2": 0.0110991662368,
        "dvar": 0.000215471780393,
        "dvar2": 0.000318245496601,
        "max": 0.15869140625,
        "mean": 0.0382150709629,
        "median": 0.03173828125,
        "min": 0.01025390625,
        "var": 0.000505525269546
    },
    "barkbands": {
        "dmean": [0.000225690178922, 0.0019767654594, 0.00366109446622, 0.000993489054963, 0.000378476601327, 0.000249847507803, 0.00590725755319, 0.00160419638269, 0.000727622886188, 4.4347721996e-05, 0.00322305946611, 0.000105940438516, 9.11396273295e-05, 4.89342928631e-05, 0.000416675989982, 0.000131480017444, 2.17515662371e-05, 5.10744430358e-05, 4.96365973959e-05, 0.000132876069983, 6.75262708683e-05, 2.75655929727e-05, 0.000115253373224, 0.000135956637678, 0.000260416942183, 0.0035677626729, 0.000273266312433],
        "dmean2": [0.000396604154957, 0.0034207762219, 0.00544659234583, 0.00154130952433, 0.000594604061916, 0.000386287283618, 0.00896894745529, 0.00240256404504, 0.000912947405595, 7.0475085522e-05, 0.00489319162443, 0.000161939853569, 0.00011434006592, 5.98413898842e-05, 0.000627300294582, 0.000191660146811, 3.11023140966e-05, 7.62784475228e-05, 7.34373097657e-05, 0.000196000168216, 9.71234258031e-05, 3.67652901332e-05, 0.000166490499396, 0.00017559978005, 0.000359155557817, 0.00516074150801, 0.000390887318645],
        "dvar": [5.0578719879e-08, 2.68751387011e-06, 3.53137074853e-05, 2.25485996452e-06, 3.48034427589e-06, 1.18686807582e-06, 0.00202371715568, 0.000111420595204, 4.22332868766e-06, 6.3826036012e-08, 0.000605300301686, 4.80773508116e-07, 3.34253371648e-07, 9.02132200054e-08, 9.98888299364e-06, 9.34165655053e-07, 2.18143210162e-08, 1.40756554856e-07, 1.30121705411e-07, 9.66156676441e-07, 2.36476509485e-07, 3.58663925226e-08, 7.06143680418e-07, 8.6415690248e-07, 3.49782294506e-06, 0.000703296915162, 4.01192846766e-06],
        "dvar2": [1.36071605539e-07, 8.20452169137e-06, 6.88410946168e-05, 5.45833472643e-06, 8.67417111294e-06, 3.02645230477e-06, 0.00513172894716, 0.000284669775283, 6.43406156087e-06, 1.61074680705e-07, 0.001534787938, 1.21587731883e-06, 6.80912080497e-07, 1.77248736577e-07, 2.51057463174e-05, 2.27834016187e-06, 5.15524227751e-08, 3.50505501956e-07, 3.21787297253e-07, 2.3809348022e-06, 5.67265431073e-07, 7.95141303911e-08, 1.704704232e-06, 1.85245198736e-06, 8.08351524029e-06, 0.00170472043101, 9.61202113103e-06],
        "max": [0.00151308614295, 0.0107894726098, 0.0620740503073, 0.0214061941952, 0.0150698665529, 0.00962760858238, 0.357060790062, 0.0867619886994, 0.0328978821635, 0.00262268353254, 0.195637449622, 0.0058119436726, 0.00519664632156, 0.00275124469772, 0.0249780602753, 0.00780191924423, 0.00123660999816, 0.0030399733223, 0.00296362745576, 0.00797707866877, 0.00399632984772, 0.00162409176119, 0.00691196881235, 0.0080619296059, 0.0156286805868, 0.214347854257, 0.016351910308],
        "mean": [0.000251951161772, 0.00268667889759, 0.0108187291771, 0.00238535180688, 0.000309757859213, 0.000272695004242, 0.00310031557456, 0.00290083885193, 0.00564434751868, 5.17743246746e-05, 0.00169556727633, 7.52077030484e-05, 6.70949011692e-05, 3.92596230085e-05, 0.000216193802771, 7.32749831514e-05, 1.43296565511e-05, 2.94661367661e-05, 3.04983332171e-05, 7.46016157791e-05, 3.96870200348e-05, 1.83463234862e-05, 6.55520634609e-05, 8.58613639139e-05, 0.000150788560859, 0.00189897534437, 0.000161797666806],
        "median": [0.000186091565411, 0.0020635293331, 0.00270723551512, 0.000627510598861, 0.000103388818388, 8.34486054373e-05, 3.30292496074e-05, 0.00100506062154, 0.00189871422481, 1.2284436707e-05, 1.16678120321e-05, 1.23141689983e-05, 8.72848977451e-06, 6.3711418079e-06, 4.569981229e-06, 3.73270836462e-06, 2.16363605432e-06, 2.07720631806e-06, 3.23066069541e-06, 3.45949820257e-06, 2.91626247417e-06, 2.00456520361e-06, 2.03361219064e-06, 2.4012506401e-06, 3.06558376906e-06, 4.75130673294e-06, 1.48509097926e-05],
        "min": [1.60401967264e-07, 0.000177164183697, 1.2266669728e-05, 1.05608360172e-05, 2.07413486351e-05, 8.90286901267e-06, 1.83907752671e-06, 4.93972993354e-06, 1.06454890556e-05, 1.07574555841e-06, 1.39711460179e-06, 2.03663853426e-06, 1.58853879384e-06, 2.61733475782e-06, 1.03327636225e-06, 7.8668392689e-07, 8.07733556485e-07, 7.76566309924e-07, 1.29128966364e-06, 1.3103128822e-06, 1.04766536424e-06, 1.18471314181e-06, 9.39445442327e-07, 1.63042284385e-06, 1.95835787054e-06, 2.95546942652e-06, 7.96423046268e-06],
        "var": [6.03024616908e-08, 4.3935319809e-06, 0.00024041532015, 1.51420454131e-05, 1.88881358554e-06, 8.124291071e-07, 0.00104496069252, 6.57855925965e-05, 5.86002533964e-05, 6.83919765265e-08, 0.000313767319312, 2.78738752968e-07, 2.38478094161e-07, 6.84083758529e-08, 5.11087182531e-06, 4.99467148529e-07, 1.26145121015e-08, 7.57151994435e-08, 7.20222033124e-08, 5.21956110333e-07, 1.31440032192e-07, 2.22664588989e-08, 3.93254310893e-07, 5.58392969197e-07, 2.03297713597e-06, 0.000377777119866, 2.19978801397e-06]
    },
    "erbbands": {
        "dmean": [0.0743824765086, 0.447105437517, 3.17252612114, 4.76511478424, 1.70789420605, 1.0153285265, 1.76643180847, 2.30082941055, 22.4459114075, 138.711624146, 29.3485889435, 12.069975853, 2.5106523037, 47.274848938, 88.3002243042, 5.0205616951, 4.35619592667, 3.48342394829, 3.41930222511, 33.6503372192, 3.60406780243, 1.45816230774, 2.07828474045, 2.46442294121, 3.07090592384, 7.91437292099, 2.23470687866, 3.19822025299, 0.87906229496, 0.888011276722, 3.84368038177, 2.79221224785, 2.63423609734, 2.32919979095, 2.55368709564, 7.51481723785, 10.6946125031, 0.798113584518, 0.0439993552864, 0.00159661297221],
        "dmean2": [0.130111292005, 0.749816060066, 4.6731762886, 7.16998147964, 2.68292117119, 1.64143550396, 2.83022761345, 3.5741121769, 34.1531410217, 210.490188599, 39.4151382446, 15.9352178574, 3.8325316906, 71.7853240967, 134.314407349, 7.5720949173, 5.60509872437, 4.24861383438, 4.8406791687, 50.6901435852, 5.1574845314, 2.10289716721, 3.11218070984, 3.63333964348, 4.56085920334, 11.7227249146, 3.24895501137, 4.53076171875, 1.11584246159, 1.2554795742, 5.54415130615, 3.57089209557, 3.52195048332, 3.25349569321, 3.48179411888, 10.7096376419, 15.5842847824, 1.14647257328, 0.0624778568745, 0.00229893019423],
        "dvar": [0.00481296190992, 0.156809553504, 28.0631065369, 41.1055679321, 44.8203277588, 19.4433765411, 49.6222572327, 107.904716492, 28038.1757812, 1116873.375, 17442.28125, 1226.8338623, 247.125, 129173.820312, 449928.28125, 1262.71618652, 790.488952637, 477.691467285, 553.258178711, 65829.5703125, 661.774108887, 102.256881714, 228.671966553, 320.077789307, 510.207550049, 3478.27709961, 251.197235107, 532.436096191, 34.3589363098, 38.890171051, 787.131896973, 359.821563721, 336.97277832, 282.8409729, 332.74017334, 3058.92211914, 6383.99169922, 34.7849388123, 0.10301271826, 0.000132120519993],
        "dvar2": [0.0148154282942, 0.383065015078, 51.5896072388, 85.9336242676, 112.373878479, 48.2553520203, 125.578964233, 276.051971436, 71415.328125, 2831814.5, 43401.4882812, 2558.9699707, 634.589294434, 327666.6875, 1142036.25, 3173.98852539, 1665.04675293, 941.921936035, 1299.78234863, 165648.0625, 1581.92993164, 244.255493164, 570.14465332, 788.219726562, 1266.25646973, 8613.67089844, 605.905395508, 1261.91687012, 71.9778289795, 91.4682388306, 1898.47058105, 762.756713867, 750.59197998, 661.864440918, 760.340515137, 7308.63378906, 15582.78125, 83.7560882568, 0.245026633143, 0.000317214580718],
        "max": [0.497487097979, 4.02363443375, 56.3083686829, 93.7951431274, 53.2284431458, 36.2628250122, 58.1640014648, 93.0637283325, 1358.90039062, 8377.38378906, 1083.77966309, 479.168762207, 139.158828735, 2880.66210938, 5344.66552734, 296.127746582, 250.679901123, 197.35043335, 199.433776855, 2021.40808105, 211.104049683, 83.8645782471, 123.681510925, 145.818283081, 184.629638672, 476.681274414, 129.481948853, 191.191818237, 51.6239967346, 51.9691696167, 230.862869263, 165.663284302, 156.610412598, 139.64352417, 153.328140259, 451.229949951, 642.598937988, 47.9670028687, 2.63010001183, 0.0937962383032],
        "mean": [0.0901617407799, 0.70819735527, 8.36555099487, 14.5576000214, 2.21933245659, 0.931783139706, 1.50799202919, 2.49998354912, 13.0632715225, 75.4640808105, 137.58164978, 84.1240081787, 4.48400831223, 25.693649292, 47.0354232788, 3.42613744736, 3.21438932419, 2.63983607292, 2.230499506, 17.2339305878, 2.15458869934, 0.931641936302, 1.25353121758, 1.47627067566, 1.83914768696, 4.3776307106, 1.3297535181, 1.87107491493, 0.624020040035, 0.559732675552, 2.17925071716, 1.78977906704, 1.59910750389, 1.33460903168, 1.48987674713, 4.0783033371, 5.63263988495, 0.433786094189, 0.0256581194699, 0.00112562754657],
        "median": [0.0707320421934, 0.509731829166, 2.21200013161, 3.41328215599, 0.767930567265, 0.366683185101, 0.5103546381, 0.572567343712, 0.707678079605, 2.40531587601, 45.2529907227, 34.4190063477, 1.56323122978, 0.47903072834, 0.555318772793, 0.476729929447, 0.442453086376, 0.342521011829, 0.282586336136, 0.236125633121, 0.167694494128, 0.125040352345, 0.115374542773, 0.144241899252, 0.16959515214, 0.164463311434, 0.145075067878, 0.0905326902866, 0.0703928545117, 0.0646113604307, 0.0574057251215, 0.0505862981081, 0.0414437055588, 0.0316896513104, 0.0235090851784, 0.0149287441745, 0.00936878565699, 0.00475125201046, 0.00183821842074, 0.000286865368253],
        "min": [0.00421665376052, 0.0417361147702, 0.0947715714574, 0.0942153036594, 0.0798066928983, 0.0640360862017, 0.0423025079072, 0.0761761143804, 0.0419977381825, 0.157623767853, 0.162160411477, 0.223960652947, 0.0678145959973, 0.11212939024, 0.0931881144643, 0.0886105522513, 0.0948865488172, 0.128020912409, 0.0872549936175, 0.0606873929501, 0.0441045202315, 0.0480409376323, 0.0417736954987, 0.0585972964764, 0.0660219117999, 0.0704786479473, 0.0537940450013, 0.0383072011173, 0.0399676114321, 0.0325795002282, 0.0295894313604, 0.0259476397187, 0.0240428522229, 0.0190984345973, 0.0140798231587, 0.00921927858144, 0.00614373246208, 0.00182346068323, 0.000805069750641, 0.000180576360435],
        "var": [0.00671686045825, 0.434822678566, 155.681243896, 425.341461182, 26.700252533, 10.9230728149, 28.9904212952, 77.0419464111, 15162.9794922, 574781.4375, 36419.9726562, 12643.6240234, 169.927398682, 68058.0234375, 234186.96875, 720.642883301, 544.661376953, 350.640014648, 329.375213623, 33477.203125, 366.750854492, 57.8621826172, 125.407905579, 174.22807312, 279.472503662, 1863.16796875, 137.688095093, 301.92755127, 23.1373443604, 22.318611145, 438.827514648, 237.2421875, 207.010635376, 161.661239624, 196.463150024, 1678.92346191, 3391.56982422, 18.9401473999, 0.057026874274, 7.20276002539e-05]
    },
    "gfcc": {
        "mean": [-87.3419647217, 95.183303833, -36.7451934814, 1.40597617626, -40.0641975403, 5.8633184433, -4.53311681747, 19.3556404114, -4.13086557388, 3.58794903755, -22.2525558472, -21.2884044647, -22.9496746063],
        "cov": [[1867.19384766, -144.8203125, -159.926925659, -361.482879639, -288.595153809, -89.7184753418, -133.36668396, 27.6294689178, -133.435791016, 20.3049888611, -99.5542526245, 1.73092448711, -96.5297851562], [-144.8203125, 810.117004395, 251.128250122, -121.925880432, -121.609130859, -65.8704376221, 173.836990356, 105.394950867, 74.8791046143, -126.766876221, -192.457870483, -277.553039551, -148.298202515], [-159.926925659, 251.128250122, 162.775253296, 32.5753593445, 16.1311016083, 4.24241352081, 67.1267318726, 25.5737113953, 25.3918094635, -44.7489967346, -72.3275375366, -106.405303955, -49.8516654968], [-361.482879639, -121.925880432, 32.5753593445, 178.691818237, 127.224151611, 45.4900512695, -8.96301078796, -30.4888381958, 16.025384903, 14.9675559998, 56.9933891296, 42.177482605, 47.3802642822], [-288.595153809, -121.609130859, 16.1311016083, 127.224151611, 137.145172119, 47.6247444153, -2.08027148247, -22.3921012878, 11.9877767563, 19.5817947388, 39.1540374756, 35.3961715698, 34.6493377686], [-89.7184753418, -65.8704376221, 4.24241352081, 45.4900512695, 47.6247444153, 47.57629776, 15.3515520096, 0.601018369198, 7.92854833603, 6.01133537292, 11.1898374557, 8.53262042999, 11.2198400497], [-133.36668396, 173.836990356, 67.1267318726, -8.96301078796, -2.08027148247, 15.3515520096, 81.1821746826, 45.7690467834, 35.6708221436, -25.249464035, -44.8462982178, -71.669303894, -33.5154495239], [27.6294689178, 105.394950867, 25.5737113953, -30.4888381958, -22.3921012878, 0.601018369198, 45.7690467834, 63.4189109802, 43.7034454346, -9.69830226898, -40.9753608704, -52.6605491638, -22.43384552], [-133.435791016, 74.8791046143, 25.3918094635, 16.025384903, 11.9877767563, 7.92854833603, 35.6708221436, 43.7034454346, 63.9534950256, 1.61055505276, -14.6240711212, -29.8696708679, 2.18839335442], [20.3049888611, -126.766876221, -44.7489967346, 14.9675559998, 19.5817947388, 6.01133537292, -25.249464035, -9.69830226898, 1.61055505276, 45.9919242859, 50.8044891357, 58.283454895, 31.8619365692], [-99.5542526245, -192.457870483, -72.3275375366, 56.9933891296, 39.1540374756, 11.1898374557, -44.8462982178, -40.9753608704, -14.6240711212, 50.8044891357, 119.407814026, 125.73184967, 63.2900619507], [1.73092448711, -277.553039551, -106.405303955, 42.177482605, 35.3961715698, 8.53262042999, -71.669303894, -52.6605491638, -29.8696708679, 58.283454895, 125.73184967, 171.403152466, 85.9975204468], [-96.5297851562, -148.298202515, -49.8516654968, 47.3802642822, 34.6493377686, 11.2198400497, -33.5154495239, -22.43384552, 2.18839335442, 31.8619365692, 63.2900619507, 85.9975204468, 68.3933029175]],
        "icov": [[0.00264189927839, -0.000799483677838, -0.000105960738438, 0.000381870660931, 0.00353554915637, -0.00453192694113, 0.00798439607024, -0.00736197642982, 0.0058915419504, -0.00600192230195, 0.00614327844232, -0.00503638992086, 0.00535899261013], [-0.000799483677838, 0.0136207928881, -0.0113219665363, 0.00910295732319, -0.0017101475969, 0.0179443396628, -0.0155081758276, 0.00739219738171, -0.0118928067386, 0.019276285544, -0.0147652886808, 0.0119104254991, -0.0033173430711], [-0.000105960738438, -0.0113219665363, 0.0276948623359, -0.0181547924876, 0.00227867299691, -0.00638115312904, -0.00282943737693, 0.0021145620849, 0.00770172709599, -0.0151516851038, 0.0192274823785, -0.00840903818607, 0.0068568517454], [0.000381870660931, 0.00910295732319, -0.0181547924876, 0.0384121574461, -0.0202019680291, 0.00224067270756, 0.00622286554426, 0.00266030244529, -0.0111394552514, 0.0254187211394, -0.0318808108568, 0.0220905542374, -0.0155370403081], [0.00353554915637, -0.0017101475969, 0.00227867299691, -0.0202019680291, 0.0338985957205, -0.0158949997276, 0.00509171606973, -0.00194288732018, 0.00526441400871, -0.0212454814464, 0.0222997087985, -0.0161523744464, 0.0136329159141], [-0.00453192694113, 0.0179443396628, -0.00638115312904, 0.00224067270756, -0.0158949997276, 0.0705194398761, -0.0491531118751, 0.0180960185826, -0.0159205626696, 0.0261269789189, -0.0179023053497, 0.0163988489658, -0.0110735455528], [0.00798439607024, -0.0155081758276, -0.00282943737693, 0.00622286554426, 0.00509171606973, -0.0491531118751, 0.0849428698421, -0.0485436394811, 0.0223908033222, -0.0178524181247, 0.0078833764419, -0.00996302999556, 0.015288294293], [-0.00736197642982, 0.00739219738171, 0.0021145620849, 0.00266030244529, -0.00194288732018, 0.0180960185826, -0.0485436394811, 0.084508664906, -0.0545271299779, 0.0116761922836, -0.00338030047715, 0.00949829351157, -0.00522629590705], [0.0058915419504, -0.0118928067386, 0.00770172709599, -0.0111394552514, 0.00526441400871, -0.0159205626696, 0.0223908033222, -0.0545271299779, 0.0706811770797, -0.0340764857829, 0.0162561461329, -0.00327418139204, -0.00842264294624], [-0.00600192230195, 0.019276285544, -0.0151516851038, 0.0254187211394, -0.0212454814464, 0.0261269789189, -0.0178524181247, 0.0116761922836, -0.0340764857829, 0.0950943157077, -0.0585718899965, 0.0294566005468, -0.0198161117733], [0.00614327844232, -0.0147652886808, 0.0192274823785, -0.0318808108568, 0.0222997087985, -0.0179023053497, 0.0078833764419, -0.00338030047715, 0.0162561461329, -0.0585718899965, 0.0947842076421, -0.06890334934, 0.0328426510096], [-0.00503638992086, 0.0119104254991, -0.00840903818607, 0.0220905542374, -0.0161523744464, 0.0163988489658, -0.00996302999556, 0.00949829351157, -0.00327418139204, 0.0294566005468, -0.06890334934, 0.0814838260412, -0.0513028614223], [0.00535899261013, -0.0033173430711, 0.0068568517454, -0.0155370403081, 0.0136329159141, -0.0110735455528, 0.015288294293, -0.00522629590705, -0.00842264294624, -0.0198161117733, 0.0328426510096, -0.0513028614223, 0.0750579088926]]
    },
    "melbands": {
        "dmean": [0.00056723569287, 0.00123151729349, 0.000722707307432, 9.07234207261e-05, 5.32529011252e-05, 4.53076863778e-05, 0.000595150399022, 0.00128597044386, 0.000201590024517, 6.20067221462e-05, 7.51596644477e-06, 0.000165545512573, 0.000435868336353, 1.76372122951e-05, 4.60650244349e-06, 1.14560116344e-05, 5.4021802498e-06, 2.12305417335e-06, 3.23567728628e-05, 3.00009614875e-05, 9.47528292272e-07, 1.75335253516e-06, 4.31499501019e-07, 3.35892536896e-06, 1.60572403729e-06, 2.82123642137e-06, 3.49342531081e-06, 4.94161213282e-06, 1.47299408582e-06, 1.43099509842e-06, 1.78289678843e-06, 5.0737219226e-07, 3.57827588005e-07, 4.42035968717e-07, 1.61030061463e-06, 2.78334869108e-06, 1.67553400843e-06, 1.60857268838e-06, 1.72204090632e-06, 2.21595882977e-06],
        "dmean2": [0.00100822513923, 0.00183083571028, 0.00108600559179, 0.000143310739077, 8.46619368531e-05, 7.02366232872e-05, 0.000904267188162, 0.00195141835138, 0.000250274752034, 8.20785862743e-05, 1.16216042443e-05, 0.000251380261034, 0.000661978207063, 2.71843546216e-05, 6.16093439021e-06, 1.45928088386e-05, 6.44152714813e-06, 2.69167185252e-06, 4.87613506266e-05, 4.48714927188e-05, 1.16288606478e-06, 2.52176732829e-06, 6.33333570477e-07, 5.04748959429e-06, 2.35047650676e-06, 4.21189088229e-06, 5.25210180058e-06, 7.24391020412e-06, 2.12901886698e-06, 2.12847567127e-06, 2.44388934334e-06, 6.35770845747e-07, 4.84982706439e-07, 6.29810074315e-07, 2.3138115921e-06, 3.98924203182e-06, 2.02505657398e-06, 2.11346628021e-06, 2.34690082834e-06, 3.15814713758e-06],
        "dvar": [2.70255100077e-07, 3.61304273611e-06, 9.71694248619e-07, 2.03453083714e-07, 4.46867005621e-08, 3.77225113368e-08, 2.01943494176e-05, 9.54522256507e-05, 3.72237678903e-07, 3.07009244693e-08, 1.80413428641e-09, 1.58004934292e-06, 1.10551654871e-05, 1.44886591613e-08, 7.02941815867e-10, 5.56707657751e-09, 1.08966990986e-09, 1.50762388684e-10, 6.04522725212e-08, 5.16075928658e-08, 2.90362612426e-11, 1.48934795052e-10, 6.26898706557e-12, 6.22969786868e-10, 1.31268967918e-10, 4.33732855187e-10, 6.81434297878e-10, 1.33292366034e-09, 1.06065822791e-10, 1.11019013427e-10, 1.58852792032e-10, 1.12449641612e-11, 5.89199695977e-12, 9.44912464246e-12, 1.36307035103e-10, 4.094752315e-10, 1.24096066756e-10, 1.22083260168e-10, 1.48119613796e-10, 2.63243454812e-10],
        "dvar2": [8.23405002848e-07, 6.44421470497e-06, 2.09924837691e-06, 5.08146342781e-07, 1.1265879607e-07, 9.64638218193e-08, 5.13045888511e-05, 0.000242148380494, 7.57761029035e-07, 6.14198256699e-08, 4.62253213485e-09, 4.00779208576e-06, 2.80348413071e-05, 3.69617261242e-08, 1.51629386824e-09, 1.1599409433e-08, 2.07898609439e-09, 3.00943631126e-10, 1.52133921461e-07, 1.29001065829e-07, 5.54009962905e-11, 3.55319385026e-10, 1.47131491018e-11, 1.56165802512e-09, 3.20255905129e-10, 1.08254838427e-09, 1.70961933499e-09, 3.26840376985e-09, 2.53531751149e-10, 2.75366340841e-10, 3.63835683803e-10, 2.3172066696e-11, 1.32565781269e-11, 2.22985865883e-11, 3.27316618254e-10, 9.81508319065e-10, 2.46904052759e-10, 2.66260652415e-10, 3.37301658826e-10, 6.28559093663e-10],
        "max": [0.00351203791797, 0.0212880838662, 0.0131098693237, 0.00361134973355, 0.00175476307049, 0.00177729316056, 0.0360022597015, 0.0776229649782, 0.00809268746525, 0.00252510095015, 0.000403132056817, 0.0100837741047, 0.0264204517007, 0.0010093098972, 0.000249714736128, 0.000659637560602, 0.000301483436488, 0.000117181851238, 0.0019414217677, 0.00179807585664, 4.91972859891e-05, 0.000100845318229, 2.28645039897e-05, 0.000200782014872, 9.38746306929e-05, 0.000169690611074, 0.000209766265471, 0.000297222984955, 8.42370791361e-05, 8.49169955472e-05, 0.000106345505628, 2.96041107504e-05, 2.08696346817e-05, 2.55436025327e-05, 9.63980492088e-05, 0.000167194535607, 9.88157044048e-05, 9.51069232542e-05, 0.000102847319795, 0.000132926608785],
        "mean": [0.000758149719331, 0.00335805630311, 0.00214075949043, 7.36683723517e-05, 4.81081842736e-05, 5.27189149579e-05, 0.000325936940499, 0.000686637242325, 0.00142069521826, 0.000441569893155, 7.80592745286e-06, 8.97432546481e-05, 0.000229071476497, 1.18845246107e-05, 4.52685435448e-06, 7.9264609667e-06, 4.26909764428e-06, 1.90919581655e-06, 1.67502312252e-05, 1.55544439622e-05, 8.34197692257e-07, 1.08866686332e-06, 3.77617965341e-07, 1.87545492736e-06, 9.89194518297e-07, 1.65239680427e-06, 1.96003315978e-06, 2.76526839116e-06, 8.72330701895e-07, 8.18889191123e-07, 1.07438324903e-06, 3.60834150115e-07, 2.47575655976e-07, 2.78864035863e-07, 9.26040456761e-07, 1.57929832767e-06, 1.12182340217e-06, 9.97166921479e-07, 1.0251628737e-06, 1.23257404994e-06],
        "median": [0.000605757522862, 0.0011576252291, 0.000514299375936, 2.8089953048e-05, 1.62539672601e-05, 1.36554390338e-05, 9.14983593248e-06, 7.37190930522e-06, 0.000482791772811, 0.000180222748895, 2.06841605177e-06, 1.56596854595e-06, 1.73925707259e-06, 1.28389115162e-06, 1.33843002459e-06, 7.9156012589e-07, 6.25790107733e-07, 4.75502531572e-07, 3.51467519977e-07, 2.79640346434e-07, 1.68663490285e-07, 1.31526974201e-07, 1.02674547975e-07, 9.30613595074e-08, 1.19889264738e-07, 1.1858686122e-07, 1.2334244559e-07, 9.86676198522e-08, 9.6364225044e-08, 6.3707190634e-08, 4.7989079377e-08, 4.14383158898e-08, 3.7425383681e-08, 3.4812465799e-08, 3.28803508864e-08, 2.97322024778e-08, 3.05931777689e-08, 2.96452054016e-08, 2.74892641983e-08, 2.57165364559e-08],
        "min": [5.00880814798e-05, 8.92813914106e-05, 1.2339710338e-05, 3.57463068212e-06, 2.16938701669e-06, 1.771436132e-06, 3.63478136478e-07, 1.33171056405e-06, 1.6592589418e-06, 1.26109023313e-06, 3.05680885049e-07, 2.41798602474e-07, 2.26380336699e-07, 2.61285464376e-07, 2.39993681816e-07, 1.69939866623e-07, 2.22180489118e-07, 1.25365659187e-07, 8.52170529697e-08, 6.17347311049e-08, 3.76540860714e-08, 4.08214440029e-08, 3.45062467488e-08, 3.20692663536e-08, 4.29361932675e-08, 4.81446740253e-08, 3.6843491813e-08, 4.590417646e-08, 3.12388301893e-08, 2.53556340368e-08, 1.37530822286e-08, 2.03777847929e-08, 1.75661565294e-08, 1.3154366485e-08, 1.46773437848e-08, 1.50029642043e-08, 1.64651510204e-08, 1.49114445236e-08, 1.27960015917e-08, 1.46502676657e-08],
        "var": [3.64136013786e-07, 2.1396233933e-05, 8.70933308761e-06, 1.08872825422e-07, 2.64321400323e-08, 2.86758385926e-08, 1.06284378489e-05, 4.93773186463e-05, 3.51603284798e-06, 3.50502773472e-07, 1.45821088537e-09, 8.34081674839e-07, 5.72211320105e-06, 8.43576941634e-09, 5.3963794544e-10, 3.79125442151e-09, 8.36883395916e-10, 1.24007470959e-10, 3.08763787871e-08, 2.64888839752e-08, 2.21853264926e-11, 8.3693468822e-11, 4.41359926037e-12, 3.30249549929e-10, 7.22469584158e-11, 2.36085567762e-10, 3.60410173927e-10, 7.25219717612e-10, 5.83694342859e-11, 5.90483495433e-11, 9.44110900569e-11, 7.67529009099e-12, 3.65440056688e-12, 5.38532629948e-12, 7.65692856342e-11, 2.30504670906e-10, 8.75041220039e-11, 7.70549873907e-11, 8.85079162738e-11, 1.45699494136e-10]
    },
    "mfcc": {
        "mean": [-771.148376465, 153.538421631, 45.7052841187, 21.0447807312, 3.42104506493, 4.83411693573, 10.939209938, 8.85663414001, 16.4560852051, 23.3029174805, 13.532242775, 5.69180870056, -3.12082052231],
        "cov": [[1826.94934082, -169.426757812, -124.519058228, -287.399414062, -186.119277954, -187.925338745, -83.0620040894, -122.010131836, -114.911048889, -69.6831512451, -117.738746643, -2.8858962059, 37.0601005554], [-169.426757812, 599.316772461, 201.328536987, 16.546541214, -102.784507751, -47.2322845459, 19.2872714996, 62.536403656, 93.464515686, 92.7578048706, 78.2784118652, -33.5546951294, -118.489723206], [-124.519058228, 201.328536987, 131.794372559, 41.6676101685, -13.0081853867, 6.97811079025, 16.5676822662, 30.1864967346, 38.8713188171, 46.2082176208, 30.8195590973, -15.8773441315, -53.5612030029], [-287.399414062, 16.546541214, 41.6676101685, 104.104637146, 70.5488052368, 44.1901245117, 17.214132309, 14.8252229691, 16.4126186371, 13.4556436539, 22.3125095367, 1.23561131954, -14.3762598038], [-186.119277954, -102.784507751, -13.0081853867, 70.5488052368, 100.942184448, 54.9496307373, 10.7448034286, 4.03546047211, 7.35705375671, 0.927604675293, 6.1071190834, 2.6849462986, 2.3814432621], [-187.925338745, -47.2322845459, 6.97811079025, 44.1901245117, 54.9496307373, 63.0211677551, 26.1506481171, 12.8498210907, 10.7877674103, 4.30998420715, 5.60950374603, -0.323999673128, 2.45363116264], [-83.0620040894, 19.2872714996, 16.5676822662, 17.214132309, 10.7448034286, 26.1506481171, 39.1747779846, 18.9002494812, 10.744893074, 10.4997644424, 9.51847553253, -4.21217346191, -5.91440725327], [-122.010131836, 62.536403656, 30.1864967346, 14.8252229691, 4.03546047211, 12.8498210907, 18.9002494812, 48.7264022827, 37.713508606, 27.5926113129, 16.4374237061, -3.62041020393, -16.6232662201], [-114.911048889, 93.464515686, 38.8713188171, 16.4126186371, 7.35705375671, 10.7877674103, 10.744893074, 37.713508606, 81.006477356, 59.1612091064, 21.3296451569, -2.47881364822, -41.8399620056], [-69.6831512451, 92.7578048706, 46.2082176208, 13.4556436539, 0.927604675293, 4.30998420715, 10.4997644424, 27.5926113129, 59.1612091064, 73.7688903809, 27.2118797302, -6.00457906723, -42.0070228577], [-117.738746643, 78.2784118652, 30.8195590973, 22.3125095367, 6.1071190834, 5.60950374603, 9.51847553253, 16.4374237061, 21.3296451569, 27.2118797302, 46.7543678284, 11.3645143509, -18.5946102142], [-2.8858962059, -33.5546951294, -15.8773441315, 1.23561131954, 2.6849462986, -0.323999673128, -4.21217346191, -3.62041020393, -2.47881364822, -6.00457906723, 11.3645143509, 32.0623588562, 18.1887836456], [37.0601005554, -118.489723206, -53.5612030029, -14.3762598038, 2.3814432621, 2.45363116264, -5.91440725327, -16.6232662201, -41.8399620056, -42.0070228577, -18.5946102142, 18.1887836456, 65.3286514282]],
