{
"lowlevel": {
    "average_loudness": 0.839564025402,
    "barkbands_crest": {
        "dmean": 1.26762878895,
        "dmean2": 1.75703024864,
        "dvar": 2.99910521507,
        "dvar2": 5.39952230453,
        "max": 26.7012138367,
        "mean": 22.5340957642,
        "median": 23.504327774,
        "min": 8.13509273529,
        "var": 16.7413711548
    },
    "barkbands_flatness_db": {
        "dmean": 0.0224974527955,
        "dmean2": 0.0286641400307,
        "dvar": 0.00117353920359,
        "dvar2": 0.00208659749478,
        "max": 0.573868811131,
        "mean": 0.380459159613,
        "median": 0.380177408457,
        "min": 0.149228021502,
        "var": 0.0115870516747
    },
    "barkbands_kurtosis": {
        "dmean": 32.8710021973,
        "dmean2": 55.6526832581,
        "dvar": 3930.08911133,
        "dvar2": 11221.5742188,
        "max": 419.042633057,
        "mean": 58.0934410095,
        "median": 30.2048339844,
        "min": -1.31080079079,
        "var": 5623.10449219
    },
    "barkbands_skewness": {
        "dmean": 1.59510195255,
        "dmean2": 2.71204400063,
        "dvar": 4.47024726868,
        "dvar2": 13.4748754501,
        "max": 13.2651395798,
        "mean": 2.77358412743,
        "median": 2.42519879341,
        "min": -1.3794220686,
        "var": 5.28950977325
    },
    "barkbands_spread": {
        "dmean": 0.667877018452,
        "dmean2": 0.961815357208,
        "dvar": 2.31466031075,
        "dvar2": 4.97054767609,
        "max": 18.2331638336,
        "mean": 1.83567774296,
        "median": 1.07183206081,
        "min": 0.140510559082,
        "var": 4.93945598602
    },
    "dissonance": {
        "dmean": 0.0569316111505,
        "dmean2": 0.0920626521111,
        "dvar": 0.00261374539696,
        "dvar2": 0.00733147468418,
        "max": 0.462666839361,
        "mean": 0.26804792881,
        "median": 0.278859108686,
        "min": 0.045964691788,
        "var": 0.00808890536427
    },
    "dynamic_complexity": 4.81963682175,
    "erbbands_crest": {
        "dmean": 1.66242468357,
        "dmean2": 2.36546039581,
        "dvar": 3.76486372948,
        "dvar2": 8.27144622803,
        "max": 33.819393158,
        "mean": 22.4261360168,
        "median": 22.548746109,
        "min": 8.57749557495,
        "var": 25.0523166656
    },
    "erbbands_flatness_db": {
        "dmean": 0.0211609192193,
        "dmean2": 0.0264985971153,
        "dvar": 0.000927884073462,
        "dvar2": 0.0016073299339,
        "max": 0.584662616253,
        "mean": 0.395486176014,
        "median": 0.392858594656,
        "min": 0.14073471725,
        "var": 0.0107908379287
    },
    "erbbands_kurtosis": {
        "dmean": 10.224313736,
        "dmean2": 13.7171030045,
        "dvar": 183.38104248,
        "dvar2": 299.008789062,
        "max": 137.368774414,
        "mean": 27.0916366577,
        "median": 17.5738658905,
        "min": -1.43491256237,
        "var": 791.124023438
    },
    "erbbands_skewness": {
        "dmean": 0.648120164871,
        "dmean2": 0.908756434917,
        "dvar": 0.483242958784,
        "dvar2": 0.705232083797,
        "max": 8.11833667755,
        "mean": 3.08499932289,
        "median": 3.33297657967,
        "min": -0.244554787874,
        "var": 3.15751314163
    },
    "erbbands_spread": {
        "dmean": 1.06741786003,
        "dmean2": 1.60276758671,
        "dvar": 7.70120096207,
        "dvar2": 19.935956955,
        "max": 36.8338508606,
        "mean": 3.45560765266,
        "median": 2.17821264267,
        "min": 0.20633661747,
        "var": 15.9138364792
    },
    "hfc": {
        "dmean": 1.47296774387,
        "dmean2": 1.80975961685,
        "dvar": 5.32980728149,
        "dvar2": 10.8772830963,
        "max": 33.3803710938,
        "mean": 9.40467643738,
        "median": 5.15051221848,
        "min": 0.0149924503639,
        "var": 95.6152648926
    },
    "melbands_crest": {
        "dmean": 1.30575466156,
        "dmean2": 2.05133962631,
        "dvar": 2.8314781189,
        "dvar2": 5.81146669388,
        "max": 29.3074264526,
        "mean": 21.5612468719,
        "median": 21.6994533539,
        "min": 10.1875238419,
        "var": 15.3245773315
    },
    "melbands_flatness_db": {
        "dmean": 0.0222898796201,
        "dmean2": 0.028089158237,
        "dvar": 0.00127553660423,
        "dvar2": 0.00224165059626,
        "max": 0.670377731323,
        "mean": 0.478572934866,
        "median": 0.479283452034,
        "min": 0.248743757606,
        "var": 0.0111927557737
    },
    "melbands_kurtosis": {
        "dmean": 6.93134117126,
        "dmean2": 10.7251558304,
        "dvar": 92.6466293335,
        "dvar2": 256.960449219,
        "max": 85.0236663818,
        "mean": 17.8986186981,
        "median": 13.4324359894,
        "min": -0.958358287811,
        "var": 243.033599854
    },
    "melbands_skewness": {
        "dmean": 0.903743386269,
        "dmean2": 1.42134857178,
        "dvar": 0.962487697601,
        "dvar2": 2.53894400597,
        "max": 3.80926394463,
        "mean": 0.648801326752,
        "median": 0.373200118542,
        "min": -2.67852878571,
        "var": 2.77347922325
    },
    "melbands_spread": {
        "dmean": 0.835954546928,
        "dmean2": 1.27433526516,
        "dvar": 1.11463057995,
        "dvar2": 2.3938164711,
        "max": 10.714723587,
        "mean": 2.68415236473,
        "median": 1.85569262505,
        "min": 0.240198358893,
        "var": 5.08578586578
    },
    "pitch_salience": {
        "dmean": 0.0551751516759,
        "dmean2": 0.0740948617458,
        "dvar": 0.00526385661215,
        "dvar2": 0.00711190700531,
        "max": 0.835890650749,
        "mean": 0.258221745491,
        "median": 0.228909835219,
        "min": 0.0235217139125,
        "var": 0.0214245002717
    },
    "silence_rate_20dB": {
        "dmean": 0,
        "dmean2": 0,
        "dvar": 0,
        "dvar2": 0,
        "max": 1,
        "mean": 1,
        "median": 1,
        "min": 1,
        "var": 0
    },
    "silence_rate_30dB": {
        "dmean": 0,
        "dmean2": 0,
        "dvar": 0,
        "dvar2": 0,
        "max": 1,
        "mean": 1,
        "median": 1,
        "min": 1,
        "var": 0
    },
    "silence_rate_60dB": {
        "dmean": 0.019999999553,
        "dmean2": 0.0402684547007,
        "dvar": 0.0196000095457,
        "dvar2": 0.0386469326913,
        "max": 1,
        "mean": 0.198675498366,
        "median": 0,
        "min": 0,
        "var": 0.159203514457
    },
    "spectral_centroid": {
        "dmean": 17.3204345703,
        "dmean2": 26.9493274689,
        "dvar": 1348.76342773,
        "dvar2": 2378.53613281,
        "max": 681.683105469,
        "mean": 499.302307129,
        "median": 480.04510498,
        "min": 255.345733643,
        "var": 3627.3269043
    },
    "spectral_complexity": {
        "dmean": 0.600000023842,
        "dmean2": 0.986577153206,
        "dvar": 0.746668040752,
        "dvar2": 1.63740241528,
        "max": 11,
        "mean": 2.47682118416,
        "median": 2,
        "min": 0,
        "var": 1.91833460331
    },
    "spectral_decrease": {
        "dmean": 6.96864677074e-10,
        "dmean2": 8.96711427334e-10,
        "dvar": 9.71567573414e-19,
        "dvar2": 2.11020929375e-18,
        "max": -8.78966344153e-12,
        "mean": -4.51441595217e-09,
        "median": -2.74038303161e-09,
        "min": -1.4360796996e-08,
        "var": 2.0219885789e-17
    },
    "spectral_energy": {
        "dmean": 0.00275022815913,
        "dmean2": 0.00354242208414,
        "dvar": 1.52546117533e-05,
        "dvar2": 3.2933527109e-05,
        "max": 0.0569256655872,
        "mean": 0.0178914200515,
        "median": 0.0108169419691,
        "min": 3.45341177308e-05,
        "var": 0.000318478501868
    },
    "spectral_energyband_high": {
        "dmean": 1.2152769159e-05,
        "dmean2": 1.4478842786e-05,
        "dvar": 5.22955190263e-09,
        "dvar2": 9.28167409597e-09,
        "max": 0.000893051037565,
        "mean": 1.23287800307e-05,
        "median": 1.32021750687e-06,
        "min": 1.53525277824e-07,
        "var": 6.95201540779e-09
    },
    "spectral_energyband_low": {
        "dmean": 4.01649049309e-05,
        "dmean2": 6.9417830673e-05,
        "dvar": 2.27932428487e-09,
        "dvar2": 6.40230179982e-09,
        "max": 0.000297615129966,
        "mean": 5.96039426455e-05,
        "median": 4.4693970267e-05,
        "min": 9.93516209746e-07,
        "var": 3.40488881534e-09
    },
    "spectral_energyband_middle_high": {
        "dmean": 0.000469567428809,
        "dmean2": 0.000630840891972,
        "dvar": 1.0659362033e-06,
        "dvar2": 2.02788760362e-06,
        "max": 0.0129491062835,
        "mean": 0.00158371578436,
        "median": 0.000157389615197,
        "min": 1.1301772247e-06,
        "var": 8.96205892786e-06
    },
    "spectral_energyband_middle_low": {
        "dmean": 0.00265673152171,
        "dmean2": 0.00350347091444,
        "dvar": 1.56641272042e-05,
        "dvar2": 3.43925239576e-05,
        "max": 0.0546435825527,
        "mean": 0.0162626393139,
        "median": 0.0104122590274,
        "min": 2.79884297925e-05,
        "var": 0.000268961593974
    },
    "spectral_entropy": {
        "dmean": 0.217050522566,
        "dmean2": 0.277070194483,
        "dvar": 0.120041176677,
        "dvar2": 0.214903473854,
        "max": 7.48498630524,
        "mean": 4.93257856369,
        "median": 4.85204648972,
        "min": 3.02799057961,
        "var": 1.01093578339
    },
    "spectral_flux": {
        "dmean": 0.00998826418072,
        "dmean2": 0.0162643305957,
        "dvar": 0.000233037004364,
        "dvar2": 0.00057498505339,
        "max": 0.133013039827,
        "mean": 0.022468406707,
        "median": 0.0154695650563,
        "min": 0.00413648458198,
        "var": 0.000425367965363
    },
    "spectral_kurtosis": {
        "dmean": 11.8056745529,
        "dmean2": 18.474981308,
        "dvar": 194.578399658,
        "dvar2": 512.68927002,
        "max": 195.575790405,
        "mean": 59.9680900574,
        "median": 40.5814170837,
        "min": 3.16153287888,
        "var": 2317.72265625
    },
    "spectral_rms": {
        "dmean": 0.000343773397617,
        "dmean2": 0.000429761799751,
        "dvar": 1.534422438e-07,
        "dvar2": 3.38003388833e-07,
        "max": 0.0074523310177,
        "mean": 0.00363417249173,
        "median": 0.00324855581857,
        "min": 0.000183553318493,
        "var": 4.24783047492e-06
    },
    "spectral_rolloff": {
        "dmean": 34.166015625,
        "dmean2": 62.7208747864,
        "dvar": 11432.4199219,
        "dvar2": 25866.0722656,
        "max": 990.52734375,
        "mean": 555.443603516,
        "median": 473.73046875,
        "min": 215.33203125,
        "var": 28817.5527344
    },
    "spectral_skewness": {
        "dmean": 0.643183290958,
        "dmean2": 1.00150251389,
        "dvar": 0.498156696558,
        "dvar2": 1.12059593201,
        "max": 11.5109558105,
        "mean": 6.0962138176,
        "median": 5.35232686996,
        "min": 1.93047428131,
        "var": 5.63568687439
    },
    "spectral_spread": {
        "dmean": 523256.4375,
        "dmean2": 762203.5625,
        "dvar": 1.16550310298e+12,
        "dvar2": 1.60907998003e+12,
        "max": 14934449,
        "mean": 2397922.75,
        "median": 2383578.75,
        "min": 479524.4375,
        "var": 2.54339239117e+12
    },
    "spectral_strongpeak": {
        "dmean": 0.211267188191,
        "dmean2": 0.264776229858,
        "dvar": 0.0784025117755,
        "dvar2": 0.168996348977,
        "max": 4.82738399506,
        "mean": 2.01683282852,
        "median": 1.74694871902,
        "min": 0.011133376509,
        "var": 1.74178493023
    },
    "zerocrossingrate": {
        "dmean": 0.00198893225752,
        "dmean2": 0.00231360108592,
        "dvar": 3.03366596199e-05,
        "dvar2": 4.48911596322e-05,
        "max": 0.08349609375,
        "mean": 0.0232434812933,
        "median": 0.021484375,
        "min": 0.005859375,
        "var": 4.92375475005e-05
    },
    "barkbands": {
        "dmean": [2.11056021726e-06, 2.92937638733e-05, 1.14407666842e-05, 6.02639956924e-05, 0.000401590601541, 4.36224436271e-05, 0.00219114124775, 0.000168803278939, 0.000126535029267, 6.12449439359e-05, 0.000459577480797, 9.1540032372e-06, 3.99763803216e-06, 1.01115972484e-06, 1.80874258149e-06, 4.31913207422e-07, 2.02324883958e-07, 2.09501664017e-07, 3.94145416749e-07, 5.16182126375e-07, 2.09190815781e-07, 3.36625959108e-07, 6.14189218595e-07, 1.67987741406e-06, 3.72116869585e-06, 3.81931431548e-06, 1.70139765032e-06],
        "dmean2": [3.76929529011e-06, 5.23446651641e-05, 1.93908581423e-05, 0.000115675436973, 0.000546318944544, 7.72691782913e-05, 0.00290974834934, 0.000242945054197, 0.0001753851393, 7.68004611018e-05, 0.000623280880973, 1.20827426144e-05, 5.35462504558e-06, 1.62887749866e-06, 2.76275659417e-06, 6.75531566685e-07, 3.15468298595e-07, 2.86006383021e-07, 6.55734766042e-07, 7.43006467019e-07, 3.02841897337e-07, 4.87837439778e-07, 7.14626935405e-07, 2.05296032618e-06, 4.37033486378e-06, 5.41777626495e-06, 2.8539880077e-06],
        "dvar": [6.50204933297e-12, 1.28293820012e-09, 4.33432484348e-10, 6.45179056846e-08, 2.28351109399e-06, 2.03341166127e-08, 1.09417733256e-05, 2.95339134482e-07, 2.59808984993e-07, 4.44405294786e-08, 1.04074342744e-06, 1.92775972963e-09, 3.38757466523e-10, 2.55999713615e-12, 4.58627996691e-11, 9.96780023972e-13, 2.82116235754e-13, 4.983868678e-13, 5.0680596872e-12, 8.21841379672e-12, 1.01900963796e-12, 3.84903654088e-12, 1.23517029937e-11, 1.04573287529e-10, 5.01515662332e-10, 5.88917026256e-10, 1.40021105821e-10],
        "dvar2": [1.99222721653e-11, 3.81415699025e-09, 1.06011710521e-09, 1.6520709778e-07, 4.52476069768e-06, 5.96626463789e-08, 2.57049869106e-05, 5.06267895162e-07, 3.46139927387e-07, 7.25650082245e-08, 2.03608396987e-06, 3.29141092159e-09, 3.75623809834e-10, 4.74299982969e-12, 8.91808155101e-11, 2.39981927559e-12, 4.2466846554e-13, 7.42435193185e-13, 9.12008576298e-12, 1.44701837318e-11, 1.69411468361e-12, 6.44767832875e-12, 1.70683519402e-11, 1.92501112273e-10, 7.00076274729e-10, 1.28098986973e-09, 3.64163837974e-10],
        "max": [1.64858356584e-05, 0.000202308932785, 0.000186704171938, 0.00272804591805, 0.0191217716783, 0.00149351300206, 0.0472454056144, 0.00766965840012, 0.00595506699756, 0.00286533753388, 0.0129048926756, 0.000550949771423, 0.000214146406506, 1.59137416631e-05, 7.87806420703e-05, 9.72503312369e-06, 4.68213966087e-06, 8.73556928127e-06, 2.31172671192e-05, 3.37002093147e-05, 1.19002670544e-05, 2.27544624067e-05, 4.39164032286e-05, 0.000123375371913, 0.000276358536212, 0.00028083223151, 0.00012189210247],
        "mean": [2.1812252271e-06, 3.86152678402e-05, 1.22255005408e-05, 7.31177497073e-05, 0.000576172431465, 4.92915751238e-05, 0.0140995504335, 0.00119932682719, 0.00020267686341, 9.32014154387e-05, 0.00150601728819, 1.18061543617e-05, 7.47415833757e-06, 1.8195952407e-06, 3.08556991513e-06, 7.64838205214e-07, 3.64899960914e-07, 3.32997757369e-07, 5.36226707482e-07, 6.60202942981e-07, 3.08855447884e-07, 4.10449672472e-07, 7.47241358567e-07, 1.61484786076e-06, 4.3076233851e-06, 3.23070821651e-06, 1.49161928675e-06],
        "median": [1.07478615519e-06, 2.54864753515e-05, 5.955708275e-06, 3.67590428141e-06, 2.07213888643e-05, 1.51837566591e-05, 0.0084766857326, 2.51386391028e-05, 6.11053110333e-06, 1.14601461974e-05, 0.00011991840438, 3.04222339764e-06, 2.05098649531e-06, 1.36838207254e-06, 1.06238576336e-06, 4.65587305598e-07, 2.03616139061e-07, 1.55260636348e-07, 1.47240641013e-07, 1.7190954793e-07, 1.24142729874e-07, 8.25223267498e-08, 8.74739214396e-08, 9.79817897928e-08, 1.19537631349e-07, 1.82904699386e-07, 4.91132709612e-07],
        "min": [7.55508086647e-11, 2.28981932082e-07, 5.4675552974e-08, 7.62128848919e-08, 1.79803100764e-06, 8.12257212601e-07, 1.0475033605e-06, 1.53032181061e-06, 3.29092046059e-07, 1.67055688394e-07, 1.83902244544e-07, 1.51430242568e-07, 6.86056722543e-08, 4.54645103787e-08, 4.29074233921e-08, 2.54188883275e-08, 3.48009265849e-08, 2.04529779779e-08, 2.33844357211e-08, 1.8964602333e-08, 1.76147825215e-08, 1.40297196083e-08, 1.18062404297e-08, 1.11019593518e-08, 1.27540564776e-08, 1.32303474842e-08, 1.35207240959e-08],
        "var": [8.04608983607e-12, 1.73167036266e-09, 4.33256208687e-10, 1.06712036541e-07, 5.24108736499e-06, 2.07307238043e-08, 0.000211960286833, 5.41397002962e-06, 6.42536747364e-07, 1.18528724613e-07, 8.69901032274e-06, 3.15620329872e-09, 7.01670277437e-10, 3.80385349955e-12, 7.54327642016e-11, 1.3044448334e-12, 4.38595801388e-13, 8.41872307544e-13, 6.73050851163e-12, 1.12260504712e-11, 1.46764046229e-12, 5.3432930823e-12, 2.13133191651e-11, 1.33017416526e-10, 8.57178217295e-10, 6.05190675351e-10, 1.01847016931e-10]
    },
    "erbbands": {
        "dmean": [0.000989874941297, 0.00643308926374, 0.0118429800496, 0.0841889157891, 0.815342605114, 1.71380650997, 0.908770859241, 0.340671271086, 10.0856933594, 41.0370903015, 3.44012975693, 2.23470163345, 2.46932053566, 9.22453212738, 10.7408428192, 0.650728583336, 0.242020905018, 0.0658276677132, 0.072752431035, 0.0710141807795, 0.023318881169, 0.0126903634518, 0.0122486259788, 0.0183056145906, 0.0197394732386, 0.0270612742752, 0.0143245747313, 0.00362301664427, 0.0106045110151, 0.0106662372127, 0.0226061269641, 0.041602473706, 0.0189957246184, 0.0217519123107, 0.0345820151269, 0.0139854941517, 0.0103938886896, 0.00171567837242, 0.000268881878583, 1.45860640259e-05],
        "dmean2": [0.0017824069364, 0.0114575019106, 0.0205459203571, 0.158320203424, 1.25462770462, 2.38121986389, 1.31978964806, 0.50809776783, 12.0534114838, 56.2867965698, 4.91889238358, 2.78251361847, 3.49567270279, 12.92557621, 13.9960384369, 0.847790181637, 0.325211405754, 0.107479095459, 0.115833088756, 0.108450867236, 0.0362792126834, 0.0180866774172, 0.0156881771982, 0.0282255951315, 0.0292242038995, 0.0387845896184, 0.0179030243307, 0.00549310538918, 0.0142791541293, 0.0167076140642, 0.0241768639535, 0.0529685467482, 0.0254366137087, 0.0266514215618, 0.042163901031, 0.0147334588692, 0.0161184594035, 0.00271548540331, 0.000453267159173, 2.29916386161e-05],
        "dvar": [1.76259993623e-06, 6.07243237027e-05, 0.000299973587971, 0.109751775861, 14.5764436722, 72.0292282104, 19.2570438385, 0.313677549362, 175.747772217, 5541.73876953, 63.6850318909, 90.0140228271, 104.812950134, 309.214599609, 665.533203125, 3.76170039177, 0.802905917168, 0.0080295773223, 0.118936859071, 0.045252982527, 0.00380051648244, 0.00115988624748, 0.00148432457354, 0.0098782395944, 0.0108515964821, 0.0225937273353, 0.00510462606326, 0.000235336294281, 0.00333655718714, 0.00463052280247, 0.0166904293001, 0.063627615571, 0.0133093064651, 0.0169290676713, 0.0440974645317, 0.00661975285038, 0.00492962822318, 0.000133807450766, 3.50395680471e-06, 6.67823307765e-09],
        "dvar2": [5.41423742106e-06, 0.000180100425496, 0.000764614727814, 0.257493793964, 26.7568511963, 147.158065796, 40.9661979675, 0.746066331863, 386.8855896, 11027.9326172, 120.119758606, 117.212036133, 163.114089966, 644.346374512, 1228.2902832, 6.53139638901, 1.12652683258, 0.0109424320981, 0.218422219157, 0.0845774784684, 0.00859292689711, 0.00171920377761, 0.0021540147718, 0.0194036904722, 0.0185993108898, 0.0381936468184, 0.00892605166882, 0.000383602804504, 0.00523405428976, 0.00734967412427, 0.0263908393681, 0.121933467686, 0.0215343497694, 0.0259180087596, 0.0609744228423, 0.0100623518229, 0.0118484860286, 0.000327104848111, 9.16044427868e-06, 1.725379839e-08],
        "max": [0.00832475908101, 0.0432296991348, 0.13794632256, 3.84821557999, 46.9031639099, 109.076942444, 52.5846138, 6.03379631042, 218.389038086, 1169.21887207, 103.298545837, 120.134628296, 127.085441589, 179.798797607, 350.606201172, 24.9424991608, 9.47666549683, 1.13621878624, 3.87650442123, 2.27363014221, 0.574555933475, 0.364495187998, 0.489207953215, 1.07689428329, 1.19661450386, 1.78568840027, 0.896675348282, 0.152452230453, 0.699316620827, 0.721422970295, 1.63315021992, 3.06602072716, 1.37780022621, 1.60239672661, 2.57335662842, 1.03116750717, 0.765991806984, 0.124646671116, 0.0192225258797, 0.000871464551892],
        "mean": [0.00130915187765, 0.00790077075362, 0.0151478750631, 0.118480540812, 1.33057379723, 1.96573543549, 1.19760560989, 1.38854658604, 64.7136383057, 270.961425781, 20.1974830627, 4.2093462944, 4.52934885025, 25.5512752533, 37.5017089844, 1.63709163666, 0.4418823421, 0.145031526685, 0.113416783512, 0.149899810553, 0.0431921072304, 0.0224753133953, 0.0194018520415, 0.0240721572191, 0.0260347872972, 0.0340915024281, 0.0189713425934, 0.00746164517477, 0.0135790752247, 0.015932964161, 0.0242920387536, 0.0386388637125, 0.0204363595694, 0.0236938875169, 0.0407796613872, 0.0148397851735, 0.00794835668057, 0.00134503422305, 0.000229727869737, 3.4727541788e-05],
        "median": [0.000872022123076, 0.00551987765357, 0.00837005674839, 0.0112119456753, 0.0312758274376, 0.0756406113505, 0.180094704032, 1.20422828197, 50.555934906, 114.451667786, 5.37634992599, 0.424994558096, 0.46672976017, 4.38507699966, 1.14265477657, 0.209669917822, 0.10293918848, 0.0941167920828, 0.0553048998117, 0.0462434962392, 0.0221819896251, 0.0123683968559, 0.00906925834715, 0.00706043979153, 0.00757518364117, 0.00815057661384, 0.00614109029993, 0.00401750952005, 0.00310987653211, 0.0026273294352, 0.00238791806623, 0.00199827365577, 0.00165129324887, 0.00123905669898, 0.000897925870959, 0.000587283633649, 0.000359753263183, 0.000174761662493, 6.41575534246e-05, 2.11889055208e-05],
        "min": [8.81867072167e-06, 5.65734117117e-05, 0.000100860517705, 0.000486661534524, 0.00214512622915, 0.0125687755644, 0.00897863693535, 0.0124532813206, 0.0538838580251, 0.192899346352, 0.0508525036275, 0.0135761452839, 0.00726339779794, 0.00792041327804, 0.0215057153255, 0.0047153243795, 0.0031503920909, 0.00246878131293, 0.00174070301, 0.00332908029668, 0.00252291793004, 0.0021808273159, 0.00138130993582, 0.00152785587125, 0.000996731803752, 0.000783138617408, 0.000840255292132, 0.000617182115093, 0.000519863970112, 0.000430329790106, 0.000344706233591, 0.000262480374658, 0.000244733615546, 0.000173683394678, 0.000113592999696, 6.00570456299e-05, 3.07265945594e-05, 7.19759464118e-06, 5.81764243179e-06, 6.65678783207e-07],
        "var": [2.31641843129e-06, 7.38624221412e-05, 0.000386260799132, 0.221440047026, 35.9104232788, 105.268577576, 31.9343891144, 1.1326675415, 2753.1809082, 129264.4375, 860.586669922, 218.624191284, 295.698791504, 1826.56896973, 6235.32470703, 11.6399583817, 1.59189391136, 0.0257189422846, 0.154539301991, 0.114481881261, 0.00552249327302, 0.00192106398754, 0.00258367788047, 0.0121180946007, 0.0150158116594, 0.0320130735636, 0.00727695832029, 0.000399617099902, 0.00508729927242, 0.00783424265683, 0.0251386202872, 0.0782850310206, 0.0190897062421, 0.0259443726391, 0.0767980292439, 0.0104137482122, 0.00425597699359, 0.000110914399556, 2.52920494859e-06, 5.26175680804e-09]
    },
    "gfcc": {
        "mean": [-211.968658447, 133.185165405, -76.0512313843, -60.6438331604, -79.051612854, -17.4379730225, -19.8713741302, 6.91681289673, -3.3771648407, 14.6605072021, 4.15311145782, 4.21973752975, -8.14577484131],
        "cov": [[1628.04418945, -357.871948242, -28.1748638153, -1.81199872494, -209.453079224, 94.8707275391, -195.631744385, -8.91861248016, -371.543548584, -184.198669434, -179.071685791, 44.4489326477, 77.5979385376], [-357.871948242, 431.162139893, -106.614990234, -306.57723999, -70.9173583984, -83.0070571899, 120.525245667, -20.9251995087, 87.4418258667, -16.3571491241, 78.1605834961, -17.7275676727, 15.0353975296], [-28.1748638153, -106.614990234, 477.501922607, 499.704528809, 227.989868164, 49.8860321045, -87.595451355, -15.8244142532, 9.9357252121, 30.7848052979, -75.4238052368, -53.9739723206, -101.446556091], [-1.81199872494, -306.57723999, 499.704528809, 826.321166992, 352.929901123, 104.39944458, -168.755462646, -24.7365894318, -18.9240455627, 51.4244537354, -119.985282898, -70.7182846069, -96.3268508911], [-209.453079224, -70.9173583984, 227.989868164, 352.929901123, 233.071777344, 60.4232368469, -27.1505069733, -16.3785495758, 41.9284362793, 37.3615188599, -43.3582611084, -50.474647522, -65.0018005371], [94.8707275391, -83.0070571899, 49.8860321045, 104.39944458, 60.4232368469, 110.172866821, 1.68646216393, -23.3505687714, -92.9700775146, -38.5216598511, -68.9702453613, -31.0437793732, -17.77850914], [-195.631744385, 120.525245667, -87.595451355, -168.755462646, -27.1505069733, 1.68646216393, 120.997993469, 31.3292064667, 68.9262008667, 29.2076034546, 68.1754302979, 20.0760211945, 10.4294242859], [-8.91861248016, -20.9251995087, -15.8244142532, -24.7365894318, -16.3785495758, -23.3505687714, 31.3292064667, 79.2374038696, 91.7829742432, 62.9487571716, 62.0854034424, 57.414516449, 21.9253311157], [-371.543548584, 87.4418258667, 9.9357252121, -18.9240455627, 41.9284362793, -92.9700775146, 68.9262008667, 91.7829742432, 269.367401123, 156.615432739, 151.044403076, 69.7014389038, 8.71018028259], [-184.198669434, -16.3571491241, 30.7848052979, 51.4244537354, 37.3615188599, -38.5216598511, 29.2076034546, 62.9487571716, 156.615432739, 136.641220093, 111.977813721, 71.1881408691, 15.6097831726], [-179.071685791, 78.1605834961, -75.4238052368, -119.985282898, -43.3582611084, -68.9702453613, 68.1754302979, 62.0854034424, 151.044403076, 111.977813721, 169.277572632, 120.915145874, 60.1778564453], [44.4489326477, -17.7275676727, -53.9739723206, -70.7182846069, -50.474647522, -31.0437793732, 20.0760211945, 57.414516449, 69.7014389038, 71.1881408691, 120.915145874, 161.050720215, 89.6549224854], [77.5979385376, 15.0353975296, -101.446556091, -96.3268508911, -65.0018005371, -17.77850914, 10.4294242859, 21.9253311157, 8.71018028259, 15.6097831726, 60.1778564453, 89.6549224854, 86.7325515747]],
        "icov": [[0.00179572193883, 0.000597432081122, -0.000988350133412, 0.000690853514243, 0.00139900657814, -0.00147696549539, 0.00286093261093, -0.0030801075045, 0.0016188431764, 0.000919981277548, -0.000488487654366, 0.000476491724839, -0.00140033394564], [0.000597432081122, 0.00907437317073, -0.00466514518484, 0.00358670973219, -0.00151472352445, 0.00389547878876, -0.00529110152274, 0.00495778117329, -0.00325880362652, 0.00741705112159, -0.00574329262599, 0.0078304996714, -0.009651533328], [-0.000988350133412, -0.00466514518484, 0.0109537569806, -0.00760528212413, 0.00120541115757, 0.00173357315361, -0.00223247637041, 0.00103554630186, 0.000197189161554, -0.00266562146135, 0.0066261831671, -0.0116449557245, 0.0152236688882], [0.000690853514243, 0.00358670973219, -0.00760528212413, 0.0142553215846, -0.013279072009, -0.00252134189941, 0.0119530037045, -0.00670167058706, 0.00465918052942, -0.00239034718834, -0.00740642519668, 0.0104600330815, -0.0102265169844], [0.00139900657814, -0.00151472352445, 0.00120541115757, -0.013279072009, 0.032101854682, -0.0137177603319, -0.00528245000169, 0.0138505855575, -0.0172276347876, 0.00481709977612, 0.00796614866704, -0.00743508385494, 0.00707516772673], [-0.00147696549539, 0.00389547878876, 0.00173357315361, -0.00252134189941, -0.0137177603319, 0.0463292859495, -0.0313579402864, 0.00116532563698, 0.0215059984475, -0.0151631124318, 0.0210263133049, -0.00843314174563, -0.00273669860326], [0.00286093261093, -0.00529110152274, -0.00223247637041, 0.0119530037045, -0.00528245000169, -0.0313579402864, 0.0505715049803, -0.0211973134428, -0.00204577483237, 0.00907918345183, -0.0286213550717, 0.0140016293153, 0.00186875171494], [-0.0030801075045, 0.00495778117329, 0.00103554630186, -0.00670167058706, 0.0138505855575, 0.00116532563698, -0.0211973134428, 0.0492674075067, -0.0243978649378, -0.00166792282835, 0.0167979244143, -0.0138915907592, 0.00183326785918], [0.0016188431764, -0.00325880362652, 0.000197189161554, 0.00465918052942, -0.0172276347876, 0.0215059984475, -0.00204577483237, -0.0243978649378, 0.0407047085464, -0.0241741035134, -0.00225340062752, 0.00328644225374, 0.000861705804709], [0.000919981277548, 0.00741705112159, -0.00266562146135, -0.00239034718834, 0.00481709977612, -0.0151631124318, 0.00907918345183, -0.00166792282835, -0.0241741035134, 0.0558051094413, -0.0348980501294, 0.00920267030597, -0.000964776671026], [-0.000488487654366, -0.00574329262599, 0.0066261831671, -0.00740642519668, 0.00796614866704, 0.0210263133049, -0.0286213550717, 0.0167979244143, -0.00225340062752, -0.0348980501294, 0.072383351624, -0.0396080389619, 0.00766053702682], [0.000476491724839, 0.0078304996714, -0.0116449557245, 0.0104600330815, -0.00743508385494, -0.00843314174563, 0.0140016293153, -0.0138915907592, 0.00328644225374, 0.00920267030597, -0.0396080389619, 0.0520321726799, -0.0375502891839], [-0.00140033394564, -0.009651533328, 0.0152236688882, -0.0102265169844, 0.00707516772673, -0.00273669860326, 0.00186875171494, 0.00183326785918, 0.000861705804709, -0.000964776671026, 0.00766053702682, -0.0375502891839, 0.0585450939834]]
    },
    "melbands": {
        "dmean": [8.519752555e-06, 6.60100477035e-06, 3.7121681089e-05, 8.75511832419e-05, 4.16453622165e-05, 5.32478861714e-06, 0.000254811922787, 0.000363337312592, 1.50513014887e-05, 1.4401253793e-05, 1.17474792205e-05, 3.34487340297e-05, 5.64091642445e-05, 8.67982350883e-07, 1.25419148844e-06, 2.76552299283e-07, 1.09335466902e-07, 1.18462558873e-07, 1.07597344368e-07, 6.23746387873e-08, 2.47592204516e-08, 1.33313866613e-08, 1.23712284861e-08, 1.00927106672e-08, 1.651467052e-08, 1.6603468822e-08, 1.54601611513e-08, 1.76814687336e-08, 1.1860686655e-08, 3.12195824748e-09, 1.91476878797e-09, 4.01072774991e-09, 1.06646460551e-08, 5.85685278054e-09, 8.83833273235e-09, 2.2806540656e-08, 2.75440115161e-08, 1.33400650526e-08, 1.07930988591e-08, 2.21746088158e-08],
        "dmean2": [1.5197929315e-05, 1.14549229693e-05, 6.39979189145e-05, 0.000127618433908, 6.46639236948e-05, 9.21868922887e-06, 0.00031795212999, 0.00049706758, 2.19664179895e-05, 1.84529235412e-05, 1.64486391441e-05, 4.68495491077e-05, 7.42440824979e-05, 1.06143113499e-06, 1.69143322637e-06, 3.66590171552e-07, 1.77976900773e-07, 1.99416760438e-07, 1.56267120133e-07, 9.57733732321e-08, 3.92540435712e-08, 2.0081129648e-08, 1.66111657762e-08, 1.29946311489e-08, 2.50164635673e-08, 2.5987764829e-08, 2.15053148622e-08, 2.59249137713e-08, 1.53059787067e-08, 5.05027664133e-09, 3.16183235149e-09, 4.69240868384e-09, 1.656930948e-08, 1.12366986826e-08, 1.00439114803e-08, 2.49942324615e-08, 3.90117094184e-08, 1.64287818905e-08, 1.67515974425e-08, 2.74352132124e-08],
        "dvar": [1.14186111955e-10, 7.63194160647e-11, 2.97114972625e-08, 1.10471425785e-07, 4.64688234558e-08, 1.84197004871e-10, 1.19140132426e-07, 4.42947822421e-07, 5.96395599572e-09, 2.86447621178e-09, 2.50561682513e-09, 4.02412414502e-09, 1.79215025042e-08, 1.06936959288e-11, 3.32141918136e-11, 6.27246193353e-13, 2.07123899331e-14, 3.17865525568e-13, 1.06047135862e-13, 2.5614970892e-14, 4.99188152498e-15, 1.04025640912e-15, 1.47290876835e-15, 9.12346916663e-16, 8.01984770504e-15, 8.0428175445e-15, 6.29601749628e-15, 9.60749238006e-15, 3.55211482651e-15, 1.87998618536e-16, 5.3180252218e-17, 3.56441919768e-16, 4.65320725948e-15, 1.30529778287e-15, 2.46348415401e-15, 1.7608441086e-14, 3.05917095854e-14, 6.31591768834e-15, 5.14309003507e-15, 1.7856686114e-14],
        "dvar2": [3.4848118835e-10, 2.01594629878e-10, 5.76621843607e-08, 2.39755166831e-07, 7.96975996309e-08, 4.72360373038e-10, 2.9445706673e-07, 8.68245308538e-07, 9.55832035743e-09, 4.04755784444e-09, 3.82876486071e-09, 8.40841618555e-09, 3.34640084532e-08, 1.57557335234e-11, 6.59827609217e-11, 6.78544189153e-13, 2.84004743144e-14, 5.65138268214e-13, 2.23222753216e-13, 4.72247126116e-14, 1.18962507895e-14, 1.59735834298e-15, 1.90849652027e-15, 1.47416460058e-15, 1.6803526005e-14, 1.35388018342e-14, 1.16868464572e-14, 1.62738983259e-14, 6.5626948083e-15, 3.23595279092e-16, 1.12077295233e-16, 5.02859320346e-16, 8.23727936853e-15, 3.19376462092e-15, 3.98448745311e-15, 2.78087489559e-14, 6.66583758677e-14, 1.16164902066e-14, 8.33092902525e-15, 2.81334285431e-14],
        "max": [6.3090446929e-05, 5.60852313356e-05, 0.0020636189729, 0.00382813485339, 0.00257226615213, 0.000137055714731, 0.00503409747034, 0.0105025870726, 0.00118849507999, 0.000629743735772, 0.000627194240224, 0.000641411344986, 0.00179210037459, 4.39027717221e-05, 6.5627406002e-05, 1.05515264295e-05, 1.79976279924e-06, 6.03197759119e-06, 3.81976906283e-06, 1.68627491348e-06, 5.82592747378e-07, 3.04674557583e-07, 4.58329594721e-07, 3.92660979287e-07, 9.69390043792e-07, 9.84109192359e-07, 9.42041594953e-07, 1.15244699828e-06, 7.42913528029e-07, 1.40829200745e-07, 6.27439078471e-08, 2.41253047761e-07, 7.50566812258e-07, 3.28495190161e-07, 6.22875973022e-07, 1.67420830621e-06, 2.02872570298e-06, 9.62032913776e-07, 7.82049198733e-07, 1.63721119861e-06],
        "mean": [1.12547586468e-05, 8.47982028063e-06, 5.67802962905e-05, 0.000120292519568, 5.44677641301e-05, 6.69395330988e-06, 0.00160115468316, 0.0024193644058, 4.84237170895e-05, 2.22131911869e-05, 1.9278808395e-05, 9.09314476303e-05, 0.000194845837541, 1.42967724059e-06, 1.54331212343e-06, 5.20922640135e-07, 2.09551842545e-07, 1.72218875605e-07, 1.87869844126e-07, 1.31370796908e-07, 4.00663182631e-08, 2.28173391292e-08, 1.90187368077e-08, 1.55423194315e-08, 1.95137204173e-08, 2.16847322321e-08, 1.86549389269e-08, 2.22450928788e-08, 1.42865683728e-08, 5.85766590788e-09, 3.45747075414e-09, 5.60654811466e-09, 1.20129799441e-08, 7.67550645264e-09, 9.77596403828e-09, 2.36590960156e-08, 2.33989574383e-08, 1.30086439398e-08, 1.29525989934e-08, 2.33040218234e-08],
        "median": [7.47140938984e-06, 6.01291503699e-06, 2.59294961324e-06, 3.52056144948e-06, 5.34271703145e-06, 2.27166947298e-06, 0.001155390637, 0.00101874081884, 2.19426556214e-06, 8.31249678868e-07, 8.31416116398e-07, 1.61322514032e-05, 7.89376463217e-06, 5.432486887e-07, 1.85126907581e-07, 2.09335695445e-07, 1.41559866051e-07, 7.88794665141e-08, 7.11979168955e-08, 4.33275282319e-08, 2.10986872418e-08, 1.28498687246e-08, 8.94079743574e-09, 6.94258250888e-09, 5.26387955446e-09, 5.71539127137e-09, 5.31302513096e-09, 5.19104847996e-09, 4.20145518376e-09, 2.76810507849e-09, 2.0365056308e-09, 1.69222791335e-09, 1.45406187091e-09, 1.53423229676e-09, 1.3980022695e-09, 1.1629561758e-09, 1.18538301397e-09, 1.13599485374e-09, 1.06881892226e-09, 1.03796371498e-09],
        "min": [6.92139394687e-08, 8.71630234656e-08, 6.18660607188e-08, 2.99615123822e-07, 4.09848496474e-07, 7.73194344106e-08, 2.30969362747e-07, 1.84505495326e-06, 2.62190638978e-07, 5.66574627214e-08, 3.3392005605e-08, 2.6730820224e-08, 2.49530778262e-08, 2.70744031639e-08, 6.83976697502e-09, 5.20829024353e-09, 4.68528105202e-09, 2.52253284927e-09, 3.90536092354e-09, 4.78591788422e-09, 1.86119797352e-09, 1.79525982968e-09, 7.82153009027e-10, 7.75788433494e-10, 1.10825837396e-09, 7.77902520177e-10, 7.11850689505e-10, 4.96264862537e-10, 4.9645643152e-10, 4.3595033139e-10, 1.72482111926e-10, 2.22392673721e-10, 2.51575399401e-10, 1.68767264053e-10, 1.49774526115e-10, 1.61392899045e-10, 1.21021290211e-10, 1.19215359806e-10, 1.30130753395e-10, 1.07782942294e-10],
        "var": [1.5367185302e-10, 9.03694966081e-11, 6.67639952212e-08, 2.30211128383e-07, 8.31995450312e-08, 2.36316716196e-10, 1.78721666089e-06, 1.03955781015e-05, 2.7108393752e-08, 6.74223477048e-09, 7.04401470486e-09, 2.30261090195e-08, 1.64302733197e-07, 1.96227183807e-11, 4.41243361293e-11, 1.52483982472e-12, 5.65329609568e-14, 4.16693860406e-13, 1.87437969334e-13, 7.12890101226e-14, 6.07516890188e-15, 1.65511233157e-15, 2.6050233595e-15, 1.60251709126e-15, 8.97632916754e-15, 1.14172121532e-14, 8.15218643865e-15, 1.35577211621e-14, 4.75359845142e-15, 2.87811260505e-16, 7.30045785838e-17, 6.18261683118e-16, 5.93404220144e-15, 1.68846192453e-15, 3.63713194694e-15, 2.6604888133e-14, 3.16324962372e-14, 8.04654872464e-15, 7.38108575996e-15, 2.64051069421e-14]
    },
    "mfcc": {
        "mean": [-892.899414062, 192.086029053, 25.4698486328, -21.5505523682, -27.1254558563, -18.8067798615, -10.3245372772, -9.57098484039, -2.27199316025, 2.32820725441, 0.691900193691, 11.9783782959, 23.9247589111],
        "cov": [[1653.06469727, -213.197052002, 4.95288228989, -106.256416321, -101.674049377, -163.879501343, 36.7700080872, 35.4500617981, -58.8261146545, -122.00818634, -327.369262695, -338.353973389, -128.535415649], [-213.197052002, 253.048248291, -22.3624267578, -105.650436401, -88.3013839722, -33.565952301, -12.7172822952, -2.04317140579, 18.753900528, -5.50127887726, 0.551588952541, 8.95032310486, 39.2468986511], [4.95288228989, -22.3624267578, 178.578079224, 154.041473389, 117.207046509, 76.4974746704, 25.7898311615, 3.78014373779, -22.3586139679, 0.975410997868, 0.494632124901, -8.43089962006, -75.7942733765], [-106.256416321, -105.650436401, 154.041473389, 427.370727539, 303.580627441, 184.776443481, 33.9791221619, -39.0023422241, -47.5140037537, 12.0448818207, 63.4340705872, 60.7738265991, -59.549949646], [-101.674049377, -88.3013839722, 117.207046509, 303.580627441, 256.184020996, 163.001907349, 28.5088863373, -21.8501281738, -28.6098594666, 16.4678611755, 54.5222892761, 51.1415672302, -56.8354034424], [-163.879501343, -33.565952301, 76.4974746704, 184.776443481, 163.001907349, 157.525558472, 58.5775260925, -18.1913852692, -28.1816234589, 20.4597034454, 49.4374084473, 31.7329273224, -66.33644104], [36.7700080872, -12.7172822952, 25.7898311615, 33.9791221619, 28.5088863373, 58.5775260925, 74.5857849121, 7.16294670105, -23.4255237579, 0.688467264175, -8.62057495117, -31.4822845459, -58.5687561035], [35.4500617981, -2.04317140579, 3.78014373779, -39.0023422241, -21.8501281738, -18.1913852692, 7.16294670105, 44.0089950562, 24.6688270569, 2.02762532234, -5.49836158752, -1.49985086918, 6.37550210953], [-58.8261146545, 18.753900528, -22.3586139679, -47.5140037537, -28.6098594666, -28.1816234589, -23.4255237579, 24.6688270569, 54.9158210754, 30.8042259216, 18.4981403351, 17.5274658203, 16.6692428589], [-122.00818634, -5.50127887726, 0.975410997868, 12.0448818207, 16.4678611755, 20.4597034454, 0.688467264175, 2.02762532234, 30.8042259216, 70.184173584, 66.8480300903, 28.8896522522, -31.5999279022], [-327.369262695, 0.551588952541, 0.494632124901, 63.4340705872, 54.5222892761, 49.4374084473, -8.62057495117, -5.49836158752, 18.4981403351, 66.8480300903, 136.80670166, 114.131080627, 19.1129665375], [-338.353973389, 8.95032310486, -8.43089962006, 60.7738265991, 51.1415672302, 31.7329273224, -31.4822845459, -1.49985086918, 17.5274658203, 28.8896522522, 114.131080627, 174.531295776, 128.489349365], [-128.535415649, 39.2468986511, -75.7942733765, -59.549949646, -56.8354034424, -66.33644104, -58.5687561035, 6.37550210953, 16.6692428589, -31.5999279022, 19.1129665375, 128.489349365, 247.390319824]],
