{
"lowlevel": {
    "average_loudness": 0.989985466003,
    "barkbands_crest": {
        "dmean": 2.19121456146,
        "dmean2": 3.55294370651,
        "dvar": 3.72319436073,
        "dvar2": 10.3982610703,
        "max": 24.0754776001,
        "mean": 16.1015701294,
        "median": 17.8928947449,
        "min": 4.2697520256,
        "var": 36.0649032593
    },
    "barkbands_flatness_db": {
        "dmean": 0.0154020320624,
        "dmean2": 0.0230573210865,
        "dvar": 0.000115802235086,
        "dvar2": 0.000304725079332,
        "max": 0.241258427501,
        "mean": 0.13099142909,
        "median": 0.134911298752,
        "min": 0.039475992322,
        "var": 0.00247516902164
    },
    "barkbands_kurtosis": {
        "dmean": 4.48793983459,
        "dmean2": 7.26348352432,
        "dvar": 25.3895492554,
        "dvar2": 66.1743240356,
        "max": 73.9937438965,
        "mean": 13.9979419708,
        "median": 10.3334369659,
        "min": -1.49522638321,
        "var": 231.210693359
    },
    "barkbands_skewness": {
        "dmean": 0.567210972309,
        "dmean2": 0.910069942474,
        "dvar": 0.193826928735,
        "dvar2": 0.50137346983,
        "max": 8.07030487061,
        "mean": 3.26037979126,
        "median": 3.20384478569,
        "min": -0.272358298302,
        "var": 2.96735835075
    },
    "barkbands_spread": {
        "dmean": 4.70992183685,
        "dmean2": 7.06267023087,
        "dvar": 18.1233158112,
        "dvar2": 48.2361717224,
        "max": 58.2585678101,
        "mean": 26.1599369049,
        "median": 21.384431839,
        "min": 4.57334709167,
        "var": 216.298294067
    },
    "dissonance": {
        "dmean": 0.00944173708558,
        "dmean2": 0.0151514308527,
        "dvar": 0.000106823274109,
        "dvar2": 0.000142435761518,
        "max": 0.499009609222,
        "mean": 0.482917875051,
        "median": 0.483821570873,
        "min": 0.38152679801,
        "var": 0.000153986853547
    },
    "dynamic_complexity": 0.823595166206,
    "erbbands_crest": {
        "dmean": 1.19942200184,
        "dmean2": 2.03482604027,
        "dvar": 0.817143976688,
        "dvar2": 2.54249215126,
        "max": 9.84809494019,
        "mean": 5.78993415833,
        "median": 5.69146347046,
        "min": 3.88930511475,
        "var": 1.13326597214
    },
    "erbbands_flatness_db": {
        "dmean": 0.00749362399802,
        "dmean2": 0.0136008765548,
        "dvar": 9.92424975266e-05,
        "dvar2": 0.000277640123386,
        "max": 0.140680029988,
        "mean": 0.0800167545676,
        "median": 0.0769216194749,
        "min": 0.0659458786249,
        "var": 0.000158933296916
    },
    "erbbands_kurtosis": {
        "dmean": 0.207591250539,
        "dmean2": 0.370331794024,
        "dvar": 0.151546865702,
        "dvar2": 0.417575597763,
        "max": 1.19874095917,
        "mean": -1.25664329529,
        "median": -1.3130633831,
        "min": -1.53222954273,
        "var": 0.116022773087
    },
    "erbbands_skewness": {
        "dmean": 0.225200310349,
        "dmean2": 0.357747763395,
        "dvar": 0.0397891774774,
        "dvar2": 0.126166433096,
        "max": 0.36920812726,
        "mean": -0.160562753677,
        "median": -0.112685218453,
        "min": -1.36010313034,
        "var": 0.0717943534255
    },
    "erbbands_spread": {
        "dmean": 6.07008075714,
        "dmean2": 10.3495769501,
        "dvar": 36.4958610535,
        "dvar2": 90.1468353271,
        "max": 89.2796325684,
        "mean": 66.0293502808,
        "median": 65.9204406738,
        "min": 27.5252170563,
        "var": 91.4809417725
    },
    "hfc": {
        "dmean": 7.66396379471,
        "dmean2": 14.2560787201,
        "dvar": 435.580444336,
        "dvar2": 1238.59692383,
        "max": 183.401153564,
        "mean": 41.7559890747,
        "median": 38.228931427,
        "min": 0.971214354038,
        "var": 401.395568848
    },
    "melbands_crest": {
        "dmean": 3.43019247055,
        "dmean2": 5.67986965179,
        "dvar": 8.2983045578,
        "dvar2": 25.8246078491,
        "max": 32.9473228455,
        "mean": 23.2252845764,
        "median": 25.5830726624,
        "min": 5.70237159729,
        "var": 52.8346939087
    },
    "melbands_flatness_db": {
        "dmean": 0.0213383808732,
        "dmean2": 0.0330252051353,
        "dvar": 0.00030098593561,
        "dvar2": 0.000841374159791,
        "max": 0.370599657297,
        "mean": 0.243418648839,
        "median": 0.252927094698,
        "min": 0.0882658287883,
        "var": 0.00416767271236
    },
    "melbands_kurtosis": {
        "dmean": 12.8168678284,
        "dmean2": 20.7409687042,
        "dvar": 151.227096558,
        "dvar2": 366.57131958,
        "max": 201.527160645,
        "mean": 49.944065094,
        "median": 38.5049476624,
        "min": -0.29187297821,
        "var": 1915.91796875
    },
    "melbands_skewness": {
        "dmean": 0.79606372118,
        "dmean2": 1.27526128292,
        "dvar": 0.377931654453,
        "dvar2": 0.928083837032,
        "max": 11.9170560837,
        "mean": 5.68025493622,
        "median": 5.57440853119,
        "min": 0.904758810997,
        "var": 6.0858631134
    },
    "melbands_spread": {
        "dmean": 5.37667560577,
        "dmean2": 9.24994182587,
        "dvar": 110.870155334,
        "dvar2": 312.303649902,
        "max": 90.7038040161,
        "mean": 14.5911741257,
        "median": 8.72647380829,
        "min": 1.75329291821,
        "var": 206.592407227
    },
    "pitch_salience": {
        "dmean": 0.0771965757012,
        "dmean2": 0.13179397583,
        "dvar": 0.00374546297826,
        "dvar2": 0.0101686846465,
        "max": 0.877185761929,
        "mean": 0.423528254032,
        "median": 0.379592895508,
        "min": 0.153419151902,
        "var": 0.0313815176487
    },
    "silence_rate_20dB": {
        "dmean": 0,
        "dmean2": 0,
        "dvar": 0,
        "dvar2": 0,
        "max": 1,
        "mean": 1,
        "median": 1,
        "min": 1,
        "var": 0
    },
    "silence_rate_30dB": {
        "dmean": 0.0500000007451,
        "dmean2": 0.0924369767308,
        "dvar": 0.0475000552833,
        "dvar2": 0.100699134171,
        "max": 1,
        "mean": 0.785123944283,
        "median": 1,
        "min": 0,
        "var": 0.168704137206
    },
    "silence_rate_60dB": {
        "dmean": 0,
        "dmean2": 0,
        "dvar": 0,
        "dvar2": 0,
        "max": 0,
        "mean": 0,
        "median": 0,
        "min": 0,
        "var": 0
    },
    "spectral_centroid": {
        "dmean": 287.445251465,
        "dmean2": 450.875854492,
        "dvar": 47854.4179688,
        "dvar2": 162244.703125,
        "max": 3354.66796875,
        "mean": 2071.84667969,
        "median": 2041.20874023,
        "min": 1281.29211426,
        "var": 123223.914062
    },
    "spectral_complexity": {
        "dmean": 4.08333349228,
        "dmean2": 5.85714292526,
        "dvar": 20.8097305298,
        "dvar2": 37.2653007507,
        "max": 70,
        "mean": 28.3305778503,
        "median": 28,
        "min": 0,
        "var": 44.9320831299
    },
    "spectral_decrease": {
        "dmean": 4.59121407559e-09,
        "dmean2": 6.81526080015e-09,
        "dvar": 1.69380285107e-17,
        "dvar2": 4.07762984297e-17,
        "max": -9.18072423639e-11,
        "mean": -1.90492475127e-08,
        "median": -1.55932404766e-08,
        "min": -7.38950021173e-08,
        "var": 2.19817345025e-16
    },
    "spectral_energy": {
        "dmean": 0.0178846344352,
        "dmean2": 0.0267857592553,
        "dvar": 0.000264511822024,
        "dvar2": 0.000645076215733,
        "max": 0.283187091351,
        "mean": 0.0756836533546,
        "median": 0.0619084089994,
        "min": 0.000434594636317,
        "var": 0.00315601029433
    },
    "spectral_energyband_high": {
        "dmean": 0.000747149984818,
        "dmean2": 0.00135507562663,
        "dvar": 4.87613442601e-06,
        "dvar2": 1.38258810694e-05,
        "max": 0.0196127500385,
        "mean": 0.00206769234501,
        "median": 0.00167652848177,
        "min": 4.1380404582e-05,
        "var": 3.86003102903e-06
    },
    "spectral_energyband_low": {
        "dmean": 0.0150417294353,
        "dmean2": 0.0214767102152,
        "dvar": 0.000205527438084,
        "dvar2": 0.000476916902699,
        "max": 0.268726915121,
        "mean": 0.0615741237998,
        "median": 0.0466714687645,
        "min": 3.44269283232e-05,
        "var": 0.00319937686436
    },
    "spectral_energyband_middle_high": {
        "dmean": 0.00148893275764,
        "dmean2": 0.0026836162433,
        "dvar": 1.62894048117e-05,
        "dvar2": 4.49900508102e-05,
        "max": 0.031723625958,
        "mean": 0.00336880353279,
        "median": 0.00248264358379,
        "min": 0.000100005316199,
        "var": 1.82434905582e-05
    },
    "spectral_energyband_middle_low": {
        "dmean": 0.00332755735144,
        "dmean2": 0.00538558838889,
        "dvar": 2.91939577437e-05,
        "dvar2": 5.85512207181e-05,
        "max": 0.0609627626836,
        "mean": 0.00910888239741,
        "median": 0.00803381949663,
        "min": 0.000256345869275,
        "var": 3.70110501535e-05
    },
    "spectral_entropy": {
        "dmean": 0.068060413003,
        "dmean2": 0.114562317729,
        "dvar": 0.00269642448984,
        "dvar2": 0.00585172558203,
        "max": 8.35106945038,
        "mean": 7.87861156464,
        "median": 7.87468576431,
        "min": 7.69717168808,
        "var": 0.00589961977676
    },
    "spectral_flux": {
        "dmean": 0.0218079686165,
        "dmean2": 0.0376935638487,
        "dvar": 0.000492697407026,
        "dvar2": 0.00119840563275,
        "max": 0.244540959597,
        "mean": 0.0941378474236,
        "median": 0.0891950875521,
        "min": 0.0562256425619,
        "var": 0.000864596513566
    },
    "spectral_kurtosis": {
        "dmean": 0.56082713604,
        "dmean2": 0.96358281374,
        "dvar": 0.286399841309,
        "dvar2": 0.757020115852,
        "max": 10.3666534424,
        "mean": 6.54177618027,
        "median": 6.5349817276,
        "min": 3.48584985733,
        "var": 0.504524886608
    },
    "spectral_rms": {
        "dmean": 0.00104059046134,
        "dmean2": 0.00158557167742,
        "dvar": 6.98465896676e-07,
        "dvar2": 1.76529317741e-06,
        "max": 0.0166216753423,
        "mean": 0.00805663969368,
        "median": 0.00777164380997,
        "min": 0.000651148788165,
        "var": 8.92827119969e-06
    },
    "spectral_rolloff": {
        "dmean": 408.233551025,
        "dmean2": 694.309997559,
        "dvar": 546232.25,
        "dvar2": 1509793.125,
        "max": 4155.90820312,
        "mean": 975.579284668,
        "median": 322.998046875,
        "min": 64.599609375,
        "var": 1743990
    },
    "spectral_skewness": {
        "dmean": 0.112302526832,
        "dmean2": 0.186764657497,
        "dvar": 0.0237493608147,
        "dvar2": 0.0666988268495,
        "max": 2.5218501091,
        "mean": 1.53392875195,
        "median": 1.5500793457,
        "min": 0.595239341259,
        "var": 0.0352404713631
    },
    "spectral_spread": {
        "dmean": 369204.46875,
        "dmean2": 595158.875,
        "dvar": 456090845184,
        "dvar2": 610822193152,
        "max": 12577266,
        "mean": 5216685.5,
        "median": 5230927.5,
        "min": 3049180.25,
        "var": 643343253504
    },
    "spectral_strongpeak": {
        "dmean": 0.0997313931584,
        "dmean2": 0.15199111402,
        "dvar": 0.0198052600026,
        "dvar2": 0.035974226892,
        "max": 1.18233990669,
        "mean": 0.478826314211,
        "median": 0.458642572165,
        "min": 0.019192116335,
        "var": 0.0821493789554
    },
    "zerocrossingrate": {
        "dmean": 0.0148071292788,
        "dmean2": 0.0186203382909,
        "dvar": 0.000162836542586,
        "dvar2": 0.000203248520847,
        "max": 0.1748046875,
        "mean": 0.0860061049461,
        "median": 0.07861328125,
        "min": 0.01318359375,
        "var": 0.00198311591521
    },
    "barkbands": {
        "dmean": [0.00136141770054, 0.013519900851, 0.00312259839848, 0.00121035252232, 0.00178634352051, 0.000669957895298, 0.000716462731361, 0.00044480492943, 0.000273852871032, 0.000173974767677, 0.000268243107712, 0.000141750046168, 0.000118350006233, 0.000114754009701, 0.000130253276438, 5.98465449002e-05, 7.64928554418e-05, 8.7841268396e-05, 0.000598755315877, 0.00062853388954, 0.000377792923246, 6.01954852755e-05, 4.16890870838e-05, 7.96455969976e-06, 6.19915863354e-06, 1.17544486784e-05, 6.76787312841e-05],
        "dmean2": [0.00262486049905, 0.0189946331084, 0.00531359994784, 0.00187460135203, 0.00301411608234, 0.00115659961011, 0.00111091090366, 0.000771901628468, 0.000450428546173, 0.000317134516081, 0.000480036920635, 0.000247495394433, 0.000197267581825, 0.000192936189706, 0.000219929788727, 0.000107556355943, 0.000134047164465, 0.000151297412231, 0.00103972782381, 0.0011624203762, 0.000663728395011, 0.00011172064842, 7.61850169511e-05, 1.37290771818e-05, 1.0221768207e-05, 2.09608479054e-05, 0.000110419925477],
        "dvar": [1.48680317125e-06, 0.000188507139683, 1.2377641724e-05, 5.69097755942e-06, 2.9861926123e-06, 4.66136896193e-07, 1.41305611123e-06, 1.30447716629e-07, 9.19237379549e-08, 1.51135381543e-07, 2.26424134553e-07, 3.50087887568e-08, 2.87397163845e-08, 5.61965443069e-08, 1.26101795672e-07, 1.58638773229e-08, 3.77779443284e-08, 5.93577631491e-08, 1.60185379627e-06, 3.1770618989e-06, 8.98820871953e-07, 2.02288141793e-08, 1.35202720131e-08, 1.1316390186e-10, 3.44550915576e-11, 1.03906244719e-10, 5.03342745262e-09],
        "dvar2": [4.67270638183e-06, 0.000422583980253, 3.70032030332e-05, 1.02268359115e-05, 7.4127251537e-06, 1.15090426789e-06, 2.86627846435e-06, 3.99096876436e-07, 1.69194223076e-07, 4.63941375983e-07, 5.6550197769e-07, 9.11920423619e-08, 6.72544118174e-08, 1.11831688798e-07, 2.57945146132e-07, 3.91221526286e-08, 1.00491362787e-07, 1.44504326727e-07, 4.2843985284e-06, 9.5416971817e-06, 2.44071793531e-06, 5.50080976325e-08, 4.21144363827e-08, 3.26198040801e-10, 7.84043316382e-11, 2.48750936516e-10, 9.9745331994e-09],
        "max": [0.0137033462524, 0.25218680501, 0.0241029672325, 0.023806752637, 0.0143265845254, 0.00624101841822, 0.0132695958018, 0.00305957905948, 0.00346363103017, 0.00361461471766, 0.00452047865838, 0.00157233420759, 0.00182596617378, 0.0026344479993, 0.00367426103912, 0.00124702602625, 0.00196334766224, 0.00193119619507, 0.009705982171, 0.0120865255594, 0.00800803117454, 0.00112280237954, 0.00102083105594, 0.000101809288026, 6.54257819406e-05, 0.000111032466521, 0.000747939455323],
        "mean": [0.00291247433051, 0.0534484125674, 0.00440545473248, 0.00144238956273, 0.0027459806297, 0.00129452010151, 0.0019377800636, 0.0010728565976, 0.00055260816589, 0.000278768246062, 0.000346222775988, 0.00026668002829, 0.000206104305107, 0.000183129872312, 0.000202204508241, 0.000117640847748, 0.000131840482936, 0.000131262582727, 0.001062795287, 0.000997437047772, 0.000648958084639, 0.000125988459331, 8.33291269373e-05, 3.13101190841e-05, 3.2343694329e-05, 7.14885391062e-05, 0.000615575525444],
        "median": [0.00191985571291, 0.039106592536, 0.00337136210874, 0.000797051587142, 0.00237229978666, 0.00119892240036, 0.00178964319639, 0.00101310492028, 0.000474725355161, 0.000205650489079, 0.000221464564675, 0.000220398054807, 0.000161943287821, 0.000131244712975, 0.000129426261992, 7.97361790319e-05, 9.00176601135e-05, 8.87764254003e-05, 0.0007216957747, 0.000757728354074, 0.000468022160931, 9.05090710148e-05, 6.41812366666e-05, 2.8753256629e-05, 3.04071363644e-05, 7.14322959539e-05, 0.000623005034868],
        "min": [2.85584383164e-06, 6.67496851747e-06, 1.53581495397e-05, 2.52283170994e-05, 5.75323902012e-05, 1.85573535418e-05, 6.70006120345e-05, 4.31084008596e-05, 4.08766863984e-05, 6.78182914271e-06, 1.95754746528e-05, 1.46650445458e-05, 6.15355565969e-06, 2.85668761535e-06, 9.15219061426e-06, 2.30210230256e-06, 1.58811474193e-06, 1.42785120261e-06, 2.3573411454e-05, 2.06943350349e-05, 1.43411507452e-05, 5.0260905482e-06, 2.69417637355e-06, 1.11258611923e-06, 7.68295080888e-07, 1.62677633853e-06, 1.21494549603e-05],
        "var": [8.80565494299e-06, 0.00276454002596, 1.71538613358e-05, 6.93518450134e-06, 3.72396311832e-06, 5.93603601828e-07, 1.54741530878e-06, 2.20668809447e-07, 1.27830702468e-07, 1.22777237266e-07, 2.74562552249e-07, 4.71560923643e-08, 4.14659773185e-08, 7.65914833778e-08, 1.56617247171e-07, 3.22062234659e-08, 5.25885468505e-08, 5.05038073584e-08, 2.09127983908e-06, 2.00573026632e-06, 8.76996352872e-07, 2.5755788613e-08, 1.08987876501e-08, 1.45829986975e-10, 7.39313471554e-11, 1.59888352558e-10, 6.86461198995e-09]
    },
    "erbbands": {
        "dmean": [0.563658356667, 2.55990004539, 3.52710127831, 3.7346496582, 5.13478517532, 6.64655065536, 4.82260560989, 6.38906764984, 7.53803110123, 17.2995567322, 7.35942554474, 7.25331830978, 3.29154872894, 8.4509267807, 11.0874481201, 4.4029955864, 5.42019844055, 4.71651554108, 6.73278665543, 5.65582895279, 3.37417173386, 4.15715074539, 3.48079681396, 20.6106529236, 28.9377307892, 28.8680591583, 23.9432792664, 7.4032831192, 2.62230944633, 1.95244824886, 0.856536149979, 0.196041554213, 0.132278114557, 0.0741420313716, 0.054680865258, 0.0376474894583, 0.0290081873536, 0.0216395147145, 0.0103260558099, 0.00169042847119],
        "dmean2": [0.786097109318, 3.80265688896, 5.89309883118, 6.03594732285, 8.48222446442, 11.4150333405, 8.28923606873, 10.3365297318, 12.1853685379, 29.4990215302, 12.4323453903, 11.9132966995, 5.60770654678, 15.0473499298, 20.7835102081, 7.75773239136, 9.1359910965, 7.85333108902, 11.29895401, 9.44165229797, 6.05600070953, 7.19595766068, 5.80810260773, 36.8439178467, 51.486415863, 54.0653266907, 41.2960205078, 13.6831607819, 4.80542516708, 3.63255476952, 1.53272509575, 0.335383176804, 0.23848554492, 0.125575304031, 0.0906359031796, 0.0620120204985, 0.0507114902139, 0.0362432934344, 0.0172914732248, 0.00272028893232],
        "dvar": [0.332810431719, 7.33211946487, 13.0788373947, 19.5406551361, 37.7059173584, 55.2457275391, 30.7108364105, 51.6770515442, 395.641693115, 191.085144043, 54.6995887756, 46.7842216492, 11.5227069855, 307.435211182, 407.292999268, 36.0915031433, 63.3958740234, 103.855506897, 316.943572998, 179.617492676, 68.8344650269, 106.76146698, 105.369865417, 2859.42675781, 4277.16943359, 6444.46533203, 3674.52783203, 502.9972229, 45.9217605591, 37.0867347717, 3.43677926064, 0.0795450136065, 0.0316574983299, 0.00435314374045, 0.00264486763626, 0.00105748593342, 0.000511514255777, 0.00045464822324, 7.81867202022e-05, 2.09101199289e-06],
        "dvar2": [0.637210190296, 19.0422363281, 38.1577682495, 47.9659881592, 69.0030517578, 126.899101257, 90.1987915039, 127.821983337, 1016.68481445, 471.728851318, 139.2628479, 104.992385864, 22.8666687012, 1006.60229492, 1130.30383301, 99.4682159424, 154.514282227, 221.667007446, 619.704711914, 376.334136963, 200.400772095, 254.465652466, 200.187240601, 8135.79248047, 11664.8662109, 19420.4160156, 9984.20800781, 1438.45898438, 125.365364075, 110.902130127, 10.3212423325, 0.206891804934, 0.0865594595671, 0.0103451376781, 0.00622324505821, 0.00258445832878, 0.00135069165844, 0.00112848647404, 0.000165077784914, 4.65176481157e-06],
        "max": [12.232339859, 36.7690200806, 24.1275691986, 42.9149589539, 53.9298706055, 64.547088623, 43.2945899963, 63.7621116638, 193.512542725, 113.806091309, 80.6125869751, 76.0372543335, 46.4010543823, 150.044647217, 141.582870483, 46.2019424438, 83.2396469116, 113.18157196, 185.357147217, 156.547546387, 84.7890167236, 115.438514709, 111.516860962, 397.172149658, 437.290161133, 529.245788574, 518.594604492, 204.20161438, 51.8993721008, 52.2982406616, 16.2825393677, 3.04711055756, 1.76499915123, 0.721313238144, 0.520998775959, 0.306736171246, 0.214652895927, 0.182962983847, 0.094041697681, 0.0162044987082],
        "mean": [2.58978676796, 7.84261322021, 5.74822759628, 4.93119382858, 7.11551380157, 9.48628616333, 8.46369934082, 11.9568758011, 13.1760568619, 49.6002197266, 16.0458679199, 14.2415924072, 7.59515428543, 11.9870634079, 16.5910797119, 8.34824466705, 9.77689266205, 9.00937080383, 11.0064220428, 9.34218978882, 6.3381114006, 7.31496667862, 6.22752714157, 35.5007553101, 51.2277069092, 46.4379310608, 41.4496650696, 13.9360809326, 5.19770956039, 3.76223802567, 1.95841062069, 0.752466619015, 0.514819920063, 0.344977915287, 0.246602863073, 0.166887074709, 0.143756046891, 0.122994706035, 0.0681112855673, 0.0121125159785],
        "median": [1.81761991978, 6.08007860184, 4.74715185165, 3.87173295021, 5.61026382446, 7.59862041473, 7.23792600632, 11.2039451599, 11.2513685226, 47.4637641907, 13.4524011612, 12.4369535446, 6.49483585358, 7.74998521805, 11.1412210464, 6.54116487503, 7.58508014679, 6.73698854446, 8.10918045044, 5.1686964035, 4.19575357437, 5.04750108719, 4.48447465897, 23.6452903748, 35.4141044617, 34.3253479004, 31.3801403046, 9.07147884369, 3.59156012535, 2.85549974442, 1.58986210823, 0.656894922256, 0.489594489336, 0.336186051369, 0.235280185938, 0.160443171859, 0.139474377036, 0.123981922865, 0.0687939450145, 0.012207403779],
        "min": [0.000128033469082, 0.00192639615852, 0.0142515050247, 0.0558272786438, 0.15196287632, 0.200355097651, 0.115899868309, 0.189485058188, 0.692662298679, 1.28429019451, 0.765060842037, 0.966649770737, 0.496292442083, 0.28854238987, 0.992179512978, 0.450755417347, 0.286165177822, 0.219550997019, 0.435223162174, 0.212822586298, 0.157560408115, 0.0738996863365, 0.103310197592, 0.749032378197, 1.20666575432, 0.889378666878, 0.794793605804, 0.355331867933, 0.240213915706, 0.118805393577, 0.049942638725, 0.027216244489, 0.015407294035, 0.00730648962781, 0.00656445138156, 0.00593965314329, 0.00294287875295, 0.00212895171717, 0.00125905207824, 0.000245277682552],
        "var": [6.90635728836, 56.8322906494, 23.5340709686, 25.2685546875, 47.5336952209, 63.8600921631, 36.5149650574, 59.2715034485, 306.889953613, 304.913085938, 114.732475281, 71.6025085449, 27.7292499542, 285.034210205, 429.860321045, 43.8438835144, 91.9727630615, 143.405395508, 374.013183594, 321.310424805, 90.3850631714, 159.078598022, 122.061698914, 2739.95263672, 4711.55664062, 4030.64208984, 3005.28979492, 596.071411133, 55.0893478394, 27.0656318665, 3.89887166023, 0.13517510891, 0.0332170911133, 0.00932578183711, 0.00505845947191, 0.00175980641507, 0.000808541022707, 0.000479804031784, 0.000110366607259, 3.42142129739e-06]
    },
    "gfcc": {
        "mean": [64.3731231689, 60.524559021, -64.6784515381, 29.2843894958, -29.2454433441, -15.3983249664, 7.40840196609, 2.01705884933, -11.8616828918, 13.9366054535, 0.175743982196, -5.19270133972, -7.38383769989],
        "cov": [[560.710144043, 46.8936271667, -61.0874443054, 79.6068344116, 27.4138793945, 15.0065736771, 12.1724977493, -10.042134285, 2.07341098785, -11.9997291565, -1.30325114727, 16.1240062714, 7.77819108963], [46.8936271667, 76.2663421631, 84.4092941284, 41.0176811218, 39.0821609497, 28.7621898651, 27.9897632599, 22.9975776672, 13.2794456482, 6.48951292038, 6.34907245636, 5.78996562958, 7.13303518295], [-61.0874443054, 84.4092941284, 208.603729248, 43.8484153748, 67.7046051025, 46.1069297791, 42.6177368164, 60.1714706421, 29.8223514557, 34.1480255127, 28.2864742279, 6.53145122528, 15.378660202], [79.6068344116, 41.0176811218, 43.8484153748, 50.6018714905, 31.1875648499, 17.1585998535, 17.5789890289, 9.73254871368, 7.27691602707, 4.02198696136, 2.32123184204, 0.301190435886, -0.427444726229], [27.4138793945, 39.0821609497, 67.7046051025, 31.1875648499, 50.0795402527, 31.5086326599, 25.5682506561, 28.3070640564, 18.9493942261, 16.1943435669, 12.6065120697, 4.75899171829, 3.24747920036], [15.0065736771, 28.7621898651, 46.1069297791, 17.1585998535, 31.5086326599, 41.8801002502, 28.9281578064, 29.700717926, 18.4079113007, 13.340970993, 11.4693565369, 7.06684827805, 5.21234989166], [12.1724977493, 27.9897632599, 42.6177368164, 17.5789890289, 25.5682506561, 28.9281578064, 38.4629020691, 32.0080337524, 14.8383779526, 11.5160741806, 12.2863740921, 9.36279582977, 6.93522548676], [-10.042134285, 22.9975776672, 60.1714706421, 9.73254871368, 28.3070640564, 29.700717926, 32.0080337524, 47.3378829956, 23.7023735046, 18.1250972748, 16.2710437775, 7.6035785675, 8.25746917725], [2.07341098785, 13.2794456482, 29.8223514557, 7.27691602707, 18.9493942261, 18.4079113007, 14.8383779526, 23.7023735046, 25.0558509827, 16.1858901978, 6.93119525909, 2.61065626144, 4.15650701523], [-11.9997291565, 6.48951292038, 34.1480255127, 4.02198696136, 16.1943435669, 13.340970993, 11.5160741806, 18.1250972748, 16.1858901978, 25.0190124512, 16.0588626862, 6.14934015274, 8.84760475159], [-1.30325114727, 6.34907245636, 28.2864742279, 2.32123184204, 12.6065120697, 11.4693565369, 12.2863740921, 16.2710437775, 6.93119525909, 16.0588626862, 25.2230548859, 14.0590820312, 9.17788028717], [16.1240062714, 5.78996562958, 6.53145122528, 0.301190435886, 4.75899171829, 7.06684827805, 9.36279582977, 7.6035785675, 2.61065626144, 6.14934015274, 14.0590820312, 19.6462211609, 13.5205125809], [7.77819108963, 7.13303518295, 15.378660202, -0.427444726229, 3.24747920036, 5.21234989166, 6.93522548676, 8.25746917725, 4.15650701523, 8.84760475159, 9.17788028717, 13.5205125809, 20.48396492]],
        "icov": [[0.00350311747752, -0.00236570253037, 0.00426401384175, -0.00722466781735, -0.000849666714203, -0.000419587217038, 0.00313623948023, -0.00233216024935, -0.000659597862978, 0.00177901983261, -0.00237042666413, -0.00039235924487, -0.00305218109861], [-0.00236570253037, 0.0476969368756, -0.0185786094517, -0.0124682411551, -0.0038472507149, -0.0056917173788, -0.0159916263074, 0.0176654420793, -0.0145536148921, 0.0235811024904, 0.00623468356207, -0.0070410752669, -0.00704990141094], [0.00426401384175, -0.0185786094517, 0.0225854683667, -0.00700681842864, -0.00933893118054, 0.0020128772594, 0.011963903904, -0.0202617179602, 0.0115364696831, -0.00978868920356, -0.00965409260243, 0.0134656094015, -0.00984195247293], [-0.00722466781735, -0.0124682411551, -0.00700681842864, 0.0620061121881, -0.0227734204382, 0.0077868970111, -0.0208134893328, 0.0198611021042, 0.00143228832167, -0.00358779984526, 0.00455805938691, 0.0078664785251, 0.00833338964731], [-0.000849666714203, -0.0038472507149, -0.00933893118054, -0.0227734204382, 0.0742892995477, -0.0247515682131, 0.00439279712737, -0.00533249229193, -0.00833127181977, -0.0142307123169, -0.000547207018826, -0.0105785010383, 0.0184462182224], [-0.000419587217038, -0.0056917173788, 0.0020128772594, 0.0077868970111, -0.0247515682131, 0.070292159915, -0.0286540072411, -0.00466522667557, -0.0144156776369, 0.0023198928684, -0.00145767664071, -0.00190921663307, 0.00224854587577], [0.00313623948023, -0.0159916263074, 0.011963903904, -0.0208134893328, 0.00439279712737, -0.0286540072411, 0.0998064503074, -0.062169265002, 0.0257385410368, -0.0142089640722, 0.00888013280928, -0.025766460225, 0.00676952628419], [-0.00233216024935, 0.0176654420793, -0.0202617179602, 0.0198611021042, -0.00533249229193, -0.00466522667557, -0.062169265002, 0.11112986505, -0.0657400637865, 0.0357836186886, -0.0330456383526, 0.0238080676645, -0.0143819265068], [-0.000659597862978, -0.0145536148921, 0.0115364696831, 0.00143228832167, -0.00833127181977, -0.0144156776369, 0.0257385410368, -0.0657400637865, 0.140572085977, -0.0929986983538, 0.0572787746787, -0.0237341355532, 0.0211094208062], [0.00177901983261, 0.0235811024904, -0.00978868920356, -0.00358779984526, -0.0142307123169, 0.0023198928684, -0.0142089640722, 0.0357836186886, -0.0929986983538, 0.165535971522, -0.0970137566328, 0.0609962008893, -0.0589838624001], [-0.00237042666413, 0.00623468356207, -0.00965409260243, 0.00455805938691, -0.000547207018826, -0.00145767664071, 0.00888013280928, -0.0330456383526, 0.0572787746787, -0.0970137566328, 0.15585206449, -0.111200392246, 0.0506932027638], [-0.00039235924487, -0.0070410752669, 0.0134656094015, 0.0078664785251, -0.0105785010383, -0.00190921663307, -0.025766460225, 0.0238080676645, -0.0237341355532, 0.0609962008893, -0.111200392246, 0.189369112253, -0.102755516768], [-0.00305218109861, -0.00704990141094, -0.00984195247293, 0.00833338964731, 0.0184462182224, 0.00224854587577, 0.00676952628419, -0.0143819265068, 0.0211094208062, -0.0589838624001, 0.0506932027638, -0.102755516768, 0.126308917999]]
    },
    "melbands": {
        "dmean": [0.0042650224641, 0.00197688979097, 0.000640755111817, 0.000427435501479, 0.000187104160432, 0.00014109161566, 0.000109306150989, 0.000168536265846, 5.87511203776e-05, 4.57889655081e-05, 1.62210726558e-05, 3.35756158165e-05, 3.98048287025e-05, 1.91985436686e-05, 9.39276287681e-06, 1.26100239868e-05, 9.12476025405e-06, 1.15989350888e-05, 9.33213141252e-06, 5.17741955264e-06, 4.32133492723e-06, 4.49894923804e-06, 3.63446065421e-06, 4.01249553761e-06, 1.80193001142e-05, 2.93559678539e-05, 1.91661274584e-05, 2.03120198421e-05, 1.88634530787e-05, 8.20347668196e-06, 3.11626945404e-06, 1.66784479916e-06, 1.04601701878e-06, 1.21902075989e-06, 6.00427824793e-07, 2.04909383683e-07, 1.09632729561e-07, 1.11673493564e-07, 7.20867845416e-08, 7.193562368e-08],
        "dmean2": [0.00596351083368, 0.00331371114589, 0.00103775947355, 0.000721789081581, 0.000321541388985, 0.000228818142205, 0.000172232947079, 0.000295231555356, 9.73875139607e-05, 7.50355247874e-05, 2.7751453672e-05, 6.00435232627e-05, 7.2808477853e-05, 3.39251455443e-05, 1.60086692631e-05, 2.13911916944e-05, 1.51221020133e-05, 1.92834158952e-05, 1.57728572958e-05, 8.05744366517e-06, 7.80642858444e-06, 7.89605746832e-06, 5.72086037209e-06, 7.06415448803e-06, 3.24442808051e-05, 5.00882670167e-05, 3.55869779014e-05, 3.80300953111e-05, 3.25059299939e-05, 1.41163409353e-05, 5.60045555176e-06, 2.95695599561e-06, 1.93474511434e-06, 2.2566584903e-06, 1.07328150989e-06, 3.56141981683e-07, 1.83905029871e-07, 2.01667702981e-07, 1.25043541743e-07, 1.27285872509e-07],
        "dvar": [1.93019241124e-05, 4.12236113334e-06, 7.38374126286e-07, 1.94056511305e-07, 5.96822715693e-08, 2.98649815988e-08, 7.09945666699e-08, 1.82649912972e-08, 3.8079113196e-09, 1.69312752707e-09, 2.59785026824e-10, 5.15148546043e-09, 4.82148854175e-09, 8.36750946309e-10, 1.97161995064e-10, 3.80403875067e-10, 3.40625416761e-10, 8.37665437015e-10, 6.19032436422e-10, 1.01042667289e-10, 1.4220165323e-10, 9.70225288999e-11, 1.68301317327e-10, 9.22133619463e-11, 2.21313789517e-09, 3.0169802212e-09, 2.92670110369e-09, 3.0470002077e-09, 2.08675254854e-09, 5.69232438963e-10, 7.03803820779e-11, 1.52232497441e-11, 5.46327739992e-12, 1.54401959968e-11, 1.48687648565e-12, 9.17946342311e-14, 1.16906259182e-14, 2.66852173496e-14, 4.92980883302e-15, 4.16759691807e-15],
        "dvar2": [4.0907652874e-05, 1.07465830297e-05, 1.55960367465e-06, 4.03305108421e-07, 1.64527335755e-07, 7.5266626709e-08, 1.66660129253e-07, 4.59185116597e-08, 8.8428704359e-09, 4.10715372823e-09, 5.42012268401e-10, 1.69650906656e-08, 1.32611868153e-08, 2.19819229486e-09, 4.74850436749e-10, 9.9451369362e-10, 6.56331433646e-10, 1.59707080893e-09, 1.31837185613e-09, 1.95477051212e-10, 4.14239947899e-10, 2.56552445954e-10, 2.43307679559e-10, 2.47175085955e-10, 6.3570961828e-09, 7.8754318622e-09, 8.59461124492e-09, 9.14494435733e-09, 5.6972027096e-09, 1.51784451674e-09, 1.96253596707e-10, 4.00408248225e-11, 1.5798124961e-11, 4.66901031726e-11, 4.41222319097e-12, 2.3228009685e-13, 2.97547122846e-14, 7.37552515806e-14, 1.13256487386e-14, 1.04511041612e-14],
        "max": [0.0859551131725, 0.0204704832286, 0.00849488005042, 0.00358893116936, 0.00216857343912, 0.00165669305716, 0.00272932020016, 0.00102959829383, 0.000777493056376, 0.000418240146246, 0.000210137994145, 0.000618118676357, 0.000549625372514, 0.000205931763048, 0.000152007400175, 0.000162256765179, 0.000223622424528, 0.000305784953525, 0.000251204066444, 0.000141533615533, 0.000117912240967, 0.00010198030941, 0.000155945133884, 6.8190289312e-05, 0.000354169955244, 0.0004489380226, 0.000400509539759, 0.000407262297813, 0.000386859319406, 0.000224117742619, 7.00359014445e-05, 3.35270560754e-05, 1.8158725652e-05, 3.40039077855e-05, 1.04192195067e-05, 3.62290325029e-06, 9.68229755927e-07, 1.58750674473e-06, 7.02784802797e-07, 5.69873009226e-07],
        "mean": [0.0181146878749, 0.0051044258289, 0.000922684906982, 0.000614327844232, 0.000333452189807, 0.000264788948698, 0.00023566474556, 0.000481743714772, 0.000105799423181, 8.6571846623e-05, 3.50202681147e-05, 4.60827614006e-05, 5.63362264074e-05, 3.4533910366e-05, 1.49364750541e-05, 2.2726095267e-05, 1.57030262926e-05, 1.80916795216e-05, 1.42142844197e-05, 9.60173201747e-06, 7.14926409273e-06, 7.92848550191e-06, 5.18494334756e-06, 6.41918859401e-06, 2.97035840049e-05, 4.81477763969e-05, 2.91332671623e-05, 3.04963032249e-05, 3.15903198498e-05, 1.36824164656e-05, 5.59881209483e-06, 3.0350634006e-06, 1.94255608221e-06, 2.14108990804e-06, 1.23488757708e-06, 6.44987323994e-07, 3.73733740844e-07, 3.66063460433e-07, 3.11918626039e-07, 2.80963490695e-07],
        "median": [0.0127411866561, 0.00412309123203, 0.000730434199795, 0.00048813020112, 0.000282940542093, 0.000241121873842, 0.000208583893254, 0.000459589820821, 8.06567113614e-05, 7.43258497096e-05, 2.98053237202e-05, 2.9941149478e-05, 3.73310504074e-05, 2.80296335404e-05, 1.08506883407e-05, 1.8727958377e-05, 1.07006790131e-05, 1.2590753613e-05, 8.9035684141e-06, 5.99161921855e-06, 5.06519472765e-06, 5.73718853047e-06, 3.08649873659e-06, 4.8349475037e-06, 1.98998277483e-05, 3.28427995555e-05, 1.95469674509e-05, 2.25901258091e-05, 2.38811462623e-05, 9.22433991946e-06, 3.44874752045e-06, 2.04977163776e-06, 1.47149444274e-06, 1.61814637067e-06, 9.67055029832e-07, 5.38883568879e-07, 3.30946818394e-07, 3.38368039365e-07, 3.05433928816e-07, 2.64206477141e-07],
        "min": [1.62405967785e-06, 5.7885026763e-06, 1.23074041767e-05, 1.36704547913e-05, 4.98037115904e-06, 4.33637251263e-06, 1.15498969535e-05, 1.35200762088e-05, 5.79716652283e-06, 6.13750717093e-06, 2.28235307986e-06, 9.13532744562e-07, 3.12368865707e-06, 2.21116783905e-06, 4.06576589285e-07, 7.25956738279e-07, 3.26028469999e-07, 5.95478184096e-07, 6.09730648193e-07, 9.85388837194e-08, 2.3008838923e-07, 8.77702817093e-08, 6.09282935216e-08, 7.39157215435e-08, 6.2614685703e-07, 1.07892981305e-06, 8.81261257746e-07, 4.70357718996e-07, 5.00084411215e-07, 3.16210787332e-07, 1.81378567277e-07, 1.38360491064e-07, 8.47876222565e-08, 7.04144298425e-08, 3.51254314523e-08, 1.06896447249e-08, 1.79031935943e-08, 1.10402362807e-08, 6.56908794028e-09, 6.2840714854e-09],
        "var": [0.00032775910222, 1.70816347236e-05, 9.26356392483e-07, 2.44882869538e-07, 6.71550210996e-08, 3.26519646876e-08, 6.20090006009e-08, 2.76113958364e-08, 8.80134010117e-09, 2.53075649326e-09, 6.35724917153e-10, 4.47690773342e-09, 5.63630297989e-09, 8.98453200726e-10, 2.76573874913e-10, 4.26610219373e-10, 5.38584621346e-10, 9.93360171897e-10, 7.83736742171e-10, 2.95505397929e-10, 1.32808528064e-10, 1.49359469237e-10, 2.12496631402e-10, 7.42957986799e-11, 2.03794070508e-09, 4.34372671165e-09, 1.96283789222e-09, 1.85930837393e-09, 1.66139879632e-09, 5.50360979013e-10, 1.0524396632e-10, 1.97335533331e-11, 5.09010715521e-12, 1.05672519346e-11, 1.77467101344e-12, 1.82976111476e-13, 2.19165014777e-14, 2.44322316827e-14, 8.63091675495e-15, 7.67167989427e-15]
    },
    "mfcc": {
        "mean": [-605.680480957, 116.86592865, 15.2663726807, 54.9511642456, -10.6018657684, 9.10481929779, 19.0054302216, -2.97105002403, 2.24276471138, 17.0287075043, 5.12880802155, 4.24729013443, 11.942240715],
        "cov": [[656.192687988, -32.887752533, -101.61781311, 43.1561775208, -7.53616952896, 33.9428253174, -14.3557453156, 14.7202148438, -12.5442638397, -19.7312450409, -23.4565372467, -9.88725376129, -8.42317199707], [-32.887752533, 65.9708023071, 70.0807418823, 24.8528175354, 35.1222496033, 14.0788202286, 30.5147075653, 20.8158340454, 26.0527667999, 13.3932285309, 14.2040233612, 17.9765815735, 8.10196208954], [-101.61781311, 70.0807418823, 128.02645874, 33.9387779236, 50.9830093384, 11.7453107834, 44.3156585693, 20.2200622559, 33.28307724, 23.945854187, 20.7714958191, 25.3632907867, 18.1007518768], [43.1561775208, 24.8528175354, 33.9387779236, 45.9085426331, 23.5745735168, 13.8180780411, 15.5483074188, 8.0190076828, 8.54569149017, 4.90993976593, 5.16864299774, 2.9636862278, 3.74878191948], [-7.53616952896, 35.1222496033, 50.9830093384, 23.5745735168, 47.8172607422, 15.6415739059, 21.7623519897, 12.636264801, 18.2896461487, 16.9445762634, 17.3781204224, 14.5361633301, 7.96972370148], [33.9428253174, 14.0788202286, 11.7453107834, 13.8180780411, 15.6415739059, 24.8234825134, 11.2150659561, 8.26498794556, 8.37924003601, 4.58237934113, 5.2653093338, 4.88089418411, 4.05512046814], [-14.3557453156, 30.5147075653, 44.3156585693, 15.5483074188, 21.7623519897, 11.2150659561, 40.5417060852, 22.0663452148, 16.964887619, 10.6608381271, 15.417552948, 18.1225662231, 11.203543663], [14.7202148438, 20.8158340454, 20.2200622559, 8.0190076828, 12.636264801, 8.26498794556, 22.0663452148, 31.3917560577, 17.9969158173, 8.90184688568, 11.4800615311, 9.91549110413, 5.84078359604], [-12.5442638397, 26.0527667999, 33.28307724, 8.54569149017, 18.2896461487, 8.37924003601, 16.964887619, 17.9969158173, 33.7145729065, 17.0623722076, 11.7810535431, 14.1088571548, 6.62253141403], [-19.7312450409, 13.3932285309, 23.945854187, 4.90993976593, 16.9445762634, 4.58237934113, 10.6608381271, 8.90184688568, 17.0623722076, 25.5248527527, 15.6192932129, 8.05973243713, 5.52167654037], [-23.4565372467, 14.2040233612, 20.7714958191, 5.16864299774, 17.3781204224, 5.2653093338, 15.417552948, 11.4800615311, 11.7810535431, 15.6192932129, 23.9930210114, 11.8209629059, 3.97693252563], [-9.88725376129, 17.9765815735, 25.3632907867, 2.9636862278, 14.5361633301, 4.88089418411, 18.1225662231, 9.91549110413, 14.1088571548, 8.05973243713, 11.8209629059, 25.5986194611, 10.3957624435], [-8.42317199707, 8.10196208954, 18.1007518768, 3.74878191948, 7.96972370148, 4.05512046814, 11.203543663, 5.84078359604, 6.62253141403, 5.52167654037, 3.97693252563, 10.3957624435, 19.3296394348]],
