{
"lowlevel": {
    "average_loudness": 0.903260409832,
    "barkbands_crest": {
        "dmean": 0.969093501568,
        "dmean2": 1.53610813618,
        "dvar": 1.70876717567,
        "dvar2": 3.49758934975,
        "max": 22.9727077484,
        "mean": 20.2461700439,
        "median": 21.599395752,
        "min": 7.78061819077,
        "var": 9.01969909668
    },
    "barkbands_flatness_db": {
        "dmean": 0.0131784789264,
        "dmean2": 0.0188472848386,
        "dvar": 0.00069677294232,
        "dvar2": 0.000655562325846,
        "max": 0.520674169064,
        "mean": 0.391953229904,
        "median": 0.427864193916,
        "min": 0.0894376561046,
        "var": 0.0083676641807
    },
    "barkbands_kurtosis": {
        "dmean": 22.0948352814,
        "dmean2": 40.2015190125,
        "dvar": 596.245239258,
        "dvar2": 2040.51135254,
        "max": 165.39642334,
        "mean": 41.973991394,
        "median": 28.0880870819,
        "min": 2.47512388229,
        "var": 1403.84765625
    },
    "barkbands_skewness": {
        "dmean": 0.981572687626,
        "dmean2": 1.75411677361,
        "dvar": 1.11565613747,
        "dvar2": 3.46055221558,
        "max": 2.94451236725,
        "mean": 0.0138406706974,
        "median": 0.0801292955875,
        "min": -3.25674891472,
        "var": 2.30422186852
    },
    "barkbands_spread": {
        "dmean": 0.531976401806,
        "dmean2": 0.84129101038,
        "dvar": 0.610606610775,
        "dvar2": 0.947989821434,
        "max": 12.6126098633,
        "mean": 2.28674006462,
        "median": 1.38732719421,
        "min": 0.207904621959,
        "var": 5.09191656113
    },
    "dissonance": {
        "dmean": 0.0448407195508,
        "dmean2": 0.0768756121397,
        "dvar": 0.00155622279271,
        "dvar2": 0.00428330339491,
        "max": 0.374626934528,
        "mean": 0.205389693379,
        "median": 0.211221247911,
        "min": 0.0766841247678,
        "var": 0.00571542652324
    },
    "dynamic_complexity": 6.25188922882,
    "erbbands_crest": {
        "dmean": 0.402452647686,
        "dmean2": 0.440690040588,
        "dvar": 3.25469136238,
        "dvar2": 2.82759261131,
        "max": 34.015422821,
        "mean": 32.6148643494,
        "median": 33.4993057251,
        "min": 12.3026762009,
        "var": 6.93295192719
    },
    "erbbands_flatness_db": {
        "dmean": 0.0103487707675,
        "dmean2": 0.0141943553463,
        "dvar": 0.000511424033903,
        "dvar2": 0.000472971034469,
        "max": 0.523699462414,
        "mean": 0.404387742281,
        "median": 0.437642306089,
        "min": 0.130151316524,
        "var": 0.00823325011879
    },
    "erbbands_kurtosis": {
        "dmean": 31.6080570221,
        "dmean2": 55.1886825562,
        "dvar": 1103.26940918,
        "dvar2": 3669.00537109,
        "max": 409.028320312,
        "mean": 152.810668945,
        "median": 136.920135498,
        "min": 1.15857362747,
        "var": 11322.5146484
    },
    "erbbands_skewness": {
        "dmean": 1.5546592474,
        "dmean2": 2.82253193855,
        "dvar": 2.39402318001,
        "dvar2": 8.38488864899,
        "max": 12.9073457718,
        "mean": 5.69133424759,
        "median": 5.49136400223,
        "min": 1.5581895113,
        "var": 6.1294965744
    },
    "erbbands_spread": {
        "dmean": 0.377659857273,
        "dmean2": 0.425638020039,
        "dvar": 2.9998254776,
        "dvar2": 2.67530989647,
        "max": 22.7689323425,
        "mean": 1.48446297646,
        "median": 0.783027946949,
        "min": 0.207564800978,
        "var": 5.25131988525
    },
    "hfc": {
        "dmean": 0.635275542736,
        "dmean2": 0.371055662632,
        "dvar": 2.84411549568,
        "dvar2": 3.1746764183,
        "max": 34.4817886353,
        "mean": 8.65382099152,
        "median": 4.03396272659,
        "min": 0.00754979811609,
        "var": 91.4760513306
    },
    "melbands_crest": {
        "dmean": 1.22778439522,
        "dmean2": 1.95669531822,
        "dvar": 1.98346471786,
        "dvar2": 4.79258060455,
        "max": 30.2757358551,
        "mean": 25.2182178497,
        "median": 26.9602165222,
        "min": 11.2382354736,
        "var": 24.7891750336
    },
    "melbands_flatness_db": {
        "dmean": 0.0126636903733,
        "dmean2": 0.017147641629,
        "dvar": 0.000809919205494,
        "dvar2": 0.000841348490212,
        "max": 0.625505149364,
        "mean": 0.501904666424,
        "median": 0.538175225258,
        "min": 0.183023497462,
        "var": 0.00756827089936
    },
    "melbands_kurtosis": {
        "dmean": 7.93718099594,
        "dmean2": 14.6238002777,
        "dvar": 84.0812759399,
        "dvar2": 282.565948486,
        "max": 65.3327560425,
        "mean": 17.8565883636,
        "median": 9.51649856567,
        "min": -1.05555224419,
        "var": 360.873260498
    },
    "melbands_skewness": {
        "dmean": 0.636358439922,
        "dmean2": 1.06383907795,
        "dvar": 0.384059637785,
        "dvar2": 0.924185633659,
        "max": 2.43362212181,
        "mean": -1.85418832302,
        "median": -1.59361958504,
        "min": -5.09043741226,
        "var": 4.48047828674
    },
    "melbands_spread": {
        "dmean": 0.87641787529,
        "dmean2": 1.47225832939,
        "dvar": 0.800222218037,
        "dvar2": 2.30208873749,
        "max": 11.8253078461,
        "mean": 3.66013145447,
        "median": 2.32592129707,
        "min": 0.276934951544,
        "var": 10.0858869553
    },
    "pitch_salience": {
        "dmean": 0.0499635674059,
        "dmean2": 0.0811127871275,
        "dvar": 0.00278437579982,
        "dvar2": 0.00526499794796,
        "max": 0.855652272701,
        "mean": 0.233790844679,
        "median": 0.217285335064,
        "min": 0.0318644829094,
        "var": 0.0207545105368
    },
    "silence_rate_20dB": {
        "dmean": 0,
        "dmean2": 0,
        "dvar": 0,
        "dvar2": 0,
        "max": 1,
        "mean": 1,
        "median": 1,
        "min": 1,
        "var": 0
    },
    "silence_rate_30dB": {
        "dmean": 0,
        "dmean2": 0,
        "dvar": 0,
        "dvar2": 0,
        "max": 1,
        "mean": 1,
        "median": 1,
        "min": 1,
        "var": 0
    },
    "silence_rate_60dB": {
        "dmean": 0.00833333376795,
        "dmean2": 0.01680672355,
        "dvar": 0.00826388690621,
        "dvar2": 0.016524232924,
        "max": 1,
        "mean": 0.404958665371,
        "median": 0,
        "min": 0,
        "var": 0.240967318416
    },
    "spectral_centroid": {
        "dmean": 5.55169963837,
        "dmean2": 8.41929244995,
        "dvar": 113.506362915,
        "dvar2": 190.102645874,
        "max": 583.270751953,
        "mean": 495.923095703,
        "median": 494.550048828,
        "min": 443.963897705,
        "var": 326.267974854
    },
    "spectral_complexity": {
        "dmean": 0.591666638851,
        "dmean2": 1.12605047226,
        "dvar": 0.3082639575,
        "dvar2": 0.86646437645,
        "max": 4,
        "mean": 1.98347103596,
        "median": 2,
        "min": 0,
        "var": 0.512124538422
    },
    "spectral_decrease": {
        "dmean": 3.18384402176e-10,
        "dmean2": 2.21834828285e-10,
        "dvar": 6.69618215498e-19,
        "dvar2": 7.59375738863e-19,
        "max": -2.53782498488e-12,
        "mean": -4.34431246532e-09,
        "median": -2.17258500079e-09,
        "min": -1.59289115231e-08,
        "var": 2.15957915502e-17
    },
    "spectral_energy": {
        "dmean": 0.00125866767485,
        "dmean2": 0.000868738803547,
        "dvar": 1.05041208371e-05,
        "dvar2": 1.19039223136e-05,
        "max": 0.0632462948561,
        "mean": 0.017181288451,
        "median": 0.00856572948396,
        "min": 1.0263141121e-05,
        "var": 0.000338751735399
    },
    "spectral_energyband_high": {
        "dmean": 6.47849788038e-07,
        "dmean2": 7.3224271091e-07,
        "dvar": 3.09277638222e-11,
        "dvar2": 3.11269968134e-11,
        "max": 6.22167644906e-05,
        "mean": 2.07529433283e-06,
        "median": 1.6182558511e-06,
        "min": 1.73508198031e-07,
        "var": 3.02062611035e-11
    },
    "spectral_energyband_low": {
        "dmean": 0.000151034982991,
        "dmean2": 0.000280250591459,
        "dvar": 1.6487645027e-08,
        "dvar2": 5.0144596031e-08,
        "max": 0.000854707323015,
        "mean": 0.000256126717431,
        "median": 0.000205352116609,
        "min": 1.17858758131e-06,
        "var": 2.67498965201e-08
    },
    "spectral_energyband_middle_high": {
        "dmean": 0.000104613754957,
        "dmean2": 0.000100555414974,
        "dvar": 1.49605014599e-07,
        "dvar2": 1.27350631374e-07,
        "max": 0.00718627683818,
        "mean": 0.000501844217069,
        "median": 1.07097403088e-05,
        "min": 1.06123354726e-06,
        "var": 2.26625979849e-06
    },
    "spectral_energyband_middle_low": {
        "dmean": 0.00115455628838,
        "dmean2": 0.000722835364286,
        "dvar": 8.73608678376e-06,
        "dvar2": 1.00566148831e-05,
        "max": 0.0559843294322,
        "mean": 0.0164293758571,
        "median": 0.00800679717213,
        "min": 8.18519583845e-06,
        "var": 0.00030795179191
    },
    "spectral_entropy": {
        "dmean": 0.127541825175,
        "dmean2": 0.175795033574,
        "dvar": 0.0802947506309,
        "dvar2": 0.0719028264284,
        "max": 7.93053722382,
        "mean": 4.58968782425,
        "median": 4.12414073944,
        "min": 3.14322328568,
        "var": 1.0724042654
    },
    "spectral_flux": {
        "dmean": 0.00409334804863,
        "dmean2": 0.00643775612116,
        "dvar": 0.000123654550407,
        "dvar2": 0.000162259311765,
        "max": 0.169629707932,
        "mean": 0.0132405934855,
        "median": 0.0104087814689,
        "min": 0.0046862741001,
        "var": 0.000335874967277
    },
    "spectral_kurtosis": {
        "dmean": 3.87578415871,
        "dmean2": 5.73588466644,
        "dvar": 107.75377655,
        "dvar2": 149.642791748,
        "max": 125.347106934,
        "mean": 34.1908035278,
        "median": 25.9340229034,
        "min": 4.19737386703,
        "var": 740.959838867
    },
    "spectral_rms": {
        "dmean": 0.00013971964654,
        "dmean2": 0.000115709146485,
        "dvar": 5.81959547219e-08,
        "dvar2": 6.82563552346e-08,
        "max": 0.0078551704064,
        "mean": 0.00339872599579,
        "median": 0.0028908145614,
        "min": 0.000100064084108,
        "var": 5.21090441907e-06
    },
    "spectral_rolloff": {
        "dmean": 3.22998046875,
        "dmean2": 4.16187953949,
        "dvar": 383.694061279,
        "dvar2": 415.185913086,
        "max": 689.0625,
        "mean": 508.433624268,
        "median": 516.796875,
        "min": 495.263671875,
        "var": 462.697052002
    },
    "spectral_skewness": {
        "dmean": 0.276390343904,
        "dmean2": 0.415572851896,
        "dvar": 0.36097458005,
        "dvar2": 0.500708639622,
        "max": 9.60201454163,
        "mean": 4.71889686584,
        "median": 4.4297747612,
        "min": 2.21165299416,
        "var": 3.09345197678
    },
    "spectral_spread": {
        "dmean": 323763.1875,
        "dmean2": 371509.90625,
        "dvar": 1.62752482509e+12,
        "dvar2": 833574928384,
        "max": 23041186,
        "mean": 3198428.5,
        "median": 2816219,
        "min": 916113.3125,
        "var": 5.65371679539e+12
    },
    "spectral_strongpeak": {
        "dmean": 0.0982227250934,
        "dmean2": 0.0859532505274,
        "dvar": 0.11352430284,
        "dvar2": 0.129748702049,
        "max": 4.61979198456,
        "mean": 1.73419761658,
        "median": 1.37720000744,
        "min": 0.00675885425881,
        "var": 1.45115494728
    },
    "zerocrossingrate": {
        "dmean": 0.000728352868464,
        "dmean2": 0.000878085615113,
        "dvar": 3.78289541914e-06,
        "dvar2": 3.11979670187e-06,
        "max": 0.03271484375,
        "mean": 0.0231711640954,
        "median": 0.0224609375,
        "min": 0.0068359375,
        "var": 7.52299592932e-06
    },
    "barkbands": {
        "dmean": [3.56492523679e-06, 0.000113796450023, 7.65893782955e-05, 9.78342632152e-06, 7.06679702489e-06, 7.01887893229e-06, 0.00106577051338, 0.000161197953275, 5.99324266659e-06, 5.33433080818e-07, 0.000108317370177, 2.18220498027e-06, 8.49438890782e-07, 7.79702418185e-07, 4.61282354536e-07, 2.78199365766e-07, 2.52841772408e-07, 1.85968147548e-07, 1.87456478784e-07, 1.65230801485e-07, 1.29908258373e-07, 1.12345254877e-07, 8.63040696686e-08, 8.54420889596e-08, 8.77843291391e-08, 9.66299040783e-08, 1.47015782659e-07],
        "dmean2": [6.42430859443e-06, 0.000207707402296, 0.000144861653098, 1.68301521626e-05, 1.12490761239e-05, 7.81677590567e-06, 0.000686164887156, 0.000118093579658, 9.67719915934e-06, 6.79978768403e-07, 0.000104336788354, 2.34315712078e-06, 9.808620689e-07, 1.03276352093e-06, 5.90508420828e-07, 3.04278216845e-07, 2.47175051982e-07, 2.1296416719e-07, 2.36933246356e-07, 2.14973908896e-07, 1.58377545745e-07, 1.36795691219e-07, 1.025269043e-07, 1.0346614232e-07, 1.09588292219e-07, 1.2452656506e-07, 2.05785497087e-07],
        "dvar": [2.29565897542e-11, 1.13702798288e-08, 2.64763500013e-09, 1.09714633212e-10, 2.73123912375e-10, 3.29779936692e-09, 9.96462404146e-06, 5.60818129713e-08, 5.16669151907e-10, 1.14094723253e-11, 1.77568551862e-07, 4.58164006734e-10, 2.08237489752e-11, 2.05865272745e-11, 6.83403767604e-12, 7.04465652479e-12, 1.41710070328e-12, 2.55989717271e-12, 1.77602821772e-12, 1.25716971555e-12, 9.30482362167e-13, 7.44598881251e-13, 4.58043921802e-13, 4.16861342537e-13, 3.98122886654e-13, 4.09719757037e-13, 4.1865461293e-13],
        "dvar2": [5.87098356042e-11, 3.26963132125e-08, 8.55894999319e-09, 2.23485716044e-10, 3.45062506346e-10, 3.19916004798e-09, 1.16699338832e-05, 5.85911976714e-08, 1.23994825518e-09, 1.185163339e-11, 1.55548846692e-07, 4.58905524692e-10, 2.00055475658e-11, 2.15214981253e-11, 7.44563612154e-12, 7.08297049484e-12, 8.25251488239e-13, 2.56894028619e-12, 1.80452441184e-12, 1.26493780728e-12, 9.34423653905e-13, 7.52485205223e-13, 4.5912595557e-13, 4.16759644373e-13, 3.99205489629e-13, 4.10473006496e-13, 4.30256280907e-13],
        "max": [3.45414118783e-05, 0.000752501073293, 0.000266318238573, 9.30917740334e-05, 0.000195554166567, 0.00065914017614, 0.0513545162976, 0.00944143068045, 0.000400140415877, 3.83737606171e-05, 0.00714529352263, 0.000237194413785, 7.41286057746e-05, 5.41076151421e-05, 3.42136627296e-05, 2.93324046652e-05, 1.96816017706e-05, 1.77624860953e-05, 1.48832950799e-05, 1.25237711472e-05, 1.07527321234e-05, 9.57108386501e-06, 7.54692428018e-06, 7.20308480595e-06, 7.06901801095e-06, 7.21177912055e-06, 7.51149264033e-06],
        "mean": [3.53499603989e-06, 0.000162252239534, 8.2012898929e-05, 1.11255385491e-05, 1.03754427982e-05, 8.1860116552e-06, 0.0138115268201, 0.00256725214422, 2.06856457226e-05, 6.79807612869e-07, 0.00049285806017, 2.40345138991e-06, 2.31690705732e-06, 1.20294566841e-06, 9.94670358523e-07, 3.33388015861e-07, 4.79936829834e-07, 2.4701324719e-07, 2.93189430067e-07, 2.988625738e-07, 2.26411017934e-07, 1.84560065009e-07, 1.65529897345e-07, 1.75415308945e-07, 2.01730060212e-07, 2.88543873239e-07, 7.75477246862e-07],
        "median": [2.48212290899e-06, 0.000118963340356, 6.78801807226e-05, 7.58426403991e-06, 4.80241124023e-06, 1.72524482878e-06, 0.00666864402592, 0.00132892513648, 2.34335089999e-07, 2.62871168388e-07, 8.74028955877e-06, 3.33692042886e-07, 3.0670975093e-07, 2.81213885955e-07, 2.00883718549e-07, 8.15733827153e-08, 8.67529976745e-08, 9.40085342904e-08, 1.67582612676e-07, 1.99556907887e-07, 1.33552447323e-07, 9.95584912289e-08, 1.03067954171e-07, 1.15766916053e-07, 1.45391666706e-07, 2.29731966783e-07, 7.42202644233e-07],
        "min": [1.30750281713e-08, 2.00051402999e-07, 5.89832325204e-07, 1.67651222682e-07, 4.94943037666e-07, 8.8813585819e-08, 2.95371228276e-06, 2.53392295235e-06, 5.14239566485e-08, 3.08182777076e-08, 1.80799673899e-07, 5.56987131972e-08, 8.34765359059e-08, 7.06954779162e-08, 4.10066434142e-08, 2.95233277825e-08, 3.12005958847e-08, 4.03382749425e-08, 5.52491528083e-08, 3.8282799153e-08, 1.91163032071e-08, 2.0576717219e-08, 1.75006391601e-08, 2.10929425037e-08, 1.85423676413e-08, 1.79748447238e-08, 5.05445214571e-08],
        "var": [2.13530981091e-11, 1.82831172424e-08, 3.45165362958e-09, 1.30372698748e-10, 3.75179887158e-10, 3.55007578889e-09, 0.000224194445764, 7.81568542152e-06, 5.30940535981e-09, 1.19849642363e-11, 2.21937762035e-06, 4.59527166319e-10, 6.33609831269e-11, 2.46296767703e-11, 1.09789538572e-11, 7.0095851866e-12, 3.79975304693e-12, 2.55847990363e-12, 1.77797024065e-12, 1.2495961297e-12, 9.25391382446e-13, 7.36596710276e-13, 4.54664165475e-13, 4.12380253643e-13, 3.93920410614e-13, 4.01644836097e-13, 3.94374610009e-13]
    },
    "erbbands": {
        "dmean": [0.00199902546592, 0.0299406070262, 0.0842844471335, 0.0570107474923, 0.0216418206692, 0.0201870072633, 0.0299552362412, 0.0876458436251, 2.58910298347, 24.9978694916, 1.47217059135, 0.213829129934, 0.0307720974088, 1.48248326778, 2.80012559891, 0.113237805665, 0.037525255233, 0.049243055284, 0.0195045545697, 0.0263492204249, 0.0136172175407, 0.0146219758317, 0.0106117473915, 0.00924231112003, 0.00919944886118, 0.00781241618097, 0.00609379075468, 0.00482398085296, 0.00423493841663, 0.00306889647618, 0.00241905380972, 0.00194095575716, 0.00143460487016, 0.00101482181344, 0.000648947840091, 0.000358465156751, 0.000189958460396, 8.00606649136e-05, 2.12152681343e-05, 2.71896237791e-06],
        "dmean2": [0.00361793814227, 0.0550365969539, 0.161828532815, 0.104783274233, 0.0355102643371, 0.0316736847162, 0.0361303575337, 0.0801064074039, 1.70591235161, 15.8656768799, 0.808784246445, 0.26979380846, 0.0308051370084, 1.55308520794, 2.51900339127, 0.101702749729, 0.0413507558405, 0.0666828453541, 0.0223694108427, 0.0338233672082, 0.0145222954452, 0.0142269609496, 0.0119703477249, 0.0110446522012, 0.012087973766, 0.0101547772065, 0.00768790766597, 0.00586970150471, 0.00534116989002, 0.00361398980021, 0.00292828469537, 0.00237139500678, 0.00174320535734, 0.00128472002689, 0.000825001217891, 0.000453206623206, 0.00024485096219, 0.000110474298708, 3.11007606797e-05, 3.87206182495e-06],
        "dvar": [5.75994499741e-06, 0.000733072985895, 0.00388809340075, 0.00181070261169, 0.00107090489473, 0.00405925931409, 0.0232240445912, 0.279251307249, 32.2190322876, 4796.87744141, 3.07472300529, 0.476897060871, 0.00675416598096, 36.0531349182, 101.253486633, 0.264504730701, 0.0451271422207, 0.0652813985944, 0.0271637514234, 0.0217687860131, 0.0149492230266, 0.00413175672293, 0.0081844991073, 0.00561715429649, 0.00390151725151, 0.00275615975261, 0.00176665442996, 0.0013382229954, 0.00099127064459, 0.000587901857216, 0.000355778465746, 0.000204628406209, 0.000107277919597, 5.03443734488e-05, 2.03531108127e-05, 6.34643492958e-06, 1.38783946113e-06, 1.74532956976e-07, 8.23883361534e-09, 3.0856223826e-11],
        "dvar2": [1.76293651748e-05, 0.00206292443909, 0.0116653470322, 0.00530743505806, 0.00201732944697, 0.00431931577623, 0.0184446014464, 0.261029094458, 44.2370872498, 5258.83642578, 1.50362312794, 1.10407865047, 0.0075613851659, 33.2202606201, 83.6128692627, 0.243421927094, 0.0440979972482, 0.069295860827, 0.0274175684899, 0.0242091715336, 0.0145014422014, 0.00230492092669, 0.00807434599847, 0.00569393346086, 0.00393131934106, 0.00278270337731, 0.00177665404044, 0.00134128227364, 0.00100385490805, 0.000592025986407, 0.000354823743692, 0.000205723277759, 0.000106715422589, 5.05807947775e-05, 2.04222214961e-05, 6.40191501589e-06, 1.39576241054e-06, 1.72854143443e-07, 8.367907256e-09, 3.04640028481e-11],
        "max": [0.0178638473153, 0.181971698999, 0.343124419451, 0.248831599951, 0.348054945469, 0.75903904438, 2.01462435722, 8.30043983459, 148.913116455, 1137.60400391, 90.9684143066, 13.2108697891, 2.43102073669, 99.6892089844, 187.530166626, 11.2784442902, 3.51770138741, 3.28195428848, 1.86821365356, 1.9824090004, 1.43666565418, 1.10050141811, 1.02354156971, 0.833812892437, 0.698960065842, 0.587530493736, 0.469046264887, 0.406765639782, 0.349091112614, 0.269465327263, 0.21078440547, 0.15928889811, 0.11598328501, 0.0793748497963, 0.0505836121738, 0.0282170809805, 0.0133187947795, 0.00479241553694, 0.00108417938463, 0.000136395232403],
        "mean": [0.00269786105491, 0.04281328246, 0.103901572526, 0.0666428953409, 0.0330104902387, 0.0343273319304, 0.0600553378463, 0.635648012161, 34.6613960266, 351.216949463, 27.8590583801, 1.46925711632, 0.233072921634, 6.66570186615, 13.3912038803, 0.503989219666, 0.108637496829, 0.0939231514931, 0.0291578676552, 0.0601250864565, 0.0207965970039, 0.0285385269672, 0.0146089335904, 0.0135247306898, 0.0151902325451, 0.0140717206523, 0.0109833478928, 0.00802160333842, 0.00675902841613, 0.00555570842698, 0.00467607099563, 0.00363750825636, 0.00297962012701, 0.00218549696729, 0.00149464211427, 0.000948274508119, 0.000571654178202, 0.000276939448668, 0.00010517793271, 3.26792323904e-05],
        "median": [0.00234707654454, 0.0292771980166, 0.0867624431849, 0.0553191378713, 0.0238169599324, 0.0202344432473, 0.029679890722, 0.26834949851, 15.9836101532, 173.343261719, 13.8403406143, 0.487579107285, 0.0476280748844, 0.123067416251, 0.257462948561, 0.0201980061829, 0.0136985229328, 0.0152715779841, 0.00997570063919, 0.00858554430306, 0.0049736588262, 0.00475850142539, 0.00542654469609, 0.0062142345123, 0.00879149418324, 0.00934664905071, 0.00698425760493, 0.00440458999947, 0.00353435217403, 0.00329187931493, 0.00288204243407, 0.00230127270333, 0.00202652974986, 0.00154408591334, 0.00106767890975, 0.00073136104038, 0.000468308717245, 0.000239747780142, 9.79440956144e-05, 2.31994181377e-05],
        "min": [3.47000536749e-06, 6.09877060924e-05, 0.00052926200442, 0.00167622149456, 0.00259875506163, 0.00121537072118, 0.00272625684738, 0.00436077965423, 0.023524152115, 0.0711468681693, 0.0396141819656, 0.0152054643258, 0.00683021917939, 0.00419088918716, 0.0072801541537, 0.00423359731212, 0.00498253991827, 0.00420685997233, 0.00310749956407, 0.00240558432415, 0.00178546947427, 0.00172255223151, 0.00214204541408, 0.00177067122422, 0.00269717606716, 0.0018387848977, 0.000721381511539, 0.000927113287617, 0.000799810339231, 0.000507357297465, 0.000482146453578, 0.000353299692506, 0.000404889608035, 0.000198676381842, 0.000141119511682, 5.85558227613e-05, 3.73332695744e-05, 1.68109581864e-05, 7.2017032835e-06, 7.6177803976e-07],
        "var": [5.20914636581e-06, 0.0012744248379, 0.00536982668564, 0.002175985137, 0.00144349550828, 0.00520898215473, 0.0342244692147, 0.883771300316, 1496.9206543, 140139.421875, 866.330566406, 5.60565900803, 0.231289580464, 417.437927246, 1587.48535156, 2.49208307266, 0.147623613477, 0.0988518074155, 0.0282938852906, 0.0388662070036, 0.0168481674045, 0.0123598631471, 0.00849302206188, 0.00561361992732, 0.00390701042488, 0.00274974107742, 0.00175360485446, 0.00132824538741, 0.00098040420562, 0.000581523519941, 0.000354516727384, 0.000202333598281, 0.000106655948912, 4.9790378398e-05, 2.01394595933e-05, 6.2180642999e-06, 1.36414155349e-06, 1.72666830167e-07, 8.21713808108e-09, 4.81834627752e-10]
    },
    "gfcc": {
        "mean": [-232.871276855, 119.038124084, -40.2175865173, -27.4740829468, -71.2064590454, -17.9847507477, -8.26741409302, 23.626537323, 13.6418609619, 26.3708839417, 3.4297978878, -9.41073322296, -27.7148571014],
        "cov": [[1317.99255371, 554.892883301, -500.669281006, -745.906616211, -258.237670898, -26.5942993164, 44.6122322083, -18.7790431976, 47.3056755066, -55.3913154602, 66.5127029419, 131.472595215, 132.839523315], [554.892883301, 430.488891602, -246.212081909, -489.226104736, -159.686019897, -24.0549983978, 57.9427261353, 12.1118679047, 65.9827957153, -24.813085556, 46.1032371521, 59.4383049011, 76.9081115723], [-500.669281006, -246.212081909, 395.333099365, 447.126922607, 89.5782852173, -32.6853904724, -14.8741874695, 53.8283843994, 48.9581222534, 95.5343856812, -22.1276931763, -102.625541687, -94.6034469604], [-745.906616211, -489.226104736, 447.126922607, 704.169250488, 223.343780518, 21.672712326, -57.4367904663, 12.3967781067, -34.1212387085, 68.8888168335, -57.4030303955, -110.136131287, -118.148330688], [-258.237670898, -159.686019897, 89.5782852173, 223.343780518, 165.311264038, 92.7481994629, -4.51431179047, -32.0027694702, -74.175491333, -29.9840164185, -28.1461582184, 4.81171178818, -15.715959549], [-26.5942993164, -24.0549983978, -32.6853904724, 21.672712326, 92.7481994629, 112.014442444, 38.7386741638, -29.3358421326, -72.1973800659, -52.6478118896, -9.24995708466, 49.4880409241, 18.6912708282], [44.6122322083, 57.9427261353, -14.8741874695, -57.4367904663, -4.51431179047, 38.7386741638, 59.8204727173, 19.9077396393, 2.2335896492, -4.69111919403, 14.1628198624, 30.4306030273, 15.5937547684], [-18.7790431976, 12.1118679047, 53.8283843994, 12.3967781067, -32.0027694702, -29.3358421326, 19.9077396393, 50.7492103577, 58.0822525024, 41.0223197937, 17.1219234467, -13.1658668518, -8.42325019836], [47.3056755066, 65.9827957153, 48.9581222534, -34.1212387085, -74.175491333, -72.1973800659, 2.2335896492, 58.0822525024, 109.404411316, 71.454536438, 23.5154495239, -33.3006668091, -8.26113319397], [-55.3913154602, -24.813085556, 95.5343856812, 68.8888168335, -29.9840164185, -52.6478118896, -4.69111919403, 41.0223197937, 71.454536438, 73.3109970093, 12.5536231995, -41.2000083923, -20.9252071381], [66.5127029419, 46.1032371521, -22.1276931763, -57.4030303955, -28.1461582184, -9.24995708466, 14.1628198624, 17.1219234467, 23.5154495239, 12.5536231995, 21.0602588654, 11.5609083176, 11.4277334213], [131.472595215, 59.4383049011, -102.625541687, -110.136131287, 4.81171178818, 49.4880409241, 30.4306030273, -13.1658668518, -33.3006668091, -41.2000083923, 11.5609083176, 62.4245834351, 37.4677696228], [132.839523315, 76.9081115723, -94.6034469604, -118.148330688, -15.715959549, 18.6912708282, 15.5937547684, -8.42325019836, -8.26113319397, -20.9252071381, 11.4277334213, 37.4677696228, 38.9206886292]],
        "icov": [[0.00335692497902, -0.00709886383265, 0.00493923667818, -0.00529530085623, 0.00671585043892, -0.00494129071012, 0.00686036469415, -0.00335647608154, 0.00444765761495, -0.00785472150892, 0.00267223012634, -0.00738938897848, 0.00316096586175], [-0.00709886383265, 0.0460435971618, -0.0283493585885, 0.0423206202686, -0.0261878278106, 0.0152817964554, -0.0303717926145, 0.0308658611029, -0.0361366160214, 0.0371847823262, -0.0138412965462, 0.0287510082126, -0.0175496917218], [0.00493923667818, -0.0283493585885, 0.0419575348496, -0.0416244715452, 0.0164270848036, -0.00221651652828, -0.0031559644267, -0.0103751737624, 0.00915249250829, -0.0195164494216, 0.00387052260339, -0.00909124594182, 0.0205719545484], [-0.00529530085623, 0.0423206202686, -0.0416244715452, 0.0655648633838, -0.0412042811513, 0.0125861782581, -0.00411044480279, 0.00173767539673, -0.00547276437283, 0.00551661243662, 0.00713270623237, 0.0148226432502, -0.0029175367672], [0.00671585043892, -0.0261878278106, 0.0164270848036, -0.0412042811513, 0.0723119154572, -0.0601808689535, 0.038546346128, -0.00971052795649, 0.00867739971727, -0.0069447751157, -0.00300916656852, -0.00693903630599, -0.0100989462808], [-0.00494129071012, 0.0152817964554, -0.00221651652828, 0.0125861782581, -0.0601808689535, 0.0999830067158, -0.0749815255404, 0.0379887968302, -0.0130554903299, 0.0188344176859, 0.00569548271596, -0.0139719592407, 0.00456688227132], [0.00686036469415, -0.0303717926145, -0.0031559644267, -0.00411044480279, 0.038546346128, -0.0749815255404, 0.120734609663, -0.0900321081281, 0.0591191835701, -0.0536415800452, 0.0195820499212, -0.0324648022652, 0.00937962997705], [-0.00335647608154, 0.0308658611029, -0.0103751737624, 0.00173767539673, -0.00971052795649, 0.0379887968302, -0.0900321081281, 0.162307277322, -0.102968595922, 0.0617100857198, -0.0570518933237, 0.0100164990872, -0.00201498926617], [0.00444765761495, -0.0361366160214, 0.00915249250829, -0.00547276437283, 0.00867739971727, -0.0130554903299, 0.0591191835701, -0.102968595922, 0.122721873224, -0.0923141762614, 0.0320164337754, -0.0175730101764, 0.00959606189281], [-0.00785472150892, 0.0371847823262, -0.0195164494216, 0.00551661243662, -0.0069447751157, 0.0188344176859, -0.0536415800452, 0.0617100857198, -0.0923141762614, 0.139588445425, -0.070841088891, 0.0625689253211, -0.0383424982429], [0.00267223012634, -0.0138412965462, 0.00387052260339, 0.00713270623237, -0.00300916656852, 0.00569548271596, 0.0195820499212, -0.0570518933237, 0.0320164337754, -0.070841088891, 0.161827728152, -0.0634827688336, 0.00745375966653], [-0.00738938897848, 0.0287510082126, -0.00909124594182, 0.0148226432502, -0.00693903630599, -0.0139719592407, -0.0324648022652, 0.0100164990872, -0.0175730101764, 0.0625689253211, -0.0634827688336, 0.126160904765, -0.0625133961439], [0.00316096586175, -0.0175496917218, 0.0205719545484, -0.0029175367672, -0.0100989462808, 0.00456688227132, 0.00937962997705, -0.00201498926617, 0.00959606189281, -0.0383424982429, 0.00745375966653, -0.0625133961439, 0.119678869843]]
    },
    "melbands": {
        "dmean": [2.50743814831e-05, 3.81517347705e-05, 8.61613170855e-06, 1.75575632966e-06, 8.96152585028e-07, 1.61815876254e-06, 8.63855239004e-05, 0.000221093287109, 4.22542416345e-06, 9.27679366214e-07, 6.89500367912e-08, 5.33183492735e-06, 1.48520302901e-05, 3.65430508964e-07, 1.24595047168e-07, 8.77577477354e-08, 8.66956497703e-08, 3.18938191413e-08, 3.30554676964e-08, 2.85399419653e-08, 1.49738053068e-08, 1.64579851969e-08, 1.10407212262e-08, 8.91551010795e-09, 7.7234023621e-09, 7.62470353521e-09, 6.24161655693e-09, 5.22737453323e-09, 4.20429246972e-09, 3.25303251003e-09, 2.81436585148e-09, 2.62232946469e-09, 1.96659888374e-09, 1.72486236405e-09, 1.49014678374e-09, 1.2935114091e-09, 1.20546272964e-09, 1.06648978537e-09, 9.67484758974e-10, 8.68149330202e-10],
        "dmean2": [4.53918692074e-05, 7.10126914782e-05, 1.58496222866e-05, 2.9268999242e-06, 1.03973957266e-06, 1.84541249837e-06, 5.7679371821e-05, 0.000140118223499, 3.89652495869e-06, 1.41025452649e-06, 9.75995817498e-08, 5.69300027564e-06, 1.37748247653e-05, 3.75188278667e-07, 1.3281318445e-07, 1.14628804226e-07, 1.16507273162e-07, 3.68974006903e-08, 4.17609093972e-08, 3.48313555776e-08, 1.59961945911e-08, 1.55881103581e-08, 1.24679866431e-08, 1.05480726376e-08, 9.35613719832e-09, 1.00626227351e-08, 8.0508302247e-09, 6.89534562781e-09, 5.47329692679e-09, 4.08532319085e-09, 3.48097617398e-09, 3.34122529644e-09, 2.38164377109e-09, 2.11642836589e-09, 1.8255587042e-09, 1.5877119619e-09, 1.51634826917e-09, 1.33661726132e-09, 1.23342347447e-09, 1.12419218379e-09],
        "dvar": [6.9224892485e-10, 1.0647426274e-09, 4.14318961084e-11, 1.17823840962e-11, 2.46953204414e-11, 2.06618055998e-10, 5.55879573483e-08, 3.41876642551e-07, 5.15258780087e-10, 1.39282630568e-11, 8.7069979319e-14, 4.93806273649e-10, 3.1973874659e-09, 1.2247583156e-11, 9.33819970135e-13, 2.00536554593e-13, 2.12635559659e-13, 7.50699144774e-14, 3.67215074537e-14, 3.88688172902e-14, 1.77757504218e-14, 2.92397785095e-15, 9.14693769674e-15, 5.32192875991e-15, 3.55715382551e-15, 2.26893042691e-15, 1.75721410655e-15, 1.08960952494e-15, 6.87617640812e-16, 5.48130849096e-16, 4.31208829807e-16, 3.45174422805e-16, 2.23482469823e-16, 1.64810006344e-16, 1.20473324034e-16, 9.50278918161e-17, 6.90781838265e-17, 5.56411377014e-17, 4.12937660773e-17, 3.3163057112e-17],
        "dvar2": [2.02531280635e-09, 3.43315442741e-09, 1.13484339981e-10, 1.86599329738e-11, 2.05219244376e-11, 2.06302336325e-10, 7.11612102577e-08, 3.71291037027e-07, 5.0286763642e-10, 3.2562171709e-11, 9.89694708565e-14, 4.61036514521e-10, 2.74305356207e-09, 1.20490657382e-11, 9.24279207858e-13, 2.0946821209e-13, 2.2354931491e-13, 7.54427038419e-14, 3.9712831412e-14, 4.09166346367e-14, 1.71013275427e-14, 1.2577738347e-15, 9.06170500643e-15, 5.33330314184e-15, 3.61860564232e-15, 2.30268617217e-15, 1.76736103186e-15, 1.09941816647e-15, 6.91321027676e-16, 5.4944555011e-16, 4.32994745837e-16, 3.49103041024e-16, 2.26410742131e-16, 1.65915199052e-16, 1.19703953421e-16, 9.53718004276e-17, 6.95568037639e-17, 5.52020636148e-17, 4.13335170688e-17, 3.33226070172e-17],
        "max": [0.000193597486941, 0.000193741216208, 4.43801945949e-05, 3.76178286388e-05, 6.18406193098e-05, 0.000161657066201, 0.00455185491592, 0.0100304279476, 0.000337855162797, 5.62923851248e-05, 3.52532515535e-06, 0.000355485535692, 0.00097302190261, 4.02384030167e-05, 1.25567385112e-05, 6.57922691971e-06, 5.76335787628e-06, 3.03025035464e-06, 2.48736387221e-06, 2.44755869971e-06, 1.53845155637e-06, 1.09423569938e-06, 1.0694429875e-06, 8.12882376522e-07, 6.61993340145e-07, 5.35434139692e-07, 4.6837010359e-07, 3.69136984091e-07, 2.92626054943e-07, 2.61298964688e-07, 2.3042440489e-07, 2.06015243975e-07, 1.65967492194e-07, 1.42674167591e-07, 1.22839963979e-07, 1.08697264523e-07, 9.24716090367e-08, 8.3499514858e-08, 7.19766717339e-08, 6.44414086537e-08],
        "mean": [3.59893565474e-05, 5.85135494475e-05, 1.07105188363e-05, 2.61606419372e-06, 1.2185154219e-06, 1.76589344392e-06, 0.00108968745917, 0.003178257728, 3.64693951269e-05, 2.60662886831e-06, 9.60843209441e-08, 2.3360549676e-05, 6.81640085531e-05, 4.84624081309e-07, 2.12467071492e-07, 2.09605673263e-07, 1.54265535457e-07, 3.93417955991e-08, 7.06898504177e-08, 5.44353362386e-08, 1.94574010237e-08, 3.51185960312e-08, 1.39766456186e-08, 1.16362182112e-08, 1.05467261591e-08, 1.18552030415e-08, 1.02313553185e-08, 8.98846241881e-09, 7.46470441015e-09, 5.22222043386e-09, 4.41529124373e-09, 3.95588495294e-09, 3.2520606208e-09, 3.01278579862e-09, 2.75268896566e-09, 2.3484254541e-09, 2.15968309902e-09, 2.08576200755e-09, 1.94559168776e-09, 1.78959269626e-09],
        "median": [2.8806125556e-05, 4.60718001705e-05, 9.18348177947e-06, 1.28424130708e-06, 4.79949221699e-07, 2.54121999888e-07, 0.000510451442096, 0.00157232536003, 1.68127280631e-05, 3.27009814782e-08, 3.90130807659e-08, 3.7280094034e-07, 1.24845882965e-06, 4.40559162485e-08, 2.56310421776e-08, 3.24846034516e-08, 2.93259549977e-08, 1.30348780658e-08, 1.60109578928e-08, 7.99718691269e-09, 5.22464205233e-09, 5.00489694133e-09, 4.53138282452e-09, 4.37831682021e-09, 4.51187887052e-09, 7.15850001498e-09, 5.86797188618e-09, 5.9320810486e-09, 4.84774664855e-09, 3.07796299559e-09, 2.30676255875e-09, 2.07893813275e-09, 1.7463482882e-09, 1.80303283415e-09, 1.710619979e-09, 1.44777023703e-09, 1.37292732738e-09, 1.4017312866e-09, 1.35065791884e-09, 1.20611787224e-09],
        "min": [4.62500295839e-08, 2.12398859389e-07, 3.1765125641e-07, 1.97945553282e-07, 8.77404033872e-08, 1.11831131022e-08, 4.3319158749e-07, 7.69491350638e-07, 2.72210996854e-07, 7.17839743203e-09, 8.07563527161e-09, 1.23465566659e-08, 2.65861324067e-08, 1.1206349626e-08, 4.2261105726e-09, 7.94693466588e-09, 6.69063959791e-09, 4.63653693217e-09, 3.36607564044e-09, 2.81378009781e-09, 1.8534500601e-09, 1.47337919643e-09, 1.59868129845e-09, 1.89823201602e-09, 9.40133415561e-10, 1.73427683325e-09, 1.67753289038e-09, 1.09138631466e-09, 3.95968480227e-10, 4.93480201147e-10, 5.51724221864e-10, 5.12319631163e-10, 2.87199375393e-10, 2.87259271925e-10, 2.83368245535e-10, 2.24346777267e-10, 2.2656788945e-10, 3.06725339572e-10, 2.23771515206e-10, 1.46185855088e-10],
        "var": [8.65177207654e-10, 1.63547408949e-09, 5.07141724448e-11, 1.61022410683e-11, 3.17875413491e-11, 2.13578932318e-10, 1.45769786286e-06, 1.14195163405e-05, 2.1299233488e-09, 8.63450214106e-11, 1.07444340426e-13, 5.2260835659e-09, 4.18362837706e-08, 1.3260855955e-11, 1.39937139567e-12, 4.48449437307e-13, 2.95289780041e-13, 7.45885422654e-14, 5.72010429474e-14, 5.21302971493e-14, 1.92803299639e-14, 1.5241051761e-14, 9.29011421692e-15, 5.35643391756e-15, 3.54167006323e-15, 2.29475116752e-15, 1.75466178452e-15, 1.08556356619e-15, 6.80833700998e-16, 5.47632529026e-16, 4.27244953842e-16, 3.41724907597e-16, 2.21369916713e-16, 1.62894388394e-16, 1.20386198755e-16, 9.44315210642e-17, 6.81615882985e-17, 5.53796328226e-17, 4.10135040509e-17, 3.2835665643e-17]
    },
    "mfcc": {
        "mean": [-928.60534668, 170.718673706, 51.1410865784, 14.1426877975, -13.6061973572, -12.5692358017, -5.70225858688, -7.68992424011, 4.06910943985, 19.7483901978, 23.5853233337, 30.7623901367, 33.7569961548],
        "cov": [[1207.47509766, 529.514953613, -374.880584717, -531.476013184, -293.28326416, -138.925506592, -91.080368042, 41.6044769287, 53.2445411682, -79.3266143799, -102.536659241, 18.4547367096, 85.5314254761], [529.514953613, 491.088409424, -204.785476685, -388.403503418, -209.513748169, -99.730178833, -50.2957954407, 46.5097503662, 72.935760498, -20.2562637329, -55.130317688, 40.3334083557, 88.0141830444], [-374.880584717, -204.785476685, 212.365081787, 268.580932617, 121.947372437, 51.8724746704, 18.585477829, -38.7156829834, -30.0869026184, 49.9433403015, 74.7179794312, 17.855676651, -22.2958774567], [-531.476013184, -388.403503418, 268.580932617, 430.056854248, 216.19078064, 92.0349578857, 35.2180328369, -64.1497268677, -62.9219360352, 54.0001754761, 89.8417053223, -1.96518659592, -55.7317695618], [-293.28326416, -209.513748169, 121.947372437, 216.19078064, 146.581619263, 71.5713806152, 34.2139434814, -17.0184841156, -30.1775550842, 14.3808336258, 21.4768791199, -20.9995288849, -41.7365341187], [-138.925506592, -99.730178833, 51.8724746704, 92.0349578857, 71.5713806152, 75.6159973145, 53.1251411438, 19.8603134155, -2.48273420334, -10.3052968979, -18.3030261993, -31.5316085815, -18.4736461639], [-91.080368042, -50.2957954407, 18.585477829, 35.2180328369, 34.2139434814, 53.1251411438, 70.0813903809, 44.3593330383, 9.23695468903, -21.1237316132, -35.3570518494, -32.1371383667, -6.83233833313], [41.6044769287, 46.5097503662, -38.7156829834, -64.1497268677, -17.0184841156, 19.8603134155, 44.3593330383, 70.6513290405, 30.9524822235, -28.904094696, -49.1025390625, -21.6638565063, 10.2905883789], [53.2445411682, 72.935760498, -30.0869026184, -62.9219360352, -30.1775550842, -2.48273420334, 9.23695468903, 30.9524822235, 43.3691444397, 10.3458566666, -6.59123277664, 9.51421260834, 24.175573349], [-79.3266143799, -20.2562637329, 49.9433403015, 54.0001754761, 14.3808336258, -10.3052968979, -21.1237316132, -28.904094696, 10.3458566666, 61.7788238525, 63.5451660156, 35.1232948303, 11.0944957733], [-102.536659241, -55.130317688, 74.7179794312, 89.8417053223, 21.4768791199, -18.3030261993, -35.3570518494, -49.1025390625, -6.59123277664, 63.5451660156, 96.1121826172, 49.5842514038, 3.14367651939], [18.4547367096, 40.3334083557, 17.855676651, -1.96518659592, -20.9995288849, -31.5316085815, -32.1371383667, -21.6638565063, 9.51421260834, 35.1232948303, 49.5842514038, 53.8162574768, 25.9929180145], [85.5314254761, 88.0141830444, -22.2958774567, -55.7317695618, -41.7365341187, -18.4736461639, -6.83233833313, 10.2905883789, 24.175573349, 11.0944957733, 3.14367651939, 25.9929180145, 49.9862136841]],
