{
"lowlevel": {
    "average_loudness": 0.99068403244,
    "barkbands_crest": {
        "dmean": 1.12056839466,
        "dmean2": 1.99282896519,
        "dvar": 0.807439625263,
        "dvar2": 2.28912329674,
        "max": 11.5222969055,
        "mean": 8.79529476166,
        "median": 8.64263153076,
        "min": 5.76078796387,
        "var": 1.48078346252
    },
    "barkbands_flatness_db": {
        "dmean": 0.0104808527976,
        "dmean2": 0.0157869998366,
        "dvar": 0.000126749684568,
        "dvar2": 0.000192305669771,
        "max": 0.204295098782,
        "mean": 0.183292686939,
        "median": 0.184327915311,
        "min": 0.12364950031,
        "var": 0.00017679562734
    },
    "barkbands_kurtosis": {
        "dmean": 4.3550658226,
        "dmean2": 7.46950483322,
        "dvar": 19.6938476562,
        "dvar2": 45.3489646912,
        "max": 40.3422737122,
        "mean": 21.4110965729,
        "median": 20.2411270142,
        "min": 8.48564910889,
        "var": 51.6176757812
    },
    "barkbands_skewness": {
        "dmean": 0.50179964304,
        "dmean2": 0.887163102627,
        "dvar": 0.190298780799,
        "dvar2": 0.532769680023,
        "max": 5.10926294327,
        "mean": 3.23601341248,
        "median": 3.24637150764,
        "min": 1.73206567764,
        "var": 0.562407374382
    },
    "barkbands_spread": {
        "dmean": 0.821518182755,
        "dmean2": 1.24884772301,
        "dvar": 1.43915474415,
        "dvar2": 1.97798550129,
        "max": 14.0317363739,
        "mean": 7.08545923233,
        "median": 6.89117288589,
        "min": 5.02926254272,
        "var": 1.54568994045
    },
    "dissonance": {
        "dmean": 0.0432264022529,
        "dmean2": 0.0750736147165,
        "dvar": 0.000911373761483,
        "dvar2": 0.00246851448901,
        "max": 0.444305866957,
        "mean": 0.382612526417,
        "median": 0.388571918011,
        "min": 0.282056033611,
        "var": 0.00139000511263
    },
    "dynamic_complexity": 0.834469139576,
    "erbbands_crest": {
        "dmean": 1.30572354794,
        "dmean2": 1.94313073158,
        "dvar": 3.38373875618,
        "dvar2": 5.68387699127,
        "max": 22.4824066162,
        "mean": 16.8558044434,
        "median": 16.5540943146,
        "min": 8.57350635529,
        "var": 8.71796131134
    },
    "erbbands_flatness_db": {
        "dmean": 0.00800145789981,
        "dmean2": 0.0122544020414,
        "dvar": 9.05804336071e-05,
        "dvar2": 0.000122198092868,
        "max": 0.201942890882,
        "mean": 0.169062018394,
        "median": 0.16516058147,
        "min": 0.123562425375,
        "var": 0.000249034172157
    },
    "erbbands_kurtosis": {
        "dmean": 1.06757926941,
        "dmean2": 1.63087677956,
        "dvar": 2.2159473896,
        "dvar2": 4.1688375473,
        "max": 13.8101177216,
        "mean": 7.73237705231,
        "median": 7.56761550903,
        "min": 3.23271179199,
        "var": 6.07498502731
    },
    "erbbands_skewness": {
        "dmean": 0.212077781558,
        "dmean2": 0.335388481617,
        "dvar": 0.0519867651165,
        "dvar2": 0.105278030038,
        "max": 3.08584594727,
        "mean": 2.08101463318,
        "median": 2.18913292885,
        "min": 1.00113129616,
        "var": 0.333511173725
    },
    "erbbands_spread": {
        "dmean": 1.20869970322,
        "dmean2": 1.66164886951,
        "dvar": 3.53607392311,
        "dvar2": 4.54094314575,
        "max": 25.904630661,
        "mean": 16.7217178345,
        "median": 16.3105449677,
        "min": 12.4848003387,
        "var": 7.77187490463
    },
    "hfc": {
        "dmean": 1.87938892841,
        "dmean2": 2.74231433868,
        "dvar": 9.13747215271,
        "dvar2": 12.675075531,
        "max": 29.4750404358,
        "mean": 19.1410293579,
        "median": 17.6198635101,
        "min": 0.292604386806,
        "var": 23.3734989166
    },
    "melbands_crest": {
        "dmean": 2.93250012398,
        "dmean2": 5.08738231659,
        "dvar": 5.82330942154,
        "dvar2": 13.8253974915,
        "max": 24.3600177765,
        "mean": 17.8287181854,
        "median": 17.7393474579,
        "min": 11.5160303116,
        "var": 9.03520298004
    },
    "melbands_flatness_db": {
        "dmean": 0.0136683741584,
        "dmean2": 0.0217359680682,
        "dvar": 0.000213566148886,
        "dvar2": 0.00036917583202,
        "max": 0.329413384199,
        "mean": 0.304940253496,
        "median": 0.307623207569,
        "min": 0.238455682993,
        "var": 0.000244755210588
    },
    "melbands_kurtosis": {
        "dmean": 4.24162960052,
        "dmean2": 7.46248435974,
        "dvar": 20.6604728699,
        "dvar2": 61.4188499451,
        "max": 36.6544685364,
        "mean": 12.6944541931,
        "median": 11.2290563583,
        "min": 3.68111038208,
        "var": 44.6176300049
    },
    "melbands_skewness": {
        "dmean": 0.36529147625,
        "dmean2": 0.63829356432,
        "dvar": 0.0833548605442,
        "dvar2": 0.266562908888,
        "max": 3.20800471306,
        "mean": 1.86034607887,
        "median": 1.84217941761,
        "min": 1.12257885933,
        "var": 0.20246501267
    },
    "melbands_spread": {
        "dmean": 0.82345688343,
        "dmean2": 1.37736678123,
        "dvar": 0.559559762478,
        "dvar2": 1.05533659458,
        "max": 9.55787277222,
        "mean": 5.91836214066,
        "median": 5.85828924179,
        "min": 3.32334709167,
        "var": 1.64779663086
    },
    "pitch_salience": {
        "dmean": 0.05021898821,
        "dmean2": 0.0813281312585,
        "dvar": 0.00195038563106,
        "dvar2": 0.00353947468102,
        "max": 0.703057050705,
        "mean": 0.478930830956,
        "median": 0.46989774704,
        "min": 0.369337946177,
        "var": 0.00346577656455
    },
    "silence_rate_20dB": {
        "dmean": 0,
        "dmean2": 0,
        "dvar": 0,
        "dvar2": 0,
        "max": 1,
        "mean": 1,
        "median": 1,
        "min": 1,
        "var": 0
    },
    "silence_rate_30dB": {
        "dmean": 0,
        "dmean2": 0,
        "dvar": 0,
        "dvar2": 0,
        "max": 1,
        "mean": 1,
        "median": 1,
        "min": 1,
        "var": 0
    },
    "silence_rate_60dB": {
        "dmean": 0,
        "dmean2": 0,
        "dvar": 0,
        "dvar2": 0,
        "max": 0,
        "mean": 0,
        "median": 0,
        "min": 0,
        "var": 0
    },
    "spectral_centroid": {
        "dmean": 19.1233787537,
        "dmean2": 31.6107711792,
        "dvar": 479.5597229,
        "dvar2": 809.252258301,
        "max": 527.945129395,
        "mean": 395.771392822,
        "median": 394.531311035,
        "min": 337.576080322,
        "var": 985.398864746
    },
    "spectral_complexity": {
        "dmean": 1.45000004768,
        "dmean2": 2.50847458839,
        "dvar": 1.91416621208,
        "dvar2": 4.08043718338,
        "max": 13,
        "mean": 7.88524580002,
        "median": 8,
        "min": 1,
        "var": 3.01961827278
    },
    "spectral_decrease": {
        "dmean": 2.2853010595e-09,
        "dmean2": 3.75855968571e-09,
        "dvar": 5.30332994463e-18,
        "dvar2": 9.80443117989e-18,
        "max": -1.13634941734e-10,
        "mean": -1.22654109092e-08,
        "median": -1.21004637421e-08,
        "min": -2.01892937923e-08,
        "var": 9.89767925034e-18
    },
    "spectral_energy": {
        "dmean": 0.00877481512725,
        "dmean2": 0.0143894581124,
        "dvar": 7.97758548288e-05,
        "dvar2": 0.00014609034406,
        "max": 0.0788727551699,
        "mean": 0.0480286590755,
        "median": 0.0473797619343,
        "min": 0.000455424829852,
        "var": 0.000150739200762
    },
    "spectral_energyband_high": {
        "dmean": 3.52625938831e-05,
        "dmean2": 5.61103151995e-05,
        "dvar": 1.9847878896e-09,
        "dvar2": 2.80505241257e-09,
        "max": 0.000573436846025,
        "mean": 0.000295068224659,
        "median": 0.000284821464447,
        "min": 6.63209129925e-06,
        "var": 5.9751350534e-09
    },
    "spectral_energyband_low": {
        "dmean": 0.00652780476958,
        "dmean2": 0.0112101593986,
        "dvar": 2.6298681405e-05,
        "dvar2": 7.63236021157e-05,
        "max": 0.0282637644559,
        "mean": 0.0126605983824,
        "median": 0.0117963217199,
        "min": 5.94695411564e-05,
        "var": 3.51384369424e-05
    },
    "spectral_energyband_middle_high": {
        "dmean": 0.00034389301436,
        "dmean2": 0.000612703501247,
        "dvar": 1.62705191542e-07,
        "dvar2": 4.76204604638e-07,
        "max": 0.00451829843223,
        "mean": 0.00153759610839,
        "median": 0.00101030024234,
        "min": 3.42269995599e-05,
        "var": 1.11027486582e-06
    },
    "spectral_energyband_middle_low": {
        "dmean": 0.00519402325153,
        "dmean2": 0.00788320973516,
        "dvar": 5.13077575306e-05,
        "dvar2": 7.47123413021e-05,
        "max": 0.0624547228217,
        "mean": 0.0382425971329,
        "median": 0.0365359261632,
        "min": 0.000339225283824,
        "var": 0.000112481749966
    },
    "spectral_entropy": {
        "dmean": 0.0911519303918,
        "dmean2": 0.13210131228,
        "dvar": 0.019043283537,
        "dvar2": 0.025879856199,
        "max": 7.40320539474,
        "mean": 6.77546405792,
        "median": 6.80733442307,
        "min": 6.4708571434,
        "var": 0.0262205731124
    },
    "spectral_flux": {
        "dmean": 0.0205527897924,
        "dmean2": 0.0301829595119,
        "dvar": 0.000425390579039,
        "dvar2": 0.000582418288104,
        "max": 0.204661786556,
        "mean": 0.0749667137861,
        "median": 0.0680988729,
        "min": 0.0349655859172,
        "var": 0.000872081902344
    },
    "spectral_kurtosis": {
        "dmean": 0.721760511398,
        "dmean2": 1.15864372253,
        "dvar": 0.38127887249,
        "dvar2": 0.66040712595,
        "max": 13.877866745,
        "mean": 8.87423324585,
        "median": 8.60553264618,
        "min": 6.79335784912,
        "var": 1.83154010773
    },
    "spectral_rms": {
        "dmean": 0.000663156970404,
        "dmean2": 0.00105653365608,
        "dvar": 7.7307237234e-07,
        "dvar2": 1.04168873349e-06,
        "max": 0.00877205934376,
        "mean": 0.00675991224125,
        "median": 0.00679883500561,
        "min": 0.00066657102434,
        "var": 1.16083037938e-06
    },
    "spectral_rolloff": {
        "dmean": 43.06640625,
        "dmean2": 74.4537887573,
        "dvar": 4466.77246094,
        "dvar2": 7659.69335938,
        "max": 775.1953125,
        "mean": 433.135070801,
        "median": 322.998046875,
        "min": 301.46484375,
        "var": 25693.8359375
    },
    "spectral_skewness": {
        "dmean": 0.108173958957,
        "dmean2": 0.173669591546,
        "dvar": 0.00777124008164,
        "dvar2": 0.0128073496744,
        "max": 3.30905175209,
        "mean": 2.58182621002,
        "median": 2.54060387611,
        "min": 2.29888534546,
        "var": 0.0368140079081
    },
    "spectral_spread": {
        "dmean": 268013.03125,
        "dmean2": 420498.28125,
        "dvar": 195051765760,
        "dvar2": 213524971520,
        "max": 9116996,
        "mean": 5800917.5,
        "median": 5897917.5,
        "min": 4651507.5,
        "var": 359935442944
    },
    "spectral_strongpeak": {
        "dmean": 0.201623916626,
        "dmean2": 0.30924898386,
        "dvar": 0.156788513064,
        "dvar2": 0.270213395357,
        "max": 2.29606509209,
        "mean": 1.77316141129,
        "median": 1.81470489502,
        "min": 0.0312934145331,
        "var": 0.156700521708
    },
    "zerocrossingrate": {
        "dmean": 0.0068359375,
        "dmean2": 0.00979045312852,
        "dvar": 3.13917807944e-05,
        "dvar2": 4.62808748125e-05,
        "max": 0.060546875,
        "mean": 0.0430568009615,
        "median": 0.04345703125,
        "min": 0.00830078125,
        "var": 0.000103110243799
    },
    "barkbands": {
        "dmean": [0.000531861034688, 0.00450642546639, 0.00225695688277, 0.00238697160967, 0.00215007574297, 0.00229165214114, 0.000155678324518, 0.000357772572897, 0.000131035820232, 0.000552944082301, 7.18477967894e-05, 2.99292260024e-05, 1.89314396266e-05, 1.55060060933e-05, 1.30073631226e-05, 5.89129604123e-06, 6.0360794123e-06, 5.41434746992e-06, 8.62357137521e-06, 1.09237889774e-05, 1.40722213473e-05, 4.15503518525e-06, 4.20086826125e-06, 4.44430588686e-06, 9.58744203672e-06, 7.02906345396e-06, 2.10125217563e-05],
        "dmean2": [0.000972896697931, 0.00806295592338, 0.00388962239958, 0.00398695422336, 0.00333864009008, 0.00343040609732, 0.000251399673289, 0.000502901326399, 0.000225213108934, 0.000921957602259, 0.000126053637359, 5.04961499246e-05, 3.06763140543e-05, 2.52354002441e-05, 2.08894762181e-05, 9.65157050814e-06, 9.91595243249e-06, 8.37687639432e-06, 1.52953471115e-05, 1.85939297808e-05, 2.18898421736e-05, 6.66810274197e-06, 7.14496309229e-06, 6.97492487234e-06, 1.42717271956e-05, 1.15215962069e-05, 3.54779331246e-05],
        "dvar": [2.05412575838e-07, 1.60452345881e-05, 5.6752655837e-06, 4.93650895805e-06, 6.54587074678e-06, 8.24583912618e-06, 1.74509597883e-08, 2.18753342551e-07, 1.93679277061e-08, 4.93548782288e-07, 1.84311161888e-08, 2.21437179704e-09, 2.28064747643e-10, 1.98580429878e-10, 1.62975327678e-10, 2.00144848611e-11, 3.60713368897e-11, 1.73963725369e-11, 5.73862034281e-11, 7.06110378501e-11, 2.86794782367e-10, 1.09755590033e-11, 1.23404255564e-11, 1.64247816736e-11, 4.00744826212e-10, 5.19171060309e-11, 3.93700183565e-10],
        "dvar2": [5.60376463454e-07, 5.60562621104e-05, 1.55452671606e-05, 1.47772552737e-05, 1.1233611076e-05, 1.02330805021e-05, 4.42211884888e-08, 3.83298214501e-07, 4.91458322927e-08, 8.69160146522e-07, 5.2761436109e-08, 6.41604147589e-09, 6.23188667337e-10, 4.43555442375e-10, 3.78125891709e-10, 4.75198908001e-11, 8.15070858029e-11, 4.05161980355e-11, 1.65564478793e-10, 1.89118221083e-10, 5.55742896147e-10, 2.46808355003e-11, 2.93607985147e-11, 3.76882032527e-11, 8.01260280348e-10, 1.18268242422e-10, 7.90305154652e-10],
        "max": [0.00215871608816, 0.0170573163778, 0.0148212090135, 0.0144309084862, 0.019530152902, 0.0240459702909, 0.000806668133009, 0.00459165778011, 0.00153393880464, 0.00871396902949, 0.000939027988352, 0.000344899162883, 0.000110481232696, 0.000103206402855, 9.9098397186e-05, 3.98602496716e-05, 4.985767373e-05, 3.17483645631e-05, 4.46423509857e-05, 5.28783602931e-05, 0.000202799157705, 2.69025058515e-05, 3.09290589939e-05, 3.73119037249e-05, 0.000215317399125, 5.33520105819e-05, 0.000164153971127],
        "mean": [0.0004902772489, 0.00527060357854, 0.00318820751272, 0.00490213744342, 0.0124147068709, 0.0150225684047, 0.000302519736579, 0.00176581449341, 0.000549932592548, 0.0034212465398, 0.000116331219033, 4.44926517957e-05, 3.34766045853e-05, 2.58729778579e-05, 3.84070262953e-05, 1.71071769728e-05, 1.4391303921e-05, 1.65310993907e-05, 2.35439038079e-05, 2.8308308174e-05, 3.81943209504e-05, 1.74639881152e-05, 1.85850240086e-05, 2.14162064367e-05, 3.49330985046e-05, 4.15261056332e-05, 0.00012253249588],
        "median": [0.00029025983531, 0.00417741807178, 0.0024785825517, 0.00451688654721, 0.0123508451506, 0.0150409946218, 0.000289363262709, 0.00151225517038, 0.000386216037441, 0.00194488500711, 0.000100222867331, 3.67231114069e-05, 3.12178817694e-05, 2.17433898797e-05, 2.57961200987e-05, 1.58328530233e-05, 1.24131120174e-05, 1.61555053637e-05, 2.30230943998e-05, 2.67109116976e-05, 2.50991743087e-05, 1.71506071638e-05, 1.85543485713e-05, 2.12776085391e-05, 2.54852911894e-05, 4.12990702898e-05, 0.000126173021272],
        "min": [2.47482125815e-06, 2.98290688079e-05, 5.89228056924e-06, 9.30104215513e-06, 0.000163870718097, 0.000115009963338, 4.40900066678e-06, 2.07478915399e-05, 1.51219446707e-05, 2.38423544943e-05, 5.76757429371e-06, 1.46085574215e-06, 2.7690502975e-06, 7.59746114909e-07, 7.39986546705e-07, 8.42200620355e-07, 1.04122307221e-06, 1.19380581509e-06, 5.11009091042e-07, 7.27425629066e-07, 5.83921348607e-07, 2.65770040642e-07, 3.29020338086e-07, 3.82314226499e-07, 5.46362798559e-07, 1.16997773603e-06, 4.18167064709e-06],
        "var": [2.23252669684e-07, 1.57694812515e-05, 5.07481809109e-06, 6.44277406536e-06, 1.09099946712e-05, 1.46360107465e-05, 2.38499868743e-08, 6.74107582199e-07, 1.23612977632e-07, 6.31851662547e-06, 1.48200340888e-08, 2.16918261131e-09, 3.42979367129e-10, 2.64202965061e-10, 6.5132599314e-10, 4.90103617412e-11, 5.98783314598e-11, 3.55593575418e-11, 7.34950156289e-11, 9.86082257515e-11, 1.17041032421e-09, 2.20847021226e-11, 2.16751859516e-11, 2.77670941795e-11, 1.04564157333e-09, 5.87571866162e-11, 4.68678096333e-10]
    },
    "erbbands": {
        "dmean": [0.195628985763, 0.817916452885, 2.01488423347, 6.16166114807, 4.94931554794, 4.53921413422, 36.0406074524, 5.66545915604, 3.29515194893, 1.87793684006, 9.55093002319, 2.49839043617, 22.1781902313, 3.08386445045, 2.28982496262, 0.975283324718, 0.805629074574, 0.759970545769, 0.556226909161, 0.78597086668, 0.276640087366, 0.327928930521, 0.290354579687, 0.307555139065, 0.481825768948, 0.514187991619, 0.842185437679, 0.218359962106, 0.181002646685, 0.170332893729, 0.120729364455, 0.105905376375, 0.0872886702418, 0.0499499887228, 0.127314195037, 0.0286106932908, 0.0168648958206, 0.00697966385633, 0.00288017629646, 0.000411719578551],
        "dmean2": [0.348650693893, 1.48519349098, 3.38723015785, 10.2876462936, 9.05624580383, 6.83087730408, 53.4051704407, 8.69485569, 4.99352025986, 2.97246360779, 13.5153312683, 4.02554273605, 36.7693405151, 5.46272325516, 4.1150021553, 1.7335460186, 1.29577362537, 1.25451314449, 0.93171441555, 1.33246934414, 0.438424438238, 0.55101454258, 0.434378802776, 0.521900594234, 0.871166229248, 0.887849867344, 1.31873559952, 0.342632174492, 0.308754622936, 0.28957977891, 0.20010304451, 0.169193118811, 0.142846539617, 0.0743468627334, 0.193292111158, 0.0473532862961, 0.027438595891, 0.0113146370277, 0.00495038786903, 0.000703788420651],
        "dvar": [0.0313748307526, 0.477595895529, 3.54248666763, 39.6951370239, 16.7437648773, 31.510684967, 2155.37402344, 49.5070114136, 6.24312067032, 2.44200634956, 159.431930542, 6.47456598282, 858.451049805, 18.9245223999, 24.2884597778, 1.86760056019, 0.458049923182, 0.516355872154, 0.184638291597, 0.616661429405, 0.0642216280103, 0.0943621322513, 0.0587087534368, 0.0451858080924, 0.158770769835, 0.135018184781, 1.23621237278, 0.0302899815142, 0.0190974865109, 0.0172931291163, 0.0101134749129, 0.00669424049556, 0.00484056631103, 0.00240065250546, 0.0892050936818, 0.00065402634209, 0.000211992679397, 5.66853450437e-05, 7.87202498032e-06, 1.32687546284e-07],
        "dvar2": [0.103082060814, 1.65378773212, 10.1236867905, 103.341621399, 45.9868164062, 62.6922569275, 2770.6940918, 72.5662078857, 13.6647901535, 6.20616197586, 274.208374023, 12.5786590576, 1543.4239502, 60.9854621887, 69.840637207, 5.31531190872, 1.12645971775, 0.943561971188, 0.553146839142, 1.54575634003, 0.100317075849, 0.216625228524, 0.158376887441, 0.126872524619, 0.412235051394, 0.341701626778, 2.31999993324, 0.062206145376, 0.0538759119809, 0.0467014275491, 0.022293439135, 0.0179003942758, 0.00952314492315, 0.00472167227417, 0.182526424527, 0.00152385700494, 0.000482401985209, 0.000106874904304, 1.78068694368e-05, 2.75459797194e-07],
        "max": [0.803265035152, 3.09260082245, 13.3059825897, 43.4550933838, 23.4012508392, 40.8474159241, 357.546203613, 58.688659668, 18.2506828308, 13.1154336929, 125.219184875, 38.6913833618, 350.581787109, 44.1396751404, 35.2180480957, 9.36788082123, 5.40776014328, 5.68724536896, 3.54178261757, 6.1296544075, 2.81847691536, 2.4460875988, 1.88405311108, 1.50472533703, 2.51462054253, 2.59603905678, 13.1515274048, 1.48105561733, 1.21515500546, 1.25528144836, 0.783665657043, 0.743510127068, 0.637410163879, 0.660468518734, 2.98908805847, 0.282840698957, 0.116186454892, 0.0525111928582, 0.0226443484426, 0.00309757282957],
        "mean": [0.211600184441, 0.961786091328, 2.9277908802, 13.5933256149, 9.44666385651, 24.9551753998, 233.061477661, 36.8454551697, 8.73937797546, 6.01981782913, 47.7610778809, 17.3543777466, 140.785003662, 13.3668088913, 4.21741294861, 1.74679338932, 1.52182519436, 1.37694740295, 1.29165041447, 2.13570165634, 0.9902099967, 0.831356823444, 0.911074578762, 0.962373316288, 1.30351400375, 1.43658137321, 2.1916744709, 0.771342337132, 0.63625484705, 0.592783987522, 0.509732544422, 0.437791526318, 0.362388640642, 0.276821941137, 0.33981192112, 0.13325317204, 0.0840930491686, 0.0412585400045, 0.0153081277385, 0.0021776612848],
        "median": [0.162560909986, 0.812692224979, 2.51785421371, 12.6141624451, 7.60057353973, 24.0055580139, 227.68560791, 37.0822677612, 8.36873054504, 5.66841077805, 41.5234527588, 12.7296657562, 83.2745666504, 8.95107364655, 3.34414839745, 1.46308016777, 1.44048702717, 1.18203401566, 1.16207802296, 1.47141623497, 0.904319941998, 0.749044775963, 0.905458331108, 0.927980840206, 1.31246817112, 1.39520657063, 1.31187283993, 0.748892366886, 0.614481210709, 0.590664803982, 0.492419719696, 0.412230819464, 0.351207941771, 0.271495729685, 0.195837855339, 0.134641751647, 0.0830991715193, 0.0420702286065, 0.015745587647, 0.0021793320775],
        "min": [0.00153720052913, 0.00445408001542, 0.00713418936357, 0.0204836837947, 0.129685401917, 0.641684412956, 1.28758442402, 0.704332828522, 0.123169846833, 0.128187462687, 0.560569763184, 0.31076169014, 0.778233706951, 0.421681791544, 0.171487957239, 0.0748771429062, 0.125772058964, 0.0544134788215, 0.0338388644159, 0.0437059700489, 0.0471836850047, 0.0617757625878, 0.0790356174111, 0.0166846364737, 0.0415774658322, 0.0302119981498, 0.0412573777139, 0.00736525468528, 0.00986142642796, 0.00651962077245, 0.0113461259753, 0.00839980319142, 0.00611094338819, 0.00394235411659, 0.00511354301125, 0.00337177072652, 0.00237700901926, 0.00109529111069, 0.00036356903729, 8.20412897156e-05],
        "var": [0.0321531891823, 0.494530290365, 3.86875891685, 45.8665161133, 33.4253807068, 43.5916671753, 3597.45214844, 86.9129257202, 11.8652944565, 6.07389688492, 498.527587891, 91.4203720093, 10449.8623047, 93.1871871948, 21.1356506348, 1.872797966, 0.708811700344, 0.704732179642, 0.349321335554, 2.27472257614, 0.158881098032, 0.161709189415, 0.109166190028, 0.087935462594, 0.222000211477, 0.246190026402, 5.11654567719, 0.0671124979854, 0.0365947522223, 0.0299517791718, 0.0161979626864, 0.0135946469381, 0.00902379024774, 0.00671872124076, 0.219465762377, 0.0013016712619, 0.000294046127237, 5.88723050896e-05, 9.01573821466e-06, 1.64260143265e-07]
    },
    "gfcc": {
        "mean": [12.883893013, 93.0070114136, -31.2532482147, -0.941021025181, -56.0108757019, -13.4685573578, -21.2099304199, 1.56809020042, -23.0380573273, -8.01620864868, -21.344083786, -2.6899394989, 4.83684158325],
        "cov": [[822.421875, 82.4893875122, 70.0680465698, 41.475730896, -45.7753715515, 28.0983219147, 30.5585536957, 21.103219986, 3.69874930382, -9.9717168808, -60.1122550964, -30.8832607269, 20.2733039856], [82.4893875122, 52.0929718018, 9.80185508728, -5.13327217102, 5.46956062317, 16.0484676361, 20.2985248566, 18.4559345245, 22.5766429901, -1.45822715759, -7.02827739716, 2.22044658661, 5.72018909454], [70.0680465698, 9.80185508728, 53.0898475647, 30.4680576324, 7.30014657974, 7.78382301331, 9.96600437164, 9.83561134338, 9.76960659027, 12.8208827972, 7.30189800262, 0.391172289848, -1.55258917809], [41.475730896, -5.13327217102, 30.4680576324, 38.743434906, 12.5103607178, 2.96926283836, 7.26763105392, 3.88135695457, 0.514787733555, 12.5929775238, 12.8425960541, 1.19197416306, -3.4748840332], [-45.7753715515, 5.46956062317, 7.30014657974, 12.5103607178, 26.1539783478, 7.8819437027, 6.23659563065, 4.94654989243, 11.697716713, 9.29300117493, 19.8920936584, 8.45706367493, -8.3835105896], [28.0983219147, 16.0484676361, 7.78382301331, 2.96926283836, 7.8819437027, 23.1969833374, 16.0782737732, 10.9421205521, 4.36615610123, 3.14366102219, 5.07971048355, 8.43160820007, 3.76622104645], [30.5585536957, 20.2985248566, 9.96600437164, 7.26763105392, 6.23659563065, 16.0782737732, 26.4189796448, 13.9296607971, 5.42391443253, 5.69943284988, 5.26005792618, 5.51820468903, 6.2216463089], [21.103219986, 18.4559345245, 9.83561134338, 3.88135695457, 4.94654989243, 10.9421205521, 13.9296607971, 19.7934761047, 6.69915676117, 0.296302527189, -1.2266215086, 3.55173039436, 8.05512714386], [3.69874930382, 22.5766429901, 9.76960659027, 0.514787733555, 11.697716713, 4.36615610123, 5.42391443253, 6.69915676117, 33.4925613403, 10.9502439499, 7.65946626663, 5.09444665909, -1.45367920399], [-9.9717168808, -1.45822715759, 12.8208827972, 12.5929775238, 9.29300117493, 3.14366102219, 5.69943284988, 0.296302527189, 10.9502439499, 19.0560131073, 15.3447399139, 1.99473404884, -2.43925070763], [-60.1122550964, -7.02827739716, 7.30189800262, 12.8425960541, 19.8920936584, 5.07971048355, 5.26005792618, -1.2266215086, 7.65946626663, 15.3447399139, 36.3812446594, 11.7460393906, -13.4776191711], [-30.8832607269, 2.22044658661, 0.391172289848, 1.19197416306, 8.45706367493, 8.43160820007, 5.51820468903, 3.55173039436, 5.09444665909, 1.99473404884, 11.7460393906, 18.5396728516, 3.17780065536], [20.2733039856, 5.72018909454, -1.55258917809, -3.4748840332, -8.3835105896, 3.76622104645, 6.2216463089, 8.05512714386, -1.45367920399, -2.43925070763, -13.4776191711, 3.17780065536, 22.3975639343]],
        "icov": [[0.00306957121938, -0.00719773489982, 0.000344392145053, -0.00872546713799, 0.00998215284199, -0.00578781496733, 0.00271788728423, 0.00305083394051, -0.000100677345472, 0.00101412949152, 0.000895564677194, 0.0024133711122, 0.000887778878678], [-0.00719773489982, 0.0907087624073, -0.00950207095593, 0.0331249944866, -0.0291885137558, -0.00284550478682, -0.0508676990867, -0.0207133628428, -0.0511980131269, 0.0359641239047, 0.0140021918342, 0.00911560561508, 0.00668805604801], [0.000344392145053, -0.00950207095593, 0.0488177239895, -0.0422951579094, 0.0245096292347, -0.011278161779, 0.012397704646, -0.0182217173278, -0.00701700523496, -0.0166902784258, 0.00515632610768, -0.00490212952718, 0.0146423252299], [-0.00872546713799, 0.0331249944866, -0.0422951579094, 0.102527499199, -0.067107103765, 0.0341585949063, -0.0268089994788, -0.00669213011861, 0.0204169992357, -0.0205830018967, 0.00270997569896, -0.00371537148021, -0.00735434843227], [0.00998215284199, -0.0291885137558, 0.0245096292347, -0.067107103765, 0.139509946108, -0.0400832779706, 0.0247878488153, -0.0178531259298, -0.0236371662468, 0.00271828309633, -0.027380052954, -0.00729937246069, 0.0315229743719], [-0.00578781496733, -0.00284550478682, -0.011278161779, 0.0341585949063, -0.0400832779706, 0.111850321293, -0.0403749831021, -0.0192678067833, 0.0273468028754, -0.0258263275027, 0.0134681537747, -0.0427654609084, 0.0079512661323], [0.00271788728423, -0.0508676990867, 0.012397704646, -0.0268089994788, 0.0247878488153, -0.0403749831021, 0.120037600398, -0.0299672223628, 0.0298068169504, -0.0358490422368, -0.0212614946067, 0.000708615640178, -0.0141323450953], [0.00305083394051, -0.0207133628428, -0.0182217173278, -0.00669213011861, -0.0178531259298, -0.0192678067833, -0.0299672223628, 0.131365284324, -0.011001159437, 0.0453444086015, -0.0158926472068, 0.0260209292173, -0.0511665083468], [-0.000100677345472, -0.0511980131269, -0.00701700523496, 0.0204169992357, -0.0236371662468, 0.0273468028754, 0.0298068169504, -0.011001159437, 0.0951375961304, -0.0764081254601, 0.0147487120703, -0.0324994586408, 0.00941810384393], [0.00101412949152, 0.0359641239047, -0.0166902784258, -0.0205830018967, 0.00271828309633, -0.0258263275027, -0.0358490422368, 0.0453444086015, -0.0764081254601, 0.186530053616, -0.0797270834446, 0.0729985758662, -0.0584198348224], [0.000895564677194, 0.0140021918342, 0.00515632610768, 0.00270997569896, -0.027380052954, 0.0134681537747, -0.0212614946067, -0.0158926472068, 0.0147487120703, -0.0797270834446, 0.127383291721, -0.0737471580505, 0.0748897492886], [0.0024133711122, 0.00911560561508, -0.00490212952718, -0.00371537148021, -0.00729937246069, -0.0427654609084, 0.000708615640178, 0.0260209292173, -0.0324994586408, 0.0729985758662, -0.0737471580505, 0.134266451001, -0.0681110844016], [0.000887778878678, 0.00668805604801, 0.0146423252299, -0.00735434843227, 0.0315229743719, 0.0079512661323, -0.0141323450953, -0.0511665083468, 0.00941810384393, -0.0584198348224, 0.0748897492886, -0.0681110844016, 0.123776778579]]
    },
    "melbands": {
        "dmean": [0.00147225905675, 0.000914901611395, 0.000952181988396, 0.000225270487135, 0.00103519763798, 0.000189448444871, 4.42237433163e-05, 2.51683886745e-05, 7.13606423233e-05, 1.96938544832e-05, 0.000109414635517, 1.19518817883e-05, 9.33926730795e-06, 4.24684640166e-06, 2.19038679461e-06, 1.77767719833e-06, 1.52364521e-06, 9.92874106487e-07, 9.61702198765e-07, 7.82040842751e-07, 3.61268888582e-07, 4.25332302711e-07, 2.73121912642e-07, 2.71505854244e-07, 2.79176362028e-07, 3.97917489181e-07, 3.89355221841e-07, 3.8189509155e-07, 6.22269396899e-07, 2.57532036585e-07, 1.03176063249e-07, 1.28597847038e-07, 8.91346871867e-08, 1.16760446645e-07, 8.05922795166e-08, 6.82693297449e-08, 7.48229709302e-08, 7.16887811336e-08, 7.09839795832e-08, 4.08049878331e-08],
        "dmean2": [0.00265028164722, 0.00161203742027, 0.00159920740407, 0.000393209018512, 0.00152920221444, 0.000288544077193, 6.63714235998e-05, 3.71880778403e-05, 0.00010378233128, 3.34214237228e-05, 0.000181953830179, 2.02193677978e-05, 1.6400936147e-05, 7.38693597668e-06, 3.83717906516e-06, 2.91864580504e-06, 2.49414279097e-06, 1.67703399256e-06, 1.6314502318e-06, 1.32765740091e-06, 5.84539634474e-07, 7.46517741845e-07, 4.62258640255e-07, 4.25711448315e-07, 4.69186261398e-07, 6.81575158978e-07, 6.80143216414e-07, 6.51188145184e-07, 9.53601954734e-07, 4.11143901147e-07, 1.70744556272e-07, 2.13866570675e-07, 1.26281690882e-07, 2.10679147017e-07, 1.33861206564e-07, 1.14715270172e-07, 1.17677451783e-07, 1.15023247815e-07, 1.21331069636e-07, 6.39944062186e-08],
        "dvar": [1.74391539076e-06, 6.50171216421e-07, 8.11701056591e-07, 4.43697416586e-08, 1.71970145857e-06, 5.10439299717e-08, 1.10976572376e-09, 5.34400912411e-10, 8.02387933874e-09, 3.78234388254e-10, 2.03709138447e-08, 2.70662742219e-10, 3.31986355073e-10, 5.41071944193e-11, 3.91756202131e-12, 2.2170672416e-12, 2.19826479068e-12, 5.21277140376e-13, 9.43176418043e-13, 5.24002553588e-13, 1.13693329382e-13, 2.25497057008e-13, 4.3764992986e-14, 5.84918195151e-14, 4.29136266182e-14, 1.09939069296e-13, 8.22303108852e-14, 7.77848583613e-14, 5.87954218732e-13, 5.37691500482e-14, 8.01720580928e-15, 7.6344646547e-15, 3.38758757035e-15, 7.19817831236e-15, 4.00268976763e-15, 3.35609890878e-15, 3.35463947101e-15, 3.35921069607e-15, 2.55444109299e-15, 1.3307558875e-15],
        "dvar2": [5.92371634411e-06, 1.75488514742e-06, 2.24779068958e-06, 9.09806914251e-08, 2.38133884523e-06, 6.98668074506e-08, 2.53638954284e-09, 8.7628182488e-10, 1.43500091809e-08, 9.15111819655e-10, 3.70973829433e-08, 8.42975189652e-10, 9.46491884868e-10, 1.56121268691e-10, 1.01112113474e-11, 5.72907520036e-12, 4.40693271805e-12, 1.65641079412e-12, 1.90065714903e-12, 1.56998242531e-12, 1.78491146559e-13, 5.41456473841e-13, 9.35887042234e-14, 1.3311701459e-13, 1.22650316552e-13, 3.04187637535e-13, 2.22514199991e-13, 1.88255484877e-13, 1.07196564993e-12, 1.18053041843e-13, 1.338924885e-14, 2.41822197439e-14, 8.72465958529e-15, 1.69747706559e-14, 8.69159819529e-15, 8.94761898579e-15, 9.01727474021e-15, 7.39068179621e-15, 6.30923205729e-15, 3.13052916448e-15],
        "max": [0.00581799633801, 0.00551863387227, 0.00607908004895, 0.00151945080142, 0.00992003921419, 0.0019521630602, 0.000237571090111, 0.000227046068176, 0.000912040472031, 0.000304319662973, 0.00172463734634, 0.000136932096211, 0.000127809602418, 5.30145262019e-05, 1.38771201819e-05, 9.92219065665e-06, 1.09447973955e-05, 5.66993094253e-06, 7.64204742154e-06, 5.46843511984e-06, 3.51755693373e-06, 3.21180846186e-06, 1.64510902323e-06, 1.79875883077e-06, 1.31122214952e-06, 1.98118686967e-06, 2.01945476874e-06, 1.72477200522e-06, 9.29588986764e-06, 2.7583382689e-06, 6.7055668751e-07, 6.93230106208e-07, 5.36021161679e-07, 7.141031233e-07, 4.90820184496e-07, 5.40679764072e-07, 4.47230803502e-07, 4.52455196864e-07, 4.54695310736e-07, 3.60441561043e-07],
        "mean": [0.00164258026052, 0.00143099459819, 0.00209876103327, 0.000528191565536, 0.00651584751904, 0.00120881595649, 0.000109264001367, 0.000106911444163, 0.000344695232343, 0.000127700099256, 0.000687793595716, 3.16347686748e-05, 1.56156602316e-05, 5.85629140915e-06, 3.58255533683e-06, 3.10015298055e-06, 2.51809046858e-06, 1.97799477064e-06, 2.81499092125e-06, 2.04804177883e-06, 1.03879358448e-06, 8.92168657174e-07, 7.61317551223e-07, 7.96910740064e-07, 7.43086332022e-07, 9.9729845715e-07, 8.95303969628e-07, 8.91773026979e-07, 1.60228444201e-06, 6.67079632422e-07, 3.71519632836e-07, 3.76673369828e-07, 3.05118362576e-07, 3.41868826581e-07, 2.97351931522e-07, 2.66937917104e-07, 2.6530912578e-07, 2.55397679894e-07, 2.30742486451e-07, 2.17328334884e-07],
        "median": [0.00124085356947, 0.00142424693331, 0.0018615256995, 0.00040709413588, 0.00632843095809, 0.00120434246492, 0.000103041747934, 9.56041330937e-05, 0.00032152235508, 8.16490210127e-05, 0.000405507511459, 2.17508477363e-05, 1.33335906867e-05, 4.01124862037e-06, 3.14657677336e-06, 2.71788030659e-06, 2.06919207812e-06, 1.7298699504e-06, 1.92394827536e-06, 1.54195993218e-06, 1.01100044958e-06, 7.7668130416e-07, 7.19033437235e-07, 7.07240985776e-07, 7.21134824744e-07, 9.31532440518e-07, 8.71510565048e-07, 8.89047782948e-07, 9.44116209212e-07, 5.84058170716e-07, 3.51797552867e-07, 3.5789568642e-07, 2.90886447374e-07, 3.39936832461e-07, 3.03032891225e-07, 2.50118688427e-07, 2.49660558893e-07, 2.46933325343e-07, 2.29466635915e-07, 2.17145583292e-07],
        "min": [1.30487669594e-05, 4.40986150352e-06, 5.3453863984e-06, 2.50735647569e-05, 4.40766489191e-05, 1.6664598661e-05, 1.49504535329e-06, 1.89295167274e-06, 4.62461548523e-06, 1.84333975994e-06, 3.9550254769e-06, 1.81401856025e-06, 6.9707749617e-07, 1.43295963539e-07, 3.34472105123e-07, 2.13195136212e-07, 8.4635715325e-08, 5.05965616071e-08, 5.97606515385e-08, 5.1906862808e-08, 5.52844667823e-08, 4.73760088937e-08, 1.08935438448e-07, 3.85792873203e-08, 9.57708135019e-09, 1.76836643107e-08, 3.93351449191e-08, 1.37202249562e-08, 3.44178090472e-08, 7.8689375016e-09, 2.87143375743e-09, 5.61674839972e-09, 5.14977838151e-09, 3.12545211933e-09, 6.98776947416e-09, 4.56611548572e-09, 5.69627278679e-09, 4.72892702774e-09, 2.79536749304e-09, 3.51709750213e-09],
        "var": [1.70627481566e-06, 7.47514775412e-07, 1.04278353774e-06, 9.46034504068e-08, 2.81025222648e-06, 9.27830683395e-08, 2.10518158461e-09, 1.99851735161e-09, 2.59020769278e-08, 6.50200160379e-09, 2.50720233907e-07, 7.60612961503e-10, 2.73379763271e-10, 5.13668448054e-11, 5.17482324353e-12, 3.10720264622e-12, 2.83455854275e-12, 9.02010345756e-13, 3.35815078002e-12, 1.58279140662e-12, 2.28584458219e-13, 2.84208502002e-13, 8.06862104799e-14, 1.19512418625e-13, 7.23171793716e-14, 1.65723568223e-13, 1.25642429945e-13, 1.07485140309e-13, 2.85638114723e-12, 1.76367302923e-13, 1.43977626994e-14, 1.63102750029e-14, 9.37249579433e-15, 1.2848954485e-14, 6.29928873752e-15, 6.34263861321e-15, 6.65087644382e-15, 5.70025136712e-15, 4.77392300699e-15, 2.57741834399e-15]
    },
    "mfcc": {
        "mean": [-669.88092041, 155.215240479, 55.7829246521, 24.2752513885, -7.79248666763, -8.76344966888, -1.14357972145, -1.39686989784, 5.64811468124, 5.15684366226, -10.6425657272, -12.2423686981, -9.10103702545],
        "cov": [[802.939453125, 37.7153549194, 82.1641464233, 22.5972576141, -36.0898704529, 9.29270935059, -4.80977010727, 7.67114543915, 53.9476509094, 27.8204479218, -6.17190265656, -48.9981689453, -12.9051246643], [37.7153549194, 41.5353736877, 1.92963254452, -13.9590702057, -4.07817029953, -0.808751940727, -3.09022283554, 17.8921508789, 20.690782547, 14.5399580002, 3.63962006569, -13.667263031, 4.86253547668], [82.1641464233, 1.92963254452, 46.2250823975, 21.9772167206, 3.67873334885, 5.56366109848, 2.21349644661, -0.939840197563, 7.32746076584, 10.6440629959, 7.71216011047, 2.18473505974, 0.890478134155], [22.5972576141, -13.9590702057, 21.9772167206, 34.0945129395, 10.3077478409, 3.06922245026, 5.62655830383, -6.81797075272, -1.52803361416, 3.98036050797, 6.45088911057, 12.1842441559, -0.860794365406], [-36.0898704529, -4.07817029953, 3.67873334885, 10.3077478409, 26.0126132965, 4.45919704437, -1.1778768301, -1.35944104195, -10.2047224045, 2.45840835571, 18.5863666534, 9.1796503067, 2.23434877396], [9.29270935059, -0.808751940727, 5.56366109848, 3.06922245026, 4.45919704437, 15.9691181183, 6.69681501389, 2.2370402813, -2.00918912888, -0.334111690521, 7.9662399292, 9.54539585114, 4.36951255798], [-4.80977010727, -3.09022283554, 2.21349644661, 5.62655830383, -1.1778768301, 6.69681501389, 32.1234130859, 9.97790813446, -6.01972198486, -4.1900844574, -0.347548216581, 14.9775781631, 7.91094684601], [7.67114543915, 17.8921508789, -0.939840197563, -6.81797075272, -1.35944104195, 2.2370402813, 9.97790813446, 28.124956131, 9.74769687653, -1.3166488409, -3.18275380135, 0.449380278587, 6.9338388443], [53.9476509094, 20.690782547, 7.32746076584, -1.52803361416, -10.2047224045, -2.00918912888, -6.01972198486, 9.74769687653, 32.9803466797, 10.4018974304, -12.5164518356, -9.50266075134, -1.63384580612], [27.8204479218, 14.5399580002, 10.6440629959, 3.98036050797, 2.45840835571, -0.334111690521, -4.1900844574, -1.3166488409, 10.4018974304, 26.9720058441, 13.0252370834, -5.73796749115, 0.0824131295085], [-6.17190265656, 3.63962006569, 7.71216011047, 6.45088911057, 18.5863666534, 7.9662399292, -0.347548216581, -3.18275380135, -12.5164518356, 13.0252370834, 33.748752594, 9.86837673187, 4.40561199188], [-48.9981689453, -13.667263031, 2.18473505974, 12.1842441559, 9.1796503067, 9.54539585114, 14.9775781631, 0.449380278587, -9.50266075134, -5.73796749115, 9.86837673187, 32.5742721558, 7.41748714447], [-12.9051246643, 4.86253547668, 0.890478134155, -0.860794365406, 2.23434877396, 4.36951255798, 7.91094684601, 6.9338388443, -1.63384580612, 0.0824131295085, 4.40561199188, 7.41748714447, 15.6704492569]],
