{
"lowlevel": {
    "average_loudness": 0.900828123093,
    "barkbands_crest": {
        "dmean": 0.760020256042,
        "dmean2": 1.25034046173,
        "dvar": 2.48139286041,
        "dvar2": 4.36926317215,
        "max": 24.9183502197,
        "mean": 17.5385723114,
        "median": 17.9656448364,
        "min": 6.99932432175,
        "var": 14.8763065338
    },
    "barkbands_flatness_db": {
        "dmean": 0.0163816604763,
        "dmean2": 0.0223516300321,
        "dvar": 0.000789255078416,
        "dvar2": 0.00149656378198,
        "max": 0.473508268595,
        "mean": 0.358041226864,
        "median": 0.387623786926,
        "min": 0.103042513132,
        "var": 0.00637532863766
    },
    "barkbands_kurtosis": {
        "dmean": 28.6792316437,
        "dmean2": 52.3485794067,
        "dvar": 2199.23242188,
        "dvar2": 6214.96777344,
        "max": 353.911804199,
        "mean": 49.3722305298,
        "median": 39.7425270081,
        "min": 1.60526847839,
        "var": 2389.42553711
    },
    "barkbands_skewness": {
        "dmean": 1.13328099251,
        "dmean2": 2.01567077637,
        "dvar": 2.10173106194,
        "dvar2": 5.3519077301,
        "max": 7.20084047318,
        "mean": -1.14013850689,
        "median": -1.5294803381,
        "min": -3.475720644,
        "var": 3.38967633247
    },
    "barkbands_spread": {
        "dmean": 0.654658913612,
        "dmean2": 1.09990346432,
        "dvar": 0.909501314163,
        "dvar2": 2.24898171425,
        "max": 15.4609889984,
        "mean": 2.34709811211,
        "median": 0.818563759327,
        "min": 0.312103360891,
        "var": 10.3207168579
    },
    "dissonance": {
        "dmean": 0.068838223815,
        "dmean2": 0.113713778555,
        "dvar": 0.00406803144142,
        "dvar2": 0.0110449530184,
        "max": 0.484506368637,
        "mean": 0.234939470887,
        "median": 0.219875410199,
        "min": 0.0989795476198,
        "var": 0.00771100120619
    },
    "dynamic_complexity": 4.67647409439,
    "erbbands_crest": {
        "dmean": 0.683151721954,
        "dmean2": 0.974275410175,
        "dvar": 3.56673979759,
        "dvar2": 5.5931892395,
        "max": 33.2996711731,
        "mean": 25.43932724,
        "median": 24.6731357574,
        "min": 12.3329696655,
        "var": 13.6611070633
    },
    "erbbands_flatness_db": {
        "dmean": 0.0158221274614,
        "dmean2": 0.0230438467115,
        "dvar": 0.000875605386682,
        "dvar2": 0.00176546501461,
        "max": 0.526128590107,
        "mean": 0.39546957612,
        "median": 0.427422404289,
        "min": 0.13433919847,
        "var": 0.00728598143905
    },
    "erbbands_kurtosis": {
        "dmean": 15.9770059586,
        "dmean2": 24.0518760681,
        "dvar": 1210.87060547,
        "dvar2": 2164.34350586,
        "max": 330.43359375,
        "mean": 119.905044556,
        "median": 116.778907776,
        "min": 5.4716758728,
        "var": 6261.51171875
    },
    "erbbands_skewness": {
        "dmean": 0.955839693546,
        "dmean2": 1.58132374287,
        "dvar": 1.16936480999,
        "dvar2": 1.87306404114,
        "max": 10.627322197,
        "mean": 4.24903774261,
        "median": 4.29600048065,
        "min": -0.996140003204,
        "var": 6.20606565475
    },
    "erbbands_spread": {
        "dmean": 0.402246177197,
        "dmean2": 0.561423242092,
        "dvar": 1.44027912617,
        "dvar2": 2.13056159019,
        "max": 18.3476734161,
        "mean": 1.53256046772,
        "median": 0.535019636154,
        "min": 0.338411003351,
        "var": 7.91964149475
    },
    "hfc": {
        "dmean": 1.26295399666,
        "dmean2": 1.4716823101,
        "dvar": 9.69027042389,
        "dvar2": 19.4351291656,
        "max": 48.5207443237,
        "mean": 8.77799797058,
        "median": 5.56053066254,
        "min": 0.00278868479654,
        "var": 97.9813613892
    },
    "melbands_crest": {
        "dmean": 1.51194512844,
        "dmean2": 2.45246887207,
        "dvar": 6.43203783035,
        "dvar2": 16.0461502075,
        "max": 31.1850509644,
        "mean": 26.9903812408,
        "median": 29.6121311188,
        "min": 9.0869140625,
        "var": 23.659778595
    },
    "melbands_flatness_db": {
        "dmean": 0.0165592189878,
        "dmean2": 0.023819738999,
        "dvar": 0.000982130761258,
        "dvar2": 0.00176648446359,
        "max": 0.575334608555,
        "mean": 0.465582370758,
        "median": 0.495776295662,
        "min": 0.200923755765,
        "var": 0.00640396866947
    },
    "melbands_kurtosis": {
        "dmean": 11.908867836,
        "dmean2": 21.4269447327,
        "dvar": 218.806686401,
        "dvar2": 684.294006348,
        "max": 97.6138305664,
        "mean": 24.1655464172,
        "median": 21.3398551941,
        "min": -1.20794188976,
        "var": 449.609558105
    },
    "melbands_skewness": {
        "dmean": 0.57599902153,
        "dmean2": 0.962274610996,
        "dvar": 0.454833865166,
        "dvar2": 0.681486427784,
        "max": 2.45390868187,
        "mean": -3.05763506889,
        "median": -3.50826001167,
        "min": -5.53052854538,
        "var": 3.12011480331
    },
    "melbands_spread": {
        "dmean": 1.10979259014,
        "dmean2": 1.8602411747,
        "dvar": 1.29372358322,
        "dvar2": 3.54864263535,
        "max": 15.3797492981,
        "mean": 3.6398999691,
        "median": 1.61939322948,
        "min": 0.437276721001,
        "var": 16.3897686005
    },
    "pitch_salience": {
        "dmean": 0.0529133938253,
        "dmean2": 0.0780648291111,
        "dvar": 0.00708681624383,
        "dvar2": 0.013123142533,
        "max": 0.823537766933,
        "mean": 0.199159100652,
        "median": 0.139103740454,
        "min": 0.0479679293931,
        "var": 0.0215379875153
    },
    "silence_rate_20dB": {
        "dmean": 0,
        "dmean2": 0,
        "dvar": 0,
        "dvar2": 0,
        "max": 1,
        "mean": 1,
        "median": 1,
        "min": 1,
        "var": 0
    },
    "silence_rate_30dB": {
        "dmean": 0,
        "dmean2": 0,
        "dvar": 0,
        "dvar2": 0,
        "max": 1,
        "mean": 1,
        "median": 1,
        "min": 1,
        "var": 0
    },
    "silence_rate_60dB": {
        "dmean": 0.0111111113802,
        "dmean2": 0.0224719103426,
        "dvar": 0.0109876496717,
        "dvar2": 0.0219669193029,
        "max": 1,
        "mean": 0.252747267485,
        "median": 0,
        "min": 0,
        "var": 0.188866078854
    },
    "spectral_centroid": {
        "dmean": 7.73490667343,
        "dmean2": 10.9268951416,
        "dvar": 227.950714111,
        "dvar2": 444.552307129,
        "max": 665.391113281,
        "mean": 594.295043945,
        "median": 618.346069336,
        "min": 457.460174561,
        "var": 2571.39501953
    },
    "spectral_complexity": {
        "dmean": 0.744444429874,
        "dmean2": 1.2471909523,
        "dvar": 1.16802501678,
        "dvar2": 1.66923260689,
        "max": 13,
        "mean": 2.50549459457,
        "median": 2,
        "min": 0,
        "var": 4.38183736801
    },
    "spectral_decrease": {
        "dmean": 5.31462818198e-10,
        "dmean2": 6.68027744233e-10,
        "dvar": 1.62097332045e-18,
        "dvar2": 3.38018154935e-18,
        "max": -7.87684262434e-13,
        "mean": -3.71247987907e-09,
        "median": -2.67724820091e-09,
        "min": -1.9458781253e-08,
        "var": 1.58897640271e-17
    },
    "spectral_energy": {
        "dmean": 0.00212008133531,
        "dmean2": 0.00265286886133,
        "dvar": 2.58351683442e-05,
        "dvar2": 5.37574669579e-05,
        "max": 0.0778422653675,
        "mean": 0.0148078966886,
        "median": 0.0106089236215,
        "min": 3.22584037349e-06,
        "var": 0.000254044105532
    },
    "spectral_energyband_high": {
        "dmean": 1.40911902236e-06,
        "dmean2": 2.34964841184e-06,
        "dvar": 3.88140596053e-11,
        "dvar2": 1.03156726217e-10,
        "max": 4.14679234382e-05,
        "mean": 2.82539213003e-06,
        "median": 2.10683538171e-06,
        "min": 6.93238320082e-08,
        "var": 2.36623273059e-11
    },
    "spectral_energyband_low": {
        "dmean": 0.000111430024845,
        "dmean2": 0.000186642428162,
        "dvar": 3.74538622339e-08,
        "dvar2": 8.74126513395e-08,
        "max": 0.00166361476295,
        "mean": 0.00017048974405,
        "median": 0.000112465553684,
        "min": 5.89008266161e-07,
        "var": 4.70052690105e-08
    },
    "spectral_energyband_middle_high": {
        "dmean": 0.000144587844261,
        "dmean2": 0.000232828882872,
        "dvar": 1.89017754337e-07,
        "dvar2": 3.51932925469e-07,
        "max": 0.00508634233847,
        "mean": 0.000362332211807,
        "median": 7.7915356087e-06,
        "min": 2.82411804164e-07,
        "var": 1.07846346964e-06
    },
    "spectral_energyband_middle_low": {
        "dmean": 0.0020174193196,
        "dmean2": 0.00253560277633,
        "dvar": 2.45332721533e-05,
        "dvar2": 5.28409109393e-05,
        "max": 0.0735940113664,
        "mean": 0.0143258599564,
        "median": 0.0103327026591,
        "min": 2.46330273512e-06,
        "var": 0.000230826888583
    },
    "spectral_entropy": {
        "dmean": 0.16782695055,
        "dmean2": 0.244203746319,
        "dvar": 0.120575807989,
        "dvar2": 0.210731953382,
        "max": 7.55189371109,
        "mean": 4.95518398285,
        "median": 4.55108547211,
        "min": 4.07922267914,
        "var": 0.825901150703
    },
    "spectral_flux": {
        "dmean": 0.00688295252621,
        "dmean2": 0.0112751228735,
        "dvar": 0.00024599590688,
        "dvar2": 0.000441165757366,
        "max": 0.140604808927,
        "mean": 0.0181587859988,
        "median": 0.0094178635627,
        "min": 0.00526095367968,
        "var": 0.000587660353631
    },
    "spectral_kurtosis": {
        "dmean": 6.68079948425,
        "dmean2": 9.71462059021,
        "dvar": 112.548164368,
        "dvar2": 256.113616943,
        "max": 145.229782104,
        "mean": 36.5989074707,
        "median": 31.4699287415,
        "min": 3.69179058075,
        "var": 777.353393555
    },
    "spectral_rms": {
        "dmean": 0.000214007624891,
        "dmean2": 0.000252208148595,
        "dvar": 1.46325078276e-07,
        "dvar2": 2.80194882407e-07,
        "max": 0.00871456693858,
        "mean": 0.00329020642675,
        "median": 0.0032171679195,
        "min": 5.60995686101e-05,
        "var": 3.62128093911e-06
    },
    "spectral_rolloff": {
        "dmean": 3.828125,
        "dmean2": 6.29059886932,
        "dvar": 253.248657227,
        "dvar2": 481.414855957,
        "max": 689.0625,
        "mean": 603.638793945,
        "median": 624.462890625,
        "min": 495.263671875,
        "var": 2450.36791992
    },
    "spectral_skewness": {
        "dmean": 0.438919901848,
        "dmean2": 0.633060097694,
        "dvar": 0.370991528034,
        "dvar2": 0.795890450478,
        "max": 10.5643415451,
        "mean": 4.87429094315,
        "median": 4.84676647186,
        "min": 1.88271260262,
        "var": 3.01039409637
    },
    "spectral_spread": {
        "dmean": 360340.53125,
        "dmean2": 537985.9375,
        "dvar": 167495401472,
        "dvar2": 359808794624,
        "max": 8239848,
        "mean": 3178377.25,
        "median": 2864742.75,
        "min": 795548,
        "var": 2.10164790067e+12
    },
    "spectral_strongpeak": {
        "dmean": 0.158331245184,
        "dmean2": 0.136361032724,
        "dvar": 0.120981648564,
        "dvar2": 0.146394208074,
        "max": 6.35990571976,
        "mean": 2.40957641602,
        "median": 2.2088561058,
        "min": 0.00280600180849,
        "var": 2.18118429184
    },
    "zerocrossingrate": {
        "dmean": 0.00112304685172,
        "dmean2": 0.00146484375,
        "dvar": 9.14176234801e-06,
        "dvar2": 8.60450018081e-06,
        "max": 0.046875,
        "mean": 0.0280573926866,
        "median": 0.02783203125,
        "min": 0.01123046875,
        "var": 2.73857058346e-05
    },
    "barkbands": {
        "dmean": [3.63751678378e-06, 7.46811274439e-05, 4.73070176668e-05, 6.4500796725e-05, 0.000113319096272, 7.30811807443e-05, 0.000442706863396, 0.000826481205877, 0.00107352260966, 0.000140312171425, 8.64934918354e-06, 4.232667834e-06, 1.14125634809e-06, 6.66840321628e-07, 6.27128031283e-07, 4.77567198232e-07, 6.06837772921e-07, 3.55164502253e-07, 2.77956871741e-07, 2.76036104196e-07, 1.58270310635e-07, 1.31159055172e-07, 1.84837659845e-07, 2.6299539968e-07, 2.69943171816e-07, 2.53104957437e-07, 1.93018323102e-07],
        "dmean2": [6.56993142911e-06, 0.00013592162577, 8.83187822183e-05, 0.000107371612103, 0.000190923718037, 0.000121065015264, 0.000682747457176, 0.00108379684389, 0.00130268803332, 0.000223951370572, 1.60306390171e-05, 7.09901496521e-06, 1.60316164965e-06, 1.01370835637e-06, 1.03880506686e-06, 7.70193366861e-07, 1.11278177428e-06, 5.83141172683e-07, 4.48076519888e-07, 4.91871389841e-07, 2.32690481994e-07, 2.0637428122e-07, 3.16216045348e-07, 4.698629823e-07, 4.87650083869e-07, 4.4206444727e-07, 3.0341288948e-07],
        "dvar": [1.15617194638e-11, 1.18318261855e-08, 6.81073952791e-09, 7.69371766296e-08, 2.53822292962e-07, 1.40731501119e-07, 1.92897277884e-06, 5.73498618905e-06, 8.9230852609e-06, 1.74613376203e-07, 1.2110503711e-09, 9.79053504935e-11, 5.64584186694e-12, 2.76564643582e-12, 4.08105884156e-12, 2.98903675248e-12, 8.03349574363e-12, 2.13295006657e-12, 9.63894220517e-13, 1.08874389539e-12, 2.96218399202e-13, 2.53125808074e-13, 5.88753492573e-13, 1.49834810358e-12, 1.54693900918e-12, 1.27850898271e-12, 1.83049403543e-13],
        "dvar2": [3.69557891233e-11, 3.25124602796e-08, 1.87578361732e-08, 2.02733190235e-07, 5.47468175682e-07, 3.79096206871e-07, 3.87409227187e-06, 1.36258049679e-05, 1.73914504558e-05, 3.02466474977e-07, 2.92268764746e-09, 2.4092908224e-10, 9.18775559106e-12, 4.01938291678e-12, 9.87787889678e-12, 7.26907379775e-12, 2.30101788318e-11, 5.49547993917e-12, 2.24981274929e-12, 2.80952756719e-12, 4.55959597336e-13, 4.92829355884e-13, 1.56027838219e-12, 4.29694778023e-12, 4.46884152946e-12, 3.65812762027e-12, 3.80363411124e-13],
        "max": [1.77563761099e-05, 0.000750566483475, 0.000651738839224, 0.00229281652719, 0.00436950055882, 0.00296511105262, 0.0181733593345, 0.03112148121, 0.0413272827864, 0.00505078723654, 0.000279024650808, 8.65757465363e-05, 1.89309357665e-05, 1.42614499055e-05, 1.24573689391e-05, 1.03518696051e-05, 1.87982677744e-05, 9.82877645583e-06, 6.31628063275e-06, 6.99712336427e-06, 4.63284231955e-06, 3.67583970728e-06, 5.05493289893e-06, 8.27452913654e-06, 8.52394805406e-06, 7.85191059549e-06, 3.83339829568e-06],
        "mean": [3.93888603867e-06, 9.15470373002e-05, 5.4856598581e-05, 7.35181238269e-05, 0.000230587917031, 6.19252532488e-05, 0.00204523140565, 0.00415084138513, 0.00770530663431, 0.000360081117833, 1.34647225423e-05, 7.50084791434e-06, 1.85977319234e-06, 1.14870999823e-06, 7.71035786329e-07, 5.629413522e-07, 5.33441038897e-07, 3.92922459014e-07, 3.83679662264e-07, 3.8947490566e-07, 2.67763937245e-07, 2.08021390335e-07, 2.37424927718e-07, 3.04550667352e-07, 3.36594951023e-07, 4.23306886432e-07, 9.67397795648e-07],
        "median": [2.58466229752e-06, 5.90860508964e-05, 3.12261545332e-05, 1.63335225807e-05, 2.37591029872e-05, 5.12595534019e-06, 3.47478066942e-06, 0.00222243811004, 0.00397884240374, 2.38640132011e-06, 9.23485913518e-07, 1.31710305595e-06, 7.04434796717e-07, 3.56089202569e-07, 3.25968642301e-07, 1.87225992931e-07, 1.62383670954e-07, 1.42587936125e-07, 1.8847777028e-07, 1.98966532139e-07, 1.71502946955e-07, 1.29711054342e-07, 1.43030902677e-07, 1.64324788443e-07, 2.04398475034e-07, 3.08505576641e-07, 9.68717813521e-07],
        "min": [2.19997375872e-09, 9.60025161589e-08, 3.10867733333e-07, 3.14775491006e-07, 2.55479875477e-07, 6.12417849766e-08, 2.66190482989e-07, 8.33989474813e-07, 2.23733223947e-07, 7.37755883051e-08, 4.23166639507e-08, 6.33644958725e-08, 1.10768505479e-08, 1.70378839925e-08, 3.266393378e-08, 3.04028553444e-08, 4.24165058632e-09, 5.25776888693e-09, 1.2134010241e-08, 2.80819589804e-09, 8.25236501356e-09, 2.82879275559e-09, 5.32886934579e-09, 5.86123638513e-09, 4.55171056402e-09, 1.45808609631e-08, 2.92207875674e-08],
        "var": [1.38057724974e-11, 1.31857120778e-08, 6.082867543e-09, 6.83427430204e-08, 4.61728035361e-07, 1.067259916e-07, 1.99958831217e-05, 3.15334909828e-05, 0.000100069279142, 1.11692338578e-06, 1.78987702437e-09, 1.88689244784e-10, 8.94275539037e-12, 4.25230987575e-12, 3.02544794772e-12, 2.11808717267e-12, 4.42920700117e-12, 1.45366184368e-12, 7.3137329526e-13, 7.53178281462e-13, 2.71258465993e-13, 2.02237938852e-13, 3.61339132443e-13, 8.20399304047e-13, 8.37665332064e-13, 7.06927246776e-13, 1.91010605228e-13]
    },
    "erbbands": {
        "dmean": [0.00218152441084, 0.0170459039509, 0.0470343381166, 0.133115619421, 0.384211570024, 0.310247898102, 0.420617163181, 0.645855545998, 1.89341366291, 9.34120559692, 33.7992324829, 16.9397277832, 4.06610536575, 1.58218705654, 0.368592321873, 0.135751232505, 0.0611437857151, 0.0322458595037, 0.0252468083054, 0.0359238088131, 0.0245702713728, 0.0344658344984, 0.0214128103107, 0.01319848001, 0.0159333143383, 0.0110354302451, 0.00936147477478, 0.00567329768091, 0.00405900832266, 0.00620763655752, 0.00552499713376, 0.00718880910426, 0.00306808878668, 0.00257285777479, 0.00222029606812, 0.0011145863682, 0.000467490201117, 0.000151137297507, 3.01227828459e-05, 4.68596499559e-06],
        "dmean2": [0.00378597155213, 0.0307838134468, 0.0846237540245, 0.224362805486, 0.605706453323, 0.500842571259, 0.746312320232, 1.08147239685, 3.14479494095, 13.3643264771, 40.5512657166, 21.451335907, 6.40960836411, 2.05427360535, 0.682609081268, 0.221864745021, 0.0930093079805, 0.0479591824114, 0.0382511466742, 0.0634210705757, 0.0393000282347, 0.0632329061627, 0.0371579602361, 0.0186784043908, 0.0279285423458, 0.0189265031368, 0.0144914016128, 0.00848491117358, 0.00614733295515, 0.0107089523226, 0.00958392303437, 0.0131714884192, 0.00525617320091, 0.00454536499456, 0.00407037418336, 0.00199679634534, 0.00082597573055, 0.000259378808551, 4.90379388793e-05, 7.55557402954e-06],
        "dvar": [7.67774872656e-06, 0.000632026349194, 0.0049401265569, 0.302765578032, 2.88787126541, 1.89545488358, 4.20336151123, 10.6912851334, 38.0694313049, 703.300048828, 9664.2578125, 2227.78344727, 130.547805786, 20.6816730499, 2.25737595558, 0.100749373436, 0.0166684761643, 0.00709124933928, 0.00470631802455, 0.0172138791531, 0.00800573453307, 0.0263939984143, 0.00897452328354, 0.00179424090311, 0.00412671361119, 0.00166663248092, 0.000902290747035, 0.000443608849309, 0.000234225284657, 0.00068077625474, 0.000529821147211, 0.00127439387143, 0.000136539645609, 0.000119158794405, 0.000104934559204, 2.30262776313e-05, 4.27716031481e-06, 3.21576806073e-07, 3.9022016729e-09, 5.80183991128e-11],
        "dvar2": [2.43021277129e-05, 0.00162671424914, 0.013469084166, 0.82959741354, 5.87893629074, 4.35790872574, 11.7267875671, 28.5372714996, 94.6046676636, 1277.73059082, 20412.0351562, 4573.44140625, 240.42401123, 25.4954051971, 6.27869224548, 0.205916434526, 0.0282122958452, 0.0099586378783, 0.00709223002195, 0.0452622547746, 0.018516311422, 0.0758767798543, 0.0242891069502, 0.00314105721191, 0.0113512706012, 0.00383371254429, 0.0018420960987, 0.000749263621401, 0.000342253682902, 0.00182333926205, 0.00142744323239, 0.00370782683603, 0.000363060971722, 0.000336952100042, 0.000305956229568, 6.60855512251e-05, 1.22861856653e-05, 8.89703130724e-07, 8.23511392412e-09, 1.19635051865e-10],
        "max": [0.0163544639945, 0.187363162637, 0.555381238461, 4.47063922882, 14.8140907288, 12.0100278854, 16.2868556976, 25.894159317, 58.4609375, 391.612091064, 1368.0480957, 644.065551758, 142.566268921, 60.0486869812, 13.167927742, 2.91925477982, 0.897453010082, 0.758194386959, 0.568208515644, 0.833109676838, 0.517490327358, 1.07714223862, 0.616182267666, 0.305329144001, 0.435505241156, 0.245696946979, 0.205398947001, 0.168431907892, 0.133989363909, 0.170982286334, 0.151585370302, 0.243386089802, 0.0770336389542, 0.0744193270802, 0.0701319724321, 0.0331195928156, 0.0143795004115, 0.00400971947238, 0.000526163261384, 9.45125939324e-05],
        "mean": [0.00233661360107, 0.0216657388955, 0.0619500279427, 0.154821902514, 0.883985519409, 0.470510154963, 0.38870960474, 0.612475752831, 6.80078935623, 49.1102981567, 210.953613281, 114.924743652, 13.2251443863, 4.39733171463, 0.603762328625, 0.292535573244, 0.139206543565, 0.0604189969599, 0.0464541688561, 0.0385798178613, 0.0296939518303, 0.0305520053953, 0.0210324171931, 0.0218257419765, 0.0203349776566, 0.0158363115042, 0.0142119638622, 0.00926735531539, 0.00710263755172, 0.00770459184423, 0.0068024257198, 0.00699268467724, 0.00450328970328, 0.00338307931088, 0.0026005958207, 0.00151465111412, 0.000811682606582, 0.000362557650078, 0.000126405750052, 3.36299017363e-05],
        "median": [0.00162856467068, 0.0133956559002, 0.0452187806368, 0.0556591972709, 0.0599530898035, 0.0668560862541, 0.0536820441484, 0.0412178747356, 0.167303264141, 5.18889474869, 107.10799408, 58.8737030029, 1.95503294468, 0.199686184525, 0.0621324330568, 0.0636777058244, 0.0430726334453, 0.0231650583446, 0.0169996842742, 0.014201826416, 0.0104521689937, 0.00856801774353, 0.00715965824202, 0.00973872095346, 0.0102538075298, 0.00926149263978, 0.00742186000571, 0.0064332918264, 0.00488207768649, 0.00443680072203, 0.00411049416289, 0.00330102117732, 0.00277989753522, 0.00216603069566, 0.00153208908159, 0.000992479384877, 0.00059988826979, 0.000313350261422, 0.000123442005133, 2.95833706332e-05],
        "min": [1.22621054288e-06, 3.09296228806e-05, 0.000276284961728, 0.000832225428894, 0.000885834102519, 0.000824146147352, 0.000810428231489, 0.000442255288363, 0.00243668630719, 0.00880068354309, 0.0225975513458, 0.0157947596163, 0.00362056214362, 0.00206618313678, 0.00229110848159, 0.00234421296045, 0.000668900785968, 0.000708156672772, 0.00170494173653, 0.00202307640575, 0.00111022801138, 0.000284049077891, 0.00029467465356, 0.000454987573903, 0.000476574932691, 0.000131844499265, 0.000354305986548, 0.000262270652456, 0.000113462963782, 0.000101864665339, 0.000161894640769, 0.000109592532681, 0.000107045663754, 3.59924670192e-05, 4.56923589809e-05, 4.79024347442e-05, 2.72472261713e-05, 8.00436646387e-06, 3.18781303577e-06, 5.57839825888e-07],
        "var": [7.86151213106e-06, 0.000777362438384, 0.00529212458059, 0.244151711464, 5.94580221176, 2.72361087799, 3.23946166039, 8.12617492676, 204.633499146, 9100.06738281, 78148.875, 22412.1660156, 975.846923828, 152.941497803, 3.16593956947, 0.267289161682, 0.0421517714858, 0.0101347630844, 0.00663034804165, 0.0109312161803, 0.00594035629183, 0.0144590418786, 0.00536060007289, 0.00192417879589, 0.00261891935952, 0.00119764416013, 0.000762816867791, 0.000381817051675, 0.000214513696847, 0.000413898582337, 0.000317444995744, 0.000681616016664, 8.40153224999e-05, 6.68844004394e-05, 5.58615356567e-05, 1.27260882437e-05, 2.33880086853e-06, 1.90671912037e-07, 3.5472811355e-09, 2.92754154252e-10]
    },
    "gfcc": {
        "mean": [-216.695480347, 114.791473389, -51.4737930298, -36.2412796021, -73.4209289551, -10.294549942, -0.127247065306, 30.1400508881, 4.73939180374, 1.16485381126, -26.3910999298, -27.4636573792, -24.9098796844],
        "cov": [[2009.27185059, 727.37298584, -323.80657959, -396.566894531, -240.970718384, -153.602508545, -86.547706604, -169.988525391, -189.520614624, -127.214347839, 60.0337791443, 58.9813079834, 14.0383548737], [727.37298584, 632.326171875, -161.254623413, -378.205108643, -174.526504517, -102.225502014, 51.5921783447, -99.8241195679, -103.709266663, -103.711532593, 17.5122146606, -21.2306785583, 9.86297130585], [-323.80657959, -161.254623413, 248.648590088, 229.431747437, 58.8559150696, 21.885427475, -36.8173027039, 32.2531242371, 78.2362823486, 140.250991821, 111.682853699, 69.2514572144, -2.46782326698], [-396.566894531, -378.205108643, 229.431747437, 419.47644043, 164.896514893, 57.2379455566, -105.938941956, 9.64743614197, 49.3418464661, 149.017028809, 111.157989502, 102.082054138, 10.183257103], [-240.970718384, -174.526504517, 58.8559150696, 164.896514893, 111.008026123, 55.6232795715, -12.7076416016, 18.787021637, 19.853187561, 29.2997512817, -0.291856765747, 12.2398204803, -1.5215947628], [-153.602508545, -102.225502014, 21.885427475, 57.2379455566, 55.6232795715, 76.2354354858, 56.7569236755, 53.3304100037, 8.92399501801, -32.56300354, -63.9734268188, -41.6035308838, -7.09840106964], [-86.547706604, 51.5921783447, -36.8173027039, -105.938941956, -12.7076416016, 56.7569236755, 163.746109009, 96.8893585205, 15.2244462967, -94.2525634766, -133.019638062, -117.522026062, -18.0583057404], [-169.988525391, -99.8241195679, 32.2531242371, 9.64743614197, 18.787021637, 53.3304100037, 96.8893585205, 113.876899719, 64.0876083374, -17.4407348633, -78.8520507812, -65.3404464722, -21.763584137], [-189.520614624, -103.709266663, 78.2362823486, 49.3418464661, 19.853187561, 8.92399501801, 15.2244462967, 64.0876083374, 120.843215942, 111.424362183, 53.3896827698, 22.4787540436, -25.0335426331], [-127.214347839, -103.711532593, 140.250991821, 149.017028809, 29.2997512817, -32.56300354, -94.2525634766, -17.4407348633, 111.424362183, 225.630813599, 206.911605835, 131.843688965, -11.3595666885], [60.0337791443, 17.5122146606, 111.682853699, 111.157989502, -0.291856765747, -63.9734268188, -133.019638062, -78.8520507812, 53.3896827698, 206.911605835, 250.728408813, 166.32749939, 9.76111888885], [58.9813079834, -21.2306785583, 69.2514572144, 102.082054138, 12.2398204803, -41.6035308838, -117.522026062, -65.3404464722, 22.4787540436, 131.843688965, 166.32749939, 134.222595215, 17.2309360504], [14.0383548737, 9.86297130585, -2.46782326698, 10.183257103, -1.5215947628, -7.09840106964, -18.0583057404, -21.763584137, -25.0335426331, -11.3595666885, 9.76111888885, 17.2309360504, 29.5733585358]],
        "icov": [[0.00223589851521, -0.00498254783452, 0.00533848581836, -0.00561660528183, 0.00659695873037, -0.00417066598311, 0.00544759770855, -0.00556246703491, 0.000566925446037, -0.00128353817854, 0.00174574076664, -0.00130419258494, 0.00172168319114], [-0.00498254783452, 0.0219693351537, -0.0167459622025, 0.0217966940254, -0.0189194250852, 0.0174070969224, -0.02399087511, 0.0197048895061, 0.000727572129108, 0.0166082903743, -0.0175561867654, -0.0016214515781, 0.00292660715058], [0.00533848581836, -0.0167459622025, 0.0311387423426, -0.0330805331469, 0.0312745161355, -0.0163241997361, 0.0124316392466, -0.0124530792236, -0.0113571761176, -0.000336135533871, -0.000890632392839, 0.00418199691921, 0.00127212982625], [-0.00561660528183, 0.0217966940254, -0.0330805331469, 0.0547734312713, -0.0514270365238, 0.0175103507936, -0.00528785632923, -0.0065734339878, 0.0371890179813, -0.0193680953234, -0.000468956219265, -0.00206753239036, -0.00733380345628], [0.00659695873037, -0.0189194250852, 0.0312745161355, -0.0514270365238, 0.0759435594082, -0.0395553819835, 0.0104009909555, 0.010811005719, -0.0325809158385, 0.0106978863478, 0.00677784299478, -0.00218071509153, 0.00777983572334], [-0.00417066598311, 0.0174070969224, -0.0163241997361, 0.0175103507936, -0.0395553819835, 0.0651188716292, -0.0357972942293, 0.00362799782306, 0.0128593919799, 0.00973655469716, -0.0033978826832, -0.0145536679775, 0.00741538824514], [0.00544759770855, -0.02399087511, 0.0124316392466, -0.00528785632923, 0.0104009909555, -0.0357972942293, 0.0733626708388, -0.053937766701, 0.01194399409, -0.0221923664212, 0.00255127251148, 0.0358958765864, -0.0148510802537], [-0.00556246703491, 0.0197048895061, -0.0124530792236, -0.0065734339878, 0.010811005719, 0.00362799782306, -0.053937766701, 0.101575538516, -0.0675849020481, 0.0474797412753, -0.00610431004316, -0.00958616007119, 0.00916348956525], [0.000566925446037, 0.000727572129108, -0.0113571761176, 0.0371890179813, -0.0325809158385, 0.0128593919799, 0.01194399409, -0.0675849020481, 0.120266310871, -0.107623361051, 0.0458419248462, -0.00864394195378, -0.00492845848203], [-0.00128353817854, 0.0166082903743, -0.000336135533871, -0.0193680953234, 0.0106978863478, 0.00973655469716, -0.0221923664212, 0.0474797412753, -0.107623361051, 0.17050306499, -0.10879162699, 0.00488285021856, 0.0334427990019], [0.00174574076664, -0.0175561867654, -0.000890632392839, -0.000468956219265, 0.00677784299478, -0.0033978826832, 0.00255127251148, -0.00610431004316, 0.0458419248462, -0.10879162699, 0.118727400899, -0.051753949374, -0.0103046558797], [-0.00130419258494, -0.0016214515781, 0.00418199691921, -0.00206753239036, -0.00218071509153, -0.0145536679775, 0.0358958765864, -0.00958616007119, -0.00864394195378, 0.00488285021856, -0.051753949374, 0.0942410603166, -0.0297892261297], [0.00172168319114, 0.00292660715058, 0.00127212982625, -0.00733380345628, 0.00777983572334, 0.00741538824514, -0.0148510802537, 0.00916348956525, -0.00492845848203, 0.0334427990019, -0.0103046558797, -0.0297892261297, 0.0639395415783]]
    },
    "melbands": {
        "dmean": [2.01291077246e-05, 1.97631052288e-05, 2.999796925e-05, 2.72815032076e-05, 1.35679583764e-05, 1.39404919537e-05, 4.59397924715e-05, 8.17783875391e-05, 0.000341056875186, 8.5342064267e-05, 2.11792321352e-05, 9.10567541723e-06, 1.28871636207e-06, 5.16561215136e-07, 3.05323226257e-07, 8.06949742582e-08, 6.42865600753e-08, 4.50556818521e-08, 5.51027454776e-08, 4.1231171366e-08, 2.72626135001e-08, 3.73642770057e-08, 2.97699163099e-08, 1.38840103858e-08, 1.05757012037e-08, 1.03771649052e-08, 1.13917169031e-08, 7.63594520947e-09, 7.04642788563e-09, 4.16144008142e-09, 3.17166826136e-09, 2.37988562191e-09, 2.85893908547e-09, 3.55830875876e-09, 2.9802373902e-09, 3.87802279178e-09, 4.71075223274e-09, 2.12408912681e-09, 2.19127471723e-09, 2.10841633042e-09],
        "dmean2": [3.60053090844e-05, 3.3305677789e-05, 4.58754548163e-05, 4.76201348647e-05, 2.35215302382e-05, 2.31170433835e-05, 7.51052430132e-05, 0.000114821443276, 0.000410411768826, 0.000108836131403, 3.41031955031e-05, 1.23047511806e-05, 2.47256093644e-06, 6.54985683468e-07, 5.10940594722e-07, 1.15908363796e-07, 9.68547055891e-08, 7.17590822319e-08, 9.45642497641e-08, 7.2333627088e-08, 4.28243787098e-08, 6.86645122983e-08, 5.42414930749e-08, 2.18924682827e-08, 1.47652157167e-08, 1.69959530893e-08, 2.02177421471e-08, 1.28002870525e-08, 1.09917186464e-08, 6.38667607689e-09, 4.784597607e-09, 3.57981266852e-09, 4.65232430358e-09, 6.13675243955e-09, 5.07441066944e-09, 6.90582524498e-09, 8.66776606046e-09, 3.59015173146e-09, 3.78485021102e-09, 3.71805009003e-09],
        "dvar": [8.08643818573e-10, 6.62799815032e-10, 1.57378270416e-08, 1.52248773588e-08, 4.23639923142e-09, 5.01382624307e-09, 2.21326654781e-08, 5.16090032932e-08, 9.87768430605e-07, 5.60648771852e-08, 3.60642915531e-09, 7.59978524556e-10, 2.75523128618e-11, 1.87096844094e-12, 3.52368606299e-13, 3.85544427059e-14, 2.4844916299e-14, 1.12668265356e-14, 3.35195060727e-14, 2.74330491862e-14, 8.33173116545e-15, 2.87531737515e-14, 2.11793202334e-14, 2.70398687741e-15, 1.00606655947e-15, 1.45628680556e-15, 1.81529473223e-15, 6.96695504666e-16, 5.08142158959e-16, 1.84978403449e-16, 1.38904588913e-16, 6.61250828653e-17, 1.20786051246e-16, 2.08877835102e-16, 1.35847924939e-16, 2.9782091354e-16, 5.53912695994e-16, 5.12863030916e-17, 7.24523197196e-17, 7.1851237347e-17],
        "dvar2": [2.37046116069e-09, 1.28367994012e-09, 3.88877339219e-08, 3.30780380864e-08, 1.14971037135e-08, 1.31910171675e-08, 5.23350571768e-08, 9.4804335049e-08, 2.01595457838e-06, 1.16690500818e-07, 6.78733336201e-09, 9.94341942118e-10, 7.57054141598e-11, 2.87592757768e-12, 7.87936502069e-13, 4.84665408393e-14, 3.81346972229e-14, 1.5907602316e-14, 8.5266666503e-14, 7.47143910325e-14, 1.73502044573e-14, 8.25949280758e-14, 6.11120583392e-14, 6.26849697231e-15, 1.56575130855e-15, 3.59646631866e-15, 5.14585517413e-15, 1.55332004126e-15, 1.17591244139e-15, 2.82968561387e-16, 2.43428586953e-16, 8.34973580366e-17, 2.70510162571e-16, 5.66942709701e-16, 3.51654807187e-16, 8.44482636929e-16, 1.62113805182e-15, 1.29310180545e-16, 2.00728597291e-16, 2.02312032742e-16],
        "max": [0.000177749912837, 0.000203852716368, 0.00109421520028, 0.00105247076135, 0.000526394811459, 0.000559781270567, 0.0016697300598, 0.00344511051662, 0.0138836577535, 0.00318886595778, 0.000702983466908, 0.000346088811057, 4.16521143052e-05, 1.43534871313e-05, 4.90232469019e-06, 1.74312765466e-06, 1.36563005526e-06, 8.97167012681e-07, 1.14098952508e-06, 1.0739507843e-06, 6.078230399e-07, 1.12481745873e-06, 9.67224764281e-07, 3.264188706e-07, 2.44092404955e-07, 2.52343056673e-07, 2.90211374931e-07, 1.6216081633e-07, 1.47526350247e-07, 1.16522791416e-07, 9.14249156381e-08, 7.56733982143e-08, 6.86498822233e-08, 9.54998355951e-08, 7.42192298731e-08, 1.19051193792e-07, 1.5987335189e-07, 4.55927740006e-08, 5.78859555844e-08, 5.7669463871e-08],
        "mean": [2.34837370954e-05, 3.17419398925e-05, 4.95195999974e-05, 5.52289602638e-05, 1.27209968923e-05, 1.16083629109e-05, 0.000191839018953, 0.000408820138546, 0.0021843353752, 0.000589391915128, 5.34114769835e-05, 2.33771897911e-05, 1.71118620074e-06, 7.60429202273e-07, 7.41981125429e-07, 1.45677219621e-07, 1.04497274833e-07, 7.73508972429e-08, 6.07025043564e-08, 4.36724221231e-08, 3.25334816864e-08, 3.28959579576e-08, 2.39818440662e-08, 1.65866662627e-08, 1.794186133e-08, 1.39010190026e-08, 1.43848826184e-08, 9.80150183238e-09, 9.77396119595e-09, 6.50321618778e-09, 5.00060837183e-09, 4.01263067218e-09, 3.88433729626e-09, 4.29254898293e-09, 3.80471476547e-09, 3.98884614228e-09, 4.36728653241e-09, 3.14401038537e-09, 2.92885404818e-09, 2.71703681776e-09],
        "median": [1.48742192323e-05, 2.36606556427e-05, 1.02738395071e-05, 4.30309091826e-06, 2.06792310564e-06, 7.8775150314e-07, 7.43114526358e-07, 7.32682246962e-06, 0.00112787459511, 0.000301645195577, 2.93847818966e-07, 2.38945887077e-07, 1.22633693422e-07, 1.27980968045e-07, 1.29883559907e-07, 5.58777273341e-08, 4.13476435313e-08, 2.42392186323e-08, 2.32241355036e-08, 1.43510279216e-08, 1.00907051603e-08, 9.6165377883e-09, 6.35950270222e-09, 7.06396230399e-09, 7.77596476098e-09, 7.06892144819e-09, 7.47618589259e-09, 5.52914292129e-09, 4.88697349255e-09, 4.26669188869e-09, 3.39216188472e-09, 2.6586293167e-09, 2.41358155684e-09, 2.49387266393e-09, 2.4224402484e-09, 2.08134931512e-09, 1.91674676131e-09, 2.03190575476e-09, 1.87557214204e-09, 1.79284131985e-09],
        "min": [1.84293984518e-08, 1.10856497315e-07, 1.47699608988e-07, 5.87821560316e-08, 3.10115240154e-08, 1.10168887346e-08, 4.19500736371e-08, 1.09655047709e-07, 1.97193571694e-07, 4.03384099457e-08, 1.52325512204e-08, 8.22310042281e-09, 6.66935262572e-09, 7.30196836329e-09, 4.0533296719e-09, 7.76149700066e-10, 1.26787513821e-09, 2.72953792901e-09, 2.11982009723e-09, 3.2214786394e-09, 8.19032230925e-10, 3.06322356369e-10, 1.49317821996e-10, 3.11408621112e-10, 3.48497952718e-10, 5.60506474567e-10, 1.09945004489e-10, 6.68678237781e-11, 2.57009025173e-10, 1.50228246509e-10, 1.58938154304e-10, 6.02567162833e-11, 4.80052074481e-11, 6.51217482717e-11, 9.80855605071e-11, 7.68403812801e-11, 6.35880029187e-11, 8.93537396851e-11, 3.39591341159e-11, 2.85895751517e-11],
        "var": [8.70030325562e-10, 1.15480236484e-09, 1.96033855815e-08, 2.72297668857e-08, 3.48153039731e-09, 3.86058740531e-09, 1.7129653429e-07, 7.3108600418e-07, 8.56645510794e-06, 5.83045164149e-07, 2.341014671e-08, 4.95176122328e-09, 3.28659460758e-11, 4.41970288492e-12, 1.28930286586e-12, 5.89899087694e-14, 3.34680572915e-14, 1.90155271358e-14, 2.26766102098e-14, 1.65127328179e-14, 6.87911158904e-15, 1.58973532174e-14, 1.13564748087e-14, 2.0360937752e-15, 1.18798859012e-15, 1.03400710591e-15, 1.16728869307e-15, 5.10515015881e-16, 4.08302729573e-16, 1.69896253904e-16, 1.16670966664e-16, 6.40087710466e-17, 8.83905416414e-17, 1.25056936949e-16, 8.50984025081e-17, 1.68427525243e-16, 2.9295095055e-16, 3.39434623152e-17, 4.23189935809e-17, 4.07111926981e-17]
    },
    "mfcc": {
        "mean": [-903.209106445, 173.935180664, 43.0902099609, 0.0556153953075, -23.7841358185, -18.8726787567, -1.95494735241, 8.10588550568, 20.1947307587, 27.8120651245, 18.5597877502, 6.04712438583, -7.46239709854],
        "cov": [[2120.61938477, 946.659118652, -287.710510254, -360.425292969, -354.427581787, -203.7474823, -31.983335495, -11.7510881424, -165.20703125, -219.33001709, -247.674560547, -151.402297974, -53.4352531433], [946.659118652, 880.064208984, -130.431243896, -329.281280518, -357.009033203, -158.408905029, 27.3608722687, 30.056854248, -37.5307044983, -64.0306854248, -113.900177002, -146.054016113, -84.8454818726], [-287.710510254, -130.431243896, 179.876083374, 137.385986328, 103.037139893, 48.4502487183, -10.1534528732, -66.0870285034, -70.2592010498, -7.22330522537, 45.3059158325, 81.8572845459, 118.154495239], [-360.425292969, -329.281280518, 137.385986328, 234.929519653, 202.347076416, 93.2597961426, -14.5425214767, -69.2622375488, -58.13621521, -6.86372184753, 64.0662460327, 122.213348389, 123.775398254], [-354.427581787, -357.009033203, 103.037139893, 202.347076416, 219.343444824, 99.0687255859, -25.0685310364, -55.5850868225, -39.4812698364, -3.7762169838, 58.4187812805, 124.37386322, 117.969169617], [-203.7474823, -158.408905029, 48.4502487183, 93.2597961426, 99.0687255859, 68.8916015625, 8.11253070831, -17.5353298187, -9.38119506836, 5.64974832535, 38.2832527161, 61.0426177979, 50.6146697998], [-31.983335495, 27.3608722687, -10.1534528732, -14.5425214767, -25.0685310364, 8.11253070831, 69.4979782104, 63.3561859131, 52.6410064697, 32.9457855225, -7.55119419098, -60.6863975525, -82.5304946899], [-11.7510881424, 30.056854248, -66.0870285034, -69.2622375488, -55.5850868225, -17.5353298187, 63.3561859131, 131.156768799, 135.215270996, 73.9557800293, -9.66557216644, -106.051483154, -164.301971436], [-165.20703125, -37.5307044983, -70.2592010498, -58.13621521, -39.4812698364, -9.38119506836, 52.6410064697, 135.215270996, 184.811584473, 113.669219971, 25.399061203, -90.3681335449, -182.218292236], [-219.33001709, -64.0306854248, -7.22330522537, -6.86372184753, -3.7762169838, 5.64974832535, 32.9457855225, 73.9557800293, 113.669219971, 105.885070801, 54.3971405029, -32.8816986084, -93.1014022827], [-247.674560547, -113.900177002, 45.3059158325, 64.0662460327, 58.4187812805, 38.2832527161, -7.55119419098, -9.66557216644, 25.399061203, 54.3971405029, 101.507995605, 86.4286270142, 48.2233886719], [-151.402297974, -146.054016113, 81.8572845459, 122.213348389, 124.37386322, 61.0426177979, -60.6863975525, -106.051483154, -90.3681335449, -32.8816986084, 86.4286270142, 194.185134888, 201.898712158], [-53.4352531433, -84.8454818726, 118.154495239, 123.775398254, 117.969169617, 50.6146697998, -82.5304946899, -164.301971436, -182.218292236, -93.1014022827, 48.2233886719, 201.898712158, 294.730133057]],
