{
"lowlevel": {
    "average_loudness": 0.99068403244,
    "barkbands_crest": {
        "dmean": 2.40643572807,
        "dmean2": 4.11007022858,
        "dvar": 4.11678695679,
        "dvar2": 12.0186338425,
        "max": 19.6984615326,
        "mean": 10.4827289581,
        "median": 9.8700428009,
        "min": 6.01848745346,
        "var": 8.08804225922
    },
    "barkbands_flatness_db": {
        "dmean": 0.0175067707896,
        "dmean2": 0.0277167428285,
        "dvar": 0.000247259042226,
        "dvar2": 0.000640870654024,
        "max": 0.274175703526,
        "mean": 0.175249859691,
        "median": 0.16508166492,
        "min": 0.107544377446,
        "var": 0.00136515300255
    },
    "barkbands_kurtosis": {
        "dmean": 3.19358754158,
        "dmean2": 5.62959289551,
        "dvar": 8.87528800964,
        "dvar2": 26.2446250916,
        "max": 23.9532985687,
        "mean": 10.8244915009,
        "median": 10.5974321365,
        "min": 2.3579044342,
        "var": 15.3645467758
    },
    "barkbands_skewness": {
        "dmean": 0.444248199463,
        "dmean2": 0.73074811697,
        "dvar": 0.171414658427,
        "dvar2": 0.438679814339,
        "max": 3.70984864235,
        "mean": 2.0155954361,
        "median": 2.27067184448,
        "min": -0.520835518837,
        "var": 0.836457788944
    },
    "barkbands_spread": {
        "dmean": 1.82012343407,
        "dmean2": 3.14596414566,
        "dvar": 1.97176229954,
        "dvar2": 4.96177768707,
        "max": 18.0169429779,
        "mean": 10.5349941254,
        "median": 11.4426832199,
        "min": 3.46211910248,
        "var": 12.5926828384
    },
    "dissonance": {
        "dmean": 0.0377378091216,
        "dmean2": 0.0598855875432,
        "dvar": 0.00139621016569,
        "dvar2": 0.00338409794495,
        "max": 0.482626855373,
        "mean": 0.385669827461,
        "median": 0.390068680048,
        "min": 0.244129091501,
        "var": 0.00233497191221
    },
    "dynamic_complexity": 3.47489118576,
    "erbbands_crest": {
        "dmean": 3.19212174416,
        "dmean2": 5.13381814957,
        "dvar": 5.15576314926,
        "dvar2": 12.7120370865,
        "max": 26.9845066071,
        "mean": 20.9483966827,
        "median": 21.2865982056,
        "min": 11.7342758179,
        "var": 12.7327327728
    },
    "erbbands_flatness_db": {
        "dmean": 0.0162134226412,
        "dmean2": 0.0235970225185,
        "dvar": 0.000198962137802,
        "dvar2": 0.000380550744012,
        "max": 0.301582932472,
        "mean": 0.173484951258,
        "median": 0.158233687282,
        "min": 0.1097176373,
        "var": 0.00193811533973
    },
    "erbbands_kurtosis": {
        "dmean": 3.75213050842,
        "dmean2": 5.94496774673,
        "dvar": 11.5932598114,
        "dvar2": 22.7962608337,
        "max": 30.4927406311,
        "mean": 9.61582660675,
        "median": 8.12784862518,
        "min": 3.04138040543,
        "var": 25.7250976562
    },
    "erbbands_skewness": {
        "dmean": 0.433632045984,
        "dmean2": 0.751054763794,
        "dvar": 0.161498129368,
        "dvar2": 0.493002980947,
        "max": 2.90608334541,
        "mean": 1.85952651501,
        "median": 1.89044630527,
        "min": 0.503661155701,
        "var": 0.297372996807
    },
    "erbbands_spread": {
        "dmean": 3.38677144051,
        "dmean2": 5.38178920746,
        "dvar": 6.8527879715,
        "dvar2": 11.9761781693,
        "max": 26.3159980774,
        "mean": 14.2349491119,
        "median": 14.2205057144,
        "min": 2.57442784309,
        "var": 29.3443565369
    },
    "hfc": {
        "dmean": 1.72304368019,
        "dmean2": 2.43084168434,
        "dvar": 9.23070812225,
        "dvar2": 21.9427108765,
        "max": 49.8018531799,
        "mean": 9.04816818237,
        "median": 4.66424942017,
        "min": 1.22448182106,
        "var": 77.0621948242
    },
    "melbands_crest": {
        "dmean": 3.90263557434,
        "dmean2": 6.88093137741,
        "dvar": 7.80958271027,
        "dvar2": 23.4218959808,
        "max": 24.9012413025,
        "mean": 14.0121803284,
        "median": 13.5104465485,
        "min": 7.5604968071,
        "var": 14.9046211243
    },
    "melbands_flatness_db": {
        "dmean": 0.0221941713244,
        "dmean2": 0.0364239290357,
        "dvar": 0.000397047173465,
        "dvar2": 0.00104087160435,
        "max": 0.375203251839,
        "mean": 0.289960443974,
        "median": 0.28410255909,
        "min": 0.200552523136,
        "var": 0.00135202077217
    },
    "melbands_kurtosis": {
        "dmean": 2.54703116417,
        "dmean2": 4.26462936401,
        "dvar": 5.99673128128,
        "dvar2": 13.115073204,
        "max": 12.3697776794,
        "mean": 4.50079059601,
        "median": 3.8335018158,
        "min": -0.620383262634,
        "var": 10.48138237
    },
    "melbands_skewness": {
        "dmean": 0.582317769527,
        "dmean2": 0.985058486462,
        "dvar": 0.182025700808,
        "dvar2": 0.381978869438,
        "max": 2.55528926849,
        "mean": 1.1447455883,
        "median": 1.19225943089,
        "min": -1.12297320366,
        "var": 0.629123866558
    },
    "melbands_spread": {
        "dmean": 1.93644106388,
        "dmean2": 3.29845571518,
        "dvar": 2.06775188446,
        "dvar2": 6.71891450882,
        "max": 14.7720346451,
        "mean": 10.1452655792,
        "median": 10.1889419556,
        "min": 4.88474035263,
        "var": 4.48867464066
    },
    "pitch_salience": {
        "dmean": 0.0651182159781,
        "dmean2": 0.111371777952,
        "dvar": 0.00297509739175,
        "dvar2": 0.00647061597556,
        "max": 0.676404118538,
        "mean": 0.454463809729,
        "median": 0.444786071777,
        "min": 0.268187075853,
        "var": 0.00620860606432
    },
    "silence_rate_20dB": {
        "dmean": 0,
        "dmean2": 0,
        "dvar": 0,
        "dvar2": 0,
        "max": 1,
        "mean": 1,
        "median": 1,
        "min": 1,
        "var": 0
    },
    "silence_rate_30dB": {
        "dmean": 0,
        "dmean2": 0,
        "dvar": 0,
        "dvar2": 0,
        "max": 1,
        "mean": 1,
        "median": 1,
        "min": 1,
        "var": 0
    },
    "silence_rate_60dB": {
        "dmean": 0.0125000001863,
        "dmean2": 0.0126582281664,
        "dvar": 0.0123437503353,
        "dvar2": 0.0124979959801,
        "max": 1,
        "mean": 0.0123456791043,
        "median": 0,
        "min": 0,
        "var": 0.0121932635084
    },
    "spectral_centroid": {
        "dmean": 63.4400863647,
        "dmean2": 112.068359375,
        "dvar": 2360.82861328,
        "dvar2": 6287.88378906,
        "max": 699.823791504,
        "mean": 534.05267334,
        "median": 548.711853027,
        "min": 341.023193359,
        "var": 6318.44140625
    },
    "spectral_complexity": {
        "dmean": 1.16250002384,
        "dmean2": 1.94936704636,
        "dvar": 0.911093533039,
        "dvar2": 2.37718343735,
        "max": 11,
        "mean": 6.83950614929,
        "median": 7,
        "min": 2,
        "var": 2.40634059906
    },
    "spectral_decrease": {
        "dmean": 1.15589948724e-09,
        "dmean2": 1.96027216681e-09,
        "dvar": 2.2342619838e-18,
        "dvar2": 5.65009894666e-18,
        "max": -2.57556170835e-10,
        "mean": -4.57606885718e-09,
        "median": -2.48725151586e-09,
        "min": -2.15859987662e-08,
        "var": 1.73528000309e-17
    },
    "spectral_energy": {
        "dmean": 0.00447884388268,
        "dmean2": 0.00758158182725,
        "dvar": 3.48085050064e-05,
        "dvar2": 8.75067344168e-05,
        "max": 0.085987560451,
        "mean": 0.0180918406695,
        "median": 0.00992966722697,
        "min": 0.00108314095996,
        "var": 0.000272184639471
    },
    "spectral_energyband_high": {
        "dmean": 9.80573349807e-06,
        "dmean2": 1.50290115926e-05,
        "dvar": 2.48204068409e-10,
        "dvar2": 2.64818278417e-10,
        "max": 0.000235729079577,
        "mean": 9.4500486739e-05,
        "median": 9.24061969272e-05,
        "min": 3.97555559175e-05,
        "var": 3.50651785386e-10
    },
    "spectral_energyband_low": {
        "dmean": 0.0021436533425,
        "dmean2": 0.00377457728609,
        "dvar": 2.24263476412e-06,
        "dvar2": 7.63461412134e-06,
        "max": 0.00871614646167,
        "mean": 0.00345912529156,
        "median": 0.00315407477319,
        "min": 8.65858310135e-05,
        "var": 3.78036520488e-06
    },
    "spectral_energyband_middle_high": {
        "dmean": 9.48158340179e-05,
        "dmean2": 0.000121818608022,
        "dvar": 2.46613947041e-08,
        "dvar2": 3.09701277956e-08,
        "max": 0.0024364204146,
        "mean": 0.00054576859111,
        "median": 0.000338053097948,
        "min": 5.41190784134e-05,
        "var": 2.6812199394e-07
    },
    "spectral_energyband_middle_low": {
        "dmean": 0.0039684670046,
        "dmean2": 0.00633486779407,
        "dvar": 3.3382933907e-05,
        "dvar2": 8.61457592691e-05,
        "max": 0.0804213806987,
        "mean": 0.014195705764,
        "median": 0.00539144547656,
        "min": 0.000900862913113,
        "var": 0.000236897074501
    },
    "spectral_entropy": {
        "dmean": 0.167480498552,
        "dmean2": 0.258608818054,
        "dvar": 0.0330580770969,
        "dvar2": 0.0623666495085,
        "max": 7.69831848145,
        "mean": 6.9341044426,
        "median": 7.10762548447,
        "min": 5.80487346649,
        "var": 0.216445609927
    },
    "spectral_flux": {
        "dmean": 0.014516110532,
        "dmean2": 0.0229932460934,
        "dvar": 0.000187869212823,
        "dvar2": 0.000421180127887,
        "max": 0.225789174438,
        "mean": 0.0610289499164,
        "median": 0.0565821044147,
        "min": 0.0198142733425,
        "var": 0.000892766285688
    },
    "spectral_kurtosis": {
        "dmean": 1.03724980354,
        "dmean2": 1.62454593182,
        "dvar": 1.40452980995,
        "dvar2": 2.98316311836,
        "max": 17.2990913391,
        "mean": 8.92864990234,
        "median": 7.74947452545,
        "min": 5.57355117798,
        "var": 8.4345664978
    },
    "spectral_rms": {
        "dmean": 0.000508599041495,
        "dmean2": 0.000862802320626,
        "dvar": 2.03170472446e-07,
        "dvar2": 5.08814878231e-07,
        "max": 0.00915916450322,
        "mean": 0.00384992174804,
        "median": 0.00311247166246,
        "min": 0.00102797034197,
        "var": 2.82868336399e-06
    },
    "spectral_rolloff": {
        "dmean": 11.5740966797,
        "dmean2": 21.8057746887,
        "dvar": 184.819488525,
        "dvar2": 381.433532715,
        "max": 645.99609375,
        "mean": 602.6640625,
        "median": 602.9296875,
        "min": 559.86328125,
        "var": 314.773010254
    },
    "spectral_skewness": {
        "dmean": 0.148049548268,
        "dmean2": 0.240840241313,
        "dvar": 0.0254874620587,
        "dvar2": 0.0520407706499,
        "max": 3.59925794601,
        "mean": 2.57287931442,
        "median": 2.41777443886,
        "min": 1.98426663876,
        "var": 0.159919321537
    },
    "spectral_spread": {
        "dmean": 392334.9375,
        "dmean2": 592337.625,
        "dvar": 141031030784,
        "dvar2": 252794126336,
        "max": 10253082,
        "mean": 5888003,
        "median": 6145237.5,
        "min": 3642926,
        "var": 1.21953202995e+12
    },
    "spectral_strongpeak": {
        "dmean": 0.647940695286,
        "dmean2": 1.07957053185,
        "dvar": 0.463778197765,
        "dvar2": 1.06290245056,
        "max": 6.17604541779,
        "mean": 1.20041871071,
        "median": 0.941225588322,
        "min": 0.036868635565,
        "var": 1.92546248436
    },
    "zerocrossingrate": {
        "dmean": 0.00772094726562,
        "dmean2": 0.0107360063121,
        "dvar": 4.84472147946e-05,
        "dvar2": 9.90945700323e-05,
        "max": 0.103515625,
        "mean": 0.0560438372195,
        "median": 0.05615234375,
        "min": 0.01513671875,
        "var": 0.00039798245416
    },
    "barkbands": {
        "dmean": [0.000143965517054, 0.00159750902094, 0.000916508375667, 0.000413550296798, 0.00266296090558, 0.000206537399208, 0.00013857652084, 0.00212462665513, 0.000864722125698, 3.87644467992e-05, 1.04507025753e-05, 8.56614424265e-05, 1.3394904272e-05, 5.0871840358e-06, 5.12297856403e-06, 4.29530336987e-06, 2.15591921915e-06, 2.15475665755e-06, 3.35974186783e-06, 2.78206834992e-06, 2.34541789723e-06, 1.83503800599e-06, 1.67540474649e-06, 1.64257710367e-06, 1.55893394549e-06, 2.48597461905e-06, 5.10754034622e-06],
        "dmean2": [0.000256601488218, 0.0028162417002, 0.00165598641615, 0.000768260273617, 0.00469687674195, 0.000331360322889, 0.000232552731177, 0.0029861300718, 0.000806664058473, 6.2017905293e-05, 1.4944814211e-05, 0.000107395761006, 2.0680068701e-05, 8.4326702563e-06, 8.15132807475e-06, 7.10320455255e-06, 3.19966670759e-06, 3.27782890963e-06, 5.68680025026e-06, 4.50712559541e-06, 3.74336332243e-06, 3.00911506201e-06, 2.78209290627e-06, 2.46868012255e-06, 2.42264991357e-06, 4.09036010751e-06, 8.20682453195e-06],
        "dvar": [1.73119900637e-08, 1.55336601892e-06, 6.59007412196e-07, 2.53193604749e-07, 1.23512172649e-05, 5.32131991804e-08, 5.9191570756e-08, 1.01416635516e-05, 5.86187979934e-06, 8.85600659473e-09, 1.5772799733e-09, 1.94032061529e-08, 8.10240152749e-10, 9.40989716702e-11, 1.06262443289e-10, 5.06159107683e-11, 3.37727901201e-11, 1.98132760199e-11, 1.71790793396e-11, 1.7699291685e-11, 1.16865310831e-11, 5.8075180949e-12, 3.74136052e-12, 5.14663051759e-12, 2.94330423749e-12, 5.99666930695e-12, 1.69676200173e-11],
        "dvar2": [4.73328896078e-08, 4.93049583383e-06, 1.97945973923e-06, 7.37166487852e-07, 2.77284962067e-05, 1.37968584113e-07, 1.53167420081e-07, 2.68842450168e-05, 8.62766864884e-06, 1.15024683112e-08, 1.65370461769e-09, 2.7298684202e-08, 1.16135889794e-09, 1.42236250555e-10, 1.78694128938e-10, 7.36023950121e-11, 3.39101732805e-11, 2.40328989348e-11, 2.79095444672e-11, 2.08784448064e-11, 1.86857196383e-11, 8.06621523047e-12, 6.03012735231e-12, 5.86443393846e-12, 4.60556332654e-12, 1.19882428637e-11, 4.06266409403e-11],
        "max": [0.000664276012685, 0.00801671016961, 0.00363095663488, 0.0027467822656, 0.0261159874499, 0.0018175682053, 0.00188822520431, 0.0320265106857, 0.03838776052, 0.00093820359325, 0.000369892251911, 0.00203807512298, 0.000293921184493, 9.29286907194e-05, 9.62305057328e-05, 6.73054310028e-05, 5.72816134081e-05, 4.4823227654e-05, 4.35871115769e-05, 4.40894764324e-05, 3.48563153239e-05, 2.78547286143e-05, 2.17834658542e-05, 3.05015419144e-05, 2.37945714616e-05, 2.75677484751e-05, 5.65900809306e-05],
        "mean": [0.000142323318869, 0.00217045121826, 0.000940007390454, 0.000458099442767, 0.0049149915576, 0.000394023227273, 0.000202465686016, 0.00436740508303, 0.00381546001881, 6.37697230559e-05, 1.54661847773e-05, 0.000411129702115, 2.99522798741e-05, 9.77218769549e-06, 9.74038630375e-06, 8.12954749563e-06, 5.19137574884e-06, 5.66653397982e-06, 8.35017999634e-06, 8.65786932991e-06, 7.64201013226e-06, 6.42099621473e-06, 6.70063946018e-06, 7.92425362306e-06, 9.18313617149e-06, 1.47357823153e-05, 4.20385258622e-05],
        "median": [9.81586199487e-05, 0.00193247827701, 0.000653263996355, 0.000324670458212, 0.00193618203048, 0.000292566808639, 0.000114411493996, 0.00227493653074, 0.000422402838012, 4.23197852797e-05, 9.75643160928e-06, 0.000244023147388, 2.19956618821e-05, 7.80345544626e-06, 8.29373129818e-06, 6.69813380227e-06, 4.56273937743e-06, 4.93232710141e-06, 7.77988498157e-06, 7.91694674263e-06, 6.90557772032e-06, 6.12134863331e-06, 6.45595855531e-06, 7.15798296369e-06, 8.9742925411e-06, 1.4448643924e-05, 4.1912717279e-05],
        "min": [2.68298140327e-06, 3.44850195688e-05, 7.15267651685e-06, 6.8295003075e-06, 0.00019656844961, 7.20298558008e-05, 1.39404055517e-05, 0.000491093203891, 3.97461371904e-05, 4.39024597654e-06, 1.67321650224e-06, 1.7787775505e-05, 5.47125091543e-06, 1.02789852008e-06, 2.12104600905e-06, 1.35997731832e-06, 1.19592311876e-06, 2.07966536436e-06, 2.61778427557e-06, 2.80177960121e-06, 4.1731368583e-06, 2.4888927328e-06, 2.64742106992e-06, 3.8459697862e-06, 4.75925480714e-06, 5.09231176693e-06, 1.80082188308e-05],
        "var": [1.95023783789e-08, 2.24992186304e-06, 7.81788344284e-07, 1.94456163172e-07, 3.50937152689e-05, 1.00990305896e-07, 6.39434745153e-08, 2.57908432104e-05, 5.35471954208e-05, 1.08582085545e-08, 1.61229773976e-09, 1.96144611664e-07, 1.20925969238e-09, 1.04926616007e-10, 1.1402642025e-10, 5.48859326044e-11, 3.75055750346e-11, 2.22293208146e-11, 2.51033326071e-11, 2.22275010897e-11, 1.32414912368e-11, 8.15853547914e-12, 5.22803371775e-12, 9.81058984051e-12, 4.46824825404e-12, 7.76319720314e-12, 2.64989887672e-11]
    },
    "erbbands": {
        "dmean": [0.0542241260409, 0.365045368671, 0.920142650604, 1.17421448231, 4.8496670723, 13.6773576736, 3.9373497963, 1.43326091766, 2.15332627296, 2.62186002731, 64.1739578247, 16.3696537018, 1.47723114491, 0.574118733406, 0.373080462217, 3.09179663658, 1.29931879044, 0.275417149067, 0.260430127382, 0.280632466078, 0.184408262372, 0.118917867541, 0.116292990744, 0.162444427609, 0.148360669613, 0.132912486792, 0.11730901897, 0.0775851756334, 0.0746012255549, 0.0691105276346, 0.0504501350224, 0.0343658104539, 0.033481284976, 0.0204590931535, 0.0138099687174, 0.00899217650294, 0.00556461932138, 0.00260061374865, 0.000957443728112, 0.000113942005555],
        "dmean2": [0.094554439187, 0.653084695339, 1.6482694149, 2.05335903168, 8.74127483368, 23.3323307037, 6.33380842209, 2.22283244133, 3.69496822357, 3.68432426453, 89.8073043823, 18.7968215942, 2.32829022408, 0.821715831757, 0.54520201683, 3.95984387398, 1.69034838676, 0.447704315186, 0.411752909422, 0.444980472326, 0.294849038124, 0.173370882869, 0.172843292356, 0.271672904491, 0.246783792973, 0.209181696177, 0.188180267811, 0.121640063822, 0.124384179711, 0.115569196641, 0.0875697433949, 0.0525707043707, 0.0526823401451, 0.032130677253, 0.0233429465443, 0.0148575184867, 0.00867411959916, 0.00410055508837, 0.00169728242327, 0.000189124461031],
        "dvar": [0.00227105733939, 0.0759544968605, 0.630059599876, 1.50983417034, 20.8390464783, 422.083831787, 23.0284423828, 1.860907197, 12.1222133636, 11.2820997238, 13904.2324219, 1086.2286377, 9.0157327652, 5.11394071579, 1.66676592827, 23.7972755432, 3.08030414581, 0.346977382898, 0.19300429523, 0.254826754332, 0.157155066729, 0.109633363783, 0.0617776028812, 0.0536075159907, 0.0278764218092, 0.0444381833076, 0.0281980130821, 0.0141931306571, 0.00868561584502, 0.00440258160233, 0.00326201762073, 0.00226577511057, 0.00155204534531, 0.000374241324607, 0.000229544966714, 5.98090409767e-05, 2.26366064453e-05, 3.48913317794e-06, 4.69479886078e-07, 7.95078314297e-09],
        "dvar2": [0.00733790220693, 0.226361259818, 1.98403406143, 4.96952867508, 67.7714004517, 878.840515137, 48.1996040344, 5.01211833954, 29.6057319641, 17.4913444519, 32094.1269531, 2062.44628906, 10.5165433884, 5.4262638092, 1.79616367817, 35.6459999084, 4.79034662247, 0.5169531703, 0.357737571001, 0.363568991423, 0.215035974979, 0.110440470278, 0.0677187070251, 0.0760517418385, 0.0398705713451, 0.0464737601578, 0.0447560511529, 0.0180872473866, 0.0132120195776, 0.00677565159276, 0.00565150706097, 0.00316125596873, 0.00214754184708, 0.000677393516526, 0.00038363825297, 0.000102970254375, 5.06378601131e-05, 1.09220218292e-05, 1.37968766012e-06, 1.95685974091e-08],
        "max": [0.306030422449, 1.72813022137, 3.79501628876, 6.71658420563, 26.8603172302, 156.00491333, 33.6024246216, 11.1737222672, 28.2279415131, 55.2663536072, 1369.67980957, 603.783569336, 46.6067581177, 22.9973945618, 13.2589569092, 74.5414657593, 29.7762928009, 5.97027397156, 4.19764995575, 4.82643842697, 3.78919506073, 3.26054644585, 2.52742314339, 2.25081062317, 2.04593443871, 2.26740884781, 1.64262115955, 1.31751954556, 1.04927623272, 0.769746184349, 0.618196964264, 0.573964595795, 0.522364079952, 0.260381877422, 0.184996217489, 0.0994836017489, 0.052733540535, 0.0210147518665, 0.00740462029353, 0.000981970923021],
        "mean": [0.0707206055522, 0.4577485919, 1.04911875725, 1.46191120148, 6.72362136841, 23.4915237427, 7.32998085022, 2.86985564232, 3.69168400764, 8.19923114777, 166.894058228, 63.7570571899, 4.46648740768, 1.06665289402, 0.949746966362, 14.9869403839, 6.40257263184, 0.706437945366, 0.486081570387, 0.526312887669, 0.415907621384, 0.298938453197, 0.298829138279, 0.408829450607, 0.393170922995, 0.413331478834, 0.357229024172, 0.270267546177, 0.23106521368, 0.215873032808, 0.190831288695, 0.16060988605, 0.133926525712, 0.0966579690576, 0.0687531977892, 0.0454752184451, 0.0293323434889, 0.0149465957657, 0.00531856762245, 0.00073824392166],
        "median": [0.0586982518435, 0.420609086752, 0.800289571285, 1.11449074745, 4.42966794968, 6.65426635742, 2.62017869949, 2.29458594322, 2.33105683327, 5.56730413437, 69.4897842407, 12.214507103, 2.57400774956, 0.685003876686, 0.690274834633, 8.8078546524, 3.65540909767, 0.5886952281, 0.377861499786, 0.449366301298, 0.358565479517, 0.263452529907, 0.263749927282, 0.34939584136, 0.359118163586, 0.373565763235, 0.333290070295, 0.239222839475, 0.21732789278, 0.206315636635, 0.181058362126, 0.148905992508, 0.128334745765, 0.0923988893628, 0.0681737363338, 0.0442293770611, 0.0291233249009, 0.0150653757155, 0.00516574410722, 0.000734555884264],
        "min": [0.0007208417519, 0.00900750420988, 0.042452968657, 0.0591134428978, 0.256096124649, 0.742761552334, 0.235744282603, 0.499286413193, 0.493565946817, 2.0341231823, 12.7763986588, 1.90141904354, 0.204783201218, 0.0827252343297, 0.116937026381, 0.757308065891, 0.578006744385, 0.0988707691431, 0.13430096209, 0.145557954907, 0.0961350426078, 0.0840581059456, 0.0906254947186, 0.152459800243, 0.0799737721682, 0.164953202009, 0.108551442623, 0.140006706119, 0.081045858562, 0.111642166972, 0.0707849040627, 0.0858655273914, 0.0538847260177, 0.0454767011106, 0.0364181548357, 0.0182787887752, 0.0100592467934, 0.00600675633177, 0.00257604103535, 0.000279961765045],
        "var": [0.00288475281559, 0.11432737112, 0.743186533451, 1.38651967049, 32.2392311096, 1108.55541992, 76.3745803833, 4.5230884552, 14.3709554672, 61.8557090759, 51300.5976562, 12819.1123047, 37.5818939209, 6.35704374313, 2.10589003563, 258.608398438, 41.1340026855, 0.443204671144, 0.240431070328, 0.266888052225, 0.165916696191, 0.119672633708, 0.0697224736214, 0.064319588244, 0.0538231134415, 0.0557415820658, 0.0299531556666, 0.0188006125391, 0.0120886107907, 0.00707509135827, 0.00432711606845, 0.0036833351478, 0.00290045049042, 0.000654814240988, 0.000309751252644, 0.000104244601971, 3.46627784893e-05, 6.03006355959e-06, 6.97139000749e-07, 1.23465166979e-08]
    },
    "gfcc": {
        "mean": [-45.4799613953, 88.7185821533, -39.7571792603, -8.13892364502, -52.0582199097, -2.74236989021, -16.5453720093, 3.11185789108, -14.6157646179, 4.02478790283, -13.1519174576, -13.4716854095, -22.7956790924],
        "cov": [[481.96270752, 275.469116211, -49.5673484802, -118.814575195, -92.8693695068, 20.1829719543, 10.6323442459, -35.1508483887, -64.5013656616, -38.9960708618, 9.11377239227, 5.84623670578, -7.64715099335], [275.469116211, 212.048187256, 8.42453193665, -73.8372955322, -54.9252929688, 16.1746520996, 10.991350174, -30.2443027496, -48.6874351501, -26.2339515686, 10.9677181244, 2.41698861122, -10.9769134521], [-49.5673484802, 8.42453193665, 63.1746292114, 40.5428009033, 29.6657962799, 6.95105266571, 10.8486032486, 6.55965042114, 1.50435602665, 2.53981184959, 0.0856380686164, -1.25712108612, -3.80532503128], [-118.814575195, -73.8372955322, 40.5428009033, 83.5912628174, 62.1625595093, 5.59550285339, 6.87369537354, 25.2301979065, 23.022195816, 8.88295555115, -9.75180721283, -2.68312239647, 5.79834127426], [-92.8693695068, -54.9252929688, 29.6657962799, 62.1625595093, 59.5713882446, 15.2303495407, 10.451883316, 23.2645683289, 22.3270168304, 10.5663499832, -5.6567902565, -1.2726367712, 5.42744684219], [20.1829719543, 16.1746520996, 6.95105266571, 5.59550285339, 15.2303495407, 27.3850917816, 21.2459030151, 12.5899305344, 7.07637500763, 6.79377841949, 3.53972864151, -0.294250190258, -3.95821523666], [10.6323442459, 10.991350174, 10.8486032486, 6.87369537354, 10.451883316, 21.2459030151, 34.8645439148, 26.2965507507, 17.0791358948, 12.9691591263, 2.06921505928, -3.91268014908, -4.01534414291], [-35.1508483887, -30.2443027496, 6.55965042114, 25.2301979065, 23.2645683289, 12.5899305344, 26.2965507507, 46.2441635132, 36.2361526489, 16.6792449951, -3.55948185921, -4.54113674164, -0.840934097767], [-64.5013656616, -48.6874351501, 1.50435602665, 23.022195816, 22.3270168304, 7.07637500763, 17.0791358948, 36.2361526489, 44.4014091492, 25.8606014252, 2.88967394829, 1.16907691956, 4.13882303238], [-38.9960708618, -26.2339515686, 2.53981184959, 8.88295555115, 10.5663499832, 6.79377841949, 12.9691591263, 16.6792449951, 25.8606014252, 31.2772636414, 15.6292877197, 6.26313686371, 1.82405877113], [9.11377239227, 10.9677181244, 0.0856380686164, -9.75180721283, -5.6567902565, 3.53972864151, 2.06921505928, -3.55948185921, 2.88967394829, 15.6292877197, 24.7514953613, 14.6869564056, 3.43456268311], [5.84623670578, 2.41698861122, -1.25712108612, -2.68312239647, -1.2726367712, -0.294250190258, -3.91268014908, -4.54113674164, 1.16907691956, 6.26313686371, 14.6869564056, 18.8881950378, 9.41937446594], [-7.64715099335, -10.9769134521, -3.80532503128, 5.79834127426, 5.42744684219, -3.95821523666, -4.01534414291, -0.840934097767, 4.13882303238, 1.82405877113, 3.43456268311, 9.41937446594, 18.7377510071]],
        "icov": [[0.0224126875401, -0.0338807031512, 0.0298649650067, -0.0215095095336, 0.0155885368586, -0.00849624816328, 0.00308563211001, -0.0114079052582, 0.0126234907657, -0.00978259276599, 0.0124904755503, -0.0106532238424, -0.00291077047586], [-0.0338807031512, 0.0665202736855, -0.0576767101884, 0.0446445643902, -0.0147022008896, -0.0020685386844, -0.00519293639809, 0.0109750041738, -0.0090809725225, 0.0234417747706, -0.0241192467511, 0.017470356077, -0.00182287103962], [0.0298649650067, -0.0576767101884, 0.082227833569, -0.0550619065762, 0.00518812472001, 0.0152324382216, -0.0203318875283, 0.0015086166095, 0.0122817261145, -0.0108369253576, 0.0077097970061, -0.0185156706721, 0.0158005431294], [-0.0215095095336, 0.0446445643902, -0.0550619065762, 0.118023619056, -0.097957238555, 0.0414379276335, -0.00909729115665, -0.0085677979514, 0.00569760194048, 0.00977745186538, -0.00143287528772, 0.000548714713659, 0.00224062753841], [0.0155885368586, -0.0147022008896, 0.00518812472001, -0.097957238555, 0.160973578691, -0.107846811414, 0.0503588579595, -0.0182026773691, 0.000630205788184, -0.0168123487383, 0.0183415580541, 0.00804905686527, -0.0362292304635], [-0.00849624816328, -0.0020685386844, 0.0152324382216, 0.0414379276335, -0.107846811414, 0.157785385847, -0.0947686508298, 0.0303493849933, -0.00915549788624, 0.0187257193029, -0.019585441798, -0.0203092452139, 0.0452131778002], [0.00308563211001, -0.00519293639809, -0.0203318875283, -0.00909729115665, 0.0503588579595, -0.0947686508298, 0.13729095459, -0.0740909948945, 0.0281917266548, -0.0435281805694, 0.0128124896437, 0.0270717479289, -0.0295544099063], [-0.0114079052582, 0.0109750041738, 0.0015086166095, -0.0085677979514, -0.0182026773691, 0.0303493849933, -0.0740909948945, 0.132591694593, -0.103251934052, 0.0442974939942, -0.00786045007408, 0.0018995932769, 0.0254684500396], [0.0126234907657, -0.0090809725225, 0.0122817261145, 0.00569760194048, 0.000630205788184, -0.00915549788624, 0.0281917266548, -0.103251934052, 0.158131420612, -0.0963764563203, 0.0433439165354, -0.019966615364, -0.0236000791192], [-0.00978259276599, 0.0234417747706, -0.0108369253576, 0.00977745186538, -0.0168123487383, 0.0187257193029, -0.0435281805694, 0.0442974939942, -0.0963764563203, 0.161795765162, -0.112344786525, 0.0335468947887, 0.0152655513957], [0.0124904755503, -0.0241192467511, 0.0077097970061, -0.00143287528772, 0.0183415580541, -0.019585441798, 0.0128124896437, -0.00786045007408, 0.0433439165354, -0.112344786525, 0.179548531771, -0.108183868229, 0.00875546969473], [-0.0106532238424, 0.017470356077, -0.0185156706721, 0.000548714713659, 0.00804905686527, -0.0203092452139, 0.0270717479289, 0.0018995932769, -0.019966615364, 0.0335468947887, -0.108183868229, 0.163223534822, -0.0598557889462], [-0.00291077047586, -0.00182287103962, 0.0158005431294, 0.00224062753841, -0.0362292304635, 0.0452131778002, -0.0295544099063, 0.0254684500396, -0.0236000791192, 0.0152655513957, 0.00875546969473, -0.0598557889462, 0.10069360584]]
    },
    "melbands": {
        "dmean": [0.000450330640888, 0.00043458250002, 0.000246012205025, 0.000688449887093, 0.000236493811826, 3.40483675245e-05, 3.16634395858e-05, 3.67729880963e-05, 0.000583352346439, 6.64614053676e-05, 7.30977353669e-06, 2.42459509536e-06, 1.27745556711e-06, 2.80803692476e-06, 1.18522721095e-05, 9.12824987154e-07, 5.07850586473e-07, 4.34783117953e-07, 4.03463303655e-07, 3.50735319898e-07, 2.11804575656e-07, 1.48113571186e-07, 1.17400091426e-07, 1.0601338829e-07, 1.54994467039e-07, 1.37733806582e-07, 1.24653610101e-07, 9.56885202186e-08, 9.7529820664e-08, 6.08983796724e-08, 4.41858176714e-08, 5.14229796522e-08, 4.05971327666e-08, 4.66614338279e-08, 3.14810790769e-08, 3.39713430719e-08, 2.44258497872e-08, 2.9441551419e-08, 2.22326175248e-08, 2.20922569127e-08],
        "dmean2": [0.000790181162301, 0.000765435572248, 0.000433775479905, 0.00127790449187, 0.000363435741747, 5.2329069149e-05, 5.5005937611e-05, 4.85216187371e-05, 0.000796815555077, 6.64561521262e-05, 1.17952349683e-05, 3.47656600752e-06, 1.79601283889e-06, 3.68407108908e-06, 1.53281926032e-05, 1.44649447975e-06, 8.27938208658e-07, 6.84215194724e-07, 6.39760060039e-07, 6.00571127052e-07, 3.29608212724e-07, 2.16084870885e-07, 1.78259327299e-07, 1.66121623124e-07, 2.62880149648e-07, 2.35364126411e-07, 2.05341848414e-07, 1.47232881886e-07, 1.56694952125e-07, 1.02893636722e-07, 6.81258640611e-08, 8.89516726943e-08, 6.82978509303e-08, 8.04212092476e-08, 5.40530322723e-08, 5.78913308402e-08, 4.04277535893e-08, 4.87159859119e-08, 3.58142138168e-08, 3.60685810108e-08],
        "dvar": [1.44210133612e-07, 1.1258040189e-07, 5.84726436159e-08, 7.57785187488e-07, 1.26805758782e-07, 1.12688280929e-09, 3.03985281391e-09, 3.93532806342e-09, 1.29600277887e-06, 2.07409556197e-08, 2.93383539685e-10, 9.02445410067e-11, 2.55684449307e-11, 1.62218190269e-11, 3.66828067921e-10, 4.21492094699e-12, 1.13701517819e-12, 4.08759912853e-13, 7.43224058686e-13, 2.87529223521e-13, 2.17282599248e-13, 1.37823888587e-13, 6.3858830333e-14, 3.90661658025e-14, 3.97512934841e-14, 1.97409735856e-14, 1.37576065381e-14, 2.44084910432e-14, 1.28747288506e-14, 6.99946904161e-15, 4.35225391222e-15, 3.89585646661e-15, 1.28465199006e-15, 1.4849544239e-15, 1.09786809618e-15, 1.18779641952e-15, 1.06212997619e-15, 1.15998748083e-15, 4.65425069819e-16, 2.93704598114e-16],
        "dvar2": [4.58547759763e-07, 3.74893716071e-07, 1.79858915317e-07, 1.80126187388e-06, 2.25642367013e-07, 2.92644708466e-09, 7.60085416829e-09, 3.35823435726e-09, 2.85439546133e-06, 3.35401857399e-08, 3.97772925709e-10, 9.62392249226e-11, 2.71753192865e-11, 2.89822714439e-11, 4.99696894973e-10, 5.84784868099e-12, 1.61986635043e-12, 8.13921629747e-13, 1.12249131431e-12, 4.42493264252e-13, 3.12367590561e-13, 1.37352070906e-13, 7.13257171424e-14, 4.69915413818e-14, 6.13960244407e-14, 3.30555115886e-14, 2.62937390502e-14, 2.80078677671e-14, 2.15671139395e-14, 1.21151766191e-14, 5.21912775923e-15, 6.83471435711e-15, 2.15546231681e-15, 2.4545384273e-15, 2.21693361538e-15, 2.24393935508e-15, 1.85660368203e-15, 1.66526243326e-15, 9.05368212211e-16, 6.9200145983e-16],
        "max": [0.00234763184562, 0.00158284208737, 0.00133381341584, 0.00617627799511, 0.00276128691621, 0.000286396127194, 0.000445101875812, 0.000778706977144, 0.0136799281463, 0.00294119562022, 0.000168695230968, 9.23752013477e-05, 4.71788371215e-05, 6.77557327435e-05, 0.000275942962617, 1.88308149518e-05, 1.00231327451e-05, 6.01303872827e-06, 8.08768527349e-06, 4.80955577586e-06, 4.4086291382e-06, 3.66183871847e-06, 2.45203818849e-06, 2.07225048143e-06, 1.81832592716e-06, 1.52057111791e-06, 1.24146163216e-06, 1.61554396527e-06, 1.10510404738e-06, 8.11835604964e-07, 7.20000571164e-07, 6.44074191314e-07, 4.17160151756e-07, 4.14848642549e-07, 3.35707738941e-07, 3.62280871968e-07, 3.47903096554e-07, 4.2669049094e-07, 2.45994272063e-07, 2.08355075415e-07],
        "mean": [0.000623937812634, 0.000576418591663, 0.000330459093675, 0.00115953630302, 0.000443021272076, 6.67022104608e-05, 5.32662306796e-05, 0.000118015668704, 0.00155752710998, 0.000303505046759, 1.28685378513e-05, 3.65166397387e-06, 2.12390091292e-06, 1.4496609765e-05, 5.52850142412e-05, 1.63137406162e-06, 9.63428988143e-07, 7.46736418478e-07, 7.63343280141e-07, 6.28734198926e-07, 4.50280623454e-07, 3.16210048368e-07, 2.67053223979e-07, 2.64075680434e-07, 3.44832699284e-07, 3.03168746996e-07, 2.65646576736e-07, 2.75626604207e-07, 2.34323110249e-07, 1.83456364766e-07, 1.44804346291e-07, 1.34408580266e-07, 1.17493577534e-07, 1.19169875745e-07, 1.09723913511e-07, 1.01562541488e-07, 9.61840811442e-08, 9.51623988499e-08, 8.64980123083e-08, 7.94825609773e-08],
        "median": [0.000540381122846, 0.00050352991093, 0.000263712368906, 0.000495661923196, 0.000108151929453, 5.20491266798e-05, 3.50201553374e-05, 0.000100340083009, 0.000536749488674, 4.15458962379e-05, 8.91036233952e-06, 2.1697376269e-06, 1.45970182075e-06, 8.91625131771e-06, 2.98863178614e-05, 1.28159524593e-06, 7.83978748586e-07, 5.82236509672e-07, 6.21473645879e-07, 5.20977835095e-07, 3.79186275268e-07, 2.56168902979e-07, 2.3761100465e-07, 2.29983896816e-07, 2.96048767723e-07, 2.59370608546e-07, 2.4112350161e-07, 2.61063490825e-07, 2.16504417949e-07, 1.657823816e-07, 1.2982258113e-07, 1.2468552768e-07, 1.10502028861e-07, 1.13346196429e-07, 1.03886215186e-07, 9.51656957682e-08, 8.63290807729e-08, 8.54722159715e-08, 8.08353064485e-08, 7.5841768421e-08],
        "min": [8.1307189248e-06, 1.91716408153e-05, 1.28663159558e-05, 4.2728450353e-05, 1.05792551039e-05, 1.16097007776e-05, 5.80558344154e-06, 2.79260329989e-05, 9.82956335065e-05, 5.8452696976e-06, 7.8090175748e-07, 3.48252910953e-07, 2.6075449e-07, 1.0161239743e-06, 2.54899600804e-06, 4.2988725113e-07, 8.87352555878e-08, 1.58644070325e-07, 2.24324466558e-07, 1.07270167859e-07, 1.10212560855e-07, 7.54658131541e-08, 5.0577888544e-08, 1.00744209419e-07, 1.05530276073e-07, 6.84410750296e-08, 7.44873673852e-08, 8.58827249317e-08, 4.59180107271e-08, 9.7802278276e-08, 6.08222308074e-08, 4.16070697895e-08, 4.64701308545e-08, 5.16935756423e-08, 4.20648902377e-08, 3.28326272836e-08, 5.65208289061e-08, 3.56461136164e-08, 3.74480677579e-08, 3.91203514027e-08],
        "var": [1.97739780106e-07, 1.53998342967e-07, 6.14471105109e-08, 1.86146667147e-06, 3.87500449506e-07, 2.52072784868e-09, 3.35494143577e-09, 7.07900937869e-09, 5.33593265573e-06, 3.24817904129e-07, 3.59573731901e-10, 1.0204130596e-10, 2.60044104305e-11, 2.16115209062e-10, 3.58211793561e-09, 4.3803454787e-12, 1.18903801735e-12, 5.42916514697e-13, 7.72006699019e-13, 2.95725737735e-13, 2.28783056952e-13, 1.56599017608e-13, 6.6546526861e-14, 4.83584323301e-14, 4.68947729498e-14, 3.38180208121e-14, 2.37937772106e-14, 2.92799706464e-14, 1.52129184087e-14, 7.65181781869e-15, 6.05843491897e-15, 4.94645091285e-15, 2.31057480176e-15, 2.43988666314e-15, 1.46093828699e-15, 1.72562369515e-15, 1.52111870734e-15, 2.10714586343e-15, 7.25072061311e-16, 5.16128303223e-16]
    },
    "mfcc": {
        "mean": [-727.691040039, 152.043823242, 49.9483070374, 15.3167333603, -6.10493707657, -2.22338342667, 2.19055223465, -2.3752245903, -0.125534921885, 9.20867061615, 10.9541711807, 9.80581283569, -0.441743910313],
        "cov": [[463.833435059, 213.939163208, 9.69060707092, -76.6627044678, -78.6203460693, -24.0820636749, 8.84198570251, 16.2442951202, -34.015422821, -41.1417579651, -27.5146846771, -14.0367660522, -36.3736343384], [213.939163208, 166.605010986, 46.7364692688, -36.9844245911, -44.7120170593, -10.049077034, 12.5793228149, 8.02992725372, -30.1947822571, -28.7257041931, -13.1594820023, -6.65143108368, -21.1495323181], [9.69060707092, 46.7364692688, 46.5777053833, 12.6896591187, -1.94573175907, 2.67413473129, 11.3887224197, 4.58039855957, -11.3975887299, -6.64399814606, 1.4188811779, 1.44932806492, -3.59652328491], [-76.6627044678, -36.9844245911, 12.6896591187, 50.1422691345, 35.6690177917, 11.525976181, 8.47039890289, 5.76318120956, 14.5997085571, 11.4638824463, 1.96264493465, -0.523576796055, 10.2906293869], [-78.6203460693, -44.7120170593, -1.94573175907, 35.6690177917, 46.1992416382, 15.2792186737, 4.61110115051, 5.57868480682, 17.135635376, 12.1577062607, 2.99660539627, -0.473752319813, 11.962310791], [-24.0820636749, -10.049077034, 2.67413473129, 11.525976181, 15.2792186737, 22.4343128204, 12.1744003296, 2.94164824486, 7.81228542328, 6.69634914398, 4.41658687592, 3.96524310112, 7.93574237823], [8.84198570251, 12.5793228149, 11.3887224197, 8.47039890289, 4.61110115051, 12.1744003296, 24.6985816956, 11.1162519455, 7.07502841949, 7.58982467651, 4.7198972702, 1.02562594414, 3.26578187943], [16.2442951202, 8.02992725372, 4.58039855957, 5.76318120956, 5.57868480682, 2.94164824486, 11.1162519455, 23.2720489502, 15.907623291, 9.2718296051, 1.26260828972, 1.24528050423, 2.25853705406], [-34.015422821, -30.1947822571, -11.3975887299, 14.5997085571, 17.135635376, 7.81228542328, 7.07502841949, 15.907623291, 37.4498977661, 28.6516265869, 7.9991235733, 5.18922758102, 11.8185749054], [-41.1417579651, -28.7257041931, -6.64399814606, 11.4638824463, 12.1577062607, 6.69634914398, 7.58982467651, 9.2718296051, 28.6516265869, 35.4435272217, 16.89412117, 3.47120666504, 8.9162197113], [-27.5146846771, -13.1594820023, 1.4188811779, 1.96264493465, 2.99660539627, 4.41658687592, 4.7198972702, 1.26260828972, 7.9991235733, 16.89412117, 28.9894065857, 12.9493684769, 6.27942752838], [-14.0367660522, -6.65143108368, 1.44932806492, -0.523576796055, -0.473752319813, 3.96524310112, 1.02562594414, 1.24528050423, 5.18922758102, 3.47120666504, 12.9493684769, 28.8688240051, 16.5940723419], [-36.3736343384, -21.1495323181, -3.59652328491, 10.2906293869, 11.962310791, 7.93574237823, 3.26578187943, 2.25853705406, 11.8185749054, 8.9162197113, 6.27942752838, 16.5940723419, 27.7112236023]],
