{
"lowlevel": {
    "average_loudness": 0.985699117184,
    "barkbands_crest": {
        "dmean": 1.85925543308,
        "dmean2": 2.61203360558,
        "dvar": 5.4563293457,
        "dvar2": 12.8532085419,
        "max": 26.9195747375,
        "mean": 18.2068939209,
        "median": 17.468416214,
        "min": 5.34966993332,
        "var": 32.032169342
    },
    "barkbands_flatness_db": {
        "dmean": 0.0339025966823,
        "dmean2": 0.0406064689159,
        "dvar": 0.00163443258498,
        "dvar2": 0.00218389322981,
        "max": 0.606555700302,
        "mean": 0.393739283085,
        "median": 0.452993869781,
        "min": 0.0492158122361,
        "var": 0.0235020723194
    },
    "barkbands_kurtosis": {
        "dmean": 29.2615852356,
        "dmean2": 43.6473274231,
        "dvar": 6291.95166016,
        "dvar2": 11243.2001953,
        "max": 810.97857666,
        "mean": 50.5125999451,
        "median": 9.59853744507,
        "min": -0.212369441986,
        "var": 19020.1621094
    },
    "barkbands_skewness": {
        "dmean": 1.43401670456,
        "dmean2": 2.31808853149,
        "dvar": 7.36592674255,
        "dvar2": 21.423828125,
        "max": 18.7480735779,
        "mean": 2.49050235748,
        "median": 1.96148979664,
        "min": -4.08193969727,
        "var": 8.24936580658
    },
    "barkbands_spread": {
        "dmean": 2.45057702065,
        "dmean2": 3.59848332405,
        "dvar": 33.9288787842,
        "dvar2": 86.4273376465,
        "max": 50.8887367249,
        "mean": 5.56890201569,
        "median": 2.02761459351,
        "min": 0.0974197015166,
        "var": 90.5544433594
    },
    "dissonance": {
        "dmean": 0.0794487521052,
        "dmean2": 0.137746930122,
        "dvar": 0.00641627795994,
        "dvar2": 0.0162093024701,
        "max": 0.499838918447,
        "mean": 0.296747982502,
        "median": 0.272053420544,
        "min": 0.0833156630397,
        "var": 0.0152376871556
    },
    "dynamic_complexity": 5.90700244904,
    "erbbands_crest": {
        "dmean": 1.7994017601,
        "dmean2": 2.41361379623,
        "dvar": 4.5413851738,
        "dvar2": 8.24038124084,
        "max": 31.8810081482,
        "mean": 20.8811531067,
        "median": 21.7658138275,
        "min": 2.70380043983,
        "var": 50.2235450745
    },
    "erbbands_flatness_db": {
        "dmean": 0.0295427273959,
        "dmean2": 0.0344196297228,
        "dvar": 0.00149090855848,
        "dvar2": 0.0018084741896,
        "max": 0.630282580853,
        "mean": 0.405518144369,
        "median": 0.48133790493,
        "min": 0.0369688346982,
        "var": 0.0254432465881
    },
    "erbbands_kurtosis": {
        "dmean": 11.3671321869,
        "dmean2": 15.5530433655,
        "dvar": 531.526123047,
        "dvar2": 1244.56176758,
        "max": 195.10055542,
        "mean": 21.3761634827,
        "median": 4.31572389603,
        "min": -1.28929507732,
        "var": 1389.17565918
    },
    "erbbands_skewness": {
        "dmean": 0.635121703148,
        "dmean2": 0.888383090496,
        "dvar": 1.0417330265,
        "dvar2": 2.56206202507,
        "max": 8.59463500977,
        "mean": 2.42178010941,
        "median": 1.80586075783,
        "min": -0.0121324863285,
        "var": 3.53088498116
    },
    "erbbands_spread": {
        "dmean": 2.35304093361,
        "dmean2": 3.19200372696,
        "dvar": 34.2532844543,
        "dvar2": 54.1953468323,
        "max": 80.5199584961,
        "mean": 9.78552341461,
        "median": 4.36309289932,
        "min": 0.279201805592,
        "var": 301.844970703
    },
    "hfc": {
        "dmean": 2.99538636208,
        "dmean2": 4.14676380157,
        "dvar": 17.3417930603,
        "dvar2": 40.4054832458,
        "max": 37.743637085,
        "mean": 13.850774765,
        "median": 14.4271764755,
        "min": 0.0117059238255,
        "var": 116.259941101
    },
    "melbands_crest": {
        "dmean": 1.73925805092,
        "dmean2": 2.32993912697,
        "dvar": 5.02049255371,
        "dvar2": 11.833697319,
        "max": 33.213558197,
        "mean": 22.3618030548,
        "median": 21.9838657379,
        "min": 8.73049068451,
        "var": 31.9901657104
    },
    "melbands_flatness_db": {
        "dmean": 0.0340592041612,
        "dmean2": 0.0393487103283,
        "dvar": 0.00155322893988,
        "dvar2": 0.00225047720596,
        "max": 0.689252197742,
        "mean": 0.463422000408,
        "median": 0.515700042248,
        "min": 0.148342162371,
        "var": 0.0196033678949
    },
    "melbands_kurtosis": {
        "dmean": 11.8300418854,
        "dmean2": 16.292848587,
        "dvar": 446.973815918,
        "dvar2": 950.514587402,
        "max": 217.811660767,
        "mean": 25.6067028046,
        "median": 9.72618103027,
        "min": 0.212505817413,
        "var": 1273.27539062
    },
    "melbands_skewness": {
        "dmean": 0.820483565331,
        "dmean2": 1.20455312729,
        "dvar": 0.999663293362,
        "dvar2": 2.29722332954,
        "max": 8.13017749786,
        "mean": 1.9712228775,
        "median": 2.15961503983,
        "min": -5.05343055725,
        "var": 4.42306423187
    },
    "melbands_spread": {
        "dmean": 1.56671857834,
        "dmean2": 2.18273282051,
        "dvar": 8.10298633575,
        "dvar2": 21.7043914795,
        "max": 25.7702465057,
        "mean": 4.52663564682,
        "median": 3.03456950188,
        "min": 0.159657672048,
        "var": 24.4119281769
    },
    "pitch_salience": {
        "dmean": 0.0638339370489,
        "dmean2": 0.0873805880547,
        "dvar": 0.00747555075213,
        "dvar2": 0.0127692921087,
        "max": 0.775979697704,
        "mean": 0.319197773933,
        "median": 0.310182243586,
        "min": 0.0296956244856,
        "var": 0.0274587776512
    },
    "silence_rate_20dB": {
        "dmean": 0,
        "dmean2": 0,
        "dvar": 0,
        "dvar2": 0,
        "max": 1,
        "mean": 1,
        "median": 1,
        "min": 1,
        "var": 0
    },
    "silence_rate_30dB": {
        "dmean": 0,
        "dmean2": 0,
        "dvar": 0,
        "dvar2": 0,
        "max": 1,
        "mean": 1,
        "median": 1,
        "min": 1,
        "var": 0
    },
    "silence_rate_60dB": {
        "dmean": 0.0416666679084,
        "dmean2": 0.0840336158872,
        "dvar": 0.0399305820465,
        "dvar2": 0.0769720450044,
        "max": 1,
        "mean": 0.223140493035,
        "median": 0,
        "min": 0,
        "var": 0.173348709941
    },
    "spectral_centroid": {
        "dmean": 42.6972923279,
        "dmean2": 62.5622940063,
        "dvar": 6702.58349609,
        "dvar2": 15100.5703125,
        "max": 1363.99536133,
        "mean": 739.437927246,
        "median": 706.914489746,
        "min": 451.943603516,
        "var": 22477.5253906
    },
    "spectral_complexity": {
        "dmean": 0.808333337307,
        "dmean2": 1.41176474094,
        "dvar": 2.2549328804,
        "dvar2": 4.1581788063,
        "max": 12,
        "mean": 2.85123968124,
        "median": 2,
        "min": 0,
        "var": 5.71340894699
    },
    "spectral_decrease": {
        "dmean": 1.03114017325e-09,
        "dmean2": 1.40800637816e-09,
        "dvar": 1.67439005947e-18,
        "dvar2": 3.41510966431e-18,
        "max": -2.43167617119e-12,
        "mean": -4.87746909528e-09,
        "median": -4.55375825936e-09,
        "min": -1.53425379068e-08,
        "var": 1.56836240011e-17
    },
    "spectral_energy": {
        "dmean": 0.00415796088055,
        "dmean2": 0.00568981515244,
        "dvar": 2.74659050774e-05,
        "dvar2": 5.6459721236e-05,
        "max": 0.0613296553493,
        "mean": 0.0196649488062,
        "median": 0.0186686441302,
        "min": 1.07717851279e-05,
        "var": 0.000252927740803
    },
    "spectral_energyband_high": {
        "dmean": 2.64676091319e-05,
        "dmean2": 3.77534306608e-05,
        "dvar": 1.02719601713e-08,
        "dvar2": 2.3686904882e-08,
        "max": 0.000831762503367,
        "mean": 2.56778603216e-05,
        "median": 1.06587742721e-06,
        "min": 1.6529173763e-07,
        "var": 1.15331335593e-08
    },
    "spectral_energyband_low": {
        "dmean": 1.25087035485e-05,
        "dmean2": 2.04844382097e-05,
        "dvar": 8.73195404871e-10,
        "dvar2": 1.91607285593e-09,
        "max": 0.000226551375818,
        "mean": 1.42347407746e-05,
        "median": 5.50752974959e-06,
        "min": 3.24389077377e-07,
        "var": 9.70038938064e-10
    },
    "spectral_energyband_middle_high": {
        "dmean": 0.00121898530051,
        "dmean2": 0.00196803919971,
        "dvar": 1.35404716275e-05,
        "dvar2": 2.72193337878e-05,
        "max": 0.0406222939491,
        "mean": 0.00349828321487,
        "median": 0.000884529377799,
        "min": 6.93554909503e-07,
        "var": 5.17284897796e-05
    },
    "spectral_energyband_middle_low": {
        "dmean": 0.00329778040759,
        "dmean2": 0.00426696008071,
        "dvar": 1.73409043782e-05,
        "dvar2": 3.34072719852e-05,
        "max": 0.0612530298531,
        "mean": 0.0162124931812,
        "median": 0.0145537685603,
        "min": 3.44968498212e-06,
        "var": 0.000235447092564
    },
    "spectral_entropy": {
        "dmean": 0.289465427399,
        "dmean2": 0.32265278697,
        "dvar": 0.17578831315,
        "dvar2": 0.1870572716,
        "max": 8.39704322815,
        "mean": 5.04341220856,
        "median": 4.40955638885,
        "min": 2.93756175041,
        "var": 2.25676345825
    },
    "spectral_flux": {
        "dmean": 0.0149249183014,
        "dmean2": 0.0232209973037,
        "dvar": 0.000438010756625,
        "dvar2": 0.0010414585704,
        "max": 0.150151476264,
        "mean": 0.0277664735913,
        "median": 0.0185785833746,
        "min": 0.00183006795123,
        "var": 0.000819827022497
    },
    "spectral_kurtosis": {
        "dmean": 14.4623804092,
        "dmean2": 21.6771526337,
        "dvar": 396.331695557,
        "dvar2": 953.847412109,
        "max": 171.103347778,
        "mean": 59.2684631348,
        "median": 62.016494751,
        "min": 2.59796380997,
        "var": 1767.06103516
    },
    "spectral_rms": {
        "dmean": 0.000505055009853,
        "dmean2": 0.000676196184941,
        "dvar": 5.18274930528e-07,
        "dvar2": 9.22562946926e-07,
        "max": 0.00773523142561,
        "mean": 0.0037844479084,
        "median": 0.00426770560443,
        "min": 0.000102513702586,
        "var": 4.86326462124e-06
    },
    "spectral_rolloff": {
        "dmean": 108.383789062,
        "dmean2": 198.684509277,
        "dvar": 56954.671875,
        "dvar2": 130480.34375,
        "max": 1765.72265625,
        "mean": 790.500244141,
        "median": 667.529296875,
        "min": 107.666015625,
        "var": 77020.0390625
    },
    "spectral_skewness": {
        "dmean": 0.802990376949,
        "dmean2": 1.13951230049,
        "dvar": 0.947706878185,
        "dvar2": 2.00753331184,
        "max": 11.6377773285,
        "mean": 5.95910024643,
        "median": 6.4880490303,
        "min": 1.62371885777,
        "var": 7.02068138123
    },
    "spectral_spread": {
        "dmean": 856606.75,
        "dmean2": 1149183.375,
        "dvar": 2.93931948442e+12,
        "dvar2": 2.57554173133e+12,
        "max": 25166234,
        "mean": 3244234,
        "median": 1884657.75,
        "min": 802807.4375,
        "var": 1.04343766303e+13
    },
    "spectral_strongpeak": {
        "dmean": 0.424666553736,
        "dmean2": 0.55929672718,
        "dvar": 0.328670710325,
        "dvar2": 0.494370490313,
        "max": 6.49360799789,
        "mean": 2.38997268677,
        "median": 2.57081031799,
        "min": 0.00323471566662,
        "var": 2.67355656624
    },
    "zerocrossingrate": {
        "dmean": 0.00552164716646,
        "dmean2": 0.00757041107863,
        "dvar": 0.000183251817361,
        "dvar2": 0.000279129482806,
        "max": 0.14501953125,
        "mean": 0.0419962219894,
        "median": 0.02978515625,
        "min": 0.0078125,
        "var": 0.0007054801099
    },
    "barkbands": {
        "dmean": [2.32857004789e-07, 6.73513477523e-06, 7.11139955456e-06, 1.2376792256e-05, 0.000279793457594, 4.00327407988e-05, 0.00014566333266, 0.000672609661706, 0.00243694032542, 0.000932303373702, 0.000184837423149, 2.6236206395e-05, 0.000218797795242, 1.19575161079e-05, 2.62648472926e-06, 2.56256697639e-07, 5.65786308471e-07, 5.42445491192e-07, 2.05426999855e-06, 1.00228555766e-06, 1.12153065857e-06, 2.2437836833e-06, 1.29138595639e-06, 2.95015706797e-06, 8.06938987807e-06, 8.70257463248e-06, 2.36184610003e-06],
        "dmean2": [4.35444121649e-07, 1.12414254545e-05, 1.21672010209e-05, 2.06848962989e-05, 0.000317306956276, 6.87625069986e-05, 0.000255708117038, 0.000891569419764, 0.00295469281264, 0.00148215575609, 0.00030558463186, 4.71967796329e-05, 0.000266927818302, 1.89660786418e-05, 4.51090818387e-06, 4.64562731395e-07, 9.04778289623e-07, 9.09747996047e-07, 2.90249590762e-06, 1.50882203798e-06, 1.89589115962e-06, 3.69478289031e-06, 2.19562411985e-06, 4.71849034511e-06, 1.05357003122e-05, 1.23014697238e-05, 3.87328555007e-06],
        "dvar": [8.08086575627e-14, 1.71064454269e-10, 4.88917129005e-10, 2.28797958357e-09, 1.40654344705e-06, 1.70551626155e-08, 7.16629074304e-07, 3.24375878336e-06, 8.59755618876e-06, 1.21323892017e-05, 4.03162431439e-07, 1.50553383094e-08, 2.30758161024e-07, 3.10399839165e-09, 8.09488032161e-11, 8.12933596307e-13, 2.00388251999e-12, 6.28479993742e-12, 4.26705580592e-11, 1.2981627058e-11, 1.2341776906e-11, 1.70468472671e-10, 3.64763705352e-11, 1.18316426101e-10, 9.54821888222e-10, 1.17627141361e-09, 1.67593189326e-10],
        "dvar2": [2.83595223043e-13, 4.51381904076e-10, 1.2455098064e-09, 6.1635887505e-09, 1.57358397246e-06, 5.39122204657e-08, 1.25649739857e-06, 4.73238333143e-06, 1.64917091752e-05, 2.27111031563e-05, 9.53917151492e-07, 4.4432422186e-08, 3.66963604392e-07, 7.47224060405e-09, 2.17525830681e-10, 2.26636569754e-12, 5.5889797998e-12, 1.71656352327e-11, 9.7107932806e-11, 2.88850766222e-11, 2.9953806796e-11, 4.57895499295e-10, 1.02421876536e-10, 3.13223585957e-10, 1.93288030026e-09, 2.47416864774e-09, 4.29139945801e-10],
        "max": [1.37807251122e-06, 0.000110097797005, 0.000177114270627, 0.000396055431338, 0.0151736233383, 0.000905662076548, 0.00804373808205, 0.0287356227636, 0.0324729904532, 0.0403031669557, 0.00428350968286, 0.000978387659416, 0.00510825635865, 0.000521360139828, 8.40845023049e-05, 7.44779481465e-06, 9.61563819146e-06, 1.78441478056e-05, 6.44027968519e-05, 2.96719263133e-05, 3.24174507114e-05, 0.000119478085253, 4.68221805932e-05, 7.40654359106e-05, 0.000248647702392, 0.000337598787155, 0.000123370366055],
        "mean": [2.46711010732e-07, 6.60516570861e-06, 5.90560284763e-06, 9.07525827643e-06, 0.000406484701671, 3.14726494253e-05, 0.000247949996265, 0.00453598238528, 0.0108312629163, 0.00194418919273, 0.00020866394334, 3.24446773448e-05, 0.00135215127375, 1.87758396351e-05, 3.35881372848e-06, 2.80664522734e-07, 7.67521669331e-07, 4.50890468073e-07, 2.58389877672e-06, 1.13519161005e-06, 1.92665606846e-06, 1.98876637114e-06, 1.05942513073e-06, 2.54990368376e-06, 7.9464080045e-06, 7.90679041529e-06, 1.80394522431e-06],
        "median": [1.20635334611e-07, 2.8414820008e-06, 1.08028882551e-06, 8.10277128949e-07, 2.07592847801e-06, 7.64460253322e-07, 9.10926132747e-07, 7.32454918762e-06, 0.0110440114513, 7.57140333008e-06, 6.99298198015e-07, 1.90102934994e-06, 0.000173714302946, 2.56182318026e-07, 1.65728363299e-06, 5.81359245189e-08, 2.31963923625e-07, 3.51439055635e-08, 3.2321196386e-07, 2.20904695425e-07, 2.2544827516e-07, 8.53578470128e-08, 5.35123483303e-08, 5.86560275906e-08, 6.30617620345e-08, 8.2584463712e-08, 8.91710953965e-08],
        "min": [1.46350753738e-09, 1.16093090696e-07, 2.50087879294e-08, 8.42587066785e-09, 1.53356424448e-07, 1.08359863304e-07, 4.08574152289e-08, 4.15108090124e-08, 6.57451195707e-08, 1.20491961297e-07, 3.13021786269e-08, 4.05935018932e-08, 6.59196075503e-08, 3.32145404514e-08, 5.05014305929e-08, 1.71419589634e-08, 1.39679627864e-08, 4.1707464149e-09, 2.15545394866e-08, 3.09195122838e-08, 1.40482381283e-08, 7.68072716539e-09, 8.68476845994e-09, 8.67261906734e-09, 6.10348127594e-09, 5.48876144535e-09, 9.28288113045e-09],
        "var": [9.30999120028e-14, 1.49758275225e-10, 3.90356219571e-10, 1.78465375811e-09, 3.80199480787e-06, 1.38070692657e-08, 1.44989871842e-06, 5.42324232811e-05, 8.68985953275e-05, 5.0172846386e-05, 5.08725406689e-07, 1.0398300887e-08, 3.07339018946e-06, 6.76772815567e-09, 7.37651953409e-11, 7.09731752535e-13, 2.15067460368e-12, 4.6318422188e-12, 6.7082998878e-11, 1.51211161648e-11, 2.55462664911e-11, 1.32473088055e-10, 2.58808495468e-11, 9.74995778558e-11, 1.23567889254e-09, 1.53712487183e-09, 1.35575314864e-10]
    },
    "erbbands": {
        "dmean": [0.000181884199264, 0.00164286128711, 0.00569563452154, 0.0237323027104, 0.290069520473, 1.56650733948, 0.635730147362, 0.200531899929, 0.505073010921, 4.07606458664, 40.296459198, 45.5611419678, 20.1345405579, 18.3648338318, 5.16428565979, 2.73835539818, 9.78308010101, 0.634430766106, 0.488991349936, 0.0999549776316, 0.0167753975838, 0.0400200001895, 0.0308772362769, 0.0951860025525, 0.0440000668168, 0.0513229593635, 0.0340300686657, 0.0502793565392, 0.103071264923, 0.042901083827, 0.0332972183824, 0.0591239370406, 0.0460675396025, 0.0599945560098, 0.0597045980394, 0.0525744110346, 0.0152054429054, 0.00281651015393, 0.000372377486201, 1.77209203684e-05],
        "dmean2": [0.000308048474835, 0.00273642060347, 0.00977533869445, 0.0384348742664, 0.524844825268, 1.82331454754, 0.941426515579, 0.328605651855, 0.903434932232, 6.5470252037, 50.7731208801, 54.1147270203, 31.9622840881, 30.2297458649, 9.04010868073, 3.68126368523, 12.0751562119, 0.89895015955, 0.794328451157, 0.150655597448, 0.02690914087, 0.0661991015077, 0.0520238541067, 0.145663231611, 0.0652039423585, 0.0795432776213, 0.0552182905376, 0.0881059616804, 0.16484041512, 0.0726272463799, 0.055029001087, 0.0940435826778, 0.0750049576163, 0.0930030122399, 0.0761634781957, 0.0718269273639, 0.0231652315706, 0.00449081510305, 0.000603353080805, 2.74992617051e-05],
        "dvar": [7.09290830514e-08, 1.18426605695e-05, 0.000260867644101, 0.00751611310989, 1.73136627674, 55.0640182495, 5.26043128967, 0.379437983036, 6.08475923538, 394.9112854, 5449.578125, 2631.99438477, 4797.30664062, 3849.96459961, 341.338043213, 27.3955078125, 454.686737061, 2.41534042358, 3.76939797401, 0.060427647084, 0.0024375685025, 0.0115256812423, 0.0190251246095, 0.105147339404, 0.0184960886836, 0.0353411287069, 0.0129296611995, 0.0315596610308, 0.346494376659, 0.0483704097569, 0.0231769941747, 0.0459301061928, 0.0352166183293, 0.0658950656652, 0.0500994734466, 0.0424864143133, 0.00375254219398, 0.000172877204022, 3.96998029828e-06, 4.01713329268e-09],
        "dvar2": [1.85181036727e-07, 3.04964123643e-05, 0.000610916526057, 0.0198567193002, 4.82379961014, 70.957862854, 8.29494953156, 1.06962525845, 13.0206127167, 699.365722656, 9228.62890625, 4864.9921875, 8348.80761719, 8946.54980469, 877.817932129, 55.7140922546, 745.926025391, 6.20149326324, 8.57481861115, 0.148414209485, 0.00640995660797, 0.0315534323454, 0.0533179789782, 0.248507112265, 0.0374180600047, 0.076820589602, 0.0346348211169, 0.0693640634418, 0.901948571205, 0.135813444853, 0.0651225671172, 0.122575119138, 0.0938985571265, 0.12885953486, 0.0980251058936, 0.0895020738244, 0.00823300611228, 0.000425869366154, 1.00126444522e-05, 1.01229495897e-08],
        "max": [0.00170408934355, 0.0297523885965, 0.127621263266, 0.777990162373, 12.588807106, 89.1150436401, 27.9508094788, 5.60654354095, 22.64220047, 203.147766113, 1202.27026367, 590.547729492, 855.500976562, 662.379455566, 133.568344116, 49.4399719238, 225.318771362, 13.0562477112, 17.9275588989, 1.86699151993, 0.395323097706, 0.695614993572, 1.06563723087, 3.0568292141, 1.17816579342, 1.54766654968, 0.920026421547, 1.87563765049, 5.50996780396, 1.86297369003, 1.18811249733, 1.50824141502, 1.38180458546, 1.80914890766, 2.00067925453, 2.00131344795, 0.551835477352, 0.12657481432, 0.0192705504596, 0.000602421001531],
        "mean": [0.000179517446668, 0.00159056682605, 0.00567055819556, 0.0201079472899, 0.278557360172, 2.14991545677, 0.975374817848, 0.204611554742, 0.885682284832, 10.9098711014, 224.605133057, 220.637161255, 51.9796104431, 32.0948791504, 6.50994300842, 13.1624002457, 60.7572097778, 2.67000365257, 0.852308809757, 0.175168991089, 0.0256349425763, 0.0518866330385, 0.0298233497888, 0.117777019739, 0.0674284100533, 0.0612718202174, 0.056433249265, 0.0843804553151, 0.0977559387684, 0.036113999784, 0.029060607776, 0.0515999868512, 0.0392557941377, 0.0633771568537, 0.0605291090906, 0.0474663078785, 0.0133773349226, 0.00218165200204, 0.00029405078385, 3.42429884768e-05],
        "median": [7.47510057408e-05, 0.000671308662277, 0.00154358858708, 0.002237171866, 0.00576656544581, 0.00527351954952, 0.00794455688447, 0.0116207906976, 0.0596193484962, 1.49494147301, 83.5715637207, 241.385879517, 11.7605314255, 0.685834169388, 0.58411359787, 5.98202466965, 8.53290271759, 1.15084433556, 0.122352816164, 0.111421354115, 0.0129393190145, 0.0127637051046, 0.00594798149541, 0.0145005453378, 0.011078774929, 0.0108514046296, 0.00968065299094, 0.00560023495927, 0.00385025236756, 0.00255838735029, 0.0015338587109, 0.00119530851953, 0.000968902138993, 0.000684704340529, 0.000484064861666, 0.000269765936537, 0.000174894783413, 5.79369952902e-05, 2.42946171056e-05, 2.39442269958e-05],
        "min": [2.31497142522e-06, 3.20358849422e-05, 7.75948356022e-05, 7.70087353885e-05, 0.000285563670332, 0.000693569658324, 0.000843948160764, 0.000913541414775, 0.00119583879132, 0.000781893089879, 0.000702013727278, 0.00132259458769, 0.00373394205235, 0.00259727961384, 0.00180740433279, 0.00248621869832, 0.00357302185148, 0.00369887799025, 0.00338097545318, 0.0016187208239, 0.00245499913581, 0.000954938412178, 0.000773084815592, 0.00122667313553, 0.00155055290088, 0.00175348494668, 0.00107175693847, 0.000511899823323, 0.000373407121515, 0.000332953030011, 0.000241402260144, 0.000210043202969, 0.00017447542632, 8.15145831439e-05, 7.17914736015e-05, 3.8399353798e-05, 1.5156734662e-05, 5.01673639519e-06, 6.39850532025e-06, 2.48170977102e-06],
        "var": [7.29820612833e-08, 1.05842864286e-05, 0.000250813289313, 0.00676749972627, 1.79894149303, 123.439720154, 16.0506477356, 0.446572929621, 11.4786272049, 853.255493164, 91388.15625, 31409.4492188, 22323.1054688, 11968.4033203, 384.364624023, 236.118331909, 6106.85009766, 9.75925254822, 8.94941139221, 0.0723232552409, 0.00252706278116, 0.0119087230414, 0.0133763989434, 0.139788255095, 0.0349850021303, 0.0419130809605, 0.0133185619488, 0.0787369310856, 0.29740190506, 0.0327059179544, 0.0166793428361, 0.0376535207033, 0.0278681926429, 0.0810115784407, 0.0718340054154, 0.0558935701847, 0.00435021752492, 0.000158429465955, 3.33955154019e-06, 3.63711794016e-09]
    },
    "gfcc": {
        "mean": [-230.808059692, 93.8525466919, -120.520324707, -67.6988372803, -74.2225952148, 11.3847761154, 5.75939226151, 12.4988718033, -8.83577728271, 7.62038993835, -18.1601581573, -28.8640346527, -22.2439060211],
        "cov": [[6003.08740234, 115.360740662, -866.640991211, -1067.98352051, -1380.48657227, 117.332023621, -371.924133301, -259.521759033, -944.510009766, -170.223205566, -82.9293060303, 166.978942871, -26.6702022552], [115.360740662, 860.837036133, -641.959960938, -781.148132324, -295.721954346, -201.12197876, 245.324691772, 26.562286377, 232.359344482, 63.1975784302, 90.064491272, -273.518432617, -216.194320679], [-866.640991211, -641.959960938, 1773.08349609, 1116.47033691, 543.963439941, -172.607376099, -650.822692871, 146.412857056, -205.080734253, -238.368438721, -186.369903564, 431.589019775, 359.865692139], [-1067.98352051, -781.148132324, 1116.47033691, 1335.28540039, 625.08581543, 137.201080322, -296.836212158, -49.3231773376, -180.678848267, -166.948867798, -90.8149871826, 390.538543701, 373.35635376], [-1380.48657227, -295.721954346, 543.963439941, 625.08581543, 596.33605957, 143.543273926, 21.1885929108, 36.7171821594, 101.600715637, 1.88796985149, -43.3207244873, 109.137252808, 104.333908081], [117.332023621, -201.12197876, -172.607376099, 137.201080322, 143.543273926, 387.687988281, 183.917922974, -73.9933624268, -41.8800010681, 58.422668457, -23.8595466614, -17.0593852997, -14.3386688232], [-371.924133301, 245.324691772, -650.822692871, -296.836212158, 21.1885929108, 183.917922974, 475.439849854, 24.4462108612, 226.578353882, 124.703079224, 48.6688461304, -203.572509766, -133.119781494], [-259.521759033, 26.562286377, 146.412857056, -49.3231773376, 36.7171821594, -73.9933624268, 24.4462108612, 258.563110352, 82.0363540649, -29.258480072, -49.0209083557, 11.1114044189, 70.6458053589], [-944.510009766, 232.359344482, -205.080734253, -180.678848267, 101.600715637, -41.8800010681, 226.578353882, 82.0363540649, 362.92086792, 135.728546143, 76.6216049194, -177.05670166, -119.587059021], [-170.223205566, 63.1975784302, -238.368438721, -166.948867798, 1.88796985149, 58.422668457, 124.703079224, -29.258480072, 135.728546143, 162.922012329, 79.2085876465, -115.976615906, -146.562057495], [-82.9293060303, 90.064491272, -186.369903564, -90.8149871826, -43.3207244873, -23.8595466614, 48.6688461304, -49.0209083557, 76.6216049194, 79.2085876465, 120.621017456, -61.9492225647, -79.3619918823], [166.978942871, -273.518432617, 431.589019775, 390.538543701, 109.137252808, -17.0593852997, -203.572509766, 11.1114044189, -177.05670166, -115.976615906, -61.9492225647, 233.092559814, 200.228485107], [-26.6702022552, -216.194320679, 359.865692139, 373.35635376, 104.333908081, -14.3386688232, -133.119781494, 70.6458053589, -119.587059021, -146.562057495, -79.3619918823, 200.228485107, 284.305389404]],
        "icov": [[0.00157938734628, -0.000472776591778, -0.000395157694584, 0.00118848204147, 0.00347670866176, -0.00258874031715, 0.000271035009064, 0.000198555819225, 0.00169697368983, -0.000496195978485, 7.25128920749e-05, -0.00417989492416, 0.000821243738756], [-0.000472776591778, 0.00493142940104, -0.00133675290272, 0.00337117584422, -0.00189480476547, 0.00266116927378, -0.00311720673926, 0.00231494545005, -0.00128549477085, 0.00414522085339, -0.00289975991473, 0.00263897608966, -0.00130647816695], [-0.000395157694584, -0.00133675290272, 0.00681268284097, -0.00437887944281, -0.00314840488136, 0.000681842851918, 0.00810935627669, -0.00437815953046, -0.00188750191592, -2.55441864283e-05, 0.00487401196733, -0.000556621176656, 0.00309374649078], [0.00118848204147, 0.00337117584422, -0.00437887944281, 0.00947873201221, -0.00043075098074, -0.00191852846183, -0.00405105901882, 0.00522925937548, 0.00107805000152, 0.00350791192614, -0.00569917075336, -0.004038347397, -0.00384986191057], [0.00347670866176, -0.00189480476547, -0.00314840488136, -0.00043075098074, 0.0155791798607, -0.00777819007635, -0.00232864869758, 0.000556049693841, 0.000304333429085, -0.00209127948619, 0.00150678236969, -0.0118701988831, 0.003928496968], [-0.00258874031715, 0.00266116927378, 0.000681842851918, -0.00191852846183, -0.00777819007635, 0.0125505784526, -0.00511676957831, 0.00125728279818, 0.00245258840732, -0.00364704243839, 0.0020698630251, 0.0105561641976, -0.00348872598261], [0.000271035009064, -0.00311720673926, 0.00810935627669, -0.00405105901882, -0.00232864869758, -0.00511676957831, 0.0169202275574, -0.00580149702728, -0.0045678243041, 0.000581039406825, 0.00506836408749, -0.000658411125187, 0.00292765232734], [0.000198555819225, 0.00231494545005, -0.00437815953046, 0.00522925937548, 0.000556049693841, 0.00125728279818, -0.00580149702728, 0.00994488410652, -0.00147888204083, 0.000829414813779, -0.000673677597661, -0.000414223206462, -0.00496550276875], [0.00169697368983, -0.00128549477085, -0.00188750191592, 0.00107805000152, 0.000304333429085, 0.00245258840732, -0.0045678243041, -0.00147888204083, 0.0162156783044, -0.00905735976994, -0.00224635284394, 0.00598683953285, -0.00429599639028], [-0.000496195978485, 0.00414522085339, -2.55441864283e-05, 0.00350791192614, -0.00209127948619, -0.00364704243839, 0.000581039406825, 0.000829414813779, -0.00905735976994, 0.0262009464204, -0.0097532980144, -0.00291975191794, 0.00821152050048], [7.25128920749e-05, -0.00289975991473, 0.00487401196733, -0.00569917075336, 0.00150678236969, 0.0020698630251, 0.00506836408749, -0.000673677597661, -0.00224635284394, -0.0097532980144, 0.0207672454417, -0.00241233431734, 0.00273180450313], [-0.00417989492416, 0.00263897608966, -0.000556621176656, -0.004038347397, -0.0118701988831, 0.0105561641976, -0.000658411125187, -0.000414223206462, 0.00598683953285, -0.00291975191794, -0.00241233431734, 0.0393502153456, -0.0150679955259], [0.000821243738756, -0.00130647816695, 0.00309374649078, -0.00384986191057, 0.003928496968, -0.00348872598261, 0.00292765232734, -0.00496550276875, -0.00429599639028, 0.00821152050048, 0.00273180450313, -0.0150679955259, 0.0185283273458]]
    },
    "melbands": {
        "dmean": [1.80646702574e-06, 2.66361462309e-06, 8.34776255942e-06, 5.62211425859e-05, 3.86370302294e-05, 5.03974342791e-06, 1.34394049383e-05, 3.47342829627e-05, 0.000464769545943, 0.000242661175434, 0.000110814842628, 9.2053473054e-05, 2.34747549257e-05, 3.11293183586e-06, 2.49196909863e-05, 1.09414204417e-05, 6.66558491957e-07, 1.05831531982e-06, 1.50983098024e-07, 6.01994472049e-08, 1.31844926088e-08, 4.31084217212e-08, 4.65668499317e-08, 1.05120783189e-08, 9.02098307165e-08, 6.95705466569e-08, 2.38559128007e-08, 3.88769656468e-08, 2.37833255312e-08, 2.67025459522e-08, 2.39165469651e-08, 4.59490223648e-08, 5.77949705871e-08, 1.6910478351e-08, 1.32607027581e-08, 3.13609866964e-08, 4.47300330109e-08, 3.37851666643e-08, 2.86716446141e-08, 5.99084657438e-08],
        "dmean2": [3.02473222291e-06, 4.56793941339e-06, 1.44964333231e-05, 8.36280305521e-05, 4.27820559707e-05, 8.54751397128e-06, 2.37699969148e-05, 5.49003925698e-05, 0.000577088096179, 0.000288362673018, 0.000175961467903, 0.000150067353388, 3.91216817661e-05, 5.85325960856e-06, 3.04977111227e-05, 1.36000471684e-05, 1.12213206194e-06, 1.69461316091e-06, 2.49667749586e-07, 9.30277579414e-08, 2.29512586714e-08, 7.0350111514e-08, 7.66180647815e-08, 1.88411242164e-08, 1.41195286574e-07, 8.96733638456e-08, 3.95998753788e-08, 5.8008144066e-08, 3.90741661249e-08, 4.62286919856e-08, 4.195145209e-08, 7.17695343155e-08, 9.83463337434e-08, 2.89340036375e-08, 2.13297823848e-08, 5.30524424391e-08, 7.14387908829e-08, 5.76386014473e-08, 4.22448138693e-08, 9.39059106031e-08],
        "dvar": [9.83109427199e-12, 4.93360699516e-11, 1.32395927555e-09, 7.98182284711e-08, 2.30071659502e-08, 2.6150601129e-10, 5.32629940153e-09, 3.19736841448e-08, 5.6102931012e-07, 7.57849747401e-08, 1.60309937769e-07, 1.07585954368e-07, 6.47354703176e-09, 3.4822586481e-10, 2.58943688713e-09, 5.71246550063e-10, 9.90430393949e-12, 2.0106841539e-11, 1.79677399261e-13, 2.2951260643e-14, 1.82521221749e-15, 1.32831859254e-14, 3.41891228869e-14, 3.23871538888e-15, 9.95834274417e-14, 4.63073386602e-14, 6.85929482972e-15, 2.11658541036e-14, 7.94001569679e-15, 8.19010048041e-15, 6.45924328632e-15, 6.73621721554e-14, 1.17997056353e-13, 5.18260031041e-15, 3.18987081046e-15, 1.97642788501e-14, 2.44137426475e-14, 1.78173211048e-14, 1.63321792749e-14, 6.75227492734e-14],
        "dvar2": [2.60376546712e-11, 1.15104946408e-10, 3.61454133291e-09, 1.12702551291e-07, 3.57425271602e-08, 8.03641486691e-10, 1.04672626122e-08, 5.68569440418e-08, 9.90461444417e-07, 1.3784300279e-07, 2.76758044038e-07, 2.3026096585e-07, 1.51832004747e-08, 1.03790154249e-09, 3.94894517086e-09, 9.87029569188e-10, 2.63572861453e-11, 4.47462136788e-11, 4.8216742014e-13, 4.87018364276e-14, 4.9063799017e-15, 3.66264263113e-14, 9.01646446849e-14, 9.49173177529e-15, 2.39067039819e-13, 1.03726739925e-13, 1.6033806837e-14, 4.90075882165e-14, 2.07111143014e-14, 1.7375750971e-14, 1.45662799043e-14, 1.70591717293e-13, 3.26404132672e-13, 1.40589003926e-14, 8.53213577264e-15, 5.61250502182e-14, 6.48938910421e-14, 4.92414404607e-14, 3.70793314401e-14, 1.33052382588e-13],
        "max": [2.43596587097e-05, 5.2882329328e-05, 0.000307888287352, 0.00305090937763, 0.00201789150015, 0.000123388075735, 0.000669778499287, 0.00185674685054, 0.0120775392279, 0.00310165877454, 0.00481561711058, 0.00367191061378, 0.000561573484447, 0.000151936357724, 0.000562864530366, 0.000246134091867, 2.93481280096e-05, 4.28890452895e-05, 3.71364103557e-06, 1.28740828131e-06, 3.43542154724e-07, 8.62129184043e-07, 1.25750977986e-06, 4.52276481155e-07, 2.91086348625e-06, 2.09137533602e-06, 6.23723849458e-07, 1.17603576655e-06, 6.74583759519e-07, 9.39554809065e-07, 8.44132614475e-07, 2.44899479185e-06, 3.075570703e-06, 5.26336975781e-07, 4.10633617776e-07, 1.09176835394e-06, 1.0677915725e-06, 9.3614397656e-07, 1.11747897336e-06, 1.94703966372e-06],
        "mean": [1.76778416972e-06, 2.69293673227e-06, 6.18229250904e-06, 8.45220711199e-05, 5.34662794962e-05, 4.14436408391e-06, 2.17137549043e-05, 6.85811755829e-05, 0.00247102673166, 0.00113762391265, 0.000248084776103, 0.000168546044733, 2.65023845714e-05, 2.81088819065e-06, 0.000146740596392, 6.76670024404e-05, 9.38888149449e-07, 1.70596945281e-06, 2.08670982715e-07, 1.01329376889e-07, 1.52869628067e-08, 5.37710285187e-08, 4.62201334983e-08, 9.88617543385e-09, 1.09714186181e-07, 8.87246116577e-08, 2.98308933111e-08, 4.10580049959e-08, 3.1360855246e-08, 4.72867576207e-08, 3.95240000728e-08, 4.4001698285e-08, 4.90265001929e-08, 1.38591493837e-08, 1.22522907375e-08, 2.60202543956e-08, 3.78666449308e-08, 2.79844289963e-08, 2.71042157607e-08, 6.30230445609e-08],
        "median": [7.9690153143e-07, 8.54833160702e-07, 5.94274752075e-07, 4.41731117462e-07, 2.28211163744e-07, 1.32817916665e-07, 1.56096831461e-07, 3.49403308064e-07, 0.0013763072202, 0.00127092725597, 1.70627993157e-06, 6.70420604365e-07, 9.17234217468e-08, 1.35230720844e-07, 3.40626902471e-05, 1.15309867397e-05, 3.11149861432e-08, 1.69935479022e-08, 1.06685313028e-07, 5.44633778077e-08, 3.1766629327e-09, 1.08397149035e-08, 1.13157030412e-08, 1.45218181924e-09, 1.19429808265e-08, 1.23425856202e-08, 6.21120133104e-09, 7.03111657785e-09, 6.36896269057e-09, 4.78235362422e-09, 2.28889707188e-09, 1.9854340394e-09, 1.7831857102e-09, 1.01787478446e-09, 8.3583867605e-10, 7.18225368068e-10, 7.3512523846e-10, 6.1546512331e-10, 5.86328485763e-10, 5.21115983698e-10],
        "min": [2.88507919777e-08, 4.50458443879e-08, 1.36967690523e-08, 3.47465736183e-08, 1.25916779226e-08, 1.91050499865e-08, 1.66227902554e-08, 8.03143596073e-09, 5.02461583451e-09, 1.00048733742e-08, 1.93685067984e-08, 9.1070360142e-09, 4.62602711693e-09, 4.3760781665e-09, 8.26815682586e-09, 5.52523848896e-09, 4.71344741015e-09, 1.31506394663e-09, 3.62505137019e-09, 1.94607907567e-09, 6.52543796775e-10, 8.52031223353e-10, 8.89179840868e-10, 1.76112985306e-10, 9.79789138711e-10, 8.30109370131e-10, 8.57713622349e-10, 9.90252435606e-10, 5.16150788776e-10, 3.57103957516e-10, 2.40690523068e-10, 1.73153255623e-10, 1.64435437489e-10, 1.6266465952e-10, 1.08060754789e-10, 9.17761630581e-11, 1.14687849495e-10, 9.2826392406e-11, 6.17249307222e-11, 3.91954281531e-11],
        "var": [8.90773219075e-12, 4.69908105483e-11, 9.28086885121e-10, 1.78347391966e-07, 6.00414225005e-08, 2.14530213039e-10, 1.02527950574e-08, 6.77704505847e-08, 9.14636802918e-06, 8.4086860852e-07, 7.46678722408e-07, 3.64604431979e-07, 8.33040392223e-09, 1.94110644225e-10, 3.4878798516e-08, 7.58131335488e-09, 1.63511062329e-11, 5.02795027835e-11, 1.71777793812e-13, 2.96292870339e-14, 1.8495726733e-15, 1.46962655804e-14, 2.734774111e-14, 1.97910370445e-15, 1.26280970815e-13, 8.18186054389e-14, 8.21301526273e-15, 2.25747951555e-14, 6.42142453577e-15, 1.90531370927e-14, 1.60480302143e-14, 6.03494237548e-14, 8.44648380101e-14, 3.91474487782e-15, 2.6186284027e-15, 1.38092552191e-14, 1.98670307229e-14, 1.30312080232e-14, 1.65525128733e-14, 8.20802844095e-14]
    },
    "mfcc": {
        "mean": [-908.547241211, 146.800003052, 1.37263143063, -38.452960968, -41.4602584839, -6.81747341156, 11.1108856201, 2.40578889847, 13.2163877487, 24.4498767853, 19.7834606171, 4.53093004227, -15.6788444519],
        "cov": [[5993.61083984, 538.208068848, -84.0207366943, -1083.50561523, -1302.78857422, -447.399719238, 127.291282654, -145.472747803, -448.016082764, -724.173583984, -521.91998291, -372.625274658, -218.254089355], [538.208068848, 703.37512207, -139.200546265, -345.067779541, -347.148010254, -342.467346191, -155.714614868, -11.0279512405, -25.2132549286, -0.00595655431971, 11.1484718323, 97.6458740234, -40.6854858398], [-84.0207366943, -139.200546265, 542.143005371, 366.4012146, 423.480743408, -20.7193870544, -146.639144897, -37.477684021, -120.788963318, -155.752182007, -286.088256836, -112.291915894, 116.013305664], [-1083.50561523, -345.067779541, 366.4012146, 611.489440918, 577.726257324, 152.134719849, -57.5469169617, -7.82148885727, 3.38170313835, -52.2677955627, -180.336883545, -47.1519241333, 177.628936768], [-1302.78857422, -347.148010254, 423.480743408, 577.726257324, 805.669311523, 208.468292236, -50.1678276062, 60.0529022217, 86.1907424927, 3.12396836281, -190.111862183, -140.330657959, 126.814369202], [-447.399719238, -342.467346191, -20.7193870544, 152.134719849, 208.468292236, 441.01473999, 242.970596313, 92.4356155396, 93.0150146484, 56.2214126587, 5.83733034134, -104.468276978, -98.7032241821], [127.291282654, -155.714614868, -146.639144897, -57.5469169617, -50.1678276062, 242.970596313, 268.898376465, 117.309127808, 92.445930481, 10.3853635788, 17.9897975922, -145.421417236, -122.770530701], [-145.472747803, -11.0279512405, -37.477684021, -7.82148885727, 60.0529022217, 92.4356155396, 117.309127808, 164.406967163, 136.251068115, 10.7913818359, -29.7058849335, -160.915115356, -86.6648025513], [-448.016082764, -25.2132549286, -120.788963318, 3.38170313835, 86.1907424927, 93.0150146484, 92.445930481, 136.251068115, 245.646774292, 96.2303161621, 36.3596878052, -116.499786377, -57.6852302551], [-724.173583984, -0.00595655431971, -155.752182007, -52.2677955627, 3.12396836281, 56.2214126587, 10.3853635788, 10.7913818359, 96.2303161621, 266.391326904, 284.913421631, 163.340362549, -28.1373920441], [-521.91998291, 11.1484718323, -286.088256836, -180.336883545, -190.111862183, 5.83733034134, 17.9897975922, -29.7058849335, 36.3596878052, 284.913421631, 445.544433594, 278.294128418, -29.0823898315], [-372.625274658, 97.6458740234, -112.291915894, -47.1519241333, -140.330657959, -104.468276978, -145.421417236, -160.915115356, -116.499786377, 163.340362549, 278.294128418, 400.928863525, 101.51915741], [-218.254089355, -40.6854858398, 116.013305664, 177.628936768, 126.814369202, -98.7032241821, -122.770530701, -86.6648025513, -57.6852302551, -28.1373920441, -29.0823898315, 101.51915741, 168.503646851]],
