{
"lowlevel": {
    "average_loudness": 0.983550429344,
    "barkbands_crest": {
        "dmean": 2.01421356201,
        "dmean2": 3.39256024361,
        "dvar": 2.6752550602,
        "dvar2": 7.29201936722,
        "max": 15.3521671295,
        "mean": 8.81016254425,
        "median": 8.24411487579,
        "min": 5.41508436203,
        "var": 3.95917415619
    },
    "barkbands_flatness_db": {
        "dmean": 0.0121965613216,
        "dmean2": 0.020745549351,
        "dvar": 8.62267916091e-05,
        "dvar2": 0.000242474969127,
        "max": 0.120862513781,
        "mean": 0.0787749812007,
        "median": 0.0770674347878,
        "min": 0.0534911304712,
        "var": 0.000142584205605
    },
    "barkbands_kurtosis": {
        "dmean": 0.396641850471,
        "dmean2": 0.692324697971,
        "dvar": 0.192832380533,
        "dvar2": 0.502170741558,
        "max": 0.988269329071,
        "mean": -1.40583658218,
        "median": -1.61490368843,
        "min": -1.87554764748,
        "var": 0.285929977894
    },
    "barkbands_skewness": {
        "dmean": 0.351048916578,
        "dmean2": 0.597083628178,
        "dvar": 0.0775108262897,
        "dvar2": 0.219543859363,
        "max": 1.63369345665,
        "mean": 0.491404801607,
        "median": 0.437890261412,
        "min": -0.680030047894,
        "var": 0.167175516486
    },
    "barkbands_spread": {
        "dmean": 7.92669391632,
        "dmean2": 13.6554250717,
        "dvar": 44.0962677002,
        "dvar2": 117.251373291,
        "max": 127.968544006,
        "mean": 108.780563354,
        "median": 110.301712036,
        "min": 71.3721847534,
        "var": 101.872276306
    },
    "dissonance": {
        "dmean": 0.0073359250091,
        "dmean2": 0.0125917857513,
        "dvar": 3.12302363454e-05,
        "dvar2": 8.0600992078e-05,
        "max": 0.499146908522,
        "mean": 0.486094295979,
        "median": 0.485947608948,
        "min": 0.445387691259,
        "var": 5.08894881932e-05
    },
    "dynamic_complexity": 0.39571633935,
    "erbbands_crest": {
        "dmean": 0.89138841629,
        "dmean2": 1.52936375141,
        "dvar": 0.501538217068,
        "dvar2": 1.3876401186,
        "max": 8.23404788971,
        "mean": 5.00855207443,
        "median": 4.94418811798,
        "min": 3.08321285248,
        "var": 0.822515070438
    },
    "erbbands_flatness_db": {
        "dmean": 0.00477980356663,
        "dmean2": 0.00781330559403,
        "dvar": 1.22743958855e-05,
        "dvar2": 3.76699390472e-05,
        "max": 0.0605547651649,
        "mean": 0.0433443672955,
        "median": 0.0432420484722,
        "min": 0.0299302525818,
        "var": 3.62922182831e-05
    },
    "erbbands_kurtosis": {
        "dmean": 0.198502957821,
        "dmean2": 0.338973850012,
        "dvar": 0.0270974095911,
        "dvar2": 0.070475474,
        "max": -0.199148178101,
        "mean": -1.03293001652,
        "median": -1.09095692635,
        "min": -1.43032419682,
        "var": 0.0587910041213
    },
    "erbbands_skewness": {
        "dmean": 0.177375793457,
        "dmean2": 0.295304656029,
        "dvar": 0.019444083795,
        "dvar2": 0.0553473718464,
        "max": 0.305842578411,
        "mean": -0.313622772694,
        "median": -0.325191557407,
        "min": -0.818517506123,
        "var": 0.0331867821515
    },
    "erbbands_spread": {
        "dmean": 5.75283336639,
        "dmean2": 9.39726066589,
        "dvar": 21.2465362549,
        "dvar2": 55.3696250916,
        "max": 98.6594619751,
        "mean": 76.8901748657,
        "median": 76.0345001221,
        "min": 56.180770874,
        "var": 53.176700592
    },
    "hfc": {
        "dmean": 54.7360649109,
        "dmean2": 95.2888259888,
        "dvar": 2058.3972168,
        "dvar2": 4549.95458984,
        "max": 782.100097656,
        "mean": 561.513916016,
        "median": 563.169311523,
        "min": 274.930236816,
        "var": 3032.40234375
    },
    "melbands_crest": {
        "dmean": 4.37031173706,
        "dmean2": 7.54667186737,
        "dvar": 12.5981988907,
        "dvar2": 32.1664924622,
        "max": 27.9956912994,
        "mean": 14.7019557953,
        "median": 13.8196086884,
        "min": 6.9914059639,
        "var": 19.1925468445
    },
    "melbands_flatness_db": {
        "dmean": 0.0239014476538,
        "dmean2": 0.0402015335858,
        "dvar": 0.000350340007572,
        "dvar2": 0.00101769284811,
        "max": 0.232744932175,
        "mean": 0.160562440753,
        "median": 0.157590925694,
        "min": 0.0920309498906,
        "var": 0.000589309260249
    },
    "melbands_kurtosis": {
        "dmean": 7.33305501938,
        "dmean2": 12.3728590012,
        "dvar": 45.8270645142,
        "dvar2": 130.93409729,
        "max": 53.6549987793,
        "mean": 18.9446487427,
        "median": 16.8769760132,
        "min": 4.25820827484,
        "var": 59.9115867615
    },
    "melbands_skewness": {
        "dmean": 0.705566644669,
        "dmean2": 1.18315708637,
        "dvar": 0.353634536266,
        "dvar2": 1.03427696228,
        "max": 6.58337259293,
        "mean": 3.97787022591,
        "median": 3.85526442528,
        "min": 2.18817424774,
        "var": 0.521681427956
    },
    "melbands_spread": {
        "dmean": 6.69770526886,
        "dmean2": 11.3680915833,
        "dvar": 34.1748962402,
        "dvar2": 95.6308059692,
        "max": 55.0125694275,
        "mean": 23.9344444275,
        "median": 23.6978702545,
        "min": 8.75556945801,
        "var": 50.1023178101
    },
    "pitch_salience": {
        "dmean": 0.0648590251803,
        "dmean2": 0.107677742839,
        "dvar": 0.00254422030412,
        "dvar2": 0.00687432801351,
        "max": 0.804158270359,
        "mean": 0.679958641529,
        "median": 0.698955774307,
        "min": 0.446899116039,
        "var": 0.00467075407505
    },
    "silence_rate_20dB": {
        "dmean": 0,
        "dmean2": 0,
        "dvar": 0,
        "dvar2": 0,
        "max": 1,
        "mean": 1,
        "median": 1,
        "min": 1,
        "var": 0
    },
    "silence_rate_30dB": {
        "dmean": 0.0846560820937,
        "dmean2": 0.164893612266,
        "dvar": 0.077489502728,
        "dvar2": 0.169618576765,
        "max": 1,
        "mean": 0.899999976158,
        "median": 1,
        "min": 0,
        "var": 0.0900000557303
    },
    "silence_rate_60dB": {
        "dmean": 0,
        "dmean2": 0,
        "dvar": 0,
        "dvar2": 0,
        "max": 0,
        "mean": 0,
        "median": 0,
        "min": 0,
        "var": 0
    },
    "spectral_centroid": {
        "dmean": 234.602264404,
        "dmean2": 375.956207275,
        "dvar": 34107.9453125,
        "dvar2": 99754.5234375,
        "max": 2830.91430664,
        "mean": 2181.60449219,
        "median": 2188.55810547,
        "min": 1336.82714844,
        "var": 71954.0703125
    },
    "spectral_complexity": {
        "dmean": 3.67724871635,
        "dmean2": 6.10638284683,
        "dvar": 9.64714622498,
        "dvar2": 21.1376209259,
        "max": 51,
        "mean": 38.3578948975,
        "median": 39,
        "min": 12,
        "var": 35.5456352234
    },
    "spectral_decrease": {
        "dmean": 3.81889497802e-09,
        "dmean2": 6.47089271055e-09,
        "dvar": 1.20130216134e-17,
        "dvar2": 3.14747649381e-17,
        "max": 2.45336306826e-09,
        "mean": -6.75892497526e-09,
        "median": -5.54299672828e-09,
        "min": -2.73198761391e-08,
        "var": 2.74401948091e-17
    },
    "spectral_energy": {
        "dmean": 0.0147473495454,
        "dmean2": 0.0253976713866,
        "dvar": 0.000187500350876,
        "dvar2": 0.000446176476544,
        "max": 0.153459131718,
        "mean": 0.076440744102,
        "median": 0.0723741650581,
        "min": 0.03218986094,
        "var": 0.000441472540842
    },
    "spectral_energyband_high": {
        "dmean": 0.00172490195837,
        "dmean2": 0.00293929618783,
        "dvar": 2.09085715142e-06,
        "dvar2": 6.23503638053e-06,
        "max": 0.02454742603,
        "mean": 0.0186225939542,
        "median": 0.0185043718666,
        "min": 0.0114906039089,
        "var": 3.42258545061e-06
    },
    "spectral_energyband_low": {
        "dmean": 0.013691527769,
        "dmean2": 0.0235293060541,
        "dvar": 0.000178170477739,
        "dvar2": 0.000447163794888,
        "max": 0.0983022749424,
        "mean": 0.0252062827349,
        "median": 0.0201035328209,
        "min": 0.0028613647446,
        "var": 0.000303769687889
    },
    "spectral_energyband_middle_high": {
        "dmean": 0.000683398393448,
        "dmean2": 0.00116140418686,
        "dvar": 3.34993302431e-07,
        "dvar2": 8.4884811713e-07,
        "max": 0.00769121712074,
        "mean": 0.00452402653173,
        "median": 0.00463168602437,
        "min": 0.00166669103783,
        "var": 1.33620949327e-06
    },
    "spectral_energyband_middle_low": {
        "dmean": 0.00435492955148,
        "dmean2": 0.00715084653348,
        "dvar": 1.11400950118e-05,
        "dvar2": 3.03293818433e-05,
        "max": 0.0393857173622,
        "mean": 0.0175180956721,
        "median": 0.0166465900838,
        "min": 0.00662748003379,
        "var": 3.33816715283e-05
    },
    "spectral_entropy": {
        "dmean": 0.0590760372579,
        "dmean2": 0.0981189236045,
        "dvar": 0.00189904496074,
        "dvar2": 0.00635424396023,
        "max": 8.38964176178,
        "mean": 8.20977687836,
        "median": 8.21162223816,
        "min": 8.03234100342,
        "var": 0.0046558608301
    },
    "spectral_flux": {
        "dmean": 0.0180714111775,
        "dmean2": 0.0302559901029,
        "dvar": 0.000283088593278,
        "dvar2": 0.000789300072938,
        "max": 0.250217884779,
        "mean": 0.157780349255,
        "median": 0.154058814049,
        "min": 0.119355358183,
        "var": 0.000446861551609
    },
    "spectral_kurtosis": {
        "dmean": 0.376996815205,
        "dmean2": 0.649341642857,
        "dvar": 0.0928926095366,
        "dvar2": 0.271493256092,
        "max": 7.00121974945,
        "mean": 5.85228919983,
        "median": 5.95551395416,
        "min": 4.34078359604,
        "var": 0.273408323526
    },
    "spectral_rms": {
        "dmean": 0.000817796157207,
        "dmean2": 0.00140684761573,
        "dvar": 5.17036028214e-07,
        "dvar2": 1.25037888665e-06,
        "max": 0.0122358584777,
        "mean": 0.00856065098196,
        "median": 0.0084029128775,
        "min": 0.00560399331152,
        "var": 1.29154773276e-06
    },
    "spectral_rolloff": {
        "dmean": 560.20501709,
        "dmean2": 945.055603027,
        "dvar": 290917.9375,
        "dvar2": 829167.75,
        "max": 21339.4042969,
        "mean": 20039.1425781,
        "median": 20208.9101562,
        "min": 16365.234375,
        "var": 497427.15625
    },
    "spectral_skewness": {
        "dmean": 0.0594243891537,
        "dmean2": 0.102574534714,
        "dvar": 0.00234311167151,
        "dvar2": 0.00626990152523,
        "max": 2.24480581284,
        "mean": 1.84892630577,
        "median": 1.84812092781,
        "min": 1.70119166374,
        "var": 0.00380650814623
    },
    "spectral_spread": {
        "dmean": 364391.40625,
        "dmean2": 605887.3125,
        "dvar": 144185917440,
        "dvar2": 265720528896,
        "max": 12023888,
        "mean": 8665805,
        "median": 8521030,
        "min": 7329197,
        "var": 457162489856
    },
    "spectral_strongpeak": {
        "dmean": 0.160722091794,
        "dmean2": 0.279889941216,
        "dvar": 0.0232445392758,
        "dvar2": 0.0612339824438,
        "max": 0.988841533661,
        "mean": 0.326589435339,
        "median": 0.288365066051,
        "min": 0,
        "var": 0.0336511470377
    },
    "zerocrossingrate": {
        "dmean": 0.0321671403944,
        "dmean2": 0.0437661036849,
        "dvar": 0.00077602872625,
        "dvar2": 0.00131042173598,
        "max": 0.537109375,
        "mean": 0.400840371847,
        "median": 0.407958984375,
        "min": 0.169921875,
        "var": 0.00342845846899
    },
    "barkbands": {
        "dmean": [0.00177626032382, 0.010833049193, 0.00444636214525, 0.00175117957406, 0.00297600054182, 0.000963050115388, 0.000816722866148, 0.000465806719149, 0.000278647552477, 0.00020125930314, 0.000135606474942, 0.000129081017803, 0.000113134257845, 0.000135398746352, 0.000134270841954, 9.7681338957e-05, 0.000119196920423, 0.000112043664558, 0.000474165775813, 0.000426559417974, 0.000349842011929, 9.23280749703e-05, 7.51981351641e-05, 7.30736355763e-05, 9.45918509387e-05, 0.000210167854675, 0.00205355812795],
        "dmean2": [0.00320324464701, 0.0182091481984, 0.00794315338135, 0.00310252420604, 0.0047113513574, 0.00165669457056, 0.00142892962322, 0.000726989994291, 0.000483867072035, 0.000362842809409, 0.000234611827182, 0.000227962402278, 0.000196987486561, 0.000227347190958, 0.000229320547078, 0.000168549508089, 0.000204329087865, 0.0001968833094, 0.000820904097054, 0.000701717857737, 0.000592728785705, 0.00015954929404, 0.000126807382912, 0.000122117024148, 0.000157650109031, 0.000350461923517, 0.00358153204434],
        "dvar": [2.75814113593e-06, 0.000130948057631, 2.09837799048e-05, 3.26468693856e-06, 5.63232970308e-06, 6.20883042757e-07, 4.95615381624e-07, 1.56001632945e-07, 6.48990692298e-08, 2.30975949478e-08, 1.48366678943e-08, 1.57682364943e-08, 1.09628208733e-08, 1.07007593897e-08, 1.23677263986e-08, 5.86809001391e-09, 1.03137169916e-08, 8.19970491506e-09, 1.33022098225e-07, 1.55893800979e-07, 9.23902518934e-08, 4.54978810183e-09, 4.47026193839e-09, 3.21827564598e-09, 6.27692386956e-09, 3.95358945582e-08, 2.72885495178e-06],
        "dvar2": [7.61387354942e-06, 0.000319365848554, 6.11571667832e-05, 8.92916705197e-06, 1.5679277567e-05, 1.866149546e-06, 1.49600498389e-06, 4.22502353103e-07, 1.99685516122e-07, 7.03132627677e-08, 4.32739462042e-08, 4.60801246049e-08, 3.05551424162e-08, 3.14803649815e-08, 3.76323150419e-08, 1.56254209571e-08, 3.11852517143e-08, 2.66766164714e-08, 3.77180271016e-07, 4.68689620448e-07, 2.80680069409e-07, 1.3301173496e-08, 1.37070585993e-08, 8.71776784095e-09, 1.80132229133e-08, 9.90006725488e-08, 8.40733900986e-06],
        "max": [0.00899055134505, 0.080250442028, 0.0299702882767, 0.0105699039996, 0.0227192621678, 0.00582021381706, 0.00671656941995, 0.00330163608305, 0.00193696899805, 0.00100194371771, 0.00106496410444, 0.000813412771095, 0.000763905234635, 0.000848354771733, 0.000871064024977, 0.000581061525736, 0.000781451060902, 0.000598232611082, 0.00315638142638, 0.00328887091018, 0.00303276209161, 0.000652498332784, 0.000789765792433, 0.000651627022307, 0.000952965870965, 0.0026104899589, 0.0222378242761],
        "mean": [0.00182753393892, 0.017041631043, 0.00512219406664, 0.00242659077048, 0.00886930432171, 0.00208303867839, 0.00233840104192, 0.00116735964548, 0.000515644962434, 0.000338098121574, 0.000236477440922, 0.000227661003009, 0.000204118376132, 0.000337601959473, 0.000284279754851, 0.000240569308517, 0.000293100427371, 0.000275987316854, 0.0014215814881, 0.00149274372961, 0.00104192493018, 0.000370007153833, 0.000376638723537, 0.000413967383793, 0.000563325185794, 0.00140235957224, 0.0162623804063],
        "median": [0.00127767247614, 0.0120580792427, 0.0036513148807, 0.00186745612882, 0.00842323340476, 0.00190023262985, 0.00223527336493, 0.0010312483646, 0.00046917097643, 0.000317045632983, 0.000213043822441, 0.000199767731829, 0.00018654006999, 0.000326218374539, 0.000253915262874, 0.000221094902372, 0.000271626224276, 0.000250034849159, 0.00141429167707, 0.00142773613334, 0.000962402904406, 0.000359133438906, 0.00036595686106, 0.000406222417951, 0.000557501567528, 0.00139648164622, 0.0162565577775],
        "min": [6.84711949361e-06, 0.000459961011074, 0.00027375825448, 0.000286731665256, 0.0016987323761, 0.000316580059007, 0.000564539805055, 0.000194827909581, 7.64956494095e-05, 3.96104296669e-05, 1.76626781467e-05, 3.1898747693e-05, 2.0574338123e-05, 7.2033246397e-05, 7.45567085687e-05, 7.50132239773e-05, 7.83829964348e-05, 7.96056410763e-05, 0.000494118139613, 0.000432486966019, 0.000254180951742, 0.000127997875097, 0.000146253703861, 0.000190745908185, 0.000268782489002, 0.000525647308677, 0.0092905247584],
        "var": [3.36946527568e-06, 0.000223763505346, 2.421575482e-05, 3.55707175004e-06, 1.31379074446e-05, 1.15510442811e-06, 1.28739191041e-06, 3.91384219256e-07, 8.96340566214e-08, 3.73086948002e-08, 1.91884925727e-08, 1.83095920647e-08, 1.34953257458e-08, 1.66494711351e-08, 1.75430354687e-08, 9.83528192222e-09, 1.37184690274e-08, 1.17181873094e-08, 2.81395671209e-07, 3.54932637947e-07, 2.07111085615e-07, 1.01379509232e-08, 7.36384420108e-09, 4.95090946018e-09, 8.74140848595e-09, 4.73699408587e-08, 3.52086772182e-06]
    },
    "erbbands": {
        "dmean": [0.504970371723, 1.9477840662, 4.29655456543, 6.00466775894, 9.79815292358, 11.1216449738, 6.12664222717, 9.94698429108, 6.83476018906, 21.1639080048, 6.22353839874, 7.07173013687, 5.6282544136, 5.83287143707, 5.61585187912, 4.2459192276, 5.15217113495, 5.89946651459, 6.63781785965, 5.2649641037, 5.06481790543, 5.61233949661, 4.271900177, 18.2910461426, 21.3142948151, 22.0458316803, 21.0724277496, 6.19313955307, 3.79283928871, 3.38144421577, 2.07925033569, 1.60431742668, 1.60849630833, 1.07938802242, 0.87356621027, 0.485187709332, 0.494167506695, 0.464511573315, 0.266194611788, 0.04489839077],
        "dmean2": [0.852277040482, 3.23390269279, 7.57069683075, 10.7347927094, 15.9235973358, 17.4705848694, 10.5714387894, 17.0300197601, 11.8199882507, 34.1008758545, 9.8910446167, 12.4295473099, 9.7887096405, 10.3100156784, 9.47369384766, 7.57446622849, 9.05521297455, 10.2240247726, 11.2848186493, 9.27624034882, 8.76918792725, 9.74584102631, 7.64162874222, 31.0151081085, 36.4543571472, 36.2602081299, 35.7893486023, 10.8187379837, 6.38323831558, 5.97388458252, 3.42731332779, 2.70307016373, 2.62679505348, 1.80486822128, 1.47310197353, 0.831809818745, 0.80754339695, 0.768178999424, 0.455700606108, 0.0789070650935],
        "dvar": [0.301110059023, 3.87621498108, 20.8524608612, 38.1456565857, 56.8082580566, 76.3795547485, 38.716178894, 62.7629623413, 30.2912635803, 353.316772461, 30.7334117889, 43.4754562378, 23.8939342499, 32.9519348145, 28.0906600952, 16.0315513611, 23.7422657013, 23.9742965698, 23.5172042847, 27.2863311768, 16.0370197296, 21.7738285065, 13.2866725922, 209.057235718, 328.623809814, 401.734863281, 332.376953125, 27.0155906677, 8.10170269012, 7.09200429916, 2.69980549812, 1.4854221344, 1.30764102936, 0.605844259262, 0.679579496384, 0.54335641861, 0.15463784337, 0.127562850714, 0.041180036962, 0.001367371995],
        "dvar2": [0.722650706768, 9.88943958282, 55.4125518799, 122.256828308, 157.901290894, 202.136154175, 107.616622925, 179.021179199, 87.4470977783, 997.548278809, 89.6820526123, 131.590255737, 76.9000778198, 99.3610153198, 77.6692428589, 49.2286834717, 63.1371078491, 64.2339477539, 71.4127502441, 71.6224060059, 42.7975921631, 64.9066696167, 40.3523445129, 646.834411621, 874.913330078, 1257.54541016, 971.099731445, 72.6960983276, 25.4085254669, 21.572353363, 8.37337684631, 4.27955150604, 4.16084957123, 1.6019102335, 1.77376115322, 1.55794882774, 0.40680795908, 0.337249904871, 0.124755471945, 0.00447997683659],
        "max": [4.12495851517, 15.8713388443, 26.5589981079, 47.7578010559, 57.3687324524, 72.883972168, 49.4584617615, 61.130405426, 42.7007102966, 178.29473877, 50.7351531982, 47.062461853, 32.1830558777, 35.8554992676, 38.3856315613, 23.1901512146, 41.792049408, 43.7334747314, 33.3652496338, 42.3266716003, 33.9918823242, 33.0355949402, 31.3143081665, 130.524749756, 168.217269897, 154.651092529, 190.365447998, 53.8963317871, 25.386182785, 26.62849617, 18.3419456482, 12.7101278305, 12.3494749069, 8.29634666443, 9.27881717682, 9.70057010651, 4.17332744598, 4.32387065887, 2.63699388504, 0.454061597586],
        "mean": [0.732667922974, 2.88524484634, 5.5607676506, 8.15880489349, 23.0854034424, 29.1038913727, 13.8948707581, 21.8475131989, 17.1763935089, 59.8328590393, 15.3181028366, 13.1796274185, 10.4466991425, 10.5203046799, 11.0442266464, 8.17276859283, 9.54774856567, 15.3334550858, 16.5710201263, 13.7048454285, 14.7831525803, 15.5117883682, 13.8441572189, 50.1880340576, 69.0109176636, 72.3813552856, 66.0067367554, 22.1970729828, 13.7287445068, 12.6483011246, 10.3222370148, 8.08657836914, 7.34353208542, 5.63794994354, 4.35836648941, 2.57915592194, 2.93545222282, 3.11264038086, 1.77691102028, 0.317482292652],
        "median": [0.511734366417, 2.01899051666, 4.11208534241, 6.67290878296, 21.2836799622, 28.5563182831, 12.5829353333, 20.1036624908, 16.1041145325, 56.2298202515, 13.014166832, 12.0685787201, 9.48762321472, 9.10296058655, 10.1542930603, 7.11975622177, 8.46912193298, 14.5511083603, 15.6324367523, 12.2048282623, 13.6726036072, 14.5926990509, 13.1545314789, 47.3664932251, 67.2006988525, 67.3688812256, 58.3143234253, 21.0010852814, 13.2392539978, 12.2828788757, 10.0182132721, 7.89976501465, 7.28333187103, 5.52162790298, 4.22881507874, 2.51990914345, 2.95387887955, 3.03593587875, 1.7657995224, 0.314407229424],
        "min": [0.00718073034659, 0.150196030736, 0.455763369799, 1.01797378063, 4.89263391495, 3.76371264458, 2.09567642212, 3.18917489052, 2.69976139069, 10.2019557953, 3.30689477921, 1.5065048933, 1.22666060925, 1.46065676212, 1.2314106226, 1.50490140915, 1.12434136868, 4.25056219101, 3.18772101402, 4.59859323502, 4.69059896469, 4.8603887558, 4.76952505112, 17.1800746918, 20.662103653, 21.3405780792, 15.335439682, 8.10912513733, 5.32693481445, 3.31704187393, 4.68646621704, 4.19319200516, 2.81423711777, 2.99894142151, 1.96615350246, 0.834590315819, 0.934521496296, 1.67462229729, 1.0706423521, 0.173292830586],
        "var": [0.495571106672, 6.59465074539, 25.0664997101, 42.1234512329, 118.466651917, 175.412033081, 54.3861732483, 130.383407593, 71.4913635254, 943.198852539, 68.8887329102, 59.4949645996, 32.7806015015, 41.4542503357, 37.651386261, 18.3676509857, 28.9798316956, 35.9797554016, 37.766002655, 35.9436721802, 26.9698238373, 30.2182636261, 19.6778888702, 399.418212891, 709.272766113, 874.954223633, 856.391418457, 54.0456047058, 16.8494625092, 13.5240983963, 4.86449146271, 2.47055506706, 2.03768062592, 0.990903139114, 0.8640666008, 0.419249922037, 0.214305013418, 0.203424349427, 0.0576946921647, 0.00170877529308]
    },
    "gfcc": {
        "mean": [122.827613831, 9.31062889099, -39.239151001, 17.7272109985, -26.0221290588, -21.1480770111, -11.7981987, -4.29940795898, -15.6645174026, 3.9071624279, -4.71184110641, -9.66144561768, -7.63592386246],
        "cov": [[142.204605103, 68.6496658325, -7.98979187012, 15.7508020401, -10.5808773041, 0.758424639702, 39.4312515259, 26.1594429016, 14.0166702271, 22.4773921967, 15.8873567581, 13.8005180359, 10.149271965], [68.6496658325, 51.8295249939, 12.3787155151, 14.8526477814, 0.927043139935, 5.14982461929, 20.3448486328, 16.1899166107, 9.91612243652, 10.5668554306, 8.3177652359, 5.59824705124, 3.83475041389], [-7.98979187012, 12.3787155151, 33.2185058594, 17.6701564789, 12.6934175491, 10.6328992844, 0.512898266315, 5.12470197678, 3.43104195595, 1.72306656837, 1.31927669048, -2.03458809853, -3.50387406349], [15.7508020401, 14.8526477814, 17.6701564789, 30.0174999237, 16.6175174713, 7.55783081055, 7.93900489807, 6.62875890732, 6.58424854279, 9.83137607574, 6.18294000626, 1.142380476, 1.40902018547], [-10.5808773041, 0.927043139935, 12.6934175491, 16.6175174713, 28.4664783478, 18.0008945465, 3.8574283123, 4.96765565872, 3.23059344292, 1.56140005589, 1.03169465065, -3.61945509911, -2.16420769691], [0.758424639702, 5.14982461929, 10.6328992844, 7.55783081055, 18.0008945465, 26.7185306549, 15.0946855545, 9.32479763031, 3.53772878647, 3.056016922, 2.12057209015, -1.48005700111, -1.96576797962], [39.4312515259, 20.3448486328, 0.512898266315, 7.93900489807, 3.8574283123, 15.0946855545, 33.8183364868, 22.2337799072, 10.0272541046, 11.2526264191, 7.6044178009, 7.34108686447, 7.12761116028], [26.1594429016, 16.1899166107, 5.12470197678, 6.62875890732, 4.96765565872, 9.32479763031, 22.2337799072, 27.4512939453, 15.8661565781, 9.55990982056, 4.78798723221, 4.49737215042, 6.54242515564], [14.0166702271, 9.91612243652, 3.43104195595, 6.58424854279, 3.23059344292, 3.53772878647, 10.0272541046, 15.8661565781, 21.2786159515, 13.0780591965, 4.33198976517, 3.01590919495, 6.15026473999], [22.4773921967, 10.5668554306, 1.72306656837, 9.83137607574, 1.56140005589, 3.056016922, 11.2526264191, 9.55990982056, 13.0780591965, 23.8214797974, 13.5871658325, 4.34721708298, 6.41670227051], [15.8873567581, 8.3177652359, 1.31927669048, 6.18294000626, 1.03169465065, 2.12057209015, 7.6044178009, 4.78798723221, 4.33198976517, 13.5871658325, 19.8022994995, 10.4696006775, 5.75836658478], [13.8005180359, 5.59824705124, -2.03458809853, 1.142380476, -3.61945509911, -1.48005700111, 7.34108686447, 4.49737215042, 3.01590919495, 4.34721708298, 10.4696006775, 18.7977771759, 13.1586484909], [10.149271965, 3.83475041389, -3.50387406349, 1.40902018547, -2.16420769691, -1.96576797962, 7.12761116028, 6.54242515564, 6.15026473999, 6.41670227051, 5.75836658478, 13.1586484909, 21.038892746]],
        "icov": [[0.0463781617582, -0.0583189688623, 0.0429872646928, -0.0260942690074, 0.0212946087122, -0.00836208369583, -0.00140920421109, -0.0171940457076, 0.0179722290486, -0.0194874331355, 0.0110103776678, -0.0147576937452, 0.0113032124937], [-0.0583189688623, 0.106550626457, -0.0660136044025, 0.0233154539019, -0.0185075830668, 0.0193407554179, -0.0198773238808, 0.0213889721781, -0.0279705580324, 0.0291549228132, -0.0209514163435, 0.0208588801324, -0.0118841268122], [0.0429872646928, -0.0660136044025, 0.10908088088, -0.0718470513821, 0.0451355315745, -0.0569071806967, 0.0514366403222, -0.0482530295849, 0.0235572885722, -0.0105681847781, 0.0116278808564, -0.0193966850638, 0.0164642501622], [-0.0260942690074, 0.0233154539019, -0.0718470513821, 0.125824943185, -0.0939256548882, 0.0696597993374, -0.0497001111507, 0.0433561727405, -0.0137347299606, -0.0211186408997, -0.000312863296131, 0.0025003363844, -0.00287421420217], [0.0212946087122, -0.0185075830668, 0.0451355315745, -0.0939256548882, 0.145090997219, -0.107330702245, 0.0596218109131, -0.0417523421347, 0.00629031471908, 0.0189876817167, -0.0107468105853, 0.0130158113316, -0.00823959615082], [-0.00836208369583, 0.0193407554179, -0.0569071806967, 0.0696597993374, -0.107330702245, 0.154903918505, -0.102284327149, 0.0449756458402, -0.012339011766, -0.0027635442093, -0.00501295598224, 0.00838015787303, 0.0110453870147], [-0.00140920421109, -0.0198773238808, 0.0514366403222, -0.0497001111507, 0.0596218109131, -0.102284327149, 0.159953936934, -0.105271190405, 0.0452513992786, -0.0260941311717, 0.0166001990438, -0.028172256425, -0.000872760836501], [-0.0171940457076, 0.0213889721781, -0.0482530295849, 0.0433561727405, -0.0417523421347, 0.0449756458402, -0.105271190405, 0.160201504827, -0.0929359644651, 0.0365994498134, -0.0199251808226, 0.0244702529162, -0.014636028558], [0.0179722290486, -0.0279705580324, 0.0235572885722, -0.0137347299606, 0.00629031471908, -0.012339011766, 0.0452513992786, -0.0929359644651, 0.143256992102, -0.0846235901117, 0.0470102950931, -0.0285564493388, 0.00326049746946], [-0.0194874331355, 0.0291549228132, -0.0105681847781, -0.0211186408997, 0.0189876817167, -0.0027635442093, -0.0260941311717, 0.0365994498134, -0.0846235901117, 0.157085761428, -0.105744317174, 0.0724224895239, -0.0366309061646], [0.0110103776678, -0.0209514163435, 0.0116278808564, -0.000312863296131, -0.0107468105853, -0.00501295598224, 0.0166001990438, -0.0199251808226, 0.0470102950931, -0.105744317174, 0.153423339128, -0.10044734925, 0.0388040281832], [-0.0147576937452, 0.0208588801324, -0.0193966850638, 0.0025003363844, 0.0130158113316, 0.00838015787303, -0.028172256425, 0.0244702529162, -0.0285564493388, 0.0724224895239, -0.10044734925, 0.169429928064, -0.0882407128811], [0.0113032124937, -0.0118841268122, 0.0164642501622, -0.00287421420217, -0.00823959615082, 0.0110453870147, -0.000872760836501, -0.014636028558, 0.00326049746946, -0.0366309061646, 0.0388040281832, -0.0882407128811, 0.106998287141]]
    },
    "melbands": {
        "dmean": [0.00359021290205, 0.00201372988522, 0.000966066145338, 0.000727187085431, 0.00026511514443, 0.000203842253541, 0.000107984065835, 0.000205339543754, 4.59080474684e-05, 4.64783224743e-05, 2.8646139981e-05, 2.48920259764e-05, 1.98860343517e-05, 1.58244802151e-05, 9.26603479456e-06, 1.35057243824e-05, 1.26862678371e-05, 1.18313409985e-05, 9.67437608779e-06, 6.88776344759e-06, 7.38616472518e-06, 7.69596590544e-06, 3.87459613194e-06, 6.38216715743e-06, 1.76645407919e-05, 2.45160881605e-05, 1.57004906214e-05, 1.59907067427e-05, 1.87292607734e-05, 7.46951673136e-06, 3.07528262056e-06, 2.54876954386e-06, 2.04623916034e-06, 2.16799048758e-06, 1.51457470565e-06, 1.09576933482e-06, 1.22153687698e-06, 1.39719054459e-06, 1.17432421121e-06, 1.09288498606e-06],
        "dmean2": [0.00610470911488, 0.00348842167296, 0.00167487352155, 0.00114665890578, 0.000440245377831, 0.000345866283169, 0.00019140036602, 0.000328388792695, 7.52160849515e-05, 8.12540529296e-05, 4.96313987242e-05, 4.41164811491e-05, 3.39024336427e-05, 2.73754249065e-05, 1.60421222972e-05, 2.30733021453e-05, 2.15591862798e-05, 1.98881189135e-05, 1.68809383467e-05, 1.17096587928e-05, 1.2359185348e-05, 1.35188420245e-05, 6.6240918386e-06, 1.15873308459e-05, 3.00444535242e-05, 4.21079457738e-05, 2.67998220806e-05, 2.69163501798e-05, 3.18487218465e-05, 1.28090750877e-05, 5.21631864103e-06, 4.43201315647e-06, 3.60267404176e-06, 3.76406592295e-06, 2.51824849329e-06, 1.86131808277e-06, 2.10116809285e-06, 2.33843911701e-06, 1.97691724679e-06, 1.81917130249e-06],
        "dvar": [1.50444284372e-05, 4.10214806834e-06, 8.02112879228e-07, 3.33612348413e-07, 6.22459168653e-08, 2.58589025748e-08, 7.42706562917e-09, 3.33185852242e-08, 1.68092983976e-09, 1.87220305925e-09, 6.19677475999e-10, 5.4957294271e-10, 3.5079014693e-10, 2.17953988191e-10, 6.72233310683e-11, 1.29465868581e-10, 1.11676300152e-10, 6.97925606197e-11, 8.3827278452e-11, 3.30230807977e-11, 3.13119322137e-11, 4.59057375446e-11, 9.34771097333e-12, 2.86512792658e-11, 2.04776459678e-10, 3.33872596237e-10, 2.06481984288e-10, 2.07460132406e-10, 2.58733784397e-10, 3.59764891489e-11, 6.19568198829e-12, 3.84115265636e-12, 2.44607134027e-12, 3.47460710377e-12, 1.41770557967e-12, 7.1197014213e-13, 8.81549824458e-13, 1.0311988893e-12, 1.07174664109e-12, 5.85768412942e-13],
        "dvar2": [3.64498773706e-05, 1.03219481389e-05, 2.35858374253e-06, 8.64289177116e-07, 1.83813924082e-07, 7.40426600032e-08, 2.17344418019e-08, 9.24741101471e-08, 4.75013406387e-09, 5.79473002915e-09, 2.00337790801e-09, 1.65647728867e-09, 1.01601393965e-09, 6.27260299257e-10, 1.97927577106e-10, 3.82744058669e-10, 3.16449061399e-10, 2.22899254609e-10, 2.41275804891e-10, 8.97990154458e-11, 9.51572501351e-11, 1.34781616423e-10, 2.99054739306e-11, 8.67607097277e-11, 6.17240925038e-10, 9.75910241507e-10, 6.36236452412e-10, 6.29642005201e-10, 7.7336576032e-10, 1.01880483216e-10, 1.60350985962e-11, 1.12260712878e-11, 7.44091073479e-12, 1.11744086206e-11, 4.34403381322e-12, 2.15694714693e-12, 2.67964665214e-12, 3.19895889292e-12, 2.84990715922e-12, 1.74059714125e-12],
        "max": [0.0282041728497, 0.0166044626385, 0.00743824709207, 0.00499641057104, 0.00199294346385, 0.00128592632245, 0.00072714232374, 0.00168070627842, 0.000314455479383, 0.000298300758004, 0.00016284067533, 0.000145723999594, 0.000152531603817, 0.000111300549179, 5.18997112522e-05, 7.81962953624e-05, 8.76454359968e-05, 5.73042452743e-05, 8.08023905847e-05, 4.7055673349e-05, 4.68257385364e-05, 4.62928983325e-05, 2.4159116947e-05, 3.79225966753e-05, 0.00011664925114, 0.000152698703459, 0.000125901278807, 0.000105806713691, 0.000178936315933, 4.89520898554e-05, 2.4047361876e-05, 1.52326110765e-05, 1.22658748296e-05, 1.66877289303e-05, 1.08130579974e-05, 8.3101049313e-06, 9.50529465626e-06, 9.76029423327e-06, 9.24607047637e-06, 7.05482443664e-06],
        "mean": [0.00551121216267, 0.00319359451532, 0.00178704014979, 0.00201656320132, 0.000686706975102, 0.000460540235508, 0.000296837999485, 0.000577485014219, 9.10175585886e-05, 8.1169353507e-05, 5.02797302033e-05, 4.17316150561e-05, 3.60245503543e-05, 2.82869405055e-05, 1.70774164872e-05, 2.17461329157e-05, 3.03809229081e-05, 2.85372952931e-05, 2.0485920686e-05, 1.58906623255e-05, 1.85273165698e-05, 1.79262769961e-05, 1.04449836726e-05, 1.40242582347e-05, 4.19641146436e-05, 6.18501144345e-05, 4.22565462941e-05, 4.79191476188e-05, 4.98000990774e-05, 2.09263889701e-05, 9.70153359958e-06, 7.71927898313e-06, 6.81865594743e-06, 7.13826148058e-06, 6.05079367233e-06, 5.1405272643e-06, 4.87182114739e-06, 5.17423404744e-06, 4.91502987643e-06, 4.64522236143e-06],
        "median": [0.0038007912226, 0.00244970154017, 0.00154846720397, 0.00186473759823, 0.000657749478705, 0.00043324145372, 0.000284877081867, 0.000549519783817, 7.36771617085e-05, 6.89713197062e-05, 4.61721210741e-05, 3.46040287695e-05, 3.25031433022e-05, 2.40206118178e-05, 1.53653327288e-05, 1.78762966243e-05, 2.86882532237e-05, 2.74626909231e-05, 1.82637086255e-05, 1.41035634442e-05, 1.72361433215e-05, 1.68377446244e-05, 9.77708077698e-06, 1.24619036797e-05, 3.89321503462e-05, 5.76095189899e-05, 3.80084165954e-05, 4.49277322332e-05, 4.31575936091e-05, 1.92411498574e-05, 8.8934057203e-06, 7.54101711209e-06, 6.70600275043e-06, 6.8082663347e-06, 5.86347186982e-06, 5.03418777953e-06, 4.75491333418e-06, 5.00559872307e-06, 4.79757454741e-06, 4.56074212707e-06],
        "min": [0.000109787906695, 0.000307056325255, 0.000391342793591, 0.000286274211248, 9.94103174889e-05, 7.66410375945e-05, 5.83478795306e-05, 9.85419901554e-05, 1.74218166649e-05, 7.84251096775e-06, 5.88034117754e-06, 5.38391032023e-06, 3.29338513438e-06, 4.29657120549e-06, 3.2668606309e-06, 2.45717455982e-06, 7.47852072891e-06, 4.31981425209e-06, 5.91121215621e-06, 4.22297034675e-06, 4.82996119899e-06, 4.84236898046e-06, 2.38308030021e-06, 4.43688031737e-06, 1.28563970065e-05, 2.09289028135e-05, 1.18716343422e-05, 1.34154361149e-05, 1.07844207378e-05, 6.86156681695e-06, 3.94193193642e-06, 2.72199827123e-06, 1.75787317858e-06, 1.81551422429e-06, 2.77999947684e-06, 2.35380775848e-06, 2.76714217762e-06, 2.14225315176e-06, 1.53624546329e-06, 2.2065844405e-06],
        "var": [2.4646802558e-05, 6.17047453488e-06, 1.01597288449e-06, 7.71410270772e-07, 1.00719795171e-07, 5.55753238984e-08, 1.96428580068e-08, 8.79214567817e-08, 3.12385495249e-09, 2.48692888505e-09, 8.24709356362e-10, 7.0404088115e-10, 4.46488512829e-10, 2.80298506627e-10, 8.49477779785e-11, 1.70548575262e-10, 1.65804550645e-10, 1.12069790947e-10, 1.02661067147e-10, 5.44949016468e-11, 5.21698691192e-11, 5.55920552647e-11, 1.53939864328e-11, 3.75498521166e-11, 3.53495760441e-10, 6.40957120712e-10, 3.94139693105e-10, 4.12172851405e-10, 6.03736283189e-10, 6.839862704e-11, 1.17573459649e-11, 6.95690293567e-12, 4.25213466868e-12, 5.67624072745e-12, 2.22259320323e-12, 1.28980495989e-12, 1.29360020959e-12, 1.51715391552e-12, 1.32311381903e-12, 9.49417519429e-13]
    },
    "mfcc": {
        "mean": [-559.545654297, 82.0221710205, 30.7680072784, 44.8566131592, 6.04117679596, 1.22557723522, 10.7211675644, -8.36149978638, -1.94150602818, 10.2314882278, -1.3273037672, -1.13653802872, 3.82811498642],
        "cov": [[156.764083862, 48.1080322266, -4.65106725693, 19.4168453217, -36.7419433594, -4.1144452095, 13.2640647888, 10.0720825195, 10.7119235992, 17.0370597839, 8.96234416962, 13.905090332, 23.5743808746], [48.1080322266, 33.3086433411, 9.40344524384, 5.76090097427, -6.99266529083, -1.15286815166, 6.65692234039, 8.15311717987, 6.48244333267, 7.62914896011, 4.23812103271, 5.47388982773, 8.6047668457], [-4.65106725693, 9.40344524384, 26.0483665466, 8.95329093933, 6.49853515625, 3.3177511692, 2.39653229713, 2.43592691422, 1.30318129063, 3.16404128075, 4.80252170563, 3.50786828995, 1.38446080685], [19.4168453217, 5.76090097427, 8.95329093933, 27.0153846741, 5.51772737503, 2.49724888802, 2.54456186295, -0.742746353149, 2.41753339767, 6.27383136749, 3.99813771248, 4.90402126312, 5.49159669876], [-36.7419433594, -6.99266529083, 6.49853515625, 5.51772737503, 33.463508606, 10.5665464401, 1.4960039854, -0.804571270943, -0.761919140816, 1.36453640461, 1.165797472, -0.180149763823, -4.36483764648], [-4.1144452095, -1.15286815166, 3.3177511692, 2.49724888802, 10.5665464401, 19.6218395233, 10.3253898621, 1.40934097767, -0.142841160297, 2.89431738853, 3.35836815834, 2.84104824066, 0.74223524332], [13.2640647888, 6.65692234039, 2.39653229713, 2.54456186295, 1.4960039854, 10.3253898621, 24.8401107788, 9.82450199127, 2.56011748314, 5.64684486389, 3.99281430244, 5.10684490204, 6.0084939003], [10.0720825195, 8.15311717987, 2.43592691422, -0.742746353149, -0.804571270943, 1.40934097767, 9.82450199127, 21.946603775, 10.8715410233, 2.77629590034, 1.87797260284, 1.23429191113, 3.80628085136], [10.7119235992, 6.48244333267, 1.30318129063, 2.41753339767, -0.761919140816, -0.142841160297, 2.56011748314, 10.8715410233, 24.1154327393, 11.900478363, 2.49724650383, 1.15901470184, 3.98725533485], [17.0370597839, 7.62914896011, 3.16404128075, 6.27383136749, 1.36453640461, 2.89431738853, 5.64684486389, 2.77629590034, 11.900478363, 24.6919002533, 10.465511322, 5.23352098465, 5.18593788147], [8.96234416962, 4.23812103271, 4.80252170563, 3.99813771248, 1.165797472, 3.35836815834, 3.99281430244, 1.87797260284, 2.49724650383, 10.465511322, 18.3736763, 7.78130340576, 1.28031134605], [13.905090332, 5.47388982773, 3.50786828995, 4.90402126312, -0.180149763823, 2.84104824066, 5.10684490204, 1.23429191113, 1.15901470184, 5.23352098465, 7.78130340576, 18.529214859, 6.90830564499], [23.5743808746, 8.6047668457, 1.38446080685, 5.49159669876, -4.36483764648, 0.74223524332, 6.0084939003, 3.80628085136, 3.98725533485, 5.18593788147, 1.28031134605, 6.90830564499, 18.8249168396]],
