{
"lowlevel": {
    "average_loudness": 0.987503528595,
    "barkbands_crest": {
        "dmean": 2.0053858757,
        "dmean2": 3.02039551735,
        "dvar": 3.1690325737,
        "dvar2": 6.57171535492,
        "max": 24.515378952,
        "mean": 16.3261127472,
        "median": 16.4241390228,
        "min": 6.51624822617,
        "var": 15.3030252457
    },
    "barkbands_flatness_db": {
        "dmean": 0.0191191621125,
        "dmean2": 0.0248846132308,
        "dvar": 0.000542909780052,
        "dvar2": 0.000746359990444,
        "max": 0.366138100624,
        "mean": 0.210428327322,
        "median": 0.212775304914,
        "min": 0.0667677074671,
        "var": 0.00306095578708
    },
    "barkbands_kurtosis": {
        "dmean": 5.96041822433,
        "dmean2": 8.94248962402,
        "dvar": 53.9365158081,
        "dvar2": 98.5638122559,
        "max": 65.2550048828,
        "mean": 11.4079465866,
        "median": 8.15524959564,
        "min": -0.672684669495,
        "var": 133.016571045
    },
    "barkbands_skewness": {
        "dmean": 0.498416572809,
        "dmean2": 0.777128338814,
        "dvar": 0.459233731031,
        "dvar2": 0.805643618107,
        "max": 5.79207658768,
        "mean": 0.371641635895,
        "median": 0.380503982306,
        "min": -4.02627325058,
        "var": 1.52366602421
    },
    "barkbands_spread": {
        "dmean": 2.14221191406,
        "dmean2": 3.01564574242,
        "dvar": 4.46262264252,
        "dvar2": 6.28598356247,
        "max": 31.9978790283,
        "mean": 8.13782310486,
        "median": 6.53337287903,
        "min": 0.708273470402,
        "var": 31.5727939606
    },
    "dissonance": {
        "dmean": 0.0460791029036,
        "dmean2": 0.0771299004555,
        "dvar": 0.00149452022742,
        "dvar2": 0.00447084009647,
        "max": 0.49183678627,
        "mean": 0.35446870327,
        "median": 0.358795523643,
        "min": 0.153049424291,
        "var": 0.00628760550171
    },
    "dynamic_complexity": 3.14878416061,
    "erbbands_crest": {
        "dmean": 1.37482345104,
        "dmean2": 2.00766181946,
        "dvar": 5.24956560135,
        "dvar2": 9.42979717255,
        "max": 31.6797275543,
        "mean": 23.3485584259,
        "median": 22.710899353,
        "min": 9.98448944092,
        "var": 21.7015628815
    },
    "erbbands_flatness_db": {
        "dmean": 0.0165625475347,
        "dmean2": 0.0214486680925,
        "dvar": 0.000480432441691,
        "dvar2": 0.000604999426287,
        "max": 0.417079925537,
        "mean": 0.246186718345,
        "median": 0.252718180418,
        "min": 0.118474297225,
        "var": 0.00355351576582
    },
    "erbbands_kurtosis": {
        "dmean": 8.1538734436,
        "dmean2": 12.0167379379,
        "dvar": 102.935951233,
        "dvar2": 218.801528931,
        "max": 85.1504669189,
        "mean": 23.9733161926,
        "median": 21.4722423553,
        "min": -1.67898797989,
        "var": 270.36050415
    },
    "erbbands_skewness": {
        "dmean": 0.72012925148,
        "dmean2": 1.1187967062,
        "dvar": 0.468311101198,
        "dvar2": 1.05707287788,
        "max": 6.32943153381,
        "mean": 2.82955551147,
        "median": 2.83540487289,
        "min": 0.227552950382,
        "var": 1.21006500721
    },
    "erbbands_spread": {
        "dmean": 2.04259943962,
        "dmean2": 2.85380411148,
        "dvar": 16.7349472046,
        "dvar2": 23.9896869659,
        "max": 53.9873161316,
        "mean": 7.42763662338,
        "median": 4.49808883667,
        "min": 0.601821064949,
        "var": 74.9311447144
    },
    "hfc": {
        "dmean": 2.13094162941,
        "dmean2": 2.3846745491,
        "dvar": 55.0706939697,
        "dvar2": 78.9761199951,
        "max": 68.3406066895,
        "mean": 5.72874736786,
        "median": 2.33880591393,
        "min": 0.621509790421,
        "var": 125.437637329
    },
    "melbands_crest": {
        "dmean": 2.37286043167,
        "dmean2": 3.8182451725,
        "dvar": 4.02171802521,
        "dvar2": 7.72034311295,
        "max": 31.9425640106,
        "mean": 19.1475772858,
        "median": 19.4069862366,
        "min": 7.08130693436,
        "var": 35.975151062
    },
    "melbands_flatness_db": {
        "dmean": 0.0215165223926,
        "dmean2": 0.0291851274669,
        "dvar": 0.000713873596396,
        "dvar2": 0.00112326536328,
        "max": 0.472931355238,
        "mean": 0.310862571001,
        "median": 0.319229066372,
        "min": 0.123712368309,
        "var": 0.00379774393514
    },
    "melbands_kurtosis": {
        "dmean": 4.34726476669,
        "dmean2": 5.6085767746,
        "dvar": 136.220489502,
        "dvar2": 172.201889038,
        "max": 135.157302856,
        "mean": 6.22060966492,
        "median": 2.39092969894,
        "min": -0.862735748291,
        "var": 300.165252686
    },
    "melbands_skewness": {
        "dmean": 0.52265816927,
        "dmean2": 0.770810127258,
        "dvar": 0.490251153708,
        "dvar2": 0.985669791698,
        "max": 6.88577508926,
        "mean": -0.250496923923,
        "median": -0.563412547112,
        "min": -4.26646471024,
        "var": 2.25848150253
    },
    "melbands_spread": {
        "dmean": 2.89797592163,
        "dmean2": 4.5070271492,
        "dvar": 7.92754650116,
        "dvar2": 13.0222606659,
        "max": 38.9265365601,
        "mean": 11.2368345261,
        "median": 10.6291513443,
        "min": 1.39603757858,
        "var": 37.9198608398
    },
    "pitch_salience": {
        "dmean": 0.06663402915,
        "dmean2": 0.103471361101,
        "dvar": 0.00641029980034,
        "dvar2": 0.00863022264093,
        "max": 0.82353490591,
        "mean": 0.333211421967,
        "median": 0.310584872961,
        "min": 0.101321876049,
        "var": 0.0141114685684
    },
    "silence_rate_20dB": {
        "dmean": 0,
        "dmean2": 0,
        "dvar": 0,
        "dvar2": 0,
        "max": 1,
        "mean": 1,
        "median": 1,
        "min": 1,
        "var": 0
    },
    "silence_rate_30dB": {
        "dmean": 0,
        "dmean2": 0,
        "dvar": 0,
        "dvar2": 0,
        "max": 1,
        "mean": 1,
        "median": 1,
        "min": 1,
        "var": 0
    },
    "silence_rate_60dB": {
        "dmean": 0.0666666701436,
        "dmean2": 0.1344537884,
        "dvar": 0.062222275883,
        "dvar2": 0.116375990212,
        "max": 1,
        "mean": 0.42975205183,
        "median": 0,
        "min": 0,
        "var": 0.24506495893
    },
    "spectral_centroid": {
        "dmean": 66.3627243042,
        "dmean2": 92.3302993774,
        "dvar": 26904.1816406,
        "dvar2": 32498.0644531,
        "max": 2763.60375977,
        "mean": 720.313293457,
        "median": 654.515991211,
        "min": 434.235839844,
        "var": 93865.3203125
    },
    "spectral_complexity": {
        "dmean": 1.3166667223,
        "dmean2": 2.28571438789,
        "dvar": 2.03305602074,
        "dvar2": 4.96038389206,
        "max": 16,
        "mean": 4.33057832718,
        "median": 4,
        "min": 1,
        "var": 4.93204069138
    },
    "spectral_decrease": {
        "dmean": 8.45118808268e-10,
        "dmean2": 8.97982133097e-10,
        "dvar": 8.18775464913e-18,
        "dvar2": 1.13860187091e-17,
        "max": -1.80133116756e-10,
        "mean": -2.11537898309e-09,
        "median": -8.99138929977e-10,
        "min": -2.6318540236e-08,
        "var": 1.73273460291e-17
    },
    "spectral_energy": {
        "dmean": 0.00337531487457,
        "dmean2": 0.00359558709897,
        "dvar": 0.000131330147269,
        "dvar2": 0.000182828211109,
        "max": 0.105530887842,
        "mean": 0.00850354321301,
        "median": 0.00358898635022,
        "min": 0.0007488100091,
        "var": 0.000279105384834
    },
    "spectral_energyband_high": {
        "dmean": 6.3535044319e-05,
        "dmean2": 8.4186103777e-05,
        "dvar": 9.82330590205e-08,
        "dvar2": 1.86765831245e-07,
        "max": 0.00338000105694,
        "mean": 0.000104582097265,
        "median": 9.36386732064e-06,
        "min": 7.69021153246e-06,
        "var": 1.99336341211e-07
    },
    "spectral_energyband_low": {
        "dmean": 0.000275993166724,
        "dmean2": 0.000466441706521,
        "dvar": 7.59341602929e-08,
        "dvar2": 2.2652417897e-07,
        "max": 0.00186820374802,
        "mean": 0.000419334945036,
        "median": 0.000346277578501,
        "min": 5.28953096364e-05,
        "var": 9.04284078729e-08
    },
    "spectral_energyband_middle_high": {
        "dmean": 8.13956503407e-05,
        "dmean2": 0.000117177070933,
        "dvar": 4.20821919533e-08,
        "dvar2": 6.86273580186e-08,
        "max": 0.00236209272407,
        "mean": 0.000226448202739,
        "median": 0.000123963502119,
        "min": 2.20490492211e-05,
        "var": 1.59602947747e-07
    },
    "spectral_energyband_middle_low": {
        "dmean": 0.00325217307545,
        "dmean2": 0.0033596327994,
        "dvar": 0.000129687934532,
        "dvar2": 0.000179254566319,
        "max": 0.103495404124,
        "mean": 0.0077791037038,
        "median": 0.00298972404562,
        "min": 0.000437872047769,
        "var": 0.00026751490077
    },
    "spectral_entropy": {
        "dmean": 0.204404383898,
        "dmean2": 0.248774647713,
        "dvar": 0.0846407786012,
        "dvar2": 0.10288951546,
        "max": 8.17571353912,
        "mean": 6.46294116974,
        "median": 6.43451881409,
        "min": 4.74623203278,
        "var": 0.411690235138
    },
    "spectral_flux": {
        "dmean": 0.00975095387548,
        "dmean2": 0.014558788389,
        "dvar": 0.000613012700342,
        "dvar2": 0.000782579008956,
        "max": 0.284333139658,
        "mean": 0.0269945375621,
        "median": 0.0168413091451,
        "min": 0.00748584931716,
        "var": 0.00130874151364
    },
    "spectral_kurtosis": {
        "dmean": 1.84231770039,
        "dmean2": 2.76149892807,
        "dvar": 5.98683834076,
        "dvar2": 9.5847530365,
        "max": 34.3905334473,
        "mean": 12.6525125504,
        "median": 11.5669212341,
        "min": 2.15436029434,
        "var": 27.8374423981
    },
    "spectral_rms": {
        "dmean": 0.00037422857713,
        "dmean2": 0.000432518951129,
        "dvar": 8.20177831429e-07,
        "dvar2": 1.07166067664e-06,
        "max": 0.0101467706263,
        "mean": 0.00232950365171,
        "median": 0.0018712162273,
        "min": 0.000854720012285,
        "var": 2.86954718831e-06
    },
    "spectral_rolloff": {
        "dmean": 83.9794921875,
        "dmean2": 138.427734375,
        "dvar": 143836.234375,
        "dvar2": 230651.5625,
        "max": 4306.640625,
        "mean": 740.671875,
        "median": 667.529296875,
        "min": 624.462890625,
        "var": 237997.375
    },
    "spectral_skewness": {
        "dmean": 0.210549965501,
        "dmean2": 0.318872064352,
        "dvar": 0.0585659258068,
        "dvar2": 0.0917456969619,
        "max": 4.91941833496,
        "mean": 2.97242474556,
        "median": 2.86538743973,
        "min": 1.3699516058,
        "var": 0.398856878281
    },
    "spectral_spread": {
        "dmean": 501533.125,
        "dmean2": 606843.5,
        "dvar": 2.16188492186e+12,
        "dvar2": 1.20021961933e+12,
        "max": 26558234,
        "mean": 4864643,
        "median": 4622670,
        "min": 2191045.25,
        "var": 5.52858235699e+12
    },
    "spectral_strongpeak": {
        "dmean": 0.352295696735,
        "dmean2": 0.450589001179,
        "dvar": 0.849668741226,
        "dvar2": 1.33826589584,
        "max": 7.57400512695,
        "mean": 1.48025989532,
        "median": 1.31035244465,
        "min": 0.0489102974534,
        "var": 1.59938037395
    },
    "zerocrossingrate": {
        "dmean": 0.00455322256312,
        "dmean2": 0.00559266656637,
        "dvar": 4.02417354053e-05,
        "dvar2": 4.92133913212e-05,
        "max": 0.109375,
        "mean": 0.0396799147129,
        "median": 0.03564453125,
        "min": 0.00732421875,
        "var": 0.000207923716516
    },
    "barkbands": {
        "dmean": [1.83713837032e-05, 0.000217699809582, 9.48255255935e-05, 5.02886250615e-05, 0.000116522976896, 3.55556512659e-05, 4.47530437668e-05, 0.000906491128262, 0.00243331701495, 2.12816521525e-05, 4.12038480135e-06, 4.24659374403e-05, 2.29871311603e-05, 2.27466193792e-06, 1.1499856555e-05, 1.38478060308e-06, 3.23375297739e-06, 4.44975739811e-06, 6.05550030741e-06, 5.98128463025e-05, 2.66969641416e-06, 2.56272323895e-06, 9.21077685234e-07, 1.84845032436e-06, 9.40440202157e-07, 1.73077717136e-06, 7.60828925195e-07],
        "dmean2": [3.15973593388e-05, 0.000374205468688, 0.000170950312167, 8.95864432096e-05, 0.000212130558793, 6.0628328356e-05, 7.43920245441e-05, 0.000915696495213, 0.00246489443816, 3.11807634716e-05, 6.20168157184e-06, 5.25053328602e-05, 3.41669619957e-05, 3.60581293535e-06, 1.78402224265e-05, 2.33523405768e-06, 4.5077190407e-06, 5.52888877792e-06, 8.2151073002e-06, 8.40006614453e-05, 4.08539244745e-06, 4.4681169129e-06, 1.46356399e-06, 2.58280010712e-06, 1.32095067329e-06, 2.2904753223e-06, 1.21049629342e-06],
        "dvar": [3.17262827121e-10, 4.90429741262e-08, 1.30191191161e-08, 8.19180812073e-09, 1.50194221504e-08, 1.82849335673e-09, 1.42798475267e-08, 1.83906849998e-05, 6.55028416077e-05, 4.90693174982e-09, 2.34049862824e-10, 1.16023874952e-08, 8.77372619001e-10, 3.88502494064e-11, 8.03173805242e-10, 1.12924886456e-11, 1.97330471408e-10, 3.39129890836e-10, 9.44825662152e-10, 9.75393916747e-08, 1.11970828442e-10, 1.52476739568e-10, 9.39559628016e-12, 7.43884329135e-11, 1.46906757592e-11, 4.75959757718e-11, 9.66210401618e-13],
        "dvar2": [7.92722665288e-10, 1.48473262129e-07, 3.41809460735e-08, 2.44628513002e-08, 4.81574105038e-08, 4.66265870358e-09, 2.7061973995e-08, 2.13060229726e-05, 0.000106521285488, 6.82959155895e-09, 2.5027677153e-10, 1.59305013625e-08, 1.94243265916e-09, 1.04193161043e-10, 1.32442445899e-09, 2.61649660271e-11, 4.26166907319e-10, 5.30140209509e-10, 2.00456073962e-09, 1.81065814786e-07, 2.78616574256e-10, 4.28740876135e-10, 1.70143690803e-11, 1.23126064899e-10, 2.07988348766e-11, 9.55841725214e-11, 2.15610320396e-12],
        "max": [0.000128178086015, 0.00169977732003, 0.000708288629539, 0.00063590996433, 0.00107064994518, 0.000388111948268, 0.000853236415423, 0.0435217097402, 0.0758517980576, 0.000717901624739, 0.000176071072929, 0.00147732277401, 0.000214966552448, 5.4550855566e-05, 0.000279289524769, 2.82262117253e-05, 0.000157860296895, 0.000236838473938, 0.000321929925121, 0.00316609139554, 0.000112461988465, 0.000110804132419, 3.3802640246e-05, 9.60699253483e-05, 4.33976638305e-05, 8.24393209768e-05, 1.30372600324e-05],
        "mean": [2.02822866413e-05, 0.000277455925243, 9.97477109195e-05, 5.06193719048e-05, 0.000201245537028, 6.51112059131e-05, 5.843690451e-05, 0.00206464575604, 0.00532239628956, 3.19407954521e-05, 7.02177658241e-06, 9.55066570896e-05, 4.28286366514e-05, 3.47289937963e-06, 2.4668082915e-05, 2.71356702797e-06, 4.66484698336e-06, 8.08208096714e-06, 7.71184204496e-06, 9.00552768144e-05, 4.56136103821e-06, 3.12243219014e-06, 2.31822264141e-06, 3.0557187074e-06, 2.42211740442e-06, 3.21160950989e-06, 4.583154805e-06],
        "median": [1.38865643748e-05, 0.000205532342079, 6.88590516802e-05, 2.76486625808e-05, 0.000154352324898, 5.65434420423e-05, 2.50104567385e-05, 0.00032068148721, 0.00211389129981, 1.09105130832e-05, 2.88014825855e-06, 1.48856297528e-05, 2.48322085099e-05, 1.67176733612e-06, 1.8654140149e-05, 1.31368960865e-06, 7.19653371561e-07, 5.09601420617e-07, 9.12770701689e-07, 9.13588223739e-07, 8.63257014316e-07, 5.69261771943e-07, 6.09416133557e-07, 6.83460768869e-07, 9.11313236429e-07, 1.46793991007e-06, 4.38650613432e-06],
        "min": [4.58624299426e-07, 1.22241399367e-05, 1.59641342634e-06, 1.52797906594e-06, 1.17969038911e-05, 5.6843555285e-06, 6.35970309304e-06, 1.17678746392e-06, 0.000180316972546, 1.21749292248e-06, 3.47027963699e-07, 4.78905519685e-07, 3.01778595713e-06, 4.26908911777e-07, 8.04952321687e-07, 3.54352891918e-07, 1.35545391799e-07, 2.46558727213e-07, 3.1891536878e-07, 3.79550641583e-07, 3.02071043734e-07, 2.77530233461e-07, 3.31719348878e-07, 3.97991868795e-07, 5.66628614251e-07, 7.22739855519e-07, 3.11915573548e-06],
        "var": [4.0425457426e-10, 5.93848668018e-08, 1.21704326617e-08, 6.51259046691e-09, 3.1553081925e-08, 2.24372032065e-09, 1.7051725365e-08, 3.85165803891e-05, 0.000117894356663, 6.71633992866e-09, 3.09621495109e-10, 4.61502835947e-08, 2.13922235481e-09, 4.42554812241e-11, 1.69463132416e-09, 1.6283616816e-11, 3.20033027856e-10, 1.13445042249e-09, 1.31016919536e-09, 1.91756484469e-07, 1.68510275178e-10, 1.33183714057e-10, 3.20306593748e-11, 1.25686197561e-10, 3.96027793892e-11, 7.29115517961e-11, 1.24978673244e-12]
    },
    "erbbands": {
        "dmean": [0.00791240949184, 0.045812189579, 0.100043460727, 0.13059130311, 0.387874484062, 0.340462714434, 0.183708295226, 0.306770533323, 0.760830581188, 1.47273647785, 50.8689956665, 39.0312004089, 1.50667655468, 0.436887413263, 0.181293576956, 1.67590177059, 1.35050439835, 0.13595482707, 0.24387049675, 0.540377914906, 0.103438787162, 0.192038431764, 0.0791214779019, 0.253788769245, 0.608057677746, 1.3509966135, 1.98861134052, 0.145413011312, 0.0539616569877, 0.0826730802655, 0.0297472197562, 0.0515499450266, 0.0278597343713, 0.0118845440447, 0.00675250403583, 0.00666573876515, 0.00392605410889, 0.000615033903159, 0.000123005884234, 1.54804183694e-05],
        "dmean2": [0.013730074279, 0.0790265649557, 0.175776839256, 0.235563769937, 0.715705931187, 0.617258667946, 0.309707611799, 0.522839665413, 1.28382432461, 1.54677569866, 51.5105323792, 40.413269043, 1.58346235752, 0.629161655903, 0.276987433434, 2.07332921028, 1.94703280926, 0.216202765703, 0.354297369719, 0.853201448917, 0.163441061974, 0.263427555561, 0.10222248733, 0.310954481363, 0.79685997963, 1.85924100876, 2.81456184387, 0.2075663656, 0.088230445981, 0.134649634361, 0.0408516675234, 0.0704580321908, 0.0413971170783, 0.0172014944255, 0.0099394666031, 0.00850724056363, 0.0055706705898, 0.000876709527802, 0.000202447306947, 2.30774221563e-05],
        "dvar": [8.59405117808e-05, 0.00199365918525, 0.0144073050469, 0.0464358441532, 0.153278321028, 0.184660986066, 0.0431607961655, 0.161500036716, 3.06633877754, 24.7969093323, 40573.6796875, 14808.3417969, 16.4217777252, 2.4236907959, 0.374283969402, 16.8380870819, 3.42271304131, 0.152119398117, 0.677419602871, 0.881511807442, 0.0474349632859, 0.766051888466, 0.082222469151, 0.920454025269, 11.3006725311, 48.1831512451, 104.112541199, 0.522377371788, 0.0441312454641, 0.156397089362, 0.0110363867134, 0.0605112314224, 0.020587882027, 0.00301846116781, 0.00071161868982, 0.00072443584213, 0.000252707395703, 2.47358752858e-06, 2.38262281016e-08, 4.02293254265e-10],
        "dvar2": [0.000264523725491, 0.00600650114939, 0.03673350811, 0.13473162055, 0.491650760174, 0.580774724483, 0.108750239015, 0.410825550556, 6.88527154922, 31.8033294678, 50795.5703125, 23794.0722656, 18.3775215149, 3.88146519661, 0.455028563738, 22.7040252686, 7.25109195709, 0.412292033434, 1.15676915646, 2.14074969292, 0.122961618006, 1.61771714687, 0.128395080566, 1.35349965096, 21.9806079865, 91.575630188, 193.416473389, 1.24978351593, 0.122713521123, 0.412205725908, 0.0200133081526, 0.134687930346, 0.0441233664751, 0.00464622955769, 0.00124419096392, 0.00138541916385, 0.000549284683075, 4.94779760629e-06, 4.62319036387e-08, 7.6976280905e-10],
        "max": [0.0717183202505, 0.292097985744, 0.750449538231, 1.56617796421, 2.44050550461, 3.78040003777, 1.57450449467, 3.54151153564, 12.8493824005, 50.5501976013, 1931.24951172, 1179.18725586, 58.0201301575, 16.5453510284, 6.80898284912, 57.3402328491, 19.6031589508, 3.74226737022, 8.66340827942, 7.52161693573, 2.0638551712, 9.6862154007, 3.88786554337, 12.6304111481, 35.3506546021, 71.377166748, 103.096237183, 8.02191257477, 1.95138442516, 3.94348812103, 1.35859704018, 2.78345990181, 1.41323542595, 0.584998369217, 0.271144092083, 0.328614324331, 0.181370958686, 0.0191297959536, 0.00197006715462, 0.000246990588494],
        "mean": [0.00976584292948, 0.055031850934, 0.117422603071, 0.150080516934, 0.547529876232, 0.631884276867, 0.249248504639, 0.546089112759, 1.11928498745, 3.19632196426, 116.614707947, 90.9440612793, 4.17859125137, 0.749129593372, 0.377906143665, 3.82366251945, 3.04084849358, 0.301946461201, 0.468898564577, 1.25637507439, 0.206168234348, 0.282110571861, 0.170682609081, 0.47220915556, 0.869302272797, 1.97961556911, 3.03955745697, 0.270351469517, 0.0813977122307, 0.117333009839, 0.0664983540773, 0.0756080299616, 0.0414429679513, 0.0286055449396, 0.0168232340366, 0.0116681531072, 0.00667947018519, 0.00187664234545, 0.000585926230997, 8.73142998898e-05],
        "median": [0.00722308270633, 0.0417768657207, 0.0852275490761, 0.0891778469086, 0.372525215149, 0.475231558084, 0.17706052959, 0.462736964226, 0.647299647331, 1.02720522881, 33.6063346863, 35.7619285583, 2.05813264847, 0.220263689756, 0.154355704784, 1.31900691986, 1.88731026649, 0.169890791178, 0.141856119037, 1.20874929428, 0.12487757206, 0.0402923710644, 0.0320811569691, 0.0463381558657, 0.0425622686744, 0.045072875917, 0.0438827350736, 0.0262774024159, 0.0222258530557, 0.0188714750111, 0.017535591498, 0.0137193966657, 0.0122423917055, 0.00889093987644, 0.00698925135657, 0.00446426169947, 0.00291802734137, 0.00151973497123, 0.000545778428204, 8.1260681327e-05],
        "min": [0.000251430843491, 0.00517718587071, 0.00716467248276, 0.0182289257646, 0.0320573970675, 0.0241652410477, 0.0448575019836, 0.0452880188823, 0.168557137251, 0.0978555455804, 1.55328631401, 2.81265091896, 0.343385308981, 0.0793891176581, 0.0394728407264, 0.0848023667932, 0.213539049029, 0.043412540108, 0.0320998057723, 0.0717117115855, 0.0285634174943, 0.0120649468154, 0.0135755287483, 0.0162666421384, 0.0181056186557, 0.0200341250747, 0.0164455808699, 0.011321015656, 0.00929291825742, 0.00872209668159, 0.00851562991738, 0.00857418961823, 0.00723494542763, 0.00506566697732, 0.00395487202331, 0.0028777429834, 0.00109312869608, 0.000622842286248, 0.000414091453422, 6.134758587e-05],
        "var": [0.000104022205051, 0.00222200085409, 0.01401380077, 0.0362644270062, 0.23661455512, 0.367419660091, 0.0475308522582, 0.189327418804, 3.42815899849, 60.2907409668, 83688.5546875, 29726.8886719, 56.6500930786, 3.60229969025, 0.593325853348, 68.4454727173, 11.351691246, 0.190844580531, 1.53631365299, 1.62711346149, 0.0865298584104, 1.2379566431, 0.289500325918, 3.2798705101, 19.5040779114, 91.7809066772, 206.605270386, 0.933261394501, 0.0526005998254, 0.172571331263, 0.0335236005485, 0.0829653516412, 0.0247087851167, 0.00749052222818, 0.00152990070637, 0.00121768831741, 0.000333477393724, 3.66478252545e-06, 3.74659308022e-08, 7.38351213503e-10]
    },
    "gfcc": {
        "mean": [-136.054473877, 93.840057373, -66.4403915405, -23.2327232361, -52.5250740051, 1.80112969875, -11.8121032715, 12.4068775177, -3.32628512383, 8.80580997467, -22.3334503174, -20.3012390137, -17.6360988617],
        "cov": [[1561.28869629, -277.985290527, -569.242858887, 192.008956909, -294.908508301, -36.8763046265, 115.763374329, 126.910400391, -102.93547821, 107.564491272, 2.44676303864, -48.9629058838, -56.414932251], [-277.985290527, 345.790557861, 180.362243652, -202.351287842, 44.1169395447, -1.24417114258, -25.8837814331, -28.6956996918, 67.5136413574, -34.8294525146, -32.4205474854, -41.8944969177, -13.3627147675], [-569.242858887, 180.362243652, 290.061645508, -83.130241394, 113.340995789, 21.0588817596, -51.409324646, -43.100856781, 42.7767219543, -47.2245521545, -9.90266036987, 12.6823778152, 19.318441391], [192.008956909, -202.351287842, -83.130241394, 197.957305908, 5.86310625076, 2.7732064724, 21.99193573, 23.8180809021, -52.2767524719, 14.4024448395, 17.9981594086, 21.1118736267, 1.31833577156], [-294.908508301, 44.1169395447, 113.340995789, 5.86310625076, 111.598617554, 24.0293312073, -28.2359447479, -22.5418701172, 12.9826908112, -15.3849802017, 13.8303699493, 25.9299507141, 14.4170417786], [-36.8763046265, -1.24417114258, 21.0588817596, 2.7732064724, 24.0293312073, 40.1967124939, 6.61198711395, -3.33647012711, 6.60929632187, 7.96564769745, 6.72811555862, 9.56697368622, 1.76141238213], [115.763374329, -25.8837814331, -51.409324646, 21.99193573, -28.2359447479, 6.61198711395, 62.0106735229, 39.9737472534, -2.04781293869, 13.1563749313, 9.00184822083, -17.3367004395, -16.9500789642], [126.910400391, -28.6956996918, -43.100856781, 23.8180809021, -22.5418701172, -3.33647012711, 39.9737472534, 55.4139022827, 5.31223297119, 12.3504543304, 13.6871099472, -2.89599299431, -2.16093206406], [-102.93547821, 67.5136413574, 42.7767219543, -52.2767524719, 12.9826908112, 6.60929632187, -2.04781293869, 5.31223297119, 50.0353126526, 4.44886827469, -4.08679914474, -2.88374495506, 10.9806861877], [107.564491272, -34.8294525146, -47.2245521545, 14.4024448395, -15.3849802017, 7.96564769745, 13.1563749313, 12.3504543304, 4.44886827469, 32.0586585999, 15.0133657455, 4.93225812912, 6.33151292801], [2.44676303864, -32.4205474854, -9.90266036987, 17.9981594086, 13.8303699493, 6.72811555862, 9.00184822083, 13.6871099472, -4.08679914474, 15.0133657455, 35.3846969604, 24.6394309998, 7.44391727448], [-48.9629058838, -41.8944969177, 12.6823778152, 21.1118736267, 25.9299507141, 9.56697368622, -17.3367004395, -2.89599299431, -2.88374495506, 4.93225812912, 24.6394309998, 48.6317634583, 21.8453369141], [-56.414932251, -13.3627147675, 19.318441391, 1.31833577156, 14.4170417786, 1.76141238213, -16.9500789642, -2.16093206406, 10.9806861877, 6.33151292801, 7.44391727448, 21.8453369141, 32.736831665]],
        "icov": [[0.0124074006453, -0.0164607912302, 0.0180324520916, -0.0155107360333, 0.0202492717654, -0.0134314000607, 0.0170982629061, -0.0209996495396, 0.01658898592, -0.0179619919509, 0.0084645813331, -0.00629297830164, 0.00410191621631], [-0.0164607912302, 0.0356251783669, -0.0285283178091, 0.0318362824619, -0.0324074923992, 0.0215755626559, -0.0221201106906, 0.024634629488, -0.0242228060961, 0.02056113258, -0.00715642934665, 0.013724678196, 0.00162907864433], [0.0180324520916, -0.0285283178091, 0.0379607081413, -0.0245864670724, 0.0252274051309, -0.0246236175299, 0.0261783674359, -0.0275974981487, 0.0195357184857, -0.010929803364, 0.00670794118196, -0.00714423926547, -0.00122999923769], [-0.0155107360333, 0.0318362824619, -0.0245864670724, 0.0396177880466, -0.0369416587055, 0.0216457359493, -0.0245580300689, 0.0175758656114, -0.00875657051802, 0.0120358932763, 0.0028275642544, 0.00624100584537, -0.00147022597957], [0.0202492717654, -0.0324074923992, 0.0252274051309, -0.0369416587055, 0.061004050076, -0.0347200147808, 0.0350894145668, -0.0270856525749, 0.0175910722464, -0.0133375795558, -0.00865693669766, -0.00760675827041, 0.00337393023074], [-0.0134314000607, 0.0215755626559, -0.0246236175299, 0.0216457359493, -0.0347200147808, 0.0588629730046, -0.0376457050443, 0.0303941480815, -0.0170568227768, -0.00694638118148, 0.0101752523333, -0.0106696980074, 0.00582848768681], [0.0170982629061, -0.0221201106906, 0.0261783674359, -0.0245580300689, 0.0350894145668, -0.0376457050443, 0.0777422636747, -0.0576092638075, 0.0199241954833, -0.0198336597532, -0.00881776213646, 0.0142603367567, 0.0186410043389], [-0.0209996495396, 0.024634629488, -0.0275974981487, 0.0175758656114, -0.0270856525749, 0.0303941480815, -0.0576092638075, 0.0849796682596, -0.0450789257884, 0.0421885177493, -0.0322467796504, 0.00941726285964, -0.0164715703577], [0.01658898592, -0.0242228060961, 0.0195357184857, -0.00875657051802, 0.0175910722464, -0.0170568227768, 0.0199241954833, -0.0450789257884, 0.0721608325839, -0.0509341917932, 0.0355733782053, -0.0130969770253, -0.00566691253334], [-0.0179619919509, 0.02056113258, -0.010929803364, 0.0120358932763, -0.0133375795558, -0.00694638118148, -0.0198336597532, 0.0421885177493, -0.0509341917932, 0.119160614908, -0.0676688328385, 0.0344580076635, -0.0314014665782], [0.0084645813331, -0.00715642934665, 0.00670794118196, 0.0028275642544, -0.00865693669766, 0.0101752523333, -0.00881776213646, -0.0322467796504, 0.0355733782053, -0.0676688328385, 0.105599187315, -0.0559836290777, 0.0186658315361], [-0.00629297830164, 0.013724678196, -0.00714423926547, 0.00624100584537, -0.00760675827041, -0.0106696980074, 0.0142603367567, 0.00941726285964, -0.0130969770253, 0.0344580076635, -0.0559836290777, 0.0737074390054, -0.0280751194805], [0.00410191621631, 0.00162907864433, -0.00122999923769, -0.00147022597957, 0.00337393023074, 0.00582848768681, 0.0186410043389, -0.0164715703577, -0.00566691253334, -0.0314014665782, 0.0186658315361, -0.0280751194805, 0.0682946741581]]
    },
    "melbands": {
        "dmean": [6.42676750431e-05, 4.85112868773e-05, 2.55934501183e-05, 3.13145828841e-05, 6.14962982581e-06, 7.36488118491e-06, 1.0760951227e-05, 1.18870693768e-05, 0.000559085223358, 0.000205084666959, 3.63337585441e-06, 1.79437836323e-06, 5.59733393857e-07, 1.63103970863e-06, 7.31215004635e-06, 1.04453340555e-06, 2.29476796676e-07, 2.7127950375e-07, 9.07786272819e-07, 3.5413827959e-07, 1.0026487729e-07, 2.72422028047e-07, 3.03940694835e-08, 1.82462983389e-07, 2.10612654428e-07, 2.22186429255e-07, 5.24536631019e-07, 1.25032681808e-06, 2.22534367822e-06, 9.57334904683e-08, 5.04053687678e-08, 1.9737690593e-08, 7.76511512868e-08, 2.86426420359e-08, 1.46999763473e-08, 2.67754227679e-08, 2.99574871576e-08, 1.98657730266e-08, 1.83810975329e-08, 1.14600213763e-08],
        "dmean2": [0.0001107181306, 8.31776778796e-05, 4.71013991046e-05, 5.72834032937e-05, 1.03906249933e-05, 1.26028426166e-05, 1.81181403605e-05, 1.62870765053e-05, 0.000565310649108, 0.000212817001739, 5.31679506821e-06, 2.65598669102e-06, 8.39110441575e-07, 1.85459828117e-06, 9.95036316453e-06, 1.60785032222e-06, 3.73702391698e-07, 4.05557841532e-07, 1.38963480367e-06, 5.90250294863e-07, 1.64342040421e-07, 3.72783915736e-07, 4.61663240969e-08, 2.27650730267e-07, 2.69871634373e-07, 2.94866822514e-07, 6.85432326009e-07, 1.73472585629e-06, 3.1613540159e-06, 1.41174183454e-07, 7.60005320899e-08, 2.949809641e-08, 1.39069911143e-07, 4.12549994167e-08, 2.529375287e-08, 3.70617740941e-08, 4.08728659806e-08, 2.95401250128e-08, 2.91814306053e-08, 1.44302445548e-08],
        "dvar": [4.96854646315e-09, 2.97925861759e-09, 1.52448864643e-09, 1.13910558763e-09, 4.05219087452e-11, 7.83085679634e-11, 7.03056113327e-10, 2.53535725747e-09, 4.50018205811e-06, 4.02287355428e-07, 2.21236431952e-10, 4.66712050951e-11, 4.11323969676e-12, 1.81985156111e-11, 2.08727285456e-10, 2.86087408104e-12, 5.33050166507e-13, 7.14602368165e-13, 7.13803365374e-12, 3.20413888564e-13, 6.52040677311e-14, 1.64684097522e-12, 6.26434947548e-15, 5.40491317067e-13, 6.14420244283e-13, 1.25237559039e-12, 8.65660494676e-12, 4.08829324561e-11, 1.32505562078e-10, 1.55230090392e-13, 3.86899679774e-14, 2.98814864352e-15, 1.82973441628e-13, 9.85332505827e-15, 3.17095381189e-15, 1.61541448078e-14, 1.90172110373e-14, 9.62042996129e-15, 9.07708797178e-15, 1.94167755367e-15],
        "dvar2": [1.53377097689e-08, 8.11879719009e-09, 4.58237003897e-09, 3.63805363612e-09, 9.18526157911e-11, 1.88820209468e-10, 1.52786683305e-09, 3.65085695009e-09, 5.88132661505e-06, 6.66791891035e-07, 2.38864317215e-10, 7.68981961441e-11, 4.63464119513e-12, 2.14301128926e-11, 3.57706975151e-10, 5.50443761752e-12, 1.41937449207e-12, 1.39154876858e-12, 1.04010298638e-11, 1.10951222168e-12, 1.71852237844e-13, 3.52057619168e-12, 6.9336105359e-15, 8.52881513243e-13, 9.41616034277e-13, 2.46368095196e-12, 1.68535862349e-11, 7.77485645309e-11, 2.45533843257e-10, 3.778063203e-13, 9.85248327693e-14, 6.56626039349e-15, 5.16493803022e-13, 2.21806622548e-14, 6.58536818623e-15, 3.82601292499e-14, 4.13288720196e-14, 2.31454361699e-14, 1.86473151373e-14, 2.83300227725e-15],
        "max": [0.000550802215002, 0.000374109775294, 0.000283993344055, 0.000299365841784, 5.66505514144e-05, 8.59942665556e-05, 0.000194771419046, 0.000484808493638, 0.0196256730705, 0.00642733229324, 0.00016663200222, 6.48554414511e-05, 2.26260362979e-05, 6.03037369729e-05, 0.000182417585165, 1.30710341182e-05, 6.57981581753e-06, 8.93611286301e-06, 2.6464331313e-05, 3.48203366229e-06, 2.09575000554e-06, 1.401202735e-05, 8.61791704665e-07, 9.54327424552e-06, 1.0088894669e-05, 1.19037877084e-05, 3.07342415908e-05, 6.53372262605e-05, 0.000115622497106, 4.17519322582e-06, 2.01185480364e-06, 6.11648033555e-07, 3.79623861591e-06, 1.15678267321e-06, 5.75675642267e-07, 1.42746819165e-06, 1.57577812843e-06, 9.65707044998e-07, 9.08974129743e-07, 5.71251007386e-07],
        "mean": [8.14731392893e-05, 6.60496225464e-05, 3.33784773829e-05, 5.42681882507e-05, 9.30639362196e-06, 1.31679626065e-05, 1.56351452461e-05, 1.49601346493e-05, 0.00126654608175, 0.000475759065012, 5.6770336414e-06, 2.44067973654e-06, 9.58572968557e-07, 3.69124973076e-06, 1.62484466273e-05, 2.2478561732e-06, 3.54810879344e-07, 4.7593030672e-07, 1.95981237994e-06, 8.54968618569e-07, 1.4980970775e-07, 3.71951870193e-07, 6.86025813934e-08, 3.30005633487e-07, 3.84171727319e-07, 3.18292421753e-07, 7.46021214582e-07, 1.81148868705e-06, 3.35865274792e-06, 1.43770293448e-07, 8.52274126828e-08, 3.37689307628e-08, 8.12306666376e-08, 5.46421858871e-08, 3.55295526333e-08, 4.33141842393e-08, 4.33869900007e-08, 2.73026881104e-08, 2.59343568842e-08, 2.456293835e-08],
        "median": [6.26973778708e-05, 5.10824247613e-05, 2.29460456467e-05, 3.92703295802e-05, 7.56212511988e-06, 1.12256975626e-05, 9.09548180061e-06, 2.48997093877e-06, 0.00044013853767, 0.000192892592167, 1.94227300199e-06, 4.56738860066e-07, 4.0966753545e-07, 1.05499657366e-06, 7.61247838454e-06, 8.61694729792e-07, 1.61845420621e-07, 1.19902537676e-07, 1.28278043121e-06, 7.78886487751e-07, 5.28514405573e-08, 4.0911636745e-08, 3.30489768885e-08, 2.49238336636e-08, 3.8178644246e-08, 3.60661367438e-08, 2.95300477404e-08, 3.07028464874e-08, 2.6359469274e-08, 2.10572501658e-08, 1.33872841701e-08, 1.26403767453e-08, 1.04862056816e-08, 1.08950546363e-08, 1.02810240321e-08, 9.05788333228e-09, 8.33928748278e-09, 8.59267679232e-09, 7.97965959975e-09, 7.41307193408e-09],
        "min": [3.13912232741e-06, 8.4704515757e-06, 4.55919553133e-06, 2.31906710724e-06, 1.27215594148e-06, 1.04035484583e-06, 2.43888166551e-06, 1.89327778344e-07, 2.33105802181e-05, 1.49562783918e-05, 2.83832662262e-07, 7.30453280084e-08, 7.58111227128e-08, 6.29151557519e-08, 5.40260657544e-07, 1.27664037564e-07, 3.68342014667e-08, 3.04815230834e-08, 7.6666289317e-08, 7.69922721133e-08, 1.52010741772e-08, 9.91140591822e-09, 1.04761781472e-08, 1.08171498425e-08, 9.29445498343e-09, 9.3285548175e-09, 9.02527830249e-09, 1.06562616509e-08, 9.83638948071e-09, 7.36777172605e-09, 6.25656593201e-09, 5.3341988604e-09, 3.67076746777e-09, 4.79842388046e-09, 4.62855309635e-09, 4.38077574216e-09, 4.77376715935e-09, 4.31877467122e-09, 4.62560256764e-09, 4.03163280538e-09],
        "var": [5.88108051147e-09, 2.95731794608e-09, 1.33459532314e-09, 2.4214048544e-09, 5.56706972188e-11, 9.88768303345e-11, 7.84681430943e-10, 3.01303715311e-09, 9.05309025256e-06, 8.01465773748e-07, 2.82754708536e-10, 5.71011155026e-11, 5.28121123222e-12, 7.93849638803e-11, 7.38424432711e-10, 8.20152973313e-12, 5.3451378523e-13, 1.57796085226e-12, 1.55572811578e-11, 4.81110214601e-13, 9.78758767827e-14, 2.5495094317e-12, 1.27804955882e-14, 1.78937734855e-12, 2.13893529624e-12, 2.11005084932e-12, 1.49595526938e-11, 7.77645725591e-11, 2.60957366827e-10, 2.25602685405e-13, 5.87869190176e-14, 5.31582334642e-15, 1.40269198166e-13, 2.15255940785e-14, 8.6953776563e-15, 2.28807756433e-14, 2.69465913884e-14, 1.02726461777e-14, 1.05070989683e-14, 5.55939232909e-15]
    },
    "mfcc": {
        "mean": [-816.702697754, 156.061477661, 27.1112823486, 2.03080296516, -9.39571762085, -1.05608439445, -0.602768063545, -3.13823628426, 12.1165456772, 22.2447738647, 11.218421936, 5.80158853531, -2.67958688736],
        "cov": [[2038.47094727, -575.302734375, -340.84173584, 90.3206329346, -418.5652771, -147.339187622, 138.741424561, 9.60160732269, 1.75915455818, 112.756591797, -75.3794174194, 94.0533905029, 82.7430496216], [-575.302734375, 453.78302002, 133.144271851, -119.135887146, 114.029777527, 19.3020133972, -71.3043518066, 6.74185800552, 33.1720848083, -26.5871486664, -1.26605665684, -43.1107330322, -6.33148670197], [-340.84173584, 133.144271851, 124.338500977, -17.6270465851, 61.5968780518, 26.953918457, -24.4001560211, 0.941035091877, 7.72477293015, -14.5313711166, 3.17490839958, -25.9437198639, -4.57055234909], [90.3206329346, -119.135887146, -17.6270465851, 93.5552825928, 0.995320379734, -1.09785664082, 30.411359787, 1.01224780083, -18.6111774445, 10.3931531906, 13.7657651901, 6.7760477066, -10.7582349777], [-418.5652771, 114.029777527, 61.5968780518, 0.995320379734, 144.654541016, 42.7463722229, -26.2087726593, 0.273449569941, -3.63326573372, -32.1335144043, 12.9238710403, -17.2436733246, -12.6585693359], [-147.339187622, 19.3020133972, 26.953918457, -1.09785664082, 42.7463722229, 47.9259872437, -5.0867433548, -3.64495587349, 0.67191529274, -14.9612922668, 7.09753227234, -3.71136188507, -3.09395980835], [138.741424561, -71.3043518066, -24.4001560211, 30.411359787, -26.2087726593, -5.0867433548, 58.0287513733, 12.6414012909, -9.1679725647, 16.8756008148, 6.76774311066, 15.4634552002, 2.97264456749], [9.60160732269, 6.74185800552, 0.941035091877, 1.01224780083, 0.273449569941, -3.64495587349, 12.6414012909, 29.3400802612, 4.53841114044, -0.39024361968, 8.21793651581, 0.96175211668, -2.03530097008], [1.75915455818, 33.1720848083, 7.72477293015, -18.6111774445, -3.63326573372, 0.67191529274, -9.1679725647, 4.53841114044, 30.4256725311, 12.0904350281, -4.6907992363, 1.73335838318, 4.07457256317], [112.756591797, -26.5871486664, -14.5313711166, 10.3931531906, -32.1335144043, -14.9612922668, 16.8756008148, -0.39024361968, 12.0904350281, 48.0867996216, 8.42509078979, 9.16139125824, 4.68894433975], [-75.3794174194, -1.26605665684, 3.17490839958, 13.7657651901, 12.9238710403, 7.09753227234, 6.76774311066, 8.21793651581, -4.6907992363, 8.42509078979, 43.2851295471, 11.9364309311, -15.1019592285], [94.0533905029, -43.1107330322, -25.9437198639, 6.7760477066, -17.2436733246, -3.71136188507, 15.4634552002, 0.96175211668, 1.73335838318, 9.16139125824, 11.9364309311, 35.315738678, 8.52448272705], [82.7430496216, -6.33148670197, -4.57055234909, -10.7582349777, -12.6585693359, -3.09395980835, 2.97264456749, -2.03530097008, 4.07457256317, 4.68894433975, -15.1019592285, 8.52448272705, 35.3582801819]],
