{
"lowlevel": {
    "average_loudness": 0.986464977264,
    "barkbands_crest": {
        "dmean": 4.10459470749,
        "dmean2": 7.28643321991,
        "dvar": 10.6702423096,
        "dvar2": 33.0056991577,
        "max": 21.9728317261,
        "mean": 12.6071710587,
        "median": 11.9815921783,
        "min": 3.77711987495,
        "var": 14.0688142776
    },
    "barkbands_flatness_db": {
        "dmean": 0.0312125068158,
        "dmean2": 0.054754499346,
        "dvar": 0.0007423197967,
        "dvar2": 0.00218716869131,
        "max": 0.243601962924,
        "mean": 0.163676425815,
        "median": 0.168025329709,
        "min": 0.0629022419453,
        "var": 0.00110680644866
    },
    "barkbands_kurtosis": {
        "dmean": 15.4315214157,
        "dmean2": 26.4216079712,
        "dvar": 161.666046143,
        "dvar2": 480.689971924,
        "max": 104.666931152,
        "mean": 31.8845272064,
        "median": 31.3019447327,
        "min": 1.23200845718,
        "var": 272.824188232
    },
    "barkbands_skewness": {
        "dmean": 1.2112082243,
        "dmean2": 2.04662227631,
        "dvar": 0.794302284718,
        "dvar2": 2.41470170021,
        "max": 8.92790985107,
        "mean": 4.92825651169,
        "median": 4.89946079254,
        "min": 0.880507051945,
        "var": 1.64586412907
    },
    "barkbands_spread": {
        "dmean": 5.29401636124,
        "dmean2": 9.19334983826,
        "dvar": 35.4006881714,
        "dvar2": 102.472633362,
        "max": 40.9363937378,
        "mean": 10.9373121262,
        "median": 9.4799156189,
        "min": 3.00147986412,
        "var": 32.7870407104
    },
    "dissonance": {
        "dmean": 0.0176538992673,
        "dmean2": 0.0259958840907,
        "dvar": 0.000396646530135,
        "dvar2": 0.000599675404374,
        "max": 0.499873638153,
        "mean": 0.468709915876,
        "median": 0.474400818348,
        "min": 0.257851362228,
        "var": 0.000944063882343
    },
    "dynamic_complexity": 1.94297063351,
    "erbbands_crest": {
        "dmean": 2.10110831261,
        "dmean2": 3.58752894402,
        "dvar": 2.10368680954,
        "dvar2": 5.76100969315,
        "max": 11.9863405228,
        "mean": 6.99451971054,
        "median": 6.93983364105,
        "min": 3.71254873276,
        "var": 3.80347728729
    },
    "erbbands_flatness_db": {
        "dmean": 0.0147883202881,
        "dmean2": 0.0245331190526,
        "dvar": 0.000187397803529,
        "dvar2": 0.000354936491931,
        "max": 0.146400526166,
        "mean": 0.0715291947126,
        "median": 0.0687652751803,
        "min": 0.0366457663476,
        "var": 0.000351500464603
    },
    "erbbands_kurtosis": {
        "dmean": 1.18592393398,
        "dmean2": 1.99664032459,
        "dvar": 1.31044900417,
        "dvar2": 2.89817404747,
        "max": 6.3152589798,
        "mean": 0.85768443346,
        "median": 0.500604867935,
        "min": -1.17899084091,
        "var": 2.2502553463
    },
    "erbbands_skewness": {
        "dmean": 0.394803583622,
        "dmean2": 0.664209961891,
        "dvar": 0.0987548902631,
        "dvar2": 0.229728907347,
        "max": 2.46748447418,
        "mean": 1.19683134556,
        "median": 1.19347250462,
        "min": 0.0995247811079,
        "var": 0.19709725678
    },
    "erbbands_spread": {
        "dmean": 10.9838867188,
        "dmean2": 18.0363693237,
        "dvar": 72.4696807861,
        "dvar2": 173.432800293,
        "max": 94.1620483398,
        "mean": 60.876121521,
        "median": 60.2563095093,
        "min": 19.945394516,
        "var": 191.983306885
    },
    "hfc": {
        "dmean": 31.7251472473,
        "dmean2": 48.3495979309,
        "dvar": 36218.15625,
        "dvar2": 92379.1796875,
        "max": 1313.94628906,
        "mean": 31.4524497986,
        "median": 15.3921766281,
        "min": 8.31356716156,
        "var": 18313.4335938
    },
    "melbands_crest": {
        "dmean": 5.3698925972,
        "dmean2": 9.33560466766,
        "dvar": 17.301525116,
        "dvar2": 52.2176895142,
        "max": 29.8348178864,
        "mean": 17.0680904388,
        "median": 16.9353199005,
        "min": 7.30325269699,
        "var": 23.9720478058
    },
    "melbands_flatness_db": {
        "dmean": 0.0370588637888,
        "dmean2": 0.0631459802389,
        "dvar": 0.000974063761532,
        "dvar2": 0.00311683071777,
        "max": 0.383643895388,
        "mean": 0.289886891842,
        "median": 0.292527884245,
        "min": 0.162331134081,
        "var": 0.0015873357188
    },
    "melbands_kurtosis": {
        "dmean": 33.2894058228,
        "dmean2": 55.2691268921,
        "dvar": 608.277282715,
        "dvar2": 1926.23803711,
        "max": 176.435333252,
        "mean": 73.7743530273,
        "median": 65.0344772339,
        "min": 1.95805549622,
        "var": 1246.05419922
    },
    "melbands_skewness": {
        "dmean": 1.50277078152,
        "dmean2": 2.43454003334,
        "dvar": 1.2675652504,
        "dvar2": 3.77171373367,
        "max": 10.1714410782,
        "mean": 6.07356548309,
        "median": 5.90799331665,
        "min": 1.23293471336,
        "var": 2.73600292206
    },
    "melbands_spread": {
        "dmean": 1.91524112225,
        "dmean2": 3.34388875961,
        "dvar": 3.6979367733,
        "dvar2": 8.63689613342,
        "max": 18.1801204681,
        "mean": 4.31413507462,
        "median": 3.54014086723,
        "min": 1.19902300835,
        "var": 6.88050985336
    },
    "pitch_salience": {
        "dmean": 0.125065639615,
        "dmean2": 0.22233748436,
        "dvar": 0.010417480953,
        "dvar2": 0.0288050826639,
        "max": 0.872504532337,
        "mean": 0.572054862976,
        "median": 0.591819882393,
        "min": 0.290863394737,
        "var": 0.0139913726598
    },
    "silence_rate_20dB": {
        "dmean": 0.0111111113802,
        "dmean2": 0.0224719103426,
        "dvar": 0.010987653397,
        "dvar2": 0.0219669230282,
        "max": 1,
        "mean": 0.978021979332,
        "median": 1,
        "min": 0,
        "var": 0.0214949883521
    },
    "silence_rate_30dB": {
        "dmean": 0.0777777805924,
        "dmean2": 0.157303377986,
        "dvar": 0.0717283710837,
        "dvar2": 0.177502766252,
        "max": 1,
        "mean": 0.923076927662,
        "median": 1,
        "min": 0,
        "var": 0.0710058957338
    },
    "silence_rate_60dB": {
        "dmean": 0,
        "dmean2": 0,
        "dvar": 0,
        "dvar2": 0,
        "max": 0,
        "mean": 0,
        "median": 0,
        "min": 0,
        "var": 0
    },
    "spectral_centroid": {
        "dmean": 140.609527588,
        "dmean2": 241.688049316,
        "dvar": 19726.0664062,
        "dvar2": 54546.9375,
        "max": 1004.96704102,
        "mean": 508.159759521,
        "median": 455.830474854,
        "min": 235.921066284,
        "var": 26541.6777344
    },
    "spectral_complexity": {
        "dmean": 2.38888883591,
        "dmean2": 3.8988764286,
        "dvar": 10.4376535416,
        "dvar2": 26.5628070831,
        "max": 33,
        "mean": 10.6813182831,
        "median": 10,
        "min": 4,
        "var": 14.1292104721
    },
    "spectral_decrease": {
        "dmean": 9.19964993074e-09,
        "dmean2": 1.47558489871e-08,
        "dvar": 4.97191875835e-16,
        "dvar2": 1.29527293618e-15,
        "max": -2.91749868708e-09,
        "mean": -1.4742313148e-08,
        "median": -1.20118901492e-08,
        "min": -1.65755025705e-07,
        "var": 3.02308785262e-16
    },
    "spectral_energy": {
        "dmean": 0.0375636145473,
        "dmean2": 0.0600489601493,
        "dvar": 0.0102042863145,
        "dvar2": 0.0264636166394,
        "max": 0.744777321815,
        "mean": 0.0584937520325,
        "median": 0.0472629852593,
        "min": 0.0120415370911,
        "var": 0.00595263997093
    },
    "spectral_energyband_high": {
        "dmean": 0.00171582598705,
        "dmean2": 0.00261029531248,
        "dvar": 0.00012090675591,
        "dvar2": 0.000307218317175,
        "max": 0.0749842002988,
        "mean": 0.00138255779166,
        "median": 0.000501113245264,
        "min": 0.000249361968599,
        "var": 6.02239488217e-05
    },
    "spectral_energyband_low": {
        "dmean": 0.021061995998,
        "dmean2": 0.0358168855309,
        "dvar": 0.00036640840699,
        "dvar2": 0.00103875924833,
        "max": 0.139449998736,
        "mean": 0.0364756844938,
        "median": 0.0336638726294,
        "min": 0.00638357037678,
        "var": 0.000472532730782
    },
    "spectral_energyband_middle_high": {
        "dmean": 0.00223507941701,
        "dmean2": 0.00345915253274,
        "dvar": 0.000183785465197,
        "dvar2": 0.000474990170915,
        "max": 0.0974236652255,
        "mean": 0.00196158862673,
        "median": 0.00059199181851,
        "min": 0.00028257953818,
        "var": 0.000102476114989
    },
    "spectral_energyband_middle_low": {
        "dmean": 0.0189263056964,
        "dmean2": 0.0288701429963,
        "dvar": 0.00510873598978,
        "dvar2": 0.0131769739091,
        "max": 0.506443321705,
        "mean": 0.0213456824422,
        "median": 0.0114144049585,
        "min": 0.00326468632556,
        "var": 0.002878773259
    },
    "spectral_entropy": {
        "dmean": 0.206072241068,
        "dmean2": 0.355455726385,
        "dvar": 0.0301637519151,
        "dvar2": 0.0612921752036,
        "max": 8.15102100372,
        "mean": 7.58795309067,
        "median": 7.58947181702,
        "min": 6.99263191223,
        "var": 0.055883564055
    },
    "spectral_flux": {
        "dmean": 0.0439306721091,
        "dmean2": 0.0755818113685,
        "dvar": 0.00456153787673,
        "dvar2": 0.010358883068,
        "max": 0.763234376907,
        "mean": 0.148736551404,
        "median": 0.134966105223,
        "min": 0.0519208535552,
        "var": 0.00897768791765
    },
    "spectral_kurtosis": {
        "dmean": 0.717739284039,
        "dmean2": 1.0567305088,
        "dvar": 0.561010479927,
        "dvar2": 0.769999921322,
        "max": 11.7259635925,
        "mean": 5.26617956161,
        "median": 5.2018327713,
        "min": 3.17683649063,
        "var": 1.26635456085
    },
    "spectral_rms": {
        "dmean": 0.00199281796813,
        "dmean2": 0.00327798095532,
        "dvar": 8.9483028205e-06,
        "dvar2": 2.41730012931e-05,
        "max": 0.0269557405263,
        "mean": 0.00704563129693,
        "median": 0.00679045123979,
        "min": 0.00342751247808,
        "var": 7.42616975913e-06
    },
    "spectral_rolloff": {
        "dmean": 88.525390625,
        "dmean2": 153.635772705,
        "dvar": 20622.8320312,
        "dvar2": 55028.6835938,
        "max": 1356.59179688,
        "mean": 247.040267944,
        "median": 215.33203125,
        "min": 86.1328125,
        "var": 24257.4394531
    },
    "spectral_skewness": {
        "dmean": 0.146563515067,
        "dmean2": 0.221831634641,
        "dvar": 0.0186509918422,
        "dvar2": 0.0229861624539,
        "max": 3.25180411339,
        "mean": 1.96891498566,
        "median": 1.95129024982,
        "min": 1.52587664127,
        "var": 0.049817070365
    },
    "spectral_spread": {
        "dmean": 486718.65625,
        "dmean2": 748031.4375,
        "dvar": 207258566656,
        "dvar2": 311595171840,
        "max": 12002306,
        "mean": 7345915,
        "median": 7287593,
        "min": 5386041,
        "var": 672324976640
    },
    "spectral_strongpeak": {
        "dmean": 0.278865665197,
        "dmean2": 0.473316550255,
        "dvar": 0.0525214783847,
        "dvar2": 0.123246729374,
        "max": 1.52400577068,
        "mean": 0.45462167263,
        "median": 0.377565532923,
        "min": 0.0519072674215,
        "var": 0.0829448625445
    },
    "zerocrossingrate": {
        "dmean": 0.0128580732271,
        "dmean2": 0.0177536867559,
        "dvar": 9.19183221413e-05,
        "dvar2": 0.000181504845386,
        "max": 0.10107421875,
        "mean": 0.0551221221685,
        "median": 0.0546875,
        "min": 0.021484375,
        "var": 0.000293561053695
    },
    "barkbands": {
        "dmean": [0.00115506025031, 0.0151809072122, 0.0107728233561, 0.00451420154423, 0.00740411039442, 0.00564472097903, 0.00198837509379, 0.00170530064497, 0.00110701378435, 0.000471778883366, 0.000268174626399, 0.000636716664303, 0.000369581917766, 8.26052273624e-05, 0.000226290110731, 0.000219689536607, 7.97727989266e-05, 5.3672483773e-05, 9.41727339523e-05, 7.13140470907e-05, 6.11659124843e-05, 4.86970420752e-05, 7.86703676567e-05, 8.61994121806e-05, 0.000267591152806, 0.000787406635936, 0.000405602739193],
        "dmean2": [0.00204703304917, 0.0271300151944, 0.017959235236, 0.00799643341452, 0.0120457252488, 0.00880521908402, 0.00319041567855, 0.00267745996825, 0.00174151966348, 0.000768723257352, 0.000431838212535, 0.00098029745277, 0.000580060353968, 0.000135756781674, 0.000351708935341, 0.000340219383361, 0.000122763682157, 8.65924812388e-05, 0.000146787147969, 0.000113025096653, 9.80326440185e-05, 7.76343149482e-05, 0.000120894677821, 0.000133820940391, 0.000406686624046, 0.00119485333562, 0.000621600309387],
        "dvar": [1.97066037799e-06, 0.000248646829277, 0.000111679808469, 2.63513666141e-05, 0.000288131006528, 0.000762143463362, 6.44616447971e-05, 9.51603869908e-05, 4.17850897065e-05, 6.39551626591e-06, 1.68490907981e-06, 1.45415333463e-05, 4.75393335364e-06, 9.43847098256e-08, 1.83587587799e-06, 1.5558408677e-06, 1.33820506676e-07, 6.3709336473e-08, 2.76874601468e-07, 1.24305344684e-07, 6.42403392703e-08, 5.63477762228e-08, 2.17284267023e-07, 2.31233713066e-07, 2.91972173727e-06, 2.62560351985e-05, 6.24188442089e-06],
        "dvar2": [4.94821506436e-06, 0.000672316120472, 0.00030314232572, 6.61652666167e-05, 0.000733304710593, 0.0019460786134, 0.000162626267411, 0.00024327923893, 0.000108841450128, 1.68869428308e-05, 4.3445643314e-06, 3.7019028241e-05, 1.22706260299e-05, 2.52009442647e-07, 4.74025546282e-06, 3.97198937208e-06, 3.44678227293e-07, 1.6318533369e-07, 7.10065535259e-07, 3.17553372042e-07, 1.68071878193e-07, 1.44890378806e-07, 5.55125723167e-07, 5.9157338228e-07, 7.40309678804e-06, 6.65691550239e-05, 1.58447692229e-05],
        "max": [0.00917469151318, 0.124222390354, 0.0755131617188, 0.038997720927, 0.114262230694, 0.192285373807, 0.0549085177481, 0.0677053108811, 0.0476023182273, 0.0199100654572, 0.009392648004, 0.026345346123, 0.0156379844993, 0.00238357414491, 0.00965155661106, 0.00861467793584, 0.00264267949387, 0.00180622306652, 0.0036823307164, 0.00247091171332, 0.00177915755194, 0.00165591982659, 0.00320164603181, 0.00330344866961, 0.0116352895275, 0.0348261557519, 0.0170269869268],
        "mean": [0.00117008481175, 0.0190826039761, 0.0135422358289, 0.00514862779528, 0.00855406187475, 0.00391492433846, 0.00158641824964, 0.0011068386957, 0.000861625885591, 0.000442077405751, 0.000223757291678, 0.000404123507906, 0.000263538997388, 0.000100194149127, 0.000167732679984, 0.000160286770551, 8.8052060164e-05, 6.17890545982e-05, 9.11262177397e-05, 8.16938918433e-05, 7.87657336332e-05, 6.05823988735e-05, 7.65858058003e-05, 8.99964361452e-05, 0.000183573501999, 0.000471535080578, 0.000398296484491],
        "median": [0.000618077581748, 0.0149825708941, 0.0079909414053, 0.00298743229359, 0.00573290046304, 0.00104350480251, 0.000403156271204, 0.000223580849706, 0.000150332227349, 0.000107651561848, 7.72835410316e-05, 9.43785489653e-05, 5.79355692025e-05, 6.01283209107e-05, 4.49723447673e-05, 4.73274121759e-05, 3.68841792806e-05, 3.50175578205e-05, 4.36891423305e-05, 4.78424008179e-05, 4.66633573524e-05, 3.47440691257e-05, 3.61516576959e-05, 4.02219011448e-05, 4.96258217026e-05, 8.02700451459e-05, 0.000215107414988],
        "min": [2.54108636e-05, 0.00175676727667, 0.00114468904212, 0.000297036633128, 0.00105176132638, 3.46501947206e-05, 6.79646036588e-05, 4.26244696428e-05, 3.23793683492e-05, 1.51906533574e-05, 1.25377000586e-05, 2.33639293583e-05, 1.84169548447e-05, 1.7383856175e-05, 7.22047707313e-06, 1.07408250187e-05, 1.06042625703e-05, 6.86656812832e-06, 1.36509806907e-05, 1.60898034665e-05, 1.60884101206e-05, 1.69175254996e-05, 1.89576894627e-05, 2.09683312278e-05, 1.79656817636e-05, 3.5047687561e-05, 1.63545446412e-05],
        "var": [2.34296976487e-06, 0.000276440230664, 0.000162508018548, 3.98142219638e-05, 0.000189222511835, 0.000399208947783, 3.64873703802e-05, 4.94812557008e-05, 2.49927888945e-05, 4.58246131529e-06, 9.56216922532e-07, 7.49079708839e-06, 2.65674066213e-06, 6.19106543809e-08, 1.00764111721e-06, 7.97698987753e-07, 7.77395214868e-08, 3.46265096596e-08, 1.43986397916e-07, 6.4117564591e-08, 3.4120599679e-08, 2.88875110499e-08, 1.08915465091e-07, 1.15948601831e-07, 1.45769354276e-06, 1.31150836751e-05, 3.073661901e-06]
    },
    "erbbands": {
        "dmean": [0.50584846735, 3.39181780815, 10.6490316391, 14.2350969315, 21.6429920197, 22.5200023651, 34.1233711243, 46.2168083191, 31.8672561646, 34.6911811829, 38.2357559204, 27.5568962097, 16.4815216064, 11.0796728134, 7.5891752243, 29.2803497314, 18.5683574677, 6.6555557251, 6.4665555954, 16.3563842773, 8.41442394257, 4.17798280716, 3.20772743225, 5.52464818954, 2.88550662994, 3.4686665535, 3.17689347267, 1.89198982716, 1.83703541756, 1.82501220703, 2.2107770443, 1.968957901, 1.40963232517, 1.04310166836, 2.48316812515, 2.39896130562, 2.13380503654, 0.328721374273, 0.0894469991326, 0.00239399448037],
        "dmean2": [0.84978812933, 6.01526784897, 17.7018413544, 24.2455501556, 35.9966545105, 36.6736335754, 55.3605651855, 71.892868042, 49.4382553101, 54.4887962341, 59.1689109802, 43.3908729553, 26.7840251923, 17.4984416962, 12.460852623, 44.9609222412, 28.9784488678, 10.739317894, 10.2641801834, 25.2698173523, 12.854432106, 6.391040802, 5.14905643463, 8.5485162735, 4.64140081406, 5.46624469757, 5.11942768097, 3.05530738831, 2.93872284889, 2.8496530056, 3.40497541428, 3.02645635605, 2.18535804749, 1.58717703819, 3.76968073845, 3.64659690857, 3.24003553391, 0.499929696321, 0.136578008533, 0.00379821448587],
        "dvar": [0.311538279057, 11.008646965, 96.0935134888, 202.03843689, 1254.45385742, 3678.16308594, 15588.4804688, 57716.0898438, 23090.3671875, 21870.1992188, 49034.9609375, 26636.8046875, 7602.73388672, 3408.42749023, 1116.55224609, 32399.6171875, 12355.8486328, 1096.86340332, 1185.98840332, 9946.25292969, 1906.34008789, 384.477813721, 243.121307373, 1038.20056152, 183.206161499, 295.987243652, 181.697692871, 73.2092666626, 79.5591659546, 96.2700195312, 163.317169189, 120.683151245, 61.1049804688, 36.8634643555, 255.018188477, 240.183029175, 193.602035522, 4.38914012909, 0.317622870207, 0.000135000795126],
        "dvar2": [0.879094839096, 30.8610534668, 285.837524414, 554.409667969, 3200.03515625, 9553.6015625, 39442.9335938, 147566.21875, 58756.6757812, 55406.625, 125591.976562, 69222.4453125, 20118.5332031, 8967.34863281, 2868.83374023, 82533.4296875, 31818.1601562, 2874.78662109, 3100.01757812, 25450.7734375, 4891.40234375, 997.183532715, 624.287963867, 2655.21972656, 469.18182373, 757.503845215, 474.35723877, 189.369338989, 203.766921997, 247.851699829, 417.434875488, 309.185394287, 155.991851807, 93.7654724121, 646.202392578, 608.645629883, 490.781677246, 11.1413221359, 0.80585539341, 0.000344125583069],
        "max": [3.95150756836, 26.1334476471, 69.7957992554, 100.168243408, 217.09526062, 413.37600708, 857.815856934, 1674.14123535, 1059.52197266, 1016.63037109, 1544.6373291, 1192.47521973, 685.731323242, 456.551330566, 239.688781738, 1244.67724609, 791.776306152, 245.653793335, 251.035247803, 697.861022949, 303.87210083, 142.905014038, 111.504478455, 223.652023315, 96.9491348267, 120.741760254, 94.7967376709, 60.0278778076, 62.155418396, 68.0920028687, 87.7248687744, 75.4933929443, 53.6673355103, 41.6150856018, 108.707847595, 105.392227173, 94.5311355591, 14.2473859787, 3.83416295052, 0.0802645161748],
        "mean": [0.613300859928, 4.10604572296, 13.4089813232, 18.5984344482, 24.7058353424, 26.1537075043, 30.3127555847, 30.564409256, 22.6347332001, 26.0933609009, 25.1678638458, 20.5352497101, 15.1332473755, 11.7270545959, 7.34915542603, 17.9835681915, 13.0295572281, 6.6483798027, 6.04050731659, 10.9894170761, 7.26437425613, 4.7101483345, 3.55734419823, 4.87892723083, 3.59493088722, 4.00367593765, 3.80645728111, 2.56987309456, 2.21250939369, 2.10289883614, 2.13262319565, 1.91782426834, 1.49632024765, 1.00546586514, 1.63705575466, 1.45964872837, 1.21314227581, 0.233681842685, 0.0691127255559, 0.00453703384846],
        "median": [0.434011787176, 3.13723397255, 10.5333719254, 12.2134857178, 15.2874240875, 17.5230789185, 11.0041513443, 5.90008020401, 5.87463998795, 5.93852472305, 4.48398637772, 3.29321217537, 3.86201858521, 3.43915295601, 3.51335501671, 3.0841486454, 2.80599784851, 3.37667703629, 2.6935133934, 2.43524003029, 2.68814992905, 2.11139273643, 1.8322468996, 2.04306268692, 2.19584155083, 2.30542969704, 2.14081335068, 1.54370450974, 1.25088799, 1.18378639221, 0.967470407486, 0.836114883423, 0.67945176363, 0.490657925606, 0.40189704299, 0.25123167038, 0.151679635048, 0.0771165639162, 0.0271052736789, 0.00369810988195],
        "min": [0.029528260231, 0.210996866226, 2.01250934601, 1.6440911293, 2.11754202843, 3.00917267799, 0.966058313847, 0.357287496328, 0.9087895751, 0.870490789413, 0.871415495872, 1.17111229897, 0.491961717606, 0.540888607502, 0.670253992081, 0.948234915733, 1.06916725636, 0.875046849251, 0.852817714214, 0.51685911417, 0.719514012337, 0.566295802593, 0.460330188274, 0.546148538589, 0.750090897083, 0.877751529217, 1.02365648746, 0.606258928776, 0.547210812569, 0.599753320217, 0.44660654664, 0.41926279664, 0.268543958664, 0.162209406495, 0.140156984329, 0.120646737516, 0.0629039630294, 0.0132542224601, 0.00286276149563, 0.000215738735278],
        "var": [0.340411454439, 13.2490377426, 130.141586304, 293.276794434, 1081.77941895, 2111.0456543, 8758.13085938, 30278.859375, 12336.2490234, 12105.671875, 25817.6875, 15604.3671875, 5426.92578125, 2410.95581055, 617.084960938, 16744.2753906, 6796.15917969, 652.453979492, 678.711242676, 5259.03222656, 996.945129395, 224.953445435, 132.475997925, 533.335266113, 98.5146179199, 153.204116821, 97.2364349365, 37.9167709351, 40.7371139526, 48.9358482361, 81.7705383301, 60.6398582458, 30.5655002594, 18.3846187592, 127.417236328, 120.046134949, 96.7632446289, 2.18234610558, 0.157532557845, 6.42024897388e-05]
    },
    "gfcc": {
        "mean": [31.7072143555, 68.8475494385, -32.4966697693, 23.2350158691, -27.5885772705, 3.90203213692, -22.4931850433, -1.61840188503, -19.7872200012, -0.414118409157, -13.8708553314, -2.62371230125, -9.96881198883],
        "cov": [[1046.07885742, 41.4665870667, -172.973327637, -168.862365723, -175.676559448, -74.5071334839, -105.997970581, 39.2930374146, -9.39907455444, 22.7537670135, -36.56432724, 51.3911552429, -3.47813725471], [41.4665870667, 132.371307373, -4.03989505768, -13.4006567001, -26.9200630188, -16.1183757782, -3.02148747444, 4.77814245224, -0.630446314812, -6.91915559769, -1.63347578049, -0.00196079676971, 2.71740102768], [-172.973327637, -4.03989505768, 130.6665802, 56.2975578308, 41.7551994324, 5.69163942337, 13.76912117, -7.84854650497, 1.93671774864, 0.722676575184, 21.3113632202, -10.8381195068, -3.62073087692], [-168.862365723, -13.4006567001, 56.2975578308, 87.003074646, 62.527961731, 17.7314720154, 14.1114654541, -0.756858825684, 12.2868356705, 1.63425195217, 9.93954944611, -7.64920186996, 7.64962339401], [-175.676559448, -26.9200630188, 41.7551994324, 62.527961731, 93.7973632812, 34.5661468506, 26.6757545471, -7.21865701675, 5.2156047821, 0.214948102832, 8.0021648407, -7.25858974457, 6.25820159912], [-74.5071334839, -16.1183757782, 5.69163942337, 17.7314720154, 34.5661468506, 34.4581336975, 24.2413864136, 2.72027730942, 4.77020835876, 0.333439409733, 0.781310021877, -4.34183597565, -0.671813845634], [-105.997970581, -3.02148747444, 13.76912117, 14.1114654541, 26.6757545471, 24.2413864136, 37.0882606506, 7.93975687027, 6.96287298203, 1.24107193947, 5.21083116531, -3.05460953712, 2.18641757965], [39.2930374146, 4.77814245224, -7.84854650497, -0.756858825684, -7.21865701675, 2.72027730942, 7.93975687027, 31.4890060425, 18.5144100189, 7.15010452271, 3.8856112957, 6.21559715271, 0.384664565325], [-9.39907455444, -0.630446314812, 1.93671774864, 12.2868356705, 5.2156047821, 4.77020835876, 6.96287298203, 18.5144100189, 23.6838550568, 11.6122894287, 7.45504236221, 3.41808915138, 1.71819782257], [22.7537670135, -6.91915559769, 0.722676575184, 1.63425195217, 0.214948102832, 0.333439409733, 1.24107193947, 7.15010452271, 11.6122894287, 23.9715499878, 14.9766340256, 9.10157966614, 2.13597607613], [-36.56432724, -1.63347578049, 21.3113632202, 9.93954944611, 8.0021648407, 0.781310021877, 5.21083116531, 3.8856112957, 7.45504236221, 14.9766340256, 29.1118793488, 16.4993877411, 7.81452655792], [51.3911552429, -0.00196079676971, -10.8381195068, -7.64920186996, -7.25858974457, -4.34183597565, -3.05460953712, 6.21559715271, 3.41808915138, 9.10157966614, 16.4993877411, 24.4658851624, 13.5823659897], [-3.47813725471, 2.71740102768, -3.62073087692, 7.64962339401, 6.25820159912, -0.671813845634, 2.18641757965, 0.384664565325, 1.71819782257, 2.13597607613, 7.81452655792, 13.5823659897, 27.0239849091]],
        "icov": [[0.00350534170866, -0.000835059734527, -0.000850671262015, 0.00310054863803, 0.000473145308206, -0.00227766367607, 0.00844340026379, -0.00622098147869, 0.0040889843367, -0.00774658843875, 0.0118843885139, -0.010701903142, 0.00107723928522], [-0.000835059734527, 0.00892818626016, 0.000515238789376, -0.000722084078006, 0.00195958442055, 0.00504510244355, -0.00479592522606, 0.000375948991859, -0.00187961861957, 0.00601315079257, -0.00579445855692, 0.00570952892303, -0.00222735013813], [-0.000850671262015, 0.000515238789376, 0.0165827199817, -0.00838856678456, -0.000883222848643, 0.0070219677873, -0.00526779517531, 0.000695208320394, 0.00387327885255, 0.00778011465445, -0.0261246990412, 0.0197275951505, 0.00200853613205], [0.00310054863803, -0.000722084078006, -0.00838856678456, 0.0354927815497, -0.0175583139062, -0.00186683353968, 0.0160506516695, -0.00611826311797, -0.0128685655072, -0.00187949161045, 0.00599895557389, 0.00297387083992, -0.0101535497233], [0.000473145308206, 0.00195958442055, -0.000883222848643, -0.0175583139062, 0.0337525196373, -0.0209536869079, -0.00418577017263, 0.00883850734681, 0.00139109278098, -0.000836476800032, -1.7994283553e-05, -0.00182596466038, -0.00250813248567], [-0.00227766367607, 0.00504510244355, 0.0070219677873, -0.00186683353968, -0.0209536869079, 0.080548286438, -0.0461105145514, 0.00568116968498, -0.00615462707356, 0.00523633975536, -0.00104796269443, 0.00201006000862, 0.01044365298], [0.00844340026379, -0.00479592522606, -0.00526779517531, 0.0160506516695, -0.00418577017263, -0.0461105145514, 0.0846434235573, -0.0338494069874, 0.0121827088296, -0.0134051004425, 0.00784117635339, -0.000742953270674, -0.011832665652], [-0.00622098147869, 0.000375948991859, 0.000695208320394, -0.00611826311797, 0.00883850734681, 0.00568116968498, -0.0338494069874, 0.0894640907645, -0.0710685923696, 0.0218484997749, -0.0024032315705, -0.0148116899654, 0.0114771854132], [0.0040889843367, -0.00187961861957, 0.00387327885255, -0.0128685655072, 0.00139109278098, -0.00615462707356, 0.0121827088296, -0.0710685923696, 0.124969750643, -0.0483139641583, 0.00235698651522, 0.0098974397406, -0.00535526452586], [-0.00774658843875, 0.00601315079257, 0.00778011465445, -0.00187949161045, -0.000836476800032, 0.00523633975536, -0.0134051004425, 0.0218484997749, -0.0483139641583, 0.102058544755, -0.0717516988516, 0.0283218361437, 0.00258907442912], [0.0118843885139, -0.00579445855692, -0.0261246990412, 0.00599895557389, -1.7994283553e-05, -0.00104796269443, 0.00784117635339, -0.0024032315705, 0.00235698651522, -0.0717516988516, 0.171716839075, -0.133351221681, 0.0191807169467], [-0.010701903142, 0.00570952892303, 0.0197275951505, 0.00297387083992, -0.00182596466038, 0.00201006000862, -0.000742953270674, -0.0148116899654, 0.0098974397406, 0.0283218361437, -0.133351221681, 0.186377063394, -0.0573869608343], [0.00107723928522, -0.00222735013813, 0.00200853613205, -0.0101535497233, -0.00250813248567, 0.01044365298, -0.011832665652, 0.0114771854132, -0.00535526452586, 0.00258907442912, 0.0191807169467, -0.0573869608343, 0.0655767545104]]
    },
    "melbands": {
        "dmean": [0.00418543908745, 0.00466189859435, 0.00231224577874, 0.00171221396886, 0.00107220688369, 0.00103974808007, 0.000474891188787, 0.000372605863959, 0.000316849531373, 0.000150180858327, 7.82036877354e-05, 4.5892669732e-05, 2.93687917292e-05, 4.32544002251e-05, 8.94014447113e-05, 2.74442336377e-05, 9.91991964838e-06, 7.86325381341e-06, 2.11024944292e-05, 1.96604796656e-05, 8.63590867084e-06, 4.54079645351e-06, 3.28286523654e-06, 2.90983075502e-06, 5.06513333676e-06, 2.53450025411e-06, 1.90204593764e-06, 2.42880582846e-06, 2.17122214963e-06, 1.74762033112e-06, 9.08365166197e-07, 9.47791761519e-07, 1.15832369829e-06, 1.09579900709e-06, 1.08027688839e-06, 1.83199119874e-06, 9.47281989738e-07, 1.11399913294e-06, 7.69912389842e-07, 9.15198825169e-07],
        "dmean2": [0.00732643157244, 0.0077063604258, 0.00399736687541, 0.0028672136832, 0.00167712650727, 0.00161196244881, 0.000742329633795, 0.000579645682592, 0.000493018247653, 0.000237012951402, 0.000127736537252, 7.29552557459e-05, 4.80327908008e-05, 6.71704474371e-05, 0.000137680821354, 4.3581600039e-05, 1.60292274813e-05, 1.28134497572e-05, 3.26280023728e-05, 3.03776450892e-05, 1.30639245981e-05, 6.9940715548e-06, 5.21971878698e-06, 4.66202300231e-06, 7.82969709689e-06, 4.05153059546e-06, 3.05624257635e-06, 3.86665305996e-06, 3.52914639734e-06, 2.83609938379e-06, 1.46309832871e-06, 1.53208725351e-06, 1.82392363968e-06, 1.69930399352e-06, 1.67448854427e-06, 2.78834772871e-06, 1.49002289618e-06, 1.74339152181e-06, 1.20328718367e-06, 1.40765337164e-06],
        "dvar": [2.21618556679e-05, 1.49934603542e-05, 6.15552562522e-06, 1.30823891595e-05, 1.56843725563e-05, 2.89414438157e-05, 4.76396280646e-06, 2.96067310046e-06, 3.43124338542e-06, 7.59917099913e-07, 1.66719729577e-07, 5.76274636899e-08, 1.81453714276e-08, 5.72035681046e-08, 3.14834778692e-07, 2.39415616221e-08, 1.86622872711e-09, 1.28063515348e-09, 1.61225042206e-08, 1.34993616285e-08, 1.67478786395e-09, 3.91428667257e-10, 2.41828945757e-10, 1.82879392185e-10, 8.61952287323e-10, 1.46913176069e-10, 7.33021907062e-11, 1.34795286044e-10, 8.8137795673e-11, 4.43079357926e-11, 1.37547508106e-11, 1.72560542244e-11, 3.57184178068e-11, 3.43595291108e-11, 3.50196226184e-11, 1.20151361083e-10, 2.21757109203e-11, 3.59372497039e-11, 1.64238171674e-11, 2.76215838396e-11],
        "dvar2": [5.99085396971e-05, 4.78222464153e-05, 1.47890286826e-05, 3.4031123505e-05, 3.96483446821e-05, 7.39804163459e-05, 1.21042976389e-05, 7.53604399506e-06, 8.79311755853e-06, 1.98342809199e-06, 4.41540350948e-07, 1.51719348196e-07, 4.67046064045e-08, 1.45438335153e-07, 8.04390538178e-07, 6.20328322043e-08, 4.93593121931e-09, 3.38008976364e-09, 4.14992094022e-08, 3.4409808336e-08, 4.30695612508e-09, 1.01617492199e-09, 6.21180384908e-10, 4.69089878052e-10, 2.20330886869e-09, 3.79133141548e-10, 1.85934587171e-10, 3.45224376863e-10, 2.28083954501e-10, 1.16548590223e-10, 3.55676980923e-11, 4.43501728398e-11, 9.13818812287e-11, 8.84526688005e-11, 8.95249221977e-11, 3.06280278917e-10, 5.71378049041e-11, 9.16440187626e-11, 4.19315276945e-11, 7.01687805083e-11],
        "max": [0.036146774888, 0.0282062515616, 0.0155939795077, 0.0243005715311, 0.0271975342184, 0.037483304739, 0.0151710957289, 0.0118865221739, 0.0129548627883, 0.00646008178592, 0.00323684792966, 0.00188884593081, 0.000971866946202, 0.0016516528558, 0.00390715384856, 0.00112306303345, 0.000326668756315, 0.000266943592578, 0.000899756560102, 0.0008048027521, 0.000284642010229, 0.000145299680298, 0.000111190289317, 9.6294505056e-05, 0.000203122443054, 8.72400050866e-05, 6.02629952482e-05, 8.15134189907e-05, 6.65102852508e-05, 4.63002215838e-05, 2.62515241047e-05, 2.91394280794e-05, 4.14032183471e-05, 4.06745530199e-05, 4.07810766774e-05, 7.48788370402e-05, 3.25439614244e-05, 4.1130981117e-05, 2.79079140455e-05, 3.60156263923e-05],
        "mean": [0.00537126557902, 0.00664437515661, 0.00342381652445, 0.00200205016881, 0.00103682209738, 0.000693188107107, 0.000348331290297, 0.000274778372841, 0.000205073316465, 0.000117842588224, 7.30926549295e-05, 4.82068062411e-05, 2.6687324862e-05, 3.09960778395e-05, 5.34005775989e-05, 2.11587557715e-05, 1.08391150206e-05, 8.27284020488e-06, 1.47051432577e-05, 1.30124863063e-05, 7.95641699369e-06, 5.21655601915e-06, 3.36972470905e-06, 3.01035697703e-06, 4.18901936428e-06, 2.89866989078e-06, 2.37643189394e-06, 2.65850280812e-06, 2.47468869929e-06, 1.99290639102e-06, 1.27196199173e-06, 1.19300580081e-06, 1.2397381397e-06, 1.1859017377e-06, 1.1149029433e-06, 1.45468425217e-06, 1.03583852251e-06, 1.11555391413e-06, 8.35487355744e-07, 8.25921915748e-07],
        "median": [0.00436367793009, 0.00545429997146, 0.00240756059065, 0.00129632663447, 0.000403150246711, 0.000149460072862, 8.49371645018e-05, 5.95313213125e-05, 3.40932165273e-05, 2.05965370697e-05, 1.88052381418e-05, 1.29262443807e-05, 1.12192401502e-05, 1.05102262751e-05, 6.56231304674e-06, 5.41522922504e-06, 6.10803454038e-06, 4.27498707722e-06, 3.29013528244e-06, 3.39009397976e-06, 2.77735216514e-06, 2.30090495279e-06, 1.48109563725e-06, 1.65190965618e-06, 1.68650478827e-06, 1.76177991307e-06, 1.47251432736e-06, 1.4499109966e-06, 1.41505745432e-06, 1.16062847155e-06, 8.11090387742e-07, 7.11731445335e-07, 6.65858010507e-07, 6.3417309093e-07, 5.46741773633e-07, 5.4767730262e-07, 5.31824298378e-07, 5.03569765442e-07, 4.5042636998e-07, 3.82861458093e-07],
        "min": [0.000475641048979, 0.00102285249159, 0.000335410150001, 0.00022896763403, 6.70954977977e-05, 6.54340328765e-06, 1.49606912601e-05, 9.2346836027e-06, 4.97091969009e-06, 5.42406678505e-06, 2.12110990105e-06, 1.75836169092e-06, 1.87401963103e-06, 2.76189052784e-06, 1.0762604461e-06, 1.63001971032e-06, 1.43260444929e-06, 1.53416431203e-06, 6.01467604611e-07, 7.17767704828e-07, 8.15681971744e-07, 5.1218620456e-07, 3.35962681675e-07, 2.39367722088e-07, 4.34583171227e-07, 6.66726975851e-07, 5.38114250048e-07, 5.25783093508e-07, 6.59409067794e-07, 3.25575228999e-07, 3.22326542346e-07, 2.55232947666e-07, 2.76398736787e-07, 2.99645762425e-07, 2.34965455093e-07, 2.44099368274e-07, 2.23716995151e-07, 1.9684817687e-07, 1.47517823734e-07, 1.26151036284e-07],
        "var": [2.3959821192e-05, 2.14714091271e-05, 9.43155009736e-06, 8.2423848653e-06, 9.01704697753e-06, 1.51665499288e-05, 2.56732232629e-06, 1.59367630204e-06, 1.8179075596e-06, 4.61341244318e-07, 1.21932458796e-07, 4.15345269289e-08, 1.01761550297e-08, 2.93059585488e-08, 1.65407257668e-07, 1.37301938707e-08, 1.15524911859e-09, 7.67479468866e-10, 8.76216699197e-09, 6.97697144503e-09, 8.91943574555e-10, 2.38002006991e-10, 1.32533331532e-10, 9.86310200179e-11, 4.40741609875e-10, 8.02578975501e-11, 3.7986284257e-11, 6.99650545832e-11, 4.72419187103e-11, 2.35884176775e-11, 7.26521967587e-12, 8.94095127796e-12, 1.81870785793e-11, 1.74854835472e-11, 1.76049730349e-11, 6.00120300676e-11, 1.12822173479e-11, 1.79978480036e-11, 8.22356419072e-12, 1.37949053222e-11]
    },
    "mfcc": {
        "mean": [-647.704406738, 127.95917511, 46.0025863647, 35.1509284973, 18.2373046875, 13.9225606918, 9.15565872192, 2.74172377586, 2.0607919693, 2.68738150597, -2.65594959259, 0.698938369751, -0.495822995901],
        "cov": [[1155.73303223, 72.3046951294, -119.576095581, -151.496124268, -127.761695862, -144.470809937, -137.850860596, -36.2375335693, -12.4653682709, -35.56848526, -36.6297225952, 7.9205160141, 3.14433932304], [72.3046951294, 111.896835327, 9.19333744049, -17.4508666992, -25.2629375458, -22.2547092438, -9.16628074646, -3.90919423103, -6.18626594543, -6.75210905075, -3.43083357811, -9.45230674744, 1.0345249176], [-119.576095581, 9.19333744049, 90.5514678955, 35.35364151, 16.4178009033, -0.776232898235, 10.1229686737, -2.76811766624, -9.0387506485, 2.89848899841, 7.380382061, 2.39869308472, 7.66644906998], [-151.496124268, -17.4508666992, 35.35364151, 69.5550842285, 49.4891395569, 23.4028587341, 18.1249408722, 1.79377233982, 8.35092735291, 2.05444741249, 5.51616096497, 8.9660654068, 4.05068302155], [-127.761695862, -25.2629375458, 16.4178009033, 49.4891395569, 63.1489601135, 33.7030334473, 21.6024703979, 6.55036640167, 6.99477148056, 5.90253973007, 4.04581260681, 4.68615245819, -1.02901029587], [-144.470809937, -22.2547092438, -0.776232898235, 23.4028587341, 33.7030334473, 52.9806632996, 31.769241333, 5.34188079834, 4.87258958817, 8.96746826172, 3.3944542408, -3.51990485191, -3.90826392174], [-137.850860596, -9.16628074646, 10.1229686737, 18.1249408722, 21.6024703979, 31.769241333, 36.8277053833, 12.1720294952, 3.24328994751, 7.54909944534, 6.73345947266, -4.31265926361, 0.217619627714], [-36.2375335693, -3.90919423103, -2.76811766624, 1.79377233982, 6.55036640167, 5.34188079834, 12.1720294952, 25.2773227692, 11.5246324539, 6.61698865891, 7.01471090317, 2.11287403107, -0.789270162582], [-12.4653682709, -6.18626594543, -9.0387506485, 8.35092735291, 6.99477148056, 4.87258958817, 3.24328994751, 11.5246324539, 26.3123722076, 10.2256813049, 0.168997973204, 3.1535654068, -1.26482713223], [-35.56848526, -6.75210905075, 2.89848899841, 2.05444741249, 5.90253973007, 8.96746826172, 7.54909944534, 6.61698865891, 10.2256813049, 23.9067192078, 10.2413139343, 0.931930541992, -0.957194328308], [-36.6297225952, -3.43083357811, 7.380382061, 5.51616096497, 4.04581260681, 3.3944542408, 6.73345947266, 7.01471090317, 0.168997973204, 10.2413139343, 21.9058532715, 9.17886638641, 1.41258788109], [7.9205160141, -9.45230674744, 2.39869308472, 8.9660654068, 4.68615245819, -3.51990485191, -4.31265926361, 2.11287403107, 3.1535654068, 0.931930541992, 9.17886638641, 32.4199829102, 11.4134960175], [3.14433932304, 1.0345249176, 7.66644906998, 4.05068302155, -1.02901029587, -3.90826392174, 0.217619627714, -0.789270162582, -1.26482713223, -0.957194328308, 1.41258788109, 11.4134960175, 22.6006412506]],
