{
"lowlevel": {
    "average_loudness": 0.938380897045,
    "barkbands_crest": {
        "dmean": 1.04882955551,
        "dmean2": 1.66375553608,
        "dvar": 1.87675642967,
        "dvar2": 5.04312229156,
        "max": 23.4682750702,
        "mean": 16.7983226776,
        "median": 15.8554582596,
        "min": 8.21612358093,
        "var": 19.5018501282
    },
    "barkbands_flatness_db": {
        "dmean": 0.0176636576653,
        "dmean2": 0.0261049680412,
        "dvar": 0.000735291861929,
        "dvar2": 0.00120495050214,
        "max": 0.487045168877,
        "mean": 0.295727968216,
        "median": 0.306801766157,
        "min": 0.113654136658,
        "var": 0.00387409422547
    },
    "barkbands_kurtosis": {
        "dmean": 7.70259618759,
        "dmean2": 12.2630758286,
        "dvar": 104.373077393,
        "dvar2": 252.036865234,
        "max": 119.154670715,
        "mean": 25.5100288391,
        "median": 11.7835378647,
        "min": -0.629946470261,
        "var": 867.18963623
    },
    "barkbands_skewness": {
        "dmean": 0.705724477768,
        "dmean2": 1.20879495144,
        "dvar": 0.574038863182,
        "dvar2": 1.68368887901,
        "max": 6.1251282692,
        "mean": 1.79112136364,
        "median": 1.68163156509,
        "min": -1.18982577324,
        "var": 2.50021696091
    },
    "barkbands_spread": {
        "dmean": 0.74094492197,
        "dmean2": 1.15579295158,
        "dvar": 1.19310486317,
        "dvar2": 2.62459969521,
        "max": 14.4616527557,
        "mean": 3.45494484901,
        "median": 2.60156583786,
        "min": 0.65177744627,
        "var": 6.64589643478
    },
    "dissonance": {
        "dmean": 0.0478884391487,
        "dmean2": 0.0786005854607,
        "dvar": 0.00211500632577,
        "dvar2": 0.00615521101281,
        "max": 0.448343813419,
        "mean": 0.283764183521,
        "median": 0.27690154314,
        "min": 0.164433017373,
        "var": 0.00415332056582
    },
    "dynamic_complexity": 5.3679728508,
    "erbbands_crest": {
        "dmean": 1.2138556242,
        "dmean2": 1.791036129,
        "dvar": 4.49191141129,
        "dvar2": 9.09939193726,
        "max": 33.4789962769,
        "mean": 23.8028964996,
        "median": 23.2899551392,
        "min": 4.82916879654,
        "var": 51.3821296692
    },
    "erbbands_flatness_db": {
        "dmean": 0.0157184712589,
        "dmean2": 0.0230404362082,
        "dvar": 0.000566161877941,
        "dvar2": 0.000964707578532,
        "max": 0.504105269909,
        "mean": 0.318603396416,
        "median": 0.333576411009,
        "min": 0.136346429586,
        "var": 0.00461873970926
    },
    "erbbands_kurtosis": {
        "dmean": 6.85437726974,
        "dmean2": 9.44349956512,
        "dvar": 93.9152145386,
        "dvar2": 163.465835571,
        "max": 157.200942993,
        "mean": 27.0359477997,
        "median": 16.6435031891,
        "min": -1.55755114555,
        "var": 974.989562988
    },
    "erbbands_skewness": {
        "dmean": 0.490057677031,
        "dmean2": 0.677486419678,
        "dvar": 0.17874276638,
        "dvar2": 0.365964353085,
        "max": 8.13628101349,
        "mean": 2.47558283806,
        "median": 1.78346335888,
        "min": -0.762732088566,
        "var": 3.60057783127
    },
    "erbbands_spread": {
        "dmean": 1.38049650192,
        "dmean2": 2.07986140251,
        "dvar": 9.84588813782,
        "dvar2": 21.9377212524,
        "max": 35.0816421509,
        "mean": 5.8696141243,
        "median": 3.72136092186,
        "min": 0.809107303619,
        "var": 38.2470741272
    },
    "hfc": {
        "dmean": 2.37188816071,
        "dmean2": 2.95684313774,
        "dvar": 63.4273223877,
        "dvar2": 87.1413269043,
        "max": 134.638702393,
        "mean": 11.8793916702,
        "median": 4.98667907715,
        "min": 0.0252967458218,
        "var": 584.095031738
    },
    "melbands_crest": {
        "dmean": 1.50952768326,
        "dmean2": 2.3108959198,
        "dvar": 4.05254268646,
        "dvar2": 9.56611442566,
        "max": 29.3215522766,
        "mean": 22.3307743073,
        "median": 23.9617824554,
        "min": 8.00533103943,
        "var": 24.5913887024
    },
    "melbands_flatness_db": {
        "dmean": 0.0175575278699,
        "dmean2": 0.0254386682063,
        "dvar": 0.000757339934353,
        "dvar2": 0.00137696228921,
        "max": 0.567240536213,
        "mean": 0.391419440508,
        "median": 0.404252439737,
        "min": 0.210849434137,
        "var": 0.00388586125337
    },
    "melbands_kurtosis": {
        "dmean": 4.25676727295,
        "dmean2": 7.04954147339,
        "dvar": 64.0907058716,
        "dvar2": 175.023498535,
        "max": 66.3503189087,
        "mean": 9.24134922028,
        "median": 5.35919857025,
        "min": -0.410645723343,
        "var": 130.375778198
    },
    "melbands_skewness": {
        "dmean": 0.521978497505,
        "dmean2": 0.868159532547,
        "dvar": 0.542515993118,
        "dvar2": 1.47912836075,
        "max": 5.79354047775,
        "mean": 0.327356249094,
        "median": 0.0652217417955,
        "min": -2.35616755486,
        "var": 1.87408411503
    },
    "melbands_spread": {
        "dmean": 1.09550797939,
        "dmean2": 1.67643511295,
        "dvar": 1.68427431583,
        "dvar2": 3.49491477013,
        "max": 15.1596899033,
        "mean": 5.38030338287,
        "median": 4.61408758163,
        "min": 1.16033005714,
        "var": 10.9275817871
    },
    "pitch_salience": {
        "dmean": 0.036661054939,
        "dmean2": 0.0531175583601,
        "dvar": 0.0023679221049,
        "dvar2": 0.00444418983534,
        "max": 0.809261500835,
        "mean": 0.357345610857,
        "median": 0.357483625412,
        "min": 0.144530132413,
        "var": 0.0141528723761
    },
    "silence_rate_20dB": {
        "dmean": 0,
        "dmean2": 0,
        "dvar": 0,
        "dvar2": 0,
        "max": 1,
        "mean": 1,
        "median": 1,
        "min": 1,
        "var": 0
    },
    "silence_rate_30dB": {
        "dmean": 0.0133333336562,
        "dmean2": 0.0201342273504,
        "dvar": 0.013155521825,
        "dvar2": 0.0197287686169,
        "max": 1,
        "mean": 0.966887414455,
        "median": 1,
        "min": 0,
        "var": 0.032015953213
    },
    "silence_rate_60dB": {
        "dmean": 0.0333333350718,
        "dmean2": 0.0671140924096,
        "dvar": 0.0322221554816,
        "dvar2": 0.0760325342417,
        "max": 1,
        "mean": 0.278145700693,
        "median": 0,
        "min": 0,
        "var": 0.200781181455
    },
    "spectral_centroid": {
        "dmean": 25.6485309601,
        "dmean2": 37.1243591309,
        "dvar": 1735.89782715,
        "dvar2": 3688.55883789,
        "max": 895.882507324,
        "mean": 566.361450195,
        "median": 550.998352051,
        "min": 298.74029541,
        "var": 9091.99511719
    },
    "spectral_complexity": {
        "dmean": 0.80666667223,
        "dmean2": 1.24161076546,
        "dvar": 1.86262369156,
        "dvar2": 3.35102128983,
        "max": 16,
        "mean": 4.19205284119,
        "median": 3,
        "min": 0,
        "var": 7.53265571594
    },
    "spectral_decrease": {
        "dmean": 9.85423742605e-10,
        "dmean2": 1.29231081392e-09,
        "dvar": 9.58456988179e-18,
        "dvar2": 1.75238179682e-17,
        "max": -8.80760308436e-12,
        "mean": -4.71717065409e-09,
        "median": -2.64564503638e-09,
        "min": -4.56512339042e-08,
        "var": 6.74995592583e-17
    },
    "spectral_energy": {
        "dmean": 0.00392072927207,
        "dmean2": 0.0051409304142,
        "dvar": 0.000152578693815,
        "dvar2": 0.0002738351468,
        "max": 0.184062987566,
        "mean": 0.0188811365515,
        "median": 0.0104525778443,
        "min": 3.55363699782e-05,
        "var": 0.00110085820779
    },
    "spectral_energyband_high": {
        "dmean": 6.39389691059e-06,
        "dmean2": 1.04594892036e-05,
        "dvar": 5.19078446892e-10,
        "dvar2": 1.27054511356e-09,
        "max": 0.000157234724611,
        "mean": 9.36018022912e-06,
        "median": 3.9642181946e-06,
        "min": 1.57171996307e-07,
        "var": 4.78917294711e-10
    },
    "spectral_energyband_low": {
        "dmean": 0.000188240795978,
        "dmean2": 0.000292126293061,
        "dvar": 3.99020336772e-07,
        "dvar2": 8.20124057554e-07,
        "max": 0.00623573828489,
        "mean": 0.000224030940444,
        "median": 7.23018674762e-05,
        "min": 4.88132911869e-07,
        "var": 4.99956058775e-07
    },
    "spectral_energyband_middle_high": {
        "dmean": 0.000945192587096,
        "dmean2": 0.00100535003003,
        "dvar": 7.97624579718e-06,
        "dvar2": 1.38261057145e-05,
        "max": 0.0464820601046,
        "mean": 0.00291723571718,
        "median": 0.000214055544348,
        "min": 2.35641527979e-06,
        "var": 5.82674692851e-05
    },
    "spectral_energyband_middle_low": {
        "dmean": 0.00353239057586,
        "dmean2": 0.0045641628094,
        "dvar": 0.000106742765638,
        "dvar2": 0.000211062520975,
        "max": 0.156679838896,
        "mean": 0.0158944483846,
        "median": 0.00994440447539,
        "min": 2.55540508078e-05,
        "var": 0.000681111123413
    },
    "spectral_entropy": {
        "dmean": 0.207808122039,
        "dmean2": 0.297165215015,
        "dvar": 0.122689589858,
        "dvar2": 0.233519539237,
        "max": 7.89472913742,
        "mean": 5.59411621094,
        "median": 5.47555685043,
        "min": 3.81242394447,
        "var": 0.463386982679
    },
    "spectral_flux": {
        "dmean": 0.010276726447,
        "dmean2": 0.0147674754262,
        "dvar": 0.000659763754811,
        "dvar2": 0.000955909665208,
        "max": 0.305561631918,
        "mean": 0.026207042858,
        "median": 0.0115408990532,
        "min": 0.00389761966653,
        "var": 0.00182020664215
    },
    "spectral_kurtosis": {
        "dmean": 4.70776224136,
        "dmean2": 6.65278577805,
        "dvar": 64.0526504517,
        "dvar2": 128.09954834,
        "max": 118.721504211,
        "mean": 24.6380844116,
        "median": 17.8357048035,
        "min": 2.40972518921,
        "var": 490.827392578
    },
    "spectral_rms": {
        "dmean": 0.0003453604877,
        "dmean2": 0.000421205622843,
        "dvar": 5.9887088355e-07,
        "dvar2": 1.21184837099e-06,
        "max": 0.0134005090222,
        "mean": 0.00343154952861,
        "median": 0.00319337379187,
        "min": 0.000186197823496,
        "var": 6.64508388581e-06
    },
    "spectral_rolloff": {
        "dmean": 41.630859375,
        "dmean2": 81.5082321167,
        "dvar": 16158.7363281,
        "dvar2": 39680.6601562,
        "max": 1227.39257812,
        "mean": 662.966064453,
        "median": 624.462890625,
        "min": 344.53125,
        "var": 47698.1679688
    },
    "spectral_skewness": {
        "dmean": 0.375988125801,
        "dmean2": 0.549710094929,
        "dvar": 0.237351968884,
        "dvar2": 0.476984679699,
        "max": 9.38247776031,
        "mean": 3.90772747993,
        "median": 3.56201100349,
        "min": 1.36678743362,
        "var": 2.11667895317
    },
    "spectral_spread": {
        "dmean": 460697.90625,
        "dmean2": 632194.5625,
        "dvar": 1.00864668467e+12,
        "dvar2": 1.07763662848e+12,
        "max": 16394094,
        "mean": 3521628.5,
        "median": 3126292.75,
        "min": 900332.375,
        "var": 2.99129267814e+12
    },
    "spectral_strongpeak": {
        "dmean": 0.271018266678,
        "dmean2": 0.375573992729,
        "dvar": 0.542044401169,
        "dvar2": 0.960318863392,
        "max": 9.20626068115,
        "mean": 1.97511947155,
        "median": 1.76820874214,
        "min": 0.0109972478822,
        "var": 2.54745554924
    },
    "zerocrossingrate": {
        "dmean": 0.00232096365653,
        "dmean2": 0.00345729338005,
        "dvar": 2.60509896179e-05,
        "dvar2": 4.83222320327e-05,
        "max": 0.07666015625,
        "mean": 0.0289929118007,
        "median": 0.02783203125,
        "min": 0.013671875,
        "var": 8.74750840012e-05
    },
    "barkbands": {
        "dmean": [4.14418855144e-06, 6.36281183688e-05, 9.64020364336e-05, 0.00020773387223, 0.000868390605319, 0.000212869563256, 0.000718544994015, 0.000970401393715, 0.00119748455472, 0.000407129526138, 0.000239293731283, 0.000632423791103, 4.78879737784e-05, 1.29067666421e-05, 1.50729201778e-05, 1.218777129e-06, 5.27970087205e-06, 8.51811989833e-07, 2.57722581409e-06, 1.3186815977e-06, 1.63730351233e-06, 7.28085751689e-07, 8.26739778859e-07, 7.81804658345e-07, 7.24966810139e-07, 1.19081050798e-06, 4.22659553578e-07],
        "dmean2": [6.89010312271e-06, 0.000112171677756, 0.00015363797138, 0.000340579252224, 0.00158397585619, 0.000345590844518, 0.00070707895793, 0.000994031783193, 0.00141713605262, 0.000591904390603, 0.000208297104109, 0.000667189189699, 6.81019228068e-05, 1.52065522343e-05, 2.00997656066e-05, 1.90548757928e-06, 7.351604836e-06, 1.38422421969e-06, 4.10132861361e-06, 2.26790984925e-06, 2.63883725893e-06, 1.24047255667e-06, 1.25026463138e-06, 1.33463322527e-06, 1.13751639219e-06, 2.00431395569e-06, 6.8640798645e-07],
        "dvar": [1.17047677106e-10, 1.09333067044e-08, 1.39472987826e-07, 8.56013969042e-07, 1.81969098776e-05, 1.06854133719e-06, 2.16816260945e-06, 1.4139744053e-05, 2.24451541726e-05, 5.41851568414e-06, 2.6617087201e-07, 8.25630195322e-06, 2.80036935862e-08, 1.29878574562e-09, 1.33854571871e-09, 1.39838774241e-11, 1.70258210308e-10, 7.34338197889e-12, 6.04378075364e-11, 2.69808533154e-11, 3.93211817273e-11, 9.53597444064e-12, 6.83361743928e-12, 1.02110863168e-11, 6.38280617596e-12, 2.46380502805e-11, 2.09089408114e-12],
        "dvar2": [1.1465890043e-10, 2.84319217059e-08, 2.65764583673e-07, 2.18390687223e-06, 5.19959648955e-05, 2.67013433586e-06, 2.32301681535e-06, 1.54633344209e-05, 3.08997405227e-05, 1.22950850709e-05, 3.27303496306e-07, 1.02858048194e-05, 4.83197162282e-08, 1.16029941211e-09, 2.51183873701e-09, 2.40551936009e-11, 2.7766564048e-10, 1.43554144266e-11, 1.3596183901e-10, 7.49827214208e-11, 9.61927343335e-11, 2.65982166847e-11, 1.58061116279e-11, 2.7061982863e-11, 1.41198788772e-11, 5.19002306409e-11, 5.16199279502e-12],
        "max": [0.00014206810738, 0.000910991569981, 0.00295516639017, 0.00744920130819, 0.0400682091713, 0.0111254099756, 0.0336066111922, 0.0729004517198, 0.0828968510032, 0.0275771524757, 0.0104776956141, 0.0460337623954, 0.00178166129626, 0.000563100678846, 0.00038282899186, 3.5403365473e-05, 0.000200482420041, 2.49285803875e-05, 8.00681227702e-05, 4.84360352857e-05, 5.44397153135e-05, 2.8550699426e-05, 2.25882595259e-05, 2.61681489064e-05, 2.1243982701e-05, 4.32156739407e-05, 1.42246954056e-05],
        "mean": [4.09552512792e-06, 7.19541712897e-05, 0.000103760896309, 0.000168423575815, 0.00096746685449, 0.000196664579562, 0.0063736634329, 0.00386433023959, 0.00397780304775, 0.00038144813152, 0.000737837457564, 0.00184941547923, 8.38074993226e-05, 3.95747229049e-05, 2.76105292869e-05, 1.72908687546e-06, 1.48238741531e-05, 1.01869625269e-06, 5.00929400005e-06, 1.61101593221e-06, 1.98816246666e-06, 9.13153769488e-07, 1.05875983536e-06, 9.09466848498e-07, 9.90865260064e-07, 1.51143581206e-06, 1.31428294026e-06],
        "median": [2.25205803872e-06, 4.66287856398e-05, 1.61593507073e-05, 1.12167126645e-05, 0.000440395931946, 8.04144565336e-06, 0.00197574286722, 0.0011426032288, 0.000136324495543, 3.63991853192e-06, 7.10829262971e-05, 5.07562572238e-06, 5.6960893744e-06, 2.01523585019e-06, 1.58178272613e-06, 3.96756973942e-07, 7.67701976656e-07, 3.82774032914e-07, 4.13175825997e-07, 4.64191145966e-07, 4.76581902831e-07, 3.37392123129e-07, 2.98929023757e-07, 3.42950215781e-07, 3.67862412531e-07, 5.52095571038e-07, 1.13718886041e-06],
        "min": [1.91042098807e-10, 4.30301021481e-08, 1.28533272914e-07, 2.76262397847e-07, 2.91702099275e-06, 5.17296030011e-07, 8.65546667228e-07, 2.97585756925e-06, 1.96423286525e-07, 1.1455994553e-07, 7.22501027894e-08, 6.40139603547e-08, 1.00690975557e-07, 7.38668575195e-08, 6.53566232245e-08, 6.53640057635e-08, 6.4368258279e-08, 4.09326084139e-08, 1.11438730244e-07, 3.05792475785e-08, 5.99142566671e-08, 1.43428717791e-08, 1.36610491808e-08, 1.46872274343e-08, 1.38565798835e-08, 1.24026158232e-08, 1.55052397588e-08],
        "var": [1.36189365341e-10, 1.22284937731e-08, 1.77594870365e-07, 6.91097341132e-07, 1.22079727589e-05, 9.43802547226e-07, 6.88315194566e-05, 0.000129130799905, 0.000179436683538, 5.90830541114e-06, 2.802631343e-06, 5.15278879902e-05, 5.37593756178e-08, 1.25086909719e-08, 4.27194146724e-09, 1.45152119491e-11, 1.27495181079e-09, 6.80940937317e-12, 1.88188617467e-10, 1.97280195652e-11, 4.06309846879e-11, 6.67743031008e-12, 7.89546119456e-12, 7.49873947659e-12, 7.00790510691e-12, 2.47768749961e-11, 1.64781393825e-12]
    },
    "erbbands": {
        "dmean": [0.00197417172603, 0.0154288532212, 0.0845105499029, 0.390641033649, 2.63207221031, 2.41863512993, 2.34436869621, 1.10623621941, 3.0059235096, 15.4657173157, 41.2169532776, 17.8939609528, 18.048034668, 4.77163076401, 6.81743955612, 24.043088913, 8.0215549469, 1.4623093605, 0.27238714695, 0.748766839504, 0.0903197824955, 0.32695582509, 0.0503067858517, 0.109497085214, 0.0962677225471, 0.0659272149205, 0.0891553908587, 0.0360808335245, 0.0258851330727, 0.0273642223328, 0.0220390390605, 0.0205541644245, 0.0106624374166, 0.00593557255343, 0.00676939822733, 0.00535863079131, 0.00239609600976, 0.000500398862641, 7.23926568753e-05, 7.11924303687e-06],
        "dmean2": [0.0036369333975, 0.0250403787941, 0.133075416088, 0.628743886948, 4.80152130127, 4.38038730621, 3.93539857864, 1.67144572735, 3.74485015869, 14.3493394852, 43.9250869751, 20.2614459991, 25.7273006439, 5.34510755539, 5.7617058754, 25.8059520721, 8.87954998016, 1.76359808445, 0.331854432821, 1.01156067848, 0.12795136869, 0.445955783129, 0.0771936476231, 0.172775819898, 0.157610952854, 0.111526362598, 0.137179911137, 0.0642859563231, 0.0440632402897, 0.0455935373902, 0.0337197892368, 0.0332892052829, 0.0184464380145, 0.00956510659307, 0.0106386775151, 0.00869939569384, 0.00381542602554, 0.000788149889559, 0.00011658125004, 1.1356187315e-05],
        "dvar": [7.09561163603e-06, 0.000809736025985, 0.0859981179237, 2.99271774292, 152.704925537, 142.167144775, 157.778991699, 21.0707912445, 71.4121017456, 981.735717773, 29978.4863281, 4177.01806641, 9479.29296875, 101.148452759, 189.663757324, 11896.9179688, 1170.09057617, 12.9001188278, 0.482262223959, 3.79148888588, 0.0506038591266, 0.671941757202, 0.0238768849522, 0.129418641329, 0.0827536731958, 0.0563347041607, 0.114959031343, 0.0299636684358, 0.012793331407, 0.00891834869981, 0.00547936046496, 0.00595232425258, 0.00190852209926, 0.00042819668306, 0.000663822167553, 0.000379511649953, 0.000106118459371, 4.57749638372e-06, 6.75700633224e-08, 2.48812748183e-10],
        "dvar2": [2.10200196307e-05, 0.00184112752322, 0.168676331639, 7.39005947113, 442.226287842, 400.588989258, 416.039459229, 45.6047477722, 176.178726196, 684.970336914, 34003.3671875, 5754.54003906, 20572.0410156, 198.456298828, 200.36958313, 15249.9785156, 1672.46020508, 16.6733188629, 0.643379628658, 6.75489234924, 0.0677073597908, 1.06430780888, 0.0417022481561, 0.276762992144, 0.215715751052, 0.150543615222, 0.273141592741, 0.0870990529656, 0.0358874388039, 0.0230965893716, 0.0130070019513, 0.0148225706071, 0.00515174958855, 0.00111914076842, 0.00138647726271, 0.000828145013656, 0.000236886466155, 1.10414684968e-05, 1.6665592284e-07, 4.86714113457e-10],
        "max": [0.0206725597382, 0.2580909729, 2.57066988945, 15.1556968689, 106.656471252, 117.058555603, 129.658996582, 53.2049865723, 92.8413085938, 770.153320312, 3063.18774414, 1313.2701416, 1190.84191895, 140.857879639, 283.290008545, 1766.93566895, 561.236022949, 61.6994285583, 9.89830112457, 24.8413524628, 2.36540031433, 12.8325090408, 1.47562134266, 4.08773803711, 2.14602279663, 2.16993021965, 3.3088593483, 1.57907652855, 1.05842685699, 0.744668066502, 0.741715848446, 0.56062322855, 0.371058255434, 0.161934316158, 0.246358186007, 0.159532681108, 0.0971629694104, 0.0208740029484, 0.00258638337255, 0.000224892020924],
        "mean": [0.0020472786855, 0.0174776501954, 0.0952676311135, 0.357204586267, 2.55309796333, 2.95498204231, 2.02122163773, 1.43616008759, 17.9242286682, 154.778915405, 141.220687866, 64.4513168335, 19.2324485779, 11.6402244568, 22.2687110901, 72.5862884521, 24.0870666504, 4.19446706772, 0.571138560772, 1.46217739582, 0.25918918848, 0.940071284771, 0.0979854092002, 0.232090368867, 0.151640057564, 0.0909386724234, 0.109483532608, 0.0411143414676, 0.0321795716882, 0.0339017212391, 0.0277396664023, 0.0225579235703, 0.0134037313983, 0.00810391642153, 0.00873556081206, 0.00634715892375, 0.00285302777775, 0.000733244291041, 0.000182468415005, 4.25032194471e-05],
        "median": [0.00131385819986, 0.0079055596143, 0.0182243846357, 0.0530084483325, 1.04463577271, 1.43115091324, 0.149921938777, 0.396396189928, 11.2484455109, 65.3941116333, 17.4282798767, 2.30105304718, 0.42716050148, 1.70755815506, 2.37032938004, 0.440539956093, 0.290333390236, 0.4169472754, 0.0534244328737, 0.106850579381, 0.0325414650142, 0.049913469702, 0.0243522636592, 0.0195768568665, 0.0225158240646, 0.0237777419388, 0.0216947812587, 0.0156089523807, 0.0117902150378, 0.0106472335756, 0.00810482446104, 0.00695597939193, 0.00590700935572, 0.00377207272686, 0.00287432433106, 0.00192927860189, 0.00111406599171, 0.000425205187639, 0.000150085208588, 3.31143346557e-05],
        "min": [6.16602903847e-07, 1.4434656805e-05, 0.000162515672855, 0.00139683799352, 0.00639622053131, 0.0107927462086, 0.0103595554829, 0.00741311907768, 0.0249554831535, 0.0636179223657, 0.0447464585304, 0.0734906345606, 0.058941245079, 0.00873582810163, 0.00984862819314, 0.00754827493802, 0.00837306957692, 0.00614991784096, 0.00418823538348, 0.0042896643281, 0.00467884866521, 0.00378684722818, 0.00314579927363, 0.00392745062709, 0.00545286107808, 0.00168873148505, 0.00351118203253, 0.000896542624105, 0.000652236398309, 0.00030502298614, 0.000431752006989, 0.000372440525098, 0.000224097399041, 0.000200123016839, 5.60600565223e-05, 3.35553959303e-05, 2.65839007625e-05, 9.81672019407e-06, 2.24717541641e-06, 2.82994847112e-07],
        "var": [5.90380795984e-06, 0.00114752631634, 0.116358399391, 2.60897684097, 96.3064880371, 101.054443359, 121.621261597, 24.9954090118, 486.150512695, 39020.046875, 229919.546875, 46459.7929688, 11475.8076172, 516.657531738, 2164.38110352, 77079.4375, 7629.94433594, 116.912986755, 1.5684325695, 14.7788295746, 0.26885792613, 5.20083332062, 0.0334972254932, 0.473064184189, 0.120247922838, 0.0501390248537, 0.129423230886, 0.0186238475144, 0.0087888231501, 0.00803997088224, 0.00629786960781, 0.00524620572105, 0.00132663617842, 0.000337272300385, 0.000763835792895, 0.000394014728954, 9.9652177596e-05, 3.77267360818e-06, 5.44041043327e-08, 1.66211344688e-09]
    },
    "gfcc": {
        "mean": [-161.012268066, 116.267097473, -74.7725830078, -35.6604652405, -68.2750701904, -9.36550617218, -22.3942604065, 3.27181601524, -15.0276250839, 2.4824025631, -14.4079036713, -11.1675634384, -22.5569572449],
        "cov": [[3559.53344727, 695.897216797, -1319.00158691, -521.560974121, 42.2652244568, 121.541625977, -253.195785522, -194.788208008, -57.39686203, 200.532592773, 251.347259521, 297.961761475, 61.0813407898], [695.897216797, 521.385803223, -376.679595947, -390.22177124, 44.5858764648, 105.856887817, 43.8374481201, -100.249389648, -41.178237915, -20.1818504333, 76.8086624146, 24.8325805664, -1.72937822342], [-1319.00158691, -376.679595947, 1135.43566895, 426.67477417, -94.0953674316, -46.0446434021, 73.516746521, 97.1820144653, 2.08804893494, -39.9740371704, -122.442146301, -105.993179321, -49.9829139709], [-521.560974121, -390.22177124, 426.67477417, 578.868225098, 19.2893218994, -166.402160645, -147.490112305, 112.831031799, 28.3421878815, 29.7859344482, -33.4391708374, 11.838180542, 68.0308303833], [42.2652244568, 44.5858764648, -94.0953674316, 19.2893218994, 101.738792419, 4.91656446457, -6.55819129944, 19.3426818848, 18.5165309906, -15.1920261383, -14.6644983292, -11.6711750031, 15.4957532883], [121.541625977, 105.856887817, -46.0446434021, -166.402160645, 4.91656446457, 170.744293213, 140.483840942, -23.4376296997, -57.7904052734, -46.976852417, -51.7516975403, -75.9035949707, -49.5944633484], [-253.195785522, 43.8374481201, 73.516746521, -147.490112305, -6.55819129944, 140.483840942, 201.917404175, 9.95371055603, -30.5828456879, -68.1036224365, -69.6485824585, -93.492477417, -55.4251708984], [-194.788208008, -100.249389648, 97.1820144653, 112.831031799, 19.3426818848, -23.4376296997, 9.95371055603, 71.8392868042, 37.4154510498, 0.153623014688, -25.0645999908, -11.7590770721, 8.44108104706], [-57.39686203, -41.178237915, 2.08804893494, 28.3421878815, 18.5165309906, -57.7904052734, -30.5828456879, 37.4154510498, 111.787826538, 62.9304618835, 30.4176425934, 38.4637680054, 10.4162721634], [200.532592773, -20.1818504333, -39.9740371704, 29.7859344482, -15.1920261383, -46.976852417, -68.1036224365, 0.153623014688, 62.9304618835, 100.870269775, 69.4472961426, 75.1616897583, 21.4131622314], [251.347259521, 76.8086624146, -122.442146301, -33.4391708374, -14.6644983292, -51.7516975403, -69.6485824585, -25.0645999908, 30.4176425934, 69.4472961426, 118.420860291, 102.223472595, 35.7754173279], [297.961761475, 24.8325805664, -105.993179321, 11.838180542, -11.6711750031, -75.9035949707, -93.492477417, -11.7590770721, 38.4637680054, 75.1616897583, 102.223472595, 140.377044678, 57.0402336121], [61.0813407898, -1.72937822342, -49.9829139709, 68.0308303833, 15.4957532883, -49.5944633484, -55.4251708984, 8.44108104706, 10.4162721634, 21.4131622314, 35.7754173279, 57.0402336121, 54.0176391602]],
        "icov": [[0.00151993043255, -0.00218031136319, 0.00153495848645, -0.00149252766278, 0.00104992557317, -0.00297393556684, 0.00247721862979, -0.00132803397719, 0.00149090634659, -0.00241225259379, 0.00325001450256, -0.0051109441556, 0.00514244800434], [-0.00218031136319, 0.0109488945454, -0.00373206380755, 0.00919215753675, -0.00631568254903, 0.000726421363652, 0.0010269730119, 0.00195591244847, -0.000803795002867, 0.00526813883334, -0.0119806677103, 0.0125246820971, -0.0162115190178], [0.00153495848645, -0.00373206380755, 0.00430632382631, -0.00613936549053, 0.0040564564988, -0.00162372959312, -0.00133578747045, 0.000781479873694, -0.000287493312499, -0.00139032409061, 0.00519391335547, -0.00757230864838, 0.0108771193773], [-0.00149252766278, 0.00919215753675, -0.00613936549053, 0.0181689728051, -0.00794662442058, 0.00328919966705, 0.00781521014869, -0.0107880607247, 0.00787665229291, -0.00375684187748, -0.00737092457712, 0.0153201268986, -0.0229023210704], [0.00104992557317, -0.00631568254903, 0.0040564564988, -0.00794662442058, 0.0216610711068, -0.0082821175456, 0.00355872465298, -0.000831446261145, -0.0113970357925, 0.007992150262, 0.00584452226758, -0.00376486801542, 0.00147010246292], [-0.00297393556684, 0.000726421363652, -0.00162372959312, 0.00328919966705, -0.0082821175456, 0.0370000079274, -0.0242778789252, 0.00255385437049, 0.0149836102501, -0.0145024387166, 0.0027314205654, 0.010018276982, -0.000750497274566], [0.00247721862979, 0.0010269730119, -0.00133578747045, 0.00781521014869, 0.00355872465298, -0.0242778789252, 0.0323187112808, -0.0144954193383, -0.00315096601844, 0.007664791774, -0.00174670375418, -0.000658327015117, -0.00231053796597], [-0.00132803397719, 0.00195591244847, 0.000781479873694, -0.0107880607247, -0.000831446261145, 0.00255385437049, -0.0144954193383, 0.0434178709984, -0.019952101633, 0.0100504867733, 0.00152469146997, 1.59181836352e-05, -0.00436380738392], [0.00149090634659, -0.000803795002867, -0.000287493312499, 0.00787665229291, -0.0113970357925, 0.0149836102501, -0.00315096601844, -0.019952101633, 0.0384373888373, -0.0303639099002, 0.00589736318216, -0.00248251040466, 0.00835353136063], [-0.00241225259379, 0.00526813883334, -0.00139032409061, -0.00375684187748, 0.007992150262, -0.0145024387166, 0.007664791774, 0.0100504867733, -0.0303639099002, 0.0490485914052, -0.0190518498421, -0.000423024321208, -0.00349600915797], [0.00325001450256, -0.0119806677103, 0.00519391335547, -0.00737092457712, 0.00584452226758, 0.0027314205654, -0.00174670375418, 0.00152469146997, 0.00589736318216, -0.0190518498421, 0.0439785644412, -0.0299669187516, 0.0177634526044], [-0.0051109441556, 0.0125246820971, -0.00757230864838, 0.0153201268986, -0.00376486801542, 0.010018276982, -0.000658327015117, 1.59181836352e-05, -0.00248251040466, -0.000423024321208, -0.0299669187516, 0.0562077313662, -0.0493805706501], [0.00514244800434, -0.0162115190178, 0.0108771193773, -0.0229023210704, 0.00147010246292, -0.000750497274566, -0.00231053796597, -0.00436380738392, 0.00835353136063, -0.00349600915797, 0.0177634526044, -0.0493805706501, 0.0884413942695]]
    },
    "melbands": {
        "dmean": [1.77559995791e-05, 3.46881024598e-05, 0.000127173596411, 0.000214489569771, 7.67675519455e-05, 2.7839510949e-05, 7.48243546695e-05, 0.000142800665344, 0.000415588758187, 8.82949243532e-05, 8.83977336343e-05, 1.53231503646e-05, 3.24888351315e-05, 2.39744676946e-05, 7.9170706158e-05, 3.56086184183e-06, 2.16864214053e-06, 2.05574181678e-07, 1.36727419431e-06, 4.04488361028e-07, 9.35347088671e-08, 4.58839934936e-07, 6.06951076065e-08, 3.59881582312e-08, 9.70108047227e-08, 9.64257438341e-08, 5.18308596043e-08, 4.02190778459e-08, 7.25525808321e-08, 2.53048213494e-08, 1.87048883049e-08, 1.48242076392e-08, 1.42578118201e-08, 1.5462354952e-08, 1.19257466125e-08, 1.28809913846e-08, 1.37229347885e-08, 8.01077604251e-09, 6.04366112711e-09, 4.59533922026e-09],
        "dmean2": [3.2671570807e-05, 5.53992904315e-05, 0.000218484550714, 0.0003924612829, 0.000128766478156, 4.36093068856e-05, 8.33895755932e-05, 0.000135422771564, 0.000444825913291, 0.000103940074041, 0.000125509584905, 1.76478279172e-05, 2.74288868241e-05, 2.61264976871e-05, 8.49139833008e-05, 4.48847640655e-06, 2.58626414507e-06, 2.51826008935e-07, 1.84359225841e-06, 5.52523090391e-07, 1.49728762722e-07, 6.3307209075e-07, 9.63187147818e-08, 5.8243998069e-08, 1.53124204871e-07, 1.51629791389e-07, 8.56334807509e-08, 6.86392240823e-08, 1.10890354676e-07, 4.3581149356e-08, 3.38110233145e-08, 2.55465053556e-08, 2.41013591307e-08, 2.52975542736e-08, 1.89894286962e-08, 2.08593142759e-08, 2.18747207015e-08, 1.39482319028e-08, 1.03207442592e-08, 7.35900629323e-09],
        "dvar": [8.1248913153e-10, 1.27969483898e-08, 3.35293151466e-07, 1.00210434084e-06, 1.68911938658e-07, 1.52238914808e-08, 2.91484987258e-08, 8.68655405384e-08, 3.21546281157e-06, 9.35528277068e-08, 2.29703658761e-07, 9.32537602694e-10, 4.99130026199e-09, 1.19914362884e-08, 1.28878411942e-07, 8.29567317617e-11, 3.61241626889e-11, 1.07830487161e-12, 1.15027683559e-11, 1.65924294703e-12, 5.24583428454e-14, 1.4386022755e-12, 3.43301098269e-14, 1.25836595308e-14, 1.1671764358e-13, 6.32670253535e-14, 3.9527110968e-14, 2.13630975838e-14, 8.59029508768e-14, 1.04293277912e-14, 8.67965079557e-15, 4.29209382066e-15, 3.00496711796e-15, 2.48975996307e-15, 1.50353123286e-15, 2.28750967109e-15, 2.80078029691e-15, 1.02161014345e-15, 5.73038594064e-16, 2.19952751183e-16],
        "dvar2": [2.29015584274e-09, 2.38793838037e-08, 8.98856967524e-07, 2.9032241855e-06, 4.41406228902e-07, 3.4909955815e-08, 5.68732261286e-08, 6.41863451278e-08, 3.67969300896e-06, 1.48685458612e-07, 4.95980714277e-07, 1.7651846651e-09, 5.52230705608e-09, 1.5472684467e-08, 1.68706719705e-07, 1.11788189816e-10, 4.44007677847e-11, 1.01709959899e-12, 2.19644372135e-11, 2.62689175967e-12, 9.84877056211e-14, 2.3465548081e-12, 6.80136963459e-14, 2.12328035877e-14, 2.52867849273e-13, 1.51226877158e-13, 1.09826644307e-13, 5.75589719659e-14, 1.98791111068e-13, 2.96149552364e-14, 2.52355695883e-14, 1.20627495148e-14, 8.09969750098e-15, 6.22226040833e-15, 3.74377720665e-15, 4.88267695522e-15, 7.38445186889e-15, 2.74046943348e-15, 1.61504333212e-15, 5.47553649082e-16],
        "max": [0.000233605751419, 0.00091929914197, 0.00445389281958, 0.00920442584902, 0.00427852291614, 0.00139335833956, 0.00287547288463, 0.00682463031262, 0.0307866055518, 0.00631712144241, 0.00580357713625, 0.000495008891448, 0.00145040964708, 0.00180032895878, 0.00575350318104, 0.000123550038552, 0.000101520636235, 1.56427831826e-05, 3.22732630593e-05, 1.82970470632e-05, 1.91522622117e-06, 1.86481011042e-05, 1.59451951731e-06, 1.16315368359e-06, 3.91581670556e-06, 2.03196964321e-06, 1.80765948699e-06, 1.36915616622e-06, 3.01240379486e-06, 9.38370021686e-07, 8.52003722684e-07, 6.19036541138e-07, 4.83934684326e-07, 3.54784930323e-07, 3.65150754078e-07, 4.67937496751e-07, 4.06158875421e-07, 2.73684293006e-07, 2.00988893084e-07, 1.13492724552e-07],
        "mean": [1.91889794223e-05, 4.07748120779e-05, 0.000110098575533, 0.00024554200354, 6.98495059623e-05, 2.8410620871e-05, 0.000538745138329, 0.00137350102887, 0.00132723711431, 0.000325362838339, 8.44207897899e-05, 3.85062267014e-05, 0.00010305509204, 7.52484993427e-05, 0.000231008452829, 7.7553331721e-06, 5.82461325394e-06, 3.11395353947e-07, 2.3092632091e-06, 8.91905301614e-07, 1.60349884482e-07, 1.32209027015e-06, 7.99524002559e-08, 4.65875338307e-08, 2.05716261803e-07, 1.7149388043e-07, 6.23056735094e-08, 5.23690317777e-08, 8.71242278322e-08, 2.86022316942e-08, 2.12301571878e-08, 1.82099277879e-08, 1.77830461467e-08, 1.89669506767e-08, 1.44605127872e-08, 1.58186068688e-08, 1.38579343556e-08, 9.75540270787e-09, 7.49418660462e-09, 6.34966834667e-09],
        "median": [1.23428289953e-05, 1.03072889033e-05, 2.15250438487e-05, 0.000121834535094, 8.21267531137e-06, 1.38778841574e-06, 0.00024876819225, 0.000568806834053, 4.17879455199e-05, 1.15951215776e-05, 4.79991513203e-07, 4.93481456942e-06, 8.98498910828e-06, 4.79874017856e-07, 5.68420830405e-07, 7.62154002132e-07, 3.47608562379e-07, 3.83120166703e-08, 1.24376398958e-07, 4.30156212872e-08, 2.87107990715e-08, 5.60010313677e-08, 1.99161682701e-08, 1.80308141751e-08, 1.43132288244e-08, 1.68840728065e-08, 1.4358377598e-08, 1.52965178302e-08, 1.42124223501e-08, 1.07177164921e-08, 8.05788324953e-09, 6.64482868729e-09, 6.1509699556e-09, 5.56124613027e-09, 4.69556216132e-09, 4.27285362647e-09, 4.15864054304e-09, 4.24822221845e-09, 3.56336671281e-09, 2.94464808093e-09],
        "min": [8.45083114598e-09, 5.85964201605e-08, 3.67249469946e-07, 6.67664494358e-07, 3.8287987536e-07, 1.58019091145e-07, 2.14813752564e-07, 1.14951198782e-07, 3.07821977685e-07, 2.99300815243e-08, 2.28057448481e-08, 1.62497588718e-08, 1.53458561414e-08, 9.05061270373e-09, 1.84209607568e-08, 9.7114991604e-09, 6.35991348474e-09, 6.01852168103e-09, 4.5322234854e-09, 3.46083495195e-09, 2.75074607536e-09, 3.65883834341e-09, 2.97657276604e-09, 2.03073624583e-09, 2.81349188391e-09, 3.61449181696e-09, 1.26014243484e-09, 8.83762951709e-10, 2.2189787785e-09, 1.27973198705e-09, 3.7355959992e-10, 4.11525646893e-10, 1.76281642061e-10, 1.70723601922e-10, 2.2333580818e-10, 3.00906161099e-10, 1.90946841672e-10, 1.44808248725e-10, 1.94498708805e-10, 1.51384529912e-10],
        "var": [7.15582482158e-10, 1.79277943602e-08, 2.47063724146e-07, 6.60229147798e-07, 1.33325286811e-07, 1.62497091338e-08, 4.65730778387e-07, 3.14738940688e-06, 2.33768005273e-05, 1.11807082703e-06, 2.69872572289e-07, 5.85078607784e-09, 5.57530448475e-08, 8.23894055202e-08, 8.01826615771e-07, 4.39958097731e-10, 3.13470527313e-10, 1.78619868462e-12, 2.99188070152e-11, 8.15618232675e-12, 9.11598135303e-14, 1.09002711371e-11, 3.23218285903e-14, 1.26233870701e-14, 4.3040001901e-13, 1.59180001537e-13, 3.08205507827e-14, 1.74565375853e-14, 1.00676079615e-13, 7.17506786543e-15, 5.29162657973e-15, 2.96948173143e-15, 2.30283906161e-15, 2.56935988429e-15, 1.57525650052e-15, 2.72953381462e-15, 2.20052129323e-15, 7.17840094007e-16, 3.65180017531e-16, 1.91228990439e-16]
    },
    "mfcc": {
        "mean": [-844.38494873, 173.450668335, 28.7559623718, -1.53016066551, -18.5805568695, -11.0464754105, -5.27371311188, -4.27011442184, -1.81297254562, 3.18836140633, 2.57367396355, 7.83654069901, 3.42383146286],
        "cov": [[3940.03125, 642.011901855, -1115.70361328, -491.604522705, -184.622741699, -20.4765453339, -159.615066528, -172.473495483, -211.411422729, -136.291137695, -197.187438965, 84.4089355469, 461.483123779], [642.011901855, 655.239624023, -243.825546265, -368.810089111, -190.488372803, 3.66891551018, 80.4606170654, 69.7893981934, -8.74605846405, -54.7931365967, -16.968914032, -16.8937606812, 13.382399559], [-1115.70361328, -243.825546265, 716.250183105, 266.979980469, 87.7976150513, 41.8867301941, 67.670791626, 27.2975883484, 10.355799675, 49.7515411377, 51.9160957336, -50.164981842, -174.963638306], [-491.604522705, -368.810089111, 266.979980469, 404.537506104, 228.303619385, -29.251127243, -83.8260726929, -79.2494277954, -31.4112014771, 49.6126060486, -27.1989459991, -20.357673645, 14.5651855469], [-184.622741699, -190.488372803, 87.7976150513, 228.303619385, 192.25328064, -17.0900669098, -90.1674041748, -72.2082595825, -24.4932765961, 19.2279033661, -20.8429012299, 17.1739044189, 63.2952270508], [-20.4765453339, 3.66891551018, 41.8867301941, -29.251127243, -17.0900669098, 57.4891204834, 33.0312728882, 15.9576921463, 27.076379776, 3.68099451065, 31.9680671692, 15.6034078598, -12.50522995], [-159.615066528, 80.4606170654, 67.670791626, -83.8260726929, -90.1674041748, 33.0312728882, 150.198638916, 115.643333435, 52.0940933228, 38.7094612122, 29.7233886719, -61.8707695007, -132.324401855], [-172.473495483, 69.7893981934, 27.2975883484, -79.2494277954, -72.2082595825, 15.9576921463, 115.643333435, 128.463745117, 73.2816238403, 38.8123130798, 27.3676700592, -46.22864151, -122.384284973], [-211.411422729, -8.74605846405, 10.355799675, -31.4112014771, -24.4932765961, 27.076379776, 52.0940933228, 73.2816238403, 103.206512451, 35.1797599792, 41.0314826965, 11.1719303131, -57.594127655], [-136.291137695, -54.7931365967, 49.7515411377, 49.6126060486, 19.2279033661, 3.68099451065, 38.7094612122, 38.8123130798, 35.1797599792, 86.2233200073, 20.111328125, -58.2557754517, -80.258392334], [-197.187438965, -16.968914032, 51.9160957336, -27.1989459991, -20.8429012299, 31.9680671692, 29.7233886719, 27.3676700592, 41.0314826965, 20.111328125, 87.8795852661, 39.5699234009, -46.214931488], [84.4089355469, -16.8937606812, -50.164981842, -20.357673645, 17.1739044189, 15.6034078598, -61.8707695007, -46.22864151, 11.1719303131, -58.2557754517, 39.5699234009, 144.166687012, 116.73400116], [461.483123779, 13.382399559, -174.963638306, 14.5651855469, 63.2952270508, -12.50522995, -132.324401855, -122.384284973, -57.594127655, -80.258392334, -46.214931488, 116.73400116, 250.897476196]],
