{
"lowlevel": {
    "average_loudness": 0.97971779108,
    "barkbands_crest": {
        "dmean": 4.91139936447,
        "dmean2": 8.39959812164,
        "dvar": 13.1718997955,
        "dvar2": 41.5626983643,
        "max": 25.1854019165,
        "mean": 15.001581192,
        "median": 14.4032087326,
        "min": 5.38753843307,
        "var": 23.5895881653
    },
    "barkbands_flatness_db": {
        "dmean": 0.0434653460979,
        "dmean2": 0.0714844316244,
        "dvar": 0.0012575481087,
        "dvar2": 0.00260033085942,
        "max": 0.451859533787,
        "mean": 0.193500772119,
        "median": 0.182215437293,
        "min": 0.0617250688374,
        "var": 0.0058178063482
    },
    "barkbands_kurtosis": {
        "dmean": 21.1209182739,
        "dmean2": 37.6083869934,
        "dvar": 405.655090332,
        "dvar2": 1239.69470215,
        "max": 137.834014893,
        "mean": 36.0122756958,
        "median": 33.8226089478,
        "min": -0.127304792404,
        "var": 624.322265625
    },
    "barkbands_skewness": {
        "dmean": 1.41614079475,
        "dmean2": 2.51869821548,
        "dvar": 1.34456348419,
        "dvar2": 3.67711949348,
        "max": 9.53000926971,
        "mean": 4.86575603485,
        "median": 4.94345426559,
        "min": 0.929499447346,
        "var": 3.35644865036
    },
    "barkbands_spread": {
        "dmean": 4.54567098618,
        "dmean2": 8.07225990295,
        "dvar": 33.1428031921,
        "dvar2": 93.4281768799,
        "max": 43.1147613525,
        "mean": 8.60342502594,
        "median": 7.5343375206,
        "min": 1.13077449799,
        "var": 33.1193733215
    },
    "dissonance": {
        "dmean": 0.0228359568864,
        "dmean2": 0.0369111374021,
        "dvar": 0.000781384878792,
        "dvar2": 0.00230881664902,
        "max": 0.499468684196,
        "mean": 0.440707981586,
        "median": 0.45494094491,
        "min": 0.164535373449,
        "var": 0.00324598373845
    },
    "dynamic_complexity": 22.4789562225,
    "erbbands_crest": {
        "dmean": 1.71008098125,
        "dmean2": 2.69086456299,
        "dvar": 3.03063106537,
        "dvar2": 4.75552415848,
        "max": 27.5779209137,
        "mean": 8.30435180664,
        "median": 6.64948654175,
        "min": 3.62852358818,
        "var": 26.4498138428
    },
    "erbbands_flatness_db": {
        "dmean": 0.0148212965578,
        "dmean2": 0.0194908306003,
        "dvar": 0.000539114058483,
        "dvar2": 0.000437164504547,
        "max": 0.427418977022,
        "mean": 0.110612899065,
        "median": 0.0812345817685,
        "min": 0.0565454401076,
        "var": 0.00816428102553
    },
    "erbbands_kurtosis": {
        "dmean": 1.05972981453,
        "dmean2": 1.67230069637,
        "dvar": 3.02551984787,
        "dvar2": 5.29905366898,
        "max": 15.1969852448,
        "mean": 1.78273952007,
        "median": 1.18779468536,
        "min": -0.876054286957,
        "var": 8.49104118347
    },
    "erbbands_skewness": {
        "dmean": 0.276130139828,
        "dmean2": 0.445587038994,
        "dvar": 0.076875641942,
        "dvar2": 0.166376024485,
        "max": 2.89423942566,
        "mean": 1.24205362797,
        "median": 1.26098692417,
        "min": 0.199333891273,
        "var": 0.275477349758
    },
    "erbbands_spread": {
        "dmean": 6.14357709885,
        "dmean2": 9.94046974182,
        "dvar": 26.5917072296,
        "dvar2": 51.0697593689,
        "max": 65.5148620605,
        "mean": 42.9356765747,
        "median": 46.6479606628,
        "min": 2.91886520386,
        "var": 197.166030884
    },
    "hfc": {
        "dmean": 1.41417622566,
        "dmean2": 2.0529127121,
        "dvar": 32.8754730225,
        "dvar2": 50.3296661377,
        "max": 52.1298446655,
        "mean": 4.12330389023,
        "median": 0.0455587990582,
        "min": 0.0335566587746,
        "var": 162.579559326
    },
    "melbands_crest": {
        "dmean": 5.14105081558,
        "dmean2": 8.97863388062,
        "dvar": 16.3430805206,
        "dvar2": 45.3355293274,
        "max": 30.2417736053,
        "mean": 19.4328613281,
        "median": 19.1700820923,
        "min": 5.52323102951,
        "var": 22.3926753998
    },
    "melbands_flatness_db": {
        "dmean": 0.0493892990053,
        "dmean2": 0.0814954638481,
        "dvar": 0.00165188591927,
        "dvar2": 0.00390589772724,
        "max": 0.503117918968,
        "mean": 0.31642884016,
        "median": 0.316419929266,
        "min": 0.123689383268,
        "var": 0.00461877975613
    },
    "melbands_kurtosis": {
        "dmean": 24.5344963074,
        "dmean2": 43.6101760864,
        "dvar": 505.913848877,
        "dvar2": 1384.77478027,
        "max": 154.05657959,
        "mean": 49.2623939514,
        "median": 42.8340454102,
        "min": 0.573449850082,
        "var": 1116.48022461
    },
    "melbands_skewness": {
        "dmean": 1.22641932964,
        "dmean2": 2.1177854538,
        "dvar": 1.07533562183,
        "dvar2": 2.7313773632,
        "max": 9.28033733368,
        "mean": 4.74443054199,
        "median": 4.86381435394,
        "min": 1.03429949284,
        "var": 2.83841919899
    },
    "melbands_spread": {
        "dmean": 2.63964986801,
        "dmean2": 4.58150243759,
        "dvar": 17.4339809418,
        "dvar2": 47.6805381775,
        "max": 31.0138206482,
        "mean": 4.95682811737,
        "median": 3.64966201782,
        "min": 1.04612720013,
        "var": 18.1348285675
    },
    "pitch_salience": {
        "dmean": 0.136470347643,
        "dmean2": 0.234455749393,
        "dvar": 0.013169019483,
        "dvar2": 0.0335007533431,
        "max": 0.832733035088,
        "mean": 0.47701561451,
        "median": 0.476775705814,
        "min": 0.155812308192,
        "var": 0.0199786629528
    },
    "silence_rate_20dB": {
        "dmean": 0,
        "dmean2": 0,
        "dvar": 0,
        "dvar2": 0,
        "max": 1,
        "mean": 1,
        "median": 1,
        "min": 1,
        "var": 0
    },
    "silence_rate_30dB": {
        "dmean": 0,
        "dmean2": 0,
        "dvar": 0,
        "dvar2": 0,
        "max": 1,
        "mean": 1,
        "median": 1,
        "min": 1,
        "var": 0
    },
    "silence_rate_60dB": {
        "dmean": 0.0111111113802,
        "dmean2": 0.0224719103426,
        "dvar": 0.0109876524657,
        "dvar2": 0.0219669211656,
        "max": 1,
        "mean": 0.89010989666,
        "median": 1,
        "min": 0,
        "var": 0.0978142693639
    },
    "spectral_centroid": {
        "dmean": 118.553146362,
        "dmean2": 190.026428223,
        "dvar": 18616.6992188,
        "dvar2": 51820.2578125,
        "max": 1457.95581055,
        "mean": 563.408752441,
        "median": 514.609863281,
        "min": 241.531082153,
        "var": 38760.1445312
    },
    "spectral_complexity": {
        "dmean": 0.644444465637,
        "dmean2": 1.22471904755,
        "dvar": 2.3624689579,
        "dvar2": 4.55624246597,
        "max": 13,
        "mean": 0.791208803654,
        "median": 0,
        "min": 0,
        "var": 3.65970277786
    },
    "spectral_decrease": {
        "dmean": 4.87021201145e-10,
        "dmean2": 7.30403293403e-10,
        "dvar": 3.49046478414e-18,
        "dvar2": 5.5879334285e-18,
        "max": -1.1629780472e-11,
        "mean": -1.33528943458e-09,
        "median": -4.31521450517e-11,
        "min": -1.85231581185e-08,
        "var": 1.73671665038e-17
    },
    "spectral_energy": {
        "dmean": 0.0019626300782,
        "dmean2": 0.00293325004168,
        "dvar": 5.70675474592e-05,
        "dvar2": 9.10323215066e-05,
        "max": 0.0746388360858,
        "mean": 0.00541367288679,
        "median": 0.000167095044162,
        "min": 4.70180712e-05,
        "var": 0.00028487140662
    },
    "spectral_energyband_high": {
        "dmean": 1.80020433618e-05,
        "dmean2": 2.92531458399e-05,
        "dvar": 9.96031612743e-09,
        "dvar2": 2.09228847581e-08,
        "max": 0.000808112556115,
        "mean": 2.08049241337e-05,
        "median": 1.24432949633e-06,
        "min": 9.51641482061e-07,
        "var": 1.10448947765e-08
    },
    "spectral_energyband_low": {
        "dmean": 0.000102890728158,
        "dmean2": 0.000185543249245,
        "dvar": 9.7885903827e-09,
        "dvar2": 2.85603363182e-08,
        "max": 0.000584545719903,
        "mean": 0.000142429664265,
        "median": 0.000125231134007,
        "min": 1.88455646821e-06,
        "var": 1.03991375511e-08
    },
    "spectral_energyband_middle_high": {
        "dmean": 0.000342636165442,
        "dmean2": 0.000363626168109,
        "dvar": 2.43977797254e-06,
        "dvar2": 3.51735820914e-06,
        "max": 0.0138973528519,
        "mean": 0.000695152091794,
        "median": 1.99070382223e-06,
        "min": 1.08672702481e-06,
        "var": 5.49148580831e-06
    },
    "spectral_energyband_middle_low": {
        "dmean": 0.00165408023167,
        "dmean2": 0.00248468574136,
        "dvar": 4.3138214096e-05,
        "dvar2": 6.95373964845e-05,
        "max": 0.0699930787086,
        "mean": 0.00456414325163,
        "median": 3.33583375323e-05,
        "min": 7.11020447852e-06,
        "var": 0.000223009003093
    },
    "spectral_entropy": {
        "dmean": 0.231753006577,
        "dmean2": 0.304070264101,
        "dvar": 0.126157775521,
        "dvar2": 0.133843272924,
        "max": 8.14904499054,
        "mean": 7.29292535782,
        "median": 7.56042814255,
        "min": 4.07242155075,
        "var": 0.729325950146
    },
    "spectral_flux": {
        "dmean": 0.00929046142846,
        "dmean2": 0.0136350849643,
        "dvar": 0.000664560648147,
        "dvar2": 0.00128999736626,
        "max": 0.202289775014,
        "mean": 0.016049509868,
        "median": 0.00783699844033,
        "min": 0.00374063360505,
        "var": 0.000936037045904
    },
    "spectral_kurtosis": {
        "dmean": 1.82917129993,
        "dmean2": 2.30116510391,
        "dvar": 17.0467338562,
        "dvar2": 21.7305297852,
        "max": 47.5540847778,
        "mean": 8.71441555023,
        "median": 6.26448631287,
        "min": 2.86180210114,
        "var": 78.7558288574
    },
    "spectral_rms": {
        "dmean": 0.000299834908219,
        "dmean2": 0.000449291866971,
        "dvar": 6.62430920784e-07,
        "dvar2": 8.07558194538e-07,
        "max": 0.00853336788714,
        "mean": 0.00106594059616,
        "median": 0.000403756799642,
        "min": 0.000214175830479,
        "var": 4.14540363636e-06
    },
    "spectral_rolloff": {
        "dmean": 167.48046875,
        "dmean2": 311.142700195,
        "dvar": 189405.375,
        "dvar2": 541045.5625,
        "max": 3337.64648438,
        "mean": 337.905639648,
        "median": 193.798828125,
        "min": 86.1328125,
        "var": 167247.34375
    },
    "spectral_skewness": {
        "dmean": 0.210811853409,
        "dmean2": 0.275169491768,
        "dvar": 0.115814402699,
        "dvar2": 0.112350396812,
        "max": 5.94597768784,
        "mean": 2.37360334396,
        "median": 2.14260363579,
        "min": 1.68855655193,
        "var": 0.779763102531
    },
    "spectral_spread": {
        "dmean": 613861.75,
        "dmean2": 755846.125,
        "dvar": 2.19099968307e+12,
        "dvar2": 1.16810514432e+12,
        "max": 21016626,
        "mean": 6497233.5,
        "median": 6819209,
        "min": 1776475.5,
        "var": 4.23395432858e+12
    },
    "spectral_strongpeak": {
        "dmean": 0.170727193356,
        "dmean2": 0.210732921958,
        "dvar": 0.445780307055,
        "dvar2": 0.454462975264,
        "max": 7.13476848602,
        "mean": 0.523163318634,
        "median": 0.021412955597,
        "min": 0.00312216067687,
        "var": 2.67342281342
    },
    "zerocrossingrate": {
        "dmean": 0.0133192278445,
        "dmean2": 0.0171282477677,
        "dvar": 0.000120216100186,
        "dvar2": 0.000243477436015,
        "max": 0.107421875,
        "mean": 0.0485437400639,
        "median": 0.04736328125,
        "min": 0.00732421875,
        "var": 0.000346079381416
    },
    "barkbands": {
        "dmean": [6.74065586281e-06, 8.75644691405e-05, 2.61884251813e-05, 1.34667743623e-05, 2.13216189877e-05, 1.54796816787e-05, 1.01147134046e-05, 3.72829053958e-05, 0.00163265643641, 4.17699448008e-06, 1.32121556362e-06, 6.81455367157e-06, 0.000330220442265, 1.71852730091e-06, 2.47827529165e-06, 1.47650598592e-06, 2.97983069686e-06, 5.2769865988e-07, 3.03758133668e-06, 2.9368976584e-07, 9.56805479291e-07, 1.43369686612e-06, 8.23014261186e-07, 1.96423957277e-06, 7.05393222233e-06, 4.18600802732e-06, 1.88006561075e-06],
        "dmean2": [1.13786099973e-05, 0.000157860325999, 4.53508691862e-05, 2.11862497963e-05, 3.93898262701e-05, 2.69206921075e-05, 1.56461555889e-05, 5.93443837715e-05, 0.00242137070745, 5.1017327678e-06, 2.54783435594e-06, 1.30346270453e-05, 0.00035802781349, 3.10646100843e-06, 3.58635656994e-06, 2.87333455162e-06, 4.08050527767e-06, 1.03887975911e-06, 5.20180537933e-06, 4.54525320492e-07, 1.68835538261e-06, 2.41835459747e-06, 1.47784135152e-06, 3.38136578648e-06, 1.26970362544e-05, 6.4509299591e-06, 3.51739959115e-06],
        "dvar": [4.91994292529e-11, 7.10723924158e-09, 7.51354645168e-10, 1.2274286032e-09, 1.00235091338e-08, 5.10150721666e-09, 1.92713422997e-09, 2.08058228424e-08, 4.26810074714e-05, 2.13759010492e-10, 2.40845694083e-11, 1.25336019341e-09, 2.40661051976e-06, 6.69872421422e-11, 1.11849945972e-10, 7.78086067799e-11, 1.68155364633e-10, 9.79280545543e-12, 2.68877864418e-10, 1.76963901432e-12, 2.24762031903e-11, 6.1052676803e-11, 2.23216826967e-11, 1.2676251715e-10, 1.73612524357e-09, 5.30841870461e-10, 1.21424773014e-10],
        "dvar2": [1.37524255872e-10, 2.14176498758e-08, 2.15334039488e-09, 2.62417843011e-09, 1.95567952943e-08, 1.01486410387e-08, 4.52856019351e-09, 4.93946252789e-08, 6.77678108332e-05, 3.35760141912e-10, 6.33047503307e-11, 3.59054808108e-09, 3.44396221408e-06, 1.92741766991e-10, 2.04581462881e-10, 2.30140156932e-10, 3.35570266019e-10, 2.90933197672e-11, 5.56933998919e-10, 4.1707115192e-12, 6.42380315607e-11, 1.62657609604e-10, 4.48473307102e-11, 3.41924738523e-10, 3.31655036767e-09, 1.1723586546e-09, 2.35043401409e-10],
        "max": [4.03979865951e-05, 0.000405542261433, 0.00014625818585, 0.000310850009555, 0.000750500534195, 0.000551327888388, 0.00035890651634, 0.00124305882491, 0.0696227997541, 0.000137629467645, 3.40680053341e-05, 0.000243428337853, 0.0136539638042, 6.10061906627e-05, 0.000106613260868, 6.18999038124e-05, 0.000114512367873, 2.17441829591e-05, 0.00012510738452, 1.06183633761e-05, 3.64508741768e-05, 6.14745658822e-05, 3.62086975656e-05, 8.71586089488e-05, 0.000317064812407, 0.00018764390552, 8.17815889604e-05],
        "mean": [9.35960542847e-06, 9.4631453976e-05, 3.10217183142e-05, 1.53207565745e-05, 2.43190643232e-05, 2.02328301384e-05, 1.06414063339e-05, 3.1897732697e-05, 0.00445780856535, 5.64838001083e-06, 1.69829354491e-06, 5.29521275894e-06, 0.000670569133945, 1.57618296726e-06, 4.70918303108e-06, 9.95987534225e-07, 3.10386508318e-06, 3.5080284988e-07, 3.20635490425e-06, 3.46148084418e-07, 1.3415177591e-06, 1.12835948585e-06, 9.08615731987e-07, 1.51635322254e-06, 9.26438497117e-06, 4.07143170378e-06, 2.51361552728e-06],
        "median": [7.30800275051e-06, 7.33482447686e-05, 1.89223737834e-05, 8.36011713545e-06, 6.88234831614e-06, 8.47965748108e-06, 2.8423025924e-06, 1.47589503285e-06, 4.1947927798e-07, 3.69732049421e-07, 4.15212923599e-07, 2.39821787318e-07, 2.56281509792e-07, 2.37657786784e-07, 2.17166189032e-07, 1.25487119362e-07, 8.56420498963e-08, 6.21430729097e-08, 1.27262055116e-07, 1.14492564762e-07, 1.04238296217e-07, 8.33205575645e-08, 8.20814491931e-08, 1.01170329003e-07, 1.11176532869e-07, 1.75789338641e-07, 5.5623274875e-07],
        "min": [8.17808611941e-08, 4.83267513118e-07, 5.60676426176e-07, 2.15444714513e-07, 1.40809447657e-06, 1.77574327154e-06, 2.92131005608e-07, 3.09877975724e-07, 1.11886933496e-07, 8.99672230048e-08, 9.7138517674e-08, 6.38797033048e-08, 4.13039487057e-08, 2.41374848997e-08, 4.17396677221e-08, 2.44238318459e-08, 2.620251216e-08, 2.31970673781e-08, 3.70778785452e-08, 4.68556926592e-08, 4.84630007236e-08, 4.37790887986e-08, 5.18348635126e-08, 5.04600770057e-08, 6.59977317241e-08, 7.92931373894e-08, 2.35627524603e-07],
        "var": [7.6850914521e-11, 6.99716107277e-09, 8.9396662295e-10, 1.35779265609e-09, 1.06979936021e-08, 5.3632267516e-09, 1.74990355539e-09, 2.07335091318e-08, 0.000219032430323, 4.30685209718e-10, 2.91956493703e-11, 8.03168531682e-10, 5.30832039658e-06, 4.27321997232e-11, 2.53622844948e-10, 4.1452657279e-11, 1.98886226932e-10, 5.10223157127e-12, 2.65679617195e-10, 1.51159987305e-12, 2.10500367137e-11, 4.55175723502e-11, 2.34898836493e-11, 8.92240933914e-11, 2.1925623539e-09, 5.3659771071e-10, 1.35866318196e-10]
    },
    "erbbands": {
        "dmean": [0.00331937242299, 0.0174124296755, 0.026566606015, 0.0377202257514, 0.0775680243969, 0.0647415667772, 0.109393425286, 0.131468430161, 0.13470377028, 0.312556236982, 12.1009750366, 38.1855430603, 1.6373090744, 0.0958599299192, 0.0881749764085, 2.76918292046, 15.2366142273, 0.664263665676, 0.0679038614035, 0.152638599277, 0.0480856858194, 0.142563253641, 0.0572214983404, 0.197029858828, 0.03862760216, 0.0143616860732, 0.0265718884766, 0.0419005155563, 0.0676300823689, 0.0393368601799, 0.0193849243224, 0.0249151792377, 0.0386066399515, 0.016727110371, 0.0796998888254, 0.0210213270038, 0.0102240499109, 0.00304233073257, 0.000453178741736, 1.21101675177e-05],
        "dmean2": [0.0061042830348, 0.0312902033329, 0.0438777655363, 0.0653688386083, 0.118192918599, 0.114439040422, 0.188545405865, 0.211018294096, 0.217515841126, 0.52416986227, 21.5313358307, 51.510181427, 2.68326163292, 0.143049567938, 0.13829985261, 2.64983248711, 16.9811592102, 0.739169180393, 0.0998381823301, 0.240147843957, 0.0813263952732, 0.205102935433, 0.0991495996714, 0.331120878458, 0.0646617636085, 0.0234864428639, 0.0485375933349, 0.0711403265595, 0.113650619984, 0.0623800978065, 0.0366667248309, 0.0386781543493, 0.0730777382851, 0.0253465287387, 0.140310049057, 0.0320710241795, 0.0156866870821, 0.00534519460052, 0.000716037815437, 2.0246126951e-05],
        "dvar": [1.24785947264e-05, 0.000267552299192, 0.000642199825961, 0.00336274085566, 0.119247995317, 0.0849953219295, 0.201781466603, 0.34336745739, 0.271736770868, 1.06328737736, 2347.97705078, 23342.6113281, 51.4697608948, 0.123964555562, 0.122323743999, 170.934158325, 5042.36279297, 8.13894367218, 0.076921865344, 0.515850424767, 0.0605638921261, 0.402182161808, 0.0839681103826, 1.13287043571, 0.0386455021799, 0.00428706826642, 0.0164671763778, 0.0417905971408, 0.137016132474, 0.0456489138305, 0.0126973958686, 0.0176016315818, 0.0563164539635, 0.00824789330363, 0.209892466664, 0.0130926277488, 0.00310592772439, 0.000312524673063, 5.65106893191e-06, 2.92587376549e-09],
        "dvar2": [3.60249978257e-05, 0.000797109678388, 0.00182289083023, 0.00745089398697, 0.271552115679, 0.172581732273, 0.410181999207, 0.752829372883, 0.606754541397, 2.15177226067, 4840.54345703, 33430.1054688, 93.3921279907, 0.292640656233, 0.287598252296, 241.939239502, 7356.83789062, 12.3480319977, 0.171412140131, 0.948125004768, 0.163075909019, 0.770325481892, 0.156831547618, 2.3757853508, 0.0819190740585, 0.00933469831944, 0.0486538261175, 0.117507174611, 0.364101201296, 0.101848423481, 0.0239713266492, 0.0385585352778, 0.162977576256, 0.019113086164, 0.396777242422, 0.0291758328676, 0.00674862088636, 0.000623181986157, 1.15502198241e-05, 5.69592151223e-09],
        "max": [0.0173002108932, 0.0824790820479, 0.129533395171, 0.486614197493, 2.83746552467, 2.26513695717, 3.52321314812, 4.75606203079, 4.34389162064, 9.26962375641, 463.667236328, 1653.56213379, 67.0356369019, 3.20602345467, 3.6573574543, 119.783180237, 620.97467041, 25.3050861359, 2.18624353409, 6.64133405685, 1.96093928814, 5.51955795288, 2.16321539879, 8.19239425659, 1.52706241608, 0.517017602921, 0.925815820694, 1.58596599102, 2.93389439583, 1.71506607533, 0.824496984482, 1.08024346828, 1.71963512897, 0.74400639534, 3.58336019516, 0.942547142506, 0.458661615849, 0.135801523924, 0.019951434806, 0.000483979558339],
        "mean": [0.00343472091481, 0.018378553912, 0.0360837429762, 0.0465882122517, 0.073535874486, 0.0714145153761, 0.118542894721, 0.154536232352, 0.180821359158, 0.656704485416, 28.7581939697, 108.171127319, 4.83091974258, 0.271990418434, 0.185708492994, 5.94201850891, 30.3239307404, 1.29967904091, 0.114094033837, 0.313774734735, 0.0540607310832, 0.153939440846, 0.0706439092755, 0.201627060771, 0.0438407026231, 0.0186657235026, 0.0349561236799, 0.051456592977, 0.0580804124475, 0.0371946357191, 0.0235688295215, 0.0256377756596, 0.0249155480415, 0.0170699767768, 0.102343127131, 0.0222090370953, 0.0106641110033, 0.00316584692337, 0.000500254740473, 2.52968438872e-05],
        "median": [0.00228568632156, 0.0121251847595, 0.02419776842, 0.0308003239334, 0.0217155050486, 0.0158831961453, 0.0319208987057, 0.0662265941501, 0.0819743797183, 0.0171099621803, 0.0369944572449, 0.0106190508232, 0.0135243469849, 0.0140025122091, 0.0140032833442, 0.00992200896144, 0.0127694858238, 0.0131045300514, 0.00891411770135, 0.011141971685, 0.00632297433913, 0.00478314515203, 0.00368907675147, 0.00544785801321, 0.0061710420996, 0.00553320813924, 0.0050402241759, 0.00373219000176, 0.00320539833046, 0.00268812989816, 0.00229587755166, 0.00194385135546, 0.00175005476922, 0.00122206611559, 0.000848335679621, 0.000551446457393, 0.000345020001987, 0.000171715088072, 6.62566380925e-05, 1.00671586551e-05],
        "min": [1.94647000171e-05, 9.76002702373e-05, 0.000517502136063, 0.00272548827343, 0.00249511678703, 0.0037883783225, 0.002702210797, 0.0201259218156, 0.0153297614306, 0.00268087838776, 0.0108864260837, 0.00389023753814, 0.00314628798515, 0.00328456517309, 0.0048023480922, 0.0030369348824, 0.00217675813474, 0.00250136316754, 0.0031699531246, 0.00277956249192, 0.00144525396172, 0.00178139144555, 0.00162364344578, 0.00176520878449, 0.00230928510427, 0.00273027899675, 0.002054693643, 0.00176601414569, 0.00136021547951, 0.00177149823867, 0.00141165021341, 0.00108896440361, 0.00091361644445, 0.00075180985732, 0.000410549226217, 0.000245533708949, 0.000162008218467, 8.91371018952e-05, 3.41463528457e-05, 3.84304667023e-06],
        "var": [1.13107707875e-05, 0.000278918654658, 0.000991887878627, 0.00394881889224, 0.108552232385, 0.0898912847042, 0.216600731015, 0.330060780048, 0.274661004543, 3.74794626236, 9005.09863281, 129544.539062, 244.999252319, 0.590995550156, 0.290738582611, 400.790527344, 10887.6074219, 17.6092281342, 0.109667569399, 1.1492587328, 0.0471190996468, 0.490435510874, 0.100573793054, 1.10704529285, 0.0373839661479, 0.00411485042423, 0.0126702142879, 0.0370987094939, 0.105363115668, 0.0434237271547, 0.014375153929, 0.0178219415247, 0.0325194075704, 0.00805940106511, 0.268264651299, 0.0138643300161, 0.00335106789134, 0.000333916977979, 6.26053770247e-06, 4.25771418122e-09]
    },
    "gfcc": {
        "mean": [-269.304321289, 77.7003097534, -46.0638771057, 7.74813652039, -31.7345848083, 5.82534837723, -19.5343074799, 2.48635959625, -11.166059494, 10.7456321716, -6.88497066498, -2.70707511902, -11.3673086166],
        "cov": [[4916.34326172, -551.870117188, -1833.15380859, -1783.59423828, -818.575073242, 185.377304077, -13.710234642, 312.112579346, -163.225387573, 145.52923584, -494.765899658, -309.915313721, -639.52722168], [-551.870117188, 150.810470581, 181.498443604, 218.995422363, 124.776344299, -15.790230751, 11.7219877243, -29.5554790497, 35.792640686, -7.06125354767, 65.0895843506, 27.3394794464, 78.9035491943], [-1833.15380859, 181.498443604, 1011.21118164, 827.770324707, 367.243103027, -82.3325500488, -34.2484588623, -144.315338135, 34.3864517212, -97.4138565063, 177.051239014, 158.192367554, 243.13394165], [-1783.59423828, 218.995422363, 827.770324707, 843.92779541, 398.750335693, -101.722373962, -60.0892944336, -148.928237915, 55.4216194153, -72.886932373, 211.546737671, 153.685241699, 259.976287842], [-818.575073242, 124.776344299, 367.243103027, 398.750335693, 226.138626099, -34.1902732849, -30.5391216278, -62.3229179382, 39.2446212769, -21.9939231873, 103.552909851, 70.5903625488, 123.471107483], [185.377304077, -15.790230751, -82.3325500488, -101.722373962, -34.1902732849, 53.2030715942, 48.0297355652, 39.0809898376, 1.26834690571, 13.6630735397, -24.1435279846, -21.3814659119, -33.7082366943], [-13.710234642, 11.7219877243, -34.2484588623, -60.0892944336, -30.5391216278, 48.0297355652, 89.0502471924, 46.3678398132, 7.39107465744, 9.94464683533, -9.59296989441, -21.8381233215, -17.4428501129], [312.112579346, -29.5554790497, -144.315338135, -148.928237915, -62.3229179382, 39.0809898376, 46.3678398132, 58.7004013062, 2.81519579887, 14.7718639374, -36.2219085693, -31.0296363831, -49.6685562134], [-163.225387573, 35.792640686, 34.3864517212, 55.4216194153, 39.2446212769, 1.26834690571, 7.39107465744, 2.81519579887, 31.0252170563, 9.17048549652, 25.0112171173, 11.4715986252, 26.5455970764], [145.52923584, -7.06125354767, -97.4138565063, -72.886932373, -21.9939231873, 13.6630735397, 9.94464683533, 14.7718639374, 9.17048549652, 34.0444068909, -2.2935833931, -12.0863008499, -15.5277357101], [-494.765899658, 65.0895843506, 177.051239014, 211.546737671, 103.552909851, -24.1435279846, -9.59296989441, -36.2219085693, 25.0112171173, -2.2935833931, 85.161605835, 49.9365921021, 77.9828262329], [-309.915313721, 27.3394794464, 158.192367554, 153.685241699, 70.5903625488, -21.3814659119, -21.8381233215, -31.0296363831, 11.4715986252, -12.0863008499, 49.9365921021, 50.6124191284, 59.2014541626], [-639.52722168, 78.9035491943, 243.13394165, 259.976287842, 123.471107483, -33.7082366943, -17.4428501129, -49.6685562134, 26.5455970764, -15.5277357101, 77.9828262329, 59.2014541626, 114.79322052]],
        "icov": [[0.00315607665107, -0.00205033435486, 0.00247764308006, -0.00240064552054, 0.00362875801511, -0.00456444174051, 0.00974728818983, -0.0111505975947, 0.00801258068532, -0.00731323007494, 0.0073400400579, -0.00927786994725, 0.0075507722795], [-0.00205033435486, 0.0217660330236, -0.000623387692031, 0.00662897760049, -0.0174153055996, 0.0116935744882, -0.0203706752509, 0.0203030165285, -0.0175661593676, 0.0129236942157, -0.00909750536084, 0.0169077962637, -0.00895047187805], [0.00247764308006, -0.000623387692031, 0.0109288366511, -0.0131406439468, 0.00510490592569, -0.00620314339176, 0.000981580116786, -0.00231180060655, 0.00558851938695, -0.00414480781183, 0.0172060467303, -0.0194305405021, 0.00916007813066], [-0.00240064552054, 0.00662897760049, -0.0131406439468, 0.0457016639411, -0.0429868847132, 0.0305127110332, -0.0238513518125, 0.0246715825051, -0.00958808884025, 0.0283821225166, -0.0304179955274, 0.0153231443837, -0.0125359771773], [0.00362875801511, -0.0174153055996, 0.00510490592569, -0.0429868847132, 0.0710214599967, -0.0473613031209, 0.0498288422823, -0.0382722467184, 0.00742589775473, -0.0293384511024, 0.0137237207964, -0.00564980460331, 0.00734762102365], [-0.00456444174051, 0.0116935744882, -0.00620314339176, 0.0305127110332, -0.0473613031209, 0.0865697413683, -0.0612926445901, 0.0231942702085, -0.0125590227544, 0.0126007767394, -0.00467578414828, -0.00333551713265, -0.0028417671565], [0.00974728818983, -0.0203706752509, 0.000981580116786, -0.0238513518125, 0.0498288422823, -0.0612926445901, 0.0982375368476, -0.0859686583281, 0.0385464988649, -0.0335896350443, 0.00363606424071, 0.00444868346676, 0.00815805792809], [-0.0111505975947, 0.0203030165285, -0.00231180060655, 0.0246715825051, -0.0382722467184, 0.0231942702085, -0.0859686583281, 0.13986633718, -0.0713430196047, 0.0488771870732, -0.0141645828262, 0.013662529178, -0.00593865150586], [0.00801258068532, -0.0175661593676, 0.00558851938695, -0.00958808884025, 0.00742589775473, -0.0125590227544, 0.0385464988649, -0.0713430196047, 0.103616327047, -0.0469728559256, 0.0130669912323, -0.0234460420907, 0.00280453800224], [-0.00731323007494, 0.0129236942157, -0.00414480781183, 0.0283821225166, -0.0293384511024, 0.0126007767394, -0.0335896350443, 0.0488771870732, -0.0469728559256, 0.0910633951426, -0.046847820282, 0.0351819694042, -0.016963340342], [0.0073400400579, -0.00909750536084, 0.0172060467303, -0.0304179955274, 0.0137237207964, -0.00467578414828, 0.00363606424071, -0.0141645828262, 0.0130669912323, -0.046847820282, 0.0962013676763, -0.0735084488988, 0.0210796315223], [-0.00927786994725, 0.0169077962637, -0.0194305405021, 0.0153231443837, -0.00564980460331, -0.00333551713265, 0.00444868346676, 0.013662529178, -0.0234460420907, 0.0351819694042, -0.0735084488988, 0.13495695591, -0.0546563826501], [0.0075507722795, -0.00895047187805, 0.00916007813066, -0.0125359771773, 0.00734762102365, -0.0028417671565, 0.00815805792809, -0.00593865150586, 0.00280453800224, -0.016963340342, 0.0210796315223, -0.0546563826501, 0.0667760893703]]
    },
    "melbands": {
        "dmean": [2.67909563263e-05, 1.52718675963e-05, 7.82766892371e-06, 5.20182129549e-06, 3.62882883564e-06, 2.94600681627e-06, 2.03250374398e-06, 2.42314877141e-06, 0.000179755646968, 0.000205170013942, 1.88540423096e-06, 1.9922376282e-07, 1.8101151511e-07, 3.82454118153e-07, 3.37785822921e-05, 1.79959333764e-05, 2.4547895805e-07, 6.49778399975e-08, 1.68700594827e-07, 1.70898886154e-07, 3.37762138258e-08, 1.11843164063e-07, 1.71126785631e-07, 2.34005881339e-08, 1.92845050151e-07, 5.24141547942e-08, 1.0473319989e-08, 8.1161175558e-09, 1.02061648022e-08, 3.33081153769e-08, 1.88728535022e-08, 3.91067338512e-08, 2.47733371594e-08, 2.33463683941e-08, 1.0597944744e-08, 1.04114219468e-08, 1.91957685303e-08, 2.91261912366e-08, 2.02487999701e-08, 6.69443167567e-09],
        "dmean2": [4.91231585329e-05, 2.56093153439e-05, 1.28873543872e-05, 8.89103284862e-06, 6.03693479206e-06, 4.89670401294e-06, 3.22051482726e-06, 3.99355440095e-06, 0.000303573411657, 0.000280484324321, 2.83522376776e-06, 3.43900836697e-07, 3.47105185483e-07, 7.26265795947e-07, 3.49444198946e-05, 2.06039167097e-05, 4.50030739785e-07, 1.09353671007e-07, 2.61983046812e-07, 2.52707280879e-07, 6.29121288398e-08, 1.69808430428e-07, 2.30327003692e-07, 4.60946729675e-08, 3.23059623497e-07, 9.28652568177e-08, 1.62726774278e-08, 1.33929596302e-08, 1.75492438359e-08, 6.54482903428e-08, 2.607066385e-08, 6.93347459446e-08, 3.65105634614e-08, 3.98528072765e-08, 1.92366176321e-08, 1.57888067065e-08, 2.99623899025e-08, 5.49477547906e-08, 3.85650302803e-08, 1.09215978483e-08],
        "dvar": [7.28106352987e-10, 1.81256884502e-10, 3.95210197901e-10, 5.52280055022e-10, 2.22246915316e-10, 1.73358466471e-10, 6.87470497196e-11, 1.09672430859e-10, 5.16879822499e-07, 6.81492792864e-07, 6.11046838128e-11, 7.13764008835e-13, 4.58990050828e-13, 3.47078073747e-12, 2.57275214466e-08, 6.74640121545e-09, 1.48004807195e-12, 8.23219395213e-14, 5.7902028441e-13, 7.2726102484e-13, 3.06168732402e-14, 2.57628337066e-13, 5.52467197424e-13, 1.89716677697e-14, 1.08299014288e-12, 7.72966082417e-14, 2.02017379096e-15, 1.31287618665e-15, 1.58287535013e-15, 4.00722681491e-14, 4.97161160303e-15, 4.94241759606e-14, 1.57579942747e-14, 1.70560925951e-14, 3.40969576555e-15, 2.5840565412e-15, 1.08265625265e-14, 3.15037336767e-14, 1.54306922735e-14, 1.29975606981e-15],
        "dvar2": [2.14367235074e-09, 5.22181131668e-10, 9.13460029839e-10, 1.11620979126e-09, 4.76745865008e-10, 3.63138602522e-10, 1.53517892842e-10, 2.84957085706e-10, 9.45456235968e-07, 1.00159365957e-06, 1.3776899066e-10, 1.70925947007e-12, 1.21860204219e-12, 9.83512316727e-12, 3.58570559911e-08, 1.01673736097e-08, 4.27688049906e-12, 2.13866169782e-13, 1.06053696641e-12, 1.6905189271e-12, 8.80197539746e-14, 4.78039916679e-13, 1.1141752668e-12, 5.63782215899e-14, 2.27668773591e-12, 1.56204842355e-13, 4.77999030399e-15, 2.8743779309e-15, 4.47242544106e-15, 1.20273704733e-13, 1.12798886307e-14, 1.37453376047e-13, 3.6641225671e-14, 3.6433163886e-14, 6.57698764225e-15, 4.98837142044e-15, 2.67308114391e-14, 9.09649620711e-14, 4.46137098347e-14, 3.30130117104e-15],
        "max": [0.000121798213513, 8.2713428128e-05, 0.000170828250702, 0.00018646287208, 0.000120423501357, 0.000105336053821, 6.81333258399e-05, 8.47823976073e-05, 0.00738186668605, 0.00885204784572, 7.14586931281e-05, 6.63998298478e-06, 4.89733247377e-06, 1.21933098853e-05, 0.00142960599624, 0.000712697161362, 8.9545346782e-06, 2.25046869673e-06, 7.26023881725e-06, 7.38412973078e-06, 1.26938846279e-06, 4.29815736425e-06, 6.57697864881e-06, 9.56038888944e-07, 8.0176987467e-06, 2.07124071494e-06, 3.59296507213e-07, 2.86176202735e-07, 2.83776671495e-07, 1.39435439905e-06, 5.71566260987e-07, 1.70219027495e-06, 1.0364112768e-06, 1.02277454062e-06, 4.42938670631e-07, 4.42725649918e-07, 8.38818266402e-07, 1.28947317535e-06, 9.00933571302e-07, 2.89530646569e-07],
        "mean": [2.85584665107e-05, 2.10482594412e-05, 9.00353188626e-06, 5.37132245881e-06, 3.7924935441e-06, 3.65384903489e-06, 2.52678978541e-06, 2.35055335907e-06, 0.000458814291051, 0.000580504769459, 2.04391221814e-06, 2.90556585014e-07, 2.31381875437e-07, 3.41265717907e-07, 7.07045401214e-05, 3.46546476067e-05, 2.09569265053e-07, 6.83301379922e-08, 3.34231401666e-07, 2.71065601964e-07, 3.08492396073e-08, 1.25418495145e-07, 1.75533159563e-07, 1.58986708243e-08, 1.95089796762e-07, 6.01711747095e-08, 1.21041763279e-08, 1.02972261828e-08, 1.66598006501e-08, 2.50100455901e-08, 3.4044500552e-08, 3.06949523576e-08, 2.33069261668e-08, 2.27094822947e-08, 1.20874252829e-08, 1.15045706295e-08, 1.714427178e-08, 1.8839360294e-08, 1.31448771867e-08, 6.26497742573e-09],
        "median": [2.12049762922e-05, 1.65631790878e-05, 5.4085926422e-06, 1.27694204366e-06, 1.01175146483e-06, 1.64676703207e-06, 1.11233600819e-06, 1.8247197886e-07, 2.70324903795e-07, 5.83381449815e-08, 6.63660983946e-08, 5.33168034167e-08, 5.45123164386e-08, 2.81566912008e-08, 2.40553870157e-08, 2.86734263e-08, 2.39326158891e-08, 1.38254208082e-08, 1.80871548849e-08, 1.13897078435e-08, 6.51674803009e-09, 5.62315394248e-09, 3.25517968136e-09, 3.0131033224e-09, 4.54357262925e-09, 4.84099027531e-09, 4.14130019166e-09, 3.52007045734e-09, 3.39502981284e-09, 2.41798314704e-09, 1.90054150195e-09, 1.81938020205e-09, 1.54073953595e-09, 1.50298518076e-09, 1.31141997262e-09, 1.22002241643e-09, 1.18973220165e-09, 1.24709076399e-09, 1.0819143359e-09, 9.81529080235e-10],
        "min": [1.8109363964e-07, 2.19013259084e-07, 5.97306154759e-07, 2.69399322406e-07, 6.21196889483e-08, 2.1796938654e-07, 2.28964779581e-07, 2.09006856267e-08, 7.52048450181e-08, 1.8768627541e-08, 1.47682355234e-08, 1.08836877288e-08, 1.66590723438e-08, 5.80185943733e-09, 5.16629627967e-09, 4.76920991588e-09, 3.57629681424e-09, 4.18186774098e-09, 3.65659924562e-09, 1.8424909376e-09, 1.4538059645e-09, 1.700415031e-09, 1.06547470846e-09, 9.62383617242e-10, 1.25950705421e-09, 1.46537659784e-09, 1.4751233568e-09, 1.51246715152e-09, 1.26893318075e-09, 8.95139629087e-10, 7.5144107603e-10, 6.09565176113e-10, 7.90116971849e-10, 9.40595601406e-10, 6.62414234576e-10, 6.05620997796e-10, 5.82908499247e-10, 6.19078011077e-10, 6.49863829416e-10, 4.87887119593e-10],
        "var": [6.81295408977e-10, 2.70487354737e-10, 3.8540337588e-10, 5.73506742096e-10, 2.28431995541e-10, 1.73483297172e-10, 6.58692753119e-11, 9.67634306015e-11, 2.3083882752e-06, 3.7229406189e-06, 7.35724189904e-11, 1.0384364809e-12, 5.62874833548e-13, 2.58469439428e-12, 5.86125601387e-08, 1.41456810709e-08, 9.15611119909e-13, 6.23149399919e-14, 1.27727732904e-12, 1.0076118542e-12, 1.76047022825e-14, 3.19449843097e-13, 6.49172664409e-13, 9.8554570402e-15, 1.05493326748e-12, 7.82805284895e-14, 1.73627280512e-15, 1.21689295417e-15, 1.81559839354e-15, 2.13355554605e-14, 1.14176161879e-14, 3.34887858818e-14, 1.54439839145e-14, 1.66617445481e-14, 3.78401465977e-15, 3.02872660389e-15, 9.18077327485e-15, 1.83117664234e-14, 8.92780349703e-15, 1.05732094663e-15]
    },
    "mfcc": {
        "mean": [-949.498779297, 138.127914429, 37.8676528931, 22.9859580994, 11.9891166687, 11.9263925552, 5.91873407364, -2.4883081913, 1.79449295998, 9.06948184967, 7.3807311058, 5.80844211578, 3.92476272583],
        "cov": [[4224.14111328, -179.614212036, -1094.68127441, -1144.59313965, -866.89251709, -329.557800293, -406.436584473, -60.844833374, -31.7429275513, 108.498298645, 543.9609375, 233.173873901, -583.254882812], [-179.614212036, 74.6673202515, 30.6368026733, 48.6975212097, 51.612827301, 19.5526981354, 18.5618915558, 3.44277000427, 9.44974136353, -1.2869720459, -23.773355484, -9.42240810394, 26.7540016174], [-1094.68127441, 30.6368026733, 463.661376953, 353.147094727, 257.285644531, 100.184959412, 112.964744568, 44.1453742981, -0.659021019936, -52.1735458374, -161.842010498, -81.0210571289, 157.811294556], [-1144.59313965, 48.6975212097, 353.147094727, 436.71762085, 343.935577393, 107.829315186, 113.110816956, 11.0665311813, -12.3288469315, -45.5421981812, -179.858261108, -94.8033065796, 190.47744751], [-866.89251709, 51.612827301, 257.285644531, 343.935577393, 330.522644043, 92.9783172607, 71.8768386841, -0.199248254299, -20.721124649, -50.9617195129, -160.725967407, -91.1618499756, 165.758483887], [-329.557800293, 19.5526981354, 100.184959412, 107.829315186, 92.9783172607, 51.7747612, 42.3229980469, 8.19376564026, 3.87736177444, -7.03133296967, -43.6589736938, -15.6605739594, 52.1836204529], [-406.436584473, 18.5618915558, 112.964744568, 113.110816956, 71.8768386841, 42.3229980469, 74.0451431274, 27.5603294373, 10.383058548, -3.14384365082, -45.4709358215, -12.2901554108, 55.1873550415], [-60.844833374, 3.44277000427, 44.1453742981, 11.0665311813, -0.199248254299, 8.19376564026, 27.5603294373, 42.9355430603, 16.5173072815, 3.73355960846, -0.930756390095, 4.96662950516, 7.94531583786], [-31.7429275513, 9.44974136353, -0.659021019936, -12.3288469315, -20.721124649, 3.87736177444, 10.383058548, 16.5173072815, 35.7198600769, 18.729757309, 12.7885360718, 15.9434757233, -10.2733678818], [108.498298645, -1.2869720459, -52.1735458374, -45.5421981812, -50.9617195129, -7.03133296967, -3.14384365082, 3.73355960846, 18.729757309, 41.0028305054, 43.7766494751, 27.7029838562, -30.2588291168], [543.9609375, -23.773355484, -161.842010498, -179.858261108, -160.725967407, -43.6589736938, -45.4709358215, -0.930756390095, 12.7885360718, 43.7766494751, 117.291625977, 64.3613586426, -99.8896560669], [233.173873901, -9.42240810394, -81.0210571289, -94.8033065796, -91.1618499756, -15.6605739594, -12.2901554108, 4.96662950516, 15.9434757233, 27.7029838562, 64.3613586426, 60.272895813, -44.5925064087], [-583.254882812, 26.7540016174, 157.811294556, 190.47744751, 165.758483887, 52.1836204529, 55.1873550415, 7.94531583786, -10.2733678818, -30.2588291168, -99.8896560669, -44.5925064087, 119.891738892]],
