{
"lowlevel": {
    "average_loudness": 0.91881942749,
    "barkbands_crest": {
        "dmean": 2.42361426353,
        "dmean2": 3.29060983658,
        "dvar": 4.17019176483,
        "dvar2": 7.74044179916,
        "max": 26.3073177338,
        "mean": 15.6318740845,
        "median": 15.2181215286,
        "min": 6.30018424988,
        "var": 22.4228439331
    },
    "barkbands_flatness_db": {
        "dmean": 0.0299073923379,
        "dmean2": 0.0376175791025,
        "dvar": 0.00108540919609,
        "dvar2": 0.0023442346137,
        "max": 0.552634656429,
        "mean": 0.303192168474,
        "median": 0.289758354425,
        "min": 0.130104005337,
        "var": 0.00862285867333
    },
    "barkbands_kurtosis": {
        "dmean": 6.23242807388,
        "dmean2": 8.88726520538,
        "dvar": 127.564666748,
        "dvar2": 225.090209961,
        "max": 117.085891724,
        "mean": 10.3516521454,
        "median": 4.3898935318,
        "min": -1.82508838177,
        "var": 386.449737549
    },
    "barkbands_skewness": {
        "dmean": 0.574949026108,
        "dmean2": 0.768471777439,
        "dvar": 0.372674554586,
        "dvar2": 0.5994810462,
        "max": 5.74812889099,
        "mean": 0.731907188892,
        "median": 0.337155163288,
        "min": -2.0023059845,
        "var": 1.62464666367
    },
    "barkbands_spread": {
        "dmean": 1.75213754177,
        "dmean2": 2.47980499268,
        "dvar": 10.1497077942,
        "dvar2": 27.3174915314,
        "max": 29.5373325348,
        "mean": 4.79360055923,
        "median": 4.16827487946,
        "min": 0.398950099945,
        "var": 12.5409421921
    },
    "dissonance": {
        "dmean": 0.0555747710168,
        "dmean2": 0.0905537456274,
        "dvar": 0.00299979769625,
        "dvar2": 0.00703416159377,
        "max": 0.491286963224,
        "mean": 0.331131547689,
        "median": 0.342724114656,
        "min": 0.0979480445385,
        "var": 0.00472773239017
    },
    "dynamic_complexity": 5.62196588516,
    "erbbands_crest": {
        "dmean": 3.19384407997,
        "dmean2": 4.40006732941,
        "dvar": 7.94074869156,
        "dvar2": 17.5613384247,
        "max": 32.4853820801,
        "mean": 20.4964809418,
        "median": 19.522977829,
        "min": 8.60668563843,
        "var": 28.7496109009
    },
    "erbbands_flatness_db": {
        "dmean": 0.0280216298997,
        "dmean2": 0.0342805311084,
        "dvar": 0.00111114780884,
        "dvar2": 0.00241050124168,
        "max": 0.562181890011,
        "mean": 0.345641970634,
        "median": 0.334362000227,
        "min": 0.147188439965,
        "var": 0.00763611169532
    },
    "erbbands_kurtosis": {
        "dmean": 5.30559444427,
        "dmean2": 7.8302321434,
        "dvar": 87.8712615967,
        "dvar2": 191.869445801,
        "max": 79.6245803833,
        "mean": 8.21724224091,
        "median": 3.17734003067,
        "min": -1.19762206078,
        "var": 190.44670105
    },
    "erbbands_skewness": {
        "dmean": 0.619283020496,
        "dmean2": 0.770088732243,
        "dvar": 0.501363754272,
        "dvar2": 0.841001451015,
        "max": 6.63130760193,
        "mean": 1.20212447643,
        "median": 1.16867268085,
        "min": -1.43718862534,
        "var": 2.05796289444
    },
    "erbbands_spread": {
        "dmean": 1.96383428574,
        "dmean2": 2.83931875229,
        "dvar": 11.4627027512,
        "dvar2": 30.8419837952,
        "max": 32.0480575562,
        "mean": 6.494617939,
        "median": 6.39871835709,
        "min": 0.802579820156,
        "var": 16.3330898285
    },
    "hfc": {
        "dmean": 2.51779961586,
        "dmean2": 3.28516435623,
        "dvar": 23.4050693512,
        "dvar2": 48.4030647278,
        "max": 47.5685348511,
        "mean": 10.2502031326,
        "median": 4.03123807907,
        "min": 0.00663430197164,
        "var": 176.496109009
    },
    "melbands_crest": {
        "dmean": 2.59113526344,
        "dmean2": 3.39239931107,
        "dvar": 6.48536014557,
        "dvar2": 11.9059085846,
        "max": 31.8907012939,
        "mean": 17.0334682465,
        "median": 16.0689163208,
        "min": 7.1833782196,
        "var": 33.2401618958
    },
    "melbands_flatness_db": {
        "dmean": 0.0297112949193,
        "dmean2": 0.0358662120998,
        "dvar": 0.00122453132644,
        "dvar2": 0.00276476191357,
        "max": 0.619400680065,
        "mean": 0.383079349995,
        "median": 0.36176148057,
        "min": 0.208476290107,
        "var": 0.00821579713374
    },
    "melbands_kurtosis": {
        "dmean": 4.35942697525,
        "dmean2": 6.18437671661,
        "dvar": 69.6234130859,
        "dvar2": 162.116027832,
        "max": 66.7192840576,
        "mean": 6.86829423904,
        "median": 2.65620422363,
        "min": -1.80700409412,
        "var": 159.043487549
    },
    "melbands_skewness": {
        "dmean": 0.541652619839,
        "dmean2": 0.822436511517,
        "dvar": 0.494744569063,
        "dvar2": 1.01730334759,
        "max": 3.76224780083,
        "mean": 0.384878575802,
        "median": 0.181553736329,
        "min": -2.49698710442,
        "var": 1.03323853016
    },
    "melbands_spread": {
        "dmean": 2.38353610039,
        "dmean2": 3.21900081635,
        "dvar": 6.61966514587,
        "dvar2": 14.9023208618,
        "max": 26.5132236481,
        "mean": 7.54365968704,
        "median": 6.74064683914,
        "min": 0.45074313879,
        "var": 20.7051334381
    },
    "pitch_salience": {
        "dmean": 0.0563551858068,
        "dmean2": 0.0800006166101,
        "dvar": 0.00378725607879,
        "dvar2": 0.00684428727254,
        "max": 0.886902034283,
        "mean": 0.406195580959,
        "median": 0.419363349676,
        "min": 0.0962923243642,
        "var": 0.0142530240119
    },
    "silence_rate_20dB": {
        "dmean": 0,
        "dmean2": 0,
        "dvar": 0,
        "dvar2": 0,
        "max": 1,
        "mean": 1,
        "median": 1,
        "min": 1,
        "var": 0
    },
    "silence_rate_30dB": {
        "dmean": 0,
        "dmean2": 0,
        "dvar": 0,
        "dvar2": 0,
        "max": 1,
        "mean": 1,
        "median": 1,
        "min": 1,
        "var": 0
    },
    "silence_rate_60dB": {
        "dmean": 0.0666666701436,
        "dmean2": 0.126050427556,
        "dvar": 0.0622222535312,
        "dvar2": 0.110161840916,
        "max": 1,
        "mean": 0.413223147392,
        "median": 0,
        "min": 0,
        "var": 0.242469787598
    },
    "spectral_centroid": {
        "dmean": 64.3411407471,
        "dmean2": 86.7539978027,
        "dvar": 7445.42724609,
        "dvar2": 16905.1894531,
        "max": 1632.10913086,
        "mean": 756.049865723,
        "median": 717.012084961,
        "min": 362.901702881,
        "var": 32809.8710938
    },
    "spectral_complexity": {
        "dmean": 0.733333349228,
        "dmean2": 1.268907547,
        "dvar": 1.29555654526,
        "dvar2": 2.76802158356,
        "max": 11,
        "mean": 4.43801641464,
        "median": 4,
        "min": 0,
        "var": 3.33706951141
    },
    "spectral_decrease": {
        "dmean": 7.97750310255e-10,
        "dmean2": 1.04382835708e-09,
        "dvar": 1.90121901006e-18,
        "dvar2": 3.56362063751e-18,
        "max": -1.88015271754e-12,
        "mean": -3.25480442598e-09,
        "median": -1.23761478843e-09,
        "min": -1.45988865441e-08,
        "var": 1.78278399306e-17
    },
    "spectral_energy": {
        "dmean": 0.00320633663796,
        "dmean2": 0.00421935971826,
        "dvar": 3.11861003865e-05,
        "dvar2": 5.85791021877e-05,
        "max": 0.0591987594962,
        "mean": 0.0132140815258,
        "median": 0.00503668095917,
        "min": 7.69787129684e-06,
        "var": 0.000292877870379
    },
    "spectral_energyband_high": {
        "dmean": 4.05337377742e-05,
        "dmean2": 6.86862913426e-05,
        "dvar": 3.69800403632e-08,
        "dvar2": 7.74565123152e-08,
        "max": 0.00164895353373,
        "mean": 5.10746140208e-05,
        "median": 1.52610436999e-06,
        "min": 2.82540391083e-08,
        "var": 4.72789203343e-08
    },
    "spectral_energyband_low": {
        "dmean": 1.82470575965e-05,
        "dmean2": 3.00604715449e-05,
        "dvar": 2.8671559571e-10,
        "dvar2": 7.22583604063e-10,
        "max": 0.000107936051791,
        "mean": 3.20924991684e-05,
        "median": 2.72441629932e-05,
        "min": 2.40780138938e-07,
        "var": 6.09052641654e-10
    },
    "spectral_energyband_middle_high": {
        "dmean": 0.00112208095379,
        "dmean2": 0.00146330660209,
        "dvar": 5.86541636949e-06,
        "dvar2": 9.64112859947e-06,
        "max": 0.035583242774,
        "mean": 0.00444570695981,
        "median": 0.000499282614328,
        "min": 2.82012183561e-06,
        "var": 8.07285105111e-05
    },
    "spectral_energyband_middle_low": {
        "dmean": 0.00299078016542,
        "dmean2": 0.00371536402963,
        "dvar": 1.87481673493e-05,
        "dvar2": 3.94442140532e-05,
        "max": 0.0456833764911,
        "mean": 0.00873275659978,
        "median": 0.00339931924827,
        "min": 4.89398917125e-06,
        "var": 0.000102988466097
    },
    "spectral_entropy": {
        "dmean": 0.272531181574,
        "dmean2": 0.345226943493,
        "dvar": 0.13021107018,
        "dvar2": 0.30835339427,
        "max": 7.57651805878,
        "mean": 5.46992540359,
        "median": 5.5267367363,
        "min": 3.63377785683,
        "var": 0.590022444725
    },
    "spectral_flux": {
        "dmean": 0.012640199624,
        "dmean2": 0.0199572890997,
        "dvar": 0.000411653221818,
        "dvar2": 0.00102785369381,
        "max": 0.177926793694,
        "mean": 0.0262907706201,
        "median": 0.0173786003143,
        "min": 0.00384694780223,
        "var": 0.000718580558896
    },
    "spectral_kurtosis": {
        "dmean": 9.99598121643,
        "dmean2": 15.2282333374,
        "dvar": 161.180007935,
        "dvar2": 417.91293335,
        "max": 152.926864624,
        "mean": 36.0801048279,
        "median": 23.7431468964,
        "min": 3.45479106903,
        "var": 1084.10314941
    },
    "spectral_rms": {
        "dmean": 0.000441389973275,
        "dmean2": 0.00053113308968,
        "dvar": 3.25051530581e-07,
        "dvar2": 5.75289391236e-07,
        "max": 0.0075996639207,
        "mean": 0.00291442126036,
        "median": 0.00221671722829,
        "min": 8.6660940724e-05,
        "var": 4.39792984253e-06
    },
    "spectral_rolloff": {
        "dmean": 100.847167969,
        "dmean2": 182.941757202,
        "dvar": 36877.8085938,
        "dvar2": 59295.3515625,
        "max": 1356.59179688,
        "mean": 940.342651367,
        "median": 796.728515625,
        "min": 409.130859375,
        "var": 78667.4375
    },
    "spectral_skewness": {
        "dmean": 0.637477815151,
        "dmean2": 1.01423442364,
        "dvar": 0.543577611446,
        "dvar2": 1.39211535454,
        "max": 9.74289512634,
        "mean": 4.5968837738,
        "median": 4.05732297897,
        "min": 1.93342125416,
        "var": 3.53795194626
    },
    "spectral_spread": {
        "dmean": 586166.3125,
        "dmean2": 881943,
        "dvar": 1.10211851878e+12,
        "dvar2": 2.38529229619e+12,
        "max": 9891452,
        "mean": 2768992.5,
        "median": 2623671.5,
        "min": 735817.0625,
        "var": 2.01864681882e+12
    },
    "spectral_strongpeak": {
        "dmean": 0.583417952061,
        "dmean2": 0.867577314377,
        "dvar": 0.583911001682,
        "dvar2": 1.60816276073,
        "max": 7.32957649231,
        "mean": 2.13352012634,
        "median": 1.5009714365,
        "min": 0.00424113310874,
        "var": 3.37489056587
    },
    "zerocrossingrate": {
        "dmean": 0.00428059883416,
        "dmean2": 0.00546136405319,
        "dvar": 5.7429955632e-05,
        "dvar2": 9.08393049031e-05,
        "max": 0.09423828125,
        "mean": 0.0396355241537,
        "median": 0.03662109375,
        "min": 0.00830078125,
        "var": 0.00014464193373
    },
    "barkbands": {
        "dmean": [9.65973072198e-07, 1.23451454783e-05, 8.07573451311e-06, 1.77635556611e-05, 9.7193667898e-05, 5.43283968e-05, 0.000717248534784, 0.00059578899527, 0.00195904448628, 5.95228775637e-05, 0.000699739728589, 3.85205166822e-05, 0.000400324555812, 2.35474112742e-06, 7.15040914656e-06, 2.79695291283e-06, 3.94854532715e-06, 9.64019704952e-07, 6.02603586231e-06, 6.35953597339e-07, 3.34508490596e-06, 1.21849609513e-06, 6.03663238508e-06, 3.05883168039e-06, 6.38436722511e-06, 2.07438170037e-05, 2.69017982646e-06],
        "dmean2": [1.79687560831e-06, 2.09423615161e-05, 1.40064730658e-05, 2.67589457508e-05, 0.000147156970343, 9.16226563277e-05, 0.000922964594793, 0.000878252554685, 0.00227883318439, 9.86421800917e-05, 0.00090860639466, 6.89358494128e-05, 0.000546245079022, 3.74187425223e-06, 9.85726455838e-06, 4.69267570224e-06, 6.54911082165e-06, 1.53836015215e-06, 9.67796404439e-06, 1.02460626294e-06, 4.76132890981e-06, 1.82992062037e-06, 9.00919349078e-06, 4.79735990666e-06, 1.1081784578e-05, 3.85400526284e-05, 4.96500933878e-06],
        "dvar": [1.28647364029e-12, 1.41558625932e-10, 9.04592303841e-11, 2.10640971332e-09, 1.3783518682e-07, 3.24625908377e-08, 6.89205216986e-06, 3.23264225699e-06, 9.03874206415e-06, 4.85693867347e-08, 5.19292871104e-06, 3.99066912848e-08, 9.33037028972e-07, 4.36636247991e-11, 1.94082971916e-10, 3.64938669561e-11, 1.00727766406e-10, 2.02202612293e-11, 2.7095067856e-10, 5.83057170253e-12, 1.27914651094e-10, 2.82707451199e-11, 5.90541560097e-10, 2.31185209865e-10, 8.75158723268e-10, 1.18718874731e-08, 2.43689096679e-10],
        "dvar2": [3.90789874419e-12, 3.54430346183e-10, 2.38361275162e-10, 2.83069745421e-09, 3.07007752554e-07, 8.47464249887e-08, 9.97619281407e-06, 7.27468977857e-06, 1.9963730665e-05, 1.45139395613e-07, 7.51021207179e-06, 1.17424953316e-07, 2.15588329411e-06, 9.39323965832e-11, 4.42586800542e-10, 1.05653867599e-10, 2.88251256197e-10, 5.07665194605e-11, 6.27316643076e-10, 1.38027688237e-11, 2.27957319687e-10, 6.11403427886e-11, 9.96842830503e-10, 4.58882543075e-10, 2.43628872632e-09, 2.47383731278e-08, 6.88827106465e-10],
        "max": [5.53695736016e-06, 9.44396306295e-05, 5.62244422326e-05, 0.000545442453586, 0.00436705723405, 0.00154446344823, 0.033629052341, 0.0223690718412, 0.0268530156463, 0.00199165567756, 0.0355347171426, 0.00158200331498, 0.00856449827552, 5.70966949454e-05, 0.000132595887408, 6.22959778411e-05, 6.41076912871e-05, 4.38682873209e-05, 0.000160394847626, 1.71352457983e-05, 0.000130379310576, 5.23599846929e-05, 0.00026377881295, 0.000150660300278, 0.000218781235162, 0.00083752151113, 0.000130483502289],
        "mean": [9.95008349491e-07, 1.87966106751e-05, 8.9924542408e-06, 3.28168607666e-05, 0.00015066000924, 0.000173550157342, 0.00276824110188, 0.00126375386026, 0.00422467663884, 0.000133606052259, 0.00343126850203, 3.76637181034e-05, 0.000870483287144, 2.89923923447e-06, 1.89914953808e-05, 6.44339615974e-06, 4.75707929581e-06, 1.81858104042e-06, 1.19507476484e-05, 6.79490426592e-07, 6.59218358123e-06, 2.07691505238e-06, 1.01220675788e-05, 5.27822794538e-06, 5.39731536264e-06, 1.96085584321e-05, 1.87823968645e-06],
        "median": [6.25681593647e-07, 1.36764656418e-05, 5.27967040398e-06, 5.5825776144e-06, 1.1623114915e-05, 0.000157993839821, 8.17436302896e-05, 2.3673139367e-05, 0.00137322815135, 8.48171548569e-05, 1.0130102055e-06, 6.54499444863e-07, 0.00010322847811, 4.08167579735e-07, 5.70763950236e-06, 9.94742890725e-07, 5.69118242311e-07, 9.39663067356e-08, 1.18550576644e-06, 1.54040549205e-07, 2.4415865596e-07, 1.23523960838e-07, 1.15728752803e-07, 1.13867258733e-07, 1.2010045225e-07, 1.75102712774e-07, 3.46614910995e-07],
        "min": [1.08665556553e-08, 5.86626320853e-08, 4.78607695698e-08, 9.65700124311e-08, 2.44087715373e-07, 7.32741867182e-08, 1.34692498932e-07, 7.96065648956e-07, 1.52420739141e-07, 1.00855368146e-06, 7.48304884723e-08, 8.00799568879e-08, 3.32995711005e-07, 7.12231695843e-08, 2.33784049897e-08, 6.16367756834e-09, 3.86985998801e-09, 2.841433977e-09, 4.24808765942e-09, 2.23379759134e-09, 2.69409095033e-09, 1.70244618403e-09, 2.3436430574e-09, 3.23059046181e-09, 2.45278619637e-09, 3.48999518174e-09, 9.64149649008e-09],
        "var": [1.40106795523e-12, 2.74311628967e-10, 1.07914309433e-10, 7.66245111805e-09, 2.68686761729e-07, 3.85235807698e-08, 5.39389657206e-05, 9.27346627577e-06, 3.5749788367e-05, 6.15122246472e-08, 8.32933728816e-05, 2.4593443726e-08, 2.91100332106e-06, 6.86870282873e-11, 8.48716930069e-10, 1.07285270945e-10, 1.29662086623e-10, 3.42970374323e-11, 7.16652626132e-10, 5.732250178e-12, 3.08414849215e-10, 4.68129077169e-11, 1.3595350401e-09, 4.91831742e-10, 6.79504008616e-10, 1.25017427521e-08, 1.49409429273e-10]
    },
    "erbbands": {
        "dmean": [0.000433382752817, 0.00277955201454, 0.00805125012994, 0.0268229339272, 0.34441703558, 0.201162487268, 0.282650947571, 0.435209482908, 2.08099532127, 17.6571617126, 26.1796588898, 47.3399734497, 3.71665072441, 8.68035411835, 22.2315578461, 3.81280398369, 20.5067577362, 1.07792723179, 0.0771722346544, 0.567564606667, 0.086802110076, 0.245273143053, 0.0498243421316, 0.29180252552, 0.133803784847, 0.034891076386, 0.174430921674, 0.063011161983, 0.0401187650859, 0.222801297903, 0.0962759032845, 0.0809234008193, 0.0514369048178, 0.0258798059076, 0.0700067728758, 0.0640682801604, 0.0519605241716, 0.00829571392387, 0.000385118910344, 2.08856490644e-05],
        "dmean2": [0.0007241073763, 0.00480459397659, 0.0134238917381, 0.0401862822473, 0.501603662968, 0.319943934679, 0.491070061922, 0.764232933521, 2.89092445374, 21.8059368134, 33.668762207, 54.9742507935, 5.16348171234, 10.4718322754, 31.7608566284, 5.37171792984, 28.1951828003, 1.4630099535, 0.111403286457, 0.848909556866, 0.144847795367, 0.402297258377, 0.0836604908109, 0.463301151991, 0.220844015479, 0.056289345026, 0.245484724641, 0.0993904471397, 0.0622088350356, 0.312954246998, 0.159209474921, 0.13864068687, 0.0728504732251, 0.0413241945207, 0.122217163444, 0.110192433, 0.0931834727526, 0.013057237491, 0.000628316192888, 3.38659301633e-05],
        "dvar": [2.37354669252e-07, 6.21609342488e-06, 7.88790202932e-05, 0.00444804737344, 1.49240887165, 0.710149049759, 1.48168385029, 1.68916356564, 45.4718132019, 3842.43505859, 4453.921875, 5221.2109375, 84.0584182739, 720.374145508, 5357.25488281, 57.3756904602, 2460.27514648, 4.81627464294, 0.020013988018, 1.41426837444, 0.0422587022185, 0.395436286926, 0.0314201638103, 0.607124567032, 0.17016030848, 0.0163370650262, 0.414160937071, 0.0546915568411, 0.0303409583867, 0.774334669113, 0.198876649141, 0.180904328823, 0.043331168592, 0.0125967608765, 0.105726927519, 0.0918257012963, 0.0817680135369, 0.00213253032416, 4.48811806564e-06, 9.15108078203e-09],
        "dvar2": [5.71895895973e-07, 1.5780040485e-05, 0.00021921255393, 0.0053326934576, 2.66477227211, 1.82946646214, 3.95729494095, 4.5235824585, 66.9804611206, 5259.21240234, 10606.65625, 9113.50097656, 204.911529541, 758.014770508, 10159.8701172, 146.256668091, 5741.64892578, 10.680765152, 0.042945433408, 3.48247599602, 0.124034382403, 1.11569356918, 0.0773552954197, 1.41059327126, 0.448919802904, 0.0313453748822, 0.717095792294, 0.135440468788, 0.0582240447402, 1.21536707878, 0.42704474926, 0.492403745651, 0.0699436143041, 0.0270185377449, 0.294419556856, 0.230389118195, 0.161812454462, 0.00488670077175, 1.13361138574e-05, 2.37671500258e-08],
        "max": [0.00388951599598, 0.0168905295432, 0.0504858195782, 0.804217040539, 14.4041471481, 9.0360994339, 7.98011541367, 12.3541870117, 91.4131240845, 793.984130859, 870.423522949, 721.9609375, 103.694335938, 459.180480957, 986.611755371, 53.3139266968, 436.665344238, 20.6773452759, 1.0226675272, 10.8998003006, 1.68704211712, 4.25006055832, 1.7677270174, 7.55305624008, 2.79854536057, 1.05214953423, 7.59736680984, 1.67166900635, 1.6580234766, 9.42308235168, 4.34565353394, 3.93120527267, 2.49081468582, 0.966711163521, 2.35696959496, 2.02010536194, 2.47045040131, 0.420996934175, 0.0192972943187, 0.000876408827025],
        "mean": [0.000611088180449, 0.00397566985339, 0.0107960440218, 0.0556030645967, 0.602747917175, 0.251773476601, 0.256065040827, 1.61138606071, 9.20790100098, 65.3958129883, 58.1469726562, 104.095817566, 10.8920793533, 44.6703681946, 96.9830169678, 9.58052349091, 44.6034507751, 2.29277586937, 0.20393884182, 1.61984229088, 0.191445946693, 0.29762133956, 0.112333633006, 0.603819906712, 0.228221982718, 0.0532583892345, 0.360589951277, 0.108762860298, 0.0726853907108, 0.329245448112, 0.184349924326, 0.0885118991137, 0.0831266641617, 0.0355913303792, 0.0579275675118, 0.0554583966732, 0.0493492856622, 0.00678370846435, 0.00032573720091, 3.22133091686e-05],
        "median": [0.000383834820241, 0.00301124481484, 0.00725507875904, 0.0167618021369, 0.0423444733024, 0.0264589637518, 0.0547904372215, 1.47250628471, 2.40632963181, 0.740481376648, 13.7657957077, 38.4826774597, 7.05491304398, 0.686890661716, 0.121158443391, 2.62357735634, 5.33978748322, 0.501453876495, 0.0948318168521, 0.392782002687, 0.0817907825112, 0.0332618840039, 0.0236072279513, 0.0922992900014, 0.0263936314732, 0.0108504611999, 0.0114108156413, 0.00599158927798, 0.00463362550363, 0.0042166034691, 0.00326585653238, 0.00227821012959, 0.00193796807434, 0.00128503795713, 0.00095551594859, 0.00063185201725, 0.000333743228111, 0.000136716465931, 4.20017640863e-05, 1.16856363093e-05],
        "min": [4.3291674956e-06, 1.5192787032e-05, 5.2582097851e-05, 0.000216586646275, 0.000547955860384, 0.000853695557453, 0.000920785125345, 0.000481014430989, 0.00124661647715, 0.00651487708092, 0.0287983100861, 0.0680546462536, 0.0523536130786, 0.0181819256395, 0.00978671666235, 0.0164103303105, 0.062939427793, 0.0127069195732, 0.00164220633451, 0.000998010742478, 0.000361289567081, 0.000197767411009, 0.000180791859748, 0.000128626357764, 0.000222765724175, 0.0001299638825, 6.76371128066e-05, 0.000132409550133, 6.40723737888e-05, 6.566895172e-05, 7.5604308222e-05, 6.32714290987e-05, 5.08077464474e-05, 2.01666771318e-05, 2.33457049035e-05, 1.67486523424e-05, 4.68742246085e-06, 3.64314314538e-06, 2.01731950256e-06, 1.89761863112e-07],
        "var": [4.44525369403e-07, 1.15787706818e-05, 0.000116084884212, 0.019051251933, 3.93263912201, 0.891726613045, 1.14486157894, 2.52979564667, 380.529907227, 30078.8339844, 15063.7041016, 22961.796875, 188.355422974, 13763.9707031, 65104.2265625, 161.707427979, 7471.01123047, 15.6138687134, 0.0681203529239, 6.30247402191, 0.0713401213288, 0.531942307949, 0.0632726997137, 1.6494641304, 0.255026251078, 0.023057019338, 0.974864661694, 0.0868433788419, 0.0559480823576, 1.57219207287, 0.435367226601, 0.166036352515, 0.123466618359, 0.0216958578676, 0.0814617425203, 0.0801337435842, 0.0902070179582, 0.00197190884501, 3.67889424524e-06, 7.71924746346e-09]
    },
    "gfcc": {
        "mean": [-184.021240234, 112.269538879, -113.596641541, -55.0565605164, -71.0865325928, -0.228201717138, -12.7869033813, 10.0121717453, -7.9326210022, 9.0578212738, -8.76615905762, -11.1082687378, -21.3787193298],
        "cov": [[4322.92285156, -1063.28234863, -626.277526855, 396.193084717, -453.763885498, 283.210113525, -249.285049438, -266.449249268, -512.668518066, -119.630805969, -338.693572998, -66.3029098511, -401.767547607], [-1063.28234863, 687.687316895, -114.761833191, -307.233795166, 165.314620972, -209.572158813, 132.88633728, 156.557312012, 195.100662231, -89.6773300171, 119.288192749, 11.151263237, 104.543464661], [-626.277526855, -114.761833191, 1197.68774414, 255.158493042, 49.577293396, 58.9946670532, -143.059783936, -56.4820976257, 6.14587545395, 183.230209351, -95.6847839355, -24.7150745392, 88.5835723877], [396.193084717, -307.233795166, 255.158493042, 753.522521973, 37.453212738, 191.662979126, -120.008987427, -234.882919312, -20.7323112488, 95.3163833618, -163.470230103, -228.027420044, -74.34740448], [-453.763885498, 165.314620972, 49.577293396, 37.453212738, 155.314056396, -22.1042613983, -0.461744695902, 29.1758556366, 67.3842391968, 38.3434104919, 40.5746269226, -11.7082853317, 28.8064231873], [283.210113525, -209.572158813, 58.9946670532, 191.662979126, -22.1042613983, 247.070495605, -22.9348545074, -123.544876099, 6.17181062698, 76.0852508545, -90.1541595459, -127.876953125, -88.3122406006], [-249.285049438, 132.88633728, -143.059783936, -120.008987427, -0.461744695902, -22.9348545074, 113.09728241, 69.5162658691, 83.4278335571, -20.7354011536, 51.163608551, -4.57695674896, 18.7285404205], [-266.449249268, 156.557312012, -56.4820976257, -234.882919312, 29.1758556366, -123.544876099, 69.5162658691, 214.980331421, 66.2955703735, -64.5551986694, 57.4686088562, 101.781394958, 54.6497192383], [-512.668518066, 195.100662231, 6.14587545395, -20.7323112488, 67.3842391968, 6.17181062698, 83.4278335571, 66.2955703735, 203.798553467, 10.2744998932, 0.159202858806, -68.7635269165, 34.3243751526], [-119.630805969, -89.6773300171, 183.230209351, 95.3163833618, 38.3434104919, 76.0852508545, -20.7354011536, -64.5551986694, 10.2744998932, 166.553939819, 52.5645866394, -11.4618711472, 10.4859972], [-338.693572998, 119.288192749, -95.6847839355, -163.470230103, 40.5746269226, -90.1541595459, 51.163608551, 57.4686088562, 0.159202858806, 52.5645866394, 199.101226807, 113.871932983, 65.6168899536], [-66.3029098511, 11.151263237, -24.7150745392, -228.027420044, -11.7082853317, -127.876953125, -4.57695674896, 101.781394958, -68.7635269165, -11.4618711472, 113.871932983, 210.126541138, 84.6125793457], [-401.767547607, 104.543464661, 88.5835723877, -74.34740448, 28.8064231873, -88.3122406006, 18.7285404205, 54.6497192383, 34.3243751526, 10.4859972, 65.6168899536, 84.6125793457, 107.997596741]],
        "icov": [[0.000992574379779, -0.000395019771531, 0.000771910359617, -0.000832918507513, 0.00250592920929, -0.00014984801237, 0.00144855375402, -0.00110740936361, 0.000903375388589, -0.00133704231121, 0.00127358036116, -0.0013383225305, 0.00250403746031], [-0.000395019771531, 0.00920526124537, -0.0012245393591, 0.00434760982171, -0.00967424176633, 0.00493577774614, -0.00395600823686, 0.00432162405923, -0.00313212745823, 0.00689334562048, -0.00385814090259, 0.00748398713768, -0.00446046423167], [0.000771910359617, -0.0012245393591, 0.00253318739124, -0.000873914978001, 0.00327652832493, -0.000611023919191, 0.0039248727262, -0.00297011807561, 0.00177827768493, -0.00444833561778, 0.00288284989074, 0.000286745635094, -0.0012831944041], [-0.000832918507513, 0.00434760982171, -0.000873914978001, 0.0057602324523, -0.00663565006107, 0.00186084664892, -0.000329515605699, 0.00309077138081, -0.000583646760788, 0.00282187061384, -0.00176252028905, 0.00843492150307, -0.00646626204252], [0.00250592920929, -0.00967424176633, 0.00327652832493, -0.00663565006107, 0.0257325991988, -0.0044753337279, 0.0142579739913, -0.0101824151352, 0.00112314138096, -0.0108270635828, 0.00187362637371, -0.0059354994446, 0.00779454270378], [-0.00014984801237, 0.00493577774614, -0.000611023919191, 0.00186084664892, -0.0044753337279, 0.0137185649946, -0.00554222613573, 0.00572523241863, -0.00339398742653, -0.00234362529591, 0.00267787533812, 0.00218495656736, 0.00488994689658], [0.00144855375402, -0.00395600823686, 0.0039248727262, -0.000329515605699, 0.0142579739913, -0.00554222613573, 0.0337655805051, -0.011636662297, -0.00378525885753, -0.00298610376194, -0.00722078606486, 0.00836675614119, -0.00320485793054], [-0.00110740936361, 0.00432162405923, -0.00297011807561, 0.00309077138081, -0.0101824151352, 0.00572523241863, -0.011636662297, 0.0194575488567, -0.00903275422752, 0.00858525931835, -0.000217328779399, -0.00861911382526, 0.00475247157738], [0.000903375388589, -0.00313212745823, 0.00177827768493, -0.000583646760788, 0.00112314138096, -0.00339398742653, -0.00378525885753, -0.00903275422752, 0.0191570967436, -0.00700468290597, 0.00526256253943, 0.00894911587238, -0.00893267989159], [-0.00133704231121, 0.00689334562048, -0.00444833561778, 0.00282187061384, -0.0108270635828, -0.00234362529591, -0.00298610376194, 0.00858525931835, -0.00700468290597, 0.0238090250641, -0.013937660493, 0.00331668648869, -0.00312638585456], [0.00127358036116, -0.00385814090259, 0.00288284989074, -0.00176252028905, 0.00187362637371, 0.00267787533812, -0.00722078606486, -0.000217328779399, 0.00526256253943, -0.013937660493, 0.0210825745016, -0.0111926263198, 0.00358733255416], [-0.0013383225305, 0.00748398713768, 0.000286745635094, 0.00843492150307, -0.0059354994446, 0.00218495656736, 0.00836675614119, -0.00861911382526, 0.00894911587238, 0.00331668648869, -0.0111926263198, 0.0384857282043, -0.0268895979971], [0.00250403746031, -0.00446046423167, -0.0012831944041, -0.00646626204252, 0.00779454270378, 0.00488994689658, -0.00320485793054, 0.00475247157738, -0.00893267989159, -0.00312638585456, 0.00358733255416, -0.0268895979971, 0.0415943004191]]
    },
    "melbands": {
        "dmean": [3.60908825314e-06, 3.59233422387e-06, 1.327670725e-05, 2.27229866141e-05, 8.51895492815e-06, 9.91240722215e-06, 6.12552394159e-05, 0.000159110422828, 0.000304763088934, 0.000250576908002, 1.15695429486e-05, 2.99326693494e-05, 0.000101298348454, 7.00492819306e-06, 3.67184766219e-05, 2.67089344561e-05, 2.92666669566e-07, 5.24358725329e-08, 5.07090305746e-07, 5.32380624918e-07, 3.75615982762e-08, 3.41142424531e-07, 3.39346506451e-08, 6.60015331277e-08, 2.65502706043e-07, 2.11837644315e-07, 2.51182150635e-08, 1.87988646871e-08, 8.21552177399e-08, 1.03796338635e-07, 2.65131188115e-08, 1.30368826845e-08, 4.1077310442e-08, 1.96828807475e-07, 5.10609154958e-08, 4.35763958251e-08, 5.9531007679e-08, 3.06887137924e-08, 3.85423923888e-08, 2.16164153244e-08],
        "dmean2": [6.04757542533e-06, 5.86436635786e-06, 1.78143127414e-05, 3.56874297722e-05, 1.4805174942e-05, 1.71826068254e-05, 7.95358719188e-05, 0.000193074956769, 0.000372270093067, 0.000293026183499, 1.94764397747e-05, 3.41103987012e-05, 0.00013422552729, 1.34066231112e-05, 4.89869598823e-05, 3.69441622752e-05, 4.5085283773e-07, 9.47184943811e-08, 7.50554363549e-07, 8.35236448893e-07, 7.06273368678e-08, 5.61103547625e-07, 5.96421543264e-08, 1.01871094671e-07, 4.20306861315e-07, 3.44533958696e-07, 4.23019095308e-08, 2.99905309475e-08, 1.15126319145e-07, 1.52616863147e-07, 4.55801192345e-08, 2.10348733987e-08, 5.97893148324e-08, 2.57856584085e-07, 8.4466307726e-08, 7.48014912233e-08, 1.04873031148e-07, 5.38100621839e-08, 5.23553858045e-08, 3.67458703465e-08],
        "dvar": [1.39344724995e-11, 1.18528225429e-11, 1.62879476573e-09, 8.23532353422e-09, 1.27924848492e-09, 9.30580945635e-10, 4.62901077469e-08, 3.04894086867e-07, 4.44996317128e-07, 1.50518744135e-07, 1.89991644639e-09, 8.38882918686e-09, 1.08846201385e-07, 1.985063669e-09, 7.11368519646e-09, 4.17910195338e-09, 6.87812274584e-13, 3.96007011905e-14, 1.02399653427e-12, 1.31385147987e-12, 2.80954137044e-14, 8.00990404646e-13, 4.45191199714e-15, 9.48339307473e-14, 5.37588799431e-13, 3.50097853269e-13, 1.19727776752e-14, 5.06487120107e-15, 8.66996700669e-14, 1.28951089715e-13, 1.02027346193e-14, 2.61486567059e-15, 3.44082638629e-14, 5.5862850153e-13, 5.40318183533e-14, 3.75838073228e-14, 1.14301485486e-13, 2.16414071993e-14, 2.69747010238e-14, 9.82703739075e-15],
        "dvar2": [3.46693472542e-11, 3.20947296517e-11, 1.92263738263e-09, 1.9206330748e-08, 3.32341953957e-09, 2.3755974965e-09, 6.86447236831e-08, 4.10759639635e-07, 1.09461632292e-06, 2.55136939131e-07, 5.54455770185e-09, 8.00783261923e-09, 1.70232524965e-07, 5.90371929121e-09, 1.62365019207e-08, 9.76569580757e-09, 1.56093031296e-12, 1.13724486642e-13, 2.5122538598e-12, 3.29712169025e-12, 8.49181768198e-14, 2.24236558141e-12, 1.36325810869e-14, 2.26981953198e-13, 1.24140964435e-12, 8.3975925172e-13, 3.26448429107e-14, 1.00376080874e-14, 1.49846769108e-13, 2.3977112071e-13, 2.67867528831e-14, 4.93373567776e-15, 7.84221795033e-14, 8.64479332303e-13, 1.03572125919e-13, 1.00257530142e-13, 3.18849167989e-13, 4.20425176064e-14, 4.36742689811e-14, 2.38400235154e-14],
        "max": [3.02809712593e-05, 2.11990281969e-05, 0.000476607412565, 0.00102812913246, 0.00023747504747, 0.000270685151918, 0.0028261677362, 0.00708310259506, 0.00852870568633, 0.00391214899719, 0.000414483132772, 0.00159413856454, 0.00499477330595, 0.000359882746125, 0.000758551293984, 0.000571435841266, 7.67346409702e-06, 1.56066278123e-06, 8.9965224106e-06, 1.02347403299e-05, 1.41182795232e-06, 6.02312184128e-06, 4.6605936177e-07, 3.02889043269e-06, 7.21268861525e-06, 5.32623880645e-06, 8.39762549276e-07, 6.30039835414e-07, 3.4917479752e-06, 3.97175199396e-06, 6.78772209994e-07, 4.93167476634e-07, 1.7930993863e-06, 8.33594731375e-06, 2.3451823381e-06, 1.69599911715e-06, 3.01218301502e-06, 1.40983604524e-06, 1.96491464521e-06, 7.66298740018e-07],
        "mean": [5.28949567524e-06, 5.36181414645e-06, 2.66946044576e-05, 3.51354246959e-05, 7.00345435689e-06, 3.68645232811e-05, 0.000253336271271, 0.000577566970605, 0.000646713422611, 0.000554418307729, 2.67097930191e-05, 0.000153313696501, 0.000483705574879, 5.45227294424e-06, 8.01401474746e-05, 5.77318896831e-05, 3.8802741642e-07, 5.59865185323e-08, 1.39090479934e-06, 1.53664745994e-06, 3.82232698826e-08, 3.98295668447e-07, 5.14002778118e-08, 1.34228400839e-07, 5.51633434043e-07, 3.94064073816e-07, 2.30849934724e-08, 2.26570726625e-08, 1.70028158664e-07, 1.9383131189e-07, 4.25487449718e-08, 2.68724491548e-08, 5.49734195943e-08, 2.78621371308e-07, 1.04288346847e-07, 6.09043979694e-08, 5.18776133163e-08, 4.59172646572e-08, 6.35036130348e-08, 2.2706506897e-08],
        "median": [3.78615550289e-06, 4.31018315794e-06, 3.65286746273e-06, 2.52883728535e-06, 7.27754638774e-07, 3.56388045475e-05, 3.4030606912e-05, 3.4558884181e-06, 0.000112796551548, 0.000210518221138, 1.70248713403e-05, 9.40784616432e-07, 1.42686673144e-07, 8.55202344496e-08, 1.44530440593e-05, 7.12428482075e-06, 4.7026418315e-08, 1.62139741633e-08, 4.22682433054e-07, 3.24943897567e-07, 9.17733178341e-09, 2.08576942384e-08, 2.07371808614e-08, 4.11228828767e-09, 4.39317098255e-08, 3.90153687135e-08, 5.01509989093e-09, 5.02742691921e-09, 7.23900095423e-09, 5.33650013068e-09, 2.50932363777e-09, 2.45777309615e-09, 2.3137962657e-09, 2.22406226769e-09, 1.88013049573e-09, 1.61428348466e-09, 1.33930511126e-09, 1.35438604776e-09, 1.28168309299e-09, 9.90374449117e-10],
        "min": [3.08621004308e-08, 2.61764636633e-08, 4.67875516108e-08, 4.12411935713e-08, 2.34748647188e-08, 1.17832916757e-08, 2.0112615573e-08, 8.60451621065e-08, 2.90216348731e-07, 3.60368659358e-08, 1.47927750049e-07, 7.46556239051e-08, 1.15197504869e-08, 1.11731681685e-08, 1.55353028219e-08, 7.7290046363e-08, 9.29167764951e-09, 1.29222377243e-09, 1.6866298358e-09, 6.8943295517e-10, 3.99410948759e-10, 2.25196888914e-10, 1.19438264834e-10, 1.186075127e-10, 8.17501691341e-11, 1.98241742466e-10, 8.38010910664e-11, 9.48473175e-11, 4.16244191892e-11, 3.41664335712e-11, 9.88783777078e-11, 3.42575412482e-11, 2.82895339099e-11, 3.79283965346e-11, 4.52992851563e-11, 3.81699290231e-11, 4.01942194805e-11, 4.22984459958e-11, 1.80949109863e-11, 1.70324952059e-11],
        "var": [2.58006220555e-11, 2.03829522705e-11, 6.17275652814e-09, 1.48264041044e-08, 1.04757358343e-09, 1.42353573374e-09, 3.73173520529e-07, 2.39823270931e-06, 1.59561898272e-06, 6.64744163714e-07, 2.49620479842e-09, 1.66048863548e-07, 1.64850405326e-06, 1.07300079932e-09, 2.31425048014e-08, 1.25619354918e-08, 1.17151817761e-12, 2.70423382987e-14, 4.13851201572e-12, 5.83581533792e-12, 1.85809653525e-14, 1.08291262242e-12, 5.2219704018e-15, 1.90618096936e-13, 1.50693259954e-12, 7.76251458945e-13, 8.64397122673e-15, 6.32129634756e-15, 2.0510877068e-13, 2.7843618253e-13, 1.69156697791e-14, 6.16614744019e-15, 4.41559800063e-14, 1.15540595754e-12, 1.36624815194e-13, 5.03862596991e-14, 8.42731375135e-14, 4.07015255375e-14, 7.88852693562e-14, 1.0748805749e-14]
    },
    "mfcc": {
        "mean": [-862.912841797, 171.147872925, 8.93228340149, -23.9662628174, -34.6923294067, -17.1794147491, -8.19682598114, -1.56551826, 1.12305700779, 16.9021339417, 16.4496459961, 8.09532642365, 1.59014189243],
        "cov": [[3959.40478516, -1049.8425293, -56.2535552979, -97.6150894165, -317.617248535, 320.205718994, 7.70985126495, 116.364204407, -278.458892822, -236.106063843, -256.907653809, -130.224411011, -127.935699463], [-1049.8425293, 779.940612793, -181.738067627, -96.5645446777, 99.9002685547, -294.754211426, -12.6954164505, 35.9008903503, 106.923141479, -13.0462617874, 47.2637405396, 93.2387008667, 131.360565186], [-56.2535552979, -181.738067627, 580.069641113, 172.249954224, 87.1904144287, 243.266937256, -13.0303945541, -153.860366821, 24.2158317566, 172.663299561, 43.1145210266, -132.226501465, -227.842254639], [-97.6150894165, -96.5645446777, 172.249954224, 366.490722656, 115.45728302, 120.118942261, -39.8956871033, -128.80229187, -21.4024162292, 138.547225952, 30.0344257355, -125.501731873, -82.9463043213], [-317.617248535, 99.9002685547, 87.1904144287, 115.45728302, 133.576034546, 17.1734256744, -11.3233137131, -62.6804847717, 14.9440488815, 47.7706642151, 29.8171272278, -33.7920227051, -29.5251426697], [320.205718994, -294.754211426, 243.266937256, 120.118942261, 17.1734256744, 313.671264648, -18.4425430298, -84.0030670166, -7.88156604767, 159.371139526, 84.4422073364, -107.09287262, -221.300384521], [7.70985126495, -12.6954164505, -13.0303945541, -39.8956871033, -11.3233137131, -18.4425430298, 54.5659141541, 12.1063585281, -21.2073078156, -33.8995437622, -11.7757024765, 16.8831062317, 27.7648258209], [116.364204407, 35.9008903503, -153.860366821, -128.80229187, -62.6804847717, -84.0030670166, 12.1063585281, 148.063568115, 46.9906768799, -64.7392959595, -23.3315868378, 54.58776474, 42.0918159485], [-278.458892822, 106.923141479, 24.2158317566, -21.4024162292, 14.9440488815, -7.88156604767, -21.2073078156, 46.9906768799, 109.488265991, 75.8983612061, 55.1218338013, 6.26381874084, -53.9316482544], [-236.106063843, -13.0462617874, 172.663299561, 138.547225952, 47.7706642151, 159.371139526, -33.8995437622, -64.7392959595, 75.8983612061, 280.825469971, 194.764007568, -84.9933395386, -200.191574097], [-256.907653809, 47.2637405396, 43.1145210266, 30.0344257355, 29.8171272278, 84.4422073364, -11.7757024765, -23.3315868378, 55.1218338013, 194.764007568, 204.450180054, -15.576300621, -139.858261108], [-130.224411011, 93.2387008667, -132.226501465, -125.501731873, -33.7920227051, -107.09287262, 16.8831062317, 54.58776474, 6.26381874084, -84.9933395386, -15.576300621, 112.413864136, 108.55960083], [-127.935699463, 131.360565186, -227.842254639, -82.9463043213, -29.5251426697, -221.300384521, 27.7648258209, 42.0918159485, -53.9316482544, -200.191574097, -139.858261108, 108.55960083, 295.100311279]],
