{
"lowlevel": {
    "average_loudness": 0.916330814362,
    "barkbands_crest": {
        "dmean": 1.05755245686,
        "dmean2": 1.36490607262,
        "dvar": 0.773615002632,
        "dvar2": 1.1729644537,
        "max": 18.2374477386,
        "mean": 14.6316614151,
        "median": 15.2294025421,
        "min": 8.87641239166,
        "var": 4.81822538376
    },
    "barkbands_flatness_db": {
        "dmean": 0.0139180235565,
        "dmean2": 0.018900308758,
        "dvar": 0.000433243811131,
        "dvar2": 0.00043282774277,
        "max": 0.448371499777,
        "mean": 0.367160618305,
        "median": 0.384530514479,
        "min": 0.1130881235,
        "var": 0.00335419364274
    },
    "barkbands_kurtosis": {
        "dmean": 5.57526445389,
        "dmean2": 9.29813766479,
        "dvar": 47.7569351196,
        "dvar2": 133.65322876,
        "max": 48.2895011902,
        "mean": 13.5865535736,
        "median": 10.8901576996,
        "min": -1.04318857193,
        "var": 152.296676636
    },
    "barkbands_skewness": {
        "dmean": 0.598268568516,
        "dmean2": 1.00041568279,
        "dvar": 0.537615656853,
        "dvar2": 1.50597941875,
        "max": 2.10082960129,
        "mean": -0.278101921082,
        "median": -0.14045150578,
        "min": -2.31834363937,
        "var": 0.993971288204
    },
    "barkbands_spread": {
        "dmean": 0.534050285816,
        "dmean2": 0.821118056774,
        "dvar": 0.488074719906,
        "dvar2": 1.23655736446,
        "max": 8.13195419312,
        "mean": 2.32025051117,
        "median": 2.19395852089,
        "min": 0.566831052303,
        "var": 1.8248360157
    },
    "dissonance": {
        "dmean": 0.0549563467503,
        "dmean2": 0.0919139757752,
        "dvar": 0.00226597627625,
        "dvar2": 0.00636473949999,
        "max": 0.419165432453,
        "mean": 0.221476122737,
        "median": 0.207990184426,
        "min": 0.114425346255,
        "var": 0.00443481467664
    },
    "dynamic_complexity": 3.91541051865,
    "erbbands_crest": {
        "dmean": 1.22380387783,
        "dmean2": 1.41363108158,
        "dvar": 1.88461613655,
        "dvar2": 2.03592324257,
        "max": 25.6401882172,
        "mean": 21.1666507721,
        "median": 23.4603118896,
        "min": 12.3327856064,
        "var": 17.1907787323
    },
    "erbbands_flatness_db": {
        "dmean": 0.011692375876,
        "dmean2": 0.0167695563287,
        "dvar": 0.000269828829914,
        "dvar2": 0.00027370286989,
        "max": 0.470753014088,
        "mean": 0.402564674616,
        "median": 0.418886512518,
        "min": 0.167793005705,
        "var": 0.00299044046551
    },
    "erbbands_kurtosis": {
        "dmean": 3.7327132225,
        "dmean2": 4.25949525833,
        "dvar": 21.1369419098,
        "dvar2": 35.3177986145,
        "max": 51.7103881836,
        "mean": 13.1477212906,
        "median": 10.8625526428,
        "min": -1.69780182838,
        "var": 192.556991577
    },
    "erbbands_skewness": {
        "dmean": 0.390509456396,
        "dmean2": 0.489855736494,
        "dvar": 0.134488880634,
        "dvar2": 0.270790666342,
        "max": 4.46017217636,
        "mean": 1.79438960552,
        "median": 2.11364293098,
        "min": -1.04360306263,
        "var": 1.91525018215
    },
    "erbbands_spread": {
        "dmean": 0.533483862877,
        "dmean2": 0.561456918716,
        "dvar": 1.12905693054,
        "dvar2": 1.20567321777,
        "max": 13.126042366,
        "mean": 3.49529099464,
        "median": 2.278008461,
        "min": 0.640819072723,
        "var": 5.45297193527
    },
    "hfc": {
        "dmean": 1.7735748291,
        "dmean2": 1.67080688477,
        "dvar": 8.91289806366,
        "dvar2": 6.50420188904,
        "max": 53.615901947,
        "mean": 17.2943820953,
        "median": 12.5653209686,
        "min": 0.0462536811829,
        "var": 234.57649231
    },
    "melbands_crest": {
        "dmean": 1.38110017776,
        "dmean2": 1.72827005386,
        "dvar": 2.2971572876,
        "dvar2": 4.78352308273,
        "max": 31.0077285767,
        "mean": 26.2918071747,
        "median": 28.2681350708,
        "min": 12.8903875351,
        "var": 21.2999744415
    },
    "melbands_flatness_db": {
        "dmean": 0.012821957469,
        "dmean2": 0.0160974115133,
        "dvar": 0.000443498924142,
        "dvar2": 0.000344915868482,
        "max": 0.547876775265,
        "mean": 0.46860063076,
        "median": 0.48283341527,
        "min": 0.193489342928,
        "var": 0.00327597046271
    },
    "melbands_kurtosis": {
        "dmean": 4.17033290863,
        "dmean2": 6.53029346466,
        "dvar": 21.7674713135,
        "dvar2": 52.3914985657,
        "max": 35.9400215149,
        "mean": 9.30358028412,
        "median": 6.39263057709,
        "min": -1.4208534956,
        "var": 96.4379043579
    },
    "melbands_skewness": {
        "dmean": 0.526019096375,
        "dmean2": 0.809076964855,
        "dvar": 0.400570183992,
        "dvar2": 1.0043309927,
        "max": 2.54650950432,
        "mean": -0.463690876961,
        "median": -0.33759367466,
        "min": -3.27410531044,
        "var": 1.93118321896
    },
    "melbands_spread": {
        "dmean": 1.07657277584,
        "dmean2": 1.64953184128,
        "dvar": 1.24605345726,
        "dvar2": 3.92260456085,
        "max": 10.5244989395,
        "mean": 4.68018627167,
        "median": 4.34173870087,
        "min": 0.846093416214,
        "var": 7.272356987
    },
    "pitch_salience": {
        "dmean": 0.0326949134469,
        "dmean2": 0.0362415723503,
        "dvar": 0.00273651722819,
        "dvar2": 0.00330306985416,
        "max": 0.851650416851,
        "mean": 0.297884911299,
        "median": 0.225324422121,
        "min": 0.0802349448204,
        "var": 0.0224165543914
    },
    "silence_rate_20dB": {
        "dmean": 0,
        "dmean2": 0,
        "dvar": 0,
        "dvar2": 0,
        "max": 1,
        "mean": 1,
        "median": 1,
        "min": 1,
        "var": 0
    },
    "silence_rate_30dB": {
        "dmean": 0,
        "dmean2": 0,
        "dvar": 0,
        "dvar2": 0,
        "max": 1,
        "mean": 1,
        "median": 1,
        "min": 1,
        "var": 0
    },
    "silence_rate_60dB": {
        "dmean": 0.0111111113802,
        "dmean2": 0.0224719103426,
        "dvar": 0.0109876515344,
        "dvar2": 0.0219669211656,
        "max": 1,
        "mean": 0.164835169911,
        "median": 0,
        "min": 0,
        "var": 0.137664541602
    },
    "spectral_centroid": {
        "dmean": 15.9165477753,
        "dmean2": 14.0881910324,
        "dvar": 362.568481445,
        "dvar2": 317.601654053,
        "max": 1015.02893066,
        "mean": 685.892150879,
        "median": 632.339172363,
        "min": 484.145568848,
        "var": 11490.0732422
    },
    "spectral_complexity": {
        "dmean": 0.744444429874,
        "dmean2": 1.33707869053,
        "dvar": 0.523580491543,
        "dvar2": 1.2796369791,
        "max": 6,
        "mean": 3.25274729729,
        "median": 3,
        "min": 0,
        "var": 0.980074644089
    },
    "spectral_decrease": {
        "dmean": 5.5274673727e-10,
        "dmean2": 5.59056967386e-10,
        "dvar": 6.53811621173e-19,
        "dvar2": 4.58519241633e-19,
        "max": -1.58692538277e-11,
        "mean": -5.69905811432e-09,
        "median": -4.65399896399e-09,
        "min": -1.47658321126e-08,
        "var": 2.01286097171e-17
    },
    "spectral_energy": {
        "dmean": 0.00224194140173,
        "dmean2": 0.00225560949184,
        "dvar": 1.09065567813e-05,
        "dvar2": 7.69374582887e-06,
        "max": 0.0597216412425,
        "mean": 0.0230781603605,
        "median": 0.0189268235117,
        "min": 6.40897123958e-05,
        "var": 0.000334139942424
    },
    "spectral_energyband_high": {
        "dmean": 5.25516213656e-07,
        "dmean2": 6.47336662496e-07,
        "dvar": 4.88301413193e-12,
        "dvar2": 4.5523307346e-12,
        "max": 3.21122424793e-05,
        "mean": 2.73372415904e-06,
        "median": 2.17829324356e-06,
        "min": 7.40757229778e-07,
        "var": 1.15739050288e-11
    },
    "spectral_energyband_low": {
        "dmean": 8.69401410455e-05,
        "dmean2": 0.0001588837913,
        "dvar": 1.06859827653e-08,
        "dvar2": 3.25201838791e-08,
        "max": 0.000697425799444,
        "mean": 0.000135996902827,
        "median": 0.000108208034362,
        "min": 2.29204169955e-06,
        "var": 1.11153735105e-08
    },
    "spectral_energyband_middle_high": {
        "dmean": 0.000937255623285,
        "dmean2": 0.000673907459714,
        "dvar": 4.34948742623e-06,
        "dvar2": 3.03958631775e-06,
        "max": 0.02971775271,
        "mean": 0.00500641856343,
        "median": 0.000655994925182,
        "min": 7.70178849052e-06,
        "var": 6.5368367359e-05
    },
    "spectral_energyband_middle_low": {
        "dmean": 0.00187210470904,
        "dmean2": 0.00192647858057,
        "dvar": 7.17521879778e-06,
        "dvar2": 4.44152237833e-06,
        "max": 0.0569595731795,
        "mean": 0.0179467257112,
        "median": 0.016277493909,
        "min": 5.45423717995e-05,
        "var": 0.000191944665858
    },
    "spectral_entropy": {
        "dmean": 0.144802585244,
        "dmean2": 0.184528887272,
        "dvar": 0.0765288025141,
        "dvar2": 0.0704781785607,
        "max": 7.75210666656,
        "mean": 4.74473333359,
        "median": 4.55130338669,
        "min": 3.97152328491,
        "var": 0.387595534325
    },
    "spectral_flux": {
        "dmean": 0.00718581490219,
        "dmean2": 0.0114054828882,
        "dvar": 0.00011298712343,
        "dvar2": 0.000157094793394,
        "max": 0.148965030909,
        "mean": 0.0200402606279,
        "median": 0.0160281639546,
        "min": 0.0061688288115,
        "var": 0.000341120932717
    },
    "spectral_kurtosis": {
        "dmean": 7.27088165283,
        "dmean2": 11.7844552994,
        "dvar": 46.4323883057,
        "dvar2": 129.32611084,
        "max": 79.7903213501,
        "mean": 44.3402442932,
        "median": 46.4019699097,
        "min": 4.87231492996,
        "var": 303.514099121
    },
    "spectral_rms": {
        "dmean": 0.00022908335086,
        "dmean2": 0.000238343447563,
        "dvar": 8.57394368836e-08,
        "dvar2": 6.30378522715e-08,
        "max": 0.00763315241784,
        "mean": 0.00430192286149,
        "median": 0.00429711444303,
        "min": 0.000250053097261,
        "var": 4.0087297748e-06
    },
    "spectral_rolloff": {
        "dmean": 22.2509765625,
        "dmean2": 42.0986213684,
        "dvar": 10988.6835938,
        "dvar2": 20421.7421875,
        "max": 1248.92578125,
        "mean": 823.703063965,
        "median": 624.462890625,
        "min": 624.462890625,
        "var": 82163.7265625
    },
    "spectral_skewness": {
        "dmean": 0.495957314968,
        "dmean2": 0.813748240471,
        "dvar": 0.209944829345,
        "dvar2": 0.55007392168,
        "max": 7.65590333939,
        "mean": 5.49326992035,
        "median": 5.65179538727,
        "min": 2.3707511425,
        "var": 1.26129639149
    },
    "spectral_spread": {
        "dmean": 533438.8125,
        "dmean2": 670102.6875,
        "dvar": 2.01573780685e+12,
        "dvar2": 847081373696,
        "max": 22050964,
        "mean": 2577406.25,
        "median": 2161546.25,
        "min": 1171015.25,
        "var": 5.36961404109e+12
    },
    "spectral_strongpeak": {
        "dmean": 0.266269683838,
        "dmean2": 0.287741065025,
        "dvar": 0.718858778477,
        "dvar2": 0.852681815624,
        "max": 8.48718547821,
        "mean": 3.19727444649,
        "median": 3.22650790215,
        "min": 0.0214369744062,
        "var": 2.79632377625
    },
    "zerocrossingrate": {
        "dmean": 0.0017198350979,
        "dmean2": 0.00198604282923,
        "dvar": 1.32943696372e-05,
        "dvar2": 1.03768079498e-05,
        "max": 0.056640625,
        "mean": 0.030396848917,
        "median": 0.0283203125,
        "min": 0.0068359375,
        "var": 4.67332029075e-05
    },
    "barkbands": {
        "dmean": [3.86289730159e-06, 6.39312856947e-05, 3.51857524947e-05, 2.24675131903e-05, 9.01037419681e-05, 1.19153746709e-05, 7.28753002477e-06, 0.00104905874468, 0.00113187835086, 4.7704620556e-06, 3.01811314785e-06, 0.000905418710317, 5.84100016567e-05, 6.90003730597e-07, 3.90085097024e-06, 2.92724678275e-07, 7.62750062222e-07, 3.02297252119e-07, 1.54429471877e-07, 3.5893799577e-07, 1.11170521677e-07, 1.51285291849e-07, 9.73130411808e-08, 7.45228732058e-08, 7.45494119769e-08, 8.52012718155e-08, 1.52458284219e-07],
        "dmean2": [7.02685565557e-06, 0.000114600821689, 6.37328921584e-05, 3.77036049031e-05, 0.000136352959089, 2.16632834054e-05, 1.10802511699e-05, 0.00129123835359, 0.00100796145853, 5.76442062084e-06, 3.40562883139e-06, 0.000650319620036, 6.10979695921e-05, 7.91094407759e-07, 3.8012137793e-06, 3.60445739034e-07, 9.2578721933e-07, 3.66027393284e-07, 2.08316961903e-07, 4.75634038821e-07, 1.4276325544e-07, 2.16004352183e-07, 9.97763507371e-08, 8.78028245666e-08, 1.06360786845e-07, 1.21049765767e-07, 2.27801223218e-07],
        "dvar": [9.56052424728e-12, 7.11456760172e-09, 1.43318301671e-09, 7.47991335537e-10, 1.56648987115e-08, 1.43747555525e-10, 1.76160266929e-10, 1.34637821247e-06, 2.84285056296e-06, 9.88722770323e-10, 5.39910394171e-10, 4.50474362879e-06, 1.11534443903e-08, 2.69202733022e-11, 9.61522389487e-11, 3.34413659958e-12, 2.05395206052e-12, 4.59663882478e-13, 5.3111047461e-13, 7.58266116997e-13, 5.59115301529e-14, 2.58314853882e-13, 1.73966472738e-13, 8.8150081852e-14, 9.01448783241e-14, 8.26024903859e-14, 9.88058511961e-14],
        "dvar2": [2.67652948416e-11, 2.21719922422e-08, 3.88469612034e-09, 1.74154124455e-09, 3.02846281386e-08, 3.93014232269e-10, 2.226101109e-10, 1.35965319714e-06, 1.90421962998e-06, 1.03382935546e-09, 5.5476612193e-10, 3.35108302352e-06, 2.02281640327e-08, 2.70450554313e-11, 9.2163679466e-11, 3.3836596719e-12, 3.23878467448e-12, 4.80234667137e-13, 5.00173145089e-13, 1.0781895125e-12, 4.97116826599e-14, 5.69103032928e-13, 6.64043337461e-14, 6.13826480964e-14, 9.06659526644e-14, 8.79147354416e-14, 1.12734271245e-13],
        "max": [1.5648200133e-05, 0.000575752172153, 0.00020006854902, 0.000272534496617, 0.00102121115196, 0.000108971820737, 0.000122484430904, 0.0213683024049, 0.0354409068823, 0.000311840558425, 0.000223899551202, 0.0275846682489, 0.00220918655396, 4.9922389735e-05, 0.000115730719699, 1.77717702172e-05, 3.52835086233e-05, 9.55373707257e-06, 7.4389290603e-06, 1.47518130689e-05, 4.54762812296e-06, 6.38297660771e-06, 5.92795458942e-06, 3.76829166271e-06, 3.11460530611e-06, 3.00320311908e-06, 3.34556898451e-06],
        "mean": [3.88856688005e-06, 7.5975258369e-05, 4.32486303907e-05, 3.02056469081e-05, 0.000171202627826, 2.38720567722e-05, 1.19935384646e-05, 0.00605269987136, 0.0116539960727, 6.52550306768e-06, 3.43094529853e-06, 0.00463507603854, 0.000346085696947, 8.34101058445e-07, 8.65176116349e-06, 3.98625900289e-07, 4.91194668939e-06, 7.26187749933e-07, 2.74979441883e-07, 1.13777809929e-06, 3.2794102367e-07, 3.73929651687e-07, 2.4185555958e-07, 2.30158931913e-07, 2.49537237096e-07, 3.56840757831e-07, 9.38289019814e-07],
        "median": [2.54977521763e-06, 5.29856552021e-05, 2.93475131912e-05, 1.9412023903e-05, 9.86555096461e-05, 1.93054547708e-05, 8.75980822457e-06, 0.00556482747197, 0.0105857457966, 1.7973377453e-06, 7.0407389785e-07, 0.000633910996839, 2.09472018469e-05, 2.50865667795e-07, 4.32535046002e-07, 1.78698996933e-07, 5.52207268356e-07, 1.63912218909e-07, 1.80267534233e-07, 2.41039515458e-07, 1.75392870005e-07, 1.4914530766e-07, 1.43724889767e-07, 1.75851710082e-07, 2.07635267202e-07, 3.26723920807e-07, 9.50538549205e-07],
        "min": [1.26494398955e-07, 4.67184861463e-07, 6.16729494141e-07, 3.145479468e-07, 2.2744841317e-06, 2.95440167974e-06, 2.14416877498e-06, 1.72842101165e-05, 2.21457630687e-05, 4.22640368924e-07, 5.99947327373e-08, 2.13390899262e-06, 9.82407300398e-07, 4.30366497994e-08, 5.78860195333e-08, 5.43122062879e-08, 6.70427482419e-08, 4.84617110885e-08, 6.90272585757e-08, 9.63332738024e-08, 9.30494579165e-08, 8.18433534278e-08, 7.64398464526e-08, 7.227180987e-08, 7.19945987271e-08, 7.99872310608e-08, 1.07313013586e-07],
        "var": [1.31852063989e-11, 6.19785955891e-09, 1.62991431463e-09, 1.49489753909e-09, 4.24278141509e-08, 2.15838111273e-10, 2.03029246193e-10, 2.3311449695e-05, 8.31554862089e-05, 1.04889541497e-09, 5.40827105322e-10, 5.60129155929e-05, 3.59409796147e-07, 2.67965875184e-11, 4.55621901319e-10, 3.36778348264e-12, 7.94472543308e-11, 2.28886462735e-12, 5.75011501087e-13, 6.74704866629e-12, 3.87701047481e-13, 9.80376370363e-13, 4.10419365594e-13, 1.48095023658e-13, 9.31647947265e-14, 8.14985354051e-14, 9.76628988184e-14]
    },
    "erbbands": {
        "dmean": [0.00188086857088, 0.0149281062186, 0.0404270738363, 0.0515745282173, 0.158828467131, 0.499920219183, 0.150423467159, 0.0921876505017, 0.110302172601, 1.04645371437, 38.397731781, 16.6088523865, 0.625366270542, 0.124588064849, 0.543383002281, 31.6174125671, 13.8398561478, 0.332666933537, 0.0999686345458, 0.136014118791, 0.0194555241615, 0.053852416575, 0.00827930588275, 0.0177901741117, 0.0167556796223, 0.00681011611596, 0.00414042361081, 0.00519318878651, 0.00738081755117, 0.00342671736144, 0.00254133087583, 0.00173067813739, 0.00122638745233, 0.000840885099024, 0.000623767671641, 0.000339184101904, 0.000187024910701, 8.51581935422e-05, 2.24959439947e-05, 3.91707408198e-06],
        "dmean2": [0.00337934168056, 0.0272197276354, 0.0743149593472, 0.0879236832261, 0.279389619827, 0.740174889565, 0.215985476971, 0.162226840854, 0.191061154008, 1.24325728416, 41.5621261597, 16.0151023865, 0.607641220093, 0.131396695971, 0.38748562336, 22.8825206757, 10.0283880234, 0.230914369226, 0.0921611040831, 0.134770929813, 0.0238797422498, 0.0595245808363, 0.0098098795861, 0.0232088826597, 0.023416345939, 0.00931172259152, 0.00617651129141, 0.00746242934838, 0.0102008385584, 0.00405194004998, 0.00252552935854, 0.00218852492981, 0.00147704349365, 0.00117368146311, 0.000895241333637, 0.000484391086502, 0.000271170632914, 0.000135794005473, 3.35423937941e-05, 5.20486310052e-06],
        "dvar": [5.10139307153e-06, 0.00041087140562, 0.00195030018222, 0.0027529054787, 0.0405985191464, 0.572504103184, 0.0316149815917, 0.00552979391068, 0.0145619884133, 1.7061727047, 2561.04589844, 610.38494873, 2.28183412552, 0.685577690601, 0.813645780087, 5087.49316406, 952.097106934, 0.327098041773, 0.054335616529, 0.112853720784, 0.00908852275461, 0.00991747714579, 0.000652780756354, 0.00171125330962, 0.00132240389939, 0.00017063805717, 0.000159902629093, 0.000163767370395, 0.000662586826365, 0.000127991879708, 9.23603365663e-05, 5.03182891407e-05, 1.74245142261e-05, 1.18428670248e-05, 4.75988144899e-06, 1.32975856104e-06, 2.77985662933e-07, 3.46795836492e-08, 1.91164506447e-09, 1.7345520853e-11],
        "dvar2": [1.55408943101e-05, 0.00124414847232, 0.00548638263717, 0.00719888135791, 0.117186374962, 1.02323877811, 0.0635426044464, 0.014382221736, 0.0267894994467, 1.48103916645, 1854.45666504, 367.454559326, 1.95910716057, 0.703991293907, 0.495834320784, 3773.12329102, 625.906005859, 0.171311825514, 0.047267165035, 0.100289069116, 0.0100783063099, 0.0128836082295, 0.000613227137364, 0.00207600160502, 0.00179297907744, 0.000180487826583, 0.0001718380081, 0.000199135189177, 0.00158362311777, 9.04359330889e-05, 2.74628273473e-05, 4.51569176221e-05, 8.45177964948e-06, 1.19134356282e-05, 4.86675298816e-06, 1.30219405037e-06, 3.30915128188e-07, 3.86621827886e-08, 2.31151875418e-09, 2.12714967168e-11],
        "max": [0.0136947976425, 0.134163737297, 0.26023760438, 0.449708789587, 1.23581564426, 6.20233774185, 1.40370285511, 0.67345303297, 1.14329123497, 23.5059680939, 1045.81884766, 532.479797363, 18.7760639191, 8.82758235931, 20.0583705902, 973.941345215, 449.797088623, 12.2881498337, 3.23049736023, 3.84360837936, 1.13915646076, 2.41064667702, 0.429600924253, 0.529868423939, 0.711971282959, 0.295449465513, 0.164386212826, 0.216860368848, 0.269979059696, 0.202536374331, 0.146834850311, 0.0824383348227, 0.0583471022546, 0.0361022688448, 0.0225921906531, 0.0122408652678, 0.00542913470417, 0.00195020576939, 0.000470714032417, 8.62759188749e-05],
        "mean": [0.00217298977077, 0.0171026755124, 0.0492368601263, 0.0781156644225, 0.263938009739, 0.810951650143, 0.252717196941, 0.200818613172, 0.40691408515, 7.08658409119, 316.931518555, 172.963012695, 5.3382935524, 0.525123238564, 3.60615444183, 164.710281372, 75.0567932129, 2.11104059219, 0.323672473431, 0.321105033159, 0.0608930028975, 0.332819163799, 0.0328384637833, 0.0453256107867, 0.0578336827457, 0.026576647535, 0.0114961871877, 0.0148675376549, 0.0144703667611, 0.00989931635559, 0.00678677298129, 0.0047039850615, 0.00392687879503, 0.00263474741951, 0.00189607497305, 0.0012398090912, 0.000699798809364, 0.000320185965393, 0.00012996669102, 4.30241598224e-05],
        "median": [0.00150911044329, 0.0128512922674, 0.0335276313126, 0.0561198033392, 0.196310207248, 0.35856616497, 0.114294946194, 0.16502404213, 0.392943352461, 6.40967655182, 285.620269775, 157.283660889, 4.84665203094, 0.348136246204, 0.538645505905, 22.9605827332, 9.01722812653, 0.259194344282, 0.0295804459602, 0.0225190930068, 0.0130503093824, 0.0363039672375, 0.00971860811114, 0.0113955372944, 0.012678832747, 0.0112906582654, 0.00871682912111, 0.00613311119378, 0.00530531303957, 0.00477774627507, 0.00418015709147, 0.00363708240911, 0.00302355922759, 0.00221910094842, 0.00160209985916, 0.00112435396295, 0.000641404301859, 0.000301576132188, 0.000126694329083, 3.85503990401e-05],
        "min": [9.26983375393e-06, 0.000132383182063, 0.00094875053037, 0.00373929529451, 0.0118064926937, 0.0098459944129, 0.00901221297681, 0.0226292908192, 0.0278906151652, 0.0898524299264, 0.556735694408, 0.50488036871, 0.150257140398, 0.0388732515275, 0.0443559400737, 0.091525837779, 0.0522667020559, 0.0232744235545, 0.00618983944878, 0.00470635853708, 0.00406583910808, 0.00419983873144, 0.00322934007272, 0.00302913039923, 0.00468858797103, 0.00412895390764, 0.0037014184054, 0.00230653886683, 0.00241188285872, 0.00247958232649, 0.00198809592985, 0.0017611507792, 0.00106117792893, 0.000802058842964, 0.000536166829988, 0.000339918275131, 0.000136761256726, 5.13999839313e-05, 1.53487453645e-05, 1.83341262527e-06],
        "var": [5.46643832422e-06, 0.000331145565724, 0.00202330807224, 0.0049394085072, 0.0572875551879, 1.38587415218, 0.09456589818, 0.0107738478109, 0.0427585914731, 29.5111961365, 62111.8242188, 18149.9472656, 17.6080360413, 0.883043289185, 32.4571800232, 70096.5078125, 14933.8642578, 11.5212697983, 0.418146669865, 0.564550280571, 0.0181343201548, 0.369364470243, 0.00348131963983, 0.00822086632252, 0.0176583137363, 0.00251015042886, 0.000303393986542, 0.00118536292575, 0.00169731362257, 0.000658172182739, 0.000262396992184, 6.97036375641e-05, 3.67147586076e-05, 1.26920285766e-05, 4.90657794217e-06, 1.39663552545e-06, 2.70927415613e-07, 3.4040901653e-08, 1.91223636925e-09, 4.20133455803e-10]
    },
    "gfcc": {
        "mean": [-175.685089111, 130.101547241, -84.5436782837, -62.1184577942, -64.0015106201, 8.65393257141, -0.538911104202, 8.76851272583, -11.8736934662, 4.56470012665, -9.88549900055, -22.4127902985, -37.4316940308],
        "cov": [[1427.52392578, 182.206268311, -1084.77148438, -415.431671143, 203.686172485, 133.314727783, -32.9851989746, -209.966079712, -92.1167526245, -65.324546814, 63.2562217712, -51.7501754761, -125.830970764], [182.206268311, 210.849151611, -2.35648059845, -129.121826172, 22.2843418121, 27.6744594574, 30.1261119843, -14.7651557922, -8.0855255127, -0.384360432625, 23.9613952637, -26.0435085297, -29.0323238373], [-1084.77148438, -2.35648059845, 1177.38220215, 362.422912598, -221.511138916, -110.711044312, 65.7054443359, 190.067337036, 63.7152252197, 50.927898407, -53.8529930115, 31.4032745361, 103.944648743], [-415.431671143, -129.121826172, 362.422912598, 274.942718506, -54.8753471375, -61.8348960876, -16.1926898956, 43.6922607422, 10.4221324921, 4.98039340973, -33.3257522583, 41.0937919617, 72.5362319946], [203.686172485, 22.2843418121, -221.511138916, -54.8753471375, 92.0048065186, 41.8734855652, -10.4556217194, -33.0153121948, -4.92199993134, 4.20653009415, 21.1357555389, -0.10411079973, -18.8823165894], [133.314727783, 27.6744594574, -110.711044312, -61.8348960876, 41.8734855652, 72.5928955078, 26.6201553345, -17.3136768341, 4.29432725906, 18.9149227142, 23.9339065552, -3.12912297249, -32.3425140381], [-32.9851989746, 30.1261119843, 65.7054443359, -16.1926898956, -10.4556217194, 26.6201553345, 65.7709579468, 54.8026275635, 38.9092750549, 28.3454475403, 17.4096603394, -9.55201244354, -22.1597709656], [-209.966079712, -14.7651557922, 190.067337036, 43.6922607422, -33.0153121948, -17.3136768341, 54.8026275635, 117.079620361, 69.0447616577, 26.9385547638, 0.368903934956, -6.04198932648, 3.71092128754], [-92.1167526245, -8.0855255127, 63.7152252197, 10.4221324921, -4.92199993134, 4.29432725906, 38.9092750549, 69.0447616577, 58.9764099121, 24.4405727386, 9.28664684296, 0.561982572079, 0.899818956852], [-65.324546814, -0.384360432625, 50.927898407, 4.98039340973, 4.20653009415, 18.9149227142, 28.3454475403, 26.9385547638, 24.4405727386, 30.8398113251, 17.2356357574, 8.43251228333, 3.34025168419], [63.2562217712, 23.9613952637, -53.8529930115, -33.3257522583, 21.1357555389, 23.9339065552, 17.4096603394, 0.368903934956, 9.28664684296, 17.2356357574, 27.3376407623, 5.88547897339, -6.78403997421], [-51.7501754761, -26.0435085297, 31.4032745361, 41.0937919617, -0.10411079973, -3.12912297249, -9.55201244354, -6.04198932648, 0.561982572079, 8.43251228333, 5.88547897339, 26.3932476044, 23.7649002075], [-125.830970764, -29.0323238373, 103.944648743, 72.5362319946, -18.8823165894, -32.3425140381, -22.1597709656, 3.71092128754, 0.899818956852, 3.34025168419, -6.78403997421, 23.7649002075, 46.7860679626]],
        "icov": [[0.004680857528, -0.00514018116519, 0.00543347746134, -0.00237379898317, 0.00310254027136, -0.00381141644903, -0.00207101833075, -0.00228533893824, 0.00395118957385, 0.00465962523594, -0.00077077082824, -0.000461875897599, -0.00145986676216], [-0.00514018116519, 0.0503063872457, -0.029933962971, 0.0423164069653, -0.054198756814, 0.0108760297298, -0.0651006549597, 0.0349648892879, -0.0113267442212, 0.0926326587796, -0.0383201092482, 0.0211582463235, -0.0523724406958], [0.00543347746134, -0.029933962971, 0.0230236109346, -0.02687808685, 0.0366746857762, -0.00976396631449, 0.0333767011762, -0.0252406038344, 0.0142723694444, -0.0544182807207, 0.0226065590978, -0.00826592184603, 0.0235076341778], [-0.00237379898317, 0.0423164069653, -0.02687808685, 0.0491768606007, -0.0538949593902, 0.00987498741597, -0.0671000629663, 0.0280161779374, -0.00515565183014, 0.0905543491244, -0.0180646572262, -0.000109049411549, -0.0545116886497], [0.00310254027136, -0.054198756814, 0.0366746857762, -0.0538949593902, 0.0932275950909, -0.0239761117846, 0.0989889875054, -0.0438502579927, 0.00863174069673, -0.122424565256, 0.0258426982909, -0.00947027746588, 0.0653361827135], [-0.00381141644903, 0.0108760297298, -0.00976396631449, 0.00987498741597, -0.0239761117846, 0.0576635636389, -0.0234854985029, 0.0318363197148, -0.0163921620697, -0.0194380227476, 0.0032445769757, -0.0158001817763, 0.0296165850013], [-0.00207101833075, -0.0651006549597, 0.0333767011762, -0.0671000629663, 0.0989889875054, -0.0234854985029, 0.193285763264, -0.0661849305034, -0.0033255352173, -0.188500329852, 0.0202430095524, -0.00772434240207, 0.124804250896], [-0.00228533893824, 0.0349648892879, -0.0252406038344, 0.0280161779374, -0.0438502579927, 0.0318363197148, -0.0661849305034, 0.0887183248997, -0.0647235363722, 0.0625789165497, -0.0235031116754, 0.0263205207884, -0.0258828103542], [0.00395118957385, -0.0113267442212, 0.0142723694444, -0.00515565183014, 0.00863174069673, -0.0163921620697, -0.0033255352173, -0.0647235363722, 0.0950039997697, -0.0247333031148, 0.0162407271564, -0.0150086395442, -0.0144898816943], [0.00465962523594, 0.0926326587796, -0.0544182807207, 0.0905543491244, -0.122424565256, -0.0194380227476, -0.188500329852, 0.0625789165497, -0.0247333031148, 0.367326617241, -0.128127321601, 0.0280592795461, -0.165150746703], [-0.00077077082824, -0.0383201092482, 0.0226065590978, -0.0180646572262, 0.0258426982909, 0.0032445769757, 0.0202430095524, -0.0235031116754, 0.0162407271564, -0.128127321601, 0.160357013345, -0.0703273117542, 0.0438648276031], [-0.000461875897599, 0.0211582463235, -0.00826592184603, -0.000109049411549, -0.00947027746588, -0.0158001817763, -0.00772434240207, 0.0263205207884, -0.0150086395442, 0.0280592795461, -0.0703273117542, 0.143755421042, -0.0750025510788], [-0.00145986676216, -0.0523724406958, 0.0235076341778, -0.0545116886497, 0.0653361827135, 0.0296165850013, 0.124804250896, -0.0258828103542, -0.0144898816943, -0.165150746703, 0.0438648276031, -0.0750025510788, 0.181770727038]]
    },
    "melbands": {
        "dmean": [1.71026440512e-05, 2.03068448172e-05, 1.04154169094e-05, 2.38393877225e-05, 8.98593407328e-06, 2.17698584493e-06, 1.51620361066e-06, 1.09698121378e-05, 0.000378150085453, 8.4025428805e-05, 1.04573507542e-06, 4.50270817964e-07, 4.68482227234e-07, 2.50071007031e-05, 0.000127937862999, 9.89408476926e-07, 8.14006639871e-08, 6.87318575388e-08, 4.14105187474e-07, 2.62047041844e-08, 1.8869716456e-08, 7.45112700429e-08, 6.94339030716e-09, 1.13397016221e-08, 1.55249999523e-08, 8.01655009042e-09, 2.16601829806e-08, 3.3272726796e-09, 3.09901282414e-09, 2.8880009495e-09, 2.78475975612e-09, 5.64112490054e-09, 2.11728479194e-09, 2.16485607218e-09, 1.79635673003e-09, 1.17689302748e-09, 1.15263931733e-09, 9.98119142892e-10, 8.83035589094e-10, 7.07073066764e-10],
        "dmean2": [2.98084814858e-05, 3.65185878763e-05, 1.79349099199e-05, 3.85883140552e-05, 1.14566373668e-05, 3.88526814277e-06, 2.6493785299e-06, 1.52786760736e-05, 0.000396282644942, 7.75133448769e-05, 1.24353584852e-06, 5.0778419336e-07, 5.24469271568e-07, 1.90529281099e-05, 9.24511332414e-05, 1.0306026752e-06, 9.18070526268e-08, 7.44028696431e-08, 4.20855371885e-07, 3.27067866124e-08, 2.35717756425e-08, 8.36679774352e-08, 8.19615220138e-09, 1.22620109622e-08, 2.06302139816e-08, 1.03892192627e-08, 2.82486727343e-08, 4.77146544497e-09, 4.56973747731e-09, 4.29814939196e-09, 3.161152895e-09, 8.18468937069e-09, 3.00994162927e-09, 2.12571515945e-09, 1.64587377061e-09, 1.6108164802e-09, 1.51043422214e-09, 1.1863344751e-09, 1.29985799902e-09, 1.0044900467e-09],
        "dvar": [4.67812732996e-10, 5.04903785448e-10, 1.14080536684e-10, 9.95615589972e-10, 1.60768412472e-10, 3.11738959299e-12, 3.72795370962e-12, 2.77645850755e-10, 2.68745935728e-07, 1.55024437731e-08, 4.89838308804e-11, 1.13815623592e-11, 1.33016367018e-11, 2.68156896688e-09, 8.82528610191e-08, 1.8102384175e-11, 4.08736927767e-13, 5.18732497549e-14, 1.11076913726e-12, 2.3383862392e-14, 1.46158719893e-14, 1.97536028469e-14, 3.20980620733e-16, 6.49159645089e-16, 1.29624003605e-15, 4.43381990279e-16, 3.06288490156e-15, 1.22605411842e-16, 9.92071589953e-17, 3.86012336265e-17, 3.98664063734e-17, 4.00757757126e-16, 4.48693403019e-17, 5.64600663602e-17, 4.39854514952e-17, 2.00669169327e-17, 1.9297185668e-17, 8.10297690815e-18, 9.43675601505e-18, 8.06987727594e-18],
        "dvar2": [1.50931056542e-09, 1.53151469284e-09, 2.84265472272e-10, 2.29078489511e-09, 2.38505132311e-10, 8.19871601165e-12, 5.67649443076e-12, 3.26532023642e-10, 1.79860279559e-07, 9.80276038121e-09, 4.99099303553e-11, 1.18348872369e-11, 1.36821257449e-11, 2.02771466284e-09, 6.22320754928e-08, 2.25766298018e-11, 4.13547776752e-13, 5.0025332184e-14, 1.08822727305e-12, 2.34337306097e-14, 1.52473130286e-14, 2.69901390462e-14, 2.49978639795e-16, 4.07204630766e-16, 1.67492443221e-15, 3.42353247226e-16, 4.38781023776e-15, 1.13347513782e-16, 1.1988239944e-16, 5.06712446753e-17, 3.25068845105e-17, 1.00636397392e-15, 4.8016114023e-17, 2.10067049508e-17, 1.14241351917e-17, 2.11964668007e-17, 1.73117321679e-17, 2.80306632137e-18, 1.01658660942e-17, 8.0636155187e-18],
        "max": [0.000144051475218, 0.000124448313727, 9.45748906815e-05, 0.000230002624448, 0.000113304777187, 1.49576626427e-05, 1.76559278771e-05, 0.000149681756739, 0.0108327269554, 0.00268483650871, 6.88889340381e-05, 3.29416325258e-05, 3.53363393515e-05, 0.000772291910835, 0.00400789733976, 5.7849320001e-05, 6.13085194345e-06, 2.2764465939e-06, 1.24027237689e-05, 1.62416824878e-06, 1.17679314826e-06, 3.27724205818e-06, 3.63173654705e-07, 4.11373008546e-07, 4.3703195729e-07, 3.51821228151e-07, 8.81122787177e-07, 1.20118045288e-07, 1.05689935026e-07, 9.80619461188e-08, 1.21367676797e-07, 2.03380437824e-07, 1.11662423308e-07, 1.26042635884e-07, 1.04879994467e-07, 4.85994569033e-08, 5.0385761341e-08, 4.4475676475e-08, 3.15909289839e-08, 2.95059212618e-08],
        "mean": [2.02664887183e-05, 2.51194487646e-05, 1.69870672835e-05, 4.09822423535e-05, 1.52392849486e-05, 4.625812835e-06, 3.54965118277e-06, 1.73240896402e-05, 0.00332705071196, 0.000885256798938, 1.43304816902e-06, 5.70852989767e-07, 5.73463410092e-07, 0.000133267138153, 0.000669778441079, 3.90464947486e-06, 9.56536183594e-08, 1.32836362354e-07, 9.03938655483e-07, 5.08361353013e-08, 2.77561387207e-08, 4.47437372486e-07, 3.38626549024e-08, 2.57950212301e-08, 3.74943702752e-08, 1.97371399224e-08, 6.28545961945e-08, 7.39654515414e-09, 6.79455336439e-09, 8.15778555818e-09, 7.16843429061e-09, 9.68750413222e-09, 5.61461810378e-09, 5.20975751428e-09, 4.38924807611e-09, 2.81474843433e-09, 2.8541882191e-09, 2.90612045539e-09, 2.3139585803e-09, 2.13688178263e-09],
        "median": [1.44440218719e-05, 1.92388833966e-05, 1.2125738067e-05, 2.37307758653e-05, 5.76679667574e-06, 3.75716308554e-06, 3.12255042445e-06, 1.19695905596e-05, 0.0030592114199, 0.000803611415904, 5.04820491187e-07, 1.01956509013e-07, 1.17639885389e-07, 2.01061229745e-05, 8.54444951983e-05, 2.50327644835e-07, 2.70277968895e-08, 2.81643615097e-08, 3.2383162818e-08, 1.72398380016e-08, 1.17370850816e-08, 4.85048659016e-08, 9.96084814631e-09, 7.01446545293e-09, 9.66629709609e-09, 8.73567529425e-09, 1.00545003434e-08, 5.95787641444e-09, 5.3455413429e-09, 4.19703161114e-09, 3.26797566785e-09, 2.94413560198e-09, 2.70907007938e-09, 2.56982035651e-09, 2.43590680959e-09, 2.15062034847e-09, 2.18304752053e-09, 2.16264961495e-09, 1.9165107279e-09, 1.78533132722e-09],
        "min": [1.11322790985e-07, 3.87282625525e-07, 8.3268889739e-07, 4.41191787104e-07, 2.29555539022e-07, 5.19256218467e-07, 4.18566116878e-07, 9.06542936718e-07, 5.10453082825e-06, 2.84096449832e-06, 5.32099271311e-08, 2.92646529232e-08, 1.49914054504e-08, 1.8746622743e-07, 2.46225681622e-07, 3.2336185285e-08, 4.44953407452e-09, 6.84753187485e-09, 4.00245792065e-09, 5.01576247203e-09, 3.95046662049e-09, 3.84863563241e-09, 2.36488206795e-09, 2.0197237216e-09, 2.32914842968e-09, 2.49251730366e-09, 2.98745694849e-09, 2.16641171669e-09, 1.87861259882e-09, 1.80014070317e-09, 1.00326058572e-09, 1.12477127612e-09, 1.32613775516e-09, 9.41203670557e-10, 1.04120967404e-09, 1.22120302759e-09, 9.74754166272e-10, 6.83943846003e-10, 7.36044836191e-10, 6.61468324559e-10],
        "var": [4.39585201573e-10, 4.9663051449e-10, 2.27222143878e-10, 2.29717134204e-09, 4.85800455419e-10, 5.69708993522e-12, 4.35080790839e-12, 3.7482053572e-10, 6.83450753058e-06, 4.75274532619e-07, 5.0923938677e-11, 1.17247348982e-11, 1.34610456462e-11, 4.45450432096e-08, 1.18296281926e-06, 6.47743525484e-11, 4.04984449838e-13, 1.06892156259e-13, 5.15494071041e-12, 2.86668170484e-14, 1.47606892123e-14, 6.67584802543e-13, 3.61042288053e-15, 2.99426549195e-15, 5.65021416631e-15, 1.87700807046e-15, 2.37771262369e-14, 1.46647859714e-16, 1.15789867111e-16, 2.40332046256e-16, 2.70709744709e-16, 8.89754218619e-16, 1.93796109074e-16, 2.18632451811e-16, 1.44688394575e-16, 2.40297142543e-17, 2.59946354773e-17, 2.36637662426e-17, 9.81129926051e-18, 8.51719008142e-18]
    },
    "mfcc": {
        "mean": [-872.012939453, 189.217208862, 26.5204277039, -15.8840818405, -25.6275253296, -9.24282646179, 5.62613534927, 3.06998729706, -2.82013678551, 8.37406921387, 24.555765152, 27.0850143433, 3.23791146278],
        "cov": [[1456.86755371, 30.0498046875, -866.74029541, -300.426208496, -61.7644195557, 90.2173309326, 36.3712768555, 50.6607971191, -187.629562378, -192.313934326, 59.77917099, 21.5347595215, -10.4270381927], [30.0498046875, 193.436477661, 53.1372070312, -24.6799144745, 3.38288664818, -11.2990808487, 18.6865921021, -19.6087169647, -19.1598186493, -7.37762641907, 33.0406913757, 62.7848701477, 12.6319389343], [-866.74029541, 53.1372070312, 733.435058594, 238.068206787, 24.5954990387, -53.199382782, -14.7577800751, -34.9643783569, 124.049545288, 115.536155701, -57.8854293823, -20.5481452942, -4.51601314545], [-300.426208496, -24.6799144745, 238.068206787, 136.844512939, 26.7485733032, -23.4447231293, -10.0497083664, -5.65905857086, 49.1415100098, 34.2836761475, -34.8882751465, -34.8115463257, -13.3150024414], [-61.7644195557, 3.38288664818, 24.5954990387, 26.7485733032, 41.2226409912, 1.96519219875, -2.22549057007, -7.5976319313, 9.23828697205, 10.0038928986, -5.45752763748, -1.43977868557, 1.48377037048], [90.2173309326, -11.2990808487, -53.199382782, -23.4447231293, 1.96519219875, 53.1356239319, 18.7100143433, 5.35152482986, -21.4811401367, -25.5993671417, -0.846942126751, -0.832611441612, 2.90435290337], [36.3712768555, 18.6865921021, -14.7577800751, -10.0497083664, -2.22549057007, 18.7100143433, 27.656496048, 9.56262874603, -8.65279006958, -3.91159915924, 16.809431076, 18.1616363525, 6.68638563156], [50.6607971191, -19.6087169647, -34.9643783569, -5.65905857086, -7.5976319313, 5.35152482986, 9.56262874603, 31.3366241455, 6.22484731674, 3.13544726372, 15.4552164078, 9.5070104599, 8.48569202423], [-187.629562378, -19.1598186493, 124.049545288, 49.1415100098, 9.23828697205, -21.4811401367, -8.65279006958, 6.22484731674, 59.7084617615, 49.195514679, -0.345193386078, -0.426011502743, 9.24407958984], [-192.313934326, -7.37762641907, 115.536155701, 34.2836761475, 10.0038928986, -25.5993671417, -3.91159915924, 3.13544726372, 49.195514679, 77.0168380737, 24.6852645874, 17.3056354523, 18.0027256012], [59.77917099, 33.0406913757, -57.8854293823, -34.8882751465, -5.45752763748, -0.846942126751, 16.809431076, 15.4552164078, -0.345193386078, 24.6852645874, 63.8605422974, 54.3750915527, 22.6528167725], [21.5347595215, 62.7848701477, -20.5481452942, -34.8115463257, -1.43977868557, -0.832611441612, 18.1616363525, 9.5070104599, -0.426011502743, 17.3056354523, 54.3750915527, 74.276763916, 28.4627933502], [-10.4270381927, 12.6319389343, -4.51601314545, -13.3150024414, 1.48377037048, 2.90435290337, 6.68638563156, 8.48569202423, 9.24407958984, 18.0027256012, 22.6528167725, 28.4627933502, 30.3048343658]],
