{
"lowlevel": {
    "average_loudness": 0.99068403244,
    "barkbands_crest": {
        "dmean": 3.13315081596,
        "dmean2": 4.86571836472,
        "dvar": 9.1075220108,
        "dvar2": 20.3303050995,
        "max": 26.6478538513,
        "mean": 15.6454944611,
        "median": 16.5154819489,
        "min": 4.78609991074,
        "var": 38.5081672668
    },
    "barkbands_flatness_db": {
        "dmean": 0.0359867662191,
        "dmean2": 0.0468015819788,
        "dvar": 0.000956181786023,
        "dvar2": 0.00183340115473,
        "max": 0.45627874136,
        "mean": 0.239883989096,
        "median": 0.23680138588,
        "min": 0.0742416009307,
        "var": 0.0116966087371
    },
    "barkbands_kurtosis": {
        "dmean": 15.4322328568,
        "dmean2": 24.2458000183,
        "dvar": 2125.578125,
        "dvar2": 5367.67382812,
        "max": 322.87109375,
        "mean": 17.3259601593,
        "median": 5.85861682892,
        "min": 0.224913358688,
        "var": 1874.95227051
    },
    "barkbands_skewness": {
        "dmean": 0.793840646744,
        "dmean2": 1.21784031391,
        "dvar": 1.43418467045,
        "dvar2": 2.81176018715,
        "max": 6.19500780106,
        "mean": 1.89983308315,
        "median": 1.89913070202,
        "min": -2.37414455414,
        "var": 2.57324743271
    },
    "barkbands_spread": {
        "dmean": 2.97586274147,
        "dmean2": 4.43599033356,
        "dvar": 19.7503128052,
        "dvar2": 51.2172546387,
        "max": 32.0604553223,
        "mean": 9.55599689484,
        "median": 6.14971351624,
        "min": 0.161590099335,
        "var": 88.0897140503
    },
    "dissonance": {
        "dmean": 0.063619479537,
        "dmean2": 0.0998940318823,
        "dvar": 0.0038178882096,
        "dvar2": 0.0108089754358,
        "max": 0.499663203955,
        "mean": 0.387388020754,
        "median": 0.393313020468,
        "min": 0.18437936902,
        "var": 0.00788454152644
    },
    "dynamic_complexity": 8.63296985626,
    "erbbands_crest": {
        "dmean": 3.31680464745,
        "dmean2": 4.66192436218,
        "dvar": 8.41165065765,
        "dvar2": 18.4871749878,
        "max": 31.4450130463,
        "mean": 17.087638855,
        "median": 16.1701946259,
        "min": 6.06781148911,
        "var": 40.3588066101
    },
    "erbbands_flatness_db": {
        "dmean": 0.0344625860453,
        "dmean2": 0.0426106825471,
        "dvar": 0.00079249747796,
        "dvar2": 0.00128495728131,
        "max": 0.489999860525,
        "mean": 0.27122554183,
        "median": 0.278407633305,
        "min": 0.0968392044306,
        "var": 0.0126234274358
    },
    "erbbands_kurtosis": {
        "dmean": 5.5975561142,
        "dmean2": 8.23751735687,
        "dvar": 138.93069458,
        "dvar2": 358.279205322,
        "max": 92.4953765869,
        "mean": 8.56833839417,
        "median": 3.96306848526,
        "min": -0.75795340538,
        "var": 201.2996521
    },
    "erbbands_skewness": {
        "dmean": 0.672649264336,
        "dmean2": 0.926778495312,
        "dvar": 0.542077958584,
        "dvar2": 0.917890965939,
        "max": 6.6427397728,
        "mean": 1.57997393608,
        "median": 1.39344036579,
        "min": -1.29500579834,
        "var": 2.03145456314
    },
    "erbbands_spread": {
        "dmean": 3.48110890388,
        "dmean2": 5.22391319275,
        "dvar": 15.5109205246,
        "dvar2": 24.3326320648,
        "max": 38.0048446655,
        "mean": 12.790804863,
        "median": 8.50577354431,
        "min": 0.583187043667,
        "var": 112.292510986
    },
    "hfc": {
        "dmean": 5.5184264183,
        "dmean2": 8.28231334686,
        "dvar": 54.2204055786,
        "dvar2": 96.946975708,
        "max": 48.4123153687,
        "mean": 15.9671907425,
        "median": 13.4930448532,
        "min": 0.0298467539251,
        "var": 231.045150757
    },
    "melbands_crest": {
        "dmean": 3.27793383598,
        "dmean2": 5.1480512619,
        "dvar": 10.432767868,
        "dvar2": 22.7227134705,
        "max": 26.2592830658,
        "mean": 16.7590885162,
        "median": 17.4808483124,
        "min": 7.07953071594,
        "var": 29.3720588684
    },
    "melbands_flatness_db": {
        "dmean": 0.0388338789344,
        "dmean2": 0.053053997457,
        "dvar": 0.00117541779764,
        "dvar2": 0.00257441028953,
        "max": 0.529886126518,
        "mean": 0.314292371273,
        "median": 0.322737008333,
        "min": 0.126715272665,
        "var": 0.0100918700919
    },
    "melbands_kurtosis": {
        "dmean": 6.34248828888,
        "dmean2": 9.22083950043,
        "dvar": 82.1017608643,
        "dvar2": 136.86088562,
        "max": 75.7348175049,
        "mean": 11.6901731491,
        "median": 8.15150165558,
        "min": -0.425117254257,
        "var": 168.905349731
    },
    "melbands_skewness": {
        "dmean": 0.793581008911,
        "dmean2": 1.25200331211,
        "dvar": 0.57394772768,
        "dvar2": 1.52894508839,
        "max": 3.83612012863,
        "mean": 1.60965406895,
        "median": 1.79984986782,
        "min": -2.2598464489,
        "var": 1.52888154984
    },
    "melbands_spread": {
        "dmean": 2.83198475838,
        "dmean2": 4.33959245682,
        "dvar": 9.62355518341,
        "dvar2": 23.0380268097,
        "max": 26.1491680145,
        "mean": 9.77176952362,
        "median": 8.2225112915,
        "min": 0.523427069187,
        "var": 49.9827156067
    },
    "pitch_salience": {
        "dmean": 0.106889292598,
        "dmean2": 0.160224065185,
        "dvar": 0.0125759569928,
        "dvar2": 0.0275024883449,
        "max": 0.916770756245,
        "mean": 0.45992192626,
        "median": 0.481537073851,
        "min": 0.0823976695538,
        "var": 0.0327571593225
    },
    "silence_rate_20dB": {
        "dmean": 0,
        "dmean2": 0,
        "dvar": 0,
        "dvar2": 0,
        "max": 1,
        "mean": 1,
        "median": 1,
        "min": 1,
        "var": 0
    },
    "silence_rate_30dB": {
        "dmean": 0,
        "dmean2": 0,
        "dvar": 0,
        "dvar2": 0,
        "max": 1,
        "mean": 1,
        "median": 1,
        "min": 1,
        "var": 0
    },
    "silence_rate_60dB": {
        "dmean": 0.0500000007451,
        "dmean2": 0.101694911718,
        "dvar": 0.0475000180304,
        "dvar2": 0.0913530364633,
        "max": 1,
        "mean": 0.311475396156,
        "median": 0,
        "min": 0,
        "var": 0.214458465576
    },
    "spectral_centroid": {
        "dmean": 98.0845031738,
        "dmean2": 147.825454712,
        "dvar": 17413.2324219,
        "dvar2": 33491.640625,
        "max": 1997.4510498,
        "mean": 945.606567383,
        "median": 758.159729004,
        "min": 522.600036621,
        "var": 152038.671875
    },
    "spectral_complexity": {
        "dmean": 2.18333339691,
        "dmean2": 3.37288141251,
        "dvar": 8.4830493927,
        "dvar2": 17.14909935,
        "max": 21,
        "mean": 6.57377052307,
        "median": 6,
        "min": 0,
        "var": 26.7691497803
    },
    "spectral_decrease": {
        "dmean": 1.8309752603e-09,
        "dmean2": 2.60057597679e-09,
        "dvar": 5.73766387272e-18,
        "dvar2": 8.60396629077e-18,
        "max": -1.97305713434e-11,
        "mean": -4.97735896943e-09,
        "median": -3.81460907306e-09,
        "min": -1.70247833609e-08,
        "var": 2.59250348462e-17
    },
    "spectral_energy": {
        "dmean": 0.00740919495001,
        "dmean2": 0.0105309989303,
        "dvar": 9.30258975131e-05,
        "dvar2": 0.000140995529364,
        "max": 0.068646363914,
        "mean": 0.0202339217067,
        "median": 0.0155300321057,
        "min": 8.04151131888e-05,
        "var": 0.000422521465225
    },
    "spectral_energyband_high": {
        "dmean": 7.73163119447e-05,
        "dmean2": 0.000124944403069,
        "dvar": 3.61305545482e-08,
        "dvar2": 8.48284500421e-08,
        "max": 0.00101611763239,
        "mean": 9.29900124902e-05,
        "median": 1.25604528876e-05,
        "min": 5.39288407708e-07,
        "var": 4.27678514825e-08
    },
    "spectral_energyband_low": {
        "dmean": 4.98320841871e-05,
        "dmean2": 8.73478347785e-05,
        "dvar": 3.82799703047e-09,
        "dvar2": 9.01971652922e-09,
        "max": 0.000396829185775,
        "mean": 8.4950341261e-05,
        "median": 6.60442310618e-05,
        "min": 1.42309681905e-06,
        "var": 5.75291592142e-09
    },
    "spectral_energyband_middle_high": {
        "dmean": 0.00196243799292,
        "dmean2": 0.00311172869988,
        "dvar": 1.22971005112e-05,
        "dvar2": 3.46115848515e-05,
        "max": 0.0230350345373,
        "mean": 0.00430231215432,
        "median": 0.00253786635585,
        "min": 7.93336312199e-06,
        "var": 2.78765710391e-05
    },
    "spectral_energyband_middle_low": {
        "dmean": 0.0064683156088,
        "dmean2": 0.00872845947742,
        "dvar": 8.16693864181e-05,
        "dvar2": 0.00012815365335,
        "max": 0.0627176761627,
        "mean": 0.0159787200391,
        "median": 0.00504021393135,
        "min": 1.35479522214e-05,
        "var": 0.000343732797774
    },
    "spectral_entropy": {
        "dmean": 0.344547569752,
        "dmean2": 0.434320688248,
        "dvar": 0.110324315727,
        "dvar2": 0.160831063986,
        "max": 8.35233879089,
        "mean": 6.36513805389,
        "median": 6.30425357819,
        "min": 4.34787130356,
        "var": 1.14445340633
    },
    "spectral_flux": {
        "dmean": 0.0228651482612,
        "dmean2": 0.0380858406425,
        "dvar": 0.00088260526536,
        "dvar2": 0.00205690320581,
        "max": 0.177470013499,
        "mean": 0.0513555109501,
        "median": 0.0480242073536,
        "min": 0.00595728307962,
        "var": 0.00159144133795
    },
    "spectral_kurtosis": {
        "dmean": 5.75310373306,
        "dmean2": 8.24528694153,
        "dvar": 36.7164421082,
        "dvar2": 81.3056488037,
        "max": 72.1224975586,
        "mean": 21.9904346466,
        "median": 17.4683094025,
        "min": 2.18754005432,
        "var": 311.048248291
    },
    "spectral_rms": {
        "dmean": 0.000833991507534,
        "dmean2": 0.00110773846973,
        "dvar": 1.07482287603e-06,
        "dvar2": 1.53773908096e-06,
        "max": 0.00818364601582,
        "mean": 0.00362676847726,
        "median": 0.00389246060513,
        "min": 0.000280095991911,
        "var": 6.58696080791e-06
    },
    "spectral_rolloff": {
        "dmean": 175.495605469,
        "dmean2": 320.808227539,
        "dvar": 79100.921875,
        "dvar2": 215095.078125,
        "max": 1981.0546875,
        "mean": 931.929199219,
        "median": 775.1953125,
        "min": 172.265625,
        "var": 116058.539062
    },
    "spectral_skewness": {
        "dmean": 0.469713062048,
        "dmean2": 0.638207912445,
        "dvar": 0.174985319376,
        "dvar2": 0.398516088724,
        "max": 7.06860351562,
        "mean": 3.52917075157,
        "median": 3.2899954319,
        "min": 1.76843094826,
        "var": 2.0107550621
    },
    "spectral_spread": {
        "dmean": 1128931.875,
        "dmean2": 1271644.75,
        "dvar": 6.1694321623e+12,
        "dvar2": 4.39539282739e+12,
        "max": 28263280,
        "mean": 3929119.25,
        "median": 2902067,
        "min": 1215939.75,
        "var": 1.46966440837e+13
    },
    "spectral_strongpeak": {
        "dmean": 0.719508767128,
        "dmean2": 0.872794926167,
        "dvar": 0.534688770771,
        "dvar2": 0.923582911491,
        "max": 6.4857172966,
        "mean": 2.13511538506,
        "median": 1.70121312141,
        "min": 0.00537116359919,
        "var": 3.96000623703
    },
    "zerocrossingrate": {
        "dmean": 0.00984700489789,
        "dmean2": 0.0132994567975,
        "dvar": 0.000215619147639,
        "dvar2": 0.000387477339245,
        "max": 0.1494140625,
        "mean": 0.0491483099759,
        "median": 0.03955078125,
        "min": 0.0078125,
        "var": 0.000681407225784
    },
    "barkbands": {
        "dmean": [3.04127229356e-06, 2.86087397399e-05, 2.78909083136e-05, 4.25215002906e-05, 0.000248001684668, 0.000140728618135, 2.91800770356e-05, 0.000640004116576, 0.00568931316957, 0.00133146822918, 0.000477030058391, 0.000182450661669, 0.000480882328702, 3.9356364141e-05, 3.87084292015e-05, 2.65327594207e-06, 1.5724242985e-05, 4.04372713092e-06, 7.30623214622e-05, 7.70988663135e-06, 8.21041157906e-06, 4.82256882606e-06, 1.04069495137e-05, 7.73488045525e-06, 1.92970746866e-05, 2.69277679763e-05, 5.08198036187e-06],
        "dmean2": [5.45618013348e-06, 4.90400852868e-05, 4.8351183068e-05, 6.52802264085e-05, 0.000451720610727, 0.000220897200052, 4.31296975876e-05, 0.000924759078771, 0.008061199449, 0.00212258147076, 0.000765383476391, 0.000309746392304, 0.00049870897783, 7.2574839578e-05, 5.32384401595e-05, 4.54349537904e-06, 2.04027837754e-05, 7.07804747435e-06, 0.000117688716273, 1.20019758469e-05, 1.33742942126e-05, 7.53600716052e-06, 1.82000821951e-05, 1.23781001093e-05, 3.00249503198e-05, 4.34394314652e-05, 7.64836295275e-06],
        "dvar": [2.30916934879e-11, 9.05310382215e-10, 1.50027246182e-09, 4.88590901071e-09, 5.30158843048e-07, 7.94968784135e-08, 6.08737593666e-09, 1.93976939045e-06, 7.33905908419e-05, 4.44340230388e-06, 2.8708714126e-06, 2.73730677236e-07, 6.49006835829e-07, 8.12835310171e-09, 3.56361673504e-09, 2.35107436991e-11, 1.58182622556e-09, 1.44854350737e-10, 3.81890146173e-08, 1.97569197113e-10, 2.50606035923e-10, 9.74794273079e-11, 9.68066404816e-10, 4.20363271969e-10, 3.91141075085e-09, 4.67401806148e-09, 1.59821461621e-10],
        "dvar2": [7.84701956191e-11, 2.27292340504e-09, 3.89938792367e-09, 1.15447926774e-08, 1.44936348079e-06, 1.82427598361e-07, 9.61183133086e-09, 4.13686393586e-06, 0.000123044490465, 1.02030953713e-05, 7.63973548601e-06, 7.57885118219e-07, 6.64518609028e-07, 2.14240731822e-08, 8.44156122781e-09, 4.7450276347e-11, 3.08425818218e-09, 3.15846210297e-10, 9.38785547078e-08, 5.17275500211e-10, 6.58260612685e-10, 2.49662096552e-10, 2.21290763491e-09, 1.06380160236e-09, 1.00038581863e-08, 9.85957537836e-09, 3.77283732034e-10],
        "max": [2.48198884947e-05, 0.000168219645275, 0.000258167739958, 0.000386763364077, 0.00482733454555, 0.0019124285318, 0.000620068109129, 0.00909094512463, 0.0617997050285, 0.0147964665666, 0.0115097006783, 0.00292642135173, 0.0113101145253, 0.000543521309737, 0.000311058131047, 3.61822167179e-05, 0.000382697064197, 7.69320613472e-05, 0.0015932272654, 8.73870085343e-05, 9.17470752029e-05, 5.78002436669e-05, 0.000199090121896, 0.000124820886413, 0.000389477820136, 0.000391211535316, 7.93147264631e-05],
        "mean": [2.66752522293e-06, 4.0924474888e-05, 2.59292883129e-05, 5.40338332939e-05, 0.000269912648946, 0.000133657944389, 4.60751107312e-05, 0.000975089496933, 0.0139606967568, 0.00207845424302, 0.000563387235161, 0.000263450259808, 0.00142862310167, 5.81499189138e-05, 5.87455615459e-05, 4.12594590671e-06, 2.79108589893e-05, 4.44918623543e-06, 0.000138482937473, 1.11031977212e-05, 1.12782136057e-05, 5.23699782207e-06, 1.53880428115e-05, 7.14323368811e-06, 1.6035808585e-05, 2.84061043203e-05, 4.47564161732e-06],
        "median": [1.31286117266e-06, 3.5970871977e-05, 1.50592786667e-05, 1.45323583638e-05, 0.000116098715807, 2.51713681791e-05, 7.26533335182e-06, 2.83972185571e-05, 0.00329254684038, 0.000474936008686, 2.40258159465e-05, 1.54989866132e-05, 0.000151356798597, 7.33935121389e-06, 2.69943502644e-05, 1.52878681092e-06, 4.4781941142e-06, 4.47618191401e-07, 3.61863067155e-06, 5.51632547285e-06, 2.90302227768e-06, 3.34592840545e-07, 5.08700566115e-07, 7.96537506176e-07, 2.17588294049e-07, 3.81584612796e-07, 5.14056580414e-07],
        "min": [4.2848398607e-08, 2.29269133456e-07, 2.18120902673e-07, 4.65789241844e-07, 1.18605964872e-06, 4.87133490878e-07, 9.3417341418e-08, 2.68375941914e-07, 2.37298968386e-06, 3.65813571079e-06, 9.72395710619e-08, 9.87632233773e-08, 7.28223028545e-07, 6.42593889211e-08, 1.10976166923e-07, 2.52600855788e-08, 1.89414386398e-08, 2.78297331846e-08, 4.55793980336e-08, 5.94262523634e-08, 3.75918247641e-08, 3.28866676114e-08, 5.20718899111e-08, 4.56436914931e-08, 5.0324675982e-08, 6.55377476733e-08, 9.76767609018e-08],
        "var": [2.1026390698e-11, 1.35406030832e-09, 1.38102651537e-09, 8.40233038701e-09, 3.99687479558e-07, 9.027473169e-08, 1.31360966549e-08, 4.49218214271e-06, 0.000303209497361, 1.13324258564e-05, 2.55847226072e-06, 2.69398924502e-07, 7.48286311136e-06, 1.58555213403e-08, 6.43719255677e-09, 4.70523828233e-11, 4.04348687866e-09, 1.61679877819e-10, 1.11622355803e-07, 2.63743249462e-10, 3.35873523438e-10, 1.25598448308e-10, 1.76405356989e-09, 3.95488003457e-10, 3.15662651573e-09, 5.24898613463e-09, 1.62115820768e-10]
    },
    "erbbands": {
        "dmean": [0.000908603833523, 0.00703828874975, 0.0260737240314, 0.0812963694334, 0.481247425079, 0.812174677849, 1.50669157505, 0.825554907322, 0.377316445112, 1.57487618923, 62.6331443787, 120.254226685, 35.1946754456, 29.4103450775, 16.6112155914, 8.51942443848, 22.424079895, 1.91939365864, 2.1697165966, 1.54929351807, 0.180485025048, 1.08362007141, 0.352259844542, 3.19499874115, 1.65884530544, 0.429560631514, 0.353099137545, 0.229296520352, 0.234807580709, 0.36323300004, 0.178271815181, 0.107492722571, 0.169974714518, 0.121996685863, 0.19698227942, 0.145743206143, 0.0428965128958, 0.0119364177808, 0.000996444490738, 4.39048708358e-05],
        "dmean2": [0.00158797763288, 0.0119800018147, 0.044833548367, 0.132422327995, 0.847903132439, 1.43544900417, 2.6194601059, 1.34516310692, 0.53990149498, 2.35430955887, 97.5101165771, 166.435043335, 49.350605011, 50.7315254211, 27.5249652863, 11.5037031174, 23.5334758759, 2.83132266998, 3.67556142807, 1.87126028538, 0.233106479049, 1.41459131241, 0.579783558846, 5.20929098129, 2.66611051559, 0.661839842796, 0.549035012722, 0.387364894152, 0.375869780779, 0.636158823967, 0.299804896116, 0.182597562671, 0.265991717577, 0.179344236851, 0.331678241491, 0.24831007421, 0.0673031955957, 0.0179878547788, 0.00148922542576, 6.85602572048e-05],
        "dvar": [9.07341984657e-07, 5.22194059158e-05, 0.000768489961047, 0.0171696320176, 1.59931635857, 5.21233272552, 16.2067203522, 2.25356531143, 0.90009188652, 6.3102555275, 12335.96875, 30428.8691406, 2265.33227539, 3047.90551758, 3528.91430664, 196.560333252, 1317.60083008, 6.58188486099, 21.629945755, 4.37638950348, 0.0488477908075, 7.88759899139, 0.65166759491, 93.433013916, 15.2073383331, 0.654933273792, 0.447440236807, 0.301860928535, 0.252085357904, 1.20040810108, 0.195161372423, 0.0757332965732, 0.244375944138, 0.105773441494, 0.530901014805, 0.173775985837, 0.010078119114, 0.00113889412023, 6.54826590107e-06, 1.30223805073e-08],
        "dvar2": [2.69404017672e-06, 0.000122274534078, 0.00199106754735, 0.0417906679213, 4.39126205444, 14.0605754852, 43.2887191772, 4.51138734818, 1.4381582737, 10.8371896744, 22602.6757812, 42549.5273438, 4565.75341797, 7682.99365234, 9700.31933594, 424.471221924, 1390.32067871, 18.086889267, 58.9070472717, 6.46377801895, 0.0897083431482, 15.5636396408, 1.54451012611, 220.400039673, 36.8101119995, 1.86928284168, 1.10105216503, 0.901789963245, 0.664954483509, 2.61192917824, 0.496000140905, 0.207398250699, 0.602139830589, 0.254379481077, 1.45579171181, 0.462818384171, 0.0197912305593, 0.00265744281933, 1.55391680892e-05, 3.20495345818e-08],
        "max": [0.00435784412548, 0.0394716784358, 0.182259485126, 0.808173716068, 8.41742897034, 15.4041538239, 26.0549545288, 9.25469398499, 7.83566951752, 21.0447731018, 698.243469238, 1510.7911377, 347.506744385, 368.073272705, 392.894836426, 97.345954895, 511.533325195, 19.5618743896, 26.3070888519, 20.7047958374, 2.0864443779, 26.9425468445, 4.90421485901, 81.1499328613, 28.9588356018, 5.32053804398, 4.1097612381, 3.39820885658, 2.66958975792, 7.16689062119, 2.70730280876, 1.42171359062, 3.24523949623, 2.00924372673, 4.47156190872, 2.26725053787, 0.573607504368, 0.234430924058, 0.0156533271074, 0.000798862194642],
        "mean": [0.00108633609489, 0.00947804935277, 0.0284356828779, 0.104703843594, 0.587708830833, 0.905480921268, 1.2076638937, 0.883960187435, 0.624554097652, 3.45771622658, 130.427215576, 307.597076416, 64.6807785034, 48.0006637573, 19.0401859283, 20.8990631104, 66.1206893921, 4.43438339233, 3.06250739098, 2.96282458305, 0.407676756382, 1.89901995659, 0.51485568285, 6.38712692261, 2.84872722626, 0.670916318893, 0.545823931694, 0.259307980537, 0.255683064461, 0.560922920704, 0.235796064138, 0.10113016516, 0.157095462084, 0.111896201968, 0.147878587246, 0.127995684743, 0.0487086996436, 0.00998469628394, 0.000863549124915, 6.31055299891e-05],
        "median": [0.000674076902214, 0.00726133119315, 0.0198651272804, 0.0402549616992, 0.347819417715, 0.266485065222, 0.198655605316, 0.184541225433, 0.19038246572, 1.40938866138, 16.8233165741, 83.2402191162, 42.6499061584, 7.75117301941, 2.41977524757, 9.34745502472, 7.89338064194, 2.37961268425, 0.828938663006, 1.26182901859, 0.224027827382, 0.221148565412, 0.0959023460746, 0.20992320776, 0.292032390833, 0.2752173841, 0.148006156087, 0.0512262508273, 0.0154819311574, 0.0149463638663, 0.0171470474452, 0.0248347949237, 0.00557263707742, 0.0026017066557, 0.00156003737357, 0.00112135265954, 0.00083208369324, 0.000310985284159, 8.07705000625e-05, 3.098810339e-05],
        "min": [8.92679236131e-06, 6.90619635861e-05, 0.000348752306309, 0.00160451652482, 0.00469749607146, 0.00257819681428, 0.00281798304059, 0.00583735154942, 0.00192888535094, 0.00776553805918, 0.0088158082217, 0.041796118021, 0.0893779918551, 0.0208537727594, 0.00606762897223, 0.00880652107298, 0.0265944544226, 0.0118197510019, 0.0037679746747, 0.00627122912556, 0.00176239956636, 0.00120869092643, 0.00134147028439, 0.00201091403142, 0.00239201751538, 0.00286126090214, 0.00155541917775, 0.00148723553866, 0.00112332229037, 0.00153281865641, 0.0012967644725, 0.00120882107876, 0.000658522127196, 0.000629803340416, 0.000353366398485, 0.000243645554292, 0.000142080258229, 4.52863860119e-05, 1.78302598215e-05, 4.22522089139e-06],
        "var": [1.22130336422e-06, 7.77377354098e-05, 0.000887340633199, 0.0252628102899, 1.25272262096, 4.22759819031, 12.3981704712, 3.17498421669, 2.01263856888, 23.6151237488, 30183.8632812, 168646.84375, 6490.48779297, 7785.44433594, 2866.25976562, 667.50769043, 15133.2128906, 25.5471477509, 33.3382530212, 16.7517719269, 0.217647120357, 19.9965686798, 0.806634664536, 251.747177124, 41.3036994934, 0.979886889458, 0.730918824673, 0.285314023495, 0.328367710114, 2.3553109169, 0.290318638086, 0.0569669604301, 0.245973587036, 0.113641753793, 0.358858048916, 0.13734126091, 0.012656529434, 0.00108785007615, 6.58047883917e-06, 1.27845707354e-08]
    },
    "gfcc": {
        "mean": [-134.114547729, 86.0947952271, -114.453392029, -34.9878883362, -55.2422943115, 8.71536827087, -7.87296676636, 9.85567855835, -25.1431751251, -3.22006392479, -24.3133068085, -16.9706459045, -18.081571579],
        "cov": [[8319.47558594, -1675.41369629, -2116.67382812, -1375.87927246, -1448.2154541, 10.6092338562, -156.986221313, 345.846221924, -1125.67138672, -357.233306885, -410.803039551, 263.063049316, -542.243835449], [-1675.41369629, 1588.28820801, 254.437454224, -233.537643433, 109.516517639, -179.087463379, 102.808052063, -107.215927124, 379.350952148, 23.307926178, -25.252746582, -419.355926514, 167.239654541], [-2116.67382812, 254.437454224, 1356.98571777, 569.68572998, 473.981445312, 2.55334568024, -175.629577637, -219.875030518, 107.122848511, 47.5124855042, 120.602508545, 203.067001343, 243.010787964], [-1375.87927246, -233.537643433, 569.68572998, 718.081726074, 449.139129639, 13.5596494675, -59.9489212036, -95.1397781372, 75.2964096069, 54.7483787537, 146.086425781, 233.104263306, 160.09413147], [-1448.2154541, 109.516517639, 473.981445312, 449.139129639, 429.260375977, 63.9702148438, -1.10246729851, -68.6492996216, 148.135879517, 84.1617965698, 108.64818573, 43.5762825012, 124.847618103], [10.6092338562, -179.087463379, 2.55334568024, 13.5596494675, 63.9702148438, 224.076446533, 87.7966003418, 20.4230957031, -97.5550537109, 8.62724781036, 14.7926483154, 9.91564083099, -80.4831237793], [-156.986221313, 102.808052063, -175.629577637, -59.9489212036, -1.10246729851, 87.7966003418, 210.091537476, 69.0677871704, 42.3571586609, 28.8314914703, -3.60851311684, -129.802902222, -63.8758354187], [345.846221924, -107.215927124, -219.875030518, -95.1397781372, -68.6492996216, 20.4230957031, 69.0677871704, 105.589447021, 16.8745384216, 18.9155464172, -19.6363449097, -55.2058525085, -64.4619903564], [-1125.67138672, 379.350952148, 107.122848511, 75.2964096069, 148.135879517, -97.5550537109, 42.3571586609, 16.8745384216, 355.624450684, 126.553794861, 41.9441261292, -168.172073364, 57.7607040405], [-357.233306885, 23.307926178, 47.5124855042, 54.7483787537, 84.1617965698, 8.62724781036, 28.8314914703, 18.9155464172, 126.553794861, 104.478431702, 32.6469039917, -43.6343955994, -10.1909275055], [-410.803039551, -25.252746582, 120.602508545, 146.086425781, 108.64818573, 14.7926483154, -3.60851311684, -19.6363449097, 41.9441261292, 32.6469039917, 80.1688537598, 40.8483047485, 37.146232605], [263.063049316, -419.355926514, 203.067001343, 233.104263306, 43.5762825012, 9.91564083099, -129.802902222, -55.2058525085, -168.172073364, -43.6343955994, 40.8483047485, 278.72644043, 56.7139129639], [-542.243835449, 167.239654541, 243.010787964, 160.09413147, 124.847618103, -80.4831237793, -63.8758354187, -64.4619903564, 57.7607040405, -10.1909275055, 37.146232605, 56.7139129639, 162.304351807]],
        "icov": [[0.00115227198694, 8.18099651951e-05, 0.00084323604824, 0.000312373711495, 0.00120279833209, 0.000732526590582, 0.00149565131869, -0.00214244192466, 0.00361454603262, -0.00250659370795, 0.00119715451729, -0.000105779785372, -0.000310333969537], [8.18099651951e-05, 0.00352320075035, -0.000664746272378, 0.00364566105418, -0.00334752467461, 0.00303283170797, -0.00282285688445, 0.00439269840717, -0.0010672530625, 0.00277234567329, -0.000463257078081, 0.0028064425569, -0.00156589981634], [0.00084323604824, -0.000664746272378, 0.00260298536159, -0.000306580099277, 0.000180025177542, -0.000632412964478, 0.00205676141195, -0.000200052119908, 0.00205003563315, -0.00245375954546, 0.0017430781154, -0.00183315621689, -0.000456882175058], [0.000312373711495, 0.00364566105418, -0.000306580099277, 0.0198004934937, -0.0210164655, 0.0119388680905, -0.0104308286682, 0.00577317038551, -0.00465911254287, 0.00879497826099, -0.00237543182448, -0.0143592199311, 0.0062610572204], [0.00120279833209, -0.00334752467461, 0.000180025177542, -0.0210164655, 0.0327300466597, -0.0168580617756, 0.0127585055307, -0.00758225377649, 0.00673974864185, -0.014601371251, 0.00098774745129, 0.0153781082481, -0.0125128449872], [0.000732526590582, 0.00303283170797, -0.000632412964478, 0.0119388680905, -0.0168580617756, 0.0208363160491, -0.00970550533384, 0.002656172961, 0.00593963405117, 0.00219512777403, -0.00254534929991, -0.00538780586794, 0.00951718725264], [0.00149565131869, -0.00282285688445, 0.00205676141195, -0.0104308286682, 0.0127585055307, -0.00970550533384, 0.018949335441, -0.0116462083533, 0.00862653926015, -0.00876316148788, 0.000604023283813, 0.0110546257347, -0.00430117221549], [-0.00214244192466, 0.00439269840717, -0.000200052119908, 0.00577317038551, -0.00758225377649, 0.002656172961, -0.0116462083533, 0.0293641649187, -0.0123726511374, 0.00733699044213, -0.000377074844437, -0.00135285500437, 0.00257248687558], [0.00361454603262, -0.0010672530625, 0.00205003563315, -0.00465911254287, 0.00673974864185, 0.00593963405117, 0.00862653926015, -0.0123726511374, 0.0287370663136, -0.0223308391869, 0.000850206648465, 0.0124716376886, -0.00523777678609], [-0.00250659370795, 0.00277234567329, -0.00245375954546, 0.00879497826099, -0.014601371251, 0.00219512777403, -0.00876316148788, 0.00733699044213, -0.0223308391869, 0.036431286484, -0.00725026894361, -0.00826454907656, 0.0103349247947], [0.00119715451729, -0.000463257078081, 0.0017430781154, -0.00237543182448, 0.00098774745129, -0.00254534929991, 0.000604023283813, -0.000377074844437, 0.000850206648465, -0.00725026894361, 0.0253918580711, -0.00477685919032, -0.00262385187671], [-0.000105779785372, 0.0028064425569, -0.00183315621689, -0.0143592199311, 0.0153781082481, -0.00538780586794, 0.0110546257347, -0.00135285500437, 0.0124716376886, -0.00826454907656, -0.00477685919032, 0.0334093756974, -0.0125625915825], [-0.000310333969537, -0.00156589981634, -0.000456882175058, 0.0062610572204, -0.0125128449872, 0.00951718725264, -0.00430117221549, 0.00257248687558, -0.00523777678609, 0.0103349247947, -0.00262385187671, -0.0125625915825, 0.022422881797]]
    },
    "melbands": {
        "dmean": [7.99154258857e-06, 1.15635284601e-05, 2.35885981965e-05, 4.88037549076e-05, 4.88261030114e-05, 1.99602782232e-05, 5.65999062019e-06, 1.48094586621e-05, 0.000795970612671, 0.000655154697597, 0.000185440978385, 0.000129963824293, 6.11137511441e-05, 2.18983386731e-05, 5.78748040425e-05, 2.56478051597e-05, 2.69859015134e-06, 3.93029722545e-06, 3.01215936815e-06, 8.90607509518e-07, 8.10180438293e-08, 1.29075544919e-06, 3.87402309343e-07, 1.7977001221e-07, 2.99965063277e-06, 2.69596375801e-06, 2.79188014929e-07, 2.95795246075e-07, 2.60412235775e-07, 1.46236530441e-07, 1.09463471176e-07, 1.10692980115e-07, 1.09070121823e-07, 3.01332278241e-07, 1.07104497715e-07, 6.11232664482e-08, 7.16098895737e-08, 1.10056959102e-07, 1.07255736737e-07, 9.06396664391e-08],
        "dmean2": [1.36978760565e-05, 1.95278753381e-05, 3.90564819099e-05, 8.66697082529e-05, 8.45384856802e-05, 3.175713573e-05, 8.34333695821e-06, 2.34920298681e-05, 0.00121569389012, 0.000900959188584, 0.000272698962362, 0.000233805345488, 0.000100531113276, 4.01283796236e-05, 6.18518970441e-05, 2.73867426586e-05, 4.79770233142e-06, 6.89893704475e-06, 4.15083104599e-06, 1.10449093427e-06, 1.17846745695e-07, 1.684748554e-06, 5.75898070565e-07, 3.0872902812e-07, 4.90618776894e-06, 4.25289181294e-06, 4.1252943106e-07, 4.83378187255e-07, 4.15464256776e-07, 2.5605552878e-07, 1.82911563229e-07, 1.79701942216e-07, 1.69624101432e-07, 5.33298475602e-07, 1.74506524786e-07, 1.07815168349e-07, 1.19406763588e-07, 1.75413504166e-07, 1.60335446253e-07, 1.27153242602e-07],
        "dvar": [7.03214222963e-11, 1.72412931154e-10, 2.49518827822e-09, 1.76489489689e-08, 1.74478493875e-08, 1.35128430667e-09, 2.32820054902e-10, 1.61230795381e-09, 1.8028863451e-06, 8.90201420134e-07, 6.77442386632e-08, 6.31635188597e-08, 4.63328824196e-08, 6.3246683446e-09, 7.79403741547e-09, 1.66465241591e-09, 2.80939421032e-11, 8.8479126803e-11, 2.10821932828e-11, 2.04529817562e-12, 1.72796415306e-14, 1.11857164156e-11, 6.48669540391e-13, 2.20595853325e-13, 8.52762235826e-11, 4.51320300576e-11, 2.69425784851e-13, 4.42336624143e-13, 3.3707064917e-13, 1.25923373833e-13, 5.65621632647e-14, 5.49503273287e-14, 6.17997542246e-14, 9.92477692911e-13, 6.5508457491e-14, 2.60912439657e-14, 3.1005790112e-14, 9.34108544096e-14, 9.51157691021e-14, 5.65706505349e-14],
        "dvar2": [1.99264188483e-10, 4.50445875044e-10, 6.58526921882e-09, 4.79725059677e-08, 4.65658516191e-08, 2.76470024652e-09, 3.65709657002e-10, 3.94664256831e-09, 3.28527244164e-06, 1.27051134768e-06, 1.54643558403e-07, 1.57122897804e-07, 1.25639672888e-07, 1.81756156792e-08, 7.86807063946e-09, 1.86021875681e-09, 8.50246956174e-11, 2.34583075187e-10, 4.27671717484e-11, 2.72023527835e-12, 3.6840854396e-14, 2.20005107882e-11, 1.48054040815e-12, 5.09898655417e-13, 1.99832164705e-10, 1.07876443889e-10, 4.82551281919e-13, 1.28410617643e-12, 8.38138098421e-13, 3.71576575932e-13, 1.62586185292e-13, 1.48799036786e-13, 1.52392624886e-13, 2.13712532914e-12, 1.5717279095e-13, 7.36133295163e-14, 8.29702517628e-14, 2.32110256579e-13, 2.31124337334e-13, 1.29741717044e-13],
        "max": [4.42872296844e-05, 8.58259882079e-05, 0.000325284898281, 0.000899880600628, 0.000861889042426, 0.000238678665482, 0.000122840428958, 0.000305657566059, 0.00786730460823, 0.00810570176691, 0.00164176197723, 0.0016003404744, 0.00144186546095, 0.000488273595693, 0.00119206146337, 0.000577513477765, 3.19825740007e-05, 5.75731864956e-05, 2.99082221318e-05, 1.55655325216e-05, 7.40423217849e-07, 3.18396887451e-05, 5.63338244319e-06, 2.81662323687e-06, 7.76711895014e-05, 4.98311492265e-05, 2.87981129077e-06, 4.27204849984e-06, 4.07218840337e-06, 2.13398789128e-06, 1.41896396144e-06, 1.09684424388e-06, 1.72251066033e-06, 6.36092363493e-06, 1.51135350279e-06, 8.25903782697e-07, 8.97090956187e-07, 1.97409667635e-06, 1.99694272851e-06, 1.61836021562e-06],
        "mean": [1.06405723272e-05, 1.43185343404e-05, 3.00009614875e-05, 5.94874109083e-05, 4.10640168411e-05, 2.09127993003e-05, 8.77215370565e-06, 1.72452546394e-05, 0.00176377291791, 0.00167304591741, 0.000278623745544, 0.0002127171756, 7.00636664988e-05, 2.201524876e-05, 0.00017336574092, 7.39100869396e-05, 3.62821288036e-06, 5.2363739087e-06, 4.78081119581e-06, 1.75360025878e-06, 1.58138462325e-07, 2.19051116801e-06, 6.4503331032e-07, 1.93820369532e-07, 6.0331176428e-06, 4.76180775877e-06, 3.57889746283e-07, 4.01409891992e-07, 4.07529569202e-07, 1.75628287025e-07, 1.16619261803e-07, 1.14814653784e-07, 1.20560045502e-07, 4.6735090109e-07, 1.46762644704e-07, 5.82407189142e-08, 6.39308197492e-08, 1.0043405041e-07, 1.00331391195e-07, 8.67316813924e-08],
        "median": [7.84825897426e-06, 1.17781137305e-05, 1.29013624246e-05, 2.87327147817e-05, 6.91680406817e-06, 4.49627987109e-06, 1.22960386761e-06, 1.37407766942e-06, 0.000264355505351, 0.00047028643894, 9.31693139137e-05, 3.00061401504e-05, 3.43996225638e-06, 1.72922614183e-06, 2.09551399166e-05, 1.21176208268e-05, 7.20172465662e-07, 4.82682253278e-07, 1.9706335479e-06, 8.14675274796e-07, 6.27584313406e-08, 1.75446743356e-07, 1.27196187805e-07, 2.0630444908e-08, 2.04346051191e-07, 1.03126588158e-07, 1.47086069546e-07, 1.04638303355e-07, 7.4966088448e-08, 2.70568207839e-08, 2.03065901871e-08, 7.06283653784e-09, 6.34308827685e-09, 1.17887237749e-08, 1.05159125852e-08, 8.99280294675e-09, 1.2125920712e-08, 4.26375734719e-09, 2.66520205905e-09, 1.50481915817e-09],
        "min": [7.22926216667e-08, 1.33481435682e-07, 5.52377571239e-07, 4.05063275366e-07, 9.00583074781e-08, 1.04381939536e-07, 3.61942618099e-08, 3.16213686347e-08, 3.30413030269e-08, 3.69116747834e-07, 4.70505796102e-07, 3.25710374227e-08, 1.40234526214e-08, 1.48883252393e-08, 2.66815796124e-08, 7.67615375707e-08, 5.74446668011e-09, 5.14486364622e-09, 7.57140927732e-09, 8.16417156102e-09, 1.34782285333e-09, 1.07180575526e-09, 9.01704433343e-10, 1.37763134234e-09, 1.5939369824e-09, 1.89845650311e-09, 1.65924118889e-09, 1.6293177918e-09, 8.80426065386e-10, 1.07523090431e-09, 6.76339206862e-10, 5.84845782914e-10, 5.98324056966e-10, 9.15902631515e-10, 7.14537595758e-10, 7.20825843459e-10, 5.57684121105e-10, 4.98052044051e-10, 3.88395510198e-10, 4.70120276042e-10],
        "var": [9.77668293545e-11, 1.96488866844e-10, 2.36449970714e-09, 1.447737219e-08, 1.34992150791e-08, 1.86382065337e-09, 5.00572472362e-10, 1.93730076425e-09, 4.8784190767e-06, 4.86488806928e-06, 1.68765467379e-07, 1.57637032316e-07, 3.96059753882e-08, 4.00872890438e-09, 8.19518959361e-08, 1.94039397883e-08, 4.13746398253e-11, 1.55961674131e-10, 5.0496669346e-11, 7.84292769618e-12, 4.39296189215e-14, 2.80714479439e-11, 1.30597626897e-12, 2.41538912352e-13, 2.28783325618e-10, 1.32538646724e-10, 3.53553178487e-13, 5.92948650249e-13, 5.3732875354e-13, 1.21888637421e-13, 5.63439574131e-14, 6.55570026433e-14, 7.98640260912e-14, 1.93452372177e-12, 1.1373225224e-13, 1.86082398134e-14, 2.37442749111e-14, 9.18548413329e-14, 9.95766240731e-14, 6.72786818119e-14]
    },
    "mfcc": {
        "mean": [-805.247192383, 150.070022583, -8.61079025269, -19.0496063232, -25.4896621704, -1.00419640541, 16.4839420319, 8.25374794006, 5.04190301895, 18.4352169037, -0.349010586739, -11.9560089111, -15.0312318802],
        "cov": [[8945.05664062, -1249.5144043, -1420.58789062, -1686.17016602, -1552.09655762, -730.184753418, 124.177230835, 269.252563477, -527.891052246, -449.604675293, -241.200775146, -484.178070068, -181.153579712], [-1249.5144043, 1227.88793945, 217.450439453, 11.7221736908, 3.58617138863, -105.642173767, -55.3017158508, -116.373748779, 175.446990967, 167.501327515, -123.529335022, 88.7668991089, -50.5559539795], [-1420.58789062, 217.450439453, 644.428344727, 329.193634033, 381.636108398, 165.775680542, -9.64196681976, -69.7711410522, -6.1795167923, -103.212608337, 0.576010107994, -63.7998123169, 32.0846176147], [-1686.17016602, 11.7221736908, 329.193634033, 634.143920898, 485.053100586, 191.64364624, -115.071891785, -95.7456054688, 55.5221748352, -32.4873657227, 73.9148864746, 54.1357917786, 96.4412002563], [-1552.09655762, 3.58617138863, 381.636108398, 485.053100586, 537.913208008, 158.728515625, -86.5156936646, -89.7933273315, 14.6344795227, -54.2532119751, 44.5634880066, 52.9469871521, 94.4987869263], [-730.184753418, -105.642173767, 165.775680542, 191.64364624, 158.728515625, 227.597351074, 95.5019607544, 37.7297439575, -3.13240671158, 20.806892395, 52.0559310913, -55.36353302, 23.3160037994], [124.177230835, -55.3017158508, -9.64196681976, -115.071891785, -86.5156936646, 95.5019607544, 234.016647339, 99.6824951172, -16.1335811615, 89.2552032471, -5.87418794632, -113.435707092, -6.7499370575], [269.252563477, -116.373748779, -69.7711410522, -95.7456054688, -89.7933273315, 37.7297439575, 99.6824951172, 99.3550643921, -18.2081489563, 15.5296764374, 6.26792621613, -45.7826271057, -16.4109592438], [-527.891052246, 175.446990967, -6.1795167923, 55.5221748352, 14.6344795227, -3.13240671158, -16.1335811615, -18.2081489563, 131.272018433, 125.396965027, 30.6240272522, 87.9236602783, -9.44525051117], [-449.604675293, 167.501327515, -103.212608337, -32.4873657227, -54.2532119751, 20.806892395, 89.2552032471, 15.5296764374, 125.396965027, 292.872497559, 57.2242469788, 66.4496841431, -10.5807943344], [-241.200775146, -123.529335022, 0.576010107994, 73.9148864746, 44.5634880066, 52.0559310913, -5.87418794632, 6.26792621613, 30.6240272522, 57.2242469788, 79.0315093994, 43.7655296326, 2.06927132607], [-484.178070068, 88.7668991089, -63.7998123169, 54.1357917786, 52.9469871521, -55.36353302, -113.435707092, -45.7826271057, 87.9236602783, 66.4496841431, 43.7655296326, 294.298187256, -0.201696142554], [-181.153579712, -50.5559539795, 32.0846176147, 96.4412002563, 94.4987869263, 23.3160037994, -6.7499370575, -16.4109592438, -9.44525051117, -10.5807943344, 2.06927132607, -0.201696142554, 78.112953186]],
