{
"lowlevel": {
    "average_loudness": 0.990429699421,
    "barkbands_crest": {
        "dmean": 1.16558086872,
        "dmean2": 1.71250700951,
        "dvar": 4.64326381683,
        "dvar2": 10.0304784775,
        "max": 26.8955974579,
        "mean": 22.1583347321,
        "median": 24.9839992523,
        "min": 5.71851682663,
        "var": 28.0450115204
    },
    "barkbands_flatness_db": {
        "dmean": 0.0277574118227,
        "dmean2": 0.0337563939393,
        "dvar": 0.00128978898283,
        "dvar2": 0.00174421188422,
        "max": 0.62382787466,
        "mean": 0.389695227146,
        "median": 0.40450963378,
        "min": 0.108314432204,
        "var": 0.012990062125
    },
    "barkbands_kurtosis": {
        "dmean": 46.547794342,
        "dmean2": 69.3364639282,
        "dvar": 12827.1894531,
        "dvar2": 33116.5195312,
        "max": 1136.64868164,
        "mean": 96.7323760986,
        "median": 35.9737663269,
        "min": -1.48009955883,
        "var": 22011.7128906
    },
    "barkbands_skewness": {
        "dmean": 1.49673652649,
        "dmean2": 2.37338638306,
        "dvar": 2.9168202877,
        "dvar2": 7.10704660416,
        "max": 14.5144042969,
        "mean": 3.85663461685,
        "median": 2.59683156013,
        "min": -3.12040543556,
        "var": 14.7542448044
    },
    "barkbands_spread": {
        "dmean": 1.81458163261,
        "dmean2": 3.20371031761,
        "dvar": 88.7959060669,
        "dvar2": 260.938110352,
        "max": 77.3830947876,
        "mean": 2.60831189156,
        "median": 1.02592849731,
        "min": 0.0404085814953,
        "var": 54.0043563843
    },
    "dissonance": {
        "dmean": 0.060281701386,
        "dmean2": 0.108405955136,
        "dvar": 0.00338639481924,
        "dvar2": 0.00914192199707,
        "max": 0.49564281106,
        "mean": 0.261183559895,
        "median": 0.242747277021,
        "min": 0.0499226152897,
        "var": 0.0142766926438
    },
    "dynamic_complexity": 1.9429872036,
    "erbbands_crest": {
        "dmean": 1.44887077808,
        "dmean2": 1.79782485962,
        "dvar": 4.90722370148,
        "dvar2": 9.53090286255,
        "max": 32.5638694763,
        "mean": 26.1427059174,
        "median": 27.431810379,
        "min": 8.61328029633,
        "var": 29.6016769409
    },
    "erbbands_flatness_db": {
        "dmean": 0.0248107723892,
        "dmean2": 0.0297580398619,
        "dvar": 0.0011172540253,
        "dvar2": 0.00153731531464,
        "max": 0.613714575768,
        "mean": 0.407188594341,
        "median": 0.419743597507,
        "min": 0.110028482974,
        "var": 0.0110471993685
    },
    "erbbands_kurtosis": {
        "dmean": 9.65079212189,
        "dmean2": 14.0946292877,
        "dvar": 198.576690674,
        "dvar2": 439.886962891,
        "max": 167.527450562,
        "mean": 33.4518127441,
        "median": 21.8055152893,
        "min": 0.948065757751,
        "var": 1173.10205078
    },
    "erbbands_skewness": {
        "dmean": 0.585298597813,
        "dmean2": 0.836860477924,
        "dvar": 0.439243197441,
        "dvar2": 1.11055040359,
        "max": 8.70465373993,
        "mean": 3.39206290245,
        "median": 3.19472074509,
        "min": 0.795795023441,
        "var": 2.4886701107
    },
    "erbbands_spread": {
        "dmean": 1.59796357155,
        "dmean2": 2.24931693077,
        "dvar": 27.0885620117,
        "dvar2": 70.0255889893,
        "max": 53.3710365295,
        "mean": 4.41318321228,
        "median": 2.27082800865,
        "min": 0.2521032691,
        "var": 40.2523918152
    },
    "hfc": {
        "dmean": 4.05549383163,
        "dmean2": 5.85338830948,
        "dvar": 97.008102417,
        "dvar2": 274.233306885,
        "max": 82.4762191772,
        "mean": 18.915802002,
        "median": 18.8058986664,
        "min": 0.587891697884,
        "var": 140.714080811
    },
    "melbands_crest": {
        "dmean": 1.46151125431,
        "dmean2": 2.22900056839,
        "dvar": 5.74659919739,
        "dvar2": 12.8915576935,
        "max": 30.9897823334,
        "mean": 21.7208194733,
        "median": 22.1833057404,
        "min": 8.07187366486,
        "var": 16.005897522
    },
    "melbands_flatness_db": {
        "dmean": 0.0279201902449,
        "dmean2": 0.0331618674099,
        "dvar": 0.00143756298348,
        "dvar2": 0.00222495011985,
        "max": 0.716504752636,
        "mean": 0.463688910007,
        "median": 0.471725523472,
        "min": 0.178330570459,
        "var": 0.0166166089475
    },
    "melbands_kurtosis": {
        "dmean": 9.25575256348,
        "dmean2": 14.4236497879,
        "dvar": 251.133407593,
        "dvar2": 681.755065918,
        "max": 112.374488831,
        "mean": 26.2719688416,
        "median": 22.9838428497,
        "min": 1.87089538574,
        "var": 355.322967529
    },
    "melbands_skewness": {
        "dmean": 0.990802109241,
        "dmean2": 1.56380188465,
        "dvar": 1.15184509754,
        "dvar2": 3.00382304192,
        "max": 7.66546535492,
        "mean": 1.10954964161,
        "median": 1.26410925388,
        "min": -3.61840844154,
        "var": 3.65799999237
    },
    "melbands_spread": {
        "dmean": 0.893248200417,
        "dmean2": 1.35518753529,
        "dvar": 3.11754083633,
        "dvar2": 7.91960287094,
        "max": 14.2332334518,
        "mean": 2.87639069557,
        "median": 1.68169009686,
        "min": 0.264684200287,
        "var": 9.86073875427
    },
    "pitch_salience": {
        "dmean": 0.0589991100132,
        "dmean2": 0.0833112746477,
        "dvar": 0.0105180973187,
        "dvar2": 0.0215834211558,
        "max": 0.82520455122,
        "mean": 0.245480701327,
        "median": 0.209873557091,
        "min": 0.0318637378514,
        "var": 0.0301009770483
    },
    "silence_rate_20dB": {
        "dmean": 0,
        "dmean2": 0,
        "dvar": 0,
        "dvar2": 0,
        "max": 1,
        "mean": 1,
        "median": 1,
        "min": 1,
        "var": 0
    },
    "silence_rate_30dB": {
        "dmean": 0,
        "dmean2": 0,
        "dvar": 0,
        "dvar2": 0,
        "max": 1,
        "mean": 1,
        "median": 1,
        "min": 1,
        "var": 0
    },
    "silence_rate_60dB": {
        "dmean": 0.00833333376795,
        "dmean2": 0.00840336177498,
        "dvar": 0.00826388411224,
        "dvar2": 0.00833276007324,
        "max": 1,
        "mean": 0.00826446246356,
        "median": 0,
        "min": 0,
        "var": 0.00819616671652
    },
    "spectral_centroid": {
        "dmean": 31.8942489624,
        "dmean2": 45.2747154236,
        "dvar": 5879.44873047,
        "dvar2": 11494.3037109,
        "max": 1402.6439209,
        "mean": 639.206787109,
        "median": 634.176940918,
        "min": 243.893890381,
        "var": 46696.84375
    },
    "spectral_complexity": {
        "dmean": 0.858333349228,
        "dmean2": 1.30252099037,
        "dvar": 1.85493075848,
        "dvar2": 4.2110042572,
        "max": 17,
        "mean": 4.57024812698,
        "median": 4,
        "min": 1,
        "var": 8.22853851318
    },
    "spectral_decrease": {
        "dmean": 1.17015519496e-09,
        "dmean2": 1.37474198691e-09,
        "dvar": 1.78869783813e-18,
        "dvar2": 2.7233441015e-18,
        "max": -1.75132103264e-10,
        "mean": -7.19435311325e-09,
        "median": -6.55983667386e-09,
        "min": -1.55005750457e-08,
        "var": 1.38795463938e-17
    },
    "spectral_energy": {
        "dmean": 0.00467951735482,
        "dmean2": 0.00545284710824,
        "dvar": 2.82125001831e-05,
        "dvar2": 4.45751975349e-05,
        "max": 0.0611150711775,
        "mean": 0.0288687366992,
        "median": 0.026930982247,
        "min": 0.00071431271499,
        "var": 0.000218665241846
    },
    "spectral_energyband_high": {
        "dmean": 0.00012136442092,
        "dmean2": 0.000226898657274,
        "dvar": 4.65771137215e-07,
        "dvar2": 1.37070833262e-06,
        "max": 0.00530840549618,
        "mean": 0.000106479841634,
        "median": 3.31841442858e-06,
        "min": 2.3044435693e-07,
        "var": 2.66785178837e-07
    },
    "spectral_energyband_low": {
        "dmean": 5.60214430152e-05,
        "dmean2": 9.41732505453e-05,
        "dvar": 4.1926417893e-09,
        "dvar2": 1.0607731582e-08,
        "max": 0.00049353169743,
        "mean": 9.74523791228e-05,
        "median": 6.51258815196e-05,
        "min": 4.53050824945e-06,
        "var": 9.19303033697e-09
    },
    "spectral_energyband_middle_high": {
        "dmean": 0.000720256299246,
        "dmean2": 0.000912870687898,
        "dvar": 1.79195524197e-06,
        "dvar2": 3.50434243046e-06,
        "max": 0.0176865682006,
        "mean": 0.00235876091756,
        "median": 0.000493120169267,
        "min": 2.67619325314e-05,
        "var": 1.39183157444e-05
    },
    "spectral_energyband_middle_low": {
        "dmean": 0.00455466192216,
        "dmean2": 0.00509538641199,
        "dvar": 2.54119204328e-05,
        "dvar2": 3.69032313756e-05,
        "max": 0.0610260665417,
        "mean": 0.0263719558716,
        "median": 0.0241364687681,
        "min": 0.000614551943727,
        "var": 0.000228448057896
    },
    "spectral_entropy": {
        "dmean": 0.270072877407,
        "dmean2": 0.33699002862,
        "dvar": 0.176751285791,
        "dvar2": 0.268767625093,
        "max": 8.3757610321,
        "mean": 4.78178739548,
        "median": 4.635866642,
        "min": 2.73491024971,
        "var": 1.37357127666
    },
    "spectral_flux": {
        "dmean": 0.0129246748984,
        "dmean2": 0.0198182575405,
        "dvar": 0.000397886236897,
        "dvar2": 0.000825599941891,
        "max": 0.148984596133,
        "mean": 0.0319753363729,
        "median": 0.0247286763042,
        "min": 0.00256275571883,
        "var": 0.000761769711971
    },
    "spectral_kurtosis": {
        "dmean": 12.1818284988,
        "dmean2": 19.6220283508,
        "dvar": 156.713653564,
        "dvar2": 405.44708252,
        "max": 142.18031311,
        "mean": 48.3677520752,
        "median": 42.3392105103,
        "min": 1.88966560364,
        "var": 1232.45166016
    },
    "spectral_rms": {
        "dmean": 0.000517354405019,
        "dmean2": 0.000637275690679,
        "dvar": 4.53307791304e-07,
        "dvar2": 7.84993460456e-07,
        "max": 0.00772168766707,
        "mean": 0.00509570073336,
        "median": 0.00512582948431,
        "min": 0.000834799662698,
        "var": 2.19846356231e-06
    },
    "spectral_rolloff": {
        "dmean": 262.525634766,
        "dmean2": 525.844299316,
        "dvar": 3341244.5,
        "dvar2": 10029005,
        "max": 14879.4433594,
        "mean": 772.704101562,
        "median": 624.462890625,
        "min": 215.33203125,
        "var": 1723649.625
    },
    "spectral_skewness": {
        "dmean": 0.748156189919,
        "dmean2": 1.18960154057,
        "dvar": 0.553761899471,
        "dvar2": 1.33707714081,
        "max": 10.0202960968,
        "mean": 5.34991073608,
        "median": 5.11888980865,
        "min": 1.71271061897,
        "var": 5.18422460556
    },
    "spectral_spread": {
        "dmean": 905494.375,
        "dmean2": 1270486.375,
        "dvar": 4.22246534349e+12,
        "dvar2": 4.53539843277e+12,
        "max": 29576484,
        "mean": 2884525.25,
        "median": 2121616,
        "min": 545041.1875,
        "var": 9.83329197261e+12
    },
    "spectral_strongpeak": {
        "dmean": 0.481099754572,
        "dmean2": 0.660728633404,
        "dvar": 0.456398516893,
        "dvar2": 0.851775825024,
        "max": 7.03525781631,
        "mean": 3.31884074211,
        "median": 3.19749975204,
        "min": 0.0876241326332,
        "var": 2.60826015472
    },
    "zerocrossingrate": {
        "dmean": 0.00310465483926,
        "dmean2": 0.00447659520432,
        "dvar": 9.1591697128e-05,
        "dvar2": 0.000164738637977,
        "max": 0.09033203125,
        "mean": 0.0301725529134,
        "median": 0.02783203125,
        "min": 0.0078125,
        "var": 0.000250859535299
    },
    "barkbands": {
        "dmean": [2.62396997641e-06, 3.29821741616e-05, 2.87727507384e-05, 6.71799716656e-05, 0.0003288796579, 5.60753542231e-05, 0.00270295445807, 0.000516407075338, 0.00135360867716, 0.000228560544201, 0.00021033550729, 1.41922146213e-05, 0.000441156502347, 1.88389822142e-06, 5.69888970858e-06, 1.28734757254e-06, 2.6032353162e-06, 1.31867625441e-06, 9.60372472036e-06, 1.80700753845e-05, 6.23229607299e-06, 6.26829796602e-06, 5.62271134186e-06, 6.65422066959e-06, 1.21017246784e-05, 6.62126622046e-05, 2.67100040219e-05],
        "dmean2": [4.23121628046e-06, 5.74627010792e-05, 4.92553881486e-05, 0.000103879276139, 0.000503575138282, 0.000100140045106, 0.00257631996647, 0.000932521536015, 0.0014823526144, 0.000441470969236, 0.000335606717272, 2.41523212026e-05, 0.000447934202384, 2.96251391774e-06, 7.80245954957e-06, 2.22676453632e-06, 3.72278827854e-06, 2.27766486205e-06, 1.28450237753e-05, 2.15082764043e-05, 9.62685044215e-06, 7.72920884629e-06, 9.85382484942e-06, 1.19249798445e-05, 2.13957810047e-05, 0.000128083876916, 5.24223505636e-05],
        "dvar": [2.16618875615e-11, 1.55856882955e-09, 1.39839928526e-09, 8.6790699072e-08, 1.56946987317e-06, 3.01335880692e-08, 1.68709684658e-05, 2.64508503278e-06, 8.50484775583e-06, 1.26487429952e-06, 4.61590758505e-07, 2.29035479471e-09, 9.70353994489e-07, 4.62772736798e-11, 1.29893040768e-10, 2.02832646512e-11, 2.56560640788e-11, 2.06102426792e-11, 5.84558734751e-10, 2.52026044478e-09, 4.68309002688e-10, 4.17360895844e-10, 6.02166094765e-10, 7.00960123279e-10, 2.43098097208e-09, 1.86494617083e-07, 3.53092630689e-08],
        "dvar2": [4.46299906753e-11, 4.6990242808e-09, 3.69506181208e-09, 1.46195660022e-07, 2.39423320636e-06, 8.37624583028e-08, 1.66322261066e-05, 6.87478768668e-06, 9.80302320386e-06, 3.73719262825e-06, 1.00638976619e-06, 6.20124396278e-09, 9.56905182647e-07, 9.77781883238e-11, 2.89844065415e-10, 5.94347834837e-11, 5.28439202119e-11, 5.36365223069e-11, 1.05811703843e-09, 4.01313116072e-09, 8.52025394682e-10, 5.50361645146e-10, 1.62770652512e-09, 1.9129564599e-09, 6.79583900265e-09, 5.51874109078e-07, 1.04948554736e-07],
        "max": [3.6813733459e-05, 0.000263690104475, 0.000235497485846, 0.00320659438148, 0.0137642631307, 0.00132060050964, 0.0608789287508, 0.0158941429108, 0.0479729063809, 0.0100153014064, 0.00736317783594, 0.000308240676532, 0.0171980597079, 6.45351537969e-05, 9.59673343459e-05, 3.83850929211e-05, 4.21310069214e-05, 3.98396950914e-05, 0.000293564138701, 0.00057618500432, 0.000228214557865, 0.000269018142717, 0.000222953851335, 0.000261085806414, 0.000423589255661, 0.003420825582, 0.00149221916217],
        "mean": [3.10948666993e-06, 4.42320124421e-05, 3.59718687832e-05, 0.000100781129731, 0.000496283231769, 5.62942987017e-05, 0.0124342134222, 0.00104499247391, 0.0120868757367, 0.000216587854084, 0.000376190262614, 1.73040916707e-05, 0.00177202129271, 3.3116650684e-06, 1.42175631481e-05, 1.83119107078e-06, 5.26738494955e-06, 2.15886552724e-06, 2.14572537516e-05, 3.0309189242e-05, 1.13800042527e-05, 1.10595747174e-05, 7.16827526048e-06, 7.38225298846e-06, 1.77756901394e-05, 3.62355167454e-05, 1.43924207805e-05],
        "median": [1.16573721698e-06, 2.31224676099e-05, 1.74466440512e-05, 1.15569819172e-05, 5.86848946114e-05, 1.59185128723e-05, 0.00266896327958, 0.000167742749909, 0.000363994477084, 6.90002389092e-06, 9.36339856707e-05, 1.42973783568e-06, 1.05461949715e-05, 6.96626443641e-07, 7.91581442172e-06, 6.59913041545e-07, 1.8672836859e-06, 2.82358513459e-07, 2.28457452067e-06, 1.11140604986e-06, 1.15230091069e-06, 2.28682637271e-07, 2.81361366206e-07, 1.36125521522e-07, 1.3266088672e-07, 1.24160337123e-07, 2.10466481576e-07],
        "min": [5.89439252963e-09, 8.92804337127e-07, 9.28706469949e-07, 1.88632682807e-07, 1.0652207294e-07, 2.00213753487e-06, 2.29500346904e-06, 1.98514044314e-06, 4.19414448061e-07, 7.45314920891e-08, 7.54064899411e-07, 9.46545810621e-08, 8.66095888341e-08, 1.37359101871e-08, 3.7386186591e-08, 1.79779640064e-08, 2.1205059042e-08, 1.59918975839e-08, 1.83248101138e-08, 2.78953589117e-08, 2.29470629165e-08, 1.60740292188e-08, 1.39230893481e-08, 1.47153951247e-08, 1.58547219797e-08, 1.23464465318e-08, 1.19386847075e-08],
        "var": [2.57361389144e-11, 2.75961098417e-09, 1.94640970008e-09, 1.94963632794e-07, 3.65672462976e-06, 2.26466188025e-08, 0.00028697354719, 5.93107279201e-06, 0.000270546210231, 1.08990514036e-06, 1.04121852473e-06, 2.09135042617e-09, 1.22876735986e-05, 6.92369286903e-11, 3.43025940985e-10, 1.71393992748e-11, 6.53978329823e-11, 3.48285220109e-11, 2.19942486446e-09, 5.90541571199e-09, 9.20450049513e-10, 1.60230906321e-09, 5.6552523775e-10, 7.67702845739e-10, 3.42773054385e-09, 9.80591963184e-08, 1.83067552229e-08]
    },
    "erbbands": {
        "dmean": [0.0011418259237, 0.00705158198252, 0.0259939413518, 0.116584189236, 1.34098660946, 0.589338600636, 0.481239467859, 0.571085393429, 13.688908577, 47.0013237, 21.1350440979, 32.0452194214, 9.85220527649, 5.07504367828, 5.74318647385, 3.84174180031, 20.3340206146, 0.95483738184, 0.160591796041, 0.32829028368, 0.0704542323947, 0.140118509531, 0.0972977802157, 0.519295275211, 0.283634781837, 1.03393530846, 0.290899813175, 0.157954245806, 0.262730121613, 0.121942959726, 0.216132938862, 0.128883674741, 0.103134028614, 0.0681865587831, 0.12607601285, 0.171575158834, 0.135976448655, 0.0580741614103, 0.00250826310366, 9.88978135865e-05],
        "dmean2": [0.00198747473769, 0.0123580507934, 0.0452951490879, 0.165059417486, 2.00496983528, 0.945380806923, 0.83638292551, 0.835581362247, 13.531457901, 45.3104629517, 31.6588039398, 33.3865432739, 16.3830966949, 8.53206443787, 8.91213989258, 3.86892366409, 21.1685428619, 1.10704493523, 0.270882070065, 0.427236914635, 0.1116149351, 0.211013779044, 0.157849803567, 0.663854598999, 0.380322784185, 1.22969257832, 0.398415148258, 0.258758038282, 0.335026562214, 0.180868268013, 0.362164020538, 0.223216429353, 0.185925856233, 0.121072739363, 0.224584653974, 0.318312227726, 0.264020234346, 0.114618293941, 0.00492083467543, 0.000189527272596],
        "dvar": [2.24180234909e-06, 6.6525528382e-05, 0.000849243893754, 0.164360433817, 33.4860305786, 2.53213238716, 1.82104372978, 1.56172072887, 497.725128174, 4658.96923828, 2982.69482422, 5222.65332031, 2369.35083008, 132.768218994, 381.366607666, 65.9521636963, 2065.20825195, 4.2704577446, 0.467660576105, 0.307928562164, 0.0349393263459, 0.0898382440209, 0.0760450586677, 1.67195558548, 0.582443594933, 8.25592136383, 0.82872569561, 0.396677404642, 0.770135104656, 0.138131454587, 0.929424583912, 0.34093606472, 0.159505113959, 0.106374077499, 0.26314586401, 1.00389909744, 0.7708568573, 0.175831377506, 0.000287535658572, 3.53136613285e-07],
        "dvar2": [6.37196217212e-06, 0.000203628384043, 0.00227099540643, 0.267762422562, 48.1380767822, 4.93207550049, 4.9027223587, 4.44076776505, 648.912719727, 4563.95214844, 6838.88769531, 5685.23828125, 6094.37548828, 330.849731445, 839.884155273, 58.2263221741, 2173.66113281, 7.20186233521, 1.37859594822, 0.470285445452, 0.0968898236752, 0.18067458272, 0.209426492453, 2.5966758728, 1.1203738451, 13.1351852417, 1.69233357906, 0.744071125984, 1.04523837566, 0.284585356712, 2.42862319946, 0.934446275234, 0.4304946661, 0.293698877096, 0.723984062672, 2.91204404831, 2.28467512131, 0.523944556713, 0.000856512633618, 1.05078174784e-06],
        "max": [0.0100085102022, 0.0500483885407, 0.207440003753, 4.69333171844, 62.7201843262, 17.3609142303, 9.82405662537, 9.67395401001, 363.115264893, 1027.98034668, 584.639038086, 1247.54064941, 471.680328369, 91.7393722534, 214.812454224, 146.977645874, 778.946472168, 30.5654830933, 5.60487031937, 6.51211261749, 1.92509329319, 2.40946817398, 2.40154862404, 17.2678470612, 7.02359056473, 32.9177474976, 9.9947052002, 5.85412454605, 11.787563324, 4.11963319778, 8.82323169708, 5.49021530151, 4.00565719604, 3.20894098282, 4.08298063278, 8.02696323395, 6.91996908188, 3.32067608833, 0.133702948689, 0.00465475209057],
        "mean": [0.00143597729038, 0.00957672391087, 0.0358139760792, 0.189332172275, 1.93043112755, 0.901210069656, 0.525948524475, 1.23530936241, 53.2503509521, 227.50440979, 100.764045715, 304.502655029, 23.4803676605, 8.58502006531, 10.2536029816, 15.1683692932, 81.7054367065, 3.65961313248, 0.309675127268, 0.911888957024, 0.165260657668, 0.280956476927, 0.18501316011, 1.24079453945, 0.611467182636, 1.7741830349, 0.544515728951, 0.281993925571, 0.520481526852, 0.217198222876, 0.257106512785, 0.124977447093, 0.12839640677, 0.0863356888294, 0.18964664638, 0.11450509727, 0.0742912739515, 0.0304484982044, 0.00138226384297, 8.67827839102e-05],
        "median": [0.000608230999205, 0.00557052530348, 0.0227167457342, 0.0424683466554, 0.108554802835, 0.169562071562, 0.215888917446, 0.705805540085, 10.8726005554, 61.0110359192, 45.4119758606, 9.51350975037, 3.31641721725, 2.55377411842, 1.88023591042, 1.87418413162, 0.885789632797, 0.332312315702, 0.164135664701, 0.297721207142, 0.110002428293, 0.0891223549843, 0.0888533294201, 0.143112152815, 0.096542686224, 0.0612662024796, 0.0383814312518, 0.0318498164415, 0.0183444581926, 0.00807492621243, 0.00844166707247, 0.00405144412071, 0.0024927589111, 0.00125599384774, 0.00101904105395, 0.000649655819871, 0.000261310255155, 9.16978242458e-05, 4.47926286142e-05, 3.84881132049e-05],
        "min": [2.32478178077e-05, 0.000209936857573, 0.00102900306229, 0.00103495328221, 0.00213948730379, 0.0036359874066, 0.0201390441507, 0.0324422828853, 0.0837274044752, 0.655431210995, 0.352634012699, 0.148015797138, 0.066189058125, 0.184709951282, 0.0523906797171, 0.0228659007698, 0.00705861672759, 0.00900863949209, 0.00217631622218, 0.00275329803117, 0.00128464424051, 0.00117627473082, 0.00117225700524, 0.0010295700049, 0.000880166713614, 0.00104510062374, 0.00113179825712, 0.000666689011268, 0.000507711491082, 0.000493995961733, 0.000391265726648, 0.000317052385071, 0.000278145540506, 0.000152469976456, 0.000128934916575, 7.30261745048e-05, 2.81219599856e-05, 5.81375661568e-06, 4.70333998237e-06, 6.48961577099e-06],
        "var": [3.68275641449e-06, 0.00011177102715, 0.00146699976176, 0.417251080275, 77.0288467407, 5.74176216125, 1.45548450947, 2.45567107201, 5936.89453125, 88600.5078125, 12385.6435547, 182485.015625, 2741.40576172, 263.362304688, 831.144958496, 849.570678711, 25600.2109375, 43.1508293152, 0.351611107588, 1.47492384911, 0.0500158555806, 0.205058440566, 0.108403965831, 7.24360656738, 1.49898600578, 19.737701416, 1.87246334553, 0.64684265852, 3.16483211517, 0.438307106495, 0.86764383316, 0.285867422819, 0.204391673207, 0.117318540812, 0.388519465923, 0.567403376102, 0.403076857328, 0.0904674082994, 0.000148199716932, 1.8243058264e-07]
    },
    "gfcc": {
        "mean": [-156.599243164, 118.114616394, -104.709358215, -42.8248519897, -81.9427185059, -13.3288536072, -7.36256790161, 15.6766729355, -7.89075708389, 8.60908412933, -7.75926399231, -14.5329713821, -20.6399822235],
        "cov": [[5657.72070312, -2466.13134766, -1396.09228516, 998.830505371, 355.9949646, 1535.4375, 81.475944519, -300.051971436, -1590.43139648, -565.473510742, -1063.29504395, -898.342529297, -587.829467773], [-2466.13134766, 1684.14111328, 381.54083252, -366.826477051, 125.492332458, -712.785095215, 32.4690284729, 58.2215499878, 712.021240234, 105.749923706, 458.87878418, 189.712814331, 189.656799316], [-1396.09228516, 381.54083252, 1150.1862793, -129.593734741, -239.766921997, -464.646087646, -161.574386597, 96.1842041016, 467.820098877, 231.730682373, 236.004959106, 453.054901123, 237.940185547], [998.830505371, -366.826477051, -129.593734741, 668.431030273, 129.290710449, 240.838424683, -102.107032776, -136.867111206, -344.379211426, -175.542526245, -310.576293945, -230.04901123, -54.8008346558], [355.9949646, 125.492332458, -239.766921997, 129.290710449, 273.581665039, 107.288162231, 14.5289735794, -65.8261871338, -91.1606674194, -123.074508667, -95.3554916382, -151.66166687, -77.8808135986], [1535.4375, -712.785095215, -464.646087646, 240.838424683, 107.288162231, 674.578796387, 205.193511963, -54.8676643372, -435.347625732, -123.185684204, -332.262634277, -369.257873535, -210.071853638], [81.475944519, 32.4690284729, -161.574386597, -102.107032776, 14.5289735794, 205.193511963, 271.766235352, 48.2282142639, 11.2900915146, 6.82115888596, -26.0813560486, -188.462677002, -59.2676506042], [-300.051971436, 58.2215499878, 96.1842041016, -136.867111206, -65.8261871338, -54.8676643372, 48.2282142639, 106.85256958, 116.350875854, 59.0932617188, 73.3712005615, 86.7576217651, 37.6212081909], [-1590.43139648, 712.021240234, 467.820098877, -344.379211426, -91.1606674194, -435.347625732, 11.2900915146, 116.350875854, 520.965454102, 197.827316284, 332.594848633, 292.132263184, 169.989990234], [-565.473510742, 105.749923706, 231.730682373, -175.542526245, -123.074508667, -123.185684204, 6.82115888596, 59.0932617188, 197.827316284, 220.583587646, 201.933639526, 143.37940979, 65.8954696655], [-1063.29504395, 458.87878418, 236.004959106, -310.576293945, -95.3554916382, -332.262634277, -26.0813560486, 73.3712005615, 332.594848633, 201.933639526, 346.033111572, 222.730224609, 114.950050354], [-898.342529297, 189.712814331, 453.054901123, -230.04901123, -151.66166687, -369.257873535, -188.462677002, 86.7576217651, 292.132263184, 143.37940979, 222.730224609, 461.98425293, 168.579666138], [-587.829467773, 189.656799316, 237.940185547, -54.8008346558, -77.8808135986, -210.071853638, -59.2676506042, 37.6212081909, 169.989990234, 65.8954696655, 114.950050354, 168.579666138, 135.90927124]],
        "icov": [[0.00248384289443, 0.00203956640325, -0.000466447178042, -0.000422314245952, -0.00271591590717, 0.000581229804084, -0.00211429712363, -5.43661371921e-05, 0.00516582513228, 0.000548001262359, -0.000928498513531, -0.000743775977753, 0.0019592999015], [0.00203956640325, 0.00653220620006, -0.000384335784474, -0.00118678121362, -0.0045621660538, 0.00305703980848, -0.00338296336122, 0.00225003482774, -0.00241317367181, 0.00482093403116, -0.00457575079054, 0.00149712443817, 0.00260711740702], [-0.000466447178042, -0.000384335784474, 0.00269353948534, -0.000605739071034, 0.0018215655582, -0.000302395230392, 0.00147338176612, 0.000500447698869, -0.0042569632642, -0.0015463498421, 0.00253130705096, -0.000651640060823, -0.000619097205345], [-0.000422314245952, -0.00118678121362, -0.000605739071034, 0.00540976831689, -0.000421043660026, -0.00150477269199, 0.00492580281571, -3.43998581229e-05, 0.000859495368786, -0.00227101775818, 0.00430563092232, 0.00376798282377, -0.00562756648287], [-0.00271591590717, -0.0045621660538, 0.0018215655582, -0.000421043660026, 0.0125483702868, -0.00532228546217, 0.00692322989926, 0.0010564646218, -0.00918985623866, 0.00302430894226, 0.000679062155541, 0.00137928710319, 0.00069431232987], [0.000581229804084, 0.00305703980848, -0.000302395230392, -0.00150477269199, -0.00532228546217, 0.014182635583, -0.0128750223666, 0.00108269194607, 0.00769572891295, -0.00559161929414, 0.00383626506664, -0.00324972742237, 0.00500005157664], [-0.00211429712363, -0.00338296336122, 0.00147338176612, 0.00492580281571, 0.00692322989926, -0.0128750223666, 0.0266732648015, -0.00729333003983, -0.0158014651388, 0.00176506023854, 0.00238472246565, 0.0133602665737, -0.00698069995269], [-5.43661371921e-05, 0.00225003482774, 0.000500447698869, -3.43998581229e-05, 0.0010564646218, 0.00108269194607, -0.00729333003983, 0.0201495233923, -0.00494841393083, 0.00220929365605, -0.000903528882191, -0.00444193976, 0.000647778855637], [0.00516582513228, -0.00241317367181, -0.0042569632642, 0.000859495368786, -0.00918985623866, 0.00769572891295, -0.0158014651388, -0.00494841393083, 0.0403006970882, -0.01009410806, 0.000626030319836, -0.00955110043287, 0.00042303808732], [0.000548001262359, 0.00482093403116, -0.0015463498421, -0.00227101775818, 0.00302430894226, -0.00559161929414, 0.00176506023854, 0.00220929365605, -0.01009410806, 0.0237776320428, -0.0174852479249, 0.00244211149402, 0.00353898317553], [-0.000928498513531, -0.00457575079054, 0.00253130705096, 0.00430563092232, 0.000679062155541, 0.00383626506664, 0.00238472246565, -0.000903528882191, 0.000626030319836, -0.0174852479249, 0.0240576136857, -0.000806212425232, -0.00437020370737], [-0.000743775977753, 0.00149712443817, -0.000651640060823, 0.00376798282377, 0.00137928710319, -0.00324972742237, 0.0133602665737, -0.00444193976, -0.00955110043287, 0.00244211149402, -0.000806212425232, 0.0149590857327, -0.00693391216919], [0.0019592999015, 0.00260711740702, -0.000619097205345, -0.00562756648287, 0.00069431232987, 0.00500005157664, -0.00698069995269, 0.000647778855637, 0.00042303808732, 0.00353898317553, -0.00437020370737, -0.00693391216919, 0.02596356906]]
    },
    "melbands": {
        "dmean": [9.67642699834e-06, 1.11592562462e-05, 5.49037140445e-05, 8.08648546808e-05, 1.44507603181e-05, 9.12909399631e-06, 0.000338858924806, 0.000416687806137, 0.000217657681787, 0.000172964748344, 4.52043605037e-05, 1.90314112842e-05, 2.82965374936e-05, 2.18675882024e-06, 4.50198822364e-05, 2.41099169216e-05, 3.06313182818e-07, 2.09138207197e-07, 3.8302735561e-07, 2.76854734693e-07, 6.31811829521e-08, 1.59693840374e-07, 1.33024485649e-07, 6.59594689978e-08, 4.89268757065e-07, 2.61006448454e-07, 6.23507787623e-07, 5.83613825711e-07, 1.7151199927e-07, 9.3767511089e-08, 1.29476390498e-07, 1.0826335739e-07, 1.84068824183e-07, 5.61451720671e-08, 1.16385599824e-07, 9.25965153442e-08, 9.65737569913e-08, 1.04180472249e-07, 2.69826205823e-08, 6.77876315081e-08],
        "dmean2": [1.6620662791e-05, 1.94903514057e-05, 8.0709643953e-05, 0.000122386118164, 2.47818406933e-05, 1.64372177096e-05, 0.000327330373693, 0.000407716550399, 0.000302363157971, 0.000185358978342, 7.66348312027e-05, 3.18811544275e-05, 4.50991101388e-05, 3.65481446352e-06, 4.39657342213e-05, 2.62009325525e-05, 4.85193140776e-07, 4.02739914307e-07, 5.26742326201e-07, 3.81860928655e-07, 1.06410610101e-07, 2.39972052896e-07, 2.16663437413e-07, 1.03294844678e-07, 6.24299218543e-07, 3.75259617158e-07, 7.15522332939e-07, 7.10156541572e-07, 2.55460179233e-07, 1.26447289972e-07, 2.07343731518e-07, 1.44706675087e-07, 2.2251838061e-07, 9.78448184696e-08, 1.90451899584e-07, 1.57750676522e-07, 1.71228620616e-07, 1.8608274388e-07, 4.51086705766e-08, 1.24635079146e-07],
        "dvar": [1.39484132577e-10, 1.58624155477e-10, 6.01111338483e-08, 9.25460525991e-08, 1.65955116316e-09, 8.04394217901e-10, 2.85678737555e-07, 3.61267126436e-07, 3.02897262827e-07, 1.55239675337e-07, 5.69900038272e-08, 1.77687664582e-09, 9.57799173307e-09, 5.55108181644e-11, 1.04643431698e-08, 2.83622925146e-09, 6.47198765934e-13, 1.32521576178e-12, 4.60784893314e-13, 2.7143435069e-13, 3.52710346823e-14, 1.31861779525e-13, 1.40766887621e-13, 4.09088995318e-14, 1.53077355479e-12, 4.82375695377e-13, 3.24234454389e-12, 2.59899827354e-12, 2.81256436327e-13, 9.02380858296e-14, 2.67485306907e-13, 1.25196822852e-13, 3.82646605374e-13, 2.56873498573e-14, 2.679781039e-13, 1.86978674189e-13, 1.59051753972e-13, 1.46607755775e-13, 1.23351197353e-14, 1.10641713619e-13],
        "dvar2": [4.19873996682e-10, 4.10851103139e-10, 8.91517899504e-08, 1.41024983691e-07, 4.32493107994e-09, 2.28896035459e-09, 3.2760399904e-07, 3.77567715759e-07, 6.13690986029e-07, 1.74586858748e-07, 1.45821900333e-07, 4.6283905597e-09, 2.14156923306e-08, 1.46984577287e-10, 9.57666834722e-09, 3.45530004608e-09, 1.32700317748e-12, 3.9308122729e-12, 9.39790563079e-13, 5.35607365751e-13, 9.592507859e-14, 2.46547980599e-13, 4.07602581244e-13, 7.24644208029e-14, 2.33283769906e-12, 1.10570916572e-12, 5.16668001785e-12, 4.16415946863e-12, 6.48550874463e-13, 1.717841635e-13, 5.10713487559e-13, 1.88769884598e-13, 4.81670692914e-13, 7.3469842135e-14, 6.86424170542e-13, 5.00729611854e-13, 4.39778693063e-13, 4.01436560859e-13, 3.08391753432e-14, 3.09760192756e-13],
        "max": [8.08453332866e-05, 8.55152975419e-05, 0.00267774425447, 0.00335628259927, 0.000305896217469, 0.00021959222795, 0.008514277637, 0.00892415270209, 0.00560324685648, 0.00667571928352, 0.0023018703796, 0.000311577576213, 0.00105263548903, 5.32118829142e-05, 0.00180545763578, 0.000884209293872, 6.63425953462e-06, 9.40365316637e-06, 6.41548103886e-06, 4.98305189467e-06, 2.01425928026e-06, 3.03154570247e-06, 2.6100631203e-06, 2.13321436604e-06, 1.66798563441e-05, 6.50817173664e-06, 2.06720706046e-05, 1.83459123946e-05, 5.06407604917e-06, 3.44777527062e-06, 4.72784768135e-06, 4.60978571937e-06, 8.22860147309e-06, 1.06624725049e-06, 4.76189325127e-06, 3.80903929909e-06, 3.8184261939e-06, 3.76086995857e-06, 1.1823181012e-06, 3.17302760777e-06],
        "mean": [1.24845191749e-05, 1.64718803717e-05, 8.40777793201e-05, 0.00012072755635, 1.56757450895e-05, 8.95544508239e-06, 0.00141038629226, 0.0019826926291, 0.00131564412732, 0.00163107854314, 5.17235530424e-05, 2.91149735858e-05, 4.9541646149e-05, 2.22522135118e-06, 0.000180949573405, 9.64697392192e-05, 5.43011310583e-07, 1.82479922728e-07, 9.62789499681e-07, 7.48209799895e-07, 1.21138810982e-07, 3.03896939613e-07, 2.03884169991e-07, 1.30351352823e-07, 1.1676415852e-06, 5.26010865087e-07, 1.02590354345e-06, 1.00704505712e-06, 2.73117052529e-07, 1.77085738073e-07, 1.99133523893e-07, 2.18080799641e-07, 3.30090642819e-07, 7.28105646886e-08, 1.38450900522e-07, 9.28730869987e-08, 9.03247681094e-08, 1.14686187658e-07, 4.56708804109e-08, 7.61398766258e-08],
        "median": [6.08189293416e-06, 1.01389878182e-05, 1.10434266389e-05, 1.31817741931e-05, 6.90758588462e-06, 2.16771172745e-06, 0.000249995850027, 0.000538545078598, 0.000118879594083, 4.82917530462e-05, 2.3339391646e-06, 8.23480695544e-06, 1.02488111224e-05, 1.72629086137e-07, 9.6156611562e-07, 1.21781454254e-06, 1.22388442492e-07, 3.05487652952e-08, 5.83044595714e-07, 2.096614935e-07, 4.28876560932e-08, 9.19483937878e-08, 3.74443267503e-08, 1.48033016956e-08, 1.05028313158e-07, 8.3772754067e-08, 3.33985674672e-08, 3.16304564763e-08, 2.17300080152e-08, 1.17918981246e-08, 1.35742057594e-08, 1.00908055245e-08, 4.28144542042e-09, 3.93361077045e-09, 5.59464252703e-09, 3.03654945633e-09, 2.22463736321e-09, 1.77070447194e-09, 1.17164544733e-09, 1.00253849666e-09],
        "min": [3.25434967863e-07, 5.32597937308e-07, 2.6358878813e-07, 4.21245047733e-08, 1.18384321013e-07, 4.08852542932e-07, 3.41261397807e-07, 1.9928826589e-07, 7.44086946725e-07, 6.47536779752e-08, 1.28649375597e-07, 2.21596792471e-07, 1.52049338453e-07, 1.37377611509e-08, 2.61795318757e-09, 9.75823155613e-09, 1.4746683874e-08, 2.09548201013e-09, 3.71131481103e-09, 1.54522228346e-09, 1.1967604685e-09, 1.06491915286e-09, 1.05864061961e-09, 7.41828098949e-10, 7.80015774193e-10, 7.28955507068e-10, 5.02432317973e-10, 6.72763733611e-10, 6.79119482871e-10, 4.4362366558e-10, 3.20026199985e-10, 2.42249137417e-10, 2.64639865577e-10, 2.6252849894e-10, 2.0552309854e-10, 1.56962373654e-10, 1.74055658775e-10, 1.73643377455e-10, 1.09470758847e-10, 1.04077642338e-10],
        "var": [2.43193576388e-10, 2.70586358875e-10, 1.39993730386e-07, 2.14177575231e-07, 1.37188438387e-09, 5.97963345506e-10, 3.98778229282e-06, 6.73450904287e-06, 2.74594390248e-06, 5.23317112311e-06, 6.13317041598e-08, 3.40507999574e-09, 2.05443129175e-08, 4.63493410319e-11, 1.31563822947e-07, 3.42940182918e-08, 1.21354868429e-12, 7.37508795354e-13, 1.42950722874e-12, 9.77684187949e-13, 6.05074258926e-14, 2.85936503424e-13, 1.78292209013e-13, 1.40448240603e-13, 6.73199907278e-12, 1.24475028809e-12, 7.40446245984e-12, 6.18085790882e-12, 4.82089520214e-13, 2.16416945129e-13, 3.88113667723e-13, 5.00852777221e-13, 1.48375983808e-12, 4.16239884628e-14, 2.61111987067e-13, 1.42682957463e-13, 1.45505054403e-13, 1.70650603024e-13, 2.41449994221e-14, 1.05362103048e-13]
    },
    "mfcc": {
        "mean": [-833.760070801, 164.837860107, 14.098154068, -6.80599546432, -38.8434486389, -22.690738678, -3.76207971573, -1.69291317463, 3.78434538841, 17.2494869232, 11.0101556778, 10.347946167, 6.7990193367],
        "cov": [[6222.47070312, -2342.14794922, -1028.52441406, 7.15633058548, -160.589645386, 1018.8069458, 1082.49780273, 109.070571899, -440.186950684, 92.6974411011, -264.442474365, -753.78137207, -1176.98791504], [-2342.14794922, 1343.92700195, 188.507568359, 64.4895477295, 204.493118286, -442.604187012, -455.118103027, 14.4506816864, 90.0356903076, -52.7591667175, 84.6755142212, 265.503601074, 405.030334473], [-1028.52441406, 188.507568359, 634.951782227, 56.808429718, -31.4778251648, -128.595367432, -227.947036743, -41.1380348206, 177.815368652, -30.6158695221, -15.5819530487, 137.652099609, 230.596237183], [7.15633058548, 64.4895477295, 56.808429718, 484.535217285, 207.662857056, 116.990127563, -21.5179443359, -85.1572494507, -47.3713874817, -17.6621799469, -58.3906173706, -34.2602386475, -114.519393921], [-160.589645386, 204.493118286, -31.4778251648, 207.662857056, 265.745635986, -4.15194654465, -96.8862609863, -7.60874605179, -59.9795265198, -108.079376221, -28.2820224762, -7.350918293, -35.1077804565], [1018.8069458, -442.604187012, -128.595367432, 116.990127563, -4.15194654465, 358.963592529, 282.768737793, 14.2815446854, -33.8263626099, 104.465942383, 31.0901565552, -128.113540649, -307.64654541], [1082.49780273, -455.118103027, -227.947036743, -21.5179443359, -96.8862609863, 282.768737793, 368.770019531, 21.4455547333, -55.4728279114, 174.633651733, 70.7924499512, -129.973449707, -295.978088379], [109.070571899, 14.4506816864, -41.1380348206, -85.1572494507, -7.60874605179, 14.2815446854, 21.4455547333, 118.334632874, 59.4676551819, -14.9360313416, -1.3286639452, -15.7002296448, -27.5150928497], [-440.186950684, 90.0356903076, 177.815368652, -47.3713874817, -59.9795265198, -33.8263626099, -55.4728279114, 59.4676551819, 189.638275146, -9.31414222717, 0.587500751019, 77.1219558716, 94.7116928101], [92.6974411011, -52.7591667175, -30.6158695221, -17.6621799469, -108.079376221, 104.465942383, 174.633651733, -14.9360313416, -9.31414222717, 264.807952881, 131.166061401, -5.29688930511, -96.3943099976], [-264.442474365, 84.6755142212, -15.5819530487, -58.3906173706, -28.2820224762, 31.0901565552, 70.7924499512, -1.3286639452, 0.587500751019, 131.166061401, 172.04788208, 32.65184021, -15.0973482132], [-753.78137207, 265.503601074, 137.652099609, -34.2602386475, -7.350918293, -128.113540649, -129.973449707, -15.7002296448, 77.1219558716, -5.29688930511, 32.65184021, 148.939056396, 180.504684448], [-1176.98791504, 405.030334473, 230.596237183, -114.519393921, -35.1077804565, -307.64654541, -295.978088379, -27.5150928497, 94.7116928101, -96.3943099976, -15.0973482132, 180.504684448, 415.49911499]],
