{
"lowlevel": {
    "average_loudness": 0.971796989441,
    "barkbands_crest": {
        "dmean": 3.93783211708,
        "dmean2": 7.07720661163,
        "dvar": 10.0707798004,
        "dvar2": 28.7658443451,
        "max": 23.3984622955,
        "mean": 13.4906024933,
        "median": 13.1852378845,
        "min": 5.39240932465,
        "var": 14.5745029449
    },
    "barkbands_flatness_db": {
        "dmean": 0.0309597644955,
        "dmean2": 0.0547197721899,
        "dvar": 0.000508207478561,
        "dvar2": 0.00145538547076,
        "max": 0.239689141512,
        "mean": 0.1507050246,
        "median": 0.153066635132,
        "min": 0.0772819668055,
        "var": 0.000952261034399
    },
    "barkbands_kurtosis": {
        "dmean": 12.2505722046,
        "dmean2": 21.8357048035,
        "dvar": 123.611480713,
        "dvar2": 355.344146729,
        "max": 81.2833328247,
        "mean": 23.0658435822,
        "median": 19.5821037292,
        "min": 4.63919639587,
        "var": 171.47833252
    },
    "barkbands_skewness": {
        "dmean": 1.08813714981,
        "dmean2": 1.93021988869,
        "dvar": 0.764868855476,
        "dvar2": 2.24442768097,
        "max": 7.88789653778,
        "mean": 4.22311878204,
        "median": 4.07957601547,
        "min": 2.17856693268,
        "var": 1.36937820911
    },
    "barkbands_spread": {
        "dmean": 5.97939109802,
        "dmean2": 10.4105682373,
        "dvar": 27.5238895416,
        "dvar2": 78.675994873,
        "max": 35.7112083435,
        "mean": 14.7775154114,
        "median": 13.1785621643,
        "min": 3.55963921547,
        "var": 43.5352935791
    },
    "dissonance": {
        "dmean": 0.0175755806267,
        "dmean2": 0.0293999668211,
        "dvar": 0.000314139499096,
        "dvar2": 0.000869942363352,
        "max": 0.49840515852,
        "mean": 0.462310791016,
        "median": 0.471553385258,
        "min": 0.307211875916,
        "var": 0.000883172790054
    },
    "dynamic_complexity": 1.72663366795,
    "erbbands_crest": {
        "dmean": 1.97660565376,
        "dmean2": 3.42553091049,
        "dvar": 2.82312679291,
        "dvar2": 7.53056907654,
        "max": 30.4647789001,
        "mean": 9.78986644745,
        "median": 6.60811805725,
        "min": 2.68245744705,
        "var": 57.4691848755
    },
    "erbbands_flatness_db": {
        "dmean": 0.0100114773959,
        "dmean2": 0.0165016390383,
        "dvar": 6.43953171675e-05,
        "dvar2": 0.00018473151431,
        "max": 0.184111505747,
        "mean": 0.074936427176,
        "median": 0.0624343752861,
        "min": 0.0329481773078,
        "var": 0.00120708730537
    },
    "erbbands_kurtosis": {
        "dmean": 1.02086448669,
        "dmean2": 1.64508593082,
        "dvar": 1.58453023434,
        "dvar2": 3.96840453148,
        "max": 25.7620449066,
        "mean": 2.50747203827,
        "median": 0.375368595123,
        "min": -0.895017385483,
        "var": 24.5108280182
    },
    "erbbands_skewness": {
        "dmean": 0.293619632721,
        "dmean2": 0.493205338717,
        "dvar": 0.0572707690299,
        "dvar2": 0.174382612109,
        "max": 4.3708319664,
        "mean": 1.33130156994,
        "median": 1.01464402676,
        "min": 0.26575165987,
        "var": 0.721068024635
    },
    "erbbands_spread": {
        "dmean": 6.9059138298,
        "dmean2": 11.4577970505,
        "dvar": 28.049407959,
        "dvar2": 86.5653839111,
        "max": 83.4698257446,
        "mean": 53.326171875,
        "median": 58.3343391418,
        "min": 9.59717082977,
        "var": 368.265716553
    },
    "hfc": {
        "dmean": 2.96772289276,
        "dmean2": 4.86369943619,
        "dvar": 9.49931144714,
        "dvar2": 17.9169769287,
        "max": 53.3985557556,
        "mean": 26.536239624,
        "median": 24.6155815125,
        "min": 0.647941768169,
        "var": 46.1466636658
    },
    "melbands_crest": {
        "dmean": 4.43584299088,
        "dmean2": 7.75419139862,
        "dvar": 10.6243543625,
        "dvar2": 30.5151348114,
        "max": 30.1627349854,
        "mean": 18.2141990662,
        "median": 18.095041275,
        "min": 8.89374160767,
        "var": 20.0720405579
    },
    "melbands_flatness_db": {
        "dmean": 0.0369474887848,
        "dmean2": 0.0657847821712,
        "dvar": 0.000712615496013,
        "dvar2": 0.00201408891007,
        "max": 0.380615562201,
        "mean": 0.277908056974,
        "median": 0.278902262449,
        "min": 0.188913196325,
        "var": 0.00130241352599
    },
    "melbands_kurtosis": {
        "dmean": 26.1540718079,
        "dmean2": 46.7956123352,
        "dvar": 647.372009277,
        "dvar2": 1810.83532715,
        "max": 186.464645386,
        "mean": 51.5546569824,
        "median": 44.7955780029,
        "min": 2.5506939888,
        "var": 1199.61206055
    },
    "melbands_skewness": {
        "dmean": 1.34093081951,
        "dmean2": 2.36813545227,
        "dvar": 1.16760778427,
        "dvar2": 3.33810424805,
        "max": 10.6093568802,
        "mean": 5.0142865181,
        "median": 5.06569337845,
        "min": 0.268672198057,
        "var": 4.51842832565
    },
    "melbands_spread": {
        "dmean": 2.28055047989,
        "dmean2": 4.02711582184,
        "dvar": 3.61498689651,
        "dvar2": 10.2054643631,
        "max": 14.2778110504,
        "mean": 5.77962303162,
        "median": 5.22689437866,
        "min": 1.57540512085,
        "var": 7.15709590912
    },
    "pitch_salience": {
        "dmean": 0.106715977192,
        "dmean2": 0.186705246568,
        "dvar": 0.00734054390341,
        "dvar2": 0.0191000495106,
        "max": 0.754892468452,
        "mean": 0.509687960148,
        "median": 0.510113418102,
        "min": 0.25965449214,
        "var": 0.0119370874017
    },
    "silence_rate_20dB": {
        "dmean": 0,
        "dmean2": 0,
        "dvar": 0,
        "dvar2": 0,
        "max": 1,
        "mean": 1,
        "median": 1,
        "min": 1,
        "var": 0
    },
    "silence_rate_30dB": {
        "dmean": 0.0399999991059,
        "dmean2": 0.0802675560117,
        "dvar": 0.0384001731873,
        "dvar2": 0.0805137529969,
        "max": 1,
        "mean": 0.936877071857,
        "median": 1,
        "min": 0,
        "var": 0.0591383762658
    },
    "silence_rate_60dB": {
        "dmean": 0,
        "dmean2": 0,
        "dvar": 0,
        "dvar2": 0,
        "max": 0,
        "mean": 0,
        "median": 0,
        "min": 0,
        "var": 0
    },
    "spectral_centroid": {
        "dmean": 154.814941406,
        "dmean2": 265.380889893,
        "dvar": 20265.7011719,
        "dvar2": 59655.9414062,
        "max": 1292.74768066,
        "mean": 613.274169922,
        "median": 582.322753906,
        "min": 268.794281006,
        "var": 32068.3046875
    },
    "spectral_complexity": {
        "dmean": 2.09333324432,
        "dmean2": 3.4715719223,
        "dvar": 3.39795446396,
        "dvar2": 7.988322258,
        "max": 20,
        "mean": 12.1594686508,
        "median": 12,
        "min": 1,
        "var": 6.51277780533
    },
    "spectral_decrease": {
        "dmean": 7.48211625989e-09,
        "dmean2": 1.32248834106e-08,
        "dvar": 4.30760954519e-17,
        "dvar2": 1.16555717244e-16,
        "max": -1.43066364311e-10,
        "mean": -1.50448116187e-08,
        "median": -1.34046800326e-08,
        "min": -7.28733624555e-08,
        "var": 7.74567161034e-17
    },
    "spectral_energy": {
        "dmean": 0.0284623522311,
        "dmean2": 0.0502712093294,
        "dvar": 0.000622151070274,
        "dvar2": 0.00168031197973,
        "max": 0.278994292021,
        "mean": 0.0591895468533,
        "median": 0.0528690703213,
        "min": 0.000598736514803,
        "var": 0.00113075308036
    },
    "spectral_energyband_high": {
        "dmean": 7.39572351449e-05,
        "dmean2": 0.000121523189591,
        "dvar": 5.54815260401e-09,
        "dvar2": 1.1463056282e-08,
        "max": 0.00149001076352,
        "mean": 0.000886861584149,
        "median": 0.000883610104211,
        "min": 2.91143933282e-05,
        "var": 8.60911253397e-09
    },
    "spectral_energyband_low": {
        "dmean": 0.0272364839911,
        "dmean2": 0.0493089742959,
        "dvar": 0.000649648311082,
        "dvar2": 0.00181013182737,
        "max": 0.251829922199,
        "mean": 0.0416854098439,
        "median": 0.0344145074487,
        "min": 0.000342719053151,
        "var": 0.000839615182485
    },
    "spectral_energyband_middle_high": {
        "dmean": 0.000234383318457,
        "dmean2": 0.000390968081774,
        "dvar": 6.95426294328e-08,
        "dvar2": 1.43942770592e-07,
        "max": 0.00400392198935,
        "mean": 0.00106966285966,
        "median": 0.000952862668782,
        "min": 4.79447189718e-05,
        "var": 2.17059437091e-07
    },
    "spectral_energyband_middle_low": {
        "dmean": 0.0068899076432,
        "dmean2": 0.0116202365607,
        "dvar": 7.91366546764e-05,
        "dvar2": 0.000193187224795,
        "max": 0.111205972731,
        "mean": 0.0176621228456,
        "median": 0.0117787504569,
        "min": 0.000123419682495,
        "var": 0.000257307809079
    },
    "spectral_entropy": {
        "dmean": 0.169859185815,
        "dmean2": 0.285352736712,
        "dvar": 0.0182498730719,
        "dvar2": 0.0503631196916,
        "max": 8.32230091095,
        "mean": 7.68578052521,
        "median": 7.73097276688,
        "min": 6.75639915466,
        "var": 0.0790468007326
    },
    "spectral_flux": {
        "dmean": 0.038839045912,
        "dmean2": 0.0622255764902,
        "dvar": 0.000920396531001,
        "dvar2": 0.00244861817919,
        "max": 0.322765827179,
        "mean": 0.141097471118,
        "median": 0.131907552481,
        "min": 0.0599097050726,
        "var": 0.00192493433133
    },
    "spectral_kurtosis": {
        "dmean": 0.518774986267,
        "dmean2": 0.857338070869,
        "dvar": 0.18973338604,
        "dvar2": 0.429121494293,
        "max": 9.30194950104,
        "mean": 5.27561187744,
        "median": 5.10875797272,
        "min": 2.68128538132,
        "var": 0.748626410961
    },
    "spectral_rms": {
        "dmean": 0.00181168690324,
        "dmean2": 0.00317515223287,
        "dvar": 1.83525548891e-06,
        "dvar2": 4.99159796163e-06,
        "max": 0.0164981689304,
        "mean": 0.00733299134299,
        "median": 0.00718189263716,
        "min": 0.00076428608736,
        "var": 3.97311487177e-06
    },
    "spectral_rolloff": {
        "dmean": 108.096679688,
        "dmean2": 190.125961304,
        "dvar": 10769.5283203,
        "dvar2": 30435.7734375,
        "max": 839.794921875,
        "mean": 301.250274658,
        "median": 279.931640625,
        "min": 86.1328125,
        "var": 20566.6601562
    },
    "spectral_skewness": {
        "dmean": 0.103736147285,
        "dmean2": 0.173753648996,
        "dvar": 0.00671473098919,
        "dvar2": 0.0164875388145,
        "max": 2.65983009338,
        "mean": 1.98475241661,
        "median": 1.96466839314,
        "min": 1.58890247345,
        "var": 0.027689056471
    },
    "spectral_spread": {
        "dmean": 363999.9375,
        "dmean2": 595956.1875,
        "dvar": 137710125056,
        "dvar2": 217622544384,
        "max": 12515428,
        "mean": 7669656,
        "median": 7733975,
        "min": 5628203.5,
        "var": 371565592576
    },
    "spectral_strongpeak": {
        "dmean": 0.299737721682,
        "dmean2": 0.521033704281,
        "dvar": 0.177176460624,
        "dvar2": 0.459353387356,
        "max": 4.92964315414,
        "mean": 0.721472561359,
        "median": 0.391769260168,
        "min": 0,
        "var": 0.992441773415
    },
    "zerocrossingrate": {
        "dmean": 0.0147574869916,
        "dmean2": 0.0207984950393,
        "dvar": 0.000163076751051,
        "dvar2": 0.000268910604063,
        "max": 0.1494140625,
        "mean": 0.0734190046787,
        "median": 0.072265625,
        "min": 0.00927734375,
        "var": 0.000539546483196
    },
    "barkbands": {
        "dmean": [0.00170215393882, 0.020800691098, 0.01002779603, 0.00409495923668, 0.00333303166553, 0.00116983894259, 0.00115353055298, 0.000416532915551, 0.000152740234626, 9.90060580079e-05, 9.96565795504e-05, 8.26023606351e-05, 7.38309536246e-05, 5.44903668924e-05, 4.58648064523e-05, 3.05367029796e-05, 1.89487000171e-05, 1.59760602401e-05, 1.916054498e-05, 2.3808926926e-05, 1.68325950654e-05, 1.20204404084e-05, 1.362612511e-05, 1.49755287566e-05, 1.49264960783e-05, 2.20881011046e-05, 5.26973963133e-05],
        "dmean2": [0.00315664615482, 0.0380052886903, 0.0176288411021, 0.00708435848355, 0.00569456443191, 0.00201405747794, 0.00176519493107, 0.000718923634849, 0.000272271659924, 0.00016802578466, 0.000167969352333, 0.00014091929188, 0.000128497864353, 9.31578761083e-05, 7.88547404227e-05, 5.32219637535e-05, 3.34905016643e-05, 2.73151017609e-05, 3.31279989041e-05, 4.05997634516e-05, 2.89507424895e-05, 2.07538541872e-05, 2.38572356466e-05, 2.66898423433e-05, 2.4936907721e-05, 3.78226031899e-05, 9.01540843188e-05],
        "dvar": [2.62607431978e-06, 0.000460704468424, 0.000116128052468, 3.78702497983e-05, 1.50638970808e-05, 2.58095133177e-06, 4.71592875328e-06, 2.37242645085e-07, 1.89542141982e-08, 9.89454118638e-09, 3.11298862243e-08, 6.59677645842e-09, 4.36817915173e-09, 1.81573489577e-09, 1.90186577598e-09, 5.94759297368e-10, 2.22412407935e-10, 2.00989350163e-10, 2.60889726489e-10, 4.13703515889e-10, 1.64424460158e-10, 1.18507786917e-10, 1.15376992682e-10, 6.62446708599e-10, 2.45734405047e-10, 3.44265310703e-10, 1.97471639041e-09],
        "dvar2": [8.57630402606e-06, 0.00130882975645, 0.000296720740153, 8.75052428455e-05, 4.70737104479e-05, 7.27117503629e-06, 7.75922762841e-06, 6.4357516294e-07, 5.39677493805e-08, 2.84322982935e-08, 5.18495681945e-08, 1.97000726843e-08, 1.27696679897e-08, 5.03351982317e-09, 5.0007660235e-09, 1.72799852205e-09, 6.36703412216e-10, 4.92500429328e-10, 7.49292683455e-10, 1.1736180916e-09, 4.66220784201e-10, 3.64101360173e-10, 3.26606991452e-10, 1.59175617132e-09, 6.40353159387e-10, 8.84187223438e-10, 4.92587970413e-09],
        "max": [0.0109436735511, 0.20237416029, 0.0814424008131, 0.0704219564795, 0.036332346499, 0.0159871056676, 0.0485070310533, 0.00894996430725, 0.00126407539938, 0.00104331667535, 0.00323116942309, 0.000611192139331, 0.000427853898145, 0.000407785351854, 0.000375323841581, 0.000194558335352, 0.000111293942609, 0.000126769460621, 0.000145074343891, 0.000203553572646, 0.000115546943562, 0.00010257451504, 0.000107562787889, 0.000443161989097, 0.000250428594882, 0.000215172360186, 0.000562780245673],
        "mean": [0.00180626939982, 0.0264242887497, 0.0111552551389, 0.00464249867946, 0.00488243019208, 0.00169455469586, 0.00505105918273, 0.00107499375008, 0.000249300966971, 0.000177437133971, 0.000201393355383, 0.000134518239065, 0.000141378433909, 0.000105382423499, 9.67301166384e-05, 6.37808116153e-05, 4.55363224319e-05, 4.31772423326e-05, 5.63240610063e-05, 7.60839393479e-05, 6.24371677986e-05, 4.95720560139e-05, 5.41577428521e-05, 6.85711202095e-05, 8.4902625531e-05, 0.000141968732351, 0.000438439892605],
        "median": [0.00133959157392, 0.0209652148187, 0.00713421404362, 0.00272415112704, 0.00345264421776, 0.00122742517851, 0.00118731800467, 0.000449274899438, 0.000205146745429, 0.000145114318002, 0.000120279735711, 0.000108856729639, 0.000127421488287, 9.219491767e-05, 8.53760866448e-05, 5.83681576245e-05, 4.32139459008e-05, 4.00798489864e-05, 5.44595495739e-05, 7.32779299142e-05, 5.96685167693e-05, 4.87466204504e-05, 5.22879345226e-05, 6.58475473756e-05, 8.36702529341e-05, 0.000140577452839, 0.000436969916336],
        "min": [1.45707081174e-05, 0.0002432068286, 3.2778345485e-05, 9.11273491511e-06, 5.07919357915e-05, 7.89871955931e-06, 4.44923625764e-06, 2.74596131931e-05, 1.68648111867e-05, 1.95070078917e-05, 2.48923402069e-06, 6.57270720694e-06, 9.413072803e-06, 3.06032302433e-06, 3.10312134388e-06, 2.25180065172e-06, 1.99775649889e-06, 1.65658059359e-06, 5.09562198658e-07, 2.02537785299e-06, 3.61470301868e-06, 9.22223421185e-07, 1.44703483329e-06, 2.45410433308e-06, 1.62867809195e-06, 3.70891802959e-06, 1.45762987813e-05],
        "var": [2.75137085737e-06, 0.000528162228875, 0.0001421985653, 4.77741268696e-05, 2.54335664067e-05, 3.6044400531e-06, 8.9863606263e-05, 2.56831708612e-06, 2.88510069169e-08, 1.68666147715e-08, 1.39764324558e-07, 8.81812844966e-09, 6.04308825203e-09, 3.0311795296e-09, 2.61847876715e-09, 7.87492571153e-10, 3.09117037522e-10, 2.72614320007e-10, 3.32696870053e-10, 5.53698920047e-10, 2.93358004555e-10, 1.40670239346e-10, 1.68837901993e-10, 9.13543407588e-10, 2.94217233909e-10, 4.60102345112e-10, 2.66010213856e-09]
    },
    "erbbands": {
        "dmean": [0.763391017914, 4.48626947403, 10.6584768295, 11.7967453003, 12.4044246674, 11.3287715912, 13.4037714005, 7.7652220726, 8.30919647217, 26.1542167664, 5.13016176224, 3.498670578, 3.61353969574, 2.73572206497, 3.5679602623, 3.13664460182, 3.51905059814, 2.67502832413, 2.33240056038, 1.94641375542, 1.40768122673, 0.94841581583, 0.861822426319, 0.924970626831, 1.10412716866, 1.22590374947, 0.843437075615, 0.579071104527, 0.449063301086, 0.438254356384, 0.377763152122, 0.309670418501, 0.297918558121, 0.192607790232, 0.120324008167, 0.0810860991478, 0.0517832003534, 0.0248770248145, 0.00841262191534, 0.00109374430031],
        "dmean2": [1.37576293945, 8.14520359039, 18.7707176208, 20.339099884, 21.4382667542, 20.1472396851, 23.5381660461, 13.5142498016, 14.2809906006, 39.5664291382, 8.64074420929, 6.18997859955, 6.04945802689, 4.57961130142, 6.1391248703, 5.47750663757, 6.21735143661, 4.55160951614, 3.89901971817, 3.30032300949, 2.37065172195, 1.6607683897, 1.43975889683, 1.60788214207, 1.92915904522, 2.07073926926, 1.46664869785, 0.985801160336, 0.79504263401, 0.761038422585, 0.663242578506, 0.540850996971, 0.524385392666, 0.32453623414, 0.202952980995, 0.139592543244, 0.0855120271444, 0.0437103919685, 0.0144071271643, 0.00187066709623],
        "dvar": [0.556475520134, 21.0504322052, 116.813476562, 249.94442749, 266.422973633, 216.236572266, 482.700897217, 81.7726211548, 75.8665924072, 2828.25610352, 25.5011444092, 10.946803093, 14.0133953094, 11.8977575302, 34.4743537903, 12.0483970642, 10.2475833893, 4.36304426193, 5.31073570251, 2.90465283394, 1.21579957008, 0.529996812344, 0.540827512741, 0.522745609283, 0.911120474339, 0.993660390377, 0.439151316881, 0.211549013853, 0.163976222277, 0.134496048093, 0.0936145484447, 0.0941340848804, 0.33667832613, 0.0526066869497, 0.011108789593, 0.00474418280646, 0.00181764049921, 0.00042682592175, 4.17953560827e-05, 7.91433024006e-07],
        "dvar2": [1.69659471512, 58.8382034302, 309.020324707, 589.692565918, 707.509277344, 656.202392578, 1480.20532227, 227.250839233, 231.073242188, 4114.31982422, 69.2562484741, 32.4834098816, 40.6058197021, 29.8419532776, 60.5050811768, 35.4418258667, 31.352437973, 12.1231555939, 13.3645200729, 8.88732624054, 3.48311185837, 1.49243843555, 1.37645971775, 1.54748833179, 2.50438189507, 2.8711771965, 1.34077847004, 0.602218687534, 0.467688709497, 0.384360790253, 0.273575007915, 0.241132959723, 0.800974905491, 0.142368093133, 0.0280782617629, 0.0119546120986, 0.00461077084765, 0.00108317437116, 0.000110358494567, 2.05574201573e-06],
        "max": [6.21027755737, 43.6465415955, 64.7037200928, 150.582015991, 170.848693848, 151.384628296, 222.915740967, 96.9311752319, 122.797744751, 1205.87341309, 96.3410720825, 30.3504390717, 34.8065261841, 39.632019043, 100.38419342, 31.6791973114, 20.6232948303, 17.8795509338, 27.5935764313, 13.0150585175, 9.45781898499, 5.64351987839, 6.7410492897, 5.67854118347, 7.97007751465, 10.1784095764, 5.95323705673, 3.91675066948, 3.81588864326, 3.12223243713, 2.84904408455, 4.89719057083, 9.76084804535, 3.82856178284, 1.20577907562, 0.758217036724, 0.456890791655, 0.215741276741, 0.0789926797152, 0.00999148748815],
        "mean": [0.922093510628, 5.32643651962, 12.5469999313, 14.7201271057, 17.0083618164, 14.5254716873, 17.2403507233, 11.554444313, 21.3285923004, 117.887565613, 15.2328596115, 5.95409727097, 6.13199901581, 5.90914726257, 7.70120334625, 5.57057857513, 6.51049089432, 5.80463171005, 5.19599437714, 4.41631698608, 3.28259420395, 2.54242706299, 2.36361956596, 2.57259011269, 3.17225670815, 3.63583922386, 2.92420077324, 2.13477134705, 1.7800911665, 1.68260526657, 1.54917907715, 1.34801626205, 1.20458686352, 0.882503390312, 0.643623352051, 0.430206865072, 0.285339146852, 0.14698202908, 0.0547527298331, 0.00768335303292],
        "median": [0.638275742531, 4.24399995804, 8.75471782684, 9.35163974762, 11.2856063843, 9.86672306061, 10.8075227737, 8.24918651581, 11.6140995026, 19.7991046906, 8.42746162415, 5.06156921387, 4.8893904686, 4.54801130295, 5.1974272728, 4.57672786713, 5.82538938522, 5.28479194641, 4.67935085297, 4.01352357864, 3.01994371414, 2.42446660995, 2.19514083862, 2.43808197975, 3.0174639225, 3.51039958, 2.84832262993, 2.04535531998, 1.7159807682, 1.61141252518, 1.48410129547, 1.31483626366, 1.13361632824, 0.863487005234, 0.630757212639, 0.428503334522, 0.280158907175, 0.147819757462, 0.0546741224825, 0.00770823704079],
        "min": [0.00935898721218, 0.0452289395034, 0.056121788919, 0.021822122857, 0.130068525672, 0.178748428822, 0.0541564226151, 0.0854028537869, 0.0566112659872, 0.287836521864, 0.543567478657, 0.383023440838, 0.624948382378, 0.375466376543, 0.0902560725808, 0.330359637737, 0.442133426666, 0.232606723905, 0.15387801826, 0.129846289754, 0.131700098515, 0.109739020467, 0.113012067974, 0.0292867571115, 0.0406588762999, 0.075686044991, 0.187028944492, 0.0837776362896, 0.0307151619345, 0.0472877658904, 0.0395715124905, 0.0611082427204, 0.0287496298552, 0.014937617816, 0.0157533269376, 0.0112852836028, 0.00897330231965, 0.00279714097269, 0.00161411322188, 0.000326179229887],
        "var": [0.741514205933, 22.9930324554, 140.156005859, 306.219696045, 444.224151611, 259.106323242, 506.094726562, 125.206138611, 642.369262695, 55562.7734375, 344.450683594, 15.2188796997, 22.2766304016, 27.5101165771, 135.386108398, 14.7536077499, 12.8763818741, 7.538169384, 7.8085603714, 3.99445199966, 1.72882115841, 0.764612734318, 0.762487649918, 0.734446704388, 1.15752542019, 1.37410104275, 0.735477209091, 0.325177520514, 0.190147429705, 0.194789409637, 0.134852930903, 0.13103659451, 0.48847424984, 0.0635127574205, 0.0147703355178, 0.00609615445137, 0.002748306375, 0.00050438096514, 6.13596494077e-05, 1.08134099719e-06]
    },
    "gfcc": {
        "mean": [46.5934829712, 63.8757591248, -32.494342804, 14.363073349, -29.3099365234, 3.43878960609, -19.8794898987, 0.692290663719, -12.6521835327, 7.85763835907, -7.94514608383, -4.03335618973, -12.1211595535],
        "cov": [[229.346115112, 90.3310089111, 36.653553009, -6.18665504456, -37.8251914978, -33.8271789551, -14.0906381607, 5.86058950424, 5.36433553696, 11.7232551575, 7.5522851944, -1.16407513618, -15.8280668259], [90.3310089111, 101.585418701, 50.3579597473, -0.444465726614, -28.2731513977, -28.4795703888, -7.04948806763, 4.47060108185, 5.17562770844, 6.07638549805, 0.981743276119, -3.14363336563, -12.5076999664], [36.653553009, 50.3579597473, 62.1770324707, 34.387966156, 3.11511015892, -10.0319461823, -7.44856214523, -0.552843749523, 1.84751951694, 1.56353485584, -1.7561674118, -6.92998790741, -10.3667297363], [-6.18665504456, -0.444465726614, 34.387966156, 57.5306396484, 47.2684860229, 23.1608295441, 1.87016189098, -7.21455907822, -7.18450498581, -7.74836826324, -6.08795118332, -5.39464902878, 2.48761034012], [-37.8251914978, -28.2731513977, 3.11511015892, 47.2684860229, 84.2568893433, 63.1769981384, 14.8213882446, -14.8353500366, -21.0641899109, -18.3990535736, -9.61463451385, -1.03650426865, 15.8735599518], [-33.8271789551, -28.4795703888, -10.0319461823, 23.1608295441, 63.1769981384, 71.2602005005, 27.0496520996, -4.51611280441, -12.7719764709, -13.3416614532, -3.74397706985, 1.54860341549, 13.8767557144], [-14.0906381607, -7.04948806763, -7.44856214523, 1.87016189098, 14.8213882446, 27.0496520996, 37.2379150391, 23.1018638611, 9.79604053497, 5.56901311874, 7.38274431229, 4.99756860733, 0.0281317401677], [5.86058950424, 4.47060108185, -0.552843749523, -7.21455907822, -14.8353500366, -4.51611280441, 23.1018638611, 40.6747398376, 30.8602542877, 19.6858539581, 13.4502515793, 4.02394485474, -8.43913269043], [5.36433553696, 5.17562770844, 1.84751951694, -7.18450498581, -21.0641899109, -12.7719764709, 9.79604053497, 30.8602542877, 40.807472229, 29.777053833, 14.0127716064, 2.43512320518, -11.7471179962], [11.7232551575, 6.07638549805, 1.56353485584, -7.74836826324, -18.3990535736, -13.3416614532, 5.56901311874, 19.6858539581, 29.777053833, 38.8888931274, 23.7933292389, 6.23586034775, -8.42175102234], [7.5522851944, 0.981743276119, -1.7561674118, -6.08795118332, -9.61463451385, -3.74397706985, 7.38274431229, 13.4502515793, 14.0127716064, 23.7933292389, 30.6669139862, 17.4662761688, 0.646692574024], [-1.16407513618, -3.14363336563, -6.92998790741, -5.39464902878, -1.03650426865, 1.54860341549, 4.99756860733, 4.02394485474, 2.43512320518, 6.23586034775, 17.4662761688, 30.2362861633, 19.6118888855], [-15.8280668259, -12.5076999664, -10.3667297363, 2.48761034012, 15.8735599518, 13.8767557144, 0.0281317401677, -8.43913269043, -11.7471179962, -8.42175102234, 0.646692574024, 19.6118888855, 37.28956604]],
        "icov": [[0.00762285385281, -0.00851075630635, 0.00562429334968, -0.00609724177048, 0.00547995511442, -0.00497441738844, 0.00704283546656, -0.00645236670971, 0.00692569743842, -0.0043785367161, 0.00144489493687, -0.00267416844144, 0.0029783975333], [-0.00851075630635, 0.0355652794242, -0.0397572219372, 0.0294871721417, -0.0112481471151, 0.0115975309163, -0.0150248957798, 0.00938084535301, -0.00622099312022, 0.00324944034219, 0.00159034878016, 0.00130406860262, -0.00403570057824], [0.00562429334968, -0.0397572219372, 0.0853463485837, -0.0748062059283, 0.0348401032388, -0.0180162191391, 0.0217008311301, -0.0155400661752, 0.015590920113, -0.00934818107635, 0.00395486550406, -0.00675568310544, 0.0123941088095], [-0.00609724177048, 0.0294871721417, -0.0748062059283, 0.113410554826, -0.080304376781, 0.0413828529418, -0.0213206578046, 0.0193699747324, -0.0322683565319, 0.0216308496892, -0.0163943972439, 0.0174002666026, -0.0120228314772], [0.00547995511442, -0.0112481471151, 0.0348401032388, -0.080304376781, 0.108519375324, -0.0751715749502, 0.0245940256864, -0.0179440062493, 0.0395280718803, -0.0275817662477, 0.0249347947538, -0.0173278003931, 0.00619952194393], [-0.00497441738844, 0.0115975309163, -0.0180162191391, 0.0413828529418, -0.0751715749502, 0.0936837494373, -0.062180954963, 0.0435960367322, -0.0419275313616, 0.0352605246007, -0.0317878499627, 0.0276134405285, -0.0181574039161], [0.00704283546656, -0.0150248957798, 0.0217008311301, -0.0213206578046, 0.0245940256864, -0.062180954963, 0.114269636571, -0.0926786065102, 0.0548564456403, -0.0316655673087, 0.0245343782008, -0.0289348326623, 0.0219367370009], [-0.00645236670971, 0.00938084535301, -0.0155400661752, 0.0193699747324, -0.0179440062493, 0.0435960367322, -0.0926786065102, 0.144005015492, -0.110625721514, 0.0564347542822, -0.0469499379396, 0.0301845874637, -0.0182946752757], [0.00692569743842, -0.00622099312022, 0.015590920113, -0.0322683565319, 0.0395280718803, -0.0419275313616, 0.0548564456403, -0.110625721514, 0.163450405002, -0.111352369189, 0.0717583522201, -0.0440709218383, 0.0293150153011], [-0.0043785367161, 0.00324944034219, -0.00934818107635, 0.0216308496892, -0.0275817662477, 0.0352605246007, -0.0316655673087, 0.0564347542822, -0.111352369189, 0.14345805347, -0.105758607388, 0.0509902834892, -0.0210577268153], [0.00144489493687, 0.00159034878016, 0.00395486550406, -0.0163943972439, 0.0249347947538, -0.0317878499627, 0.0245343782008, -0.0469499379396, 0.0717583522201, -0.105758607388, 0.148470148444, -0.0916801169515, 0.0382742881775], [-0.00267416844144, 0.00130406860262, -0.00675568310544, 0.0174002666026, -0.0173278003931, 0.0276134405285, -0.0289348326623, 0.0301845874637, -0.0440709218383, 0.0509902834892, -0.0916801169515, 0.121079787612, -0.0642408654094], [0.0029783975333, -0.00403570057824, 0.0123941088095, -0.0120228314772, 0.00619952194393, -0.0181574039161, 0.0219367370009, -0.0182946752757, 0.0293150153011, -0.0210577268153, 0.0382742881775, -0.0642408654094, 0.0685383602977]]
    },
    "melbands": {
        "dmean": [0.00617253035307, 0.00529665732756, 0.00200840621255, 0.000829689379316, 0.000446756486781, 0.000178043352207, 0.000150221007061, 0.000244337803451, 3.46812048519e-05, 2.20319889195e-05, 1.82142375706e-05, 1.1388200619e-05, 1.39217763717e-05, 1.00664738056e-05, 8.33027206681e-06, 7.59104341341e-06, 5.33927322977e-06, 4.09153426517e-06, 3.52570168616e-06, 2.39570181293e-06, 1.70128885202e-06, 1.19225160233e-06, 8.67911523983e-07, 8.23813195439e-07, 8.56012832173e-07, 9.5058652505e-07, 9.77901095212e-07, 9.05677609353e-07, 6.53107235848e-07, 4.99186796787e-07, 3.71612117078e-07, 2.96868506666e-07, 3.03546045188e-07, 2.91610547265e-07, 2.54531499877e-07, 2.19443464289e-07, 2.27323326385e-07, 2.41116225652e-07, 2.24858979436e-07, 1.8404168145e-07],
        "dmean2": [0.0111765768379, 0.0093553494662, 0.00343879358843, 0.00143771362491, 0.000781833194196, 0.000310886709485, 0.000244794879109, 0.000372119800886, 5.93129552726e-05, 3.904719415e-05, 3.0287037589e-05, 1.91685467144e-05, 2.33455739362e-05, 1.71147148649e-05, 1.47301998368e-05, 1.29419477162e-05, 9.10708968149e-06, 6.98596522852e-06, 6.14311056779e-06, 4.27402528658e-06, 2.89274817078e-06, 2.11052520172e-06, 1.43740442127e-06, 1.42035935369e-06, 1.49459401655e-06, 1.65606240898e-06, 1.63173456258e-06, 1.52589666413e-06, 1.12540499231e-06, 8.66593211413e-07, 6.31452962807e-07, 5.31283262717e-07, 5.30503086793e-07, 5.03131559526e-07, 4.4628606588e-07, 3.75849936063e-07, 3.96020993776e-07, 4.35266855447e-07, 3.83012036309e-07, 3.0970849707e-07],
        "dvar": [3.94217531721e-05, 2.39001765294e-05, 6.03107764618e-06, 1.06615959794e-06, 4.95100948683e-07, 4.81106461336e-08, 3.24179971756e-08, 2.17437559513e-07, 1.26206467499e-09, 4.49914716594e-10, 3.35859368095e-10, 1.90479257367e-10, 6.97456814525e-10, 9.66319455009e-11, 8.55853374282e-11, 4.32694574615e-11, 1.64176536949e-11, 1.77490747794e-11, 1.1227186715e-11, 4.31563422151e-12, 1.76182343454e-12, 8.68598433196e-13, 6.79930937941e-13, 5.7329076382e-13, 4.56330286058e-13, 6.53333778137e-13, 5.24932311161e-13, 5.70559116446e-13, 2.60905067082e-13, 1.7308313257e-13, 8.34070497131e-14, 6.78790858699e-14, 6.94450397252e-14, 6.43245493762e-14, 4.44514149339e-14, 3.12859852229e-14, 5.0640749054e-14, 2.11374754505e-13, 1.14696080866e-13, 3.11885594933e-14],
        "dvar2": [0.000117559618957, 6.51636364637e-05, 1.40602887768e-05, 3.19102719004e-06, 1.54724659751e-06, 1.3260867604e-07, 8.00936348355e-08, 3.26124052208e-07, 3.35640737426e-09, 1.31642452494e-09, 9.86428161376e-10, 4.91888085818e-10, 1.10522335728e-09, 2.93987445499e-10, 2.50447523831e-10, 1.29124780313e-10, 4.68347895188e-11, 4.37796222885e-11, 2.96351172768e-11, 1.232418681e-11, 4.89868519013e-12, 2.41049628175e-12, 1.83241854849e-12, 1.50131567334e-12, 1.37187039072e-12, 1.8651512626e-12, 1.46379674874e-12, 1.64755850022e-12, 8.34624524441e-13, 4.71825052986e-13, 2.63038316172e-13, 1.90580502226e-13, 2.06080907005e-13, 1.89463760436e-13, 1.30794626432e-13, 8.89193368459e-14, 1.33514645737e-13, 5.29501464376e-13, 2.95380961444e-13, 8.43753981072e-14],
        "max": [0.0569417253137, 0.0412465259433, 0.0249829161912, 0.00984891038388, 0.00700961891562, 0.00235294480808, 0.00384614663199, 0.0108356010169, 0.000396708957851, 0.000192415522179, 0.000167846956174, 0.000131059525302, 0.000478319183458, 8.09335033409e-05, 9.10765593289e-05, 4.91085302201e-05, 3.11279327434e-05, 5.34801474714e-05, 2.61761979345e-05, 1.30811513372e-05, 9.90957050817e-06, 6.92337380315e-06, 7.66638822824e-06, 6.87545616529e-06, 4.93966581416e-06, 6.6250368036e-06, 7.16921113053e-06, 6.65235165798e-06, 4.29367128163e-06, 3.31465935233e-06, 2.28618569054e-06, 2.46854301622e-06, 2.16452986024e-06, 2.07156517718e-06, 1.96486189452e-06, 1.69822692442e-06, 3.43306919603e-06, 7.44093995309e-06, 5.52161873202e-06, 2.57740725829e-06],
        "mean": [0.0077534285374, 0.00678858347237, 0.00271802768111, 0.00115634698886, 0.000592393509578, 0.000268165720627, 0.00050152890617, 0.00107512506656, 6.21298167971e-05, 3.51196795236e-05, 3.0079330827e-05, 2.30675577768e-05, 2.88829432975e-05, 1.57834510901e-05, 1.3735567336e-05, 1.40041656778e-05, 1.04079508674e-05, 8.33023295854e-06, 7.21499100109e-06, 4.91131231684e-06, 3.60587955583e-06, 2.72327588391e-06, 2.1883804493e-06, 2.02391538551e-06, 2.05749893212e-06, 2.24072391575e-06, 2.47966045208e-06, 2.37964718508e-06, 1.88223191344e-06, 1.52930533659e-06, 1.11740996545e-06, 1.01093053217e-06, 9.33554986204e-07, 9.31538579607e-07, 8.9554458782e-07, 8.14184772935e-07, 8.27397059311e-07, 8.56523513448e-07, 7.73737156123e-07, 7.30041165298e-07],
        "median": [0.00591762457043, 0.00546257337555, 0.00188298407011, 0.000799079367425, 0.000390081229853, 0.00019286396855, 0.000208230907447, 0.000192788662389, 4.94477826578e-05, 2.93081811833e-05, 2.40559802478e-05, 1.77016700036e-05, 1.79368926183e-05, 1.28976707856e-05, 1.172885095e-05, 1.282069843e-05, 9.71626832325e-06, 7.4875692917e-06, 6.09814333075e-06, 4.38728966401e-06, 3.3319031445e-06, 2.523597459e-06, 2.0182183107e-06, 1.87129251117e-06, 1.90379557807e-06, 2.09513655136e-06, 2.33155060414e-06, 2.27070518122e-06, 1.83006147836e-06, 1.44806097069e-06, 1.0671947166e-06, 9.69228381109e-07, 9.06154980385e-07, 8.91295144356e-07, 8.57718703173e-07, 7.74715658736e-07, 7.95209700755e-07, 7.95771939011e-07, 7.22401807707e-07, 7.02164584254e-07],
        "min": [8.14332524897e-05, 4.08291416534e-05, 6.99274869476e-06, 1.26423365145e-05, 2.97241467706e-06, 1.78409356977e-06, 8.19584897727e-07, 4.03399963034e-06, 4.03696958529e-06, 2.44931879934e-06, 2.82570363197e-06, 1.67590087585e-06, 2.91420064968e-07, 4.34935856219e-07, 1.26763745811e-06, 8.10270876173e-07, 3.79863820399e-07, 2.25591321623e-07, 2.08799718848e-07, 1.38180254794e-07, 1.67459660361e-07, 1.09052834318e-07, 1.36107161097e-07, 5.48402816491e-08, 1.99844230053e-08, 2.06993515661e-08, 4.88187765768e-08, 4.58416238303e-08, 1.27479140133e-07, 9.27536376594e-08, 3.68990420441e-08, 1.44683580672e-08, 2.13636806023e-08, 2.90258252988e-08, 2.18228741744e-08, 1.97443625893e-08, 4.73309675897e-08, 2.2315637338e-08, 8.23651546966e-09, 1.44422429571e-08],
        "var": [4.69522638014e-05, 2.97784572467e-05, 8.6997215476e-06, 1.60218507972e-06, 5.20941910054e-07, 7.19625532497e-08, 5.84946633353e-07, 4.49711251349e-06, 1.99495842068e-09, 6.17460971242e-10, 5.59080504114e-10, 3.72059688614e-10, 3.06243297388e-09, 1.32222399696e-10, 9.21606124749e-11, 6.21889900687e-11, 2.77349913869e-11, 2.40171996874e-11, 1.46143062929e-11, 5.38978930931e-12, 2.48341885251e-12, 1.21756879752e-12, 8.19492965241e-13, 7.05635961988e-13, 6.26885479291e-13, 7.96643783926e-13, 9.14051711924e-13, 7.48218923884e-13, 4.1246856191e-13, 2.66719914384e-13, 1.18219236483e-13, 8.10172241794e-14, 7.71257854131e-14, 8.84264382095e-14, 6.14675140214e-14, 4.66825539271e-14, 6.62681782821e-14, 3.02147900883e-13, 1.3535913113e-13, 4.12766473562e-14]
    },
    "mfcc": {
        "mean": [-634.56463623, 127.232246399, 45.2397155762, 28.4323616028, 15.4181442261, 12.2791509628, 7.82129812241, -2.01706337929, 1.65392291546, 7.67790079117, 3.57858943939, 5.18620347977, 5.60213804245],
        "cov": [[212.014526367, 64.0360641479, 34.6358413696, 7.74928379059, -15.9948663712, -26.7998924255, -16.9656620026, -14.5235290527, -12.6665449142, -4.75326490402, 4.33202457428, -1.32767128944, 17.8936252594], [64.0360641479, 84.4110641479, 43.2944259644, 10.7401657104, -18.6441917419, -22.9477081299, -16.4124164581, -10.1242389679, -8.20717811584, -4.55183696747, 0.440028369427, 3.52186942101, 8.38454818726], [34.6358413696, 43.2944259644, 62.0457229614, 31.7031211853, -3.05744314194, -17.9364509583, -16.9873065948, -10.8588132858, -7.01732683182, -2.71724820137, 7.35287666321, 8.54895877838, 7.92983055115], [7.74928379059, 10.7401657104, 31.7031211853, 47.2474594116, 18.3043498993, 0.182120844722, -4.30591678619, -4.12174940109, -2.16121411324, -0.0506625622511, 4.40291166306, 1.35181427002, 1.94046974182], [-15.9948663712, -18.6441917419, -3.05744314194, 18.3043498993, 56.6581687927, 44.9537734985, 24.8130683899, 9.45690059662, 4.67711687088, -0.109114736319, -5.97443294525, -15.5219478607, -19.1643543243], [-26.7998924255, -22.9477081299, -17.9364509583, 0.182120844722, 44.9537734985, 64.9771118164, 39.3523406982, 16.1332550049, 6.88318681717, 0.985837578773, -8.45747280121, -16.3222904205, -20.4964790344], [-16.9656620026, -16.4124164581, -16.9873065948, -4.30591678619, 24.8130683899, 39.3523406982, 49.9839820862, 24.2097644806, 8.32842636108, 2.4743719101, -4.05848455429, -7.86080884933, -11.9194660187], [-14.5235290527, -10.1242389679, -10.8588132858, -4.12174940109, 9.45690059662, 16.1332550049, 24.2097644806, 33.734828949, 15.6316728592, 2.89440155029, 0.114259123802, -1.78130590916, -4.16181230545], [-12.6665449142, -8.20717811584, -7.01732683182, -2.16121411324, 4.67711687088, 6.88318681717, 8.32842636108, 15.6316728592, 26.4173698425, 11.6080904007, 1.83329999447, 0.0271520987153, -1.53817999363], [-4.75326490402, -4.55183696747, -2.71724820137, -0.0506625622511, -0.109114736319, 0.985837578773, 2.4743719101, 2.89440155029, 11.6080904007, 27.3508167267, 13.9762516022, 5.93112611771, 5.71234989166], [4.33202457428, 0.440028369427, 7.35287666321, 4.40291166306, -5.97443294525, -8.45747280121, -4.05848455429, 0.114259123802, 1.83329999447, 13.9762516022, 30.5745544434, 23.3496131897, 15.012052536], [-1.32767128944, 3.52186942101, 8.54895877838, 1.35181427002, -15.5219478607, -16.3222904205, -7.86080884933, -1.78130590916, 0.0271520987153, 5.93112611771, 23.3496131897, 42.6393280029, 28.6603069305], [17.8936252594, 8.38454818726, 7.92983055115, 1.94046974182, -19.1643543243, -20.4964790344, -11.9194660187, -4.16181230545, -1.53817999363, 5.71234989166, 15.012052536, 28.6603069305, 42.9368171692]],
