{
"lowlevel": {
    "average_loudness": 0.911623895168,
    "barkbands_crest": {
        "dmean": 1.11723148823,
        "dmean2": 1.68903779984,
        "dvar": 3.3123087883,
        "dvar2": 9.69947814941,
        "max": 22.8869132996,
        "mean": 18.7063694,
        "median": 19.4808921814,
        "min": 7.91145133972,
        "var": 10.1795253754
    },
    "barkbands_flatness_db": {
        "dmean": 0.018635738641,
        "dmean2": 0.0242845006287,
        "dvar": 0.000754966284148,
        "dvar2": 0.00166859047022,
        "max": 0.531989336014,
        "mean": 0.380863845348,
        "median": 0.393972933292,
        "min": 0.147288307548,
        "var": 0.00860092043877
    },
    "barkbands_kurtosis": {
        "dmean": 17.7699451447,
        "dmean2": 28.9560260773,
        "dvar": 412.95880127,
        "dvar2": 1008.03503418,
        "max": 161.368545532,
        "mean": 41.9237365723,
        "median": 33.744682312,
        "min": 4.36127853394,
        "var": 891.375610352
    },
    "barkbands_skewness": {
        "dmean": 1.23091518879,
        "dmean2": 1.90766978264,
        "dvar": 1.33006560802,
        "dvar2": 2.75485157967,
        "max": 7.13832044601,
        "mean": 1.15518021584,
        "median": 0.911048471928,
        "min": -3.19119548798,
        "var": 4.27595472336
    },
    "barkbands_spread": {
        "dmean": 0.503149569035,
        "dmean2": 0.798468708992,
        "dvar": 1.01060807705,
        "dvar2": 2.78123784065,
        "max": 9.07157516479,
        "mean": 1.54005396366,
        "median": 0.97789567709,
        "min": 0.262701034546,
        "var": 2.71817350388
    },
    "dissonance": {
        "dmean": 0.0464582629502,
        "dmean2": 0.0787366479635,
        "dvar": 0.00154055200983,
        "dvar2": 0.00397952692583,
        "max": 0.467613488436,
        "mean": 0.214894101024,
        "median": 0.207008689642,
        "min": 0.0657076388597,
        "var": 0.00942592229694
    },
    "dynamic_complexity": 4.72077560425,
    "erbbands_crest": {
        "dmean": 1.04735660553,
        "dmean2": 1.51063525677,
        "dvar": 4.82001972198,
        "dvar2": 12.1359052658,
        "max": 33.9909133911,
        "mean": 29.6171321869,
        "median": 32.9764595032,
        "min": 4.62621212006,
        "var": 58.3499259949
    },
    "erbbands_flatness_db": {
        "dmean": 0.0170035436749,
        "dmean2": 0.0221248213202,
        "dvar": 0.000746864418034,
        "dvar2": 0.00173514301423,
        "max": 0.543763041496,
        "mean": 0.400511771441,
        "median": 0.426091730595,
        "min": 0.0783473700285,
        "var": 0.012897213921
    },
    "erbbands_kurtosis": {
        "dmean": 25.0049552917,
        "dmean2": 35.8125534058,
        "dvar": 779.502807617,
        "dvar2": 1622.82849121,
        "max": 276.529083252,
        "mean": 86.0156555176,
        "median": 57.3337287903,
        "min": 0.248308897018,
        "var": 6470.32519531
    },
    "erbbands_skewness": {
        "dmean": 1.02531778812,
        "dmean2": 1.56213796139,
        "dvar": 1.20975184441,
        "dvar2": 2.95574116707,
        "max": 10.4946660995,
        "mean": 5.13648080826,
        "median": 5.07521820068,
        "min": 0.837298214436,
        "var": 6.01796150208
    },
    "erbbands_spread": {
        "dmean": 0.880500197411,
        "dmean2": 1.17184698582,
        "dvar": 3.78014683723,
        "dvar2": 7.92869281769,
        "max": 49.8529663086,
        "mean": 4.09741067886,
        "median": 0.983448207378,
        "min": 0.216657027602,
        "var": 77.5916900635
    },
    "hfc": {
        "dmean": 1.75692927837,
        "dmean2": 1.99166750908,
        "dvar": 5.69588708878,
        "dvar2": 8.06259632111,
        "max": 32.3571968079,
        "mean": 11.0843009949,
        "median": 7.73401832581,
        "min": 0.000573350815102,
        "var": 85.4315032959
    },
    "melbands_crest": {
        "dmean": 1.49795639515,
        "dmean2": 2.48686242104,
        "dvar": 8.20440387726,
        "dvar2": 23.1461277008,
        "max": 32.0469551086,
        "mean": 27.6990337372,
        "median": 29.6635513306,
        "min": 8.02665519714,
        "var": 26.0787563324
    },
    "melbands_flatness_db": {
        "dmean": 0.0184617619962,
        "dmean2": 0.0238350220025,
        "dvar": 0.000759221147746,
        "dvar2": 0.00162411411293,
        "max": 0.638776600361,
        "mean": 0.490211695433,
        "median": 0.502841591835,
        "min": 0.269251048565,
        "var": 0.00785159133375
    },
    "melbands_kurtosis": {
        "dmean": 10.7256507874,
        "dmean2": 16.8631057739,
        "dvar": 95.5164489746,
        "dvar2": 200.641723633,
        "max": 95.5401687622,
        "mean": 28.1777153015,
        "median": 25.5060100555,
        "min": 1.30112457275,
        "var": 327.422668457
    },
    "melbands_skewness": {
        "dmean": 0.984831213951,
        "dmean2": 1.41812360287,
        "dvar": 1.23067367077,
        "dvar2": 1.98810577393,
        "max": 6.59592866898,
        "mean": -0.720473229885,
        "median": -1.25657784939,
        "min": -5.31122207642,
        "var": 7.19740724564
    },
    "melbands_spread": {
        "dmean": 0.696544349194,
        "dmean2": 1.13637900352,
        "dvar": 0.752623319626,
        "dvar2": 2.01075959206,
        "max": 6.02087545395,
        "mean": 1.92278885841,
        "median": 1.42705249786,
        "min": 0.327745527029,
        "var": 1.98650336266
    },
    "pitch_salience": {
        "dmean": 0.0595818012953,
        "dmean2": 0.0951922237873,
        "dvar": 0.00641487538815,
        "dvar2": 0.0161986406893,
        "max": 0.733267188072,
        "mean": 0.219155564904,
        "median": 0.163677871227,
        "min": 0.0589582622051,
        "var": 0.0234836917371
    },
    "silence_rate_20dB": {
        "dmean": 0,
        "dmean2": 0,
        "dvar": 0,
        "dvar2": 0,
        "max": 1,
        "mean": 1,
        "median": 1,
        "min": 1,
        "var": 0
    },
    "silence_rate_30dB": {
        "dmean": 0,
        "dmean2": 0,
        "dvar": 0,
        "dvar2": 0,
        "max": 1,
        "mean": 1,
        "median": 1,
        "min": 1,
        "var": 0
    },
    "silence_rate_60dB": {
        "dmean": 0.0333333350718,
        "dmean2": 0.0671140924096,
        "dvar": 0.0322222113609,
        "dvar2": 0.11630114913,
        "max": 1,
        "mean": 0.132450327277,
        "median": 0,
        "min": 0,
        "var": 0.114907242358
    },
    "spectral_centroid": {
        "dmean": 15.3216876984,
        "dmean2": 21.5013179779,
        "dvar": 1411.81604004,
        "dvar2": 2822.97094727,
        "max": 729.355834961,
        "mean": 495.491943359,
        "median": 501.700561523,
        "min": 238.794250488,
        "var": 4699.98925781
    },
    "spectral_complexity": {
        "dmean": 0.666666686535,
        "dmean2": 1.14093959332,
        "dvar": 0.648889064789,
        "dvar2": 1.20832502842,
        "max": 9,
        "mean": 2.37748336792,
        "median": 2,
        "min": 0,
        "var": 1.41379475594
    },
    "spectral_decrease": {
        "dmean": 8.66277771738e-10,
        "dmean2": 9.57637968924e-10,
        "dvar": 1.2523388329e-18,
        "dvar2": 1.77148482996e-18,
        "max": -6.23424651746e-13,
        "mean": -5.41035882762e-09,
        "median": -3.89276566537e-09,
        "min": -1.62196123199e-08,
        "var": 1.91174724082e-17
    },
    "spectral_energy": {
        "dmean": 0.00342860072851,
        "dmean2": 0.00379379792139,
        "dvar": 1.96621058421e-05,
        "dvar2": 2.77677172562e-05,
        "max": 0.064126059413,
        "mean": 0.0214252322912,
        "median": 0.0154142677784,
        "min": 2.40495342041e-06,
        "var": 0.000300514133414
    },
    "spectral_energyband_high": {
        "dmean": 1.23924501167e-05,
        "dmean2": 2.09256741073e-05,
        "dvar": 7.74494068878e-09,
        "dvar2": 2.13656505821e-08,
        "max": 0.000884199456777,
        "mean": 1.21984594443e-05,
        "median": 1.87098203241e-06,
        "min": 1.61334643423e-08,
        "var": 5.66465097052e-09
    },
    "spectral_energyband_low": {
        "dmean": 0.000126354178065,
        "dmean2": 0.000216485714191,
        "dvar": 2.76475375927e-08,
        "dvar2": 7.5419656298e-08,
        "max": 0.00115637516137,
        "mean": 0.00023307093943,
        "median": 0.000190838443814,
        "min": 1.75301147465e-06,
        "var": 3.61708494268e-08
    },
    "spectral_energyband_middle_high": {
        "dmean": 0.000249218894169,
        "dmean2": 0.000309199007461,
        "dvar": 1.70528153376e-07,
        "dvar2": 2.80026540622e-07,
        "max": 0.00540124857798,
        "mean": 0.000591725634877,
        "median": 6.36775512248e-05,
        "min": 4.05598932218e-08,
        "var": 1.12931672902e-06
    },
    "spectral_energyband_middle_low": {
        "dmean": 0.00331366388127,
        "dmean2": 0.00363016524352,
        "dvar": 1.87052264664e-05,
        "dvar2": 2.65082690021e-05,
        "max": 0.0629040896893,
        "mean": 0.0206070188433,
        "median": 0.0150777567178,
        "min": 5.5616641248e-07,
        "var": 0.000279307860183
    },
    "spectral_entropy": {
        "dmean": 0.20237839222,
        "dmean2": 0.266114920378,
        "dvar": 0.115688093007,
        "dvar2": 0.224239602685,
        "max": 8.22494983673,
        "mean": 4.70006227493,
        "median": 4.38747549057,
        "min": 3.28153991699,
        "var": 1.1378326416
    },
    "spectral_flux": {
        "dmean": 0.010776839219,
        "dmean2": 0.0170598011464,
        "dvar": 0.000383631559089,
        "dvar2": 0.000774459156673,
        "max": 0.20811034739,
        "mean": 0.0222407374531,
        "median": 0.0160749070346,
        "min": 0.00504487100989,
        "var": 0.000582993030548
    },
    "spectral_kurtosis": {
        "dmean": 7.11064958572,
        "dmean2": 9.88709068298,
        "dvar": 81.0110015869,
        "dvar2": 161.656738281,
        "max": 138.975479126,
        "mean": 45.1376686096,
        "median": 29.7875442505,
        "min": 3.54949617386,
        "var": 1089.27722168
    },
    "spectral_rms": {
        "dmean": 0.000343529420206,
        "dmean2": 0.000373855436919,
        "dvar": 1.3828758938e-07,
        "dvar2": 1.7343135994e-07,
        "max": 0.00790961459279,
        "mean": 0.00410721357912,
        "median": 0.00387792591937,
        "min": 4.84385818709e-05,
        "var": 4.03344438382e-06
    },
    "spectral_rolloff": {
        "dmean": 11.0537109375,
        "dmean2": 19.5099487305,
        "dvar": 1519.23815918,
        "dvar2": 4545.55908203,
        "max": 645.99609375,
        "mean": 495.69152832,
        "median": 516.796875,
        "min": 150.732421875,
        "var": 7280.49755859
    },
    "spectral_skewness": {
        "dmean": 0.421808034182,
        "dmean2": 0.612879633904,
        "dvar": 0.195904955268,
        "dvar2": 0.381492882967,
        "max": 10.0707235336,
        "mean": 5.29777336121,
        "median": 4.74261140823,
        "min": 2.03248381615,
        "var": 4.00563716888
    },
    "spectral_spread": {
        "dmean": 389015.9375,
        "dmean2": 497919.25,
        "dvar": 1.81272589107e+12,
        "dvar2": 1.63451895808e+12,
        "max": 23739768,
        "mean": 2541561.75,
        "median": 2254921,
        "min": 771916.875,
        "var": 4.67088755917e+12
    },
    "spectral_strongpeak": {
        "dmean": 0.364318728447,
        "dmean2": 0.559284925461,
        "dvar": 0.35529923439,
        "dvar2": 0.826975345612,
        "max": 5.16816854477,
        "mean": 2.31250905991,
        "median": 2.28044176102,
        "min": 0,
        "var": 1.80085802078
    },
    "zerocrossingrate": {
        "dmean": 0.00108398438897,
        "dmean2": 0.00138291739859,
        "dvar": 8.75431305758e-06,
        "dvar2": 1.19126234495e-05,
        "max": 0.04345703125,
        "mean": 0.0230882652104,
        "median": 0.0224609375,
        "min": 0.00830078125,
        "var": 9.23793868424e-06
    },
    "barkbands": {
        "dmean": [7.14657107892e-06, 9.36550277402e-05, 4.26207188866e-05, 4.53193970316e-05, 0.000123470730614, 0.000104961283796, 0.0028888345696, 0.000717825314496, 0.000282629975118, 6.30239492239e-06, 0.000245900911978, 1.15784985155e-06, 2.44940019911e-06, 6.55294070384e-06, 1.48190281379e-06, 1.18544289762e-06, 3.40740314186e-07, 5.37696394076e-07, 1.02112608147e-06, 1.52785617047e-06, 1.0398040331e-06, 2.12806767763e-07, 7.68882955526e-07, 7.17639750292e-07, 7.54911695822e-07, 8.16557258077e-06, 5.18934257343e-07],
        "dmean2": [1.28790297822e-05, 0.000164856595802, 7.64834840083e-05, 8.37296320242e-05, 0.000227004216867, 0.000202373412321, 0.00319313677028, 0.000819383596536, 0.000295532459859, 1.06209472506e-05, 0.000304686778691, 1.89610386769e-06, 3.42905559592e-06, 1.02731055449e-05, 2.00379622584e-06, 1.77740867002e-06, 5.10374036367e-07, 9.68073663898e-07, 1.79998153271e-06, 2.21922618948e-06, 1.67803739259e-06, 3.29116403464e-07, 1.27979626541e-06, 1.30801311116e-06, 1.38571613206e-06, 1.39415078593e-05, 9.04827857084e-07],
        "dvar": [5.19357994111e-11, 1.31945627757e-08, 5.18838438879e-09, 4.66881360239e-08, 6.01409851697e-07, 5.54705309241e-07, 1.91025319509e-05, 1.17590104765e-06, 2.37227027355e-06, 6.8862576752e-10, 1.70955530621e-07, 6.01964658675e-12, 8.12281561458e-11, 2.99075847421e-10, 2.02247558978e-11, 1.12788884135e-11, 5.47442679296e-13, 8.71096510896e-12, 3.12280618031e-11, 4.56690379957e-11, 3.34869354468e-11, 9.91073434257e-13, 2.55373083791e-11, 2.78950942206e-11, 3.16346809859e-11, 3.71677666422e-09, 1.05639143266e-11],
        "dvar2": [1.4439004159e-10, 3.89322316607e-08, 1.37824613944e-08, 1.37257217148e-07, 1.78506434168e-06, 1.65036863109e-06, 2.74959929811e-05, 1.76549440312e-06, 2.56573662227e-06, 1.5306657053e-09, 2.83759078457e-07, 1.05464048952e-11, 1.60300148155e-10, 6.08288586168e-10, 3.18386289555e-11, 2.91444819667e-11, 1.13821712472e-12, 2.60938440994e-11, 8.56955201245e-11, 1.13227080489e-10, 8.61926363616e-11, 2.28944575971e-12, 6.8995746616e-11, 8.06926192531e-11, 9.25588286571e-11, 1.00569783612e-08, 3.00074305681e-11],
        "max": [6.71085654176e-05, 0.000766459328588, 0.00044162539416, 0.00195506121963, 0.00694121606648, 0.00670166686177, 0.0543577671051, 0.0163680743426, 0.0238244179636, 0.000218191737076, 0.00534073170274, 4.30091531598e-05, 8.68206698215e-05, 0.000154370776727, 4.93558254675e-05, 2.96099970001e-05, 1.11199078674e-05, 2.67991472356e-05, 5.66060625715e-05, 8.28946795082e-05, 6.0814567405e-05, 9.22033177631e-06, 5.20646353834e-05, 4.96271895827e-05, 5.24155620951e-05, 0.000607019581366, 3.08400631184e-05],
        "mean": [1.14987315101e-05, 0.00015127658844, 5.24967108504e-05, 4.14870919485e-05, 0.000103798774944, 7.27166479919e-05, 0.0148928370327, 0.00470701977611, 0.000786399934441, 6.8440403993e-06, 0.00056056631729, 3.15895613312e-06, 3.21404559145e-06, 1.09810462163e-05, 2.96535631605e-06, 1.95810002879e-06, 8.19001911623e-07, 6.38461870039e-07, 1.33074195219e-06, 2.51571532317e-06, 1.37645622544e-06, 3.17179512876e-07, 8.59585213675e-07, 5.89465344092e-07, 6.08971845395e-07, 5.97773578193e-06, 8.34616912471e-07],
        "median": [7.9733763414e-06, 0.000108433421701, 2.90798925562e-05, 1.49577317643e-05, 1.94634376385e-05, 1.255359075e-05, 0.0107363052666, 0.00374041125178, 1.901148039e-06, 1.76073308467e-06, 4.12907793361e-05, 1.09614779831e-06, 9.75576767814e-07, 1.24253858758e-06, 5.34117134521e-07, 4.04388686093e-07, 2.13385831671e-07, 1.29942719695e-07, 2.04419862371e-07, 2.04062502007e-07, 1.92043032143e-07, 1.10646979579e-07, 1.14519131955e-07, 1.29151658257e-07, 1.58973818998e-07, 2.24562796802e-07, 6.34182356407e-07],
        "min": [1.41042676205e-07, 8.56382939673e-07, 1.75003123104e-07, 1.01034700606e-07, 1.80243745262e-07, 5.01677668296e-08, 6.33917238702e-08, 3.35321850287e-08, 2.23746194905e-08, 5.6181730379e-09, 3.4271234739e-09, 7.27273752332e-09, 4.56847493169e-09, 4.93392882106e-09, 5.43726752511e-09, 3.14307557758e-09, 2.3634476598e-09, 2.06074024511e-09, 3.39090977519e-09, 2.11144568496e-09, 2.95791990901e-09, 1.83089754469e-09, 1.15786968902e-09, 8.33697499925e-10, 1.11882469955e-09, 1.90628957064e-09, 5.37617150798e-09],
        "var": [1.19241463925e-10, 1.76133401197e-08, 5.09117459302e-09, 2.61197996565e-08, 3.3367879837e-07, 2.9522055911e-07, 0.000185251046787, 1.44684754559e-05, 1.36862845466e-05, 6.35557495521e-10, 1.08587687464e-06, 5.03056207801e-11, 9.48117903632e-11, 5.49062850741e-10, 6.37929986613e-11, 1.74039099105e-11, 2.35210267062e-12, 5.77468585103e-12, 2.67216353211e-11, 9.50038797631e-11, 3.66008647001e-11, 9.97500801576e-13, 2.16338683079e-11, 1.66555762238e-11, 1.84729089664e-11, 2.6417159571e-09, 6.39206656355e-12]
    },
    "erbbands": {
        "dmean": [0.00303211854771, 0.0200491007417, 0.0500396974385, 0.0989193245769, 0.370219647884, 0.337145507336, 0.717455625534, 0.844367384911, 7.74637365341, 69.8861999512, 13.0049762726, 4.22127437592, 0.231422320008, 2.7744345665, 7.62201976776, 0.272722542286, 0.0968708619475, 0.37501758337, 0.0682478249073, 0.126082494855, 0.0296810716391, 0.0200238861144, 0.0320725254714, 0.0334775149822, 0.0585368014872, 0.0502365939319, 0.0718011185527, 0.0169330313802, 0.00712961191311, 0.028248662129, 0.0138481520116, 0.0147496238351, 0.012429414317, 0.00724938884377, 0.0100712170824, 0.0388783589005, 0.0133154420182, 0.00164395396132, 9.35940552154e-05, 7.08420930096e-06],
        "dmean2": [0.00527418218553, 0.0359334871173, 0.0860162675381, 0.179048746824, 0.680603444576, 0.641584277153, 1.39148390293, 1.52726602554, 9.30419254303, 79.4689102173, 14.1485853195, 4.53409814835, 0.288246095181, 3.42481994629, 9.48124885559, 0.353519439697, 0.139426678419, 0.593944728374, 0.0989441424608, 0.171595200896, 0.0456529185176, 0.0290841422975, 0.0580255649984, 0.0548389852047, 0.103696405888, 0.0833086073399, 0.112557932734, 0.0266346875578, 0.0108274091035, 0.0466504506767, 0.0230245646089, 0.0267608109862, 0.0225759185851, 0.013004056178, 0.018014639616, 0.0629251152277, 0.0241894908249, 0.00299892970361, 0.000165140634635, 9.94444599201e-06],
        "dvar": [1.36016724355e-05, 0.000714438734576, 0.00667236885056, 0.153433799744, 4.69546937943, 4.9843082428, 24.0564460754, 31.0605297089, 177.899276733, 10973.203125, 2181.90771484, 516.432983398, 0.550302505493, 23.4503364563, 156.805999756, 0.165240570903, 0.065656259656, 1.03841459751, 0.0720764324069, 0.141369119287, 0.0119711672887, 0.00238552223891, 0.0318962708116, 0.0265439469367, 0.102779738605, 0.0625882074237, 0.106106907129, 0.00909781083465, 0.000987079227343, 0.0328591093421, 0.00784814078361, 0.0113741997629, 0.00831201206893, 0.00267052068375, 0.00566423125565, 0.0800173208117, 0.0106797292829, 0.000157207847224, 3.71834715907e-07, 3.40518835351e-10],
        "dvar2": [3.81286590709e-05, 0.00203678337857, 0.0170547366142, 0.44964954257, 13.9397106171, 14.7056512833, 71.913734436, 91.7663421631, 277.855560303, 16514.125, 2488.65258789, 607.126403809, 0.699244976044, 42.9630889893, 239.747268677, 0.249224230647, 0.117011092603, 1.98668801785, 0.162462681532, 0.279015123844, 0.0293376911432, 0.00584946107119, 0.0929822698236, 0.0747619569302, 0.287700921297, 0.182861074805, 0.284309029579, 0.0239601600915, 0.00203961553052, 0.0894094333053, 0.0213082022965, 0.0331402234733, 0.0238412506878, 0.00763714732602, 0.0161646045744, 0.206994920969, 0.0302489940077, 0.00044805125799, 1.06026516278e-06, 8.71312633155e-10],
        "max": [0.0239442046732, 0.160137936473, 0.475681304932, 3.55622267723, 19.1105880737, 20.155172348, 43.7707557678, 51.4261665344, 137.420272827, 1343.88354492, 757.064086914, 363.607543945, 14.4286403656, 58.0258522034, 166.373718262, 5.55541372299, 2.57679867744, 9.13285255432, 2.46929931641, 4.04475021362, 1.04464197159, 0.632473349571, 1.58878707886, 1.68118524551, 3.36756300926, 2.41549777985, 3.52302074432, 0.968886554241, 0.279910951853, 1.8690289259, 0.885665893555, 0.997793734074, 0.865892589092, 0.492621123791, 0.72299605608, 2.89683151245, 0.98613858223, 0.118807211518, 0.00579250138253, 0.000231875877944],
        "mean": [0.00588045269251, 0.027567891404, 0.0629345923662, 0.102693133056, 0.33695718646, 0.256902486086, 0.514991164207, 1.11217331886, 35.3738174438, 415.627563477, 61.4589538574, 13.5258846283, 0.788420140743, 6.19140577316, 17.7465019226, 0.713197171688, 0.196785613894, 0.63465487957, 0.104460984468, 0.244874492288, 0.0560085102916, 0.0458599328995, 0.0370011851192, 0.0518307685852, 0.0898323655128, 0.0745504200459, 0.129301592708, 0.0233769454062, 0.0116084218025, 0.0316107906401, 0.0147958798334, 0.0122206583619, 0.0102581828833, 0.00621102936566, 0.00775489816442, 0.0306534953415, 0.00876139849424, 0.00118698726874, 0.00013026119268, 3.59246623702e-05],
        "median": [0.00411298824474, 0.018432142213, 0.0356993302703, 0.0473904386163, 0.0580864176154, 0.0565647520125, 0.113369949162, 0.499906659126, 25.0032367706, 294.473693848, 28.78632164, 1.02556550503, 0.231081053615, 0.626695454121, 1.56310927868, 0.200254976749, 0.0700349658728, 0.07593601197, 0.0323279872537, 0.03127643466, 0.0187517441809, 0.0121525144204, 0.00886302534491, 0.0101951211691, 0.00939269084483, 0.00973486527801, 0.00852251891047, 0.00568071333691, 0.00407548900694, 0.00382591597736, 0.00320291263051, 0.00257072132081, 0.00209554098547, 0.00162730400916, 0.0011834569741, 0.00077666452853, 0.000443453405751, 0.00020933689666, 8.37583065731e-05, 3.02693151752e-05],
        "min": [2.73680234386e-05, 0.000185731885722, 0.00059449247783, 0.000550561759155, 0.000360601581633, 0.000743815791793, 0.000885191024281, 0.000269235257292, 0.000650672183838, 0.00113686500117, 0.000495192070957, 0.000493762257975, 0.000414035457652, 6.13127485849e-05, 0.000282773340587, 0.000235523111769, 0.000206329961657, 0.000251540361205, 0.000265747803496, 0.000279553816654, 0.000122553858091, 0.000125192091218, 0.000134576010169, 0.000149591665831, 0.00014327550889, 0.000117183670227, 0.000102339567093, 0.000126541635836, 6.64218314341e-05, 4.36257578258e-05, 3.51095004589e-05, 2.18980276259e-05, 1.42676544783e-05, 1.14218610179e-05, 7.06117953087e-06, 6.01099645792e-06, 3.09143979393e-06, 1.6080897467e-06, 7.45236036437e-07, 9.89669146634e-08],
        "var": [2.88637311314e-05, 0.000784343865234, 0.00729247974232, 0.088457852602, 2.76396298409, 2.69491744041, 12.5736694336, 17.4381217957, 1116.51806641, 132516.90625, 13077.4257812, 3227.17822266, 4.2464799881, 134.010620117, 1053.58227539, 1.17840135098, 0.12783460319, 1.9327493906, 0.0829048827291, 0.3704405725, 0.0163741167635, 0.00788240879774, 0.0188408363611, 0.026755515486, 0.103086233139, 0.0711735785007, 0.212131723762, 0.00858258269727, 0.00115865573753, 0.0284383185208, 0.0059274956584, 0.00675945030525, 0.00509594194591, 0.00166270672344, 0.00358047150075, 0.0637824386358, 0.00661519961432, 9.5114854048e-05, 2.23663590759e-07, 5.82401793459e-10]
    },
    "gfcc": {
        "mean": [-202.032928467, 131.771408081, -63.970905304, -40.6343460083, -71.2701950073, -14.5745239258, -9.7557926178, 17.2215366364, 6.9028263092, 22.2829322815, 4.02338838577, -3.97243881226, -18.8586616516],
        "cov": [[2225.72729492, -226.102737427, -655.012329102, -242.457427979, -333.467529297, -97.5049209595, 35.8789520264, 140.354324341, -56.944393158, 126.071144104, -37.4401321411, 22.9084529877, -9.7435092926], [-226.102737427, 574.935302734, -87.940246582, -492.722137451, -74.644859314, -2.04328489304, 94.5901184082, 9.90796852112, 138.230682373, 81.1309890747, 267.180847168, 94.7868881226, 49.7117347717], [-655.012329102, -87.940246582, 926.45916748, 350.289367676, 53.6219024658, 27.213306427, -183.957336426, -143.194961548, -117.461677551, -149.112350464, -216.6900177, -85.4770965576, -93.682258606], [-242.457427979, -492.722137451, 350.289367676, 774.931518555, 295.806091309, 52.2672996521, -134.379013062, -71.8504180908, -153.686920166, -181.4140625, -317.147979736, -131.471008301, -58.0629348755], [-333.467529297, -74.644859314, 53.6219024658, 295.806091309, 304.336242676, 104.680168152, -41.6838302612, -51.7052841187, -49.9235649109, -90.7114639282, -74.4077758789, -22.863653183, 21.2076683044], [-97.5049209595, -2.04328489304, 27.213306427, 52.2672996521, 104.680168152, 97.9680328369, 7.01248693466, -25.7313518524, -36.2034454346, -32.6556739807, -18.7789363861, 9.60530853271, 23.4095611572], [35.8789520264, 94.5901184082, -183.957336426, -134.379013062, -41.6838302612, 7.01248693466, 154.232147217, 80.1713256836, 54.0327720642, 31.0171165466, 78.5810012817, -5.52103900909, 35.1817817688], [140.354324341, 9.90796852112, -143.194961548, -71.8504180908, -51.7052841187, -25.7313518524, 80.1713256836, 103.385475159, 76.4362869263, 53.6888885498, 40.838432312, -19.1268749237, -7.51427984238], [-56.944393158, 138.230682373, -117.461677551, -153.686920166, -49.9235649109, -36.2034454346, 54.0327720642, 76.4362869263, 152.847290039, 94.2361373901, 110.323776245, -0.090481005609, -10.0294132233], [126.071144104, 81.1309890747, -149.112350464, -181.4140625, -90.7114639282, -32.6556739807, 31.0171165466, 53.6888885498, 94.2361373901, 116.361419678, 100.98348999, 24.9398269653, -2.90120315552], [-37.4401321411, 267.180847168, -216.6900177, -317.147979736, -74.4077758789, -18.7789363861, 78.5810012817, 40.838432312, 110.323776245, 100.98348999, 208.308258057, 84.3692779541, 37.4517173767], [22.9084529877, 94.7868881226, -85.4770965576, -131.471008301, -22.863653183, 9.60530853271, -5.52103900909, -19.1268749237, -0.090481005609, 24.9398269653, 84.3692779541, 99.3497924805, 42.2408294678], [-9.7435092926, 49.7117347717, -93.682258606, -58.0629348755, 21.2076683044, 23.4095611572, 35.1817817688, -7.51427984238, -10.0294132233, -2.90120315552, 37.4517173767, 42.2408294678, 66.5202789307]],
        "icov": [[0.00139294716064, -0.00167230481748, 0.00180248951074, -0.00103857938666, 0.00272794743069, -0.00151881156489, 0.00232496508397, -0.00293959397823, 0.00270023825578, -0.00163875683211, 0.00258738035336, -3.22693485941e-05, 8.82186723175e-05], [-0.00167230481748, 0.0151031101122, -0.00550888571888, 0.0102537050843, -0.00989568512887, 0.00506981136277, -0.00576155772433, 0.00799270905554, -0.00870137196034, 0.00999247375876, -0.0133391274139, 0.00189221522305, 0.000413229339756], [0.00180248951074, -0.00550888571888, 0.00573277566582, -0.00461431825534, 0.00791797693819, -0.005615927279, 0.00565561978146, -0.00236597238109, 0.00242862291634, -0.00054091954371, 0.00534147815779, 0.000905096938368, 0.00138089235406], [-0.00103857938666, 0.0102537050843, -0.00461431825534, 0.0148844001815, -0.0153498789296, 0.0102264359593, -0.00795460492373, 0.00577162252739, -0.00560675933957, 0.00401061912999, 0.00348810525611, -0.00353062944487, 0.00444034766406], [0.00272794743069, -0.00989568512887, 0.00791797693819, -0.0153498789296, 0.0280931610614, -0.022496253252, 0.0187984183431, -0.0101596582681, 0.00346461497247, 0.0055557237938, -0.00635615875944, 0.0109570557252, -0.00919660460204], [-0.00151881156489, 0.00506981136277, -0.005615927279, 0.0102264359593, -0.022496253252, 0.0325399637222, -0.0199802387506, 0.0109962718561, -0.000370739406208, -0.00817513931543, 0.0118427062407, -0.0137336943299, 0.00617720745504], [0.00232496508397, -0.00576155772433, 0.00565561978146, -0.00795460492373, 0.0187984183431, -0.0199802387506, 0.0429049246013, -0.0320518240333, 0.0125315403566, 0.012442923151, -0.0234282277524, 0.0277380906045, -0.0215978547931], [-0.00293959397823, 0.00799270905554, -0.00236597238109, 0.00577162252739, -0.0101596582681, 0.0109962718561, -0.0320518240333, 0.0498995110393, -0.0246245712042, -0.00365225924179, 0.0126666687429, -0.0129365483299, 0.0144712915644], [0.00270023825578, -0.00870137196034, 0.00242862291634, -0.00560675933957, 0.00346461497247, -0.000370739406208, 0.0125315403566, -0.0246245712042, 0.0375928394496, -0.0169830918312, -0.00930891744792, 0.0125009445474, -0.00272885127924], [-0.00163875683211, 0.00999247375876, -0.00054091954371, 0.00401061912999, 0.0055557237938, -0.00817513931543, 0.012442923151, -0.00365225924179, -0.0169830918312, 0.0431886352599, -0.0257635340095, 0.0102760409936, -0.00355356116779], [0.00258738035336, -0.0133391274139, 0.00534147815779, 0.00348810525611, -0.00635615875944, 0.0118427062407, -0.0234282277524, 0.0126666687429, -0.00930891744792, -0.0257635340095, 0.0686345100403, -0.038781221956, 0.0160523932427], [-3.22693485941e-05, 0.00189221522305, 0.000905096938368, -0.00353062944487, 0.0109570557252, -0.0137336943299, 0.0277380906045, -0.0129365483299, 0.0125009445474, 0.0102760409936, -0.038781221956, 0.0479788891971, -0.0243173930794], [8.82186723175e-05, 0.000413229339756, 0.00138089235406, 0.00444034766406, -0.00919660460204, 0.00617720745504, -0.0215978547931, 0.0144712915644, -0.00272885127924, -0.00355356116779, 0.0160523932427, -0.0243173930794, 0.0402109846473]]
    },
    "melbands": {
        "dmean": [2.60308061115e-05, 2.41641791945e-05, 2.37058829953e-05, 2.8127720725e-05, 2.15274831135e-05, 1.75394034159e-05, 0.000239507236984, 0.000629080808721, 9.8020027508e-05, 2.0349971237e-05, 1.03454124201e-06, 8.99068163562e-06, 3.65224805137e-05, 3.8906372879e-07, 1.04603408602e-07, 4.80906237499e-07, 6.73829731568e-07, 1.16291360541e-07, 1.26572246018e-07, 1.39458322224e-07, 2.17200852859e-08, 2.02606180721e-08, 2.96325470828e-08, 2.74285376634e-08, 2.45973339474e-08, 5.2943910589e-08, 3.80060924954e-08, 3.22859605717e-08, 6.58891110561e-08, 1.80446004805e-08, 6.68923050284e-09, 3.73337893933e-09, 5.68730484929e-09, 1.99084997377e-08, 5.9719127421e-09, 9.62958424111e-09, 8.71065175545e-09, 9.41619671124e-09, 5.33916688639e-09, 6.44918607406e-09],
        "dmean2": [4.58615722891e-05, 4.23484780185e-05, 4.35922629549e-05, 5.22026602994e-05, 4.15248323407e-05, 3.36462362611e-05, 0.000268303730991, 0.000718846276868, 0.000104205151729, 2.17894848902e-05, 1.66836150584e-06, 1.11238050522e-05, 4.5444812713e-05, 5.38332812994e-07, 1.54591575097e-07, 7.47771821352e-07, 1.0501998986e-06, 1.89363774439e-07, 1.73309274487e-07, 1.93463989717e-07, 3.48033459829e-08, 2.74444751369e-08, 5.25676888685e-08, 4.92467790991e-08, 4.02261264298e-08, 9.38321349508e-08, 6.54943832501e-08, 5.2604857359e-08, 1.00533881664e-07, 2.7967880456e-08, 1.08235314045e-08, 5.45629408322e-09, 8.57973248003e-09, 3.36394947453e-08, 9.45137568209e-09, 1.67673910312e-08, 1.60831312712e-08, 1.7328488866e-08, 9.25643828253e-09, 1.15552332147e-08],
        "dvar": [1.00041541717e-09, 1.37450062443e-09, 1.34129791718e-08, 3.12052286233e-08, 2.14047819469e-08, 1.55464050522e-08, 1.40680882055e-07, 8.82812628333e-07, 2.54181202308e-07, 1.26393633337e-08, 2.17161792021e-11, 2.6891799898e-10, 3.69653285759e-09, 2.89382179244e-13, 7.5965262184e-14, 1.78645433949e-12, 3.52907590304e-12, 3.13531698434e-13, 1.25437366657e-13, 1.70051039222e-13, 8.16120564548e-15, 1.57517624415e-15, 1.85801945525e-14, 2.04648360839e-14, 1.20363788381e-14, 8.40745048992e-14, 4.18921048838e-14, 2.11853477198e-14, 8.0773827568e-14, 9.35593291208e-15, 1.27433851689e-15, 2.11241546716e-16, 7.75473592167e-16, 1.73765149947e-14, 1.16449962534e-15, 4.39706619029e-15, 4.04656268617e-15, 4.89921527351e-15, 1.26903069081e-15, 2.11573096587e-15],
        "dvar2": [2.95364022129e-09, 3.41126060732e-09, 3.95935444431e-08, 9.27754157942e-08, 6.37152481886e-08, 4.60945344116e-08, 2.03933097964e-07, 1.33225228183e-06, 2.65472152705e-07, 1.49002712391e-08, 3.46046663546e-11, 5.26124310785e-10, 5.8304729933e-09, 4.82085074985e-13, 1.08728754082e-13, 3.18430329847e-12, 7.05481549915e-12, 7.75720904612e-13, 2.35148353697e-13, 3.60405824108e-13, 1.80510446e-14, 2.51374137163e-15, 5.11034865412e-14, 6.07260484844e-14, 3.33630489229e-14, 2.30896410932e-13, 1.18678558734e-13, 5.98498911563e-14, 2.16026185113e-13, 2.27354773056e-14, 3.31211100552e-15, 4.05219185538e-16, 1.8691795802e-15, 4.78425011738e-14, 2.93684915186e-15, 1.25530774062e-14, 1.18705729857e-14, 1.41882160656e-14, 3.53123377029e-15, 6.04203763166e-15],
        "max": [0.00020984155708, 0.000234815830481, 0.00104114040732, 0.00157195352949, 0.00131264876109, 0.00112913060002, 0.00434251222759, 0.0120734162629, 0.00776696018875, 0.00180618825834, 4.97588116559e-05, 0.00018372136401, 0.000800463138148, 5.21280480825e-06, 5.35140088687e-06, 1.21154125736e-05, 1.73356093001e-05, 4.59917646367e-06, 3.46094225279e-06, 4.40302665083e-06, 7.68875679569e-07, 6.97529458193e-07, 1.14605995805e-06, 1.32531965846e-06, 1.11602355446e-06, 2.9884020023e-06, 2.04438356377e-06, 1.39940470945e-06, 3.00191663882e-06, 1.02319404505e-06, 3.3832156987e-07, 1.52275603682e-07, 2.84475788703e-07, 1.34491551762e-06, 3.45024091075e-07, 6.40505902538e-07, 5.87147610531e-07, 6.56770112073e-07, 3.49334499106e-07, 4.38554394577e-07],
        "mean": [4.55651425e-05, 3.41755512636e-05, 2.47423758992e-05, 2.32145284826e-05, 1.49433772094e-05, 1.22468145491e-05, 0.00111094396561, 0.00383377145045, 0.000308986607706, 6.12445364823e-05, 1.12213035663e-06, 1.92706793314e-05, 8.43119560159e-05, 8.71341796937e-07, 2.79424824612e-07, 7.53565416289e-07, 1.12394900498e-06, 1.29591668951e-07, 2.42323778821e-07, 2.625558011e-07, 3.23585283013e-08, 4.70091130467e-08, 4.1020481234e-08, 3.19221733491e-08, 3.79125140171e-08, 6.97316551168e-08, 5.3151659074e-08, 4.95679586265e-08, 1.14267116658e-07, 2.53844767428e-08, 8.29948998415e-09, 6.23407547806e-09, 7.78364928067e-09, 2.10137169887e-08, 7.04276725827e-09, 8.58535287307e-09, 6.90896229116e-09, 7.45514050493e-09, 5.0473638602e-09, 5.35960387182e-09],
        "median": [3.44062136719e-05, 2.07948214666e-05, 8.92146272236e-06, 3.91765752283e-06, 2.91074161396e-06, 2.0908469196e-06, 0.000799224595539, 0.00274436734617, 5.12236729264e-05, 2.7191580898e-07, 2.68811902515e-07, 1.24055600281e-06, 6.83712460159e-06, 4.04089490758e-07, 6.05091017292e-08, 1.39922988751e-07, 1.27988158738e-07, 4.10575395904e-08, 4.54108004533e-08, 3.44590027623e-08, 1.24048140648e-08, 1.35255691092e-08, 8.7548439609e-09, 6.72250388689e-09, 8.00561750225e-09, 7.44895967131e-09, 6.14397421828e-09, 6.58121823705e-09, 5.6066902232e-09, 4.46018555422e-09, 2.61202703911e-09, 2.1317756449e-09, 2.12801976041e-09, 2.03207184413e-09, 1.77936743118e-09, 1.61855939762e-09, 1.45770417959e-09, 1.44223488707e-09, 1.4151804173e-09, 1.30147903565e-09],
        "min": [2.59614949982e-07, 2.97061461652e-07, 5.35382582711e-08, 3.45362280996e-08, 3.41976971185e-08, 6.72659794532e-09, 1.07565494289e-08, 1.18269127825e-08, 3.32575611495e-09, 3.31787819441e-09, 1.99384952992e-09, 1.74350145432e-10, 6.94411805835e-10, 9.76473124581e-10, 4.77174411095e-10, 4.0690129044e-10, 4.74928707472e-10, 4.20989132444e-10, 3.79190900901e-10, 3.4111669045e-10, 9.44671632586e-11, 1.02047627293e-10, 1.85351539672e-10, 8.50651077355e-11, 1.232813851e-10, 1.3050417691e-10, 6.67063349002e-11, 8.01697597197e-11, 5.28055411897e-11, 7.93629884033e-11, 6.40072647662e-11, 4.62223453956e-11, 2.05025319638e-11, 2.40463950835e-11, 2.27780416057e-11, 1.221741458e-11, 1.32823604546e-11, 7.42199704473e-12, 1.5297815098e-11, 7.20853541789e-12],
        "var": [1.5829265676e-09, 1.60064761445e-09, 7.78275399682e-09, 1.7257347551e-08, 1.13199982721e-08, 8.39929192864e-09, 1.09102006718e-06, 1.11376893983e-05, 1.42128828884e-06, 8.05427760042e-08, 2.10313745586e-11, 1.38361755386e-09, 2.42883366752e-08, 1.11753271567e-12, 7.6617276976e-13, 3.04312738203e-12, 6.19884569023e-12, 2.41430437925e-13, 3.53180023204e-13, 4.34023531091e-13, 7.48233160814e-15, 1.00631317312e-14, 1.32492275275e-14, 1.35029198245e-14, 1.33934298046e-14, 7.46636097133e-14, 4.15642014892e-14, 3.15735901779e-14, 1.77427354493e-13, 1.09942318514e-14, 1.03649272409e-15, 2.77982078427e-16, 8.3524563676e-16, 1.4264144946e-14, 9.92767930445e-16, 2.88883000705e-15, 2.316680427e-15, 2.90473008602e-15, 8.65218903451e-16, 1.31688095843e-15]
    },
    "mfcc": {
        "mean": [-886.988525391, 186.435043335, 35.6838188171, -0.514124691486, -21.1358623505, -15.8675870895, -8.22156906128, -8.49563121796, 1.26098239422, 14.1609725952, 15.5383853912, 23.3459396362, 27.3355102539],
        "cov": [[2171.60009766, -263.255584717, -554.303100586, -74.9099578857, -345.563842773, -216.376373291, -67.9370422363, -59.4581375122, 29.1315040588, 201.654174805, -51.2871932983, -80.582069397, -15.2292509079], [-263.255584717, 604.596679688, 102.684158325, -300.804779053, -76.5692062378, -59.7840423584, -46.4574699402, -59.223613739, -99.3281097412, -94.1254577637, 61.2628974915, 137.517654419, 200.708938599], [-554.303100586, 102.684158325, 543.218200684, 113.18346405, 85.9073791504, 83.371963501, -33.5595932007, -28.2376594543, -44.9810752869, -129.591751099, -68.2336883545, -62.1173744202, -76.4917678833], [-74.9099578857, -300.804779053, 113.18346405, 340.036987305, 168.508209229, 106.230888367, 40.3004074097, 53.1066017151, 55.0692596436, 6.37275600433, -59.2065238953, -102.664367676, -178.182846069], [-345.563842773, -76.5692062378, 85.9073791504, 168.508209229, 265.779663086, 148.345535278, 36.5040473938, 48.743396759, 8.3478975296, -62.9086990356, -25.0263824463, -60.6791610718, -103.465812683], [-216.376373291, -59.7840423584, 83.371963501, 106.230888367, 148.345535278, 128.794967651, 40.7147102356, 31.5762233734, 6.79681825638, -43.8673324585, -33.9116210938, -62.6040306091, -89.2691574097], [-67.9370422363, -46.4574699402, -33.5595932007, 40.3004074097, 36.5040473938, 40.7147102356, 90.51146698, 53.5636062622, 32.4969177246, 26.8665447235, -12.0327281952, -27.8190555573, -53.787815094], [-59.4581375122, -59.223613739, -28.2376594543, 53.1066017151, 48.743396759, 31.5762233734, 53.5636062622, 67.4971466064, 37.4985771179, 8.00522422791, -13.4386110306, -19.0702171326, -37.2732429504], [29.1315040588, -99.3281097412, -44.9810752869, 55.0692596436, 8.3478975296, 6.79681825638, 32.4969177246, 37.4985771179, 68.8953475952, 57.5922393799, -7.11848735809, -18.1772651672, -33.8689842224], [201.654174805, -94.1254577637, -129.591751099, 6.37275600433, -62.9086990356, -43.8673324585, 26.8665447235, 8.00522422791, 57.5922393799, 138.242233276, 52.5824928284, 22.1978874207, -3.30438137054], [-51.2871932983, 61.2628974915, -68.2336883545, -59.2065238953, -25.0263824463, -33.9116210938, -12.0327281952, -13.4386110306, -7.11848735809, 52.5824928284, 109.913047791, 96.5850830078, 57.4243736267], [-80.582069397, 137.517654419, -62.1173744202, -102.664367676, -60.6791610718, -62.6040306091, -27.8190555573, -19.0702171326, -18.1772651672, 22.1978874207, 96.5850830078, 135.45262146, 111.378044128], [-15.2292509079, 200.708938599, -76.4917678833, -178.182846069, -103.465812683, -89.2691574097, -53.787815094, -37.2732429504, -33.8689842224, -3.30438137054, 57.4243736267, 111.378044128, 184.394577026]],
