{
"lowlevel": {
    "average_loudness": 0.963349282742,
    "barkbands_crest": {
        "dmean": 0.268359452486,
        "dmean2": 0.389066487551,
        "dvar": 0.369578421116,
        "dvar2": 0.542992413044,
        "max": 18.1791496277,
        "mean": 17.0142307281,
        "median": 17.2686443329,
        "min": 9.11256694794,
        "var": 1.74818909168
    },
    "barkbands_flatness_db": {
        "dmean": 0.0152618382126,
        "dmean2": 0.0221896283329,
        "dvar": 0.000417903182097,
        "dvar2": 0.000332264782628,
        "max": 0.557476103306,
        "mean": 0.446068823338,
        "median": 0.465234816074,
        "min": 0.13900013268,
        "var": 0.00521333189681
    },
    "barkbands_kurtosis": {
        "dmean": 13.9960317612,
        "dmean2": 25.4168014526,
        "dvar": 319.354797363,
        "dvar2": 959.702514648,
        "max": 136.347946167,
        "mean": 54.2106132507,
        "median": 53.2855529785,
        "min": 15.5391712189,
        "var": 532.089172363
    },
    "barkbands_skewness": {
        "dmean": 1.2400611639,
        "dmean2": 2.25706601143,
        "dvar": 1.05833768845,
        "dvar2": 3.26721906662,
        "max": 5.47775650024,
        "mean": -0.153044074774,
        "median": -0.235626339912,
        "min": -3.5919110775,
        "var": 3.66924905777
    },
    "barkbands_spread": {
        "dmean": 0.173217520118,
        "dmean2": 0.236694067717,
        "dvar": 0.220512583852,
        "dvar2": 0.198347091675,
        "max": 5.45143222809,
        "mean": 0.571447372437,
        "median": 0.382779896259,
        "min": 0.246881186962,
        "var": 0.444413930178
    },
    "dissonance": {
        "dmean": 0.0632359310985,
        "dmean2": 0.115262806416,
        "dvar": 0.00299676088616,
        "dvar2": 0.00864803604782,
        "max": 0.37885466218,
        "mean": 0.162829518318,
        "median": 0.155806168914,
        "min": 0.0505329929292,
        "var": 0.0055185277015
    },
    "dynamic_complexity": 3.3967795372,
    "erbbands_crest": {
        "dmean": 0.415682166815,
        "dmean2": 0.615479230881,
        "dvar": 1.94755530357,
        "dvar2": 4.02999782562,
        "max": 25.6361885071,
        "mean": 24.8588027954,
        "median": 25.2360458374,
        "min": 14.0578756332,
        "var": 2.62763595581
    },
    "erbbands_flatness_db": {
        "dmean": 0.0133160352707,
        "dmean2": 0.0173238068819,
        "dvar": 0.000310677860398,
        "dvar2": 0.000260734872427,
        "max": 0.584511578083,
        "mean": 0.480440407991,
        "median": 0.495696216822,
        "min": 0.200828924775,
        "var": 0.00408308953047
    },
    "erbbands_kurtosis": {
        "dmean": 11.3962087631,
        "dmean2": 17.3653411865,
        "dvar": 177.896499634,
        "dvar2": 262.531524658,
        "max": 173.83380127,
        "mean": 75.2303314209,
        "median": 62.8784332275,
        "min": 11.7319221497,
        "var": 1642.53308105
    },
    "erbbands_skewness": {
        "dmean": 0.537736177444,
        "dmean2": 0.853859245777,
        "dvar": 0.368001282215,
        "dvar2": 0.942802906036,
        "max": 8.2874622345,
        "mean": 4.27205371857,
        "median": 3.71491932869,
        "min": 2.22706151009,
        "var": 1.99363577366
    },
    "erbbands_spread": {
        "dmean": 0.168639957905,
        "dmean2": 0.170056894422,
        "dvar": 0.61553055048,
        "dvar2": 0.464974462986,
        "max": 9.23767375946,
        "mean": 0.698906719685,
        "median": 0.426567524672,
        "min": 0.316347658634,
        "var": 1.12556278706
    },
    "hfc": {
        "dmean": 0.970688223839,
        "dmean2": 0.890718817711,
        "dvar": 2.34920740128,
        "dvar2": 3.70590853691,
        "max": 38.5662117004,
        "mean": 18.0482349396,
        "median": 16.6714134216,
        "min": 0.0293122082949,
        "var": 152.018112183
    },
    "melbands_crest": {
        "dmean": 0.550215065479,
        "dmean2": 0.781603634357,
        "dvar": 3.57804226875,
        "dvar2": 5.25375032425,
        "max": 31.851726532,
        "mean": 30.8877563477,
        "median": 31.3539409637,
        "min": 13.9632263184,
        "var": 4.9363322258
    },
    "melbands_flatness_db": {
        "dmean": 0.0133919958025,
        "dmean2": 0.0172707345337,
        "dvar": 0.00042842887342,
        "dvar2": 0.000303431472275,
        "max": 0.653183817863,
        "mean": 0.540732741356,
        "median": 0.552743792534,
        "min": 0.21706841886,
        "var": 0.00591943133622
    },
    "melbands_kurtosis": {
        "dmean": 16.5677394867,
        "dmean2": 28.9475421906,
        "dvar": 301.805725098,
        "dvar2": 893.376159668,
        "max": 153.191558838,
        "mean": 67.9869766235,
        "median": 68.3014602661,
        "min": 8.52092933655,
        "var": 520.814758301
    },
    "melbands_skewness": {
        "dmean": 1.52128636837,
        "dmean2": 2.70212221146,
        "dvar": 1.58471465111,
        "dvar2": 4.79604387283,
        "max": 6.97588777542,
        "mean": -1.47108590603,
        "median": -2.97027111053,
        "min": -5.67110157013,
        "var": 13.7993383408
    },
    "melbands_spread": {
        "dmean": 0.315810680389,
        "dmean2": 0.470652073622,
        "dvar": 0.366596162319,
        "dvar2": 0.618212282658,
        "max": 7.46394729614,
        "mean": 0.75451952219,
        "median": 0.463497638702,
        "min": 0.199598699808,
        "var": 0.842725038528
    },
    "pitch_salience": {
        "dmean": 0.0290729273111,
        "dmean2": 0.0440716668963,
        "dvar": 0.00550592178479,
        "dvar2": 0.00863029900938,
        "max": 0.848260521889,
        "mean": 0.0946623906493,
        "median": 0.0678498968482,
        "min": 0.0227156318724,
        "var": 0.0115361362696
    },
    "silence_rate_20dB": {
        "dmean": 0,
        "dmean2": 0,
        "dvar": 0,
        "dvar2": 0,
        "max": 1,
        "mean": 1,
        "median": 1,
        "min": 1,
        "var": 0
    },
    "silence_rate_30dB": {
        "dmean": 0,
        "dmean2": 0,
        "dvar": 0,
        "dvar2": 0,
        "max": 1,
        "mean": 1,
        "median": 1,
        "min": 1,
        "var": 0
    },
    "silence_rate_60dB": {
        "dmean": 0.00833333376795,
        "dmean2": 0.01680672355,
        "dvar": 0.00826388876885,
        "dvar2": 0.0165242515504,
        "max": 1,
        "mean": 0.107438012958,
        "median": 0,
        "min": 0,
        "var": 0.0958950966597
    },
    "spectral_centroid": {
        "dmean": 3.92299699783,
        "dmean2": 4.43877029419,
        "dvar": 424.69644165,
        "dvar2": 397.76159668,
        "max": 894.64239502,
        "mean": 625.733642578,
        "median": 619.899536133,
        "min": 618.280822754,
        "var": 746.897338867
    },
    "spectral_complexity": {
        "dmean": 0.20000000298,
        "dmean2": 0.36134454608,
        "dvar": 0.21000058949,
        "dvar2": 0.499681681395,
        "max": 6,
        "mean": 1.72727274895,
        "median": 1,
        "min": 0,
        "var": 1.05784952641
    },
    "spectral_decrease": {
        "dmean": 3.9292408216e-10,
        "dmean2": 3.50040663122e-10,
        "dvar": 3.70603048161e-19,
        "dvar2": 5.04331399088e-19,
        "max": -1.06059267271e-11,
        "mean": -7.24780324646e-09,
        "median": -6.67643540453e-09,
        "min": -1.54844954636e-08,
        "var": 2.46309703349e-17
    },
    "spectral_energy": {
        "dmean": 0.00157095550094,
        "dmean2": 0.00140184164047,
        "dvar": 5.93413869865e-06,
        "dvar2": 8.14335544419e-06,
        "max": 0.0619398653507,
        "mean": 0.028991766274,
        "median": 0.0266952235252,
        "min": 4.26878832513e-05,
        "var": 0.00039399752859
    },
    "spectral_energyband_high": {
        "dmean": 8.9474269771e-07,
        "dmean2": 1.1579038528e-06,
        "dvar": 8.84603501561e-12,
        "dvar2": 6.50353685835e-12,
        "max": 6.11716459389e-05,
        "mean": 3.2157743135e-06,
        "median": 1.15282296065e-06,
        "min": 2.6951079235e-07,
        "var": 5.36402935958e-11
    },
    "spectral_energyband_low": {
        "dmean": 2.59573353105e-05,
        "dmean2": 4.70308987133e-05,
        "dvar": 5.04323305339e-10,
        "dvar2": 1.5034010703e-09,
        "max": 0.000125867300085,
        "mean": 3.67728098354e-05,
        "median": 2.88041082968e-05,
        "min": 1.28672741084e-06,
        "var": 7.87323706231e-10
    },
    "spectral_energyband_middle_high": {
        "dmean": 0.000137492039357,
        "dmean2": 0.000237953907344,
        "dvar": 2.23025068635e-07,
        "dvar2": 8.0008931036e-07,
        "max": 0.00415184767917,
        "mean": 0.000248525902862,
        "median": 4.80942217109e-05,
        "min": 4.00060662287e-06,
        "var": 2.852026455e-07
    },
    "spectral_energyband_middle_low": {
        "dmean": 0.0015766088618,
        "dmean2": 0.00137890549377,
        "dvar": 5.98670612817e-06,
        "dvar2": 7.80825030233e-06,
        "max": 0.06157560274,
        "mean": 0.0287885796279,
        "median": 0.0265441574156,
        "min": 3.71990281565e-05,
        "var": 0.000391314941226
    },
    "spectral_entropy": {
        "dmean": 0.156993076205,
        "dmean2": 0.20109410584,
        "dvar": 0.0624885819852,
        "dvar2": 0.0499355718493,
        "max": 8.03634643555,
        "mean": 4.05225419998,
        "median": 3.80376338959,
        "min": 3.04376173019,
        "var": 0.701889812946
    },
    "spectral_flux": {
        "dmean": 0.00275838980451,
        "dmean2": 0.00410281773657,
        "dvar": 1.86722008948e-05,
        "dvar2": 3.87642285204e-05,
        "max": 0.0728327557445,
        "mean": 0.0106258364394,
        "median": 0.00631866557524,
        "min": 0.00238556670956,
        "var": 0.000158156501129
    },
    "spectral_kurtosis": {
        "dmean": 9.03718948364,
        "dmean2": 15.2483940125,
        "dvar": 56.1380653381,
        "dvar2": 160.370529175,
        "max": 119.995475769,
        "mean": 56.8703918457,
        "median": 56.1285705566,
        "min": 3.32858467102,
        "var": 738.286987305
    },
    "spectral_rms": {
        "dmean": 0.00015301683743,
        "dmean2": 0.000125920734718,
        "dvar": 5.67516558192e-08,
        "dvar2": 7.45302060068e-08,
        "max": 0.00777361821383,
        "mean": 0.00488774431869,
        "median": 0.00510334409773,
        "min": 0.000204075273359,
        "var": 4.39460200141e-06
    },
    "spectral_rolloff": {
        "dmean": 4.306640625,
        "dmean2": 6.87614870071,
        "dvar": 491.499328613,
        "dvar2": 1261.92919922,
        "max": 818.26171875,
        "mean": 629.266784668,
        "median": 624.462890625,
        "min": 624.462890625,
        "var": 693.50793457
    },
    "spectral_skewness": {
        "dmean": 0.54558968544,
        "dmean2": 0.889225482941,
        "dvar": 0.192136853933,
        "dvar2": 0.496208876371,
        "max": 9.53067207336,
        "mean": 6.2580242157,
        "median": 6.39835500717,
        "min": 2.06012845039,
        "var": 2.8991689682
    },
    "spectral_spread": {
        "dmean": 583056.125,
        "dmean2": 731078.625,
        "dvar": 1.94534191923e+12,
        "dvar2": 813574914048,
        "max": 25520960,
        "mean": 2448959,
        "median": 2024784.5,
        "min": 850857.875,
        "var": 5.84926573363e+12
    },
    "spectral_strongpeak": {
        "dmean": 0.12725019455,
        "dmean2": 0.0928155630827,
        "dvar": 0.0511044040322,
        "dvar2": 0.0322832092643,
        "max": 6.22432565689,
        "mean": 3.8791809082,
        "median": 4.09614849091,
        "min": 0.019287372008,
        "var": 2.93294000626
    },
    "zerocrossingrate": {
        "dmean": 0.000553385412786,
        "dmean2": 0.000767299090512,
        "dvar": 3.41309009855e-06,
        "dvar2": 2.67899076789e-06,
        "max": 0.02978515625,
        "mean": 0.0277109704912,
        "median": 0.02783203125,
        "min": 0.0078125,
        "var": 4.98227882417e-06
    },
    "barkbands": {
        "dmean": [1.18362299872e-06, 2.31956655625e-05, 6.71610814607e-06, 3.53092991645e-06, 6.78922515363e-06, 2.30559203374e-06, 4.22320817961e-06, 0.000557136314455, 0.000967435364146, 0.00018085046031, 6.32386991128e-06, 2.88029077637e-05, 2.22636094804e-06, 6.51680920782e-07, 4.79821949284e-07, 3.06276945139e-07, 4.83692303987e-07, 1.67399306861e-07, 2.00204141265e-07, 4.53195184491e-07, 3.15173025456e-07, 1.9973019505e-07, 1.44753869336e-07, 8.28493682548e-08, 1.06097893138e-07, 1.47082886315e-07, 9.7614282879e-08],
        "dmean2": [2.19663161261e-06, 4.20072101406e-05, 1.12930256364e-05, 6.20411810814e-06, 1.17085728562e-05, 3.67775351151e-06, 6.1297287175e-06, 0.000462094059912, 0.000841930217575, 0.000335677119438, 8.91275976755e-06, 3.10638170049e-05, 2.79075561593e-06, 8.71169163474e-07, 6.71854991197e-07, 3.93604182136e-07, 6.76928891608e-07, 2.16572843215e-07, 2.54568902847e-07, 7.2311712529e-07, 4.36560469552e-07, 1.81358075224e-07, 2.14119722841e-07, 9.82818306738e-08, 1.52369878492e-07, 2.39702131921e-07, 1.34722426992e-07],
        "dvar": [1.52017558697e-12, 4.24568769031e-10, 4.38489626553e-11, 1.51097363787e-11, 8.92035681432e-11, 1.87547703062e-11, 1.8462045781e-10, 7.19178274267e-07, 2.26783276958e-06, 4.72101135074e-07, 6.75349443036e-10, 3.14569725823e-09, 1.44562334325e-10, 1.12386081344e-11, 3.38126770506e-12, 3.60691446329e-12, 1.85644230023e-12, 9.92709820596e-13, 1.20290658944e-12, 1.33614863965e-12, 9.70283315499e-13, 3.14545942461e-13, 2.18277015928e-13, 2.6302741994e-13, 2.36512740816e-13, 2.39215792357e-13, 2.75266869845e-13],
        "dvar2": [4.5257330869e-12, 1.33159772098e-09, 1.08170326862e-10, 3.45967386683e-11, 2.62274840734e-10, 4.62949401037e-11, 2.67113275942e-10, 6.05405489296e-07, 2.46849003815e-06, 1.65568906141e-06, 1.61704238888e-09, 3.87499232701e-09, 1.39862843529e-10, 1.453598613e-11, 4.86908560346e-12, 3.7360197401e-12, 2.31150081714e-12, 9.70531272536e-13, 1.0871346141e-12, 3.63658061997e-12, 1.37487243812e-12, 2.80219017478e-13, 4.0758282166e-13, 2.22557825576e-13, 2.7050106946e-13, 3.06866430053e-13, 2.7741044596e-13],
        "max": [5.86539908909e-06, 0.00010629715689, 3.82251746487e-05, 2.44255825237e-05, 6.31976290606e-05, 3.77028081857e-05, 0.00011022752733, 0.0214694384485, 0.0400518923998, 0.00566404685378, 0.000290387659334, 0.000787437544204, 0.000161755728186, 4.08753476222e-05, 2.31275353144e-05, 2.17823617277e-05, 1.81050145329e-05, 1.14903577924e-05, 1.50785708684e-05, 1.3662353922e-05, 1.14149315777e-05, 1.32545783345e-05, 6.40683856545e-06, 6.65699008096e-06, 6.75802084515e-06, 5.49950254936e-06, 5.79861170991e-06],
        "mean": [1.14735007628e-06, 2.50341545325e-05, 8.8844626589e-06, 4.51467440143e-06, 8.74835586728e-06, 3.28128317051e-06, 5.34712535227e-06, 0.0100820725784, 0.0185338892043, 0.000185729993973, 9.76196952251e-06, 0.000108355736302, 6.39058225715e-06, 1.01272769371e-06, 1.11710960482e-06, 4.1905065018e-07, 1.62728861142e-06, 2.46506544954e-07, 3.49472259131e-07, 1.07584207854e-06, 7.21375272406e-07, 5.78576589305e-07, 3.94426194816e-07, 1.802157783e-07, 2.51741511192e-07, 2.36626618744e-07, 4.10671475493e-07],
        "median": [7.74730779085e-07, 1.73995413206e-05, 5.6826565924e-06, 2.93980292554e-06, 6.66048526909e-06, 2.18009563469e-06, 1.29961824769e-06, 0.00922187138349, 0.017327491194, 2.0533650968e-05, 4.21939063244e-07, 3.61194834113e-05, 1.52308325596e-06, 1.65864804558e-07, 2.35645487123e-07, 1.10576110046e-07, 5.96186794155e-07, 1.07803195704e-07, 1.1549983725e-07, 1.87717049016e-07, 1.27666396565e-07, 8.7479364197e-08, 8.43354968083e-08, 8.73833698734e-08, 1.08291878576e-07, 1.54816191866e-07, 4.59847314005e-07],
        "min": [1.09180762209e-08, 2.60051677969e-07, 1.09416006921e-07, 2.2468512384e-07, 8.93935407476e-07, 3.00994372537e-07, 1.28370146513e-07, 1.37884508149e-05, 1.76571575139e-05, 2.68385792879e-06, 5.32149257992e-08, 5.37185599114e-07, 1.24299432969e-07, 3.84621117178e-08, 6.13067783206e-08, 2.95278379525e-08, 7.87602800756e-08, 2.21661995425e-08, 4.99661894082e-08, 4.27193462826e-08, 3.73501762851e-08, 3.8381568146e-08, 2.71619047254e-08, 2.78580980506e-08, 2.94205264595e-08, 2.81721153073e-08, 1.27410668682e-08],
        "var": [1.60268890173e-12, 5.53297629935e-10, 7.5920048026e-11, 1.94248072488e-11, 7.97295632293e-11, 1.93729719766e-11, 2.63055799365e-10, 4.69738006359e-05, 0.000168165730429, 4.14650543235e-07, 1.36869227063e-09, 2.36888020311e-08, 2.50364728949e-10, 1.69331562661e-11, 6.4746827691e-12, 3.93888524228e-12, 6.88782624686e-12, 1.08067667228e-12, 2.02881418263e-12, 4.64113860191e-12, 3.46392879658e-12, 3.35258622079e-12, 1.11170686372e-12, 3.76334434535e-13, 4.48709320568e-13, 2.62819415753e-13, 2.75442646122e-13]
    },
    "erbbands": {
        "dmean": [0.000755206856411, 0.00496513582766, 0.00782485119998, 0.00914762914181, 0.0225353371352, 0.0208710171282, 0.0232204627246, 0.015757130459, 0.0362874232233, 0.59877371788, 27.7068138123, 14.5514421463, 7.02946949005, 0.736756980419, 0.222006157041, 1.06951510906, 0.426062077284, 0.0481597147882, 0.021753905341, 0.020319994539, 0.0182427763939, 0.0263917557895, 0.00854433141649, 0.0108311809599, 0.0209159273654, 0.0123592335731, 0.0110594229773, 0.0150413252413, 0.00647216942161, 0.00658769579604, 0.00365027249791, 0.00177156738937, 0.00142735941336, 0.000854817335494, 0.00106019410305, 0.000711483764462, 0.000266594230197, 5.9762816818e-05, 1.51570648086e-05, 2.78189713754e-06],
        "dmean2": [0.00137114338577, 0.00900058168918, 0.0131733156741, 0.0160441063344, 0.0394457913935, 0.0357195623219, 0.041754744947, 0.0250080861151, 0.044355135411, 0.577524483204, 22.0753955841, 12.949877739, 13.0169029236, 1.39760375023, 0.364045113325, 1.17037165165, 0.4512116611, 0.0655492022634, 0.026688914746, 0.026550674811, 0.0241094622761, 0.0358004979789, 0.0110285207629, 0.0140174711123, 0.030494986102, 0.0205545276403, 0.0157112963498, 0.021002266556, 0.00733330938965, 0.00737467454746, 0.00538035994396, 0.00205137883313, 0.00172226771247, 0.00103984121233, 0.00162904267199, 0.00119209825061, 0.000429347594036, 8.26938485261e-05, 2.11378192034e-05, 3.31819887833e-06],
        "dvar": [6.35583944586e-07, 1.84649088624e-05, 4.57140486105e-05, 7.31573891244e-05, 0.000980558106676, 0.000906687113456, 0.00139405904338, 0.000994189758785, 0.00460535380989, 0.815347492695, 1739.63415527, 510.978546143, 683.72076416, 8.80906963348, 0.828772902489, 4.38548135757, 0.786684930325, 0.0460320077837, 0.0169686730951, 0.0111024025828, 0.00916093681008, 0.00490980129689, 0.00299434992485, 0.00228276685812, 0.00393351539969, 0.00193391542416, 0.000768659869209, 0.00216257362626, 0.000711681263056, 0.000414200098021, 0.000136480011861, 0.000107831394416, 7.53059648559e-05, 2.51021901931e-05, 1.45806689034e-05, 4.14883515987e-06, 8.06973844192e-07, 9.65063406966e-08, 5.51961942818e-09, 5.23601058344e-11],
        "dvar2": [2.02133901439e-06, 5.49634969502e-05, 0.000125426333398, 0.000174422253622, 0.00273668975569, 0.00254505616613, 0.00388584844768, 0.00216653151438, 0.0060812192969, 0.888987421989, 1612.0970459, 569.977233887, 2405.37719727, 30.914981842, 2.65858364105, 5.56471824646, 0.880011498928, 0.0645925626159, 0.0189465712756, 0.0132265500724, 0.00963472854346, 0.00665687862784, 0.0029714119155, 0.00220418418758, 0.00562781142071, 0.0048986133188, 0.00202224054374, 0.00311231333762, 0.000559769687243, 0.000571810640395, 0.000241163143073, 8.32686491776e-05, 7.00393939042e-05, 2.47990192292e-05, 2.04233092518e-05, 5.92189326198e-06, 1.02192552731e-06, 1.01045223744e-07, 5.7003677334e-09, 7.62010315958e-11],
        "max": [0.00418572546914, 0.0218636319041, 0.0459138527513, 0.0502291209996, 0.233241140842, 0.238805308938, 0.299805223942, 0.292772203684, 0.769509017467, 24.0009746552, 1108.50134277, 595.020385742, 216.250427246, 28.7216415405, 9.67068862915, 28.5552558899, 11.3971424103, 2.6246073246, 1.65819215775, 1.30763578415, 1.14102196693, 0.920747697353, 0.638336956501, 0.69046151638, 0.717756867409, 0.591394662857, 0.419880509377, 0.548238158226, 0.453308135271, 0.435552716255, 0.173458233476, 0.149923250079, 0.104587547481, 0.070940643549, 0.047789234668, 0.0233283210546, 0.0102069796994, 0.00353163224645, 0.00082820240641, 8.83727625478e-05],
        "mean": [0.000770020007621, 0.00542556261644, 0.0103626418859, 0.0127357942984, 0.0268378574401, 0.0271966643631, 0.0300903506577, 0.038570035249, 0.30526009202, 11.3316030502, 517.039855957, 275.606384277, 15.0573854446, 1.54321169853, 0.482143223286, 3.96110057831, 1.64252781868, 0.105846077204, 0.0536276251078, 0.045071836561, 0.0383679270744, 0.0945045426488, 0.0148377418518, 0.0210640467703, 0.0367254242301, 0.0310596376657, 0.0286051668227, 0.0351860746741, 0.0163119565696, 0.0206290688366, 0.0102040097117, 0.00404271809384, 0.00296352501027, 0.00206517684273, 0.00229983287863, 0.00103626411874, 0.000448279257398, 0.000160592055181, 6.55811818433e-05, 4.00844801334e-05],
        "median": [0.000524625706021, 0.00359687232412, 0.00796151533723, 0.00792537257075, 0.018499808386, 0.0174825154245, 0.02171786502, 0.0338093340397, 0.307631582022, 10.3392305374, 476.843017578, 256.74307251, 9.7664642334, 0.599641859531, 0.108407072723, 1.31570208073, 0.534268319607, 0.0256658662111, 0.0121397385374, 0.0127802435309, 0.0180006567389, 0.0233265142888, 0.00564396986738, 0.00727171776816, 0.00841955840588, 0.00799439102411, 0.00612532394007, 0.00455167889595, 0.00309574138373, 0.00279765273444, 0.00227823457681, 0.00182666501496, 0.00145360291936, 0.0010463707149, 0.000902110477909, 0.000545913353562, 0.00028743504663, 0.000142573189805, 6.10240385868e-05, 3.8973041228e-05],
        "min": [3.73060947823e-06, 5.68328869122e-05, 0.00026742904447, 0.000835739308968, 0.00197935546748, 0.00237452588044, 0.00423517636955, 0.00636120932177, 0.0203715674579, 0.0824601948261, 0.441928654909, 0.401290178299, 0.133270710707, 0.0498480834067, 0.011928007938, 0.021544713527, 0.011381527409, 0.00425334321335, 0.00338145717978, 0.0028110020794, 0.0036061774008, 0.0043026721105, 0.00221436540596, 0.00202138652094, 0.0027646292001, 0.00216736248694, 0.00166788091883, 0.00149278796744, 0.00134744821116, 0.00104904407635, 0.000744746881537, 0.000648956454825, 0.000414383452153, 0.000327668356476, 0.000224220420932, 0.000119895943499, 4.7528930736e-05, 2.2502417778e-05, 8.47100636747e-06, 8.35329728943e-07],
        "var": [6.87798319632e-07, 2.52296049439e-05, 8.58998464537e-05, 0.000106886727735, 0.000805021962151, 0.000971167464741, 0.00119528523646, 0.00113225833047, 0.0394827127457, 58.8681488037, 126593.5625, 36770.703125, 608.849853516, 12.6686182022, 1.68282592297, 31.8019123077, 5.20490646362, 0.0773154497147, 0.0261326972395, 0.0160559639335, 0.0111556202173, 0.0258302073926, 0.00334657425992, 0.00454041035846, 0.00660958141088, 0.00623795343563, 0.00457339268178, 0.00844657048583, 0.0026063490659, 0.00399162666872, 0.000706537393853, 0.000194844629732, 9.38134471653e-05, 4.40325238742e-05, 2.9644683309e-05, 5.05177058585e-06, 8.92416267106e-07, 9.84257795267e-08, 5.21396170683e-09, 4.52967857667e-10]
    },
    "gfcc": {
        "mean": [-222.225296021, 111.789207458, -89.2183837891, -62.3344230652, -84.6103286743, -5.91358995438, 14.3466348648, 35.5745353699, 9.94547748566, 3.32339000702, -23.624458313, -27.0630474091, -28.4717502594],
        "cov": [[1181.81286621, -144.883560181, -782.453186035, -198.463241577, -260.977935791, 114.888015747, 86.3388366699, -151.973678589, -63.2134284973, -11.1507358551, -21.8769321442, -24.5393505096, -38.6131324768], [-144.883560181, 316.484375, 233.403411865, -127.235786438, 72.3945846558, -31.616771698, 56.65832901, 38.8604125977, 67.2401428223, 10.1069316864, 56.592048645, -29.2532405853, -45.0585746765], [-782.453186035, 233.403411865, 884.479248047, 117.763023376, 257.531433105, -68.1150970459, -76.0205917358, 178.793548584, 25.4037837982, 29.2361888885, 21.1275501251, 24.2252883911, 21.2002544403], [-198.463241577, -127.235786438, 117.763023376, 266.814605713, 72.5272521973, -0.838274121284, -42.8264732361, 25.7113895416, -13.9440898895, -3.44124627113, -37.9252471924, 28.2183246613, 52.5247612], [-260.977935791, 72.3945846558, 257.531433105, 72.5272521973, 130.661392212, -15.3307714462, -23.6241264343, 53.1479530334, 21.8035869598, 16.0752601624, 13.3656721115, 4.18519353867, 0.850406944752], [114.888015747, -31.616771698, -68.1150970459, -0.838274121284, -15.3307714462, 58.0062942505, 7.20343732834, -11.9551954269, -18.4129276276, 7.78823852539, -4.3507065773, 5.29734039307, 1.63500952721], [86.3388366699, 56.65832901, -76.0205917358, -42.8264732361, -23.6241264343, 7.20343732834, 75.8219833374, 13.2322835922, 46.4407958984, 17.857963562, 27.8874034882, -14.571762085, -19.7896747589], [-151.973678589, 38.8604125977, 178.793548584, 25.7113895416, 53.1479530334, -11.9551954269, 13.2322835922, 79.586517334, 28.7921657562, 21.9332771301, 13.4294719696, 4.22641420364, 5.89366149902], [-63.2134284973, 67.2401428223, 25.4037837982, -13.9440898895, 21.8035869598, -18.4129276276, 46.4407958984, 28.7921657562, 69.9772109985, 15.6242895126, 24.2380428314, -5.30736255646, -9.94958686829], [-11.1507358551, 10.1069316864, 29.2361888885, -3.44124627113, 16.0752601624, 7.78823852539, 17.857963562, 21.9332771301, 15.6242895126, 28.9800453186, 17.8667259216, 4.81275129318, 1.65610527992], [-21.8769321442, 56.592048645, 21.1275501251, -37.9252471924, 13.3656721115, -4.3507065773, 27.8874034882, 13.4294719696, 24.2380428314, 17.8667259216, 38.4264564514, 1.21489477158, -10.5963230133], [-24.5393505096, -29.2532405853, 24.2252883911, 28.2183246613, 4.18519353867, 5.29734039307, -14.571762085, 4.22641420364, -5.30736255646, 4.81275129318, 1.21489477158, 26.6914463043, 17.9150943756], [-38.6131324768, -45.0585746765, 21.2002544403, 52.5247612, 0.850406944752, 1.63500952721, -19.7896747589, 5.89366149902, -9.94958686829, 1.65610527992, -10.5963230133, 17.9150943756, 33.5402336121]],
        "icov": [[0.00329479714856, -0.00240358454175, 0.0034456285648, 0.00031226806459, 0.000891033385415, -0.00132183346432, -0.00108712795191, -0.0023321651388, 0.00447157910094, -0.00400947779417, 0.00486865127459, -0.00357050145976, 0.00267711421475], [-0.00240358454175, 0.0248078741133, -0.013188008219, 0.0144371893257, -0.0173436775804, 0.00188380561303, -0.0337963998318, 0.0223700627685, -0.0039349636063, 0.0245238859206, -0.00705983024091, 0.00795919075608, -0.0160964522511], [0.0034456285648, -0.013188008219, 0.0137095469981, -0.00469141500071, 0.000502495735418, 0.00145354948472, 0.0156929679215, -0.0202206112444, 0.00843866355717, -0.0115553261712, 0.00746573274955, -0.00938603375107, 0.00810580514371], [0.00031226806459, 0.0144371893257, -0.00469141500071, 0.0206793118268, -0.0252954959869, 0.00488088233396, -0.0357014201581, 0.0135011067614, 0.00714347790927, 0.0168297234923, 0.0138372574002, -0.00658034952357, -0.0235235299915], [0.000891033385415, -0.0173436775804, 0.000502495735418, -0.0252954959869, 0.0575095266104, -0.0149960117415, 0.0622671321034, -0.0170230288059, -0.0233498215675, -0.0282019618899, -0.023597445339, 0.0177339948714, 0.033563554287], [-0.00132183346432, 0.00188380561303, 0.00145354948472, 0.00488088233396, -0.0149960117415, 0.033029422164, -0.0246496573091, 0.00438993796706, 0.019629124552, -0.00890448875725, 0.0171888004988, -0.0170434210449, -0.00330207915977], [-0.00108712795191, -0.0337963998318, 0.0156929679215, -0.0357014201581, 0.0622671321034, -0.0246496573091, 0.13684874773, -0.0470658876002, -0.0456449948251, -0.0431768931448, -0.0414420776069, 0.0323403738439, 0.0461980551481], [-0.0023321651388, 0.0223700627685, -0.0202206112444, 0.0135011067614, -0.0170230288059, 0.00438993796706, -0.0470658876002, 0.0590494722128, -0.00594753632322, 0.00681922817603, 0.00418979907408, 0.00596232060343, -0.0228851921856], [0.00447157910094, -0.0039349636063, 0.00843866355717, 0.00714347790927, -0.0233498215675, 0.019629124552, -0.0456449948251, -0.00594753632322, 0.0562110878527, -0.00339580653235, 0.0215422697365, -0.0247655455023, -0.00603425968438], [-0.00400947779417, 0.0245238859206, -0.0115553261712, 0.0168297234923, -0.0282019618899, -0.00890448875725, -0.0431768931448, 0.00681922817603, -0.00339580653235, 0.100287549198, -0.0315099582076, 0.00262903631665, -0.0335649438202], [0.00486865127459, -0.00705983024091, 0.00746573274955, 0.0138372574002, -0.023597445339, 0.0171888004988, -0.0414420776069, 0.00418979907408, 0.0215422697365, -0.0315099582076, 0.0915312841535, -0.0455606356263, 0.00550376623869], [-0.00357050145976, 0.00795919075608, -0.00938603375107, -0.00658034952357, 0.0177339948714, -0.0170434210449, 0.0323403738439, 0.00596232060343, -0.0247655455023, 0.00262903631665, -0.0455606356263, 0.0925541222095, -0.0300720073283], [0.00267711421475, -0.0160964522511, 0.00810580514371, -0.0235235299915, 0.033563554287, -0.00330207915977, 0.0461980551481, -0.0228851921856, -0.00603425968438, -0.0335649438202, 0.00550376623869, -0.0300720073283, 0.0912456586957]]
    },
    "melbands": {
        "dmean": [6.59913848722e-06, 4.44542729383e-06, 1.83975464552e-06, 1.67859320754e-06, 7.85433542205e-07, 3.64198996294e-07, 5.44323825125e-07, 2.19532012125e-06, 0.000289177260129, 7.38104790798e-05, 3.5132492485e-05, 2.41079533225e-06, 7.94482332367e-07, 1.04172693227e-06, 3.73095849682e-06, 1.77698353809e-07, 6.86485179813e-08, 3.51084068484e-08, 4.07998541618e-08, 2.07240589134e-08, 2.30642847043e-08, 3.57450566923e-08, 8.47546921534e-09, 7.69332686446e-09, 9.36503585791e-09, 9.44162614758e-09, 2.02754826262e-08, 7.91077514606e-09, 8.82207995545e-09, 9.16655196193e-09, 7.12879533182e-09, 4.82234741028e-09, 4.57806415e-09, 3.44390893581e-09, 2.95928614946e-09, 1.18290655049e-09, 1.17662846133e-09, 1.19603593696e-09, 8.23766499458e-10, 6.9592420715e-10],
        "dmean2": [1.20227969092e-05, 7.7649638115e-06, 3.15986289934e-06, 2.95776089843e-06, 1.41288592204e-06, 5.73231716317e-07, 7.679507803e-07, 2.98421582556e-06, 0.000230620862567, 6.75362171023e-05, 6.4909705543e-05, 4.60501541966e-06, 1.21658183616e-06, 1.31794865865e-06, 3.98309384764e-06, 2.18711306843e-07, 1.01518246254e-07, 4.33043894077e-08, 5.6285930583e-08, 2.51824818776e-08, 3.08837471152e-08, 4.89413771732e-08, 1.12682156939e-08, 9.65749791249e-09, 1.25329098211e-08, 1.32932331809e-08, 2.98815976407e-08, 1.33366127031e-08, 1.5619038507e-08, 1.28959642964e-08, 9.91936754957e-09, 5.67052937939e-09, 5.41018518874e-09, 4.70963668064e-09, 4.59212179393e-09, 1.45386647166e-09, 1.33796518309e-09, 1.45803569218e-09, 9.72836922131e-10, 8.56449078324e-10],
        "dvar": [3.96310415041e-11, 1.39230059773e-11, 3.71416222431e-12, 5.50260358112e-12, 1.62257880743e-12, 5.27487992522e-13, 2.23044542905e-12, 2.35837131074e-11, 1.90659235955e-07, 1.33299140614e-08, 1.7124722973e-08, 9.98023816368e-11, 1.09480653709e-11, 4.36705793055e-12, 5.25770850468e-11, 1.53366859143e-12, 9.34081371279e-14, 5.63579097398e-14, 1.44300770063e-14, 2.23491777656e-14, 1.26752585207e-14, 7.60267889632e-15, 2.68669702913e-15, 2.24078055746e-15, 1.45602157836e-15, 1.59158782514e-15, 2.34388267835e-15, 1.10330594182e-15, 5.6823274088e-16, 6.83926535926e-16, 6.55908803613e-16, 3.72953821223e-16, 2.46313104715e-16, 9.5977653978e-17, 8.43536818765e-17, 5.65064414141e-17, 4.05354730662e-17, 4.00680465369e-17, 2.90851989671e-17, 1.59147630796e-17],
        "dvar2": [1.2431447538e-10, 4.00776183074e-11, 9.39043461046e-12, 1.54629625077e-11, 4.5145211354e-12, 1.1285050585e-12, 2.67336955524e-12, 2.97722541065e-11, 1.81029989221e-07, 1.54924766349e-08, 6.03565695201e-08, 3.44986955669e-10, 2.76498338114e-11, 6.88665314011e-12, 6.28132060254e-11, 1.45700920946e-12, 1.52619399323e-13, 6.11108182829e-14, 2.44366802997e-14, 2.34493210982e-14, 1.33137807555e-14, 1.10603851246e-14, 2.81956769944e-15, 2.09248859356e-15, 1.6167993373e-15, 1.6479724791e-15, 4.36457019479e-15, 2.92709260286e-15, 1.81428146906e-15, 1.05449545648e-15, 8.4755106672e-16, 3.58817953064e-16, 2.76464036566e-16, 1.51443614678e-16, 1.68590459971e-16, 5.56383186699e-17, 2.93006497382e-17, 3.70345998684e-17, 2.85828356375e-17, 1.56685693139e-17],
        "max": [3.37413293892e-05, 2.44099446718e-05, 1.46606807903e-05, 1.67333382706e-05, 1.03685270005e-05, 6.25876646154e-06, 1.24377738757e-05, 7.10161475581e-05, 0.0116221215576, 0.00303418585099, 0.00106284290086, 9.94160654955e-05, 3.68712135241e-05, 2.55234353972e-05, 0.000106489518657, 1.591907494e-05, 3.47177751792e-06, 2.97013116324e-06, 1.5388581005e-06, 1.71895817402e-06, 1.32198942993e-06, 1.11009205739e-06, 5.83617691063e-07, 5.56910663363e-07, 5.5926557252e-07, 5.13727741236e-07, 4.56736842125e-07, 4.39098243987e-07, 2.70299779004e-07, 3.49257163634e-07, 3.10748163201e-07, 2.54573961911e-07, 3.20202730109e-07, 1.81390888088e-07, 1.36081752089e-07, 9.2707509225e-08, 9.31434556151e-08, 7.37561975939e-08, 6.92764672294e-08, 5.57969741521e-08],
        "mean": [7.05109096089e-06, 6.15092085354e-06, 2.72328156825e-06, 2.0407564989e-06, 1.00288173144e-06, 5.48305706616e-07, 7.45520367218e-07, 2.13309867831e-05, 0.00541186099872, 0.00140470825136, 3.53733630618e-05, 3.94500375478e-06, 1.2456564491e-06, 3.81305630981e-06, 1.45490257637e-05, 2.86272666017e-07, 1.02062074347e-07, 7.28409048634e-08, 9.7763404483e-08, 3.14369223986e-08, 4.32722018218e-08, 1.31292907213e-07, 1.29041080044e-08, 1.12425260212e-08, 1.77361929588e-08, 1.60625202028e-08, 3.59981342513e-08, 1.79060908323e-08, 2.09428083764e-08, 2.13080433298e-08, 1.6061246555e-08, 9.00738328369e-09, 1.24418093606e-08, 1.08630029416e-08, 7.85375320334e-09, 2.27241425677e-09, 2.44029774166e-09, 2.29024754717e-09, 1.6560821603e-09, 1.58654744897e-09],
        "median": [5.07747427037e-06, 4.87625038659e-06, 2.06634172173e-06, 1.48644153342e-06, 6.29461681001e-07, 3.57304600129e-07, 2.95160816677e-07, 2.39533601416e-05, 0.00500385696068, 0.00131074525416, 4.08005553254e-06, 2.04061393561e-07, 5.50440084623e-08, 1.17865351967e-06, 4.92237040817e-06, 3.22699307276e-08, 1.60940576421e-08, 1.4889622868e-08, 1.94471105885e-08, 9.20982667907e-09, 2.39511610545e-08, 3.34073995134e-08, 4.8266350916e-09, 4.83623141534e-09, 6.02903149627e-09, 5.3536042266e-09, 7.13998637991e-09, 4.22499324415e-09, 3.9202654456e-09, 3.01551184023e-09, 2.4614670302e-09, 1.7955595899e-09, 1.6416473736e-09, 1.56268309404e-09, 1.37684641466e-09, 1.05404796003e-09, 1.0139428186e-09, 1.01307762179e-09, 8.62619586872e-10, 8.91246632051e-10],
        "min": [8.49066310593e-08, 1.79467662065e-07, 2.70956718396e-07, 1.53592907282e-07, 7.65065166775e-08, 5.70491280882e-08, 2.67540372079e-08, 1.16100864034e-06, 4.0680984057e-06, 2.24858717957e-06, 5.95294636696e-07, 6.30787440059e-08, 7.28333571232e-09, 3.68047565757e-08, 4.55602418015e-08, 6.08895112109e-09, 4.25896784506e-09, 2.12995932003e-09, 4.46248193953e-09, 3.10836045792e-09, 4.38528235946e-09, 4.860457814e-09, 1.64048463702e-09, 1.49167089791e-09, 1.43913225781e-09, 1.44508238709e-09, 1.35660094269e-09, 1.48741485795e-09, 1.01987707168e-09, 9.72069313931e-10, 8.27887258747e-10, 5.26703958226e-10, 5.06705788439e-10, 5.25560039932e-10, 4.39934116914e-10, 4.3831235863e-10, 3.5728064951e-10, 2.65307165126e-10, 2.47285747434e-10, 2.24722074282e-10],
        "var": [4.82065116991e-11, 2.40239633742e-11, 4.57006047588e-12, 4.83750409522e-12, 1.42836393754e-12, 5.92736580304e-13, 3.33489832971e-12, 2.09405354168e-10, 1.39481580845e-05, 9.59082058216e-07, 1.48653347409e-08, 1.80551074092e-10, 2.32079806761e-11, 3.02282816833e-11, 4.20853268901e-10, 2.19474568727e-12, 1.47968497264e-13, 7.91626150482e-14, 3.85682967768e-14, 2.44575782966e-14, 1.44435177252e-14, 4.81998609862e-14, 2.80075615647e-15, 2.52924313336e-15, 3.15693435782e-15, 2.36942135698e-15, 4.87746262039e-15, 2.94562568375e-15, 2.43589925554e-15, 3.09213739615e-15, 1.89592803364e-15, 8.44785027691e-16, 1.95090703642e-15, 9.74612943891e-16, 4.48306163378e-16, 7.03809204994e-17, 7.59734886209e-17, 5.13443215398e-17, 3.97136724363e-17, 2.68865892949e-17]
    },
    "mfcc": {
        "mean": [-908.629394531, 169.00390625, 19.1484050751, -20.1799468994, -45.6540870667, -24.7354297638, -0.833414494991, 18.0383968353, 30.1654376984, 30.7185764313, 23.6801300049, 16.4544067383, -5.47776079178],
        "cov": [[1670.1940918, -427.12789917, -726.418212891, -380.815032959, -560.95098877, 253.642654419, 61.5804023743, 64.8583679199, -7.71473073959, -88.0768661499, -132.034988403, -113.093605042, 6.44563531876], [-427.12789917, 337.456268311, 266.013549805, 67.2665786743, 157.860107422, -97.2558059692, -14.6541318893, -23.3358840942, -7.879799366, 23.3091678619, 72.1544494629, 120.005142212, 42.1026000977], [-726.418212891, 266.013549805, 437.26184082, 206.222686768, 289.977508545, -130.67906189, -33.8566856384, -44.7942390442, -7.17703199387, 28.3160133362, 55.3184051514, 63.7579841614, 11.7828378677], [-380.815032959, 67.2665786743, 206.222686768, 199.767562866, 178.105285645, -51.8802909851, -10.3082389832, -11.3170433044, 10.5173454285, 40.7774391174, 29.404958725, -1.32524943352, -7.30893993378], [-560.95098877, 157.860107422, 289.977508545, 178.105285645, 278.113006592, -89.1805953979, -27.5681800842, -38.9543952942, -10.511464119, 22.8330421448, 42.1386222839, 25.1160697937, -9.52314758301], [253.642654419, -97.2558059692, -130.67906189, -51.8802909851, -89.1805953979, 93.7975158691, 31.0726852417, 24.8462200165, 10.9471597672, -12.5280628204, -29.137336731, -37.0443763733, -13.1669492722], [61.5804023743, -14.6541318893, -33.8566856384, -10.3082389832, -27.5681800842, 31.0726852417, 43.1942176819, 23.1702861786, 8.51073074341, 13.8571844101, 2.01266145706, -5.51261901855, 0.503181040287], [64.8583679199, -23.3358840942, -44.7942390442, -11.3170433044, -38.9543952942, 24.8462200165, 23.1702861786, 43.3909416199, 24.0548267365, 14.9942264557, 9.81203365326, -0.709449350834, 4.26526546478], [-7.71473073959, -7.879799366, -7.17703199387, 10.5173454285, -10.511464119, 10.9471597672, 8.51073074341, 24.0548267365, 43.2346839905, 20.3550071716, 1.20214247704, 8.45665740967, -2.51814317703], [-88.0768661499, 23.3091678619, 28.3160133362, 40.7774391174, 22.8330421448, -12.5280628204, 13.8571844101, 14.9942264557, 20.3550071716, 47.0751686096, 29.9010028839, 13.3255758286, 12.718837738], [-132.034988403, 72.1544494629, 55.3184051514, 29.404958725, 42.1386222839, -29.137336731, 2.01266145706, 9.81203365326, 1.20214247704, 29.9010028839, 55.6319389343, 41.7483100891, 21.4381809235], [-113.093605042, 120.005142212, 63.7579841614, -1.32524943352, 25.1160697937, -37.0443763733, -5.51261901855, -0.709449350834, 8.45665740967, 13.3255758286, 41.7483100891, 85.690032959, 37.1713523865], [6.44563531876, 42.1026000977, 11.7828378677, -7.30893993378, -9.52314758301, -13.1669492722, 0.503181040287, 4.26526546478, -2.51814317703, 12.718837738, 21.4381809235, 37.1713523865, 49.2537078857]],
