{
"lowlevel": {
    "average_loudness": 0.984654068947,
    "barkbands_crest": {
        "dmean": 1.76605737209,
        "dmean2": 2.88386940956,
        "dvar": 2.11140727997,
        "dvar2": 5.41092920303,
        "max": 18.7244567871,
        "mean": 10.6542282104,
        "median": 10.0734453201,
        "min": 6.20540237427,
        "var": 7.75648736954
    },
    "barkbands_flatness_db": {
        "dmean": 0.0142978252843,
        "dmean2": 0.0207800921053,
        "dvar": 0.000250218203291,
        "dvar2": 0.000563844514545,
        "max": 0.325058251619,
        "mean": 0.240420177579,
        "median": 0.239583984017,
        "min": 0.125448167324,
        "var": 0.00105628429446
    },
    "barkbands_kurtosis": {
        "dmean": 9.90416908264,
        "dmean2": 17.1442298889,
        "dvar": 92.2869110107,
        "dvar2": 273.166564941,
        "max": 61.1413803101,
        "mean": 21.7053871155,
        "median": 19.5594463348,
        "min": 5.34935379028,
        "var": 100.793106079
    },
    "barkbands_skewness": {
        "dmean": 0.70349830389,
        "dmean2": 1.19951188564,
        "dvar": 0.383074134588,
        "dvar2": 1.08587324619,
        "max": 4.37824392319,
        "mean": 1.94100522995,
        "median": 1.94380640984,
        "min": -0.550045132637,
        "var": 1.20789062977
    },
    "barkbands_spread": {
        "dmean": 1.05256438255,
        "dmean2": 1.79722344875,
        "dvar": 1.92561018467,
        "dvar2": 5.93265962601,
        "max": 15.5741052628,
        "mean": 4.8692317009,
        "median": 4.84117269516,
        "min": 1.25273633003,
        "var": 3.22645497322
    },
    "dissonance": {
        "dmean": 0.0253128409386,
        "dmean2": 0.0428799726069,
        "dvar": 0.000488916179165,
        "dvar2": 0.00114930537529,
        "max": 0.427589863539,
        "mean": 0.323839694262,
        "median": 0.326133131981,
        "min": 0.200761944056,
        "var": 0.0027560798917
    },
    "dynamic_complexity": 2.23531150818,
    "erbbands_crest": {
        "dmean": 1.46435308456,
        "dmean2": 2.05601859093,
        "dvar": 2.46066522598,
        "dvar2": 4.38414764404,
        "max": 32.6421089172,
        "mean": 24.8758125305,
        "median": 25.48944664,
        "min": 8.64078426361,
        "var": 26.5915927887
    },
    "erbbands_flatness_db": {
        "dmean": 0.0114459227771,
        "dmean2": 0.0146912345663,
        "dvar": 0.00018279858341,
        "dvar2": 0.000291176111205,
        "max": 0.353702425957,
        "mean": 0.230148687959,
        "median": 0.227882817388,
        "min": 0.128630146384,
        "var": 0.00258961133659
    },
    "erbbands_kurtosis": {
        "dmean": 8.25147914886,
        "dmean2": 12.8266115189,
        "dvar": 125.583427429,
        "dvar2": 302.154663086,
        "max": 171.163864136,
        "mean": 37.6109428406,
        "median": 25.0569782257,
        "min": 6.63491916656,
        "var": 1076.015625
    },
    "erbbands_skewness": {
        "dmean": 0.546964645386,
        "dmean2": 0.952868461609,
        "dvar": 0.354306936264,
        "dvar2": 1.08426165581,
        "max": 6.93599176407,
        "mean": 3.35075521469,
        "median": 3.00530052185,
        "min": 1.70971608162,
        "var": 1.19838607311
    },
    "erbbands_spread": {
        "dmean": 1.41112232208,
        "dmean2": 2.093490839,
        "dvar": 9.37887382507,
        "dvar2": 26.2949848175,
        "max": 38.8667526245,
        "mean": 7.49994564056,
        "median": 6.13671159744,
        "min": 0.870579302311,
        "var": 30.0569477081
    },
    "hfc": {
        "dmean": 3.80016875267,
        "dmean2": 4.25407075882,
        "dvar": 441.613891602,
        "dvar2": 827.687316895,
        "max": 214.292480469,
        "mean": 9.14325809479,
        "median": 5.67372274399,
        "min": 1.51108396053,
        "var": 346.70513916
    },
    "melbands_crest": {
        "dmean": 2.37497878075,
        "dmean2": 4.09102106094,
        "dvar": 3.52889251709,
        "dvar2": 8.19255256653,
        "max": 27.3793716431,
        "mean": 14.7393093109,
        "median": 13.3360271454,
        "min": 7.84946489334,
        "var": 22.7155666351
    },
    "melbands_flatness_db": {
        "dmean": 0.0169561039656,
        "dmean2": 0.0255589559674,
        "dvar": 0.00031938275788,
        "dvar2": 0.000757236673962,
        "max": 0.437347143888,
        "mean": 0.361994475126,
        "median": 0.362530171871,
        "min": 0.221129208803,
        "var": 0.00105565518606
    },
    "melbands_kurtosis": {
        "dmean": 3.18877506256,
        "dmean2": 5.21273899078,
        "dvar": 38.218006134,
        "dvar2": 114.564361572,
        "max": 64.5266647339,
        "mean": 5.30732727051,
        "median": 3.61438655853,
        "min": -0.381551027298,
        "var": 43.4681053162
    },
    "melbands_skewness": {
        "dmean": 0.383681803942,
        "dmean2": 0.621205210686,
        "dvar": 0.25031298399,
        "dvar2": 0.730866730213,
        "max": 5.50658512115,
        "mean": 0.430447816849,
        "median": 0.483034968376,
        "min": -2.20225191116,
        "var": 1.19656479359
    },
    "melbands_spread": {
        "dmean": 1.06886160374,
        "dmean2": 1.81609535217,
        "dvar": 0.888833999634,
        "dvar2": 2.38599467278,
        "max": 10.1456136703,
        "mean": 5.76276302338,
        "median": 5.7433013916,
        "min": 2.29178333282,
        "var": 1.72724556923
    },
    "pitch_salience": {
        "dmean": 0.0453117415309,
        "dmean2": 0.0709455981851,
        "dvar": 0.00222947075963,
        "dvar2": 0.00530113093555,
        "max": 0.869022250175,
        "mean": 0.470957934856,
        "median": 0.476492464542,
        "min": 0.256448209286,
        "var": 0.00837303511798
    },
    "silence_rate_20dB": {
        "dmean": 0.0133333336562,
        "dmean2": 0.0201342273504,
        "dvar": 0.0131555553526,
        "dvar2": 0.0331516601145,
        "max": 1,
        "mean": 0.993377506733,
        "median": 1,
        "min": 0,
        "var": 0.0065786591731
    },
    "silence_rate_30dB": {
        "dmean": 0.0133333336562,
        "dmean2": 0.0201342273504,
        "dvar": 0.0131555562839,
        "dvar2": 0.0197288412601,
        "max": 1,
        "mean": 0.986754953861,
        "median": 1,
        "min": 0,
        "var": 0.0130696026608
    },
    "silence_rate_60dB": {
        "dmean": 0,
        "dmean2": 0,
        "dvar": 0,
        "dvar2": 0,
        "max": 0,
        "mean": 0,
        "median": 0,
        "min": 0,
        "var": 0
    },
    "spectral_centroid": {
        "dmean": 19.5447273254,
        "dmean2": 32.8249702454,
        "dvar": 580.289794922,
        "dvar2": 1324.64916992,
        "max": 598.480529785,
        "mean": 412.118469238,
        "median": 408.773101807,
        "min": 310.654052734,
        "var": 2164.57543945
    },
    "spectral_complexity": {
        "dmean": 0.740000009537,
        "dmean2": 1.20805370808,
        "dvar": 3.17906665802,
        "dvar2": 6.37953329086,
        "max": 22,
        "mean": 5.2582783699,
        "median": 5,
        "min": 4,
        "var": 2.65514731407
    },
    "spectral_decrease": {
        "dmean": 2.82242007543e-09,
        "dmean2": 3.86383192108e-09,
        "dvar": 2.22354539574e-16,
        "dvar2": 4.93345022766e-16,
        "max": -1.26936439138e-09,
        "mean": -5.87714987788e-09,
        "median": -4.14628908985e-09,
        "min": -1.43820514609e-07,
        "var": 1.37575342756e-16
    },
    "spectral_energy": {
        "dmean": 0.0109901838005,
        "dmean2": 0.0149624831975,
        "dvar": 0.00338036729954,
        "dvar2": 0.00745948590338,
        "max": 0.562248528004,
        "mean": 0.023011052981,
        "median": 0.0161681286991,
        "min": 0.00492794113234,
        "var": 0.00210907473229
    },
    "spectral_energyband_high": {
        "dmean": 5.9227917518e-05,
        "dmean2": 9.65775398072e-05,
        "dvar": 1.80232930802e-07,
        "dvar2": 4.80326662e-07,
        "max": 0.00416724663228,
        "mean": 7.63126299717e-05,
        "median": 4.10880056734e-05,
        "min": 2.66773768089e-05,
        "var": 1.19182054448e-07
    },
    "spectral_energyband_low": {
        "dmean": 0.0026165205054,
        "dmean2": 0.00444285338745,
        "dvar": 7.7867471191e-06,
        "dvar2": 1.98394245672e-05,
        "max": 0.021136905998,
        "mean": 0.00408298661932,
        "median": 0.00318653974682,
        "min": 0.000461891468149,
        "var": 1.07157275124e-05
    },
    "spectral_energyband_middle_high": {
        "dmean": 7.90521153249e-05,
        "dmean2": 9.19090452953e-05,
        "dvar": 2.06925179214e-07,
        "dvar2": 3.78709842153e-07,
        "max": 0.00494096195325,
        "mean": 0.00011617995915,
        "median": 5.1573424571e-05,
        "min": 2.77738763543e-05,
        "var": 1.86505829447e-07
    },
    "spectral_energyband_middle_low": {
        "dmean": 0.0091856746003,
        "dmean2": 0.0119594018906,
        "dvar": 0.00313194934279,
        "dvar2": 0.00693568587303,
        "max": 0.537650227547,
        "mean": 0.0188552848995,
        "median": 0.0121114943177,
        "min": 0.00272000068799,
        "var": 0.00195786380209
    },
    "spectral_entropy": {
        "dmean": 0.129722103477,
        "dmean2": 0.178188994527,
        "dvar": 0.0352910347283,
        "dvar2": 0.0697778090835,
        "max": 7.89610290527,
        "mean": 6.22514677048,
        "median": 6.17670965195,
        "min": 5.17669153214,
        "var": 0.185627222061
    },
    "spectral_flux": {
        "dmean": 0.0169933028519,
        "dmean2": 0.0235577709973,
        "dvar": 0.000965231738519,
        "dvar2": 0.000691245426424,
        "max": 0.687522947788,
        "mean": 0.0536274127662,
        "median": 0.0443140603602,
        "min": 0.0173987671733,
        "var": 0.00464474502951
    },
    "spectral_kurtosis": {
        "dmean": 1.28965556622,
        "dmean2": 2.07001543045,
        "dvar": 3.8528649807,
        "dvar2": 9.74499225616,
        "max": 21.6662101746,
        "mean": 11.4828090668,
        "median": 11.3981704712,
        "min": 4.41018390656,
        "var": 12.0108346939
    },
    "spectral_rms": {
        "dmean": 0.000678924028762,
        "dmean2": 0.000903665204532,
        "dvar": 4.2440674406e-06,
        "dvar2": 8.02937393019e-06,
        "max": 0.0234208274633,
        "mean": 0.00431809201837,
        "median": 0.00397162232548,
        "min": 0.00219265767373,
        "var": 3.80387768928e-06
    },
    "spectral_rolloff": {
        "dmean": 14.068359375,
        "dmean2": 24.5680847168,
        "dvar": 1551.69567871,
        "dvar2": 3958.51171875,
        "max": 581.396484375,
        "mean": 490.701324463,
        "median": 495.263671875,
        "min": 215.33203125,
        "var": 1852.31481934
    },
    "spectral_skewness": {
        "dmean": 0.159983754158,
        "dmean2": 0.251652181149,
        "dvar": 0.0586171261966,
        "dvar2": 0.149146899581,
        "max": 4.1030292511,
        "mean": 2.94875216484,
        "median": 2.95937633514,
        "min": 2.03733706474,
        "var": 0.188907638192
    },
    "spectral_spread": {
        "dmean": 392668.90625,
        "dmean2": 582572.125,
        "dvar": 1.64872270643e+12,
        "dvar2": 2.21981468262e+12,
        "max": 22804820,
        "mean": 5092587.5,
        "median": 4792395.5,
        "min": 3345700.25,
        "var": 2.89012999782e+12
    },
    "spectral_strongpeak": {
        "dmean": 0.395772337914,
        "dmean2": 0.593350887299,
        "dvar": 0.429870456457,
        "dvar2": 1.02975547314,
        "max": 5.36847734451,
        "mean": 1.47961592674,
        "median": 1.33723223209,
        "min": 0.0448475331068,
        "var": 1.34749889374
    },
    "zerocrossingrate": {
        "dmean": 0.00633463542908,
        "dmean2": 0.00859243888408,
        "dvar": 5.15936008014e-05,
        "dvar2": 9.52455593506e-05,
        "max": 0.07080078125,
        "mean": 0.032711610198,
        "median": 0.03125,
        "min": 0.005859375,
        "var": 8.31512297736e-05
    },
    "barkbands": {
        "dmean": [0.00018616791931, 0.00191625172738, 0.00113544298802, 0.000531468889676, 0.00278515857644, 0.00139534159098, 0.00494998227805, 0.000529163575266, 5.73208671995e-05, 2.14378924284e-05, 3.46742308466e-05, 8.11156860436e-06, 2.18174300244e-05, 3.74827254745e-06, 5.11027928951e-06, 3.174253834e-06, 2.35191077991e-06, 3.40757924278e-06, 5.00687610838e-06, 3.11694907396e-06, 3.04674313156e-06, 1.90629373265e-06, 4.1432326725e-06, 8.89945658855e-06, 9.32618513616e-06, 2.60112701653e-05, 8.08452023193e-06],
        "dmean2": [0.000323177489918, 0.00328544504009, 0.00194409152027, 0.000720912707038, 0.00403494108468, 0.00171007961035, 0.00648929504678, 0.000595222809352, 7.69580947235e-05, 2.40656136157e-05, 5.04500858369e-05, 1.1043592167e-05, 3.12461743306e-05, 5.84837880524e-06, 7.31800764697e-06, 5.07443110109e-06, 3.77211381419e-06, 4.30909585702e-06, 6.07944411968e-06, 4.53236316389e-06, 4.51136111224e-06, 2.825784577e-06, 5.8599644035e-06, 1.4807415937e-05, 1.36440412462e-05, 4.58291724499e-05, 1.46400270751e-05],
        "dvar": [2.97931368465e-08, 4.05904802392e-06, 2.38884422288e-06, 7.46552996134e-06, 0.000241083995206, 6.50700021652e-05, 0.000854398531374, 8.80068967035e-07, 9.23425531596e-08, 1.608107425e-08, 2.80561387456e-08, 1.37300282255e-09, 2.45003430877e-08, 1.22542503922e-10, 6.46403153226e-10, 1.45924883288e-10, 9.93233134627e-11, 2.67258465358e-10, 7.46960771014e-10, 1.93048466102e-10, 2.78217698879e-10, 7.24145951536e-11, 6.97997715182e-10, 4.16354462018e-09, 3.93584631553e-09, 3.66977594979e-08, 2.21830220859e-09],
        "dvar2": [8.24035097935e-08, 1.12207972052e-05, 5.95844812779e-06, 1.44599880514e-05, 0.000511435850058, 0.000115927294246, 0.00206692353822, 1.20511867863e-06, 2.02950189987e-07, 2.77094347467e-08, 6.49874465353e-08, 2.11821205021e-09, 5.82224686241e-08, 2.74859496274e-10, 1.44120182455e-09, 3.65265734326e-10, 1.70310932024e-10, 4.47985037955e-10, 1.22438970074e-09, 4.09528494449e-10, 4.90996243663e-10, 1.37396372057e-10, 1.63564173317e-09, 1.12718199219e-08, 9.58084811487e-09, 1.03319464984e-07, 6.42138964224e-09],
        "max": [0.00102030136622, 0.0147747024894, 0.013189827092, 0.0274951122701, 0.151116460562, 0.0822974517941, 0.266640484333, 0.0146456873044, 0.00315383239649, 0.00143193651456, 0.00164277851582, 0.000403826998081, 0.00145577243529, 0.000122212804854, 0.000266334682237, 0.000128708983539, 0.00010281309369, 0.000180037532118, 0.000289460440399, 0.000144979901961, 0.000167324324138, 8.86506677489e-05, 0.000270938675385, 0.000626117747743, 0.000632622628473, 0.00180596765131, 0.000444190518465],
        "mean": [0.000182640884304, 0.00252643949352, 0.00124925363343, 0.00044377183076, 0.00423638476059, 0.00254523707554, 0.00897874683142, 0.00258425856009, 5.44135255041e-05, 2.19620942516e-05, 4.03273515985e-05, 1.05244625956e-05, 1.61677235155e-05, 6.24272252026e-06, 6.5890985752e-06, 4.83609846924e-06, 4.19414027419e-06, 4.46203102911e-06, 6.75051751386e-06, 5.54040025236e-06, 5.63243565921e-06, 3.80899359698e-06, 5.52145183974e-06, 8.57198483573e-06, 1.01352316051e-05, 2.08555575227e-05, 2.06276818062e-05],
        "median": [0.000113953996333, 0.00189655297436, 0.000830560165923, 0.000151732398081, 0.00290827080607, 0.00145572202746, 0.00469517149031, 0.00142198230606, 1.55114776135e-05, 5.20855201103e-06, 1.2299363334e-05, 4.9106579354e-06, 4.57645865026e-06, 4.38373035649e-06, 3.45592411577e-06, 2.86170620711e-06, 2.54508995567e-06, 2.22850098908e-06, 3.52253800884e-06, 3.79116431759e-06, 3.54439794137e-06, 2.47309912993e-06, 2.74950207313e-06, 3.17311219078e-06, 4.23683059125e-06, 6.78846163282e-06, 1.81069117389e-05],
        "min": [2.23473034566e-06, 0.00010736528202, 4.08133819292e-05, 1.05134622572e-05, 0.000121495555504, 0.000233044091146, 0.000412983208662, 0.000117622832477, 1.41679242915e-06, 1.06553227397e-06, 8.94818867891e-07, 1.55923976308e-06, 9.45448277889e-07, 1.36377582294e-06, 9.00582620034e-07, 1.05684830487e-06, 9.9270141618e-07, 6.93431957188e-07, 1.37964332225e-06, 1.86713305084e-06, 1.53506130118e-06, 1.43057854984e-06, 1.64400910307e-06, 2.05238029594e-06, 2.09894142245e-06, 1.95784559764e-06, 5.4184461078e-06],
        "var": [3.36129097889e-08, 5.36581501365e-06, 2.22425455831e-06, 5.48804337086e-06, 0.000153583678184, 5.16535437782e-05, 0.000503107730765, 9.50921730691e-06, 6.93227732995e-08, 1.69377276649e-08, 1.90182269932e-08, 1.50801970911e-09, 1.39702631685e-08, 1.292000118e-10, 5.79811976209e-10, 1.27181223886e-10, 1.21933518837e-10, 2.6787355667e-10, 6.98639479602e-10, 1.75216563481e-10, 2.78862627434e-10, 7.29277679912e-11, 5.59983837078e-10, 2.68576183515e-09, 2.96811530909e-09, 2.18025526522e-08, 1.21551613219e-09]
    },
    "erbbands": {
        "dmean": [0.0563948564231, 0.486993551254, 1.35950088501, 1.22642540932, 8.33756351471, 7.30793476105, 10.7703332901, 9.11568832397, 38.0864257812, 76.7785873413, 6.26875019073, 1.40377807617, 0.921539187431, 0.923541843891, 0.898319065571, 0.289520561695, 0.946462988853, 0.36740359664, 0.284857302904, 0.191093817353, 0.154111221433, 0.127114087343, 0.20222735405, 0.240906491876, 0.181316673756, 0.131888255477, 0.197171956301, 0.0837560743093, 0.0657383948565, 0.0857711657882, 0.117910578847, 0.224116846919, 0.110920019448, 0.0403500162065, 0.0943101719022, 0.151965707541, 0.043123472482, 0.00663098553196, 0.001441630302, 8.2170990936e-05],
        "dmean2": [0.101799830794, 0.847248613834, 2.34443354607, 1.79153931141, 12.6620063782, 9.99034118652, 14.0809764862, 10.8897266388, 52.1949005127, 92.1699142456, 7.64064645767, 1.85946345329, 1.101126194, 1.26975619793, 1.26227521896, 0.39647129178, 1.34432578087, 0.518674492836, 0.408520698547, 0.288375735283, 0.230840906501, 0.199475228786, 0.25451079011, 0.311931103468, 0.256280422211, 0.203792020679, 0.2762978971, 0.123780079186, 0.100830487907, 0.118891723454, 0.159698665142, 0.365706264973, 0.186669185758, 0.0572577863932, 0.140322104096, 0.26972964406, 0.0741691663861, 0.0117417210713, 0.00263375556096, 0.00013037660392],
        "dvar": [0.00209587160498, 0.302678734064, 2.13818669319, 19.6640892029, 2116.01586914, 1659.07861328, 3972.0559082, 2986.19165039, 76839.09375, 105196.890625, 596.252990723, 58.9070129395, 32.4509239197, 33.6843299866, 9.8727312088, 1.74102950096, 45.2183837891, 3.7779109478, 2.65707182884, 0.439172059298, 0.38133212924, 0.288426756859, 1.07098507881, 1.69368040562, 0.888793110847, 0.309992313385, 1.21500349045, 0.136177092791, 0.0739812776446, 0.201673209667, 0.558872282505, 2.59144687653, 0.591169834137, 0.0530858561397, 0.418610304594, 1.33179962635, 0.0915208011866, 0.0018484860193, 7.38529051887e-05, 6.48850360108e-08],
        "dvar2": [0.00596980052069, 0.814472317696, 5.71891689301, 37.0411148071, 4781.79736328, 3279.04833984, 7637.28271484, 4847.40332031, 179649.625, 256845.75, 1437.09777832, 129.627471924, 60.8223648071, 74.6347503662, 20.0265216827, 2.65311169624, 105.874008179, 8.22587013245, 6.26409769058, 0.950113415718, 0.80248349905, 0.56034976244, 1.76390695572, 3.24985003471, 1.30427801609, 0.472500801086, 2.46827459335, 0.310182541609, 0.138982266188, 0.444234192371, 1.2514950037, 6.89560461044, 1.61397945881, 0.122399657965, 1.03527843952, 3.75795340538, 0.254020422697, 0.00524567579851, 0.000215053703869, 1.65611567127e-07],
        "max": [0.298840969801, 3.70507574081, 10.6889839172, 45.4030990601, 435.177276611, 405.9269104, 631.453430176, 559.578186035, 2579.38305664, 2914.40209961, 229.201217651, 79.483757019, 62.6804542542, 59.8050422668, 33.3768005371, 14.4659004211, 63.3464202881, 19.5252761841, 17.0397319794, 7.08130693436, 6.66432142258, 5.79470777512, 11.3291559219, 13.9320201874, 9.34734535217, 5.36040258408, 11.3364200592, 3.90803337097, 2.85434055328, 4.67144966125, 7.68891859055, 15.7449150085, 7.45599985123, 2.37925028801, 6.48577165604, 10.8346166611, 2.88715386391, 0.407621324062, 0.0798954814672, 0.00274390820414],
        "mean": [0.0661818906665, 0.583119034767, 1.54694509506, 1.46433126926, 10.5251169205, 13.5162191391, 15.7758178711, 16.9488315582, 36.8631439209, 229.736831665, 22.2541713715, 1.95719087124, 0.928460717201, 0.902029454708, 1.34469723701, 0.435383617878, 0.735251545906, 0.429386615753, 0.35708746314, 0.300738811493, 0.261963397264, 0.229048296809, 0.261942982674, 0.298294484615, 0.304480522871, 0.265138626099, 0.288830429316, 0.163629040122, 0.132927492261, 0.140789315104, 0.158212393522, 0.200232669711, 0.120724901557, 0.0674205198884, 0.0920279100537, 0.107274442911, 0.0363899469376, 0.00888220407069, 0.00273772724904, 0.000351855065674],
        "median": [0.0521234273911, 0.416783869267, 1.01655173302, 0.914659321308, 7.04701757431, 9.69222259521, 8.39285469055, 9.33201122284, 12.5113840103, 136.024887085, 13.5702056885, 0.866782903671, 0.239851176739, 0.270798385143, 0.505233943462, 0.216252714396, 0.230418756604, 0.240550383925, 0.161686137319, 0.19804944098, 0.145275592804, 0.139779284596, 0.119554512203, 0.152252107859, 0.190287828445, 0.185804024339, 0.158495664597, 0.116914659739, 0.0890768691897, 0.0850830897689, 0.0764543488622, 0.0625800490379, 0.0550700724125, 0.0424842983484, 0.0318678356707, 0.0224160831422, 0.0136014344171, 0.00610744208097, 0.0022037033923, 0.000333975127432],
        "min": [0.00253293616697, 0.0344715863466, 0.0692443698645, 0.146957829595, 0.321732878685, 0.41416618228, 1.73775827885, 1.78018772602, 1.2641620636, 12.4421157837, 1.13949882984, 0.149025261402, 0.0636466294527, 0.0540257506073, 0.0643046572804, 0.0799212828279, 0.0452812053263, 0.0684151276946, 0.0617399290204, 0.0746832937002, 0.0539004355669, 0.053667485714, 0.0461631044745, 0.0608303025365, 0.0809371396899, 0.0914808660746, 0.0725594311953, 0.0513678044081, 0.0484262108803, 0.0376448966563, 0.0421957820654, 0.0348215699196, 0.0304247178137, 0.0234455391765, 0.0156815927476, 0.0127294277772, 0.00192728079855, 0.00173209712375, 0.000742509146221, 8.47469855216e-05],
        "var": [0.00289440457709, 0.364725530148, 2.62873864174, 15.1126651764, 1243.64648438, 1148.00976562, 2867.43823242, 2612.63964844, 43973.359375, 102395.34375, 816.54864502, 43.7785568237, 29.9597091675, 24.5714683533, 9.7067489624, 1.9825425148, 26.557800293, 2.57103085518, 2.27749609947, 0.429201304913, 0.397838830948, 0.337335735559, 1.08093225956, 1.42250728607, 0.895787239075, 0.327383697033, 1.11660778522, 0.118837155402, 0.075783662498, 0.174593597651, 0.470589131117, 1.72284257412, 0.377199620008, 0.0433867275715, 0.308763176203, 0.785898685455, 0.056143488735, 0.00108499533962, 4.02114565077e-05, 4.4095131102e-08]
    },
    "gfcc": {
        "mean": [-78.652671814, 104.861503601, -18.2225341797, 8.24946975708, -57.2158927917, -24.305065155, -36.8145713806, -0.432690650225, -8.38150405884, 14.8563108444, -3.42009115219, -3.62405538559, -17.1913223267],
        "cov": [[568.337219238, -27.3515434265, -88.4753646851, -57.6266746521, -55.2943992615, 21.162902832, -37.3694534302, 21.0472011566, -54.1043395996, -16.9885807037, -28.7075843811, 16.0658435822, -19.884305954], [-27.3515434265, 120.810455322, 14.4174642563, -51.5787239075, -42.8729782104, -23.1911792755, 25.2012214661, 34.1055145264, 45.682762146, 16.3395195007, 13.1677379608, -10.1070184708, -5.12091588974], [-88.4753646851, 14.4174642563, 112.923553467, 76.6259613037, 50.3393554688, 0.791795670986, 3.80003452301, -11.8292646408, 11.755112648, 15.4843683243, 4.84797620773, -8.05074214935, -1.09955275059], [-57.6266746521, -51.5787239075, 76.6259613037, 144.408966064, 105.174026489, 38.3737449646, -5.8996629715, -33.7368507385, -13.2208986282, -1.36956930161, -1.90223801136, -0.436785280704, 8.29590415955], [-55.2943992615, -42.8729782104, 50.3393554688, 105.174026489, 110.399559021, 46.2431297302, -1.11425316334, -29.9619827271, -9.94394493103, -4.83809757233, -12.0856790543, -2.21884322166, 2.97799754143], [21.162902832, -23.1911792755, 0.791795670986, 38.3737449646, 46.2431297302, 45.7375984192, 11.758600235, -5.29065608978, -7.82067775726, -5.17807292938, -3.62164878845, 4.45892047882, 3.31225156784], [-37.3694534302, 25.2012214661, 3.80003452301, -5.8996629715, -1.11425316334, 11.758600235, 33.4690628052, 19.1424045563, 17.9260864258, 4.10881328583, 5.87482976913, 1.98324346542, 2.34093141556], [21.0472011566, 34.1055145264, -11.8292646408, -33.7368507385, -29.9619827271, -5.29065608978, 19.1424045563, 41.8778190613, 25.873085022, 11.1587667465, 5.55492019653, 3.75034141541, -1.15758180618], [-54.1043395996, 45.682762146, 11.755112648, -13.2208986282, -9.94394493103, -7.82067775726, 17.9260864258, 25.873085022, 49.1641349792, 21.3052387238, 8.24824905396, -3.47063112259, 0.0742181837559], [-16.9885807037, 16.3395195007, 15.4843683243, -1.36956930161, -4.83809757233, -5.17807292938, 4.10881328583, 11.1587667465, 21.3052387238, 25.0720596313, 9.23689365387, 0.705375790596, -2.0787217617], [-28.7075843811, 13.1677379608, 4.84797620773, -1.90223801136, -12.0856790543, -3.62164878845, 5.87482976913, 5.55492019653, 8.24824905396, 9.23689365387, 25.9440460205, 10.6194858551, 6.36843919754], [16.0658435822, -10.1070184708, -8.05074214935, -0.436785280704, -2.21884322166, 4.45892047882, 1.98324346542, 3.75034141541, -3.47063112259, 0.705375790596, 10.6194858551, 20.6867389679, 11.4245996475], [-19.884305954, -5.12091588974, -1.09955275059, 8.29590415955, 2.97799754143, 3.31225156784, 2.34093141556, -1.15758180618, 0.0742181837559, -2.0787217617, 6.36843919754, 11.4245996475, 21.3170948029]],
        "icov": [[0.00481560174376, -0.00351988594048, 0.00088526023319, -0.00361914793029, 0.00846624001861, -0.0110337855294, 0.010459263809, -0.00499401334673, 0.00482983980328, -0.00206877267919, 0.00927773024887, -0.00931698270142, 0.00621545594186], [-0.00351988594048, 0.023476941511, -0.0083344746381, 0.0122555363923, -0.00696333264932, 0.00912549998611, -0.0121440812945, -0.00071267754538, -0.0153418909758, 0.00929463095963, -0.017169225961, 0.0191181860864, -0.00615020608529], [0.00088526023319, -0.0083344746381, 0.0249296668917, -0.0161357335746, -0.00430907215923, 0.0145931215957, -0.00762400636449, 0.00146144907922, 0.00786647945642, -0.014905304648, 0.00279422849417, 2.51187502727e-05, 0.00331097142771], [-0.00361914793029, 0.0122555363923, -0.0161357335746, 0.0418751761317, -0.0337260402739, 0.00514814862981, -0.00184316420928, -0.000844264810439, -0.00223927153274, 0.00587938399985, -0.0239971261472, 0.019771585241, -0.0163384415209], [0.00846624001861, -0.00696333264932, -0.00430907215923, -0.0337260402739, 0.0736953243613, -0.0547481626272, 0.0223906766623, 0.0126568833366, -0.0103860804811, 0.00103409553412, 0.0408005677164, -0.0309170000255, 0.0200846772641], [-0.0110337855294, 0.00912549998611, 0.0145931215957, 0.00514814862981, -0.0547481626272, 0.095085836947, -0.0560217164457, 0.00230767461471, 0.00782421138138, -0.00411440106109, -0.0247154198587, 0.018938113004, -0.013393945992], [0.010459263809, -0.0121440812945, -0.00762400636449, -0.00184316420928, 0.0223906766623, -0.0560217164457, 0.0890654101968, -0.0306849535555, -0.00524356868118, 0.0135456398129, 0.00954569689929, -0.0165926925838, 0.00867270398885], [-0.00499401334673, -0.00071267754538, 0.00146144907922, -0.000844264810439, 0.0126568833366, 0.00230767461471, -0.0306849535555, 0.0697039663792, -0.0287218112499, -0.00484098354355, 0.00925340410322, -0.0181216094643, 0.0071779708378], [0.00482983980328, -0.0153418909758, 0.00786647945642, -0.00223927153274, -0.0103860804811, 0.00782421138138, -0.00524356868118, -0.0287218112499, 0.0721358060837, -0.0429770462215, 0.00543295405805, 0.0114491945133, -0.0108528947458], [-0.00206877267919, 0.00929463095963, -0.014905304648, 0.00587938399985, 0.00103409553412, -0.00411440106109, 0.0135456398129, -0.00484098354355, -0.0429770462215, 0.0885555967689, -0.0257059931755, -0.00406875694171, 0.0146359149367], [0.00927773024887, -0.017169225961, 0.00279422849417, -0.0239971261472, 0.0408005677164, -0.0247154198587, 0.00954569689929, 0.00925340410322, 0.00543295405805, -0.0257059931755, 0.0966052934527, -0.0636104419827, 0.014312217012], [-0.00931698270142, 0.0191181860864, 2.51187502727e-05, 0.019771585241, -0.0309170000255, 0.018938113004, -0.0165926925838, -0.0181216094643, 0.0114491945133, -0.00406875694171, -0.0636104419827, 0.131488546729, -0.0614792443812], [0.00621545594186, -0.00615020608529, 0.00331097142771, -0.0163384415209, 0.0200846772641, -0.013393945992, 0.00867270398885, 0.0071779708378, -0.0108528947458, 0.0146359149367, 0.014312217012, -0.0614792443812, 0.0866110399365]]
    },
    "melbands": {
        "dmean": [0.000492183666211, 0.000661284313537, 0.000379162491299, 0.000649890280329, 0.00032634998206, 0.000214718354982, 0.000752876454499, 0.000693303416483, 2.07762459468e-05, 7.38815242585e-06, 4.233526397e-06, 3.29767112817e-06, 3.97350459025e-06, 1.08366759832e-06, 8.1502582816e-07, 2.64320397036e-06, 4.04124079978e-07, 4.81193012547e-07, 3.25495676634e-07, 2.4684814548e-07, 1.81750706929e-07, 1.33386890866e-07, 1.46784799426e-07, 1.8600941587e-07, 2.09335723866e-07, 1.78735618306e-07, 1.11698305716e-07, 9.39166753255e-08, 1.78772751269e-07, 5.63861313196e-08, 4.44068071204e-08, 3.73129616094e-08, 4.23857215992e-08, 5.70546170309e-08, 5.79109595833e-08, 1.2345998357e-07, 1.47105268411e-07, 8.75077219575e-08, 4.69468162123e-08, 2.59087507004e-08],
        "dmean2": [0.000847124785651, 0.00116120686289, 0.000551777426153, 0.000962426420301, 0.000415857793996, 0.000252806843491, 0.00103047664743, 0.000831061275676, 2.83811077679e-05, 9.63210004556e-06, 4.96427310281e-06, 4.44152829004e-06, 5.70921110921e-06, 1.37909512432e-06, 1.05000970052e-06, 3.83334554499e-06, 5.72886847294e-07, 7.45622287468e-07, 4.78082881727e-07, 3.98621921249e-07, 2.85752321361e-07, 2.22146198325e-07, 2.29249266681e-07, 2.38970130795e-07, 2.85310477466e-07, 2.72579626426e-07, 1.59198904726e-07, 1.45133810747e-07, 2.41686166191e-07, 9.02631001054e-08, 7.37941192597e-08, 5.79924765987e-08, 6.44904147862e-08, 8.50658352647e-08, 8.34661406657e-08, 2.07429977195e-07, 2.36982259594e-07, 1.50204527927e-07, 7.86708582723e-08, 3.8489407217e-08],
        "dvar": [2.18544855102e-07, 5.27955648977e-07, 4.15758404415e-06, 1.1978017028e-05, 3.88999706047e-06, 1.62427420491e-06, 2.72311208391e-05, 8.26045834401e-06, 9.67071311919e-09, 1.64395941304e-09, 6.61279975223e-10, 4.16451234608e-10, 2.09570694132e-10, 2.56672582494e-11, 1.18682130096e-11, 3.9014017017e-10, 1.56866707124e-12, 7.45902038052e-12, 1.90454791694e-12, 6.69945598563e-13, 4.68479638763e-13, 2.38759153507e-13, 5.1277482694e-13, 9.08882235966e-13, 1.27841942761e-12, 8.97636023671e-13, 2.26099182237e-13, 1.41332692077e-13, 1.07069800075e-12, 6.12854425953e-14, 3.01622198355e-14, 1.67103676274e-14, 4.59605091615e-14, 8.97166726761e-14, 1.23202622692e-13, 7.62725277902e-13, 1.100618186e-12, 3.55214609896e-13, 8.54609826374e-14, 1.61656373509e-14],
        "dvar2": [6.35856963527e-07, 1.38652796977e-06, 8.97612517292e-06, 2.57786559814e-05, 7.34034938432e-06, 2.69186125479e-06, 6.47779379506e-05, 2.01794136956e-05, 2.36091093342e-08, 3.52720053165e-09, 1.20028276207e-09, 8.95884311181e-10, 4.54801390992e-10, 4.15244227892e-11, 2.08124247003e-11, 9.39907152109e-10, 2.8539902646e-12, 1.88544076185e-11, 3.84474526868e-12, 1.58984088915e-12, 8.47142560094e-13, 3.82882690397e-13, 9.51550036682e-13, 1.68653285781e-12, 2.62911350676e-12, 1.45432353226e-12, 4.85359799227e-13, 2.46690065294e-13, 2.30559776999e-12, 9.81318298105e-14, 8.03424031947e-14, 3.3622119032e-14, 7.5815791362e-14, 2.1387983073e-13, 2.26677970014e-13, 2.06990045763e-12, 2.90503667129e-12, 9.80861442415e-13, 2.32298718022e-13, 2.90755409387e-14],
        "max": [0.00347860064358, 0.00462840497494, 0.0197635255754, 0.0335406474769, 0.0198222324252, 0.0130685679615, 0.0480483472347, 0.0257904473692, 0.000970039283857, 0.000428383558756, 0.000286106951535, 0.000215256237425, 0.000148094433825, 5.55269834877e-05, 3.83653496101e-05, 0.000180940958671, 1.41573455039e-05, 2.82041619357e-05, 1.44489558807e-05, 8.87881833478e-06, 7.14244879418e-06, 5.01465365232e-06, 7.49709670345e-06, 1.01650766737e-05, 1.19213436847e-05, 9.07159210328e-06, 4.7907874432e-06, 3.74642104362e-06, 1.06165225588e-05, 2.39767928178e-06, 1.78969060016e-06, 1.39209078043e-06, 2.08113556255e-06, 3.08652738568e-06, 3.53338487002e-06, 8.48833224154e-06, 1.02872318166e-05, 5.73831403017e-06, 2.86349495582e-06, 1.28740396121e-06],
        "mean": [0.000651700480375, 0.000822052243166, 0.000415177637478, 0.00111510860734, 0.000489721016493, 0.000408472697018, 0.000872887205333, 0.00214139558375, 4.73698491987e-05, 7.1581521297e-06, 4.05768923883e-06, 3.13059513246e-06, 5.52374694962e-06, 1.39690610013e-06, 9.83101472229e-07, 1.84571911177e-06, 6.29091630344e-07, 5.58593228561e-07, 4.57261933207e-07, 3.65611526831e-07, 2.99420179317e-07, 2.41134387124e-07, 2.23756458695e-07, 2.17859280838e-07, 2.40845707822e-07, 2.62101252702e-07, 1.74658609353e-07, 1.71448476749e-07, 2.1660102334e-07, 1.17028790214e-07, 8.17097856043e-08, 7.27546876078e-08, 7.7343017324e-08, 8.12943667938e-08, 8.71456862228e-08, 1.13082599285e-07, 1.28021099499e-07, 8.82822988046e-08, 6.28091427757e-08, 5.13018250103e-08],
        "median": [0.00050734897377, 0.000592842348851, 0.000249227741733, 0.000818338652607, 0.000266569230007, 0.000228004413657, 0.000350694404915, 0.00124340516049, 2.34020044445e-05, 1.93407026927e-06, 8.43800194161e-07, 9.03237491912e-07, 1.86140027836e-06, 6.04328135978e-07, 5.1553359981e-07, 4.65790492399e-07, 4.3798814886e-07, 2.61161915205e-07, 2.64012896878e-07, 2.3223452672e-07, 1.6830011873e-07, 1.52821343136e-07, 1.09608606635e-07, 1.02252293743e-07, 1.20985035323e-07, 1.36967798881e-07, 1.25913174998e-07, 1.12687928322e-07, 9.77601928298e-08, 8.04962922984e-08, 6.35986623365e-08, 5.02425550053e-08, 4.54627624435e-08, 4.75444963399e-08, 4.45375825109e-08, 3.94039645357e-08, 3.77234137261e-08, 3.90409944373e-08, 3.76506505972e-08, 3.52249536206e-08],
        "min": [4.37685812358e-05, 5.71195378143e-05, 3.33585740009e-05, 2.39397613768e-05, 5.18114975421e-05, 3.98933771066e-05, 3.17723242915e-05, 0.000114324553579, 2.20718766286e-06, 2.28891309462e-07, 1.44882207564e-07, 2.14465856629e-07, 1.77237950538e-07, 1.72743995108e-07, 1.22592808793e-07, 7.97135655262e-08, 1.12407242625e-07, 7.06413416651e-08, 6.40784136863e-08, 8.13814722278e-08, 5.46502114673e-08, 5.36696411757e-08, 4.52406112572e-08, 3.19210116118e-08, 2.94122717293e-08, 5.17561815627e-08, 4.30417408381e-08, 4.94750374003e-08, 3.33196972235e-08, 3.51101085982e-08, 2.23663292331e-08, 1.95792217994e-08, 2.08522088485e-08, 1.74992589308e-08, 2.1820074636e-08, 1.82685973016e-08, 1.99749301544e-08, 1.89473396972e-08, 1.7585623624e-08, 1.81333081883e-08],
        "var": [2.9547661029e-07, 6.52876678942e-07, 2.62368803305e-06, 7.49402033762e-06, 2.85330315819e-06, 1.39356188811e-06, 1.52553147927e-05, 8.5414339992e-06, 7.79036568588e-09, 1.29581834152e-09, 6.4268568245e-10, 3.24261256734e-10, 1.82126660975e-10, 2.68036391693e-11, 1.16870627759e-11, 2.15252329849e-10, 1.54082855416e-12, 5.89132041762e-12, 1.85710084463e-12, 6.27085243541e-13, 5.36848668818e-13, 3.11496786481e-13, 5.90477102977e-13, 7.76699613913e-13, 9.99380374463e-13, 9.13447160793e-13, 1.52248724153e-13, 1.46432277653e-13, 9.30641631466e-13, 6.66324295544e-14, 2.18790050232e-14, 1.71472451987e-14, 4.75455348107e-14, 7.09393888033e-14, 1.18796614798e-13, 4.93279570836e-13, 7.40205097736e-13, 2.22043209015e-13, 5.52133412233e-14, 1.59912129382e-14]
    },
    "mfcc": {
        "mean": [-764.674682617, 161.861923218, 68.8081893921, 38.5594749451, 5.92963552475, -8.35615348816, -13.6237468719, -18.8988666534, -11.4882354736, 0.802268922329, 5.08539962769, 12.1898784637, 13.7045135498],
        "cov": [[634.26184082, -23.6703739166, -78.2157058716, -95.4912261963, -49.3673400879, -39.9969787598, -7.01472997665, 31.6523265839, -17.6291217804, -5.69037342072, -40.5451431274, -18.7903938293, -42.038230896], [-23.6703739166, 122.144958496, 20.2395706177, -35.0641975403, -52.5904083252, -54.6968612671, -32.2406196594, -8.16655445099, 13.6364278793, 16.6984996796, 19.7654151917, 25.4398498535, 30.1645832062], [-78.2157058716, 20.2395706177, 69.9744415283, 44.9989128113, 15.0832109451, 5.56594133377, 0.212397873402, -12.0842590332, -2.6585149765, 6.17067289352, 12.4271812439, 10.6743745804, 9.31177806854], [-95.4912261963, -35.0641975403, 44.9989128113, 87.8384017944, 65.4198455811, 49.6236686707, 19.4813938141, -5.04864549637, 0.197147414088, -1.15685403347, 4.56282329559, -0.57145434618, -4.03833341599], [-49.3673400879, -52.5904083252, 15.0832109451, 65.4198455811, 90.5011062622, 70.3065338135, 27.2558708191, 2.92985033989, 1.79256999493, -1.99332237244, -4.18334054947, -4.19461202621, -10.0787734985], [-39.9969787598, -54.6968612671, 5.56594133377, 49.6236686707, 70.3065338135, 82.0871429443, 35.1556663513, 7.49936437607, 3.92674064636, -3.59955072403, -4.28373527527, -7.85637521744, -10.0662927628], [-7.01472997665, -32.2406196594, 0.212397873402, 19.4813938141, 27.2558708191, 35.1556663513, 37.190486908, 15.2589206696, -0.121517002583, -5.4278345108, -5.47704315186, -5.79908180237, -7.66129398346], [31.6523265839, -8.16655445099, -12.0842590332, -5.04864549637, 2.92985033989, 7.49936437607, 15.2589206696, 29.9716243744, 14.1753892899, 1.83223545551, -2.96538686752, -1.3965536356, -4.62758588791], [-17.6291217804, 13.6364278793, -2.6585149765, 0.197147414088, 1.79256999493, 3.92674064636, -0.121517002583, 14.1753892899, 36.9810066223, 15.2870378494, 2.79410839081, 5.86277770996, 5.59059476852], [-5.69037342072, 16.6984996796, 6.17067289352, -1.15685403347, -1.99332237244, -3.59955072403, -5.4278345108, 1.83223545551, 15.2870378494, 20.3897342682, 9.75550842285, 5.09021234512, 3.92640423775], [-40.5451431274, 19.7654151917, 12.4271812439, 4.56282329559, -4.18334054947, -4.28373527527, -5.47704315186, -2.96538686752, 2.79410839081, 9.75550842285, 32.7384414673, 14.365978241, 6.16908550262], [-18.7903938293, 25.4398498535, 10.6743745804, -0.57145434618, -4.19461202621, -7.85637521744, -5.79908180237, -1.3965536356, 5.86277770996, 5.09021234512, 14.365978241, 23.9989395142, 15.6755437851], [-42.038230896, 30.1645832062, 9.31177806854, -4.03833341599, -10.0787734985, -10.0662927628, -7.66129398346, -4.62758588791, 5.59059476852, 3.92640423775, 6.16908550262, 15.6755437851, 34.1676979065]],
