{
"lowlevel": {
    "average_loudness": 0.981695890427,
    "barkbands_crest": {
        "dmean": 1.45959031582,
        "dmean2": 2.29838681221,
        "dvar": 5.26937866211,
        "dvar2": 12.1970081329,
        "max": 26.9376487732,
        "mean": 20.5948467255,
        "median": 24.260383606,
        "min": 4.28897428513,
        "var": 44.9309577942
    },
    "barkbands_flatness_db": {
        "dmean": 0.0237049106508,
        "dmean2": 0.0316203609109,
        "dvar": 0.000788202334661,
        "dvar2": 0.00140046526212,
        "max": 0.580451905727,
        "mean": 0.385311186314,
        "median": 0.422202587128,
        "min": 0.0437231510878,
        "var": 0.0171759556979
    },
    "barkbands_kurtosis": {
        "dmean": 52.2939720154,
        "dmean2": 81.7831573486,
        "dvar": 9121.41308594,
        "dvar2": 20887.5976562,
        "max": 873.813293457,
        "mean": 112.628570557,
        "median": 18.8408813477,
        "min": -1.66614019871,
        "var": 36783.6445312
    },
    "barkbands_skewness": {
        "dmean": 1.35408890247,
        "dmean2": 2.1514134407,
        "dvar": 5.04149436951,
        "dvar2": 14.1982746124,
        "max": 16.4848480225,
        "mean": 0.233196079731,
        "median": 0.573204517365,
        "min": -10.6456861496,
        "var": 21.367061615
    },
    "barkbands_spread": {
        "dmean": 1.51103687286,
        "dmean2": 2.4825258255,
        "dvar": 23.3449478149,
        "dvar2": 65.3127059937,
        "max": 49.9100570679,
        "mean": 3.68294477463,
        "median": 1.47768366337,
        "min": 0.0443851873279,
        "var": 37.1871757507
    },
    "dissonance": {
        "dmean": 0.0627455934882,
        "dmean2": 0.110088855028,
        "dvar": 0.00367096206173,
        "dvar2": 0.00993748009205,
        "max": 0.499313056469,
        "mean": 0.278714507818,
        "median": 0.259803652763,
        "min": 0.0881697386503,
        "var": 0.0135051738471
    },
    "dynamic_complexity": 5.01007223129,
    "erbbands_crest": {
        "dmean": 1.69263994694,
        "dmean2": 2.43244361877,
        "dvar": 5.44433498383,
        "dvar2": 13.4267568588,
        "max": 32.1516113281,
        "mean": 24.5680923462,
        "median": 27.51329422,
        "min": 7.61599493027,
        "var": 52.2596206665
    },
    "erbbands_flatness_db": {
        "dmean": 0.0212031323463,
        "dmean2": 0.026589602232,
        "dvar": 0.000714416790288,
        "dvar2": 0.00112285045907,
        "max": 0.579136610031,
        "mean": 0.407857269049,
        "median": 0.45388174057,
        "min": 0.0584849901497,
        "var": 0.0173095539212
    },
    "erbbands_kurtosis": {
        "dmean": 8.45077323914,
        "dmean2": 12.7489948273,
        "dvar": 231.873474121,
        "dvar2": 680.314025879,
        "max": 154.422149658,
        "mean": 37.4604034424,
        "median": 13.4518556595,
        "min": -1.71519219875,
        "var": 1642.01611328
    },
    "erbbands_skewness": {
        "dmean": 0.722158670425,
        "dmean2": 1.13048458099,
        "dvar": 0.941470563412,
        "dvar2": 2.5910089016,
        "max": 7.20914840698,
        "mean": 2.29003453255,
        "median": 2.02124547958,
        "min": -2.79593586922,
        "var": 3.44408559799
    },
    "erbbands_spread": {
        "dmean": 1.89998555183,
        "dmean2": 3.01173639297,
        "dvar": 31.3024864197,
        "dvar2": 78.2308120728,
        "max": 66.2359848022,
        "mean": 6.26673364639,
        "median": 2.35111856461,
        "min": 0.247708797455,
        "var": 126.923156738
    },
    "hfc": {
        "dmean": 3.2342209816,
        "dmean2": 4.38210868835,
        "dvar": 34.400352478,
        "dvar2": 83.6299133301,
        "max": 48.3273658752,
        "mean": 20.8541240692,
        "median": 22.2468891144,
        "min": 0.023643380031,
        "var": 214.409667969
    },
    "melbands_crest": {
        "dmean": 1.66888666153,
        "dmean2": 2.41389226913,
        "dvar": 4.51910209656,
        "dvar2": 11.2152051926,
        "max": 27.2453937531,
        "mean": 20.543888092,
        "median": 22.1225395203,
        "min": 7.80479097366,
        "var": 18.0235652924
    },
    "melbands_flatness_db": {
        "dmean": 0.0239019840956,
        "dmean2": 0.0313658341765,
        "dvar": 0.000861046893988,
        "dvar2": 0.00163760781288,
        "max": 0.667223870754,
        "mean": 0.461879551411,
        "median": 0.484581589699,
        "min": 0.124122485518,
        "var": 0.0163769498467
    },
    "melbands_kurtosis": {
        "dmean": 7.37617063522,
        "dmean2": 11.0965900421,
        "dvar": 104.53528595,
        "dvar2": 183.863540649,
        "max": 137.218643188,
        "mean": 23.761302948,
        "median": 16.7107505798,
        "min": -1.61598777771,
        "var": 640.331542969
    },
    "melbands_skewness": {
        "dmean": 0.677198171616,
        "dmean2": 1.08162415028,
        "dvar": 0.463778555393,
        "dvar2": 1.10263586044,
        "max": 5.072078228,
        "mean": -0.127266347408,
        "median": 0.567115306854,
        "min": -5.75144958496,
        "var": 7.52386426926
    },
    "melbands_spread": {
        "dmean": 1.61582636833,
        "dmean2": 2.5912759304,
        "dvar": 14.1467227936,
        "dvar2": 40.2854881287,
        "max": 40.2808799744,
        "mean": 4.66928005219,
        "median": 2.82143044472,
        "min": 0.311464220285,
        "var": 25.6851539612
    },
    "pitch_salience": {
        "dmean": 0.0490318425,
        "dmean2": 0.0755646750331,
        "dvar": 0.0038604887668,
        "dvar2": 0.00940609537065,
        "max": 0.796393454075,
        "mean": 0.290720075369,
        "median": 0.265372276306,
        "min": 0.0290852915496,
        "var": 0.0369116589427
    },
    "silence_rate_20dB": {
        "dmean": 0,
        "dmean2": 0,
        "dvar": 0,
        "dvar2": 0,
        "max": 1,
        "mean": 1,
        "median": 1,
        "min": 1,
        "var": 0
    },
    "silence_rate_30dB": {
        "dmean": 0,
        "dmean2": 0,
        "dvar": 0,
        "dvar2": 0,
        "max": 1,
        "mean": 1,
        "median": 1,
        "min": 1,
        "var": 0
    },
    "silence_rate_60dB": {
        "dmean": 0.023923445493,
        "dmean2": 0.0480769239366,
        "dvar": 0.0233511254191,
        "dvar2": 0.0457655228674,
        "max": 1,
        "mean": 0.161904767156,
        "median": 0,
        "min": 0,
        "var": 0.135691285133
    },
    "spectral_centroid": {
        "dmean": 45.6830101013,
        "dmean2": 66.2084121704,
        "dvar": 13636.9238281,
        "dvar2": 38410.5820312,
        "max": 1819.3885498,
        "mean": 744.355224609,
        "median": 681.092407227,
        "min": 411.525634766,
        "var": 25934.4570312
    },
    "spectral_complexity": {
        "dmean": 1.06698560715,
        "dmean2": 1.8221154213,
        "dvar": 4.34958124161,
        "dvar2": 9.6173992157,
        "max": 19,
        "mean": 3.41428565979,
        "median": 3,
        "min": 0,
        "var": 10.6140737534
    },
    "spectral_decrease": {
        "dmean": 9.19087361773e-10,
        "dmean2": 1.17707599223e-09,
        "dvar": 1.90034364617e-18,
        "dvar2": 3.73887704825e-18,
        "max": -1.09733359552e-11,
        "mean": -6.80316958324e-09,
        "median": -7.1297101556e-09,
        "min": -1.74289382926e-08,
        "var": 2.35711302858e-17
    },
    "spectral_energy": {
        "dmean": 0.00374586763792,
        "dmean2": 0.0048299068585,
        "dvar": 3.24252723658e-05,
        "dvar2": 6.50776273687e-05,
        "max": 0.0699519217014,
        "mean": 0.0275681149215,
        "median": 0.0286343917251,
        "min": 4.43337157776e-05,
        "var": 0.000383889535442
    },
    "spectral_energyband_high": {
        "dmean": 4.31613480032e-05,
        "dmean2": 7.54915599828e-05,
        "dvar": 4.58853861574e-08,
        "dvar2": 1.22058523289e-07,
        "max": 0.00222910451703,
        "mean": 5.24972238054e-05,
        "median": 1.27944440464e-06,
        "min": 5.28133057287e-07,
        "var": 5.28504600084e-08
    },
    "spectral_energyband_low": {
        "dmean": 4.33503118984e-05,
        "dmean2": 7.29597231839e-05,
        "dvar": 4.86002615929e-09,
        "dvar2": 1.13487850228e-08,
        "max": 0.000747619778849,
        "mean": 7.12857945473e-05,
        "median": 4.47162092314e-05,
        "min": 2.58552950072e-06,
        "var": 9.29836829755e-09
    },
    "spectral_energyband_middle_high": {
        "dmean": 0.00193850148935,
        "dmean2": 0.00282918498851,
        "dvar": 1.97728932108e-05,
        "dvar2": 4.44509278168e-05,
        "max": 0.0545189678669,
        "mean": 0.00565883750096,
        "median": 0.000488821067847,
        "min": 1.06922061605e-06,
        "var": 9.05463457457e-05
    },
    "spectral_energyband_middle_low": {
        "dmean": 0.00264290184714,
        "dmean2": 0.00284158927388,
        "dvar": 1.35118571052e-05,
        "dvar2": 1.74266970134e-05,
        "max": 0.0697807893157,
        "mean": 0.0219343937933,
        "median": 0.0191827006638,
        "min": 1.04771206679e-05,
        "var": 0.000362301943824
    },
    "spectral_entropy": {
        "dmean": 0.229935318232,
        "dmean2": 0.309011131525,
        "dvar": 0.0935082510114,
        "dvar2": 0.158691808581,
        "max": 8.40213489532,
        "mean": 4.94362306595,
        "median": 4.57562732697,
        "min": 3.10942387581,
        "var": 1.81434106827
    },
    "spectral_flux": {
        "dmean": 0.0122443279251,
        "dmean2": 0.0204856116325,
        "dvar": 0.000537634477951,
        "dvar2": 0.00126699672546,
        "max": 0.173449650407,
        "mean": 0.0277622230351,
        "median": 0.0138267483562,
        "min": 0.00283243460581,
        "var": 0.000962158490438
    },
    "spectral_kurtosis": {
        "dmean": 8.8006439209,
        "dmean2": 13.6154518127,
        "dvar": 103.917144775,
        "dvar2": 202.157211304,
        "max": 128.114776611,
        "mean": 52.0286941528,
        "median": 55.2280044556,
        "min": 2.35653781891,
        "var": 1161.56188965
    },
    "spectral_rms": {
        "dmean": 0.000404907390475,
        "dmean2": 0.000544147624169,
        "dvar": 5.01754072957e-07,
        "dvar2": 1.10119026431e-06,
        "max": 0.00826110038906,
        "mean": 0.00462215300649,
        "median": 0.00528544932604,
        "min": 0.000207972130738,
        "var": 5.53141899218e-06
    },
    "spectral_rolloff": {
        "dmean": 52.2360496521,
        "dmean2": 97.2099914551,
        "dvar": 67686.3984375,
        "dvar2": 193331.328125,
        "max": 3208.44726562,
        "mean": 815.903625488,
        "median": 667.529296875,
        "min": 301.46484375,
        "var": 100884.34375
    },
    "spectral_skewness": {
        "dmean": 0.561571419239,
        "dmean2": 0.897701859474,
        "dvar": 0.35898911953,
        "dvar2": 0.743175148964,
        "max": 9.88901615143,
        "mean": 5.64583921432,
        "median": 5.99003887177,
        "min": 1.4704554081,
        "var": 5.22668218613
    },
    "spectral_spread": {
        "dmean": 634665.6875,
        "dmean2": 1027686.875,
        "dvar": 750525939712,
        "dvar2": 1.18635495424e+12,
        "max": 10963036,
        "mean": 2786594.5,
        "median": 2061646.25,
        "min": 970164.25,
        "var": 3.45193447424e+12
    },
    "spectral_strongpeak": {
        "dmean": 0.448848605156,
        "dmean2": 0.623330533504,
        "dvar": 0.505125403404,
        "dvar2": 1.16611170769,
        "max": 7.37038040161,
        "mean": 3.42789673805,
        "median": 3.63523101807,
        "min": 0.0040914202109,
        "var": 3.72219944
    },
    "zerocrossingrate": {
        "dmean": 0.00432210694999,
        "dmean2": 0.00546029908583,
        "dvar": 9.42111219047e-05,
        "dvar2": 0.000155541754793,
        "max": 0.134765625,
        "mean": 0.0391764305532,
        "median": 0.02978515625,
        "min": 0.0283203125,
        "var": 0.000327568617649
    },
    "barkbands": {
        "dmean": [2.36989126279e-06, 2.82939945464e-05, 1.76857229235e-05, 2.68987660093e-05, 9.10279850359e-05, 3.29433896695e-05, 8.62012711877e-06, 0.000309918745188, 0.00233104452491, 0.00127217895351, 0.000177007575985, 0.000666048261337, 0.000246534065809, 1.40157444548e-05, 1.69898648892e-05, 8.25595179776e-07, 2.9718071346e-06, 3.20118101627e-06, 5.35990784556e-06, 7.76252090873e-06, 4.42351938545e-06, 4.64817412649e-06, 3.4321012663e-06, 4.5988963393e-06, 7.28490931579e-06, 1.22149394883e-05, 2.84047223431e-06],
        "dmean2": [4.15465046899e-06, 4.70318736916e-05, 2.954151023e-05, 5.03618502989e-05, 0.000170012775925, 6.35852629784e-05, 1.49696925291e-05, 0.000369285262423, 0.00240412843414, 0.00205569295213, 0.000309358321829, 0.000759574933909, 0.000262582412688, 2.32532984228e-05, 2.84037741949e-05, 1.45076830904e-06, 4.92191702506e-06, 4.99478937854e-06, 9.84926919045e-06, 1.20286586025e-05, 7.3903743214e-06, 8.3825452748e-06, 6.2009062276e-06, 8.5696719907e-06, 1.29833288156e-05, 2.17611705011e-05, 5.39884467798e-06],
        "dvar": [8.70908206663e-12, 1.82261272741e-09, 5.69079505741e-10, 1.00377972601e-08, 7.14030932158e-08, 2.42610198598e-08, 1.06652153775e-09, 8.27795645364e-07, 1.29264908537e-05, 1.52826032718e-05, 8.01699115982e-07, 3.30312036567e-06, 2.18695220155e-07, 2.76323586235e-09, 3.24653171013e-09, 1.01998080121e-11, 1.28737062677e-10, 1.53092982735e-10, 8.01130994876e-10, 1.0968842501e-09, 5.58542490037e-10, 4.79464745684e-10, 3.08349096256e-10, 6.67981836511e-10, 1.38884748146e-09, 4.38811786907e-09, 2.85245826959e-10],
        "dvar2": [2.28302359656e-11, 3.98421473591e-09, 1.60808277805e-09, 2.81559930926e-08, 2.15660193703e-07, 7.15030950005e-08, 2.94642132914e-09, 1.41312432334e-06, 1.51591621034e-05, 3.16060941259e-05, 2.23041752179e-06, 4.3288919187e-06, 2.69897299177e-07, 5.61013235867e-09, 9.24466281305e-09, 2.68505877254e-11, 2.9694405268e-10, 3.71847441727e-10, 2.36041963753e-09, 2.2348531914e-09, 1.56815238572e-09, 1.10969144984e-09, 9.03466301772e-10, 1.94326177372e-09, 3.33742478098e-09, 1.20041638851e-08, 8.30466695412e-10],
        "max": [2.03031413548e-05, 0.000588374736253, 0.000220421745325, 0.000779524620157, 0.00200514402241, 0.00145324924961, 0.000325496715959, 0.014945670031, 0.0697590559721, 0.0530772320926, 0.00824637990445, 0.0235058888793, 0.0105591872707, 0.000693393347319, 0.000446645077318, 2.76203718386e-05, 0.000131119493744, 0.000110060682346, 0.000272581091849, 0.000366376072634, 0.000265821523499, 0.000219281253521, 0.000152344960952, 0.000248382013524, 0.000386097963201, 0.000637387740426, 0.00014083077258],
        "mean": [2.46418858296e-06, 4.22509801865e-05, 1.96321489057e-05, 1.99156966119e-05, 8.28092888696e-05, 2.4219703846e-05, 7.85509655543e-06, 0.00126787391491, 0.0201808791608, 0.00233347387984, 0.00017147694598, 0.00221150345169, 0.00108237110544, 2.66743245447e-05, 2.20629608521e-05, 9.39657354593e-07, 4.80037851958e-06, 4.74033731734e-06, 5.40299151908e-06, 1.3772976672e-05, 4.74624448543e-06, 8.30764020066e-06, 2.75294473795e-06, 3.47967261405e-06, 1.20426166177e-05, 9.63676211541e-06, 2.05154447031e-06],
        "median": [1.20073218568e-06, 2.43186368607e-05, 1.06135248643e-05, 4.92761591886e-06, 1.5340245227e-05, 4.18685522163e-06, 1.76059961632e-06, 4.14326177633e-06, 0.0147816818208, 9.83428617474e-06, 1.5633484054e-06, 1.42600936215e-06, 8.35290848045e-05, 2.63328047367e-07, 3.75318541046e-06, 1.99523611855e-07, 2.16110294105e-07, 9.51509377956e-08, 1.16321859878e-06, 2.62287812802e-07, 1.78650324756e-07, 1.08697832957e-07, 9.1906414923e-08, 8.81360620042e-08, 1.09328482267e-07, 1.5585872859e-07, 3.84963357192e-07],
        "min": [1.87566917553e-09, 8.31048737382e-07, 8.23139458817e-08, 5.52597114734e-08, 3.47758515318e-07, 1.51290890926e-07, 8.32372251125e-08, 1.65735372093e-07, 1.07075223355e-07, 6.04950614047e-08, 3.3935098287e-08, 5.29439212471e-08, 1.40738478649e-07, 4.37788045815e-08, 1.17623599749e-08, 3.28924905091e-08, 2.9037654059e-08, 1.35789770539e-08, 4.65934917315e-08, 5.97452540774e-08, 3.79230336023e-08, 3.280459282e-08, 2.96682216572e-08, 2.23966480917e-08, 2.83466849993e-08, 2.9311117089e-08, 2.01400016664e-08],
        "var": [1.00114786253e-11, 4.26787138963e-09, 6.83659295841e-10, 6.44231912261e-09, 5.00573094087e-08, 1.3658332243e-08, 7.31290639155e-10, 9.37131517276e-06, 0.000371961388737, 6.33450326859e-05, 6.33582374121e-07, 2.95814752462e-05, 4.66138317279e-06, 8.84736728324e-09, 3.44932415963e-09, 8.72815014707e-12, 2.4109733654e-10, 3.00307917422e-10, 4.67567318196e-10, 2.5942041848e-09, 4.41147562924e-10, 1.15628184805e-09, 1.90398405375e-10, 4.34639324531e-10, 2.91711499401e-09, 3.26657167982e-09, 1.65507940686e-10]
    },
    "erbbands": {
        "dmean": [0.000783392926678, 0.00691577699035, 0.0187504552305, 0.0497671887279, 0.250795185566, 0.302284181118, 0.295334726572, 0.215640693903, 0.117183126509, 0.511787652969, 24.0108032227, 53.3896064758, 30.3077144623, 25.513502121, 6.22530841827, 25.2730884552, 16.7573204041, 1.16912591457, 0.65068089962, 0.500144839287, 0.0719941183925, 0.176038712263, 0.103659808636, 0.288037538528, 0.262790709734, 0.258722960949, 0.3090736866, 0.174513116479, 0.176416814327, 0.19001917541, 0.0868048816919, 0.0807206630707, 0.0793216004968, 0.0663052648306, 0.0536282323301, 0.04914945364, 0.0230449642986, 0.00517393508926, 0.000485807715449, 2.60728902504e-05],
        "dmean2": [0.00133235112298, 0.0112493876368, 0.0317435674369, 0.0917997509241, 0.485191702843, 0.562883019447, 0.554227769375, 0.410063713789, 0.205465704203, 0.637754797935, 28.0163764954, 51.8010444641, 48.5515556335, 43.6393623352, 10.9971733093, 27.5601539612, 16.4492607117, 1.72262871265, 1.10894238949, 0.803444623947, 0.117934428155, 0.283485949039, 0.186287805438, 0.459040641785, 0.460316300392, 0.424858868122, 0.470772892237, 0.270206660032, 0.282685548067, 0.350787162781, 0.154133424163, 0.150244578719, 0.149719715118, 0.121821202338, 0.0987367257476, 0.0885661691427, 0.0390256121755, 0.00967865344137, 0.000930430251174, 4.79499503854e-05],
        "dvar": [1.15385478239e-06, 0.000120568496641, 0.00058641016949, 0.0280094575137, 0.643734097481, 0.713560402393, 1.53972244263, 1.04165530205, 0.216172665358, 0.784875094891, 1860.9161377, 6948.37304688, 7189.70019531, 5990.43017578, 947.196472168, 4233.87402344, 797.66015625, 10.2346754074, 5.97546100616, 1.77473604679, 0.061705596745, 0.478062450886, 0.241289079189, 1.26155042648, 1.64711928368, 1.30504739285, 2.21466016769, 0.628176748753, 0.650206565857, 0.948058664799, 0.170259445906, 0.186511576176, 0.203932926059, 0.126199990511, 0.078675545752, 0.0741355419159, 0.0127575313672, 0.0010397429578, 8.98044163478e-06, 1.86781488054e-08],
        "dvar2": [2.92612662633e-06, 0.000279377854895, 0.00157480488997, 0.0795215293765, 1.93544006348, 2.1331410408, 4.50540971756, 3.04890298843, 0.610974192619, 1.39843010902, 3000.84741211, 6925.13574219, 13599.4042969, 15419.53125, 2712.07055664, 5382.82226562, 901.047302246, 21.8206825256, 17.0718612671, 4.938352108, 0.157167062163, 1.06556487083, 0.690470695496, 3.32041597366, 4.73839235306, 3.45107150078, 5.05587244034, 1.53556871414, 1.39490818977, 2.68330168724, 0.49342367053, 0.533536553383, 0.594107687473, 0.360310137272, 0.201622009277, 0.197385072708, 0.0328589007258, 0.00300854677334, 2.6341262128e-05, 5.45814309305e-08],
        "max": [0.00960602983832, 0.159785464406, 0.217239916325, 1.48767745495, 6.13321638107, 5.31142568588, 11.2632799149, 9.8987569809, 4.78906297684, 14.9808959961, 645.340820312, 1824.28295898, 1231.62329102, 847.876525879, 280.334991455, 863.879882812, 487.77734375, 39.1855239868, 20.2888660431, 11.0446538925, 2.27832722664, 8.19805049896, 4.47072553635, 10.8041801453, 12.5905857086, 10.0797920227, 17.4832878113, 9.34776496887, 9.64921092987, 8.60147953033, 3.3041703701, 3.92882561684, 4.31832551956, 3.52213358879, 2.42479753494, 2.88171482086, 0.952206909657, 0.324752628803, 0.0256494469941, 0.00116424565203],
        "mean": [0.00100405374542, 0.0100596779957, 0.0242233499885, 0.0448257476091, 0.178792074323, 0.310812234879, 0.262696355581, 0.160259976983, 0.18350186944, 3.09280562401, 158.942337036, 501.836761475, 73.1451797485, 42.3361663818, 8.15835094452, 89.0398635864, 77.4943389893, 4.15603065491, 1.00578773022, 0.786726713181, 0.109632253647, 0.293656617403, 0.114986054599, 0.442804902792, 0.359487950802, 0.346164375544, 0.456552475691, 0.230130985379, 0.278726041317, 0.216682434082, 0.0754714906216, 0.0734898671508, 0.0566819012165, 0.0630849376321, 0.081619091332, 0.0559263676405, 0.0217907242477, 0.00352604221553, 0.000339542893926, 5.11391626787e-05],
        "median": [0.000578684208449, 0.00505724782124, 0.0125610008836, 0.0191207379103, 0.0381831377745, 0.0422914996743, 0.0775910690427, 0.0274017229676, 0.12000195682, 2.21337771416, 129.738769531, 260.163818359, 31.8924446106, 2.13100099564, 0.451293408871, 3.30087518692, 4.56794643402, 0.483267486095, 0.0819029211998, 0.223952353001, 0.0248083434999, 0.0132295247167, 0.00981891527772, 0.0660837590694, 0.0273373331875, 0.0138190761209, 0.0116557255387, 0.00539169227704, 0.00421310868114, 0.00364307733253, 0.00248540518805, 0.00186595122796, 0.00149515352678, 0.00110154715367, 0.000834157108329, 0.000529524986632, 0.000311374722514, 0.000135959679028, 6.23091400485e-05, 3.98596785089e-05],
        "min": [2.6987563615e-05, 0.000100006778666, 0.000236905761994, 0.000805017596576, 0.00153746071737, 0.00139530957676, 0.00211915140972, 0.00303518609144, 0.00281190732494, 0.00616497173905, 0.00449348520488, 0.00264471513219, 0.00367935327813, 0.00307272560894, 0.00291605875827, 0.00263218814507, 0.00591302942485, 0.00480403425172, 0.00122449721675, 0.00189270998817, 0.00170926190913, 0.00165171828121, 0.00196984084323, 0.00293075479567, 0.0030201440677, 0.002987599466, 0.00249447021633, 0.00204341858625, 0.00134820886888, 0.00107548991218, 0.000549377640709, 0.00048109664931, 0.000416625669459, 0.000298889790429, 0.000196085878997, 0.000113772199256, 4.69687292934e-05, 1.17719582704e-05, 9.41593589232e-06, 4.55829194834e-06],
        "var": [1.58871682743e-06, 0.000285206508124, 0.00105328962673, 0.0180910136551, 0.367392897606, 0.653069078922, 0.886933624744, 0.609293997288, 0.146602869034, 10.3404493332, 23595.4414062, 264391.15625, 28227.9101562, 18050.0292969, 707.777954102, 38977.3867188, 13429.1142578, 42.2019538879, 6.3392572403, 2.33886051178, 0.0683711022139, 0.981178641319, 0.189076468349, 1.57045137882, 1.38381099701, 1.51465463638, 3.73925375938, 0.858989775181, 1.51239335537, 0.873638272285, 0.120648473501, 0.151126921177, 0.120936848223, 0.101586133242, 0.128650918603, 0.0808961167932, 0.0121628465131, 0.000634346448351, 5.06501783093e-06, 1.07147819506e-08]
    },
    "gfcc": {
        "mean": [-188.003234863, 108.073692322, -109.672042847, -55.188495636, -63.6717758179, 12.0233268738, 11.8363742828, 17.2664241791, -11.9780960083, 1.82029080391, -21.7369785309, -27.8544540405, -22.0657653809],
        "cov": [[4901.36669922, -840.425231934, -1889.90332031, -747.801330566, -634.413269043, 440.122802734, 33.8836898804, -179.166656494, -743.37298584, 83.1250839233, -76.7696914673, 139.915802002, -179.558258057], [-840.425231934, 1193.24987793, 78.1046066284, -529.262084961, 26.5712909698, -164.006881714, 295.190979004, 95.2512435913, 353.173736572, -61.6408576965, 11.2196378708, -428.871948242, -118.192321777], [-1889.90332031, 78.1046066284, 1829.12683105, 748.26171875, 216.643844604, -351.640258789, -362.377471924, 140.149276733, 254.72819519, -129.09513855, -100.894714355, 178.810241699, 177.250854492], [-747.801330566, -529.262084961, 748.26171875, 796.723388672, 194.828308105, -29.8885192871, -330.092071533, -91.7637863159, -71.7226409912, -26.6343231201, 8.31075286865, 325.648712158, 194.701187134], [-634.413269043, 26.5712909698, 216.643844604, 194.828308105, 239.706253052, 25.3577346802, -27.8811531067, -29.2284984589, 82.7412414551, 36.6614379883, 97.7710571289, 25.0984840393, -2.29939055443], [440.122802734, -164.006881714, -351.640258789, -29.8885192871, 25.3577346802, 246.748138428, 60.02866745, -72.3457946777, -121.77947998, 53.0062904358, 36.2021255493, 23.4695205688, -31.6576843262], [33.8836898804, 295.190979004, -362.377471924, -330.092071533, -27.8811531067, 60.02866745, 272.173156738, 109.813903809, 104.33265686, 14.7030878067, 8.78240203857, -189.326766968, -93.4671401978], [-179.166656494, 95.2512435913, 140.149276733, -91.7637863159, -29.2284984589, -72.3457946777, 109.813903809, 251.397415161, 165.651443481, -22.7006702423, -66.0768890381, -81.5006561279, -50.1669502258], [-743.37298584, 353.173736572, 254.72819519, -71.7226409912, 82.7412414551, -121.77947998, 104.33265686, 165.651443481, 297.505432129, 22.4586296082, 6.728536129, -146.03453064, -68.7784729004], [83.1250839233, -61.6408576965, -129.09513855, -26.6343231201, 36.6614379883, 53.0062904358, 14.7030878067, -22.7006702423, 22.4586296082, 141.708816528, 85.4304351807, -22.3129634857, -105.368408203], [-76.7696914673, 11.2196378708, -100.894714355, 8.31075286865, 97.7710571289, 36.2021255493, 8.78240203857, -66.0768890381, 6.728536129, 85.4304351807, 142.11706543, 3.62312865257, -70.3507461548], [139.915802002, -428.871948242, 178.810241699, 325.648712158, 25.0984840393, 23.4695205688, -189.326766968, -81.5006561279, -146.03453064, -22.3129634857, 3.62312865257, 255.101242065, 133.214126587], [-179.558258057, -118.192321777, 177.250854492, 194.701187134, -2.29939055443, -31.6576843262, -93.4671401978, -50.1669502258, -68.7784729004, -105.368408203, -70.3507461548, 133.214126587, 216.661468506]],
        "icov": [[0.00109720241744, -0.000546643568669, 0.000904137210455, 0.000779743248131, 0.000937191478442, -0.000679597607814, 0.00174150255043, -0.00138483021874, 0.00170484592672, -0.000340240221703, 0.000961168669164, -0.00221137050539, 0.00155947683379], [-0.000546643568669, 0.00835405942053, -0.00352481589653, 0.00386521173641, 0.00125654658768, -0.000724256038666, -0.00308929919265, 0.00723960343748, -0.00701985089108, 0.0069915316999, -0.00677247624844, 0.0104628521949, -0.00369483279064], [0.000904137210455, -0.00352481589653, 0.00421879766509, -0.00252685905434, -0.00067852018401, 0.000803357805125, 0.00488169118762, -0.00459888670594, 0.00205659517087, -0.00140476704109, 0.00398650253192, -0.00447878753766, 0.00281497463584], [0.000779743248131, 0.00386521173641, -0.00252685905434, 0.00937846209854, -0.0022342838347, -0.00179621868301, 0.00182434648741, 0.00248510902748, -0.00155164429452, 0.0013172228355, -0.000718392140698, -0.00146520580165, -0.00171399337705], [0.000937191478442, 0.00125654658768, -0.00067852018401, -0.0022342838347, 0.0166808441281, -0.00759277306497, 0.00311897974461, 0.000558341969736, -0.00671325391158, 0.00591089762747, -0.0136114880443, 0.0042399475351, -0.00171560468152], [-0.000679597607814, -0.000724256038666, 0.000803357805125, -0.00179621868301, -0.00759277306497, 0.0134831629694, -0.00951531343162, 0.00272868294269, 0.00623914413154, -0.00586603535339, 0.0089780818671, -0.00457599805668, 0.00327162537724], [0.00174150255043, -0.00308929919265, 0.00488169118762, 0.00182434648741, 0.00311897974461, -0.00951531343162, 0.027072886005, -0.0144868763164, 0.000510677404236, 0.00225196080282, -0.00726858433336, 0.00696873106062, -0.00429513119161], [-0.00138483021874, 0.00723960343748, -0.00459888670594, 0.00248510902748, 0.000558341969736, 0.00272868294269, -0.0144868763164, 0.0224638059735, -0.0138821816072, 0.00708767212927, 0.00414327112958, -0.000606170739047, 0.00444530509412], [0.00170484592672, -0.00701985089108, 0.00205659517087, -0.00155164429452, -0.00671325391158, 0.00623914413154, 0.000510677404236, -0.0138821816072, 0.0250994004309, -0.0132309384644, 0.00704111298546, -0.00370228826068, 0.00123744166922], [-0.000340240221703, 0.0069915316999, -0.00140476704109, 0.0013172228355, 0.00591089762747, -0.00586603535339, 0.00225196080282, 0.00708767212927, -0.0132309384644, 0.0259801410139, -0.014267442748, 0.0077729197219, 0.00433863839135], [0.000961168669164, -0.00677247624844, 0.00398650253192, -0.000718392140698, -0.0136114880443, 0.0089780818671, -0.00726858433336, 0.00414327112958, 0.00704111298546, -0.014267442748, 0.0364401228726, -0.0226814858615, 0.0145518444479], [-0.00221137050539, 0.0104628521949, -0.00447878753766, -0.00146520580165, 0.0042399475351, -0.00457599805668, 0.00696873106062, -0.000606170739047, -0.00370228826068, 0.0077729197219, -0.0226814858615, 0.04166514799, -0.0192795563489], [0.00155947683379, -0.00369483279064, 0.00281497463584, -0.00171399337705, -0.00171560468152, 0.00327162537724, -0.00429513119161, 0.00444530509412, 0.00123744166922, 0.00433863839135, 0.0145518444479, -0.0192795563489, 0.021847743541]]
    },
    "melbands": {
        "dmean": [7.20461002857e-06, 8.94827371667e-06, 1.39161584229e-05, 2.26129977818e-05, 9.78675871011e-06, 5.02507782585e-06, 1.76656430995e-06, 3.03995921058e-06, 0.000307232839987, 0.000288008974167, 0.000159699120559, 0.000123858189909, 2.17254982999e-05, 2.78271872958e-05, 0.000100914563518, 1.17116605907e-05, 1.63470144798e-06, 8.37127629438e-07, 1.40133352033e-06, 1.77053948391e-07, 6.92481378906e-08, 2.16404473008e-07, 8.6542598865e-08, 1.27568483776e-07, 2.39463332719e-07, 2.41701343384e-07, 1.3095201723e-07, 2.09023880871e-07, 2.56510276131e-07, 1.30484025362e-07, 7.44820809473e-08, 1.20323278452e-07, 1.23443612665e-07, 9.51403293925e-08, 4.82028283955e-08, 4.2637733344e-08, 5.5165749302e-08, 4.96307528408e-08, 7.2595376821e-08, 4.68611496274e-08],
        "dmean2": [1.22973660837e-05, 1.43839470184e-05, 2.61829372903e-05, 4.31151529483e-05, 1.77547226485e-05, 9.64739956544e-06, 3.11672806674e-06, 4.80999096908e-06, 0.000348201749148, 0.000282032589894, 0.000260591681581, 0.000208680663491, 3.86633946619e-05, 3.45862426911e-05, 0.000104750150058, 1.14577742352e-05, 2.71769386018e-06, 1.4424414303e-06, 2.29487613979e-06, 2.80682229459e-07, 1.17088532647e-07, 3.59646890047e-07, 1.63451048252e-07, 2.08435807281e-07, 3.73360052208e-07, 4.52899286074e-07, 1.9812958385e-07, 3.45829420212e-07, 4.10870171663e-07, 2.19674475943e-07, 1.16036360964e-07, 1.70601552441e-07, 2.20931482886e-07, 1.79951655355e-07, 8.89257165682e-08, 7.30387128556e-08, 1.03734450363e-07, 9.2053625167e-08, 1.38448498888e-07, 8.49611296871e-08],
        "dvar": [1.03538816409e-10, 1.50377307828e-10, 2.25626495265e-09, 4.31561586467e-09, 1.30814847843e-09, 5.75210878928e-10, 5.13325354445e-11, 7.90091325698e-11, 2.54545170719e-07, 2.01122105636e-07, 2.23905445296e-07, 1.49055651377e-07, 1.23691901166e-08, 5.3717257309e-09, 5.36196012035e-08, 5.26553189939e-10, 4.05494041122e-11, 1.02828084589e-11, 2.11111857162e-11, 1.47188264723e-13, 8.38962485095e-14, 7.08280710558e-13, 2.64710887758e-13, 2.47038446557e-13, 7.76630496024e-13, 2.36247067915e-12, 2.0829038906e-13, 9.29249732717e-13, 1.69001086996e-12, 4.50683761144e-13, 1.08009575676e-13, 2.85059410972e-13, 2.77533069226e-13, 2.89357730485e-13, 5.72023101087e-14, 3.61402158471e-14, 9.44032382106e-14, 6.59677526363e-14, 2.18836979245e-13, 5.69897522728e-14],
        "dvar2": [2.23025889423e-10, 3.88508447635e-10, 6.47955378241e-09, 1.3294736867e-08, 3.76229447596e-09, 1.68948433021e-09, 1.42791389823e-10, 1.20921578306e-10, 3.76763466647e-07, 2.02601768251e-07, 4.21709472676e-07, 3.64394850294e-07, 3.47903394982e-08, 9.7055767867e-09, 6.8845004364e-08, 5.15383957733e-10, 8.10955122499e-11, 2.91745447245e-11, 5.87969742338e-11, 4.00960108215e-13, 2.09644029025e-13, 1.4205345884e-12, 7.85442999703e-13, 6.33695569977e-13, 1.99603267942e-12, 7.03524998674e-12, 4.60358856071e-13, 2.44062170647e-12, 3.45542908523e-12, 1.24679531022e-12, 2.66117097976e-13, 4.81700887945e-13, 7.45271249228e-13, 8.43970835059e-13, 1.67400435961e-13, 1.01933557623e-13, 2.69378784687e-13, 1.90752985239e-13, 6.42409736518e-13, 1.58675928842e-13],
        "max": [0.000114123955427, 0.000164533106727, 0.000387363485061, 0.00044837850146, 0.000330500042764, 0.000229977449635, 7.2934119089e-05, 0.000112420719233, 0.00738347740844, 0.00976228434592, 0.00683457637206, 0.0045049469918, 0.00100373581517, 0.000802290160209, 0.00313685717992, 0.000565166061278, 8.79394283402e-05, 2.86903341475e-05, 3.76870302716e-05, 2.33482342082e-06, 2.90125444735e-06, 9.49898822e-06, 5.22293703398e-06, 4.34519279224e-06, 7.92570426711e-06, 1.56128498929e-05, 5.24944425706e-06, 7.6318920037e-06, 1.40219062814e-05, 7.54054053687e-06, 3.78045751859e-06, 8.10925939732e-06, 4.18082299802e-06, 5.00321493746e-06, 1.90595130789e-06, 1.36836183628e-06, 2.92021104542e-06, 2.25592157221e-06, 4.815626653e-06, 2.27098371397e-06],
        "mean": [1.05528597487e-05, 1.34176962092e-05, 1.11343188109e-05, 1.90320733964e-05, 9.90337412077e-06, 3.60815283784e-06, 1.55080761033e-06, 5.42484303878e-06, 0.0022905212827, 0.00268139434047, 0.00028773403028, 0.000208699493669, 2.02186056413e-05, 7.9347177234e-05, 0.000393779482692, 5.62145251024e-05, 3.11649228024e-06, 1.14692511488e-06, 1.89869103906e-06, 2.98403904253e-07, 7.6199967225e-08, 3.83739660492e-07, 7.37462499956e-08, 1.75156600335e-07, 3.82174988545e-07, 2.38409498365e-07, 2.60341806779e-07, 2.51349973723e-07, 4.19964123921e-07, 1.41396768072e-07, 9.54040899614e-08, 1.87783854244e-07, 1.43555951126e-07, 9.29148882278e-08, 3.94491195266e-08, 4.10257108285e-08, 4.69879495313e-08, 3.64161820698e-08, 5.00350552102e-08, 5.05638588777e-08],
        "median": [5.86330861552e-06, 7.69091184338e-06, 3.89558454117e-06, 3.66229596693e-06, 2.18672153096e-06, 5.46671344637e-07, 3.66676204067e-07, 3.76122670787e-07, 0.00202960241586, 0.00138477399014, 1.80407346306e-06, 8.26874270388e-07, 1.80019071649e-07, 1.04690712988e-07, 1.00803035821e-05, 4.37897597294e-06, 2.69405138198e-08, 2.03992343017e-08, 2.38847036371e-07, 9.17842299941e-08, 5.82894310597e-09, 1.18766623203e-08, 8.8553493427e-09, 4.57570781265e-09, 6.20943296781e-08, 3.18861523851e-08, 7.9955153609e-09, 8.26541146637e-09, 7.0549486253e-09, 4.54982984621e-09, 2.49371034933e-09, 2.23696305923e-09, 2.29990737566e-09, 1.85901249949e-09, 1.4267195203e-09, 1.19621446082e-09, 1.08610098692e-09, 1.05808317663e-09, 9.30640620123e-10, 8.90243434526e-10],
        "min": [2.68086012056e-07, 2.06566440397e-07, 2.59530850144e-07, 8.88649651642e-08, 4.57711308854e-08, 2.47895695082e-08, 1.52423407229e-08, 3.53724125546e-08, 2.79892073962e-08, 1.50557468714e-08, 2.02388026338e-08, 1.13786322586e-08, 8.53964188252e-09, 6.12889916596e-09, 1.05612700807e-08, 1.09845972318e-08, 3.84288290078e-09, 2.14323669923e-09, 1.31664279479e-09, 2.87125678788e-09, 1.06094355523e-09, 1.74184311419e-09, 1.66665536927e-09, 6.99628688317e-10, 2.00201899503e-09, 1.8155628112e-09, 1.70167357982e-09, 1.790771198e-09, 1.23271115537e-09, 1.09239839396e-09, 3.62799346121e-10, 7.1464373308e-10, 6.13595063648e-10, 4.43664271987e-10, 2.31484886815e-10, 2.68794403402e-10, 2.65519717324e-10, 2.64319899301e-10, 2.15316264818e-10, 1.77535347534e-10],
        "var": [2.11420700391e-10, 3.65758812126e-10, 1.39081823836e-09, 2.88584356412e-09, 8.38373925838e-10, 3.31380256569e-10, 3.48555073693e-11, 1.45525536066e-10, 3.97205667468e-06, 7.58158557801e-06, 9.41446899105e-07, 5.06535343447e-07, 9.16423559261e-09, 3.47048825233e-08, 5.22719574292e-07, 1.38760603008e-08, 1.30728400327e-10, 1.10008278528e-11, 2.77214605438e-11, 1.93635241847e-13, 8.68085510701e-14, 1.73544577146e-12, 1.46495676375e-13, 4.01792775483e-13, 1.06213030992e-12, 1.31450547062e-12, 6.0887395386e-13, 1.00146464472e-12, 3.44392396545e-12, 3.79030736918e-13, 1.42436558967e-13, 8.48125606204e-13, 3.42867336085e-13, 2.0000342528e-13, 3.71099262702e-14, 3.26149087663e-14, 7.39704995932e-14, 3.99880120878e-14, 1.27844661398e-13, 5.51937273283e-14]
    },
    "mfcc": {
        "mean": [-874.335388184, 161.202789307, 1.7041323185, -20.0270576477, -32.8807220459, -1.07204771042, 19.2512569427, 8.94004440308, 13.0840873718, 26.5404529572, 18.668888092, -2.79239726067, -14.7907190323],
        "cov": [[6176.7421875, -868.478149414, -1411.80407715, -1273.83972168, -1266.84765625, 170.218200684, 492.536529541, 94.8240356445, -309.633758545, -549.875610352, -404.752349854, -359.874206543, 47.8158912659], [-868.478149414, 907.944580078, 165.933013916, -75.6356658936, 37.5962409973, -69.4303817749, -49.7609519958, -71.2816085815, 30.7027835846, 284.468109131, 180.630996704, 10.0677089691, -99.2858734131], [-1411.80407715, 165.933013916, 871.680969238, 537.99230957, 526.338928223, -117.934295654, -330.885192871, -106.589431763, 22.0641746521, -2.48349332809, -7.09742069244, 85.5610961914, 31.6477279663], [-1273.83972168, -75.6356658936, 537.99230957, 535.442871094, 454.329467773, -84.2057418823, -226.601013184, -43.5801811218, 24.8421325684, 14.552230835, 15.8196935654, 100.374176025, 47.0477600098], [-1266.84765625, 37.5962409973, 526.338928223, 454.329467773, 546.153320312, -28.432056427, -230.052337646, -54.4863014221, 2.78965592384, 22.9409427643, 9.70812797546, 84.969329834, 42.4754180908], [170.218200684, -69.4303817749, -117.934295654, -84.2057418823, -28.432056427, 159.142059326, 88.9013137817, -5.42177915573, -32.3168640137, -58.0255775452, -62.4027519226, -26.9918861389, 31.9498214722], [492.536529541, -49.7609519958, -330.885192871, -226.601013184, -230.052337646, 88.9013137817, 224.680496216, 70.4588470459, 2.96586561203, 0.837355196476, 6.82869672775, -40.3275222778, -21.1491680145], [94.8240356445, -71.2816085815, -106.589431763, -43.5801811218, -54.4863014221, -5.42177915573, 70.4588470459, 120.106811523, 65.9276275635, 32.1656150818, 27.6641330719, -15.5820589066, -33.8982849121], [-309.633758545, 30.7027835846, 22.0641746521, 24.8421325684, 2.78965592384, -32.3168640137, 2.96586561203, 65.9276275635, 155.785522461, 86.2480392456, 41.3393592834, 19.419921875, -60.702003479], [-549.875610352, 284.468109131, -2.48349332809, 14.552230835, 22.9409427643, -58.0255775452, 0.837355196476, 32.1656150818, 86.2480392456, 261.020812988, 207.519165039, 68.7774887085, -51.2610664368], [-404.752349854, 180.630996704, -7.09742069244, 15.8196935654, 9.70812797546, -62.4027519226, 6.82869672775, 27.6641330719, 41.3393592834, 207.519165039, 283.988006592, 127.232414246, -33.7894058228], [-359.874206543, 10.0677089691, 85.5610961914, 100.374176025, 84.969329834, -26.9918861389, -40.3275222778, -15.5820589066, 19.419921875, 68.7774887085, 127.232414246, 157.141815186, 31.9666500092], [47.8158912659, -99.2858734131, 31.6477279663, 47.0477600098, 42.4754180908, 31.9498214722, -21.1491680145, -33.8982849121, -60.702003479, -51.2610664368, -33.7894058228, 31.9666500092, 95.2591018677]],
