{
"lowlevel": {
    "average_loudness": 0.99068403244,
    "barkbands_crest": {
        "dmean": 1.26640307903,
        "dmean2": 1.6017935276,
        "dvar": 5.69824552536,
        "dvar2": 15.8240852356,
        "max": 23.8563270569,
        "mean": 19.3338050842,
        "median": 20.4176044464,
        "min": 6.43381023407,
        "var": 16.3850421906
    },
    "barkbands_flatness_db": {
        "dmean": 0.0243392083794,
        "dmean2": 0.0263466779143,
        "dvar": 0.00140885310248,
        "dvar2": 0.00128279428463,
        "max": 0.54018586874,
        "mean": 0.439884662628,
        "median": 0.457266807556,
        "min": 0.183765679598,
        "var": 0.00527488114312
    },
    "barkbands_kurtosis": {
        "dmean": 2.03380060196,
        "dmean2": 2.81421113014,
        "dvar": 9.78219604492,
        "dvar2": 22.1875991821,
        "max": 31.717590332,
        "mean": 6.89748811722,
        "median": 4.69048309326,
        "min": -1.21252894402,
        "var": 75.0681991577
    },
    "barkbands_skewness": {
        "dmean": 0.344111710787,
        "dmean2": 0.448212295771,
        "dvar": 0.126487180591,
        "dvar2": 0.295528143644,
        "max": 2.63673472404,
        "mean": 1.2576110363,
        "median": 1.36474585533,
        "min": -1.24445188046,
        "var": 0.496114552021
    },
    "barkbands_spread": {
        "dmean": 0.39682200551,
        "dmean2": 0.439209669828,
        "dvar": 0.735174298286,
        "dvar2": 0.867599308491,
        "max": 10.1624994278,
        "mean": 2.36314368248,
        "median": 2.04688620567,
        "min": 0.322376072407,
        "var": 2.4297811985
    },
    "dissonance": {
        "dmean": 0.0911735221744,
        "dmean2": 0.152464523911,
        "dvar": 0.00464827707037,
        "dvar2": 0.0127694532275,
        "max": 0.473546385765,
        "mean": 0.26116591692,
        "median": 0.261308312416,
        "min": 0.108116321266,
        "var": 0.00822866242379
    },
    "dynamic_complexity": 1.26761591434,
    "erbbands_crest": {
        "dmean": 1.25494253635,
        "dmean2": 1.58790588379,
        "dvar": 5.01304674149,
        "dvar2": 11.0317792892,
        "max": 29.3755054474,
        "mean": 22.4856033325,
        "median": 23.934179306,
        "min": 12.975317955,
        "var": 14.7119073868
    },
    "erbbands_flatness_db": {
        "dmean": 0.021975222975,
        "dmean2": 0.023812847212,
        "dvar": 0.00114153581671,
        "dvar2": 0.00117129832506,
        "max": 0.567306935787,
        "mean": 0.456348627806,
        "median": 0.466667830944,
        "min": 0.246012493968,
        "var": 0.00383061333559
    },
    "erbbands_kurtosis": {
        "dmean": 2.43488812447,
        "dmean2": 3.30485796928,
        "dvar": 26.4589767456,
        "dvar2": 45.0204734802,
        "max": 53.6107406616,
        "mean": 7.23569631577,
        "median": 0.613790512085,
        "min": -1.76368808746,
        "var": 202.610565186
    },
    "erbbands_skewness": {
        "dmean": 0.238709256053,
        "dmean2": 0.279744833708,
        "dvar": 0.133547767997,
        "dvar2": 0.28250849247,
        "max": 4.75828933716,
        "mean": 1.55112564564,
        "median": 1.37303435802,
        "min": -0.758310854435,
        "var": 1.84613728523
    },
    "erbbands_spread": {
        "dmean": 0.404534906149,
        "dmean2": 0.571641266346,
        "dvar": 0.992057740688,
        "dvar2": 2.44136619568,
        "max": 9.01735115051,
        "mean": 4.43882417679,
        "median": 4.50135850906,
        "min": 0.468141525984,
        "var": 4.62966632843
    },
    "hfc": {
        "dmean": 3.35267591476,
        "dmean2": 3.44040489197,
        "dvar": 38.9845046997,
        "dvar2": 48.6489906311,
        "max": 46.5865516663,
        "mean": 26.02602005,
        "median": 26.3858737946,
        "min": 1.01784050465,
        "var": 88.587890625
    },
    "melbands_crest": {
        "dmean": 1.26204454899,
        "dmean2": 1.56914305687,
        "dvar": 9.87802410126,
        "dvar2": 19.0133590698,
        "max": 34.3440361023,
        "mean": 21.7105751038,
        "median": 20.3935432434,
        "min": 7.79355144501,
        "var": 38.7350273132
    },
    "melbands_flatness_db": {
        "dmean": 0.022990712896,
        "dmean2": 0.0251157544553,
        "dvar": 0.00133673253004,
        "dvar2": 0.00127936736681,
        "max": 0.618504405022,
        "mean": 0.512544453144,
        "median": 0.527636051178,
        "min": 0.245431795716,
        "var": 0.00506417499855
    },
    "melbands_kurtosis": {
        "dmean": 3.43836116791,
        "dmean2": 4.04373073578,
        "dvar": 90.2500839233,
        "dvar2": 87.8539886475,
        "max": 82.3363647461,
        "mean": 14.5756597519,
        "median": 5.58622455597,
        "min": -1.03428959846,
        "var": 583.211853027
    },
    "melbands_skewness": {
        "dmean": 0.537456214428,
        "dmean2": 0.705006062984,
        "dvar": 0.361618518829,
        "dvar2": 0.751463651657,
        "max": 5.34053325653,
        "mean": 1.57496166229,
        "median": 1.54298138618,
        "min": -1.32350325584,
        "var": 1.37277948856
    },
    "melbands_spread": {
        "dmean": 0.77868783474,
        "dmean2": 0.823077917099,
        "dvar": 2.93181943893,
        "dvar2": 2.37702608109,
        "max": 21.949464798,
        "mean": 4.15776920319,
        "median": 3.48686385155,
        "min": 0.270156294107,
        "var": 10.2596988678
    },
    "pitch_salience": {
        "dmean": 0.0429989844561,
        "dmean2": 0.0580449029803,
        "dvar": 0.0130754448473,
        "dvar2": 0.0205926001072,
        "max": 0.820051193237,
        "mean": 0.344496130943,
        "median": 0.340682417154,
        "min": 0.0628940910101,
        "var": 0.0234121996909
    },
    "silence_rate_20dB": {
        "dmean": 0,
        "dmean2": 0,
        "dvar": 0,
        "dvar2": 0,
        "max": 1,
        "mean": 1,
        "median": 1,
        "min": 1,
        "var": 0
    },
    "silence_rate_30dB": {
        "dmean": 0,
        "dmean2": 0,
        "dvar": 0,
        "dvar2": 0,
        "max": 1,
        "mean": 1,
        "median": 1,
        "min": 1,
        "var": 0
    },
    "silence_rate_60dB": {
        "dmean": 0,
        "dmean2": 0,
        "dvar": 0,
        "dvar2": 0,
        "max": 0,
        "mean": 0,
        "median": 0,
        "min": 0,
        "var": 0
    },
    "spectral_centroid": {
        "dmean": 17.5868854523,
        "dmean2": 23.1532402039,
        "dvar": 1745.5501709,
        "dvar2": 4850.21044922,
        "max": 972.64855957,
        "mean": 733.509338379,
        "median": 725.433349609,
        "min": 440.865081787,
        "var": 8547.9921875
    },
    "spectral_complexity": {
        "dmean": 0.850000023842,
        "dmean2": 1.10169494152,
        "dvar": 3.2941699028,
        "dvar2": 5.98965883255,
        "max": 16,
        "mean": 3.39344263077,
        "median": 2,
        "min": 1,
        "var": 8.23864459991
    },
    "spectral_decrease": {
        "dmean": 1.27160360019e-09,
        "dmean2": 1.34955424613e-09,
        "dvar": 5.85956051651e-18,
        "dvar2": 7.84079953146e-18,
        "max": -4.20438128756e-10,
        "mean": -8.8031333334e-09,
        "median": -8.06144662135e-09,
        "min": -1.87504678451e-08,
        "var": 1.24570951796e-17
    },
    "spectral_energy": {
        "dmean": 0.00509302737191,
        "dmean2": 0.00537341926247,
        "dvar": 9.38590237638e-05,
        "dvar2": 0.0001250228961,
        "max": 0.0749680995941,
        "mean": 0.0355855375528,
        "median": 0.0328187942505,
        "min": 0.00167915143538,
        "var": 0.00019893051649
    },
    "spectral_energyband_high": {
        "dmean": 2.10996631722e-06,
        "dmean2": 2.69356064564e-06,
        "dvar": 2.72195911644e-11,
        "dvar2": 5.59807582234e-11,
        "max": 4.61393792648e-05,
        "mean": 5.10499512529e-06,
        "median": 2.03454328584e-06,
        "min": 5.66082519526e-07,
        "var": 7.82045747605e-11
    },
    "spectral_energyband_low": {
        "dmean": 0.000115616458061,
        "dmean2": 0.000182981631951,
        "dvar": 1.48338827444e-07,
        "dvar2": 3.5045817981e-07,
        "max": 0.00283914920874,
        "mean": 0.000113710964797,
        "median": 3.53475261363e-05,
        "min": 2.14777423935e-06,
        "var": 1.4228957923e-07
    },
    "spectral_energyband_middle_high": {
        "dmean": 0.000637258519419,
        "dmean2": 0.000616308359895,
        "dvar": 1.80639187874e-06,
        "dvar2": 1.99647456611e-06,
        "max": 0.0147356651723,
        "mean": 0.00529544521123,
        "median": 0.0033112524543,
        "min": 7.09352389094e-05,
        "var": 1.95068714675e-05
    },
    "spectral_energyband_middle_low": {
        "dmean": 0.00505073135719,
        "dmean2": 0.00516192382202,
        "dvar": 9.0568777523e-05,
        "dvar2": 0.000125758466311,
        "max": 0.0744352415204,
        "mean": 0.0301891341805,
        "median": 0.0252288579941,
        "min": 0.0015935524134,
        "var": 0.000215737032704
    },
    "spectral_entropy": {
        "dmean": 0.241634473205,
        "dmean2": 0.261906355619,
        "dvar": 0.191704303026,
        "dvar2": 0.175219982862,
        "max": 7.29889965057,
        "mean": 4.37367010117,
        "median": 4.15943431854,
        "min": 3.46602630615,
        "var": 0.553162336349
    },
    "spectral_flux": {
        "dmean": 0.0131824305281,
        "dmean2": 0.0169622208923,
        "dvar": 0.000882929074578,
        "dvar2": 0.00108972482849,
        "max": 0.231002524495,
        "mean": 0.0278247315437,
        "median": 0.00848951097578,
        "min": 0.00411120196804,
        "var": 0.00163818988949
    },
    "spectral_kurtosis": {
        "dmean": 10.9685125351,
        "dmean2": 14.7228717804,
        "dvar": 79.7797164917,
        "dvar2": 129.978103638,
        "max": 119.516532898,
        "mean": 57.3286590576,
        "median": 56.5598754883,
        "min": 7.53111743927,
        "var": 360.217681885
    },
    "spectral_rms": {
        "dmean": 0.000431406253483,
        "dmean2": 0.000448085280368,
        "dvar": 9.225415738e-07,
        "dvar2": 1.1122909882e-06,
        "max": 0.00855216942728,
        "mean": 0.0057651004754,
        "median": 0.00565847475082,
        "min": 0.001279920456,
        "var": 1.48122160226e-06
    },
    "spectral_rolloff": {
        "dmean": 12.919921875,
        "dmean2": 25.5478687286,
        "dvar": 5969.09912109,
        "dvar2": 11795.9023438,
        "max": 1313.52539062,
        "mean": 929.457885742,
        "median": 667.529296875,
        "min": 624.462890625,
        "var": 104307.648438
    },
    "spectral_skewness": {
        "dmean": 0.729527056217,
        "dmean2": 1.00719463825,
        "dvar": 0.315463542938,
        "dvar2": 0.604752600193,
        "max": 9.17042541504,
        "mean": 6.26238250732,
        "median": 6.37333202362,
        "min": 2.83438301086,
        "var": 1.28581082821
    },
    "spectral_spread": {
        "dmean": 720165.3125,
        "dmean2": 945501.6875,
        "dvar": 2.25061476762e+12,
        "dvar2": 1.29553281843e+12,
        "max": 17863368,
        "mean": 2201920.5,
        "median": 1874043.75,
        "min": 1014866.75,
        "var": 4.93888418611e+12
    },
    "spectral_strongpeak": {
        "dmean": 0.396844029427,
        "dmean2": 0.443883806467,
        "dvar": 0.670021057129,
        "dvar2": 0.791140437126,
        "max": 6.40207672119,
        "mean": 4.27558946609,
        "median": 4.26129388809,
        "min": 0.129441216588,
        "var": 1.07732081413
    },
    "zerocrossingrate": {
        "dmean": 0.00175781245343,
        "dmean2": 0.00206898828037,
        "dvar": 1.37980778163e-05,
        "dvar2": 2.01996117539e-05,
        "max": 0.04638671875,
        "mean": 0.0296410731971,
        "median": 0.029296875,
        "min": 0.00732421875,
        "var": 2.17105043703e-05
    },
    "barkbands": {
        "dmean": [1.71369015334e-06, 3.39336947945e-05, 8.21291396278e-05, 8.5146028141e-05, 0.000248332624324, 0.000121195967949, 0.000112743116915, 0.00194607570302, 0.00387343764305, 3.627213664e-05, 1.31156448333e-05, 7.97664615675e-05, 0.000611166178714, 5.30142756361e-07, 8.32071600598e-06, 3.12455256335e-07, 8.04647129371e-07, 3.60736777338e-07, 3.35393963269e-07, 6.17540479197e-07, 9.65382014328e-07, 2.39171043859e-07, 1.88386266586e-07, 3.25757014252e-07, 2.84414909402e-07, 4.63307429754e-07, 7.26576061538e-08],
        "dmean2": [3.11654525831e-06, 5.96794670855e-05, 0.000133864698, 0.000145783778862, 0.000469865684863, 0.000222815418965, 0.000189906611922, 0.00195974181406, 0.00418610917404, 6.18054837105e-05, 1.7924590793e-05, 9.89586478681e-05, 0.00057095073862, 8.52005996421e-07, 1.0118168575e-05, 4.57426779121e-07, 1.35350387609e-06, 5.45394016171e-07, 4.94143648666e-07, 1.09804045678e-06, 9.47048306443e-07, 2.32421868418e-07, 2.30115460909e-07, 4.61164489707e-07, 3.55927369355e-07, 7.39567894925e-07, 1.03298482657e-07],
        "dvar": [2.09345518351e-12, 8.70958505317e-09, 9.01494701111e-08, 1.26192290395e-07, 1.23604775126e-06, 2.73671446394e-07, 1.90756409779e-07, 2.64211830654e-05, 2.68695403065e-05, 1.04601216577e-08, 2.47532905284e-09, 3.82929528087e-08, 2.10049961424e-06, 1.44755160549e-12, 2.67055294545e-10, 9.03119430368e-13, 2.71195154007e-12, 5.22534381216e-13, 2.68488546283e-13, 2.82334312179e-12, 8.25416211075e-12, 3.41980594233e-13, 2.15188476304e-13, 1.05029147272e-12, 4.53934388992e-13, 3.38146112673e-12, 9.35175280449e-15],
        "dvar2": [6.50396229929e-12, 2.30925838451e-08, 2.23097600838e-07, 3.41150126815e-07, 3.68875089407e-06, 7.91050922544e-07, 4.98953852457e-07, 3.34350806952e-05, 4.53582506452e-05, 2.7022522886e-08, 2.65367061658e-09, 4.32211741952e-08, 2.28283829529e-06, 2.15913962057e-12, 4.22152174329e-10, 9.37864261079e-13, 6.27401472789e-12, 1.55010162692e-12, 6.14908839992e-13, 7.43549839755e-12, 1.45440265734e-11, 1.8809343731e-13, 3.3606486192e-13, 2.40101580111e-12, 7.04378666939e-13, 8.71583274303e-12, 1.79641847594e-14],
        "max": [7.42784322938e-06, 0.000659115321469, 0.00206514168531, 0.00228693103418, 0.00662617059425, 0.00313102314249, 0.00298275286332, 0.0382733680308, 0.0425499491394, 0.00063950085314, 0.000569338793866, 0.00180170009844, 0.0137646840885, 7.21774495105e-06, 0.000167179459822, 7.99653662398e-06, 9.66167590377e-06, 4.47515049018e-06, 5.15157807968e-06, 1.19270716823e-05, 2.98059912893e-05, 8.16501869849e-06, 3.95698498323e-06, 6.84682800056e-06, 6.38137407805e-06, 1.21797102111e-05, 1.12739519409e-06],
        "mean": [1.8101736714e-06, 3.49092297256e-05, 6.56224146951e-05, 6.2588675064e-05, 0.000175968438271, 8.65219262778e-05, 0.000108531938167, 0.00592966331169, 0.0238092448562, 4.68552607344e-05, 2.22696835408e-05, 0.00020238092111, 0.0050065452233, 7.96979293227e-07, 2.30901350733e-05, 4.71819845416e-07, 1.40569329687e-06, 5.31458965725e-07, 6.26293910955e-07, 7.73629210471e-07, 1.89738943845e-06, 5.37166499726e-07, 3.50386812897e-07, 5.08941468524e-07, 6.50486413178e-07, 5.91390687532e-07, 4.1008186713e-07],
        "median": [1.24942880575e-06, 1.61087100423e-05, 1.10422370199e-05, 5.97121379542e-06, 2.12777249544e-05, 3.41436589224e-06, 2.90540492642e-06, 8.63619425218e-06, 0.0229531321675, 2.89195168079e-06, 1.51244648805e-06, 1.35739071538e-06, 0.00327959493734, 4.6774994189e-07, 5.22451864526e-06, 2.76566993307e-07, 3.6369846157e-07, 1.64895610055e-07, 3.41453102237e-07, 2.53322838262e-07, 3.43172303019e-07, 2.07239750694e-07, 1.58541595852e-07, 1.90297853919e-07, 2.44042951181e-07, 2.92932497814e-07, 3.92356753309e-07],
        "min": [2.170641622e-08, 1.05953745333e-06, 8.53816914059e-07, 2.88163249706e-07, 1.04685352653e-06, 2.91632204608e-07, 4.00680221446e-07, 2.95878817269e-06, 0.000666532781906, 5.1808575563e-07, 2.72005735269e-07, 2.08800969403e-07, 1.30291266487e-06, 1.13407800484e-07, 9.29223460844e-07, 8.19731340584e-08, 7.46916981598e-08, 4.14521643677e-08, 9.21848766211e-08, 8.96825440577e-08, 7.62366170193e-08, 4.1934750783e-08, 4.07184934659e-08, 4.10648972604e-08, 4.11265048683e-08, 5.95127396252e-08, 7.34269249847e-08],
        "var": [2.65989205488e-12, 7.21975768059e-09, 7.54893534349e-08, 9.00119303537e-08, 7.11237987616e-07, 1.62747653576e-07, 1.66018395475e-07, 0.00013092768495, 5.55112819711e-05, 1.44366785193e-08, 6.39354258425e-09, 1.72480582705e-07, 2.05740343517e-05, 1.60818526464e-12, 1.44469569641e-09, 1.02213018865e-12, 5.36429971623e-12, 8.168574866e-13, 8.13980664555e-13, 2.99832467882e-12, 2.31787974231e-11, 1.52553078676e-12, 4.18567605706e-13, 1.32888806296e-12, 1.36887669169e-12, 2.61109254877e-12, 4.34790685443e-14]
    },
    "erbbands": {
        "dmean": [0.000718559429515, 0.00964875612408, 0.0653316900134, 0.168714076281, 0.97306406498, 0.518790602684, 1.02326917648, 0.665099024773, 1.36874890327, 3.10586237907, 83.6862945557, 73.8566741943, 2.67170286179, 0.71451985836, 0.57320278883, 6.81320953369, 27.3170528412, 0.99600148201, 0.121577970684, 0.445623010397, 0.0314063988626, 0.0506033375859, 0.0100227016956, 0.0299291834235, 0.0338304750621, 0.0156643502414, 0.0330926701427, 0.0312959626317, 0.0107252420858, 0.00720503833145, 0.00439320318401, 0.00717780878767, 0.00421611918136, 0.00225021271035, 0.00242175487801, 0.00230298866518, 0.000822033849545, 0.000101204102975, 1.34386955324e-05, 6.00186285737e-06],
        "dmean2": [0.0012927185744, 0.0163473319262, 0.0986341312528, 0.276633322239, 1.84284770489, 0.980105161667, 1.90952384472, 1.14929544926, 2.34979724884, 4.47703266144, 82.5662384033, 72.8879776001, 3.5898668766, 1.16999948025, 0.594806551933, 7.39718675613, 26.0819473267, 0.98167181015, 0.163684591651, 0.496579527855, 0.037732001394, 0.085614092648, 0.016992116347, 0.0421990901232, 0.0607832483947, 0.0268493648618, 0.0331934019923, 0.0358092449605, 0.0145931076258, 0.00836881436408, 0.00559761794284, 0.010727243498, 0.00623575178906, 0.00307095632888, 0.00318125006743, 0.00331789837219, 0.00135678902734, 0.000159667848493, 2.03644667636e-05, 6.79792856317e-06],
        "dvar": [1.6399121705e-06, 0.000826358387712, 0.0484004691243, 0.479488939047, 19.8754253387, 4.86389493942, 21.4747714996, 6.70033931732, 27.671792984, 53.9797859192, 38639.6132812, 9188.12304688, 12.6620998383, 3.62820935249, 5.87882804871, 109.79548645, 4161.45947266, 5.41147136688, 0.0651644095778, 1.03140234947, 0.00277502136305, 0.0114889377728, 0.000297421705909, 0.00198592641391, 0.00921060331166, 0.00108000810724, 0.00677932146937, 0.00935207586735, 0.00121681473684, 0.000253074453212, 0.000141942393384, 0.000630609574728, 0.000141368873301, 2.14999363379e-05, 4.45772675448e-05, 7.68414902268e-05, 1.01709165392e-05, 9.98966172006e-08, 2.93811142082e-10, 1.26947619083e-10],
        "dvar2": [4.42006876256e-06, 0.00210498226807, 0.108985036612, 1.26299035549, 58.971496582, 14.3626594543, 63.3707542419, 18.4646186829, 75.3550338745, 120.616348267, 49487.1523438, 13797.2714844, 28.8091335297, 8.99870681763, 4.92992115021, 142.612091064, 4472.21533203, 5.88970375061, 0.129399821162, 1.60025203228, 0.00499974563718, 0.0261024367064, 0.000565978873055, 0.0057141338475, 0.0252528972924, 0.00287496950477, 0.00854637939483, 0.0183593481779, 0.00175505632069, 0.000396837916924, 0.00020937435329, 0.00133078882936, 0.000324831402395, 3.55310075975e-05, 7.42812844692e-05, 0.00018411653582, 2.68501971732e-05, 2.16372896489e-07, 7.44918238205e-10, 1.67681007968e-10],
        "max": [0.00949293375015, 0.204552933574, 1.56488192081, 4.62847805023, 26.5638256073, 13.3830080032, 26.98021698, 16.4728126526, 35.336265564, 44.3632011414, 1503.45532227, 1025.86962891, 44.2192459106, 16.5308303833, 27.9848365784, 127.431892395, 612.168334961, 22.88215065, 2.03626585007, 11.0886898041, 0.67514359951, 0.62587171793, 0.104977466166, 0.315735042095, 0.658770143986, 0.207710415125, 0.860754609108, 0.977037906647, 0.423386842012, 0.145976066589, 0.099124096334, 0.170894294977, 0.0761961117387, 0.0406536981463, 0.0546303987503, 0.0585613586009, 0.0210933741182, 0.00228620413691, 0.000172323358129, 8.86950438144e-05],
        "mean": [0.000848678057082, 0.00920037645847, 0.0586822554469, 0.136939406395, 0.653843283653, 0.390525311232, 0.676860034466, 0.566699743271, 1.44494462013, 9.13714408875, 346.135375977, 535.931152344, 22.1436729431, 2.09005975723, 1.84124398232, 52.6806907654, 224.138961792, 8.35283946991, 0.560005307198, 1.42052412033, 0.109383903444, 0.0925667434931, 0.0236913003027, 0.0508924983442, 0.040113247931, 0.0248073842376, 0.0774060636759, 0.0531058236957, 0.0283539649099, 0.0143458917737, 0.00923718139529, 0.0113396439701, 0.00703622633591, 0.00526072550565, 0.00539719173685, 0.00320190098137, 0.00106069480535, 0.000227557175094, 6.91028690198e-05, 4.79040863866e-05],
        "median": [0.000579199171625, 0.00286200642586, 0.0119815170765, 0.0163694731891, 0.0754251331091, 0.0433912202716, 0.0318311862648, 0.0243723783642, 0.111793018878, 2.72421002388, 155.4427948, 549.511962891, 22.5789146423, 1.13473784924, 1.04303050041, 35.1848754883, 145.914276123, 5.46876716614, 0.407703846693, 0.3559448421, 0.0485713332891, 0.0236384384334, 0.0146682430059, 0.0242558140308, 0.0133354449645, 0.0133062498644, 0.0168210938573, 0.00943826697767, 0.00815124344081, 0.00583580555394, 0.00434027565643, 0.00365869747475, 0.00326996366493, 0.00247273477726, 0.00189246388618, 0.00108703249134, 0.000574960198719, 0.00017177007976, 6.91256573191e-05, 4.48810169473e-05],
        "min": [3.98475131078e-05, 0.000221917551244, 0.00113646814134, 0.00101257674396, 0.00187131750863, 0.00379612715915, 0.00241807219572, 0.00798741355538, 0.0783069655299, 1.89678227901, 4.25054550171, 15.2515478134, 2.89225530624, 0.446636259556, 0.302455335855, 0.580305278301, 0.309703946114, 0.0711158141494, 0.0414069928229, 0.0333543457091, 0.0147797353566, 0.00880295410752, 0.00650174729526, 0.00592256803066, 0.00610611122102, 0.00629331124946, 0.0066003780812, 0.00209563924, 0.00136783276685, 0.00150549307, 0.00107710878365, 0.00104644848034, 0.000720328767784, 0.000487111683469, 0.000337162520736, 0.000238894674112, 0.000132668646984, 4.30119216617e-05, 1.04740474853e-05, 3.06783044834e-06],
        "var": [1.57937506629e-06, 0.000715954287443, 0.0480045825243, 0.36727514863, 11.3842344284, 2.95427060127, 11.9343833923, 4.74446964264, 22.9539775848, 138.266937256, 157994.734375, 31417.3300781, 56.3025016785, 8.35980129242, 13.620850563, 1300.87231445, 39426.9101562, 54.152557373, 0.202866956592, 6.29200029373, 0.0225876830518, 0.0233725067228, 0.000569125229958, 0.00449732318521, 0.00784657150507, 0.00110507232603, 0.0275450125337, 0.0220598988235, 0.00558348279446, 0.000636333657894, 0.000310198432999, 0.000759849790484, 0.000203970193979, 6.47089254926e-05, 0.000114792965178, 6.96944625815e-05, 7.61077217248e-06, 1.09450517982e-07, 6.00014371521e-10, 2.08830980286e-10]
    },
    "gfcc": {
        "mean": [-164.510238647, 119.482254028, -122.396713257, -79.3187866211, -64.8781661987, 23.9057178497, 4.95498037338, 8.60885047913, -5.66730213165, 13.3132638931, -18.913230896, -34.8941268921, -32.8600997925],
        "cov": [[1383.48168945, 62.5061798096, 158.163772583, 419.849578857, -101.901008606, 9.81208896637, -386.882995605, -270.034118652, -281.614532471, -31.2631053925, -168.072921753, 135.76020813, 136.522674561], [62.5061798096, 176.155715942, 114.298171997, 116.68447876, -62.4086761475, -227.264373779, -74.9035415649, 72.3019638062, 30.5734481812, -70.1385574341, 37.8500747681, 51.412727356, 33.6483802795], [158.163772583, 114.298171997, 299.766784668, 188.154830933, -60.6332778931, -133.614654541, -126.303634644, 59.54429245, -20.4195289612, -73.0632247925, 18.4566574097, 88.4390335083, 11.8587198257], [419.849578857, 116.68447876, 188.154830933, 258.113952637, -83.7481613159, -157.773971558, -191.097763062, -22.7249927521, -84.5728225708, -69.428817749, -22.2197399139, 104.973350525, 65.3345413208], [-101.901008606, -62.4086761475, -60.6332778931, -83.7481613159, 126.420822144, 195.801101685, 99.5972824097, -13.9405870438, 27.7691459656, 51.8920135498, -30.2110996246, -74.256149292, -50.5410308838], [9.81208896637, -227.264373779, -133.614654541, -157.773971558, 195.801101685, 544.882324219, 136.805282593, -150.910751343, -28.054063797, 147.467559814, -102.916374207, -119.478813171, -68.9839401245], [-386.882995605, -74.9035415649, -126.303634644, -191.097763062, 99.5972824097, 136.805282593, 200.248352051, 56.5095558167, 93.1234130859, 63.3465805054, 38.4223175049, -94.8456039429, -72.166847229], [-270.034118652, 72.3019638062, 59.54429245, -22.7249927521, -13.9405870438, -150.910751343, 56.5095558167, 146.421432495, 93.3934249878, -36.3672218323, 76.881439209, -0.344186902046, -30.955450058], [-281.614532471, 30.5734481812, -20.4195289612, -84.5728225708, 27.7691459656, -28.054063797, 93.1234130859, 93.3934249878, 106.624107361, 10.765838623, 44.6598777771, -29.8082466125, -26.8081436157], [-31.2631053925, -70.1385574341, -73.0632247925, -69.428817749, 51.8920135498, 147.467559814, 63.3465805054, -36.3672218323, 10.765838623, 63.6267852783, -13.672668457, -36.7196540833, -14.4116716385], [-168.072921753, 37.8500747681, 18.4566574097, -22.2197399139, -30.2110996246, -102.916374207, 38.4223175049, 76.881439209, 44.6598777771, -13.672668457, 84.3667449951, 13.818860054, -14.3119564056], [135.76020813, 51.412727356, 88.4390335083, 104.973350525, -74.256149292, -119.478813171, -94.8456039429, -0.344186902046, -29.8082466125, -36.7196540833, 13.818860054, 81.5847854614, 44.1848907471], [136.522674561, 33.6483802795, 11.8587198257, 65.3345413208, -50.5410308838, -68.9839401245, -72.166847229, -30.955450058, -26.8081436157, -14.4116716385, -14.3119564056, 44.1848907471, 57.0547103882]],
        "icov": [[0.00425086915493, -0.00372830149718, 0.0016959720524, -0.00406871084124, 0.00105403899215, -3.01130548905e-05, 0.00518284598365, -0.000661684200168, 0.00611044373363, -0.00991801731288, 0.00300415954553, 0.000701703131199, 0.00400376366451], [-0.00372830149718, 0.0522594675422, -0.0103573659435, -0.0256477482617, -0.00956144463271, 0.0172142311931, -0.00357076898217, 0.0504780560732, -0.0668312832713, 0.0382564589381, -0.0273358896375, 0.0322137400508, -0.00870521552861], [0.0016959720524, -0.0103573659435, 0.0171713363379, -0.00468105915934, 0.00521245598793, -0.0115679623559, 0.00871347822249, -0.0219332929701, 0.0110023189336, -0.00119389302563, 0.00492743682116, -0.0141823552549, 0.0106809074059], [-0.00406871084124, -0.0256477482617, -0.00468105915934, 0.049761030823, -0.0128384716809, -0.00420594401658, 0.011419063434, -0.0420605614781, 0.0499799661338, -0.0206011217088, 0.0131053626537, -0.0264537632465, -0.01392822247], [0.00105403899215, -0.00956144463271, 0.00521245598793, -0.0128384716809, 0.0463514402509, -0.0159051753581, -0.0167650748044, -0.00462602311745, -0.00273183430545, 0.00517873978242, 0.0146531453356, 0.00573670212179, 0.0141059802845], [-3.01130548905e-05, 0.0172142311931, -0.0115679623559, -0.00420594401658, -0.0159051753581, 0.0282486248761, -0.0026742387563, 0.0357498750091, -0.0203610211611, -0.0165919493884, -0.000540089327842, 0.0100006544963, 0.0115816537291], [0.00518284598365, -0.00357076898217, 0.00871347822249, 0.011419063434, -0.0167650748044, -0.0026742387563, 0.0654363781214, -0.0238732565194, 0.0076200729236, -0.0335178412497, -0.0139831444249, 0.0112273478881, 0.00945999473333], [-0.000661684200168, 0.0504780560732, -0.0219332929701, -0.0420605614781, -0.00462602311745, 0.0357498750091, -0.0238732565194, 0.146065190434, -0.121056690812, 0.0534827671945, -0.0390615798533, 0.0385838523507, 0.0296655185521], [0.00611044373363, -0.0668312832713, 0.0110023189336, 0.0499799661338, -0.00273183430545, -0.0203610211611, 0.0076200729236, -0.121056690812, 0.15332826972, -0.0768924131989, 0.0437741167843, -0.0428689531982, -0.0210059992969], [-0.00991801731288, 0.0382564589381, -0.00119389302563, -0.0206011217088, 0.00517873978242, -0.0165919493884, -0.0335178412497, 0.0534827671945, -0.0768924131989, 0.135116264224, -0.0388822816312, 0.0165753234178, -0.0284322835505], [0.00300415954553, -0.0273358896375, 0.00492743682116, 0.0131053626537, 0.0146531453356, -0.000540089327842, -0.0139831444249, -0.0390615798533, 0.0437741167843, -0.0388822816312, 0.0587964169681, -0.0359980724752, 0.0197223462164], [0.000701703131199, 0.0322137400508, -0.0141823552549, -0.0264537632465, 0.00573670212179, 0.0100006544963, 0.0112273478881, 0.0385838523507, -0.0428689531982, 0.0165753234178, -0.0359980724752, 0.0853900685906, -0.0262428112328], [0.00400376366451, -0.00870521552861, 0.0106809074059, -0.01392822247, 0.0141059802845, 0.0115816537291, 0.00945999473333, 0.0296655185521, -0.0210059992969, -0.0284322835505, 0.0197223462164, -0.0262428112328, 0.0895884484053]]
    },
    "melbands": {
        "dmean": [8.06005391496e-06, 2.81539651041e-05, 5.59844411328e-05, 6.0994821979e-05, 2.86149170279e-05, 1.64832836163e-05, 2.15297441173e-05, 2.80655058305e-05, 0.000901919440366, 0.000384443963412, 5.49456717636e-06, 3.05006528833e-06, 1.80109213943e-06, 4.11074461226e-06, 6.98063304299e-05, 2.99522253044e-05, 6.27152871857e-08, 1.13126048973e-07, 6.28527345725e-07, 2.90158425287e-07, 1.03381649907e-08, 6.75209292922e-08, 1.4858843933e-08, 1.38872078281e-08, 2.70637698918e-08, 1.36807658535e-08, 3.64287480181e-08, 6.60013288467e-09, 1.93670874893e-08, 1.28497577023e-08, 2.48838958328e-08, 5.00600760844e-09, 5.64469226916e-09, 4.24905222118e-09, 2.72638112087e-09, 3.29115512621e-09, 5.08060926663e-09, 3.64698227173e-09, 1.44108025513e-09, 2.33746244582e-09],
        "dmean2": [1.4450263734e-05, 4.43333665316e-05, 0.000101227466075, 0.000115188253403, 5.28279560967e-05, 2.89623694698e-05, 3.62002865586e-05, 4.61486488348e-05, 0.00089937140001, 0.000384447019314, 1.0104095054e-05, 5.10476047566e-06, 2.08987648875e-06, 4.81193319501e-06, 6.71334564686e-05, 2.92060722131e-05, 9.2737288071e-08, 1.80887226975e-07, 8.04415378752e-07, 2.99652214153e-07, 1.67955942487e-08, 1.14722325861e-07, 1.8404275437e-08, 2.1030588826e-08, 3.78476059382e-08, 2.3667640292e-08, 6.66354438295e-08, 1.10618394444e-08, 2.00277696649e-08, 1.35319497829e-08, 2.84358154801e-08, 6.28208685072e-09, 7.24655668805e-09, 5.56609380808e-09, 2.93478574775e-09, 4.93738605556e-09, 8.13823053392e-09, 5.72122926812e-09, 2.33592034604e-09, 2.88607848731e-09],
        "dvar": [3.97546745523e-10, 9.38609368006e-09, 6.36983656932e-08, 7.35828038501e-08, 1.62876698795e-08, 4.36300995332e-09, 6.79436373829e-09, 5.69869218481e-09, 3.67843517779e-06, 2.30427602332e-07, 2.47540266063e-10, 8.05569361217e-11, 6.09242239991e-11, 1.24398907841e-10, 2.0573416748e-08, 5.41949596311e-09, 2.85362113442e-14, 9.1241765662e-14, 1.46764273911e-12, 4.91536661634e-13, 1.64624426719e-16, 2.13904584421e-14, 4.39061407564e-16, 7.40659373365e-16, 1.54751045403e-15, 7.22527733156e-16, 1.21902872657e-14, 1.79095839039e-16, 2.05307953865e-15, 7.5163580863e-16, 7.2097225244e-15, 2.29584759873e-16, 2.20040008811e-16, 9.78610714409e-17, 3.83104035405e-17, 1.19336433766e-16, 3.13622154353e-16, 1.13292747808e-16, 1.18024586525e-17, 2.40324307154e-17],
        "dvar2": [1.07852582421e-09, 2.23530616239e-08, 1.79934573907e-07, 2.19516181232e-07, 4.78539661231e-08, 1.21964625066e-08, 1.8097763288e-08, 1.45927403494e-08, 4.79143545817e-06, 3.59928122862e-07, 6.94157009651e-10, 1.78403500306e-10, 5.47122347427e-11, 1.29563249018e-10, 2.30440626581e-08, 5.78052761213e-09, 3.42982851051e-14, 2.19791592153e-13, 2.25606187378e-12, 8.06572636371e-13, 4.06877252532e-16, 5.10814840134e-14, 7.91297702869e-16, 2.04795011888e-15, 4.391235639e-15, 1.93985876218e-15, 3.3784081896e-14, 4.69778289772e-16, 2.62957482124e-15, 1.18342032967e-15, 1.44386337332e-14, 2.30989140499e-16, 2.68387100958e-16, 1.89661622144e-16, 4.40951224096e-17, 2.75648529127e-16, 6.10504714206e-16, 2.75865184273e-16, 2.10288138342e-17, 3.51713391427e-17],
        "max": [0.000140968535561, 0.00068311393261, 0.00157877593301, 0.001624857774, 0.000748786376789, 0.000414771639043, 0.000558253086638, 0.000467931502499, 0.014888628386, 0.00549389049411, 8.41451474116e-05, 6.9412693847e-05, 8.57340928633e-05, 8.24367525638e-05, 0.00148857466411, 0.00067742774263, 1.26511736198e-06, 2.21196773964e-06, 1.18940643006e-05, 7.8714620031e-06, 9.43673512666e-08, 8.93917331268e-07, 2.01763839414e-07, 1.63258619068e-07, 3.05195783312e-07, 1.75569113026e-07, 7.45599436414e-07, 9.03046171175e-08, 4.65298256813e-07, 2.91290291443e-07, 8.23601908451e-07, 2.03116442776e-07, 1.82849689168e-07, 7.13835106581e-08, 6.08661636647e-08, 7.80842626114e-08, 1.15143137691e-07, 6.57044267882e-08, 2.14462581027e-08, 4.34673026461e-08],
        "mean": [8.66254595167e-06, 2.50172724918e-05, 4.1011338908e-05, 4.26696096838e-05, 1.9623161279e-05, 1.33763933263e-05, 2.03373911063e-05, 4.51081396022e-05, 0.00414657685906, 0.00280784419738, 7.25369000065e-06, 4.79163509226e-06, 2.92766844723e-06, 9.23094285099e-06, 0.000562469300348, 0.00024521080195, 8.78128716408e-08, 1.37565322689e-07, 1.72398870291e-06, 9.50290313995e-07, 2.02266789984e-08, 1.10501055417e-07, 2.81347158904e-08, 2.08960351245e-08, 4.46994263825e-08, 2.11961150853e-08, 3.71941411004e-08, 9.67837454624e-09, 4.3844238462e-08, 3.12789509849e-08, 3.66700483312e-08, 1.33963578008e-08, 1.30794193254e-08, 7.05288893954e-09, 5.11522957325e-09, 5.55611423536e-09, 7.72887798206e-09, 5.44914557921e-09, 3.14850834293e-09, 5.10053732583e-09],
        "median": [4.0917689148e-06, 5.81287304158e-06, 4.12757890444e-06, 4.54657629234e-06, 1.03462400602e-06, 4.54072647926e-07, 4.66203857741e-07, 5.54301550437e-07, 0.00253800302744, 0.00291276094504, 4.51163970183e-07, 2.57149281424e-07, 1.92778713881e-07, 1.57643626153e-07, 0.000354135176167, 0.000161814226885, 4.40799894363e-08, 3.66538941421e-08, 3.8022264448e-07, 2.01880766326e-07, 1.33016673232e-08, 1.86479613973e-08, 1.6009002124e-08, 7.31522797892e-09, 2.18573212862e-08, 1.15181375548e-08, 8.57695603429e-09, 7.02023372767e-09, 1.1152392787e-08, 8.20513790245e-09, 4.64564298142e-09, 4.30728297474e-09, 4.60504345767e-09, 2.97430169383e-09, 2.30786301181e-09, 2.16608442294e-09, 2.23757301576e-09, 2.13155537665e-09, 2.006349753e-09, 2.11032813446e-09],
        "min": [2.96968948987e-07, 4.76391392112e-07, 4.12210312106e-07, 3.00027494404e-07, 5.37265449907e-08, 3.83107945368e-08, 6.87604142513e-08, 1.30177141955e-07, 5.37334381079e-05, 8.22989240987e-05, 6.7567412998e-08, 3.52496840605e-08, 3.77939493035e-08, 2.10167225845e-08, 1.40011729854e-06, 7.02707154687e-08, 1.30348070115e-08, 6.95736757095e-09, 7.19553838735e-08, 8.80384032342e-09, 2.50811149627e-09, 3.85040133111e-09, 4.29798374668e-09, 2.06632000399e-09, 4.79972772638e-09, 3.28493721113e-09, 2.26260965519e-09, 3.1835445391e-09, 3.55987217482e-09, 1.48260803634e-09, 8.88250140108e-10, 7.93840604363e-10, 7.36104344146e-10, 7.50947415362e-10, 4.92671070607e-10, 7.22992332669e-10, 4.79319306468e-10, 4.21496948455e-10, 4.17160139765e-10, 3.3558889001e-10],
        "var": [3.25167448523e-10, 8.56662030202e-09, 4.08716971378e-08, 4.27669490932e-08, 9.25984977584e-09, 2.9610913721e-09, 5.82615111711e-09, 7.38079242169e-09, 1.30727494252e-05, 9.69307166088e-07, 3.14964138104e-10, 1.64420102533e-10, 1.34126598716e-10, 3.53796020258e-10, 2.17827050619e-07, 4.91327334373e-08, 3.1305219647e-14, 1.00629723196e-13, 7.49351882628e-12, 3.28974889864e-12, 3.23315440582e-16, 4.230756438e-14, 1.05606077336e-15, 1.18067054309e-15, 3.7290422215e-15, 7.98559422205e-16, 1.03746264035e-14, 1.44258009193e-16, 8.09555550987e-15, 3.47201790871e-15, 1.49831014295e-14, 1.24296494592e-15, 9.491146052e-16, 1.51032141954e-16, 1.08504549966e-16, 1.4380918761e-16, 3.94625317997e-16, 1.47587179548e-16, 2.19815075242e-17, 7.14934784233e-17]
    },
    "mfcc": {
        "mean": [-862.421386719, 172.09664917, -0.656513333321, -33.2605285645, -29.7811660767, 2.10741949081, 6.99382305145, -2.50012159348, 10.3851804733, 23.3057880402, 31.0633773804, 19.2181091309, -11.6500377655],
        "cov": [[2124.33227539, 397.17880249, 331.354827881, 27.9211349487, -251.649383545, -95.6204299927, -170.810409546, -82.1879730225, -118.061988831, -478.958068848, -511.734161377, -249.665039062, 56.8840293884], [397.17880249, 282.780700684, 78.59324646, 95.2748184204, -84.84815979, -257.495513916, -128.898773193, 13.595334053, -41.6789207458, -87.3694076538, -136.140228271, -28.4130764008, 126.673110962], [331.354827881, 78.59324646, 172.082366943, 51.5656051636, 34.7902450562, -29.3844242096, -57.2883110046, -14.4433374405, -50.2709159851, -56.485496521, -76.8311538696, -12.2339782715, 3.14847540855], [27.9211349487, 95.2748184204, 51.5656051636, 128.125167847, 47.286907196, -147.88949585, -52.2584114075, 8.33939933777, -62.3876876831, 20.7533454895, -6.9895658493, 33.2904396057, 54.54347229], [-251.649383545, -84.84815979, 34.7902450562, 47.286907196, 177.722015381, 92.3883132935, 31.0738220215, 9.08218288422, -12.7542676926, 99.1448516846, 87.3341445923, 48.3419876099, -50.8411750793], [-95.6204299927, -257.495513916, -29.3844242096, -147.88949585, 92.3883132935, 448.242004395, 155.885314941, -18.0890464783, 98.7212142944, 35.2309951782, 70.5343322754, -40.1918449402, -179.727005005], [-170.810409546, -128.898773193, -57.2883110046, -52.2584114075, 31.0738220215, 155.885314941, 94.7427215576, 7.18646764755, 44.2324905396, 47.9228515625, 69.0436477661, 1.67557215691, -68.6757278442], [-82.1879730225, 13.595334053, -14.4433374405, 8.33939933777, 9.08218288422, -18.0890464783, 7.18646764755, 35.9422492981, 19.8454647064, 28.1540584564, 21.6982841492, 12.1238746643, 6.95080804825], [-118.061988831, -41.6789207458, -50.2709159851, -62.3876876831, -12.7542676926, 98.7212142944, 44.2324905396, 19.8454647064, 90.093788147, 30.5149173737, 21.1688461304, -3.43067097664, -28.1431407928], [-478.958068848, -87.3694076538, -56.485496521, 20.7533454895, 99.1448516846, 35.2309951782, 47.9228515625, 28.1540584564, 30.5149173737, 163.520965576, 139.537399292, 77.7101821899, -16.2442970276], [-511.734161377, -136.140228271, -76.8311538696, -6.9895658493, 87.3341445923, 70.5343322754, 69.0436477661, 21.6982841492, 21.1688461304, 139.537399292, 172.814743042, 73.2492904663, -34.9080123901], [-249.665039062, -28.4130764008, -12.2339782715, 33.2904396057, 48.3419876099, -40.1918449402, 1.67557215691, 12.1238746643, -3.43067097664, 77.7101821899, 73.2492904663, 77.3116226196, 12.7427062988], [56.8840293884, 126.673110962, 3.14847540855, 54.54347229, -50.8411750793, -179.727005005, -68.6757278442, 6.95080804825, -28.1431407928, -16.2442970276, -34.9080123901, 12.7427062988, 103.534202576]],
