{
"lowlevel": {
    "average_loudness": 0.937805771828,
    "barkbands_crest": {
        "dmean": 3.43256425858,
        "dmean2": 5.95964193344,
        "dvar": 7.53260564804,
        "dvar2": 17.1574726105,
        "max": 24.0842170715,
        "mean": 11.3173370361,
        "median": 10.0596008301,
        "min": 5.91560983658,
        "var": 15.1642465591
    },
    "barkbands_flatness_db": {
        "dmean": 0.0310402587056,
        "dmean2": 0.052868437022,
        "dvar": 0.000461224874016,
        "dvar2": 0.00128722935915,
        "max": 0.378149598837,
        "mean": 0.188458889723,
        "median": 0.180141150951,
        "min": 0.125775024295,
        "var": 0.00152915564831
    },
    "barkbands_kurtosis": {
        "dmean": 10.5142736435,
        "dmean2": 19.0788211823,
        "dvar": 151.931762695,
        "dvar2": 404.420349121,
        "max": 83.5139694214,
        "mean": 26.7415390015,
        "median": 25.8963775635,
        "min": 3.22500658035,
        "var": 173.425338745
    },
    "barkbands_skewness": {
        "dmean": 0.762634932995,
        "dmean2": 1.31922888756,
        "dvar": 0.424609452486,
        "dvar2": 1.15579974651,
        "max": 7.20083761215,
        "mean": 3.93908929825,
        "median": 4.13424396515,
        "min": -0.263751298189,
        "var": 1.54239630699
    },
    "barkbands_spread": {
        "dmean": 2.58986568451,
        "dmean2": 4.67688560486,
        "dvar": 3.86376690865,
        "dvar2": 10.695555687,
        "max": 14.6757602692,
        "mean": 8.63900566101,
        "median": 8.99238395691,
        "min": 0.749000310898,
        "var": 6.36639261246
    },
    "dissonance": {
        "dmean": 0.0204430203885,
        "dmean2": 0.0335178114474,
        "dvar": 0.000350321322912,
        "dvar2": 0.000801713846158,
        "max": 0.484506458044,
        "mean": 0.42503964901,
        "median": 0.438024580479,
        "min": 0.219408676028,
        "var": 0.00227696215734
    },
    "dynamic_complexity": 1.59401571751,
    "erbbands_crest": {
        "dmean": 2.95337963104,
        "dmean2": 4.58619070053,
        "dvar": 7.79955625534,
        "dvar2": 15.9997367859,
        "max": 32.0637359619,
        "mean": 19.2951622009,
        "median": 19.7002735138,
        "min": 6.97093963623,
        "var": 19.5175800323
    },
    "erbbands_flatness_db": {
        "dmean": 0.0154043631628,
        "dmean2": 0.0219968277961,
        "dvar": 0.000242557027377,
        "dvar2": 0.000483637937577,
        "max": 0.394245743752,
        "mean": 0.133072063327,
        "median": 0.116638943553,
        "min": 0.0757945850492,
        "var": 0.00288584735245
    },
    "erbbands_kurtosis": {
        "dmean": 3.41168379784,
        "dmean2": 5.37458229065,
        "dvar": 54.1517944336,
        "dvar2": 121.45891571,
        "max": 75.4781570435,
        "mean": 7.78372573853,
        "median": 5.24169063568,
        "min": -0.747473239899,
        "var": 96.0804672241
    },
    "erbbands_skewness": {
        "dmean": 0.408580750227,
        "dmean2": 0.644739210606,
        "dvar": 0.218563482165,
        "dvar2": 0.439048588276,
        "max": 5.34360551834,
        "mean": 2.25791883469,
        "median": 2.26175022125,
        "min": 0.721695482731,
        "var": 0.448984116316
    },
    "erbbands_spread": {
        "dmean": 5.71407222748,
        "dmean2": 9.34490203857,
        "dvar": 37.0164413452,
        "dvar2": 88.8336791992,
        "max": 70.1773605347,
        "mean": 30.0723381042,
        "median": 32.5015640259,
        "min": 0.99291664362,
        "var": 177.627655029
    },
    "hfc": {
        "dmean": 7.11673641205,
        "dmean2": 9.18259143829,
        "dvar": 658.192382812,
        "dvar2": 1222.08776855,
        "max": 374.128997803,
        "mean": 20.8217525482,
        "median": 9.55874156952,
        "min": 0.183790072799,
        "var": 2442.60620117
    },
    "melbands_crest": {
        "dmean": 3.22676062584,
        "dmean2": 5.271068573,
        "dvar": 5.64392518997,
        "dvar2": 17.1534996033,
        "max": 25.6002979279,
        "mean": 15.4522209167,
        "median": 15.2801504135,
        "min": 8.6711359024,
        "var": 11.4323797226
    },
    "melbands_flatness_db": {
        "dmean": 0.0364029742777,
        "dmean2": 0.0624591894448,
        "dvar": 0.000572438875679,
        "dvar2": 0.00164819217753,
        "max": 0.478301852942,
        "mean": 0.316757023335,
        "median": 0.310748010874,
        "min": 0.242921456695,
        "var": 0.00156723323744
    },
    "melbands_kurtosis": {
        "dmean": 10.290099144,
        "dmean2": 17.6362724304,
        "dvar": 83.4275131226,
        "dvar2": 233.005371094,
        "max": 76.9560089111,
        "mean": 28.823387146,
        "median": 29.438949585,
        "min": -0.385101318359,
        "var": 299.592132568
    },
    "melbands_skewness": {
        "dmean": 0.730353534222,
        "dmean2": 1.1819589138,
        "dvar": 0.285945802927,
        "dvar2": 0.766339063644,
        "max": 5.5535902977,
        "mean": 2.97595977783,
        "median": 3.13379669189,
        "min": -1.55707228184,
        "var": 1.92922723293
    },
    "melbands_spread": {
        "dmean": 1.49802196026,
        "dmean2": 2.63225054741,
        "dvar": 1.5773563385,
        "dvar2": 3.38609743118,
        "max": 12.4242572784,
        "mean": 5.24073886871,
        "median": 4.67741775513,
        "min": 1.40803265572,
        "var": 4.36451387405
    },
    "pitch_salience": {
        "dmean": 0.0765926912427,
        "dmean2": 0.126935020089,
        "dvar": 0.00433916039765,
        "dvar2": 0.0112597886473,
        "max": 0.714594364166,
        "mean": 0.468120753765,
        "median": 0.474161446095,
        "min": 0.149369210005,
        "var": 0.006293063052
    },
    "silence_rate_20dB": {
        "dmean": 0.0111111113802,
        "dmean2": 0.0224719103426,
        "dvar": 0.0109876384959,
        "dvar2": 0.0219669081271,
        "max": 1,
        "mean": 0.967032968998,
        "median": 1,
        "min": 0,
        "var": 0.0318800993264
    },
    "silence_rate_30dB": {
        "dmean": 0.0111111113802,
        "dmean2": 0.0224719103426,
        "dvar": 0.0109876384959,
        "dvar2": 0.0219669081271,
        "max": 1,
        "mean": 0.934065937996,
        "median": 1,
        "min": 0,
        "var": 0.0615867935121
    },
    "silence_rate_60dB": {
        "dmean": 0,
        "dmean2": 0,
        "dvar": 0,
        "dvar2": 0,
        "max": 0,
        "mean": 0,
        "median": 0,
        "min": 0,
        "var": 0
    },
    "spectral_centroid": {
        "dmean": 57.7329216003,
        "dmean2": 100.978996277,
        "dvar": 4133.25683594,
        "dvar2": 8734.40234375,
        "max": 733.070007324,
        "mean": 444.762359619,
        "median": 430.224517822,
        "min": 328.151092529,
        "var": 4977.72607422
    },
    "spectral_complexity": {
        "dmean": 1.34444439411,
        "dmean2": 2.23595499992,
        "dvar": 1.40358173847,
        "dvar2": 3.05668663979,
        "max": 9,
        "mean": 5.59340667725,
        "median": 5,
        "min": 1,
        "var": 2.54896640778
    },
    "spectral_decrease": {
        "dmean": 6.13091266644e-09,
        "dmean2": 9.17623577124e-09,
        "dvar": 1.62094365775e-16,
        "dvar2": 2.76854492285e-16,
        "max": -8.6218900075e-11,
        "mean": -1.35434827797e-08,
        "median": -6.8447807422e-09,
        "min": -1.92897942952e-07,
        "var": 6.70123339957e-16
    },
    "spectral_energy": {
        "dmean": 0.0237476509064,
        "dmean2": 0.0354371368885,
        "dvar": 0.00253069307655,
        "dvar2": 0.00432571722195,
        "max": 0.761974751949,
        "mean": 0.0530048049986,
        "median": 0.0266298279166,
        "min": 0.000342080631526,
        "var": 0.0104352422059
    },
    "spectral_energyband_high": {
        "dmean": 2.44424209086e-05,
        "dmean2": 3.92049332731e-05,
        "dvar": 1.10974407441e-09,
        "dvar2": 2.13954853834e-09,
        "max": 0.000393634894863,
        "mean": 0.000245259696385,
        "median": 0.000244166934863,
        "min": 5.54800499231e-06,
        "var": 1.43168477074e-09
    },
    "spectral_energyband_low": {
        "dmean": 0.0144616076723,
        "dmean2": 0.0268134418875,
        "dvar": 0.000189746671822,
        "dvar2": 0.000525887706317,
        "max": 0.0956659689546,
        "mean": 0.0210973396897,
        "median": 0.0157018247992,
        "min": 0.000157623799169,
        "var": 0.000234572871705
    },
    "spectral_energyband_middle_high": {
        "dmean": 0.00067606207449,
        "dmean2": 0.000763470015954,
        "dvar": 5.79552988711e-06,
        "dvar2": 6.89119042363e-06,
        "max": 0.0308958683163,
        "mean": 0.00147907168139,
        "median": 0.000258127198322,
        "min": 8.24244034447e-06,
        "var": 2.22089493036e-05
    },
    "spectral_energyband_middle_low": {
        "dmean": 0.0137775074691,
        "dmean2": 0.0180880576372,
        "dvar": 0.00291367270984,
        "dvar2": 0.00546560343355,
        "max": 0.738117218018,
        "mean": 0.0318811237812,
        "median": 0.0111349392682,
        "min": 0.000179289578227,
        "var": 0.00933392345905
    },
    "spectral_entropy": {
        "dmean": 0.198192939162,
        "dmean2": 0.300839960575,
        "dvar": 0.0401859879494,
        "dvar2": 0.0746160969138,
        "max": 8.34446620941,
        "mean": 7.14976739883,
        "median": 7.23982524872,
        "min": 4.796459198,
        "var": 0.227120667696
    },
    "spectral_flux": {
        "dmean": 0.0356451123953,
        "dmean2": 0.0521365962923,
        "dvar": 0.00128250359558,
        "dvar2": 0.00187970278785,
        "max": 0.705543398857,
        "mean": 0.116583645344,
        "median": 0.100906029344,
        "min": 0.0435642786324,
        "var": 0.00754194380715
    },
    "spectral_kurtosis": {
        "dmean": 1.01987910271,
        "dmean2": 1.69833111763,
        "dvar": 2.13335204124,
        "dvar2": 4.93564987183,
        "max": 27.4006023407,
        "mean": 7.14117956161,
        "median": 6.06207942963,
        "min": 2.98988056183,
        "var": 15.1937923431
    },
    "spectral_rms": {
        "dmean": 0.00144474103581,
        "dmean2": 0.00243949773721,
        "dvar": 1.95642405743e-06,
        "dvar2": 3.64911875295e-06,
        "max": 0.0272651799023,
        "mean": 0.00617511710152,
        "median": 0.00509708933532,
        "min": 0.000577699916903,
        "var": 1.357995734e-05
    },
    "spectral_rolloff": {
        "dmean": 44.501953125,
        "dmean2": 86.3747558594,
        "dvar": 7664.10351562,
        "dvar2": 21094.7167969,
        "max": 968.994140625,
        "mean": 358.728973389,
        "median": 301.46484375,
        "min": 107.666015625,
        "var": 13280.7734375
    },
    "spectral_skewness": {
        "dmean": 0.162882059813,
        "dmean2": 0.275173991919,
        "dvar": 0.0289621651173,
        "dvar2": 0.0699310451746,
        "max": 4.52708959579,
        "mean": 2.24511671066,
        "median": 2.12159371376,
        "min": 1.68032407761,
        "var": 0.23831564188
    },
    "spectral_spread": {
        "dmean": 619570.4375,
        "dmean2": 869528.0625,
        "dvar": 2.43281454694e+12,
        "dvar2": 1.64996304077e+12,
        "max": 25125458,
        "mean": 6863750.5,
        "median": 6922013.5,
        "min": 2536073.75,
        "var": 4.90018544026e+12
    },
    "spectral_strongpeak": {
        "dmean": 0.759885072708,
        "dmean2": 1.14708924294,
        "dvar": 2.13459634781,
        "dvar2": 4.18287706375,
        "max": 16.1949157715,
        "mean": 1.08179140091,
        "median": 0.349591612816,
        "min": 0.0100397355855,
        "var": 4.95658969879
    },
    "zerocrossingrate": {
        "dmean": 0.00828450545669,
        "dmean2": 0.0123496754095,
        "dvar": 4.99484231113e-05,
        "dvar2": 9.63061102084e-05,
        "max": 0.0830078125,
        "mean": 0.0523265786469,
        "median": 0.05224609375,
        "min": 0.01171875,
        "var": 0.000208704106626
    },
    "barkbands": {
        "dmean": [0.000988197745755, 0.0112522691488, 0.00484233349562, 0.00153069326188, 0.000951803987846, 0.00116881506983, 0.0125557901338, 0.00133470620494, 0.000108514745079, 5.40465152881e-05, 0.000658465956803, 2.28819935728e-05, 1.87638470379e-05, 1.38956984301e-05, 1.33911444209e-05, 1.12961552077e-05, 8.31084435049e-06, 9.1448873718e-06, 9.77532818069e-06, 7.89676778368e-06, 8.21813227958e-06, 4.28939756603e-06, 4.07387506129e-06, 4.60514684164e-06, 3.34536366609e-06, 6.45517775411e-06, 1.41126902236e-05],
        "dmean2": [0.00174316903576, 0.0206804592162, 0.00805736146867, 0.00261259521358, 0.00152090599295, 0.00164010352455, 0.0152001809329, 0.000888633949216, 0.000137315117172, 7.77041495894e-05, 0.000662607024424, 3.60213634849e-05, 3.11277217406e-05, 2.34109484154e-05, 2.27891541726e-05, 1.9920134946e-05, 1.3878732716e-05, 1.5026699657e-05, 1.6015041183e-05, 1.25796996144e-05, 1.29367754198e-05, 7.62583658798e-06, 7.15012447472e-06, 6.99129486748e-06, 5.58904139325e-06, 1.11168519652e-05, 2.30678851949e-05],
        "dvar": [9.39667756938e-07, 0.000125377788208, 2.21037953452e-05, 2.19881098928e-06, 2.11669453165e-06, 3.83360020351e-06, 0.00317001715302, 4.92114049848e-05, 4.59251253915e-07, 5.48547340884e-08, 6.10384222455e-06, 1.66836955362e-09, 7.11683156851e-10, 1.55068791141e-10, 1.89692386798e-10, 2.95762553337e-10, 2.12601034e-10, 2.83918971666e-10, 1.51235440837e-10, 5.51860432352e-11, 1.37258066024e-10, 1.49852873166e-11, 1.44150481482e-11, 4.10389500161e-11, 9.60539633943e-12, 3.5400189724e-11, 2.03726965853e-10],
        "dvar2": [3.08604580823e-06, 0.000349705311237, 5.89764531469e-05, 6.13319525655e-06, 3.4890238112e-06, 4.38100505562e-06, 0.00618805363774, 1.34026522574e-05, 4.65020065121e-07, 6.84826773067e-08, 6.78240849084e-06, 3.32821259441e-09, 1.29722010911e-09, 3.96244648204e-10, 4.80689432703e-10, 6.35760499801e-10, 3.55025259191e-10, 6.31144914109e-10, 4.11773060094e-10, 1.42215461629e-10, 3.32375654777e-10, 3.41194052178e-11, 4.04442729307e-11, 7.97325538926e-11, 2.01586039528e-11, 8.72329916635e-11, 3.50047796305e-10],
        "max": [0.00507278228179, 0.0582198351622, 0.0319995880127, 0.00993345677853, 0.0138963181525, 0.0187813825905, 0.679649472237, 0.105092644691, 0.00656361645088, 0.00228941068053, 0.0305551085621, 0.000404141756007, 0.00028246306465, 9.37964505283e-05, 9.72886191448e-05, 0.000123715683003, 0.000131759719807, 0.000148715305841, 0.000108694584924, 6.54402538203e-05, 0.000106329403934, 3.67527063645e-05, 2.63891906798e-05, 6.47538836347e-05, 3.10092691507e-05, 5.65496156923e-05, 0.000143176817801],
        "mean": [0.000962700345553, 0.0126514155418, 0.0057415748015, 0.00242504989728, 0.00322001776658, 0.00382495624945, 0.0200240015984, 0.00223768083379, 0.000121750344988, 6.95411727065e-05, 0.0012029382633, 3.91208595829e-05, 3.76190146198e-05, 2.7751959351e-05, 2.48772175837e-05, 1.92318366317e-05, 1.62900741998e-05, 1.86169963854e-05, 2.50972188951e-05, 2.64359514404e-05, 2.22110156756e-05, 1.5661076759e-05, 1.65872843354e-05, 1.89654238056e-05, 2.20768943109e-05, 3.7377289118e-05, 0.000112335350423],
        "median": [0.000642078230157, 0.00870837084949, 0.00366548355669, 0.00190480635501, 0.00299964426085, 0.00365507230163, 0.000667849322781, 0.000145518803038, 4.08751402574e-05, 3.58241850336e-05, 2.75160691672e-05, 2.92924069072e-05, 2.85840833385e-05, 2.62516241492e-05, 2.19160629058e-05, 1.59255541803e-05, 1.29057298182e-05, 1.60093604791e-05, 2.20727306441e-05, 2.52772661042e-05, 2.03837589652e-05, 1.51183458001e-05, 1.66556146723e-05, 1.78859208972e-05, 2.18486147787e-05, 3.75184135919e-05, 0.00011124330922],
        "min": [8.22894708108e-06, 8.25787719805e-05, 5.7666329667e-05, 1.12878224172e-05, 4.41081756435e-05, 7.17252114555e-05, 3.61959355359e-05, 7.116130746e-06, 4.01190072807e-06, 3.37029905495e-06, 1.46269928791e-06, 1.45376958471e-07, 3.83974196438e-07, 2.63845066684e-07, 2.43138174483e-07, 3.07018609647e-07, 6.36736331217e-07, 1.37848974191e-06, 7.98547773684e-07, 4.28155573218e-07, 5.95826691097e-07, 6.01191686656e-07, 2.80705393152e-07, 3.84575884027e-07, 2.6806046094e-07, 8.95029188541e-07, 2.524048341e-06],
        "var": [1.0269801578e-06, 0.00014633689716, 2.69636566372e-05, 4.34136245531e-06, 2.1638288672e-06, 4.4284811338e-06, 0.00728793395683, 0.00014874462795, 4.63119988581e-07, 5.60843140818e-08, 2.1711925001e-05, 2.00391037097e-09, 1.16375020731e-09, 1.98592406409e-10, 2.36332980963e-10, 3.03182506878e-10, 3.06186992427e-10, 3.00124008978e-10, 1.69608965761e-10, 6.72225330955e-11, 1.51910040103e-10, 2.12305069358e-11, 1.68735737188e-11, 5.28000143607e-11, 1.42905635242e-11, 4.87521238657e-11, 2.87550122602e-10]
    },
    "erbbands": {
        "dmean": [0.304168283939, 2.83664274216, 5.85973930359, 5.91265535355, 2.47146749496, 2.55030798912, 13.7239723206, 5.01862955093, 30.0942897797, 270.191833496, 15.5274114609, 2.88027954102, 1.9170768261, 8.60774993896, 18.062046051, 1.16799366474, 0.890085577965, 0.691874027252, 0.57471382618, 0.797525346279, 0.439239531755, 0.424997031689, 0.450019210577, 0.514410972595, 0.547700345516, 0.388934880495, 0.478937655687, 0.23683065176, 0.176083475351, 0.134208261967, 0.136070460081, 0.128579482436, 0.0646274536848, 0.0395437255502, 0.0299873854965, 0.0201357714832, 0.0162744503468, 0.00732695218176, 0.00199672323652, 0.000279876956483],
        "dmean2": [0.527238667011, 5.32618570328, 10.3366956711, 10.5451517105, 4.01830387115, 3.96895122528, 19.3243579865, 6.25474500656, 37.09582901, 338.052764893, 15.6590366364, 3.17290639877, 2.56248617172, 10.9570140839, 17.1307544708, 1.82603645325, 1.50098407269, 1.14269983768, 0.996406555176, 1.32689976692, 0.756342768669, 0.725336849689, 0.723024606705, 0.887104690075, 0.89714050293, 0.615058481693, 0.726208090782, 0.370888710022, 0.311946213245, 0.23320543766, 0.226737111807, 0.198387145996, 0.104785509408, 0.0669355094433, 0.0481439642608, 0.0334485284984, 0.0280695091933, 0.0131387412548, 0.00317808426917, 0.000458145776065],
        "dvar": [0.0822942703962, 8.02821922302, 25.9233379364, 36.262512207, 10.9126663208, 22.0099010468, 173.744827271, 320.776062012, 15919.6621094, 1582756.75, 5099.83691406, 251.006896973, 84.4796142578, 1122.17004395, 4257.74804688, 5.51916694641, 1.46622538567, 0.464812219143, 0.364951908588, 1.55398309231, 0.273931980133, 0.653699576855, 0.622003614902, 0.755272090435, 0.212072625756, 0.108860969543, 0.391518473625, 0.0635648444295, 0.0258383583277, 0.0110313612968, 0.0105585642159, 0.0496647693217, 0.00430201133713, 0.00113972136751, 0.000704706530087, 0.000345637294231, 0.000192900639377, 6.05856912443e-05, 3.73842544832e-06, 6.59430554606e-08],
        "dvar2": [0.249787941575, 22.8952503204, 68.9402008057, 110.827430725, 22.7874088287, 32.5640144348, 294.06072998, 264.850250244, 18757.1191406, 3182538.5, 3087.85180664, 186.166412354, 90.3209762573, 1489.53527832, 4499.61181641, 10.5259132385, 2.91451239586, 0.944681346416, 0.654817581177, 4.21720647812, 0.576493024826, 1.15013408661, 1.24766945839, 1.87486100197, 0.559473454952, 0.299372822046, 0.965014874935, 0.162420198321, 0.0628176033497, 0.0247449036688, 0.0344370119274, 0.10976254195, 0.00767871458083, 0.00258637475781, 0.00154796324205, 0.000880215025973, 0.000545647286344, 0.000150621446664, 8.06267962616e-06, 1.14791333772e-07],
        "max": [1.4039195776, 13.7829504013, 38.1552658081, 31.3891334534, 31.0443344116, 45.8973388672, 101.044685364, 210.610214233, 2126.54443359, 14674.9589844, 1189.23657227, 187.109146118, 94.9173660278, 409.111297607, 831.354553223, 28.6413669586, 12.4893369675, 6.99066066742, 6.03361082077, 7.71921062469, 3.56372451782, 6.69799947739, 7.27583837509, 5.76350498199, 4.15966844559, 2.75566959381, 5.56613683701, 2.21104097366, 1.21416842937, 1.06402754784, 0.806386232376, 2.13806581497, 0.707089185715, 0.350418359041, 0.249107763171, 0.165138036013, 0.108538739383, 0.0603150725365, 0.0184168890119, 0.00276082195342],
        "mean": [0.349606245756, 2.85024476051, 6.66599416733, 8.77099227905, 3.75274825096, 7.14462518692, 57.3392791748, 12.0001869202, 79.97215271, 414.253509521, 35.2792282104, 4.04200792313, 2.71829032898, 17.2436580658, 33.7205963135, 2.57079029083, 1.77999639511, 1.54591298103, 1.28001105785, 1.35037589073, 0.933149576187, 0.906790614128, 1.03783810139, 1.09286129475, 1.3566236496, 1.26399672031, 1.12724924088, 0.692674517632, 0.58892339468, 0.495062232018, 0.477514833212, 0.405945003033, 0.308492422104, 0.229700177908, 0.168733820319, 0.113212242723, 0.0746202543378, 0.0376699082553, 0.0138832498342, 0.00201637344435],
        "median": [0.232873141766, 1.81627035141, 4.8102555275, 6.17226696014, 2.80397176743, 6.55343389511, 57.0425643921, 9.24757003784, 6.17020750046, 10.9553470612, 2.81533074379, 1.12414300442, 1.15010535717, 1.1426473856, 1.26208114624, 1.17872333527, 1.28184103966, 1.35725021362, 1.14521110058, 1.11666977406, 0.782791256905, 0.743293464184, 0.892271578312, 0.909154415131, 1.24409174919, 1.21984481812, 1.00393891335, 0.63973814249, 0.556913852692, 0.476040571928, 0.482264608145, 0.37379026413, 0.302546769381, 0.226531654596, 0.168196976185, 0.11353097111, 0.0739107206464, 0.0376828163862, 0.0136700365692, 0.00201111985371],
        "min": [0.00208393554203, 0.0196920391172, 0.0637059658766, 0.0645091682673, 0.0277004595846, 0.166070505977, 0.558755934238, 0.529945731163, 0.536099731922, 0.387014955282, 0.0929811820388, 0.0891743078828, 0.138843864202, 0.0759267434478, 0.0326785221696, 0.0106910709292, 0.0170828383416, 0.0124527728185, 0.014153172262, 0.0100882332772, 0.0286122597754, 0.0318625085056, 0.0637483671308, 0.0637680664659, 0.0299914870411, 0.0261247083545, 0.0165822207928, 0.0262141674757, 0.0176981072873, 0.0181861650199, 0.00867254566401, 0.0060139587149, 0.0073135192506, 0.00366017990746, 0.00222610891797, 0.00239531858824, 0.00211255718023, 0.000937852368224, 0.000391535519157, 3.86399005947e-05],
        "var": [0.105146184564, 8.52895259857, 33.0155754089, 52.4835968018, 14.4671125412, 21.242099762, 422.979095459, 459.489562988, 106489.234375, 3273917.25, 25469.1816406, 389.479187012, 97.0195083618, 3978.44360352, 16156.6982422, 24.4929656982, 2.41783905029, 0.75592058897, 0.493396162987, 1.32082402706, 0.319497942924, 0.847064197063, 0.778567492962, 0.702195882797, 0.394214659929, 0.148943573236, 0.454833865166, 0.0903981998563, 0.0330965481699, 0.0184331312776, 0.0157379433513, 0.0544862449169, 0.00629233475775, 0.00185957783833, 0.00103254348505, 0.000440571660874, 0.000276034872513, 5.65494192415e-05, 4.84702923131e-06, 1.11334365727e-07]
    },
    "gfcc": {
        "mean": [-8.9779920578, 79.6342163086, -26.8861465454, 18.5770797729, -36.1286582947, -8.00869941711, -26.4415531158, -3.56804823875, -15.8968582153, 8.8316783905, -1.83921098709, 2.34438753128, -8.84648513794],
        "cov": [[779.096374512, 236.864364624, -69.0159988403, -189.385269165, -109.589019775, 42.0643157959, 68.8926315308, 51.0715179443, 26.8650550842, 26.4774608612, 19.1309108734, -33.0983009338, -57.3372955322], [236.864364624, 223.547348022, -28.4745559692, -175.649978638, -120.708908081, 6.34288215637, 76.2551727295, 75.0547561646, 42.3172912598, 21.3382892609, 18.4483737946, -13.4698400497, -55.7211799622], [-69.0159988403, -28.4745559692, 78.9897537231, 80.2056732178, 59.477935791, 16.0158519745, -8.30095863342, -7.62240600586, 2.1783208847, 13.7940235138, 10.3636436462, 1.88669836521, 12.254034996], [-189.385269165, -175.649978638, 80.2056732178, 237.392486572, 173.715698242, 17.2382640839, -60.9317970276, -51.3508262634, -21.8283252716, -7.43763065338, -4.95560455322, 14.5931529999, 62.8013877869], [-109.589019775, -120.708908081, 59.477935791, 173.715698242, 152.923171997, 39.5687026978, -29.0238056183, -35.1087493896, -20.581861496, -8.09584712982, 0.863515377045, 23.2830867767, 58.2303619385], [42.0643157959, 6.34288215637, 16.0158519745, 17.2382640839, 39.5687026978, 52.3714904785, 27.134979248, -0.224144145846, -13.1731395721, -9.80611133575, 11.6705474854, 24.4272346497, 24.9830951691], [68.8926315308, 76.2551727295, -8.30095863342, -60.9317970276, -29.0238056183, 27.134979248, 55.8017463684, 36.090713501, 7.72715854645, 4.0636973381, 17.3228626251, 14.2828378677, -5.78403663635], [51.0715179443, 75.0547561646, -7.62240600586, -51.3508262634, -35.1087493896, -0.224144145846, 36.090713501, 49.6353416443, 30.8280906677, 18.0103740692, 13.4040498734, -0.64624363184, -17.4941425323], [26.8650550842, 42.3172912598, 2.1783208847, -21.8283252716, -20.581861496, -13.1731395721, 7.72715854645, 30.8280906677, 41.5250015259, 29.2699928284, 8.87097072601, -8.79143428802, -18.2756080627], [26.4774608612, 21.3382892609, 13.7940235138, -7.43763065338, -8.09584712982, -9.80611133575, 4.0636973381, 18.0103740692, 29.2699928284, 39.6117553711, 16.6615371704, -9.98365879059, -14.614566803], [19.1309108734, 18.4483737946, 10.3636436462, -4.95560455322, 0.863515377045, 11.6705474854, 17.3228626251, 13.4040498734, 8.87097072601, 16.6615371704, 26.5601348877, 13.4777088165, 3.68756175041], [-33.0983009338, -13.4698400497, 1.88669836521, 14.5931529999, 23.2830867767, 24.4272346497, 14.2828378677, -0.64624363184, -8.79143428802, -9.98365879059, 13.4777088165, 42.101398468, 35.5263824463], [-57.3372955322, -55.7211799622, 12.254034996, 62.8013877869, 58.2303619385, 24.9830951691, -5.78403663635, -17.4941425323, -18.2756080627, -14.614566803, 3.68756175041, 35.5263824463, 58.4733848572]],
        "icov": [[0.00314608938061, -0.00514688435942, 0.00497786980122, -0.0024365761783, 0.00218771281652, -0.00869499426335, 0.00584328640252, -6.68194479658e-05, 0.00346815120429, -0.00559326726943, -0.000258739979472, 0.00302031845786, -0.0002842816466], [-0.00514688435942, 0.033743172884, -0.0175011791289, 0.021154133603, -0.0046351342462, 0.00840919371694, -0.0175608806312, -0.0106134423986, -0.021254086867, 0.0234662294388, -0.00720486976206, 0.00794213544577, -0.000982417957857], [0.00497786980122, -0.0175011791289, 0.0389957651496, -0.0301375314593, 0.0161438174546, -0.026900017634, 0.0100540667772, 0.003281312529, 0.0142998574302, -0.0283169597387, 0.00307300267741, -0.000573849654756, 0.0073392377235], [-0.0024365761783, 0.021154133603, -0.0301375314593, 0.0815796405077, -0.0758041217923, 0.0442386642098, 0.0017330768751, -0.00230063311756, -0.0226112939417, 0.0412885136902, -0.0296986065805, 0.0207363013178, -0.0149352438748], [0.00218771281652, -0.0046351342462, 0.0161438174546, -0.0758041217923, 0.105152525008, -0.0754214823246, 0.0191277619451, -0.0167071502656, 0.0199287589639, -0.0413201786578, 0.0324709266424, -0.0129921305925, 0.00190939765889], [-0.00869499426335, 0.00840919371694, -0.026900017634, 0.0442386642098, -0.0754214823246, 0.136763751507, -0.0907015427947, 0.0555160753429, -0.035756547004, 0.0563241317868, -0.0312755443156, 0.00564395776019, -0.0166309550405], [0.00584328640252, -0.0175608806312, 0.0100540667772, 0.0017330768751, 0.0191277619451, -0.0907015427947, 0.161936014891, -0.108078993857, 0.0763002857566, -0.0426153242588, 0.00543599156663, -0.0279234256595, 0.0182333998382], [-6.68194479658e-05, -0.0106134423986, 0.003281312529, -0.00230063311756, -0.0167071502656, 0.0555160753429, -0.108078993857, 0.14826656878, -0.0946890711784, 0.0390447862446, -0.024527059868, 0.0217408221215, -0.0133085018024], [0.00346815120429, -0.021254086867, 0.0142998574302, -0.0226112939417, 0.0199287589639, -0.035756547004, 0.0763002857566, -0.0946890711784, 0.147427946329, -0.10095038265, 0.0477081872523, -0.0416968353093, 0.0222564712167], [-0.00559326726943, 0.0234662294388, -0.0283169597387, 0.0412885136902, -0.0413201786578, 0.0563241317868, -0.0426153242588, 0.0390447862446, -0.10095038265, 0.14566168189, -0.0914033278823, 0.0544046126306, -0.0194191336632], [-0.000258739979472, -0.00720486976206, 0.00307300267741, -0.0296986065805, 0.0324709266424, -0.0312755443156, 0.00543599156663, -0.024527059868, 0.0477081872523, -0.0914033278823, 0.129862740636, -0.067058943212, 0.0229787733406], [0.00302031845786, 0.00794213544577, -0.000573849654756, 0.0207363013178, -0.0129921305925, 0.00564395776019, -0.0279234256595, 0.0217408221215, -0.0416968353093, 0.0544046126306, -0.067058943212, 0.112049661577, -0.0606348477304], [-0.0002842816466, -0.000982417957857, 0.0073392377235, -0.0149352438748, 0.00190939765889, -0.0166309550405, 0.0182333998382, -0.0133085018024, 0.0222564712167, -0.0194191336632, 0.0229787733406, -0.0606348477304, 0.0709087848663]]
    },
    "melbands": {
        "dmean": [0.00279870885424, 0.00334092602134, 0.000879710773006, 0.000147525090142, 0.00038900601794, 0.000135283262352, 0.0010565231787, 0.00232222746126, 7.16400245437e-05, 1.46473612403e-05, 9.19509056985e-06, 3.05201829178e-05, 9.16337812669e-05, 2.67810514742e-06, 2.63537322098e-06, 2.00424665309e-06, 1.40290376294e-06, 9.93545654637e-07, 1.08626193196e-06, 9.59562612479e-07, 4.90843433454e-07, 4.53662266864e-07, 5.52863298253e-07, 4.2198371375e-07, 4.70942012498e-07, 4.26366909778e-07, 3.78108609311e-07, 2.91601878644e-07, 3.62215615723e-07, 2.15023078454e-07, 1.28736004967e-07, 1.29898282353e-07, 7.57228875159e-08, 8.37732230252e-08, 9.08230930463e-08, 8.65161382535e-08, 8.4943287959e-08, 5.8615150067e-08, 5.23430507826e-08, 4.03260003168e-08],
        "dmean2": [0.00497299665585, 0.0060551292263, 0.00155990663916, 0.000241330548306, 0.00054189452203, 0.000182383344509, 0.00125966791529, 0.00293356925249, 7.30878673494e-05, 1.8566075596e-05, 1.24083817354e-05, 4.02394180128e-05, 8.75657860888e-05, 4.38546658188e-06, 4.25042162533e-06, 3.33881007464e-06, 2.30857403949e-06, 1.69457234733e-06, 1.90484115592e-06, 1.65461347024e-06, 8.52292998843e-07, 7.88209376879e-07, 8.81483742887e-07, 7.36801496259e-07, 8.32561113384e-07, 6.9923112278e-07, 6.44657916382e-07, 4.78989477415e-07, 5.38528126981e-07, 3.35680198305e-07, 2.05473824622e-07, 2.3022472817e-07, 1.25350368307e-07, 1.46669904666e-07, 1.55995650175e-07, 1.41999095149e-07, 1.27350162415e-07, 9.78960059683e-08, 8.82153869952e-08, 6.48843609952e-08],
        "dvar": [7.66135417507e-06, 8.42500412546e-06, 7.29067096472e-07, 7.2198105272e-08, 1.57376845777e-07, 2.00892969815e-07, 1.90918181033e-05, 0.000116436181997, 2.55007790884e-07, 8.21959389441e-09, 1.94898563954e-09, 1.42025280425e-08, 1.14676289797e-07, 1.52340900311e-11, 2.07449214057e-11, 5.93685300573e-12, 1.485233052e-12, 1.18356919317e-12, 1.66601422328e-12, 2.43482122485e-12, 2.61781590329e-13, 3.724591165e-13, 1.90365345015e-12, 3.0929048927e-13, 5.61885661696e-13, 1.90210640207e-13, 9.73260643085e-14, 6.69278136601e-14, 1.80185320874e-13, 6.48564996196e-14, 1.58248031514e-14, 1.10269374876e-14, 4.59153817872e-15, 4.45919393939e-15, 5.1334732465e-15, 1.15113674886e-14, 1.82904974261e-14, 3.41617789693e-15, 1.26900019762e-15, 1.04330085729e-15],
        "dvar2": [2.17708420678e-05, 2.48978831223e-05, 2.18524928641e-06, 1.2153947182e-07, 2.78057541436e-07, 2.05363207328e-07, 3.39074140356e-05, 0.000233494618442, 2.04483782795e-07, 8.33636359943e-09, 2.0762118691e-09, 1.9417543129e-08, 1.22608156516e-07, 3.30798236026e-11, 3.02044708689e-11, 1.3858574878e-11, 3.63165183689e-12, 2.2647378764e-12, 4.35389007833e-12, 5.63220520569e-12, 5.83079320503e-13, 6.44742234861e-13, 3.73882869109e-12, 6.39353750064e-13, 1.40625553736e-12, 4.57996108486e-13, 2.58404490297e-13, 1.85598295088e-13, 4.51957183701e-13, 1.70774974565e-13, 4.14429876864e-14, 2.90785631522e-14, 9.8817159086e-15, 1.22938870184e-14, 1.80965641506e-14, 2.55697511911e-14, 4.04125111196e-14, 6.5691864688e-15, 3.80323849603e-15, 2.70992500189e-15],
        "max": [0.0147951729596, 0.0199736151844, 0.00441224873066, 0.00261705135927, 0.00300731090829, 0.00442731799558, 0.0630586445332, 0.129448965192, 0.00550082465634, 0.000877704995219, 0.000430834363215, 0.00143756752368, 0.00424463907257, 4.41476004198e-05, 5.01738431922e-05, 2.16756307054e-05, 1.11257359094e-05, 1.02772855826e-05, 9.09633945412e-06, 1.09525553853e-05, 3.91619460061e-06, 4.75998194815e-06, 1.17986692203e-05, 4.53061966255e-06, 4.92671006214e-06, 4.2322299123e-06, 2.33423224927e-06, 1.98339193958e-06, 3.74712408302e-06, 2.1821313112e-06, 1.05858271127e-06, 7.90684225649e-07, 7.67264111801e-07, 4.67763214829e-07, 4.87202669319e-07, 1.00754573396e-06, 1.31960950966e-06, 5.95202038767e-07, 3.11939857056e-07, 3.23622089127e-07],
        "mean": [0.00338207068853, 0.00373225659132, 0.00134838279337, 0.000208339464734, 0.00160872924607, 0.000336898257956, 0.00209014792927, 0.00370622496121, 8.94227559911e-05, 1.66464214999e-05, 1.13983651318e-05, 6.09281887591e-05, 0.000168108075741, 4.65782341053e-06, 4.13069574279e-06, 3.63837057193e-06, 2.77926778836e-06, 2.07413154385e-06, 1.90070898043e-06, 1.57373926868e-06, 9.94554511635e-07, 8.6158678414e-07, 1.06696381863e-06, 8.5349188339e-07, 8.63662080519e-07, 1.03829302134e-06, 8.97331915439e-07, 8.16999204289e-07, 7.62005299748e-07, 5.04224374254e-07, 3.60146998446e-07, 3.45306062854e-07, 2.75226994972e-07, 2.77853018815e-07, 2.80398921859e-07, 2.58502495853e-07, 2.39995500806e-07, 2.15340946852e-07, 2.00668196726e-07, 1.90896486174e-07],
        "median": [0.00225771125406, 0.00276176771149, 0.0009629278793, 0.000142496763146, 0.00158724258654, 0.000283870729618, 9.38458542805e-05, 9.68025196926e-05, 1.67004527611e-05, 5.40551400263e-06, 5.41121607966e-06, 4.32256456406e-06, 3.82667894883e-06, 3.44963768839e-06, 3.0861669984e-06, 2.69350562121e-06, 2.47151501753e-06, 1.96404766939e-06, 1.65698099863e-06, 1.25683550323e-06, 8.43273085138e-07, 6.81813162373e-07, 8.20844377358e-07, 7.43324733321e-07, 7.05347531493e-07, 9.34915647122e-07, 8.40769757815e-07, 7.76650040279e-07, 6.48786908641e-07, 4.67902054879e-07, 3.22395209196e-07, 3.19806446214e-07, 2.68583818297e-07, 2.65029740376e-07, 2.79665016478e-07, 2.4162213208e-07, 2.13224879531e-07, 2.05568639444e-07, 1.96514378104e-07, 1.90901843666e-07],
        "min": [2.12237937376e-05, 3.19061255141e-05, 9.97434744932e-06, 5.20094909007e-06, 1.77701786015e-05, 1.2368464013e-05, 7.97808297648e-06, 3.64065613212e-06, 5.38434449027e-07, 6.06549747317e-07, 6.88469526722e-07, 3.07740151584e-07, 1.6133779468e-07, 1.48917296272e-08, 4.97120709042e-08, 2.25131149278e-08, 2.44190943022e-08, 2.32544081769e-08, 1.62157505201e-08, 1.00419272897e-08, 4.31316387051e-08, 3.58069733863e-08, 3.66676644603e-08, 7.33112841544e-08, 5.09489765932e-08, 2.35242456625e-08, 1.40481635214e-08, 1.83783939178e-08, 7.06859148991e-09, 1.64416640303e-08, 1.27776980108e-08, 7.35281435738e-09, 1.60931588056e-08, 6.59477183973e-09, 4.71923966572e-09, 5.02666486213e-09, 3.14403414414e-09, 3.73041642021e-09, 6.35571462126e-09, 2.22535589955e-09],
        "var": [9.65315211943e-06, 1.00541947177e-05, 1.13594921913e-06, 8.05578821428e-08, 3.32142718662e-07, 1.98389059847e-07, 7.40653558751e-05, 0.000261294539087, 3.30776714463e-07, 8.27873147813e-09, 1.97620320108e-09, 4.91121632251e-08, 4.19474559976e-07, 2.81214947162e-11, 2.93049820521e-11, 8.59906416906e-12, 2.31596707957e-12, 1.47350339395e-12, 1.65285244259e-12, 2.38348902247e-12, 3.09242025433e-13, 5.18467322026e-13, 2.25691774297e-12, 3.92051137648e-13, 5.04267309333e-13, 3.10361491281e-13, 1.41939614901e-13, 8.30040178842e-14, 2.31700943154e-13, 7.23117448082e-14, 2.60708711293e-14, 1.47231673468e-14, 8.0199391846e-15, 6.24974027472e-15, 6.58519962667e-15, 1.43729852916e-14, 2.12171724417e-14, 4.56427981144e-15, 2.20331650196e-15, 1.72927599533e-15]
    },
    "mfcc": {
        "mean": [-691.958435059, 137.82749939, 52.8433380127, 38.3062820435, 13.804602623, 6.57766771317, 3.02176737785, -7.52575826645, -7.19962787628, 1.59977555275, 1.10078418255, 5.44538545609, 8.87917327881],
        "cov": [[751.644958496, 189.277694702, -22.2544994354, -127.943435669, -87.9368896484, -25.3465557098, 6.81083011627, -10.1488237381, 12.737786293, 11.6056585312, -2.38941645622, 60.774230957, 82.7050628662], [189.277694702, 212.181915283, 24.3267173767, -113.501930237, -116.028610229, -68.0149612427, -8.4591293335, 9.74999904633, 21.7848854065, 7.47059249878, 21.5628890991, 49.9914970398, 94.6335830688], [-22.2544994354, 24.3267173767, 45.7558708191, 8.05066299438, 2.84241509438, 3.05444002151, 6.04713344574, -2.52295899391, -1.89627802372, 9.20805263519, 10.0117406845, 6.86603736877, 18.3796596527], [-127.943435669, -113.501930237, 8.05066299438, 115.986740112, 102.822349548, 46.6250610352, 12.2167348862, -4.29919147491, -2.93038845062, 13.5238447189, 1.24437618256, -19.5359649658, -46.5847015381], [-87.9368896484, -116.028610229, 2.84241509438, 102.822349548, 122.845504761, 69.9702682495, 24.0376987457, 4.51901578903, -0.700972497463, 8.17080211639, -9.85596752167, -26.3741893768, -50.8246269226], [-25.3465557098, -68.0149612427, 3.05444002151, 46.6250610352, 69.9702682495, 66.9037399292, 32.3982543945, 11.4206981659, -2.40839409828, -2.04361104965, -15.1761465073, -24.0666503906, -28.7985153198], [6.81083011627, -8.4591293335, 6.04713344574, 12.2167348862, 24.0376987457, 32.3982543945, 46.2607536316, 24.1991653442, 3.64035129547, -3.57534384727, -11.3781118393, -9.45764255524, 1.68056476116], [-10.1488237381, 9.74999904633, -2.52295899391, -4.29919147491, 4.51901578903, 11.4206981659, 24.1991653442, 41.7993545532, 14.6015148163, -13.1357860565, -13.2845067978, -3.81979036331, 3.33559513092], [12.737786293, 21.7848854065, -1.89627802372, -2.93038845062, -0.700972497463, -2.40839409828, 3.64035129547, 14.6015148163, 21.9275074005, 3.73185253143, -1.90559017658, 1.82036662102, 5.61745214462], [11.6056585312, 7.47059249878, 9.20805263519, 13.5238447189, 8.17080211639, -2.04361104965, -3.57534384727, -13.1357860565, 3.73185253143, 31.4941539764, 19.7687931061, 7.50063896179, 10.0292825699], [-2.38941645622, 21.5628890991, 10.0117406845, 1.24437618256, -9.85596752167, -15.1761465073, -11.3781118393, -13.2845067978, -1.90559017658, 19.7687931061, 31.7325630188, 16.5506515503, 15.8026819229], [60.774230957, 49.9914970398, 6.86603736877, -19.5359649658, -26.3741893768, -24.0666503906, -9.45764255524, -3.81979036331, 1.82036662102, 7.50063896179, 16.5506515503, 37.8865814209, 38.0652999878], [82.7050628662, 94.6335830688, 18.3796596527, -46.5847015381, -50.8246269226, -28.7985153198, 1.68056476116, 3.33559513092, 5.61745214462, 10.0292825699, 15.8026819229, 38.0652999878, 83.3907318115]],
