{
"lowlevel": {
    "average_loudness": 0.892105102539,
    "barkbands_crest": {
        "dmean": 1.85726642609,
        "dmean2": 2.81596469879,
        "dvar": 4.68849229813,
        "dvar2": 12.2735309601,
        "max": 26.8910884857,
        "mean": 21.0578517914,
        "median": 23.0050086975,
        "min": 4.11143827438,
        "var": 30.5458850861
    },
    "barkbands_flatness_db": {
        "dmean": 0.0179076418281,
        "dmean2": 0.0200411546975,
        "dvar": 0.000363740255125,
        "dvar2": 0.000455087982118,
        "max": 0.480876386166,
        "mean": 0.345309108496,
        "median": 0.359631508589,
        "min": 0.0394241921604,
        "var": 0.00563417281955
    },
    "barkbands_kurtosis": {
        "dmean": 21.1583652496,
        "dmean2": 35.8841934204,
        "dvar": 2281.45410156,
        "dvar2": 7136.23046875,
        "max": 449.609893799,
        "mean": 36.6888504028,
        "median": 15.9936885834,
        "min": -1.67217814922,
        "var": 3598.33081055
    },
    "barkbands_skewness": {
        "dmean": 1.03929710388,
        "dmean2": 1.52447319031,
        "dvar": 0.81542289257,
        "dvar2": 1.8568584919,
        "max": 7.59095525742,
        "mean": -2.0612642765,
        "median": -1.92554545403,
        "min": -10.783952713,
        "var": 15.4452371597
    },
    "barkbands_spread": {
        "dmean": 2.2054040432,
        "dmean2": 2.97116422653,
        "dvar": 25.2972679138,
        "dvar2": 18.0052318573,
        "max": 69.6069641113,
        "mean": 5.57980775833,
        "median": 2.60108995438,
        "min": 0.142561078072,
        "var": 68.9614181519
    },
    "dissonance": {
        "dmean": 0.0908848568797,
        "dmean2": 0.154815867543,
        "dvar": 0.0051261568442,
        "dvar2": 0.0135888541117,
        "max": 0.498856246471,
        "mean": 0.276671350002,
        "median": 0.254218429327,
        "min": 0.0988911911845,
        "var": 0.010616550222
    },
    "dynamic_complexity": 4.00896930695,
    "erbbands_crest": {
        "dmean": 0.929668962955,
        "dmean2": 1.0917289257,
        "dvar": 2.78630042076,
        "dvar2": 3.06237697601,
        "max": 31.2103881836,
        "mean": 25.0790100098,
        "median": 26.0152683258,
        "min": 3.79577279091,
        "var": 20.5842399597
    },
    "erbbands_flatness_db": {
        "dmean": 0.0186713375151,
        "dmean2": 0.0219420790672,
        "dvar": 0.000375724048354,
        "dvar2": 0.000560450018384,
        "max": 0.514732599258,
        "mean": 0.387721806765,
        "median": 0.404529839754,
        "min": 0.0725241079926,
        "var": 0.00590970925987
    },
    "erbbands_kurtosis": {
        "dmean": 16.7529029846,
        "dmean2": 26.062204361,
        "dvar": 308.399902344,
        "dvar2": 874.008178711,
        "max": 136.430709839,
        "mean": 74.9942703247,
        "median": 85.8067474365,
        "min": -1.18772184849,
        "var": 1351.25500488
    },
    "erbbands_skewness": {
        "dmean": 1.42647707462,
        "dmean2": 2.35728645325,
        "dvar": 1.55204224586,
        "dvar2": 4.54854679108,
        "max": 6.85075044632,
        "mean": 0.638821721077,
        "median": 0.87998521328,
        "min": -5.60203552246,
        "var": 8.41230106354
    },
    "erbbands_spread": {
        "dmean": 1.22545170784,
        "dmean2": 1.28870999813,
        "dvar": 33.8485679626,
        "dvar2": 19.1626281738,
        "max": 80.6582565308,
        "mean": 2.81766104698,
        "median": 0.93337982893,
        "min": 0.334517747164,
        "var": 79.7205047607
    },
    "hfc": {
        "dmean": 2.87879800797,
        "dmean2": 3.17975378036,
        "dvar": 44.0646629333,
        "dvar2": 81.4339675903,
        "max": 57.2824478149,
        "mean": 11.5402412415,
        "median": 6.66995954514,
        "min": 0.0409904941916,
        "var": 158.497146606
    },
    "melbands_crest": {
        "dmean": 2.43407011032,
        "dmean2": 3.8864159584,
        "dvar": 7.33179569244,
        "dvar2": 18.8466739655,
        "max": 31.8543758392,
        "mean": 22.3884620667,
        "median": 23.5723876953,
        "min": 4.84837150574,
        "var": 28.5020465851
    },
    "melbands_flatness_db": {
        "dmean": 0.0192109588534,
        "dmean2": 0.0220174901187,
        "dvar": 0.000421870994614,
        "dvar2": 0.000617668207269,
        "max": 0.552669286728,
        "mean": 0.431071549654,
        "median": 0.449720978737,
        "min": 0.0808257982135,
        "var": 0.00593788409606
    },
    "melbands_kurtosis": {
        "dmean": 10.4299535751,
        "dmean2": 17.5214138031,
        "dvar": 353.674530029,
        "dvar2": 840.001403809,
        "max": 189.488891602,
        "mean": 23.5152893066,
        "median": 9.42564964294,
        "min": -1.91302406788,
        "var": 1569.14575195
    },
    "melbands_skewness": {
        "dmean": 0.97811871767,
        "dmean2": 1.55636048317,
        "dvar": 1.25296068192,
        "dvar2": 3.08902525902,
        "max": 10.8106155396,
        "mean": -1.09731554985,
        "median": -1.30074739456,
        "min": -6.52453422546,
        "var": 13.4920663834
    },
    "melbands_spread": {
        "dmean": 2.79340386391,
        "dmean2": 4.37540245056,
        "dvar": 15.835647583,
        "dvar2": 23.0703639984,
        "max": 43.8386421204,
        "mean": 9.76780033112,
        "median": 5.69425487518,
        "min": 0.603241980076,
        "var": 76.6399307251
    },
    "pitch_salience": {
        "dmean": 0.0673155412078,
        "dmean2": 0.0979128926992,
        "dvar": 0.00403825333342,
        "dvar2": 0.00639815023169,
        "max": 0.907013118267,
        "mean": 0.2799872756,
        "median": 0.265009045601,
        "min": 0.0383565910161,
        "var": 0.0293243769556
    },
    "silence_rate_20dB": {
        "dmean": 0,
        "dmean2": 0,
        "dvar": 0,
        "dvar2": 0,
        "max": 1,
        "mean": 1,
        "median": 1,
        "min": 1,
        "var": 0
    },
    "silence_rate_30dB": {
        "dmean": 0,
        "dmean2": 0,
        "dvar": 0,
        "dvar2": 0,
        "max": 1,
        "mean": 1,
        "median": 1,
        "min": 1,
        "var": 0
    },
    "silence_rate_60dB": {
        "dmean": 0.0333333350718,
        "dmean2": 0.0674157291651,
        "dvar": 0.0322222188115,
        "dvar2": 0.0628708526492,
        "max": 1,
        "mean": 0.230769231915,
        "median": 0,
        "min": 0,
        "var": 0.177514731884
    },
    "spectral_centroid": {
        "dmean": 30.0468158722,
        "dmean2": 36.4881858826,
        "dvar": 12161.7275391,
        "dvar2": 12352.0761719,
        "max": 2038.92712402,
        "mean": 809.776428223,
        "median": 810.754699707,
        "min": 619.105041504,
        "var": 21005.9140625
    },
    "spectral_complexity": {
        "dmean": 0.977777779102,
        "dmean2": 1.53932583332,
        "dvar": 5.4883980751,
        "dvar2": 8.92261123657,
        "max": 21,
        "mean": 3.5824174881,
        "median": 2,
        "min": 0,
        "var": 15.5838489532
    },
    "spectral_decrease": {
        "dmean": 8.06764932637e-10,
        "dmean2": 9.06706654202e-10,
        "dvar": 1.84414168663e-18,
        "dvar2": 2.45008022986e-18,
        "max": -1.55330939083e-11,
        "mean": -3.64473162762e-09,
        "median": -1.99500860276e-09,
        "min": -1.76217813674e-08,
        "var": 1.63748822954e-17
    },
    "spectral_energy": {
        "dmean": 0.00330379838124,
        "dmean2": 0.00366836157627,
        "dvar": 3.16164914693e-05,
        "dvar2": 4.32980086771e-05,
        "max": 0.0706591755152,
        "mean": 0.0148027595133,
        "median": 0.00813461001962,
        "min": 6.2343555328e-05,
        "var": 0.00026746513322
    },
    "spectral_energyband_high": {
        "dmean": 6.63676910335e-05,
        "dmean2": 8.65960610099e-05,
        "dvar": 1.35221199571e-07,
        "dvar2": 3.05713257376e-07,
        "max": 0.00315220188349,
        "mean": 9.36879005167e-05,
        "median": 1.87515536254e-06,
        "min": 2.73712572607e-07,
        "var": 1.33962245741e-07
    },
    "spectral_energyband_low": {
        "dmean": 0.000201827366254,
        "dmean2": 0.000343697494827,
        "dvar": 8.67768363833e-08,
        "dvar2": 2.40610432911e-07,
        "max": 0.00224189599976,
        "mean": 0.000318460079143,
        "median": 0.000252801954048,
        "min": 5.42351699551e-06,
        "var": 1.25095439785e-07
    },
    "spectral_energyband_middle_high": {
        "dmean": 0.00172497320455,
        "dmean2": 0.0015759797534,
        "dvar": 6.09723838352e-06,
        "dvar2": 7.17126340533e-06,
        "max": 0.0432519167662,
        "mean": 0.00765993632376,
        "median": 0.00491555873305,
        "min": 3.23729618685e-05,
        "var": 7.90104313637e-05
    },
    "spectral_energyband_middle_low": {
        "dmean": 0.00195112149231,
        "dmean2": 0.00253234663978,
        "dvar": 2.47554053203e-05,
        "dvar2": 3.29478680214e-05,
        "max": 0.0689946562052,
        "mean": 0.00736488029361,
        "median": 0.00058061972959,
        "min": 1.83346674021e-05,
        "var": 0.000248470081715
    },
    "spectral_entropy": {
        "dmean": 0.209225043654,
        "dmean2": 0.227919712663,
        "dvar": 0.0654934346676,
        "dvar2": 0.0703953355551,
        "max": 8.57641983032,
        "mean": 5.24940633774,
        "median": 5.10623884201,
        "min": 3.7966697216,
        "var": 0.710743486881
    },
    "spectral_flux": {
        "dmean": 0.0114505793899,
        "dmean2": 0.0173304788768,
        "dvar": 0.000344609026797,
        "dvar2": 0.000767185876612,
        "max": 0.163288921118,
        "mean": 0.0259262677282,
        "median": 0.016997685656,
        "min": 0.00701242685318,
        "var": 0.000675297516864
    },
    "spectral_kurtosis": {
        "dmean": 6.10156440735,
        "dmean2": 10.5220870972,
        "dvar": 40.8040390015,
        "dvar2": 109.652923584,
        "max": 67.9560317993,
        "mean": 30.7125320435,
        "median": 28.1882190704,
        "min": 1.32566213608,
        "var": 263.3722229
    },
    "spectral_rms": {
        "dmean": 0.000403958198149,
        "dmean2": 0.000454009743407,
        "dvar": 3.89902197639e-07,
        "dvar2": 5.24957215475e-07,
        "max": 0.0083027575165,
        "mean": 0.00331129087135,
        "median": 0.00281712715514,
        "min": 0.000246623152634,
        "var": 3.47706304638e-06
    },
    "spectral_rolloff": {
        "dmean": 129.19921875,
        "dmean2": 135.24786377,
        "dvar": 1227742,
        "dvar2": 1171291,
        "max": 11735.5957031,
        "mean": 939.180114746,
        "median": 839.794921875,
        "min": 624.462890625,
        "var": 1300950.375
    },
    "spectral_skewness": {
        "dmean": 0.46841865778,
        "dmean2": 0.784702658653,
        "dvar": 0.18022069335,
        "dvar2": 0.469618707895,
        "max": 7.0634727478,
        "mean": 4.48879766464,
        "median": 4.47655248642,
        "min": 1.28867197037,
        "var": 1.4339454174
    },
    "spectral_spread": {
        "dmean": 720043.875,
        "dmean2": 889686.1875,
        "dvar": 3.19694359757e+12,
        "dvar2": 1.52307643187e+12,
        "max": 28016498,
        "mean": 3470187.25,
        "median": 2894992.5,
        "min": 1301179.625,
        "var": 9.82945313587e+12
    },
    "spectral_strongpeak": {
        "dmean": 0.393997490406,
        "dmean2": 0.406875610352,
        "dvar": 0.163162410259,
        "dvar2": 0.241396635771,
        "max": 6.88997650146,
        "mean": 2.83184242249,
        "median": 2.45702910423,
        "min": 0.009730393067,
        "var": 2.57971739769
    },
    "zerocrossingrate": {
        "dmean": 0.00301649305038,
        "dmean2": 0.00319303013384,
        "dvar": 0.000106597173726,
        "dvar2": 0.000209380552405,
        "max": 0.1689453125,
        "mean": 0.0394005402923,
        "median": 0.037109375,
        "min": 0.01025390625,
        "var": 0.000318949925713
    },
    "barkbands": {
        "dmean": [6.40885173198e-06, 0.000135527545353, 8.3798673586e-05, 2.81813663605e-05, 9.8345677543e-05, 7.64252035879e-05, 1.97809968085e-05, 0.000758553796913, 0.00112014333718, 0.00168147333898, 6.57455893815e-05, 4.93244515383e-05, 6.11957075307e-05, 3.62365972251e-06, 6.71548377795e-06, 5.53104769097e-07, 5.58304748211e-07, 2.24447330766e-06, 3.58483293894e-06, 8.3462391558e-06, 2.36099481299e-06, 3.24843449562e-06, 6.24025324214e-06, 6.97954419593e-06, 1.83304910024e-05, 1.78531881829e-05, 8.48190938996e-06],
        "dmean2": [1.12980505946e-05, 0.00023032433819, 0.000137746610562, 4.69414517283e-05, 0.000155563451699, 0.000121281416796, 2.73914338322e-05, 0.000883975240868, 0.00144466909114, 0.00155978696421, 9.34120180318e-05, 7.04476624378e-05, 9.80094700935e-05, 4.58682779936e-06, 9.53226208367e-06, 8.35873777305e-07, 9.25537051444e-07, 2.8809909054e-06, 5.2067807701e-06, 1.1224174159e-05, 2.8595202366e-06, 4.37485186922e-06, 9.27797100303e-06, 1.0666183698e-05, 2.59245225607e-05, 2.10337784665e-05, 1.22321098388e-05],
        "dvar": [7.65833368943e-11, 5.75083660692e-08, 8.58798543391e-09, 5.74435965461e-09, 2.48644028034e-07, 1.54490152227e-07, 6.79350087296e-09, 3.68409087059e-06, 1.14530184874e-05, 5.42390989722e-06, 7.71382602238e-08, 2.63133461686e-08, 4.21924220007e-08, 9.08374903075e-11, 4.59083049353e-10, 7.25965728504e-12, 7.65368757955e-12, 5.30457656966e-11, 3.67399832779e-10, 9.74596292558e-10, 1.17932663635e-10, 3.23296112104e-10, 1.45625589365e-09, 1.15668685741e-09, 1.20673222526e-08, 9.44884170906e-09, 2.80621881288e-09],
        "dvar2": [2.23123589049e-10, 1.54597898927e-07, 2.46082496602e-08, 1.47522980498e-08, 6.1977777932e-07, 3.88456271594e-07, 1.44417331427e-08, 4.36210893895e-06, 2.15245891013e-05, 5.29852422915e-06, 1.66611144437e-07, 6.46360902579e-08, 1.05350103752e-07, 1.05563946473e-10, 7.21389503688e-10, 1.83420553052e-11, 2.1270717826e-11, 9.16112324889e-11, 9.07234232184e-10, 1.11372722156e-09, 2.38318198509e-10, 7.59570739639e-10, 3.64991437074e-09, 2.82486656289e-09, 2.95319360077e-08, 2.06567332128e-08, 6.92231916233e-09],
        "max": [6.34171519778e-05, 0.00196725665592, 0.000531588448212, 0.000521970214322, 0.00356752565131, 0.00276917335577, 0.00067961437162, 0.0300284512341, 0.0391377881169, 0.0432370714843, 0.00221292232163, 0.00120547693223, 0.00136525370181, 9.06431378098e-05, 0.00020258197037, 2.22817252507e-05, 2.43867089011e-05, 8.61476000864e-05, 0.00014720443869, 0.000316846882924, 9.42081023823e-05, 0.000142440068885, 0.000293444289127, 0.000299817475025, 0.0008896633517, 0.000844417896587, 0.000392799498513],
        "mean": [9.50918820308e-06, 0.000197074390599, 0.000102065721876, 2.49983168032e-05, 7.77417808422e-05, 4.81194911117e-05, 1.6825613784e-05, 0.0026618889533, 0.00377368787304, 0.00751414615661, 7.10632812115e-05, 9.35959251365e-05, 7.46399236959e-05, 8.72840246302e-06, 2.18115328607e-05, 6.46539547233e-07, 6.88875104515e-07, 6.08262189417e-06, 3.60888066098e-06, 2.4859313271e-05, 3.34769151777e-06, 2.96546249956e-06, 5.91127400185e-06, 1.22906640172e-05, 1.84532527783e-05, 2.16615262616e-05, 6.18095009486e-06],
        "median": [5.4912975429e-06, 0.000123227044242, 5.12538317707e-05, 1.3207702068e-05, 1.9440512915e-05, 4.96320080856e-06, 2.86843601316e-06, 4.48983064416e-06, 5.73291299588e-06, 0.00501008564606, 1.77104993782e-06, 1.11034387373e-06, 6.13179224729e-07, 2.86874001176e-06, 4.72172757782e-07, 2.10955548141e-07, 1.9199542578e-07, 1.44067058727e-07, 4.22213304319e-07, 2.60744457137e-07, 1.29569087903e-07, 1.32170015377e-07, 1.12763657967e-07, 1.62125317615e-07, 1.49643639702e-07, 2.22623768309e-07, 6.35847527519e-07],
        "min": [4.41433449794e-08, 1.37508163789e-06, 8.46733314575e-07, 6.29356634363e-07, 5.43641476725e-07, 2.90786147161e-07, 3.93126015297e-07, 4.36427740169e-07, 5.97895962073e-07, 3.01637974189e-05, 1.66825628867e-07, 2.04478993737e-07, 9.65291846455e-08, 1.2696051499e-07, 9.62240847002e-08, 3.74177204776e-08, 6.24791596238e-08, 3.07162224544e-08, 5.07492998736e-08, 4.22387920196e-08, 5.24328136464e-08, 2.7506924738e-08, 2.10517523414e-08, 4.15071816917e-08, 3.33938316999e-08, 3.53275666498e-08, 4.1656956995e-08],
        "var": [1.43966102928e-10, 7.53635731598e-08, 1.314828868e-08, 3.07178815717e-09, 1.38070774369e-07, 8.48285992561e-08, 5.58803847639e-09, 4.46859230578e-05, 8.2961829321e-05, 8.01503338153e-05, 7.29688807155e-08, 4.9918085665e-08, 5.84719757057e-08, 2.73134348472e-10, 2.91484769654e-09, 5.73405429041e-12, 7.49677663697e-12, 2.63522537125e-10, 2.39422870418e-10, 4.51401049872e-09, 1.35588373862e-10, 2.34974872892e-10, 9.73723213171e-10, 1.60791557846e-09, 9.17054343574e-09, 9.5377883369e-09, 1.69123892668e-09]
    },
    "erbbands": {
        "dmean": [0.00409928476438, 0.0319835282862, 0.10302054137, 0.072951592505, 0.30058580637, 0.274217873812, 0.553744733334, 0.484471201897, 0.247558400035, 0.944724798203, 32.5940818787, 19.071559906, 47.4228096008, 20.290561676, 2.52664422989, 1.73460233212, 3.17452120781, 0.568259835243, 0.290387332439, 0.170805796981, 0.025249004364, 0.0327885709703, 0.0460708290339, 0.234354376793, 0.176426097751, 0.203584104776, 0.31315356493, 0.0785457417369, 0.0966711863875, 0.128564670682, 0.203261718154, 0.203777298331, 0.100841201842, 0.0468466803432, 0.227031975985, 0.111438319087, 0.0284365024418, 0.00734809832647, 0.00183828605805, 5.48915013496e-05],
        "dmean2": [0.00684205815196, 0.0552066750824, 0.169425681233, 0.124121442437, 0.483476608992, 0.408500105143, 0.883372426033, 0.771521925926, 0.360324680805, 1.26938128471, 37.2346572876, 24.6547660828, 44.8455352783, 18.7969608307, 3.27567911148, 2.5053999424, 5.13350009918, 0.786011099815, 0.409116923809, 0.240079149604, 0.035996299237, 0.0541474036872, 0.0616276040673, 0.316273540258, 0.269622683525, 0.269427537918, 0.432131916285, 0.084647744894, 0.122337251902, 0.195049807429, 0.301628828049, 0.332392513752, 0.13340421021, 0.0664487034082, 0.322137713432, 0.149897426367, 0.0259291250259, 0.00981808360666, 0.00258506182581, 7.87848839536e-05],
        "dvar": [5.53888530703e-05, 0.00279702153057, 0.0131089184433, 0.020142134279, 1.92953574657, 2.01703047752, 7.38069391251, 6.23460197449, 1.20903193951, 5.7801566124, 7391.5390625, 2934.67944336, 4557.18701172, 893.947753906, 87.4083404541, 29.1777648926, 110.176261902, 3.44864034653, 0.725059151649, 0.295258879662, 0.0130396652967, 0.0244479477406, 0.022282121703, 0.725299477577, 0.854670107365, 0.742964446545, 1.53337967396, 0.105499662459, 0.275927126408, 0.570715487003, 1.54004883766, 0.820692718029, 0.253461480141, 0.0794058889151, 1.81275570393, 0.437212079763, 0.0190610680729, 0.00187223416287, 0.000127088103909, 1.05353016977e-07],
        "dvar2": [0.000138731062179, 0.00764519441873, 0.0374498181045, 0.0523854605854, 4.98217630386, 4.87655687332, 18.4336471558, 15.6422643661, 2.81746673584, 9.30324840546, 8741.35058594, 5340.65380859, 4483.54394531, 1332.13952637, 181.371887207, 65.9679260254, 279.692138672, 7.18668031693, 1.20942270756, 0.440352201462, 0.0310564693063, 0.0680837258697, 0.0463817752898, 1.55646502972, 2.25260329247, 1.02051353455, 1.82319569588, 0.151150807738, 0.62277764082, 1.44196331501, 3.86404633522, 2.22992300987, 0.561160504818, 0.19388975203, 4.40852832794, 1.03561985493, 0.0337680876255, 0.00449411384761, 0.000308626098558, 2.60050768475e-07],
        "max": [0.0660372152925, 0.393144071102, 0.597618103027, 0.929505705833, 9.64070415497, 10.3895301819, 19.0473442078, 17.934879303, 8.80528926849, 30.9688072205, 1317.94335938, 612.246154785, 1094.70556641, 488.938751221, 76.9575805664, 40.6163253784, 71.09740448, 16.3847293854, 6.77189350128, 5.44910955429, 1.03574299812, 1.40212488174, 1.30092287064, 6.85998344421, 7.33960580826, 8.00012969971, 11.9039535522, 2.96293091774, 4.28227996826, 5.87617254257, 9.46598720551, 7.15848207474, 4.66341114044, 2.22688031197, 10.999587059, 5.21342372894, 1.37328994274, 0.347691208124, 0.085127979517, 0.00246284692548],
        "mean": [0.00674221105874, 0.0400384329259, 0.124158188701, 0.0855575203896, 0.24162890017, 0.203172832727, 0.346154987812, 0.326343744993, 0.275411874056, 3.04179906845, 116.68132019, 64.6123275757, 198.437911987, 87.0781097412, 4.70500612259, 3.88333773613, 4.36514997482, 1.00216305256, 0.867201089859, 0.587894141674, 0.0458138026297, 0.0438234955072, 0.105403415859, 0.430457383394, 0.210667133331, 0.582138478756, 0.889981627464, 0.164745405316, 0.0945087075233, 0.108267478645, 0.195072948933, 0.240647152066, 0.198815122247, 0.0453410409391, 0.235470786691, 0.101333871484, 0.048792053014, 0.00697709945962, 0.00140424119309, 6.21983854217e-05],
        "median": [0.00365219265223, 0.0269005838782, 0.0551233999431, 0.0588504523039, 0.0751585885882, 0.0500763915479, 0.0364048741758, 0.0370293296874, 0.0539044775069, 0.0628224462271, 0.215488433838, 4.13486003876, 126.47277832, 59.9111442566, 2.18780183792, 0.192377179861, 0.0482697710395, 0.0667660087347, 0.10104508698, 0.0245098490268, 0.011768377386, 0.01154486835, 0.00923600792885, 0.0208659116179, 0.0137903187424, 0.0137896202505, 0.00861674267799, 0.00503458362073, 0.00491705304012, 0.00391451548785, 0.00321789062582, 0.00355177791789, 0.00250969314948, 0.00162785325665, 0.00114830804523, 0.000813983264379, 0.000427616527304, 0.000200885857339, 8.22097354103e-05, 1.84243563126e-05],
        "min": [3.0276562029e-05, 0.000368745415471, 0.00177311187144, 0.00589107722044, 0.00391589384526, 0.0011493609054, 0.000458328780951, 0.0032195309177, 0.00608613342047, 0.0057714432478, 0.0228409152478, 0.121202930808, 0.780888438225, 0.571387469769, 0.119565218687, 0.0249547921121, 0.012960838154, 0.00795221235603, 0.00783937983215, 0.00446610106155, 0.00349086453207, 0.00403169170022, 0.00276899896562, 0.00262178992853, 0.00263067963533, 0.00180831027683, 0.00172260485124, 0.00213419878855, 0.00105905032251, 0.000763619609643, 0.000624888227321, 0.00103850464802, 0.000544518930838, 0.000393392692786, 0.000227270254982, 0.000120811084344, 7.01759199728e-05, 2.25697203859e-05, 7.5071984611e-06, 8.3269338802e-07],
        "var": [9.92292916635e-05, 0.00312088546343, 0.0200658030808, 0.0127474479377, 1.00913858414, 1.17618262768, 4.05448007584, 3.55597496033, 0.916098892689, 49.8893814087, 86296.234375, 20541.8828125, 50404.9414062, 10460.671875, 82.7309417725, 75.6541976929, 165.222717285, 7.85346460342, 3.29827475548, 2.04119896889, 0.0149132329971, 0.0249898992479, 0.0710093080997, 1.1769708395, 0.635221660137, 2.43824577332, 6.06551027298, 0.233364209533, 0.21550796926, 0.388109266758, 1.01836705208, 0.77169239521, 0.402648121119, 0.0566484704614, 1.41559755802, 0.313511997461, 0.034942869097, 0.00140846055001, 8.03924776847e-05, 6.61171597471e-08]
    },
    "gfcc": {
        "mean": [-190.645645142, 104.265144348, -80.7931365967, -39.1987724304, -58.1362304688, 24.8487319946, 23.0032463074, 28.310382843, -26.458240509, -20.417678833, -28.5671901703, -11.3305521011, 1.734202981],
        "cov": [[5073.56347656, -1915.49414062, -1308.1307373, -650.387390137, -1144.46289062, -515.914916992, -827.746765137, -243.721542358, -216.400283813, 993.592346191, 185.241622925, -569.176147461, -789.123535156], [-1915.49414062, 1187.18408203, 320.747009277, 135.548690796, 410.099212646, 114.908699036, 436.738800049, 85.1566162109, 60.2469787598, -492.398651123, -70.2447128296, 110.146194458, 277.059448242], [-1308.1307373, 320.747009277, 902.779663086, 393.82598877, 472.752807617, 273.907562256, 156.140548706, 38.5543441772, 55.8160362244, -266.481201172, -91.632194519, 382.818634033, 374.860473633], [-650.387390137, 135.548690796, 393.82598877, 239.227996826, 224.457244873, 114.125999451, 56.2644386292, 15.9700307846, 34.315864563, -111.733299255, -29.7838535309, 166.43800354, 152.183578491], [-1144.46289062, 410.099212646, 472.752807617, 224.457244873, 391.812194824, 195.541778564, 222.086410522, 63.2675666809, 32.1977348328, -264.799133301, -50.1199760437, 221.31842041, 277.10244751], [-515.914916992, 114.908699036, 273.907562256, 114.125999451, 195.541778564, 156.193481445, 123.778686523, 51.5501785278, 32.4939575195, -99.7799453735, -34.0700416565, 128.25440979, 159.993179321], [-827.746765137, 436.738800049, 156.140548706, 56.2644386292, 222.086410522, 123.778686523, 262.695983887, 82.5908279419, 30.0128440857, -215.627624512, -34.4683532715, 71.2007141113, 161.944229126], [-243.721542358, 85.1566162109, 38.5543441772, 15.9700307846, 63.2675666809, 51.5501785278, 82.5908279419, 57.1787338257, 27.87981987, -34.932964325, -2.32187771797, 20.1498126984, 42.2837333679], [-216.400283813, 60.2469787598, 55.8160362244, 34.315864563, 32.1977348328, 32.4939575195, 30.0128440857, 27.87981987, 53.4247703552, 5.48793840408, -3.81448745728, 17.2972297668, 23.6642360687], [993.592346191, -492.398651123, -266.481201172, -111.733299255, -264.799133301, -99.7799453735, -215.627624512, -34.932964325, 5.48793840408, 302.15322876, 52.154258728, -122.909255981, -183.893005371], [185.241622925, -70.2447128296, -91.632194519, -29.7838535309, -50.1199760437, -34.0700416565, -34.4683532715, -2.32187771797, -3.81448745728, 52.154258728, 38.4280853271, -22.8936901093, -34.0914459229], [-569.176147461, 110.146194458, 382.818634033, 166.43800354, 221.31842041, 128.25440979, 71.2007141113, 20.1498126984, 17.2972297668, -122.909255981, -22.8936901093, 201.946838379, 188.870849609], [-789.123535156, 277.059448242, 374.860473633, 152.183578491, 277.10244751, 159.993179321, 161.944229126, 42.2837333679, 23.6642360687, -183.893005371, -34.0914459229, 188.870849609, 246.664016724]],
        "icov": [[0.00163739640266, 0.000797821674496, -0.000627985573374, 0.00104912300594, 0.00121299363673, 0.000229124823818, -0.00188554788474, 0.00189010892063, 0.00501187657937, -0.00387572706677, -0.000655878917314, 0.000322856940329, 0.000343799649272], [0.000797821674496, 0.0110013512895, -0.00541866524145, 0.00321727758273, -0.00256774690934, 0.0145975649357, -0.0116314217448, 0.00879037007689, -0.0140534546226, 0.0101327840239, -0.00720396498218, 0.0124849239364, -0.00566183635965], [-0.000627985573374, -0.00541866524145, 0.0177152939141, -0.010824425146, 0.000141439333674, -0.00556730804965, 0.00704617332667, -0.00493570417166, 0.00398597493768, -0.00623567821458, 0.0226879194379, -0.0227267108858, -0.000988080515526], [0.00104912300594, 0.00321727758273, -0.010824425146, 0.0246465373784, -0.01261122711, 0.0010601420654, 0.00107723847032, 0.00840236525983, -0.00887666922063, 0.00247600837611, -0.0129463672638, 0.00622441619635, 0.00846098642796], [0.00121299363673, -0.00256774690934, 0.000141439333674, -0.01261122711, 0.0345228984952, -0.0123348701745, -0.000615378201474, -0.00765606528148, 0.011578226462, 0.00501023279503, -0.00354469148442, -0.00223424192518, -0.0108900442719], [0.000229124823818, 0.0145975649357, -0.00556730804965, 0.0010601420654, -0.0123348701745, 0.0679011493921, -0.0305493529886, -0.00255828537047, -0.0158008672297, -0.00608924217522, 0.0205469410866, 0.00121218536515, -0.0186590496451], [-0.00188554788474, -0.0116314217448, 0.00704617332667, 0.00107723847032, -0.000615378201474, -0.0305493529886, 0.0550377592444, -0.034992903471, 0.00286435522139, 0.0168651547283, -3.40022916134e-06, 0.00891153514385, -0.00849517714232], [0.00189010892063, 0.00879037007689, -0.00493570417166, 0.00840236525983, -0.00765606528148, -0.00255828537047, -0.034992903471, 0.0706492885947, -0.0215720590204, -0.00404103007168, -0.0204217713326, 0.00182755466085, 0.0144486743957], [0.00501187657937, -0.0140534546226, 0.00398597493768, -0.00887666922063, 0.011578226462, -0.0158008672297, 0.00286435522139, -0.0215720590204, 0.0761697515845, -0.0410350486636, 0.0148072345182, -0.016150528565, 0.00681045791134], [-0.00387572706677, 0.0101327840239, -0.00623567821458, 0.00247600837611, 0.00501023279503, -0.00608924217522, 0.0168651547283, -0.00404103007168, -0.0410350486636, 0.0529085695744, -0.0275447983295, 0.0275800786912, -0.0094342911616], [-0.000655878917314, -0.00720396498218, 0.0226879194379, -0.0129463672638, -0.00354469148442, 0.0205469410866, -3.40022916134e-06, -0.0204217713326, 0.0148072345182, -0.0275447983295, 0.0818833187222, -0.04067998752, -0.00583061948419], [0.000322856940329, 0.0124849239364, -0.0227267108858, 0.00622441619635, -0.00223424192518, 0.00121218536515, 0.00891153514385, 0.00182755466085, -0.016150528565, 0.0275800786912, -0.04067998752, 0.0742811858654, -0.0271214749664], [0.000343799649272, -0.00566183635965, -0.000988080515526, 0.00846098642796, -0.0108900442719, -0.0186590496451, -0.00849517714232, 0.0144486743957, 0.00681045791134, -0.0094342911616, -0.00583061948419, -0.0271214749664, 0.0475064478815]]
    },
    "melbands": {
        "dmean": [3.58489596692e-05, 4.90831735078e-05, 1.8131771867e-05, 2.35732895817e-05, 1.59797018568e-05, 1.15471748359e-05, 4.08396454077e-06, 6.5751951297e-06, 0.000328549213009, 0.000103214631963, 0.000255605933489, 0.00011158984853, 7.88676243246e-06, 4.25304870078e-06, 5.21797346664e-06, 6.94558275427e-06, 5.07307277076e-07, 3.96350316123e-07, 6.28860675533e-07, 4.9828859261e-08, 2.34594352833e-08, 3.95674923936e-08, 1.79651511445e-08, 9.30028463131e-08, 2.07993167578e-07, 1.33444743255e-07, 1.18710495656e-07, 1.82433922191e-07, 3.43105853062e-07, 4.2491429042e-08, 4.29519282363e-08, 6.0225502807e-08, 6.20626678938e-08, 6.77317402165e-08, 1.02362520238e-07, 1.31882586629e-07, 1.27180683762e-07, 9.97224063326e-08, 1.81044157443e-08, 3.16718811177e-08],
        "dmean2": [6.0705046053e-05, 8.12706421129e-05, 2.9777200325e-05, 3.75533672923e-05, 2.51963756455e-05, 1.83673673746e-05, 5.84857025387e-06, 1.06862289613e-05, 0.000388051295886, 0.000132673609187, 0.000237970336457, 9.92775312625e-05, 1.1256694961e-05, 6.32739329376e-06, 7.49954187995e-06, 1.13735404739e-05, 6.70560609706e-07, 5.54604980607e-07, 8.70367955486e-07, 7.83363347523e-08, 3.52021878314e-08, 6.52557972103e-08, 2.90393558089e-08, 1.19040379332e-07, 2.8059795909e-07, 1.99671362111e-07, 1.8340588781e-07, 2.48442830753e-07, 4.6035151513e-07, 4.73660186628e-08, 5.05580324273e-08, 7.50109734327e-08, 9.47003115925e-08, 1.01880146985e-07, 1.51453591002e-07, 2.04080620847e-07, 2.07130966601e-07, 1.28727535298e-07, 2.59845016615e-08, 4.69581991069e-08],
        "dvar": [4.40831060544e-09, 3.45463169182e-09, 2.86008772221e-09, 1.45019249942e-08, 5.96626614779e-09, 3.5297997858e-09, 3.27483568041e-10, 3.38973876746e-10, 7.95042183199e-07, 9.66148050452e-08, 1.28806973976e-07, 2.46794904513e-08, 1.10415621091e-09, 4.05984745822e-10, 2.35460206888e-10, 5.12482833948e-10, 2.43877184072e-12, 1.11771670478e-12, 3.83206877688e-12, 5.81474633526e-14, 1.18237617098e-14, 3.35236395935e-14, 8.88623535514e-15, 8.78220700372e-14, 5.74065914163e-13, 5.37527270958e-13, 3.1633693603e-13, 4.87244793124e-13, 1.65253845764e-12, 2.04811601029e-14, 3.66829572902e-14, 1.02609557678e-13, 1.04503150653e-13, 1.68157602101e-13, 3.9852002991e-13, 5.37598882511e-13, 3.10014329746e-13, 2.19449133344e-13, 1.16061784275e-14, 4.01494768963e-14],
        "dvar2": [1.16192229171e-08, 9.9822088373e-09, 7.35151139963e-09, 3.65633816557e-08, 1.46376990529e-08, 8.86778472875e-09, 7.32195470921e-10, 8.18442313921e-10, 9.79352194008e-07, 1.7938111796e-07, 1.24222594877e-07, 3.00568174794e-08, 2.34592856252e-09, 9.58160106812e-10, 5.0748794056e-10, 1.37681976931e-09, 4.09295427412e-12, 1.92848775143e-12, 6.09636169671e-12, 1.48620712633e-13, 2.95222559506e-14, 9.36788895154e-14, 2.42933826538e-14, 1.54985196226e-13, 1.23024431354e-12, 1.36997282008e-12, 8.79153032925e-13, 5.77879920565e-13, 1.97659033238e-12, 2.48663614791e-14, 6.92939358237e-14, 2.20446043689e-13, 2.62572217658e-13, 4.27633080856e-13, 9.98077163451e-13, 1.37362419616e-12, 8.37842653329e-13, 4.59158915316e-13, 2.83917312403e-14, 1.00784615029e-13],
        "max": [0.000565231079236, 0.00032284372719, 0.000373659655452, 0.000851994322147, 0.000551106175408, 0.0004242232244, 0.000146195437992, 0.000127682083985, 0.0133565617725, 0.00316950329579, 0.00603187084198, 0.0028787937481, 0.000268496980425, 0.0001580103999, 0.000127725579659, 0.000154992609168, 1.37622837428e-05, 9.00966733752e-06, 1.97807348741e-05, 2.024710966e-06, 9.43466943681e-07, 1.62741298482e-06, 8.24448534331e-07, 3.42896737493e-06, 6.05890454608e-06, 5.59835689273e-06, 4.47826096206e-06, 6.80477069182e-06, 1.28242409119e-05, 1.4342515442e-06, 1.67960558883e-06, 2.64668892669e-06, 2.49442086897e-06, 3.19667537951e-06, 4.76301102026e-06, 5.62041850571e-06, 4.56262023363e-06, 4.50643483418e-06, 8.40733548557e-07, 1.4805026467e-06],
        "mean": [5.51477896806e-05, 6.0779202613e-05, 1.99324185814e-05, 1.79591170308e-05, 1.04244536487e-05, 7.59617250878e-06, 3.49015908796e-06, 1.33382700369e-05, 0.00118042365648, 0.000318570935633, 0.00107638328336, 0.000500375404954, 8.62170509208e-06, 6.42758914182e-06, 1.20125141621e-05, 8.08111690276e-06, 1.01281364095e-06, 1.0943028883e-06, 2.03483295991e-06, 6.29332035373e-08, 2.88233792389e-08, 4.89136553483e-08, 2.32859278526e-08, 2.42305674192e-07, 3.72497964918e-07, 1.3430705792e-07, 1.42091579391e-07, 5.33381580681e-07, 9.5563279956e-07, 9.28999455141e-08, 6.4581641368e-08, 5.82753365563e-08, 5.2719695276e-08, 5.54618466708e-08, 9.00784016267e-08, 1.37581039894e-07, 1.6761561028e-07, 2.13320703324e-07, 1.65747859882e-08, 2.20991296374e-08],
        "median": [3.05377543555e-05, 3.38255376846e-05, 1.31278247864e-05, 4.50153356724e-06, 1.31003218939e-06, 9.0174791012e-07, 7.19295371709e-07, 6.2922191546e-07, 8.04115359188e-07, 9.9173723811e-07, 0.000704443780705, 0.000326592155034, 2.45329374593e-07, 1.28475335259e-07, 9.38609616696e-08, 5.95701266093e-08, 1.58563707942e-07, 2.33616759715e-07, 3.13016030873e-08, 1.59344253348e-08, 1.06344471007e-08, 1.23810321995e-08, 6.35860741838e-09, 6.72705402494e-09, 1.87023676546e-08, 1.45582434996e-08, 7.15690395836e-09, 9.86528014835e-09, 5.41960076816e-09, 3.23244297995e-09, 2.61289945236e-09, 2.71405586894e-09, 2.53988607923e-09, 2.02753702716e-09, 1.89552129548e-09, 1.7359920168e-09, 2.03086880646e-09, 1.79280734702e-09, 1.38506173197e-09, 1.38200906274e-09],
        "min": [3.3496684182e-07, 9.43114628171e-07, 9.86725581242e-07, 1.72566643641e-07, 1.56168624699e-08, 7.17033969977e-08, 9.01762149397e-08, 6.65824089197e-08, 1.0836203046e-07, 1.34734676749e-07, 4.1360585783e-06, 2.63992455984e-06, 2.92308151018e-08, 3.17656123627e-08, 1.58886788171e-08, 1.04384474398e-08, 1.3640749863e-08, 1.2412296968e-08, 7.14317538453e-09, 2.54750220918e-09, 1.98198790713e-09, 4.52055326505e-09, 1.29576527286e-09, 1.28989596782e-09, 2.04198880027e-09, 1.99874361506e-09, 1.50996337656e-09, 1.10656050989e-09, 9.16759612668e-10, 1.30210764393e-09, 1.09759734634e-09, 5.68075975149e-10, 5.30690158485e-10, 3.55189655465e-10, 3.33271937825e-10, 4.57042514945e-10, 7.02446101286e-10, 4.18961643156e-10, 2.64660321436e-10, 2.72734668183e-10],
        "var": [6.37984420848e-09, 4.81873385638e-09, 1.52534129771e-09, 7.85134179893e-09, 3.39531047722e-09, 1.98818206343e-09, 2.48823212035e-10, 8.30340685098e-10, 8.89499369805e-06, 5.56515772132e-07, 1.54388635565e-06, 3.63770709555e-07, 1.05392605754e-09, 3.80959597202e-10, 7.92760079804e-10, 6.87536638733e-10, 6.60597141225e-12, 4.02419287129e-12, 2.59994976937e-11, 4.92577780322e-14, 1.04026352419e-14, 3.35219523038e-14, 8.45962721125e-15, 4.1607700358e-13, 8.79429450269e-13, 3.46378172455e-13, 2.57563691512e-13, 2.0265638126e-12, 7.01170371764e-12, 6.75810590215e-14, 4.68261429523e-14, 8.3664263126e-14, 7.23762412849e-14, 1.1442565374e-13, 2.53277515063e-13, 3.81421511129e-13, 3.38602653945e-13, 4.31401903133e-13, 7.9500166148e-15, 2.40017610686e-14]
    },
    "mfcc": {
        "mean": [-875.788208008, 163.714828491, 21.9456634521, -12.0541038513, -27.9343318939, -0.933641791344, 29.655834198, 27.6341056824, 21.9892406464, 24.7656707764, -7.3301782608, -24.3555088043, -21.2323303223],
        "cov": [[5808.53515625, -1344.80187988, -1038.44421387, -1051.63391113, -1453.06005859, -380.026916504, -264.674285889, -1008.97698975, -1033.12487793, 560.691589355, 306.367431641, 730.576843262, -441.4140625], [-1344.80187988, 669.901245117, 148.459182739, 209.068496704, 221.702972412, -7.61648750305, 115.803436279, 243.003585815, 228.945358276, -72.6934967041, 8.44254016876, -294.370727539, 22.5491352081], [-1038.44421387, 148.459182739, 412.51171875, 293.009887695, 421.099182129, 163.602554321, 9.25738525391, 203.627365112, 228.437805176, -222.84425354, -160.515991211, -83.5213775635, 177.295730591], [-1051.63391113, 209.068496704, 293.009887695, 293.542388916, 378.708282471, 120.426727295, 40.3848953247, 198.128585815, 211.491928101, -163.170471191, -112.524765015, -148.969665527, 126.967895508], [-1453.06005859, 221.702972412, 421.099182129, 378.708282471, 575.200927734, 181.278076172, 43.2856178284, 277.571563721, 300.632537842, -250.322937012, -179.877655029, -180.697738647, 198.517074585], [-380.026916504, -7.61648750305, 163.602554321, 120.426727295, 181.278076172, 115.927146912, 5.95083761215, 76.769317627, 104.313430786, -76.0013885498, -75.7863998413, -10.8443498611, 77.0767974854], [-264.674285889, 115.803436279, 9.25738525391, 40.3848953247, 43.2856178284, 5.95083761215, 60.4249076843, 65.8880767822, 55.5696182251, 5.62972259521, 7.02653455734, -62.9707641602, -10.3253974915], [-1008.97698975, 243.003585815, 203.627365112, 198.128585815, 277.571563721, 76.769317627, 65.8880767822, 227.324493408, 204.518249512, -108.791374207, -63.0267181396, -147.60458374, 84.0893478394], [-1033.12487793, 228.945358276, 228.437805176, 211.491928101, 300.632537842, 104.313430786, 55.5696182251, 204.518249512, 242.220458984, -97.561882019, -82.0173797607, -125.484535217, 93.3161315918], [560.691589355, -72.6934967041, -222.84425354, -163.170471191, -250.322937012, -76.0013885498, 5.62972259521, -108.791374207, -97.561882019, 180.083053589, 94.5140228271, 57.9431190491, -111.898223877], [306.367431641, 8.44254016876, -160.515991211, -112.524765015, -179.877655029, -75.7863998413, 7.02653455734, -63.0267181396, -82.0173797607, 94.5140228271, 100.050865173, 31.6328907013, -69.8996124268], [730.576843262, -294.370727539, -83.5213775635, -148.969665527, -180.697738647, -10.8443498611, -62.9707641602, -147.60458374, -125.484535217, 57.9431190491, 31.6328907013, 223.508895874, -12.5058374405], [-441.4140625, 22.5491352081, 177.295730591, 126.967895508, 198.517074585, 77.0767974854, -10.3253974915, 84.0893478394, 93.3161315918, -111.898223877, -69.8996124268, -12.5058374405, 119.333900452]],
