{
"lowlevel": {
    "average_loudness": 0.852201342583,
    "barkbands_crest": {
        "dmean": 1.31877982616,
        "dmean2": 1.79272806644,
        "dvar": 1.99886822701,
        "dvar2": 3.6631975174,
        "max": 20.4883823395,
        "mean": 15.4484100342,
        "median": 15.9090270996,
        "min": 8.02655410767,
        "var": 8.11122894287
    },
    "barkbands_flatness_db": {
        "dmean": 0.0201835874468,
        "dmean2": 0.0240745004267,
        "dvar": 0.000594719022047,
        "dvar2": 0.000756955996621,
        "max": 0.526022434235,
        "mean": 0.32576328516,
        "median": 0.316081166267,
        "min": 0.144130423665,
        "var": 0.00915569346398
    },
    "barkbands_kurtosis": {
        "dmean": 7.18990278244,
        "dmean2": 12.1052055359,
        "dvar": 97.2263870239,
        "dvar2": 274.499847412,
        "max": 59.2821464539,
        "mean": 11.5905866623,
        "median": 7.3583316803,
        "min": -1.51348662376,
        "var": 157.648269653
    },
    "barkbands_skewness": {
        "dmean": 0.615550458431,
        "dmean2": 1.07193815708,
        "dvar": 0.454816699028,
        "dvar2": 1.22132503986,
        "max": 2.50465250015,
        "mean": -0.064504340291,
        "median": -0.0532148964703,
        "min": -2.18505620956,
        "var": 1.05547857285
    },
    "barkbands_spread": {
        "dmean": 1.37874019146,
        "dmean2": 2.16149783134,
        "dvar": 2.9147465229,
        "dvar2": 7.9201130867,
        "max": 14.7954473495,
        "mean": 3.76141858101,
        "median": 3.14274287224,
        "min": 0.339642882347,
        "var": 6.79806947708
    },
    "dissonance": {
        "dmean": 0.0512512139976,
        "dmean2": 0.0834777355194,
        "dvar": 0.002293251222,
        "dvar2": 0.00644700461999,
        "max": 0.397946923971,
        "mean": 0.258990079165,
        "median": 0.252026349306,
        "min": 0.104409337044,
        "var": 0.00491750892252
    },
    "dynamic_complexity": 7.46205806732,
    "erbbands_crest": {
        "dmean": 1.30566895008,
        "dmean2": 1.58582079411,
        "dvar": 2.11432528496,
        "dvar2": 2.94657611847,
        "max": 25.4705848694,
        "mean": 19.7131958008,
        "median": 20.8245620728,
        "min": 12.3424758911,
        "var": 12.2671260834
    },
    "erbbands_flatness_db": {
        "dmean": 0.0192513801157,
        "dmean2": 0.0235578007996,
        "dvar": 0.000438933580881,
        "dvar2": 0.000711951346602,
        "max": 0.522318005562,
        "mean": 0.362212598324,
        "median": 0.35693231225,
        "min": 0.166072383523,
        "var": 0.00786169525236
    },
    "erbbands_kurtosis": {
        "dmean": 10.5581064224,
        "dmean2": 15.1234359741,
        "dvar": 263.504577637,
        "dvar2": 511.695892334,
        "max": 135.093429565,
        "mean": 21.7376174927,
        "median": 6.84929943085,
        "min": -1.71307992935,
        "var": 954.243103027
    },
    "erbbands_skewness": {
        "dmean": 0.686771452427,
        "dmean2": 0.951223611832,
        "dvar": 0.563601136208,
        "dvar2": 1.15450894833,
        "max": 7.37216043472,
        "mean": 2.28446674347,
        "median": 2.0020878315,
        "min": -1.05462086201,
        "var": 3.77400970459
    },
    "erbbands_spread": {
        "dmean": 0.965427458286,
        "dmean2": 1.28208243847,
        "dvar": 1.88761150837,
        "dvar2": 3.83339047432,
        "max": 12.5534172058,
        "mean": 4.27989578247,
        "median": 4.44923973083,
        "min": 0.457205325365,
        "var": 5.40327262878
    },
    "hfc": {
        "dmean": 2.03802275658,
        "dmean2": 1.88387799263,
        "dvar": 16.951543808,
        "dvar2": 18.2965507507,
        "max": 61.4350852966,
        "mean": 10.975487709,
        "median": 2.25381135941,
        "min": 0.00526509201154,
        "var": 279.498962402
    },
    "melbands_crest": {
        "dmean": 1.98610031605,
        "dmean2": 2.91523528099,
        "dvar": 4.66445207596,
        "dvar2": 10.238199234,
        "max": 31.617609024,
        "mean": 24.4332885742,
        "median": 24.9146347046,
        "min": 10.857966423,
        "var": 21.0210609436
    },
    "melbands_flatness_db": {
        "dmean": 0.0207469481975,
        "dmean2": 0.0242192465812,
        "dvar": 0.000597699836362,
        "dvar2": 0.000730269472115,
        "max": 0.607740163803,
        "mean": 0.424292773008,
        "median": 0.420093536377,
        "min": 0.256952226162,
        "var": 0.00785805378109
    },
    "melbands_kurtosis": {
        "dmean": 5.3064365387,
        "dmean2": 8.264503479,
        "dvar": 70.1240005493,
        "dvar2": 162.916183472,
        "max": 83.9698257446,
        "mean": 7.27633857727,
        "median": 3.53626012802,
        "min": -1.7160525322,
        "var": 119.508613586
    },
    "melbands_skewness": {
        "dmean": 0.599179923534,
        "dmean2": 0.914286911488,
        "dvar": 0.492868870497,
        "dvar2": 1.37918138504,
        "max": 3.7723710537,
        "mean": -0.271602421999,
        "median": -0.252668559551,
        "min": -3.36977171898,
        "var": 1.91045081615
    },
    "melbands_spread": {
        "dmean": 2.34545350075,
        "dmean2": 3.66568589211,
        "dvar": 6.00706624985,
        "dvar2": 15.7215633392,
        "max": 19.1540393829,
        "mean": 6.95836305618,
        "median": 6.92315578461,
        "min": 0.377605021,
        "var": 17.975271225
    },
    "pitch_salience": {
        "dmean": 0.0497751384974,
        "dmean2": 0.0703717321157,
        "dvar": 0.00299577298574,
        "dvar2": 0.00443990388885,
        "max": 0.746429562569,
        "mean": 0.323070466518,
        "median": 0.31665045023,
        "min": 0.0536216013134,
        "var": 0.0144944405183
    },
    "silence_rate_20dB": {
        "dmean": 0,
        "dmean2": 0,
        "dvar": 0,
        "dvar2": 0,
        "max": 1,
        "mean": 1,
        "median": 1,
        "min": 1,
        "var": 0
    },
    "silence_rate_30dB": {
        "dmean": 0,
        "dmean2": 0,
        "dvar": 0,
        "dvar2": 0,
        "max": 1,
        "mean": 1,
        "median": 1,
        "min": 1,
        "var": 0
    },
    "silence_rate_60dB": {
        "dmean": 0.0583333335817,
        "dmean2": 0.117647059262,
        "dvar": 0.0549305230379,
        "dvar2": 0.10380616039,
        "max": 1,
        "mean": 0.528925597668,
        "median": 1,
        "min": 0,
        "var": 0.249163031578
    },
    "spectral_centroid": {
        "dmean": 23.8394470215,
        "dmean2": 31.4576435089,
        "dvar": 910.42565918,
        "dvar2": 1187.92749023,
        "max": 1019.90124512,
        "mean": 701.197631836,
        "median": 672.108032227,
        "min": 563.465209961,
        "var": 8538.99414062
    },
    "spectral_complexity": {
        "dmean": 0.383333325386,
        "dmean2": 0.74789917469,
        "dvar": 0.286388754845,
        "dvar2": 0.659134685993,
        "max": 4,
        "mean": 1.93388426304,
        "median": 2,
        "min": 0,
        "var": 0.640256762505
    },
    "spectral_decrease": {
        "dmean": 6.9874883657e-10,
        "dmean2": 6.40898001336e-10,
        "dvar": 1.69016925344e-18,
        "dvar2": 2.02616526197e-18,
        "max": -2.61903129392e-12,
        "mean": -3.4584233255e-09,
        "median": -7.57062856849e-10,
        "min": -1.68799179079e-08,
        "var": 2.28809638699e-17
    },
    "spectral_energy": {
        "dmean": 0.00282159936614,
        "dmean2": 0.0025854697451,
        "dvar": 2.76784212474e-05,
        "dvar2": 3.29790527758e-05,
        "max": 0.0675839856267,
        "mean": 0.0140483314171,
        "median": 0.00306890718639,
        "min": 1.03623897303e-05,
        "var": 0.00038171740016
    },
    "spectral_energyband_high": {
        "dmean": 4.10790192973e-07,
        "dmean2": 5.59472823625e-07,
        "dvar": 1.01000273683e-12,
        "dvar2": 1.2608676039e-12,
        "max": 9.51262518356e-06,
        "mean": 1.92040261027e-06,
        "median": 1.59443675329e-06,
        "min": 5.15199793938e-08,
        "var": 1.70808365282e-12
    },
    "spectral_energyband_low": {
        "dmean": 5.27216907358e-05,
        "dmean2": 9.55894065555e-05,
        "dvar": 2.75532796579e-09,
        "dvar2": 8.19610512792e-09,
        "max": 0.000348148983903,
        "mean": 8.2902603026e-05,
        "median": 6.490953092e-05,
        "min": 2.0707288968e-06,
        "var": 4.25530144454e-09
    },
    "spectral_energyband_middle_high": {
        "dmean": 0.000711462227628,
        "dmean2": 0.000782620918471,
        "dvar": 4.93254628964e-06,
        "dvar2": 4.60172122985e-06,
        "max": 0.0383401066065,
        "mean": 0.00373036623932,
        "median": 0.000295865233056,
        "min": 3.39760163115e-07,
        "var": 7.53579151933e-05
    },
    "spectral_energyband_middle_low": {
        "dmean": 0.00251023448072,
        "dmean2": 0.00231786933728,
        "dvar": 2.09452773561e-05,
        "dvar2": 2.74482044915e-05,
        "max": 0.0658742561936,
        "mean": 0.0102361552417,
        "median": 0.00256636063568,
        "min": 7.53304038881e-06,
        "var": 0.000187852230738
    },
    "spectral_entropy": {
        "dmean": 0.229446277022,
        "dmean2": 0.271750003099,
        "dvar": 0.0964925661683,
        "dvar2": 0.116412453353,
        "max": 8.44917297363,
        "mean": 5.26585388184,
        "median": 5.27356052399,
        "min": 3.51535630226,
        "var": 1.03673255444
    },
    "spectral_flux": {
        "dmean": 0.0070373583585,
        "dmean2": 0.0107731586322,
        "dvar": 0.000184517397429,
        "dvar2": 0.000342616694979,
        "max": 0.171381607652,
        "mean": 0.0181381385773,
        "median": 0.0121892271563,
        "min": 0.00430312380195,
        "var": 0.000455954577774
    },
    "spectral_kurtosis": {
        "dmean": 6.68200445175,
        "dmean2": 9.42457199097,
        "dvar": 89.2200775146,
        "dvar2": 151.626052856,
        "max": 118.694084167,
        "mean": 34.8404960632,
        "median": 24.6513080597,
        "min": 1.75389575958,
        "var": 835.769714355
    },
    "spectral_rms": {
        "dmean": 0.000319677143125,
        "dmean2": 0.000302645203192,
        "dvar": 1.70815965816e-07,
        "dvar2": 1.98405430751e-07,
        "max": 0.00812007393688,
        "mean": 0.00287450314499,
        "median": 0.0017303340137,
        "min": 0.000100546749309,
        "var": 5.44292561244e-06
    },
    "spectral_rolloff": {
        "dmean": 58.1396484375,
        "dmean2": 115.265968323,
        "dvar": 27122.1328125,
        "dvar2": 58373.5585938,
        "max": 1270.45898438,
        "mean": 834.455993652,
        "median": 645.99609375,
        "min": 624.462890625,
        "var": 80636.21875
    },
    "spectral_skewness": {
        "dmean": 0.496189892292,
        "dmean2": 0.712455749512,
        "dvar": 0.293831318617,
        "dvar2": 0.570351660252,
        "max": 8.82786655426,
        "mean": 4.58691549301,
        "median": 4.16250419617,
        "min": 1.47799253464,
        "var": 3.47545528412
    },
    "spectral_spread": {
        "dmean": 568232.6875,
        "dmean2": 670878.125,
        "dvar": 2.79821234995e+12,
        "dvar2": 1.22369972634e+12,
        "max": 29986580,
        "mean": 3355249.5,
        "median": 3013486,
        "min": 787190.4375,
        "var": 8.28678445466e+12
    },
    "spectral_strongpeak": {
        "dmean": 0.352081984282,
        "dmean2": 0.379543721676,
        "dvar": 0.641949415207,
        "dvar2": 0.857229530811,
        "max": 9.52952671051,
        "mean": 2.08553218842,
        "median": 1.2707310915,
        "min": 0.00951630808413,
        "var": 3.77027535439
    },
    "zerocrossingrate": {
        "dmean": 0.00248616538011,
        "dmean2": 0.00292148115113,
        "dvar": 1.54376029968e-05,
        "dvar2": 1.50383239088e-05,
        "max": 0.05615234375,
        "mean": 0.0320207588375,
        "median": 0.029296875,
        "min": 0.0068359375,
        "var": 4.50423904113e-05
    },
    "barkbands": {
        "dmean": [1.99936062018e-06, 5.02443799633e-05, 1.22623332572e-05, 6.04419210504e-06, 2.58486415987e-05, 5.73385159441e-06, 4.82509722133e-06, 0.000893566932064, 0.00163376529235, 3.63314779861e-06, 3.29058116222e-06, 0.000699437921867, 5.90121890127e-05, 1.2374769085e-06, 2.30079649555e-06, 2.3713964481e-07, 2.10303809922e-07, 1.43044445622e-07, 1.12536390873e-07, 1.94014944555e-07, 1.14831145481e-07, 9.15595350648e-08, 7.35729912549e-08, 4.4946578015e-08, 4.08208435942e-08, 5.84206283349e-08, 8.84569999471e-08],
        "dmean2": [3.68801079276e-06, 9.06739805941e-05, 2.18457407755e-05, 1.07120231405e-05, 4.43858589279e-05, 9.18108980841e-06, 7.63575917517e-06, 0.000828222546261, 0.001535559888, 4.29333840657e-06, 3.60795661436e-06, 0.000762804353144, 6.80178927723e-05, 1.53262783442e-06, 3.18131424137e-06, 3.44484732295e-07, 3.1898719044e-07, 1.83175316693e-07, 1.8046317507e-07, 2.79962392824e-07, 1.70434049096e-07, 1.25941596707e-07, 1.07862845766e-07, 6.70201671937e-08, 6.52120633049e-08, 9.04430947912e-08, 1.4190200659e-07],
        "dvar": [3.91537757077e-12, 2.62053956313e-09, 1.10180413404e-10, 3.57474085055e-11, 1.33679767256e-09, 4.59090508664e-11, 1.99229174824e-10, 3.15568263431e-06, 8.22386846266e-06, 8.73326466699e-10, 9.05909069981e-10, 5.56244094696e-06, 4.47184014263e-08, 9.71450558884e-11, 2.93913574034e-11, 1.23324603567e-12, 2.4657608854e-13, 1.62400746063e-13, 8.50490467982e-14, 1.18082545695e-13, 6.38653152173e-14, 6.1986562259e-14, 2.51283623223e-14, 8.98579730183e-15, 7.55866028812e-15, 7.19551269967e-15, 9.16007517776e-15],
        "dvar2": [1.25562008707e-11, 8.34202484867e-09, 3.20739518278e-10, 1.00658349711e-10, 3.39442762787e-09, 8.42629716002e-11, 2.59530397173e-10, 4.14145961258e-06, 1.07569976535e-05, 8.77219741291e-10, 9.06687558366e-10, 5.31688783667e-06, 5.0831598486e-08, 1.00766034405e-10, 5.86863266316e-11, 1.34677588092e-12, 3.59110202512e-13, 1.73849893899e-13, 1.12184865347e-13, 2.82432768579e-13, 1.1567458688e-13, 9.98631177209e-14, 3.94637562917e-14, 9.83878150257e-15, 8.63359676719e-15, 9.6222426118e-15, 1.38650441971e-14],
        "max": [1.08782887764e-05, 0.000281320913928, 5.89388873777e-05, 2.95719109999e-05, 0.000315910729114, 5.68024988752e-05, 0.000141429016367, 0.0259853061289, 0.0398323647678, 0.000328069640091, 0.000333439878887, 0.0358936302364, 0.00438371580094, 0.00010796974675, 5.94189950789e-05, 1.24174694065e-05, 6.06085313848e-06, 4.70476152259e-06, 3.13192094836e-06, 3.57810517926e-06, 2.22346989176e-06, 2.60334104496e-06, 1.29508259761e-06, 1.02142871583e-06, 9.50026731061e-07, 8.93028982318e-07, 9.08713275294e-07],
        "mean": [2.30328123507e-06, 6.31964649074e-05, 1.48586268551e-05, 6.81308119965e-06, 4.23952187703e-05, 9.15096370591e-06, 5.85944917475e-06, 0.00351589056663, 0.00665452377871, 4.63516198579e-06, 3.65269397662e-06, 0.00345844589174, 0.000254492333625, 1.26029158309e-06, 7.0664955274e-06, 3.40370206686e-07, 5.28906582531e-07, 2.87720183678e-07, 2.15044153151e-07, 4.36937426684e-07, 2.64842498154e-07, 2.15530675973e-07, 1.65525364082e-07, 1.45298017173e-07, 1.59556364565e-07, 2.3472050259e-07, 6.16090346739e-07],
        "median": [1.71466274423e-06, 4.2885869334e-05, 1.1643961443e-05, 4.80080279885e-06, 2.31354733842e-05, 7.20286743672e-06, 1.81747054739e-06, 0.000703541794792, 0.0017910967581, 1.29411216676e-06, 5.96257905272e-07, 0.000266870192718, 2.34825856751e-05, 2.23913815489e-07, 1.27405485273e-06, 1.36598828249e-07, 1.75850132678e-07, 1.37526953381e-07, 1.6315273399e-07, 2.27910049944e-07, 1.64237889066e-07, 1.20510080137e-07, 1.13349805986e-07, 1.25505252413e-07, 1.50183765868e-07, 2.21822773483e-07, 6.56324061765e-07],
        "min": [4.86295306246e-08, 1.04565424408e-06, 2.253721334e-07, 1.41858976122e-07, 9.70109113041e-07, 2.51682195085e-07, 1.61425020906e-07, 2.3848328965e-06, 3.07857521875e-06, 1.87766787008e-07, 3.18581037106e-08, 3.16308472748e-08, 4.86290403501e-08, 3.80375446696e-08, 1.94812592724e-08, 1.62937112691e-08, 3.73906372531e-09, 4.02254141108e-09, 5.52421663969e-09, 9.71337676958e-09, 5.3744337869e-09, 3.6461378361e-09, 4.62032767601e-09, 5.07279995787e-09, 4.50588810708e-09, 7.06472036427e-09, 1.78719830046e-08],
        "var": [4.62159780931e-12, 3.46882500502e-09, 1.58130716854e-10, 3.81066393718e-11, 2.68442512663e-09, 5.7233662254e-11, 2.12748763051e-10, 2.56682669715e-05, 7.58060923545e-05, 8.74727845712e-10, 9.07155073282e-10, 6.48338973406e-05, 4.59497329075e-07, 9.58289003705e-11, 1.84419327032e-10, 1.30454739893e-12, 7.02623723092e-13, 2.66034617296e-13, 8.68908826726e-14, 2.9837073025e-13, 9.98684912979e-14, 1.30969033904e-13, 4.15763411654e-14, 1.24770231649e-14, 8.47171945361e-15, 1.05897922538e-14, 2.73905908127e-14]
    },
    "erbbands": {
        "dmean": [0.00179231795482, 0.0101561434567, 0.0140557251871, 0.0131257046014, 0.0633377581835, 0.108258537948, 0.0851420834661, 0.0306966397911, 0.0737926512957, 0.992083966732, 45.4356155396, 24.245349884, 0.763117671013, 0.1434571594, 0.467896193266, 24.0520591736, 10.4409894943, 0.248269483447, 0.0810448005795, 0.0852052047849, 0.0124026061967, 0.0116439796984, 0.00556525122374, 0.00815542414784, 0.00813705101609, 0.00642884336412, 0.00687955180183, 0.00401034858078, 0.00380799779668, 0.00262977113016, 0.00196499819867, 0.00115491065662, 0.000765242730267, 0.000406159146223, 0.000328926485963, 0.000236181615037, 0.000124875106849, 4.19024145231e-05, 1.35328000397e-05, 4.04077081839e-06],
        "dmean2": [0.00330448010936, 0.0182715877891, 0.0238092225045, 0.0233644805849, 0.113156408072, 0.174231037498, 0.139227256179, 0.0493739135563, 0.105697967112, 0.916615784168, 41.2844467163, 22.7999973297, 0.731888175011, 0.160565420985, 0.519982933998, 26.4150371552, 11.4955186844, 0.29136544466, 0.0915763527155, 0.121359318495, 0.0170832294971, 0.0182571914047, 0.00767549499869, 0.0120572960004, 0.011554652825, 0.0096944142133, 0.010197901167, 0.00591442221776, 0.00563591253012, 0.00376771576703, 0.00276706879959, 0.00164000783116, 0.00118784944061, 0.000622967374511, 0.000532291538548, 0.0003547516244, 0.000200258757104, 6.73740942148e-05, 2.10790894926e-05, 4.77069079352e-06],
        "dvar": [3.32335275743e-06, 0.000113686997793, 0.000157141024829, 0.000180616334546, 0.00482556829229, 0.0402249619365, 0.00806333590299, 0.00290803145617, 0.0186316929758, 3.47434067726, 7213.80712891, 1845.92993164, 2.0785946846, 0.701277732849, 1.77770721912, 5839.84033203, 1030.05383301, 0.386778503656, 0.0549599342048, 0.0285396464169, 0.00223899865523, 0.000719134113751, 0.000573955476284, 0.000272190372925, 0.000201579285203, 0.000111370514787, 0.000155701127369, 0.000126131359139, 0.0001201641644, 3.77346041205e-05, 1.51645690494e-05, 5.38850963494e-06, 2.04176694751e-06, 8.49640969136e-07, 4.38399382574e-07, 1.62585678254e-07, 2.31219967617e-08, 2.7439825967e-09, 1.70401998068e-10, 2.96016960943e-11],
        "dvar2": [1.1219460248e-05, 0.000333421834512, 0.000433242326835, 0.000501999456901, 0.0159944500774, 0.085508979857, 0.0193939190358, 0.00444478914142, 0.029984915629, 4.60740566254, 9421.19824219, 2445.65405273, 2.63964390755, 0.703264832497, 1.67063379288, 5544.42626953, 942.909240723, 0.334061771631, 0.068959839642, 0.0547432079911, 0.00244876649231, 0.00113109021913, 0.00058597268071, 0.000392019835999, 0.00038511963794, 0.000217050808715, 0.000245238363277, 0.000259683962213, 0.000191942119272, 5.72406388528e-05, 2.07395678444e-05, 5.97618463871e-06, 2.33759351431e-06, 8.95141738511e-07, 5.58583451493e-07, 2.17483133724e-07, 3.14886072772e-08, 3.51156836942e-09, 3.42012085319e-10, 3.59806455463e-11],
        "max": [0.0101015763357, 0.0572346374393, 0.0792760327458, 0.0877910554409, 0.389567881823, 1.82975387573, 0.765073776245, 0.539258539677, 1.40296459198, 27.5521373749, 1225.81176758, 607.750183105, 17.7433834076, 10.372376442, 35.6557350159, 1269.10998535, 574.465087891, 17.2788734436, 4.32072591782, 2.01766705513, 0.616699576378, 0.337783068419, 0.27986228466, 0.181286275387, 0.1561640203, 0.100853018463, 0.0994088053703, 0.111104160547, 0.112008333206, 0.057219363749, 0.0327280499041, 0.0223994459957, 0.0165092758834, 0.0106593295932, 0.00672652898356, 0.00375968078151, 0.00165033468511, 0.000584253866691, 0.000134333226015, 8.35893442854e-05],
        "mean": [0.00195069122128, 0.0135215595365, 0.0197492744774, 0.0199795011431, 0.0827497392893, 0.160644739866, 0.13128978014, 0.0512592159212, 0.161625996232, 4.05949687958, 182.404083252, 99.1937866211, 3.05066680908, 0.376945406199, 2.79166650772, 123.980529785, 55.3316497803, 1.60504436493, 0.266120672226, 0.273106098175, 0.0313100032508, 0.0332903712988, 0.0122482739389, 0.017348786816, 0.017874956131, 0.0155088659376, 0.0144223114476, 0.00872050784528, 0.00821503531188, 0.00605177553371, 0.004613106139, 0.00329570751637, 0.00231758807786, 0.0016157043865, 0.00122853857465, 0.000823988229968, 0.000453533575637, 0.000214668179979, 8.42493391247e-05, 2.70695254585e-05],
        "median": [0.00137113791425, 0.00865111500025, 0.0164805483073, 0.0178141538054, 0.0534559823573, 0.0536684133112, 0.10245231539, 0.038177151233, 0.0760893896222, 0.957870781422, 42.5520095825, 26.2786083221, 0.790505409241, 0.120022803545, 0.226605802774, 10.0892763138, 4.56856822968, 0.140157341957, 0.0342075787485, 0.0672497227788, 0.0131051242352, 0.010757884942, 0.00724435830489, 0.00795479863882, 0.00978509895504, 0.0101625332609, 0.00884430296719, 0.00557379378006, 0.0043884254992, 0.0034382015001, 0.00331185013056, 0.00266840192489, 0.002072137082, 0.00156103237532, 0.00110607349779, 0.000702197954524, 0.000434392277384, 0.000212260507396, 8.50503565744e-05, 1.58785296662e-05],
        "min": [5.01704053022e-05, 0.00016701676941, 0.000298642436974, 0.000916928052902, 0.00216700648889, 0.00342022394761, 0.00421148072928, 0.00242635654286, 0.00147281412501, 0.0137364557013, 0.0771308839321, 0.0705571696162, 0.0145676126704, 0.00288575165905, 0.00146332744043, 0.00144885689951, 0.00227528368123, 0.00203576451167, 0.00118149560876, 0.00104228081182, 0.000764701399021, 0.000215603155084, 0.000225273921387, 0.000178743488505, 0.000350514805177, 0.000543055590242, 0.000246112758759, 0.00020086132281, 0.000128646293888, 0.000117234267236, 0.000126133556478, 0.000119831034681, 7.82128045103e-05, 4.03815029131e-05, 4.33974855696e-05, 2.69524807663e-05, 1.02287367554e-05, 6.32084265817e-06, 1.9764611352e-06, 3.10874725074e-07],
        "var": [3.71766850549e-06, 0.000163011456607, 0.000260697735939, 0.000193067782675, 0.00634105503559, 0.0786415860057, 0.0121852438897, 0.0030725246761, 0.0331671871245, 30.4250392914, 62626.9726562, 16968.9746094, 15.9056844711, 0.94378900528, 42.4495162964, 81902.8515625, 17091.3261719, 14.3702421188, 0.347012966871, 0.22297693789, 0.00389894959517, 0.00268113100901, 0.000657592667267, 0.000612737901974, 0.000581402156968, 0.000233296334045, 0.000299246428767, 0.000173846055986, 0.000230775331147, 7.6546886703e-05, 2.74062022072e-05, 9.45212832448e-06, 2.36069035964e-06, 8.73844896887e-07, 5.30359272943e-07, 2.4442934432e-07, 3.46668755924e-08, 4.80934314595e-09, 3.30584948305e-10, 4.39777408934e-10]
    },
    "gfcc": {
        "mean": [-211.686782837, 115.812271118, -85.2586975098, -51.5832443237, -58.6756477356, 13.0752344131, 2.43920016289, 9.65245342255, -6.53190326691, 10.5569658279, -12.4494113922, -22.7647647858, -28.8009490967],
        "cov": [[1490.73254395, 453.452270508, -916.13293457, -774.284240723, 50.5270462036, 247.278915405, 112.937446594, -216.662368774, -65.6032943726, 24.4903316498, 136.779205322, -127.153823853, -223.112075806], [453.452270508, 346.302856445, -324.587219238, -431.104888916, 61.8729896545, 132.145248413, 62.9236488342, -81.7155609131, -35.0399742126, 14.8082685471, 80.2115936279, -87.8720397949, -108.113319397], [-916.13293457, -324.587219238, 900.299133301, 656.481872559, -91.2213973999, -185.302322388, -77.1414108276, 201.54335022, 53.725353241, -8.45315742493, -104.324287415, 144.29598999, 181.817337036], [-774.284240723, -431.104888916, 656.481872559, 737.284484863, -45.5982208252, -198.644378662, -101.661354065, 147.285797119, 51.4523468018, -30.0685863495, -122.89490509, 143.277862549, 181.352294922], [50.5270462036, 61.8729896545, -91.2213973999, -45.5982208252, 94.8658905029, 62.9322776794, 7.35717582703, -38.3895645142, -25.3840923309, 3.74562931061, 26.2962341309, -20.0600566864, -29.5426120758], [247.278915405, 132.145248413, -185.302322388, -198.644378662, 62.9322776794, 147.191543579, 46.1906318665, -82.8349151611, -44.2499427795, 27.7362575531, 67.3227386475, -20.6899318695, -72.8789901733], [112.937446594, 62.9236488342, -77.1414108276, -101.661354065, 7.35717582703, 46.1906318665, 50.6873512268, 2.94341993332, 2.63545942307, 17.7333393097, 24.6393222809, -22.3632450104, -35.4359092712], [-216.662368774, -81.7155609131, 201.54335022, 147.285797119, -38.3895645142, -82.8349151611, 2.94341993332, 121.640731812, 59.5773086548, 3.18701863289, -37.8243408203, 14.2916135788, 52.9006996155], [-65.6032943726, -35.0399742126, 53.725353241, 51.4523468018, -25.3840923309, -44.2499427795, 2.63545942307, 59.5773086548, 53.0819778442, 0.273941218853, -25.7922039032, -0.322870612144, 28.4431533813], [24.4903316498, 14.8082685471, -8.45315742493, -30.0685863495, 3.74562931061, 27.7362575531, 17.7333393097, 3.18701863289, 0.273941218853, 25.0596065521, 22.0364971161, 5.95840883255, -5.30946969986], [136.779205322, 80.2115936279, -104.324287415, -122.89490509, 26.2962341309, 67.3227386475, 24.6393222809, -37.8243408203, -25.7922039032, 22.0364971161, 58.1225585938, -1.63567984104, -34.8468055725], [-127.153823853, -87.8720397949, 144.29598999, 143.277862549, -20.0600566864, -20.6899318695, -22.3632450104, 14.2916135788, -0.322870612144, 5.95840883255, -1.63567984104, 65.20287323, 43.2410125732], [-223.112075806, -108.113319397, 181.817337036, 181.352294922, -29.5426120758, -72.8789901733, -35.4359092712, 52.9006996155, 28.4431533813, -5.30946969986, -34.8468055725, 43.2410125732, 72.9011459351]],
        "icov": [[0.00299824401736, -0.00383981293999, 0.00388787407428, -0.00207467493601, 0.00402051815763, -0.00240126089193, 0.0016040133778, -0.0024489746429, 0.00084258109564, -0.00105568347499, 0.00275856931694, -0.00450327247381, 0.00431575579569], [-0.00383981293999, 0.0242355018854, -0.0115965846926, 0.0187969431281, -0.017412411049, 0.00622826535255, -0.00859699957073, 0.00806314870715, -0.00698404014111, 0.0139107052237, -0.00918461475521, 0.00547516345978, -0.00840759556741], [0.00388787407428, -0.0115965846926, 0.0133506134152, -0.0116073563695, 0.0138178728521, -0.0109517090023, 0.00860031601042, -0.0165034364909, 0.0123837664723, -0.00470087071881, 0.00716304732487, -0.00598693173379, 0.00288749672472], [-0.00207467493601, 0.0187969431281, -0.0116073563695, 0.0268940795213, -0.0239288080484, 0.0116636548191, -0.0104134008288, 0.00609692046419, -0.00397969223559, 0.00964597892016, 0.0110300173983, -0.0171864554286, -0.00622847210616], [0.00402051815763, -0.017412411049, 0.0138178728521, -0.0239288080484, 0.0427196063101, -0.0281659308821, 0.0205577928573, -0.0163054205477, 0.0114206932485, -0.000528443255462, -0.0111992936581, 0.0208082385361, 0.000335370714311], [-0.00240126089193, 0.00622826535255, -0.0109517090023, 0.0116636548191, -0.0281659308821, 0.0544423237443, -0.0298452749848, 0.0344926044345, -0.0138413580135, -0.0211018901318, -0.00250134873204, -0.015280039981, 0.0153924785554], [0.0016040133778, -0.00859699957073, 0.00860031601042, -0.0104134008288, 0.0205577928573, -0.0298452749848, 0.080008149147, -0.0358121991158, 0.000360151869245, -0.0207203496248, -0.00289391796105, 0.00799869094044, 0.0322100296617], [-0.0024489746429, 0.00806314870715, -0.0165034364909, 0.00609692046419, -0.0163054205477, 0.0344926044345, -0.0358121991158, 0.0655956864357, -0.0417082980275, -0.0105520412326, -0.0141137782484, 0.0123753976077, -0.00525932526216], [0.00084258109564, -0.00698404014111, 0.0123837664723, -0.00397969223559, 0.0114206932485, -0.0138413580135, 0.000360151869245, -0.0417082980275, 0.0723847299814, -0.00668152375147, 0.0255265161395, -0.000787850702181, -0.0235917009413], [-0.00105568347499, 0.0139107052237, -0.00470087071881, 0.00964597892016, -0.000528443255462, -0.0211018901318, -0.0207203496248, -0.0105520412326, -0.00668152375147, 0.111019194126, -0.0399044118822, 0.00157493818551, -0.0279131475836], [0.00275856931694, -0.00918461475521, 0.00716304732487, 0.0110300173983, -0.0111992936581, -0.00250134873204, -0.00289391796105, -0.0141137782484, 0.0255265161395, -0.0399044118822, 0.0928843021393, -0.0523335561156, 0.0138884680346], [-0.00450327247381, 0.00547516345978, -0.00598693173379, -0.0171864554286, 0.0208082385361, -0.015280039981, 0.00799869094044, 0.0123753976077, -0.000787850702181, 0.00157493818551, -0.0523335561156, 0.0903278440237, -0.0380832068622], [0.00431575579569, -0.00840759556741, 0.00288749672472, -0.00622847210616, 0.000335370714311, 0.0153924785554, 0.0322100296617, -0.00525932526216, -0.0235917009413, -0.0279131475836, 0.0138884680346, -0.0380832068622, 0.0941456854343]]
    },
    "melbands": {
        "dmean": [1.51872663992e-05, 8.08623371995e-06, 3.2393429592e-06, 6.3477873482e-06, 3.25915834765e-06, 7.52163259676e-07, 9.126388818e-07, 3.77904825655e-06, 0.00047598965466, 0.000123483609059, 6.24188771781e-07, 4.54071624745e-07, 5.24331028373e-07, 1.86729084817e-05, 9.83547361102e-05, 1.25654480598e-06, 1.45660962403e-07, 9.10494080131e-08, 2.45196844162e-07, 3.41381749536e-08, 1.29197896825e-08, 1.51470356258e-08, 5.68517544153e-09, 6.04532912618e-09, 7.19070802901e-09, 4.71995464935e-09, 7.39809991046e-09, 4.46876979865e-09, 5.75781822221e-09, 2.84243473203e-09, 2.3774060498e-09, 2.53881826673e-09, 1.67698588349e-09, 1.60744051403e-09, 1.27430943575e-09, 9.39087363427e-10, 6.88399726112e-10, 6.0606336616e-10, 4.39260239293e-10, 3.75781905593e-10],
        "dmean2": [2.77126400761e-05, 1.3849460629e-05, 5.77750097364e-06, 1.11068084152e-05, 5.01672275277e-06, 1.22058884244e-06, 1.46330876305e-06, 4.19675507146e-06, 0.000434315094026, 0.000117209056043, 7.2360279546e-07, 5.53104541723e-07, 5.6736547549e-07, 2.0576735551e-05, 0.000107855208626, 1.3845462945e-06, 1.79286999469e-07, 1.08832018952e-07, 3.3334677596e-07, 5.0984628075e-08, 1.71871601395e-08, 2.38478818915e-08, 8.19434120558e-09, 7.87079468267e-09, 1.08477147265e-08, 7.40374828112e-09, 1.08556319489e-08, 6.94430957182e-09, 8.71618510701e-09, 4.26621715732e-09, 3.66894581383e-09, 3.62339425131e-09, 2.26779617307e-09, 2.36975017387e-09, 1.8409228586e-09, 1.36312261478e-09, 1.00449426554e-09, 9.66599578156e-10, 6.86838974584e-10, 5.78235515025e-10],
        "dvar": [2.2707515035e-10, 6.09001044038e-11, 7.18630016605e-12, 8.54393153449e-11, 1.85600319835e-11, 1.48903220483e-12, 5.40534240631e-12, 1.48615772466e-10, 7.7446350133e-07, 4.6838930956e-08, 2.84211074814e-11, 1.15407032888e-11, 2.47881160043e-11, 2.77378497948e-09, 1.04618706587e-07, 7.79933131967e-11, 1.39231540793e-12, 2.39471121969e-13, 3.34731618508e-13, 6.92283373571e-15, 3.06527798139e-15, 9.00405552052e-16, 5.97388303139e-16, 3.61437164225e-16, 1.77853029947e-16, 8.63733194426e-17, 2.48159054205e-16, 6.8100522517e-17, 1.07191781247e-16, 3.0350431271e-17, 4.6656682391e-17, 4.98145932719e-17, 1.23018176622e-17, 1.4539679536e-17, 6.28290907247e-18, 2.65181014251e-18, 1.81781645684e-18, 1.04412909752e-18, 8.7282330138e-19, 5.51017783053e-19],
        "dvar2": [7.49229678298e-10, 1.54855364642e-10, 2.05018519522e-11, 2.33028679686e-10, 4.0423976666e-11, 2.28062057087e-12, 7.97479096648e-12, 1.59279797685e-10, 1.00916986412e-06, 6.21297999714e-08, 2.85822875784e-11, 1.15334426037e-11, 2.49134185504e-11, 2.67410960042e-09, 9.82491528134e-08, 8.09397687762e-11, 1.44063829876e-12, 2.37998938049e-13, 6.65400948317e-13, 8.77558574717e-15, 3.33957139015e-15, 1.69901690796e-15, 6.13867435007e-16, 3.80943830075e-16, 2.86324241226e-16, 1.14504229916e-16, 5.59015804804e-16, 1.36705797261e-16, 1.71165651889e-16, 5.81963184659e-17, 9.90104885328e-17, 9.29214135205e-17, 1.57299742395e-17, 2.7400212207e-17, 9.5483079381e-18, 3.30804333493e-18, 2.07370850165e-18, 1.28946693809e-18, 9.98157707794e-19, 6.197119793e-19],
        "max": [8.1504949776e-05, 5.38936874364e-05, 1.45677886394e-05, 8.17361651571e-05, 4.31601001765e-05, 1.18494481285e-05, 2.20039401029e-05, 0.000134274945594, 0.0126328393817, 0.00303715537302, 5.90620220464e-05, 3.78326112696e-05, 5.51243501832e-05, 0.00102425296791, 0.0051556956023, 0.000120385491755, 1.29352420117e-05, 6.04935030424e-06, 5.93499407842e-06, 1.04087337149e-06, 6.19087415998e-07, 3.49397282662e-07, 2.78274171706e-07, 2.20322888822e-07, 1.3849576419e-07, 1.1069455752e-07, 1.90752444951e-07, 6.21524307576e-08, 8.82179023165e-08, 5.14497777715e-08, 6.78717526625e-08, 7.2899823067e-08, 4.03728144249e-08, 3.39977646036e-08, 1.94173424006e-08, 1.64698494842e-08, 1.33572557459e-08, 1.16841212261e-08, 1.04206749896e-08, 8.47346903754e-09],
        "mean": [1.78117516043e-05, 1.32184741233e-05, 4.86775252284e-06, 9.52089430939e-06, 4.9809259508e-06, 1.15232035114e-06, 1.09483164579e-06, 8.83058964973e-06, 0.00191413331777, 0.000506683893036, 7.5623961493e-07, 5.60022272111e-07, 5.71478665279e-07, 0.00010289169586, 0.000495604705065, 3.22718756252e-06, 1.44240715372e-07, 1.54819360887e-07, 6.78128458276e-07, 8.16228435951e-08, 2.06231121069e-08, 4.13992857773e-08, 1.00356896127e-08, 1.19512932883e-08, 1.41905953654e-08, 9.72922098441e-09, 1.5733075287e-08, 9.15942077739e-09, 1.05397903738e-08, 5.8786633339e-09, 4.61701787913e-09, 4.907619644e-09, 3.65164143368e-09, 3.23638404964e-09, 2.76851275238e-09, 2.1694424035e-09, 1.93288851591e-09, 1.63710212053e-09, 1.43385969764e-09, 1.31693489447e-09],
        "median": [1.3278519873e-05, 9.89972068055e-06, 3.98311703975e-06, 4.72979490951e-06, 3.22372079609e-06, 8.63604782353e-07, 3.73605331561e-07, 1.69583859133e-06, 0.000458301743492, 0.000137736875331, 2.03966322943e-07, 1.66609325447e-07, 8.02061137506e-08, 7.69108555687e-06, 3.95996139559e-05, 2.68344564347e-07, 2.07598027657e-08, 2.60348649306e-08, 9.58044523713e-08, 4.92227165694e-08, 8.43151681806e-09, 1.23200498692e-08, 6.16427753286e-09, 6.14990769421e-09, 6.62152288555e-09, 7.05858127503e-09, 7.93757148898e-09, 6.05482863847e-09, 6.08557337856e-09, 3.73793485053e-09, 2.83135115353e-09, 2.52948306745e-09, 2.04881067667e-09, 1.92394233878e-09, 1.94207649962e-09, 1.59906754504e-09, 1.56509516458e-09, 1.48623169327e-09, 1.35604505402e-09, 1.23795218521e-09],
        "min": [4.2448266413e-07, 1.77919289968e-07, 1.93719898789e-07, 2.03583311986e-07, 1.52767597683e-07, 2.72162239412e-08, 2.59259582691e-08, 1.12349347603e-07, 7.15763917469e-07, 3.9093703208e-07, 8.98428087481e-09, 1.13012994518e-08, 4.65348293233e-09, 2.81946976877e-09, 6.3868235145e-09, 3.72638453427e-09, 3.90683219109e-09, 1.94255278529e-09, 1.44663503399e-09, 1.33189426155e-09, 7.49977857595e-10, 1.96983651612e-10, 2.22219478929e-10, 1.77241540888e-10, 1.27065621913e-10, 2.52036946868e-10, 2.38235764449e-10, 4.14378503732e-10, 1.37653333177e-10, 1.50320644821e-10, 1.00153017824e-10, 6.4224146834e-11, 7.98109633937e-11, 6.01675653744e-11, 5.87241366645e-11, 9.8091909595e-11, 6.88071544186e-11, 4.68535245324e-11, 5.59685006674e-11, 2.83393083306e-11],
        "var": [2.8484833936e-10, 1.10572558054e-10, 1.01208295217e-11, 1.52553789046e-10, 3.34419124337e-11, 1.62771293839e-12, 5.81906007754e-12, 2.78886441718e-10, 6.78450169289e-06, 4.36093301914e-07, 2.83805947493e-11, 1.16604321684e-11, 2.48125634622e-11, 5.40356985823e-08, 1.35487221087e-06, 1.4636149237e-10, 1.37569968438e-12, 3.262761155e-13, 1.83141327624e-12, 1.30810889464e-14, 3.43252033886e-15, 4.15218557711e-15, 6.28970244214e-16, 4.96302279483e-16, 4.12009928085e-16, 1.22101294889e-16, 6.40234141286e-16, 1.08007864404e-16, 2.04167921634e-16, 4.89558242861e-17, 6.28225344912e-17, 8.67179824428e-17, 3.36974190964e-17, 2.22349275397e-17, 1.06477550493e-17, 5.03250894413e-18, 2.97879939494e-18, 1.25603984576e-18, 8.60437202286e-19, 5.88284285902e-19]
    },
    "mfcc": {
        "mean": [-901.813110352, 172.118362427, 19.2293128967, -13.8440294266, -20.7860050201, 1.56271660328, 9.1730594635, 2.35513496399, 6.67787981033, 18.3478527069, 19.7751712799, 19.239944458, 2.50751924515],
        "cov": [[1104.79223633, 303.665740967, -592.300109863, -413.309295654, -136.080871582, 104.333930969, 52.0904197693, -9.38938522339, -121.56879425, -30.4891395569, 85.0187835693, 112.010627747, 71.8267745972], [303.665740967, 364.606170654, -175.178390503, -255.743728638, -29.4209384918, 19.4140739441, 88.541305542, -8.58615398407, -69.7759780884, -5.50721693039, 77.466255188, 90.3239364624, 57.2489013672], [-592.300109863, -175.178390503, 518.733276367, 313.721252441, 51.7955932617, -63.4710273743, -67.0410842896, 15.381649971, 80.1742706299, -12.7265357971, -93.2836380005, -69.7075271606, -36.4671974182], [-413.309295654, -255.743728638, 313.721252441, 335.373687744, 71.9168395996, -56.5502128601, -83.0306930542, 12.4581260681, 91.8838653564, 17.3065910339, -82.7644195557, -89.5312423706, -54.8143119812], [-136.080871582, -29.4209384918, 51.7955932617, 71.9168395996, 70.8893585205, 3.74335312843, 5.23476552963, 2.0165541172, 17.8459568024, 11.2950248718, -13.7745065689, -21.0411300659, -6.36958789825], [104.333930969, 19.4140739441, -63.4710273743, -56.5502128601, 3.74335312843, 82.1171188354, 46.6465187073, 8.77592086792, -32.1480903625, -27.9201107025, 1.64583075047, 21.7169322968, 23.9067344666], [52.0904197693, 88.541305542, -67.0410842896, -83.0306930542, 5.23476552963, 46.6465187073, 86.2984848022, 11.8165655136, -36.4316902161, -14.3974962234, 29.4752807617, 33.0638885498, 23.6690807343], [-9.38938522339, -8.58615398407, 15.381649971, 12.4581260681, 2.0165541172, 8.77592086792, 11.8165655136, 27.0528755188, 7.682741642, -6.14218044281, -2.93576598167, -3.66772890091, 2.70957446098], [-121.56879425, -69.7759780884, 80.1742706299, 91.8838653564, 17.8459568024, -32.1480903625, -36.4316902161, 7.682741642, 62.2139854431, 32.0795516968, -14.6895627975, -23.8477573395, -16.3175868988], [-30.4891395569, -5.50721693039, -12.7265357971, 17.3065910339, 11.2950248718, -27.9201107025, -14.3974962234, -6.14218044281, 32.0795516968, 60.6586036682, 30.3720054626, -3.47996449471, -13.0813150406], [85.0187835693, 77.466255188, -93.2836380005, -82.7644195557, -13.7745065689, 1.64583075047, 29.4752807617, -2.93576598167, -14.6895627975, 30.3720054626, 67.1466827393, 39.5355911255, 7.56165075302], [112.010627747, 90.3239364624, -69.7075271606, -89.5312423706, -21.0411300659, 21.7169322968, 33.0638885498, -3.66772890091, -23.8477573395, -3.47996449471, 39.5355911255, 64.5623168945, 25.2279453278], [71.8267745972, 57.2489013672, -36.4671974182, -54.8143119812, -6.36958789825, 23.9067344666, 23.6690807343, 2.70957446098, -16.3175868988, -13.0813150406, 7.56165075302, 25.2279453278, 39.8342475891]],
