{
"lowlevel": {
    "average_loudness": 0.982321083546,
    "barkbands_crest": {
        "dmean": 1.12345099449,
        "dmean2": 1.69744455814,
        "dvar": 3.6362259388,
        "dvar2": 7.49348592758,
        "max": 26.9541149139,
        "mean": 21.6349620819,
        "median": 25.9381942749,
        "min": 7.41477966309,
        "var": 42.169303894
    },
    "barkbands_flatness_db": {
        "dmean": 0.0230649150908,
        "dmean2": 0.0324623622,
        "dvar": 0.00108936731704,
        "dvar2": 0.00197494146414,
        "max": 0.568616509438,
        "mean": 0.376811146736,
        "median": 0.404975265265,
        "min": 0.118450380862,
        "var": 0.0110103916377
    },
    "barkbands_kurtosis": {
        "dmean": 40.4472312927,
        "dmean2": 67.8923721313,
        "dvar": 6118.39941406,
        "dvar2": 14411.6748047,
        "max": 1134.16662598,
        "mean": 110.703605652,
        "median": 47.6848983765,
        "min": -1.25743341446,
        "var": 25841.8945312
    },
    "barkbands_skewness": {
        "dmean": 1.52105379105,
        "dmean2": 2.53722405434,
        "dvar": 4.04221105576,
        "dvar2": 10.8556928635,
        "max": 8.77843379974,
        "mean": -1.2256731987,
        "median": -0.165820032358,
        "min": -11.3188009262,
        "var": 16.4940509796
    },
    "barkbands_spread": {
        "dmean": 0.695813477039,
        "dmean2": 1.08175742626,
        "dvar": 1.99363768101,
        "dvar2": 5.68372631073,
        "max": 15.1877059937,
        "mean": 2.01131844521,
        "median": 0.967315018177,
        "min": 0.0406940020621,
        "var": 5.65766572952
    },
    "dissonance": {
        "dmean": 0.0704705864191,
        "dmean2": 0.12651231885,
        "dvar": 0.00481989840046,
        "dvar2": 0.0143900793046,
        "max": 0.497453778982,
        "mean": 0.27637809515,
        "median": 0.277014195919,
        "min": 0.0654986575246,
        "var": 0.0125402500853
    },
    "dynamic_complexity": 4.27759695053,
    "erbbands_crest": {
        "dmean": 1.34281229973,
        "dmean2": 2.07194375992,
        "dvar": 5.51923799515,
        "dvar2": 13.4665527344,
        "max": 32.1963348389,
        "mean": 24.2200222015,
        "median": 25.3840198517,
        "min": 11.0928955078,
        "var": 23.1001834869
    },
    "erbbands_flatness_db": {
        "dmean": 0.0191771388054,
        "dmean2": 0.0263014379889,
        "dvar": 0.000840809661895,
        "dvar2": 0.00175574421883,
        "max": 0.573101222515,
        "mean": 0.40339615941,
        "median": 0.434790462255,
        "min": 0.14394287765,
        "var": 0.0118983266875
    },
    "erbbands_kurtosis": {
        "dmean": 5.71501684189,
        "dmean2": 9.164311409,
        "dvar": 171.167358398,
        "dvar2": 476.859527588,
        "max": 125.823883057,
        "mean": 38.3444709778,
        "median": 42.4007530212,
        "min": -1.49416279793,
        "var": 652.207092285
    },
    "erbbands_skewness": {
        "dmean": 0.574861049652,
        "dmean2": 0.85442262888,
        "dvar": 0.541293203831,
        "dvar2": 1.07992732525,
        "max": 7.20180416107,
        "mean": 2.92608737946,
        "median": 3.3175880909,
        "min": -1.28127419949,
        "var": 2.19937229156
    },
    "erbbands_spread": {
        "dmean": 0.623029589653,
        "dmean2": 0.963435232639,
        "dvar": 1.65604102612,
        "dvar2": 4.32193422318,
        "max": 19.1644973755,
        "mean": 3.42218899727,
        "median": 0.948419094086,
        "min": 0.337312489748,
        "var": 20.6334457397
    },
    "hfc": {
        "dmean": 3.8356025219,
        "dmean2": 4.71371555328,
        "dvar": 48.9615821838,
        "dvar2": 76.1406784058,
        "max": 64.5200042725,
        "mean": 20.2673797607,
        "median": 14.1865520477,
        "min": 0.0173148643225,
        "var": 293.330078125
    },
    "melbands_crest": {
        "dmean": 1.62206315994,
        "dmean2": 2.36607217789,
        "dvar": 6.78359270096,
        "dvar2": 15.2036838531,
        "max": 30.9119472504,
        "mean": 23.3443756104,
        "median": 25.4016895294,
        "min": 8.89097881317,
        "var": 27.0081787109
    },
    "melbands_flatness_db": {
        "dmean": 0.0227285437286,
        "dmean2": 0.0314269289374,
        "dvar": 0.00122959539294,
        "dvar2": 0.00231533870101,
        "max": 0.625508487225,
        "mean": 0.440682530403,
        "median": 0.468231797218,
        "min": 0.172399267554,
        "var": 0.00937488116324
    },
    "melbands_kurtosis": {
        "dmean": 8.53646659851,
        "dmean2": 14.5110797882,
        "dvar": 91.5916519165,
        "dvar2": 233.66545105,
        "max": 92.7902679443,
        "mean": 31.9284515381,
        "median": 24.9963283539,
        "min": -1.66698360443,
        "var": 680.859313965
    },
    "melbands_skewness": {
        "dmean": 0.784090876579,
        "dmean2": 1.30883646011,
        "dvar": 0.694705486298,
        "dvar2": 1.61449801922,
        "max": 3.30855107307,
        "mean": -1.95945465565,
        "median": -2.04675197601,
        "min": -6.29155635834,
        "var": 6.6335940361
    },
    "melbands_spread": {
        "dmean": 1.26181125641,
        "dmean2": 2.0943107605,
        "dvar": 4.43981218338,
        "dvar2": 13.3596277237,
        "max": 17.3419265747,
        "mean": 3.57658338547,
        "median": 2.79072713852,
        "min": 0.306574344635,
        "var": 10.3174962997
    },
    "pitch_salience": {
        "dmean": 0.048185788095,
        "dmean2": 0.0731439813972,
        "dvar": 0.00597317051142,
        "dvar2": 0.0134996185079,
        "max": 0.840237438679,
        "mean": 0.247841313481,
        "median": 0.130454093218,
        "min": 0.0291478931904,
        "var": 0.0437809489667
    },
    "silence_rate_20dB": {
        "dmean": 0,
        "dmean2": 0,
        "dvar": 0,
        "dvar2": 0,
        "max": 1,
        "mean": 1,
        "median": 1,
        "min": 1,
        "var": 0
    },
    "silence_rate_30dB": {
        "dmean": 0,
        "dmean2": 0,
        "dvar": 0,
        "dvar2": 0,
        "max": 1,
        "mean": 1,
        "median": 1,
        "min": 1,
        "var": 0
    },
    "silence_rate_60dB": {
        "dmean": 0.019999999553,
        "dmean2": 0.0402684547007,
        "dvar": 0.0196000449359,
        "dvar2": 0.0386470258236,
        "max": 1,
        "mean": 0.139072850347,
        "median": 0,
        "min": 0,
        "var": 0.119731158018
    },
    "spectral_centroid": {
        "dmean": 26.7166213989,
        "dmean2": 40.5083999634,
        "dvar": 4701.02685547,
        "dvar2": 10534.6689453,
        "max": 1106.90881348,
        "mean": 803.224060059,
        "median": 831.085998535,
        "min": 318.162322998,
        "var": 27798.109375
    },
    "spectral_complexity": {
        "dmean": 0.980000019073,
        "dmean2": 1.56375837326,
        "dvar": 3.16626238823,
        "dvar2": 5.56136131287,
        "max": 17,
        "mean": 3.64900660515,
        "median": 2,
        "min": 0,
        "var": 10.5589199066
    },
    "spectral_decrease": {
        "dmean": 1.06861286486e-09,
        "dmean2": 1.29637844903e-09,
        "dvar": 3.29925288656e-18,
        "dvar2": 4.99706963156e-18,
        "max": -1.42909841946e-11,
        "mean": -5.81573011971e-09,
        "median": -4.09843936566e-09,
        "min": -1.9081287661e-08,
        "var": 2.35935667327e-17
    },
    "spectral_energy": {
        "dmean": 0.00437128357589,
        "dmean2": 0.00531979463995,
        "dvar": 5.56021004741e-05,
        "dvar2": 8.39411877678e-05,
        "max": 0.0778691843152,
        "mean": 0.0237881373614,
        "median": 0.0168119855225,
        "min": 5.55080296181e-05,
        "var": 0.000394688133383
    },
    "spectral_energyband_high": {
        "dmean": 1.46915326695e-05,
        "dmean2": 2.14558440348e-05,
        "dvar": 4.13759382312e-09,
        "dvar2": 9.64964907979e-09,
        "max": 0.00065842125332,
        "mean": 2.16937005462e-05,
        "median": 1.93818027583e-06,
        "min": 3.09804477183e-07,
        "var": 6.30898933096e-09
    },
    "spectral_energyband_low": {
        "dmean": 3.43986721418e-05,
        "dmean2": 6.2585582782e-05,
        "dvar": 1.49639023395e-09,
        "dvar2": 4.46905756846e-09,
        "max": 0.000222081522224,
        "mean": 5.61091692362e-05,
        "median": 4.0312505007e-05,
        "min": 6.72492888043e-07,
        "var": 2.39387842882e-09
    },
    "spectral_energyband_middle_high": {
        "dmean": 0.00370595254935,
        "dmean2": 0.00430806493387,
        "dvar": 3.22232517647e-05,
        "dvar2": 5.90768213442e-05,
        "max": 0.0765099227428,
        "mean": 0.0183995235711,
        "median": 0.0140021750703,
        "min": 4.93005870794e-07,
        "var": 0.000273578742053
    },
    "spectral_energyband_middle_low": {
        "dmean": 0.0020828039851,
        "dmean2": 0.00270111300051,
        "dvar": 2.50891789619e-05,
        "dvar2": 3.70869929611e-05,
        "max": 0.0576424300671,
        "mean": 0.00615922641009,
        "median": 0.000888151465915,
        "min": 3.36882076226e-05,
        "var": 0.000125335209304
    },
    "spectral_entropy": {
        "dmean": 0.229463472962,
        "dmean2": 0.320152997971,
        "dvar": 0.137418463826,
        "dvar2": 0.275232255459,
        "max": 7.78123998642,
        "mean": 4.99916601181,
        "median": 4.66330480576,
        "min": 3.21593236923,
        "var": 1.14286184311
    },
    "spectral_flux": {
        "dmean": 0.0128393014893,
        "dmean2": 0.0204096417874,
        "dvar": 0.000720327836461,
        "dvar2": 0.0013852979755,
        "max": 0.212619975209,
        "mean": 0.0289175938815,
        "median": 0.0135322446004,
        "min": 0.00387093680911,
        "var": 0.00133055076003
    },
    "spectral_kurtosis": {
        "dmean": 10.4855222702,
        "dmean2": 16.2988872528,
        "dvar": 148.384780884,
        "dvar2": 408.567047119,
        "max": 128.587341309,
        "mean": 42.0467567444,
        "median": 39.1890296936,
        "min": 5.2415561676,
        "var": 657.177612305
    },
    "spectral_rms": {
        "dmean": 0.000419728603447,
        "dmean2": 0.000525660288986,
        "dvar": 5.42799625691e-07,
        "dvar2": 7.85534723491e-07,
        "max": 0.00871607288718,
        "mean": 0.00429188366979,
        "median": 0.00404993025586,
        "min": 0.00023271048849,
        "var": 4.78767560708e-06
    },
    "spectral_rolloff": {
        "dmean": 30.2900390625,
        "dmean2": 55.7840042114,
        "dvar": 15017.6162109,
        "dvar2": 36801.7890625,
        "max": 1335.05859375,
        "mean": 859.474914551,
        "median": 839.794921875,
        "min": 301.46484375,
        "var": 59485.7617188
    },
    "spectral_skewness": {
        "dmean": 0.716202318668,
        "dmean2": 1.14057838917,
        "dvar": 0.501671910286,
        "dvar2": 1.41776061058,
        "max": 9.50244617462,
        "mean": 5.12238550186,
        "median": 5.1396613121,
        "min": 2.0631480217,
        "var": 2.92443203926
    },
    "spectral_spread": {
        "dmean": 592645.6875,
        "dmean2": 944218,
        "dvar": 752668901376,
        "dvar2": 854704455680,
        "max": 13993508,
        "mean": 2782894.75,
        "median": 2297077.5,
        "min": 622046.8125,
        "var": 2.86104276173e+12
    },
    "spectral_strongpeak": {
        "dmean": 0.598589062691,
        "dmean2": 0.849905848503,
        "dvar": 1.30009865761,
        "dvar2": 2.92192339897,
        "max": 9.44352340698,
        "mean": 3.96429920197,
        "median": 3.84300661087,
        "min": 0.0453692190349,
        "var": 5.1652007103
    },
    "zerocrossingrate": {
        "dmean": 0.00317708333023,
        "dmean2": 0.00457149231806,
        "dvar": 7.06091886968e-05,
        "dvar2": 0.000107196327008,
        "max": 0.111328125,
        "mean": 0.0401037372649,
        "median": 0.03759765625,
        "min": 0.0146484375,
        "var": 0.000100968514744
    },
    "barkbands": {
        "dmean": [1.73630098743e-06, 2.78004808933e-05, 1.21623488667e-05, 1.37730394272e-05, 6.15647004452e-05, 2.38867887674e-05, 1.02714238892e-05, 0.0003003909369, 0.00169590092264, 0.00293699163012, 8.08429613244e-05, 0.000759005721193, 0.000541594752576, 9.89645741356e-06, 4.0225811972e-05, 1.04571813608e-06, 1.49393497395e-06, 6.14450641478e-07, 2.6538621114e-06, 2.47594812208e-06, 3.25311543747e-06, 1.15885040941e-06, 1.10669907372e-06, 2.29361398851e-06, 1.88003764379e-06, 5.29337967237e-06, 1.69789575466e-06],
        "dmean2": [2.952426712e-06, 5.02718539792e-05, 2.14621904888e-05, 2.34174112848e-05, 9.84048092505e-05, 4.10442298744e-05, 1.61822172231e-05, 0.000334123527864, 0.00209291419014, 0.00335670285858, 0.000141816679388, 0.000906956091058, 0.000860438449308, 1.58666061907e-05, 6.01819265285e-05, 1.91946810446e-06, 2.21550794777e-06, 1.09358722966e-06, 3.94259495806e-06, 3.43470583175e-06, 4.67929203296e-06, 1.87254431694e-06, 1.93904975276e-06, 3.5760767787e-06, 2.60015076492e-06, 8.6107838797e-06, 2.47463572123e-06],
        "dvar": [6.22226879396e-12, 1.16504039749e-09, 2.29577495903e-10, 3.81898623836e-10, 2.34374493147e-08, 5.53581536167e-09, 1.231489688e-09, 1.39668384236e-06, 1.86150409718e-05, 2.25364201469e-05, 7.3154438951e-08, 1.4016224668e-05, 4.60104820377e-06, 1.20505538881e-09, 1.83830515255e-08, 2.61244307437e-11, 2.048881724e-11, 1.42854764476e-11, 4.19113528605e-11, 4.69812487525e-11, 1.59354987539e-10, 1.80819803575e-11, 2.99227517764e-11, 7.69441038662e-11, 6.50306267169e-11, 8.50808701269e-10, 1.01658417795e-10],
        "dvar2": [1.66572727833e-11, 3.61801388848e-09, 6.2294480685e-10, 9.09917030611e-10, 5.82511709979e-08, 1.24572299143e-08, 2.58117882623e-09, 1.61828700129e-06, 3.11658805003e-05, 3.85462117265e-05, 1.87730591961e-07, 2.10434700421e-05, 1.07279847725e-05, 3.38102434938e-09, 4.86322200288e-08, 7.54573348249e-11, 5.0459324219e-11, 4.05358212274e-11, 1.03060254775e-10, 9.56811505026e-11, 2.42300735032e-10, 4.29113689027e-11, 8.54661549865e-11, 1.82311180041e-10, 1.44146153347e-10, 2.26835217276e-09, 2.0924129096e-10],
        "max": [1.75349432538e-05, 0.000189114129171, 0.000110109962407, 0.000133467270643, 0.00114511139691, 0.000559259788133, 0.000277449842542, 0.0192554425448, 0.0429764464498, 0.0758916735649, 0.00224649440497, 0.0357834249735, 0.0241954512894, 0.000319489714457, 0.0011524783913, 4.60333649244e-05, 5.04504496348e-05, 3.63971339539e-05, 6.09211128904e-05, 6.5143503889e-05, 0.000163310134667, 3.23616404785e-05, 4.81452298118e-05, 6.43953753752e-05, 8.23121590656e-05, 0.000291158794425, 0.000111769237265],
        "mean": [1.67523387518e-06, 3.59558471246e-05, 1.32882832986e-05, 2.16880198423e-05, 0.00010473405564, 3.53054383595e-05, 1.07351534098e-05, 0.000836479244754, 0.0041196490638, 0.0155594935641, 0.000107274529, 0.00167649134528, 0.00112943828572, 2.32065285672e-05, 7.66707016737e-05, 9.5570362646e-07, 2.59511466538e-06, 5.63760465866e-07, 6.12199210082e-06, 5.04037870996e-06, 6.01140754952e-06, 1.53615144427e-06, 1.08130086574e-06, 2.52502741205e-06, 2.45128717324e-06, 4.75775186715e-06, 2.35934135162e-06],
        "median": [6.90026922712e-07, 1.74708784471e-05, 9.71283589024e-06, 1.37551805892e-05, 5.35987710464e-05, 9.6031862995e-06, 1.24388986933e-06, 3.65654432244e-06, 1.0908326658e-05, 0.0110481921583, 1.17058641536e-06, 4.60305216166e-07, 2.01507828024e-06, 6.03784701525e-06, 3.3726071706e-05, 2.8011245945e-07, 1.13565010906e-06, 1.03587105116e-07, 2.85693801061e-07, 3.66298223753e-07, 2.77158193285e-07, 2.46742985155e-07, 1.09940948789e-07, 1.26622410335e-07, 1.53339087205e-07, 2.1305328346e-07, 4.02823616241e-07],
        "min": [8.42340952545e-09, 4.98628480727e-07, 6.63770478582e-08, 5.67124743611e-07, 1.90924356502e-06, 7.28992802124e-07, 6.47717115498e-08, 4.80846154005e-07, 1.82836188856e-07, 2.77746892152e-07, 7.268472757e-08, 5.60209834077e-08, 3.95532602226e-08, 2.49348595105e-08, 3.43944037695e-08, 2.52276173285e-08, 2.59861625551e-08, 1.72289862377e-08, 3.01990539242e-08, 3.66326062817e-08, 3.22117870155e-08, 1.9672548035e-08, 1.89291924357e-08, 2.04775112422e-08, 2.83474186347e-08, 2.54497987129e-08, 2.12281889844e-08],
        "var": [6.62640602112e-12, 1.62686331073e-09, 2.30832020165e-10, 5.57059842698e-10, 2.67237396656e-08, 6.29085139536e-09, 1.34260380591e-09, 8.82231142896e-06, 8.26059040264e-05, 0.000287794362521, 1.13903439569e-07, 4.16395596403e-05, 1.39341600516e-05, 1.47815715223e-09, 1.85573689748e-08, 1.58052806953e-11, 2.50036016197e-11, 9.17991984511e-12, 1.67146338437e-10, 1.52865414771e-10, 4.67318128639e-10, 1.86086025061e-11, 2.13014154926e-11, 8.51306247718e-11, 1.00639059586e-10, 7.28243354509e-10, 1.50985321468e-10]
    },
    "erbbands": {
        "dmean": [0.000932920956984, 0.00636230316013, 0.0128921391442, 0.0277800690383, 0.156211555004, 0.165145590901, 0.324893534184, 0.123558364809, 0.0965065360069, 0.517623007298, 21.1707267761, 34.7823219299, 63.9009895325, 53.6242904663, 4.16571140289, 31.3251037598, 33.4476776123, 1.6290923357, 0.902834355831, 1.8946441412, 0.113967232406, 0.0870976895094, 0.0376160927117, 0.0804058983922, 0.148276403546, 0.118315242231, 0.21056483686, 0.0465981811285, 0.0439277887344, 0.0328860245645, 0.0344863049686, 0.0364776663482, 0.0421057939529, 0.023529201746, 0.0125580905005, 0.0177540034056, 0.0120968278497, 0.00252791144885, 0.000272001867415, 1.22047995319e-05],
        "dmean2": [0.00166312884539, 0.0114044426009, 0.0226856023073, 0.0474179908633, 0.252501875162, 0.274460196495, 0.527753591537, 0.214720547199, 0.16007694602, 0.705215096474, 29.633890152, 40.4738082886, 67.641784668, 67.5566635132, 6.12787818909, 38.7396888733, 48.7351417542, 2.51964449883, 1.33656561375, 2.87335991859, 0.166299626231, 0.123778454959, 0.0630511194468, 0.126275256276, 0.219773411751, 0.144084885716, 0.295445859432, 0.075680539012, 0.06951841712, 0.0570682808757, 0.0629236623645, 0.0564283765852, 0.0654879137874, 0.0353979691863, 0.0173306334764, 0.0285646058619, 0.0194006860256, 0.00387453683652, 0.000400525488658, 1.61012867466e-05],
        "dvar": [1.42454757679e-06, 5.83828987146e-05, 0.000201263086637, 0.00126687530428, 0.0924194604158, 0.212304994464, 0.984623908997, 0.151747047901, 0.10373429209, 2.32349252701, 5644.87939453, 6167.21142578, 14744.5146484, 6449.55224609, 89.5674972534, 18744.4375, 12741.3369141, 21.9642944336, 6.0545835495, 53.2813186646, 0.175681143999, 0.0581280402839, 0.0321408174932, 0.0728508383036, 0.103810712695, 0.0938964411616, 0.674001157284, 0.023880308494, 0.029988553375, 0.0164173394442, 0.0320300012827, 0.0227400809526, 0.0238727871329, 0.00938605424017, 0.00323720392771, 0.00780512252823, 0.00499522034079, 0.000225908355787, 2.59278886006e-06, 1.7736084823e-09],
        "dvar2": [4.32580554843e-06, 0.000184473319678, 0.000557167164516, 0.00311657018028, 0.221174329519, 0.523783326149, 2.40918922424, 0.342004179955, 0.215249568224, 3.23062753677, 7853.62158203, 8405.76953125, 24582.3339844, 15395.7246094, 209.002441406, 29192.4023438, 27385.2988281, 53.8403320312, 16.1725482941, 138.450836182, 0.426988601685, 0.135585144162, 0.0892844125628, 0.163743838668, 0.231532767415, 0.148918062449, 1.00722324848, 0.0535801835358, 0.0731899663806, 0.0402058437467, 0.0928109288216, 0.0566705204546, 0.0564691573381, 0.0222907792777, 0.00711972778663, 0.0201039146632, 0.0133094843477, 0.000563396315556, 5.1091574278e-06, 2.88877277654e-09],
        "max": [0.00668124761432, 0.0442244745791, 0.0900179296732, 0.286754906178, 2.41801381111, 3.6152908802, 7.3126001358, 2.60521245003, 2.34888625145, 22.1965999603, 1006.07226562, 1043.82043457, 1919.65380859, 864.081604004, 76.9392318726, 1313.90637207, 1087.56835938, 41.1657295227, 24.1637268066, 75.7706069946, 4.74198818207, 2.67531991005, 1.67324721813, 3.02803969383, 3.10649108887, 3.74005007744, 10.6441907883, 1.24518656731, 1.4982625246, 1.00793933868, 1.58610141277, 1.23345375061, 1.06451404095, 0.860139966011, 0.618507742882, 0.830352127552, 0.729133725166, 0.160556852818, 0.0177632402629, 0.000507064221893],
        "mean": [0.00111214944627, 0.00773282721639, 0.0155739942566, 0.0445871837437, 0.322907656431, 0.223138168454, 0.448159635067, 0.161969006062, 0.146876454353, 1.46541905403, 58.4812011719, 90.6984176636, 350.188446045, 238.214553833, 12.0535478592, 68.7615127563, 72.0035247803, 3.42298173904, 2.55919361115, 3.34019041061, 0.218291401863, 0.163074418902, 0.0482157059014, 0.160308301449, 0.353582590818, 0.275646716356, 0.368845909834, 0.0840114429593, 0.0557077229023, 0.0478524789214, 0.0322678722441, 0.0384694263339, 0.0455936044455, 0.0276889260858, 0.016451343894, 0.0160560403019, 0.0116956317797, 0.00254367874004, 0.000392661808291, 4.43313074356e-05],
        "median": [0.000465616118163, 0.00413590064272, 0.0119584398344, 0.0331459417939, 0.0986416563392, 0.117881715298, 0.118864901364, 0.0380393341184, 0.0261322166771, 0.0474712662399, 0.420083701611, 8.54759216309, 202.119979858, 183.241516113, 6.55377197266, 0.658262610435, 0.189283400774, 0.75097066164, 1.51258134842, 1.3720895052, 0.0962562710047, 0.0713380798697, 0.0143592646345, 0.0174146667123, 0.0165412444621, 0.0342488028109, 0.016075450927, 0.0106501337141, 0.00772487092763, 0.00565298367292, 0.00323172053322, 0.00253337528557, 0.00222878530622, 0.00154934241436, 0.00119049032219, 0.000711883825716, 0.000407264538808, 0.000187375131645, 6.12107323832e-05, 2.88526935037e-05],
        "min": [9.45397641772e-06, 0.000132691449835, 0.00057233084226, 0.00196346244775, 0.00232268217951, 0.00742670148611, 0.0140414135531, 0.00695862621069, 0.00410344032571, 0.00484404526651, 0.0465550683439, 0.00753891374916, 0.0119327390566, 0.00204908451997, 0.00364251597784, 0.00184664153494, 0.00233693164773, 0.00153031281661, 0.00111126061529, 0.00205435277894, 0.00122782145627, 0.0012597712921, 0.00177097052801, 0.00131562596653, 0.00179386558011, 0.00177584891208, 0.00153393961955, 0.000957043492235, 0.00084986910224, 0.000502914015669, 0.00052979204338, 0.000485163502162, 0.000316891411785, 0.00028680509422, 0.000236136649619, 0.000123337740661, 5.49278520339e-05, 2.37963195104e-05, 1.60461313499e-05, 2.50892912845e-06],
        "var": [1.91920958059e-06, 7.6033102232e-05, 0.00023532929481, 0.00162104645278, 0.200985714793, 0.212341278791, 0.972735345364, 0.179229855537, 0.139979094267, 14.4145345688, 27364.1621094, 34829.2734375, 185137, 48902.671875, 151.506240845, 53168.7148438, 36810.859375, 50.761592865, 10.4745426178, 52.4865188599, 0.199985593557, 0.0832770615816, 0.0256803799421, 0.19857648015, 0.423444569111, 0.483780920506, 1.91491520405, 0.047026809305, 0.0298674814403, 0.0170355755836, 0.0211251359433, 0.022594248876, 0.0262189172208, 0.0119610475376, 0.00513685215265, 0.00717289792374, 0.00448542507365, 0.00022942207579, 4.09286076319e-06, 3.67941210833e-09]
    },
    "gfcc": {
        "mean": [-179.913589478, 102.737251282, -115.635192871, -49.4294815063, -51.0498161316, 23.5858917236, 6.46117162704, 6.09196519852, -25.8028202057, -20.2343826294, -38.2348861694, -15.1885299683, 12.2445993423],
        "cov": [[4178.640625, -555.220703125, -1745.04309082, -817.493225098, -755.825439453, 353.918609619, 72.5023040771, -192.278640747, -493.197357178, 267.718658447, -20.579580307, -546.007263184, -647.789978027], [-555.220703125, 409.062774658, -139.672714233, -128.727416992, 182.746963501, 82.2606201172, 137.147003174, -6.86384105682, 184.226791382, -85.0905303955, -69.9116897583, -48.7807235718, 89.4560317993], [-1745.04309082, -139.672714233, 1649.65942383, 789.058654785, 241.396087646, -355.835327148, -340.715270996, 120.24546814, 92.8195419312, 28.5037498474, 209.229446411, 493.527191162, 230.107528687], [-817.493225098, -128.727416992, 789.058654785, 622.908996582, 72.9412307739, -246.850204468, -244.54510498, -18.3703212738, -51.4538497925, 73.8102722168, 176.650222778, 188.709915161, 34.4504051208], [-755.825439453, 182.746963501, 241.396087646, 72.9412307739, 309.389984131, 65.2658843994, 80.4585876465, 90.7661972046, 120.351966858, -148.429992676, -94.8720855713, 162.753845215, 277.165588379], [353.918609619, 82.2606201172, -355.835327148, -246.850204468, 65.2658843994, 256.250610352, 175.000442505, 78.5281295776, 7.43978023529, -114.527580261, -135.557342529, -29.163476944, 132.515701294], [72.5023040771, 137.147003174, -340.715270996, -244.54510498, 80.4585876465, 175.000442505, 266.939910889, 94.4666824341, 29.4775028229, -140.831985474, -173.307998657, -49.5088424683, 146.993896484], [-192.278640747, -6.86384105682, 120.24546814, -18.3703212738, 90.7661972046, 78.5281295776, 94.4666824341, 149.53024292, 30.1199512482, -112.095184326, -103.845664978, 105.360870361, 187.533172607], [-493.197357178, 184.226791382, 92.8195419312, -51.4538497925, 120.351966858, 7.43978023529, 29.4775028229, 30.1199512482, 220.162918091, -3.28697681427, -9.59235858917, 51.7272644043, 81.2190551758], [267.718658447, -85.0905303955, 28.5037498474, 73.8102722168, -148.429992676, -114.527580261, -140.831985474, -112.095184326, -3.28697681427, 247.302703857, 211.022201538, -70.0362548828, -269.815704346], [-20.579580307, -69.9116897583, 209.229446411, 176.650222778, -94.8720855713, -135.557342529, -173.307998657, -103.845664978, -9.59235858917, 211.022201538, 252.986175537, -16.3884887695, -223.295837402], [-546.007263184, -48.7807235718, 493.527191162, 188.709915161, 162.753845215, -29.163476944, -49.5088424683, 105.360870361, 51.7272644043, -70.0362548828, -16.3884887695, 261.266784668, 238.326400757], [-647.789978027, 89.4560317993, 230.107528687, 34.4504051208, 277.165588379, 132.515701294, 146.993896484, 187.533172607, 81.2190551758, -269.815704346, -223.295837402, 238.326400757, 494.085845947]],
        "icov": [[0.00200697407126, 0.0011450907914, 0.00104752159677, 0.000870681717061, 0.00179249281064, -0.00316265807487, 0.00107343797572, 0.000707198632881, 0.00225546350703, -0.00292198127136, 0.00248566316441, -0.00194104539696, 0.00122358172666], [0.0011450907914, 0.0115325674415, -0.000710318039637, 9.23973711906e-05, -0.00349305430427, -0.00369212520309, -0.00415136897936, 0.00761616136879, -0.00687825819477, 0.00385663285851, -0.000931109185331, 0.00456176418811, 0.00164723000489], [0.00104752159677, -0.000710318039637, 0.00637671304867, -0.00244569848292, 0.000757567351684, 0.00225584604777, 0.00288838124834, -0.00569916376844, 0.000396899908083, 0.00151474261656, -0.00207910244353, -0.00768619123846, 0.00250639836304], [0.000870681717061, 9.23973711906e-05, -0.00244569848292, 0.00892475433648, -0.00291649322025, 0.00240606651641, 0.00395096605644, -0.00117091240827, 0.0066272164695, -0.00486769573763, -0.00145303353202, 0.0051640868187, -0.00499394768849], [0.00179249281064, -0.00349305430427, 0.000757567351684, -0.00291649322025, 0.0167653076351, -0.00689628347754, -0.00311336386949, 0.00552841369063, -0.00128294841852, 0.00189419044182, 0.00260309292935, -0.0110197719187, 0.00184302928392], [-0.00316265807487, -0.00369212520309, 0.00225584604777, 0.00240606651641, -0.00689628347754, 0.0200604144484, 0.000965383660514, -0.0112336743623, 0.00124813779257, 0.0034171291627, -0.00894774403423, 0.00404876796529, -0.00656739808619], [0.00107343797572, -0.00415136897936, 0.00288838124834, 0.00395096605644, -0.00311336386949, 0.000965383660514, 0.0195315666497, -0.0145062869415, 0.00697300164029, -0.00636880099773, 0.00212718197145, 0.00638144323602, -0.00501990504563], [0.000707198632881, 0.00761616136879, -0.00569916376844, -0.00117091240827, 0.00552841369063, -0.0112336743623, -0.0145062869415, 0.033539224416, -0.00725648365915, 0.00409136060625, 0.00616111420095, -0.00631169462577, 0.00303754257038], [0.00225546350703, -0.00687825819477, 0.000396899908083, 0.0066272164695, -0.00128294841852, 0.00124813779257, 0.00697300164029, -0.00725648365915, 0.0191488247365, -0.0148891014978, 0.00451838923618, -0.000373187707737, -0.0044363187626], [-0.00292198127136, 0.00385663285851, 0.00151474261656, -0.00486769573763, 0.00189419044182, 0.0034171291627, -0.00636880099773, 0.00409136060625, -0.0148891014978, 0.0364846885204, -0.020410027355, -0.00530980387703, 0.00917614996433], [0.00248566316441, -0.000931109185331, -0.00207910244353, -0.00145303353202, 0.00260309292935, -0.00894774403423, 0.00212718197145, 0.00616111420095, 0.00451838923618, -0.020410027355, 0.0288113281131, -0.00454390095547, 0.00578957004473], [-0.00194104539696, 0.00456176418811, -0.00768619123846, 0.0051640868187, -0.0110197719187, 0.00404876796529, 0.00638144323602, -0.00631169462577, -0.000373187707737, -0.00530980387703, -0.00454390095547, 0.0363340936601, -0.016976185143], [0.00122358172666, 0.00164723000489, 0.00250639836304, -0.00499394768849, 0.00184302928392, -0.00656739808619, -0.00501990504563, 0.00303754257038, -0.0044363187626, 0.00917614996433, 0.00578957004473, -0.016976185143, 0.0201242957264]]
    },
    "melbands": {
        "dmean": [7.87475346442e-06, 6.83182679495e-06, 8.05208401289e-06, 1.21919019875e-05, 1.02451194834e-05, 3.04242166749e-06, 1.63340905601e-06, 5.33448792339e-06, 0.000259337190073, 0.000185827520909, 0.000350995425833, 0.000271732424153, 1.00907836895e-05, 2.60489377979e-05, 0.000155545276357, 2.65372818831e-05, 1.00041199858e-06, 1.09665063519e-06, 3.21981383422e-06, 1.06721233806e-06, 2.53330902922e-08, 8.87696387508e-08, 6.89677932542e-08, 2.52439900095e-08, 6.86501451241e-08, 1.33177749717e-07, 9.4442526688e-08, 6.52149125813e-08, 1.20450707186e-07, 7.8779706314e-08, 2.39810979963e-08, 2.26135163928e-08, 2.62851909127e-08, 1.73963954353e-08, 1.88107645016e-08, 1.89762143776e-08, 2.56859848946e-08, 3.37998002919e-08, 2.69044875267e-08, 1.82589179332e-08],
        "dmean2": [1.43713259604e-05, 1.21831617435e-05, 1.30655316752e-05, 1.92727566173e-05, 1.65919045685e-05, 5.25357791048e-06, 2.73076216217e-06, 9.16173485166e-06, 0.000359352037776, 0.00021468680643, 0.000369261717424, 0.000330902636051, 1.76169469341e-05, 3.26751469402e-05, 0.000202142749913, 4.37457492808e-05, 1.72505826868e-06, 1.50344760641e-06, 4.90933234687e-06, 1.60245201641e-06, 4.36764509004e-08, 1.2513692127e-07, 1.17429145519e-07, 4.47353158961e-08, 1.02409089209e-07, 1.98901418003e-07, 1.36236437243e-07, 7.94105119439e-08, 1.70851308212e-07, 1.10248812746e-07, 3.80647264819e-08, 3.71770312313e-08, 4.03537896432e-08, 3.04914564708e-08, 3.49140663047e-08, 3.35624648073e-08, 3.97720718581e-08, 5.09732842602e-08, 4.46823378297e-08, 2.64025850072e-08],
        "dvar": [9.83118655928e-11, 5.42296936523e-11, 1.64133873159e-10, 7.57643170424e-10, 9.79249015209e-10, 9.14640654881e-11, 3.22447520074e-11, 5.11662323621e-10, 7.23490131804e-07, 1.77716870553e-07, 4.40124608758e-07, 1.56590473921e-07, 1.06349706819e-09, 1.32506086103e-08, 3.38869057259e-07, 1.23982832889e-08, 2.08222813991e-11, 3.93813280597e-12, 1.39142877775e-10, 2.48265349251e-11, 7.7639853097e-15, 3.9932538206e-14, 9.22773752484e-14, 2.35906248285e-14, 6.32388089919e-14, 1.09213738042e-13, 6.35764634297e-14, 2.65262258773e-14, 1.93760670486e-13, 9.34093975129e-14, 6.62304548227e-15, 8.83910898305e-15, 9.34167988868e-15, 5.5674806467e-15, 1.0027366612e-14, 7.44888651222e-15, 1.14608682313e-14, 1.45495510036e-14, 1.29651225126e-14, 5.94683282246e-15],
        "dvar2": [2.9867486262e-10, 1.63934116282e-10, 3.9423539433e-10, 1.84977755335e-09, 2.39922459677e-09, 2.05593389535e-10, 6.53412671192e-11, 1.42119260804e-09, 1.07273865524e-06, 2.46360940537e-07, 7.19260754067e-07, 3.41717964147e-07, 2.57350962762e-09, 2.16162057143e-08, 5.54179734991e-07, 2.97122273452e-08, 5.92831547741e-11, 9.64291233668e-12, 3.69152458601e-10, 6.43144912327e-11, 2.13068376554e-14, 8.42457275273e-14, 2.58582977079e-13, 6.57584135256e-14, 1.4017735269e-13, 2.3642239967e-13, 1.35988049705e-13, 4.20750165665e-14, 2.95978058685e-13, 1.35393269946e-13, 1.69769763297e-14, 2.29960907087e-14, 2.08309423584e-14, 1.4871589542e-14, 2.94198462792e-14, 2.04042376528e-14, 2.70475051996e-14, 3.27065475668e-14, 3.42399414756e-14, 1.28719759935e-14],
        "max": [4.97999171785e-05, 3.67392749467e-05, 0.000104567865492, 0.000215958891204, 0.000221321242861, 6.31721632089e-05, 3.99260752602e-05, 0.000227652286412, 0.0105850882828, 0.00558496080339, 0.0105790868402, 0.00506395939738, 0.000286706257612, 0.00109116989188, 0.00528245372698, 0.00122103537433, 4.35702313553e-05, 1.81730683835e-05, 9.96840535663e-05, 5.49170945305e-05, 8.39230949623e-07, 1.99843634618e-06, 2.82469727608e-06, 1.50881965055e-06, 2.90963771477e-06, 3.29487420458e-06, 2.34468780036e-06, 2.07591028811e-06, 5.58404281037e-06, 4.05444552598e-06, 6.14898397089e-07, 7.74388922764e-07, 9.7632937468e-07, 6.21828121439e-07, 8.8981562385e-07, 6.44632564217e-07, 9.16932776818e-07, 9.41892096762e-07, 8.99377766928e-07, 7.11738721293e-07],
        "mean": [1.00782899608e-05, 8.96711208043e-06, 1.59690189321e-05, 2.13830644498e-05, 1.34934025482e-05, 4.16731973019e-06, 1.89126092209e-06, 5.77128821533e-06, 0.000694560294505, 0.000453422195278, 0.001928136684, 0.00127833569422, 1.50670402945e-05, 5.1913306379e-05, 0.000342494604411, 5.46805895283e-05, 1.65393907992e-06, 3.58740408046e-06, 5.46386308997e-06, 1.91465596799e-06, 2.94287794134e-08, 1.8020247694e-07, 7.99146206987e-08, 2.34238637375e-08, 1.1453226989e-07, 3.25139893675e-07, 1.97909471922e-07, 1.50278538058e-07, 2.08445072758e-07, 1.3933887999e-07, 3.18793382803e-08, 2.52688074909e-08, 3.89857959249e-08, 2.22727951638e-08, 1.67491194247e-08, 1.6691405591e-08, 2.86453847309e-08, 3.85750880127e-08, 2.27483951676e-08, 2.46992435393e-08],
        "median": [5.11727103003e-06, 6.50154424875e-06, 9.04197258933e-06, 7.64387823438e-06, 3.76375942324e-06, 1.00203419606e-06, 3.19107783753e-07, 3.54749374765e-07, 1.89153331576e-06, 1.53049336404e-06, 0.00112703233026, 0.000997172552161, 1.58079927814e-07, 5.09074453703e-08, 1.7923613882e-07, 1.61100615514e-07, 4.47662927172e-07, 1.95236589207e-06, 2.00902695724e-06, 6.13595375398e-07, 9.18895182167e-09, 7.60294156521e-08, 1.53121941793e-08, 4.87171814001e-09, 9.97421789606e-09, 1.60214792544e-08, 7.03450320216e-09, 1.25212302748e-08, 1.12838334232e-08, 5.4035194097e-09, 5.41230882334e-09, 3.65339247743e-09, 4.57952742394e-09, 2.83213386076e-09, 1.85637683003e-09, 1.63772506667e-09, 1.50777135222e-09, 1.56333324064e-09, 1.39266642663e-09, 1.24603294349e-09],
        "min": [9.77538405778e-08, 1.23623934201e-07, 5.24762981513e-07, 2.80141051689e-07, 3.81657486059e-07, 1.29105245605e-07, 2.29441461386e-08, 3.89019731983e-08, 1.07821477968e-07, 2.97144726602e-08, 5.80177754728e-08, 5.80502224068e-09, 1.03045287858e-08, 7.28817717288e-09, 5.86890136489e-09, 4.66224481244e-09, 2.57639509726e-09, 1.37249300813e-09, 3.52928442027e-09, 2.04047667651e-09, 1.25972832166e-09, 1.12961984211e-09, 1.76941172825e-09, 6.83548884162e-10, 8.01125166205e-10, 1.57439694615e-09, 8.28022095334e-10, 1.20685972327e-09, 9.85307169188e-10, 1.02118501155e-10, 5.38299904651e-10, 5.1150167435e-10, 3.15800746664e-10, 2.89679058518e-10, 2.90779705869e-10, 2.63765259634e-10, 1.74473907544e-10, 1.91290344675e-10, 1.82788673087e-10, 2.232392049e-10],
        "var": [1.36963176911e-10, 6.91446760959e-11, 3.28100602243e-10, 1.08184394776e-09, 9.48748191121e-10, 1.08121372966e-10, 3.70650558856e-11, 4.41203185098e-10, 3.2926750464e-06, 1.01961938981e-06, 5.72557883061e-06, 1.49090419654e-06, 1.66873082019e-09, 3.59339118461e-08, 9.73261080617e-07, 3.6081544863e-08, 1.55236136445e-11, 1.83708655926e-11, 1.3791327802e-10, 2.49006353731e-11, 6.41498581482e-15, 8.23318599711e-14, 7.70070042889e-14, 1.60555874422e-14, 1.58033498397e-13, 4.8049075569e-13, 1.96916295119e-13, 1.42900163816e-13, 5.34714633682e-13, 2.86514247657e-13, 6.11745998638e-15, 7.49100268442e-15, 1.0893545045e-14, 4.96173943403e-15, 6.21821963766e-15, 5.42195996284e-15, 1.29597675703e-14, 1.72719606358e-14, 1.04647600264e-14, 1.00732029529e-14]
    },
    "mfcc": {
        "mean": [-862.927490234, 158.954925537, -3.26151823997, -21.5389232635, -20.3252449036, 8.86509513855, 13.4754829407, 9.177693367, 28.4513149261, 20.841501236, -18.7237071991, -38.064201355, -21.6922302246],
        "cov": [[5406.22558594, -387.570129395, -1142.28503418, -1477.71557617, -1478.61474609, -22.6521720886, 656.867919922, -255.943283081, -452.900360107, -65.7945709229, 273.957397461, 350.974182129, -23.839307785], [-387.570129395, 240.168960571, -85.2442321777, -6.23608255386, 72.338684082, 63.9901580811, -35.93907547, 48.5486602783, 82.3422164917, 62.4403305054, 13.7538328171, -90.8243637085, 4.52234554291], [-1142.28503418, -85.2442321777, 772.636047363, 552.575256348, 367.560821533, -159.330810547, -159.7628479, -41.2150802612, -187.81427002, -135.35383606, -11.7740631104, 168.585128784, 189.59954834], [-1477.71557617, -6.23608255386, 552.575256348, 624.24005127, 462.648895264, -61.2576637268, -198.067398071, 23.9447402954, 14.4390172958, -61.336101532, -85.7976226807, -3.97352457047, 66.3222427368], [-1478.61474609, 72.338684082, 367.560821533, 462.648895264, 628.915161133, 36.8372077942, -224.120315552, 124.682136536, 210.882568359, -6.34768342972, -182.757583618, -188.563400269, -16.5789413452], [-22.6521720886, 63.9901580811, -159.330810547, -61.2576637268, 36.8372077942, 107.713897705, 14.7404346466, 38.8511619568, 117.45388031, 54.6474342346, -34.2806892395, -113.064079285, -69.0514526367], [656.867919922, -35.93907547, -159.7628479, -198.067398071, -224.120315552, 14.7404346466, 193.655410767, -17.343629837, -92.313835144, 32.0530891418, 44.3132972717, -5.75960874557, 4.91307449341], [-255.943283081, 48.5486602783, -41.2150802612, 23.9447402954, 124.682136536, 38.8511619568, -17.343629837, 120.192588806, 171.635910034, 58.7878379822, -101.446891785, -170.364746094, -62.9250640869], [-452.900360107, 82.3422164917, -187.81427002, 14.4390172958, 210.882568359, 117.45388031, -92.313835144, 171.635910034, 436.357818604, 131.305374146, -210.102859497, -347.002655029, -214.277114868], [-65.7945709229, 62.4403305054, -135.35383606, -61.336101532, -6.34768342972, 54.6474342346, 32.0530891418, 58.7878379822, 131.305374146, 121.871604919, -37.6313285828, -141.476867676, -68.84425354], [273.957397461, 13.7538328171, -11.7740631104, -85.7976226807, -182.757583618, -34.2806892395, 44.3132972717, -101.446891785, -210.102859497, -37.6313285828, 219.054016113, 246.621322632, 80.9206314087], [350.974182129, -90.8243637085, 168.585128784, -3.97352457047, -188.563400269, -113.064079285, -5.75960874557, -170.364746094, -347.002655029, -141.476867676, 246.621322632, 527.409362793, 224.160079956], [-23.839307785, 4.52234554291, 189.59954834, 66.3222427368, -16.5789413452, -69.0514526367, 4.91307449341, -62.9250640869, -214.277114868, -68.84425354, 80.9206314087, 224.160079956, 222.683151245]],
