{
"lowlevel": {
    "average_loudness": 0.91761136055,
    "barkbands_crest": {
        "dmean": 1.42303431034,
        "dmean2": 1.89990472794,
        "dvar": 1.8392701149,
        "dvar2": 3.18313765526,
        "max": 22.8753318787,
        "mean": 17.9146232605,
        "median": 18.1469459534,
        "min": 7.29450559616,
        "var": 7.80889415741
    },
    "barkbands_flatness_db": {
        "dmean": 0.0198627412319,
        "dmean2": 0.0246972087771,
        "dvar": 0.00108639267273,
        "dvar2": 0.00118719961029,
        "max": 0.565263986588,
        "mean": 0.410406261683,
        "median": 0.408545702696,
        "min": 0.195476621389,
        "var": 0.00678988033906
    },
    "barkbands_kurtosis": {
        "dmean": 10.2279558182,
        "dmean2": 16.3000640869,
        "dvar": 121.983032227,
        "dvar2": 337.311553955,
        "max": 98.0587844849,
        "mean": 14.821808815,
        "median": 9.69592857361,
        "min": -0.0790917873383,
        "var": 255.586242676
    },
    "barkbands_skewness": {
        "dmean": 0.715972065926,
        "dmean2": 1.10635328293,
        "dvar": 0.678309261799,
        "dvar2": 1.49742627144,
        "max": 4.42268657684,
        "mean": -0.606704354286,
        "median": -0.916117310524,
        "min": -3.76570057869,
        "var": 2.46808338165
    },
    "barkbands_spread": {
        "dmean": 0.847017705441,
        "dmean2": 1.30577147007,
        "dvar": 0.506326019764,
        "dvar2": 1.42351341248,
        "max": 5.85474681854,
        "mean": 2.23903608322,
        "median": 2.08620929718,
        "min": 0.444556266069,
        "var": 1.5956556797
    },
    "dissonance": {
        "dmean": 0.0461161918938,
        "dmean2": 0.0762762352824,
        "dvar": 0.00136066984851,
        "dvar2": 0.00352599215694,
        "max": 0.349780291319,
        "mean": 0.186251014471,
        "median": 0.186862334609,
        "min": 0.0342641621828,
        "var": 0.00361126218922
    },
    "dynamic_complexity": 3.9417579174,
    "erbbands_crest": {
        "dmean": 0.924059987068,
        "dmean2": 1.28562664986,
        "dvar": 1.92534911633,
        "dvar2": 3.22535681725,
        "max": 33.9292373657,
        "mean": 31.8389472961,
        "median": 33.1110572815,
        "min": 22.6536369324,
        "var": 7.38607931137
    },
    "erbbands_flatness_db": {
        "dmean": 0.0189900901169,
        "dmean2": 0.0223280061036,
        "dvar": 0.000853442936204,
        "dvar2": 0.000896224053577,
        "max": 0.565100729465,
        "mean": 0.428382903337,
        "median": 0.427133440971,
        "min": 0.243687525392,
        "var": 0.00533252488822
    },
    "erbbands_kurtosis": {
        "dmean": 33.7324142456,
        "dmean2": 54.170715332,
        "dvar": 1285.8927002,
        "dvar2": 2930.62988281,
        "max": 267.701324463,
        "mean": 69.6809616089,
        "median": 71.7195510864,
        "min": -1.19174587727,
        "var": 3238.33886719
    },
    "erbbands_skewness": {
        "dmean": 1.51455199718,
        "dmean2": 2.48831486702,
        "dvar": 2.23357868195,
        "dvar2": 6.45119428635,
        "max": 8.47231864929,
        "mean": 3.03460764885,
        "median": 2.85657072067,
        "min": -0.610743045807,
        "var": 3.39719414711
    },
    "erbbands_spread": {
        "dmean": 0.508918404579,
        "dmean2": 0.695640385151,
        "dvar": 0.477955967188,
        "dvar2": 0.724949657917,
        "max": 6.70396518707,
        "mean": 1.4941624403,
        "median": 0.980579018593,
        "min": 0.257093757391,
        "var": 1.69757199287
    },
    "hfc": {
        "dmean": 1.66343069077,
        "dmean2": 1.73905062675,
        "dvar": 4.36152458191,
        "dvar2": 5.1212887764,
        "max": 38.2077560425,
        "mean": 9.42624378204,
        "median": 6.13587474823,
        "min": 0.332878351212,
        "var": 98.3383865356
    },
    "melbands_crest": {
        "dmean": 2.11969161034,
        "dmean2": 3.25454330444,
        "dvar": 3.73158144951,
        "dvar2": 9.48283004761,
        "max": 30.6974887848,
        "mean": 26.3580780029,
        "median": 26.9520320892,
        "min": 14.0882310867,
        "var": 10.9079675674
    },
    "melbands_flatness_db": {
        "dmean": 0.0191719345748,
        "dmean2": 0.0230525266379,
        "dvar": 0.00127478444483,
        "dvar2": 0.00135691068135,
        "max": 0.6730209589,
        "mean": 0.522835493088,
        "median": 0.518613040447,
        "min": 0.279439806938,
        "var": 0.00617446796969
    },
    "melbands_kurtosis": {
        "dmean": 5.471991539,
        "dmean2": 8.27830982208,
        "dvar": 25.5791549683,
        "dvar2": 63.6453475952,
        "max": 37.9243812561,
        "mean": 7.67816638947,
        "median": 4.37392139435,
        "min": -1.46854197979,
        "var": 74.819519043
    },
    "melbands_skewness": {
        "dmean": 0.836658120155,
        "dmean2": 1.25680148602,
        "dvar": 0.447838068008,
        "dvar2": 1.00194394588,
        "max": 2.67739701271,
        "mean": -1.1782630682,
        "median": -1.45017564297,
        "min": -4.57512187958,
        "var": 2.64866113663
    },
    "melbands_spread": {
        "dmean": 1.47969532013,
        "dmean2": 2.30605435371,
        "dvar": 1.36030650139,
        "dvar2": 4.16567230225,
        "max": 8.8659992218,
        "mean": 3.95057368279,
        "median": 3.79492545128,
        "min": 0.665235280991,
        "var": 5.00052785873
    },
    "pitch_salience": {
        "dmean": 0.067460462451,
        "dmean2": 0.10453081876,
        "dvar": 0.00294273975305,
        "dvar2": 0.00775208603591,
        "max": 0.512593388557,
        "mean": 0.265599608421,
        "median": 0.255644261837,
        "min": 0.0890246927738,
        "var": 0.00943082198501
    },
    "silence_rate_20dB": {
        "dmean": 0,
        "dmean2": 0,
        "dvar": 0,
        "dvar2": 0,
        "max": 1,
        "mean": 1,
        "median": 1,
        "min": 1,
        "var": 0
    },
    "silence_rate_30dB": {
        "dmean": 0,
        "dmean2": 0,
        "dvar": 0,
        "dvar2": 0,
        "max": 1,
        "mean": 1,
        "median": 1,
        "min": 1,
        "var": 0
    },
    "silence_rate_60dB": {
        "dmean": 0.0707070678473,
        "dmean2": 0.142857149243,
        "dvar": 0.0657075867057,
        "dvar2": 0.142857179046,
        "max": 1,
        "mean": 0.129999995232,
        "median": 0,
        "min": 0,
        "var": 0.113099992275
    },
    "spectral_centroid": {
        "dmean": 10.1068162918,
        "dmean2": 13.8662815094,
        "dvar": 150.856994629,
        "dvar2": 275.584869385,
        "max": 587.087890625,
        "mean": 503.571563721,
        "median": 497.2684021,
        "min": 407.879608154,
        "var": 698.656005859
    },
    "spectral_complexity": {
        "dmean": 0.696969687939,
        "dmean2": 1.25510203838,
        "dvar": 0.534435331821,
        "dvar2": 1.27165770531,
        "max": 5,
        "mean": 3.24000000954,
        "median": 3,
        "min": 1,
        "var": 1.06239938736
    },
    "spectral_decrease": {
        "dmean": 8.21852752519e-10,
        "dmean2": 8.99509688956e-10,
        "dvar": 1.16641079388e-18,
        "dvar2": 1.33333263617e-18,
        "max": -2.78430251077e-10,
        "mean": -4.64869298611e-09,
        "median": -3.09869241377e-09,
        "min": -1.75288157322e-08,
        "var": 2.03758159519e-17
    },
    "spectral_energy": {
        "dmean": 0.00324755790643,
        "dmean2": 0.00354896485806,
        "dvar": 1.81909526873e-05,
        "dvar2": 2.07938192034e-05,
        "max": 0.0696230232716,
        "mean": 0.0184001531452,
        "median": 0.012251698412,
        "min": 0.00108105293475,
        "var": 0.000321562256431
    },
    "spectral_energyband_high": {
        "dmean": 8.58792645886e-07,
        "dmean2": 9.18721752896e-07,
        "dvar": 5.4717973208e-11,
        "dvar2": 5.52675440135e-11,
        "max": 7.42316260585e-05,
        "mean": 1.75304785444e-06,
        "median": 1.26072291096e-06,
        "min": 1.29144041239e-07,
        "var": 5.33080038445e-11
    },
    "spectral_energyband_low": {
        "dmean": 0.000330467155436,
        "dmean2": 0.000490283127874,
        "dvar": 8.98526479887e-08,
        "dvar2": 2.23781881914e-07,
        "max": 0.00408084644005,
        "mean": 0.000628669804428,
        "median": 0.000358796853106,
        "min": 1.36698963615e-05,
        "var": 4.79870038816e-07
    },
    "spectral_energyband_middle_high": {
        "dmean": 0.000382186408387,
        "dmean2": 0.000441044161562,
        "dvar": 5.11480209298e-07,
        "dvar2": 5.87089800774e-07,
        "max": 0.0127516612411,
        "mean": 0.00119629513938,
        "median": 7.51639308874e-05,
        "min": 2.44840998675e-06,
        "var": 7.38387052479e-06
    },
    "spectral_energyband_middle_low": {
        "dmean": 0.00315477931872,
        "dmean2": 0.00351634295657,
        "dvar": 1.83375577762e-05,
        "dvar2": 2.11642454815e-05,
        "max": 0.0610189512372,
        "mean": 0.0165966786444,
        "median": 0.0117640718818,
        "min": 0.000620710954536,
        "var": 0.000253405945841
    },
    "spectral_entropy": {
        "dmean": 0.212537884712,
        "dmean2": 0.258736819029,
        "dvar": 0.139130115509,
        "dvar2": 0.144722610712,
        "max": 7.0650510788,
        "mean": 4.48264837265,
        "median": 4.4014043808,
        "min": 3.20365691185,
        "var": 0.539301097393
    },
    "spectral_flux": {
        "dmean": 0.00946748163551,
        "dmean2": 0.0154123455286,
        "dvar": 0.000160875904839,
        "dvar2": 0.000296866928693,
        "max": 0.154020726681,
        "mean": 0.0231750961393,
        "median": 0.0193878896534,
        "min": 0.00605768663809,
        "var": 0.000368105014786
    },
    "spectral_kurtosis": {
        "dmean": 12.4851961136,
        "dmean2": 18.0515937805,
        "dvar": 369.285583496,
        "dvar2": 754.06451416,
        "max": 234.826690674,
        "mean": 69.9062423706,
        "median": 44.0038261414,
        "min": 8.93016242981,
        "var": 3723.7800293
    },
    "spectral_rms": {
        "dmean": 0.000381267251214,
        "dmean2": 0.000418579613324,
        "dvar": 1.46631151665e-07,
        "dvar2": 1.73374630208e-07,
        "max": 0.00824165623635,
        "mean": 0.00376604776829,
        "median": 0.00345719046891,
        "min": 0.00102697894908,
        "var": 3.76825278181e-06
    },
    "spectral_rolloff": {
        "dmean": 19.7931461334,
        "dmean2": 39.7705078125,
        "dvar": 7902.91748047,
        "dvar2": 19364.3261719,
        "max": 968.994140625,
        "mean": 543.282714844,
        "median": 516.796875,
        "min": 495.263671875,
        "var": 11590.6279297
    },
    "spectral_skewness": {
        "dmean": 0.570101618767,
        "dmean2": 0.794822216034,
        "dvar": 0.821279764175,
        "dvar2": 1.46444356441,
        "max": 13.1421232224,
        "mean": 6.60939264297,
        "median": 5.69577312469,
        "min": 2.51691246033,
        "var": 7.83393001556
    },
    "spectral_spread": {
        "dmean": 377600.1875,
        "dmean2": 471852.8125,
        "dvar": 553063677952,
        "dvar2": 602416414720,
        "max": 10338170,
        "mean": 2176580,
        "median": 1991031,
        "min": 531831.4375,
        "var": 1.5347407913e+12
    },
    "spectral_strongpeak": {
        "dmean": 0.376475334167,
        "dmean2": 0.529360115528,
        "dvar": 0.198604032397,
        "dvar2": 0.346726208925,
        "max": 4.95383214951,
        "mean": 2.1690735817,
        "median": 1.92030835152,
        "min": 0.174686744809,
        "var": 1.40412354469
    },
    "zerocrossingrate": {
        "dmean": 0.000409367115935,
        "dmean2": 0.000602877873462,
        "dvar": 2.38277402786e-06,
        "dvar2": 2.55351596934e-06,
        "max": 0.0234375,
        "mean": 0.0223193354905,
        "median": 0.0224609375,
        "min": 0.01123046875,
        "var": 2.29976353694e-06
    },
    "barkbands": {
        "dmean": [2.52504764831e-06, 0.000243104601395, 0.000103423815744, 2.5698729587e-05, 1.90946902876e-05, 3.51833623427e-05, 0.00274250842631, 0.000593389209826, 4.03140029448e-06, 1.3993238781e-06, 0.000385651714168, 1.70031137259e-06, 1.16468777378e-06, 1.22683172776e-06, 4.86259978061e-07, 3.81180228715e-07, 2.64396845751e-07, 2.3170530028e-07, 2.08557239034e-07, 1.8111011002e-07, 1.49664685978e-07, 1.31859522412e-07, 1.08736045945e-07, 1.06417552104e-07, 1.11736213171e-07, 1.10887988569e-07, 1.5553784749e-07],
        "dmean2": [4.32569868281e-06, 0.000347104680259, 0.000169184320839, 4.43241879111e-05, 3.27439884131e-05, 5.65489026485e-05, 0.00294186500832, 0.000661223428324, 4.50450988865e-06, 2.00772365133e-06, 0.00044407803216, 1.84473799436e-06, 1.52307779899e-06, 1.51278800331e-06, 5.89024864439e-07, 4.16727203856e-07, 2.87679995381e-07, 2.55144129824e-07, 2.33251256532e-07, 2.07217155435e-07, 1.63599679581e-07, 1.47150657881e-07, 1.19205978422e-07, 1.20350932775e-07, 1.23780694139e-07, 1.26968728864e-07, 1.96867517843e-07],
        "dvar": [2.18138753588e-11, 6.36821866351e-08, 1.25437473741e-08, 9.40310274089e-10, 8.54524617733e-10, 3.87759158116e-09, 1.56598944159e-05, 4.18875544028e-07, 1.03310915378e-09, 2.59167635269e-11, 5.18163801644e-07, 2.24893464962e-10, 1.74079327342e-11, 1.82128461618e-11, 9.26894238445e-12, 1.05194256084e-11, 5.22100331718e-12, 3.29592516474e-12, 2.92954679612e-12, 2.09943932898e-12, 1.69135159437e-12, 1.2275294713e-12, 8.51406401978e-13, 7.56141080738e-13, 7.10349205672e-13, 6.77131311091e-13, 7.51935839982e-13],
        "dvar2": [3.20974913315e-11, 1.29339440491e-07, 3.6810746451e-08, 2.19321072414e-09, 2.47206366488e-09, 7.25934645729e-09, 1.7830343495e-05, 5.64664162539e-07, 1.05256947602e-09, 2.82834571735e-11, 5.9155576082e-07, 2.2640045394e-10, 1.88147674524e-11, 1.62442993085e-11, 1.00210144002e-11, 1.05781824272e-11, 5.24631596846e-12, 3.18309050992e-12, 2.9487876984e-12, 2.12666299501e-12, 1.70821137183e-12, 1.2372226724e-12, 8.59453079451e-13, 7.62149078657e-13, 7.1651159398e-13, 6.84684405526e-13, 7.62264058297e-13],
        "max": [4.49292056146e-05, 0.0036091322545, 0.000599411025178, 0.000170717932633, 0.000221917813178, 0.000506316078827, 0.0552463382483, 0.0090639591217, 0.000322346313624, 5.07161712449e-05, 0.0127212228253, 0.000150423962623, 4.77696521557e-05, 6.50786969345e-05, 3.37216843036e-05, 3.279430166e-05, 2.30459227168e-05, 1.87199311767e-05, 1.72473719431e-05, 1.45617304952e-05, 1.30389898914e-05, 1.11127919808e-05, 9.2554028015e-06, 8.72605141922e-06, 8.46755938255e-06, 8.27045823826e-06, 8.76722515386e-06],
        "mean": [2.70676014225e-06, 0.000479915703181, 0.000122978264699, 3.39764301316e-05, 4.37419221271e-05, 6.11061477684e-05, 0.0134507725015, 0.00300145614892, 4.5431415856e-06, 1.63744175552e-06, 0.00118697073776, 1.83199108506e-06, 2.02771911972e-06, 2.33579658016e-06, 7.41796100101e-07, 4.49225836974e-07, 3.13777746896e-07, 2.99393803971e-07, 2.89048415425e-07, 2.63924562205e-07, 2.19546379299e-07, 1.77924135869e-07, 1.62935407388e-07, 1.63126628649e-07, 1.91610766365e-07, 2.30963038916e-07, 5.31778141521e-07],
        "median": [1.72129205112e-06, 0.000211718172068, 7.71181512391e-05, 2.02184928639e-05, 4.11822329625e-05, 4.30598083767e-05, 0.00836606696248, 0.00255557778291, 1.11018039206e-06, 6.5962132112e-07, 7.25613790564e-05, 2.94475682949e-07, 4.51868402251e-07, 3.11964811317e-07, 1.88020734981e-07, 1.11298369632e-07, 7.94522065917e-08, 9.96441471557e-08, 1.14744523216e-07, 1.19759022255e-07, 1.00600914266e-07, 7.10471610432e-08, 8.10470623946e-08, 9.11141597726e-08, 1.17636311359e-07, 1.75301266836e-07, 5.36647348781e-07],
        "min": [6.6605259974e-08, 5.11010603077e-06, 3.34039759764e-06, 3.90341512002e-07, 1.20832310131e-05, 1.49505031004e-05, 0.00029202393489, 0.000184289950994, 1.14601633072e-07, 9.16628977166e-08, 4.16953355398e-07, 3.12994679064e-08, 1.38340311651e-07, 5.93621045653e-08, 5.39327125182e-08, 2.37552857385e-08, 1.18434195784e-08, 1.90241653542e-08, 1.89101818648e-08, 1.4219565081e-08, 1.06169997238e-08, 7.11524661412e-09, 8.21076007185e-09, 8.43051761734e-09, 1.26097479125e-08, 1.75903540622e-08, 4.81926392126e-08],
        "var": [2.22089013846e-11, 4.26914908758e-07, 1.57494923769e-08, 1.2939116445e-09, 6.84842571541e-10, 3.96382615619e-09, 0.000206203141715, 4.32978322351e-06, 1.02107688971e-09, 2.60554997716e-11, 7.35703270038e-06, 2.23072282868e-10, 2.92344377872e-11, 5.49715377385e-11, 1.15346265525e-11, 1.05722973778e-11, 5.22166294578e-12, 3.43627036548e-12, 2.90843629562e-12, 2.06881408706e-12, 1.66209841029e-12, 1.20910638272e-12, 8.36413241185e-13, 7.42314033592e-13, 6.94909353584e-13, 6.58672335424e-13, 7.39109240391e-13]
    },
    "erbbands": {
        "dmean": [0.00396650051698, 0.0646028220654, 0.139514774084, 0.0826593190432, 0.0592815466225, 0.0480176135898, 0.254064589739, 0.31415605545, 6.66925048828, 69.0259399414, 5.2405166626, 0.250181376934, 0.13585601747, 4.72174835205, 11.3326063156, 0.401704877615, 0.0563129521906, 0.0807678699493, 0.0268170274794, 0.0269345995039, 0.0184580236673, 0.0148620689288, 0.0128319514915, 0.0112244216725, 0.0100157354027, 0.00864748936146, 0.00693797599524, 0.00555644696578, 0.00477995583788, 0.00379670388065, 0.00305991456844, 0.00234230421484, 0.00174595532008, 0.00116378883831, 0.000857899198309, 0.000442507531261, 0.000227211770834, 8.80248917383e-05, 2.38856846408e-05, 5.01482236359e-06],
        "dmean2": [0.00602093711495, 0.0919072777033, 0.233257785439, 0.135183006525, 0.102562263608, 0.082214012742, 0.416441887617, 0.454730570316, 7.06221961975, 75.9781341553, 5.92606544495, 0.272167086601, 0.160519883037, 4.90901565552, 13.7656812668, 0.490869879723, 0.0662636235356, 0.103484176099, 0.0301203392446, 0.0335412994027, 0.0201558880508, 0.0160496011376, 0.0142131717876, 0.0124253695831, 0.0111213568598, 0.0100775407627, 0.00778457056731, 0.00605471199378, 0.00529455579817, 0.00418373290449, 0.00340718519874, 0.0025394661352, 0.00200580433011, 0.00129788706545, 0.000996979651973, 0.000509728561155, 0.000276137841865, 0.00011030848691, 3.10773393721e-05, 5.77084483666e-06],
        "dvar": [2.72333272733e-05, 0.00422384776175, 0.022226119414, 0.00811849534512, 0.00540273403749, 0.00489635020494, 0.139016747475, 0.309531152248, 79.8114242554, 9282.54003906, 36.8178329468, 0.49190017581, 0.0765292048454, 85.5944137573, 406.906646729, 0.53337597847, 0.0537700019777, 0.0419985465705, 0.0467541031539, 0.0236890818924, 0.0249602366239, 0.0168716311455, 0.0106244161725, 0.00864769797772, 0.00647160550579, 0.00456638960168, 0.00332479644567, 0.00232119532302, 0.00162480713334, 0.00105633051135, 0.000650642206892, 0.000376869516913, 0.000192007573787, 8.97725985851e-05, 3.5236513213e-05, 1.07765254143e-05, 2.30206774177e-06, 2.99954848515e-07, 1.48927679078e-08, 9.48519041089e-11],
        "dvar2": [6.13113152212e-05, 0.00879793707281, 0.0633474588394, 0.019994860515, 0.0148319639266, 0.0135751832277, 0.381143659353, 0.477804094553, 96.904876709, 10810.25, 45.1892547607, 0.481167763472, 0.0815995112062, 76.9923019409, 543.696166992, 0.699288249016, 0.0526059791446, 0.0544200539589, 0.0466692596674, 0.0262021459639, 0.0252851415426, 0.0169367883354, 0.0104047982022, 0.00854963995516, 0.0065072462894, 0.00463267136365, 0.00335633940995, 0.00234415568411, 0.00163810246158, 0.00106555980165, 0.000656358897686, 0.000379850738682, 0.000193668092834, 9.05458146008e-05, 3.54984331352e-05, 1.08772901513e-05, 2.32357547247e-06, 3.03403481894e-07, 1.50997152559e-08, 9.48361111863e-11],
        "max": [0.063289090991, 0.933719873428, 0.924839377403, 0.590140938759, 0.452489823103, 0.546816110611, 2.61295723915, 6.39352846146, 151.382659912, 1270.80493164, 88.6499938965, 9.50847053528, 3.15670585632, 172.998092651, 340.246185303, 10.5238370895, 2.74230313301, 3.16131567955, 2.23791980743, 1.77236557007, 1.60376930237, 1.31273639202, 1.05389130116, 0.945541858673, 0.811803877354, 0.680056452751, 0.578502774239, 0.483032524586, 0.404270529747, 0.326018065214, 0.25591006875, 0.194891840219, 0.139086738229, 0.0951347649097, 0.0597206316888, 0.0330102369189, 0.0152761219069, 0.00551846716553, 0.00125623808708, 0.000148448205437],
        "mean": [0.00826996285468, 0.124756857753, 0.188274517655, 0.130077347159, 0.078405469656, 0.110237330198, 0.66366815567, 0.872680068016, 33.912776947, 352.613983154, 29.3950653076, 1.13212120533, 0.425137072802, 15.6882314682, 32.658996582, 1.0972956419, 0.120282739401, 0.168284296989, 0.0362538658082, 0.0435281693935, 0.0229387041181, 0.0179437156767, 0.0164059251547, 0.0149158714339, 0.0143840555102, 0.0126162841916, 0.0102320695296, 0.00775666721165, 0.00651119928807, 0.00549034494907, 0.00454382784665, 0.00354494759813, 0.00267793587409, 0.00195477693342, 0.00145908305421, 0.000853202713188, 0.000444290257292, 0.000206836019061, 7.58737951401e-05, 2.97590231639e-05],
        "median": [0.00307246064767, 0.0581329241395, 0.116196930408, 0.110842198133, 0.0560715198517, 0.103780910373, 0.590858697891, 0.622091293335, 18.3019981384, 256.693878174, 22.8610267639, 0.815704226494, 0.156923666596, 0.660414814949, 2.59041142464, 0.106022372842, 0.0236667282879, 0.0207714159042, 0.00975101813674, 0.00985071994364, 0.00606892490759, 0.0046051829122, 0.00535801611841, 0.0052815512754, 0.00569716468453, 0.00573400128633, 0.00469050835818, 0.00322475214489, 0.00257663661614, 0.00249819131568, 0.00228089024313, 0.00181414349936, 0.0014643559698, 0.00111379404552, 0.000907580368221, 0.00060770532582, 0.000334255251801, 0.000185884768143, 6.9680478191e-05, 2.23483457376e-05],
        "min": [0.000167914506164, 0.000801318848971, 0.00428556883708, 0.0106061166152, 0.00684561626986, 0.0306006949395, 0.0647950321436, 0.119855538011, 1.4465842247, 8.56519889832, 1.65448951721, 0.124760255218, 0.0182468649, 0.010202107951, 0.0238062292337, 0.0128050008789, 0.00904294475913, 0.00535417208448, 0.00277080549859, 0.00289655849338, 0.00170522648841, 0.000903307518456, 0.00105047912803, 0.00108352885582, 0.00106862583198, 0.000812256359495, 0.000513838545885, 0.000396938383346, 0.000287234375719, 0.000290131487418, 0.00023215674446, 0.00017513021885, 0.000186152057722, 0.000134569141665, 0.000117431110993, 8.00747948233e-05, 4.51444175269e-05, 1.78204900294e-05, 1.89230377146e-05, 6.4714772634e-06],
        "var": [0.000153539382154, 0.027820520103, 0.032150298357, 0.0121788736433, 0.00470661558211, 0.00439008837566, 0.15642221272, 0.72578728199, 1514.95849609, 112164.453125, 575.018005371, 1.45786392689, 0.511662840843, 1400.88842773, 5156.28613281, 5.1627368927, 0.0974880233407, 0.172983914614, 0.0491223298013, 0.0329574532807, 0.0252599567175, 0.0169397369027, 0.0108889937401, 0.00875474978238, 0.00643323920667, 0.004508940503, 0.0032674332615, 0.00228393217549, 0.00159986165818, 0.00103917380329, 0.000639319478069, 0.000370571913663, 0.000188421036, 8.79658837221e-05, 3.44944819517e-05, 1.0506889339e-05, 2.24602695198e-06, 2.91496860427e-07, 1.46086414077e-08, 4.39381225847e-10]
    },
    "gfcc": {
        "mean": [-221.258026123, 155.293380737, -38.5283927917, -41.7177276611, -74.2487487793, -15.8910551071, -7.30072641373, 16.0305633545, 2.4053940773, 18.2330436707, 7.90779829025, -0.887639701366, -19.6042060852],
        "cov": [[589.401184082, 60.591632843, -208.3306427, -174.843215942, -34.6716270447, 55.0980987549, 41.6729660034, 5.46201372147, -28.1552581787, -28.2879962921, 36.6562576294, 65.1163482666, 37.8038864136], [60.591632843, 767.578369141, -302.906585693, -735.758544922, -65.8579025269, 117.039070129, 237.690612793, -59.257183075, -38.7239227295, -68.6064071655, 199.428070068, 100.594993591, 110.151473999], [-208.3306427, -302.906585693, 452.3956604, 549.89050293, 31.7228660583, -64.3565979004, -80.0757064819, 96.3447647095, 88.2965774536, 84.3277587891, -103.311210632, -52.5648803711, -51.0949287415], [-174.843215942, -735.758544922, 549.89050293, 975.244934082, 117.426429749, -117.85206604, -236.48147583, 111.133491516, 103.347755432, 107.158378601, -223.199752808, -129.087860107, -128.626693726], [-34.6716270447, -65.8579025269, 31.7228660583, 117.426429749, 69.6481246948, 2.32027387619, -39.9241867065, 0.301597476006, 16.5237503052, 9.54109287262, -30.325761795, -34.5552330017, -28.0596828461], [55.0980987549, 117.039070129, -64.3565979004, -117.85206604, 2.32027387619, 63.6908836365, 57.2546424866, -7.96186733246, -18.757276535, -8.58770847321, 39.5478591919, 28.6599006653, 21.2220478058], [41.6729660034, 237.690612793, -80.0757064819, -236.48147583, -39.9241867065, 57.2546424866, 116.34148407, 2.66674685478, -13.7439727783, -15.4473800659, 78.2775650024, 58.4538879395, 46.8817977905], [5.46201372147, -59.257183075, 96.3447647095, 111.133491516, 0.301597476006, -7.96186733246, 2.66674685478, 44.5718307495, 32.9844436646, 26.1124458313, -9.51308727264, 5.05853033066, -0.695477247238], [-28.1552581787, -38.7239227295, 88.2965774536, 103.347755432, 16.5237503052, -18.757276535, -13.7439727783, 32.9844436646, 70.3494567871, 46.6427612305, -7.12038087845, -15.857170105, -3.37644577026], [-28.2879962921, -68.6064071655, 84.3277587891, 107.158378601, 9.54109287262, -8.58770847321, -15.4473800659, 26.1124458313, 46.6427612305, 50.2540130615, -8.21542358398, -10.1099185944, -2.0854845047], [36.6562576294, 199.428070068, -103.311210632, -223.199752808, -30.325761795, 39.5478591919, 78.2775650024, -9.51308727264, -7.12038087845, -8.21542358398, 74.4630126953, 44.9836883545, 40.8852233887], [65.1163482666, 100.594993591, -52.5648803711, -129.087860107, -34.5552330017, 28.6599006653, 58.4538879395, 5.05853033066, -15.857170105, -10.1099185944, 44.9836883545, 54.195022583, 37.6085777283], [37.8038864136, 110.151473999, -51.0949287415, -128.626693726, -28.0596828461, 21.2220478058, 46.8817977905, -0.695477247238, -3.37644577026, -2.0854845047, 40.8852233887, 37.6085777283, 39.0103912354]],
        "icov": [[0.00513953017071, -0.00697494763881, 0.0120304189622, -0.00715198274702, 0.0106218326837, -0.00711445091292, 0.00635367352515, -0.010917916894, -0.0018134516431, -0.00526811508462, 0.0141220586374, -0.0117498524487, 0.00665796454996], [-0.00697494763881, 0.0344967879355, -0.0374281927943, 0.0314171388745, -0.0320594236255, 0.00492209522054, -0.0162881594151, 0.0226087272167, -0.0106268366799, 0.0377456694841, -0.0462164022028, 0.0369969420135, -0.0279717650265], [0.0120304189622, -0.0374281927943, 0.0612105987966, -0.0471043847501, 0.0451306551695, -0.00640241382644, 0.00284787383862, -0.030597826466, 0.00538824079558, -0.0413509309292, 0.058024007827, -0.036398395896, 0.023393727839], [-0.00715198274702, 0.0314171388745, -0.0471043847501, 0.0503743886948, -0.0389562807977, 1.34981191877e-05, 0.00522112753242, 0.000642883765977, -0.00336339185014, 0.0225232839584, -0.0230608172715, 0.0214282087982, -0.007247147616], [0.0106218326837, -0.0320594236255, 0.0451306551695, -0.0389562807977, 0.0751926451921, -0.0375827401876, 0.0272410418838, -0.0220099240541, -0.0152851566672, -0.0141218006611, 0.0395312197506, -0.0235556345433, 0.0314945653081], [-0.00711445091292, 0.00492209522054, -0.00640241382644, 1.34981191877e-05, -0.0375827401876, 0.0696528702974, -0.0487121678889, 0.0260986816138, 0.0292906891555, -0.0248138271272, -0.013194414787, 0.00530098006129, -0.0113365771249], [0.00635367352515, -0.0162881594151, 0.00284787383862, 0.00522112753242, 0.0272410418838, -0.0487121678889, 0.097983725369, -0.0577491037548, -0.00221832585521, 0.00786973722279, -0.00969301443547, -0.028535682708, 0.0259879399091], [-0.010917916894, 0.0226087272167, -0.030597826466, 0.000642883765977, -0.0220099240541, 0.0260986816138, -0.0577491037548, 0.1367841959, -0.0393310114741, 0.0235970839858, -0.0291464179754, -0.0110268825665, -0.0103694926947], [-0.0018134516431, -0.0106268366799, 0.00538824079558, -0.00336339185014, -0.0152851566672, 0.0292906891555, -0.00221832585521, -0.0393310114741, 0.0791531577706, -0.0596136376262, -0.00489711156115, 0.0242494568229, -0.011814488098], [-0.00526811508462, 0.0377456694841, -0.0413509309292, 0.0225232839584, -0.0141218006611, -0.0248138271272, 0.00786973722279, 0.0235970839858, -0.0596136376262, 0.128894105554, -0.0818698331714, 0.0527748018503, -0.0504095628858], [0.0141220586374, -0.0462164022028, 0.058024007827, -0.0230608172715, 0.0395312197506, -0.013194414787, -0.00969301443547, -0.0291464179754, -0.00489711156115, -0.0818698331714, 0.192154318094, -0.0938438996673, 0.0477981306612], [-0.0117498524487, 0.0369969420135, -0.036398395896, 0.0214282087982, -0.0235556345433, 0.00530098006129, -0.028535682708, -0.0110268825665, 0.0242494568229, 0.0527748018503, -0.0938438996673, 0.167765066028, -0.114292018116], [0.00665796454996, -0.0279717650265, 0.023393727839, -0.007247147616, 0.0314945653081, -0.0113365771249, 0.0259879399091, -0.0103694926947, -0.011814488098, -0.0504095628858, 0.0477981306612, -0.114292018116, 0.158685967326]]
    },
    "melbands": {
        "dmean": [5.30119432369e-05, 7.84195653978e-05, 1.33705088956e-05, 3.75355375581e-06, 7.12872815711e-06, 6.17763726041e-06, 0.000216402753722, 0.000622953753918, 1.04049931906e-05, 5.34878324743e-07, 3.47700733982e-07, 1.59234241437e-05, 5.58645479032e-05, 4.94675987284e-07, 1.04908856713e-07, 1.37208147066e-07, 1.42151804994e-07, 4.32495887992e-08, 3.52689966121e-08, 3.2073479872e-08, 2.01700931513e-08, 1.61390474318e-08, 1.27795480864e-08, 1.12104308059e-08, 9.02063579389e-09, 8.42619130026e-09, 6.57745946597e-09, 5.72019054346e-09, 4.7498693867e-09, 3.58793905697e-09, 3.19596038523e-09, 2.81823897552e-09, 2.41280506685e-09, 2.06522665636e-09, 1.83932269415e-09, 1.57312063376e-09, 1.42619460686e-09, 1.27710986231e-09, 1.15645482079e-09, 9.5842811465e-10],
        "dmean2": [7.63752395869e-05, 0.000120692762721, 2.24147697736e-05, 6.64862318445e-06, 1.17084555313e-05, 9.5509667517e-06, 0.00022747235198, 0.000689388136379, 1.13099085866e-05, 5.96690085786e-07, 4.8311574119e-07, 1.56971327669e-05, 6.63983955747e-05, 6.0754422293e-07, 1.1835643221e-07, 1.81445670933e-07, 1.80412158102e-07, 4.81695998644e-08, 4.2153331492e-08, 3.8318820117e-08, 2.19272635604e-08, 1.76151200293e-08, 1.43129099683e-08, 1.27219239587e-08, 1.00587600471e-08, 9.68901048282e-09, 7.52850937147e-09, 6.81747636122e-09, 5.52890044858e-09, 3.91489596296e-09, 3.55422669074e-09, 3.19034798579e-09, 2.72071387641e-09, 2.28611019004e-09, 2.09274264584e-09, 1.75181436024e-09, 1.5872708703e-09, 1.49262668891e-09, 1.33957289705e-09, 1.07245046177e-09],
        "dvar": [3.78311071358e-09, 5.6149835892e-09, 2.03721622904e-10, 2.20761100372e-11, 1.08034615975e-10, 1.8876399055e-10, 9.01571226564e-08, 7.21753622202e-07, 5.93693705309e-10, 1.78987796806e-11, 1.70508865274e-12, 1.03625552583e-09, 1.0364863634e-08, 5.56538105531e-12, 7.49724447021e-13, 1.0706215916e-13, 1.57096774825e-13, 1.35878396208e-13, 5.23056499101e-14, 4.51155328103e-14, 3.0765334399e-14, 1.91197409874e-14, 1.17403586107e-14, 6.29979229861e-15, 5.61340804365e-15, 4.06348471039e-15, 2.67114148081e-15, 1.83664313887e-15, 1.38495932574e-15, 9.4211525432e-16, 7.32132769141e-16, 5.38765417557e-16, 4.01593434537e-16, 2.9880813044e-16, 2.23964140402e-16, 1.67857736767e-16, 1.31378767351e-16, 9.5574717758e-17, 7.82924133676e-17, 5.88522528394e-17],
        "dvar2": [7.45983186334e-09, 1.58166990616e-08, 4.91092111421e-10, 5.98641136662e-11, 2.98396196641e-10, 2.74479494689e-10, 1.05862213218e-07, 8.4950619339e-07, 5.75087089061e-10, 1.82643917351e-11, 1.88212054449e-12, 8.31645030619e-10, 1.291451035e-08, 5.63356262681e-12, 7.58877932282e-13, 1.52796110725e-13, 1.79186255677e-13, 1.37044848668e-13, 5.5978682925e-14, 4.76958425012e-14, 3.10518212705e-14, 1.91811356295e-14, 1.18389142822e-14, 5.92043419362e-15, 5.59930748618e-15, 4.07100763351e-15, 2.70696440998e-15, 1.86255557079e-15, 1.39574311395e-15, 9.52726353687e-16, 7.38715644509e-16, 5.4306347449e-16, 4.04693336896e-16, 3.01531103138e-16, 2.26057502922e-16, 1.69009661871e-16, 1.32399653811e-16, 9.64595495505e-17, 7.89955632104e-17, 5.93371196447e-17],
        "max": [0.000853562843986, 0.000804594601505, 8.47015471663e-05, 3.13577766065e-05, 7.41163748899e-05, 0.000124307407532, 0.00470519904047, 0.0112663609907, 0.000314097647788, 4.24419813498e-05, 1.29522395582e-05, 0.000611765834037, 0.00175136816688, 2.47537118412e-05, 8.68187180458e-06, 4.64312324766e-06, 5.9925550886e-06, 3.69407780454e-06, 2.49799541052e-06, 2.33546347772e-06, 1.75790069079e-06, 1.39926942211e-06, 1.0874181271e-06, 8.32952821384e-07, 7.57541045004e-07, 6.4546043177e-07, 5.19178968261e-07, 4.3139178274e-07, 3.73558805222e-07, 3.07768885932e-07, 2.71301189514e-07, 2.32793325949e-07, 2.01045494919e-07, 1.73431430994e-07, 1.50127505094e-07, 1.30060755055e-07, 1.15076815632e-07, 9.81233725383e-08, 8.88349802608e-08, 7.70220509594e-08],
        "mean": [0.000110566856165, 0.000130188505864, 2.11427286558e-05, 5.13639724886e-06, 1.82152216439e-05, 8.13108363218e-06, 0.00105777615681, 0.00322017190047, 4.19909702032e-05, 6.0467982621e-07, 3.81697390139e-07, 5.4575240938e-05, 0.000165520061273, 7.22039487755e-07, 1.1678888967e-07, 2.74578923154e-07, 2.79890201682e-07, 4.87343498889e-08, 5.35071755792e-08, 4.64156713065e-08, 2.35554029615e-08, 1.89846858234e-08, 1.50587506909e-08, 1.45907499416e-08, 1.14936948847e-08, 1.1555304269e-08, 9.12877595738e-09, 8.06601363479e-09, 6.7173466789e-09, 5.14104314675e-09, 4.2430219338e-09, 3.7386813645e-09, 3.24548898867e-09, 2.9808859825e-09, 2.66085531386e-09, 2.30408070401e-09, 2.1079085144e-09, 1.86795312551e-09, 1.75267156344e-09, 1.5830654565e-09],
        "median": [4.69691221952e-05, 8.22334186523e-05, 1.76592220669e-05, 3.86010697184e-06, 1.53485780174e-05, 4.62956177216e-06, 0.000569660798647, 0.00243333121762, 3.35598779202e-05, 1.62652213476e-07, 1.41679663557e-07, 1.5571062022e-06, 1.16776482173e-05, 2.15875331833e-07, 2.60050470047e-08, 4.82772044563e-08, 3.61423388995e-08, 1.09060120934e-08, 1.51341268406e-08, 9.74999281311e-09, 5.99158545e-09, 4.66608707228e-09, 3.90947452189e-09, 4.61263383045e-09, 3.69442454407e-09, 4.87127316262e-09, 3.86325282875e-09, 3.76341624531e-09, 3.07090597396e-09, 2.20326268341e-09, 1.67176716914e-09, 1.46165468617e-09, 1.35936462087e-09, 1.35601763152e-09, 1.26658439292e-09, 1.13548415115e-09, 1.09701181472e-09, 9.57157686443e-10, 9.46502431987e-10, 8.9192792041e-10],
        "min": [1.59300066116e-06, 1.74455431079e-06, 2.0764753117e-06, 7.71613940742e-07, 1.72732609371e-06, 1.20656090985e-06, 3.15169090754e-05, 8.61586668179e-05, 4.86023418489e-06, 2.14634532369e-08, 1.43868428282e-08, 3.03872340623e-08, 6.66119248649e-08, 1.89797741967e-08, 5.42193445696e-09, 1.50589887227e-08, 7.25327442552e-09, 1.61445101732e-09, 4.04098221551e-09, 3.15504111725e-09, 7.56364304522e-10, 8.03972055596e-10, 3.88416743213e-10, 1.06167807878e-09, 6.47361331207e-10, 6.62052135336e-10, 4.07339106889e-10, 4.74965677899e-10, 3.34870076113e-10, 2.37889957733e-10, 1.87663440343e-10, 1.54115428752e-10, 1.23306004296e-10, 1.39630695895e-10, 1.20905466194e-10, 8.28525234531e-11, 9.65851218448e-11, 1.08889085249e-10, 9.69108890359e-11, 8.76653610815e-11],
        "var": [2.55416470196e-08, 1.78540329188e-08, 3.0218980096e-10, 1.88710418819e-11, 1.21315082979e-10, 1.89508977955e-10, 1.46720060457e-06, 8.87965052243e-06, 1.45277723185e-09, 1.76958569326e-11, 1.69896182626e-12, 1.77270269575e-08, 1.37852509852e-07, 6.16892604707e-12, 7.41388016517e-13, 3.93804644927e-13, 5.47776450935e-13, 1.3428346705e-13, 6.26477968352e-14, 5.47657012513e-14, 3.0399551691e-14, 1.92519238669e-14, 1.16227091224e-14, 6.82140069324e-15, 5.62601147039e-15, 4.06612872374e-15, 2.63300424588e-15, 1.81458788323e-15, 1.36208043644e-15, 9.26329101282e-16, 7.21084230195e-16, 5.30615848874e-16, 3.95692394222e-16, 2.93939199771e-16, 2.20064294834e-16, 1.65178439206e-16, 1.29209396859e-16, 9.38400207518e-17, 7.68431002902e-17, 5.76785298723e-17]
    },
    "mfcc": {
        "mean": [-912.470947266, 205.355819702, 64.4942321777, 5.52020645142, -20.4800167084, -16.9047584534, -6.70541810989, -7.57828855515, -4.1285161972, 6.73074960709, 13.1473836899, 23.5350666046, 32.3378982544],
        "cov": [[627.547485352, -2.30665826797, -159.800323486, -143.395141602, -68.3443832397, -13.5102882385, 5.60398626328, 38.3952598572, 1.89061486721, -30.4087810516, -33.4449768066, -25.0380954742, 10.2263450623], [-2.30665826797, 360.16973877, 34.5717658997, -291.91998291, -140.480178833, 0.225587710738, 66.3181228638, 61.7079238892, -23.2988395691, -63.6923179626, -37.5416870117, -9.82223129272, 87.7568130493], [-159.800323486, 34.5717658997, 144.182540894, 115.233924866, 23.8660850525, 3.23204398155, 3.85785531998, 8.99106407166, 32.348991394, 31.0239372253, 24.0254173279, 37.5573272705, 11.7102632523], [-143.395141602, -291.91998291, 115.233924866, 463.648193359, 199.212768555, 0.790879249573, -61.4563941956, -40.1388206482, 70.5707168579, 107.127113342, 57.9789505005, 46.569644928, -73.4151992798], [-68.3443832397, -140.480178833, 23.8660850525, 199.212768555, 136.901779175, 30.8320655823, -34.6740112305, -36.4966049194, 18.9625473022, 54.2064361572, 40.8206787109, 18.9466209412, -43.0516014099], [-13.5102882385, 0.225587710738, 3.23204398155, 0.790879249573, 30.8320655823, 40.1221237183, 10.3029203415, -6.61328744888, -2.9245300293, 7.55168867111, 15.1195745468, 7.58309459686, -1.83439433575], [5.60398626328, 66.3181228638, 3.85785531998, -61.4563941956, -34.6740112305, 10.3029203415, 42.7630844116, 31.8594703674, -2.71697854996, -16.5549411774, -12.9467563629, -1.5481095314, 20.5739498138], [38.3952598572, 61.7079238892, 8.99106407166, -40.1388206482, -36.4966049194, -6.61328744888, 31.8594703674, 45.3929176331, 12.6608228683, -12.2860584259, -18.3496017456, -0.370467782021, 22.6432991028], [1.89061486721, -23.2988395691, 32.348991394, 70.5707168579, 18.9625473022, -2.9245300293, -2.71697854996, 12.6608228683, 39.6661109924, 30.8771114349, 8.15117454529, 14.3264446259, -2.42262816429], [-30.4087810516, -63.6923179626, 31.0239372253, 107.127113342, 54.2064361572, 7.55168867111, -16.5549411774, -12.2860584259, 30.8771114349, 55.643245697, 34.505065918, 20.0502758026, -13.7068252563], [-33.4449768066, -37.5416870117, 24.0254173279, 57.9789505005, 40.8206787109, 15.1195745468, -12.9467563629, -18.3496017456, 8.15117454529, 34.505065918, 46.2437362671, 23.2171516418, -8.7003736496], [-25.0380954742, -9.82223129272, 37.5573272705, 46.569644928, 18.9466209412, 7.58309459686, -1.5481095314, -0.370467782021, 14.3264446259, 20.0502758026, 23.2171516418, 35.4589805603, 16.406414032], [10.2263450623, 87.7568130493, 11.7102632523, -73.4151992798, -43.0516014099, -1.83439433575, 20.5739498138, 22.6432991028, -2.42262816429, -13.7068252563, -8.7003736496, 16.406414032, 55.8929443359]],
