{
"lowlevel": {
    "average_loudness": 0.852851271629,
    "barkbands_crest": {
        "dmean": 0.814414143562,
        "dmean2": 1.23707020283,
        "dvar": 0.802274942398,
        "dvar2": 2.25677800179,
        "max": 25.1043586731,
        "mean": 21.1175613403,
        "median": 22.8450965881,
        "min": 7.38346338272,
        "var": 18.915309906
    },
    "barkbands_flatness_db": {
        "dmean": 0.0129195302725,
        "dmean2": 0.0181728582829,
        "dvar": 0.000721860909835,
        "dvar2": 0.000616696313955,
        "max": 0.504885077477,
        "mean": 0.380896389484,
        "median": 0.426851958036,
        "min": 0.124887913465,
        "var": 0.00885396171361
    },
    "barkbands_kurtosis": {
        "dmean": 1.89352583885,
        "dmean2": 3.09515380859,
        "dvar": 2.34443116188,
        "dvar2": 7.37263631821,
        "max": 18.6432685852,
        "mean": 6.4916882515,
        "median": 5.44989204407,
        "min": -0.740216016769,
        "var": 27.106502533
    },
    "barkbands_skewness": {
        "dmean": 0.596999228001,
        "dmean2": 1.10913681984,
        "dvar": 0.342491388321,
        "dvar2": 1.19114291668,
        "max": 2.84369516373,
        "mean": 0.447293370962,
        "median": 0.157250657678,
        "min": -1.3568406105,
        "var": 1.03165841103
    },
    "barkbands_spread": {
        "dmean": 1.07317531109,
        "dmean2": 1.89725661278,
        "dvar": 1.77517139912,
        "dvar2": 5.46307325363,
        "max": 17.1833286285,
        "mean": 4.76631975174,
        "median": 2.83275318146,
        "min": 1.32505118847,
        "var": 19.279706955
    },
    "dissonance": {
        "dmean": 0.05912277475,
        "dmean2": 0.101473301649,
        "dvar": 0.00378453731537,
        "dvar2": 0.0100199840963,
        "max": 0.490075290203,
        "mean": 0.257614254951,
        "median": 0.250837147236,
        "min": 0.127013221383,
        "var": 0.00647615455091
    },
    "dynamic_complexity": 6.08933734894,
    "erbbands_crest": {
        "dmean": 0.59393876791,
        "dmean2": 0.492084026337,
        "dvar": 0.940360486507,
        "dvar2": 0.871518075466,
        "max": 28.5051345825,
        "mean": 24.002248764,
        "median": 25.0065383911,
        "min": 11.7175140381,
        "var": 13.026640892
    },
    "erbbands_flatness_db": {
        "dmean": 0.0102607356384,
        "dmean2": 0.015685506165,
        "dvar": 0.00040895989514,
        "dvar2": 0.000359069963451,
        "max": 0.497306227684,
        "mean": 0.394323378801,
        "median": 0.427100777626,
        "min": 0.193562224507,
        "var": 0.00655847322196
    },
    "erbbands_kurtosis": {
        "dmean": 0.427631407976,
        "dmean2": 0.496187359095,
        "dvar": 0.180799290538,
        "dvar2": 0.153958112001,
        "max": 5.82368373871,
        "mean": 2.09301829338,
        "median": 2.16447162628,
        "min": -1.19358038902,
        "var": 2.98571038246
    },
    "erbbands_skewness": {
        "dmean": 0.169368639588,
        "dmean2": 0.226413860917,
        "dvar": 0.0162607319653,
        "dvar2": 0.0461668223143,
        "max": 2.32542467117,
        "mean": 1.20471310616,
        "median": 1.32847571373,
        "min": -0.762239992619,
        "var": 0.553959965706
    },
    "erbbands_spread": {
        "dmean": 0.392578154802,
        "dmean2": 0.504066109657,
        "dvar": 0.429152905941,
        "dvar2": 0.787430524826,
        "max": 10.9465045929,
        "mean": 5.07791566849,
        "median": 4.53596925735,
        "min": 2.59708809853,
        "var": 3.87251758575
    },
    "hfc": {
        "dmean": 0.785077989101,
        "dmean2": 0.472957015038,
        "dvar": 5.65740346909,
        "dvar2": 4.79153251648,
        "max": 43.2862510681,
        "mean": 12.3231143951,
        "median": 7.5604596138,
        "min": 0.00609811674803,
        "var": 182.139190674
    },
    "melbands_crest": {
        "dmean": 0.868839800358,
        "dmean2": 1.47707569599,
        "dvar": 0.823723495007,
        "dvar2": 2.3099386692,
        "max": 22.5752372742,
        "mean": 18.9698505402,
        "median": 20.4197273254,
        "min": 6.87066984177,
        "var": 15.9444379807
    },
    "melbands_flatness_db": {
        "dmean": 0.0124320974573,
        "dmean2": 0.0172293800861,
        "dvar": 0.000794838531874,
        "dvar2": 0.000698946474586,
        "max": 0.572611629963,
        "mean": 0.460317254066,
        "median": 0.500528693199,
        "min": 0.218191325665,
        "var": 0.00793395843357
    },
    "melbands_kurtosis": {
        "dmean": 1.52423346043,
        "dmean2": 2.52812004089,
        "dvar": 2.09335899353,
        "dvar2": 6.80158996582,
        "max": 14.6266021729,
        "mean": 5.10210180283,
        "median": 5.08350658417,
        "min": -1.18522298336,
        "var": 19.7601318359
    },
    "melbands_skewness": {
        "dmean": 0.561742842197,
        "dmean2": 1.04317986965,
        "dvar": 0.261948406696,
        "dvar2": 0.899896085262,
        "max": 2.57499217987,
        "mean": 0.323713749647,
        "median": 0.15462423861,
        "min": -1.42949080467,
        "var": 1.0377676487
    },
    "melbands_spread": {
        "dmean": 1.76501858234,
        "dmean2": 3.17167139053,
        "dvar": 3.11200022697,
        "dvar2": 9.1695690155,
        "max": 27.271270752,
        "mean": 8.34412002563,
        "median": 5.19405412674,
        "min": 2.25699663162,
        "var": 50.612487793
    },
    "pitch_salience": {
        "dmean": 0.0256225112826,
        "dmean2": 0.0360315181315,
        "dvar": 0.00280102156103,
        "dvar2": 0.00407079095021,
        "max": 0.849713265896,
        "mean": 0.336724996567,
        "median": 0.331527501345,
        "min": 0.234082743526,
        "var": 0.0066215088591
    },
    "silence_rate_20dB": {
        "dmean": 0,
        "dmean2": 0,
        "dvar": 0,
        "dvar2": 0,
        "max": 1,
        "mean": 1,
        "median": 1,
        "min": 1,
        "var": 0
    },
    "silence_rate_30dB": {
        "dmean": 0,
        "dmean2": 0,
        "dvar": 0,
        "dvar2": 0,
        "max": 1,
        "mean": 1,
        "median": 1,
        "min": 1,
        "var": 0
    },
    "silence_rate_60dB": {
        "dmean": 0.0111111113802,
        "dmean2": 0.0224719103426,
        "dvar": 0.0109876478091,
        "dvar2": 0.0219669174403,
        "max": 1,
        "mean": 0.340659350157,
        "median": 0,
        "min": 0,
        "var": 0.224610701203
    },
    "spectral_centroid": {
        "dmean": 13.8797473907,
        "dmean2": 20.8097076416,
        "dvar": 488.553955078,
        "dvar2": 1090.63574219,
        "max": 890.006530762,
        "mean": 741.040100098,
        "median": 722.439880371,
        "min": 688.75213623,
        "var": 2223.70605469
    },
    "spectral_complexity": {
        "dmean": 0.600000023842,
        "dmean2": 1.15730333328,
        "dvar": 0.28444442153,
        "dvar2": 0.64941316843,
        "max": 5,
        "mean": 3.01098895073,
        "median": 3,
        "min": 0,
        "var": 0.58229726553
    },
    "spectral_decrease": {
        "dmean": 2.89571977508e-10,
        "dmean2": 2.0700209602e-10,
        "dvar": 8.81593897415e-19,
        "dvar2": 8.07454991582e-19,
        "max": -1.78839809715e-12,
        "mean": -4.17074419445e-09,
        "median": -2.69933675412e-09,
        "min": -1.48854732984e-08,
        "var": 2.08668733769e-17
    },
    "spectral_energy": {
        "dmean": 0.00116108637303,
        "dmean2": 0.000821128312964,
        "dvar": 1.41322389027e-05,
        "dvar2": 1.28862575366e-05,
        "max": 0.0601071305573,
        "mean": 0.0168590173125,
        "median": 0.0108736678958,
        "min": 7.30295414542e-06,
        "var": 0.000340898724971
    },
    "spectral_energyband_high": {
        "dmean": 1.55108818944e-06,
        "dmean2": 1.59568617164e-06,
        "dvar": 1.83516743468e-10,
        "dvar2": 1.82011544725e-10,
        "max": 0.000131931432406,
        "mean": 2.65072208094e-06,
        "median": 1.26275062939e-06,
        "min": 4.39819061171e-08,
        "var": 1.85784651552e-10
    },
    "spectral_energyband_low": {
        "dmean": 9.5133735158e-05,
        "dmean2": 0.000180611343239,
        "dvar": 4.95896124164e-09,
        "dvar2": 1.49907641855e-08,
        "max": 0.000471861421829,
        "mean": 0.000131028238684,
        "median": 0.000116385162983,
        "min": 8.26324026093e-07,
        "var": 6.73088162984e-09
    },
    "spectral_energyband_middle_high": {
        "dmean": 0.000185995319043,
        "dmean2": 0.000130790038384,
        "dvar": 9.53240899548e-08,
        "dvar2": 5.63448665503e-08,
        "max": 0.00827353540808,
        "mean": 0.0020243905019,
        "median": 0.000778562214691,
        "min": 2.34329036175e-06,
        "var": 5.13323357154e-06
    },
    "spectral_energyband_middle_low": {
        "dmean": 0.00113021233119,
        "dmean2": 0.000809657678474,
        "dvar": 1.35262807817e-05,
        "dvar2": 1.30523967528e-05,
        "max": 0.0541465468705,
        "mean": 0.0147081734613,
        "median": 0.00993986241519,
        "min": 4.23910751124e-06,
        "var": 0.00026933584013
    },
    "spectral_entropy": {
        "dmean": 0.120050579309,
        "dmean2": 0.158428892493,
        "dvar": 0.108422376215,
        "dvar2": 0.104315154254,
        "max": 7.34138441086,
        "mean": 4.86499929428,
        "median": 4.41531705856,
        "min": 3.77802109718,
        "var": 0.823076665401
    },
    "spectral_flux": {
        "dmean": 0.00355560122989,
        "dmean2": 0.00544222909957,
        "dvar": 0.000152121632709,
        "dvar2": 0.000250895973295,
        "max": 0.153364658356,
        "mean": 0.0121267642826,
        "median": 0.00867224670947,
        "min": 0.00405609235168,
        "var": 0.000395581359044
    },
    "spectral_kurtosis": {
        "dmean": 6.51569271088,
        "dmean2": 10.6711530685,
        "dvar": 64.0415802002,
        "dvar2": 131.634674072,
        "max": 109.51499939,
        "mean": 46.8594436646,
        "median": 44.0440483093,
        "min": 7.91159152985,
        "var": 764.503601074
    },
    "spectral_rms": {
        "dmean": 0.000129926964291,
        "dmean2": 9.97963215923e-05,
        "dvar": 8.65568239306e-08,
        "dvar2": 8.11993459138e-08,
        "max": 0.00765774818137,
        "mean": 0.0033767989371,
        "median": 0.00325706251897,
        "min": 8.44087262521e-05,
        "var": 5.04506033394e-06
    },
    "spectral_rolloff": {
        "dmean": 42.8271484375,
        "dmean2": 77.180809021,
        "dvar": 22045.2773438,
        "dvar2": 44834.2070312,
        "max": 1313.52539062,
        "mean": 907.944396973,
        "median": 667.529296875,
        "min": 667.529296875,
        "var": 93176.6953125
    },
    "spectral_skewness": {
        "dmean": 0.466813117266,
        "dmean2": 0.808900535107,
        "dvar": 0.315913230181,
        "dvar2": 0.710981667042,
        "max": 8.74252223969,
        "mean": 5.45437765121,
        "median": 5.50229072571,
        "min": 2.34564685822,
        "var": 2.98321771622
    },
    "spectral_spread": {
        "dmean": 407444.8125,
        "dmean2": 713244.75,
        "dvar": 131387187200,
        "dvar2": 247459250176,
        "max": 5020753,
        "mean": 2608529,
        "median": 2350119.75,
        "min": 968320.0625,
        "var": 1.17063417856e+12
    },
    "spectral_strongpeak": {
        "dmean": 0.124369226396,
        "dmean2": 0.086829982698,
        "dvar": 0.208016082644,
        "dvar2": 0.20645211637,
        "max": 5.79688549042,
        "mean": 2.50299263,
        "median": 2.40756607056,
        "min": 0.0059009003453,
        "var": 2.96787810326
    },
    "zerocrossingrate": {
        "dmean": 0.00147026905324,
        "dmean2": 0.00171172758564,
        "dvar": 1.0328791177e-05,
        "dvar2": 7.33537990527e-06,
        "max": 0.05419921875,
        "mean": 0.0323070473969,
        "median": 0.02978515625,
        "min": 0.01025390625,
        "var": 4.67157042294e-05
    },
    "barkbands": {
        "dmean": [1.50404719079e-06, 5.624687401e-05, 5.12301921844e-05, 9.63123329711e-06, 2.38890625042e-05, 4.69261158287e-06, 3.52527217728e-06, 1.33960638777e-05, 0.00114063790534, 4.38547658632e-06, 9.70885480456e-07, 8.44279156809e-07, 0.000194940585061, 1.94470476345e-06, 4.60544333691e-06, 1.16837168207e-06, 5.93669653881e-07, 4.41508149152e-07, 7.4998575883e-07, 3.86367815963e-07, 2.83166940562e-07, 2.32450872772e-07, 2.00256991434e-07, 1.85016105547e-07, 1.80544887485e-07, 1.88085707009e-07, 2.37606030851e-07],
        "dmean2": [2.71571207122e-06, 0.000100335208117, 9.68084277702e-05, 1.87564201042e-05, 4.28492021456e-05, 8.00629004516e-06, 5.22849268236e-06, 1.38005261761e-05, 0.00082035898231, 4.93920470035e-06, 1.11323834062e-06, 9.92363993646e-07, 0.000134366579005, 2.0261861664e-06, 4.7152307161e-06, 1.18360912893e-06, 6.34336345229e-07, 4.63773176307e-07, 6.98257053955e-07, 4.56447850183e-07, 2.99276678106e-07, 2.37754747445e-07, 2.15829118133e-07, 1.97692671122e-07, 1.95487444898e-07, 2.04910506341e-07, 2.85256334109e-07],
        "dvar": [2.84743951508e-12, 3.24438520494e-09, 1.19601073489e-09, 7.17169032494e-11, 2.18152629294e-09, 2.2049424786e-11, 1.07714490105e-10, 1.47296459474e-08, 1.45705598698e-05, 1.22235521705e-09, 3.78539491419e-11, 3.63296406847e-11, 1.16378373605e-07, 3.06696695818e-10, 1.49422724194e-10, 1.02447578199e-10, 2.54208529227e-11, 1.55685950243e-11, 8.55419034218e-12, 5.56956954514e-12, 5.5870642314e-12, 3.76014844261e-12, 2.85273996266e-12, 2.48938001289e-12, 2.31515674687e-12, 2.17601175793e-12, 2.37190714118e-12],
        "dvar2": [5.72527962539e-12, 1.00878532194e-08, 3.97736510394e-09, 2.35710645446e-10, 7.30545357541e-09, 6.64385421678e-11, 1.14930835682e-10, 1.48551011492e-08, 1.40671563713e-05, 1.23604615432e-09, 3.7161468347e-11, 3.54035967209e-11, 5.80174734921e-08, 3.08509690017e-10, 1.39303943381e-10, 1.0107245596e-10, 2.56225769768e-11, 1.56928116335e-11, 4.82339732391e-12, 5.51231673154e-12, 5.44514476911e-12, 3.60117469698e-12, 2.85759501999e-12, 2.50596136724e-12, 2.32373907443e-12, 2.18030931851e-12, 2.35672722657e-12],
        "max": [1.33067378556e-05, 0.000323936488712, 0.000166820187587, 4.69973165309e-05, 0.000363102299161, 3.92826950701e-05, 0.000116574148706, 0.00116645544767, 0.053996514529, 0.000337059027515, 6.08628724876e-05, 6.14333475824e-05, 0.00819659046829, 0.000167846912518, 0.000191022147192, 0.000100407749414, 4.85075324832e-05, 3.77351425414e-05, 4.98022563988e-05, 2.52349873335e-05, 2.33408591157e-05, 1.94162366824e-05, 1.63031982083e-05, 1.51614340211e-05, 1.4639173969e-05, 1.42219932968e-05, 1.5127556253e-05],
        "mean": [1.88275851087e-06, 6.65983316139e-05, 5.65864575037e-05, 8.20284913061e-06, 4.35594447481e-05, 1.23281115521e-05, 7.19022818885e-06, 1.43620900417e-05, 0.0146183753386, 6.13428483121e-06, 1.27816235818e-06, 1.23417510167e-06, 0.00199915491976, 2.07065068025e-06, 1.167341361e-05, 1.41039629398e-06, 6.81700441874e-07, 4.83636199533e-07, 2.49466484092e-06, 6.61682577174e-07, 3.86456122214e-07, 3.04447013377e-07, 2.5889215749e-07, 2.53664666161e-07, 2.6593843927e-07, 3.36773211984e-07, 6.80815276155e-07],
        "median": [1.29928230308e-06, 4.81444003526e-05, 4.99996458529e-05, 5.70088104723e-06, 5.47788931726e-06, 1.09585143946e-05, 4.56525640402e-06, 9.98883933789e-07, 0.00991014204919, 2.26467977882e-06, 3.9485604475e-07, 2.12290430568e-07, 0.000774491869379, 2.2060534377e-07, 1.56149872055e-06, 8.93271163704e-08, 1.16868655198e-07, 6.73376021609e-08, 2.26930069402e-07, 1.90761653585e-07, 1.14427145093e-07, 7.62157768008e-08, 8.1042230704e-08, 8.92986662393e-08, 1.11719835161e-07, 1.94435870071e-07, 5.64528875202e-07],
        "min": [7.06321401367e-09, 3.5358860373e-07, 3.44046071632e-07, 1.77742066398e-07, 1.8403902402e-07, 4.09069400575e-07, 4.7600795483e-07, 8.1104296612e-08, 1.99508167498e-06, 3.1535847711e-07, 4.3067849731e-08, 5.48593526162e-08, 1.49390734805e-06, 5.86073092279e-08, 2.22888996149e-08, 1.30020101352e-08, 5.86311887929e-09, 7.62706076074e-09, 8.81937989305e-09, 5.57938184542e-09, 2.35876940202e-09, 4.10265421635e-09, 2.37481456722e-09, 5.61842972147e-09, 4.28372759487e-09, 9.22183218677e-09, 1.58896522606e-08],
        "var": [3.46796636547e-12, 4.03554833994e-09, 1.68175162685e-09, 6.52269696588e-11, 4.57379867314e-09, 3.4765888085e-11, 1.51112219959e-10, 1.47505287984e-08, 0.000267750932835, 1.21796295272e-09, 3.9783169814e-11, 4.08695542686e-11, 5.01685417476e-06, 3.05367453546e-10, 9.0787827256e-10, 1.09309915286e-10, 2.54365816604e-11, 1.54192682927e-11, 4.03390584824e-11, 7.01379362575e-12, 5.86157858362e-12, 4.06744906853e-12, 2.86076782922e-12, 2.46990644083e-12, 2.29617453523e-12, 2.1452121763e-12, 2.34220629003e-12]
    },
    "erbbands": {
        "dmean": [0.0010809378, 0.0147291142493, 0.0545759983361, 0.0526570752263, 0.057509560138, 0.0875969603658, 0.0284093730152, 0.041189674288, 0.0481187812984, 0.0976927876472, 5.78518342972, 30.0884666443, 1.02950739861, 0.0878162160516, 0.0378107540309, 1.54730069637, 9.12145709991, 0.415312737226, 0.0795294195414, 0.313460856676, 0.0603776983917, 0.0332900024951, 0.0256470777094, 0.0449393838644, 0.0195001009852, 0.0195718910545, 0.0132898623124, 0.0101834041998, 0.00847084168345, 0.00702079338953, 0.00562330475077, 0.00413858983666, 0.00299036246724, 0.00208807410672, 0.00128254701849, 0.000751036975998, 0.000369450892322, 0.000132286979351, 3.50845039065e-05, 3.62118498742e-06],
        "dmean2": [0.00202893349342, 0.0268121063709, 0.100443787873, 0.101670511067, 0.106683209538, 0.161950856447, 0.0461776219308, 0.0717167630792, 0.0787253454328, 0.0916071236134, 4.1088848114, 21.6029663086, 0.673116087914, 0.0769184231758, 0.0368777178228, 1.0619430542, 6.36055231094, 0.353130728006, 0.0757664963603, 0.314258933067, 0.056560896337, 0.0351339504123, 0.0270268898457, 0.0420325174928, 0.0197298955172, 0.0232489276677, 0.0138225853443, 0.0107609070837, 0.00864834431559, 0.00740593997762, 0.00612585945055, 0.00443598814309, 0.00324894930236, 0.00229470594786, 0.00139729469083, 0.000821061665192, 0.000411238055676, 0.000156081863679, 4.33875065937e-05, 4.23264145866e-06],
        "dvar": [1.04889647901e-06, 0.00023759828764, 0.00142430956475, 0.00122786837164, 0.00847296416759, 0.0467119701207, 0.00144634314347, 0.00191722274758, 0.00449246354401, 0.0502703934908, 298.424987793, 10270.859375, 3.66320633888, 0.211753591895, 0.0127768805251, 7.0291891098, 262.669311523, 1.06245172024, 0.285826802254, 0.694012522697, 0.148643389344, 0.0823183059692, 0.0488550402224, 0.035720590502, 0.0149033982307, 0.0125143770128, 0.0113537879661, 0.00749145401642, 0.00493690790609, 0.00348257413134, 0.00219738017768, 0.00122685439419, 0.000631316681392, 0.000298029714031, 0.000113146896183, 3.56571763405e-05, 7.55305836719e-06, 8.64439243742e-07, 4.60809701508e-08, 3.16005277501e-10],
        "dvar2": [3.11789722218e-06, 0.000719405128621, 0.00528588471934, 0.00416099326685, 0.0274178236723, 0.155215516686, 0.0040814448148, 0.00608893949538, 0.00717469165102, 0.0513405650854, 283.153747559, 9951.78710938, 2.96850824356, 0.215221941471, 0.0155767388642, 3.79795980453, 129.516616821, 1.34372282028, 0.25835749507, 0.61233496666, 0.119040228426, 0.0821793526411, 0.048653550446, 0.0215577818453, 0.0125400163233, 0.0122919231653, 0.0108762793243, 0.00749334506691, 0.00470845540985, 0.00341349304654, 0.00220464449376, 0.00123753340449, 0.000633273215499, 0.000299453939078, 0.000113341411634, 3.57932731276e-05, 7.53319773139e-06, 8.64155424551e-07, 4.60327527207e-08, 3.16718845594e-10],
        "max": [0.00606110086665, 0.090029746294, 0.208152413368, 0.193172618747, 0.661051571369, 1.67459499836, 0.275830984116, 0.30621945858, 0.886111021042, 6.92374420166, 290.244781494, 1407.94177246, 61.8659439087, 6.97557830811, 2.01426935196, 61.9824104309, 390.197296143, 18.3671703339, 6.09616708755, 13.3162326813, 4.41526222229, 2.78370904922, 2.15490698814, 3.05941843987, 1.49085569382, 1.23903238773, 1.07038712502, 0.837056219578, 0.706748902798, 0.580338716507, 0.451720744371, 0.336564809084, 0.241643130779, 0.166196107864, 0.102393135428, 0.0574574433267, 0.0265863928944, 0.00903236400336, 0.00213305931538, 0.000245001603616],
        "mean": [0.00129317585379, 0.0175808425993, 0.0611255094409, 0.0515978522599, 0.102158129215, 0.149409651756, 0.041757337749, 0.102883979678, 0.17959214747, 1.39897048473, 80.4669876099, 377.723937988, 16.7697963715, 0.773382484913, 0.377122730017, 15.8544750214, 93.4283599854, 3.84532427788, 0.255848616362, 0.811536371708, 0.100390173495, 0.0400499813259, 0.0320480726659, 0.143532916903, 0.0479708276689, 0.0357305631042, 0.0186805222183, 0.0132250022143, 0.0112719768658, 0.00916069187224, 0.00721300486475, 0.00549701787531, 0.00413880497217, 0.00293486262672, 0.00193241995294, 0.00118788133841, 0.000655726937111, 0.000277216342511, 9.63291167864e-05, 3.08424387185e-05],
        "median": [0.00102005701046, 0.0133898090571, 0.056098267436, 0.0392543114722, 0.0193839166313, 0.0172286815941, 0.0331191197038, 0.093657463789, 0.171651884913, 0.879518985748, 54.5023803711, 255.733657837, 11.1416301727, 0.469276189804, 0.161371260881, 6.18854808807, 36.093837738, 1.4289611578, 0.07386533916, 0.106105402112, 0.0118650915101, 0.00670489063486, 0.00623617460951, 0.0102904764935, 0.00956274848431, 0.00916408281773, 0.00583699392155, 0.00382686406374, 0.00281071243808, 0.00250780815259, 0.00225759716704, 0.00178503489587, 0.00156565324869, 0.00114887882955, 0.000847522518598, 0.00057047145674, 0.00038873552694, 0.000195720844204, 7.32821426936e-05, 2.27371201618e-05],
        "min": [7.79303445597e-06, 8.98603611859e-05, 0.000360159086995, 0.000557204359211, 0.000556693528779, 0.000610509479884, 0.00118373672012, 0.00422049267218, 0.00686826743186, 0.00847958028316, 0.030082622543, 0.0473261475563, 0.0160261169076, 0.00672447727993, 0.00486225821078, 0.0256522968411, 0.0699310302734, 0.00898973271251, 0.00207494618371, 0.000681044417433, 0.000712616543751, 0.000367761822417, 0.000400262448238, 0.00031537830364, 0.000517720414791, 0.000249248812906, 0.000134205198265, 0.000111496556201, 0.000126222439576, 0.000110109729576, 6.26953260507e-05, 9.58049495239e-05, 9.15137352422e-05, 6.01114952588e-05, 3.00124520436e-05, 2.68390194833e-05, 1.57905524247e-05, 8.48452964419e-06, 1.58093962455e-06, 3.20373061413e-07],
        "var": [1.26300949432e-06, 0.000277208688203, 0.00178474956192, 0.00162266020197, 0.0210257619619, 0.0640658289194, 0.00180505646858, 0.00250955834053, 0.0112915048376, 2.50566983223, 7770.30078125, 181933.78125, 360.220977783, 1.03520202637, 0.179049223661, 306.749267578, 11100.7001953, 20.0036735535, 0.434802770615, 4.34135293961, 0.220283150673, 0.0837322622538, 0.0501336380839, 0.144975468516, 0.0260308180004, 0.0173095017672, 0.0123220812529, 0.00754390843213, 0.00538931973279, 0.00362789002247, 0.00219587795436, 0.00121809390839, 0.000626923865639, 0.000296243000776, 0.000112180619908, 3.52088063664e-05, 7.48420598029e-06, 8.54675533901e-07, 4.63344314028e-08, 8.88520312881e-10]
    },
    "gfcc": {
        "mean": [-206.441192627, 125.718597412, -97.2446746826, -62.1771430969, -47.5857086182, 22.1085796356, 8.06083011627, 8.57312774658, -8.05642700195, 14.6475038528, -10.5298957825, -34.7078971863, -36.4627227783],
        "cov": [[2010.7355957, 499.267303467, -833.58001709, -487.799255371, -57.5997657776, -137.050933838, 172.10484314, 72.3217086792, -2.91803646088, -126.656044006, -68.8761672974, -283.300170898, -52.9425888062], [499.267303467, 466.306854248, -289.695831299, -289.845336914, -8.40157032013, -44.5703659058, 116.656349182, 2.20799589157, -45.0479393005, -68.7299041748, -1.1545317173, -160.733901978, -52.6882476807], [-833.58001709, -289.695831299, 592.583374023, 316.322814941, 19.5518703461, 128.191726685, -87.8710632324, -34.7816123962, 8.20192718506, 91.2563171387, 30.4426765442, 169.010574341, 20.9342556], [-487.799255371, -289.845336914, 316.322814941, 320.696228027, 55.2988815308, 34.6438865662, -97.9085159302, -42.446723938, -8.29921531677, 29.5279006958, 3.39629077911, 115.583938599, 26.2478904724], [-57.5997657776, -8.40157032013, 19.5518703461, 55.2988815308, 42.4474639893, 0.211298674345, -7.63762950897, -8.33916854858, 0.0890222936869, -4.03861284256, -1.77834916115, 1.47535777092, 0.0303320996463], [-137.050933838, -44.5703659058, 128.191726685, 34.6438865662, 0.211298674345, 62.1264686584, 11.1145267487, 18.3250160217, 35.8564796448, 40.8968887329, 10.199464798, 35.1459655762, 2.53401207924], [172.10484314, 116.656349182, -87.8710632324, -97.9085159302, -7.63762950897, 11.1145267487, 80.2218856812, 52.0027275085, 35.3517112732, 8.77719497681, 11.5766019821, -40.2581481934, -18.672952652], [72.3217086792, 2.20799589157, -34.7816123962, -42.446723938, -8.33916854858, 18.3250160217, 52.0027275085, 76.5081481934, 66.0915374756, 28.6693935394, 8.5582447052, 3.586176157, 2.8840200901], [-2.91803646088, -45.0479393005, 8.20192718506, -8.29921531677, 0.0890222936869, 35.8564796448, 35.3517112732, 66.0915374756, 94.6134185791, 45.6687545776, -4.31203222275, 25.4712238312, 21.4255943298], [-126.656044006, -68.7299041748, 91.2563171387, 29.5279006958, -4.03861284256, 40.8968887329, 8.77719497681, 28.6693935394, 45.6687545776, 48.7442779541, 12.1242733002, 40.7043037415, 16.8918132782], [-68.8761672974, -1.1545317173, 30.4426765442, 3.39629077911, -1.77834916115, 10.199464798, 11.5766019821, 8.5582447052, -4.31203222275, 12.1242733002, 33.9176826477, 14.9768075943, -2.55420804024], [-283.300170898, -160.733901978, 169.010574341, 115.583938599, 1.47535777092, 35.1459655762, -40.2581481934, 3.586176157, 25.4712238312, 40.7043037415, 14.9768075943, 83.2266387939, 26.4597702026], [-52.9425888062, -52.6882476807, 20.9342556, 26.2478904724, 0.0303320996463, 2.53401207924, -18.672952652, 2.8840200901, 21.4255943298, 16.8918132782, -2.55420804024, 26.4597702026, 30.538187027]],
        "icov": [[0.00170385208912, -0.00127728364896, 0.00358653254807, -0.00301048019901, 0.00401010736823, -0.00444137584418, 0.00152653059922, -0.0023741540499, 0.00159276847262, -0.00115559331607, 0.00146574084647, 0.00281488895416, -0.000393369060475], [-0.00127728364896, 0.0269145593047, -0.0173185132444, 0.0274540837854, -0.0260125380009, 0.00864112190902, -0.0438911989331, 0.0141152376309, 0.00576122663915, 0.0382918678224, -0.000255259918049, 0.00837928708643, -0.028869451955], [0.00358653254807, -0.0173185132444, 0.0299751292914, -0.0275022033602, 0.0235035624355, -0.032297462225, 0.0252702794969, -0.0115106916055, 0.0134783852845, -0.0338749587536, 0.00919862277806, -0.0137241482735, 0.0205651726574], [-0.00301048019901, 0.0274540837854, -0.0275022033602, 0.051010414958, -0.0528222173452, 0.0242003649473, -0.0459086485207, 0.0144526045769, 0.00949877779931, 0.041630551219, 0.0105142481625, -0.0218151789159, -0.024145450443], [0.00401010736823, -0.0260125380009, 0.0235035624355, -0.0528222173452, 0.0851358994842, -0.0215314533561, 0.0513149425387, -0.00567053817213, -0.030726891011, -0.0266221147031, -0.0243822503835, 0.0409585908055, 0.0237319935113], [-0.00444137584418, 0.00864112190902, -0.032297462225, 0.0242003649473, -0.0215314533561, 0.0976155400276, -0.0233536437154, 0.0305901858956, -0.0349456295371, -0.0202827323228, -0.00519361393526, -0.0058963499032, 0.0237127970904], [0.00152653059922, -0.0438911989331, 0.0252702794969, -0.0459086485207, 0.0513149425387, -0.0233536437154, 0.178829938173, -0.0507457777858, -0.0499734356999, -0.0812707170844, -0.0576413609087, 0.0708447471261, 0.078893750906], [-0.0023741540499, 0.0141152376309, -0.0115106916055, 0.0144526045769, -0.00567053817213, 0.0305901858956, -0.0507457777858, 0.0808765366673, -0.0482111908495, 0.0185573473573, -0.0147226471454, -0.0124659864232, 0.00763608980924], [0.00159276847262, 0.00576122663915, 0.0134783852845, 0.00949877779931, -0.030726891011, -0.0349456295371, -0.0499734356999, -0.0482111908495, 0.116424962878, -0.0196633543819, 0.0715134218335, -0.0555545091629, -0.0444668829441], [-0.00115559331607, 0.0382918678224, -0.0338749587536, 0.041630551219, -0.0266221147031, -0.0202827323228, -0.0812707170844, 0.0185573473573, -0.0196633543819, 0.183947831392, -0.0202029682696, -0.00338689167984, -0.0849426686764], [0.00146574084647, -0.000255259918049, 0.00919862277806, 0.0105142481625, -0.0243822503835, -0.00519361393526, -0.0576413609087, -0.0147226471454, 0.0715134218335, -0.0202029682696, 0.0981947556138, -0.0806967243552, -0.00750837428495], [0.00281488895416, 0.00837928708643, -0.0137241482735, -0.0218151789159, 0.0409585908055, -0.0058963499032, 0.0708447471261, -0.0124659864232, -0.0555545091629, -0.00338689167984, -0.0806967243552, 0.173167780042, -0.0234997682273], [-0.000393369060475, -0.028869451955, 0.0205651726574, -0.024145450443, 0.0237319935113, 0.0237127970904, 0.078893750906, 0.00763608980924, -0.0444668829441, -0.0849426686764, -0.00750837428495, -0.0234997682273, 0.132354870439]]
    },
    "melbands": {
        "dmean": [1.25749002109e-05, 2.47718708124e-05, 8.46203329274e-06, 6.41761516817e-06, 1.26096085751e-06, 9.54156462285e-07, 7.61916055581e-07, 1.04666730749e-06, 0.000103496218799, 0.000159530216479, 1.52461916514e-06, 2.9439755167e-07, 1.08640172414e-07, 4.71487311415e-08, 2.01436887437e-05, 1.02785379568e-05, 2.26142887527e-07, 1.02675606684e-07, 3.20181754887e-07, 2.81324105345e-07, 4.52971242737e-08, 3.47939455025e-08, 2.7214749565e-08, 2.08829362691e-08, 4.0263422818e-08, 2.07442472089e-08, 1.24564012438e-08, 1.29174244634e-08, 9.12650222062e-09, 6.69822997068e-09, 5.83790038533e-09, 4.76676120797e-09, 4.57591342595e-09, 3.76851128081e-09, 3.37633054848e-09, 2.77565948004e-09, 2.48895593025e-09, 2.16871853809e-09, 1.97551597303e-09, 1.73597969333e-09],
        "dmean2": [2.24918421736e-05, 4.64235017716e-05, 1.62065225595e-05, 1.15514685604e-05, 2.18027048504e-06, 1.6668658418e-06, 1.23482072922e-06, 1.26327461203e-06, 7.44870194467e-05, 0.000114285867312, 1.64628693256e-06, 3.16850162108e-07, 1.30110834107e-07, 6.28815968184e-08, 1.39415142257e-05, 7.1835761446e-06, 2.3730791554e-07, 1.06223950525e-07, 2.93932941986e-07, 2.24596206522e-07, 4.69988741258e-08, 3.67603796292e-08, 2.96893869489e-08, 2.18816769149e-08, 3.74460604746e-08, 1.94775786611e-08, 1.50018060197e-08, 1.52443657697e-08, 9.83760539697e-09, 7.15051706734e-09, 6.29623109205e-09, 4.93647123179e-09, 4.64606308981e-09, 4.08768707771e-09, 3.703708229e-09, 3.02438896149e-09, 2.68237188017e-09, 2.38578978795e-09, 2.23112661679e-09, 1.92959803691e-09],
        "dvar": [1.45441922395e-10, 3.56758816933e-10, 2.81236128136e-11, 1.6478667042e-10, 5.54625919844e-12, 9.67517298917e-13, 1.85651949543e-12, 5.07462266652e-11, 1.1581807513e-07, 2.79681785287e-07, 1.69921521298e-10, 6.18121829762e-12, 4.12702478528e-13, 5.02881970007e-14, 1.27439125919e-09, 3.07945835498e-10, 4.05498508035e-12, 8.66496707285e-13, 7.3924362725e-13, 6.60691878811e-13, 1.68494653451e-13, 9.32213019885e-14, 4.89436033477e-14, 3.44842427183e-14, 2.41289413715e-14, 8.15446411025e-15, 5.18850243599e-15, 5.98343481017e-15, 5.24229876902e-15, 2.84152321695e-15, 2.34346487934e-15, 1.58102437138e-15, 1.31311494406e-15, 9.90983443783e-16, 7.7533637283e-16, 5.38277156002e-16, 4.29530831069e-16, 3.17937178414e-16, 2.45927307678e-16, 2.01552455946e-16],
        "dvar2": [4.40434105853e-10, 1.18295939711e-09, 9.87084650128e-11, 5.49915613046e-10, 1.74748028547e-11, 3.03738111052e-12, 2.31174823208e-12, 5.14163746301e-11, 1.10857556024e-07, 2.70932503099e-07, 1.71813341332e-10, 6.23504850181e-12, 3.95562597434e-13, 4.61546118436e-14, 6.20826001718e-10, 1.61651428354e-10, 4.07253831353e-12, 8.74117726986e-13, 5.23089275888e-13, 3.22696757553e-13, 1.70959166962e-13, 9.40584348147e-14, 4.92411592458e-14, 3.47407276829e-14, 1.35216688988e-14, 5.18370780599e-15, 5.17952303971e-15, 5.88929472138e-15, 5.08594453377e-15, 2.74535427249e-15, 2.36702658308e-15, 1.53911434582e-15, 1.20832976871e-15, 9.88864802624e-16, 7.79446653146e-16, 5.40737363198e-16, 4.33499233367e-16, 3.1852488693e-16, 2.46366256033e-16, 2.02702554635e-16],
        "max": [7.37232694519e-05, 0.000120617070934, 2.94465789921e-05, 9.89381369436e-05, 1.84222990356e-05, 7.19315130482e-06, 1.52926259034e-05, 7.10723252269e-05, 0.00494908634573, 0.00753337424248, 0.000125099497382, 2.38441389229e-05, 6.61610329189e-06, 2.5834947337e-06, 0.000812927552033, 0.000465494202217, 1.93347168533e-05, 8.90712726687e-06, 1.39444273373e-05, 1.36938970172e-05, 3.92370611735e-06, 2.92975664706e-06, 2.13301268559e-06, 1.7764725726e-06, 2.6723676001e-06, 1.40353711231e-06, 7.72331134158e-07, 8.35398168419e-07, 7.15993564882e-07, 5.29198075583e-07, 4.65145802764e-07, 3.93247745478e-07, 3.74286855731e-07, 3.05288637037e-07, 2.67976162149e-07, 2.23088250095e-07, 1.99149553737e-07, 1.71569936924e-07, 1.50988768155e-07, 1.36624976221e-07],
        "mean": [1.5591378542e-05, 3.00370174955e-05, 9.2656509878e-06, 1.1835362784e-05, 1.71638419033e-06, 2.4738517368e-06, 2.03460763259e-06, 1.31939441417e-06, 0.00136057380587, 0.00202194438316, 1.85469718872e-06, 3.35041477229e-07, 1.74495312422e-07, 9.1151775905e-08, 0.000202466646442, 0.000109701963083, 2.43642091391e-07, 1.0770511949e-07, 7.78163098403e-07, 6.79896515976e-07, 4.76788741821e-08, 3.88544307839e-08, 3.18433350799e-08, 2.2749134132e-08, 1.34336019642e-07, 6.34939354427e-08, 2.08780530642e-08, 2.21103242382e-08, 1.20252705571e-08, 8.63281890418e-09, 7.32418348193e-09, 6.18663520413e-09, 6.03294703083e-09, 4.8071102654e-09, 4.24156176848e-09, 3.5860117098e-09, 3.25522675482e-09, 2.91550361631e-09, 2.6295725597e-09, 2.40959052711e-09],
        "median": [1.20250479085e-05, 2.71260087175e-05, 7.80642767495e-06, 1.21347488857e-06, 1.00610736808e-06, 2.28530302593e-06, 1.86480656339e-06, 1.55078154762e-07, 0.00092467002105, 0.00136764964554, 4.46693690037e-07, 5.96519669216e-08, 5.90422466473e-08, 2.4795825837e-08, 7.88664547144e-05, 4.20792130171e-05, 2.77701790452e-08, 9.70699964853e-09, 1.03217629999e-07, 7.67651258116e-08, 4.31510649435e-09, 5.75318548357e-09, 6.62163301968e-09, 3.25575810756e-09, 8.81104877948e-09, 8.0502706723e-09, 6.27375351669e-09, 6.08869799024e-09, 3.75549857878e-09, 2.42295672415e-09, 2.10980921622e-09, 1.59528878996e-09, 1.41857514624e-09, 1.38564959506e-09, 1.28593569126e-09, 1.1309907455e-09, 1.03792208161e-09, 1.04960051761e-09, 9.4972796294e-10, 9.526249789e-10],
        "min": [8.57785025232e-08, 1.69632414782e-07, 9.77673551006e-08, 4.08110167882e-08, 3.8372956368e-08, 9.36982260669e-08, 1.03446325284e-07, 1.59237956154e-08, 2.96313004355e-07, 2.77516875258e-07, 7.09328062953e-08, 1.01350847714e-08, 4.94279062124e-09, 5.09720177178e-09, 1.63541983511e-07, 1.02236043631e-07, 6.6347447536e-09, 2.63528421307e-09, 1.44171607985e-09, 6.81233236488e-10, 8.45638170599e-10, 3.85148607451e-10, 3.24159477039e-10, 3.53875317938e-10, 2.23238622032e-10, 3.83706261209e-10, 3.1674515788e-10, 1.26263124955e-10, 1.10393548469e-10, 3.57602732148e-11, 7.97949900599e-11, 7.74759215116e-11, 6.6354616246e-11, 5.53513936075e-11, 2.66522168918e-11, 7.01194657893e-11, 4.7986864482e-11, 5.46630136988e-11, 7.02092758931e-11, 4.96602932387e-11],
        "var": [2.01953287426e-10, 4.20333073903e-10, 3.88937354545e-11, 3.47978618143e-10, 5.49373177158e-12, 1.38952846625e-12, 2.55622606415e-12, 5.46990334971e-11, 2.2539325073e-06, 5.20881712873e-06, 1.68822733571e-10, 6.14544613114e-12, 4.71162009148e-13, 7.67350253976e-14, 5.0851983957e-08, 1.54867461077e-08, 4.05005196047e-12, 8.60348738866e-13, 4.23995777724e-12, 3.59494248606e-12, 1.66932724696e-13, 9.28837491946e-14, 4.91347448026e-14, 3.41741846139e-14, 1.18419502177e-13, 2.87588116028e-14, 6.58817398287e-15, 7.73675743561e-15, 5.51265262754e-15, 3.01558679354e-15, 2.33042755998e-15, 1.66676824608e-15, 1.51633731223e-15, 1.00351180223e-15, 7.73033343186e-16, 5.35466912442e-16, 4.26493556209e-16, 3.16140409775e-16, 2.44674016553e-16, 2.0021893492e-16]
    },
    "mfcc": {
        "mean": [-908.620361328, 177.556411743, 16.2295627594, -11.7628097534, -14.4641075134, 3.84049201012, 13.1239109039, -6.38918161392, 0.60190397501, 32.6035842896, 35.65284729, 16.3984737396, -8.62208271027],
        "cov": [[1513.47583008, 249.060302734, -467.80859375, -94.0832138062, -184.727676392, -169.061981201, 24.1724319458, -42.8971405029, -86.5297851562, 129.42276001, 87.7675018311, -148.691207886, -16.8172492981], [249.060302734, 331.067810059, -57.632019043, -16.8341846466, -72.049407959, -59.1210021973, 71.4196472168, -23.6907615662, -79.3491668701, 52.391494751, 66.4824523926, -30.2221164703, -26.8224658966], [-467.80859375, -57.632019043, 235.645263672, 46.7777023315, 70.295791626, 70.5451965332, -1.03307557106, 32.3876457214, 30.1010608673, -69.7772064209, -39.9259300232, 68.7817153931, -19.1355495453], [-94.0832138062, -16.8341846466, 46.7777023315, 54.9585456848, 32.928981781, 28.914604187, 10.3927097321, 4.0844745636, 3.6526055336, -11.118309021, -15.0827503204, -0.118399046361, 11.174200058], [-184.727676392, -72.049407959, 70.295791626, 32.928981781, 73.3351211548, 50.8270606995, -24.1256923676, 10.1845531464, 43.0694732666, -10.1402339935, -24.8097743988, 19.7440853119, 11.0246734619], [-169.061981201, -59.1210021973, 70.5451965332, 28.914604187, 50.8270606995, 55.6604652405, -14.2442169189, 7.80904531479, 37.5401802063, -12.9647674561, -23.719329834, 20.6179237366, 9.52613830566], [24.1724319458, 71.4196472168, -1.03307557106, 10.3927097321, -24.1256923676, -14.2442169189, 59.061920166, 9.96307754517, -44.907623291, -1.9307243824, 12.7533149719, -8.471367836, -6.44509935379], [-42.8971405029, -23.6907615662, 32.3876457214, 4.0844745636, 10.1845531464, 7.80904531479, 9.96307754517, 33.840927124, 13.247092247, -3.7980260849, 10.5345563889, 18.9976673126, -2.84729266167], [-86.5297851562, -79.3491668701, 30.1010608673, 3.6526055336, 43.0694732666, 37.5401802063, -44.907623291, 13.247092247, 82.6371002197, 24.0041313171, 3.23141741753, 33.3268280029, 12.5908651352], [129.42276001, 52.391494751, -69.7772064209, -11.118309021, -10.1402339935, -12.9647674561, -1.9307243824, -3.7980260849, 24.0041313171, 71.1714935303, 46.4144630432, -5.83369684219, 12.5827150345], [87.7675018311, 66.4824523926, -39.9259300232, -15.0827503204, -24.8097743988, -23.719329834, 12.7533149719, 10.5345563889, 3.23141741753, 46.4144630432, 66.5768356323, 13.9599733353, -7.22558307648], [-148.691207886, -30.2221164703, 68.7817153931, -0.118399046361, 19.7440853119, 20.6179237366, -8.471367836, 18.9976673126, 33.3268280029, -5.83369684219, 13.9599733353, 54.9916610718, -8.19723129272], [-16.8172492981, -26.8224658966, -19.1355495453, 11.174200058, 11.0246734619, 9.52613830566, -6.44509935379, -2.84729266167, 12.5908651352, 12.5827150345, -7.22558307648, -8.19723129272, 35.2618026733]],
