{
"lowlevel": {
    "average_loudness": 0.986995279789,
    "barkbands_crest": {
        "dmean": 4.32307577133,
        "dmean2": 7.71371221542,
        "dvar": 11.4105567932,
        "dvar2": 30.3065109253,
        "max": 22.4999160767,
        "mean": 11.9972877502,
        "median": 10.8787508011,
        "min": 5.1435418129,
        "var": 16.8208408356
    },
    "barkbands_flatness_db": {
        "dmean": 0.030185116455,
        "dmean2": 0.0515027679503,
        "dvar": 0.0008750295965,
        "dvar2": 0.00233548809774,
        "max": 0.327752590179,
        "mean": 0.152491480112,
        "median": 0.143017470837,
        "min": 0.0718383714557,
        "var": 0.00260045402683
    },
    "barkbands_kurtosis": {
        "dmean": 14.0076684952,
        "dmean2": 25.7154483795,
        "dvar": 873.573730469,
        "dvar2": 2694.55615234,
        "max": 226.770401001,
        "mean": 24.0611743927,
        "median": 13.0759763718,
        "min": 3.42031526566,
        "var": 1196.04931641
    },
    "barkbands_skewness": {
        "dmean": 1.0268985033,
        "dmean2": 1.76582300663,
        "dvar": 1.546048522,
        "dvar2": 5.05088663101,
        "max": 12.2298698425,
        "mean": 3.73377466202,
        "median": 3.22216320038,
        "min": 1.97281062603,
        "var": 2.93515014648
    },
    "barkbands_spread": {
        "dmean": 5.38978815079,
        "dmean2": 9.15354919434,
        "dvar": 27.2059726715,
        "dvar2": 73.3367462158,
        "max": 40.0207443237,
        "mean": 16.4011421204,
        "median": 15.7789382935,
        "min": 1.18892014027,
        "var": 55.4285850525
    },
    "dissonance": {
        "dmean": 0.0213523302227,
        "dmean2": 0.0329345092177,
        "dvar": 0.000227733224165,
        "dvar2": 0.000617762270849,
        "max": 0.496171712875,
        "mean": 0.436590641737,
        "median": 0.439829945564,
        "min": 0.355935305357,
        "var": 0.000921339844353
    },
    "dynamic_complexity": 2.70663547516,
    "erbbands_crest": {
        "dmean": 3.16811394691,
        "dmean2": 4.91697835922,
        "dvar": 3.93626379967,
        "dvar2": 10.1624536514,
        "max": 28.6456699371,
        "mean": 16.5658168793,
        "median": 15.4890546799,
        "min": 6.77078104019,
        "var": 37.8397827148
    },
    "erbbands_flatness_db": {
        "dmean": 0.015351655893,
        "dmean2": 0.0246171467006,
        "dvar": 0.000146699050674,
        "dvar2": 0.000263210677076,
        "max": 0.169764101505,
        "mean": 0.0990148708224,
        "median": 0.0934261828661,
        "min": 0.0476637370884,
        "var": 0.00110131374095
    },
    "erbbands_kurtosis": {
        "dmean": 2.03733921051,
        "dmean2": 3.16214513779,
        "dvar": 3.70621538162,
        "dvar2": 6.74930620193,
        "max": 19.0379390717,
        "mean": 4.66716957092,
        "median": 3.51222515106,
        "min": -0.22007226944,
        "var": 17.6385421753
    },
    "erbbands_skewness": {
        "dmean": 0.359572589397,
        "dmean2": 0.584845781326,
        "dvar": 0.0780874341726,
        "dvar2": 0.169818177819,
        "max": 3.62996482849,
        "mean": 1.72414159775,
        "median": 1.64649689198,
        "min": 0.729946196079,
        "var": 0.41188660264
    },
    "erbbands_spread": {
        "dmean": 7.21972417831,
        "dmean2": 11.568315506,
        "dvar": 28.2242965698,
        "dvar2": 76.127822876,
        "max": 64.9788818359,
        "mean": 36.2475700378,
        "median": 34.3451347351,
        "min": 11.394785881,
        "var": 228.052780151
    },
    "hfc": {
        "dmean": 2.88175797462,
        "dmean2": 4.73021602631,
        "dvar": 37.4467086792,
        "dvar2": 88.1625289917,
        "max": 59.8705749512,
        "mean": 12.6403779984,
        "median": 10.1594552994,
        "min": 4.28332185745,
        "var": 80.9879684448
    },
    "melbands_crest": {
        "dmean": 4.77518987656,
        "dmean2": 8.33476066589,
        "dvar": 12.6940031052,
        "dvar2": 35.5192146301,
        "max": 28.7532634735,
        "mean": 16.4950695038,
        "median": 15.5720481873,
        "min": 8.15156173706,
        "var": 22.9068717957
    },
    "melbands_flatness_db": {
        "dmean": 0.0374021865427,
        "dmean2": 0.0640873685479,
        "dvar": 0.00118286081124,
        "dvar2": 0.00314361182973,
        "max": 0.478313475847,
        "mean": 0.277177780867,
        "median": 0.267505437136,
        "min": 0.170923948288,
        "var": 0.00359890796244
    },
    "melbands_kurtosis": {
        "dmean": 15.8825397491,
        "dmean2": 27.2622871399,
        "dvar": 427.932342529,
        "dvar2": 1532.26977539,
        "max": 147.876983643,
        "mean": 28.313451767,
        "median": 20.3566360474,
        "min": 2.33943891525,
        "var": 686.245788574
    },
    "melbands_skewness": {
        "dmean": 1.07837486267,
        "dmean2": 1.82654249668,
        "dvar": 0.854149341583,
        "dvar2": 2.92646360397,
        "max": 8.22621440887,
        "mean": 3.43668651581,
        "median": 3.33053040504,
        "min": 0.474846601486,
        "var": 2.60249352455
    },
    "melbands_spread": {
        "dmean": 2.75617265701,
        "dmean2": 4.66038370132,
        "dvar": 5.73657369614,
        "dvar2": 15.0293197632,
        "max": 16.9885540009,
        "mean": 8.01049041748,
        "median": 8.26425743103,
        "min": 0.684487402439,
        "var": 12.7642297745
    },
    "pitch_salience": {
        "dmean": 0.10404074192,
        "dmean2": 0.173262298107,
        "dvar": 0.0071052541025,
        "dvar2": 0.0199790280312,
        "max": 0.802688539028,
        "mean": 0.492055177689,
        "median": 0.488496482372,
        "min": 0.203255787492,
        "var": 0.0115572419018
    },
    "silence_rate_20dB": {
        "dmean": 0.0404040403664,
        "dmean2": 0.0816326513886,
        "dvar": 0.0387715399265,
        "dvar2": 0.095377124846,
        "max": 1,
        "mean": 0.97000002861,
        "median": 1,
        "min": 0,
        "var": 0.0291000157595
    },
    "silence_rate_30dB": {
        "dmean": 0.0202020201832,
        "dmean2": 0.0408163256943,
        "dvar": 0.0197939202189,
        "dvar2": 0.0391503982246,
        "max": 1,
        "mean": 0.920000016689,
        "median": 1,
        "min": 0,
        "var": 0.0736000537872
    },
    "silence_rate_60dB": {
        "dmean": 0,
        "dmean2": 0,
        "dvar": 0,
        "dvar2": 0,
        "max": 0,
        "mean": 0,
        "median": 0,
        "min": 0,
        "var": 0
    },
    "spectral_centroid": {
        "dmean": 122.15662384,
        "dmean2": 215.973327637,
        "dvar": 12304.5703125,
        "dvar2": 31013.1171875,
        "max": 986.542175293,
        "mean": 621.906677246,
        "median": 623.528198242,
        "min": 165.755813599,
        "var": 33292.6914062
    },
    "spectral_complexity": {
        "dmean": 1.29292929173,
        "dmean2": 2.17346930504,
        "dvar": 1.21722280979,
        "dvar2": 2.77603054047,
        "max": 11,
        "mean": 7.07999992371,
        "median": 7,
        "min": 4,
        "var": 2.01359963417
    },
    "spectral_decrease": {
        "dmean": 7.37688754526e-09,
        "dmean2": 1.25394032935e-08,
        "dvar": 3.34505539909e-16,
        "dvar2": 8.60355293207e-16,
        "max": -7.17776005299e-10,
        "mean": -1.0948940421e-08,
        "median": -4.33060343141e-09,
        "min": -1.34856634304e-07,
        "var": 5.65638808358e-16
    },
    "spectral_energy": {
        "dmean": 0.0280641783029,
        "dmean2": 0.047695402056,
        "dvar": 0.00484120007604,
        "dvar2": 0.0124443937093,
        "max": 0.514411151409,
        "mean": 0.0424703806639,
        "median": 0.01737447083,
        "min": 0.00309756491333,
        "var": 0.00820193625987
    },
    "spectral_energyband_high": {
        "dmean": 2.4082202799e-05,
        "dmean2": 3.83987426176e-05,
        "dvar": 6.90380141943e-10,
        "dvar2": 1.07057318566e-09,
        "max": 0.000409073079936,
        "mean": 0.000337227596901,
        "median": 0.000339113816153,
        "min": 0.000165105433553,
        "var": 1.04781761046e-09
    },
    "spectral_energyband_low": {
        "dmean": 0.0277816336602,
        "dmean2": 0.048101875931,
        "dvar": 0.00488065602258,
        "dvar2": 0.0126631539315,
        "max": 0.48779541254,
        "mean": 0.0346671529114,
        "median": 0.0104799065739,
        "min": 0.00102543877438,
        "var": 0.0075535774231
    },
    "spectral_energyband_middle_high": {
        "dmean": 7.43912751204e-05,
        "dmean2": 0.00013001584739,
        "dvar": 1.39931293219e-08,
        "dvar2": 4.15640464269e-08,
        "max": 0.00112945353612,
        "mean": 0.000332793628331,
        "median": 0.00030837446684,
        "min": 0.000155007393914,
        "var": 1.27765451552e-08
    },
    "spectral_energyband_middle_low": {
        "dmean": 0.00333152641542,
        "dmean2": 0.00570418825373,
        "dvar": 4.8623787734e-05,
        "dvar2": 0.000120552867884,
        "max": 0.0795062482357,
        "mean": 0.00835724268109,
        "median": 0.00622866582125,
        "min": 0.00178682769183,
        "var": 8.31332217786e-05
    },
    "spectral_entropy": {
        "dmean": 0.165568724275,
        "dmean2": 0.279252290726,
        "dvar": 0.0306754224002,
        "dvar2": 0.0538436062634,
        "max": 8.05812168121,
        "mean": 7.5627412796,
        "median": 7.6172542572,
        "min": 6.1478843689,
        "var": 0.148502841592
    },
    "spectral_flux": {
        "dmean": 0.0373181849718,
        "dmean2": 0.0667136386037,
        "dvar": 0.0045101759024,
        "dvar2": 0.0131712462753,
        "max": 0.505956053734,
        "mean": 0.104782573879,
        "median": 0.0740012153983,
        "min": 0.0411473102868,
        "var": 0.00923277717084
    },
    "spectral_kurtosis": {
        "dmean": 0.760724008083,
        "dmean2": 1.17181527615,
        "dvar": 0.908624589443,
        "dvar2": 1.73849856853,
        "max": 15.6788654327,
        "mean": 5.7282781601,
        "median": 5.27987003326,
        "min": 4.06339168549,
        "var": 3.38619923592
    },
    "spectral_rms": {
        "dmean": 0.00151359732263,
        "dmean2": 0.00262735853903,
        "dvar": 5.84398958381e-06,
        "dvar2": 1.47905129779e-05,
        "max": 0.0224023330957,
        "mean": 0.00513954460621,
        "median": 0.00411710049957,
        "min": 0.00173839426134,
        "var": 1.50195919559e-05
    },
    "spectral_rolloff": {
        "dmean": 120.933952332,
        "dmean2": 212.915039062,
        "dvar": 27387.0917969,
        "dvar2": 78691.8046875,
        "max": 1076.66015625,
        "mean": 468.347259521,
        "median": 581.396484375,
        "min": 86.1328125,
        "var": 37283.2695312
    },
    "spectral_skewness": {
        "dmean": 0.13836286962,
        "dmean2": 0.218813329935,
        "dvar": 0.0197266805917,
        "dvar2": 0.0353984795511,
        "max": 3.44897294044,
        "mean": 2.06448030472,
        "median": 2.00369906425,
        "min": 1.72361838818,
        "var": 0.0861769840121
    },
    "spectral_spread": {
        "dmean": 377709.25,
        "dmean2": 602968.75,
        "dvar": 142946861056,
        "dvar2": 262314016768,
        "max": 9815884,
        "mean": 7519562,
        "median": 7648794.5,
        "min": 4381368,
        "var": 690671910912
    },
    "spectral_strongpeak": {
        "dmean": 0.378274619579,
        "dmean2": 0.677635252476,
        "dvar": 0.377785146236,
        "dvar2": 0.986255347729,
        "max": 3.0032286644,
        "mean": 0.439046978951,
        "median": 0.217517539859,
        "min": 0.0460889451206,
        "var": 0.359364390373
    },
    "zerocrossingrate": {
        "dmean": 0.0174548216164,
        "dmean2": 0.0243841670454,
        "dvar": 0.000181474300916,
        "dvar2": 0.000344363070326,
        "max": 0.15283203125,
        "mean": 0.0794433578849,
        "median": 0.076416015625,
        "min": 0.01220703125,
        "var": 0.000835234881379
    },
    "barkbands": {
        "dmean": [0.000587875489146, 0.0203051008284, 0.01119930204, 0.00193898880389, 0.00170170294587, 0.000409436994232, 0.000187655954505, 0.000904824002646, 0.000166784739122, 6.37758348603e-05, 3.38591271429e-05, 2.56244802586e-05, 2.11522637983e-05, 1.48524723045e-05, 1.39638323162e-05, 7.29269731892e-06, 5.96638574279e-06, 6.31905140835e-06, 8.38802588987e-06, 8.039191016e-06, 6.74239026921e-06, 5.35902609045e-06, 5.4043698583e-06, 4.78117181046e-06, 6.14653617959e-06, 8.07022934168e-06, 1.86217584996e-05],
        "dmean2": [0.00106471125036, 0.0389322303236, 0.0193186849356, 0.00327037251554, 0.00298744533211, 0.000672092603054, 0.000300151848933, 0.00133501377422, 0.000237561369431, 0.000113983784104, 5.93823788222e-05, 4.53473658126e-05, 3.68985092791e-05, 2.53285506915e-05, 2.46980744123e-05, 1.24903735923e-05, 1.05334374894e-05, 1.11423951239e-05, 1.4182913219e-05, 1.37966444527e-05, 1.07120731627e-05, 8.99391034181e-06, 9.49055538513e-06, 8.21993671707e-06, 1.03534812297e-05, 1.30002063088e-05, 3.08666058118e-05],
        "dvar": [7.24742051261e-07, 0.00316784507595, 0.00117720826529, 2.01376133191e-05, 7.27083534002e-06, 5.65389029816e-07, 8.93181919537e-08, 8.10521783023e-07, 2.93648501071e-08, 4.07823552706e-09, 2.0020800573e-09, 5.09128739168e-10, 3.65347613274e-10, 8.99351426664e-11, 1.10065866143e-10, 4.29162955173e-11, 2.7509865913e-11, 2.88500560247e-11, 4.84984309657e-11, 3.54493379096e-11, 2.50777801303e-11, 1.56951378977e-11, 1.25696432429e-11, 1.15502087061e-11, 1.95636128825e-11, 4.18544712777e-11, 3.17964765628e-10],
        "dvar2": [2.15319073504e-06, 0.00894028041512, 0.00305197760463, 4.83014409838e-05, 1.96434593818e-05, 8.71604015629e-07, 2.60098943272e-07, 1.31076296839e-06, 6.47545235211e-08, 1.20020180461e-08, 5.79881520579e-09, 1.48300816072e-09, 1.06683084589e-09, 3.27090077246e-10, 2.79289341654e-10, 1.16709947262e-10, 7.62386542785e-11, 7.95140342458e-11, 1.3340514804e-10, 1.14449526245e-10, 7.56127521706e-11, 4.23969713503e-11, 3.95179791668e-11, 2.92860805051e-11, 4.97460857229e-11, 9.77435216098e-11, 7.65157104343e-10],
        "max": [0.00759990047663, 0.355491608381, 0.267665266991, 0.0446589663625, 0.0261612664908, 0.00753392931074, 0.00295834755525, 0.00850933976471, 0.0013375201961, 0.000433940062067, 0.000307760259602, 0.000138803123264, 0.000106445237179, 6.87832507538e-05, 6.5023850766e-05, 5.35504004802e-05, 3.64376573998e-05, 3.47232307831e-05, 5.33700840606e-05, 4.55928675365e-05, 4.65444500151e-05, 2.93170087389e-05, 3.39111029461e-05, 3.66807689716e-05, 4.69886981591e-05, 7.68115060055e-05, 0.00022891376284],
        "mean": [0.000602396554314, 0.0202505271882, 0.0125315487385, 0.00216221506707, 0.00224186480045, 0.000703660771251, 0.000270981516223, 0.00251522054896, 0.000392846617615, 0.000102521495137, 4.34826833953e-05, 5.03182272951e-05, 3.73074981326e-05, 2.82080382021e-05, 2.63254532911e-05, 1.91026174434e-05, 1.44686864587e-05, 1.59502542374e-05, 2.51707988355e-05, 2.49941531365e-05, 2.46426570811e-05, 1.88269186765e-05, 2.06156382774e-05, 2.41696761805e-05, 3.25840774167e-05, 5.50049262529e-05, 0.000168724451214],
        "median": [0.000326500448864, 0.00714411167428, 0.00187477900181, 0.00106741127092, 0.00141817110125, 0.000456532143289, 0.000170044630067, 0.00161744828802, 0.00027886434691, 8.78253704286e-05, 3.00582796626e-05, 4.48975952168e-05, 3.16349614877e-05, 2.65710787062e-05, 2.36123523791e-05, 1.86146298802e-05, 1.33257144626e-05, 1.48682775034e-05, 2.4102298994e-05, 2.41030211328e-05, 2.36454943661e-05, 1.88440171769e-05, 2.00315225811e-05, 2.39733999479e-05, 3.25022992911e-05, 5.42556226719e-05, 0.000167915786733],
        "min": [2.29330294133e-06, 0.000429283245467, 0.000131717359181, 1.47619948621e-05, 0.000103883074189, 0.000135528462124, 3.35656804964e-05, 0.000291390228085, 3.91854337067e-05, 1.2841548596e-05, 6.34362004348e-06, 8.66242135089e-06, 1.03756683529e-05, 6.28928319202e-06, 3.30734110321e-06, 6.28569114269e-06, 4.03774902225e-06, 6.47956176181e-06, 9.87509520201e-06, 8.36353046907e-06, 1.36856860991e-05, 4.82770929011e-06, 1.10147911982e-05, 1.24421694636e-05, 1.23272175188e-05, 3.08137277898e-05, 8.35867249407e-05],
        "var": [9.71653889792e-07, 0.00280144996941, 0.00154541316442, 2.55690956692e-05, 1.00433817352e-05, 1.16240153147e-06, 1.55393806267e-07, 4.15142358179e-06, 1.21135641962e-07, 4.93232521492e-09, 1.92246951691e-09, 7.00091595807e-10, 3.9673292429e-10, 1.51879564481e-10, 1.65393282403e-10, 5.63258363562e-11, 3.21080349808e-11, 3.22663146202e-11, 6.45250589071e-11, 4.74951362961e-11, 4.48846064482e-11, 2.22224912083e-11, 2.12622593143e-11, 1.92314844605e-11, 3.32717776941e-11, 6.85125636779e-11, 4.31145397162e-10]
    },
    "erbbands": {
        "dmean": [0.466732680798, 5.20302248001, 12.1448917389, 7.51581287384, 6.30063199997, 5.00922632217, 3.73706769943, 3.44764232635, 3.14202165604, 2.30952262878, 25.8011627197, 4.97086954117, 2.37409067154, 1.00054883957, 1.35656440258, 0.943165183067, 0.95037728548, 0.752992391586, 0.656303465366, 0.611194252968, 0.377793043852, 0.311590731144, 0.374805986881, 0.373442411423, 0.413739413023, 0.363905102015, 0.372256219387, 0.223156124353, 0.19153983891, 0.151744171977, 0.156033754349, 0.11044369638, 0.0899965912104, 0.0783098861575, 0.053115233779, 0.0274138543755, 0.0183348506689, 0.010038333945, 0.00330579164438, 0.000415389949922],
        "dmean2": [0.788319647312, 9.84791564941, 20.5790309906, 12.8161916733, 10.7382726669, 8.73563480377, 6.56603384018, 5.6465678215, 5.14022350311, 3.91210865974, 36.9444122314, 6.81738853455, 4.18245172501, 1.84759926796, 2.40759348869, 1.6572510004, 1.61160981655, 1.34056818485, 1.13919210434, 1.04408550262, 0.671776354313, 0.531156420708, 0.681224286556, 0.59492212534, 0.683966100216, 0.649337172508, 0.631045997143, 0.358481049538, 0.32660523057, 0.26045101881, 0.275899469852, 0.19120259583, 0.159561738372, 0.135981559753, 0.0847567617893, 0.0451380088925, 0.0315175428987, 0.0172512307763, 0.00572224613279, 0.000695307564456],
        "dvar": [0.772339880466, 238.228057861, 1214.2421875, 323.943664551, 143.232635498, 73.3332366943, 39.9911956787, 62.9880485535, 33.7882499695, 6.14189338684, 657.664489746, 26.677324295, 3.65976548195, 2.31151413918, 4.12582778931, 0.652849495411, 0.678481996059, 0.341082245111, 0.249881088734, 0.279333680868, 0.129645675421, 0.085464514792, 0.0941394641995, 0.0588505379856, 0.0931540131569, 0.085210993886, 0.0878349766135, 0.0365357138216, 0.0226722117513, 0.0158421713859, 0.013296470046, 0.00711783627048, 0.00532269757241, 0.00351643259637, 0.00130839378107, 0.000375186587917, 0.000241194444243, 5.87827817071e-05, 9.63062302617e-06, 1.07730656396e-07],
        "dvar2": [2.38840460777, 693.481994629, 2913.7253418, 741.131347656, 372.760772705, 182.947860718, 128.499694824, 99.5881500244, 71.9658126831, 14.6034498215, 1059.75402832, 49.3628578186, 10.7331790924, 6.60770702362, 12.1294784546, 1.8591812849, 1.84928131104, 1.25893318653, 0.701772987843, 0.859512865543, 0.318079203367, 0.243555918336, 0.262490034103, 0.195648118854, 0.262835144997, 0.250158965588, 0.255667597055, 0.104301728308, 0.0565949566662, 0.0373649708927, 0.0349556207657, 0.0204127971083, 0.0121147725731, 0.00927928369492, 0.00407742336392, 0.00105350720696, 0.000548221112695, 0.000162513097166, 2.57736155618e-05, 2.73123021088e-07],
        "max": [6.01584100723, 97.3703384399, 277.897064209, 148.4375, 117.961479187, 78.300163269, 50.4814033508, 73.2372589111, 55.7853393555, 28.1043109894, 246.233551025, 41.6941146851, 12.2701730728, 11.5963525772, 14.2785491943, 5.95194959641, 4.64236688614, 4.38106966019, 3.35583138466, 3.61741805077, 2.92366456985, 2.17258524895, 2.01641273499, 1.93021571636, 2.34646749496, 2.50039458275, 2.67035508156, 2.04578375816, 1.1560819149, 1.13889062405, 1.00078856945, 0.798809409142, 0.639406502247, 0.520157635212, 0.370909750462, 0.232801824808, 0.147783264518, 0.0803853869438, 0.0327962376177, 0.00393373658881],
        "mean": [0.473610907793, 4.94361162186, 14.6431694031, 10.5275392532, 7.99052667618, 6.72123479843, 5.1686425209, 5.37886857986, 5.26936483383, 6.8772444725, 71.7549819946, 12.1217288971, 4.18515396118, 1.70911252499, 2.00825643539, 1.84051203728, 1.78243219852, 1.545134902, 1.36731243134, 1.31146287918, 1.01506865025, 0.845345139503, 0.881364226341, 1.15041005611, 1.23627150059, 1.20259547234, 1.13678050041, 0.816186308861, 0.669903874397, 0.648619830608, 0.588842689991, 0.486262202263, 0.426370054483, 0.338209331036, 0.246245250106, 0.165907457471, 0.110336437821, 0.0572369396687, 0.0212756991386, 0.00295827770606],
        "median": [0.228546455503, 1.4742808342, 2.20119380951, 3.48298788071, 5.44282627106, 3.8130106926, 3.45058488846, 2.9193046093, 3.31031990051, 6.09187316895, 46.9909820557, 8.08712863922, 3.55358695984, 1.25678062439, 1.45675516129, 1.61572754383, 1.53557276726, 1.37470173836, 1.21394562721, 1.27555012703, 0.961833238602, 0.785214960575, 0.80280983448, 1.13435983658, 1.19258964062, 1.15942835808, 1.06929993629, 0.792565941811, 0.665480494499, 0.640164136887, 0.572570919991, 0.481406986713, 0.42076665163, 0.335136294365, 0.244798004627, 0.166715979576, 0.111596941948, 0.0564266107976, 0.0211598910391, 0.00296179810539],
        "min": [0.00580881582573, 0.0763516351581, 0.193569228053, 0.145018741488, 0.194461300969, 0.371924251318, 0.382772892714, 0.988609731197, 1.00005471706, 1.65238761902, 7.76957273483, 1.69342529774, 0.736639857292, 0.187620073557, 0.302614569664, 0.341521173716, 0.591647684574, 0.529234230518, 0.305902659893, 0.254053086042, 0.37646779418, 0.340474963188, 0.370350301266, 0.430073827505, 0.425431489944, 0.390764206648, 0.564144670963, 0.356796294451, 0.182599931955, 0.197126597166, 0.343158185482, 0.261807978153, 0.177760332823, 0.139312818646, 0.0941303297877, 0.0691429749131, 0.0646227970719, 0.0336135104299, 0.00796544272453, 0.00138618063647],
        "var": [0.871248543262, 198.956802368, 1910.85217285, 701.26763916, 167.009887695, 106.502380371, 50.7311782837, 116.606788635, 61.7530059814, 19.7414569855, 3569.99902344, 102.702003479, 6.36533021927, 2.23309087753, 3.43046855927, 0.933287143707, 0.774405956268, 0.432334303856, 0.37991514802, 0.338101804256, 0.151835545897, 0.0980780497193, 0.105295479298, 0.123331852257, 0.14122018218, 0.104461558163, 0.124363653362, 0.0496279522777, 0.0303363725543, 0.0209586638957, 0.0193879120052, 0.0102537032217, 0.0070372344926, 0.00520389992744, 0.00230475515127, 0.000707595201675, 0.000345681299223, 8.31906800158e-05, 1.15451894089e-05, 1.56658984451e-07]
    },
    "gfcc": {
        "mean": [-4.31299066544, 66.8935470581, -30.9766044617, 9.47581577301, -37.7664604187, -0.659176409245, -14.2805576324, 9.96385860443, -8.23515510559, 5.17461061478, -15.3189439774, -11.9010848999, -16.7343730927],
        "cov": [[165.460083008, 174.491195679, 99.017616272, 47.6510467529, 22.4159069061, 21.0579299927, 19.769487381, 8.1075220108, -3.85912132263, -7.14601039886, -1.98272609711, -6.86185598373, 0.44146463275], [174.491195679, 238.208847046, 141.99256897, 62.9883270264, 24.9509449005, 18.0408115387, 18.4053421021, 5.16207122803, -6.59492492676, -11.1656188965, -3.84477376938, -10.1966142654, -2.25681304932], [99.017616272, 141.99256897, 106.197143555, 58.0354042053, 27.2526111603, 15.0635032654, 11.2661485672, 1.46767675877, -4.57741117477, -4.16007804871, 2.11035490036, -1.6248511076, 2.03505325317], [47.6510467529, 62.9883270264, 58.0354042053, 55.0552597046, 39.909866333, 23.5337867737, 11.8258256912, -0.947088778019, -4.08020591736, 1.79310190678, 10.0802221298, 11.1661539078, 4.43020486832], [22.4159069061, 24.9509449005, 27.2526111603, 39.909866333, 58.9192276001, 43.9801139832, 17.4540596008, 0.467503637075, -4.2350525856, 5.15511798859, 17.3005542755, 21.2221107483, 5.94142389297], [21.0579299927, 18.0408115387, 15.0635032654, 23.5337867737, 43.9801139832, 52.7096366882, 30.6719417572, 7.97627210617, 2.76679348946, 8.52203083038, 18.3534622192, 20.3820781708, 6.14331674576], [19.769487381, 18.4053421021, 11.2661485672, 11.8258256912, 17.4540596008, 30.6719417572, 39.8136253357, 24.069190979, 9.78044033051, 8.04278087616, 7.40126562119, 6.72417736053, 1.23864233494], [8.1075220108, 5.16207122803, 1.46767675877, -0.947088778019, 0.467503637075, 7.97627210617, 24.069190979, 34.0607223511, 21.1180896759, 10.72514534, -1.17670667171, -6.42297363281, -2.3626294136], [-3.85912132263, -6.59492492676, -4.57741117477, -4.08020591736, -4.2350525856, 2.76679348946, 9.78044033051, 21.1180896759, 29.1104259491, 21.0139846802, 4.69144773483, -4.18651580811, -0.764236629009], [-7.14601039886, -11.1656188965, -4.16007804871, 1.79310190678, 5.15511798859, 8.52203083038, 8.04278087616, 10.72514534, 21.0139846802, 32.1184616089, 21.8538169861, 9.8799905777, 7.54054403305], [-1.98272609711, -3.84477376938, 2.11035490036, 10.0802221298, 17.3005542755, 18.3534622192, 7.40126562119, -1.17670667171, 4.69144773483, 21.8538169861, 33.5524291992, 25.0589122772, 12.3853969574], [-6.86185598373, -10.1966142654, -1.6248511076, 11.1661539078, 21.2221107483, 20.3820781708, 6.72417736053, -6.42297363281, -4.18651580811, 9.8799905777, 25.0589122772, 35.0111160278, 18.4415016174], [0.44146463275, -2.25681304932, 2.03505325317, 4.43020486832, 5.94142389297, 6.14331674576, 1.23864233494, -2.3626294136, -0.764236629009, 7.54054403305, 12.3853969574, 18.4415016174, 23.0787029266]],
        "icov": [[0.0315151251853, -0.0301238447428, 0.0189992431551, -0.0157357677817, 0.00888893939555, -0.0125564718619, 0.00597992818803, -0.00848344620317, 0.00748406583443, -0.00226994138211, -0.000384227721952, 0.00851891096681, -0.00795017834753], [-0.0301238447428, 0.0561504140496, -0.0644814893603, 0.0352527834475, -0.0097557650879, 0.00959278829396, -0.0107018556446, 0.0098620261997, -0.00724480161443, 0.00594280660152, -0.000862665008754, -0.00699709774926, 0.0104003325105], [0.0189992431551, -0.0644814893603, 0.120521001518, -0.0872322246432, 0.0261882338673, -0.0137826940045, 0.0155231179669, -0.012603038922, 0.00709305796772, 0.000637521035969, -0.00798991322517, 0.0213375780731, -0.0184834171087], [-0.0157357677817, 0.0352527834475, -0.0872322246432, 0.130953192711, -0.0845888927579, 0.0558088235557, -0.0435936488211, 0.0362769961357, -0.02577849105, 0.00764514086768, -0.00100408517756, -0.0129122650251, 0.00678200414404], [0.00888893939555, -0.0097557650879, 0.0261882338673, -0.0845888927579, 0.133545041084, -0.115898251534, 0.0757830739021, -0.0591589398682, 0.0563120022416, -0.0311097502708, 0.0191239658743, -0.0180444288999, 0.0153367528692], [-0.0125564718619, 0.00959278829396, -0.0137826940045, 0.0558088235557, -0.115898251534, 0.160736128688, -0.117393285036, 0.0790114551783, -0.0700131654739, 0.0437075905502, -0.0325916297734, 0.00239795283414, -0.00790425855666], [0.00597992818803, -0.0107018556446, 0.0155231179669, -0.0435936488211, 0.0757830739021, -0.117393285036, 0.153763577342, -0.119243115187, 0.0731039047241, -0.0391203053296, 0.024490410462, -0.0235489811748, 0.0179948583245], [-0.00848344620317, 0.0098620261997, -0.012603038922, 0.0362769961357, -0.0591589398682, 0.0790114551783, -0.119243115187, 0.156017705798, -0.111164264381, 0.0444476306438, -0.0165630895644, 0.026122905314, -0.0183449462056], [0.00748406583443, -0.00724480161443, 0.00709305796772, -0.02577849105, 0.0563120022416, -0.0700131654739, 0.0731039047241, -0.111164264381, 0.188958138227, -0.135531306267, 0.0600281618536, -0.0131665933877, 0.0211533885449], [-0.00226994138211, 0.00594280660152, 0.000637521035969, 0.00764514086768, -0.0311097502708, 0.0437075905502, -0.0391203053296, 0.0444476306438, -0.135531306267, 0.187968164682, -0.124559745193, 0.0453175753355, -0.0331439524889], [-0.000384227721952, -0.000862665008754, -0.00798991322517, -0.00100408517756, 0.0191239658743, -0.0325916297734, 0.024490410462, -0.0165630895644, 0.0600281618536, -0.124559745193, 0.160801798105, -0.0886787027121, 0.0288126748055], [0.00851891096681, -0.00699709774926, 0.0213375780731, -0.0129122650251, -0.0180444288999, 0.00239795283414, -0.0235489811748, 0.026122905314, -0.0131665933877, 0.0453175753355, -0.0886787027121, 0.138448104262, -0.0705870166421], [-0.00795017834753, 0.0104003325105, -0.0184834171087, 0.00678200414404, 0.0153367528692, -0.00790425855666, 0.0179948583245, -0.0183449462056, 0.0211533885449, -0.0331439524889, 0.0288126748055, -0.0705870166421, 0.0926100090146]]
    },
    "melbands": {
        "dmean": [0.00495592923835, 0.00621831882745, 0.00127869227435, 0.000448248640168, 0.000129106148961, 7.90328122093e-05, 4.47829334007e-05, 3.32520248776e-05, 0.000216673972318, 1.79714152182e-05, 1.16242717922e-05, 4.1911698645e-06, 4.64744425699e-06, 2.98294958156e-06, 2.68308326667e-06, 2.04756202038e-06, 1.52256541242e-06, 1.12852853817e-06, 1.06577397219e-06, 5.95890639943e-07, 4.98868473642e-07, 4.06467904668e-07, 3.5375569496e-07, 3.35132369855e-07, 3.59924314353e-07, 3.84251734431e-07, 3.08310177388e-07, 2.73347239954e-07, 3.0354158298e-07, 1.86452751905e-07, 1.30766622419e-07, 1.33122739499e-07, 1.09259417513e-07, 1.02205284236e-07, 1.06556925061e-07, 7.57031912713e-08, 7.6435448193e-08, 7.32942737613e-08, 7.21000148474e-08, 7.39372225667e-08],
        "dmean2": [0.00886033661664, 0.0109636671841, 0.00220590876415, 0.000754242413677, 0.000235377941863, 0.000125613456476, 7.50535327825e-05, 5.86468231631e-05, 0.000304435787257, 2.55982795352e-05, 2.06656259252e-05, 7.64805554354e-06, 8.20911191113e-06, 5.3334047152e-06, 4.59998955193e-06, 3.62176501767e-06, 2.72516945188e-06, 1.97827739612e-06, 1.89115007743e-06, 1.03368222426e-06, 8.97384609289e-07, 7.14660359336e-07, 6.41843314497e-07, 5.69556846131e-07, 5.64909555578e-07, 6.30163583537e-07, 5.27400402461e-07, 4.85073030632e-07, 5.10483744165e-07, 3.16837031278e-07, 2.17008945924e-07, 2.23316561687e-07, 1.86480235698e-07, 1.79373699893e-07, 1.82432131624e-07, 1.38981476994e-07, 1.29579319719e-07, 1.28603133476e-07, 1.2331567234e-07, 1.285752802e-07],
        "dvar": [0.000129002379254, 0.000295650650514, 9.22442995943e-06, 4.76909463032e-07, 6.78536338228e-08, 2.68787889723e-08, 7.62947927058e-09, 8.82800499369e-10, 4.72032013477e-08, 2.9762176057e-10, 9.17192363725e-11, 4.32163436981e-11, 4.95311812398e-11, 9.205932891e-12, 4.8356206192e-12, 4.63955349833e-12, 1.11612292759e-12, 7.23729453103e-13, 7.28624246441e-13, 2.41810369471e-13, 2.59533659754e-13, 1.29983805837e-13, 8.82522950118e-14, 7.45634091037e-14, 5.36822851254e-14, 1.00393719488e-13, 4.72117462312e-14, 4.45475802785e-14, 6.58301334993e-14, 2.31882130278e-14, 1.71973455035e-14, 1.04295412435e-14, 7.52432241947e-15, 6.81168861347e-15, 5.85874224298e-15, 4.14293809491e-15, 3.67164091624e-15, 3.61469446768e-15, 4.18963798591e-15, 3.45558377546e-15],
        "dvar2": [0.000362374761607, 0.000722834374756, 2.05269952858e-05, 1.26932945932e-06, 2.1281452689e-07, 4.02045365888e-08, 1.65258722262e-08, 2.1031305586e-09, 7.76016264581e-08, 6.52320475414e-10, 2.65313687686e-10, 1.26865573602e-10, 1.44769307653e-10, 2.8270606342e-11, 1.33632575491e-11, 1.38777721953e-11, 4.00978165602e-12, 1.99686469617e-12, 2.04824482028e-12, 6.42501134761e-13, 6.74079553026e-13, 3.39214415021e-13, 2.50965318405e-13, 2.27649740421e-13, 1.80333219603e-13, 3.02109682757e-13, 1.2875274848e-13, 1.32743046156e-13, 1.98917962722e-13, 6.88339562758e-14, 4.89101557107e-14, 2.59772096141e-14, 2.08910800036e-14, 1.92672348345e-14, 1.659253518e-14, 1.16052610908e-14, 1.05997999481e-14, 9.13985226614e-15, 1.0992935044e-14, 9.58378646896e-15],
        "max": [0.0718761906028, 0.119237460196, 0.0255522038788, 0.00662570586428, 0.00215933402069, 0.00165131455287, 0.000790437858086, 0.000309045601171, 0.00196659960784, 0.000129643653054, 5.87682006881e-05, 5.03040428157e-05, 5.05015414092e-05, 1.83133179235e-05, 1.33171379275e-05, 1.36354165079e-05, 6.9576972237e-06, 5.57999555895e-06, 4.80287326354e-06, 4.27260465585e-06, 4.04428692491e-06, 2.68511598733e-06, 1.80015513251e-06, 1.67385735494e-06, 1.79761775598e-06, 2.26343104259e-06, 1.63850222634e-06, 1.66494601217e-06, 2.20312358579e-06, 1.12350187464e-06, 1.13640578547e-06, 7.34179707251e-07, 6.29952864983e-07, 6.67538927246e-07, 5.96742722792e-07, 4.66549039402e-07, 5.5569256574e-07, 4.43503580527e-07, 4.99416671573e-07, 4.49152167903e-07],
        "mean": [0.00497716711834, 0.00751411728561, 0.00182988122106, 0.000576231803279, 0.000183707030374, 0.000125914797536, 7.53380663809e-05, 0.000126895160065, 0.000553544261493, 4.13859161199e-05, 1.89638940356e-05, 6.31633020021e-06, 6.34162870483e-06, 5.57628072784e-06, 4.47243337476e-06, 3.74477008336e-06, 2.74796821031e-06, 2.2155188617e-06, 1.97365307031e-06, 1.44558009652e-06, 1.14078932256e-06, 9.10080757421e-07, 7.25433153548e-07, 7.81491564794e-07, 9.5325805205e-07, 9.53668347847e-07, 8.45805459448e-07, 7.6940807503e-07, 7.28752411305e-07, 5.97599182584e-07, 4.24086977091e-07, 3.84233857176e-07, 3.49227690322e-07, 3.60963497315e-07, 3.41310538943e-07, 3.04351971181e-07, 2.92628783427e-07, 2.94937450462e-07, 2.95430936603e-07, 2.78420628774e-07],
        "median": [0.00194542622194, 0.00149803305976, 0.000669752247632, 0.000375582429115, 0.000116031995276, 7.34009518055e-05, 4.99784582644e-05, 0.000104151251435, 0.000343395309756, 3.17939266097e-05, 1.54781519086e-05, 4.69655151392e-06, 4.37090966443e-06, 5.11491634825e-06, 3.70775887859e-06, 3.46116007677e-06, 2.61048444372e-06, 1.93081541511e-06, 1.71728663645e-06, 1.3995908148e-06, 1.05086292024e-06, 8.39722758883e-07, 6.64873027745e-07, 7.37050925181e-07, 9.33423223159e-07, 9.16600185974e-07, 7.99320105216e-07, 7.49702167013e-07, 6.71677526043e-07, 5.81545691603e-07, 4.08070604863e-07, 3.80477757744e-07, 3.42159864886e-07, 3.51616961325e-07, 3.31049392344e-07, 3.10137636461e-07, 2.90491982469e-07, 2.89767740469e-07, 2.83556744307e-07, 2.76980927083e-07],
        "min": [0.000108724605525, 0.000126638202346, 5.23274502484e-05, 2.07093780773e-05, 1.36235166792e-05, 2.33784685406e-05, 1.39049298014e-05, 2.6428286219e-05, 6.03434273216e-05, 6.52956168778e-06, 3.20520894093e-06, 5.73386387259e-07, 8.87819339823e-07, 1.18013167594e-06, 5.55178587547e-07, 1.14049930744e-06, 7.76436138494e-07, 5.27366751157e-07, 2.56466279325e-07, 4.41244708327e-07, 4.33460314753e-07, 2.58553257027e-07, 2.7220244192e-07, 1.99298526127e-07, 3.27454955595e-07, 2.97938470339e-07, 2.46038950991e-07, 2.59766778754e-07, 2.98672574672e-07, 2.94211929486e-07, 1.37669374567e-07, 8.93937510682e-08, 1.00266845493e-07, 9.30934902499e-08, 1.43684673048e-07, 1.45142138308e-07, 1.3364666529e-07, 1.21123505892e-07, 8.85911006776e-08, 1.17612685813e-07],
        "var": [0.000131188440719, 0.000451619969681, 1.96803066501e-05, 6.32313287952e-07, 8.74128289752e-08, 5.30243582375e-08, 1.32270328024e-08, 6.0261204915e-09, 2.26689223837e-07, 1.06479869366e-09, 1.46776729659e-10, 3.84282813903e-11, 4.15366109563e-11, 1.0911761078e-11, 7.38627475155e-12, 4.32340881845e-12, 1.55030361378e-12, 1.1123647576e-12, 9.82981925024e-13, 3.43582258998e-13, 2.59172105435e-13, 1.5996791836e-13, 9.25851395875e-14, 8.58503196375e-14, 1.16978502622e-13, 1.30692331957e-13, 8.07109641707e-14, 5.55991410138e-14, 8.41623049464e-14, 3.31452869166e-14, 1.83362219587e-14, 1.46413778454e-14, 9.63924595118e-15, 8.65849191254e-15, 9.14116686127e-15, 4.9013281972e-15, 5.7598824866e-15, 4.64318558916e-15, 4.85649940198e-15, 4.73716897686e-15]
    },
    "mfcc": {
        "mean": [-686.267883301, 131.109512329, 49.5656394958, 27.1382369995, 6.51378297806, 2.89755606651, 5.08165597916, 1.60737884045, 7.8410358429, 15.0364675522, 10.4018936157, 5.30251216888, 0.329571962357],
        "cov": [[126.47719574, 115.938667297, 70.4047164917, 35.1259307861, 18.0693283081, 18.0921363831, 23.6492519379, 16.3317546844, 10.5287780762, 8.63269901276, -2.2611014843, -10.5293092728, 9.11757564545], [115.938667297, 171.699905396, 106.817581177, 51.6784210205, 25.264919281, 17.4761943817, 24.0024776459, 17.5570106506, 9.23100185394, 10.8314723969, -7.36985349655, -14.2259187698, 3.58047986031], [70.4047164917, 106.817581177, 89.9117126465, 48.1534347534, 18.5196609497, 11.5004177094, 13.0473070145, 7.49446678162, 4.87219047546, 9.60812187195, -4.10380029678, -8.58836746216, 0.889189898968], [35.1259307861, 51.6784210205, 48.1534347534, 48.4906616211, 25.4217643738, 13.8596735001, 12.4145097733, 5.74775409698, 2.61273384094, 0.763442516327, -2.15278553963, -4.85245370865, 0.169703230262], [18.0693283081, 25.264919281, 18.5196609497, 25.4217643738, 45.7508087158, 33.6946792603, 19.0869235992, 8.8429069519, -4.46944570541, -8.33187675476, -4.11643409729, -1.46304905415, 10.3917703629], [18.0921363831, 17.4761943817, 11.5004177094, 13.8596735001, 33.6946792603, 51.0695991516, 33.3330307007, 16.9171943665, -2.90094017982, -11.4318008423, -3.86621379852, 3.18126940727, 17.5497264862], [23.6492519379, 24.0024776459, 13.0473070145, 12.4145097733, 19.0869235992, 33.3330307007, 44.0980148315, 25.7155056, 5.49878311157, -7.29517459869, -1.40654885769, 3.94085931778, 13.7103223801], [16.3317546844, 17.5570106506, 7.49446678162, 5.74775409698, 8.8429069519, 16.9171943665, 25.7155056, 33.2797241211, 13.9209623337, -0.379842042923, 0.950984299183, 1.93260991573, 5.97288274765], [10.5287780762, 9.23100185394, 4.87219047546, 2.61273384094, -4.46944570541, -2.90094017982, 5.49878311157, 13.9209623337, 25.8591156006, 17.2784671783, 8.27047348022, 3.41055750847, 1.44925701618], [8.63269901276, 10.8314723969, 9.60812187195, 0.763442516327, -8.33187675476, -11.4318008423, -7.29517459869, -0.379842042923, 17.2784671783, 35.9383888245, 18.3290462494, 3.28235912323, -6.23562097549], [-2.2611014843, -7.36985349655, -4.10380029678, -2.15278553963, -4.11643409729, -3.86621379852, -1.40654885769, 0.950984299183, 8.27047348022, 18.3290462494, 29.8785762787, 15.785030365, -1.47530555725], [-10.5293092728, -14.2259187698, -8.58836746216, -4.85245370865, -1.46304905415, 3.18126940727, 3.94085931778, 1.93260991573, 3.41055750847, 3.28235912323, 15.785030365, 25.6682872772, 8.9907617569], [9.11757564545, 3.58047986031, 0.889189898968, 0.169703230262, 10.3917703629, 17.5497264862, 13.7103223801, 5.97288274765, 1.44925701618, -6.23562097549, -1.47530555725, 8.9907617569, 30.1469116211]],
