{
"lowlevel": {
    "average_loudness": 0.974563717842,
    "barkbands_crest": {
        "dmean": 1.37805700302,
        "dmean2": 2.03616690636,
        "dvar": 7.06284332275,
        "dvar2": 15.8641471863,
        "max": 26.8388080597,
        "mean": 21.6940078735,
        "median": 22.5535087585,
        "min": 5.06780385971,
        "var": 26.3743515015
    },
    "barkbands_flatness_db": {
        "dmean": 0.0296022817492,
        "dmean2": 0.040460690856,
        "dvar": 0.00197991891764,
        "dvar2": 0.0038397363387,
        "max": 0.605019688606,
        "mean": 0.44577729702,
        "median": 0.476842820644,
        "min": 0.104045428336,
        "var": 0.0147094763815
    },
    "barkbands_kurtosis": {
        "dmean": 33.1471405029,
        "dmean2": 49.6647949219,
        "dvar": 5575.65332031,
        "dvar2": 12249.1074219,
        "max": 733.02734375,
        "mean": 67.7011489868,
        "median": 39.5339508057,
        "min": 0.030547618866,
        "var": 8226.609375
    },
    "barkbands_skewness": {
        "dmean": 2.08338952065,
        "dmean2": 3.33981394768,
        "dvar": 5.80571174622,
        "dvar2": 12.0763378143,
        "max": 13.4550857544,
        "mean": 2.2921564579,
        "median": 2.49950361252,
        "min": -5.50381612778,
        "var": 16.1781482697
    },
    "barkbands_spread": {
        "dmean": 0.94084328413,
        "dmean2": 1.53683066368,
        "dvar": 8.44299602509,
        "dvar2": 23.3839073181,
        "max": 25.8608360291,
        "mean": 1.87976205349,
        "median": 0.923687517643,
        "min": 0.070504359901,
        "var": 8.84165096283
    },
    "dissonance": {
        "dmean": 0.057077486068,
        "dmean2": 0.0987669676542,
        "dvar": 0.0032215709798,
        "dvar2": 0.00920975860208,
        "max": 0.489518582821,
        "mean": 0.211373642087,
        "median": 0.193315297365,
        "min": 0.0680272728205,
        "var": 0.0112898694351
    },
    "dynamic_complexity": 3.33239483833,
    "erbbands_crest": {
        "dmean": 1.7445306778,
        "dmean2": 2.5508928299,
        "dvar": 10.1933517456,
        "dvar2": 22.7733726501,
        "max": 33.3447265625,
        "mean": 25.4351272583,
        "median": 28.4148235321,
        "min": 3.83390235901,
        "var": 48.7947921753
    },
    "erbbands_flatness_db": {
        "dmean": 0.0264020655304,
        "dmean2": 0.0347937233746,
        "dvar": 0.00171974906698,
        "dvar2": 0.0032213695813,
        "max": 0.569766938686,
        "mean": 0.443803697824,
        "median": 0.490265697241,
        "min": 0.0531111508608,
        "var": 0.0172237213701
    },
    "erbbands_kurtosis": {
        "dmean": 9.06464862823,
        "dmean2": 12.5676546097,
        "dvar": 140.094711304,
        "dvar2": 264.202728271,
        "max": 103.850578308,
        "mean": 27.1345863342,
        "median": 28.1414585114,
        "min": -0.818614244461,
        "var": 535.184204102
    },
    "erbbands_skewness": {
        "dmean": 0.609996795654,
        "dmean2": 0.77309769392,
        "dvar": 0.471516370773,
        "dvar2": 0.801404178143,
        "max": 8.0316028595,
        "mean": 3.02616834641,
        "median": 3.39405369759,
        "min": -1.30187666416,
        "var": 3.38481330872
    },
    "erbbands_spread": {
        "dmean": 1.78089249134,
        "dmean2": 2.94476079941,
        "dvar": 24.9704780579,
        "dvar2": 54.9633560181,
        "max": 79.4558181763,
        "mean": 6.69419240952,
        "median": 1.56110680103,
        "min": 0.312578499317,
        "var": 266.364135742
    },
    "hfc": {
        "dmean": 1.85217308998,
        "dmean2": 2.32222819328,
        "dvar": 7.76588582993,
        "dvar2": 12.7331390381,
        "max": 27.7368049622,
        "mean": 16.2239990234,
        "median": 18.4121189117,
        "min": 0.0104678133503,
        "var": 58.5303840637
    },
    "melbands_crest": {
        "dmean": 1.56999540329,
        "dmean2": 2.44572734833,
        "dvar": 8.14220809937,
        "dvar2": 20.4108314514,
        "max": 30.0806732178,
        "mean": 22.7565250397,
        "median": 22.5876636505,
        "min": 7.24687719345,
        "var": 20.5125427246
    },
    "melbands_flatness_db": {
        "dmean": 0.0304797962308,
        "dmean2": 0.0417872108519,
        "dvar": 0.00221374467947,
        "dvar2": 0.00409622350708,
        "max": 0.699608445168,
        "mean": 0.542544126511,
        "median": 0.564684331417,
        "min": 0.216090649366,
        "var": 0.0140044745058
    },
    "melbands_kurtosis": {
        "dmean": 11.316113472,
        "dmean2": 17.2265529633,
        "dvar": 917.390930176,
        "dvar2": 1746.19995117,
        "max": 353.188842773,
        "mean": 33.2542991638,
        "median": 26.3744373322,
        "min": -0.309435367584,
        "var": 1920.93591309
    },
    "melbands_skewness": {
        "dmean": 1.1299700737,
        "dmean2": 1.86330103874,
        "dvar": 1.47379779816,
        "dvar2": 2.97435545921,
        "max": 10.9633102417,
        "mean": 0.909062683582,
        "median": 0.421428024769,
        "min": -4.13214826584,
        "var": 9.49796295166
    },
    "melbands_spread": {
        "dmean": 0.82683801651,
        "dmean2": 1.21705448627,
        "dvar": 2.5343773365,
        "dvar2": 6.0693154335,
        "max": 14.0023336411,
        "mean": 2.36949086189,
        "median": 1.38177525997,
        "min": 0.335575342178,
        "var": 6.56907844543
    },
    "pitch_salience": {
        "dmean": 0.0527094267309,
        "dmean2": 0.0738421007991,
        "dvar": 0.00804054085165,
        "dvar2": 0.0185715835541,
        "max": 0.766554415226,
        "mean": 0.222914606333,
        "median": 0.173628076911,
        "min": 0.0474959947169,
        "var": 0.024077642709
    },
    "silence_rate_20dB": {
        "dmean": 0,
        "dmean2": 0,
        "dvar": 0,
        "dvar2": 0,
        "max": 1,
        "mean": 1,
        "median": 1,
        "min": 1,
        "var": 0
    },
    "silence_rate_30dB": {
        "dmean": 0,
        "dmean2": 0,
        "dvar": 0,
        "dvar2": 0,
        "max": 1,
        "mean": 1,
        "median": 1,
        "min": 1,
        "var": 0
    },
    "silence_rate_60dB": {
        "dmean": 0.021428572014,
        "dmean2": 0.0431654676795,
        "dvar": 0.0209693983197,
        "dvar2": 0.041302241385,
        "max": 1,
        "mean": 0.0780141875148,
        "median": 0,
        "min": 0,
        "var": 0.0719280838966
    },
    "spectral_centroid": {
        "dmean": 27.9644603729,
        "dmean2": 41.9562530518,
        "dvar": 6783.84960938,
        "dvar2": 14924.5068359,
        "max": 842.596984863,
        "mean": 541.175415039,
        "median": 496.590118408,
        "min": 193.364089966,
        "var": 12023.9960938
    },
    "spectral_complexity": {
        "dmean": 0.778571426868,
        "dmean2": 1.38848924637,
        "dvar": 1.61525273323,
        "dvar2": 4.12245893478,
        "max": 10,
        "mean": 3.14893627167,
        "median": 3,
        "min": 0,
        "var": 3.2047727108
    },
    "spectral_decrease": {
        "dmean": 8.49385672907e-10,
        "dmean2": 1.07270237137e-09,
        "dvar": 1.61842508718e-18,
        "dvar2": 2.31705035541e-18,
        "max": -7.09167577093e-12,
        "mean": -7.77207276315e-09,
        "median": -7.67842589511e-09,
        "min": -1.47986387589e-08,
        "var": 1.61873852659e-17
    },
    "spectral_energy": {
        "dmean": 0.00336523284204,
        "dmean2": 0.00425444636494,
        "dvar": 2.54896112892e-05,
        "dvar2": 3.66990097973e-05,
        "max": 0.0583692528307,
        "mean": 0.0308050364256,
        "median": 0.030414627865,
        "min": 2.77151175396e-05,
        "var": 0.000250911747571
    },
    "spectral_energyband_high": {
        "dmean": 1.33235707835e-05,
        "dmean2": 2.39735709329e-05,
        "dvar": 4.19539736285e-09,
        "dvar2": 1.20741523446e-08,
        "max": 0.000540691718925,
        "mean": 9.82842084341e-06,
        "median": 4.23783575343e-07,
        "min": 7.75776811679e-08,
        "var": 2.51335907642e-09
    },
    "spectral_energyband_low": {
        "dmean": 0.000130968328449,
        "dmean2": 0.000224277653615,
        "dvar": 3.41603367815e-08,
        "dvar2": 9.9312821078e-08,
        "max": 0.0014280823525,
        "mean": 0.000224140865612,
        "median": 0.000126634200569,
        "min": 6.51142181596e-06,
        "var": 6.29522531881e-08
    },
    "spectral_energyband_middle_high": {
        "dmean": 0.000681931502186,
        "dmean2": 0.00078101886902,
        "dvar": 2.18898139792e-06,
        "dvar2": 2.87248803943e-06,
        "max": 0.0215581376106,
        "mean": 0.0021898013074,
        "median": 0.000465851422632,
        "min": 6.0084477127e-07,
        "var": 2.02450719371e-05
    },
    "spectral_energyband_middle_low": {
        "dmean": 0.0033819086384,
        "dmean2": 0.00413995189592,
        "dvar": 2.4718730856e-05,
        "dvar2": 3.47391833202e-05,
        "max": 0.0578157454729,
        "mean": 0.028391411528,
        "median": 0.0278106760234,
        "min": 4.46813692179e-06,
        "var": 0.00027967907954
    },
    "spectral_entropy": {
        "dmean": 0.289069980383,
        "dmean2": 0.400220185518,
        "dvar": 0.241692647338,
        "dvar2": 0.406092762947,
        "max": 7.91189527512,
        "mean": 4.3145070076,
        "median": 3.90966248512,
        "min": 2.91841006279,
        "var": 1.69411540031
    },
    "spectral_flux": {
        "dmean": 0.0144097656012,
        "dmean2": 0.0229238439351,
        "dvar": 0.000675805436913,
        "dvar2": 0.00149153568782,
        "max": 0.165424853563,
        "mean": 0.024947013706,
        "median": 0.015269940719,
        "min": 0.00221544969827,
        "var": 0.000889552175067
    },
    "spectral_kurtosis": {
        "dmean": 16.6653442383,
        "dmean2": 24.5217647552,
        "dvar": 339.80456543,
        "dvar2": 657.014587402,
        "max": 177.647872925,
        "mean": 84.4217681885,
        "median": 93.8576507568,
        "min": 1.66239213943,
        "var": 2152.98266602
    },
    "spectral_rms": {
        "dmean": 0.000361759710358,
        "dmean2": 0.000472769461339,
        "dvar": 4.04965362577e-07,
        "dvar2": 6.01841804837e-07,
        "max": 0.00754623161629,
        "mean": 0.00514683499932,
        "median": 0.00544727547094,
        "min": 0.000164435827173,
        "var": 3.56376745003e-06
    },
    "spectral_rolloff": {
        "dmean": 29.3774414062,
        "dmean2": 53.6006355286,
        "dvar": 11361.4980469,
        "dvar2": 21998.8183594,
        "max": 990.52734375,
        "mean": 552.839050293,
        "median": 495.263671875,
        "min": 107.666015625,
        "var": 38373.5195312
    },
    "spectral_skewness": {
        "dmean": 0.834858119488,
        "dmean2": 1.26406133175,
        "dvar": 0.980536878109,
        "dvar2": 1.86870419979,
        "max": 10.7674417496,
        "mean": 7.08073854446,
        "median": 8.14023399353,
        "min": 1.54798829556,
        "var": 6.46476459503
    },
    "spectral_spread": {
        "dmean": 695693.125,
        "dmean2": 1023284.375,
        "dvar": 4.25568318259e+12,
        "dvar2": 5.31976788378e+12,
        "max": 22894758,
        "mean": 2087196.625,
        "median": 1302469.25,
        "min": 450903.1875,
        "var": 6.89661699686e+12
    },
    "spectral_strongpeak": {
        "dmean": 0.437585234642,
        "dmean2": 0.627003729343,
        "dvar": 0.450446665287,
        "dvar2": 0.9590305686,
        "max": 5.49383163452,
        "mean": 3.0188229084,
        "median": 3.21532845497,
        "min": 0.00437810365111,
        "var": 1.74339127541
    },
    "zerocrossingrate": {
        "dmean": 0.00207868311554,
        "dmean2": 0.00307020009495,
        "dvar": 3.11761941703e-05,
        "dvar2": 6.2041086494e-05,
        "max": 0.06640625,
        "mean": 0.0261455569416,
        "median": 0.02197265625,
        "min": 0.01123046875,
        "var": 6.96909119142e-05
    },
    "barkbands": {
        "dmean": [1.0515715303e-06, 7.86797536421e-05, 5.62700770388e-05, 3.46627602994e-05, 0.00015410168271, 0.000125272505102, 0.00286039710045, 0.000395071692765, 0.000673073984217, 7.59878548706e-06, 0.000662419886794, 9.88375813904e-06, 8.16538522486e-06, 4.09138829127e-06, 1.63165714184e-05, 1.74693980171e-06, 2.97223732559e-06, 8.46869852467e-07, 1.38174357289e-06, 8.12325708921e-07, 1.56863370648e-06, 6.35279320704e-07, 7.38011863177e-07, 8.68796405484e-07, 3.41710074281e-06, 5.47702165932e-06, 6.47637932616e-07],
        "dmean2": [1.61796720022e-06, 0.000128686137032, 9.65193030424e-05, 6.57347554807e-05, 0.000290326424874, 0.000226627627853, 0.00344554544427, 0.000595545221586, 0.000873849436175, 1.3879754988e-05, 0.000743449840229, 1.6688114556e-05, 1.41367945616e-05, 6.64879780743e-06, 2.52232002822e-05, 3.2768523397e-06, 4.479816198e-06, 1.39340659189e-06, 2.28107091971e-06, 1.22759286114e-06, 2.90869661512e-06, 9.87535941022e-07, 1.25940118778e-06, 1.52820985022e-06, 6.43638759357e-06, 1.00546003523e-05, 1.17296974622e-06],
        "dvar": [5.06000623346e-12, 9.70140945356e-09, 7.43192885011e-09, 4.1327222533e-08, 5.38894596502e-07, 3.223247802e-07, 2.25105031859e-05, 6.98330097748e-07, 4.57456735603e-06, 4.50785159201e-10, 2.15693466998e-06, 8.75731542838e-10, 7.70011776563e-10, 1.13251220901e-10, 4.32808056061e-09, 5.53742052212e-11, 6.40726291468e-11, 9.33331537056e-12, 2.05376184809e-11, 6.87097210725e-12, 5.40567764162e-11, 3.54204643047e-12, 5.40097350524e-12, 1.70853556997e-11, 5.16462428379e-10, 8.89865237053e-10, 7.48975881315e-12],
        "dvar2": [7.76778034256e-12, 2.47132057041e-08, 2.2136358524e-08, 1.22501162991e-07, 1.59778960551e-06, 9.14675297281e-07, 2.90771477012e-05, 1.29808427118e-06, 8.76491503732e-06, 1.43699030453e-09, 2.6787108709e-06, 2.10043937798e-09, 2.29033081389e-09, 2.7504734601e-10, 1.01015498188e-08, 1.61018448575e-10, 1.34307884259e-10, 2.5282474031e-11, 4.25591957509e-11, 1.5721916824e-11, 1.45033735022e-10, 8.76457500326e-12, 1.44357312562e-11, 4.9331105173e-11, 1.52015766641e-09, 2.52740117723e-09, 2.12647451731e-11],
        "max": [2.12737941183e-05, 0.00105422106571, 0.00065621372778, 0.00179354241118, 0.0058701178059, 0.00421702023596, 0.0576168000698, 0.00939832255244, 0.0252833086997, 0.000141803335282, 0.0215281117707, 0.000195495420485, 0.000238840308157, 6.59198340145e-05, 0.000688942964189, 6.65151674184e-05, 9.49136956478e-05, 2.38954926317e-05, 3.67592292605e-05, 2.7617204978e-05, 7.18606243026e-05, 1.01213545349e-05, 1.57746399054e-05, 3.42261155311e-05, 0.000197252229555, 0.000250212993706, 1.85675035027e-05],
        "mean": [1.87556724995e-06, 0.000136592090712, 7.66664888943e-05, 2.40566951106e-05, 0.000104922772152, 9.17290672078e-05, 0.0248250868171, 0.0017452792963, 0.00159825047012, 7.07389881427e-06, 0.00211454648525, 1.24557873278e-05, 1.15238626677e-05, 7.22091772332e-06, 2.75802103715e-05, 1.66521624578e-06, 4.7350654313e-06, 1.13194573714e-06, 1.90462071714e-06, 1.23584777612e-06, 1.92566312762e-06, 6.02290640472e-07, 5.86177520745e-07, 5.97409837155e-07, 2.01208831641e-06, 3.40032534041e-06, 4.78395747905e-07],
        "median": [5.55122198875e-07, 8.42959125293e-05, 2.82151613646e-05, 6.15156886852e-06, 1.25838932945e-05, 3.45861917594e-06, 0.0238023325801, 0.000805767660495, 2.43296244662e-06, 6.75158446484e-07, 0.00046401945292, 3.64237735084e-07, 3.94134576709e-06, 3.14751019914e-07, 3.62810760635e-06, 1.66454540818e-07, 3.03400469193e-07, 1.46765316344e-07, 1.66504051435e-07, 1.53494141841e-07, 6.33795664839e-08, 3.32455307728e-08, 3.3979084435e-08, 3.14302184279e-08, 3.37990613275e-08, 3.93484995698e-08, 7.56985940598e-08],
        "min": [1.2883437428e-08, 1.30162561618e-06, 2.21279515245e-06, 1.55907912358e-07, 9.92352397589e-07, 2.29409238273e-07, 9.59896340191e-08, 1.11627116439e-07, 4.98153909234e-08, 2.56236845075e-08, 3.64838363964e-08, 3.64162282551e-08, 4.47360974931e-08, 1.41784708418e-08, 2.47937279596e-08, 2.50578935379e-08, 1.79097821018e-08, 1.65464673074e-08, 1.58068687028e-08, 1.46664582701e-08, 7.5957089507e-09, 4.08561495746e-09, 4.56314941388e-09, 4.14703293927e-09, 4.99519314801e-09, 5.04863795214e-09, 8.37439717571e-09],
        "var": [1.2053577754e-11, 2.6469225034e-08, 1.16486678081e-08, 2.28036487471e-08, 3.04923503336e-07, 2.05895375416e-07, 0.000351894588675, 4.45277783001e-06, 1.88322464965e-05, 3.43117118051e-10, 2.0089228201e-05, 1.2376449865e-09, 5.67675850771e-10, 1.96602734093e-10, 7.57181251032e-09, 4.18045563444e-11, 1.55779264488e-10, 7.29833988383e-12, 2.7719106524e-11, 1.18323684184e-11, 6.92248688927e-11, 3.33359815446e-12, 3.92447489436e-12, 9.8791252956e-12, 2.79410994342e-10, 5.32170085776e-10, 4.4663448287e-12]
    },
    "erbbands": {
        "dmean": [0.00132378388662, 0.021260406822, 0.0685857459903, 0.0771133899689, 0.337067037821, 0.387188434601, 1.35442626476, 0.753868222237, 12.3696269989, 53.7946472168, 15.9343032837, 9.67115116119, 0.380457401276, 9.93812942505, 17.0018920898, 0.74423366785, 0.324071615934, 0.357428848743, 0.15917891264, 1.02550876141, 0.108488321304, 0.182472571731, 0.0464262366295, 0.0418970286846, 0.0705926045775, 0.0531059578061, 0.0915246158838, 0.0206000972539, 0.0225982479751, 0.0229507684708, 0.020141158253, 0.0207186248153, 0.0126293338835, 0.0164464619011, 0.0429822020233, 0.0239709224552, 0.010647431016, 0.00108668010216, 0.000109109932964, 9.09202117327e-06],
        "dmean2": [0.00211880845018, 0.0352490395308, 0.117851339281, 0.14278459549, 0.668421030045, 0.716087460518, 2.46412539482, 1.24464857578, 14.8356103897, 64.9431762695, 20.2669277191, 12.2342271805, 0.451817601919, 12.1528482437, 18.6085357666, 0.921457648277, 0.514988303185, 0.569226026535, 0.250044941902, 1.60478377342, 0.172926664352, 0.265773028135, 0.0769433826208, 0.0677167475224, 0.117466755211, 0.079536229372, 0.169395640492, 0.0339953452349, 0.0350217670202, 0.0380874536932, 0.03430365026, 0.0374305061996, 0.0214244183153, 0.0285921581089, 0.082598619163, 0.0439525060356, 0.0195832382888, 0.0019563913811, 0.000200257112738, 1.50278810906e-05],
        "dvar": [2.42489522861e-06, 0.000777014705818, 0.0092261582613, 0.139485612512, 4.02601528168, 3.25236415863, 38.062171936, 9.76780223846, 399.704711914, 8986.52148438, 1682.81054688, 902.198181152, 0.501379430294, 411.592071533, 1545.36120605, 2.3886423111, 1.06087732315, 1.06384146214, 0.268767148256, 20.0362358093, 0.168005287647, 0.263684034348, 0.023499391973, 0.0164626929909, 0.0641915127635, 0.0334895402193, 0.207369089127, 0.00470504071563, 0.00449578510597, 0.00474068988115, 0.00495608290657, 0.0105797993019, 0.00292122154497, 0.00673266639933, 0.0975012853742, 0.0245133582503, 0.00283715757541, 2.17045326281e-05, 2.71633581406e-07, 1.02465835816e-09],
        "dvar2": [5.97714915784e-06, 0.00202663522214, 0.0271950494498, 0.422286897898, 12.26587677, 9.43079471588, 107.401290894, 27.9620475769, 501.446594238, 10534.2333984, 2770.80664062, 1637.45214844, 0.689659416676, 550.754638672, 1868.74841309, 4.20945310593, 3.06489562988, 3.04260325432, 0.661437749863, 47.4373245239, 0.401078820229, 0.537580907345, 0.062525331974, 0.0393586792052, 0.134649053216, 0.0787590295076, 0.560652673244, 0.0116461301222, 0.0111026922241, 0.0125165078789, 0.0133183328435, 0.0308373123407, 0.00806919485331, 0.0184411816299, 0.288193672895, 0.0693208649755, 0.00810456648469, 6.11252908129e-05, 7.8399858694e-07, 2.97964075635e-09],
        "max": [0.011417184025, 0.297980308533, 0.655586063862, 3.39216637611, 17.1064872742, 14.2948122025, 47.6489562988, 28.2745609283, 353.336364746, 834.833374023, 441.241424561, 379.102783203, 11.473241806, 293.400268555, 575.19140625, 17.7974567413, 8.73831653595, 7.95418024063, 4.45376777649, 47.4966773987, 4.26814031601, 6.23341321945, 1.24157679081, 0.91389554739, 2.1643447876, 1.90153670311, 4.50290155411, 0.475197762251, 0.382401704788, 0.430159389973, 0.474542528391, 0.862772583961, 0.404533684254, 0.697023510933, 2.71072912216, 1.41623139381, 0.35151925683, 0.0351248756051, 0.00414221454412, 0.000292188982712],
        "mean": [0.00245491298847, 0.0354257151484, 0.0997572988272, 0.0739533081651, 0.216724932194, 0.271952837706, 1.0278185606, 2.22348070145, 107.495475769, 460.598266602, 61.8944129944, 25.1603603363, 1.50497829914, 30.4829387665, 55.6098823547, 2.16121983528, 0.570074796677, 0.624937951565, 0.258119344711, 1.6967638731, 0.173968270421, 0.294608354568, 0.0693011209369, 0.0605660043657, 0.103715412319, 0.0834714099765, 0.117777816951, 0.0207939818501, 0.021820390597, 0.0191335957497, 0.0158155877143, 0.0142342383042, 0.00915559474379, 0.0114750862122, 0.0241240169853, 0.0145335197449, 0.00675273407251, 0.00072263967013, 9.21126338653e-05, 3.97655603592e-05],
        "median": [0.00166990375146, 0.0175464190543, 0.0414718016982, 0.0340191759169, 0.0214574802667, 0.0352853536606, 0.117053344846, 1.64182150364, 66.8024215698, 552.274047852, 37.2615013123, 1.56533205509, 0.391616255045, 9.26672363281, 7.77121829987, 0.309161990881, 0.223872706294, 0.136263027787, 0.047157201916, 0.193343028426, 0.0277982316911, 0.0187677126378, 0.010875291191, 0.0104194376618, 0.00812775176018, 0.00715999444947, 0.00345767871477, 0.00162842066493, 0.00131548836362, 0.00107242481317, 0.00091869069729, 0.00071109313285, 0.000521223933902, 0.000346844637534, 0.000274123536656, 0.000146280915942, 8.34434249555e-05, 3.68155851902e-05, 2.74666726909e-05, 3.6844980059e-05],
        "min": [1.87871537491e-05, 0.000810555240605, 0.00239035184495, 0.000866645888891, 0.00182887888514, 0.00141075823922, 0.00275637418963, 0.00296088657342, 0.00164925015997, 0.00138679810334, 0.00213146256283, 0.00103424640838, 0.00109726027586, 0.000894386495929, 0.00152164627798, 0.00281332735904, 0.00218995125033, 0.000856019090861, 0.00139499863144, 0.00320882769302, 0.00157992145978, 0.0010906367097, 0.00131816323847, 0.00105368893128, 0.000873210607097, 0.000637786230072, 0.000442926422693, 0.000260983710177, 0.00015888280177, 0.000132400804432, 0.000117709249025, 0.000107147578092, 8.09484699857e-05, 6.64873296046e-05, 5.48779062228e-05, 3.48505600414e-05, 1.69322884176e-05, 4.4143625928e-06, 6.91535888109e-06, 2.38921847995e-06],
        "var": [6.65307698e-06, 0.00199934048578, 0.0169324539602, 0.0826754868031, 2.09446024895, 1.93648421764, 25.3455486298, 8.47684383392, 10443.3525391, 97847.7421875, 8411.60058594, 4191.81982422, 5.55567884445, 3762.53808594, 14280.7099609, 15.5037984848, 0.965535402298, 1.20948255062, 0.40276196599, 33.9588699341, 0.28161585331, 0.655964970589, 0.0229399763048, 0.0176972933114, 0.0859371721745, 0.0573682226241, 0.268194139004, 0.00431360444054, 0.00420576287434, 0.00367240863852, 0.00351884379052, 0.00593570852652, 0.00189127714839, 0.00441825669259, 0.0519491396844, 0.0146443340927, 0.00172670453321, 1.38251107273e-05, 1.55982519345e-07, 8.18635825794e-10]
    },
    "gfcc": {
        "mean": [-210.192062378, 154.62991333, -87.4431304932, -53.62266922, -66.9906005859, -17.970790863, -6.41487455368, 17.9356861115, 7.51138877869, 13.931687355, 6.72066164017, -2.21864080429, -13.097984314],
        "cov": [[3954.59423828, -362.357879639, -1072.45922852, -367.14163208, -498.940673828, -73.0205459595, -245.605941772, -37.9527397156, -317.408050537, 95.64427948, -173.748245239, 192.612335205, -48.6302757263], [-362.357879639, 1490.81323242, -377.949737549, -953.46661377, -94.0664749146, -221.035614014, 369.314483643, 211.556716919, 383.93371582, -59.2523727417, 238.714706421, -183.340179443, 4.73169088364], [-1072.45922852, -377.949737549, 1362.46484375, 491.806976318, -85.4172592163, 202.12361145, -96.2966995239, -1.04732322693, 17.9811878204, 103.68637085, -23.3114929199, 142.933288574, 41.3605079651], [-367.14163208, -953.46661377, 491.806976318, 941.429138184, 259.985717773, 251.460998535, -209.226760864, -78.0777816772, -212.101333618, -26.4784297943, -195.524871826, 56.7920570374, 0.334849059582], [-498.940673828, -94.0664749146, -85.4172592163, 259.985717773, 536.611938477, 163.784927368, -8.15028953552, 1.99772882462, -61.7492256165, -114.522254944, -172.612045288, -98.1190109253, -6.92068910599], [-73.0205459595, -221.035614014, 202.12361145, 251.460998535, 163.784927368, 330.482940674, 119.85004425, 18.3518714905, -178.08392334, -84.7187347412, -154.613861084, -18.1495513916, -5.38424396515], [-245.605941772, 369.314483643, -96.2966995239, -209.226760864, -8.15028953552, 119.85004425, 412.117675781, 130.129684448, 11.8269062042, -87.4513549805, -19.9413566589, -106.352218628, -28.9521217346], [-37.9527397156, 211.556716919, -1.04732322693, -78.0777816772, 1.99772882462, 18.3518714905, 130.129684448, 159.363861084, 100.743530273, -48.9977416992, -67.0610198975, -62.6125335693, -22.1955871582], [-317.408050537, 383.93371582, 17.9811878204, -212.101333618, -61.7492256165, -178.08392334, 11.8269062042, 100.743530273, 310.120513916, 66.1483078003, 94.4056091309, -27.1564826965, 17.5115718842], [95.64427948, -59.2523727417, 103.68637085, -26.4784297943, -114.522254944, -84.7187347412, -87.4513549805, -48.9977416992, 66.1483078003, 159.591003418, 110.002555847, 95.5784912109, 34.8675537109], [-173.748245239, 238.714706421, -23.3114929199, -195.524871826, -172.612045288, -154.613861084, -19.9413566589, -67.0610198975, 94.4056091309, 110.002555847, 284.959320068, 50.1334114075, 24.8238983154], [192.612335205, -183.340179443, 142.933288574, 56.7920570374, -98.1190109253, -18.1495513916, -106.352218628, -62.6125335693, -27.1564826965, 95.5784912109, 50.1334114075, 130.05229187, 27.7366676331], [-48.6302757263, 4.73169088364, 41.3605079651, 0.334849059582, -6.92068910599, -5.38424396515, -28.9521217346, -22.1955871582, 17.5115718842, 34.8675537109, 24.8238983154, 27.7366676331, 40.4360313416]],
        "icov": [[0.00174479291309, -0.00153783359565, 0.00232807034627, -0.000547030125745, 0.0028656583745, -0.00225771940313, 0.00275030080229, -0.00145407568198, 0.00221218238585, -0.00383623572998, 0.00342173897661, -0.00238490942866, 0.00314764864743], [-0.00153783359565, 0.0084755923599, -0.00308923097327, 0.00661580171436, -0.00500264763832, 0.00194866396487, -0.00321205961518, -0.0036394558847, -0.00412405608222, 0.00827141664922, -0.00881740357727, 0.00501721631736, -0.00800527725369], [0.00232807034627, -0.00308923097327, 0.00469010742381, -0.00238354736939, 0.00489597721025, -0.00469283573329, 0.00394891947508, -0.000951018650085, 0.00166811270174, -0.00573062105104, 0.00526396743953, -0.00466054910794, 0.00508654303849], [-0.000547030125745, 0.00661580171436, -0.00238354736939, 0.00797944143414, -0.00387766282074, -0.000170744373463, -0.000116443050501, -0.00405368022621, -0.00144529773388, 0.00478111952543, -0.00559960957617, 0.00359557336196, -0.00458045536652], [0.0028656583745, -0.00500264763832, 0.00489597721025, -0.00387766282074, 0.00942250899971, -0.006133928895, 0.00544281397015, 0.0016853325069, 0.00207621045411, -0.00723920343444, 0.00882657337934, -0.00245802057907, 0.00628453493118], [-0.00225771940313, 0.00194866396487, -0.00469283573329, -0.000170744373463, -0.006133928895, 0.0146002238616, -0.00755615439266, -0.00107572774868, 0.00368582131341, 0.00517676211894, -0.00288258865476, 0.0020145883318, -0.00892046373338], [0.00275030080229, -0.00321205961518, 0.00394891947508, -0.000116443050501, 0.00544281397015, -0.00755615439266, 0.0109034050256, -0.00613494683057, 0.00478968350217, -0.00716799078509, 0.00384970684536, -0.000373596587451, 0.00600951258093], [-0.00145407568198, -0.0036394558847, -0.000951018650085, -0.00405368022621, 0.0016853325069, -0.00107572774868, -0.00613494683057, 0.0264031141996, -0.0118979029357, 0.00327286520042, 0.0076526873745, -0.000934897863772, 0.00820260681212], [0.00221218238585, -0.00412405608222, 0.00166811270174, -0.00144529773388, 0.00207621045411, 0.00368582131341, 0.00478968350217, -0.0118979029357, 0.0173538736999, -0.0117847714573, 0.00342855043709, 0.0011673187837, -0.00106557144318], [-0.00383623572998, 0.00827141664922, -0.00573062105104, 0.00478111952543, -0.00723920343444, 0.00517676211894, -0.00716799078509, 0.00327286520042, -0.0117847714573, 0.0307000149041, -0.0137708932161, -0.00428189942613, -0.0136224776506], [0.00342173897661, -0.00881740357727, 0.00526396743953, -0.00559960957617, 0.00882657337934, -0.00288258865476, 0.00384970684536, 0.0076526873745, 0.00342855043709, -0.0137708932161, 0.0198725070804, -0.00687584327534, 0.0107990922406], [-0.00238490942866, 0.00501721631736, -0.00466054910794, 0.00359557336196, -0.00245802057907, 0.0020145883318, -0.000373596587451, -0.000934897863772, 0.0011673187837, -0.00428189942613, -0.00687584327534, 0.0280005391687, -0.0114499330521], [0.00314764864743, -0.00800527725369, 0.00508654303849, -0.00458045536652, 0.00628453493118, -0.00892046373338, 0.00600951258093, 0.00820260681212, -0.00106557144318, -0.0136224776506, 0.0107990922406, -0.0114499330521, 0.0464131645858]]
    },
    "melbands": {
        "dmean": [1.68458318512e-05, 3.3693981095e-05, 2.03890595003e-05, 2.66908373305e-05, 3.94689232053e-05, 1.63303611771e-05, 0.000324608874507, 0.000477168185171, 0.000156155889272, 5.14250132255e-05, 8.36846481889e-07, 3.55485281034e-05, 8.81834785105e-05, 1.31157298711e-06, 9.18096247915e-07, 9.39372796438e-07, 5.67890310776e-07, 7.51291366896e-08, 1.33218736664e-06, 7.24780989003e-07, 6.33492689417e-08, 2.56472930005e-07, 2.67464486114e-08, 5.35506323729e-08, 2.54718308668e-08, 8.4461802885e-08, 2.66013646666e-08, 2.96234272668e-08, 7.01319322616e-08, 2.02821315298e-08, 9.0820044818e-09, 1.20522383185e-08, 1.49500323232e-08, 1.23977574873e-08, 1.14717595423e-08, 1.14851026467e-08, 1.36122686456e-08, 9.86542314507e-09, 7.26526883099e-09, 1.22921264278e-08],
        "dmean2": [2.69528500212e-05, 5.74216792302e-05, 3.89696979255e-05, 5.16195432283e-05, 7.14598863851e-05, 2.88107912638e-05, 0.000388904067222, 0.00056960945949, 0.000199528469238, 6.5886437369e-05, 1.51537255988e-06, 4.41054435214e-05, 9.58178861765e-05, 2.27394320973e-06, 1.35674258672e-06, 1.55821635417e-06, 8.98735379451e-07, 1.22683275094e-07, 2.08317646866e-06, 1.14717738597e-06, 9.98241844741e-08, 3.66114392136e-07, 4.4832695778e-08, 8.81276491782e-08, 4.17579606449e-08, 1.44527646739e-07, 4.06536990738e-08, 4.47992647423e-08, 1.29977976826e-07, 3.63352832267e-08, 1.42367788669e-08, 1.8560028181e-08, 2.37161525973e-08, 2.14645314855e-08, 1.9455859146e-08, 2.01894376772e-08, 2.46986751051e-08, 1.71914127378e-08, 1.13535474355e-08, 2.08848707217e-08],
        "dvar": [3.73037933876e-10, 2.00446725884e-09, 1.24008119329e-08, 2.16186659685e-08, 3.1964759728e-08, 6.05056005298e-09, 2.66856176268e-07, 6.92719993367e-07, 2.1434914288e-07, 2.67314739233e-08, 6.87575777564e-12, 5.2146007512e-09, 4.06631066596e-08, 2.02198344873e-11, 6.83343312491e-12, 8.78329440429e-12, 2.61392426801e-12, 7.15191252575e-14, 2.53969970054e-11, 1.18849678363e-11, 3.46610998095e-14, 5.16963750453e-13, 8.18572386117e-15, 4.0762854111e-14, 5.20021393703e-15, 9.59302149978e-14, 5.71580119796e-15, 1.22001967041e-14, 1.34999135351e-13, 6.64434539628e-15, 8.63233828799e-16, 1.2778999728e-15, 2.09396772484e-15, 1.73462691422e-15, 1.69260508031e-15, 2.32238942907e-15, 4.78852797258e-15, 2.11431282096e-15, 1.20454617841e-15, 3.41337082975e-15],
        "dvar2": [9.22935283754e-10, 5.7395324049e-09, 3.76756403853e-08, 6.54421867807e-08, 8.97171403835e-08, 1.72451901648e-08, 3.44120508089e-07, 7.99808105967e-07, 3.52224645894e-07, 5.00848713614e-08, 1.96548680109e-11, 7.07663616595e-09, 4.9393754864e-08, 5.3687498891e-11, 1.4985127722e-11, 2.59142620557e-11, 7.36492897918e-12, 1.33162185163e-13, 6.1232595383e-11, 2.74608599748e-11, 8.30710215785e-14, 1.03753301523e-12, 1.83595848214e-14, 1.15875042309e-13, 1.14730807523e-14, 1.99494514332e-13, 1.28349877588e-14, 2.89687944585e-14, 3.63299342866e-13, 1.81669915521e-14, 1.89132525661e-15, 3.10168133988e-15, 5.27028812573e-15, 4.71893871025e-15, 4.4907721747e-15, 6.61951928411e-15, 1.40028047886e-14, 6.06197932834e-15, 2.79081940121e-15, 9.04804829422e-15],
        "max": [0.000185229117051, 0.000392968329834, 0.000984058249742, 0.00125296378974, 0.00138452078681, 0.000650590925943, 0.0081878323108, 0.00729355914518, 0.00495832087472, 0.00205372530036, 1.85073895409e-05, 0.00104524940252, 0.0029622616712, 3.08453018079e-05, 2.6355330192e-05, 2.51171113632e-05, 1.20080385386e-05, 2.34859521697e-06, 5.04836607433e-05, 3.6946599721e-05, 1.36618029956e-06, 8.80291827343e-06, 6.64826131924e-07, 1.64447499174e-06, 5.09004451033e-07, 2.61462037088e-06, 7.50868423438e-07, 1.19261233067e-06, 3.62987634617e-06, 6.58458077396e-07, 1.75602295371e-07, 2.18622531634e-07, 2.9552066394e-07, 2.57332203546e-07, 2.67784429298e-07, 3.81479225098e-07, 5.82916072744e-07, 3.73575204549e-07, 3.27574724679e-07, 5.04455556438e-07],
        "mean": [3.01263935398e-05, 5.24889001099e-05, 1.72723539436e-05, 1.72172785824e-05, 2.84736943286e-05, 1.24813950606e-05, 0.00281660491601, 0.00405245646834, 0.000410450593336, 0.000126615297631, 8.7726982656e-07, 0.000107551204565, 0.000286102731479, 1.61233197105e-06, 1.32963759825e-06, 1.51153733441e-06, 9.65164076661e-07, 6.59004797399e-08, 2.22906146519e-06, 1.1550483805e-06, 7.28657312266e-08, 4.0464800577e-07, 3.56054705719e-08, 7.10919252356e-08, 3.18685628997e-08, 1.1696429425e-07, 3.96534822755e-08, 4.41049721189e-08, 9.41145614775e-08, 1.94773122075e-08, 8.80019168648e-09, 1.1645157727e-08, 1.36887079449e-08, 9.8111403446e-09, 8.86280293599e-09, 8.60009574666e-09, 9.03054253598e-09, 6.90065649067e-09, 5.74645797613e-09, 8.95937990464e-09],
        "median": [1.83177980944e-05, 2.48770138569e-05, 6.41114047539e-06, 1.53909854816e-06, 5.68538041534e-07, 6.69511564411e-07, 0.00192071509082, 0.00500927586108, 1.00742900031e-05, 3.06280384166e-07, 1.50370411234e-07, 3.44842337654e-05, 4.73581749247e-05, 1.42943363812e-07, 2.88677135529e-08, 4.64611957796e-07, 1.79207674478e-07, 1.09867324127e-08, 2.8178624234e-07, 1.19257634879e-07, 7.78912223609e-09, 2.07750510128e-08, 5.07393327354e-09, 9.12559539046e-09, 6.10631500919e-09, 5.79393066857e-09, 5.46298872806e-09, 3.70054187293e-09, 2.45340592286e-09, 1.32393740415e-09, 7.41889938372e-10, 7.02558899945e-10, 5.5824417311e-10, 5.67483227076e-10, 5.50446466185e-10, 4.4316364467e-10, 3.87283038972e-10, 3.5795955089e-10, 2.84328699474e-10, 2.76718953307e-10],
        "min": [2.76188984571e-07, 1.01700561572e-06, 1.71380207803e-07, 1.96958978904e-07, 5.48815215495e-08, 4.98155685591e-08, 2.52685268265e-08, 1.58490784941e-08, 1.44522322998e-08, 5.53371126699e-09, 5.24528864787e-09, 2.93443846999e-09, 4.38036718009e-09, 4.1804963935e-09, 2.22431539854e-09, 4.69470862186e-09, 9.53849332852e-10, 9.65160618094e-10, 2.73293165876e-09, 3.04204772483e-09, 4.43201003675e-10, 1.14922393823e-09, 8.12439782116e-10, 8.30034707633e-10, 6.94663437883e-10, 5.57219437258e-10, 4.5360232237e-10, 3.16670800693e-10, 2.40658659667e-10, 1.44880787922e-10, 9.98117768991e-11, 7.5562563151e-11, 4.972358289e-11, 7.18043818848e-11, 5.10462019876e-11, 5.01868373248e-11, 5.11688712235e-11, 4.57443423418e-11, 3.99686603259e-11, 3.81846221309e-11],
        "var": [1.00540864523e-09, 4.22096357866e-09, 6.88082790745e-09, 1.14694502784e-08, 2.15575948204e-08, 3.78753917119e-09, 6.11154700891e-06, 7.55116343498e-06, 1.12945713227e-06, 1.1755695084e-07, 5.74856178284e-12, 4.74384123095e-08, 3.79335801881e-07, 1.55042662736e-11, 1.56087243824e-11, 7.50231040486e-12, 3.15892646242e-12, 6.07470887828e-14, 4.21884263635e-11, 2.13718695519e-11, 3.43799289168e-14, 1.29130137572e-12, 7.65312055536e-15, 3.03704815203e-14, 4.9496734497e-15, 1.27841002216e-13, 9.15461350931e-15, 2.06647561882e-14, 1.8546729636e-13, 5.69392953671e-15, 7.78537151519e-16, 1.20289213482e-15, 2.01079014821e-15, 1.17837667199e-15, 1.21695626988e-15, 1.42330577781e-15, 2.66038924458e-15, 1.25993419223e-15, 1.03396666009e-15, 2.41951107383e-15]
    },
    "mfcc": {
        "mean": [-891.481140137, 188.549133301, 25.9712219238, -9.21280860901, -19.3271961212, -20.1776504517, -6.56450653076, 0.837554931641, 6.08796596527, 13.3718290329, 9.60705661774, 18.7757644653, 33.3037109375],
        "cov": [[4292.11181641, 163.076675415, -1160.65234375, -364.912689209, -514.538574219, -271.620697021, -162.321212769, -207.998916626, -341.006591797, -182.737976074, -268.48248291, -173.580978394, 27.735660553], [163.076675415, 868.109069824, -174.5990448, -410.455535889, -312.548706055, -264.522003174, 71.9713439941, 156.706054688, 192.955368042, 193.541915894, 88.7218704224, 91.5207901001, 80.1540298462], [-1160.65234375, -174.5990448, 875.012268066, 209.429168701, 125.06401825, 133.304168701, 8.32499980927, 44.2658576965, 114.959205627, -8.05591011047, 41.2411422729, 28.0744781494, 32.6747016907], [-364.912689209, -410.455535889, 209.429168701, 329.46975708, 240.979125977, 147.899719238, -42.3998718262, -45.7524795532, -44.7820014954, -76.5444488525, -20.4375534058, -30.8866672516, -50.4710502625], [-514.538574219, -312.548706055, 125.06401825, 240.979125977, 410.66394043, 149.101242065, -51.7251625061, 23.6749343872, 15.1481809616, -66.6198196411, 10.8546104431, -52.9783058167, -121.777915955], [-271.620697021, -264.522003174, 133.304168701, 147.899719238, 149.101242065, 234.163589478, 101.577171326, 7.28212499619, 11.8876190186, -47.5291290283, -42.4209213257, -31.7092781067, -61.164894104], [-162.321212769, 71.9713439941, 8.32499980927, -42.3998718262, -51.7251625061, 101.577171326, 261.469696045, 96.2347335815, 41.7386627197, 54.1060409546, -15.9618616104, -21.6381053925, -80.0233001709], [-207.998916626, 156.706054688, 44.2658576965, -45.7524795532, 23.6749343872, 7.28212499619, 96.2347335815, 217.033889771, 232.015548706, 85.8828430176, 40.9668998718, 7.05079317093, -113.63961792], [-341.006591797, 192.955368042, 114.959205627, -44.7820014954, 15.1481809616, 11.8876190186, 41.7386627197, 232.015548706, 394.620635986, 128.125213623, 53.4618225098, 34.878944397, -94.4104766846], [-182.737976074, 193.541915894, -8.05591011047, -76.5444488525, -66.6198196411, -47.5291290283, 54.1060409546, 85.8828430176, 128.125213623, 140.703048706, 41.5207290649, 29.4284362793, 4.59714174271], [-268.48248291, 88.7218704224, 41.2411422729, -20.4375534058, 10.8546104431, -42.4209213257, -15.9618616104, 40.9668998718, 53.4618225098, 41.5207290649, 102.85849762, 64.7109375, 8.97560310364], [-173.580978394, 91.5207901001, 28.0744781494, -30.8866672516, -52.9783058167, -31.7092781067, -21.6381053925, 7.05079317093, 34.878944397, 29.4284362793, 64.7109375, 90.7462615967, 61.1901359558], [27.735660553, 80.1540298462, 32.6747016907, -50.4710502625, -121.777915955, -61.164894104, -80.0233001709, -113.63961792, -94.4104766846, 4.59714174271, 8.97560310364, 61.1901359558, 201.93460083]],
