{
"lowlevel": {
    "average_loudness": 0.558598458767,
    "barkbands_crest": {
        "dmean": 3.49517178535,
        "dmean2": 5.93855857849,
        "dvar": 6.90762472153,
        "dvar2": 16.3333301544,
        "max": 25.1753749847,
        "mean": 17.255317688,
        "median": 17.1650600433,
        "min": 6.91953468323,
        "var": 18.8986148834
    },
    "barkbands_flatness_db": {
        "dmean": 0.0315552428365,
        "dmean2": 0.0521206706762,
        "dvar": 0.000791447353549,
        "dvar2": 0.00188724009786,
        "max": 0.432488173246,
        "mean": 0.24806702137,
        "median": 0.248410642147,
        "min": 0.121708162129,
        "var": 0.00233540707268
    },
    "barkbands_kurtosis": {
        "dmean": 23.1143627167,
        "dmean2": 40.6035614014,
        "dvar": 1200.60473633,
        "dvar2": 3750.41381836,
        "max": 268.93850708,
        "mean": 40.8047904968,
        "median": 16.6983470917,
        "min": -1.18831002712,
        "var": 3134.56982422
    },
    "barkbands_skewness": {
        "dmean": 1.28150331974,
        "dmean2": 2.20011615753,
        "dvar": 1.65508437157,
        "dvar2": 4.78183317184,
        "max": 13.6639919281,
        "mean": 3.52204036713,
        "median": 3.15559720993,
        "min": -5.34919261932,
        "var": 15.4196872711
    },
    "barkbands_spread": {
        "dmean": 2.70059776306,
        "dmean2": 4.61336755753,
        "dvar": 5.74992322922,
        "dvar2": 13.9323816299,
        "max": 17.6945972443,
        "mean": 7.19926118851,
        "median": 6.05145645142,
        "min": 0.733536183834,
        "var": 22.1601867676
    },
    "dissonance": {
        "dmean": 0.0491944886744,
        "dmean2": 0.0834752991796,
        "dvar": 0.00328321382403,
        "dvar2": 0.00931292027235,
        "max": 0.498583227396,
        "mean": 0.422110110521,
        "median": 0.448866814375,
        "min": 0.149292826653,
        "var": 0.00557866040617
    },
    "dynamic_complexity": 6.11738491058,
    "erbbands_crest": {
        "dmean": 1.73365986347,
        "dmean2": 2.94548773766,
        "dvar": 3.29536294937,
        "dvar2": 8.51922225952,
        "max": 26.8984546661,
        "mean": 13.8184404373,
        "median": 13.0641431808,
        "min": 3.413377285,
        "var": 45.896232605
    },
    "erbbands_flatness_db": {
        "dmean": 0.0126632880419,
        "dmean2": 0.0197036378086,
        "dvar": 0.000351864349796,
        "dvar2": 0.000658530974761,
        "max": 0.480179011822,
        "mean": 0.179975375533,
        "median": 0.143675044179,
        "min": 0.0715217813849,
        "var": 0.00913537759334
    },
    "erbbands_kurtosis": {
        "dmean": 2.33043694496,
        "dmean2": 3.68428349495,
        "dvar": 14.3718233109,
        "dvar2": 31.5229873657,
        "max": 48.3147506714,
        "mean": 5.4121928215,
        "median": 1.68661260605,
        "min": -0.634651422501,
        "var": 67.0595321655
    },
    "erbbands_skewness": {
        "dmean": 0.472789466381,
        "dmean2": 0.839911282063,
        "dvar": 0.394277602434,
        "dvar2": 1.29115641117,
        "max": 2.39794158936,
        "mean": 0.405523777008,
        "median": 0.349786818027,
        "min": -1.54834401608,
        "var": 0.617208003998
    },
    "erbbands_spread": {
        "dmean": 4.07152938843,
        "dmean2": 6.67175102234,
        "dvar": 16.11510849,
        "dvar2": 52.3405647278,
        "max": 60.7192840576,
        "mean": 26.0871219635,
        "median": 28.4848098755,
        "min": 0.686402022839,
        "var": 291.467132568
    },
    "hfc": {
        "dmean": 8.58086872101,
        "dmean2": 9.46614742279,
        "dvar": 2548.01367188,
        "dvar2": 4675.38671875,
        "max": 856.17956543,
        "mean": 15.646232605,
        "median": 1.48895764351,
        "min": 0.0227608494461,
        "var": 6015.83496094
    },
    "melbands_crest": {
        "dmean": 3.56502079964,
        "dmean2": 6.11391687393,
        "dvar": 8.54564285278,
        "dvar2": 23.5382823944,
        "max": 30.9584331512,
        "mean": 19.110742569,
        "median": 19.4702644348,
        "min": 8.19243812561,
        "var": 26.6237564087
    },
    "melbands_flatness_db": {
        "dmean": 0.0354325771332,
        "dmean2": 0.0597321242094,
        "dvar": 0.00085808429867,
        "dvar2": 0.00198659673333,
        "max": 0.519606292248,
        "mean": 0.371248275042,
        "median": 0.36614587903,
        "min": 0.245584994555,
        "var": 0.00219063414261
    },
    "melbands_kurtosis": {
        "dmean": 18.8192520142,
        "dmean2": 32.3030090332,
        "dvar": 550.175231934,
        "dvar2": 1641.97241211,
        "max": 191.976745605,
        "mean": 40.0812988281,
        "median": 19.4540157318,
        "min": -1.6244982481,
        "var": 2266.13378906
    },
    "melbands_skewness": {
        "dmean": 1.11079132557,
        "dmean2": 1.8910574913,
        "dvar": 0.77268999815,
        "dvar2": 2.21510267258,
        "max": 9.60944747925,
        "mean": 3.51526021957,
        "median": 3.77869820595,
        "min": -3.74274635315,
        "var": 10.0614967346
    },
    "melbands_spread": {
        "dmean": 2.61361789703,
        "dmean2": 4.38303899765,
        "dvar": 7.5228099823,
        "dvar2": 19.6433467865,
        "max": 25.1143512726,
        "mean": 8.40094470978,
        "median": 5.57375669479,
        "min": 0.625550031662,
        "var": 55.9422645569
    },
    "pitch_salience": {
        "dmean": 0.0970659777522,
        "dmean2": 0.165555357933,
        "dvar": 0.00469002546743,
        "dvar2": 0.0128584066406,
        "max": 0.752546072006,
        "mean": 0.356521487236,
        "median": 0.358003467321,
        "min": 0.122015871108,
        "var": 0.0118625704199
    },
    "silence_rate_20dB": {
        "dmean": 0.00555555569008,
        "dmean2": 0.0111731840298,
        "dvar": 0.00552470237017,
        "dvar2": 0.0110483160242,
        "max": 1,
        "mean": 0.983425438404,
        "median": 1,
        "min": 0,
        "var": 0.0162998121232
    },
    "silence_rate_30dB": {
        "dmean": 0.00555555569008,
        "dmean2": 0.0111731840298,
        "dvar": 0.00552470190451,
        "dvar2": 0.0110483160242,
        "max": 1,
        "mean": 0.977900564671,
        "median": 1,
        "min": 0,
        "var": 0.0216109603643
    },
    "silence_rate_60dB": {
        "dmean": 0.0388888902962,
        "dmean2": 0.0726256966591,
        "dvar": 0.0373765639961,
        "dvar2": 0.0785244479775,
        "max": 1,
        "mean": 0.0331491716206,
        "median": 0,
        "min": 0,
        "var": 0.032050255686
    },
    "spectral_centroid": {
        "dmean": 84.3712310791,
        "dmean2": 143.033111572,
        "dvar": 5013.65332031,
        "dvar2": 14966.6533203,
        "max": 859.681091309,
        "mean": 533.51574707,
        "median": 537.239196777,
        "min": 186.008773804,
        "var": 39863.8632812
    },
    "spectral_complexity": {
        "dmean": 0.888888895512,
        "dmean2": 1.54189944267,
        "dvar": 0.654320299625,
        "dvar2": 1.56668007374,
        "max": 16,
        "mean": 4.51933717728,
        "median": 4,
        "min": 0,
        "var": 4.536921978
    },
    "spectral_decrease": {
        "dmean": 3.41385275604e-09,
        "dmean2": 4.29192859031e-09,
        "dvar": 2.26819753165e-16,
        "dvar2": 4.12551155669e-16,
        "max": -3.03912173205e-11,
        "mean": -6.25272722488e-09,
        "median": -2.13782902492e-09,
        "min": -2.60580321765e-07,
        "var": 5.57328991629e-16
    },
    "spectral_energy": {
        "dmean": 0.0136568602175,
        "dmean2": 0.0170464254916,
        "dvar": 0.00377143849619,
        "dvar2": 0.0068629598245,
        "max": 1.06114161015,
        "mean": 0.0250183492899,
        "median": 0.00815850868821,
        "min": 0.000116768162115,
        "var": 0.00924048572779
    },
    "spectral_energyband_high": {
        "dmean": 2.18869672608e-06,
        "dmean2": 2.84981251752e-06,
        "dvar": 8.31245697275e-11,
        "dvar2": 4.99903382578e-11,
        "max": 0.000155564106535,
        "mean": 1.4811876099e-05,
        "median": 1.38063815029e-05,
        "min": 3.43638276945e-07,
        "var": 1.18798873516e-10
    },
    "spectral_energyband_low": {
        "dmean": 0.00355360843241,
        "dmean2": 0.00617996277288,
        "dvar": 1.16161190817e-05,
        "dvar2": 3.34849319188e-05,
        "max": 0.0256021507084,
        "mean": 0.00565269310027,
        "median": 0.0042998092249,
        "min": 7.66083030612e-05,
        "var": 2.0930536266e-05
    },
    "spectral_energyband_middle_high": {
        "dmean": 0.00994205940515,
        "dmean2": 0.0111345248297,
        "dvar": 0.00371692911722,
        "dvar2": 0.00706693762913,
        "max": 0.976978123188,
        "mean": 0.0158496983349,
        "median": 0.000514463114087,
        "min": 1.3343591263e-06,
        "var": 0.00743792112917
    },
    "spectral_energyband_middle_low": {
        "dmean": 0.00179727934301,
        "dmean2": 0.00243063783273,
        "dvar": 4.89608646603e-05,
        "dvar2": 6.52984963381e-05,
        "max": 0.177277952433,
        "mean": 0.00487580802292,
        "median": 0.00077572662849,
        "min": 4.87044708279e-05,
        "var": 0.00037484295899
    },
    "spectral_entropy": {
        "dmean": 0.191487506032,
        "dmean2": 0.311894208193,
        "dvar": 0.0308263041079,
        "dvar2": 0.0748346969485,
        "max": 7.80418395996,
        "mean": 6.7547621727,
        "median": 6.96461439133,
        "min": 4.80513191223,
        "var": 0.382223635912
    },
    "spectral_flux": {
        "dmean": 0.019948316738,
        "dmean2": 0.032555885613,
        "dvar": 0.000818966305815,
        "dvar2": 0.00147959438618,
        "max": 0.730534017086,
        "mean": 0.0589748620987,
        "median": 0.0421728082001,
        "min": 0.0140171274543,
        "var": 0.00577398296446
    },
    "spectral_kurtosis": {
        "dmean": 3.07060146332,
        "dmean2": 4.3287396431,
        "dvar": 86.5218658447,
        "dvar2": 134.837524414,
        "max": 157.81060791,
        "mean": 15.3484449387,
        "median": 10.2588119507,
        "min": 5.88586139679,
        "var": 267.029144287
    },
    "spectral_rms": {
        "dmean": 0.00090816320153,
        "dmean2": 0.00132270704489,
        "dvar": 1.82544079053e-06,
        "dvar2": 3.08416679218e-06,
        "max": 0.0321754589677,
        "mean": 0.00359215494245,
        "median": 0.00282126222737,
        "min": 0.000337520614266,
        "var": 1.15045540952e-05
    },
    "spectral_rolloff": {
        "dmean": 78.2373046875,
        "dmean2": 142.552215576,
        "dvar": 25099.9804688,
        "dvar2": 70635.0546875,
        "max": 839.794921875,
        "mean": 429.236541748,
        "median": 215.33203125,
        "min": 64.599609375,
        "var": 114846.882812
    },
    "spectral_skewness": {
        "dmean": 0.244662553072,
        "dmean2": 0.378350883722,
        "dvar": 0.189849197865,
        "dvar2": 0.289392530918,
        "max": 10.0798664093,
        "mean": 3.11177515984,
        "median": 2.74723553658,
        "min": 1.90758693218,
        "var": 1.1635248661
    },
    "spectral_spread": {
        "dmean": 390209.34375,
        "dmean2": 614980.625,
        "dvar": 720971759616,
        "dvar2": 669040574464,
        "max": 17825024,
        "mean": 4753954.5,
        "median": 5129716.5,
        "min": 757590,
        "var": 2.43299516416e+12
    },
    "spectral_strongpeak": {
        "dmean": 0.549636602402,
        "dmean2": 0.61351776123,
        "dvar": 4.76643419266,
        "dvar2": 6.79780673981,
        "max": 31.209236145,
        "mean": 1.45310556889,
        "median": 0.200333207846,
        "min": 0,
        "var": 11.0129041672
    },
    "zerocrossingrate": {
        "dmean": 0.00612521683797,
        "dmean2": 0.00887635257095,
        "dvar": 4.17426417698e-05,
        "dvar2": 7.23144694348e-05,
        "max": 0.06396484375,
        "mean": 0.030311204493,
        "median": 0.033203125,
        "min": 0.00146484375,
        "var": 0.000123354504467
    },
    "barkbands": {
        "dmean": [0.000111525368993, 0.00300539960153, 0.000872236327268, 0.000187389159692, 0.000749783939682, 0.000107141087938, 3.77331743948e-05, 8.31867655506e-05, 0.000927379820496, 0.00982862152159, 6.63076789351e-05, 2.39252676693e-05, 2.03299878194e-05, 3.50870277543e-06, 1.72043110069e-05, 1.69748238932e-06, 1.2276666439e-06, 9.15022894787e-07, 9.54222514338e-07, 7.65215702359e-07, 5.83778273722e-07, 3.38608629136e-07, 3.19774102309e-07, 2.98490931527e-07, 2.87347717176e-07, 4.83868177525e-07, 8.85422991814e-07],
        "dmean2": [0.000185682496522, 0.00520031433553, 0.00155786774121, 0.000330733746523, 0.00136835908052, 0.000193805171875, 5.95720375713e-05, 9.38708762988e-05, 0.00102852331474, 0.0110528292134, 7.33067645342e-05, 2.86635731754e-05, 3.13721611747e-05, 4.85731561639e-06, 2.45209030254e-05, 2.24772861657e-06, 1.71962199147e-06, 1.13725832307e-06, 1.25721794575e-06, 1.00743409348e-06, 7.623300462e-07, 4.56233607338e-07, 4.66702346102e-07, 4.57344555116e-07, 4.31487734431e-07, 7.52557014039e-07, 1.45336366586e-06],
        "dvar": [1.76601719915e-08, 9.72316865955e-06, 9.53527433012e-07, 3.87864638185e-08, 3.18685556522e-06, 1.62925431368e-07, 1.06928093047e-08, 1.37827640856e-07, 2.06376844289e-05, 0.00360058341175, 5.75090098209e-07, 5.09197626286e-08, 8.74279137975e-09, 2.03798991572e-10, 1.52198675885e-09, 3.70657046722e-11, 2.74771559672e-11, 2.68695586614e-11, 2.23424855006e-11, 8.00459611788e-12, 5.22562592156e-12, 1.39214616397e-12, 1.03667844708e-12, 9.49741804299e-13, 5.02035696001e-13, 6.27561804606e-13, 1.01991635623e-12],
        "dvar2": [4.37678266962e-08, 2.80735839624e-05, 2.7265218705e-06, 1.10771217976e-07, 1.17874224088e-05, 5.47018601083e-07, 1.96267126995e-08, 1.67540321172e-07, 2.8717713576e-05, 0.00684617599472, 5.68160203329e-07, 4.99768155748e-08, 1.78703025711e-08, 1.22486923382e-10, 2.84998069588e-09, 2.08064017404e-11, 2.50909640287e-11, 1.50870496651e-11, 1.5551395241e-11, 3.7018235699e-12, 2.39846272183e-12, 7.43222269752e-13, 9.09134746652e-13, 8.85631899847e-13, 4.37211492054e-13, 8.14718572554e-13, 1.68050068219e-12],
        "max": [0.000865719863214, 0.0226542763412, 0.00797011330724, 0.00293792365119, 0.0142895560712, 0.00420186761767, 0.00198291521519, 0.00811225734651, 0.0672903805971, 0.976088583469, 0.0103488778695, 0.00312989158556, 0.00122137810104, 0.000254479673458, 0.000784118485171, 0.00010720071441, 8.25488459668e-05, 8.6936110165e-05, 7.76790766395e-05, 5.21228212165e-05, 4.12136178056e-05, 2.05808191822e-05, 1.53982891788e-05, 1.42497456181e-05, 1.10464434329e-05, 1.10526962089e-05, 1.11942708827e-05],
        "mean": [0.000115808448754, 0.00439947005361, 0.00102514366154, 0.000297288992442, 0.0011666273931, 0.000120954835438, 5.88893235545e-05, 0.000162564901984, 0.00153425603639, 0.0158484186977, 7.36410729587e-05, 2.98595550703e-05, 4.33515633631e-05, 6.21689196123e-06, 0.000107732732431, 3.64402285413e-06, 2.11815881812e-06, 1.69650525095e-06, 1.98198245016e-06, 1.7303578943e-06, 1.48103754327e-06, 1.08366793938e-06, 1.10291648525e-06, 1.15449608984e-06, 1.36456480959e-06, 2.21958748625e-06, 6.200151347e-06],
        "median": [6.06068206253e-05, 0.0030997316353, 0.000695215596352, 0.000131553606479, 0.000406613806263, 6.14212112851e-05, 2.43756985583e-05, 1.72126710822e-05, 1.39056955959e-05, 0.000430216750829, 1.08728318082e-05, 9.49263812799e-06, 5.70872180106e-06, 3.62226364814e-06, 3.95000097342e-05, 2.29000784202e-06, 1.1809102034e-06, 9.66442485151e-07, 1.30975354296e-06, 1.2251653061e-06, 1.12878456093e-06, 8.86068960426e-07, 9.26955863179e-07, 1.05345043266e-06, 1.27639816583e-06, 2.18934360419e-06, 6.36855429548e-06],
        "min": [6.79656466218e-07, 2.61443128693e-05, 8.3767945398e-06, 4.97726932736e-06, 1.87517507584e-05, 1.22300741623e-06, 4.83900862491e-07, 1.20386246749e-07, 4.95092706387e-07, 1.17579872949e-07, 5.69557471408e-07, 4.82273492253e-07, 5.91582463016e-08, 2.12954667234e-08, 4.39214851156e-08, 9.67771640603e-09, 1.76619430192e-08, 7.33282812249e-09, 4.57201920767e-08, 1.69291585195e-08, 3.74743081011e-08, 1.03335988655e-08, 1.1360633323e-08, 3.03621234821e-08, 1.53116346269e-08, 4.82008850611e-08, 2.12866552829e-07],
        "var": [2.17697699867e-08, 1.65820438269e-05, 1.11273288894e-06, 2.34862085335e-07, 5.62607010579e-06, 1.21093407301e-07, 3.80370543951e-08, 6.68352299726e-07, 6.11542272964e-05, 0.00751757761464, 5.86930013924e-07, 5.35508206667e-08, 3.11344372506e-08, 3.75506709061e-10, 2.62582346977e-08, 6.75819192275e-11, 4.1259325817e-11, 4.29329558016e-11, 3.36844753479e-11, 1.60790773057e-11, 9.66444892864e-12, 2.34380115142e-12, 1.38905889829e-12, 1.02329592282e-12, 6.00678632268e-13, 6.63013209872e-13, 1.52525810992e-12]
    },
    "erbbands": {
        "dmean": [0.100775822997, 0.653557777405, 1.15172386169, 0.655619561672, 2.38011717796, 2.00962638855, 1.00518894196, 0.643611967564, 0.40217345953, 0.754220247269, 5.32266664505, 26.4823131561, 230.232147217, 120.631225586, 3.00491738319, 1.14932239056, 0.936803162098, 0.187198504806, 0.181054458022, 1.16744732857, 0.105713263154, 0.0579320006073, 0.0499629080296, 0.0494838654995, 0.0411150529981, 0.0399720929563, 0.0286351777613, 0.0197643339634, 0.0132194571197, 0.0124517437071, 0.00872267410159, 0.00666944496334, 0.00541351549327, 0.00351400999352, 0.00251922546886, 0.00169423606712, 0.00117450568359, 0.000398607226089, 0.00016146946291, 2.6904475817e-05],
        "dmean2": [0.170888870955, 1.13716471195, 2.02108740807, 1.1431375742, 4.4124622345, 3.60393309593, 1.73306083679, 1.18145906925, 0.518926262856, 1.08722007275, 6.25640916824, 30.9991264343, 253.751052856, 139.417602539, 3.05944728851, 1.22645306587, 1.4117436409, 0.264323979616, 0.232634246349, 1.6255992651, 0.135745510459, 0.0753355100751, 0.0610500201583, 0.0643204823136, 0.0526282228529, 0.0517974346876, 0.0369940325618, 0.026901287958, 0.0178315863013, 0.0183319393545, 0.0131880640984, 0.0102561563253, 0.00844291504472, 0.00537114590406, 0.00395457725972, 0.00261670490727, 0.00192324491218, 0.000636991113424, 0.000270782707958, 3.81537429348e-05],
        "dvar": [0.0135655067861, 0.444774210453, 1.13694763184, 0.491181701422, 37.8022956848, 13.9416446686, 8.9903793335, 6.87690973282, 1.20896661282, 9.03074169159, 772.087341309, 19687.4804688, 1826907.25, 572231.625, 313.712432861, 72.0610046387, 17.1169223785, 0.58158826828, 0.387723714113, 8.23758125305, 0.0524889528751, 0.0807097181678, 0.0790760815144, 0.0732796192169, 0.037451390177, 0.0279006101191, 0.00979227479547, 0.00542209343985, 0.00195356481709, 0.00139038229827, 0.000771112157963, 0.000457980349893, 0.000234359831666, 6.9521862315e-05, 2.56983312283e-05, 9.38468656386e-06, 2.53677740147e-06, 3.32566060024e-07, 2.23294112089e-08, 4.26166257839e-09],
        "dvar2": [0.0425144359469, 1.20851755142, 3.40937852859, 1.25694680214, 135.299697876, 52.5502510071, 29.8402767181, 22.636259079, 0.497306197882, 10.0309553146, 951.68560791, 25149.1152344, 3316378.75, 1140908.125, 235.1277771, 56.3195762634, 34.106678009, 0.448308885098, 0.166455462575, 14.953537941, 0.0404981411994, 0.0529795959592, 0.0427596643567, 0.0514104776084, 0.020550398156, 0.0137790311128, 0.00452205725014, 0.00253524817526, 0.000964833481703, 0.00111371825915, 0.000690614222549, 0.000433365115896, 0.000217232576688, 6.34484822513e-05, 2.52959689533e-05, 1.13495079859e-05, 3.93410891775e-06, 4.57235813656e-07, 4.67540388627e-08, 7.69014452118e-09],
        "max": [0.644385576248, 5.23194074631, 7.31362819672, 6.24840354919, 55.7795257568, 25.2362670898, 31.1497344971, 28.8032302856, 25.5808811188, 76.4789276123, 459.723937988, 1996.42785645, 23372.2167969, 12120.0117188, 407.28414917, 145.965255737, 60.5950431824, 14.3524312973, 14.6515388489, 51.2747192383, 6.35549163818, 4.80724334717, 4.77242565155, 4.40698051453, 3.32510995865, 2.98712158203, 1.82705056667, 1.32693660259, 0.790769398212, 0.581081092358, 0.415400594473, 0.310934334993, 0.226158350706, 0.128797873855, 0.0787965208292, 0.0443117842078, 0.0207106452435, 0.00726432912052, 0.00185165146831, 0.00126410310622],
        "mean": [0.127484068274, 0.96256840229, 1.46554231644, 0.997442424297, 3.81502842903, 2.95668530464, 1.31461453438, 0.758695006371, 0.709343910217, 1.71470093727, 11.5546560287, 45.2014541626, 393.918151855, 194.595672607, 7.44032382965, 1.82897126675, 2.04235386848, 0.387090027332, 0.759985506535, 7.05806207657, 0.593292474747, 0.130519494414, 0.0974704474211, 0.101147994399, 0.0891894102097, 0.0872812494636, 0.0689584165812, 0.0495015121996, 0.0388605520129, 0.0385469943285, 0.0295101609081, 0.0234444737434, 0.0194796137512, 0.0142820104957, 0.0104488600045, 0.00704899523407, 0.00444893166423, 0.00210859370418, 0.000787461642176, 0.000136256581754],
        "median": [0.0756265744567, 0.75954502821, 1.14075148106, 0.656822860241, 1.07683396339, 1.44218099117, 0.788412332535, 0.356225341558, 0.355901539326, 0.365414500237, 0.353145003319, 0.564363062382, 10.2183475494, 5.81637763977, 0.685837090015, 0.39038670063, 0.281103461981, 0.200117990375, 0.400423854589, 2.55636954308, 0.339743256569, 0.076909378171, 0.0556628890336, 0.0659132823348, 0.0617549046874, 0.0616675429046, 0.0513721331954, 0.0389165133238, 0.0321467071772, 0.0300687160343, 0.0261457134038, 0.0213192291558, 0.0175795126706, 0.0134934764355, 0.0097208051011, 0.00668909214437, 0.00441713770851, 0.00212736008689, 0.000791630474851, 0.000121603392472],
        "min": [0.000752081919927, 0.00615973770618, 0.0237568374723, 0.0650155395269, 0.0886241868138, 0.0515941567719, 0.012975640595, 0.0129331192002, 0.0114966463298, 0.00240012537688, 0.00298012257554, 0.0113616557792, 0.00843788590282, 0.00817706342787, 0.0246942602098, 0.019372349605, 0.00399716105312, 0.00103487994056, 0.00304865743965, 0.000763218966313, 0.000765862932894, 0.000806426280178, 0.000556394748855, 0.00172660010867, 0.00152942305431, 0.000883713772055, 0.00217174994759, 0.000539885368198, 0.000286429771222, 0.000486837670906, 0.000320041872328, 0.000836230872665, 0.000288138457108, 0.000176656525582, 0.000143831464811, 0.000151296379045, 6.92856847309e-05, 5.51089760847e-05, 2.84762681986e-05, 3.77276023755e-06],
        "var": [0.019983228296, 0.753269672394, 1.54501819611, 0.995363533497, 87.0059585571, 19.7034778595, 7.62429666519, 5.57166099548, 4.78452253342, 55.1975746155, 3056.20727539, 53674.0039062, 4588566, 1133729.875, 1671.49084473, 125.138755798, 68.0741729736, 1.27245378494, 1.92362141609, 114.088272095, 0.683924853802, 0.133907914162, 0.129975944757, 0.108115330338, 0.0618636235595, 0.05143648386, 0.0196521431208, 0.00997066870332, 0.00349272950552, 0.0022596407216, 0.000919097510632, 0.000491587910801, 0.000261868757661, 8.33807716845e-05, 3.19786449836e-05, 1.01973719211e-05, 2.82709174826e-06, 3.65784700307e-07, 3.40655468278e-08, 1.14185452205e-08]
    },
    "gfcc": {
        "mean": [-118.975448608, 109.434822083, -47.9784393311, -2.14274907112, -21.8743209839, 20.5865688324, -8.88275527954, 6.29549121857, -14.6421279907, -10.1346178055, -27.6217308044, -2.31861996651, 8.34472179413],
        "cov": [[1124.0682373, 417.037902832, -479.959472656, -518.440551758, -227.141845703, 19.9597167969, 70.9036026001, 63.3366851807, -3.47157120705, -216.973571777, -286.171386719, -108.121841431, 154.547943115], [417.037902832, 320.832214355, -193.821563721, -299.907989502, -119.794456482, 11.9985351562, 45.1500053406, 23.7407398224, -16.8169155121, -122.652839661, -146.076293945, -81.902015686, 66.7232208252], [-479.959472656, -193.821563721, 358.497467041, 375.442504883, 163.466033936, 0.599032580853, -31.3676166534, -26.6628170013, 20.1110248566, 171.365249634, 214.717254639, 67.9633102417, -127.319328308], [-518.440551758, -299.907989502, 375.442504883, 493.473083496, 200.551651001, -16.0475673676, -51.6600151062, -36.2474784851, 34.5170783997, 215.71685791, 268.099060059, 102.060241699, -152.629562378], [-227.141845703, -119.794456482, 163.466033936, 200.551651001, 107.986946106, 17.7623271942, -13.2016944885, -7.24340057373, 18.7138690948, 82.1237716675, 92.9411697388, 42.1363143921, -45.324382782], [19.9597167969, 11.9985351562, 0.599032580853, -16.0475673676, 17.7623271942, 47.2632102966, 26.9367733002, 15.8937206268, 1.5630440712, -17.6308193207, -28.4787864685, 0.106136828661, 33.7091674805], [70.9036026001, 45.1500053406, -31.3676166534, -51.6600151062, -13.2016944885, 26.9367733002, 46.0075645447, 20.9971618652, -3.86869978905, -27.7952442169, -26.4847660065, -4.53781032562, 30.7139434814], [63.3366851807, 23.7407398224, -26.6628170013, -36.2474784851, -7.24340057373, 15.8937206268, 20.9971618652, 29.1072502136, 12.2782402039, -16.2430934906, -27.208316803, -3.35158157349, 28.3354473114], [-3.47157120705, -16.8169155121, 20.1110248566, 34.5170783997, 18.7138690948, 1.5630440712, -3.86869978905, 12.2782402039, 33.8019256592, 32.5505981445, 22.5712585449, 8.2811384201, -10.8373966217], [-216.973571777, -122.652839661, 171.365249634, 215.71685791, 82.1237716675, -17.6308193207, -27.7952442169, -16.2430934906, 32.5505981445, 136.468658447, 156.924438477, 41.4282646179, -102.575431824], [-286.171386719, -146.076293945, 214.717254639, 268.099060059, 92.9411697388, -28.4787864685, -26.4847660065, -27.208316803, 22.5712585449, 156.924438477, 216.071136475, 60.0842666626, -136.192733765], [-108.121841431, -81.902015686, 67.9633102417, 102.060241699, 42.1363143921, 0.106136828661, -4.53781032562, -3.35158157349, 8.2811384201, 41.4282646179, 60.0842666626, 47.9501152039, -7.20059251785], [154.547943115, 66.7232208252, -127.319328308, -152.629562378, -45.324382782, 33.7091674805, 30.7139434814, 28.3354473114, -10.8373966217, -102.575431824, -136.192733765, -7.20059251785, 143.987731934]],
        "icov": [[0.00393651332706, -0.00503459107131, 0.00671093072742, -0.00524621084332, 0.00459507200867, -0.00399107998237, 0.00115413044114, -0.00406665867195, 0.00143866322469, -0.00421186443418, 0.00416782405227, -0.00376268173568, 0.00227746693417], [-0.00503459107131, 0.0168839357793, -0.01246811077, 0.0146655943245, -0.0073166815564, 0.00787947140634, -0.00742873176932, 0.00937796290964, -0.00944842863828, 0.01218261756, -0.0114236734807, 0.0150689985603, -0.00439180154353], [0.00671093072742, -0.01246811077, 0.0320949628949, -0.0207661893219, -0.00158483639825, -0.0110764950514, 0.00605779979378, -0.013814073056, 0.0158832985908, -0.0131689580157, 0.000605250650551, 0.00158609542996, 0.000927973247599], [-0.00524621084332, 0.0146655943245, -0.0207661893219, 0.043229572475, -0.0379963256419, 0.0224134325981, -0.00482339225709, 0.0086626727134, -0.00313287856989, 0.00276329927146, -0.0117396768183, -0.00317380414344, -0.0011167753255], [0.00459507200867, -0.0073166815564, -0.00158483639825, -0.0379963256419, 0.0927404761314, -0.0499300472438, 0.0122574362904, -0.00120440102182, -0.0102876015007, -0.00849866494536, 0.0211745742708, -0.0155819393694, 0.00770501792431], [-0.00399107998237, 0.00787947140634, -0.0110764950514, 0.0224134325981, -0.0499300472438, 0.0743966251612, -0.0370367243886, 0.00694067962468, -0.00166497856844, -0.00138208619319, 0.00487504899502, 0.00729524251074, -0.00813670828938], [0.00115413044114, -0.00742873176932, 0.00605779979378, -0.00482339225709, 0.0122574362904, -0.0370367243886, 0.0680423900485, -0.0433297455311, 0.0205795392394, 0.00969049707055, -0.0217826832086, -0.000797185173724, -0.00320172565989], [-0.00406665867195, 0.00937796290964, -0.013814073056, 0.0086626727134, -0.00120440102182, 0.00694067962468, -0.0433297455311, 0.103898100555, -0.0581532567739, 0.0147648770362, 0.00122915848624, 0.0066518522799, -0.00858402624726], [0.00143866322469, -0.00944842863828, 0.0158832985908, -0.00313287856989, -0.0102876015007, -0.00166497856844, 0.0205795392394, -0.0581532567739, 0.0952168479562, -0.0598650872707, 0.0211729686707, -0.0128141064197, 0.0016687848838], [-0.00421186443418, 0.01218261756, -0.0131689580157, 0.00276329927146, -0.00849866494536, -0.00138208619319, 0.00969049707055, 0.0147648770362, -0.0598650872707, 0.110577233136, -0.0666317045689, 0.0311555340886, -0.0043623931706], [0.00416782405227, -0.0114236734807, 0.000605250650551, -0.0117396768183, 0.0211745742708, 0.00487504899502, -0.0217826832086, 0.00122915848624, 0.0211729686707, -0.0666317045689, 0.0934138447046, -0.0639942884445, 0.0381220132113], [-0.00376268173568, 0.0150689985603, 0.00158609542996, -0.00317380414344, -0.0155819393694, 0.00729524251074, -0.000797185173724, 0.0066518522799, -0.0128141064197, 0.0311555340886, -0.0639942884445, 0.105153687298, -0.0466986782849], [0.00227746693417, -0.00439180154353, 0.000927973247599, -0.0011167753255, 0.00770501792431, -0.00813670828938, -0.00320172565989, -0.00858402624726, 0.0016687848838, -0.0043623931706, 0.0381220132113, -0.0466986782849, 0.0436156876385]]
    },
    "melbands": {
        "dmean": [0.000867489667144, 0.000659867830109, 0.000141968761454, 0.000197548768483, 3.25221844832e-05, 1.56134738063e-05, 6.5322979026e-06, 9.54406004894e-06, 8.96854326129e-05, 0.000128006620798, 0.00129339541309, 0.000724153534975, 7.36243737265e-06, 2.80974654743e-06, 3.30933289661e-06, 1.11729025321e-06, 3.30022544404e-07, 2.87049914505e-07, 1.18629100143e-06, 8.96454594113e-07, 1.04236924869e-07, 7.22778707996e-08, 4.39538290209e-08, 4.75211194839e-08, 4.21434513953e-08, 4.08290041776e-08, 2.54738026229e-08, 2.96755917617e-08, 2.15577404816e-08, 1.44330503105e-08, 1.09302513707e-08, 8.31621349562e-09, 7.78170594629e-09, 7.60249907472e-09, 5.91448845455e-09, 4.69003236248e-09, 4.65238070291e-09, 4.65532590255e-09, 3.25875548768e-09, 3.51292772649e-09],
        "dmean2": [0.00148332573008, 0.00113749306183, 0.000252495578025, 0.000362448277883, 5.58942410862e-05, 2.83321405732e-05, 9.14389329409e-06, 1.24835205497e-05, 0.0001066298355, 0.000143162862514, 0.00143602793105, 0.000831213605125, 8.27025269245e-06, 3.38693348567e-06, 4.50334300695e-06, 1.76806906893e-06, 4.73664556466e-07, 3.83476020716e-07, 1.70352984696e-06, 1.22925314372e-06, 1.47074956658e-07, 9.81369083775e-08, 5.33677457781e-08, 5.97719349571e-08, 5.77595251627e-08, 5.51802799009e-08, 3.39918422299e-08, 3.98033890292e-08, 2.94680475577e-08, 1.97976959271e-08, 1.49956456141e-08, 1.13886180486e-08, 1.18564011942e-08, 1.13636078325e-08, 9.10322217607e-09, 7.11958669797e-09, 7.36782279631e-09, 7.39993044618e-09, 5.04895458775e-09, 5.66315527806e-09],
        "dvar": [8.57339614413e-07, 3.4516483538e-07, 3.53925102559e-08, 2.13412846506e-07, 7.08687108997e-09, 3.84955178845e-09, 2.9714800065e-10, 2.10580686222e-09, 2.2507501285e-07, 3.9520935502e-07, 5.88153161516e-05, 2.10569760384e-05, 6.6072312066e-09, 7.32760463418e-10, 2.52095289088e-10, 1.93219572286e-11, 2.15059849269e-12, 1.48461939357e-12, 7.22659475663e-12, 4.48998824232e-12, 1.67107701374e-13, 1.03302735561e-13, 4.38272160263e-14, 7.33326363501e-14, 4.15306284913e-14, 3.92387165783e-14, 7.80209501606e-15, 1.30597581157e-14, 3.84619238382e-15, 2.16713908951e-15, 1.43783800445e-15, 6.92282727708e-16, 4.84725986072e-16, 4.03860068234e-16, 2.61175885962e-16, 2.04146269354e-16, 1.67208816885e-16, 1.25931458763e-16, 7.92970672349e-17, 4.41566977344e-17],
        "dvar2": [2.6113077638e-06, 9.78909838523e-07, 1.16772739034e-07, 8.02290571755e-07, 2.3421053541e-08, 1.28890960127e-08, 2.5396723613e-10, 1.88689663894e-09, 2.70106284006e-07, 5.9519061324e-07, 0.000108408348751, 4.19401221734e-05, 6.46979492203e-09, 7.23138882108e-10, 3.43081951737e-10, 4.00143460033e-11, 1.75489245531e-12, 7.78332422385e-13, 1.38826216148e-11, 8.22247738647e-12, 1.30840569499e-13, 8.35216905403e-14, 2.02379921903e-14, 4.44888978359e-14, 3.03300814368e-14, 2.69498321364e-14, 3.4042366382e-15, 6.80871595134e-15, 2.05803574019e-15, 9.44837194696e-16, 7.09213804593e-16, 3.3221389227e-16, 3.35638102369e-16, 3.75818169013e-16, 2.51062974316e-16, 1.93025560555e-16, 1.63502716869e-16, 1.24817756021e-16, 7.26390640147e-17, 4.46453927315e-17],
        "max": [0.00593815091997, 0.00442062411457, 0.00225010607392, 0.0034226947464, 0.00093374424614, 0.000667523825541, 0.000385752791772, 0.00103614653926, 0.00648854859173, 0.0095027089119, 0.130232453346, 0.0707186385989, 0.0011142968433, 0.000373690330889, 0.000290610274533, 6.27370827715e-05, 2.33726605074e-05, 2.2926760721e-05, 5.43161586393e-05, 3.86386054743e-05, 6.53221877656e-06, 5.13591567142e-06, 3.72949261873e-06, 4.43928092864e-06, 3.31987985192e-06, 3.22205119119e-06, 1.61714046953e-06, 2.05162814382e-06, 1.14152157948e-06, 8.63806690177e-07, 6.80730352087e-07, 4.72996418921e-07, 3.62460554015e-07, 2.98917427699e-07, 2.39489708065e-07, 2.08431330861e-07, 1.85638825201e-07, 1.63302573242e-07, 1.33045134021e-07, 1.00454165874e-07],
        "mean": [0.00119287229609, 0.000971284054685, 0.000248473254032, 0.000295488571282, 4.83437506773e-05, 1.81156756298e-05, 1.11263370854e-05, 1.97032732103e-05, 0.000152628854266, 0.000212844941416, 0.00217128568329, 0.00111020775512, 8.35968694446e-06, 3.56980626748e-06, 5.77834271098e-06, 2.42127043748e-06, 5.64581455365e-07, 5.18661352089e-07, 7.430268397e-06, 5.34089122084e-06, 1.83957951094e-07, 1.27115626469e-07, 8.75243841847e-08, 8.12340701373e-08, 8.14463092524e-08, 7.55992530799e-08, 5.45713660927e-08, 5.85127395425e-08, 4.47121273339e-08, 3.48173578857e-08, 2.58257681907e-08, 2.19931024503e-08, 2.05286276866e-08, 2.18494768944e-08, 1.71876806121e-08, 1.47861625166e-08, 1.40976617047e-08, 1.37252689214e-08, 1.26245538468e-08, 1.1787305354e-08],
        "median": [0.000761008996051, 0.000804084469564, 0.000130828819238, 0.000106583960587, 3.38676654792e-05, 9.1434976639e-06, 5.56579652766e-06, 4.06528033636e-06, 2.79473579212e-06, 1.96122300622e-06, 5.71298369323e-05, 3.32984527631e-05, 1.49792549564e-06, 1.14758938707e-06, 7.28264865302e-07, 4.93585787353e-07, 3.61401276905e-07, 2.77994303133e-07, 2.81750521935e-06, 2.02066598831e-06, 1.08509063068e-07, 7.00554210198e-08, 4.92986700351e-08, 4.40873293428e-08, 5.3479805473e-08, 5.05139361451e-08, 4.03739939259e-08, 3.97942123698e-08, 3.21813793391e-08, 2.69352611326e-08, 1.98558431919e-08, 1.80797510296e-08, 1.70252079101e-08, 1.66970632876e-08, 1.49991699061e-08, 1.30413919663e-08, 1.25576757881e-08, 1.24309069705e-08, 1.15381437737e-08, 1.12337996683e-08],
        "min": [7.45675879443e-06, 1.30646158141e-05, 1.30754597194e-05, 5.22194932273e-06, 7.01252361068e-07, 2.74121418897e-07, 1.57450259053e-07, 2.36277628574e-08, 2.45106157593e-08, 7.83544322758e-08, 3.96505264177e-08, 2.61487365094e-08, 8.32273343576e-08, 6.0708849503e-08, 2.72888751596e-08, 3.83638321111e-09, 1.3683849609e-09, 5.06555686286e-09, 2.26489449417e-09, 4.47384740365e-10, 1.0804747097e-09, 9.27904697523e-10, 5.2619786306e-10, 4.68881489191e-10, 1.4873284826e-09, 1.89690818608e-09, 3.24855836675e-10, 6.12644990294e-10, 1.52614454407e-09, 8.82524775481e-10, 1.2290379825e-10, 1.30791516506e-10, 2.54475662764e-10, 2.4563501233e-10, 1.11748534037e-10, 4.17829881805e-10, 5.25494925352e-10, 1.68565231218e-10, 1.93870877685e-10, 1.28782942643e-10],
        "var": [1.43299769206e-06, 5.60140904327e-07, 1.47835265807e-07, 3.44254942775e-07, 6.91490642524e-09, 3.02810798658e-09, 1.22162147065e-09, 8.45767544888e-09, 5.92325193338e-07, 1.18960917916e-06, 0.000139828363899, 3.73186121578e-05, 6.80082123949e-09, 7.62831298129e-10, 7.32033322848e-10, 7.6780935776e-11, 3.00855759576e-12, 3.18671694935e-12, 1.23522969631e-10, 6.44021641572e-11, 2.51448032318e-13, 1.54962739689e-13, 8.17022908746e-14, 1.11007896126e-13, 6.17144071849e-14, 5.76225943046e-14, 1.51451777958e-14, 2.46873241251e-14, 8.00117994592e-15, 4.33651985171e-15, 2.62603507055e-15, 1.26394563439e-15, 7.31383144982e-16, 7.11596720032e-16, 3.12033173483e-16, 2.24219309078e-16, 1.79034720318e-16, 1.40502807736e-16, 9.10606740413e-17, 5.29204579487e-17]
    },
    "mfcc": {
        "mean": [-801.391235352, 169.788162231, 34.4903259277, 12.6235780716, 14.2831010818, 18.9849071503, 14.0257101059, 14.7191009521, 21.6115264893, 12.0076704025, -14.0543718338, -17.7635097504, -0.364749640226],
        "cov": [[1109.0489502, 450.402740479, -276.320220947, -374.87600708, -300.46987915, -164.403793335, -97.445854187, 39.0628051758, 171.378250122, 106.676452637, -114.068855286, -237.97706604, -156.856201172], [450.402740479, 377.021606445, -93.7285461426, -256.361206055, -184.797393799, -97.8220596313, -40.670715332, 13.3320798874, 102.703895569, 84.9935836792, -68.0192108154, -164.339309692, -110.300010681], [-276.320220947, -93.7285461426, 130.193222046, 141.064620972, 102.947006226, 60.3835449219, 45.6319389343, -14.835103035, -67.5085296631, -25.276348114, 70.2138748169, 103.176963806, 51.283039093], [-374.87600708, -256.361206055, 141.064620972, 287.48614502, 187.600311279, 95.6909866333, 48.947719574, -25.7206077576, -122.182151794, -67.3168258667, 118.475090027, 195.191925049, 107.372787476], [-300.46987915, -184.797393799, 102.947006226, 187.600311279, 159.34425354, 83.5595550537, 37.0552940369, -12.9941158295, -67.09740448, -38.8368759155, 66.3335494995, 116.977584839, 74.3436126709], [-164.403793335, -97.8220596313, 60.3835449219, 95.6909866333, 83.5595550537, 67.5126037598, 37.0837059021, -1.47223389149, -33.2321968079, -20.6321620941, 33.5619888306, 60.7806167603, 40.5518112183], [-97.445854187, -40.670715332, 45.6319389343, 48.947719574, 37.0552940369, 37.0837059021, 49.8420753479, 8.79201602936, -21.4367313385, -12.9358062744, 22.2342700958, 36.6732711792, 21.9642982483], [39.0628051758, 13.3320798874, -14.835103035, -25.7206077576, -12.9941158295, -1.47223389149, 8.79201602936, 34.6321907043, 35.7031097412, 5.80311346054, -28.9051761627, -36.4146080017, -10.7196998596], [171.378250122, 102.703895569, -67.5085296631, -122.182151794, -67.09740448, -33.2321968079, -21.4367313385, 35.7031097412, 117.310653687, 44.845867157, -96.4058456421, -134.09425354, -54.2844619751], [106.676452637, 84.9935836792, -25.276348114, -67.3168258667, -38.8368759155, -20.6321620941, -12.9358062744, 5.80311346054, 44.845867157, 48.8714370728, -18.9802360535, -50.2032546997, -26.1899909973], [-114.068855286, -68.0192108154, 70.2138748169, 118.475090027, 66.3335494995, 33.5619888306, 22.2342700958, -28.9051761627, -96.4058456421, -18.9802360535, 141.608901978, 160.134109497, 51.6056060791], [-237.97706604, -164.339309692, 103.176963806, 195.191925049, 116.977584839, 60.7806167603, 36.6732711792, -36.4146080017, -134.09425354, -50.2032546997, 160.134109497, 227.381256104, 92.8379440308], [-156.856201172, -110.300010681, 51.283039093, 107.372787476, 74.3436126709, 40.5518112183, 21.9642982483, -10.7196998596, -54.2844619751, -26.1899909973, 51.6056060791, 92.8379440308, 66.790222168]],
