{
"lowlevel": {
    "average_loudness": 0.840901315212,
    "barkbands_crest": {
        "dmean": 3.10318636894,
        "dmean2": 5.14524650574,
        "dvar": 5.38810586929,
        "dvar2": 15.7694530487,
        "max": 22.6422691345,
        "mean": 15.5294914246,
        "median": 15.4367179871,
        "min": 6.97264575958,
        "var": 12.1081428528
    },
    "barkbands_flatness_db": {
        "dmean": 0.0424801297486,
        "dmean2": 0.0741860643029,
        "dvar": 0.00107183854561,
        "dvar2": 0.00274782045744,
        "max": 0.450983136892,
        "mean": 0.22072416544,
        "median": 0.216115832329,
        "min": 0.124225430191,
        "var": 0.00304169254377
    },
    "barkbands_kurtosis": {
        "dmean": 35.1497917175,
        "dmean2": 64.6697692871,
        "dvar": 696.438110352,
        "dvar2": 2137.95458984,
        "max": 189.756225586,
        "mean": 66.0032958984,
        "median": 59.4120788574,
        "min": 4.0293264389,
        "var": 1781.3548584
    },
    "barkbands_skewness": {
        "dmean": 1.99017500877,
        "dmean2": 3.63046145439,
        "dvar": 1.89922440052,
        "dvar2": 6.40004491806,
        "max": 12.3107089996,
        "mean": 7.02583646774,
        "median": 7.00890827179,
        "min": 1.71669340134,
        "var": 5.15840291977
    },
    "barkbands_spread": {
        "dmean": 4.18125677109,
        "dmean2": 7.65854930878,
        "dvar": 14.0428533554,
        "dvar2": 48.6094398499,
        "max": 20.6693000793,
        "mean": 6.80178356171,
        "median": 5.70850658417,
        "min": 1.02228319645,
        "var": 17.0442276001
    },
    "dissonance": {
        "dmean": 0.0147525724024,
        "dmean2": 0.0265834406018,
        "dvar": 0.000422190059908,
        "dvar2": 0.000769106321968,
        "max": 0.492101401091,
        "mean": 0.457147777081,
        "median": 0.471476435661,
        "min": 0.130387753248,
        "var": 0.00335015333258
    },
    "dynamic_complexity": 1.18361794949,
    "erbbands_crest": {
        "dmean": 3.5777182579,
        "dmean2": 6.38454580307,
        "dvar": 8.62783241272,
        "dvar2": 28.9698905945,
        "max": 30.5730266571,
        "mean": 10.1124401093,
        "median": 9.24724197388,
        "min": 2.84653949738,
        "var": 20.9078025818
    },
    "erbbands_flatness_db": {
        "dmean": 0.0225184448063,
        "dmean2": 0.0387139618397,
        "dvar": 0.000770902086515,
        "dvar2": 0.00107735011261,
        "max": 0.463507115841,
        "mean": 0.0927704200149,
        "median": 0.0786110907793,
        "min": 0.0391406044364,
        "var": 0.00479373149574
    },
    "erbbands_kurtosis": {
        "dmean": 1.55115926266,
        "dmean2": 2.78472733498,
        "dvar": 1.84959709644,
        "dvar2": 4.71990299225,
        "max": 10.9735536575,
        "mean": 1.38453447819,
        "median": 1.05434846878,
        "min": -1.02614271641,
        "var": 3.37269163132
    },
    "erbbands_skewness": {
        "dmean": 0.484806478024,
        "dmean2": 0.894927203655,
        "dvar": 0.132870405912,
        "dvar2": 0.45122435689,
        "max": 2.87360167503,
        "mean": 1.44366776943,
        "median": 1.47117042542,
        "min": 0.456101477146,
        "var": 0.218001589179
    },
    "erbbands_spread": {
        "dmean": 11.2880029678,
        "dmean2": 19.6712760925,
        "dvar": 70.5023956299,
        "dvar2": 214.483230591,
        "max": 95.7221984863,
        "mean": 64.2166900635,
        "median": 65.9618988037,
        "min": 2.16039657593,
        "var": 301.753967285
    },
    "hfc": {
        "dmean": 0.980854809284,
        "dmean2": 1.22112619877,
        "dvar": 24.6474590302,
        "dvar2": 42.2930831909,
        "max": 71.3722610474,
        "mean": 2.50344085693,
        "median": 0.12789721787,
        "min": 0.0524771176279,
        "var": 124.048866272
    },
    "melbands_crest": {
        "dmean": 4.43211269379,
        "dmean2": 8.06878471375,
        "dvar": 11.2548122406,
        "dvar2": 35.7228279114,
        "max": 29.4683189392,
        "mean": 21.5970878601,
        "median": 22.2400569916,
        "min": 10.6576070786,
        "var": 14.6624889374
    },
    "melbands_flatness_db": {
        "dmean": 0.045675098896,
        "dmean2": 0.0802305564284,
        "dvar": 0.00124925398268,
        "dvar2": 0.00348450429738,
        "max": 0.5269510746,
        "mean": 0.354035139084,
        "median": 0.354127407074,
        "min": 0.247880473733,
        "var": 0.00283397105522
    },
    "melbands_kurtosis": {
        "dmean": 75.5609436035,
        "dmean2": 140.997909546,
        "dvar": 3234.45947266,
        "dvar2": 10664.2490234,
        "max": 372.674560547,
        "mean": 168.845947266,
        "median": 163.745452881,
        "min": 4.05619478226,
        "var": 6902.99072266
    },
    "melbands_skewness": {
        "dmean": 1.90229928493,
        "dmean2": 3.45469880104,
        "dvar": 1.92424058914,
        "dvar2": 6.48100662231,
        "max": 13.6127471924,
        "mean": 8.85510826111,
        "median": 9.08156013489,
        "min": 0.76128911972,
        "var": 5.62542581558
    },
    "melbands_spread": {
        "dmean": 1.1737600565,
        "dmean2": 2.11586308479,
        "dvar": 1.19069468975,
        "dvar2": 3.93058466911,
        "max": 6.02208614349,
        "mean": 2.0723631382,
        "median": 1.75999045372,
        "min": 0.643869698048,
        "var": 1.38754940033
    },
    "pitch_salience": {
        "dmean": 0.129654660821,
        "dmean2": 0.226150602102,
        "dvar": 0.00696887401864,
        "dvar2": 0.0238802060485,
        "max": 0.753974556923,
        "mean": 0.425531953573,
        "median": 0.409877896309,
        "min": 0.197841465473,
        "var": 0.017119821161
    },
    "silence_rate_20dB": {
        "dmean": 0,
        "dmean2": 0,
        "dvar": 0,
        "dvar2": 0,
        "max": 1,
        "mean": 1,
        "median": 1,
        "min": 1,
        "var": 0
    },
    "silence_rate_30dB": {
        "dmean": 0.0155038759112,
        "dmean2": 0.0234375,
        "dvar": 0.0152635062113,
        "dvar2": 0.0228881835938,
        "max": 1,
        "mean": 0.969230771065,
        "median": 1,
        "min": 0,
        "var": 0.0298224855214
    },
    "silence_rate_60dB": {
        "dmean": 0.00775193795562,
        "dmean2": 0.015625,
        "dvar": 0.00769184483215,
        "dvar2": 0.015380859375,
        "max": 1,
        "mean": 0.946153819561,
        "median": 1,
        "min": 0,
        "var": 0.0509467385709
    },
    "spectral_centroid": {
        "dmean": 142.434524536,
        "dmean2": 272.275665283,
        "dvar": 19664.2714844,
        "dvar2": 69195.625,
        "max": 846.015258789,
        "mean": 388.752105713,
        "median": 348.996643066,
        "min": 218.501098633,
        "var": 18443.1601562
    },
    "spectral_complexity": {
        "dmean": 0.550387620926,
        "dmean2": 0.984375,
        "dvar": 0.71257764101,
        "dvar2": 1.45288085938,
        "max": 10,
        "mean": 1.49230766296,
        "median": 1,
        "min": 0,
        "var": 2.03455615044
    },
    "spectral_decrease": {
        "dmean": 5.24315924011e-10,
        "dmean2": 6.54487464224e-10,
        "dvar": 5.39345044519e-18,
        "dvar2": 8.54511818045e-18,
        "max": -2.08506389238e-11,
        "mean": -1.26397547984e-09,
        "median": -1.29119520631e-10,
        "min": -3.38559296154e-08,
        "var": 2.74636619231e-17
    },
    "spectral_energy": {
        "dmean": 0.00206778384745,
        "dmean2": 0.00258084246889,
        "dvar": 8.49002026371e-05,
        "dvar2": 0.000135036956635,
        "max": 0.134252712131,
        "mean": 0.00499758217484,
        "median": 0.000500792986713,
        "min": 8.34550228319e-05,
        "var": 0.000432164000813
    },
    "spectral_energyband_high": {
        "dmean": 1.80021288543e-06,
        "dmean2": 2.33560558627e-06,
        "dvar": 1.57382801236e-10,
        "dvar2": 1.7063020441e-10,
        "max": 0.000143574667163,
        "mean": 4.98165945828e-06,
        "median": 3.70129646399e-06,
        "min": 1.86160593785e-06,
        "var": 1.54024848431e-10
    },
    "spectral_energyband_low": {
        "dmean": 0.000298395636491,
        "dmean2": 0.000545799091924,
        "dvar": 4.41253789063e-08,
        "dvar2": 1.33498531341e-07,
        "max": 0.00149542361032,
        "mean": 0.000522493210156,
        "median": 0.000435928144725,
        "min": 4.62863026769e-05,
        "var": 1.1955228274e-07
    },
    "spectral_energyband_middle_high": {
        "dmean": 0.000247107993346,
        "dmean2": 0.000333828327712,
        "dvar": 1.34499975957e-06,
        "dvar2": 3.07842674374e-06,
        "max": 0.0127226859331,
        "mean": 0.000427001272328,
        "median": 3.12578163175e-06,
        "min": 2.14454530578e-06,
        "var": 4.05991431762e-06
    },
    "spectral_energyband_middle_low": {
        "dmean": 0.00160039495677,
        "dmean2": 0.00179789692629,
        "dvar": 6.92005705787e-05,
        "dvar2": 0.000104135571746,
        "max": 0.121661730111,
        "mean": 0.00407042866573,
        "median": 6.6530177719e-05,
        "min": 1.62673477462e-05,
        "var": 0.000356177100912
    },
    "spectral_entropy": {
        "dmean": 0.3073374331,
        "dmean2": 0.534355163574,
        "dvar": 0.0942606702447,
        "dvar2": 0.1686848104,
        "max": 7.98931264877,
        "mean": 7.30736112595,
        "median": 7.39373779297,
        "min": 4.31032896042,
        "var": 0.327302277088
    },
    "spectral_flux": {
        "dmean": 0.00770542770624,
        "dmean2": 0.0116707896814,
        "dvar": 0.000580722116865,
        "dvar2": 0.00119440106209,
        "max": 0.246262356639,
        "mean": 0.0179387927055,
        "median": 0.0128312110901,
        "min": 0.004763209261,
        "var": 0.000817425490823
    },
    "spectral_kurtosis": {
        "dmean": 1.75563752651,
        "dmean2": 2.24696803093,
        "dvar": 62.6392173767,
        "dvar2": 69.8052444458,
        "max": 85.3138809204,
        "mean": 7.5242524147,
        "median": 4.99557304382,
        "min": 3.98744297028,
        "var": 164.743011475
    },
    "spectral_rms": {
        "dmean": 0.00031830885564,
        "dmean2": 0.000521152454894,
        "dvar": 5.08667653776e-07,
        "dvar2": 6.77424907281e-07,
        "max": 0.0114445732906,
        "mean": 0.00112826132681,
        "median": 0.000698983902112,
        "min": 0.000285341084236,
        "var": 3.60271633326e-06
    },
    "spectral_rolloff": {
        "dmean": 37.5579109192,
        "dmean2": 67.7959442139,
        "dvar": 1432.58056641,
        "dvar2": 3369.56811523,
        "max": 559.86328125,
        "mean": 170.277938843,
        "median": 150.732421875,
        "min": 107.666015625,
        "var": 7693.11865234
    },
    "spectral_skewness": {
        "dmean": 0.20147164166,
        "dmean2": 0.291769564152,
        "dvar": 0.262159526348,
        "dvar2": 0.315362393856,
        "max": 8.00157833099,
        "mean": 2.1276717186,
        "median": 1.92481136322,
        "min": 1.68181037903,
        "var": 0.941342055798
    },
    "spectral_spread": {
        "dmean": 578269.9375,
        "dmean2": 912681.25,
        "dvar": 1.94609020928e+12,
        "dvar2": 2.21103285862e+12,
        "max": 16503860,
        "mean": 7512656.5,
        "median": 7691552,
        "min": 1092267.625,
        "var": 2.13970373837e+12
    },
    "spectral_strongpeak": {
        "dmean": 0.114888757467,
        "dmean2": 0.147694051266,
        "dvar": 0.294784098864,
        "dvar2": 0.305768787861,
        "max": 6.58042526245,
        "mean": 0.273128807545,
        "median": 0.0494481734931,
        "min": 0.00581597397104,
        "var": 1.19936931133
    },
    "zerocrossingrate": {
        "dmean": 0.0118966512382,
        "dmean2": 0.0181350708008,
        "dvar": 9.75702350843e-05,
        "dvar2": 0.000174201224581,
        "max": 0.10107421875,
        "mean": 0.0480881929398,
        "median": 0.042236328125,
        "min": 0.01123046875,
        "var": 0.000398893578677
    },
    "barkbands": {
        "dmean": [6.35713149677e-06, 0.000160818497534, 0.000188940291991, 3.93362279283e-05, 9.73022470134e-05, 9.9865377706e-05, 0.00158223905601, 0.000182551520993, 8.37162042444e-06, 3.47397394762e-06, 0.000254000187851, 9.38848461374e-06, 2.10102052733e-06, 1.06169215996e-06, 6.7111267299e-07, 6.06617845733e-07, 1.12178543077e-06, 4.15654653807e-07, 6.29015119102e-07, 6.22712320819e-07, 3.5505522078e-07, 2.28611469311e-07, 2.3634889601e-07, 2.08456469863e-07, 2.66718586772e-07, 3.33297947464e-07, 3.31474495852e-07],
        "dmean2": [1.12179450298e-05, 0.000279745901935, 0.000350033107679, 7.31548134354e-05, 0.000189847691217, 0.00018387514865, 0.00199979217723, 0.000205498974537, 6.27609642834e-06, 6.21294975645e-06, 0.000332611612976, 1.4533090507e-05, 2.70736200036e-06, 1.32705042688e-06, 8.43046677801e-07, 6.74047385019e-07, 1.63755407812e-06, 5.10855329594e-07, 9.41497319218e-07, 9.01430553313e-07, 4.67227494028e-07, 2.80883568848e-07, 3.11311481482e-07, 2.70515670309e-07, 3.9198033619e-07, 5.20303046869e-07, 4.6867586434e-07],
        "dvar": [7.35397714946e-11, 2.38136674824e-08, 1.79795591748e-08, 1.50166830082e-08, 3.89871587458e-07, 4.55273948319e-07, 6.9244459155e-05, 9.6546966688e-07, 1.77939774026e-09, 3.11357384319e-10, 1.41732630254e-06, 3.73623487704e-09, 1.67695968223e-10, 7.12750969356e-11, 2.02003969108e-11, 3.35113430061e-11, 3.61832681872e-11, 1.14690991079e-11, 1.01576230066e-11, 1.01959031495e-11, 5.23651217874e-12, 3.31389950203e-12, 2.41008536912e-12, 2.06758026498e-12, 2.26195364522e-12, 2.66984958447e-12, 2.05533875509e-12],
        "dvar2": [1.17600471028e-10, 7.1569658644e-08, 5.60641844061e-08, 4.42420855506e-08, 1.17810270694e-06, 1.32024194954e-06, 0.000114775022666, 1.474732926e-06, 7.70149721774e-10, 8.7201496024e-10, 3.23829590343e-06, 6.71971012167e-09, 1.68301747538e-10, 7.45898481869e-11, 1.68546999274e-11, 3.35553668185e-11, 7.45388126222e-11, 1.15043287396e-11, 1.73267858394e-11, 1.71144001748e-11, 5.62668921872e-12, 3.35333518765e-12, 2.64787866112e-12, 2.10314730041e-12, 2.92312484981e-12, 4.59661041868e-12, 1.94505999848e-12],
        "max": [8.99406586541e-05, 0.00118974922225, 0.000777743174694, 0.00104009127244, 0.00520130898803, 0.00558913731948, 0.11203622818, 0.014830767177, 0.00100008153822, 0.000148626393639, 0.0126064103097, 0.000546499330085, 0.000181886396604, 0.000101757403172, 6.44208776066e-05, 6.64416365908e-05, 7.84750081948e-05, 3.93333357351e-05, 3.13950404234e-05, 2.88205592369e-05, 2.62372032012e-05, 2.10453199543e-05, 1.76432859007e-05, 1.65942947206e-05, 1.6143952962e-05, 1.52535430971e-05, 1.76322919287e-05],
        "mean": [6.9837110459e-06, 0.000279239495285, 0.000208609359106, 3.95948081859e-05, 7.75122825871e-05, 6.57962373225e-05, 0.00343506317586, 0.000429079314927, 2.20214769797e-05, 3.16175805892e-06, 0.000407109066145, 7.20223806638e-06, 3.25197152051e-06, 1.34418417019e-06, 1.17350055007e-06, 7.02556349097e-07, 1.98329962586e-06, 5.39065865723e-07, 8.75256716881e-07, 7.74028592332e-07, 5.69659732719e-07, 3.8458242102e-07, 4.1327479039e-07, 4.11856831306e-07, 5.04122908751e-07, 7.40199880056e-07, 1.87424734577e-06],
        "median": [5.24806273461e-06, 0.000176810863195, 0.000183871394256, 2.84725028905e-05, 3.0495437386e-05, 3.50996788256e-06, 1.22291771731e-06, 6.81471988173e-07, 7.93404012711e-07, 3.32336526299e-07, 3.26829308506e-07, 4.25243058544e-07, 3.84529471376e-07, 3.20269720078e-07, 2.89958705935e-07, 1.64988691154e-07, 1.60231394375e-07, 1.83583864555e-07, 3.37561260721e-07, 3.51078028871e-07, 2.67539689958e-07, 2.08869678886e-07, 2.41541471269e-07, 2.71503921567e-07, 3.39270798122e-07, 5.59082309337e-07, 1.77837409865e-06],
        "min": [2.74751386087e-07, 9.62912872637e-06, 1.07640235001e-05, 6.46115211111e-07, 2.49002800956e-06, 2.23227843321e-07, 1.16485090018e-07, 4.29874305041e-08, 8.48902530493e-08, 3.02192013635e-08, 9.96078455273e-08, 9.12099267225e-08, 1.21550144172e-07, 1.07118850678e-07, 7.20878929883e-08, 5.45959935039e-08, 4.41034337939e-08, 7.20091506423e-08, 5.09713302677e-08, 1.17813463874e-07, 1.47802808215e-07, 1.20669469084e-07, 1.31656562985e-07, 8.44218206453e-08, 1.6906609801e-07, 2.2455694193e-07, 6.62747368096e-07],
        "var": [8.71126087931e-11, 7.85534339798e-08, 2.14830038203e-08, 8.26250978747e-09, 2.05887062066e-07, 2.56445673585e-07, 0.000276155507891, 4.23324263465e-06, 1.3448528513e-08, 2.5985116836e-10, 3.81976724384e-06, 3.01901414979e-09, 3.0027211273e-10, 7.94490306877e-11, 3.47144882284e-11, 3.35269381702e-11, 8.64837160219e-11, 1.17117825854e-11, 1.06589086515e-11, 9.20879431737e-12, 5.47277501095e-12, 3.31912383862e-12, 2.38839265206e-12, 2.05083324455e-12, 2.08932372271e-12, 2.17721717391e-12, 1.98766957754e-12]
    },
    "erbbands": {
        "dmean": [0.00292087905109, 0.0447947196662, 0.200016111135, 0.167674824595, 0.235601678491, 0.234672605991, 0.88534617424, 0.600664019585, 4.73124027252, 32.3564338684, 1.91156864166, 0.213802918792, 0.0947658121586, 4.23731184006, 5.53684282303, 0.309444278479, 0.105902887881, 0.0541785694659, 0.0424134656787, 0.0336447097361, 0.034317240119, 0.0663506984711, 0.0265056788921, 0.0249245222658, 0.0309597700834, 0.0339283011854, 0.0158269666135, 0.0126387095079, 0.00853058137, 0.00780323054641, 0.00634649675339, 0.00492136972025, 0.00355317839421, 0.00266218231991, 0.00218839151785, 0.00143293465953, 0.000661497702822, 0.000194755106349, 4.66570891149e-05, 7.59012573326e-06],
        "dmean2": [0.00513818161562, 0.0788930654526, 0.373026043177, 0.309582948685, 0.460258543491, 0.437817752361, 1.70582282543, 1.04167687893, 6.83940887451, 39.4079933167, 2.46701192856, 0.167285576463, 0.1604090482, 5.58080244064, 7.57723426819, 0.41080892086, 0.133280977607, 0.0710799470544, 0.050809815526, 0.0405104979873, 0.0408151298761, 0.0974451750517, 0.0344131104648, 0.0350193865597, 0.0457485690713, 0.05031189695, 0.020423559472, 0.0167667847127, 0.0105740148574, 0.0101055968553, 0.00831455923617, 0.00646627647802, 0.00474080909044, 0.00373025820591, 0.00333335250616, 0.00228794966824, 0.00104869669303, 0.000287523958832, 6.40390790068e-05, 1.14494978334e-05],
        "dvar": [6.74674311085e-06, 0.00175986683462, 0.0187472701073, 0.062746912241, 1.97372829914, 2.0795943737, 41.1993751526, 14.1664323807, 646.113342285, 31132.3105469, 116.422431946, 1.01008844376, 0.385540574789, 399.507659912, 682.414550781, 3.13683795929, 0.454783350229, 0.153950110078, 0.135934516788, 0.0521317720413, 0.0765928849578, 0.129989981651, 0.0376768037677, 0.0245399735868, 0.0245391726494, 0.0295786000788, 0.00997312460095, 0.00688231596723, 0.00448530772701, 0.00281450548209, 0.00183964602184, 0.00107235810719, 0.000523652124684, 0.000249441771302, 0.000131916269311, 5.20901412528e-05, 8.81876894709e-06, 7.56503936827e-07, 3.66829517873e-08, 3.91822241319e-10],
        "dvar2": [2.15539639612e-05, 0.0053397663869, 0.0571196265519, 0.18670104444, 6.05217695236, 6.16421604156, 122.457305908, 37.9733161926, 1352.88269043, 45194.703125, 165.63079834, 0.632806956768, 0.808415472507, 940.130187988, 1491.62268066, 4.4297542572, 0.44859290123, 0.173173323274, 0.135110527277, 0.0414268262684, 0.0743256658316, 0.275763005018, 0.0382199957967, 0.0286241732538, 0.0418106690049, 0.0566699393094, 0.0105687621981, 0.00744710396975, 0.00455469777808, 0.00299346051179, 0.00195052695926, 0.00109884887934, 0.00054713251302, 0.000278676190646, 0.000198639259906, 0.000100481556728, 1.45274525494e-05, 7.6307640029e-07, 3.4316933295e-08, 5.12732079017e-10],
        "max": [0.0165407154709, 0.313996821642, 0.729569375515, 2.10634922981, 11.6223211288, 12.3178491592, 53.1023406982, 33.2088317871, 352.301239014, 2416.8737793, 163.277328491, 25.9240608215, 6.78816127777, 197.195755005, 320.308624268, 26.0280704498, 9.42265987396, 5.08093547821, 4.32254743576, 3.45856714249, 3.53737568855, 4.6154384613, 2.33301544189, 1.77911627293, 1.52280986309, 1.36215794086, 1.14246499538, 0.955261588097, 0.774191975594, 0.610984444618, 0.489895403385, 0.37736928463, 0.262285500765, 0.177819058299, 0.1155121997, 0.0611942857504, 0.0286763515323, 0.0103141255677, 0.00240898621269, 0.00033171713585],
        "mean": [0.00431349128485, 0.0754206329584, 0.244566068053, 0.197370871902, 0.196570828557, 0.216487839818, 0.528121113777, 0.613251209259, 11.0729761124, 77.3087463379, 6.15279912949, 0.712286472321, 0.241551324725, 5.95665168762, 10.7483291626, 0.555242717266, 0.163567408919, 0.0824575126171, 0.053331118077, 0.0648834705353, 0.0485554561019, 0.119791045785, 0.0352068021894, 0.0342049822211, 0.0437317788601, 0.0401211641729, 0.0254236701876, 0.0201851762831, 0.0140751348808, 0.0134546840563, 0.0112126898021, 0.00889268703759, 0.00687664560974, 0.00515877082944, 0.00383791117929, 0.00248702266254, 0.00143676612061, 0.000681199715473, 0.000237921194639, 3.75794479623e-05],
        "median": [0.00291018234566, 0.0495065562427, 0.205176740885, 0.175899833441, 0.0895566940308, 0.103705823421, 0.0367976725101, 0.020180048421, 0.0197052657604, 0.0125324521214, 0.0187022909522, 0.0148203428835, 0.0106600206345, 0.00976797007024, 0.0162416063249, 0.0163478367031, 0.0173161756247, 0.0163441598415, 0.0149076841772, 0.012658665888, 0.00856321305037, 0.00915917288512, 0.0106109399348, 0.0139842256904, 0.0165917351842, 0.0166123025119, 0.013348063454, 0.00939287431538, 0.00752325495705, 0.00761380884796, 0.00670945364982, 0.00562191568315, 0.00452068448067, 0.0035064057447, 0.0025270874612, 0.00169111555442, 0.00111651676707, 0.000597559148446, 0.000220547386562, 3.15545912599e-05],
        "min": [0.000125540769659, 0.00371880177408, 0.0174889191985, 0.00701421732083, 0.0113448528573, 0.00749575113878, 0.00662913639098, 0.00293461931869, 0.00264823017642, 0.0023872051388, 0.00185498630162, 0.00198147865012, 0.00232380419038, 0.0024372281041, 0.00474609108642, 0.00525820674375, 0.00664442917332, 0.00603706669062, 0.00654492806643, 0.00361821311526, 0.00313399289735, 0.00328854820691, 0.00502720894292, 0.00526704313233, 0.00362256239168, 0.00652944389731, 0.00669583631679, 0.00470675202087, 0.00479334499687, 0.00424930918962, 0.00348144304007, 0.00227553700097, 0.00150849029887, 0.00188847724348, 0.000941922946367, 0.000806957425084, 0.000410197215388, 0.000246461684583, 0.000108508356789, 1.50576934175e-05],
        "var": [1.39839276017e-05, 0.00571394199505, 0.0276194699109, 0.0410350710154, 1.0240701437, 1.15913259983, 21.7266559601, 12.0580701828, 2683.18579102, 139517.609375, 824.898071289, 12.260424614, 1.11789321899, 839.893188477, 2569.14355469, 8.04227352142, 0.798087000847, 0.209558904171, 0.141689553857, 0.105692826211, 0.0982608422637, 0.31324160099, 0.0420076586306, 0.0252393428236, 0.025864539668, 0.0257469434291, 0.0101218055934, 0.00728645129129, 0.00449656462297, 0.00283544254489, 0.00181890372187, 0.00106809369754, 0.000514464743901, 0.000240727109485, 0.000115536953672, 4.04958918807e-05, 7.34599325369e-06, 7.3937843581e-07, 3.7685669696e-08, 1.08839182111e-09]
    },
    "gfcc": {
        "mean": [-248.827331543, 67.0962677002, -25.4431285858, 29.9115314484, -18.3364467621, 9.38615894318, -15.3000564575, -1.55043697357, -21.6688518524, -1.25833964348, -12.1649169922, -7.34535217285, -15.3768367767],
        "cov": [[1738.77148438, 636.843139648, -653.365661621, -723.701049805, -570.23449707, -285.897766113, -1.06848430634, 143.209121704, 87.1562042236, 54.8643074036, 129.884307861, 158.034866333, 15.4674911499], [636.843139648, 349.694274902, -245.117950439, -302.851043701, -217.165054321, -111.997558594, 29.6075897217, 74.8663787842, 56.019493103, 18.8928165436, 59.9216423035, 63.7088546753, 11.9541006088], [-653.365661621, -245.117950439, 327.229431152, 355.093170166, 257.99420166, 139.41104126, -4.35038137436, -61.6108932495, -54.3790740967, -28.3581295013, -58.8993225098, -67.629196167, -6.54513072968], [-723.701049805, -302.851043701, 355.093170166, 415.469848633, 302.842132568, 163.145507812, -6.59314155579, -78.5727920532, -69.1910400391, -30.2590312958, -62.909526825, -71.8875198364, -5.60071468353], [-570.23449707, -217.165054321, 257.99420166, 302.842132568, 250.602722168, 141.192672729, 10.4648475647, -52.89503479, -41.7217636108, -20.8263874054, -42.9967956543, -49.4098091125, 2.54449796677], [-285.897766113, -111.997558594, 139.41104126, 163.145507812, 141.192672729, 99.3889541626, 21.5498962402, -20.9091777802, -19.3169689178, -7.74307966232, -20.7150745392, -26.0209197998, 4.96430158615], [-1.06848430634, 29.6075897217, -4.35038137436, -6.59314155579, 10.4648475647, 21.5498962402, 47.3019294739, 30.266210556, 17.7597904205, 2.86669850349, 5.48883724213, -1.35526227951, 2.64367294312], [143.209121704, 74.8663787842, -61.6108932495, -78.5727920532, -52.89503479, -20.9091777802, 30.266210556, 49.3174591064, 33.6261863708, 10.5860090256, 13.9127149582, 7.83285331726, -3.02899217606], [87.1562042236, 56.019493103, -54.3790740967, -69.1910400391, -41.7217636108, -19.3169689178, 17.7597904205, 33.6261863708, 49.8853874207, 20.9686985016, 14.7864360809, 5.54035234451, -3.47534584999], [54.8643074036, 18.8928165436, -28.3581295013, -30.2590312958, -20.8263874054, -7.74307966232, 2.86669850349, 10.5860090256, 20.9686985016, 25.3318824768, 18.5463924408, 6.8015871048, -0.25689136982], [129.884307861, 59.9216423035, -58.8993225098, -62.909526825, -42.9967956543, -20.7150745392, 5.48883724213, 13.9127149582, 14.7864360809, 18.5463924408, 40.252407074, 31.3718738556, 6.81414270401], [158.034866333, 63.7088546753, -67.629196167, -71.8875198364, -49.4098091125, -26.0209197998, -1.35526227951, 7.83285331726, 5.54035234451, 6.8015871048, 31.3718738556, 46.938331604, 17.9530067444], [15.4674911499, 11.9541006088, -6.54513072968, -5.60071468353, 2.54449796677, 4.96430158615, 2.64367294312, -3.02899217606, -3.47534584999, -0.25689136982, 6.81414270401, 17.9530067444, 25.6989955902]],
        "icov": [[0.0107385711744, -0.0136132277548, 0.0251146294177, -0.023256091401, 0.0238681547344, -0.023113142699, 0.0205056536943, -0.0189915355295, 0.00956044066697, -0.0069119008258, 0.00933124218136, -0.00889888126403, 0.00391700584441], [-0.0136132277548, 0.0279254168272, -0.0386707037687, 0.0403885468841, -0.0290950611234, 0.0312860012054, -0.0317503586411, 0.0233735684305, -0.012467334047, 0.0144652305171, -0.0191962048411, 0.010862021707, -0.00702433334664], [0.0251146294177, -0.0386707037687, 0.112471401691, -0.105956964195, 0.0597683265805, -0.061118170619, 0.0625852644444, -0.0552367344499, 0.0129513964057, -0.00443317787722, 0.0227099061012, -0.00979129783809, 0.00389069481753], [-0.023256091401, 0.0403885468841, -0.105956964195, 0.132578134537, -0.0914886668324, 0.0613077320158, -0.053122356534, 0.0471076890826, 0.00323816994205, -0.00173062214162, -0.0210414715111, 0.0160226840526, 0.000157116694027], [0.0238681547344, -0.0290950611234, 0.0597683265805, -0.0914886668324, 0.127628996968, -0.0960498601198, 0.0425402037799, -0.025589292869, -0.00419768085703, 0.00892625842243, 0.0112804071978, -0.0171894039959, 0.00151565752458], [-0.023113142699, 0.0312860012054, -0.061118170619, 0.0613077320158, -0.0960498601198, 0.127540796995, -0.0783432275057, 0.0455005280674, -0.00488171819597, -0.0114694405347, -0.00976583082229, 0.0146610578522, -0.0129789924249], [0.0205056536943, -0.0317503586411, 0.0625852644444, -0.053122356534, 0.0425402037799, -0.0783432275057, 0.117780484259, -0.0894020721316, 0.013678601943, 0.00897783134133, 0.000600473082159, 0.000588631606661, -0.00357325328514], [-0.0189915355295, 0.0233735684305, -0.0552367344499, 0.0471076890826, -0.025589292869, 0.0455005280674, -0.0894020721316, 0.123635753989, -0.046442180872, 0.0159757547081, -0.0152566321194, 0.0116705866531, 0.00404147105291], [0.00956044066697, -0.012467334047, 0.0129513964057, 0.00323816994205, -0.00419768085703, -0.00488171819597, 0.013678601943, -0.046442180872, 0.0759795233607, -0.0584683567286, 0.0256470777094, -0.0120174922049, 0.00981234107167], [-0.0069119008258, 0.0144652305171, -0.00443317787722, -0.00173062214162, 0.00892625842243, -0.0114694405347, 0.00897783134133, 0.0159757547081, -0.0584683567286, 0.128043040633, -0.0805126577616, 0.0442709699273, -0.0179895553738], [0.00933124218136, -0.0191962048411, 0.0227099061012, -0.0210414715111, 0.0112804071978, -0.00976583082229, 0.000600473082159, -0.0152566321194, 0.0256470777094, -0.0805126577616, 0.119628958404, -0.0782672688365, 0.029041050002], [-0.00889888126403, 0.010862021707, -0.00979129783809, 0.0160226840526, -0.0171894039959, 0.0146610578522, 0.000588631606661, 0.0116705866531, -0.0120174922049, 0.0442709699273, -0.0782672688365, 0.101415976882, -0.0497913695872], [0.00391700584441, -0.00702433334664, 0.00389069481753, 0.000157116694027, 0.00151565752458, -0.0129789924249, -0.00357325328514, 0.00404147105291, 0.00981234107167, -0.0179895553738, 0.029041050002, -0.0497913695872, 0.0722785592079]]
    },
    "melbands": {
        "dmean": [3.41915983881e-05, 8.57015838847e-05, 3.04620134557e-05, 1.79962971742e-05, 2.5079038096e-05, 1.46382371895e-05, 0.00014573361841, 0.000278307677945, 6.45756335871e-06, 9.28506949549e-07, 5.03261048834e-07, 1.58919028763e-05, 3.16715340887e-05, 1.66379152233e-06, 3.6933499814e-07, 1.38472842082e-07, 9.98263729457e-08, 7.15616295111e-08, 4.90668838893e-08, 4.46402061982e-08, 3.81937752536e-08, 8.23613319767e-08, 3.17112451853e-08, 1.88877482543e-08, 1.99137790702e-08, 3.0621528424e-08, 2.13140936012e-08, 2.08503987409e-08, 1.04665174305e-08, 8.7760234635e-09, 6.61329657703e-09, 5.12225017957e-09, 4.44323955406e-09, 4.51486315001e-09, 3.64329921787e-09, 3.62946561694e-09, 2.99039437657e-09, 2.62654697991e-09, 2.4512023522e-09, 2.3057109555e-09],
        "dmean2": [6.01076244493e-05, 0.000158771799761, 5.71607561142e-05, 3.49403271684e-05, 4.81121751363e-05, 2.58711170318e-05, 0.000187525933143, 0.000334781245328, 7.25984909877e-06, 7.82476035965e-07, 8.97793768218e-07, 2.0740679247e-05, 4.14858695876e-05, 2.62796766037e-06, 4.40433154836e-07, 1.87732922541e-07, 1.28932555299e-07, 8.49521057944e-08, 6.20128730588e-08, 5.08102608876e-08, 4.58929179104e-08, 1.20669625403e-07, 4.46370620466e-08, 2.24061018628e-08, 2.79142149395e-08, 4.87765206003e-08, 3.04584801825e-08, 3.10625800637e-08, 1.37082363239e-08, 1.1723586546e-08, 8.65486882162e-09, 6.49930909091e-09, 5.49686607343e-09, 6.07482064652e-09, 4.6428492162e-09, 5.01219554749e-09, 3.95701293954e-09, 3.52445894691e-09, 3.43277273274e-09, 3.28771543323e-09],
        "dvar": [1.03531239137e-09, 3.59965435237e-09, 5.31344701571e-09, 1.13457483408e-08, 3.27026690172e-08, 8.80623129973e-09, 5.67174652133e-07, 2.32824959312e-06, 3.12840886529e-09, 1.86816413034e-11, 6.89326113551e-12, 5.63014213029e-09, 2.20203588697e-08, 1.14137671536e-10, 7.61869387023e-12, 7.42575759997e-13, 5.35836999771e-13, 4.03485757175e-13, 1.05877214277e-13, 1.27742529553e-13, 9.70378156084e-14, 2.00594681382e-13, 3.96201084094e-14, 2.45832000589e-14, 1.53142963941e-14, 2.10039014041e-14, 1.21218317569e-14, 1.08930715536e-14, 4.03531027698e-15, 3.11832892543e-15, 1.96297979702e-15, 1.47770413951e-15, 1.11628471003e-15, 7.8577298341e-16, 6.22343005495e-16, 4.99452342074e-16, 3.67516637325e-16, 2.73049699696e-16, 1.94510846062e-16, 1.69298989797e-16],
        "dvar2": [2.93466140278e-09, 1.11937676905e-08, 1.59617670192e-08, 3.44102382144e-08, 9.71159508367e-08, 2.44913476166e-08, 1.11213319087e-06, 3.36504649567e-06, 3.30635230306e-09, 9.25890093761e-12, 1.82236621626e-11, 1.32929427465e-08, 4.91501239708e-08, 2.18495221915e-10, 7.03331403534e-12, 7.91437932985e-13, 6.01529459923e-13, 4.04462813068e-13, 8.98729265379e-14, 1.13080043647e-13, 9.58335651504e-14, 4.59947184506e-13, 4.71542902923e-14, 2.42245493684e-14, 1.72315368354e-14, 4.6142462003e-14, 1.8613140746e-14, 2.01518048938e-14, 4.28721660495e-15, 3.29744314773e-15, 2.08865725178e-15, 1.49754683921e-15, 1.12927650138e-15, 8.67519444935e-16, 6.44450353661e-16, 5.32676732974e-16, 3.75218257928e-16, 2.81353137208e-16, 2.09899118608e-16, 1.91898794976e-16],
        "max": [0.000247375690378, 0.000387600564864, 0.00062048912514, 0.000895174918696, 0.00149662210606, 0.000765901990235, 0.0104108192027, 0.0213206745684, 0.000788445060607, 0.000109762309876, 2.38646189246e-05, 0.000725086196326, 0.00168456917163, 9.32179173105e-05, 3.48927169398e-05, 1.21235789265e-05, 9.18483056012e-06, 7.29366547603e-06, 4.61193258161e-06, 4.74715443488e-06, 3.88300395571e-06, 5.69055782762e-06, 2.22044832299e-06, 1.84042164619e-06, 1.40237671076e-06, 1.17555975976e-06, 1.05369042558e-06, 8.6412097744e-07, 7.2510033533e-07, 6.48463242214e-07, 5.11035125328e-07, 4.43382447202e-07, 3.87643353861e-07, 3.21192231922e-07, 2.86296767626e-07, 2.54774448649e-07, 2.21193403149e-07, 1.90048666582e-07, 1.58649186233e-07, 1.4584014707e-07],
        "mean": [5.9058827901e-05, 0.000124598722323, 3.37048149959e-05, 1.65787932929e-05, 1.51781059685e-05, 1.06477118607e-05, 0.000316783582093, 0.000691710505635, 1.2184528714e-05, 2.72078591479e-06, 5.2415191476e-07, 2.12005816138e-05, 5.46098381164e-05, 1.29788350023e-06, 4.40338055796e-07, 2.30355198028e-07, 1.39827307066e-07, 8.42163814241e-08, 8.39977545297e-08, 6.88906993673e-08, 5.04444486182e-08, 1.5880543458e-07, 3.3994595583e-08, 2.56409435906e-08, 2.57702019724e-08, 4.10126617112e-08, 2.58731098768e-08, 2.48053169116e-08, 1.67078830771e-08, 1.35841826676e-08, 1.03087822723e-08, 7.99500732285e-09, 7.13363856875e-09, 7.68487407043e-09, 6.44122311044e-09, 5.85722093049e-09, 5.26522070388e-09, 4.84167639314e-09, 4.44613412753e-09, 4.3032017949e-09],
        "median": [3.67273205484e-05, 0.000106550636701, 2.70775180979e-05, 8.4533030531e-06, 1.29360012124e-06, 5.0154994824e-07, 2.77949993688e-07, 1.14311859534e-07, 1.66524472434e-07, 8.74779431115e-08, 5.00933410308e-08, 3.73258508546e-08, 5.03685662068e-08, 5.26525312239e-08, 4.06070412851e-08, 3.50313378306e-08, 3.00031217648e-08, 2.5245361357e-08, 2.15020037331e-08, 1.2549376649e-08, 9.64935509273e-09, 9.14781494998e-09, 9.18612208523e-09, 8.92909923778e-09, 1.14058504863e-08, 1.3034624935e-08, 1.07887583312e-08, 1.05193320721e-08, 9.0760696736e-09, 6.31675556306e-09, 4.79543604825e-09, 4.19699652809e-09, 3.9070910951e-09, 4.49778170264e-09, 3.99781630023e-09, 3.47610340512e-09, 3.31872884729e-09, 3.20990389824e-09, 2.96501001529e-09, 2.94498780917e-09],
        "min": [1.80035954145e-06, 8.66614391271e-06, 1.7823330154e-06, 6.03045464231e-07, 3.1267381928e-07, 5.34050386136e-08, 3.42240191742e-08, 1.87848137045e-08, 1.44165319682e-08, 1.00264410108e-08, 8.53306314497e-09, 6.79959821781e-09, 1.65286326848e-08, 9.97265292568e-09, 6.79510581136e-09, 1.01009787201e-08, 8.72475247604e-09, 9.85965442624e-09, 5.20383158786e-09, 2.93737145718e-09, 3.56608587104e-09, 2.16039630629e-09, 1.96879135217e-09, 3.92833898744e-09, 3.13959369613e-09, 2.32651276022e-09, 2.84022672048e-09, 3.02248071016e-09, 4.2640904141e-09, 3.0271358753e-09, 2.13441486707e-09, 2.27979901624e-09, 1.71837122309e-09, 1.72547476307e-09, 1.49459356003e-09, 1.45880962865e-09, 1.14277487473e-09, 7.96172905382e-10, 1.49032863828e-09, 1.56407931051e-09],
        "var": [3.19938830984e-09, 7.8340773868e-09, 2.97288993423e-09, 6.07055872237e-09, 1.72676788424e-08, 5.47768275183e-09, 2.26832094086e-06, 1.10563551061e-05, 5.54217072235e-09, 1.94451468816e-10, 6.79501333672e-12, 1.08342126381e-08, 6.79809772919e-08, 9.22249707158e-11, 9.69899334458e-12, 1.31813537949e-12, 6.67781747867e-13, 4.03230508879e-13, 1.76496729558e-13, 1.79254777254e-13, 1.16626285994e-13, 5.44401492202e-13, 3.98538623977e-14, 2.56321097566e-14, 1.53175625531e-14, 2.27783812184e-14, 1.11757848933e-14, 9.54427492307e-15, 4.06661746175e-15, 3.29521883921e-15, 2.04566037707e-15, 1.47468107892e-15, 1.12641448293e-15, 7.95530591204e-16, 6.15703802436e-16, 4.9526365827e-16, 3.65903330728e-16, 2.69312749151e-16, 1.90202823258e-16, 1.62657907383e-16]
    },
    "mfcc": {
        "mean": [-931.350097656, 125.366889954, 49.2015533447, 40.6147689819, 23.1562175751, 20.8779067993, 19.2737178802, 5.91404485703, 1.36486244202, 6.55577945709, 1.71736967564, 0.347339272499, 0.491708368063],
        "cov": [[1896.31433105, 680.501953125, -351.774383545, -475.98727417, -586.483886719, -485.58706665, -276.491760254, -67.3541641235, -40.3386383057, -122.145980835, -65.4601593018, 195.316925049, 273.282745361], [680.501953125, 369.50894165, -132.109863281, -196.467956543, -248.458145142, -208.200469971, -113.694511414, -9.51362323761, 7.71690654755, -35.2769546509, -21.2615890503, 92.6420440674, 123.243919373], [-351.774383545, -132.109863281, 111.535743713, 121.894485474, 136.309448242, 109.628799438, 68.1551818848, 16.5311889648, 3.95760321617, 26.9816741943, 6.23379993439, -45.2957229614, -57.9805145264], [-475.98727417, -196.467956543, 121.894485474, 172.472091675, 186.687484741, 151.362686157, 93.5973129272, 21.3700046539, 2.51786446571, 27.76795578, 7.86015081406, -61.5756530762, -74.1762924194], [-586.483886719, -248.458145142, 136.309448242, 186.687484741, 246.503723145, 201.426376343, 111.873046875, 22.8848457336, 3.53247070312, 34.7461280823, 14.365114212, -75.4101333618, -94.3140945435], [-485.58706665, -208.200469971, 109.628799438, 151.362686157, 201.426376343, 187.800384521, 106.102210999, 23.5344085693, 8.51470756531, 29.9227027893, 11.9317417145, -62.8773803711, -75.1073455811], [-276.491760254, -113.694511414, 68.1551818848, 93.5973129272, 111.873046875, 106.102210999, 90.4112701416, 28.5653400421, 9.16945552826, 22.2297954559, 4.28678941727, -35.9442977905, -43.7527542114], [-67.3541641235, -9.51362323761, 16.5311889648, 21.3700046539, 22.8848457336, 23.5344085693, 28.5653400421, 35.5192108154, 18.7011108398, 11.1810626984, 6.78185796738, -1.69241189957, -8.76585388184], [-40.3386383057, 7.71690654755, 3.95760321617, 2.51786446571, 3.53247070312, 8.51470756531, 9.16945552826, 18.7011108398, 39.1251525879, 23.321931839, 7.24052000046, 4.88905906677, -4.41585540771], [-122.145980835, -35.2769546509, 26.9816741943, 27.76795578, 34.7461280823, 29.9227027893, 22.2297954559, 11.1810626984, 23.321931839, 46.6888656616, 22.1273269653, -6.42540359497, -23.020368576], [-65.4601593018, -21.2615890503, 6.23379993439, 7.86015081406, 14.365114212, 11.9317417145, 4.28678941727, 6.78185796738, 7.24052000046, 22.1273269653, 36.3527679443, 10.2131814957, -8.41131305695], [195.316925049, 92.6420440674, -45.2957229614, -61.5756530762, -75.4101333618, -62.8773803711, -35.9442977905, -1.69241189957, 4.88905906677, -6.42540359497, 10.2131814957, 48.4942474365, 39.4226760864], [273.282745361, 123.243919373, -57.9805145264, -74.1762924194, -94.3140945435, -75.1073455811, -43.7527542114, -8.76585388184, -4.41585540771, -23.020368576, -8.41131305695, 39.4226760864, 69.1609802246]],
