{
"lowlevel": {
    "average_loudness": 0.903470933437,
    "barkbands_crest": {
        "dmean": 1.54475176334,
        "dmean2": 2.48048353195,
        "dvar": 3.30711817741,
        "dvar2": 9.53291034698,
        "max": 26.9852714539,
        "mean": 20.7893791199,
        "median": 21.5161972046,
        "min": 6.81579399109,
        "var": 34.7272872925
    },
    "barkbands_flatness_db": {
        "dmean": 0.020551322028,
        "dmean2": 0.0317345969379,
        "dvar": 0.000848489464261,
        "dvar2": 0.000930625537876,
        "max": 0.674818634987,
        "mean": 0.463160961866,
        "median": 0.412360399961,
        "min": 0.177823483944,
        "var": 0.0193020831794
    },
    "barkbands_kurtosis": {
        "dmean": 155.633132935,
        "dmean2": 294.790130615,
        "dvar": 94479.59375,
        "dvar2": 313585.96875,
        "max": 2337.39331055,
        "mean": 345.002105713,
        "median": 9.8571844101,
        "min": -1.68625712395,
        "var": 337128.46875
    },
    "barkbands_skewness": {
        "dmean": 1.81004846096,
        "dmean2": 2.95804142952,
        "dvar": 5.14164447784,
        "dvar2": 13.2803277969,
        "max": 4.43628692627,
        "mean": -8.49951839447,
        "median": -1.29350972176,
        "min": -37.2395095825,
        "var": 163.313217163
    },
    "barkbands_spread": {
        "dmean": 1.4886752367,
        "dmean2": 2.44723510742,
        "dvar": 3.95133423805,
        "dvar2": 10.1950569153,
        "max": 16.4888000488,
        "mean": 5.89764165878,
        "median": 4.12039041519,
        "min": 0.0227389801294,
        "var": 31.5891609192
    },
    "dissonance": {
        "dmean": 0.097909539938,
        "dmean2": 0.166397750378,
        "dvar": 0.00687722023576,
        "dvar2": 0.02074678801,
        "max": 0.496113926172,
        "mean": 0.229228779674,
        "median": 0.226041212678,
        "min": 0.0336249396205,
        "var": 0.016543885693
    },
    "dynamic_complexity": 8.8001241684,
    "erbbands_crest": {
        "dmean": 0.708716750145,
        "dmean2": 1.09305846691,
        "dvar": 1.96803820133,
        "dvar2": 4.32823562622,
        "max": 27.5989494324,
        "mean": 25.383102417,
        "median": 26.3009567261,
        "min": 17.4326019287,
        "var": 5.37729883194
    },
    "erbbands_flatness_db": {
        "dmean": 0.0108700087294,
        "dmean2": 0.0144565934315,
        "dvar": 0.000436380476458,
        "dvar2": 0.000387096748454,
        "max": 0.644173800945,
        "mean": 0.439867913723,
        "median": 0.425925791264,
        "min": 0.200494349003,
        "var": 0.0226078219712
    },
    "erbbands_kurtosis": {
        "dmean": 8.88679122925,
        "dmean2": 15.0662765503,
        "dvar": 130.392486572,
        "dvar2": 380.127563477,
        "max": 110.238571167,
        "mean": 32.7871131897,
        "median": 20.3709182739,
        "min": -0.845033168793,
        "var": 1025.15026855
    },
    "erbbands_skewness": {
        "dmean": 0.659850656986,
        "dmean2": 1.08497416973,
        "dvar": 1.22648835182,
        "dvar2": 2.60498857498,
        "max": 6.18531990051,
        "mean": -1.48637580872,
        "median": -0.917229712009,
        "min": -6.94607782364,
        "var": 5.2621216774
    },
    "erbbands_spread": {
        "dmean": 1.49350738525,
        "dmean2": 2.56956362724,
        "dvar": 8.38569068909,
        "dvar2": 22.0186100006,
        "max": 25.1657047272,
        "mean": 4.68907833099,
        "median": 1.12546372414,
        "min": 0.274133294821,
        "var": 47.2390708923
    },
    "hfc": {
        "dmean": 0.710362434387,
        "dmean2": 0.536201119423,
        "dvar": 3.75204801559,
        "dvar2": 3.62058115005,
        "max": 50.4882698059,
        "mean": 18.3250331879,
        "median": 4.2931432724,
        "min": 0.00411063898355,
        "var": 406.640380859
    },
    "melbands_crest": {
        "dmean": 2.10024857521,
        "dmean2": 3.32202219963,
        "dvar": 6.31716966629,
        "dvar2": 17.3631477356,
        "max": 29.6161022186,
        "mean": 21.7143325806,
        "median": 22.7614059448,
        "min": 10.5729207993,
        "var": 22.9367637634
    },
    "melbands_flatness_db": {
        "dmean": 0.0236395727843,
        "dmean2": 0.037279702723,
        "dvar": 0.00102332362439,
        "dvar2": 0.00125177553855,
        "max": 0.742068350315,
        "mean": 0.565412700176,
        "median": 0.555104851723,
        "min": 0.299726575613,
        "var": 0.014201041311
    },
    "melbands_kurtosis": {
        "dmean": 6.87366247177,
        "dmean2": 11.9285812378,
        "dvar": 74.3384017944,
        "dvar2": 212.453857422,
        "max": 102.341400146,
        "mean": 32.1383361816,
        "median": 9.32087039948,
        "min": -1.90183269978,
        "var": 1449.51989746
    },
    "melbands_skewness": {
        "dmean": 0.892057061195,
        "dmean2": 1.52236926556,
        "dvar": 0.689048349857,
        "dvar2": 1.66019046307,
        "max": 5.27573347092,
        "mean": -1.44448506832,
        "median": -0.668834388256,
        "min": -7.49426698685,
        "var": 14.0615730286
    },
    "melbands_spread": {
        "dmean": 2.23944735527,
        "dmean2": 3.64602732658,
        "dvar": 9.918217659,
        "dvar2": 22.9344577789,
        "max": 24.6250762939,
        "mean": 8.82894706726,
        "median": 5.90384721756,
        "min": 0.300823301077,
        "var": 73.5570068359
    },
    "pitch_salience": {
        "dmean": 0.0405646003783,
        "dmean2": 0.0627624392509,
        "dvar": 0.00360923050903,
        "dvar2": 0.00631403317675,
        "max": 0.777948856354,
        "mean": 0.237343087792,
        "median": 0.261034011841,
        "min": 0.0177359767258,
        "var": 0.0290463585407
    },
    "silence_rate_20dB": {
        "dmean": 0,
        "dmean2": 0,
        "dvar": 0,
        "dvar2": 0,
        "max": 1,
        "mean": 1,
        "median": 1,
        "min": 1,
        "var": 0
    },
    "silence_rate_30dB": {
        "dmean": 0,
        "dmean2": 0,
        "dvar": 0,
        "dvar2": 0,
        "max": 1,
        "mean": 1,
        "median": 1,
        "min": 1,
        "var": 0
    },
    "silence_rate_60dB": {
        "dmean": 0.0583333335817,
        "dmean2": 0.117647059262,
        "dvar": 0.0549305453897,
        "dvar2": 0.103806197643,
        "max": 1,
        "mean": 0.404958665371,
        "median": 0,
        "min": 0,
        "var": 0.240967318416
    },
    "spectral_centroid": {
        "dmean": 37.0466651917,
        "dmean2": 62.8413925171,
        "dvar": 3803.4230957,
        "dvar2": 9716.38867188,
        "max": 857.751220703,
        "mean": 711.809387207,
        "median": 800.111206055,
        "min": 276.059051514,
        "var": 28948.4628906
    },
    "spectral_complexity": {
        "dmean": 0.208333328366,
        "dmean2": 0.394957989454,
        "dvar": 0.198264047503,
        "dvar2": 0.491066724062,
        "max": 4,
        "mean": 1.80165290833,
        "median": 2,
        "min": 0,
        "var": 0.307765424252
    },
    "spectral_decrease": {
        "dmean": 2.98035540691e-10,
        "dmean2": 3.3767094676e-10,
        "dvar": 3.62977916329e-19,
        "dvar2": 3.85120093761e-19,
        "max": -2.49669512495e-12,
        "mean": -5.66891023013e-09,
        "median": -1.56782997696e-09,
        "min": -1.49894194834e-08,
        "var": 3.39722614354e-17
    },
    "spectral_energy": {
        "dmean": 0.00118718342856,
        "dmean2": 0.00132036407012,
        "dvar": 5.96678682996e-06,
        "dvar2": 6.25716393188e-06,
        "max": 0.0611528232694,
        "mean": 0.023057796061,
        "median": 0.00624918006361,
        "min": 9.79595733952e-06,
        "var": 0.000567665731069
    },
    "spectral_energyband_high": {
        "dmean": 5.94471146087e-07,
        "dmean2": 6.40849464162e-07,
        "dvar": 2.97910793257e-11,
        "dvar2": 2.96971162939e-11,
        "max": 6.19283746346e-05,
        "mean": 1.33289734094e-06,
        "median": 9.29603345412e-07,
        "min": 2.62112624938e-08,
        "var": 3.07133138366e-11
    },
    "spectral_energyband_low": {
        "dmean": 0.00049127836246,
        "dmean2": 0.000819951295853,
        "dvar": 4.97208247907e-07,
        "dvar2": 1.10844541723e-06,
        "max": 0.00541385216638,
        "mean": 0.00100802863017,
        "median": 0.000451068277471,
        "min": 4.4294165491e-06,
        "var": 1.57623117047e-06
    },
    "spectral_energyband_middle_high": {
        "dmean": 0.000861407956108,
        "dmean2": 0.000615088734776,
        "dvar": 7.17811371942e-06,
        "dvar2": 6.95964217812e-06,
        "max": 0.0608999244869,
        "mean": 0.0219807587564,
        "median": 0.00500823743641,
        "min": 2.38423467636e-06,
        "var": 0.000597280857619
    },
    "spectral_energyband_middle_low": {
        "dmean": 0.000109205684566,
        "dmean2": 0.000143685509101,
        "dvar": 1.37438263437e-07,
        "dvar2": 1.45069449786e-07,
        "max": 0.0076424726285,
        "mean": 0.00130077172071,
        "median": 0.000461532617919,
        "min": 3.46770275428e-06,
        "var": 1.96140058506e-06
    },
    "spectral_entropy": {
        "dmean": 0.163420051336,
        "dmean2": 0.23248013854,
        "dvar": 0.0907311439514,
        "dvar2": 0.0885194987059,
        "max": 7.89408588409,
        "mean": 4.45008039474,
        "median": 4.58891582489,
        "min": 2.52999567986,
        "var": 2.0793735981
    },
    "spectral_flux": {
        "dmean": 0.00618935236707,
        "dmean2": 0.00949611421674,
        "dvar": 0.000133182751597,
        "dvar2": 0.000180144241313,
        "max": 0.173638045788,
        "mean": 0.0161756873131,
        "median": 0.0119180092588,
        "min": 0.0023074906785,
        "var": 0.000397187599447
    },
    "spectral_kurtosis": {
        "dmean": 18.5407600403,
        "dmean2": 33.5701217651,
        "dvar": 821.721435547,
        "dvar2": 2687.16967773,
        "max": 216.483764648,
        "mean": 61.8461418152,
        "median": 33.1938247681,
        "min": 4.43153381348,
        "var": 3211.54907227
    },
    "spectral_rms": {
        "dmean": 0.000199900561711,
        "dmean2": 0.000267140712822,
        "dvar": 6.53012790508e-08,
        "dvar2": 1.13828185988e-07,
        "max": 0.00772407231852,
        "mean": 0.00386941595934,
        "median": 0.00246916199103,
        "min": 9.77600720944e-05,
        "var": 7.52303549234e-06
    },
    "spectral_rolloff": {
        "dmean": 59.9340820312,
        "dmean2": 120.151657104,
        "dvar": 34870.0664062,
        "dvar2": 93666.984375,
        "max": 861.328125,
        "mean": 736.401184082,
        "median": 839.794921875,
        "min": 107.666015625,
        "var": 59884.4570312
    },
    "spectral_skewness": {
        "dmean": 0.694339990616,
        "dmean2": 1.15679693222,
        "dvar": 0.913109958172,
        "dvar2": 2.29517292976,
        "max": 12.7529220581,
        "mean": 6.18153095245,
        "median": 4.9331445694,
        "min": 2.26033902168,
        "var": 10.5214385986
    },
    "spectral_spread": {
        "dmean": 639158.6875,
        "dmean2": 1032862.125,
        "dvar": 1.44561091379e+12,
        "dvar2": 1.11209598157e+12,
        "max": 22275236,
        "mean": 3164206.5,
        "median": 2730469.25,
        "min": 521069.03125,
        "var": 5.59905977139e+12
    },
    "spectral_strongpeak": {
        "dmean": 0.178055852652,
        "dmean2": 0.199823096395,
        "dvar": 0.262446045876,
        "dvar2": 0.288046121597,
        "max": 7.75094938278,
        "mean": 3.47667646408,
        "median": 2.07643556595,
        "min": 0,
        "var": 10.3183269501
    },
    "zerocrossingrate": {
        "dmean": 0.00234375009313,
        "dmean2": 0.00285993306898,
        "dvar": 1.48240733324e-05,
        "dvar2": 1.70150142367e-05,
        "max": 0.0498046875,
        "mean": 0.0325251817703,
        "median": 0.03759765625,
        "min": 0.00830078125,
        "var": 8.35189130157e-05
    },
    "barkbands": {
        "dmean": [8.16825740912e-06, 0.000346390530467, 0.000254544516793, 3.19152932207e-05, 9.52173104452e-06, 1.62292076311e-06, 1.26534791889e-06, 1.65510050465e-06, 1.23300906125e-05, 0.000859384133946, 5.87355270909e-06, 1.73190210262e-06, 8.23380048587e-07, 5.21531433151e-07, 3.42691237165e-07, 2.46496938416e-07, 1.87132172869e-07, 1.59985418691e-07, 1.54707961997e-07, 1.30329596004e-07, 1.18836915419e-07, 9.38595619004e-08, 7.99299257892e-08, 7.42972119383e-08, 7.09192065074e-08, 7.36589953476e-08, 1.01057928248e-07],
        "dmean2": [1.21777920867e-05, 0.000549635151401, 0.000429609004641, 5.25471477886e-05, 1.06640427475e-05, 2.43218073592e-06, 1.48473816353e-06, 1.47136381656e-06, 1.24800453705e-05, 0.00061361968983, 6.0874817791e-06, 1.80886377166e-06, 8.73321312156e-07, 5.74958335164e-07, 3.72017552763e-07, 2.66412513383e-07, 2.07387785167e-07, 1.73957729999e-07, 1.8524609402e-07, 1.54405668695e-07, 1.28589277892e-07, 1.06031116331e-07, 9.2023398679e-08, 8.48352570415e-08, 7.91491743257e-08, 8.78629506929e-08, 1.29941810201e-07],
        "dvar": [1.3018643108e-10, 2.44017712703e-07, 1.71211027578e-07, 1.70774738795e-09, 9.0015694898e-10, 2.88380413299e-11, 1.44415347736e-11, 7.93038898439e-11, 1.72114269503e-08, 7.06527953298e-06, 3.49657813814e-09, 3.24116816719e-10, 6.96556978763e-11, 2.35518011343e-11, 1.07164563681e-11, 5.93747533778e-12, 2.78975323745e-12, 2.37271075183e-12, 1.66388409127e-12, 1.1003473523e-12, 8.98270878253e-13, 7.18180614805e-13, 4.79706823309e-13, 4.35499807874e-13, 3.92438794135e-13, 3.53435894917e-13, 4.03948304927e-13],
        "dvar2": [2.75920036819e-10, 6.03883734129e-07, 4.56124951143e-07, 4.40003056212e-09, 6.90179136065e-10, 7.09440353686e-11, 9.36194698153e-12, 4.94135947438e-11, 1.73975074347e-08, 6.85214718033e-06, 3.36751915242e-09, 3.26519977722e-10, 6.97817845174e-11, 2.36261808728e-11, 1.07755150289e-11, 5.97582660439e-12, 2.88330167034e-12, 2.38090189925e-12, 1.6714157185e-12, 1.10533630859e-12, 8.7309651696e-13, 7.10968122482e-13, 4.8251176275e-13, 4.38517576201e-13, 3.90669105139e-13, 3.55138797059e-13, 4.06310673041e-13],
        "max": [7.70071928855e-05, 0.0029512073379, 0.00318231573328, 0.000259612308582, 0.000406593375374, 6.38147248537e-05, 6.44971441943e-05, 0.000157557195053, 0.00146283267532, 0.0608992502093, 0.000673481845297, 0.000198538662517, 9.22135295696e-05, 5.37772939424e-05, 3.61531238013e-05, 2.68713120022e-05, 1.90532300621e-05, 1.70030125446e-05, 1.43592860695e-05, 1.16853088912e-05, 1.16667206385e-05, 9.46643103816e-06, 7.69955840951e-06, 7.34678542358e-06, 6.99771771906e-06, 6.61226886223e-06, 7.0645373853e-06],
        "mean": [1.32398445203e-05, 0.000584811845329, 0.000374652154278, 4.54732653452e-05, 2.27375803661e-05, 2.79160690297e-06, 2.2787769467e-06, 2.9034997624e-06, 1.30201342472e-05, 0.0219834558666, 6.26471637588e-06, 1.79687026503e-06, 8.70155020039e-07, 6.32525882338e-07, 3.87707927985e-07, 2.71337597724e-07, 2.9532662893e-07, 1.85429968269e-07, 2.17372956968e-07, 1.93682708982e-07, 1.98126429041e-07, 1.30755807959e-07, 1.18782082836e-07, 1.22557281657e-07, 1.31232283707e-07, 1.67685200836e-07, 4.09644314914e-07],
        "median": [5.36572679266e-06, 0.00021656852914, 0.00012238821364, 1.90237005881e-05, 5.46146111446e-06, 1.57618217145e-06, 4.37344340298e-07, 2.11206810263e-07, 2.0447072302e-07, 0.00500789796934, 1.95846894258e-07, 1.298506902e-07, 9.32438197765e-08, 1.17552808376e-07, 7.64989565027e-08, 4.23233004199e-08, 6.63284112079e-08, 4.29738804542e-08, 1.00313414464e-07, 9.52881151761e-08, 7.19258537174e-08, 5.25742009927e-08, 5.9580937517e-08, 6.81534544356e-08, 8.48343972848e-08, 1.32981597289e-07, 4.31919772836e-07],
        "min": [5.1777653276e-09, 1.67844507359e-06, 6.14411021616e-07, 7.08514733105e-07, 5.84160602557e-07, 1.68397093603e-07, 6.04661991588e-08, 2.89826047606e-08, 4.71948311542e-08, 2.47162347478e-06, 2.91299251387e-08, 2.30876864293e-08, 9.10612918403e-09, 1.1497125918e-08, 5.58260282446e-09, 3.41333894482e-09, 2.63699906355e-09, 2.20397833317e-09, 2.47682829801e-09, 4.63709426413e-09, 2.11851181042e-09, 2.54976839642e-09, 1.67841307519e-09, 9.20225728951e-10, 2.77588574349e-09, 4.99437513568e-09, 9.48217682151e-09],
        "var": [2.8436059063e-10, 6.06096534739e-07, 3.06975920239e-07, 2.99587399333e-09, 3.93055721304e-09, 4.05719416396e-11, 5.05835269504e-11, 2.73299216591e-10, 1.75258598745e-08, 0.000597364269197, 3.7158287558e-09, 3.22573356915e-10, 6.95336010992e-11, 2.35631878592e-11, 1.06622956991e-11, 5.89713868016e-12, 2.96357426446e-12, 2.35749570907e-12, 1.66864232935e-12, 1.10269616788e-12, 1.12166742908e-12, 7.26913863304e-13, 4.79676465649e-13, 4.35747900436e-13, 3.94022813509e-13, 3.48899159347e-13, 4.00485254768e-13]
    },
    "erbbands": {
        "dmean": [0.00643373792991, 0.0926952883601, 0.283638209105, 0.201445445418, 0.0538602210581, 0.0192309729755, 0.013313414529, 0.0122591229156, 0.011074943468, 0.027533210814, 0.0631778761744, 0.451695472002, 21.3733997345, 9.85949897766, 0.305816859007, 0.0733113586903, 0.0407626666129, 0.0277945492417, 0.0211886763573, 0.0158158950508, 0.0126420566812, 0.0106140393764, 0.00891395099461, 0.00787155609578, 0.0074840625748, 0.00631072092801, 0.0049259243533, 0.00464270077646, 0.00350268557668, 0.00287080300041, 0.00212884298526, 0.00158578925766, 0.00125535647385, 0.000853708246723, 0.000520972476806, 0.000293807126582, 0.000150501946337, 5.871464964e-05, 1.48701019498e-05, 2.01367197405e-06],
        "dmean2": [0.010530879721, 0.146627396345, 0.482093095779, 0.320139884949, 0.0705780163407, 0.0255370754749, 0.020422052592, 0.0180398020893, 0.0120917540044, 0.032512050122, 0.0612301528454, 0.356259912252, 15.9605998993, 6.98291397095, 0.23284868896, 0.0705914646387, 0.0428972914815, 0.0296241026372, 0.0229800287634, 0.0171487946063, 0.0135333817452, 0.0117149064317, 0.00969444960356, 0.00892154499888, 0.00895165000111, 0.00752365076914, 0.0056451773271, 0.00485431123525, 0.00394378928468, 0.00336967199109, 0.00242069293745, 0.00177839456592, 0.00146729289554, 0.000970264081843, 0.000603556982242, 0.000351953989593, 0.000182636023965, 7.56762383389e-05, 1.97203080461e-05, 2.58653631136e-06],
        "dvar": [7.37132650102e-05, 0.0168289970607, 0.208345159888, 0.0871920138597, 0.0191862229258, 0.00159487489145, 0.000256220460869, 0.00315413647331, 0.00116141780745, 0.00791855063289, 0.182880192995, 1.63153088093, 4133.04785156, 680.959899902, 1.04572415352, 0.412643134594, 0.164273321629, 0.07656609267, 0.0400838144124, 0.0238173920661, 0.0159327741712, 0.00881569553167, 0.00744205527008, 0.00512325204909, 0.00391801819205, 0.00248415628448, 0.00169424561318, 0.00129594712052, 0.000977509538643, 0.000594384793658, 0.000363159895642, 0.00020734044665, 0.000113836264063, 5.27086740476e-05, 1.83862011909e-05, 5.38534686712e-06, 1.24792495626e-06, 1.51944334448e-07, 7.80570896808e-09, 4.01447174114e-11],
        "dvar2": [0.000197398578166, 0.0410610623658, 0.565198838711, 0.22018314898, 0.0212069302797, 0.00208039837889, 0.000528487900738, 0.00726629793644, 0.000633492600173, 0.00508618168533, 0.128631547093, 1.68899309635, 4014.80566406, 659.06060791, 1.03477787971, 0.416324049234, 0.164822921157, 0.0768484845757, 0.0401848778129, 0.0240106843412, 0.0160603187978, 0.0091634625569, 0.00747905159369, 0.00514383194968, 0.00393709680066, 0.00249550142325, 0.00169136503246, 0.00123927544337, 0.000957966083661, 0.000595611578319, 0.000365418120055, 0.000208181299968, 0.000114934897283, 5.25510477019e-05, 1.82922249223e-05, 5.43355281479e-06, 1.24986252104e-06, 1.52944153342e-07, 7.80842324133e-09, 4.09989125982e-11],
        "max": [0.0543714389205, 0.80283164978, 3.34107923508, 2.01158332825, 1.69263625145, 0.652775406837, 0.261785984039, 0.614192426205, 0.617591321468, 1.73704016209, 6.72890377045, 42.2029075623, 1462.26123047, 743.675598145, 29.7676734924, 8.20923614502, 4.62010335922, 3.08886432648, 2.22798395157, 1.70556259155, 1.39701581001, 1.07928001881, 0.955051600933, 0.796026349068, 0.693414628506, 0.556512653828, 0.466088294983, 0.46420481801, 0.353921115398, 0.271839827299, 0.211033716798, 0.159191429615, 0.119575209916, 0.0812080875039, 0.048032220453, 0.0257977358997, 0.0124823059887, 0.00434040185064, 0.00101254251786, 0.000135703143314],
        "mean": [0.00889875553548, 0.157160699368, 0.457030653954, 0.294107824564, 0.123407736421, 0.038761369884, 0.0290364585817, 0.0175238065422, 0.0221812929958, 0.0705622658134, 0.3646530509, 11.5537672043, 538.282592773, 261.623382568, 7.52441453934, 0.508279681206, 0.0996673554182, 0.043819013983, 0.0303765982389, 0.019321616739, 0.0154294986278, 0.01795312576, 0.010882913135, 0.0104921609163, 0.0105635756627, 0.00954568013549, 0.00748191680759, 0.00816462095827, 0.00503315310925, 0.00402995571494, 0.0032515397761, 0.00255489861593, 0.00207391404547, 0.00147041270975, 0.000969329441432, 0.000586713955272, 0.000332246854668, 0.000153548477101, 6.2879465986e-05, 3.38300887961e-05],
        "median": [0.00395846180618, 0.0619938634336, 0.156248435378, 0.0828179568052, 0.0486660115421, 0.0168003551662, 0.018602008, 0.00771831069142, 0.00891327578574, 0.0375873968005, 0.0677997544408, 2.74477434158, 127.130310059, 56.3303871155, 1.5893253088, 0.100468456745, 0.019358323887, 0.00912360008806, 0.00867993850261, 0.00537245394662, 0.00377697427757, 0.00388012430631, 0.00285137165338, 0.00375919323415, 0.00489834230393, 0.00489321770146, 0.00329071981832, 0.00249308324419, 0.00199819775298, 0.00176125217695, 0.00151475984603, 0.00139018334448, 0.00117259460967, 0.000879688712303, 0.000612556585111, 0.000411495740991, 0.000258133397438, 0.000136824746733, 5.65899281355e-05, 1.4802689293e-05],
        "min": [4.16040020355e-05, 0.000477645342471, 0.00151235994417, 0.00222188374028, 0.00208940403536, 0.00182155892253, 0.000845006841701, 0.00161634315737, 0.00201580417342, 0.00164290296379, 0.0024309004657, 0.0143480366096, 0.0688982754946, 0.0413070805371, 0.00533682014793, 0.00185724964831, 0.000554934958927, 0.000441428768681, 0.000401358207455, 0.000242233625613, 0.000229311190196, 0.000149214523844, 0.000113381283882, 0.000115600960271, 0.000149848783622, 0.000275053404039, 0.000101936377177, 6.93407055223e-05, 6.39293575659e-05, 0.000107114814455, 4.37289309048e-05, 2.00431677513e-05, 1.82900366781e-05, 3.4296339436e-05, 1.5737981812e-05, 9.80900222203e-06, 8.6139434643e-06, 4.49479466624e-06, 1.43129659591e-06, 1.65309714362e-07],
        "var": [0.000145237907418, 0.0439293086529, 0.404717981815, 0.162736028433, 0.0734979137778, 0.0073427092284, 0.00157203967683, 0.00350384390913, 0.00459368806332, 0.0412891954184, 0.477507948875, 163.935668945, 355181, 85417.8671875, 71.6903381348, 0.736310839653, 0.174346834421, 0.0775155648589, 0.0403217673302, 0.0236983429641, 0.0159091167152, 0.0095420749858, 0.00743012642488, 0.005145045463, 0.00389118306339, 0.00249876035377, 0.00175700499676, 0.00181445432827, 0.00101570109837, 0.000598865037318, 0.000360275065759, 0.000204805081012, 0.00011530444317, 5.31074911123e-05, 1.85203152796e-05, 5.32316789759e-06, 1.2402252878e-06, 1.49280879214e-07, 7.68742580703e-09, 7.17704118358e-10]
    },
    "gfcc": {
        "mean": [-260.793487549, 121.119537354, -54.4247283936, -35.7574958801, -44.6550369263, 34.7705535889, 42.5032310486, 29.013086319, -27.9954872131, -38.022403717, -35.333065033, -5.71908044815, 10.5529375076],
        "cov": [[1187.96166992, 213.497817993, -388.086761475, -446.580596924, -224.020324707, 69.3255767822, 198.346817017, -1.64562785625, -84.695640564, -184.093063354, -94.2433776855, -19.3952140808, 46.8559989929], [213.497817993, 326.50402832, -218.904495239, -403.120697021, -129.231079102, 39.7679595947, 190.61088562, -18.7853069305, -52.6870040894, -169.221588135, -72.0717391968, -34.8600730896, 34.4168052673], [-388.086761475, -218.904495239, 939.396057129, 1150.44714355, 409.11618042, 5.92170572281, -271.763885498, 90.7310333252, 98.8018341064, 297.831237793, 96.1427154541, 39.1444206238, -113.029312134], [-446.580596924, -403.120697021, 1150.44714355, 1579.03344727, 512.539855957, -71.5556793213, -457.935241699, 68.9649658203, 131.521697998, 423.758087158, 133.092315674, 67.7768859863, -140.341903687], [-224.020324707, -129.231079102, 409.11618042, 512.539855957, 235.732971191, 34.5392684937, -107.378913879, 63.7077140808, 66.0153427124, 137.544250488, 52.513835907, 17.082118988, -52.9625244141], [69.3255767822, 39.7679595947, 5.92170572281, -71.5556793213, 34.5392684937, 104.525390625, 105.78704071, 65.0181121826, 8.3837146759, -27.7061691284, -2.9422211647, -5.0301117897, -0.424504846334], [198.346817017, 190.61088562, -271.763885498, -457.935241699, -107.378913879, 105.78704071, 236.796386719, 36.5930671692, -37.4505653381, -150.443710327, -47.2920379639, -24.6799411774, 39.794921875], [-1.64562785625, -18.7853069305, 90.7310333252, 68.9649658203, 63.7077140808, 65.0181121826, 36.5930671692, 66.8006668091, 25.1663684845, 26.0494213104, 17.8041133881, 5.31637620926, -14.2156009674], [-84.695640564, -52.6870040894, 98.8018341064, 131.521697998, 66.0153427124, 8.3837146759, -37.4505653381, 25.1663684845, 42.7867279053, 56.776889801, 26.7042922974, 7.16346168518, -21.2573356628], [-184.093063354, -169.221588135, 297.831237793, 423.758087158, 137.544250488, -27.7061691284, -150.443710327, 26.0494213104, 56.776889801, 158.633605957, 61.6185112, 24.6743984222, -44.7410087585], [-94.2433776855, -72.0717391968, 96.1427154541, 133.092315674, 52.513835907, -2.9422211647, -47.2920379639, 17.8041133881, 26.7042922974, 61.6185112, 36.1307640076, 15.2653970718, -10.7413129807], [-19.3952140808, -34.8600730896, 39.1444206238, 67.7768859863, 17.082118988, -5.0301117897, -24.6799411774, 5.31637620926, 7.16346168518, 24.6743984222, 15.2653970718, 21.8807849884, 7.7579832077], [46.8559989929, 34.4168052673, -113.029312134, -140.341903687, -52.9625244141, -0.424504846334, 39.794921875, -14.2156009674, -21.2573356628, -44.7410087585, -10.7413129807, 7.7579832077, 37.9256973267]],
        "icov": [[0.00218817545101, -0.0023194886744, 0.00484113954008, -0.00519643211737, 0.00562908733264, -0.00674569234252, 0.00274245091714, -0.00322164455429, 0.00136057217605, 0.00116197613534, 8.43666202854e-05, 0.00176124298014, 9.75652947091e-05], [-0.0023194886744, 0.0186880156398, -0.0171353667974, 0.00989065133035, -0.00196712650359, 0.0191787350923, -0.0197027586401, 0.012493529357, -0.0159241743386, 0.0110540296882, 0.00878617726266, -0.00567937130108, 0.00202772440389], [0.00484113954008, -0.0171353667974, 0.0376678705215, -0.0292056426406, 0.00667157350108, -0.0250695738941, 0.0104624545202, -0.0151602420956, 0.0203666780144, -0.00558125879616, -0.0144421486184, 0.0127745615318, 0.00425939308479], [-0.00519643211737, 0.00989065133035, -0.0292056426406, 0.0355858653784, -0.0275765657425, 0.0270451419055, -0.00316349603236, 0.009058133699, 0.00156476697885, -0.0179873276502, 0.0279084462672, -0.025766024366, 0.00342631293461], [0.00562908733264, -0.00196712650359, 0.00667157350108, -0.0275765657425, 0.0623945854604, -0.0419634878635, 0.0158579312265, -0.00806204881519, -0.0306464917958, 0.0328123681247, -0.0253115836531, 0.0319514796138, -0.0125032002106], [-0.00674569234252, 0.0191787350923, -0.0250695738941, 0.0270451419055, -0.0419634878635, 0.105116382241, -0.0525925606489, -0.0216277576983, -0.00273057282902, -0.00749774556607, 0.025808012113, -0.0228223204613, 0.00754993548617], [0.00274245091714, -0.0197027586401, 0.0104624545202, -0.00316349603236, 0.0158579312265, -0.0525925606489, 0.0770127251744, -0.036366853863, 0.0108917662874, 0.0197889860719, -0.0144015513361, 0.0240673869848, -0.0184687394649], [-0.00322164455429, 0.012493529357, -0.0151602420956, 0.009058133699, -0.00806204881519, -0.0216277576983, -0.036366853863, 0.100097559392, -0.0197100751102, -0.0123495897278, -0.00816886965185, -0.0301202908158, 0.0233893413097], [0.00136057217605, -0.0159241743386, 0.0203666780144, 0.00156476697885, -0.0306464917958, -0.00273057282902, 0.0108917662874, -0.0197100751102, 0.0983559712768, -0.0391536690295, -0.0123384725302, -0.0136826727539, 0.0258576646447], [0.00116197613534, 0.0110540296882, -0.00558125879616, -0.0179873276502, 0.0328123681247, -0.00749774556607, 0.0197889860719, -0.0123495897278, -0.0391536690295, 0.11714245379, -0.0829971283674, 0.0155424075201, 0.0152447205037], [8.43666202854e-05, 0.00878617726266, -0.0144421486184, 0.0279084462672, -0.0253115836531, 0.025808012113, -0.0144015513361, -0.00816886965185, -0.0123384725302, -0.0829971283674, 0.173455044627, -0.0529052987695, -0.0157338827848], [0.00176124298014, -0.00567937130108, 0.0127745615318, -0.025766024366, 0.0319514796138, -0.0228223204613, 0.0240673869848, -0.0301202908158, -0.0136826727539, 0.0155424075201, -0.0529052987695, 0.152369707823, -0.0819611847401], [9.75652947091e-05, 0.00202772440389, 0.00425939308479, 0.00342631293461, -0.0125032002106, 0.00754993548617, -0.0184687394649, 0.0233893413097, 0.0258576646447, 0.0152447205037, -0.0157338827848, -0.0819611847401, 0.105336807668]]
    },
    "melbands": {
        "dmean": [7.65528093325e-05, 0.000127216946566, 3.17016783811e-05, 2.39398559643e-06, 4.31601989703e-07, 2.78089174799e-07, 1.96181019874e-07, 2.89679519483e-07, 5.71704163121e-07, 1.92626112039e-06, 0.000118504132843, 5.99997365498e-05, 6.80147195453e-07, 2.34250521203e-07, 1.15362951192e-07, 7.57744800239e-08, 4.99222352346e-08, 3.65272612157e-08, 2.53914258508e-08, 1.8101292909e-08, 1.425522278e-08, 1.14009539587e-08, 9.20553411277e-09, 7.41291028561e-09, 6.35381969261e-09, 6.16899997752e-09, 4.79818051957e-09, 4.12447320741e-09, 3.24918691952e-09, 2.91441781819e-09, 2.60448818068e-09, 2.09346739943e-09, 1.69200831124e-09, 1.61473034943e-09, 1.31634358969e-09, 1.06065922711e-09, 9.72064317928e-10, 9.18508935577e-10, 8.18725809371e-10, 7.19076742595e-10],
        "dmean2": [0.000123650126625, 0.000221500027692, 4.94718478876e-05, 2.88204614662e-06, 7.10864924258e-07, 4.14948374328e-07, 2.05643956974e-07, 4.1033291609e-07, 5.88395266732e-07, 1.94189692593e-06, 8.7736043497e-05, 4.24945064879e-05, 7.07644460363e-07, 2.43265446898e-07, 1.21409229337e-07, 8.10561644471e-08, 5.3709566572e-08, 4.02818436385e-08, 2.78677312338e-08, 1.95235276834e-08, 1.53253321145e-08, 1.29065655941e-08, 1.00229611277e-08, 8.08500111305e-09, 7.25651361222e-09, 7.69365904318e-09, 5.675311332e-09, 5.0382147343e-09, 3.86524412477e-09, 3.2345419676e-09, 2.73004796547e-09, 2.3976964858e-09, 1.96951588372e-09, 1.93453608688e-09, 1.53987489426e-09, 1.19355725303e-09, 1.10505060658e-09, 1.09162257012e-09, 9.57653845113e-10, 8.24827817159e-10],
        "dvar": [1.14081792901e-08, 3.81217368783e-08, 1.98868566059e-09, 4.98723805309e-11, 4.72802515455e-13, 1.51831227712e-12, 3.45804981872e-13, 1.28806394804e-12, 2.36411619448e-11, 4.14084405653e-10, 1.31576953777e-07, 3.09740677551e-08, 4.87338155941e-11, 5.97766107446e-12, 1.40367394357e-12, 5.76669029369e-13, 2.3678449609e-13, 1.10739454445e-13, 5.72444245868e-14, 3.2138208788e-14, 1.98038979692e-14, 8.9848969058e-15, 7.81595586321e-15, 4.97312652146e-15, 3.18929652212e-15, 2.26221557322e-15, 1.65059256377e-15, 9.50273981547e-16, 6.94274208047e-16, 4.4472088467e-16, 4.46436708724e-16, 3.38594697341e-16, 2.15638560919e-16, 1.72346614341e-16, 1.26518545239e-16, 9.16856255377e-17, 7.15729340842e-17, 5.7858114092e-17, 4.43135940442e-17, 3.57549514608e-17],
        "dvar2": [2.91542399111e-08, 9.1564992033e-08, 5.10631892325e-09, 4.03406891225e-11, 1.18778923329e-12, 3.56505623633e-12, 1.58876953477e-13, 1.45298692782e-12, 1.96447701856e-11, 4.12870071465e-10, 1.27700417352e-07, 3.02784677331e-08, 4.80429723781e-11, 5.99441546748e-12, 1.41242106986e-12, 5.77715447096e-13, 2.37677580525e-13, 1.10904266727e-13, 5.76714579413e-14, 3.23735348696e-14, 1.99171310277e-14, 9.43922166179e-15, 7.8744841458e-15, 4.98942767053e-15, 3.20113528987e-15, 2.27517835369e-15, 1.65661210928e-15, 9.54507875734e-16, 6.97444705308e-16, 4.26046243403e-16, 4.33167884666e-16, 3.33582644573e-16, 2.12896437336e-16, 1.73248744134e-16, 1.27160860911e-16, 9.23741375923e-17, 7.17178428927e-17, 5.83746321362e-17, 4.46227941572e-17, 3.55651432887e-17],
        "max": [0.0006457210402, 0.00135518203024, 0.000318544131005, 9.41850448726e-05, 8.83646407601e-06, 1.35567879624e-05, 1.03237325675e-05, 1.93409141502e-05, 6.28877605777e-05, 0.00022770970827, 0.00816859770566, 0.00436054868624, 7.86994933151e-05, 2.70268119493e-05, 1.30725538838e-05, 8.38954292703e-06, 5.38151834917e-06, 3.69438248526e-06, 2.64092977886e-06, 1.97685380954e-06, 1.55240900312e-06, 1.103764248e-06, 9.78997263701e-07, 7.7855128211e-07, 6.28859083918e-07, 5.29040448782e-07, 4.4873794991e-07, 3.45972409832e-07, 2.9206785257e-07, 2.69718867685e-07, 2.62658858219e-07, 2.06209264775e-07, 1.64511860135e-07, 1.4669075199e-07, 1.24675608504e-07, 1.05720538102e-07, 9.35353980935e-08, 8.49757384458e-08, 7.46981712041e-08, 6.68113315783e-08],
        "mean": [0.000123706282466, 0.000242272755713, 4.79858499602e-05, 5.595908533e-06, 9.09561379103e-07, 4.14650145331e-07, 3.56250978939e-07, 5.94869163706e-07, 7.63002901749e-07, 2.07031803257e-06, 0.00299103092402, 0.0015353129711, 7.25790357592e-07, 2.43248933884e-07, 1.20815954574e-07, 7.98461172735e-08, 5.74308387513e-08, 4.68986307567e-08, 2.84939307704e-08, 2.0110171306e-08, 1.61010387245e-08, 2.03340793092e-08, 1.08374651475e-08, 8.56723758602e-09, 8.27547186333e-09, 8.52391490724e-09, 6.49704645639e-09, 6.26863361219e-09, 4.67602401244e-09, 4.86947593359e-09, 4.26135704501e-09, 2.84331846956e-09, 2.32596475414e-09, 2.24027107976e-09, 1.91479387901e-09, 1.62219304656e-09, 1.51253343184e-09, 1.43816003551e-09, 1.32488231497e-09, 1.19544141253e-09],
        "median": [4.94906853419e-05, 9.9578704976e-05, 1.83834927157e-05, 1.66789186551e-06, 5.7708911072e-07, 1.84351833354e-07, 1.15996186878e-07, 6.16080839677e-08, 3.26039142351e-08, 5.60693180773e-08, 0.000699961266946, 0.000332165975124, 2.81310530426e-08, 1.63447033685e-08, 1.07098028224e-08, 8.69038707663e-09, 1.02647614852e-08, 1.13673168656e-08, 5.77032999161e-09, 3.36302719006e-09, 2.88620416455e-09, 4.3365675495e-09, 2.48674836278e-09, 2.03055017245e-09, 2.8211455394e-09, 4.18872980745e-09, 2.6774009676e-09, 3.23120241674e-09, 2.08124606438e-09, 1.65897995341e-09, 1.28298549562e-09, 1.15118126143e-09, 9.61059454241e-10, 1.01787478446e-09, 8.3173717913e-10, 8.07460764918e-10, 8.30535695773e-10, 8.0029072258e-10, 7.66447405542e-10, 7.04380553884e-10],
        "min": [4.61929829498e-07, 7.57256543693e-07, 3.87824911741e-07, 9.09584798592e-08, 1.74341359127e-08, 2.29490044745e-08, 1.63057780611e-08, 9.16226383652e-09, 6.41065467377e-09, 7.8796462688e-09, 3.6245498336e-07, 1.93746060972e-07, 5.52485568406e-09, 1.66203317775e-09, 2.60798405094e-09, 5.44421507875e-10, 9.42516176217e-10, 7.57518325845e-10, 4.78360073775e-10, 1.7443697875e-10, 2.85983708936e-10, 1.49037643338e-10, 1.07383546499e-10, 1.2632118962e-10, 8.43401043449e-11, 1.0944639639e-10, 1.34079386482e-10, 1.91845012099e-10, 4.20352051778e-11, 6.87991677517e-11, 3.02523735229e-11, 3.44219791559e-11, 5.61641844143e-11, 5.2225012509e-11, 2.20510103233e-11, 1.72387659703e-11, 1.1749654201e-11, 1.13090344381e-11, 2.00586856153e-11, 3.21015193594e-11],
        "var": [2.63834305514e-08, 9.82892061074e-08, 3.76470099539e-09, 2.19258985967e-10, 1.78306230458e-12, 1.71333075765e-12, 1.26047620692e-12, 5.75907464079e-12, 3.32663827041e-11, 4.24513646458e-10, 1.09923721539e-05, 2.9450970942e-06, 5.07154769569e-11, 5.97826605928e-12, 1.39798480951e-12, 5.75464589175e-13, 2.36284814414e-13, 1.1105406281e-13, 5.68898565951e-14, 3.19114004698e-14, 1.96720640672e-14, 1.00590244684e-14, 7.81308950371e-15, 4.94199636658e-15, 3.21172997797e-15, 2.26225432498e-15, 1.63238283771e-15, 9.6516122087e-16, 6.89942322736e-16, 6.08919068529e-16, 5.72078111642e-16, 3.44952314885e-16, 2.19470762966e-16, 1.74372452453e-16, 1.25799559851e-16, 9.04296675828e-17, 7.07213218651e-17, 5.82923574438e-17, 4.49800402289e-17, 3.59752031881e-17]
    },
    "mfcc": {
        "mean": [-966.851745605, 158.608291626, 51.50623703, 9.53285121918, -7.84733390808, 9.19296455383, 37.8550300598, 45.1026954651, 37.2519721985, 12.122961998, -21.0815410614, -33.2711219788, -20.2426280975],
        "cov": [[924.227172852, 153.609939575, -124.963005066, -92.540512085, -173.412353516, -86.2462692261, -68.1638412476, -25.0107421875, 15.7074012756, -57.9029312134, -17.3612747192, 13.7269916534, -45.1342353821], [153.609939575, 183.870697021, 52.871219635, -11.2425022125, -72.4603271484, -31.5640659332, 1.61425065994, 32.1243095398, 46.307975769, -29.1448402405, -36.0631446838, -29.031167984, -54.3562278748], [-124.963005066, 52.871219635, 174.791793823, 237.990692139, 157.261047363, 80.8702163696, 32.3838577271, -31.8024463654, -21.6945018768, 37.6465988159, 56.5031242371, 84.5592575073, 97.5323791504], [-92.540512085, -11.2425022125, 237.990692139, 480.738830566, 352.547790527, 173.890808105, 55.2386360168, -102.194847107, -83.1514053345, 88.9391860962, 139.523284912, 197.87953186, 236.969955444], [-173.412353516, -72.4603271484, 157.261047363, 352.547790527, 336.356811523, 176.69833374, 71.3929443359, -49.5259552002, -61.6343955994, 95.6131973267, 117.249984741, 141.311538696, 194.703338623], [-86.2462692261, -31.5640659332, 80.8702163696, 173.890808105, 176.69833374, 108.579902649, 55.7688865662, -6.01643228531, -17.1912441254, 55.4661636353, 54.203037262, 59.0273017883, 92.4150543213], [-68.1638412476, 1.61425065994, 32.3838577271, 55.2386360168, 71.3929443359, 55.7688865662, 66.1632461548, 44.1350097656, 19.5634269714, 35.9475135803, 1.17811512947, -11.24588871, 18.1107368469], [-25.0107421875, 32.1243095398, -31.8024463654, -102.194847107, -49.5259552002, -6.01643228531, 44.1350097656, 103.941200256, 72.4605407715, 4.46106863022, -51.0286903381, -86.1286849976, -75.3313751221], [15.7074012756, 46.307975769, -21.6945018768, -83.1514053345, -61.6343955994, -17.1912441254, 19.5634269714, 72.4605407715, 66.5156936646, -0.996080517769, -42.9245185852, -68.0182876587, -70.5818023682], [-57.9029312134, -29.1448402405, 37.6465988159, 88.9391860962, 95.6131973267, 55.4661636353, 35.9475135803, 4.46106863022, -0.996080517769, 58.0900306702, 41.2545776367, 28.804391861, 53.7709617615], [-17.3612747192, -36.0631446838, 56.5031242371, 139.523284912, 117.249984741, 54.203037262, 1.17811512947, -51.0286903381, -42.9245185852, 41.2545776367, 84.0770645142, 97.7293167114, 97.325958252], [13.7269916534, -29.031167984, 84.5592575073, 197.87953186, 141.311538696, 59.0273017883, -11.24588871, -86.1286849976, -68.0182876587, 28.804391861, 97.7293167114, 149.454772949, 140.017440796], [-45.1342353821, -54.3562278748, 97.5323791504, 236.969955444, 194.703338623, 92.4150543213, 18.1107368469, -75.3313751221, -70.5818023682, 53.7709617615, 97.325958252, 140.017440796, 172.886474609]],
