{
"lowlevel": {
    "average_loudness": 0.960645675659,
    "barkbands_crest": {
        "dmean": 3.93277001381,
        "dmean2": 6.85406923294,
        "dvar": 8.25659751892,
        "dvar2": 25.6276187897,
        "max": 24.6967277527,
        "mean": 15.4540500641,
        "median": 15.2872629166,
        "min": 6.55824184418,
        "var": 18.0568962097
    },
    "barkbands_flatness_db": {
        "dmean": 0.0339954122901,
        "dmean2": 0.0597900599241,
        "dvar": 0.000821862136945,
        "dvar2": 0.00217968318611,
        "max": 0.298826873302,
        "mean": 0.211175173521,
        "median": 0.217810407281,
        "min": 0.0914019197226,
        "var": 0.00165133457631
    },
    "barkbands_kurtosis": {
        "dmean": 22.9841804504,
        "dmean2": 42.1718063354,
        "dvar": 729.152893066,
        "dvar2": 2183.57714844,
        "max": 162.226272583,
        "mean": 45.0925750732,
        "median": 36.9204139709,
        "min": -0.211736679077,
        "var": 1487.82592773
    },
    "barkbands_skewness": {
        "dmean": 1.4470345974,
        "dmean2": 2.61314344406,
        "dvar": 1.93281972408,
        "dvar2": 5.36749219894,
        "max": 11.3128423691,
        "mean": 5.42236471176,
        "median": 5.54353189468,
        "min": 0.226471811533,
        "var": 7.90437936783
    },
    "barkbands_spread": {
        "dmean": 3.83690214157,
        "dmean2": 7.00159549713,
        "dvar": 16.3167648315,
        "dvar2": 37.3485870361,
        "max": 37.7838020325,
        "mean": 9.15691661835,
        "median": 7.34756040573,
        "min": 1.85159409046,
        "var": 40.1574401855
    },
    "dissonance": {
        "dmean": 0.0217870175838,
        "dmean2": 0.0349580608308,
        "dvar": 0.000562581932172,
        "dvar2": 0.00103961338755,
        "max": 0.495958447456,
        "mean": 0.447121739388,
        "median": 0.460272043943,
        "min": 0.23465308547,
        "var": 0.00161861767992
    },
    "dynamic_complexity": 2.08404707909,
    "erbbands_crest": {
        "dmean": 2.43308949471,
        "dmean2": 4.23833751678,
        "dvar": 5.66349649429,
        "dvar2": 14.4648532867,
        "max": 22.2559127808,
        "mean": 11.7547073364,
        "median": 10.6125192642,
        "min": 3.98133587837,
        "var": 25.5456142426
    },
    "erbbands_flatness_db": {
        "dmean": 0.0149972531945,
        "dmean2": 0.023626094684,
        "dvar": 0.000288760435069,
        "dvar2": 0.000467105943244,
        "max": 0.319323182106,
        "mean": 0.111546494067,
        "median": 0.0918823629618,
        "min": 0.0468491762877,
        "var": 0.00294628203847
    },
    "erbbands_kurtosis": {
        "dmean": 1.02829861641,
        "dmean2": 1.81896841526,
        "dvar": 1.32859814167,
        "dvar2": 3.53657793999,
        "max": 8.76148223877,
        "mean": 0.834852218628,
        "median": 0.47705245018,
        "min": -0.843594789505,
        "var": 2.16283917427
    },
    "erbbands_skewness": {
        "dmean": 0.318726867437,
        "dmean2": 0.573377013206,
        "dvar": 0.0817898735404,
        "dvar2": 0.257501721382,
        "max": 2.21819806099,
        "mean": 0.64487439394,
        "median": 0.818284749985,
        "min": -0.93433713913,
        "var": 0.649834871292
    },
    "erbbands_spread": {
        "dmean": 8.59878063202,
        "dmean2": 14.5488290787,
        "dvar": 64.1253509521,
        "dvar2": 157.283065796,
        "max": 85.7287979126,
        "mean": 49.41456604,
        "median": 55.3099784851,
        "min": 8.92072296143,
        "var": 455.442749023
    },
    "hfc": {
        "dmean": 45.164894104,
        "dmean2": 59.7310600281,
        "dvar": 88043.59375,
        "dvar2": 113105.375,
        "max": 2609.13305664,
        "mean": 73.0213546753,
        "median": 10.4091844559,
        "min": 5.47906780243,
        "var": 138584.78125
    },
    "melbands_crest": {
        "dmean": 4.45227766037,
        "dmean2": 7.92649412155,
        "dvar": 9.82173538208,
        "dvar2": 27.4561653137,
        "max": 28.0989170074,
        "mean": 20.5923233032,
        "median": 20.623292923,
        "min": 8.60439109802,
        "var": 21.1388778687
    },
    "melbands_flatness_db": {
        "dmean": 0.0370432212949,
        "dmean2": 0.0657600834966,
        "dvar": 0.000927174522076,
        "dvar2": 0.00234786630608,
        "max": 0.440098911524,
        "mean": 0.337413400412,
        "median": 0.343436419964,
        "min": 0.190496101975,
        "var": 0.00242341356352
    },
    "melbands_kurtosis": {
        "dmean": 39.6344528198,
        "dmean2": 70.8722686768,
        "dvar": 1851.34338379,
        "dvar2": 5355.85400391,
        "max": 337.192871094,
        "mean": 91.9872665405,
        "median": 81.7857589722,
        "min": -0.780694007874,
        "var": 5877.71533203
    },
    "melbands_skewness": {
        "dmean": 1.55139482021,
        "dmean2": 2.67459321022,
        "dvar": 1.79327332973,
        "dvar2": 4.60550689697,
        "max": 12.0160160065,
        "mean": 6.52334833145,
        "median": 7.0410733223,
        "min": 0.11625289917,
        "var": 9.54289627075
    },
    "melbands_spread": {
        "dmean": 2.42234539986,
        "dmean2": 4.16782283783,
        "dvar": 9.8311252594,
        "dvar2": 25.8909339905,
        "max": 24.8598766327,
        "mean": 5.55713033676,
        "median": 2.87965798378,
        "min": 0.747575581074,
        "var": 35.9170227051
    },
    "pitch_salience": {
        "dmean": 0.107971273363,
        "dmean2": 0.185969412327,
        "dvar": 0.00947994366288,
        "dvar2": 0.0243622511625,
        "max": 0.81892156601,
        "mean": 0.350664049387,
        "median": 0.328888297081,
        "min": 0.157370686531,
        "var": 0.0155700780451
    },
    "silence_rate_20dB": {
        "dmean": 0.00833333376795,
        "dmean2": 0.01680672355,
        "dvar": 0.00826388876885,
        "dvar2": 0.0165242552757,
        "max": 1,
        "mean": 0.958677709103,
        "median": 1,
        "min": 0,
        "var": 0.0396147891879
    },
    "silence_rate_30dB": {
        "dmean": 0.0250000003725,
        "dmean2": 0.0504201687872,
        "dvar": 0.0243750102818,
        "dvar2": 0.0646845698357,
        "max": 1,
        "mean": 0.950413227081,
        "median": 1,
        "min": 0,
        "var": 0.0471279099584
    },
    "silence_rate_60dB": {
        "dmean": 0,
        "dmean2": 0,
        "dvar": 0,
        "dvar2": 0,
        "max": 0,
        "mean": 0,
        "median": 0,
        "min": 0,
        "var": 0
    },
    "spectral_centroid": {
        "dmean": 143.245376587,
        "dmean2": 255.128311157,
        "dvar": 18784.1484375,
        "dvar2": 52315.0507812,
        "max": 1311.39538574,
        "mean": 519.983398438,
        "median": 451.870391846,
        "min": 221.053863525,
        "var": 49820.84375
    },
    "spectral_complexity": {
        "dmean": 2.08333325386,
        "dmean2": 2.91596627235,
        "dvar": 33.5263900757,
        "dvar2": 36.6147880554,
        "max": 62,
        "mean": 8.2066116333,
        "median": 7,
        "min": 3,
        "var": 66.4283905029
    },
    "spectral_decrease": {
        "dmean": 1.60712758657e-08,
        "dmean2": 2.47823717103e-08,
        "dvar": 5.66557722639e-15,
        "dvar2": 7.6454294962e-15,
        "max": -9.5149277346e-10,
        "mean": -2.76992668802e-08,
        "median": -1.17813652167e-08,
        "min": -6.39016093373e-07,
        "var": 8.829569698e-15
    },
    "spectral_energy": {
        "dmean": 0.0647414550185,
        "dmean2": 0.0988849923015,
        "dvar": 0.0966346263885,
        "dvar2": 0.129775285721,
        "max": 2.64845538139,
        "mean": 0.111166745424,
        "median": 0.0460002534091,
        "min": 0.00408812100068,
        "var": 0.150789186358
    },
    "spectral_energyband_high": {
        "dmean": 0.000454876950243,
        "dmean2": 0.000461962074041,
        "dvar": 7.40514087738e-06,
        "dvar2": 1.27141129269e-05,
        "max": 0.0268333349377,
        "mean": 0.000638837344013,
        "median": 0.000240173394559,
        "min": 0.000130739164888,
        "var": 7.61347519074e-06
    },
    "spectral_energyband_low": {
        "dmean": 0.0213088486344,
        "dmean2": 0.0384514667094,
        "dvar": 0.00039142309106,
        "dvar2": 0.00118236674462,
        "max": 0.138620689511,
        "mean": 0.0401054024696,
        "median": 0.0367757156491,
        "min": 0.000524053466506,
        "var": 0.00070283660898
    },
    "spectral_energyband_middle_high": {
        "dmean": 0.042855348438,
        "dmean2": 0.0560313872993,
        "dvar": 0.0885199084878,
        "dvar2": 0.108174555004,
        "max": 2.58086824417,
        "mean": 0.0624338388443,
        "median": 0.000477324065287,
        "min": 0.000162360840477,
        "var": 0.140926271677
    },
    "spectral_energyband_middle_low": {
        "dmean": 0.0133583508432,
        "dmean2": 0.023831082508,
        "dvar": 0.0038833222352,
        "dvar2": 0.0121828680858,
        "max": 0.492966711521,
        "mean": 0.0138084599748,
        "median": 0.00388107751496,
        "min": 0.000821985886432,
        "var": 0.00264519941993
    },
    "spectral_entropy": {
        "dmean": 0.230368584394,
        "dmean2": 0.393328666687,
        "dvar": 0.0374765358865,
        "dvar2": 0.109273612499,
        "max": 8.11364650726,
        "mean": 7.31939506531,
        "median": 7.31967782974,
        "min": 6.39313983917,
        "var": 0.113003708422
    },
    "spectral_flux": {
        "dmean": 0.0575007759035,
        "dmean2": 0.0871051102877,
        "dvar": 0.0238736756146,
        "dvar2": 0.0536138825119,
        "max": 1.44233071804,
        "mean": 0.143420517445,
        "median": 0.115314930677,
        "min": 0.0419778190553,
        "var": 0.0323364399374
    },
    "spectral_kurtosis": {
        "dmean": 0.888622045517,
        "dmean2": 1.37013375759,
        "dvar": 1.38721728325,
        "dvar2": 2.99008131027,
        "max": 16.967918396,
        "mean": 6.68768453598,
        "median": 5.97886180878,
        "min": 4.0514793396,
        "var": 5.02777051926
    },
    "spectral_rms": {
        "dmean": 0.00223838002421,
        "dmean2": 0.00375348050147,
        "dvar": 2.77326835203e-05,
        "dvar2": 3.91724242945e-05,
        "max": 0.0508316718042,
        "mean": 0.00773697486147,
        "median": 0.00669912667945,
        "min": 0.00199710065499,
        "var": 4.85945638502e-05
    },
    "spectral_rolloff": {
        "dmean": 111.793212891,
        "dmean2": 205.198760986,
        "dvar": 40095.0234375,
        "dvar2": 108070.96875,
        "max": 1313.52539062,
        "mean": 331.54019165,
        "median": 129.19921875,
        "min": 86.1328125,
        "var": 132845.8125
    },
    "spectral_skewness": {
        "dmean": 0.146758362651,
        "dmean2": 0.23750063777,
        "dvar": 0.0245012715459,
        "dvar2": 0.0667727738619,
        "max": 3.43148636818,
        "mean": 2.17963218689,
        "median": 2.08401560783,
        "min": 1.68817412853,
        "var": 0.114448927343
    },
    "spectral_spread": {
        "dmean": 490526.53125,
        "dmean2": 742368.9375,
        "dvar": 966196985856,
        "dvar2": 700197437440,
        "max": 16519569,
        "mean": 6847231.5,
        "median": 6976035,
        "min": 2691079,
        "var": 1.87279396045e+12
    },
    "spectral_strongpeak": {
        "dmean": 1.14463579655,
        "dmean2": 1.4209318161,
        "dvar": 27.6801719666,
        "dvar2": 27.9582252502,
        "max": 49.0417900085,
        "mean": 1.58839952946,
        "median": 0.437704205513,
        "min": 0.0762168318033,
        "var": 43.7258529663
    },
    "zerocrossingrate": {
        "dmean": 0.00957438163459,
        "dmean2": 0.0131589742377,
        "dvar": 8.27204930829e-05,
        "dvar2": 0.000155772853759,
        "max": 0.0927734375,
        "mean": 0.0411044023931,
        "median": 0.03955078125,
        "min": 0.00927734375,
        "var": 0.000290917960228
    },
    "barkbands": {
        "dmean": [0.000377547781682, 0.0158062148839, 0.0115452995524, 0.00155816052575, 0.00347003201023, 0.00136077287607, 0.000721113930922, 0.000331124552758, 0.000508534314577, 0.0394929237664, 0.000395974522689, 0.000259898690274, 0.00159726513084, 0.0002361357474, 0.000737529306207, 0.000328347203322, 0.00257303705439, 0.000230991150602, 0.000173430598807, 0.000352489267243, 6.4316103817e-05, 3.99907730753e-05, 1.42843991853e-05, 1.53585169755e-05, 1.58420280059e-05, 1.24703301481e-05, 1.57202357514e-05],
        "dmean2": [0.000721595832147, 0.0288751330227, 0.0209639910609, 0.00279438518919, 0.00633526081219, 0.00249197380617, 0.00130789505783, 0.000531592522748, 0.000692563888151, 0.0500761643052, 0.000725745863747, 0.0004658815742, 0.00293043977581, 0.000441751850303, 0.00134950561915, 0.000455080560641, 0.00266943708993, 0.00040591013385, 0.00028984239907, 0.000332621362759, 0.000103476748336, 6.21394137852e-05, 1.50678361024e-05, 1.62093383551e-05, 1.98968755285e-05, 1.95826905838e-05, 2.5202287361e-05],
        "dvar": [1.13010180769e-07, 0.0002685074287, 9.08514848561e-05, 2.92420895676e-06, 0.000244343769737, 4.74613734696e-05, 1.37554488902e-05, 3.54567896466e-06, 2.64960613094e-06, 0.0734710544348, 6.52416611047e-06, 2.92142590297e-06, 8.44093883643e-05, 2.21909022002e-06, 1.88540470845e-05, 4.03110516345e-06, 0.000267947471002, 1.70254600107e-06, 8.76235105807e-07, 4.6553732318e-06, 1.26011698853e-07, 5.514867496e-08, 3.1512834564e-09, 4.25777590962e-09, 5.68147617841e-09, 1.41570999368e-09, 3.84167087031e-10],
        "dvar2": [3.81904357027e-07, 0.000812255020719, 0.000272061559372, 9.6285921245e-06, 0.000739713432267, 0.000137346680276, 4.04620768677e-05, 9.26824941416e-06, 5.54048028789e-06, 0.0852172449231, 1.86525830941e-05, 8.33241119835e-06, 0.000257094186964, 6.62155707687e-06, 5.74196019443e-05, 9.42826682149e-06, 0.000312716321787, 4.84474003315e-06, 2.26961401495e-06, 6.98212488714e-06, 3.23574766981e-07, 1.32773323003e-07, 3.91351440143e-09, 3.04097769188e-09, 1.02806865243e-08, 3.33841643219e-09, 9.15481523922e-10],
        "max": [0.00149183894973, 0.114525549114, 0.0584341138601, 0.0135038141161, 0.122445568442, 0.057575315237, 0.0303746555001, 0.0181941110641, 0.0183492712677, 2.38799142838, 0.024113221094, 0.0151813058183, 0.0754812508821, 0.0127312457189, 0.0356829352677, 0.0194812342525, 0.155788227916, 0.010617650114, 0.00689406460151, 0.0209512319416, 0.00310359243304, 0.00211764057167, 0.000689754495397, 0.000757475092541, 0.000790388614405, 0.000365273590432, 0.000213069943129],
        "mean": [0.000389350199839, 0.0249181967229, 0.0134348180145, 0.00196447013877, 0.00284131243825, 0.0014362820657, 0.000653298979159, 0.000289657182293, 0.00187009002548, 0.0550253540277, 0.000398550095269, 0.000217875756789, 0.00278158928268, 0.000181473311386, 0.000523227674421, 0.000291370612103, 0.00282246223651, 0.000204289259273, 0.000166507947142, 0.00034682394471, 6.49063877063e-05, 4.36756308773e-05, 2.78056668321e-05, 3.41917730111e-05, 3.68717264791e-05, 4.41361444246e-05, 0.000115868846478],
        "median": [0.000260581291514, 0.0184189714491, 0.0107875689864, 0.00162666034885, 0.00052615016466, 0.000799444853328, 0.000283812434645, 3.04073364532e-05, 0.000128965111799, 5.18867091159e-05, 2.95889640256e-05, 2.87846578431e-05, 0.000238460372202, 1.95047905436e-05, 2.87388156721e-05, 1.17368999781e-05, 1.28012961795e-05, 1.2613513718e-05, 2.29395045608e-05, 2.7852727726e-05, 1.69637169165e-05, 1.37576862471e-05, 1.54011722771e-05, 1.70407656697e-05, 2.18985678657e-05, 3.57197859557e-05, 0.000114871036203],
        "min": [9.40825339057e-06, 0.000213044841075, 3.30557013513e-05, 3.73735565518e-05, 5.2849372878e-05, 0.00017283669149, 3.71493806597e-05, 7.93341132521e-06, 1.74404940481e-05, 1.01482219179e-05, 4.74793614558e-06, 6.10627330389e-06, 1.53070068336e-05, 7.90258764027e-06, 9.15656255529e-06, 3.64254515262e-06, 3.95868983105e-06, 4.37733115177e-06, 8.78226819623e-06, 1.3817022591e-05, 7.45592842577e-06, 7.90715057519e-06, 6.31917782812e-06, 1.13153100756e-05, 1.3664580365e-05, 1.70513158082e-05, 5.22210648342e-05],
        "var": [1.16753241741e-07, 0.000437420472736, 0.000113127905934, 2.9191410249e-06, 0.000143177152495, 2.68857784249e-05, 7.67385790823e-06, 3.00181932289e-06, 1.41881300806e-05, 0.118165239692, 5.47583476873e-06, 2.0182303615e-06, 5.8000547142e-05, 1.47785431182e-06, 1.27283101392e-05, 3.9817009565e-06, 0.000355235155439, 1.52172049184e-06, 8.32412752061e-07, 5.04855006511e-06, 1.02827733883e-07, 4.33677342926e-08, 5.85623638472e-09, 9.72876268435e-09, 7.46164019461e-09, 1.83180115521e-09, 2.88156609685e-10]
    },
    "erbbands": {
        "dmean": [0.309749633074, 4.23421001434, 12.6344594955, 8.32834815979, 9.49272155762, 9.54425048828, 13.485001564, 9.14711475372, 6.66202020645, 15.268819809, 8.26526355743, 34.463092804, 986.438171387, 527.536865234, 18.8635520935, 16.7308006287, 64.7964019775, 29.3964633942, 24.5578632355, 34.5160369873, 20.4901733398, 171.43649292, 12.5398235321, 11.0142173767, 9.61241722107, 20.5175819397, 5.15041399002, 2.15032696724, 1.97671401501, 0.518388390541, 0.441213726997, 0.327367514372, 0.29698446393, 0.190663352609, 0.119186498225, 0.0559520125389, 0.0250599309802, 0.00849860906601, 0.00254474650137, 0.000354237679858],
        "dmean2": [0.57938015461, 7.70642518997, 22.8493499756, 15.6917953491, 17.8221416473, 16.0792675018, 25.3620452881, 16.7663516998, 11.3421058655, 28.4732971191, 11.4734582901, 50.5377807617, 1279.96887207, 577.189025879, 26.0794048309, 29.2068061829, 119.5338974, 54.3828620911, 44.4633026123, 65.1772384644, 28.7771587372, 186.322998047, 19.6245651245, 18.3131523132, 15.6386480331, 19.4181747437, 5.87260055542, 3.32711982727, 3.00407528877, 0.840290725231, 0.502568423748, 0.350209325552, 0.323162317276, 0.2357108742, 0.18138679862, 0.0900907292962, 0.0397156476974, 0.0143984975293, 0.00411884346977, 0.000574927602429],
        "dvar": [0.0996922627091, 17.5833377838, 117.916542053, 36.7203903198, 1611.59570312, 1388.75976562, 5916.23144531, 1745.11865234, 491.639434814, 8593.30761719, 1579.75390625, 30739.9882812, 46338280, 10485121, 14841.6132812, 10370.9404297, 149025.078125, 31288.4492188, 19240.7246094, 54102.859375, 21120.7148438, 1222719.25, 8181.23974609, 3712.12915039, 2851.85791016, 16095.3720703, 942.309875488, 159.850128174, 163.381546021, 5.45597219467, 3.36033201218, 1.62638449669, 1.61083078384, 0.798160910606, 0.284718841314, 0.0369156859815, 0.00535856606439, 0.000222683142056, 9.53159178607e-06, 2.94854089589e-07],
        "dvar2": [0.290311843157, 53.3234901428, 352.393463135, 105.884597778, 5010.69580078, 3911.64453125, 17401.1210938, 5024.69677734, 1419.08190918, 25282.6914062, 3733.38500977, 57805.8554688, 64402152, 10209545, 20196.7695312, 29782.1621094, 444980.3125, 96561.9765625, 59648.3515625, 157892.09375, 28217.4257812, 1406327, 13546.1054688, 9622.06933594, 6791.45751953, 25297.2324219, 1632.21118164, 381.003845215, 387.096862793, 11.4088811874, 4.87951850891, 1.06408572197, 1.53454256058, 1.31618487835, 0.581279039383, 0.0881639122963, 0.0122718177736, 0.000475195847685, 2.26077263505e-05, 5.10826509981e-07],
        "max": [1.89483630657, 29.45819664, 64.4618225098, 40.0377349854, 320.256652832, 265.066558838, 623.001586914, 354.652496338, 189.817306519, 771.880126953, 406.011413574, 1470.71008301, 59586.2851562, 32019.8378906, 1159.23730469, 900.044494629, 3193.21289062, 1450.87963867, 1100.42321777, 2016.08886719, 1228.20397949, 10378.5136719, 756.651672363, 475.924285889, 434.267608643, 1223.94824219, 300.779754639, 116.098266602, 114.819129944, 21.475944519, 21.8479995728, 15.7490434647, 14.6474075317, 9.48008155823, 5.17005634308, 1.58410954475, 0.768207967281, 0.15217885375, 0.0356071665883, 0.0060039232485],
        "mean": [0.389167487621, 6.64677333832, 17.1603469849, 10.7398509979, 7.89164400101, 9.22487831116, 9.79975700378, 10.5205001831, 10.2460718155, 10.9783725739, 15.6035881042, 73.6789474487, 1344.21240234, 680.900878906, 30.8125457764, 28.3199939728, 122.787612915, 23.2954139709, 17.0262069702, 26.1000118256, 30.6389141083, 188.587692261, 18.968328476, 10.1487398148, 9.67809295654, 19.2213287354, 5.69283390045, 2.31554174423, 1.95642256737, 0.901138544083, 0.801123797894, 0.712671756744, 0.574955761433, 0.404201865196, 0.270380735397, 0.149606004357, 0.0872666165233, 0.0411239154637, 0.014583023265, 0.00210466096178],
        "median": [0.2980504632, 4.83977079391, 12.9287042618, 9.66067218781, 3.15170431137, 1.58312427998, 1.90030491352, 6.6676530838, 7.90731096268, 1.63324201107, 1.67038035393, 3.33539485931, 2.2583758831, 1.01002168655, 1.58570694923, 2.74192738533, 11.2534580231, 1.89629280567, 1.32940304279, 1.29906237125, 0.725317955017, 0.674618721008, 0.646313905716, 0.827083468437, 1.29228413105, 1.32460975647, 0.861428976059, 0.596530258656, 0.4987642169, 0.467502295971, 0.423275858164, 0.337605327368, 0.296943515539, 0.232976809144, 0.166586264968, 0.111155927181, 0.0722364038229, 0.0379357375205, 0.0144178401679, 0.00204434385523],
        "min": [0.00769043946639, 0.0435718595982, 0.14795909822, 0.0740695223212, 0.172368302941, 0.183491095901, 0.334053575993, 1.34427249432, 1.10685813427, 0.263502091169, 0.375835478306, 0.327408969402, 0.38795247674, 0.207558736205, 0.379986941814, 0.47046905756, 0.816881716251, 0.476072311401, 0.404769927263, 0.384305328131, 0.280662357807, 0.258476644754, 0.261864125729, 0.346814751625, 0.649830698967, 0.596336960793, 0.471127659082, 0.28048864007, 0.288597524166, 0.246391907334, 0.194530159235, 0.192421317101, 0.184624955058, 0.146680310369, 0.0956306606531, 0.0504376702011, 0.0394147001207, 0.0183954108506, 0.00792214553803, 0.000847709947266],
        "var": [0.103886514902, 31.5122375488, 165.112121582, 48.476890564, 890.941833496, 1106.02575684, 3223.48364258, 1018.21472168, 298.851593018, 4941.61621094, 1975.25012207, 50444.2304688, 69805712, 18096374, 28936.3457031, 7680.09765625, 105639.984375, 19799.6347656, 12672.328125, 36369.1132812, 33989.6289062, 1611216.25, 12546.6748047, 3505.65234375, 2845.1394043, 16501.1132812, 1038.64343262, 135.414916992, 118.025749207, 6.65635871887, 5.60770130157, 4.22972011566, 2.96840453148, 1.11558389664, 0.340940833092, 0.0452631302178, 0.00697581330314, 0.000296742946375, 7.9376022768e-06, 2.81070327901e-07]
    },
    "gfcc": {
        "mean": [-1.72333920002, 76.4305038452, -38.2880210876, 14.5130634308, -22.5073947906, 14.6181631088, -11.2430934906, -0.0984389260411, -17.7113113403, 9.43983268738, -4.06620359421, -6.89426040649, -18.3378410339],
        "cov": [[1595.87329102, 188.395050049, -889.833007812, -457.019592285, -287.256195068, -21.9366455078, -11.3160152435, 92.8796768188, -136.557113647, -213.267333984, -202.314102173, -40.1674156189, 81.8321456909], [188.395050049, 258.774780273, 12.4716081619, -150.012908936, -28.9460201263, 59.2722892761, 25.750207901, -54.7335624695, -20.4031085968, 43.6605415344, 33.987663269, -49.4339256287, -79.2081375122], [-889.833007812, 12.4716081619, 635.557312012, 289.220489502, 203.584396362, 42.6241722107, 6.40146589279, -83.7364730835, 74.7741012573, 150.077606201, 141.704605103, 10.7323436737, -74.5419158936], [-457.019592285, -150.012908936, 289.220489502, 303.953216553, 149.26713562, -23.2348651886, -18.9809551239, 4.25809717178, 42.5245437622, 21.0566577911, 37.9361991882, 47.2474212646, 37.8416213989], [-287.256195068, -28.9460201263, 203.584396362, 149.26713562, 108.244789124, 24.6931324005, 9.58965110779, -9.45894527435, 32.3533248901, 40.4445533752, 41.0943641663, 13.7942247391, -6.85351514816], [-21.9366455078, 59.2722892761, 42.6241722107, -23.2348651886, 24.6931324005, 60.5915641785, 40.1407623291, -3.52575540543, 10.8683872223, 32.6689872742, 21.8841133118, -12.9054059982, -30.0767307281], [-11.3160152435, 25.750207901, 6.40146589279, -18.9809551239, 9.58965110779, 40.1407623291, 46.3179283142, 13.4913434982, 9.44466590881, 18.9443302155, 12.3931217194, -6.45141124725, -15.7590379715], [92.8796768188, -54.7335624695, -83.7364730835, 4.25809717178, -9.45894527435, -3.52575540543, 13.4913434982, 56.0927009583, 10.621588707, -25.7043266296, -24.6851921082, 18.1357975006, 34.9573364258], [-136.557113647, -20.4031085968, 74.7741012573, 42.5245437622, 32.3533248901, 10.8683872223, 9.44466590881, 10.621588707, 40.7348556519, 38.6764183044, 27.4430065155, 11.3369789124, -3.61904907227], [-213.267333984, 43.6605415344, 150.077606201, 21.0566577911, 40.4445533752, 32.6689872742, 18.9443302155, -25.7043266296, 38.6764183044, 85.3630065918, 62.9663848877, -6.29700231552, -43.1979637146], [-202.314102173, 33.987663269, 141.704605103, 37.9361991882, 41.0943641663, 21.8841133118, 12.3931217194, -24.6851921082, 27.4430065155, 62.9663848877, 68.4890441895, 5.63764333725, -33.8092918396], [-40.1674156189, -49.4339256287, 10.7323436737, 47.2474212646, 13.7942247391, -12.9054059982, -6.45141124725, 18.1357975006, 11.3369789124, -6.29700231552, 5.63764333725, 32.6038475037, 29.5088634491], [81.8321456909, -79.2081375122, -74.5419158936, 37.8416213989, -6.85351514816, -30.0767307281, -15.7590379715, 34.9573364258, -3.61904907227, -43.1979637146, -33.8092918396, 29.5088634491, 66.6974716187]],
        "icov": [[0.0147164175287, -0.021204220131, 0.0223308522254, -0.0171198640019, 0.0123013956472, -0.0173911713064, 0.0196426752955, -0.0146044101566, 0.0127032604069, -0.00894335098565, 0.00837131030858, -0.0014574106317, -0.00306461355649], [-0.021204220131, 0.0423506870866, -0.0343591533601, 0.034744489938, -0.0241528712213, 0.0206592828035, -0.0253226198256, 0.022069349885, -0.012629436329, 0.0152705451474, -0.0191930197179, 0.0075410399586, 0.00362122594379], [0.0223308522254, -0.0343591533601, 0.0449637770653, -0.0374523699284, 0.0187373273075, -0.0283603388816, 0.0294259376824, -0.0131934927776, 0.0167848207057, -0.0214077662677, 0.013075853698, -0.0055278162472, 0.00242258911021], [-0.0171198640019, 0.034744489938, -0.0374523699284, 0.0708655938506, -0.0724420025945, 0.054553553462, -0.0308531373739, 0.0105489799753, -0.00940693449229, 0.0222406871617, -0.0157771464437, 0.000737486523576, -0.00988909043372], [0.0123013956472, -0.0241528712213, 0.0187373273075, -0.0724420025945, 0.115816265345, -0.0776669979095, 0.0330266579986, -0.00599657697603, -0.00658320495859, -0.00571890547872, 0.00541653577238, 0.00567090557888, 0.00226507079788], [-0.0173911713064, 0.0206592828035, -0.0283603388816, 0.054553553462, -0.0776669979095, 0.115837708116, -0.0788480713964, 0.0199774168432, -0.0116916690022, 0.00446064211428, 0.00122345180716, -0.00707996403798, 0.00438660848886], [0.0196426752955, -0.0253226198256, 0.0294259376824, -0.0308531373739, 0.0330266579986, -0.0788480713964, 0.106845356524, -0.0589512661099, 0.0355150848627, -0.0202290695161, -0.00501188775524, 0.0138787301257, 0.000343891879311], [-0.0146044101566, 0.022069349885, -0.0131934927776, 0.0105489799753, -0.00599657697603, 0.0199774168432, -0.0589512661099, 0.0962190702558, -0.066845074296, 0.031809348613, 0.00723745441064, -0.0188260283321, -0.00359661388211], [0.0127032604069, -0.012629436329, 0.0167848207057, -0.00940693449229, -0.00658320495859, -0.0116916690022, 0.0355150848627, -0.066845074296, 0.125039070845, -0.0763789340854, 0.0141421947628, -0.0160178225487, 0.00256103905849], [-0.00894335098565, 0.0152705451474, -0.0214077662677, 0.0222406871617, -0.00571890547872, 0.00446064211428, -0.0202290695161, 0.031809348613, -0.0763789340854, 0.102260492742, -0.0540323480964, 0.030931731686, -0.00645179115236], [0.00837131030858, -0.0191930197179, 0.013075853698, -0.0157771464437, 0.00541653577238, 0.00122345180716, -0.00501188775524, 0.00723745441064, 0.0141421947628, -0.0540323480964, 0.0936828553677, -0.0642258003354, 0.0283077657223], [-0.0014574106317, 0.0075410399586, -0.0055278162472, 0.000737486523576, 0.00567090557888, -0.00707996403798, 0.0138787301257, -0.0188260283321, -0.0160178225487, 0.030931731686, -0.0642258003354, 0.117679364979, -0.0507730618119], [-0.00306461355649, 0.00362122594379, 0.00242258911021, -0.00988909043372, 0.00226507079788, 0.00438660848886, 0.000343891879311, -0.00359661388211, 0.00256103905849, -0.00645179115236, 0.0283077657223, -0.0507730618119, 0.068322069943]]
    },
    "melbands": {
        "dmean": [0.00350088765845, 0.0059303091839, 0.00149674224667, 0.00075610197382, 0.000421563687269, 0.000212532220758, 0.000117148323625, 0.000146230726386, 7.70660990383e-05, 7.67055244069e-05, 0.00544750131667, 0.0030540600419, 3.84696832043e-05, 2.74028752756e-05, 8.85188856046e-05, 0.00014827256382, 4.24167919846e-05, 3.01130185107e-05, 6.5962667577e-05, 3.18752026942e-05, 1.64772500284e-05, 0.000237276719417, 2.24612504098e-05, 1.05467806861e-05, 8.20019795356e-06, 9.12927771424e-06, 3.00360261463e-06, 1.87685709534e-05, 3.33209277414e-06, 1.52055747549e-06, 1.19307617297e-06, 1.06083814444e-06, 6.97161908647e-07, 1.98120503114e-07, 2.29448914979e-07, 2.93454803568e-07, 1.93131754145e-07, 2.04420913974e-07, 2.09474066537e-07, 1.62252703717e-07],
        "dmean2": [0.00644785398617, 0.0106112528592, 0.0028104132507, 0.00135514652357, 0.000782352173701, 0.000386682251701, 0.000202878421987, 0.000269883574219, 0.000103328093246, 0.000110092078103, 0.00704068597406, 0.00332022667862, 6.60315927234e-05, 4.7457349865e-05, 0.00015332181647, 0.000277986604488, 7.7854419942e-05, 5.48500320292e-05, 0.000121270539239, 5.4238782468e-05, 2.10208818316e-05, 0.000247918243986, 2.20095662371e-05, 1.89031998161e-05, 1.36766066134e-05, 1.49228226292e-05, 4.2929891606e-06, 1.83849606401e-05, 3.27000111611e-06, 2.36764367401e-06, 1.88404283108e-06, 1.6221953274e-06, 1.08880885819e-06, 3.23716704997e-07, 2.93020860909e-07, 3.23721167206e-07, 2.13512947767e-07, 2.09305724752e-07, 2.68794650538e-07, 2.44814515327e-07],
        "dvar": [1.46680913531e-05, 2.5368633942e-05, 2.49258459917e-06, 9.69227221503e-06, 5.18426941198e-06, 9.46019838466e-07, 2.14514258801e-07, 7.82153847467e-07, 9.89941639773e-08, 6.74491431596e-08, 0.00141071667895, 0.000351576629328, 5.65870656999e-08, 3.10794128211e-08, 2.14038337276e-07, 8.41957614739e-07, 6.26227532052e-08, 2.89809953813e-08, 1.54842837219e-07, 4.5219060496e-08, 1.03420481068e-08, 2.27787450058e-06, 1.54016870368e-08, 3.75408060194e-09, 2.0160300096e-09, 2.46734344067e-09, 3.40211414596e-10, 1.38428939422e-08, 3.75440900591e-10, 8.27613394483e-11, 4.37544826759e-11, 4.41345883451e-11, 1.59380460218e-11, 5.27643575533e-13, 8.77501196705e-13, 1.5199011754e-12, 5.62600150928e-13, 6.07118738963e-13, 1.1064061993e-12, 5.11080435785e-13],
        "dvar2": [4.34684297943e-05, 7.9139128502e-05, 7.79727270128e-06, 2.94039182336e-05, 1.51689837367e-05, 2.7276239507e-06, 6.23754715434e-07, 2.28678936764e-06, 2.19503689891e-07, 1.64505024713e-07, 0.00187250773888, 0.000341204402503, 1.52978287815e-07, 8.58986339836e-08, 6.23399955657e-07, 2.56796147369e-06, 1.93105108792e-07, 9.08299995217e-08, 4.72060065704e-07, 1.26761065644e-07, 1.73490413147e-08, 2.78279685517e-06, 1.81281247791e-08, 1.08996758286e-08, 5.2994661992e-09, 6.41906572341e-09, 5.08940889432e-10, 2.25833964862e-08, 5.31646393576e-10, 1.9401688589e-10, 1.11432897631e-10, 1.04364059061e-10, 3.86084393622e-11, 8.29246393774e-13, 1.2276506851e-12, 2.37228075725e-12, 5.3597100716e-13, 4.94488944149e-13, 1.22286685986e-12, 1.10437733177e-12],
        "max": [0.0255825556815, 0.0306999459863, 0.0124868713319, 0.0240320693702, 0.0183318145573, 0.00822907499969, 0.0038887867704, 0.00747106270865, 0.00308584305458, 0.00247549405321, 0.329047203064, 0.184960454702, 0.00241961120628, 0.0016277639661, 0.00381301692687, 0.00756338564679, 0.00203906255774, 0.00135105045047, 0.00324037414975, 0.0018864661688, 0.000981117482297, 0.0143467579037, 0.00137268123217, 0.000517146545462, 0.000348144618329, 0.000401495199185, 0.000164696990396, 0.001122524729, 0.000191226718016, 8.42757362989e-05, 5.82983666391e-05, 6.03651860729e-05, 3.54527619493e-05, 6.65098741592e-06, 1.08377616925e-05, 1.46047959788e-05, 8.96730944078e-06, 9.47153148445e-06, 1.00972074506e-05, 7.19755371392e-06],
        "mean": [0.0053555527702, 0.00945380236953, 0.00182540516835, 0.00063753320137, 0.000339184916811, 0.000252502941294, 0.000159515038831, 0.000104218590423, 0.000192796811461, 0.000256270926911, 0.00746509246528, 0.00390357663855, 4.58859285573e-05, 2.53338876064e-05, 0.000243131420575, 0.000186619363376, 2.95912577712e-05, 2.021315413e-05, 4.61393647129e-05, 2.29719498748e-05, 2.09044683288e-05, 0.000248898693826, 2.68095827778e-05, 9.07922003535e-06, 7.4480094554e-06, 7.77805780672e-06, 4.70231407235e-06, 1.65364526765e-05, 4.01631859859e-06, 1.60009119554e-06, 1.19776689189e-06, 1.08453286884e-06, 7.4990146004e-07, 4.37518480112e-07, 4.43557951257e-07, 4.61720020439e-07, 4.29702652127e-07, 3.93340457094e-07, 3.91016186541e-07, 3.20762268302e-07],
        "median": [0.00405690679327, 0.0079200156033, 0.00166305119637, 0.000134453148348, 5.93900367676e-05, 0.000161884236149, 0.000115741662739, 1.23226627693e-05, 1.76073917828e-05, 1.85927237908e-05, 1.03823922473e-05, 3.41444888363e-06, 4.33375771536e-06, 3.30522220793e-06, 2.389475776e-05, 1.47549271787e-05, 1.90736454897e-06, 1.73569719664e-06, 2.09536779039e-06, 1.1291242572e-06, 8.19572903765e-07, 7.486411846e-07, 5.27181100551e-07, 6.02862371579e-07, 6.24935751148e-07, 1.00505963019e-06, 8.79460969827e-07, 8.80614777543e-07, 5.98287897446e-07, 3.73036755263e-07, 3.21663463865e-07, 2.89596982839e-07, 2.54693844681e-07, 2.63482945684e-07, 2.40006500007e-07, 2.285738816e-07, 1.98253317762e-07, 1.99167359938e-07, 1.95447171336e-07, 1.97489356424e-07],
        "min": [7.06858772901e-05, 7.11689572199e-05, 1.756941856e-05, 1.1748513316e-05, 7.9843111962e-06, 3.15833494824e-05, 1.55008929141e-05, 2.08344613384e-06, 2.90910043077e-06, 1.98311931854e-06, 1.8687994725e-06, 6.77767445723e-07, 1.06293805402e-06, 8.97166955838e-07, 1.99245096155e-06, 1.09794143555e-06, 6.90178751483e-07, 5.16075033374e-07, 6.9574173267e-07, 3.17603280564e-07, 2.59144371739e-07, 2.12206458627e-07, 1.52424775024e-07, 1.96354150717e-07, 2.3417948114e-07, 4.00707563131e-07, 2.53129144312e-07, 3.41941785109e-07, 2.9161162729e-07, 2.10542907553e-07, 1.47965678821e-07, 1.33605240649e-07, 1.12950047537e-07, 9.53913215085e-08, 1.09070839471e-07, 1.00936567549e-07, 1.12640897498e-07, 1.02808002111e-07, 1.10406233489e-07, 1.13175495642e-07],
        "var": [1.9167229766e-05, 4.62871612399e-05, 2.07141602004e-06, 5.90133413425e-06, 2.93064636026e-06, 5.46796457002e-07, 1.24678479096e-07, 4.64645324882e-07, 1.92950551536e-07, 2.69286317689e-07, 0.0021625875961, 0.000600431347266, 6.0214063069e-08, 2.43374813635e-08, 2.44963587193e-07, 5.05758691816e-07, 4.08972731236e-08, 1.82813426619e-08, 1.0313710419e-07, 3.0960134012e-08, 1.58080801782e-08, 2.86405088445e-06, 2.72272355772e-08, 3.13893400161e-09, 1.87715087918e-09, 2.00687799712e-09, 5.50225476292e-10, 1.33564261873e-08, 4.91933882518e-10, 6.92698814975e-11, 3.51036422153e-11, 3.32842954587e-11, 1.22274846498e-11, 9.24708226657e-13, 1.51829753197e-12, 2.32398757356e-12, 1.50060248515e-12, 1.29051760597e-12, 1.59190130695e-12, 5.97069106396e-13]
    },
    "mfcc": {
        "mean": [-683.262390137, 136.692016602, 41.5475883484, 27.9137458801, 15.5079126358, 19.7806167603, 19.242515564, 1.45981013775, -0.594929456711, 10.6171827316, 10.0954704285, 8.87894535065, 4.03973484039],
        "cov": [[2011.80969238, 70.5095596313, -716.880859375, -410.001556396, -341.905700684, -317.04977417, -94.4409332275, 100.105049133, 118.074066162, -106.357566833, -185.713348389, -138.082046509, -237.683197021], [70.5095596313, 272.103240967, 75.0334777832, -99.4108734131, -57.2167549133, 15.4237041473, 9.46356582642, -37.7353744507, -44.4556732178, 22.0114212036, 92.2086181641, 58.8399772644, -37.1329689026], [-716.880859375, 75.0334777832, 333.2890625, 152.741012573, 132.62097168, 137.881896973, 44.3238105774, -52.3766059875, -64.1884002686, 47.7133255005, 94.4637527466, 66.8792266846, 78.2909164429], [-410.001556396, -99.4108734131, 152.741012573, 187.585830688, 138.853546143, 80.7843093872, 26.0956096649, -7.4254527092, -14.8812503815, 9.7014131546, -4.86867332458, -6.69012355804, 63.8201255798], [-341.905700684, -57.2167549133, 132.62097168, 138.853546143, 132.537185669, 79.9456253052, 22.5532855988, -7.64215230942, -14.445224762, 14.6918354034, 7.84679412842, 3.45628070831, 55.5879745483], [-317.04977417, 15.4237041473, 137.881896973, 80.7843093872, 79.9456253052, 91.0363845825, 35.211643219, -16.1015148163, -18.7622509003, 25.8668518066, 47.1699485779, 31.8232345581, 39.2144165039], [-94.4409332275, 9.46356582642, 44.3238105774, 26.0956096649, 22.5532855988, 35.211643219, 38.2881622314, 12.9265375137, 0.90954965353, 9.44978046417, 19.1386108398, 15.256611824, 8.68180561066], [100.105049133, -37.7353744507, -52.3766059875, -7.4254527092, -7.64215230942, -16.1015148163, 12.9265375137, 49.003993988, 32.2985076904, -7.7448759079, -25.9616775513, -14.964715004, -6.19966602325], [118.074066162, -44.4556732178, -64.1884002686, -14.8812503815, -14.445224762, -18.7622509003, 0.90954965353, 32.2985076904, 47.3274269104, 2.94793081284, -26.6138935089, -20.1544475555, -6.42935609818], [-106.357566833, 22.0114212036, 47.7133255005, 9.7014131546, 14.6918354034, 25.8668518066, 9.44978046417, -7.7448759079, 2.94793081284, 38.3113670349, 36.5084609985, 19.2668132782, 15.1721458435], [-185.713348389, 92.2086181641, 94.4637527466, -4.86867332458, 7.84679412842, 47.1699485779, 19.1386108398, -25.9616775513, -26.6138935089, 36.5084609985, 97.2520599365, 64.2721176147, 16.8015041351], [-138.082046509, 58.8399772644, 66.8792266846, -6.69012355804, 3.45628070831, 31.8232345581, 15.256611824, -14.964715004, -20.1544475555, 19.2668132782, 64.2721176147, 62.2410202026, 19.8094844818], [-237.683197021, -37.1329689026, 78.2909164429, 63.8201255798, 55.5879745483, 39.2144165039, 8.68180561066, -6.19966602325, -6.42935609818, 15.1721458435, 16.8015041351, 19.8094844818, 56.7991752625]],
