{
"lowlevel": {
    "average_loudness": 0.982763886452,
    "barkbands_crest": {
        "dmean": 1.18915832043,
        "dmean2": 1.64984643459,
        "dvar": 3.79901123047,
        "dvar2": 8.07590675354,
        "max": 26.6744613647,
        "mean": 16.7427406311,
        "median": 15.8430509567,
        "min": 4.06304121017,
        "var": 32.3932037354
    },
    "barkbands_flatness_db": {
        "dmean": 0.0180055871606,
        "dmean2": 0.0237682498991,
        "dvar": 0.000506722251885,
        "dvar2": 0.000827333948109,
        "max": 0.488835334778,
        "mean": 0.312885314226,
        "median": 0.346864551306,
        "min": 0.0323820114136,
        "var": 0.0152859576046
    },
    "barkbands_kurtosis": {
        "dmean": 12.2946748734,
        "dmean2": 20.1275520325,
        "dvar": 975.766662598,
        "dvar2": 2873.6237793,
        "max": 312.468780518,
        "mean": 31.8628406525,
        "median": 16.7323799133,
        "min": -1.50318777561,
        "var": 2040.51049805
    },
    "barkbands_skewness": {
        "dmean": 0.908961296082,
        "dmean2": 1.61770510674,
        "dvar": 1.26686990261,
        "dvar2": 3.78855013847,
        "max": 4.08053016663,
        "mean": 0.627251923084,
        "median": 0.839892625809,
        "min": -4.56707715988,
        "var": 2.95836520195
    },
    "barkbands_spread": {
        "dmean": 2.13408684731,
        "dmean2": 3.25696969032,
        "dvar": 27.8656387329,
        "dvar2": 59.6408462524,
        "max": 67.5396881104,
        "mean": 7.62869691849,
        "median": 1.75272536278,
        "min": 0.288447648287,
        "var": 162.913085938
    },
    "dissonance": {
        "dmean": 0.0615762658417,
        "dmean2": 0.109193623066,
        "dvar": 0.00441518146545,
        "dvar2": 0.0129298567772,
        "max": 0.49759337306,
        "mean": 0.316590517759,
        "median": 0.325046122074,
        "min": 0.10211700201,
        "var": 0.0135169140995
    },
    "dynamic_complexity": 5.05031776428,
    "erbbands_crest": {
        "dmean": 1.31804311275,
        "dmean2": 1.71247756481,
        "dvar": 5.99607801437,
        "dvar2": 13.0478067398,
        "max": 31.1405944824,
        "mean": 22.5739879608,
        "median": 24.1601409912,
        "min": 4.96807050705,
        "var": 34.6295280457
    },
    "erbbands_flatness_db": {
        "dmean": 0.0149438427761,
        "dmean2": 0.0186481326818,
        "dvar": 0.000361734884791,
        "dvar2": 0.000509047880769,
        "max": 0.502808213234,
        "mean": 0.338635981083,
        "median": 0.366978496313,
        "min": 0.0590364895761,
        "var": 0.0140316439793
    },
    "erbbands_kurtosis": {
        "dmean": 7.60685300827,
        "dmean2": 9.96724510193,
        "dvar": 292.747589111,
        "dvar2": 381.245269775,
        "max": 246.950744629,
        "mean": 31.6228370667,
        "median": 10.9953985214,
        "min": -1.33900380135,
        "var": 2648.77661133
    },
    "erbbands_skewness": {
        "dmean": 0.501014113426,
        "dmean2": 0.747600018978,
        "dvar": 0.535271883011,
        "dvar2": 1.32908213139,
        "max": 8.90767860413,
        "mean": 2.55917358398,
        "median": 2.70149970055,
        "min": -0.304279774427,
        "var": 3.40327835083
    },
    "erbbands_spread": {
        "dmean": 1.91128253937,
        "dmean2": 2.36824917793,
        "dvar": 27.5268363953,
        "dvar2": 49.0498428345,
        "max": 73.2783355713,
        "mean": 9.26826190948,
        "median": 3.59306669235,
        "min": 0.32664707303,
        "var": 210.089782715
    },
    "hfc": {
        "dmean": 2.65988230705,
        "dmean2": 3.01980137825,
        "dvar": 21.7705230713,
        "dvar2": 39.9185562134,
        "max": 49.6853408813,
        "mean": 16.1850948334,
        "median": 10.7808351517,
        "min": 0.0364028997719,
        "var": 190.81137085
    },
    "melbands_crest": {
        "dmean": 1.18966639042,
        "dmean2": 1.77826189995,
        "dvar": 3.44846391678,
        "dvar2": 7.90647602081,
        "max": 32.692024231,
        "mean": 22.0103683472,
        "median": 22.2040481567,
        "min": 6.31244325638,
        "var": 63.5446166992
    },
    "melbands_flatness_db": {
        "dmean": 0.0188115667552,
        "dmean2": 0.024366799742,
        "dvar": 0.000698391348124,
        "dvar2": 0.00130173168145,
        "max": 0.580137491226,
        "mean": 0.391910642385,
        "median": 0.4126124084,
        "min": 0.0583414845169,
        "var": 0.0177536141127
    },
    "melbands_kurtosis": {
        "dmean": 5.86230039597,
        "dmean2": 9.10465049744,
        "dvar": 69.0482788086,
        "dvar2": 185.90536499,
        "max": 91.6583099365,
        "mean": 23.0724849701,
        "median": 18.0801124573,
        "min": -0.858986139297,
        "var": 495.99432373
    },
    "melbands_skewness": {
        "dmean": 0.849587142467,
        "dmean2": 1.45107662678,
        "dvar": 0.881408572197,
        "dvar2": 2.40933728218,
        "max": 4.65564203262,
        "mean": 0.0947479382157,
        "median": 0.182438388467,
        "min": -6.03332662582,
        "var": 4.94870615005
    },
    "melbands_spread": {
        "dmean": 2.81888461113,
        "dmean2": 4.40855646133,
        "dvar": 37.4354324341,
        "dvar2": 84.587562561,
        "max": 78.3218612671,
        "mean": 9.24074268341,
        "median": 3.17270970345,
        "min": 0.292041510344,
        "var": 154.441772461
    },
    "pitch_salience": {
        "dmean": 0.0392772071064,
        "dmean2": 0.0525460727513,
        "dvar": 0.00537558412179,
        "dvar2": 0.00909321941435,
        "max": 0.807972431183,
        "mean": 0.29169395566,
        "median": 0.266524344683,
        "min": 0.0408269837499,
        "var": 0.0313381664455
    },
    "silence_rate_20dB": {
        "dmean": 0,
        "dmean2": 0,
        "dvar": 0,
        "dvar2": 0,
        "max": 1,
        "mean": 1,
        "median": 1,
        "min": 1,
        "var": 0
    },
    "silence_rate_30dB": {
        "dmean": 0,
        "dmean2": 0,
        "dvar": 0,
        "dvar2": 0,
        "max": 1,
        "mean": 1,
        "median": 1,
        "min": 1,
        "var": 0
    },
    "silence_rate_60dB": {
        "dmean": 0.0266666673124,
        "dmean2": 0.0469798669219,
        "dvar": 0.0259555913508,
        "dvar2": 0.0447728447616,
        "max": 1,
        "mean": 0.245033115149,
        "median": 0,
        "min": 0,
        "var": 0.184991985559
    },
    "spectral_centroid": {
        "dmean": 66.8399887085,
        "dmean2": 111.12374115,
        "dvar": 43951.7734375,
        "dvar2": 102668.90625,
        "max": 2729.27636719,
        "mean": 815.651000977,
        "median": 682.477478027,
        "min": 603.762329102,
        "var": 117693.679688
    },
    "spectral_complexity": {
        "dmean": 0.933333337307,
        "dmean2": 1.67114090919,
        "dvar": 2.1688952446,
        "dvar2": 4.38178825378,
        "max": 18,
        "mean": 3.49668884277,
        "median": 3,
        "min": 0,
        "var": 6.91223621368
    },
    "spectral_decrease": {
        "dmean": 8.62285132186e-10,
        "dmean2": 9.3838736781e-10,
        "dvar": 1.89429364717e-18,
        "dvar2": 3.45231521429e-18,
        "max": -1.26992028004e-11,
        "mean": -5.72102676344e-09,
        "median": -3.60936458499e-09,
        "min": -1.86541804226e-08,
        "var": 2.66965792908e-17
    },
    "spectral_energy": {
        "dmean": 0.00348024815321,
        "dmean2": 0.0037715646904,
        "dvar": 3.05026296701e-05,
        "dvar2": 5.53851095901e-05,
        "max": 0.074911609292,
        "mean": 0.0230604726821,
        "median": 0.0144732790068,
        "min": 5.1231643738e-05,
        "var": 0.000427296268754
    },
    "spectral_energyband_high": {
        "dmean": 6.70085501042e-05,
        "dmean2": 8.38330233819e-05,
        "dvar": 9.8545712035e-08,
        "dvar2": 1.95438573769e-07,
        "max": 0.00370040652342,
        "mean": 0.000149067593156,
        "median": 4.54525297755e-06,
        "min": 6.73778743021e-07,
        "var": 2.89064360004e-07
    },
    "spectral_energyband_low": {
        "dmean": 9.44663988776e-05,
        "dmean2": 0.000171413194039,
        "dvar": 3.52554963001e-08,
        "dvar2": 1.07199952026e-07,
        "max": 0.00182507501449,
        "mean": 0.000144199962961,
        "median": 0.000100937118987,
        "min": 1.12684745091e-06,
        "var": 4.03117965675e-08
    },
    "spectral_energyband_middle_high": {
        "dmean": 0.000310262577841,
        "dmean2": 0.00037062561023,
        "dvar": 5.93832226059e-07,
        "dvar2": 9.00546467619e-07,
        "max": 0.0117609100416,
        "mean": 0.00111382524483,
        "median": 0.000653672148474,
        "min": 1.55298630489e-06,
        "var": 2.62420394392e-06
    },
    "spectral_energyband_middle_low": {
        "dmean": 0.00336373737082,
        "dmean2": 0.00377896451391,
        "dvar": 3.08069211314e-05,
        "dvar2": 5.96964709985e-05,
        "max": 0.0730905905366,
        "mean": 0.0216616392136,
        "median": 0.0143215917051,
        "min": 1.73663011083e-05,
        "var": 0.000415562361013
    },
    "spectral_entropy": {
        "dmean": 0.17772474885,
        "dmean2": 0.218666926026,
        "dvar": 0.0674852728844,
        "dvar2": 0.105316653848,
        "max": 8.36024951935,
        "mean": 5.37919139862,
        "median": 5.04993057251,
        "min": 3.56439685822,
        "var": 1.67995285988
    },
    "spectral_flux": {
        "dmean": 0.00923825614154,
        "dmean2": 0.0139262499288,
        "dvar": 0.000260610220721,
        "dvar2": 0.000572359014768,
        "max": 0.143101334572,
        "mean": 0.0213749427348,
        "median": 0.0130023248494,
        "min": 0.00369063089602,
        "var": 0.000532087695319
    },
    "spectral_kurtosis": {
        "dmean": 4.74077367783,
        "dmean2": 8.20821285248,
        "dvar": 24.1397647858,
        "dvar2": 70.1007995605,
        "max": 67.1859359741,
        "mean": 25.1617107391,
        "median": 20.8238716125,
        "min": 1.65963411331,
        "var": 333.2315979
    },
    "spectral_rms": {
        "dmean": 0.000388361135265,
        "dmean2": 0.000398595468141,
        "dvar": 3.12215234999e-07,
        "dvar2": 5.13299312388e-07,
        "max": 0.00854894705117,
        "mean": 0.00407960452139,
        "median": 0.00375769496895,
        "min": 0.0002235667489,
        "var": 5.85485440752e-06
    },
    "spectral_rolloff": {
        "dmean": 305.771392822,
        "dmean2": 491.650634766,
        "dvar": 1633060.75,
        "dvar2": 4278297,
        "max": 12704.5898438,
        "mean": 1215.84338379,
        "median": 667.529296875,
        "min": 409.130859375,
        "var": 3535133.75
    },
    "spectral_skewness": {
        "dmean": 0.386569350958,
        "dmean2": 0.655968606472,
        "dvar": 0.120674587786,
        "dvar2": 0.345376074314,
        "max": 7.1126241684,
        "mean": 3.9731566906,
        "median": 3.89833235741,
        "min": 1.2806866169,
        "var": 2.62523794174
    },
    "spectral_spread": {
        "dmean": 588287.8125,
        "dmean2": 842226.125,
        "dvar": 1.13664996147e+12,
        "dvar2": 801366999040,
        "max": 20646980,
        "mean": 3962265,
        "median": 3224447.5,
        "min": 1537758,
        "var": 5.24455090586e+12
    },
    "spectral_strongpeak": {
        "dmean": 0.363381296396,
        "dmean2": 0.426902860403,
        "dvar": 0.349352627993,
        "dvar2": 0.817298829556,
        "max": 6.51032924652,
        "mean": 2.97331571579,
        "median": 2.81323075294,
        "min": 0.00979722011834,
        "var": 3.88600444794
    },
    "zerocrossingrate": {
        "dmean": 0.0057389321737,
        "dmean2": 0.00589214544743,
        "dvar": 0.000197047833353,
        "dvar2": 0.00015746417921,
        "max": 0.27001953125,
        "mean": 0.0465872064233,
        "median": 0.02978515625,
        "min": 0.00732421875,
        "var": 0.00166622165125
    },
    "barkbands": {
        "dmean": [4.13054021919e-06, 7.45023353375e-05, 3.33540519932e-05, 2.13405983231e-05, 0.000149827770656, 1.54500448843e-05, 1.27694038383e-05, 0.000576277030632, 0.00284095737152, 1.43873103298e-05, 5.12671067554e-06, 0.000194799678866, 9.9835859146e-05, 3.43936721947e-06, 2.27277159865e-05, 3.11709777634e-06, 5.18676961292e-06, 3.81235645364e-06, 2.87535726784e-06, 1.77770525625e-05, 8.43159159558e-06, 1.00555225799e-05, 1.1225633898e-05, 9.92752757156e-06, 8.85115605342e-06, 1.79743183253e-05, 3.40987776326e-06],
        "dmean2": [7.65116146795e-06, 0.000139124706038, 5.92308606429e-05, 3.13918098982e-05, 0.000257886509644, 2.8168060453e-05, 2.07863686228e-05, 0.000580668915063, 0.00324947945774, 2.22376784222e-05, 7.83933046478e-06, 0.000236712017795, 0.000113032510853, 6.35534115645e-06, 3.41198792739e-05, 5.99845679972e-06, 8.4999783212e-06, 4.53870234196e-06, 4.57674013887e-06, 1.80719107448e-05, 1.279211574e-05, 1.30109519887e-05, 1.71892606886e-05, 1.51262847794e-05, 1.36143999043e-05, 2.62128851318e-05, 5.08821312906e-06],
        "dvar": [1.42514472445e-11, 1.5715462709e-08, 6.00345462232e-09, 2.62213495361e-09, 1.02007277292e-07, 3.15654014038e-09, 1.6745212994e-09, 1.11658300739e-06, 2.78926981991e-05, 2.84108070403e-09, 3.81398662652e-10, 5.14110524819e-07, 5.01650418983e-08, 4.67258731707e-10, 9.23062781766e-09, 2.55724774689e-10, 4.39494995952e-10, 1.72884873084e-10, 1.31275157411e-10, 6.57683063565e-09, 1.4729131248e-09, 1.5027056266e-09, 3.88878351743e-09, 2.97681923556e-09, 1.4469740961e-09, 7.4272907824e-09, 2.28808499925e-10],
        "dvar2": [4.67567269624e-11, 5.16059941447e-08, 1.41596272485e-08, 4.74152273e-09, 2.30435801996e-07, 9.17819331647e-09, 3.13883652403e-09, 1.2532132132e-06, 5.19126479048e-05, 7.00757407657e-09, 7.10109360202e-10, 6.96654069543e-07, 8.16523808567e-08, 1.37653655141e-09, 1.95883664844e-08, 7.41064654086e-10, 1.36744982004e-09, 2.69800598529e-10, 3.53912510409e-10, 6.1469078716e-09, 3.11570680367e-09, 2.24727969567e-09, 8.18332868135e-09, 7.68500463266e-09, 3.91153820445e-09, 1.45835601373e-08, 5.82041581598e-10],
        "max": [1.85927692655e-05, 0.000991798588075, 0.000814686878584, 0.000798120221589, 0.00440572062507, 0.000519678520504, 0.000493291357998, 0.0232634376734, 0.0709641203284, 0.000599925755523, 0.000211127393413, 0.010315572843, 0.00320600299165, 0.000198417983484, 0.000988097628579, 0.000137548180646, 0.000190928520169, 0.000155858288053, 0.000102738311398, 0.00123217061628, 0.000398851407226, 0.000550191383809, 0.000650043366477, 0.000619347149041, 0.000375570001779, 0.00096481514629, 0.000144851001096],
        "mean": [3.91115554521e-06, 8.93346150406e-05, 4.58685390186e-05, 5.2022820455e-05, 0.000268366653472, 1.8673032173e-05, 1.79688977369e-05, 0.00582849513739, 0.0154668400064, 1.84761993296e-05, 7.33347678761e-06, 0.000586550682783, 0.000440909265308, 2.83539088741e-06, 3.7973979488e-05, 2.57357578448e-06, 1.03961447167e-05, 5.97869438934e-06, 3.90632067138e-06, 3.39032885677e-05, 1.34259644256e-05, 2.62490484602e-05, 1.29584086608e-05, 1.67738689925e-05, 1.39930707519e-05, 2.94968540402e-05, 4.78518495584e-06],
        "median": [2.91038759315e-06, 6.26021428616e-05, 2.38295033341e-05, 1.04573518911e-05, 5.89609735471e-05, 1.19387059385e-05, 6.11822497376e-06, 6.72240930726e-05, 0.0116335656494, 2.0169727577e-06, 6.35980256902e-07, 1.13140267786e-05, 6.02516811341e-05, 4.2644424525e-07, 1.32164939259e-06, 3.08846779262e-07, 1.3654984059e-06, 3.28379769599e-07, 5.37930191058e-07, 6.28427017091e-07, 5.88169712046e-07, 4.85043187837e-07, 3.7433821376e-07, 4.19255968609e-07, 3.8948522274e-07, 6.00313683208e-07, 1.39594942539e-06],
        "min": [6.53190070921e-08, 6.04068986831e-07, 3.92840831864e-07, 1.32018399768e-07, 3.50612538114e-07, 1.49050322307e-06, 1.11842234674e-06, 2.78582365354e-06, 2.62298840426e-07, 2.01342984951e-07, 6.41343689267e-08, 1.05022330388e-07, 1.20990335972e-07, 6.91696584454e-08, 1.38532868732e-07, 5.96344307269e-08, 1.63837974299e-08, 8.66120899445e-08, 9.66753290754e-08, 7.58865326134e-08, 1.0422646568e-07, 9.0736946845e-08, 8.4687854951e-08, 8.91320937058e-08, 7.51630651052e-08, 9.09104116431e-08, 9.17668785405e-08],
        "var": [1.25986669014e-11, 1.30247261865e-08, 1.03307629118e-08, 1.60896398427e-08, 4.27742236297e-07, 1.90348403706e-09, 2.86605539301e-09, 6.75195842632e-05, 0.000225473733735, 4.01633348801e-09, 8.08758116033e-10, 2.13573912333e-06, 4.82794916934e-07, 2.69716166068e-10, 1.54112989037e-08, 1.60335980603e-10, 7.05571434612e-10, 4.07255423829e-10, 1.41614830973e-10, 2.65201762772e-08, 1.95626781441e-09, 7.19849913011e-09, 4.33526770038e-09, 4.35670255428e-09, 2.45030795654e-09, 1.52057459957e-08, 2.82514595051e-10]
    },
    "erbbands": {
        "dmean": [0.00208612484857, 0.0175917129964, 0.0396643653512, 0.0434105657041, 0.549240469933, 0.276740312576, 0.083888925612, 0.123492099345, 0.206787839532, 0.824330925941, 36.9416465759, 63.3573112488, 2.97680044174, 0.342461466789, 0.294586181641, 8.31442070007, 6.73857736588, 0.418684899807, 0.748240411282, 0.772082388401, 0.140574350953, 0.293857127428, 0.0824057757854, 0.256702005863, 0.138840958476, 0.411994308233, 0.73178178072, 0.32861405611, 0.262641310692, 0.370395839214, 0.347349107265, 0.195000693202, 0.17738224566, 0.11449559778, 0.0667648985982, 0.092332996428, 0.0253488570452, 0.00560741685331, 0.000515526917297, 2.11171991396e-05],
        "dmean2": [0.00379525939934, 0.0330735109746, 0.0715730041265, 0.0664253607392, 0.909361243248, 0.509874999523, 0.147455438972, 0.222484096885, 0.339759200811, 0.911796808243, 40.4894714355, 70.4678878784, 3.22316360474, 0.561429858208, 0.401556044817, 10.1969022751, 7.40251159668, 0.60923987627, 1.22052419186, 1.15796470642, 0.25668361783, 0.466590374708, 0.121773973107, 0.292663395405, 0.230668798089, 0.577744066715, 0.705027222633, 0.516694486141, 0.337964266539, 0.415160119534, 0.522619128227, 0.315843701363, 0.251630336046, 0.158063933253, 0.0991185083985, 0.129130631685, 0.0367392711341, 0.00826423801482, 0.000752418942284, 3.09664501401e-05],
        "dvar": [5.37982214155e-06, 0.00111266272143, 0.0081522250548, 0.00731792347506, 1.63688910007, 0.282577365637, 0.0717544406652, 0.21026262641, 0.323435246944, 1.40478265285, 2783.24731445, 17686.6953125, 39.5715675354, 0.890922725201, 1.20017135143, 786.591003418, 164.669845581, 2.11524248123, 13.6704349518, 9.17295742035, 0.529480278492, 1.31639063358, 0.075940169394, 0.501122415066, 0.382681846619, 3.76108264923, 8.00352668762, 3.06100177765, 0.897264719009, 2.14055490494, 3.92076468468, 1.10307133198, 1.06689226627, 0.397180736065, 0.0740693509579, 0.17600107193, 0.015179107897, 0.000719551695511, 4.89116337121e-06, 5.30652277675e-09],
        "dvar2": [1.71607407538e-05, 0.00364513974637, 0.0225099399686, 0.0105146747082, 3.06799530983, 0.828234434128, 0.20252981782, 0.607932031155, 0.647297143936, 2.41867399216, 5535.51757812, 28690.328125, 59.2755432129, 2.23914670944, 1.9260032177, 1158.97753906, 251.254882812, 6.27275323868, 34.6666374207, 20.1636180878, 1.55141854286, 4.06189250946, 0.156574457884, 0.693739652634, 1.17242610455, 5.30844402313, 7.28124284744, 6.40376806259, 1.86195194721, 2.83240532875, 8.4725112915, 2.8899037838, 2.58561110497, 1.00803411007, 0.190063610673, 0.334582984447, 0.0308077409863, 0.00180522468872, 1.10152723209e-05, 1.09949196414e-08],
        "max": [0.0185485612601, 0.264665126801, 0.912686049938, 1.41449272633, 19.3224411011, 5.85498952866, 2.6085922718, 4.26229000092, 6.63315582275, 24.2575416565, 1066.31811523, 1891.71557617, 87.1749725342, 10.2318496704, 14.3959674835, 402.392242432, 153.001266479, 14.0058917999, 39.3801727295, 27.7155189514, 6.78131580353, 10.4623594284, 2.49482655525, 8.41326141357, 6.34884738922, 27.5396766663, 43.0441398621, 19.1359786987, 10.0085382462, 22.255815506, 20.9935207367, 11.793135643, 11.6963195801, 7.2647857666, 3.06646227837, 4.62993764877, 1.38196098804, 0.265643149614, 0.0204812847078, 0.000747270183638],
        "mean": [0.00235212570988, 0.0207855571061, 0.0545655451715, 0.10791606456, 1.09809708595, 0.442760199308, 0.107006438076, 0.157041832805, 0.458220481873, 6.85286331177, 307.852386475, 309.381164551, 12.3244867325, 0.947434365749, 0.945932626724, 25.5966911316, 27.4376449585, 1.16502845287, 1.13964653015, 1.21377193928, 0.206354558468, 0.627700269222, 0.162110075355, 0.401314079762, 0.257488697767, 0.83977162838, 1.37339937687, 0.633301854134, 0.586636424065, 0.858048975468, 0.419362574816, 0.343908548355, 0.286706805229, 0.206530481577, 0.0862514451146, 0.157948479056, 0.0412302613258, 0.00640341779217, 0.000730025174562, 6.8027045927e-05],
        "median": [0.00177253794391, 0.0130515471101, 0.0279434230179, 0.0342522151768, 0.14818495512, 0.18851326406, 0.0582329630852, 0.0983952060342, 0.262088805437, 2.68370556831, 128.191299438, 222.246337891, 9.12240505219, 0.609582185745, 0.308707326651, 9.64608287811, 12.9448537827, 0.497833877802, 0.0759024471045, 0.0645423904061, 0.0306434482336, 0.0757696032524, 0.0275105647743, 0.0491037517786, 0.0268003083766, 0.0293685402721, 0.0228865128011, 0.0199106838554, 0.0176860690117, 0.0170219670981, 0.00991222076118, 0.00867884606123, 0.00700156297535, 0.00426912261173, 0.0029515856877, 0.00203849701211, 0.00115368864499, 0.000493716041092, 0.000189411672181, 5.00162968819e-05],
        "min": [1.50298219523e-05, 0.000144377874676, 0.000444764678832, 0.000479725043988, 0.000270657328656, 0.00116209860425, 0.00471914932132, 0.00702365906909, 0.017116362229, 0.0231903232634, 0.0703477934003, 0.0210694503039, 0.0102273598313, 0.00787915010005, 0.00612400844693, 0.00683142757043, 0.00553094595671, 0.00453188735992, 0.00594588601962, 0.00822518859059, 0.00413665315136, 0.00156421284191, 0.00525534665212, 0.00475856848061, 0.00450369063765, 0.00358324474655, 0.00436970498413, 0.00331746344455, 0.00344782485627, 0.00362216425128, 0.0020893488545, 0.00177798664663, 0.00134079286363, 0.000897144258488, 0.000557612220291, 0.00027794088237, 0.000206912809517, 5.16445397807e-05, 1.43807174027e-05, 1.44962928061e-06],
        "var": [5.25753739566e-06, 0.000937848817557, 0.0115384766832, 0.0527777224779, 8.3641910553, 0.742161750793, 0.0533139258623, 0.128525450826, 0.547946989536, 67.145652771, 131285.390625, 118636.914062, 234.776260376, 1.93264949322, 4.86285543442, 3032.2253418, 1121.82849121, 2.84927845001, 16.6494064331, 14.0043125153, 0.428577333689, 2.5721681118, 0.166425794363, 1.28331303596, 0.619038760662, 14.1421737671, 33.8275794983, 4.77312850952, 3.19721055031, 8.24179553986, 4.48796415329, 1.71956968307, 1.48874628544, 0.682609796524, 0.107964217663, 0.40430817008, 0.0300437733531, 0.000839028216433, 6.82434347254e-06, 8.50521963969e-09]
    },
    "gfcc": {
        "mean": [-146.530517578, 89.596786499, -87.1165542603, -37.8232650757, -68.3972244263, 13.4473810196, -0.885014116764, 13.2880935669, -8.50360107422, 5.59586954117, -20.93019104, -23.2889442444, -32.9681625366],
        "cov": [[4534.17382812, -1090.26977539, -676.213928223, 587.204223633, -395.111419678, 401.809387207, -296.562316895, -45.4493751526, -216.352600098, -6.34936857224, -421.23626709, 11.8286132812, -104.366096497], [-1090.26977539, 1083.85522461, 51.1589126587, -691.586120605, -148.551605225, -192.447235107, 349.128570557, 104.568283081, 179.040222168, -114.322952271, 138.505081177, -162.400131226, -130.441543579], [-676.213928223, 51.1589126587, 409.159332275, 0.337184339762, 60.6092376709, -62.0953636169, 37.0428199768, 84.4007263184, -22.5250415802, -11.7309494019, 9.58866405487, -5.08767271042, 64.2490921021], [587.204223633, -691.586120605, 0.337184339762, 648.393737793, 148.322998047, 175.75302124, -253.752029419, -118.248657227, -113.361236572, 78.6589279175, -85.5091705322, 98.97215271, 92.7241516113], [-395.111419678, -148.551605225, 60.6092376709, 148.322998047, 238.329330444, 75.2650222778, -83.2468414307, -105.262718201, -71.0728302002, 74.217376709, 75.987953186, 53.7126083374, 35.2287445068], [401.809387207, -192.447235107, -62.0953636169, 175.75302124, 75.2650222778, 161.878860474, -72.9585647583, -88.6900787354, -86.6750488281, 46.8417625427, -9.1378068924, 12.0782356262, -15.0439090729], [-296.562316895, 349.128570557, 37.0428199768, -253.752029419, -83.2468414307, -72.9585647583, 179.834259033, 85.8523330688, 78.0495529175, -43.0404052734, 22.6506061554, -58.5737037659, -36.3836135864], [-45.4493751526, 104.568283081, 84.4007263184, -118.248657227, -105.262718201, -88.6900787354, 85.8523330688, 161.283874512, 76.2496948242, -40.6041603088, -36.6799087524, -15.5658721924, 18.2175235748], [-216.352600098, 179.040222168, -22.5250415802, -113.361236572, -71.0728302002, -86.6750488281, 78.0495529175, 76.2496948242, 150.058670044, -11.3140468597, 10.935713768, 5.24662685394, 9.59958267212], [-6.34936857224, -114.322952271, -11.7309494019, 78.6589279175, 74.217376709, 46.8417625427, -43.0404052734, -40.6041603088, -11.3140468597, 63.6397209167, 34.0275344849, 41.2659378052, 20.0678787231], [-421.23626709, 138.505081177, 9.58866405487, -85.5091705322, 75.987953186, -9.1378068924, 22.6506061554, -36.6799087524, 10.935713768, 34.0275344849, 111.315856934, 18.9563064575, -17.2200126648], [11.8286132812, -162.400131226, -5.08767271042, 98.97215271, 53.7126083374, 12.0782356262, -58.5737037659, -15.5658721924, 5.24662685394, 41.2659378052, 18.9563064575, 75.0045471191, 35.2558135986], [-104.366096497, -130.441543579, 64.2490921021, 92.7241516113, 35.2287445068, -15.0439090729, -36.3836135864, 18.2175235748, 9.59958267212, 20.0678787231, -17.2200126648, 35.2558135986, 68.3638305664]],
        "icov": [[0.00140027375892, 0.000603398308158, 0.00124147813767, 6.4693398599e-05, 0.00256234803237, -0.00223997677676, 0.000562591303606, -0.00125607359223, 0.00132012250833, -0.00175272091292, 0.0030820434913, -0.00137239613105, 0.00266852672212], [0.000603398308158, 0.0112833688036, -0.00176378770266, 0.00472679454833, 0.001303133904, -0.0040216287598, -0.00438542710617, 0.00392485270277, -0.00956322345883, 0.0114099001512, -0.0111513473094, 0.0112965032458, 0.00211950135417], [0.00124147813767, -0.00176378770266, 0.00658965948969, -0.00200870959088, 0.000267643743427, 0.000395821785787, -0.000499568006489, -0.00584623543546, 0.00674894033, -0.0026858127676, 0.00280764652416, -0.00131940026768, -0.00246909982525], [6.4693398599e-05, 0.00472679454833, -0.00200870959088, 0.00843984819949, -0.000641696562525, -0.00668914662674, 0.00299848360009, 0.00353895616718, -0.00630116369575, 0.00664119422436, -0.000811431615148, 0.00209851562977, -0.00328158587217], [0.00256234803237, 0.001303133904, 0.000267643743427, -0.000641696562525, 0.0188048649579, -0.00717152189463, 0.000853227567859, 0.00278712809086, 0.00484627112746, -0.00490274094045, -0.0041499058716, -0.00278335460462, -0.00339137227274], [-0.00223997677676, -0.0040216287598, 0.000395821785787, -0.00668914662674, -0.00717152189463, 0.027473365888, -0.00480981869623, 0.00171988003422, 0.00810265727341, -0.0191632173955, 0.00629057502374, 0.00172678299714, 0.00951229315251], [0.000562591303606, -0.00438542710617, -0.000499568006489, 0.00299848360009, 0.000853227567859, -0.00480981869623, 0.0230888407677, -0.00755888968706, -0.00298114470206, -0.00304959667847, 0.00273603387177, 0.00330828409642, 0.00199486431666], [-0.00125607359223, 0.00392485270277, -0.00584623543546, 0.00353895616718, 0.00278712809086, 0.00171988003422, -0.00755888968706, 0.0218176599592, -0.00850438978523, 0.00708341319114, -0.00165892613586, -0.000148995095515, -0.00585514400154], [0.00132012250833, -0.00956322345883, 0.00674894033, -0.00630116369575, 0.00484627112746, 0.00810265727341, -0.00298114470206, -0.00850438978523, 0.0275052171201, -0.0181016549468, 0.0117357335985, -0.01505147852, -0.00189299357589], [-0.00175272091292, 0.0114099001512, -0.0026858127676, 0.00664119422436, -0.00490274094045, -0.0191632173955, -0.00304959667847, 0.00708341319114, -0.0181016549468, 0.068721331656, -0.0337154716253, 0.00329390633851, -0.0204119738191], [0.0030820434913, -0.0111513473094, 0.00280764652416, -0.000811431615148, -0.0041499058716, 0.00629057502374, 0.00273603387177, -0.00165892613586, 0.0117357335985, -0.0337154716253, 0.0528350025415, -0.0256229937077, 0.0220822971314], [-0.00137239613105, 0.0112965032458, -0.00131940026768, 0.00209851562977, -0.00278335460462, 0.00172678299714, 0.00330828409642, -0.000148995095515, -0.01505147852, 0.00329390633851, -0.0256229937077, 0.0495489351451, -0.00939280167222], [0.00266852672212, 0.00211950135417, -0.00246909982525, -0.00328158587217, -0.00339137227274, 0.00951229315251, 0.00199486431666, -0.00585514400154, -0.00189299357589, -0.0204119738191, 0.0220822971314, -0.00939280167222, 0.0526436604559]]
    },
    "melbands": {
        "dmean": [1.99114929273e-05, 2.03202089324e-05, 1.94787535293e-05, 3.84831619158e-05, 2.41380780608e-06, 2.94560595648e-06, 2.99522571368e-06, 4.26389169661e-06, 0.000447219674243, 0.000338192738127, 2.73546743301e-06, 1.07429536911e-06, 7.14573900495e-07, 8.18339867692e-06, 3.31502778863e-05, 5.6858843891e-06, 3.69462270555e-07, 8.56506517266e-07, 1.91349954548e-06, 4.0953085545e-07, 1.346708558e-07, 3.62262397857e-07, 1.18122954973e-07, 1.49744323608e-07, 2.26234234901e-07, 1.14961387965e-07, 9.68853655081e-08, 4.07838854244e-07, 7.54529992264e-07, 2.59247741496e-07, 1.52396921749e-07, 1.42970534966e-07, 3.2480161849e-07, 1.52175175572e-07, 1.79668106171e-07, 2.00131779593e-07, 1.1216847895e-07, 1.2234352198e-07, 1.38335209954e-07, 7.35333500756e-08],
        "dmean2": [3.71669048036e-05, 3.59674813808e-05, 2.97532224067e-05, 6.73858812661e-05, 4.16685952587e-06, 5.30884517502e-06, 4.82179166283e-06, 6.77778916724e-06, 0.000497207860462, 0.000378732249374, 4.17055798607e-06, 2.01626835405e-06, 1.08784354325e-06, 1.09192706077e-05, 3.90241075365e-05, 6.34945854472e-06, 6.82751363001e-07, 1.48468905081e-06, 2.88727460429e-06, 7.2400132467e-07, 2.53656793348e-07, 5.56421184683e-07, 2.14903025153e-07, 1.76719780143e-07, 2.68383047342e-07, 2.01851335646e-07, 1.58871131362e-07, 5.14210455549e-07, 7.44043518353e-07, 4.12247601389e-07, 2.36788977759e-07, 1.75457529394e-07, 4.31123396538e-07, 1.94508700702e-07, 2.67085425776e-07, 3.04226119852e-07, 1.91683241724e-07, 1.75110244527e-07, 1.9904153703e-07, 1.02939893054e-07],
        "dvar": [8.15772671636e-10, 2.13960316131e-09, 2.23221596762e-09, 6.48900755351e-09, 5.60487177503e-11, 1.08320886982e-10, 7.77718375811e-11, 5.18013409945e-11, 4.11367665265e-07, 5.13744623731e-07, 1.06864621319e-10, 1.42220298038e-11, 7.75244712176e-12, 8.63230154025e-10, 8.15042433544e-09, 1.64843638739e-10, 5.92827176238e-12, 2.25337613152e-11, 5.85122297836e-11, 4.33779314551e-12, 4.5504870488e-13, 1.83146878739e-12, 2.7652210491e-13, 2.59670757119e-13, 3.8749569959e-13, 3.44441191064e-13, 1.34379798413e-13, 3.51956159529e-12, 1.03799347589e-11, 1.721031412e-12, 5.16780032395e-13, 2.25052588327e-13, 1.68116800862e-12, 3.86081520486e-13, 1.07849493225e-12, 1.32291074796e-12, 3.32612003261e-13, 5.01694280737e-13, 6.53372592575e-13, 1.59043785086e-13],
        "dvar2": [2.64016319917e-09, 6.44750164369e-09, 3.28844818043e-09, 1.55929260615e-08, 1.53040594086e-10, 3.11982495393e-10, 1.53044174556e-10, 1.16333630229e-10, 8.60605439357e-07, 8.41832388687e-07, 2.41479142238e-10, 3.69225310048e-11, 1.58315895116e-11, 1.48685419532e-09, 1.07648743253e-08, 2.65706567859e-10, 1.74292837107e-11, 6.22607729261e-11, 1.03284852893e-10, 1.22145791745e-11, 1.35301329602e-12, 5.52432058432e-12, 8.20029157425e-13, 3.8615549018e-13, 5.79386961585e-13, 1.02151165131e-12, 4.26578829768e-13, 4.21667865555e-12, 8.97631448338e-12, 3.54894629309e-12, 1.1317404262e-12, 3.75542939845e-13, 2.66978301446e-12, 5.76223422276e-13, 2.37193207783e-12, 2.86740119496e-12, 9.32073537276e-13, 1.17116928135e-12, 1.65017630636e-12, 4.04881071161e-13],
        "max": [0.000227374330279, 0.000447466736659, 0.000799359113444, 0.00106901722029, 7.44468125049e-05, 9.70979453996e-05, 0.000106119754491, 6.6194057581e-05, 0.0109176142141, 0.0101483687758, 0.000106250874524, 3.69137087546e-05, 2.84021443804e-05, 0.000427356455475, 0.0012714114273, 0.000186840508832, 2.24267587328e-05, 4.89744270453e-05, 7.5929776358e-05, 1.64818720805e-05, 6.24417270956e-06, 1.22565606944e-05, 4.13434372604e-06, 6.10129700362e-06, 7.13168765287e-06, 5.48502475795e-06, 3.76930506718e-06, 2.75281618087e-05, 4.85124219267e-05, 1.38795739986e-05, 7.73928786657e-06, 5.93989716435e-06, 1.79169128387e-05, 8.55917551235e-06, 1.09203083412e-05, 1.23374411487e-05, 6.23554205958e-06, 8.14272971184e-06, 8.930363947e-06, 4.65265793537e-06],
        "mean": [2.31722988246e-05, 2.87951825158e-05, 4.83503572468e-05, 6.64307299303e-05, 3.33460820912e-06, 3.53954578713e-06, 4.40911480837e-06, 1.75018649315e-05, 0.00341438269243, 0.0016075434396, 3.80779783882e-06, 1.55425186676e-06, 1.03865534129e-06, 2.26479442063e-05, 0.000118222087622, 2.34843791986e-05, 2.90587905738e-07, 1.10494386263e-06, 3.46914771399e-06, 3.72996424858e-07, 1.61329865023e-07, 8.37902575768e-07, 1.35347917762e-07, 2.36601394477e-07, 3.41338648013e-07, 1.4514100144e-07, 1.89907296999e-07, 7.76224965193e-07, 1.3176122593e-06, 4.32309605003e-07, 2.69177519385e-07, 2.51351508496e-07, 7.31591910608e-07, 3.13992131851e-07, 1.94553450683e-07, 2.71612634606e-07, 1.96766919203e-07, 2.21469989015e-07, 1.95742146047e-07, 1.42158654626e-07],
        "median": [1.64621214935e-05, 1.58387883857e-05, 7.8591529018e-06, 1.67236266861e-05, 2.08260871659e-06, 2.17484375753e-06, 1.90213040696e-06, 2.20450920096e-06, 0.00166809500661, 0.00113619526383, 5.16526256433e-07, 9.453134453e-08, 1.01744291214e-07, 8.15273608623e-07, 6.98260773788e-05, 8.61667160734e-07, 4.64298892666e-08, 4.45147101402e-08, 1.04518015576e-07, 3.40281971489e-08, 2.40297097776e-08, 7.44244346151e-08, 2.43775755138e-08, 1.62544324667e-08, 4.30446966959e-08, 2.09833181941e-08, 2.17266773461e-08, 1.74435186295e-08, 1.43536000863e-08, 1.67333915613e-08, 9.90644455356e-09, 8.9048528551e-09, 1.03673585272e-08, 9.02562291571e-09, 5.84968429251e-09, 5.51540546567e-09, 5.33814947801e-09, 5.28906873853e-09, 3.91555010637e-09, 3.35088068404e-09],
        "min": [1.54792587637e-07, 2.25871701787e-07, 7.95602161929e-08, 3.0206674495e-08, 1.66286355352e-07, 1.96190157453e-07, 2.47219787752e-07, 1.60986274977e-07, 5.53084305466e-07, 6.34189660786e-08, 4.92683938091e-08, 1.61767541584e-08, 7.60584839554e-09, 1.33005544356e-08, 1.45396414908e-08, 1.22051933005e-08, 7.0699583965e-09, 7.06176050969e-09, 9.07642583314e-09, 4.79591921732e-09, 4.05591649155e-09, 9.00394980796e-10, 3.36265326695e-09, 3.44513262363e-09, 3.69464259187e-09, 2.95727797806e-09, 3.36980510163e-09, 1.93627158751e-09, 2.36320651936e-09, 2.55084442458e-09, 1.54565626964e-09, 2.03771466367e-09, 1.66210434305e-09, 1.93967841788e-09, 1.2969870733e-09, 1.04811448409e-09, 1.05072195389e-09, 9.24748000397e-10, 8.88770113061e-10, 7.61813334638e-10],
        "var": [6.89903412177e-10, 2.55436605201e-09, 1.49782710679e-08, 2.51578846644e-08, 4.28114557693e-11, 6.68401237136e-11, 1.30165989098e-10, 4.598240122e-10, 1.35304180731e-05, 3.36730659001e-06, 1.51291423833e-10, 2.65407921335e-11, 1.46227578657e-11, 3.4720646358e-09, 3.19554231965e-08, 1.49915957426e-09, 3.39156632466e-12, 2.10312635363e-11, 1.18942564131e-10, 3.05285701233e-12, 3.32297123845e-13, 4.85681763904e-12, 1.88120759205e-13, 6.35887935189e-13, 9.1554205623e-13, 2.67832902124e-13, 3.05504319759e-13, 1.35441970139e-11, 3.97493288284e-11, 2.34382261863e-12, 7.63803896433e-13, 7.46123161085e-13, 5.91145795509e-12, 1.10234618742e-12, 1.1383264123e-12, 1.64128660749e-12, 5.39282648485e-13, 8.31339500278e-13, 7.81145276501e-13, 3.08327907476e-13]
    },
    "mfcc": {
        "mean": [-835.565307617, 141.23878479, 26.62059021, -4.6022810936, -23.2935600281, -1.54584038258, 1.41556441784, 2.24208807945, 6.48307037354, 18.6328907013, 27.021736145, 19.9584503174, -9.01365947723],
        "cov": [[5374.52880859, -1689.7322998, -140.043914795, -137.245941162, -208.407196045, 371.189910889, 48.9681625366, 144.052139282, 186.217910767, -180.042755127, -401.960693359, -252.300445557, -36.2731819153], [-1689.7322998, 1038.24963379, 81.7963562012, -85.1760406494, -128.332977295, -268.211730957, -45.6531867981, 6.69844150543, -80.127456665, 86.9163742065, 262.61126709, 241.638000488, 15.1728744507], [-140.043914795, 81.7963562012, 164.413146973, 22.4855003357, -13.1759986877, -25.0917758942, 25.5703086853, 26.2473449707, 26.5697212219, 42.9295082092, -3.80111479759, -14.8489274979, -24.2754020691], [-137.245941162, -85.1760406494, 22.4855003357, 107.071281433, 66.7238311768, 51.6868934631, 11.2418050766, -15.1792917252, 1.17712688446, 7.14353656769, -19.3503055573, -41.9912071228, -30.224237442], [-208.407196045, -128.332977295, -13.1759986877, 66.7238311768, 181.087966919, 77.2299880981, 33.9866523743, -51.5758056641, -27.812040329, 8.25283718109, -46.2803077698, -69.2026519775, -22.1686725616], [371.189910889, -268.211730957, -25.0917758942, 51.6868934631, 77.2299880981, 173.436752319, 30.7252674103, -17.1162014008, -12.3544502258, -32.1080856323, -51.823764801, -53.734828949, -41.2477645874], [48.9681625366, -45.6531867981, 25.5703086853, 11.2418050766, 33.9866523743, 30.7252674103, 73.3492584229, 4.26421642303, -9.51006221771, 12.7019796371, -20.253276825, -23.8516044617, -17.4033756256], [144.052139282, 6.69844150543, 26.2473449707, -15.1792917252, -51.5758056641, -17.1162014008, 4.26421642303, 59.0685806274, 28.2878837585, 1.25792217255, 4.1251950264, 7.84300708771, 4.9919924736], [186.217910767, -80.127456665, 26.5697212219, 1.17712688446, -27.812040329, -12.3544502258, -9.51006221771, 28.2878837585, 78.9390258789, 14.8621416092, -30.9391040802, -28.6630859375, 11.1653614044], [-180.042755127, 86.9163742065, 42.9295082092, 7.14353656769, 8.25283718109, -32.1080856323, 12.7019796371, 1.25792217255, 14.8621416092, 68.1919555664, 17.5472278595, -12.5347652435, -19.2384967804], [-401.960693359, 262.61126709, -3.80111479759, -19.3503055573, -46.2803077698, -51.823764801, -20.253276825, 4.1251950264, -30.9391040802, 17.5472278595, 119.096977234, 89.7515716553, 0.425709933043], [-252.300445557, 241.638000488, -14.8489274979, -41.9912071228, -69.2026519775, -53.734828949, -23.8516044617, 7.84300708771, -28.6630859375, -12.5347652435, 89.7515716553, 121.90271759, 33.6412353516], [-36.2731819153, 15.1728744507, -24.2754020691, -30.224237442, -22.1686725616, -41.2477645874, -17.4033756256, 4.9919924736, 11.1653614044, -19.2384967804, 0.425709933043, 33.6412353516, 108.878265381]],
