{
"lowlevel": {
    "average_loudness": 0.962947964668,
    "barkbands_crest": {
        "dmean": 1.61629545689,
        "dmean2": 2.33719182014,
        "dvar": 4.33098506927,
        "dvar2": 10.0916719437,
        "max": 26.5759410858,
        "mean": 18.4418258667,
        "median": 18.9091892242,
        "min": 6.14666604996,
        "var": 39.6001434326
    },
    "barkbands_flatness_db": {
        "dmean": 0.02695588395,
        "dmean2": 0.0342561528087,
        "dvar": 0.00127402017824,
        "dvar2": 0.00250115408562,
        "max": 0.512041568756,
        "mean": 0.351182103157,
        "median": 0.370890527964,
        "min": 0.0834323689342,
        "var": 0.00982057675719
    },
    "barkbands_kurtosis": {
        "dmean": 13.1178178787,
        "dmean2": 21.3400611877,
        "dvar": 307.867401123,
        "dvar2": 802.076782227,
        "max": 173.257232666,
        "mean": 27.5980434418,
        "median": 19.5777416229,
        "min": -0.758158445358,
        "var": 795.949951172
    },
    "barkbands_skewness": {
        "dmean": 0.817226529121,
        "dmean2": 1.23836886883,
        "dvar": 0.651167094707,
        "dvar2": 1.50113868713,
        "max": 10.8519001007,
        "mean": -0.164632439613,
        "median": 0.821470975876,
        "min": -7.42902612686,
        "var": 12.7093467712
    },
    "barkbands_spread": {
        "dmean": 1.87057554722,
        "dmean2": 3.09139990807,
        "dvar": 57.6253890991,
        "dvar2": 160.035354614,
        "max": 73.3927459717,
        "mean": 3.28844356537,
        "median": 1.34541749954,
        "min": 0.335633218288,
        "var": 42.2521629333
    },
    "dissonance": {
        "dmean": 0.072289660573,
        "dmean2": 0.117843575776,
        "dvar": 0.00458501884714,
        "dvar2": 0.0118142236024,
        "max": 0.496372848749,
        "mean": 0.275802612305,
        "median": 0.269551992416,
        "min": 0.0916173011065,
        "var": 0.0153736481443
    },
    "dynamic_complexity": 4.87691307068,
    "erbbands_crest": {
        "dmean": 2.11482167244,
        "dmean2": 2.7725481987,
        "dvar": 8.33141613007,
        "dvar2": 14.2671098709,
        "max": 32.4077606201,
        "mean": 22.9928264618,
        "median": 25.0514259338,
        "min": 5.70493221283,
        "var": 30.0988368988
    },
    "erbbands_flatness_db": {
        "dmean": 0.0264022629708,
        "dmean2": 0.0322196297348,
        "dvar": 0.00118775153533,
        "dvar2": 0.00217985361814,
        "max": 0.525676846504,
        "mean": 0.380597919226,
        "median": 0.411575853825,
        "min": 0.0675341337919,
        "var": 0.0119920708239
    },
    "erbbands_kurtosis": {
        "dmean": 8.64533042908,
        "dmean2": 11.739484787,
        "dvar": 186.78477478,
        "dvar2": 359.788848877,
        "max": 127.41394043,
        "mean": 30.9243679047,
        "median": 20.913942337,
        "min": -1.31413769722,
        "var": 851.18536377
    },
    "erbbands_skewness": {
        "dmean": 0.889725923538,
        "dmean2": 1.31275331974,
        "dvar": 0.790341973305,
        "dvar2": 2.04578614235,
        "max": 8.80447483063,
        "mean": 0.87749505043,
        "median": 0.957734405994,
        "min": -3.66849827766,
        "var": 8.74073028564
    },
    "erbbands_spread": {
        "dmean": 2.3319542408,
        "dmean2": 3.62530970573,
        "dvar": 80.2218704224,
        "dvar2": 213.654067993,
        "max": 94.819770813,
        "mean": 4.92177820206,
        "median": 2.01835751534,
        "min": 0.412210464478,
        "var": 79.8681411743
    },
    "hfc": {
        "dmean": 3.15682244301,
        "dmean2": 3.82870984077,
        "dvar": 21.5840759277,
        "dvar2": 45.0000572205,
        "max": 50.9454154968,
        "mean": 15.2129487991,
        "median": 14.9716396332,
        "min": 0.00426815077662,
        "var": 174.16784668
    },
    "melbands_crest": {
        "dmean": 2.14129900932,
        "dmean2": 3.15046072006,
        "dvar": 9.26102638245,
        "dvar2": 17.0573387146,
        "max": 33.187702179,
        "mean": 21.8524665833,
        "median": 22.586769104,
        "min": 7.7651758194,
        "var": 38.8058319092
    },
    "melbands_flatness_db": {
        "dmean": 0.0273667685688,
        "dmean2": 0.0340841934085,
        "dvar": 0.00155269820243,
        "dvar2": 0.00319564528763,
        "max": 0.570799231529,
        "mean": 0.434738874435,
        "median": 0.454144984484,
        "min": 0.159269064665,
        "var": 0.00860052369535
    },
    "melbands_kurtosis": {
        "dmean": 10.2666416168,
        "dmean2": 15.8695354462,
        "dvar": 292.772949219,
        "dvar2": 698.190917969,
        "max": 171.375747681,
        "mean": 20.6856822968,
        "median": 10.9406194687,
        "min": -1.59610700607,
        "var": 725.155151367
    },
    "melbands_skewness": {
        "dmean": 0.755994856358,
        "dmean2": 1.2171677351,
        "dvar": 0.522485733032,
        "dvar2": 1.49217116833,
        "max": 7.24798774719,
        "mean": -0.229718714952,
        "median": 0.201915606856,
        "min": -5.15855979919,
        "var": 7.40168237686
    },
    "melbands_spread": {
        "dmean": 1.59813344479,
        "dmean2": 2.39510154724,
        "dvar": 5.44083881378,
        "dvar2": 13.713766098,
        "max": 21.9389667511,
        "mean": 4.82708120346,
        "median": 3.59424781799,
        "min": 0.325546443462,
        "var": 18.3328742981
    },
    "pitch_salience": {
        "dmean": 0.0677016079426,
        "dmean2": 0.101499840617,
        "dvar": 0.00671828817576,
        "dvar2": 0.0131416246295,
        "max": 0.809085488319,
        "mean": 0.301468849182,
        "median": 0.270354390144,
        "min": 0.0484877750278,
        "var": 0.030908735469
    },
    "silence_rate_20dB": {
        "dmean": 0,
        "dmean2": 0,
        "dvar": 0,
        "dvar2": 0,
        "max": 1,
        "mean": 1,
        "median": 1,
        "min": 1,
        "var": 0
    },
    "silence_rate_30dB": {
        "dmean": 0,
        "dmean2": 0,
        "dvar": 0,
        "dvar2": 0,
        "max": 1,
        "mean": 1,
        "median": 1,
        "min": 1,
        "var": 0
    },
    "silence_rate_60dB": {
        "dmean": 0.0266666673124,
        "dmean2": 0.0536912754178,
        "dvar": 0.0259556379169,
        "dvar2": 0.0508087091148,
        "max": 1,
        "mean": 0.225165560842,
        "median": 0,
        "min": 0,
        "var": 0.174465939403
    },
    "spectral_centroid": {
        "dmean": 37.3418121338,
        "dmean2": 57.6615142822,
        "dvar": 8155.19921875,
        "dvar2": 19728.2109375,
        "max": 1051.15722656,
        "mean": 662.964172363,
        "median": 694.544311523,
        "min": 271.739044189,
        "var": 24796.4296875
    },
    "spectral_complexity": {
        "dmean": 0.980000019073,
        "dmean2": 1.58389258385,
        "dvar": 1.39293372631,
        "dvar2": 3.69263339043,
        "max": 14,
        "mean": 4.8543047905,
        "median": 4,
        "min": 0,
        "var": 4.76023864746
    },
    "spectral_decrease": {
        "dmean": 1.07817721418e-09,
        "dmean2": 1.31142263715e-09,
        "dvar": 1.94530690953e-18,
        "dvar2": 3.46710623762e-18,
        "max": -1.61201965405e-12,
        "mean": -5.40054534426e-09,
        "median": -5.00293628747e-09,
        "min": -1.89815470009e-08,
        "var": 2.16061792843e-17
    },
    "spectral_energy": {
        "dmean": 0.004327212926,
        "dmean2": 0.00528759229928,
        "dvar": 3.15104007313e-05,
        "dvar2": 5.58228748559e-05,
        "max": 0.0762568563223,
        "mean": 0.0217626709491,
        "median": 0.0203994810581,
        "min": 6.47127808406e-06,
        "var": 0.00034976209281
    },
    "spectral_energyband_high": {
        "dmean": 3.80837591365e-05,
        "dmean2": 6.72977184877e-05,
        "dvar": 3.8041100936e-08,
        "dvar2": 1.05915908932e-07,
        "max": 0.00166223489214,
        "mean": 3.03821852867e-05,
        "median": 1.61193929671e-06,
        "min": 1.01656070228e-07,
        "var": 2.5855722896e-08
    },
    "spectral_energyband_low": {
        "dmean": 7.26092330297e-05,
        "dmean2": 0.000124594691442,
        "dvar": 2.98272482269e-08,
        "dvar2": 7.88300624777e-08,
        "max": 0.00165211153217,
        "mean": 0.000111631459731,
        "median": 7.48340971768e-05,
        "min": 1.24744005348e-07,
        "var": 2.65890331974e-08
    },
    "spectral_energyband_middle_high": {
        "dmean": 0.00126462732442,
        "dmean2": 0.00144894432742,
        "dvar": 6.42996883471e-06,
        "dvar2": 9.36014839681e-06,
        "max": 0.037727445364,
        "mean": 0.0064320974052,
        "median": 0.00206070858985,
        "min": 9.07945491235e-07,
        "var": 6.75107949064e-05
    },
    "spectral_energyband_middle_low": {
        "dmean": 0.00372123881243,
        "dmean2": 0.00457793846726,
        "dvar": 2.91896394629e-05,
        "dvar2": 4.62350180896e-05,
        "max": 0.0748467892408,
        "mean": 0.0155073003843,
        "median": 0.00350046623498,
        "min": 5.47558056496e-06,
        "var": 0.000359834142728
    },
    "spectral_entropy": {
        "dmean": 0.263266891241,
        "dmean2": 0.338413029909,
        "dvar": 0.13903696835,
        "dvar2": 0.277943313122,
        "max": 8.24699306488,
        "mean": 5.2250585556,
        "median": 4.97624588013,
        "min": 3.78717780113,
        "var": 0.901838898659
    },
    "spectral_flux": {
        "dmean": 0.0128786340356,
        "dmean2": 0.0202756710351,
        "dvar": 0.000469915219583,
        "dvar2": 0.00112808973063,
        "max": 0.172923818231,
        "mean": 0.0323555208743,
        "median": 0.019909331575,
        "min": 0.00427558785304,
        "var": 0.000983462086879
    },
    "spectral_kurtosis": {
        "dmean": 10.8749647141,
        "dmean2": 16.6132164001,
        "dvar": 137.480209351,
        "dvar2": 299.993621826,
        "max": 144.506866455,
        "mean": 48.7347106934,
        "median": 45.9813232422,
        "min": 2.20601892471,
        "var": 952.260864258
    },
    "spectral_rms": {
        "dmean": 0.000452752399724,
        "dmean2": 0.000561076682061,
        "dvar": 3.51467605242e-07,
        "dvar2": 7.04794899775e-07,
        "max": 0.0086253657937,
        "mean": 0.00404098676518,
        "median": 0.00446115806699,
        "min": 7.94571751612e-05,
        "var": 4.90230468131e-06
    },
    "spectral_rolloff": {
        "dmean": 198.6796875,
        "dmean2": 394.389770508,
        "dvar": 1965009.25,
        "dvar2": 5856780.5,
        "max": 12704.5898438,
        "mean": 835.374816895,
        "median": 796.728515625,
        "min": 258.3984375,
        "var": 990515.8125
    },
    "spectral_skewness": {
        "dmean": 0.770407915115,
        "dmean2": 1.2415266037,
        "dvar": 0.527723789215,
        "dvar2": 1.37704634666,
        "max": 10.1905031204,
        "mean": 5.52522850037,
        "median": 5.57687711716,
        "min": 1.55349087715,
        "var": 3.76938867569
    },
    "spectral_spread": {
        "dmean": 848414.125,
        "dmean2": 1314387.125,
        "dvar": 2.79159373824e+12,
        "dvar2": 3.2178789417e+12,
        "max": 26621482,
        "mean": 2685750.5,
        "median": 2229719,
        "min": 795296,
        "var": 6.21768186266e+12
    },
    "spectral_strongpeak": {
        "dmean": 0.392769187689,
        "dmean2": 0.377555310726,
        "dvar": 0.232679724693,
        "dvar2": 0.272463202477,
        "max": 6.74836730957,
        "mean": 2.94833111763,
        "median": 3.35461831093,
        "min": 0.00276350625791,
        "var": 3.48073339462
    },
    "zerocrossingrate": {
        "dmean": 0.00259114592336,
        "dmean2": 0.00376533670351,
        "dvar": 3.31272385665e-05,
        "dvar2": 5.3893225413e-05,
        "max": 0.0712890625,
        "mean": 0.0332775004208,
        "median": 0.0341796875,
        "min": 0.01171875,
        "var": 7.47679223423e-05
    },
    "barkbands": {
        "dmean": [1.15073191864e-06, 3.27081615978e-05, 3.18557031278e-05, 0.000119799798995, 0.000518151791766, 0.000237403190113, 0.000576072139665, 0.000986204948276, 0.00243198662065, 0.000917244236916, 0.000125448408653, 2.64706777671e-05, 0.000462794996565, 4.58359772892e-06, 7.1634312917e-06, 9.71180043052e-07, 2.68455551122e-06, 9.59477461038e-07, 2.03906824936e-06, 5.00215628563e-06, 3.45566900251e-06, 2.4866305921e-06, 3.56847431249e-06, 4.39900213678e-06, 6.67254744258e-06, 1.24617117763e-05, 4.55428835267e-06],
        "dmean2": [2.04807633963e-06, 5.62930945307e-05, 5.34559585503e-05, 0.000221835958655, 0.000834584992845, 0.000443620461738, 0.000738886126783, 0.0015090117231, 0.00242220191285, 0.000952146190684, 0.000210387326661, 4.78798792756e-05, 0.000579330662731, 8.33905869513e-06, 1.10145638246e-05, 1.68191490957e-06, 4.36312120655e-06, 1.74759361471e-06, 3.12129418489e-06, 8.29035707284e-06, 5.39923030374e-06, 4.45700925411e-06, 5.93268669036e-06, 8.17254567664e-06, 1.25597689475e-05, 2.25781568588e-05, 8.59927513375e-06],
        "dvar": [3.91608924108e-12, 2.58416488208e-09, 5.42121636471e-09, 1.41983520052e-07, 2.20177889787e-06, 7.18498995411e-07, 5.13022678206e-06, 5.98386350248e-06, 1.60288200277e-05, 5.33811498826e-06, 1.7017906373e-07, 1.32073845194e-08, 1.45725732636e-06, 5.09666142623e-10, 3.0018340591e-10, 1.10786414764e-11, 6.65841201619e-11, 2.15612042109e-11, 3.39337447031e-11, 2.84251011617e-10, 1.90573987147e-10, 2.03088657003e-10, 3.15698356346e-10, 6.81369960454e-10, 2.0755428487e-09, 4.1763930092e-09, 6.33150976093e-10],
        "dvar2": [6.27791872307e-12, 6.9102035205e-09, 1.38385294335e-08, 3.77486458092e-07, 4.01157240049e-06, 2.08262463275e-06, 6.88337786414e-06, 1.11266945169e-05, 2.02477094717e-05, 6.49282765153e-06, 4.75416243262e-07, 3.86373137928e-08, 2.54424912782e-06, 1.50163081969e-09, 7.59581841869e-10, 2.96198517102e-11, 1.82692222461e-10, 6.05351949123e-11, 8.43874345402e-11, 7.90897125569e-10, 3.64303448519e-10, 5.83600834325e-10, 6.69480082482e-10, 1.97460070517e-09, 6.11805717199e-09, 1.15487228669e-08, 1.81111026176e-09],
        "max": [2.25110252359e-05, 0.000433313311078, 0.000736466201488, 0.00276417913847, 0.0149445245042, 0.00543116172776, 0.0312605388463, 0.031867492944, 0.0745948925614, 0.0370402894914, 0.0030556875281, 0.000983500154689, 0.0134756108746, 0.000204880736419, 0.000144356454257, 2.76423234027e-05, 6.52840753901e-05, 3.36979828717e-05, 5.06892429257e-05, 0.000146981343278, 0.000137501629069, 0.000137853974593, 0.000185646043974, 0.00022648772574, 0.000409169617342, 0.000479317648569, 0.000177932641236],
        "mean": [1.15086584174e-06, 3.77685391868e-05, 3.5674245737e-05, 0.000135700785904, 0.000673955946695, 0.000224657953368, 0.00177327706479, 0.00291159842163, 0.0094148311764, 0.00529036018997, 0.000178862246685, 2.69272222795e-05, 0.000998626928777, 5.00951546201e-06, 1.19784135677e-05, 1.38743769185e-06, 2.90116349788e-06, 7.31574630208e-07, 2.98210693472e-06, 5.3316971389e-06, 4.42905684395e-06, 2.6863021958e-06, 4.32132537753e-06, 2.7654407404e-06, 4.06193657909e-06, 7.75462831371e-06, 2.89050331048e-06],
        "median": [5.79666618705e-07, 2.09792669921e-05, 1.92689058167e-05, 4.41802185378e-05, 0.000174018568941, 7.01144890627e-05, 2.15905402001e-05, 4.17648334405e-05, 0.000225619340199, 0.000183283118531, 3.55117072104e-06, 4.24169184043e-06, 3.27671341438e-06, 4.85083091917e-07, 1.94818903765e-06, 2.44095730295e-07, 4.55656589793e-07, 1.13345599573e-07, 2.05414067977e-07, 3.56579278105e-07, 1.85264610764e-07, 1.07524051884e-07, 1.03417761466e-07, 1.09348221145e-07, 1.33400746449e-07, 1.92297846979e-07, 5.24928111645e-07],
        "min": [8.86629791808e-09, 2.98243101327e-08, 2.08769677101e-08, 1.73632059841e-07, 2.13095972867e-06, 1.9775934561e-06, 1.35455508143e-07, 4.97250937315e-07, 3.56350483344e-07, 4.91547552883e-07, 1.65467440638e-07, 9.88405659541e-08, 6.81833256522e-08, 1.95526208557e-08, 2.97992688303e-08, 1.73512901824e-08, 1.70928711185e-08, 4.1707712839e-09, 1.33179520745e-08, 1.27982922038e-08, 1.03641513149e-08, 1.35102116161e-08, 8.81877593173e-09, 8.36234548274e-09, 1.51031169793e-08, 1.58274513495e-08, 1.14610250179e-08],
        "var": [4.46320888234e-12, 3.21178417195e-09, 4.96581353815e-09, 1.40417327543e-07, 3.85460180041e-06, 4.54371303249e-07, 4.0824394091e-05, 4.27864470112e-05, 0.000259622087469, 7.13394474587e-05, 2.44423091544e-07, 7.94380472513e-09, 6.40869984636e-06, 3.26693894159e-10, 6.6098138074e-10, 1.50327406773e-11, 5.55308438122e-11, 1.36769389217e-11, 4.50404227803e-11, 2.64730126709e-10, 2.90825641347e-10, 1.59415702861e-10, 4.149941224e-10, 3.93194476977e-10, 1.13822662406e-09, 2.66575250762e-09, 3.64309693524e-10]
    },
    "erbbands": {
        "dmean": [0.00093097158242, 0.00794500950724, 0.0259587410837, 0.204234212637, 1.56294584274, 1.34090697765, 2.14006757736, 1.3823953867, 1.78200542927, 14.5756530762, 42.26770401, 55.4624290466, 25.1729354858, 12.861330986, 3.75787138939, 3.78114175797, 22.2255363464, 1.19591224194, 0.182766348124, 0.403648376465, 0.0603317208588, 0.160807564855, 0.072231516242, 0.0998775586486, 0.0907165259123, 0.254333078861, 0.107805989683, 0.15913040936, 0.0806114077568, 0.0741228833795, 0.125540003181, 0.0913316905499, 0.0750076249242, 0.0449992269278, 0.0520578436553, 0.0537544488907, 0.0282119307667, 0.00571542838588, 0.00058701535454, 3.01772270177e-05],
        "dmean2": [0.00165683496743, 0.013137422502, 0.0422370284796, 0.346000432968, 2.53250622749, 2.12006926537, 3.77073836327, 2.59408950806, 2.27280688286, 20.279045105, 50.5897827148, 54.6186332703, 28.7077693939, 13.6198749542, 5.86556529999, 4.80157852173, 28.3629398346, 1.69460248947, 0.303791224957, 0.595586657524, 0.0979053974152, 0.261196941137, 0.127489209175, 0.15002900362, 0.146713852882, 0.421327769756, 0.17719066143, 0.252296686172, 0.122546263039, 0.131424427032, 0.219896376133, 0.168318971992, 0.137772917747, 0.0865253582597, 0.0960787758231, 0.0974114537239, 0.0512103736401, 0.0108679523692, 0.00107987818774, 5.30945544597e-05],
        "dvar": [1.71548083472e-06, 0.000149315077579, 0.00363567005843, 0.368122279644, 24.484872818, 14.203622818, 49.2392539978, 24.8617801666, 35.6109161377, 3237.92919922, 7129.49267578, 9310.81640625, 3781.85717773, 769.286743164, 150.742034912, 85.470375061, 3372.75366211, 10.7418260574, 0.342858016491, 1.05975627899, 0.0260907821357, 0.228710323572, 0.121612496674, 0.083323918283, 0.104808367789, 0.741824567318, 0.144187316298, 0.441377460957, 0.167450368404, 0.169631838799, 0.439379692078, 0.327102065086, 0.176350086927, 0.0925243571401, 0.10812086612, 0.0764219611883, 0.022537201643, 0.00100646202918, 1.02014037111e-05, 1.98085263747e-08],
        "dvar2": [5.22924483448e-06, 0.000391296314774, 0.00928671192378, 0.942373275757, 42.0951576233, 27.6545124054, 136.753067017, 72.2341690063, 42.5802459717, 4765.36865234, 9570.78320312, 10121.5693359, 5583.05126953, 1080.15612793, 422.691955566, 134.975814819, 6115.51074219, 23.9625492096, 0.958323657513, 2.38792705536, 0.069896042347, 0.627824902534, 0.338980436325, 0.205017998815, 0.290803641081, 2.03819322586, 0.367768794298, 0.921961665154, 0.413428336382, 0.482545226812, 0.851555764675, 0.941553711891, 0.505078017712, 0.275074124336, 0.315340995789, 0.213904365897, 0.0624265931547, 0.00290768197738, 2.84109955828e-05, 5.59662325372e-08],
        "max": [0.0113383373246, 0.101079195738, 0.610865950584, 5.15641355515, 52.5169448853, 36.7100563049, 44.32579422, 34.0099830627, 84.1221008301, 783.489929199, 1283.70288086, 1955.44177246, 945.745544434, 424.201263428, 96.1499938965, 101.439163208, 642.88494873, 28.8431587219, 4.71223545074, 10.6291666031, 1.27097737789, 3.22943544388, 2.59480476379, 2.40279507637, 3.1053404808, 7.28450489044, 3.19879412651, 6.03360748291, 4.41742563248, 3.85012578964, 6.82988739014, 5.28277492523, 3.54192399979, 2.73583912849, 2.9125392437, 1.9801415205, 1.12854838371, 0.214911296964, 0.0253327209502, 0.00115811463911],
        "mean": [0.00101909344085, 0.0090670529753, 0.0334596373141, 0.265082061291, 2.04559350014, 1.59493434429, 2.54628062248, 1.18814182281, 5.23708820343, 46.0173683167, 142.802581787, 224.863464355, 138.317047119, 68.0337905884, 7.20091295242, 8.87147331238, 47.0368423462, 2.3159673214, 0.262471020222, 0.765150845051, 0.0990264937282, 0.17526216805, 0.0599927902222, 0.140238180757, 0.122196361423, 0.276259541512, 0.119461372495, 0.223293304443, 0.10574773699, 0.0629113838077, 0.167906761169, 0.0639080181718, 0.0484921373427, 0.0281175114214, 0.0323669761419, 0.0334153734148, 0.0173648893833, 0.00330711598508, 0.000392957503209, 4.56932175439e-05],
        "median": [0.000543289352208, 0.00480166217312, 0.0172895342112, 0.128938034177, 0.324153959751, 0.522550284863, 0.946226119995, 0.246272593737, 0.208351969719, 1.23394989967, 15.3453836441, 14.473031044, 35.6426315308, 8.61279773712, 2.39787554741, 0.717768907547, 0.440891742706, 0.0647879093885, 0.055436655879, 0.108785524964, 0.0363436155021, 0.0214247815311, 0.0096148699522, 0.0090448865667, 0.0147637873888, 0.0135046374053, 0.0132795199752, 0.00539565412328, 0.00432385085151, 0.00356421386823, 0.00282856076956, 0.0022381443996, 0.00188395148143, 0.00137253967114, 0.00103091425262, 0.000613191630691, 0.00036897638347, 0.00017970733461, 6.87569190632e-05, 3.22677151416e-05],
        "min": [1.49215929923e-06, 4.73557702207e-06, 1.84935688594e-05, 0.000321120169247, 0.0019010201795, 0.00695491069928, 0.0182284116745, 0.0136686358601, 0.00362592306919, 0.00393113028258, 0.0120202330872, 0.00755372783169, 0.0166094694287, 0.0124621149153, 0.00521318707615, 0.00429438706487, 0.00340939243324, 0.00136509095319, 0.00102709117346, 0.00172061636113, 0.000828142219689, 0.000900932645891, 0.000653824885376, 0.00063624617178, 0.000732535670977, 0.000595509831328, 0.000890888739377, 0.000429266074207, 0.00054372579325, 0.00031047934317, 0.000239705579588, 0.000193739906535, 0.000126178216306, 0.000107848849439, 0.000128946994664, 4.70467821287e-05, 3.16033620038e-05, 9.10934068088e-06, 1.79718642812e-06, 4.63713888621e-07],
        "var": [2.15959130401e-06, 0.000187992074643, 0.00356206484139, 0.375122815371, 46.4471244812, 21.9252433777, 39.2424316406, 15.2969942093, 296.74118042, 23616.2695312, 67614.25, 167803.328125, 39674.90625, 10562.6035156, 191.269714355, 400.246337891, 14158.5449219, 28.7459354401, 0.307723969221, 3.20296907425, 0.034389462322, 0.192801162601, 0.078939460218, 0.111963838339, 0.0989697054029, 0.794265031815, 0.124503448606, 0.695005714893, 0.213406071067, 0.117790699005, 0.644569098949, 0.19783090055, 0.105723440647, 0.0510763414204, 0.060464695096, 0.0472736209631, 0.0143272811547, 0.000565549707972, 6.26937799098e-06, 1.2187384435e-08]
    },
    "gfcc": {
        "mean": [-182.188827515, 128.244430542, -88.2175674438, -47.538520813, -73.0274429321, -4.09651851654, -4.393866539, 4.2980017662, -23.9641437531, -13.4351167679, -27.0860328674, -14.0858030319, -3.4730963707],
        "cov": [[3734.02050781, -426.742004395, -1127.30493164, -159.701095581, -550.283813477, 235.624694824, -75.374382019, -288.926239014, -48.6943283081, 403.938476562, 81.2205810547, -421.905731201, -619.046691895], [-426.742004395, 694.83416748, -91.9383850098, -276.975219727, 69.4534072876, 70.5793838501, 313.439117432, 29.7617511749, -39.0753250122, -227.701828003, -124.682670593, -203.624053955, 93.354019165], [-1127.30493164, -91.9383850098, 1531.74157715, 560.081787109, 368.949920654, 10.7966957092, -291.289123535, 21.1793785095, -219.310653687, -328.16293335, -171.323547363, 477.583648682, 507.840057373], [-159.701095581, -276.975219727, 560.081787109, 780.01763916, 197.765304565, -78.7826309204, -376.651550293, -174.17817688, 27.6883106232, 71.6849517822, 62.2573814392, 126.049674988, 68.6524658203], [-550.283813477, 69.4534072876, 368.949920654, 197.765304565, 301.171081543, 29.666513443, -53.3253631592, -51.6660232544, -59.8483009338, -78.8098754883, 11.9831848145, 105.037574768, 143.19694519], [235.624694824, 70.5793838501, 10.7966957092, -78.7826309204, 29.666513443, 339.308868408, 175.30519104, -91.0665283203, -150.552841187, -211.916061401, -99.5443649292, -22.1949996948, 115.131080627], [-75.374382019, 313.439117432, -291.289123535, -376.651550293, -53.3253631592, 175.30519104, 379.173675537, 70.5771636963, -30.8100643158, -188.004623413, -99.992477417, -136.874145508, 62.6072998047], [-288.926239014, 29.7617511749, 21.1793785095, -174.17817688, -51.6660232544, -91.0665283203, 70.5771636963, 213.79864502, 65.9106216431, 7.49430179596, -28.3254489899, 61.3608016968, 37.9709815979], [-48.6943283081, -39.0753250122, -219.310653687, 27.6883106232, -59.8483009338, -150.552841187, -30.8100643158, 65.9106216431, 202.233001709, 171.947494507, 98.110534668, -55.6726837158, -121.397315979], [403.938476562, -227.701828003, -328.16293335, 71.6849517822, -78.8098754883, -211.916061401, -188.004623413, 7.49430179596, 171.947494507, 420.679779053, 215.811126709, -42.7091407776, -280.806915283], [81.2205810547, -124.682670593, -171.323547363, 62.2573814392, 11.9831848145, -99.5443649292, -99.992477417, -28.3254489899, 98.110534668, 215.811126709, 183.131271362, 16.2843837738, -151.858840942], [-421.905731201, -203.624053955, 477.583648682, 126.049674988, 105.037574768, -22.1949996948, -136.874145508, 61.3608016968, -55.6726837158, -42.7091407776, 16.2843837738, 318.914489746, 170.182922363], [-619.046691895, 93.354019165, 507.840057373, 68.6524658203, 143.19694519, 115.131080627, 62.6072998047, 37.9709815979, -121.397315979, -280.806915283, -151.858840942, 170.182922363, 343.583374023]],
        "icov": [[0.000868346483912, 0.000119793905469, 0.000179616283276, -0.000129364329041, 0.000969809654634, -0.00116521609016, 0.000375269475626, 0.000407201150665, 0.000759933202062, -0.00105319684371, 0.00121658912394, 3.59084515367e-05, 0.00109288957901], [0.000119793905469, 0.00468870392069, -0.00149724213406, 0.00154682353605, -0.00145352224354, 0.00200197892264, -0.00271077034995, 0.000889611372259, -4.05643222621e-05, 0.00112732371781, -0.00143674842548, 0.00477211177349, -0.000915292999707], [0.000179616283276, -0.00149724213406, 0.00497264554724, -0.00255786837079, -0.00111718394328, -0.000141399839777, 0.0030299553182, -0.00254790135659, 0.00249819783494, 0.000938336772379, 0.00280056847259, -0.00407386245206, -0.000960685370956], [-0.000129364329041, 0.00154682353605, -0.00255786837079, 0.00654533086345, -0.00143194885459, -0.000816518557258, 0.00382412807085, 0.0041562076658, -0.00540569564328, 0.000176754110726, -0.000781569862738, 0.00373024260625, -0.00242485851049], [0.000969809654634, -0.00145352224354, -0.00111718394328, -0.00143194885459, 0.00908353086561, -0.00161621463485, 0.000187302735867, 0.000233839105931, 0.00308010028675, -0.00104702683166, -0.00564258499071, 0.00136418873444, -0.00216160155833], [-0.00116521609016, 0.00200197892264, -0.000141399839777, -0.000816518557258, -0.00161621463485, 0.011545537971, -0.0085061667487, 0.00465094903484, 0.00266255508177, 0.00169493525755, 0.000173055697815, -0.00159505312331, -0.00123786611948], [0.000375269475626, -0.00271077034995, 0.0030299553182, 0.00382412807085, 0.000187302735867, -0.0085061667487, 0.0210479311645, -0.00824447069317, -0.00166409008671, 0.00594994425774, -0.00645924871787, 0.00664158258587, -0.00585158355534], [0.000407201150665, 0.000889611372259, -0.00254790135659, 0.0041562076658, 0.000233839105931, 0.00465094903484, -0.00824447069317, 0.0201184004545, -0.00892767310143, -0.00644369004294, 0.0128286173567, -0.00822676345706, 0.00237462087534], [0.000759933202062, -4.05643222621e-05, 0.00249819783494, -0.00540569564328, 0.00308010028675, 0.00266255508177, -0.00166409008671, -0.00892767310143, 0.0188587531447, -0.000814262544736, -0.00823013205081, 0.00410975469276, -0.00179360783659], [-0.00105319684371, 0.00112732371781, 0.000938336772379, 0.000176754110726, -0.00104702683166, 0.00169493525755, 0.00594994425774, -0.00644369004294, -0.000814262544736, 0.0161662325263, -0.0128703583032, 0.00425451388583, 0.000999158248305], [0.00121658912394, -0.00143674842548, 0.00280056847259, -0.000781569862738, -0.00564258499071, 0.000173055697815, -0.00645924871787, 0.0128286173567, -0.00823013205081, -0.0128703583032, 0.0380876809359, -0.018804801628, 0.0133738461882], [3.59084515367e-05, 0.00477211177349, -0.00407386245206, 0.00373024260625, 0.00136418873444, -0.00159505312331, 0.00664158258587, -0.00822676345706, 0.00410975469276, 0.00425451388583, -0.018804801628, 0.0228393003345, -0.0109858391806], [0.00109288957901, -0.000915292999707, -0.000960685370956, -0.00242485851049, -0.00216160155833, -0.00123786611948, -0.00585158355534, 0.00237462087534, -0.00179360783659, 0.000999158248305, 0.0133738461882, -0.0109858391806, 0.0206877011806]]
    },
    "melbands": {
        "dmean": [8.93469587027e-06, 1.17575955301e-05, 7.22538898117e-05, 0.000119118245493, 6.35955948383e-05, 3.31668670697e-05, 5.13124141435e-05, 0.000134914982482, 0.000471300532809, 0.000289625313599, 0.000131277527544, 6.83627076796e-05, 1.62235392054e-05, 3.01314889839e-06, 4.52997774119e-05, 2.74613503279e-05, 6.30953707059e-07, 2.17920515411e-07, 5.22956838722e-07, 3.08173923713e-07, 4.03497182333e-08, 1.86061058116e-07, 1.00429332406e-07, 4.14415950445e-08, 8.69475300647e-08, 7.36864933515e-08, 1.27150485696e-07, 1.64380168144e-07, 7.70446320075e-08, 5.23385352835e-08, 1.19982999536e-07, 4.23222914492e-08, 5.32408854781e-08, 3.67995092176e-08, 6.58955201516e-08, 6.12801542843e-08, 6.14947737176e-08, 4.79734794112e-08, 6.08689063597e-08, 2.94193771566e-08],
        "dmean2": [1.55082634592e-05, 1.9437598894e-05, 0.000118448704598, 0.000194069711142, 0.000109422173409, 6.25251777819e-05, 6.07782239967e-05, 0.000196464781766, 0.000511154707056, 0.000287665083306, 0.000148860068293, 6.76813069731e-05, 2.6160329071e-05, 5.48658135813e-06, 5.51339326194e-05, 3.60171034117e-05, 1.16357011848e-06, 3.88571550047e-07, 8.12044277154e-07, 4.40064525264e-07, 7.20356894135e-08, 2.9782790989e-07, 1.73095116907e-07, 7.52242073077e-08, 1.29158337359e-07, 1.13301176441e-07, 2.11838752762e-07, 2.73020901886e-07, 1.26149714674e-07, 8.71565575267e-08, 1.8269260238e-07, 6.29043981348e-08, 9.14624393999e-08, 6.7708505469e-08, 1.17696465907e-07, 9.65157482824e-08, 1.16731975197e-07, 8.60021813764e-08, 1.16868960731e-07, 5.67879503421e-08],
        "dvar": [1.77507231136e-10, 4.81328921165e-10, 5.05000627982e-08, 1.28458836457e-07, 4.04511908414e-08, 1.46030743053e-08, 3.32034133521e-08, 2.67093184902e-07, 7.16481281415e-07, 2.66391765535e-07, 1.12809161124e-07, 2.35763550904e-08, 2.75292344476e-09, 2.18753890002e-10, 1.37003777212e-08, 5.08847453062e-09, 1.2395426699e-11, 6.08081293652e-13, 1.70807367816e-12, 6.9101934461e-13, 2.08639901959e-14, 2.51603208754e-13, 2.39292553871e-13, 4.11010709787e-14, 6.34798542399e-14, 4.7681798695e-14, 2.60349386364e-13, 2.75169860856e-13, 7.07147285606e-14, 4.10907575056e-14, 2.72754556571e-13, 4.41547162331e-14, 8.6076490987e-14, 3.90933487839e-14, 1.22285834887e-13, 1.05270027179e-13, 1.60395188884e-13, 6.06441099052e-14, 1.83234707247e-13, 3.79301929763e-14],
        "dvar2": [4.90495866146e-10, 1.2525990245e-09, 1.08335626692e-07, 2.27438505362e-07, 1.1022111579e-07, 4.25020303396e-08, 4.00520647759e-08, 4.05615821819e-07, 8.97871700545e-07, 2.88544953264e-07, 1.58598325584e-07, 2.66871236221e-08, 7.54785567381e-09, 6.35715036168e-10, 2.23433804791e-08, 9.71092894986e-09, 3.69177743931e-11, 1.675805111e-12, 4.49530126664e-12, 1.4382043733e-12, 5.91066637908e-14, 6.72346510064e-13, 6.60888444665e-13, 1.16964516414e-13, 1.50488820082e-13, 1.22813095956e-13, 7.28238378888e-13, 7.56978626917e-13, 1.82199036674e-13, 1.08769154165e-13, 5.12150001228e-13, 1.03020626155e-13, 2.43867182307e-13, 1.13214105246e-13, 2.30328180573e-13, 2.50102320581e-13, 4.74063930472e-13, 1.68569111035e-13, 5.42610769684e-13, 1.12758760662e-13],
        "max": [0.000120000753668, 0.00020815244352, 0.0021214466542, 0.0037084009964, 0.00131839932874, 0.000802893948276, 0.00258088903502, 0.0071209105663, 0.0127575686201, 0.0104697030038, 0.0051615582779, 0.00247451057658, 0.000381192512577, 0.000128317478811, 0.00133216532413, 0.000769478676375, 3.19961727655e-05, 5.33271304448e-06, 9.67494543147e-06, 9.33489718591e-06, 1.04102844034e-06, 3.49682545675e-06, 4.17491492044e-06, 1.49796665028e-06, 1.98870952772e-06, 1.91655840354e-06, 4.69294764116e-06, 4.32402293882e-06, 1.86882186881e-06, 1.42146438975e-06, 5.54631833438e-06, 2.32016668633e-06, 2.85422356683e-06, 1.7293050405e-06, 3.52577171725e-06, 3.45316993844e-06, 3.5089569792e-06, 1.75190018581e-06, 3.85077282772e-06, 1.76201399427e-06],
        "mean": [1.01168179754e-05, 1.52414486365e-05, 9.5170122222e-05, 0.000147373386426, 7.7792457887e-05, 2.79631694866e-05, 0.000152552151121, 0.000407190585975, 0.00163243629504, 0.00117127934936, 0.000717858027201, 0.000385610212106, 2.44104594458e-05, 2.72268880508e-06, 0.000100971621578, 5.65545888094e-05, 6.32735975614e-07, 2.13693482465e-07, 8.33870501538e-07, 6.15541921434e-07, 4.57474200743e-08, 2.1343802814e-07, 7.92470231659e-08, 3.24351994152e-08, 1.22155796589e-07, 1.09897520417e-07, 1.34852797373e-07, 1.74689006371e-07, 8.11850924265e-08, 4.70946872611e-08, 1.80141924488e-07, 6.08368679877e-08, 4.84690190206e-08, 2.74422138347e-08, 9.02642369738e-08, 6.63683650259e-08, 3.69063499761e-08, 3.23532418633e-08, 3.61633567536e-08, 1.8888627551e-08],
        "median": [5.69080657442e-06, 8.76091144164e-06, 2.43320610025e-05, 3.34106043738e-05, 2.907786984e-05, 6.8736940193e-06, 3.21475113196e-06, 7.54081656851e-06, 5.28821183252e-05, 3.29890972353e-05, 3.32383024215e-05, 3.33785792463e-05, 6.04032834417e-07, 4.51917856026e-07, 1.295090442e-06, 2.4942025334e-07, 5.57857440242e-08, 3.74628754685e-08, 1.42541068726e-07, 6.56615455341e-08, 2.06370529554e-08, 1.99939229617e-08, 7.74284281135e-09, 5.60497959157e-09, 6.94684265667e-09, 9.61663282339e-09, 9.87613368864e-09, 9.20342202448e-09, 9.57055501516e-09, 4.00629396324e-09, 2.59219912202e-09, 2.51922371852e-09, 1.88851956295e-09, 2.01399918964e-09, 1.63840285783e-09, 1.4355734379e-09, 1.42233247402e-09, 1.30458843728e-09, 1.24004373436e-09, 1.11568354555e-09],
        "min": [1.19820162681e-08, 7.21763804279e-09, 8.65270166628e-08, 2.14445904589e-07, 6.10425047398e-07, 2.52642422538e-07, 4.63328220235e-08, 5.59613262396e-08, 9.61535633337e-08, 4.64725573579e-08, 5.53660370883e-08, 5.33461381735e-08, 1.99067784479e-08, 1.12921449968e-08, 1.06514779219e-08, 5.52862111647e-09, 2.15432383044e-09, 1.36473743417e-09, 2.48618636789e-09, 1.82360060386e-09, 8.21575196763e-10, 1.0240825965e-09, 5.89268467355e-10, 2.24767607304e-10, 4.93142304769e-10, 5.05301189779e-10, 5.11473807752e-10, 3.543156879e-10, 5.93318949527e-10, 1.91010804396e-10, 2.04945602156e-10, 3.32169708406e-10, 2.34651575948e-10, 1.60182103692e-10, 1.41482214833e-10, 1.20415830085e-10, 9.91823012608e-11, 3.0917639976e-11, 9.48191455907e-11, 8.24736945404e-11],
        "var": [2.31034330556e-10, 5.31250432534e-10, 7.72455379661e-08, 2.30032142667e-07, 3.32455307728e-08, 8.81755735094e-09, 2.82162687881e-07, 1.92457537196e-06, 7.55290830057e-06, 4.84306019644e-06, 1.27884572976e-06, 3.6408502524e-07, 4.41373115834e-09, 1.29894289769e-10, 6.43877342554e-08, 2.01399590338e-08, 7.36679554164e-12, 4.30651879175e-13, 3.13023348561e-12, 2.37069717156e-12, 1.37386956805e-14, 2.51678615015e-13, 1.63010650442e-13, 2.55191917944e-14, 9.38300137457e-14, 6.48604501813e-14, 2.34597199522e-13, 2.93654423694e-13, 6.07524352548e-14, 3.07801337586e-14, 5.17456791391e-13, 6.63465051128e-14, 6.73161884308e-14, 2.42377834112e-14, 1.83658250825e-13, 1.14221633996e-13, 8.67251555943e-14, 3.92848866501e-14, 9.95772949232e-14, 2.14134570806e-14]
    },
    "mfcc": {
        "mean": [-860.378112793, 187.515045166, 23.5031490326, -13.6546640396, -36.6752433777, -13.9100008011, 2.29154706001, 1.52674853802, 10.0772323608, 11.1690225601, -9.52945899963, -10.9149188995, -9.72173976898],
        "cov": [[4202.33105469, -577.674560547, -682.518371582, -507.633789062, -742.299926758, 233.165542603, -32.7363395691, -378.745758057, -489.196716309, 234.440185547, 465.19442749, 402.723876953, -27.2907409668], [-577.674560547, 676.624084473, 37.3819198608, -141.206680298, -76.4317550659, -67.9207992554, 159.138748169, 117.042068481, 198.197570801, 81.9755172729, -83.9816436768, -192.104217529, -139.883773804], [-682.518371582, 37.3819198608, 590.528076172, 311.316253662, 384.331085205, 79.2939147949, -19.0155506134, 120.433204651, 149.410140991, -194.216751099, -291.747131348, -271.678039551, -139.239044189], [-507.633789062, -141.206680298, 311.316253662, 517.686950684, 382.418060303, 64.0596313477, -96.8007278442, -91.3783035278, -22.1322345734, -156.84664917, -76.0822906494, 31.3259506226, 28.9525623322], [-742.299926758, -76.4317550659, 384.331085205, 382.418060303, 516.782226562, 86.8449935913, -47.088809967, 34.2508087158, 20.1074199677, -198.605911255, -189.069946289, -122.531852722, 0.751574516296], [233.165542603, -67.9207992554, 79.2939147949, 64.0596313477, 86.8449935913, 229.843231201, 75.5311584473, 14.0031461716, -51.3104553223, -13.9486427307, -42.3628921509, -131.697952271, -131.306472778], [-32.7363395691, 159.138748169, -19.0155506134, -96.8007278442, -47.088809967, 75.5311584473, 172.713302612, 73.8896102905, 61.0704956055, 46.3027038574, -30.6000595093, -135.198669434, -130.536621094], [-378.745758057, 117.042068481, 120.433204651, -91.3783035278, 34.2508087158, 14.0031461716, 73.8896102905, 227.12020874, 140.625869751, -16.5270080566, -154.054916382, -219.528625488, -99.5277099609], [-489.196716309, 198.197570801, 149.410140991, -22.1322345734, 20.1074199677, -51.3104553223, 61.0704956055, 140.625869751, 248.452545166, -10.0977621078, -153.527923584, -147.28678894, -95.11277771], [234.440185547, 81.9755172729, -194.216751099, -156.84664917, -198.605911255, -13.9486427307, 46.3027038574, -16.5270080566, -10.0977621078, 159.948348999, 106.991455078, 42.9123077393, -8.36660861969], [465.19442749, -83.9816436768, -291.747131348, -76.0822906494, -189.069946289, -42.3628921509, -30.6000595093, -154.054916382, -153.527923584, 106.991455078, 279.092224121, 285.496307373, 126.663917542], [402.723876953, -192.104217529, -271.678039551, 31.3259506226, -122.531852722, -131.697952271, -135.198669434, -219.528625488, -147.28678894, 42.9123077393, 285.496307373, 463.765319824, 262.306182861], [-27.2907409668, -139.883773804, -139.239044189, 28.9525623322, 0.751574516296, -131.306472778, -130.536621094, -99.5277099609, -95.11277771, -8.36660861969, 126.663917542, 262.306182861, 276.826446533]],
