{
"lowlevel": {
    "average_loudness": 0.523955047131,
    "barkbands_crest": {
        "dmean": 2.14412474632,
        "dmean2": 3.81154727936,
        "dvar": 5.38252449036,
        "dvar2": 16.9804821014,
        "max": 22.7870292664,
        "mean": 14.8234672546,
        "median": 15.04413414,
        "min": 5.58871889114,
        "var": 22.9057273865
    },
    "barkbands_flatness_db": {
        "dmean": 0.0198777914047,
        "dmean2": 0.031792268157,
        "dvar": 0.000355509488145,
        "dvar2": 0.000854474375956,
        "max": 0.426982700825,
        "mean": 0.239292353392,
        "median": 0.209502235055,
        "min": 0.100096583366,
        "var": 0.00876110885292
    },
    "barkbands_kurtosis": {
        "dmean": 17.5021591187,
        "dmean2": 31.1932830811,
        "dvar": 559.614624023,
        "dvar2": 1494.12426758,
        "max": 242.938110352,
        "mean": 46.4517021179,
        "median": 23.5499973297,
        "min": 7.01631355286,
        "var": 2361.75268555
    },
    "barkbands_skewness": {
        "dmean": 1.11336874962,
        "dmean2": 1.99480140209,
        "dvar": 1.269972682,
        "dvar2": 3.63524699211,
        "max": 6.43642997742,
        "mean": 2.88767194748,
        "median": 3.0228433609,
        "min": -0.773819088936,
        "var": 1.70350921154
    },
    "barkbands_spread": {
        "dmean": 1.80351257324,
        "dmean2": 2.95648264885,
        "dvar": 5.63375711441,
        "dvar2": 16.0216255188,
        "max": 25.3075752258,
        "mean": 6.7369594574,
        "median": 6.60303640366,
        "min": 0.337237745523,
        "var": 28.7651042938
    },
    "dissonance": {
        "dmean": 0.0362461619079,
        "dmean2": 0.0622501820326,
        "dvar": 0.000940318626817,
        "dvar2": 0.00267086247914,
        "max": 0.495309352875,
        "mean": 0.344627410173,
        "median": 0.366390258074,
        "min": 0.130103841424,
        "var": 0.0105497837067
    },
    "dynamic_complexity": 9.06084537506,
    "erbbands_crest": {
        "dmean": 1.68746829033,
        "dmean2": 2.64993858337,
        "dvar": 5.06269311905,
        "dvar2": 11.6925392151,
        "max": 33.9370193481,
        "mean": 26.1390705109,
        "median": 28.9791984558,
        "min": 3.5955748558,
        "var": 66.833694458
    },
    "erbbands_flatness_db": {
        "dmean": 0.0130823785439,
        "dmean2": 0.0195108968765,
        "dvar": 0.000174486529431,
        "dvar2": 0.000328354450176,
        "max": 0.448246926069,
        "mean": 0.231693059206,
        "median": 0.206357911229,
        "min": 0.0468291379511,
        "var": 0.0138426115736
    },
    "erbbands_kurtosis": {
        "dmean": 15.8076868057,
        "dmean2": 26.0753078461,
        "dvar": 477.285522461,
        "dvar2": 1211.15454102,
        "max": 412.304840088,
        "mean": 81.700340271,
        "median": 28.7378253937,
        "min": -0.228766441345,
        "var": 11079.1191406
    },
    "erbbands_skewness": {
        "dmean": 0.732083439827,
        "dmean2": 1.27477800846,
        "dvar": 0.5890609622,
        "dvar2": 1.54860424995,
        "max": 11.4481706619,
        "mean": 4.46400403976,
        "median": 3.75383543968,
        "min": 0.640511453152,
        "var": 7.06112575531
    },
    "erbbands_spread": {
        "dmean": 2.48830032349,
        "dmean2": 3.4815890789,
        "dvar": 10.6626939774,
        "dvar2": 24.9538326263,
        "max": 61.1003799438,
        "mean": 13.0389318466,
        "median": 7.29431533813,
        "min": 0.31713065505,
        "var": 203.156524658
    },
    "hfc": {
        "dmean": 0.484642386436,
        "dmean2": 0.311364203691,
        "dvar": 0.852608263493,
        "dvar2": 0.86000418663,
        "max": 32.1019706726,
        "mean": 5.52263736725,
        "median": 0.821067810059,
        "min": 0.00653631845489,
        "var": 76.2507400513
    },
    "melbands_crest": {
        "dmean": 2.80204725266,
        "dmean2": 4.90010166168,
        "dvar": 7.36515140533,
        "dvar2": 23.4912128448,
        "max": 30.1391239166,
        "mean": 19.3903446198,
        "median": 18.0670490265,
        "min": 8.54239654541,
        "var": 46.4721984863
    },
    "melbands_flatness_db": {
        "dmean": 0.0235306117684,
        "dmean2": 0.0389738082886,
        "dvar": 0.000525214534719,
        "dvar2": 0.0012982385233,
        "max": 0.536154091358,
        "mean": 0.356127560139,
        "median": 0.332327008247,
        "min": 0.220713302493,
        "var": 0.007495731581
    },
    "melbands_kurtosis": {
        "dmean": 6.80450296402,
        "dmean2": 11.7834920883,
        "dvar": 67.8893661499,
        "dvar2": 200.161651611,
        "max": 68.0641860962,
        "mean": 16.0668315887,
        "median": 10.7601146698,
        "min": 0.308807134628,
        "var": 222.489837646
    },
    "melbands_skewness": {
        "dmean": 0.561953961849,
        "dmean2": 0.955276072025,
        "dvar": 0.286836832762,
        "dvar2": 0.793153107166,
        "max": 5.93790864944,
        "mean": 0.349105834961,
        "median": 0.422815710306,
        "min": -3.90151381493,
        "var": 5.27677774429
    },
    "melbands_spread": {
        "dmean": 1.37572240829,
        "dmean2": 2.39947867393,
        "dvar": 2.09517717361,
        "dvar2": 5.62226057053,
        "max": 13.112197876,
        "mean": 5.4757733345,
        "median": 6.1140203476,
        "min": 0.468083709478,
        "var": 9.09002590179
    },
    "pitch_salience": {
        "dmean": 0.0605775751173,
        "dmean2": 0.102546930313,
        "dvar": 0.00392646109685,
        "dvar2": 0.00993665680289,
        "max": 0.790927290916,
        "mean": 0.365256071091,
        "median": 0.399822086096,
        "min": 0.0702134296298,
        "var": 0.024705151096
    },
    "silence_rate_20dB": {
        "dmean": 0,
        "dmean2": 0,
        "dvar": 0,
        "dvar2": 0,
        "max": 1,
        "mean": 1,
        "median": 1,
        "min": 1,
        "var": 0
    },
    "silence_rate_30dB": {
        "dmean": 0,
        "dmean2": 0,
        "dvar": 0,
        "dvar2": 0,
        "max": 1,
        "mean": 1,
        "median": 1,
        "min": 1,
        "var": 0
    },
    "silence_rate_60dB": {
        "dmean": 0.0066666668281,
        "dmean2": 0.0134228188545,
        "dvar": 0.00662223435938,
        "dvar2": 0.0132426181808,
        "max": 1,
        "mean": 0.596026480198,
        "median": 1,
        "min": 0,
        "var": 0.240778595209
    },
    "spectral_centroid": {
        "dmean": 48.6720581055,
        "dmean2": 81.3964233398,
        "dvar": 5449.234375,
        "dvar2": 15017.9980469,
        "max": 903.660095215,
        "mean": 494.301269531,
        "median": 489.24810791,
        "min": 341.02355957,
        "var": 5221.13769531
    },
    "spectral_complexity": {
        "dmean": 0.786666691303,
        "dmean2": 1.36241614819,
        "dvar": 0.447821557522,
        "dvar2": 1.14382195473,
        "max": 5,
        "mean": 3.10596036911,
        "median": 3,
        "min": 0,
        "var": 1.00864052773
    },
    "spectral_decrease": {
        "dmean": 2.9486821318e-10,
        "dmean2": 2.50293813453e-10,
        "dvar": 2.11875011452e-19,
        "dvar2": 2.18759958807e-19,
        "max": -2.76523617372e-12,
        "mean": -2.87639201346e-09,
        "median": -4.94469021284e-10,
        "min": -1.64505511435e-08,
        "var": 1.99273566741e-17
    },
    "spectral_energy": {
        "dmean": 0.00115606177133,
        "dmean2": 0.000970301625784,
        "dvar": 3.31222622663e-06,
        "dvar2": 3.40778228747e-06,
        "max": 0.0649998784065,
        "mean": 0.0113570913672,
        "median": 0.00192901107948,
        "min": 1.10295031845e-05,
        "var": 0.000311173440423
    },
    "spectral_energyband_high": {
        "dmean": 1.85857470569e-06,
        "dmean2": 3.16531645694e-06,
        "dvar": 1.8899371651e-11,
        "dvar2": 5.07155047125e-11,
        "max": 4.65811317554e-05,
        "mean": 1.08907743197e-05,
        "median": 1.02248714029e-05,
        "min": 2.01034865199e-07,
        "var": 1.38218689966e-11
    },
    "spectral_energyband_low": {
        "dmean": 0.000324650114635,
        "dmean2": 0.000597472011577,
        "dvar": 8.53414334756e-08,
        "dvar2": 2.48523207347e-07,
        "max": 0.00160764937755,
        "mean": 0.000476191926282,
        "median": 0.000397653959226,
        "min": 5.81907943342e-06,
        "var": 9.66633990629e-08
    },
    "spectral_energyband_middle_high": {
        "dmean": 1.7415264665e-05,
        "dmean2": 3.07868140226e-05,
        "dvar": 1.22214982579e-09,
        "dvar2": 3.85470766417e-09,
        "max": 0.000326732726535,
        "mean": 3.5020733776e-05,
        "median": 1.62339674716e-05,
        "min": 3.3999251059e-07,
        "var": 3.45233153176e-09
    },
    "spectral_energyband_middle_low": {
        "dmean": 0.00101616664324,
        "dmean2": 0.000739524024539,
        "dvar": 3.64536526831e-06,
        "dvar2": 3.71982355318e-06,
        "max": 0.0646046102047,
        "mean": 0.0108718136325,
        "median": 0.00143153883982,
        "min": 5.95420715399e-06,
        "var": 0.00031183133251
    },
    "spectral_entropy": {
        "dmean": 0.165897935629,
        "dmean2": 0.258167028427,
        "dvar": 0.0424049831927,
        "dvar2": 0.0775405392051,
        "max": 7.99310684204,
        "mean": 6.33446598053,
        "median": 6.64616632462,
        "min": 4.09596538544,
        "var": 1.25759649277
    },
    "spectral_flux": {
        "dmean": 0.00555247860029,
        "dmean2": 0.00804859679192,
        "dvar": 6.60195364617e-05,
        "dvar2": 6.69549626764e-05,
        "max": 0.151807308197,
        "mean": 0.0200209673494,
        "median": 0.0183329246938,
        "min": 0.00920264516026,
        "var": 0.000194803258637
    },
    "spectral_kurtosis": {
        "dmean": 1.42868280411,
        "dmean2": 2.20758485794,
        "dvar": 5.41604709625,
        "dvar2": 11.9766311646,
        "max": 30.7257385254,
        "mean": 11.4042520523,
        "median": 8.70237445831,
        "min": 4.80181598663,
        "var": 38.5522842407
    },
    "spectral_rms": {
        "dmean": 0.00020088016754,
        "dmean2": 0.000251545279752,
        "dvar": 2.91929573848e-08,
        "dvar2": 6.94959823022e-08,
        "max": 0.00796332303435,
        "mean": 0.00251257093623,
        "median": 0.00137184618507,
        "min": 0.000103732789285,
        "var": 4.76707600683e-06
    },
    "spectral_rolloff": {
        "dmean": 34.3095703125,
        "dmean2": 65.1776809692,
        "dvar": 7747.12597656,
        "dvar2": 24135.8574219,
        "max": 624.462890625,
        "mean": 481.146575928,
        "median": 495.263671875,
        "min": 107.666015625,
        "var": 6381.24072266
    },
    "spectral_skewness": {
        "dmean": 0.180649772286,
        "dmean2": 0.281244456768,
        "dvar": 0.0589866191149,
        "dvar2": 0.134215176105,
        "max": 4.7656621933,
        "mean": 2.85697054863,
        "median": 2.58268451691,
        "min": 1.89495611191,
        "var": 0.570902764797
    },
    "spectral_spread": {
        "dmean": 344908.625,
        "dmean2": 540155.4375,
        "dvar": 145316102144,
        "dvar2": 275558334464,
        "max": 10725253,
        "mean": 5382380,
        "median": 5796375,
        "min": 2567135.25,
        "var": 2.74664967373e+12
    },
    "spectral_strongpeak": {
        "dmean": 0.112214371562,
        "dmean2": 0.140553459525,
        "dvar": 0.0769491642714,
        "dvar2": 0.11424857378,
        "max": 4.0931892395,
        "mean": 1.01361835003,
        "median": 0.640260756016,
        "min": 0.00215885019861,
        "var": 1.2541372776
    },
    "zerocrossingrate": {
        "dmean": 0.00541992206126,
        "dmean2": 0.00696701975539,
        "dvar": 5.05344105477e-05,
        "dvar2": 8.43125963002e-05,
        "max": 0.109375,
        "mean": 0.0436251796782,
        "median": 0.0419921875,
        "min": 0.01171875,
        "var": 0.000442931399448
    },
    "barkbands": {
        "dmean": [1.40336142067e-05, 0.00025776316761, 0.000123993959278, 7.28887971491e-05, 0.000165500197909, 2.74453286693e-05, 0.000792661681771, 0.000170923696714, 6.79280628901e-06, 2.34045637626e-06, 1.48678900587e-05, 1.65420840403e-06, 1.11731230845e-06, 7.91389027199e-07, 5.83199891935e-07, 6.25596612736e-07, 4.38979441242e-07, 4.49952892723e-07, 4.75241392905e-07, 4.11367892639e-07, 4.4609967631e-07, 4.06361664318e-07, 1.65514165928e-07, 2.13647382452e-07, 2.6280019938e-07, 3.97972939936e-07, 6.4467400307e-07],
        "dmean2": [2.59309654211e-05, 0.000477360852528, 0.000218730099732, 0.000132305765874, 0.000301512307487, 4.3961317715e-05, 0.000466263591079, 0.000116782735859, 1.0293339983e-05, 3.67526422451e-06, 2.68020849035e-05, 2.59896251009e-06, 1.84789598734e-06, 1.29786155867e-06, 9.27622295421e-07, 1.05200240341e-06, 7.32175351459e-07, 7.86657892604e-07, 8.47379396873e-07, 6.99415409144e-07, 7.7771380802e-07, 6.96889458141e-07, 2.70151332415e-07, 3.60625989515e-07, 4.44958459411e-07, 7.00928239894e-07, 1.07960761397e-06],
        "dvar": [1.38364042446e-10, 5.84955657246e-08, 1.68270428702e-08, 9.54469481229e-09, 3.69331516481e-08, 4.14029610596e-09, 3.42413818544e-06, 8.21138641527e-08, 6.94426127712e-10, 2.37010289866e-11, 1.1791083665e-09, 1.77677542818e-11, 4.50019448789e-12, 9.73062125667e-13, 9.28376949969e-13, 1.20868224283e-12, 6.51761305516e-13, 1.50288635703e-12, 4.17837287122e-13, 2.77255242419e-13, 1.06839504691e-12, 1.05183505135e-12, 5.16127769592e-14, 7.15372585388e-14, 1.66816227173e-13, 9.35457223836e-13, 5.99300123416e-13],
        "dvar2": [4.42931746836e-10, 1.85969597055e-07, 4.49149517578e-08, 2.79412919468e-08, 1.10098618222e-07, 5.42042899454e-09, 3.73535522158e-06, 3.25953841696e-08, 8.89789963932e-10, 3.37723564392e-11, 3.92053189913e-09, 2.21877082679e-11, 7.59779652387e-12, 1.4812544637e-12, 1.38195021832e-12, 2.65020080534e-12, 1.50130353028e-12, 3.96405217679e-12, 1.04204253733e-12, 6.17129177621e-13, 2.96398452657e-12, 2.86153110755e-12, 9.12957114963e-14, 1.64448221208e-13, 4.45202604166e-13, 2.68729006062e-12, 1.57541991605e-12],
        "max": [5.97020771238e-05, 0.00132523057982, 0.000698396121152, 0.000883595203049, 0.00143999105785, 0.000765407923609, 0.0512971058488, 0.0126889273524, 0.000304057059111, 5.68514333281e-05, 0.000301835942082, 4.97085384268e-05, 2.17997330765e-05, 1.20243466881e-05, 1.16575392894e-05, 8.04928276921e-06, 6.62361617287e-06, 1.11164072223e-05, 4.64483628093e-06, 4.38833330918e-06, 8.09819448477e-06, 9.34983108891e-06, 2.61780178334e-06, 2.71253838946e-06, 3.49810125044e-06, 9.59529279498e-06, 1.00550214484e-05],
        "mean": [1.41716955113e-05, 0.000284946552711, 0.000138623203384, 7.58133610361e-05, 0.00034945650259, 3.65000596503e-05, 0.00839710794389, 0.00200284877792, 8.48418403621e-06, 3.3587255075e-06, 2.21483405767e-05, 2.35951233662e-06, 1.56123337547e-06, 1.40409906635e-06, 1.03809031771e-06, 9.57625957199e-07, 7.80664095146e-07, 7.9524238572e-07, 9.53828362071e-07, 1.05320816601e-06, 9.71461759036e-07, 8.17283080323e-07, 6.8144566967e-07, 8.45239298997e-07, 1.05183414689e-06, 1.74628553395e-06, 4.81824872622e-06],
        "median": [1.1157560948e-05, 0.000196628185222, 9.42475453485e-05, 4.98612098454e-05, 0.000301643740386, 2.32536713156e-05, 0.000873974000569, 0.000103030637547, 2.78896845884e-06, 2.03720105674e-06, 4.41739348389e-06, 1.64933601354e-06, 1.08781750896e-06, 1.24259702261e-06, 8.10354833902e-07, 7.19143770311e-07, 6.08523066603e-07, 5.85608688652e-07, 8.07788580914e-07, 9.15951318348e-07, 7.72523264914e-07, 6.40616008241e-07, 6.08967866356e-07, 7.57564180276e-07, 9.96379753815e-07, 1.62645949331e-06, 4.82899395138e-06],
        "min": [3.1895211805e-07, 1.60443926234e-06, 2.54656606558e-06, 1.16324417831e-06, 2.25757707994e-06, 4.16729733388e-07, 8.94912730587e-08, 1.60610952094e-07, 1.95912647882e-07, 5.30889785466e-08, 2.30568044657e-08, 3.32245910784e-08, 4.13096117313e-08, 2.25815064425e-08, 7.27997502281e-08, 2.28586891637e-08, 2.88811783378e-08, 2.47821496657e-08, 3.46664918993e-08, 1.43145575393e-08, 2.15814850435e-08, 2.65842903246e-08, 6.69420652244e-09, 1.84324004948e-08, 2.14614601646e-08, 2.52378153931e-08, 1.01438764943e-07],
        "var": [1.3615618355e-10, 5.90011630663e-08, 1.78838313047e-08, 9.05740371593e-09, 7.53950857302e-08, 4.38385727719e-09, 0.000197767629288, 1.19248134069e-05, 7.50594031373e-10, 2.9167515625e-11, 2.90723911611e-09, 1.86766019317e-11, 4.44159466151e-12, 1.23420913246e-12, 1.11581523101e-12, 1.11907596904e-12, 5.70176230449e-13, 1.06505483686e-12, 3.72700053328e-13, 3.29433962748e-13, 8.16031216124e-13, 7.71707188169e-13, 7.87929292125e-14, 9.34277611872e-14, 1.47058214672e-13, 6.23056673529e-13, 6.46647015448e-13]
    },
    "erbbands": {
        "dmean": [0.00761465076357, 0.0603492148221, 0.133023038507, 0.185491740704, 0.521676301956, 0.491360723972, 0.242294847965, 0.18238325417, 1.69459939003, 20.9816398621, 1.55287206173, 0.191712737083, 0.107406169176, 0.216460973024, 0.41229569912, 0.0606673546135, 0.0480806156993, 0.0380646213889, 0.0309001505375, 0.0306293964386, 0.0337775722146, 0.024251319468, 0.0228197481483, 0.0233933646232, 0.0222394559532, 0.0204825308174, 0.0156294275075, 0.0217458121479, 0.0149312736467, 0.0063812956214, 0.00524474168196, 0.0039672893472, 0.00438789697364, 0.00270392582752, 0.00232993811369, 0.00196930696256, 0.000867029244546, 0.000319260521792, 0.000116635856102, 1.21072116599e-05],
        "dmean2": [0.0140637261793, 0.112823881209, 0.239072963595, 0.324882119894, 0.942475676537, 0.88389390707, 0.405772984028, 0.273883163929, 1.09819889069, 12.2666950226, 0.971419274807, 0.241194963455, 0.165351241827, 0.393032193184, 0.741425037384, 0.0925778523088, 0.0790235921741, 0.0623563155532, 0.0503428019583, 0.0485668256879, 0.0575923211873, 0.0400872379541, 0.0380054488778, 0.0403825491667, 0.0387919917703, 0.0352592691779, 0.0250627174973, 0.0390263944864, 0.0261988658458, 0.0106003638357, 0.00836169626564, 0.00656861439347, 0.00749655719846, 0.0043173362501, 0.00405666185543, 0.00356870447285, 0.00149188900832, 0.000557354069315, 0.000197293556994, 2.02602877835e-05],
        "dvar": [4.85196942464e-05, 0.00316225993447, 0.0207161363214, 0.0336488895118, 0.552019834518, 0.342316031456, 0.0899882018566, 0.400721281767, 7.08027029037, 2286.67431641, 6.34239339828, 0.348885715008, 0.0679069831967, 0.193232133985, 0.868419885635, 0.0205201022327, 0.0100109018385, 0.00350191793405, 0.00224799476564, 0.00259953574277, 0.0038900449872, 0.00242061703466, 0.0036041229032, 0.00258500897326, 0.00117071461864, 0.000709474028554, 0.000392771878978, 0.00435196701437, 0.00134245934896, 0.00010371569806, 4.60149640276e-05, 2.81721695501e-05, 2.6363401048e-05, 7.92201262811e-06, 2.07584689633e-05, 2.30397836276e-05, 2.36035089074e-06, 1.55886425546e-07, 3.59387115623e-08, 1.21650467477e-10],
        "dvar2": [0.000156017500558, 0.00970036908984, 0.0548945553601, 0.0997173413634, 1.73098266125, 1.07870316505, 0.211608052254, 0.421220958233, 3.2820789814, 2400.02148438, 1.99685704708, 0.45738825202, 0.0907997712493, 0.653564989567, 2.82465457916, 0.0222717560828, 0.0156408883631, 0.0055661117658, 0.0034003269393, 0.00354566704482, 0.00919453799725, 0.00578816561028, 0.00932095013559, 0.00689394026995, 0.00317177176476, 0.00166634249035, 0.000861698761582, 0.0125378426164, 0.00363489054143, 0.000237691725488, 8.02817157819e-05, 5.7587876654e-05, 6.55693293083e-05, 1.85386015801e-05, 5.83335531701e-05, 6.68815264362e-05, 6.6021721068e-06, 4.19781599703e-07, 1.0087016733e-07, 3.10406561566e-10],
        "max": [0.0321449302137, 0.332286268473, 0.824993312359, 1.49316549301, 6.63160133362, 4.10713100433, 2.18396925926, 9.14223575592, 119.176582336, 1397.39501953, 118.578346252, 8.93307685852, 3.21291279793, 3.5139093399, 9.14617443085, 1.9669444561, 1.08092010021, 0.688913345337, 0.581756472588, 0.604096591473, 0.414765864611, 0.386849045753, 0.539167642593, 0.446144342422, 0.266053259373, 0.206328228116, 0.191015854478, 0.513018429279, 0.326649427414, 0.0960496813059, 0.0803327709436, 0.0581852309406, 0.0443263277411, 0.0310720484704, 0.0386677905917, 0.0396856591105, 0.0166035350412, 0.00495268264785, 0.0022073967848, 0.000159392773639],
        "mean": [0.0075902226381, 0.0661703273654, 0.166355714202, 0.223978787661, 0.893929004669, 1.13773179054, 0.391504883766, 0.566075265408, 20.1365566254, 225.717788696, 19.2470664978, 0.849165558815, 0.203235045075, 0.329753100872, 0.703369319439, 0.105110660195, 0.073302462697, 0.0735846161842, 0.0610140673816, 0.054171718657, 0.0514583624899, 0.0441381260753, 0.0432846471667, 0.0460474267602, 0.0494389943779, 0.0503756962717, 0.0418850667775, 0.0373298302293, 0.0293675921857, 0.0223566386849, 0.0194888152182, 0.0166751034558, 0.0147670796141, 0.0106629990041, 0.0081197777763, 0.00566014228389, 0.00345744867809, 0.00166899734177, 0.000613878131844, 9.50449029915e-05],
        "median": [0.00527382222936, 0.0459007360041, 0.116906158626, 0.173075512052, 0.775650978088, 1.04440045357, 0.266047209501, 0.237835735083, 2.39701867104, 20.7362384796, 1.51252174377, 0.229454487562, 0.125077351928, 0.120931215584, 0.176872342825, 0.0674393698573, 0.0535689480603, 0.0651337951422, 0.0488863922656, 0.0432065092027, 0.0396151728928, 0.0348100364208, 0.0324669964612, 0.0387336909771, 0.041643306613, 0.0446496792138, 0.0361331105232, 0.0276942942291, 0.0229934174567, 0.0206728279591, 0.0173916276544, 0.0150956399739, 0.0134308375418, 0.00990187563002, 0.00749443517998, 0.00499881990254, 0.00327644194476, 0.00164101831615, 0.000610647781286, 9.16618155316e-05],
        "min": [3.92931033275e-05, 0.00041072210297, 0.00237975292839, 0.0069817150943, 0.00942853279412, 0.00653518782929, 0.00395038537681, 0.0033153060358, 0.00198508496396, 0.00171988655347, 0.00329165672883, 0.00513175874949, 0.0041471477598, 0.000692401197739, 0.00114809081424, 0.00144114135765, 0.00184403313324, 0.00121071655303, 0.00345756486058, 0.00196103239432, 0.00169934309088, 0.00142934080213, 0.00133533182088, 0.00161125441082, 0.00138891965616, 0.000652971386444, 0.00108431710396, 0.000533404992893, 0.000716342590749, 0.000749419326894, 0.000202089824597, 0.000440569827333, 0.000254116836004, 0.000193789092009, 0.000163623306435, 9.18457881198e-05, 4.35282127e-05, 2.65944163402e-05, 1.21706043501e-05, 1.72226225459e-06],
        "var": [4.46006524726e-05, 0.00340192322619, 0.0224797166884, 0.0383457504213, 0.626832604408, 0.789170086384, 0.142802909017, 0.831873238087, 1098.06872559, 145520.25, 1050.51623535, 1.66551625729, 0.0946586206555, 0.392389953136, 2.8031976223, 0.0290181487799, 0.00997216627002, 0.00399686209857, 0.00289768818766, 0.00293869827874, 0.00325778941624, 0.00201125815511, 0.00263527198695, 0.0018009057967, 0.00104873348027, 0.000758072535973, 0.000564228510484, 0.00281752785668, 0.000978480558842, 0.000113088935905, 7.51443076297e-05, 3.93061636714e-05, 3.21626539517e-05, 1.15583334264e-05, 1.50006217154e-05, 1.48364879351e-05, 1.82471865173e-06, 1.49031265551e-07, 2.87000805343e-08, 5.08246000841e-10]
    },
    "gfcc": {
        "mean": [-166.699874878, 91.7994613647, -30.9842300415, -2.17175984383, -56.712146759, -17.8754081726, -24.5862388611, 7.17559289932, -5.56042718887, 11.3999853134, -8.36229133606, -8.4531545639, -21.5526447296],
        "cov": [[945.20135498, 373.312744141, -45.4050865173, -270.885284424, -418.920471191, -248.420806885, -33.6236343384, 93.2490768433, 124.522369385, 90.7859115601, 33.6923027039, -14.7689142227, -78.2900009155], [373.312744141, 281.660186768, 22.7494888306, -167.179550171, -266.83102417, -166.205215454, -21.6518878937, 54.6372833252, 83.4240112305, 45.6944999695, 18.6003322601, -23.2436027527, -53.9326057434], [-45.4050865173, 22.7494888306, 100.242622375, 43.1769371033, 9.13000106812, -6.7544465065, -0.579739928246, -4.21758365631, 17.0145072937, 18.8317432404, 7.80624580383, -11.7143888474, -12.9376306534], [-270.885284424, -167.179550171, 43.1769371033, 180.532287598, 230.906280518, 129.799163818, 20.8823604584, -41.4649009705, -52.733379364, -22.1232662201, -8.1376657486, 14.9055614471, 35.2679710388], [-418.920471191, -266.83102417, 9.13000106812, 230.906280518, 377.914855957, 235.579528809, 47.1206703186, -55.9563941956, -98.6493148804, -61.0093688965, -20.3936252594, 26.923368454, 62.9999923706], [-248.420806885, -166.205215454, -6.7544465065, 129.799163818, 235.579528809, 179.108795166, 58.671497345, -22.4100418091, -65.6691360474, -46.6976356506, -11.6342544556, 25.8289413452, 47.9439735413], [-33.6236343384, -21.6518878937, -0.579739928246, 20.8823604584, 47.1206703186, 58.671497345, 53.2075080872, 15.8655252457, -8.05547714233, -11.0448217392, 1.89568805695, 15.3279867172, 17.671754837], [93.2490768433, 54.6372833252, -4.21758365631, -41.4649009705, -55.9563941956, -22.4100418091, 15.8655252457, 40.9987449646, 34.0526657104, 14.4057893753, 8.24294757843, 1.05574524403, -8.63397693634], [124.522369385, 83.4240112305, 17.0145072937, -52.733379364, -98.6493148804, -65.6691360474, -8.05547714233, 34.0526657104, 66.6871185303, 41.7268371582, 11.5857009888, -12.1473884583, -21.2986469269], [90.7859115601, 45.6944999695, 18.8317432404, -22.1232662201, -61.0093688965, -46.6976356506, -11.0448217392, 14.4057893753, 41.7268371582, 45.794090271, 17.2978839874, -6.56357622147, -16.3007507324], [33.6923027039, 18.6003322601, 7.80624580383, -8.1376657486, -20.3936252594, -11.6342544556, 1.89568805695, 8.24294757843, 11.5857009888, 17.2978839874, 25.7498416901, 12.1615028381, 0.863821387291], [-14.7689142227, -23.2436027527, -11.7143888474, 14.9055614471, 26.923368454, 25.8289413452, 15.3279867172, 1.05574524403, -12.1473884583, -6.56357622147, 12.1615028381, 30.6873474121, 21.9382972717], [-78.2900009155, -53.9326057434, -12.9376306534, 35.2679710388, 62.9999923706, 47.9439735413, 17.671754837, -8.63397693634, -21.2986469269, -16.3007507324, 0.863821387291, 21.9382972717, 36.2419586182]],
        "icov": [[0.00325560756028, -0.00369054591283, 0.00268093147315, -0.00114544085227, 0.00220524030738, -0.00202044518664, 0.00130585976876, -0.00224647647701, 0.00277835549787, -0.00580951478332, 0.00284055201337, -0.00333590712398, 0.00225137872621], [-0.00369054591283, 0.0191974937916, -0.00943670142442, 0.00916683487594, -0.00152116082609, 0.00922553334385, -0.00641734758392, -0.00116589688696, -0.00563510414213, 0.0108752688393, -0.00549374287948, 0.00252463831566, 0.00178058736492], [0.00268093147315, -0.00943670142442, 0.0260163210332, -0.0232046525925, 0.0103400284424, -0.00430693197995, -0.00486973952502, 0.00873207300901, -0.00844476185739, 0.00320472894236, -0.0105410292745, 0.00810303073376, 0.00761962728575], [-0.00114544085227, 0.00916683487594, -0.0232046525925, 0.0592412091792, -0.0424925461411, 0.0234446618706, -0.00821544136852, 0.0043267775327, 0.00614241138101, -0.0186380241066, 0.0133453169838, -0.014147810638, -0.00340531161055], [0.00220524030738, -0.00152116082609, 0.0103400284424, -0.0424925461411, 0.0622713007033, -0.0581906996667, 0.0263053625822, -0.00256559834816, -0.00139515381306, 0.00769328139722, -0.0050606825389, 0.00861477013677, 0.000382643833291], [-0.00202044518664, 0.00922553334385, -0.00430693197995, 0.0234446618706, -0.0581906996667, 0.0939278975129, -0.0554594360292, 0.000999969663098, 0.00637519778684, 0.00587389338762, -0.00219194800593, 0.000737469294108, -0.00481508113444], [0.00130585976876, -0.00641734758392, -0.00486973952502, -0.00821544136852, 0.0263053625822, -0.0554594360292, 0.0742926448584, -0.0367976464331, 0.0117812603712, -0.00891077890992, 0.00834535527974, -0.00721325259656, -0.0107417684048], [-0.00224647647701, -0.00116589688696, 0.00873207300901, 0.0043267775327, -0.00256559834816, 0.000999969663098, -0.0367976464331, 0.0942796617746, -0.0591292753816, 0.0285660773516, -0.0150229232386, -0.0101610571146, 0.0204670261592], [0.00277835549787, -0.00563510414213, -0.00844476185739, 0.00614241138101, -0.00139515381306, 0.00637519778684, 0.0117812603712, -0.0591292753816, 0.0926254093647, -0.0659782141447, 0.0235590450466, 0.00950746051967, -0.0187733974308], [-0.00580951478332, 0.0108752688393, 0.00320472894236, -0.0186380241066, 0.00769328139722, 0.00587389338762, -0.00891077890992, 0.0285660773516, -0.0659782141447, 0.10598193109, -0.0572354905307, 0.0179010462016, 0.0123438760638], [0.00284055201337, -0.00549374287948, -0.0105410292745, 0.0133453169838, -0.0050606825389, -0.00219194800593, 0.00834535527974, -0.0150229232386, 0.0235590450466, -0.0572354905307, 0.100555971265, -0.0576050616801, 0.00583507725969], [-0.00333590712398, 0.00252463831566, 0.00810303073376, -0.014147810638, 0.00861477013677, 0.000737469294108, -0.00721325259656, -0.0101610571146, 0.00950746051967, 0.0179010462016, -0.0576050616801, 0.104885466397, -0.0501216799021], [0.00225137872621, 0.00178058736492, 0.00761962728575, -0.00340531161055, 0.000382643833291, -0.00481508113444, -0.0107417684048, 0.0204670261592, -0.0187733974308, 0.0123438760638, 0.00583507725969, -0.0501216799021, 0.0816778764129]]
    },
    "melbands": {
        "dmean": [6.90394372214e-05, 6.75432602293e-05, 3.47341738234e-05, 4.31575790572e-05, 8.43288580654e-06, 4.26134283771e-06, 5.76218844799e-05, 0.000189556914847, 4.29756801168e-06, 9.35291268434e-07, 5.23752817116e-07, 7.80924267474e-07, 2.08286996894e-06, 2.1142972173e-07, 1.10251761498e-07, 1.18984750941e-07, 7.354481113e-08, 5.58546950913e-08, 4.38422453897e-08, 4.2527325661e-08, 4.08739211366e-08, 2.57736481046e-08, 2.64732662458e-08, 1.99566958514e-08, 2.03860217596e-08, 2.0264435463e-08, 1.56970010323e-08, 1.48033114655e-08, 1.0038434084e-08, 1.18951497541e-08, 1.44282736869e-08, 1.02726582796e-08, 5.58289192654e-09, 3.26451909949e-09, 3.4098373014e-09, 3.06599123867e-09, 2.88061574594e-09, 3.61072305388e-09, 2.94564861392e-09, 2.32227881369e-09],
        "dmean2": [0.000127851890284, 0.000121225406474, 6.24315944151e-05, 7.88095494499e-05, 1.42944027175e-05, 6.60274872644e-06, 3.60981321137e-05, 0.000112048117444, 4.20194828621e-06, 1.44766954691e-06, 8.17741238279e-07, 1.42419355598e-06, 3.7375186821e-06, 3.25386793065e-07, 1.72250977926e-07, 1.99260369982e-07, 1.18136085803e-07, 9.14047149081e-08, 6.82659191398e-08, 7.04804890006e-08, 7.05527298805e-08, 4.3718916487e-08, 4.51235067089e-08, 3.37884422663e-08, 3.53603155645e-08, 3.62952015109e-08, 2.67002349119e-08, 2.54297258806e-08, 1.61268651766e-08, 2.03137595634e-08, 2.62792667627e-08, 1.78045436172e-08, 9.62449320241e-09, 5.44102851663e-09, 5.369107825e-09, 5.04805353074e-09, 4.87315388042e-09, 6.2224922992e-09, 4.80819339899e-09, 3.79950959584e-09],
        "dvar": [4.22893631224e-09, 4.62550620028e-09, 1.90969862146e-09, 2.49915688144e-09, 1.05233356751e-10, 2.254382514e-10, 1.22707097816e-08, 1.72816768895e-07, 3.38495675933e-10, 1.23658982359e-11, 1.54385000877e-12, 2.36369474341e-12, 2.2988026413e-11, 3.93884035631e-13, 6.11442049336e-14, 4.41092813858e-14, 9.26972613388e-15, 5.68631259294e-15, 5.36027478846e-15, 4.60699398891e-15, 5.43352619774e-15, 2.07150525811e-15, 4.62520985595e-15, 2.14689415503e-15, 1.80637251068e-15, 7.21625537188e-16, 5.14003997531e-16, 3.54916069322e-16, 1.15535876341e-16, 5.13926388137e-16, 2.27495346644e-15, 6.84316912235e-16, 9.9238300691e-17, 1.61905384784e-17, 1.24273696171e-17, 2.16452850749e-17, 1.0562742389e-17, 1.97265503086e-17, 8.02009671949e-18, 6.12239881051e-18],
        "dvar2": [1.34158373299e-08, 1.37351916507e-08, 5.60030644081e-09, 7.29985627501e-09, 2.72675160229e-10, 2.48605025455e-10, 1.20392229519e-08, 1.76210917857e-07, 3.13698317322e-10, 1.6617821702e-11, 2.14501398414e-12, 8.03846919584e-12, 7.58945128965e-11, 4.58816036379e-13, 8.5279880217e-14, 7.95894247859e-14, 1.50204792994e-14, 8.89137430403e-15, 7.89191947198e-15, 7.89705672681e-15, 1.32944582399e-14, 4.57263536795e-15, 1.24046890923e-14, 5.28096201141e-15, 4.91412390042e-15, 1.9487365145e-15, 1.27832200696e-15, 8.62381872473e-16, 2.15514086781e-16, 1.40065590504e-15, 6.61362224073e-15, 1.86201304619e-15, 2.54531441886e-16, 3.30681563346e-17, 2.12221259433e-17, 4.78831761724e-17, 2.17639408251e-17, 5.11905056505e-17, 2.00405133275e-17, 1.43852813116e-17],
        "max": [0.000324539141729, 0.000379997130949, 0.000431193911936, 0.000376897776732, 7.47249141568e-05, 0.00018469785573, 0.00381029350683, 0.01280617062, 0.000290291587589, 4.00434582843e-05, 1.40448646562e-05, 1.15615330287e-05, 4.43656354037e-05, 7.64398373576e-06, 2.81236611954e-06, 2.09672316487e-06, 1.14645865779e-06, 9.1509741651e-07, 8.8423928446e-07, 6.61864874019e-07, 4.84986458105e-07, 3.94969873696e-07, 6.01970896241e-07, 4.25890277711e-07, 3.68252244698e-07, 1.95404581405e-07, 2.33932254901e-07, 1.41975931456e-07, 1.3836672963e-07, 1.75593328322e-07, 3.74686891291e-07, 2.30628060649e-07, 9.05897792336e-08, 4.55426842905e-08, 4.52402773021e-08, 4.60219027332e-08, 3.5260324438e-08, 3.77897144688e-08, 2.87722556891e-08, 2.52297418513e-08],
        "mean": [7.50106046326e-05, 8.89550137799e-05, 4.88066834805e-05, 9.54754432314e-05, 1.48012541104e-05, 5.74503974349e-06, 0.000635210890323, 0.0020656476263, 2.82022829197e-05, 1.12583938972e-06, 6.85616498686e-07, 1.10210658022e-06, 3.23700351146e-06, 3.10348667654e-07, 1.65758706316e-07, 1.55690983661e-07, 1.35410829216e-07, 1.02950160397e-07, 7.59430278663e-08, 6.82164014165e-08, 5.85088599792e-08, 4.57072459881e-08, 4.22711714521e-08, 3.63896432987e-08, 3.69886983265e-08, 3.77654565398e-08, 3.48448239151e-08, 3.2683786344e-08, 2.62464396883e-08, 2.3832756213e-08, 2.11197850319e-08, 1.77310113258e-08, 1.33663675683e-08, 1.18671401594e-08, 1.11413420711e-08, 1.04239932242e-08, 1.01869561675e-08, 1.05140776085e-08, 9.55454204643e-09, 8.71558736293e-09],
        "median": [5.17280604981e-05, 6.70012959745e-05, 4.04374950449e-05, 8.15566309029e-05, 1.07197702164e-05, 3.59013665729e-06, 7.42156189517e-05, 0.000185268843779, 2.28307817451e-06, 3.69590679838e-07, 3.57424681852e-07, 4.63384083105e-07, 6.49238302231e-07, 2.06743237641e-07, 1.16254994964e-07, 1.08499051521e-07, 1.22440340533e-07, 8.42021989911e-08, 6.06695351735e-08, 5.32259072372e-08, 4.41015401975e-08, 3.6314755647e-08, 3.05349843188e-08, 2.75096336821e-08, 3.15121440053e-08, 3.19547162064e-08, 2.89502324335e-08, 2.90433010974e-08, 2.23536762434e-08, 1.86339441655e-08, 1.43136862363e-08, 1.32885071835e-08, 1.17816734146e-08, 1.08786446518e-08, 1.01038537537e-08, 9.3768317555e-09, 9.11534581149e-09, 9.55023704563e-09, 8.86862139282e-09, 8.14674372407e-09],
        "min": [4.10862440958e-07, 1.02133321889e-06, 1.30558953515e-06, 5.91756020185e-07, 1.59122578225e-07, 7.46849195821e-08, 2.62082977542e-08, 2.31550796315e-08, 2.48513298828e-08, 3.49948585665e-08, 1.98473557589e-08, 2.19728724105e-09, 3.55667806318e-09, 3.67806807233e-09, 4.6254231556e-09, 3.32842442496e-09, 1.9506585236e-09, 4.88298246282e-09, 5.17808285139e-09, 1.39677436284e-09, 2.20902229842e-09, 1.86728210672e-09, 8.00251309663e-10, 1.27371957426e-09, 1.32033439737e-09, 1.37186340066e-09, 6.42408071183e-10, 3.74156594596e-10, 6.3461669253e-10, 6.24788498715e-10, 2.12011824763e-10, 2.79214762422e-10, 7.34685090542e-10, 2.67554811639e-10, 7.40316835612e-11, 2.20068199774e-10, 2.64701649488e-10, 1.81050591186e-10, 1.52868703807e-10, 1.55211413166e-10],
        "var": [4.0637178067e-09, 5.12018738519e-09, 1.9163912679e-09, 5.683221449e-09, 1.64850355588e-10, 2.28367422195e-10, 1.10622056582e-06, 1.22099818327e-05, 2.39154185344e-09, 1.30028331852e-11, 1.87885384334e-12, 4.08023614895e-12, 6.37006003501e-11, 4.21444698801e-13, 6.25947861252e-14, 4.23748154079e-14, 1.16239415554e-14, 7.61192426094e-15, 6.19932868535e-15, 4.90127991632e-15, 4.39388812268e-15, 1.88600483091e-15, 3.15880757119e-15, 1.7696050339e-15, 1.22533480216e-15, 6.5253914773e-16, 5.58804681842e-16, 3.64137214093e-16, 2.1564985028e-16, 4.57057443091e-16, 1.39675468304e-15, 4.99158368702e-16, 8.26231869478e-17, 2.39799659579e-17, 2.50099960721e-17, 2.53507762865e-17, 1.52286730098e-17, 2.10527507867e-17, 1.21156284053e-17, 8.34943868038e-18]
    },
    "mfcc": {
        "mean": [-852.352966309, 150.720825195, 55.3484535217, 27.4949531555, -0.578692615032, -7.88384389877, -7.10185289383, -9.59335422516, -2.60636234283, 6.00342607498, 8.64135742188, 12.6386098862, 12.6827163696],
        "cov": [[757.575500488, 265.540557861, 24.4465484619, -55.4352989197, -202.37348938, -196.468078613, -166.030944824, -91.3623046875, -33.5258216858, -18.4925117493, 47.7610778809, 115.168998718, 108.487434387], [265.540557861, 185.053375244, 72.0904083252, -26.576171875, -106.202522278, -112.323776245, -91.4509353638, -51.4402885437, -22.781332016, -2.23329520226, 27.5913639069, 60.8179702759, 62.1312294006], [24.4465484619, 72.0904083252, 114.692054749, 28.7260246277, -44.8549308777, -49.6878814697, -57.8318824768, -47.8477363586, -24.0893039703, 2.45004725456, 25.7312736511, 40.1152153015, 46.9575767517], [-55.4352989197, -26.576171875, 28.7260246277, 61.2105712891, 40.2457084656, 28.5953388214, 7.30524635315, -9.50750255585, -4.33352136612, -1.54588794708, 4.40645456314, 1.35388708115, 2.50483608246], [-202.37348938, -106.202522278, -44.8549308777, 40.2457084656, 132.388687134, 109.479179382, 86.8273468018, 46.6829414368, 19.4198112488, 9.03723430634, -18.9736671448, -49.8486328125, -51.8892669678], [-196.468078613, -112.323776245, -49.6878814697, 28.5953388214, 109.479179382, 131.006500244, 107.672966003, 62.5036010742, 32.3050575256, 11.736243248, -21.61328125, -56.5225982666, -58.417137146], [-166.030944824, -91.4509353638, -57.8318824768, 7.30524635315, 86.8273468018, 107.672966003, 124.349853516, 80.2682113647, 33.1366844177, 8.37985515594, -26.6327991486, -57.5974693298, -56.7989044189], [-91.3623046875, -51.4402885437, -47.8477363586, -9.50750255585, 46.6829414368, 62.5036010742, 80.2682113647, 82.5134506226, 37.5070381165, 9.20896816254, -18.7338695526, -38.5809249878, -36.433681488], [-33.5258216858, -22.781332016, -24.0893039703, -4.33352136612, 19.4198112488, 32.3050575256, 33.1366844177, 37.5070381165, 35.472530365, 16.785697937, -4.55300855637, -18.3725032806, -18.7795772552], [-18.4925117493, -2.23329520226, 2.45004725456, -1.54588794708, 9.03723430634, 11.736243248, 8.37985515594, 9.20896816254, 16.785697937, 33.770904541, 16.1642341614, -2.3442800045, -4.50996112823], [47.7610778809, 27.5913639069, 25.7312736511, 4.40645456314, -18.9736671448, -21.61328125, -26.6327991486, -18.7338695526, -4.55300855637, 16.1642341614, 37.9672470093, 27.2737255096, 19.2485847473], [115.168998718, 60.8179702759, 40.1152153015, 1.35388708115, -49.8486328125, -56.5225982666, -57.5974693298, -38.5809249878, -18.3725032806, -2.3442800045, 27.2737255096, 55.1878242493, 45.5510597229], [108.487434387, 62.1312294006, 46.9575767517, 2.50483608246, -51.8892669678, -58.417137146, -56.7989044189, -36.433681488, -18.7795772552, -4.50996112823, 19.2485847473, 45.5510597229, 59.7923622131]],
