{
"lowlevel": {
    "average_loudness": 0.5747179389,
    "barkbands_crest": {
        "dmean": 0.713088750839,
        "dmean2": 1.0460319519,
        "dvar": 1.83494675159,
        "dvar2": 5.19013023376,
        "max": 21.4361858368,
        "mean": 15.3306589127,
        "median": 15.8010911942,
        "min": 5.15343618393,
        "var": 5.73358774185
    },
    "barkbands_flatness_db": {
        "dmean": 0.0155139798298,
        "dmean2": 0.0219376645982,
        "dvar": 0.000780374335591,
        "dvar2": 0.000881532207131,
        "max": 0.542257070541,
        "mean": 0.346665114164,
        "median": 0.367329508066,
        "min": 0.0772748291492,
        "var": 0.0112057626247
    },
    "barkbands_kurtosis": {
        "dmean": 15.6444272995,
        "dmean2": 26.0428199768,
        "dvar": 276.755249023,
        "dvar2": 777.888793945,
        "max": 147.750762939,
        "mean": 48.7181663513,
        "median": 45.8494911194,
        "min": 4.21559095383,
        "var": 847.865356445
    },
    "barkbands_skewness": {
        "dmean": 1.15051364899,
        "dmean2": 1.98910212517,
        "dvar": 1.0374032259,
        "dvar2": 3.17653441429,
        "max": 7.16218233109,
        "mean": -0.00415645865723,
        "median": -0.330540299416,
        "min": -2.67020559311,
        "var": 3.47801470757
    },
    "barkbands_spread": {
        "dmean": 0.90133190155,
        "dmean2": 1.38987350464,
        "dvar": 4.10571908951,
        "dvar2": 7.01727676392,
        "max": 29.6041431427,
        "mean": 2.73952746391,
        "median": 0.709857106209,
        "min": 0.280706167221,
        "var": 23.2650547028
    },
    "dissonance": {
        "dmean": 0.0642176792026,
        "dmean2": 0.113238751888,
        "dvar": 0.0027212514542,
        "dvar2": 0.00805488973856,
        "max": 0.488468438387,
        "mean": 0.251302212477,
        "median": 0.24193008244,
        "min": 0.0766778886318,
        "var": 0.00942220073193
    },
    "dynamic_complexity": 7.95170688629,
    "erbbands_crest": {
        "dmean": 0.532049894333,
        "dmean2": 0.627767384052,
        "dvar": 1.83851516247,
        "dvar2": 2.02863383293,
        "max": 27.3914146423,
        "mean": 24.4638805389,
        "median": 25.7351398468,
        "min": 3.92341947556,
        "var": 18.1546802521
    },
    "erbbands_flatness_db": {
        "dmean": 0.0127361202613,
        "dmean2": 0.0169941782951,
        "dvar": 0.000579106039368,
        "dvar2": 0.000634483934846,
        "max": 0.561522364616,
        "mean": 0.37632521987,
        "median": 0.404652893543,
        "min": 0.0541150122881,
        "var": 0.0129323629662
    },
    "erbbands_kurtosis": {
        "dmean": 11.0158605576,
        "dmean2": 17.3200397491,
        "dvar": 127.266273499,
        "dvar2": 368.008056641,
        "max": 186.791900635,
        "mean": 95.8265609741,
        "median": 100.383255005,
        "min": -0.409790992737,
        "var": 2776.22290039
    },
    "erbbands_skewness": {
        "dmean": 0.760183155537,
        "dmean2": 1.2281126976,
        "dvar": 0.44494882226,
        "dvar2": 1.34455251694,
        "max": 9.39405918121,
        "mean": 4.90384244919,
        "median": 4.83088827133,
        "min": 0.624480187893,
        "var": 4.40959501266
    },
    "erbbands_spread": {
        "dmean": 1.05500352383,
        "dmean2": 1.4296104908,
        "dvar": 21.4425201416,
        "dvar2": 33.2780990601,
        "max": 66.1547927856,
        "mean": 3.58690953255,
        "median": 0.556629002094,
        "min": 0.316745519638,
        "var": 93.1987762451
    },
    "hfc": {
        "dmean": 0.71442002058,
        "dmean2": 0.620866119862,
        "dvar": 3.69366526604,
        "dvar2": 4.61666202545,
        "max": 37.4080581665,
        "mean": 7.7762465477,
        "median": 2.75791096687,
        "min": 0.024681488052,
        "var": 123.995613098
    },
    "melbands_crest": {
        "dmean": 1.15393304825,
        "dmean2": 1.8615489006,
        "dvar": 3.81517410278,
        "dvar2": 11.5965385437,
        "max": 33.016040802,
        "mean": 28.5539016724,
        "median": 31.2489967346,
        "min": 8.90459442139,
        "var": 30.0995502472
    },
    "melbands_flatness_db": {
        "dmean": 0.015757555142,
        "dmean2": 0.0216544512659,
        "dvar": 0.000925597676542,
        "dvar2": 0.00102395482827,
        "max": 0.635762214661,
        "mean": 0.449624031782,
        "median": 0.467346608639,
        "min": 0.190374389291,
        "var": 0.0103558655828
    },
    "melbands_kurtosis": {
        "dmean": 12.7459659576,
        "dmean2": 20.7750930786,
        "dvar": 168.562683105,
        "dvar2": 444.096160889,
        "max": 126.828933716,
        "mean": 40.6235275269,
        "median": 40.3589782715,
        "min": -0.710313796997,
        "var": 898.449829102
    },
    "melbands_skewness": {
        "dmean": 0.761304616928,
        "dmean2": 1.28960347176,
        "dvar": 0.669937312603,
        "dvar2": 1.95625948906,
        "max": 5.82259893417,
        "mean": -2.52606034279,
        "median": -2.82170605659,
        "min": -6.16746997833,
        "var": 5.79751348495
    },
    "melbands_spread": {
        "dmean": 1.14508092403,
        "dmean2": 1.95999228954,
        "dvar": 3.23843860626,
        "dvar2": 9.03582286835,
        "max": 14.6729631424,
        "mean": 3.10763859749,
        "median": 1.19099140167,
        "min": 0.211417973042,
        "var": 14.9049901962
    },
    "pitch_salience": {
        "dmean": 0.040880702436,
        "dmean2": 0.0653227418661,
        "dvar": 0.00378034124151,
        "dvar2": 0.00701595004648,
        "max": 0.868544816971,
        "mean": 0.169788226485,
        "median": 0.0991115570068,
        "min": 0.0289172492921,
        "var": 0.0247523616999
    },
    "silence_rate_20dB": {
        "dmean": 0,
        "dmean2": 0,
        "dvar": 0,
        "dvar2": 0,
        "max": 1,
        "mean": 1,
        "median": 1,
        "min": 1,
        "var": 0
    },
    "silence_rate_30dB": {
        "dmean": 0,
        "dmean2": 0,
        "dvar": 0,
        "dvar2": 0,
        "max": 1,
        "mean": 1,
        "median": 1,
        "min": 1,
        "var": 0
    },
    "silence_rate_60dB": {
        "dmean": 0.019999999553,
        "dmean2": 0.0335570462048,
        "dvar": 0.0195999853313,
        "dvar2": 0.0324309580028,
        "max": 1,
        "mean": 0.417218536139,
        "median": 0,
        "min": 0,
        "var": 0.243147164583
    },
    "spectral_centroid": {
        "dmean": 13.8841133118,
        "dmean2": 16.9791717529,
        "dvar": 2005.90356445,
        "dvar2": 2393.625,
        "max": 976.164978027,
        "mean": 607.629699707,
        "median": 618.018127441,
        "min": 214.818084717,
        "var": 8428.95117188
    },
    "spectral_complexity": {
        "dmean": 0.239999994636,
        "dmean2": 0.416107386351,
        "dvar": 0.289066702127,
        "dvar2": 0.457727223635,
        "max": 4,
        "mean": 1.36423838139,
        "median": 1,
        "min": 0,
        "var": 0.642165958881
    },
    "spectral_decrease": {
        "dmean": 3.12447512307e-10,
        "dmean2": 2.74540362666e-10,
        "dvar": 6.14645756542e-19,
        "dvar2": 7.6484986506e-19,
        "max": -7.43969382627e-12,
        "mean": -3.1958955482e-09,
        "median": -1.20350296395e-09,
        "min": -1.51539278903e-08,
        "var": 2.0185797676e-17
    },
    "spectral_energy": {
        "dmean": 0.00124393636361,
        "dmean2": 0.00109229644295,
        "dvar": 9.80880940915e-06,
        "dvar2": 1.22130722957e-05,
        "max": 0.0605871491134,
        "mean": 0.0127673270181,
        "median": 0.00481189787388,
        "min": 3.08061062242e-05,
        "var": 0.000322772801155
    },
    "spectral_energyband_high": {
        "dmean": 2.31876398971e-07,
        "dmean2": 3.68455658872e-07,
        "dvar": 3.25211754228e-13,
        "dvar2": 7.95045886764e-13,
        "max": 4.90557613375e-06,
        "mean": 1.36712424137e-06,
        "median": 1.2868417798e-06,
        "min": 5.04646038735e-07,
        "var": 2.51667529047e-13
    },
    "spectral_energyband_low": {
        "dmean": 2.66755123448e-05,
        "dmean2": 4.59543043689e-05,
        "dvar": 6.16785511554e-10,
        "dvar2": 1.55609025665e-09,
        "max": 0.000168290687725,
        "mean": 4.47058628197e-05,
        "median": 3.70718626073e-05,
        "min": 2.66976576313e-06,
        "var": 7.60295826296e-10
    },
    "spectral_energyband_middle_high": {
        "dmean": 7.59717477194e-06,
        "dmean2": 9.36929791351e-06,
        "dvar": 6.88755164013e-10,
        "dvar2": 7.76663844348e-10,
        "max": 0.000346820743289,
        "mean": 2.26370248129e-05,
        "median": 5.14872044732e-06,
        "min": 1.78792151928e-06,
        "var": 2.05862282776e-09
    },
    "spectral_energyband_middle_low": {
        "dmean": 0.00124250585213,
        "dmean2": 0.00107925955672,
        "dvar": 9.97544611891e-06,
        "dvar2": 1.24427397168e-05,
        "max": 0.0604257322848,
        "mean": 0.0127030583099,
        "median": 0.00477728433907,
        "min": 1.23150030049e-05,
        "var": 0.000321484578308
    },
    "spectral_entropy": {
        "dmean": 0.165819361806,
        "dmean2": 0.223560154438,
        "dvar": 0.10118688643,
        "dvar2": 0.099459849298,
        "max": 8.04098892212,
        "mean": 5.10377979279,
        "median": 4.77466917038,
        "min": 3.17092180252,
        "var": 1.4059252739
    },
    "spectral_flux": {
        "dmean": 0.00401763245463,
        "dmean2": 0.00590241933241,
        "dvar": 0.000119506235933,
        "dvar2": 0.000182017553016,
        "max": 0.171934574842,
        "mean": 0.00991012342274,
        "median": 0.00610525719821,
        "min": 0.00233113649301,
        "var": 0.000327339454088
    },
    "spectral_kurtosis": {
        "dmean": 4.99447870255,
        "dmean2": 8.1873550415,
        "dvar": 65.4295425415,
        "dvar2": 142.512329102,
        "max": 108.73412323,
        "mean": 31.7021865845,
        "median": 25.8021945953,
        "min": 4.30131053925,
        "var": 555.959411621
    },
    "spectral_rms": {
        "dmean": 0.00014825227845,
        "dmean2": 0.00013582406973,
        "dvar": 8.9462631081e-08,
        "dvar2": 9.71848308495e-08,
        "max": 0.00768826482818,
        "mean": 0.00272677326575,
        "median": 0.00216668751091,
        "min": 0.000173363034264,
        "var": 5.02063312524e-06
    },
    "spectral_rolloff": {
        "dmean": 7.3212890625,
        "dmean2": 12.7175960541,
        "dvar": 1519.81542969,
        "dvar2": 3280.06665039,
        "max": 645.99609375,
        "mean": 606.065734863,
        "median": 624.462890625,
        "min": 215.33203125,
        "var": 5916.64892578
    },
    "spectral_skewness": {
        "dmean": 0.359878659248,
        "dmean2": 0.592203557491,
        "dvar": 0.262682825327,
        "dvar2": 0.537146270275,
        "max": 8.68238639832,
        "mean": 4.50240802765,
        "median": 4.32981586456,
        "min": 1.78658115864,
        "var": 3.03468632698
    },
    "spectral_spread": {
        "dmean": 518766.28125,
        "dmean2": 726940.875,
        "dvar": 1.69850136166e+12,
        "dvar2": 965488934912,
        "max": 22529186,
        "mean": 3693645.25,
        "median": 3204031,
        "min": 1074438.5,
        "var": 4.61429171814e+12
    },
    "spectral_strongpeak": {
        "dmean": 0.10286064446,
        "dmean2": 0.0903856009245,
        "dvar": 0.118774823844,
        "dvar2": 0.12984700501,
        "max": 5.93962669373,
        "mean": 2.03938508034,
        "median": 1.58014810085,
        "min": 0.00425267545506,
        "var": 3.24000954628
    },
    "zerocrossingrate": {
        "dmean": 0.00213541672565,
        "dmean2": 0.00259215082042,
        "dvar": 3.50715235982e-05,
        "dvar2": 3.49624060618e-05,
        "max": 0.11181640625,
        "mean": 0.0313470102847,
        "median": 0.02783203125,
        "min": 0.005859375,
        "var": 0.000193554893485
    },
    "barkbands": {
        "dmean": [1.77463437012e-06, 1.85548778973e-05, 1.06655670606e-05, 2.19111207116e-05, 0.000109794193122, 2.57108986261e-05, 1.25929445858e-05, 0.000550468394067, 0.000597404025029, 2.95856330013e-06, 1.1420232795e-06, 4.67745667265e-06, 6.03218040851e-07, 3.79552545837e-07, 2.78715418744e-07, 1.81171301961e-07, 1.23081051129e-07, 8.03958712936e-08, 7.72437189767e-08, 8.77400054833e-08, 5.90169975112e-08, 3.63654208968e-08, 3.26549027818e-08, 3.83600387011e-08, 3.14665413725e-08, 4.58939588555e-08, 5.6396711301e-08],
        "dmean2": [3.16573118653e-06, 3.14588032779e-05, 1.84547352546e-05, 2.56279909081e-05, 9.98941031867e-05, 3.25693981722e-05, 1.43314218803e-05, 0.000470890838187, 0.000525352661498, 3.27405678036e-06, 1.70765099483e-06, 6.37052789898e-06, 9.57315933192e-07, 5.85523082464e-07, 4.06195709957e-07, 2.85489051066e-07, 2.02295481699e-07, 1.32542325559e-07, 1.20419031191e-07, 1.51100110202e-07, 9.40976505603e-08, 5.90400262013e-08, 5.42327001085e-08, 6.62707435595e-08, 5.06200912298e-08, 8.03988911002e-08, 9.42175475416e-08],
        "dvar": [8.58589154634e-12, 2.65687083445e-10, 1.52500331807e-10, 8.75687078405e-09, 1.99886144969e-07, 1.49112988623e-08, 4.28728696988e-09, 2.38686402554e-06, 2.96781490761e-06, 4.00882438356e-10, 3.22703599953e-11, 1.33283675763e-10, 3.4952297133e-12, 7.33388881308e-13, 3.09325725841e-13, 1.17129694615e-13, 1.14790975662e-13, 2.05635679383e-14, 2.00638811798e-14, 2.5748708924e-14, 1.12579979112e-14, 5.0846985483e-15, 2.66890107867e-15, 7.93052977482e-15, 2.8952327291e-15, 1.1221692385e-14, 3.56001976149e-15],
        "dvar2": [1.19312597996e-11, 7.25236593002e-10, 3.61490309908e-10, 7.54720907992e-09, 1.72438660684e-07, 2.00574898912e-08, 5.16151299479e-09, 3.41950590155e-06, 3.1858321563e-06, 3.92963717122e-10, 3.38782647769e-11, 2.4183632874e-10, 5.26305474896e-12, 9.25519535143e-13, 3.46615531416e-13, 1.75897463912e-13, 1.71135132974e-13, 4.38140124767e-14, 3.64038870392e-14, 7.24760149898e-14, 2.55109416935e-14, 9.92126811207e-15, 5.03616440746e-15, 2.10335577216e-14, 6.51259958573e-15, 3.33495946516e-14, 6.18552331886e-15],
        "max": [3.41134873452e-05, 0.000103615195258, 7.17689836165e-05, 0.00131709873676, 0.0071493932046, 0.00124285544734, 0.000636395416223, 0.0289114881307, 0.035221979022, 0.000243214832153, 7.09169689799e-05, 0.000160338357091, 2.21279005927e-05, 1.01757714219e-05, 7.71231134422e-06, 4.0193026507e-06, 5.01037129652e-06, 1.35748541652e-06, 1.43943805142e-06, 1.36097617087e-06, 8.95448692972e-07, 7.19059300991e-07, 5.28205418959e-07, 8.15504790808e-07, 4.77358071294e-07, 1.08024494239e-06, 6.82351071646e-07],
        "mean": [1.815585847e-06, 2.5836745408e-05, 1.33861849463e-05, 4.34031280747e-05, 0.0002026414586, 3.78505355911e-05, 1.46264765135e-05, 0.00485482206568, 0.00754712987691, 4.14754231315e-06, 1.5225189145e-06, 1.51503700181e-05, 1.18472905797e-06, 6.50865274565e-07, 6.12545306922e-07, 3.13603038649e-07, 2.27518427209e-07, 1.67942303619e-07, 1.76560149612e-07, 1.99667468337e-07, 1.52216486526e-07, 1.07483117517e-07, 1.08166901214e-07, 1.23107753325e-07, 1.31833630235e-07, 1.87852535305e-07, 5.08182154135e-07],
        "median": [1.24899588627e-06, 2.10768557736e-05, 8.53011806612e-06, 4.60274350189e-06, 1.42304816109e-05, 3.63649473911e-06, 1.08872313831e-06, 0.00179608794861, 0.00260778376833, 6.31745592727e-07, 6.43053169824e-07, 1.04088474018e-06, 6.23724815796e-07, 4.49651508916e-07, 4.30023334275e-07, 2.16410697362e-07, 1.43165166833e-07, 1.24504026644e-07, 1.52584846091e-07, 1.71505945445e-07, 1.26079598317e-07, 9.26808638724e-08, 9.54642729312e-08, 1.0713915799e-07, 1.19682567856e-07, 1.7707570521e-07, 5.28997702531e-07],
        "min": [2.01742214045e-08, 2.6336400083e-07, 3.27634296582e-07, 2.79519497326e-07, 1.26694578739e-06, 3.68205689938e-07, 4.4847908498e-08, 6.07970150668e-07, 4.5472114607e-07, 6.95157424957e-08, 1.59066559036e-07, 1.33676195446e-07, 9.29403256578e-08, 7.46721227074e-08, 8.85287221308e-08, 5.54383703388e-08, 4.20227870279e-08, 3.48990418786e-08, 5.57445254401e-08, 7.5079746864e-08, 5.72446516856e-08, 5.40977254104e-08, 3.98776478505e-08, 4.97091932061e-08, 5.95574398687e-08, 4.87541207406e-08, 7.54281330728e-08],
        "var": [8.71224099808e-12, 3.63627794542e-10, 1.95919780399e-10, 3.72758464096e-08, 8.73758267517e-07, 2.66380162373e-08, 5.21135001819e-09, 5.23980197613e-05, 0.000117606316053, 4.47402559445e-10, 3.34356882459e-11, 1.18233089985e-09, 4.55905148702e-12, 8.38103675002e-13, 4.98807375612e-13, 1.32278235132e-13, 1.91538977604e-13, 2.44101004058e-14, 2.08787065463e-14, 2.17632816879e-14, 1.20880156606e-14, 5.11451071991e-15, 2.81835686584e-15, 6.10101018303e-15, 2.87411026849e-15, 7.12687169073e-15, 9.76832869015e-15]
    },
    "erbbands": {
        "dmean": [0.000660620746203, 0.00398110458627, 0.011168865487, 0.0391727909446, 0.461961984634, 0.164377212524, 0.0554244816303, 0.233129039407, 0.2895578444, 0.524959802628, 22.8286342621, 9.2307767868, 0.3029088974, 0.0574482679367, 0.0425759926438, 0.178732663393, 0.0706770643592, 0.022367330268, 0.0136634446681, 0.0126189989969, 0.00767161836848, 0.00664190994576, 0.00433470960706, 0.00407002586871, 0.00391147704795, 0.00443778326735, 0.00325134722516, 0.00184446678031, 0.00135854829568, 0.00126449612435, 0.0008795792819, 0.000752372201532, 0.000721648102626, 0.00037334416993, 0.000265006528934, 0.000168803700944, 0.000104969716631, 3.29725589836e-05, 9.75084731181e-06, 2.11038513953e-06],
        "dmean2": [0.00116549443919, 0.00676378794014, 0.0191345270723, 0.0462692417204, 0.384041309357, 0.215303435922, 0.0871785283089, 0.288476169109, 0.337578773499, 0.382063627243, 19.5641326904, 8.10892295837, 0.250459909439, 0.0681175813079, 0.0640459507704, 0.242324575782, 0.0926106497645, 0.0362744517624, 0.0204689260572, 0.0191547702998, 0.0119703579694, 0.010980790481, 0.00720936758444, 0.00663047889248, 0.00637480942532, 0.00760659668595, 0.00539798242971, 0.00298816268332, 0.00224107387476, 0.00211431086063, 0.00148229906335, 0.0012626479147, 0.00124197104014, 0.000605017528869, 0.000438567076344, 0.000294028926874, 0.000182867093827, 5.58735919185e-05, 1.55336838361e-05, 2.65381868303e-06],
        "dvar": [3.63452102192e-07, 1.29302716232e-05, 0.000151610132889, 0.0192733518779, 3.88912320137, 0.381879031658, 0.0119417179376, 1.3406919241, 2.03796219826, 1.80492043495, 4455.37207031, 601.833068848, 0.560283720493, 0.130705341697, 0.0345630608499, 0.194640293717, 0.0216664299369, 0.00262735434808, 0.00149909104221, 0.000404164748034, 0.000372065172996, 0.000342124141753, 6.66197229293e-05, 5.29606440978e-05, 4.74130065413e-05, 6.31701550446e-05, 6.16411416559e-05, 8.78169885254e-06, 7.03317800799e-06, 5.55583255846e-06, 1.67355176472e-06, 1.69756333435e-06, 2.64615141532e-06, 5.05318382693e-07, 1.52956673105e-07, 9.73378604385e-08, 6.56139391708e-08, 1.53762524935e-09, 6.75533240457e-11, 1.08282601635e-11],
        "dvar2": [9.57954398473e-07, 3.43687570421e-05, 0.000346598942997, 0.0155728375539, 2.71310067177, 0.530044734478, 0.0174088384956, 1.93458592892, 2.52086210251, 0.860649764538, 5858.25292969, 686.648254395, 0.383993476629, 0.126658380032, 0.0372929573059, 0.364135295153, 0.037909924984, 0.00418577576056, 0.00149313407019, 0.000486923381686, 0.000441761076218, 0.000564191839658, 0.000135643189424, 9.62152698776e-05, 0.00010696255049, 0.00017588303308, 0.000167964521097, 1.51421299961e-05, 1.38563191285e-05, 1.27363873617e-05, 2.59942362391e-06, 3.67613733943e-06, 7.28249870008e-06, 1.22385688428e-06, 3.56505779564e-07, 2.73780614179e-07, 2.01953497481e-07, 3.79578590781e-09, 1.46524403721e-10, 1.35760768946e-11],
        "max": [0.00321197719313, 0.0235894545913, 0.0861786305904, 2.05907773972, 31.5140953064, 9.32562828064, 1.11365187168, 11.7560453415, 13.9173269272, 40.0183792114, 1191.97436523, 539.541931152, 21.9760799408, 5.39188575745, 2.4488723278, 5.98387289047, 2.20373344421, 0.584422826767, 0.511321783066, 0.272034645081, 0.252727925777, 0.272935658693, 0.0774723291397, 0.0749128013849, 0.0623415708542, 0.0693867504597, 0.0681575238705, 0.0333893597126, 0.0265787132084, 0.0205177590251, 0.0146724162623, 0.0115633681417, 0.0147351715714, 0.00573525158688, 0.00380988419056, 0.00318953068927, 0.00259611010551, 0.000401295372285, 0.00010296687833, 7.43360287743e-05],
        "mean": [0.000898398226127, 0.00530631653965, 0.0151797998697, 0.0757109373808, 0.868615329266, 0.296417713165, 0.0815934538841, 0.334372669458, 0.513527452946, 5.34808683395, 230.643707275, 114.374275208, 3.51250457764, 0.274910360575, 0.0974260419607, 0.559682369232, 0.234119564295, 0.0415461175144, 0.0306561887264, 0.0277504250407, 0.0157859716564, 0.0132193025202, 0.00896201655269, 0.00896066986024, 0.00934013631195, 0.0095122018829, 0.00770639348775, 0.00509808212519, 0.00393766909838, 0.00361779821105, 0.00295654800721, 0.00246632704511, 0.00209775171243, 0.00139754405245, 0.00100201624446, 0.000645380001515, 0.000373813702026, 0.000172519939952, 6.79281001794e-05, 2.34751641983e-05],
        "median": [0.000697720446624, 0.00434099137783, 0.00949996057898, 0.0144306579605, 0.0419576279819, 0.0376786589622, 0.0382264517248, 0.0313664488494, 0.0601060427725, 1.88036108017, 83.3000411987, 39.7367324829, 1.27016353607, 0.0952515229583, 0.0408565700054, 0.0413787439466, 0.0351834744215, 0.0288074892014, 0.0222110766917, 0.0219179987907, 0.0115192383528, 0.00830635521561, 0.00695754867047, 0.00718613853678, 0.00796446669847, 0.00798274856061, 0.00623518414795, 0.00430284067988, 0.00330532086082, 0.00318962009624, 0.00259244558401, 0.00215787161142, 0.00184633419849, 0.00124911020976, 0.000927885936107, 0.000604058499448, 0.000342501327395, 0.000172262851265, 6.7790671892e-05, 1.54428471433e-05],
        "min": [8.12582584331e-06, 6.67057538521e-05, 0.000647765467875, 0.00273083988577, 0.002803159412, 0.00340479845181, 0.00387849612162, 0.00306825642474, 0.00165906222537, 0.00352436094545, 0.0203137416393, 0.0128890024498, 0.00632463628426, 0.00400169286877, 0.00739979371428, 0.00647502113134, 0.00513064023107, 0.00450593465939, 0.00443490734324, 0.00255944393575, 0.00357524398714, 0.00284692994319, 0.0021652916912, 0.00298581714742, 0.00237007718533, 0.00373563170433, 0.00277632963844, 0.0019642142579, 0.00179305509664, 0.00136910879519, 0.00122212199494, 0.00107854336966, 0.000822126748972, 0.000598650949541, 0.000461504096165, 0.000197016488528, 9.03562031453e-05, 3.77503929485e-05, 1.05359677036e-05, 1.12563020593e-06],
        "var": [5.03743763147e-07, 1.66112349689e-05, 0.000219811438001, 0.0859365239739, 17.6533870697, 1.41788804531, 0.0162021592259, 2.25587129593, 3.4889998436, 64.8906936646, 114090.757812, 27131.2558594, 24.9818401337, 0.274310350418, 0.0456387586892, 1.60794639587, 0.232246428728, 0.00329322041944, 0.00187630509026, 0.000673141970765, 0.000446595659014, 0.000600322906394, 7.48896491132e-05, 6.68512293487e-05, 4.78873007523e-05, 5.18221058883e-05, 4.87627512484e-05, 1.07421192297e-05, 6.76395666233e-06, 5.00740225107e-06, 2.02795058613e-06, 1.69370014191e-06, 1.97076542463e-06, 4.3738509703e-07, 1.62388886338e-07, 7.33799367936e-08, 4.16087360122e-08, 1.55469948027e-09, 1.42839531869e-10, 3.79504622172e-10]
    },
    "gfcc": {
        "mean": [-245.208694458, 105.205024719, -63.9122848511, -35.9335479736, -69.1539382935, -8.88240528107, -3.86645150185, 25.5891170502, 5.00101041794, 2.17330217361, -27.9203510284, -28.7924518585, -22.2479572296],
        "cov": [[1213.52868652, 654.608642578, -275.710266113, -643.690307617, -397.907196045, -78.8808670044, 150.617584229, 96.5555953979, 80.779083252, -35.3403205872, 7.32275485992, -94.1102142334, -64.8737258911], [654.608642578, 459.608947754, -94.6448822021, -366.996673584, -226.644378662, -72.3200683594, 55.7493438721, 15.1099596024, 21.0392284393, -46.7355918884, -6.32364273071, -55.254322052, -30.7138938904], [-275.710266113, -94.6448822021, 220.315292358, 276.695526123, 131.917312622, -12.5368556976, -120.769309998, -115.977386475, -88.3429031372, -27.7772846222, -8.46793746948, 55.4112625122, 52.6471061707], [-643.690307617, -366.996673584, 276.695526123, 547.951721191, 291.894805908, 25.466709137, -186.114624023, -151.960968018, -123.267410278, -7.9512963295, 1.5967798233, 106.742301941, 83.2935256958], [-397.907196045, -226.644378662, 131.917312622, 291.894805908, 204.454544067, 54.5545005798, -72.5685348511, -70.4974365234, -51.4140014648, 13.2674303055, 18.3920860291, 59.8347930908, 36.5411262512], [-78.8808670044, -72.3200683594, -12.5368556976, 25.466709137, 54.5545005798, 70.5438919067, 52.4855117798, 36.0774269104, 28.8112201691, 32.9553794861, 18.5948524475, 1.17394411564, -14.0545120239], [150.617584229, 55.7493438721, -120.769309998, -186.114624023, -72.5685348511, 52.4855117798, 159.469406128, 147.03692627, 108.418037415, 42.9304847717, 3.4703848362, -57.52110672, -55.6130065918], [96.5555953979, 15.1099596024, -115.977386475, -151.960968018, -70.4974365234, 36.0774269104, 147.03692627, 171.212860107, 124.499671936, 44.7958641052, -11.1930065155, -59.843952179, -49.6494522095], [80.779083252, 21.0392284393, -88.3429031372, -123.267410278, -51.4140014648, 28.8112201691, 108.418037415, 124.499671936, 105.24710083, 38.760559082, -7.06587743759, -41.6470298767, -32.1278076172], [-35.3403205872, -46.7355918884, -27.7772846222, -7.9512963295, 13.2674303055, 32.9553794861, 42.9304847717, 44.7958641052, 38.760559082, 36.4306945801, 12.9366731644, -2.18363761902, -6.27019929886], [7.32275485992, -6.32364273071, -8.46793746948, 1.5967798233, 18.3920860291, 18.5948524475, 3.4703848362, -11.1930065155, -7.06587743759, 12.9366731644, 37.873210907, 27.7478713989, 8.65213012695], [-94.1102142334, -55.254322052, 55.4112625122, 106.742301941, 59.8347930908, 1.17394411564, -57.52110672, -59.843952179, -41.6470298767, -2.18363761902, 27.7478713989, 59.4956054688, 37.1940765381], [-64.8737258911, -30.7138938904, 52.6471061707, 83.2935256958, 36.5411262512, -14.0545120239, -55.6130065918, -49.6494522095, -32.1278076172, -6.27019929886, 8.65213012695, 37.1940765381, 40.0582542419]],
        "icov": [[0.00758962985128, -0.0114075196907, 0.00800116360188, -0.00673321308568, 0.00970255490392, -0.00729373609647, 0.000805582501926, -0.000528413744178, 0.00133608258329, -0.00135355221573, -0.00109655130655, -0.000398848234909, -0.00244975602254], [-0.0114075196907, 0.0298617221415, -0.0217750091106, 0.02132971026, -0.0113374460489, 0.0119040720165, -0.00366106792353, 0.00672553805634, -0.00829143077135, 0.016057766974, -0.00638013985008, 0.00367025076412, 0.000294100958854], [0.00800116360188, -0.0217750091106, 0.0358083732426, -0.0306852702051, 0.0114508140832, -0.00143846916035, -0.0161476414651, 0.0151400342584, -0.00381964608096, -0.00100552663207, 0.00512074772269, 0.00207573082298, -0.00785236619413], [-0.00673321308568, 0.02132971026, -0.0306852702051, 0.0518255606294, -0.0352131389081, 0.00168065389153, 0.0278838779777, -0.034802518785, 0.0275121107697, -0.00771744176745, 0.0205410942435, -0.0183918364346, -0.000198397727218], [0.00970255490392, -0.0113374460489, 0.0114508140832, -0.0352131389081, 0.064464636147, -0.0392371602356, 0.00204669544473, 0.0216050241143, -0.0245977379382, 0.0139355119318, -0.0235228165984, 0.0122444527224, -0.00159673893359], [-0.00729373609647, 0.0119040720165, -0.00143846916035, 0.00168065389153, -0.0392371602356, 0.0936773866415, -0.0646727606654, 0.0364558547735, -0.00656747585163, -0.0220094062388, -0.00017180031864, -0.00634598918259, 0.0169861800969], [0.000805582501926, -0.00366106792353, -0.0161476414651, 0.0278838779777, 0.00204669544473, -0.0646727606654, 0.126102715731, -0.0855873972178, 0.0190469175577, -0.00741268740967, -0.01500744652, 0.00782672688365, 0.0162623599172], [-0.000528413744178, 0.00672553805634, 0.0151400342584, -0.034802518785, 0.0216050241143, 0.0364558547735, -0.0855873972178, 0.125374794006, -0.0877689793706, 0.0180244632065, -0.0127218030393, 0.0150582501665, 0.00761723099276], [0.00133608258329, -0.00829143077135, -0.00381964608096, 0.0275121107697, -0.0245977379382, -0.00656747585163, 0.0190469175577, -0.0877689793706, 0.123090721667, -0.0584355071187, 0.0486118495464, -0.0246517639607, -0.0166216790676], [-0.00135355221573, 0.016057766974, -0.00100552663207, -0.00771744176745, 0.0139355119318, -0.0220094062388, -0.00741268740967, 0.0180244632065, -0.0584355071187, 0.126121550798, -0.057856541127, 0.0306225344539, -0.0239586662501], [-0.00109655130655, -0.00638013985008, 0.00512074772269, 0.0205410942435, -0.0235228165984, -0.00017180031864, -0.01500744652, -0.0127218030393, 0.0486118495464, -0.057856541127, 0.12459538132, -0.0868515074253, 0.0123478425667], [-0.000398848234909, 0.00367025076412, 0.00207573082298, -0.0183918364346, 0.0122444527224, -0.00634598918259, 0.00782672688365, 0.0150582501665, -0.0246517639607, 0.0306225344539, -0.0868515074253, 0.11808296293, -0.0520430952311], [-0.00244975602254, 0.000294100958854, -0.00785236619413, -0.000198397727218, -0.00159673893359, 0.0169861800969, 0.0162623599172, 0.00761723099276, -0.0166216790676, -0.0239586662501, 0.0123478425667, -0.0520430952311, 0.0999624952674]]
    },
    "melbands": {
        "dmean": [5.4565462051e-06, 5.25861150891e-06, 1.91501221707e-05, 2.68675448751e-05, 1.5799588482e-06, 5.51209495825e-06, 4.01316538046e-06, 4.88885507366e-06, 0.000229637356824, 4.38174392912e-05, 6.6571607249e-07, 2.10667707279e-07, 1.53124972258e-07, 2.23964434554e-07, 6.12234089203e-07, 5.49114709258e-08, 4.15062082482e-08, 2.35965753603e-08, 2.25137899434e-08, 1.58544519735e-08, 8.57366622142e-09, 8.42173886184e-09, 4.47543735405e-09, 3.75030451139e-09, 3.42903994088e-09, 3.3768872143e-09, 2.76806710886e-09, 3.24497673176e-09, 2.58471222203e-09, 1.56329349466e-09, 9.73682801053e-10, 9.3679275448e-10, 7.33393457075e-10, 7.95238375151e-10, 5.93295301776e-10, 4.82368922583e-10, 5.25382237715e-10, 5.74596703551e-10, 4.87702433993e-10, 3.15349690805e-10],
        "dmean2": [9.39730853133e-06, 8.96183883015e-06, 1.66200570675e-05, 2.55648992606e-05, 2.47724392466e-06, 6.71115503792e-06, 4.78945685245e-06, 4.51640335086e-06, 0.000197875226149, 3.8733407564e-05, 6.93901199611e-07, 2.75516384818e-07, 2.32126026845e-07, 3.01785320289e-07, 8.37931224851e-07, 9.26825123315e-08, 6.75714844078e-08, 3.5265610876e-08, 3.40978125735e-08, 2.50131506618e-08, 1.38300908503e-08, 1.36182460864e-08, 7.68091901193e-09, 6.21483797758e-09, 5.61180302228e-09, 5.56028689758e-09, 4.51531478873e-09, 5.66063151908e-09, 4.43734693434e-09, 2.58837373757e-09, 1.5869652259e-09, 1.55121937517e-09, 1.20666632242e-09, 1.37051114901e-09, 9.89133996931e-10, 7.86026355115e-10, 8.93360718734e-10, 9.82230297097e-10, 8.36798852433e-10, 5.05761044156e-10],
        "dvar": [2.33973587033e-11, 2.53378984461e-11, 6.56502763263e-09, 1.19437215673e-08, 1.08217228581e-11, 7.7094319817e-10, 4.06637917783e-10, 1.46529521849e-09, 4.70337056413e-07, 1.2934108895e-08, 2.90168895856e-11, 2.57320228493e-12, 5.11287247349e-13, 2.52525485332e-13, 2.2409706469e-12, 2.69948536316e-14, 8.06953465773e-15, 4.39283187259e-15, 1.37546302761e-15, 6.30947695569e-16, 5.34508282904e-16, 6.0938244849e-16, 6.82671100749e-17, 4.48344465149e-17, 3.54590027812e-17, 3.28623935029e-17, 1.02412561624e-17, 4.03656727388e-17, 4.15972652615e-17, 5.51590419512e-18, 2.51538924114e-18, 2.59672384282e-18, 1.58430574807e-18, 1.87994185675e-18, 6.22445501032e-19, 3.67818163683e-19, 8.21461899388e-19, 1.32581739011e-18, 1.03489745169e-18, 2.68716110186e-19],
        "dvar2": [6.28041299522e-11, 6.29833685206e-11, 4.25214885524e-09, 1.09633928602e-08, 1.57396561062e-11, 1.04876507478e-09, 4.91789831081e-10, 1.25005139573e-09, 6.036538025e-07, 1.3973610713e-08, 2.87569638241e-11, 2.59155674351e-12, 5.48864610445e-13, 4.18481628474e-13, 3.96488527774e-12, 4.97844461782e-14, 1.22132316942e-14, 4.53816239755e-15, 1.87779199945e-15, 1.07908545821e-15, 5.74027293272e-16, 9.91127651142e-16, 1.6524465336e-16, 8.41467345221e-17, 6.39254507978e-17, 6.89545501035e-17, 2.44133970184e-17, 1.15269550653e-16, 1.16852959634e-16, 1.18740312822e-17, 3.70603260126e-18, 5.43946236676e-18, 3.08598545872e-18, 4.55136114286e-18, 1.00459730886e-18, 5.75650084322e-19, 1.9664957613e-18, 3.66567735431e-18, 2.88804878956e-18, 6.1552432575e-19],
        "max": [2.78157440334e-05, 2.7534460969e-05, 0.0012648969423, 0.00173521204852, 3.60298508895e-05, 0.000284274487058, 0.000190496793948, 0.000573248136789, 0.0119262291119, 0.00266705290414, 6.5766791522e-05, 1.99263940885e-05, 8.87839541974e-06, 5.79050174565e-06, 2.07042485272e-05, 1.68150904756e-06, 1.00157080851e-06, 8.47687715577e-07, 5.1221979902e-07, 2.79754630128e-07, 3.01807062897e-07, 3.72548726091e-07, 6.14907520458e-08, 6.64224373281e-08, 6.00755072355e-08, 5.14698328402e-08, 3.11184074064e-08, 5.53673160653e-08, 5.38492521684e-08, 2.10752411078e-08, 1.9228243886e-08, 1.56770916249e-08, 1.20482175348e-08, 1.18112648551e-08, 8.82573925054e-09, 7.08099845426e-09, 7.98789390188e-09, 9.96882221216e-09, 9.09912500902e-09, 4.26295976297e-09],
        "mean": [7.55167866373e-06, 7.38595690564e-06, 3.75890449504e-05, 4.93906263728e-05, 2.22432731789e-06, 7.95308096713e-06, 5.56734266866e-06, 1.53541113832e-05, 0.00237856106833, 0.00057286338415, 8.92528703389e-07, 2.8876701208e-07, 2.09307131627e-07, 6.0976833538e-07, 1.95437655748e-06, 8.03099595714e-08, 6.53578595688e-08, 4.57562876477e-08, 4.87810147831e-08, 2.65806789912e-08, 1.63346083326e-08, 1.5291693245e-08, 8.39642666506e-09, 7.47760608988e-09, 7.11967507172e-09, 7.02793645502e-09, 6.34273833455e-09, 6.29459950829e-09, 5.22108889456e-09, 3.64061403246e-09, 2.64354804713e-09, 2.29238050764e-09, 1.93215488054e-09, 2.04712602425e-09, 1.73028491535e-09, 1.51767443057e-09, 1.4809427018e-09, 1.47629408698e-09, 1.32013677767e-09, 1.11839493222e-09],
        "median": [5.93988215769e-06, 5.6717562984e-06, 3.6369353893e-06, 3.28555370288e-06, 1.20650815916e-06, 5.41833344414e-07, 2.22294303853e-07, 4.22971334046e-06, 0.000854061567225, 0.000197203626158, 9.94486697437e-08, 9.57682573244e-08, 9.53251486635e-08, 1.00015853377e-07, 9.5335714434e-08, 4.98851342456e-08, 4.33319478077e-08, 3.20645732188e-08, 3.29762315232e-08, 1.85873751946e-08, 1.17947749345e-08, 8.4933660105e-09, 6.84555656605e-09, 5.32195132408e-09, 5.61441648728e-09, 5.90623994157e-09, 5.51511725178e-09, 5.08969932866e-09, 4.29914015498e-09, 2.96431834634e-09, 2.23919927045e-09, 1.93076155064e-09, 1.60501367752e-09, 1.82071624444e-09, 1.51181644981e-09, 1.40017719641e-09, 1.28644050967e-09, 1.26011368007e-09, 1.16726739385e-09, 1.04187269923e-09],
        "min": [7.28473139588e-08, 2.23076227712e-07, 7.10601284482e-07, 2.41388590894e-07, 2.06251556278e-07, 5.77358463261e-08, 1.53395163238e-08, 1.76752514847e-08, 1.83429946787e-07, 7.54226405775e-08, 1.37769680109e-08, 1.19778098551e-08, 2.36441035639e-08, 1.53660693059e-08, 1.07306545871e-08, 7.85083109633e-09, 6.78128841969e-09, 6.62607790858e-09, 4.53277237966e-09, 3.11911096951e-09, 2.83859469263e-09, 2.61857358019e-09, 1.8492869458e-09, 1.46806466983e-09, 1.32754940374e-09, 1.5872057002e-09, 1.54893087245e-09, 2.52642440302e-09, 1.75229897259e-09, 1.33023370097e-09, 1.01344332926e-09, 8.55561010926e-10, 5.39897238028e-10, 6.51787068762e-10, 6.24310991792e-10, 5.65861246749e-10, 6.33175345488e-10, 5.36332589451e-10, 5.43980194223e-10, 4.23360818624e-10],
        "var": [3.22473853176e-11, 3.2479175599e-11, 3.0272946816e-08, 5.14415852138e-08, 1.19347361854e-11, 1.34393829399e-09, 6.8611116788e-10, 2.41993891592e-09, 1.20659151435e-05, 6.75644514558e-07, 3.08609006405e-11, 2.5974396245e-12, 5.27571801349e-13, 1.57465631246e-12, 2.02714841441e-11, 2.52754207944e-14, 8.79253741755e-15, 5.01128832035e-15, 2.76917559182e-15, 7.26033867223e-16, 6.1818576779e-16, 1.11705910991e-15, 6.51917253493e-17, 5.34951896557e-17, 4.60377031386e-17, 3.12113211479e-17, 1.48203584615e-17, 3.00865474207e-17, 3.03477644407e-17, 6.74890871518e-18, 3.08038813431e-18, 2.4434350744e-18, 1.73494391961e-18, 1.60468747836e-18, 7.83284670685e-19, 4.83593929433e-19, 7.52602267019e-19, 1.04250399781e-18, 7.43791449327e-19, 2.54979431946e-19]
    },
    "mfcc": {
        "mean": [-930.760559082, 162.19152832, 30.9848594666, 0.206905737519, -17.1667366028, -13.6020479202, -5.09761238098, 2.06471657753, 17.9723758698, 28.3303050995, 18.8637523651, 7.0292506218, -8.70683383942],
        "cov": [[967.696472168, 499.05291748, -92.9899978638, -296.79083252, -291.896850586, -161.875457764, -71.5223007202, 6.14777421951, 9.49959754944, 23.1525859833, 92.1508560181, 109.579048157, -21.4679737091], [499.05291748, 388.687103271, 1.763245821, -171.381347656, -164.622894287, -99.4392242432, -54.013343811, -11.9440155029, -12.5093078613, -1.93311357498, 29.8098602295, 42.0859336853, -11.1657552719], [-92.9899978638, 1.763245821, 113.042785645, 100.696533203, 65.8219299316, 29.4174537659, -10.2668066025, -30.3787689209, -41.0559234619, -52.1676750183, -77.5062408447, -66.6837387085, -4.07074403763], [-296.79083252, -171.381347656, 100.696533203, 201.207550049, 157.929977417, 72.8671112061, 9.24891853333, -27.9685707092, -40.7115135193, -60.5978507996, -99.9800949097, -96.5173950195, -2.21717858315], [-291.896850586, -164.622894287, 65.8219299316, 157.929977417, 157.109268188, 85.2929840088, 19.936548233, -19.0620498657, -33.0275192261, -51.232711792, -81.4422912598, -71.928276062, 6.31138801575], [-161.875457764, -99.4392242432, 29.4174537659, 72.8671112061, 85.2929840088, 78.3514785767, 33.156578064, -2.62848114967, -14.6120882034, -25.1851940155, -37.3637504578, -25.8621749878, 9.83527088165], [-71.5223007202, -54.013343811, -10.2668066025, 9.24891853333, 19.936548233, 33.156578064, 46.5507392883, 24.1836948395, 10.5659980774, 12.2979898453, 13.3108644485, 16.4460601807, 10.4451494217], [6.14777421951, -11.9440155029, -30.3787689209, -27.9685707092, -19.0620498657, -2.62848114967, 24.1836948395, 46.5948181152, 38.6868743896, 38.1077270508, 46.6129760742, 37.8002815247, 5.74784612656], [9.49959754944, -12.5093078613, -41.0559234619, -40.7115135193, -33.0275192261, -14.6120882034, 10.5659980774, 38.6868743896, 65.8625793457, 65.8611755371, 62.9988746643, 42.5932731628, -0.658752501011], [23.1525859833, -1.93311357498, -52.1676750183, -60.5978507996, -51.232711792, -25.1851940155, 12.2979898453, 38.1077270508, 65.8611755371, 98.9985809326, 91.4915618896, 52.4073219299, -2.32131052017], [92.1508560181, 29.8098602295, -77.5062408447, -99.9800949097, -81.4422912598, -37.3637504578, 13.3108644485, 46.6129760742, 62.9988746643, 91.4915618896, 121.273033142, 81.5198059082, 0.344316035509], [109.579048157, 42.0859336853, -66.6837387085, -96.5173950195, -71.928276062, -25.8621749878, 16.4460601807, 37.8002815247, 42.5932731628, 52.4073219299, 81.5198059082, 91.9212646484, 17.3064289093], [-21.4679737091, -11.1657552719, -4.07074403763, -2.21717858315, 6.31138801575, 9.83527088165, 10.4451494217, 5.74784612656, -0.658752501011, -2.32131052017, 0.344316035509, 17.3064289093, 30.3314361572]],
