{
"lowlevel": {
    "average_loudness": 0.98400837183,
    "barkbands_crest": {
        "dmean": 2.37669587135,
        "dmean2": 4.10660028458,
        "dvar": 4.88600873947,
        "dvar2": 15.2303924561,
        "max": 21.2209300995,
        "mean": 14.1289987564,
        "median": 14.3131456375,
        "min": 6.56326198578,
        "var": 9.52550601959
    },
    "barkbands_flatness_db": {
        "dmean": 0.0319241806865,
        "dmean2": 0.0425268895924,
        "dvar": 0.00118582160212,
        "dvar2": 0.00234484882094,
        "max": 0.494294166565,
        "mean": 0.311692744493,
        "median": 0.291650205851,
        "min": 0.117490850389,
        "var": 0.0115462783724
    },
    "barkbands_kurtosis": {
        "dmean": 11.3246183395,
        "dmean2": 20.9668769836,
        "dvar": 259.080993652,
        "dvar2": 914.568664551,
        "max": 99.2492370605,
        "mean": 23.4524536133,
        "median": 17.7790298462,
        "min": -1.39728713036,
        "var": 436.536804199
    },
    "barkbands_skewness": {
        "dmean": 1.06598615646,
        "dmean2": 1.9021499157,
        "dvar": 1.07164788246,
        "dvar2": 3.37766575813,
        "max": 8.37917900085,
        "mean": 0.688512206078,
        "median": 0.353110641241,
        "min": -3.61978793144,
        "var": 5.73592090607
    },
    "barkbands_spread": {
        "dmean": 1.5418857336,
        "dmean2": 2.53637290001,
        "dvar": 3.93891453743,
        "dvar2": 12.9208545685,
        "max": 13.6684999466,
        "mean": 4.43603420258,
        "median": 4.45516490936,
        "min": 0.300531834364,
        "var": 11.2581729889
    },
    "dissonance": {
        "dmean": 0.0560641624033,
        "dmean2": 0.0985472798347,
        "dvar": 0.00312618096359,
        "dvar2": 0.00865328684449,
        "max": 0.468577593565,
        "mean": 0.288645744324,
        "median": 0.3023237288,
        "min": 0.0833427235484,
        "var": 0.00999581441283
    },
    "dynamic_complexity": 9.74099063873,
    "erbbands_crest": {
        "dmean": 2.30886936188,
        "dmean2": 3.75002479553,
        "dvar": 9.8716545105,
        "dvar2": 22.1602630615,
        "max": 32.821762085,
        "mean": 22.1599903107,
        "median": 24.7737541199,
        "min": 4.27060461044,
        "var": 60.323600769
    },
    "erbbands_flatness_db": {
        "dmean": 0.0270546935499,
        "dmean2": 0.0321011319757,
        "dvar": 0.00108392909169,
        "dvar2": 0.00138589006383,
        "max": 0.532002329826,
        "mean": 0.320982724428,
        "median": 0.318431973457,
        "min": 0.0805975496769,
        "var": 0.0192194469273
    },
    "erbbands_kurtosis": {
        "dmean": 9.93389797211,
        "dmean2": 15.0000762939,
        "dvar": 181.43850708,
        "dvar2": 365.091125488,
        "max": 128.626281738,
        "mean": 38.6282539368,
        "median": 36.6311302185,
        "min": -1.58969259262,
        "var": 1420.60925293
    },
    "erbbands_skewness": {
        "dmean": 0.855632662773,
        "dmean2": 1.44126188755,
        "dvar": 0.828666329384,
        "dvar2": 2.35406708717,
        "max": 8.21567821503,
        "mean": 2.70532417297,
        "median": 2.40753412247,
        "min": -0.673520684242,
        "var": 4.60624694824
    },
    "erbbands_spread": {
        "dmean": 2.12981200218,
        "dmean2": 3.29403829575,
        "dvar": 16.6998462677,
        "dvar2": 30.8532371521,
        "max": 47.1620788574,
        "mean": 9.36893081665,
        "median": 5.27693223953,
        "min": 0.3199172616,
        "var": 159.61932373
    },
    "hfc": {
        "dmean": 3.18202924728,
        "dmean2": 4.14572477341,
        "dvar": 25.6105899811,
        "dvar2": 41.4825172424,
        "max": 42.8791351318,
        "mean": 14.485370636,
        "median": 7.62721633911,
        "min": 0.0340925008059,
        "var": 233.309494019
    },
    "melbands_crest": {
        "dmean": 3.30132937431,
        "dmean2": 5.40545892715,
        "dvar": 12.6467609406,
        "dvar2": 37.6971206665,
        "max": 33.3663063049,
        "mean": 21.0146179199,
        "median": 18.4838943481,
        "min": 7.74293470383,
        "var": 65.8095092773
    },
    "melbands_flatness_db": {
        "dmean": 0.0355069115758,
        "dmean2": 0.0501702725887,
        "dvar": 0.00137900246773,
        "dvar2": 0.00306429504417,
        "max": 0.595382332802,
        "mean": 0.409410208464,
        "median": 0.387344866991,
        "min": 0.173589468002,
        "var": 0.00929539930075
    },
    "melbands_kurtosis": {
        "dmean": 14.3360967636,
        "dmean2": 24.4631347656,
        "dvar": 430.474060059,
        "dvar2": 1507.57739258,
        "max": 131.516265869,
        "mean": 25.8274364471,
        "median": 9.61515235901,
        "min": -1.21001243591,
        "var": 1047.96472168
    },
    "melbands_skewness": {
        "dmean": 1.02608215809,
        "dmean2": 1.6611430645,
        "dvar": 0.97163194418,
        "dvar2": 3.17743468285,
        "max": 7.4694018364,
        "mean": -0.434914559126,
        "median": 0.0964897722006,
        "min": -5.98137760162,
        "var": 8.28979301453
    },
    "melbands_spread": {
        "dmean": 1.76230311394,
        "dmean2": 2.97873139381,
        "dvar": 3.20541787148,
        "dvar2": 8.9083776474,
        "max": 15.6994276047,
        "mean": 5.4726099968,
        "median": 5.89743852615,
        "min": 0.280238628387,
        "var": 15.164150238
    },
    "pitch_salience": {
        "dmean": 0.0786617472768,
        "dmean2": 0.1267503649,
        "dvar": 0.00803159642965,
        "dvar2": 0.0205401964486,
        "max": 0.818511486053,
        "mean": 0.352574974298,
        "median": 0.405087411404,
        "min": 0.0331631749868,
        "var": 0.0428910106421
    },
    "silence_rate_20dB": {
        "dmean": 0,
        "dmean2": 0,
        "dvar": 0,
        "dvar2": 0,
        "max": 1,
        "mean": 1,
        "median": 1,
        "min": 1,
        "var": 0
    },
    "silence_rate_30dB": {
        "dmean": 0,
        "dmean2": 0,
        "dvar": 0,
        "dvar2": 0,
        "max": 1,
        "mean": 1,
        "median": 1,
        "min": 1,
        "var": 0
    },
    "silence_rate_60dB": {
        "dmean": 0.0416666679084,
        "dmean2": 0.0840336158872,
        "dvar": 0.0399305820465,
        "dvar2": 0.0937787294388,
        "max": 1,
        "mean": 0.42975205183,
        "median": 0,
        "min": 0,
        "var": 0.245065078139
    },
    "spectral_centroid": {
        "dmean": 47.8560180664,
        "dmean2": 81.2323226929,
        "dvar": 5156.44677734,
        "dvar2": 14513.5771484,
        "max": 1012.15771484,
        "mean": 602.324279785,
        "median": 612.872558594,
        "min": 242.733108521,
        "var": 30402.5917969
    },
    "spectral_complexity": {
        "dmean": 1.0583332777,
        "dmean2": 1.66386556625,
        "dvar": 1.15493035316,
        "dvar2": 2.12230753899,
        "max": 13,
        "mean": 3.15702486038,
        "median": 2,
        "min": 0,
        "var": 7.22327613831
    },
    "spectral_decrease": {
        "dmean": 1.25444943322e-09,
        "dmean2": 1.62732693987e-09,
        "dvar": 3.64821433081e-18,
        "dvar2": 6.30762936508e-18,
        "max": -1.9855093264e-11,
        "mean": -5.17129450373e-09,
        "median": -3.43299366712e-09,
        "min": -1.74678316256e-08,
        "var": 2.95521788189e-17
    },
    "spectral_energy": {
        "dmean": 0.00502032972872,
        "dmean2": 0.00650490680709,
        "dvar": 5.84981244174e-05,
        "dvar2": 0.000100948876934,
        "max": 0.0698163881898,
        "mean": 0.0208314247429,
        "median": 0.0137133235112,
        "min": 7.80527261668e-05,
        "var": 0.000477383786347
    },
    "spectral_energyband_high": {
        "dmean": 4.55849431091e-06,
        "dmean2": 5.93657205172e-06,
        "dvar": 2.16271223152e-10,
        "dvar2": 3.88035242826e-10,
        "max": 0.00017326042871,
        "mean": 7.20371099305e-06,
        "median": 1.59015462486e-06,
        "min": 7.8695211414e-07,
        "var": 4.71243155609e-10
    },
    "spectral_energyband_low": {
        "dmean": 0.000119933712995,
        "dmean2": 0.000209522200748,
        "dvar": 2.15957154381e-08,
        "dvar2": 5.30426618184e-08,
        "max": 0.00140785099939,
        "mean": 0.000163860444445,
        "median": 0.000119038741104,
        "min": 1.17442759802e-05,
        "var": 2.88165953322e-08
    },
    "spectral_energyband_middle_high": {
        "dmean": 0.000474771746667,
        "dmean2": 0.000579679210205,
        "dvar": 1.66037568761e-06,
        "dvar2": 2.06815639103e-06,
        "max": 0.0202795825899,
        "mean": 0.00269983825274,
        "median": 3.12657866743e-05,
        "min": 7.86398629771e-07,
        "var": 3.22514788422e-05
    },
    "spectral_energyband_middle_low": {
        "dmean": 0.00485065160319,
        "dmean2": 0.00633640261367,
        "dvar": 5.49307078472e-05,
        "dvar2": 9.49499153649e-05,
        "max": 0.0696942284703,
        "mean": 0.0180015191436,
        "median": 0.0101460786536,
        "min": 3.59612968168e-05,
        "var": 0.000429149658885
    },
    "spectral_entropy": {
        "dmean": 0.302110493183,
        "dmean2": 0.363932788372,
        "dvar": 0.120709940791,
        "dvar2": 0.17471756041,
        "max": 8.44578266144,
        "mean": 5.63298749924,
        "median": 5.63178920746,
        "min": 3.54220843315,
        "var": 1.44533884525
    },
    "spectral_flux": {
        "dmean": 0.0119734816253,
        "dmean2": 0.0183444116265,
        "dvar": 0.000363217346603,
        "dvar2": 0.000567169918213,
        "max": 0.171324655414,
        "mean": 0.0292412359267,
        "median": 0.0167559236288,
        "min": 0.00373095087707,
        "var": 0.000963556754868
    },
    "spectral_kurtosis": {
        "dmean": 10.5249195099,
        "dmean2": 16.2819099426,
        "dvar": 273.636688232,
        "dvar2": 704.403930664,
        "max": 131.55255127,
        "mean": 33.4491233826,
        "median": 22.3338470459,
        "min": 1.90224790573,
        "var": 888.27746582
    },
    "spectral_rms": {
        "dmean": 0.0005541863502,
        "dmean2": 0.000673939182889,
        "dvar": 6.43372175091e-07,
        "dvar2": 9.47361286308e-07,
        "max": 0.00825309380889,
        "mean": 0.00350963673554,
        "median": 0.00365771143697,
        "min": 0.000275951082585,
        "var": 8.00579346105e-06
    },
    "spectral_rolloff": {
        "dmean": 48.4497070312,
        "dmean2": 89.3899383545,
        "dvar": 12065.3095703,
        "dvar2": 33872.9960938,
        "max": 1335.05859375,
        "mean": 674.113220215,
        "median": 624.462890625,
        "min": 129.19921875,
        "var": 112147.78125
    },
    "spectral_skewness": {
        "dmean": 0.702065706253,
        "dmean2": 1.06032717228,
        "dvar": 0.792742848396,
        "dvar2": 1.86279428005,
        "max": 9.47335720062,
        "mean": 4.33980321884,
        "median": 3.93512654305,
        "min": 1.71553039551,
        "var": 4.18077421188
    },
    "spectral_spread": {
        "dmean": 773127.5625,
        "dmean2": 992452.6875,
        "dvar": 3.11199347507e+12,
        "dvar2": 1.95524650598e+12,
        "max": 29193880,
        "mean": 3987743,
        "median": 3020495,
        "min": 812140.5625,
        "var": 1.06521564283e+13
    },
    "spectral_strongpeak": {
        "dmean": 0.56712603569,
        "dmean2": 0.837253332138,
        "dvar": 0.837123036385,
        "dvar2": 1.71554470062,
        "max": 7.31577301025,
        "mean": 2.55872797966,
        "median": 2.09596157074,
        "min": 0.00692215654999,
        "var": 5.93219280243
    },
    "zerocrossingrate": {
        "dmean": 0.00410970067605,
        "dmean2": 0.00551060261205,
        "dvar": 2.91529413516e-05,
        "dvar2": 5.31499063072e-05,
        "max": 0.06640625,
        "mean": 0.0372667536139,
        "median": 0.03369140625,
        "min": 0.0078125,
        "var": 0.000142579097883
    },
    "barkbands": {
        "dmean": [1.11665713121e-06, 5.28609452886e-05, 6.21446306468e-05, 8.66763948579e-05, 0.000395126029616, 8.73375684023e-05, 0.000328348367475, 0.00174353236798, 0.00308933015913, 6.55673429719e-05, 3.93486807297e-05, 1.19067890409e-05, 0.00041896555922, 9.42373787893e-07, 1.80986698979e-05, 6.70224608257e-07, 1.04259925138e-06, 2.6940753628e-07, 1.2973197272e-06, 9.56058329393e-07, 1.03223271708e-06, 5.62337959309e-07, 5.75106298584e-07, 5.73860575059e-07, 1.0506205399e-06, 8.43811790219e-07, 1.65592965118e-07],
        "dmean2": [2.07186735679e-06, 9.40520767472e-05, 0.000113751528261, 0.000142198085086, 0.000579340034164, 0.000136126051075, 0.000516403582878, 0.00214349129237, 0.00411648442969, 0.000111021312478, 5.09683850396e-05, 1.80734296009e-05, 0.000505179690663, 1.77062383955e-06, 2.61881814367e-05, 1.12637349048e-06, 1.54535848651e-06, 4.99902739648e-07, 1.70613031969e-06, 1.27927569338e-06, 1.44616285525e-06, 9.34479032821e-07, 9.4517645266e-07, 7.4909723935e-07, 1.22267317693e-06, 1.55140457991e-06, 2.77609814248e-07],
        "dvar": [1.43507796792e-12, 2.82380496763e-09, 4.10056744116e-09, 8.25330346288e-08, 2.10164648706e-06, 9.90630368847e-08, 1.62902517786e-06, 1.0537698472e-05, 2.46171603067e-05, 5.33845181394e-08, 1.81693682322e-08, 8.59689763821e-10, 1.69440693298e-06, 8.55635094027e-12, 2.21398810396e-09, 7.29292928131e-12, 5.76295391616e-12, 5.99994934378e-13, 9.24259366958e-12, 4.0440303016e-12, 1.48123180388e-11, 6.65071600223e-12, 5.24872333096e-12, 3.87326585735e-12, 1.34223240161e-11, 1.00944244283e-11, 1.71068373226e-13],
        "dvar2": [4.13173618583e-12, 8.29701818361e-09, 9.66971835936e-09, 1.72378776142e-07, 4.60201044916e-06, 2.45293676926e-07, 2.86661679638e-06, 1.83222655323e-05, 4.41816300736e-05, 1.61409474231e-07, 3.24912612371e-08, 2.18911222483e-09, 2.19925800593e-06, 1.95665462999e-11, 4.6537516063e-09, 1.92278241939e-11, 1.05222419319e-11, 1.41074847117e-12, 1.44191559734e-11, 6.45471219876e-12, 2.66991515702e-11, 1.11210042911e-11, 1.32022240362e-11, 5.82730825399e-12, 2.24257938608e-11, 2.76291906021e-11, 3.84195279757e-13],
        "max": [6.2406629695e-06, 0.000315369426971, 0.000551223405637, 0.0019363128813, 0.0149160027504, 0.00265948940068, 0.0132868085057, 0.0338231623173, 0.0388202220201, 0.00197458523326, 0.00134962343145, 0.000247480376856, 0.0193407274783, 2.72337529168e-05, 0.00053207424935, 2.81107058981e-05, 2.55433169514e-05, 6.87873080096e-06, 3.05806861434e-05, 3.08272756229e-05, 4.43019525846e-05, 2.46112686e-05, 2.18922286876e-05, 2.33748469327e-05, 4.53103457403e-05, 1.84339951375e-05, 3.18947104461e-06],
        "mean": [1.48081778661e-06, 7.37210575608e-05, 6.60748410155e-05, 8.29715500004e-05, 0.000445560261142, 7.56974113756e-05, 0.00074193906039, 0.00559807522222, 0.0110101159662, 6.32664159639e-05, 5.6330114603e-05, 2.51333167398e-05, 0.00253894808702, 1.52764357608e-06, 3.43803658325e-05, 9.22787592117e-07, 2.57484680333e-06, 4.27493290545e-07, 2.57403553405e-06, 2.61504828813e-06, 1.8983944301e-06, 7.55393216423e-07, 7.06798743977e-07, 8.45195870625e-07, 1.49808363403e-06, 7.87939541169e-07, 5.23477069692e-07],
        "median": [1.0701589872e-06, 5.16266154591e-05, 3.86525134672e-05, 1.07161995402e-05, 3.55800293619e-05, 6.37495486444e-06, 3.99267228204e-05, 0.000150423438754, 0.00300844898447, 3.2755299344e-06, 7.52156438466e-07, 2.73014120467e-06, 1.43065483371e-06, 3.92412403016e-07, 8.47205171794e-07, 1.41286690791e-07, 5.38453832633e-07, 1.19069788695e-07, 2.16255585883e-07, 2.37898959199e-07, 2.14131773646e-07, 1.18922500292e-07, 1.13252802691e-07, 1.14105084492e-07, 1.34159023446e-07, 1.88819811342e-07, 4.42837347236e-07],
        "min": [9.26861876138e-09, 3.08623748424e-06, 3.12557676807e-06, 7.84014275723e-08, 9.88764327303e-07, 3.26442233245e-07, 9.53982976171e-07, 5.60356795631e-07, 3.47559883096e-08, 5.1108113297e-08, 1.01233403882e-07, 4.7522558333e-08, 4.20289225644e-08, 3.15088080072e-08, 3.85139600212e-08, 3.53201805581e-08, 3.17859161214e-08, 2.85486159157e-08, 4.14198666476e-08, 6.40358877035e-08, 5.18875609146e-08, 5.03911330441e-08, 3.64105616768e-08, 4.2701138625e-08, 5.25326662171e-08, 2.77749112598e-08, 4.19415826514e-08],
        "var": [1.97068967048e-12, 3.43074235687e-09, 6.42661079908e-09, 8.85476438839e-08, 2.60541560237e-06, 8.71969803029e-08, 5.00073065268e-06, 8.21973007987e-05, 0.000161489224411, 5.5408328592e-08, 3.57197720291e-08, 2.14159889822e-09, 3.05837456835e-05, 1.42839611667e-11, 9.30051413661e-09, 8.45606137195e-12, 2.20790608019e-11, 9.28834483285e-13, 3.16834058989e-11, 3.77509828953e-11, 3.83622508759e-11, 9.65162325062e-12, 5.78609425997e-12, 9.05180617961e-12, 3.29791159659e-11, 7.12852433332e-12, 2.25596329269e-13]
    },
    "erbbands": {
        "dmean": [0.00101627688855, 0.0141337253153, 0.0639875680208, 0.171469166875, 0.893014073372, 1.477404356, 1.38354671001, 0.422808855772, 1.62445783615, 8.19111347198, 74.1825790405, 56.5352172852, 4.33440732956, 1.04792463779, 0.978785812855, 3.80459070206, 19.3366146088, 0.785273790359, 0.264898657799, 1.04171490669, 0.0841910019517, 0.0561203099787, 0.0206085834652, 0.0759048014879, 0.0229531526566, 0.050725325942, 0.0610672645271, 0.0189538206905, 0.0248841103166, 0.0266962815076, 0.0110938018188, 0.00868398882449, 0.0113146360964, 0.00997487828135, 0.00881007406861, 0.00400854554027, 0.00179344613571, 0.000178175920155, 2.38662105403e-05, 6.45663340038e-06],
        "dmean2": [0.00183164083865, 0.0250072460622, 0.117199994624, 0.290770679712, 1.4961669445, 2.06554174423, 2.36442995071, 0.623122692108, 2.74897885323, 12.6051168442, 98.1323928833, 74.6734924316, 7.09461355209, 1.49776685238, 1.22759342194, 4.42741441727, 23.2081794739, 1.0012793541, 0.443071812391, 1.44827830791, 0.123839594424, 0.0839631929994, 0.0290735848248, 0.0998333245516, 0.0311584267765, 0.0673137679696, 0.0826086625457, 0.0297504719347, 0.041328150779, 0.0440473034978, 0.0189895462245, 0.0128345992416, 0.0146924415603, 0.0130329886451, 0.0102854799479, 0.0071727624163, 0.00318759866059, 0.000300193059957, 4.27833219874e-05, 9.57287920755e-06],
        "dvar": [1.07475113964e-06, 0.000199954694835, 0.00384332868271, 0.234916508198, 9.77553653717, 29.2133789062, 28.3575611115, 1.80400621891, 35.4174346924, 757.985595703, 18286.3417969, 10022.1669922, 126.387641907, 7.76021432877, 9.00126552582, 104.279144287, 3632.9831543, 5.57985115051, 0.671572446823, 9.62080574036, 0.0535893924534, 0.0156426802278, 0.00216836272739, 0.0323032066226, 0.00197296915576, 0.0127200251445, 0.049446541816, 0.00336315622553, 0.0148832593113, 0.0118793230504, 0.00146314734593, 0.000800280831754, 0.00174253166188, 0.00126675923821, 0.000943159102462, 0.000230762554565, 4.40918993263e-05, 2.89261890885e-07, 3.59472385192e-09, 9.61736315586e-11],
        "dvar2": [3.21496008837e-06, 0.000598030630499, 0.0107006952167, 0.504141688347, 22.0428104401, 59.5353507996, 73.1712493896, 3.80034422874, 67.8911056519, 1390.74060059, 29663.3359375, 17492.0527344, 372.682403564, 17.5961532593, 14.1458320618, 124.631027222, 4697.23046875, 7.64025688171, 1.87748003006, 19.9414291382, 0.119072526693, 0.0294059850276, 0.00427380902693, 0.0479195006192, 0.00362653797492, 0.0201093517244, 0.0943964570761, 0.00683489255607, 0.0255972985178, 0.0288815498352, 0.00329664419405, 0.00152061588597, 0.00322821293958, 0.0024549337104, 0.00141624594107, 0.00061896245461, 0.000118960975669, 6.25347183814e-07, 8.39612201986e-09, 1.96843874534e-10],
        "max": [0.00539877591655, 0.0856988206506, 0.522677063942, 3.67609786987, 27.1486759186, 59.4445114136, 38.326133728, 12.5358514786, 43.6644630432, 289.539642334, 1376.27624512, 753.124389648, 99.9924087524, 27.0475978851, 31.9926300049, 169.129302979, 868.795043945, 32.9014434814, 6.5011472702, 35.3349075317, 2.34955501556, 1.27847087383, 0.493135631084, 1.85468435287, 0.52506506443, 1.76635360718, 2.59113168716, 0.586164593697, 1.17767477036, 1.10108101368, 0.34846970439, 0.287317216396, 0.487843394279, 0.415202021599, 0.382049411535, 0.101617842913, 0.0399586483836, 0.00421680603176, 0.00047096182243, 8.99902515812e-05],
        "mean": [0.00129480753094, 0.0198115687817, 0.0719912499189, 0.172073557973, 0.894819378853, 1.75145363808, 1.11926722527, 0.506495833397, 3.31737208366, 21.5302333832, 271.72076416, 200.147109985, 9.61450767517, 1.66995549202, 1.85177779198, 22.3632774353, 115.886672974, 4.543800354, 0.488830536604, 2.15003705025, 0.174220964313, 0.144204854965, 0.0506877303123, 0.156317040324, 0.0682319924235, 0.147909969091, 0.107039742172, 0.0340077355504, 0.0349158681929, 0.0293438136578, 0.0162810292095, 0.014322145842, 0.0145292105153, 0.0124628450722, 0.013364107348, 0.00430229399353, 0.00156167673413, 0.000293337623589, 7.78845424065e-05, 3.21824009006e-05],
        "median": [0.00104033248499, 0.0149928582832, 0.0490657947958, 0.0447656847537, 0.0936668589711, 0.108827061951, 0.0358116365969, 0.0564084909856, 0.580603718758, 6.79915475845, 53.5293235779, 53.8521080017, 4.55292272568, 0.448291182518, 0.114599332213, 0.511912465096, 0.181483894587, 0.0491305440664, 0.049641892314, 0.0348391421139, 0.0247464273125, 0.0323660895228, 0.0124833360314, 0.0139666041359, 0.0114525305107, 0.0107691045851, 0.00919079687446, 0.00622102385387, 0.00450812885538, 0.00374834821559, 0.0032663969323, 0.00258800038137, 0.00181038305163, 0.0013387579238, 0.00111430033576, 0.000601585197728, 0.000378311000532, 0.000169547347468, 6.39301433694e-05, 2.3850634534e-05],
        "min": [0.000113620473712, 0.000760676513892, 0.00363384163938, 0.00381678855047, 0.00580019271001, 0.00440173689276, 0.00320059643127, 0.00961905159056, 0.0164938084781, 0.0126212704927, 0.0253010243177, 0.0052011939697, 0.00280345999636, 0.00254069780931, 0.00411153025925, 0.00267845834605, 0.00218671909533, 0.00221203826368, 0.00274910195731, 0.00176309503149, 0.00243019033223, 0.00199074158445, 0.0021686765831, 0.002259707544, 0.00295130186714, 0.00322011997923, 0.00279901036993, 0.00196458166465, 0.00176609656774, 0.00133660261054, 0.00111767777707, 0.000870883639436, 0.000744589488022, 0.000539842934813, 0.000413553905673, 0.000226461779675, 5.98475598963e-05, 2.04516309168e-05, 2.46547606366e-05, 6.23274127065e-06],
        "var": [1.24232121834e-06, 0.00024359775125, 0.00550930993631, 0.253334641457, 9.80432510376, 43.8930130005, 22.8193950653, 2.34794068336, 72.6371536255, 2328.51635742, 157237.65625, 50933.53125, 184.397827148, 13.3738117218, 25.3866157532, 2210.44311523, 62894.8632812, 91.9019699097, 0.883574187756, 41.2580032349, 0.193287760019, 0.0625111609697, 0.00942127406597, 0.114176280797, 0.0133749814704, 0.125748038292, 0.122761532664, 0.0082540968433, 0.0221219789237, 0.0123803131282, 0.00244979280978, 0.00183938920964, 0.00315342028625, 0.00238203560002, 0.00259935040958, 0.000213576495298, 3.10636569338e-05, 3.13892371651e-07, 4.30588986688e-09, 5.86542148184e-10]
    },
    "gfcc": {
        "mean": [-205.375335693, 114.023223877, -72.9076309204, -23.8137779236, -59.4036865234, -5.39354324341, -10.7894268036, 13.7344264984, -3.52839183807, 7.69438505173, -17.0004940033, -24.1769313812, -26.4843959808],
        "cov": [[6230.66943359, 1218.04931641, -3050.85668945, -1923.8848877, -880.364379883, 478.444671631, 124.625175476, -57.2957229614, -251.887771606, -46.9057579041, -238.644851685, -583.33770752, -91.9777069092], [1218.04931641, 857.191833496, -658.165649414, -706.587097168, -258.460968018, -27.164396286, 204.377426147, 76.6401367188, 57.3349380493, -141.705413818, -155.572647095, -220.146438599, 1.13785493374], [-3050.85668945, -658.165649414, 2178.13500977, 1141.67858887, 332.471343994, -399.381835938, -347.984802246, 71.1943130493, 83.0019836426, 8.96235179901, -2.54352259636, 461.038665771, 138.807830811], [-1923.8848877, -706.587097168, 1141.67858887, 975.954467773, 393.471954346, -67.7392349243, -264.392120361, -140.847930908, -101.391830444, 90.8236846924, 151.024917603, 299.657226562, 63.1947784424], [-880.364379883, -258.460968018, 332.471343994, 393.471954346, 273.283874512, 42.3333015442, -13.888879776, -78.9935379028, -37.6070747375, 34.4429931641, 96.1504821777, 87.8855209351, -3.49543404579], [478.444671631, -27.164396286, -399.381835938, -67.7392349243, 42.3333015442, 197.582427979, 48.412109375, -95.1298370361, -91.2862472534, 28.0672950745, 58.1436920166, -59.2122764587, -36.5310440063], [124.625175476, 204.377426147, -347.984802246, -264.392120361, -13.888879776, 48.412109375, 299.345977783, 118.956352234, 132.152893066, -27.5354042053, -14.3577432632, -154.765579224, -80.4415435791], [-57.2957229614, 76.6401367188, 71.1943130493, -140.847930908, -78.9935379028, -95.1298370361, 118.956352234, 208.032897949, 181.747451782, -18.1270809174, -84.0892486572, -51.5130996704, -24.6195354462], [-251.887771606, 57.3349380493, 83.0019836426, -101.391830444, -37.6070747375, -91.2862472534, 132.152893066, 181.747451782, 213.832992554, 3.55187726021, -40.3176956177, -43.52368927, -39.8413696289], [-46.9057579041, -141.705413818, 8.96235179901, 90.8236846924, 34.4429931641, 28.0672950745, -27.5354042053, -18.1270809174, 3.55187726021, 77.5697097778, 70.2791442871, 18.5026874542, -29.7438049316], [-238.644851685, -155.572647095, -2.54352259636, 151.024917603, 96.1504821777, 58.1436920166, -14.3577432632, -84.0892486572, -40.3176956177, 70.2791442871, 130.138824463, 32.316444397, -28.9289264679], [-583.33770752, -220.146438599, 461.038665771, 299.657226562, 87.8855209351, -59.2122764587, -154.765579224, -51.5130996704, -43.52368927, 18.5026874542, 32.316444397, 168.827667236, 59.7532920837], [-91.9777069092, 1.13785493374, 138.807830811, 63.1947784424, -3.49543404579, -36.5310440063, -80.4415435791, -24.6195354462, -39.8413696289, -29.7438049316, -28.9289264679, 59.7532920837, 79.7403488159]],
        "icov": [[0.003481175052, -0.00342232082039, 0.00474996306002, -0.00148217566311, 0.0042058234103, -0.00428413227201, 0.00459461892024, -0.00711108930409, 0.00557333929464, -0.00647710077465, 0.00607873639092, -0.00478285551071, 0.00378955877386], [-0.00342232082039, 0.0100739840418, -0.00782162696123, 0.0107344770804, -0.00827400200069, 0.00755401328206, -0.00595762766898, 0.0135534387082, -0.0050866631791, 0.00584549130872, -0.00547291338444, 0.0113832736388, -0.00858702603728], [0.00474996306002, -0.00782162696123, 0.0140866916627, -0.0135650346056, 0.00979138631374, -0.00258082780056, 0.00633427593857, -0.0146789159626, 0.00570547580719, -0.00355829088949, 0.0109132612124, -0.0170349348336, 0.0111720310524], [-0.00148217566311, 0.0107344770804, -0.0135650346056, 0.0296509657055, -0.0200199261308, 0.00451313238591, -0.000104867882328, 0.0108111919835, 0.00389838265255, -0.00802717078477, -0.00601629540324, 0.0159659050405, -0.0125190671533], [0.0042058234103, -0.00827400200069, 0.00979138631374, -0.0200199261308, 0.0284284055233, -0.0117125874385, -0.000723820528947, -0.00652757147327, 0.000108417632873, 0.00094905635342, 0.00637691933662, -0.0138754397631, 0.0100449090824], [-0.00428413227201, 0.00755401328206, -0.00258082780056, 0.00451313238591, -0.0117125874385, 0.0263907518238, -0.0119529366493, 0.0139109035954, 0.000915794342291, -0.00117024721112, -0.000725600693841, 0.00466430792585, -0.00405715033412], [0.00459461892024, -0.00595762766898, 0.00633427593857, -0.000104867882328, -0.000723820528947, -0.0119529366493, 0.0267005134374, -0.0217534992844, 0.00215159659274, 0.00909729581326, -0.00645190291107, 0.00247559300624, 0.00942542776465], [-0.00711108930409, 0.0135534387082, -0.0146789159626, 0.0108111919835, -0.00652757147327, 0.0139109035954, -0.0217534992844, 0.0604054704309, -0.0315292030573, -0.00353832682595, 0.010764834471, 0.0157832205296, -0.0136142810807], [0.00557333929464, -0.0050866631791, 0.00570547580719, 0.00389838265255, 0.000108417632873, 0.000915794342291, 0.00215159659274, -0.0315292030573, 0.0391202382743, -0.0208781268448, 0.00602744938806, -0.00835652463138, 0.00654715532437], [-0.00647710077465, 0.00584549130872, -0.00355829088949, -0.00802717078477, 0.00094905635342, -0.00117024721112, 0.00909729581326, -0.00353832682595, -0.0208781268448, 0.0733339935541, -0.0432160273194, 0.00751054426655, 0.0082078287378], [0.00607873639092, -0.00547291338444, 0.0109132612124, -0.00601629540324, 0.00637691933662, -0.000725600693841, -0.00645190291107, 0.010764834471, 0.00602744938806, -0.0432160273194, 0.05353647843, -0.0190264042467, 0.010193977505], [-0.00478285551071, 0.0113832736388, -0.0170349348336, 0.0159659050405, -0.0138754397631, 0.00466430792585, 0.00247559300624, 0.0157832205296, -0.00835652463138, 0.00751054426655, -0.0190264042467, 0.0473654195666, -0.0235493965447], [0.00378955877386, -0.00858702603728, 0.0111720310524, -0.0125190671533, 0.0100449090824, -0.00405715033412, 0.00942542776465, -0.0136142810807, 0.00654715532437, 0.0082078287378, 0.010193977505, -0.0235493965447, 0.0390724726021]]
    },
    "melbands": {
        "dmean": [1.18855932669e-05, 2.6546731533e-05, 4.93675470352e-05, 8.5102779849e-05, 5.12985716341e-05, 1.06726774902e-05, 3.6276785977e-05, 6.99294396327e-05, 0.00077576644253, 0.000294310040772, 1.45695757965e-05, 3.87241061617e-06, 4.96480333823e-06, 6.8121039476e-07, 4.4403172069e-05, 2.22174148803e-05, 9.88702382188e-08, 2.70018631454e-07, 1.24924133615e-06, 7.57584189159e-07, 2.57906940249e-08, 5.74739615899e-08, 4.37038991663e-08, 1.23070318381e-08, 7.3538544143e-08, 2.93911579519e-08, 3.32673195658e-08, 2.98757925066e-08, 3.45597186424e-08, 2.3705194252e-08, 1.25397736639e-08, 1.08001119159e-08, 1.55822821313e-08, 1.8501332022e-08, 5.35182653749e-09, 5.79565950787e-09, 4.99814767352e-09, 7.0785559636e-09, 8.48344239301e-09, 8.705138832e-09],
        "dmean2": [2.07792090805e-05, 4.87275392516e-05, 8.35541795823e-05, 0.000130297543365, 8.39034109958e-05, 1.56126061484e-05, 5.90848940192e-05, 0.00011234581325, 0.00103911769111, 0.000387401174521, 2.51136752922e-05, 5.51998482479e-06, 6.33825948171e-06, 1.03887998648e-06, 5.28260534338e-05, 2.68914591288e-05, 1.83323294323e-07, 5.11604071107e-07, 1.78346147095e-06, 1.05243293547e-06, 4.65130334248e-08, 8.75287398117e-08, 5.99374772037e-08, 2.29163887866e-08, 9.76157608079e-08, 3.88621401726e-08, 4.41608030144e-08, 3.97270980557e-08, 4.61414160213e-08, 3.37566987696e-08, 1.88019519953e-08, 1.80594579291e-08, 2.54674930034e-08, 3.28942633132e-08, 9.61579615932e-09, 1.01702557487e-08, 6.9625225585e-09, 9.06605723827e-09, 1.20745706766e-08, 1.08665769716e-08],
        "dvar": [1.41593237135e-10, 5.88435633553e-10, 2.28731540375e-08, 1.00243369161e-07, 3.54618627796e-08, 1.20575494034e-09, 1.77199463991e-08, 6.14121944409e-08, 1.87825787634e-06, 2.78011413002e-07, 2.64379163006e-09, 1.14597990819e-10, 2.67624894468e-10, 4.38877233166e-12, 1.74804277719e-08, 4.94986984734e-09, 9.52221903216e-14, 1.26264255128e-12, 1.02372658961e-11, 5.61640751268e-12, 6.47255695018e-15, 1.24328114332e-14, 1.4657154681e-14, 1.43826003861e-15, 3.11710123587e-14, 4.34460393416e-15, 5.11227074129e-15, 4.10577875951e-15, 1.39124695718e-14, 6.65353951541e-15, 1.59272242578e-15, 2.46952752234e-15, 5.74460836498e-15, 6.85142674067e-15, 3.53092830903e-16, 4.63904380981e-16, 2.46232715995e-16, 6.66284057244e-16, 9.87363013208e-16, 9.65232583395e-16],
        "dvar2": [4.19377338412e-10, 1.64729141439e-09, 4.78077843979e-08, 2.13018466866e-07, 8.59556053001e-08, 2.61752286512e-09, 3.21655448943e-08, 1.14949905594e-07, 3.00218175653e-06, 4.95754136409e-07, 8.1543607422e-09, 2.6122370933e-10, 4.43872827383e-10, 1.13161797641e-11, 2.21634763875e-08, 6.47027409428e-09, 2.10774336895e-13, 3.63349107746e-12, 2.1358305749e-11, 1.17458187274e-11, 1.51494790291e-14, 2.52005769632e-14, 2.30220065288e-14, 3.42869429104e-15, 4.67815924074e-14, 7.53398791243e-15, 7.61728682653e-15, 6.70708173855e-15, 2.55027678256e-14, 1.29735835248e-14, 4.18794730814e-15, 4.3307197936e-15, 9.49953294873e-15, 1.86707288221e-14, 8.39540993775e-16, 1.17569983612e-15, 3.71231988529e-16, 1.14408083735e-15, 2.14647106208e-15, 1.74730382107e-15],
        "max": [6.73035101499e-05, 0.000182563177077, 0.00113241851795, 0.00330220954493, 0.00162385217845, 0.000331082992489, 0.00119690911379, 0.0025490464177, 0.0137890474871, 0.00408004969358, 0.000433281355072, 0.000102174082713, 0.000165343633853, 1.95770044229e-05, 0.00205228501, 0.000974346534349, 3.13307964461e-06, 9.00616760191e-06, 3.71418645955e-05, 2.58589425357e-05, 7.79158881414e-07, 9.87986709333e-07, 1.4705464082e-06, 3.24196605561e-07, 1.78821369445e-06, 6.30441149951e-07, 1.11451572593e-06, 9.75435796136e-07, 1.40872054999e-06, 9.18448392895e-07, 3.39098477298e-07, 4.74095827485e-07, 7.30524220671e-07, 7.40917016628e-07, 1.42418116411e-07, 1.45658816564e-07, 1.80606207323e-07, 3.08825207185e-07, 3.40199250104e-07, 3.73744001081e-07],
        "mean": [1.64561752172e-05, 3.46907909261e-05, 4.91618993692e-05, 9.99943658826e-05, 4.79488226119e-05, 1.15777565952e-05, 7.72323473939e-05, 0.000156089648954, 0.0028872655239, 0.00102497555781, 1.38180976137e-05, 4.85416012452e-06, 7.29078328732e-06, 1.22761207422e-06, 0.000268014380708, 0.000131792519824, 1.68080759977e-07, 2.29159738296e-07, 2.40671056417e-06, 1.56633268489e-06, 4.14422736128e-08, 1.42932293556e-07, 1.05006513706e-07, 1.91351823275e-08, 1.47116651306e-07, 6.03546652655e-08, 9.1080082143e-08, 8.21406516138e-08, 5.88944288893e-08, 3.91366548058e-08, 1.80983352749e-08, 1.547165418e-08, 1.9961149178e-08, 1.82071424604e-08, 7.83501352686e-09, 8.69356497901e-09, 8.46690095813e-09, 9.57585122308e-09, 9.57825996295e-09, 1.11528910551e-08],
        "median": [1.10266810225e-05, 2.63693909801e-05, 1.13040941869e-05, 9.53447397478e-06, 1.3028070498e-06, 1.18353909784e-06, 6.88343970978e-06, 4.36201698903e-05, 0.000753310392611, 0.00026552536292, 7.98486325948e-07, 2.78474146853e-07, 1.00057270913e-07, 2.43290969593e-07, 1.13892610898e-06, 1.02091291865e-07, 5.49133609695e-08, 2.67509303598e-08, 6.54451355331e-08, 1.16773035685e-08, 8.55016679679e-09, 3.01188727292e-08, 1.31063320197e-08, 4.88697882162e-09, 1.08003748167e-08, 8.44841974157e-09, 8.61033200295e-09, 6.85341250417e-09, 6.52770859588e-09, 4.55191928594e-09, 3.42924244556e-09, 2.48538922776e-09, 2.4023802947e-09, 1.90217708251e-09, 1.80150250273e-09, 1.78762715741e-09, 1.4747291166e-09, 1.273364858e-09, 1.12072240377e-09, 1.09997599917e-09],
        "min": [1.00915087842e-06, 1.92811921806e-06, 7.25951792901e-07, 3.47389146782e-07, 1.25634514347e-07, 6.80965541733e-08, 2.58716369217e-07, 1.48925948906e-07, 1.708569215e-07, 5.23962295773e-09, 1.0056041333e-08, 8.71294947302e-09, 1.48425600699e-08, 4.34639835234e-09, 3.72910768931e-09, 4.1083483282e-09, 2.93461699385e-09, 4.74294825636e-09, 2.51483500691e-09, 2.39128206125e-09, 2.17985718365e-09, 1.91097182523e-09, 1.31720312435e-09, 9.96344451387e-10, 1.40741795995e-09, 1.87984317002e-09, 1.44623868437e-09, 2.11084238977e-09, 1.29867772092e-09, 1.06578135206e-09, 9.22495024813e-10, 9.52861123338e-10, 6.92956358961e-10, 6.62884913627e-10, 6.51317111355e-10, 3.80680265089e-10, 5.36177324761e-10, 3.48555934115e-10, 2.83314510741e-10, 3.49780676645e-10],
        "var": [1.7801421448e-10, 8.40534086777e-10, 2.46067255461e-08, 1.27622470814e-07, 3.59977008202e-08, 1.49036816222e-09, 4.62399825096e-08, 1.84250083635e-07, 1.61113803188e-05, 1.35299876547e-06, 2.58609800241e-09, 1.81298698276e-10, 5.81867776184e-10, 5.80686800727e-12, 3.36299194714e-07, 8.09803424318e-08, 1.76642107517e-13, 7.76212807137e-13, 4.45198600207e-11, 2.27521803481e-11, 1.0345794249e-14, 4.98651040435e-14, 6.81929691751e-14, 2.10095087622e-15, 1.05674265183e-13, 1.48426006864e-14, 4.90328365746e-14, 3.82436697057e-14, 3.55988940312e-14, 1.54763151621e-14, 2.74235874047e-15, 3.67556479637e-15, 8.33374964496e-15, 5.38746242849e-15, 5.3551519332e-16, 6.48555340021e-16, 6.79323070676e-16, 1.3159901974e-15, 1.43414176442e-15, 1.995121521e-15]
    },
    "mfcc": {
        "mean": [-887.120544434, 169.405700684, 30.0858058929, 7.52325391769, -16.5883197784, -9.80814647675, -1.33896386623, -3.25717258453, 7.15441942215, 20.0756149292, 17.9791030884, 13.6547403336, 0.70968234539],
        "cov": [[6645.12060547, 1097.31494141, -1637.80969238, -1712.09619141, -1433.94885254, -426.058868408, -52.9815330505, -152.772216797, 90.9379348755, 203.122207642, 104.113418579, 20.2248134613, -323.455932617], [1097.31494141, 858.10357666, -259.82019043, -423.121185303, -437.043334961, -273.664245605, -99.8080978394, 66.1628265381, 165.089111328, 111.646583557, 59.4514160156, -36.3627662659, -211.270721436], [-1637.80969238, -259.82019043, 737.834960938, 494.898773193, 476.732208252, 81.2515335083, -83.3112030029, -19.100528717, -48.5326118469, -202.485412598, -177.04119873, -108.481758118, 98.3541641235], [-1712.09619141, -423.121185303, 494.898773193, 578.477539062, 480.780212402, 178.705825806, 40.1090011597, -16.4691638947, -89.6177444458, -107.218658447, -82.6874847412, -39.1689338684, 138.121261597], [-1433.94885254, -437.043334961, 476.732208252, 480.780212402, 499.131744385, 171.08631897, 1.57672119141, -21.9671726227, -67.5324172974, -126.390159607, -99.4096298218, -57.0436515808, 124.120124817], [-426.058868408, -273.664245605, 81.2515335083, 178.705825806, 171.08631897, 180.721817017, 103.03011322, -21.6565132141, -105.308883667, -52.2549514771, -38.9092330933, 2.61282587051, 103.906700134], [-52.9815330505, -99.8080978394, -83.3112030029, 40.1090011597, 1.57672119141, 103.03011322, 131.542144775, 4.55536413193, -71.3166809082, 17.5527439117, 11.0959720612, 18.0501308441, 41.2696876526], [-152.772216797, 66.1628265381, -19.100528717, -16.4691638947, -21.9671726227, -21.6565132141, 4.55536413193, 74.1840667725, 65.5398712158, 46.1997070312, 57.4087867737, 15.7435207367, -56.4360580444], [90.9379348755, 165.089111328, -48.5326118469, -89.6177444458, -67.5324172974, -105.308883667, -71.3166809082, 65.5398712158, 160.201004028, 84.6327285767, 77.6955718994, 9.66357803345, -112.802841187], [203.122207642, 111.646583557, -202.485412598, -107.218658447, -126.390159607, -52.2549514771, 17.5527439117, 46.1997070312, 84.6327285767, 177.693313599, 131.882400513, 60.7792205811, -58.1466140747], [104.113418579, 59.4514160156, -177.04119873, -82.6874847412, -99.4096298218, -38.9092330933, 11.0959720612, 57.4087867737, 77.6955718994, 131.882400513, 195.35005188, 114.331451416, -67.1951980591], [20.2248134613, -36.3627662659, -108.481758118, -39.1689338684, -57.0436515808, 2.61282587051, 18.0501308441, 15.7435207367, 9.66357803345, 60.7792205811, 114.331451416, 137.384460449, 32.9839820862], [-323.455932617, -211.270721436, 98.3541641235, 138.121261597, 124.120124817, 103.906700134, 41.2696876526, -56.4360580444, -112.802841187, -58.1466140747, -67.1951980591, 32.9839820862, 182.17250061]],
