{
"lowlevel": {
    "average_loudness": 0.967257142067,
    "barkbands_crest": {
        "dmean": 2.2623333931,
        "dmean2": 3.78829932213,
        "dvar": 4.15682792664,
        "dvar2": 10.7617464066,
        "max": 20.2137203217,
        "mean": 11.2984867096,
        "median": 10.2720603943,
        "min": 5.72222328186,
        "var": 13.7324333191
    },
    "barkbands_flatness_db": {
        "dmean": 0.0149695109576,
        "dmean2": 0.0238626562059,
        "dvar": 0.0001479593775,
        "dvar2": 0.000384467479307,
        "max": 0.304042994976,
        "mean": 0.214164063334,
        "median": 0.209679469466,
        "min": 0.150332003832,
        "var": 0.00107248453423
    },
    "barkbands_kurtosis": {
        "dmean": 6.51187705994,
        "dmean2": 11.6022872925,
        "dvar": 77.7375183105,
        "dvar2": 230.832290649,
        "max": 58.9043273926,
        "mean": 16.6092510223,
        "median": 14.9530315399,
        "min": 1.60825586319,
        "var": 90.464225769
    },
    "barkbands_skewness": {
        "dmean": 0.48811519146,
        "dmean2": 0.835094690323,
        "dvar": 0.2463850528,
        "dvar2": 0.749168038368,
        "max": 5.31752300262,
        "mean": 1.90571594238,
        "median": 2.15276908875,
        "min": -0.634992659092,
        "var": 1.49211716652
    },
    "barkbands_spread": {
        "dmean": 1.07337605953,
        "dmean2": 1.83359777927,
        "dvar": 0.897362947464,
        "dvar2": 2.34047222137,
        "max": 9.79873180389,
        "mean": 5.88628530502,
        "median": 6.15347719193,
        "min": 1.55351865292,
        "var": 2.80412578583
    },
    "dissonance": {
        "dmean": 0.0327423103154,
        "dmean2": 0.0556213073432,
        "dvar": 0.000872725504451,
        "dvar2": 0.00229928526096,
        "max": 0.473069578409,
        "mean": 0.368823975325,
        "median": 0.375625014305,
        "min": 0.230346128345,
        "var": 0.00306649878621
    },
    "dynamic_complexity": 2.89361095428,
    "erbbands_crest": {
        "dmean": 1.63696455956,
        "dmean2": 2.53736567497,
        "dvar": 3.55338001251,
        "dvar2": 7.15944719315,
        "max": 33.0780220032,
        "mean": 24.0949993134,
        "median": 22.8307666779,
        "min": 5.76246833801,
        "var": 32.7043075562
    },
    "erbbands_flatness_db": {
        "dmean": 0.0097514744848,
        "dmean2": 0.0149884205312,
        "dvar": 6.18824997218e-05,
        "dvar2": 0.000145569560118,
        "max": 0.338038384914,
        "mean": 0.207438841462,
        "median": 0.18489523232,
        "min": 0.106215402484,
        "var": 0.00287623843178
    },
    "erbbands_kurtosis": {
        "dmean": 6.08869028091,
        "dmean2": 9.75026512146,
        "dvar": 72.3652801514,
        "dvar2": 177.061981201,
        "max": 122.54649353,
        "mean": 27.2206325531,
        "median": 14.2227401733,
        "min": 3.38898658752,
        "var": 615.025268555
    },
    "erbbands_skewness": {
        "dmean": 0.593412399292,
        "dmean2": 0.994867682457,
        "dvar": 0.417884409428,
        "dvar2": 1.21918129921,
        "max": 7.95566797256,
        "mean": 3.06988954544,
        "median": 2.78467726707,
        "min": 1.29557991028,
        "var": 1.285820961
    },
    "erbbands_spread": {
        "dmean": 1.41955411434,
        "dmean2": 2.21377897263,
        "dvar": 3.10244750977,
        "dvar2": 8.61440849304,
        "max": 35.9062461853,
        "mean": 9.7392950058,
        "median": 9.91666984558,
        "min": 1.18274617195,
        "var": 52.0901298523
    },
    "hfc": {
        "dmean": 1.18905830383,
        "dmean2": 1.46428692341,
        "dvar": 3.93052005768,
        "dvar2": 3.62297201157,
        "max": 43.1173095703,
        "mean": 10.6194028854,
        "median": 7.90917253494,
        "min": 0.0856341123581,
        "var": 70.8049926758
    },
    "melbands_crest": {
        "dmean": 2.67663812637,
        "dmean2": 4.48606824875,
        "dvar": 4.44846916199,
        "dvar2": 11.648024559,
        "max": 28.6982383728,
        "mean": 15.1544017792,
        "median": 14.1445913315,
        "min": 8.45673370361,
        "var": 20.828622818
    },
    "melbands_flatness_db": {
        "dmean": 0.0187683664262,
        "dmean2": 0.0304514002055,
        "dvar": 0.000214770334424,
        "dvar2": 0.00060451310128,
        "max": 0.427054136992,
        "mean": 0.339808553457,
        "median": 0.336020261049,
        "min": 0.270375043154,
        "var": 0.00103109842166
    },
    "melbands_kurtosis": {
        "dmean": 3.16105294228,
        "dmean2": 5.37606620789,
        "dvar": 15.3270559311,
        "dvar2": 39.0239372253,
        "max": 48.590297699,
        "mean": 6.11018705368,
        "median": 4.04779720306,
        "min": -1.30237519741,
        "var": 68.8006362915
    },
    "melbands_skewness": {
        "dmean": 0.433764189482,
        "dmean2": 0.713922560215,
        "dvar": 0.124226488173,
        "dvar2": 0.318187445402,
        "max": 4.20341110229,
        "mean": 0.733119606972,
        "median": 0.911619663239,
        "min": -1.80321848392,
        "var": 1.41153562069
    },
    "melbands_spread": {
        "dmean": 1.32895278931,
        "dmean2": 2.28551197052,
        "dvar": 1.30344617367,
        "dvar2": 3.67581582069,
        "max": 9.72580242157,
        "mean": 6.6063580513,
        "median": 6.57582569122,
        "min": 2.33574819565,
        "var": 2.68702888489
    },
    "pitch_salience": {
        "dmean": 0.0618809424341,
        "dmean2": 0.0952735617757,
        "dvar": 0.00213217944838,
        "dvar2": 0.00490036653355,
        "max": 0.674443364143,
        "mean": 0.479905098677,
        "median": 0.480461895466,
        "min": 0.194237411022,
        "var": 0.009919478558
    },
    "silence_rate_20dB": {
        "dmean": 0,
        "dmean2": 0,
        "dvar": 0,
        "dvar2": 0,
        "max": 1,
        "mean": 1,
        "median": 1,
        "min": 1,
        "var": 0
    },
    "silence_rate_30dB": {
        "dmean": 0,
        "dmean2": 0,
        "dvar": 0,
        "dvar2": 0,
        "max": 1,
        "mean": 1,
        "median": 1,
        "min": 1,
        "var": 0
    },
    "silence_rate_60dB": {
        "dmean": 0.00833333376795,
        "dmean2": 0.00840336177498,
        "dvar": 0.00826388876885,
        "dvar2": 0.00833274517208,
        "max": 1,
        "mean": 0.00826446246356,
        "median": 0,
        "min": 0,
        "var": 0.00819616112858
    },
    "spectral_centroid": {
        "dmean": 20.2835617065,
        "dmean2": 34.1553230286,
        "dvar": 386.586273193,
        "dvar2": 1060.24987793,
        "max": 516.187683105,
        "mean": 436.244445801,
        "median": 428.162231445,
        "min": 321.629547119,
        "var": 1635.09899902
    },
    "spectral_complexity": {
        "dmean": 1.35833334923,
        "dmean2": 2.34453773499,
        "dvar": 0.879930377007,
        "dvar2": 2.59558057785,
        "max": 10,
        "mean": 5.68595027924,
        "median": 5,
        "min": 1,
        "var": 3.85178661346
    },
    "spectral_decrease": {
        "dmean": 1.600944044e-09,
        "dmean2": 2.52359022568e-09,
        "dvar": 2.70292700924e-18,
        "dvar2": 6.04190503792e-18,
        "max": -1.39290218248e-10,
        "mean": -7.21867010611e-09,
        "median": -6.70490418742e-09,
        "min": -2.45375932906e-08,
        "var": 2.4211647667e-17
    },
    "spectral_energy": {
        "dmean": 0.00612511998042,
        "dmean2": 0.00962494779378,
        "dvar": 4.01711367886e-05,
        "dvar2": 8.84319306351e-05,
        "max": 0.0965214520693,
        "mean": 0.0282081626356,
        "median": 0.0263585038483,
        "min": 0.000533480662853,
        "var": 0.000372223061277
    },
    "spectral_energyband_high": {
        "dmean": 5.62401464776e-06,
        "dmean2": 9.31759313971e-06,
        "dvar": 7.85550582916e-11,
        "dvar2": 1.78837888942e-10,
        "max": 0.000124595346279,
        "mean": 5.75644371565e-05,
        "median": 5.73669021833e-05,
        "min": 1.38947189043e-06,
        "var": 8.98211505174e-11
    },
    "spectral_energyband_low": {
        "dmean": 0.00534289097413,
        "dmean2": 0.00915740057826,
        "dvar": 2.95742283924e-05,
        "dvar2": 7.81402050052e-05,
        "max": 0.0377043038607,
        "mean": 0.00887768995017,
        "median": 0.00652291812003,
        "min": 0.000380483688787,
        "var": 5.53712670808e-05
    },
    "spectral_energyband_middle_high": {
        "dmean": 5.68069845031e-05,
        "dmean2": 9.58075979725e-05,
        "dvar": 3.13951398212e-09,
        "dvar2": 9.10244501995e-09,
        "max": 0.000550647091586,
        "mean": 0.000241826681304,
        "median": 0.000220910005737,
        "min": 4.57340729554e-06,
        "var": 1.74266272523e-08
    },
    "spectral_energyband_middle_low": {
        "dmean": 0.00246053887531,
        "dmean2": 0.00294403010048,
        "dvar": 1.54960634973e-05,
        "dvar2": 1.06946663436e-05,
        "max": 0.0843588113785,
        "mean": 0.0196587573737,
        "median": 0.0128729939461,
        "min": 0.000111300905701,
        "var": 0.000282504508505
    },
    "spectral_entropy": {
        "dmean": 0.10322508961,
        "dmean2": 0.154048249125,
        "dvar": 0.0104971770197,
        "dvar2": 0.0197895932943,
        "max": 8.05801200867,
        "mean": 6.57364940643,
        "median": 6.69269371033,
        "min": 5.42322778702,
        "var": 0.170880168676
    },
    "spectral_flux": {
        "dmean": 0.0169612858444,
        "dmean2": 0.0264055654407,
        "dvar": 0.000235155544942,
        "dvar2": 0.000524993345607,
        "max": 0.164350003004,
        "mean": 0.0575568936765,
        "median": 0.0519843511283,
        "min": 0.0269530303776,
        "var": 0.000583317887504
    },
    "spectral_kurtosis": {
        "dmean": 1.2602673769,
        "dmean2": 2.0269048214,
        "dvar": 1.18611097336,
        "dvar2": 2.84930348396,
        "max": 20.7257213593,
        "mean": 11.9986534119,
        "median": 12.1013746262,
        "min": 3.45471000671,
        "var": 10.5776262283
    },
    "spectral_rms": {
        "dmean": 0.000571491429582,
        "dmean2": 0.000907829089556,
        "dvar": 2.25075197591e-07,
        "dvar2": 5.09991139097e-07,
        "max": 0.00970398262143,
        "mean": 0.00495492573828,
        "median": 0.00507105654106,
        "min": 0.000721435295418,
        "var": 2.96884809359e-06
    },
    "spectral_rolloff": {
        "dmean": 19.3798828125,
        "dmean2": 36.9140625,
        "dvar": 2329.21386719,
        "dvar2": 6578.33984375,
        "max": 516.796875,
        "mean": 474.976623535,
        "median": 495.263671875,
        "min": 172.265625,
        "var": 4692.71679688
    },
    "spectral_skewness": {
        "dmean": 0.155853107572,
        "dmean2": 0.2557092309,
        "dvar": 0.0198374781758,
        "dvar2": 0.0477312169969,
        "max": 3.95837664604,
        "mean": 2.93666481972,
        "median": 2.9749379158,
        "min": 2.05512356758,
        "var": 0.151347145438
    },
    "spectral_spread": {
        "dmean": 405889.8125,
        "dmean2": 552026.125,
        "dvar": 1.69135282586e+12,
        "dvar2": 860464218112,
        "max": 25249326,
        "mean": 4910700.5,
        "median": 4423435.5,
        "min": 3066726.5,
        "var": 4.62085213389e+12
    },
    "spectral_strongpeak": {
        "dmean": 0.406662195921,
        "dmean2": 0.69296258688,
        "dvar": 0.230598658323,
        "dvar2": 0.376423299313,
        "max": 5.257604599,
        "mean": 1.55597567558,
        "median": 0.894044756889,
        "min": 0,
        "var": 1.84927797318
    },
    "zerocrossingrate": {
        "dmean": 0.00557861337438,
        "dmean2": 0.00799714401364,
        "dvar": 3.18315214827e-05,
        "dvar2": 5.72164244659e-05,
        "max": 0.0654296875,
        "mean": 0.0314437001944,
        "median": 0.02880859375,
        "min": 0.0078125,
        "var": 9.93337816908e-05
    },
    "barkbands": {
        "dmean": [9.08843576326e-05, 0.00431823730469, 0.0016646918375, 0.00070107227657, 0.000661134894472, 0.000600855564699, 0.00166238576639, 0.00054869154701, 3.41220074915e-05, 2.16324569919e-05, 3.62589598808e-05, 2.80190834019e-05, 1.83579013537e-05, 1.09224229163e-05, 7.647032362e-06, 4.03206104238e-06, 1.98023121811e-06, 1.76636478955e-06, 2.12919917431e-06, 2.62895150627e-06, 1.64115579082e-06, 9.90636067399e-07, 8.49111756906e-07, 9.61257001109e-07, 1.06010156742e-06, 1.30995192649e-06, 3.03470460494e-06],
        "dmean2": [0.000167847436387, 0.00710484758019, 0.00293270265684, 0.00118492660113, 0.00105610419996, 0.00092980498448, 0.00188765651546, 0.000690577726346, 5.54986982024e-05, 3.7723188143e-05, 6.41879523755e-05, 5.01025024278e-05, 3.18551028613e-05, 1.98561047e-05, 1.38618415804e-05, 6.72014857628e-06, 3.21790707858e-06, 2.85674536826e-06, 3.57139174412e-06, 4.58996009911e-06, 2.8160304737e-06, 1.70015869116e-06, 1.41389875807e-06, 1.60667093496e-06, 1.89256866179e-06, 2.20694573727e-06, 4.99049247082e-06],
        "dvar": [6.93219393e-09, 2.27180971706e-05, 3.649754035e-06, 3.78410788926e-07, 5.20059415976e-07, 4.55319224102e-07, 1.07433706944e-05, 6.71714758482e-07, 1.57714685756e-09, 4.38875658038e-10, 1.31567268191e-09, 9.93078841383e-10, 2.84132412043e-10, 1.39815797828e-10, 4.88860410486e-11, 1.35630491213e-11, 2.81056623287e-12, 2.04892483188e-12, 3.07970749597e-12, 1.56877635882e-11, 2.40366363966e-12, 5.83195980657e-13, 5.80168942402e-13, 7.47519125592e-13, 1.20151826856e-12, 1.34138772138e-12, 8.36699806661e-12],
        "dvar2": [2.14894466666e-08, 6.26492110314e-05, 1.00018505691e-05, 1.10484666038e-06, 1.43175680023e-06, 1.03500042314e-06, 9.31917020353e-06, 1.09895313471e-06, 3.47329964789e-09, 1.31892008426e-09, 3.9565000165e-09, 3.01032332395e-09, 8.66220817297e-10, 4.26400525999e-10, 1.40923925307e-10, 3.73897128536e-11, 7.465447531e-12, 5.64399048331e-12, 9.1947751496e-12, 4.30962071585e-11, 6.10488395947e-12, 1.56167927982e-12, 1.37870834541e-12, 2.13956348298e-12, 3.13304373764e-12, 2.94217536619e-12, 1.3362226256e-11],
        "max": [0.000462566502392, 0.0346226170659, 0.0133539345115, 0.00328233744949, 0.00649942364544, 0.00612892908975, 0.0622779652476, 0.0175768062472, 0.00040224957047, 0.000148912949953, 0.000234075501794, 0.000224476782023, 0.000131213309942, 7.95712185209e-05, 5.27806951141e-05, 2.62556150119e-05, 1.39643261718e-05, 1.25518236018e-05, 1.59904011525e-05, 4.15035137848e-05, 1.94941912923e-05, 7.55731844038e-06, 7.34837976779e-06, 9.78326443146e-06, 1.20737659017e-05, 1.18793423098e-05, 3.37002384185e-05],
        "mean": [0.000105390841782, 0.00597965251654, 0.0021586548537, 0.000846043927595, 0.00197480153292, 0.00220876466483, 0.0112964743748, 0.00325434072874, 6.11521536484e-05, 4.13638736063e-05, 6.04708147875e-05, 4.77906360175e-05, 3.53767391061e-05, 1.92513834918e-05, 1.55286634254e-05, 1.04989549072e-05, 5.52835399503e-06, 5.19798504683e-06, 7.10140921001e-06, 7.8732464317e-06, 5.07199001731e-06, 3.44789350493e-06, 3.67804136658e-06, 4.14606074628e-06, 5.36812649443e-06, 8.64163757797e-06, 2.64301088464e-05],
        "median": [8.55609978316e-05, 0.00364546943456, 0.00160932075232, 0.000620065722615, 0.00179507536814, 0.00208960170858, 0.00546819344163, 0.00105201813858, 4.55732260889e-05, 3.26711960952e-05, 4.29481588071e-05, 3.43644351233e-05, 3.10086725221e-05, 1.56223559316e-05, 1.45339026858e-05, 9.72571069724e-06, 5.34067703484e-06, 5.05399111717e-06, 6.80408174958e-06, 7.52680944061e-06, 4.8554679779e-06, 3.33333059643e-06, 3.52650272362e-06, 4.06460912927e-06, 5.27147903995e-06, 8.69100585987e-06, 2.6654539397e-05],
        "min": [5.0524922699e-06, 0.000192372724996, 4.84855263494e-05, 3.31423507305e-05, 2.98044469673e-05, 2.6279976737e-05, 3.57369913218e-06, 1.87771297533e-06, 2.17878164221e-06, 1.85477369996e-06, 1.27036594222e-06, 6.15436817952e-07, 7.98634616217e-08, 1.70497074237e-07, 1.10289967381e-07, 1.01508106809e-07, 1.4790963121e-07, 2.29043990885e-07, 3.31047573354e-07, 5.40377165237e-08, 8.18264354052e-08, 1.21683797261e-07, 1.42546795701e-07, 1.9924920025e-07, 9.8451423014e-08, 2.00622281454e-07, 6.34953607914e-07],
        "var": [6.99068136711e-09, 3.93691843783e-05, 4.62100933873e-06, 5.34205355507e-07, 7.33653223506e-07, 7.48413413021e-07, 0.000159919087309, 1.56731366587e-05, 3.16739545703e-09, 1.19462650883e-09, 2.95014390694e-09, 1.60506263835e-09, 5.70864078231e-10, 1.7486005699e-10, 6.70199312713e-11, 2.95626648161e-11, 6.01853202692e-12, 3.96546597642e-12, 6.82333443219e-12, 1.57047673477e-11, 4.05005846568e-12, 9.67533019848e-13, 8.26241744294e-13, 1.00889620009e-12, 1.31363691626e-12, 1.93053797774e-12, 1.38799484059e-11]
    },
    "erbbands": {
        "dmean": [0.085727520287, 1.10930466652, 1.97564208508, 2.28086924553, 1.07244491577, 2.15045905113, 8.8419342041, 2.16508102417, 4.36026763916, 44.6454925537, 3.99240732193, 0.779807448387, 0.914269804955, 0.884850561619, 1.26570427418, 0.930297255516, 0.847038805485, 0.596900701523, 0.460629165173, 0.288664728403, 0.184725984931, 0.105666317046, 0.107158631086, 0.0972216203809, 0.119892507792, 0.13235424459, 0.0875951275229, 0.0499084331095, 0.0387345887721, 0.0308727733791, 0.0240810792893, 0.0191353689879, 0.0170699767768, 0.0122742764652, 0.00855839438736, 0.00554487714544, 0.00269438303076, 0.00155514618382, 0.000458878581412, 6.4003339503e-05],
        "dmean2": [0.151813432574, 1.8218370676, 3.41185259819, 3.85010695457, 1.82639324665, 3.73023438454, 13.3016576767, 3.65176153183, 5.25424718857, 49.6838569641, 4.93014001846, 1.29074788094, 1.63703560829, 1.5374083519, 2.18309664726, 1.60241174698, 1.49422991276, 1.06327211857, 0.841489613056, 0.454313158989, 0.308519095182, 0.164324522018, 0.183054596186, 0.163536086679, 0.194008037448, 0.230549588799, 0.144925221801, 0.0876253172755, 0.0671966001391, 0.0514015592635, 0.0402474217117, 0.0323011912405, 0.0287943147123, 0.0213229693472, 0.0152269816026, 0.00992518011481, 0.00465740356594, 0.00259122136049, 0.000773207342718, 0.000105299615825],
        "dvar": [0.00895541720092, 1.51781225204, 6.69289159775, 3.824903965, 1.01282501221, 9.85064983368, 50.2585639954, 19.1129398346, 58.0953826904, 7651.33544922, 37.8117752075, 0.856573939323, 1.6253041029, 1.0666898489, 1.9914393425, 0.982672691345, 0.6238925457, 0.393559366465, 0.197575882077, 0.0827417075634, 0.0252077691257, 0.00778072979301, 0.00811341591179, 0.00636552413926, 0.00882020033896, 0.0352578684688, 0.0099065983668, 0.00286014215089, 0.000914841715712, 0.000586115347687, 0.00038582077832, 0.000420616735937, 0.000215421823668, 0.000178835980478, 7.06236023689e-05, 1.95594511752e-05, 6.18047079115e-06, 1.7035796418e-06, 1.7976320521e-07, 2.93355606473e-09],
        "dvar2": [0.0228731911629, 4.14166069031, 19.1428833008, 10.4667701721, 2.91964745522, 27.6470527649, 110.271240234, 39.6308555603, 54.2348976135, 6878.04833984, 62.5705184937, 2.13725423813, 5.10120201111, 3.30142259598, 5.64751911163, 2.90754961967, 1.924254179, 1.26777803898, 0.603726148605, 0.225507929921, 0.0684130340815, 0.0231705326587, 0.0227888990194, 0.0213034152985, 0.0239653065801, 0.0956687927246, 0.0251747686416, 0.00737102795392, 0.00262807379477, 0.00146811886225, 0.00093231088249, 0.00106263009366, 0.000643880339339, 0.000507421791553, 0.000184646472917, 4.2118379497e-05, 1.37873921631e-05, 3.8089544887e-06, 3.80192403782e-07, 4.90969709332e-09],
        "max": [0.67328608036, 8.78073120117, 19.1138153076, 11.4202623367, 6.56631135941, 27.5400104523, 65.935005188, 42.8886108398, 161.6222229, 1744.72753906, 156.875839233, 11.5429334641, 8.90573596954, 8.44459056854, 10.1579370499, 6.82436704636, 6.25321817398, 4.21772146225, 3.13914275169, 2.85786390305, 1.40301072598, 0.83280569315, 0.765452861786, 0.663006305695, 0.872949898243, 1.99901342392, 1.18758118153, 0.650827527046, 0.279057681561, 0.233834907413, 0.192031189799, 0.216985285282, 0.160366594791, 0.142522066832, 0.0866926759481, 0.0417429022491, 0.0277867596596, 0.0125108622015, 0.00429193908349, 0.000651860027574],
        "mean": [0.129763513803, 1.4805123806, 2.6995537281, 3.1311416626, 1.79563081264, 5.19626808167, 32.3993263245, 6.67583274841, 27.8235492706, 315.95501709, 29.2914981842, 2.31516051292, 1.57007646561, 1.66572785378, 2.40287876129, 1.84945082664, 1.66348397732, 1.14938807487, 0.858553946018, 0.755411744118, 0.50036996603, 0.321862876415, 0.296677827835, 0.295817911625, 0.381665557623, 0.380631476641, 0.266060233116, 0.164531543851, 0.126622155309, 0.115074597299, 0.10406819731, 0.084611043334, 0.07112326473, 0.0559823401272, 0.0406667143106, 0.0268372800201, 0.0169636569917, 0.00889047980309, 0.00329163484275, 0.000487785990117],
        "median": [0.0805128663778, 0.944046735764, 1.86824452877, 2.48583316803, 1.54257106781, 4.51313352585, 31.3282413483, 6.01942110062, 14.2132635117, 137.975402832, 12.5670585632, 1.9374486208, 1.14983034134, 1.25179255009, 1.66003000736, 1.43336427212, 1.38945627213, 1.02676427364, 0.776129961014, 0.68908727169, 0.442403316498, 0.307347089052, 0.286145508289, 0.282407224178, 0.356510818005, 0.358024299145, 0.24920001626, 0.158139824867, 0.123757563531, 0.110862761736, 0.101685389876, 0.0823346972466, 0.0689002722502, 0.0540367998183, 0.0395580381155, 0.0271004624665, 0.0170956049114, 0.00879745744169, 0.00332477805205, 0.000487483514007],
        "min": [0.00715057551861, 0.0380741134286, 0.103818573058, 0.0773441419005, 0.115625008941, 0.0842104926705, 0.200627192855, 0.19251306355, 0.0801815390587, 0.0310992281884, 0.0467143170536, 0.0492671877146, 0.0642512887716, 0.0411694124341, 0.058740504086, 0.0170021615922, 0.00323829078116, 0.00641324045137, 0.00764791388065, 0.00786165706813, 0.00643100915477, 0.00816819723696, 0.0117015838623, 0.022816427052, 0.00724491011351, 0.00252986466512, 0.00180766836274, 0.00500536616892, 0.00532742403448, 0.00313683599234, 0.00388507288881, 0.00424575991929, 0.00326476572081, 0.000931759655941, 0.000893095682841, 0.000496663560625, 0.00027506207698, 0.000228332079132, 7.73941064836e-05, 1.20275726658e-05],
        "var": [0.0168247595429, 2.56824278831, 7.40668869019, 6.33887624741, 1.55315864086, 11.0405864716, 146.645996094, 21.8832359314, 923.133728027, 129674.039062, 1104.30810547, 3.59273958206, 2.39463472366, 2.35076761246, 3.93443751335, 2.01583719254, 1.2555000782, 0.513018548489, 0.262666732073, 0.152100458741, 0.059698048979, 0.0179387237877, 0.012805050239, 0.0118591682985, 0.0215024072677, 0.0380440987647, 0.0141644338146, 0.00413481565192, 0.00142268044874, 0.00107865617611, 0.000599723483901, 0.000472194864415, 0.000301632942865, 0.000192723979126, 7.84741350799e-05, 2.65335329459e-05, 9.40202971833e-06, 2.51091319114e-06, 2.59788066614e-07, 5.78062309131e-09]
    },
    "gfcc": {
        "mean": [-51.4422874451, 108.413589478, -35.7483062744, -0.277206480503, -44.9897499084, -12.4926795959, -28.4496765137, -0.0450834073126, -8.10663414001, 16.8218536377, 0.641905725002, -1.43457508087, -14.2272357941],
        "cov": [[727.569885254, 240.127609253, -87.0322723389, -153.437927246, -105.967559814, -55.9458808899, 23.8020324707, 54.5203437805, 85.5139846802, 102.564811707, 3.28422760963, -68.3317871094, -76.8844070435], [240.127609253, 189.801086426, -13.2335853577, -72.2442321777, -55.6367912292, -20.8244132996, 31.6934127808, 59.6350250244, 63.6863136292, 32.0195922852, -13.6052999496, -44.3141403198, -53.8923988342], [-87.0322723389, -13.2335853577, 62.5726928711, 57.0492210388, 31.0595531464, 12.3872690201, 1.69196069241, 2.78831648827, -3.06041646004, -8.35186958313, -2.61894369125, 3.84147644043, 4.42549848557], [-153.437927246, -72.2442321777, 57.0492210388, 92.2844924927, 66.4216537476, 34.4588508606, -0.125847876072, -22.3461418152, -31.851184845, -23.8433837891, 1.18781912327, 22.8005619049, 28.5096263885], [-105.967559814, -55.6367912292, 31.0595531464, 66.4216537476, 86.7052459717, 64.4560623169, 8.7961730957, -33.9353408813, -47.6424674988, -33.7797698975, 4.1475071907, 34.0838813782, 37.9476661682], [-55.9458808899, -20.8244132996, 12.3872690201, 34.4588508606, 64.4560623169, 72.3288269043, 25.0802688599, -21.6113491058, -40.2373924255, -31.7891311646, 3.00907540321, 33.6687088013, 34.5824317932], [23.8020324707, 31.6934127808, 1.69196069241, -0.125847876072, 8.7961730957, 25.0802688599, 29.9664611816, 12.8977661133, 2.3660941124, -2.12179923058, 1.623478055, 6.4951543808, 4.36283683777], [54.5203437805, 59.6350250244, 2.78831648827, -22.3461418152, -33.9353408813, -21.6113491058, 12.8977661133, 45.4081192017, 42.8559074402, 20.127538681, -2.74996256828, -17.646654129, -21.3007125854], [85.5139846802, 63.6863136292, -3.06041646004, -31.851184845, -47.6424674988, -40.2373924255, 2.3660941124, 42.8559074402, 62.828414917, 40.543170929, -1.56502199173, -26.4887561798, -33.5910415649], [102.564811707, 32.0195922852, -8.35186958313, -23.8433837891, -33.7797698975, -31.7891311646, -2.12179923058, 20.127538681, 40.543170929, 47.8183021545, 10.2273349762, -17.6566047668, -20.7691993713], [3.28422760963, -13.6052999496, -2.61894369125, 1.18781912327, 4.1475071907, 3.00907540321, 1.623478055, -2.74996256828, -1.56502199173, 10.2273349762, 19.853811264, 11.6872739792, 6.8539814949], [-68.3317871094, -44.3141403198, 3.84147644043, 22.8005619049, 34.0838813782, 33.6687088013, 6.4951543808, -17.646654129, -26.4887561798, -17.6566047668, 11.6872739792, 38.4325180054, 34.6681594849], [-76.8844070435, -53.8923988342, 4.42549848557, 28.5096263885, 37.9476661682, 34.5824317932, 4.36283683777, -21.3007125854, -33.5910415649, -20.7691993713, 6.8539814949, 34.6681594849, 45.179058075]],
        "icov": [[0.00482549658045, -0.00637701619416, 0.00416530808434, 0.000725874037016, -0.0015676690964, 0.000394103233702, 0.00166072428692, -0.00159199046902, 0.0100215952843, -0.0145867140964, 0.00422134436667, -0.00200812332332, 0.00148908630945], [-0.00637701619416, 0.0330281443894, -0.0207782946527, 0.0282889828086, -0.0123085100204, 0.00198852457106, -0.0263454709202, -0.00310042430647, -0.0189643595368, 0.0176794435829, 0.00312017067336, 0.0121719641611, 0.00684210658073], [0.00416530808434, -0.0207782946527, 0.0683879256248, -0.0623551011086, 0.0155852921307, -0.0148332649842, 0.0302920825779, -0.022171927616, 0.0134742185473, -0.012235221453, -2.12465238292e-05, -0.00867085158825, 0.0108873024583], [0.000725874037016, 0.0282889828086, -0.0623551011086, 0.105721257627, -0.0709957107902, 0.0470430254936, -0.0494370833039, 0.0062737413682, -0.00248052692041, -0.00387469423003, 0.0170037988573, 0.00706996629015, -0.00590130640194], [-0.0015676690964, -0.0123085100204, 0.0155852921307, -0.0709957107902, 0.124625690281, -0.101351678371, 0.055951077491, 0.0161239709705, -0.0108964238316, 0.0114602828398, -0.0261281151325, 0.011533530429, -0.00669473875314], [0.000394103233702, 0.00198852457106, -0.0148332649842, 0.0470430254936, -0.101351678371, 0.15080177784, -0.0989373549819, 0.0154056269675, 0.0159596782178, 0.00338469841518, 0.0261340867728, -0.0354143567383, -0.00204240856692], [0.00166072428692, -0.0263454709202, 0.0302920825779, -0.0494370833039, 0.055951077491, -0.0989373549819, 0.147149696946, -0.0575260967016, 0.026077914983, -0.0209915116429, -0.0126495109871, -0.00648192409426, 0.00366555619985], [-0.00159199046902, -0.00310042430647, -0.022171927616, 0.0062737413682, 0.0161239709705, 0.0154056269675, -0.0575260967016, 0.134598553181, -0.104517661035, 0.0603847280145, -0.0345685742795, 0.0336354635656, -0.0350317135453], [0.0100215952843, -0.0189643595368, 0.0134742185473, -0.00248052692041, -0.0108964238316, 0.0159596782178, 0.026077914983, -0.104517661035, 0.176467880607, -0.125035196543, 0.069051720202, -0.0656983330846, 0.0534821562469], [-0.0145867140964, 0.0176794435829, -0.012235221453, -0.00387469423003, 0.0114602828398, 0.00338469841518, -0.0209915116429, 0.0603847280145, -0.125035196543, 0.152052849531, -0.0914738997817, 0.0633251219988, -0.0395905449986], [0.00422134436667, 0.00312017067336, -2.12465238292e-05, 0.0170037988573, -0.0261281151325, 0.0261340867728, -0.0126495109871, -0.0345685742795, 0.069051720202, -0.0914738997817, 0.137500703335, -0.0862903371453, 0.0416870974004], [-0.00200812332332, 0.0121719641611, -0.00867085158825, 0.00706996629015, 0.011533530429, -0.0354143567383, -0.00648192409426, 0.0336354635656, -0.0656983330846, 0.0633251219988, -0.0862903371453, 0.159834340215, -0.0878994986415], [0.00148908630945, 0.00684210658073, 0.0108873024583, -0.00590130640194, -0.00669473875314, -0.00204240856692, 0.00366555619985, -0.0350317135453, 0.0534821562469, -0.0395905449986, 0.0416870974004, -0.0878994986415, 0.108493283391]]
    },
    "melbands": {
        "dmean": [0.000992226530798, 0.00118327955715, 0.0003287656873, 9.93753346847e-05, 0.000251655059401, 5.90298914176e-05, 0.000132942004711, 0.000414296780946, 1.13982341645e-05, 4.97715791425e-06, 4.55172175862e-06, 3.51596008841e-06, 4.77207277072e-06, 3.16411978929e-06, 2.1105236101e-06, 1.76863170509e-06, 1.19431751955e-06, 7.89678779256e-07, 5.44062459085e-07, 3.7017861132e-07, 2.32055484162e-07, 1.33637115596e-07, 1.27798060134e-07, 7.69601200545e-08, 9.39256352694e-08, 1.14897289905e-07, 9.47279730212e-08, 1.03642058491e-07, 6.74354083685e-08, 4.74541153039e-08, 2.6914932505e-08, 2.5692736827e-08, 1.95979232842e-08, 2.01968770597e-08, 1.73460339425e-08, 1.40496956291e-08, 1.38200419997e-08, 1.32710917811e-08, 1.30120580977e-08, 1.15325065053e-08],
        "dmean2": [0.00166819931474, 0.00204977742396, 0.0005565394531, 0.000165960285813, 0.000381851830753, 9.93722787825e-05, 0.0001557967189, 0.000460039853351, 1.60705785675e-05, 8.28110023576e-06, 8.16881492938e-06, 6.11742734691e-06, 8.27815347293e-06, 5.47925992578e-06, 3.62001378562e-06, 3.23729796037e-06, 2.13708744923e-06, 1.4230367924e-06, 9.65854155766e-07, 6.15572332663e-07, 3.9612149294e-07, 2.14958106426e-07, 2.21641641929e-07, 1.2707042174e-07, 1.58537545758e-07, 2.02924042014e-07, 1.56455811862e-07, 1.79884892759e-07, 1.1330074301e-07, 8.16188787667e-08, 4.78731436715e-08, 4.36417124661e-08, 3.3430062274e-08, 3.32300089667e-08, 2.93413791042e-08, 2.27265690711e-08, 2.40871944612e-08, 2.29066348112e-08, 2.20774545312e-08, 1.93309350749e-08],
        "dvar": [1.24260031953e-06, 1.84663804248e-06, 7.83770701673e-08, 2.26793197555e-08, 4.23799875193e-08, 1.07388542503e-08, 5.84975232698e-08, 6.26241444479e-07, 5.35018529479e-10, 3.08586385611e-11, 3.90095560021e-11, 1.55127542756e-11, 2.25198141385e-11, 1.54266339286e-11, 6.85203933523e-12, 2.75542110829e-12, 1.49492668678e-12, 6.07618989845e-13, 3.57843691744e-13, 1.31084908011e-13, 4.06975478708e-14, 1.20302251437e-14, 1.18411860246e-14, 3.10808956764e-15, 5.73950795609e-15, 7.98881157082e-15, 6.1027008608e-15, 2.2817293912e-14, 5.94027001118e-15, 2.99444379239e-15, 5.96310241955e-16, 4.01113590373e-16, 2.98079443878e-16, 2.68010303646e-16, 2.07560129769e-16, 1.75606870625e-16, 1.74484340211e-16, 1.33922857278e-16, 1.10492900253e-16, 1.66473446703e-16],
        "dvar2": [3.15553188557e-06, 5.10901509188e-06, 2.12960316048e-07, 6.64018457996e-08, 9.25219794112e-08, 2.24487450851e-08, 5.21950056509e-08, 5.94182097302e-07, 7.59964646768e-10, 7.52043774477e-11, 1.22018034565e-10, 4.75896683172e-11, 6.27359691974e-11, 4.54481452472e-11, 1.81360308715e-11, 8.60355016397e-12, 4.76397697333e-12, 1.857045984e-12, 9.83290705803e-13, 3.69679899756e-13, 1.02103011647e-13, 3.64114019155e-14, 3.18665111117e-14, 8.48146202657e-15, 1.89899721517e-14, 2.41010231656e-14, 1.5580869521e-14, 6.3391058082e-14, 1.5495131152e-14, 7.81510883026e-15, 1.51981660594e-15, 1.18301947133e-15, 7.8979877219e-16, 7.38941537608e-16, 5.40497705813e-16, 4.8967673483e-16, 4.34100282652e-16, 3.85916151703e-16, 3.49762112066e-16, 4.93575945123e-16],
        "max": [0.00864574499428, 0.00932691153139, 0.0016613638727, 0.001237569144, 0.00185318593867, 0.000937521166634, 0.00480157881975, 0.0161089841276, 0.000412352819694, 5.05991483806e-05, 4.37012640759e-05, 3.282657417e-05, 3.65229716408e-05, 3.08622329612e-05, 2.03607196454e-05, 1.16567543955e-05, 7.21380229152e-06, 5.55197584617e-06, 4.83271969642e-06, 2.70202735919e-06, 1.84104294476e-06, 8.29066266306e-07, 7.89494208675e-07, 4.99372504237e-07, 5.66294829696e-07, 6.10664187661e-07, 7.90586796029e-07, 1.54990857482e-06, 8.46648674724e-07, 6.28847374173e-07, 2.73132201301e-07, 1.61790950415e-07, 1.37662752309e-07, 1.44445621686e-07, 1.22171456951e-07, 1.39030092328e-07, 1.18359864132e-07, 1.10739662773e-07, 9.67085966863e-08, 1.31583760776e-07],
        "mean": [0.00148488464765, 0.00168193574063, 0.000487013137899, 0.000164393073646, 0.000916264601983, 0.000192573061213, 0.000849657983053, 0.00292081502266, 5.31676741957e-05, 8.51101322041e-06, 7.19839908925e-06, 6.1979021666e-06, 8.4973862613e-06, 5.64537276659e-06, 4.31084754382e-06, 3.19846026287e-06, 1.97769372789e-06, 1.37086033192e-06, 1.15474369977e-06, 8.47585226893e-07, 5.26612268459e-07, 3.34043022576e-07, 2.8469619906e-07, 2.34782135067e-07, 2.29677652896e-07, 3.01430304717e-07, 2.55888210177e-07, 2.49860761414e-07, 1.83265257192e-07, 1.18819208694e-07, 8.47106136348e-08, 7.35753502568e-08, 6.17409270376e-08, 6.510332895e-08, 6.21228082309e-08, 5.22088043908e-08, 5.10404483123e-08, 5.04431625359e-08, 4.62344580399e-08, 4.72099728199e-08],
        "median": [0.000894187949598, 0.00114582991228, 0.000393669324694, 0.000126787053887, 0.000866902875714, 0.000179220893187, 0.000422813085606, 0.00124077033252, 2.51245892287e-05, 6.15168028162e-06, 4.63791502625e-06, 4.00368753617e-06, 5.89152932662e-06, 3.75903664462e-06, 3.60844387615e-06, 2.89237641482e-06, 1.64739367392e-06, 1.16740443445e-06, 1.08098288365e-06, 7.81970129538e-07, 4.990247362e-07, 3.10458290187e-07, 2.50267476076e-07, 2.32372869391e-07, 2.18245787664e-07, 2.80044361034e-07, 2.38843369971e-07, 2.33117404491e-07, 1.70737635585e-07, 1.08902440843e-07, 8.07564859429e-08, 7.2797270434e-08, 5.92219606688e-08, 6.19863627094e-08, 6.06562906569e-08, 5.23846672706e-08, 5.07477579959e-08, 4.93675571533e-08, 4.56354420919e-08, 4.53927704314e-08],
        "min": [6.48797577014e-05, 5.42259258509e-05, 1.63206841535e-05, 6.50047240924e-06, 6.36810364085e-06, 4.42186637883e-06, 1.07539131022e-06, 3.25842847815e-07, 3.87885847886e-07, 3.06282572637e-07, 3.22698497257e-07, 1.67329702094e-07, 1.9207590185e-07, 1.02180315764e-07, 4.60828930571e-09, 9.48582989935e-09, 1.26471864093e-08, 1.52289736377e-08, 7.63043228602e-09, 8.79489192585e-09, 7.57093143733e-09, 8.83440964827e-09, 7.15425541031e-09, 1.24377628197e-08, 2.07132124785e-08, 7.26103843718e-09, 2.04998240605e-09, 1.72729719417e-09, 1.19478271721e-09, 1.23321397538e-09, 3.46815975938e-09, 3.07091330143e-09, 2.26586593932e-09, 1.66193492301e-09, 1.89768778469e-09, 2.97422153572e-09, 2.48127918212e-09, 2.88656276659e-09, 8.31447632965e-10, 7.87886422771e-10],
        "var": [2.42323289967e-06, 2.48107062362e-06, 1.34265775387e-07, 2.56121293063e-08, 1.14707276566e-07, 1.17812284373e-08, 8.81533082975e-07, 1.11531862785e-05, 4.01872979339e-09, 5.85083370641e-11, 5.66895662357e-11, 3.44816224185e-11, 5.33810044778e-11, 2.36052202091e-11, 1.22030606106e-11, 4.28790249835e-12, 1.82377789086e-12, 7.99596554333e-13, 4.06846160494e-13, 2.34995643821e-13, 8.06384784792e-14, 2.35003819383e-14, 1.93612046697e-14, 6.38436642081e-15, 1.00564588056e-14, 1.37653551955e-14, 1.25566510382e-14, 2.2527839037e-14, 7.59282959721e-15, 3.98312881227e-15, 9.67664414987e-16, 6.26421575016e-16, 3.97474260375e-16, 4.44485833028e-16, 2.90719204022e-16, 2.1608886481e-16, 2.07811711789e-16, 1.76183528008e-16, 1.5887335094e-16, 1.77636163043e-16]
    },
    "mfcc": {
        "mean": [-732.990905762, 168.924926758, 47.5545578003, 25.4037799835, 6.28054666519, -0.382113188505, -3.72646570206, -14.208738327, -8.51364898682, 4.57762145996, 6.30692720413, 12.6936864853, 15.8500347137],
        "cov": [[751.629455566, 247.610168457, -55.3561019897, -88.3862762451, -116.138748169, -64.414352417, -58.7131004333, -77.5210266113, 10.6133308411, 53.6876907349, 57.3310966492, 83.9027862549, 69.6951904297], [247.610168457, 185.218536377, 2.55585598946, -43.3914527893, -58.1883354187, -46.8752059937, -34.7002067566, -3.30452609062, 25.5458984375, 41.7880783081, 39.8948516846, 34.5963859558, 24.0954151154], [-55.3561019897, 2.55585598946, 43.5652618408, 32.9582252502, 11.4226865768, -5.51412296295, -4.43363380432, 7.45579099655, 9.30637168884, 12.8615140915, 12.2920131683, 2.36016559601, 0.00790786743164], [-88.3862762451, -43.3914527893, 32.9582252502, 56.8261184692, 31.5813808441, 10.3447332382, 2.05166506767, -0.512800335884, 1.04995965958, 5.78913831711, 4.25415802002, -3.90359401703, -3.33724594116], [-116.138748169, -58.1883354187, 11.4226865768, 31.5813808441, 60.5917243958, 46.5423851013, 33.760974884, 20.3216533661, -4.67845106125, -18.1183567047, -19.0677661896, -22.7394733429, -14.4309549332], [-64.414352417, -46.8752059937, -5.51412296295, 10.3447332382, 46.5423851013, 76.986656189, 56.7777519226, 27.4426841736, -2.81417918205, -25.6684093475, -30.5423755646, -25.857963562, -12.816619873], [-58.7131004333, -34.7002067566, -4.43363380432, 2.05166506767, 33.760974884, 56.7777519226, 67.0484542847, 35.9053382874, -0.629404604435, -26.1961193085, -31.4056720734, -23.9374675751, -14.5307321548], [-77.5210266113, -3.30452609062, 7.45579099655, -0.512800335884, 20.3216533661, 27.4426841736, 35.9053382874, 52.082069397, 15.4416685104, -13.0484266281, -17.3199062347, -20.4235115051, -12.9771146774], [10.6133308411, 25.5458984375, 9.30637168884, 1.04995965958, -4.67845106125, -2.81417918205, -0.629404604435, 15.4416685104, 25.4975357056, 12.705037117, 3.59887862206, -1.08597004414, 1.07127952576], [53.6876907349, 41.7880783081, 12.8615140915, 5.78913831711, -18.1183567047, -25.6684093475, -26.1961193085, -13.0484266281, 12.705037117, 40.2887954712, 28.4476661682, 15.0048370361, 11.243932724], [57.3310966492, 39.8948516846, 12.2920131683, 4.25415802002, -19.0677661896, -30.5423755646, -31.4056720734, -17.3199062347, 3.59887862206, 28.4476661682, 41.8131484985, 26.3773384094, 13.4264717102], [83.9027862549, 34.5963859558, 2.36016559601, -3.90359401703, -22.7394733429, -25.857963562, -23.9374675751, -20.4235115051, -1.08597004414, 15.0048370361, 26.3773384094, 37.2719230652, 20.3203754425], [69.6951904297, 24.0954151154, 0.00790786743164, -3.33724594116, -14.4309549332, -12.816619873, -14.5307321548, -12.9771146774, 1.07127952576, 11.243932724, 13.4264717102, 20.3203754425, 30.3974990845]],
