{
"lowlevel": {
    "average_loudness": 0.99068403244,
    "barkbands_crest": {
        "dmean": 2.1317512989,
        "dmean2": 3.44631671906,
        "dvar": 11.3739566803,
        "dvar2": 31.0897655487,
        "max": 25.5483188629,
        "mean": 21.7082748413,
        "median": 22.823091507,
        "min": 9.18647766113,
        "var": 12.2524576187
    },
    "barkbands_flatness_db": {
        "dmean": 0.0251148957759,
        "dmean2": 0.0340615771711,
        "dvar": 0.00155380205251,
        "dvar2": 0.00336334458552,
        "max": 0.506089031696,
        "mean": 0.39294102788,
        "median": 0.439879894257,
        "min": 0.113117009401,
        "var": 0.0097846724093
    },
    "barkbands_kurtosis": {
        "dmean": 2.74469399452,
        "dmean2": 3.67994093895,
        "dvar": 17.7698993683,
        "dvar2": 40.7081108093,
        "max": 36.0047225952,
        "mean": 6.6076965332,
        "median": 4.45029783249,
        "min": -1.33355903625,
        "var": 52.1102752686
    },
    "barkbands_skewness": {
        "dmean": 0.69405734539,
        "dmean2": 1.0461575985,
        "dvar": 0.371867001057,
        "dvar2": 0.666481912136,
        "max": 4.1763753891,
        "mean": 0.705101788044,
        "median": 1.17126727104,
        "min": -3.41239285469,
        "var": 2.39848351479
    },
    "barkbands_spread": {
        "dmean": 1.47060978413,
        "dmean2": 2.40856027603,
        "dvar": 5.21045064926,
        "dvar2": 12.1782846451,
        "max": 15.7238607407,
        "mean": 4.72258138657,
        "median": 2.51768112183,
        "min": 0.923913478851,
        "var": 19.31939888
    },
    "dissonance": {
        "dmean": 0.0933196097612,
        "dmean2": 0.159994259477,
        "dvar": 0.0065652737394,
        "dvar2": 0.0184625349939,
        "max": 0.494048506021,
        "mean": 0.28698065877,
        "median": 0.282717049122,
        "min": 0.098370924592,
        "var": 0.00724444864318
    },
    "dynamic_complexity": 3.70936393738,
    "erbbands_crest": {
        "dmean": 1.65640223026,
        "dmean2": 2.06565856934,
        "dvar": 7.19822883606,
        "dvar2": 17.9361305237,
        "max": 28.5117511749,
        "mean": 24.4595527649,
        "median": 25.2656974792,
        "min": 11.5076112747,
        "var": 11.6291780472
    },
    "erbbands_flatness_db": {
        "dmean": 0.0215026009828,
        "dmean2": 0.0303345397115,
        "dvar": 0.00127602543216,
        "dvar2": 0.00293393153697,
        "max": 0.488923698664,
        "mean": 0.405702620745,
        "median": 0.443169265985,
        "min": 0.163530990481,
        "var": 0.00620003184304
    },
    "erbbands_kurtosis": {
        "dmean": 7.41445684433,
        "dmean2": 10.0067882538,
        "dvar": 129.730987549,
        "dvar2": 299.102874756,
        "max": 97.9214172363,
        "mean": 21.6048603058,
        "median": 5.7862443924,
        "min": -1.38044023514,
        "var": 916.654968262
    },
    "erbbands_skewness": {
        "dmean": 0.647752344608,
        "dmean2": 0.827084362507,
        "dvar": 0.705159008503,
        "dvar2": 1.70106840134,
        "max": 3.86304688454,
        "mean": 0.755831122398,
        "median": 1.24867129326,
        "min": -3.68966531754,
        "var": 2.52668762207
    },
    "erbbands_spread": {
        "dmean": 0.935144782066,
        "dmean2": 1.381772995,
        "dvar": 5.49229240417,
        "dvar2": 15.1864900589,
        "max": 18.1659374237,
        "mean": 3.89297819138,
        "median": 3.79092240334,
        "min": 1.01963400841,
        "var": 6.21997880936
    },
    "hfc": {
        "dmean": 2.25730109215,
        "dmean2": 3.02863049507,
        "dvar": 28.6496543884,
        "dvar2": 42.5919380188,
        "max": 47.5946846008,
        "mean": 24.43034935,
        "median": 30.5664920807,
        "min": 0.710133671761,
        "var": 232.171554565
    },
    "melbands_crest": {
        "dmean": 2.00252008438,
        "dmean2": 3.17347359657,
        "dvar": 8.50107288361,
        "dvar2": 21.2029075623,
        "max": 23.6112937927,
        "mean": 19.1632061005,
        "median": 20.4370918274,
        "min": 9.10320663452,
        "var": 10.3577890396
    },
    "melbands_flatness_db": {
        "dmean": 0.0247515346855,
        "dmean2": 0.0324323959649,
        "dvar": 0.00159363157582,
        "dvar2": 0.00350912939757,
        "max": 0.576704978943,
        "mean": 0.47099712491,
        "median": 0.501260519028,
        "min": 0.1830124259,
        "var": 0.00825418811291
    },
    "melbands_kurtosis": {
        "dmean": 2.3971054554,
        "dmean2": 3.33204102516,
        "dvar": 22.4389305115,
        "dvar2": 54.8125915527,
        "max": 39.0188217163,
        "mean": 6.17601060867,
        "median": 5.7011089325,
        "min": -1.886515975,
        "var": 54.6597747803
    },
    "melbands_skewness": {
        "dmean": 0.676900923252,
        "dmean2": 1.1059461832,
        "dvar": 0.277311652899,
        "dvar2": 0.572411000729,
        "max": 2.58899211884,
        "mean": 0.716796159744,
        "median": 1.09787511826,
        "min": -2.4080851078,
        "var": 1.45194423199
    },
    "melbands_spread": {
        "dmean": 1.77184140682,
        "dmean2": 2.96274399757,
        "dvar": 7.05072927475,
        "dvar2": 14.3339185715,
        "max": 24.7116641998,
        "mean": 8.6953125,
        "median": 4.52221727371,
        "min": 1.67430865765,
        "var": 60.3326301575
    },
    "pitch_salience": {
        "dmean": 0.070479311049,
        "dmean2": 0.113701403141,
        "dvar": 0.0138718122616,
        "dvar2": 0.0342499874532,
        "max": 0.836311042309,
        "mean": 0.358380824327,
        "median": 0.339416414499,
        "min": 0.216984435916,
        "var": 0.0128399273381
    },
    "silence_rate_20dB": {
        "dmean": 0,
        "dmean2": 0,
        "dvar": 0,
        "dvar2": 0,
        "max": 1,
        "mean": 1,
        "median": 1,
        "min": 1,
        "var": 0
    },
    "silence_rate_30dB": {
        "dmean": 0,
        "dmean2": 0,
        "dvar": 0,
        "dvar2": 0,
        "max": 1,
        "mean": 1,
        "median": 1,
        "min": 1,
        "var": 0
    },
    "silence_rate_60dB": {
        "dmean": 0.0833333358169,
        "dmean2": 0.152542367578,
        "dvar": 0.0763890445232,
        "dvar2": 0.163171172142,
        "max": 1,
        "mean": 0.213114753366,
        "median": 0,
        "min": 0,
        "var": 0.167696759105
    },
    "spectral_centroid": {
        "dmean": 19.128194809,
        "dmean2": 28.8630580902,
        "dvar": 881.24432373,
        "dvar2": 2497.87597656,
        "max": 859.99017334,
        "mean": 753.676635742,
        "median": 751.051757812,
        "min": 642.616088867,
        "var": 1943.02416992
    },
    "spectral_complexity": {
        "dmean": 1.16666662693,
        "dmean2": 1.71186435223,
        "dvar": 3.5722219944,
        "dvar2": 4.81528139114,
        "max": 14,
        "mean": 4.0163936615,
        "median": 4,
        "min": 1,
        "var": 6.40956830978
    },
    "spectral_decrease": {
        "dmean": 9.31097532408e-10,
        "dmean2": 1.16381970727e-09,
        "dvar": 2.86086515308e-18,
        "dvar2": 4.24916352737e-18,
        "max": -2.38340319703e-10,
        "mean": -8.201690882e-09,
        "median": -9.97590277052e-09,
        "min": -1.68120095623e-08,
        "var": 2.63199937364e-17
    },
    "spectral_energy": {
        "dmean": 0.00371136027388,
        "dmean2": 0.00466215237975,
        "dvar": 4.69300648547e-05,
        "dvar2": 6.92253306624e-05,
        "max": 0.0677691325545,
        "mean": 0.0331708081067,
        "median": 0.0403246916831,
        "min": 0.000969893240836,
        "var": 0.000429958832683
    },
    "spectral_energyband_high": {
        "dmean": 2.96426605928e-05,
        "dmean2": 5.15689353051e-05,
        "dvar": 1.71321001829e-08,
        "dvar2": 4.70741632341e-08,
        "max": 0.000841648376081,
        "mean": 2.32069032791e-05,
        "median": 1.51911979174e-06,
        "min": 6.63903279019e-07,
        "var": 1.23583632217e-08
    },
    "spectral_energyband_low": {
        "dmean": 0.000226744319662,
        "dmean2": 0.000412678433349,
        "dvar": 7.17366859249e-08,
        "dvar2": 1.78405628048e-07,
        "max": 0.00132155290339,
        "mean": 0.000313403143082,
        "median": 0.000205412725336,
        "min": 2.44136554102e-05,
        "var": 1.02046051609e-07
    },
    "spectral_energyband_middle_high": {
        "dmean": 0.00169151171576,
        "dmean2": 0.00188189314213,
        "dvar": 2.10385678656e-05,
        "dvar2": 2.67129798885e-05,
        "max": 0.0324500501156,
        "mean": 0.00561665184796,
        "median": 0.00436465302482,
        "min": 0.000649301044177,
        "var": 2.978030534e-05
    },
    "spectral_energyband_middle_low": {
        "dmean": 0.00360266957432,
        "dmean2": 0.00436291564256,
        "dvar": 3.40340266121e-05,
        "dvar2": 6.45779291517e-05,
        "max": 0.0626344829798,
        "mean": 0.027452589944,
        "median": 0.0351181142032,
        "min": 0.000100792138255,
        "var": 0.00038178396062
    },
    "spectral_entropy": {
        "dmean": 0.215072318912,
        "dmean2": 0.294242858887,
        "dvar": 0.134730830789,
        "dvar2": 0.261655688286,
        "max": 7.39264345169,
        "mean": 4.84654712677,
        "median": 4.35890340805,
        "min": 3.83523869514,
        "var": 0.941614747047
    },
    "spectral_flux": {
        "dmean": 0.0144148860127,
        "dmean2": 0.0247819386423,
        "dvar": 0.00100880034734,
        "dvar2": 0.00194347847719,
        "max": 0.175105795264,
        "mean": 0.0311634782702,
        "median": 0.0144559051841,
        "min": 0.00651036435738,
        "var": 0.00182925257832
    },
    "spectral_kurtosis": {
        "dmean": 11.460103035,
        "dmean2": 19.2863197327,
        "dvar": 296.803833008,
        "dvar2": 658.213562012,
        "max": 122.319892883,
        "mean": 57.0825881958,
        "median": 69.868057251,
        "min": 5.37184143066,
        "var": 1150.32751465
    },
    "spectral_rms": {
        "dmean": 0.000376858573873,
        "dmean2": 0.000496953318361,
        "dvar": 7.71763154717e-07,
        "dvar2": 1.06738593786e-06,
        "max": 0.00813118834049,
        "mean": 0.00516002299264,
        "median": 0.00627225311473,
        "min": 0.000972747278865,
        "var": 5.73594388698e-06
    },
    "spectral_rolloff": {
        "dmean": 81.4672851562,
        "dmean2": 161.681503296,
        "dvar": 38053.9804688,
        "dvar2": 82713.609375,
        "max": 1313.52539062,
        "mean": 842.972412109,
        "median": 839.794921875,
        "min": 667.529296875,
        "var": 50287.6445312
    },
    "spectral_skewness": {
        "dmean": 0.760958492756,
        "dmean2": 1.30622541904,
        "dvar": 0.79341083765,
        "dvar2": 1.88439428806,
        "max": 9.5814666748,
        "mean": 5.91579818726,
        "median": 6.78359127045,
        "min": 2.20312905312,
        "var": 4.13434505463
    },
    "spectral_spread": {
        "dmean": 516580.21875,
        "dmean2": 792921.125,
        "dvar": 243214024704,
        "dvar2": 446180589568,
        "max": 5790736,
        "mean": 2418688,
        "median": 1770679,
        "min": 955346.1875,
        "var": 1.77263489843e+12
    },
    "spectral_strongpeak": {
        "dmean": 0.38936984539,
        "dmean2": 0.409778982401,
        "dvar": 0.455494403839,
        "dvar2": 0.659757256508,
        "max": 6.40448713303,
        "mean": 3.93870639801,
        "median": 4.85721445084,
        "min": 0.145610824227,
        "var": 3.54578661919
    },
    "zerocrossingrate": {
        "dmean": 0.00214029941708,
        "dmean2": 0.00237519852817,
        "dvar": 1.92490624613e-05,
        "dvar2": 2.03945437534e-05,
        "max": 0.06005859375,
        "mean": 0.032362639904,
        "median": 0.02978515625,
        "min": 0.00927734375,
        "var": 4.42061609647e-05
    },
    "barkbands": {
        "dmean": [5.52816936761e-06, 0.000154137596837, 8.16915780888e-05, 9.2494119599e-05, 0.000281304324744, 0.000233260725508, 7.43064083508e-05, 0.000212700586417, 0.00319036189467, 0.00132554664742, 2.15954460145e-05, 4.31672779087e-05, 0.000599896826316, 5.52734763914e-06, 3.50199952663e-05, 2.09472409551e-06, 1.80918277692e-06, 8.72544660524e-07, 1.85454132406e-06, 1.72840134383e-06, 3.33089246851e-06, 9.10578000912e-06, 1.65672406638e-06, 3.51426569978e-06, 7.06058835931e-06, 3.92356969314e-06, 8.97341294603e-07],
        "dmean2": [7.88780926086e-06, 0.00026858333149, 0.000148678809637, 0.000177593217813, 0.00054868782172, 0.000458692986285, 0.000125780919916, 0.000406326085795, 0.00336128193885, 0.00138521706685, 3.80494348065e-05, 8.46067632665e-05, 0.000609555980191, 8.70136773301e-06, 5.2981209592e-05, 3.65073242392e-06, 3.43872102349e-06, 1.7372401544e-06, 2.66862389253e-06, 3.03187903228e-06, 6.47540264254e-06, 1.56045425683e-05, 3.21373204315e-06, 5.51905122848e-06, 1.26353716041e-05, 7.06882883605e-06, 1.67313544353e-06],
        "dvar": [1.80487652601e-10, 4.23788648618e-08, 1.19442979951e-08, 6.44912816483e-08, 7.40387861242e-07, 7.11017207777e-07, 5.68866518336e-08, 5.88103659993e-07, 2.62064604613e-05, 2.60031993093e-05, 6.38421271404e-09, 4.52030199938e-08, 5.44332579011e-07, 5.17185960724e-10, 8.53140580404e-09, 7.07954944668e-11, 5.695301869e-11, 1.67831078896e-11, 1.85841828038e-11, 4.83155043751e-11, 2.59568339045e-10, 1.74314818135e-09, 4.6750707472e-11, 1.99760860631e-10, 1.04353081731e-09, 2.85162837788e-10, 1.55838588561e-11],
        "dvar2": [1.82104817337e-10, 9.01435868172e-08, 3.47364057518e-08, 2.01388061782e-07, 2.17628030441e-06, 2.09917720895e-06, 1.49291338403e-07, 1.72351860783e-06, 3.28420064761e-05, 3.16216792271e-05, 1.81989125991e-08, 1.33209127284e-07, 9.80084223556e-07, 1.12020892562e-09, 1.65918585537e-08, 1.92028198898e-10, 1.72274153276e-10, 5.01600670721e-11, 5.14637603366e-11, 1.29785640568e-10, 7.61142038286e-10, 4.81287321108e-09, 1.3745338201e-10, 4.25356305733e-10, 2.91302804101e-09, 7.86894271965e-10, 4.47094028466e-11],
        "max": [0.000115409769933, 0.00121496443171, 0.00050604128046, 0.00142270326614, 0.0049338741228, 0.00421441439539, 0.00119527592324, 0.00433789379895, 0.0616387687624, 0.0351189412177, 0.000502334034536, 0.00124342169147, 0.010989212431, 0.000151108411956, 0.000663842190988, 5.37117193744e-05, 4.45209843747e-05, 2.32458296523e-05, 2.54142814811e-05, 4.43571225333e-05, 9.50349640334e-05, 0.000270342337899, 4.08428168157e-05, 9.7167911008e-05, 0.000202711613383, 0.000105593717308, 2.42459100264e-05],
        "mean": [7.45335819374e-06, 0.000209471749258, 7.48511156416e-05, 6.77360003465e-05, 0.000229291443247, 0.00013697554823, 5.19287023053e-05, 0.000147213009768, 0.0265063103288, 0.00187355850358, 1.86903344002e-05, 2.67545856332e-05, 0.00366083648987, 4.94957521369e-06, 0.000119598167657, 1.95754319066e-06, 2.90069897346e-06, 5.30134116161e-07, 5.51465791432e-06, 1.29403804294e-06, 2.1609448595e-06, 7.24686242393e-06, 1.26729582917e-06, 3.86725923818e-06, 4.822878509e-06, 2.69640145234e-06, 9.42626058986e-07],
        "median": [2.76083142126e-06, 0.000130724176415, 3.06352885673e-05, 2.56598505075e-05, 4.66196252091e-05, 4.71847397421e-06, 2.43102340391e-06, 6.60962905386e-06, 0.0342499688268, 2.48189026024e-05, 1.27260818772e-06, 9.9726037206e-07, 0.00321366125718, 2.92256629564e-07, 7.03100668034e-05, 5.58685883334e-07, 1.49880975187e-06, 9.20444520602e-08, 1.55604323027e-06, 2.0355179231e-07, 1.98343713009e-07, 1.45517290662e-07, 1.22506108369e-07, 1.43909346662e-07, 1.23444237943e-07, 1.3971730084e-07, 3.86181994827e-07],
        "min": [1.97634875576e-07, 6.83526423018e-06, 1.56986050115e-06, 7.64761864502e-07, 3.04318223243e-06, 5.05040191001e-07, 3.30895886691e-07, 2.94705728265e-07, 6.08945924796e-07, 8.53013489177e-07, 2.32632515917e-07, 1.80518554771e-07, 3.46184805267e-07, 7.40735259797e-08, 1.593795389e-07, 1.10486084282e-07, 6.01674017275e-08, 3.15865733569e-08, 1.30841669943e-07, 6.82842724586e-08, 5.0273591512e-08, 4.3659891702e-08, 3.5258562292e-08, 5.66282984948e-08, 5.307976636e-08, 6.99064059972e-08, 8.41043785726e-08],
        "var": [2.53264881289e-10, 5.76040086742e-08, 1.18318510545e-08, 3.61276946137e-08, 4.76544727235e-07, 4.00974357717e-07, 4.16006820103e-08, 3.56746284069e-07, 0.00039417122025, 3.40391125064e-05, 4.53989557059e-09, 2.49496281413e-08, 1.11184926936e-05, 5.17044906889e-10, 1.93009643823e-08, 4.84142621826e-11, 3.33210820047e-11, 8.6596597948e-12, 4.2663081401e-11, 3.4195223042e-11, 1.45789907924e-10, 1.29947008709e-09, 2.84138979706e-11, 2.35636149482e-10, 6.97523983018e-10, 1.89564433595e-10, 9.37008196727e-12]
    },
    "erbbands": {
        "dmean": [0.00469170790166, 0.0357712693512, 0.0909819081426, 0.1825414747, 0.827124834061, 0.831333100796, 1.5098156929, 1.77178144455, 0.787318408489, 1.95118689537, 19.1187477112, 82.1040344238, 38.8290290833, 15.3138790131, 1.28415703773, 6.50001811981, 27.1701030731, 1.05341815948, 0.366392582655, 2.36165499687, 0.18402582407, 0.101389847696, 0.0750071033835, 0.0864413455129, 0.075262196362, 0.0865337997675, 0.151756927371, 0.087296590209, 0.398244559765, 0.139880716801, 0.0495639108121, 0.0423697866499, 0.084278665483, 0.102988384664, 0.029264351353, 0.0201615337282, 0.00723676383495, 0.00102238496765, 0.000171203428181, 1.06316674646e-05],
        "dmean2": [0.00716968951747, 0.0646469816566, 0.16631513834, 0.348726570606, 1.59972953796, 1.59792733192, 2.92521262169, 3.48128175735, 1.37743532658, 3.25321364403, 22.1586380005, 80.8487548828, 42.5137176514, 18.3866481781, 2.03628492355, 8.18218708038, 27.5302200317, 1.00607419014, 0.517153978348, 3.56969928741, 0.282780587673, 0.193969428539, 0.147511139512, 0.113245218992, 0.134312033653, 0.149432316422, 0.299681514502, 0.164733961225, 0.680953681469, 0.243770584464, 0.0966936722398, 0.0664611235261, 0.129262328148, 0.176506996155, 0.0537761822343, 0.0373618453741, 0.0127975372598, 0.00188169023022, 0.000325188855641, 1.85058179341e-05],
        "dvar": [4.29544088547e-05, 0.00197761063464, 0.0130509147421, 0.238581106067, 5.13648891449, 7.22024583817, 30.1648788452, 39.4527816772, 6.76650571823, 33.5180740356, 1107.27758789, 14907.2089844, 18218.3300781, 3716.86694336, 18.6716251373, 126.467193604, 1111.55029297, 1.47756171227, 0.889027833939, 38.4143104553, 0.304133921862, 0.190690621734, 0.116791203618, 0.0250425003469, 0.0881243050098, 0.122021026909, 0.545198023319, 0.163277238607, 3.33054947853, 0.362311840057, 0.0496766194701, 0.0295180995017, 0.114071913064, 0.216456860304, 0.0171080250293, 0.00751608004794, 0.00098562578205, 1.98065936274e-05, 5.91428431562e-07, 1.12404052732e-09],
        "dvar2": [7.66002558521e-05, 0.00466168113053, 0.0380614362657, 0.719062566757, 15.6178436279, 21.0091781616, 88.8512802124, 116.75693512, 18.5186843872, 90.619102478, 1493.10644531, 17111.3808594, 28808.3398438, 4068.78369141, 49.7230415344, 355.417419434, 2073.25854492, 3.27348589897, 2.04265809059, 75.1632995605, 0.653220355511, 0.570482611656, 0.350714325905, 0.059640083462, 0.256739169359, 0.323256373405, 1.61081063747, 0.468321084976, 9.17206954956, 1.01141488552, 0.146393120289, 0.0730677172542, 0.251244306564, 0.587729752064, 0.0483439750969, 0.0211089886725, 0.00269724335521, 5.57930070499e-05, 1.71911074176e-06, 3.19850035346e-09],
        "max": [0.0453281439841, 0.228579387069, 0.533248007298, 2.79382824898, 12.8176851273, 15.2260932922, 29.1926326752, 30.6296329498, 14.1308116913, 30.4792480469, 348.509277344, 1572.79321289, 948.903076172, 412.154998779, 25.2081508636, 94.2954101562, 498.955810547, 19.0032806396, 6.46604633331, 44.9116897583, 3.79768800735, 2.60033655167, 1.97327804565, 1.19290995598, 1.76913309097, 2.25312280655, 4.26671791077, 2.48070931435, 11.8379850388, 3.89333939552, 1.31914114952, 1.16285967827, 2.33082175255, 3.00418996811, 0.804977297783, 0.528282046318, 0.19981329143, 0.0275178402662, 0.00462231598794, 0.000230559759075],
        "mean": [0.00652478588745, 0.0447487346828, 0.091511875391, 0.154466077685, 0.710072040558, 0.605733156204, 0.906772077084, 1.05019843578, 0.624588251114, 3.75773406029, 159.142150879, 663.961730957, 76.4082794189, 23.5048103333, 1.96076154709, 32.1984214783, 166.076965332, 6.46230459213, 0.967429697514, 7.991938591, 0.555538594723, 0.161179676652, 0.0862848088145, 0.319200575352, 0.09846008569, 0.0683419406414, 0.0880064666271, 0.0661276504397, 0.319392800331, 0.114344932139, 0.0350859351456, 0.0387591086328, 0.0890961438417, 0.0769762471318, 0.0191609561443, 0.0127074997872, 0.00527566857636, 0.00077323341975, 0.000163614648045, 4.99432826473e-05],
        "median": [0.00378860975616, 0.0312997251749, 0.0409394465387, 0.0675587281585, 0.166743725538, 0.12554359436, 0.0533143356442, 0.0398769564927, 0.149004876614, 3.3374876976, 201.016357422, 841.729675293, 45.533367157, 2.21286082268, 0.91500556469, 30.9735164642, 151.987060547, 6.24880504608, 0.761386454105, 4.73698425293, 0.320428818464, 0.108132593334, 0.0362730883062, 0.0979216769338, 0.0266100466251, 0.0110182240605, 0.00665409676731, 0.00737101398408, 0.00550378113985, 0.00416900822893, 0.00360427703708, 0.00309549807571, 0.00239043706097, 0.00166049913969, 0.000938585551921, 0.000596794183366, 0.000302441796521, 0.00013867020607, 6.63252649247e-05, 5.36606821697e-05],
        "min": [0.000243440968916, 0.00148967257701, 0.00234626838937, 0.0092289596796, 0.0183069538325, 0.00744682736695, 0.0068595353514, 0.0105305975303, 0.02114094235, 0.0156141547486, 0.0276495013386, 0.331651359797, 14.831360817, 1.34111380577, 0.287628293037, 0.0384315662086, 0.0199518874288, 0.0168669596314, 0.0120097445324, 0.0085789039731, 0.0057589863427, 0.00420487392694, 0.00507678324357, 0.00599317066371, 0.00709935463965, 0.00359440012835, 0.00210863444954, 0.00232444517314, 0.00176151248161, 0.00137449230533, 0.00119518174324, 0.00085489731282, 0.0009567955276, 0.000638579716906, 0.000444886332843, 0.000287723494694, 0.000123282909044, 3.11669027724e-05, 1.33470539367e-05, 2.47064645009e-06],
        "var": [7.13714907761e-05, 0.0024023198057, 0.0142293069512, 0.14132834971, 3.35922145844, 4.44136953354, 17.3120212555, 22.3902759552, 4.57126522064, 25.967912674, 13526.8242188, 246883.46875, 19944.3242188, 5075.98242188, 13.9406290054, 826.469482422, 22725.0488281, 31.8570995331, 1.20452296734, 86.4543304443, 0.486512392759, 0.109794721007, 0.061406545341, 0.138331711292, 0.0515706837177, 0.0893435850739, 0.292787611485, 0.101400479674, 2.49968957901, 0.269932299852, 0.0283864755183, 0.026910064742, 0.129737019539, 0.159496948123, 0.0108060967177, 0.00468561146408, 0.000686769722961, 1.24962025438e-05, 3.3799369703e-07, 9.25845289323e-10]
    },
    "gfcc": {
        "mean": [-157.848342896, 128.009994507, -110.699913025, -54.5562896729, -41.4413070679, 26.356842041, 3.1604218483, 17.9236278534, -6.12744855881, -7.89767456055, -24.5713405609, -25.1224308014, -17.8391056061],
        "cov": [[3073.99121094, -63.921005249, -1081.15368652, -488.68572998, -498.88293457, -0.0311767570674, -730.926452637, -262.386779785, 270.290924072, 427.693328857, 8.83243179321, -448.724395752, -523.638549805], [-63.921005249, 657.45098877, -596.375732422, -509.78338623, 288.866912842, -103.120231628, -1.35439932346, 11.7708902359, 237.428115845, 137.290618896, 155.981628418, -294.651672363, -264.605651855], [-1081.15368652, -596.375732422, 1780.23449707, 980.194519043, -216.581634521, 62.3526573181, 313.480926514, 54.5989570618, -577.10559082, -427.944976807, -283.769378662, 762.575439453, 856.280822754], [-488.68572998, -509.78338623, 980.194519043, 708.05645752, -212.302642822, 70.962890625, 188.809280396, 25.6041126251, -375.986907959, -285.599090576, -147.72807312, 457.853393555, 464.73614502], [-498.88293457, 288.866912842, -216.581634521, -212.302642822, 329.557067871, -19.6276073456, 128.470336914, 92.8219451904, 147.327468872, 58.1669464111, 101.216346741, -127.004966736, -131.485275269], [-0.0311767570674, -103.120231628, 62.3526573181, 70.962890625, -19.6276073456, 68.6646652222, 5.70095586777, 4.5875711441, -3.30991649628, -12.3067235947, -28.4974632263, 23.142408371, 26.0885314941], [-730.926452637, -1.35439932346, 313.480926514, 188.809280396, 128.470336914, 5.70095586777, 245.102005005, 95.1593399048, -91.5998916626, -122.690917969, 18.4767112732, 134.782775879, 136.461380005], [-262.386779785, 11.7708902359, 54.5989570618, 25.6041126251, 92.8219451904, 4.5875711441, 95.1593399048, 72.6979141235, 13.7320575714, -9.08863258362, 27.2599220276, 18.9560451508, 5.2777762413], [270.290924072, 237.428115845, -577.10559082, -375.986907959, 147.327468872, -3.30991649628, -91.5998916626, 13.7320575714, 260.432373047, 177.523223877, 89.7375564575, -269.163604736, -284.036987305], [427.693328857, 137.290618896, -427.944976807, -285.599090576, 58.1669464111, -12.3067235947, -122.690917969, -9.08863258362, 177.523223877, 172.56602478, 63.1753005981, -190.971603394, -208.851776123], [8.83243179321, 155.981628418, -283.769378662, -147.72807312, 101.216346741, -28.4974632263, 18.4767112732, 27.2599220276, 89.7375564575, 63.1753005981, 103.941291809, -111.214149475, -142.457290649], [-448.724395752, -294.651672363, 762.575439453, 457.853393555, -127.004966736, 23.142408371, 134.782775879, 18.9560451508, -269.163604736, -190.971603394, -111.214149475, 366.005493164, 390.675201416], [-523.638549805, -264.605651855, 856.280822754, 464.73614502, -131.485275269, 26.0885314941, 136.461380005, 5.2777762413, -284.036987305, -208.851776123, -142.457290649, 390.675201416, 460.293273926]],
        "icov": [[0.0030195619911, -0.00331008783542, 0.000184161530342, -0.00588456680998, 0.00440626265481, -0.000486069126055, 0.00428619561717, -0.000876356440131, 0.00176013680175, -0.00969995278865, 0.0024784526322, 0.00115529214963, 0.00362802133895], [-0.00331008783542, 0.0147726731375, -0.00279273907654, 0.0159011352807, -0.00756039563566, 0.0048679029569, -0.00551404012367, 0.00616743834689, -0.00360167818144, 0.0183156523854, -0.0155683979392, 0.00893228221685, -0.0133158592507], [0.000184161530342, -0.00279273907654, 0.0165688991547, -0.0099261244759, -0.00587452156469, 0.00261078565381, 0.00302084907889, -0.0128572694957, 0.0115994559601, -0.00708950543776, 0.0182571280748, -0.00207570940256, -0.0134180346504], [-0.00588456680998, 0.0159011352807, -0.0099261244759, 0.0453226715326, -0.00263411854394, -0.0123987086117, -0.0109829483554, 0.00374669930898, 0.000301059480989, 0.0375231169164, -0.0236406549811, -0.0160252992064, 0.00181164126843], [0.00440626265481, -0.00756039563566, -0.00587452156469, -0.00263411854394, 0.0232613310218, -0.00364022445865, -0.0052367975004, -0.00128863251302, -0.0066431039013, -0.0144089488313, -0.000183479511179, -0.00104169175029, 0.012862868607], [-0.000486069126055, 0.0048679029569, 0.00261078565381, -0.0123987086117, -0.00364022445865, 0.0330938883126, -0.00518997432664, 0.00580815318972, -0.0143195437267, -0.00254966760986, 0.00849203579128, 0.0127070518211, -0.00968660227954], [0.00428619561717, -0.00551404012367, 0.00302084907889, -0.0109829483554, -0.0052367975004, -0.00518997432664, 0.0461213439703, -0.034588240087, 0.0116923339665, 0.00877602770925, -0.0101717589423, 0.00924819335341, -0.00710348086432], [-0.000876356440131, 0.00616743834689, -0.0128572694957, 0.00374669930898, -0.00128863251302, 0.00580815318972, -0.034588240087, 0.0747625902295, -0.0281995721161, -0.00847492180765, -0.00774565432221, -0.0184222236276, 0.0233755856752], [0.00176013680175, -0.00360167818144, 0.0115994559601, 0.000301059480989, -0.0066431039013, -0.0143195437267, 0.0116923339665, -0.0281995721161, 0.0541353933513, -0.0217634420842, 0.0115232337266, 0.0153891928494, -0.0121439024806], [-0.00969995278865, 0.0183156523854, -0.00708950543776, 0.0375231169164, -0.0144089488313, -0.00254966760986, 0.00877602770925, -0.00847492180765, -0.0217634420842, 0.0822173058987, -0.034316431731, -0.00866536423564, -0.0110693946481], [0.0024784526322, -0.0155683979392, 0.0182571280748, -0.0236406549811, -0.000183479511179, 0.00849203579128, -0.0101717589423, -0.00774565432221, 0.0115232337266, -0.034316431731, 0.0658777505159, -0.021116534248, 0.0161972306669], [0.00115529214963, 0.00893228221685, -0.00207570940256, -0.0160252992064, -0.00104169175029, 0.0127070518211, 0.00924819335341, -0.0184222236276, 0.0153891928494, -0.00866536423564, -0.021116534248, 0.0959370061755, -0.0594554506242], [0.00362802133895, -0.0133158592507, -0.0134180346504, 0.00181164126843, 0.012862868607, -0.00968660227954, -0.00710348086432, 0.0233755856752, -0.0121439024806, -0.0110693946481, 0.0161972306669, -0.0594554506242, 0.0707982555032]]
    },
    "melbands": {
        "dmean": [4.17683077103e-05, 4.4476135372e-05, 4.88060577482e-05, 6.74495968269e-05, 4.66833516839e-05, 3.95669339923e-05, 1.33561779876e-05, 2.30038149311e-05, 0.000306862901198, 0.00043981950148, 0.000200776194106, 8.62659871927e-05, 3.16345790452e-06, 3.19834748552e-06, 6.67824351694e-05, 3.02406388073e-05, 3.20652617347e-07, 5.03117746575e-07, 2.37721951635e-06, 1.82722533282e-06, 6.01351288765e-08, 7.73888615413e-08, 1.26256523458e-07, 3.77431419452e-08, 7.51273177002e-08, 6.67846293823e-08, 6.87177390546e-08, 4.44703083247e-08, 9.35208603892e-08, 5.25166150567e-08, 5.27363432923e-08, 1.59672623568e-07, 2.75630441138e-07, 2.96799456123e-08, 2.5658353664e-08, 2.0044700122e-08, 3.03363236753e-08, 5.65520181794e-08, 8.06689044452e-08, 8.45085779133e-08],
        "dmean2": [6.94479458616e-05, 7.96180029283e-05, 9.26301072468e-05, 0.000131442968268, 8.85422268766e-05, 7.78611065471e-05, 2.29852139455e-05, 4.12276931456e-05, 0.000358884455636, 0.000432275264757, 0.000201394301257, 0.000102416735899, 5.77628497922e-06, 6.07388165008e-06, 7.21250398783e-05, 3.01132549794e-05, 4.88648879582e-07, 7.84639155427e-07, 3.80500227948e-06, 2.70218424703e-06, 1.1793876098e-07, 1.48776450715e-07, 2.43516126375e-07, 7.50348974066e-08, 9.30912662511e-08, 1.1040167891e-07, 1.22919516343e-07, 7.51488400397e-08, 1.84908031997e-07, 1.04240307053e-07, 9.83386101439e-08, 2.73430742936e-07, 4.72480081726e-07, 5.43651701435e-08, 5.12014253218e-08, 3.53639784123e-08, 4.73575276771e-08, 8.59457358615e-08, 1.21733279457e-07, 1.48538859435e-07],
        "dvar": [3.34789107548e-09, 2.38076292014e-09, 1.71532938964e-08, 3.90258456662e-08, 2.80401426522e-08, 1.9977720811e-08, 1.90863391758e-09, 5.77824676995e-09, 2.84140440954e-07, 4.26869405601e-07, 5.42998748188e-07, 1.19262082876e-07, 1.66344799046e-10, 2.331706217e-10, 7.39596073274e-09, 1.36502542603e-09, 1.58386856148e-12, 4.04701445966e-12, 4.51966346293e-11, 2.22381522919e-11, 8.19909664793e-14, 1.10607730657e-13, 3.04670622498e-13, 3.07286036623e-14, 1.45316108457e-14, 4.72888702751e-14, 9.0336226455e-14, 2.71955360656e-14, 2.02160608132e-13, 6.59650285784e-14, 5.65514601564e-14, 5.33409850578e-13, 1.60802426062e-12, 1.09423205902e-14, 1.38865944094e-14, 6.67843466076e-15, 1.57030167542e-14, 5.12404212756e-14, 1.14497414371e-13, 1.51704048087e-13],
        "dvar2": [6.57940946169e-09, 6.96208468653e-09, 5.27445820353e-08, 1.16927672877e-07, 8.19420407083e-08, 5.89869948442e-08, 5.13165554494e-09, 1.62821791605e-08, 3.81474450251e-07, 4.92008325637e-07, 7.99093356818e-07, 1.33346318876e-07, 4.83032391863e-10, 6.75677402917e-10, 1.56709898391e-08, 2.49714893208e-09, 3.58079624979e-12, 8.99856057723e-12, 8.8309276558e-11, 4.40256407719e-11, 2.44639730565e-13, 3.33498636693e-13, 9.21150417228e-13, 9.18390390863e-14, 2.87540207844e-14, 1.39213320776e-13, 2.49170774074e-13, 7.0045437007e-14, 5.9822421539e-13, 1.95618383146e-13, 1.60614279038e-13, 1.46890030521e-12, 4.44643323896e-12, 3.07255577318e-14, 4.15143620706e-14, 1.82833823493e-14, 3.85468227975e-14, 1.16757108539e-13, 2.79251041778e-13, 4.19082520423e-13],
        "max": [0.000373330636648, 0.000231641548453, 0.000746797421016, 0.00111191277392, 0.000908012967557, 0.000693206267897, 0.000233101876802, 0.000350174843334, 0.0058421427384, 0.00843191798776, 0.00513109471649, 0.00235068704933, 7.91021739133e-05, 9.15921191336e-05, 0.00115704291966, 0.000565543712582, 8.44436817715e-06, 1.33656658363e-05, 4.48777864221e-05, 3.49599904439e-05, 1.63635229455e-06, 1.95076131604e-06, 3.22409960063e-06, 9.93760636447e-07, 1.15392822408e-06, 1.27340285871e-06, 1.88591548067e-06, 1.07378286884e-06, 2.5879705845e-06, 1.47819355334e-06, 1.47964306052e-06, 4.7358385018e-06, 8.20367677079e-06, 6.54798384403e-07, 6.75235412473e-07, 5.27795975813e-07, 8.43868690481e-07, 1.55227849064e-06, 2.32148681789e-06, 2.47045159085e-06],
        "mean": [5.82050306548e-05, 5.23926428286e-05, 4.2884501454e-05, 5.30709658051e-05, 2.87502916763e-05, 2.34102735703e-05, 9.28273584577e-06, 1.56637161126e-05, 0.0026075693313, 0.00355479912832, 0.000266617542366, 0.00012483476894, 2.50443417826e-06, 2.17661613533e-06, 0.000386729545426, 0.000187847646885, 2.9655083722e-07, 4.3133408667e-07, 8.16903957457e-06, 6.06704315942e-06, 3.9270833696e-08, 1.11151130966e-07, 1.82429459983e-07, 2.29111822847e-08, 3.0302516052e-07, 1.30261170739e-07, 4.89683600335e-08, 3.59317589016e-08, 5.32609298887e-08, 3.09825942679e-08, 4.21028474307e-08, 1.28123218701e-07, 2.18769173443e-07, 2.7549999615e-08, 1.68228524444e-08, 1.68147629154e-08, 2.67971316248e-08, 5.6269701787e-08, 7.64737961845e-08, 5.94306612811e-08],
        "median": [3.7648522266e-05, 2.95693098451e-05, 1.76259072759e-05, 1.30039234136e-05, 2.1488974653e-06, 8.0475751929e-07, 5.92513003994e-07, 3.77518603045e-07, 0.00334802130237, 0.0045012049377, 5.57232033316e-06, 8.91334082098e-07, 1.73331230258e-07, 1.21431099842e-07, 0.000362475198926, 0.000183773052413, 3.22244133599e-08, 2.30883703267e-08, 4.74712669529e-06, 3.61811999028e-06, 8.63606963719e-09, 5.477258469e-08, 9.2002366614e-08, 3.7472416281e-09, 9.08747139761e-08, 3.34759242548e-08, 7.23832638272e-09, 6.2136438217e-09, 3.88354770564e-09, 3.30227667433e-09, 4.54964776964e-09, 3.19892001777e-09, 2.65335664551e-09, 2.09625605763e-09, 2.00948968576e-09, 1.90177007475e-09, 1.94304572432e-09, 1.60355284606e-09, 1.39212852357e-09, 1.27403121386e-09],
        "min": [2.3147479169e-06, 2.14836654777e-06, 2.4017015221e-06, 1.14030990517e-06, 2.1112145987e-07, 9.98470852664e-08, 5.45849587752e-08, 8.90362343853e-08, 4.18050660755e-08, 1.00251185131e-07, 1.78833673203e-07, 6.53911698123e-08, 3.21070281473e-08, 2.38189414858e-08, 2.6210974724e-08, 4.04588149649e-08, 1.24479999641e-08, 3.84507803375e-09, 8.02028399249e-09, 1.24237429233e-08, 2.29133734209e-09, 4.02734556815e-09, 3.54290419224e-09, 1.27343036116e-09, 4.22263601862e-09, 4.29768842736e-09, 2.32264851796e-09, 1.84134107961e-09, 1.35053590533e-09, 1.01954045206e-09, 1.0369030079e-09, 9.58500168124e-10, 7.11414815946e-10, 5.67947799901e-10, 6.30200114315e-10, 4.59105309325e-10, 4.88096452145e-10, 6.27073948323e-10, 6.03880889738e-10, 4.36976732576e-10],
        "var": [4.87499018931e-09, 3.24960769404e-09, 1.05275725915e-08, 2.41766322517e-08, 1.65726525836e-08, 1.13370415278e-08, 1.33878153008e-09, 3.84176201962e-09, 3.75109766537e-06, 7.07235312802e-06, 6.55858627852e-07, 1.61574817525e-07, 1.0562895697e-10, 1.36632122283e-10, 1.23172085864e-07, 2.8966413268e-08, 1.53034659597e-12, 3.94003493026e-12, 9.35554064774e-11, 5.02325299412e-11, 4.26564640272e-14, 6.15468572916e-14, 1.70406223854e-13, 1.5843046547e-14, 1.26650819281e-13, 3.69190389252e-14, 5.9842118782e-14, 2.1313922239e-14, 1.07753683634e-13, 3.50679094053e-14, 3.65387041912e-14, 3.99196138385e-13, 1.19670582038e-12, 8.92288816483e-15, 7.35984047957e-15, 4.91667855179e-15, 1.41165579253e-14, 5.43233027192e-14, 1.12348884807e-13, 1.05085841558e-13]
    },
    "mfcc": {
        "mean": [-858.18536377, 175.704299927, 6.16625642776, -16.9672851562, -5.39805793762, 4.68033838272, 12.7003488541, 15.4945297241, 17.3913593292, 23.6147232056, 18.045255661, -5.87193822861, -13.6174068451],
        "cov": [[3612.70385742, -287.951629639, 24.761264801, -818.52166748, -507.720062256, -195.878173828, -415.460784912, -420.681335449, -117.84677887, -175.155578613, 237.688247681, -3.86225676537, 109.376174927], [-287.951629639, 560.167358398, -329.988952637, -57.0754470825, 116.717750549, -43.6343002319, -84.9426651001, -150.780944824, -101.718154907, 243.031906128, 194.782516479, 59.9258079529, -37.4884567261], [24.761264801, -329.988952637, 775.187072754, 209.817047119, -175.233230591, 106.704803467, 172.073898315, 197.010421753, 155.694244385, -320.18927002, -649.360168457, -368.310211182, 52.3516197205], [-818.52166748, -57.0754470825, 209.817047119, 367.378601074, 110.567100525, 63.8771514893, 178.309677124, 174.670135498, 58.4108428955, -57.6065864563, -225.748123169, -74.6323547363, -18.9698123932], [-507.720062256, 116.717750549, -175.233230591, 110.567100525, 193.814926147, 8.65125370026, 7.13733386993, -10.2783470154, -17.6372585297, 133.59072876, 149.556472778, 128.461227417, -18.2037353516], [-195.878173828, -43.6343002319, 106.704803467, 63.8771514893, 8.65125370026, 55.4133644104, 59.8091201782, 62.4254493713, 40.3258323669, -36.9749336243, -104.608009338, -50.9038696289, -1.50591349602], [-415.460784912, -84.9426651001, 172.073898315, 178.309677124, 7.13733386993, 59.8091201782, 143.225341797, 147.29359436, 53.0486221313, -77.3910675049, -175.986053467, -84.4914321899, -12.345032692], [-420.681335449, -150.780944824, 197.010421753, 174.670135498, -10.2783470154, 62.4254493713, 147.29359436, 203.057891846, 75.4172286987, -113.610244751, -189.338821411, -89.4881896973, -12.7877988815], [-117.84677887, -101.718154907, 155.694244385, 58.4108428955, -17.6372585297, 40.3258323669, 53.0486221313, 75.4172286987, 78.6668930054, -66.42527771, -141.260284424, -58.0834922791, 22.1627693176], [-175.155578613, 243.031906128, -320.18927002, -57.6065864563, 133.59072876, -36.9749336243, -77.3910675049, -113.610244751, -66.42527771, 213.960784912, 281.967285156, 153.998092651, -20.8717594147], [237.688247681, 194.782516479, -649.360168457, -225.748123169, 149.556472778, -104.608009338, -175.986053467, -189.338821411, -141.260284424, 281.967285156, 677.959655762, 369.475921631, -47.7203330994], [-3.86225676537, 59.9258079529, -368.310211182, -74.6323547363, 128.461227417, -50.9038696289, -84.4914321899, -89.4881896973, -58.0834922791, 153.998092651, 369.475921631, 256.348693848, -6.19787597656], [109.376174927, -37.4884567261, 52.3516197205, -18.9698123932, -18.2037353516, -1.50591349602, -12.345032692, -12.7877988815, 22.1627693176, -20.8717594147, -47.7203330994, -6.19787597656, 46.0554351807]],
