{
"lowlevel": {
    "average_loudness": 0.941377818584,
    "barkbands_crest": {
        "dmean": 3.43887162209,
        "dmean2": 5.94073581696,
        "dvar": 7.32804822922,
        "dvar2": 19.3518028259,
        "max": 24.2105445862,
        "mean": 13.4418802261,
        "median": 13.2287197113,
        "min": 4.44041776657,
        "var": 22.7819042206
    },
    "barkbands_flatness_db": {
        "dmean": 0.0205149464309,
        "dmean2": 0.0356973931193,
        "dvar": 0.000256299565081,
        "dvar2": 0.000629119866062,
        "max": 0.290844231844,
        "mean": 0.145469248295,
        "median": 0.135282799602,
        "min": 0.0538233853877,
        "var": 0.00277973012999
    },
    "barkbands_kurtosis": {
        "dmean": 3.96894168854,
        "dmean2": 6.98060512543,
        "dvar": 12.4066047668,
        "dvar2": 31.5979423523,
        "max": 22.1882266998,
        "mean": 8.22163772583,
        "median": 7.58712005615,
        "min": 1.02461290359,
        "var": 23.1191062927
    },
    "barkbands_skewness": {
        "dmean": 0.4949234128,
        "dmean2": 0.878820896149,
        "dvar": 0.195333987474,
        "dvar2": 0.51342946291,
        "max": 4.0386223793,
        "mean": 1.71587002277,
        "median": 1.72729969025,
        "min": -1.01697981358,
        "var": 1.6820653677
    },
    "barkbands_spread": {
        "dmean": 4.72712278366,
        "dmean2": 8.12772083282,
        "dvar": 27.1168785095,
        "dvar2": 65.4878082275,
        "max": 47.9749794006,
        "mean": 17.9600811005,
        "median": 16.0870285034,
        "min": 2.76053237915,
        "var": 98.1560134888
    },
    "dissonance": {
        "dmean": 0.0307897049934,
        "dmean2": 0.053348980844,
        "dvar": 0.000927930814214,
        "dvar2": 0.00219264859334,
        "max": 0.49495446682,
        "mean": 0.413445353508,
        "median": 0.425494253635,
        "min": 0.188382521272,
        "var": 0.00402738945559
    },
    "dynamic_complexity": 4.82918787003,
    "erbbands_crest": {
        "dmean": 1.97705245018,
        "dmean2": 3.24684524536,
        "dvar": 3.45727801323,
        "dvar2": 8.1880197525,
        "max": 32.7356910706,
        "mean": 17.6171112061,
        "median": 15.8058443069,
        "min": 4.38576173782,
        "var": 66.5527496338
    },
    "erbbands_flatness_db": {
        "dmean": 0.0121082104743,
        "dmean2": 0.0197516307235,
        "dvar": 0.000171175706782,
        "dvar2": 0.000428789237048,
        "max": 0.340347349644,
        "mean": 0.143158301711,
        "median": 0.127054929733,
        "min": 0.046981073916,
        "var": 0.00718795647845
    },
    "erbbands_kurtosis": {
        "dmean": 4.46706819534,
        "dmean2": 7.27264881134,
        "dvar": 49.9799118042,
        "dvar2": 147.625076294,
        "max": 56.0996284485,
        "mean": 12.1886148453,
        "median": 5.50448799133,
        "min": -1.07464849949,
        "var": 217.36907959
    },
    "erbbands_skewness": {
        "dmean": 0.409206300974,
        "dmean2": 0.702817976475,
        "dvar": 0.26883867383,
        "dvar2": 0.714585006237,
        "max": 4.89488077164,
        "mean": 1.88943266869,
        "median": 1.51767861843,
        "min": 0.291569232941,
        "var": 1.37023425102
    },
    "erbbands_spread": {
        "dmean": 3.90579175949,
        "dmean2": 6.26297235489,
        "dvar": 14.8499441147,
        "dvar2": 41.4248390198,
        "max": 83.7755508423,
        "mean": 31.027797699,
        "median": 17.8897476196,
        "min": 1.60753250122,
        "var": 694.29498291
    },
    "hfc": {
        "dmean": 1.84138834476,
        "dmean2": 2.89490842819,
        "dvar": 20.2133789062,
        "dvar2": 47.9618835449,
        "max": 62.9793243408,
        "mean": 10.3738412857,
        "median": 4.91419172287,
        "min": 0.073859475553,
        "var": 122.729072571
    },
    "melbands_crest": {
        "dmean": 3.90905737877,
        "dmean2": 6.80827760696,
        "dvar": 11.8238763809,
        "dvar2": 27.6559276581,
        "max": 29.7242050171,
        "mean": 16.8861999512,
        "median": 16.268863678,
        "min": 6.52779722214,
        "var": 28.7394771576
    },
    "melbands_flatness_db": {
        "dmean": 0.0242355782539,
        "dmean2": 0.0422296449542,
        "dvar": 0.000460240262328,
        "dvar2": 0.00110019603744,
        "max": 0.383127838373,
        "mean": 0.252154648304,
        "median": 0.246951341629,
        "min": 0.143572330475,
        "var": 0.00247075711377
    },
    "melbands_kurtosis": {
        "dmean": 6.62790107727,
        "dmean2": 12.1200313568,
        "dvar": 70.0355911255,
        "dvar2": 207.234191895,
        "max": 66.8758239746,
        "mean": 13.8952445984,
        "median": 6.72740936279,
        "min": -1.17993175983,
        "var": 239.476135254
    },
    "melbands_skewness": {
        "dmean": 0.695865392685,
        "dmean2": 1.22277724743,
        "dvar": 0.335010737181,
        "dvar2": 0.952972710133,
        "max": 6.60555744171,
        "mean": 1.91699099541,
        "median": 1.71161007881,
        "min": -2.02851700783,
        "var": 5.06899833679
    },
    "melbands_spread": {
        "dmean": 3.34060788155,
        "dmean2": 5.79593658447,
        "dvar": 8.45221328735,
        "dvar2": 20.4981708527,
        "max": 26.3970890045,
        "mean": 12.6580972672,
        "median": 12.8164558411,
        "min": 4.82723283768,
        "var": 18.990688324
    },
    "pitch_salience": {
        "dmean": 0.0787161290646,
        "dmean2": 0.135451585054,
        "dvar": 0.00571958115324,
        "dvar2": 0.0161215700209,
        "max": 0.783995211124,
        "mean": 0.468547523022,
        "median": 0.456626027822,
        "min": 0.204865515232,
        "var": 0.0130136655644
    },
    "silence_rate_20dB": {
        "dmean": 0,
        "dmean2": 0,
        "dvar": 0,
        "dvar2": 0,
        "max": 1,
        "mean": 1,
        "median": 1,
        "min": 1,
        "var": 0
    },
    "silence_rate_30dB": {
        "dmean": 0,
        "dmean2": 0,
        "dvar": 0,
        "dvar2": 0,
        "max": 1,
        "mean": 1,
        "median": 1,
        "min": 1,
        "var": 0
    },
    "silence_rate_60dB": {
        "dmean": 0.0416666679084,
        "dmean2": 0.0756302550435,
        "dvar": 0.0399305671453,
        "dvar2": 0.103523805737,
        "max": 1,
        "mean": 0.024793388322,
        "median": 0,
        "min": 0,
        "var": 0.0241786912084
    },
    "spectral_centroid": {
        "dmean": 110.227775574,
        "dmean2": 182.005996704,
        "dvar": 17367.125,
        "dvar2": 48998.59375,
        "max": 1592.32214355,
        "mean": 832.524841309,
        "median": 742.516418457,
        "min": 484.463256836,
        "var": 50193.1914062
    },
    "spectral_complexity": {
        "dmean": 1.0583332777,
        "dmean2": 1.67226886749,
        "dvar": 0.788263738155,
        "dvar2": 1.73292815685,
        "max": 11,
        "mean": 6.71900844574,
        "median": 6,
        "min": 0,
        "var": 3.1111240387
    },
    "spectral_decrease": {
        "dmean": 9.97974591854e-10,
        "dmean2": 1.60425117635e-09,
        "dvar": 2.65401912834e-18,
        "dvar2": 5.90969800139e-18,
        "max": -9.77967099663e-12,
        "mean": -3.95086408034e-09,
        "median": -2.26416463356e-09,
        "min": -2.30949748214e-08,
        "var": 1.7951415751e-17
    },
    "spectral_energy": {
        "dmean": 0.0039098802954,
        "dmean2": 0.00624803779647,
        "dvar": 4.26106271334e-05,
        "dvar2": 9.53481940087e-05,
        "max": 0.0928783118725,
        "mean": 0.0158524215221,
        "median": 0.00903491303325,
        "min": 4.36099981016e-05,
        "var": 0.000288396520773
    },
    "spectral_energyband_high": {
        "dmean": 1.82963231055e-05,
        "dmean2": 2.86253416562e-05,
        "dvar": 3.17459530885e-10,
        "dvar2": 6.44073627765e-10,
        "max": 0.000324137246935,
        "mean": 0.000158271330292,
        "median": 0.000141351862112,
        "min": 3.03558476844e-06,
        "var": 3.2584768217e-09
    },
    "spectral_energyband_low": {
        "dmean": 0.00232483167201,
        "dmean2": 0.00407319469377,
        "dvar": 3.76841967409e-06,
        "dvar2": 9.7160182122e-06,
        "max": 0.0153501071036,
        "mean": 0.00408837990835,
        "median": 0.00358385709114,
        "min": 1.60590043379e-05,
        "var": 6.76650961395e-06
    },
    "spectral_energyband_middle_high": {
        "dmean": 0.000182956384378,
        "dmean2": 0.000318016856909,
        "dvar": 7.28878291056e-08,
        "dvar2": 2.43462409344e-07,
        "max": 0.00328553374857,
        "mean": 0.000711669097655,
        "median": 0.000401765340939,
        "min": 5.09888513989e-06,
        "var": 4.08110480521e-07
    },
    "spectral_energyband_middle_low": {
        "dmean": 0.00269933510572,
        "dmean2": 0.00427078129724,
        "dvar": 4.24379468313e-05,
        "dvar2": 9.95547816274e-05,
        "max": 0.0869142636657,
        "mean": 0.0112631935626,
        "median": 0.00347946025431,
        "min": 1.35461950777e-05,
        "var": 0.000254877581028
    },
    "spectral_entropy": {
        "dmean": 0.143436685205,
        "dmean2": 0.229294642806,
        "dvar": 0.0184183511883,
        "dvar2": 0.0375597439706,
        "max": 8.66609382629,
        "mean": 7.43641662598,
        "median": 7.51937532425,
        "min": 5.74770116806,
        "var": 0.448405504227
    },
    "spectral_flux": {
        "dmean": 0.0132991857827,
        "dmean2": 0.0221460014582,
        "dvar": 0.000178038244485,
        "dvar2": 0.000407132087275,
        "max": 0.14944756031,
        "mean": 0.0499971471727,
        "median": 0.0440796501935,
        "min": 0.0257977433503,
        "var": 0.000449991523055
    },
    "spectral_kurtosis": {
        "dmean": 0.748605847359,
        "dmean2": 1.17988014221,
        "dvar": 0.634858131409,
        "dvar2": 1.5049482584,
        "max": 19.4984912872,
        "mean": 6.98953294754,
        "median": 5.86843490601,
        "min": 2.49410581589,
        "var": 18.4869155884
    },
    "spectral_rms": {
        "dmean": 0.000489016936626,
        "dmean2": 0.000800223322585,
        "dvar": 2.86546253392e-07,
        "dvar2": 5.53269671855e-07,
        "max": 0.00951908528805,
        "mean": 0.00352389737964,
        "median": 0.00296893063933,
        "min": 0.000206267635804,
        "var": 3.04791683448e-06
    },
    "spectral_rolloff": {
        "dmean": 148.399658203,
        "dmean2": 278.12210083,
        "dvar": 54326.1015625,
        "dvar2": 157787.828125,
        "max": 1765.72265625,
        "mean": 634.784851074,
        "median": 667.529296875,
        "min": 215.33203125,
        "var": 45081.0585938
    },
    "spectral_skewness": {
        "dmean": 0.11713873595,
        "dmean2": 0.188879922032,
        "dvar": 0.0121771441773,
        "dvar2": 0.0288011562079,
        "max": 3.85521864891,
        "mean": 2.18800973892,
        "median": 2.04504513741,
        "min": 1.39090812206,
        "var": 0.427836745977
    },
    "spectral_spread": {
        "dmean": 474358.71875,
        "dmean2": 705280,
        "dvar": 1.43150075085e+12,
        "dvar2": 1.06807374643e+12,
        "max": 21970580,
        "mean": 6800058.5,
        "median": 6821053,
        "min": 3480277.5,
        "var": 4.05288229274e+12
    },
    "spectral_strongpeak": {
        "dmean": 0.320342838764,
        "dmean2": 0.511234760284,
        "dvar": 0.383642524481,
        "dvar2": 0.842639863491,
        "max": 7.29445743561,
        "mean": 1.46241617203,
        "median": 0.189828142524,
        "min": 0,
        "var": 3.39034485817
    },
    "zerocrossingrate": {
        "dmean": 0.010774740018,
        "dmean2": 0.0142052918673,
        "dvar": 8.84403198143e-05,
        "dvar2": 0.000149177853018,
        "max": 0.146484375,
        "mean": 0.0715917125344,
        "median": 0.0634765625,
        "min": 0.01904296875,
        "var": 0.000885586079676
    },
    "barkbands": {
        "dmean": [0.000203173738555, 0.00195817626081, 0.000778934569098, 0.000296055077342, 0.000384715327527, 0.000271756842267, 0.000167854333995, 5.17999542353e-05, 0.00247823353857, 0.000169619757799, 2.26978245337e-05, 1.47442169691e-05, 0.000125071324874, 1.18602920338e-05, 8.60618638399e-06, 5.87790145801e-06, 3.11984103973e-06, 3.62952891919e-06, 4.62525531475e-06, 5.94458788328e-06, 4.14324176745e-06, 4.42839336756e-06, 3.15235956805e-06, 3.46136653206e-06, 3.81667132388e-06, 3.72489307665e-06, 6.77039588481e-06],
        "dmean2": [0.000351812603185, 0.00347422319464, 0.00132324721199, 0.000486189790536, 0.000660106015857, 0.00046881128219, 0.000294549914543, 8.19042179501e-05, 0.00393819250166, 0.000260262342636, 4.24593199568e-05, 2.59469343291e-05, 0.000213195555261, 2.06619388337e-05, 1.38331697599e-05, 1.01722016552e-05, 5.37221330887e-06, 6.21655726718e-06, 7.44354611015e-06, 1.02791882455e-05, 6.77151865602e-06, 8.0320833149e-06, 5.19922923559e-06, 5.62886452826e-06, 6.57622513245e-06, 5.95391111347e-06, 1.12321340566e-05],
        "dvar": [3.50152866702e-08, 2.81334632746e-06, 4.93350853503e-07, 1.31687968974e-07, 5.66371227251e-07, 1.23805662611e-07, 5.36035926757e-08, 1.09538920157e-08, 4.30113905168e-05, 3.63047369945e-08, 2.53971688124e-09, 1.90178386927e-10, 7.25354780684e-08, 1.05309309884e-10, 9.55372378431e-11, 2.30187882644e-11, 8.46948986638e-12, 1.43350739265e-11, 3.51190500292e-11, 3.39216432721e-11, 1.41007127849e-11, 1.97340511987e-11, 1.1143152373e-11, 1.39017530126e-11, 1.4020692593e-11, 1.10415617621e-11, 4.90667714792e-11],
        "dvar2": [9.91598270161e-08, 7.93630988483e-06, 1.35512016186e-06, 3.44240191907e-07, 1.61583625413e-06, 3.73729790226e-07, 1.65654881812e-07, 2.12779536213e-08, 0.000102016121673, 8.55413944123e-08, 7.50896944623e-09, 4.59077553749e-10, 2.35256294445e-07, 2.94693991432e-10, 2.21575285897e-10, 6.46259573633e-11, 2.38417705717e-11, 3.51139707588e-11, 9.73110411695e-11, 8.72403052576e-11, 3.26555518737e-11, 5.57654096511e-11, 2.6993095259e-11, 3.24563952103e-11, 3.90541002315e-11, 2.22362059321e-11, 1.00046471108e-10],
        "max": [0.00131506018806, 0.0103807486594, 0.00472522946075, 0.00285241659731, 0.00638720300049, 0.00225373241119, 0.00174700771458, 0.00157027528621, 0.0830475464463, 0.0034763130825, 0.000452766020317, 0.000102469071862, 0.00299873761833, 7.35502108e-05, 0.000101548954262, 3.72057256754e-05, 2.15274758375e-05, 2.89591571345e-05, 4.93494480907e-05, 5.02463844896e-05, 4.11225119024e-05, 3.669855505e-05, 3.58950201189e-05, 5.39193642908e-05, 4.66837009299e-05, 5.23823509866e-05, 7.14816123946e-05],
        "mean": [0.000251638470218, 0.00267243548296, 0.00100738392211, 0.000357972428901, 0.000540152424946, 0.000581969041377, 0.000258329178905, 7.50390099711e-05, 0.0087306201458, 0.000762102776207, 3.31416413246e-05, 2.31484118558e-05, 0.000279640458757, 2.13818657357e-05, 1.81750037882e-05, 1.39609874168e-05, 7.94319475972e-06, 9.4271836133e-06, 1.41463669934e-05, 1.67990419868e-05, 1.56859350682e-05, 1.32484301503e-05, 1.31995548145e-05, 1.70677576534e-05, 1.71474966919e-05, 2.45870214712e-05, 5.54470498173e-05],
        "median": [0.000200897382456, 0.0023026294075, 0.00073609064566, 0.000231813755818, 0.000375319446903, 0.000536714156624, 0.00019410715322, 3.3041505958e-05, 0.000881073647179, 0.000507686694618, 2.00578324439e-05, 1.95104548766e-05, 3.54426701961e-05, 1.84574782907e-05, 1.5464867829e-05, 1.29040854517e-05, 7.29627754481e-06, 8.40997381601e-06, 1.21738512462e-05, 1.42465241879e-05, 1.34921529025e-05, 1.02923495433e-05, 1.12193156383e-05, 1.21366201711e-05, 1.35838618007e-05, 2.18214299821e-05, 5.58542487852e-05],
        "min": [8.80483185028e-06, 9.53885864874e-06, 1.41169209655e-06, 1.15134881185e-07, 2.56474459093e-06, 4.65977336717e-06, 3.0783778584e-06, 1.97808731173e-06, 6.2509872123e-07, 1.3997082533e-06, 9.54113374974e-07, 4.94782057103e-07, 8.65757669999e-08, 3.28044393427e-07, 5.77177274863e-07, 1.29892427481e-07, 1.52282581212e-07, 4.76740609656e-07, 3.43433924854e-07, 5.45076829894e-07, 2.30977164506e-07, 2.78683131683e-07, 3.38595157245e-07, 1.45552817798e-07, 2.58021032096e-07, 3.38171190606e-07, 1.64837024386e-06],
        "var": [4.8964967192e-08, 4.0123945837e-06, 8.40874349706e-07, 1.65626317994e-07, 4.57099957885e-07, 1.353907777e-07, 6.23713560799e-08, 3.15758441616e-08, 0.000232511796639, 6.22430036401e-07, 2.43266051747e-09, 2.20212972857e-10, 2.68008705007e-07, 1.33047392548e-10, 1.66471489371e-10, 4.52863822831e-11, 1.18941436561e-11, 2.07086500725e-11, 6.37504771195e-11, 8.04365046791e-11, 7.78795014589e-11, 6.473513392e-11, 5.25282421726e-11, 1.24025165138e-10, 7.18846371317e-11, 9.40120620241e-11, 6.8111509488e-11]
    },
    "erbbands": {
        "dmean": [0.0802537724376, 0.364198476076, 0.863742828369, 0.758808791637, 1.37486314774, 1.30406391621, 1.48526370525, 2.33878421783, 2.93074417114, 1.984192729, 8.14532184601, 75.7850418091, 10.0958843231, 1.21744859219, 0.736816585064, 0.868789732456, 6.76708173752, 0.871556282043, 0.407420098782, 0.365574985743, 0.263825416565, 0.159437820315, 0.194580823183, 0.239265933633, 0.249777808785, 0.282460510731, 0.199598133564, 0.161200195551, 0.165425211191, 0.134883895516, 0.0893603563309, 0.0775459110737, 0.0719797611237, 0.0478122606874, 0.0288270674646, 0.0194263514131, 0.00813484471291, 0.00369170401245, 0.00110934709664, 0.000149449188029],
        "dmean2": [0.142142310739, 0.647549629211, 1.46910500526, 1.27362060547, 2.36231255531, 2.1835064888, 2.62987184525, 3.99218273163, 5.04269266129, 3.47320151329, 13.2577009201, 119.686073303, 16.0333690643, 2.07677769661, 1.32405626774, 1.48915278912, 11.6262750626, 1.50646841526, 0.692421615124, 0.605515897274, 0.467351436615, 0.266653627157, 0.330144822598, 0.406460076571, 0.40813010931, 0.491289436817, 0.335588306189, 0.273564338684, 0.287853270769, 0.244545742869, 0.139322161674, 0.11646284163, 0.127732679248, 0.0800231322646, 0.0501867048442, 0.0310958512127, 0.0132989278063, 0.0059104678221, 0.00184368831106, 0.00025115950848],
        "dvar": [0.00481251068413, 0.117422200739, 0.527323424816, 0.638353526592, 5.03281927109, 6.6801404953, 7.91498994827, 6.77194929123, 7.8871512413, 19.7978897095, 350.157928467, 42786.7578125, 290.853515625, 6.88768291473, 1.67017364502, 1.21217155457, 230.823028564, 1.08088612556, 0.141059339046, 0.169130057096, 0.0434190109372, 0.0175929497927, 0.0402445867658, 0.0900385826826, 0.111937530339, 0.0782382413745, 0.0330018773675, 0.0251248758286, 0.0289548393339, 0.0198949500918, 0.00758766662329, 0.00485824467614, 0.00839987862855, 0.00187765038572, 0.000770088343415, 0.000425465550506, 3.93888512917e-05, 7.1460599429e-06, 9.69730081124e-07, 1.8103632371e-08],
        "dvar2": [0.0125064542517, 0.332883059978, 1.44826900959, 1.51144731045, 13.3584299088, 18.2027206421, 24.093667984, 18.6102867126, 22.8260250092, 56.8429527283, 914.41973877, 100083.46875, 632.845581055, 22.2324867249, 4.96970176697, 3.69263505936, 745.412963867, 3.17021727562, 0.314486801624, 0.410819649696, 0.127753004432, 0.0489855147898, 0.100994817913, 0.261399626732, 0.313648819923, 0.194644451141, 0.075567021966, 0.0611498393118, 0.0839596539736, 0.0546944886446, 0.0182973779738, 0.0119200656191, 0.0209816489369, 0.00594593212008, 0.0018244322855, 0.00105324795004, 0.000103452199255, 2.06366894417e-05, 2.38163784161e-06, 3.88773457871e-08],
        "max": [0.484138995409, 2.38420677185, 4.83958816528, 6.68096399307, 18.9462394714, 20.0790138245, 23.6555271149, 18.6618022919, 19.7455863953, 37.8434486389, 198.256790161, 2650.76660156, 248.476791382, 21.6612930298, 11.6844921112, 11.5911989212, 167.022445679, 15.8793106079, 2.91366791725, 4.59141588211, 1.64668810368, 0.990955352783, 1.60196948051, 2.34688234329, 2.67753767967, 2.12123012543, 1.92331576347, 1.41979897022, 1.47855710983, 1.26888167858, 1.21922206879, 0.92413175106, 1.1468282938, 0.545539259911, 0.338290125132, 0.260988354683, 0.0979131832719, 0.0315054133534, 0.00938419811428, 0.00131454435177],
        "mean": [0.105669423938, 0.489856183529, 1.15849637985, 1.15383291245, 1.68261766434, 1.72425031662, 1.96565544605, 4.72512960434, 5.74734449387, 2.98268151283, 27.4703845978, 265.07925415, 51.2589073181, 4.25959730148, 1.36038339138, 1.95953881741, 14.7654790878, 2.2382569313, 0.953355014324, 0.966912329197, 0.666394114494, 0.454831987619, 0.489440977573, 0.641841948032, 0.775982320309, 0.791016459465, 0.708113729954, 0.549152910709, 0.466806441545, 0.443399757147, 0.370245069265, 0.331941753626, 0.298243373632, 0.185316026211, 0.126847222447, 0.0883371755481, 0.046860255301, 0.0201807934791, 0.00697304867208, 0.000970567343757],
        "median": [0.0828245133162, 0.384924322367, 0.961089551449, 0.725844025612, 1.0102442503, 1.04966557026, 1.58183968067, 4.19382333755, 4.75445556641, 1.45072436333, 4.90790319443, 22.7912063599, 23.3812465668, 2.49077963829, 1.00417482853, 1.09853625298, 1.68711602688, 1.16208529472, 0.854486167431, 0.881196260452, 0.641345798969, 0.434146761894, 0.426722854376, 0.551894962788, 0.646592438221, 0.697789251804, 0.638611674309, 0.475456029177, 0.366524040699, 0.350540578365, 0.308486819267, 0.247405603528, 0.204649612308, 0.145211458206, 0.105187498033, 0.0718614012003, 0.0420808829367, 0.0195498205721, 0.00693597085774, 0.000979515025392],
        "min": [0.000443000579253, 0.00155683443882, 0.00204780488275, 0.00089822569862, 0.000747218262404, 0.00985013972968, 0.0349470712245, 0.0354750938714, 0.0296142380685, 0.0650418847799, 0.0304707121104, 0.0157622136176, 0.0390942506492, 0.02843907848, 0.0468349419534, 0.0157967042178, 0.00515917129815, 0.016219843179, 0.0164977833629, 0.027027586475, 0.00784318614751, 0.0105036254972, 0.0196261815727, 0.0260104462504, 0.020229337737, 0.0225145276636, 0.0127037782222, 0.00837287213653, 0.00894356239587, 0.0119592249393, 0.00842326972634, 0.00366823165677, 0.00295779015869, 0.00289495289326, 0.00188921717927, 0.00137126864865, 0.000594478740823, 0.00057586672483, 0.000178700909601, 2.52621921391e-05],
        "var": [0.00815256033093, 0.141038537025, 0.908437550068, 1.22693884373, 4.54575681686, 6.63166093826, 5.17092323303, 9.69385528564, 14.2793207169, 22.7992897034, 1540.92504883, 236315.21875, 3238.66699219, 14.7415447235, 1.72888183594, 4.00310516357, 804.479614258, 7.43635225296, 0.248743861914, 0.336686491966, 0.0791275575757, 0.0320376604795, 0.0574293881655, 0.128812491894, 0.196187034249, 0.165363281965, 0.153113052249, 0.107058763504, 0.0803158059716, 0.0659688189626, 0.043642628938, 0.0463030748069, 0.0410902537405, 0.0104979677126, 0.0037265534047, 0.0020519697573, 0.000286186987069, 2.33225400734e-05, 1.37562858527e-06, 2.52370497833e-08]
    },
    "gfcc": {
        "mean": [-36.0012550354, 68.7117614746, -50.7133789062, -4.40390539169, -47.5891304016, 6.27870512009, -9.41975402832, 11.5255832672, -10.9649705887, 3.580047369, -15.0002498627, -6.79660701752, -7.13580083847],
        "cov": [[680.138305664, 232.820709229, -30.8823661804, -163.646514893, -75.1747512817, 53.4952735901, 75.8382415771, 58.9234962463, 32.0201797485, 6.77463197708, -65.5792312622, -117.951637268, -84.7493591309], [232.820709229, 450.85546875, -77.9862136841, -380.141876221, -93.7179718018, 12.821146965, 145.757003784, 92.2826461792, 84.629989624, 23.628610611, -52.6463508606, -149.977920532, -128.410934448], [-30.8823661804, -77.9862136841, 103.496627808, 160.057678223, 59.3328399658, 1.3623071909, -41.2814445496, -35.3967208862, -38.9588775635, -25.7097969055, 9.4188079834, 56.7809410095, 55.2122917175], [-163.646514893, -380.141876221, 160.057678223, 459.319244385, 149.432220459, 0.115075811744, -143.47303772, -103.603012085, -99.5913238525, -45.0387649536, 45.0815391541, 163.360275269, 144.015625], [-75.1747512817, -93.7179718018, 59.3328399658, 149.432220459, 100.532493591, 23.5787067413, -48.7256736755, -49.8125152588, -36.298034668, -11.2951612473, 23.5244483948, 59.5948677063, 43.8009109497], [53.4952735901, 12.821146965, 1.3623071909, 0.115075811744, 23.5787067413, 44.7750320435, 16.254863739, 3.24965882301, 2.23941850662, 7.9983048439, 3.23193311691, -4.02136802673, -10.1591730118], [75.8382415771, 145.757003784, -41.2814445496, -143.47303772, -48.7256736755, 16.254863739, 85.8256759644, 62.992805481, 44.0197639465, 18.6714496613, -9.40226078033, -53.9894943237, -52.0459671021], [58.9234962463, 92.2826461792, -35.3967208862, -103.603012085, -49.8125152588, 3.24965882301, 62.992805481, 66.7075424194, 44.2230300903, 14.1180019379, -8.34778118134, -39.4654006958, -35.2561149597], [32.0201797485, 84.629989624, -38.9588775635, -99.5913238525, -36.298034668, 2.23941850662, 44.0197639465, 44.2230300903, 48.6290206909, 23.2437229156, -8.02574539185, -39.747253418, -34.8350410461], [6.77463197708, 23.628610611, -25.7097969055, -45.0387649536, -11.2951612473, 7.9983048439, 18.6714496613, 14.1180019379, 23.2437229156, 30.9577159882, 11.9099292755, -13.7150011063, -15.2782278061], [-65.5792312622, -52.6463508606, 9.4188079834, 45.0815391541, 23.5244483948, 3.23193311691, -9.40226078033, -8.34778118134, -8.02574539185, 11.9099292755, 40.0500259399, 39.4274482727, 21.3659229279], [-117.951637268, -149.977920532, 56.7809410095, 163.360275269, 59.5948677063, -4.02136802673, -53.9894943237, -39.4654006958, -39.747253418, -13.7150011063, 39.4274482727, 94.4637908936, 74.8168487549], [-84.7493591309, -128.410934448, 55.2122917175, 144.015625, 43.8009109497, -10.1591730118, -52.0459671021, -35.2561149597, -34.8350410461, -15.2782278061, 21.3659229279, 74.8168487549, 79.0406570435]],
        "icov": [[0.00338423368521, -0.0050692781806, 0.00202254671603, -0.00465382123366, 0.00631199311465, -0.00764157390222, 0.00671318080276, -0.0053854775615, 0.00582612073049, -0.00378301064484, 0.00193523906637, 0.00137857242953, 6.34043817627e-06], [-0.0050692781806, 0.0311629958451, -0.0230926778167, 0.0300709586591, -0.0251609608531, 0.0192978288978, -0.0285811815411, 0.0147176990286, -0.015645051375, 0.0130116390064, -0.000134537171107, 0.0074320663698, -0.000677254865877], [0.00202254671603, -0.0230926778167, 0.0462265908718, -0.0314702279866, 0.0105574699119, -0.00731783080846, 0.00461651012301, -0.00237324298359, 0.00882077775896, 0.00196517491713, -0.000171221618075, -0.000833596335724, -0.0100057730451], [-0.00465382123366, 0.0300709586591, -0.0314702279866, 0.0431849099696, -0.0301989242435, 0.0160593334585, -0.0105852521956, -0.000404413236538, -0.00387629657052, 0.00530336191878, 0.00564319128171, -0.00336229801178, -0.000215524574742], [0.00631199311465, -0.0251609608531, 0.0105574699119, -0.0301989242435, 0.0616117455065, -0.0417131185532, 0.023738482967, 0.0130662526935, -0.0068815164268, 0.00379595323466, -0.011817984283, -0.00942728016526, 0.00531428912655], [-0.00764157390222, 0.0192978288978, -0.00731783080846, 0.0160593334585, -0.0417131185532, 0.0648515895009, -0.0414824448526, 0.00927212461829, 0.0030201158952, -0.0131234684959, 0.0135470191017, -0.00493403477594, 0.00708364555612], [0.00671318080276, -0.0285811815411, 0.00461651012301, -0.0105852521956, 0.023738482967, -0.0414824448526, 0.107936419547, -0.0774003565311, 0.0328150838614, -0.0199807863683, -0.00676190573722, -0.00367367267609, 0.0107938237488], [-0.0053854775615, 0.0147176990286, -0.00237324298359, -0.000404413236538, 0.0130662526935, 0.00927212461829, -0.0774003565311, 0.123310364783, -0.0897016525269, 0.0556443668902, -0.0257364138961, 0.00756038445979, -0.0104585690424], [0.00582612073049, -0.015645051375, 0.00882077775896, -0.00387629657052, -0.0068815164268, 0.0030201158952, 0.0328150838614, -0.0897016525269, 0.137982428074, -0.0928166285157, 0.0480501390994, -0.0153259243816, 0.0119180139154], [-0.00378301064484, 0.0130116390064, 0.00196517491713, 0.00530336191878, 0.00379595323466, -0.0131234684959, -0.0199807863683, 0.0556443668902, -0.0928166285157, 0.137520238757, -0.0874943956733, 0.053833335638, -0.0277096945792], [0.00193523906637, -0.000134537171107, -0.000171221618075, 0.00564319128171, -0.011817984283, 0.0135470191017, -0.00676190573722, -0.0257364138961, 0.0480501390994, -0.0874943956733, 0.122636929154, -0.08869048208, 0.0391166992486], [0.00137857242953, 0.0074320663698, -0.000833596335724, -0.00336229801178, -0.00942728016526, -0.00493403477594, -0.00367367267609, 0.00756038445979, -0.0153259243816, 0.053833335638, -0.08869048208, 0.132983371615, -0.0724469721317], [6.34043817627e-06, -0.000677254865877, -0.0100057730451, -0.000215524574742, 0.00531428912655, 0.00708364555612, 0.0107938237488, -0.0104585690424, 0.0119180139154, -0.0277096945792, 0.0391166992486, -0.0724469721317, 0.077246196568]]
    },
    "melbands": {
        "dmean": [0.000622599734925, 0.000407240411732, 0.000144198085763, 9.45163046708e-05, 4.82036957692e-05, 5.51603261556e-05, 4.29209540016e-05, 1.93734686036e-05, 0.000136979550007, 0.000428343337262, 3.50011032424e-05, 4.74025591757e-06, 2.91500600724e-06, 1.78429684183e-06, 8.99560291145e-06, 1.08128415377e-05, 1.23785309825e-06, 6.86185956056e-07, 6.91999218816e-07, 5.01839508615e-07, 3.36329605943e-07, 1.87438217836e-07, 1.68237008324e-07, 2.08754116215e-07, 2.23039307912e-07, 1.98329772161e-07, 2.38214340698e-07, 1.98752431402e-07, 1.52985620616e-07, 1.38416268669e-07, 1.04639717335e-07, 1.07525117699e-07, 8.92892941806e-08, 8.33757880514e-08, 6.09336510138e-08, 4.91995564289e-08, 5.54281953669e-08, 5.87288937481e-08, 5.66915332456e-08, 3.96532868763e-08],
        "dmean2": [0.00110814732034, 0.000688548490871, 0.000239160304773, 0.000161981661222, 8.13548540464e-05, 9.41941398196e-05, 7.51659754314e-05, 3.2767693483e-05, 0.000222874557949, 0.000672956812195, 5.45313159819e-05, 8.26294945e-06, 5.42241832591e-06, 3.16769842357e-06, 1.49777970364e-05, 1.85870067071e-05, 2.14978376789e-06, 1.20411743865e-06, 1.16281955798e-06, 8.55669952671e-07, 6.06580613294e-07, 3.20981428104e-07, 2.91858299306e-07, 3.53200931613e-07, 3.84809254683e-07, 3.41338562748e-07, 4.17464349312e-07, 3.34323090101e-07, 2.52415418345e-07, 2.31532027328e-07, 1.78588521749e-07, 1.91959898643e-07, 1.53640556277e-07, 1.47599436673e-07, 9.63274260357e-08, 8.19569052624e-08, 8.80602968323e-08, 1.04335676099e-07, 9.83336150284e-08, 6.90484256438e-08],
        "dvar": [2.77504454971e-07, 9.67895417148e-08, 2.56880117178e-08, 3.43192603225e-08, 8.2817699365e-09, 3.90585253029e-09, 1.88852733451e-09, 1.55098001109e-09, 1.04860482963e-07, 1.38765426527e-06, 1.43856815349e-09, 1.35373684484e-10, 3.52645898594e-11, 2.83759170674e-12, 2.80222872684e-10, 6.30524077394e-10, 1.50063783014e-12, 4.48762527789e-13, 8.01354479735e-13, 1.97584705758e-13, 8.44292897314e-14, 2.84867751133e-14, 2.89588469036e-14, 4.50242294348e-14, 7.35879591854e-14, 5.86867861707e-14, 6.86707906251e-14, 3.79797884494e-14, 2.03249164054e-14, 1.99942313547e-14, 1.13502584339e-14, 1.20535939357e-14, 9.08325437164e-15, 7.82987515563e-15, 3.20660839326e-15, 2.39440925244e-15, 2.53094736365e-15, 5.65300768097e-15, 2.73848038836e-15, 1.34710023525e-15],
        "dvar2": [7.67577830629e-07, 2.59391157442e-07, 6.07452861345e-08, 9.78273462238e-08, 2.50901859289e-08, 1.11589875118e-08, 5.45514478034e-09, 4.38323377594e-09, 2.70998924634e-07, 3.18633260576e-06, 3.16006154577e-09, 4.11575717951e-10, 1.03685254826e-10, 7.80878747081e-12, 9.5062002714e-10, 1.97132288271e-09, 3.68058665143e-12, 1.10492030022e-12, 1.69450369535e-12, 5.61078310549e-13, 2.47110247846e-13, 8.34574922191e-14, 7.73349280122e-14, 1.19454291836e-13, 2.15099612384e-13, 1.57600196999e-13, 1.77654549058e-13, 1.01481072623e-13, 5.54445642772e-14, 5.53876436632e-14, 3.29955992542e-14, 3.60610182665e-14, 2.411522452e-14, 2.2110739685e-14, 7.75043871177e-15, 5.89702559109e-15, 5.57534195948e-15, 1.47621901546e-14, 7.26774174018e-15, 4.1027061475e-15],
        "max": [0.00355750694871, 0.00283447513357, 0.00153298478108, 0.00155147421174, 0.000767865043599, 0.000438202812802, 0.000280598935205, 0.000330562848831, 0.00295603019185, 0.0156391598284, 0.000726472819224, 9.29376765271e-05, 5.24080060131e-05, 1.06787010736e-05, 0.000154909095727, 0.00030297858757, 1.012255143e-05, 4.41925294581e-06, 9.54613824433e-06, 3.13298619403e-06, 1.8564093125e-06, 1.26106294829e-06, 1.39826443046e-06, 1.45252954553e-06, 1.9245128442e-06, 1.95655616153e-06, 2.1127339096e-06, 1.38230291213e-06, 1.42188480368e-06, 1.28041438074e-06, 8.55491407492e-07, 8.19055344436e-07, 7.09298433321e-07, 7.13422537046e-07, 7.20911771168e-07, 5.34886851256e-07, 6.27684187293e-07, 8.53890526287e-07, 6.39994368612e-07, 3.75359888949e-07],
        "mean": [0.000825951632578, 0.000617494340986, 0.000225693715038, 0.000124138212414, 6.78563810652e-05, 0.000115937342343, 8.36320032249e-05, 2.37893073063e-05, 0.000421392789576, 0.00154999527149, 0.000164205222973, 9.60760644375e-06, 4.43066574007e-06, 2.76441573988e-06, 1.83076717803e-05, 2.55694958469e-05, 2.15060936171e-06, 1.43415377352e-06, 1.4508869981e-06, 1.10051200863e-06, 7.14994428108e-07, 4.73659270028e-07, 4.08868203294e-07, 4.59281523035e-07, 5.20320668329e-07, 5.49079913981e-07, 5.84895644806e-07, 5.03212447711e-07, 4.51750452157e-07, 3.86354258808e-07, 2.92219766607e-07, 2.66498858537e-07, 2.48513345014e-07, 2.42009775775e-07, 2.13857831e-07, 1.93823652239e-07, 2.07360415061e-07, 2.12692938817e-07, 1.86327966389e-07, 1.44470945429e-07],
        "median": [0.000699494208675, 0.000568102521356, 0.000155177011038, 8.3398532297e-05, 4.94915366289e-05, 0.000101696852653, 6.75201881677e-05, 9.78688785835e-06, 6.28134293947e-05, 0.000145233498188, 0.000102225560113, 6.00216799285e-06, 2.78980132862e-06, 2.31655690186e-06, 3.2737100355e-06, 3.34894639309e-06, 1.9172134671e-06, 1.29051477415e-06, 1.16923661153e-06, 9.57418251346e-07, 6.36577851765e-07, 4.49815814818e-07, 3.61593208709e-07, 3.99300319032e-07, 4.27778843459e-07, 4.59841203337e-07, 4.80550397697e-07, 4.29815372627e-07, 3.92278650452e-07, 3.05655760258e-07, 2.46832939865e-07, 2.17572278416e-07, 1.7924146789e-07, 2.10480081364e-07, 1.82264386694e-07, 1.482642773e-07, 1.58563395303e-07, 1.50424838807e-07, 1.41089202543e-07, 1.19896540696e-07],
        "min": [3.79659991268e-06, 1.4280473124e-06, 1.40750529454e-07, 2.85041153347e-07, 1.10931648578e-06, 7.95262565134e-07, 5.1223491937e-07, 6.82965094256e-07, 2.09863856071e-07, 8.80840076434e-08, 2.00696845809e-07, 1.17278553091e-07, 1.52105954498e-07, 7.60282219403e-08, 1.67390457051e-08, 9.39968103353e-09, 3.42435448886e-08, 1.99448706439e-08, 5.05661326144e-08, 1.56625379333e-08, 8.4747631135e-09, 1.16211342771e-08, 7.88579690436e-09, 2.67590962721e-08, 2.0830407621e-08, 1.27768604585e-08, 2.16872102499e-08, 1.23207914982e-08, 9.12544440013e-09, 5.08631003981e-09, 4.53227455566e-09, 5.55432677629e-09, 4.84542717061e-09, 7.07305236602e-09, 4.89983387197e-09, 3.86960019583e-09, 1.55843027372e-09, 2.06046624207e-09, 2.03698857781e-09, 2.48470577446e-09],
        "var": [4.17280404008e-07, 1.89318285493e-07, 4.30648263716e-08, 2.67126019082e-08, 6.15334228016e-09, 5.51752288303e-09, 3.23595550356e-09, 1.84179094198e-09, 3.64951091569e-07, 8.28997417557e-06, 2.73691327379e-08, 1.52268350706e-10, 3.37672945161e-11, 3.08463302644e-12, 8.39648683915e-10, 2.68151345573e-09, 1.74198492003e-12, 5.86854620888e-13, 1.42532806304e-12, 3.63641977858e-13, 1.20557345573e-13, 4.13864533193e-14, 3.87726688863e-14, 6.10723697634e-14, 1.00191319271e-13, 9.96234141731e-14, 1.25442462407e-13, 7.32196150498e-14, 6.95390265011e-14, 5.75005266925e-14, 3.50400047519e-14, 2.73706296343e-14, 2.52290084711e-14, 2.0349253356e-14, 1.48849608041e-14, 1.38576453643e-14, 2.02038245753e-14, 2.22310285279e-14, 1.48174099265e-14, 5.5889347207e-15]
    },
    "mfcc": {
        "mean": [-713.326843262, 132.007385254, 38.5074043274, 11.6511659622, -4.87596940994, 1.87807238102, 6.98034191132, 4.45975399017, 9.66659832001, 15.4583444595, 6.40480041504, -1.20129561424, -5.96696138382],
        "cov": [[645.173156738, 161.427749634, 15.2231664658, -100.798080444, -75.5218276978, -20.5841789246, 5.58501434326, 6.46952390671, 47.7140312195, 74.7255554199, 72.4728088379, 32.0349769592, -64.218132019], [161.427749634, 604.940979004, -67.5704116821, -287.843536377, -218.802444458, -116.000801086, -13.4655542374, 15.0156097412, 66.7127609253, 150.861602783, 197.041275024, 89.9564666748, -65.2376480103], [15.2231664658, -67.5704116821, 60.0527458191, 68.006149292, 39.7960853577, 20.6366500854, 8.62592601776, 7.86014795303, -2.23077106476, -25.035949707, -40.5068855286, -23.7623596191, 2.82363200188], [-100.798080444, -287.843536377, 68.006149292, 211.868896484, 152.510604858, 78.1159439087, 16.0874519348, 1.16922605038, -39.175453186, -95.0638885498, -128.169525146, -62.5770606995, 37.3045578003], [-75.5218276978, -218.802444458, 39.7960853577, 152.510604858, 160.168731689, 91.1003494263, 14.413807869, -6.89763975143, -37.0663871765, -81.6241455078, -99.3228759766, -44.8384361267, 29.7369804382], [-20.5841789246, -116.000801086, 20.6366500854, 78.1159439087, 91.1003494263, 76.6663513184, 19.7641334534, -5.01909828186, -21.0000724792, -44.0326690674, -51.8382949829, -19.7410621643, 19.8393115997], [5.58501434326, -13.4655542374, 8.62592601776, 16.0874519348, 14.413807869, 19.7641334534, 29.6907978058, 15.6912984848, -6.340467453, -6.79538488388, -9.25883865356, -1.36609041691, 10.5229101181], [6.46952390671, 15.0156097412, 7.86014795303, 1.16922605038, -6.89763975143, -5.01909828186, 15.6912984848, 33.7063217163, 9.34098434448, 2.57871031761, 2.53988718987, 1.59275400639, 3.11420297623], [47.7140312195, 66.7127609253, -2.23077106476, -39.175453186, -37.0663871765, -21.0000724792, -6.340467453, 9.34098434448, 35.9585037231, 31.6944084167, 30.2737140656, 11.9224395752, -16.7654094696], [74.7255554199, 150.861602783, -25.035949707, -95.0638885498, -81.6241455078, -44.0326690674, -6.79538488388, 2.57871031761, 31.6944084167, 82.2725601196, 83.5409622192, 35.3605194092, -23.6649703979], [72.4728088379, 197.041275024, -40.5068855286, -128.169525146, -99.3228759766, -51.8382949829, -9.25883865356, 2.53988718987, 30.2737140656, 83.5409622192, 118.721542358, 56.3486671448, -28.5848140717], [32.0349769592, 89.9564666748, -23.7623596191, -62.5770606995, -44.8384361267, -19.7410621643, -1.36609041691, 1.59275400639, 11.9224395752, 35.3605194092, 56.3486671448, 45.1850357056, -4.991792202], [-64.218132019, -65.2376480103, 2.82363200188, 37.3045578003, 29.7369804382, 19.8393115997, 10.5229101181, 3.11420297623, -16.7654094696, -23.6649703979, -28.5848140717, -4.991792202, 36.593585968]],
