{
"lowlevel": {
    "average_loudness": 0.99068403244,
    "barkbands_crest": {
        "dmean": 4.860871315,
        "dmean2": 9.02603340149,
        "dvar": 11.9623413086,
        "dvar2": 32.0325927734,
        "max": 26.0925178528,
        "mean": 16.0330104828,
        "median": 16.0372676849,
        "min": 4.60110616684,
        "var": 25.7552623749
    },
    "barkbands_flatness_db": {
        "dmean": 0.0386863276362,
        "dmean2": 0.0623604804277,
        "dvar": 0.00117228494491,
        "dvar2": 0.00248757819645,
        "max": 0.369569838047,
        "mean": 0.217232614756,
        "median": 0.204683810472,
        "min": 0.0713479816914,
        "var": 0.00482493778691
    },
    "barkbands_kurtosis": {
        "dmean": 24.9040164948,
        "dmean2": 42.5415611267,
        "dvar": 699.77923584,
        "dvar2": 2106.11425781,
        "max": 162.120056152,
        "mean": 45.6012001038,
        "median": 35.5279312134,
        "min": -1.5170750618,
        "var": 1336.43786621
    },
    "barkbands_skewness": {
        "dmean": 1.56773686409,
        "dmean2": 2.6403362751,
        "dvar": 1.90376007557,
        "dvar2": 5.31786489487,
        "max": 10.6580200195,
        "mean": 4.8338561058,
        "median": 4.78228187561,
        "min": -0.0670680999756,
        "var": 6.02992725372
    },
    "barkbands_spread": {
        "dmean": 4.47569322586,
        "dmean2": 8.11769199371,
        "dvar": 80.0670089722,
        "dvar2": 229.636917114,
        "max": 66.8537826538,
        "mean": 7.43555498123,
        "median": 5.60079097748,
        "min": 0.616713166237,
        "var": 93.6879501343
    },
    "dissonance": {
        "dmean": 0.0351938344538,
        "dmean2": 0.0601215921342,
        "dvar": 0.00331827299669,
        "dvar2": 0.0112900948152,
        "max": 0.498801648617,
        "mean": 0.429253667593,
        "median": 0.464541971684,
        "min": 0.153951570392,
        "var": 0.00552400341257
    },
    "dynamic_complexity": 16.0444030762,
    "erbbands_crest": {
        "dmean": 3.12180638313,
        "dmean2": 5.07930135727,
        "dvar": 11.2300758362,
        "dvar2": 15.4425468445,
        "max": 30.922700882,
        "mean": 12.251657486,
        "median": 8.94973373413,
        "min": 3.89014840126,
        "var": 73.7147216797
    },
    "erbbands_flatness_db": {
        "dmean": 0.0214677657932,
        "dmean2": 0.0284995660186,
        "dvar": 0.000771327468101,
        "dvar2": 0.000615884549916,
        "max": 0.403673827648,
        "mean": 0.149129927158,
        "median": 0.100878730416,
        "min": 0.055722668767,
        "var": 0.010757801123
    },
    "erbbands_kurtosis": {
        "dmean": 5.777135849,
        "dmean2": 7.6371011734,
        "dvar": 106.598526001,
        "dvar2": 140.085281372,
        "max": 80.6956710815,
        "mean": 13.7127218246,
        "median": 1.3898601532,
        "min": -1.21603357792,
        "var": 528.816162109
    },
    "erbbands_skewness": {
        "dmean": 0.526635825634,
        "dmean2": 0.824452698231,
        "dvar": 0.370005875826,
        "dvar2": 0.695211827755,
        "max": 6.91577243805,
        "mean": 1.91605603695,
        "median": 1.31294381618,
        "min": -0.117366269231,
        "var": 2.97333669662
    },
    "erbbands_spread": {
        "dmean": 7.4185757637,
        "dmean2": 12.3673305511,
        "dvar": 85.5090332031,
        "dvar2": 217.326812744,
        "max": 77.6868057251,
        "mean": 36.7546691895,
        "median": 41.9319534302,
        "min": 1.20492076874,
        "var": 580.03112793
    },
    "hfc": {
        "dmean": 4.85716247559,
        "dmean2": 8.21810722351,
        "dvar": 275.787414551,
        "dvar2": 749.850097656,
        "max": 109.742881775,
        "mean": 8.28722476959,
        "median": 0.102614417672,
        "min": 0.0399509929121,
        "var": 387.808898926
    },
    "melbands_crest": {
        "dmean": 3.45799946785,
        "dmean2": 5.87042093277,
        "dvar": 7.89053630829,
        "dvar2": 23.0265960693,
        "max": 25.9163379669,
        "mean": 19.1360149384,
        "median": 19.5855560303,
        "min": 7.88423728943,
        "var": 17.5864524841
    },
    "melbands_flatness_db": {
        "dmean": 0.0438714548945,
        "dmean2": 0.0725833028555,
        "dvar": 0.00145457463805,
        "dvar2": 0.00360364303924,
        "max": 0.44457423687,
        "mean": 0.333128869534,
        "median": 0.33033528924,
        "min": 0.111369587481,
        "var": 0.00415504910052
    },
    "melbands_kurtosis": {
        "dmean": 30.6055660248,
        "dmean2": 54.1685676575,
        "dvar": 1123.45373535,
        "dvar2": 3678.41186523,
        "max": 178.952667236,
        "mean": 56.3948669434,
        "median": 44.5036506653,
        "min": -0.988370656967,
        "var": 1967.44360352
    },
    "melbands_skewness": {
        "dmean": 1.47529244423,
        "dmean2": 2.30632400513,
        "dvar": 1.69651901722,
        "dvar2": 6.01063108444,
        "max": 10.3596811295,
        "mean": 4.52202177048,
        "median": 4.667137146,
        "min": -1.80321669579,
        "var": 8.85451316833
    },
    "melbands_spread": {
        "dmean": 2.52454662323,
        "dmean2": 4.67916297913,
        "dvar": 22.4612789154,
        "dvar2": 70.5590286255,
        "max": 32.6878395081,
        "mean": 4.53593349457,
        "median": 3.03631806374,
        "min": 0.842065751553,
        "var": 23.6264686584
    },
    "pitch_salience": {
        "dmean": 0.133972659707,
        "dmean2": 0.242396250367,
        "dvar": 0.014029353857,
        "dvar2": 0.0267519392073,
        "max": 0.877358913422,
        "mean": 0.410125672817,
        "median": 0.38756775856,
        "min": 0.132623955607,
        "var": 0.0259673930705
    },
    "silence_rate_20dB": {
        "dmean": 0,
        "dmean2": 0,
        "dvar": 0,
        "dvar2": 0,
        "max": 1,
        "mean": 1,
        "median": 1,
        "min": 1,
        "var": 0
    },
    "silence_rate_30dB": {
        "dmean": 0,
        "dmean2": 0,
        "dvar": 0,
        "dvar2": 0,
        "max": 1,
        "mean": 1,
        "median": 1,
        "min": 1,
        "var": 0
    },
    "silence_rate_60dB": {
        "dmean": 0.0166666675359,
        "dmean2": 0.0338983051479,
        "dvar": 0.0163888856769,
        "dvar2": 0.0327492058277,
        "max": 1,
        "mean": 0.803278684616,
        "median": 1,
        "min": 0,
        "var": 0.158022031188
    },
    "spectral_centroid": {
        "dmean": 102.037513733,
        "dmean2": 176.079147339,
        "dvar": 19191.0800781,
        "dvar2": 37036.1171875,
        "max": 1556.98999023,
        "mean": 568.669006348,
        "median": 473.406829834,
        "min": 226.052017212,
        "var": 83387.8515625
    },
    "spectral_complexity": {
        "dmean": 0.966666638851,
        "dmean2": 1.64406776428,
        "dvar": 4.23222303391,
        "dvar2": 7.99195623398,
        "max": 15,
        "mean": 2.70491814613,
        "median": 1,
        "min": 0,
        "var": 9.97850131989
    },
    "spectral_decrease": {
        "dmean": 8.6829049506e-10,
        "dmean2": 1.03416319952e-09,
        "dvar": 3.5893360284e-18,
        "dvar2": 5.7374641086e-18,
        "max": -1.05888240884e-11,
        "mean": -2.11635042824e-09,
        "median": -1.47761025637e-10,
        "min": -1.75738250618e-08,
        "var": 2.00517811818e-17
    },
    "spectral_energy": {
        "dmean": 0.00350501295179,
        "dmean2": 0.00436394009739,
        "dvar": 6.06370158494e-05,
        "dvar2": 9.91465349216e-05,
        "max": 0.0709269791842,
        "mean": 0.008739259094,
        "median": 0.000566647679079,
        "min": 4.35883775936e-05,
        "var": 0.00033481628634
    },
    "spectral_energyband_high": {
        "dmean": 0.000278150488157,
        "dmean2": 0.000505736388732,
        "dvar": 1.80465895028e-06,
        "dvar2": 5.16299542141e-06,
        "max": 0.00833202898502,
        "mean": 0.000205502452445,
        "median": 1.80524648385e-06,
        "min": 1.31278204663e-06,
        "var": 1.1678168903e-06
    },
    "spectral_energyband_low": {
        "dmean": 0.000222752598347,
        "dmean2": 0.000399721931899,
        "dvar": 6.64245050075e-08,
        "dvar2": 1.89271048612e-07,
        "max": 0.00175824388862,
        "mean": 0.000380053912522,
        "median": 0.000291577773169,
        "min": 7.95954110799e-06,
        "var": 1.19386228903e-07
    },
    "spectral_energyband_middle_high": {
        "dmean": 0.00142201629933,
        "dmean2": 0.00194237288088,
        "dvar": 2.90160114673e-05,
        "dvar2": 3.81178506359e-05,
        "max": 0.0374896228313,
        "mean": 0.00211949064396,
        "median": 6.72722035233e-06,
        "min": 3.34173432748e-06,
        "var": 4.61864328827e-05
    },
    "spectral_energyband_middle_low": {
        "dmean": 0.00267930980772,
        "dmean2": 0.00318318931386,
        "dvar": 3.93818663724e-05,
        "dvar2": 5.43502246728e-05,
        "max": 0.0684682279825,
        "mean": 0.00619173934683,
        "median": 9.63620987022e-05,
        "min": 1.79358394234e-05,
        "var": 0.000246884854278
    },
    "spectral_entropy": {
        "dmean": 0.292477667332,
        "dmean2": 0.396477073431,
        "dvar": 0.126098930836,
        "dvar2": 0.130179658532,
        "max": 8.38145542145,
        "mean": 7.03632831573,
        "median": 7.27974176407,
        "min": 4.91203069687,
        "var": 0.701297581196
    },
    "spectral_flux": {
        "dmean": 0.0151546774432,
        "dmean2": 0.0250434428453,
        "dvar": 0.000950066547375,
        "dvar2": 0.0019369549118,
        "max": 0.186294421554,
        "mean": 0.0280676968396,
        "median": 0.0126774366945,
        "min": 0.00529385823756,
        "var": 0.00160438043531
    },
    "spectral_kurtosis": {
        "dmean": 2.02939677238,
        "dmean2": 2.22740077972,
        "dvar": 7.19298601151,
        "dvar2": 13.078286171,
        "max": 28.1153583527,
        "mean": 9.56224918365,
        "median": 7.24396324158,
        "min": 0.991129398346,
        "var": 31.800453186
    },
    "spectral_rms": {
        "dmean": 0.000474853237392,
        "dmean2": 0.000670172041282,
        "dvar": 8.39049846491e-07,
        "dvar2": 1.16118587812e-06,
        "max": 0.00831847637892,
        "mean": 0.00178758078255,
        "median": 0.000743523414712,
        "min": 0.000206216500374,
        "var": 5.33066076969e-06
    },
    "spectral_rolloff": {
        "dmean": 502.44140625,
        "dmean2": 1008.04602051,
        "dvar": 4915763.5,
        "dvar2": 14885635,
        "max": 13092.1875,
        "mean": 549.979187012,
        "median": 236.865234375,
        "min": 107.666015625,
        "var": 2689878.25
    },
    "spectral_skewness": {
        "dmean": 0.246158897877,
        "dmean2": 0.31286534667,
        "dvar": 0.0868343785405,
        "dvar2": 0.140447229147,
        "max": 4.34699821472,
        "mean": 2.54405999184,
        "median": 2.36752748489,
        "min": 1.25414693356,
        "var": 0.490170001984
    },
    "spectral_spread": {
        "dmean": 1025989.8125,
        "dmean2": 1224024,
        "dvar": 5.34539193549e+12,
        "dvar2": 4.14079175885e+12,
        "max": 26356056,
        "mean": 5901977,
        "median": 5707213.5,
        "min": 1893381.25,
        "var": 9.63553578189e+12
    },
    "spectral_strongpeak": {
        "dmean": 0.306939512491,
        "dmean2": 0.391878217459,
        "dvar": 0.767220914364,
        "dvar2": 0.83976316452,
        "max": 6.44759559631,
        "mean": 0.966718316078,
        "median": 0.0593234747648,
        "min": 0.00976362638175,
        "var": 3.8832244873
    },
    "zerocrossingrate": {
        "dmean": 0.0101643884555,
        "dmean2": 0.0143505027518,
        "dvar": 0.000116431634524,
        "dvar2": 0.000134056041134,
        "max": 0.130859375,
        "mean": 0.0380859375,
        "median": 0.03369140625,
        "min": 0.00927734375,
        "var": 0.000492635299452
    },
    "barkbands": {
        "dmean": [4.6048025979e-06, 0.00019082025392, 5.73449433432e-05, 3.20018480124e-05, 7.7770651842e-05, 8.66761329235e-05, 5.59377949685e-05, 1.83820084203e-05, 0.00264193722978, 0.00141695444472, 2.82593409793e-05, 4.4719804464e-06, 0.000123786958284, 6.84037377141e-06, 1.3217572814e-05, 3.68598966816e-06, 4.44302304459e-06, 1.30504690787e-06, 7.72745806898e-06, 7.92441005615e-06, 6.49093317406e-06, 9.43869326875e-06, 2.376755765e-05, 3.54002186214e-05, 5.73903489567e-05, 0.000122100303997, 2.27696709771e-05],
        "dmean2": [7.71268423705e-06, 0.000354130519554, 9.48362212512e-05, 5.56562736165e-05, 0.000125031583593, 0.000171087420313, 6.5297470428e-05, 2.68330732069e-05, 0.00346826668829, 0.00204508262686, 5.61652632314e-05, 7.04337844581e-06, 0.000120887714729, 1.33942676257e-05, 2.54390361079e-05, 7.38912513043e-06, 7.149089015e-06, 2.58303020928e-06, 1.44159839692e-05, 1.52465463543e-05, 1.07318128357e-05, 1.83190913958e-05, 4.55342851637e-05, 6.98980511515e-05, 0.00011162993178, 0.000202538110898, 4.462443394e-05],
        "dvar": [1.89997531597e-11, 5.85324322344e-08, 2.21335128003e-09, 4.29375957012e-09, 5.87140220887e-08, 1.49212212364e-07, 1.79316508309e-08, 2.03060901427e-09, 4.31565313193e-05, 2.9507706131e-05, 7.6016810624e-09, 2.29914351446e-10, 1.2266890792e-07, 9.59420654034e-10, 3.49041107128e-09, 3.14181514138e-10, 3.20149240451e-10, 3.33613379977e-11, 1.16145393303e-09, 1.55658175238e-09, 5.64263191727e-10, 2.2414217149e-09, 1.40032190288e-08, 3.38324035454e-08, 8.7184545805e-08, 3.06518757043e-07, 1.3840657509e-08],
        "dvar2": [3.92605045696e-11, 1.81960601253e-07, 5.86930593016e-09, 1.36707605236e-08, 1.50003813815e-07, 4.47930773362e-07, 2.538378574e-08, 4.55680693179e-09, 6.21817307547e-05, 3.89167507819e-05, 2.24520437797e-08, 5.41404421295e-10, 9.17809899192e-08, 2.87553714173e-09, 1.0115941862e-08, 9.58316981325e-10, 7.94439403151e-10, 1.02784537825e-10, 3.33973848576e-09, 4.5724131148e-09, 1.5756830285e-09, 6.67658772713e-09, 4.14983034602e-08, 1.00700653149e-07, 2.57315377894e-07, 8.22490505925e-07, 4.11488798591e-08],
        "max": [2.23547322094e-05, 0.00144015229307, 0.000289109331788, 0.000406546954764, 0.00172374467365, 0.00228223321028, 0.00110007054172, 0.000342318904586, 0.0680233612657, 0.0371931865811, 0.000516811269335, 0.000104431135696, 0.00350866350345, 0.000175529887201, 0.00035078858491, 0.000100850767922, 0.000130483589601, 3.30600159941e-05, 0.000207004122785, 0.000232780788792, 0.000141561686178, 0.000270910735708, 0.000711886852514, 0.0010585936252, 0.00172139110509, 0.003662311472, 0.000681151344907],
        "mean": [5.59211366635e-06, 0.000270193442702, 8.9057139121e-05, 3.80650380976e-05, 0.000118703821499, 6.82741301716e-05, 8.29518103274e-05, 2.40932095039e-05, 0.0056023336947, 0.00188490387518, 3.1615520129e-05, 5.78619255975e-06, 0.000278671097476, 4.34007506556e-06, 9.03034015209e-06, 2.26988663599e-06, 7.4828135439e-06, 9.09674440663e-07, 6.00035900788e-06, 5.05962088937e-06, 7.47490275899e-06, 5.77977971261e-06, 1.72267245944e-05, 1.97893696168e-05, 3.26056797348e-05, 0.000107502339233, 1.3351479538e-05],
        "median": [3.96530867874e-06, 0.000173490538145, 6.95451089996e-05, 1.93021369341e-05, 2.41519774136e-05, 1.35604050229e-05, 5.06140895595e-06, 2.45876117333e-06, 1.55357463427e-06, 9.35111415856e-07, 1.16267358408e-06, 9.5178694437e-07, 8.46793057008e-07, 6.8441397616e-07, 5.02654359025e-07, 3.33497041538e-07, 2.4415317057e-07, 2.19736548956e-07, 2.59889986864e-07, 2.7419628168e-07, 2.14628713024e-07, 1.51610038301e-07, 1.48649235143e-07, 1.65947255937e-07, 1.7222311044e-07, 2.52416555213e-07, 6.93734193646e-07],
        "min": [8.64028493197e-08, 2.31575904763e-06, 9.99392796075e-07, 3.54291699978e-07, 3.99532018491e-06, 1.90965647562e-06, 3.49973390712e-07, 1.20659706226e-07, 2.66162942353e-07, 1.97306079031e-07, 1.29584648789e-07, 2.39136682012e-07, 2.12566916957e-07, 1.92780206021e-07, 1.0933833039e-07, 7.95345158622e-08, 7.09050027581e-08, 5.58458523869e-08, 1.12949066988e-07, 9.05120600692e-08, 8.64212523766e-08, 5.9711346978e-08, 7.63419194527e-08, 8.48071408655e-08, 1.1162629221e-07, 1.53553557425e-07, 3.71737797877e-07],
        "var": [3.36471267515e-11, 7.97007473352e-08, 5.46764145071e-09, 3.37363403879e-09, 7.57587557132e-08, 8.37788007857e-08, 4.93207039653e-08, 2.72123812373e-09, 0.000233555154409, 4.6262426622e-05, 8.57898552198e-09, 2.58514210039e-10, 6.61864760332e-07, 4.96250707194e-10, 2.02631600388e-09, 1.63094246441e-10, 5.16068576761e-10, 1.75057572604e-11, 7.133346136e-10, 8.75104877451e-10, 4.79337181059e-10, 1.18255960579e-09, 8.38988700735e-09, 1.80732442345e-08, 4.79557797917e-08, 2.49996560342e-07, 7.48137818363e-09]
    },
    "erbbands": {
        "dmean": [0.0030119412113, 0.0500625409186, 0.0809458643198, 0.0729827359319, 0.187891468406, 0.246497124434, 0.530589222908, 0.675390064716, 0.467337965965, 1.1574652195, 14.0526123047, 69.348274231, 35.0587501526, 19.1632442474, 1.01003956795, 1.05624556541, 5.86878538132, 0.399030834436, 0.252029240131, 0.875728428364, 0.127233818173, 0.215708404779, 0.145771354437, 0.189113646746, 0.48174148798, 0.358152508736, 0.190086051822, 0.298821538687, 0.431273072958, 0.261059939861, 0.882226347923, 0.760521709919, 0.519159674644, 0.179904267192, 0.642602145672, 0.461827844381, 0.228062584996, 0.0620550848544, 0.00330078019761, 0.000112341382192],
        "dmean2": [0.00562919257209, 0.0928875356913, 0.131721660495, 0.125604450703, 0.28285625577, 0.438626766205, 1.04570043087, 1.32621264458, 0.724512279034, 1.16740095615, 18.5266666412, 94.4451217651, 55.5190429688, 23.3440933228, 1.56326079369, 0.880262851715, 5.91333961487, 0.667953491211, 0.485559105873, 1.70498633385, 0.252109587193, 0.363830029964, 0.255222529173, 0.316391795874, 0.948961436749, 0.679657101631, 0.341918855906, 0.482891440392, 0.829641163349, 0.48543176055, 1.69960188866, 1.5099170208, 1.01759624481, 0.310763984919, 1.2661447525, 0.787867665291, 0.381956338882, 0.11599779129, 0.00633732089773, 0.000207663179026],
        "dvar": [1.39732755997e-05, 0.00413220794871, 0.00536052649841, 0.0195330381393, 0.255271583796, 0.794607460499, 5.24661922455, 9.19087219238, 2.33636474609, 6.40919017792, 1295.90710449, 29808.0996094, 17345.6230469, 4702.21044922, 7.39689159393, 7.2843003273, 279.152374268, 2.35774564743, 1.14270889759, 16.1678504944, 0.371970951557, 0.77770960331, 0.385021030903, 0.400132328272, 6.01173067093, 3.05533003807, 0.700591146946, 1.08359372616, 4.54797697067, 1.55551254749, 19.3782424927, 15.7285499573, 7.18867015839, 0.699988424778, 11.2187519073, 4.51399946213, 1.06867361069, 0.095248028636, 0.000278897583485, 2.90123324476e-07],
        "dvar2": [3.99087293772e-05, 0.0128126721829, 0.0121752135456, 0.0588057152927, 0.469043970108, 2.21612668037, 15.7482881546, 27.3916530609, 6.41303062439, 5.38084506989, 1752.11401367, 45777.1835938, 25201.8320312, 6346.41650391, 15.2834596634, 4.71093177795, 235.404678345, 6.04163265228, 3.37042212486, 47.1212463379, 1.11368322372, 2.01627278328, 1.08062148094, 1.04800355434, 17.8749485016, 8.8912820816, 2.04242515564, 2.92471146584, 13.5513324738, 4.52844047546, 57.5346984863, 46.9906196594, 21.2998771667, 1.92072606087, 33.2809257507, 12.4453001022, 2.86768531799, 0.273303717375, 0.000817421881948, 8.33394778965e-07],
        "max": [0.0263209026307, 0.377905786037, 0.572608351707, 0.923849403858, 3.59731388092, 5.84187746048, 13.4227752686, 18.1273288727, 9.80309009552, 25.4803943634, 364.077697754, 1767.07446289, 870.122131348, 492.231567383, 16.6918087006, 29.2328338623, 166.055084229, 11.004529953, 6.34261226654, 23.8055438995, 3.57469630241, 6.32996892929, 4.22015476227, 4.1833820343, 14.1274366379, 10.4641971588, 5.03671312332, 5.94414949417, 12.2691383362, 7.6965546608, 26.4359092712, 22.7388935089, 15.555398941, 5.39019489288, 19.2711296082, 13.8501205444, 6.83984518051, 1.86118078232, 0.098689481616, 0.00330225937068],
        "mean": [0.00423465343192, 0.0696296021342, 0.144313544035, 0.101146653295, 0.405777662992, 0.261833488941, 0.427544742823, 0.520467638969, 0.576811611652, 2.16402482986, 31.3024196625, 143.072692871, 54.5424995422, 24.4744720459, 1.44978868961, 2.38869023323, 13.0512113571, 0.775719046593, 0.20176833868, 0.598663449287, 0.0990598499775, 0.34239795804, 0.185367643833, 0.207140415907, 0.293408185244, 0.241008639336, 0.152884364128, 0.357903122902, 0.287082433701, 0.214706301689, 0.631054639816, 0.42579805851, 0.297887712717, 0.140623822808, 0.347630023956, 0.395712047815, 0.202344149351, 0.0379528403282, 0.00202787690796, 8.96277124411e-05],
        "median": [0.0030884181615, 0.0443548075855, 0.108223430812, 0.0840338841081, 0.0470287315547, 0.0714066699147, 0.136758968234, 0.0804482102394, 0.0823443904519, 0.0740906223655, 0.0491141974926, 0.0376384519041, 0.030565906316, 0.0401253886521, 0.0440826192498, 0.0384276174009, 0.0407416261733, 0.0384959615767, 0.0349329598248, 0.0237431433052, 0.0166739337146, 0.0141553366557, 0.0125281941146, 0.0120413992554, 0.0127623649314, 0.0121628027409, 0.0103031154722, 0.00751791382208, 0.00547465169802, 0.00472813844681, 0.00412992062047, 0.00333831366152, 0.0028014453128, 0.00192903634161, 0.00131245923694, 0.000808890094049, 0.000500881578773, 0.000248176394962, 9.12086616154e-05, 1.24911402963e-05],
        "min": [5.23190647073e-05, 0.000549099815544, 0.00279817264527, 0.00984817091376, 0.0116083687171, 0.00975476577878, 0.00992105063051, 0.0120824715123, 0.00313725625165, 0.00577214127406, 0.00607343018055, 0.00588965089992, 0.00867335870862, 0.0104834977537, 0.00808260869235, 0.0109508801252, 0.0110369035974, 0.0103794932365, 0.0083622764796, 0.00529302144423, 0.0056700524874, 0.00477991439402, 0.00392598751932, 0.00474992161617, 0.00427972432226, 0.00425567198545, 0.00349532114342, 0.00321095972322, 0.00228403438814, 0.00200414750725, 0.00200653611682, 0.00187131634448, 0.00149778986815, 0.00106031110045, 0.000723491364624, 0.000532518490218, 0.000291184405796, 0.000153627042891, 5.90050876781e-05, 6.28838233752e-06],
        "var": [2.1872769139e-05, 0.00542508345097, 0.016005564481, 0.0145380450413, 0.706723690033, 0.601499080658, 2.86989188194, 5.34463787079, 2.00091433525, 24.3760070801, 7175.07373047, 152604.09375, 28094.078125, 7472.05273438, 12.5310020447, 43.2569503784, 1457.17907715, 4.43690681458, 0.654541790485, 9.31799697876, 0.205670252442, 1.10189700127, 0.373440861702, 0.374397486448, 3.20762038231, 1.77732253075, 0.423041939735, 1.0518693924, 2.43579649925, 1.00111925602, 11.559677124, 8.33355712891, 3.90889072418, 0.512540340424, 5.99366664886, 3.47759914398, 0.873613893986, 0.0569501556456, 0.000158076378284, 1.7939575514e-07]
    },
    "gfcc": {
        "mean": [-214.224594116, 84.1980285645, -52.127658844, 3.83444356918, -38.2919960022, 7.71720504761, -15.7060718536, 4.02480220795, -17.4561328888, 4.65952777863, -12.7185134888, -2.22981667519, -14.6956014633],
        "cov": [[7286.02490234, -1390.00854492, -1704.27380371, -2280.20581055, -1933.12878418, 105.705558777, 279.05682373, 471.281158447, -560.668273926, -384.152740479, -1122.91174316, -131.558181763, -648.141174316], [-1390.00854492, 624.912536621, 437.260467529, 366.850463867, 211.32749939, -114.55128479, -5.66424131393, -87.5280914307, 169.549102783, 134.070068359, 225.668899536, 15.9669075012, 120.417488098], [-1704.27380371, 437.260467529, 801.89453125, 699.373291016, 571.090515137, -69.0654525757, -260.320007324, -134.907745361, 226.44921875, 188.210983276, 406.535919189, 70.551612854, 149.973297119], [-2280.20581055, 366.850463867, 699.373291016, 890.235168457, 770.235046387, -0.229857891798, -165.83543396, -170.702575684, 183.162765503, 146.043243408, 417.777526855, 61.1471405029, 243.895050049], [-1933.12878418, 211.32749939, 571.090515137, 770.235046387, 761.089416504, 87.5827255249, -165.16519165, -139.254333496, 150.662902832, 101.659263611, 346.130584717, 57.7132301331, 191.549346924], [105.705558777, -114.55128479, -69.0654525757, -0.229857891798, 87.5827255249, 121.928924561, 27.1075801849, 6.48697519302, -31.2995109558, -35.0052070618, -37.3730697632, 1.11432826519, 3.38293576241], [279.05682373, -5.66424131393, -260.320007324, -165.83543396, -165.16519165, 27.1075801849, 208.927841187, 33.1437988281, -88.486869812, -55.898891449, -130.402893066, -27.3287944794, 14.2330160141], [471.281158447, -87.5280914307, -134.907745361, -170.702575684, -139.254333496, 6.48697519302, 33.1437988281, 87.1959915161, 3.49542355537, -12.1788005829, -71.4996643066, -22.673500061, -72.5219726562], [-560.668273926, 169.549102783, 226.44921875, 183.162765503, 150.662902832, -31.2995109558, -88.486869812, 3.49542355537, 144.544158936, 85.8093414307, 134.598861694, 4.25385046005, 14.5452480316], [-384.152740479, 134.070068359, 188.210983276, 146.043243408, 101.659263611, -35.0052070618, -55.898891449, -12.1788005829, 85.8093414307, 79.8256378174, 109.542823792, 10.0504732132, 21.7754688263], [-1122.91174316, 225.668899536, 406.535919189, 417.777526855, 346.130584717, -37.3730697632, -130.402893066, -71.4996643066, 134.598861694, 109.542823792, 259.50869751, 48.4180450439, 94.0007019043], [-131.558181763, 15.9669075012, 70.551612854, 61.1471405029, 57.7132301331, 1.11432826519, -27.3287944794, -22.673500061, 4.25385046005, 10.0504732132, 48.4180450439, 36.68699646, 28.7622375488], [-648.141174316, 120.417488098, 149.973297119, 243.895050049, 191.549346924, 3.38293576241, 14.2330160141, -72.5219726562, 14.5452480316, 21.7754688263, 94.0007019043, 28.7622375488, 132.719589233]],
        "icov": [[0.00294334767386, 0.00225522462279, -0.00296846614219, -0.00053177610971, 0.00725108152255, -0.00613711634651, 0.00413494883105, -0.00578589690849, 0.00503747863695, -0.00613604672253, 0.00719359470531, -0.00296284258366, -0.0012526587816], [0.00225522462279, 0.0162595026195, -0.0151121281087, 0.00717826886103, 0.00421637808904, 0.00282049388625, -0.0204657837749, 0.0161302294582, -0.0178632345051, 0.00517976097763, 0.00200187740847, 0.000539662723895, 0.0045711454004], [-0.00296846614219, -0.0151121281087, 0.0257773660123, -0.0170728545636, -0.000969763204921, -0.0019739929121, 0.0223590023816, -0.00842553842813, 0.0109351119027, -0.0121124526486, -0.00164843141101, -0.00752938073128, -0.000503119837958], [-0.00053177610971, 0.00717826886103, -0.0170728545636, 0.0769199952483, -0.0583894215524, 0.0367595627904, -0.0214201230556, 0.0073938081041, 0.00311314850114, 0.00536746997386, -0.0325657725334, 0.042772334069, -0.0289255362004], [0.00725108152255, 0.00421637808904, -0.000969763204921, -0.0583894215524, 0.0770380273461, -0.0568901523948, 0.021385487169, -0.0111935921013, 0.00253044464625, -0.00252078636549, 0.0190226901323, -0.0222506094724, 0.0133209824562], [-0.00613711634651, 0.00282049388625, -0.0019739929121, 0.0367595627904, -0.0568901523948, 0.057977873832, -0.0274665430188, 0.0172655899078, -0.0159772764891, 0.010140741244, -0.00650200992823, 0.00603569718078, -0.00145731098019], [0.00413494883105, -0.0204657837749, 0.0223590023816, -0.0214201230556, 0.021385487169, -0.0274665430188, 0.0613712966442, -0.0486829318106, 0.0474957861006, -0.0313188843429, 0.0172707587481, -0.00312640122138, -0.022110208869], [-0.00578589690849, 0.0161302294582, -0.00842553842813, 0.0073938081041, -0.0111935921013, 0.0172655899078, -0.0486829318106, 0.0780749619007, -0.0586238205433, 0.026115693152, -0.0146514996886, 0.00156947376672, 0.0288182869554], [0.00503747863695, -0.0178632345051, 0.0109351119027, 0.00311314850114, 0.00253044464625, -0.0159772764891, 0.0474957861006, -0.0586238205433, 0.0776033103466, -0.0430336780846, 0.000558360130526, 0.0151816895232, -0.0227714534849], [-0.00613604672253, 0.00517976097763, -0.0121124526486, 0.00536746997386, -0.00252078636549, 0.010140741244, -0.0313188843429, 0.026115693152, -0.0430336780846, 0.0871108025312, -0.046023029834, 0.0217840690166, 0.00846638716757], [0.00719359470531, 0.00200187740847, -0.00164843141101, -0.0325657725334, 0.0190226901323, -0.00650200992823, 0.0172707587481, -0.0146514996886, 0.000558360130526, -0.046023029834, 0.0927630290389, -0.0640433430672, 0.013542749919], [-0.00296284258366, 0.000539662723895, -0.00752938073128, 0.042772334069, -0.0222506094724, 0.00603569718078, -0.00312640122138, 0.00156947376672, 0.0151816895232, 0.0217840690166, -0.0640433430672, 0.0952611267567, -0.032422285527], [-0.0012526587816, 0.0045711454004, -0.000503119837958, -0.0289255362004, 0.0133209824562, -0.00145731098019, -0.022110208869, 0.0288182869554, -0.0227714534849, 0.00846638716757, 0.013542749919, -0.032422285527, 0.0484648011625]]
    },
    "melbands": {
        "dmean": [4.1311235691e-05, 5.09680285177e-05, 1.52115453602e-05, 1.73888729478e-05, 1.63108652487e-05, 1.52229449668e-05, 8.4204648374e-06, 9.25182939682e-06, 0.000235773710301, 0.000372916780179, 0.000194271400687, 0.00010540591029, 2.60006049757e-06, 5.50961487988e-07, 1.24029329527e-05, 6.9763054853e-06, 6.56731970139e-07, 3.19291387996e-07, 1.12787154194e-06, 7.21155515748e-07, 5.66989264428e-08, 1.79937188705e-07, 2.92758585374e-07, 4.43692584895e-08, 1.35330054718e-07, 3.94894556166e-07, 3.24393852225e-07, 2.18909534055e-07, 9.76106804274e-08, 1.88264479561e-07, 1.4213810573e-07, 1.90541712186e-07, 2.41224711317e-07, 1.16727960631e-07, 4.45160537765e-07, 4.90072864068e-07, 5.29746671418e-07, 4.17431607502e-07, 2.165760975e-07, 1.00752416188e-07],
        "dmean2": [7.73059364292e-05, 8.65254842211e-05, 2.39131586568e-05, 2.686912012e-05, 3.20836770697e-05, 2.99642324535e-05, 1.20178092402e-05, 9.14162319532e-06, 0.000300720654195, 0.000506108568516, 0.000305739202304, 0.000123939069454, 5.20853745911e-06, 8.42275710511e-07, 1.16607989185e-05, 7.1789490903e-06, 1.30866624204e-06, 6.11366431258e-07, 2.18622562898e-06, 1.43227543958e-06, 1.13184832173e-07, 3.1326422345e-07, 4.68619958838e-07, 8.72433503218e-08, 2.27163738487e-07, 7.68452935063e-07, 6.31644184068e-07, 4.14727026055e-07, 1.8623785536e-07, 3.08075527755e-07, 2.29640505722e-07, 3.69042908233e-07, 4.68826783617e-07, 2.04655478342e-07, 8.50414210163e-07, 9.72090560936e-07, 1.04909270249e-06, 8.18621515464e-07, 4.06361294836e-07, 1.58721505272e-07],
        "dvar": [2.66135424809e-09, 3.31194160985e-09, 8.61740123703e-10, 2.61950083846e-09, 4.9423807269e-09, 4.64399541045e-09, 5.52514534125e-10, 5.18061982202e-10, 3.68326993794e-07, 8.54202880873e-07, 5.43815133369e-07, 1.55412564595e-07, 7.16910211751e-11, 3.06045792008e-12, 1.26311017201e-09, 3.93742760618e-10, 9.73414491373e-12, 1.57103659509e-12, 2.68746656873e-11, 1.18149049572e-11, 5.87332577863e-14, 5.43864107395e-13, 1.43927599873e-12, 3.32687877084e-14, 1.60743285544e-13, 3.68106847087e-12, 2.6529093592e-12, 1.12248578488e-12, 2.19721173222e-13, 4.47372417974e-13, 2.47774538517e-13, 8.97250156118e-13, 1.47967467272e-12, 2.66912062114e-13, 4.84101344081e-12, 6.40369831814e-12, 7.61264315474e-12, 4.64238283232e-12, 1.14421135327e-12, 1.98167477978e-13],
        "dvar2": [8.35530045151e-09, 9.12924402741e-09, 2.3155759532e-09, 6.38914743334e-09, 1.47911718429e-08, 1.38669955518e-08, 1.36404532114e-09, 4.47664544323e-10, 4.8654095508e-07, 1.32019965804e-06, 7.62206809668e-07, 2.03279043376e-07, 1.93688398653e-10, 6.90767798864e-12, 9.29896271096e-10, 3.53187423752e-10, 2.91881449566e-11, 4.65450681469e-12, 7.82327258531e-11, 3.49310892711e-11, 1.7592877025e-13, 1.45828347228e-12, 3.64385561655e-12, 1.0444285546e-13, 3.83596393582e-13, 1.08734384344e-11, 7.82411115063e-12, 3.2749877029e-12, 6.45531805094e-13, 1.23566597492e-12, 6.80046947574e-13, 2.67707904456e-12, 4.4018764328e-12, 7.47644079892e-13, 1.43296329663e-11, 1.91673378558e-11, 2.27069214126e-11, 1.37855794488e-11, 3.29672227017e-12, 5.09145677008e-13],
        "max": [0.00029833195731, 0.000407414627261, 0.000214706436964, 0.000367957021808, 0.000413472938817, 0.000406507984735, 0.000142919627251, 0.00022685850854, 0.0062010101974, 0.00947106257081, 0.0048572239466, 0.00282333558425, 5.26835610799e-05, 1.24992156998e-05, 0.000352298637154, 0.00019758749113, 1.76749708771e-05, 7.21654214431e-06, 3.06002875732e-05, 2.01614311663e-05, 1.41091402384e-06, 5.20800631421e-06, 8.67326616572e-06, 1.0473418115e-06, 2.61194054474e-06, 1.1196025298e-05, 9.50552566792e-06, 6.33374929748e-06, 2.7961386877e-06, 3.76473394681e-06, 3.01556747218e-06, 5.45505145055e-06, 6.96561801306e-06, 3.38534891853e-06, 1.33331705001e-05, 1.46753818626e-05, 1.58191433002e-05, 1.24830685309e-05, 6.47200022286e-06, 3.01674958791e-06],
        "mean": [5.64216825296e-05, 8.7617932877e-05, 2.67526847892e-05, 2.66785882559e-05, 1.30860671561e-05, 1.19607102533e-05, 1.10364399006e-05, 1.54339923029e-05, 0.000518848537467, 0.000769972859416, 0.000265710463282, 0.000133623223519, 3.35415825248e-06, 7.87347175901e-07, 2.76416121778e-05, 1.60208583111e-05, 4.09103108723e-07, 2.40101371674e-07, 7.36966967452e-07, 5.02525779211e-07, 4.77863650872e-08, 2.6823221333e-07, 4.70174654765e-07, 3.40627259732e-08, 1.69984986087e-07, 2.60783764361e-07, 1.90959212887e-07, 1.48694383029e-07, 6.9966240801e-08, 1.78091113412e-07, 1.92974496827e-07, 1.29262033965e-07, 1.44458553564e-07, 1.17896277629e-07, 3.29093126084e-07, 3.00505888617e-07, 2.9106311672e-07, 2.38832797095e-07, 1.39539665156e-07, 9.381524535e-08],
        "median": [3.59896439477e-05, 6.05446948612e-05, 1.47603268488e-05, 3.88693024433e-06, 4.05860146202e-06, 2.20420974983e-06, 1.20681647786e-06, 7.45114277834e-07, 3.83317797059e-07, 1.96676694486e-07, 1.43333139135e-07, 1.54579623768e-07, 1.55997355478e-07, 1.13368081145e-07, 1.09244112423e-07, 8.25329138365e-08, 6.55836629448e-08, 5.69701583686e-08, 3.43845414363e-08, 2.57776395785e-08, 1.81092403295e-08, 1.50430086165e-08, 1.08315427738e-08, 1.04069224349e-08, 9.83095826967e-09, 9.95670212944e-09, 8.48253201013e-09, 7.95263765951e-09, 6.89700163647e-09, 4.9354005327e-09, 3.8992795659e-09, 3.14416270797e-09, 2.71854694311e-09, 2.615844652e-09, 2.54958587576e-09, 2.17982143447e-09, 2.09454142919e-09, 2.07045203204e-09, 1.95828064875e-09, 1.57360602326e-09],
        "min": [6.88416776029e-07, 9.10686367206e-07, 1.86237252819e-06, 9.47464627643e-07, 3.27043096604e-07, 2.91797590535e-07, 4.07265616786e-08, 4.12086862411e-08, 4.66320955184e-08, 3.70628647772e-08, 3.7838550071e-08, 3.2277544193e-08, 2.49533780305e-08, 2.22676668216e-08, 2.42304381004e-08, 1.92746778538e-08, 1.68180847027e-08, 1.43631959659e-08, 7.17998371869e-09, 5.88917181688e-09, 4.50168302635e-09, 4.6115493646e-09, 2.72409961255e-09, 2.55287258e-09, 3.55467721924e-09, 3.51028472956e-09, 3.02812841468e-09, 2.74783396037e-09, 2.07367878424e-09, 1.80940651351e-09, 1.62156510441e-09, 1.17391063537e-09, 9.94810900323e-10, 1.16465959099e-09, 1.05924524707e-09, 1.03674591134e-09, 1.02248687295e-09, 1.09744757726e-09, 8.73139949231e-10, 7.68517527394e-10],
        "var": [3.56687213099e-09, 6.75546329987e-09, 1.33692401594e-09, 3.86776122241e-09, 2.72210920471e-09, 2.68030930783e-09, 6.86468160094e-10, 1.87310789102e-09, 2.02817091122e-06, 4.40719441031e-06, 8.39776873818e-07, 2.45439167657e-07, 9.20560710993e-11, 4.3943685496e-12, 6.6032721513e-09, 2.12267403654e-09, 4.99848253066e-12, 8.62502831742e-13, 1.52830439276e-11, 6.63439659113e-12, 3.17518025219e-14, 6.81203899712e-13, 2.1526803777e-12, 1.77719607964e-14, 1.96998924877e-13, 2.02494466507e-12, 1.45720631742e-12, 6.50542011753e-13, 1.26555965143e-13, 3.56491095324e-13, 2.57944924101e-13, 4.80973767758e-13, 7.81382391516e-13, 2.16858486463e-13, 2.96479897924e-12, 3.48381610019e-12, 4.03408122879e-12, 2.51677042921e-12, 6.89299257863e-13, 1.79782566872e-13]
    },
    "mfcc": {
        "mean": [-891.707275391, 144.431381226, 35.44323349, 17.6326828003, 3.8337264061, 10.303565979, 10.0301494598, 3.9822371006, 3.23390841484, 5.87016010284, 4.40935277939, 2.41257214546, -0.131602048874],
        "cov": [[6962.05517578, -815.744750977, -615.787231445, -2059.69458008, -2067.17041016, -813.909118652, -179.962265015, 470.69342041, 284.276702881, -11.4018583298, -7.12575864792, -494.915985107, -973.064208984], [-815.744750977, 389.578399658, 215.059417725, 237.86050415, 94.8292312622, 39.3845443726, -44.0414505005, -109.221549988, -0.944519042969, -18.2048053741, 57.1964607239, 80.6672363281, 138.646987915], [-615.787231445, 215.059417725, 303.292114258, 264.30279541, 288.274780273, 28.3845329285, -70.4826583862, -121.428497314, -100.040565491, 16.2853927612, 1.03648328781, 131.892150879, 212.114105225], [-2059.69458008, 237.86050415, 264.30279541, 726.409729004, 715.482299805, 257.89276123, 48.2131843567, -188.656265259, -118.777923584, 15.1507396698, -14.6456403732, 164.924057007, 338.96496582], [-2067.17041016, 94.8292312622, 288.274780273, 715.482299805, 1006.49713135, 304.708587646, 37.2738265991, -146.807693481, -191.869064331, 63.9284553528, -66.1694030762, 240.413101196, 415.158172607], [-813.909118652, 39.3845443726, 28.3845329285, 257.89276123, 304.708587646, 200.15788269, 89.0764846802, -38.4761962891, -11.3232326508, -4.40122795105, -28.5935173035, 17.7418994904, 83.6735305786], [-179.962265015, -44.0414505005, -70.4826583862, 48.2131843567, 37.2738265991, 89.0764846802, 103.609634399, 32.379776001, 32.7653694153, -12.5284166336, -12.3271360397, -37.0489349365, -31.4978866577], [470.69342041, -109.221549988, -121.428497314, -188.656265259, -146.807693481, -38.4761962891, 32.379776001, 104.769477844, 48.175239563, 0.971838831902, 0.410530716181, -47.3046226501, -106.435958862], [284.276702881, -0.944519042969, -100.040565491, -118.777923584, -191.869064331, -11.3232326508, 32.7653694153, 48.175239563, 100.537399292, 1.15998506546, 25.5568599701, -66.3520126343, -106.154045105], [-11.4018583298, -18.2048053741, 16.2853927612, 15.1507396698, 63.9284553528, -4.40122795105, -12.5284166336, 0.971838831902, 1.15998506546, 55.6677436829, 13.5523853302, 33.5250701904, 25.0504341125], [-7.12575864792, 57.1964607239, 1.03648328781, -14.6456403732, -66.1694030762, -28.5935173035, -12.3271360397, 0.410530716181, 25.5568599701, 13.5523853302, 55.9329338074, 12.0064725876, -16.522649765], [-494.915985107, 80.6672363281, 131.892150879, 164.924057007, 240.413101196, 17.7418994904, -37.0489349365, -47.3046226501, -66.3520126343, 33.5250701904, 12.0064725876, 132.519378662, 162.645523071], [-973.064208984, 138.646987915, 212.114105225, 338.96496582, 415.158172607, 83.6735305786, -31.4978866577, -106.435958862, -106.154045105, 25.0504341125, -16.522649765, 162.645523071, 273.810272217]],
