{
"lowlevel": {
    "average_loudness": 0.979232013226,
    "barkbands_crest": {
        "dmean": 1.61869978905,
        "dmean2": 2.381285429,
        "dvar": 6.83385896683,
        "dvar2": 15.452208519,
        "max": 25.4132919312,
        "mean": 17.0371837616,
        "median": 17.7375221252,
        "min": 7.00538349152,
        "var": 14.577454567
    },
    "barkbands_flatness_db": {
        "dmean": 0.0188149567693,
        "dmean2": 0.0242286473513,
        "dvar": 0.000598244718276,
        "dvar2": 0.000819770677481,
        "max": 0.504022598267,
        "mean": 0.375751376152,
        "median": 0.376280874014,
        "min": 0.159239694476,
        "var": 0.00662662601098
    },
    "barkbands_kurtosis": {
        "dmean": 4.35457086563,
        "dmean2": 5.9596619606,
        "dvar": 182.076080322,
        "dvar2": 281.990203857,
        "max": 164.264434814,
        "mean": 7.74507951736,
        "median": 2.7596154213,
        "min": -0.758619308472,
        "var": 446.316741943
    },
    "barkbands_skewness": {
        "dmean": 0.474352508783,
        "dmean2": 0.684380948544,
        "dvar": 0.531860291958,
        "dvar2": 1.02142012119,
        "max": 4.72979927063,
        "mean": -0.708102345467,
        "median": -0.977605998516,
        "min": -3.18584322929,
        "var": 2.84142136574
    },
    "barkbands_spread": {
        "dmean": 1.03867721558,
        "dmean2": 1.66032230854,
        "dvar": 5.97424316406,
        "dvar2": 15.1603336334,
        "max": 21.1915225983,
        "mean": 3.77462029457,
        "median": 3.16176867485,
        "min": 0.314561545849,
        "var": 6.12696075439
    },
    "dissonance": {
        "dmean": 0.110892437398,
        "dmean2": 0.198186680675,
        "dvar": 0.00701949046925,
        "dvar2": 0.0179872792214,
        "max": 0.489001482725,
        "mean": 0.263159573078,
        "median": 0.248657822609,
        "min": 0.0595505274832,
        "var": 0.0105913765728
    },
    "dynamic_complexity": 2.227840662,
    "erbbands_crest": {
        "dmean": 1.56697630882,
        "dmean2": 2.27764940262,
        "dvar": 6.74375247955,
        "dvar2": 15.1110200882,
        "max": 33.2812690735,
        "mean": 25.5347709656,
        "median": 27.9654083252,
        "min": 8.23607730865,
        "var": 38.768283844
    },
    "erbbands_flatness_db": {
        "dmean": 0.0165786948055,
        "dmean2": 0.0196824353188,
        "dvar": 0.000592203170527,
        "dvar2": 0.000796321546659,
        "max": 0.541345715523,
        "mean": 0.417101562023,
        "median": 0.420334905386,
        "min": 0.188333332539,
        "var": 0.00648406241089
    },
    "erbbands_kurtosis": {
        "dmean": 4.34951162338,
        "dmean2": 4.47642850876,
        "dvar": 237.235427856,
        "dvar2": 269.719329834,
        "max": 162.900344849,
        "mean": 10.7017793655,
        "median": 6.1816110611,
        "min": -0.471005678177,
        "var": 426.681121826
    },
    "erbbands_skewness": {
        "dmean": 0.412884414196,
        "dmean2": 0.484336853027,
        "dvar": 0.537493407726,
        "dvar2": 0.870886385441,
        "max": 8.50733089447,
        "mean": -1.10808265209,
        "median": -1.51154983044,
        "min": -3.52841901779,
        "var": 4.5908665657
    },
    "erbbands_spread": {
        "dmean": 0.763315021992,
        "dmean2": 1.08395004272,
        "dvar": 3.11355042458,
        "dvar2": 6.27818346024,
        "max": 17.6071872711,
        "mean": 3.69178009033,
        "median": 2.88532996178,
        "min": 0.539455473423,
        "var": 7.6522397995
    },
    "hfc": {
        "dmean": 5.83692121506,
        "dmean2": 6.26267337799,
        "dvar": 355.7762146,
        "dvar2": 756.406494141,
        "max": 239.386367798,
        "mean": 21.0979633331,
        "median": 14.9062652588,
        "min": 0.800234138966,
        "var": 637.763916016
    },
    "melbands_crest": {
        "dmean": 1.64730381966,
        "dmean2": 2.22202563286,
        "dvar": 3.63944149017,
        "dvar2": 8.18122959137,
        "max": 27.7118625641,
        "mean": 19.0791702271,
        "median": 19.4187049866,
        "min": 7.89667749405,
        "var": 27.6709976196
    },
    "melbands_flatness_db": {
        "dmean": 0.0186253078282,
        "dmean2": 0.0224125869572,
        "dvar": 0.000686393701471,
        "dvar2": 0.00090227543842,
        "max": 0.599438965321,
        "mean": 0.466457009315,
        "median": 0.471237838268,
        "min": 0.222095310688,
        "var": 0.00744821177796
    },
    "melbands_kurtosis": {
        "dmean": 2.11892414093,
        "dmean2": 3.15893292427,
        "dvar": 16.5811195374,
        "dvar2": 30.8316688538,
        "max": 46.1036262512,
        "mean": 3.99586892128,
        "median": 1.83961868286,
        "min": -1.00305354595,
        "var": 57.398349762
    },
    "melbands_skewness": {
        "dmean": 0.422508627176,
        "dmean2": 0.566035211086,
        "dvar": 0.643227756023,
        "dvar2": 0.919860720634,
        "max": 4.53841733932,
        "mean": -0.770473778248,
        "median": -0.892012178898,
        "min": -3.06253767014,
        "var": 1.9606153965
    },
    "melbands_spread": {
        "dmean": 1.61104547977,
        "dmean2": 2.70224189758,
        "dvar": 5.06352806091,
        "dvar2": 12.3534259796,
        "max": 15.3650770187,
        "mean": 6.72060537338,
        "median": 6.28498125076,
        "min": 0.625422120094,
        "var": 10.2197856903
    },
    "pitch_salience": {
        "dmean": 0.0443343482912,
        "dmean2": 0.0611152686179,
        "dvar": 0.00668300082907,
        "dvar2": 0.0110730342567,
        "max": 0.822890877724,
        "mean": 0.39252731204,
        "median": 0.395819216967,
        "min": 0.136029630899,
        "var": 0.0108696343377
    },
    "silence_rate_20dB": {
        "dmean": 0,
        "dmean2": 0,
        "dvar": 0,
        "dvar2": 0,
        "max": 1,
        "mean": 1,
        "median": 1,
        "min": 1,
        "var": 0
    },
    "silence_rate_30dB": {
        "dmean": 0.0166666675359,
        "dmean2": 0.0252100843936,
        "dvar": 0.0163888689131,
        "dvar2": 0.0245746094733,
        "max": 1,
        "mean": 0.983471095562,
        "median": 1,
        "min": 0,
        "var": 0.0162557438016
    },
    "silence_rate_60dB": {
        "dmean": 0,
        "dmean2": 0,
        "dvar": 0,
        "dvar2": 0,
        "max": 0,
        "mean": 0,
        "median": 0,
        "min": 0,
        "var": 0
    },
    "spectral_centroid": {
        "dmean": 33.7575073242,
        "dmean2": 47.673412323,
        "dvar": 3615.3112793,
        "dvar2": 7825.66650391,
        "max": 906.703918457,
        "mean": 757.475646973,
        "median": 801.083496094,
        "min": 484.279876709,
        "var": 13426.9648438
    },
    "spectral_complexity": {
        "dmean": 0.833333313465,
        "dmean2": 1.43697476387,
        "dvar": 1.43888866901,
        "dvar2": 2.64939045906,
        "max": 14,
        "mean": 4.23966932297,
        "median": 3,
        "min": 1,
        "var": 6.31446933746
    },
    "spectral_decrease": {
        "dmean": 1.47986101151e-09,
        "dmean2": 1.68129288269e-09,
        "dvar": 1.03798006432e-17,
        "dvar2": 2.082972635e-17,
        "max": -3.33033461919e-10,
        "mean": -6.42948760898e-09,
        "median": -5.0253121664e-09,
        "min": -4.30618598557e-08,
        "var": 3.42686303227e-17
    },
    "spectral_energy": {
        "dmean": 0.00589671544731,
        "dmean2": 0.00677369860932,
        "dvar": 0.000165196732269,
        "dvar2": 0.000301337538986,
        "max": 0.171412944794,
        "mean": 0.0261799320579,
        "median": 0.0202090702951,
        "min": 0.00132953003049,
        "var": 0.000582423643209
    },
    "spectral_energyband_high": {
        "dmean": 0.000162437019753,
        "dmean2": 0.000235303989029,
        "dvar": 1.44589660067e-06,
        "dvar2": 3.54252983925e-06,
        "max": 0.00978413410485,
        "mean": 9.65046856436e-05,
        "median": 1.98723432732e-06,
        "min": 3.14781573252e-07,
        "var": 7.86744806192e-07
    },
    "spectral_energyband_low": {
        "dmean": 0.000205894277315,
        "dmean2": 0.000368320703274,
        "dvar": 1.66069781926e-07,
        "dvar2": 4.76712159525e-07,
        "max": 0.00286009069532,
        "mean": 0.000300165062072,
        "median": 8.85165645741e-05,
        "min": 3.86558076571e-06,
        "var": 2.69214609716e-07
    },
    "spectral_energyband_middle_high": {
        "dmean": 0.00256231031381,
        "dmean2": 0.00242544151843,
        "dvar": 1.39590028994e-05,
        "dvar2": 3.1277006201e-05,
        "max": 0.0550923347473,
        "mean": 0.0156782735139,
        "median": 0.0108337001875,
        "min": 5.78183498874e-05,
        "var": 0.000176879635546
    },
    "spectral_energyband_middle_low": {
        "dmean": 0.00449914252385,
        "dmean2": 0.00630721729249,
        "dvar": 0.000181377021363,
        "dvar2": 0.000413317146013,
        "max": 0.156538546085,
        "mean": 0.0101367719471,
        "median": 0.00437449058518,
        "min": 0.000794651801698,
        "var": 0.000374503229978
    },
    "spectral_entropy": {
        "dmean": 0.183774456382,
        "dmean2": 0.223057582974,
        "dvar": 0.0900783091784,
        "dvar2": 0.0942808836699,
        "max": 8.15679073334,
        "mean": 4.80071544647,
        "median": 4.72780275345,
        "min": 3.79084467888,
        "var": 0.657963335514
    },
    "spectral_flux": {
        "dmean": 0.0147047638893,
        "dmean2": 0.0221702884883,
        "dvar": 0.000821872672532,
        "dvar2": 0.00192502932623,
        "max": 0.359978109598,
        "mean": 0.0364954732358,
        "median": 0.0164630468935,
        "min": 0.00591742433608,
        "var": 0.00311135360971
    },
    "spectral_kurtosis": {
        "dmean": 9.68424701691,
        "dmean2": 15.0892829895,
        "dvar": 83.3972015381,
        "dvar2": 171.330993652,
        "max": 166.878417969,
        "mean": 59.0708694458,
        "median": 50.511013031,
        "min": 2.16654729843,
        "var": 1348.43713379
    },
    "spectral_rms": {
        "dmean": 0.000527668569703,
        "dmean2": 0.000556897430215,
        "dvar": 7.85998281572e-07,
        "dvar2": 1.37593929139e-06,
        "max": 0.0129318265244,
        "mean": 0.0047178179957,
        "median": 0.00444028899074,
        "min": 0.00113890401553,
        "var": 3.28359669766e-06
    },
    "spectral_rolloff": {
        "dmean": 41.2719726562,
        "dmean2": 80.7042770386,
        "dvar": 15043.1591797,
        "dvar2": 34469.8359375,
        "max": 1313.52539062,
        "mean": 915.962646484,
        "median": 947.4609375,
        "min": 495.263671875,
        "var": 18869.3359375
    },
    "spectral_skewness": {
        "dmean": 0.603526353836,
        "dmean2": 0.929936468601,
        "dvar": 0.271838784218,
        "dvar2": 0.60150384903,
        "max": 11.030081749,
        "mean": 6.06431245804,
        "median": 5.73641777039,
        "min": 1.78949272633,
        "var": 3.36991262436
    },
    "spectral_spread": {
        "dmean": 570391.25,
        "dmean2": 672400.5,
        "dvar": 3.40269124813e+12,
        "dvar2": 2.66571559731e+12,
        "max": 29066710,
        "mean": 2195586.5,
        "median": 1741202.25,
        "min": 540562.9375,
        "var": 8.5079097344e+12
    },
    "spectral_strongpeak": {
        "dmean": 0.584711372852,
        "dmean2": 0.757544398308,
        "dvar": 0.595558166504,
        "dvar2": 1.08361148834,
        "max": 9.29706382751,
        "mean": 3.80351853371,
        "median": 3.29960608482,
        "min": 0.0903861299157,
        "var": 3.85689783096
    },
    "zerocrossingrate": {
        "dmean": 0.00234375009313,
        "dmean2": 0.00283531378955,
        "dvar": 2.4301240046e-05,
        "dvar2": 4.08929663536e-05,
        "max": 0.0693359375,
        "mean": 0.0379648767412,
        "median": 0.04150390625,
        "min": 0.005859375,
        "var": 5.57043531444e-05
    },
    "barkbands": {
        "dmean": [9.37899039855e-06, 0.000130596978124, 8.14908489701e-05, 7.73406136432e-05, 0.000163222197443, 0.000118298688903, 0.00452853552997, 0.00024110438244, 0.000734613568056, 0.000406334118452, 0.00191399420146, 2.76963746728e-05, 0.00055797706591, 3.04213631352e-06, 4.84882866658e-06, 1.6743534843e-06, 1.0645171642e-05, 1.67239932125e-06, 2.30646969612e-06, 3.04877198687e-06, 7.16076692697e-06, 2.91798869512e-06, 5.78071831114e-06, 1.1586979781e-05, 2.17832912313e-05, 8.27451294754e-05, 2.85681562673e-05],
        "dmean2": [1.63948934642e-05, 0.000245547882514, 0.000145728336065, 9.86519735307e-05, 0.000245716946665, 0.000129824256874, 0.0067770560272, 0.000379646429792, 0.00108624843415, 0.000350402551703, 0.00152551464271, 2.94086948998e-05, 0.000873446522746, 4.31444595961e-06, 7.26382086214e-06, 2.40907252191e-06, 1.67909729498e-05, 2.32717479776e-06, 2.90939055958e-06, 4.2690353439e-06, 1.0636155821e-05, 4.26041287938e-06, 7.45839815863e-06, 1.67480575328e-05, 3.08002490783e-05, 0.000121303739434, 4.23580822826e-05],
        "dvar": [3.54417745152e-10, 8.09881868236e-08, 3.8811137415e-08, 1.28567222646e-07, 5.75232945721e-07, 4.68493851713e-07, 0.000214546438656, 7.6170272223e-07, 2.53632697422e-05, 1.88934691892e-07, 4.05530681746e-06, 5.50926237963e-08, 1.43456863952e-05, 3.02254749007e-10, 1.27172591902e-10, 2.33050870269e-11, 9.42920741487e-10, 1.04859468331e-10, 1.43737785563e-10, 4.00076222151e-10, 2.81794609869e-09, 3.03108066424e-10, 1.39602562843e-09, 7.29833082858e-09, 2.49820644171e-08, 3.84506506634e-07, 4.61277274155e-08],
        "dvar2": [8.73504046872e-10, 2.63918764176e-07, 1.01031588429e-07, 2.4821650868e-07, 7.7811034771e-07, 7.94141158167e-07, 0.0005641420139, 1.85282453913e-06, 3.8763966586e-05, 2.82751017266e-07, 4.77334106108e-06, 4.60283544612e-08, 3.38812242262e-05, 4.12657075177e-10, 1.84677370618e-10, 5.22003863745e-11, 2.57278687243e-09, 2.41695774506e-10, 3.02315783518e-10, 9.28085830409e-10, 7.06007963203e-09, 7.1739608698e-10, 2.90947976822e-09, 1.80021775265e-08, 6.04556902317e-08, 9.47764704051e-07, 1.1454398674e-07],
        "max": [0.000203849325771, 0.00223010662012, 0.00178221857641, 0.00325998594053, 0.00687684072182, 0.00650235358626, 0.122746899724, 0.00886756554246, 0.0700351372361, 0.00811012648046, 0.0469220019877, 0.00291814981028, 0.0449836216867, 0.000262823159574, 0.000155128160259, 6.42433878966e-05, 0.00025225392892, 9.57445517997e-05, 0.000134995832923, 0.000184121745406, 0.000432051136158, 0.000159508170327, 0.000348808709532, 0.000698864401784, 0.00131967605557, 0.00496533047408, 0.00170983944554],
        "mean": [1.36371418193e-05, 0.000170664818143, 9.03747859411e-05, 6.43704115646e-05, 0.000316929275868, 0.000114759066491, 0.00756450835615, 0.000457488233224, 0.00160206656437, 0.00241410476156, 0.0123312380165, 3.34852520609e-05, 0.000870998657774, 5.90289209867e-06, 1.15444354378e-05, 3.14717362926e-06, 1.24770340335e-05, 1.51470624132e-06, 3.00938540931e-06, 2.67680729849e-06, 4.31676880908e-06, 3.47721902472e-06, 6.08684376857e-06, 6.94288155501e-06, 1.42492590385e-05, 4.41304291598e-05, 1.5543995687e-05],
        "median": [1.9203246211e-06, 4.28487182944e-05, 3.26860244968e-05, 9.39373421716e-06, 9.35746720643e-05, 1.24248672364e-05, 0.00388192594983, 2.89715444524e-06, 5.67651477468e-06, 0.00164168095216, 0.00819938350469, 1.02826902548e-06, 7.98057953943e-06, 6.80732796354e-07, 1.30995761083e-06, 1.03939953533e-06, 2.27556620302e-06, 2.4284750566e-07, 2.71387165185e-07, 2.69065111524e-07, 1.37579093007e-07, 2.01512193598e-07, 1.52274708398e-07, 1.14350072522e-07, 1.79870212946e-07, 2.35198498899e-07, 4.68024182965e-07],
        "min": [4.56382878156e-08, 1.97767781174e-06, 2.19700979187e-07, 4.78711911001e-07, 2.18350305659e-06, 5.62202558285e-07, 0.000485351425596, 2.10685328739e-07, 2.21421231572e-07, 1.36288172143e-05, 5.47996296518e-06, 1.67673391616e-07, 4.71782186651e-07, 5.78378127614e-08, 1.21632098171e-07, 1.85355617077e-07, 1.89475613865e-07, 3.18274686606e-08, 5.508216816e-08, 3.39246390979e-08, 1.73576364393e-09, 1.8229686205e-08, 2.12064534821e-08, 1.91220443924e-08, 2.74635407749e-08, 2.33728556509e-08, 6.0515034761e-08],
        "var": [9.77501968258e-10, 1.25499965975e-07, 3.97907591321e-08, 9.8536965254e-08, 7.27518226995e-07, 4.44698173396e-07, 0.000178547677933, 2.27183750212e-06, 7.99273184384e-05, 4.72980491395e-06, 0.000121631113871, 7.06878182655e-08, 2.38562479353e-05, 9.4975449727e-10, 5.72761171824e-10, 5.83977935453e-11, 1.06478714734e-09, 7.87782200584e-11, 1.84401049985e-10, 2.90406337866e-10, 1.53139601e-09, 2.35846675523e-10, 1.16426879249e-09, 4.02032451774e-09, 1.44431488991e-08, 2.02288546802e-07, 2.39464714724e-08]
    },
    "erbbands": {
        "dmean": [0.00414965162054, 0.0306925158948, 0.0816654264927, 0.173082903028, 0.544827878475, 0.509866833687, 0.418458908796, 1.4116178751, 24.2303524017, 74.6025772095, 7.1409535408, 18.3273792267, 4.17386198044, 85.5987472534, 16.2768688202, 3.89210224152, 25.9272327423, 1.14618861675, 0.173784673214, 0.227993682027, 0.339775204659, 0.329230964184, 0.145463898778, 0.10102416575, 0.0913901105523, 0.179126024246, 0.190668687224, 0.304392307997, 0.108432151377, 0.285353183746, 0.0837631374598, 0.151689141989, 0.228645473719, 0.106363490224, 0.228772982955, 0.467089056969, 0.127359956503, 0.0353506393731, 0.00426880409941, 0.000101010235085],
        "dmean2": [0.00779877277091, 0.0559282451868, 0.144007027149, 0.24119310081, 0.757169127464, 0.734625577927, 0.623064517975, 1.58187019825, 34.0527420044, 114.557792664, 7.21711587906, 28.7605304718, 3.22303128242, 69.2093276978, 13.426820755, 6.46255064011, 40.2518310547, 1.75562822819, 0.256977766752, 0.311594575644, 0.537581682205, 0.520280957222, 0.207890972495, 0.121124342084, 0.128252655268, 0.251393169165, 0.274128526449, 0.455899268389, 0.158352762461, 0.400300204754, 0.0902075991035, 0.21595941484, 0.327520400286, 0.149021610618, 0.329857289791, 0.689759969711, 0.18304027617, 0.0523396506906, 0.00628831936046, 0.000145811907714],
        "dvar": [7.97430766397e-05, 0.00407841103151, 0.0353471152484, 0.379674464464, 6.38727235794, 5.37029743195, 3.87678146362, 54.231754303, 4849.89941406, 65723.1484375, 596.092102051, 17143.8847656, 132.207427979, 7941.62646484, 292.440551758, 864.199523926, 31049.2148438, 49.621711731, 0.445045948029, 0.546397745609, 0.672321617603, 1.76416349411, 0.88484442234, 0.225282356143, 0.321874082088, 1.50332009792, 1.85498738289, 5.13270521164, 0.319586187601, 3.90876054764, 0.255574136972, 1.20727479458, 2.80746102333, 0.570164620876, 2.8468580246, 12.3885765076, 0.883956611156, 0.0710101425648, 0.00101822044235, 4.92953006415e-07],
        "dvar2": [0.000211007980397, 0.0141980247572, 0.101157993078, 0.74330073595, 8.70731258392, 7.83167648315, 6.45262050629, 94.7297821045, 12080.3896484, 170950.9375, 567.065673828, 28660.3007812, 66.8040237427, 9040.04101562, 390.511474609, 1594.21813965, 73523.6171875, 104.986793518, 0.860549032688, 0.82784974575, 1.49228990078, 4.77493095398, 2.14787602425, 0.437489956617, 0.754450678825, 3.53760743141, 4.53403997421, 12.8844413757, 0.717378258705, 9.06072616577, 0.44761711359, 2.9308347702, 6.88858270645, 1.36029887199, 6.98485803604, 30.7192077637, 2.1442360878, 0.176222264767, 0.00251506059431, 1.20987556329e-06],
        "max": [0.0886328369379, 0.403367757797, 1.63290417194, 5.52048683167, 23.0888938904, 21.8173980713, 19.294298172, 70.6382369995, 663.679443359, 2021.14135742, 547.022155762, 1734.20410156, 199.943237305, 2077.36352539, 386.883117676, 375.249237061, 2083.51904297, 95.3419952393, 10.4708404541, 9.68607807159, 7.10707950592, 12.9540815353, 9.11084938049, 5.73907327652, 5.65150213242, 10.999876976, 11.5470399857, 18.361530304, 5.53040504456, 17.1492404938, 5.0968875885, 9.18560409546, 13.7597742081, 6.43316221237, 13.8498153687, 28.0469455719, 7.6420211792, 2.11906647682, 0.255343645811, 0.00583732360974],
        "mean": [0.00623095082119, 0.0335305519402, 0.0909978076816, 0.180301204324, 0.841515004635, 1.01129662991, 0.54161375761, 1.90327310562, 50.7754402161, 108.678070068, 20.9930973053, 40.2582740784, 20.8695983887, 557.859802246, 103.080757141, 11.0172786713, 39.9673156738, 2.75402235985, 0.422060459852, 0.495720475912, 0.511530041695, 0.391756355762, 0.141066402197, 0.150309756398, 0.0982261821628, 0.14231172204, 0.133693516254, 0.183930456638, 0.159161955118, 0.248627454042, 0.103166773915, 0.0984286367893, 0.141040891409, 0.0797643959522, 0.137340441346, 0.24657279253, 0.0705483704805, 0.0185427181423, 0.00233718892559, 9.47958978941e-05],
        "median": [0.000917181954719, 0.00989942625165, 0.041153986007, 0.0489690676332, 0.334412246943, 0.297487229109, 0.14488619566, 0.663823544979, 31.7551994324, 44.0315093994, 1.64838802814, 0.713326275349, 13.669711113, 384.382049561, 67.9336700439, 3.06714010239, 0.583031594753, 0.186455950141, 0.067400611937, 0.046596352011, 0.162549450994, 0.0655763745308, 0.0160603504628, 0.0150822531432, 0.0134581439197, 0.0099375275895, 0.0078015611507, 0.00628255540505, 0.00776200369, 0.00568877160549, 0.0040048956871, 0.00281139835715, 0.00216486142017, 0.00188058498316, 0.00135156174656, 0.000898614816833, 0.000327022309648, 0.000154971188749, 6.45005202387e-05, 4.22876437369e-05],
        "min": [6.59610741423e-05, 0.000414156907937, 0.000983826816082, 0.00624975655228, 0.00616947980598, 0.00768034858629, 0.0191180314869, 0.129704192281, 2.92223119736, 5.03287363052, 0.208958536386, 0.158535778522, 0.642627418041, 0.332718014717, 0.344994932413, 0.210494324565, 0.0984526127577, 0.0480759069324, 0.0165719240904, 0.0110279824585, 0.0117687713355, 0.00872626341879, 0.00478105526417, 0.00277338386513, 0.00290709617548, 0.00190072320402, 0.00114352174569, 0.00100094149821, 0.000711086322553, 0.000613862532191, 0.000586439098697, 0.000420222204411, 0.000374361639842, 0.000288498762529, 0.000205987860681, 0.00014732015552, 4.2128682253e-05, 1.76452103915e-05, 1.19359401651e-05, 5.86038368056e-06],
        "var": [0.000221047623199, 0.00417243130505, 0.0309430379421, 0.325506329536, 7.28038787842, 6.64002370834, 4.88617277145, 50.1916122437, 4570.76904297, 56791.0117188, 5830.81054688, 49481.2109375, 533.713317871, 249304.078125, 8062.90917969, 2225.87402344, 50524.7539062, 130.461654663, 1.59880363941, 1.48990738392, 1.04576206207, 1.78662419319, 0.726026892662, 0.369260042906, 0.284314870834, 1.02126669884, 1.10291492939, 2.76425933838, 0.341006457806, 2.53721642494, 0.289161086082, 0.698067784309, 1.5626257658, 0.349189758301, 1.57931184769, 6.44981765747, 0.480680823326, 0.0368083156645, 0.000534367514774, 2.76844843938e-07]
    },
    "gfcc": {
        "mean": [-158.58114624, 142.720809937, -92.1442184448, -68.1832199097, -70.0754623413, 6.82031536102, -4.54248905182, 7.04417943954, -17.885307312, -8.05756378174, -4.50332593918, 14.3984375, -3.27176952362],
        "cov": [[2947.67578125, -1109.53039551, -107.015625, 426.811553955, -456.196014404, 61.2315444946, -425.660491943, -26.0015296936, -3.5573322773, 451.054840088, -170.295516968, -251.555969238, -486.51449585], [-1109.53039551, 761.93560791, -121.960777283, -289.218963623, 295.825805664, -54.3721351624, 78.8151626587, -108.770484924, -24.1862220764, -301.956542969, 11.8723697662, 94.2337341309, 221.456634521], [-107.015625, -121.960777283, 797.766540527, 104.085334778, -32.9082145691, 57.4628753662, 345.597229004, 255.683197021, -15.6610422134, 122.648391724, 168.562225342, 46.0215950012, 69.3650741577], [426.811553955, -289.218963623, 104.085334778, 410.400817871, -79.7208404541, -34.4490699768, -75.100944519, 50.9481964111, 106.603897095, 208.810012817, 9.19700527191, -61.7537574768, -147.744918823], [-456.196014404, 295.825805664, -32.9082145691, -79.7208404541, 200.554656982, -28.9451122284, 36.7632446289, -40.210105896, -14.6244440079, -129.361862183, 0.713083028793, 29.2316608429, 82.4189605713], [61.2315444946, -54.3721351624, 57.4628753662, -34.4490699768, -28.9451122284, 122.719802856, 104.110282898, 51.2720108032, -30.2401752472, 9.94038391113, 11.7189922333, 25.6729373932, 20.6652259827], [-425.660491943, 78.8151626587, 345.597229004, -75.100944519, 36.7632446289, 104.110282898, 306.423278809, 149.648468018, -27.4993915558, -13.4946289062, 115.195213318, 80.2822341919, 119.40271759], [-26.0015296936, -108.770484924, 255.683197021, 50.9481964111, -40.210105896, 51.2720108032, 149.648468018, 143.942092896, 25.5781173706, 73.9459915161, 70.1240005493, 28.94257164, 21.4451961517], [-3.5573322773, -24.1862220764, -15.6610422134, 106.603897095, -14.6244440079, -30.2401752472, -27.4993915558, 25.5781173706, 110.978759766, 82.6206359863, 13.7291755676, -6.77314138412, -30.440946579], [451.054840088, -301.956542969, 122.648391724, 208.810012817, -129.361862183, 9.94038391113, -13.4946289062, 73.9459915161, 82.6206359863, 214.149810791, 35.8855552673, -46.8180389404, -113.266357422], [-170.295516968, 11.8723697662, 168.562225342, 9.19700527191, 0.713083028793, 11.7189922333, 115.195213318, 70.1240005493, 13.7291755676, 35.8855552673, 84.2787094116, 27.6035118103, 35.9315834045], [-251.555969238, 94.2337341309, 46.0215950012, -61.7537574768, 29.2316608429, 25.6729373932, 80.2822341919, 28.94257164, -6.77314138412, -46.8180389404, 27.6035118103, 62.7260780334, 72.8374710083], [-486.51449585, 221.456634521, 69.3650741577, -147.744918823, 82.4189605713, 20.6652259827, 119.40271759, 21.4451961517, -30.440946579, -113.266357422, 35.9315834045, 72.8374710083, 137.328338623]],
        "icov": [[0.00169743364677, 0.000630355614703, -0.00106206850614, 0.00090685824398, -0.000200921364012, -0.00253570685163, 0.00341528397985, -0.000383972219424, 0.00147204066161, -0.00191790284589, 0.000895925157238, -0.000598052400164, 0.00292896362953], [0.000630355614703, 0.0102433962747, -0.00274633360095, 0.00153638666961, -0.00434433668852, -0.00318454531953, 0.000171168823726, 0.0111999325454, -0.0120945321396, 0.0120053160936, -0.00672461930662, 0.00122764520347, -0.0017273821868], [-0.00106206850614, -0.00274633360095, 0.00774375349283, -0.00267905183136, 0.000549839111045, 0.00880006700754, -0.00847583916038, -0.00820621848106, 0.00942249689251, -0.00844893883914, 0.00417100545019, 0.00292686186731, -0.00665439805016], [0.00090685824398, 0.00153638666961, -0.00267905183136, 0.0078906416893, -0.0033951329533, -0.00161411671434, 0.00366577738896, 0.000781959213782, -0.00335512380116, -0.00332663580775, 0.000603561231401, -0.00445904722437, 0.00826826877892], [-0.000200921364012, -0.00434433668852, 0.000549839111045, -0.0033951329533, 0.0147321755067, 0.00221594888717, -0.00462767807767, 0.000239321714616, -0.00145002058707, 0.00727704213932, 0.000667878892273, 0.00490299379453, 7.99803310656e-05], [-0.00253570685163, -0.00318454531953, 0.00880006700754, -0.00161411671434, 0.00221594888717, 0.032468367368, -0.0261954143643, -0.00456843525171, 0.0127275111154, -0.0154427438974, 0.0215770546347, -0.00548486458138, -0.00540778320283], [0.00341528397985, 0.000171168823726, -0.00847583916038, 0.00366577738896, -0.00462767807767, -0.0261954143643, 0.0428592339158, -0.013057067059, 0.00182707642671, 0.00360696949065, -0.0225763507187, -0.00214271363802, 0.00196529692039], [-0.000383972219424, 0.0111999325454, -0.00820621848106, 0.000781959213782, 0.000239321714616, -0.00456843525171, -0.013057067059, 0.0461352318525, -0.0242113750428, 0.0137156695127, -0.00655343662947, -0.00381966587156, -5.68105424463e-05], [0.00147204066161, -0.0120945321396, 0.00942249689251, -0.00335512380116, -0.00145002058707, 0.0127275111154, 0.00182707642671, -0.0242113750428, 0.0467110536993, -0.0418164655566, 0.0178245268762, -0.00711033074185, -0.0075308131054], [-0.00191790284589, 0.0120053160936, -0.00844893883914, -0.00332663580775, 0.00727704213932, -0.0154427438974, 0.00360696949065, 0.0137156695127, -0.0418164655566, 0.0685633346438, -0.0362020619214, 0.0102648017928, 0.0185212232172], [0.000895925157238, -0.00672461930662, 0.00417100545019, 0.000603561231401, 0.000667878892273, 0.0215770546347, -0.0225763507187, -0.00655343662947, 0.0178245268762, -0.0362020619214, 0.0577614270151, -0.00834955926985, -0.00702665373683], [-0.000598052400164, 0.00122764520347, 0.00292686186731, -0.00445904722437, 0.00490299379453, -0.00548486458138, -0.00214271363802, -0.00381966587156, -0.00711033074185, 0.0102648017928, -0.00834955926985, 0.0554694570601, -0.0303774140775], [0.00292896362953, -0.0017273821868, -0.00665439805016, 0.00826826877892, 7.99803310656e-05, -0.00540778320283, 0.00196529692039, -5.68105424463e-05, -0.0075308131054, 0.0185212232172, -0.00702665373683, -0.0303774140775, 0.0633234083652]]
    },
    "melbands": {
        "dmean": [3.66554450011e-05, 4.02660152758e-05, 4.01867509936e-05, 4.30182808486e-05, 1.29128638946e-05, 2.66580045718e-05, 0.000582588836551, 0.000661726051476, 7.19086456229e-05, 0.00010331368685, 6.485537142e-06, 0.000318955891998, 0.000119750380691, 1.91537014871e-06, 5.45580878679e-05, 3.10629511659e-05, 4.26621738825e-07, 1.67056612099e-07, 4.53683895785e-07, 1.45891647207e-07, 5.73191186959e-07, 4.15996225911e-07, 2.62402153339e-07, 5.25060848133e-08, 8.39794509488e-08, 8.21618186819e-08, 5.13355402632e-08, 1.41048118962e-07, 7.88578162769e-08, 2.23606562599e-07, 1.41131252462e-07, 5.25340624336e-08, 7.16589454441e-08, 1.93500255818e-07, 4.08070697233e-08, 2.62872212886e-08, 1.20684333638e-07, 1.90268622191e-07, 1.24282649949e-07, 6.26359977218e-08],
        "dmean2": [6.88741274644e-05, 7.16438516974e-05, 5.0689373893e-05, 6.2489976699e-05, 2.0124412913e-05, 3.11057010549e-05, 0.000836376682855, 0.00100868975278, 9.75113289314e-05, 0.000151435495354, 7.30800502424e-06, 0.000258216372458, 9.83692516456e-05, 1.90907417164e-06, 8.78333885339e-05, 4.6864945034e-05, 4.47580248419e-07, 2.55353711509e-07, 6.91251784701e-07, 1.66210938346e-07, 9.12619782412e-07, 6.56589747905e-07, 3.84376136253e-07, 7.78373845378e-08, 9.71409832573e-08, 1.10293306932e-07, 7.5045861081e-08, 1.96989702772e-07, 1.08145428612e-07, 3.32685715421e-07, 2.15345352217e-07, 7.68488348513e-08, 1.06484414175e-07, 2.67809895149e-07, 4.42287770852e-08, 3.33219603021e-08, 1.73477971543e-07, 2.77386845937e-07, 1.73808231807e-07, 8.6668094923e-08],
        "dvar": [6.27459417757e-09, 6.81163037086e-09, 2.61068535679e-08, 3.85974345818e-08, 4.23911794556e-09, 2.54407162004e-08, 3.1143670185e-06, 5.13683153258e-06, 1.95032143324e-07, 5.0105182936e-07, 2.4311856972e-09, 1.10143936638e-07, 1.61753437311e-08, 2.31833982567e-10, 1.46282090441e-07, 4.09352800546e-08, 3.42386969471e-12, 6.8624831295e-13, 7.86234142028e-13, 5.89175247218e-13, 2.07840602368e-12, 1.59171688417e-12, 3.28258687593e-12, 9.92756359975e-14, 1.34915204551e-13, 2.21528782189e-13, 8.58065449748e-14, 9.39410224957e-13, 2.80472395526e-13, 2.77235417782e-12, 1.09198923775e-12, 5.33087368194e-14, 2.43167817696e-13, 1.71630255581e-12, 5.63431036039e-14, 2.82278591642e-14, 7.79216968727e-13, 1.99618533508e-12, 7.70776400604e-13, 1.93306010305e-13],
        "dvar2": [1.9253482364e-08, 2.04987422592e-08, 4.31387832123e-08, 5.32025659084e-08, 6.24271878635e-09, 4.74969539255e-08, 8.06034768175e-06, 1.32922014018e-05, 3.17922513204e-07, 7.68633583448e-07, 2.83189072192e-09, 1.25746382196e-07, 2.03828953715e-08, 1.66209476737e-10, 3.37493702318e-07, 9.64230224554e-08, 2.26173940687e-12, 1.38105759467e-12, 1.29640449851e-12, 9.7930192601e-13, 4.51640981558e-12, 4.35750697678e-12, 8.13649061321e-12, 2.39510695348e-13, 2.43842787758e-13, 4.99148302986e-13, 2.0370158468e-13, 2.20446165662e-12, 6.51399995142e-13, 6.95390923663e-12, 2.75857331769e-12, 1.13097072397e-13, 5.98715792655e-13, 3.87047989145e-12, 7.95380539318e-14, 5.88351727906e-14, 1.91185912587e-12, 4.94607523341e-12, 1.82508977549e-12, 4.598844092e-13],
        "max": [0.00069684535265, 0.000664204242639, 0.00150961219333, 0.00181488599628, 0.000594132230617, 0.00149447773583, 0.0159127209336, 0.0181109122932, 0.00718112941831, 0.0098438244313, 0.000583677727263, 0.00772089138627, 0.00288443174213, 0.000208849101909, 0.00458372943103, 0.0024511970114, 3.46454144164e-05, 1.18086045404e-05, 1.11014014692e-05, 9.03915224626e-06, 1.24740572574e-05, 1.08519507194e-05, 1.78153804882e-05, 2.96741995953e-06, 4.64027789349e-06, 4.96939765071e-06, 2.97618407785e-06, 8.56484075484e-06, 4.76791774418e-06, 1.34477450047e-05, 8.46868078952e-06, 2.43903173214e-06, 4.15590511693e-06, 1.15861448649e-05, 2.48924652624e-06, 1.60116110237e-06, 7.29914199837e-06, 1.14483973448e-05, 7.47368585508e-06, 3.79409561901e-06],
        "mean": [5.10577701789e-05, 4.71736129839e-05, 4.39408649981e-05, 8.42853187351e-05, 1.8701168301e-05, 2.34365561482e-05, 0.00110835046507, 0.000977404532023, 0.000199197995244, 0.000217601191252, 9.42537008086e-06, 0.00207743467763, 0.000760534370784, 2.8311578717e-06, 8.52377561387e-05, 5.28008386027e-05, 9.43689940414e-07, 3.27138252487e-07, 1.12519956019e-06, 2.13184222275e-07, 8.07807850833e-07, 5.0256250006e-07, 2.39497978782e-07, 5.07958937135e-08, 1.32161559918e-07, 9.46052551853e-08, 5.53081207499e-08, 1.06225805041e-07, 6.59738930153e-08, 1.29733479071e-07, 8.36492972667e-08, 9.45007485598e-08, 6.00738445655e-08, 1.81965191359e-07, 6.38516794993e-08, 2.36970691958e-08, 7.55777023187e-08, 1.09305020146e-07, 9.3381295585e-08, 4.92721703438e-08],
        "median": [9.42027600104e-06, 1.94383774215e-05, 1.57220820256e-05, 2.2983236704e-05, 6.18436979494e-06, 1.79402934464e-06, 0.000650343426969, 0.000393910740968, 6.6996943815e-07, 8.31821807878e-07, 1.52082475324e-06, 0.00142596126534, 0.000504086900037, 1.26913477061e-07, 3.46996330336e-07, 9.70943460743e-07, 1.14326212497e-07, 7.16130728051e-08, 9.8490595235e-08, 2.41610447205e-08, 2.63823380919e-07, 1.01998047342e-07, 1.21014327448e-08, 9.66619140286e-09, 1.15500844444e-08, 9.05633523729e-09, 8.91134011027e-09, 5.72189939874e-09, 5.22803267344e-09, 3.07509195885e-09, 2.64988631038e-09, 4.02773192576e-09, 2.98355962158e-09, 3.16362935848e-09, 2.18351359216e-09, 1.51725376707e-09, 1.54639412386e-09, 1.35388567024e-09, 1.82655690573e-09, 1.40276978922e-09],
        "min": [6.29093619864e-07, 4.41398128714e-07, 1.47504442793e-06, 2.83964737946e-07, 4.2462997385e-07, 9.6413423023e-08, 6.65691768518e-05, 4.58402100776e-05, 4.09813978308e-08, 3.17683124251e-08, 1.89828256225e-07, 1.38487530421e-06, 9.39691915391e-07, 1.37294495772e-08, 3.23338333885e-08, 6.32185219729e-08, 1.58634314573e-08, 1.18278622452e-08, 9.15882480967e-09, 2.95419400054e-09, 1.02680113301e-08, 1.02893382703e-08, 8.68895844164e-10, 7.23022863802e-10, 1.65161528898e-09, 1.79372372511e-09, 1.54929857832e-09, 7.27799764899e-10, 5.46638234677e-10, 2.19247103111e-11, 8.69955149585e-11, 3.19691578765e-10, 3.11376507911e-10, 2.62826121977e-10, 3.14537812462e-10, 1.77837994331e-10, 2.46478920607e-10, 2.10538558809e-10, 2.39527758739e-10, 1.92455856807e-10],
        "var": [1.25243033722e-08, 6.57964838169e-09, 2.44209736877e-08, 4.79020449973e-08, 5.47801448647e-09, 2.14718003377e-08, 2.7040864552e-06, 4.52116501037e-06, 9.15171995075e-07, 1.51585572894e-06, 2.91920199125e-09, 3.45653347722e-06, 4.52138579021e-07, 3.73741981807e-10, 2.60548517872e-07, 7.10383147862e-08, 1.46003695245e-11, 1.89293806324e-12, 4.27235156975e-12, 9.66659694998e-13, 2.88107190015e-12, 1.77110984299e-12, 2.84410819548e-12, 7.57278896708e-14, 2.61510485575e-13, 2.30570472654e-13, 8.00772683297e-14, 6.16533245897e-13, 1.93476121626e-13, 1.48217820396e-12, 5.88288261421e-13, 9.0128500095e-14, 1.43776158514e-13, 1.1994441898e-12, 8.90188530528e-14, 2.32065512911e-14, 4.39459314208e-13, 1.07685496804e-12, 4.7394309614e-13, 1.22435346367e-13]
    },
    "mfcc": {
        "mean": [-850.907470703, 193.651519775, 20.0693893433, -24.7795715332, -22.3484096527, -7.62987613678, 2.96003484726, 11.6993074417, 2.93957066536, -10.8488578796, -10.9229602814, 2.69858050346, 24.6438026428],
        "cov": [[4154.35400391, -913.359191895, -218.477264404, -250.606796265, -432.819824219, -51.5667686462, -391.56072998, -394.870941162, -262.338195801, 272.396026611, 794.388977051, 29.3811817169, -244.947982788], [-913.359191895, 392.737487793, -1.10856831074, 22.7380695343, 173.148880005, 29.8255329132, 38.366569519, 77.7835845947, 16.379234314, -130.668548584, -230.674591064, -65.3413543701, 56.207572937], [-218.477264404, -1.10856831074, 372.925018311, 123.395103455, -37.1815338135, -13.3109712601, 184.386047363, 58.5768318176, 103.499160767, 80.9416275024, -71.260017395, 85.2254638672, 9.60700511932], [-250.606796265, 22.7380695343, 123.395103455, 157.127593994, 39.79114151, -5.76450109482, 60.9543914795, 20.8258666992, 31.3035335541, 49.17420578, 0.307000219822, 38.349445343, 9.19248867035], [-432.819824219, 173.148880005, -37.1815338135, 39.79114151, 153.56060791, 7.73952770233, -2.17747449875, 16.8170032501, -10.5570688248, -73.4454193115, -120.085784912, -26.0945453644, 0.311316996813], [-51.5667686462, 29.8255329132, -13.3109712601, -5.76450109482, 7.73952770233, 54.4872970581, 27.2213916779, 16.4019260406, 11.2906761169, 3.99885606766, 9.87011051178, -5.54607343674, 14.7423505783], [-391.56072998, 38.366569519, 184.386047363, 60.9543914795, -2.17747449875, 27.2213916779, 216.633041382, 95.5581054688, 75.4120407104, 37.6961097717, -80.4400558472, 48.9397354126, 8.9767036438], [-394.870941162, 77.7835845947, 58.5768318176, 20.8258666992, 16.8170032501, 16.4019260406, 95.5581054688, 104.767364502, 73.0163421631, -11.481716156, -75.1916503906, 6.53593254089, 38.5027885437], [-262.338195801, 16.379234314, 103.499160767, 31.3035335541, -10.5570688248, 11.2906761169, 75.4120407104, 73.0163421631, 103.033119202, 35.2063674927, -43.1392822266, 34.7442207336, 36.8069953918], [272.396026611, -130.668548584, 80.9416275024, 49.17420578, -73.4454193115, 3.99885606766, 37.6961097717, -11.481716156, 35.2063674927, 130.27935791, 129.211715698, 50.6059913635, -2.67741751671], [794.388977051, -230.674591064, -71.260017395, 0.307000219822, -120.085784912, 9.87011051178, -80.4400558472, -75.1916503906, -43.1392822266, 129.211715698, 295.862243652, 36.2577476501, -24.5739784241], [29.3811817169, -65.3413543701, 85.2254638672, 38.349445343, -26.0945453644, -5.54607343674, 48.9397354126, 6.53593254089, 34.7442207336, 50.6059913635, 36.2577476501, 88.3914871216, 2.33987832069], [-244.947982788, 56.207572937, 9.60700511932, 9.19248867035, 0.311316996813, 14.7423505783, 8.9767036438, 38.5027885437, 36.8069953918, -2.67741751671, -24.5739784241, 2.33987832069, 60.8574752808]],
