{
"lowlevel": {
    "average_loudness": 0.80714058876,
    "barkbands_crest": {
        "dmean": 1.17932009697,
        "dmean2": 1.9080067873,
        "dvar": 1.99463140965,
        "dvar2": 5.79859495163,
        "max": 21.872844696,
        "mean": 14.3144330978,
        "median": 15.1100196838,
        "min": 6.05801486969,
        "var": 9.03408432007
    },
    "barkbands_flatness_db": {
        "dmean": 0.0204059034586,
        "dmean2": 0.0243799332529,
        "dvar": 0.000714221037924,
        "dvar2": 0.00182001572102,
        "max": 0.566271841526,
        "mean": 0.349319696426,
        "median": 0.305768817663,
        "min": 0.193386256695,
        "var": 0.00940241292119
    },
    "barkbands_kurtosis": {
        "dmean": 4.00941705704,
        "dmean2": 6.00157546997,
        "dvar": 20.8607254028,
        "dvar2": 56.1784439087,
        "max": 47.0950126648,
        "mean": 13.0422649384,
        "median": 9.0568113327,
        "min": 1.26794242859,
        "var": 115.282272339
    },
    "barkbands_skewness": {
        "dmean": 0.424272567034,
        "dmean2": 0.674273490906,
        "dvar": 0.134521856904,
        "dvar2": 0.365893959999,
        "max": 2.36086821556,
        "mean": -0.437011092901,
        "median": -0.458349823952,
        "min": -3.58114814758,
        "var": 2.17398619652
    },
    "barkbands_spread": {
        "dmean": 0.786885380745,
        "dmean2": 1.29898178577,
        "dvar": 0.636870741844,
        "dvar2": 2.01017999649,
        "max": 8.24330806732,
        "mean": 3.25199365616,
        "median": 2.76899504662,
        "min": 0.281006276608,
        "var": 6.31521081924
    },
    "dissonance": {
        "dmean": 0.0580856129527,
        "dmean2": 0.106072738767,
        "dvar": 0.00312475161627,
        "dvar2": 0.00773727148771,
        "max": 0.405406117439,
        "mean": 0.229903206229,
        "median": 0.246437489986,
        "min": 0.0456990934908,
        "var": 0.00557155860588
    },
    "dynamic_complexity": 7.84135532379,
    "erbbands_crest": {
        "dmean": 0.809069395065,
        "dmean2": 1.18599104881,
        "dvar": 0.79540091753,
        "dvar2": 1.58644878864,
        "max": 26.5796546936,
        "mean": 22.8176116943,
        "median": 24.0969219208,
        "min": 10.1049585342,
        "var": 11.2962388992
    },
    "erbbands_flatness_db": {
        "dmean": 0.0178452637047,
        "dmean2": 0.0212943535298,
        "dvar": 0.000437034788774,
        "dvar2": 0.00104954699054,
        "max": 0.576170563698,
        "mean": 0.370196968317,
        "median": 0.352394133806,
        "min": 0.169259652495,
        "var": 0.0115177091211
    },
    "erbbands_kurtosis": {
        "dmean": 8.24948310852,
        "dmean2": 11.5175085068,
        "dvar": 56.2631797791,
        "dvar2": 134.704284668,
        "max": 83.8586578369,
        "mean": 29.7084503174,
        "median": 29.3621292114,
        "min": -0.262688875198,
        "var": 412.078460693
    },
    "erbbands_skewness": {
        "dmean": 0.67469650507,
        "dmean2": 1.11950302124,
        "dvar": 0.542683303356,
        "dvar2": 1.58574819565,
        "max": 4.68726491928,
        "mean": 1.29988658428,
        "median": 0.975498139858,
        "min": -0.990850090981,
        "var": 2.08943295479
    },
    "erbbands_spread": {
        "dmean": 0.712865352631,
        "dmean2": 1.13106369972,
        "dvar": 0.84697496891,
        "dvar2": 2.30295610428,
        "max": 16.698507309,
        "mean": 3.4252409935,
        "median": 2.19278240204,
        "min": 0.33887052536,
        "var": 13.0598449707
    },
    "hfc": {
        "dmean": 1.57907986641,
        "dmean2": 1.38932025433,
        "dvar": 6.70387458801,
        "dvar2": 7.90074253082,
        "max": 37.0798110962,
        "mean": 10.5173940659,
        "median": 4.05068778992,
        "min": 0.00320594594814,
        "var": 161.580154419
    },
    "melbands_crest": {
        "dmean": 1.88167130947,
        "dmean2": 2.98223161697,
        "dvar": 4.83346796036,
        "dvar2": 13.4106235504,
        "max": 32.4712982178,
        "mean": 23.6793575287,
        "median": 24.672958374,
        "min": 10.8680067062,
        "var": 50.0526809692
    },
    "melbands_flatness_db": {
        "dmean": 0.0201904792339,
        "dmean2": 0.025764586404,
        "dvar": 0.000712931388989,
        "dvar2": 0.00178539229091,
        "max": 0.662128269672,
        "mean": 0.456452548504,
        "median": 0.415835857391,
        "min": 0.329348534346,
        "var": 0.00752248987556
    },
    "melbands_kurtosis": {
        "dmean": 4.45914888382,
        "dmean2": 6.19927406311,
        "dvar": 43.9117965698,
        "dvar2": 80.2011184692,
        "max": 82.2542800903,
        "mean": 17.76212883,
        "median": 3.81777429581,
        "min": -1.22787475586,
        "var": 656.584350586
    },
    "melbands_skewness": {
        "dmean": 0.544848918915,
        "dmean2": 0.857317209244,
        "dvar": 0.257490366697,
        "dvar2": 0.538631081581,
        "max": 3.27107596397,
        "mean": -0.723283648491,
        "median": -0.686633169651,
        "min": -4.85083723068,
        "var": 3.6831305027
    },
    "melbands_spread": {
        "dmean": 1.22353088856,
        "dmean2": 1.98658490181,
        "dvar": 1.41448199749,
        "dvar2": 4.24067354202,
        "max": 11.5221414566,
        "mean": 5.16457843781,
        "median": 5.76988840103,
        "min": 0.259254157543,
        "var": 13.1217327118
    },
    "pitch_salience": {
        "dmean": 0.0448111742735,
        "dmean2": 0.0650077462196,
        "dvar": 0.00226661143824,
        "dvar2": 0.00590528734028,
        "max": 0.760294318199,
        "mean": 0.259189456701,
        "median": 0.269216477871,
        "min": 0.0336952283978,
        "var": 0.0234359037131
    },
    "silence_rate_20dB": {
        "dmean": 0,
        "dmean2": 0,
        "dvar": 0,
        "dvar2": 0,
        "max": 1,
        "mean": 1,
        "median": 1,
        "min": 1,
        "var": 0
    },
    "silence_rate_30dB": {
        "dmean": 0,
        "dmean2": 0,
        "dvar": 0,
        "dvar2": 0,
        "max": 1,
        "mean": 1,
        "median": 1,
        "min": 1,
        "var": 0
    },
    "silence_rate_60dB": {
        "dmean": 0.0111111113802,
        "dmean2": 0.0224719103426,
        "dvar": 0.0109876459464,
        "dvar2": 0.0219669155777,
        "max": 1,
        "mean": 0.461538463831,
        "median": 0,
        "min": 0,
        "var": 0.248520940542
    },
    "spectral_centroid": {
        "dmean": 20.752368927,
        "dmean2": 35.139591217,
        "dvar": 753.742370605,
        "dvar2": 2290.26269531,
        "max": 777.21282959,
        "mean": 563.189575195,
        "median": 601.151367188,
        "min": 343.982940674,
        "var": 8048.99707031
    },
    "spectral_complexity": {
        "dmean": 0.655555546284,
        "dmean2": 1.07865166664,
        "dvar": 0.492468863726,
        "dvar2": 1.08370256424,
        "max": 8,
        "mean": 3.20879125595,
        "median": 3,
        "min": 0,
        "var": 1.6157476902
    },
    "spectral_decrease": {
        "dmean": 6.24427953788e-10,
        "dmean2": 5.51876433441e-10,
        "dvar": 8.83495895836e-19,
        "dvar2": 9.82549430021e-19,
        "max": -2.99998524286e-12,
        "mean": -4.2285059898e-09,
        "median": -1.70246716724e-09,
        "min": -1.50304302338e-08,
        "var": 2.52768313028e-17
    },
    "spectral_energy": {
        "dmean": 0.00249742693268,
        "dmean2": 0.00220269430429,
        "dvar": 1.42805511132e-05,
        "dvar2": 1.59291394084e-05,
        "max": 0.0600913763046,
        "mean": 0.016913248226,
        "median": 0.00679291738197,
        "min": 1.16134297059e-05,
        "var": 0.000405036204029
    },
    "spectral_energyband_high": {
        "dmean": 1.22485391785e-06,
        "dmean2": 1.79058974936e-06,
        "dvar": 2.69703894634e-11,
        "dvar2": 6.81312853357e-11,
        "max": 4.49617909908e-05,
        "mean": 2.23959818868e-06,
        "median": 1.12136842745e-06,
        "min": 2.87591923609e-08,
        "var": 2.99534737291e-11
    },
    "spectral_energyband_low": {
        "dmean": 8.35446917336e-05,
        "dmean2": 0.000147132319398,
        "dvar": 7.11874470483e-09,
        "dvar2": 1.91946796235e-08,
        "max": 0.00047139095841,
        "mean": 0.000139731258969,
        "median": 0.000116045550385,
        "min": 3.28767896463e-06,
        "var": 1.29407915495e-08
    },
    "spectral_energyband_middle_high": {
        "dmean": 0.00013129011495,
        "dmean2": 0.000142068136483,
        "dvar": 3.03458136841e-07,
        "dvar2": 4.27499429634e-07,
        "max": 0.00746817607433,
        "mean": 0.000331073621055,
        "median": 2.75214588328e-05,
        "min": 1.98378685923e-07,
        "var": 1.23327072288e-06
    },
    "spectral_energyband_middle_low": {
        "dmean": 0.00244791083969,
        "dmean2": 0.00213377573527,
        "dvar": 1.27166058519e-05,
        "dvar2": 1.39471994771e-05,
        "max": 0.060017708689,
        "mean": 0.0164564717561,
        "median": 0.00653499923646,
        "min": 6.94000345902e-06,
        "var": 0.00039554387331
    },
    "spectral_entropy": {
        "dmean": 0.229670509696,
        "dmean2": 0.294100403786,
        "dvar": 0.105763286352,
        "dvar2": 0.251016497612,
        "max": 7.90395116806,
        "mean": 5.05472803116,
        "median": 5.29187345505,
        "min": 3.0033094883,
        "var": 0.939852058887
    },
    "spectral_flux": {
        "dmean": 0.00638669217005,
        "dmean2": 0.00893773790449,
        "dvar": 6.11435025348e-05,
        "dvar2": 0.000118420299259,
        "max": 0.138687714934,
        "mean": 0.0195508915931,
        "median": 0.0121917631477,
        "min": 0.00410806993023,
        "var": 0.000461727700895
    },
    "spectral_kurtosis": {
        "dmean": 8.13327121735,
        "dmean2": 11.8360500336,
        "dvar": 103.00881958,
        "dvar2": 259.491210938,
        "max": 132.997406006,
        "mean": 42.2342720032,
        "median": 27.4933605194,
        "min": 3.56323623657,
        "var": 1060.61755371
    },
    "spectral_rms": {
        "dmean": 0.00027703930391,
        "dmean2": 0.000254008395132,
        "dvar": 1.10204183557e-07,
        "dvar2": 1.03066916779e-07,
        "max": 0.00765674421564,
        "mean": 0.00324073620141,
        "median": 0.00257434183732,
        "min": 0.000106443294499,
        "var": 5.99835493631e-06
    },
    "spectral_rolloff": {
        "dmean": 9.091796875,
        "dmean2": 16.4523353577,
        "dvar": 4008.01220703,
        "dvar2": 8002.60888672,
        "max": 1291.9921875,
        "mean": 638.89654541,
        "median": 624.462890625,
        "min": 581.396484375,
        "var": 9386.21875
    },
    "spectral_skewness": {
        "dmean": 0.562577366829,
        "dmean2": 0.869724214077,
        "dvar": 0.372379213572,
        "dvar2": 0.992669761181,
        "max": 9.91939735413,
        "mean": 5.14419364929,
        "median": 4.50960731506,
        "min": 2.07788395882,
        "var": 3.97052550316
    },
    "spectral_spread": {
        "dmean": 579925,
        "dmean2": 792357.375,
        "dvar": 2.58054527386e+12,
        "dvar2": 1.41886042931e+12,
        "max": 24688084,
        "mean": 3105556.5,
        "median": 2659186.75,
        "min": 574030.25,
        "var": 6.90208165069e+12
    },
    "spectral_strongpeak": {
        "dmean": 0.277061164379,
        "dmean2": 0.269457548857,
        "dvar": 0.248271733522,
        "dvar2": 0.301887482405,
        "max": 5.98754310608,
        "mean": 2.3510158062,
        "median": 1.95937263966,
        "min": 0.00193520321045,
        "var": 3.96710562706
    },
    "zerocrossingrate": {
        "dmean": 0.00137803819962,
        "dmean2": 0.00165137811564,
        "dvar": 6.5357303356e-06,
        "dvar2": 5.69260600969e-06,
        "max": 0.0380859375,
        "mean": 0.0284115299582,
        "median": 0.0283203125,
        "min": 0.00830078125,
        "var": 1.28165065689e-05
    },
    "barkbands": {
        "dmean": [1.91028652807e-06, 5.16180152772e-05, 4.79410773551e-05, 3.46243432432e-05, 0.000183570300578, 4.06805665989e-05, 2.48378910328e-05, 0.000879702565726, 0.00175443734042, 1.2812373825e-05, 2.14096712625e-06, 1.921049261e-05, 0.000127392093418, 2.95678916018e-07, 5.67059078094e-06, 3.2562579122e-07, 8.66708944613e-07, 3.08319101805e-07, 1.79648381504e-07, 2.41562304382e-07, 1.64496128718e-07, 1.09541488769e-07, 8.17925212004e-08, 7.95901584638e-08, 2.37564364625e-07, 3.36223820341e-07, 1.4308265861e-07],
        "dmean2": [3.57529347639e-06, 9.25030180952e-05, 8.2718754129e-05, 5.59831642022e-05, 0.000331706512952, 6.45058462396e-05, 3.51984745066e-05, 0.000664555991534, 0.0016117983032, 1.52245875142e-05, 2.50065772889e-06, 1.83513602678e-05, 0.000140733405715, 4.10098067505e-07, 6.65217930873e-06, 4.93978234317e-07, 1.28308215608e-06, 3.94613266508e-07, 2.52423177471e-07, 3.7679510001e-07, 2.73532236861e-07, 1.93626050304e-07, 1.45855139522e-07, 1.19182338665e-07, 3.80830044833e-07, 5.65499590266e-07, 2.22110870141e-07],
        "dvar": [3.44320210365e-12, 2.9283737657e-09, 2.51491716341e-09, 1.07057491761e-08, 1.31309548124e-07, 2.63121968658e-08, 4.73935868328e-09, 1.84509588053e-06, 8.82913900568e-06, 2.39126296542e-09, 2.64954752582e-10, 2.64521360371e-09, 3.62390153441e-07, 2.24504833127e-12, 8.28065949143e-10, 2.12793649888e-12, 2.09851775713e-12, 8.1748128232e-13, 2.41043188014e-13, 7.12480205042e-13, 2.17166874219e-13, 1.22795680959e-13, 8.09782335588e-14, 7.8683397688e-14, 1.40869618487e-12, 3.00442656864e-12, 2.88128272326e-13],
        "dvar2": [1.03706106203e-11, 9.35189437001e-09, 7.1397399104e-09, 2.28153087534e-08, 2.6986293733e-07, 6.42518500626e-08, 1.11379394596e-08, 1.41195698689e-06, 1.15242664833e-05, 3.28055271837e-09, 2.84288814711e-10, 3.04998049039e-09, 5.05268303641e-07, 2.96280469776e-12, 1.26463417516e-09, 3.98730484394e-12, 3.87672489596e-12, 1.36570995398e-12, 4.17057339185e-13, 1.62076114248e-12, 6.06494509562e-13, 3.78597950516e-13, 2.53661295527e-13, 2.20607847311e-13, 3.80909019604e-12, 5.97825304885e-12, 6.72809247551e-13],
        "max": [9.09807477001e-06, 0.000329410628183, 0.00027549409424, 0.00081852223957, 0.0027273229789, 0.00130755663849, 0.000618950289208, 0.024114176631, 0.037601005286, 0.000374222639948, 0.000158756738529, 0.000435512920376, 0.00711924908683, 1.4228317923e-05, 0.000312061078148, 1.34802821776e-05, 1.72849649971e-05, 1.06375355244e-05, 8.59514420881e-06, 8.25179267849e-06, 4.02459181714e-06, 2.63789183919e-06, 2.20033689402e-06, 2.47468801717e-06, 9.68910626398e-06, 1.37773231472e-05, 4.38595952801e-06],
        "mean": [1.81831887858e-06, 7.36016372684e-05, 5.26710718987e-05, 3.70321467926e-05, 0.000291371019557, 3.86086539947e-05, 4.16234433942e-05, 0.00570510327816, 0.0103304861113, 1.74799479282e-05, 2.56234602602e-06, 5.29929930053e-05, 0.000251866702456, 3.94428496975e-07, 8.84646215127e-06, 3.29848518277e-07, 2.38430584432e-06, 9.6254973414e-07, 5.54599523639e-07, 6.43814473733e-07, 2.67744837856e-07, 1.53988878537e-07, 1.23586104905e-07, 1.50317518433e-07, 2.80749134163e-07, 4.56969729612e-07, 4.24525296694e-07],
        "median": [1.14978729471e-06, 4.94138039357e-05, 3.56444179488e-05, 1.10780547402e-05, 0.000196683758986, 4.19166417487e-06, 2.23524457397e-05, 0.0012922907481, 0.00393590517342, 1.95210600396e-06, 2.1251209148e-07, 1.03572492662e-05, 4.83076200908e-06, 1.14156364361e-07, 2.26459064834e-07, 8.20801915324e-08, 2.36477674775e-07, 1.16818696938e-07, 1.13796332357e-07, 1.47474437995e-07, 1.24527659295e-07, 8.69868941322e-08, 7.71784343101e-08, 8.93848266514e-08, 1.0937517203e-07, 1.58443171472e-07, 4.26578395718e-07],
        "min": [1.56082897718e-08, 6.26617520538e-07, 8.0064313579e-07, 5.96024904098e-07, 2.17689353121e-06, 1.08054514669e-07, 2.06299034744e-07, 7.19687363926e-07, 1.08487972739e-06, 9.01315999613e-08, 2.67335238391e-08, 3.39010597372e-08, 1.256858706e-08, 4.64747396123e-09, 4.83022200015e-09, 3.01583846785e-09, 6.38623687266e-09, 5.07038899755e-09, 3.05516612009e-09, 4.08153244535e-09, 7.58221307962e-09, 1.52216783622e-09, 1.26323718153e-09, 9.50425405044e-10, 1.98560767828e-09, 3.57600593581e-09, 8.74379946225e-09],
        "var": [3.69597451602e-12, 5.23015941667e-09, 2.87812440547e-09, 1.08684892197e-08, 1.53947013359e-07, 2.56547512123e-08, 5.75910608092e-09, 6.04819215368e-05, 0.000157318732818, 3.59991614296e-09, 2.74140460332e-10, 7.12839831607e-09, 1.0337449794e-06, 2.27209982599e-12, 1.73402758818e-09, 2.16178030338e-12, 1.91612350986e-11, 4.8262379336e-12, 2.34148117562e-12, 2.43457576148e-12, 2.48883324973e-13, 9.16249023809e-14, 5.823727595e-14, 9.25913263162e-14, 1.17028446395e-12, 3.43503676024e-12, 2.7324803119e-13]
    },
    "erbbands": {
        "dmean": [0.00116150523536, 0.0131456544623, 0.0498092845082, 0.0769956409931, 0.555698513985, 0.472145467997, 0.382425427437, 0.278685331345, 0.385534763336, 0.986006438732, 40.1933250427, 31.1036376953, 0.81743645668, 0.129949733615, 0.0958472788334, 1.31468236446, 5.5825214386, 0.182061836123, 0.0311661474407, 0.371723294258, 0.026601633057, 0.0521829724312, 0.0107494415715, 0.0175505764782, 0.0083077903837, 0.00746402097866, 0.0107012521476, 0.0067298351787, 0.00397780770436, 0.0033797363285, 0.002152194269, 0.0015519966837, 0.00163863529451, 0.0024947875645, 0.00194737012498, 0.00133318535518, 0.00058426259784, 0.000138987612445, 2.78813367913e-05, 4.03764079238e-06],
        "dmean2": [0.00210657436401, 0.0231816209853, 0.0887049138546, 0.127996772528, 0.99460285902, 0.860461890697, 0.679098784924, 0.454078644514, 0.548843622208, 0.771408498287, 31.0267219543, 28.2573318481, 0.888143718243, 0.139289677143, 0.113114289939, 1.4515556097, 6.19145965576, 0.210486337543, 0.0392569676042, 0.43779489398, 0.0386394448578, 0.0769024193287, 0.0145304072648, 0.0213218983263, 0.0115156592801, 0.0115865198895, 0.0179846938699, 0.0110469534993, 0.00702991196886, 0.00613191537559, 0.0037624782417, 0.00268994830549, 0.00243500573561, 0.00402406184003, 0.00309697189368, 0.00223914324306, 0.00100703316275, 0.000226405842113, 4.11759792769e-05, 4.4304720177e-06],
        "dvar": [1.88846479432e-06, 0.000184801305295, 0.00263187848032, 0.0310454238206, 0.984859704971, 1.19739997387, 2.23364853859, 1.34977889061, 1.0368899107, 1.94452118874, 3472.08691406, 4240.98144531, 2.2081348896, 0.559423208237, 0.430804818869, 17.1250267029, 680.587219238, 0.691786885262, 0.0151515249163, 3.67150330544, 0.0129643185064, 0.00762256328017, 0.000826086499728, 0.00157921772916, 0.000399028504035, 0.000503732182551, 0.00113819702528, 0.000479754758999, 0.000129320222186, 0.000166233963682, 5.27797419636e-05, 2.30912501138e-05, 4.17102965002e-05, 0.000151907544932, 9.32188413572e-05, 4.77264838992e-05, 8.95216999197e-06, 3.9480551095e-07, 1.33078073006e-08, 4.14793442649e-11],
        "dvar2": [6.17410887571e-06, 0.00060306978412, 0.00789842288941, 0.0658922642469, 2.10076117516, 2.43660235405, 4.71778202057, 3.64169335365, 2.33081150055, 2.01080036163, 3130.21484375, 4869.23583984, 3.82021856308, 0.61276614666, 0.447405189276, 24.9780330658, 947.737548828, 0.962747812271, 0.0186547636986, 5.64309549332, 0.0207412689924, 0.0133870411664, 0.00228381576017, 0.00276021379977, 0.000717858434655, 0.0012064013863, 0.00303359725513, 0.00128367822617, 0.000395497860154, 0.000512880331371, 0.000164734199643, 7.20718671801e-05, 0.000102803423943, 0.00041241812869, 0.000245466071647, 9.9113334727e-05, 1.68546393979e-05, 7.93412539224e-07, 3.26932934058e-08, 7.59884655199e-11],
        "max": [0.00718827312812, 0.0851647108793, 0.231277212501, 1.43722236156, 6.85226678848, 8.784324646, 11.0593624115, 9.3578119278, 9.38760948181, 25.1362819672, 1118.09375, 784.509765625, 35.1946678162, 8.73647594452, 7.62831687927, 66.728012085, 309.497161865, 11.282409668, 1.89084017277, 20.6801834106, 1.27186214924, 1.14643096924, 0.454367101192, 0.759836137295, 0.280799865723, 0.242607742548, 0.30287489295, 0.190493166447, 0.0837728083134, 0.0997937619686, 0.057295165956, 0.0386303700507, 0.0570706240833, 0.101073503494, 0.0787935033441, 0.0545677654445, 0.0233306400478, 0.00509063759819, 0.00096042198129, 8.81759333424e-05],
        "mean": [0.00131359987427, 0.0194310843945, 0.0604118555784, 0.0995069667697, 0.761547148228, 0.883871734142, 0.403390735388, 0.277945309877, 0.834013879299, 6.45395517349, 283.1015625, 165.279785156, 5.90382528305, 0.486700743437, 0.229056954384, 4.25244045258, 11.6558437347, 0.456744015217, 0.0847904086113, 0.573981761932, 0.0541347339749, 0.149736404419, 0.0384515076876, 0.0654013082385, 0.0234010349959, 0.0194264743477, 0.0225798580796, 0.0110019631684, 0.00572051852942, 0.00470585143194, 0.0035120875109, 0.00287789828144, 0.00286671658978, 0.00296909571625, 0.00221226783469, 0.00167245604098, 0.000858935294673, 0.000242389389314, 6.67316635372e-05, 2.58413147094e-05],
        "median": [0.00088710768614, 0.014010806568, 0.0442806519568, 0.0588237270713, 0.44795113802, 0.680342912674, 0.0728094726801, 0.061551772058, 0.498479485512, 2.52735471725, 111.726005554, 58.784286499, 1.77496087551, 0.143744841218, 0.0431616716087, 0.517781019211, 0.576228916645, 0.0264642816037, 0.0107423672453, 0.0100232455879, 0.00752095552161, 0.0141407437623, 0.00809244066477, 0.00765058491379, 0.00633567012846, 0.00686548464, 0.00599812995642, 0.00438927253708, 0.00317133334465, 0.00273263128474, 0.00205561472103, 0.00176722183824, 0.0015613255091, 0.00105165923014, 0.000847083400004, 0.000554392172489, 0.000315176497679, 0.000147401282447, 5.32310805283e-05, 1.49795578182e-05],
        "min": [3.34549840773e-05, 0.000120114222227, 0.00112806644756, 0.00570630934089, 0.00969979260117, 0.00602272804826, 0.0014351750724, 0.000969294924289, 0.00297712115571, 0.00399842299521, 0.0248077642173, 0.0249574147165, 0.00581659236923, 0.00251270714216, 0.00145892507862, 0.00134455272928, 0.000617776007857, 0.000215621766984, 0.00027042068541, 0.000252820027526, 0.0001581813558, 0.000414388923673, 0.000334744690917, 0.000192843843251, 7.54510183469e-05, 0.000189172918908, 0.000341832113918, 0.00022134136816, 5.38406202395e-05, 5.06920878252e-05, 3.81223289878e-05, 2.17109354708e-05, 1.72287418536e-05, 2.50687626249e-05, 1.28898145704e-05, 1.34199126478e-05, 6.31345301372e-06, 2.84016209662e-06, 1.19198125503e-06, 1.74939387421e-07],
        "var": [1.88726107808e-06, 0.000356766104233, 0.00307379872538, 0.0339293405414, 1.11022055149, 1.40712630749, 2.46431350708, 1.13052606583, 1.44931972027, 67.5225753784, 133798.015625, 43240.96875, 67.6191635132, 0.998951911926, 0.674847185612, 111.801239014, 1993.02734375, 2.95978450775, 0.0857752561569, 7.62582445145, 0.0341613031924, 0.0741047263145, 0.00664250552654, 0.0211181361228, 0.00268176477402, 0.00168117531575, 0.0024662159849, 0.000613334355876, 0.000107920852315, 0.000114924507216, 4.21132717747e-05, 2.47663519986e-05, 4.98759982293e-05, 0.000128762534587, 7.77271052357e-05, 5.05742900714e-05, 1.09682860057e-05, 4.61774646965e-07, 1.13910667565e-08, 4.65900817925e-10]
    },
    "gfcc": {
        "mean": [-220.85295105, 133.66305542, -61.4089126587, -35.0189170837, -67.6161499023, -11.5744857788, -6.93101835251, 15.6143760681, -8.89929771423, -2.85693955421, -23.131570816, -26.7228717804, -31.1294994354],
        "cov": [[2840.99194336, 199.363739014, -1255.20654297, -736.83782959, -168.203262329, -62.0839309692, -77.4653167725, 78.1637649536, -17.4635448456, 21.9192905426, -3.84137916565, -73.3824691772, -51.8927841187], [199.363739014, 222.0415802, -237.109832764, -277.265991211, -86.8195343018, -75.6051330566, 89.9900054932, 106.542808533, 94.571472168, -51.6707305908, 11.9430866241, -13.7730197906, -19.6579055786], [-1255.20654297, -237.109832764, 1336.15185547, 741.519348145, 122.057495117, 224.060760498, -86.3550033569, -142.971054077, -123.541557312, 82.3396148682, -24.863576889, 74.1031188965, 13.9815120697], [-736.83782959, -277.265991211, 741.519348145, 627.699951172, 170.467346191, 167.28062439, -109.558235168, -168.501724243, -140.556396484, 90.6798629761, -6.68564176559, 44.9211578369, 28.666934967], [-168.203262329, -86.8195343018, 122.057495117, 170.467346191, 133.52053833, 76.8385543823, -49.537147522, -57.7913513184, -49.5733795166, 29.9211730957, 7.84523296356, 21.3377475739, 12.1498641968], [-62.0839309692, -75.6051330566, 224.060760498, 167.28062439, 76.8385543823, 145.86151123, -44.569442749, -60.6348075867, -59.397808075, 43.1113815308, -0.45498624444, 21.6374893188, -4.52322626114], [-77.4653167725, 89.9900054932, -86.3550033569, -109.558235168, -49.537147522, -44.569442749, 82.4669952393, 66.2370376587, 69.5181732178, -27.7618579865, 6.83286523819, -10.6929664612, -5.87102413177], [78.1637649536, 106.542808533, -142.971054077, -168.501724243, -57.7913513184, -60.6348075867, 66.2370376587, 97.964225769, 79.7152023315, -41.8639793396, -9.35613632202, -7.81486082077, -4.89036226273], [-17.4635448456, 94.571472168, -123.541557312, -140.556396484, -49.5733795166, -59.397808075, 69.5181732178, 79.7152023315, 95.1780700684, -36.7803344727, -2.60431861877, -10.7403850555, -2.00547575951], [21.9192905426, -51.6707305908, 82.3396148682, 90.6798629761, 29.9211730957, 43.1113815308, -27.7618579865, -41.8639793396, -36.7803344727, 43.0533561707, 14.8255519867, 10.6735839844, 6.59374713898], [-3.84137916565, 11.9430866241, -24.863576889, -6.68564176559, 7.84523296356, -0.45498624444, 6.83286523819, -9.35613632202, -2.60431861877, 14.8255519867, 39.3418769836, 11.5566492081, 1.86491179466], [-73.3824691772, -13.7730197906, 74.1031188965, 44.9211578369, 21.3377475739, 21.6374893188, -10.6929664612, -7.81486082077, -10.7403850555, 10.6735839844, 11.5566492081, 36.3865661621, 10.3384790421], [-51.8927841187, -19.6579055786, 13.9815120697, 28.666934967, 12.1498641968, -4.52322626114, -5.87102413177, -4.89036226273, -2.00547575951, 6.59374713898, 1.86491179466, 10.3384790421, 16.9514312744]],
        "icov": [[0.00197524460964, -0.00173024646938, 0.00220763264224, -0.000307910871925, 0.00281595881097, -0.00180378207006, 0.00714379595593, -0.00492927804589, 0.00111607008148, -0.00728629436344, 0.00153363321442, 0.00059555383632, 0.00372692826204], [-0.00173024646938, 0.0192003697157, -0.00424556713551, 0.00814558845013, -0.00426781224087, 0.00196659634821, -0.0129941124469, -7.56718873163e-05, -0.00132734840736, 0.00859409850091, -0.00712711689994, -0.00199156114832, 0.00425591738895], [0.00220763264224, -0.00424556713551, 0.00663490220904, -0.00756629835814, 0.00749828713015, -0.00446028774604, 0.00984180998057, -0.00768929207698, -1.33144197889e-08, -0.00601997505873, 0.00208548782393, -0.00290523772128, 0.00766770262271], [-0.000307910871925, 0.00814558845013, -0.00756629835814, 0.0183943789452, -0.0107342768461, 0.00392583478242, -0.0105131268501, 0.010914943181, 0.00250255200081, -0.00572370411828, 0.00473147584125, 0.00124480936211, -0.0068711838685], [0.00281595881097, -0.00426781224087, 0.00749828713015, -0.0107342768461, 0.0248632635921, -0.0128625100479, 0.0198050662875, -0.010870588012, -0.00171196693555, 0.000625470245723, -0.00711798807606, 0.000740313902497, -0.00200420245528], [-0.00180378207006, 0.00196659634821, -0.00446028774604, 0.00392583478242, -0.0128625100479, 0.0224613174796, -0.012450681068, 0.00931585300714, 0.00124506605789, -0.0117481593043, 0.0111364712939, -0.0108171179891, 0.0174755845219], [0.00714379595593, -0.0129941124469, 0.00984180998057, -0.0105131268501, 0.0198050662875, -0.012450681068, 0.0755047723651, -0.0372550562024, -0.0153212267905, -0.0177843645215, -0.0162233114243, 0.0147747425362, 0.0122260805219], [-0.00492927804589, -7.56718873163e-05, -0.00768929207698, 0.010914943181, -0.010870588012, 0.00931585300714, -0.0372550562024, 0.0728423669934, -0.0226803328842, 0.01901826635, 0.0196704547852, -0.0178602766246, -0.010257512331], [0.00111607008148, -0.00132734840736, -1.33144197889e-08, 0.00250255200081, -0.00171196693555, 0.00124506605789, -0.0153212267905, -0.0226803328842, 0.0463815517724, 0.000278183317278, 0.000218290530029, 0.0062414156273, -0.0110965678468], [-0.00728629436344, 0.00859409850091, -0.00601997505873, -0.00572370411828, 0.000625470245723, -0.0117481593043, -0.0177843645215, 0.01901826635, 0.000278183317278, 0.0964610427618, -0.0376954898238, 0.00864673219621, -0.0405651293695], [0.00153363321442, -0.00712711689994, 0.00208548782393, 0.00473147584125, -0.00711798807606, 0.0111364712939, -0.0162233114243, 0.0196704547852, 0.000218290530029, -0.0376954898238, 0.059833753854, -0.0258885510266, 0.0187326110899], [0.00059555383632, -0.00199156114832, -0.00290523772128, 0.00124480936211, 0.000740313902497, -0.0108171179891, 0.0147747425362, -0.0178602766246, 0.0062414156273, 0.00864673219621, -0.0258885510266, 0.0572331398726, -0.0383303724229], [0.00372692826204, 0.00425591738895, 0.00766770262271, -0.0068711838685, -0.00200420245528, 0.0174755845219, 0.0122260805219, -0.010257512331, -0.0110965678468, -0.0405651293695, 0.0187326110899, -0.0383303724229, 0.123789645731]]
    },
    "melbands": {
        "dmean": [1.22525143524e-05, 2.19024968828e-05, 2.30836776609e-05, 4.55865083495e-05, 1.23576328406e-05, 6.39128529656e-06, 5.69446319787e-06, 4.10908205595e-06, 0.000420283438871, 0.00016115703329, 2.96002053801e-06, 5.22049560914e-07, 2.91992449775e-07, 8.5153561713e-07, 1.46910679177e-05, 5.89454612054e-06, 3.56440850169e-08, 2.59592987106e-08, 3.92334442267e-07, 2.69556778676e-07, 1.1005555578e-08, 6.77132021565e-08, 2.21883453833e-08, 1.34510083072e-08, 1.56419819319e-08, 7.68556063235e-09, 5.13871523111e-09, 5.46299316895e-09, 9.60209867173e-09, 3.80223275087e-09, 3.6745628762e-09, 2.35377317637e-09, 2.1845059095e-09, 1.8474605179e-09, 1.41880451832e-09, 8.73337180352e-10, 1.06803632605e-09, 8.68041138968e-10, 1.80347192735e-09, 2.2750199502e-09],
        "dmean2": [2.1904526875e-05, 3.86682768294e-05, 4.00568133045e-05, 8.2395345089e-05, 2.1906935217e-05, 1.01876503322e-05, 8.09462835605e-06, 5.4463239394e-06, 0.000345708889654, 0.000147779370309, 3.20733965964e-06, 5.77900721055e-07, 3.39184168752e-07, 8.43984423682e-07, 1.59479386639e-05, 6.62944512442e-06, 4.70383341167e-08, 3.78694124947e-08, 4.64195750283e-07, 3.24311741906e-07, 1.97508462918e-08, 9.35358102083e-08, 3.2189880983e-08, 1.6454391627e-08, 1.91378557446e-08, 1.07379323211e-08, 7.30691995798e-09, 9.01286156818e-09, 1.62164166539e-08, 6.42456265965e-09, 6.11566441933e-09, 4.1068792811e-09, 3.98183175321e-09, 3.38126571187e-09, 2.54846210801e-09, 1.38984102005e-09, 1.84931925329e-09, 1.39320266435e-09, 2.75335332311e-09, 3.74170872064e-09],
        "dvar": [1.90867863181e-10, 4.62912264076e-10, 2.71802957919e-09, 6.82254031048e-09, 2.48333775765e-09, 6.93184343259e-10, 2.30461302819e-10, 7.82242395858e-11, 3.85117033375e-07, 1.18083598011e-07, 1.48991180504e-10, 1.10341423498e-11, 5.06755705107e-12, 1.11829530011e-11, 3.85919429746e-09, 7.9897050087e-10, 4.40418643395e-14, 7.7406419287e-15, 3.83934941131e-12, 1.92517464644e-12, 9.33882835226e-16, 1.21263159494e-14, 6.09256865268e-15, 1.52957876654e-15, 1.27421442657e-15, 4.0317606266e-16, 1.53863230466e-16, 2.94883959145e-16, 1.05004059257e-15, 1.02839256125e-16, 1.37000273559e-16, 3.56218349392e-17, 7.60383329635e-17, 4.52685740614e-17, 2.01502437989e-17, 6.32658379522e-18, 9.42743534391e-18, 7.81752432338e-18, 7.02111036284e-17, 1.27984534278e-16],
        "dvar2": [6.15367590218e-10, 1.45735623569e-09, 5.31041521867e-09, 1.46726772954e-08, 5.16005416173e-09, 1.80350467893e-09, 5.31304777951e-10, 1.31642238776e-10, 3.8847616679e-07, 1.34350386816e-07, 2.02136390959e-10, 1.20538102069e-11, 5.4575992163e-12, 1.36475648491e-11, 5.5162150403e-09, 1.10473830084e-09, 5.8985992089e-14, 1.33174145268e-14, 5.84831922473e-12, 2.96024251119e-12, 3.04280937367e-15, 2.02120204661e-14, 1.06537940633e-14, 2.23836164312e-15, 2.38148903538e-15, 6.54755938832e-16, 3.16534730081e-16, 7.37632607007e-16, 2.71331694532e-15, 2.63962624358e-16, 3.8662503887e-16, 1.08991666703e-16, 2.34205059902e-16, 1.40391303789e-16, 6.29209028096e-17, 1.97971816068e-17, 2.89320481311e-17, 1.79766960449e-17, 1.79955498071e-16, 3.52750285486e-16],
        "max": [8.10604760773e-05, 0.00012075091945, 0.000396427261876, 0.000619067985099, 0.000377260526875, 0.000213920371607, 0.000135754031362, 7.03689802322e-05, 0.0115275559947, 0.00419683009386, 0.000100895871583, 3.26262634189e-05, 2.19912417379e-05, 3.15576435241e-05, 0.00078115274664, 0.000334794312948, 1.98946850105e-06, 7.63058551456e-07, 2.19682970055e-05, 1.49454899656e-05, 2.05497087791e-07, 1.49345851241e-06, 9.06830791791e-07, 4.88557475364e-07, 6.79330980802e-07, 2.95881164902e-07, 1.47721536337e-07, 1.73849628027e-07, 2.85939705691e-07, 8.63468159196e-08, 1.00234338163e-07, 3.75974167355e-08, 6.6981996838e-08, 5.13587927742e-08, 3.51231435047e-08, 1.96241103367e-08, 2.439091773e-08, 2.5126063008e-08, 7.02701115074e-08, 9.2081940295e-08],
        "mean": [1.65664605447e-05, 3.07771515509e-05, 3.00907486235e-05, 7.59771137382e-05, 1.47652954183e-05, 6.33882473267e-06, 9.91208617052e-06, 1.52583679665e-05, 0.0029705974739, 0.000841115601361, 3.90171089748e-06, 7.63672687754e-07, 3.60794075505e-07, 2.00606746148e-06, 3.39880170941e-05, 1.20690556287e-05, 4.17918499807e-08, 4.00493718189e-08, 6.39635175048e-07, 4.15242965346e-07, 1.30463417847e-08, 1.7512226691e-07, 5.65288047483e-08, 4.18679242387e-08, 5.51985017694e-08, 2.21863931671e-08, 1.27538850592e-08, 1.31674235959e-08, 2.04858014996e-08, 6.36598951331e-09, 5.3857229787e-09, 3.22937321329e-09, 2.85548140688e-09, 2.44223374857e-09, 2.14494710882e-09, 1.56198964874e-09, 1.8435114546e-09, 1.79536763234e-09, 2.29983032618e-09, 2.59322296969e-09],
        "median": [1.13313062684e-05, 2.36985706579e-05, 1.52018310473e-05, 5.49567994312e-05, 4.10727443523e-06, 1.08009419364e-06, 5.41041208635e-06, 4.16127386416e-06, 0.00116619525943, 0.000296985352179, 2.8149611353e-07, 1.47948810536e-07, 3.84725744595e-08, 3.75477753778e-07, 2.70536838798e-06, 1.61949429867e-07, 1.0937127648e-08, 1.1994496063e-08, 1.790216686e-08, 6.41578257188e-09, 5.51367129731e-09, 1.63789373175e-08, 8.06300270995e-09, 5.29064481114e-09, 6.65945609768e-09, 4.82550666092e-09, 4.6426475997e-09, 4.25290691553e-09, 4.04682731769e-09, 2.93400526097e-09, 2.2615866957e-09, 1.79693926405e-09, 1.57897817044e-09, 1.35829392178e-09, 1.28858457238e-09, 1.0650801352e-09, 1.06315378723e-09, 1.10551323651e-09, 9.79528791412e-10, 8.57425075385e-10],
        "min": [2.81519731971e-07, 3.98587246764e-07, 1.24378959754e-06, 6.03650619269e-07, 7.5794133636e-08, 2.28482441855e-08, 4.39213501124e-08, 5.44197646946e-08, 2.34176184222e-07, 1.39581359804e-07, 1.46919862942e-08, 8.63213855951e-09, 5.20662490899e-09, 3.52779028212e-09, 3.31126104314e-09, 5.93533056037e-10, 3.81932235838e-10, 4.62708260596e-10, 3.78065578843e-10, 2.70622579901e-10, 1.48831932889e-10, 4.44647652031e-10, 3.85738191389e-10, 1.87948837049e-10, 1.62041297047e-10, 8.69047334096e-11, 3.1055834987e-11, 1.4785303537e-10, 2.72771777388e-10, 1.41909123341e-10, 1.15997898786e-10, 2.55920146186e-11, 2.85913202835e-11, 2.49650768808e-11, 2.28107741029e-11, 1.83046668101e-11, 1.21103318346e-11, 1.213154837e-11, 1.5877407028e-11, 2.02721710946e-11],
        "var": [2.69751387894e-10, 6.94864721318e-10, 3.09865910708e-09, 7.867645202e-09, 2.78046963231e-09, 6.18668449803e-10, 2.90010099269e-10, 4.12144374184e-10, 1.42484041135e-05, 1.13464852802e-06, 2.11091352731e-10, 1.17666154598e-11, 5.25668961485e-12, 1.63847876239e-11, 1.26954891044e-08, 2.38244068917e-09, 4.34815588212e-14, 9.14792194903e-15, 8.79650866037e-12, 4.03194838627e-12, 5.84341137015e-16, 1.01785923169e-13, 2.24835578486e-14, 1.01339945075e-14, 1.54060978249e-14, 3.23706219232e-15, 6.24443806023e-16, 8.47822064324e-16, 2.53136685672e-15, 1.33480811959e-16, 1.52792832284e-16, 2.94412936034e-17, 5.06637305666e-17, 3.01313342878e-17, 1.61564503654e-17, 5.60397287417e-18, 1.16391260503e-17, 1.20136568881e-17, 6.52063896072e-17, 1.06202936456e-16]
    },
    "mfcc": {
        "mean": [-906.191162109, 185.519073486, 41.5105743408, 5.2892370224, -19.6042041779, -16.5111923218, -0.207876428962, 1.59957683086, 5.4010052681, 13.0443744659, 20.6781044006, 16.2826004028, -10.2734985352],
        "cov": [[2770.35131836, 358.220672607, -1109.92004395, -522.164916992, -382.853393555, -398.207672119, -63.6321868896, -48.3593101501, -3.24063658714, -91.4665985107, 33.4505653381, 87.8864898682, -62.5631828308], [358.220672607, 261.694610596, -101.526344299, -148.630203247, -129.571228027, -139.569580078, -46.2203598022, 38.2814407349, 21.2937259674, -3.87269020081, 55.7803421021, 105.641738892, 6.90008497238], [-1109.92004395, -101.526344299, 762.320739746, 303.412322998, 225.448501587, 300.219909668, 65.9612503052, -7.26703977585, -15.9856863022, 24.8885688782, -56.7312698364, -86.4183578491, 38.5307312012], [-522.164916992, -148.630203247, 303.412322998, 245.399459839, 159.380767822, 178.455734253, 58.4287910461, -39.3147888184, -19.9413604736, 10.4497146606, -52.3810997009, -82.9524002075, 7.01512718201], [-382.853393555, -129.571228027, 225.448501587, 159.380767822, 170.813262939, 171.894577026, 58.1715278625, -25.5914936066, -26.811914444, 2.75287675858, -43.9133262634, -82.676574707, 5.13529872894], [-398.207672119, -139.569580078, 300.219909668, 178.455734253, 171.894577026, 271.674255371, 101.739830017, -36.1840858459, -33.2924499512, 6.9542593956, -72.4740905762, -114.416603088, 12.8120698929], [-63.6321868896, -46.2203598022, 65.9612503052, 58.4287910461, 58.1715278625, 101.739830017, 77.7953567505, -12.2382984161, -23.259721756, -4.99124097824, -35.6968002319, -47.724811554, -0.425726473331], [-48.3593101501, 38.2814407349, -7.26703977585, -39.3147888184, -25.5914936066, -36.1840858459, -12.2382984161, 67.5871658325, 39.4043121338, 0.872650980949, 16.8680763245, 37.3726539612, 13.7607593536], [-3.24063658714, 21.2937259674, -15.9856863022, -19.9413604736, -26.811914444, -33.2924499512, -23.259721756, 39.4043121338, 49.7365036011, 10.8329877853, 11.2437124252, 21.536447525, 6.7955532074], [-91.4665985107, -3.87269020081, 24.8885688782, 10.4497146606, 2.75287675858, 6.9542593956, -4.99124097824, 0.872650980949, 10.8329877853, 36.4031448364, 15.3370885849, -9.93345069885, 1.42422056198], [33.4505653381, 55.7803421021, -56.7312698364, -52.3810997009, -43.9133262634, -72.4740905762, -35.6968002319, 16.8680763245, 11.2437124252, 15.3370885849, 49.6673278809, 47.3304634094, 0.502772271633], [87.8864898682, 105.641738892, -86.4183578491, -82.9524002075, -82.676574707, -114.416603088, -47.724811554, 37.3726539612, 21.536447525, -9.93345069885, 47.3304634094, 99.9286575317, 16.0902175903], [-62.5631828308, 6.90008497238, 38.5307312012, 7.01512718201, 5.13529872894, 12.8120698929, -0.425726473331, 13.7607593536, 6.7955532074, 1.42422056198, 0.502772271633, 16.0902175903, 29.7827968597]],
