{
"lowlevel": {
    "average_loudness": 0.99068403244,
    "barkbands_crest": {
        "dmean": 1.39238035679,
        "dmean2": 2.10590577126,
        "dvar": 4.22482967377,
        "dvar2": 10.1777200699,
        "max": 26.3986701965,
        "mean": 22.2307243347,
        "median": 25.3597240448,
        "min": 8.06066703796,
        "var": 26.230966568
    },
    "barkbands_flatness_db": {
        "dmean": 0.0281257610768,
        "dmean2": 0.0369608364999,
        "dvar": 0.00170663313475,
        "dvar2": 0.00195999466814,
        "max": 0.514040589333,
        "mean": 0.338814646006,
        "median": 0.377186596394,
        "min": 0.125037014484,
        "var": 0.0100331595168
    },
    "barkbands_kurtosis": {
        "dmean": 16.963804245,
        "dmean2": 24.4148540497,
        "dvar": 859.270141602,
        "dvar2": 2029.92333984,
        "max": 203.122802734,
        "mean": 52.0670814514,
        "median": 53.8414764404,
        "min": 2.84326696396,
        "var": 1355.85620117
    },
    "barkbands_skewness": {
        "dmean": 1.34616816044,
        "dmean2": 2.18121170998,
        "dvar": 1.72897577286,
        "dvar2": 4.55167913437,
        "max": 9.59671115875,
        "mean": 3.61779046059,
        "median": 3.2612862587,
        "min": -1.67855513096,
        "var": 5.31544828415
    },
    "barkbands_spread": {
        "dmean": 0.93549233675,
        "dmean2": 1.45823526382,
        "dvar": 5.68006420135,
        "dvar2": 15.4131736755,
        "max": 16.7677173615,
        "mean": 2.34140610695,
        "median": 0.787045776844,
        "min": 0.269751518965,
        "var": 9.363530159
    },
    "dissonance": {
        "dmean": 0.0574280582368,
        "dmean2": 0.100575171411,
        "dvar": 0.00367444613948,
        "dvar2": 0.0117150433362,
        "max": 0.495350509882,
        "mean": 0.363586544991,
        "median": 0.363937407732,
        "min": 0.109908059239,
        "var": 0.00757937226444
    },
    "dynamic_complexity": 1.74892270565,
    "erbbands_crest": {
        "dmean": 1.49931502342,
        "dmean2": 1.91547369957,
        "dvar": 5.97755908966,
        "dvar2": 9.3066072464,
        "max": 30.9592018127,
        "mean": 26.3036804199,
        "median": 30.0071640015,
        "min": 12.1578035355,
        "var": 34.4130020142
    },
    "erbbands_flatness_db": {
        "dmean": 0.0248829089105,
        "dmean2": 0.03413207829,
        "dvar": 0.00148507836275,
        "dvar2": 0.00183566869237,
        "max": 0.54780381918,
        "mean": 0.371190369129,
        "median": 0.395728200674,
        "min": 0.159829944372,
        "var": 0.00849171821028
    },
    "erbbands_kurtosis": {
        "dmean": 13.517575264,
        "dmean2": 19.0491657257,
        "dvar": 1207.30749512,
        "dvar2": 2713.60595703,
        "max": 254.09262085,
        "mean": 35.3526382446,
        "median": 29.9484710693,
        "min": 3.60969924927,
        "var": 1429.46875
    },
    "erbbands_skewness": {
        "dmean": 0.732369303703,
        "dmean2": 1.06528699398,
        "dvar": 1.57916593552,
        "dvar2": 3.37142467499,
        "max": 11.5674247742,
        "mean": 4.4551320076,
        "median": 4.39601373672,
        "min": 0.852124392986,
        "var": 2.8817615509
    },
    "erbbands_spread": {
        "dmean": 1.47564291954,
        "dmean2": 2.07013010979,
        "dvar": 9.0868062973,
        "dvar2": 22.6705532074,
        "max": 21.4451599121,
        "mean": 4.97997283936,
        "median": 2.10150027275,
        "min": 0.43297341466,
        "var": 28.8349609375
    },
    "hfc": {
        "dmean": 3.74510121346,
        "dmean2": 5.20929908752,
        "dvar": 26.3779907227,
        "dvar2": 60.4087715149,
        "max": 42.9140396118,
        "mean": 16.8354434967,
        "median": 14.3295230865,
        "min": 0.234488397837,
        "var": 78.471786499
    },
    "melbands_crest": {
        "dmean": 1.54339754581,
        "dmean2": 2.36364746094,
        "dvar": 7.81239795685,
        "dvar2": 16.5128116608,
        "max": 32.6758804321,
        "mean": 23.2404499054,
        "median": 23.196105957,
        "min": 11.9653720856,
        "var": 19.1415977478
    },
    "melbands_flatness_db": {
        "dmean": 0.0272240694612,
        "dmean2": 0.0356509871781,
        "dvar": 0.0018629260594,
        "dvar2": 0.00225808960386,
        "max": 0.586601555347,
        "mean": 0.399617135525,
        "median": 0.437194794416,
        "min": 0.187070637941,
        "var": 0.0125102940947
    },
    "melbands_kurtosis": {
        "dmean": 18.1981544495,
        "dmean2": 29.7837982178,
        "dvar": 828.109741211,
        "dvar2": 1501.31738281,
        "max": 247.210189819,
        "mean": 55.8115386963,
        "median": 47.2393875122,
        "min": 1.40441036224,
        "var": 1511.8347168
    },
    "melbands_skewness": {
        "dmean": 1.36484479904,
        "dmean2": 2.21369504929,
        "dvar": 0.822377085686,
        "dvar2": 2.62903761864,
        "max": 6.78335380554,
        "mean": 2.86901950836,
        "median": 3.32750654221,
        "min": -2.0602710247,
        "var": 4.60195684433
    },
    "melbands_spread": {
        "dmean": 0.9483679533,
        "dmean2": 1.46602416039,
        "dvar": 2.68792247772,
        "dvar2": 6.03461313248,
        "max": 10.139374733,
        "mean": 2.67985510826,
        "median": 1.38056313992,
        "min": 0.244865849614,
        "var": 6.8614988327
    },
    "pitch_salience": {
        "dmean": 0.0572196431458,
        "dmean2": 0.0826914831996,
        "dvar": 0.0147361801937,
        "dvar2": 0.0191382989287,
        "max": 0.801206052303,
        "mean": 0.209446027875,
        "median": 0.12401432544,
        "min": 0.0400080941617,
        "var": 0.0327590480447
    },
    "silence_rate_20dB": {
        "dmean": 0,
        "dmean2": 0,
        "dvar": 0,
        "dvar2": 0,
        "max": 1,
        "mean": 1,
        "median": 1,
        "min": 1,
        "var": 0
    },
    "silence_rate_30dB": {
        "dmean": 0,
        "dmean2": 0,
        "dvar": 0,
        "dvar2": 0,
        "max": 1,
        "mean": 1,
        "median": 1,
        "min": 1,
        "var": 0
    },
    "silence_rate_60dB": {
        "dmean": 0,
        "dmean2": 0,
        "dvar": 0,
        "dvar2": 0,
        "max": 0,
        "mean": 0,
        "median": 0,
        "min": 0,
        "var": 0
    },
    "spectral_centroid": {
        "dmean": 32.4300804138,
        "dmean2": 45.0230445862,
        "dvar": 2671.49462891,
        "dvar2": 5434.37255859,
        "max": 1138.7935791,
        "mean": 741.362487793,
        "median": 686.205200195,
        "min": 618.919677734,
        "var": 16060.1972656
    },
    "spectral_complexity": {
        "dmean": 1.36666667461,
        "dmean2": 2.40677976608,
        "dvar": 3.73222351074,
        "dvar2": 8.81758213043,
        "max": 15,
        "mean": 6.34426212311,
        "median": 5,
        "min": 1,
        "var": 10.1601810455
    },
    "spectral_decrease": {
        "dmean": 1.22455845464e-09,
        "dmean2": 1.58364810154e-09,
        "dvar": 2.33012994205e-18,
        "dvar2": 3.58905975007e-18,
        "max": -7.39085737056e-11,
        "mean": -6.05023497968e-09,
        "median": -5.11543651882e-09,
        "min": -1.72790350916e-08,
        "var": 1.26476643578e-17
    },
    "spectral_energy": {
        "dmean": 0.00495849223807,
        "dmean2": 0.00644641602412,
        "dvar": 3.79207849619e-05,
        "dvar2": 5.97969046794e-05,
        "max": 0.0691071823239,
        "mean": 0.0243619345129,
        "median": 0.0205772425979,
        "min": 0.00030021724524,
        "var": 0.000201534421649
    },
    "spectral_energyband_high": {
        "dmean": 6.5225045546e-05,
        "dmean2": 0.000116884802992,
        "dvar": 6.32950758472e-08,
        "dvar2": 1.83036419799e-07,
        "max": 0.00159713602625,
        "mean": 8.83464017534e-05,
        "median": 1.62276082847e-05,
        "min": 3.41452619068e-07,
        "var": 4.47904007217e-08
    },
    "spectral_energyband_low": {
        "dmean": 3.95896313421e-05,
        "dmean2": 6.82997415424e-05,
        "dvar": 1.9610915114e-09,
        "dvar2": 5.21440046697e-09,
        "max": 0.00021205394296,
        "mean": 5.47113377252e-05,
        "median": 4.28560815635e-05,
        "min": 3.11510711981e-06,
        "var": 2.26162932826e-09
    },
    "spectral_energyband_middle_high": {
        "dmean": 0.00031676288927,
        "dmean2": 0.000525786017533,
        "dvar": 8.17624083993e-07,
        "dvar2": 2.30927048506e-06,
        "max": 0.00646117003635,
        "mean": 0.000909886788577,
        "median": 0.00051481812261,
        "min": 3.15641773341e-05,
        "var": 1.14008514629e-06
    },
    "spectral_energyband_middle_low": {
        "dmean": 0.00472735939547,
        "dmean2": 0.00598789658397,
        "dvar": 3.63890976587e-05,
        "dvar2": 5.26314761373e-05,
        "max": 0.0688954591751,
        "mean": 0.0233627967536,
        "median": 0.0196039527655,
        "min": 0.000264004978817,
        "var": 0.000206309137866
    },
    "spectral_entropy": {
        "dmean": 0.288959443569,
        "dmean2": 0.383973538876,
        "dvar": 0.198269560933,
        "dvar2": 0.244782090187,
        "max": 7.90610742569,
        "mean": 5.26989364624,
        "median": 4.86619710922,
        "min": 3.92683339119,
        "var": 0.892670035362
    },
    "spectral_flux": {
        "dmean": 0.0134405577555,
        "dmean2": 0.0219217762351,
        "dvar": 0.00033395641367,
        "dvar2": 0.000682697864249,
        "max": 0.126133620739,
        "mean": 0.0328588709235,
        "median": 0.0217040199786,
        "min": 0.00598491029814,
        "var": 0.00085015851073
    },
    "spectral_kurtosis": {
        "dmean": 11.2577266693,
        "dmean2": 17.8069992065,
        "dvar": 181.933502197,
        "dvar2": 243.585571289,
        "max": 132.722549438,
        "mean": 36.3222961426,
        "median": 25.5675811768,
        "min": 3.21996831894,
        "var": 1024.77404785
    },
    "spectral_rms": {
        "dmean": 0.00050115340855,
        "dmean2": 0.000633892253973,
        "dvar": 3.92679424976e-07,
        "dvar2": 5.05286891439e-07,
        "max": 0.00821106787771,
        "mean": 0.00467060273513,
        "median": 0.00448055332527,
        "min": 0.000541197601706,
        "var": 1.95320967578e-06
    },
    "spectral_rolloff": {
        "dmean": 27.275390625,
        "dmean2": 46.3511314392,
        "dvar": 7895.92919922,
        "dvar2": 12870.0576172,
        "max": 1313.52539062,
        "mean": 718.362304688,
        "median": 667.529296875,
        "min": 624.462890625,
        "var": 20052.7128906
    },
    "spectral_skewness": {
        "dmean": 0.828293502331,
        "dmean2": 1.34835731983,
        "dvar": 0.656472861767,
        "dvar2": 1.01772141457,
        "max": 9.9947309494,
        "mean": 4.51498985291,
        "median": 3.97094941139,
        "min": 1.96474504471,
        "var": 4.16803121567
    },
    "spectral_spread": {
        "dmean": 864622.4375,
        "dmean2": 1021457.9375,
        "dvar": 4.70234483917e+12,
        "dvar2": 2.08615492813e+12,
        "max": 25651514,
        "mean": 3286517.25,
        "median": 2624565.25,
        "min": 681016.5,
        "var": 1.06888135967e+13
    },
    "spectral_strongpeak": {
        "dmean": 0.429220855236,
        "dmean2": 0.424090832472,
        "dvar": 0.275185257196,
        "dvar2": 0.236819729209,
        "max": 6.57761859894,
        "mean": 3.41939854622,
        "median": 3.45864319801,
        "min": 0.0687512606382,
        "var": 1.77958381176
    },
    "zerocrossingrate": {
        "dmean": 0.00275878910907,
        "dmean2": 0.0027476164978,
        "dvar": 2.09397112485e-05,
        "dvar2": 1.98081233975e-05,
        "max": 0.07275390625,
        "mean": 0.0343717969954,
        "median": 0.02978515625,
        "min": 0.00732421875,
        "var": 0.000152949796757
    },
    "barkbands": {
        "dmean": [9.74970589596e-07, 2.03037507163e-05, 2.06100721698e-05, 2.37167587329e-05, 0.000109957632958, 9.66942461673e-05, 3.85631756217e-05, 0.00103257398587, 0.00430122204125, 0.000252858240856, 6.53203896945e-05, 6.54960458633e-05, 0.000123096411698, 4.39411223851e-06, 4.17698720412e-05, 1.8749803985e-06, 8.71409793035e-06, 1.85126043561e-06, 2.17989272642e-05, 3.37155825036e-06, 1.38854566103e-05, 7.17754892321e-06, 6.40666257823e-06, 1.01953610283e-05, 1.83533156815e-05, 1.53444943862e-05, 3.00568672174e-06],
        "dmean2": [1.38133873406e-06, 3.32359231834e-05, 3.75747004e-05, 4.12228546338e-05, 0.00019031202828, 0.000185132594197, 6.01786196057e-05, 0.00114619941451, 0.00542038725689, 0.00048493174836, 0.000119091106171, 8.72655582498e-05, 0.00019420850731, 7.58417354518e-06, 5.9670121118e-05, 3.07979667014e-06, 1.07156429294e-05, 3.69532199329e-06, 3.00643514493e-05, 5.63035382584e-06, 2.18322329602e-05, 1.10583805508e-05, 9.36300602916e-06, 1.92458028323e-05, 3.21942025039e-05, 2.93962566502e-05, 5.81950143896e-06],
        "dvar": [1.08550312836e-11, 5.85330894864e-10, 7.47025497017e-10, 3.73562691891e-09, 1.24491364772e-07, 1.05138312279e-07, 7.82249731657e-09, 4.29630745202e-06, 2.5352488592e-05, 5.56619738745e-07, 2.19424407533e-08, 1.7806314645e-08, 2.36931452235e-08, 9.98872859426e-11, 1.95036120587e-09, 1.84533239383e-11, 9.54260212516e-11, 8.16715306495e-11, 1.43989431489e-09, 4.52746902468e-11, 4.17570367173e-10, 1.86034479488e-10, 2.36858171965e-10, 1.76510084327e-09, 6.68370825352e-09, 5.82523584924e-09, 2.26150057014e-10],
        "dvar2": [1.15086464664e-11, 1.37135380829e-09, 2.16754858506e-09, 9.77682468317e-09, 3.01326792851e-07, 3.1239980558e-07, 1.8864827922e-08, 4.93964535053e-06, 4.84240845253e-05, 1.67248686012e-06, 6.36275103716e-08, 3.89263732359e-08, 6.99127724602e-08, 2.36107633445e-10, 4.57783944086e-09, 5.46085572595e-11, 1.53947105064e-10, 2.44754272405e-10, 3.25230575804e-09, 1.28248814346e-10, 1.11771625289e-09, 4.1432074438e-10, 6.50153930692e-10, 5.161648442e-09, 1.87494535453e-08, 1.70897731522e-08, 6.6712979585e-10],
        "max": [2.57925676124e-05, 0.0001511661103, 0.000121618795674, 0.000323546875734, 0.00175249553286, 0.0018469352508, 0.000536220148206, 0.0231073498726, 0.0457065701485, 0.00426303083077, 0.000927674467675, 0.0011917129159, 0.000891743751708, 6.2868661189e-05, 0.000277257902781, 2.50344437518e-05, 9.53662674874e-05, 5.2121355111e-05, 0.000272763398243, 3.61500533472e-05, 0.000144093428389, 7.19833697076e-05, 9.89040127024e-05, 0.000268558680546, 0.000526154588442, 0.000458291760879, 8.82238164195e-05],
        "mean": [1.13015153147e-06, 2.77409071714e-05, 2.03568270081e-05, 1.87063760677e-05, 9.13565891096e-05, 0.00010480749188, 4.77602152387e-05, 0.00325073278509, 0.0197245515883, 0.000301683525322, 9.54428396653e-05, 0.000116448201879, 0.000307463778881, 7.55499922889e-06, 9.3201531854e-05, 2.87828243017e-06, 2.26792126341e-05, 1.21429729916e-06, 3.35855111189e-05, 4.95913172927e-06, 2.79076248262e-05, 9.92136574496e-06, 1.08823523988e-05, 1.11742774607e-05, 1.53210730787e-05, 1.04518630906e-05, 2.01669263333e-06],
        "median": [3.8024359128e-07, 2.33370974456e-05, 1.25752594613e-05, 5.49513561054e-06, 2.37014774029e-05, 7.11280372343e-05, 2.42009882641e-05, 0.000121316617879, 0.0188049115241, 1.95192933461e-05, 9.09201298782e-06, 6.2652015913e-06, 0.00023911887547, 1.1667018498e-06, 9.26318025449e-05, 1.66800907664e-06, 1.74540564331e-05, 1.60500405855e-07, 5.66803146285e-06, 2.20890979108e-06, 6.1127425397e-06, 6.07526317253e-07, 5.39879124517e-07, 3.29084883788e-07, 2.49838848276e-07, 1.93017356764e-07, 3.89485336427e-07],
        "min": [4.38588276808e-09, 8.24150504286e-07, 2.75131384342e-07, 4.52991145039e-07, 3.57287603947e-07, 7.1333647611e-07, 3.07447839987e-06, 3.04129807773e-05, 0.000201849834411, 4.3700401875e-06, 1.37272962775e-07, 1.11387237212e-07, 1.14465353818e-06, 3.61541765415e-08, 1.7405076278e-06, 7.23564923533e-08, 7.41242729418e-08, 3.93180030756e-08, 7.49911208686e-08, 1.00269730297e-07, 1.45858308542e-07, 2.59355044108e-08, 2.27028689181e-08, 1.75923879908e-08, 2.36425492517e-08, 1.24939818491e-08, 1.3212485328e-08],
        "var": [1.08858642586e-11, 7.82110987085e-10, 5.63903923556e-10, 2.56388088538e-09, 9.31886390276e-08, 5.49590239984e-08, 7.33300398181e-09, 4.46299673058e-05, 0.000105363076727, 6.22565607955e-07, 3.32199903141e-08, 5.68572176007e-08, 5.5933266907e-08, 1.9573828669e-10, 5.70288039015e-09, 1.46353311414e-11, 5.45174461131e-10, 4.3430935931e-11, 3.51509688024e-09, 5.11628552025e-11, 1.55804780189e-09, 3.17388920701e-10, 4.87922369174e-10, 1.32142707887e-09, 4.81414463849e-09, 3.41360673062e-09, 1.24650303968e-10]
    },
    "erbbands": {
        "dmean": [0.000435820198618, 0.00534845329821, 0.0215043853968, 0.0465080365539, 0.281435310841, 0.314442098141, 0.748314619064, 0.640276193619, 0.529741168022, 1.38343811035, 58.1967391968, 90.884513855, 9.71199035645, 4.7365732193, 2.57428050041, 2.53800582886, 6.3225979805, 0.618560731411, 0.39008936286, 2.62916517258, 0.191744327545, 0.428633838892, 0.236288204789, 1.1958335638, 0.362014263868, 0.179080188274, 0.274219155312, 0.58977419138, 0.341845542192, 0.268680870533, 0.130325689912, 0.328385144472, 0.0813965499401, 0.130111172795, 0.12900288403, 0.0735424309969, 0.0401810333133, 0.00490246713161, 0.000538500782568, 2.52822119364e-05],
        "dmean2": [0.000764198484831, 0.00883387494832, 0.0389803573489, 0.0812534093857, 0.503394544125, 0.516714692116, 1.39599239826, 1.22978520393, 0.861523211002, 1.96429908276, 68.1301193237, 110.545829773, 16.7647857666, 9.095079422, 4.3750667572, 3.22542858124, 9.8329706192, 1.05288350582, 0.659008800983, 3.67904543877, 0.280637949705, 0.538786709309, 0.393101662397, 1.59786105156, 0.553319513798, 0.289969116449, 0.458797723055, 0.936422228813, 0.517328560352, 0.374588519335, 0.230038687587, 0.621652662754, 0.15991692245, 0.245231851935, 0.228327065706, 0.13087117672, 0.0765041783452, 0.0094456858933, 0.00104109360836, 4.63651886093e-05],
        "dvar": [2.1475401013e-07, 4.13759189541e-05, 0.000529297743924, 0.0117709776387, 0.658915698528, 1.18413949013, 7.12952852249, 3.69955348969, 1.31116235256, 5.0125875473, 10494.4990234, 7871.97460938, 476.160827637, 182.522766113, 32.1942939758, 17.0701885223, 54.2120704651, 1.43469071388, 0.870016872883, 7.80454874039, 0.0417517535388, 0.272390931845, 0.369175344706, 4.4124455452, 0.605558514595, 0.111661754549, 0.217058181763, 0.806210458279, 0.365196704865, 0.33709320426, 0.159510985017, 1.75815057755, 0.135020777583, 0.410508960485, 0.295694231987, 0.117204681039, 0.0391966924071, 0.000605094828643, 7.22168306311e-06, 1.05344950541e-08],
        "dvar2": [4.68464435244e-07, 0.000100180492154, 0.0015084563056, 0.032193697989, 1.86634480953, 2.42482185364, 20.1809501648, 11.0761804581, 3.20617747307, 9.29783821106, 12418.3515625, 11579.8115234, 1380.28283691, 549.94909668, 91.5136947632, 34.7614822388, 162.297149658, 3.88581132889, 2.4915292263, 17.4486408234, 0.102417983115, 0.492277443409, 1.09801280499, 9.36469745636, 1.72868716717, 0.307702869177, 0.579434275627, 1.94361579418, 0.732975542545, 0.838405609131, 0.431621074677, 5.07298946381, 0.407864898443, 1.19407999516, 0.829691767693, 0.334599941969, 0.114319249988, 0.00178167654667, 2.12713639485e-05, 3.14185548689e-08],
        "max": [0.00213303463534, 0.0401718877256, 0.109101362526, 0.611265957355, 4.4244799614, 6.61066246033, 14.5141248703, 11.1229228973, 6.3915848732, 26.23087883, 1220.94494629, 1026.33813477, 143.239822388, 84.588760376, 34.8384666443, 44.8738479614, 43.1876144409, 9.05969429016, 5.95578527451, 18.742937088, 1.3726900816, 4.41465711594, 4.05059862137, 15.5413761139, 4.44011640549, 1.94991374016, 2.51681780815, 6.79887151718, 3.88347887993, 4.63245868683, 2.73119735718, 8.4315071106, 2.28461456299, 3.84723114967, 3.52182626724, 2.17628860474, 1.19946694374, 0.146059051156, 0.0158453788608, 0.000627395580523],
        "mean": [0.000591362884734, 0.00704636378214, 0.0227238629013, 0.0428521335125, 0.21150803566, 0.281561970711, 0.520654857159, 0.791126489639, 1.0259937048, 5.49827241898, 233.752380371, 454.484954834, 29.0660228729, 7.35773181915, 3.39905381203, 6.19699144363, 15.4731473923, 1.4493560791, 0.696027815342, 6.09286928177, 0.476843625307, 1.08288121223, 0.500030398369, 1.94493949413, 0.502261042595, 0.301464349031, 0.449857473373, 1.11443650723, 0.653265357018, 0.488558262587, 0.214989513159, 0.323647797108, 0.0929776802659, 0.0861445367336, 0.114992164075, 0.0579306557775, 0.0285331383348, 0.00321418256499, 0.000365220068488, 4.47330676252e-05],
        "median": [0.000437844981207, 0.00503349630162, 0.0150645626709, 0.019332760945, 0.0637588575482, 0.0613539889455, 0.068829998374, 0.621559739113, 0.885189890862, 2.26647663116, 117.152618408, 451.45916748, 23.4998264313, 1.69205677509, 0.511245965958, 2.80101275444, 12.2508516312, 0.650432765484, 0.519124805927, 6.08732271194, 0.466489642859, 0.851145803928, 0.356004744768, 0.330772429705, 0.114487797022, 0.145034909248, 0.155413761735, 0.212764725089, 0.0836752057076, 0.0265831369907, 0.0128741944209, 0.00715335598215, 0.00597907602787, 0.00225815339945, 0.00201415363699, 0.000835738377646, 0.000396789371734, 0.000164603537996, 5.98439364694e-05, 3.21278967021e-05],
        "min": [8.31375291455e-06, 0.000285171787255, 0.000763142947108, 0.00128317077179, 0.00185232504737, 0.000637449789792, 0.00193130492698, 0.00894175749272, 0.0767094939947, 0.279887855053, 1.96377491951, 4.89663743973, 1.39550316334, 0.406566143036, 0.0865946561098, 0.152306392789, 0.0582602955401, 0.0599732398987, 0.06037985906, 0.0689198151231, 0.0306079965085, 0.00767894415185, 0.0079058688134, 0.00437987782061, 0.0045050708577, 0.00485804956406, 0.00716219563037, 0.00331447971985, 0.00118225708138, 0.000665307568852, 0.000682062876876, 0.000533159414772, 0.000333948351908, 0.000246263603913, 0.000182646690519, 9.23223342397e-05, 3.77367978217e-05, 9.49082095758e-06, 2.16828811972e-05, 5.05881325807e-06],
        "var": [3.25697868675e-07, 5.22889349668e-05, 0.000492993160151, 0.00811476819217, 0.418661385775, 1.01949691772, 4.1375670433, 1.96878099442, 1.08853852749, 50.5025863647, 88047.125, 53345.8046875, 492.855194092, 226.091156006, 40.318359375, 68.7905197144, 121.171417236, 3.60915350914, 0.654476106167, 26.8308162689, 0.131223425269, 1.21973609924, 0.452192246914, 11.8722696304, 0.78854984045, 0.165003165603, 0.401781976223, 2.64753746986, 0.852881193161, 0.908801078796, 0.206760019064, 1.27833509445, 0.0914673805237, 0.24070930481, 0.217294171453, 0.0807951763272, 0.0235296767205, 0.000344386557117, 4.026762781e-06, 5.87341464353e-09]
    },
    "gfcc": {
        "mean": [-128.304519653, 95.2417144775, -134.79045105, -41.5225715637, -76.5789260864, -1.5983735323, -6.57281398773, 18.5415916443, 4.24596214294, 4.38418149948, -30.8442707062, -18.1853561401, -19.5628910065],
        "cov": [[3170.86547852, -1733.60998535, -259.367370605, 862.803527832, -441.971252441, 498.803131104, -266.277313232, -3.97668862343, -701.862365723, -133.145309448, -115.444564819, 362.518096924, -209.916595459], [-1733.60998535, 1689.3626709, 207.383712769, -623.643432617, 383.579406738, -465.873138428, 187.073257446, -118.989181519, 427.406463623, 52.8693885803, 129.596679688, -238.00201416, 162.568771362], [-259.367370605, 207.383712769, 430.141387939, -206.835342407, 59.1416282654, -35.4165916443, -56.2901954651, 35.6894111633, -30.8810806274, -7.07825613022, 44.3876113892, -17.0983390808, -25.9494037628], [862.803527832, -623.643432617, -206.835342407, 639.494140625, -98.9482879639, 122.151397705, 48.5865898132, 38.6202507019, -80.0095214844, 44.0791053772, -91.4119033813, 83.1951446533, -61.6131210327], [-441.971252441, 383.579406738, 59.1416282654, -98.9482879639, 201.395828247, -138.973876953, 41.1197929382, 6.41835546494, 139.541717529, 21.503068924, 8.88579273224, -29.0016174316, 31.1120738983], [498.803131104, -465.873138428, -35.4165916443, 122.151397705, -138.973876953, 226.035812378, -69.3318786621, 20.3091011047, -154.316879272, -15.7292871475, -20.0787715912, 73.1345672607, -35.6351737976], [-266.277313232, 187.073257446, -56.2901954651, 48.5865898132, 41.1197929382, -69.3318786621, 125.1745224, 9.81417274475, 127.740562439, 48.8516616821, 11.3607168198, -56.0898361206, 17.7078227997], [-3.97668862343, -118.989181519, 35.6894111633, 38.6202507019, 6.41835546494, 20.3091011047, 9.81417274475, 91.1340026855, 12.6044883728, -4.83384418488, 9.58481121063, 7.98142719269, -32.5473442078], [-701.862365723, 427.406463623, -30.8810806274, -80.0095214844, 139.541717529, -154.316879272, 127.740562439, 12.6044883728, 300.707336426, 76.9885101318, -4.8082485199, -99.4615097046, 67.78490448], [-133.145309448, 52.8693885803, -7.07825613022, 44.0791053772, 21.503068924, -15.7292871475, 48.8516616821, -4.83384418488, 76.9885101318, 72.0144958496, -12.4221591949, -32.9095191956, 31.8264656067], [-115.444564819, 129.596679688, 44.3876113892, -91.4119033813, 8.88579273224, -20.0787715912, 11.3607168198, 9.58481121063, -4.8082485199, -12.4221591949, 67.5815887451, -6.17365598679, 1.08188593388], [362.518096924, -238.00201416, -17.0983390808, 83.1951446533, -29.0016174316, 73.1345672607, -56.0898361206, 7.98142719269, -99.4615097046, -32.9095191956, -6.17365598679, 90.2298431396, -25.4249668121], [-209.916595459, 162.568771362, -25.9494037628, -61.6131210327, 31.1120738983, -35.6351737976, 17.7078227997, -32.5473442078, 67.78490448, 31.8264656067, 1.08188593388, -25.4249668121, 70.002166748]],
        "icov": [[0.00166853016708, -0.000123725592857, 0.000391427776776, -0.0015070354566, 0.0012092567049, 0.000174005850567, 0.0013368712971, 0.000534281367436, 0.00166034896392, -0.000526677700691, 0.000154299850692, -0.00252464297228, 0.0012831693748], [-0.000123725592857, 0.00812371447682, -0.00285446317866, 0.00152188178618, -0.00837602000684, 0.00190253590699, -0.0062834774144, 0.0109791727737, -0.00286616827361, 0.00845974311233, -0.00845826044679, 0.00871040951461, -0.00534674851224], [0.000391427776776, -0.00285446317866, 0.00526701752096, 0.00052183563821, 0.00186948361807, 0.000313293654472, 0.00534152751788, -0.00561308581382, 0.00291467620991, -0.00780927529559, 0.00159833137877, -0.00242403615266, 0.00540518807247], [-0.0015070354566, 0.00152188178618, 0.00052183563821, 0.00673069991171, -0.00139543344267, 0.00134396087378, -0.00739337084815, -0.000784680887591, 0.000831017096061, -0.00378261879086, 0.00437196018174, -0.00198487308808, 0.00100037665106], [0.0012092567049, -0.00837602000684, 0.00186948361807, -0.00139543344267, 0.0217968262732, 0.00478747952729, 0.00741463992745, -0.0122915636748, -0.00018933940737, -0.0109567586333, 0.0102711450309, -0.0182815808803, 0.00606822688133], [0.000174005850567, 0.00190253590699, 0.000313293654472, 0.00134396087378, 0.00478747952729, 0.0135624939576, 0.00046699255472, -0.00221128226258, 0.0026443216484, -0.00545038701966, 0.000629598216619, -0.0051175057888, -0.000918403966352], [0.0013368712971, -0.0062834774144, 0.00534152751788, -0.00739337084815, 0.00741463992745, 0.00046699255472, 0.0349177643657, -0.00646756775677, -0.00595145439729, -0.0136826625094, -0.00796423759311, 0.00139287149068, 0.0117891486734], [0.000534281367436, 0.0109791727737, -0.00561308581382, -0.000784680887591, -0.0122915636748, -0.00221128226258, -0.00646756775677, 0.03391751647, -0.0102320434526, 0.0144308945164, -0.0174084380269, 0.0108272880316, 0.00262506795116], [0.00166034896392, -0.00286616827361, 0.00291467620991, 0.000831017096061, -0.00018933940737, 0.0026443216484, -0.00595145439729, -0.0102320434526, 0.0185697171837, -0.00871511362493, 0.0103583429009, -0.00241020042449, -0.00342929549515], [-0.000526677700691, 0.00845974311233, -0.00780927529559, -0.00378261879086, -0.0109567586333, -0.00545038701966, -0.0136826625094, 0.0144308945164, -0.00871511362493, 0.0464006438851, -0.00710330484435, 0.0184582360089, -0.0210271254182], [0.000154299850692, -0.00845826044679, 0.00159833137877, 0.00437196018174, 0.0102711450309, 0.000629598216619, -0.00796423759311, -0.0174084380269, 0.0103583429009, -0.00710330484435, 0.0367756821215, -0.015600591898, 0.00118706503417], [-0.00252464297228, 0.00871040951461, -0.00242403615266, -0.00198487308808, -0.0182815808803, -0.0051175057888, 0.00139287149068, 0.0108272880316, -0.00241020042449, 0.0184582360089, -0.015600591898, 0.0439114868641, -0.0101112760603], [0.0012831693748, -0.00534674851224, 0.00540518807247, 0.00100037665106, 0.00606822688133, -0.000918403966352, 0.0117891486734, 0.00262506795116, -0.00342929549515, -0.0210271254182, 0.00118706503417, -0.0101112760603, 0.0376979373395]]
    },
    "melbands": {
        "dmean": [4.86029921376e-06, 9.6193052741e-06, 1.3891346498e-05, 2.36553514696e-05, 2.2231031835e-05, 1.53419296112e-05, 8.21614139568e-06, 1.13389787657e-05, 0.000677913485561, 0.000485293741804, 3.60370686394e-05, 2.06192398764e-05, 9.25139102037e-06, 4.40789199274e-06, 1.52159909703e-05, 9.39773963182e-06, 4.95932511058e-07, 3.85007041359e-07, 2.82543783214e-06, 2.02068918043e-06, 2.50189415851e-08, 3.94952223814e-07, 4.63546228957e-07, 8.11786478039e-08, 1.13589544526e-06, 5.64980553008e-07, 1.23356969084e-07, 1.07336745714e-07, 1.44438132565e-07, 1.28782033926e-07, 5.26327085026e-07, 1.66613972397e-07, 2.08387007206e-07, 1.95655857738e-07, 5.00792722846e-08, 1.55205583496e-07, 2.01697304192e-07, 3.8393913826e-08, 9.53359915457e-08, 1.03732944012e-07],
        "dmean2": [8.17062209535e-06, 1.72227792063e-05, 2.45472947427e-05, 4.10225366068e-05, 4.03088561143e-05, 2.91800388368e-05, 1.32011282403e-05, 1.89204511116e-05, 0.000806963595096, 0.000598693091888, 6.97683353792e-05, 3.92130059481e-05, 1.58817001648e-05, 7.37402979212e-06, 2.03332820092e-05, 1.52807369886e-05, 8.19335468805e-07, 6.90380943524e-07, 4.03673811888e-06, 2.82083669845e-06, 4.53020980729e-08, 4.93124787226e-07, 6.79271863646e-07, 1.61151348266e-07, 1.50038556512e-06, 8.30622298054e-07, 2.11538463191e-07, 1.73732004782e-07, 2.39738312757e-07, 2.21653010612e-07, 8.26516554753e-07, 2.62465050582e-07, 3.08253106596e-07, 2.60350475401e-07, 8.23694890073e-08, 2.84359970237e-07, 3.92184318798e-07, 7.15117707273e-08, 1.77806924739e-07, 1.9718120825e-07],
        "dvar": [2.88701857559e-11, 9.17136089296e-11, 1.34242161831e-09, 5.36707789323e-09, 6.09734618351e-09, 2.15807971493e-09, 3.26610349877e-10, 4.49004111669e-10, 1.22594678942e-06, 2.29852503253e-07, 1.3098836682e-08, 3.63140517656e-09, 4.11054551508e-10, 1.15570782111e-10, 3.28309712749e-10, 1.72889799699e-10, 1.33381305133e-12, 1.70422410992e-12, 8.47983662455e-12, 4.80627777161e-12, 3.37278206971e-15, 3.16403424728e-13, 5.08865519167e-13, 1.57008886686e-13, 4.04167975129e-12, 1.10908461234e-12, 6.14204122133e-14, 4.26434027792e-14, 6.25609657937e-14, 7.13613535126e-14, 6.48926387885e-13, 9.13632505154e-14, 1.4004532397e-13, 1.66618292514e-13, 1.53421417552e-14, 3.3240451407e-13, 7.50068952261e-13, 2.04158233694e-14, 2.02405027959e-13, 2.560604452e-13],
        "dvar2": [6.22471588163e-11, 2.45506587282e-10, 3.7618854698e-09, 1.358545898e-08, 1.63956741517e-08, 6.42904351977e-09, 8.05620459232e-10, 1.22565246841e-09, 1.61825835221e-06, 3.52632696377e-07, 3.69353223562e-08, 1.0750292212e-08, 1.19061949189e-09, 3.25929755407e-10, 7.84344533766e-10, 5.47482004176e-10, 3.13928267062e-12, 4.8361284595e-12, 1.98423222297e-11, 1.07243476252e-11, 1.00069471888e-14, 6.21684669889e-13, 1.02425273124e-12, 4.69537169562e-13, 8.46502035134e-12, 2.85085670348e-12, 1.85266339488e-13, 1.17226988208e-13, 1.65882308974e-13, 2.00988653346e-13, 1.51671156103e-12, 1.82590596289e-13, 3.00775761719e-13, 3.8801728215e-13, 3.90623304373e-14, 9.27906189385e-13, 2.19943225958e-12, 6.39409315425e-14, 5.93008389789e-13, 7.45805435638e-13],
        "max": [3.20908802678e-05, 4.24414611189e-05, 0.00020433118334, 0.000366763852071, 0.000411886663642, 0.000267312541837, 0.000103898360976, 0.000128661078634, 0.0128912962973, 0.00549192912877, 0.000694728747476, 0.000391042063711, 0.000124346188386, 7.23162884242e-05, 0.000180240473128, 8.59686842887e-05, 8.903327398e-06, 8.20657078293e-06, 1.83962420124e-05, 1.53849923663e-05, 3.78678834068e-07, 4.50546167485e-06, 5.61054548598e-06, 2.28840963246e-06, 1.49721399794e-05, 6.53236747894e-06, 1.26485019791e-06, 1.09430391149e-06, 1.38953544138e-06, 1.51273343363e-06, 6.36308095636e-06, 2.01574312086e-06, 1.96033261091e-06, 3.68925839211e-06, 8.58202952259e-07, 3.80315645998e-06, 5.35730441698e-06, 9.00032659956e-07, 2.74036119663e-06, 3.02307580569e-06],
        "mean": [6.6604497988e-06, 1.13087053251e-05, 1.18609214041e-05, 1.92981351574e-05, 1.62283486134e-05, 1.91933886526e-05, 1.34053989314e-05, 2.05653104786e-05, 0.00292902812362, 0.00241747079417, 5.34078208148e-05, 2.76747632597e-05, 1.19671103676e-05, 7.5828829722e-06, 3.86831707146e-05, 2.03857289307e-05, 1.04511752852e-06, 4.18338288455e-07, 6.28795760349e-06, 4.77861249237e-06, 3.64855772261e-08, 8.90766500561e-07, 1.3001933894e-06, 5.27437897802e-08, 1.85829526345e-06, 7.84989481417e-07, 1.64274112535e-07, 1.64090025123e-07, 2.21602547867e-07, 1.78457398192e-07, 9.83633640317e-07, 3.25683771507e-07, 2.92069302077e-07, 3.30494259515e-07, 8.64780034249e-08, 1.68340307027e-07, 1.85900049132e-07, 5.35743218677e-08, 7.10270597892e-08, 6.48095621614e-08],
        "median": [5.24818551639e-06, 8.68009828991e-06, 4.89426747663e-06, 5.62232480661e-06, 2.01264901989e-06, 1.54187309818e-05, 1.11602985271e-05, 5.25431596543e-06, 0.00179121270776, 0.00241476879455, 3.87697900806e-06, 1.58615455348e-06, 1.10176608814e-06, 6.96707047609e-07, 2.77810486295e-05, 1.37568331411e-05, 1.20499308309e-07, 8.89019062811e-08, 5.86690430282e-06, 4.61579929834e-06, 1.8486298714e-08, 6.23981179615e-07, 9.36101628213e-07, 5.96904570216e-09, 3.12566328375e-07, 1.32705153533e-07, 7.43993311403e-08, 7.46569313037e-08, 8.31985218497e-08, 3.74426889493e-08, 1.7048216705e-07, 4.90535754238e-08, 1.80535177918e-08, 1.32832722599e-08, 7.42617611849e-09, 5.27811749862e-09, 4.2847716486e-09, 3.82976628188e-09, 3.24601567847e-09, 1.42887590648e-09],
        "min": [1.63085758231e-07, 7.08986249265e-07, 3.53340340098e-07, 8.36170457319e-08, 5.21882732585e-08, 2.07679534014e-07, 5.44198371699e-07, 1.14967212994e-06, 2.1104078769e-05, 2.95600984828e-05, 5.61028173252e-07, 9.06501682607e-08, 1.765010893e-08, 1.67721019295e-08, 2.53246099646e-07, 1.04117674482e-07, 3.00226843386e-09, 5.36861355371e-09, 1.39415178069e-07, 1.52239643114e-08, 1.91356197554e-09, 3.76771236432e-09, 4.34092584101e-09, 1.43498657401e-09, 2.99043589891e-09, 2.78435163814e-09, 2.56061882808e-09, 1.69566960473e-09, 3.78280429203e-09, 2.1305859299e-09, 1.54054857759e-09, 5.80909098602e-10, 3.73940545195e-10, 2.72376426969e-10, 3.47540718426e-10, 4.11216782847e-10, 2.66357963463e-10, 2.14721268543e-10, 1.52737961168e-10, 1.78008288665e-10],
        "var": [4.2282410212e-11, 1.01689996701e-10, 8.73919214772e-10, 3.87090670628e-09, 3.85874354691e-09, 1.14472520352e-09, 2.7680324699e-10, 9.41122291209e-10, 8.61007265485e-06, 1.50667699472e-06, 1.6796999347e-08, 4.44638192931e-09, 5.44456368878e-10, 1.74218972582e-10, 1.02597119689e-09, 3.62040258883e-10, 3.7084679945e-12, 1.20585290884e-12, 2.39739512964e-11, 1.76563832999e-11, 2.77183908692e-15, 9.17908544312e-13, 2.20373068752e-12, 8.37375145352e-14, 1.10003473344e-11, 1.94328949633e-12, 6.16301511235e-14, 5.37779964603e-14, 9.95595343363e-14, 8.05116878114e-14, 2.17064148773e-12, 2.10443058921e-13, 2.67353630554e-13, 5.27100281825e-13, 2.68241239767e-14, 2.80602418471e-13, 4.94361225133e-13, 1.76887465856e-14, 1.23269043627e-13, 1.48266842597e-13]
    },
    "mfcc": {
        "mean": [-801.012634277, 148.057922363, -6.97019720078, -15.3584709167, -41.4079780579, -9.57437515259, -15.06985569, 1.72926557064, 16.5639324188, 19.4307327271, 20.6372737885, 8.6125869751, -9.03379535675],
        "cov": [[4334.04492188, -2065.58862305, -170.05027771, -319.413238525, -378.620269775, 515.039794922, 403.222290039, 436.086761475, -509.474090576, -245.947235107, -460.675750732, -525.984741211, -172.830780029], [-2065.58862305, 1720.9864502, 116.886711121, -94.8625411987, 212.008621216, -363.302185059, -111.496658325, -218.762298584, 128.868881226, -5.9002366066, 123.30809021, 260.941802979, 22.9357585907], [-170.05027771, 116.886711121, 224.030593872, 39.226234436, 64.6259460449, -46.0526733398, -3.78559923172, -29.7325325012, -14.8323774338, 24.6216487885, 34.65625, -10.0769891739, 8.57589149475], [-319.413238525, -94.8625411987, 39.226234436, 757.433410645, 85.5721588135, 37.5910987854, -216.895553589, -151.674285889, 104.320091248, 90.8559188843, 253.685638428, 82.2257156372, 68.7382583618], [-378.620269775, 212.008621216, 64.6259460449, 85.5721588135, 149.691390991, -106.94026947, -75.5595474243, -17.9684429169, 22.6216754913, 22.7779884338, 65.630241394, 18.7464962006, 22.7456703186], [515.039794922, -363.302185059, -46.0526733398, 37.5910987854, -106.94026947, 180.625869751, 21.5969562531, 20.575799942, -6.19354057312, -3.0259437561, -27.045217514, -56.9130897522, -2.9617421627], [403.222290039, -111.496658325, -3.78559923172, -216.895553589, -75.5595474243, 21.5969562531, 158.130844116, 82.72315979, -79.1808242798, -30.8426303864, -109.7811203, -61.3400230408, -33.5698204041], [436.086761475, -218.762298584, -29.7325325012, -151.674285889, -17.9684429169, 20.575799942, 82.72315979, 156.73109436, -76.4059829712, -17.1099071503, -71.5285110474, -76.6750946045, -18.5853939056], [-509.474090576, 128.868881226, -14.8323774338, 104.320091248, 22.6216754913, -6.19354057312, -79.1808242798, -76.4059829712, 155.482757568, 36.6590156555, 85.9031600952, 99.4097900391, 34.1323471069], [-245.947235107, -5.9002366066, 24.6216487885, 90.8559188843, 22.7779884338, -3.0259437561, -30.8426303864, -17.1099071503, 36.6590156555, 88.9944152832, 66.8835144043, 22.6442947388, 28.5939712524], [-460.675750732, 123.30809021, 34.65625, 253.685638428, 65.630241394, -27.045217514, -109.7811203, -71.5285110474, 85.9031600952, 66.8835144043, 169.580337524, 69.5652160645, 36.1670799255], [-525.984741211, 260.941802979, -10.0769891739, 82.2257156372, 18.7464962006, -56.9130897522, -61.3400230408, -76.6750946045, 99.4097900391, 22.6442947388, 69.5652160645, 135.517715454, 15.6801815033], [-172.830780029, 22.9357585907, 8.57589149475, 68.7382583618, 22.7456703186, -2.9617421627, -33.5698204041, -18.5853939056, 34.1323471069, 28.5939712524, 36.1670799255, 15.6801815033, 30.2814064026]],
