{
"lowlevel": {
    "average_loudness": 0.969364881516,
    "barkbands_crest": {
        "dmean": 2.44923853874,
        "dmean2": 3.77861356735,
        "dvar": 11.1757640839,
        "dvar2": 26.8255348206,
        "max": 26.9720191956,
        "mean": 20.2241783142,
        "median": 20.6194515228,
        "min": 5.56018400192,
        "var": 31.4701423645
    },
    "barkbands_flatness_db": {
        "dmean": 0.0388188697398,
        "dmean2": 0.0468158461154,
        "dvar": 0.00242200959474,
        "dvar2": 0.00372568611056,
        "max": 0.61076426506,
        "mean": 0.356216967106,
        "median": 0.416716903448,
        "min": 0.0794886127114,
        "var": 0.0260561071336
    },
    "barkbands_kurtosis": {
        "dmean": 40.0829734802,
        "dmean2": 39.8557853699,
        "dvar": 6896.20263672,
        "dvar2": 6545.00830078,
        "max": 1254.96899414,
        "mean": 123.641342163,
        "median": 20.7998485565,
        "min": -0.155276298523,
        "var": 69896.6796875
    },
    "barkbands_skewness": {
        "dmean": 1.39685940742,
        "dmean2": 1.70385885239,
        "dvar": 4.01862859726,
        "dvar2": 3.4063179493,
        "max": 31.6201343536,
        "mean": 5.46772146225,
        "median": 2.74709892273,
        "min": -1.36196303368,
        "var": 48.6473426819
    },
    "barkbands_spread": {
        "dmean": 3.86864972115,
        "dmean2": 6.43782901764,
        "dvar": 68.7845077515,
        "dvar2": 181.044509888,
        "max": 48.2670555115,
        "mean": 6.36890029907,
        "median": 1.966537714,
        "min": 0.06531894207,
        "var": 99.8064498901
    },
    "dissonance": {
        "dmean": 0.0692960843444,
        "dmean2": 0.119726955891,
        "dvar": 0.00480744754896,
        "dvar2": 0.0126075018197,
        "max": 0.497835963964,
        "mean": 0.328334182501,
        "median": 0.322865217924,
        "min": 0.0846767649055,
        "var": 0.015712318942
    },
    "dynamic_complexity": 5.21221113205,
    "erbbands_crest": {
        "dmean": 1.64821112156,
        "dmean2": 2.17420816422,
        "dvar": 4.51535987854,
        "dvar2": 5.72726821899,
        "max": 31.3959217072,
        "mean": 20.2716884613,
        "median": 24.060131073,
        "min": 2.62952661514,
        "var": 73.7501068115
    },
    "erbbands_flatness_db": {
        "dmean": 0.0312228016555,
        "dmean2": 0.0387804061174,
        "dvar": 0.00213864236139,
        "dvar2": 0.00314455013722,
        "max": 0.612623035908,
        "mean": 0.35947355628,
        "median": 0.416728019714,
        "min": 0.0336273349822,
        "var": 0.032257668674
    },
    "erbbands_kurtosis": {
        "dmean": 8.28029060364,
        "dmean2": 11.8978309631,
        "dvar": 206.786499023,
        "dvar2": 394.124298096,
        "max": 114.688392639,
        "mean": 32.2123756409,
        "median": 14.6764144897,
        "min": -1.11885523796,
        "var": 1347.8704834
    },
    "erbbands_skewness": {
        "dmean": 0.628897666931,
        "dmean2": 0.882597506046,
        "dvar": 0.653560400009,
        "dvar2": 1.09490644932,
        "max": 7.92303609848,
        "mean": 3.30653238297,
        "median": 3.02971506119,
        "min": -0.487203419209,
        "var": 5.62357091904
    },
    "erbbands_spread": {
        "dmean": 3.61027550697,
        "dmean2": 5.54161739349,
        "dvar": 72.2763061523,
        "dvar2": 160.246704102,
        "max": 91.2367477417,
        "mean": 16.495923996,
        "median": 4.6209359169,
        "min": 0.35649099946,
        "var": 757.337768555
    },
    "hfc": {
        "dmean": 2.97191977501,
        "dmean2": 3.84181237221,
        "dvar": 18.7583580017,
        "dvar2": 31.5289974213,
        "max": 37.391456604,
        "mean": 14.4626684189,
        "median": 14.0086870193,
        "min": 0.0107794580981,
        "var": 120.69405365
    },
    "melbands_crest": {
        "dmean": 2.20255160332,
        "dmean2": 2.94529700279,
        "dvar": 10.9357824326,
        "dvar2": 21.5934314728,
        "max": 33.0493164062,
        "mean": 23.0073127747,
        "median": 23.5154914856,
        "min": 7.94212818146,
        "var": 36.274356842
    },
    "melbands_flatness_db": {
        "dmean": 0.0412931852043,
        "dmean2": 0.0508930273354,
        "dvar": 0.00250740768388,
        "dvar2": 0.0043981927447,
        "max": 0.682018578053,
        "mean": 0.421887278557,
        "median": 0.456401258707,
        "min": 0.155267819762,
        "var": 0.0225100778043
    },
    "melbands_kurtosis": {
        "dmean": 20.1012840271,
        "dmean2": 27.3124809265,
        "dvar": 844.60736084,
        "dvar2": 1743.36169434,
        "max": 206.310119629,
        "mean": 62.5107269287,
        "median": 45.4988594055,
        "min": -0.942705869675,
        "var": 3258.45336914
    },
    "melbands_skewness": {
        "dmean": 1.20863759518,
        "dmean2": 1.76599991322,
        "dvar": 1.75773584843,
        "dvar2": 3.95524716377,
        "max": 11.7989406586,
        "mean": 3.63244652748,
        "median": 3.38974165916,
        "min": -1.92627954483,
        "var": 7.55147695541
    },
    "melbands_spread": {
        "dmean": 1.83798670769,
        "dmean2": 3.01714324951,
        "dvar": 11.1660861969,
        "dvar2": 26.1815395355,
        "max": 24.1875972748,
        "mean": 4.12369632721,
        "median": 2.81770420074,
        "min": 0.188429936767,
        "var": 21.358133316
    },
    "pitch_salience": {
        "dmean": 0.085982657969,
        "dmean2": 0.116971902549,
        "dvar": 0.0168850738555,
        "dvar2": 0.0319036282599,
        "max": 0.907198488712,
        "mean": 0.284785687923,
        "median": 0.2815772295,
        "min": 0.0201175585389,
        "var": 0.0505828298628
    },
    "silence_rate_20dB": {
        "dmean": 0,
        "dmean2": 0,
        "dvar": 0,
        "dvar2": 0,
        "max": 1,
        "mean": 1,
        "median": 1,
        "min": 1,
        "var": 0
    },
    "silence_rate_30dB": {
        "dmean": 0,
        "dmean2": 0,
        "dvar": 0,
        "dvar2": 0,
        "max": 1,
        "mean": 1,
        "median": 1,
        "min": 1,
        "var": 0
    },
    "silence_rate_60dB": {
        "dmean": 0.0333333350718,
        "dmean2": 0.0674157291651,
        "dvar": 0.0322221852839,
        "dvar2": 0.0853427052498,
        "max": 1,
        "mean": 0.186813190579,
        "median": 0,
        "min": 0,
        "var": 0.151913702488
    },
    "spectral_centroid": {
        "dmean": 61.7167205811,
        "dmean2": 99.516456604,
        "dvar": 11223.7441406,
        "dvar2": 25766.9941406,
        "max": 1381.32202148,
        "mean": 838.629882812,
        "median": 833.025939941,
        "min": 393.708404541,
        "var": 38105.625
    },
    "spectral_complexity": {
        "dmean": 0.922222197056,
        "dmean2": 1.39325845242,
        "dvar": 3.38283872604,
        "dvar2": 6.12624597549,
        "max": 18,
        "mean": 2.95604395866,
        "median": 2,
        "min": 0,
        "var": 8.87718963623
    },
    "spectral_decrease": {
        "dmean": 9.58905177484e-10,
        "dmean2": 1.1079006601e-09,
        "dvar": 1.56990112148e-18,
        "dvar2": 1.66889540885e-18,
        "max": -2.32601264638e-12,
        "mean": -4.69126915092e-09,
        "median": -4.09149336633e-09,
        "min": -1.51123842329e-08,
        "var": 1.68104607167e-17
    },
    "spectral_energy": {
        "dmean": 0.00386993493885,
        "dmean2": 0.00441988231614,
        "dvar": 2.49038457696e-05,
        "dvar2": 2.61493933067e-05,
        "max": 0.0604290440679,
        "mean": 0.0190176721662,
        "median": 0.0165323987603,
        "min": 9.75663806457e-06,
        "var": 0.000269830750767
    },
    "spectral_energyband_high": {
        "dmean": 6.64844192215e-05,
        "dmean2": 0.000119218217151,
        "dvar": 7.67299468407e-08,
        "dvar2": 2.19178204475e-07,
        "max": 0.00187059189193,
        "mean": 6.31764851278e-05,
        "median": 3.74154660676e-06,
        "min": 1.20674116033e-07,
        "var": 4.88951847899e-08
    },
    "spectral_energyband_low": {
        "dmean": 1.85240805877e-05,
        "dmean2": 3.23502536048e-05,
        "dvar": 1.92682514388e-09,
        "dvar2": 6.485007642e-09,
        "max": 0.000306717382045,
        "mean": 2.03848048841e-05,
        "median": 6.22170182396e-06,
        "min": 5.21638071405e-07,
        "var": 1.72770464602e-09
    },
    "spectral_energyband_middle_high": {
        "dmean": 0.00112423626706,
        "dmean2": 0.00122318440117,
        "dvar": 8.82488802745e-06,
        "dvar2": 7.64273499954e-06,
        "max": 0.0339410454035,
        "mean": 0.00693516014144,
        "median": 0.00249263131991,
        "min": 4.12356712332e-07,
        "var": 0.000110943205073
    },
    "spectral_energyband_middle_low": {
        "dmean": 0.00291418819688,
        "dmean2": 0.0034677805379,
        "dvar": 2.08065666811e-05,
        "dvar2": 2.46797753789e-05,
        "max": 0.0603109076619,
        "mean": 0.0124803949147,
        "median": 0.00245810556225,
        "min": 3.42694124811e-06,
        "var": 0.000281669257674
    },
    "spectral_entropy": {
        "dmean": 0.351356655359,
        "dmean2": 0.404300302267,
        "dvar": 0.287643283606,
        "dvar2": 0.463302344084,
        "max": 8.19922733307,
        "mean": 5.31196546555,
        "median": 4.72125864029,
        "min": 3.04585456848,
        "var": 2.83095383644
    },
    "spectral_flux": {
        "dmean": 0.0129884704947,
        "dmean2": 0.0193807147443,
        "dvar": 0.000428594124969,
        "dvar2": 0.000651038659271,
        "max": 0.155812546611,
        "mean": 0.0261620115489,
        "median": 0.0192178916186,
        "min": 0.00202321424149,
        "var": 0.000790096877608
    },
    "spectral_kurtosis": {
        "dmean": 11.9467248917,
        "dmean2": 16.0603885651,
        "dvar": 225.750320435,
        "dvar2": 560.815124512,
        "max": 145.94519043,
        "mean": 40.8601570129,
        "median": 32.119556427,
        "min": 2.24517631531,
        "var": 1291.8885498
    },
    "spectral_rms": {
        "dmean": 0.00050986133283,
        "dmean2": 0.000593832752202,
        "dvar": 4.76925492876e-07,
        "dvar2": 5.05975435772e-07,
        "max": 0.0076782265678,
        "mean": 0.00370030081831,
        "median": 0.00401611393318,
        "min": 9.75636794465e-05,
        "var": 4.86159615321e-06
    },
    "spectral_rolloff": {
        "dmean": 520.14654541,
        "dmean2": 1008.18927002,
        "dvar": 3749895,
        "dvar2": 10930969,
        "max": 11886.328125,
        "mean": 995.497009277,
        "median": 732.12890625,
        "min": 86.1328125,
        "var": 2119093.5
    },
    "spectral_skewness": {
        "dmean": 0.764962255955,
        "dmean2": 1.10728406906,
        "dvar": 0.746610760689,
        "dvar2": 1.61248469353,
        "max": 10.1750440598,
        "mean": 4.75334310532,
        "median": 4.60391044617,
        "min": 1.49591624737,
        "var": 5.76146936417
    },
    "spectral_spread": {
        "dmean": 1060750.5,
        "dmean2": 1566248.75,
        "dvar": 3.12101987942e+12,
        "dvar2": 6.40752654746e+12,
        "max": 13793507,
        "mean": 3657084.25,
        "median": 2275395.5,
        "min": 545433.625,
        "var": 8.31980568576e+12
    },
    "spectral_strongpeak": {
        "dmean": 0.476731747389,
        "dmean2": 0.528800606728,
        "dvar": 0.476405501366,
        "dvar2": 0.501444578171,
        "max": 6.0932431221,
        "mean": 3.05462837219,
        "median": 3.20812630653,
        "min": 0.00313312141225,
        "var": 4.43982410431
    },
    "zerocrossingrate": {
        "dmean": 0.00775824673474,
        "dmean2": 0.0112908184528,
        "dvar": 0.000158126917086,
        "dvar2": 0.00032880762592,
        "max": 0.12255859375,
        "mean": 0.0452599152923,
        "median": 0.037109375,
        "min": 0.009765625,
        "var": 0.0005277734017
    },
    "barkbands": {
        "dmean": [5.19858588177e-07, 1.34003139465e-05, 3.4861734548e-06, 1.28054552988e-05, 5.59618238185e-05, 5.11793041369e-05, 2.11657170439e-05, 0.000691924185958, 0.00234202761203, 0.000906640372705, 9.81060584309e-05, 4.2048512114e-05, 0.000168657090398, 2.58724649029e-05, 4.67807421956e-06, 3.29367168206e-07, 2.28661110668e-06, 2.4384641506e-07, 7.69215876062e-06, 2.57392821368e-06, 3.59071782441e-06, 1.24352902731e-06, 2.71303770205e-06, 1.117181273e-05, 1.58130878845e-05, 2.90630850941e-05, 7.35497042115e-06],
        "dmean2": [9.67146320363e-07, 2.46138097282e-05, 5.53482459509e-06, 2.31975427596e-05, 0.000101501187601, 9.36376018217e-05, 3.66647764167e-05, 0.000874630350154, 0.00303012970835, 0.000912643794436, 0.000183740499779, 6.35107280686e-05, 0.000229753277381, 2.79587402474e-05, 7.87081535236e-06, 6.24104018243e-07, 3.32039417117e-06, 4.58451182794e-07, 1.25039459817e-05, 3.45230978382e-06, 4.63495052827e-06, 1.98821840058e-06, 4.59296370536e-06, 1.84974287549e-05, 2.96980124403e-05, 5.43754795217e-05, 1.42875687743e-05],
        "dvar": [1.73794702588e-12, 1.26802457423e-09, 5.96636906547e-11, 2.55670151716e-09, 4.85325983846e-08, 5.38899413982e-08, 8.48559267297e-09, 3.43201554642e-06, 1.49157658598e-05, 8.83100074134e-06, 1.37604203587e-07, 1.2198281496e-08, 2.21926342192e-07, 3.39498007484e-09, 1.95926039281e-10, 7.58828167403e-13, 2.56066973181e-11, 4.64694851609e-13, 2.11291248386e-10, 1.89409182783e-11, 5.14036729848e-11, 1.28270397776e-11, 5.51172545105e-11, 2.6192810143e-09, 5.57178569949e-09, 1.42734055686e-08, 9.40033828556e-10],
        "dvar2": [5.53248896348e-12, 4.17911172335e-09, 1.08813749677e-10, 7.2806445317e-09, 1.40174435614e-07, 1.55938266744e-07, 2.29509957705e-08, 6.22365132585e-06, 2.17391934711e-05, 7.58974920245e-06, 3.95293000111e-07, 2.55511167779e-08, 2.99621831346e-07, 4.68213245952e-09, 4.99189856118e-10, 2.07065354446e-12, 5.59957739898e-11, 1.30184643447e-12, 4.55680437828e-10, 3.64601647485e-11, 9.74871294801e-11, 2.91098048444e-11, 1.25612895086e-10, 6.94387303213e-09, 1.62125743941e-08, 4.13657765819e-08, 2.76816791711e-09],
        "max": [9.53094877332e-06, 0.000244368537096, 5.87588801864e-05, 0.000363980157999, 0.001524630934, 0.00166842679027, 0.000703188008629, 0.023149356246, 0.0372390821576, 0.0339177586138, 0.00311351311393, 0.000777831708547, 0.00595611566678, 0.000693790148944, 0.000118474883493, 6.17991008767e-06, 3.83708793379e-05, 4.20808419221e-06, 0.000107432824734, 3.32400704792e-05, 5.96090503677e-05, 3.26017579937e-05, 5.82494249102e-05, 0.000395193637814, 0.000513286038768, 0.000721019692719, 0.000168222919456],
        "mean": [4.66461642645e-07, 1.17203317131e-05, 5.1124957281e-06, 1.1456165339e-05, 4.85461205244e-05, 3.95668903366e-05, 1.75177719939e-05, 0.00265900976956, 0.0092060547322, 0.00590799422935, 0.000113600559416, 6.4116808062e-05, 0.000762374955229, 7.66811645008e-05, 8.01128862804e-06, 4.23705245112e-07, 4.59859893454e-06, 2.30975018667e-07, 1.5767500372e-05, 5.6526669141e-06, 5.32461217517e-06, 1.60455192599e-06, 4.96532038596e-06, 1.15594593808e-05, 1.25044871311e-05, 1.85489807336e-05, 4.29674264524e-06],
        "median": [1.22459113072e-07, 3.86472629543e-06, 1.31347189836e-06, 1.24965458781e-06, 3.61280672223e-06, 3.87612544728e-06, 2.15600061892e-06, 1.2777361917e-05, 0.000113263304229, 1.91494873434e-05, 4.11246583099e-06, 4.99291309097e-06, 1.10796117951e-05, 4.04386696573e-07, 3.31695264322e-06, 7.51315809566e-08, 1.97601571017e-06, 4.98920513792e-08, 2.11600536204e-06, 2.72965598924e-06, 3.99562566145e-07, 8.1094469806e-08, 2.33979037034e-07, 2.00312811671e-07, 1.09001476289e-07, 1.47691537222e-07, 1.32542538722e-07],
        "min": [8.79217232352e-09, 3.41718987329e-07, 6.45825508627e-08, 3.52132687453e-08, 1.8999293161e-07, 2.77957411754e-07, 1.83664170095e-07, 1.05243842086e-07, 3.68834349729e-08, 7.10517724656e-08, 3.39218502177e-08, 2.28658496582e-08, 3.93073449345e-08, 3.46816264596e-08, 1.66151554737e-08, 1.53873074282e-08, 3.05765155417e-08, 1.00426467142e-08, 1.71743863575e-08, 4.18174153083e-08, 1.96570351108e-08, 1.03570263477e-08, 7.61528529125e-09, 7.27801374723e-09, 6.95677160323e-09, 8.65320970433e-09, 5.79434411563e-09],
        "var": [1.42624508124e-12, 7.82766462759e-10, 1.24881410768e-10, 1.58383151039e-09, 2.93656992056e-08, 3.16762438501e-08, 5.87223514259e-09, 4.1391223931e-05, 0.000144665013067, 0.000117987015983, 1.4787289615e-07, 2.06400283531e-08, 2.4973460313e-06, 2.76772826879e-08, 2.57402599235e-10, 1.06015901353e-12, 4.32701166564e-11, 3.52433712639e-13, 6.20824391895e-10, 6.56733972759e-11, 1.11095174726e-10, 2.15567095424e-11, 1.47602916001e-10, 1.90996773952e-09, 3.27501270547e-09, 8.24513168851e-09, 5.13280085102e-10]
    },
    "erbbands": {
        "dmean": [0.000350024347426, 0.00308141601272, 0.00404909532517, 0.0226470287889, 0.133217155933, 0.181305393577, 0.323396712542, 0.406752854586, 0.266207516193, 0.921300172806, 36.4820213318, 49.9054794312, 24.644569397, 12.1612968445, 3.65338230133, 2.60360336304, 7.72532367706, 0.91811645031, 0.886407911777, 0.16728527844, 0.0281370580196, 0.125821188092, 0.0367529466748, 0.407535225153, 0.137078180909, 0.147798776627, 0.123640991747, 0.132741451263, 0.0577723234892, 0.0815751478076, 0.0744406282902, 0.133250340819, 0.255571842194, 0.0747366994619, 0.144067630172, 0.105923227966, 0.0600145272911, 0.0153726907447, 0.00121201190632, 4.16594630224e-05],
        "dmean2": [0.000648715009447, 0.00566258793697, 0.0070607024245, 0.0401481613517, 0.240067273378, 0.33269482851, 0.585078239441, 0.753703534603, 0.455504179001, 1.44767808914, 43.3995132446, 62.522895813, 24.4929275513, 13.6809797287, 6.52848768234, 3.62297701836, 10.6550655365, 1.02630269527, 1.05006825924, 0.243929579854, 0.0471004359424, 0.19168022275, 0.0585747994483, 0.656440854073, 0.230888456106, 0.201629459858, 0.157085821033, 0.167671948671, 0.0910346284509, 0.120068080723, 0.133384078741, 0.21013225615, 0.422597169876, 0.12942802906, 0.272917419672, 0.195306763053, 0.113089069724, 0.0297404453158, 0.00231256964616, 7.54085849621e-05],
        "dvar": [1.05436083686e-06, 6.02430991421e-05, 7.50545950723e-05, 0.00750424619764, 0.290663212538, 0.528114557266, 1.68606054783, 3.61244034767, 0.995115160942, 5.8215265274, 6148.74169922, 5976.54931641, 5408.58105469, 1247.16064453, 202.072921753, 24.796541214, 447.412445068, 1.99937522411, 3.17162680626, 0.127117738128, 0.00434086564928, 0.0788013190031, 0.00761277461424, 0.611628770828, 0.0773061513901, 0.0596594549716, 0.0736570507288, 0.09624132514, 0.024902952835, 0.0294649731368, 0.0514544956386, 0.210115477443, 1.65504097939, 0.0989517197013, 0.482559472322, 0.184392243624, 0.0718035697937, 0.00437174318358, 2.53059461102e-05, 2.34147332634e-08],
        "dvar2": [3.39540429195e-06, 0.000198926572921, 0.00018367433222, 0.0206262972206, 0.841593980789, 1.52194917202, 4.89121961594, 10.4220247269, 2.70210433006, 12.4372644424, 7818.23193359, 7779.34277344, 4471.08642578, 1299.85253906, 553.593688965, 36.9497337341, 615.155090332, 2.61004924774, 4.74890470505, 0.280409961939, 0.0112621868029, 0.162878081203, 0.0192241035402, 1.29013419151, 0.194807529449, 0.108563452959, 0.138767555356, 0.174594402313, 0.0549936331809, 0.0694513171911, 0.130482286215, 0.576281130314, 4.27484178543, 0.278024256229, 1.41285264492, 0.522032499313, 0.210711449385, 0.0128624830395, 7.38864837331e-05, 6.71616717796e-08],
        "max": [0.00724809197709, 0.0524418316782, 0.0595684982836, 0.667117834091, 3.80894112587, 5.0130777359, 8.99136924744, 13.8025474548, 7.75165224075, 24.9892024994, 1118.15136719, 794.099182129, 853.618164062, 386.553985596, 119.618972778, 52.4327354431, 266.542541504, 16.9322834015, 20.5068473816, 2.98626279831, 0.44520303607, 2.12223815918, 0.594606220722, 6.01937294006, 1.47763466835, 2.06854510307, 2.80537748337, 2.94549489021, 1.46588635445, 1.29211223125, 1.32811594009, 3.24684882164, 10.069814682, 2.15648460388, 4.76000070572, 2.27733540535, 1.75703501701, 0.419724971056, 0.0263037644327, 0.000904746586457],
        "mean": [0.000328713591443, 0.00263166660443, 0.0055839214474, 0.0223247930408, 0.130627259612, 0.1404517591, 0.241684421897, 0.315838605165, 0.318555891514, 3.75391387939, 157.602752686, 189.271224976, 158.192977905, 69.0596008301, 5.99421644211, 9.07102584839, 34.6568984985, 3.11169075966, 2.55410170555, 0.395285099745, 0.0536656230688, 0.252825081348, 0.0798905044794, 0.861123621464, 0.25674161315, 0.334819197655, 0.25260424614, 0.163473501801, 0.0803047195077, 0.114694267511, 0.122615784407, 0.205555990338, 0.213206410408, 0.0695456117392, 0.113171420991, 0.0736029148102, 0.0373859666288, 0.00866699684411, 0.000748270715121, 4.90897873533e-05],
        "median": [8.06936950539e-05, 0.0009254613542, 0.00195021403488, 0.00263485545292, 0.00839602481574, 0.00983087811619, 0.0153303882107, 0.0404855459929, 0.103919446468, 0.457518458366, 1.06053173542, 17.867937088, 18.8209724426, 1.38697326183, 1.00330257416, 2.04718351364, 1.20800852776, 0.645908176899, 0.313569277525, 0.257482498884, 0.0317499376833, 0.125223010778, 0.0271839872003, 0.137175187469, 0.087539575994, 0.148683577776, 0.0329185016453, 0.0110505130142, 0.00340838357806, 0.00778178917244, 0.00381789123639, 0.00435191346332, 0.00203906674869, 0.00102061463986, 0.000871380965691, 0.0005249355454, 0.000259121967247, 0.000113680674986, 2.76826012851e-05, 2.55414724961e-05],
        "min": [2.57779311141e-06, 6.29531641607e-05, 0.000164411845617, 0.000205866686883, 0.000242244699621, 0.000750491628423, 0.000762295734603, 0.00268216338009, 0.00233355606906, 0.00346222682856, 0.00210538692772, 0.00100829056464, 0.00225747516379, 0.00138117885217, 0.00142786663491, 0.00126074370928, 0.00217014132068, 0.00213859928772, 0.00150216941256, 0.00190102576744, 0.00222775409929, 0.00175763317384, 0.000875760742929, 0.00138359214179, 0.00125147448853, 0.00208835978992, 0.00192213209812, 0.000630750204436, 0.000421358941821, 0.000289434770821, 0.000238373118918, 0.000161283969646, 0.000114737464173, 7.87054814282e-05, 7.75466614868e-05, 3.55890661012e-05, 1.86192246474e-05, 4.40880057795e-06, 3.78553340852e-06, 1.20534559755e-06],
        "var": [7.33072397452e-07, 3.63094150089e-05, 0.00011958914547, 0.00534407794476, 0.179569900036, 0.316391289234, 0.992168366909, 2.14306211472, 0.751925945282, 50.0096435547, 91560.7890625, 55037.9179688, 74555.2890625, 14683.2792969, 212.081512451, 191.472488403, 4960.24951172, 17.9157810211, 24.9518432617, 0.231061264873, 0.00559135666117, 0.122798889875, 0.0118814762682, 1.88123476505, 0.136318936944, 0.252298086882, 0.229969546199, 0.17675255239, 0.0444156266749, 0.0709665864706, 0.0855239257216, 0.235480993986, 1.2313324213, 0.0698696896434, 0.276702642441, 0.115652389824, 0.0397118069232, 0.00234561646357, 1.44739133248e-05, 1.4921303304e-08]
    },
    "gfcc": {
        "mean": [-202.387420654, 74.2040939331, -124.176651001, -46.8364944458, -68.5623092651, 9.99857139587, 0.713525891304, 16.6662921906, -17.4524269104, -1.53557229042, -16.6831569672, -19.9131603241, -12.6272697449],
        "cov": [[7774.19775391, -1329.32287598, -1817.29406738, -1272.20043945, -1379.35827637, 759.773498535, -336.246307373, 61.6759643555, -829.728393555, 119.731033325, -48.4077911377, -15.5822496414, -348.840759277], [-1329.32287598, 1647.20422363, -116.220291138, -691.519897461, -28.2213764191, -476.121795654, 273.170593262, -13.9672250748, 377.533538818, -72.8166885376, -202.23487854, -444.840362549, -117.222587585], [-1817.29406738, -116.220291138, 2287.67089844, 1106.6763916, 602.108703613, -187.590118408, -731.145629883, -495.110229492, 42.8436317444, 346.876617432, -29.2309913635, 336.096618652, -35.0553398132], [-1272.20043945, -691.519897461, 1106.6763916, 1329.62341309, 562.940551758, 270.813964844, -269.68145752, -222.82220459, -230.846252441, -8.98079299927, 169.376144409, 398.342895508, 266.848297119], [-1379.35827637, -28.2213764191, 602.108703613, 562.940551758, 448.168243408, 12.7569904327, -24.0376300812, -82.1035232544, 14.3180732727, -51.67628479, 72.4108963013, 151.355148315, 150.78062439], [759.773498535, -476.121795654, -187.590118408, 270.813964844, 12.7569904327, 397.189483643, -39.04322052, -30.7231140137, -263.136077881, -39.0923271179, 106.458885193, 131.938934326, 84.9943847656], [-336.246307373, 273.170593262, -731.145629883, -269.68145752, -24.0376300812, -39.04322052, 552.197021484, 225.730819702, 30.7918052673, -294.558258057, 8.91908168793, -113.368423462, 176.759963989], [61.6759643555, -13.9672250748, -495.110229492, -222.82220459, -82.1035232544, -30.7231140137, 225.730819702, 240.490066528, 96.1900634766, -98.0946426392, 26.9399681091, -52.8375854492, 64.0862426758], [-829.728393555, 377.533538818, 42.8436317444, -230.846252441, 14.3180732727, -263.136077881, 30.7918052673, 96.1900634766, 371.434417725, 119.205535889, -48.9507827759, -129.71697998, -98.7776794434], [119.731033325, -72.8166885376, 346.876617432, -8.98079299927, -51.67628479, -39.0923271179, -294.558258057, -98.0946426392, 119.205535889, 323.365570068, -19.2417106628, 1.10915386677, -229.871078491], [-48.4077911377, -202.23487854, -29.2309913635, 169.376144409, 72.4108963013, 106.458885193, 8.91908168793, 26.9399681091, -48.9507827759, -19.2417106628, 90.0007705688, 77.8012161255, 42.4497032166], [-15.5822496414, -444.840362549, 336.096618652, 398.342895508, 151.355148315, 131.938934326, -113.368423462, -52.8375854492, -129.71697998, 1.10915386677, 77.8012161255, 246.562332153, 97.9072036743], [-348.840759277, -117.222587585, -35.0553398132, 266.848297119, 150.78062439, 84.9943847656, 176.759963989, 64.0862426758, -98.7776794434, -229.871078491, 42.4497032166, 97.9072036743, 315.937744141]],
        "icov": [[0.00116355449427, 0.000568353862036, -0.000381811609259, 0.00160822458565, 0.00219019688666, -0.001669222489, 0.000964948441833, -0.00050929695135, 0.00164977938402, 0.000343122548657, 0.000284091656795, -0.000268152361969, -0.000127486127894], [0.000568353862036, 0.00312869460322, -0.00121828902047, 0.00241318787448, 0.0002356365585, -0.00100033660419, -0.000744581047911, 0.00270263128914, -0.00114187679719, 0.00210790662095, -0.000646264001261, 0.00376873742789, -0.000264412141405], [-0.000381811609259, -0.00121828902047, 0.00598776526749, -0.00332556548528, -0.00417830934748, 0.00564310699701, 0.00333026843145, 0.00245369202457, 0.00103868625592, -0.00374195701443, 0.0044674500823, -0.00381882698275, -0.00109998916741], [0.00160822458565, 0.00241318787448, -0.00332556548528, 0.00797775108367, 0.000936606957112, -0.00457373913378, 0.000401313329348, 0.000945196952671, 0.00189310486894, 0.00119751878083, -0.00453379144892, 0.00179426930845, -0.00255261175334], [0.00219019688666, 0.0002356365585, -0.00417830934748, 0.000936606957112, 0.0156965684146, -0.00593651272357, -0.00134169065859, 0.000786031363532, -0.0021085543558, 0.00529073970392, -0.0059738564305, -0.00158047687728, 0.000430786603829], [-0.001669222489, -0.00100033660419, 0.00564310699701, -0.00457373913378, -0.00593651272357, 0.0150654660538, 0.00134583271574, 0.00288719427772, 0.0045917709358, -0.00718087377027, -0.00384582392871, -0.000364674808225, -0.00344270165078], [0.000964948441833, -0.000744581047911, 0.00333026843145, 0.000401313329348, -0.00134169065859, 0.00134583271574, 0.00953924562782, -0.00265725282952, 0.00245811790228, 0.00207086373121, 0.00212691468187, -0.0014347715769, -0.00126587820705], [-0.00050929695135, 0.00270263128914, 0.00245369202457, 0.000945196952671, 0.000786031363532, 0.00288719427772, -0.00265725282952, 0.0203612409532, -0.00953426212072, 0.00274981651455, -0.00792227406055, 7.43852069718e-05, -0.0038197718095], [0.00164977938402, -0.00114187679719, 0.00103868625592, 0.00189310486894, -0.0021085543558, 0.0045917709358, 0.00245811790228, -0.00953426212072, 0.0175747554749, -0.0106212003157, 0.00125408242457, 0.0014243144542, -0.0025990260765], [0.000343122548657, 0.00210790662095, -0.00374195701443, 0.00119751878083, 0.00529073970392, -0.00718087377027, 0.00207086373121, 0.00274981651455, -0.0106212003157, 0.0205228980631, -0.00121115823276, 0.000201015995117, 0.00913659483194], [0.000284091656795, -0.000646264001261, 0.0044674500823, -0.00453379144892, -0.0059738564305, -0.00384582392871, 0.00212691468187, -0.00792227406055, 0.00125408242457, -0.00121115823276, 0.0357622876763, -0.00784551538527, 0.00583867635578], [-0.000268152361969, 0.00376873742789, -0.00381882698275, 0.00179426930845, -0.00158047687728, -0.000364674808225, -0.0014347715769, 7.43852069718e-05, 0.0014243144542, 0.000201015995117, -0.00784551538527, 0.0181519631296, -0.00317643443123], [-0.000127486127894, -0.000264412141405, -0.00109998916741, -0.00255261175334, 0.000430786603829, -0.00344270165078, -0.00126587820705, -0.0038197718095, -0.0025990260765, 0.00913659483194, 0.00583867635578, -0.00317643443123, 0.013198797591]]
    },
    "melbands": {
        "dmean": [3.55124484486e-06, 2.84589737021e-06, 6.77879188515e-06, 1.23579420688e-05, 1.01750738395e-05, 9.06902823772e-06, 4.14513124269e-06, 9.26218126551e-06, 0.000419872842031, 0.000264387781499, 0.000127979365061, 6.69387882226e-05, 1.2331207472e-05, 3.2185305372e-06, 1.99906044145e-05, 8.99455608305e-06, 1.61722550729e-06, 2.04127763936e-06, 3.72210621435e-07, 6.79914506918e-08, 2.7446899864e-08, 1.43313144463e-07, 7.38760022045e-08, 1.06876267836e-08, 3.88699078258e-07, 2.12053393511e-07, 4.70803627195e-08, 1.22435707794e-07, 6.69118378482e-08, 1.07511318959e-07, 5.79105154941e-08, 2.56000021182e-08, 3.08262784188e-08, 6.38929975594e-08, 3.89687393465e-08, 4.12693808016e-08, 1.08316804415e-07, 2.06392172686e-07, 8.69605258913e-08, 5.35879216557e-08],
        "dmean2": [6.54019595459e-06, 5.01642762174e-06, 1.16939554573e-05, 2.26088304771e-05, 1.84112577699e-05, 1.67283669725e-05, 7.18581304682e-06, 1.51035210365e-05, 0.000502098002471, 0.000336774537573, 0.000124402315123, 7.26990110707e-05, 2.29690249398e-05, 4.93951029057e-06, 2.71475164482e-05, 1.26300446937e-05, 1.71842884811e-06, 2.3140655685e-06, 6.12365170127e-07, 9.73489946432e-08, 5.24408569902e-08, 2.27094758998e-07, 1.12519870754e-07, 2.01951095846e-08, 6.26308235496e-07, 3.48718714349e-07, 8.4501955655e-08, 1.63699695577e-07, 8.65904041802e-08, 1.49639774349e-07, 7.98389478973e-08, 4.29377102762e-08, 4.52267379103e-08, 9.42129858572e-08, 7.15401000662e-08, 7.39858734278e-08, 1.70423092527e-07, 3.40757225104e-07, 1.51054578623e-07, 9.31752524025e-08],
        "dvar": [9.50220874207e-11, 4.21351148416e-11, 6.75667244376e-10, 2.59458721175e-09, 1.62349067523e-09, 1.7414518716e-09, 2.89040291701e-10, 8.32495739012e-10, 6.8386498242e-07, 1.71665817561e-07, 1.67171705812e-07, 4.14719920627e-08, 2.55322918363e-09, 8.99637794816e-11, 2.50812925984e-09, 5.64520485913e-10, 1.17053181384e-11, 1.97006612412e-11, 1.32280991716e-12, 1.37200075926e-14, 7.1046637574e-15, 1.00431957943e-13, 5.188170992e-14, 1.09022648256e-15, 5.66466307455e-13, 1.60593109991e-13, 3.736623844e-14, 4.71362823719e-14, 2.5752693367e-14, 6.49337422482e-14, 1.96931280826e-14, 4.81113612898e-15, 9.8109192008e-15, 2.21821039049e-14, 1.81280043196e-14, 1.40478618592e-14, 1.27621857852e-13, 1.04037470913e-12, 1.93483751698e-13, 4.05210431452e-14],
        "dvar2": [3.10251296876e-10, 1.3072926075e-10, 1.90583704374e-09, 7.5351591633e-09, 4.67352778699e-09, 5.01184738155e-09, 7.79359132785e-10, 2.1549797502e-09, 8.58804071413e-07, 2.28103232303e-07, 1.39556831869e-07, 3.95566424061e-08, 7.0419057252e-09, 1.35974689841e-10, 3.30837224283e-09, 8.01547939133e-10, 1.505267265e-11, 2.84695132052e-11, 2.99933298684e-12, 3.19514583519e-14, 2.15498903715e-14, 2.0110917597e-13, 1.30201594948e-13, 3.11441796255e-15, 1.19611330389e-12, 3.62788602328e-13, 1.1117829205e-13, 7.64802378871e-14, 4.95996777992e-14, 1.4048313836e-13, 3.65198898954e-14, 1.06541235591e-14, 2.314955275e-14, 5.14284049916e-14, 4.97575037542e-14, 3.15945627137e-14, 3.54717882671e-13, 2.6795182826e-12, 5.22979934098e-13, 1.10747463988e-13],
        "max": [6.76458512316e-05, 4.69111982966e-05, 0.000192984109162, 0.000355755124474, 0.000279467698419, 0.000302996515529, 0.000129881664179, 0.000232369799051, 0.0115614477545, 0.00426477473229, 0.00471032969654, 0.00227810349315, 0.000425516918767, 8.80451261764e-05, 0.00063440145459, 0.00029786140658, 4.31903426943e-05, 5.14144085173e-05, 9.88454939943e-06, 7.97056031843e-07, 6.06897629041e-07, 2.25777921514e-06, 1.50138203026e-06, 2.26495814104e-07, 5.79058587391e-06, 2.68013923233e-06, 1.34232493565e-06, 1.97181975636e-06, 1.54548388309e-06, 2.15005889004e-06, 1.15121747513e-06, 5.89704370668e-07, 9.61235969044e-07, 1.14850490718e-06, 9.00016516425e-07, 8.46040393299e-07, 2.44400553129e-06, 7.99135341367e-06, 3.34400715474e-06, 1.2010680166e-06],
        "mean": [3.15187639899e-06, 3.2005873436e-06, 6.89627222528e-06, 1.07064679469e-05, 7.65325330576e-06, 7.06971104592e-06, 3.70264069716e-06, 1.29891486722e-05, 0.0018084946787, 0.000978015945293, 0.000829832744785, 0.00039644096978, 1.47589844346e-05, 5.99195800532e-06, 8.59035571921e-05, 3.87303734897e-05, 4.591438028e-06, 5.96327936364e-06, 6.76768252106e-07, 1.57175563231e-07, 2.95945330464e-08, 2.72131984502e-07, 1.6472176867e-07, 9.98499860572e-09, 8.23982588827e-07, 4.16423517891e-07, 5.74592675662e-08, 2.78771011608e-07, 1.34212569947e-07, 1.44338770269e-07, 6.660062013e-08, 3.32213900833e-08, 4.0647268662e-08, 8.76877095379e-08, 5.55894814624e-08, 6.70060771313e-08, 1.70904712604e-07, 1.69492878399e-07, 6.34734931282e-08, 5.83555603839e-08],
        "median": [8.80422987848e-07, 1.25936583117e-06, 7.21586047803e-07, 6.23112441644e-07, 4.28650423601e-07, 6.7112182478e-07, 6.13403585703e-07, 8.43107784476e-07, 8.84046494321e-06, 1.77361507667e-05, 9.97606821329e-06, 1.67423365838e-06, 5.29805902261e-07, 3.62164115586e-07, 7.72634757595e-06, 5.5437226365e-07, 6.94106105925e-08, 1.22562880733e-07, 2.36826636524e-07, 7.7091243611e-08, 5.959964966e-09, 1.7537333008e-07, 8.23818790963e-09, 2.24546425898e-09, 1.26701777958e-07, 4.40078373742e-08, 5.94901505835e-09, 1.07191780785e-07, 2.24383036596e-08, 8.84322304273e-09, 4.06210531878e-09, 1.48222090157e-09, 1.64639202271e-09, 4.24133705934e-09, 2.63120591981e-09, 1.30002508758e-09, 4.07901223909e-09, 1.60865876175e-09, 8.69659122493e-10, 7.12918113432e-10],
        "min": [6.10008612512e-08, 1.26376136222e-07, 3.62544128052e-08, 1.94947311627e-08, 1.35555833225e-08, 5.61849518022e-08, 4.48611778836e-08, 1.91633624524e-08, 1.7028522592e-08, 4.89845497498e-09, 1.14841736121e-08, 5.83648818164e-09, 4.76404204974e-09, 3.70644626102e-09, 2.71244871008e-09, 4.41822312069e-09, 2.9590458972e-09, 2.82023471243e-09, 1.23183441225e-09, 1.49594492349e-09, 9.47944278629e-10, 1.97077909547e-09, 6.79673206605e-10, 4.7125670033e-10, 1.14795872808e-09, 7.90706500275e-10, 3.36032646153e-10, 5.92084270501e-10, 1.27516064374e-09, 5.68123881273e-10, 2.15571241413e-10, 2.25838403534e-10, 1.0383930521e-10, 1.35289834891e-10, 1.2461942589e-10, 1.00803504433e-10, 9.1918875289e-11, 8.97351151719e-11, 4.52662109185e-11, 4.22112587939e-11],
        "var": [6.0902838328e-11, 3.94854045294e-11, 4.54462051325e-10, 1.53924029078e-09, 9.75672098669e-10, 1.03919561845e-09, 2.04734215692e-10, 1.07942277339e-09, 9.81194807537e-06, 1.55897851073e-06, 2.31718422583e-06, 5.1204870033e-07, 2.70531219648e-09, 2.21903495579e-10, 2.79358651767e-08, 6.18703621669e-09, 9.98706534139e-11, 1.5844804635e-10, 2.19847664379e-12, 3.39779880664e-14, 6.28607714113e-15, 1.37894537911e-13, 1.12987141073e-13, 7.41908694022e-16, 1.74142156858e-12, 4.20179461971e-13, 2.42333466526e-14, 2.24195811113e-13, 7.36928896269e-14, 1.016466574e-13, 3.45286035278e-14, 7.88050231489e-15, 1.70259670213e-14, 5.48504756968e-14, 1.88851281076e-14, 2.95366995565e-14, 1.55059586048e-13, 7.7874452763e-13, 1.31122827982e-13, 3.81115325659e-14]
    },
    "mfcc": {
        "mean": [-880.107971191, 130.96585083, -0.913344681263, -27.5887699127, -32.9084739685, -6.3064289093, 14.03520298, 4.75193881989, 7.17901277542, 23.7809047699, -0.562617540359, -2.02700400352, -14.0866527557],
        "cov": [[7732.87939453, -530.745422363, -774.959655762, -1907.41662598, -1282.90405273, -138.517501831, 326.551422119, -132.141586304, -642.719543457, -61.7868881226, -276.809143066, 177.048828125, -510.707885742], [-530.745422363, 1118.24572754, 95.7164382935, -134.746856689, -160.003555298, -282.989379883, -249.729064941, -135.973571777, 176.271102905, 21.1333198547, 270.100402832, 147.86807251, -12.1285018921], [-774.959655762, 95.7164382935, 799.13092041, 494.539031982, 477.041046143, 137.986602783, -195.527557373, -214.220840454, -63.1177520752, -304.287139893, 133.423690796, 198.19418335, 208.933898926], [-1907.41662598, -134.746856689, 494.539031982, 809.882263184, 549.292175293, 178.422119141, -30.5051403046, -16.7417240143, 60.3677024841, -155.352172852, 7.30483198166, -53.1274681091, 174.662811279], [-1282.90405273, -160.003555298, 477.041046143, 549.292175293, 630.212036133, 251.146621704, -15.3900413513, -21.634595871, -20.0803642273, -166.536849976, -54.0931625366, -108.664756775, 182.495574951], [-138.517501831, -282.989379883, 137.986602783, 178.422119141, 251.146621704, 319.969177246, 158.753890991, 30.7293624878, -110.993301392, -78.1839599609, -155.431289673, -167.43661499, 19.2901325226], [326.551422119, -249.729064941, -195.527557373, -30.5051403046, -15.3900413513, 158.753890991, 273.618255615, 120.339584351, -62.0378265381, 46.3382606506, -231.019683838, -300.620941162, -98.1638259888], [-132.141586304, -135.973571777, -214.220840454, -16.7417240143, -21.634595871, 30.7293624878, 120.339584351, 157.288253784, 31.8650951385, 88.6305847168, -99.2266387939, -188.414123535, -31.6171340942], [-642.719543457, 176.271102905, -63.1177520752, 60.3677024841, -20.0803642273, -110.993301392, -62.0378265381, 31.8650951385, 204.376968384, 82.8841552734, 21.3848209381, -52.1905097961, 8.56856918335], [-61.7868881226, 21.1333198547, -304.287139893, -155.352172852, -166.536849976, -78.1839599609, 46.3382606506, 88.6305847168, 82.8841552734, 204.488754272, -5.96989393234, -62.6226119995, -60.2694511414], [-276.809143066, 270.100402832, 133.423690796, 7.30483198166, -54.0931625366, -155.431289673, -231.019683838, -99.2266387939, 21.3848209381, -5.96989393234, 308.365966797, 381.447784424, 80.2101821899], [177.048828125, 147.86807251, 198.19418335, -53.1274681091, -108.664756775, -167.43661499, -300.620941162, -188.414123535, -52.1905097961, -62.6226119995, 381.447784424, 755.307556152, 116.486503601], [-510.707885742, -12.1285018921, 208.933898926, 174.662811279, 182.495574951, 19.2901325226, -98.1638259888, -31.6171340942, 8.56856918335, -60.2694511414, 80.2101821899, 116.486503601, 142.678329468]],
