{
"lowlevel": {
    "average_loudness": 0.940410137177,
    "barkbands_crest": {
        "dmean": 2.43444490433,
        "dmean2": 4.59192657471,
        "dvar": 5.1249704361,
        "dvar2": 15.9974718094,
        "max": 19.1897506714,
        "mean": 13.5791683197,
        "median": 13.3876972198,
        "min": 8.03797721863,
        "var": 5.17792081833
    },
    "barkbands_flatness_db": {
        "dmean": 0.0183813292533,
        "dmean2": 0.032780520618,
        "dvar": 0.000237229207414,
        "dvar2": 0.000662804290187,
        "max": 0.330236285925,
        "mean": 0.230044484138,
        "median": 0.218430608511,
        "min": 0.119109965861,
        "var": 0.00232909666374
    },
    "barkbands_kurtosis": {
        "dmean": 4.26362609863,
        "dmean2": 7.81637859344,
        "dvar": 35.430103302,
        "dvar2": 110.648780823,
        "max": 45.8433761597,
        "mean": 10.7649278641,
        "median": 10.2088537216,
        "min": -0.940177679062,
        "var": 106.888725281
    },
    "barkbands_skewness": {
        "dmean": 0.479354411364,
        "dmean2": 0.875240623951,
        "dvar": 0.234244957566,
        "dvar2": 0.718594551086,
        "max": 4.97211456299,
        "mean": 1.86053538322,
        "median": 2.1736369133,
        "min": -0.600412130356,
        "var": 1.69568121433
    },
    "barkbands_spread": {
        "dmean": 1.2082606554,
        "dmean2": 2.17626667023,
        "dvar": 1.52489161491,
        "dvar2": 4.44342565536,
        "max": 13.2146701813,
        "mean": 6.49204587936,
        "median": 6.48331069946,
        "min": 3.56765270233,
        "var": 1.50136494637
    },
    "dissonance": {
        "dmean": 0.0525856465101,
        "dmean2": 0.0937773957849,
        "dvar": 0.00473046069965,
        "dvar2": 0.00767584238201,
        "max": 0.469097882509,
        "mean": 0.40171867609,
        "median": 0.438847661018,
        "min": 0.197374746203,
        "var": 0.00574278179556
    },
    "dynamic_complexity": 4.03038978577,
    "erbbands_crest": {
        "dmean": 1.36089968681,
        "dmean2": 2.31036329269,
        "dvar": 1.18041217327,
        "dvar2": 3.72188782692,
        "max": 20.4256229401,
        "mean": 13.0885753632,
        "median": 11.3153266907,
        "min": 6.23461437225,
        "var": 21.8725986481
    },
    "erbbands_flatness_db": {
        "dmean": 0.0108690122142,
        "dmean2": 0.0186748523265,
        "dvar": 9.25650529098e-05,
        "dvar2": 0.000229852405027,
        "max": 0.347189873457,
        "mean": 0.209334075451,
        "median": 0.178722053766,
        "min": 0.0923917964101,
        "var": 0.00449618557468
    },
    "erbbands_kurtosis": {
        "dmean": 0.846430242062,
        "dmean2": 1.47976744175,
        "dvar": 0.640243709087,
        "dvar2": 1.8122150898,
        "max": 7.09264659882,
        "mean": 2.57918071747,
        "median": 2.08235549927,
        "min": -0.178492069244,
        "var": 2.42951512337
    },
    "erbbands_skewness": {
        "dmean": 0.241613343358,
        "dmean2": 0.418093204498,
        "dvar": 0.0494362339377,
        "dvar2": 0.155395120382,
        "max": 2.27546572685,
        "mean": 0.398090720177,
        "median": 0.776571154594,
        "min": -2.02764606476,
        "var": 1.29661071301
    },
    "erbbands_spread": {
        "dmean": 1.81085467339,
        "dmean2": 2.9296245575,
        "dvar": 4.94605207443,
        "dvar2": 8.06245803833,
        "max": 42.6934890747,
        "mean": 16.6777629852,
        "median": 18.443145752,
        "min": 5.01443099976,
        "var": 41.3889312744
    },
    "hfc": {
        "dmean": 1.16169810295,
        "dmean2": 1.74190747738,
        "dvar": 6.58494091034,
        "dvar2": 10.7281084061,
        "max": 59.287311554,
        "mean": 9.72210216522,
        "median": 3.31794285774,
        "min": 0.032788708806,
        "var": 132.09487915
    },
    "melbands_crest": {
        "dmean": 3.20821905136,
        "dmean2": 6.00863075256,
        "dvar": 7.65624094009,
        "dvar2": 23.6985683441,
        "max": 24.5370349884,
        "mean": 17.9263343811,
        "median": 18.2564239502,
        "min": 10.0935306549,
        "var": 10.3061447144
    },
    "melbands_flatness_db": {
        "dmean": 0.0193097665906,
        "dmean2": 0.0346913784742,
        "dvar": 0.000316066725645,
        "dvar2": 0.000913708528969,
        "max": 0.412279218435,
        "mean": 0.340634167194,
        "median": 0.338302314281,
        "min": 0.229475840926,
        "var": 0.00150851043873
    },
    "melbands_kurtosis": {
        "dmean": 3.16639637947,
        "dmean2": 5.57605886459,
        "dvar": 21.1360454559,
        "dvar2": 69.9314117432,
        "max": 29.8247642517,
        "mean": 6.95461273193,
        "median": 7.31036281586,
        "min": -1.67861568928,
        "var": 57.4202842712
    },
    "melbands_skewness": {
        "dmean": 0.328170865774,
        "dmean2": 0.594593942165,
        "dvar": 0.14430372417,
        "dvar2": 0.451405614614,
        "max": 3.75226354599,
        "mean": 1.67802643776,
        "median": 1.98055589199,
        "min": -0.181081816554,
        "var": 0.766661882401
    },
    "melbands_spread": {
        "dmean": 1.33549630642,
        "dmean2": 2.44995641708,
        "dvar": 1.78715765476,
        "dvar2": 5.93835544586,
        "max": 14.4387636185,
        "mean": 8.49363422394,
        "median": 7.03202104568,
        "min": 3.12741303444,
        "var": 11.9569482803
    },
    "pitch_salience": {
        "dmean": 0.0392600223422,
        "dmean2": 0.0682699158788,
        "dvar": 0.00127292075194,
        "dvar2": 0.003625204321,
        "max": 0.700986325741,
        "mean": 0.518986523151,
        "median": 0.509815096855,
        "min": 0.371664047241,
        "var": 0.00665962928906
    },
    "silence_rate_20dB": {
        "dmean": 0,
        "dmean2": 0,
        "dvar": 0,
        "dvar2": 0,
        "max": 1,
        "mean": 1,
        "median": 1,
        "min": 1,
        "var": 0
    },
    "silence_rate_30dB": {
        "dmean": 0,
        "dmean2": 0,
        "dvar": 0,
        "dvar2": 0,
        "max": 1,
        "mean": 1,
        "median": 1,
        "min": 1,
        "var": 0
    },
    "silence_rate_60dB": {
        "dmean": 0.00833333376795,
        "dmean2": 0.00840336177498,
        "dvar": 0.00826388876885,
        "dvar2": 0.00833274517208,
        "max": 1,
        "mean": 0.00826446246356,
        "median": 0,
        "min": 0,
        "var": 0.00819616112858
    },
    "spectral_centroid": {
        "dmean": 36.9682846069,
        "dmean2": 67.7853622437,
        "dvar": 1323.71789551,
        "dvar2": 4412.79541016,
        "max": 668.419616699,
        "mean": 422.934356689,
        "median": 384.675018311,
        "min": 285.753509521,
        "var": 7763.53613281
    },
    "spectral_complexity": {
        "dmean": 1.15833330154,
        "dmean2": 2.05042028427,
        "dvar": 1.01659786701,
        "dvar2": 2.23275232315,
        "max": 11,
        "mean": 7.23140478134,
        "median": 7,
        "min": 0,
        "var": 3.15306258202
    },
    "spectral_decrease": {
        "dmean": 8.8529106268e-10,
        "dmean2": 1.47864054334e-09,
        "dvar": 1.22586409022e-18,
        "dvar2": 2.61233150021e-18,
        "max": -1.76350982428e-11,
        "mean": -5.25958032682e-09,
        "median": -2.78215050997e-09,
        "min": -2.35586252728e-08,
        "var": 2.41527540617e-17
    },
    "spectral_energy": {
        "dmean": 0.00344101106748,
        "dmean2": 0.0057105300948,
        "dvar": 1.92070256162e-05,
        "dvar2": 4.03760859626e-05,
        "max": 0.0942930653691,
        "mean": 0.0207326952368,
        "median": 0.0107952235267,
        "min": 6.95330891176e-05,
        "var": 0.000383449572837
    },
    "spectral_energyband_high": {
        "dmean": 4.88579735247e-06,
        "dmean2": 8.79322305991e-06,
        "dvar": 1.31377048129e-10,
        "dvar2": 3.7130176711e-10,
        "max": 0.000109478984086,
        "mean": 2.44525454036e-05,
        "median": 2.31295580306e-05,
        "min": 1.12952477593e-06,
        "var": 8.70608585224e-11
    },
    "spectral_energyband_low": {
        "dmean": 0.00121400365606,
        "dmean2": 0.00216415408067,
        "dvar": 1.43017098253e-06,
        "dvar2": 4.58529711977e-06,
        "max": 0.00822611991316,
        "mean": 0.00173843291122,
        "median": 0.00151737825945,
        "min": 1.56996466103e-05,
        "var": 1.75772322564e-06
    },
    "spectral_energyband_middle_high": {
        "dmean": 0.000971434696112,
        "dmean2": 0.00131524179596,
        "dvar": 8.14930808701e-06,
        "dvar2": 1.29427335196e-05,
        "max": 0.0594467222691,
        "mean": 0.00723549677059,
        "median": 0.000951554568019,
        "min": 3.18928982779e-06,
        "var": 0.000123596561025
    },
    "spectral_energyband_middle_low": {
        "dmean": 0.00236593279988,
        "dmean2": 0.00434628268704,
        "dvar": 7.46537443774e-06,
        "dvar2": 2.352482079e-05,
        "max": 0.0375340022147,
        "mean": 0.0120633430779,
        "median": 0.00739803072065,
        "min": 4.8946498282e-05,
        "var": 9.16188946576e-05
    },
    "spectral_entropy": {
        "dmean": 0.15106908977,
        "dmean2": 0.27059340477,
        "dvar": 0.0230530742556,
        "dvar2": 0.0568308755755,
        "max": 7.18366765976,
        "mean": 6.33510255814,
        "median": 6.52753973007,
        "min": 5.33258628845,
        "var": 0.292812675238
    },
    "spectral_flux": {
        "dmean": 0.0113146519288,
        "dmean2": 0.0160206928849,
        "dvar": 0.000198287991225,
        "dvar2": 0.000230056975852,
        "max": 0.240900292993,
        "mean": 0.0398398675025,
        "median": 0.0351859033108,
        "min": 0.0191681776196,
        "var": 0.000548771524336
    },
    "spectral_kurtosis": {
        "dmean": 2.25892853737,
        "dmean2": 3.68936181068,
        "dvar": 7.11073827744,
        "dvar2": 16.4842853546,
        "max": 45.4890632629,
        "mean": 16.4629497528,
        "median": 12.8327655792,
        "min": 7.42534446716,
        "var": 62.73097229
    },
    "spectral_rms": {
        "dmean": 0.000420024560299,
        "dmean2": 0.000715194444638,
        "dvar": 1.44067470842e-07,
        "dvar2": 3.77299670618e-07,
        "max": 0.00959131028503,
        "mean": 0.00407227920368,
        "median": 0.0032452926971,
        "min": 0.000260455679381,
        "var": 3.64355446436e-06
    },
    "spectral_rolloff": {
        "dmean": 45.2197265625,
        "dmean2": 88.1232757568,
        "dvar": 7561.05712891,
        "dvar2": 22147.4199219,
        "max": 861.328125,
        "mean": 583.531982422,
        "median": 409.130859375,
        "min": 236.865234375,
        "var": 53023.5039062
    },
    "spectral_skewness": {
        "dmean": 0.228523343801,
        "dmean2": 0.37744101882,
        "dvar": 0.0579740256071,
        "dvar2": 0.142879515886,
        "max": 5.31852245331,
        "mean": 3.37236404419,
        "median": 3.0969171524,
        "min": 2.28733921051,
        "var": 0.537347376347
    },
    "spectral_spread": {
        "dmean": 323184.625,
        "dmean2": 535529.25,
        "dvar": 223848923136,
        "dvar2": 399014658048,
        "max": 9268816,
        "mean": 3950513.75,
        "median": 4160778.25,
        "min": 1753170.625,
        "var": 1.16380860416e+12
    },
    "spectral_strongpeak": {
        "dmean": 0.224942579865,
        "dmean2": 0.359761148691,
        "dvar": 0.46259650588,
        "dvar2": 0.716843485832,
        "max": 8.02562904358,
        "mean": 0.821761608124,
        "median": 0.57440507412,
        "min": 0.0106482841074,
        "var": 1.35128247738
    },
    "zerocrossingrate": {
        "dmean": 0.00434163399041,
        "dmean2": 0.00645844265819,
        "dvar": 1.88422036445e-05,
        "dvar2": 2.67406958301e-05,
        "max": 0.0595703125,
        "mean": 0.0315889716148,
        "median": 0.03173828125,
        "min": 0.01171875,
        "var": 4.02152691095e-05
    },
    "barkbands": {
        "dmean": [5.51118137082e-05, 0.00102555402555, 0.000355787051376, 0.000156516893185, 0.00232292502187, 0.000172172367456, 0.000102303754829, 4.27710037911e-05, 4.57031819678e-05, 0.000989737920463, 2.18917211896e-05, 7.04751710146e-06, 6.635911177e-06, 4.29586998507e-06, 1.46268948811e-05, 2.07924244933e-06, 1.07651248982e-06, 7.29492114715e-07, 1.07347295852e-06, 1.09937309389e-06, 1.07551750261e-06, 7.54428469918e-07, 6.94919492616e-07, 7.54026928007e-07, 6.62626689518e-07, 1.23703705412e-06, 1.71806800608e-06],
        "dmean2": [0.000102307858469, 0.00187887961511, 0.000606001995038, 0.000270392658422, 0.00429901527241, 0.000281617132714, 0.000161393356393, 7.39104580134e-05, 6.55582116451e-05, 0.00133523158729, 3.13901800837e-05, 1.02744897958e-05, 1.08748745333e-05, 7.36466108719e-06, 1.58648454089e-05, 3.36317680194e-06, 1.84422913208e-06, 1.18962122997e-06, 1.90797027244e-06, 1.82510541435e-06, 1.81900463758e-06, 1.34908987093e-06, 1.26162353808e-06, 1.34800563956e-06, 1.2004046539e-06, 2.13923044612e-06, 2.85076998807e-06],
        "dvar": [2.07351491532e-09, 1.12831605747e-06, 1.4041761176e-07, 3.34236816002e-08, 7.91099228081e-06, 3.18930126753e-08, 1.39940263821e-08, 3.2595675048e-09, 2.76728862048e-08, 8.64493085828e-06, 9.00100260992e-09, 3.4456168474e-10, 1.53374299372e-10, 2.98482800976e-11, 2.84197915201e-10, 8.57836197909e-12, 1.15192187386e-12, 9.5129958598e-13, 1.06803520021e-12, 1.77250737959e-12, 4.43996011831e-12, 2.45856308402e-12, 3.08761588345e-12, 3.64962834259e-12, 2.59429066771e-12, 8.55338369576e-12, 2.0258655864e-12],
        "dvar2": [6.35413499595e-09, 3.68232599612e-06, 3.94970555817e-07, 7.265172286e-08, 2.42546211666e-05, 6.03222289897e-08, 2.76284719547e-08, 4.43286207741e-09, 2.33978543207e-08, 1.37165807246e-05, 9.50146983314e-09, 3.64137275888e-10, 2.39544967195e-10, 9.9088043326e-11, 2.94435587023e-10, 1.74824946186e-11, 2.88003561971e-12, 1.89545796593e-12, 2.99141527521e-12, 4.85136540315e-12, 1.21703975023e-11, 7.18474802222e-12, 9.06700322462e-12, 1.05119194599e-11, 7.76262474439e-12, 2.50217537662e-11, 4.17673578015e-12],
        "max": [0.000251192861469, 0.00709925452247, 0.00205533206463, 0.00156882079318, 0.0312065612525, 0.00348294619471, 0.00123063300271, 0.000665780447889, 0.0022049297113, 0.0598891861737, 0.00105491664726, 0.000222088085138, 0.000196235690964, 7.15449059498e-05, 0.000302669650409, 2.93040557153e-05, 1.04101100078e-05, 7.67721849115e-06, 7.26456892153e-06, 1.1687836377e-05, 1.87808418559e-05, 1.3791188394e-05, 1.53290293383e-05, 1.74701253854e-05, 1.48563813127e-05, 2.75455331575e-05, 1.58190905495e-05],
        "mean": [5.45207331015e-05, 0.0011830573203, 0.0004203216522, 0.000195001921384, 0.00954795163125, 0.00121769565158, 0.000397105759475, 0.000112873072794, 0.000105210929178, 0.00730750104412, 3.24991124216e-05, 1.31085116664e-05, 2.51399142144e-05, 1.33105841087e-05, 6.54953691992e-05, 4.17060709879e-06, 2.30421778724e-06, 1.93650589608e-06, 2.46006470661e-06, 3.0286355468e-06, 2.57949204752e-06, 1.89852278254e-06, 1.83495035344e-06, 2.07758898796e-06, 2.37405402004e-06, 3.61039224117e-06, 9.62825106399e-06],
        "median": [3.50012523995e-05, 0.000850105017889, 0.000270564109087, 0.000157694506925, 0.00561497546732, 0.000875102821738, 0.000308883900288, 0.000100757744804, 7.07927974872e-05, 0.00097599910805, 1.73285225173e-05, 9.7201564131e-06, 8.20299737825e-06, 5.8620589698e-06, 4.82747382193e-05, 3.33879324899e-06, 1.97223494069e-06, 1.64959214999e-06, 2.15149725591e-06, 2.50097650678e-06, 2.08664118873e-06, 1.68434098669e-06, 1.65377639405e-06, 1.90795822164e-06, 2.28387762036e-06, 3.39939106198e-06, 9.73233727564e-06],
        "min": [2.257527143e-07, 7.09420100975e-06, 9.40664619975e-07, 7.55884002501e-06, 2.54669066635e-05, 4.66576238978e-06, 6.69162454869e-06, 1.49881918787e-06, 2.43892571916e-07, 1.33430501137e-06, 3.69527640487e-07, 1.29211485955e-07, 2.93427262932e-07, 4.27294509109e-07, 1.42817285109e-07, 2.10674841128e-07, 9.10468429538e-08, 1.78386613925e-07, 1.02028678839e-07, 1.26598706629e-07, 1.12541151509e-07, 1.57672616297e-07, 5.97871121499e-08, 1.23997111245e-07, 7.93577896729e-08, 2.34588171111e-07, 3.01685986415e-07],
        "var": [2.4426500822e-09, 1.13722319384e-06, 1.69286309415e-07, 3.69674566514e-08, 6.42694867565e-05, 6.27545148291e-07, 6.91586876655e-08, 6.23559603952e-09, 4.04642221952e-08, 0.000125670339912, 9.15666831247e-09, 4.08262562646e-10, 1.62772817447e-09, 3.22839199818e-10, 4.15087653138e-09, 1.11849080345e-11, 1.83861498075e-12, 1.3411437759e-12, 1.40451354973e-12, 2.63879478164e-12, 3.85308408443e-12, 1.7102002323e-12, 1.89525825589e-12, 2.26421572463e-12, 1.51407575713e-12, 5.46596145082e-12, 3.30180002263e-12]
    },
    "erbbands": {
        "dmean": [0.0310584064573, 0.233980029821, 0.409571707249, 0.431145250797, 5.3568072319, 8.92905235291, 1.22808492184, 1.47938597202, 2.25438475609, 0.83753412962, 1.13312196732, 1.06044352055, 24.366230011, 12.2899675369, 0.732516586781, 0.265969246626, 0.197689384222, 0.347381711006, 0.138054072857, 0.974460840225, 0.121389657259, 0.0545808710158, 0.041664596647, 0.0402812995017, 0.0521693564951, 0.0533693954349, 0.0476275347173, 0.0398549027741, 0.0300330277532, 0.0180993005633, 0.0210642348975, 0.0192791633308, 0.0113618392497, 0.00670003797859, 0.00603928277269, 0.00426313886419, 0.00263260607608, 0.000973536807578, 0.000272883131402, 3.02994430967e-05],
        "dmean2": [0.0570407360792, 0.420433729887, 0.711591422558, 0.769102036953, 10.0042362213, 16.3898029327, 2.02821707726, 2.34443259239, 3.58259797096, 1.28215289116, 1.95291697979, 1.4995162487, 32.4007148743, 17.8072528839, 1.06791198254, 0.392760485411, 0.345167934895, 0.55747872591, 0.192860409617, 1.07130277157, 0.177783936262, 0.0934436395764, 0.0675674825907, 0.0674773007631, 0.0911775976419, 0.0867091417313, 0.0799287855625, 0.0680846497416, 0.0541260614991, 0.0312305875123, 0.0379763767123, 0.0354717709124, 0.0198377594352, 0.0118248406798, 0.0109711969271, 0.00764343654737, 0.00461816135794, 0.00171752925962, 0.000476957153296, 5.06441101606e-05],
        "dvar": [0.000898266735021, 0.0618419647217, 0.211776569486, 0.135915324092, 30.0865001678, 148.375076294, 1.80165874958, 2.33877682686, 11.0685939789, 1.80681633949, 2.09830999374, 4.48599290848, 4333.12597656, 1204.0078125, 3.03900432587, 0.516212165356, 0.0940465629101, 0.309831827879, 0.0220858380198, 1.2341542244, 0.0131972553208, 0.00297531182878, 0.00327156949788, 0.00193393870723, 0.00335165928118, 0.00355482078157, 0.00543686607853, 0.00811976008117, 0.00454100966454, 0.000616736651864, 0.00282246177085, 0.00403222162277, 0.000329662201693, 0.000109615219117, 0.000290825526463, 0.000188143676496, 1.71589199454e-05, 2.12263807953e-06, 4.75736143812e-08, 6.51706411059e-10],
        "dvar2": [0.00276482803747, 0.205950021744, 0.556913733482, 0.380032926798, 89.9233322144, 482.483428955, 3.82614541054, 4.76598882675, 19.4622344971, 2.1882750988, 2.95926356316, 3.02104258537, 7124.96240234, 1965.61657715, 3.12800312042, 0.59803634882, 0.244205728173, 0.705460369587, 0.0427132360637, 1.3459059, 0.0313659980893, 0.00641804886982, 0.00621715327725, 0.00471805175766, 0.00895317550749, 0.00963962171227, 0.0145060364157, 0.0232103150338, 0.0132738128304, 0.00178113474976, 0.00825438648462, 0.011732888408, 0.000942089303862, 0.000330747076077, 0.00085467932513, 0.000553410791326, 4.99885863974e-05, 6.08331765761e-06, 1.21317853541e-07, 1.10803011211e-09],
        "max": [0.175780892372, 1.63706243038, 3.04542350769, 3.03555226326, 73.2902297974, 105.840789795, 17.4451942444, 30.9276981354, 41.0152015686, 16.6238155365, 18.2731456757, 53.4308166504, 1267.85754395, 883.13470459, 43.4065055847, 10.1017608643, 6.00156545639, 8.45425033569, 3.10929989815, 20.0889720917, 1.46677160263, 0.583368003368, 0.430667757988, 0.412853270769, 0.45570397377, 0.490427583456, 0.643174171448, 0.810652434826, 0.591280996799, 0.219433367252, 0.461143821478, 0.547626793385, 0.178215637803, 0.101150907576, 0.15326012671, 0.123030796647, 0.0394635647535, 0.014480012469, 0.00189475459047, 0.000280087755527],
        "mean": [0.035914234817, 0.255843400955, 0.536351621151, 0.965005815029, 21.4051780701, 32.6769714355, 3.31327295303, 10.3966169357, 12.8063907623, 1.8548592329, 3.07799243927, 5.56400203705, 164.672912598, 101.226387024, 3.86626458168, 0.700656354427, 0.757382392883, 1.2991682291, 0.593363583088, 4.23515462875, 0.455816119909, 0.137268543243, 0.110525295138, 0.1140050143, 0.131090864539, 0.143966242671, 0.12340913713, 0.0869482979178, 0.0706308782101, 0.0563089884818, 0.0523964948952, 0.0438160449266, 0.0348128899932, 0.0246544685215, 0.018218813464, 0.0121933603659, 0.00687967892736, 0.00330341095105, 0.00118178059347, 0.000194157517399],
        "median": [0.0240221172571, 0.194143593311, 0.363203257322, 0.856328904629, 12.9510583878, 18.2911434174, 2.62495589256, 7.62496614456, 9.24662399292, 1.19124507904, 2.67603302002, 2.28992557526, 26.524225235, 10.2587766647, 1.61967396736, 0.501062870026, 0.368869036436, 0.376593828201, 0.417535185814, 3.22269940376, 0.398637980223, 0.127962112427, 0.0932023003697, 0.0991349667311, 0.115711525083, 0.125747397542, 0.101038351655, 0.0706095024943, 0.0598229318857, 0.0517527796328, 0.0464902706444, 0.0372765734792, 0.032701164484, 0.0236444287002, 0.0173295773566, 0.0110342185944, 0.00647823046893, 0.00321936630644, 0.00119111489039, 0.000191431114217],
        "min": [0.000373131391825, 0.00100779265631, 0.00110219488852, 0.0175860319287, 0.0737862437963, 0.0857247412205, 0.0334812961519, 0.046376157552, 0.105028875172, 0.0566761121154, 0.0240683760494, 0.00727892760187, 0.0333151519299, 0.0279961992055, 0.0112108439207, 0.00462377769873, 0.0104626743123, 0.0269298311323, 0.00934501178563, 0.00782363582402, 0.0125513486564, 0.00626011844724, 0.00742154568434, 0.00849501974881, 0.00479515222833, 0.00646339636296, 0.00454433541745, 0.00479725701734, 0.00633981544524, 0.00250600790605, 0.00222667772323, 0.00281069497578, 0.00156684429385, 0.00115148012992, 0.000588407681789, 0.000965092913248, 0.000324786378769, 0.000174317712663, 4.29341816925e-05, 4.88485602546e-06],
        "var": [0.00110985245556, 0.0592770799994, 0.259430885315, 0.259304404259, 329.253753662, 748.694946289, 6.26097822189, 47.7150230408, 75.3654632568, 5.95456838608, 4.74109077454, 52.6998252869, 58558.1992188, 27191.8808594, 32.8898048401, 0.90700507164, 1.07282447815, 4.46002006531, 0.286828666925, 18.0288944244, 0.0931414812803, 0.00500009674579, 0.00449974136427, 0.00329116149805, 0.00425189640373, 0.00566864013672, 0.00627073552459, 0.00588078424335, 0.00306060421281, 0.000561562890653, 0.00174306950066, 0.00229164678603, 0.000261575798504, 7.65354052419e-05, 0.000166551355505, 0.000108990367153, 1.27791145133e-05, 1.70476891981e-06, 6.62966712639e-08, 1.30585309233e-09]
    },
    "gfcc": {
        "mean": [-80.7219238281, 119.671432495, -48.0245361328, -14.924123764, -49.5509796143, -3.12685275078, -24.6019420624, -4.71023082733, -23.3394622803, -13.1400384903, -27.5005970001, -1.66022956371, 11.1803531647],
        "cov": [[773.525939941, 309.268493652, -176.634429932, -273.928588867, -93.7717590332, 49.9904403687, 22.9132614136, -34.7674674988, -49.8590583801, -116.635818481, -132.775405884, -35.3891220093, 145.555236816], [309.268493652, 229.375106812, -101.584602356, -193.874313354, -47.0891532898, 38.1078224182, 12.3540630341, -29.9254074097, -29.8545570374, -72.7250671387, -75.9602050781, -25.418712616, 90.3088684082], [-176.634429932, -101.584602356, 135.631851196, 144.338912964, 55.1080474854, -5.90148067474, 9.60699653625, 34.2839164734, 30.2222652435, 53.1139945984, 63.4768867493, 19.4109554291, -56.3227500916], [-273.928588867, -193.874313354, 144.338912964, 281.07989502, 96.6159896851, -22.3159198761, 9.98693180084, 51.9461746216, 56.3747024536, 91.4544219971, 90.0474090576, 25.1892719269, -88.0587539673], [-93.7717590332, -47.0891532898, 55.1080474854, 96.6159896851, 61.4867095947, 7.76524305344, 8.16966915131, 18.3596496582, 29.0367107391, 40.024848938, 34.904964447, 8.75837421417, -28.9567184448], [49.9904403687, 38.1078224182, -5.90148067474, -22.3159198761, 7.76524305344, 33.4616279602, 15.2595567703, -5.5585064888, -3.00576066971, -1.27031457424, 3.81585979462, 0.463766545057, 7.81198835373], [22.9132614136, 12.3540630341, 9.60699653625, 9.98693180084, 8.16966915131, 15.2595567703, 27.6920433044, 5.68888521194, -2.12616062164, 7.84574604034, 18.2729969025, 7.93042612076, -3.50707006454], [-34.7674674988, -29.9254074097, 34.2839164734, 51.9461746216, 18.3596496582, -5.5585064888, 5.68888521194, 29.8375244141, 23.783618927, 18.1491069794, 11.684044838, 6.05208158493, -5.41518354416], [-49.8590583801, -29.8545570374, 30.2222652435, 56.3747024536, 29.0367107391, -3.00576066971, -2.12616062164, 23.783618927, 36.7085800171, 21.7087039948, 5.52724027634, 3.1126666069, -1.36706709862], [-116.635818481, -72.7250671387, 53.1139945984, 91.4544219971, 40.024848938, -1.27031457424, 7.84574604034, 18.1491069794, 21.7087039948, 48.1584739685, 41.8141860962, 11.8568248749, -36.0068283081], [-132.775405884, -75.9602050781, 63.4768867493, 90.0474090576, 34.904964447, 3.81585979462, 18.2729969025, 11.684044838, 5.52724027634, 41.8141860962, 70.1140975952, 19.8764095306, -55.1059913635], [-35.3891220093, -25.418712616, 19.4109554291, 25.1892719269, 8.75837421417, 0.463766545057, 7.93042612076, 6.05208158493, 3.1126666069, 11.8568248749, 19.8764095306, 17.1922855377, -9.10261249542], [145.555236816, 90.3088684082, -56.3227500916, -88.0587539673, -28.9567184448, 7.81198835373, -3.50707006454, -5.41518354416, -1.36706709862, -36.0068283081, -55.1059913635, -9.10261249542, 73.8797683716]],
        "icov": [[0.00362136191688, -0.00338498689234, 0.00142307416536, -0.00188597885426, 0.00217662658542, -0.00275672529824, -0.00219380366616, -0.00305925845169, 0.00287525029853, 0.000659618643112, 0.00418999092653, -0.00115150096826, 1.43099468914e-05], [-0.00338498689234, 0.0316730551422, -0.00409138621762, 0.015683401376, -0.0215919893235, -0.00141332193743, -0.0212907753885, 0.00447223521769, -0.000701527285855, 0.0202948302031, -0.00356393144466, 0.0228661224246, -0.0154322907329], [0.00142307416536, -0.00409138621762, 0.0222325474024, -0.00675723375753, -0.000925199477933, -0.00429827347398, 0.00872879102826, -0.0164569579065, 0.00357679766603, 0.000789969519246, -0.00754747539759, -0.00606876472011, 0.00446645822376], [-0.00188597885426, 0.015683401376, -0.00675723375753, 0.0271730311215, -0.0248974487185, 0.0138025088236, -0.0136525183916, -0.00307586812414, -0.00555299129337, 0.00229935464449, -0.00513295363635, 0.0112495403737, -0.00173476734199], [0.00217662658542, -0.0215919893235, -0.000925199477933, -0.0248974487185, 0.0807257443666, -0.0243770051748, 0.0124775078148, 0.016740264371, -0.0327291935682, -0.030091971159, 0.00278315320611, -0.0116208735853, 0.0131335807964], [-0.00275672529824, -0.00141332193743, -0.00429827347398, 0.0138025088236, -0.0243770051748, 0.0699867531657, -0.0318849980831, 0.0239689238369, -0.013287005946, -0.000946312327869, -0.0141189014539, 0.00964514166117, -0.0064278235659], [-0.00219380366616, -0.0212907753885, 0.00872879102826, -0.0136525183916, 0.0124775078148, -0.0318849980831, 0.104833818972, -0.0415318347514, 0.03129760921, -0.0185746662319, -0.0268023908138, -0.0274377930909, -0.000922251434531], [-0.00305925845169, 0.00447223521769, -0.0164569579065, -0.00307586812414, 0.016740264371, 0.0239689238369, -0.0415318347514, 0.116526775062, -0.0722728744149, 0.000875994854141, -0.000696349190548, 0.00237223715521, -0.00619292911142], [0.00287525029853, -0.000701527285855, 0.00357679766603, -0.00555299129337, -0.0327291935682, -0.013287005946, 0.03129760921, -0.0722728744149, 0.119607888162, -0.0228898394853, 0.0195638872683, -0.00123260333203, -0.0184358879924], [0.000659618643112, 0.0202948302031, 0.000789969519246, 0.00229935464449, -0.030091971159, -0.000946312327869, -0.0185746662319, 0.000875994854141, -0.0228898394853, 0.103269867599, -0.0277688801289, 0.0133994463831, -0.00443080579862], [0.00418999092653, -0.00356393144466, -0.00754747539759, -0.00513295363635, 0.00278315320611, -0.0141189014539, -0.0268023908138, -0.000696349190548, 0.0195638872683, -0.0277688801289, 0.0960103869438, -0.0440345518291, 0.0385057590902], [-0.00115150096826, 0.0228661224246, -0.00606876472011, 0.0112495403737, -0.0116208735853, 0.00964514166117, -0.0274377930909, 0.00237223715521, -0.00123260333203, 0.0133994463831, -0.0440345518291, 0.120782829821, -0.0350592322648], [1.43099468914e-05, -0.0154322907329, 0.00446645822376, -0.00173476734199, 0.0131335807964, -0.0064278235659, -0.000922251434531, -0.00619292911142, -0.0184358879924, -0.00443080579862, 0.0385057590902, -0.0350592322648, 0.0609390884638]]
    },
    "melbands": {
        "dmean": [0.000277662649751, 0.000230762190768, 0.000131301640067, 0.000641017453745, 7.64630603953e-05, 3.60837293556e-05, 2.99991061183e-05, 8.25191000331e-06, 8.99102997209e-06, 6.42970007902e-06, 0.000135933820275, 7.22884506104e-05, 2.55380973613e-06, 9.28834822389e-07, 5.85158147715e-07, 7.34714433293e-07, 5.96187078372e-07, 1.94466821313e-07, 1.00379975265e-06, 7.6989539366e-07, 1.08193802362e-07, 6.58294680989e-08, 4.48087185134e-08, 4.06927931351e-08, 3.48703039776e-08, 4.85323106147e-08, 4.13692653467e-08, 3.76705919791e-08, 3.1671802958e-08, 3.281527583e-08, 2.26255369995e-08, 1.93900273615e-08, 1.37219098306e-08, 1.06498614372e-08, 1.21208048043e-08, 1.56353383574e-08, 1.06669215683e-08, 9.16761333514e-09, 6.29754337567e-09, 6.76952094381e-09],
        "dmean2": [0.000514970335644, 0.000398009840865, 0.000244028458837, 0.00117793644313, 0.000134566740599, 5.71429700358e-05, 4.69352453365e-05, 1.25550941448e-05, 1.52798493218e-05, 9.37064942264e-06, 0.000180934395758, 0.000102096157207, 3.71367218577e-06, 1.40441534313e-06, 9.66307879935e-07, 1.24299401705e-06, 9.64415335147e-07, 3.12908639444e-07, 1.10661096642e-06, 8.8215233518e-07, 1.82464106047e-07, 1.12880911729e-07, 7.1038378735e-08, 6.53665352957e-08, 6.02395076044e-08, 8.67874661026e-08, 6.97231428148e-08, 6.18839663957e-08, 5.32220596483e-08, 5.67670426221e-08, 3.90419181429e-08, 3.41802817161e-08, 2.44347972966e-08, 1.87424689102e-08, 2.17982645268e-08, 2.88834947071e-08, 1.9031736187e-08, 1.55867390106e-08, 1.08816902156e-08, 1.19529053322e-08],
        "dvar": [7.67596333162e-08, 6.2830096681e-08, 1.34485862446e-08, 6.2738519091e-07, 9.39885236306e-09, 1.78266890138e-09, 2.0384873789e-09, 1.71599276455e-10, 1.48504514241e-10, 4.54696669205e-10, 1.456826908e-07, 4.67038248075e-08, 1.01962133181e-10, 5.58179804461e-12, 1.17368365461e-12, 1.41331987346e-12, 7.87840495967e-13, 4.51642880267e-14, 1.25372759049e-12, 7.13905985109e-13, 1.69767696537e-14, 3.91090951263e-15, 2.19582534257e-15, 3.09707919812e-15, 1.27793512467e-15, 1.93730368729e-15, 2.16048861032e-15, 1.82615750626e-15, 1.77263952943e-15, 3.03469352749e-15, 2.71316913807e-15, 1.87678508903e-15, 3.72606087728e-16, 2.45427002374e-16, 5.95925794876e-16, 3.15004416831e-15, 8.1216605359e-16, 1.38654780368e-16, 7.51942315443e-17, 6.98568122459e-17],
        "dvar2": [2.42690788355e-07, 1.89125458405e-07, 4.57721505143e-08, 1.87445618849e-06, 2.7162784022e-08, 3.30678506799e-09, 3.54962748084e-09, 2.08793524137e-10, 1.94764315786e-10, 3.78650194532e-10, 2.37215445509e-07, 7.42942347642e-08, 1.09946156346e-10, 5.74820486349e-12, 2.51093004895e-12, 2.43709544732e-12, 1.9111546113e-12, 9.35980215859e-14, 1.35833824657e-12, 8.34829709702e-13, 3.68815797401e-14, 9.44184576986e-15, 5.16455427347e-15, 6.33619184545e-15, 3.09160122429e-15, 5.60480896517e-15, 5.74324506545e-15, 5.08458292831e-15, 4.76647208167e-15, 8.25136129128e-15, 7.79211357981e-15, 5.49539560179e-15, 1.08297482174e-15, 7.47628442817e-16, 1.72328006086e-15, 9.29841175167e-15, 2.32205379226e-15, 3.86514527541e-16, 2.27516331885e-16, 2.14835732504e-16],
        "max": [0.00181821070146, 0.00170171563514, 0.00127902138047, 0.00875195674598, 0.000979073811322, 0.000770664424635, 0.000564904417843, 0.00014823586389, 0.000155782836373, 0.000304514047457, 0.00728297280148, 0.00498580140993, 0.000115364062367, 2.80982239929e-05, 1.41686323332e-05, 1.96620694624e-05, 1.3598573787e-05, 3.82567259294e-06, 2.04414409382e-05, 1.54260033014e-05, 1.21011089504e-06, 6.37321988961e-07, 4.00460095307e-07, 4.11774351505e-07, 3.12442892891e-07, 3.05455330363e-07, 4.0720348693e-07, 3.74171690964e-07, 3.76606209329e-07, 4.6712528956e-07, 4.61717178268e-07, 3.72269283844e-07, 1.79389303412e-07, 1.43125703289e-07, 2.14369990204e-07, 4.65531456939e-07, 2.57403115711e-07, 1.17589543436e-07, 8.63935127882e-08, 7.69555370539e-08],
        "mean": [0.00032560582622, 0.000303691427689, 0.000404726568377, 0.00268525071442, 0.000199964575586, 0.000258160318481, 0.00017845100956, 1.60610761668e-05, 2.23877868848e-05, 1.99649748538e-05, 0.000931702146772, 0.000571517739445, 4.09135509472e-06, 1.66443169292e-06, 1.09629968392e-06, 2.73001592177e-06, 2.15893192035e-06, 4.84043368942e-07, 4.3863637984e-06, 3.3559908843e-06, 2.14800238041e-07, 1.37051472393e-07, 1.01646982387e-07, 9.45814022657e-08, 9.04796237933e-08, 9.69086428881e-08, 9.71117302129e-08, 9.44178424334e-08, 7.8843086726e-08, 6.48208597909e-08, 4.49600179309e-08, 4.09830285264e-08, 3.41885737498e-08, 3.03672536006e-08, 3.02419991272e-08, 2.88570181084e-08, 2.57496850509e-08, 2.46403342175e-08, 2.18270930219e-08, 2.03588292891e-08],
        "median": [0.000217238921323, 0.000220304485993, 0.000294459518045, 0.00161560939159, 0.000135706941364, 0.000191178201931, 0.000125569102238, 1.01317527879e-05, 1.99257301574e-05, 1.24652469822e-05, 0.000143052617204, 5.77106293349e-05, 2.31755689128e-06, 1.38079803946e-06, 7.73259557718e-07, 8.49016316806e-07, 6.92393712143e-07, 3.31601057724e-07, 3.2283105611e-06, 2.62550383923e-06, 1.75808509084e-07, 1.24921569977e-07, 8.81492283611e-08, 7.70827526253e-08, 7.98758108544e-08, 8.3434024134e-08, 8.16661085423e-08, 8.14128355842e-08, 6.56204193206e-08, 5.25359880044e-08, 3.72531872017e-08, 3.47009390111e-08, 3.09214698291e-08, 2.76140532662e-08, 2.76373359753e-08, 2.31766197345e-08, 2.3196056631e-08, 2.31418315622e-08, 2.07655990181e-08, 1.92490148265e-08],
        "min": [3.048192184e-06, 7.55732173729e-07, 4.63234482595e-06, 6.3990464696e-06, 1.60295553542e-06, 1.05997241917e-06, 1.54131123509e-06, 5.4671977523e-07, 1.52641277396e-07, 3.83728000486e-08, 1.76608395464e-07, 1.26793139543e-07, 4.70696583932e-08, 1.68720308835e-08, 6.36427754941e-09, 4.05776283685e-08, 5.02139769765e-08, 1.4939487869e-08, 1.05865343158e-08, 1.0884176227e-08, 1.47378615978e-08, 6.69902844308e-09, 4.20120427336e-09, 9.05100350224e-09, 6.6305139157e-09, 3.51845952373e-09, 3.39352346224e-09, 4.59239357653e-09, 2.95092661418e-09, 2.48035525452e-09, 2.663479437e-09, 3.36695693548e-09, 3.35411431962e-09, 6.43242847875e-10, 1.28192445548e-09, 1.36080258173e-09, 1.88531656953e-09, 1.09626241418e-09, 1.08386810638e-09, 9.00766849998e-10],
        "var": [8.31401436585e-08, 7.49476356532e-08, 7.62262786225e-08, 5.14010798724e-06, 2.65175135183e-08, 2.91275892295e-08, 1.4581811314e-08, 5.00548713589e-10, 2.82211282121e-10, 8.27228618938e-10, 1.91011281458e-06, 8.51130153023e-07, 1.09849983276e-10, 6.58784311824e-12, 2.19353463345e-12, 1.97113159128e-11, 1.18826918791e-11, 3.3971818956e-13, 1.87560019599e-11, 1.04906907814e-11, 2.99323079885e-14, 6.2566706983e-15, 3.55615813828e-15, 4.08037158274e-15, 2.23520941e-15, 2.45628691506e-15, 3.03945215859e-15, 2.72783403125e-15, 2.30107680957e-15, 2.8829297873e-15, 1.83418526102e-15, 1.24742086862e-15, 3.4398489738e-16, 1.89057211197e-16, 4.01754661965e-16, 1.74555448627e-15, 4.99032054913e-16, 1.34746887987e-16, 6.04570692545e-17, 5.45440017329e-17]
    },
    "mfcc": {
        "mean": [-761.926391602, 180.756988525, 43.8456573486, 11.3110656738, -1.57335674763, -0.0745719224215, -2.93184661865, -1.58026337624, 9.84565258026, 3.41408038139, -21.5290927887, -24.4707927704, -8.42610263824],
        "cov": [[711.208862305, 260.89553833, -74.2674026489, -146.129837036, -80.7531661987, -13.3682279587, -43.485710144, -20.1054115295, 62.5285301208, 48.4525337219, -102.501335144, -170.904159546, -132.27130127], [260.89553833, 239.164825439, -37.9753952026, -140.770172119, -44.8650245667, -11.8789653778, -33.5875663757, -28.8263339996, 35.1169891357, 34.0057640076, -60.6071815491, -134.309371948, -106.153739929], [-74.2674026489, -37.9753952026, 59.9989471436, 40.9411888123, 19.6501789093, -2.52850985527, 11.7109460831, 13.1535234451, -1.56364130974, 1.39303719997, 13.0802192688, 28.3297157288, 28.9330425262], [-146.129837036, -140.770172119, 40.9411888123, 135.761901855, 48.3952102661, 10.6204957962, 27.2551898956, 27.4963665009, -1.1657127142, -13.3537139893, 41.123046875, 93.9449768066, 82.8303375244], [-80.7531661987, -44.8650245667, 19.6501789093, 48.3952102661, 44.0928764343, 16.0855960846, 10.370016098, 10.9102773666, 3.21533989906, 2.13459849358, 21.2039794922, 39.3091011047, 38.1569023132], [-13.3682279587, -11.8789653778, -2.52850985527, 10.6204957962, 16.0855960846, 38.8100547791, 26.7525634766, 5.74107074738, -10.2586698532, -8.56300258636, 20.9845581055, 26.7466487885, 16.1671924591], [-43.485710144, -33.5875663757, 11.7109460831, 27.2551898956, 10.370016098, 26.7525634766, 50.9051856995, 17.8545818329, -25.9436130524, -19.4509716034, 30.8623886108, 55.7122344971, 36.2165718079], [-20.1054115295, -28.8263339996, 13.1535234451, 27.4963665009, 10.9102773666, 5.74107074738, 17.8545818329, 26.6255970001, -4.7241973877, -7.57271814346, 12.8515071869, 35.7293968201, 27.3725757599], [62.5285301208, 35.1169891357, -1.56364130974, -1.1657127142, 3.21533989906, -10.2586698532, -25.9436130524, -4.7241973877, 48.2871818542, 27.6554222107, -24.0561275482, -37.6807136536, -12.4776182175], [48.4525337219, 34.0057640076, 1.39303719997, -13.3537139893, 2.13459849358, -8.56300258636, -19.4509716034, -7.57271814346, 27.6554222107, 35.2296829224, -17.4007835388, -36.8707351685, -16.4713973999], [-102.501335144, -60.6071815491, 13.0802192688, 41.123046875, 21.2039794922, 20.9845581055, 30.8623886108, 12.8515071869, -24.0561275482, -17.4007835388, 52.7942771912, 67.9641189575, 38.5720939636], [-170.904159546, -134.309371948, 28.3297157288, 93.9449768066, 39.3091011047, 26.7466487885, 55.7122344971, 35.7293968201, -37.6807136536, -36.8707351685, 67.9641189575, 137.060272217, 89.7692489624], [-132.27130127, -106.153739929, 28.9330425262, 82.8303375244, 38.1569023132, 16.1671924591, 36.2165718079, 27.3725757599, -12.4776182175, -16.4713973999, 38.5720939636, 89.7692489624, 86.6681747437]],
