{
"lowlevel": {
    "average_loudness": 0.99068403244,
    "barkbands_crest": {
        "dmean": 2.70704603195,
        "dmean2": 4.82916927338,
        "dvar": 4.65857601166,
        "dvar2": 14.4270792007,
        "max": 20.4793319702,
        "mean": 12.5930805206,
        "median": 12.1208572388,
        "min": 7.52287006378,
        "var": 6.75400876999
    },
    "barkbands_flatness_db": {
        "dmean": 0.0253009144217,
        "dmean2": 0.0463707484305,
        "dvar": 0.000600377272349,
        "dvar2": 0.0018658565823,
        "max": 0.283600449562,
        "mean": 0.231797635555,
        "median": 0.235661551356,
        "min": 0.143376857042,
        "var": 0.000848300755024
    },
    "barkbands_kurtosis": {
        "dmean": 14.3093776703,
        "dmean2": 26.1078166962,
        "dvar": 348.521697998,
        "dvar2": 1087.80908203,
        "max": 111.93473053,
        "mean": 33.8692817688,
        "median": 31.0604248047,
        "min": 3.19370651245,
        "var": 481.707550049
    },
    "barkbands_skewness": {
        "dmean": 0.889769434929,
        "dmean2": 1.62152695656,
        "dvar": 0.943718612194,
        "dvar2": 2.91258454323,
        "max": 9.13286972046,
        "mean": 4.04034137726,
        "median": 4.24536561966,
        "min": 0.380756646395,
        "var": 3.29651546478
    },
    "barkbands_spread": {
        "dmean": 1.87434542179,
        "dmean2": 3.48746466637,
        "dvar": 4.99012327194,
        "dvar2": 15.5575418472,
        "max": 14.3085374832,
        "mean": 5.8347530365,
        "median": 5.52902936935,
        "min": 2.64962673187,
        "var": 4.91409826279
    },
    "dissonance": {
        "dmean": 0.0261736512184,
        "dmean2": 0.0471612475812,
        "dvar": 0.000621045706794,
        "dvar2": 0.00181087723467,
        "max": 0.477169334888,
        "mean": 0.388688325882,
        "median": 0.410056829453,
        "min": 0.230618804693,
        "var": 0.00316102267243
    },
    "dynamic_complexity": 2.2572889328,
    "erbbands_crest": {
        "dmean": 1.46041440964,
        "dmean2": 2.43328475952,
        "dvar": 1.82178902626,
        "dvar2": 4.67597532272,
        "max": 21.8172550201,
        "mean": 11.8198347092,
        "median": 10.6359701157,
        "min": 7.09621047974,
        "var": 10.4420814514
    },
    "erbbands_flatness_db": {
        "dmean": 0.00997909717262,
        "dmean2": 0.0151746710762,
        "dvar": 5.70594675082e-05,
        "dvar2": 0.000170559666003,
        "max": 0.251735270023,
        "mean": 0.148273646832,
        "median": 0.143818721175,
        "min": 0.0726770535111,
        "var": 0.00215749326162
    },
    "erbbands_kurtosis": {
        "dmean": 1.78133368492,
        "dmean2": 3.0899078846,
        "dvar": 3.77379155159,
        "dvar2": 12.2870159149,
        "max": 19.2796821594,
        "mean": 6.29530668259,
        "median": 6.77320671082,
        "min": 1.12909173965,
        "var": 7.4591960907
    },
    "erbbands_skewness": {
        "dmean": 0.256552398205,
        "dmean2": 0.439889103174,
        "dvar": 0.039996560663,
        "dvar2": 0.115723051131,
        "max": 2.65928721428,
        "mean": 1.75689172745,
        "median": 1.91711699963,
        "min": 0.182048633695,
        "var": 0.336256593466
    },
    "erbbands_spread": {
        "dmean": 3.10183763504,
        "dmean2": 5.3228020668,
        "dvar": 11.3495798111,
        "dvar2": 30.4069976807,
        "max": 57.0425376892,
        "mean": 26.1709079742,
        "median": 23.2092933655,
        "min": 5.17717552185,
        "var": 179.105834961
    },
    "hfc": {
        "dmean": 1.80636382103,
        "dmean2": 3.01024794579,
        "dvar": 2.95193076134,
        "dvar2": 5.12435817719,
        "max": 32.1850509644,
        "mean": 11.1006774902,
        "median": 9.22670936584,
        "min": 2.39261007309,
        "var": 39.2497024536
    },
    "melbands_crest": {
        "dmean": 3.67220497131,
        "dmean2": 6.37878084183,
        "dvar": 10.9713544846,
        "dvar2": 37.5451774597,
        "max": 26.7416782379,
        "mean": 16.6549377441,
        "median": 16.0400447845,
        "min": 10.2400617599,
        "var": 10.926320076
    },
    "melbands_flatness_db": {
        "dmean": 0.0305679105222,
        "dmean2": 0.0569186620414,
        "dvar": 0.000743980053812,
        "dvar2": 0.00221250974573,
        "max": 0.426626682281,
        "mean": 0.366236001253,
        "median": 0.367410093546,
        "min": 0.267036408186,
        "var": 0.00105298613198
    },
    "melbands_kurtosis": {
        "dmean": 15.6725254059,
        "dmean2": 27.9763278961,
        "dvar": 701.782409668,
        "dvar2": 1996.29711914,
        "max": 210.676254272,
        "mean": 36.4344902039,
        "median": 34.8328208923,
        "min": -0.69238781929,
        "var": 1154.02453613
    },
    "melbands_skewness": {
        "dmean": 0.736606955528,
        "dmean2": 1.3163664341,
        "dvar": 0.566457390785,
        "dvar2": 1.62273991108,
        "max": 9.4243144989,
        "mean": 3.36461806297,
        "median": 3.41258168221,
        "min": 0.137719333172,
        "var": 3.06122803688
    },
    "melbands_spread": {
        "dmean": 1.0994771719,
        "dmean2": 2.0176243782,
        "dvar": 0.778405308723,
        "dvar2": 2.21631503105,
        "max": 10.6010274887,
        "mean": 3.99578332901,
        "median": 3.35142064095,
        "min": 1.02370798588,
        "var": 5.21863555908
    },
    "pitch_salience": {
        "dmean": 0.0773987919092,
        "dmean2": 0.133989050984,
        "dvar": 0.00528904795647,
        "dvar2": 0.0155806802213,
        "max": 0.701909542084,
        "mean": 0.471970677376,
        "median": 0.467905461788,
        "min": 0.28944683075,
        "var": 0.00603993469849
    },
    "silence_rate_20dB": {
        "dmean": 0,
        "dmean2": 0,
        "dvar": 0,
        "dvar2": 0,
        "max": 1,
        "mean": 1,
        "median": 1,
        "min": 1,
        "var": 0
    },
    "silence_rate_30dB": {
        "dmean": 0,
        "dmean2": 0,
        "dvar": 0,
        "dvar2": 0,
        "max": 1,
        "mean": 1,
        "median": 1,
        "min": 1,
        "var": 0
    },
    "silence_rate_60dB": {
        "dmean": 0,
        "dmean2": 0,
        "dvar": 0,
        "dvar2": 0,
        "max": 0,
        "mean": 0,
        "median": 0,
        "min": 0,
        "var": 0
    },
    "spectral_centroid": {
        "dmean": 41.1873703003,
        "dmean2": 72.4229812622,
        "dvar": 1500.23828125,
        "dvar2": 4547.00244141,
        "max": 507.026184082,
        "mean": 322.865203857,
        "median": 311.340026855,
        "min": 210.090698242,
        "var": 3878.70874023
    },
    "spectral_complexity": {
        "dmean": 0.675000011921,
        "dmean2": 1.22784805298,
        "dvar": 0.619374930859,
        "dvar2": 1.3911241293,
        "max": 8,
        "mean": 5.41975307465,
        "median": 5,
        "min": 4,
        "var": 0.663313567638
    },
    "spectral_decrease": {
        "dmean": 3.87003895597e-09,
        "dmean2": 7.1233841048e-09,
        "dvar": 9.38016362626e-18,
        "dvar2": 2.74934007205e-17,
        "max": -1.09963882444e-09,
        "mean": -1.10629949646e-08,
        "median": -1.13128537649e-08,
        "min": -2.43807374289e-08,
        "var": 2.44989407286e-17
    },
    "spectral_energy": {
        "dmean": 0.0147583875805,
        "dmean2": 0.0271426457912,
        "dvar": 0.000136104528792,
        "dvar2": 0.000398690841394,
        "max": 0.0946008488536,
        "mean": 0.0427611768246,
        "median": 0.0437039285898,
        "min": 0.0043673128821,
        "var": 0.000365134386811
    },
    "spectral_energyband_high": {
        "dmean": 1.26758659462e-05,
        "dmean2": 2.0953699277e-05,
        "dvar": 1.72414818533e-10,
        "dvar2": 3.26964705311e-10,
        "max": 0.000163491728017,
        "mean": 0.000136079412187,
        "median": 0.000137166876812,
        "min": 6.1121492763e-05,
        "var": 1.96730354229e-10
    },
    "spectral_energyband_low": {
        "dmean": 0.0138671789318,
        "dmean2": 0.025555703789,
        "dvar": 0.000132287910674,
        "dvar2": 0.000397681433242,
        "max": 0.0691088363528,
        "mean": 0.0230675823987,
        "median": 0.0179708059877,
        "min": 0.00190661218949,
        "var": 0.000212118873606
    },
    "spectral_energyband_middle_high": {
        "dmean": 2.44159418799e-05,
        "dmean2": 3.84728155041e-05,
        "dvar": 3.11564746225e-10,
        "dvar2": 7.77084452341e-10,
        "max": 0.000347301131114,
        "mean": 0.00014803983504,
        "median": 0.000138558752951,
        "min": 7.48372112866e-05,
        "var": 1.87597848367e-09
    },
    "spectral_energyband_middle_low": {
        "dmean": 0.00357876392081,
        "dmean2": 0.00581245636567,
        "dvar": 2.42267215071e-05,
        "dvar2": 7.51373227104e-05,
        "max": 0.0738452747464,
        "mean": 0.0201153866947,
        "median": 0.0170403048396,
        "min": 0.00257829879411,
        "var": 0.000217831635382
    },
    "spectral_entropy": {
        "dmean": 0.171781152487,
        "dmean2": 0.299971461296,
        "dvar": 0.0200626961887,
        "dvar2": 0.0602483041584,
        "max": 7.55411624908,
        "mean": 6.68406486511,
        "median": 6.63373088837,
        "min": 5.88476371765,
        "var": 0.162514492869
    },
    "spectral_flux": {
        "dmean": 0.028557151556,
        "dmean2": 0.044309258461,
        "dvar": 0.000462574709672,
        "dvar2": 0.00101811613422,
        "max": 0.209054842591,
        "mean": 0.0925633311272,
        "median": 0.0884461849928,
        "min": 0.0356693342328,
        "var": 0.000976144976448
    },
    "spectral_kurtosis": {
        "dmean": 0.945206642151,
        "dmean2": 1.69779157639,
        "dvar": 0.56333398819,
        "dvar2": 1.55787789822,
        "max": 14.2968540192,
        "mean": 8.41231918335,
        "median": 8.17198371887,
        "min": 5.00727081299,
        "var": 4.78140830994
    },
    "spectral_rms": {
        "dmean": 0.00117468181998,
        "dmean2": 0.00216455990449,
        "dvar": 9.03381987882e-07,
        "dvar2": 2.67175300905e-06,
        "max": 0.00960695091635,
        "mean": 0.00626830104738,
        "median": 0.00652977637947,
        "min": 0.00206416891888,
        "var": 2.42662508754e-06
    },
    "spectral_rolloff": {
        "dmean": 35.7989501953,
        "dmean2": 68.6881942749,
        "dvar": 5134.58740234,
        "dvar2": 16188.5898438,
        "max": 624.462890625,
        "mean": 310.503479004,
        "median": 215.33203125,
        "min": 107.666015625,
        "var": 28471.7617188
    },
    "spectral_skewness": {
        "dmean": 0.141399890184,
        "dmean2": 0.250476539135,
        "dvar": 0.0129358749837,
        "dvar2": 0.0329270362854,
        "max": 3.28159213066,
        "mean": 2.51966500282,
        "median": 2.50701379776,
        "min": 1.94376623631,
        "var": 0.107510723174
    },
    "spectral_spread": {
        "dmean": 434594.8125,
        "dmean2": 756993.25,
        "dvar": 391840825344,
        "dvar2": 617407840256,
        "max": 12394054,
        "mean": 6112045,
        "median": 5977135,
        "min": 3887781.75,
        "var": 1.29788621619e+12
    },
    "spectral_strongpeak": {
        "dmean": 0.404339700937,
        "dmean2": 0.752579629421,
        "dvar": 0.526994943619,
        "dvar2": 1.46726250648,
        "max": 4.61155033112,
        "mean": 0.765479803085,
        "median": 0.578285872936,
        "min": 0.04076083377,
        "var": 0.642715871334
    },
    "zerocrossingrate": {
        "dmean": 0.00718383770436,
        "dmean2": 0.0105258608237,
        "dvar": 2.99643979815e-05,
        "dvar2": 5.52331039216e-05,
        "max": 0.0673828125,
        "mean": 0.0353973768651,
        "median": 0.0341796875,
        "min": 0.01318359375,
        "var": 0.000143410987221
    },
    "barkbands": {
        "dmean": [0.000286619295366, 0.00870885979384, 0.00769361713901, 0.000837957661133, 0.00305789289996, 0.000183311742148, 0.000140951640788, 0.000280881475192, 0.000533183920197, 1.53860946739e-05, 1.17716281238e-05, 1.02087160485e-05, 1.03827242128e-05, 6.13170550423e-06, 5.39136726729e-06, 3.20506228491e-06, 2.75401771432e-06, 2.39422956838e-06, 3.96259019908e-06, 3.48016374119e-06, 3.16335649586e-06, 2.07672110264e-06, 2.36897403738e-06, 2.0464822228e-06, 2.11343922274e-06, 3.20164576806e-06, 8.93378182809e-06],
        "dmean2": [0.000526803371031, 0.0159271787852, 0.0142988748848, 0.00151129334699, 0.00534851802513, 0.000327809451846, 0.000241884743446, 0.000193860556465, 0.000336124678142, 2.58829950326e-05, 2.15154541365e-05, 1.84070377145e-05, 1.79020607902e-05, 1.07747491711e-05, 9.62123795034e-06, 5.85139059694e-06, 4.85165082864e-06, 3.9502265281e-06, 6.55684243611e-06, 5.92878495809e-06, 5.58210012969e-06, 3.58540955858e-06, 4.10526308769e-06, 3.56607802132e-06, 3.43312763107e-06, 5.38651829629e-06, 1.49570360009e-05],
        "dvar": [1.18997583343e-07, 6.76182535244e-05, 3.92730362364e-05, 7.79675872309e-07, 2.01485527214e-05, 2.78842922086e-08, 2.812007871e-08, 2.66853930952e-07, 1.50292464696e-06, 4.93317720007e-10, 1.35672709178e-10, 8.50099088345e-11, 1.28210025929e-10, 2.51034852627e-11, 2.07971279087e-11, 5.64709954146e-12, 4.32210560744e-12, 3.47237451466e-12, 9.37597742501e-12, 6.15509943361e-12, 6.0181607961e-12, 2.83259049896e-12, 3.94464755998e-12, 3.52149798037e-12, 3.14064160963e-12, 5.43569616401e-12, 6.46746961541e-11],
        "dvar2": [4.33342876249e-07, 0.000193433806999, 0.000117089351988, 2.13242765312e-06, 7.09749801899e-05, 8.61967208721e-08, 7.43940589132e-08, 8.47395043024e-08, 4.33849038473e-07, 8.18650480738e-10, 3.60513285891e-10, 2.43489201024e-10, 2.82637885318e-10, 6.98813854005e-11, 6.2188254546e-11, 1.64670395375e-11, 1.30570831924e-11, 9.63264797788e-12, 3.03404038005e-11, 1.8613076358e-11, 1.69298308011e-11, 9.34052141188e-12, 1.09265131665e-11, 8.99685707878e-12, 8.11792560257e-12, 1.48917943948e-11, 1.3127221532e-10],
        "max": [0.00210487656295, 0.0523207560182, 0.0299234837294, 0.00593428453431, 0.0398979447782, 0.00114487088285, 0.00145904766396, 0.0107942037284, 0.0222091786563, 0.000201583214221, 6.52185917716e-05, 5.64891306567e-05, 0.000147346814629, 2.84119432763e-05, 2.82362416328e-05, 1.81458472071e-05, 1.53720666276e-05, 1.36496400955e-05, 2.30238947552e-05, 1.98466914298e-05, 1.79306680366e-05, 1.329431052e-05, 1.79743983608e-05, 1.75870718522e-05, 1.82495077752e-05, 2.80846852547e-05, 9.26717111724e-05],
        "mean": [0.000304570887238, 0.0141768231988, 0.00785152893513, 0.00104359106626, 0.0133643811569, 0.000248421594733, 0.000417286471929, 0.00159454951063, 0.00343759520911, 2.34299641306e-05, 1.8989230739e-05, 1.97543613467e-05, 2.75185757346e-05, 1.37589640872e-05, 1.02947660707e-05, 7.19297577234e-06, 7.01171302353e-06, 7.30301781005e-06, 1.21142793432e-05, 1.14738659249e-05, 1.0232668501e-05, 8.61091393745e-06, 9.18168734643e-06, 1.00998249764e-05, 1.25798696899e-05, 2.14841493289e-05, 6.61040830892e-05],
        "median": [0.000182234871318, 0.010149391368, 0.00638407142833, 0.000869828392752, 0.0132730789483, 0.000209738180274, 0.000307738839183, 0.00044563494157, 0.000893277174328, 1.69000304595e-05, 1.57530375873e-05, 1.87707737496e-05, 2.01790426217e-05, 1.355720633e-05, 9.39335131989e-06, 6.86866178512e-06, 6.40359667159e-06, 7.22517506802e-06, 1.17949703053e-05, 1.13382302516e-05, 9.91595697997e-06, 8.30913268146e-06, 8.9646100605e-06, 1.00229917734e-05, 1.25096503325e-05, 2.17363176489e-05, 6.65532206767e-05],
        "min": [7.61262708693e-06, 0.000972086389083, 0.000317493017064, 6.2681712734e-05, 0.00153504719492, 3.28645000991e-05, 5.99371160206e-05, 5.34330720257e-05, 6.24370295554e-05, 4.45598197985e-06, 3.2878510865e-06, 3.72783824787e-06, 4.223484666e-06, 4.09704989579e-06, 3.25431460624e-06, 2.26439510698e-06, 1.09947654892e-06, 3.1071997455e-06, 6.15832414042e-06, 5.11390908287e-06, 5.18530441695e-06, 3.53269388143e-06, 4.46731655757e-06, 4.96175698572e-06, 7.47104559196e-06, 8.42421559355e-06, 2.69199808827e-05],
        "var": [1.28343984329e-07, 0.000140199277666, 3.67203356291e-05, 8.14938061922e-07, 6.00253915763e-05, 3.5858967351e-08, 1.04425950553e-07, 6.05538662057e-06, 2.89370382234e-05, 5.90560600422e-10, 1.67002633944e-10, 9.8094393719e-11, 7.56386064893e-10, 3.14737159945e-11, 2.27834331262e-11, 8.7117257852e-12, 6.58767354902e-12, 5.02835967309e-12, 1.40623797329e-11, 1.07624612347e-11, 7.05797963477e-12, 3.39645759434e-12, 4.83521382655e-12, 3.96089671478e-12, 4.26085512359e-12, 9.64332520087e-12, 8.2889153874e-11]
    },
    "erbbands": {
        "dmean": [0.171569466591, 2.38141012192, 9.19335174561, 4.68647003174, 8.63589572906, 9.62755870819, 1.91071534157, 0.853399634361, 2.25268983841, 0.804567158222, 14.3753585815, 7.67649936676, 0.618264198303, 0.42412891984, 0.468140602112, 0.350849449635, 0.46256557107, 0.315625607967, 0.247307658195, 0.196805164218, 0.160765618086, 0.148570656776, 0.131897389889, 0.17340734601, 0.243426606059, 0.167955249548, 0.14400537312, 0.0952364504337, 0.0784345120192, 0.06813159585, 0.0705484673381, 0.0527572147548, 0.0341426618397, 0.0241508856416, 0.0166014917195, 0.0126358289272, 0.00810471829027, 0.00425153691322, 0.00120879593305, 0.000198809037101],
        "dmean2": [0.304012030363, 4.32523775101, 17.200630188, 8.76995658875, 15.8130578995, 16.6505737305, 3.30856585503, 1.55359458923, 3.86417818069, 1.31717538834, 8.86849117279, 4.85399055481, 0.913327753544, 0.753826498985, 0.821839272976, 0.627730965614, 0.78751283884, 0.592293679714, 0.436484575272, 0.348554909229, 0.292423516512, 0.262957304716, 0.216592431068, 0.300458222628, 0.402686566114, 0.293792843819, 0.254727482796, 0.156695023179, 0.138280391693, 0.112557522953, 0.118996717036, 0.0922510847449, 0.0582602843642, 0.0403237827122, 0.02496201545, 0.0219896752387, 0.0139960395172, 0.00715856673196, 0.0019134550821, 0.000342956365785],
        "dvar": [0.0238400101662, 4.88723516464, 52.8726806641, 16.1108036041, 178.292358398, 134.292007446, 2.44022989273, 0.617972970009, 7.5727186203, 0.886061310768, 949.961547852, 271.296234131, 0.865675806999, 0.166479378939, 0.150436997414, 0.0963835269213, 0.242573738098, 0.0602495670319, 0.0363121777773, 0.0234649870545, 0.017277488485, 0.0140057606623, 0.0107262339443, 0.0191905684769, 0.0344691500068, 0.0145371612161, 0.0133516043425, 0.00576023617759, 0.00452324654907, 0.00444636307657, 0.00291674095206, 0.00247093127109, 0.000695759954397, 0.000343779975083, 0.000172388274223, 0.000105543644167, 3.49598667526e-05, 1.53192813741e-05, 1.14295221465e-06, 2.67904791684e-08],
        "dvar2": [0.0637404769659, 14.653429985, 159.968017578, 46.919593811, 636.042053223, 449.257232666, 7.43361854553, 1.86132097244, 19.2608833313, 1.22207915783, 265.661804199, 70.3126068115, 1.42454946041, 0.477791279554, 0.435306221247, 0.271047234535, 0.580526769161, 0.179957062006, 0.112399064004, 0.0693190544844, 0.052555590868, 0.0439162738621, 0.0292787123471, 0.0644086971879, 0.101374275982, 0.0422675125301, 0.0383021943271, 0.0145781431347, 0.0140768941492, 0.0127856591716, 0.00764465099201, 0.00710839405656, 0.00191970297601, 0.000829513708595, 0.000514269515406, 0.000275164435152, 0.000102994279587, 4.14213900513e-05, 2.58800491792e-06, 5.92356599327e-08],
        "max": [1.07860612869, 13.6624317169, 31.4160518646, 21.6565723419, 108.174461365, 115.549079895, 12.0219650269, 5.56616544724, 25.1500225067, 16.0934734344, 584.449890137, 326.879089355, 13.3497972488, 2.58478331566, 2.57679510117, 2.40630793571, 6.52265405655, 1.51348459721, 1.09991121292, 0.997656464577, 0.976908028126, 0.827914476395, 0.770868420601, 0.971282184124, 1.4660358429, 0.993715882301, 0.856859743595, 0.576696574688, 0.502402663231, 0.538098633289, 0.493844181299, 0.437314331532, 0.244882687926, 0.217741161585, 0.145898610353, 0.0938630625606, 0.0642731785774, 0.0368836261332, 0.011733843945, 0.00182045635302],
        "mean": [0.231525734067, 3.74204611778, 10.0455760956, 6.55908203125, 31.351896286, 44.6906471252, 4.3896150589, 1.80954432487, 7.13401985168, 3.44709992409, 87.8307800293, 50.8251419067, 2.29933905602, 0.761991679668, 0.841214954853, 0.871340811253, 1.27268445492, 0.714508831501, 0.603714346886, 0.461266517639, 0.403010129929, 0.39162248373, 0.417744189501, 0.486256062984, 0.653786480427, 0.540761351585, 0.474965423346, 0.361603498459, 0.313147693872, 0.29156512022, 0.258695423603, 0.213021948934, 0.16721226275, 0.128139823675, 0.0969141870737, 0.0648471191525, 0.0433341823518, 0.0224474165589, 0.00827611517161, 0.00118682999164],
        "median": [0.20043464005, 2.62361836433, 7.52863407135, 5.62977027893, 31.3509902954, 43.9334182739, 4.03128957748, 1.62113833427, 5.18936777115, 2.01223540306, 23.8009986877, 12.9691905975, 1.12980985641, 0.615131020546, 0.840481102467, 0.735446691513, 0.897022902966, 0.70753633976, 0.572292208672, 0.43005618453, 0.3707434237, 0.360755443573, 0.40580919385, 0.450034409761, 0.636861383915, 0.530867815018, 0.46395355463, 0.36676388979, 0.314070165157, 0.289841324091, 0.245008125901, 0.203955844045, 0.169833630323, 0.12620896101, 0.0932393223047, 0.0641233474016, 0.0441183187068, 0.0220835469663, 0.00848002452403, 0.00116985361092],
        "min": [0.0155570153147, 0.259859770536, 0.423649638891, 0.865143597126, 4.572909832, 5.15135669708, 0.69768512249, 0.330640822649, 0.980254113674, 0.414653033018, 3.14190769196, 1.23780715466, 0.386128246784, 0.17308819294, 0.216336712241, 0.255493104458, 0.301599979401, 0.194019496441, 0.271811276674, 0.180261239409, 0.136726140976, 0.0805395916104, 0.205017790198, 0.223447918892, 0.272339791059, 0.276370555162, 0.197513118386, 0.19083352387, 0.136951640248, 0.123204194009, 0.112308956683, 0.0916329473257, 0.0760594978929, 0.0853608176112, 0.059749212116, 0.0281663816422, 0.0192205682397, 0.00602049287409, 0.0028166512493, 0.000577607715968],
        "var": [0.0354520492256, 9.97852802277, 54.2314529419, 16.5811634064, 343.11517334, 652.648498535, 6.6220407486, 1.1451138258, 30.7569446564, 13.686920166, 18840.0410156, 6234.81152344, 7.72634458542, 0.243112117052, 0.20428353548, 0.21348041296, 1.42353272438, 0.0685943812132, 0.0410153865814, 0.0321601331234, 0.0231006406248, 0.018716044724, 0.0160284601152, 0.0250711273402, 0.0557568818331, 0.0224187485874, 0.0170812662691, 0.00774044776335, 0.00473408121616, 0.00443636626005, 0.00423070555553, 0.00267571560107, 0.00095597555628, 0.000513101171236, 0.000278210325632, 0.00012587387755, 5.72231838305e-05, 1.98599536816e-05, 1.78819573193e-06, 3.44756223569e-08]
    },
    "gfcc": {
        "mean": [-30.2575836182, 93.4855957031, -15.8542480469, 18.4351978302, -37.0799713135, -3.08574271202, -17.5998497009, 3.76429653168, -15.4998369217, -2.74710226059, -21.9702339172, -17.4612369537, -20.3348827362],
        "cov": [[188.804595947, 162.544113159, 7.02447652817, -90.9226226807, -101.745574951, -59.0272140503, -7.185131073, 29.3692417145, 25.6819648743, 2.58314442635, -28.5797176361, -54.3731575012, -43.9039802551], [162.544113159, 172.204467773, 16.7782897949, -79.7220611572, -91.1571807861, -50.3466262817, -4.68439912796, 29.3293571472, 24.577917099, 4.25032138824, -23.0417728424, -49.4044761658, -41.7249069214], [7.02447652817, 16.7782897949, 35.9681777954, 32.6845092773, 22.7065982819, 11.3252906799, -0.463792979717, -3.49330949783, 6.58848714828, 6.79556655884, 3.79169917107, 3.87364339828, 2.26395082474], [-90.9226226807, -79.7220611572, 32.6845092773, 110.307762146, 109.751014709, 60.2217483521, 6.78222560883, -20.4258460999, -7.8056602478, 6.10092115402, 21.191072464, 39.9224777222, 31.7014503479], [-101.745574951, -91.1571807861, 22.7065982819, 109.751014709, 128.122894287, 74.1002883911, 10.9964170456, -19.56275177, -11.2124614716, 3.62749791145, 23.3653659821, 46.443397522, 36.4374732971], [-59.0272140503, -50.3466262817, 11.3252906799, 60.2217483521, 74.1002883911, 56.8172836304, 15.7816753387, -8.51326274872, -6.32824039459, -0.0577548034489, 16.9763069153, 32.1512145996, 23.6295871735], [-7.185131073, -4.68439912796, -0.463792979717, 6.78222560883, 10.9964170456, 15.7816753387, 16.8448448181, 6.20326662064, -0.333473354578, -0.695898890495, 4.30086803436, 7.06006097794, 5.04477500916], [29.3692417145, 29.3293571472, -3.49330949783, -20.4258460999, -19.56275177, -8.51326274872, 6.20326662064, 20.1452522278, 8.42899894714, -2.43461179733, -4.69360637665, -6.93989944458, -4.38420772552], [25.6819648743, 24.577917099, 6.58848714828, -7.8056602478, -11.2124614716, -6.32824039459, -0.333473354578, 8.42899894714, 19.0411510468, 7.59818744659, -2.35058355331, -5.74963092804, -3.06077170372], [2.58314442635, 4.25032138824, 6.79556655884, 6.10092115402, 3.62749791145, -0.0577548034489, -0.695898890495, -2.43461179733, 7.59818744659, 14.00141716, 3.94277715683, -2.71703839302, -2.05498957634], [-28.5797176361, -23.0417728424, 3.79169917107, 21.191072464, 23.3653659821, 16.9763069153, 4.30086803436, -4.69360637665, -2.35058355331, 3.94277715683, 17.567150116, 19.0347976685, 12.9817991257], [-54.3731575012, -49.4044761658, 3.87364339828, 39.9224777222, 46.443397522, 32.1512145996, 7.06006097794, -6.93989944458, -5.74963092804, -2.71703839302, 19.0347976685, 43.1224937439, 31.1187324524], [-43.9039802551, -41.7249069214, 2.26395082474, 31.7014503479, 36.4374732971, 23.6295871735, 5.04477500916, -4.38420772552, -3.06077170372, -2.05498957634, 12.9817991257, 31.1187324524, 30.1466884613]],
        "icov": [[0.0340843610466, -0.0279241725802, 0.00279364874586, 0.00419018836692, -0.00235211639665, 0.00560929672793, -0.00290284119546, 0.00395792070776, -0.0103674186394, 0.0033387655858, 0.00944487843663, 0.00103156932164, -7.56815206842e-05], [-0.0279241725802, 0.0481594055891, -0.0363986417651, 0.0223318748176, -0.000277576444205, -0.0103799002245, 0.00719730323181, -0.02215831168, 0.00711286813021, -0.00543262949213, -0.00571197876707, 0.000994854723103, 0.0110674761236], [0.00279364874586, -0.0363986417651, 0.105231292546, -0.0821665525436, 0.0326857380569, -0.00372944353148, 0.00347525649704, 0.019250465557, -0.0184987243265, -4.56321807007e-08, -0.00115369539708, -0.00332286837511, -0.000124440673972], [0.00419018836692, 0.0223318748176, -0.0821665525436, 0.136658996344, -0.0951560884714, 0.0256645958871, -0.013263518922, 0.00835895724595, -0.00213128142059, 0.00102335517295, -0.00508987158537, 0.00286956643686, -0.00311096012592], [-0.00235211639665, -0.000277576444205, 0.0326857380569, -0.0951560884714, 0.130359515548, -0.0952848270535, 0.0495509579778, -0.0275716166943, 0.0245350189507, -0.0315566696227, 0.0219386443496, -0.00339281302877, -0.00698321592063], [0.00560929672793, -0.0103799002245, -0.00372944353148, 0.0256645958871, -0.0952848270535, 0.155201137066, -0.100172743201, 0.0469035133719, -0.0340486317873, 0.0465095899999, -0.0283119156957, -0.0144522199407, 0.011020376347], [-0.00290284119546, 0.00719730323181, 0.00347525649704, -0.013263518922, 0.0495509579778, -0.100172743201, 0.15456353128, -0.0808097049594, 0.0391362458467, -0.0402327403426, 0.00609959848225, 0.000977981137112, -0.00197495776229], [0.00395792070776, -0.02215831168, 0.019250465557, 0.00835895724595, -0.0275716166943, 0.0469035133719, -0.0808097049594, 0.140218988061, -0.069650053978, 0.0624642297626, -0.0134603232145, 0.00964919663966, -0.011641876772], [-0.0103674186394, 0.00711286813021, -0.0184987243265, -0.00213128142059, 0.0245350189507, -0.0340486317873, 0.0391362458467, -0.069650053978, 0.133135214448, -0.0935063734651, 0.0341899730265, -0.00924246478826, -0.0193078201264], [0.0033387655858, -0.00543262949213, -4.56321807007e-08, 0.00102335517295, -0.0315566696227, 0.0465095899999, -0.0402327403426, 0.0624642297626, -0.0935063734651, 0.172124326229, -0.0813549757004, 0.0409360304475, 0.00878704153001], [0.00944487843663, -0.00571197876707, -0.00115369539708, -0.00508987158537, 0.0219386443496, -0.0283119156957, 0.00609959848225, -0.0134603232145, 0.0341899730265, -0.0813549757004, 0.159407243133, -0.0716505423188, 0.00722717866302], [0.00103156932164, 0.000994854723103, -0.00332286837511, 0.00286956643686, -0.00339281302877, -0.0144522199407, 0.000977981137112, 0.00964919663966, -0.00924246478826, 0.0409360304475, -0.0716505423188, 0.142526045442, -0.0976357161999], [-7.56815206842e-05, 0.0110674761236, -0.000124440673972, -0.00311096012592, -0.00698321592063, 0.011020376347, -0.00197495776229, -0.011641876772, -0.0193078201264, 0.00878704153001, 0.00722717866302, -0.0976357161999, 0.146409958601]]
    },
    "melbands": {
        "dmean": [0.00197513937019, 0.00407030479982, 0.000807751610409, 0.000832550402265, 7.82825591159e-05, 2.26685260714e-05, 3.27318557538e-05, 6.10913912169e-06, 0.000150813240907, 3.93683949369e-05, 2.81851998807e-06, 1.81553025413e-06, 1.54073768499e-06, 1.1979585679e-06, 1.34114850425e-06, 7.5349061035e-07, 6.31561135833e-07, 4.28419923537e-07, 4.05734539299e-07, 1.96623403781e-07, 2.14690388134e-07, 1.88407540236e-07, 1.42301658457e-07, 1.175376525e-07, 1.64630577615e-07, 2.04832943496e-07, 1.51939602233e-07, 1.21680386655e-07, 1.0814589757e-07, 8.80751116483e-08, 5.59193900074e-08, 5.40868896337e-08, 4.16011758375e-08, 4.84115894039e-08, 4.77840487179e-08, 3.9779642691e-08, 3.60954928169e-08, 2.7786635215e-08, 2.73646865168e-08, 2.46814320093e-08],
        "dmean2": [0.00355712021701, 0.00769346440211, 0.00148828292731, 0.00144760147668, 0.000140455522342, 4.11744367739e-05, 5.5457578128e-05, 1.06797215267e-05, 9.16106728255e-05, 2.51924520853e-05, 4.40526127932e-06, 3.15606757795e-06, 2.76245623354e-06, 2.12474014916e-06, 2.33525452131e-06, 1.34298511512e-06, 1.16511671422e-06, 7.2898143344e-07, 7.43758903354e-07, 3.35798688411e-07, 3.89706002579e-07, 3.31514570462e-07, 2.43312001658e-07, 1.89663282413e-07, 2.93504996307e-07, 3.27601782146e-07, 2.49016494536e-07, 2.1546594553e-07, 1.92577473968e-07, 1.50008688138e-07, 8.96437128972e-08, 9.42380609104e-08, 7.3507152365e-08, 8.17837388922e-08, 8.04828985679e-08, 6.955405496e-08, 6.32722390037e-08, 4.70516496875e-08, 4.58262050529e-08, 4.03510327374e-08],
        "dvar": [3.11525991492e-06, 1.07413288788e-05, 4.61180945877e-07, 1.42661690461e-06, 3.20916848651e-09, 4.31044921978e-10, 1.53254797741e-09, 2.83906873705e-11, 1.09947279725e-07, 7.18311454762e-09, 3.1143341378e-11, 2.61337479435e-12, 1.55066291838e-12, 8.86560464798e-13, 2.09014337955e-12, 4.44193076418e-13, 2.48213369346e-13, 8.54677453485e-14, 1.54987540813e-13, 2.43085885893e-14, 3.35278984751e-14, 2.44147556989e-14, 2.09063570898e-14, 7.59480403101e-15, 1.99535365037e-14, 2.58308829784e-14, 1.55225377501e-14, 7.87684313256e-15, 6.54720215217e-15, 5.40164684222e-15, 1.77523314432e-15, 2.10333421517e-15, 1.10320429787e-15, 1.67852739273e-15, 1.24812792937e-15, 1.15017778051e-15, 9.43931398838e-16, 4.91724754617e-16, 4.55911989849e-16, 3.56814587795e-16],
        "dvar2": [8.46224338602e-06, 3.14466888085e-05, 1.45966407672e-06, 4.95428275826e-06, 1.02566790616e-08, 1.33833288896e-09, 3.98650001898e-09, 6.25844931434e-11, 3.11353289817e-08, 1.89071869272e-09, 3.91765821173e-11, 7.75368484696e-12, 4.27739961506e-12, 2.67068637171e-12, 5.25024945394e-12, 1.0901581287e-12, 7.33292604155e-13, 2.84496438994e-13, 4.62897840718e-13, 7.29108478236e-14, 1.07128254835e-13, 7.67109899907e-14, 6.28659586411e-14, 2.43564035992e-14, 6.22235010912e-14, 7.68326916846e-14, 4.41000182335e-14, 2.36951622467e-14, 1.82870076504e-14, 1.54046663392e-14, 4.74473679272e-15, 6.69976506795e-15, 3.06332091177e-15, 4.72477222616e-15, 2.76194404803e-15, 3.40848810832e-15, 2.61673337824e-15, 1.52052610191e-15, 1.20293967455e-15, 8.7441625189e-16],
        "max": [0.0122963320464, 0.015823200345, 0.00418883003294, 0.0109182810411, 0.000593450153247, 0.0001467254624, 0.000353325391188, 5.11831276526e-05, 0.00617568707094, 0.00168257579207, 5.31246805622e-05, 9.90974876913e-06, 8.00662201073e-06, 5.97366943111e-06, 1.82028779818e-05, 7.93018989498e-06, 2.84912152893e-06, 1.87620116776e-06, 2.38595202973e-06, 1.17735760341e-06, 1.22678579828e-06, 1.02362605503e-06, 9.03130853658e-07, 7.83941288773e-07, 9.08381025511e-07, 1.0488896578e-06, 1.0890315707e-06, 6.24280005468e-07, 5.84969370721e-07, 4.61182622757e-07, 3.26077838508e-07, 3.03404021906e-07, 2.87610362193e-07, 3.20698575251e-07, 3.06215241608e-07, 2.53295951325e-07, 2.8018678222e-07, 1.86242147038e-07, 1.81247898468e-07, 1.99969662162e-07],
        "mean": [0.00306466361508, 0.00544561585411, 0.00139199313708, 0.0037796117831, 0.000256366532994, 4.13575289713e-05, 0.000100068456959, 1.32032564579e-05, 0.00093078345526, 0.00026345506194, 4.11478322349e-06, 2.67394989351e-06, 2.64843606601e-06, 2.15487420974e-06, 3.45663033841e-06, 1.91391382032e-06, 1.30598959913e-06, 1.00370527889e-06, 7.57998577683e-07, 5.06194169247e-07, 4.68568885026e-07, 4.03452844466e-07, 3.89504208442e-07, 3.52366924972e-07, 3.8478842157e-07, 4.8983963552e-07, 4.25189995212e-07, 3.38957732993e-07, 3.17817097084e-07, 2.37872413322e-07, 1.95042289874e-07, 1.82317592134e-07, 1.56287995878e-07, 1.63242134477e-07, 1.51710480623e-07, 1.33975802896e-07, 1.27626847757e-07, 1.16082524926e-07, 1.10768468176e-07, 1.0658724392e-07],
        "median": [0.00232825800776, 0.00416066870093, 0.00123348063789, 0.00373578816652, 0.000254637940088, 3.56034288416e-05, 7.25954960217e-05, 1.14223603305e-05, 0.000249884731602, 6.6959837568e-05, 2.70062378149e-06, 2.06349159271e-06, 2.323785111e-06, 1.94851281776e-06, 2.61111244981e-06, 1.49833556407e-06, 1.30368755435e-06, 9.8777832136e-07, 7.02131160324e-07, 4.92942433539e-07, 4.0795566747e-07, 3.58274206747e-07, 3.67720303984e-07, 3.39511160519e-07, 3.47626809116e-07, 4.60192836726e-07, 4.04604435289e-07, 3.24966975995e-07, 3.20987908253e-07, 2.25053952363e-07, 1.98565444975e-07, 1.79807543077e-07, 1.55330596385e-07, 1.59650539899e-07, 1.46437557191e-07, 1.28015017253e-07, 1.24090689724e-07, 1.16812557849e-07, 1.08915763519e-07, 1.03104511595e-07],
        "min": [0.000210195794352, 0.000351440103259, 0.000233128739637, 0.000414202164393, 3.93745103793e-05, 7.86527562013e-06, 1.37310844366e-05, 1.80633583113e-06, 3.13923483191e-05, 5.76735828872e-06, 5.6880764987e-07, 3.85724121088e-07, 6.39765346477e-07, 5.19641673691e-07, 3.92733227272e-07, 4.36295721329e-07, 2.72144546898e-07, 3.46673033391e-07, 2.49500203608e-07, 1.52435717382e-07, 1.47957820218e-07, 7.00048587987e-08, 1.29991690301e-07, 1.43824493648e-07, 1.47447224208e-07, 1.94986910174e-07, 2.01812312639e-07, 1.45434157162e-07, 8.67063576493e-08, 1.06023279045e-07, 1.02349801523e-07, 6.89887187377e-08, 7.59451239674e-08, 6.80676848219e-08, 5.51159864415e-08, 7.96167398676e-08, 5.1106201937e-08, 4.65152218965e-08, 5.05684347729e-08, 6.39654444967e-08],
        "var": [6.13233032709e-06, 1.45522053572e-05, 5.82632821988e-07, 4.74974785902e-06, 1.96984064615e-08, 6.88384127479e-10, 6.00642247051e-09, 1.00498505351e-10, 2.12630652641e-06, 1.66765957488e-07, 3.62978293256e-11, 3.66145481989e-12, 2.29455798979e-12, 1.07283030116e-12, 1.06048858931e-11, 1.95960630535e-12, 2.8559492553e-13, 1.20493431855e-13, 1.45509391212e-13, 3.96798919948e-14, 4.09205411526e-14, 3.05304386102e-14, 1.93775236064e-14, 1.23374228178e-14, 2.4116715298e-14, 3.8530563153e-14, 2.42933250556e-14, 1.16907860075e-14, 1.00046559646e-14, 5.6526434568e-15, 2.88563457526e-15, 2.22220237207e-15, 1.44239144181e-15, 2.01789760167e-15, 2.07285161698e-15, 1.23092405494e-15, 1.17070001239e-15, 6.05578052947e-16, 6.98748183134e-16, 5.58950953844e-16]
    },
    "mfcc": {
        "mean": [-717.546386719, 149.666107178, 63.2781448364, 38.9513244629, 12.5826120377, 8.04214572906, 7.61986684799, 2.7498190403, 4.63335895538, 12.097413063, 7.18715572357, -0.779610931873, -8.73971748352],
        "cov": [[143.775787354, 124.739624023, 31.9302978516, -25.2251396179, -46.9704780579, -55.5977554321, -40.8440551758, -24.4956817627, -5.35454750061, 17.5722026825, 36.8163566589, 17.8980903625, -20.4872684479], [124.739624023, 145.407623291, 41.1190261841, -27.366191864, -50.9438667297, -58.8017158508, -39.8723068237, -24.717464447, -6.64500904083, 18.888961792, 40.6034622192, 18.8484783173, -18.5393867493], [31.9302978516, 41.1190261841, 34.5837745667, 6.37533378601, -6.1405954361, -8.64402198792, -13.0193119049, -8.63026046753, -1.13511431217, 6.8023481369, 12.7549648285, 8.80228233337, -3.93269538879], [-25.2251396179, -27.366191864, 6.37533378601, 37.9931755066, 38.0178451538, 30.2812900543, 12.9680309296, 3.60131144524, 7.71422100067, -1.11695146561, -4.73455762863, -1.70387387276, 9.70876121521], [-46.9704780579, -50.9438667297, -6.1405954361, 38.0178451538, 69.2601013184, 55.5674743652, 28.3543205261, 19.8598041534, 13.3673534393, -4.227622509, -16.595823288, -6.62581348419, 17.461517334], [-55.5977554321, -58.8017158508, -8.64402198792, 30.2812900543, 55.5674743652, 67.4613952637, 35.2369689941, 21.4205436707, 10.0178623199, -4.29270267487, -18.4101581573, -6.05330514908, 18.7438697815], [-40.8440551758, -39.8723068237, -13.0193119049, 12.9680309296, 28.3543205261, 35.2369689941, 38.5731163025, 24.7363948822, 6.15607881546, -3.91411018372, -17.4310131073, -9.13713264465, 12.4554510117], [-24.4956817627, -24.717464447, -8.63026046753, 3.60131144524, 19.8598041534, 21.4205436707, 24.7363948822, 36.8538246155, 12.8155956268, -5.37469768524, -17.440279007, -8.3027715683, 11.1063241959], [-5.35454750061, -6.64500904083, -1.13511431217, 7.71422100067, 13.3673534393, 10.0178623199, 6.15607881546, 12.8155956268, 17.4685516357, 2.54536509514, -5.11201953888, -1.82810115814, 1.9067504406], [17.5722026825, 18.888961792, 6.8023481369, -1.11695146561, -4.227622509, -4.29270267487, -3.91411018372, -5.37469768524, 2.54536509514, 22.2350578308, 11.2923612595, 1.27443671227, -5.13483715057], [36.8163566589, 40.6034622192, 12.7549648285, -4.73455762863, -16.595823288, -18.4101581573, -17.4310131073, -17.440279007, -5.11201953888, 11.2923612595, 28.3227024078, 10.1591625214, -8.57602882385], [17.8980903625, 18.8484783173, 8.80228233337, -1.70387387276, -6.62581348419, -6.05330514908, -9.13713264465, -8.3027715683, -1.82810115814, 1.27443671227, 10.1591625214, 15.1831026077, -3.27908086777], [-20.4872684479, -18.5393867493, -3.93269538879, 9.70876121521, 17.461517334, 18.7438697815, 12.4554510117, 11.1063241959, 1.9067504406, -5.13483715057, -8.57602882385, -3.27908086777, 18.8417854309]],
