{
"lowlevel": {
    "average_loudness": 0.987311184406,
    "barkbands_crest": {
        "dmean": 1.83838438988,
        "dmean2": 2.569876194,
        "dvar": 6.00831890106,
        "dvar2": 13.5210189819,
        "max": 26.5193252563,
        "mean": 19.5403556824,
        "median": 21.4235095978,
        "min": 7.01724147797,
        "var": 33.1588554382
    },
    "barkbands_flatness_db": {
        "dmean": 0.0299809984863,
        "dmean2": 0.0343293994665,
        "dvar": 0.00125280523207,
        "dvar2": 0.00181405828334,
        "max": 0.450864702463,
        "mean": 0.314273059368,
        "median": 0.330650895834,
        "min": 0.0679027363658,
        "var": 0.00845033209771
    },
    "barkbands_kurtosis": {
        "dmean": 15.5273084641,
        "dmean2": 23.6536979675,
        "dvar": 433.022888184,
        "dvar2": 1197.07458496,
        "max": 213.804046631,
        "mean": 31.2391662598,
        "median": 15.8245811462,
        "min": -1.14378130436,
        "var": 1615.5826416
    },
    "barkbands_skewness": {
        "dmean": 0.975050210953,
        "dmean2": 1.37052321434,
        "dvar": 1.50272727013,
        "dvar2": 4.07744026184,
        "max": 10.1071529388,
        "mean": 0.100944794714,
        "median": 0.112474039197,
        "min": -7.05922269821,
        "var": 6.31557321548
    },
    "barkbands_spread": {
        "dmean": 2.80883097649,
        "dmean2": 4.69582176208,
        "dvar": 77.8041915894,
        "dvar2": 212.410949707,
        "max": 67.9149703979,
        "mean": 4.11359930038,
        "median": 2.61829137802,
        "min": 0.302114129066,
        "var": 65.3682479858
    },
    "dissonance": {
        "dmean": 0.0881007984281,
        "dmean2": 0.152427434921,
        "dvar": 0.00427351566032,
        "dvar2": 0.0121859461069,
        "max": 0.4982188344,
        "mean": 0.354281246662,
        "median": 0.3513032794,
        "min": 0.10620624572,
        "var": 0.00934900995344
    },
    "dynamic_complexity": 4.34541559219,
    "erbbands_crest": {
        "dmean": 1.92721688747,
        "dmean2": 2.7598388195,
        "dvar": 8.07725811005,
        "dvar2": 19.5113487244,
        "max": 32.2561645508,
        "mean": 22.6398715973,
        "median": 24.5574054718,
        "min": 7.30171203613,
        "var": 27.4026355743
    },
    "erbbands_flatness_db": {
        "dmean": 0.0281214322895,
        "dmean2": 0.0317878350616,
        "dvar": 0.00102736020926,
        "dvar2": 0.00145064189564,
        "max": 0.485958755016,
        "mean": 0.368939787149,
        "median": 0.392280101776,
        "min": 0.102116897702,
        "var": 0.00779704097658
    },
    "erbbands_kurtosis": {
        "dmean": 9.98736476898,
        "dmean2": 12.4130706787,
        "dvar": 141.602142334,
        "dvar2": 283.919158936,
        "max": 138.93649292,
        "mean": 32.9533195496,
        "median": 15.5694999695,
        "min": -1.47776973248,
        "var": 1344.00219727
    },
    "erbbands_skewness": {
        "dmean": 0.794507920742,
        "dmean2": 1.09599971771,
        "dvar": 0.547011554241,
        "dvar2": 1.38423109055,
        "max": 7.355905056,
        "mean": 2.03176236153,
        "median": 2.0447845459,
        "min": -1.79285418987,
        "var": 5.98117637634
    },
    "erbbands_spread": {
        "dmean": 2.30902075768,
        "dmean2": 3.68781399727,
        "dvar": 45.8558273315,
        "dvar2": 124.722824097,
        "max": 53.7005958557,
        "mean": 4.72016811371,
        "median": 3.12338209152,
        "min": 0.42978733778,
        "var": 44.7594795227
    },
    "hfc": {
        "dmean": 5.21212291718,
        "dmean2": 7.62597990036,
        "dvar": 95.0565948486,
        "dvar2": 223.084838867,
        "max": 71.246887207,
        "mean": 27.6082553864,
        "median": 19.9544773102,
        "min": 0.179069235921,
        "var": 535.993713379
    },
    "melbands_crest": {
        "dmean": 1.86777341366,
        "dmean2": 2.65706419945,
        "dvar": 4.54445695877,
        "dvar2": 12.9012327194,
        "max": 31.7304801941,
        "mean": 22.3193206787,
        "median": 22.9748210907,
        "min": 7.892121315,
        "var": 31.4221305847
    },
    "melbands_flatness_db": {
        "dmean": 0.0306496061385,
        "dmean2": 0.0357947796583,
        "dvar": 0.00157675414812,
        "dvar2": 0.0022515556775,
        "max": 0.538838386536,
        "mean": 0.377141207457,
        "median": 0.394309878349,
        "min": 0.116805367172,
        "var": 0.0091464612633
    },
    "melbands_kurtosis": {
        "dmean": 8.16334342957,
        "dmean2": 13.2573814392,
        "dvar": 138.569320679,
        "dvar2": 366.327148438,
        "max": 132.734283447,
        "mean": 15.9273786545,
        "median": 7.4445476532,
        "min": -1.57013392448,
        "var": 530.027709961
    },
    "melbands_skewness": {
        "dmean": 0.70062816143,
        "dmean2": 0.9985268116,
        "dvar": 0.66169655323,
        "dvar2": 1.59354507923,
        "max": 3.88492393494,
        "mean": -0.930047154427,
        "median": -0.541642010212,
        "min": -5.22148942947,
        "var": 3.01024127007
    },
    "melbands_spread": {
        "dmean": 2.06098127365,
        "dmean2": 3.20263671875,
        "dvar": 10.2063913345,
        "dvar2": 24.3201007843,
        "max": 30.4789962769,
        "mean": 6.578748703,
        "median": 6.29427433014,
        "min": 0.625007271767,
        "var": 23.1386070251
    },
    "pitch_salience": {
        "dmean": 0.0642883852124,
        "dmean2": 0.0929248929024,
        "dvar": 0.00818736571819,
        "dvar2": 0.0183713771403,
        "max": 0.876773238182,
        "mean": 0.363026082516,
        "median": 0.375600755215,
        "min": 0.0912642106414,
        "var": 0.0305647607893
    },
    "silence_rate_20dB": {
        "dmean": 0,
        "dmean2": 0,
        "dvar": 0,
        "dvar2": 0,
        "max": 1,
        "mean": 1,
        "median": 1,
        "min": 1,
        "var": 0
    },
    "silence_rate_30dB": {
        "dmean": 0,
        "dmean2": 0,
        "dvar": 0,
        "dvar2": 0,
        "max": 1,
        "mean": 1,
        "median": 1,
        "min": 1,
        "var": 0
    },
    "silence_rate_60dB": {
        "dmean": 0.0666666701436,
        "dmean2": 0.13483145833,
        "dvar": 0.0622222945094,
        "dvar2": 0.116652101278,
        "max": 1,
        "mean": 0.131868138909,
        "median": 0,
        "min": 0,
        "var": 0.114479005337
    },
    "spectral_centroid": {
        "dmean": 51.7136497498,
        "dmean2": 81.3653411865,
        "dvar": 11298.0732422,
        "dvar2": 27930.3828125,
        "max": 1472.04162598,
        "mean": 942.606201172,
        "median": 924.887084961,
        "min": 496.947753906,
        "var": 38338.0273438
    },
    "spectral_complexity": {
        "dmean": 1.35555553436,
        "dmean2": 2.33707857132,
        "dvar": 8.49579715729,
        "dvar2": 21.2346801758,
        "max": 20,
        "mean": 4.96703290939,
        "median": 3,
        "min": 1,
        "var": 17.064863205
    },
    "spectral_decrease": {
        "dmean": 1.20012788596e-09,
        "dmean2": 1.75160874694e-09,
        "dvar": 3.88744116781e-18,
        "dvar2": 8.03425391568e-18,
        "max": -5.59139887168e-11,
        "mean": -6.53178799936e-09,
        "median": -5.66038682592e-09,
        "min": -1.5471220749e-08,
        "var": 2.5401161512e-17
    },
    "spectral_energy": {
        "dmean": 0.00498758116737,
        "dmean2": 0.00729906000197,
        "dvar": 6.86385174049e-05,
        "dvar2": 0.000143868950545,
        "max": 0.064797706902,
        "mean": 0.0271565057337,
        "median": 0.0231192242354,
        "min": 0.000237450134591,
        "var": 0.000443802011432
    },
    "spectral_energyband_high": {
        "dmean": 8.17702893983e-05,
        "dmean2": 0.00015071965754,
        "dvar": 1.05039390519e-07,
        "dvar2": 2.99632120004e-07,
        "max": 0.00206476799212,
        "mean": 7.78374669608e-05,
        "median": 6.75408819006e-06,
        "min": 8.20656794076e-07,
        "var": 6.72619506759e-08
    },
    "spectral_energyband_low": {
        "dmean": 5.51946832275e-05,
        "dmean2": 9.28618828766e-05,
        "dvar": 2.66640709512e-09,
        "dvar2": 7.94092969159e-09,
        "max": 0.000302135478705,
        "mean": 9.01852326933e-05,
        "median": 7.59097601986e-05,
        "min": 3.60555168299e-06,
        "var": 4.76955985818e-09
    },
    "spectral_energyband_middle_high": {
        "dmean": 0.00384809053503,
        "dmean2": 0.00506535824388,
        "dvar": 3.22426603816e-05,
        "dvar2": 7.00030868757e-05,
        "max": 0.0534802079201,
        "mean": 0.0194590520114,
        "median": 0.0160468183458,
        "min": 7.61406045058e-05,
        "var": 0.00024253455922
    },
    "spectral_energyband_middle_low": {
        "dmean": 0.00249657360837,
        "dmean2": 0.00349356723018,
        "dvar": 1.74870783667e-05,
        "dvar2": 3.86833089578e-05,
        "max": 0.031077792868,
        "mean": 0.00829210691154,
        "median": 0.00334837054834,
        "min": 2.36027462961e-05,
        "var": 8.91907329788e-05
    },
    "spectral_entropy": {
        "dmean": 0.32611605525,
        "dmean2": 0.354494333267,
        "dvar": 0.189361467957,
        "dvar2": 0.236432209611,
        "max": 8.48694038391,
        "mean": 5.60224103928,
        "median": 5.59768867493,
        "min": 3.93408226967,
        "var": 1.23726809025
    },
    "spectral_flux": {
        "dmean": 0.0179698821157,
        "dmean2": 0.0290893036872,
        "dvar": 0.00112583325244,
        "dvar2": 0.00242702453397,
        "max": 0.201512724161,
        "mean": 0.0371808819473,
        "median": 0.0224188901484,
        "min": 0.00706090033054,
        "var": 0.00148779677693
    },
    "spectral_kurtosis": {
        "dmean": 7.64933395386,
        "dmean2": 12.5169458389,
        "dvar": 119.007843018,
        "dvar2": 244.356430054,
        "max": 98.9251708984,
        "mean": 30.228975296,
        "median": 22.0458774567,
        "min": 1.90717411041,
        "var": 613.604797363
    },
    "spectral_rms": {
        "dmean": 0.000619244179688,
        "dmean2": 0.000897336634807,
        "dvar": 1.14217550617e-06,
        "dvar2": 2.28532303481e-06,
        "max": 0.00795092899352,
        "mean": 0.00461997464299,
        "median": 0.0047492464073,
        "min": 0.000481309340103,
        "var": 5.14999055667e-06
    },
    "spectral_rolloff": {
        "dmean": 417.026306152,
        "dmean2": 839.55291748,
        "dvar": 3896129.5,
        "dvar2": 11648534,
        "max": 13027.5878906,
        "mean": 1218.87280273,
        "median": 1227.39257812,
        "min": 495.263671875,
        "var": 1963505.875
    },
    "spectral_skewness": {
        "dmean": 0.603957533836,
        "dmean2": 0.940160274506,
        "dvar": 0.474865347147,
        "dvar2": 0.919052958488,
        "max": 8.52973270416,
        "mean": 4.20032691956,
        "median": 3.77730035782,
        "min": 1.61834037304,
        "var": 2.8653588295
    },
    "spectral_spread": {
        "dmean": 989857.9375,
        "dmean2": 1203934.5,
        "dvar": 4.88996025139e+12,
        "dvar2": 4.33654359654e+12,
        "max": 28836006,
        "mean": 3236912.25,
        "median": 2557348.75,
        "min": 1009641.4375,
        "var": 1.15636311163e+13
    },
    "spectral_strongpeak": {
        "dmean": 0.834011614323,
        "dmean2": 1.15906906128,
        "dvar": 1.4284068346,
        "dvar2": 1.80330097675,
        "max": 11.089515686,
        "mean": 4.52027654648,
        "median": 4.01615905762,
        "min": 0.0280924607068,
        "var": 11.2273492813
    },
    "zerocrossingrate": {
        "dmean": 0.00448676198721,
        "dmean2": 0.00560151878744,
        "dvar": 8.69692594279e-05,
        "dvar2": 0.000124937170767,
        "max": 0.10400390625,
        "mean": 0.0471379198134,
        "median": 0.04443359375,
        "min": 0.0107421875,
        "var": 0.000231540034292
    },
    "barkbands": {
        "dmean": [1.54116742124e-06, 3.83340666303e-05, 2.92484619422e-05, 2.70687742159e-05, 0.000104081147583, 8.12004946056e-05, 0.000534597784281, 0.0004086116096, 0.000825694063678, 0.00229297368787, 0.000287163071334, 0.00167985272128, 0.000196792534553, 4.47585189249e-05, 2.00359336304e-05, 1.3977622757e-06, 2.95180552712e-06, 2.97848441733e-06, 1.97078352357e-05, 7.4911831689e-06, 7.71879604144e-06, 5.3338426369e-06, 6.55693202134e-06, 9.16584485822e-06, 1.17134604807e-05, 3.17193553201e-05, 1.07437563202e-05],
        "dmean2": [2.27071177505e-06, 6.63890241412e-05, 5.05465977767e-05, 5.00596288475e-05, 0.000198866022401, 0.000155703746714, 0.000800212670583, 0.000363637984265, 0.000805046525784, 0.00362614402547, 0.000483856623759, 0.00166267156601, 0.000269668671535, 7.6588250522e-05, 3.72520189558e-05, 2.57879810306e-06, 4.41233578385e-06, 4.78822084915e-06, 2.89804484055e-05, 1.28732481244e-05, 1.44414398164e-05, 9.52918162511e-06, 1.13592423077e-05, 1.66519948834e-05, 2.10199286812e-05, 5.7657562138e-05, 1.9892493583e-05],
        "dvar": [4.73396981338e-11, 1.09758580003e-09, 9.29559318408e-10, 3.60701735147e-09, 1.10340010906e-07, 1.01387996665e-07, 9.09543632588e-06, 4.56384526615e-07, 2.06819254345e-06, 1.60989966389e-05, 5.53697987016e-07, 1.41583022923e-05, 2.22347608769e-07, 1.54262043139e-08, 5.43503242412e-09, 1.30785703448e-11, 3.10232499412e-11, 3.79857569011e-11, 5.04379915611e-09, 4.70461336555e-10, 8.1204987179e-10, 4.87788032189e-10, 3.52469803344e-10, 1.36449274102e-09, 1.918502468e-09, 1.59970436897e-08, 2.79796497082e-09],
        "dvar2": [5.18045016606e-11, 3.53711548939e-09, 3.02645930539e-09, 9.7583647829e-09, 3.36371982712e-07, 2.97397093618e-07, 1.43435590871e-05, 5.55334963792e-07, 3.41499116985e-06, 4.6855508117e-05, 1.4270220845e-06, 1.33333205667e-05, 5.26391204403e-07, 3.99689099595e-08, 1.65719367118e-08, 3.54337843789e-11, 7.7603298787e-11, 9.00214069954e-11, 9.3687155811e-09, 1.34552491371e-09, 2.37373942724e-09, 1.40414202487e-09, 9.9402286402e-10, 3.93627086481e-09, 5.29715249442e-09, 4.55625439599e-08, 7.92287568885e-09],
        "max": [6.65470870445e-05, 0.0001565485436, 0.000147533370182, 0.000340008118656, 0.00178239750676, 0.00199347967282, 0.0281710252166, 0.0106789609417, 0.0203479751945, 0.0278897788376, 0.00510076526552, 0.0504520386457, 0.0033453903161, 0.000836103805341, 0.000426423182944, 2.51565252256e-05, 4.2022926209e-05, 3.73926559405e-05, 0.000646747648716, 0.000145919548231, 0.00016431347467, 0.000157026050147, 0.00011099720723, 0.000253992329817, 0.000261497421889, 0.00083318882389, 0.000383838400012],
        "mean": [1.61315915648e-06, 4.90668026032e-05, 3.13593591272e-05, 2.68167768809e-05, 9.29775633267e-05, 6.00226230745e-05, 0.00083224097034, 0.0020899916999, 0.00415903935209, 0.00487640593201, 0.000369287707144, 0.0135356131941, 0.000821207242552, 7.07149156369e-05, 2.03698418773e-05, 2.14661258724e-06, 5.62228115086e-06, 5.39142456546e-06, 2.17525357584e-05, 1.07373907667e-05, 6.78767082718e-06, 5.88889315623e-06, 9.04138596525e-06, 8.83280608832e-06, 1.13784153655e-05, 2.54228089034e-05, 6.81558503857e-06],
        "median": [5.53883978682e-07, 4.10332795582e-05, 2.08530491363e-05, 6.46621992928e-06, 1.95968241314e-05, 1.28156534629e-05, 5.71993678022e-06, 0.000263468828052, 0.00054991961224, 0.000596268393565, 6.33406671113e-05, 0.000399691954954, 0.000273894635029, 1.21401217257e-05, 5.51865696252e-06, 7.23403672964e-07, 3.20735580317e-06, 1.72094303252e-06, 1.32959348775e-06, 1.86654824574e-06, 1.12210705083e-06, 1.39934866183e-06, 9.95906020762e-07, 7.90451167632e-07, 2.5197806508e-07, 2.71431872534e-07, 2.5831988637e-07],
        "min": [3.66959573839e-09, 8.09930043033e-07, 4.02518367082e-07, 2.1680669704e-07, 1.12615873604e-06, 6.56144493405e-07, 4.11264522882e-07, 3.30312701635e-07, 7.95650635155e-07, 1.95999996322e-06, 1.80721912102e-07, 4.8745988579e-07, 3.35721438205e-07, 1.20251186786e-07, 1.76194660639e-07, 6.74992008953e-08, 1.31782314838e-07, 3.0677092866e-08, 3.46374449123e-08, 1.38594089094e-07, 9.78358656312e-08, 7.10290422035e-08, 7.43889003729e-08, 6.28794580848e-08, 4.49331736263e-08, 5.30204466997e-08, 3.53803990549e-08],
        "var": [4.81873499436e-11, 1.54624357762e-09, 1.00005370651e-09, 3.90791043969e-09, 6.74130831158e-08, 5.51582850505e-08, 1.70520197571e-05, 9.36593733059e-06, 3.84342711186e-05, 5.37793239346e-05, 6.97792984283e-07, 0.000285191956209, 9.32133389142e-07, 2.29711218935e-08, 3.11018322208e-09, 1.41862233766e-11, 4.82751026654e-11, 7.79308562127e-11, 6.51343512459e-09, 4.76870709587e-10, 5.07198449906e-10, 3.0591446043e-10, 3.03495478748e-10, 8.47246606206e-10, 1.39708100644e-09, 1.02904360588e-08, 1.70538949629e-09]
    },
    "erbbands": {
        "dmean": [0.000769532634877, 0.0102384444326, 0.0308958496898, 0.053267262876, 0.289196699858, 0.268972605467, 0.656696259975, 0.512711882591, 1.40549278259, 12.1909503937, 18.3619270325, 12.4782133102, 65.8167266846, 30.5601615906, 10.5423431396, 60.2776794434, 26.5519428253, 3.00116038322, 1.7488796711, 0.422469258308, 0.0801224261522, 0.194629758596, 0.11056240648, 1.09547472, 0.493322491646, 0.293622910976, 0.2357403934, 0.32112133503, 0.202392339706, 0.221012458205, 0.166072353721, 0.176063656807, 0.151887387037, 0.0812881961465, 0.124810762703, 0.111393347383, 0.0644605308771, 0.0186130981892, 0.0013921718346, 6.82668469381e-05],
        "dmean2": [0.00136919738725, 0.018108278513, 0.0536807775497, 0.0968587100506, 0.55539816618, 0.503672897816, 1.28523600101, 0.959997534752, 2.38417077065, 17.8174724579, 14.2005777359, 12.3826236725, 107.041267395, 51.1874961853, 17.6493530273, 58.8968887329, 27.3480300903, 5.13452911377, 3.33159279823, 0.755707979202, 0.142184093595, 0.287708103657, 0.188468724489, 1.55657696724, 0.820847988129, 0.53725707531, 0.445660799742, 0.594930648804, 0.370807677507, 0.39451611042, 0.288485616446, 0.332990288734, 0.256073355675, 0.145194381475, 0.226173654199, 0.194477021694, 0.117623798549, 0.0345850661397, 0.00261195958592, 0.000128030529595],
        "dvar": [5.02903787947e-07, 8.21972644189e-05, 0.00105447461829, 0.0113183064386, 0.693093776703, 0.80565649271, 6.62378931046, 3.62787914276, 56.1981735229, 4552.66650391, 1120.82116699, 432.916137695, 14575.8388672, 3931.66918945, 692.760986328, 18875.34375, 3775.92431641, 83.5306472778, 29.6307487488, 1.94900882244, 0.0377910658717, 0.138382345438, 0.103610791266, 13.4402856827, 1.54666864872, 1.17932236195, 0.808673202991, 1.30603587627, 0.905764579773, 0.492824077606, 0.236639633775, 0.500401496887, 0.315738409758, 0.108828872442, 0.194555833936, 0.177646055818, 0.0602101907134, 0.00857345201075, 4.33005661762e-05, 9.15747051522e-08],
        "dvar2": [1.52876646098e-06, 0.00025527580874, 0.00341839995235, 0.0309176333249, 2.12343835831, 2.42816734314, 19.6605091095, 10.3956823349, 100.402015686, 7221.12011719, 1070.73620605, 622.828918457, 43214.6484375, 12051.6591797, 1809.1361084, 18900.46875, 4102.15576172, 241.609924316, 82.9422836304, 5.8474650383, 0.10570807755, 0.352030426264, 0.265139400959, 25.2508392334, 2.86411166191, 3.42187952995, 2.36018610001, 3.78989481926, 2.62539577484, 1.38648343086, 0.661094546318, 1.47099936008, 0.893141329288, 0.301405340433, 0.534653067589, 0.498631387949, 0.17183290422, 0.0244585201144, 0.000123480946058, 2.64960419827e-07],
        "max": [0.00438811210915, 0.0453248471022, 0.170778229833, 0.542499244213, 4.29633808136, 5.1478805542, 14.8870382309, 12.3168592453, 80.6246948242, 625.032592773, 557.29107666, 301.241394043, 738.573120117, 411.491271973, 181.539916992, 1790.28735352, 786.91583252, 67.8026199341, 31.6316051483, 9.09420490265, 1.29791140556, 2.72713899612, 2.41271018982, 33.8712348938, 9.72715950012, 7.62812662125, 5.59414625168, 7.11234903336, 6.89194202423, 4.56472158432, 2.78672647476, 4.68974542618, 3.86039185524, 1.96519494057, 2.56422305107, 2.83910107613, 1.45433330536, 0.670560240746, 0.0458595938981, 0.0020617954433],
        "mean": [0.000979293952696, 0.0126391109079, 0.0382244922221, 0.0590730719268, 0.262698054314, 0.268586665392, 0.444486260414, 0.447214692831, 3.05802440643, 20.6421470642, 106.163925171, 65.0395736694, 138.22593689, 61.1058654785, 23.3877334595, 482.766082764, 210.526596069, 9.10862350464, 2.82879447937, 0.641546785831, 0.151339605451, 0.371690481901, 0.162073612213, 1.32122445107, 0.739299297333, 0.337769269943, 0.224119231105, 0.294924467802, 0.20271769166, 0.259780198336, 0.239114135504, 0.167626038194, 0.156094372272, 0.0647791624069, 0.135715439916, 0.097675062716, 0.0511504076421, 0.0124388616532, 0.000893149175681, 7.36829315429e-05],
        "median": [0.000797418120783, 0.00966545846313, 0.0276062861085, 0.0256785973907, 0.0526028089225, 0.0529745519161, 0.0955185368657, 0.114259451628, 0.140970960259, 1.79958856106, 8.12959766388, 18.2706336975, 16.8546390533, 8.9785194397, 19.6856250763, 17.1942958832, 14.1124601364, 10.5444984436, 1.23136115074, 0.273090869188, 0.0839527472854, 0.218213915825, 0.0772719755769, 0.284525215626, 0.136174663901, 0.0746986493468, 0.05928459391, 0.0553789138794, 0.0500294677913, 0.0414387322962, 0.0282745528966, 0.0192338284105, 0.0115263639018, 0.00252836593427, 0.00175311160274, 0.00125768559519, 0.000526523042936, 0.000151389540406, 5.99141640123e-05, 3.54945914296e-05],
        "min": [1.95391676243e-05, 0.000361205427907, 0.00141262868419, 0.00198096362874, 0.002544576535, 0.00419752439484, 0.00235352595337, 0.00327730295248, 0.00568549474701, 0.0143270045519, 0.00848809164017, 0.0379559323192, 0.0343641452491, 0.193292945623, 0.107891298831, 0.0215098205954, 0.0176488179713, 0.012295467779, 0.00622717384249, 0.00848552864045, 0.00533867860213, 0.00771042238921, 0.00267424643971, 0.004716493655, 0.00545366108418, 0.00663135014474, 0.00434884661809, 0.00403427379206, 0.00281015853398, 0.00213434081525, 0.00180089031346, 0.00165510457009, 0.000922981358599, 0.000454504508525, 0.00038033517194, 0.000262363610091, 4.5052387577e-05, 1.9238992536e-05, 1.16440687634e-05, 3.84168515666e-06],
        "var": [7.84775295415e-07, 0.000106458624941, 0.00118343636859, 0.0114496462047, 0.433286011219, 0.51975274086, 3.51346874237, 2.21903467178, 176.211898804, 8398.53320312, 27124.84375, 8031.07714844, 40117.1914062, 8447.14257812, 712.657470703, 360967.6875, 67936.8984375, 94.5010757446, 31.9255313873, 1.3441311121, 0.0391297377646, 0.211808010936, 0.0891922414303, 17.2483692169, 2.47682619095, 0.780407488346, 0.484674304724, 0.875443160534, 0.526984214783, 0.38491499424, 0.211830601096, 0.303263008595, 0.211409240961, 0.0737690627575, 0.154316812754, 0.124527804554, 0.039628200233, 0.00512177217752, 2.56696494034e-05, 5.18384091208e-08]
    },
    "gfcc": {
        "mean": [-133.511917114, 87.3698348999, -125.140853882, -45.5905914307, -63.3759117126, 32.0545730591, 4.46012020111, 9.32477664948, -25.8296756744, -4.53150272369, -11.8242483139, -8.08517932892, -21.7346324921],
        "cov": [[4226.49316406, -1397.74389648, -628.209228516, -714.504699707, -495.064361572, 388.045837402, -545.165161133, -420.901641846, -559.813476562, 469.482147217, 177.040985107, -13.7867269516, -750.361083984], [-1397.74389648, 1437.95593262, 137.759368896, 29.3660888672, 123.662162781, -265.04788208, 262.499816895, -10.0141944885, 477.863006592, -107.57093811, 112.768974304, -56.0648727417, 180.417221069], [-628.209228516, 137.759368896, 894.147644043, 210.207183838, 19.8733215332, -266.136383057, -134.886962891, 59.3217506409, 21.0801277161, 33.2144432068, -75.3402252197, 150.885955811, 143.18397522], [-714.504699707, 29.3660888672, 210.207183838, 518.356872559, 107.99118042, -138.691116333, 38.6238937378, 144.742965698, -66.0637283325, -213.954315186, -172.683578491, 36.4013061523, 381.645019531], [-495.064361572, 123.662162781, 19.8733215332, 107.99118042, 174.969223022, 31.2230091095, 112.908561707, 60.1592140198, 59.473739624, -72.5420608521, -42.9793815613, -6.85811853409, 99.3964004517], [388.045837402, -265.04788208, -266.136383057, -138.691116333, 31.2230091095, 360.930633545, 12.7233781815, -77.0933151245, -51.9139480591, 72.9939727783, 72.9079284668, -50.6043243408, -219.734130859], [-545.165161133, 262.499816895, -134.886962891, 38.6238937378, 112.908561707, 12.7233781815, 227.980514526, 84.9966278076, 81.6451034546, -140.258575439, -41.0922660828, -48.5345649719, 124.237869263], [-420.901641846, -10.0141944885, 59.3217506409, 144.742965698, 60.1592140198, -77.0933151245, 84.9966278076, 165.479171753, -21.4909229279, -125.737358093, -107.984375, 14.1295175552, 173.71244812], [-559.813476562, 477.863006592, 21.0801277161, -66.0637283325, 59.473739624, -51.9139480591, 81.6451034546, -21.4909229279, 320.911437988, 93.2237167358, 139.796066284, -31.286447525, -70.2229614258], [469.482147217, -107.57093811, 33.2144432068, -213.954315186, -72.5420608521, 72.9939727783, -140.258575439, -125.737358093, 93.2237167358, 299.380126953, 182.301971436, 16.7826442719, -326.338989258], [177.040985107, 112.768974304, -75.3402252197, -172.683578491, -42.9793815613, 72.9079284668, -41.0922660828, -107.984375, 139.796066284, 182.301971436, 201.254104614, -20.5167064667, -253.325469971], [-13.7867269516, -56.0648727417, 150.885955811, 36.4013061523, -6.85811853409, -50.6043243408, -48.5345649719, 14.1295175552, -31.286447525, 16.7826442719, -20.5167064667, 56.0284118652, 33.9457550049], [-750.361083984, 180.417221069, 143.18397522, 381.645019531, 99.3964004517, -219.734130859, 124.237869263, 173.71244812, -70.2229614258, -326.338989258, -253.325469971, 33.9457550049, 544.390075684]],
        "icov": [[0.0011531348573, 0.000136842703796, 0.000703619036358, 0.000786748772953, 0.000525858195033, 0.000311268930091, 0.000958229473326, 0.000970234628767, 0.00202214415185, -0.00141635420732, 0.000257424224401, 0.000717036658898, -0.000204316995223], [0.000136842703796, 0.00326814758591, -0.000781412469223, 0.000445658020908, 0.000149218598381, 0.00167540239636, -0.00211892230436, 0.00335628655739, -0.00361506012268, 0.00330536998808, -0.00197124341503, 0.000462400232209, -0.000370809371816], [0.000703619036358, -0.000781412469223, 0.00362607487477, -0.000695045804605, -0.000136099828524, 0.000903468637262, 0.00203753984533, 0.000520141678862, 0.000209418780287, -0.000865613867063, 0.00344491470605, -0.00710881780833, 0.00207533338107], [0.000786748772953, 0.000445658020908, -0.000695045804605, 0.00649470183998, -0.00276715448126, -0.000144223842653, 0.00407909741625, -0.00203898944892, 0.00276032206602, -0.000560411368497, -0.00434358324856, 0.00538427336141, -0.00560369482264], [0.000525858195033, 0.000149218598381, -0.000136099828524, -0.00276715448126, 0.0142375426367, -0.00382347684354, -0.00604150956497, 0.00148809677921, -0.00390553032048, -0.00142715475522, 0.00592160457745, -0.00514544406906, 0.00112926296424], [0.000311268930091, 0.00167540239636, 0.000903468637262, -0.000144223842653, -0.00382347684354, 0.00788250193, -0.00197326717898, 0.00364711158909, 0.00172414083499, 0.00141146103851, -0.0013449100079, 0.00151331396773, 0.00325188064016], [0.000958229473326, -0.00211892230436, 0.00203753984533, 0.00407909741625, -0.00604150956497, -0.00197326717898, 0.0198583584279, -0.00735780782998, 0.000502302777022, 0.0041985376738, -0.00172248005401, 0.00602457812056, -0.00184563663788], [0.000970234628767, 0.00335628655739, 0.000520141678862, -0.00203898944892, 0.00148809677921, 0.00364711158909, -0.00735780782998, 0.0186109691858, -0.00420911516994, 0.00368888513185, 0.00666609080508, -0.00731676397845, 0.00368512887508], [0.00202214415185, -0.00361506012268, 0.000209418780287, 0.00276032206602, -0.00390553032048, 0.00172414083499, 0.000502302777022, -0.00420911516994, 0.0213196277618, -0.0133110592142, -0.00994192343205, 0.0130060100928, -0.00603409903124], [-0.00141635420732, 0.00330536998808, -0.000865613867063, -0.000560411368497, -0.00142715475522, 0.00141146103851, 0.0041985376738, 0.00368888513185, -0.0133110592142, 0.0275520328432, -0.00360609800555, -0.013753390871, 0.0102466754615], [0.000257424224401, -0.00197124341503, 0.00344491470605, -0.00434358324856, 0.00592160457745, -0.0013449100079, -0.00172248005401, 0.00666609080508, -0.00994192343205, -0.00360609800555, 0.0330169387162, -0.0119543420151, 0.0124543644488], [0.000717036658898, 0.000462400232209, -0.00710881780833, 0.00538427336141, -0.00514544406906, 0.00151331396773, 0.00602457812056, -0.00731676397845, 0.0130060100928, -0.013753390871, -0.0119543420151, 0.0575911365449, -0.0142805036157], [-0.000204316995223, -0.000370809371816, 0.00207533338107, -0.00560369482264, 0.00112926296424, 0.00325188064016, -0.00184563663788, 0.00368512887508, -0.00603409903124, 0.0102466754615, 0.0124543644488, -0.0142805036157, 0.0174625404179]]
    },
    "melbands": {
        "dmean": [8.36554954731e-06, 1.41771042763e-05, 1.49678180605e-05, 2.32423735724e-05, 1.89701950148e-05, 1.20713066281e-05, 4.54368964711e-05, 0.000103568585473, 0.000189377533388, 7.41062976886e-05, 0.000344042258803, 0.000151559477672, 3.63893486792e-05, 6.11232899246e-05, 0.000228542034165, 1.15975371955e-05, 4.02938530897e-06, 3.18584034176e-06, 1.31853073526e-06, 1.47599450884e-07, 7.16151760116e-08, 2.44444578357e-07, 9.56670476171e-08, 1.1414320511e-07, 1.03972979559e-06, 5.86121132073e-07, 2.59501291566e-07, 2.18012573328e-07, 1.23401363794e-07, 2.48643516443e-07, 1.3152896372e-07, 8.78465087339e-08, 1.50992605086e-07, 1.3092891038e-07, 9.90498136844e-08, 1.10154353195e-07, 1.12869948055e-07, 1.18032730256e-07, 1.00013586746e-07, 4.75871715366e-08],
        "dmean2": [1.43830839079e-05, 2.55712002399e-05, 2.725552622e-05, 4.42065866082e-05, 3.65500382031e-05, 2.25673848036e-05, 7.14607376722e-05, 0.000154529858264, 0.000143537297845, 8.52907614899e-05, 0.000552291225176, 0.000245869130595, 6.11994109931e-05, 7.28166924091e-05, 0.000218895045691, 2.06811764656e-05, 7.75585067458e-06, 5.96701784161e-06, 2.36968571699e-06, 2.71301729526e-07, 1.25395388295e-07, 3.51053358827e-07, 1.76623956349e-07, 1.90136617562e-07, 1.46559909808e-06, 9.08246818199e-07, 4.2654534127e-07, 4.0465133111e-07, 2.28445912853e-07, 4.65394521143e-07, 2.42760336278e-07, 1.56312722766e-07, 2.71459441592e-07, 2.29381527106e-07, 1.65919914252e-07, 2.00557579433e-07, 2.12442301972e-07, 1.94131359876e-07, 1.84536716574e-07, 7.90840601894e-08],
        "dvar": [5.48026519998e-11, 2.26721502683e-10, 1.24942389768e-09, 4.99648677987e-09, 5.27419707907e-09, 2.12300710345e-09, 6.10622379327e-08, 3.42852530366e-07, 1.25222328506e-07, 1.66241314048e-08, 3.94341583387e-07, 8.27214634569e-08, 8.75323635796e-09, 1.47057006572e-08, 2.96347138828e-07, 1.54326618151e-09, 1.85954640575e-10, 9.04838981519e-11, 2.07264431312e-11, 1.64174460159e-13, 2.72883081962e-14, 2.23390438634e-13, 1.10466621744e-13, 5.17319172254e-14, 1.22799175342e-11, 4.21943296275e-12, 2.87288313798e-13, 9.54697800849e-13, 1.84357750962e-13, 8.49051135388e-13, 2.22807761282e-13, 1.53550850962e-13, 3.86687779236e-13, 1.65898924372e-13, 5.89306164631e-14, 1.71259558726e-13, 1.83702147461e-13, 1.43253654382e-13, 2.32210707911e-13, 3.4158761838e-14],
        "dvar2": [1.70389480303e-10, 7.02380931195e-10, 3.67223562669e-09, 1.53553809668e-08, 1.55893165044e-08, 6.0774967281e-09, 1.01317688461e-07, 5.49831668195e-07, 1.18757505163e-07, 3.2844695852e-08, 1.1595302567e-06, 2.47663223263e-07, 2.22421956408e-08, 1.87582944733e-08, 2.90211033871e-07, 4.57008209054e-09, 5.28724120041e-10, 2.33037589226e-10, 6.30935165224e-11, 4.6422647627e-13, 7.16907544614e-14, 5.32569648104e-13, 3.20351546939e-13, 1.2377197791e-13, 2.32573890702e-11, 7.61280708611e-12, 6.56204474439e-13, 2.81527947656e-12, 5.3593148799e-13, 2.48491418414e-12, 6.45136938662e-13, 4.42713465713e-13, 1.11342586626e-12, 4.70024897909e-13, 1.57839561733e-13, 4.92806099747e-13, 5.4157091138e-13, 3.99007839573e-13, 6.72910566244e-13, 8.7342622284e-14],
        "max": [3.94768139813e-05, 8.20987625048e-05, 0.000179671595106, 0.000386310770409, 0.000422259210609, 0.000294108467642, 0.00248058908619, 0.00550684938207, 0.00585094001144, 0.00153923593462, 0.00401308294386, 0.00183836591896, 0.000586898473557, 0.00147504289635, 0.00714564183727, 0.000280744716292, 9.69320681179e-05, 6.91719833412e-05, 2.75596103165e-05, 2.86461613541e-06, 1.07583480258e-06, 3.83991437047e-06, 2.22095582103e-06, 1.2695300029e-06, 3.24254942825e-05, 1.83459324035e-05, 5.26405165147e-06, 6.84539463691e-06, 2.33547712014e-06, 5.49154447071e-06, 3.10435302708e-06, 2.86115368908e-06, 4.33144441558e-06, 2.9361444831e-06, 1.38852715281e-06, 2.45721798819e-06, 2.84863426714e-06, 2.53184566645e-06, 3.30391640091e-06, 1.24228506593e-06],
        "mean": [1.1484073184e-05, 1.92909046746e-05, 1.5637722754e-05, 2.2326985345e-05, 1.33856665343e-05, 9.5999757832e-06, 8.12946091173e-05, 0.000169728067704, 0.00110340944957, 0.000336755852913, 0.000728317827452, 0.000318216916639, 4.67712743557e-05, 0.000416811439209, 0.00189246411901, 1.86485995073e-05, 6.07591391599e-06, 4.95434323966e-06, 1.55765496856e-06, 2.14377990915e-07, 1.11115468826e-07, 4.85588316224e-07, 8.85223485625e-08, 1.98085089664e-07, 1.22364917843e-06, 7.03977832472e-07, 4.57490955341e-07, 1.84509232781e-07, 1.2661701021e-07, 2.13295550111e-07, 1.19218810823e-07, 1.03182721034e-07, 1.3897876272e-07, 1.59037526259e-07, 1.5148698651e-07, 1.16639945702e-07, 1.02853789485e-07, 1.37565450586e-07, 6.3695352992e-08, 3.90435808129e-08],
        "median": [9.56131589192e-06, 1.4467696019e-05, 5.54669168196e-06, 4.7331695896e-06, 3.39969528795e-06, 2.11071846934e-06, 1.04638797893e-06, 4.55753934148e-06, 4.08033156418e-05, 6.80398297845e-05, 8.75732075656e-05, 4.08467640227e-05, 8.08297500043e-06, 5.38776985195e-05, 3.1278541428e-05, 1.25695241877e-05, 1.11477083919e-06, 5.40661801551e-07, 4.70548400244e-07, 6.11372072967e-08, 4.12993372834e-08, 2.75478953427e-07, 3.73774611262e-08, 6.99294275819e-08, 2.49737752256e-07, 1.16691190044e-07, 4.60050486595e-08, 2.1949752238e-08, 3.24440634358e-08, 2.81117724654e-08, 2.07827639542e-08, 3.0656991612e-08, 1.71422236406e-08, 2.23371046104e-08, 1.96789500251e-08, 9.38028055231e-09, 1.26012880131e-08, 8.99038177238e-09, 2.10431849723e-09, 1.65744917791e-09],
        "min": [1.95600492248e-07, 6.16665488451e-07, 4.0801020873e-07, 2.36604847714e-07, 7.51466444626e-08, 9.06415422719e-08, 1.08612091765e-07, 1.20505674772e-07, 3.65746721798e-08, 1.44536613789e-07, 8.19240497663e-08, 1.31009912252e-07, 3.20448307889e-08, 7.49881294837e-08, 3.06695540075e-08, 3.33220171456e-08, 1.4444084151e-08, 7.28881310863e-09, 1.15423937075e-08, 6.69294086819e-09, 5.86290971327e-09, 8.09908495825e-09, 3.62846663826e-09, 1.59924717913e-09, 2.60962784715e-09, 3.62731666925e-09, 3.36362471209e-09, 1.96069516178e-09, 1.39129074928e-09, 2.42940623174e-09, 1.67463942713e-09, 1.90193194527e-09, 7.0722672163e-10, 1.38114553128e-09, 9.77072200925e-10, 9.62515289693e-10, 8.64870786099e-10, 7.04667824092e-10, 3.7188832569e-10, 3.66697838761e-10],
        "var": [8.45398751004e-11, 2.50089032816e-10, 1.00314545559e-09, 3.21284554516e-09, 2.85309198489e-09, 1.21338883385e-09, 1.44654606515e-07, 6.70524116231e-07, 3.0476419397e-06, 2.21769866471e-07, 1.16265186989e-06, 2.33334844779e-07, 1.05438404674e-08, 2.44195661026e-07, 5.69467783862e-06, 1.14695053455e-09, 1.71569619623e-10, 1.38868680444e-10, 1.27154883844e-11, 1.57439057451e-13, 3.12804727324e-14, 3.85097444384e-13, 6.40004135842e-14, 9.37968710406e-14, 1.56567397935e-11, 5.51723553996e-12, 9.71586092829e-13, 5.39371878324e-13, 1.14348133284e-13, 5.29862449489e-13, 1.50215926395e-13, 9.34809819613e-14, 2.47647713968e-13, 1.28255248761e-13, 7.37184293644e-14, 1.08879126147e-13, 1.16923777518e-13, 1.09426173906e-13, 1.33701643507e-13, 2.88090203277e-14]
    },
    "mfcc": {
        "mean": [-806.631591797, 147.02986145, -9.22473621368, -31.4112529755, -36.0652427673, 11.2140398026, 22.0118255615, 23.2404308319, -5.01763629913, 10.3910531998, 4.33667373657, 2.0952103138, -7.80963611603],
        "cov": [[4307.65820312, -995.192382812, -584.95904541, -891.444335938, -552.486755371, 174.31010437, 45.4304885864, -212.751907349, -794.967651367, 109.416229248, 22.980764389, -121.02230835, -299.29309082], [-995.192382812, 738.654052734, 291.524658203, 241.801864624, 75.5464935303, -141.689361572, -134.294281006, -45.8523368835, 207.980010986, -133.49798584, 99.9971160889, 223.275222778, 174.620986938], [-584.95904541, 291.524658203, 540.247253418, 195.7681427, 151.466583252, -72.4755783081, -166.160095215, -136.451004028, 65.7174987793, -136.136901855, 23.3054504395, 228.395874023, 234.207870483], [-891.444335938, 241.801864624, 195.7681427, 412.175445557, 199.017227173, -119.390731812, -17.456823349, -34.6482925415, 297.094421387, -80.4738464355, -134.993331909, -72.8515167236, 90.464302063], [-552.486755371, 75.5464935303, 151.466583252, 199.017227173, 200.277664185, -44.783657074, 2.1162302494, -18.3620910645, 185.756134033, -41.9524421692, -69.5849151611, -60.2771873474, 42.5164680481], [174.31010437, -141.689361572, -72.4755783081, -119.390731812, -44.783657074, 187.856903076, 49.2816505432, 87.9943161011, -144.71194458, 43.1455879211, 86.4680480957, 90.1647033691, -60.6619415283], [45.4304885864, -134.294281006, -166.160095215, -17.456823349, 2.1162302494, 49.2816505432, 182.595230103, 117.9323349, 63.0328788757, 56.034702301, -148.244049072, -292.503234863, -148.680725098], [-212.751907349, -45.8523368835, -136.451004028, -34.6482925415, -18.3620910645, 87.9943161011, 117.9323349, 205.250915527, -10.4870977402, 78.4714202881, -15.6463890076, -114.619010925, -98.620475769], [-794.967651367, 207.980010986, 65.7174987793, 297.094421387, 185.756134033, -144.71194458, 63.0328788757, -10.4870977402, 409.897888184, -52.8271522522, -201.791168213, -266.114074707, -20.3567237854], [109.416229248, -133.49798584, -136.136901855, -80.4738464355, -41.9524421692, 43.1455879211, 56.034702301, 78.4714202881, -52.8271522522, 102.846054077, 5.92297315598, -80.3564987183, -54.1676635742], [22.980764389, 99.9971160889, 23.3054504395, -134.993331909, -69.5849151611, 86.4680480957, -148.244049072, -15.6463890076, -201.791168213, 5.92297315598, 417.742279053, 501.181762695, 108.534851074], [-121.02230835, 223.275222778, 228.395874023, -72.8515167236, -60.2771873474, 90.1647033691, -292.503234863, -114.619010925, -266.114074707, -80.3564987183, 501.181762695, 860.428833008, 272.798706055], [-299.29309082, 174.620986938, 234.207870483, 90.464302063, 42.5164680481, -60.6619415283, -148.680725098, -98.620475769, -20.3567237854, -54.1676635742, 108.534851074, 272.798706055, 230.634216309]],
