{
"lowlevel": {
    "average_loudness": 0.99068403244,
    "barkbands_crest": {
        "dmean": 1.85685753822,
        "dmean2": 3.07676029205,
        "dvar": 12.3332967758,
        "dvar2": 39.7056694031,
        "max": 25.899974823,
        "mean": 19.3936004639,
        "median": 17.8053340912,
        "min": 7.89877986908,
        "var": 19.251871109
    },
    "barkbands_flatness_db": {
        "dmean": 0.0335990823805,
        "dmean2": 0.0466613508761,
        "dvar": 0.00152179447468,
        "dvar2": 0.00351062370464,
        "max": 0.474983215332,
        "mean": 0.382937759161,
        "median": 0.424091994762,
        "min": 0.0859160870314,
        "var": 0.00900217983872
    },
    "barkbands_kurtosis": {
        "dmean": 12.3348388672,
        "dmean2": 18.6806106567,
        "dvar": 206.409194946,
        "dvar2": 593.593811035,
        "max": 95.7710952759,
        "mean": 27.1746139526,
        "median": 25.9347038269,
        "min": 2.41992235184,
        "var": 322.569396973
    },
    "barkbands_skewness": {
        "dmean": 1.0499509573,
        "dmean2": 1.72418367863,
        "dvar": 1.2036870718,
        "dvar2": 3.52597117424,
        "max": 6.66695642471,
        "mean": 1.45633435249,
        "median": 1.37962818146,
        "min": -3.01026368141,
        "var": 4.019302845
    },
    "barkbands_spread": {
        "dmean": 1.71700167656,
        "dmean2": 3.23940968513,
        "dvar": 21.6760597229,
        "dvar2": 74.3233184814,
        "max": 27.6844921112,
        "mean": 2.0814230442,
        "median": 0.987700104713,
        "min": 0.406217902899,
        "var": 17.5587825775
    },
    "dissonance": {
        "dmean": 0.071993522346,
        "dmean2": 0.121966585517,
        "dvar": 0.00579373119399,
        "dvar2": 0.0167628917843,
        "max": 0.498075604439,
        "mean": 0.263009101152,
        "median": 0.239388331771,
        "min": 0.126689374447,
        "var": 0.0113193020225
    },
    "dynamic_complexity": 1.86294138432,
    "erbbands_crest": {
        "dmean": 1.97362589836,
        "dmean2": 2.80264282227,
        "dvar": 9.42470264435,
        "dvar2": 28.8703308105,
        "max": 29.7142906189,
        "mean": 22.8752174377,
        "median": 24.1766109467,
        "min": 6.35919332504,
        "var": 24.6210803986
    },
    "erbbands_flatness_db": {
        "dmean": 0.0300292372704,
        "dmean2": 0.0423423089087,
        "dvar": 0.001537074917,
        "dvar2": 0.00355815282091,
        "max": 0.488718479872,
        "mean": 0.413810878992,
        "median": 0.45685210824,
        "min": 0.118555761874,
        "var": 0.00890301167965
    },
    "erbbands_kurtosis": {
        "dmean": 11.2636194229,
        "dmean2": 18.2530021667,
        "dvar": 190.527603149,
        "dvar2": 537.369995117,
        "max": 88.2623443604,
        "mean": 19.531452179,
        "median": 14.7542819977,
        "min": 0.711632728577,
        "var": 282.464599609
    },
    "erbbands_skewness": {
        "dmean": 0.730809807777,
        "dmean2": 1.22344017029,
        "dvar": 0.58565223217,
        "dvar2": 1.9318985939,
        "max": 4.80014133453,
        "mean": 2.97698688507,
        "median": 3.17208337784,
        "min": 1.09705722332,
        "var": 0.847211420536
    },
    "erbbands_spread": {
        "dmean": 1.74239301682,
        "dmean2": 3.11337018013,
        "dvar": 17.1104927063,
        "dvar2": 56.7476272583,
        "max": 26.0679283142,
        "mean": 3.64565253258,
        "median": 1.97972846031,
        "min": 0.69148683548,
        "var": 31.5679016113
    },
    "hfc": {
        "dmean": 5.07928371429,
        "dmean2": 6.66715669632,
        "dvar": 33.510219574,
        "dvar2": 79.8402938843,
        "max": 47.0601882935,
        "mean": 21.5850601196,
        "median": 23.584859848,
        "min": 0.0257382243872,
        "var": 159.995834351
    },
    "melbands_crest": {
        "dmean": 2.18641352654,
        "dmean2": 3.55138325691,
        "dvar": 13.3934879303,
        "dvar2": 42.504447937,
        "max": 31.6607971191,
        "mean": 25.3608570099,
        "median": 26.1459522247,
        "min": 7.78496217728,
        "var": 32.3713607788
    },
    "melbands_flatness_db": {
        "dmean": 0.0336850211024,
        "dmean2": 0.0470550246537,
        "dvar": 0.00166420976166,
        "dvar2": 0.00362016819417,
        "max": 0.5603479743,
        "mean": 0.469073057175,
        "median": 0.507418751717,
        "min": 0.154344856739,
        "var": 0.00917256157845
    },
    "melbands_kurtosis": {
        "dmean": 9.10421657562,
        "dmean2": 14.161655426,
        "dvar": 67.6323318481,
        "dvar2": 197.031311035,
        "max": 50.6599006653,
        "mean": 24.7330226898,
        "median": 24.8782672882,
        "min": -0.181046009064,
        "var": 176.014541626
    },
    "melbands_skewness": {
        "dmean": 1.07489621639,
        "dmean2": 1.67334890366,
        "dvar": 0.865938723087,
        "dvar2": 2.01958441734,
        "max": 4.01127433777,
        "mean": 0.915333807468,
        "median": 1.41134655476,
        "min": -3.67744350433,
        "var": 3.98917746544
    },
    "melbands_spread": {
        "dmean": 1.87243211269,
        "dmean2": 3.39141464233,
        "dvar": 16.7402648926,
        "dvar2": 56.8982810974,
        "max": 20.8096618652,
        "mean": 2.63907670975,
        "median": 1.6163533926,
        "min": 0.678352594376,
        "var": 13.3176698685
    },
    "pitch_salience": {
        "dmean": 0.0719285830855,
        "dmean2": 0.101462371647,
        "dvar": 0.0135151846334,
        "dvar2": 0.027959421277,
        "max": 0.828946590424,
        "mean": 0.231523796916,
        "median": 0.194035768509,
        "min": 0.0677007585764,
        "var": 0.025294886902
    },
    "silence_rate_20dB": {
        "dmean": 0,
        "dmean2": 0,
        "dvar": 0,
        "dvar2": 0,
        "max": 1,
        "mean": 1,
        "median": 1,
        "min": 1,
        "var": 0
    },
    "silence_rate_30dB": {
        "dmean": 0,
        "dmean2": 0,
        "dvar": 0,
        "dvar2": 0,
        "max": 1,
        "mean": 1,
        "median": 1,
        "min": 1,
        "var": 0
    },
    "silence_rate_60dB": {
        "dmean": 0.0500000007451,
        "dmean2": 0.101694911718,
        "dvar": 0.0475000143051,
        "dvar2": 0.125251352787,
        "max": 1,
        "mean": 0.0655737668276,
        "median": 0,
        "min": 0,
        "var": 0.061273816973
    },
    "spectral_centroid": {
        "dmean": 40.0646629333,
        "dmean2": 71.6540603638,
        "dvar": 14458.2617188,
        "dvar2": 36439.65625,
        "max": 1372.12329102,
        "mean": 670.99420166,
        "median": 643.451782227,
        "min": 379.482696533,
        "var": 14897.9511719
    },
    "spectral_complexity": {
        "dmean": 1.1833332777,
        "dmean2": 2.20338988304,
        "dvar": 4.61638402939,
        "dvar2": 12.2637119293,
        "max": 16,
        "mean": 3.77049183846,
        "median": 4,
        "min": 0,
        "var": 4.01289987564
    },
    "spectral_decrease": {
        "dmean": 1.79505277309e-09,
        "dmean2": 2.16722750856e-09,
        "dvar": 2.3670763777e-18,
        "dvar2": 5.28684795734e-18,
        "max": -1.70788886505e-11,
        "mean": -7.97143950848e-09,
        "median": -8.84536710544e-09,
        "min": -1.69739209355e-08,
        "var": 2.08750492301e-17
    },
    "spectral_energy": {
        "dmean": 0.00719683198258,
        "dmean2": 0.00875988509506,
        "dvar": 3.89068154618e-05,
        "dvar2": 8.53795936564e-05,
        "max": 0.0683317035437,
        "mean": 0.0320437215269,
        "median": 0.0356829017401,
        "min": 6.67942367727e-05,
        "var": 0.000336798693752
    },
    "spectral_energyband_high": {
        "dmean": 5.67257520743e-05,
        "dmean2": 0.000109398861241,
        "dvar": 8.11251510413e-08,
        "dvar2": 2.37725387819e-07,
        "max": 0.00168004306033,
        "mean": 3.46486340277e-05,
        "median": 1.78885602509e-06,
        "min": 4.58567086525e-07,
        "var": 4.5398508064e-08
    },
    "spectral_energyband_low": {
        "dmean": 4.07400038966e-05,
        "dmean2": 6.75176779623e-05,
        "dvar": 1.45219491987e-09,
        "dvar2": 4.1022203412e-09,
        "max": 0.000217739958316,
        "mean": 6.2989507569e-05,
        "median": 5.14743296662e-05,
        "min": 3.00575175061e-06,
        "var": 2.25837148982e-09
    },
    "spectral_energyband_middle_high": {
        "dmean": 0.000878460647073,
        "dmean2": 0.00124948320445,
        "dvar": 3.97427402277e-06,
        "dvar2": 1.00865227068e-05,
        "max": 0.0150289172307,
        "mean": 0.00169508543331,
        "median": 0.000828209216706,
        "min": 3.06912920678e-06,
        "var": 5.14348175784e-06
    },
    "spectral_energyband_middle_low": {
        "dmean": 0.00715363305062,
        "dmean2": 0.00873429886997,
        "dvar": 3.86450192309e-05,
        "dvar2": 8.61936277943e-05,
        "max": 0.0651398301125,
        "mean": 0.0302823055536,
        "median": 0.0328291468322,
        "min": 5.04442068632e-05,
        "var": 0.000320095801726
    },
    "spectral_entropy": {
        "dmean": 0.326772987843,
        "dmean2": 0.431257277727,
        "dvar": 0.162429183722,
        "dvar2": 0.218110799789,
        "max": 7.9677271843,
        "mean": 4.86217403412,
        "median": 4.49392700195,
        "min": 3.82489299774,
        "var": 1.0264172554
    },
    "spectral_flux": {
        "dmean": 0.0163709335029,
        "dmean2": 0.0222928132862,
        "dvar": 0.000374559313059,
        "dvar2": 0.00058339710813,
        "max": 0.160783469677,
        "mean": 0.0375863499939,
        "median": 0.0282724220306,
        "min": 0.00419525802135,
        "var": 0.000885732821189
    },
    "spectral_kurtosis": {
        "dmean": 10.1918420792,
        "dmean2": 16.0739383698,
        "dvar": 94.8874740601,
        "dvar2": 281.204956055,
        "max": 88.0345687866,
        "mean": 51.9003334045,
        "median": 54.1587028503,
        "min": 3.13512229919,
        "var": 629.315307617
    },
    "spectral_rms": {
        "dmean": 0.00073158449959,
        "dmean2": 0.00082854134962,
        "dvar": 4.28690867693e-07,
        "dvar2": 7.37594575639e-07,
        "max": 0.00816486869007,
        "mean": 0.00519283628091,
        "median": 0.00590021908283,
        "min": 0.00025527458638,
        "var": 4.29662577517e-06
    },
    "spectral_rolloff": {
        "dmean": 54.55078125,
        "dmean2": 108.030982971,
        "dvar": 48307.0742188,
        "dvar2": 143716.65625,
        "max": 1937.98828125,
        "mean": 669.647277832,
        "median": 645.99609375,
        "min": 387.59765625,
        "var": 31738.515625
    },
    "spectral_skewness": {
        "dmean": 0.704071462154,
        "dmean2": 1.09675395489,
        "dvar": 0.434504777193,
        "dvar2": 1.33819067478,
        "max": 7.91276741028,
        "mean": 5.75816965103,
        "median": 5.98584318161,
        "min": 2.02236247063,
        "var": 2.89528512955
    },
    "spectral_spread": {
        "dmean": 935576.5625,
        "dmean2": 1114349,
        "dvar": 4.32846248346e+12,
        "dvar2": 2.36522228941e+12,
        "max": 26029488,
        "mean": 2856543.25,
        "median": 1878963,
        "min": 1083692.25,
        "var": 1.26570620518e+13
    },
    "spectral_strongpeak": {
        "dmean": 0.620725572109,
        "dmean2": 0.779530584812,
        "dvar": 0.445207089186,
        "dvar2": 0.901222705841,
        "max": 6.25822162628,
        "mean": 3.72451376915,
        "median": 4.39184093475,
        "min": 0.0266221184283,
        "var": 3.13318943977
    },
    "zerocrossingrate": {
        "dmean": 0.00272623705678,
        "dmean2": 0.0023834744934,
        "dvar": 4.10420943808e-05,
        "dvar2": 4.57527094113e-05,
        "max": 0.091796875,
        "mean": 0.0313300453126,
        "median": 0.0283203125,
        "min": 0.0078125,
        "var": 0.000129060106701
    },
    "barkbands": {
        "dmean": [2.1533362542e-06, 3.44736035913e-05, 1.60731233336e-05, 1.37002416523e-05, 9.8103628261e-05, 3.43162209901e-05, 1.80238967005e-05, 0.00116486509796, 0.0061421324499, 0.000285030313535, 1.46297252286e-05, 0.000230906691286, 0.000348905887222, 3.44921801343e-07, 5.8282919781e-05, 4.81446704725e-06, 3.88131375075e-05, 8.62077627062e-07, 4.76638024338e-06, 6.51277287034e-06, 1.19158130474e-05, 9.5547093224e-06, 3.42501448358e-06, 2.9305181215e-06, 1.20273480206e-05, 1.36888074849e-05, 2.26575002671e-06],
        "dmean2": [3.75906006411e-06, 5.98416700086e-05, 2.87354887405e-05, 2.55853592535e-05, 0.000186382123502, 6.61425074213e-05, 3.12597840093e-05, 0.00110105087515, 0.00813268218189, 0.000499479530845, 2.6036044801e-05, 0.000283242610749, 0.000549464079086, 5.12488156801e-07, 0.00011348829139, 8.94359527592e-06, 7.7310949564e-05, 1.43884938097e-06, 8.83210850589e-06, 1.18002844829e-05, 2.35463448917e-05, 1.87292534974e-05, 6.38660321783e-06, 5.32152125743e-06, 2.25799867621e-05, 2.6518058803e-05, 4.37658718511e-06],
        "dvar": [6.18583526416e-12, 9.94491267114e-10, 1.48968892777e-10, 1.2850164266e-09, 5.92118887255e-08, 2.09238617543e-08, 3.29405769328e-09, 1.1499082575e-06, 4.51473606518e-05, 1.1874141137e-06, 3.66331764923e-09, 7.43421182392e-08, 4.30282568686e-07, 3.8421208489e-13, 6.74307258919e-08, 4.8142850817e-10, 4.13440162106e-08, 1.32169665837e-11, 3.91879861894e-10, 5.61146407119e-10, 3.44256423368e-09, 2.40037079102e-09, 2.70449884709e-10, 1.96112723283e-10, 3.54585649731e-09, 4.8693560295e-09, 1.22834215022e-10],
        "dvar2": [1.82651845038e-11, 2.94513124999e-09, 3.87314985639e-10, 3.77295705789e-09, 1.73082440824e-07, 6.21918658794e-08, 9.22525700275e-09, 1.23207109937e-06, 9.59145327215e-05, 2.38106281358e-06, 1.04429567216e-08, 9.7478910277e-08, 1.15592467864e-06, 8.06603210873e-13, 2.00545031248e-07, 1.39658817844e-09, 1.23223159676e-07, 3.45525864864e-11, 1.12460518675e-09, 1.65285762854e-09, 1.02523314283e-08, 7.12343162235e-09, 7.71480712647e-10, 5.51089840428e-10, 1.02394466239e-08, 1.43224490046e-08, 3.60810048505e-10],
        "max": [1.02660042103e-05, 0.000147565413499, 5.69026415178e-05, 0.000206309588975, 0.00144045951311, 0.000850921031088, 0.000365818676073, 0.017980389297, 0.0650364384055, 0.007922119461, 0.000402007019147, 0.00273405574262, 0.00461911130697, 5.55568567506e-06, 0.00149056082591, 0.000132728004246, 0.00115738296881, 2.39903165493e-05, 0.000123096629977, 0.000144037650898, 0.000337049015798, 0.000284503301373, 9.98504692689e-05, 8.70046205819e-05, 0.000359441182809, 0.000407707295381, 6.46359112579e-05],
        "mean": [2.18218769987e-06, 3.79478769901e-05, 1.83362972166e-05, 1.16034389066e-05, 0.000122209006804, 3.17145932058e-05, 1.78223435796e-05, 0.00611690990627, 0.0239204727113, 0.000324528547935, 1.4663894035e-05, 0.000471868523164, 0.000834789185319, 5.61034255497e-07, 4.92101971759e-05, 3.276070629e-06, 2.05887099582e-05, 7.13932706731e-07, 3.9790061237e-06, 6.80913763063e-06, 7.42121346775e-06, 5.53070640308e-06, 2.11124665839e-06, 1.92087463802e-06, 7.22014374333e-06, 7.69042708271e-06, 1.6260510165e-06],
        "median": [1.54482006565e-06, 2.54331971519e-05, 1.20624081319e-05, 5.30834813617e-06, 7.52880660002e-05, 1.81980176421e-05, 8.1101370597e-06, 0.00307208043523, 0.0229675248265, 1.02548028735e-05, 2.67232508122e-06, 0.000269397365628, 6.60312070977e-05, 3.29094064e-07, 1.70342191268e-05, 2.68158942163e-07, 3.06610672851e-07, 1.4919019975e-07, 2.02894725021e-07, 7.56500526222e-07, 1.57584963745e-07, 1.22542189729e-07, 1.16004628126e-07, 1.30646796492e-07, 1.6739313935e-07, 2.46728518505e-07, 6.10101722032e-07],
        "min": [8.74992025501e-08, 9.75419425231e-07, 1.23312793221e-06, 1.97570869886e-07, 4.32926481153e-06, 2.64052414423e-06, 1.21364178085e-06, 1.00912097878e-06, 9.10032781576e-07, 2.47556954491e-06, 1.93554370753e-07, 1.22998912389e-07, 2.03515511998e-07, 5.45031184629e-08, 1.24920902067e-07, 4.01322601817e-08, 3.42693304844e-08, 2.58506407391e-08, 5.60038735387e-08, 8.03883111189e-08, 3.91795254018e-08, 2.1276877149e-08, 3.32052607632e-08, 4.57559536926e-08, 5.12556965759e-08, 6.73149216368e-08, 5.94954414623e-08],
        "var": [5.41186930339e-12, 1.2200048749e-09, 2.60577392996e-10, 7.19791004578e-10, 3.64531871355e-08, 1.12893703275e-08, 2.18181672729e-09, 4.11250366597e-05, 0.000272232253337, 1.60395529747e-06, 2.81904188881e-09, 3.80359523433e-07, 1.84656994406e-06, 7.17480165991e-13, 3.51411451049e-08, 2.84351264757e-10, 2.15588862318e-08, 9.88729671053e-12, 2.51641291138e-10, 3.82726073056e-10, 1.82811643601e-09, 1.3043252034e-09, 1.61393759468e-10, 1.24310103877e-10, 2.0937096501e-09, 2.6835413891e-09, 6.65737742711e-11]
    },
    "erbbands": {
        "dmean": [0.00102191674523, 0.0078006000258, 0.0164544526488, 0.0309130679816, 0.275531202555, 0.302533566952, 0.24705632031, 0.23559269309, 0.246973589063, 1.71584498882, 81.4436264038, 131.455215454, 11.6792926788, 4.63020658493, 0.758062303066, 10.7252111435, 18.2646141052, 0.72881102562, 0.44033524394, 3.87645888329, 0.340477794409, 1.94782412052, 0.642164468765, 0.26344794035, 0.174638062716, 0.386848151684, 0.685051858425, 0.169326737523, 0.411760866642, 0.143838122487, 0.143112018704, 0.0571256317198, 0.0476038604975, 0.0291180144995, 0.129663214087, 0.0608847998083, 0.0303387269378, 0.00435847090557, 0.000447278434876, 2.34169729083e-05],
        "dmean2": [0.00167845073156, 0.0139054050669, 0.0287922937423, 0.0531864911318, 0.540952205658, 0.552302479744, 0.471656352282, 0.452689439058, 0.426424503326, 1.9316573143, 91.9051895142, 171.722106934, 14.9391155243, 8.63472747803, 1.15612792969, 13.8838758469, 28.0433444977, 1.13739991188, 0.798836648464, 7.58889722824, 0.658219337463, 3.87444114685, 1.27134180069, 0.507316887379, 0.299408614635, 0.71639251709, 1.35369300842, 0.328872472048, 0.807037591934, 0.267776936293, 0.278302758932, 0.103566914797, 0.0878209769726, 0.0539709925652, 0.243584036827, 0.11676415056, 0.0588269867003, 0.0084794415161, 0.000861919892486, 3.97101393901e-05],
        "dvar": [8.4546297785e-07, 6.03254848102e-05, 0.000232641628827, 0.00323942885734, 0.544888854027, 0.432098448277, 0.960131704807, 0.899910748005, 0.476044625044, 1.65441358089, 2795.41308594, 28692.90625, 763.18548584, 365.917205811, 5.18867206573, 136.373214722, 993.945068359, 1.96190237999, 2.74183797836, 317.25982666, 2.53302598, 103.944046021, 11.1182804108, 1.2650680542, 0.504543423653, 2.03798699379, 11.2763195038, 0.689087033272, 4.45353984833, 0.485338360071, 0.520590543747, 0.0747636780143, 0.0526615194976, 0.0199795048684, 0.412773519754, 0.0945080146194, 0.0238234829158, 0.000483676296426, 4.93156858283e-06, 6.00126615069e-09],
        "dvar2": [2.39812675318e-06, 0.000176012079464, 0.000594374490902, 0.00958366785198, 1.62345063686, 1.21500372887, 2.83792901039, 2.679728508, 1.35781431198, 3.4820587635, 6127.47607422, 50604.6445312, 1668.03759766, 750.93182373, 13.5196847916, 277.689178467, 2741.49511719, 5.48201847076, 7.95375823975, 945.465637207, 7.4594335556, 309.390899658, 33.0756149292, 3.75443220139, 1.3657399416, 6.05101299286, 33.6592597961, 2.03325390816, 13.2008571625, 1.38438999653, 1.52872121334, 0.210087522864, 0.149497434497, 0.0575995445251, 1.19217550755, 0.275843113661, 0.0702125504613, 0.00142435566522, 1.4458689293e-05, 1.74724572588e-08],
        "max": [0.00491088349372, 0.0385803505778, 0.0822849795222, 0.334436863661, 4.27160406113, 3.86218214035, 5.78492116928, 5.61588287354, 4.4763584137, 19.6635284424, 890.846252441, 1734.21520996, 241.241943359, 127.97315979, 17.0501403809, 101.793785095, 219.856277466, 8.95083618164, 10.1149511337, 101.845314026, 9.27555084229, 58.1446266174, 19.0780105591, 6.69943571091, 4.6326084137, 8.54513168335, 19.2503700256, 4.86707496643, 12.2575454712, 4.26453638077, 4.20435094833, 1.69493746758, 1.4092912674, 0.863996088505, 3.87683749199, 1.8160520792, 0.90146869421, 0.128046959639, 0.0129750454798, 0.000489943020511],
        "mean": [0.0012586429948, 0.00795096438378, 0.0204824768007, 0.0343427434564, 0.266884326935, 0.433923006058, 0.211017459631, 0.248073577881, 0.499761283398, 8.131939888, 382.74331665, 494.541564941, 27.7195281982, 6.7960767746, 1.20132255554, 23.2530612946, 45.2867355347, 1.82197797298, 0.634203076363, 2.87030887604, 0.238253101707, 1.04001557827, 0.350615948439, 0.210633292794, 0.165231764317, 0.391003042459, 0.439890921116, 0.110600285232, 0.23876939714, 0.0932697355747, 0.0806517004967, 0.0379623025656, 0.0302015524358, 0.0190069843084, 0.077425301075, 0.0347130522132, 0.0170360356569, 0.0025073918514, 0.000306222587824, 5.29183635081e-05],
        "median": [0.000887736328878, 0.00473405886441, 0.0128285111859, 0.0186662245542, 0.170742884278, 0.250546097755, 0.0810192227364, 0.15709374845, 0.371073246002, 6.19136047363, 313.770599365, 354.54699707, 12.0751237869, 0.777492046356, 0.680498898029, 19.0351238251, 11.7205553055, 0.352889090776, 0.363210171461, 1.0079767704, 0.0550524108112, 0.0204866416752, 0.00914598349482, 0.0163814555854, 0.0194211173803, 0.0213269013911, 0.0217327047139, 0.00566637003794, 0.00451955897734, 0.00381853943691, 0.00313084572554, 0.00278707430698, 0.00213038059883, 0.00168179231696, 0.00126499298494, 0.000833613798022, 0.000463448814116, 0.000217856271775, 8.70810472406e-05, 4.90090242238e-05],
        "min": [5.36656698387e-05, 9.2193717137e-05, 0.00113009661436, 0.00292201247066, 0.0044452752918, 0.0173871777952, 0.0159515962005, 0.0206682924181, 0.119963973761, 0.0171901155263, 0.0222967714071, 0.0235385410488, 0.0868342146277, 0.025544475764, 0.00481821550056, 0.00663728872314, 0.0114405918866, 0.0066315238364, 0.00479619344696, 0.00455940142274, 0.00251160212792, 0.00191426079255, 0.0016535136383, 0.00191037869081, 0.00349430227652, 0.00382417836227, 0.00196189200506, 0.00134067051113, 0.000673788948916, 0.000988804269582, 0.00102786172647, 0.000757267524023, 0.000874120625667, 0.000436175614595, 0.000466555735329, 0.000273249490419, 0.00012917094864, 3.46500746673e-05, 2.30904988712e-05, 2.39071050601e-06],
        "var": [1.23802067264e-06, 6.51770242257e-05, 0.000351509486791, 0.00213679694571, 0.287331372499, 0.36604809761, 0.532295227051, 0.487605124712, 0.323032110929, 37.7119827271, 76619.3046875, 196701.96875, 1479.04138184, 491.306549072, 5.03804302216, 475.451568604, 3947.38769531, 6.94182014465, 1.66141974926, 164.949066162, 1.37338650227, 54.4098739624, 5.8542098999, 0.735673069954, 0.367530792952, 1.35984528065, 5.95402050018, 0.381019741297, 2.42177891731, 0.296189039946, 0.284474909306, 0.0474462471902, 0.0322731211782, 0.012090251781, 0.243603885174, 0.0532234683633, 0.0131229972467, 0.000264148722636, 2.69124234364e-06, 3.59012175544e-09]
    },
    "gfcc": {
        "mean": [-168.213256836, 123.013244629, -106.915168762, -63.8147468567, -66.153717041, 5.05107688904, -0.247461304069, 9.87445259094, -7.46392250061, 10.0939950943, -22.4469413757, -31.9219837189, -23.0202980042],
        "cov": [[2587.42553711, -603.660583496, -889.235534668, -116.888511658, -178.982391357, 129.243408203, 158.186233521, 154.129852295, -144.085586548, 39.2265014648, -172.140563965, 17.1251182556, 15.9488992691], [-603.660583496, 839.589050293, 178.76373291, -419.905334473, 86.5829391479, -9.27530384064, 97.7294845581, -78.4616775513, 260.965911865, 105.541816711, 105.57359314, -328.578338623, -143.255508423], [-889.235534668, 178.76373291, 1050.21643066, 97.3246307373, 101.93888092, -12.2625741959, -367.242614746, -34.9132156372, 103.993164062, -81.2340011597, 1.49800503254, 214.550598145, 28.0420417786], [-116.888511658, -419.905334473, 97.3246307373, 397.538909912, 22.4203510284, -28.4378604889, -96.0951919556, 20.3413162231, -147.804550171, -88.9326019287, -37.8887138367, 208.60609436, 102.620552063], [-178.982391357, 86.5829391479, 101.93888092, 22.4203510284, 135.786697388, -17.2966213226, -25.3111152649, -16.0903282166, 2.48618268967, 4.99557924271, 29.206111908, -5.60737466812, 3.1459274292], [129.243408203, -9.27530384064, -12.2625741959, -28.4378604889, -17.2966213226, 62.2951889038, 20.1741218567, 15.0501079559, 0.248125642538, 12.9123563766, 7.98675966263, 9.38829708099, -25.0407848358], [158.186233521, 97.7294845581, -367.242614746, -96.0951919556, -25.3111152649, 20.1741218567, 220.703964233, 22.0420341492, 23.3563232422, 57.0719146729, 36.6136665344, -144.460342407, -47.8035850525], [154.129852295, -78.4616775513, -34.9132156372, 20.3413162231, -16.0903282166, 15.0501079559, 22.0420341492, 69.9873504639, 5.30698394775, -0.247544854879, -14.6279697418, 22.978061676, 9.14328289032], [-144.085586548, 260.965911865, 103.993164062, -147.804550171, 2.48618268967, 0.248125642538, 23.3563232422, 5.30698394775, 137.295135498, 40.5292320251, 15.6047649384, -91.8030776978, -45.2848243713], [39.2265014648, 105.541816711, -81.2340011597, -88.9326019287, 4.99557924271, 12.9123563766, 57.0719146729, -0.247544854879, 40.5292320251, 44.3553848267, 19.4979057312, -66.591468811, -26.1049118042], [-172.140563965, 105.57359314, 1.49800503254, -37.8887138367, 29.206111908, 7.98675966263, 36.6136665344, -14.6279697418, 15.6047649384, 19.4979057312, 51.8103561401, -32.555896759, -28.330411911], [17.1251182556, -328.578338623, 214.550598145, 208.60609436, -5.60737466812, 9.38829708099, -144.460342407, 22.978061676, -91.8030776978, -66.591468811, -32.555896759, 227.040557861, 72.9578170776], [15.9488992691, -143.255508423, 28.0420417786, 102.620552063, 3.1459274292, -25.0407848358, -47.8035850525, 9.14328289032, -45.2848243713, -26.1049118042, -28.330411911, 72.9578170776, 68.7242355347]],
        "icov": [[0.00156069814693, -0.00014958907559, 0.00191576918587, 0.00149199506268, -0.0012061331654, -0.00228321109898, 0.000824374496005, -0.00131052383222, 0.000319588405546, -0.000486777251353, 0.00589084345847, -0.00236484780908, 0.00125208555255], [-0.00014958907559, 0.0493084527552, -0.0204272624105, 0.0152004333213, -0.00679538492113, -0.00806346628815, -0.00528851617128, 0.0160982199013, -0.0223024263978, 0.0148093225434, -0.0423233360052, 0.0667034238577, -0.0173219703138], [0.00191576918587, -0.0204272624105, 0.0180886797607, -0.00569510925561, -0.00120385235641, -0.00424185441807, 0.0126927243546, -0.00623141694814, -0.00369089050218, 0.00480246171355, 0.0166058484465, -0.0327573157847, 0.00727836182341], [0.00149199506268, 0.0152004333213, -0.00569510925561, 0.0153231751174, -0.00556161580607, -0.00177567673381, -0.00659563625231, 0.00354784331284, -0.00217110710219, 0.0114203551784, -0.00530441710725, 0.0126519603655, -0.00738092605025], [-0.0012061331654, -0.00679538492113, -0.00120385235641, -0.00556161580607, 0.0140787987038, 0.00605926755816, 0.00253081601113, -0.00404761265963, 0.00864992383868, -0.0110856033862, -0.00565156945959, -0.00194044155069, -7.80080881668e-06], [-0.00228321109898, -0.00806346628815, -0.00424185441807, -0.00177567673381, 0.00605926755816, 0.0397310107946, -0.00918029155582, -0.00638196803629, 0.0167882982641, -0.0247612372041, 0.00685583427548, -0.0188790392131, 0.0212916489691], [0.000824374496005, -0.00528851617128, 0.0126927243546, -0.00659563625231, 0.00253081601113, -0.00918029155582, 0.0314306728542, -0.0100357541814, -0.00749772926793, 0.00119147647638, -0.0129148410633, 0.00331788812764, -0.000142634642543], [-0.00131052383222, 0.0160982199013, -0.00623141694814, 0.00354784331284, -0.00404761265963, -0.00638196803629, -0.0100357541814, 0.0306789390743, -0.0186382867396, 0.0107971522957, -0.0101156737655, 0.0138032305986, -0.00910035148263], [0.000319588405546, -0.0223024263978, -0.00369089050218, -0.00217110710219, 0.00864992383868, 0.0167882982641, -0.00749772926793, -0.0186382867396, 0.0508427619934, -0.037507943809, 0.0318626053631, -0.021229762584, 0.0160970408469], [-0.000486777251353, 0.0148093225434, 0.00480246171355, 0.0114203551784, -0.0110856033862, -0.0247612372041, 0.00119147647638, 0.0107971522957, -0.037507943809, 0.095641747117, -0.0348934642971, 0.0223270989954, -0.023624682799], [0.00589084345847, -0.0423233360052, 0.0166058484465, -0.00530441710725, -0.00565156945959, 0.00685583427548, -0.0129148410633, -0.0101156737655, 0.0318626053631, -0.0348934642971, 0.106308490038, -0.0740949362516, 0.0368984229863], [-0.00236484780908, 0.0667034238577, -0.0327573157847, 0.0126519603655, -0.00194044155069, -0.0188790392131, 0.00331788812764, 0.0138032305986, -0.021229762584, 0.0223270989954, -0.0740949362516, 0.121071375906, -0.0368348024786], [0.00125208555255, -0.0173219703138, 0.00727836182341, -0.00738092605025, -7.80080881668e-06, 0.0212916489691, -0.000142634642543, -0.00910035148263, 0.0160970408469, -0.023624682799, 0.0368984229863, -0.0368348024786, 0.0510218255222]]
    },
    "melbands": {
        "dmean": [9.4051420092e-06, 7.96018139226e-06, 9.80752702162e-06, 2.50673365372e-05, 8.02205158834e-06, 5.49916740056e-06, 3.72813792637e-06, 6.13708289166e-06, 0.000988400774077, 0.000710017164238, 4.46548110631e-05, 2.34209965129e-05, 1.7536856376e-06, 8.08673394204e-06, 6.21665531071e-05, 1.89477650565e-05, 5.01308683454e-08, 2.01718520998e-07, 4.27183340435e-06, 2.98613167615e-06, 4.31115481092e-08, 1.5800616211e-06, 2.13040084418e-06, 3.02681755215e-08, 2.32239415254e-07, 1.30342570515e-07, 2.20847610422e-07, 2.27766548733e-07, 3.47825505287e-07, 2.88457727038e-07, 7.01420361793e-08, 1.62437203244e-07, 2.92977688332e-07, 2.31752714797e-08, 8.32941893236e-08, 4.79190909175e-08, 3.22061097791e-08, 3.78465365714e-08, 2.18594404799e-08, 1.81743420313e-08],
        "dmean2": [1.5846464521e-05, 1.41299178722e-05, 1.90931914403e-05, 4.83295334561e-05, 1.47081118484e-05, 1.05235112642e-05, 6.47007664156e-06, 9.46768705035e-06, 0.00117245665751, 0.000929558416829, 6.31084112683e-05, 4.43226163043e-05, 3.16519754051e-06, 1.05352592072e-05, 8.47294722917e-05, 2.95160753012e-05, 8.64786997568e-08, 3.18086676998e-07, 8.24897142593e-06, 5.8703067225e-06, 7.14879391239e-08, 3.13176997224e-06, 4.25396137871e-06, 4.81874238289e-08, 4.49071620778e-07, 2.25003290666e-07, 3.90748965629e-07, 4.22541120315e-07, 6.83669099999e-07, 5.72365252083e-07, 1.33174722805e-07, 3.17451963383e-07, 5.76381239625e-07, 3.20817790112e-08, 1.62517125091e-07, 9.15810218771e-08, 5.76702419153e-08, 6.94882373864e-08, 4.09363387632e-08, 3.33358514126e-08],
        "dvar": [6.57831913942e-11, 7.52151257943e-11, 7.40897843077e-10, 3.66565466869e-09, 7.82715503522e-10, 4.90766483008e-10, 1.33958399928e-10, 1.59966651037e-10, 4.77024855172e-07, 8.42530937462e-07, 2.42387461213e-08, 9.90080284424e-09, 5.38312658338e-11, 1.1791280452e-10, 5.81786174791e-09, 1.40705724849e-09, 1.19002919837e-14, 3.45294078703e-13, 3.462288789e-10, 1.94619154126e-10, 3.12542011585e-14, 6.78362158113e-11, 1.25040325316e-10, 1.50917012177e-14, 9.55663066043e-13, 2.76013288831e-13, 6.39533185524e-13, 7.02605020605e-13, 2.83976748366e-12, 2.04934918861e-12, 1.10846234806e-13, 6.82974998171e-13, 2.28805776409e-12, 7.58462100092e-15, 1.76932863434e-13, 5.7195249242e-14, 2.33070974901e-14, 3.30281558125e-14, 1.13310401033e-14, 7.53545497349e-15],
        "dvar2": [1.98695809805e-10, 1.98931524031e-10, 2.20638196602e-09, 1.0692153829e-08, 2.28813679115e-09, 1.45804357476e-09, 3.7851746737e-10, 4.5302367413e-10, 1.2222769783e-06, 1.50644871155e-06, 5.29065644628e-08, 2.01699847935e-08, 1.56500812309e-10, 2.32264707467e-10, 1.5882575255e-08, 3.85667764391e-09, 3.38431302568e-14, 9.04953683604e-13, 1.02705732807e-09, 5.80140990802e-10, 7.92063693821e-14, 2.01422559187e-10, 3.7351813309e-10, 3.73994658485e-14, 2.85527352629e-12, 7.43251543211e-13, 1.83836669845e-12, 2.09095457962e-12, 8.45501880314e-12, 6.12283444432e-12, 3.23612366288e-13, 2.02123344104e-12, 6.80073662315e-12, 1.5924544669e-14, 5.20857120455e-13, 1.65907503122e-13, 6.49176215171e-14, 9.34604634352e-14, 3.2547132578e-14, 2.17503881523e-14],
        "max": [3.87222717109e-05, 4.78225410916e-05, 0.000156456546392, 0.000356478994945, 0.000167127218447, 0.000131336142658, 7.40838077036e-05, 7.98048713477e-05, 0.0093369493261, 0.00935235247016, 0.00124592613429, 0.000656757096294, 4.80185590277e-05, 7.8534030763e-05, 0.000471426144941, 0.000262604909949, 6.88991974584e-07, 4.03914327762e-06, 0.00010736767581, 7.96515887487e-05, 1.17653223697e-06, 4.71381572424e-05, 6.34648895357e-05, 8.41455289446e-07, 5.77841910854e-06, 3.45616604136e-06, 4.97571636515e-06, 5.00446049045e-06, 9.7110232673e-06, 8.16559531813e-06, 1.99838746084e-06, 4.8118331506e-06, 8.75798741617e-06, 6.43537021006e-07, 2.4399441827e-06, 1.42226235766e-06, 9.54634174377e-07, 1.12047655421e-06, 6.442867857e-07, 5.36684467534e-07],
        "mean": [1.08725307655e-05, 1.06902380139e-05, 9.80720596999e-06, 3.11576586682e-05, 8.37658626551e-06, 5.66129438084e-06, 4.5923993639e-06, 1.51229587573e-05, 0.00444008782506, 0.00261520571075, 4.58519170934e-05, 2.92300210276e-05, 1.80394954441e-06, 1.54644621944e-05, 0.000145282319863, 4.60795745312e-05, 6.73027997777e-08, 3.29357277451e-07, 3.9485198613e-06, 1.94848848878e-06, 3.76040034666e-08, 8.49250000101e-07, 1.12326972612e-06, 2.71122324591e-08, 1.86652982848e-07, 1.17801867816e-07, 2.24979160635e-07, 2.27513055506e-07, 2.28772961464e-07, 1.75442707473e-07, 4.74659032079e-08, 9.52606740157e-08, 1.67522941297e-07, 2.22644622738e-08, 4.63260398931e-08, 2.89341173243e-08, 2.18207567571e-08, 2.40574511423e-08, 1.37410873791e-08, 1.25205534829e-08],
        "median": [7.13121562512e-06, 7.43804230297e-06, 6.33305580777e-06, 1.98354791792e-05, 3.19730679621e-06, 3.47400055034e-06, 2.95544123219e-06, 1.11239578473e-05, 0.00448757316917, 0.00185243424494, 2.04926186598e-06, 5.4759499335e-07, 3.89395211187e-07, 7.67933124735e-06, 9.38056546147e-05, 2.35501283896e-06, 3.82680553912e-08, 1.01351048443e-07, 1.43429053878e-06, 2.30530574186e-07, 9.89232873394e-09, 2.33514381165e-08, 8.02257638099e-09, 6.13483042144e-09, 1.38905278391e-08, 8.92292106869e-09, 1.46950851487e-08, 1.40426115181e-08, 1.94921501162e-08, 3.69331831784e-09, 2.64678701178e-09, 2.69136690711e-09, 2.17368656408e-09, 2.11134310035e-09, 1.77858039407e-09, 1.72641290153e-09, 1.61709323709e-09, 1.47693846042e-09, 1.34827105036e-09, 1.36964350972e-09],
        "min": [4.22756670559e-07, 4.71953796932e-07, 5.13309601047e-07, 7.10048198016e-07, 6.65686059165e-07, 3.33795981078e-07, 4.14524947701e-07, 1.27539678374e-07, 1.57306814685e-07, 1.47303339304e-07, 4.36871260945e-07, 1.0524234284e-07, 1.96416287679e-08, 1.23272885233e-08, 2.09666328743e-08, 1.9707204757e-08, 5.56069013058e-09, 7.98206833963e-09, 1.01638839567e-08, 3.02538838426e-09, 2.07135641972e-09, 2.17756546128e-09, 1.43456280188e-09, 1.34563926668e-09, 1.28630661678e-09, 2.04748151766e-09, 2.74545475243e-09, 2.45891285111e-09, 1.39425604395e-09, 9.24629872667e-10, 6.17837281336e-10, 2.73308736753e-10, 5.65578028855e-10, 5.11665487757e-10, 6.07889960591e-10, 5.39458921978e-10, 3.60768609431e-10, 6.51012244113e-10, 3.84043186141e-10, 3.5080846561e-10],
        "var": [9.11390962699e-11, 9.22068046916e-11, 3.88037213472e-10, 2.21640350517e-09, 4.74243255777e-10, 2.6748253612e-10, 8.81848344347e-11, 2.40837988441e-10, 7.86950022302e-06, 5.72398812437e-06, 3.17711972286e-08, 1.27928085902e-08, 3.93073004701e-11, 3.78066494777e-10, 1.9238493465e-08, 6.01700245184e-09, 1.15465142737e-14, 3.28680767499e-13, 1.82268630744e-10, 1.01767670679e-10, 2.42883953238e-14, 3.57652449323e-11, 6.48221407107e-11, 1.25412867076e-14, 5.50783973551e-13, 2.05792482122e-13, 4.55342089988e-13, 4.64293100494e-13, 1.51339715499e-12, 1.07265487725e-12, 6.46115715726e-14, 3.73254920895e-13, 1.23585007245e-12, 8.48846614201e-15, 9.58363976285e-14, 3.26916736683e-14, 1.51915054158e-14, 2.04592439724e-14, 6.70522970101e-15, 4.67643713806e-15]
    },
    "mfcc": {
        "mean": [-853.912780762, 183.386474609, 3.91578626633, -24.1593551636, -35.0169143677, -5.60511445999, 6.36028814316, -5.28054237366, 9.7365436554, 25.6120986938, 12.874912262, 7.01555299759, -1.35675001144],
        "cov": [[2849.86474609, -815.76953125, -685.72869873, -101.454185486, -536.340026855, -35.4928588867, 157.791275024, 224.058807373, 160.581741333, -34.4519691467, -140.197998047, -90.5787582397, -125.268951416], [-815.76953125, 840.034545898, 237.73979187, -184.909500122, 191.148132324, 13.9341821671, -92.8543701172, -223.083435059, -52.868106842, 201.128341675, 195.26335144, 183.886871338, 105.1404953], [-685.72869873, 237.73979187, 510.427642822, 1.66121470928, 321.103881836, -3.24217891693, -227.5809021, -35.6104469299, -38.4787788391, -111.796981812, 23.2197608948, 17.9878463745, 42.5795440674], [-101.454185486, -184.909500122, 1.66121470928, 150.734176636, 42.1163597107, 7.03387403488, 34.8419761658, 40.1576538086, -0.0166124664247, -51.9231987, -68.4510421753, -67.7975845337, -22.819568634], [-536.340026855, 191.148132324, 321.103881836, 42.1163597107, 345.459411621, -3.04252529144, -123.019607544, -49.9976730347, -66.5210723877, -54.6272735596, -11.3449277878, -20.0614795685, 55.1041412354], [-35.4928588867, 13.9341821671, -3.24217891693, 7.03387403488, -3.04252529144, 35.1074066162, 16.336309433, -8.76819133759, -3.56070327759, 7.86724376678, 7.32981061935, 4.63153219223, 1.33447098732], [157.791275024, -92.8543701172, -227.5809021, 34.8419761658, -123.019607544, 16.336309433, 176.690368652, 27.4005069733, -5.23368549347, 63.3069496155, -12.1810703278, -10.9525270462, -1.02944409847], [224.058807373, -223.083435059, -35.6104469299, 40.1576538086, -49.9976730347, -8.76819133759, 27.4005069733, 105.283607483, 29.4763832092, -60.6981201172, -36.6335678101, -32.2288169861, -15.8783922195], [160.581741333, -52.868106842, -38.4787788391, -0.0166124664247, -66.5210723877, -3.56070327759, -5.23368549347, 29.4763832092, 52.8517532349, 10.4949359894, 1.24420714378, 0.648306787014, -14.7839164734], [-34.4519691467, 201.128341675, -111.796981812, -51.9231987, -54.6272735596, 7.86724376678, 63.3069496155, -60.6981201172, 10.4949359894, 159.386199951, 76.3048324585, 52.7160263062, 23.5518226624], [-140.197998047, 195.26335144, 23.2197608948, -68.4510421753, -11.3449277878, 7.32981061935, -12.1810703278, -36.6335678101, 1.24420714378, 76.3048324585, 92.9683685303, 72.3873291016, 26.1644954681], [-90.5787582397, 183.886871338, 17.9878463745, -67.7975845337, -20.0614795685, 4.63153219223, -10.9525270462, -32.2288169861, 0.648306787014, 52.7160263062, 72.3873291016, 91.0502548218, 33.103351593], [-125.268951416, 105.1404953, 42.5795440674, -22.819568634, 55.1041412354, 1.33447098732, -1.02944409847, -15.8783922195, -14.7839164734, 23.5518226624, 26.1644954681, 33.103351593, 52.8933525085]],
