{
"lowlevel": {
    "average_loudness": 0.978283047676,
    "barkbands_crest": {
        "dmean": 1.67298138142,
        "dmean2": 2.61730861664,
        "dvar": 8.73740959167,
        "dvar2": 18.9542751312,
        "max": 26.2879981995,
        "mean": 19.7786312103,
        "median": 23.1139984131,
        "min": 6.15483045578,
        "var": 38.5634765625
    },
    "barkbands_flatness_db": {
        "dmean": 0.0324141979218,
        "dmean2": 0.0468087084591,
        "dvar": 0.00216874107718,
        "dvar2": 0.00404544966295,
        "max": 0.532808363438,
        "mean": 0.335837244987,
        "median": 0.358072966337,
        "min": 0.0797318443656,
        "var": 0.00887254159898
    },
    "barkbands_kurtosis": {
        "dmean": 17.0978469849,
        "dmean2": 26.3781471252,
        "dvar": 620.608398438,
        "dvar2": 1502.51049805,
        "max": 177.219329834,
        "mean": 46.6757698059,
        "median": 24.3848991394,
        "min": -1.02584636211,
        "var": 2280.84765625
    },
    "barkbands_skewness": {
        "dmean": 1.02329742908,
        "dmean2": 1.51589894295,
        "dvar": 1.27042484283,
        "dvar2": 2.92356538773,
        "max": 9.15027713776,
        "mean": 0.927573680878,
        "median": 1.44921910763,
        "min": -6.51048946381,
        "var": 12.0483961105
    },
    "barkbands_spread": {
        "dmean": 2.91893482208,
        "dmean2": 4.7008471489,
        "dvar": 86.5721893311,
        "dvar2": 212.988021851,
        "max": 80.6224517822,
        "mean": 4.25299453735,
        "median": 1.88866865635,
        "min": 0.171514376998,
        "var": 86.3528594971
    },
    "dissonance": {
        "dmean": 0.089587084949,
        "dmean2": 0.158093482256,
        "dvar": 0.00617934018373,
        "dvar2": 0.016302652657,
        "max": 0.499053806067,
        "mean": 0.286696404219,
        "median": 0.259377270937,
        "min": 0.0879257842898,
        "var": 0.013638692908
    },
    "dynamic_complexity": 4.0897321701,
    "erbbands_crest": {
        "dmean": 1.95719623566,
        "dmean2": 3.06744670868,
        "dvar": 6.4309258461,
        "dvar2": 14.0750637054,
        "max": 28.1977615356,
        "mean": 21.0581665039,
        "median": 22.0448360443,
        "min": 5.52259778976,
        "var": 32.4217987061
    },
    "erbbands_flatness_db": {
        "dmean": 0.0292783044279,
        "dmean2": 0.0409870110452,
        "dvar": 0.00205422053114,
        "dvar2": 0.00361453020014,
        "max": 0.553818643093,
        "mean": 0.359670102596,
        "median": 0.383431762457,
        "min": 0.0676925256848,
        "var": 0.011908412911
    },
    "erbbands_kurtosis": {
        "dmean": 9.19979858398,
        "dmean2": 14.6461772919,
        "dvar": 239.703338623,
        "dvar2": 576.708984375,
        "max": 115.188171387,
        "mean": 34.7910728455,
        "median": 29.6188850403,
        "min": -1.25017464161,
        "var": 857.938598633
    },
    "erbbands_skewness": {
        "dmean": 0.689378499985,
        "dmean2": 0.997813820839,
        "dvar": 0.60158342123,
        "dvar2": 1.16407740116,
        "max": 8.24747467041,
        "mean": 2.44688224792,
        "median": 2.06075668335,
        "min": -1.46878921986,
        "var": 4.84543514252
    },
    "erbbands_spread": {
        "dmean": 4.36029958725,
        "dmean2": 7.32485055923,
        "dvar": 184.737854004,
        "dvar2": 495.263092041,
        "max": 116.294296265,
        "mean": 7.50997877121,
        "median": 3.67679572105,
        "min": 0.505295097828,
        "var": 223.315490723
    },
    "hfc": {
        "dmean": 3.98525738716,
        "dmean2": 5.68611001968,
        "dvar": 35.2625846863,
        "dvar2": 53.1870231628,
        "max": 53.4440231323,
        "mean": 21.4911155701,
        "median": 20.0589637756,
        "min": 0.024359639734,
        "var": 138.215011597
    },
    "melbands_crest": {
        "dmean": 1.98022818565,
        "dmean2": 2.7248544693,
        "dvar": 7.5174946785,
        "dvar2": 14.3794107437,
        "max": 29.935628891,
        "mean": 21.6639328003,
        "median": 22.4107875824,
        "min": 7.26786327362,
        "var": 28.3364639282
    },
    "melbands_flatness_db": {
        "dmean": 0.032653901726,
        "dmean2": 0.0459405556321,
        "dvar": 0.00230012508109,
        "dvar2": 0.00430493941531,
        "max": 0.619910776615,
        "mean": 0.40598103404,
        "median": 0.414674371481,
        "min": 0.141998261213,
        "var": 0.00758864777163
    },
    "melbands_kurtosis": {
        "dmean": 8.0592918396,
        "dmean2": 11.6923398972,
        "dvar": 106.671791077,
        "dvar2": 209.49319458,
        "max": 105.008071899,
        "mean": 27.0251083374,
        "median": 23.8071918488,
        "min": -1.36633002758,
        "var": 618.414428711
    },
    "melbands_skewness": {
        "dmean": 0.765860259533,
        "dmean2": 1.1532728672,
        "dvar": 0.797865152359,
        "dvar2": 1.79142403603,
        "max": 5.31334161758,
        "mean": 0.247416511178,
        "median": 0.928164184093,
        "min": -4.97929477692,
        "var": 8.25213432312
    },
    "melbands_spread": {
        "dmean": 1.78313553333,
        "dmean2": 2.58181428909,
        "dvar": 10.2863225937,
        "dvar2": 23.0881080627,
        "max": 23.2469787598,
        "mean": 4.79040622711,
        "median": 2.73833942413,
        "min": 0.304698109627,
        "var": 20.9724464417
    },
    "pitch_salience": {
        "dmean": 0.0565757267177,
        "dmean2": 0.0873115435243,
        "dvar": 0.00821699388325,
        "dvar2": 0.0151546485722,
        "max": 0.817345499992,
        "mean": 0.312533825636,
        "median": 0.252203315496,
        "min": 0.0406457558274,
        "var": 0.0304263848811
    },
    "silence_rate_20dB": {
        "dmean": 0,
        "dmean2": 0,
        "dvar": 0,
        "dvar2": 0,
        "max": 1,
        "mean": 1,
        "median": 1,
        "min": 1,
        "var": 0
    },
    "silence_rate_30dB": {
        "dmean": 0,
        "dmean2": 0,
        "dvar": 0,
        "dvar2": 0,
        "max": 1,
        "mean": 1,
        "median": 1,
        "min": 1,
        "var": 0
    },
    "silence_rate_60dB": {
        "dmean": 0.0111111113802,
        "dmean2": 0.0224719103426,
        "dvar": 0.0109876394272,
        "dvar2": 0.0219669081271,
        "max": 1,
        "mean": 0.0879120901227,
        "median": 0,
        "min": 0,
        "var": 0.0801835879683
    },
    "spectral_centroid": {
        "dmean": 46.0555229187,
        "dmean2": 65.7697525024,
        "dvar": 7626.60205078,
        "dvar2": 18760.578125,
        "max": 1267.59863281,
        "mean": 741.873291016,
        "median": 746.883300781,
        "min": 394.898193359,
        "var": 14252.2158203
    },
    "spectral_complexity": {
        "dmean": 1.28888893127,
        "dmean2": 1.92134833336,
        "dvar": 3.02765369415,
        "dvar2": 4.81403636932,
        "max": 16,
        "mean": 4.15384626389,
        "median": 4,
        "min": 0,
        "var": 7.31699466705
    },
    "spectral_decrease": {
        "dmean": 1.43540712649e-09,
        "dmean2": 2.04941197346e-09,
        "dvar": 4.58356162975e-18,
        "dvar2": 7.65099963118e-18,
        "max": -8.23018563023e-12,
        "mean": -7.03153890669e-09,
        "median": -6.46453424125e-09,
        "min": -1.7560155996e-08,
        "var": 1.52034820514e-17
    },
    "spectral_energy": {
        "dmean": 0.00575226265937,
        "dmean2": 0.00817123800516,
        "dvar": 7.3463692388e-05,
        "dvar2": 0.00012165861699,
        "max": 0.071123316884,
        "mean": 0.028487868607,
        "median": 0.0264582708478,
        "min": 3.32721392624e-05,
        "var": 0.000247824209509
    },
    "spectral_energyband_high": {
        "dmean": 8.39362546685e-05,
        "dmean2": 0.000149683502968,
        "dvar": 8.98844021435e-08,
        "dvar2": 2.54805087252e-07,
        "max": 0.0016495087184,
        "mean": 8.32316436572e-05,
        "median": 1.8260865545e-05,
        "min": 2.50492405485e-07,
        "var": 5.85691850574e-08
    },
    "spectral_energyband_low": {
        "dmean": 5.46864612261e-05,
        "dmean2": 9.32903931243e-05,
        "dvar": 8.95626151021e-09,
        "dvar2": 2.52277629897e-08,
        "max": 0.000688418978825,
        "mean": 5.96840582148e-05,
        "median": 3.41280792782e-05,
        "min": 6.79866843711e-07,
        "var": 6.97610902378e-09
    },
    "spectral_energyband_middle_high": {
        "dmean": 0.00167855457403,
        "dmean2": 0.00195017235819,
        "dvar": 6.33023455521e-06,
        "dvar2": 9.39561596169e-06,
        "max": 0.02797521092,
        "mean": 0.0103056021035,
        "median": 0.00709997070953,
        "min": 1.6843235926e-06,
        "var": 9.83143690974e-05
    },
    "spectral_energyband_middle_low": {
        "dmean": 0.00522726448253,
        "dmean2": 0.00777509296313,
        "dvar": 6.87014107825e-05,
        "dvar2": 0.000118232019304,
        "max": 0.0657129660249,
        "mean": 0.0185716282576,
        "median": 0.0142603879794,
        "min": 1.20379208965e-05,
        "var": 0.00030133445398
    },
    "spectral_entropy": {
        "dmean": 0.364086955786,
        "dmean2": 0.520164847374,
        "dvar": 0.298656582832,
        "dvar2": 0.558698892593,
        "max": 8.45047664642,
        "mean": 5.27252388,
        "median": 4.88327074051,
        "min": 3.5004029274,
        "var": 1.057903409
    },
    "spectral_flux": {
        "dmean": 0.02043556422,
        "dmean2": 0.0339118726552,
        "dvar": 0.00095797580434,
        "dvar2": 0.00161405443214,
        "max": 0.232709214091,
        "mean": 0.0381726585329,
        "median": 0.0251180250198,
        "min": 0.00494523532689,
        "var": 0.00166591478046
    },
    "spectral_kurtosis": {
        "dmean": 8.48501873016,
        "dmean2": 12.5075836182,
        "dvar": 108.578620911,
        "dvar2": 176.61769104,
        "max": 119.574127197,
        "mean": 29.9726753235,
        "median": 26.8342533112,
        "min": 0.0680539608002,
        "var": 486.39630127
    },
    "spectral_rms": {
        "dmean": 0.000560036860406,
        "dmean2": 0.000785458134487,
        "dvar": 8.22160075131e-07,
        "dvar2": 1.13687133307e-06,
        "max": 0.008329981938,
        "mean": 0.00492155412212,
        "median": 0.00508064450696,
        "min": 0.000180168324732,
        "var": 3.57135081686e-06
    },
    "spectral_rolloff": {
        "dmean": 283.041992188,
        "dmean2": 557.68572998,
        "dvar": 2657142,
        "dvar2": 7890387.5,
        "max": 11670.9960938,
        "mean": 926.637878418,
        "median": 839.794921875,
        "min": 172.265625,
        "var": 1341342
    },
    "spectral_skewness": {
        "dmean": 0.671433866024,
        "dmean2": 1.02390766144,
        "dvar": 0.536852359772,
        "dvar2": 0.968606173992,
        "max": 9.2261390686,
        "mean": 4.28777360916,
        "median": 4.32326555252,
        "min": 1.01937055588,
        "var": 2.20541357994
    },
    "spectral_spread": {
        "dmean": 986735.125,
        "dmean2": 1429701,
        "dvar": 4.11259817165e+12,
        "dvar2": 6.66844056781e+12,
        "max": 18861466,
        "mean": 3466828,
        "median": 2542495.5,
        "min": 1061013.75,
        "var": 7.57912515379e+12
    },
    "spectral_strongpeak": {
        "dmean": 0.672894597054,
        "dmean2": 1.0246938467,
        "dvar": 0.930700838566,
        "dvar2": 2.32949113846,
        "max": 6.46382951736,
        "mean": 3.77190327644,
        "median": 4.25156116486,
        "min": 0.00623911991715,
        "var": 2.99639058113
    },
    "zerocrossingrate": {
        "dmean": 0.00428602425382,
        "dmean2": 0.00514066871256,
        "dvar": 5.44589674973e-05,
        "dvar2": 6.74274197081e-05,
        "max": 0.08447265625,
        "mean": 0.0382469110191,
        "median": 0.037109375,
        "min": 0.00732421875,
        "var": 0.000173820575583
    },
    "barkbands": {
        "dmean": [1.93246046365e-06, 2.14044448512e-05, 2.37499498326e-05, 8.44410897116e-05, 0.000313026219374, 0.000124195124954, 7.19558738638e-05, 0.00140845577698, 0.00420656567439, 0.00108707381878, 2.05468058994e-05, 0.000776348577347, 0.00012129231618, 1.71607564425e-06, 1.81406248885e-05, 1.56979331223e-06, 3.93075833927e-06, 2.11096084968e-06, 3.70683233086e-06, 7.28220265955e-06, 3.83936549042e-06, 5.37334835826e-06, 5.73718943997e-06, 1.9403774786e-05, 2.7047808544e-05, 1.87841924344e-05, 4.51149071523e-06],
        "dmean2": [3.36991320182e-06, 3.56091331923e-05, 4.21642362198e-05, 0.000136317263241, 0.000515938852914, 0.000237346204813, 0.000124688463984, 0.00228307908401, 0.0068036695011, 0.0012822028948, 4.00068674935e-05, 0.00088842830155, 0.000140485906741, 3.27125871991e-06, 2.51019555435e-05, 3.10457221531e-06, 5.91848447584e-06, 3.22606956615e-06, 4.92615163239e-06, 9.86946361081e-06, 6.67904078e-06, 7.83603991295e-06, 1.04265736809e-05, 3.7310175685e-05, 4.24901045335e-05, 3.53489849658e-05, 8.45113390824e-06],
        "dvar": [8.6176291797e-12, 5.39800204535e-10, 1.45473122437e-09, 4.62458409345e-08, 6.18185083567e-07, 3.41987430375e-07, 6.92502055699e-08, 5.34536002306e-06, 5.91806456214e-05, 5.98663655182e-06, 3.58166052372e-09, 4.23351639256e-06, 5.02999064622e-08, 3.18499601693e-11, 1.13867926199e-09, 4.16872369957e-11, 8.61012094955e-11, 2.5257129721e-11, 2.76578863978e-11, 5.88993243067e-10, 1.67968333686e-10, 2.63344707152e-10, 2.82938755758e-10, 5.97802296554e-09, 7.13055259283e-09, 6.98030877544e-09, 4.79577433321e-10],
        "dvar2": [2.42071224177e-11, 1.45639511562e-09, 3.65435326444e-09, 1.28284995071e-07, 1.60605452493e-06, 1.01384216578e-06, 1.89059448985e-07, 1.25513452076e-05, 0.000112888170406, 6.50777656119e-06, 1.06162492131e-08, 5.06760852659e-06, 6.70736213237e-08, 9.21420509337e-11, 2.63175659043e-09, 1.24650359479e-10, 1.71522740455e-10, 5.85439682843e-11, 6.50399040181e-11, 1.36467015466e-09, 4.74007944007e-10, 6.41709130278e-10, 8.17763579075e-10, 1.74332832614e-08, 1.90909243969e-08, 2.04886205779e-08, 1.38920652759e-09],
        "max": [2.05332562473e-05, 0.000150463471073, 0.000240087989368, 0.00137091858778, 0.00588488718495, 0.00405331514776, 0.00195288984105, 0.0209143776447, 0.0587938763201, 0.0279662813991, 0.000335018004989, 0.0175758842379, 0.00257578724995, 3.64013176295e-05, 0.000257177191088, 4.17715273215e-05, 6.76348790876e-05, 3.83499391319e-05, 5.16580075782e-05, 0.000205803531571, 8.69144423632e-05, 0.000132247354486, 0.000109509011963, 0.000440067087766, 0.000466377736302, 0.000565141497646, 0.000154698471306],
        "mean": [1.89612671875e-06, 2.71242461167e-05, 2.00761915039e-05, 0.000138307004818, 0.000622016086709, 8.3750084741e-05, 5.8782628912e-05, 0.00345793180168, 0.0136652067304, 0.00773955835029, 2.04551233765e-05, 0.00208276277408, 0.000410186708905, 1.40562963225e-06, 4.65799239464e-05, 1.0680074638e-06, 8.21703360998e-06, 3.57347039426e-06, 1.00374527392e-05, 1.36843118526e-05, 4.90466800329e-06, 8.88928934728e-06, 6.77206344335e-06, 1.32674103952e-05, 2.63172805717e-05, 1.19456508401e-05, 3.1201816455e-06],
        "median": [7.58022565606e-07, 1.76602989086e-05, 6.98657095199e-06, 2.66241204372e-05, 0.000141038704896, 1.83556385309e-05, 1.3973145542e-05, 0.000735218112823, 0.0100319338962, 0.000168401849805, 3.1603753996e-06, 6.8742961048e-06, 4.94300365972e-05, 4.56567192941e-07, 7.12715745976e-06, 2.38516065565e-07, 1.55525890477e-06, 1.82374776614e-07, 2.35838092522e-06, 4.81275765196e-06, 2.68039616458e-06, 7.54449558826e-07, 4.99031898471e-07, 4.2643810616e-07, 4.95902554576e-07, 3.9552193698e-07, 4.00762644404e-07],
        "min": [7.97455168566e-09, 1.35788113198e-07, 2.22715598852e-07, 4.05511912049e-07, 3.74316442731e-07, 1.90645437215e-07, 1.38039666808e-07, 5.35157312243e-07, 6.52535788959e-07, 1.95170329675e-07, 1.73919247004e-07, 9.89904478388e-08, 7.56386384637e-08, 7.64042553669e-08, 7.911715727e-08, 3.37547270135e-08, 3.68468704437e-08, 2.19314291172e-08, 6.22716100906e-08, 9.97956277615e-08, 8.04837299029e-08, 2.98745455041e-08, 1.68491123276e-08, 2.09084518588e-08, 2.32661019339e-08, 2.26889937949e-08, 1.92717735104e-08],
        "var": [8.44097101244e-12, 7.01729507835e-10, 1.24535781687e-09, 7.86619693827e-08, 1.52486245497e-06, 1.82249578984e-07, 4.62481963837e-08, 2.6645433536e-05, 0.00021596782608, 0.000111073612061, 2.64358179791e-09, 2.19780613406e-05, 4.52256983863e-07, 1.80946820028e-11, 5.15945597357e-09, 2.19208540209e-11, 2.09223180447e-10, 7.35361632698e-11, 1.74069827996e-10, 7.49326101168e-10, 1.07518910442e-10, 3.35382527306e-10, 1.98679211971e-10, 3.30404925641e-09, 6.67948452104e-09, 3.81358145063e-09, 2.71942607322e-10]
    },
    "erbbands": {
        "dmean": [0.000795943429694, 0.00493081193417, 0.0240023210645, 0.133721798658, 1.14367091656, 0.699997782707, 0.698952257633, 0.979697823524, 0.783997535706, 2.667937994, 81.032913208, 73.7753753662, 27.9523525238, 14.2692489624, 1.54667580128, 29.1370410919, 13.9924192429, 0.453261733055, 0.499385356903, 0.653673410416, 0.0943852514029, 0.260085046291, 0.0764979198575, 0.276127487421, 0.106334291399, 0.287099957466, 0.216434583068, 0.209805473685, 0.178205937147, 0.195577204227, 0.176229268312, 0.197060450912, 0.438885450363, 0.200770646334, 0.216305464506, 0.129803195596, 0.0279546901584, 0.00581747945398, 0.00086773809744, 3.93150839955e-05],
        "dmean2": [0.00147327058949, 0.00806148536503, 0.0421135649085, 0.211515232921, 1.62242639065, 1.26977682114, 1.33683085442, 1.86984992027, 1.35527718067, 4.87447404861, 116.300857544, 113.481369019, 30.5971260071, 17.7574558258, 2.4520676136, 33.460849762, 15.8954629898, 0.536088228226, 0.812938809395, 0.863320708275, 0.166026324034, 0.388344496489, 0.133147060871, 0.365952819586, 0.141798123717, 0.411151319742, 0.313797652721, 0.352254360914, 0.262185275555, 0.296444147825, 0.323312729597, 0.377290904522, 0.844679355621, 0.365316450596, 0.347508877516, 0.22673201561, 0.0523481220007, 0.0110635589808, 0.00164470262825, 7.08644511178e-05],
        "dvar": [1.3571884665e-06, 1.95992743102e-05, 0.00114530266728, 0.13566480577, 6.96784448624, 3.80268192291, 12.091340065, 19.4750652313, 7.43581056595, 45.128288269, 16818.5214844, 16971.7128906, 2930.79370117, 1218.11999512, 11.2395477295, 5571.13037109, 991.567016602, 0.75681245327, 2.51494717598, 0.893288910389, 0.110954359174, 0.388062238693, 0.0491513572633, 0.0961980819702, 0.0510328710079, 0.653685092926, 0.797593712807, 0.495304733515, 0.27387174964, 0.200352519751, 0.332305669785, 0.656566858292, 3.14706993103, 0.661147713661, 0.575582683086, 0.244174465537, 0.0167378373444, 0.000691015040502, 1.81545929081e-05, 2.9430285764e-08],
        "dvar2": [3.7776235331e-06, 5.24538299942e-05, 0.00289035658352, 0.38113707304, 15.2218427658, 11.216629982, 36.1784973145, 57.4787139893, 20.2120914459, 125.122993469, 33128.9960938, 32845.9140625, 2767.59399414, 1594.03442383, 31.2877750397, 6787.21630859, 1207.5690918, 0.973439395428, 7.0464091301, 1.80574810505, 0.328795135021, 0.730311512947, 0.139963507652, 0.215854778886, 0.114151924849, 1.64690697193, 1.8421587944, 1.36153674126, 0.608351111412, 0.522861719131, 0.958278536797, 1.90142440796, 9.19488525391, 1.84687113762, 1.58176672459, 0.687883973122, 0.0485858395696, 0.00200899131596, 5.26237963641e-05, 8.56190283116e-08],
        "max": [0.00774634163827, 0.0269352793694, 0.206462472677, 2.4172501564, 25.3549442291, 12.519774437, 23.9405612946, 30.7589588165, 20.4302444458, 51.8793983459, 1019.66333008, 1025.77038574, 737.064086914, 407.43637085, 34.1747817993, 649.529724121, 244.772842407, 6.77431917191, 12.2752857208, 8.0984172821, 2.40737652779, 4.77035522461, 1.44957697392, 3.22866034508, 1.77767384052, 6.37747478485, 7.58747768402, 4.93623924255, 4.28068828583, 3.04975342751, 3.75813031197, 5.32181024551, 10.0053663254, 5.2459821701, 4.91670942307, 3.17088270187, 0.905644953251, 0.181045547128, 0.0300859827548, 0.0012469352223],
        "mean": [0.000820174347609, 0.00609174882993, 0.0238224696368, 0.222953915596, 2.6488161087, 0.948119044304, 0.470451951027, 0.677994668484, 0.811842799187, 6.33875226974, 231.768157959, 260.131164551, 200.898223877, 92.2653274536, 5.1810464859, 78.5696563721, 44.1360816956, 1.42810070515, 1.08750891685, 1.7617970705, 0.155627191067, 0.553589999676, 0.120949536562, 0.749211251736, 0.262268304825, 0.611704826355, 0.265052765608, 0.271687328815, 0.308266401291, 0.300753831863, 0.201301202178, 0.148087844253, 0.290150642395, 0.152024328709, 0.212855428457, 0.109318509698, 0.0178509075195, 0.00380803900771, 0.000579354644287, 6.01340798312e-05],
        "median": [0.000443444296252, 0.00413929577917, 0.0101556601003, 0.0519469380379, 0.555952608585, 0.266370505095, 0.0555482283235, 0.144786983728, 0.335394501686, 3.31066966057, 130.834594727, 193.022888184, 29.5663585663, 3.78591799736, 4.71856737137, 3.06581735611, 2.90364909172, 0.154954373837, 0.130504012108, 0.449039041996, 0.0666483193636, 0.0935402140021, 0.0418917387724, 0.377616107464, 0.148856520653, 0.165057003498, 0.0736174732447, 0.141594737768, 0.0531976185739, 0.0176218468696, 0.014315739274, 0.00945557001978, 0.00967006012797, 0.00429769651964, 0.00366939860396, 0.00187688367441, 0.000839310814627, 0.000240393244894, 6.19940619799e-05, 3.8362442865e-05],
        "min": [6.6156289904e-06, 2.46646886808e-05, 0.000183385520359, 0.00100944191217, 0.00150272354949, 0.00134162581526, 0.00248154182918, 0.00222431938164, 0.001089009922, 0.00623333221301, 0.0140873156488, 0.0161090772599, 0.00912191718817, 0.00508961128071, 0.00907086301595, 0.00462401518598, 0.00395146291703, 0.00569690996781, 0.00407137162983, 0.00412941351533, 0.00135488912929, 0.00221373303793, 0.00292935105972, 0.0031785541214, 0.00369996018708, 0.00367513205856, 0.00286349956878, 0.00251358537935, 0.0015542662004, 0.000775737746153, 0.000438096816652, 0.000436074478785, 0.000372225447791, 0.000252274883678, 0.000187244790141, 0.000116971823445, 5.3599182138e-05, 1.15746224765e-05, 1.42563985719e-05, 5.98583164901e-06],
        "var": [1.14968099751e-06, 3.30353432219e-05, 0.00110417313408, 0.193017333746, 28.5610733032, 3.86156129837, 6.32851552963, 10.5599584579, 5.09131860733, 60.4618453979, 78004.6015625, 77023.4140625, 64258.5585938, 15886.2333984, 32.1166915894, 28554.3085938, 4810.71533203, 4.03943538666, 4.39225435257, 5.06787586212, 0.0749645009637, 1.0056874752, 0.0422429256141, 0.682223320007, 0.0920299589634, 1.06992185116, 0.885653913021, 0.351296722889, 0.399331152439, 0.320372015238, 0.214153125882, 0.370056480169, 1.73413670063, 0.450523078442, 0.490181058645, 0.173452466726, 0.00941930618137, 0.000388638320146, 1.02263047665e-05, 1.70594933735e-08]
    },
    "gfcc": {
        "mean": [-137.165023804, 92.3177032471, -108.919204712, -40.6402816772, -80.7915802002, 6.71176099777, -1.70827293396, 17.6360740662, -20.7037982941, -8.90729045868, -29.3990573883, -21.9217433929, -18.7239780426],
        "cov": [[5177.08154297, -597.258666992, -985.058959961, -277.364593506, -943.088806152, 536.418457031, -398.295959473, -264.528625488, -457.023651123, 36.7324829102, -253.89654541, -386.862579346, -649.756896973], [-597.258666992, 836.944213867, -235.860153198, -176.320083618, 140.692214966, -181.076309204, 487.291717529, 169.686447144, 22.9262943268, -270.764526367, -86.2385635376, 38.9586524963, 336.820617676], [-985.058959961, -235.860153198, 1350.93005371, 411.020355225, 215.169708252, -238.410552979, -105.725769043, 61.5137481689, -256.924072266, -33.0469665527, -56.0896034241, 277.65826416, 260.789703369], [-277.364593506, -176.320083618, 411.020355225, 454.111236572, 136.775527954, 5.13413000107, -100.782707214, -153.821380615, -191.47428894, 21.5630683899, 74.2051467896, 22.71118927, -57.7556762695], [-943.088806152, 140.692214966, 215.169708252, 136.775527954, 287.954193115, -54.5850906372, 60.9266929626, -3.21628594398, 95.3451843262, 16.0657272339, 91.3251113892, 125.039886475, 134.177947998], [536.418457031, -181.076309204, -238.410552979, 5.13413000107, -54.5850906372, 249.910049438, -48.9751777649, -95.3115234375, 9.22285652161, 82.8881835938, 60.5062828064, -43.4370193481, -136.027648926], [-398.295959473, 487.291717529, -105.725769043, -100.782707214, 60.9266929626, -48.9751777649, 499.613708496, 179.022506714, -97.0761642456, -253.781829834, -60.3646583557, 48.1241035461, 295.689178467], [-264.528625488, 169.686447144, 61.5137481689, -153.821380615, -3.21628594398, -95.3115234375, 179.022506714, 195.073348999, 26.7196540833, -91.5720596313, -62.6827468872, 45.8607749939, 182.397094727], [-457.023651123, 22.9262943268, -256.924072266, -191.47428894, 95.3451843262, 9.22285652161, -97.0761642456, 26.7196540833, 420.38168335, 153.903686523, 105.111457825, 18.4279212952, -49.5530815125], [36.7324829102, -270.764526367, -33.0469665527, 21.5630683899, 16.0657272339, 82.8881835938, -253.781829834, -91.5720596313, 153.903686523, 236.832489014, 106.535850525, -17.8448638916, -158.826599121], [-253.89654541, -86.2385635376, -56.0896034241, 74.2051467896, 91.3251113892, 60.5062828064, -60.3646583557, -62.6827468872, 105.111457825, 106.535850525, 144.109863281, 18.9988422394, -46.1009864807], [-386.862579346, 38.9586524963, 277.65826416, 22.71118927, 125.039886475, -43.4370193481, 48.1241035461, 45.8607749939, 18.4279212952, -17.8448638916, 18.9988422394, 200.767120361, 185.094726562], [-649.756896973, 336.820617676, 260.789703369, -57.7556762695, 134.177947998, -136.027648926, 295.689178467, 182.397094727, -49.5530815125, -158.826599121, -46.1009864807, 185.094726562, 399.085388184]],
        "icov": [[0.0011299449252, -0.00135037337895, 0.000575910496991, -0.000499110785313, 0.00308283464983, -0.00233576237224, 0.0022399588488, -0.00123910035472, 0.0013516995823, 0.000253603589954, 0.000403336191084, -0.00182746257633, 0.000767787802033], [-0.00135037337895, 0.0098480982706, 0.00151982775424, 0.00151804497, -0.00775593100116, 0.00799154955894, -0.00856276415288, 0.00756218610331, -0.00321605568752, -0.000112971909402, 0.00476811081171, 0.00464429520071, -0.00511149410158], [0.000575910496991, 0.00151982775424, 0.00503407372162, -0.00414767349139, -0.000609232636634, 0.00145442422945, 0.00203432166018, -0.00416279770434, 0.00203995406628, -0.00159977329895, 0.00484455144033, -0.00450208876282, -0.000874750432558], [-0.000499110785313, 0.00151804497, -0.00414767349139, 0.0138341439888, -0.00767921330407, 0.00135513418354, -0.00142625777517, 0.00766036845744, 0.00467488029972, 0.00349190994166, -0.00790090952069, 0.00571272382513, 0.00162598397583], [0.00308283464983, -0.00775593100116, -0.000609232636634, -0.00767921330407, 0.0245539955795, -0.00704400753602, 0.0041665667668, -0.00113203702495, -0.00298591400497, -0.00122364715207, -0.00256968080066, -0.00827768072486, 0.000310415285639], [-0.00233576237224, 0.00799154955894, 0.00145442422945, 0.00135513418354, -0.00704400753602, 0.0166983325034, -0.012282460928, 0.00869289133698, -0.00224467064254, -0.00546547863632, 0.00189398229122, 0.00105768989306, -0.000840327469632], [0.0022399588488, -0.00856276415288, 0.00203432166018, -0.00142625777517, 0.0041665667668, -0.012282460928, 0.0224106945097, -0.0145047707483, 0.00672826077789, 0.0105656571686, -0.00681821675971, -0.00209723645821, -0.000999218318611], [-0.00123910035472, 0.00756218610331, -0.00416279770434, 0.00766036845744, -0.00113203702495, 0.00869289133698, -0.0145047707483, 0.0303092766553, -0.00788032263517, -0.00170222006273, 0.00344086159021, 0.0097411442548, -0.0101093184203], [0.0013516995823, -0.00321605568752, 0.00203995406628, 0.00467488029972, -0.00298591400497, -0.00224467064254, 0.00672826077789, -0.00788032263517, 0.0128234354779, -0.00168409442995, -0.00460579385981, -0.00468409527093, 0.00567628862336], [0.000253603589954, -0.000112971909402, -0.00159977329895, 0.00349190994166, -0.00122364715207, -0.00546547863632, 0.0105656571686, -0.00170222006273, -0.00168409442995, 0.0218364838511, -0.011032698676, 0.0038416988682, -0.00101772835478], [0.000403336191084, 0.00476811081171, 0.00484455144033, -0.00790090952069, -0.00256968080066, 0.00189398229122, -0.00681821675971, 0.00344086159021, -0.00460579385981, -0.011032698676, 0.0269892849028, -0.0035437415354, -0.00288940034807], [-0.00182746257633, 0.00464429520071, -0.00450208876282, 0.00571272382513, -0.00827768072486, 0.00105768989306, -0.00209723645821, 0.0097411442548, -0.00468409527093, 0.0038416988682, -0.0035437415354, 0.0228282064199, -0.0129306344315], [0.000767787802033, -0.00511149410158, -0.000874750432558, 0.00162598397583, 0.000310415285639, -0.000840327469632, -0.000999218318611, -0.0101093184203, 0.00567628862336, -0.00101772835478, -0.00288940034807, -0.0129306344315, 0.0198097974062]]
    },
    "melbands": {
        "dmean": [6.24870153842e-06, 9.6808107628e-06, 5.23764065292e-05, 7.6993033872e-05, 2.08561832551e-05, 2.19658868446e-05, 1.31475535454e-05, 3.10182294925e-05, 0.000899090780877, 0.000398616975872, 0.000148646824528, 8.1137586676e-05, 2.87290777123e-06, 2.65286143986e-05, 0.000111562600068, 4.08203413826e-06, 1.34025029297e-07, 5.2866232636e-07, 1.62834783168e-06, 2.63084530161e-07, 7.24281221665e-08, 3.06574548858e-07, 1.06439507874e-07, 7.83036000485e-08, 2.54802671407e-07, 9.1963677562e-08, 1.03122168582e-07, 2.52230393016e-07, 1.85271602504e-07, 9.72736842186e-08, 1.23883935998e-07, 1.06677823908e-07, 1.14632761949e-07, 1.08880762184e-07, 9.98641382921e-08, 8.98359218127e-08, 1.321958365e-07, 3.38435711456e-07, 2.41570887738e-07, 1.35387878686e-07],
        "dmean2": [1.06183688331e-05, 1.64901175594e-05, 7.31492909836e-05, 0.000128375046188, 3.98062366003e-05, 4.18855488533e-05, 2.2646439902e-05, 5.73988290853e-05, 0.0013187774457, 0.000610487710219, 0.000165684905369, 9.99063195195e-05, 5.62664536119e-06, 3.42971688951e-05, 0.000128404499264, 4.51623509434e-06, 2.5060637654e-07, 9.70295673142e-07, 2.16402850128e-06, 3.9224752868e-07, 1.40193662901e-07, 4.48670931519e-07, 1.84273034165e-07, 1.23017912301e-07, 3.33168742372e-07, 1.25057709965e-07, 1.41563631928e-07, 3.46584471345e-07, 2.69440050715e-07, 1.7266272323e-07, 2.06545777814e-07, 1.67304293086e-07, 1.61297663226e-07, 1.72452033098e-07, 1.80345395506e-07, 1.71056129261e-07, 2.49937869512e-07, 6.48441300655e-07, 4.62670101342e-07, 2.42017080154e-07],
        "dvar": [6.34088545559e-11, 1.31668967396e-10, 1.52212269455e-08, 3.65693537674e-08, 1.03917878747e-08, 9.86301795791e-09, 2.22162910291e-09, 8.75286065849e-09, 2.15629074773e-06, 4.98127121773e-07, 9.71144018536e-08, 4.01358235536e-08, 7.7408274235e-11, 4.85232920511e-09, 8.33560207525e-08, 7.28475890721e-11, 1.29622183755e-13, 5.42039503559e-12, 7.87723618972e-12, 2.90340695279e-13, 1.21284682601e-13, 5.16012417257e-13, 1.06534227241e-13, 3.40326454084e-14, 7.87268132087e-14, 2.70205373647e-14, 4.30312218963e-14, 5.42377666217e-13, 7.05223477272e-13, 1.23125454602e-13, 1.64408918879e-13, 1.22106534953e-13, 8.73936068912e-14, 5.51309859039e-14, 9.08861337969e-14, 1.67297450307e-13, 2.54803366991e-13, 1.81013385704e-12, 1.01572569799e-12, 3.11290381493e-13],
        "dvar2": [1.79339154638e-10, 3.2517261106e-10, 3.55218965353e-08, 9.60079233892e-08, 3.09817203004e-08, 2.91300477073e-08, 6.01418204127e-09, 2.57486938438e-08, 4.14002079197e-06, 9.77343461273e-07, 9.62158566153e-08, 5.22400469549e-08, 2.28428831406e-10, 6.75435707365e-09, 1.02658091805e-07, 8.15188611059e-11, 3.63048160328e-13, 1.61317660619e-11, 1.50783326797e-11, 7.3443248011e-13, 3.59978323192e-13, 9.23295185966e-13, 2.89248605536e-13, 8.41158739884e-14, 1.72863093739e-13, 7.02088330507e-14, 7.07879935224e-14, 1.34829322186e-12, 1.51849680833e-12, 3.47678727171e-13, 4.58060347465e-13, 2.50953636127e-13, 2.24372427647e-13, 1.47301821348e-13, 2.60333963588e-13, 4.88848057086e-13, 7.30819918471e-13, 5.26865747211e-12, 2.95718874735e-12, 8.52471901663e-13],
        "max": [5.34919927304e-05, 6.7785011197e-05, 0.00109503581189, 0.00143002276309, 0.000704532198142, 0.000690646993462, 0.000351201742887, 0.000649027293548, 0.0112890154123, 0.00565032660961, 0.00401682266966, 0.00231937202625, 5.68813375139e-05, 0.000622421735898, 0.00228535989299, 0.000122012650536, 1.97891790776e-06, 1.70416587935e-05, 2.72563465842e-05, 4.21771164838e-06, 2.46793729275e-06, 5.58776537218e-06, 1.90055664007e-06, 1.22930794078e-06, 3.1455649605e-06, 1.20341985621e-06, 1.55077623276e-06, 5.74431714995e-06, 7.17222383173e-06, 2.49871322922e-06, 2.71777207672e-06, 2.92365416499e-06, 2.10287566915e-06, 1.36730579925e-06, 1.82858912012e-06, 2.85208784589e-06, 3.23522999679e-06, 7.9966876001e-06, 5.33430147698e-06, 3.9304859456e-06],
        "mean": [7.33135448172e-06, 1.01911855381e-05, 0.000114773050882, 0.000149862404214, 1.42896969919e-05, 1.51762797032e-05, 1.14730573841e-05, 3.81778081646e-05, 0.00265545537695, 0.00135812733788, 0.00106244743802, 0.000534674967639, 2.83688882519e-06, 6.86745988787e-05, 0.000318450533086, 1.57945760293e-05, 1.25404866935e-07, 7.41574638141e-07, 4.51591768069e-06, 4.91963646709e-07, 6.03421099754e-08, 6.80963296418e-07, 1.34916476213e-07, 1.23920187889e-07, 7.01815849879e-07, 2.3593473486e-07, 2.49932810448e-07, 4.58321977703e-07, 2.15631175138e-07, 1.02673347158e-07, 1.57712122473e-07, 1.7483729664e-07, 1.8484989539e-07, 1.57150196856e-07, 1.19018046973e-07, 6.95235513604e-08, 1.04660102807e-07, 2.34362914853e-07, 1.51571654783e-07, 1.04999536177e-07],
        "median": [5.10792688146e-06, 4.95008953294e-06, 2.27445198107e-05, 3.44511208823e-05, 1.65121014106e-06, 3.48561297869e-06, 3.49980996361e-06, 2.4940860385e-05, 0.00128825870343, 0.000940435449593, 2.25827443501e-05, 1.25043825392e-05, 4.52267101991e-07, 4.77597723147e-07, 1.65400251717e-05, 1.93692449102e-06, 5.30605568372e-08, 5.28679429124e-08, 5.80551898111e-07, 1.97077184794e-07, 2.14573780966e-08, 1.00451117646e-07, 3.02326235158e-08, 9.10812048005e-09, 3.29954758627e-07, 1.18766983803e-07, 2.39798652046e-08, 1.16667848715e-07, 3.45872273044e-08, 2.45339801808e-08, 6.26762002298e-08, 1.57899702202e-08, 1.24156178671e-08, 8.25379675717e-09, 6.89102330753e-09, 7.08218284018e-09, 4.97640240127e-09, 5.81456616189e-09, 3.64273455844e-09, 3.32523608648e-09],
        "min": [5.73350789068e-08, 7.33753751092e-08, 1.91572922859e-07, 9.13695501481e-08, 7.14731669405e-08, 4.2840841985e-08, 1.98392626771e-08, 8.46040606461e-08, 1.00325308949e-07, 9.4626464886e-08, 4.1215052704e-08, 1.83497235184e-08, 3.11998036295e-08, 1.42617819776e-08, 1.55942139202e-08, 6.02292882235e-09, 1.1237506925e-08, 3.55787244111e-09, 5.8933276037e-09, 3.16615333951e-09, 1.19909548957e-09, 1.91934446114e-09, 3.45617467978e-09, 9.29131049876e-10, 2.39531972035e-09, 1.10990339142e-09, 2.88858914566e-09, 1.1522752752e-09, 1.97278282599e-09, 1.14095966008e-09, 1.31109578749e-09, 7.52940987336e-10, 4.56505527824e-10, 3.8921410539e-10, 2.64423927199e-10, 1.80952391959e-10, 2.16309775647e-10, 2.41351549857e-10, 1.98127278472e-10, 1.71333641719e-10],
        "var": [6.51247666905e-11, 1.5520316976e-10, 5.14871096868e-08, 8.93204443742e-08, 5.50171197489e-09, 5.32206323456e-09, 1.51271717375e-09, 5.12713071998e-09, 9.26096890908e-06, 2.26641100198e-06, 2.07043922273e-06, 5.45002592389e-07, 5.7447720192e-11, 2.41121096423e-08, 3.97683493247e-07, 1.01140129605e-09, 8.32446497801e-14, 4.15113516478e-12, 5.40674970073e-11, 7.04957522479e-13, 6.60471975505e-14, 1.44697058155e-12, 1.01091342599e-13, 8.07026903529e-14, 6.20619495465e-13, 7.91838518583e-14, 1.51074275702e-13, 7.95642035329e-13, 8.65205856179e-13, 7.95878526928e-14, 1.1415285492e-13, 1.88638004956e-13, 1.34751124104e-13, 8.90266389796e-14, 6.35081248116e-14, 9.21244078743e-14, 1.50290804107e-13, 1.01131689828e-12, 5.75277781141e-13, 2.31083625542e-13]
    },
    "mfcc": {
        "mean": [-816.747924805, 147.952529907, 15.8963317871, -14.9077939987, -41.9851722717, -14.8022031784, 2.74764299393, 9.94115447998, 13.2825126648, 18.4190998077, 5.89658021927, -6.06740808487, -10.8957147598],
        "cov": [[5156.03173828, -681.057617188, -162.905838013, -749.207458496, -716.289611816, 154.062072754, 27.5550289154, -55.3442726135, -425.012542725, -176.810455322, 216.550765991, -38.183265686, -151.443237305], [-681.057617188, 845.827758789, -202.430389404, 64.1530303955, -141.509475708, -201.803756714, 123.605804443, 211.33039856, 453.310577393, 18.1385650635, -292.283538818, -214.065567017, -94.8828811646], [-162.905838013, -202.430389404, 530.476379395, 268.20526123, 166.42515564, 3.03993558884, 25.5899162292, -155.516677856, -98.8515167236, -15.4676675797, -112.858985901, -66.4080352783, -21.6457271576], [-749.207458496, 64.1530303955, 268.20526123, 438.909423828, 131.164276123, 14.1595945358, 99.3369674683, -39.3828926086, -53.0554199219, 100.306991577, -148.520187378, -143.322174072, -10.1210794449], [-716.289611816, -141.509475708, 166.42515564, 131.164276123, 324.131500244, 68.0555343628, -72.7050247192, -87.5443649292, -68.7564849854, -71.7752304077, 45.1962013245, 143.092895508, 83.1333694458], [154.062072754, -201.803756714, 3.03993558884, 14.1595945358, 68.0555343628, 219.27532959, 43.8794403076, -24.4406299591, -164.680496216, -78.1733627319, 102.524971008, 74.0134735107, 37.738407135], [27.5550289154, 123.605804443, 25.5899162292, 99.3369674683, -72.7050247192, 43.8794403076, 227.954238892, 50.7537384033, 57.5002288818, 7.99126577377, -149.209152222, -140.872268677, -38.6180877686], [-55.3442726135, 211.33039856, -155.516677856, -39.3828926086, -87.5443649292, -24.4406299591, 50.7537384033, 170.48135376, 156.452590942, 8.80457496643, -47.7629928589, -89.3010177612, -15.9658613205], [-425.012542725, 453.310577393, -98.8515167236, -53.0554199219, -68.7564849854, -164.680496216, 57.5002288818, 156.452590942, 398.075866699, -15.910861969, -209.674911499, -112.834037781, -36.0531730652], [-176.810455322, 18.1385650635, -15.4676675797, 100.306991577, -71.7752304077, -78.1733627319, 7.99126577377, 8.80457496643, -15.910861969, 261.805084229, -8.4645652771, -75.2506561279, -11.5057430267], [216.550765991, -292.283538818, -112.858985901, -148.520187378, 45.1962013245, 102.524971008, -149.209152222, -47.7629928589, -209.674911499, -8.4645652771, 310.862548828, 196.767105103, 43.1774940491], [-38.183265686, -214.065567017, -66.4080352783, -143.322174072, 143.092895508, 74.0134735107, -140.872268677, -89.3010177612, -112.834037781, -75.2506561279, 196.767105103, 289.247528076, 85.1483001709], [-151.443237305, -94.8828811646, -21.6457271576, -10.1210794449, 83.1333694458, 37.738407135, -38.6180877686, -15.9658613205, -36.0531730652, -11.5057430267, 43.1774940491, 85.1483001709, 102.735298157]],
