{
"lowlevel": {
    "average_loudness": 0.99068403244,
    "barkbands_crest": {
        "dmean": 2.98758268356,
        "dmean2": 4.89062023163,
        "dvar": 10.3717155457,
        "dvar2": 25.8341369629,
        "max": 25.919927597,
        "mean": 17.8069629669,
        "median": 19.0562934875,
        "min": 5.7714266777,
        "var": 34.3980026245
    },
    "barkbands_flatness_db": {
        "dmean": 0.0356388352811,
        "dmean2": 0.050416123122,
        "dvar": 0.000966393155977,
        "dvar2": 0.00162155751605,
        "max": 0.51793462038,
        "mean": 0.286034703255,
        "median": 0.310497671366,
        "min": 0.0882336944342,
        "var": 0.00910518784076
    },
    "barkbands_kurtosis": {
        "dmean": 9.5314245224,
        "dmean2": 16.0749988556,
        "dvar": 183.495101929,
        "dvar2": 418.738037109,
        "max": 89.5379257202,
        "mean": 15.8019733429,
        "median": 6.87254047394,
        "min": -0.459651231766,
        "var": 419.52432251
    },
    "barkbands_skewness": {
        "dmean": 0.994562447071,
        "dmean2": 1.483035326,
        "dvar": 0.989224255085,
        "dvar2": 1.94186270237,
        "max": 7.64371538162,
        "mean": 0.907658100128,
        "median": 0.487411886454,
        "min": -6.34016275406,
        "var": 8.80481147766
    },
    "barkbands_spread": {
        "dmean": 2.74562048912,
        "dmean2": 4.5694694519,
        "dvar": 38.233745575,
        "dvar2": 103.414619446,
        "max": 44.7036628723,
        "mean": 5.66254854202,
        "median": 3.33059763908,
        "min": 0.290815770626,
        "var": 42.2168807983
    },
    "dissonance": {
        "dmean": 0.0715370476246,
        "dmean2": 0.132025152445,
        "dvar": 0.0051102489233,
        "dvar2": 0.012166371569,
        "max": 0.497643619776,
        "mean": 0.383481800556,
        "median": 0.401149690151,
        "min": 0.137759670615,
        "var": 0.0080800363794
    },
    "dynamic_complexity": 3.15876579285,
    "erbbands_crest": {
        "dmean": 2.59429931641,
        "dmean2": 4.14011478424,
        "dvar": 8.26455497742,
        "dvar2": 16.3375587463,
        "max": 28.6379642487,
        "mean": 17.4220657349,
        "median": 16.4066200256,
        "min": 7.46324682236,
        "var": 35.4951324463
    },
    "erbbands_flatness_db": {
        "dmean": 0.0278219673783,
        "dmean2": 0.0366271920502,
        "dvar": 0.000889984657988,
        "dvar2": 0.00155362603255,
        "max": 0.549862980843,
        "mean": 0.306805580854,
        "median": 0.308412969112,
        "min": 0.0945936217904,
        "var": 0.0109353289008
    },
    "erbbands_kurtosis": {
        "dmean": 4.73785066605,
        "dmean2": 7.23838329315,
        "dvar": 29.4596252441,
        "dvar2": 65.4071121216,
        "max": 52.2674789429,
        "mean": 14.2137537003,
        "median": 11.1192760468,
        "min": -1.32722628117,
        "var": 159.989212036
    },
    "erbbands_skewness": {
        "dmean": 0.597885549068,
        "dmean2": 0.872307300568,
        "dvar": 0.295648008585,
        "dvar2": 0.498426407576,
        "max": 5.26653194427,
        "mean": 0.402661204338,
        "median": 0.650612533092,
        "min": -3.3260436058,
        "var": 5.22292518616
    },
    "erbbands_spread": {
        "dmean": 2.85275793076,
        "dmean2": 4.03160333633,
        "dvar": 20.4240474701,
        "dvar2": 37.5826072693,
        "max": 40.3416366577,
        "mean": 10.2471351624,
        "median": 4.6942448616,
        "min": 0.520069360733,
        "var": 113.061256409
    },
    "hfc": {
        "dmean": 8.69577980042,
        "dmean2": 14.0252838135,
        "dvar": 311.198516846,
        "dvar2": 819.890380859,
        "max": 107.800437927,
        "mean": 15.3419513702,
        "median": 5.69559669495,
        "min": 0.0427438355982,
        "var": 372.279052734
    },
    "melbands_crest": {
        "dmean": 3.05919647217,
        "dmean2": 5.29050779343,
        "dvar": 11.0130929947,
        "dvar2": 23.1820335388,
        "max": 26.117023468,
        "mean": 16.3119125366,
        "median": 16.4293556213,
        "min": 6.1977314949,
        "var": 23.9743595123
    },
    "melbands_flatness_db": {
        "dmean": 0.0338089615107,
        "dmean2": 0.0491137094796,
        "dvar": 0.0012110961834,
        "dvar2": 0.00187429320067,
        "max": 0.567404687405,
        "mean": 0.353855341673,
        "median": 0.376718908548,
        "min": 0.146459683776,
        "var": 0.00787933170795
    },
    "melbands_kurtosis": {
        "dmean": 8.50361156464,
        "dmean2": 14.9664163589,
        "dvar": 191.91204834,
        "dvar2": 470.552062988,
        "max": 79.4798431396,
        "mean": 13.2192335129,
        "median": 4.70704698563,
        "min": -1.6663838625,
        "var": 402.914154053
    },
    "melbands_skewness": {
        "dmean": 0.935949862003,
        "dmean2": 1.57320606709,
        "dvar": 1.23642814159,
        "dvar2": 2.43456149101,
        "max": 6.68591833115,
        "mean": 0.766407430172,
        "median": 0.110102273524,
        "min": -4.38049983978,
        "var": 6.56458330154
    },
    "melbands_spread": {
        "dmean": 2.69712734222,
        "dmean2": 4.80896043777,
        "dvar": 9.93392848969,
        "dvar2": 25.9881362915,
        "max": 19.1471729279,
        "mean": 8.08032512665,
        "median": 8.02115154266,
        "min": 1.23485898972,
        "var": 19.4071540833
    },
    "pitch_salience": {
        "dmean": 0.0875087678432,
        "dmean2": 0.141411557794,
        "dvar": 0.00989585090429,
        "dvar2": 0.0196043904871,
        "max": 0.84757399559,
        "mean": 0.408035546541,
        "median": 0.366196751595,
        "min": 0.147070229053,
        "var": 0.0315981507301
    },
    "silence_rate_20dB": {
        "dmean": 0,
        "dmean2": 0,
        "dvar": 0,
        "dvar2": 0,
        "max": 1,
        "mean": 1,
        "median": 1,
        "min": 1,
        "var": 0
    },
    "silence_rate_30dB": {
        "dmean": 0,
        "dmean2": 0,
        "dvar": 0,
        "dvar2": 0,
        "max": 1,
        "mean": 1,
        "median": 1,
        "min": 1,
        "var": 0
    },
    "silence_rate_60dB": {
        "dmean": 0.0666666701436,
        "dmean2": 0.135593220592,
        "dvar": 0.062222160399,
        "dvar2": 0.151105925441,
        "max": 1,
        "mean": 0.114754095674,
        "median": 0,
        "min": 0,
        "var": 0.101585492492
    },
    "spectral_centroid": {
        "dmean": 74.0811843872,
        "dmean2": 133.694946289,
        "dvar": 15475.1123047,
        "dvar2": 34105.734375,
        "max": 1092.66064453,
        "mean": 707.073486328,
        "median": 763.567993164,
        "min": 263.206329346,
        "var": 31535.3632812
    },
    "spectral_complexity": {
        "dmean": 1.70000004768,
        "dmean2": 2.96610164642,
        "dvar": 4.91000080109,
        "dvar2": 9.25308704376,
        "max": 17,
        "mean": 6.62295103073,
        "median": 6,
        "min": 0,
        "var": 14.4971780777
    },
    "spectral_decrease": {
        "dmean": 2.10708805959e-09,
        "dmean2": 3.02601499413e-09,
        "dvar": 6.96928451961e-18,
        "dvar2": 1.15428347824e-17,
        "max": -1.51410706889e-11,
        "mean": -4.76476103017e-09,
        "median": -2.48859199914e-09,
        "min": -1.60855151421e-08,
        "var": 2.29087240513e-17
    },
    "spectral_energy": {
        "dmean": 0.00872156396508,
        "dmean2": 0.0126889692619,
        "dvar": 0.000122402620036,
        "dvar2": 0.000213056599023,
        "max": 0.0657581537962,
        "mean": 0.0193748176098,
        "median": 0.00980590749532,
        "min": 6.10415663687e-05,
        "var": 0.000380835874239
    },
    "spectral_energyband_high": {
        "dmean": 0.000267629569862,
        "dmean2": 0.000471872335766,
        "dvar": 1.26468955841e-06,
        "dvar2": 3.65545497516e-06,
        "max": 0.00688945874572,
        "mean": 0.000216652086237,
        "median": 3.2325151551e-06,
        "min": 3.31300320511e-08,
        "var": 8.0716318962e-07
    },
    "spectral_energyband_low": {
        "dmean": 7.21034884918e-05,
        "dmean2": 0.000111571156594,
        "dvar": 1.55214721076e-08,
        "dvar2": 3.75313824463e-08,
        "max": 0.000628282665275,
        "mean": 7.58042733651e-05,
        "median": 2.21163354581e-05,
        "min": 2.68292592409e-06,
        "var": 1.85609891901e-08
    },
    "spectral_energyband_middle_high": {
        "dmean": 0.00462287617847,
        "dmean2": 0.00767635647207,
        "dvar": 8.52978046169e-05,
        "dvar2": 0.000151806816575,
        "max": 0.0632916539907,
        "mean": 0.00696941418573,
        "median": 0.00388964917511,
        "min": 2.29664397011e-06,
        "var": 0.000115762297355
    },
    "spectral_energyband_middle_low": {
        "dmean": 0.0049806679599,
        "dmean2": 0.00741662224755,
        "dvar": 4.55797016912e-05,
        "dvar2": 6.56784905004e-05,
        "max": 0.0574508570135,
        "mean": 0.0123700555414,
        "median": 0.00470853131264,
        "min": 3.06699876091e-05,
        "var": 0.000256789324339
    },
    "spectral_entropy": {
        "dmean": 0.298530638218,
        "dmean2": 0.400833338499,
        "dvar": 0.0982570126653,
        "dvar2": 0.168208554387,
        "max": 8.07298660278,
        "mean": 5.95661449432,
        "median": 5.63057804108,
        "min": 4.30777025223,
        "var": 0.722600996494
    },
    "spectral_flux": {
        "dmean": 0.0290800519288,
        "dmean2": 0.0506828725338,
        "dvar": 0.00126288644969,
        "dvar2": 0.00301066599786,
        "max": 0.177523165941,
        "mean": 0.0583106912673,
        "median": 0.0456084012985,
        "min": 0.00535812275484,
        "var": 0.00202839286067
    },
    "spectral_kurtosis": {
        "dmean": 8.04019546509,
        "dmean2": 11.1541004181,
        "dvar": 92.4068603516,
        "dvar2": 168.652114868,
        "max": 104.364967346,
        "mean": 30.4376773834,
        "median": 24.319272995,
        "min": 2.54113912582,
        "var": 519.401672363
    },
    "spectral_rms": {
        "dmean": 0.00094636308495,
        "dmean2": 0.00129596132319,
        "dvar": 1.08343499505e-06,
        "dvar2": 1.75066759311e-06,
        "max": 0.00800963770598,
        "mean": 0.00377166108228,
        "median": 0.00309301447123,
        "min": 0.000244034308707,
        "var": 4.67683548777e-06
    },
    "spectral_rolloff": {
        "dmean": 266.293945312,
        "dmean2": 530.300720215,
        "dvar": 1172658.125,
        "dvar2": 3500867.75,
        "max": 6675.29296875,
        "mean": 855.326721191,
        "median": 861.328125,
        "min": 236.865234375,
        "var": 614004.375
    },
    "spectral_skewness": {
        "dmean": 0.536892831326,
        "dmean2": 0.783928930759,
        "dvar": 0.273386031389,
        "dvar2": 0.526003718376,
        "max": 7.90749549866,
        "mean": 4.17080450058,
        "median": 3.95199084282,
        "min": 1.63676452637,
        "var": 2.49914932251
    },
    "spectral_spread": {
        "dmean": 707159.3125,
        "dmean2": 926329.5,
        "dvar": 1.54427365786e+12,
        "dvar2": 1.73339783987e+12,
        "max": 11208517,
        "mean": 3250697.5,
        "median": 2525013,
        "min": 600830.8125,
        "var": 4.82472571699e+12
    },
    "spectral_strongpeak": {
        "dmean": 0.734523415565,
        "dmean2": 1.07287204266,
        "dvar": 0.686097383499,
        "dvar2": 1.45094716549,
        "max": 6.25232219696,
        "mean": 1.96621215343,
        "median": 1.42048716545,
        "min": 0.00876393914223,
        "var": 2.85074234009
    },
    "zerocrossingrate": {
        "dmean": 0.00700683612376,
        "dmean2": 0.00705111213028,
        "dvar": 0.000150965264766,
        "dvar2": 0.000191763436305,
        "max": 0.12841796875,
        "mean": 0.0398309417069,
        "median": 0.03759765625,
        "min": 0.00927734375,
        "var": 0.000372999813408
    },
    "barkbands": {
        "dmean": [7.51392292386e-07, 2.14437404793e-05, 2.71747248917e-05, 0.000237386426306, 0.001872086199, 0.000150893843966, 0.000538705440704, 8.56323676999e-05, 0.00272215367295, 0.0036539840512, 0.00101555034053, 6.51830196148e-05, 0.000199342990527, 7.85740576248e-06, 2.6131137929e-05, 7.52976575313e-06, 6.5278418333e-06, 5.05700882059e-06, 2.03658964892e-05, 2.39536784647e-05, 1.19605983855e-05, 1.54084500537e-05, 1.26084642034e-05, 2.4010452762e-05, 3.93922273361e-05, 0.000135777998366, 2.50718894677e-05],
        "dmean2": [1.19496712614e-06, 3.47801324097e-05, 4.30970649177e-05, 0.000408162653912, 0.00255324970931, 0.000296574318781, 0.000729805906303, 0.00014559358533, 0.004170531407, 0.0061677377671, 0.00148520001676, 0.00010724159074, 0.000301681429846, 1.32984987431e-05, 4.3671214371e-05, 1.32876830321e-05, 1.17202771435e-05, 9.13606254471e-06, 3.39707803505e-05, 3.76769785362e-05, 2.07565735764e-05, 2.74700578302e-05, 2.31070825976e-05, 4.16980692535e-05, 6.68686043355e-05, 0.000246979267104, 4.74234366266e-05],
        "dvar": [8.2482263207e-13, 6.32673191614e-10, 3.35049188394e-09, 2.33747798006e-07, 1.01121349871e-05, 3.32303358164e-07, 2.67728682957e-06, 3.85071956543e-08, 3.49859365087e-05, 8.35679384181e-05, 5.77973196414e-06, 2.85763057661e-08, 1.94744401938e-07, 1.33802302571e-10, 5.05033348475e-09, 3.29506116836e-10, 3.14869880169e-10, 2.54054888238e-10, 2.4870356885e-09, 3.77231090809e-09, 1.89837701114e-09, 3.17131632066e-09, 2.02142635963e-09, 8.13771627861e-09, 2.61329020645e-08, 3.5908280438e-07, 1.40305989049e-08],
        "dvar2": [2.01658568316e-12, 1.47012224616e-09, 7.80010811496e-09, 4.95836161463e-07, 1.37731067298e-05, 9.85770839179e-07, 3.69090298591e-06, 7.51808855171e-08, 5.15961510246e-05, 0.000150879088324, 1.2931503079e-05, 7.67875363294e-08, 4.63123711825e-07, 3.74015513005e-10, 1.38404967487e-08, 8.2482259911e-10, 9.31108024016e-10, 7.26798399242e-10, 6.97580038178e-09, 7.49012230017e-09, 5.20645704327e-09, 9.18021925145e-09, 5.76854919387e-09, 2.23142713196e-08, 7.22497688344e-08, 1.05111143966e-06, 4.10798470796e-08],
        "max": [7.15703754395e-06, 0.000161489631864, 0.000327709887642, 0.00335922278464, 0.0240305997431, 0.00331485085189, 0.0145263643935, 0.00137669732794, 0.0566153004766, 0.0631279721856, 0.0182002540678, 0.000912320159841, 0.00396344950423, 8.0874437117e-05, 0.000432001485024, 0.000105853032437, 0.000107176201709, 8.71696829563e-05, 0.000315176497679, 0.000434951274656, 0.000285177025944, 0.000334529962856, 0.000253091595368, 0.000578044913709, 0.0010369932279, 0.00361634255387, 0.000702378456481],
        "mean": [8.12880443846e-07, 2.36983487412e-05, 2.50635293924e-05, 0.000330991984811, 0.00309540051967, 0.000123362784507, 0.000919164274819, 0.000140323725645, 0.0073493164964, 0.00515778874978, 0.00137730920687, 8.96682395251e-05, 0.000392650952563, 1.3849295101e-05, 3.8843103539e-05, 8.77324237081e-06, 6.58416820443e-06, 5.41460349268e-06, 2.6272931791e-05, 4.19550851802e-05, 1.39513304021e-05, 1.7523596398e-05, 1.05481267383e-05, 2.13303410419e-05, 3.2953776099e-05, 9.57393422141e-05, 1.5493884348e-05],
        "median": [3.88169809185e-07, 1.16287674246e-05, 4.42105147158e-06, 3.81033642043e-05, 0.000734151806682, 3.58640718332e-05, 3.18333914038e-05, 3.23525709973e-05, 0.00117063464131, 0.00100074172951, 8.75159239513e-05, 1.02454623629e-05, 6.15824828856e-05, 4.37354674432e-06, 1.64817975019e-05, 3.94185605046e-07, 1.21761308947e-06, 1.66885484987e-07, 3.00150099974e-06, 2.83112422039e-06, 1.03290255993e-06, 4.84294332637e-07, 1.93416923366e-07, 2.05867166869e-07, 2.28653973977e-07, 3.43080813536e-07, 2.29621534231e-07],
        "min": [5.54965051691e-09, 7.14621137377e-07, 3.86929997376e-07, 4.9462721563e-07, 2.6628699743e-06, 3.58185002369e-06, 1.12953966891e-06, 5.99964494086e-07, 1.08999620352e-06, 4.20445132931e-07, 1.59730774385e-07, 5.83304142765e-07, 1.58541681117e-07, 2.15870485931e-07, 5.38485238621e-08, 4.40653309397e-08, 3.47211859264e-08, 1.41125831021e-08, 1.38736977462e-08, 1.00525161528e-08, 8.23034174147e-09, 4.26583790514e-09, 2.35244446145e-09, 2.81759038323e-09, 2.3222743728e-09, 2.30952323932e-09, 7.27978344273e-09],
        "var": [1.56701149452e-12, 9.3052571204e-10, 3.5529172937e-09, 4.90636352879e-07, 3.07911468553e-05, 1.80734858191e-07, 8.19935303298e-06, 8.60395985569e-08, 0.000214962346945, 0.000114957343612, 1.13016567411e-05, 3.82890341655e-08, 5.68444647797e-07, 2.97679575434e-10, 4.60512294964e-09, 4.57910820373e-10, 2.19018858605e-10, 2.05153172228e-10, 3.08778935754e-09, 7.97508903361e-09, 1.57801693934e-09, 2.26312457663e-09, 1.32965982669e-09, 6.15773165791e-09, 1.88375253174e-08, 2.1733143285e-07, 8.02238009356e-09]
    },
    "erbbands": {
        "dmean": [0.000494408363011, 0.00552303111181, 0.0280115213245, 0.367942899466, 4.52595806122, 7.33520746231, 2.2801117897, 1.17941629887, 2.29946470261, 11.5867671967, 14.4385194778, 67.5464096069, 70.2291183472, 98.3919830322, 29.2352390289, 4.14102363586, 9.19354343414, 0.814340472221, 0.562422394753, 1.47517859936, 0.43594712019, 0.404392808676, 0.333418220282, 0.665452301502, 1.09871292114, 1.25638473034, 0.481871515512, 0.555131912231, 0.607586085796, 0.420509934425, 0.271988302469, 0.535962343216, 0.34633731842, 0.175719201565, 0.441965728998, 0.339514046907, 0.391583621502, 0.0421752370894, 0.00386358425021, 0.000263518537395],
        "dmean2": [0.000846368668135, 0.00897724926472, 0.0421492420137, 0.632763087749, 7.18619537354, 10.0020637512, 3.13866233826, 2.26561999321, 3.43351507187, 15.1182498932, 19.7279014587, 106.665817261, 105.643417358, 164.015319824, 41.9610786438, 6.64612007141, 13.9272871017, 1.26031911373, 0.817079663277, 2.60139250755, 0.726599931717, 0.711775004864, 0.629564523697, 1.13418900967, 1.79825437069, 1.9327839613, 0.804606378078, 0.925505638123, 1.03990852833, 0.783590495586, 0.497731149197, 0.992938518524, 0.591753482819, 0.323610514402, 0.79198628664, 0.596442759037, 0.706151127815, 0.0800134316087, 0.00731237744913, 0.000488225690788],
        "dvar": [2.55071768152e-07, 4.85085656692e-05, 0.00261838105507, 0.487656414509, 68.2447814941, 285.622192383, 28.0531425476, 18.992313385, 25.6051673889, 1350.52209473, 1181.88757324, 23258.6171875, 15054.8330078, 60084.8867188, 3714.0324707, 61.5894050598, 397.118438721, 1.37361478806, 1.27121734619, 24.5644626617, 0.973978638649, 1.06798481941, 1.53942406178, 2.63563942909, 9.69862651825, 10.9147472382, 2.45654940605, 4.33168792725, 4.11986017227, 2.66328287125, 0.82161539793, 4.04906797409, 1.77497160435, 0.590886116028, 3.59495949745, 1.71663820744, 3.11847805977, 0.0405613742769, 0.000318694772432, 1.52268194142e-06],
        "dvar2": [7.00513453467e-07, 9.93745707092e-05, 0.00635966006666, 0.976940989494, 121.811531067, 376.713378906, 63.8059234619, 56.654460907, 48.453666687, 1701.78320312, 1625.91101074, 36535.5273438, 33562.2109375, 103951.492188, 8123.99511719, 154.651062012, 937.607666016, 3.47251629829, 2.9293718338, 68.1108322144, 2.06635141373, 3.1104516983, 4.54228782654, 7.22607898712, 23.5668029785, 23.4778327942, 7.34387874603, 11.7039022446, 11.3411655426, 7.80585813522, 2.24974226952, 11.3082666397, 4.86039161682, 1.74187815189, 10.3332605362, 4.89736127853, 9.03840732574, 0.119327582419, 0.000931264949031, 4.43379758508e-06],
        "max": [0.00264665717259, 0.0451126433909, 0.299212545156, 5.05629730225, 77.1192550659, 141.574584961, 42.2648887634, 25.2673950195, 45.8177528381, 315.941772461, 335.357025146, 1445.79492188, 737.412902832, 1701.14294434, 481.998046875, 40.0859107971, 176.356903076, 9.42056179047, 8.38125705719, 30.1751365662, 7.21484851837, 6.02514648438, 7.10949802399, 8.97652626038, 22.7960529327, 22.7843780518, 9.49796295166, 13.328540802, 12.3547496796, 9.64493274689, 5.06272125244, 12.1573562622, 8.60741138458, 4.56272649765, 11.5678024292, 7.91052818298, 10.8878660202, 1.19292140007, 0.105804622173, 0.00742965564132],
        "mean": [0.000555816630367, 0.00620703119785, 0.0311562158167, 0.524175167084, 6.8408703804, 12.1633224487, 2.92770433426, 1.13243186474, 4.29584980011, 19.6797065735, 39.1282615662, 176.908981323, 107.542732239, 136.505813599, 40.2420387268, 7.68625545502, 18.0784435272, 2.26858043671, 1.00116205215, 1.99624478817, 0.621178865433, 0.468144774437, 0.34067940712, 0.868070721626, 1.7335588932, 2.01618075371, 0.660794079304, 0.5319237113, 0.762787163258, 0.391228348017, 0.255939096212, 0.453702777624, 0.303065061569, 0.132183462381, 0.328915953636, 0.269960045815, 0.279590338469, 0.0261425748467, 0.00243881042115, 0.000184130127309],
        "median": [0.00031591867446, 0.00253171380609, 0.00834970362484, 0.0677232965827, 1.74256587029, 2.42296481133, 0.236421942711, 0.447121858597, 0.651413917542, 0.869423627853, 5.74268293381, 19.2562007904, 70.9450378418, 70.9599304199, 6.16718959808, 2.608907938, 2.03675103188, 1.21263515949, 0.34039786458, 0.444779783487, 0.0792006552219, 0.0621302314103, 0.0386040881276, 0.1254735291, 0.237183183432, 0.0800850614905, 0.0646896064281, 0.0290819145739, 0.0173942800611, 0.0106910523027, 0.0052709216252, 0.00396964512765, 0.00362501572818, 0.00215165899135, 0.0017055827193, 0.00105651002377, 0.000656511285342, 0.00016644760035, 3.64501356671e-05, 1.47090959217e-05],
        "min": [1.55330071721e-05, 0.000201896284125, 0.00109133706428, 0.00194608932361, 0.0102110020816, 0.010057322681, 0.0124760093167, 0.0318874195218, 0.0221293140203, 0.0137879392132, 0.024864051491, 0.066600471735, 0.0370176583529, 0.00887092575431, 0.0100992657244, 0.0280649308115, 0.0112116346136, 0.0147644476965, 0.00356042594649, 0.00455485004932, 0.00392841687426, 0.00212115957402, 0.00122323108371, 0.000632910581771, 0.000782022543717, 0.000456210313132, 0.00037001943565, 0.000296825834084, 0.000179751368705, 6.50145520922e-05, 6.7261105869e-05, 4.53881693829e-05, 5.13230261276e-05, 2.75193979178e-05, 1.497597259e-05, 8.52968241816e-06, 5.194951882e-06, 2.77594222098e-06, 8.7899547907e-07, 1.99225183906e-07],
        "var": [3.50068859234e-07, 7.48606253183e-05, 0.0030625925865, 1.06836676598, 196.85218811, 724.394592285, 49.3588256836, 10.7336111069, 93.5201644897, 3961.83496094, 7243.92041016, 135606.234375, 20976.5136719, 81563.4375, 7635.01220703, 117.73110199, 1149.0880127, 5.76797819138, 2.06852078438, 21.3399524689, 1.78792524338, 0.844013988972, 0.979587972164, 2.74901461601, 18.1141376495, 19.2649917603, 2.19201493263, 3.27965784073, 3.58838963509, 1.65264284611, 0.634595572948, 2.8021914959, 1.33649611473, 0.343312740326, 2.2407515049, 1.12914717197, 1.98687267303, 0.0231327861547, 0.00018246829859, 8.98204916666e-07]
    },
    "gfcc": {
        "mean": [-136.219619751, 109.238815308, -105.945541382, -44.1193580627, -70.6257705688, 0.71268260479, -12.0170040131, -2.28567099571, -42.8700942993, -14.2370014191, -32.2273368835, -12.4319753647, -5.82281827927],
        "cov": [[9119.20507812, -3004.63134766, -611.869262695, 124.18221283, -1229.38305664, -155.692184448, -378.867370605, 462.308807373, -549.139587402, 653.760314941, -137.379699707, 198.450119019, -872.205627441], [-3004.63134766, 2051.91625977, -3.38449335098, -123.465484619, 462.520690918, -54.9563751221, 165.482818604, -375.575775146, -103.00769043, -607.908203125, -12.5521688461, -72.6488494873, 451.256225586], [-611.869262695, -3.38449335098, 760.238342285, 315.969512939, 239.478897095, 10.5168600082, -227.707305908, -115.400245667, 133.605484009, 46.5317268372, 105.463066101, 118.054397583, 76.0677490234], [124.18221283, -123.465484619, 315.969512939, 464.424102783, 96.3246612549, -87.0603408813, -233.324737549, 2.29383063316, 110.3878479, 162.847015381, 144.594985962, 115.339996338, -96.5386810303], [-1229.38305664, 462.520690918, 239.478897095, 96.3246612549, 272.995758057, 4.20738077164, 2.89909529686, -107.041992188, 73.2439651489, -94.2976455688, 31.9762229919, -21.5662536621, 116.512313843], [-155.692184448, -54.9563751221, 10.5168600082, -87.0603408813, 4.20738077164, 86.3790359497, 56.2234611511, 31.2586174011, 27.3719100952, 15.4887628555, -32.2414855957, -21.7959690094, 22.1559009552], [-378.867370605, 165.482818604, -227.707305908, -233.324737549, 2.89909529686, 56.2234611511, 256.891876221, 48.267414093, -25.6913166046, -89.2192306519, -65.0319061279, -111.322235107, 37.0222740173], [462.308807373, -375.575775146, -115.400245667, 2.29383063316, -107.041992188, 31.2586174011, 48.267414093, 163.156463623, 68.7614517212, 137.536972046, 23.0073833466, 8.57639503479, -72.1836013794], [-549.139587402, -103.00769043, 133.605484009, 110.3878479, 73.2439651489, 27.3719100952, -25.6913166046, 68.7614517212, 226.154067993, 131.68019104, 69.1176834106, 26.8967876434, 31.7933826447], [653.760314941, -607.908203125, 46.5317268372, 162.847015381, -94.2976455688, 15.4887628555, -89.2192306519, 137.536972046, 131.68019104, 285.958862305, 59.8057594299, 28.4865989685, -173.179779053], [-137.379699707, -12.5521688461, 105.463066101, 144.594985962, 31.9762229919, -32.2414855957, -65.0319061279, 23.0073833466, 69.1176834106, 59.8057594299, 106.975364685, 62.2076568604, 0.995800375938], [198.450119019, -72.6488494873, 118.054397583, 115.339996338, -21.5662536621, -21.7959690094, -111.322235107, 8.57639503479, 26.8967876434, 28.4865989685, 62.2076568604, 128.640655518, 52.5775909424], [-872.205627441, 451.256225586, 76.0677490234, -96.5386810303, 116.512313843, 22.1559009552, 37.0222740173, -72.1836013794, 31.7933826447, -173.179779053, 0.995800375938, 52.5775909424, 287.251098633]],
        "icov": [[0.000741242314689, 0.000453355751233, -0.000260208296822, -0.000766412471421, 0.00183227832895, 0.00113724835683, 7.79690599302e-05, -0.000893272168469, 0.00218536169268, -0.000809844932519, 0.00146156421397, -0.000145628131577, -0.000424131634645], [0.000453355751233, 0.00554992863908, 0.00367118557915, -0.00544932484627, 0.00029688392533, -0.00535669410601, -0.00171341968235, 0.00828043464571, -0.00244111148641, 0.0100793810561, -0.00499534094706, 0.00241927336901, -0.00162986596115], [-0.000260208296822, 0.00367118557915, 0.0067607043311, -0.00424998812377, -0.00364661845379, -0.00878807995468, 0.000165932258824, 0.00938993133605, -0.00402563251555, 0.00746864732355, -0.00556155340746, -0.000536727078725, -0.000214987550862], [-0.000766412471421, -0.00544932484627, -0.00424998812377, 0.0206899028271, -0.0131970141083, 0.0148724894971, 0.00718135526404, -0.0136596849188, 0.00230660568923, -0.0126526486129, 0.00246623833664, -0.0114006791264, 0.00835473928601], [0.00183227832895, 0.00029688392533, -0.00364661845379, -0.0131970141083, 0.0278274789453, -0.00535339396447, -0.0052596447058, 0.00741439079866, -0.000777290260885, 0.00374598847702, -0.000275621627225, 0.0134899597615, -0.0068293758668], [0.00113724835683, -0.00535669410601, -0.00878807995468, 0.0148724894971, -0.00535339396447, 0.039652813226, -0.000162133495905, -0.0200387723744, 0.0100906137377, -0.0231580790132, 0.0188459679484, -0.00904780533165, -0.000195788030396], [7.79690599302e-05, -0.00171341968235, 0.000165932258824, 0.00718135526404, -0.0052596447058, -0.000162133495905, 0.0206087771803, -0.0182367041707, 0.00154091254808, 0.00501051684842, -0.00100198201835, 0.00893277861178, 0.00142365624197], [-0.000893272168469, 0.00828043464571, 0.00938993133605, -0.0136596849188, 0.00741439079866, -0.0200387723744, -0.0182367041707, 0.0482157953084, -0.0137369539589, 0.00875208061188, -0.0155336027965, -0.00196235650219, -0.00258289068006], [0.00218536169268, -0.00244111148641, -0.00402563251555, 0.00230660568923, -0.000777290260885, 0.0100906137377, 0.00154091254808, -0.0137369539589, 0.0263236947358, -0.023689923808, 0.00612033437937, 0.00126856577117, -0.00925118289888], [-0.000809844932519, 0.0100793810561, 0.00746864732355, -0.0126526486129, 0.00374598847702, -0.0231580790132, 0.00501051684842, 0.00875208061188, -0.023689923808, 0.0516616143286, -0.0161704346538, 0.00937755592167, 0.00940482132137], [0.00146156421397, -0.00499534094706, -0.00556155340746, 0.00246623833664, -0.000275621627225, 0.0188459679484, -0.00100198201835, -0.0155336027965, 0.00612033437937, -0.0161704346538, 0.0343659110367, -0.0137764913961, 0.00144691695459], [-0.000145628131577, 0.00241927336901, -0.000536727078725, -0.0114006791264, 0.0134899597615, -0.00904780533165, 0.00893277861178, -0.00196235650219, 0.00126856577117, 0.00937755592167, -0.0137764913961, 0.0395390316844, -0.0160265080631], [-0.000424131634645, -0.00162986596115, -0.000214987550862, 0.00835473928601, -0.0068293758668, -0.000195788030396, 0.00142365624197, -0.00258289068006, -0.00925118289888, 0.00940482132137, 0.00144691695459, -0.0160265080631, 0.0191936846823]]
    },
    "melbands": {
        "dmean": [5.31097430212e-06, 1.02825633803e-05, 0.000168261511135, 0.000471923209261, 0.000139771669637, 2.71164299193e-05, 5.6431224948e-05, 0.00010192591435, 0.000230446370551, 0.000391315727029, 0.000393544964027, 0.000467057368951, 0.000136489412398, 4.69665565106e-06, 2.62757948803e-05, 1.08444892248e-05, 9.54419306254e-07, 8.06441903478e-07, 1.90943910638e-06, 1.17383740417e-06, 4.00010321755e-07, 3.96406022674e-07, 4.71467700436e-07, 1.63094199479e-07, 5.51150662886e-07, 9.2430281029e-07, 8.44698604396e-07, 7.56171061767e-07, 3.22846318568e-07, 1.74414907406e-07, 4.32423178154e-07, 3.63896532463e-07, 2.72444481197e-07, 2.5912942192e-07, 1.29372580204e-07, 2.18913413619e-07, 4.09069599527e-07, 2.9943885238e-07, 1.03831737874e-07, 1.48425812085e-07],
        "dmean2": [8.92574826139e-06, 1.60457457241e-05, 0.000274951424217, 0.0006431407528, 0.000165830380865, 5.31683399458e-05, 7.8680626757e-05, 0.000132165776449, 0.000314701726893, 0.000623074127361, 0.000607131281868, 0.000775605905801, 0.000194256237592, 8.15773273644e-06, 4.02402256441e-05, 1.75435870915e-05, 1.50907499119e-06, 1.09449945285e-06, 3.36016978508e-06, 2.03887543648e-06, 6.72596854656e-07, 6.71106590744e-07, 9.09518462322e-07, 2.93760223258e-07, 9.16706085263e-07, 1.61217587902e-06, 1.29843988361e-06, 1.15681621082e-06, 5.47981358068e-07, 3.13238075478e-07, 7.19228921753e-07, 6.2552402369e-07, 4.87952888761e-07, 4.90146192078e-07, 2.26136052106e-07, 4.16251822344e-07, 7.35601702218e-07, 5.08115590492e-07, 1.84105957146e-07, 2.76894724038e-07],
        "dvar": [3.47199075046e-11, 3.8815428649e-10, 1.08225350459e-07, 6.28597319974e-07, 1.03795549933e-07, 9.80015624208e-09, 2.11357864544e-08, 1.05801909456e-07, 3.18935633459e-07, 6.78719345615e-07, 5.31268483428e-07, 1.37487836582e-06, 1.0125923211e-07, 1.83270801313e-10, 2.50027842874e-09, 5.44355838183e-10, 1.93581912653e-12, 2.34351535573e-12, 3.37924480065e-11, 1.47859485072e-11, 1.13397030481e-12, 7.01660029991e-13, 2.83202476227e-12, 3.41156898738e-13, 1.99585270186e-12, 8.77170992092e-12, 4.81780804487e-12, 3.85783722676e-12, 1.11036375407e-12, 3.18576409827e-13, 2.87838524717e-12, 1.57179152506e-12, 7.06693059106e-13, 1.1334849075e-12, 1.64215022873e-13, 5.53399231822e-13, 2.5138305066e-12, 1.2083441886e-12, 1.58818975766e-13, 4.55651087607e-13],
        "dvar2": [8.46700279333e-11, 8.4623469343e-10, 1.94856156099e-07, 1.02725380202e-06, 1.62178679375e-07, 2.90227557542e-08, 3.47195765471e-08, 1.32897014282e-07, 4.15059673742e-07, 1.09718052954e-06, 1.12082807391e-06, 2.41212842411e-06, 2.24881617328e-07, 5.05511521531e-10, 6.15864204079e-09, 1.26323596028e-09, 5.42149138083e-12, 4.69808827258e-12, 9.44197012243e-11, 4.13890380302e-11, 2.31029995482e-12, 2.00749204586e-12, 8.26976681578e-12, 1.00982156664e-12, 5.44506453815e-12, 2.48900639682e-11, 8.52385783484e-12, 8.22318515364e-12, 3.28976472799e-12, 9.53772542715e-13, 7.65451764473e-12, 4.39461184457e-12, 1.9749408272e-12, 3.34923972237e-12, 4.55261371136e-13, 1.42143512672e-12, 7.03799128352e-12, 3.22475986886e-12, 4.50639471485e-13, 1.34939390391e-12],
        "max": [3.64256848115e-05, 0.000116156210424, 0.00297472532839, 0.0061005060561, 0.00305920024402, 0.000571502081584, 0.00134366494603, 0.00279122428037, 0.00554573116824, 0.00781114352867, 0.00451736198738, 0.00818513985723, 0.00246463506483, 8.27047624625e-05, 0.000421797856688, 0.000200022521312, 1.05469489426e-05, 1.30698690555e-05, 3.54383410013e-05, 2.34142080444e-05, 8.38506548462e-06, 4.49375784228e-06, 9.68718450167e-06, 3.3906153476e-06, 8.27644362289e-06, 2.01834245672e-05, 1.53187957039e-05, 1.3625705833e-05, 6.18617195869e-06, 3.38144604939e-06, 1.09458696897e-05, 7.48043976273e-06, 5.13656141266e-06, 6.19497723164e-06, 2.27400573749e-06, 3.70499947167e-06, 9.8819800769e-06, 7.20907110008e-06, 2.50812081504e-06, 3.97452640755e-06],
        "mean": [5.77802939006e-06, 1.13734677143e-05, 0.000258952204604, 0.000731062609702, 0.00020106692682, 2.35031147895e-05, 0.000100211073004, 0.00017038481019, 0.000605121429544, 0.00100428285077, 0.000567156821489, 0.000638194498606, 0.00018577829178, 6.9645370786e-06, 4.5257525926e-05, 2.36067826336e-05, 2.31876538237e-06, 1.29783052216e-06, 2.52448421634e-06, 1.58270847805e-06, 5.65400796404e-07, 4.21187110078e-07, 5.24279016645e-07, 1.35571625037e-07, 7.23964774352e-07, 1.12514499051e-06, 1.67426674125e-06, 1.16133219308e-06, 4.30254431194e-07, 2.1905492531e-07, 3.6898882172e-07, 3.92780179936e-07, 3.83734203524e-07, 1.92791176801e-07, 1.20608774523e-07, 2.03054582926e-07, 3.32855336183e-07, 2.65141238742e-07, 9.57525259082e-08, 1.04727774897e-07],
        "median": [2.85873898065e-06, 3.24972597809e-06, 3.90873901779e-05, 0.00019725576567, 1.41328137033e-05, 7.05182173988e-06, 9.01914154383e-06, 4.41463362222e-06, 3.02379849018e-05, 0.000148689869093, 0.000273859273875, 0.000352316244971, 1.24267771753e-05, 1.20312438412e-06, 6.79530739944e-06, 5.89738601775e-06, 7.46957994124e-07, 3.01676351455e-07, 9.08875165351e-07, 2.57759211308e-07, 2.07831103438e-08, 4.95672800582e-08, 6.48732907393e-08, 9.68702007498e-09, 7.17927477467e-08, 2.06913682632e-07, 1.15142029244e-07, 2.7590331797e-08, 5.27669214989e-08, 1.41298377443e-08, 1.38597417987e-08, 6.47394582387e-09, 8.65866223165e-09, 4.4697183732e-09, 3.16022519264e-09, 2.47365350425e-09, 2.24133689386e-09, 2.3956037154e-09, 1.59958657431e-09, 1.81468073901e-09],
        "min": [1.4585478425e-07, 3.48083744939e-07, 7.25910922483e-07, 6.39524841972e-07, 3.6829450778e-07, 7.04643298377e-07, 3.12743424047e-07, 1.43091853033e-07, 2.12276759726e-07, 2.31628447978e-07, 1.72080163452e-07, 2.84311845178e-08, 2.36048300906e-08, 5.30792618747e-08, 4.51862867124e-08, 1.59000457245e-08, 2.82993291023e-08, 4.99913932472e-09, 4.40518377332e-09, 7.37329930445e-09, 2.28316920925e-09, 2.10354644814e-09, 1.72071612514e-09, 6.67390254172e-10, 4.89627893785e-10, 4.83121209705e-10, 5.46764300502e-10, 2.42118075588e-10, 2.50548942704e-10, 1.57947668833e-10, 1.85448073564e-10, 1.25591065325e-10, 3.44438262634e-11, 3.97713667555e-11, 4.62053451056e-11, 2.45822390221e-11, 2.95620437851e-11, 4.19717142985e-11, 2.62492597103e-11, 2.23495926627e-11],
        "var": [4.75368806818e-11, 4.86165219193e-10, 3.16086158136e-07, 1.69629970515e-06, 2.58822637988e-07, 5.43975042788e-09, 7.08771210611e-08, 3.12445308737e-07, 1.98502402782e-06, 3.9600377022e-06, 7.15400460649e-07, 1.86197200946e-06, 2.05190502811e-07, 1.9632728776e-10, 6.03992500459e-09, 1.74312764223e-09, 7.70776758391e-12, 5.18192476776e-12, 2.74389833771e-11, 1.24744537616e-11, 2.34866011188e-12, 6.17897334861e-13, 1.97460624241e-12, 2.05140470041e-13, 2.12124675464e-12, 8.89450752634e-12, 1.28275454495e-11, 6.71516618353e-12, 9.56550485522e-13, 2.5461073137e-13, 2.15599803635e-12, 1.21130438579e-12, 6.93638614428e-13, 6.445370496e-13, 1.31650766677e-13, 4.58783943995e-13, 1.7398637869e-12, 9.79322309011e-13, 1.11733268037e-13, 2.57047069177e-13]
    },
    "mfcc": {
        "mean": [-803.997497559, 170.827575684, 5.06597137451, -21.2015628815, -37.8808937073, -6.3571023941, 11.6891775131, -1.72912859917, 2.29577493668, 5.17687082291, -16.1626548767, -27.7745800018, -17.5318756104],
        "cov": [[8990.64746094, -2367.03759766, -541.39251709, -51.9231185913, -1107.6340332, -467.363983154, 75.8616256714, -19.7362270355, -469.013458252, -199.560394287, 175.293319702, 508.35635376, 364.402160645], [-2367.03759766, 1511.80078125, -42.7031593323, -7.65695810318, 237.860595703, 106.643890381, 71.3315811157, 56.512008667, 76.1938934326, -103.658096313, -306.211120605, -377.470581055, -317.105499268], [-541.39251709, -42.7031593323, 387.595733643, 137.698272705, 311.555450439, 76.5706100464, -104.943405151, -34.4930992126, -21.1218605042, -49.0230026245, -60.1317596436, 94.0328521729, 47.1199951172], [-51.9231185913, -7.65695810318, 137.698272705, 326.963897705, 236.780853271, 21.3305454254, -101.868255615, -40.6375045776, -95.3469696045, -109.720733643, 20.2711277008, 237.904373169, 114.839241028], [-1107.6340332, 237.860595703, 311.555450439, 236.780853271, 439.084136963, 95.1953430176, -141.134689331, -49.1013069153, -13.0617208481, -94.4947662354, -65.4434204102, 128.489776611, 33.4947128296], [-467.363983154, 106.643890381, 76.5706100464, 21.3305454254, 95.1953430176, 77.7975387573, -8.66701126099, -23.3190135956, 21.0818443298, 8.24950027466, 5.33569669724, -28.6685752869, -23.9074993134], [75.8616256714, 71.3315811157, -104.943405151, -101.868255615, -141.134689331, -8.66701126099, 138.514587402, 35.7986679077, 26.687204361, 59.5482330322, 9.00876426697, -133.886489868, -60.2614974976], [-19.7362270355, 56.512008667, -34.4930992126, -40.6375045776, -49.1013069153, -23.3190135956, 35.7986679077, 70.1749038696, 26.6864795685, 9.62184524536, -24.524810791, -30.4892158508, -19.523809433], [-469.013458252, 76.1938934326, -21.1218605042, -95.3469696045, -13.0617208481, 21.0818443298, 26.687204361, 26.6864795685, 139.447799683, 97.9973373413, 4.07358407974, -83.519859314, -29.2186374664], [-199.560394287, -103.658096313, -49.0230026245, -109.720733643, -94.4947662354, 8.24950027466, 59.5482330322, 9.62184524536, 97.9973373413, 176.565261841, 86.2738342285, -98.8358306885, -5.83353614807], [175.293319702, -306.211120605, -60.1317596436, 20.2711277008, -65.4434204102, 5.33569669724, 9.00876426697, -24.524810791, 4.07358407974, 86.2738342285, 240.204437256, 139.184570312, 59.5459632874], [508.35635376, -377.470581055, 94.0328521729, 237.904373169, 128.489776611, -28.6685752869, -133.886489868, -30.4892158508, -83.519859314, -98.8358306885, 139.184570312, 430.79977417, 176.554336548], [364.402160645, -317.105499268, 47.1199951172, 114.839241028, 33.4947128296, -23.9074993134, -60.2614974976, -19.523809433, -29.2186374664, -5.83353614807, 59.5459632874, 176.554336548, 172.584075928]],
