{
"lowlevel": {
    "average_loudness": 0.909516096115,
    "barkbands_crest": {
        "dmean": 3.11009907722,
        "dmean2": 5.45662403107,
        "dvar": 7.79359674454,
        "dvar2": 21.2213420868,
        "max": 25.5105037689,
        "mean": 17.5804347992,
        "median": 17.7629909515,
        "min": 5.24047803879,
        "var": 21.3124065399
    },
    "barkbands_flatness_db": {
        "dmean": 0.0292689334601,
        "dmean2": 0.0438218265772,
        "dvar": 0.00090530567104,
        "dvar2": 0.00171588140074,
        "max": 0.415929406881,
        "mean": 0.266508996487,
        "median": 0.265539944172,
        "min": 0.0614801086485,
        "var": 0.00230059213936
    },
    "barkbands_kurtosis": {
        "dmean": 6.17827129364,
        "dmean2": 10.2744188309,
        "dvar": 91.8450469971,
        "dvar2": 309.261016846,
        "max": 63.8876571655,
        "mean": 11.1610374451,
        "median": 4.71302747726,
        "min": -1.37975263596,
        "var": 221.502960205
    },
    "barkbands_skewness": {
        "dmean": 0.762086927891,
        "dmean2": 1.23862826824,
        "dvar": 0.545723855495,
        "dvar2": 1.8305606842,
        "max": 6.25085687637,
        "mean": 1.23490643501,
        "median": 0.896399855614,
        "min": -3.78557467461,
        "var": 4.96821022034
    },
    "barkbands_spread": {
        "dmean": 1.98556280136,
        "dmean2": 3.32251119614,
        "dvar": 5.70245075226,
        "dvar2": 14.2998418808,
        "max": 23.0830688477,
        "mean": 7.43365764618,
        "median": 6.60839509964,
        "min": 1.48349106312,
        "var": 17.1950187683
    },
    "dissonance": {
        "dmean": 0.0630916878581,
        "dmean2": 0.112513549626,
        "dvar": 0.00277062901296,
        "dvar2": 0.00725983828306,
        "max": 0.468839108944,
        "mean": 0.336946666241,
        "median": 0.339278161526,
        "min": 0.140424653888,
        "var": 0.00564699154347
    },
    "dynamic_complexity": 8.91507816315,
    "erbbands_crest": {
        "dmean": 1.46562206745,
        "dmean2": 2.37029361725,
        "dvar": 4.72853136063,
        "dvar2": 10.673822403,
        "max": 26.8958187103,
        "mean": 19.4550075531,
        "median": 21.9966068268,
        "min": 6.60037851334,
        "var": 29.3339538574
    },
    "erbbands_flatness_db": {
        "dmean": 0.0178018212318,
        "dmean2": 0.0231571495533,
        "dvar": 0.00054331443971,
        "dvar2": 0.000881531101186,
        "max": 0.419918447733,
        "mean": 0.248456671834,
        "median": 0.246931582689,
        "min": 0.112876288593,
        "var": 0.00575450947508
    },
    "erbbands_kurtosis": {
        "dmean": 3.6816470623,
        "dmean2": 6.12950849533,
        "dvar": 32.9613380432,
        "dvar2": 71.9929656982,
        "max": 55.9370079041,
        "mean": 11.2309169769,
        "median": 7.15821743011,
        "min": 0.675377130508,
        "var": 120.09992981
    },
    "erbbands_skewness": {
        "dmean": 0.571182131767,
        "dmean2": 0.996828019619,
        "dvar": 0.414740234613,
        "dvar2": 1.29070234299,
        "max": 3.90202689171,
        "mean": 0.248961105943,
        "median": -0.188731893897,
        "min": -2.03585767746,
        "var": 1.84190165997
    },
    "erbbands_spread": {
        "dmean": 2.12144112587,
        "dmean2": 3.68305850029,
        "dvar": 7.85192680359,
        "dvar2": 22.9396114349,
        "max": 27.389629364,
        "mean": 9.9200334549,
        "median": 7.09494924545,
        "min": 0.894973814487,
        "var": 55.7164649963
    },
    "hfc": {
        "dmean": 1.8065237999,
        "dmean2": 2.29293560982,
        "dvar": 21.251750946,
        "dvar2": 27.8441143036,
        "max": 56.8839874268,
        "mean": 6.10069036484,
        "median": 0.818169772625,
        "min": 0.00147579202894,
        "var": 165.932754517
    },
    "melbands_crest": {
        "dmean": 3.48532009125,
        "dmean2": 6.07541275024,
        "dvar": 8.25312137604,
        "dvar2": 25.3370304108,
        "max": 26.8568344116,
        "mean": 17.7960319519,
        "median": 17.3953113556,
        "min": 5.07385015488,
        "var": 20.1228809357
    },
    "melbands_flatness_db": {
        "dmean": 0.0332730337977,
        "dmean2": 0.0495997034013,
        "dvar": 0.00104448699858,
        "dvar2": 0.00212843972258,
        "max": 0.464713007212,
        "mean": 0.373669981956,
        "median": 0.374191641808,
        "min": 0.116203568876,
        "var": 0.00277105462737
    },
    "melbands_kurtosis": {
        "dmean": 4.55751991272,
        "dmean2": 7.84098482132,
        "dvar": 47.6837158203,
        "dvar2": 171.39515686,
        "max": 45.151184082,
        "mean": 7.38107204437,
        "median": 3.44005775452,
        "min": -1.64142715931,
        "var": 99.3041610718
    },
    "melbands_skewness": {
        "dmean": 0.696339190006,
        "dmean2": 1.13590908051,
        "dvar": 0.353989422321,
        "dvar2": 1.22299814224,
        "max": 5.42347097397,
        "mean": 1.25597345829,
        "median": 1.18852567673,
        "min": -2.86136293411,
        "var": 3.67424964905
    },
    "melbands_spread": {
        "dmean": 2.82424283028,
        "dmean2": 4.61209821701,
        "dvar": 10.3742256165,
        "dvar2": 26.4874458313,
        "max": 29.7720527649,
        "mean": 10.5432834625,
        "median": 9.40034580231,
        "min": 1.78649687767,
        "var": 41.8393669128
    },
    "pitch_salience": {
        "dmean": 0.0602296926081,
        "dmean2": 0.0972159802914,
        "dvar": 0.00402109930292,
        "dvar2": 0.0111161284149,
        "max": 0.743745684624,
        "mean": 0.354228287935,
        "median": 0.360857337713,
        "min": 0.125868961215,
        "var": 0.00970672443509
    },
    "silence_rate_20dB": {
        "dmean": 0,
        "dmean2": 0,
        "dvar": 0,
        "dvar2": 0,
        "max": 1,
        "mean": 1,
        "median": 1,
        "min": 1,
        "var": 0
    },
    "silence_rate_30dB": {
        "dmean": 0,
        "dmean2": 0,
        "dvar": 0,
        "dvar2": 0,
        "max": 1,
        "mean": 1,
        "median": 1,
        "min": 1,
        "var": 0
    },
    "silence_rate_60dB": {
        "dmean": 0.0166666675359,
        "dmean2": 0.0336134470999,
        "dvar": 0.0163888726383,
        "dvar2": 0.0324835851789,
        "max": 1,
        "mean": 0.727272748947,
        "median": 1,
        "min": 0,
        "var": 0.19834753871
    },
    "spectral_centroid": {
        "dmean": 54.0442314148,
        "dmean2": 91.5776519775,
        "dvar": 6879.90283203,
        "dvar2": 17424.8164062,
        "max": 1472.71289062,
        "mean": 638.22479248,
        "median": 676.541503906,
        "min": 262.732727051,
        "var": 33443.7890625
    },
    "spectral_complexity": {
        "dmean": 0.883333325386,
        "dmean2": 1.38655459881,
        "dvar": 2.41972088814,
        "dvar2": 4.5732665062,
        "max": 19,
        "mean": 3.92561984062,
        "median": 3,
        "min": 0,
        "var": 6.41595602036
    },
    "spectral_decrease": {
        "dmean": 6.80032974376e-10,
        "dmean2": 9.22680321036e-10,
        "dvar": 2.35261291789e-18,
        "dvar2": 3.10810033919e-18,
        "max": -8.08312564018e-13,
        "mean": -2.1096309144e-09,
        "median": -5.49986056697e-10,
        "min": -1.89632558545e-08,
        "var": 1.6384965627e-17
    },
    "spectral_energy": {
        "dmean": 0.00272856722586,
        "dmean2": 0.00368889793754,
        "dvar": 3.8450518332e-05,
        "dvar2": 5.06719734403e-05,
        "max": 0.0767308324575,
        "mean": 0.00851556286216,
        "median": 0.00212256307714,
        "min": 3.18461684401e-06,
        "var": 0.000270367047051
    },
    "spectral_energyband_high": {
        "dmean": 8.04038518254e-06,
        "dmean2": 1.22590627143e-05,
        "dvar": 1.67081437574e-09,
        "dvar2": 3.95467480985e-09,
        "max": 0.000399930344429,
        "mean": 1.31349952426e-05,
        "median": 1.75404954916e-06,
        "min": 4.01635702474e-08,
        "var": 1.8351657971e-09
    },
    "spectral_energyband_low": {
        "dmean": 0.00040861623711,
        "dmean2": 0.0007418213645,
        "dvar": 2.36249007912e-07,
        "dvar2": 7.65757135923e-07,
        "max": 0.00323770544492,
        "mean": 0.000771114544477,
        "median": 0.000527083000634,
        "min": 1.09229745249e-06,
        "var": 4.41801205397e-07
    },
    "spectral_energyband_middle_high": {
        "dmean": 0.00115893909242,
        "dmean2": 0.00136105890851,
        "dvar": 5.99650184085e-06,
        "dvar2": 9.16188491829e-06,
        "max": 0.0241446811706,
        "mean": 0.00314719416201,
        "median": 0.000767617311794,
        "min": 1.07001170591e-07,
        "var": 2.6918556614e-05
    },
    "spectral_energyband_middle_low": {
        "dmean": 0.00165779318195,
        "dmean2": 0.00230535771698,
        "dvar": 3.22739106196e-05,
        "dvar2": 4.36630834884e-05,
        "max": 0.067345045507,
        "mean": 0.00477750832215,
        "median": 0.000332004361553,
        "min": 1.62850005836e-06,
        "var": 0.000181984723895
    },
    "spectral_entropy": {
        "dmean": 0.214169770479,
        "dmean2": 0.296979784966,
        "dvar": 0.0920272320509,
        "dvar2": 0.155054375529,
        "max": 8.0108833313,
        "mean": 6.22419691086,
        "median": 6.26377916336,
        "min": 4.43308210373,
        "var": 0.380771845579
    },
    "spectral_flux": {
        "dmean": 0.0101028941572,
        "dmean2": 0.0151340207085,
        "dvar": 0.000298402563203,
        "dvar2": 0.000631752656773,
        "max": 0.195585474372,
        "mean": 0.025949113071,
        "median": 0.0171469617635,
        "min": 0.00474754953757,
        "var": 0.000665584404487
    },
    "spectral_kurtosis": {
        "dmean": 3.43805813789,
        "dmean2": 5.6516919136,
        "dvar": 20.765958786,
        "dvar2": 39.8549690247,
        "max": 50.9934234619,
        "mean": 17.847120285,
        "median": 16.112159729,
        "min": 4.40200042725,
        "var": 85.6046218872
    },
    "spectral_rms": {
        "dmean": 0.00039838149678,
        "dmean2": 0.000572008895688,
        "dvar": 3.47883059248e-07,
        "dvar2": 4.44091966756e-07,
        "max": 0.00865213014185,
        "mean": 0.00216994178481,
        "median": 0.00143902515993,
        "min": 5.5739961681e-05,
        "var": 3.59921955351e-06
    },
    "spectral_rolloff": {
        "dmean": 77.3400878906,
        "dmean2": 145.484832764,
        "dvar": 26418.0878906,
        "dvar2": 63527.671875,
        "max": 1894.921875,
        "mean": 665.038146973,
        "median": 818.26171875,
        "min": 86.1328125,
        "var": 128076.414062
    },
    "spectral_skewness": {
        "dmean": 0.307543635368,
        "dmean2": 0.495776236057,
        "dvar": 0.135822668672,
        "dvar2": 0.238111138344,
        "max": 5.7389216423,
        "mean": 3.41674089432,
        "median": 3.3364341259,
        "min": 1.81633925438,
        "var": 0.561225175858
    },
    "spectral_spread": {
        "dmean": 433068.34375,
        "dmean2": 626680.0625,
        "dvar": 888781340672,
        "dvar2": 769573715968,
        "max": 17392850,
        "mean": 3931160,
        "median": 3613543.25,
        "min": 1628860.5,
        "var": 2.90910869914e+12
    },
    "spectral_strongpeak": {
        "dmean": 0.355506837368,
        "dmean2": 0.513276338577,
        "dvar": 0.393408089876,
        "dvar2": 0.592226564884,
        "max": 6.70422124863,
        "mean": 1.25247395039,
        "median": 0.720995426178,
        "min": 0,
        "var": 2.76750683784
    },
    "zerocrossingrate": {
        "dmean": 0.00332438154146,
        "dmean2": 0.00446428591385,
        "dvar": 1.3710244275e-05,
        "dvar2": 1.96035653062e-05,
        "max": 0.05419921875,
        "mean": 0.0285180453211,
        "median": 0.03125,
        "min": 0.0087890625,
        "var": 9.40022509894e-05
    },
    "barkbands": {
        "dmean": [1.30593753056e-05, 0.000368663517293, 8.93538599485e-05, 2.03847484954e-05, 0.000141770433402, 3.28890419041e-05, 1.5416118913e-05, 6.42074010102e-05, 0.001620075549, 0.000984729616903, 7.75944045017e-06, 2.30096065934e-05, 0.000243895250605, 3.79388598049e-06, 3.84872655559e-05, 2.1920745894e-06, 3.97306439481e-06, 1.39564906476e-06, 5.61740216654e-06, 1.49066420363e-06, 1.66648874256e-06, 9.78725438472e-07, 1.05373010229e-06, 1.67390555816e-06, 8.85782355908e-07, 1.75067498276e-06, 3.81867408805e-07],
        "dmean2": [2.19041066885e-05, 0.000674801762216, 0.000160431925906, 3.75392155547e-05, 0.00027129490627, 5.62054083275e-05, 2.421094905e-05, 0.000103266705992, 0.00210092379712, 0.00109965540469, 1.35570016937e-05, 3.86596366297e-05, 0.00031227353611, 6.01542978984e-06, 6.08378613833e-05, 3.68634573533e-06, 5.19218792761e-06, 2.72870352092e-06, 9.064173355e-06, 2.30443629334e-06, 2.57587294072e-06, 1.43027193644e-06, 1.60948093253e-06, 2.80126710095e-06, 1.3751808865e-06, 2.8680849482e-06, 5.9627865312e-07],
        "dvar": [1.4957117489e-10, 2.28900887578e-07, 7.26017690411e-09, 7.91735565997e-10, 5.53364678524e-08, 9.77153025161e-09, 1.58952184748e-09, 5.97701301785e-08, 3.19789032801e-05, 5.13985423822e-06, 7.48094253211e-10, 1.55125849943e-08, 7.14420082204e-07, 7.026807608e-11, 2.65423079071e-08, 5.95809443449e-11, 2.69925914953e-10, 8.99446211955e-11, 3.02373598382e-10, 4.34136372685e-11, 4.63493687874e-11, 1.33666220453e-11, 3.21363595457e-11, 9.67390265116e-11, 1.99304340393e-11, 6.56601856219e-11, 2.23940657684e-12],
        "dvar2": [4.21629314795e-10, 7.34189370633e-07, 2.15019788641e-08, 2.0421790925e-09, 1.94815001464e-07, 2.43570053016e-08, 3.81399889449e-09, 1.48492802055e-07, 4.01227589464e-05, 7.25182144379e-06, 1.36537237072e-09, 3.93275776389e-08, 1.00779402601e-06, 1.41120365393e-10, 6.37385397795e-08, 1.53725435159e-10, 5.29513821679e-10, 2.68110894597e-10, 6.34805097377e-10, 1.10034210909e-10, 1.05043258813e-10, 2.996620313e-11, 7.69548799684e-11, 2.55870796773e-10, 3.91371900166e-11, 1.66344243935e-10, 5.11235541747e-12],
        "max": [6.49307767162e-05, 0.00308517692611, 0.000434832036262, 0.000256026978604, 0.00154482456855, 0.000825241906568, 0.000311016337946, 0.00212719780393, 0.0672412961721, 0.0240410398692, 0.000248684547842, 0.00113438791595, 0.0121534718201, 6.52935050311e-05, 0.0018164422363, 6.76504350849e-05, 0.000181284485734, 7.53970598453e-05, 0.000156470341608, 5.96637764829e-05, 6.76158815622e-05, 3.99617965741e-05, 5.35258513992e-05, 9.06671775738e-05, 4.50988882221e-05, 7.02957622707e-05, 1.47410664795e-05],
        "mean": [1.40022366395e-05, 0.000648632703815, 9.88822575891e-05, 3.19478058373e-05, 0.000186404227861, 0.000110656677862, 3.73921611754e-05, 6.29442947684e-05, 0.00414912309498, 0.0023229571525, 1.14367403512e-05, 1.82819658221e-05, 0.000723069126252, 7.20437628843e-06, 6.2244507717e-05, 2.52725203609e-06, 4.61217632619e-06, 8.37910874907e-07, 8.38748474052e-06, 2.02301089303e-06, 3.28718192577e-06, 1.7436809685e-06, 1.41086013628e-06, 1.60217700795e-06, 1.08206256755e-06, 1.7614661374e-06, 8.80909794887e-07],
        "median": [1.01650084616e-05, 0.000368008215446, 6.89867301844e-05, 1.71154715645e-05, 4.91445644002e-05, 8.91955714906e-05, 2.72909837804e-05, 3.17399963023e-06, 1.48267372424e-06, 0.000616140197963, 1.22361302601e-06, 7.23012306025e-07, 6.30314048067e-07, 1.78687810148e-06, 1.95704387806e-06, 3.15441667453e-07, 2.54780559317e-07, 1.01765749605e-07, 3.44099476024e-07, 2.08579237437e-07, 1.79336296924e-07, 1.19245925134e-07, 1.13155536496e-07, 1.31173806039e-07, 1.62634265166e-07, 2.53048511922e-07, 7.17964496744e-07],
        "min": [1.0721256416e-07, 4.62046756411e-07, 1.63155220889e-07, 1.87633787618e-07, 1.56545752361e-07, 6.93013078035e-07, 4.88841692459e-07, 4.52201938117e-08, 4.87624021162e-08, 1.6021880711e-08, 3.06971905673e-08, 5.45304601474e-09, 9.85871029258e-09, 1.57574682191e-08, 1.7831577992e-08, 3.16475468054e-09, 2.2228103802e-09, 3.72323394338e-09, 3.21586446361e-09, 8.27802626446e-09, 1.85769422067e-09, 1.84723381036e-09, 2.27730367897e-09, 3.59174401332e-09, 4.10863698619e-09, 7.22975501688e-09, 1.47880747647e-08],
        "var": [1.91729965238e-10, 4.35820481925e-07, 8.1843847255e-09, 2.09106643112e-09, 8.49543297932e-08, 9.36480937241e-09, 1.6980330475e-09, 5.94710343194e-08, 0.000175311826752, 1.92598690774e-05, 1.46400624956e-09, 1.23057537493e-08, 5.47092349734e-06, 1.67694524933e-10, 5.45938370067e-08, 5.49949738526e-11, 3.73463343584e-10, 4.64742619388e-11, 4.97179075687e-10, 3.8759495613e-11, 8.41027247844e-11, 2.32006393264e-11, 3.10537498494e-11, 7.42005901166e-11, 2.56587182057e-11, 5.49198291011e-11, 2.16864070104e-12]
    },
    "erbbands": {
        "dmean": [0.0117338467389, 0.086884431541, 0.121470965445, 0.0764786154032, 0.466914027929, 0.310662806034, 0.148598328233, 0.307567089796, 0.226873159409, 0.482772707939, 10.6058540344, 42.0929832458, 25.8353023529, 10.9720344543, 0.584716022015, 1.98720979691, 11.1507081985, 0.479496985674, 0.307411044836, 2.58133864403, 0.22350743413, 0.194064795971, 0.105818361044, 0.312782347202, 0.0987383574247, 0.0873548015952, 0.0861515551805, 0.0585902556777, 0.0520198456943, 0.0227274205536, 0.0234427712858, 0.0395777113736, 0.023380227387, 0.0120137808844, 0.00676841428503, 0.0071395887062, 0.00295366020873, 0.000723088916857, 6.68940556352e-05, 4.64687627755e-06],
        "dmean2": [0.0209756437689, 0.156462177634, 0.223025813699, 0.140702426434, 0.896746456623, 0.596451342106, 0.276664167643, 0.502671182156, 0.360531181097, 0.77320933342, 15.4161758423, 52.3892631531, 30.3709430695, 12.152510643, 0.780862748623, 2.52590370178, 14.9203653336, 0.684942245483, 0.489351958036, 4.20223379135, 0.351366132498, 0.262376517057, 0.158758103848, 0.491392850876, 0.156850993633, 0.135016292334, 0.140727370977, 0.0824724882841, 0.0757794231176, 0.0424405038357, 0.035660546273, 0.0703243389726, 0.0379119813442, 0.0208826549351, 0.0106391208246, 0.0122566856444, 0.0044708121568, 0.00111872516572, 0.000105207691377, 7.22294225852e-06],
        "dvar": [0.000201305811061, 0.0115406773984, 0.0136512042955, 0.00441226782277, 0.678526878357, 0.219358220696, 0.333486974239, 0.720282018185, 0.132962718606, 2.65062355995, 1375.37304688, 19889.5332031, 3335.8527832, 642.16973877, 2.81442570686, 41.9792137146, 1555.23547363, 2.41228437424, 1.08990216255, 125.756713867, 0.56845664978, 0.567698776722, 0.343945354223, 1.05702567101, 0.113192282617, 0.161878973246, 0.160021170974, 0.0351437777281, 0.0375593826175, 0.0170847699046, 0.0164076332003, 0.0629571452737, 0.0163010749966, 0.00513694109395, 0.000954157148954, 0.00108990131412, 0.000193141313503, 9.95769005385e-06, 7.22070438997e-08, 7.44054470814e-11],
        "dvar2": [0.000695380091202, 0.0373871549964, 0.0420704334974, 0.0123682590201, 2.30323266983, 0.747603774071, 0.787300348282, 1.88502895832, 0.307693183422, 6.14121389389, 2494.18652344, 23377.7109375, 4911.56201172, 846.473571777, 5.25857114792, 55.297794342, 2307.71899414, 4.19371080399, 2.32819223404, 312.076477051, 1.35877382755, 1.08203840256, 0.756578207016, 2.29664874077, 0.24249945581, 0.414279162884, 0.400395959616, 0.0573160424829, 0.0845516771078, 0.0334152542055, 0.0386360511184, 0.175371646881, 0.0415669195354, 0.0138910319656, 0.00172950897831, 0.00285751139745, 0.000448749051429, 2.21922036872e-05, 1.58660739658e-07, 1.20473464538e-10],
        "max": [0.0934388488531, 0.660166919231, 0.537730693817, 0.40597563982, 6.47933626175, 2.25446343422, 3.65375900269, 7.43183851242, 4.0260515213, 15.1705703735, 392.514129639, 1692.20703125, 613.88067627, 269.945922852, 16.3378353119, 103.158843994, 552.891113281, 21.6671447754, 10.8990707397, 121.638053894, 8.35109329224, 8.32505321503, 5.6147942543, 9.62079048157, 3.08786177635, 3.63772392273, 3.64498710632, 1.58953821659, 2.17138314247, 1.14303219318, 1.23393499851, 2.21079444885, 1.20363283157, 0.648033976555, 0.32158100605, 0.269151985645, 0.131003990769, 0.0279871150851, 0.00257650553249, 9.96299422695e-05],
        "mean": [0.016712795943, 0.151123210788, 0.153294801712, 0.114283673465, 0.620936989784, 0.444824129343, 0.177968814969, 0.958475649357, 1.11151528358, 0.893849253654, 25.7546806335, 105.038780212, 63.3453063965, 27.1654186249, 1.36862003803, 6.78676700592, 33.1196594238, 1.45856380463, 0.629201591015, 4.12348937988, 0.364135563374, 0.237075775862, 0.116753742099, 0.439437806606, 0.151655048132, 0.117536455393, 0.105919525027, 0.126804307103, 0.0949845835567, 0.0427572652698, 0.0345383286476, 0.0350238867104, 0.0247352737933, 0.0103680919856, 0.00881474558264, 0.00605285260826, 0.00360073428601, 0.000930579437409, 0.000130871849251, 2.21210611926e-05],
        "median": [0.0103243589401, 0.0793581455946, 0.125326365232, 0.0899772420526, 0.132528021932, 0.137332558632, 0.0690552741289, 0.773880600929, 0.995058715343, 0.0713056921959, 0.095213085413, 0.442116469145, 18.6593780518, 7.72037029266, 0.284840971231, 0.0442345477641, 0.032100405544, 0.0521425828338, 0.0830374807119, 0.129779204726, 0.0293286070228, 0.0171614736319, 0.00740796327591, 0.0170845557004, 0.0118015715852, 0.0105593865737, 0.00879114214331, 0.00550375459716, 0.00457584904507, 0.00382263632491, 0.00322201894596, 0.00264630885795, 0.0022014467977, 0.00167558516841, 0.00124888017308, 0.000815946550574, 0.00048641700414, 0.000253534060903, 8.91707459232e-05, 1.54494846356e-05],
        "min": [2.52551544691e-05, 6.59808065393e-05, 0.000161201067385, 0.000468912738143, 0.000580962223466, 0.00044726303895, 0.00162954290863, 0.00714761577547, 0.00897015910596, 0.00323159596883, 0.000900343584362, 0.00116666615941, 0.000776587869041, 0.000601738516707, 0.00104851822834, 0.00023069724557, 0.000433752982644, 0.00056058150949, 0.000929308473133, 0.000838208652567, 0.000124142374261, 0.000144494362758, 0.00024877503165, 0.000117688141472, 0.000204665513593, 0.000416335125919, 0.000145717640407, 6.74828697811e-05, 6.12059739069e-05, 8.69880968821e-05, 4.66313795187e-05, 5.76020393055e-05, 6.70405861456e-05, 5.19974673807e-05, 2.79357664112e-05, 1.62699725479e-05, 1.56754831551e-05, 5.68067207496e-06, 2.21268396672e-06, 2.58037971435e-07],
        "var": [0.000301134801703, 0.0241777077317, 0.0137458108366, 0.00725569203496, 1.28418421745, 0.321467280388, 0.303185939789, 0.685092031956, 0.331359386444, 6.22169399261, 6469.02832031, 110435.109375, 12731.0048828, 2498.26342773, 6.70866346359, 424.608825684, 11447.671875, 17.6218452454, 2.26847696304, 241.697891235, 1.15437352657, 0.830655157566, 0.377259075642, 1.50305247307, 0.16661016643, 0.140942886472, 0.142448753119, 0.110152535141, 0.070118136704, 0.0230072271079, 0.0172497071326, 0.0419816188514, 0.0136485621333, 0.00360293872654, 0.00145302165765, 0.000834397622384, 0.000193165600649, 1.03910379039e-05, 7.3884123708e-08, 3.70648678416e-10]
    },
    "gfcc": {
        "mean": [-193.478057861, 116.436546326, -63.6531066895, -14.2590818405, -43.407661438, 11.9865674973, -3.27011370659, 12.3351898193, -13.8038864136, -3.56281495094, -19.8406505585, 0.981553912163, 6.65740060806],
        "cov": [[5289.26513672, -352.388214111, -2444.36181641, -875.707092285, -789.638916016, 190.604949951, 92.2799072266, -125.812026978, -286.304656982, -203.019393921, -607.69934082, -496.284332275, -538.96673584], [-352.388214111, 302.258087158, 198.575973511, 63.910572052, 150.323181152, -15.3720293045, 63.7212905884, 26.7226810455, -4.67999410629, -109.863838196, -36.9279670715, 49.1127815247, 199.100189209], [-2444.36181641, 198.575973511, 1450.06481934, 527.331726074, 454.15524292, -74.3428039551, -50.7027015686, 89.3278427124, 127.513664246, 112.273345947, 344.558044434, 303.645812988, 294.281555176], [-875.707092285, 63.910572052, 527.331726074, 331.507904053, 232.070373535, -45.1308517456, -40.9105453491, 31.9277076721, 45.6181869507, 44.1584968567, 132.956436157, 106.133018494, 114.964523315], [-789.638916016, 150.323181152, 454.15524292, 232.070373535, 285.824584961, -10.918762207, -41.3803482056, 33.3875198364, 81.2849960327, 30.2113761902, 80.7401885986, 109.866218567, 192.114212036], [190.604949951, -15.3720293045, -74.3428039551, -45.1308517456, -10.918762207, 55.5285758972, 16.6155586243, -4.60486698151, 20.7877159119, 30.9997806549, -8.07388019562, -14.8770513535, -14.9074697495], [92.2799072266, 63.7212905884, -50.7027015686, -40.9105453491, -41.3803482056, 16.6155586243, 82.1804885864, 20.9781703949, -21.7166156769, -43.2712364197, -21.796836853, -8.52286911011, 9.57777881622], [-125.812026978, 26.7226810455, 89.3278427124, 31.9277076721, 33.3875198364, -4.60486698151, 20.9781703949, 66.1654434204, 22.822347641, -16.1201038361, 20.394903183, 45.1510505676, 51.5638275146], [-286.304656982, -4.67999410629, 127.513664246, 45.6181869507, 81.2849960327, 20.7877159119, -21.7166156769, 22.822347641, 105.730537415, 76.5427780151, 45.4051132202, 31.1626815796, 29.6254501343], [-203.019393921, -109.863838196, 112.273345947, 44.1584968567, 30.2113761902, 30.9997806549, -43.2712364197, -16.1201038361, 76.5427780151, 140.363296509, 80.5031051636, 5.61715555191, -59.64868927], [-607.69934082, -36.9279670715, 344.558044434, 132.956436157, 80.7401885986, -8.07388019562, -21.796836853, 20.394903183, 45.4051132202, 80.5031051636, 128.664535522, 74.4196929932, 17.554895401], [-496.284332275, 49.1127815247, 303.645812988, 106.133018494, 109.866218567, -14.8770513535, -8.52286911011, 45.1510505676, 31.1626815796, 5.61715555191, 74.4196929932, 108.889984131, 113.198982239], [-538.96673584, 199.100189209, 294.281555176, 114.964523315, 192.114212036, -14.9074697495, 9.57777881622, 51.5638275146, 29.6254501343, -59.64868927, 17.554895401, 113.198982239, 241.218719482]],
        "icov": [[0.00191300641745, -0.00283600320108, 0.00237528933212, -0.00226809317246, 0.00207490916364, -0.00612150644884, 0.00378090399317, -0.00387368095107, 0.0043178210035, -0.00346670625731, 0.00729643972591, -0.00600118422881, 0.00434308452532], [-0.00283600320108, 0.0362410135567, -0.00956244021654, 0.0112164048478, -0.0212080851197, 0.0172311551869, -0.0323548354208, 0.0179276745766, -0.0125373871997, 0.0208085570484, -0.00366410473362, 0.0256479494274, -0.0196054317057], [0.00237528933212, -0.00956244021654, 0.00944334641099, -0.003989208024, 0.00122428301256, -0.00546572124586, 0.00714436825365, -0.00442242901772, 0.00592347607017, -0.00457599991933, -0.0046283272095, -0.0129928039387, 0.00750444363803], [-0.00226809317246, 0.0112164048478, -0.003989208024, 0.0206814520061, -0.0230253878981, 0.0179902091622, -0.0134911285713, 0.00481096794829, -0.000976406096015, 0.00868955999613, -0.0185490064323, 0.0143086519092, -0.00345459766686], [0.00207490916364, -0.0212080851197, 0.00122428301256, -0.0230253878981, 0.0486599430442, -0.0241188257933, 0.0311793703586, -0.0094887772575, -0.00235539046116, -0.0139699755237, 0.0135763855651, -0.00661710603163, -0.00888116285205], [-0.00612150644884, 0.0172311551869, -0.00546572124586, 0.0179902091622, -0.0241188257933, 0.0654223710299, -0.0383631028235, 0.0166076458991, -0.0100171882659, -0.00842634122819, -0.0164342578501, 0.0166298802942, -0.0160422828048], [0.00378090399317, -0.0323548354208, 0.00714436825365, -0.0134911285713, 0.0311793703586, -0.0383631028235, 0.0587892457843, -0.0265538673848, 0.0110008521006, -0.00451938994229, -0.00157623074483, -0.00935139134526, 0.0110405618325], [-0.00387368095107, 0.0179276745766, -0.00442242901772, 0.00481096794829, -0.0094887772575, 0.0166076458991, -0.0265538673848, 0.0469099991024, -0.0272243879735, 0.0265738926828, -0.0173963103443, 0.000903202802874, -0.00998298823833], [0.0043178210035, -0.0125373871997, 0.00592347607017, -0.000976406096015, -0.00235539046116, -0.0100171882659, 0.0110008521006, -0.0272243879735, 0.044998049736, -0.0391038320959, 0.0255131926388, -0.0162163078785, 0.0104314107448], [-0.00346670625731, 0.0208085570484, -0.00457599991933, 0.00868955999613, -0.0139699755237, -0.00842634122819, -0.00451938994229, 0.0265738926828, -0.0391038320959, 0.0740105882287, -0.0528926998377, 0.0298385098577, -0.00542493630201], [0.00729643972591, -0.00366410473362, -0.0046283272095, -0.0185490064323, 0.0135763855651, -0.0164342578501, -0.00157623074483, -0.0173963103443, 0.0255131926388, -0.0528926998377, 0.120512530208, -0.0599652044475, 0.0289242621511], [-0.00600118422881, 0.0256479494274, -0.0129928039387, 0.0143086519092, -0.00661710603163, 0.0166298802942, -0.00935139134526, 0.000903202802874, -0.0162163078785, 0.0298385098577, -0.0599652044475, 0.0976727455854, -0.0511725731194], [0.00434308452532, -0.0196054317057, 0.00750444363803, -0.00345459766686, -0.00888116285205, -0.0160422828048, 0.0110405618325, -0.00998298823833, 0.0104314107448, -0.00542493630201, 0.0289242621511, -0.0511725731194, 0.0495870299637]]
    },
    "melbands": {
        "dmean": [0.000102336016425, 8.1194593804e-05, 2.13491894101e-05, 3.64676416211e-05, 4.65233006253e-06, 6.66872892907e-06, 3.34887431563e-06, 5.68146060687e-06, 0.000164156866958, 0.00022361484298, 0.000139475057949, 6.42667437205e-05, 1.00420277249e-06, 2.25972576118e-06, 2.49675340456e-05, 1.31137167045e-05, 2.19251134581e-07, 4.55801455246e-07, 2.60951583186e-06, 1.99775149667e-06, 8.64761844355e-08, 1.64669856417e-07, 2.13417450823e-07, 4.34104912017e-08, 3.0019734254e-07, 1.42341903597e-07, 2.85541812417e-08, 6.69550885846e-08, 5.82740327104e-08, 3.75817670317e-08, 3.3624051099e-08, 2.45818991829e-08, 2.35269439486e-08, 1.7172133937e-08, 1.05767972158e-08, 1.92518374575e-08, 3.03245535349e-08, 1.63312368073e-08, 1.2240156444e-08, 1.00594679253e-08],
        "dmean2": [0.000187211917364, 0.00014673518308, 4.00120406994e-05, 6.96463321219e-05, 8.5422916527e-06, 1.10112823677e-05, 5.27539759787e-06, 8.43367615744e-06, 0.000220132584218, 0.000286863913061, 0.000160850351676, 7.17989605619e-05, 1.75019044946e-06, 3.61293723472e-06, 2.96481903206e-05, 1.85600893019e-05, 3.29240293695e-07, 7.6572166563e-07, 3.98744123231e-06, 3.30617763211e-06, 1.43394217389e-07, 2.22664425564e-07, 3.46282945429e-07, 8.49567243222e-08, 4.65742658662e-07, 2.45664239173e-07, 4.42263754508e-08, 1.05954008234e-07, 9.64346114074e-08, 5.56938992702e-08, 4.46043060265e-08, 3.40920784936e-08, 3.71048152203e-08, 2.98820523881e-08, 1.63540452291e-08, 3.39749952616e-08, 5.35563025039e-08, 2.47122038388e-08, 2.06945731662e-08, 1.79577721582e-08],
        "dvar": [1.73547025639e-08, 6.70250832613e-09, 6.24491014456e-10, 3.62701535472e-09, 2.92961016557e-10, 3.22719573287e-10, 3.57387522354e-11, 3.65416003012e-10, 3.20105783658e-07, 5.80980270115e-07, 1.01892560167e-07, 2.23936851285e-08, 1.52761726879e-11, 1.65562327736e-10, 6.80463418945e-09, 2.21797114008e-09, 2.28100199319e-13, 1.98337461906e-12, 1.14507466009e-10, 7.89217996511e-11, 6.61458463957e-14, 3.04450637877e-13, 1.37713408385e-12, 8.17740921635e-14, 9.75818059169e-13, 1.78507124989e-13, 1.87715680944e-14, 8.76089565477e-14, 7.17775787266e-14, 1.51023823032e-14, 1.27343644798e-14, 7.34861475192e-15, 1.01545155748e-14, 7.99844318246e-15, 3.26340682281e-15, 1.29802530622e-14, 3.64310124223e-14, 7.24604245014e-15, 4.8974178696e-15, 3.80299666812e-15],
        "dvar2": [5.6472586607e-08, 2.19088320819e-08, 1.85307136302e-09, 1.30821282696e-08, 6.72772448862e-10, 8.19606160718e-10, 7.89149162683e-11, 7.9873951897e-10, 4.79252378227e-07, 7.01781800672e-07, 1.47346511881e-07, 2.97422602102e-08, 2.797843901e-11, 4.10442291265e-10, 8.34281888018e-09, 3.63764329769e-09, 5.02713051308e-13, 5.19990604395e-12, 2.65275135192e-10, 1.9950779917e-10, 1.57181559435e-13, 6.25109827183e-13, 2.44989467081e-12, 2.43749383741e-13, 2.17585758439e-12, 3.60589731902e-13, 3.99915831787e-14, 2.35186571823e-13, 1.86273427781e-13, 3.24149005706e-14, 1.86721484493e-14, 1.54368027692e-14, 2.488520288e-14, 1.64676503364e-14, 7.39317376715e-15, 3.63388823427e-14, 1.00632569226e-13, 1.70273747901e-14, 1.32989297268e-14, 1.05468273546e-14],
        "max": [0.000878666643985, 0.000467905105324, 0.000249449774856, 0.000382050056942, 0.000111463334179, 0.000158516311785, 5.85052075621e-05, 0.000163247066666, 0.00653888145462, 0.00903929024935, 0.00337349972688, 0.00158239738084, 3.43402462022e-05, 0.000119717304187, 0.00127327779774, 0.000638429773971, 3.40368774232e-06, 1.10811133709e-05, 0.000121623597806, 9.46470900089e-05, 2.2524400265e-06, 5.98814949626e-06, 1.12548432298e-05, 2.27556029131e-06, 9.26256598177e-06, 3.11440385303e-06, 1.32357342864e-06, 2.5857862056e-06, 2.38461529989e-06, 1.03587819922e-06, 1.17919159948e-06, 9.74813247012e-07, 1.09184827579e-06, 8.03007367267e-07, 5.56452789624e-07, 9.99015469461e-07, 1.69055260812e-06, 8.33582646464e-07, 6.25755205874e-07, 5.45361160675e-07],
        "mean": [0.00017501450202, 0.000126834100229, 3.24213215208e-05, 4.78988076793e-05, 5.7980632846e-06, 2.3373258955e-05, 1.54846438818e-05, 6.50666197544e-06, 0.000410994398408, 0.000558072933927, 0.000324481923599, 0.000156617388711, 1.5453792912e-06, 1.88503088339e-06, 7.62923591537e-05, 3.79003176931e-05, 4.00108945087e-07, 6.7440305429e-07, 4.2418787416e-06, 3.20097001349e-06, 1.11633376321e-07, 2.07188278978e-07, 2.53586193821e-07, 2.73898006498e-08, 4.16011260995e-07, 2.39929107693e-07, 3.11955332677e-08, 8.96270577755e-08, 6.18343136694e-08, 6.39775166178e-08, 7.3243839438e-08, 4.46800036968e-08, 4.20494714604e-08, 2.30933370204e-08, 1.59354627272e-08, 2.22273346395e-08, 2.4547800237e-08, 1.83650676888e-08, 1.14647953353e-08, 7.91553489421e-09],
        "median": [0.000105834871647, 9.28588269744e-05, 1.6121128283e-05, 1.24424559544e-05, 2.29990837397e-06, 1.95302764041e-05, 1.38570212584e-05, 3.31460398684e-07, 6.3847767251e-07, 2.30776635135e-07, 8.52133889566e-05, 4.52624772151e-05, 1.69805517203e-07, 8.92901894645e-08, 7.5782295994e-08, 5.86194524033e-08, 1.09232004775e-07, 1.36297231279e-07, 1.4487166311e-07, 1.01804594976e-07, 1.42317340135e-08, 1.96114768869e-08, 7.05386016264e-09, 4.59990401325e-09, 1.47805216955e-08, 1.41350415817e-08, 5.28501731267e-09, 7.16100512221e-09, 5.9926188456e-09, 4.0362744258e-09, 2.75020428653e-09, 2.72837485937e-09, 2.15928830372e-09, 2.0517807453e-09, 1.89973969889e-09, 1.74073921944e-09, 1.60922808412e-09, 1.55531953983e-09, 1.49115342296e-09, 1.42589351437e-09],
        "min": [2.13989281406e-07, 8.45345979883e-08, 8.64917168997e-08, 3.46243673732e-08, 4.84171636117e-08, 1.58969299946e-07, 1.28171109282e-07, 2.68772080148e-08, 6.77597356002e-09, 7.16956582991e-09, 3.65863006557e-09, 2.14328621517e-09, 4.13545242495e-09, 8.52801107509e-10, 7.62345520045e-10, 9.14916586936e-10, 1.11877151987e-09, 1.64644908818e-09, 1.31225841304e-09, 5.87165038812e-10, 6.99426003226e-11, 1.06282101175e-10, 2.94982149818e-10, 1.27851021436e-10, 9.0298150901e-11, 1.23494686699e-10, 1.91352961254e-10, 3.20631271533e-10, 1.07749857647e-10, 4.33201287342e-11, 4.10917515292e-11, 3.72790340264e-11, 3.08546660444e-11, 5.79406592149e-11, 2.38277609449e-11, 2.44602654104e-11, 4.06326257363e-11, 4.33828736823e-11, 5.10741206272e-11, 4.27701277173e-11],
        "var": [3.23472804098e-08, 1.08559738976e-08, 1.74741465742e-09, 5.33050981133e-09, 2.75606398814e-10, 3.31059513137e-10, 7.35374122707e-11, 5.21899468087e-10, 1.69256725258e-06, 3.17910962622e-06, 3.76111074729e-07, 8.55502690911e-08, 2.87678821737e-11, 1.3839487889e-10, 5.98581166855e-08, 1.49811167915e-08, 4.85352047181e-13, 2.01147063415e-12, 2.50030690596e-10, 1.44557296688e-10, 9.66033893504e-14, 4.34216735918e-13, 1.95723862464e-12, 4.23051859115e-14, 1.35514234383e-12, 3.67778371776e-13, 1.93300491038e-14, 7.44626460643e-14, 5.67976756935e-14, 2.90061282827e-14, 4.38836080918e-14, 1.49297654589e-14, 1.57655938543e-14, 8.96463926584e-15, 3.67677690052e-15, 9.12211370216e-15, 2.45933475136e-14, 7.19199243074e-15, 3.41256403086e-15, 2.50249023299e-15]
    },
    "mfcc": {
        "mean": [-875.141357422, 171.883407593, 30.9674224854, 8.37033367157, -3.72209072113, 8.68886375427, 9.05578708649, 9.07829856873, 17.274930954, 13.999830246, -8.02447032928, -15.2644958496, -3.57590317726],
        "cov": [[5750.51318359, -392.089202881, -1452.6895752, -1134.08422852, -1287.67810059, -85.9239273071, -269.593170166, -85.145866394, 25.9263095856, 259.483795166, 197.167877197, -116.000419617, -753.896057129], [-392.089202881, 317.336547852, 87.0444869995, 128.902877808, 180.882263184, 39.8636474609, 50.3608207703, 27.1650009155, 69.5359649658, 24.8586177826, -103.250740051, -152.225967407, 6.54155063629], [-1452.6895752, 87.0444869995, 498.372161865, 274.531799316, 303.818634033, 27.0895137787, 104.906585693, 20.9937477112, -52.7761116028, -72.4654769897, -7.79114675522, 78.3008575439, 215.02911377], [-1134.08422852, 128.902877808, 274.531799316, 376.78326416, 390.662078857, 23.4924316406, 62.454158783, 21.5614109039, 36.1377334595, -40.2068252563, -97.9654998779, -28.5477237701, 156.501541138], [-1287.67810059, 180.882263184, 303.818634033, 390.662078857, 513.002807617, 41.8402137756, 72.7999649048, 20.8198261261, 45.0603179932, -55.5546302795, -131.13343811, -54.9073829651, 207.051101685], [-85.9239273071, 39.8636474609, 27.0895137787, 23.4924316406, 41.8402137756, 71.3545227051, 16.1992492676, -24.0669536591, 2.20062184334, 20.3931541443, 6.55954647064, -3.96295714378, 13.474527359], [-269.593170166, 50.3608207703, 104.906585693, 62.454158783, 72.7999649048, 16.1992492676, 61.4036102295, 13.9244527817, -9.18111991882, -8.47124481201, -18.7500953674, -15.2380332947, 31.2440490723], [-85.145866394, 27.1650009155, 20.9937477112, 21.5614109039, 20.8198261261, -24.0669536591, 13.9244527817, 53.0969429016, 23.7944355011, -13.4906578064, -20.8464488983, -2.197504282, 18.9580936432], [25.9263095856, 69.5359649658, -52.7761116028, 36.1377334595, 45.0603179932, 2.20062184334, -9.18111991882, 23.7944355011, 69.3430175781, 21.123664856, -41.4108200073, -43.4484786987, -3.87942862511], [259.483795166, 24.8586177826, -72.4654769897, -40.2068252563, -55.5546302795, 20.3931541443, -8.47124481201, -13.4906578064, 21.123664856, 71.2158355713, 25.7919044495, -31.3837013245, -60.4547042847], [197.167877197, -103.250740051, -7.79114675522, -97.9654998779, -131.13343811, 6.55954647064, -18.7500953674, -20.8464488983, -41.4108200073, 25.7919044495, 123.232536316, 104.902359009, -7.41525173187], [-116.000419617, -152.225967407, 78.3008575439, -28.5477237701, -54.9073829651, -3.96295714378, -15.2380332947, -2.197504282, -43.4484786987, -31.3837013245, 104.902359009, 198.295440674, 92.6234512329], [-753.896057129, 6.54155063629, 215.02911377, 156.501541138, 207.051101685, 13.474527359, 31.2440490723, 18.9580936432, -3.87942862511, -60.4547042847, -7.41525173187, 92.6234512329, 188.979888916]],
