{
"lowlevel": {
    "average_loudness": 0.985063970089,
    "barkbands_crest": {
        "dmean": 1.447245121,
        "dmean2": 2.16412758827,
        "dvar": 7.01870822906,
        "dvar2": 15.2135505676,
        "max": 26.8955821991,
        "mean": 17.6877326965,
        "median": 16.9207744598,
        "min": 5.95750522614,
        "var": 14.2615213394
    },
    "barkbands_flatness_db": {
        "dmean": 0.0317657329142,
        "dmean2": 0.041635081172,
        "dvar": 0.00202417909168,
        "dvar2": 0.00407542893663,
        "max": 0.567605674267,
        "mean": 0.400019526482,
        "median": 0.447018802166,
        "min": 0.14111712575,
        "var": 0.0110399462283
    },
    "barkbands_kurtosis": {
        "dmean": 32.3903541565,
        "dmean2": 49.7572059631,
        "dvar": 15077.5244141,
        "dvar2": 37119.9570312,
        "max": 1084.88830566,
        "mean": 45.149356842,
        "median": 18.6917324066,
        "min": -0.212339878082,
        "var": 14557.6064453
    },
    "barkbands_skewness": {
        "dmean": 1.29864549637,
        "dmean2": 2.11976504326,
        "dvar": 6.82828712463,
        "dvar2": 16.934513092,
        "max": 29.130241394,
        "mean": 1.45417690277,
        "median": 0.779267311096,
        "min": -4.38797855377,
        "var": 12.6751756668
    },
    "barkbands_spread": {
        "dmean": 0.790318667889,
        "dmean2": 1.12809967995,
        "dvar": 3.19754433632,
        "dvar2": 8.61955833435,
        "max": 14.1915397644,
        "mean": 2.14643716812,
        "median": 0.817956805229,
        "min": 0.0916088148952,
        "var": 7.40757703781
    },
    "dissonance": {
        "dmean": 0.0754915028811,
        "dmean2": 0.124863378704,
        "dvar": 0.00302167027257,
        "dvar2": 0.00962220877409,
        "max": 0.498760849237,
        "mean": 0.257535129786,
        "median": 0.266467005014,
        "min": 0.0644528567791,
        "var": 0.011506671086
    },
    "dynamic_complexity": 2.09332060814,
    "erbbands_crest": {
        "dmean": 1.71182739735,
        "dmean2": 2.55001020432,
        "dvar": 10.0436286926,
        "dvar2": 25.0246505737,
        "max": 31.4759426117,
        "mean": 21.8401947021,
        "median": 24.2881793976,
        "min": 7.20875501633,
        "var": 24.7082576752
    },
    "erbbands_flatness_db": {
        "dmean": 0.0288957301527,
        "dmean2": 0.0363287739456,
        "dvar": 0.00198178458959,
        "dvar2": 0.00424675876275,
        "max": 0.571070611477,
        "mean": 0.433721065521,
        "median": 0.478393465281,
        "min": 0.144567295909,
        "var": 0.0100564109161
    },
    "erbbands_kurtosis": {
        "dmean": 7.16858816147,
        "dmean2": 9.40865135193,
        "dvar": 192.244552612,
        "dvar2": 338.362426758,
        "max": 159.141708374,
        "mean": 25.123210907,
        "median": 13.3888225555,
        "min": -1.18244886398,
        "var": 717.598388672
    },
    "erbbands_skewness": {
        "dmean": 0.557506501675,
        "dmean2": 0.765187501907,
        "dvar": 0.776492118835,
        "dvar2": 1.22642147541,
        "max": 8.5692691803,
        "mean": 2.4482126236,
        "median": 2.69062590599,
        "min": -2.26000499725,
        "var": 3.40106892586
    },
    "erbbands_spread": {
        "dmean": 1.42249405384,
        "dmean2": 1.96635878086,
        "dvar": 11.4467563629,
        "dvar2": 30.0848484039,
        "max": 33.4030342102,
        "mean": 3.96770310402,
        "median": 1.64990520477,
        "min": 0.295728623867,
        "var": 27.0362319946
    },
    "hfc": {
        "dmean": 3.05722689629,
        "dmean2": 3.68930315971,
        "dvar": 21.6598472595,
        "dvar2": 40.7568702698,
        "max": 52.6730384827,
        "mean": 16.4772319794,
        "median": 14.0335674286,
        "min": 0.402120471001,
        "var": 111.951789856
    },
    "melbands_crest": {
        "dmean": 1.6020179987,
        "dmean2": 2.20623111725,
        "dvar": 6.85224294662,
        "dvar2": 14.3698692322,
        "max": 31.9338531494,
        "mean": 24.3459072113,
        "median": 27.3835697174,
        "min": 9.01146316528,
        "var": 52.1192359924
    },
    "melbands_flatness_db": {
        "dmean": 0.0293422676623,
        "dmean2": 0.0374035872519,
        "dvar": 0.00189018726815,
        "dvar2": 0.00393945164979,
        "max": 0.65402251482,
        "mean": 0.480479121208,
        "median": 0.512346029282,
        "min": 0.23019990325,
        "var": 0.0131821902469
    },
    "melbands_kurtosis": {
        "dmean": 11.3890857697,
        "dmean2": 14.4041061401,
        "dvar": 451.715606689,
        "dvar2": 420.40045166,
        "max": 244.828582764,
        "mean": 37.4433441162,
        "median": 24.9798088074,
        "min": -0.788761138916,
        "var": 1779.81689453
    },
    "melbands_skewness": {
        "dmean": 1.29645991325,
        "dmean2": 2.05770945549,
        "dvar": 2.0662586689,
        "dvar2": 4.47958183289,
        "max": 10.6156282425,
        "mean": 1.10837781429,
        "median": 0.93156427145,
        "min": -4.98805427551,
        "var": 7.09622144699
    },
    "melbands_spread": {
        "dmean": 0.933046281338,
        "dmean2": 1.23966681957,
        "dvar": 2.64510321617,
        "dvar2": 6.06807470322,
        "max": 16.0641441345,
        "mean": 3.40588378906,
        "median": 1.59340190887,
        "min": 0.226814523339,
        "var": 15.5394458771
    },
    "pitch_salience": {
        "dmean": 0.0610841736197,
        "dmean2": 0.0819136723876,
        "dvar": 0.0126392068341,
        "dvar2": 0.0250962432474,
        "max": 0.840688288212,
        "mean": 0.278923928738,
        "median": 0.256741374731,
        "min": 0.0383208021522,
        "var": 0.0403736717999
    },
    "silence_rate_20dB": {
        "dmean": 0,
        "dmean2": 0,
        "dvar": 0,
        "dvar2": 0,
        "max": 1,
        "mean": 1,
        "median": 1,
        "min": 1,
        "var": 0
    },
    "silence_rate_30dB": {
        "dmean": 0,
        "dmean2": 0,
        "dvar": 0,
        "dvar2": 0,
        "max": 1,
        "mean": 1,
        "median": 1,
        "min": 1,
        "var": 0
    },
    "silence_rate_60dB": {
        "dmean": 0.0333333350718,
        "dmean2": 0.0672268941998,
        "dvar": 0.0322222188115,
        "dvar2": 0.0795141682029,
        "max": 1,
        "mean": 0.0661156997085,
        "median": 0,
        "min": 0,
        "var": 0.0617444105446
    },
    "spectral_centroid": {
        "dmean": 23.667974472,
        "dmean2": 30.6380119324,
        "dvar": 1969.4251709,
        "dvar2": 3216.79663086,
        "max": 1081.57702637,
        "mean": 702.708007812,
        "median": 634.064147949,
        "min": 447.155151367,
        "var": 19438.8242188
    },
    "spectral_complexity": {
        "dmean": 0.791666686535,
        "dmean2": 1.17647063732,
        "dvar": 1.78159832954,
        "dvar2": 2.95204782486,
        "max": 14,
        "mean": 3.89256191254,
        "median": 3,
        "min": 1,
        "var": 7.15374612808
    },
    "spectral_decrease": {
        "dmean": 1.1410299372e-09,
        "dmean2": 1.33444910677e-09,
        "dvar": 2.48302145698e-18,
        "dvar2": 4.42601308797e-18,
        "max": -1.98372249183e-10,
        "mean": -6.11465544864e-09,
        "median": -5.29124344339e-09,
        "min": -1.67264762041e-08,
        "var": 1.6668701812e-17
    },
    "spectral_energy": {
        "dmean": 0.00458358880132,
        "dmean2": 0.00537114031613,
        "dvar": 4.03751801059e-05,
        "dvar2": 7.22120239516e-05,
        "max": 0.0668941512704,
        "mean": 0.0245725456625,
        "median": 0.0211602840573,
        "min": 0.000785176409408,
        "var": 0.000266893475782
    },
    "spectral_energyband_high": {
        "dmean": 1.68653441506e-05,
        "dmean2": 2.83159006358e-05,
        "dvar": 4.25030233231e-09,
        "dvar2": 1.12907017069e-08,
        "max": 0.000489592144731,
        "mean": 1.62422747962e-05,
        "median": 1.29844761432e-06,
        "min": 1.29913757974e-07,
        "var": 3.28664762073e-09
    },
    "spectral_energyband_low": {
        "dmean": 5.20474604855e-05,
        "dmean2": 8.18486514618e-05,
        "dvar": 2.48360425559e-08,
        "dvar2": 5.51673160487e-08,
        "max": 0.0014518435346,
        "mean": 5.72951394133e-05,
        "median": 1.83449592441e-05,
        "min": 7.06704042841e-07,
        "var": 2.79006862058e-08
    },
    "spectral_energyband_middle_high": {
        "dmean": 0.0016514561139,
        "dmean2": 0.00247158599086,
        "dvar": 2.74954418273e-05,
        "dvar2": 5.10835634486e-05,
        "max": 0.0636430978775,
        "mean": 0.00445511424914,
        "median": 0.000895512872376,
        "min": 9.04228818399e-06,
        "var": 8.22765287012e-05
    },
    "spectral_energyband_middle_low": {
        "dmean": 0.0035513297189,
        "dmean2": 0.0037506618537,
        "dvar": 2.2201153115e-05,
        "dvar2": 3.08103517455e-05,
        "max": 0.0663879141212,
        "mean": 0.0203938540071,
        "median": 0.0174519494176,
        "min": 0.000696323812008,
        "var": 0.000292453099973
    },
    "spectral_entropy": {
        "dmean": 0.290890604258,
        "dmean2": 0.383394449949,
        "dvar": 0.189610168338,
        "dvar2": 0.430453956127,
        "max": 7.24707126617,
        "mean": 4.65017843246,
        "median": 4.55596780777,
        "min": 3.1011941433,
        "var": 1.00996959209
    },
    "spectral_flux": {
        "dmean": 0.0163815245032,
        "dmean2": 0.0259557999671,
        "dvar": 0.000637924589682,
        "dvar2": 0.00140990759246,
        "max": 0.163448736072,
        "mean": 0.0305182021111,
        "median": 0.0181257333606,
        "min": 0.00303981476463,
        "var": 0.00108402152546
    },
    "spectral_kurtosis": {
        "dmean": 13.197681427,
        "dmean2": 21.40467453,
        "dvar": 178.059082031,
        "dvar2": 377.872436523,
        "max": 154.314315796,
        "mean": 59.1641082764,
        "median": 54.9676780701,
        "min": 3.49888086319,
        "var": 1166.20288086
    },
    "spectral_rms": {
        "dmean": 0.000501846137922,
        "dmean2": 0.00057579629356,
        "dvar": 4.26420285748e-07,
        "dvar2": 6.93078561653e-07,
        "max": 0.0080785267055,
        "mean": 0.00459615187719,
        "median": 0.0045435866341,
        "min": 0.000875228957739,
        "var": 2.84860129796e-06
    },
    "spectral_rolloff": {
        "dmean": 43.6047363281,
        "dmean2": 75.6376342773,
        "dvar": 19362.15625,
        "dvar2": 43070.3945312,
        "max": 1937.98828125,
        "mean": 746.899658203,
        "median": 624.462890625,
        "min": 473.73046875,
        "var": 47517.765625
    },
    "spectral_skewness": {
        "dmean": 0.813173890114,
        "dmean2": 1.3533411026,
        "dvar": 0.591297924519,
        "dvar2": 1.35512089729,
        "max": 10.355345726,
        "mean": 6.12990903854,
        "median": 6.19394302368,
        "min": 2.02398324013,
        "var": 4.23254871368
    },
    "spectral_spread": {
        "dmean": 640238.75,
        "dmean2": 1051455.25,
        "dvar": 777435283456,
        "dvar2": 1.86855836877e+12,
        "max": 9183318,
        "mean": 2124027.25,
        "median": 1869969.625,
        "min": 786994.5,
        "var": 1.24684992512e+12
    },
    "spectral_strongpeak": {
        "dmean": 0.525311172009,
        "dmean2": 0.64607656002,
        "dvar": 0.67718321085,
        "dvar2": 1.63102900982,
        "max": 7.68536758423,
        "mean": 3.51110839844,
        "median": 3.60975790024,
        "min": 0.0622043758631,
        "var": 2.44944429398
    },
    "zerocrossingrate": {
        "dmean": 0.00147705082782,
        "dmean2": 0.00196953793056,
        "dvar": 1.07108016891e-05,
        "dvar2": 1.12434709081e-05,
        "max": 0.05517578125,
        "mean": 0.0325695686042,
        "median": 0.0283203125,
        "min": 0.00537109375,
        "var": 7.12049659342e-05
    },
    "barkbands": {
        "dmean": [9.14957865916e-07, 2.11073656828e-05, 1.89528418559e-05, 7.29894891265e-05, 0.000236270221649, 0.000314251432428, 0.000528251403011, 0.000894982193131, 0.00216843676753, 0.00122319418006, 0.000403643527534, 7.41057738196e-05, 5.60050939384e-05, 6.70622375765e-06, 4.26081096521e-05, 1.35543984925e-06, 4.29920191891e-06, 7.9886410731e-07, 8.29321209039e-07, 4.11155770053e-06, 1.7961120875e-06, 4.64024395797e-07, 1.20666686598e-06, 1.93882169697e-06, 6.64016351948e-06, 4.36171785623e-06, 8.05524564385e-07],
        "dmean2": [1.60483966738e-06, 3.51775779563e-05, 2.97807873721e-05, 0.000121953853522, 0.000379257864552, 0.000452990614576, 0.000561280874535, 0.000779505178798, 0.00227433955297, 0.00199673394673, 0.000467490492156, 6.9260247983e-05, 8.39115309645e-05, 9.73577243712e-06, 4.95170752401e-05, 2.58694944932e-06, 5.78283425057e-06, 1.22523545087e-06, 1.36772473525e-06, 5.02913553646e-06, 2.47698585554e-06, 7.48710078824e-07, 1.89375737136e-06, 3.54857502316e-06, 1.11664176075e-05, 7.64631931816e-06, 1.49161701302e-06],
        "dvar": [1.97893351012e-12, 1.28523203191e-09, 5.22986320917e-09, 4.85284878948e-08, 4.57736291537e-07, 1.48395554334e-06, 4.92400886287e-06, 3.46949627783e-06, 1.02842359411e-05, 2.71887802228e-05, 1.23333495594e-06, 3.75512279049e-08, 2.50459013529e-08, 2.23993698589e-10, 1.1870005423e-08, 2.13510441965e-11, 4.30946875407e-11, 3.459050971e-12, 5.49680917103e-12, 1.66489946829e-10, 3.26295102049e-11, 2.21637335221e-12, 1.45384945402e-11, 7.81236186853e-11, 1.06024067303e-09, 3.31794619557e-10, 1.3592874222e-11],
        "dvar2": [3.97626636478e-12, 3.19643800317e-09, 1.07922257797e-08, 1.18177474917e-07, 1.02875014818e-06, 3.04347622659e-06, 6.63007267576e-06, 2.84990392174e-06, 1.85648896149e-05, 5.05133866682e-05, 1.9731987777e-06, 4.77943729038e-08, 4.21847303755e-08, 5.09985442765e-10, 2.04847907526e-08, 6.23926188492e-11, 8.24009679934e-11, 7.7665937917e-12, 1.33313594539e-11, 2.19667589674e-10, 6.32102079012e-11, 5.82175670519e-12, 3.28172662656e-11, 2.21837076486e-10, 2.82168155508e-09, 9.44083811127e-10, 3.90361111491e-11],
        "max": [9.72157431534e-06, 0.000335379823809, 0.000663772400003, 0.00151440140326, 0.00471800379455, 0.0123070254922, 0.0226635746658, 0.0255930162966, 0.0404155813158, 0.0636426955462, 0.0177867617458, 0.00242012529634, 0.00197191536427, 0.00013985732221, 0.00111316936091, 3.37733654305e-05, 7.64510477893e-05, 1.3233800928e-05, 2.22863982344e-05, 0.000170683590113, 6.14128948655e-05, 1.20367531053e-05, 2.4229659175e-05, 6.63662212901e-05, 0.000281428103335, 0.000122239842312, 2.57651445281e-05],
        "mean": [1.0167052551e-06, 2.27592354349e-05, 1.96217170014e-05, 6.74836119288e-05, 0.000246450625127, 0.000312402786221, 0.00157509592827, 0.00586963864043, 0.0119306389242, 0.0021359405946, 0.00188611191697, 0.000199228757992, 0.000147117243614, 1.56867426995e-05, 0.000105088991404, 1.13983048777e-06, 1.08482008727e-05, 1.29019940687e-06, 1.5168467371e-06, 8.47403862281e-06, 2.53320513366e-06, 5.96126255914e-07, 1.5607649857e-06, 1.38331188282e-06, 4.98064991916e-06, 3.19095829582e-06, 7.28747011181e-07],
        "median": [4.63845367449e-07, 1.13475307444e-05, 3.01063369079e-06, 3.00275996779e-06, 8.432120012e-06, 4.5268689064e-06, 3.71856822312e-06, 0.00145379966125, 0.0109578054398, 2.73591431323e-05, 1.43611050589e-05, 5.10542740813e-05, 2.41033740167e-05, 7.33198476155e-07, 5.87761314819e-06, 2.14066417925e-07, 2.38049142354e-06, 1.52638250484e-07, 1.72771038365e-07, 2.36609622561e-07, 1.64024214655e-07, 9.90253425925e-08, 1.01835119892e-07, 1.10257225572e-07, 1.26513157284e-07, 1.56766404302e-07, 3.57147030172e-07],
        "min": [2.71384825723e-09, 2.75149659501e-07, 4.21015329266e-08, 3.71465986859e-08, 1.13953319669e-06, 3.94668063564e-07, 1.19926582443e-07, 2.64047480414e-06, 3.99403518259e-07, 2.51906925541e-07, 6.70515092338e-08, 1.90422511537e-07, 9.22005597204e-07, 7.64823866461e-08, 8.06322972835e-08, 2.40506086158e-08, 2.89682073884e-08, 1.44921550316e-08, 7.41729122566e-09, 3.51755318206e-08, 1.4994927966e-08, 1.28469155314e-08, 1.40778686486e-08, 1.10648317175e-08, 1.14881624214e-08, 1.22737660035e-08, 1.79162285008e-08],
        "var": [2.59772130022e-12, 1.53253165713e-09, 6.37707975315e-09, 4.78098911572e-08, 5.45121565665e-07, 1.94696440303e-06, 1.76598277903e-05, 5.43422465853e-05, 0.000133245644975, 6.88436921337e-05, 2.0321298507e-05, 1.50385275788e-07, 1.05434764919e-07, 1.1930781918e-09, 4.55493172069e-08, 1.3065558184e-11, 2.77319722741e-10, 6.28824553192e-12, 1.28250214268e-11, 4.9700754623e-10, 4.95606507223e-11, 2.17099667237e-12, 2.13568659285e-11, 4.82702801341e-11, 7.76401498648e-10, 2.05949687859e-10, 7.72603335475e-12]
    },
    "erbbands": {
        "dmean": [0.000521262350958, 0.00526743521914, 0.0180318579078, 0.126849457622, 0.738587677479, 0.543813467026, 2.2790043354, 1.91668379307, 3.38019609451, 8.5365562439, 46.3325881958, 40.0652236938, 33.0863990784, 19.2696456909, 10.5124902725, 3.19422245026, 2.7897913456, 0.700866937637, 0.477074831724, 2.37758994102, 0.173192024231, 0.246847957373, 0.0500931851566, 0.0338657684624, 0.0717521756887, 0.241780415177, 0.0367528013885, 0.0886954292655, 0.0190190989524, 0.0247545130551, 0.0326760783792, 0.0214263238013, 0.046036798507, 0.0431769937277, 0.0584281459451, 0.0193998813629, 0.0103471530601, 0.00129206175916, 0.000127920022351, 1.12637626444e-05],
        "dmean2": [0.000935991411097, 0.00846340600401, 0.0294139645994, 0.209168612957, 1.26014232635, 0.883343994617, 3.80759191513, 2.96466374397, 4.18067741394, 10.6946182251, 41.8021011353, 43.3452987671, 53.8703269958, 29.3978977203, 11.8688936234, 3.22253727913, 3.68730974197, 0.948752701283, 0.585389137268, 2.69573187828, 0.209322154522, 0.330032676458, 0.0736107081175, 0.0553963966668, 0.095577776432, 0.287329882383, 0.0456129349768, 0.125183135271, 0.0282044094056, 0.0424289889634, 0.0513821691275, 0.0355606786907, 0.0858820527792, 0.0732165575027, 0.0971205234528, 0.0337984152138, 0.0184980165213, 0.00240599107929, 0.000239230925217, 1.85465851246e-05],
        "dvar": [6.05904403983e-07, 8.95255143405e-05, 0.00382684636861, 0.168696224689, 5.60072994232, 2.41522264481, 92.4830474854, 56.2052764893, 277.303131104, 871.225952148, 7205.07763672, 4060.29980469, 19682.0800781, 3070.12011719, 791.085388184, 54.554977417, 51.2963447571, 2.29048585892, 1.18474602699, 43.0805206299, 0.17113687098, 0.155031874776, 0.011965945363, 0.0100482208654, 0.0230460036546, 0.599284827709, 0.00678046187386, 0.0936756059527, 0.00277401856147, 0.00694268383086, 0.0113891484216, 0.00571330543607, 0.0482481382787, 0.0396735668182, 0.0883995592594, 0.00665237335488, 0.00203095772304, 3.74967239622e-05, 3.50605148469e-07, 1.10561493294e-09],
        "dvar2": [1.60967272222e-06, 0.000207863195101, 0.00894515123218, 0.409175723791, 11.9600601196, 5.29098796844, 237.133209229, 103.875289917, 383.474761963, 1379.80041504, 7947.45849609, 7483.82568359, 36226.6171875, 5980.25537109, 1273.62524414, 73.5807723999, 78.9694671631, 5.62340593338, 1.73659968376, 75.5303573608, 0.30886977911, 0.283115416765, 0.0262506920844, 0.0251223389059, 0.037240087986, 0.790302217007, 0.0105955582112, 0.182827398181, 0.00701672723517, 0.0151920896024, 0.025389496237, 0.0144418980926, 0.138592779636, 0.106122486293, 0.228620737791, 0.0179469175637, 0.00580849405378, 0.000109435750346, 1.01421323961e-06, 3.20595883174e-09],
        "max": [0.0067332200706, 0.0905050560832, 0.572250902653, 3.1555147171, 20.9211006165, 10.5200452805, 80.9614868164, 71.488319397, 171.425674438, 294.397521973, 1219.10827637, 740.047546387, 1748.61022949, 637.010620117, 449.20135498, 91.629486084, 89.1096878052, 18.5919837952, 12.4657907486, 73.7624359131, 4.93591308594, 4.65534543991, 0.723630070686, 1.02621686459, 1.69849991798, 10.1886777878, 0.917396843433, 3.23494315147, 0.383383452892, 0.795582532883, 0.747616231441, 0.592873752117, 1.56203222275, 1.668440938, 2.61058759689, 0.599444627762, 0.317459464073, 0.0433366447687, 0.00424503860995, 0.000261120439973],
        "mean": [0.000612850068137, 0.00543431332335, 0.0193285234272, 0.119362942874, 0.829181492329, 0.550170063972, 1.8130235672, 2.45235037804, 10.1152534485, 30.8500499725, 300.151275635, 201.102432251, 66.2112426758, 51.0794906616, 48.3425674438, 9.55966854095, 8.374792099, 2.0198700428, 1.11330664158, 6.08188295364, 0.477773696184, 0.651174485683, 0.100805915892, 0.0730712860823, 0.133808165789, 0.507071077824, 0.0917305275798, 0.0996871218085, 0.0252167824656, 0.0400806218386, 0.0361255817115, 0.021939529106, 0.0303717590868, 0.0349808037281, 0.0435707345605, 0.0144022461027, 0.00765236094594, 0.00093063316308, 0.000118684380141, 3.71031637769e-05],
        "median": [0.000403924583225, 0.00230618729256, 0.00442537805066, 0.007137585897, 0.0189909618348, 0.026465382427, 0.0561198927462, 0.0553596541286, 0.424623996019, 12.3032369614, 120.760826111, 169.503814697, 7.59890985489, 4.25860261917, 1.28086018562, 5.20409297943, 2.95782661438, 0.329056680202, 0.200544342399, 0.206672310829, 0.0597257614136, 0.159837156534, 0.0199289433658, 0.0108019188046, 0.0103888371959, 0.0107291582972, 0.0103355236351, 0.00513266585767, 0.00373180327006, 0.00329084182158, 0.00275340187363, 0.00231062760577, 0.00185765430797, 0.00123612268362, 0.000959905795753, 0.000596492667682, 0.000302874919726, 0.000143230761751, 6.06936628174e-05, 3.26315894199e-05],
        "min": [5.4239135352e-06, 6.001480142e-05, 0.000205805437872, 0.0001727292547, 0.000888708920684, 0.00340117933229, 0.00366775831208, 0.00762101495638, 0.0195101145655, 0.0798331797123, 0.621048510075, 0.0528622642159, 0.107237115502, 0.0627093538642, 0.0199852101505, 0.127727240324, 0.0768806785345, 0.0148408906534, 0.00818862300366, 0.00454507069662, 0.00157266261522, 0.00219667004421, 0.00194225134328, 0.00164905516431, 0.00180885917507, 0.00122663495131, 0.000828617368825, 0.000503201445099, 0.000538964057341, 0.000399217242375, 0.000328309542965, 0.000236690844758, 0.000211038975976, 0.00014530547196, 9.43634149735e-05, 6.2174811319e-05, 2.91566066153e-05, 8.24401104182e-06, 1.16248993436e-05, 5.37209280083e-06],
        "var": [6.50259721624e-07, 0.000117387062346, 0.0044317683205, 0.158862486482, 7.67879629135, 2.60176277161, 75.6131591797, 96.3045349121, 968.338500977, 2748.23901367, 120619.851562, 37270.4414062, 51743.4140625, 10241.6933594, 13066.4521484, 189.740905762, 218.071487427, 16.9672737122, 4.92049598694, 169.341796875, 0.770769357681, 1.04219818115, 0.0262710992247, 0.0262983292341, 0.0658948719501, 1.8060785532, 0.0306457448751, 0.128053978086, 0.00345833506435, 0.015761628747, 0.0125441374257, 0.00498838955536, 0.0287089198828, 0.0309760216624, 0.067086905241, 0.00462056184188, 0.00125257472973, 2.07253087865e-05, 1.96273688857e-07, 8.8116303143e-10]
    },
    "gfcc": {
        "mean": [-184.573852539, 116.845573425, -119.681869507, -69.7133865356, -72.3055267334, 0.266022354364, -2.33376836777, 18.5118713379, -3.79427719116, 3.54028058052, -16.5229740143, -16.8470859528, -15.5237121582],
        "cov": [[3939.83129883, -673.811096191, -424.861236572, 1051.3104248, 162.248718262, -14.7130174637, -897.779846191, -429.274291992, -785.480651855, -0.264910370111, -236.252822876, 473.213684082, 588.771606445], [-673.811096191, 670.218994141, 118.976928711, -239.916320801, 39.0174102783, -164.093215942, 13.1960296631, -16.3698215485, 178.380874634, -40.7177276611, 69.688911438, -140.789642334, -160.139587402], [-424.861236572, 118.976928711, 1333.10522461, 114.330238342, -287.202697754, -78.3314361572, 30.8686580658, 136.473724365, 91.0150299072, 38.7488975525, -28.9516792297, -188.259063721, -385.336242676], [1051.3104248, -239.916320801, 114.330238342, 656.557006836, 133.16053772, -36.1145629883, -371.959899902, -130.944412231, -216.765960693, 95.663482666, -13.180267334, 197.389541626, 241.419677734], [162.248718262, 39.0174102783, -287.202697754, 133.16053772, 267.093414307, 0.339311748743, -140.649612427, -75.2358703613, -12.3405704498, 64.5802078247, 64.1872634888, 141.630172729, 157.474090576], [-14.7130174637, -164.093215942, -78.3314361572, -36.1145629883, 0.339311748743, 172.633209229, 130.609954834, 10.7209939957, -61.5770301819, -28.8002243042, -66.1296005249, -25.4976215363, -4.66228961945], [-897.779846191, 13.1960296631, 30.8686580658, -371.959899902, -140.649612427, 130.609954834, 541.552612305, 176.65234375, 116.095046997, -76.6054916382, -32.9218902588, -199.078521729, -210.737442017], [-429.274291992, -16.3698215485, 136.473724365, -130.944412231, -75.2358703613, 10.7209939957, 176.65234375, 165.853805542, 153.598526001, 32.7597312927, 25.4443912506, -60.9137420654, -100.635597229], [-785.480651855, 178.380874634, 91.0150299072, -216.765960693, -12.3405704498, -61.5770301819, 116.095046997, 153.598526001, 312.460662842, 96.1780700684, 126.670852661, -51.8683738708, -112.635246277], [-0.264910370111, -40.7177276611, 38.7488975525, 95.663482666, 64.5802078247, -28.8002243042, -76.6054916382, 32.7597312927, 96.1780700684, 145.871780396, 97.8667373657, 88.1476821899, 48.2284660339], [-236.252822876, 69.688911438, -28.9516792297, -13.180267334, 64.1872634888, -66.1296005249, -32.9218902588, 25.4443912506, 126.670852661, 97.8667373657, 163.585540771, 83.2254104614, 14.4409732819], [473.213684082, -140.789642334, -188.259063721, 197.389541626, 141.630172729, -25.4976215363, -199.078521729, -60.9137420654, -51.8683738708, 88.1476821899, 83.2254104614, 222.962738037, 181.358978271], [588.771606445, -160.139587402, -385.336242676, 241.419677734, 157.474090576, -4.66228961945, -210.737442017, -100.635597229, -112.635246277, 48.2284660339, 14.4409732819, 181.358978271, 279.960083008]],
        "icov": [[0.00155137304682, -0.000456049485365, 0.00140657112934, -0.00120900454931, 0.00158983503934, 0.000405703001888, 0.00173338549212, -0.0019068204565, 0.0035767282825, -0.00231360178441, 0.00239442079328, -0.00240819971077, 0.00246103387326], [-0.000456049485365, 0.00603816192597, -0.00125327636488, 0.00165668886621, -0.00502965506166, 0.00493825552985, -0.000765328586567, 0.00520590227097, -0.00394737906754, 0.00324478582479, -0.00185557012446, 0.00521803693846, 3.42929670296e-05], [0.00140657112934, -0.00125327636488, 0.00515054166317, -0.00430810963735, 0.00368491280824, 0.000319270911859, 0.00256674666889, -0.00349334091879, 0.00369243533351, -0.00430804444477, 0.00347931939177, -0.0034893816337, 0.010046876967], [-0.00120900454931, 0.00165668886621, -0.00430810963735, 0.008753512986, -0.00464584492147, 0.00132341880817, 0.000169633174664, -0.000464917568024, 0.00303209503181, -0.00158486620057, -0.00344302225858, 0.00554455956444, -0.00931332539767], [0.00158983503934, -0.00502965506166, 0.00368491280824, -0.00464584492147, 0.0139209106565, -0.00528425304219, 0.00142348487861, -0.000196376247914, 0.000784917443525, -0.00402172328904, 0.0039075827226, -0.00971497688442, 0.00304068997502], [0.000405703001888, 0.00493825552985, 0.000319270911859, 0.00132341880817, -0.00528425304219, 0.0162308886647, -0.00388929946348, 0.00349831045605, 0.00188336416613, -0.00384032912552, 0.00587552925572, 0.00125651492272, 0.00314447865821], [0.00173338549212, -0.000765328586567, 0.00256674666889, 0.000169633174664, 0.00142348487861, -0.00388929946348, 0.00998599547893, -0.0111633781344, 0.00869113299996, -0.0016275633825, -0.00252741575241, 0.00258539197966, 0.00417456682771], [-0.0019068204565, 0.00520590227097, -0.00349334091879, -0.000464917568024, -0.000196376247914, 0.00349831045605, -0.0111633781344, 0.0334413200617, -0.0238736774772, 0.00445388955995, 0.00615122821182, -0.00339295668527, -0.00212439731695], [0.0035767282825, -0.00394737906754, 0.00369243533351, 0.00303209503181, 0.000784917443525, 0.00188336416613, 0.00869113299996, -0.0238736774772, 0.0339654162526, -0.0172817949206, -0.00490267109126, 0.0043670097366, 0.00430410075933], [-0.00231360178441, 0.00324478582479, -0.00430804444477, -0.00158486620057, -0.00402172328904, -0.00384032912552, -0.0016275633825, 0.00445388955995, -0.0172817949206, 0.0296099297702, -0.010705370456, 0.000801448419224, -0.00728788413107], [0.00239442079328, -0.00185557012446, 0.00347931939177, -0.00344302225858, 0.0039075827226, 0.00587552925572, -0.00252741575241, 0.00615122821182, -0.00490267109126, -0.010705370456, 0.0289777908474, -0.018924176693, 0.0105056324974], [-0.00240819971077, 0.00521803693846, -0.0034893816337, 0.00554455956444, -0.00971497688442, 0.00125651492272, 0.00258539197966, -0.00339295668527, 0.0043670097366, 0.000801448419224, -0.018924176693, 0.0308199469, -0.012692947872], [0.00246103387326, 3.42929670296e-05, 0.010046876967, -0.00931332539767, 0.00304068997502, 0.00314447865821, 0.00417456682771, -0.00212439731695, 0.00430410075933, -0.00728788413107, 0.0105056324974, -0.012692947872, 0.0316640660167]]
    },
    "melbands": {
        "dmean": [5.48389789401e-06, 7.87505905464e-06, 4.03151134378e-05, 4.96887805639e-05, 6.5761138103e-05, 4.68325561087e-05, 7.41877083783e-05, 7.2705137427e-05, 0.000504069204908, 0.000209729420021, 0.000178098242031, 9.71379995462e-05, 5.23634626006e-05, 3.65010441783e-06, 1.27997345771e-05, 3.46533897755e-06, 1.05674121187e-06, 3.38681417134e-07, 3.60338572136e-06, 1.38191865062e-06, 9.66364268606e-08, 3.48375408521e-07, 4.43125856009e-08, 4.64839970959e-08, 2.64848623033e-08, 3.35084457959e-08, 1.35653579036e-07, 1.52651097096e-07, 1.77128036682e-08, 5.43654827823e-08, 4.01772517478e-08, 9.67916324868e-09, 9.44864186891e-09, 1.81181647463e-08, 2.26118910263e-08, 1.76381185213e-08, 1.03510560123e-08, 3.45948230063e-08, 2.4888576533e-08, 4.2989814375e-08],
        "dmean2": [9.26701250137e-06, 1.27755838548e-05, 6.88905129209e-05, 8.02469221526e-05, 0.000107604326331, 7.09634769009e-05, 8.04177252576e-05, 9.36564902076e-05, 0.000463296571979, 0.000229089346249, 0.000291432603262, 0.000151334403199, 5.77999780944e-05, 4.67524660053e-06, 1.41434175021e-05, 5.04695617565e-06, 1.45194292145e-06, 5.20773198787e-07, 4.24617019235e-06, 1.53955704718e-06, 1.4507516255e-07, 4.712732391e-07, 7.49031840996e-08, 6.84180676558e-08, 4.68093510619e-08, 5.35240047839e-08, 1.6715871709e-07, 1.85313723478e-07, 2.33611991973e-08, 7.36115310929e-08, 5.91300910457e-08, 1.52923966823e-08, 1.57019179881e-08, 3.0556709163e-08, 3.59561660446e-08, 2.76402598587e-08, 1.69626552804e-08, 6.52317524441e-08, 4.60501574651e-08, 7.26153430719e-08],
        "dvar": [8.27603194309e-11, 5.37502820031e-10, 1.54592729729e-08, 2.04762908851e-08, 7.14790502343e-08, 3.28903411173e-08, 1.18508260982e-07, 6.81479193076e-08, 7.62676052091e-07, 1.13135875779e-07, 5.83683572586e-07, 1.00381413404e-07, 2.11028456931e-08, 1.46117881683e-10, 8.06587741042e-10, 7.00868876824e-11, 6.19578650538e-12, 9.53651654173e-13, 8.02125518784e-11, 2.13389982767e-11, 4.31791951641e-14, 3.33488119932e-13, 1.25251702117e-14, 1.25460893844e-14, 8.29117607497e-15, 7.29353982266e-15, 1.81779260698e-13, 2.14843564488e-13, 1.12676462517e-15, 3.6837307022e-14, 1.7675283844e-14, 6.98470621026e-16, 1.27218927667e-15, 4.41961420735e-15, 6.86383238522e-15, 3.2402161195e-15, 1.19711748771e-15, 2.8406762687e-14, 1.34028157767e-14, 4.29172790242e-14],
        "dvar2": [2.16495973926e-10, 1.0663838701e-09, 3.41592460984e-08, 4.58606592701e-08, 1.79667367206e-07, 5.92305795521e-08, 1.52765622374e-07, 1.06837291014e-07, 9.26441714455e-07, 2.10222054875e-07, 1.07208029476e-06, 1.93133445237e-07, 3.25613882524e-08, 2.88717716401e-10, 1.15348131047e-09, 1.2404792471e-10, 1.49878234823e-11, 1.94311472294e-12, 1.27678562167e-10, 3.70246680537e-11, 1.07170260893e-13, 6.16198119006e-13, 3.18020214113e-14, 2.66862879993e-14, 2.10614267996e-14, 1.74904426202e-14, 2.43502538012e-13, 2.83463546689e-13, 1.41314032365e-15, 6.7151247399e-14, 3.6474221267e-14, 1.7798584736e-15, 3.23580201906e-15, 1.00173809406e-14, 1.71046157246e-14, 7.84067059054e-15, 2.99501765721e-15, 8.1901594339e-14, 3.87209592189e-14, 1.15019322192e-13],
        "max": [8.40849243104e-05, 0.000214131578105, 0.000876745674759, 0.0011687381193, 0.00225766096264, 0.00183834554628, 0.00358258537017, 0.00260497140698, 0.0125877615064, 0.00394379720092, 0.00944983679801, 0.00370578560978, 0.0023696301505, 0.000119826974696, 0.000305194291286, 0.000100503377325, 3.04244604195e-05, 1.00738598121e-05, 8.01030764706e-05, 5.47046911379e-05, 1.85158887689e-06, 6.81621349941e-06, 5.35634853804e-07, 1.03164074972e-06, 9.76817318588e-07, 7.60042098591e-07, 5.66907283428e-06, 5.8707532844e-06, 5.76956551868e-07, 2.04537082027e-06, 1.36505923365e-06, 1.62528408509e-07, 3.23283188663e-07, 6.69348082738e-07, 6.0757747633e-07, 4.60364702803e-07, 2.52396148426e-07, 1.22877986541e-06, 7.39760025681e-07, 1.80735685262e-06],
        "mean": [6.05891955274e-06, 9.00531722436e-06, 4.30033360317e-05, 5.35012513865e-05, 5.37005325896e-05, 5.40422443009e-05, 0.00021868784097, 0.000229154800763, 0.0031806093175, 0.00102875300217, 0.000318918755511, 0.00022885054932, 0.000248962314799, 8.27110943646e-06, 3.69468507415e-05, 9.3336284408e-06, 2.89489412353e-06, 4.5317671038e-07, 8.63867171574e-06, 3.69881490769e-06, 1.69171116227e-07, 9.13426674742e-07, 5.49409122641e-08, 8.28054709245e-08, 5.3003816447e-08, 5.43618163817e-08, 2.65411244982e-07, 3.12965823923e-07, 4.78001958015e-08, 6.36520027797e-08, 4.38870451092e-08, 1.33070354735e-08, 1.08009832189e-08, 2.94826918434e-08, 2.06394670244e-08, 1.87650783801e-08, 1.04828519198e-08, 2.18337756763e-08, 1.73774168388e-08, 3.50035023189e-08],
        "median": [3.34727428708e-06, 2.76143600786e-06, 1.47843559262e-06, 1.47706259668e-06, 1.56251826411e-06, 7.37916195703e-07, 8.51031700222e-07, 2.98622944683e-05, 0.00171531748492, 0.000856664031744, 2.27144528253e-06, 1.6526068066e-05, 1.6591950498e-06, 2.29169063459e-06, 1.11753697638e-05, 9.17440956982e-07, 7.85831844041e-08, 3.28383400472e-08, 5.12720987444e-07, 2.524931908e-08, 1.468857036e-08, 1.9646576277e-07, 1.5087733729e-08, 5.88600723717e-09, 8.18980439021e-09, 7.03717306649e-09, 7.5709820635e-09, 6.69485133997e-09, 6.43969455538e-09, 3.74792730184e-09, 2.53054821542e-09, 2.15807616222e-09, 1.69753400225e-09, 1.7564532051e-09, 1.61920965525e-09, 1.55242874111e-09, 1.28710486713e-09, 1.35934019596e-09, 1.05038144849e-09, 1.00025387972e-09],
        "min": [7.78734801088e-08, 1.57995486916e-07, 3.57236409343e-08, 1.20431110417e-07, 9.66324193996e-08, 9.40003417327e-08, 3.64473962122e-08, 1.77286580083e-07, 9.2676617669e-07, 4.30586339917e-08, 2.94540427603e-08, 2.25604654958e-08, 1.21462067071e-08, 8.70294982747e-08, 1.54594808066e-08, 3.20788338115e-08, 6.6113017283e-09, 6.3149059315e-09, 6.30738528073e-09, 2.77233991319e-09, 1.1927376864e-09, 1.57290958036e-09, 1.46938949896e-09, 3.89950211011e-10, 7.75069952663e-10, 4.40027764226e-10, 9.94917925823e-10, 4.89984330887e-10, 4.82845596839e-10, 2.97263824667e-10, 2.36446584534e-10, 2.75243522418e-10, 1.87409490704e-10, 1.75123554547e-10, 1.7223372728e-10, 1.72359335138e-10, 1.18922732772e-10, 1.51022958028e-10, 9.36704186438e-11, 1.06627852381e-10],
        "var": [9.07519615012e-11, 7.40808581146e-10, 1.86722335371e-08, 2.65328203852e-08, 6.11982926557e-08, 5.35193329654e-08, 4.31451212535e-07, 2.28851234851e-07, 1.27276271087e-05, 9.89694626696e-07, 1.5175792214e-06, 2.69618823268e-07, 3.63354359934e-07, 2.92925628198e-10, 3.16609760631e-09, 3.21458720753e-10, 4.71480632314e-11, 1.97391408774e-12, 3.12762482579e-10, 8.69314967233e-11, 8.23029930883e-14, 2.19625858298e-12, 1.12625117498e-14, 3.0379138197e-14, 2.15970497779e-14, 1.26931207515e-14, 5.31791949886e-13, 6.45151846442e-13, 1.07757795132e-14, 5.46969526692e-14, 2.28865710427e-14, 8.3997763926e-16, 1.23049704445e-15, 1.08109830495e-14, 5.78790995979e-15, 3.23356246395e-15, 1.07998543072e-15, 1.65182300618e-14, 8.10597994435e-15, 3.36345704164e-14]
    },
    "mfcc": {
        "mean": [-864.430847168, 175.298324585, -2.90584778786, -33.8167076111, -37.0019264221, -17.3943595886, 0.144148126245, 5.08109951019, 16.0860233307, 18.1108016968, 5.59442710876, 9.81354427338, 2.60192275047],
        "cov": [[4837.375, -508.52520752, -693.270385742, 423.499542236, 274.167022705, 142.233596802, -190.354629517, -440.92364502, -211.478027344, -480.9503479, -1322.68322754, -851.761962891, 410.06640625], [-508.52520752, 555.714538574, 58.6470603943, -100.766113281, -39.713142395, -118.095329285, -55.910243988, 43.7690162659, -3.78671216965, -19.5109443665, 148.104248047, 155.679733276, -50.9409790039], [-693.270385742, 58.6470603943, 870.931274414, 213.518539429, 90.2355499268, -42.1541938782, -25.5883903503, 14.4754648209, -122.181854248, 11.4897680283, 448.876922607, 188.485855103, -206.049804688], [423.499542236, -100.766113281, 213.518539429, 583.340942383, 287.829864502, 7.57311487198, -133.859725952, -206.499603271, -86.6882171631, -30.7542114258, -140.661331177, -0.0399760864675, 278.74041748], [274.167022705, -39.713142395, 90.2355499268, 287.829864502, 313.41784668, 12.2129917145, -151.48274231, -163.113693237, -68.0335617065, -88.5404968262, -138.306549072, -11.0279960632, 252.350402832], [142.233596802, -118.095329285, -42.1541938782, 7.57311487198, 12.2129917145, 116.080680847, 72.1985549927, -7.08178186417, 21.024810791, 1.58764207363, -97.9125518799, -76.4858169556, -8.15233135223], [-190.354629517, -55.910243988, -25.5883903503, -133.859725952, -151.48274231, 72.1985549927, 180.430725098, 117.398643494, 58.8808174133, 66.7390518188, 46.4575195312, -27.6918544769, -174.812057495], [-440.92364502, 43.7690162659, 14.4754648209, -206.499603271, -163.113693237, -7.08178186417, 117.398643494, 180.70274353, 78.5259094238, 70.0043029785, 169.19744873, 72.7418365479, -191.439865112], [-211.478027344, -3.78671216965, -122.181854248, -86.6882171631, -68.0335617065, 21.024810791, 58.8808174133, 78.5259094238, 135.403823853, 99.0140304565, 10.718621254, 20.4688777924, -39.9900245667], [-480.9503479, -19.5109443665, 11.4897680283, -30.7542114258, -88.5404968262, 1.58764207363, 66.7390518188, 70.0043029785, 99.0140304565, 172.610809326, 151.634307861, 57.8616485596, -83.9990692139], [-1322.68322754, 148.104248047, 448.876922607, -140.661331177, -138.306549072, -97.9125518799, 46.4575195312, 169.19744873, 10.718621254, 151.634307861, 608.439575195, 305.953582764, -273.585083008], [-851.761962891, 155.679733276, 188.485855103, -0.0399760864675, -11.0279960632, -76.4858169556, -27.6918544769, 72.7418365479, 20.4688777924, 57.8616485596, 305.953582764, 363.913116455, 65.657333374], [410.06640625, -50.9409790039, -206.049804688, 278.74041748, 252.350402832, -8.15233135223, -174.812057495, -191.439865112, -39.9900245667, -83.9990692139, -273.585083008, 65.657333374, 498.794158936]],
