{
"lowlevel": {
    "average_loudness": 0.97584015131,
    "barkbands_crest": {
        "dmean": 2.27889513969,
        "dmean2": 3.57445907593,
        "dvar": 6.51134777069,
        "dvar2": 14.1593399048,
        "max": 26.9168376923,
        "mean": 14.7759914398,
        "median": 13.2062768936,
        "min": 5.26219415665,
        "var": 38.7622566223
    },
    "barkbands_flatness_db": {
        "dmean": 0.033886063844,
        "dmean2": 0.0373237989843,
        "dvar": 0.00123034149874,
        "dvar2": 0.00124364625663,
        "max": 0.582839250565,
        "mean": 0.279738157988,
        "median": 0.247321754694,
        "min": 0.0630263313651,
        "var": 0.0193706024438
    },
    "barkbands_kurtosis": {
        "dmean": 24.2983093262,
        "dmean2": 26.4457874298,
        "dvar": 7297.83251953,
        "dvar2": 8604.63574219,
        "max": 995.780273438,
        "mean": 43.7143669128,
        "median": 2.4586815834,
        "min": -0.971706628799,
        "var": 24930.7910156
    },
    "barkbands_skewness": {
        "dmean": 1.00030446053,
        "dmean2": 1.06941580772,
        "dvar": 3.08462762833,
        "dvar2": 2.83966040611,
        "max": 27.7657203674,
        "mean": 2.23027276993,
        "median": 0.806777477264,
        "min": -1.5463514328,
        "var": 29.6195030212
    },
    "barkbands_spread": {
        "dmean": 2.30732655525,
        "dmean2": 3.35519552231,
        "dvar": 12.5505304337,
        "dvar2": 27.7315216064,
        "max": 35.9366455078,
        "mean": 9.33053588867,
        "median": 4.41826295853,
        "min": 0.0639870017767,
        "var": 84.6738891602
    },
    "dissonance": {
        "dmean": 0.0696416348219,
        "dmean2": 0.121362641454,
        "dvar": 0.00315256649628,
        "dvar2": 0.00831077527255,
        "max": 0.483411103487,
        "mean": 0.347307175398,
        "median": 0.360493451357,
        "min": 0.142287194729,
        "var": 0.00937282945961
    },
    "dynamic_complexity": 10.5919857025,
    "erbbands_crest": {
        "dmean": 2.26035618782,
        "dmean2": 3.13917946815,
        "dvar": 6.1446018219,
        "dvar2": 13.1169300079,
        "max": 29.5746498108,
        "mean": 17.9908943176,
        "median": 16.9963188171,
        "min": 7.81934499741,
        "var": 36.2011528015
    },
    "erbbands_flatness_db": {
        "dmean": 0.0284740924835,
        "dmean2": 0.0308053568006,
        "dvar": 0.000984918791801,
        "dvar2": 0.000924782478251,
        "max": 0.558688104153,
        "mean": 0.319363534451,
        "median": 0.315537124872,
        "min": 0.116158030927,
        "var": 0.0167011711746
    },
    "erbbands_kurtosis": {
        "dmean": 4.37365818024,
        "dmean2": 4.45903205872,
        "dvar": 48.971786499,
        "dvar2": 46.5100288391,
        "max": 103.89365387,
        "mean": 10.4038619995,
        "median": 2.91744327545,
        "min": -0.248109102249,
        "var": 377.112335205
    },
    "erbbands_skewness": {
        "dmean": 0.54200810194,
        "dmean2": 0.684731245041,
        "dvar": 0.337083429098,
        "dvar2": 0.641108930111,
        "max": 7.2152223587,
        "mean": 1.22779464722,
        "median": 0.550095140934,
        "min": -1.02778470516,
        "var": 3.88953971863
    },
    "erbbands_spread": {
        "dmean": 2.45049309731,
        "dmean2": 3.53921604156,
        "dvar": 19.3263149261,
        "dvar2": 49.451171875,
        "max": 45.8187866211,
        "mean": 8.60346508026,
        "median": 7.09445810318,
        "min": 0.505043685436,
        "var": 56.7878761292
    },
    "hfc": {
        "dmean": 1.98370730877,
        "dmean2": 2.37199378014,
        "dvar": 11.5734424591,
        "dvar2": 14.1390037537,
        "max": 36.0734863281,
        "mean": 7.78877735138,
        "median": 2.36123967171,
        "min": 0.0233598202467,
        "var": 101.701377869
    },
    "melbands_crest": {
        "dmean": 2.60645484924,
        "dmean2": 4.23825359344,
        "dvar": 6.78172206879,
        "dvar2": 13.2733039856,
        "max": 31.4693470001,
        "mean": 17.9167690277,
        "median": 16.9666671753,
        "min": 6.61667394638,
        "var": 46.2125701904
    },
    "melbands_flatness_db": {
        "dmean": 0.0348981693387,
        "dmean2": 0.0397756434977,
        "dvar": 0.00118438352365,
        "dvar2": 0.00147849239875,
        "max": 0.663521111012,
        "mean": 0.367016226053,
        "median": 0.331198811531,
        "min": 0.109689995646,
        "var": 0.0177117474377
    },
    "melbands_kurtosis": {
        "dmean": 6.66825580597,
        "dmean2": 9.12530136108,
        "dvar": 149.200286865,
        "dvar2": 287.94052124,
        "max": 121.320327759,
        "mean": 13.6349811554,
        "median": 2.32185459137,
        "min": -1.2806687355,
        "var": 693.143066406
    },
    "melbands_skewness": {
        "dmean": 0.749542474747,
        "dmean2": 1.13744771481,
        "dvar": 0.709620475769,
        "dvar2": 1.62888240814,
        "max": 7.32102060318,
        "mean": 1.40094208717,
        "median": 1.15305542946,
        "min": -1.29185318947,
        "var": 3.4791302681
    },
    "melbands_spread": {
        "dmean": 2.6698474884,
        "dmean2": 3.82120299339,
        "dvar": 7.8485326767,
        "dvar2": 17.7178325653,
        "max": 43.1431617737,
        "mean": 13.2490358353,
        "median": 6.864590168,
        "min": 0.311178863049,
        "var": 161.208389282
    },
    "pitch_salience": {
        "dmean": 0.0729413479567,
        "dmean2": 0.11306168139,
        "dvar": 0.00908756162971,
        "dvar2": 0.0199973508716,
        "max": 0.827513456345,
        "mean": 0.413933306932,
        "median": 0.446112155914,
        "min": 0.0346937216818,
        "var": 0.0299078393728
    },
    "silence_rate_20dB": {
        "dmean": 0,
        "dmean2": 0,
        "dvar": 0,
        "dvar2": 0,
        "max": 1,
        "mean": 1,
        "median": 1,
        "min": 1,
        "var": 0
    },
    "silence_rate_30dB": {
        "dmean": 0,
        "dmean2": 0,
        "dvar": 0,
        "dvar2": 0,
        "max": 1,
        "mean": 1,
        "median": 1,
        "min": 1,
        "var": 0
    },
    "silence_rate_60dB": {
        "dmean": 0.0333333350718,
        "dmean2": 0.0561797767878,
        "dvar": 0.0322222225368,
        "dvar2": 0.0530236214399,
        "max": 1,
        "mean": 0.483516484499,
        "median": 0,
        "min": 0,
        "var": 0.249728128314
    },
    "spectral_centroid": {
        "dmean": 66.1009674072,
        "dmean2": 87.4117126465,
        "dvar": 9377.640625,
        "dvar2": 19804.0878906,
        "max": 1927.31298828,
        "mean": 806.117553711,
        "median": 745.230407715,
        "min": 472.845245361,
        "var": 71104.2265625
    },
    "spectral_complexity": {
        "dmean": 0.5,
        "dmean2": 0.752808988094,
        "dvar": 0.805555582047,
        "dvar2": 1.10743606091,
        "max": 9,
        "mean": 2.49450540543,
        "median": 2,
        "min": 0,
        "var": 4.31590557098
    },
    "spectral_decrease": {
        "dmean": 7.73690167488e-10,
        "dmean2": 9.33352839461e-10,
        "dvar": 1.75824559747e-18,
        "dvar2": 2.07329594532e-18,
        "max": -6.78605305629e-12,
        "mean": -3.00989921875e-09,
        "median": -8.62092508491e-10,
        "min": -1.46941028234e-08,
        "var": 1.6866354965e-17
    },
    "spectral_energy": {
        "dmean": 0.00309189851396,
        "dmean2": 0.00373748852871,
        "dvar": 2.80012864096e-05,
        "dvar2": 3.30421535182e-05,
        "max": 0.0579549074173,
        "mean": 0.0120664825663,
        "median": 0.00353519665077,
        "min": 2.78688221442e-05,
        "var": 0.000267381110461
    },
    "spectral_energyband_high": {
        "dmean": 1.17787467389e-05,
        "dmean2": 1.44985560837e-05,
        "dvar": 2.14036988133e-09,
        "dvar2": 4.12187883825e-09,
        "max": 0.000381222518627,
        "mean": 1.33237590489e-05,
        "median": 5.4051031384e-07,
        "min": 1.96892145254e-07,
        "var": 3.10355230404e-09
    },
    "spectral_energyband_low": {
        "dmean": 1.39221165227e-05,
        "dmean2": 2.25059011427e-05,
        "dvar": 4.34667524196e-10,
        "dvar2": 7.07733316396e-10,
        "max": 0.000162584663485,
        "mean": 2.1779385861e-05,
        "median": 1.50532505359e-05,
        "min": 5.48217315099e-07,
        "var": 6.26161622552e-10
    },
    "spectral_energyband_middle_high": {
        "dmean": 0.00108509522397,
        "dmean2": 0.00121858925559,
        "dvar": 7.9891342466e-06,
        "dvar2": 8.28148404253e-06,
        "max": 0.0337875261903,
        "mean": 0.00291663431562,
        "median": 0.000261446286459,
        "min": 8.66446862346e-06,
        "var": 5.1163326134e-05
    },
    "spectral_energyband_middle_low": {
        "dmean": 0.00249801250175,
        "dmean2": 0.00281403074041,
        "dvar": 2.00604954443e-05,
        "dvar2": 2.26972224482e-05,
        "max": 0.0577971152961,
        "mean": 0.00911776535213,
        "median": 0.00171795359347,
        "min": 8.51998811413e-06,
        "var": 0.000225849915296
    },
    "spectral_entropy": {
        "dmean": 0.296168506145,
        "dmean2": 0.297989994287,
        "dvar": 0.112396359444,
        "dvar2": 0.115131795406,
        "max": 7.97264671326,
        "mean": 5.82615709305,
        "median": 5.87049388885,
        "min": 3.19160199165,
        "var": 1.67427504063
    },
    "spectral_flux": {
        "dmean": 0.0113826422021,
        "dmean2": 0.0168832372874,
        "dvar": 0.000350338727003,
        "dvar2": 0.000658779114019,
        "max": 0.135408803821,
        "mean": 0.0232395809144,
        "median": 0.0137253953144,
        "min": 0.00199587759562,
        "var": 0.000763639167417
    },
    "spectral_kurtosis": {
        "dmean": 10.5827293396,
        "dmean2": 16.2621021271,
        "dvar": 205.218963623,
        "dvar2": 442.2684021,
        "max": 133.178756714,
        "mean": 40.2579040527,
        "median": 29.1097145081,
        "min": 4.02750968933,
        "var": 1243.88708496
    },
    "spectral_rms": {
        "dmean": 0.000428668659879,
        "dmean2": 0.000504463678226,
        "dvar": 4.56783851632e-07,
        "dvar2": 5.36580216703e-07,
        "max": 0.00751939974725,
        "mean": 0.00250580208376,
        "median": 0.0018571409164,
        "min": 0.000164891156601,
        "var": 5.4931356317e-06
    },
    "spectral_rolloff": {
        "dmean": 101.206054688,
        "dmean2": 189.44380188,
        "dvar": 36460.1015625,
        "dvar2": 80108.9296875,
        "max": 1959.52148438,
        "mean": 999.992675781,
        "median": 990.52734375,
        "min": 473.73046875,
        "var": 130148.101562
    },
    "spectral_skewness": {
        "dmean": 0.655823886395,
        "dmean2": 1.04769229889,
        "dvar": 0.523259222507,
        "dvar2": 1.13457167149,
        "max": 9.46602535248,
        "mean": 4.68263721466,
        "median": 4.34137821198,
        "min": 1.31281220913,
        "var": 5.02909421921
    },
    "spectral_spread": {
        "dmean": 516327.15625,
        "dmean2": 727500.875,
        "dvar": 592909172736,
        "dvar2": 1.09367086285e+12,
        "max": 8705534,
        "mean": 3051653,
        "median": 2550036.25,
        "min": 690955.375,
        "var": 2.94636696371e+12
    },
    "spectral_strongpeak": {
        "dmean": 0.408876031637,
        "dmean2": 0.454782068729,
        "dvar": 0.416334927082,
        "dvar2": 0.430857747793,
        "max": 6.84108304977,
        "mean": 1.73237252235,
        "median": 0.724645912647,
        "min": 0.00366929545999,
        "var": 3.59231829643
    },
    "zerocrossingrate": {
        "dmean": 0.00381401902996,
        "dmean2": 0.00547533342615,
        "dvar": 3.28800160787e-05,
        "dvar2": 5.47637937416e-05,
        "max": 0.07177734375,
        "mean": 0.0396205373108,
        "median": 0.04052734375,
        "min": 0.005859375,
        "var": 0.000211336213397
    },
    "barkbands": {
        "dmean": [1.10447331281e-06, 7.65746244724e-06, 5.95558458372e-06, 1.08655622171e-05, 6.31909133517e-05, 3.00041974697e-05, 0.00194472575095, 0.00031089282129, 0.000355423107976, 1.06623365355e-05, 0.0010182603728, 1.19741025628e-05, 1.40819747685e-05, 1.13855585369e-05, 7.26429570932e-05, 7.20770174212e-07, 2.84184648081e-06, 1.08442645796e-06, 1.0603625924e-06, 1.05445826648e-06, 3.43402035696e-07, 2.05054107028e-07, 7.68042070831e-07, 5.13740189945e-07, 1.43182296597e-06, 7.19904892321e-06, 1.30651358177e-06],
        "dmean2": [1.61625325745e-06, 1.24884745674e-05, 9.29871748667e-06, 1.65914625541e-05, 9.70754117589e-05, 5.30362412974e-05, 0.00225569214672, 0.000349236943293, 0.000293761229841, 1.60411509569e-05, 0.00112695980351, 1.53579640028e-05, 1.81399936992e-05, 1.64579487318e-05, 0.000103868980659, 9.36330081913e-07, 4.27958138971e-06, 1.1959175481e-06, 1.6006055148e-06, 1.35785489874e-06, 4.66305237978e-07, 2.92183983674e-07, 7.92791922777e-07, 7.69650284838e-07, 1.97575627681e-06, 8.90671435627e-06, 1.81578400316e-06],
        "dvar": [1.59979512276e-11, 9.65691623889e-11, 6.88310519692e-11, 2.00733074607e-09, 8.75054055882e-08, 1.44679432879e-08, 2.00989506993e-05, 3.48952056584e-07, 7.1989376238e-07, 5.86203585673e-10, 7.65130243963e-06, 6.76535161226e-10, 1.10862330427e-09, 9.48598422035e-10, 9.56864312229e-08, 8.90676074561e-12, 2.69974285982e-11, 7.49571411884e-12, 6.84055286373e-12, 1.39214135012e-11, 1.52810771849e-12, 5.06750837039e-13, 1.2177757934e-11, 5.64611205012e-12, 3.492802228e-11, 8.3339207757e-10, 3.51854829994e-11],
        "dvar2": [1.67727151612e-11, 1.77199824258e-10, 1.238490005e-10, 4.2487879881e-09, 2.07756400528e-07, 2.83043863902e-08, 2.11191454582e-05, 4.93702998483e-07, 6.08209631991e-07, 1.02859498696e-09, 7.42637257645e-06, 7.9226802896e-10, 1.52504109341e-09, 1.34013689035e-09, 2.21964569391e-07, 1.11009777759e-11, 5.99503016674e-11, 1.16853983087e-11, 1.71377304709e-11, 3.23279597536e-11, 2.76345526323e-12, 1.23361629072e-12, 1.03437466925e-11, 1.43995492613e-11, 8.3524138994e-11, 1.55097990007e-09, 8.20514420297e-11],
        "max": [3.80353230867e-05, 8.25521419756e-05, 6.40330472379e-05, 0.000377720803954, 0.0024204896763, 0.000884315697476, 0.0577153377235, 0.00970345828682, 0.0158362071961, 0.00017688961816, 0.0332235358655, 0.00029066632851, 0.000411153421737, 0.000342446845025, 0.00281613715924, 2.91428004857e-05, 6.20174250798e-05, 2.82638175122e-05, 2.97948063235e-05, 3.84991362807e-05, 1.13746655188e-05, 5.76752108827e-06, 5.39442698937e-05, 1.85360222531e-05, 4.38445676991e-05, 0.000232176069403, 4.61216804979e-05],
        "mean": [1.37415668178e-06, 1.15675920824e-05, 6.71807129038e-06, 1.0101684893e-05, 5.43044916412e-05, 3.06381880364e-05, 0.0066344239749, 0.00105475855526, 0.00133155588992, 1.34252986754e-05, 0.00271770893596, 2.44128732447e-05, 3.89326705772e-05, 2.5059298423e-05, 8.52116354508e-05, 9.822224456e-07, 6.38103165329e-06, 1.7594035171e-06, 2.10088364838e-06, 1.97341887542e-06, 4.03649806913e-07, 2.71595951062e-07, 1.48328683736e-06, 5.07019137785e-07, 1.51017491135e-06, 7.66861649026e-06, 1.25701467368e-06],
        "median": [4.66126493848e-07, 7.41449457564e-06, 3.60993999493e-06, 2.27937607633e-06, 5.55157339477e-06, 1.22423386983e-06, 0.000128718005726, 8.56330589158e-05, 4.33616969531e-06, 2.59653256762e-06, 0.000129507287056, 1.13103965305e-06, 1.33976745929e-05, 5.03991941514e-06, 5.85831685385e-06, 1.12535907704e-07, 9.43374061535e-07, 3.55339921043e-07, 1.70640007013e-07, 1.28050771764e-07, 5.94342353111e-08, 4.53498749664e-08, 4.16946193127e-08, 5.21006704446e-08, 6.00590581712e-08, 6.41873398877e-08, 1.07830381069e-07],
        "min": [6.63472965456e-09, 1.02378699296e-07, 2.93525275197e-08, 1.65037263855e-07, 5.32322985691e-07, 6.67480293259e-08, 3.10680690063e-07, 1.80617888645e-07, 1.38722910492e-07, 5.83730503934e-08, 5.30348643224e-07, 4.74668624406e-08, 1.91630732616e-07, 1.49497878965e-07, 7.08697101004e-08, 2.27343530668e-08, 1.24471304375e-08, 1.65695777099e-08, 1.99507361742e-08, 2.66348454403e-08, 1.24727206341e-08, 6.50948095426e-09, 1.58758339808e-08, 6.69317756774e-09, 7.60469109906e-09, 6.2519975863e-09, 4.84231943432e-09],
        "var": [1.63367028239e-11, 1.57169957604e-10, 9.90131518441e-11, 2.04477346166e-09, 7.77081083925e-08, 1.61741997573e-08, 0.00022199205705, 4.77591129311e-06, 1.14534896056e-05, 7.87111598122e-10, 4.85443561047e-05, 3.15187476119e-09, 5.5937627863e-09, 3.88966325815e-09, 1.10500160133e-07, 1.13026012161e-11, 1.76753570114e-10, 1.57992560007e-11, 2.76694483298e-11, 3.75096308181e-11, 2.03652286007e-12, 5.57128724665e-13, 5.1853920463e-11, 4.84790116037e-12, 4.29498242527e-11, 1.14490561476e-09, 3.37122413319e-11]
    },
    "erbbands": {
        "dmean": [0.00028577435296, 0.00178549822886, 0.00609507830814, 0.0183414276689, 0.131416529417, 0.192467391491, 0.32973882556, 0.279441952705, 9.69646644592, 32.5166168213, 12.0567207336, 5.40549135208, 0.398760318756, 15.4626455307, 26.1217346191, 0.910467386246, 0.385700494051, 0.990485608578, 1.0244988203, 3.39621400833, 0.140909105539, 0.163942277431, 0.0656759366393, 0.051056522876, 0.0336696133018, 0.0607199408114, 0.0123865408823, 0.0158603806049, 0.00649211322889, 0.00600240612403, 0.0250582080334, 0.0119798118249, 0.0104195084423, 0.00948611740023, 0.0167091228068, 0.0159134436399, 0.0201025586575, 0.00325510604307, 0.000136750473757, 5.64964784644e-06],
        "dmean2": [0.000489316589665, 0.00292485184036, 0.00976175162941, 0.0293445643038, 0.204020023346, 0.304198622704, 0.541407942772, 0.455837756395, 10.9060239792, 39.4766845703, 10.1809339523, 4.5224738121, 0.465140581131, 17.7013607025, 28.8872394562, 1.15164041519, 0.553660094738, 1.22973513603, 1.38089251518, 4.93966007233, 0.212120875716, 0.242639109492, 0.0738206580281, 0.073231369257, 0.0440918579698, 0.0763509348035, 0.0179095417261, 0.0208509285003, 0.00881716795266, 0.00764133408666, 0.0266170017421, 0.0143974442035, 0.0153811322525, 0.012306118384, 0.0247062053531, 0.0235900580883, 0.0231729783118, 0.00446257786825, 0.000194276290131, 7.94575225882e-06],
        "dvar": [1.38883351042e-07, 4.62651723865e-06, 5.68711802771e-05, 0.00413390435278, 0.327719628811, 0.853586435318, 2.29235625267, 0.72249186039, 687.280578613, 4829.49804688, 611.145507812, 159.141677856, 0.446097701788, 1478.1081543, 5547.9609375, 4.2276134491, 0.597065627575, 6.640209198, 17.3815593719, 200.253540039, 0.240920633078, 0.0963243097067, 0.0382000990212, 0.0162194166332, 0.00670417677611, 0.0485447831452, 0.000951480644289, 0.00384013610892, 0.000414520327467, 0.000376454816433, 0.0138171715662, 0.00191381887998, 0.00219663977623, 0.00132647319697, 0.00562599580735, 0.00478300871328, 0.00669247331098, 0.000206673023058, 3.79501614134e-07, 2.22523721671e-10],
        "dvar2": [2.72237997478e-07, 1.02815947685e-05, 0.000108105487016, 0.00790049694479, 0.783500313759, 1.9590959549, 5.06976604462, 1.68677926064, 735.562988281, 5566.89208984, 513.405090332, 123.533294678, 0.584829449654, 1683.21325684, 5279.5390625, 5.59470272064, 0.889340281487, 8.18226718903, 37.1290092468, 472.216674805, 0.541454553604, 0.203621461987, 0.0622306242585, 0.0384654141963, 0.0117126144469, 0.111720606685, 0.00208536954597, 0.00627159886062, 0.000942341983318, 0.000624980253633, 0.0117577798665, 0.00300369202159, 0.00553548010066, 0.00308261904866, 0.0135977547616, 0.0120928753167, 0.0096013629809, 0.000450103223557, 9.17409408885e-07, 4.6105094742e-10],
        "max": [0.00276665110141, 0.0172746125609, 0.0509731657803, 0.540195167065, 4.73438692093, 7.51972484589, 12.3666210175, 6.38188171387, 339.387390137, 841.91809082, 471.64755249, 237.829177856, 7.47489738464, 450.178253174, 890.919250488, 27.6851997375, 10.1968784332, 31.5279121399, 39.9926223755, 127.736755371, 4.73560190201, 4.00737380981, 1.98531317711, 0.912844061852, 1.53450989723, 2.3490998745, 0.312938034534, 0.565105676651, 0.163402244449, 0.152357801795, 1.81463503838, 0.511410653591, 0.356252104044, 0.313392758369, 0.496516317129, 0.539993345737, 0.807440400124, 0.103410825133, 0.0048478920944, 0.000124360318296],
        "mean": [0.000318222912028, 0.00263932603411, 0.00743396859616, 0.0200061034411, 0.115579605103, 0.169889256358, 0.299657285213, 0.800916075706, 35.4449424744, 108.559837341, 46.843711853, 20.5551319122, 1.44282662868, 38.9982070923, 71.552406311, 3.12297487259, 1.31448590755, 2.50999212265, 1.18819487095, 4.2237071991, 0.261181861162, 0.379060089588, 0.110951915383, 0.0842123255134, 0.101326085627, 0.117562443018, 0.0205848421901, 0.0175194870681, 0.00915686693043, 0.00857806298882, 0.0494898036122, 0.0185840278864, 0.0104012563825, 0.0122239952907, 0.0149777829647, 0.0164136122912, 0.0224296022207, 0.0030449454207, 0.000140381540405, 1.85395729204e-05],
        "median": [0.000176465109689, 0.00193216803018, 0.00408333400264, 0.00647145463154, 0.0153696835041, 0.0172871332616, 0.0124419722706, 0.0183557327837, 0.436709463596, 5.97019815445, 6.77367067337, 0.582869529724, 0.256052434444, 2.58215713501, 3.64056515694, 0.283275336027, 0.367659062147, 0.670734345913, 0.0775754749775, 0.384765148163, 0.0403183884919, 0.0570551380515, 0.0165141113102, 0.0169027782977, 0.00831899791956, 0.00629646191373, 0.00373066426255, 0.00214941427112, 0.00161129981279, 0.00156363239512, 0.00121044984553, 0.00109711603727, 0.000835136394016, 0.000614999968093, 0.000423831195803, 0.000224306349992, 0.000120328266348, 4.54275104858e-05, 1.65472865774e-05, 4.40244411948e-06],
        "min": [5.00783789903e-06, 2.48814267252e-05, 9.93635840132e-05, 0.00040362670552, 0.00124102481641, 0.00148590991739, 0.000552538898773, 0.000726804195438, 0.00157700467389, 0.012177917175, 0.00635281251743, 0.00855229608715, 0.00285290041938, 0.00836855638772, 0.018152680248, 0.00695465737954, 0.00967734120786, 0.00836881902069, 0.00630275346339, 0.00512707931921, 0.00171275704633, 0.000916129152756, 0.000846506329253, 0.000901094346773, 0.00144777365495, 0.00109965284355, 0.000916658958886, 0.000353489274858, 0.00027364253765, 0.000412601861171, 0.000436950824223, 0.000154390203534, 0.000124144426081, 8.05358358775e-05, 6.57903729007e-05, 3.78522563551e-05, 1.42068083733e-05, 3.77315041078e-06, 2.8889674013e-06, 1.07571645458e-06],
        "var": [1.71421007167e-07, 7.65167351346e-06, 8.75457626535e-05, 0.00472775427625, 0.289424985647, 0.789802193642, 2.23508501053, 2.96669602394, 7828.55029297, 47669.6914062, 10581.2841797, 2619.75732422, 4.5502114296, 8990.97753906, 35043.5507812, 39.0419616699, 4.25557184219, 32.4875679016, 22.5312175751, 229.785476685, 0.408206611872, 0.70042091608, 0.0764666870236, 0.0276764091104, 0.078499764204, 0.146025910974, 0.00195837882347, 0.00475965067744, 0.000545752933249, 0.000672888243571, 0.0589279904962, 0.005528237205, 0.0019688331522, 0.00235818186775, 0.0052995365113, 0.00493416888639, 0.0105588613078, 0.000209339501453, 3.57505257398e-07, 5.99929883549e-10]
    },
    "gfcc": {
        "mean": [-234.102340698, 107.714958191, -118.055725098, -53.2104988098, -51.0962486267, 6.70099687576, -18.1099033356, 8.48232460022, -10.4976701736, 8.58210945129, -8.16494178772, -6.37868022919, -15.0982732773],
        "cov": [[5298.36132812, -261.37322998, -1236.23266602, -1370.77001953, -863.554931641, -1040.11914062, -707.107299805, 497.245666504, -67.1856918335, -29.4222354889, 13.2722177505, 425.634674072, -82.4799499512], [-261.37322998, 855.621948242, -313.899108887, -519.161743164, -284.796234131, -290.13961792, 203.597564697, 164.535964966, 199.423629761, -118.47631073, 57.7363395691, -157.667541504, -72.2895126343], [-1236.23266602, -313.899108887, 1100.75134277, 716.447265625, 416.634857178, 398.342346191, -90.275642395, -260.188232422, -49.3594093323, 83.7324523926, -183.431838989, -76.1037139893, 3.67905926704], [-1370.77001953, -519.161743164, 716.447265625, 1061.10656738, 530.399963379, 619.759460449, 167.380233765, -314.370544434, -221.852813721, 43.3574829102, -118.417762756, -20.3642578125, 55.8563079834], [-863.554931641, -284.796234131, 416.634857178, 530.399963379, 438.566802979, 490.720672607, 146.529907227, -155.61807251, -94.2021408081, -4.32307958603, -105.964027405, -55.608795166, 31.9389057159], [-1040.11914062, -290.13961792, 398.342346191, 619.759460449, 490.720672607, 817.051818848, 405.377044678, -130.274108887, -177.765151978, -89.4649887085, -159.498153687, -114.437522888, 28.3572235107], [-707.107299805, 203.597564697, -90.275642395, 167.380233765, 146.529907227, 405.377044678, 594.562866211, 57.1520843506, -102.500701904, -201.930084229, -18.7453136444, -141.550018311, -35.2814750671], [497.245666504, 164.535964966, -260.188232422, -314.370544434, -155.61807251, -130.274108887, 57.1520843506, 189.466445923, 88.3667831421, -45.8853721619, 19.1557807922, -5.08581113815, -23.6384353638], [-67.1856918335, 199.423629761, -49.3594093323, -221.852813721, -94.2021408081, -177.765151978, -102.500701904, 88.3667831421, 246.662002563, 66.5540161133, 39.3202896118, -25.7815341949, 12.2264623642], [-29.4222354889, -118.47631073, 83.7324523926, 43.3574829102, -4.32307958603, -89.4649887085, -201.930084229, -45.8853721619, 66.5540161133, 162.067886353, 56.0498390198, 72.7088241577, 33.7767372131], [13.2722177505, 57.7363395691, -183.431838989, -118.417762756, -105.964027405, -159.498153687, -18.7453136444, 19.1557807922, 39.3202896118, 56.0498390198, 164.773178101, 51.9889717102, 12.9925365448], [425.634674072, -157.667541504, -76.1037139893, -20.3642578125, -55.608795166, -114.437522888, -141.550018311, -5.08581113815, -25.7815341949, 72.7088241577, 51.9889717102, 143.999755859, 25.9808006287], [-82.4799499512, -72.2895126343, 3.67905926704, 55.8563079834, 31.9389057159, 28.3572235107, -35.2814750671, -23.6384353638, 12.2264623642, 33.7767372131, 12.9925365448, 25.9808006287, 48.8582572937]],
        "icov": [[0.00125582597684, 0.00081958482042, 0.000710018910468, 0.000567109207623, 0.000584948749747, -9.63842685451e-05, 0.00159426964819, -0.00244059320539, 0.00124350027181, 0.001028826111, 0.00134679465555, -0.00185092200991, 0.00187853875104], [0.00081958482042, 0.00600119680166, -0.000105248356704, 0.003029323183, 0.0017451668391, 0.00295508489944, -0.00492564961314, 0.00359220360406, -0.00282954238355, -0.000466998259071, 0.00325599801727, 0.00107022037264, 0.0017286039656], [0.000710018910468, -0.000105248356704, 0.00341113470495, -0.00172764167655, -0.000150936786667, -0.00096775626298, 0.0030318798963, -0.000952837464865, -0.000388428452425, 0.000478703645058, 0.00160487124231, -0.000261953042354, 0.00462864618748], [0.000567109207623, 0.003029323183, -0.00172764167655, 0.00707753747702, -0.00162183912471, 0.0023280128371, -0.0057574538514, 0.00529569992796, 0.000841325323563, -0.00358510087244, 0.00365918665193, -0.00145879387856, -0.00233749859035], [0.000584948749747, 0.0017451668391, -0.000150936786667, -0.00162183912471, 0.0128099704161, -0.0058062565513, 0.00130208779592, 0.0025439450983, -0.0033622533083, 0.0025391203817, 0.000530303223059, -0.000862298707943, 0.00200569769368], [-9.63842685451e-05, 0.00295508489944, -0.00096775626298, 0.0023280128371, -0.0058062565513, 0.0108831962571, -0.00943542737514, 0.00228925235569, 0.00155404710677, -0.00601811474189, 0.0063371094875, 0.00264952820726, -0.00592848239467], [0.00159426964819, -0.00492564961314, 0.0030318798963, -0.0057574538514, 0.00130208779592, -0.00943542737514, 0.0196449253708, -0.0139055550098, 0.0043655638583, 0.0123129356652, -0.0091101853177, -0.00093034573365, 0.00715332711115], [-0.00244059320539, 0.00359220360406, -0.000952837464865, 0.00529569992796, 0.0025439450983, 0.00228925235569, -0.0139055550098, 0.0286734383553, -0.0126372193918, -0.00265462393872, 0.00489257602021, -0.00122269662097, 0.00039865708095], [0.00124350027181, -0.00282954238355, -0.000388428452425, 0.000841325323563, -0.0033622533083, 0.00155404710677, 0.0043655638583, -0.0126372193918, 0.0160136241466, -0.00628820434213, -0.000115888906294, 0.0041856598109, -0.00654065608978], [0.001028826111, -0.000466998259071, 0.000478703645058, -0.00358510087244, 0.0025391203817, -0.00601811474189, 0.0123129356652, -0.00265462393872, -0.00628820434213, 0.0264505855739, -0.00999672152102, -0.00725632021204, 0.00435322988778], [0.00134679465555, 0.00325599801727, 0.00160487124231, 0.00365918665193, 0.000530303223059, 0.0063371094875, -0.0091101853177, 0.00489257602021, -0.000115888906294, -0.00999672152102, 0.0189541932195, -0.00416731089354, -0.00133370538242], [-0.00185092200991, 0.00107022037264, -0.000261953042354, -0.00145879387856, -0.000862298707943, 0.00264952820726, -0.00093034573365, -0.00122269662097, 0.0041856598109, -0.00725632021204, -0.00416731089354, 0.0214990992099, -0.00844630040228], [0.00187853875104, 0.0017286039656, 0.00462864618748, -0.00233749859035, 0.00200569769368, -0.00592848239467, 0.00715332711115, 0.00039865708095, -0.00654065608978, 0.00435322988778, -0.00133370538242, -0.00844630040228, 0.0394814908504]]
    },
    "melbands": {
        "dmean": [2.22686003326e-06, 2.72738429885e-06, 6.29076657788e-06, 1.21631765069e-05, 1.08931981231e-05, 5.25317727806e-06, 0.000240497203777, 0.000284231296973, 0.000112170222565, 2.70195851044e-05, 5.87846386679e-07, 5.54642065254e-05, 0.000135867026984, 7.30157637463e-07, 1.35224172482e-06, 1.94924359675e-06, 1.63753918514e-06, 2.34800765497e-07, 7.78354842623e-06, 8.61395790253e-07, 5.24375245448e-08, 2.3491818979e-07, 2.58894647942e-08, 6.89419081823e-08, 4.0238383292e-08, 5.31781694235e-08, 3.32838752115e-08, 3.69891175467e-08, 8.31699775716e-09, 8.14989320475e-09, 8.92015261655e-09, 3.02755664983e-09, 5.0826147735e-09, 2.72988409655e-09, 1.13953468883e-08, 1.69387881499e-08, 5.04559283243e-09, 7.49584305737e-09, 6.09335382151e-09, 8.57878390548e-09],
        "dmean2": [3.63516710422e-06, 4.49739127362e-06, 9.27979090193e-06, 1.87772075151e-05, 1.77053861989e-05, 8.09525226941e-06, 0.000270848686341, 0.000346378656104, 8.44467940624e-05, 2.30198238569e-05, 8.64853518578e-07, 6.35619217064e-05, 0.000148735838593, 9.84297003015e-07, 1.80193376309e-06, 2.50400762525e-06, 2.04927346203e-06, 3.74146537752e-07, 1.12382431325e-05, 1.28645433506e-06, 8.19541412511e-08, 3.47862197714e-07, 2.78583307534e-08, 7.80940254685e-08, 6.00809713092e-08, 7.94227972278e-08, 4.30437516741e-08, 4.71090118026e-08, 1.41926506103e-08, 1.06826423263e-08, 1.20350396315e-08, 4.78794648373e-09, 8.62420002079e-09, 3.45020945147e-09, 1.203876554e-08, 1.78533685613e-08, 7.83850140351e-09, 1.19510481511e-08, 8.35247604414e-09, 1.17367342511e-08],
        "dvar": [9.06799028227e-12, 1.12865775753e-11, 6.68536170867e-10, 3.00525071495e-09, 2.6046416135e-09, 3.53464729708e-10, 3.77926653528e-07, 3.71011026346e-07, 6.53366214465e-08, 4.15605683202e-09, 3.34647240474e-12, 1.85494428706e-08, 1.45860880707e-07, 1.65677259238e-12, 1.06895612154e-11, 2.06889817778e-11, 1.84814281934e-11, 9.04443024381e-13, 1.17799281441e-09, 7.77510434508e-12, 2.23251440528e-14, 2.02043053512e-13, 6.23317273379e-15, 2.83704893481e-14, 1.36070049271e-14, 2.00181380126e-14, 1.37300339216e-14, 1.84637529333e-14, 3.50584792816e-16, 9.92067645956e-16, 1.21069341415e-15, 7.79835838315e-17, 4.18561569114e-16, 7.08287362307e-17, 2.4379651689e-15, 6.95941115947e-15, 5.26250029305e-16, 1.33216132692e-15, 5.95964652512e-16, 1.07183295036e-15],
        "dvar2": [1.47045674248e-11, 2.25797609776e-11, 1.49430012808e-09, 7.03876468222e-09, 5.75665559666e-09, 7.58199614204e-10, 3.85334828934e-07, 4.25320365594e-07, 4.94630079118e-08, 3.54160301086e-09, 3.72923523659e-12, 2.1593384858e-08, 1.38807280337e-07, 3.01097775185e-12, 1.26256756786e-11, 2.61870507917e-11, 2.28895010584e-11, 2.22361755745e-12, 2.76316880488e-09, 1.76187328615e-11, 5.80046671502e-14, 4.25283479223e-13, 7.57321739635e-15, 4.80417334874e-14, 3.38119526681e-14, 5.21795809143e-14, 3.14859053272e-14, 4.24243295659e-14, 9.36638233404e-16, 1.45938535796e-15, 2.23205378876e-15, 1.40379193865e-16, 1.17692856329e-15, 1.1166934299e-16, 2.12614269486e-15, 5.69943525087e-15, 1.35609911328e-15, 3.52245342676e-15, 1.32759814867e-15, 2.41791865189e-15],
        "max": [2.57701631199e-05, 2.38896791416e-05, 0.000217277236516, 0.000451761006843, 0.000414546084357, 0.000146134872921, 0.00803295429796, 0.00737533345819, 0.00488879950717, 0.00119644298684, 1.75756158569e-05, 0.001590694068, 0.00457965908572, 1.37651204568e-05, 3.65548003174e-05, 5.65061054658e-05, 5.22218142578e-05, 7.65517052059e-06, 0.000308205431793, 2.58462532656e-05, 1.36472533541e-06, 5.76659294893e-06, 8.26308962587e-07, 1.69105965142e-06, 9.01471366888e-07, 1.98400744011e-06, 1.19644630558e-06, 1.42782005241e-06, 1.13547095282e-07, 3.04275772578e-07, 2.85096291464e-07, 6.25088603101e-08, 1.56707585575e-07, 6.61896422116e-08, 7.50922254156e-07, 1.30650823849e-06, 1.82758341793e-07, 2.78026249134e-07, 1.81499913765e-07, 3.16047533033e-07],
        "mean": [3.10232303491e-06, 3.86250621887e-06, 6.05404147791e-06, 1.08535323307e-05, 9.30788064579e-06, 5.23517383044e-06, 0.000857515318785, 0.000951226742472, 0.00042949145427, 0.000101425037428, 8.69909513312e-07, 0.000138200077345, 0.000368684122805, 1.96933024199e-06, 2.97308702102e-06, 4.99242969454e-06, 4.06457274948e-06, 2.22495728508e-07, 8.55516555021e-06, 1.54120550633e-06, 1.01782859474e-07, 5.36962431852e-07, 3.92431118712e-08, 1.12648173456e-07, 5.17594180849e-08, 1.17940061273e-07, 5.89694622022e-08, 6.96913815545e-08, 1.19738210458e-08, 9.23455090174e-09, 9.56824575127e-09, 4.88714047009e-09, 5.48892309382e-09, 3.48663919958e-09, 2.12268869149e-08, 3.47250157517e-08, 5.46964740167e-09, 6.62581589594e-09, 6.86264112204e-09, 1.2107367553e-08],
        "median": [2.03455715564e-06, 2.6306233849e-06, 1.46855165895e-06, 1.32727211621e-06, 3.62269872767e-07, 2.02886610623e-07, 1.09181692096e-05, 3.62665377907e-05, 5.94641369389e-06, 6.18998171831e-07, 3.84090583339e-07, 9.49658897298e-06, 1.82584190043e-05, 1.98890688807e-07, 1.09029727469e-07, 1.55026259563e-06, 1.05108529169e-06, 2.46788687264e-08, 3.99873641754e-07, 2.59507032752e-07, 1.61158055789e-08, 7.90546650364e-08, 4.06688949184e-09, 1.49795393867e-08, 1.31100845735e-08, 6.61352572706e-09, 3.66396735174e-09, 3.04115133076e-09, 2.5388007252e-09, 1.25998533829e-09, 9.75185376895e-10, 8.89418316774e-10, 8.7893775591e-10, 7.34369787203e-10, 7.33304139633e-10, 6.39554298409e-10, 6.80836165223e-10, 5.51373890989e-10, 5.19556508927e-10, 4.58329540987e-10],
        "min": [2.82066867641e-08, 7.94414987126e-08, 1.12145613684e-07, 6.93177639732e-08, 2.14373123697e-08, 1.20762244649e-08, 3.0369804449e-08, 1.35206278173e-07, 3.78649716026e-08, 1.51596264431e-08, 9.28524457322e-09, 2.7872710362e-08, 7.91330734273e-08, 7.0133880925e-09, 9.72340430394e-09, 1.74707786016e-08, 1.52847103863e-08, 1.96095295557e-09, 5.11910558387e-09, 4.24376978003e-09, 1.21357301985e-09, 7.51324114034e-10, 5.93871285481e-10, 8.4755008567e-10, 6.95295709896e-10, 6.97031599106e-10, 7.68045516075e-10, 6.28881391407e-10, 5.85870074676e-10, 3.02041835987e-10, 1.31365862632e-10, 1.16227263924e-10, 1.39784156472e-10, 1.93003169002e-10, 2.30866895046e-10, 8.54461570943e-11, 8.68605812276e-11, 8.70940333741e-11, 5.80913893378e-11, 4.80426601279e-11],
        "var": [1.34374577437e-11, 1.73910191803e-11, 6.41172004379e-10, 2.75525802174e-09, 2.50240272948e-09, 3.73600317349e-10, 4.33232798969e-06, 3.68021096619e-06, 1.15501768505e-06, 6.56656737874e-08, 3.8640497052e-12, 1.12321274059e-07, 9.23730340219e-07, 1.15273068868e-11, 5.0278746444e-11, 1.03403667573e-10, 8.94253351924e-11, 8.25624236946e-13, 1.3184473513e-09, 1.37903135092e-11, 4.64217728114e-14, 1.43486427167e-12, 1.48467257368e-14, 5.98382427592e-14, 1.46786371307e-14, 1.08496870342e-13, 3.54892778034e-14, 5.16847374903e-14, 4.56662884556e-16, 1.2868736516e-15, 1.38812521726e-15, 1.26773793324e-16, 3.2389102594e-16, 1.12537644405e-16, 1.0035618407e-14, 3.06571852323e-14, 4.73616460754e-16, 1.00710428071e-15, 6.98287767788e-16, 2.41085820876e-15]
    },
    "mfcc": {
        "mean": [-901.718261719, 164.025588989, -9.11715888977, -31.0090255737, -13.3569049835, -5.72049236298, 1.11703932285, -2.06628441811, 2.32875680923, 10.6476316452, 5.16058778763, 5.15697860718, 13.4341259003],
        "cov": [[4596.34082031, 297.982269287, -1084.81420898, -462.458862305, -502.38885498, -1232.28369141, -596.351013184, -99.6638641357, -268.49230957, -167.122879028, -367.752990723, -68.1060638428, 470.400939941], [297.982269287, 704.656188965, -156.893417358, -374.087097168, -315.078918457, -348.685028076, -97.0214538574, 74.4400634766, 34.2410812378, 12.0868854523, 127.398979187, 117.750724792, 13.7380943298], [-1084.81420898, -156.893417358, 676.297546387, 253.205123901, 244.984741211, 421.049468994, 137.289718628, -14.9078302383, 48.9624061584, -0.722765922546, 68.1535186768, -39.814655304, -226.62387085], [-462.458862305, -374.087097168, 253.205123901, 393.430633545, 236.869873047, 237.667556763, 17.3924350739, -88.1027145386, -38.6652297974, -66.6233596802, -37.2494125366, -92.2549362183, -81.4628601074], [-502.38885498, -315.078918457, 244.984741211, 236.869873047, 342.952697754, 299.472229004, -11.5907297134, -70.3503341675, 36.4342651367, 17.1474685669, -48.5990829468, -73.5649871826, -62.1207695007], [-1232.28369141, -348.685028076, 421.049468994, 237.667556763, 299.472229004, 714.367431641, 424.911987305, 111.840942383, 150.602600098, 87.4378433228, 40.8313751221, -71.6833953857, -249.367507935], [-596.351013184, -97.0214538574, 137.289718628, 17.3924350739, -11.5907297134, 424.911987305, 571.16619873, 270.689422607, 106.936286926, 103.460914612, 52.3047103882, -5.83081674576, -197.93019104], [-99.6638641357, 74.4400634766, -14.9078302383, -88.1027145386, -70.3503341675, 111.840942383, 270.689422607, 229.330535889, 115.524261475, 83.2160720825, 38.6747512817, 19.8021907806, -97.4584503174], [-268.49230957, 34.2410812378, 48.9624061584, -38.6652297974, 36.4342651367, 150.602600098, 106.936286926, 115.524261475, 160.523880005, 88.0088577271, 42.3793182373, 6.29735183716, -89.6418151855], [-167.122879028, 12.0868854523, -0.722765922546, -66.6233596802, 17.1474685669, 87.4378433228, 103.460914612, 83.2160720825, 88.0088577271, 118.025642395, 28.9218349457, 24.3667259216, -23.0463294983], [-367.752990723, 127.398979187, 68.1535186768, -37.2494125366, -48.5990829468, 40.8313751221, 52.3047103882, 38.6747512817, 42.3793182373, 28.9218349457, 130.628143311, 69.5880813599, -59.7988967896], [-68.1060638428, 117.750724792, -39.814655304, -92.2549362183, -73.5649871826, -71.6833953857, -5.83081674576, 19.8021907806, 6.29735183716, 24.3667259216, 69.5880813599, 87.7140274048, 33.8835334778], [470.400939941, 13.7380943298, -226.62387085, -81.4628601074, -62.1207695007, -249.367507935, -197.93019104, -97.4584503174, -89.6418151855, -23.0463294983, -59.7988967896, 33.8835334778, 236.010681152]],
