{
"lowlevel": {
    "average_loudness": 0.99068403244,
    "barkbands_crest": {
        "dmean": 1.08618021011,
        "dmean2": 1.49191892147,
        "dvar": 3.96971607208,
        "dvar2": 7.56162548065,
        "max": 26.9373970032,
        "mean": 23.7560691833,
        "median": 26.4848632812,
        "min": 11.3644704819,
        "var": 20.4075183868
    },
    "barkbands_flatness_db": {
        "dmean": 0.020212424919,
        "dmean2": 0.0263864807785,
        "dvar": 0.00113813742064,
        "dvar2": 0.00151653494686,
        "max": 0.545043349266,
        "mean": 0.362972438335,
        "median": 0.418921887875,
        "min": 0.0838186964393,
        "var": 0.0212178062648
    },
    "barkbands_kurtosis": {
        "dmean": 73.3478012085,
        "dmean2": 131.368026733,
        "dvar": 11926.9414062,
        "dvar2": 40738.578125,
        "max": 797.383483887,
        "mean": 146.699783325,
        "median": 59.9689064026,
        "min": 1.24423122406,
        "var": 40846.8671875
    },
    "barkbands_skewness": {
        "dmean": 1.33073151112,
        "dmean2": 2.09273862839,
        "dvar": 2.52958965302,
        "dvar2": 7.51639318466,
        "max": 2.5356092453,
        "mean": -4.3948469162,
        "median": -5.45833396912,
        "min": -13.3767852783,
        "var": 17.2168865204
    },
    "barkbands_spread": {
        "dmean": 1.28514134884,
        "dmean2": 1.65688514709,
        "dvar": 5.12698507309,
        "dvar2": 9.33972358704,
        "max": 19.8151378632,
        "mean": 3.849152565,
        "median": 0.633920907974,
        "min": 0.0989349111915,
        "var": 27.6591072083
    },
    "dissonance": {
        "dmean": 0.0835571661592,
        "dmean2": 0.153065487742,
        "dvar": 0.00509265298024,
        "dvar2": 0.0114899463952,
        "max": 0.484407991171,
        "mean": 0.272266745567,
        "median": 0.288255721331,
        "min": 0.0616942308843,
        "var": 0.0121104894206
    },
    "dynamic_complexity": 5.47097349167,
    "erbbands_crest": {
        "dmean": 0.893387377262,
        "dmean2": 1.35771369934,
        "dvar": 2.58994030952,
        "dvar2": 7.20399427414,
        "max": 27.7113399506,
        "mean": 24.5985736847,
        "median": 25.4166927338,
        "min": 13.4783620834,
        "var": 6.82465600967
    },
    "erbbands_flatness_db": {
        "dmean": 0.018422074616,
        "dmean2": 0.0221640374511,
        "dvar": 0.00102871586569,
        "dvar2": 0.00117231567856,
        "max": 0.56894505024,
        "mean": 0.39739754796,
        "median": 0.456483900547,
        "min": 0.15057259798,
        "var": 0.0195049867034
    },
    "erbbands_kurtosis": {
        "dmean": 10.7501163483,
        "dmean2": 16.6921024323,
        "dvar": 300.790618896,
        "dvar2": 655.669799805,
        "max": 142.549041748,
        "mean": 63.9368591309,
        "median": 64.9432373047,
        "min": 1.84989976883,
        "var": 1800.18310547
    },
    "erbbands_skewness": {
        "dmean": 0.85268586874,
        "dmean2": 1.39845824242,
        "dvar": 0.965170681477,
        "dvar2": 2.46935987473,
        "max": 5.21437454224,
        "mean": 1.07530474663,
        "median": 1.83120727539,
        "min": -4.34839725494,
        "var": 5.89677619934
    },
    "erbbands_spread": {
        "dmean": 0.829301714897,
        "dmean2": 0.856088876724,
        "dvar": 6.43001079559,
        "dvar2": 6.5670042038,
        "max": 22.886505127,
        "mean": 3.8610086441,
        "median": 0.443427532911,
        "min": 0.309482097626,
        "var": 32.3448982239
    },
    "hfc": {
        "dmean": 4.19339132309,
        "dmean2": 5.72132205963,
        "dvar": 84.4545059204,
        "dvar2": 196.284606934,
        "max": 68.6657714844,
        "mean": 19.9948272705,
        "median": 10.6548290253,
        "min": 0.0292860977352,
        "var": 414.569244385
    },
    "melbands_crest": {
        "dmean": 1.31470441818,
        "dmean2": 1.68552136421,
        "dvar": 4.06908893585,
        "dvar2": 7.85889291763,
        "max": 27.4294071198,
        "mean": 21.7253665924,
        "median": 25.2245883942,
        "min": 7.9998087883,
        "var": 31.7906227112
    },
    "melbands_flatness_db": {
        "dmean": 0.0208306740969,
        "dmean2": 0.0258288923651,
        "dvar": 0.00113485869952,
        "dvar2": 0.00173591612838,
        "max": 0.619715154171,
        "mean": 0.440439343452,
        "median": 0.493014246225,
        "min": 0.145210057497,
        "var": 0.0194916483015
    },
    "melbands_kurtosis": {
        "dmean": 9.44891452789,
        "dmean2": 15.1238012314,
        "dvar": 116.66104126,
        "dvar2": 338.247619629,
        "max": 102.055412292,
        "mean": 31.7889289856,
        "median": 24.3544425964,
        "min": -0.923692941666,
        "var": 887.587646484
    },
    "melbands_skewness": {
        "dmean": 0.589347600937,
        "dmean2": 0.926125526428,
        "dvar": 0.460067868233,
        "dvar2": 0.878205120564,
        "max": 1.6482872963,
        "mean": -3.45785593987,
        "median": -4.65047740936,
        "min": -7.11694145203,
        "var": 6.98037862778
    },
    "melbands_spread": {
        "dmean": 1.75497508049,
        "dmean2": 2.59911203384,
        "dvar": 7.26744747162,
        "dvar2": 14.0465307236,
        "max": 23.7002410889,
        "mean": 6.02043533325,
        "median": 2.05750155449,
        "min": 0.481388658285,
        "var": 44.5924758911
    },
    "pitch_salience": {
        "dmean": 0.0560236759484,
        "dmean2": 0.0863711759448,
        "dvar": 0.0122894858941,
        "dvar2": 0.0264173652977,
        "max": 0.837155818939,
        "mean": 0.194426208735,
        "median": 0.1206728369,
        "min": 0.0270355790854,
        "var": 0.0308053344488
    },
    "silence_rate_20dB": {
        "dmean": 0,
        "dmean2": 0,
        "dvar": 0,
        "dvar2": 0,
        "max": 1,
        "mean": 1,
        "median": 1,
        "min": 1,
        "var": 0
    },
    "silence_rate_30dB": {
        "dmean": 0,
        "dmean2": 0,
        "dvar": 0,
        "dvar2": 0,
        "max": 1,
        "mean": 1,
        "median": 1,
        "min": 1,
        "var": 0
    },
    "silence_rate_60dB": {
        "dmean": 0.0333333350718,
        "dmean2": 0.0677966102958,
        "dvar": 0.0322222076356,
        "dvar2": 0.0632002204657,
        "max": 1,
        "mean": 0.311475396156,
        "median": 0,
        "min": 0,
        "var": 0.214458599687
    },
    "spectral_centroid": {
        "dmean": 18.4156742096,
        "dmean2": 26.9320545197,
        "dvar": 2773.27392578,
        "dvar2": 4803.80273438,
        "max": 1228.11877441,
        "mean": 816.824584961,
        "median": 823.928649902,
        "min": 624.497558594,
        "var": 4659.07714844
    },
    "spectral_complexity": {
        "dmean": 0.550000011921,
        "dmean2": 0.864406764507,
        "dvar": 1.71416532993,
        "dvar2": 3.84601807594,
        "max": 11,
        "mean": 1.75409841537,
        "median": 2,
        "min": 0,
        "var": 2.0870745182
    },
    "spectral_decrease": {
        "dmean": 1.25302868081e-09,
        "dmean2": 1.71871039623e-09,
        "dvar": 7.64482555509e-18,
        "dvar2": 1.78083449379e-17,
        "max": -4.43393629104e-12,
        "mean": -5.97958305093e-09,
        "median": -3.17069992484e-09,
        "min": -2.06496366673e-08,
        "var": 3.7182165581e-17
    },
    "spectral_energy": {
        "dmean": 0.00510929292068,
        "dmean2": 0.00700570316985,
        "dvar": 0.00012699252693,
        "dvar2": 0.000295768637443,
        "max": 0.0841641873121,
        "mean": 0.024381827563,
        "median": 0.0129333762452,
        "min": 1.93910018425e-05,
        "var": 0.000618058955297
    },
    "spectral_energyband_high": {
        "dmean": 1.472865506e-06,
        "dmean2": 2.25850931201e-06,
        "dvar": 1.61856292258e-11,
        "dvar2": 3.13954244546e-11,
        "max": 2.93446901196e-05,
        "mean": 3.54318740392e-06,
        "median": 2.70755458587e-06,
        "min": 7.66613482028e-07,
        "var": 1.87845225486e-11
    },
    "spectral_energyband_low": {
        "dmean": 4.17122173531e-05,
        "dmean2": 6.99576703482e-05,
        "dvar": 1.58845248066e-09,
        "dvar2": 4.37967706546e-09,
        "max": 0.000212212908082,
        "mean": 6.23927480774e-05,
        "median": 4.99438683619e-05,
        "min": 5.2664620398e-07,
        "var": 2.09475436996e-09
    },
    "spectral_energyband_middle_high": {
        "dmean": 0.00500904722139,
        "dmean2": 0.00680551910773,
        "dvar": 0.00011802084191,
        "dvar2": 0.000273829820799,
        "max": 0.0821355059743,
        "mean": 0.0238620527089,
        "median": 0.0127770164981,
        "min": 1.20916665765e-05,
        "var": 0.000597663631197
    },
    "spectral_energyband_middle_low": {
        "dmean": 0.000769425008912,
        "dmean2": 0.00122049741913,
        "dvar": 5.95949722992e-06,
        "dvar2": 1.76743615157e-05,
        "max": 0.0163708515465,
        "mean": 0.00182449177373,
        "median": 0.000508006894961,
        "min": 6.80504945194e-06,
        "var": 6.77714797348e-06
    },
    "spectral_entropy": {
        "dmean": 0.203368917108,
        "dmean2": 0.25593534112,
        "dvar": 0.115482114255,
        "dvar2": 0.171153247356,
        "max": 8.39144611359,
        "mean": 5.16226625443,
        "median": 4.5637550354,
        "min": 3.57681441307,
        "var": 2.13439297676
    },
    "spectral_flux": {
        "dmean": 0.0128444489092,
        "dmean2": 0.0205895341933,
        "dvar": 0.00113623880316,
        "dvar2": 0.00301583111286,
        "max": 0.254336893559,
        "mean": 0.0214279666543,
        "median": 0.0114077311009,
        "min": 0.00528617156669,
        "var": 0.00114096212201
    },
    "spectral_kurtosis": {
        "dmean": 8.18419361115,
        "dmean2": 12.4402999878,
        "dvar": 78.3594741821,
        "dvar2": 169.446517944,
        "max": 121.256568909,
        "mean": 35.2977409363,
        "median": 30.9370040894,
        "min": 4.45374011993,
        "var": 773.218688965
    },
    "spectral_rms": {
        "dmean": 0.000460332608782,
        "dmean2": 0.000593668955844,
        "dvar": 9.83001427812e-07,
        "dvar2": 2.04084381039e-06,
        "max": 0.00906153395772,
        "mean": 0.00397372571751,
        "median": 0.003552172333,
        "min": 0.000137542912853,
        "var": 7.9966530393e-06
    },
    "spectral_rolloff": {
        "dmean": 9.68994140625,
        "dmean2": 14.5987815857,
        "dvar": 2031.29943848,
        "dvar2": 3087.64038086,
        "max": 1141.25976562,
        "mean": 807.67199707,
        "median": 839.794921875,
        "min": 667.529296875,
        "var": 7215.48876953
    },
    "spectral_skewness": {
        "dmean": 0.607888638973,
        "dmean2": 0.976428329945,
        "dvar": 0.325066208839,
        "dvar2": 0.770557284355,
        "max": 9.47808742523,
        "mean": 4.71000289917,
        "median": 4.75009965897,
        "min": 2.08978533745,
        "var": 4.05088376999
    },
    "spectral_spread": {
        "dmean": 803718.5625,
        "dmean2": 1212655.125,
        "dvar": 1.51209613722e+12,
        "dvar2": 1.3070195753e+12,
        "max": 17996142,
        "mean": 3700891,
        "median": 2942912,
        "min": 826590.4375,
        "var": 6.36616756429e+12
    },
    "spectral_strongpeak": {
        "dmean": 0.444467931986,
        "dmean2": 0.469300031662,
        "dvar": 0.621757268906,
        "dvar2": 0.846619307995,
        "max": 9.34186172485,
        "mean": 3.86139130592,
        "median": 3.45903658867,
        "min": 0.0163113772869,
        "var": 8.63128376007
    },
    "zerocrossingrate": {
        "dmean": 0.00323893222958,
        "dmean2": 0.0036662472412,
        "dvar": 3.79400626116e-05,
        "dvar2": 4.59087059426e-05,
        "max": 0.07470703125,
        "mean": 0.040351241827,
        "median": 0.03759765625,
        "min": 0.0166015625,
        "var": 7.52701234887e-05
    },
    "barkbands": {
        "dmean": [3.22295863953e-06, 2.64359277935e-05, 1.96010405489e-05, 1.92263323697e-05, 4.55298468296e-05, 6.98619942341e-06, 8.66292975843e-06, 4.4753178372e-06, 4.0728096792e-05, 0.00505489157513, 1.41436667036e-05, 1.60453839726e-06, 8.70838277933e-07, 5.44222302779e-07, 1.24857956507e-06, 3.3272593214e-07, 2.17688651105e-07, 9.85468204817e-08, 3.4089083556e-07, 2.4393969511e-07, 2.47413623811e-07, 2.92102839694e-07, 1.49738625055e-07, 1.93311919361e-07, 2.48882599863e-07, 4.11294109881e-07, 2.41819236635e-07],
        "dmean2": [5.80185496801e-06, 4.66076780867e-05, 3.66828717233e-05, 3.04216773657e-05, 4.90794700454e-05, 1.17808840514e-05, 1.48538065332e-05, 7.08033985575e-06, 4.84688316646e-05, 0.00689402222633, 1.77340589289e-05, 2.73216733149e-06, 1.45840010646e-06, 7.78280139002e-07, 1.29919442315e-06, 5.09679409788e-07, 3.19769725365e-07, 1.54231628358e-07, 5.07675736117e-07, 4.27043886475e-07, 3.24193081269e-07, 4.42795112576e-07, 2.09078692137e-07, 3.11490822469e-07, 3.84364341244e-07, 6.39975155536e-07, 3.9265387386e-07],
        "dvar": [9.64847732959e-12, 5.35994415518e-10, 6.7747657484e-10, 9.01142049869e-10, 7.28413551698e-09, 7.68207095159e-11, 1.03835018361e-09, 1.73014991223e-10, 1.0574353837e-08, 0.000122704179375, 2.04681671612e-09, 1.7865202373e-11, 1.66698078952e-12, 3.61853288219e-13, 3.40427989617e-12, 5.14473771744e-13, 9.65603600767e-14, 1.00620136477e-14, 4.82881529901e-13, 1.98300441822e-13, 1.77311792094e-13, 9.22527570828e-13, 7.09176844311e-14, 2.73158611615e-13, 3.84812028163e-13, 2.0254065352e-12, 2.63299554685e-13],
        "dvar2": [2.64447404946e-11, 1.53548229687e-09, 1.7648063011e-09, 2.45823139622e-09, 7.34261540458e-09, 1.82658943526e-10, 2.7982725026e-09, 3.48965217833e-10, 2.05447836521e-08, 0.000287071539788, 3.87984400163e-09, 4.68500342687e-11, 3.53856115416e-12, 5.83438299843e-13, 2.42466420206e-12, 1.38315856164e-12, 1.81439160029e-13, 2.52166858358e-14, 1.1298521797e-12, 5.32021746536e-13, 2.66618297535e-13, 2.21702083775e-12, 1.29580767232e-13, 6.96123497387e-13, 8.75233262601e-13, 4.87070496782e-12, 7.0065622141e-13],
        "max": [1.51519316205e-05, 0.00013105427206, 0.000129149571876, 0.000273851852398, 0.00110493809916, 7.5458381616e-05, 0.000220628717216, 9.32040566113e-05, 0.000952616741415, 0.0825589075685, 0.000385090941563, 3.09887618641e-05, 8.99470524018e-06, 5.23361313753e-06, 2.59622611338e-05, 4.99929592479e-06, 2.36707705881e-06, 6.09679773333e-07, 5.54710004508e-06, 3.29064073412e-06, 3.83747328669e-06, 6.97327686794e-06, 1.82043413588e-06, 3.76203502128e-06, 4.13176485381e-06, 9.84026428341e-06, 3.81492918677e-06],
        "mean": [3.61101979252e-06, 3.21130100929e-05, 2.09508871194e-05, 4.75801352877e-05, 0.000204490002943, 1.01648074633e-05, 8.19394972496e-06, 5.20465664522e-06, 0.000114519622002, 0.0239029452205, 1.61425723491e-05, 2.32896013586e-06, 1.5267969502e-06, 9.28783435938e-07, 5.42790712643e-06, 4.86837791414e-07, 4.11592338878e-07, 2.30266692824e-07, 5.89916908211e-07, 4.79164555145e-07, 4.67398336923e-07, 3.98684051106e-07, 3.10648090363e-07, 3.53093412286e-07, 4.18824782855e-07, 5.81971391966e-07, 7.90655349192e-07],
        "median": [2.3727898224e-06, 2.19036264753e-05, 1.19942442325e-05, 1.57395916176e-05, 2.66946590273e-05, 7.38361814001e-06, 2.72273814517e-06, 1.76250523509e-06, 6.38793790131e-06, 0.0127708399668, 2.60187334788e-06, 1.32198817937e-06, 9.29499378799e-07, 6.50007791592e-07, 1.5320441662e-06, 3.30003587123e-07, 2.7294015581e-07, 2.14171990365e-07, 3.26543442952e-07, 3.75681821652e-07, 3.34651787171e-07, 2.23902773655e-07, 2.51657894523e-07, 2.71057473356e-07, 3.04160153064e-07, 3.53729888047e-07, 8.94184722711e-07],
        "min": [1.0508563264e-07, 2.81094941101e-07, 1.34519609674e-07, 1.04891157093e-07, 1.02928311208e-07, 6.06641947343e-07, 6.64083586344e-07, 2.59838003558e-07, 4.20697261916e-07, 6.24127778792e-07, 2.73077517932e-07, 2.26313758844e-07, 2.46252994884e-07, 1.32132200292e-07, 9.35778814437e-08, 5.33583772722e-08, 1.80230959046e-08, 5.25548919939e-08, 4.40980052474e-08, 1.40733902754e-07, 1.04898532527e-07, 7.25135720359e-08, 5.70437315162e-08, 6.58241887663e-08, 6.55088001622e-08, 7.98270463065e-08, 4.96895147251e-08],
        "var": [1.33343995568e-11, 6.94001189849e-10, 5.99291338776e-10, 4.27561941407e-09, 1.02455686601e-07, 1.22407320391e-10, 8.0473411268e-10, 2.05727559988e-10, 3.4546992822e-08, 0.000602917629294, 3.14303494342e-09, 1.66495602028e-11, 2.64234923004e-12, 9.30766206296e-13, 6.19803791624e-11, 4.27808640293e-13, 2.00713171127e-13, 1.58316488716e-14, 1.01936200366e-12, 1.69078035535e-13, 3.16584188335e-13, 8.2662902131e-13, 9.17922218812e-14, 2.26769734176e-13, 3.54623340242e-13, 1.72652430547e-12, 2.54073807349e-13]
    },
    "erbbands": {
        "dmean": [0.000950623303652, 0.00620859442279, 0.0198516938835, 0.0381177812815, 0.208596691489, 0.0785207897425, 0.0811489373446, 0.046477701515, 0.0774291604757, 0.157694101334, 0.20262889564, 3.57998180389, 136.780487061, 54.2723808289, 1.75286149979, 0.132552996278, 0.0460705794394, 0.0254757590592, 0.0189892947674, 0.080504566431, 0.0185444280505, 0.0115035651252, 0.00545369694009, 0.0174439009279, 0.0106187965721, 0.0118639236316, 0.0111689576879, 0.0105735510588, 0.0153324361891, 0.00455545540899, 0.0044198515825, 0.00385373434983, 0.00345696182922, 0.00290560279973, 0.00202575605363, 0.00203857128508, 0.000605572771747, 0.000266077549895, 2.64366699412e-05, 7.53915037421e-06],
        "dmean2": [0.00165125145577, 0.0110683040693, 0.0368094295263, 0.0610452592373, 0.233858048916, 0.121335834265, 0.144617885351, 0.0748799219728, 0.121608816087, 0.273096203804, 0.310600727797, 5.04553699493, 187.452270508, 71.0322875977, 2.25648522377, 0.186907619238, 0.0709393247962, 0.0385696999729, 0.0260907486081, 0.083726271987, 0.0281569771469, 0.0162849668413, 0.00875237025321, 0.0261643603444, 0.0168316084892, 0.0203600954264, 0.0177692584693, 0.0146965794265, 0.0242628324777, 0.0065846289508, 0.00630732811987, 0.00611995439976, 0.00533336261287, 0.0045745014213, 0.0031371708028, 0.00346804363653, 0.000993078690954, 0.000435674621258, 4.27503728133e-05, 1.0284846212e-05],
        "dvar": [7.96467304554e-07, 3.20788967656e-05, 0.000572843593545, 0.00171335728373, 0.17386585474, 0.0199760366231, 0.00692881317809, 0.0133136995137, 0.0559504181147, 0.354655921459, 0.211313724518, 69.3378219604, 93910.953125, 13302.3261719, 14.0982542038, 0.0759130716324, 0.0039863246493, 0.00107487826608, 0.000409511907492, 0.0142453601584, 0.00117045501247, 0.00028907993692, 2.30222594837e-05, 0.00141137302853, 0.000429956999142, 0.000396417395677, 0.000288884562906, 0.000589666771702, 0.00299397995695, 6.71046727803e-05, 7.23684206605e-05, 6.31091970718e-05, 8.96246128832e-05, 6.65935731377e-05, 2.2367674319e-05, 6.04128763371e-05, 3.35693312081e-06, 8.77046147707e-07, 1.3730035997e-09, 1.14534569329e-10],
        "dvar2": [2.29490183301e-06, 9.80953482212e-05, 0.00144725805148, 0.00401871232316, 0.201292008162, 0.0291877612472, 0.0175035148859, 0.0319593660533, 0.132522165775, 0.958155751228, 0.444205790758, 187.097885132, 241208.015625, 26956.921875, 29.3308410645, 0.174420669675, 0.00725924456492, 0.00238008308224, 0.000648165529128, 0.0105925118551, 0.00314820185304, 0.000399925047532, 4.43583376182e-05, 0.00355615653098, 0.00109571486246, 0.00105469929986, 0.000688951578923, 0.00117572373711, 0.00739321717992, 0.000107233805466, 0.000141300261021, 0.000157123082317, 0.000212899612961, 0.000154176537762, 5.20398425579e-05, 0.000160074618179, 6.67163749313e-06, 2.23585038839e-06, 2.91127566499e-09, 2.43821213219e-10],
        "max": [0.00392433255911, 0.0283596143126, 0.121646516025, 0.395715206861, 5.07460594177, 1.48877167702, 0.568809628487, 0.901940524578, 1.82267260551, 4.0399851799, 3.76234221458, 64.837348938, 2171.78027344, 966.126525879, 31.0809211731, 2.52158117294, 0.591032743454, 0.242426276207, 0.181066825986, 1.70598161221, 0.262381315231, 0.151284128428, 0.0334256514907, 0.296811580658, 0.1566362679, 0.153448104858, 0.13048876822, 0.202083066106, 0.388362199068, 0.0631958991289, 0.0551629848778, 0.0599451176822, 0.0691609233618, 0.0565171614289, 0.0303427278996, 0.0511098578572, 0.0126614095643, 0.00633711228147, 0.0003175761085, 0.000103139325802],
        "mean": [0.00106533290818, 0.00671012839302, 0.0227600615472, 0.0886701866984, 0.880439341068, 0.291752636433, 0.121237955987, 0.0632787421346, 0.0892699509859, 0.164858728647, 0.891143977642, 14.7315015793, 583.731750488, 287.083984375, 8.43402862549, 0.573845982552, 0.135445728898, 0.0580936297774, 0.0632396861911, 0.355198681355, 0.0460759960115, 0.0248761102557, 0.0138694299385, 0.0288655199111, 0.0203647613525, 0.0241109561175, 0.0209797453135, 0.0166023187339, 0.0176131110638, 0.0100469496101, 0.00862113386393, 0.00687587447464, 0.0063642798923, 0.00457236543298, 0.00315534230322, 0.00241742050275, 0.00103959999979, 0.000405559694627, 0.000110099070298, 4.11649489251e-05],
        "median": [0.000805320392828, 0.00517868297175, 0.0132647044957, 0.0406873300672, 0.0770688280463, 0.0703391134739, 0.085712634027, 0.0438403636217, 0.0390618629754, 0.0632938444614, 0.591419219971, 9.40673732758, 300.779144287, 160.329971313, 4.59135532379, 0.315520048141, 0.120706506073, 0.0477024689317, 0.0401964709163, 0.0968465954065, 0.0262190066278, 0.0164804756641, 0.0122882751748, 0.0151982344687, 0.0136522660032, 0.0185418501496, 0.0164449457079, 0.0103627191857, 0.00799051020294, 0.00719313323498, 0.00632216082886, 0.00546430330724, 0.00475119799376, 0.00318245217204, 0.00222445651889, 0.00130647630431, 0.000694280781318, 0.000306361005642, 0.000116971008538, 3.11555304506e-05],
        "min": [9.34253239393e-06, 5.87415161135e-05, 0.000152390639414, 0.000270305696176, 0.000411864661146, 0.000244704046054, 0.00153830402996, 0.00632123555988, 0.00928178150207, 0.0161431226879, 0.00840080995113, 0.03668249771, 0.183692142367, 0.0428100265563, 0.0332889780402, 0.0254230983555, 0.0226122867316, 0.0106448940933, 0.00530743598938, 0.00569965736941, 0.00375528680161, 0.00116922822781, 0.00300318258815, 0.00452586263418, 0.00191699468996, 0.00700716907158, 0.00469532608986, 0.00283458386548, 0.00293413409963, 0.00150475744158, 0.00149421906099, 0.00119595450815, 0.00126115384046, 0.000734562578145, 0.000544514565263, 0.000382760190405, 0.000145843703649, 4.44695906481e-05, 1.06763964141e-05, 6.33749436929e-07],
        "var": [9.17369732178e-07, 3.67408611055e-05, 0.000532156962436, 0.00926670245826, 2.09432649612, 0.173436239362, 0.00962860230356, 0.0140782063827, 0.0591560825706, 0.269430249929, 0.769954264164, 172.965820312, 375214.84375, 83108.46875, 72.7373352051, 0.278449177742, 0.0089613860473, 0.0018055466935, 0.00212737428956, 0.26804420352, 0.00206385203637, 0.000771998602431, 4.83351504954e-05, 0.00268977298401, 0.000529458397068, 0.000397443422116, 0.000324954802636, 0.000775467255153, 0.00254011969082, 0.00010158582154, 8.32942532725e-05, 6.08642003499e-05, 8.22290385258e-05, 5.96869067522e-05, 2.01963011932e-05, 4.31599837611e-05, 3.5199393551e-06, 6.62289835418e-07, 1.96372895722e-09, 6.79157230454e-10]
    },
    "gfcc": {
        "mean": [-203.919708252, 97.5726776123, -82.4922790527, -43.0782852173, -60.6142349243, 20.1409645081, 12.738694191, 16.0772762299, -29.4619045258, -32.0214500427, -39.1238517761, -7.78052425385, 12.0776319504],
        "cov": [[943.037902832, 299.323944092, -87.1775665283, -242.675552368, -164.02696228, 16.9724559784, 203.79107666, 15.7448368073, -167.299377441, -288.137390137, -140.435638428, -8.88822650909, 73.0855941772], [299.323944092, 491.321014404, -76.6638946533, -303.91998291, -96.0914611816, 37.8035926819, 307.563323975, -6.10908031464, -243.757553101, -433.187805176, -147.016204834, -84.9935836792, 100.783714294], [-87.1775665283, -76.6638946533, 82.7450256348, 136.207046509, 89.5400390625, -13.5468082428, -100.957695007, -6.91123151779, 97.0132904053, 135.654098511, 42.713558197, 2.12992525101, -26.9467868805], [-242.675552368, -303.91998291, 136.207046509, 409.095977783, 203.868667603, -86.8625488281, -351.391967773, -41.2914428711, 285.805633545, 421.536621094, 116.422874451, -13.4859323502, -140.704528809], [-164.02696228, -96.0914611816, 89.5400390625, 203.868667603, 172.125244141, -19.8560714722, -155.805862427, -16.0053844452, 172.289794922, 189.396759033, 45.5928573608, -36.9022827148, -49.4677391052], [16.9724559784, 37.8035926819, -13.5468082428, -86.8625488281, -19.8560714722, 93.5890655518, 150.073287964, 44.58801651, -56.5347709656, -101.323860168, -11.7111206055, 47.2091407776, 77.2552566528], [203.79107666, 307.563323975, -100.957695007, -351.391967773, -155.805862427, 150.073287964, 462.971130371, 88.6138916016, -283.429107666, -427.00402832, -72.6420669556, 75.3095550537, 196.312210083], [15.7448368073, -6.10908031464, -6.91123151779, -41.2914428711, -16.0053844452, 44.58801651, 88.6138916016, 53.9878120422, -15.2076625824, -26.4700565338, 15.8482732773, 43.029800415, 43.1821022034], [-167.299377441, -243.757553101, 97.0132904053, 285.805633545, 172.289794922, -56.5347709656, -283.429107666, -15.2076625824, 284.30947876, 357.771057129, 82.9780197144, -27.8143424988, -106.590682983], [-288.137390137, -433.187805176, 135.654098511, 421.536621094, 189.396759033, -101.323860168, -427.00402832, -26.4700565338, 357.771057129, 547.571044922, 158.563446045, 11.176607132, -164.906051636], [-140.435638428, -147.016204834, 42.713558197, 116.422874451, 45.5928573608, -11.7111206055, -72.6420669556, 15.8482732773, 82.9780197144, 158.563446045, 95.248298645, 56.2860565186, -13.8801088333], [-8.88822650909, -84.9935836792, 2.12992525101, -13.4859323502, -36.9022827148, 47.2091407776, 75.3095550537, 43.029800415, -27.8143424988, 11.176607132, 56.2860565186, 112.726043701, 62.9936752319], [73.0855941772, 100.783714294, -26.9467868805, -140.704528809, -49.4677391052, 77.2552566528, 196.312210083, 43.1821022034, -106.590682983, -164.906051636, -13.8801088333, 62.9936752319, 120.441963196]],
        "icov": [[0.00226365122944, -0.00319212768227, 0.000855421705637, -0.00157806801144, 0.00305907567963, 0.000538648222573, 0.00171535089612, -0.00266855256632, -0.00205429480411, -0.000369884568499, 0.00534546747804, -0.00459563778713, -0.000587733986322], [-0.00319212768227, 0.0340790711343, -0.0254719331861, 0.0061725215055, -0.00137940968852, 0.0272811166942, -0.0308949220926, 0.0229580197483, -0.018740741536, 0.0254471581429, -0.00980224274099, 0.0217636711895, 0.00473588472232], [0.000855421705637, -0.0254719331861, 0.0602150931954, -0.00960749294609, -0.0198230482638, -0.0226472560316, 0.024062577635, -0.0190578401089, 0.0336791202426, -0.035969004035, 0.0107570989057, -0.012575882487, -0.01458374504], [-0.00157806801144, 0.0061725215055, -0.00960749294609, 0.0364984534681, -0.0337736159563, 0.0142239751294, -0.012813818641, 0.0150613645092, 0.00661854352802, -0.0149501124397, 0.0068001402542, -0.0194360148162, 0.0251095313579], [0.00305907567963, -0.00137940968852, -0.0198230482638, -0.0337736159563, 0.0744233131409, -0.0206606499851, 0.0134800169617, -0.00405799690634, -0.0408674217761, 0.037359867245, -0.0273928362876, 0.0371215976775, -0.0288773234934], [0.000538648222573, 0.0272811166942, -0.0226472560316, 0.0142239751294, -0.0206606499851, 0.0748879462481, -0.04925962165, 0.0167508423328, -0.0183579288423, 0.00697946595028, 0.0284645035863, -0.0139030106366, 0.0100190714002], [0.00171535089612, -0.0308949220926, 0.024062577635, -0.012813818641, 0.0134800169617, -0.04925962165, 0.0773762762547, -0.0527672767639, 0.0113184107468, 0.018744001165, -0.0221181940287, -0.0106611214578, -0.0161331966519], [-0.00266855256632, 0.0229580197483, -0.0190578401089, 0.0150613645092, -0.00405799690634, 0.0167508423328, -0.0527672767639, 0.0823623761535, -0.0237375367433, -0.00173052842729, -0.00492564728484, 0.00373204704374, 0.0139096360654], [-0.00205429480411, -0.018740741536, 0.0336791202426, 0.00661854352802, -0.0408674217761, -0.0183579288423, 0.0113184107468, -0.0237375367433, 0.0924245193601, -0.0859517082572, 0.0277064163238, 0.0110169621184, -0.0212082974613], [-0.000369884568499, 0.0254471581429, -0.035969004035, -0.0149501124397, 0.037359867245, 0.00697946595028, 0.018744001165, -0.00173052842729, -0.0859517082572, 0.126066207886, -0.0583170466125, -0.00367825571448, 0.0260974373668], [0.00534546747804, -0.00980224274099, 0.0107570989057, 0.0068001402542, -0.0273928362876, 0.0284645035863, -0.0221181940287, -0.00492564728484, 0.0277064163238, -0.0583170466125, 0.0893910378218, -0.0432992763817, 0.00123990594875], [-0.00459563778713, 0.0217636711895, -0.012575882487, -0.0194360148162, 0.0371215976775, -0.0139030106366, -0.0106611214578, 0.00373204704374, 0.0110169621184, -0.00367825571448, -0.0432992763817, 0.101414494216, -0.0540570914745], [-0.000587733986322, 0.00473588472232, -0.01458374504, 0.0251095313579, -0.0288773234934, 0.0100190714002, -0.0161331966519, 0.0139096360654, -0.0212082974613, 0.0260974373668, 0.00123990594875, -0.0540570914745, 0.0791680216789]]
    },
    "melbands": {
        "dmean": [7.67839355831e-06, 9.52596292336e-06, 1.14594558909e-05, 1.14102376756e-05, 2.62892081082e-06, 1.03957552255e-06, 1.36505661885e-06, 1.49794004756e-06, 1.91051526599e-06, 6.55703297525e-06, 0.000741479103453, 0.000314076460199, 1.36846313126e-06, 2.25952945243e-07, 1.10685164145e-07, 7.61239533631e-08, 4.87907492186e-08, 3.53510003492e-08, 8.54004440498e-08, 6.86557442009e-08, 1.9733453982e-08, 1.55245292177e-08, 5.0700084131e-09, 5.33373301081e-09, 1.64198681318e-08, 1.09432471973e-08, 6.89782986285e-09, 9.16241127413e-09, 8.03471777999e-09, 7.40648964381e-09, 4.97796870391e-09, 8.15645062602e-09, 5.85356962901e-09, 2.38141528719e-09, 2.51697995779e-09, 2.5069806231e-09, 2.68528510539e-09, 2.36532771147e-09, 2.5948070359e-09, 2.58894483629e-09],
        "dmean2": [1.31083206725e-05, 1.70415478351e-05, 1.58860057127e-05, 1.36027392728e-05, 4.58200474895e-06, 1.67020198205e-06, 2.20918218474e-06, 2.49348499892e-06, 2.75637557934e-06, 9.04820262804e-06, 0.00101651682053, 0.000411622255342, 1.62121432368e-06, 3.53773401685e-07, 1.7821129461e-07, 1.33057397989e-07, 7.34224698817e-08, 4.86992668414e-08, 9.10964672585e-08, 7.75691404442e-08, 3.19125135206e-08, 2.28807959246e-08, 7.76223973986e-09, 9.10706354773e-09, 2.49606717517e-08, 1.71866361143e-08, 1.23960779419e-08, 1.55218415898e-08, 1.41070426452e-08, 9.69637969916e-09, 7.31946636634e-09, 1.30782380481e-08, 8.70105854034e-09, 3.45400841262e-09, 3.71924291365e-09, 3.61426377715e-09, 4.66743044214e-09, 3.65203178809e-09, 4.00394828404e-09, 4.03721545084e-09],
        "dvar": [4.37221508998e-11, 8.47739517473e-11, 3.69759167729e-10, 4.65693428264e-10, 1.00693038976e-11, 4.58311383636e-12, 1.99796325318e-11, 2.79164972389e-11, 1.76340071018e-11, 3.38722133675e-10, 2.73004752671e-06, 4.42155737801e-07, 1.76143266639e-11, 3.60476324355e-13, 5.57347984225e-14, 1.50649298944e-14, 2.96697133753e-15, 2.1103612005e-15, 1.56102310711e-14, 9.00408728426e-15, 1.43330658994e-15, 6.47969034403e-16, 1.74723325925e-17, 3.61874676595e-17, 1.33636621022e-15, 3.67841765628e-16, 2.72035033634e-16, 1.69159070542e-16, 1.96396804624e-16, 2.08387680958e-16, 8.98982801398e-17, 8.19823443192e-16, 3.04716899931e-16, 1.20233464818e-17, 1.81461291041e-17, 3.31768048537e-17, 3.67372846865e-17, 3.81589600053e-17, 5.33071913548e-17, 4.76646317459e-17],
        "dvar2": [1.32568164779e-10, 2.18186149703e-10, 5.97701999006e-10, 5.29456922749e-10, 2.54053583726e-11, 1.07189639109e-11, 4.97410411471e-11, 7.18045345405e-11, 3.66446942235e-11, 7.31208482652e-10, 6.86341854816e-06, 8.90594378689e-07, 3.12098367983e-11, 8.36438286255e-13, 1.1057702063e-13, 3.95701131367e-14, 6.37905383017e-15, 3.29726844718e-15, 1.20590640745e-14, 1.19332280128e-14, 3.63482505271e-15, 9.70718921674e-16, 4.16587744119e-17, 9.0843271124e-17, 3.40010650555e-15, 8.04319669763e-16, 7.64304721604e-16, 4.64252405643e-16, 5.27452921969e-16, 3.54906540202e-16, 1.81708565105e-16, 2.04156031409e-15, 7.01487064169e-16, 2.6024627392e-17, 3.46749315135e-17, 7.19210910953e-17, 1.02593656275e-16, 9.48037920445e-17, 1.2358082322e-16, 1.11394096987e-16],
        "max": [3.64284132957e-05, 4.64036784251e-05, 0.000216662912862, 0.000268675910775, 2.30911573453e-05, 1.77597139555e-05, 3.29680915456e-05, 3.68493529095e-05, 4.2301882786e-05, 0.000159154558787, 0.011775854975, 0.00566405709833, 3.69806220988e-05, 4.77425828649e-06, 1.90855485016e-06, 7.38174605885e-07, 4.16563750605e-07, 3.7272994291e-07, 1.80124754934e-06, 1.27521309423e-06, 2.61898804865e-07, 2.1065874023e-07, 3.43687069915e-08, 3.60033354241e-08, 2.83693111669e-07, 1.4811563176e-07, 1.07752804013e-07, 1.00566140304e-07, 9.48249834209e-08, 1.28600888161e-07, 7.73766970497e-08, 2.01763143082e-07, 1.29942534954e-07, 2.47775933104e-08, 2.50387497402e-08, 4.19649275329e-08, 4.18942391889e-08, 4.50810091479e-08, 5.17265874578e-08, 4.72940087093e-08],
        "mean": [9.15285818337e-06, 1.08700814963e-05, 4.03473204642e-05, 4.85916607431e-05, 3.69724648408e-06, 1.48499566421e-06, 1.43850729728e-06, 1.4137102653e-06, 8.5625142674e-06, 1.63136501214e-05, 0.00324532436207, 0.00167796132155, 1.7187226149e-06, 3.22042836842e-07, 2.13228673829e-07, 1.18643853853e-07, 8.2392844547e-08, 6.81906016098e-08, 3.78538516088e-07, 2.76922321518e-07, 2.7276492176e-08, 2.83462942008e-08, 1.30784707508e-08, 1.06216990758e-08, 2.53803573713e-08, 2.00293985841e-08, 1.146880102e-08, 1.73873324627e-08, 1.36015056995e-08, 1.21230687711e-08, 7.66035235245e-09, 9.41390787546e-09, 7.68770203052e-09, 5.23165111233e-09, 4.79448214463e-09, 4.68240735074e-09, 4.07722389184e-09, 4.35807123722e-09, 4.2697165803e-09, 3.7081819837e-09],
        "median": [7.48602042222e-06, 7.82260121923e-06, 8.45498288982e-06, 6.09253129369e-06, 2.72552074421e-06, 1.05833976249e-06, 6.17204420905e-07, 3.90486690094e-07, 5.18850185927e-07, 1.12686052489e-06, 0.00168895395473, 0.000937021686696, 3.35459617418e-07, 1.75170328021e-07, 1.10437824219e-07, 8.10392322137e-08, 5.93403122195e-08, 5.0967653209e-08, 1.10143211884e-07, 7.89656482425e-08, 1.62739475229e-08, 1.68249414401e-08, 1.22643859513e-08, 9.29031696018e-09, 1.20621335142e-08, 1.16766454283e-08, 9.2608187785e-09, 1.29981048147e-08, 9.91210313828e-09, 7.84489273542e-09, 5.32329025305e-09, 4.42423520042e-09, 4.134108611e-09, 4.18688861359e-09, 3.50631990109e-09, 3.44005202102e-09, 3.17736414956e-09, 3.28424332174e-09, 3.24349658243e-09, 2.49726217483e-09],
        "min": [8.58963034034e-08, 8.09454405726e-08, 5.28166381741e-08, 2.31244321469e-08, 4.29310560435e-08, 8.92789628892e-08, 9.47740659285e-08, 1.0358792224e-07, 4.187351621e-08, 6.01162923886e-08, 1.1282938317e-07, 1.01269421293e-07, 5.40046904973e-08, 6.79720741914e-08, 2.97104918445e-08, 1.30404611554e-08, 1.61440372182e-08, 7.8558288763e-09, 6.92682800008e-09, 8.53970583137e-09, 3.15117087979e-09, 8.94262053297e-10, 1.97617966435e-09, 2.3804704874e-09, 2.26270846504e-09, 8.52141412988e-10, 2.05071004622e-09, 4.48238912654e-09, 2.68137267945e-09, 2.32694197244e-09, 1.17116216725e-09, 1.37523936683e-09, 1.21219800864e-09, 6.57298104834e-10, 8.21203383072e-10, 6.99875768451e-10, 6.71578070932e-10, 9.01705043965e-10, 4.76273520622e-10, 5.74068570458e-10],
        "var": [5.73264734294e-11, 9.83040177038e-11, 3.4751883593e-09, 6.05837202627e-09, 1.27302422076e-11, 5.61052333065e-12, 1.87442231875e-11, 2.3473405511e-11, 1.8041489136e-10, 7.71022412582e-10, 1.14672320706e-05, 2.83651093014e-06, 3.05035302572e-11, 3.9928111273e-13, 8.93327228055e-14, 1.53325804473e-14, 5.64352684119e-15, 5.17315335195e-15, 2.97115251239e-13, 1.48231904182e-13, 1.34406182219e-15, 1.54895051592e-15, 4.36114996839e-17, 4.54581936363e-17, 2.47787990247e-15, 8.1900102714e-16, 1.75130229303e-16, 2.07517103142e-16, 1.4961791457e-16, 3.39379764534e-16, 1.16531404751e-16, 6.79092360077e-16, 3.00291099842e-16, 1.6479727438e-17, 2.09077542972e-17, 3.51195708712e-17, 2.7124559231e-17, 3.35406981488e-17, 4.9459150454e-17, 4.26394102629e-17]
    },
    "mfcc": {
        "mean": [-892.383239746, 152.343887329, 22.1761760712, -9.59403038025, -19.5272922516, 0.018845198676, 17.0679187775, 24.1438064575, 27.1445579529, 8.47354698181, -25.4292430878, -31.8513355255, -16.4919319153],
        "cov": [[871.556396484, 133.615325928, 26.9371547699, -57.1267700195, -132.670883179, -53.1369590759, -48.2517433167, 11.5380907059, 49.8997764587, -34.7619972229, 2.90716958046, -62.7183952332, -53.6771965027], [133.615325928, 339.502075195, 42.4320793152, -48.4478034973, -159.497451782, -101.292427063, 94.7659683228, 156.000900269, 102.271987915, -31.2138080597, -144.595474243, -224.813537598, -168.564666748], [26.9371547699, 42.4320793152, 27.2056694031, -2.92362880707, -21.0148506165, -6.29290008545, 21.6222896576, 24.3178119659, 11.7713947296, -9.89117717743, -19.8887691498, -30.536031723, -15.3684062958], [-57.1267700195, -48.4478034973, -2.92362880707, 83.6476516724, 116.103645325, 57.6326332092, -37.7480697632, -60.6902694702, -22.0847206116, 38.1365203857, 54.6406135559, 88.554359436, 60.7581062317], [-132.670883179, -159.497451782, -21.0148506165, 116.103645325, 268.416503906, 115.728149414, -122.010108948, -167.246414185, -52.2642402649, 97.130859375, 130.167068481, 202.270980835, 144.604095459], [-53.1369590759, -101.292427063, -6.29290008545, 57.6326332092, 115.728149414, 88.5491485596, -29.8719596863, -55.8690567017, -24.4511833191, 30.0161266327, 54.4164657593, 87.9653625488, 71.9214324951], [-48.2517433167, 94.7659683228, 21.6222896576, -37.7480697632, -122.010108948, -29.8719596863, 185.634246826, 188.788894653, 57.4940032959, -74.9936599731, -151.424087524, -189.164276123, -108.334022522], [11.5380907059, 156.000900269, 24.3178119659, -60.6902694702, -167.246414185, -55.8690567017, 188.788894653, 246.835998535, 103.67539978, -87.4994049072, -202.298477173, -256.241516113, -168.594299316], [49.8997764587, 102.271987915, 11.7713947296, -22.0847206116, -52.2642402649, -24.4511833191, 57.4940032959, 103.67539978, 85.2605438232, -13.1131877899, -95.8838043213, -121.61075592, -85.9657363892], [-34.7619972229, -31.2138080597, -9.89117717743, 38.1365203857, 97.130859375, 30.0161266327, -74.9936599731, -87.4994049072, -13.1131877899, 78.515953064, 81.5408706665, 94.102394104, 61.0954246521], [2.90716958046, -144.595474243, -19.8887691498, 54.6406135559, 130.167068481, 54.4164657593, -151.424087524, -202.298477173, -95.8838043213, 81.5408706665, 211.127792358, 241.632873535, 158.742019653], [-62.7183952332, -224.813537598, -30.536031723, 88.554359436, 202.270980835, 87.9653625488, -189.164276123, -256.241516113, -121.61075592, 94.102394104, 241.632873535, 332.077178955, 217.999832153], [-53.6771965027, -168.564666748, -15.3684062958, 60.7581062317, 144.604095459, 71.9214324951, -108.334022522, -168.594299316, -85.9657363892, 61.0954246521, 158.742019653, 217.999832153, 171.194290161]],
