{
"lowlevel": {
    "average_loudness": 0.563013553619,
    "barkbands_crest": {
        "dmean": 2.01613354683,
        "dmean2": 3.59954023361,
        "dvar": 4.98745250702,
        "dvar2": 15.6752290726,
        "max": 26.6626472473,
        "mean": 18.2755012512,
        "median": 19.1492156982,
        "min": 3.89655423164,
        "var": 44.8711395264
    },
    "barkbands_flatness_db": {
        "dmean": 0.0146493194625,
        "dmean2": 0.0233203638345,
        "dvar": 0.000337120436598,
        "dvar2": 0.000643900828436,
        "max": 0.420564830303,
        "mean": 0.220117762685,
        "median": 0.1890501827,
        "min": 0.0356567278504,
        "var": 0.00848416890949
    },
    "barkbands_kurtosis": {
        "dmean": 13.6280698776,
        "dmean2": 21.9991798401,
        "dvar": 710.692321777,
        "dvar2": 1848.05639648,
        "max": 229.734710693,
        "mean": 25.4362430573,
        "median": 8.77334117889,
        "min": 0.88712978363,
        "var": 1523.1036377
    },
    "barkbands_skewness": {
        "dmean": 0.671482622623,
        "dmean2": 1.04150354862,
        "dvar": 1.27994203568,
        "dvar2": 2.10852217674,
        "max": 5.85897159576,
        "mean": 0.124395474792,
        "median": 0.510790348053,
        "min": -5.64648008347,
        "var": 5.33368349075
    },
    "barkbands_spread": {
        "dmean": 2.17876434326,
        "dmean2": 3.48702859879,
        "dvar": 7.29313373566,
        "dvar2": 12.4738149643,
        "max": 44.3969078064,
        "mean": 10.8007364273,
        "median": 11.3913555145,
        "min": 0.348578602076,
        "var": 63.9237709045
    },
    "dissonance": {
        "dmean": 0.0677403956652,
        "dmean2": 0.116369657218,
        "dvar": 0.00372546468861,
        "dvar2": 0.0112510602921,
        "max": 0.485137254,
        "mean": 0.353691339493,
        "median": 0.377258002758,
        "min": 0.126652792096,
        "var": 0.00928317755461
    },
    "dynamic_complexity": 7.79057312012,
    "erbbands_crest": {
        "dmean": 0.789174318314,
        "dmean2": 1.25205218792,
        "dvar": 1.20311331749,
        "dvar2": 2.9196639061,
        "max": 27.3073863983,
        "mean": 21.744512558,
        "median": 25.2465229034,
        "min": 3.90472316742,
        "var": 48.3665351868
    },
    "erbbands_flatness_db": {
        "dmean": 0.00869875308126,
        "dmean2": 0.0137326847762,
        "dvar": 0.000122487574117,
        "dvar2": 0.000178402231541,
        "max": 0.443459808826,
        "mean": 0.235998541117,
        "median": 0.223626643419,
        "min": 0.0575315728784,
        "var": 0.0131700783968
    },
    "erbbands_kurtosis": {
        "dmean": 5.75069522858,
        "dmean2": 9.80026054382,
        "dvar": 45.7017707825,
        "dvar2": 130.347167969,
        "max": 124.126205444,
        "mean": 45.2358398438,
        "median": 31.1883430481,
        "min": -0.321645498276,
        "var": 1672.46179199
    },
    "erbbands_skewness": {
        "dmean": 0.635896444321,
        "dmean2": 1.04156219959,
        "dvar": 0.453324317932,
        "dvar2": 1.12929213047,
        "max": 5.98197174072,
        "mean": 2.32740020752,
        "median": 2.1830728054,
        "min": 0.369402050972,
        "var": 1.17137908936
    },
    "erbbands_spread": {
        "dmean": 1.56817936897,
        "dmean2": 2.54434418678,
        "dvar": 7.72569847107,
        "dvar2": 20.8862686157,
        "max": 63.8912162781,
        "mean": 12.0292358398,
        "median": 4.58813619614,
        "min": 0.440991401672,
        "var": 236.560150146
    },
    "hfc": {
        "dmean": 0.879847705364,
        "dmean2": 0.624537348747,
        "dvar": 11.6275720596,
        "dvar2": 14.1253376007,
        "max": 86.8847427368,
        "mean": 10.7829046249,
        "median": 2.03146529198,
        "min": 0.0119974678382,
        "var": 292.138000488
    },
    "melbands_crest": {
        "dmean": 2.41546416283,
        "dmean2": 4.08938789368,
        "dvar": 6.75668048859,
        "dvar2": 21.28307724,
        "max": 26.6904621124,
        "mean": 18.8802375793,
        "median": 18.7461128235,
        "min": 6.27602672577,
        "var": 31.4641036987
    },
    "melbands_flatness_db": {
        "dmean": 0.0174366068095,
        "dmean2": 0.0289358962327,
        "dvar": 0.000519269669894,
        "dvar2": 0.00105053232983,
        "max": 0.487018078566,
        "mean": 0.313519269228,
        "median": 0.288672149181,
        "min": 0.115147836506,
        "var": 0.00628559477627
    },
    "melbands_kurtosis": {
        "dmean": 5.16895437241,
        "dmean2": 8.04295539856,
        "dvar": 46.1706428528,
        "dvar2": 124.664741516,
        "max": 65.871421814,
        "mean": 10.6561288834,
        "median": 5.35904693604,
        "min": -1.41443324089,
        "var": 184.040893555
    },
    "melbands_skewness": {
        "dmean": 0.571683168411,
        "dmean2": 0.929557144642,
        "dvar": 0.469780832529,
        "dvar2": 0.924285292625,
        "max": 5.72155952454,
        "mean": -0.457893133163,
        "median": -0.426270514727,
        "min": -5.36125469208,
        "var": 6.72722864151
    },
    "melbands_spread": {
        "dmean": 2.69084715843,
        "dmean2": 4.31480789185,
        "dvar": 8.37757110596,
        "dvar2": 20.1744689941,
        "max": 29.8608627319,
        "mean": 11.999584198,
        "median": 12.3261356354,
        "min": 0.939160168171,
        "var": 50.1982192993
    },
    "pitch_salience": {
        "dmean": 0.0507065840065,
        "dmean2": 0.0873998850584,
        "dvar": 0.00318741216324,
        "dvar2": 0.00788069143891,
        "max": 0.774806380272,
        "mean": 0.330583840609,
        "median": 0.344904392958,
        "min": 0.07167057693,
        "var": 0.0276473946869
    },
    "silence_rate_20dB": {
        "dmean": 0,
        "dmean2": 0,
        "dvar": 0,
        "dvar2": 0,
        "max": 1,
        "mean": 1,
        "median": 1,
        "min": 1,
        "var": 0
    },
    "silence_rate_30dB": {
        "dmean": 0.0133333336562,
        "dmean2": 0.0201342273504,
        "dvar": 0.0131555199623,
        "dvar2": 0.0331515856087,
        "max": 1,
        "mean": 0.993377506733,
        "median": 1,
        "min": 0,
        "var": 0.00657867034897
    },
    "silence_rate_60dB": {
        "dmean": 0.0066666668281,
        "dmean2": 0.0134228188545,
        "dvar": 0.00662223342806,
        "dvar2": 0.0132426209748,
        "max": 1,
        "mean": 0.543046355247,
        "median": 1,
        "min": 0,
        "var": 0.248146787286
    },
    "spectral_centroid": {
        "dmean": 36.3757553101,
        "dmean2": 56.584903717,
        "dvar": 4013.44335938,
        "dvar2": 6181.85986328,
        "max": 1225.49035645,
        "mean": 791.190124512,
        "median": 817.097595215,
        "min": 430.581726074,
        "var": 8781
    },
    "spectral_complexity": {
        "dmean": 0.819999992847,
        "dmean2": 1.44966447353,
        "dvar": 0.560933589935,
        "dvar2": 1.40182900429,
        "max": 7,
        "mean": 3.80794692039,
        "median": 4,
        "min": 0,
        "var": 1.06907689571
    },
    "spectral_decrease": {
        "dmean": 3.26353638558e-10,
        "dmean2": 3.09685499467e-10,
        "dvar": 1.09294909048e-18,
        "dvar2": 1.31199602926e-18,
        "max": -1.5422461485e-12,
        "mean": -3.28310600928e-09,
        "median": -6.74430400416e-10,
        "min": -2.58882053572e-08,
        "var": 2.58430430495e-17
    },
    "spectral_energy": {
        "dmean": 0.00130937620997,
        "dmean2": 0.00122065190226,
        "dvar": 1.80941769941e-05,
        "dvar2": 2.17216093006e-05,
        "max": 0.10558886081,
        "mean": 0.013369246386,
        "median": 0.00272971647792,
        "min": 6.90900378686e-06,
        "var": 0.00043001017184
    },
    "spectral_energyband_high": {
        "dmean": 2.33679179473e-06,
        "dmean2": 3.45681905856e-06,
        "dvar": 6.86537077188e-11,
        "dvar2": 7.27723506455e-11,
        "max": 0.000120235810755,
        "mean": 2.18341701839e-05,
        "median": 2.12390896195e-05,
        "min": 6.43288217361e-07,
        "var": 7.01589758512e-11
    },
    "spectral_energyband_low": {
        "dmean": 0.000357477605576,
        "dmean2": 0.000604076310992,
        "dvar": 1.54182444589e-07,
        "dvar2": 4.75254125831e-07,
        "max": 0.00285282195546,
        "mean": 0.000573506229557,
        "median": 0.000536766310688,
        "min": 1.19857304526e-06,
        "var": 1.43525610952e-07
    },
    "spectral_energyband_middle_high": {
        "dmean": 0.00108836195432,
        "dmean2": 0.000755481538363,
        "dvar": 2.16798671318e-05,
        "dvar2": 2.61856675934e-05,
        "max": 0.104255765676,
        "mean": 0.0122999837622,
        "median": 0.0017953076167,
        "min": 1.32904699512e-06,
        "var": 0.000421062955866
    },
    "spectral_energyband_middle_low": {
        "dmean": 0.000194706546608,
        "dmean2": 0.000274322112091,
        "dvar": 2.37515337176e-07,
        "dvar2": 2.14721055158e-07,
        "max": 0.014560289681,
        "mean": 0.00148711970542,
        "median": 0.000578313425649,
        "min": 3.44999989466e-06,
        "var": 4.08917094319e-06
    },
    "spectral_entropy": {
        "dmean": 0.0981587693095,
        "dmean2": 0.144436106086,
        "dvar": 0.0443832427263,
        "dvar2": 0.0523159578443,
        "max": 8.55312633514,
        "mean": 6.64904069901,
        "median": 7.0262260437,
        "min": 4.4429693222,
        "var": 1.02827250957
    },
    "spectral_flux": {
        "dmean": 0.00598163437098,
        "dmean2": 0.00899140816182,
        "dvar": 0.0001761494932,
        "dvar2": 0.000201666043722,
        "max": 0.236373081803,
        "mean": 0.0202855579555,
        "median": 0.0166994500905,
        "min": 0.006736879237,
        "var": 0.000491245475132
    },
    "spectral_kurtosis": {
        "dmean": 1.11447155476,
        "dmean2": 1.67542421818,
        "dvar": 2.93625640869,
        "dvar2": 3.55455899239,
        "max": 34.3335494995,
        "mean": 11.258055687,
        "median": 7.89298343658,
        "min": 4.54922866821,
        "var": 52.8002166748
    },
    "spectral_rms": {
        "dmean": 0.000179145266884,
        "dmean2": 0.00023051831522,
        "dvar": 6.65428174784e-08,
        "dvar2": 1.10891626548e-07,
        "max": 0.0101495580748,
        "mean": 0.00280504534021,
        "median": 0.00163191242609,
        "min": 8.21004941827e-05,
        "var": 5.17489797858e-06
    },
    "spectral_rolloff": {
        "dmean": 35.314453125,
        "dmean2": 55.6394844055,
        "dvar": 20335.59375,
        "dvar2": 26869.1074219,
        "max": 1937.98828125,
        "mean": 791.02557373,
        "median": 839.794921875,
        "min": 258.3984375,
        "var": 31681.8671875
    },
    "spectral_skewness": {
        "dmean": 0.119548514485,
        "dmean2": 0.176377251744,
        "dvar": 0.0245726723224,
        "dvar2": 0.0276669878513,
        "max": 5.0071015358,
        "mean": 2.74156332016,
        "median": 2.39805197716,
        "min": 1.8435498476,
        "var": 0.678585469723
    },
    "spectral_spread": {
        "dmean": 330329.1875,
        "dmean2": 465897.125,
        "dvar": 801589362688,
        "dvar2": 737228947456,
        "max": 19116942,
        "mean": 5597580.5,
        "median": 6011989,
        "min": 2364700,
        "var": 3.25017193677e+12
    },
    "spectral_strongpeak": {
        "dmean": 0.210393413901,
        "dmean2": 0.266531974077,
        "dvar": 0.444043368101,
        "dvar2": 0.576239109039,
        "max": 10.7370615005,
        "mean": 2.49502635002,
        "median": 1.44661211967,
        "min": 0,
        "var": 7.1353468895
    },
    "zerocrossingrate": {
        "dmean": 0.00560872396454,
        "dmean2": 0.00786820985377,
        "dvar": 5.06551696162e-05,
        "dvar2": 0.000109504631837,
        "max": 0.1083984375,
        "mean": 0.0534199103713,
        "median": 0.0478515625,
        "min": 0.0185546875,
        "var": 0.000320842460496
    },
    "barkbands": {
        "dmean": [2.53682719631e-05, 0.00030887950561, 0.000116185896331, 5.96865029365e-05, 5.33833590453e-05, 5.22216578247e-05, 2.53061352851e-05, 1.51127542267e-05, 2.0315474103e-05, 0.00108646636363, 1.167769733e-05, 4.52731774203e-06, 2.56471412285e-06, 1.9960134523e-06, 2.33696937357e-06, 9.12791790597e-07, 7.83797759141e-07, 7.73314411617e-07, 9.59858539318e-07, 9.42626911637e-07, 6.02739362421e-07, 4.67747156563e-07, 4.00983282134e-07, 4.06005199238e-07, 4.7970848982e-07, 5.68507800836e-07, 1.27613134282e-06],
        "dmean2": [4.78245019622e-05, 0.000549331598449, 0.000201746472158, 9.95599257294e-05, 9.31917747948e-05, 8.81892119651e-05, 4.26173428423e-05, 2.43712984229e-05, 2.29880643019e-05, 0.000753318716306, 1.31396100187e-05, 6.21774279352e-06, 3.60477702088e-06, 2.95685958918e-06, 3.3348769648e-06, 1.34849108235e-06, 1.19774801988e-06, 1.17077399864e-06, 1.59189755777e-06, 1.57594467964e-06, 9.11760992039e-07, 7.24453627754e-07, 6.52307448945e-07, 6.32059595773e-07, 7.65335983033e-07, 9.07637343062e-07, 2.13436192098e-06],
        "dvar": [5.32691224464e-10, 1.02993546136e-07, 2.34954455891e-08, 4.85043871734e-09, 4.59069715575e-09, 2.92455148987e-09, 6.80935530184e-10, 5.43725287017e-10, 3.99326580691e-08, 2.15038089664e-05, 1.42958027638e-08, 8.38438984907e-10, 1.63632690731e-10, 6.10792666444e-11, 2.07145030295e-11, 1.84590589342e-11, 9.28762882574e-12, 6.92917077882e-12, 3.41013263634e-12, 2.55406047873e-12, 2.48668316841e-12, 1.99942363013e-12, 1.00608898383e-12, 1.19740176975e-12, 1.04046437265e-12, 8.05243675558e-13, 1.36802830349e-12],
        "dvar2": [1.61128221876e-09, 3.10618503363e-07, 6.74269813317e-08, 1.10589839508e-08, 1.27072556921e-08, 8.43971292852e-09, 1.93002036575e-09, 9.66155044857e-10, 3.98183459538e-08, 2.59952139459e-05, 1.43878899905e-08, 8.57152571143e-10, 1.69357181057e-10, 5.68708795334e-11, 2.06550748727e-11, 1.91691662543e-11, 1.02367307339e-11, 6.80346924631e-12, 4.10725706917e-12, 3.37590068747e-12, 2.72123404539e-12, 2.03466779015e-12, 1.13268021264e-12, 1.34471730626e-12, 1.25476116043e-12, 1.02372645951e-12, 2.76523162007e-12],
        "max": [0.000114944763482, 0.00194488139823, 0.00108702399302, 0.000474101223517, 0.000468316371553, 0.000532695907168, 0.000261179928202, 0.00035964185372, 0.00247269682586, 0.104244023561, 0.00147450261284, 0.000357720535249, 0.000159131202963, 0.000108574960905, 0.000100913232018, 5.39245193067e-05, 4.15511894971e-05, 3.40910919476e-05, 2.47655079875e-05, 2.07773427974e-05, 2.09972240555e-05, 1.87232562894e-05, 1.36780145112e-05, 1.4659518456e-05, 1.44376563185e-05, 1.29483069031e-05, 1.5726824131e-05],
        "mean": [2.42799833359e-05, 0.000398931704694, 0.000122889221529, 8.04080482339e-05, 8.28432457638e-05, 0.000184273594641, 6.20437494945e-05, 3.65814339602e-05, 2.36935593421e-05, 0.0122827701271, 1.32942304845e-05, 5.70172960579e-06, 3.86227611671e-06, 3.76008574676e-06, 8.43526959216e-06, 1.65279436715e-06, 1.7476239691e-06, 1.58558646035e-06, 2.3584786959e-06, 2.69171300715e-06, 2.02978662855e-06, 1.46447530369e-06, 1.50412108724e-06, 1.70461544258e-06, 2.01508191822e-06, 3.13077157443e-06, 9.78663683782e-06],
        "median": [1.8866483515e-05, 0.000346342712874, 8.49454008858e-05, 5.1500122936e-05, 6.33177696727e-05, 0.0001427148527, 4.44543002232e-05, 2.4794260753e-05, 6.13421343587e-06, 0.00177388242446, 3.2883917811e-06, 2.99754219668e-06, 2.50659991252e-06, 2.74565491054e-06, 4.51872801932e-06, 1.23409859043e-06, 1.34093465931e-06, 1.33523519708e-06, 2.14707642954e-06, 2.51950541497e-06, 1.81963616797e-06, 1.29034287966e-06, 1.38512700687e-06, 1.57891508934e-06, 1.89075672097e-06, 2.97233600577e-06, 9.85831047728e-06],
        "min": [9.85484234661e-07, 3.58594974159e-07, 1.49068981159e-07, 5.34352864179e-07, 8.10198230283e-07, 3.81959182505e-07, 7.27332519546e-07, 1.84797656289e-07, 5.9649147488e-07, 4.76262727034e-07, 4.70585383994e-08, 1.69440781406e-07, 2.04798624281e-07, 1.52005185328e-07, 1.18249737113e-07, 9.14340461122e-08, 6.42099493575e-08, 5.68592213313e-08, 3.4932625681e-08, 6.60335217617e-08, 6.88709107521e-08, 1.31463352204e-07, 5.24947623148e-08, 3.20543023236e-08, 9.79446355132e-08, 6.68209381161e-08, 1.69401673134e-07],
        "var": [4.84155382452e-10, 9.48146805513e-08, 1.81543811095e-08, 8.63057358913e-09, 4.97663821264e-09, 1.59757131968e-08, 2.29488317238e-09, 1.64596503094e-09, 4.00075315099e-08, 0.000421279371949, 1.42380551793e-08, 8.30567781218e-10, 1.63447075319e-10, 7.65518898271e-11, 1.21716303703e-10, 1.85588783924e-11, 1.11006013409e-11, 7.32537034503e-12, 3.89763958955e-12, 2.73572852739e-12, 2.68782977646e-12, 2.10726813603e-12, 1.07675673933e-12, 1.22936144771e-12, 1.15779434651e-12, 9.09196383545e-13, 1.89265183387e-12]
    },
    "erbbands": {
        "dmean": [0.0114975804463, 0.062662884593, 0.130563139915, 0.120808117092, 0.247655138373, 0.147974848747, 0.261348128319, 0.475746363401, 0.585786819458, 0.183995828032, 0.394877225161, 0.559463858604, 27.8456859589, 11.2295417786, 0.44144693017, 0.162137672305, 0.122039452195, 0.0970047786832, 0.0807134658098, 0.131937459111, 0.0411000400782, 0.0424935929477, 0.0437729917467, 0.035772267729, 0.0525153875351, 0.0445313043892, 0.0321959666908, 0.0205376315862, 0.0180350542068, 0.0145637961105, 0.0117644267157, 0.0103259049356, 0.00741164665669, 0.00527671258897, 0.00388363888487, 0.00199061096646, 0.0013114757603, 0.000580934109166, 0.000198248919332, 2.27956988965e-05],
        "dmean2": [0.020620033145, 0.109913729131, 0.225031733513, 0.207776203752, 0.422189891338, 0.253250896931, 0.440769165754, 0.82813090086, 0.995938777924, 0.302288860083, 0.615183889866, 0.386161834002, 19.8319854736, 7.46933174133, 0.35070681572, 0.21740989387, 0.175240218639, 0.142158016562, 0.117152169347, 0.192517191172, 0.0608103722334, 0.0635974630713, 0.0664482861757, 0.0548143312335, 0.0871425643563, 0.0756418332458, 0.0496165975928, 0.0310870632529, 0.0280915070325, 0.0229273121804, 0.0193465035409, 0.0161677934229, 0.0116504374892, 0.00841112434864, 0.00617303419858, 0.00314473942854, 0.00212978408672, 0.00095590937417, 0.000330678449245, 3.78776239813e-05],
        "dvar": [0.000120085242088, 0.0045281033963, 0.0252015087754, 0.0168399754912, 0.112206995487, 0.0244200993329, 0.0507206656039, 0.238540187478, 0.391176700592, 0.100313685834, 0.575469851494, 2.39609360695, 14074.5498047, 1733.1829834, 4.5561709404, 1.09490573406, 0.401811003685, 0.181240648031, 0.113683722913, 0.0581335015595, 0.0366178564727, 0.0323803275824, 0.0241680443287, 0.00974225345999, 0.00966495554894, 0.00547634251416, 0.00447786925361, 0.00339986407198, 0.00279787811451, 0.00160388997756, 0.000716854527127, 0.000538609630894, 0.000314194621751, 0.000109418739157, 5.81068416068e-05, 1.52595821419e-05, 2.79496907751e-06, 5.28679834133e-07, 3.23845945616e-08, 3.52165130391e-10],
        "dvar2": [0.000343623803928, 0.0140175959095, 0.0717540308833, 0.039969086647, 0.292482733727, 0.0659328103065, 0.143124729395, 0.710089027882, 1.17566800117, 0.178709164262, 0.865416944027, 0.966909706593, 16930.5214844, 2135.82958984, 3.5797393322, 1.08717644215, 0.411766499281, 0.180967330933, 0.106279157102, 0.0528665482998, 0.0378606393933, 0.0348176695406, 0.0236573815346, 0.0101944347844, 0.012319970876, 0.00727015687153, 0.00530647858977, 0.00373479863629, 0.00280953547917, 0.0016747211339, 0.000844911613967, 0.000627817120403, 0.000349432288203, 0.000133886293042, 7.33385240892e-05, 1.81029154191e-05, 4.24999370807e-06, 7.48308195853e-07, 6.94969699566e-08, 8.18887124776e-10],
        "max": [0.0683210417628, 0.423718243837, 1.08463776112, 0.900901556015, 2.41047525406, 1.06544101238, 1.27305662632, 4.90998363495, 5.99598789215, 3.81546401978, 13.1381845474, 74.1727828979, 2651.08911133, 1170.16027832, 58.8122291565, 14.932964325, 8.14581775665, 5.60675477982, 4.77881622314, 5.90139245987, 2.62822842598, 2.48324632645, 2.02693200111, 1.32356643677, 1.28672039509, 0.959728121758, 0.882441401482, 0.774177789688, 0.699526548386, 0.543151557446, 0.361973494291, 0.306146621704, 0.241966992617, 0.148828625679, 0.105746619403, 0.0564620271325, 0.0221283677965, 0.0101054497063, 0.00225972686894, 0.000295601523248],
        "mean": [0.0137287434191, 0.080587528646, 0.152165323496, 0.188115268946, 0.33452346921, 0.216545969248, 0.375677704811, 1.53744614124, 1.92792129517, 0.354084253311, 1.13725972176, 7.36022281647, 313.919250488, 137.772277832, 4.28350019455, 0.449384629726, 0.214057952166, 0.189576998353, 0.187263965607, 0.515474796295, 0.113508045673, 0.101779125631, 0.0906954407692, 0.0950991362333, 0.129277467728, 0.127621129155, 0.102585010231, 0.0678776800632, 0.0533501058817, 0.048990778625, 0.0419809035957, 0.0351785644889, 0.0285380631685, 0.0210125911981, 0.0153777664527, 0.00988496188074, 0.00619350979105, 0.00324583239853, 0.00121832534205, 0.000185477096238],
        "median": [0.011350935325, 0.0666879788041, 0.111993215978, 0.137794628739, 0.20929582417, 0.159279569983, 0.302581369877, 1.11418008804, 1.31871521473, 0.288652092218, 0.681773841381, 1.13680577278, 46.1909599304, 19.217716217, 0.669218063354, 0.177379921079, 0.143648251891, 0.14852835238, 0.13497069478, 0.232413321733, 0.0887980684638, 0.0785198360682, 0.0736905261874, 0.0831873044372, 0.116543337703, 0.119215875864, 0.0948884487152, 0.0602422654629, 0.0481344759464, 0.0455196090043, 0.0389616675675, 0.0322312489152, 0.0270902235061, 0.0198603533208, 0.0145436888561, 0.00959436129779, 0.0059827035293, 0.00318591413088, 0.00121014879551, 0.000182012459845],
        "min": [2.5838986403e-05, 3.28010464727e-05, 0.000113683592645, 0.0010814772686, 0.0024221171625, 0.00245309364982, 0.0028528640978, 0.00337371556088, 0.00995158217847, 0.0081282723695, 0.00428886152804, 0.0130756758153, 0.0186861902475, 0.00691449968144, 0.00229433760978, 0.00758753996342, 0.00915684457868, 0.00803177710623, 0.00554839149117, 0.0085125984624, 0.00286025507376, 0.00355638773181, 0.00422022165731, 0.00226667104289, 0.00156569213141, 0.00208901870064, 0.00365411373787, 0.00260285381228, 0.00522749824449, 0.00244149751961, 0.00163450324908, 0.00069135701051, 0.00067369901808, 0.00126872945111, 0.000581143482123, 0.000365496642189, 0.000110938497528, 7.1931463026e-05, 2.86598260573e-05, 2.14557985601e-06],
        "var": [0.000124581449199, 0.0041139787063, 0.0212648622692, 0.0261498074979, 0.14194779098, 0.0310813542455, 0.0666962489486, 1.21838772297, 2.13396549225, 0.13643668592, 2.12297821045, 156.996505737, 272357.875, 53972.2734375, 61.0395393372, 1.55973482132, 0.428200006485, 0.199737042189, 0.149450913072, 0.479819327593, 0.04387133196, 0.0397710464895, 0.0258649941534, 0.0107674719766, 0.0105826696381, 0.0058935652487, 0.00489486614242, 0.00366371311247, 0.0029696370475, 0.001740335254, 0.000761626462918, 0.000566118978895, 0.000333926844178, 0.000125635240693, 6.36064651189e-05, 1.74951474037e-05, 3.40531573784e-06, 6.16183115199e-07, 4.21704910991e-08, 1.20302312556e-09]
    },
    "gfcc": {
        "mean": [-128.474563599, 80.1641998291, -57.7605361938, -19.3955669403, -52.8443717957, 5.26120948792, 2.18124723434, 17.0072860718, -17.0254516602, -11.0620727539, -20.63123703, 3.38197469711, 11.1022977829],
        "cov": [[751.271850586, 284.283325195, -187.392288208, -350.334442139, -153.594650269, 67.1763839722, 182.526519775, 132.283828735, -12.2800617218, -136.522293091, -96.5453262329, 38.824886322, 161.025787354], [284.283325195, 207.205108643, -78.7997970581, -206.0675354, -85.0176467896, 43.5708045959, 111.621772766, 74.7543716431, -5.88396263123, -83.8486099243, -64.0263442993, 20.2266788483, 99.0729522705], [-187.392288208, -78.7997970581, 203.315338135, 262.101257324, 127.049819946, -27.1658782959, -89.4365692139, -68.8707733154, 1.38087785244, 68.7576141357, 58.6138420105, -28.6074028015, -94.404006958], [-350.334442139, -206.0675354, 262.101257324, 433.3699646, 209.362930298, -49.0023956299, -171.534469604, -123.754493713, 8.22267246246, 130.920959473, 104.014976501, -45.9064598083, -170.178573608], [-153.594650269, -85.0176467896, 127.049819946, 209.362930298, 119.226379395, -10.4573173523, -76.9835739136, -56.2468147278, 6.89860105515, 62.1727981567, 48.4021759033, -25.7472438812, -83.4564971924], [67.1763839722, 43.5708045959, -27.1658782959, -49.0023956299, -10.4573173523, 35.4496269226, 42.9038162231, 29.6465568542, 7.28094577789, -15.0632352829, -11.7213554382, 6.69251918793, 27.2528533936], [182.526519775, 111.621772766, -89.4365692139, -171.534469604, -76.9835739136, 42.9038162231, 113.585205078, 82.2727508545, 6.57362365723, -58.2350196838, -41.1873512268, 26.3029155731, 87.5361557007], [132.283828735, 74.7543716431, -68.8707733154, -123.754493713, -56.2468147278, 29.6465568542, 82.2727508545, 71.3665466309, 12.3235578537, -38.8864097595, -27.2210006714, 23.3745803833, 65.5227508545], [-12.2800617218, -5.88396263123, 1.38087785244, 8.22267246246, 6.89860105515, 7.28094577789, 6.57362365723, 12.3235578537, 22.1329174042, 15.7487955093, 8.63583660126, 4.3353934288, 3.92369294167], [-136.522293091, -83.8486099243, 68.7576141357, 130.920959473, 62.1727981567, -15.0632352829, -58.2350196838, -38.8864097595, 15.7487955093, 64.1620483398, 45.7173919678, -13.1415166855, -54.7093696594], [-96.5453262329, -64.0263442993, 58.6138420105, 104.014976501, 48.4021759033, -11.7213554382, -41.1873512268, -27.2210006714, 8.63583660126, 45.7173919678, 45.6475601196, -3.48323655128, -41.8911476135], [38.824886322, 20.2266788483, -28.6074028015, -45.9064598083, -25.7472438812, 6.69251918793, 26.3029155731, 23.3745803833, 4.3353934288, -13.1415166855, -3.48323655128, 23.8013191223, 32.1719017029], [161.025787354, 99.0729522705, -94.404006958, -170.178573608, -83.4564971924, 27.2528533936, 87.5361557007, 65.5227508545, 3.92369294167, -54.7093696594, -41.8911476135, 32.1719017029, 96.5655441284]],
        "icov": [[0.00342724053189, -0.00512190256268, 0.00414363993332, -0.00339117995463, 0.00122438999824, 0.000131666529342, 0.00054458033992, -0.00289563345723, 0.00198942772113, 0.00220865290612, -0.0033175565768, 0.00240485020913, -0.000963328930084], [-0.00512190256268, 0.0322177782655, -0.026619259268, 0.0278754644096, -0.0145533010364, -0.00664471974596, -0.0019465344958, 0.00641447072849, -0.0069625726901, 0.0077010281384, 0.00857852492481, 0.000110239197966, -0.00637117912993], [0.00414363993332, -0.026619259268, 0.0521069578826, -0.0478992201388, 0.0108952289447, 0.0140484487638, -0.013985818252, 0.00419306010008, 0.00208646827377, 0.00886525213718, -0.0171327777207, 0.0139510333538, -0.00493007525802], [-0.00339117995463, 0.0278754644096, -0.0478992201388, 0.0786787196994, -0.0582928881049, 0.00917745009065, 0.00740566663444, -0.00102805218194, 0.00515572167933, -0.0204393528402, 0.0115836961195, -0.0210291091353, 0.0101416036487], [0.00122438999824, -0.0145533010364, 0.0108952289447, -0.0582928881049, 0.102268613875, -0.0488662458956, 0.0183718223125, -0.00501185050234, -0.0122333178297, 0.0144135951996, -0.0092114135623, 0.017094515264, 0.00870567653328], [0.000131666529342, -0.00664471974596, 0.0140484487638, 0.00917745009065, -0.0488662458956, 0.0946443602443, -0.0567490197718, 0.0193387810141, -0.0090311774984, -0.0109586687759, 0.00300447759219, -0.00276060774922, 0.00226416857913], [0.00054458033992, -0.0019465344958, -0.013985818252, 0.00740566663444, 0.0183718223125, -0.0567490197718, 0.126616150141, -0.0910596400499, 0.019725555554, 0.0171896684915, -0.0202853530645, 0.0258357245475, -0.0290992818773], [-0.00289563345723, 0.00641447072849, 0.00419306010008, -0.00102805218194, -0.00501185050234, 0.0193387810141, -0.0910596400499, 0.136008515954, -0.0696426928043, 0.0287562087178, -0.00237909774296, -0.0218878537416, 0.00638645840809], [0.00198942772113, -0.0069625726901, 0.00208646827377, 0.00515572167933, -0.0122333178297, -0.0090311774984, 0.019725555554, -0.0696426928043, 0.144862741232, -0.0994691029191, 0.0319244749844, -0.0168619118631, -0.00647209724411], [0.00220865290612, 0.0077010281384, 0.00886525213718, -0.0204393528402, 0.0144135951996, -0.0109586687759, 0.0171896684915, 0.0287562087178, -0.0994691029191, 0.16750305891, -0.099855735898, 0.0589027181268, -0.0224840976298], [-0.0033175565768, 0.00857852492481, -0.0171327777207, 0.0115836961195, -0.0092114135623, 0.00300447759219, -0.0202853530645, -0.00237909774296, 0.0319244749844, -0.099855735898, 0.139645248652, -0.0837298482656, 0.0421941652894], [0.00240485020913, 0.000110239197966, 0.0139510333538, -0.0210291091353, 0.017094515264, -0.00276060774922, 0.0258357245475, -0.0218878537416, -0.0168619118631, 0.0589027181268, -0.0837298482656, 0.146656438708, -0.0716862753034], [-0.000963328930084, -0.00637117912993, -0.00493007525802, 0.0101416036487, 0.00870567653328, 0.00226416857913, -0.0290992818773, 0.00638645840809, -0.00647209724411, -0.0224840976298, 0.0421941652894, -0.0716862753034, 0.0901933312416]]
    },
    "melbands": {
        "dmean": [9.36613214435e-05, 6.46807238809e-05, 2.53786402027e-05, 1.30451007863e-05, 7.9185992945e-06, 1.10401979327e-05, 7.84747226135e-06, 2.03710487767e-06, 3.14137946589e-06, 3.15900933856e-06, 0.000153501299792, 6.93787442287e-05, 1.37852111948e-06, 5.61752074191e-07, 3.47512781218e-07, 2.54680998069e-07, 1.85266259223e-07, 1.47755628177e-07, 1.66292579706e-07, 1.17612650286e-07, 5.06355029017e-08, 4.9924935297e-08, 4.33530473742e-08, 3.63644403478e-08, 3.20699093947e-08, 4.63953355734e-08, 3.53742883874e-08, 3.12272163683e-08, 2.55602543575e-08, 1.60202322519e-08, 1.23400329954e-08, 1.27918475812e-08, 9.15671272139e-09, 9.10822883782e-09, 7.97889132542e-09, 6.6783916175e-09, 6.88656820458e-09, 5.84227688449e-09, 5.22556220517e-09, 4.92554175224e-09],
        "dmean2": [0.000170216982951, 0.000112769077532, 4.31014414062e-05, 2.17299057113e-05, 1.36456746986e-05, 1.91070867004e-05, 1.33516277856e-05, 3.41003146787e-06, 4.79586242363e-06, 3.56276200364e-06, 0.000108762724267, 4.66967794637e-05, 1.56538385454e-06, 7.44371391193e-07, 5.05325715494e-07, 3.71600691551e-07, 2.71631563464e-07, 2.14879435134e-07, 2.42756584612e-07, 1.67613080748e-07, 7.71521868614e-08, 7.64225873695e-08, 6.38048618384e-08, 5.32300568068e-08, 5.01020558374e-08, 7.86213334436e-08, 5.73283571725e-08, 5.22308454265e-08, 3.98906045973e-08, 2.42192381705e-08, 1.89122744132e-08, 1.96093896676e-08, 1.4698969153e-08, 1.46355763064e-08, 1.29939428106e-08, 1.09492797051e-08, 1.07914575054e-08, 9.38486088842e-09, 8.30999002943e-09, 8.14779088643e-09],
        "dvar": [8.97158169977e-09, 5.11202280506e-09, 8.37946434462e-10, 2.41975606219e-10, 5.61450920478e-11, 1.40167141782e-10, 7.10776021373e-11, 1.18628770002e-11, 5.87370846405e-11, 9.85072023951e-10, 4.33236323261e-07, 7.97805128627e-08, 1.88780130417e-10, 1.58573189302e-11, 3.5358671286e-12, 1.40306624825e-12, 5.50212707427e-13, 3.38196728651e-13, 1.01932778353e-13, 9.72422622568e-14, 4.12042971899e-14, 3.08353806356e-14, 3.28358590047e-14, 1.220872802e-14, 5.85797737222e-15, 5.07232509101e-15, 4.52542344554e-15, 2.16266654379e-15, 1.88554108037e-15, 1.29387649649e-15, 1.08051503807e-15, 9.75297664149e-16, 6.30855210159e-16, 4.5639818676e-16, 2.36418674631e-16, 2.18781198737e-16, 2.00199744329e-16, 1.76224198825e-16, 1.22418032272e-16, 6.33021602801e-17],
        "dvar2": [2.57680685678e-08, 1.4267224735e-08, 2.05193173564e-09, 6.56019905065e-10, 1.62197269504e-10, 4.02056499205e-10, 2.13889225775e-10, 2.19203440122e-11, 7.73206845772e-11, 9.78881531388e-10, 5.21489255334e-07, 9.75855556362e-08, 1.90096619002e-10, 1.61805846499e-11, 3.63131226477e-12, 1.45800504916e-12, 5.39277119054e-13, 3.09896070394e-13, 1.01296229705e-13, 8.36895656942e-14, 4.5347907829e-14, 3.45827458738e-14, 3.29507539418e-14, 1.18189624212e-14, 6.32825175861e-15, 6.95522300506e-15, 5.9298095778e-15, 3.22847836044e-15, 2.4751285277e-15, 1.49900860632e-15, 1.17421466972e-15, 1.01295621959e-15, 6.74276924832e-16, 4.93844931023e-16, 2.95167238726e-16, 2.66191168043e-16, 2.49875275305e-16, 1.97846567688e-16, 1.4318953007e-16, 8.64413798634e-17],
        "max": [0.000574913865421, 0.000484535004944, 0.000196031294763, 0.000105626982986, 4.94969426654e-05, 0.00011705194629, 8.1832644355e-05, 4.09862077504e-05, 0.000113920053991, 0.000390632951166, 0.0145917218179, 0.00689360545948, 0.000169536913745, 4.91498649353e-05, 2.33298633248e-05, 1.47274258779e-05, 9.88422107184e-06, 8.11942209111e-06, 6.9795487434e-06, 6.20776836513e-06, 2.55322925113e-06, 2.50156926995e-06, 2.31029957831e-06, 1.45607725699e-06, 1.02391845758e-06, 9.14389374884e-07, 8.64476191964e-07, 5.86323380958e-07, 5.54532050501e-07, 4.72242447813e-07, 4.3703229835e-07, 4.1155229269e-07, 3.308036014e-07, 2.90899947686e-07, 2.04105901958e-07, 1.97188256834e-07, 1.82186923325e-07, 1.79128420541e-07, 1.49116345938e-07, 1.1428070934e-07],
        "mean": [0.000116845076263, 8.9233086328e-05, 4.05197497457e-05, 1.93750984181e-05, 1.13922442324e-05, 3.82557664125e-05, 2.69105166808e-05, 3.64852644452e-06, 7.30560486772e-06, 3.89150272895e-06, 0.00172500836197, 0.000808565993793, 1.62210949384e-06, 7.07168226199e-07, 4.59198844283e-07, 3.84432354394e-07, 3.4025771356e-07, 2.76979449154e-07, 5.92500612129e-07, 4.26852494684e-07, 9.7539796684e-08, 1.11533132952e-07, 8.40228793209e-08, 7.42094101724e-08, 7.40544905398e-08, 9.90095898601e-08, 8.7268176685e-08, 8.37063254266e-08, 7.02310032352e-08, 4.78549644356e-08, 3.51916114028e-08, 3.1023688507e-08, 2.63929571531e-08, 2.76473475225e-08, 2.48209559572e-08, 2.13549782302e-08, 2.14009823196e-08, 1.98388008243e-08, 1.87938820062e-08, 1.72298619816e-08],
        "median": [0.000103341488284, 7.56347071729e-05, 2.85393871309e-05, 1.36961234602e-05, 9.29416910367e-06, 2.82457531284e-05, 1.84294276551e-05, 2.82778137262e-06, 4.54274641015e-06, 1.02190017515e-06, 0.000252578582149, 0.000113611684355, 4.52304732335e-07, 3.28486379431e-07, 2.64775053438e-07, 2.55235164559e-07, 2.65134247002e-07, 1.8840113114e-07, 3.63352455679e-07, 2.15120564917e-07, 7.51765369955e-08, 8.22832078029e-08, 6.53521396998e-08, 6.17724325025e-08, 6.38300079459e-08, 8.78607906429e-08, 7.99744839242e-08, 7.87975196204e-08, 6.40722603862e-08, 4.30574438326e-08, 3.0772188353e-08, 2.68366093792e-08, 2.40108466443e-08, 2.45321167824e-08, 2.30850858429e-08, 1.98288834241e-08, 1.92054301351e-08, 1.84115513946e-08, 1.76652470429e-08, 1.6069590103e-08],
        "min": [2.11839321196e-07, 4.85998654653e-08, 2.31848204635e-07, 1.76939636276e-07, 1.02616397157e-07, 8.03204329713e-08, 1.52616820515e-07, 7.83912099678e-08, 3.85711551587e-08, 8.75916654763e-08, 9.39395121691e-08, 3.08508454339e-08, 6.43659570088e-09, 1.41328335701e-08, 2.39105002464e-08, 1.98348626412e-08, 1.42555531824e-08, 8.92048745982e-09, 1.1253566079e-08, 9.86469128605e-09, 1.83536719156e-09, 2.64737076705e-09, 6.52892850894e-09, 1.74033287781e-09, 2.00582084275e-09, 6.05314687263e-10, 1.61955659994e-09, 1.44136180769e-09, 2.68781286117e-09, 1.91796467597e-09, 1.28022492607e-09, 2.73288902619e-09, 2.83455081629e-09, 8.61518245632e-10, 8.65703342345e-10, 7.6010647776e-10, 3.11384307228e-10, 4.44391273779e-10, 6.22527418503e-10, 1.19796161879e-09],
        "var": [8.46692937984e-09, 4.802866993e-09, 1.40684186523e-09, 3.16553394608e-10, 6.5566593821e-11, 7.57792883999e-10, 4.04750177818e-10, 1.58463051708e-11, 1.12627705773e-10, 9.97991800311e-10, 8.24597009341e-06, 1.85387443707e-06, 1.88038501436e-10, 1.57075723956e-11, 3.5274116527e-12, 1.3979011091e-12, 6.2288775483e-13, 4.31693634832e-13, 5.62195092996e-13, 3.87730863041e-13, 4.14453627667e-14, 4.16089722627e-14, 3.38686022316e-14, 1.34648304469e-14, 6.63101013307e-15, 5.94954502195e-15, 4.78870796708e-15, 2.38026570805e-15, 2.156135708e-15, 1.42755417744e-15, 1.1907403884e-15, 1.0601281197e-15, 6.62928165647e-16, 5.11133773449e-16, 2.53822951765e-16, 2.32637069568e-16, 2.1074860001e-16, 1.87570906602e-16, 1.315002107e-16, 7.84190183234e-17]
    },
    "mfcc": {
        "mean": [-812.357543945, 141.776901245, 34.917263031, 9.78860473633, -11.0664052963, -4.43468666077, 8.66577911377, 12.3965187073, 17.6358032227, 11.1546468735, -12.6793718338, -17.1344947815, -3.48304200172],
        "cov": [[584.513671875, 185.715652466, -64.6647186279, -128.069351196, -116.876197815, -83.0660324097, -15.4684867859, 66.9747467041, 110.584999084, 43.342250824, -84.3330307007, -108.110961914, -25.0247535706], [185.715652466, 156.746841431, -6.62119293213, -75.6639480591, -67.5320892334, -56.567779541, -21.2226009369, 35.2003326416, 84.6778793335, 38.9147109985, -59.7932701111, -88.2179107666, -22.1549530029], [-64.6647186279, -6.62119293213, 68.6063995361, 71.6706085205, 49.0972175598, 31.9084434509, 17.424665451, -8.89360713959, -26.8865089417, -6.53781700134, 19.0560913086, 23.792016983, 5.14284563065], [-128.069351196, -75.6639480591, 71.6706085205, 140.010345459, 104.982727051, 67.4522399902, 30.6167411804, -25.9173469543, -71.7796325684, -25.9551315308, 51.3692550659, 71.7019729614, 14.295375824], [-116.876197815, -67.5320892334, 49.0972175598, 104.982727051, 103.476028442, 68.3285140991, 25.86810112, -25.9901809692, -62.9609909058, -23.1557331085, 50.8190345764, 69.5058517456, 10.2758703232], [-83.0660324097, -56.567779541, 31.9084434509, 67.4522399902, 68.3285140991, 64.0009155273, 26.706287384, -19.3150177002, -49.258682251, -19.1752262115, 39.954750061, 55.0287437439, 10.5944309235], [-15.4684867859, -21.2226009369, 17.424665451, 30.6167411804, 25.86810112, 26.706287384, 34.7363090515, 6.14676332474, -21.3063259125, -7.30990076065, 16.0889282227, 26.0388145447, 10.5482082367], [66.9747467041, 35.2003326416, -8.89360713959, -25.9173469543, -25.9901809692, -19.3150177002, 6.14676332474, 38.4867935181, 34.3295593262, 13.1602249146, -18.9806747437, -25.0765113831, -0.683931827545], [110.584999084, 84.6778793335, -26.8865089417, -71.7796325684, -62.9609909058, -49.258682251, -21.3063259125, 34.3295593262, 87.4347457886, 42.7589607239, -46.9484291077, -65.3355331421, -12.1778440475], [43.342250824, 38.9147109985, -6.53781700134, -25.9551315308, -23.1557331085, -19.1752262115, -7.30990076065, 13.1602249146, 42.7589607239, 41.9915962219, -14.3342838287, -27.6795806885, -3.36865139008], [-84.3330307007, -59.7932701111, 19.0560913086, 51.3692550659, 50.8190345764, 39.954750061, 16.0889282227, -18.9806747437, -46.9484291077, -14.3342838287, 52.6625137329, 57.6757888794, 10.6548843384], [-108.110961914, -88.2179107666, 23.792016983, 71.7019729614, 69.5058517456, 55.0287437439, 26.0388145447, -25.0765113831, -65.3355331421, -27.6795806885, 57.6757888794, 90.0263900757, 21.4874668121], [-25.0247535706, -22.1549530029, 5.14284563065, 14.295375824, 10.2758703232, 10.5944309235, 10.5482082367, -0.683931827545, -12.1778440475, -3.36865139008, 10.6548843384, 21.4874668121, 23.3084964752]],
