{
"lowlevel": {
    "average_loudness": 0.949848115444,
    "barkbands_crest": {
        "dmean": 0.33207243681,
        "dmean2": 0.515566051006,
        "dvar": 1.84935700893,
        "dvar2": 4.01385498047,
        "max": 26.9205818176,
        "mean": 26.1670665741,
        "median": 26.7180423737,
        "min": 6.38676691055,
        "var": 7.22073030472
    },
    "barkbands_flatness_db": {
        "dmean": 0.0143531151116,
        "dmean2": 0.0187368281186,
        "dvar": 0.0006949545932,
        "dvar2": 0.000709216285031,
        "max": 0.585192978382,
        "mean": 0.476163625717,
        "median": 0.495318770409,
        "min": 0.0642650350928,
        "var": 0.00772252772003
    },
    "barkbands_kurtosis": {
        "dmean": 307.659484863,
        "dmean2": 562.399780273,
        "dvar": 134423.921875,
        "dvar2": 407807.5,
        "max": 2386.25097656,
        "mean": 646.421264648,
        "median": 545.792541504,
        "min": 5.47683525085,
        "var": 332823.90625
    },
    "barkbands_skewness": {
        "dmean": 5.94489574432,
        "dmean2": 11.0328378677,
        "dvar": 38.5883750916,
        "dvar2": 118.777778625,
        "max": 28.9086418152,
        "mean": 10.8208732605,
        "median": 8.96488571167,
        "min": -0.932573497295,
        "var": 43.0727577209
    },
    "barkbands_spread": {
        "dmean": 0.293994426727,
        "dmean2": 0.298970282078,
        "dvar": 1.17120695114,
        "dvar2": 0.988891541958,
        "max": 19.6015949249,
        "mean": 0.655585885048,
        "median": 0.171888738871,
        "min": 0.0435065664351,
        "var": 4.98845672607
    },
    "dissonance": {
        "dmean": 0.0410240627825,
        "dmean2": 0.0704434067011,
        "dvar": 0.0012718642829,
        "dvar2": 0.00350111606531,
        "max": 0.490767717361,
        "mean": 0.170270994306,
        "median": 0.15179052949,
        "min": 0.0710311233997,
        "var": 0.00544499559328
    },
    "dynamic_complexity": 3.46750926971,
    "erbbands_crest": {
        "dmean": 0.40685737133,
        "dmean2": 0.489140748978,
        "dvar": 1.30931138992,
        "dvar2": 1.97974705696,
        "max": 25.7130451202,
        "mean": 24.3037834167,
        "median": 24.7528209686,
        "min": 5.99295806885,
        "var": 5.16186332703
    },
    "erbbands_flatness_db": {
        "dmean": 0.0122278090566,
        "dmean2": 0.0166880916804,
        "dvar": 0.000551784352865,
        "dvar2": 0.000645245891064,
        "max": 0.548517405987,
        "mean": 0.462881594896,
        "median": 0.483811855316,
        "min": 0.0955575853586,
        "var": 0.00620904983953
    },
    "erbbands_kurtosis": {
        "dmean": 10.475569725,
        "dmean2": 16.6549701691,
        "dvar": 451.372161865,
        "dvar2": 854.151977539,
        "max": 248.27784729,
        "mean": 97.3149642944,
        "median": 76.0894088745,
        "min": 0.816747188568,
        "var": 6273.01855469
    },
    "erbbands_skewness": {
        "dmean": 0.462883293629,
        "dmean2": 0.729782283306,
        "dvar": 0.644674062729,
        "dvar2": 1.42386448383,
        "max": 10.1543312073,
        "mean": 4.68894338608,
        "median": 3.78504490852,
        "min": 1.1563065052,
        "var": 4.62966442108
    },
    "erbbands_spread": {
        "dmean": 0.726166367531,
        "dmean2": 0.976251542568,
        "dvar": 9.11299037933,
        "dvar2": 14.7727880478,
        "max": 39.2416114807,
        "mean": 1.8696988821,
        "median": 0.504133582115,
        "min": 0.34814620018,
        "var": 28.4716720581
    },
    "hfc": {
        "dmean": 0.976673901081,
        "dmean2": 0.902226448059,
        "dvar": 2.05669689178,
        "dvar2": 1.80946958065,
        "max": 29.874704361,
        "mean": 10.6468868256,
        "median": 8.54308700562,
        "min": 0.00322144967504,
        "var": 69.7403182983
    },
    "melbands_crest": {
        "dmean": 0.351900607347,
        "dmean2": 0.531671583652,
        "dvar": 1.26350200176,
        "dvar2": 2.88655567169,
        "max": 23.1734390259,
        "mean": 22.3038463593,
        "median": 22.7565288544,
        "min": 6.80051851273,
        "var": 4.57970666885
    },
    "melbands_flatness_db": {
        "dmean": 0.0144271003082,
        "dmean2": 0.0194097086787,
        "dvar": 0.000773236795794,
        "dvar2": 0.000920609745663,
        "max": 0.677604794502,
        "mean": 0.570902526379,
        "median": 0.590851962566,
        "min": 0.151086598635,
        "var": 0.00823586154729
    },
    "melbands_kurtosis": {
        "dmean": 8.50006866455,
        "dmean2": 14.8008909225,
        "dvar": 141.764419556,
        "dvar2": 416.287353516,
        "max": 86.7783050537,
        "mean": 42.7473297119,
        "median": 38.5760116577,
        "min": 8.13659381866,
        "var": 281.506530762
    },
    "melbands_skewness": {
        "dmean": 1.00749969482,
        "dmean2": 1.78271663189,
        "dvar": 1.38462376595,
        "dvar2": 2.86172199249,
        "max": 7.56711101532,
        "mean": 0.405462861061,
        "median": -0.364685863256,
        "min": -3.74914598465,
        "var": 7.18141746521
    },
    "melbands_spread": {
        "dmean": 0.264714866877,
        "dmean2": 0.350837677717,
        "dvar": 0.585612118244,
        "dvar2": 0.740373313427,
        "max": 15.1149377823,
        "mean": 0.88658875227,
        "median": 0.462976902723,
        "min": 0.307724803686,
        "var": 3.19079470634
    },
    "pitch_salience": {
        "dmean": 0.0221168044955,
        "dmean2": 0.0258603841066,
        "dvar": 0.00226606498472,
        "dvar2": 0.00194097135682,
        "max": 0.925668179989,
        "mean": 0.108727805316,
        "median": 0.0887720435858,
        "min": 0.0373488776386,
        "var": 0.0128155080602
    },
    "silence_rate_20dB": {
        "dmean": 0,
        "dmean2": 0,
        "dvar": 0,
        "dvar2": 0,
        "max": 1,
        "mean": 1,
        "median": 1,
        "min": 1,
        "var": 0
    },
    "silence_rate_30dB": {
        "dmean": 0,
        "dmean2": 0,
        "dvar": 0,
        "dvar2": 0,
        "max": 1,
        "mean": 1,
        "median": 1,
        "min": 1,
        "var": 0
    },
    "silence_rate_60dB": {
        "dmean": 0.00833333376795,
        "dmean2": 0.01680672355,
        "dvar": 0.00826388876885,
        "dvar2": 0.0165242534131,
        "max": 1,
        "mean": 0.099173553288,
        "median": 0,
        "min": 0,
        "var": 0.0893381610513
    },
    "spectral_centroid": {
        "dmean": 7.33552646637,
        "dmean2": 10.4398193359,
        "dvar": 963.188781738,
        "dvar2": 1712.0456543,
        "max": 721.822143555,
        "mean": 478.559875488,
        "median": 468.305847168,
        "min": 448.582122803,
        "var": 1605.65869141
    },
    "spectral_complexity": {
        "dmean": 0.208333328366,
        "dmean2": 0.403361350298,
        "dvar": 0.181597620249,
        "dvar2": 0.425534933805,
        "max": 5,
        "mean": 1.76859509945,
        "median": 2,
        "min": 0,
        "var": 0.723310828209
    },
    "spectral_decrease": {
        "dmean": 5.25044896449e-10,
        "dmean2": 4.82951123537e-10,
        "dvar": 6.0315890617e-19,
        "dvar2": 5.19655126731e-19,
        "max": -8.90610664644e-13,
        "mean": -5.70451375026e-09,
        "median": -4.62984717231e-09,
        "min": -1.59158091151e-08,
        "var": 1.96873932328e-17
    },
    "spectral_energy": {
        "dmean": 0.00206979992799,
        "dmean2": 0.00190438737627,
        "dvar": 9.37210461416e-06,
        "dvar2": 8.08070490166e-06,
        "max": 0.0627793520689,
        "mean": 0.0224957522005,
        "median": 0.0182488672435,
        "min": 3.65356436305e-06,
        "var": 0.000306378729874
    },
    "spectral_energyband_high": {
        "dmean": 7.24968174382e-07,
        "dmean2": 1.15437387649e-06,
        "dvar": 1.35015115407e-11,
        "dvar2": 2.44161219021e-11,
        "max": 3.1453128031e-05,
        "mean": 1.55838745286e-06,
        "median": 9.75171019491e-07,
        "min": 1.33982723582e-07,
        "var": 1.54898507215e-11
    },
    "spectral_energyband_low": {
        "dmean": 1.59494265972e-05,
        "dmean2": 2.85794212687e-05,
        "dvar": 3.76607828256e-10,
        "dvar2": 7.42704897583e-10,
        "max": 0.000152216845891,
        "mean": 2.36982705246e-05,
        "median": 1.7749496692e-05,
        "min": 3.24802698515e-07,
        "var": 4.48344750215e-10
    },
    "spectral_energyband_middle_high": {
        "dmean": 4.86917924718e-05,
        "dmean2": 4.70380437037e-05,
        "dvar": 9.63057722458e-09,
        "dvar2": 1.02209476438e-08,
        "max": 0.00181357609108,
        "mean": 0.000248114753049,
        "median": 3.34110554832e-05,
        "min": 4.591861682e-07,
        "var": 1.69309018361e-07
    },
    "spectral_energyband_middle_low": {
        "dmean": 0.00206311931834,
        "dmean2": 0.00189232593402,
        "dvar": 9.31715749175e-06,
        "dvar2": 7.92797436588e-06,
        "max": 0.0617314651608,
        "mean": 0.0222233142704,
        "median": 0.0181745514274,
        "min": 2.83875397145e-06,
        "var": 0.000295227859169
    },
    "spectral_entropy": {
        "dmean": 0.146858870983,
        "dmean2": 0.196128040552,
        "dvar": 0.108748435974,
        "dvar2": 0.152832955122,
        "max": 8.36467170715,
        "mean": 3.943972826,
        "median": 3.73650336266,
        "min": 3.15144515038,
        "var": 0.882260143757
    },
    "spectral_flux": {
        "dmean": 0.00437501212582,
        "dmean2": 0.0070423046127,
        "dvar": 7.40844843676e-05,
        "dvar2": 0.000150442967424,
        "max": 0.111511148512,
        "mean": 0.00981676019728,
        "median": 0.00596450036392,
        "min": 0.00237284949981,
        "var": 0.000190175356693
    },
    "spectral_kurtosis": {
        "dmean": 8.67276954651,
        "dmean2": 14.4332513809,
        "dvar": 75.3869781494,
        "dvar2": 124.771118164,
        "max": 136.610183716,
        "mean": 62.2283821106,
        "median": 56.4475364685,
        "min": 2.62641525269,
        "var": 1124.09558105
    },
    "spectral_rms": {
        "dmean": 0.000195902510313,
        "dmean2": 0.000168890634086,
        "dvar": 7.01076530163e-08,
        "dvar2": 5.81244314901e-08,
        "max": 0.00782611966133,
        "mean": 0.00426511839032,
        "median": 0.0042194519192,
        "min": 5.97030411882e-05,
        "var": 3.75583977075e-06
    },
    "spectral_rolloff": {
        "dmean": 3.5888671875,
        "dmean2": 3.79997706413,
        "dvar": 1246.78088379,
        "dvar2": 1259.70288086,
        "max": 882.861328125,
        "mean": 477.645599365,
        "median": 473.73046875,
        "min": 473.73046875,
        "var": 1379.5402832
    },
    "spectral_skewness": {
        "dmean": 0.568905711174,
        "dmean2": 0.957453608513,
        "dvar": 0.315057069063,
        "dvar2": 0.564823806286,
        "max": 10.5859546661,
        "mean": 6.53366184235,
        "median": 6.54824495316,
        "min": 1.26425325871,
        "var": 4.14135789871
    },
    "spectral_spread": {
        "dmean": 655178.4375,
        "dmean2": 938717.625,
        "dvar": 2.38560293683e+12,
        "dvar2": 1.35410797773e+12,
        "max": 26420736,
        "mean": 2569581.25,
        "median": 2123544.75,
        "min": 618762.5625,
        "var": 6.17179093402e+12
    },
    "spectral_strongpeak": {
        "dmean": 0.133667752147,
        "dmean2": 0.113483168185,
        "dvar": 0.0640365853906,
        "dvar2": 0.0538136661053,
        "max": 4.7083773613,
        "mean": 2.54428768158,
        "median": 2.53519463539,
        "min": 0.000693148060236,
        "var": 1.41171610355
    },
    "zerocrossingrate": {
        "dmean": 0.000887044297997,
        "dmean2": 0.00126378680579,
        "dvar": 9.65986055235e-06,
        "dvar2": 1.00593088064e-05,
        "max": 0.044921875,
        "mean": 0.0215489417315,
        "median": 0.02099609375,
        "min": 0.01123046875,
        "var": 1.03956081148e-05
    },
    "barkbands": {
        "dmean": [1.35962216063e-06, 1.30355529109e-05, 3.90050354326e-06, 2.71763133242e-06, 1.1844897017e-05, 7.82680581324e-06, 0.00207465211861, 9.05490469449e-06, 2.60126785179e-06, 2.42481974055e-06, 4.27887935075e-05, 6.6368249918e-07, 2.3588215754e-06, 2.69444313972e-07, 6.34684511169e-06, 1.10629152061e-07, 9.70475070972e-07, 2.84700774955e-07, 1.68264634226e-07, 1.08173999536e-07, 1.97108434463e-07, 1.64237420108e-07, 9.38812760864e-08, 1.77009241042e-07, 7.12334582431e-08, 4.39603908831e-08, 6.93598209978e-08],
        "dmean2": [2.17549404624e-06, 2.40711669903e-05, 6.50779065836e-06, 4.4506073209e-06, 1.91853123397e-05, 1.10416758616e-05, 0.00190621148795, 9.81794164545e-06, 3.2711948279e-06, 3.1669328564e-06, 3.82618709409e-05, 7.75824730681e-07, 3.05343883156e-06, 3.20504653928e-07, 6.26193059361e-06, 1.53069493081e-07, 1.41799353059e-06, 4.19432780063e-07, 2.51618189395e-07, 1.64420058013e-07, 3.07435215063e-07, 2.6736964287e-07, 1.36151697916e-07, 2.61811180735e-07, 1.017650888e-07, 6.2205742779e-08, 1.07389688253e-07],
        "dvar": [1.8996883927e-11, 1.91802476679e-10, 1.9597077433e-11, 4.57234944351e-11, 7.78708986182e-10, 5.48035006265e-10, 9.81645098364e-06, 6.13503692293e-09, 1.50522136422e-10, 2.07191035162e-11, 7.96174237649e-09, 2.01369528691e-11, 3.80473326456e-11, 4.63574751502e-12, 4.477555271e-10, 1.24003861649e-13, 2.20946750479e-11, 2.19058712142e-12, 5.74275707283e-13, 1.89455466289e-13, 9.46427072997e-13, 7.18770366576e-13, 2.01454399495e-13, 9.19824654812e-13, 9.17506901617e-14, 2.77259836726e-14, 3.19056440339e-14],
        "dvar2": [1.98872411594e-11, 4.85335938105e-10, 3.52243269275e-11, 1.08694053758e-10, 1.81545878331e-09, 5.89899962211e-10, 8.29984401207e-06, 6.0945026803e-09, 1.31739633091e-10, 3.0942984286e-11, 8.25079560229e-09, 1.93300254275e-11, 6.19338122454e-11, 4.67100663704e-12, 5.78275149987e-10, 1.93503470625e-13, 4.96953068974e-11, 4.92883381678e-12, 9.68833303513e-13, 3.02681409667e-13, 1.72391267927e-12, 1.29893936319e-12, 4.21097808316e-13, 2.0581778469e-12, 1.80086631371e-13, 2.94786506945e-14, 3.46678625206e-14],
        "max": [4.82477880723e-05, 8.0613514001e-05, 4.07123879995e-05, 4.61219024146e-05, 0.000221520269406, 0.000401558354497, 0.0616775304079, 0.000870576943271, 0.00015914105461, 6.33742383798e-05, 0.00160471606068, 5.66853450437e-05, 6.23418673058e-05, 2.39364526351e-05, 0.000265898212092, 3.98785732614e-06, 4.35025685874e-05, 1.36177786771e-05, 5.7705974541e-06, 3.37796814165e-06, 9.25991025724e-06, 7.77458080847e-06, 3.9327696868e-06, 8.86778798304e-06, 2.43138970291e-06, 1.7989408434e-06, 1.95858387997e-06],
        "mean": [1.37111737786e-06, 1.66030567925e-05, 4.84262045575e-06, 2.79269306702e-06, 2.92151798931e-05, 2.00227423193e-05, 0.022154070437, 1.30159878609e-05, 3.86054944101e-06, 8.88684007805e-06, 0.000217001012061, 1.13671126201e-06, 4.94714413435e-06, 3.42964085576e-07, 1.39970970849e-05, 2.02324173415e-07, 1.08411597921e-06, 3.72576209884e-07, 2.61849919525e-07, 1.87178329725e-07, 2.7212462328e-07, 2.21256826194e-07, 1.33576932626e-07, 2.07056373824e-07, 1.3031090873e-07, 1.54419723231e-07, 3.90034642805e-07],
        "median": [6.87359602125e-07, 1.20891199913e-05, 3.37929554917e-06, 1.28337148908e-06, 2.83106564893e-05, 4.56335556009e-06, 0.0181341357529, 3.85902558264e-06, 6.63393109335e-07, 1.46641241372e-06, 2.861953908e-05, 2.89930085273e-07, 3.06306702669e-07, 1.29606647192e-07, 2.18647429051e-07, 8.30025754794e-08, 5.97821099291e-08, 6.72685018799e-08, 9.3160380743e-08, 1.01042672895e-07, 8.12424971741e-08, 5.66172744243e-08, 6.40159356635e-08, 7.15809918006e-08, 8.66069669314e-08, 1.48696329916e-07, 4.04546511845e-07],
        "min": [9.48022549352e-09, 9.94983082592e-08, 2.88108061852e-08, 7.69312222815e-08, 5.03970113641e-07, 4.30479019542e-07, 8.63448178734e-07, 2.58608281456e-07, 6.66314150521e-08, 8.20041208272e-08, 5.17661611354e-08, 4.81308717326e-08, 6.32204262274e-08, 3.47693358549e-08, 2.97260527304e-08, 2.12596891203e-08, 1.53168215888e-08, 2.54547121159e-08, 2.11403463624e-08, 2.72036970728e-08, 1.38268356764e-08, 1.90454692017e-08, 1.48058347804e-08, 1.44819756187e-08, 1.55673944846e-08, 1.1474297068e-08, 2.72904934207e-08],
        "var": [1.89959974833e-11, 2.17800832925e-10, 2.80478366227e-11, 3.83683571026e-11, 7.82929221455e-10, 1.96945948439e-09, 0.00029525795253, 6.1564437992e-09, 2.18587217771e-10, 2.19714496597e-10, 1.3109966801e-07, 2.70634573779e-11, 1.60117516468e-10, 4.64883470261e-12, 2.10518913413e-09, 2.22366477445e-13, 2.18781121691e-11, 2.17762570129e-12, 7.38221604072e-13, 2.1169021668e-13, 1.19034274625e-12, 8.96316386997e-13, 1.93245362746e-13, 8.63842363526e-13, 8.37832001043e-14, 2.80260874458e-14, 4.43452071667e-14]
    },
    "erbbands": {
        "dmean": [0.0004693690571, 0.00279121799394, 0.00442791869864, 0.00616777408868, 0.0308935567737, 0.0368428565562, 0.0661383718252, 0.209728226066, 13.4906511307, 28.0955982208, 0.984156906605, 0.0803946703672, 0.0612527765334, 1.560780406, 0.398945689201, 0.0293656401336, 0.0899712145329, 0.0438498742878, 0.0983247756958, 0.260035872459, 0.0168398693204, 0.0494092218578, 0.0189446918666, 0.00991109199822, 0.00818832498044, 0.00541222793981, 0.00523592624813, 0.0102132996544, 0.00593443075195, 0.00400072615594, 0.00221251486801, 0.00248633464798, 0.00378298363648, 0.00118349818513, 0.000407290150179, 0.000188666861504, 8.84186374606e-05, 3.04101649817e-05, 1.1308797184e-05, 2.78320749203e-06],
        "dmean2": [0.000842902460136, 0.00511714303866, 0.00754022737965, 0.0101072508842, 0.0524182729423, 0.05823174119, 0.084832906723, 0.221302941442, 12.5533390045, 25.8647689819, 0.951893508434, 0.0842773467302, 0.0650216192007, 1.40920233727, 0.359261840582, 0.0312620438635, 0.115063518286, 0.0564412549138, 0.0966967344284, 0.260369926691, 0.0200738664716, 0.0732329338789, 0.0325243510306, 0.0159903969616, 0.0128928376362, 0.00835474673659, 0.0076340851374, 0.0159239061177, 0.00960086286068, 0.00587885221466, 0.00328068062663, 0.00379306613468, 0.00555825512856, 0.00175928731915, 0.000601780717261, 0.000280866050161, 0.000129083433421, 4.2365900299e-05, 1.74515316758e-05, 3.35259232997e-06],
        "dvar": [2.30076096841e-07, 8.55200960359e-06, 2.35370789596e-05, 0.000194806372747, 0.00488728284836, 0.00842612516135, 0.0147930933163, 0.0709199085832, 441.909545898, 1656.7713623, 1.64515078068, 0.0693920329213, 0.0105674862862, 10.588757515, 0.698484122753, 0.0281776990741, 0.0548653043807, 0.0150597682223, 0.11486595124, 0.747074902058, 0.00205680867657, 0.074486002326, 0.01172008086, 0.00253574969247, 0.00144165172242, 0.000477361842059, 0.000485860713525, 0.00285822967999, 0.000901013670955, 0.000397892727051, 9.96254675556e-05, 0.000152147418703, 0.000452531443443, 2.92133790936e-05, 2.45269279731e-06, 5.22712696238e-07, 8.9507189216e-08, 1.22778471834e-08, 5.82856762854e-10, 7.4504768674e-12],
        "dvar2": [6.27573456313e-07, 2.19500943786e-05, 4.51369087386e-05, 0.000378004187951, 0.0140480985865, 0.0178728103638, 0.0138300135732, 0.0923696011305, 389.460601807, 1397.9173584, 1.60487520695, 0.0659377500415, 0.0146360900253, 11.041012764, 0.756705462933, 0.0287764593959, 0.0879455059767, 0.0280916281044, 0.136371538043, 0.977167725563, 0.00345033034682, 0.168865323067, 0.0229270495474, 0.00480988901109, 0.00245703291148, 0.000787703378592, 0.000806873373222, 0.00533501990139, 0.00161417317577, 0.000855011749081, 0.000185170851182, 0.000306236295728, 0.00105502258521, 6.5671360062e-05, 3.72032445739e-06, 6.34344985428e-07, 9.37976309956e-08, 1.25590000621e-08, 6.64208743562e-10, 8.48199635528e-12],
        "max": [0.00255399430171, 0.0171845313162, 0.040692448616, 0.1133454144, 0.61255556345, 0.706607282162, 2.07855701447, 7.2540473938, 423.155731201, 806.594604492, 29.7316951752, 4.140832901, 1.66413855553, 56.6832923889, 15.2540178299, 2.11698317528, 2.41142463684, 1.342643857, 4.59485006332, 10.4891529083, 0.59685587883, 2.54006195068, 0.931223213673, 0.41262486577, 0.288105547428, 0.169178798795, 0.20301400125, 0.516440272331, 0.277095407248, 0.180332407355, 0.0828033164144, 0.110625378788, 0.196533158422, 0.0478793308139, 0.0134587706998, 0.00714300526306, 0.00330823007971, 0.00123530032579, 0.00028043446946, 7.20812968211e-05],
        "mean": [0.000558858446311, 0.00340545922518, 0.00600992748514, 0.00824260246009, 0.0552596785128, 0.0941692218184, 0.269812822342, 2.71471905708, 153.531280518, 287.647949219, 10.6437454224, 0.590240359306, 0.305886477232, 7.64191913605, 2.1014342308, 0.0941393896937, 0.19635938108, 0.0890740454197, 0.257057309151, 0.553552091122, 0.0398352481425, 0.0526227913797, 0.0277814306319, 0.0135537860915, 0.0131404846907, 0.00937788840383, 0.00889510195702, 0.0125706903636, 0.00807740259916, 0.00523123331368, 0.00345611246303, 0.00346914352849, 0.00401217117906, 0.00166207598522, 0.000897325400729, 0.000538983265869, 0.000305767898681, 0.000139699637657, 5.95883648202e-05, 3.19721766573e-05],
        "median": [0.000397587748012, 0.00219912524335, 0.00404038513079, 0.00510432338342, 0.0471489839256, 0.0973799452186, 0.149717614055, 2.30557441711, 127.327880859, 232.602844238, 8.67266559601, 0.421986192465, 0.103288516402, 0.990591526031, 0.293936014175, 0.0179819185287, 0.0144176539034, 0.0117137990892, 0.00952061451972, 0.00869996193796, 0.00484033580869, 0.00339369638823, 0.00391849176958, 0.00380583689548, 0.00482781743631, 0.0051376754418, 0.0039619221352, 0.0026583133731, 0.00193947658408, 0.00198550056666, 0.00170262623578, 0.00145240651909, 0.00120451080147, 0.000899970531464, 0.000657697790302, 0.000456164038042, 0.000294714263873, 0.000142089207657, 5.81105996389e-05, 2.88865958282e-05],
        "min": [3.5378825487e-06, 2.07758730539e-05, 9.15131531656e-05, 0.000507390475832, 0.00132458203007, 0.00207227026112, 0.00312053482048, 0.00504192104563, 0.0103347795084, 0.0117745259777, 0.00499531021342, 0.00605857372284, 0.0038447198458, 0.00205718935467, 0.00246948027052, 0.00404314836487, 0.00346954027191, 0.0028630325105, 0.00119226274546, 0.00173639238346, 0.00102197821252, 0.000911148556042, 0.00131299451459, 0.00159467419144, 0.000861007312778, 0.001201399602, 0.000590761250351, 0.000692753703333, 0.000806844851468, 0.000640918326098, 0.000471427978482, 0.000294494180707, 0.000209961872315, 0.000188118385267, 0.000109723790956, 3.59849036613e-05, 2.39420987782e-05, 1.25045289678e-05, 4.56753923572e-06, 3.23777413769e-07],
        "var": [2.36903360928e-07, 1.06321285784e-05, 3.51148300979e-05, 0.000186383811524, 0.00401357980445, 0.00869430042803, 0.105459868908, 4.12639474869, 13857.7294922, 50654.6523438, 68.5699310303, 0.296184509993, 0.165452867746, 164.056762695, 11.8955106735, 0.0468519814312, 0.244939371943, 0.0467984564602, 0.673226177692, 3.27099347115, 0.0118648987263, 0.0689546018839, 0.0132221784443, 0.00272175809368, 0.0018213505391, 0.000554140482564, 0.000641616235953, 0.00350045249797, 0.00114690791816, 0.000390008819522, 0.000102960424556, 0.000157841015607, 0.000400746095693, 2.50868833973e-05, 2.46120134761e-06, 5.42902739653e-07, 8.89714399932e-08, 1.27589059318e-08, 6.32801144818e-10, 3.12394138335e-10]
    },
    "gfcc": {
        "mean": [-244.190490723, 125.569335938, -56.6046905518, -50.4395179749, -91.0102233887, -38.6694374084, -27.1076526642, 9.86754798889, 10.4503927231, 24.5434913635, 9.51293563843, 1.63378679752, -11.417965889],
        "cov": [[1099.40820312, 419.913879395, -569.077392578, -391.496734619, 1.13368332386, 40.8341674805, -60.6626548767, -105.598930359, -14.5490560532, -147.812591553, -34.5065574646, 35.2648658752, 145.662368774], [419.913879395, 626.631652832, -291.017425537, -662.104553223, -64.2248306274, -1.93039858341, 55.1688728333, -114.239700317, -16.1754722595, -90.9607391357, 37.9043579102, 32.6311340332, 137.736633301], [-569.077392578, -291.017425537, 824.767272949, 420.995574951, -193.012527466, -82.5573272705, 129.588485718, 147.079025269, -32.4729728699, 130.917556763, 44.8403892517, -11.9257545471, -137.417572021], [-391.496734619, -662.104553223, 420.995574951, 861.881958008, 80.1457366943, -14.6462955475, -46.501285553, 148.446060181, 13.8929262161, 88.7348937988, -59.035030365, -31.4432678223, -155.665115356], [1.13368332386, -64.2248306274, -193.012527466, 80.1457366943, 176.710189819, 44.7581253052, -63.5450592041, -5.01919698715, 51.8370323181, 8.39709758759, -28.9319667816, -12.7691907883, -0.694039225578], [40.8341674805, -1.93039858341, -82.5573272705, -14.6462955475, 44.7581253052, 86.2004394531, 30.8586845398, -11.1219568253, -15.0461177826, -16.6920795441, -5.02339696884, -1.80819094181, -2.56767582893], [-60.6626548767, 55.1688728333, 129.588485718, -46.501285553, -63.5450592041, 30.8586845398, 105.64553833, 22.313325882, -29.7858104706, 4.43983459473, 25.188577652, 7.86653757095, -15.3271760941], [-105.598930359, -114.239700317, 147.079025269, 148.446060181, -5.01919698715, -11.1219568253, 22.313325882, 73.723991394, 27.8272514343, 42.5993041992, 10.5268564224, -1.69690907001, -35.7332496643], [-14.5490560532, -16.1754722595, -32.4729728699, 13.8929262161, 51.8370323181, -15.0461177826, -29.7858104706, 27.8272514343, 68.6762008667, 39.4287033081, 6.51244783401, -3.23483276367, -0.34029057622], [-147.812591553, -90.9607391357, 130.917556763, 88.7348937988, 8.39709758759, -16.6920795441, 4.43983459473, 42.5993041992, 39.4287033081, 78.0589523315, 28.2753505707, -12.5731267929, -39.4283828735], [-34.5065574646, 37.9043579102, 44.8403892517, -59.035030365, -28.9319667816, -5.02339696884, 25.188577652, 10.5268564224, 6.51244783401, 28.2753505707, 38.2051773071, 0.523695409298, -7.02602243423], [35.2648658752, 32.6311340332, -11.9257545471, -31.4432678223, -12.7691907883, -1.80819094181, 7.86653757095, -1.69690907001, -3.23483276367, -12.5731267929, 0.523695409298, 12.2981624603, 14.2345628738], [145.662368774, 137.736633301, -137.417572021, -155.665115356, -0.694039225578, -2.56767582893, -15.3271760941, -35.7332496643, -0.34029057622, -39.4283828735, -7.02602243423, 14.2345628738, 59.8321456909]],
        "icov": [[0.00461271079257, -0.0102455001324, 0.0070266793482, -0.00607174867764, 0.0115621462464, -0.00769932707772, 0.00857249926776, -0.0085340263322, 0.00560211995617, -0.0121961226687, 0.0101401954889, -0.0071647898294, 0.00449050962925], [-0.0102455001324, 0.0395828485489, -0.0201148409396, 0.0217686574906, -0.0341694615781, 0.0260556302965, -0.0323509015143, 0.0296418312937, -0.0242317356169, 0.0479908064008, -0.0368738397956, 0.0265670474619, -0.0247674640268], [0.0070266793482, -0.0201148409396, 0.0207783225924, -0.0141318449751, 0.0256456397474, -0.00742277037352, 0.0077228252776, -0.0186243206263, 0.0183134507388, -0.0384897217155, 0.0263930168003, -0.0146391186863, 0.0123105095699], [-0.00607174867764, 0.0217686574906, -0.0141318449751, 0.0214731451124, -0.0235845018178, 0.0117037007585, -0.00626963563263, 0.00106091808993, -0.00133191142231, 0.0209858641028, -0.00523208314553, 0.00405437545851, -0.000422033161158], [0.0115621462464, -0.0341694615781, 0.0256456397474, -0.0235845018178, 0.0565760210156, -0.0338864028454, 0.028639074415, -0.0209850184619, 0.00538075668737, -0.0487913899124, 0.0420360565186, -0.0177290793508, 0.019090436399], [-0.00769932707772, 0.0260556302965, -0.00742277037352, 0.0117037007585, -0.0338864028454, 0.050157058984, -0.0442838035524, 0.0224270690233, -0.00606030831113, 0.0285662561655, -0.0250518191606, 0.0240443330258, -0.0138984629884], [0.00857249926776, -0.0323509015143, 0.0077228252776, -0.00626963563263, 0.028639074415, -0.0442838035524, 0.0713060572743, -0.0480184480548, 0.0343537554145, -0.0367114059627, 0.0312337148935, -0.044740177691, 0.0333643741906], [-0.0085340263322, 0.0296418312937, -0.0186243206263, 0.00106091808993, -0.0209850184619, 0.0224270690233, -0.0480184480548, 0.0904250666499, -0.0653828829527, 0.0532221160829, -0.0521774813533, 0.0188852455467, -0.0209726020694], [0.00560211995617, -0.0242317356169, 0.0183134507388, -0.00133191142231, 0.00538075668737, -0.00606030831113, 0.0343537554145, -0.0653828829527, 0.0952597111464, -0.0816676020622, 0.051159620285, -0.0384111180902, 0.012164411135], [-0.0121961226687, 0.0479908064008, -0.0384897217155, 0.0209858641028, -0.0487913899124, 0.0285662561655, -0.0367114059627, 0.0532221160829, -0.0816676020622, 0.151624500751, -0.107974782586, 0.0717437937856, -0.0218398869038], [0.0101401954889, -0.0368738397956, 0.0263930168003, -0.00523208314553, 0.0420360565186, -0.0250518191606, 0.0312337148935, -0.0521774813533, 0.051159620285, -0.107974782586, 0.134915396571, -0.057723261416, 0.0421691462398], [-0.0071647898294, 0.0265670474619, -0.0146391186863, 0.00405437545851, -0.0177290793508, 0.0240443330258, -0.044740177691, 0.0188852455467, -0.0384111180902, 0.0717437937856, -0.057723261416, 0.192549347878, -0.0716736540198], [0.00449050962925, -0.0247674640268, 0.0123105095699, -0.000422033161158, 0.019090436399, -0.0138984629884, 0.0333643741906, -0.0209726020694, 0.012164411135, -0.0218398869038, 0.0421691462398, -0.0716736540198, 0.0933001935482]]
    },
    "melbands": {
        "dmean": [3.92466017729e-06, 2.54853262049e-06, 1.52636675921e-06, 2.80286394627e-06, 1.95797019842e-06, 1.47395826389e-06, 0.000305819034111, 0.000247369374847, 6.88362206347e-07, 3.48430035046e-07, 1.67118329841e-07, 5.7399056459e-06, 2.86690283247e-06, 8.01213175805e-08, 4.34626272749e-08, 3.23121554402e-07, 4.66027927359e-08, 3.82086220441e-08, 7.30638305413e-07, 2.69902340477e-08, 1.52422234834e-08, 5.07673298955e-08, 3.68372319315e-08, 1.17582361625e-08, 7.8471611431e-09, 6.05697092482e-09, 5.28096011365e-09, 3.33743988001e-09, 3.10253622793e-09, 4.44779191255e-09, 6.62449162192e-09, 3.6944003412e-09, 2.66958366524e-09, 2.21787765931e-09, 1.26441002113e-09, 1.48555523438e-09, 1.38593791998e-09, 3.25827431702e-09, 1.41319778102e-09, 8.70918281937e-10],
        "dmean2": [7.1675176514e-06, 4.46745070803e-06, 2.48017227023e-06, 4.66394158138e-06, 2.5907474992e-06, 2.06808113035e-06, 0.000281542772427, 0.000227408556384, 7.80489472163e-07, 4.32749772017e-07, 2.27212581194e-07, 5.19218110639e-06, 2.5875162919e-06, 9.2124189166e-08, 5.26994483607e-08, 3.9779411054e-07, 6.06855152796e-08, 3.9940761809e-08, 7.20445029856e-07, 3.46275008667e-08, 2.11953548046e-08, 7.4049772536e-08, 6.07738925851e-08, 1.73146119664e-08, 1.2645741343e-08, 9.26901577714e-09, 8.36745073229e-09, 5.06162711744e-09, 4.22667945088e-09, 7.5905726149e-09, 9.91011628315e-09, 5.66003155456e-09, 4.26020196898e-09, 3.24187521272e-09, 1.87654425332e-09, 2.28107399636e-09, 2.08202477481e-09, 4.83134110496e-09, 2.13762518797e-09, 1.3007649402e-09],
        "dvar": [1.73785985602e-11, 7.97723605922e-12, 1.33376565001e-11, 4.01095164027e-11, 1.6737196698e-11, 4.21061935318e-11, 2.24333263077e-07, 1.28330114535e-07, 3.61501488466e-11, 2.86920530737e-12, 1.93601401187e-13, 1.43075204462e-10, 3.70427716279e-11, 3.02073470404e-13, 9.6403184643e-14, 7.13984589767e-13, 4.39918351855e-14, 6.76386369331e-14, 5.9911936523e-12, 5.7678856774e-15, 2.20424506183e-15, 6.62023739864e-14, 4.84272114055e-14, 3.49535451344e-15, 1.48331117998e-15, 6.90139575533e-16, 5.10943455734e-16, 1.58221307624e-16, 1.28837867033e-16, 5.3385172649e-16, 1.18272586854e-15, 3.17633014177e-16, 1.82667234347e-16, 1.19787650864e-16, 2.82237234464e-17, 5.1060343818e-17, 4.22643169424e-17, 3.441554157e-16, 4.96169136491e-17, 1.28516305533e-17],
        "dvar2": [4.45423004036e-11, 1.7035461583e-11, 3.45770356791e-11, 1.04416544855e-10, 1.56325074413e-11, 4.88613802196e-11, 1.91600037169e-07, 1.08078999972e-07, 3.6668661163e-11, 2.40094706269e-12, 2.73287604569e-13, 1.49547221828e-10, 3.93918508923e-11, 2.90061079539e-13, 1.0216252757e-13, 1.0468109669e-12, 5.85604901702e-14, 6.70151800264e-14, 7.77287869486e-12, 8.69290093196e-15, 3.65317305689e-15, 1.53018805851e-13, 9.62599141022e-14, 8.01346954695e-15, 2.73835947441e-15, 1.18421082317e-15, 8.27918113552e-16, 2.62441723762e-16, 2.12651022775e-16, 9.81122180332e-16, 2.27794243395e-15, 5.75506795133e-16, 3.59038102221e-16, 2.70948819758e-16, 4.91490536772e-17, 1.02344251395e-16, 8.35877854211e-17, 7.98910940878e-16, 1.17270692461e-16, 2.77196974837e-17],
        "max": [2.32328238781e-05, 1.98976395041e-05, 2.75345882983e-05, 5.56332597625e-05, 6.38352066744e-05, 9.79811011348e-05, 0.00935904122889, 0.00713168969378, 6.65356419631e-05, 2.25022049563e-05, 5.7306101553e-06, 0.000208075944101, 0.000111524386739, 6.9272359724e-06, 3.53445238943e-06, 8.6098398242e-06, 2.39799601331e-06, 3.2484977055e-06, 3.003916936e-05, 8.79710341906e-07, 5.99137138124e-07, 2.37637027567e-06, 2.00950898943e-06, 5.43692408428e-07, 3.05099376874e-07, 2.04442812901e-07, 1.69225586433e-07, 9.62319717246e-08, 1.01779825457e-07, 2.02153813689e-07, 3.40995995884e-07, 1.73478170495e-07, 1.20052845887e-07, 9.90076074459e-08, 4.24858939141e-08, 6.2336326323e-08, 5.86214987663e-08, 1.71747331024e-07, 6.37033465978e-08, 3.08844398944e-08],
        "mean": [4.85344389745e-06, 3.64827792509e-06, 2.12132840716e-06, 6.23278629064e-06, 5.78289427722e-06, 2.86328895527e-06, 0.00338015356101, 0.00254514138214, 7.88631723481e-07, 5.51657137748e-07, 2.6930894137e-07, 2.8021126127e-05, 1.51920985445e-05, 1.378104173e-07, 5.86186850171e-08, 6.61166495775e-07, 7.32641609602e-08, 6.4852585524e-08, 1.561206318e-06, 6.09565944387e-08, 3.33882432813e-08, 5.61099149365e-08, 4.00168325143e-08, 1.61110094155e-08, 1.02174944061e-08, 9.53474721399e-09, 8.25941803839e-09, 5.71875036215e-09, 5.17787013266e-09, 6.52400933276e-09, 7.49029105407e-09, 4.73701389225e-09, 3.50852946696e-09, 2.76175082803e-09, 1.96857907753e-09, 2.04021555206e-09, 1.96818361609e-09, 3.2949687423e-09, 1.68177005655e-09, 1.26754351459e-09],
        "median": [3.48737012246e-06, 2.66980259767e-06, 1.4471444274e-06, 5.52991195946e-06, 1.17455215332e-06, 8.70337885317e-07, 0.00278957001865, 0.00206008227542, 1.46085994857e-07, 9.6163709884e-08, 5.95560081251e-08, 3.58406555279e-06, 2.06118579626e-06, 3.36391856592e-08, 1.79694659153e-08, 3.27247136056e-08, 1.99530703071e-08, 1.22132695068e-08, 1.70911782504e-08, 7.29891347362e-09, 5.14960474263e-09, 3.35466765478e-09, 3.48566797648e-09, 3.10433012629e-09, 2.90633250799e-09, 3.85339182785e-09, 3.42154193866e-09, 3.19816884087e-09, 2.69115041363e-09, 1.84971316042e-09, 1.43584566459e-09, 1.12570841537e-09, 1.03243280591e-09, 1.09110398494e-09, 9.97372073819e-10, 9.36773325577e-10, 8.24385448794e-10, 8.57358739559e-10, 7.61822160911e-10, 7.26980309285e-10],
        "min": [3.12827808102e-08, 4.03635844748e-08, 1.14204283364e-07, 9.25513461425e-08, 7.92988856801e-08, 9.31823080919e-08, 1.65862587664e-07, 1.13458632711e-07, 1.38586200293e-08, 8.3250339955e-09, 8.58941184845e-09, 7.92713095166e-09, 7.6233090951e-09, 5.40481215339e-09, 3.83654308322e-09, 6.52709974958e-09, 4.92423612997e-09, 1.64573432659e-09, 2.38938535624e-09, 1.86340010089e-09, 1.06162234559e-09, 7.73206720872e-10, 9.25989673828e-10, 9.06969777059e-10, 1.00877917131e-09, 5.46609868479e-10, 7.84480758131e-10, 8.18777212697e-10, 3.89597187844e-10, 3.39991867992e-10, 3.80716430604e-10, 4.04268896137e-10, 3.30069860333e-10, 2.91179330647e-10, 2.94803709222e-10, 2.09352965519e-10, 1.34106989402e-10, 1.47689721564e-10, 1.18626344858e-10, 1.3963279144e-10],
        "var": [1.86159854892e-11, 1.12188548382e-11, 1.06754943427e-11, 3.99088609382e-11, 9.01264132769e-11, 9.29018112439e-11, 6.78822880218e-06, 3.95842198486e-06, 3.63329019648e-11, 4.37038990067e-12, 4.20200251547e-13, 2.20996732025e-09, 6.31956043051e-10, 4.03835900267e-13, 1.01928726147e-13, 2.98917986717e-12, 5.52328907437e-14, 9.32730997473e-14, 2.66179404906e-11, 2.65514369659e-14, 1.02972338501e-14, 6.22416885827e-14, 5.1201945651e-14, 3.48082196916e-15, 1.59360799872e-15, 8.62486481042e-16, 6.57781169943e-16, 1.75800126486e-16, 1.6128612429e-16, 6.82210394235e-16, 1.39557794252e-15, 4.08449186864e-16, 2.02205862456e-16, 1.08593964882e-16, 3.01675184765e-17, 5.12906242831e-17, 4.53283130453e-17, 3.08664814619e-16, 4.12901794222e-17, 1.12319571472e-17]
    },
    "mfcc": {
        "mean": [-940.604003906, 170.721878052, 42.8899383545, 1.07237327099, -19.3479099274, -22.4213047028, -18.3839073181, -18.421245575, -8.6722278595, 1.18225073814, 4.79341506958, 17.6482429504, 30.8080711365],
        "cov": [[1398.47521973, 241.80796814, -546.54486084, -299.011077881, -8.81182861328, -86.8190841675, -150.666488647, 92.3999938965, 105.091423035, -77.2221221924, -120.612548828, -134.860015869, -125.674964905], [241.80796814, 627.401550293, -145.131591797, -397.705230713, -134.510147095, -63.8125991821, -13.8490686417, 4.96743154526, 11.5942544937, -27.9160022736, -145.930618286, -116.902862549, 69.1132659912], [-546.54486084, -145.131591797, 525.647033691, 317.333648682, -79.3335418701, 16.8829421997, 96.795791626, -43.1493415833, -69.7464370728, 18.7949619293, 65.543296814, 71.6213531494, 22.3151817322], [-299.011077881, -397.705230713, 317.333648682, 456.521118164, 86.3004608154, 28.1803646088, 15.7048892975, -42.3500823975, -49.7133102417, 11.1376800537, 107.810523987, 101.790611267, -26.4344730377], [-8.81182861328, -134.510147095, -79.3335418701, 86.3004608154, 133.929428101, 24.6675319672, -42.1324920654, -24.8829441071, -10.2960863113, 4.44163417816, 35.709148407, 34.1267280579, 7.628698349], [-86.8190841675, -63.8125991821, 16.8829421997, 28.1803646088, 24.6675319672, 55.6859817505, 34.7555007935, 3.45703577995, 1.86306250095, 16.4072666168, 32.9305801392, 29.9073562622, 2.71838212013], [-150.666488647, -13.8490686417, 96.795791626, 15.7048892975, -42.1324920654, 34.7555007935, 86.7813262939, 27.3291339874, 3.91946291924, 27.7532463074, 31.4011669159, 27.0357780457, 12.0683794022], [92.3999938965, 4.96743154526, -43.1493415833, -42.3500823975, -24.8829441071, 3.45703577995, 27.3291339874, 70.7628173828, 56.3683128357, 13.2225980759, 3.72934889793, -8.73898983002, -23.4692668915], [105.091423035, 11.5942544937, -69.7464370728, -49.7133102417, -10.2960863113, 1.86306250095, 3.91946291924, 56.3683128357, 68.7363204956, 19.4313240051, -4.15658903122, -13.2586240768, -17.4232501984], [-77.2221221924, -27.9160022736, 18.7949619293, 11.1376800537, 4.44163417816, 16.4072666168, 27.7532463074, 13.2225980759, 19.4313240051, 45.4818458557, 32.5665130615, 14.3318939209, 16.637638092], [-120.612548828, -145.930618286, 65.543296814, 107.810523987, 35.709148407, 32.9305801392, 31.4011669159, 3.72934889793, -4.15658903122, 32.5665130615, 70.5909729004, 53.3176460266, 0.22551342845], [-134.860015869, -116.902862549, 71.6213531494, 101.790611267, 34.1267280579, 29.9073562622, 27.0357780457, -8.73898983002, -13.2586240768, 14.3318939209, 53.3176460266, 65.5796737671, 15.2066669464], [-125.674964905, 69.1132659912, 22.3151817322, -26.4344730377, 7.628698349, 2.71838212013, 12.0683794022, -23.4692668915, -17.4232501984, 16.637638092, 0.22551342845, 15.2066669464, 69.1424407959]],
