{
"lowlevel": {
    "average_loudness": 0.953636646271,
    "barkbands_crest": {
        "dmean": 1.26835787296,
        "dmean2": 1.67754542828,
        "dvar": 2.28937458992,
        "dvar2": 1.95510911942,
        "max": 21.3611030579,
        "mean": 16.1980285645,
        "median": 16.8586387634,
        "min": 5.83091449738,
        "var": 12.1035442352
    },
    "barkbands_flatness_db": {
        "dmean": 0.0180539693683,
        "dmean2": 0.0215747300535,
        "dvar": 0.00042568333447,
        "dvar2": 0.000274607853498,
        "max": 0.433147966862,
        "mean": 0.356818139553,
        "median": 0.360065340996,
        "min": 0.0927605330944,
        "var": 0.00269275694154
    },
    "barkbands_kurtosis": {
        "dmean": 8.78746509552,
        "dmean2": 13.5666322708,
        "dvar": 158.307678223,
        "dvar2": 425.514221191,
        "max": 108.539833069,
        "mean": 21.4744796753,
        "median": 10.4484033585,
        "min": -0.68766450882,
        "var": 662.517456055
    },
    "barkbands_skewness": {
        "dmean": 0.632555127144,
        "dmean2": 1.07348501682,
        "dvar": 0.542039692402,
        "dvar2": 1.35711336136,
        "max": 4.27101612091,
        "mean": 0.704729795456,
        "median": 0.910199403763,
        "min": -1.87333595753,
        "var": 0.963177502155
    },
    "barkbands_spread": {
        "dmean": 0.659782648087,
        "dmean2": 0.84316110611,
        "dvar": 2.5406370163,
        "dvar2": 2.48846912384,
        "max": 16.9276657104,
        "mean": 2.02176046371,
        "median": 1.58547329903,
        "min": 0.477766484022,
        "var": 3.63838744164
    },
    "dissonance": {
        "dmean": 0.0583731755614,
        "dmean2": 0.102093674242,
        "dvar": 0.00187595468014,
        "dvar2": 0.0049847792834,
        "max": 0.457533687353,
        "mean": 0.231710061431,
        "median": 0.219642534852,
        "min": 0.0982494950294,
        "var": 0.00490584271029
    },
    "dynamic_complexity": 1.68423044682,
    "erbbands_crest": {
        "dmean": 1.61640644073,
        "dmean2": 2.14584088326,
        "dvar": 6.54149770737,
        "dvar2": 9.64102172852,
        "max": 33.7987060547,
        "mean": 28.1816749573,
        "median": 29.7909069061,
        "min": 12.3157291412,
        "var": 31.5357189178
    },
    "erbbands_flatness_db": {
        "dmean": 0.0158719904721,
        "dmean2": 0.0181192494929,
        "dvar": 0.000436091417214,
        "dvar2": 0.000268578151008,
        "max": 0.442912846804,
        "mean": 0.385065555573,
        "median": 0.386208802462,
        "min": 0.117342427373,
        "var": 0.00205514905974
    },
    "erbbands_kurtosis": {
        "dmean": 11.0147781372,
        "dmean2": 13.1829900742,
        "dvar": 248.875350952,
        "dvar2": 413.240692139,
        "max": 224.309112549,
        "mean": 38.8328361511,
        "median": 9.16170406342,
        "min": -0.544559240341,
        "var": 3248.25268555
    },
    "erbbands_skewness": {
        "dmean": 0.559183001518,
        "dmean2": 0.855778455734,
        "dvar": 0.353739202023,
        "dvar2": 0.66682767868,
        "max": 6.69142961502,
        "mean": 2.39447665215,
        "median": 1.87281680107,
        "min": -0.799947142601,
        "var": 2.66179037094
    },
    "erbbands_spread": {
        "dmean": 1.01335418224,
        "dmean2": 1.2933409214,
        "dvar": 6.22712945938,
        "dvar2": 6.20826148987,
        "max": 25.3820858002,
        "mean": 3.3228521347,
        "median": 2.8089363575,
        "min": 0.360394239426,
        "var": 10.0702867508
    },
    "hfc": {
        "dmean": 2.20205640793,
        "dmean2": 2.30872273445,
        "dvar": 6.0612950325,
        "dvar2": 8.12079143524,
        "max": 33.2779045105,
        "mean": 12.4253931046,
        "median": 9.85704612732,
        "min": 0.0283052716404,
        "var": 63.2589569092
    },
    "melbands_crest": {
        "dmean": 1.4262547493,
        "dmean2": 1.74916148186,
        "dvar": 5.05498313904,
        "dvar2": 4.89421224594,
        "max": 30.3523159027,
        "mean": 25.0257472992,
        "median": 26.5663871765,
        "min": 8.90333175659,
        "var": 19.3795986176
    },
    "melbands_flatness_db": {
        "dmean": 0.0166249964386,
        "dmean2": 0.0183856207877,
        "dvar": 0.000438597257016,
        "dvar2": 0.000239420885919,
        "max": 0.536472201347,
        "mean": 0.456532359123,
        "median": 0.46252065897,
        "min": 0.193642631173,
        "var": 0.00332792568952
    },
    "melbands_kurtosis": {
        "dmean": 3.13476467133,
        "dmean2": 4.92725467682,
        "dvar": 17.9565906525,
        "dvar2": 36.2251091003,
        "max": 37.8220672607,
        "mean": 8.08322715759,
        "median": 5.73005104065,
        "min": -0.925731897354,
        "var": 58.8078918457
    },
    "melbands_skewness": {
        "dmean": 0.408854544163,
        "dmean2": 0.60224211216,
        "dvar": 0.215144202113,
        "dvar2": 0.288828998804,
        "max": 4.25451278687,
        "mean": -0.558651089668,
        "median": -0.143442675471,
        "min": -3.66844964027,
        "var": 2.18310713768
    },
    "melbands_spread": {
        "dmean": 0.992691636086,
        "dmean2": 1.33364915848,
        "dvar": 2.50279641151,
        "dvar2": 3.21665287018,
        "max": 15.6998538971,
        "mean": 3.49759840965,
        "median": 3.01979970932,
        "min": 0.828881025314,
        "var": 5.24236774445
    },
    "pitch_salience": {
        "dmean": 0.0373981408775,
        "dmean2": 0.0501944087446,
        "dvar": 0.00310445926152,
        "dvar2": 0.00374591979198,
        "max": 0.746164977551,
        "mean": 0.286944776773,
        "median": 0.270794272423,
        "min": 0.1095803231,
        "var": 0.0129364449531
    },
    "silence_rate_20dB": {
        "dmean": 0,
        "dmean2": 0,
        "dvar": 0,
        "dvar2": 0,
        "max": 1,
        "mean": 1,
        "median": 1,
        "min": 1,
        "var": 0
    },
    "silence_rate_30dB": {
        "dmean": 0,
        "dmean2": 0,
        "dvar": 0,
        "dvar2": 0,
        "max": 1,
        "mean": 1,
        "median": 1,
        "min": 1,
        "var": 0
    },
    "silence_rate_60dB": {
        "dmean": 0.0111111113802,
        "dmean2": 0.0224719103426,
        "dvar": 0.010987653397,
        "dvar2": 0.0219669230282,
        "max": 1,
        "mean": 0.0219780225307,
        "median": 0,
        "min": 0,
        "var": 0.0214949883521
    },
    "spectral_centroid": {
        "dmean": 14.816699028,
        "dmean2": 19.9040622711,
        "dvar": 359.461486816,
        "dvar2": 658.260375977,
        "max": 764.546203613,
        "mean": 517.12298584,
        "median": 497.791748047,
        "min": 432.860931396,
        "var": 2506.75805664
    },
    "spectral_complexity": {
        "dmean": 0.800000011921,
        "dmean2": 1.3033708334,
        "dvar": 0.804444551468,
        "dvar2": 1.8068434,
        "max": 14,
        "mean": 5.34065914154,
        "median": 5,
        "min": 0,
        "var": 4.44439315796
    },
    "spectral_decrease": {
        "dmean": 1.0322286359e-09,
        "dmean2": 1.00413566351e-09,
        "dvar": 1.034448913e-18,
        "dvar2": 1.36948745997e-18,
        "max": -1.29412860636e-11,
        "mean": -5.99679284008e-09,
        "median": -5.12474063186e-09,
        "min": -1.59465649574e-08,
        "var": 1.28440411712e-17
    },
    "spectral_energy": {
        "dmean": 0.00409433618188,
        "dmean2": 0.00399864651263,
        "dvar": 1.64066623256e-05,
        "dvar2": 2.16723583435e-05,
        "max": 0.0630059912801,
        "mean": 0.0237602349371,
        "median": 0.0202359706163,
        "min": 5.14107632625e-05,
        "var": 0.00020266577485
    },
    "spectral_energyband_high": {
        "dmean": 2.91606193059e-06,
        "dmean2": 2.99172506857e-06,
        "dvar": 4.84130124878e-10,
        "dvar2": 4.31048807759e-10,
        "max": 0.000235427956795,
        "mean": 5.47558511244e-06,
        "median": 2.42741430156e-06,
        "min": 8.00971690751e-07,
        "var": 5.95421600913e-10
    },
    "spectral_energyband_low": {
        "dmean": 0.000135368958581,
        "dmean2": 0.00023969639733,
        "dvar": 1.39712934555e-08,
        "dvar2": 3.56697320569e-08,
        "max": 0.000619875558186,
        "mean": 0.00021984387422,
        "median": 0.000167354592122,
        "min": 1.66489680851e-05,
        "var": 2.30280843283e-08
    },
    "spectral_energyband_middle_high": {
        "dmean": 0.000749059952796,
        "dmean2": 0.00108890945558,
        "dvar": 1.87328373613e-06,
        "dvar2": 4.26935775977e-06,
        "max": 0.0111513147131,
        "mean": 0.00171929423232,
        "median": 0.000845102302264,
        "min": 3.74634146283e-06,
        "var": 4.38371353084e-06
    },
    "spectral_energyband_middle_low": {
        "dmean": 0.00390250585042,
        "dmean2": 0.00370080419816,
        "dvar": 1.28838728415e-05,
        "dvar2": 1.70831935975e-05,
        "max": 0.0612069405615,
        "mean": 0.0218288395554,
        "median": 0.0181086622179,
        "min": 2.92437343887e-05,
        "var": 0.000166975252796
    },
    "spectral_entropy": {
        "dmean": 0.16022208333,
        "dmean2": 0.165266901255,
        "dvar": 0.0509343259037,
        "dvar2": 0.0310799144208,
        "max": 7.66428136826,
        "mean": 4.94883441925,
        "median": 4.8578081131,
        "min": 4.17073822021,
        "var": 0.347742885351
    },
    "spectral_flux": {
        "dmean": 0.011524438858,
        "dmean2": 0.0173910968006,
        "dvar": 0.000188970050658,
        "dvar2": 0.000354817311745,
        "max": 0.196907386184,
        "mean": 0.0293780453503,
        "median": 0.022219311446,
        "min": 0.00585282361135,
        "var": 0.00060402113013
    },
    "spectral_kurtosis": {
        "dmean": 7.69962406158,
        "dmean2": 12.2674865723,
        "dvar": 60.3482246399,
        "dvar2": 163.165878296,
        "max": 84.6226348877,
        "mean": 42.9789390564,
        "median": 41.6560783386,
        "min": 4.73948669434,
        "var": 259.829833984
    },
    "spectral_rms": {
        "dmean": 0.000433724577306,
        "dmean2": 0.000405346188927,
        "dvar": 1.34496644932e-07,
        "dvar2": 1.50432512669e-07,
        "max": 0.00784023385495,
        "mean": 0.00460508977994,
        "median": 0.00444324314594,
        "min": 0.000223957234994,
        "var": 1.97386611944e-06
    },
    "spectral_rolloff": {
        "dmean": 42.109375,
        "dmean2": 78.8744277954,
        "dvar": 12920.2988281,
        "dvar2": 30862.7558594,
        "max": 1012.06054688,
        "mean": 583.526123047,
        "median": 516.796875,
        "min": 516.796875,
        "var": 21931.0097656
    },
    "spectral_skewness": {
        "dmean": 0.494560718536,
        "dmean2": 0.776721119881,
        "dvar": 0.23158223927,
        "dvar2": 0.580906152725,
        "max": 7.69870424271,
        "mean": 5.36267566681,
        "median": 5.38029003143,
        "min": 2.3238067627,
        "var": 1.00272476673
    },
    "spectral_spread": {
        "dmean": 447757.71875,
        "dmean2": 503359.46875,
        "dvar": 2.59634810061e+12,
        "dvar2": 1.64716544e+12,
        "max": 21888462,
        "mean": 2209950,
        "median": 1953497.625,
        "min": 997569,
        "var": 4.89761066189e+12
    },
    "spectral_strongpeak": {
        "dmean": 0.445476651192,
        "dmean2": 0.596827924252,
        "dvar": 0.204177349806,
        "dvar2": 0.413291215897,
        "max": 4.97457695007,
        "mean": 2.47864985466,
        "median": 2.29564642906,
        "min": 0.0159641765058,
        "var": 0.859123289585
    },
    "zerocrossingrate": {
        "dmean": 0.000759548624046,
        "dmean2": 0.000965589890257,
        "dvar": 4.15966678702e-06,
        "dvar2": 3.67527877643e-06,
        "max": 0.0302734375,
        "mean": 0.0229438524693,
        "median": 0.0224609375,
        "min": 0.0048828125,
        "var": 7.78918547439e-06
    },
    "barkbands": {
        "dmean": [9.9581457107e-06, 0.00010206472507, 5.73312099732e-05, 1.76646190084e-05, 0.000215773368836, 5.64347428735e-05, 0.00303391646594, 0.000919909100048, 0.00032756300061, 1.10847358883e-05, 0.000754670880269, 3.5902561649e-05, 1.41449054354e-05, 5.44771046407e-06, 8.79043636814e-06, 3.14232852361e-06, 1.97669032787e-06, 1.19907565477e-06, 7.10550295935e-07, 7.99994950285e-07, 6.13281372353e-07, 4.26992897928e-07, 3.53794206376e-07, 3.29659570752e-07, 3.30835234763e-07, 3.83724113817e-07, 4.04259850484e-07],
        "dmean2": [1.74481028807e-05, 0.000186538556591, 8.79849976627e-05, 3.29070680891e-05, 0.000399674521759, 9.85845763353e-05, 0.00289634265937, 0.000964313047007, 0.000353877054295, 1.90607588593e-05, 0.00109496118966, 5.7468907471e-05, 1.69949598785e-05, 8.03099555924e-06, 1.25962760649e-05, 4.41630800196e-06, 2.79468258668e-06, 1.72616671534e-06, 7.71143902512e-07, 8.70445774126e-07, 6.48383775115e-07, 4.5249453251e-07, 3.80204767225e-07, 3.52645400881e-07, 3.54671954028e-07, 4.49556949889e-07, 4.76593214671e-07],
        "dvar": [1.37563321845e-10, 1.1037484704e-08, 2.83184120597e-09, 2.56985294156e-10, 3.0603388268e-08, 2.28829466487e-09, 7.59295016906e-06, 8.91706690709e-07, 2.10810594581e-06, 1.83221637862e-09, 1.88263800283e-06, 2.07073949099e-08, 2.40381581307e-09, 1.58784013715e-10, 1.46263123835e-09, 1.93843385787e-10, 3.66255012429e-11, 1.49810615302e-11, 2.43381391429e-11, 1.01964209645e-11, 1.58268415734e-11, 1.13819821623e-11, 6.81559236132e-12, 6.49742846331e-12, 6.29755926226e-12, 5.80137977588e-12, 6.29570354183e-12],
        "dvar2": [4.03787114855e-10, 2.98599616144e-08, 6.86077772372e-09, 8.18573153705e-10, 8.86559377022e-08, 5.8977027706e-09, 8.36536855786e-06, 1.13442490601e-06, 2.45180763159e-06, 4.87399809401e-09, 4.26234328188e-06, 5.37595710171e-08, 2.5148374494e-09, 1.99729524586e-10, 1.45692957698e-09, 2.22490789681e-10, 4.60190149876e-11, 2.67413938215e-11, 2.31426596636e-11, 8.27449653934e-12, 1.44565670199e-11, 1.08893501855e-11, 5.92994360213e-12, 6.13853455914e-12, 5.8906408397e-12, 5.39242739003e-12, 6.32915508197e-12],
        "max": [6.62398015265e-05, 0.00052348227473, 0.000345522741554, 9.60189790931e-05, 0.00297338096425, 0.0007919666823, 0.0452859997749, 0.0131225595251, 0.0239364933223, 0.000534441147465, 0.0110830180347, 0.0015527557116, 0.000693314708769, 0.000155064175487, 0.000433699111454, 0.000139077179483, 7.71412815084e-05, 4.89242192998e-05, 5.30841462023e-05, 5.4354321037e-05, 4.95317435707e-05, 3.37707897415e-05, 2.70745294983e-05, 2.53014059126e-05, 2.50792327279e-05, 2.4194123398e-05, 2.41849484155e-05],
        "mean": [1.05746603367e-05, 0.000127304447233, 7.31199033908e-05, 1.97432927962e-05, 0.00137570861261, 0.000319679704262, 0.0142202368006, 0.00492913322523, 0.00095599447377, 2.34619456023e-05, 0.00156562461052, 6.36631957605e-05, 2.51194815064e-05, 9.56000894803e-06, 2.02696755878e-05, 5.67480037716e-06, 3.99463397116e-06, 2.78867969428e-06, 1.15047987492e-06, 1.90470495909e-06, 1.17958040846e-06, 5.90792524235e-07, 5.17431772096e-07, 5.03727505929e-07, 5.34089167559e-07, 5.63214143767e-07, 1.17127649446e-06],
        "median": [5.6310468608e-06, 8.28016200103e-05, 5.488491297e-05, 1.40801048474e-05, 0.00130822882056, 0.000283438101178, 0.0112933386117, 0.00415951525792, 1.34777192216e-05, 9.70686642177e-07, 0.000705712707713, 1.21503035189e-06, 7.9381982232e-07, 3.14838803206e-06, 1.11015640414e-06, 1.24112636968e-06, 3.13611735692e-07, 2.38549631604e-07, 3.06632841784e-07, 3.44520117324e-07, 2.64783722059e-07, 1.90627545749e-07, 1.88045589766e-07, 2.20636636072e-07, 2.60465270685e-07, 2.19164533632e-07, 9.08481013084e-07],
        "min": [7.73879804683e-08, 6.83809548718e-06, 4.05691935157e-07, 1.80893539437e-06, 2.59341231867e-06, 6.38854885437e-07, 8.95743687579e-06, 1.1095508853e-05, 3.2772587133e-07, 1.33226450316e-07, 3.47558824387e-07, 1.74973649791e-07, 7.03244822375e-08, 6.55617427014e-08, 1.11207441478e-07, 9.1129280122e-08, 7.01701452499e-08, 9.70104565567e-08, 1.12967157406e-07, 1.3132743959e-07, 1.1821801138e-07, 1.06369896002e-07, 7.1685910541e-08, 6.64443717824e-08, 7.36649781174e-08, 3.04377429927e-08, 1.03859179035e-07],
        "var": [1.43627679194e-10, 1.36357005687e-08, 4.07306544048e-09, 2.85122286892e-10, 8.25171412089e-07, 5.28599528593e-08, 9.82585042948e-05, 8.48145464261e-06, 1.46928623508e-05, 6.67644339813e-09, 3.94341941501e-06, 4.49390675783e-08, 7.53716644653e-09, 3.4661198911e-10, 3.04500824555e-09, 2.29942967445e-10, 1.02500230525e-10, 5.88653500944e-11, 3.06623615387e-11, 5.84721715491e-11, 2.91226036342e-11, 1.22576818487e-11, 7.88524367329e-12, 6.84418537469e-12, 6.70850007489e-12, 6.25106737207e-12, 6.05438485804e-12]
    },
    "erbbands": {
        "dmean": [0.00300998985767, 0.0239826645702, 0.0626624301076, 0.0563293397427, 0.652163267136, 0.560962855816, 0.407368183136, 0.348323076963, 7.50997781754, 81.2762832642, 11.4858055115, 6.3429851532, 0.845849454403, 7.51870775223, 24.8658618927, 1.94226765633, 0.674774289131, 0.376934081316, 0.256797969341, 0.469797760248, 0.122639156878, 0.122187033296, 0.0598674863577, 0.0438956581056, 0.0424911938608, 0.0309635065496, 0.0326832868159, 0.0188795085996, 0.0161991883069, 0.0122352736071, 0.00991723034531, 0.00740845873952, 0.00538971275091, 0.00356362923048, 0.00252673332579, 0.00152038736269, 0.00076807505684, 0.000245531904511, 5.87144022575e-05, 9.45864212554e-06],
        "dmean2": [0.00492474855855, 0.0448719039559, 0.104321070015, 0.100480660796, 1.22981977463, 0.986616432667, 0.737644553185, 0.543272733688, 7.54930496216, 74.1163024902, 10.0212259293, 6.02259063721, 0.89460259676, 11.2124576569, 35.5628433228, 2.91278481483, 1.08165025711, 0.51149469614, 0.320760071278, 0.741117477417, 0.154101282358, 0.177853450179, 0.0847780108452, 0.0537001304328, 0.0304347202182, 0.0238696597517, 0.0323635973036, 0.0203471295536, 0.0172298569232, 0.0128257153556, 0.0106994612142, 0.00808310415596, 0.00591170042753, 0.00385146937333, 0.00279119401239, 0.00170405895915, 0.000926214212086, 0.000299556035316, 7.15291826054e-05, 1.01159821497e-05],
        "dvar": [1.19420028568e-05, 0.000612851872575, 0.0032037331257, 0.00252595497295, 0.267655700445, 0.231008797884, 0.216865628958, 0.0804440975189, 48.3043899536, 5161.05957031, 417.141021729, 740.556152344, 8.21584415436, 206.709823608, 1920.21862793, 22.759721756, 4.724421978, 0.684832155704, 2.43857955933, 1.67090177536, 0.650008499622, 0.0939385518432, 0.0423952639103, 0.0489875748754, 0.0312967300415, 0.0133611811325, 0.041037876159, 0.01783112064, 0.0160218607634, 0.00914664100856, 0.00565406726673, 0.00289070070721, 0.00172953435685, 0.000755293352995, 0.000329197500832, 9.77982344921e-05, 2.04811713047e-05, 2.48870992436e-06, 1.25452174871e-07, 1.16142229167e-09],
        "dvar2": [3.21172592521e-05, 0.00170458934736, 0.00763034867123, 0.00730618787929, 0.849195182323, 0.636295735836, 0.573637187481, 0.190361112356, 63.6506118774, 5822.67675781, 228.098007202, 600.010070801, 7.18132781982, 464.788543701, 4369.90576172, 56.062877655, 11.5090026855, 0.765055000782, 2.37020659447, 2.35058522224, 0.659564614296, 0.147385284305, 0.0712832510471, 0.0514051578939, 0.00758506404236, 0.00370605872013, 0.0332230962813, 0.0152991162613, 0.0153112662956, 0.00833697989583, 0.00511008687317, 0.00258976453915, 0.00163522548974, 0.000723192933947, 0.000297989376122, 8.53827004903e-05, 1.97934932658e-05, 2.46316403718e-06, 1.25519633798e-07, 1.0208548451e-09],
        "max": [0.0224292352796, 0.109562672675, 0.331570267677, 0.409962147474, 7.30544710159, 9.55566310883, 5.03624153137, 5.3471326828, 104.193695068, 1279.03222656, 472.300567627, 488.568450928, 52.3047294617, 113.869766235, 358.110412598, 56.4373283386, 29.9430217743, 12.0736761093, 16.5468883514, 14.2846946716, 8.35041046143, 3.8496158123, 2.56283664703, 2.65975427628, 3.099848032, 2.07505583763, 2.62397885323, 1.50489962101, 1.26875150204, 0.974830389023, 0.765186727047, 0.549094557762, 0.412451893091, 0.27080604434, 0.184547901154, 0.102511204779, 0.0445613153279, 0.0153025016189, 0.00343208666891, 0.000382939499104],
        "mean": [0.00416273763403, 0.0269192755222, 0.083748281002, 0.138556271791, 3.19533228874, 4.55542755127, 1.98693406582, 2.53034877777, 33.2665786743, 412.193389893, 55.7576408386, 18.6624660492, 2.03425002098, 16.1231651306, 52.0602073669, 4.30006027222, 1.6621171236, 0.718278586864, 0.378276616335, 1.31644177437, 0.230050846934, 0.247426092625, 0.135275691748, 0.0919189676642, 0.0944852381945, 0.0685765966773, 0.0615632683039, 0.0311893988401, 0.0221615489572, 0.0176621079445, 0.0143445627764, 0.0109174000099, 0.00841069221497, 0.00568125490099, 0.00399337429553, 0.00237132026814, 0.00102481234353, 0.000413789908634, 0.000150788910105, 4.76876557514e-05],
        "median": [0.00286897574551, 0.0179376192391, 0.0656545460224, 0.124550819397, 3.00185346603, 4.38497495651, 1.76394855976, 2.26977705956, 27.2373752594, 329.176849365, 37.9860534668, 1.45164525509, 0.253824770451, 6.89933204651, 28.3249893188, 1.4812554121, 0.125782325864, 0.214572414756, 0.053141862154, 0.105761818588, 0.0287410113961, 0.0200903061777, 0.0139894355088, 0.0141341080889, 0.016786467284, 0.016291230917, 0.0125160608441, 0.00845628790557, 0.00701605342329, 0.00613578408957, 0.00526819052175, 0.0044363765046, 0.00367456185631, 0.00276822247542, 0.0018336592475, 0.00107904768083, 0.000369990506442, 0.000191643746803, 0.000112040957902, 4.07819134125e-05],
        "min": [0.000110497901915, 0.00139183935244, 0.00428494811058, 0.00809306278825, 0.0112185813487, 0.00701843434945, 0.00542477751151, 0.00567065132782, 0.0543101914227, 0.278647214174, 0.165521517396, 0.0626545771956, 0.0367202460766, 0.0179762504995, 0.0243437774479, 0.0236208103597, 0.00854222476482, 0.00560647808015, 0.00587779842317, 0.00706230010837, 0.00597085943446, 0.00431472668424, 0.00419479003176, 0.00477795675397, 0.00644343113527, 0.00702552916482, 0.00500498199835, 0.00457071326673, 0.00351525004953, 0.00308520486578, 0.00200086645782, 0.00131612434052, 0.00123177364003, 0.00079285009997, 0.000452720239991, 0.000243261703872, 3.6892175558e-05, 2.43181129918e-05, 1.66647478181e-05, 2.08671349355e-06],
        "var": [1.73444532265e-05, 0.000639532227069, 0.00448083505034, 0.00586677761748, 4.50934648514, 9.01511478424, 2.07623410225, 2.1606297493, 528.238708496, 74757.046875, 4476.73242188, 5190.49462891, 46.420211792, 491.204956055, 3949.34790039, 68.2871704102, 25.6799182892, 2.2700753212, 3.07015562057, 6.72447872162, 0.78054112196, 0.325977057219, 0.140864029527, 0.0931710973382, 0.140565544367, 0.0662396848202, 0.0825617238879, 0.0249931961298, 0.0173063054681, 0.0102174691856, 0.00628720456734, 0.00323189259507, 0.00181690743193, 0.000782183138654, 0.000363560917322, 0.000112244473712, 2.12651375477e-05, 2.48927403845e-06, 1.22066893482e-07, 1.48332479633e-09]
    },
    "gfcc": {
        "mean": [-155.758483887, 153.087661743, -64.5439071655, -43.4697532654, -76.9916915894, -20.2712116241, -25.0893878937, 0.0894401594996, -12.5574026108, 2.76608014107, -2.4735250473, -2.89678549767, -12.8684453964],
        "cov": [[1330.609375, 277.321655273, -1005.49749756, -384.288726807, 116.946876526, 67.783821106, -36.757194519, -69.1512527466, -98.7702255249, -160.836013794, -98.6633911133, -39.1904640198, 90.3613586426], [277.321655273, 496.516876221, -220.876785278, -206.451568604, 92.7162322998, 31.9938907623, -50.2963256836, -115.111503601, -67.7920761108, -116.951835632, 28.539680481, 47.2872772217, 112.918464661], [-1005.49749756, -220.876785278, 1413.09179688, 318.104827881, -219.207611084, -39.9134559631, 13.5749197006, 26.9809818268, 97.2219161987, 215.014907837, 128.707305908, 90.8095321655, -65.0955429077], [-384.288726807, -206.451568604, 318.104827881, 232.173248291, -39.2688102722, -13.7322807312, 39.6779251099, 62.2327728271, 55.1572303772, 85.6211242676, 24.2378978729, -20.2807807922, -55.7222175598], [116.946876526, 92.7162322998, -219.207611084, -39.2688102722, 109.943153381, 27.6507225037, -16.1572380066, -1.35072565079, 4.53430175781, -39.8635940552, -26.6850662231, -0.580251574516, 25.6612567902], [67.783821106, 31.9938907623, -39.9134559631, -13.7322807312, 27.6507225037, 73.0526504517, 3.26300191879, -37.3451156616, -31.2488441467, -20.5281486511, 0.883899271488, 13.7800455093, 29.751739502], [-36.757194519, -50.2963256836, 13.5749197006, 39.6779251099, -16.1572380066, 3.26300191879, 57.4859771729, 41.7546005249, 18.8374519348, 23.7117652893, 9.18051528931, -6.76598453522, -18.0532798767], [-69.1512527466, -115.111503601, 26.9809818268, 62.2327728271, -1.35072565079, -37.3451156616, 41.7546005249, 92.3941497803, 62.4333534241, 44.5909461975, -9.70594120026, -18.0789470673, -43.6830177307], [-98.7702255249, -67.7920761108, 97.2219161987, 55.1572303772, 4.53430175781, -31.2488441467, 18.8374519348, 62.4333534241, 77.7888259888, 49.9586601257, -2.01561045647, -7.6444735527, -25.9571971893], [-160.836013794, -116.951835632, 215.014907837, 85.6211242676, -39.8635940552, -20.5281486511, 23.7117652893, 44.5909461975, 49.9586601257, 75.7451553345, 12.1562633514, -6.7072224617, -36.7417106628], [-98.6633911133, 28.539680481, 128.707305908, 24.2378978729, -26.6850662231, 0.883899271488, 9.18051528931, -9.70594120026, -2.01561045647, 12.1562633514, 35.7613601685, 14.1087255478, 6.28189277649], [-39.1904640198, 47.2872772217, 90.8095321655, -20.2807807922, -0.580251574516, 13.7800455093, -6.76598453522, -18.0789470673, -7.6444735527, -6.7072224617, 14.1087255478, 40.0600166321, 24.5190677643], [90.3613586426, 112.918464661, -65.0955429077, -55.7222175598, 25.6612567902, 29.751739502, -18.0532798767, -43.6830177307, -25.9571971893, -36.7417106628, 6.28189277649, 24.5190677643, 51.984413147]],
        "icov": [[0.00318985874765, -0.00222538062371, 0.00238972925581, 0.00205541518517, 0.00581296067685, -0.00597721291706, 0.00442380737513, -0.00506390677765, 0.000315270561259, -0.00410784920678, 0.00390144228004, 0.000734286790248, -0.00124646234326], [-0.00222538062371, 0.0156765244901, -0.00637670792639, 0.0100190639496, -0.0238774754107, 0.0186014771461, -0.0171279832721, 0.0153898922727, 0.00089757546084, 0.0113273151219, -0.0189276318997, 0.0142390923575, -0.0152791077271], [0.00238972925581, -0.00637670792639, 0.00902317930013, -0.00657804077491, 0.0165838617831, -0.0115882633254, 0.0148285552859, -0.00444941176102, -0.00478689232841, -0.0123680913821, 0.000969860935584, -0.0198009926826, 0.0118922833353], [0.00205541518517, 0.0100190639496, -0.00657804077491, 0.0233705937862, -0.0176788829267, 0.00501300487667, -0.0110765108839, -0.000234450897551, 0.00513432966545, 0.00233242078684, -0.0140557093546, 0.0278054643422, -0.0139118069783], [0.00581296067685, -0.0238774754107, 0.0165838617831, -0.0176788829267, 0.0675675570965, -0.046973478049, 0.0445873886347, -0.033016782254, -0.0188398100436, -0.00821554847062, 0.0287491101772, -0.0306054260582, 0.0205957051367], [-0.00597721291706, 0.0186014771461, -0.0115882633254, 0.00501300487667, -0.046973478049, 0.0641563758254, -0.0492084883153, 0.0424862392247, 0.0139131611213, 0.00562316272408, -0.00650717550889, 0.0122182704508, -0.0281260125339], [0.00442380737513, -0.0171279832721, 0.0148285552859, -0.0110765108839, 0.0445873886347, -0.0492084883153, 0.0788080319762, -0.0564921461046, 0.000176639310666, -0.0182112120092, -0.0100318742916, -0.0215274021029, 0.0208443310112], [-0.00506390677765, 0.0153898922727, -0.00444941176102, -0.000234450897551, -0.033016782254, 0.0424862392247, -0.0564921461046, 0.0896770358086, -0.029740775004, 0.0112315248698, -0.00113798456732, -0.010029614903, 0.0152262747288], [0.000315270561259, 0.00089757546084, -0.00478689232841, 0.00513432966545, -0.0188398100436, 0.0139131611213, 0.000176639310666, -0.029740775004, 0.0585721135139, -0.0288208331913, 0.00301083642989, 0.0149001888931, -0.0250965040177], [-0.00410784920678, 0.0113273151219, -0.0123680913821, 0.00233242078684, -0.00821554847062, 0.00562316272408, -0.0182112120092, 0.0112315248698, -0.0288208331913, 0.0756124556065, -0.0121907182038, 0.0205787792802, 0.00431660516188], [0.00390144228004, -0.0189276318997, 0.000969860935584, -0.0140557093546, 0.0287491101772, -0.00650717550889, -0.0100318742916, -0.00113798456732, 0.00301083642989, -0.0121907182038, 0.0945136472583, -0.0133957779035, -0.00664289807901], [0.000734286790248, 0.0142390923575, -0.0198009926826, 0.0278054643422, -0.0306054260582, 0.0122182704508, -0.0215274021029, -0.010029614903, 0.0149001888931, 0.0205787792802, -0.0133957779035, 0.102626524866, -0.0597866922617], [-0.00124646234326, -0.0152791077271, 0.0118922833353, -0.0139118069783, 0.0205957051367, -0.0281260125339, 0.0208443310112, 0.0152262747288, -0.0250965040177, 0.00431660516188, -0.00664289807901, -0.0597866922617, 0.100056841969]]
    },
    "melbands": {
        "dmean": [2.72001325357e-05, 2.97788355965e-05, 1.93958603631e-05, 5.67162423977e-05, 1.15679677037e-05, 7.88325269241e-06, 0.000235730345594, 0.000745830766391, 7.00188975316e-05, 3.49577494489e-05, 2.86685963147e-06, 2.25921758101e-05, 0.000116013157822, 2.28131398217e-06, 5.92204605709e-06, 7.96784320301e-07, 6.25066945759e-07, 3.13872504876e-07, 6.47692502298e-07, 4.19658078954e-07, 1.18975812313e-07, 1.48722790527e-07, 4.17437036049e-08, 7.85965568184e-08, 3.2023077523e-08, 2.89640844642e-08, 4.67217162736e-08, 1.8859436679e-08, 2.32020429536e-08, 1.59770365826e-08, 9.54866852254e-09, 9.28995813609e-09, 8.35723401593e-09, 6.47969811141e-09, 5.71187230847e-09, 5.4620361567e-09, 4.35896829742e-09, 3.96729848973e-09, 3.4110270164e-09, 2.93471602575e-09],
        "dmean2": [4.7876535973e-05, 5.27390911884e-05, 3.62655009667e-05, 0.00010440620099, 2.0084076823e-05, 1.33747507789e-05, 0.000235908926697, 0.000681178469677, 6.19889178779e-05, 3.25532200804e-05, 3.81784275305e-06, 3.40527622029e-05, 0.000167134174262, 3.19780656355e-06, 9.27324072109e-06, 1.01015052678e-06, 8.7492384182e-07, 3.88524313166e-07, 9.21091043438e-07, 6.82020413478e-07, 1.28195765114e-07, 2.16500126271e-07, 4.95890013497e-08, 1.20503088397e-07, 3.48605198042e-08, 3.3116446474e-08, 5.61026389789e-08, 2.04618135768e-08, 2.18259081919e-08, 1.75657781654e-08, 1.038326225e-08, 1.02649249101e-08, 8.89871021315e-09, 6.9556738147e-09, 6.23446405612e-09, 5.86113957368e-09, 4.80684558823e-09, 4.40279634972e-09, 3.74430619843e-09, 3.23284998771e-09],
        "dvar": [8.63232763049e-10, 6.44323094878e-10, 2.16047665869e-10, 2.18191953394e-09, 1.88968715675e-10, 3.94533156145e-11, 4.80620094834e-08, 4.36935124526e-07, 5.21137337728e-08, 2.23249703168e-08, 1.21049031909e-10, 1.98373029114e-09, 4.34405507121e-08, 1.28748704406e-11, 4.11611245088e-10, 9.02190995522e-12, 1.8777960957e-12, 3.78355289807e-12, 9.44956526222e-12, 9.66973679947e-13, 9.71125306906e-13, 1.19816184968e-13, 5.03444603172e-14, 4.25323499836e-14, 3.62931154585e-14, 3.42599754989e-14, 3.4813718206e-14, 9.82528233849e-15, 1.67201745748e-14, 1.36056022405e-14, 4.20100940322e-15, 4.90344620308e-15, 4.41303191432e-15, 2.32684270479e-15, 1.96245675418e-15, 1.29544753085e-15, 1.05066369118e-15, 8.78777624535e-16, 6.76950743149e-16, 4.7739406888e-16],
        "dvar2": [2.32238583919e-09, 1.58129620509e-09, 6.81058265339e-10, 6.23988238857e-09, 5.11403253078e-10, 9.53114046021e-11, 5.85678634479e-08, 5.01985368828e-07, 2.91508630568e-08, 1.84906916445e-08, 1.53855345131e-10, 4.45765069301e-09, 9.86869821418e-08, 2.98075522598e-11, 1.15185949667e-09, 6.65199536079e-12, 2.34684992793e-12, 3.74122564525e-12, 9.38380709942e-12, 1.60950029346e-12, 9.90512576474e-13, 2.09762708505e-13, 4.92244049341e-14, 1.02055455829e-13, 3.30632568578e-14, 3.46302271527e-14, 5.91387426226e-14, 5.8513387515e-15, 1.27791521939e-14, 1.21963655741e-14, 3.5198166132e-15, 4.65964470988e-15, 4.29840421611e-15, 2.06868230906e-15, 1.86481249008e-15, 1.02381518197e-15, 9.9619608454e-16, 8.23974486969e-16, 6.5439346167e-16, 4.56559970053e-16],
        "max": [0.000169801278389, 0.000126695842482, 0.000146348073031, 0.000835677492432, 0.000166060999618, 0.000120193573821, 0.00331250741147, 0.0118240928277, 0.00491623114794, 0.00265765935183, 0.000175413646502, 0.000344110216247, 0.00169135583565, 6.08620030107e-05, 0.000220944319153, 4.24121717515e-05, 1.83097363333e-05, 2.02338087547e-05, 3.40454680554e-05, 1.03199245132e-05, 9.74514296104e-06, 4.34494086221e-06, 2.38161896959e-06, 2.41368638854e-06, 2.10811435863e-06, 2.04901448342e-06, 2.71974431598e-06, 1.24263715406e-06, 1.84792895652e-06, 1.24067605611e-06, 7.28146062556e-07, 6.98436394941e-07, 6.654439062e-07, 4.93996765272e-07, 4.39458801793e-07, 3.90662904692e-07, 3.21847011264e-07, 2.95578558962e-07, 2.54821230783e-07, 2.15524821101e-07],
        "mean": [3.59134428436e-05, 4.10702778026e-05, 6.00310049776e-05, 0.000388984859455, 6.73292015563e-05, 5.01124632137e-05, 0.00104300526436, 0.00384198827669, 0.000255096092587, 9.40788377193e-05, 5.55384349354e-06, 4.75512388221e-05, 0.000240216933889, 6.01138663114e-06, 9.71524787019e-06, 1.56280464125e-06, 1.11977021788e-06, 3.84986122981e-07, 1.49557001805e-06, 1.15861234917e-06, 1.49229066437e-07, 3.05289319158e-07, 6.07283894283e-08, 1.94944917098e-07, 5.40041966701e-08, 4.95934813216e-08, 9.36559487741e-08, 3.1226438324e-08, 4.70519694318e-08, 2.27348806447e-08, 1.5345122506e-08, 1.23550867315e-08, 1.12813651754e-08, 9.1984455608e-09, 8.06878563964e-09, 7.86693021837e-09, 6.27881835413e-09, 6.0613341013e-09, 5.15520515165e-09, 4.59828930488e-09],
        "median": [2.35423030972e-05, 3.28034475388e-05, 5.68152172491e-05, 0.000374869501684, 6.31021539448e-05, 4.42554664914e-05, 0.000830452598166, 0.00309134763665, 6.71665256959e-05, 1.44878572428e-06, 1.86515180189e-07, 1.33629137054e-05, 0.000117654824862, 3.3018798149e-06, 8.42317788852e-08, 2.24860059461e-07, 3.4008445482e-07, 4.60547902037e-08, 9.19179896641e-08, 1.29176271457e-07, 1.48181795723e-08, 2.12270272471e-08, 1.40299150075e-08, 1.14976881349e-08, 1.10993942926e-08, 1.31435875517e-08, 1.17199903116e-08, 1.03701722765e-08, 8.03918176473e-09, 5.95201887776e-09, 4.64477345474e-09, 4.19687173903e-09, 3.36112360166e-09, 3.28802562954e-09, 3.15507353577e-09, 2.80343148695e-09, 2.62806709728e-09, 2.76560108148e-09, 2.34960562118e-09, 2.30331709261e-09],
        "min": [1.49108677761e-06, 2.24884161071e-06, 1.52961376898e-06, 6.90704666795e-07, 1.90603230976e-07, 1.16333872313e-07, 1.10866108116e-06, 3.11822600452e-06, 1.11684084914e-06, 4.25177724139e-08, 2.09650394822e-08, 7.44688790633e-08, 6.10024031289e-08, 5.02921153611e-08, 1.05969508724e-08, 5.99938010382e-09, 6.31263219475e-09, 7.38248395749e-09, 7.43243688817e-09, 5.8443427875e-09, 3.68170161025e-09, 3.43211903342e-09, 3.41720762798e-09, 4.23355395185e-09, 2.65498267815e-09, 4.94224572378e-09, 3.12215142628e-09, 3.71971653479e-09, 2.06691130877e-09, 2.51897258607e-09, 1.96507876637e-09, 1.65526292673e-09, 1.29439392538e-09, 1.47256584704e-09, 1.063326871e-09, 8.72156902254e-10, 7.06925795679e-10, 8.39054992152e-10, 5.09268238691e-10, 6.30811680669e-10],
        "var": [1.14568110554e-09, 9.24262499868e-10, 1.31233390821e-09, 6.62641284066e-08, 2.26776908363e-09, 1.23609600333e-09, 5.4197442978e-07, 6.33961190033e-06, 5.42669965853e-07, 1.54179247147e-07, 4.92527962859e-10, 5.23849319478e-09, 8.91392559765e-08, 9.49385917104e-11, 1.0266497652e-09, 2.39172171651e-11, 5.11045546159e-12, 4.55451691986e-12, 1.67063463757e-11, 4.28836220007e-12, 1.0297016061e-12, 4.74760855629e-13, 6.32397576688e-14, 2.70153528454e-13, 5.03313380828e-14, 4.65389073036e-14, 1.43376074359e-13, 1.74933411669e-14, 4.43872979279e-14, 1.67218686407e-14, 5.82159900121e-15, 5.23969837787e-15, 4.76726321044e-15, 2.6225671059e-15, 2.07093689901e-15, 1.65457605384e-15, 1.10850111252e-15, 9.33300711833e-16, 6.93603993227e-16, 4.95164502476e-16]
    },
    "mfcc": {
        "mean": [-839.738342285, 210.378433228, 40.9169998169, -0.176313251257, -21.3330612183, -19.3356552124, -13.1684331894, -14.4145536423, -10.973069191, -5.18107461929, -2.9818675518, 10.9513311386, 22.4662456512],
        "cov": [[2083.54077148, 404.409362793, -1309.40063477, -599.557495117, -246.788635254, -66.7423477173, 52.7784004211, 132.856567383, 120.572395325, 22.716917038, -136.735092163, -142.117675781, -237.284118652], [404.409362793, 550.742919922, -261.155212402, -216.033569336, -2.32815885544, 0.15305583179, 11.0574140549, 14.7809581757, -19.2569961548, -101.654472351, -136.199752808, -80.1433258057, 4.53759717941], [-1309.40063477, -261.155212402, 1189.90612793, 424.693908691, 173.879516602, 87.7840957642, -47.1128921509, -153.69317627, -138.92741394, -48.8264007568, 52.3216323853, 95.7990570068, 217.377731323], [-599.557495117, -216.033569336, 424.693908691, 252.986846924, 72.9615478516, 10.8090782166, -20.5020999908, -42.0277442932, -24.9002170563, 28.2051734924, 78.8234024048, 73.1968688965, 73.1636810303], [-246.788635254, -2.32815885544, 173.879516602, 72.9615478516, 86.4591064453, 29.5967235565, -14.6593151093, -18.9241218567, -11.7952337265, -12.5259571075, 7.76527786255, 9.91305351257, 37.3734855652], [-66.7423477173, 0.15305583179, 87.7840957642, 10.8090782166, 29.5967235565, 60.0678710938, 14.7049303055, -13.5453243256, -10.1426773071, -11.902636528, -12.0509004593, -2.89410328865, 10.3506269455], [52.7784004211, 11.0574140549, -47.1128921509, -20.5020999908, -14.6593151093, 14.7049303055, 35.2541389465, 16.7441215515, 3.59918355942, -0.930975854397, -6.95098400116, -3.957508564, -10.3504524231], [132.856567383, 14.7809581757, -153.69317627, -42.0277442932, -18.9241218567, -13.5453243256, 16.7441215515, 52.0429649353, 37.8093490601, 11.6579627991, -2.05166053772, -5.96020698547, -23.5193214417], [120.572395325, -19.2569961548, -138.92741394, -24.9002170563, -11.7952337265, -10.1426773071, 3.59918355942, 37.8093490601, 55.7533836365, 34.3734283447, 17.0259342194, 3.14971661568, -22.8234672546], [22.716917038, -101.654472351, -48.8264007568, 28.2051734924, -12.5259571075, -11.902636528, -0.930975854397, 11.6579627991, 34.3734283447, 64.7843856812, 52.358833313, 23.9577846527, -19.5087871552], [-136.735092163, -136.199752808, 52.3216323853, 78.8234024048, 7.76527786255, -12.0509004593, -6.95098400116, -2.05166053772, 17.0259342194, 52.358833313, 83.0327148438, 44.4319572449, -2.3048889637], [-142.117675781, -80.1433258057, 95.7990570068, 73.1968688965, 9.91305351257, -2.89410328865, -3.957508564, -5.96020698547, 3.14971661568, 23.9577846527, 44.4319572449, 48.5749778748, 25.5890216827], [-237.284118652, 4.53759717941, 217.377731323, 73.1636810303, 37.3734855652, 10.3506269455, -10.3504524231, -23.5193214417, -22.8234672546, -19.5087871552, -2.3048889637, 25.5890216827, 79.3170700073]],
