{
"lowlevel": {
    "average_loudness": 0.99068403244,
    "barkbands_crest": {
        "dmean": 1.42008185387,
        "dmean2": 1.81944227219,
        "dvar": 1.53143131733,
        "dvar2": 3.00812292099,
        "max": 21.7038860321,
        "mean": 15.0538272858,
        "median": 15.2012681961,
        "min": 5.20771551132,
        "var": 10.6612405777
    },
    "barkbands_flatness_db": {
        "dmean": 0.0175492875278,
        "dmean2": 0.0218646153808,
        "dvar": 0.000489676895086,
        "dvar2": 0.000466532917926,
        "max": 0.371685951948,
        "mean": 0.296059906483,
        "median": 0.300496429205,
        "min": 0.0869510248303,
        "var": 0.00280455476604
    },
    "barkbands_kurtosis": {
        "dmean": 21.6353378296,
        "dmean2": 36.5111808777,
        "dvar": 454.41784668,
        "dvar2": 954.75390625,
        "max": 119.411132812,
        "mean": 41.1687736511,
        "median": 35.2884101868,
        "min": 6.0979013443,
        "var": 709.69329834
    },
    "barkbands_skewness": {
        "dmean": 1.30570936203,
        "dmean2": 2.0485470295,
        "dvar": 1.16919839382,
        "dvar2": 2.73350000381,
        "max": 4.88454580307,
        "mean": 1.58164656162,
        "median": 1.57230496407,
        "min": -0.818898558617,
        "var": 1.87696671486
    },
    "barkbands_spread": {
        "dmean": 0.830383956432,
        "dmean2": 1.27093398571,
        "dvar": 1.81229150295,
        "dvar2": 2.25178766251,
        "max": 17.5683822632,
        "mean": 2.7167289257,
        "median": 2.08051753044,
        "min": 0.614865005016,
        "var": 5.9391541481
    },
    "dissonance": {
        "dmean": 0.0419883653522,
        "dmean2": 0.0703596845269,
        "dvar": 0.00085502048023,
        "dvar2": 0.00192011916079,
        "max": 0.39264023304,
        "mean": 0.259896665812,
        "median": 0.261180371046,
        "min": 0.128571614623,
        "var": 0.00300945714116
    },
    "dynamic_complexity": 2.0013153553,
    "erbbands_crest": {
        "dmean": 1.62512636185,
        "dmean2": 1.78286099434,
        "dvar": 2.89974236488,
        "dvar2": 4.78162431717,
        "max": 28.7465610504,
        "mean": 20.127407074,
        "median": 21.3138904572,
        "min": 6.15289211273,
        "var": 25.719247818
    },
    "erbbands_flatness_db": {
        "dmean": 0.0157814361155,
        "dmean2": 0.0172445625067,
        "dvar": 0.000294655561447,
        "dvar2": 0.000350871763658,
        "max": 0.382840782404,
        "mean": 0.289620429277,
        "median": 0.303423285484,
        "min": 0.0891153588891,
        "var": 0.00336151244119
    },
    "erbbands_kurtosis": {
        "dmean": 6.105656147,
        "dmean2": 8.66416549683,
        "dvar": 20.4395446777,
        "dvar2": 47.8767242432,
        "max": 56.7412490845,
        "mean": 34.007144928,
        "median": 33.7199249268,
        "min": 1.11509418488,
        "var": 102.922050476
    },
    "erbbands_skewness": {
        "dmean": 0.349059939384,
        "dmean2": 0.557245671749,
        "dvar": 0.108928397298,
        "dvar2": 0.201282903552,
        "max": 4.42774057388,
        "mean": 3.07411241531,
        "median": 3.11090230942,
        "min": 1.03509008884,
        "var": 0.312974005938
    },
    "erbbands_spread": {
        "dmean": 0.966470181942,
        "dmean2": 1.0063136816,
        "dvar": 8.34542655945,
        "dvar2": 5.65280056,
        "max": 35.6479644775,
        "mean": 3.94835805893,
        "median": 2.6129450798,
        "min": 1.11784338951,
        "var": 21.4278869629
    },
    "hfc": {
        "dmean": 2.34040951729,
        "dmean2": 2.58884310722,
        "dvar": 8.69061756134,
        "dvar2": 13.0446014404,
        "max": 37.420135498,
        "mean": 12.3646965027,
        "median": 10.3584785461,
        "min": 0.108734749258,
        "var": 71.7365570068
    },
    "melbands_crest": {
        "dmean": 1.28965437412,
        "dmean2": 1.77290225029,
        "dvar": 1.16919016838,
        "dvar2": 2.3585486412,
        "max": 19.8712463379,
        "mean": 12.1150140762,
        "median": 12.2075605392,
        "min": 7.10853433609,
        "var": 8.00364971161
    },
    "melbands_flatness_db": {
        "dmean": 0.0161891225725,
        "dmean2": 0.0200579687953,
        "dvar": 0.00054544507293,
        "dvar2": 0.000560927961487,
        "max": 0.475979506969,
        "mean": 0.403028190136,
        "median": 0.410252124071,
        "min": 0.193486988544,
        "var": 0.0024935817346
    },
    "melbands_kurtosis": {
        "dmean": 2.8246512413,
        "dmean2": 4.39055633545,
        "dvar": 6.18685483932,
        "dvar2": 14.0250959396,
        "max": 16.6757888794,
        "mean": 5.49679422379,
        "median": 5.29893875122,
        "min": 0.124536275864,
        "var": 10.3635950089
    },
    "melbands_skewness": {
        "dmean": 0.319027304649,
        "dmean2": 0.410017043352,
        "dvar": 0.129554048181,
        "dvar2": 0.183526113629,
        "max": 2.33789300919,
        "mean": -0.437106817961,
        "median": -0.554098069668,
        "min": -1.65282583237,
        "var": 0.503316342831
    },
    "melbands_spread": {
        "dmean": 1.09420144558,
        "dmean2": 1.75481402874,
        "dvar": 1.25498044491,
        "dvar2": 2.61805391312,
        "max": 13.5644674301,
        "mean": 4.05318880081,
        "median": 3.56257724762,
        "min": 1.5192142725,
        "var": 3.80964446068
    },
    "pitch_salience": {
        "dmean": 0.0493234284222,
        "dmean2": 0.0813185423613,
        "dvar": 0.00267216307111,
        "dvar2": 0.0049506383948,
        "max": 0.815907180309,
        "mean": 0.526966571808,
        "median": 0.512868344784,
        "min": 0.404541522264,
        "var": 0.00547802494839
    },
    "silence_rate_20dB": {
        "dmean": 0,
        "dmean2": 0,
        "dvar": 0,
        "dvar2": 0,
        "max": 1,
        "mean": 1,
        "median": 1,
        "min": 1,
        "var": 0
    },
    "silence_rate_30dB": {
        "dmean": 0,
        "dmean2": 0,
        "dvar": 0,
        "dvar2": 0,
        "max": 1,
        "mean": 1,
        "median": 1,
        "min": 1,
        "var": 0
    },
    "silence_rate_60dB": {
        "dmean": 0.0166666675359,
        "dmean2": 0.0169491525739,
        "dvar": 0.0163888894022,
        "dvar2": 0.0166618786752,
        "max": 1,
        "mean": 0.0163934417069,
        "median": 0,
        "min": 0,
        "var": 0.0161246992648
    },
    "spectral_centroid": {
        "dmean": 11.4253969193,
        "dmean2": 15.4779424667,
        "dvar": 165.989837646,
        "dvar2": 338.176025391,
        "max": 478.796630859,
        "mean": 423.521179199,
        "median": 427.795196533,
        "min": 359.754119873,
        "var": 641.338256836
    },
    "spectral_complexity": {
        "dmean": 0.866666674614,
        "dmean2": 1.49152541161,
        "dvar": 1.08222210407,
        "dvar2": 1.70755517483,
        "max": 7,
        "mean": 5.37704896927,
        "median": 5,
        "min": 0,
        "var": 1.25127649307
    },
    "spectral_decrease": {
        "dmean": 1.3690669709e-09,
        "dmean2": 1.63978519652e-09,
        "dvar": 2.70371138325e-18,
        "dvar2": 3.75032067844e-18,
        "max": -5.29002189276e-11,
        "mean": -7.45902628552e-09,
        "median": -6.32715613236e-09,
        "min": -2.07545518549e-08,
        "var": 2.23918867153e-17
    },
    "spectral_energy": {
        "dmean": 0.00537657504901,
        "dmean2": 0.00641754223034,
        "dvar": 4.18561212427e-05,
        "dvar2": 5.8226625697e-05,
        "max": 0.0817264989018,
        "mean": 0.0292736031115,
        "median": 0.0248124953359,
        "min": 0.000209520221688,
        "var": 0.000346939195879
    },
    "spectral_energyband_high": {
        "dmean": 2.74393778454e-06,
        "dmean2": 3.95214010496e-06,
        "dvar": 2.32856286336e-11,
        "dvar2": 3.10770853496e-11,
        "max": 4.82359391754e-05,
        "mean": 2.17863889702e-05,
        "median": 2.11293754546e-05,
        "min": 3.70323505194e-06,
        "var": 2.23285088335e-11
    },
    "spectral_energyband_low": {
        "dmean": 0.00108524714597,
        "dmean2": 0.00183894194197,
        "dvar": 8.00795362466e-07,
        "dvar2": 2.03466083804e-06,
        "max": 0.00455042626709,
        "mean": 0.00180337845813,
        "median": 0.00154590478633,
        "min": 7.70253755036e-05,
        "var": 1.25058875255e-06
    },
    "spectral_energyband_middle_high": {
        "dmean": 5.30030374648e-05,
        "dmean2": 8.04104493e-05,
        "dvar": 1.97750926745e-09,
        "dvar2": 3.51378681707e-09,
        "max": 0.00084115518257,
        "mean": 0.000258755753748,
        "median": 0.000223476410611,
        "min": 1.5950834495e-05,
        "var": 2.89141119936e-08
    },
    "spectral_energyband_middle_low": {
        "dmean": 0.00501750269905,
        "dmean2": 0.0056378627196,
        "dvar": 4.09420936194e-05,
        "dvar2": 6.0011210735e-05,
        "max": 0.0804504677653,
        "mean": 0.0272541064769,
        "median": 0.0233182553202,
        "min": 0.000110634144221,
        "var": 0.000341061357176
    },
    "spectral_entropy": {
        "dmean": 0.173416391015,
        "dmean2": 0.205290287733,
        "dvar": 0.0589826107025,
        "dvar2": 0.0661404952407,
        "max": 7.43582630157,
        "mean": 5.56240224838,
        "median": 5.48109197617,
        "min": 4.72295427322,
        "var": 0.318329066038
    },
    "spectral_flux": {
        "dmean": 0.0124857965857,
        "dmean2": 0.0195896569639,
        "dvar": 0.000221180627705,
        "dvar2": 0.000303298264043,
        "max": 0.161006763577,
        "mean": 0.0375784449279,
        "median": 0.0314910188317,
        "min": 0.0143727483228,
        "var": 0.00053011457203
    },
    "spectral_kurtosis": {
        "dmean": 2.34458017349,
        "dmean2": 3.71470880508,
        "dvar": 7.17723560333,
        "dvar2": 12.8886585236,
        "max": 35.5861930847,
        "mean": 20.4532337189,
        "median": 19.3232975006,
        "min": 9.17942523956,
        "var": 38.6270828247
    },
    "spectral_rms": {
        "dmean": 0.000485644646687,
        "dmean2": 0.000582812761422,
        "dvar": 2.37892734845e-07,
        "dvar2": 2.99410459093e-07,
        "max": 0.0089293429628,
        "mean": 0.00505622848868,
        "median": 0.004920092877,
        "min": 0.000452117208624,
        "var": 2.99417501992e-06
    },
    "spectral_rolloff": {
        "dmean": 3.5888671875,
        "dmean2": 4.37963438034,
        "dvar": 388.975036621,
        "dvar2": 405.202758789,
        "max": 624.462890625,
        "mean": 485.732574463,
        "median": 473.73046875,
        "min": 473.73046875,
        "var": 433.647613525
    },
    "spectral_skewness": {
        "dmean": 0.209169834852,
        "dmean2": 0.32420194149,
        "dvar": 0.0632666945457,
        "dvar2": 0.0957094579935,
        "max": 5.12761068344,
        "mean": 3.89976286888,
        "median": 3.8689095974,
        "min": 2.74626064301,
        "var": 0.331838846207
    },
    "spectral_spread": {
        "dmean": 402678.375,
        "dmean2": 513296.625,
        "dvar": 911065612288,
        "dvar2": 622616510464,
        "max": 14231187,
        "mean": 3732949.75,
        "median": 3425291,
        "min": 2488205.25,
        "var": 2.43672075469e+12
    },
    "spectral_strongpeak": {
        "dmean": 0.394648879766,
        "dmean2": 0.524700343609,
        "dvar": 0.188351660967,
        "dvar2": 0.31094405055,
        "max": 5.02450799942,
        "mean": 2.19386315346,
        "median": 2.18904948235,
        "min": 0,
        "var": 1.44740700722
    },
    "zerocrossingrate": {
        "dmean": 0.003662109375,
        "dmean2": 0.00428694393486,
        "dvar": 2.18431159738e-05,
        "dvar2": 3.5375393054e-05,
        "max": 0.052734375,
        "mean": 0.0254146382213,
        "median": 0.02490234375,
        "min": 0.00634765625,
        "var": 3.84317208955e-05
    },
    "barkbands": {
        "dmean": [3.19083956128e-05, 0.000967637868598, 0.000279124098597, 0.000102062178485, 0.000160252311616, 0.000862171000335, 0.00446467939764, 0.000144073113916, 3.8983522245e-05, 8.88280919753e-06, 4.31501284766e-05, 4.90376669404e-06, 4.17966157329e-06, 1.9017439854e-06, 1.47954278873e-06, 8.37214486182e-07, 9.05901003989e-07, 7.26818655039e-07, 1.00314991869e-06, 7.79307526955e-07, 6.17856017016e-07, 3.69797760413e-07, 3.21245551049e-07, 3.50366065049e-07, 5.16611521562e-07, 9.54440338319e-07, 1.15269926937e-06],
        "dmean2": [5.45611765119e-05, 0.00158207165077, 0.000515795254614, 0.000170727595105, 0.000245732953772, 0.00128326995764, 0.00474209990352, 0.000177005538717, 6.20888167759e-05, 1.35069985845e-05, 6.76032941556e-05, 8.16875672172e-06, 7.11717211743e-06, 3.06314746013e-06, 2.32162051361e-06, 1.18114792258e-06, 1.47835203279e-06, 1.14271142593e-06, 1.63383833751e-06, 1.31930801217e-06, 9.1154186066e-07, 5.49660114757e-07, 4.45485767386e-07, 5.25097732407e-07, 8.5347824097e-07, 1.57431509251e-06, 1.80230415481e-06],
        "dvar": [6.0310950678e-10, 6.38922188045e-07, 1.60981045383e-07, 1.20964100958e-08, 5.64372228951e-08, 2.20497940973e-06, 3.50573136529e-05, 1.0556662744e-07, 2.68436362028e-09, 4.55502496832e-10, 1.13905029853e-09, 1.07328347598e-10, 7.67826219272e-11, 6.98677660865e-12, 5.99012072583e-12, 3.25476646502e-12, 2.58550234174e-12, 1.81897086369e-12, 2.44198845173e-12, 1.27285671152e-12, 9.8209634869e-13, 3.77928049099e-13, 2.22326578805e-13, 2.36732833857e-13, 3.33659694925e-13, 2.05179753396e-12, 2.16774515005e-12],
        "dvar2": [1.67759417469e-09, 1.60653178227e-06, 5.23921244167e-07, 3.01870137775e-08, 1.22885737142e-07, 2.97508540825e-06, 5.4010302847e-05, 1.27178523712e-07, 3.75734821034e-09, 5.21954979238e-10, 3.12907677547e-09, 2.10600953343e-10, 2.00186214827e-10, 1.28597011512e-11, 6.95042461085e-12, 3.77756549999e-12, 3.08482796599e-12, 1.9447286663e-12, 3.30099446041e-12, 1.98430811713e-12, 1.14187446391e-12, 4.99029094957e-13, 2.48978843185e-13, 2.83887984735e-13, 4.99699999261e-13, 5.41851719743e-12, 3.40260827326e-12],
        "max": [0.000142538454384, 0.00419818796217, 0.00231485068798, 0.000848994706757, 0.00149293383583, 0.0181614980102, 0.0656939297915, 0.00201526493765, 0.000516409403645, 0.00016922118084, 0.000557224091608, 6.48627756163e-05, 5.37467531103e-05, 1.8353222913e-05, 2.02581595659e-05, 1.5620213162e-05, 1.38416216942e-05, 1.19025853564e-05, 1.31838523885e-05, 9.61557725532e-06, 8.91219315236e-06, 5.67601182411e-06, 4.50556126452e-06, 4.63371452497e-06, 5.23508333572e-06, 1.03919974208e-05, 1.24455100377e-05],
        "mean": [3.9197584556e-05, 0.00142956059426, 0.000266788905719, 0.000141092037666, 0.000226207877859, 0.00887141004205, 0.0176502838731, 0.00028133453452, 7.98762994236e-05, 1.13493806566e-05, 0.000222910501179, 6.65156449031e-06, 5.9642911765e-06, 3.14690305458e-06, 2.70626333077e-06, 1.77838785476e-06, 1.48361050378e-06, 1.57985289206e-06, 2.24425821216e-06, 2.0524817046e-06, 1.72404111254e-06, 1.30711850943e-06, 1.3352246242e-06, 1.68234168996e-06, 2.17689853343e-06, 3.53580594492e-06, 1.02074072856e-05],
        "median": [2.7212265195e-05, 0.00122783426195, 0.00017049946473, 0.000101063058537, 0.000144786055898, 0.00853672809899, 0.0138829117641, 8.37429615785e-05, 5.32870762981e-05, 7.67438359617e-06, 0.000179072987521, 4.74492480862e-06, 4.04176262236e-06, 2.59271041614e-06, 2.03931631404e-06, 1.46635159126e-06, 1.15508510135e-06, 1.28891031181e-06, 1.94527206077e-06, 1.86331624263e-06, 1.57484873853e-06, 1.20076663279e-06, 1.28943781874e-06, 1.64357379617e-06, 2.12466125049e-06, 3.25889277519e-06, 1.03129423223e-05],
        "min": [8.20296008897e-08, 3.78631848434e-05, 6.4841628955e-06, 1.36432954605e-05, 2.38384636759e-05, 4.70808299724e-06, 1.5674457245e-05, 6.43816156298e-06, 1.19326377899e-05, 1.71207409494e-06, 2.18484274228e-06, 9.73113060354e-07, 1.63004506248e-06, 6.60023488308e-07, 5.97733276209e-07, 4.57932316067e-07, 3.57409589924e-07, 5.15565716341e-07, 6.07681954534e-07, 6.62694276343e-07, 5.4473758837e-07, 4.50749126912e-07, 4.12603952782e-07, 3.72764475287e-07, 3.37886064017e-07, 4.58879640064e-07, 7.30741362531e-07],
        "var": [1.14749432178e-09, 9.25695644582e-07, 1.23085925452e-07, 2.04559515993e-08, 7.31286817768e-08, 1.66149293364e-05, 0.000222372516873, 1.9663120554e-07, 5.35608046803e-09, 4.48797388142e-10, 2.53888785551e-08, 8.89918971847e-11, 6.08195438456e-11, 7.2024326607e-12, 6.92028422414e-12, 3.58771671226e-12, 2.94873435565e-12, 2.05059949056e-12, 2.50573346794e-12, 1.30092020056e-12, 1.0619328767e-12, 4.18965263958e-13, 2.65997185216e-13, 2.50765283104e-13, 3.7793593667e-13, 1.58761621471e-12, 2.34861912904e-12]
    },
    "erbbands": {
        "dmean": [0.0309463739395, 0.219595238566, 0.323877900839, 0.282544195652, 0.576412856579, 0.437552839518, 5.03113031387, 5.68135643005, 19.3458118439, 79.8193206787, 4.19282102585, 0.926589906216, 0.309395104647, 0.852768063545, 0.981167733669, 0.196188926697, 0.193686231971, 0.116483323276, 0.065850712359, 0.074377886951, 0.047136630863, 0.0486137978733, 0.0377923510969, 0.0414000414312, 0.0442350171506, 0.0378452502191, 0.0274515207857, 0.0220193900168, 0.0129965376109, 0.0131042907014, 0.00865904893726, 0.0087300632149, 0.00731647200882, 0.00459875166416, 0.00428857654333, 0.00454412121326, 0.00198161182925, 0.000608158065006, 0.000211157981539, 3.11325238727e-05],
        "dmean2": [0.0505230277777, 0.359228819609, 0.589114844799, 0.496180444956, 0.970717966557, 0.699584007263, 8.2966299057, 8.18855571747, 20.1905384064, 85.4275436401, 4.62721347809, 1.42234635353, 0.468446046114, 1.31337559223, 1.48409831524, 0.330824822187, 0.331177443266, 0.195190757513, 0.102227479219, 0.116303227842, 0.0712946355343, 0.0785992741585, 0.0563982687891, 0.0654134005308, 0.072119705379, 0.0633495375514, 0.0405198074877, 0.0341682806611, 0.0189692061394, 0.0220143217593, 0.0125871738419, 0.0133117828518, 0.0115288998932, 0.00711822556332, 0.0070780524984, 0.00786607712507, 0.00324542191811, 0.00102830247488, 0.000352556933649, 5.21762012795e-05],
        "dvar": [0.000749107741285, 0.0307052452117, 0.161221757531, 0.122481703758, 0.706166446209, 0.278893858194, 39.9555549622, 111.996269226, 676.971557617, 11324.3574219, 30.9920272827, 1.63509762287, 0.552109003067, 0.575356423855, 0.478520780802, 0.154051080346, 0.183366924524, 0.0338626690209, 0.0108722317964, 0.0145449750125, 0.0120379598811, 0.00825847778469, 0.00530254794285, 0.006460161414, 0.00441769277677, 0.00303124543279, 0.00176874524914, 0.00145487370901, 0.000612158735748, 0.00027930457145, 0.000162320007803, 0.000106226019852, 7.12853870937e-05, 3.57501594408e-05, 2.23648166866e-05, 3.92268193536e-05, 5.65981190448e-06, 3.68515344462e-07, 5.39503162145e-08, 9.46927203316e-10],
        "dvar2": [0.00200761831366, 0.0774423331022, 0.507105886936, 0.398016750813, 1.85792458057, 0.656636953354, 64.1692428589, 148.531143188, 1008.8704834, 17601.6152344, 47.0339813232, 1.99188911915, 0.71603924036, 1.11308908463, 1.5152785778, 0.307754665613, 0.492004543543, 0.0701360702515, 0.013829279691, 0.0162161011249, 0.0134573411196, 0.00941246468574, 0.00580942211673, 0.0075740958564, 0.00600943388417, 0.00495720980689, 0.00234715128317, 0.00159171281848, 0.000690340995789, 0.000402226840379, 0.000197714194655, 0.000136107773869, 9.36148571782e-05, 5.82511020184e-05, 3.70348607248e-05, 0.000103144899185, 1.4450690287e-05, 7.43951886761e-07, 1.13911369226e-07, 1.8435238891e-09],
        "max": [0.168838143349, 0.872986376286, 2.4425470829, 2.38666033745, 6.32572698593, 4.38289642334, 92.1069869995, 126.265930176, 263.449584961, 1214.03881836, 62.1965751648, 13.9854784012, 6.04497909546, 12.8572587967, 12.4654188156, 2.81010317802, 2.6091542244, 1.17809331417, 0.855919659138, 1.0157572031, 0.931697070599, 0.787180185318, 0.644519925117, 0.681739985943, 0.583933115005, 0.472368508577, 0.380967229605, 0.327797949314, 0.223829939961, 0.157812207937, 0.118547834456, 0.100208386779, 0.0779553875327, 0.0558714568615, 0.0382992438972, 0.043581392616, 0.0172865781933, 0.00537794223055, 0.00168679771014, 0.000285083398921],
        "mean": [0.0403632745147, 0.318980067968, 0.384302735329, 0.405901372433, 0.761963486671, 1.47495913506, 45.7479057312, 60.2186164856, 82.9600219727, 304.809417725, 15.6234493256, 2.4639878273, 0.546648621559, 3.92682099342, 5.24496841431, 0.420707762241, 0.286483377218, 0.184534937143, 0.129406690598, 0.134787783027, 0.0977422371507, 0.0833425670862, 0.085190244019, 0.102016918361, 0.109935812652, 0.099507369101, 0.0812240540981, 0.0576247163117, 0.0471322089434, 0.0429187752306, 0.0376930087805, 0.0336520187557, 0.0288633015007, 0.0219710245728, 0.0170320570469, 0.0118899056688, 0.00683992868289, 0.00339479837567, 0.00127231341321, 0.000211061182199],
        "median": [0.0354148969054, 0.269627660513, 0.265765309334, 0.326188057661, 0.497415035963, 1.41962230206, 44.8006973267, 57.7397003174, 60.0968589783, 233.827392578, 12.2238874435, 2.02027249336, 0.402574896812, 3.34881186485, 4.25371074677, 0.357318848372, 0.201802164316, 0.132838711143, 0.103569321334, 0.0954862907529, 0.07709107548, 0.0637242272496, 0.0712636560202, 0.0875659435987, 0.101416558027, 0.0881980061531, 0.0737466439605, 0.0518485456705, 0.0414568148553, 0.0392389558256, 0.0356232523918, 0.0313258655369, 0.0283798165619, 0.0211076457053, 0.0158758889884, 0.0108087090775, 0.00642161117867, 0.00331584666856, 0.0012723961845, 0.00021190487314],
        "min": [0.0013862377964, 0.00754881976172, 0.0205988157541, 0.0459515936673, 0.10857244581, 0.139739990234, 0.0598109178245, 0.0415319427848, 0.113133460283, 0.412587881088, 0.343573987484, 0.287981987, 0.141176268458, 0.0927989184856, 0.124480113387, 0.140461847186, 0.072596333921, 0.0494565889239, 0.042912889272, 0.0278424210846, 0.0319761447608, 0.0255846548826, 0.0312694907188, 0.0321770682931, 0.027515007183, 0.0319510959089, 0.030126882717, 0.0161128025502, 0.0158636718988, 0.0139293232933, 0.0112251183018, 0.00782418716699, 0.00692159961909, 0.00363204535097, 0.00248104613274, 0.00164661940653, 0.000924227701034, 0.000291058706352, 9.51377005549e-05, 1.29674435811e-05],
        "var": [0.000889360380825, 0.0507268719375, 0.152860462666, 0.149166792631, 0.964865922928, 0.374591261148, 431.225982666, 784.987060547, 4388.03271484, 73794.6875, 198.48210144, 4.01274347305, 0.565930664539, 7.97001075745, 13.2318124771, 0.146656796336, 0.137585371733, 0.0319935716689, 0.01179717388, 0.01736869663, 0.0126979704946, 0.00929890666157, 0.00589365931228, 0.00654664216563, 0.00469131208956, 0.00316643645056, 0.00196224846877, 0.00150394346565, 0.000647609762382, 0.000350932823494, 0.000186241450137, 0.000129760155687, 8.06261232356e-05, 3.91830726585e-05, 2.56540606642e-05, 3.06628426188e-05, 5.05919979332e-06, 4.85798807404e-07, 5.32412762766e-08, 1.43235800998e-09]
    },
    "gfcc": {
        "mean": [-98.0731124878, 120.268051147, -28.9181251526, -18.8833122253, -72.6860122681, -26.9598045349, -28.5453300476, 4.16346168518, -7.79314851761, 18.6193790436, 11.8805351257, 14.9424667358, -3.61509871483],
        "cov": [[368.208129883, 130.795822144, 28.0030117035, -91.4578704834, -98.9177246094, -77.5339813232, -7.94106054306, 20.557800293, 23.20495224, 45.8145942688, 61.3090782166, 47.8341674805, 24.5006790161], [130.795822144, 111.140235901, 44.1138839722, -62.1663322449, -66.0441055298, -44.5587310791, 12.6589050293, 19.1846065521, 26.2101154327, 35.9981575012, 53.2937583923, 32.783039093, 20.0576400757], [28.0030117035, 44.1138839722, 107.689338684, 33.3693122864, 13.2684183121, -3.55025434494, 6.45995140076, -2.5450937748, 5.14385128021, 16.4079341888, 19.8398857117, 12.5501041412, 6.08355903625], [-91.4578704834, -62.1663322449, 33.3693122864, 118.818519592, 102.089027405, 59.7918815613, -0.873833954334, -19.6033763885, -24.0237426758, -28.684469223, -48.361743927, -35.0813179016, -23.5380725861], [-98.9177246094, -66.0441055298, 13.2684183121, 102.089027405, 108.912063599, 65.1727294922, -6.27766084671, -23.4601974487, -23.2924461365, -25.4738330841, -44.2353897095, -33.8211898804, -21.8009204865], [-77.5339813232, -44.5587310791, -3.55025434494, 59.7918815613, 65.1727294922, 55.5606269836, 6.27737140656, -11.8619594574, -11.8480176926, -16.0918865204, -28.0810127258, -24.6666183472, -17.1218223572], [-7.94106054306, 12.6589050293, 6.45995140076, -0.873833954334, -6.27766084671, 6.27737140656, 23.1384601593, 14.9863471985, 5.99613189697, 6.76664161682, 10.7335004807, 6.25134563446, 3.19187784195], [20.557800293, 19.1846065521, -2.5450937748, -19.6033763885, -23.4601974487, -11.8619594574, 14.9863471985, 31.8189888, 17.9375495911, 13.417304039, 15.8752479553, 12.3150873184, 7.83709716797], [23.20495224, 26.2101154327, 5.14385128021, -24.0237426758, -23.2924461365, -11.8480176926, 5.99613189697, 17.9375495911, 26.6955966949, 20.4549846649, 21.7459030151, 10.40533638, 8.58163642883], [45.8145942688, 35.9981575012, 16.4079341888, -28.684469223, -25.4738330841, -16.0918865204, 6.76664161682, 13.417304039, 20.4549846649, 35.0004386902, 33.8206977844, 15.995267868, 12.4170837402], [61.3090782166, 53.2937583923, 19.8398857117, -48.361743927, -44.2353897095, -28.0810127258, 10.7335004807, 15.8752479553, 21.7459030151, 33.8206977844, 57.5423126221, 33.5077934265, 20.3352851868], [47.8341674805, 32.783039093, 12.5501041412, -35.0813179016, -33.8211898804, -24.6666183472, 6.25134563446, 12.3150873184, 10.40533638, 15.995267868, 33.5077934265, 34.7186508179, 20.1161327362], [24.5006790161, 20.0576400757, 6.08355903625, -23.5380725861, -21.8009204865, -17.1218223572, 3.19187784195, 7.83709716797, 8.58163642883, 12.4170837402, 20.3352851868, 20.1161327362, 20.6598186493]],
        "icov": [[0.00692233815789, -0.0102258305997, 0.00386561779305, -0.00737438257784, 0.00719321426004, -0.00301667768508, 0.0132390428334, -0.00474956771359, 0.00772735849023, -0.00783512275666, 0.00226953322999, -0.00760095054284, 0.00369159993716], [-0.0102258305997, 0.0445802621543, -0.020008880645, 0.0265415273607, -0.0146173452958, 0.0164123028517, -0.0351525396109, 0.0111781666055, -0.0193153768778, 0.0113092577085, -0.00916137825698, 0.015599523671, -0.000600758008659], [0.00386561779305, -0.020008880645, 0.0301973298192, -0.0343758799136, 0.00964268296957, 0.00817653350532, 0.00448922533542, 0.0105994800106, -2.08842302527e-05, -0.0142562277615, -0.000633924850263, -0.0170674845576, 0.00484092161059], [-0.00737438257784, 0.0265415273607, -0.0343758799136, 0.0987840369344, -0.0801048874855, 0.0245687123388, -0.0489713437855, -9.48733941186e-05, -0.0113553507254, 0.0238962061703, 0.0131694618613, 0.0228494871408, 0.0042238291353], [0.00719321426004, -0.0146173452958, 0.00964268296957, -0.0801048874855, 0.130226969719, -0.0965806543827, 0.0886334404349, -0.0234491676092, 0.0358976088464, -0.0233050882816, -0.00917877163738, -0.0115377241746, -0.0164986997843], [-0.00301667768508, 0.0164123028517, 0.00817653350532, 0.0245687123388, -0.0965806543827, 0.147214949131, -0.111968554556, 0.0534967593849, -0.0479810163379, 0.00848472584039, 0.00729923602194, 0.00837234035134, 0.0298161860555], [0.0132390428334, -0.0351525396109, 0.00448922533542, -0.0489713437855, 0.0886334404349, -0.111968554556, 0.179076179862, -0.0882621183991, 0.0656745135784, -0.0170500967652, -0.022414246574, -0.0109816305339, -0.0164159238338], [-0.00474956771359, 0.0111781666055, 0.0105994800106, -9.48733941186e-05, -0.0234491676092, 0.0534967593849, -0.0882621183991, 0.107318989933, -0.0702194571495, -0.000860171334352, 0.0203915797174, -0.0218576602638, 0.0149636901915], [0.00772735849023, -0.0193153768778, -2.08842302527e-05, -0.0113553507254, 0.0358976088464, -0.0479810163379, 0.0656745135784, -0.0702194571495, 0.124719433486, -0.041260484606, -0.0145630445331, 0.0151206841692, -0.0161317232996], [-0.00783512275666, 0.0113092577085, -0.0142562277615, 0.0238962061703, -0.0233050882816, 0.00848472584039, -0.0170500967652, -0.000860171334352, -0.041260484606, 0.105373233557, -0.0497717671096, 0.040338806808, -0.0213453378528], [0.00226953322999, -0.00916137825698, -0.000633924850263, 0.0131694618613, -0.00917877163738, 0.00729923602194, -0.022414246574, 0.0203915797174, -0.0145630445331, -0.0497717671096, 0.0944161564112, -0.060861017555, 0.0157744754106], [-0.00760095054284, 0.015599523671, -0.0170674845576, 0.0228494871408, -0.0115377241746, 0.00837234035134, -0.0109816305339, -0.0218576602638, 0.0151206841692, 0.040338806808, -0.060861017555, 0.136851012707, -0.0741906538606], [0.00369159993716, -0.000600758008659, 0.00484092161059, 0.0042238291353, -0.0164986997843, 0.0298161860555, -0.0164159238338, 0.0149636901915, -0.0161317232996, -0.0213453378528, 0.0157744754106, -0.0741906538606, 0.128396779299]]
    },
    "melbands": {
        "dmean": [0.000276933045825, 0.000205996315344, 4.95376843901e-05, 3.89558481402e-05, 0.000137195413117, 0.000135253401822, 0.000509254285134, 0.000693528098054, 7.22964205124e-06, 5.09766550749e-06, 1.4495223013e-06, 3.18671413879e-06, 5.31017531102e-06, 6.27997678748e-07, 4.97022256241e-07, 3.54283457682e-07, 2.11448849541e-07, 1.10894660565e-07, 1.23283797393e-07, 6.94254680411e-08, 6.22571718623e-08, 5.55018182524e-08, 4.22454107252e-08, 3.56017615388e-08, 3.81329137156e-08, 4.26796624708e-08, 2.95003594886e-08, 2.6699961353e-08, 1.92144806732e-08, 1.74688565835e-08, 1.19207053118e-08, 9.36253208295e-09, 8.79855210911e-09, 7.85246534463e-09, 5.51160228568e-09, 6.17380901957e-09, 6.12509332143e-09, 6.09133898877e-09, 5.85511639173e-09, 4.31108215793e-09],
        "dmean2": [0.000450746738352, 0.000339102349244, 8.15798266558e-05, 6.29025598755e-05, 0.000222112124902, 0.000196943088667, 0.000535854254849, 0.000743374752346, 9.86924806057e-06, 7.90863759903e-06, 2.22639914682e-06, 4.91654463985e-06, 8.09877474239e-06, 1.05644221549e-06, 8.50936430652e-07, 6.20678974883e-07, 3.47349441654e-07, 1.69739109879e-07, 1.85843589406e-07, 1.0351610058e-07, 9.80302345965e-08, 9.10071307203e-08, 6.60479528847e-08, 5.64636124523e-08, 5.93594471354e-08, 6.94254040923e-08, 4.74843275811e-08, 4.51894770492e-08, 2.80783698514e-08, 2.84696497488e-08, 1.71160703388e-08, 1.41335405601e-08, 1.39045868153e-08, 1.24694707893e-08, 8.43585112875e-09, 9.67354374382e-09, 9.55648005174e-09, 9.26769772036e-09, 9.43341404991e-09, 6.70476252296e-09],
        "dvar": [5.52823173905e-08, 2.75501061964e-08, 3.32048744056e-09, 2.84607248879e-09, 3.1603384798e-08, 6.3890830404e-08, 4.7801160008e-07, 8.57017425915e-07, 3.35723976397e-10, 5.89204865453e-11, 1.24024896256e-11, 8.41776735122e-12, 1.58632898484e-11, 1.53615911224e-12, 1.21881183531e-12, 5.37611784517e-13, 9.04390427023e-14, 2.35433705544e-14, 3.55663916829e-14, 1.80948802491e-14, 1.56726031892e-14, 1.05592270699e-14, 4.46742837019e-15, 3.73199286077e-15, 4.2595580146e-15, 3.69876164066e-15, 1.4525511785e-15, 1.4259637672e-15, 7.42383191291e-16, 5.68676586144e-16, 4.44297421136e-16, 2.04874730923e-16, 1.20259845262e-16, 8.12126256277e-17, 5.65288480825e-17, 6.34683640262e-17, 3.77789002923e-17, 4.04147080055e-17, 2.91766156597e-17, 2.87032797522e-17],
        "dvar2": [1.43189211599e-07, 9.28677863499e-08, 9.59865964489e-09, 7.90422394203e-09, 4.93590626149e-08, 8.355458192e-08, 7.1829248327e-07, 1.33378614464e-06, 3.46919798444e-10, 6.94770560528e-11, 1.64596756363e-11, 1.52607978338e-11, 4.6487785843e-11, 2.66033224096e-12, 3.03432040778e-12, 1.40895986284e-12, 1.7050637703e-13, 3.17293764776e-14, 4.16953526827e-14, 2.0241044897e-14, 1.81401795711e-14, 1.25727836277e-14, 4.6270390236e-15, 4.11411737536e-15, 5.39052233501e-15, 4.7340387666e-15, 2.86584089759e-15, 2.42113674182e-15, 1.05902337697e-15, 6.33433419632e-16, 5.0199296446e-16, 2.43554238997e-16, 1.95502046664e-16, 1.3086734474e-16, 8.52488699702e-17, 8.21115724302e-17, 5.92739826029e-17, 5.70727557312e-17, 5.84491908879e-17, 4.57111355415e-17],
        "max": [0.00134202814661, 0.0010519141797, 0.000381349032978, 0.00037870547385, 0.00261799199507, 0.00299224583432, 0.00717853661627, 0.0105544319376, 0.000159811999765, 7.69340767874e-05, 2.67223058472e-05, 4.86282151542e-05, 6.8716610258e-05, 8.57276063471e-06, 6.3018687797e-06, 4.49391018265e-06, 2.06640652323e-06, 1.2458482388e-06, 1.58432169428e-06, 1.159962153e-06, 1.05116134819e-06, 8.74502973147e-07, 6.03715307079e-07, 5.41708175206e-07, 5.48583898308e-07, 5.15428382641e-07, 3.1322747418e-07, 3.12887522114e-07, 2.45232826046e-07, 2.04703468398e-07, 1.8284990233e-07, 1.27483957613e-07, 1.01452940271e-07, 8.28802626529e-08, 6.30103187405e-08, 7.09498024776e-08, 5.56572388177e-08, 5.68014009161e-08, 4.49220749488e-08, 4.94237042403e-08],
        "mean": [0.000392632384319, 0.000286555936327, 8.08190816315e-05, 5.15963583894e-05, 0.00130152411293, 0.00144738610834, 0.00209762318991, 0.0026568362955, 1.49131210492e-05, 1.02474568848e-05, 1.78762286396e-06, 1.45684780364e-05, 2.80767017102e-05, 8.62749004682e-07, 6.72619762554e-07, 5.2959273944e-07, 3.21126435665e-07, 2.01441764602e-07, 2.1301372044e-07, 1.40556636552e-07, 1.09680293292e-07, 8.70665246566e-08, 7.71158426005e-08, 7.5230580876e-08, 8.23574666242e-08, 9.04043560013e-08, 7.12836296657e-08, 6.35360777324e-08, 5.33813917514e-08, 4.14117629077e-08, 2.97955171646e-08, 2.70018603032e-08, 2.42684716767e-08, 2.33589627641e-08, 2.11406891992e-08, 2.12298658653e-08, 2.04031813666e-08, 2.00687431118e-08, 1.91890645596e-08, 1.82894215328e-08],
        "median": [0.00030721881194, 0.000214943429455, 5.77433638682e-05, 3.27011439367e-05, 0.00127952068578, 0.00139814266004, 0.00164261308964, 0.00206127110869, 9.62434296525e-06, 7.20049411029e-06, 1.00539216419e-06, 1.24391453937e-05, 2.22023099923e-05, 6.08777327216e-07, 4.68213102067e-07, 3.58440331638e-07, 2.47164422262e-07, 1.7539976227e-07, 1.6567331329e-07, 1.14558140751e-07, 8.33469329109e-08, 6.70553745863e-08, 6.62719230604e-08, 6.11954860119e-08, 7.25255233647e-08, 8.25305832564e-08, 6.18483539938e-08, 5.65269893116e-08, 4.83967177445e-08, 3.91309633585e-08, 2.57378864887e-08, 2.43711681946e-08, 2.2868103855e-08, 2.15211457544e-08, 2.02321643883e-08, 2.00972767317e-08, 1.91649078829e-08, 1.87819626518e-08, 1.85332957869e-08, 1.70371379227e-08],
        "min": [1.25494634631e-05, 1.06803590825e-05, 9.02036026673e-06, 4.5339843382e-06, 2.84058728539e-06, 8.7087579459e-07, 2.17855676965e-06, 4.53914071841e-06, 2.48179185292e-06, 1.52568998146e-06, 2.60950884012e-07, 3.77435355858e-07, 3.51574271917e-07, 1.49479362221e-07, 2.01961313451e-07, 1.47815001128e-07, 6.06741750175e-08, 6.32743279994e-08, 4.50791581841e-08, 3.36933219103e-08, 3.6130892056e-08, 2.42123441296e-08, 1.93209004351e-08, 2.45639011354e-08, 2.64551189844e-08, 2.12835686852e-08, 1.54562407317e-08, 2.40558577502e-08, 1.80603265676e-08, 1.30325998882e-08, 8.2078068786e-09, 9.4058680844e-09, 7.86421594512e-09, 7.61670815308e-09, 6.42635145098e-09, 6.27297680467e-09, 3.86334342295e-09, 5.64701263528e-09, 2.75243206005e-09, 3.29239835395e-09],
        "var": [7.2949951857e-08, 4.65837395325e-08, 6.0541935909e-09, 3.73884878613e-09, 3.45958966363e-07, 4.44448403414e-07, 2.92529443868e-06, 5.58195506528e-06, 4.27782698154e-10, 1.06334004102e-10, 1.18912917707e-11, 1.09801265302e-10, 3.97366056726e-10, 1.38535884153e-12, 9.13472747964e-13, 4.2592828136e-13, 9.15020961561e-14, 2.63606360183e-14, 4.35876412275e-14, 2.07710791519e-14, 1.67936902584e-14, 1.18343352221e-14, 5.39294950792e-15, 4.31946653738e-15, 4.41970399284e-15, 3.94348894088e-15, 1.52085962114e-15, 1.51132933581e-15, 8.90327342287e-16, 6.2096615344e-16, 4.71978881369e-16, 2.32520602538e-16, 1.48887322183e-16, 1.08265911668e-16, 6.45594086367e-17, 6.98486463189e-17, 4.94275488458e-17, 4.96743927755e-17, 3.67420260857e-17, 3.43200544871e-17]
    },
    "mfcc": {
        "mean": [-784.51776123, 182.536758423, 64.2690658569, 19.4898014069, -13.766201973, -20.0694274902, -12.6934280396, -16.3722267151, -13.9809885025, -4.87302780151, -0.0202990043908, 11.6428747177, 23.2113704681],
        "cov": [[325.12310791, 95.5451812744, 18.0641307831, -22.7439212799, -53.0999946594, -64.8841171265, -36.3492622375, -34.73097229, -20.2684249878, -19.6033191681, 0.893782556057, 17.3374671936, 34.4900283813], [95.5451812744, 104.721160889, 58.3872528076, -10.3139181137, -42.0901298523, -49.1576576233, -25.2265415192, -32.616355896, -19.6971664429, -10.0175266266, 0.996578991413, 18.8498535156, 47.9078903198], [18.0641307831, 58.3872528076, 93.7476348877, 32.7016601562, -5.10230779648, -12.866112709, -4.05280160904, -14.8654270172, -9.63185310364, -6.74833583832, 0.509396135807, 10.1618595123, 31.682636261], [-22.7439212799, -10.3139181137, 32.7016601562, 52.1160469055, 36.038734436, 24.3605136871, 16.7254657745, 8.0038394928, 9.5848197937, -1.7393797636, -3.22637820244, -4.94468736649, -6.38563299179], [-53.0999946594, -42.0901298523, -5.10230779648, 36.038734436, 73.5517272949, 61.3460159302, 27.0021362305, 16.2899169922, 9.1561756134, 3.79333543777, -0.761397659779, -14.1647367477, -29.0391311646], [-64.8841171265, -49.1576576233, -12.866112709, 24.3605136871, 61.3460159302, 80.2520523071, 37.8361129761, 18.4170703888, 8.58841228485, 5.0408411026, 3.23438882828, -17.831035614, -38.2185897827], [-36.3492622375, -25.2265415192, -4.05280160904, 16.7254657745, 27.0021362305, 37.8361129761, 36.000038147, 15.8807163239, 5.28452157974, 3.61589050293, 5.77435207367, -3.17672562599, -13.8406934738], [-34.73097229, -32.616355896, -14.8654270172, 8.0038394928, 16.2899169922, 18.4170703888, 15.8807163239, 30.7561988831, 14.497461319, 1.48488306999, 2.48602581024, -0.906630277634, -14.2934732437], [-20.2684249878, -19.6971664429, -9.63185310364, 9.5848197937, 9.1561756134, 8.58841228485, 5.28452157974, 14.497461319, 23.3635845184, 9.95494174957, -0.702695667744, -2.42601656914, -13.9235801697], [-19.6033191681, -10.0175266266, -6.74833583832, -1.7393797636, 3.79333543777, 5.0408411026, 3.61589050293, 1.48488306999, 9.95494174957, 22.8067855835, 7.94804859161, 1.48470127583, -3.3771340847], [0.893782556057, 0.996578991413, 0.509396135807, -3.22637820244, -0.761397659779, 3.23438882828, 5.77435207367, 2.48602581024, -0.702695667744, 7.94804859161, 19.7733249664, 12.4424581528, 0.444155871868], [17.3374671936, 18.8498535156, 10.1618595123, -4.94468736649, -14.1647367477, -17.831035614, -3.17672562599, -0.906630277634, -2.42601656914, 1.48470127583, 12.4424581528, 22.4209861755, 17.3777122498], [34.4900283813, 47.9078903198, 31.682636261, -6.38563299179, -29.0391311646, -38.2185897827, -13.8406934738, -14.2934732437, -13.9235801697, -3.3771340847, 0.444155871868, 17.3777122498, 48.338809967]],
