{
"lowlevel": {
    "average_loudness": 0.922648072243,
    "barkbands_crest": {
        "dmean": 1.35024023056,
        "dmean2": 2.1460313797,
        "dvar": 1.88444638252,
        "dvar2": 5.64404678345,
        "max": 22.0438671112,
        "mean": 18.2233695984,
        "median": 18.9863090515,
        "min": 5.43142938614,
        "var": 8.46182918549
    },
    "barkbands_flatness_db": {
        "dmean": 0.0152034172788,
        "dmean2": 0.021711172536,
        "dvar": 0.000587959017139,
        "dvar2": 0.000812705606222,
        "max": 0.482141673565,
        "mean": 0.392593920231,
        "median": 0.409238189459,
        "min": 0.13750089705,
        "var": 0.00420747604221
    },
    "barkbands_kurtosis": {
        "dmean": 15.788061142,
        "dmean2": 28.2125930786,
        "dvar": 570.972473145,
        "dvar2": 1739.25500488,
        "max": 193.13269043,
        "mean": 20.5920619965,
        "median": 10.7741041183,
        "min": -0.65190911293,
        "var": 729.050964355
    },
    "barkbands_skewness": {
        "dmean": 0.755153477192,
        "dmean2": 1.30332958698,
        "dvar": 1.30804038048,
        "dvar2": 4.03313779831,
        "max": 5.62899255753,
        "mean": -1.37160027027,
        "median": -1.4561663866,
        "min": -3.61212849617,
        "var": 1.91514372826
    },
    "barkbands_spread": {
        "dmean": 0.88633441925,
        "dmean2": 1.60377275944,
        "dvar": 0.755038619041,
        "dvar2": 2.5130739212,
        "max": 9.83432006836,
        "mean": 2.43635845184,
        "median": 1.80985689163,
        "min": 0.31958720088,
        "var": 3.39079833031
    },
    "dissonance": {
        "dmean": 0.0265396125615,
        "dmean2": 0.0460419878364,
        "dvar": 0.000831996672787,
        "dvar2": 0.00203888723627,
        "max": 0.421458303928,
        "mean": 0.236666470766,
        "median": 0.23115195334,
        "min": 0.144795030355,
        "var": 0.00203379569575
    },
    "dynamic_complexity": 3.59055185318,
    "erbbands_crest": {
        "dmean": 0.605819165707,
        "dmean2": 0.707004129887,
        "dvar": 2.20897579193,
        "dvar2": 2.41266655922,
        "max": 33.8782424927,
        "mean": 32.157661438,
        "median": 33.2706489563,
        "min": 10.8989038467,
        "var": 8.19280815125
    },
    "erbbands_flatness_db": {
        "dmean": 0.0136155998334,
        "dmean2": 0.0177359189838,
        "dvar": 0.000466622615932,
        "dvar2": 0.000565909023862,
        "max": 0.507950663567,
        "mean": 0.420234799385,
        "median": 0.441694527864,
        "min": 0.13876003027,
        "var": 0.00466997455806
    },
    "erbbands_kurtosis": {
        "dmean": 20.6209659576,
        "dmean2": 31.0271339417,
        "dvar": 353.52947998,
        "dvar2": 870.670227051,
        "max": 239.001373291,
        "mean": 90.4369659424,
        "median": 87.1666259766,
        "min": -0.566674470901,
        "var": 4114.81591797
    },
    "erbbands_skewness": {
        "dmean": 1.34262382984,
        "dmean2": 2.40350985527,
        "dvar": 1.36851871014,
        "dvar2": 4.62936210632,
        "max": 8.64548110962,
        "mean": 3.10154247284,
        "median": 2.62100696564,
        "min": -1.9453908205,
        "var": 3.72285461426
    },
    "erbbands_spread": {
        "dmean": 0.390278458595,
        "dmean2": 0.476200371981,
        "dvar": 1.0061634779,
        "dvar2": 0.776923060417,
        "max": 17.9221229553,
        "mean": 1.34440362453,
        "median": 0.606696844101,
        "min": 0.254582196474,
        "var": 3.61404204369
    },
    "hfc": {
        "dmean": 1.42973399162,
        "dmean2": 1.47806060314,
        "dvar": 1.82280278206,
        "dvar2": 2.53275680542,
        "max": 32.1647644043,
        "mean": 12.8345832825,
        "median": 11.8579587936,
        "min": 0.0159348305315,
        "var": 85.3154067993
    },
    "melbands_crest": {
        "dmean": 1.95613265038,
        "dmean2": 3.54902362823,
        "dvar": 4.73946237564,
        "dvar2": 16.5035648346,
        "max": 30.3716621399,
        "mean": 25.710395813,
        "median": 27.305896759,
        "min": 7.60056638718,
        "var": 20.9516525269
    },
    "melbands_flatness_db": {
        "dmean": 0.0162746906281,
        "dmean2": 0.0231555514038,
        "dvar": 0.000696685630828,
        "dvar2": 0.000989180523902,
        "max": 0.597821891308,
        "mean": 0.508349716663,
        "median": 0.520438849926,
        "min": 0.251977622509,
        "var": 0.00404698448256
    },
    "melbands_kurtosis": {
        "dmean": 6.54656457901,
        "dmean2": 11.9525680542,
        "dvar": 68.7847900391,
        "dvar2": 213.274200439,
        "max": 64.0314483643,
        "mean": 8.64781475067,
        "median": 5.03423404694,
        "min": -1.71606183052,
        "var": 103.83039856
    },
    "melbands_skewness": {
        "dmean": 0.656557559967,
        "dmean2": 1.16385126114,
        "dvar": 0.274996578693,
        "dvar2": 0.85552495718,
        "max": 1.35780823231,
        "mean": -1.99774074554,
        "median": -2.18375515938,
        "min": -4.38399887085,
        "var": 1.67381191254
    },
    "melbands_spread": {
        "dmean": 1.39279711246,
        "dmean2": 2.54523706436,
        "dvar": 1.4834125042,
        "dvar2": 4.76342535019,
        "max": 10.2880296707,
        "mean": 4.32622051239,
        "median": 3.72198843956,
        "min": 0.405751794577,
        "var": 7.47660636902
    },
    "pitch_salience": {
        "dmean": 0.0575963705778,
        "dmean2": 0.103199355304,
        "dvar": 0.00286725745536,
        "dvar2": 0.0073456261307,
        "max": 0.841818094254,
        "mean": 0.256653189659,
        "median": 0.241938710213,
        "min": 0.0960169509053,
        "var": 0.0123569173738
    },
    "silence_rate_20dB": {
        "dmean": 0,
        "dmean2": 0,
        "dvar": 0,
        "dvar2": 0,
        "max": 1,
        "mean": 1,
        "median": 1,
        "min": 1,
        "var": 0
    },
    "silence_rate_30dB": {
        "dmean": 0,
        "dmean2": 0,
        "dvar": 0,
        "dvar2": 0,
        "max": 1,
        "mean": 1,
        "median": 1,
        "min": 1,
        "var": 0
    },
    "silence_rate_60dB": {
        "dmean": 0.0066666668281,
        "dmean2": 0.0134228188545,
        "dvar": 0.00662222364917,
        "dvar2": 0.0132426442578,
        "max": 1,
        "mean": 0.052980132401,
        "median": 0,
        "min": 0,
        "var": 0.0501732490957
    },
    "spectral_centroid": {
        "dmean": 5.71259355545,
        "dmean2": 7.69634485245,
        "dvar": 94.4988861084,
        "dvar2": 157.132339478,
        "max": 626.463867188,
        "mean": 498.295440674,
        "median": 494.446716309,
        "min": 392.553985596,
        "var": 552.975402832
    },
    "spectral_complexity": {
        "dmean": 0.920000016689,
        "dmean2": 1.70469796658,
        "dvar": 0.660266458988,
        "dvar2": 1.61749458313,
        "max": 7,
        "mean": 4.59602642059,
        "median": 5,
        "min": 0,
        "var": 1.12819635868
    },
    "spectral_decrease": {
        "dmean": 7.6149325734e-10,
        "dmean2": 8.84365802811e-10,
        "dvar": 5.19628398457e-19,
        "dvar2": 7.62352141502e-19,
        "max": -1.13173914684e-11,
        "mean": -6.73726407996e-09,
        "median": -6.15892004063e-09,
        "min": -1.64821720716e-08,
        "var": 2.28364913315e-17
    },
    "spectral_energy": {
        "dmean": 0.00300053111278,
        "dmean2": 0.00346223264933,
        "dvar": 8.05660238257e-06,
        "dvar2": 1.17709569167e-05,
        "max": 0.0650783628225,
        "mean": 0.0265920013189,
        "median": 0.0243245102465,
        "min": 4.41598422185e-05,
        "var": 0.0003561488993
    },
    "spectral_energyband_high": {
        "dmean": 7.96809104031e-07,
        "dmean2": 9.32321370328e-07,
        "dvar": 5.33978070094e-11,
        "dvar2": 5.37762230579e-11,
        "max": 9.03299660422e-05,
        "mean": 2.28769090427e-06,
        "median": 1.94472136172e-06,
        "min": 2.28478839404e-07,
        "var": 5.2054409394e-11
    },
    "spectral_energyband_low": {
        "dmean": 0.000790919468272,
        "dmean2": 0.0014594711829,
        "dvar": 4.18134163738e-07,
        "dvar2": 1.57289366598e-06,
        "max": 0.00459499610588,
        "mean": 0.00150290306192,
        "median": 0.00124777911697,
        "min": 1.61652824318e-05,
        "var": 1.21437619782e-06
    },
    "spectral_energyband_middle_high": {
        "dmean": 0.000179843918886,
        "dmean2": 0.000210684622289,
        "dvar": 1.39906248364e-07,
        "dvar2": 1.8823519099e-07,
        "max": 0.00539008714259,
        "mean": 0.000499748857692,
        "median": 5.01178728882e-05,
        "min": 1.96939186026e-06,
        "var": 9.92915829556e-07
    },
    "spectral_energyband_middle_low": {
        "dmean": 0.00281335832551,
        "dmean2": 0.00301803159527,
        "dvar": 7.51762263462e-06,
        "dvar2": 1.09682941911e-05,
        "max": 0.0638371706009,
        "mean": 0.0246295053512,
        "median": 0.0218046866357,
        "min": 2.577700252e-05,
        "var": 0.000331062270561
    },
    "spectral_entropy": {
        "dmean": 0.146997407079,
        "dmean2": 0.196327701211,
        "dvar": 0.0706594362855,
        "dvar2": 0.0850375965238,
        "max": 7.42434978485,
        "mean": 4.66449928284,
        "median": 4.45814990997,
        "min": 3.73281407356,
        "var": 0.477954894304
    },
    "spectral_flux": {
        "dmean": 0.00740240560845,
        "dmean2": 0.0116368765011,
        "dvar": 6.44830070087e-05,
        "dvar2": 7.41697513149e-05,
        "max": 0.157788306475,
        "mean": 0.0247364118695,
        "median": 0.0228815991431,
        "min": 0.00685479911044,
        "var": 0.000218779096031
    },
    "spectral_kurtosis": {
        "dmean": 6.92763280869,
        "dmean2": 10.3099622726,
        "dvar": 74.1853485107,
        "dvar2": 123.445510864,
        "max": 113.643806458,
        "mean": 53.1256599426,
        "median": 48.7863426208,
        "min": 7.27143859863,
        "var": 686.718566895
    },
    "spectral_rms": {
        "dmean": 0.000295225006994,
        "dmean2": 0.000354461284587,
        "dvar": 5.63567539302e-08,
        "dvar2": 9.06315449356e-08,
        "max": 0.00796812959015,
        "mean": 0.00470383977517,
        "median": 0.00487147085369,
        "min": 0.000207563891308,
        "var": 3.81730706067e-06
    },
    "spectral_rolloff": {
        "dmean": 10.91015625,
        "dmean2": 19.7989845276,
        "dvar": 3534.76708984,
        "dvar2": 8324.5390625,
        "max": 990.52734375,
        "mean": 522.643859863,
        "median": 516.796875,
        "min": 495.263671875,
        "var": 3598.47973633
    },
    "spectral_skewness": {
        "dmean": 0.412344813347,
        "dmean2": 0.619845271111,
        "dvar": 0.255547970533,
        "dvar2": 0.370954394341,
        "max": 9.1002779007,
        "mean": 6.02222967148,
        "median": 5.97947359085,
        "min": 2.5027422905,
        "var": 2.31679224968
    },
    "spectral_spread": {
        "dmean": 274132.21875,
        "dmean2": 315614.5625,
        "dvar": 853162655744,
        "dvar2": 478158979072,
        "max": 17878992,
        "mean": 1964194.375,
        "median": 1658460.875,
        "min": 749752.6875,
        "var": 2.43913300378e+12
    },
    "spectral_strongpeak": {
        "dmean": 0.36797323823,
        "dmean2": 0.631114423275,
        "dvar": 0.220908224583,
        "dvar2": 0.397338479757,
        "max": 5.25173616409,
        "mean": 2.43608093262,
        "median": 2.4576125145,
        "min": 0,
        "var": 1.43831193447
    },
    "zerocrossingrate": {
        "dmean": 0.000364583334886,
        "dmean2": 0.000491558283102,
        "dvar": 2.01602733796e-06,
        "dvar2": 1.58891123192e-06,
        "max": 0.025390625,
        "mean": 0.0223962645978,
        "median": 0.0224609375,
        "min": 0.0078125,
        "var": 2.50000243796e-06
    },
    "barkbands": {
        "dmean": [3.88193893741e-06, 0.000773473875597, 0.000114547496196, 4.53254797321e-05, 4.30249310739e-05, 2.45543305937e-05, 0.00251270597801, 0.000590796000324, 7.03578052708e-06, 4.59146713183e-06, 0.000183602518518, 1.92657762454e-06, 1.22191465834e-06, 7.75283581333e-07, 5.11726511832e-07, 3.73456003899e-07, 2.9765416798e-07, 2.1115454274e-07, 2.22014250539e-07, 1.75681819314e-07, 1.59200496341e-07, 1.25837786413e-07, 1.13440314919e-07, 9.89527393358e-08, 9.88610864283e-08, 1.19969996604e-07, 1.65016189158e-07],
        "dmean2": [6.24570247965e-06, 0.0014495132491, 0.000198847614229, 8.5270141426e-05, 8.10000710771e-05, 4.02996556659e-05, 0.00272453739308, 0.000756835273933, 9.32718012336e-06, 6.35098831481e-06, 0.000210734520806, 2.50024550041e-06, 1.75380898781e-06, 1.12814757358e-06, 6.7415714966e-07, 4.94218056701e-07, 3.92177298636e-07, 2.57436255424e-07, 2.93720177069e-07, 2.19572854121e-07, 1.96770713501e-07, 1.53060824459e-07, 1.43470316516e-07, 1.21143358456e-07, 1.1709788339e-07, 1.62277970617e-07, 2.1964599739e-07],
        "dvar": [1.73261387876e-11, 4.08671240848e-07, 1.31040467366e-08, 1.8162502613e-09, 1.56417179209e-09, 6.97954027906e-10, 6.10331426287e-06, 5.17434443736e-07, 1.79225523311e-09, 6.55934639937e-10, 1.41914568985e-07, 1.88985355143e-10, 3.13808215524e-11, 1.26836718212e-11, 9.56030393739e-12, 6.54229621866e-12, 3.20598170407e-12, 3.32276654108e-12, 2.54281166435e-12, 1.8391091601e-12, 1.64957175523e-12, 1.20839991659e-12, 8.37103335868e-13, 7.24497935603e-13, 6.90111975812e-13, 6.5258161288e-13, 7.97904331582e-13],
        "dvar2": [3.52867665643e-11, 1.54079259573e-06, 4.56467930121e-08, 5.41255351649e-09, 5.45447953471e-09, 1.24952859171e-09, 8.54121572047e-06, 7.91804893652e-07, 1.81144388378e-09, 6.57634668944e-10, 1.89184319765e-07, 1.80221643165e-10, 3.01473568332e-11, 1.2983314944e-11, 9.52032463281e-12, 6.61521315157e-12, 3.02574718752e-12, 3.3352522133e-12, 2.56243529e-12, 1.84382804164e-12, 1.66263628299e-12, 1.21598727181e-12, 8.45340290823e-13, 7.28332921317e-13, 6.93324304218e-13, 6.6151505931e-13, 8.03847656841e-13],
        "max": [5.69754411117e-05, 0.00394326541573, 0.000840242486447, 0.00021464767633, 0.000296527316095, 0.000329838570906, 0.0512510612607, 0.0146953174844, 0.000524474889971, 0.000326137698721, 0.00538221606985, 0.000174240965862, 7.19862655387e-05, 4.46863996331e-05, 3.86457068089e-05, 3.1747516914e-05, 2.47190928349e-05, 2.25326148211e-05, 1.97393110284e-05, 1.67866328411e-05, 1.58775601449e-05, 1.35675272759e-05, 1.13025689643e-05, 1.05188146335e-05, 1.02705535028e-05, 9.99477470032e-06, 1.11356430352e-05],
        "mean": [5.88356579101e-06, 0.00122632295825, 0.000230789140915, 5.74643672735e-05, 7.0524365583e-05, 0.000126030892716, 0.0188655667007, 0.00549296475947, 9.09373193281e-06, 1.06128336483e-05, 0.000486300181365, 2.4481444143e-06, 1.78609434442e-06, 1.12452130452e-06, 8.1715018041e-07, 5.46228761777e-07, 4.18814437353e-07, 3.00041136825e-07, 3.08478348643e-07, 2.90030072847e-07, 2.6136882525e-07, 2.07432137245e-07, 1.9431098508e-07, 2.0386852384e-07, 2.28923553891e-07, 3.29463716753e-07, 8.07683306903e-07],
        "median": [3.27335214934e-06, 0.00103504850995, 0.000196375171072, 4.43125172751e-05, 5.89122137171e-05, 0.000129146501422, 0.0165656898171, 0.00506295543164, 4.5397082431e-06, 7.62825038692e-06, 4.30050895375e-05, 1.10182907065e-06, 1.07731489152e-06, 7.02515080775e-07, 4.87646161673e-07, 2.97230798196e-07, 1.8585845396e-07, 1.3444922331e-07, 1.5740964443e-07, 1.70844515424e-07, 1.50869396975e-07, 1.15495453201e-07, 1.14105752402e-07, 1.39202072091e-07, 1.66847996752e-07, 2.93730181511e-07, 8.75113528309e-07],
        "min": [3.41840191709e-08, 4.98839017382e-06, 4.56978796137e-06, 3.20325034409e-06, 4.97458404425e-06, 3.6405008359e-06, 8.88035447133e-06, 3.47925879396e-06, 7.69025405134e-07, 7.91198772276e-07, 4.61391465478e-07, 1.12478616643e-07, 9.50099305896e-08, 7.96101744527e-08, 2.64340638267e-08, 4.96415388795e-08, 5.78583438937e-08, 4.0654192901e-08, 4.40651248823e-08, 3.79238969117e-08, 3.9261738749e-08, 2.55756980039e-08, 1.80620851609e-08, 2.75220450874e-08, 2.35023964734e-08, 2.50136356073e-08, 4.32729656552e-08],
        "var": [8.20443851746e-11, 9.36868900681e-07, 3.30288401074e-08, 1.86172566252e-09, 1.99320404626e-09, 1.50204437777e-09, 0.000204421376111, 1.65048077179e-05, 1.78837678e-09, 6.98024971157e-10, 9.65371214079e-07, 1.97611413344e-10, 3.38700387181e-11, 1.29997705309e-11, 9.63342339927e-12, 6.52133598858e-12, 4.03505917915e-12, 3.30174364412e-12, 2.53566070051e-12, 1.82128531007e-12, 1.63038939988e-12, 1.19270858381e-12, 8.26108495847e-13, 7.11554350597e-13, 6.76525404707e-13, 6.34669129317e-13, 8.13318433868e-13]
    },
    "erbbands": {
        "dmean": [0.012392224744, 0.203532591462, 0.181169837713, 0.130501523614, 0.131106033921, 0.106004849076, 0.223395034671, 0.197209447622, 6.28621721268, 60.7660217285, 4.649289608, 0.280428022146, 0.174955695868, 1.74947226048, 6.33812236786, 0.261366844177, 0.0625632107258, 0.0414793156087, 0.0288088154048, 0.0236542541534, 0.018241962418, 0.0162050705403, 0.0115984110162, 0.0111398585141, 0.010708367452, 0.00804873090237, 0.00750251533464, 0.00561360269785, 0.00467735109851, 0.00390596943907, 0.0031126961112, 0.00226051569916, 0.0017158947885, 0.00117738603149, 0.000732176296879, 0.000474547792692, 0.00024057974224, 9.67520099948e-05, 2.46661074925e-05, 5.20974299434e-06],
        "dmean2": [0.0231547299773, 0.383127570152, 0.323282569647, 0.237175196409, 0.239685878158, 0.196778818965, 0.372513324022, 0.292045235634, 7.05271053314, 64.366645813, 5.15578460693, 0.315801382065, 0.235209167004, 2.05656552315, 7.22014093399, 0.30949690938, 0.0887054130435, 0.060294713825, 0.0393784046173, 0.0312301013619, 0.0236577317119, 0.0211654230952, 0.0141497217119, 0.0141763463616, 0.0140068242326, 0.0097544202581, 0.00968352332711, 0.00688973860815, 0.00574764562771, 0.00488097313792, 0.00397724378854, 0.00278771738522, 0.00211932160892, 0.00145320990123, 0.00089737365488, 0.000635875272565, 0.000325490953401, 0.000136156129884, 3.36818702635e-05, 6.13665633864e-06],
        "dvar": [0.000126094339066, 0.0282521881163, 0.0275380425155, 0.0134796490893, 0.0142146144062, 0.00933798216283, 0.0315820276737, 0.074137173593, 39.7490692139, 3788.08837891, 24.7693519592, 1.00030076504, 0.566010951996, 12.2329473495, 171.798446655, 0.330974191427, 0.0719278529286, 0.037819057703, 0.0310343224555, 0.0229222774506, 0.0188018791378, 0.00904676318169, 0.00963098090142, 0.00807145237923, 0.00577649334446, 0.00410301191732, 0.00321001838893, 0.00220801471733, 0.00160422350746, 0.00104102888145, 0.000643897277769, 0.000359353987733, 0.000187528858078, 8.88143258635e-05, 3.38990830642e-05, 1.02745207187e-05, 2.25851090363e-06, 2.77557830941e-07, 1.63250497565e-08, 1.36663028116e-10],
        "dvar2": [0.000429258449003, 0.105992034078, 0.0900870934129, 0.0427240245044, 0.045209210366, 0.031284917146, 0.0982911959291, 0.0813999548554, 51.0124893188, 5769.65917969, 27.9575977325, 0.866481423378, 0.572401046753, 17.1358070374, 223.71711731, 0.420870929956, 0.0688591822982, 0.0387831740081, 0.0308450274169, 0.0231152009219, 0.0187907423824, 0.00842984393239, 0.0096205631271, 0.00803359877318, 0.00589663768187, 0.00411119032651, 0.0032296795398, 0.0022290952038, 0.00161494663917, 0.00104560272302, 0.000651478243526, 0.000361589947715, 0.000188469173736, 8.92568132258e-05, 3.39874313795e-05, 1.04094915514e-05, 2.28406270253e-06, 2.81433955251e-07, 1.63499436212e-08, 1.1807133049e-10],
        "max": [0.0652079731226, 1.06204104424, 1.68061363697, 0.687547504902, 0.958283007145, 0.603420317173, 1.31063532829, 4.29715204239, 125.002380371, 1390.09716797, 122.773048401, 14.8778486252, 10.3506450653, 48.0853385925, 187.650421143, 9.67324924469, 3.67656517029, 2.47585749626, 2.20069122314, 1.89222538471, 1.71252048016, 1.35268652439, 1.22441804409, 1.11458897591, 0.93688416481, 0.79310798645, 0.700704216957, 0.58053034544, 0.494315594435, 0.3990624547, 0.313184320927, 0.234196215868, 0.169426292181, 0.116537123919, 0.0720784366131, 0.039661962539, 0.0186338294297, 0.00652893539518, 0.00160595914349, 0.000186917546671],
        "mean": [0.0171285029501, 0.322185277939, 0.466331779957, 0.197775498033, 0.213143154979, 0.173379853368, 0.508432626724, 1.64272761345, 44.4305686951, 531.924987793, 48.2789535522, 1.89019346237, 0.600365102291, 4.48830842972, 17.0267715454, 0.710686743259, 0.115978784859, 0.067924067378, 0.0458609908819, 0.0392427667975, 0.0275410152972, 0.0242889113724, 0.0170054640621, 0.0157477278262, 0.0153121994808, 0.0136996814981, 0.0120840854943, 0.00915408227593, 0.00755177345127, 0.00660303747281, 0.00541658047587, 0.00422662403435, 0.00344113213941, 0.00247310637496, 0.00171664322261, 0.00111718580592, 0.000658039236441, 0.000297153368592, 0.000113387090096, 4.37074850197e-05],
        "median": [0.0130326943472, 0.272008538246, 0.366540580988, 0.16798992455, 0.175588011742, 0.146254986525, 0.471233338118, 1.54169952869, 40.5993537903, 470.300445557, 43.1071357727, 1.64722287655, 0.457202762365, 0.572338342667, 1.39633202553, 0.112002208829, 0.0682860538363, 0.0419330969453, 0.0277419704944, 0.024014800787, 0.0148123726249, 0.0105314878747, 0.00817579124123, 0.007478361018, 0.00786735117435, 0.00806901697069, 0.00685467245057, 0.00511727575213, 0.00413882546127, 0.00394852738827, 0.00316412514076, 0.00268921395764, 0.00237210094929, 0.00174918933772, 0.00129196932539, 0.000898404454347, 0.000588173279539, 0.000289471645374, 0.000115366849059, 3.89060660382e-05],
        "min": [0.000117035160656, 0.00163339625578, 0.00495615787804, 0.00878920871764, 0.0130468932912, 0.0168094485998, 0.0203663948923, 0.0349180772901, 0.0945732295513, 0.147806629539, 0.049834407866, 0.0310287699103, 0.0313314534724, 0.0319846309721, 0.0120357200503, 0.00500261131674, 0.00420437194407, 0.00440553762019, 0.00235731108114, 0.00213191914372, 0.00245301704854, 0.00369134731591, 0.00268279248849, 0.00235931272618, 0.00241123582236, 0.00175041798502, 0.00157803494949, 0.00165453157388, 0.00101337593514, 0.000741951516829, 0.000501602771692, 0.000665933592245, 0.000363623315934, 0.000214852538193, 0.000184240692761, 0.00011836583144, 5.0588605518e-05, 1.66282879945e-05, 4.85792588734e-06, 7.82929987508e-07],
        "var": [0.000196243956452, 0.0676079913974, 0.139934822917, 0.0149598438293, 0.0298016183078, 0.00989404134452, 0.0592396333814, 0.546773195267, 1100.25244141, 157974.65625, 1242.70715332, 2.61696767807, 0.783280670643, 79.2548522949, 1196.73059082, 2.06751871109, 0.0900879949331, 0.0401727184653, 0.0311833694577, 0.0230529718101, 0.0189940147102, 0.0122057590634, 0.00973982457072, 0.00807207450271, 0.00571880396456, 0.00406464794651, 0.00317398319021, 0.00218273373321, 0.00158391043078, 0.00102983938996, 0.000634261872619, 0.000353532406734, 0.000184446296771, 8.72319287737e-05, 3.32573799824e-05, 1.00305724118e-05, 2.20392598749e-06, 2.71621445336e-07, 1.62766475853e-08, 5.16472364875e-10]
    },
    "gfcc": {
        "mean": [-189.992919922, 156.120025635, -34.8647880554, -34.9181594849, -70.9112167358, -14.0092191696, -9.06388759613, 18.8966941833, 9.35722827911, 20.3220310211, 4.0515089035, -2.32544541359, -19.9247779846],
        "cov": [[535.370727539, 148.210205078, -70.818359375, -164.721084595, -83.4980163574, 55.7205657959, 115.388336182, 40.7287406921, 20.5445709229, -7.93021154404, 33.743976593, 20.8769702911, -2.03657150269], [148.210205078, 498.074523926, -26.9520435333, -272.729766846, -63.4836578369, 164.359420776, 268.110137939, 58.6511459351, -3.78139901161, -73.1943435669, 85.6586761475, 68.156036377, 21.8014812469], [-70.818359375, -26.9520435333, 161.201934814, 86.0091094971, 11.0655584335, -59.8338851929, -48.4771690369, 8.40733242035, 56.1108589172, 50.1010360718, -15.1887435913, -46.3009147644, -14.0019168854], [-164.721084595, -272.729766846, 86.0091094971, 261.4246521, 102.676902771, -71.5620193481, -149.785995483, -21.9039974213, 17.8593540192, 62.1102333069, -42.8983612061, -41.6344680786, -8.81420898438], [-83.4980163574, -63.4836578369, 11.0655584335, 102.676902771, 84.6460571289, 26.5820083618, -22.3766422272, -4.49247074127, -10.1997652054, 13.0339860916, -1.4507380724, 9.77450561523, 8.50899219513], [55.7205657959, 164.359420776, -59.8338851929, -71.5620193481, 26.5820083618, 137.072219849, 129.283340454, 15.3603057861, -41.6800880432, -42.8211555481, 41.641544342, 58.5804214478, 25.0643062592], [115.388336182, 268.110137939, -48.4771690369, -149.785995483, -22.3766422272, 129.283340454, 181.674377441, 39.5240478516, -16.7705116272, -48.9796829224, 56.3646278381, 57.6306915283, 21.4324569702], [40.7287406921, 58.6511459351, 8.40733242035, -21.9039974213, -4.49247074127, 15.3603057861, 39.5240478516, 32.5621337891, 24.6390571594, 2.64871907234, 16.2356357574, 8.06948280334, 3.26055502892], [20.5445709229, -3.78139901161, 56.1108589172, 17.8593540192, -10.1997652054, -41.6800880432, -16.7705116272, 24.6390571594, 60.8605804443, 36.6650314331, -0.989833593369, -24.796836853, -8.42909049988], [-7.93021154404, -73.1943435669, 50.1010360718, 62.1102333069, 13.0339860916, -42.8211555481, -48.9796829224, 2.64871907234, 36.6650314331, 47.3008766174, -10.081700325, -28.3797073364, -7.29277658463], [33.743976593, 85.6586761475, -15.1887435913, -42.8983612061, -1.4507380724, 41.641544342, 56.3646278381, 16.2356357574, -0.989833593369, -10.081700325, 28.553527832, 20.3812866211, 6.41966581345], [20.8769702911, 68.156036377, -46.3009147644, -41.6344680786, 9.77450561523, 58.5804214478, 57.6306915283, 8.06948280334, -24.796836853, -28.3797073364, 20.3812866211, 42.8218231201, 16.0004653931], [-2.03657150269, 21.8014812469, -14.0019168854, -8.81420898438, 8.50899219513, 25.0643062592, 21.4324569702, 3.26055502892, -8.42909049988, -7.29277658463, 6.41966581345, 16.0004653931, 15.4098434448]],
        "icov": [[0.00333350268193, 0.0009704438271, 0.00134513294324, 0.000753852771595, 0.00410649972036, -0.00357672502287, -0.00121308618691, -0.00279601593502, -0.000227116150199, -0.00517029454932, 0.00245765829459, -0.00114244909491, 0.00414118310437], [0.0009704438271, 0.0256527774036, -0.0117079121992, 0.0181016232818, -0.0128414761275, 0.00101909751538, -0.0261833891273, 0.0117833986878, -0.0144664635882, 0.0187701135874, -0.0147605240345, 0.00904255267233, 0.000637566612568], [0.00134513294324, -0.0117079121992, 0.020488826558, -0.0148374885321, 0.0078909760341, 0.00334920920432, 0.000231337297009, 0.00130396604072, -0.00338991871104, -0.0117073077708, 0.00874938908964, 0.00465845409781, 0.000592702068388], [0.000753852771595, 0.0181016232818, -0.0148374885321, 0.0410508736968, -0.0360377281904, -0.000136907110573, -0.00201851408929, -0.00851794146001, 0.00188326917123, 0.00293844938278, -0.000808981247246, 0.0104139465839, 0.00116490619257], [0.00410649972036, -0.0128414761275, 0.0078909760341, -0.0360377281904, 0.0743208676577, -0.0405125319958, 0.0301198661327, -0.0108993882313, 0.00174580456223, -0.0193286146969, 0.00147522147745, -0.0224986188114, 0.0050917766057], [-0.00357672502287, 0.00101909751538, 0.00334920920432, -0.000136907110573, -0.0405125319958, 0.0870590060949, -0.0634583905339, 0.0206386763602, 0.0234083961695, -0.00431234855205, -0.00619362294674, -0.00531622208655, -0.0154255386442], [-0.00121308618691, -0.0261833891273, 0.000231337297009, -0.00201851408929, 0.0301198661327, -0.0634583905339, 0.10954362154, -0.0513218790293, 0.00954162981361, -0.00198225444183, -0.0107448548079, -0.00673671578988, -0.00322174304165], [-0.00279601593502, 0.0117833986878, 0.00130396604072, -0.00851794146001, -0.0108993882313, 0.0206386763602, -0.0513218790293, 0.138765469193, -0.0855851396918, 0.0389294363558, -0.0301947984844, -0.013446515426, -0.0081097939983], [-0.000227116150199, -0.0144664635882, -0.00338991871104, 0.00188326917123, 0.00174580456223, 0.0234083961695, 0.00954162981361, -0.0855851396918, 0.116100862622, -0.0692052543163, 0.015981324017, 0.00459633208811, 0.00355838728137], [-0.00517029454932, 0.0187701135874, -0.0117073077708, 0.00293844938278, -0.0193286146969, -0.00431234855205, -0.00198225444183, 0.0389294363558, -0.0692052543163, 0.118031904101, -0.0477439053357, 0.039484012872, -0.0270920526236], [0.00245765829459, -0.0147605240345, 0.00874938908964, -0.000808981247246, 0.00147522147745, -0.00619362294674, -0.0107448548079, -0.0301947984844, 0.015981324017, -0.0477439053357, 0.130075097084, -0.0355716273189, 0.0281805042177], [-0.00114244909491, 0.00904255267233, 0.00465845409781, 0.0104139465839, -0.0224986188114, -0.00531622208655, -0.00673671578988, -0.013446515426, 0.00459633208811, 0.039484012872, -0.0355716273189, 0.113689981401, -0.0514981150627], [0.00414118310437, 0.000637566612568, 0.000592702068388, 0.00116490619257, 0.0050917766057, -0.0154255386442, -0.00322174304165, -0.0081097939983, 0.00355838728137, -0.0270920526236, 0.0281805042177, -0.0514981150627, 0.125075861812]]
    },
    "melbands": {
        "dmean": [0.000177475201781, 0.000154573121108, 2.00927788683e-05, 1.00311217466e-05, 6.31529428574e-06, 4.09085623687e-06, 0.000201220696908, 0.000544244248886, 1.07917039713e-05, 9.18612443002e-07, 7.68727034028e-07, 5.12413544129e-06, 2.91534452117e-05, 5.50737581761e-07, 1.27274233819e-07, 1.27113509052e-07, 7.47235375798e-08, 4.82898201426e-08, 3.83640319512e-08, 2.94916304711e-08, 2.13526600845e-08, 1.83471779991e-08, 1.21595151725e-08, 1.02720090212e-08, 9.10371777962e-09, 8.76152483897e-09, 6.71448496803e-09, 5.26606180884e-09, 5.11670661396e-09, 3.83650577973e-09, 3.2275104811e-09, 2.8879019176e-09, 2.34303332292e-09, 2.22291807184e-09, 1.93561322526e-09, 1.66082714248e-09, 1.38412858952e-09, 1.24135646207e-09, 1.25030985565e-09, 9.85858616964e-10],
        "dmean2": [0.000333963631419, 0.000291632401058, 3.53096329491e-05, 1.88864614756e-05, 1.07028990897e-05, 6.77409525451e-06, 0.000224522824283, 0.000576947582886, 1.33469038701e-05, 1.21551772736e-06, 1.10693974875e-06, 6.23065352556e-06, 3.32790332322e-05, 7.0752054171e-07, 1.73204099951e-07, 1.89652965332e-07, 1.09629148426e-07, 6.67901858264e-08, 5.16676017526e-08, 3.96253945212e-08, 2.80425442867e-08, 2.40191280199e-08, 1.58147575036e-08, 1.2491278234e-08, 1.17478684558e-08, 1.19311529545e-08, 8.76380745751e-09, 6.47180575797e-09, 6.77214329059e-09, 4.70493155547e-09, 4.00569311054e-09, 3.64455088331e-09, 2.86871193467e-09, 2.83825474234e-09, 2.52045273541e-09, 2.11145567697e-09, 1.71150327244e-09, 1.54160650911e-09, 1.63678082199e-09, 1.22544308034e-09],
        "dvar": [2.2413500389e-08, 1.87376016925e-08, 2.98714192271e-10, 7.93914101127e-11, 2.74285195251e-11, 3.92607855948e-11, 4.00467357053e-08, 3.07425779056e-07, 7.27099935816e-10, 3.3102198066e-11, 1.32750303805e-11, 1.10928169428e-10, 3.6083784849e-09, 5.52330663844e-12, 6.07490999779e-13, 2.65043683615e-13, 1.16956412003e-13, 8.30139518866e-14, 5.1811114806e-14, 3.38195454714e-14, 2.47399909397e-14, 1.02704964081e-14, 7.84374701421e-15, 7.68268454632e-15, 5.05725002213e-15, 3.46616406401e-15, 2.3949261543e-15, 1.65664969637e-15, 1.30148189944e-15, 9.69953415648e-16, 6.67980240721e-16, 5.3856689421e-16, 3.98145136939e-16, 2.9243682802e-16, 2.22506687868e-16, 1.62354921051e-16, 1.23588777389e-16, 9.30388268454e-17, 7.53395241645e-17, 5.89543600142e-17],
        "dvar2": [8.26517094765e-08, 6.35901642454e-08, 1.01494956883e-09, 2.65705624169e-10, 8.70593666602e-11, 5.38627649427e-11, 5.34532560437e-08, 4.75794166732e-07, 5.67118962902e-10, 3.33372461581e-11, 1.34326985299e-11, 1.53503987299e-10, 4.71585881456e-09, 6.42717346358e-12, 5.92179300388e-13, 2.59782565468e-13, 1.20087994453e-13, 8.27048187422e-14, 5.16359653332e-14, 3.42435566123e-14, 2.48888400395e-14, 9.31786301627e-15, 7.87179566322e-15, 7.68504268604e-15, 5.02418947917e-15, 3.55470759436e-15, 2.41550206689e-15, 1.65874218539e-15, 1.3104903066e-15, 9.77259286576e-16, 6.76094075202e-16, 5.42965589245e-16, 3.99513730424e-16, 2.93799439335e-16, 2.25867873421e-16, 1.63638175966e-16, 1.24496134964e-16, 9.34496510597e-17, 7.60930459979e-17, 5.91818346826e-17],
        "max": [0.000809493416455, 0.0011332007125, 9.82044584816e-05, 6.18228441454e-05, 3.7336096284e-05, 8.36504041217e-05, 0.00395316071808, 0.0128101352602, 0.000458464259282, 7.14878769941e-05, 4.68377875222e-05, 0.000131584223709, 0.000853970996104, 3.71666283172e-05, 9.79722790362e-06, 6.63644959786e-06, 4.30429918197e-06, 3.58282386514e-06, 2.85001306111e-06, 2.29014108299e-06, 1.94691688193e-06, 1.47560638197e-06, 1.12173950129e-06, 1.08376787011e-06, 8.82791709955e-07, 7.25448956018e-07, 6.04401066084e-07, 5.04353351971e-07, 4.46299679879e-07, 3.84937038689e-07, 3.19252308145e-07, 2.86335620103e-07, 2.46645100788e-07, 2.11633107483e-07, 1.84055394925e-07, 1.57413509783e-07, 1.37354732033e-07, 1.19391685871e-07, 1.07262657423e-07, 9.4978794607e-08],
        "mean": [0.000254651211435, 0.000339184131008, 3.41533595929e-05, 1.40898146128e-05, 1.35442260216e-05, 2.36719733948e-05, 0.00139367196243, 0.00491903349757, 7.86350792623e-05, 1.33709590955e-06, 1.89950992535e-06, 1.19081050798e-05, 7.6985656051e-05, 1.32833883981e-06, 1.79498641728e-07, 1.86600630059e-07, 1.10670832498e-07, 7.19132131621e-08, 6.08731980378e-08, 4.30259063933e-08, 2.94763982112e-08, 2.6587313684e-08, 1.72086931371e-08, 1.39400055943e-08, 1.24865655593e-08, 1.18521148451e-08, 1.00150803206e-08, 8.80941719572e-09, 7.88253817774e-09, 6.20334850154e-09, 4.94401319884e-09, 4.31848112825e-09, 3.83506515433e-09, 3.58804008727e-09, 3.15826853559e-09, 2.75454725696e-09, 2.51038678734e-09, 2.40175612731e-09, 2.23802087973e-09, 2.01060990079e-09],
        "median": [0.000219727080548, 0.00026396359317, 2.91623109661e-05, 1.17029730973e-05, 1.22576429931e-05, 2.3971137125e-05, 0.00123401382007, 0.004271955695, 7.05639686203e-05, 7.76939998559e-07, 1.37725646709e-06, 1.60153012985e-06, 6.55432586427e-06, 2.508857051e-07, 1.00617683074e-07, 1.14390985573e-07, 6.7106114443e-08, 4.20758290431e-08, 3.72428736739e-08, 2.39998367846e-08, 1.53141908044e-08, 1.13648352951e-08, 8.54073700651e-09, 5.8878248943e-09, 5.75303094053e-09, 5.7102660378e-09, 5.45537393037e-09, 5.25978149923e-09, 4.46334524895e-09, 3.6047320684e-09, 2.60108201644e-09, 2.31669905482e-09, 2.18000884011e-09, 2.08504702393e-09, 1.85578197254e-09, 1.64868063646e-09, 1.61167179602e-09, 1.60951241224e-09, 1.45964840215e-09, 1.41767220185e-09],
        "min": [1.0294720596e-06, 2.51210781244e-06, 1.66166898907e-06, 1.07696484974e-06, 7.31784552954e-07, 7.86710586453e-07, 1.57699673764e-06, 1.4776488797e-06, 3.25324663208e-07, 1.53881615006e-07, 1.37146727752e-07, 1.27204231148e-07, 5.24296979165e-08, 1.42697649252e-08, 1.00965014127e-08, 9.43859568281e-09, 7.94136578719e-09, 4.24120383258e-09, 2.15220841149e-09, 3.71388586551e-09, 1.40136535709e-09, 3.77341402569e-09, 2.29115437733e-09, 1.67566849285e-09, 1.56304613697e-09, 1.33894773047e-09, 1.13869258467e-09, 1.14568610154e-09, 1.07183661946e-09, 7.18630432939e-10, 8.7522872283e-10, 5.59058410676e-10, 3.86128934382e-10, 4.00037891701e-10, 2.53895876545e-10, 3.69621833141e-10, 3.54914597711e-10, 2.391509768e-10, 2.54570586833e-10, 1.49471574007e-10],
        "var": [3.96418151638e-08, 7.25407574009e-08, 4.10021933073e-10, 1.09888390054e-10, 4.7911886264e-11, 6.557444171e-11, 1.1152277466e-06, 1.34203610287e-05, 3.90461174504e-09, 3.30706434459e-11, 1.48541196704e-11, 5.71532099425e-10, 2.43714541881e-08, 1.25830266345e-11, 6.21244266967e-13, 2.91063180502e-13, 1.21109001191e-13, 8.28998734893e-14, 5.23762009783e-14, 3.38763441127e-14, 2.46038795213e-14, 1.46605682238e-14, 8.17971839757e-15, 7.64471544743e-15, 5.0646018446e-15, 3.43945584463e-15, 2.36997171664e-15, 1.64325376443e-15, 1.28840476953e-15, 9.58564422397e-16, 6.6130159769e-16, 5.31943149502e-16, 3.93954600252e-16, 2.89694717672e-16, 2.19335912674e-16, 1.60130136075e-16, 1.21571965472e-16, 9.16055676893e-17, 7.41499060948e-17, 5.79525384133e-17]
    },
    "mfcc": {
        "mean": [-879.185546875, 215.283187866, 61.3467712402, 6.35515356064, -18.435005188, -16.9144058228, -10.02866745, -5.77923965454, 3.42276191711, 10.8826093674, 14.5307245255, 24.6298561096, 29.6102771759],
        "cov": [[499.519470215, 79.7334136963, -70.4601669312, -99.1930160522, -100.25037384, -6.88367033005, 31.3352050781, 51.2860679626, 30.8332748413, -8.17366504669, -1.88438796997, 25.5827960968, 41.6465492249], [79.7334136963, 420.758209229, 79.9256057739, -171.456863403, -148.829971313, 4.90128183365, 112.797996521, 143.066604614, 79.3082122803, -33.1895294189, -23.2922134399, 64.651512146, 111.106964111], [-70.4601669312, 79.9256057739, 87.7745361328, 21.0220165253, -5.29245710373, -3.34756779671, -5.05508995056, -1.47698318958, 12.5616092682, 28.3796844482, 15.6554489136, 9.36622524261, 13.6817026138], [-99.1930160522, -171.456863403, 21.0220165253, 150.733169556, 105.124732971, 3.4495112896, -67.1098480225, -88.2161102295, -34.352596283, 51.8682289124, 37.9137496948, -23.0296916962, -50.7469520569], [-100.25037384, -148.829971313, -5.29245710373, 105.124732971, 105.650840759, 19.1511192322, -36.1470413208, -57.3367042542, -27.0985298157, 27.8769664764, 21.8603897095, -20.1688213348, -42.3031196594], [-6.88367033005, 4.90128183365, -3.34756779671, 3.4495112896, 19.1511192322, 47.5116386414, 41.5478019714, 21.6933784485, 8.67064094543, -6.47168159485, -4.47372245789, 1.76767420769, 0.326708674431], [31.3352050781, 112.797996521, -5.05508995056, -67.1098480225, -36.1470413208, 41.5478019714, 101.620124817, 92.0251922607, 32.9655227661, -33.4919776917, -25.9743213654, 16.9793395996, 35.5918922424], [51.2860679626, 143.066604614, -1.47698318958, -88.2161102295, -57.3367042542, 21.6933784485, 92.0251922607, 119.841773987, 45.0109710693, -39.2095870972, -26.1535053253, 23.9712295532, 47.8096504211], [30.8332748413, 79.3082122803, 12.5616092682, -34.352596283, -27.0985298157, 8.67064094543, 32.9655227661, 45.0109710693, 40.3612670898, -2.51211476326, -5.43882608414, 17.7036857605, 26.5475482941], [-8.17366504669, -33.1895294189, 28.3796844482, 51.8682289124, 27.8769664764, -6.47168159485, -33.4919776917, -39.2095870972, -2.51211476326, 51.6130409241, 30.7069339752, -0.742322087288, -9.48112106323], [-1.88438796997, -23.2922134399, 15.6554489136, 37.9137496948, 21.8603897095, -4.47372245789, -25.9743213654, -26.1535053253, -5.43882608414, 30.7069339752, 37.9670906067, 6.94655513763, -8.43110561371], [25.5827960968, 64.651512146, 9.36622524261, -23.0296916962, -20.1688213348, 1.76767420769, 16.9793395996, 23.9712295532, 17.7036857605, -0.742322087288, 6.94655513763, 31.2120838165, 26.1524829865], [41.6465492249, 111.106964111, 13.6817026138, -50.7469520569, -42.3031196594, 0.326708674431, 35.5918922424, 47.8096504211, 26.5475482941, -9.48112106323, -8.43110561371, 26.1524829865, 50.2914886475]],
