{
"lowlevel": {
    "average_loudness": 0.924652636051,
    "barkbands_crest": {
        "dmean": 0.611750543118,
        "dmean2": 0.977959156036,
        "dvar": 1.46596908569,
        "dvar2": 2.86077475548,
        "max": 26.9525279999,
        "mean": 24.4680194855,
        "median": 26.3685207367,
        "min": 11.1555662155,
        "var": 9.2791967392
    },
    "barkbands_flatness_db": {
        "dmean": 0.0134407831356,
        "dmean2": 0.0159823074937,
        "dvar": 0.000210882251849,
        "dvar2": 0.000203627962037,
        "max": 0.538376092911,
        "mean": 0.365434736013,
        "median": 0.389654695988,
        "min": 0.126990139484,
        "var": 0.0158277954906
    },
    "barkbands_kurtosis": {
        "dmean": 79.3476409912,
        "dmean2": 105.242500305,
        "dvar": 14984.6884766,
        "dvar2": 33164.6679688,
        "max": 1193.25170898,
        "mean": 182.817550659,
        "median": 92.6728744507,
        "min": 2.23148107529,
        "var": 58862.9023438
    },
    "barkbands_skewness": {
        "dmean": 2.19940423965,
        "dmean2": 3.46513485909,
        "dvar": 7.03244781494,
        "dvar2": 17.8360309601,
        "max": 24.6617298126,
        "mean": 4.42263460159,
        "median": 0.525766611099,
        "min": -4.50921297073,
        "var": 43.5891990662
    },
    "barkbands_spread": {
        "dmean": 0.568319916725,
        "dmean2": 0.922469496727,
        "dvar": 0.61172580719,
        "dvar2": 1.7648062706,
        "max": 10.9095001221,
        "mean": 2.62242460251,
        "median": 0.863015532494,
        "min": 0.071493640542,
        "var": 9.06676864624
    },
    "dissonance": {
        "dmean": 0.0665208175778,
        "dmean2": 0.113450355828,
        "dvar": 0.00357995438389,
        "dvar2": 0.0092987883836,
        "max": 0.491960197687,
        "mean": 0.275061666965,
        "median": 0.273835688829,
        "min": 0.10129377991,
        "var": 0.0099248662591
    },
    "dynamic_complexity": 7.18611574173,
    "erbbands_crest": {
        "dmean": 0.506954431534,
        "dmean2": 0.607081234455,
        "dvar": 1.77909493446,
        "dvar2": 1.99591910839,
        "max": 32.4784469604,
        "mean": 29.5746746063,
        "median": 30.4681510925,
        "min": 14.9444990158,
        "var": 7.61600542068
    },
    "erbbands_flatness_db": {
        "dmean": 0.0116754751652,
        "dmean2": 0.0144387008622,
        "dvar": 0.000136081391247,
        "dvar2": 0.000140370626468,
        "max": 0.53876131773,
        "mean": 0.387605160475,
        "median": 0.396604388952,
        "min": 0.178137049079,
        "var": 0.011867409572
    },
    "erbbands_kurtosis": {
        "dmean": 13.7936649323,
        "dmean2": 18.2420635223,
        "dvar": 378.531433105,
        "dvar2": 875.988769531,
        "max": 203.002731323,
        "mean": 53.7957458496,
        "median": 45.8623466492,
        "min": 3.17350482941,
        "var": 2359.49536133
    },
    "erbbands_skewness": {
        "dmean": 0.482798039913,
        "dmean2": 0.714599967003,
        "dvar": 0.229474246502,
        "dvar2": 0.563773930073,
        "max": 10.6291790009,
        "mean": 4.89987611771,
        "median": 5.62582111359,
        "min": 1.31801354885,
        "var": 5.5232629776
    },
    "erbbands_spread": {
        "dmean": 0.526871800423,
        "dmean2": 0.597861528397,
        "dvar": 0.514482498169,
        "dvar2": 0.803984582424,
        "max": 14.5620250702,
        "mean": 3.20824742317,
        "median": 1.98741316795,
        "min": 0.36068469286,
        "var": 9.10869026184
    },
    "hfc": {
        "dmean": 1.97761356831,
        "dmean2": 1.89017307758,
        "dvar": 8.44772529602,
        "dvar2": 9.80053424835,
        "max": 41.8457870483,
        "mean": 13.4803276062,
        "median": 10.1570796967,
        "min": 0.00523356581107,
        "var": 177.032867432
    },
    "melbands_crest": {
        "dmean": 0.80916249752,
        "dmean2": 1.25338387489,
        "dvar": 1.37572896481,
        "dvar2": 3.01809501648,
        "max": 25.4616413116,
        "mean": 21.3025512695,
        "median": 23.3632774353,
        "min": 9.48473358154,
        "var": 14.0618171692
    },
    "melbands_flatness_db": {
        "dmean": 0.0129145039245,
        "dmean2": 0.0152683546767,
        "dvar": 0.000150908948854,
        "dvar2": 0.000159923743922,
        "max": 0.609235405922,
        "mean": 0.440583378077,
        "median": 0.443396776915,
        "min": 0.217730179429,
        "var": 0.0131642436609
    },
    "melbands_kurtosis": {
        "dmean": 10.6788196564,
        "dmean2": 17.2549209595,
        "dvar": 301.600616455,
        "dvar2": 653.615722656,
        "max": 252.45072937,
        "mean": 53.360660553,
        "median": 49.9954109192,
        "min": 0.155154943466,
        "var": 2987.00390625
    },
    "melbands_skewness": {
        "dmean": 1.05440664291,
        "dmean2": 1.76079952717,
        "dvar": 1.40148818493,
        "dvar2": 3.22071075439,
        "max": 11.8294153214,
        "mean": 0.848522245884,
        "median": -0.226130634546,
        "min": -3.72062540054,
        "var": 8.02673912048
    },
    "melbands_spread": {
        "dmean": 0.963920652866,
        "dmean2": 1.61335659027,
        "dvar": 1.86070215702,
        "dvar2": 5.34298658371,
        "max": 15.6198129654,
        "mean": 4.49398326874,
        "median": 1.26626741886,
        "min": 0.330066591501,
        "var": 22.9693489075
    },
    "pitch_salience": {
        "dmean": 0.0304160304368,
        "dmean2": 0.0448254607618,
        "dvar": 0.00347284926102,
        "dvar2": 0.00490925647318,
        "max": 0.819602310658,
        "mean": 0.162212073803,
        "median": 0.116226017475,
        "min": 0.0226622223854,
        "var": 0.0170117449015
    },
    "silence_rate_20dB": {
        "dmean": 0,
        "dmean2": 0,
        "dvar": 0,
        "dvar2": 0,
        "max": 1,
        "mean": 1,
        "median": 1,
        "min": 1,
        "var": 0
    },
    "silence_rate_30dB": {
        "dmean": 0,
        "dmean2": 0,
        "dvar": 0,
        "dvar2": 0,
        "max": 1,
        "mean": 1,
        "median": 1,
        "min": 1,
        "var": 0
    },
    "silence_rate_60dB": {
        "dmean": 0.00833333376795,
        "dmean2": 0.01680672355,
        "dvar": 0.00826388690621,
        "dvar2": 0.0165242366493,
        "max": 1,
        "mean": 0.371900826693,
        "median": 0,
        "min": 0,
        "var": 0.233590602875
    },
    "spectral_centroid": {
        "dmean": 9.26131248474,
        "dmean2": 14.6886835098,
        "dvar": 140.653320312,
        "dvar2": 389.687988281,
        "max": 772.494628906,
        "mean": 679.50982666,
        "median": 670.102844238,
        "min": 639.029418945,
        "var": 511.837432861
    },
    "spectral_complexity": {
        "dmean": 0.608333349228,
        "dmean2": 1.08403360844,
        "dvar": 0.454930394888,
        "dvar2": 1.01814877987,
        "max": 7,
        "mean": 2.14049577713,
        "median": 2,
        "min": 0,
        "var": 1.80671191216
    },
    "spectral_decrease": {
        "dmean": 7.54776963152e-10,
        "dmean2": 7.15203618551e-10,
        "dvar": 1.18029429668e-18,
        "dvar2": 1.3660773045e-18,
        "max": -1.89824024555e-12,
        "mean": -5.0575215127e-09,
        "median": -3.84758580552e-09,
        "min": -1.5836707945e-08,
        "var": 2.49333660601e-17
    },
    "spectral_energy": {
        "dmean": 0.00302784820087,
        "dmean2": 0.00286996457726,
        "dvar": 1.90431055671e-05,
        "dvar2": 2.20451292989e-05,
        "max": 0.0635665133595,
        "mean": 0.0203108713031,
        "median": 0.0154429357499,
        "min": 7.6391015682e-06,
        "var": 0.000402100675274
    },
    "spectral_energyband_high": {
        "dmean": 5.20245203006e-06,
        "dmean2": 8.14164104668e-06,
        "dvar": 5.92392968013e-10,
        "dvar2": 1.28260513321e-09,
        "max": 0.000315638346365,
        "mean": 1.27703833641e-05,
        "median": 1.43488387039e-06,
        "min": 6.69635653594e-08,
        "var": 1.75613001918e-09
    },
    "spectral_energyband_low": {
        "dmean": 2.58049276454e-05,
        "dmean2": 4.5069897169e-05,
        "dvar": 8.98802088312e-10,
        "dvar2": 2.88476065258e-09,
        "max": 0.000214261934161,
        "mean": 4.73714208056e-05,
        "median": 3.70114976249e-05,
        "min": 4.44145598522e-07,
        "var": 1.24075139052e-09
    },
    "spectral_energyband_middle_high": {
        "dmean": 3.65712185157e-05,
        "dmean2": 4.78017973364e-05,
        "dvar": 3.53463103231e-09,
        "dvar2": 8.11134626133e-09,
        "max": 0.000908992369659,
        "mean": 0.000141776297824,
        "median": 8.09686025605e-05,
        "min": 5.94633661422e-07,
        "var": 3.37134338224e-08
    },
    "spectral_energyband_middle_low": {
        "dmean": 0.00303388107568,
        "dmean2": 0.00288002984598,
        "dvar": 1.90306691366e-05,
        "dvar2": 2.22434191528e-05,
        "max": 0.0633631274104,
        "mean": 0.020116282627,
        "median": 0.0152450185269,
        "min": 6.44778401693e-06,
        "var": 0.000398555857828
    },
    "spectral_entropy": {
        "dmean": 0.134215116501,
        "dmean2": 0.166630968451,
        "dvar": 0.0214761476964,
        "dvar2": 0.0209490191191,
        "max": 7.61145496368,
        "mean": 4.99823141098,
        "median": 4.86057901382,
        "min": 3.31604242325,
        "var": 1.57805812359
    },
    "spectral_flux": {
        "dmean": 0.00527326809242,
        "dmean2": 0.00895264744759,
        "dvar": 8.97549107322e-05,
        "dvar2": 0.000215430758544,
        "max": 0.112482905388,
        "mean": 0.0142585625872,
        "median": 0.00872455071658,
        "min": 0.00413245521486,
        "var": 0.000233038153965
    },
    "spectral_kurtosis": {
        "dmean": 6.81001234055,
        "dmean2": 12.1016769409,
        "dvar": 55.1648826599,
        "dvar2": 173.59979248,
        "max": 96.7368927002,
        "mean": 35.9323997498,
        "median": 30.7732658386,
        "min": 6.45168304443,
        "var": 496.599853516
    },
    "spectral_rms": {
        "dmean": 0.000274898862699,
        "dmean2": 0.000251305551501,
        "dvar": 1.29224048351e-07,
        "dvar2": 1.45479219782e-07,
        "max": 0.0078750308603,
        "mean": 0.00364602077752,
        "median": 0.00388153060339,
        "min": 8.63294990268e-05,
        "var": 6.52201788398e-06
    },
    "spectral_rolloff": {
        "dmean": 0.538330078125,
        "dmean2": 0.542853832245,
        "dvar": 19.0301475525,
        "dvar2": 19.1876010895,
        "max": 710.595703125,
        "mean": 668.064331055,
        "median": 667.529296875,
        "min": 667.529296875,
        "var": 18.8752479553
    },
    "spectral_skewness": {
        "dmean": 0.538249135017,
        "dmean2": 1.00172483921,
        "dvar": 0.29880708456,
        "dvar2": 1.00344502926,
        "max": 7.92639827728,
        "mean": 4.77076005936,
        "median": 4.56792402267,
        "min": 2.21155047417,
        "var": 2.64827060699
    },
    "spectral_spread": {
        "dmean": 613438.375,
        "dmean2": 1095166.375,
        "dvar": 514899148800,
        "dvar2": 780660047872,
        "max": 14168338,
        "mean": 3046974,
        "median": 2645571.25,
        "min": 998358.25,
        "var": 2.47437852672e+12
    },
    "spectral_strongpeak": {
        "dmean": 0.229598432779,
        "dmean2": 0.206561401486,
        "dvar": 0.13047927618,
        "dvar2": 0.143867641687,
        "max": 6.26671028137,
        "mean": 2.87216448784,
        "median": 3.09257984161,
        "min": 0.00865054596215,
        "var": 4.15682029724
    },
    "zerocrossingrate": {
        "dmean": 0.00104166672099,
        "dmean2": 0.00114479381591,
        "dvar": 5.64230458622e-06,
        "dvar2": 4.54973041997e-06,
        "max": 0.04345703125,
        "mean": 0.0306729394943,
        "median": 0.02978515625,
        "min": 0.01025390625,
        "var": 1.20391559904e-05
    },
    "barkbands": {
        "dmean": [1.64991001839e-06, 2.16167445615e-05, 1.00857496363e-05, 6.9095121944e-06, 9.3173548521e-06, 6.98691155776e-06, 3.07441951009e-06, 1.13826299639e-05, 0.00304607697763, 1.37721681313e-05, 4.55484814665e-06, 1.18820378248e-06, 2.70794134849e-05, 2.62825068376e-07, 1.66984063981e-05, 6.32384058008e-07, 2.22423338414e-07, 5.57137305179e-08, 1.53275357206e-06, 4.41542653107e-07, 5.03356477566e-06, 9.57492432008e-08, 5.46982278138e-07, 4.60468783103e-07, 1.8746571584e-07, 1.02339683394e-07, 1.19466776027e-07],
        "dmean2": [2.84361954073e-06, 3.95846836909e-05, 1.69101967913e-05, 1.23813733808e-05, 1.54789104272e-05, 1.14392596515e-05, 4.2350457079e-06, 1.26776676552e-05, 0.00288125895895, 2.02568899113e-05, 6.65208426653e-06, 1.65145502251e-06, 3.25108740071e-05, 4.08211519698e-07, 2.22068720177e-05, 8.29360544685e-07, 3.59265072802e-07, 7.60125331567e-08, 2.65034918812e-06, 7.71020211232e-07, 8.05954095995e-06, 1.53710686845e-07, 8.01554335794e-07, 5.89091087022e-07, 2.01734238203e-07, 1.06657296328e-07, 1.5001037923e-07],
        "dvar": [3.88374445451e-12, 6.88054224707e-10, 1.8063596452e-10, 7.48714770737e-11, 7.51280357369e-11, 9.16729817058e-11, 3.12870618302e-10, 1.06421502721e-08, 1.97093741008e-05, 4.59528903818e-09, 3.5474917448e-10, 8.24537747107e-12, 3.26649973736e-09, 2.00485529328e-13, 4.64403654421e-10, 6.78031632576e-13, 2.62917264999e-13, 5.04171289678e-14, 1.17260220631e-11, 1.11895735733e-12, 5.07657360593e-10, 3.52183865025e-14, 4.4481666614e-12, 3.91712747308e-12, 5.68869766831e-13, 1.49429080221e-13, 8.12243338994e-14],
        "dvar2": [9.11831981448e-12, 2.4123423259e-09, 5.3207671602e-10, 2.23268514787e-10, 1.66693436832e-10, 2.18633125493e-10, 3.01993818841e-10, 1.06475912531e-08, 2.27470827667e-05, 8.34110647219e-09, 8.74963101971e-10, 7.99841269605e-12, 6.78847023039e-09, 2.44002572054e-13, 8.46195780113e-10, 1.12956627558e-12, 5.28932149815e-13, 4.36501827522e-14, 3.22660440033e-11, 3.16215174705e-12, 1.21227594629e-09, 9.37537401229e-14, 6.88960217002e-12, 6.83969417561e-12, 8.77959109493e-13, 9.50498563862e-14, 1.12057424158e-13],
        "max": [9.99715666694e-06, 0.000175535678864, 8.95394623512e-05, 5.46030860278e-05, 6.48995483061e-05, 8.4905535914e-05, 0.000203326024348, 0.00115941627882, 0.0633485391736, 0.000851587334182, 0.000246662239078, 5.52621677343e-05, 0.000522413058206, 8.96935489436e-06, 0.000166510260897, 7.34689683668e-06, 5.97001644564e-06, 2.99057978737e-06, 2.53124107985e-05, 1.04173959699e-05, 0.000247452000622, 2.14794749809e-06, 2.38181728491e-05, 2.12665181607e-05, 1.53939163283e-05, 8.77583079273e-06, 6.3444922489e-06],
        "mean": [1.83463123449e-06, 3.03525484924e-05, 1.19944825201e-05, 7.10784433977e-06, 1.95739739866e-05, 1.71055107785e-05, 3.81563995688e-06, 1.2417047401e-05, 0.0200443230569, 2.62961584667e-05, 7.71126997279e-06, 2.26681731874e-06, 6.79486838635e-05, 5.73103875467e-07, 3.98579177272e-05, 1.17040349323e-06, 4.19874425006e-07, 1.19786847108e-07, 2.56263570009e-06, 6.59675777115e-07, 9.06983950699e-06, 2.13029238694e-07, 1.16758656077e-06, 7.94534116721e-07, 5.71867872168e-07, 3.57804111673e-07, 5.53667916847e-07],
        "median": [8.28921088214e-07, 2.28848366532e-05, 7.63291336625e-06, 4.96494794788e-06, 1.78316804522e-05, 1.24295347632e-05, 1.64290577231e-06, 1.9382755454e-06, 0.0151733756065, 2.48773767453e-06, 1.4663270349e-06, 9.26841096316e-07, 3.39793405146e-05, 3.29467951588e-07, 3.0993422115e-05, 7.08903314717e-07, 1.85830359101e-07, 8.19745480385e-08, 3.00672155618e-07, 1.98490880621e-07, 2.18081652292e-07, 9.73673053295e-08, 1.04697519987e-07, 1.04746654017e-07, 1.22872947372e-07, 1.53181915152e-07, 3.97311595179e-07],
        "min": [1.97041405414e-08, 2.33697008412e-07, 6.89227093176e-08, 3.3596851523e-08, 6.93485162628e-07, 3.00356305161e-07, 2.90598194397e-07, 2.77504256019e-07, 3.15379929816e-06, 2.26177505169e-07, 3.60113290299e-08, 2.34499104579e-08, 2.54394070254e-08, 2.05593906344e-08, 2.11671036254e-07, 5.72602090188e-08, 7.19101800328e-09, 9.11104258705e-09, 1.13754801134e-08, 2.34130901333e-08, 8.34052205079e-09, 7.72632713364e-09, 5.36836219922e-09, 3.98993504902e-09, 5.52026246936e-09, 1.45993075407e-08, 1.00412576032e-08],
        "var": [4.90276439238e-12, 7.47984674199e-10, 1.78186312927e-10, 6.12548067824e-11, 1.75256101298e-10, 2.54750304185e-10, 3.34283795089e-10, 1.09790150304e-08, 0.000399216718506, 1.00291428495e-08, 7.33418492604e-10, 3.96526388113e-11, 1.02217994069e-08, 1.04253400617e-12, 1.13343778807e-09, 1.74022135677e-12, 5.96683780944e-13, 7.35300289081e-14, 2.30062774387e-11, 2.28150766508e-12, 1.03606989654e-09, 1.04480626353e-13, 1.42540718812e-11, 8.32333160727e-12, 4.33573099298e-12, 1.09300708675e-12, 9.18292026621e-13]
    },
    "erbbands": {
        "dmean": [0.000659549667034, 0.00522987823933, 0.0111017404124, 0.016280490905, 0.0269075427204, 0.028382923454, 0.0937465801835, 0.0340912416577, 0.0345801487565, 0.280665785074, 16.0139694214, 79.6909179688, 3.49734354019, 0.331361442804, 0.120737798512, 0.232802554965, 1.25809073448, 0.0561489239335, 0.06913228333, 1.14670681953, 0.0823814123869, 0.0104336440563, 0.00551249738783, 0.0864844322205, 0.0201193932444, 0.0354651063681, 0.319729655981, 0.0448510609567, 0.00684455921873, 0.02255362086, 0.00806118734181, 0.00550055271015, 0.00803464371711, 0.00193075963762, 0.00111787149217, 0.000345748325344, 0.000349609996192, 0.0001247881155, 1.50762998601e-05, 3.95145116272e-06],
        "dmean2": [0.00115985155571, 0.00959835015237, 0.0181648470461, 0.0291230101138, 0.0476843304932, 0.045383322984, 0.143792375922, 0.0576778911054, 0.045215267688, 0.268101096153, 14.8009958267, 76.6995544434, 3.55131077766, 0.454704642296, 0.182493060827, 0.289160817862, 1.5318198204, 0.0693156868219, 0.0945243835449, 1.517837286, 0.109178513288, 0.0159924272448, 0.00887404661626, 0.149115458131, 0.0335531905293, 0.0609960146248, 0.506763458252, 0.0726292058825, 0.0104729477316, 0.0317052714527, 0.0101735154167, 0.00674688862637, 0.0105011900887, 0.00211696955375, 0.0014078868553, 0.000443378667114, 0.000416604947532, 0.000157278438564, 1.57659087563e-05, 4.494148925e-06],
        "dvar": [6.72044905059e-07, 3.8459260395e-05, 0.000193080064491, 0.000359853263944, 0.000841344764922, 0.00063982285792, 0.00983699597418, 0.00682955980301, 0.0169919189066, 0.21510758996, 495.477600098, 13952.7695312, 27.2602100372, 0.8006772995, 0.159004315734, 0.220194190741, 7.03430461884, 0.0114423753694, 0.00704620825127, 2.1867544651, 0.0111131034791, 0.000418072391767, 8.10034180176e-05, 0.0382856912911, 0.00142117578071, 0.0105486223474, 2.07628083229, 0.0299766846001, 0.000242854803219, 0.00660344446078, 0.000850363401696, 0.000502587994561, 0.00122122908942, 5.96563659201e-05, 2.02185547096e-05, 1.49097877511e-06, 1.9623848857e-06, 1.75859511842e-07, 7.91370802222e-10, 1.8649342487e-11],
        "dvar2": [2.33800437854e-06, 0.000129777894472, 0.000524283619598, 0.00104108755477, 0.00257576303557, 0.00145864335354, 0.0207105726004, 0.0179921239614, 0.014454449527, 0.219022199512, 552.885681152, 16619.7402344, 48.1711349487, 2.00998067856, 0.397122174501, 0.439015209675, 15.1570968628, 0.0246058553457, 0.0132624898106, 3.97211956978, 0.0207103304565, 0.000896259036381, 0.000146853053593, 0.105051018298, 0.00380195328034, 0.0291083008051, 5.04601192474, 0.068205229938, 0.00059781933669, 0.0105158369988, 0.00154939398635, 0.0007986415294, 0.00220191618428, 6.05743043707e-05, 3.94015551137e-05, 1.4977349565e-06, 2.46853846875e-06, 3.1823086033e-07, 3.06075109702e-10, 2.23441837949e-11],
        "max": [0.00398483499885, 0.0441846884787, 0.101521998644, 0.114552512765, 0.145815372467, 0.190781086683, 1.1173106432, 0.833258807659, 1.71580708027, 7.15928792953, 339.784362793, 1653.20849609, 75.0531616211, 15.1661214828, 6.3573846817, 4.3401927948, 24.2496376038, 1.51628053188, 0.665068924427, 11.5471506119, 0.852145969868, 0.273903667927, 0.182774528861, 1.45168173313, 0.367788493633, 1.14949297905, 15.6224098206, 1.94109809399, 0.201012313366, 0.956809401512, 0.352606475353, 0.280974060297, 0.369982600212, 0.185567349195, 0.0780244395137, 0.0282934568822, 0.0276674665511, 0.00724566169083, 0.000862895103637, 7.41197509342e-05],
        "mean": [0.000784925709013, 0.00694400304928, 0.0154153080657, 0.0189172327518, 0.0330221131444, 0.0514393933117, 0.237892046571, 0.065393127501, 0.102964445949, 1.75776660442, 104.961578369, 528.594848633, 24.6589756012, 1.51907968521, 0.349599033594, 0.611799418926, 3.20171332359, 0.183211371303, 0.183643087745, 2.70874190331, 0.19713152945, 0.0258327703923, 0.0167594999075, 0.142465680838, 0.0449208803475, 0.0568500012159, 0.538710176945, 0.096415027976, 0.0175732560456, 0.0456427633762, 0.0165368076414, 0.0127844251692, 0.012821351178, 0.0072913072072, 0.00317462719977, 0.00128293654416, 0.00098597665783, 0.000404664315283, 7.62061317801e-05, 2.95357567666e-05],
        "median": [0.000535161758307, 0.00532287312672, 0.00978093035519, 0.0142077477649, 0.0208460967988, 0.0451761446893, 0.189794450998, 0.0443466603756, 0.0758430212736, 1.28601014614, 78.1719665527, 410.644226074, 20.2528076172, 0.858792841434, 0.136593282223, 0.305683016777, 1.61018359661, 0.0879533141851, 0.148406043649, 2.09315490723, 0.154211580753, 0.0147723453119, 0.0107829803601, 0.0117349149659, 0.0119979372248, 0.0102639719844, 0.0114334197715, 0.00640002964064, 0.00383426784538, 0.00340966554359, 0.00295467092656, 0.00212754565291, 0.00183408788871, 0.00131150544621, 0.000886713736691, 0.000545092683751, 0.000302057975205, 0.000138231451274, 5.36869920325e-05, 2.72441538982e-05],
        "min": [1.06625639091e-05, 3.94379421778e-05, 8.01322385087e-05, 0.000110059205326, 0.000532526231837, 0.00270439428277, 0.00624841591343, 0.00620166258886, 0.00573965674266, 0.0110303256661, 0.0428249239922, 0.0757537037134, 0.0166369769722, 0.00532266590744, 0.00085092993686, 0.00119925139006, 0.00124599505216, 0.00083000905579, 0.00335456966422, 0.014206411317, 0.00210725842044, 0.000469629856525, 0.000510718149599, 0.000533389626071, 0.000726924859919, 0.00105958548374, 0.000467883364763, 0.000341775419656, 0.000282834895188, 0.000192541090655, 0.000190838531125, 7.28752347641e-05, 7.65648874221e-05, 8.30975623103e-05, 3.39226389769e-05, 4.72972751595e-05, 2.91960714094e-05, 6.77081152389e-06, 1.41620398608e-06, 1.74130946107e-07],
        "var": [6.59137015191e-07, 4.34787325503e-05, 0.00023286366195, 0.000311629410135, 0.000926584703848, 0.00131785345729, 0.0446215942502, 0.00761016877368, 0.0250077955425, 3.01146864891, 10873.2978516, 278152.5625, 602.535827637, 5.11729478836, 0.64394068718, 0.774839580059, 22.4500961304, 0.0771431326866, 0.0191873721778, 5.35061597824, 0.0273061580956, 0.0013235117076, 0.000641874212306, 0.0742126330733, 0.00558213656768, 0.023096434772, 3.96633672714, 0.0823262557387, 0.00133927317802, 0.0223682522774, 0.00229419255629, 0.00173048500437, 0.00227596890181, 0.000746101606637, 0.000108686937892, 1.24770513139e-05, 1.16313176477e-05, 1.50111532093e-06, 1.35380275879e-08, 4.60695259719e-10]
    },
    "gfcc": {
        "mean": [-206.022232056, 107.272926331, -104.904251099, -45.4101791382, -60.5169372559, 2.39122986794, -3.69273972511, 19.5887908936, 7.77858304977, 3.42851638794, -35.4986076355, -30.6592159271, -6.89057922363],
        "cov": [[1868.43359375, -375.528320312, -723.971557617, -310.19821167, -561.050170898, -10.9818725586, 486.82409668, 235.192123413, 86.4880218506, 35.5595283508, -40.1666107178, -268.713409424, -171.17755127], [-375.528320312, 534.035400391, 91.8488388062, -173.778549194, 266.995178223, -82.6773529053, -103.141036987, 6.31658411026, 122.317245483, -12.7698516846, -6.11064291, -8.18771839142, 58.0348396301], [-723.971557617, 91.8488388062, 628.914306641, 252.998703003, 357.531738281, 133.465103149, -378.396850586, -176.560958862, -148.997207642, -12.7238874435, 19.9684524536, 223.054290771, 95.1919326782], [-310.19821167, -173.778549194, 252.998703003, 299.948303223, 66.5818862915, 98.51612854, -113.042442322, -98.2332305908, -108.7315979, -3.55590105057, 19.399017334, 104.459945679, 26.1787796021], [-561.050170898, 266.995178223, 357.531738281, 66.5818862915, 349.804473877, 45.2857475281, -268.893035889, -97.3881759644, -24.6278896332, -9.4881439209, 3.5570025444, 119.561279297, 75.7521743774], [-10.9818725586, -82.6773529053, 133.465103149, 98.51612854, 45.2857475281, 124.183387756, -70.9956207275, -63.8867988586, -43.9346160889, 19.6148471832, 10.1791772842, 55.4119224548, 5.92322063446], [486.82409668, -103.141036987, -378.396850586, -113.042442322, -268.893035889, -70.9956207275, 305.383392334, 126.131546021, 78.1162261963, 4.16353368759, -2.23519468307, -150.159072876, -77.3265838623], [235.192123413, 6.31658411026, -176.560958862, -98.2332305908, -97.3881759644, -63.8867988586, 126.131546021, 99.3489837646, 68.3295669556, -6.3783493042, -11.2858104706, -72.8349609375, -28.7487506866], [86.4880218506, 122.317245483, -148.997207642, -108.7315979, -24.6278896332, -43.9346160889, 78.1162261963, 68.3295669556, 125.508621216, 4.524538517, -17.2597236633, -60.0178489685, 1.13652825356], [35.5595283508, -12.7698516846, -12.7238874435, -3.55590105057, -9.4881439209, 19.6148471832, 4.16353368759, -6.3783493042, 4.524538517, 31.3667354584, 13.6819496155, 7.36125993729, 3.54515576363], [-40.1666107178, -6.11064291, 19.9684524536, 19.399017334, 3.5570025444, 10.1791772842, -2.23519468307, -11.2858104706, -17.2597236633, 13.6819496155, 31.2130317688, 19.0624523163, -1.80172681808], [-268.713409424, -8.18771839142, 223.054290771, 104.459945679, 119.561279297, 55.4119224548, -150.159072876, -72.8349609375, -60.0178489685, 7.36125993729, 19.0624523163, 108.243179321, 42.4655418396], [-171.17755127, 58.0348396301, 95.1919326782, 26.1787796021, 75.7521743774, 5.92322063446, -77.3265838623, -28.7487506866, 1.13652825356, 3.54515576363, -1.80172681808, 42.4655418396, 48.7853355408]],
        "icov": [[0.00251999171451, -0.00194872310385, 0.00301838456653, 0.000753122963943, 0.00286097638309, -0.00639214646071, 0.00148827815428, -0.00730609102175, 0.00591121800244, -0.00171480944846, 0.00439819088206, -0.00109919754323, 0.000359962577932], [-0.00194872310385, 0.025988811627, -0.0157970730215, 0.0122634135187, -0.0208823941648, 0.0196451209486, -0.00949830375612, 0.0249600950629, -0.0284989606589, 0.0050056213513, -0.0242122393101, 0.0250259879977, -0.00619486579672], [0.00301838456653, -0.0157970730215, 0.0269441865385, -0.00908788759261, 0.00556688988581, -0.021515192464, 0.0100173419341, -0.024438181892, 0.0281830113381, 0.00352503638715, 0.0168641041964, -0.0252605229616, -0.00117177818902], [0.000753122963943, 0.0122634135187, -0.00908788759261, 0.0153655251488, -0.00765795819461, 0.00338360923342, -0.00954681448638, 0.0123137449846, -0.00935507658869, 0.00572469970211, -0.00865554530174, 0.00632636388764, -0.0048786662519], [0.00286097638309, -0.0208823941648, 0.00556688988581, -0.00765795819461, 0.0335895679891, -0.0161187238991, 0.0194753501564, -0.0198181401938, 0.0151159651577, -0.00259385211393, 0.0120986923575, -0.00953733921051, 0.00570303760469], [-0.00639214646071, 0.0196451209486, -0.021515192464, 0.00338360923342, -0.0161187238991, 0.0456436052918, -0.011287518777, 0.0415942706168, -0.0358497351408, -0.0092431306839, -0.0144355557859, 0.012656962499, 0.0104303611442], [0.00148827815428, -0.00949830375612, 0.0100173419341, -0.00954681448638, 0.0194753501564, -0.011287518777, 0.0396394841373, -0.0247509367764, 0.00798586662859, -0.000991729437374, -0.01151538454, 0.018920565024, 0.00446347054094], [-0.00730609102175, 0.0249600950629, -0.024438181892, 0.0123137449846, -0.0198181401938, 0.0415942706168, -0.0247509367764, 0.078397013247, -0.0511993058026, 0.0102334525436, -0.0219907239079, 0.0135716740042, 0.00626277457923], [0.00591121800244, -0.0284989606589, 0.0281830113381, -0.00935507658869, 0.0151159651577, -0.0358497351408, 0.00798586662859, -0.0511993058026, 0.0641539618373, -0.0106210494414, 0.0362630113959, -0.0243608448654, -0.0101390117779], [-0.00171480944846, 0.0050056213513, 0.00352503638715, 0.00572469970211, -0.00259385211393, -0.0092431306839, -0.000991729437374, 0.0102334525436, -0.0106210494414, 0.0638088956475, -0.0342754647136, -0.00106750545092, -0.0170393660665], [0.00439819088206, -0.0242122393101, 0.0168641041964, -0.00865554530174, 0.0120986923575, -0.0144355557859, -0.01151538454, -0.0219907239079, 0.0362630113959, -0.0342754647136, 0.0930965989828, -0.05671691522, 0.0221826601774], [-0.00109919754323, 0.0250259879977, -0.0252605229616, 0.00632636388764, -0.00953733921051, 0.012656962499, 0.018920565024, 0.0135716740042, -0.0243608448654, -0.00106750545092, -0.05671691522, 0.100204892457, -0.0251467395574], [0.000359962577932, -0.00619486579672, -0.00117177818902, -0.0048786662519, 0.00570303760469, 0.0104303611442, 0.00446347054094, 0.00626277457923, -0.0101390117779, -0.0170393660665, 0.0221826601774, -0.0251467395574, 0.0588610768318]]
    },
    "melbands": {
        "dmean": [5.70020665691e-06, 5.55625911147e-06, 2.95431686936e-06, 1.72299451151e-06, 2.80523522633e-06, 8.43678151341e-07, 5.28010559719e-07, 8.52096150084e-07, 0.00027446434251, 0.000427541643148, 2.27715281653e-06, 1.14354759262e-06, 4.75810651324e-07, 1.60405321026e-07, 2.84339012069e-06, 1.43641489103e-06, 3.11424095401e-08, 1.8951883618e-08, 1.08328276838e-06, 9.39333176575e-07, 5.64906033063e-09, 7.16080927887e-09, 1.40991387454e-08, 2.62837107634e-09, 8.34736582078e-08, 3.82560578771e-08, 1.42225502486e-08, 1.56324322376e-08, 1.64206582554e-07, 1.2977254471e-07, 1.95438971673e-08, 4.41427383535e-09, 2.24834439955e-09, 2.03111287789e-08, 4.18946211056e-09, 2.44019893181e-09, 5.17714004999e-09, 7.47543271729e-09, 2.6419135768e-09, 2.47893461314e-09],
        "dmean2": [1.03126430986e-05, 9.37714958127e-06, 5.26602161699e-06, 3.03476440422e-06, 4.33052991866e-06, 1.43430122534e-06, 7.35550145237e-07, 9.5779057574e-07, 0.000253105594311, 0.000412232446251, 3.14203430207e-06, 2.06970230465e-06, 7.05712864146e-07, 2.77351659861e-07, 3.38522863785e-06, 1.72884710992e-06, 4.70214480686e-08, 2.9828289172e-08, 1.45126455209e-06, 1.23707286548e-06, 7.76537589786e-09, 1.16595222366e-08, 2.31857377742e-08, 3.63726759822e-09, 1.43624774296e-07, 6.52145502045e-08, 2.52297862602e-08, 2.70085731557e-08, 2.60197793978e-07, 2.06624719112e-07, 3.43146737691e-08, 7.27339566353e-09, 3.79949405271e-09, 2.86370180902e-08, 5.57041657245e-09, 4.02882394113e-09, 6.81035983163e-09, 1.03357225001e-08, 3.31163008127e-09, 2.82918266592e-09],
        "dvar": [5.02130455271e-11, 4.06958806931e-11, 1.02350575931e-11, 3.35000018177e-12, 8.6009446093e-12, 2.97850914939e-12, 6.54730913582e-12, 4.65830117535e-11, 1.51192310227e-07, 4.02443049552e-07, 1.17753098938e-10, 2.19231924281e-11, 3.21400154754e-12, 2.12432935826e-13, 3.55706679389e-11, 8.80221329852e-12, 4.40395087409e-15, 2.83357995372e-15, 1.94123211429e-12, 1.47978320136e-12, 5.26850999181e-16, 1.88681327091e-16, 1.00745188186e-15, 7.80440937477e-17, 3.56842817285e-14, 6.59495194051e-15, 1.17835676672e-15, 1.39490275138e-15, 5.34629849072e-13, 3.58040555754e-13, 3.47236815683e-15, 1.1514980137e-16, 1.99058830654e-17, 5.53877004144e-15, 2.0456351249e-16, 7.01585280287e-17, 4.55920618997e-16, 1.13014502779e-15, 1.05562036917e-16, 1.05661966952e-16],
        "dvar2": [1.79318657145e-10, 1.08487233086e-10, 2.95169375053e-11, 8.47199827653e-12, 1.83459445552e-11, 7.72514517633e-12, 5.80882520904e-12, 4.39419750586e-11, 1.65441491617e-07, 4.84491351926e-07, 1.79863457461e-10, 6.31279958863e-11, 7.80555394625e-12, 4.58935732299e-13, 7.31566821011e-11, 1.89849316823e-11, 8.03611497279e-15, 3.72266194582e-15, 3.54532831044e-12, 2.67205051488e-12, 5.29528840904e-16, 4.20066984889e-16, 1.95965053402e-15, 6.96423077694e-17, 9.77924474255e-14, 1.84270205025e-14, 3.19047898012e-15, 3.95557948917e-15, 1.31092207402e-12, 8.50495780573e-13, 9.71219666376e-15, 3.2130408144e-16, 5.60586323002e-17, 8.81360482101e-15, 3.73123730738e-16, 1.76452275681e-16, 7.71316513281e-16, 1.97251802328e-15, 2.07287530744e-16, 1.66583958033e-16],
        "max": [4.04000711569e-05, 4.47322054242e-05, 1.95505108422e-05, 1.27699231598e-05, 3.20386243402e-05, 1.73734424607e-05, 3.0730614526e-05, 8.03242583061e-05, 0.00579565344378, 0.00884703360498, 0.000172216241481, 6.04494671279e-05, 2.63496895059e-05, 7.02212719261e-06, 5.34957507625e-05, 2.81928550976e-05, 1.22520805235e-06, 6.54221537388e-07, 1.0757779819e-05, 9.62834747043e-06, 2.77190906672e-07, 2.01489882556e-07, 3.77096284865e-07, 1.23333521174e-07, 1.39898656926e-06, 5.98668009388e-07, 3.4549802308e-07, 3.5109164287e-07, 7.85586689744e-06, 6.67835956847e-06, 5.0830078635e-07, 1.05097569758e-07, 4.71996912665e-08, 8.62683577907e-07, 1.72202092585e-07, 9.631228437e-08, 2.32461232486e-07, 3.31788186259e-07, 1.50409576349e-07, 1.9487478653e-07],
        "mean": [7.77938657848e-06, 8.82992389961e-06, 3.80866504202e-06, 2.49254412665e-06, 6.89233411322e-06, 1.7088708546e-06, 7.06363607605e-07, 1.05501680991e-06, 0.00179767271038, 0.00283203390427, 5.54494863536e-06, 2.32361776398e-06, 9.55016616899e-07, 3.1625995689e-07, 6.71508269079e-06, 3.94279004468e-06, 7.20110620023e-08, 3.21860618158e-08, 2.62372850557e-06, 2.17990145757e-06, 1.04222372954e-08, 1.61733844095e-08, 2.57019685534e-08, 5.62672664017e-09, 1.35666581969e-07, 6.54502727571e-08, 2.22934577465e-08, 2.19167102244e-08, 2.73721894928e-07, 2.26518963586e-07, 3.07814538303e-08, 8.85568951503e-09, 4.29823066028e-09, 3.95529475838e-08, 8.04510680297e-09, 5.08020869816e-09, 9.69643831894e-09, 1.13265121726e-08, 5.57946755464e-09, 6.7706449336e-09],
        "median": [5.49034393771e-06, 6.32405044598e-06, 2.82413293462e-06, 1.8952746359e-06, 5.53259860681e-06, 1.19112701213e-06, 3.71067983451e-07, 2.60756678472e-07, 0.00130130373873, 0.00220068823546, 3.47348304786e-07, 3.20146938293e-07, 1.96298287847e-07, 1.15318627536e-07, 3.31765772899e-06, 1.8934849777e-06, 3.51297018142e-08, 2.25269989329e-08, 2.01050488613e-06, 1.66655468092e-06, 7.08937308858e-09, 9.50835854496e-09, 1.00955714899e-08, 3.68559605057e-09, 9.6214520795e-09, 1.18206546773e-08, 6.7776784185e-09, 6.3975655884e-09, 7.48413775398e-09, 4.79414907772e-09, 2.98225888429e-09, 2.11907225101e-09, 1.9325534506e-09, 1.9411245944e-09, 1.65236901939e-09, 1.46068424023e-09, 1.23656795914e-09, 1.27101973391e-09, 1.12729969803e-09, 1.06465480876e-09],
        "min": [9.22997500652e-08, 4.596523695e-08, 2.38236932404e-08, 1.1598774563e-07, 2.12310979464e-07, 9.91398962924e-08, 6.14895512285e-08, 6.0246634348e-08, 4.34204793009e-07, 4.44321386794e-07, 5.86187098861e-08, 2.13070752153e-08, 3.40241834706e-09, 2.16619655546e-09, 4.29995328233e-09, 1.45306211508e-09, 1.53479406961e-09, 3.03108782518e-09, 1.85704216449e-08, 1.19450858094e-08, 9.8525376746e-10, 4.03922006953e-10, 6.36603048054e-10, 2.55250487413e-10, 4.56841314778e-10, 4.10942946338e-10, 6.83082868047e-10, 7.58623386332e-10, 3.28947147299e-10, 1.6105128342e-10, 2.00901434377e-10, 1.623599033e-10, 1.39395314736e-10, 8.09729297502e-11, 1.44689885073e-10, 4.14325934672e-11, 4.3807454192e-11, 6.1263924489e-11, 4.1037319376e-11, 8.25290738526e-11],
        "var": [5.25007190499e-11, 5.90684237634e-11, 1.03159555551e-11, 4.39764717697e-12, 3.56729125406e-11, 4.15929617137e-12, 7.63574273255e-12, 5.2658693378e-11, 3.20267372445e-06, 7.98244400357e-06, 4.4849496339e-10, 6.0754117015e-11, 9.70810411227e-12, 8.44550937431e-13, 9.97795457369e-11, 3.47974843384e-11, 2.53885860902e-14, 3.62504393975e-15, 4.75790370644e-12, 3.61070526776e-12, 6.20783194323e-16, 7.5904242354e-16, 2.40392079716e-15, 1.28943150581e-16, 6.85114129057e-14, 1.36359709128e-14, 2.80530726449e-15, 2.48777536488e-15, 1.02115050356e-12, 6.98386118901e-13, 5.98866650917e-15, 3.09053443924e-16, 4.99676018329e-17, 1.81116159261e-14, 5.29219091544e-16, 1.79905284899e-16, 1.16547286619e-15, 1.91665492986e-15, 3.7351018952e-16, 7.41778303888e-16]
    },
    "mfcc": {
        "mean": [-892.983581543, 158.017974854, 6.02334737778, -11.6016521454, -18.7602787018, -1.07054936886, -1.62209403515, -3.64719796181, 24.2048778534, 33.6488685608, 9.48581123352, -3.84603953362, -10.0336780548],
        "cov": [[1707.34387207, -603.660827637, -234.393066406, -255.332778931, -676.56829834, -78.2863082886, 279.109100342, 94.4523239136, 157.864776611, 150.207015991, 66.5931243896, 97.2543182373, -191.848403931], [-603.660827637, 611.04309082, 44.7398033142, 64.978553772, 449.838775635, 25.098531723, -162.06137085, -106.255905151, -96.7066421509, -42.1461715698, 6.68656778336, -18.7412128448, 90.6529541016], [-234.393066406, 44.7398033142, 183.300720215, 20.7366657257, 148.999557495, 66.5495376587, -21.8564319611, 8.40140151978, -57.8509597778, -98.5276184082, -91.7583999634, -25.2144088745, 79.8889083862], [-255.332778931, 64.978553772, 20.7366657257, 119.714836121, 87.5867462158, -7.58366107941, -39.18334198, -5.53849601746, -11.1470899582, 2.16544103622, 16.5187110901, -21.7911338806, 18.788356781], [-676.56829834, 449.838775635, 148.999557495, 87.5867462158, 499.380279541, 42.2383880615, -164.963973999, -72.3701858521, -117.423324585, -106.322982788, -61.009765625, -38.4876441956, 121.663215637], [-78.2863082886, 25.098531723, 66.5495376587, -7.58366107941, 42.2383880615, 83.1197128296, 6.91291713715, 16.2523136139, -2.27854418755, -28.8476924896, -35.4216346741, -9.93783950806, 33.0274848938], [279.109100342, -162.06137085, -21.8564319611, -39.18334198, -164.963973999, 6.91291713715, 110.463386536, 35.363483429, 29.6846313477, 15.0099096298, -11.5446128845, 17.282491684, -34.1067352295], [94.4523239136, -106.255905151, 8.40140151978, -5.53849601746, -72.3701858521, 16.2523136139, 35.363483429, 57.7693252563, 28.7951927185, 4.1604180336, -0.930423617363, -7.8120303154, -8.72606182098], [157.864776611, -96.7066421509, -57.8509597778, -11.1470899582, -117.423324585, -2.27854418755, 29.6846313477, 28.7951927185, 66.5771865845, 53.7970695496, 27.0555152893, 8.6634683609, -36.4482040405], [150.207015991, -42.1461715698, -98.5276184082, 2.16544103622, -106.322982788, -28.8476924896, 15.0099096298, 4.1604180336, 53.7970695496, 102.270637512, 77.0576248169, 13.4484081268, -50.4171638489], [66.5931243896, 6.68656778336, -91.7583999634, 16.5187110901, -61.009765625, -35.4216346741, -11.5446128845, -0.930423617363, 27.0555152893, 77.0576248169, 106.278274536, 14.2733736038, -40.9876365662], [97.2543182373, -18.7412128448, -25.2144088745, -21.7911338806, -38.4876441956, -9.93783950806, 17.282491684, -7.8120303154, 8.6634683609, 13.4484081268, 14.2733736038, 43.3217697144, -10.6768188477], [-191.848403931, 90.6529541016, 79.8889083862, 18.788356781, 121.663215637, 33.0274848938, -34.1067352295, -8.72606182098, -36.4482040405, -50.4171638489, -40.9876365662, -10.6768188477, 71.7958679199]],
