{
"lowlevel": {
    "average_loudness": 0.988351881504,
    "barkbands_crest": {
        "dmean": 2.2437889576,
        "dmean2": 3.31505346298,
        "dvar": 7.520403862,
        "dvar2": 19.3288230896,
        "max": 26.5056552887,
        "mean": 17.2410106659,
        "median": 16.7875518799,
        "min": 6.76845932007,
        "var": 16.5784339905
    },
    "barkbands_flatness_db": {
        "dmean": 0.0305366460234,
        "dmean2": 0.0394909866154,
        "dvar": 0.00117846101057,
        "dvar2": 0.0026586826425,
        "max": 0.48120456934,
        "mean": 0.326029896736,
        "median": 0.356341987848,
        "min": 0.0523194409907,
        "var": 0.0070859384723
    },
    "barkbands_kurtosis": {
        "dmean": 12.80078125,
        "dmean2": 19.8024406433,
        "dvar": 378.911499023,
        "dvar2": 851.803710938,
        "max": 144.461502075,
        "mean": 22.7846050262,
        "median": 14.9975566864,
        "min": -1.70562064648,
        "var": 679.997497559
    },
    "barkbands_skewness": {
        "dmean": 0.929358780384,
        "dmean2": 1.44631052017,
        "dvar": 1.07389557362,
        "dvar2": 3.13078141212,
        "max": 7.66498851776,
        "mean": 1.28192925453,
        "median": 0.446702301502,
        "min": -2.84986686707,
        "var": 8.86527347565
    },
    "barkbands_spread": {
        "dmean": 3.34343028069,
        "dmean2": 5.50146198273,
        "dvar": 136.458267212,
        "dvar2": 368.249572754,
        "max": 103.892875671,
        "mean": 4.80474042892,
        "median": 3.36147475243,
        "min": 0.529371857643,
        "var": 103.125923157
    },
    "dissonance": {
        "dmean": 0.0626577585936,
        "dmean2": 0.101695246994,
        "dvar": 0.00350954174064,
        "dvar2": 0.010116957128,
        "max": 0.497655004263,
        "mean": 0.29943099618,
        "median": 0.26662582159,
        "min": 0.121241874993,
        "var": 0.0123711386696
    },
    "dynamic_complexity": 5.99382066727,
    "erbbands_crest": {
        "dmean": 1.94563758373,
        "dmean2": 2.6828763485,
        "dvar": 7.93813180923,
        "dvar2": 17.4049434662,
        "max": 31.7819099426,
        "mean": 20.5716247559,
        "median": 22.8366374969,
        "min": 3.87251567841,
        "var": 29.7193317413
    },
    "erbbands_flatness_db": {
        "dmean": 0.0236173588783,
        "dmean2": 0.0282561592758,
        "dvar": 0.000781217298936,
        "dvar2": 0.00134182325564,
        "max": 0.507349669933,
        "mean": 0.335392892361,
        "median": 0.387913912535,
        "min": 0.0676409304142,
        "var": 0.0136269405484
    },
    "erbbands_kurtosis": {
        "dmean": 11.5701684952,
        "dmean2": 15.7185926437,
        "dvar": 271.343719482,
        "dvar2": 478.68963623,
        "max": 162.773269653,
        "mean": 24.9732532501,
        "median": 19.6867637634,
        "min": -0.656206846237,
        "var": 525.911254883
    },
    "erbbands_skewness": {
        "dmean": 1.04202067852,
        "dmean2": 1.53297066689,
        "dvar": 1.42795348167,
        "dvar2": 3.12329912186,
        "max": 10.3610315323,
        "mean": 1.53159153461,
        "median": 1.73642671108,
        "min": -2.92952227592,
        "var": 6.95808792114
    },
    "erbbands_spread": {
        "dmean": 2.80383753777,
        "dmean2": 4.2975897789,
        "dvar": 32.7956962585,
        "dvar2": 71.4586181641,
        "max": 60.0754165649,
        "mean": 7.83446407318,
        "median": 2.76097536087,
        "min": 0.825239181519,
        "var": 120.345039368
    },
    "hfc": {
        "dmean": 4.02690887451,
        "dmean2": 6.52912139893,
        "dvar": 135.478363037,
        "dvar2": 376.69631958,
        "max": 96.6624984741,
        "mean": 11.3980827332,
        "median": 8.0520772934,
        "min": 0.0247124731541,
        "var": 186.576751709
    },
    "melbands_crest": {
        "dmean": 3.2032585144,
        "dmean2": 4.92602539062,
        "dvar": 10.6168985367,
        "dvar2": 28.432100296,
        "max": 30.9620876312,
        "mean": 22.4679260254,
        "median": 21.9714412689,
        "min": 9.81286239624,
        "var": 24.3111495972
    },
    "melbands_flatness_db": {
        "dmean": 0.0318723730743,
        "dmean2": 0.0423088185489,
        "dvar": 0.00149764469825,
        "dvar2": 0.00358927692287,
        "max": 0.558447182178,
        "mean": 0.428404033184,
        "median": 0.45663484931,
        "min": 0.123453706503,
        "var": 0.00766017474234
    },
    "melbands_kurtosis": {
        "dmean": 11.6470041275,
        "dmean2": 18.3052616119,
        "dvar": 262.192962646,
        "dvar2": 619.28717041,
        "max": 94.4816665649,
        "mean": 19.3229007721,
        "median": 12.4130620956,
        "min": -1.67227935791,
        "var": 525.101318359
    },
    "melbands_skewness": {
        "dmean": 0.838530600071,
        "dmean2": 1.28307747841,
        "dvar": 0.708167016506,
        "dvar2": 1.76439058781,
        "max": 6.10255146027,
        "mean": 0.823788583279,
        "median": -0.0436230376363,
        "min": -3.30170798302,
        "var": 5.4119977951
    },
    "melbands_spread": {
        "dmean": 2.64120531082,
        "dmean2": 4.27281808853,
        "dvar": 35.6114120483,
        "dvar2": 97.742225647,
        "max": 52.4966011047,
        "mean": 5.74226284027,
        "median": 4.05953264236,
        "min": 0.624325573444,
        "var": 32.865978241
    },
    "pitch_salience": {
        "dmean": 0.0798678323627,
        "dmean2": 0.119348853827,
        "dvar": 0.00697295134887,
        "dvar2": 0.0156067209318,
        "max": 0.766766250134,
        "mean": 0.310396611691,
        "median": 0.312774538994,
        "min": 0.0706801563501,
        "var": 0.0170263461769
    },
    "silence_rate_20dB": {
        "dmean": 0,
        "dmean2": 0,
        "dvar": 0,
        "dvar2": 0,
        "max": 1,
        "mean": 1,
        "median": 1,
        "min": 1,
        "var": 0
    },
    "silence_rate_30dB": {
        "dmean": 0,
        "dmean2": 0,
        "dvar": 0,
        "dvar2": 0,
        "max": 1,
        "mean": 1,
        "median": 1,
        "min": 1,
        "var": 0
    },
    "silence_rate_60dB": {
        "dmean": 0.0166666675359,
        "dmean2": 0.0336134470999,
        "dvar": 0.0163888726383,
        "dvar2": 0.0324835851789,
        "max": 1,
        "mean": 0.198347106576,
        "median": 0,
        "min": 0,
        "var": 0.15900555253
    },
    "spectral_centroid": {
        "dmean": 78.2585220337,
        "dmean2": 127.277862549,
        "dvar": 72300.6953125,
        "dvar2": 189577.09375,
        "max": 2882.78393555,
        "mean": 635.143127441,
        "median": 607.516418457,
        "min": 223.94442749,
        "var": 80488.90625
    },
    "spectral_complexity": {
        "dmean": 1.35833334923,
        "dmean2": 2.39495801926,
        "dvar": 5.77994012833,
        "dvar2": 12.2221698761,
        "max": 19,
        "mean": 4,
        "median": 4,
        "min": 0,
        "var": 9.90082645416
    },
    "spectral_decrease": {
        "dmean": 9.64989976815e-10,
        "dmean2": 1.27308996678e-09,
        "dvar": 1.94288492469e-18,
        "dvar2": 2.69066860615e-18,
        "max": -1.23411879674e-11,
        "mean": -4.01178246179e-09,
        "median": -3.17208903589e-09,
        "min": -1.72941287957e-08,
        "var": 1.5355261422e-17
    },
    "spectral_energy": {
        "dmean": 0.00396760459989,
        "dmean2": 0.00538255879655,
        "dvar": 3.51244998456e-05,
        "dvar2": 5.48498755961e-05,
        "max": 0.0693113729358,
        "mean": 0.016175178811,
        "median": 0.0126436315477,
        "min": 4.88200057589e-05,
        "var": 0.000249664037256
    },
    "spectral_energyband_high": {
        "dmean": 0.000165718200151,
        "dmean2": 0.000310407835059,
        "dvar": 8.18962860194e-07,
        "dvar2": 2.37547146753e-06,
        "max": 0.0071886209771,
        "mean": 0.0001066353434,
        "median": 1.02441265426e-06,
        "min": 5.28465093907e-08,
        "var": 4.83194526169e-07
    },
    "spectral_energyband_low": {
        "dmean": 0.000224543429795,
        "dmean2": 0.000361612415873,
        "dvar": 8.57669846255e-08,
        "dvar2": 2.51840873489e-07,
        "max": 0.00261102127843,
        "mean": 0.000515563006047,
        "median": 0.000240270295762,
        "min": 8.80691459315e-06,
        "var": 3.76051673356e-07
    },
    "spectral_energyband_middle_high": {
        "dmean": 0.000826088536996,
        "dmean2": 0.00133380910847,
        "dvar": 7.23312859918e-06,
        "dvar2": 1.77088240889e-05,
        "max": 0.0231821686029,
        "mean": 0.00156906386837,
        "median": 0.000119252224977,
        "min": 1.32426839627e-06,
        "var": 1.43697288877e-05
    },
    "spectral_energyband_middle_low": {
        "dmean": 0.00341529445723,
        "dmean2": 0.00421793898568,
        "dvar": 2.68588446488e-05,
        "dvar2": 3.10295399686e-05,
        "max": 0.0668781548738,
        "mean": 0.0140870949253,
        "median": 0.00895720627159,
        "min": 2.80064450635e-05,
        "var": 0.000235315659666
    },
    "spectral_entropy": {
        "dmean": 0.277246654034,
        "dmean2": 0.360605806112,
        "dvar": 0.111838467419,
        "dvar2": 0.206837266684,
        "max": 8.68203544617,
        "mean": 5.49692249298,
        "median": 4.98779821396,
        "min": 3.89433574677,
        "var": 1.11516833305
    },
    "spectral_flux": {
        "dmean": 0.0151886064559,
        "dmean2": 0.0260943993926,
        "dvar": 0.000400592602091,
        "dvar2": 0.000883773143869,
        "max": 0.168102800846,
        "mean": 0.032623693347,
        "median": 0.0213320162147,
        "min": 0.0044243610464,
        "var": 0.000853828212712
    },
    "spectral_kurtosis": {
        "dmean": 8.99293994904,
        "dmean2": 14.2895536423,
        "dvar": 115.943405151,
        "dvar2": 339.319396973,
        "max": 93.1017227173,
        "mean": 33.6952323914,
        "median": 32.9196586609,
        "min": 1.01393318176,
        "var": 499.877349854
    },
    "spectral_rms": {
        "dmean": 0.000485181430122,
        "dmean2": 0.000665716070216,
        "dvar": 4.58891747712e-07,
        "dvar2": 8.231298807e-07,
        "max": 0.00822318997234,
        "mean": 0.00343637308106,
        "median": 0.00351215759292,
        "min": 0.000218241315451,
        "var": 3.97200074076e-06
    },
    "spectral_rolloff": {
        "dmean": 262.166748047,
        "dmean2": 419.62588501,
        "dvar": 1753424.375,
        "dvar2": 4137008.5,
        "max": 12338.5253906,
        "mean": 755.440856934,
        "median": 624.462890625,
        "min": 86.1328125,
        "var": 1495248.875
    },
    "spectral_skewness": {
        "dmean": 0.609100341797,
        "dmean2": 0.9467882514,
        "dvar": 0.412155300379,
        "dvar2": 1.17718267441,
        "max": 7.72670841217,
        "mean": 4.46937847137,
        "median": 4.77325344086,
        "min": 1.18540477753,
        "var": 2.64399814606
    },
    "spectral_spread": {
        "dmean": 645004.0625,
        "dmean2": 913341.125,
        "dvar": 1.86926117683e+12,
        "dvar2": 2.0040426455e+12,
        "max": 17666604,
        "mean": 3270971.75,
        "median": 2110728,
        "min": 871437.25,
        "var": 6.51908926669e+12
    },
    "spectral_strongpeak": {
        "dmean": 0.427225410938,
        "dmean2": 0.587475240231,
        "dvar": 0.374273300171,
        "dvar2": 0.757263958454,
        "max": 6.39093112946,
        "mean": 2.46427369118,
        "median": 2.40427708626,
        "min": 0.0103276697919,
        "var": 2.81660985947
    },
    "zerocrossingrate": {
        "dmean": 0.00424804678187,
        "dmean2": 0.00629841769114,
        "dvar": 7.35505818739e-05,
        "dvar2": 0.000129156236653,
        "max": 0.1103515625,
        "mean": 0.0335501693189,
        "median": 0.0283203125,
        "min": 0.0068359375,
        "var": 0.000225167212193
    },
    "barkbands": {
        "dmean": [3.67046391148e-06, 8.73937169672e-05, 0.000146035614307, 9.88121464616e-05, 0.000387372390833, 0.000116781702673, 3.39965481544e-05, 0.000834128295537, 0.00243447860703, 0.000613139185589, 6.87494466547e-05, 0.000106480925751, 6.76958661643e-05, 2.86982285616e-05, 3.60069752787e-05, 1.79424580438e-06, 3.02657354041e-05, 9.14810755148e-07, 5.96671361563e-06, 1.44176410686e-05, 1.1937169802e-05, 1.81929081009e-05, 5.04561467096e-06, 1.54108383867e-05, 3.37565252266e-05, 5.49317483092e-05, 1.96206328837e-05],
        "dmean2": [5.89873206991e-06, 0.000146292382851, 0.000231220197747, 0.000163043368957, 0.000647340202704, 0.000211974329432, 5.45076181879e-05, 0.0008903471753, 0.00284811574966, 0.0010854563443, 0.000127400737256, 0.000140916919918, 7.82318456913e-05, 5.11380567332e-05, 5.31177465746e-05, 3.25403175339e-06, 3.92272049794e-05, 1.70225348484e-06, 1.14302656584e-05, 2.66839288088e-05, 1.98862489924e-05, 3.57093049388e-05, 8.86386169441e-06, 2.81231805275e-05, 6.3539846451e-05, 0.000103624326584, 3.77007963834e-05],
        "dvar": [3.03421801573e-11, 1.25953549812e-08, 3.87251688494e-08, 3.60093572738e-08, 6.52950120639e-07, 2.34566940094e-07, 9.69200986134e-09, 3.08109360958e-06, 1.55147827172e-05, 5.17992839377e-06, 1.55501155064e-07, 1.0972399167e-07, 3.06493213031e-08, 2.41027855452e-08, 2.07773016569e-08, 4.43460476673e-11, 9.71219460411e-09, 1.28779530442e-11, 9.45380440598e-10, 5.37069100304e-09, 3.96725274854e-09, 1.55989017259e-08, 7.21268933468e-10, 5.25147614283e-09, 3.39434897967e-08, 1.02709783789e-07, 1.16081277923e-08],
        "dvar2": [6.99755670075e-11, 3.54827172089e-08, 1.08480428196e-07, 8.58574225049e-08, 1.46560307712e-06, 6.92190212703e-07, 2.43197622041e-08, 2.84543830276e-06, 1.95391585294e-05, 1.27157281895e-05, 4.36440870999e-07, 1.99336184892e-07, 3.99315354116e-08, 6.73290614372e-08, 3.74810404935e-08, 1.24727811412e-10, 1.15198277584e-08, 3.63434733697e-11, 2.84215140312e-09, 1.5196931713e-08, 1.03746238267e-08, 4.65080773893e-08, 2.00266336847e-09, 1.48046916948e-08, 9.83730146231e-08, 2.99226911693e-07, 3.36460281858e-08],
        "max": [4.2468556785e-05, 0.000753403699491, 0.0020618820563, 0.00108266947791, 0.0054385853, 0.00383883086033, 0.00087773258565, 0.024841491133, 0.043198954314, 0.0183071773499, 0.0036874958314, 0.00412278110161, 0.00265954248607, 0.00136326497886, 0.00142642809078, 4.37912276539e-05, 0.00123530940618, 2.52338122664e-05, 0.000254061451415, 0.000569527910557, 0.000591117015574, 0.000998111907393, 0.000242784197326, 0.000445831014076, 0.00144199468195, 0.00261239265092, 0.00082761439262],
        "mean": [3.93279515265e-06, 0.000123880279716, 0.000367395550711, 9.83767604339e-05, 0.000395796843804, 0.00010499736527, 3.66707572539e-05, 0.00318011525087, 0.0101661654189, 0.000983628095128, 8.45459871925e-05, 0.000210520331166, 0.000168340877281, 2.334184137e-05, 5.75712074351e-05, 1.44134094171e-06, 4.98757144669e-05, 7.73167073476e-07, 5.02999091623e-06, 1.21769489851e-05, 1.09321426862e-05, 1.04307191577e-05, 4.38716188e-06, 1.00254974313e-05, 2.03057261388e-05, 3.30924558511e-05, 1.12566267489e-05],
        "median": [2.09841846299e-06, 8.31079669297e-05, 9.16827775654e-05, 2.37033418671e-05, 4.04820711992e-05, 2.81981265289e-05, 1.0296093933e-05, 0.00154830911197, 0.00727974064648, 4.61768877358e-06, 1.47604202994e-06, 2.76810897049e-05, 9.71843110165e-06, 2.29669495866e-07, 7.78007745339e-07, 1.99522716571e-07, 2.09883569369e-06, 9.18840612485e-08, 1.48135029576e-07, 3.36737429052e-07, 1.20722262409e-07, 6.6056088599e-08, 7.22673547671e-08, 7.8889108579e-08, 9.68914122268e-08, 1.44446715922e-07, 3.82372292052e-07],
        "min": [3.24206403945e-08, 2.09732456824e-06, 6.24280431794e-08, 3.19442619912e-07, 4.53397035471e-07, 1.19623121009e-06, 5.56004181362e-07, 5.92855087689e-07, 2.99969855178e-07, 3.38778818332e-07, 7.5248919984e-08, 8.39748253156e-08, 3.4165157814e-08, 4.19390318029e-08, 2.14020747791e-08, 2.64012740558e-08, 2.13626787371e-08, 1.18665521853e-08, 5.57191981443e-09, 6.77170763907e-09, 9.06563002445e-09, 5.33339328257e-09, 4.54011450657e-09, 3.34392913359e-09, 5.6974456264e-09, 5.50791234843e-09, 1.46340761731e-08],
        "var": [3.48149287177e-11, 1.58515884863e-08, 2.81849196426e-07, 4.40536496171e-08, 8.51650725053e-07, 1.34766395377e-07, 8.53200621265e-09, 2.69466272584e-05, 0.000123449994135, 1.04402788565e-05, 1.51471894583e-07, 3.17214130519e-07, 2.05790954055e-07, 1.90056042015e-08, 4.20308623461e-08, 2.88197382625e-11, 3.13756878256e-08, 9.3505906143e-12, 6.25644869245e-10, 3.46356543446e-09, 3.57886920099e-09, 8.1902493676e-09, 5.69658042959e-10, 3.29601634874e-09, 1.94210212356e-08, 5.92657904974e-08, 6.52456444428e-09]
    },
    "erbbands": {
        "dmean": [0.00191418093164, 0.024392478168, 0.146322563291, 0.216255962849, 1.48132646084, 0.848661065102, 0.627932846546, 0.874415099621, 0.631537556648, 1.16961503029, 47.2847290039, 45.0273513794, 15.0667467117, 13.091632843, 1.91426694393, 4.2604341507, 4.15444755554, 0.849040567875, 1.58208918571, 1.43366479874, 0.242619782686, 2.04445576668, 0.161770284176, 0.238539129496, 0.358756661415, 0.704832017422, 0.282819420099, 0.640957593918, 0.97856926918, 0.246180951595, 0.116063728929, 0.245891273022, 0.320436090231, 0.19465585053, 0.323273450136, 0.318644821644, 0.0872307345271, 0.0197086986154, 0.0025738379918, 0.000196514592972],
        "dmean2": [0.00331334094517, 0.0410655662417, 0.236460670829, 0.342191070318, 2.32450032234, 1.56382846832, 1.22692394257, 1.53666651249, 1.00757467747, 1.61267364025, 50.362903595, 54.7305641174, 26.5932388306, 24.2807254791, 3.53850007057, 5.45627832413, 4.88944005966, 1.46986293793, 2.48146080971, 2.06729340553, 0.364814430475, 2.60729026794, 0.24864295125, 0.443730682135, 0.647076308727, 1.32265114784, 0.491990953684, 1.09195303917, 1.92517113686, 0.459888488054, 0.210539087653, 0.434062451124, 0.601423799992, 0.353364616632, 0.617881596088, 0.614603757858, 0.162747919559, 0.0368768833578, 0.00487489439547, 0.000377642601961],
        "dvar": [8.53371784615e-06, 0.000924590101931, 0.0371590107679, 0.120728164911, 9.59425449371, 3.5608932972, 7.14940452576, 12.7566633224, 2.45839977264, 6.46855449677, 7542.86914062, 6119.17480469, 2855.08496094, 2439.86254883, 88.1274185181, 150.000442505, 75.9057922363, 17.3088054657, 29.5339126587, 30.6708278656, 0.631741523743, 44.961933136, 0.214295461774, 1.09388768673, 2.44052624702, 18.5777854919, 2.09703874588, 12.0168275833, 45.7420310974, 2.13369774818, 0.39481779933, 1.33008742332, 2.52955245972, 0.939907193184, 3.40845012665, 4.02008962631, 0.221355810761, 0.00928497780114, 0.000202785042347, 1.16867170163e-06],
        "dvar2": [2.36563028011e-05, 0.00262757833116, 0.103452727199, 0.336526691914, 19.6239624023, 9.48037338257, 21.2471599579, 37.4102325439, 6.17877912521, 12.5344676971, 6658.23388672, 8345.67089844, 7246.57763672, 6291.68994141, 240.40763855, 274.726531982, 108.101921082, 48.9413642883, 72.2326889038, 62.1687698364, 0.996858656406, 52.9519195557, 0.430404692888, 3.23715662956, 6.09322404861, 54.629940033, 5.84280204773, 31.9693775177, 136.352310181, 6.13031816483, 1.12386906147, 3.5801897049, 7.28666210175, 2.66517615318, 9.94543266296, 11.7947769165, 0.641829252243, 0.0266840718687, 0.000585312955081, 3.40551446243e-06],
        "max": [0.0189228598028, 0.211158767343, 1.92451143265, 2.27456355095, 24.9474983215, 10.2610998154, 20.4592666626, 28.7010307312, 11.732840538, 27.2114257812, 1215.54956055, 908.309143066, 442.984680176, 438.370300293, 86.9949493408, 153.190765381, 121.16368866, 36.7033119202, 41.2661590576, 55.4885063171, 8.50740528107, 84.8341369629, 4.491502285, 8.69549560547, 10.4416246414, 35.3069076538, 12.6746244431, 32.1837425232, 54.2182998657, 12.7945461273, 5.34365558624, 9.1432352066, 11.1434392929, 7.73247766495, 14.445895195, 16.1586284637, 3.74790763855, 0.657301485538, 0.111982703209, 0.00831818394363],
        "mean": [0.00225460948423, 0.0394110381603, 0.363318681717, 0.352994501591, 1.51183128357, 0.811329543591, 0.441089808941, 0.848225057125, 0.86592566967, 4.56690835953, 198.458465576, 178.370422363, 26.2337188721, 20.5004291534, 2.68266248703, 8.88273906708, 10.1759901047, 0.939691364765, 1.94914519787, 2.15704441071, 0.422876566648, 3.37203741074, 0.219932749867, 0.231182932854, 0.385882228613, 0.501104652882, 0.232011348009, 0.571192741394, 0.561712384224, 0.191722139716, 0.0892520695925, 0.177907511592, 0.194016993046, 0.127284184098, 0.187317445874, 0.179177641869, 0.0534570924938, 0.0127689307556, 0.00151862413622, 0.000128807208966],
        "median": [0.00134121708106, 0.0257579609752, 0.0970865339041, 0.120506450534, 0.155541241169, 0.129459366202, 0.077914737165, 0.245384499431, 0.314290434122, 2.83393645287, 134.71031189, 120.062606812, 4.3664021492, 0.351128429174, 0.144392743707, 2.14065742493, 1.20687222481, 0.0608615577221, 0.0302352160215, 0.0358529984951, 0.0489796809852, 0.121359191835, 0.0200219750404, 0.0102839134634, 0.015040371567, 0.011465200223, 0.00637638056651, 0.00407979916781, 0.00243462692015, 0.00237413798459, 0.00195199437439, 0.0016315896064, 0.00130944873672, 0.000983843929134, 0.00077373458771, 0.000479228474433, 0.000282721477561, 0.000135111884447, 5.2759754908e-05, 2.07106550079e-05],
        "min": [7.49712708057e-05, 0.00079143687617, 0.00123775971588, 0.0019489248516, 0.00264065340161, 0.0013075589668, 0.00565934320912, 0.0159793905914, 0.0183662623167, 0.013509969227, 0.0166988205165, 0.00818605069071, 0.0100783575326, 0.00328068784438, 0.00498217530549, 0.0040886211209, 0.00233291182667, 0.00180370546877, 0.00160968408454, 0.00145249662455, 0.00122921343427, 0.00125949631911, 0.000706997292582, 0.00039728693082, 0.000303433334921, 0.000261105713435, 0.00038098442019, 0.000350284768501, 0.000161194679094, 0.000210746322409, 0.000112042325782, 5.60647713428e-05, 7.07026556483e-05, 6.86994681018e-05, 3.44549807778e-05, 1.95267766685e-05, 1.15010434456e-05, 7.44155977372e-06, 3.44114005202e-06, 2.4306845603e-07],
        "var": [8.2039832705e-06, 0.00152289797552, 0.249936029315, 0.240581259131, 14.0833282471, 3.23919224739, 3.78797984123, 7.76712703705, 2.74030566216, 37.3775367737, 68245.8125, 47062.6289062, 4626.28027344, 4631.53271484, 103.569023132, 418.857330322, 455.648468018, 12.7996549606, 37.1980285645, 52.9633331299, 1.74258208275, 145.072418213, 0.450033009052, 0.858839571476, 2.2589571476, 10.5545520782, 1.50911450386, 10.3506784439, 24.1800060272, 1.4491468668, 0.260956794024, 0.96563243866, 1.46660876274, 0.596243083477, 1.88441312313, 2.20063066483, 0.129750907421, 0.00565730407834, 0.00011566052126, 6.46841840535e-07]
    },
    "gfcc": {
        "mean": [-188.426528931, 124.466766357, -80.4291687012, -31.2026443481, -54.8724441528, -0.356076270342, -8.03584957123, 18.7459468842, -6.74887800217, -0.965019464493, -22.4843273163, -21.1951770782, -20.2761154175],
        "cov": [[6032.90185547, -1213.46044922, -2316.23583984, -1085.79321289, -692.808654785, 230.265380859, -41.0955200195, 191.943878174, -474.741027832, -374.279724121, -590.508666992, -285.10043335, 47.7056388855], [-1213.46044922, 2308.50341797, 321.123718262, -328.478881836, 46.1761550903, -643.80090332, 15.995256424, 82.7624588013, 365.128479004, -198.710617065, 11.7692832947, -449.105377197, -480.896820068], [-2316.23583984, 321.123718262, 2344.42138672, 813.760009766, 292.688842773, -74.2195587158, -79.6667098999, -202.175231934, -1.49162638187, 160.864318848, 205.203872681, 364.415374756, -125.002105713], [-1085.79321289, -328.478881836, 813.760009766, 541.364440918, 239.177154541, 82.2990722656, -81.1090927124, -146.629241943, -29.8839111328, 160.615325928, 151.647506714, 267.137054443, 122.999679565], [-692.808654785, 46.1761550903, 292.688842773, 239.177154541, 327.49118042, -118.337303162, -103.303436279, -53.1697540283, 47.0794258118, 87.0433120728, 122.523513794, 121.668548584, 28.5706119537], [230.265380859, -643.80090332, -74.2195587158, 82.2990722656, -118.337303162, 363.561584473, 117.801635742, 4.29197502136, -94.4342193604, 56.3387641907, -4.76819038391, 112.758590698, 131.250915527], [-41.0955200195, 15.995256424, -79.6667098999, -81.1090927124, -103.303436279, 117.801635742, 196.12600708, 76.7702636719, 24.6639213562, -12.8540706635, -33.3209457397, -57.6421470642, -34.6779098511], [191.943878174, 82.7624588013, -202.175231934, -146.629241943, -53.1697540283, 4.29197502136, 76.7702636719, 124.322006226, 58.4865684509, -25.3656215668, -40.5599594116, -79.5291748047, -46.765586853], [-474.741027832, 365.128479004, -1.49162638187, -29.8839111328, 47.0794258118, -94.4342193604, 24.6639213562, 58.4865684509, 166.642272949, 23.3853702545, 57.8149681091, -90.0690536499, -56.4302368164], [-374.279724121, -198.710617065, 160.864318848, 160.615325928, 87.0433120728, 56.3387641907, -12.8540706635, -25.3656215668, 23.3853702545, 108.278678894, 76.7634429932, 76.7802429199, 68.6266860962], [-590.508666992, 11.7692832947, 205.203872681, 151.647506714, 122.523513794, -4.76819038391, -33.3209457397, -40.5599594116, 57.8149681091, 76.7634429932, 136.240249634, 69.7371673584, 39.2344474792], [-285.10043335, -449.105377197, 364.415374756, 267.137054443, 121.668548584, 112.758590698, -57.6421470642, -79.5291748047, -90.0690536499, 76.7802429199, 69.7371673584, 240.413467407, 110.142036438], [47.7056388855, -480.896820068, -125.002105713, 122.999679565, 28.5706119537, 131.250915527, -34.6779098511, -46.765586853, -56.4302368164, 68.6266860962, 39.2344474792, 110.142036438, 175.82913208]],
        "icov": [[0.000832596444525, 0.000636866257992, 0.000303167413222, 0.000775363820139, 0.000154198845848, -0.000235630359384, 0.00137381872628, -0.000486490665935, 0.00128101336304, 0.000472387269838, 0.000820457818918, 0.000630063936114, 0.00113046413753], [0.000636866257992, 0.00383858988062, -0.000831492070574, 0.00155878555961, -0.00106313615106, 0.00143888604362, 4.84139964101e-05, 0.00256505934522, -0.00348385190591, 0.00556703703478, -0.000806641008239, 0.00405234005302, 0.00278533576056], [0.000303167413222, -0.000831492070574, 0.00389172439463, -0.00667032971978, 0.0042016482912, 0.00178104650695, 0.000229835146456, -0.00207875715569, 0.0027645281516, -0.0026659022551, -0.000815832754597, -0.00461335247383, 0.00755639048293], [0.000775363820139, 0.00155878555961, -0.00667032971978, 0.0229230318218, -0.00955029111356, -0.00512433378026, 0.000727830687538, 0.010440370068, -0.00613874197006, -0.00204034452327, 0.00589658087119, 0.0013726609759, -0.0117768282071], [0.000154198845848, -0.00106313615106, 0.0042016482912, -0.00955029111356, 0.0139726335183, 0.00745157105848, -1.86289635167e-05, -0.00541971856728, 0.00340971280821, -0.0056497072801, -0.00471415137872, -0.00882902741432, 0.00732235843316], [-0.000235630359384, 0.00143888604362, 0.00178104650695, -0.00512433378026, 0.00745157105848, 0.014284202829, -0.00790690258145, -0.00218912120908, 0.00252859271131, -0.00258095399477, -0.00415926426649, -0.00505177816376, 0.000746477686334], [0.00137381872628, 4.84139964101e-05, 0.000229835146456, 0.000727830687538, -1.86289635167e-05, -0.00790690258145, 0.0148748327047, -0.00605459278449, 0.00235977186821, 0.000570366624743, 0.00172727322206, 0.00411389255896, 0.00421483675018], [-0.000486490665935, 0.00256505934522, -0.00207875715569, 0.010440370068, -0.00541971856728, -0.00218912120908, -0.00605459278449, 0.027876932174, -0.0186724271625, 0.0010503862286, 0.00953254569322, -0.00299740443006, 0.000449170882348], [0.00128101336304, -0.00348385190591, 0.0027645281516, -0.00613874197006, 0.00340971280821, 0.00252859271131, 0.00235977186821, -0.0186724271625, 0.0333514288068, -0.0103733157739, -0.0121999951079, 0.00742942327634, 0.00226208847016], [0.000472387269838, 0.00556703703478, -0.0026659022551, -0.00204034452327, -0.0056497072801, -0.00258095399477, 0.000570366624743, 0.0010503862286, -0.0103733157739, 0.0374756939709, -0.00728985201567, 0.0103467544541, -0.00494444882497], [0.000820457818918, -0.000806641008239, -0.000815832754597, 0.00589658087119, -0.00471415137872, -0.00415926426649, 0.00172727322206, 0.00953254569322, -0.0121999951079, -0.00728985201567, 0.0264807790518, -0.00630343938246, -0.00341739994474], [0.000630063936114, 0.00405234005302, -0.00461335247383, 0.0013726609759, -0.00882902741432, -0.00505177816376, 0.00411389255896, -0.00299740443006, 0.00742942327634, 0.0103467544541, -0.00630343938246, 0.0291006695479, -0.00658447807655], [0.00113046413753, 0.00278533576056, 0.00755639048293, -0.0117768282071, 0.00732235843316, 0.000746477686334, 0.00421483675018, 0.000449170882348, 0.00226208847016, -0.00494444882497, -0.00341739994474, -0.00658447807655, 0.0333557166159]]
    },
    "melbands": {
        "dmean": [1.97678618861e-05, 5.95409728703e-05, 7.46846635593e-05, 9.66285442701e-05, 1.9630031602e-05, 2.04084390134e-05, 9.3316548373e-06, 6.60363321003e-06, 0.000524123432115, 0.000236763386056, 8.14293380245e-05, 6.06324792898e-05, 7.43011560189e-06, 4.85761574964e-06, 1.92884654098e-05, 3.50673371941e-06, 1.76870946689e-06, 2.51108735938e-06, 3.56229497811e-06, 4.12387208826e-07, 1.18516098269e-07, 2.67022505795e-06, 3.0953557939e-07, 3.43315029738e-08, 2.04771779977e-07, 2.84439266807e-07, 2.71969753385e-07, 5.7434141354e-07, 1.34413667752e-07, 3.56363045739e-07, 2.7813192105e-07, 4.83487951897e-07, 3.85345316545e-07, 1.04616532326e-07, 5.22349345999e-08, 6.72418778436e-08, 2.01685821821e-07, 2.21413628765e-07, 1.86078622733e-07, 1.43388831475e-07],
        "dmean2": [3.2115054637e-05, 9.70061810222e-05, 0.000111977875349, 0.000165065110195, 3.78789263777e-05, 3.56242089765e-05, 1.47250993905e-05, 1.05958597487e-05, 0.000567661598325, 0.00028962851502, 0.000146297737956, 0.000110640961793, 1.39800185934e-05, 7.01540284354e-06, 2.30601872317e-05, 4.31536727774e-06, 3.26208123624e-06, 4.1777966544e-06, 5.20069579579e-06, 7.33936644792e-07, 2.01819247536e-07, 3.37545270668e-06, 4.80243556922e-07, 6.36033448131e-08, 3.84445655754e-07, 5.30407135102e-07, 4.86459953208e-07, 1.11221527277e-06, 2.48145909154e-07, 5.68903374187e-07, 4.81411348119e-07, 9.55042423811e-07, 7.53183428515e-07, 1.78361943881e-07, 9.5515645171e-08, 1.24154524883e-07, 3.52036636286e-07, 4.15620604599e-07, 3.44879907743e-07, 2.5929668368e-07],
        "dvar": [7.15442205479e-10, 6.1171472332e-09, 1.82439059415e-08, 4.05794438052e-08, 6.00546457008e-09, 6.63902266496e-09, 6.05459904435e-10, 5.04306707505e-10, 8.47318403885e-07, 1.72540921994e-07, 8.84536675017e-08, 5.17632585684e-08, 1.6814776238e-09, 2.07301217858e-10, 2.00182914689e-09, 8.85754317115e-11, 1.04461342354e-10, 1.29191490839e-10, 2.30073571306e-10, 2.57775484985e-12, 1.37040918435e-13, 8.26642088114e-11, 6.46996724859e-13, 1.95701405927e-14, 7.85089929265e-13, 2.24998080063e-12, 1.8640395217e-12, 1.53658873819e-11, 3.82097050397e-13, 3.96832480071e-12, 2.04105178939e-12, 1.14790564207e-11, 6.74477140805e-12, 2.92966280575e-13, 7.65630031705e-14, 1.26086668233e-13, 9.58809312328e-13, 1.1733693444e-12, 8.02312534985e-13, 5.69186570706e-13],
        "dvar2": [2.05089745187e-09, 1.72715246549e-08, 4.19128696194e-08, 9.14791797868e-08, 1.77374523957e-08, 1.9388023631e-08, 1.52966161959e-09, 1.25522514605e-09, 7.8498720768e-07, 2.41134245016e-07, 2.2391964194e-07, 1.27659021132e-07, 4.7209112175e-09, 4.4618481132e-10, 3.47968454051e-09, 1.29706828611e-10, 2.95077184909e-10, 3.52808116055e-10, 4.00895233676e-10, 7.05017901698e-12, 3.57909231766e-13, 9.4858301769e-11, 1.54899986067e-12, 5.53186545237e-14, 2.31479874331e-12, 6.69890618671e-12, 3.62217525939e-12, 4.53628141994e-11, 1.09001414665e-12, 1.01394439719e-11, 5.46275568183e-12, 3.42755615557e-11, 2.00880249934e-11, 7.74019845613e-13, 2.15871808276e-13, 3.62944158235e-13, 2.52368070018e-12, 3.37834968334e-12, 2.29163281233e-12, 1.61211994275e-12],
        "max": [0.000154271197971, 0.000722397933714, 0.00106597342528, 0.00129325699527, 0.000593801494688, 0.00065212987829, 0.000194635722437, 0.000218492859858, 0.0126104867086, 0.00486428150907, 0.00237294775434, 0.00195047038142, 0.000380837125704, 0.00015177539899, 0.000543480389751, 0.000137931521749, 9.00310551515e-05, 9.92317654891e-05, 0.000150049716467, 1.20784188766e-05, 2.54364204011e-06, 0.00011420181545, 7.21995456843e-06, 1.01430066479e-06, 7.4115573625e-06, 1.19839542094e-05, 1.22882192954e-05, 3.22853520629e-05, 4.48007494924e-06, 1.90359332919e-05, 1.31085116664e-05, 2.7064121241e-05, 2.07357279578e-05, 5.20771936863e-06, 2.38464122049e-06, 2.85506303044e-06, 8.40105622046e-06, 7.30481679057e-06, 6.3604479692e-06, 6.30584690953e-06],
        "mean": [2.6602690923e-05, 0.000141897093272, 9.86468512565e-05, 9.93830253719e-05, 1.39180747283e-05, 1.98347370315e-05, 1.13926143968e-05, 1.114812585e-05, 0.00221589859575, 0.000937561504543, 0.000111408538942, 9.82859201031e-05, 9.06231434783e-06, 7.63210391597e-06, 4.49905564892e-05, 8.22099082143e-06, 1.36742858103e-06, 2.49107029049e-06, 5.84123654335e-06, 4.45622646339e-07, 1.22058068541e-07, 4.51098640042e-06, 3.60731178262e-07, 2.82530283613e-08, 1.96757866888e-07, 2.39169594352e-07, 3.6110773749e-07, 3.61571210306e-07, 9.85340307125e-08, 3.36887751473e-07, 2.45455993308e-07, 2.73343630397e-07, 2.21626407892e-07, 1.02159731341e-07, 4.15061371939e-08, 4.89231304357e-08, 1.46533210454e-07, 1.34026379328e-07, 1.15536067824e-07, 9.49419458607e-08],
        "median": [1.74576853169e-05, 4.73093605251e-05, 2.83375502477e-05, 1.05039534901e-05, 2.63589845417e-06, 5.85346560911e-06, 4.04373577112e-06, 3.04262562167e-06, 0.00152675586287, 0.000628167472314, 8.03665045623e-07, 4.15526812958e-07, 1.65831977483e-07, 9.00619625099e-07, 8.14511622593e-06, 1.82210285971e-07, 2.31159535957e-08, 3.27121547627e-08, 6.85579450987e-08, 2.06698320682e-08, 1.36826594499e-08, 1.20558169669e-07, 2.05043413359e-08, 4.13837319968e-09, 6.34631636132e-09, 7.68737073997e-09, 1.28954482648e-08, 4.77257522391e-09, 4.07627709365e-09, 3.02409297603e-09, 2.07808170671e-09, 1.36584088484e-09, 1.28700405888e-09, 1.35813682522e-09, 1.10650422158e-09, 1.01024888455e-09, 9.76614011883e-10, 8.80134243264e-10, 8.99196495041e-10, 8.21096857173e-10],
        "min": [6.09612186508e-07, 1.07948881123e-06, 5.96653535467e-07, 1.0350321844e-07, 8.36040214836e-08, 2.34090066442e-07, 1.93831226625e-07, 8.27393691338e-08, 1.12524674023e-07, 4.64091520769e-08, 4.57254785147e-08, 1.00070565168e-08, 1.32474893277e-08, 1.09681499438e-08, 9.34353927562e-09, 2.63085953023e-09, 3.40694517043e-09, 2.92593727025e-09, 1.79657255739e-09, 1.97506966337e-09, 1.29931065906e-09, 1.43831302424e-09, 6.63244348331e-10, 6.67098487561e-10, 2.71922179218e-10, 2.15722800734e-10, 2.06020325799e-10, 1.58640378611e-10, 2.61037691462e-10, 2.21053772509e-10, 1.91612253841e-10, 8.15806242005e-11, 1.07682460171e-10, 1.17149109857e-10, 6.66179889031e-11, 4.18516644951e-11, 3.20436802093e-11, 3.89264072365e-11, 7.51987916381e-11, 5.05422613484e-11],
        "var": [8.18561107785e-10, 3.34272414193e-08, 2.9698437487e-08, 5.29801056359e-08, 3.25096083387e-09, 4.08683664688e-09, 6.27967344791e-10, 6.67779220809e-10, 7.52029109208e-06, 1.31101967327e-06, 1.39087802609e-07, 1.07105691427e-07, 1.68193947658e-09, 4.17685719345e-10, 7.27902982334e-09, 5.53475099085e-10, 7.57158086229e-11, 1.15099187126e-10, 4.73612871144e-10, 2.05205709196e-12, 1.29687127465e-13, 2.70582667383e-10, 9.81025482204e-13, 1.34954955807e-14, 6.41350796256e-13, 1.38846833336e-12, 2.48164704932e-12, 8.59278186799e-12, 2.33804620629e-13, 3.79029273245e-12, 1.73488773261e-12, 6.01797604804e-12, 3.5410029943e-12, 2.96058479381e-13, 5.26471227724e-14, 7.70122626694e-14, 7.22394366548e-13, 6.78595309285e-13, 4.86934223411e-13, 3.62701405368e-13]
    },
    "mfcc": {
        "mean": [-870.731689453, 178.635421753, 25.8269252777, -3.03551483154, -13.8489522934, -9.28401279449, 4.17012548447, 6.32134151459, 15.3006772995, 15.1376266479, 7.80234050751, 10.1124324799, -3.07241368294],
        "cov": [[6387.60351562, -1199.55529785, -1739.33984375, -1466.34326172, -1051.17419434, -328.944061279, 146.20199585, 125.787025452, 325.771362305, -35.8898544312, -364.1015625, -434.885528564, -665.296447754], [-1199.55529785, 1797.84594727, 373.445922852, 389.830718994, 137.703216553, -414.776733398, -300.804595947, -11.8852415085, -150.847839355, 26.3223075867, 248.922790527, 461.758026123, 109.653076172], [-1739.33984375, 373.445922852, 1077.18505859, 622.724914551, 355.87411499, 179.94380188, -25.7702331543, -63.1570396423, -195.76776123, -104.527122498, 111.608963013, 88.482421875, 193.074462891], [-1466.34326172, 389.830718994, 622.724914551, 563.124389648, 387.673553467, 76.1623382568, -85.0350265503, -84.5540542603, -174.758056641, -87.7913970947, 70.0452346802, 155.676925659, 208.88949585], [-1051.17419434, 137.703216553, 355.87411499, 387.673553467, 377.69744873, 78.9035949707, -63.9575042725, -87.4847717285, -134.388946533, -65.9016876221, 27.1852226257, 107.806182861, 190.033157349], [-328.944061279, -414.776733398, 179.94380188, 76.1623382568, 78.9035949707, 260.884796143, 110.543869019, -4.07877969742, 1.83164596558, -23.0605754852, -26.1119365692, -130.188903809, 35.0043754578], [146.20199585, -300.804595947, -25.7702331543, -85.0350265503, -63.9575042725, 110.543869019, 120.642845154, 49.0219917297, 43.389465332, 8.54296016693, -15.7741136551, -99.8446044922, -37.0555305481], [125.787025452, -11.8852415085, -63.1570396423, -84.5540542603, -87.4847717285, -4.07877969742, 49.0219917297, 87.9827728271, 47.0890617371, 17.8139400482, 30.2984619141, -10.1623735428, -48.2278823853], [325.771362305, -150.847839355, -195.76776123, -174.758056641, -134.388946533, 1.83164596558, 43.389465332, 47.0890617371, 126.279129028, 76.7299041748, -4.27768468857, -34.9356575012, -64.5678253174], [-35.8898544312, 26.3223075867, -104.527122498, -87.7913970947, -65.9016876221, -23.0605754852, 8.54296016693, 17.8139400482, 76.7299041748, 106.811248779, 33.4251251221, 13.840546608, -13.5680046082], [-364.1015625, 248.922790527, 111.608963013, 70.0452346802, 27.1852226257, -26.1119365692, -15.7741136551, 30.2984619141, -4.27768468857, 33.4251251221, 114.6248703, 92.721534729, 30.732624054], [-434.885528564, 461.758026123, 88.482421875, 155.676925659, 107.806182861, -130.188903809, -99.8446044922, -10.1623735428, -34.9356575012, 13.840546608, 92.721534729, 236.181991577, 76.4384231567], [-665.296447754, 109.653076172, 193.074462891, 208.88949585, 190.033157349, 35.0043754578, -37.0555305481, -48.2278823853, -64.5678253174, -13.5680046082, 30.732624054, 76.4384231567, 143.258651733]],
