{
"lowlevel": {
    "average_loudness": 0.978700578213,
    "barkbands_crest": {
        "dmean": 1.21967804432,
        "dmean2": 1.65779221058,
        "dvar": 3.85623669624,
        "dvar2": 8.24809074402,
        "max": 26.9241027832,
        "mean": 22.5672645569,
        "median": 25.9362049103,
        "min": 6.29158878326,
        "var": 31.3773422241
    },
    "barkbands_flatness_db": {
        "dmean": 0.0352772437036,
        "dmean2": 0.0441156737506,
        "dvar": 0.00212696241215,
        "dvar2": 0.00364566920325,
        "max": 0.613046050072,
        "mean": 0.424140363932,
        "median": 0.443370401859,
        "min": 0.080333545804,
        "var": 0.0099789975211
    },
    "barkbands_kurtosis": {
        "dmean": 79.0954589844,
        "dmean2": 141.530609131,
        "dvar": 14519.8720703,
        "dvar2": 44368.953125,
        "max": 1011.70123291,
        "mean": 134.880157471,
        "median": 67.6293029785,
        "min": -1.82466208935,
        "var": 29546.1425781
    },
    "barkbands_skewness": {
        "dmean": 1.26167023182,
        "dmean2": 1.94591403008,
        "dvar": 3.3337893486,
        "dvar2": 7.22155761719,
        "max": 8.13807964325,
        "mean": -4.49929857254,
        "median": -4.23741865158,
        "min": -15.6397686005,
        "var": 23.5943031311
    },
    "barkbands_spread": {
        "dmean": 1.0334982872,
        "dmean2": 1.51972174644,
        "dvar": 10.8430347443,
        "dvar2": 25.8232440948,
        "max": 32.5102462769,
        "mean": 1.76646304131,
        "median": 0.593995451927,
        "min": 0.0485923662782,
        "var": 13.7763710022
    },
    "dissonance": {
        "dmean": 0.101739995182,
        "dmean2": 0.175502851605,
        "dvar": 0.0073420307599,
        "dvar2": 0.0205736942589,
        "max": 0.495306462049,
        "mean": 0.218841522932,
        "median": 0.205071285367,
        "min": 0.0413258336484,
        "var": 0.0131762837991
    },
    "dynamic_complexity": 3.87453579903,
    "erbbands_crest": {
        "dmean": 1.27389860153,
        "dmean2": 1.79530382156,
        "dvar": 5.73027944565,
        "dvar2": 12.6453742981,
        "max": 34.7127990723,
        "mean": 26.3242683411,
        "median": 27.1032810211,
        "min": 9.00517272949,
        "var": 29.0692577362
    },
    "erbbands_flatness_db": {
        "dmean": 0.0323563814163,
        "dmean2": 0.0401709750295,
        "dvar": 0.00189443514682,
        "dvar2": 0.00364526431076,
        "max": 0.658741354942,
        "mean": 0.463416606188,
        "median": 0.481612086296,
        "min": 0.114791870117,
        "var": 0.00965456385165
    },
    "erbbands_kurtosis": {
        "dmean": 13.0037078857,
        "dmean2": 18.777967453,
        "dvar": 584.032287598,
        "dvar2": 1454.17980957,
        "max": 205.558609009,
        "mean": 52.2157821655,
        "median": 47.0824317932,
        "min": -1.64606750011,
        "var": 1925.01647949
    },
    "erbbands_skewness": {
        "dmean": 0.680985867977,
        "dmean2": 1.0993938446,
        "dvar": 0.542765319347,
        "dvar2": 1.23437058926,
        "max": 6.07065343857,
        "mean": 0.838651716709,
        "median": 0.693254351616,
        "min": -2.59839892387,
        "var": 1.82736980915
    },
    "erbbands_spread": {
        "dmean": 0.964525818825,
        "dmean2": 1.44086325169,
        "dvar": 11.7680673599,
        "dvar2": 31.4607830048,
        "max": 33.8794670105,
        "mean": 2.27575325966,
        "median": 0.453399807215,
        "min": 0.15601348877,
        "var": 16.7791938782
    },
    "hfc": {
        "dmean": 3.00452065468,
        "dmean2": 3.92112374306,
        "dvar": 28.06391716,
        "dvar2": 54.5022201538,
        "max": 49.7368888855,
        "mean": 16.2968273163,
        "median": 13.7091207504,
        "min": 0.564503490925,
        "var": 201.870452881
    },
    "melbands_crest": {
        "dmean": 1.48203742504,
        "dmean2": 1.96012830734,
        "dvar": 4.54943656921,
        "dvar2": 9.12809371948,
        "max": 33.8771324158,
        "mean": 25.044549942,
        "median": 26.7342433929,
        "min": 8.28148555756,
        "var": 34.6230621338
    },
    "melbands_flatness_db": {
        "dmean": 0.0346947200596,
        "dmean2": 0.0435063801706,
        "dvar": 0.00251851207577,
        "dvar2": 0.00439234217629,
        "max": 0.704327464104,
        "mean": 0.50226688385,
        "median": 0.521232068539,
        "min": 0.161680266261,
        "var": 0.0105988811702
    },
    "melbands_kurtosis": {
        "dmean": 10.9812440872,
        "dmean2": 17.2944107056,
        "dvar": 175.799514771,
        "dvar2": 374.560150146,
        "max": 124.495681763,
        "mean": 38.5834159851,
        "median": 32.4784240723,
        "min": -1.6277102232,
        "var": 1070.30603027
    },
    "melbands_skewness": {
        "dmean": 0.939917504787,
        "dmean2": 1.35767710209,
        "dvar": 2.03819823265,
        "dvar2": 4.10073852539,
        "max": 7.40075969696,
        "mean": -3.27731847763,
        "median": -4.59094953537,
        "min": -7.52230596542,
        "var": 10.0304546356
    },
    "melbands_spread": {
        "dmean": 1.37480008602,
        "dmean2": 2.12256908417,
        "dvar": 5.95336961746,
        "dvar2": 13.9668884277,
        "max": 21.3583717346,
        "mean": 3.18068933487,
        "median": 1.62360084057,
        "min": 0.214543104172,
        "var": 14.1777362823
    },
    "pitch_salience": {
        "dmean": 0.049560431391,
        "dmean2": 0.0715418085456,
        "dvar": 0.00568514270708,
        "dvar2": 0.010498275049,
        "max": 0.814112186432,
        "mean": 0.215293884277,
        "median": 0.105109810829,
        "min": 0.0272288266569,
        "var": 0.0368188507855
    },
    "silence_rate_20dB": {
        "dmean": 0,
        "dmean2": 0,
        "dvar": 0,
        "dvar2": 0,
        "max": 1,
        "mean": 1,
        "median": 1,
        "min": 1,
        "var": 0
    },
    "silence_rate_30dB": {
        "dmean": 0,
        "dmean2": 0,
        "dvar": 0,
        "dvar2": 0,
        "max": 1,
        "mean": 1,
        "median": 1,
        "min": 1,
        "var": 0
    },
    "silence_rate_60dB": {
        "dmean": 0.0583333335817,
        "dmean2": 0.109243698418,
        "dvar": 0.0549304969609,
        "dvar2": 0.0973095670342,
        "max": 1,
        "mean": 0.132231399417,
        "median": 0,
        "min": 0,
        "var": 0.114746324718
    },
    "spectral_centroid": {
        "dmean": 26.1192035675,
        "dmean2": 35.3485679626,
        "dvar": 4715.38037109,
        "dvar2": 10161.4599609,
        "max": 1293.80859375,
        "mean": 784.049255371,
        "median": 819.062194824,
        "min": 379.1199646,
        "var": 15854.1484375
    },
    "spectral_complexity": {
        "dmean": 0.641666650772,
        "dmean2": 1.15126049519,
        "dvar": 2.91326856613,
        "dvar2": 6.78383779526,
        "max": 16,
        "mean": 2.43801641464,
        "median": 2,
        "min": 1,
        "var": 5.94863462448
    },
    "spectral_decrease": {
        "dmean": 8.59594284641e-10,
        "dmean2": 1.03863928569e-09,
        "dvar": 1.50711800959e-18,
        "dvar2": 2.05725174336e-18,
        "max": -1.3705847568e-10,
        "mean": -4.95850827065e-09,
        "median": -4.1081138491e-09,
        "min": -1.57668917922e-08,
        "var": 1.94186323256e-17
    },
    "spectral_energy": {
        "dmean": 0.00350781902671,
        "dmean2": 0.00427497085184,
        "dvar": 2.56136481767e-05,
        "dvar2": 3.58776851499e-05,
        "max": 0.0640190541744,
        "mean": 0.0201926752925,
        "median": 0.0167483016849,
        "min": 0.000573892088141,
        "var": 0.000320342078339
    },
    "spectral_energyband_high": {
        "dmean": 3.65905034414e-05,
        "dmean2": 6.27190383966e-05,
        "dvar": 3.05193594841e-08,
        "dvar2": 8.27949762083e-08,
        "max": 0.00139247847255,
        "mean": 2.75452057394e-05,
        "median": 1.01156933852e-06,
        "min": 9.27498362557e-08,
        "var": 2.24415046546e-08
    },
    "spectral_energyband_low": {
        "dmean": 2.91960823233e-05,
        "dmean2": 5.09167402925e-05,
        "dvar": 1.70055913795e-09,
        "dvar2": 4.57102178331e-09,
        "max": 0.00029724749038,
        "mean": 3.58812394552e-05,
        "median": 2.22862254304e-05,
        "min": 1.33153776005e-06,
        "var": 1.78692827202e-09
    },
    "spectral_energyband_middle_high": {
        "dmean": 0.00176536163781,
        "dmean2": 0.00199824664742,
        "dvar": 6.37656376057e-06,
        "dvar2": 1.16020837595e-05,
        "max": 0.0322928912938,
        "mean": 0.0104054175317,
        "median": 0.00889346469194,
        "min": 1.86048293926e-06,
        "var": 6.91304012435e-05
    },
    "spectral_energyband_middle_low": {
        "dmean": 0.00255573866889,
        "dmean2": 0.00317395734601,
        "dvar": 1.7773700165e-05,
        "dvar2": 2.0874398615e-05,
        "max": 0.0631605312228,
        "mean": 0.0119007639587,
        "median": 0.00187673734035,
        "min": 0.000125147562358,
        "var": 0.000322860811139
    },
    "spectral_entropy": {
        "dmean": 0.341792583466,
        "dmean2": 0.425172895193,
        "dvar": 0.293788284063,
        "dvar2": 0.52221596241,
        "max": 8.39629936218,
        "mean": 4.52380275726,
        "median": 4.32255649567,
        "min": 2.84872913361,
        "var": 1.01725888252
    },
    "spectral_flux": {
        "dmean": 0.0121474694461,
        "dmean2": 0.0175133906305,
        "dvar": 0.000406381324865,
        "dvar2": 0.000682176789269,
        "max": 0.146964594722,
        "mean": 0.026365628466,
        "median": 0.0159500464797,
        "min": 0.0032140831463,
        "var": 0.000865445821546
    },
    "spectral_kurtosis": {
        "dmean": 16.5397148132,
        "dmean2": 24.588098526,
        "dvar": 385.377716064,
        "dvar2": 766.119934082,
        "max": 267.432220459,
        "mean": 64.8119125366,
        "median": 52.4239273071,
        "min": 2.53945970535,
        "var": 2579.32739258
    },
    "spectral_rms": {
        "dmean": 0.000440149160568,
        "dmean2": 0.000552446232177,
        "dvar": 5.0501290616e-07,
        "dvar2": 8.39835365696e-07,
        "max": 0.00790301337838,
        "mean": 0.00395968789235,
        "median": 0.00404225289822,
        "min": 0.000748261110857,
        "var": 4.02103751185e-06
    },
    "spectral_rolloff": {
        "dmean": 18.662109375,
        "dmean2": 34.9235992432,
        "dvar": 7588.34521484,
        "dvar2": 14627.2236328,
        "max": 1356.59179688,
        "mean": 892.472045898,
        "median": 839.794921875,
        "min": 581.396484375,
        "var": 43593.1484375
    },
    "spectral_skewness": {
        "dmean": 0.886783003807,
        "dmean2": 1.34223484993,
        "dvar": 0.898306071758,
        "dvar2": 1.916477561,
        "max": 13.9777145386,
        "mean": 6.4011759758,
        "median": 6.0446305275,
        "min": 1.70578920841,
        "var": 6.21963644028
    },
    "spectral_spread": {
        "dmean": 770760.75,
        "dmean2": 950924.125,
        "dvar": 3.19475207373e+12,
        "dvar2": 2.48059500954e+12,
        "max": 26970214,
        "mean": 2482738.75,
        "median": 1972205.5,
        "min": 562443.0625,
        "var": 7.73071306752e+12
    },
    "spectral_strongpeak": {
        "dmean": 0.495751678944,
        "dmean2": 0.60705435276,
        "dvar": 0.578418314457,
        "dvar2": 0.774718225002,
        "max": 8.26561546326,
        "mean": 3.47902107239,
        "median": 3.80389761925,
        "min": 0.106127291918,
        "var": 4.24356508255
    },
    "zerocrossingrate": {
        "dmean": 0.00310058589093,
        "dmean2": 0.00366416107863,
        "dvar": 6.23013838776e-05,
        "dvar2": 8.64192552399e-05,
        "max": 0.107421875,
        "mean": 0.0367098711431,
        "median": 0.037109375,
        "min": 0.01318359375,
        "var": 0.000116241717478
    },
    "barkbands": {
        "dmean": [1.27312705445e-06, 1.99311834876e-05, 9.50230878516e-06, 2.28727640206e-05, 8.62763918121e-05, 2.97977021546e-05, 8.84105065779e-06, 0.000554592057597, 0.00126011692919, 0.0020419980865, 6.54574178043e-05, 0.000206890705158, 0.0003679858346, 3.88392027162e-06, 2.97895057884e-05, 1.34895503834e-06, 3.22952246279e-06, 1.24974394566e-06, 1.77279935087e-06, 2.43986232817e-06, 1.78229595349e-06, 3.75537842956e-06, 2.05549372367e-06, 2.88743444798e-06, 1.3449927792e-05, 8.45852082421e-06, 3.50142863681e-06],
        "dmean2": [2.2861627258e-06, 3.62598220818e-05, 1.67559737747e-05, 3.46925553458e-05, 0.00013241423585, 5.52976489416e-05, 1.57541326189e-05, 0.000743923883419, 0.0016244626604, 0.00193188351113, 0.000121334342111, 0.000213399267523, 0.000515867373906, 7.26524922356e-06, 5.24802489963e-05, 2.61164382209e-06, 6.26960445516e-06, 1.76007131358e-06, 3.12259771817e-06, 4.6459749683e-06, 3.16410842061e-06, 7.07645449438e-06, 3.7762579268e-06, 4.89008880322e-06, 2.10500493267e-05, 1.51411722982e-05, 6.48381728752e-06],
        "dvar": [2.62042687896e-12, 4.76140682437e-10, 3.98683558389e-10, 3.08903769231e-09, 6.48683950999e-08, 1.2981549169e-08, 1.20821264105e-09, 2.21422260438e-06, 8.2512415247e-06, 1.27473040266e-05, 1.06414404399e-07, 4.12779428416e-07, 2.67772725238e-06, 2.72375150212e-10, 2.79370286904e-08, 4.02908088837e-11, 3.33107347261e-10, 1.53222313309e-11, 5.97461316532e-11, 1.39663766663e-10, 6.48608736165e-11, 3.63892554978e-10, 1.18466222943e-10, 1.73770525747e-10, 3.70684927198e-09, 1.7217025583e-09, 4.72884453817e-10],
        "dvar2": [8.39232155991e-12, 1.53813117798e-09, 9.61764112795e-10, 6.98815050271e-09, 1.49832402485e-07, 3.79587881127e-08, 3.39928174498e-09, 3.25348310071e-06, 1.02242765934e-05, 9.92926015897e-06, 2.98795697518e-07, 4.17530031882e-07, 3.42709040524e-06, 8.14154743622e-10, 7.75072521719e-08, 1.1980308412e-10, 9.83131243082e-10, 3.70507687031e-11, 1.69273595141e-10, 4.15322831682e-10, 1.77261316736e-10, 1.05442854448e-09, 3.41974198959e-10, 4.68677208154e-10, 9.19272569178e-09, 4.8070032399e-09, 1.34899069693e-09],
        "max": [1.0565679986e-05, 9.09451191546e-05, 0.000150581196067, 0.000542482710443, 0.00248164846562, 0.000777756678872, 0.000253720121691, 0.019085014239, 0.0341796129942, 0.0563840568066, 0.00270661036484, 0.0108119631186, 0.0152293508872, 0.000136772752739, 0.00146976998076, 4.77226130897e-05, 0.000143980796565, 4.2128322093e-05, 5.57075254619e-05, 8.5387051513e-05, 5.50468503207e-05, 0.000144083242049, 9.46373329498e-05, 9.70235705609e-05, 0.000483370502479, 0.000313936732709, 0.000183719370398],
        "mean": [1.47826710872e-06, 2.1561203539e-05, 8.53304209159e-06, 3.40069564118e-05, 0.000142800316098, 2.94310593745e-05, 7.49832588554e-06, 0.00173108885065, 0.00464433059096, 0.0116321062669, 5.10617501277e-05, 0.000628393376246, 0.00119105156045, 5.01484873894e-06, 2.82981418422e-05, 9.51656147663e-07, 2.11048700294e-06, 2.23777828978e-06, 1.70350972439e-06, 2.14971828427e-06, 1.4031865021e-06, 2.48157357419e-06, 1.90335902062e-06, 2.22482458412e-06, 1.09371621875e-05, 5.55823453396e-06, 2.32837851399e-06],
        "median": [6.39921722723e-07, 1.32521490741e-05, 3.68536439055e-06, 4.36770278611e-06, 2.20002511924e-05, 1.30945600176e-05, 1.38415987294e-06, 4.95285257784e-06, 3.38309000654e-05, 0.00409445445985, 8.88743443284e-07, 1.68206918261e-06, 4.04132066478e-07, 2.27078430726e-06, 2.06753682619e-07, 8.79469013171e-08, 1.24687744574e-07, 7.53463709202e-08, 1.72520500996e-07, 1.26486582985e-07, 8.49882582088e-08, 6.36041477264e-08, 6.48665547942e-08, 8.13997331761e-08, 9.33062693775e-08, 1.38072465461e-07, 3.69969967551e-07],
        "min": [8.58656257208e-09, 2.13558635664e-07, 1.450816427e-07, 2.17972683458e-07, 6.09023459219e-07, 1.41808541798e-07, 8.50582821954e-08, 1.59848141834e-07, 7.52241476221e-07, 5.24834149473e-07, 1.02141115121e-07, 8.74109105098e-08, 6.83482141994e-08, 5.17820666346e-08, 1.93103932844e-08, 1.32125386187e-08, 1.80880803669e-08, 1.26254624533e-08, 2.3278602157e-08, 1.54146544418e-08, 1.33313164952e-08, 9.60975476971e-09, 4.97767960184e-09, 7.79047226729e-09, 6.99733515575e-09, 8.0838917782e-09, 1.34636657378e-08],
        "var": [3.66721627024e-12, 4.89547180571e-10, 3.46010886609e-10, 8.28754931348e-09, 1.70728270632e-07, 7.39494687707e-09, 8.01245347848e-10, 1.8807088054e-05, 7.64212454669e-05, 0.000209650606848, 7.44671027064e-08, 4.3216823542e-06, 1.24017415146e-05, 1.68610597706e-10, 1.98438758758e-08, 2.26286957922e-11, 1.80167103458e-10, 4.837908546e-11, 4.08823253029e-11, 8.45989042708e-11, 4.54539531014e-11, 2.1363268099e-10, 8.94396501305e-11, 1.30842336965e-10, 3.31591976099e-09, 1.12279996412e-09, 2.84798490346e-10]
    },
    "erbbands": {
        "dmean": [0.000653426744975, 0.00430772220716, 0.00986112002283, 0.0412785038352, 0.307317614555, 0.171057298779, 0.318733692169, 0.155586108565, 0.0948286056519, 0.956820726395, 25.4354000092, 25.4529342651, 73.6620635986, 14.5768241882, 2.85995602608, 10.4621534348, 18.1043357849, 1.03446853161, 0.450958192348, 1.67094266415, 0.118685133755, 0.192041561007, 0.0713339671493, 0.117384783924, 0.0841187164187, 0.101393982768, 0.0866359770298, 0.0726166814566, 0.160498902202, 0.0967149287462, 0.0527427196503, 0.0464808829129, 0.0564930588007, 0.0753068476915, 0.118925981224, 0.0428557880223, 0.0210704281926, 0.00266923732124, 0.000928067602217, 3.57235621777e-05],
        "dmean2": [0.00118226604536, 0.00767470616847, 0.0176269970834, 0.0642994567752, 0.436880677938, 0.291281878948, 0.591479361057, 0.289120912552, 0.16487339139, 1.56002080441, 33.5907974243, 28.791425705, 72.6594467163, 14.6526708603, 5.00497293472, 11.3942279816, 24.4854869843, 1.62218463421, 0.832398116589, 2.88931250572, 0.208185046911, 0.37275582552, 0.130232095718, 0.173543170094, 0.15397387743, 0.195774704218, 0.161241769791, 0.130168825388, 0.304379463196, 0.180052056909, 0.098129093647, 0.0784242004156, 0.0977849140763, 0.132218003273, 0.178314492106, 0.0718780457973, 0.03728319332, 0.00479515455663, 0.00170049292501, 6.51183290756e-05],
        "dvar": [6.88389263814e-07, 2.05183459911e-05, 0.000313739699777, 0.010166275315, 0.745148897171, 0.295766949654, 1.4203966856, 0.382026135921, 0.0992298051715, 5.55369234085, 4111.8984375, 3525.38500977, 21450.5292969, 341.737823486, 154.92237854, 811.715698242, 5342.07128906, 15.8083372116, 5.17315769196, 87.6756286621, 0.347848266363, 1.15303182602, 0.0974410325289, 0.127793967724, 0.145457223058, 0.310428142548, 0.161461904645, 0.109679192305, 0.685951471329, 0.222196444869, 0.0834989994764, 0.0448626354337, 0.0692914947867, 0.126604884863, 0.289166718721, 0.0441790819168, 0.0103238951415, 0.000181126364623, 3.39406287821e-05, 4.04109137264e-08],
        "dvar2": [2.27712484957e-06, 6.38258206891e-05, 0.000717393355444, 0.0251588635147, 1.27814531326, 0.813145160675, 4.19285678864, 1.10494291782, 0.274752169847, 13.3460836411, 5392.19287109, 3421.76733398, 16842.5527344, 561.672973633, 445.330749512, 1005.56311035, 6711.56494141, 33.8945770264, 15.0400676727, 239.071456909, 0.943240940571, 3.40126562119, 0.287292391062, 0.332776576281, 0.427317112684, 0.919217765331, 0.456370532513, 0.301782488823, 1.97566258907, 0.648846745491, 0.24276740849, 0.121213063598, 0.190402686596, 0.353821069002, 0.68299382925, 0.115910388529, 0.0285996869206, 0.000508758996148, 9.59927856456e-05, 1.1626922003e-07],
        "max": [0.00362701667473, 0.0205147191882, 0.137110054493, 0.785895824432, 10.6044893265, 3.6904194355, 8.49083805084, 3.91146206856, 2.37771105766, 22.1150512695, 868.844909668, 856.515808105, 2298.95336914, 370.433288574, 101.124229431, 407.971466064, 681.657897949, 26.4020557404, 18.3803443909, 83.5082473755, 5.24435329437, 8.44566059113, 2.18911242485, 2.28742790222, 2.96848320961, 4.28757953644, 2.67626237869, 2.33121991158, 6.2947268486, 3.53008890152, 2.50664710999, 1.37686133385, 1.9440113306, 2.38572835922, 4.43104887009, 1.80690515041, 0.752926111221, 0.104124426842, 0.0497263818979, 0.0017009958392],
        "mean": [0.000614860618953, 0.00486046262085, 0.0103447781876, 0.0578534863889, 0.562298178673, 0.222035601735, 0.350291877985, 0.140684917569, 0.147828608751, 2.75616073608, 83.6544647217, 102.263633728, 377.568817139, 91.6037750244, 5.08354759216, 33.7635803223, 60.9906730652, 2.70794320107, 0.452664405107, 1.68127453327, 0.124867558479, 0.127080515027, 0.0679871290922, 0.178334534168, 0.0953490063548, 0.0783993527293, 0.0686011686921, 0.0562264695764, 0.104208342731, 0.0742970257998, 0.0470777004957, 0.0367133282125, 0.0419138297439, 0.0541435405612, 0.101605400443, 0.0311875361949, 0.0141363684088, 0.00177734124009, 0.000603679392952, 4.70314043923e-05],
        "median": [0.000347989494912, 0.00321595696732, 0.00576746370643, 0.0101607181132, 0.0298567116261, 0.0410824306309, 0.178478896618, 0.0538386888802, 0.0475779175758, 0.0399572625756, 0.524059772491, 10.4296646118, 135.198257446, 46.7558174133, 2.99177336693, 0.384482383728, 0.0789859294891, 0.206750899553, 0.0425159670413, 0.0103955864906, 0.00612917821854, 0.00730710756034, 0.00461435085163, 0.0112440995872, 0.00617044651881, 0.00602878583595, 0.00399891892448, 0.0031346580945, 0.00236605969258, 0.00209761597216, 0.00182900438085, 0.0016376581043, 0.00136045413092, 0.000966914987657, 0.000667721556965, 0.000422200071625, 0.000270456192084, 0.000127674633404, 5.26426119904e-05, 2.41232155531e-05],
        "min": [8.09277025837e-06, 7.31647960492e-05, 0.000239591914578, 0.000644945714157, 0.00200985767879, 0.00171541131567, 0.00302013684995, 0.00365329836495, 0.00426304060966, 0.00587013782933, 0.0394348017871, 0.512404620647, 0.15737837553, 0.0436784289777, 0.0130284549668, 0.0248894486576, 0.00722586689517, 0.00558328721672, 0.00420164130628, 0.00123272056226, 0.00193645502441, 0.0012774040224, 0.00172895961441, 0.00140560942236, 0.001256591524, 0.000806950498372, 0.000838822452351, 0.00045183749171, 0.000384687504265, 0.000211985112401, 0.000161426854902, 0.000155102272402, 0.000127750143292, 7.19244926586e-05, 6.63522368995e-05, 5.36092884431e-05, 2.69090851361e-05, 1.13734122351e-05, 6.36414688415e-06, 2.09729046219e-06],
        "var": [5.93692220718e-07, 2.39963610511e-05, 0.000313899363391, 0.0201749857515, 3.13185381889, 0.388752281666, 0.791710615158, 0.230755493045, 0.0870663449168, 27.0321502686, 36859.2460938, 34766.9765625, 307219.90625, 9478.59277344, 105.453681946, 6647, 24950.7617188, 40.386516571, 3.17055845261, 66.8193206787, 0.270600229502, 0.625345885754, 0.0618946738541, 0.208763927221, 0.110481224954, 0.171711146832, 0.106427684426, 0.0768729001284, 0.407404929399, 0.139764472842, 0.0603706650436, 0.0341668315232, 0.0492581501603, 0.0868921130896, 0.280347585678, 0.0343195796013, 0.00689925160259, 0.000114955924801, 2.09238914977e-05, 2.41643931531e-08]
    },
    "gfcc": {
        "mean": [-221.918197632, 114.119972229, -96.8770065308, -65.4784164429, -67.7410125732, 16.5535507202, 15.6692028046, 16.4631767273, -27.8657112122, -22.9143047333, -25.4487895966, -10.8746404648, 0.492554545403],
        "cov": [[4597.54882812, -1245.37463379, -1164.85791016, -115.891403198, -173.561172485, 284.715942383, -707.645324707, -176.527099609, 57.9669570923, 870.645446777, 221.88079834, -243.967681885, -916.352294922], [-1245.37463379, 797.38269043, 190.205383301, -118.793861389, 45.6292190552, -160.518463135, 186.656890869, 11.4401941299, 68.3251800537, -243.936538696, -78.428352356, -160.19770813, 49.4930839539], [-1164.85791016, 190.205383301, 1277.97766113, 429.8934021, -29.0754032135, -96.7168655396, 51.9093055725, 46.2297706604, -188.019836426, -295.060455322, -166.856155396, 375.871520996, 496.532043457], [-115.891403198, -118.793861389, 429.8934021, 407.173461914, 12.182015419, -61.9864120483, -161.00592041, -34.4994697571, -17.2682609558, 85.2290725708, -7.70050811768, 140.254440308, 44.061088562], [-173.561172485, 45.6292190552, -29.0754032135, 12.182015419, 137.313766479, 48.7019386292, 41.0541305542, -21.7017040253, -8.2046585083, -21.6059570312, -11.5122117996, 39.6879959106, 112.394058228], [284.715942383, -160.518463135, -96.7168655396, -61.9864120483, 48.7019386292, 159.026199341, 81.9866104126, 22.7118167877, -56.6011810303, -16.3909320831, 25.5435085297, 94.8090744019, 112.15511322], [-707.645324707, 186.656890869, 51.9093055725, -161.00592041, 41.0541305542, 81.9866104126, 358.253356934, 96.6007766724, -70.6590957642, -285.062469482, -2.42294192314, 128.564819336, 313.304321289], [-176.527099609, 11.4401941299, 46.2297706604, -34.4994697571, -21.7017040253, 22.7118167877, 96.6007766724, 79.3959121704, 1.14856672287, -56.245716095, 6.8610086441, 39.4914627075, 64.5908203125], [57.9669570923, 68.3251800537, -188.019836426, -17.2682609558, -8.2046585083, -56.6011810303, -70.6590957642, 1.14856672287, 159.557922363, 138.466384888, 57.0645141602, -130.742477417, -188.968566895], [870.645446777, -243.936538696, -295.060455322, 85.2290725708, -21.6059570312, -16.3909320831, -285.062469482, -56.245716095, 138.466384888, 367.805328369, 82.6285171509, -135.679168701, -350.41506958], [221.88079834, -78.428352356, -166.856155396, -7.70050811768, -11.5122117996, 25.5435085297, -2.42294192314, 6.8610086441, 57.0645141602, 82.6285171509, 96.1800765991, 12.3359136581, -56.4025650024], [-243.967681885, -160.19770813, 375.871520996, 140.254440308, 39.6879959106, 94.8090744019, 128.564819336, 39.4914627075, -130.742477417, -135.679168701, 12.3359136581, 362.466278076, 413.200744629], [-916.352294922, 49.4930839539, 496.532043457, 44.061088562, 112.394058228, 112.15511322, 313.304321289, 64.5908203125, -188.968566895, -350.41506958, -56.4025650024, 413.200744629, 670.221435547]],
        "icov": [[0.00146960408892, 0.000264435133431, 0.000311090436298, 0.00149580673315, 0.000895780918654, -0.00290606729686, 0.00182720238809, 0.00112180772703, 0.00110945838969, -0.000829332624562, 0.000448767503258, -0.00307591538876, 0.00284810247831], [0.000264435133431, 0.00651062931865, -0.00415393104777, 0.00333322654478, -0.00519151752815, 0.00424182368442, -0.00421511381865, 0.00410757958889, -0.00224118237384, 0.00159399816766, -0.00461046630517, 0.0055076032877, 0.000892382580787], [0.000311090436298, -0.00415393104777, 0.00797000247985, -0.00611225422472, 0.00713247153908, -0.00323484931141, 0.00513933692127, -0.00398375932127, -0.00141539925244, 0.0024065640755, 0.0106461700052, -0.00786278396845, -0.000841340515763], [0.00149580673315, 0.00333322654478, -0.00611225422472, 0.0137566551566, -0.00887523684651, 0.00335098104551, 0.00142632017378, 0.002697579097, 0.0020629374776, -0.00181151763536, -0.00577090773731, -0.00726640922949, 0.00905243121088], [0.000895780918654, -0.00519151752815, 0.00713247153908, -0.00887523684651, 0.0260581821203, -0.0130213778466, 0.000945810927078, 0.00707736657932, -0.00395712582394, -0.00585201429203, 0.0121375005692, 0.00222557713278, -0.0109335714951], [-0.00290606729686, 0.00424182368442, -0.00323484931141, 0.00335098104551, -0.0130213778466, 0.0279479958117, -0.0111939972267, -0.00475867791101, 0.0074883941561, -0.0052121784538, -0.00691706081852, 0.00568490847945, -0.00361277256161], [0.00182720238809, -0.00421511381865, 0.00513933692127, 0.00142632017378, 0.000945810927078, -0.0111939972267, 0.0329405888915, -0.0173745602369, 0.000643849663902, 0.0175182577223, -0.00969771109521, -0.00384870683774, -0.00220389780588], [0.00112180772703, 0.00410757958889, -0.00398375932127, 0.002697579097, 0.00707736657932, -0.00475867791101, -0.0173745602369, 0.0354775376618, -0.0108834626153, -0.0053472626023, 0.00840477086604, -0.00467918394133, 0.00604462437332], [0.00110945838969, -0.00224118237384, -0.00141539925244, 0.0020629374776, -0.00395712582394, 0.0074883941561, 0.000643849663902, -0.0108834626153, 0.0322484001517, -0.0153759578243, -0.0194665137678, 0.013204482384, -0.00597187131643], [-0.000829332624562, 0.00159399816766, 0.0024065640755, -0.00181151763536, -0.00585201429203, -0.0052121784538, 0.0175182577223, -0.0053472626023, -0.0153759578243, 0.0317893698812, -0.0033460247796, -0.00852510146797, 0.00852393824607], [0.000448767503258, -0.00461046630517, 0.0106461700052, -0.00577090773731, 0.0121375005692, -0.00691706081852, -0.00969771109521, 0.00840477086604, -0.0194665137678, -0.0033460247796, 0.053710270673, -0.0347061306238, 0.0149704664946], [-0.00307591538876, 0.0055076032877, -0.00786278396845, -0.00726640922949, 0.00222557713278, 0.00568490847945, -0.00384870683774, -0.00467918394133, 0.013204482384, -0.00852510146797, -0.0347061306238, 0.0611365772784, -0.0387303195894], [0.00284810247831, 0.000892382580787, -0.000841340515763, 0.00905243121088, -0.0109335714951, -0.00361277256161, -0.00220389780588, 0.00604462437332, -0.00597187131643, 0.00852393824607, 0.0149704664946, -0.0387303195894, 0.0361446291208]]
    },
    "melbands": {
        "dmean": [5.69363737668e-06, 4.80501148559e-06, 1.50718497025e-05, 1.92667375813e-05, 9.3179896794e-06, 3.84900204153e-06, 1.48145886669e-06, 1.508506557e-05, 0.000263789552264, 0.000147396887769, 0.000371786329197, 6.90201122779e-05, 8.50331798574e-06, 9.61812202149e-06, 5.81905915169e-05, 2.06122040254e-05, 5.59120110211e-07, 3.73581855229e-07, 2.38034067479e-06, 1.03583590771e-06, 2.26975203077e-08, 1.84552334304e-07, 1.40112803138e-07, 5.0151495401e-08, 1.02684126091e-07, 6.20049078748e-08, 7.821575565e-08, 6.08960561976e-08, 5.95997313724e-08, 4.43891075008e-08, 3.36120216105e-08, 9.75667902026e-08, 6.37716865981e-08, 5.04768387088e-08, 3.45956614467e-08, 1.97753262654e-08, 3.40129631127e-08, 3.432325002e-08, 6.02836465191e-08, 5.69331177758e-08],
        "dmean2": [1.03556330942e-05, 8.49670232128e-06, 2.19287594518e-05, 2.95405789075e-05, 1.7253223632e-05, 7.17862394595e-06, 2.59148532678e-06, 2.66204260697e-05, 0.000345581793226, 0.000169090606505, 0.000363321480108, 6.61480153212e-05, 1.58617076522e-05, 1.3550606127e-05, 7.00378368492e-05, 2.89772324322e-05, 1.05503625036e-06, 7.14523139322e-07, 4.27039412898e-06, 1.74284275545e-06, 4.15816430177e-08, 3.5780340113e-07, 2.71989819112e-07, 7.33727745228e-08, 1.51702693074e-07, 1.13553724645e-07, 1.46522907585e-07, 1.19336547755e-07, 1.11414756532e-07, 7.93398626797e-08, 5.96271405584e-08, 1.83864500514e-07, 1.22656913959e-07, 9.30968795387e-08, 6.48156515126e-08, 3.60444438741e-08, 5.70576865755e-08, 5.95798752556e-08, 1.07578074449e-07, 1.03255473505e-07],
        "dvar": [4.35973687707e-11, 5.14901211945e-11, 1.50481360706e-09, 3.17625481472e-09, 1.19239984553e-09, 2.30740190843e-10, 3.16480522344e-11, 2.5921318425e-09, 4.45711435759e-07, 1.01945843767e-07, 5.16957641139e-07, 8.12925016191e-09, 1.77506997989e-09, 8.3963497266e-10, 3.65214241071e-08, 7.20482207228e-09, 6.5943773879e-12, 3.08169267015e-12, 1.89579171805e-10, 3.07218764317e-11, 7.22341227089e-15, 9.38522588638e-13, 6.97105567715e-13, 2.91958331697e-14, 9.60270003705e-14, 9.03553761759e-14, 1.29840311679e-13, 1.15109351629e-13, 7.28341269674e-14, 4.35801670088e-14, 2.2997074961e-14, 2.77656993534e-13, 9.42835016332e-14, 6.33477442052e-14, 4.06422196787e-14, 9.56650106761e-15, 2.56740463579e-14, 2.59415173397e-14, 8.18473367965e-14, 7.47837867478e-14],
        "dvar2": [1.43774894767e-10, 1.19381796115e-10, 2.802112542e-09, 6.9232215516e-09, 3.4998703935e-09, 6.69259758723e-10, 8.76784339576e-11, 7.64396101971e-09, 5.5732527926e-07, 9.98927660589e-08, 4.10408489415e-07, 1.24159500459e-08, 5.01537744668e-09, 1.58102231307e-09, 4.64182541293e-08, 9.85226655814e-09, 1.98275857538e-11, 9.11439586998e-12, 5.34600530511e-10, 8.09540073865e-11, 2.01530754433e-14, 2.77503280771e-12, 2.05277938745e-12, 7.69076845936e-14, 2.45534956299e-13, 2.64802855207e-13, 3.81179110628e-13, 3.42069119341e-13, 2.08850027116e-13, 1.19798824181e-13, 6.31172699284e-14, 7.91391854393e-13, 2.7670904847e-13, 1.83093205311e-13, 1.18298572977e-13, 2.7089496011e-14, 6.92092122002e-14, 7.18795614934e-14, 2.29849261369e-13, 2.1101011021e-13],
        "max": [2.80218537227e-05, 5.72342723899e-05, 0.000451496394817, 0.000575470970944, 0.000245628703851, 9.84872531262e-05, 4.11480541516e-05, 0.000554882979486, 0.00888881087303, 0.00459367129952, 0.0112646240741, 0.00218872679397, 0.000343712221365, 0.000399339827709, 0.00162286148407, 0.000760775234085, 2.10748767131e-05, 1.19368378364e-05, 0.000119178279419, 5.04664203618e-05, 5.36623133485e-07, 7.39764345781e-06, 6.68880920784e-06, 1.54295503307e-06, 2.08798360291e-06, 2.39958148995e-06, 2.58276509157e-06, 2.58504269368e-06, 1.81159987278e-06, 1.64414348092e-06, 1.0456074051e-06, 4.29445981354e-06, 1.86486192888e-06, 2.06403615266e-06, 1.80060203547e-06, 7.88136901519e-07, 1.19575497592e-06, 1.19990500025e-06, 1.86281170045e-06, 1.87637078852e-06],
        "mean": [5.94428456679e-06, 5.72861472392e-06, 2.60202978097e-05, 3.16723853757e-05, 1.003473335e-05, 3.56417081093e-06, 1.45406784213e-06, 2.91863161692e-05, 0.000898451835383, 0.000585496309213, 0.00193680019584, 0.000475297070807, 6.47249135e-06, 2.47397983912e-05, 0.000202537863515, 6.13693409832e-05, 6.64207959744e-07, 3.01584947238e-07, 2.14407759813e-06, 1.12721693313e-06, 2.24137313154e-08, 1.22698907035e-07, 8.94054323908e-08, 8.4764785413e-08, 1.56069617674e-07, 5.87452007039e-08, 8.40177989403e-08, 4.25416715188e-08, 4.64624321239e-08, 3.43364909838e-08, 2.65921293874e-08, 6.53220766367e-08, 4.01122512983e-08, 4.51132002866e-08, 3.40314194602e-08, 1.43192577795e-08, 2.63562363045e-08, 2.60882426772e-08, 4.13099741081e-08, 4.00593194172e-08],
        "median": [3.39218627232e-06, 3.9400647438e-06, 2.92751633424e-06, 1.71750571099e-06, 5.00235228174e-06, 1.48100912156e-06, 4.26798976605e-07, 2.33964954077e-07, 1.31544402393e-06, 7.37352229407e-06, 0.000676887982991, 0.000219995505176, 1.28887961637e-07, 1.1421420254e-07, 1.19936430565e-07, 3.92702936836e-08, 2.88460228148e-07, 5.35952899838e-08, 1.38023130702e-08, 8.3313560495e-09, 5.10831199563e-09, 8.67625971068e-09, 3.28370863834e-09, 3.53630968952e-09, 1.00184189833e-08, 5.84589576746e-09, 4.03473388033e-09, 3.86994125634e-09, 2.68778310719e-09, 2.07029904331e-09, 1.60508673019e-09, 1.34402666774e-09, 1.0892370339e-09, 1.14719211908e-09, 9.92721793658e-10, 9.70817426449e-10, 9.3670404766e-10, 9.62344093303e-10, 8.34884661405e-10, 7.56607998476e-10],
        "min": [6.67863133685e-08, 1.84221960353e-07, 1.6684862203e-07, 1.14844766586e-07, 7.57286713338e-08, 2.61117207856e-08, 3.93764203466e-08, 2.15511199997e-08, 1.25545209784e-08, 2.17084377141e-07, 4.08457658807e-08, 8.96379646065e-08, 1.31896573663e-08, 9.13610342934e-09, 9.59966861558e-09, 6.21824591818e-09, 7.2681451968e-09, 4.94462559786e-09, 1.62678137627e-09, 7.81852194098e-10, 6.38851860302e-10, 1.05247088822e-09, 2.96490221263e-10, 6.10812678215e-10, 5.52041135027e-10, 2.73888772773e-10, 5.52155765554e-10, 3.80839332292e-10, 3.83829940054e-10, 3.43229583644e-10, 1.52230728023e-10, 1.75210346232e-10, 8.5271484318e-11, 8.73481079133e-11, 8.14302514307e-11, 5.60305135622e-11, 9.45040989908e-11, 9.92041795933e-11, 4.1196504541e-11, 4.44011841183e-11],
        "var": [4.24727371329e-11, 5.82123724224e-11, 5.66672708757e-09, 9.57688062186e-09, 6.72157829396e-10, 1.36596692291e-10, 2.19734386936e-11, 6.05156014188e-09, 4.01737315769e-06, 1.07907635538e-06, 7.53891526983e-06, 3.32736846076e-07, 1.21026200173e-09, 6.01140648371e-09, 1.9645329985e-07, 3.1317625826e-08, 3.88183495764e-12, 1.6957379511e-12, 1.26318164262e-10, 2.63408999474e-11, 5.35056863792e-15, 5.08683806882e-13, 3.79529957809e-13, 6.97842459274e-14, 1.56796355955e-13, 5.68784047097e-14, 9.32049576408e-14, 6.21414879731e-14, 4.75973393457e-14, 3.03125478548e-14, 1.61908755446e-14, 1.71798786677e-13, 5.16804481154e-14, 4.56449385667e-14, 3.16616036774e-14, 6.43608752312e-15, 1.88171757364e-14, 1.81852569705e-14, 5.42554214988e-14, 4.95005071817e-14]
    },
    "mfcc": {
        "mean": [-905.440673828, 168.860809326, 18.1938114166, -29.5233955383, -35.4379806519, -9.34812450409, 19.768737793, 22.2827587128, 17.7671203613, 14.3515405655, -3.97191667557, -25.694770813, -25.0985927582],
        "cov": [[5136.06542969, -768.425537109, -1110.01599121, -749.908081055, -354.89364624, 136.618057251, -59.1371994019, -456.555877686, -567.187744141, -52.8302459717, 811.769836426, 775.639404297, 516.832519531], [-768.425537109, 457.003417969, 180.291778564, 29.8325099945, 0.309631854296, -64.3225326538, -17.3275051117, 62.6867332458, 76.6332931519, 61.709903717, -32.8162078857, -86.8903121948, -125.764671326], [-1110.01599121, 180.291778564, 714.323303223, 341.288787842, 185.117233276, -41.1354026794, -42.2242469788, 80.3234786987, 140.096939087, -114.161514282, -347.736694336, -209.050323486, -48.4854164124], [-749.908081055, 29.8325099945, 341.288787842, 385.281585693, 226.936798096, 33.7169036865, -62.6505088806, -27.4126873016, 67.6163482666, -73.6055374146, -267.076416016, -92.9243240356, 94.0769500732], [-354.89364624, 0.309631854296, 185.117233276, 226.936798096, 199.975662231, 50.854724884, -52.8791313171, -62.7403678894, 37.5903930664, -50.4690551758, -168.048538208, -33.9602050781, 67.9995727539], [136.618057251, -64.3225326538, -41.1354026794, 33.7169036865, 50.854724884, 65.336227417, 23.4324035645, -22.5362167358, -13.0250711441, -17.4566135406, -24.4970703125, 8.25493812561, 39.9590606689], [-59.1371994019, -17.3275051117, -42.2242469788, -62.6505088806, -52.8791313171, 23.4324035645, 134.295761108, 119.498832703, 39.9183769226, -4.30106258392, -44.8328399658, -114.824020386, -98.3643951416], [-456.555877686, 62.6867332458, 80.3234786987, -27.4126873016, -62.7403678894, -22.5362167358, 119.498832703, 205.460601807, 88.6821975708, 2.5946624279, -83.94090271, -190.451828003, -157.848526001], [-567.187744141, 76.6332931519, 140.096939087, 67.6163482666, 37.5903930664, -13.0250711441, 39.9183769226, 88.6821975708, 132.413528442, 6.20129585266, -142.958282471, -144.193054199, -104.38609314], [-52.8302459717, 61.709903717, -114.161514282, -73.6055374146, -50.4690551758, -17.4566135406, -4.30106258392, 2.5946624279, 6.20129585266, 78.9745635986, 105.489120483, 49.3741645813, -23.5879955292], [811.769836426, -32.8162078857, -347.736694336, -267.076416016, -168.048538208, -24.4970703125, -44.8328399658, -83.94090271, -142.958282471, 105.489120483, 413.776367188, 295.896759033, 73.9896087646], [775.639404297, -86.8903121948, -209.050323486, -92.9243240356, -33.9602050781, 8.25493812561, -114.824020386, -190.451828003, -144.193054199, 49.3741645813, 295.896759033, 354.801879883, 203.616241455], [516.832519531, -125.764671326, -48.4854164124, 94.0769500732, 67.9995727539, 39.9590606689, -98.3643951416, -157.848526001, -104.38609314, -23.5879955292, 73.9896087646, 203.616241455, 252.965576172]],
