{
"lowlevel": {
    "average_loudness": 0.708283305168,
    "barkbands_crest": {
        "dmean": 2.84298062325,
        "dmean2": 4.94652414322,
        "dvar": 8.19831466675,
        "dvar2": 25.4344539642,
        "max": 25.730922699,
        "mean": 14.8237504959,
        "median": 13.6612691879,
        "min": 4.95478916168,
        "var": 29.6275672913
    },
    "barkbands_flatness_db": {
        "dmean": 0.0271511785686,
        "dmean2": 0.0460935086012,
        "dvar": 0.000792203180026,
        "dvar2": 0.00201662490144,
        "max": 0.508509635925,
        "mean": 0.174896404147,
        "median": 0.147850111127,
        "min": 0.0824465826154,
        "var": 0.00844126287848
    },
    "barkbands_kurtosis": {
        "dmean": 18.7932472229,
        "dmean2": 31.7525672913,
        "dvar": 2115.14892578,
        "dvar2": 4976.96679688,
        "max": 729.577209473,
        "mean": 45.4315414429,
        "median": 18.0439186096,
        "min": -1.79571354389,
        "var": 8935.05566406
    },
    "barkbands_skewness": {
        "dmean": 1.13055157661,
        "dmean2": 1.89583480358,
        "dvar": 1.88028371334,
        "dvar2": 3.95537805557,
        "max": 7.0352101326,
        "mean": 1.31320106983,
        "median": 3.58626174927,
        "min": -20.4733333588,
        "var": 27.9017028809
    },
    "barkbands_spread": {
        "dmean": 8.47632694244,
        "dmean2": 14.446688652,
        "dvar": 245.999450684,
        "dvar2": 628.939819336,
        "max": 153.067337036,
        "mean": 18.221452713,
        "median": 14.1400279999,
        "min": 0.245957762003,
        "var": 371.555847168
    },
    "dissonance": {
        "dmean": 0.0120557425544,
        "dmean2": 0.0201972797513,
        "dvar": 0.000163090517162,
        "dvar2": 0.000463640375528,
        "max": 0.499979525805,
        "mean": 0.474909752607,
        "median": 0.478635668755,
        "min": 0.375741511583,
        "var": 0.000447145430371
    },
    "dynamic_complexity": 6.32612895966,
    "erbbands_crest": {
        "dmean": 1.81320214272,
        "dmean2": 2.88885569572,
        "dvar": 2.97408986092,
        "dvar2": 7.31347179413,
        "max": 22.5235404968,
        "mean": 8.09222888947,
        "median": 6.34751749039,
        "min": 2.20792198181,
        "var": 26.4034786224
    },
    "erbbands_flatness_db": {
        "dmean": 0.0112414956093,
        "dmean2": 0.0184040535241,
        "dvar": 0.000214962696191,
        "dvar2": 0.000475600478239,
        "max": 0.264149338007,
        "mean": 0.0857526510954,
        "median": 0.0689569413662,
        "min": 0.0294849388301,
        "var": 0.00235922983848
    },
    "erbbands_kurtosis": {
        "dmean": 0.937988340855,
        "dmean2": 1.51372826099,
        "dvar": 3.97641468048,
        "dvar2": 8.49820232391,
        "max": 37.2239723206,
        "mean": 1.70046305656,
        "median": -0.175946235657,
        "min": -1.10500991344,
        "var": 25.9435520172
    },
    "erbbands_skewness": {
        "dmean": 0.278551489115,
        "dmean2": 0.456534206867,
        "dvar": 0.0943930074573,
        "dvar2": 0.240165859461,
        "max": 5.0764966011,
        "mean": 0.665608167648,
        "median": 0.707198619843,
        "min": -2.79572677612,
        "var": 1.31574976444
    },
    "erbbands_spread": {
        "dmean": 6.13935613632,
        "dmean2": 10.3127441406,
        "dvar": 38.0874061584,
        "dvar2": 88.7881240845,
        "max": 91.8396911621,
        "mean": 52.3659248352,
        "median": 53.9703788757,
        "min": 5.49395084381,
        "var": 392.013641357
    },
    "hfc": {
        "dmean": 6.19701337814,
        "dmean2": 10.6939134598,
        "dvar": 1138.09399414,
        "dvar2": 3092.01367188,
        "max": 494.318328857,
        "mean": 27.0593662262,
        "median": 25.7070617676,
        "min": 0.215306639671,
        "var": 1132.03308105
    },
    "melbands_crest": {
        "dmean": 3.59843277931,
        "dmean2": 5.96042156219,
        "dvar": 12.5697803497,
        "dvar2": 26.9320697784,
        "max": 39.9389953613,
        "mean": 15.0748119354,
        "median": 15.0602741241,
        "min": 2.58926224709,
        "var": 47.8323707581
    },
    "melbands_flatness_db": {
        "dmean": 0.0320644453168,
        "dmean2": 0.0525734722614,
        "dvar": 0.00118807062972,
        "dvar2": 0.00271020410582,
        "max": 0.506505072117,
        "mean": 0.213872656226,
        "median": 0.252583771944,
        "min": 0.00840733014047,
        "var": 0.0117241190746
    },
    "melbands_kurtosis": {
        "dmean": 24.9985599518,
        "dmean2": 44.106174469,
        "dvar": 6250.44921875,
        "dvar2": 17869.3261719,
        "max": 964.820373535,
        "mean": 41.6386070251,
        "median": 33.1981582642,
        "min": -1.16893267632,
        "var": 4340.67236328
    },
    "melbands_skewness": {
        "dmean": 1.21723687649,
        "dmean2": 2.00305080414,
        "dvar": 4.99676704407,
        "dvar2": 12.6509342194,
        "max": 30.8384437561,
        "mean": 3.81479811668,
        "median": 4.36839342117,
        "min": -2.90312981606,
        "var": 11.8433561325
    },
    "melbands_spread": {
        "dmean": 7.29442453384,
        "dmean2": 12.7498083115,
        "dvar": 288.192108154,
        "dvar2": 549.40045166,
        "max": 217.769958496,
        "mean": 34.3290481567,
        "median": 6.35314750671,
        "min": 1.33016443253,
        "var": 2633.89404297
    },
    "pitch_salience": {
        "dmean": 0.0870094075799,
        "dmean2": 0.147057846189,
        "dvar": 0.00695471372455,
        "dvar2": 0.016848590225,
        "max": 0.817379951477,
        "mean": 0.578438520432,
        "median": 0.556037604809,
        "min": 0.103545710444,
        "var": 0.0234945360571
    },
    "silence_rate_20dB": {
        "dmean": 0.00740740727633,
        "dmean2": 0.0148698883131,
        "dvar": 0.00735251093283,
        "dvar2": 0.0146486954764,
        "max": 1,
        "mean": 0.985239863396,
        "median": 1,
        "min": 0,
        "var": 0.0145423291251
    },
    "silence_rate_30dB": {
        "dmean": 0.051851850003,
        "dmean2": 0.100371748209,
        "dvar": 0.049163043499,
        "dvar2": 0.112602241337,
        "max": 1,
        "mean": 0.907749056816,
        "median": 1,
        "min": 0,
        "var": 0.0837409943342
    },
    "silence_rate_60dB": {
        "dmean": 0.0111111113802,
        "dmean2": 0.0223048329353,
        "dvar": 0.0109876655042,
        "dvar2": 0.0218073260039,
        "max": 1,
        "mean": 0.273062735796,
        "median": 0,
        "min": 0,
        "var": 0.198499545455
    },
    "spectral_centroid": {
        "dmean": 196.328979492,
        "dmean2": 345.095794678,
        "dvar": 156893.28125,
        "dvar2": 346776.3125,
        "max": 7694.24511719,
        "mean": 1782.79089355,
        "median": 740.486755371,
        "min": 307.955291748,
        "var": 4286399.5
    },
    "spectral_complexity": {
        "dmean": 1.94074070454,
        "dmean2": 3.38661718369,
        "dvar": 5.03352832794,
        "dvar2": 13.9323225021,
        "max": 25,
        "mean": 10.2361621857,
        "median": 13,
        "min": 0,
        "var": 48.6896476746
    },
    "spectral_decrease": {
        "dmean": 7.95701282641e-09,
        "dmean2": 1.37916549292e-08,
        "dvar": 8.84985740764e-16,
        "dvar2": 2.40253865115e-15,
        "max": 1.21641502426e-10,
        "mean": -1.41593039515e-08,
        "median": -1.01544630482e-08,
        "min": -4.22587334015e-07,
        "var": 8.56145168882e-16
    },
    "spectral_energy": {
        "dmean": 0.0305266939104,
        "dmean2": 0.0529175065458,
        "dvar": 0.013298000209,
        "dvar2": 0.0360997393727,
        "max": 1.63977944851,
        "mean": 0.0558948330581,
        "median": 0.0404688641429,
        "min": 1.10474702524e-05,
        "var": 0.0128699215129
    },
    "spectral_energyband_high": {
        "dmean": 7.06988867023e-05,
        "dmean2": 0.000114200396638,
        "dvar": 4.5950616645e-09,
        "dvar2": 1.03514121719e-08,
        "max": 0.00123484805226,
        "mean": 0.000797064392827,
        "median": 0.000956824456807,
        "min": 6.41774295218e-06,
        "var": 1.04595279993e-07
    },
    "spectral_energyband_low": {
        "dmean": 0.0187705904245,
        "dmean2": 0.0325777307153,
        "dvar": 0.000438646413386,
        "dvar2": 0.00136984558776,
        "max": 0.140082910657,
        "mean": 0.0310081299394,
        "median": 0.0271515976638,
        "min": 2.29574900756e-11,
        "var": 0.000859900610521
    },
    "spectral_energyband_middle_high": {
        "dmean": 0.000396652321797,
        "dmean2": 0.000698046991602,
        "dvar": 2.5830611321e-06,
        "dvar2": 7.50444951336e-06,
        "max": 0.0206905789673,
        "mean": 0.00112947425805,
        "median": 0.0011859103106,
        "min": 2.2641608588e-09,
        "var": 2.0178520117e-06
    },
    "spectral_energyband_middle_low": {
        "dmean": 0.0159574951977,
        "dmean2": 0.0279145482928,
        "dvar": 0.0132784480229,
        "dvar2": 0.0365979596972,
        "max": 1.58105349541,
        "mean": 0.0239947587252,
        "median": 0.00932853575796,
        "min": 6.70103084133e-10,
        "var": 0.0109789893031
    },
    "spectral_entropy": {
        "dmean": 0.148592293262,
        "dmean2": 0.256514430046,
        "dvar": 0.0312464609742,
        "dvar2": 0.0774758607149,
        "max": 9.45945549011,
        "mean": 8.05168437958,
        "median": 7.85404729843,
        "min": 5.80660438538,
        "var": 0.481666147709
    },
    "spectral_flux": {
        "dmean": 0.0328713022172,
        "dmean2": 0.0516341663897,
        "dvar": 0.00551755633205,
        "dvar2": 0.0131239518523,
        "max": 1.15675294399,
        "mean": 0.116137497127,
        "median": 0.118440560997,
        "min": 0.0132944611832,
        "var": 0.0103923492134
    },
    "spectral_kurtosis": {
        "dmean": 0.605478525162,
        "dmean2": 1.00971627235,
        "dvar": 2.86272907257,
        "dvar2": 7.24964666367,
        "max": 29.6492843628,
        "mean": 4.61173915863,
        "median": 4.80487632751,
        "min": -0.0778563022614,
        "var": 6.94537401199
    },
    "spectral_rms": {
        "dmean": 0.00148589222226,
        "dmean2": 0.00253546168096,
        "dvar": 6.09180506217e-06,
        "dvar2": 1.65788133017e-05,
        "max": 0.0399973094463,
        "mean": 0.0059419744648,
        "median": 0.00628345599398,
        "min": 0.000103817241325,
        "var": 1.92244751815e-05
    },
    "spectral_rolloff": {
        "dmean": 499.649871826,
        "dmean2": 937.614746094,
        "dvar": 7200291,
        "dvar2": 19163494,
        "max": 21770.0683594,
        "mean": 6018.25146484,
        "median": 301.46484375,
        "min": 21.533203125,
        "var": 87225560
    },
    "spectral_skewness": {
        "dmean": 0.106021948159,
        "dmean2": 0.177213251591,
        "dvar": 0.0394532233477,
        "dvar2": 0.0959459841251,
        "max": 4.63058185577,
        "mean": 1.78485584259,
        "median": 1.85606265068,
        "min": 0.621611356735,
        "var": 0.224587127566
    },
    "spectral_spread": {
        "dmean": 507351.9375,
        "dmean2": 882835.125,
        "dvar": 1.34405278925e+12,
        "dvar2": 3.6268867584e+12,
        "max": 25505946,
        "mean": 9702926,
        "median": 7706120,
        "min": 2276006.75,
        "var": 2.06996431176e+13
    },
    "spectral_strongpeak": {
        "dmean": 0.626826941967,
        "dmean2": 1.08905529976,
        "dvar": 0.69562381506,
        "dvar2": 1.87471747398,
        "max": 7.26291418076,
        "mean": 1.0405857563,
        "median": 0.458122968674,
        "min": 0,
        "var": 1.64538562298
    },
    "zerocrossingrate": {
        "dmean": 0.0224627461284,
        "dmean2": 0.0274998545647,
        "dvar": 0.00267722923309,
        "dvar2": 0.00277048628777,
        "max": 0.8603515625,
        "mean": 0.257992684841,
        "median": 0.08837890625,
        "min": 0.015625,
        "var": 0.0924966260791
    },
    "barkbands": {
        "dmean": [0.00124238990247, 0.0126302605495, 0.00990629661828, 0.00252485927194, 0.00694172549993, 0.00755044352263, 0.000649316178169, 0.000211066362681, 0.000222277129069, 0.000270187563729, 9.51510082814e-05, 0.000102683567093, 7.33825654606e-05, 5.30973666173e-05, 5.16597829119e-05, 3.22234591295e-05, 1.54247554747e-05, 1.54342342285e-05, 2.40921763179e-05, 2.60737360804e-05, 1.61054631462e-05, 1.01634286693e-05, 1.16062665256e-05, 1.08130961962e-05, 1.18582365758e-05, 1.68101287272e-05, 5.24949391547e-05],
        "dmean2": [0.00227955728769, 0.0226059369743, 0.0173968356103, 0.00456152111292, 0.0123661831021, 0.0128805153072, 0.000923609768506, 0.000372862210497, 0.000396170420572, 0.000512812635861, 0.000169827297213, 0.00016881719057, 0.000124818092445, 9.1849193268e-05, 8.92723401194e-05, 5.37363994226e-05, 2.74671401712e-05, 2.65325397777e-05, 4.23427845817e-05, 4.43328572146e-05, 2.70532036666e-05, 1.77929578058e-05, 2.08400924748e-05, 1.85465851246e-05, 2.04419029615e-05, 2.86152499029e-05, 8.45314789331e-05],
        "dvar": [3.2703112538e-06, 0.000264518341282, 0.000125248654513, 2.79712148767e-05, 0.00278896070085, 0.00307152210735, 5.85554835197e-06, 3.75444813017e-07, 6.74242585319e-07, 2.29591978496e-06, 6.5530628035e-08, 1.6320228724e-08, 8.98063223786e-09, 3.49292283985e-09, 4.20487111796e-09, 1.54981050215e-09, 4.24087071016e-10, 3.22249754658e-10, 8.53377757348e-10, 9.21109910568e-10, 3.01874331088e-10, 1.33898864219e-10, 1.42012429594e-10, 1.41336720105e-10, 1.46335360496e-10, 3.15171805321e-10, 1.90249704879e-09],
        "dvar2": [7.34963759896e-06, 0.000800210400485, 0.000385615596315, 8.4122599219e-05, 0.00768812419847, 0.00846534129232, 8.81633786776e-06, 1.04820981051e-06, 1.82303188012e-06, 7.17383545634e-06, 1.91432974361e-07, 4.43073737699e-08, 2.57084540323e-08, 1.06707434e-08, 1.2306474062e-08, 4.45710846009e-09, 1.17047960213e-09, 9.49546552498e-10, 2.27679741727e-09, 2.77785083824e-09, 8.51385961731e-10, 3.77307185495e-10, 4.39638075944e-10, 3.92241322755e-10, 4.12457207277e-10, 8.58395909908e-10, 4.77003680999e-09],
        "max": [0.0211909804493, 0.116715863347, 0.0624037235975, 0.0629466846585, 0.695161402225, 0.767765045166, 0.0481094717979, 0.00771717866883, 0.0116838086396, 0.0183127559721, 0.00295303110033, 0.000946591899265, 0.000684714235831, 0.000449255458079, 0.000576259568334, 0.00038759491872, 0.000166832978721, 0.000130859189085, 0.000285870017251, 0.000247222080361, 0.000167646474438, 0.000100886158179, 0.000109981257992, 0.000121274555568, 0.000141892276588, 0.000212125480175, 0.000627947039902],
        "mean": [0.00117955973838, 0.0176495183259, 0.0109544480219, 0.00266624637879, 0.00774300144985, 0.011307887733, 0.00162815488875, 0.000257224659435, 0.000291862204904, 0.000270724500297, 0.000161976626259, 0.000174439963303, 0.000130901229568, 9.62407939369e-05, 0.000103359234345, 6.06592038821e-05, 3.60608100891e-05, 4.13441957789e-05, 6.73804315738e-05, 8.04972805781e-05, 5.66414128116e-05, 4.24077225034e-05, 4.79132177134e-05, 5.39800785191e-05, 6.86457933625e-05, 0.000113873837108, 0.00042730855057],
        "median": [0.000658983015455, 0.0131129948422, 0.00703689269722, 0.00142697943375, 0.0030930172652, 0.00236632628366, 0.000335783581249, 0.000141603435623, 0.00012711295858, 0.000147242302774, 0.000136281611049, 0.000150840511196, 0.000116743380204, 8.86535999598e-05, 0.000106802413939, 5.98092374275e-05, 3.61534075637e-05, 4.55647532362e-05, 7.54291686462e-05, 9.17545694392e-05, 6.54227187624e-05, 5.12143888045e-05, 5.86814749113e-05, 6.56204356346e-05, 8.52157390909e-05, 0.000141422497109, 0.000446335441666],
        "min": [1.18699407942e-11, 6.77592704168e-12, 4.30787306868e-12, 1.42204624812e-11, 8.0016042403e-11, 1.14409953733e-10, 4.32445537712e-11, 9.89582443767e-11, 2.82490308923e-10, 2.78262246578e-10, 2.03913372299e-10, 1.58605600875e-10, 6.1234967097e-10, 1.29398686211e-10, 5.11869366338e-11, 1.49490794743e-10, 1.22414009485e-10, 3.19780091296e-10, 2.12708323177e-10, 6.11129410966e-11, 8.34085744916e-10, 7.14108638888e-09, 3.15223438463e-08, 6.94455550843e-08, 8.55755004636e-08, 2.74005998335e-07, 7.26615007807e-06],
        "var": [3.38403424394e-06, 0.00039343937533, 0.000163890290423, 2.42308015004e-05, 0.00189108250197, 0.00284822494723, 3.24959291902e-05, 2.9026938364e-07, 8.30663623219e-07, 1.30744763283e-06, 5.17513072396e-08, 2.97466122845e-08, 1.52976404877e-08, 6.96073421125e-09, 8.01828026198e-09, 2.96330138205e-09, 8.50475911918e-10, 9.15988784822e-10, 2.60480792491e-09, 3.33594663005e-09, 1.51963996942e-09, 7.60990437332e-10, 8.94720630917e-10, 1.04043451632e-09, 1.58828805663e-09, 3.66880104075e-09, 9.52755030426e-09]
    },
    "erbbands": {
        "dmean": [0.383081436157, 3.06577157974, 10.2870817184, 9.01476955414, 18.2980918884, 16.0280361176, 63.6278495789, 51.3997268677, 17.1236801147, 6.55066490173, 4.08055210114, 5.55493021011, 7.9557800293, 6.09724664688, 4.4081401825, 3.5624320507, 3.35145282745, 2.69462275505, 2.20709991455, 2.12026691437, 1.42084634304, 0.800506651402, 0.883395969868, 0.93781965971, 1.27974200249, 1.29056346416, 0.918269097805, 0.471739977598, 0.440993487835, 0.372696727514, 0.342042267323, 0.262556940317, 0.208482727408, 0.151345476508, 0.101648248732, 0.0609474256635, 0.0421435311437, 0.0228793099523, 0.00839488487691, 0.00109528540634],
        "dmean2": [0.706691920757, 5.43561887741, 18.1170387268, 15.7572774887, 35.2112007141, 25.789888382, 110.974555969, 87.4769897461, 26.5317516327, 11.2235603333, 7.20497131348, 9.72840309143, 14.9231548309, 11.4723882675, 7.72467470169, 6.03944015503, 5.82819843292, 4.6346487999, 3.73538923264, 3.620657444, 2.42717266083, 1.41634583473, 1.55013096333, 1.5825138092, 2.2429151535, 2.18774318695, 1.58616578579, 0.774079740047, 0.761361658573, 0.625755190849, 0.61347424984, 0.455311655998, 0.355949908495, 0.266742616892, 0.178685188293, 0.104586109519, 0.0725309103727, 0.0393959283829, 0.0141715537757, 0.00178586912807],
        "dvar": [0.196413010359, 16.5058727264, 138.781295776, 152.288726807, 17645.1972656, 12119.0966797, 180448.1875, 157271.359375, 9923.15722656, 433.540466309, 108.388557434, 508.84576416, 1320.39147949, 1114.87854004, 149.824050903, 19.5852279663, 17.8163604736, 9.53740978241, 7.89594554901, 6.80405569077, 3.53072166443, 0.981328129768, 1.17885112762, 1.08059477806, 2.44703173637, 2.29199457169, 0.976313471794, 0.242956340313, 0.234740182757, 0.157780885696, 0.125745117664, 0.0813392698765, 0.0471504293382, 0.0260610468686, 0.0117949070409, 0.00432328227907, 0.00180303619709, 0.000385813997127, 4.47894781246e-05, 7.71425618495e-07],
        "dvar2": [0.606017231941, 49.9353561401, 419.103881836, 449.324310303, 52849.796875, 29482.1269531, 502105.21875, 428903.59375, 17698.0625, 1133.7878418, 292.2159729, 1354.74731445, 4336.46142578, 3299.94555664, 433.043334961, 53.8832015991, 50.3227806091, 29.2177772522, 22.9590969086, 19.8683948517, 9.49541759491, 2.88085532188, 3.70091819763, 3.10922574997, 6.53764009476, 6.68752717972, 2.7814977169, 0.632979512215, 0.685357749462, 0.450145632029, 0.416756302118, 0.244826391339, 0.128405630589, 0.0733253285289, 0.0320437885821, 0.0117025403306, 0.00492782378569, 0.00110302027315, 0.000116516392154, 1.89988054444e-06],
        "max": [2.35381054878, 30.3238697052, 65.5887985229, 138.576919556, 1623.68615723, 1538.62585449, 5508.48974609, 5578.31298828, 1658.64208984, 297.587799072, 136.261291504, 310.731018066, 442.870330811, 406.944885254, 141.150131226, 26.4771327972, 30.2343406677, 23.4366340637, 26.524389267, 22.7168521881, 19.5378379822, 7.46278142929, 8.13417816162, 8.76714420319, 15.1659517288, 12.7470169067, 8.32399082184, 5.31289863586, 3.78061342239, 3.64086818695, 3.21344423294, 2.74824571609, 2.1698179245, 1.4452393055, 1.13318026066, 0.708175837994, 0.458157151937, 0.222525045276, 0.0917320325971, 0.010968525894],
        "mean": [0.476913452148, 4.09039068222, 12.4813785553, 10.771030426, 15.3837060928, 19.3163108826, 83.461479187, 73.1393966675, 50.1841773987, 9.55550670624, 5.61347341537, 6.46751928329, 8.74664974213, 7.00421333313, 7.72345161438, 6.48062753677, 6.15819597244, 5.32914066315, 5.04638957977, 4.645570755, 3.16358184814, 2.04626107216, 2.28059792519, 2.70895385742, 3.72405076027, 3.80047035217, 2.916410923, 1.8525570631, 1.55992043018, 1.47408008575, 1.33987116814, 1.10618019104, 0.924753129482, 0.701701521873, 0.524317026138, 0.33694460988, 0.229643791914, 0.128420382738, 0.0520297288895, 0.00770354270935],
        "median": [0.336836099625, 2.74157643318, 8.46001720428, 7.24644470215, 5.37147951126, 7.49132299423, 29.6037731171, 9.68277549744, 5.03568506241, 5.01062011719, 3.12155389786, 2.71084094048, 4.16013908386, 4.56228208542, 6.72875642776, 5.71872425079, 5.87720155716, 5.01845169067, 5.23807811737, 4.75568008423, 3.15619683266, 2.14289927483, 2.55150580406, 3.06534337997, 4.21694231033, 4.24054288864, 3.42703199387, 2.1655728817, 1.82731831074, 1.72072529793, 1.61267900467, 1.31994009018, 1.08428478241, 0.839003145695, 0.643985927105, 0.421743273735, 0.276053786278, 0.144610092044, 0.0556510873139, 0.00793402642012],
        "min": [4.30040003607e-10, 7.92387266912e-10, 3.37479888479e-09, 2.94622601871e-08, 1.08147460764e-07, 3.04911537796e-07, 6.48409411497e-07, 9.95969685391e-07, 6.94665857282e-07, 5.91175933096e-07, 4.02044588554e-06, 6.83821508574e-06, 5.17234411745e-06, 1.21684579426e-05, 6.01161309532e-06, 8.47921091918e-06, 2.55629020103e-05, 1.32945770019e-05, 3.56064606422e-06, 3.74817955162e-06, 8.98420330486e-06, 6.46739590593e-06, 1.17399049486e-05, 2.0263621991e-05, 6.65202469463e-06, 2.48408741754e-06, 6.95386643201e-06, 8.10646233731e-05, 0.000290706258966, 0.000549168325961, 0.0010253561195, 0.00138698052615, 0.00118348805699, 0.00105865602382, 0.000554778147489, 0.000202600625926, 0.000645363354124, 0.000782965042163, 0.000562740664463, 0.000158919618116],
        "var": [0.253101378679, 24.1218795776, 192.765579224, 198.306884766, 9825.046875, 10684.7275391, 122388.070312, 165647.546875, 45150.0703125, 543.282043457, 115.159584045, 477.150695801, 1001.07275391, 625.72479248, 118.242195129, 37.9378128052, 31.847951889, 20.5303897858, 17.2751750946, 15.4743623734, 7.32147455215, 2.42683935165, 2.82532167435, 3.81596159935, 7.70564651489, 7.75657653809, 4.15251731873, 1.55027353764, 1.08247411251, 0.917959094048, 0.700101852417, 0.463712662458, 0.308262676001, 0.174324855208, 0.096730440855, 0.0403091683984, 0.0154676493257, 0.00264244992286, 0.000217646447709, 2.41650036514e-06]
    },
    "gfcc": {
        "mean": [-36.4558067322, 15.9559717178, -41.2453651428, 6.62642192841, -25.8673400879, 3.85308218002, -20.0583705902, -5.40356254578, -15.5623178482, 1.24798727036, -5.95990943909, 0.868269622326, -4.81134223938],
        "cov": [[25324.9121094, 12500.3349609, 470.885040283, 2939.84716797, 132.334976196, -131.054885864, -229.012954712, -35.9400024414, -1513.9173584, 793.551025391, 13.9066162109, 56.015247345, 100.73600769], [12500.3349609, 6336.10253906, 382.607055664, 1445.06921387, 33.7118263245, -63.6042404175, -147.111679077, -43.8695335388, -742.547729492, 392.309753418, 32.1316146851, 53.0515556335, 51.0199127197], [470.885040283, 382.607055664, 258.931213379, 92.5817947388, -2.57811713219, 32.5005493164, -43.4522514343, -38.8146743774, -19.8529090881, 19.062494278, 38.365436554, 34.3315505981, -5.06306695938], [2939.84716797, 1445.06921387, 92.5817947388, 419.106781006, 77.809173584, 26.7219028473, -5.86220741272, 2.22859477997, -179.994766235, 95.7683334351, 10.3699865341, 10.9524250031, 10.7263965607], [132.334976196, 33.7118263245, -2.57811713219, 77.809173584, 87.4312667847, 58.6265602112, 36.4196395874, 15.4168024063, -11.0300941467, 3.06222224236, -1.35801935196, -2.41329336166, 2.00471949577], [-131.054885864, -63.6042404175, 32.5005493164, 26.7219028473, 58.6265602112, 74.2908630371, 38.1415786743, 7.02599382401, 3.71012592316, -7.40519189835, 1.86655676365, 1.6016780138, -2.45475268364], [-229.012954712, -147.111679077, -43.4522514343, -5.86220741272, 36.4196395874, 38.1415786743, 58.6326789856, 34.7388038635, 18.7043914795, -3.6654586792, -3.18968391418, -5.90001153946, 1.60558116436], [-35.9400024414, -43.8695335388, -38.8146743774, 2.22859477997, 15.4168024063, 7.02599382401, 34.7388038635, 41.8302536011, 22.7190952301, 9.80677986145, 1.83226275444, -2.65677452087, 4.95273065567], [-1513.9173584, -742.547729492, -19.8529090881, -179.994766235, -11.0300941467, 3.71012592316, 18.7043914795, 22.7190952301, 125.355644226, -25.7171649933, 12.6899642944, 3.07938623428, -2.64616680145], [793.551025391, 392.309753418, 19.062494278, 95.7683334351, 3.06222224236, -7.40519189835, -3.6654586792, 9.80677986145, -25.7171649933, 55.9088516235, 24.0911483765, 11.3346128464, 6.84232997894], [13.9066162109, 32.1316146851, 38.365436554, 10.3699865341, -1.35801935196, 1.86655676365, -3.18968391418, 1.83226275444, 12.6899642944, 24.0911483765, 38.9849128723, 24.7985706329, 8.0414981842], [56.015247345, 53.0515556335, 34.3315505981, 10.9524250031, -2.41329336166, 1.6016780138, -5.90001153946, -2.65677452087, 3.07938623428, 11.3346128464, 24.7985706329, 31.8962898254, 17.9735126495], [100.73600769, 51.0199127197, -5.06306695938, 10.7263965607, 2.00471949577, -2.45475268364, 1.60558116436, 4.95273065567, -2.64616680145, 6.84232997894, 8.0414981842, 17.9735126495, 27.7781467438]],
        "icov": [[0.00534644210711, -0.00841438770294, 0.0058350362815, -0.00632192846388, 0.00299110845663, -0.00312438094988, 0.00385706825182, -0.00362665089779, 0.0049579157494, -0.00761150522158, 0.0054099438712, -0.00133596756496, 0.00114794354886], [-0.00841438770294, 0.0163596589118, -0.0115628903732, 0.00639798678458, -0.000156887326739, 0.0028356614057, -0.00117858801968, -0.00256951153278, 0.00362133630551, 0.00130555429496, -0.00189807091374, -0.000879242026713, -0.00218149251305], [0.0058350362815, -0.0115628903732, 0.0223604403436, -0.0186780262738, 0.0167688317597, -0.0202680788934, 0.0124102607369, 0.00807260442525, -0.0185047313571, 0.0140183111653, -0.0100606512278, -0.00155457993969, 0.00490969186649], [-0.00632192846388, 0.00639798678458, -0.0186780262738, 0.0528053976595, -0.0450673103333, 0.0195671916008, -0.00497736176476, -0.0133472792804, 0.0283652860671, -0.0210876390338, 0.00643908418715, -0.00761912250891, 0.00599135458469], [0.00299110845663, -0.000156887326739, 0.0167688317597, -0.0450673103333, 0.0714022964239, -0.0473575294018, 0.0142072001472, -0.00183139764704, -0.0172946620733, 0.0159809198231, -0.00874406099319, 0.0112702073529, -0.0102775236592], [-0.00312438094988, 0.0028356614057, -0.0202680788934, 0.0195671916008, -0.0473575294018, 0.0765210092068, -0.0580900609493, 0.0320361293852, 6.71532416163e-06, -0.000521045702044, 0.00552251189947, -0.00698204059154, 0.00574568705633], [0.00385706825182, -0.00117858801968, 0.0124102607369, -0.00497736176476, 0.0142072001472, -0.0580900609493, 0.104848340154, -0.0840034931898, 0.033584754914, -0.0150987748057, 0.00390443741344, -0.00235587940551, 0.00243221665733], [-0.00362665089779, -0.00256951153278, 0.00807260442525, -0.0133472792804, -0.00183139764704, 0.0320361293852, -0.0840034931898, 0.130718916655, -0.0807507783175, 0.0348464138806, -0.0199592635036, 0.0187430791557, -0.0136166503653], [0.0049579157494, 0.00362133630551, -0.0185047313571, 0.0283652860671, -0.0172946620733, 6.71532416163e-06, 0.033584754914, -0.0807507783175, 0.116201885045, -0.0790180563927, 0.0348396077752, -0.0218662433326, 0.00934403948486], [-0.00761150522158, 0.00130555429496, 0.0140183111653, -0.0210876390338, 0.0159809198231, -0.000521045702044, -0.0150987748057, 0.0348464138806, -0.0790180563927, 0.136080607772, -0.0913532748818, 0.0419748425484, -0.0123970480636], [0.0054099438712, -0.00189807091374, -0.0100606512278, 0.00643908418715, -0.00874406099319, 0.00552251189947, 0.00390443741344, -0.0199592635036, 0.0348396077752, -0.0913532748818, 0.128317385912, -0.0863569900393, 0.0285498574376], [-0.00133596756496, -0.000879242026713, -0.00155457993969, -0.00761912250891, 0.0112702073529, -0.00698204059154, -0.00235587940551, 0.0187430791557, -0.0218662433326, 0.0419748425484, -0.0863569900393, 0.136136800051, -0.0710259899497], [0.00114794354886, -0.00218149251305, 0.00490969186649, 0.00599135458469, -0.0102775236592, 0.00574568705633, 0.00243221665733, -0.0136166503653, 0.00934403948486, -0.0123970480636, 0.0285498574376, -0.0710259899497, 0.0795966908336]]
    },
    "melbands": {
        "dmean": [0.00341822183691, 0.00443175015971, 0.00175841443706, 0.00124089932069, 0.00186962459702, 0.00117757054977, 0.00024016777752, 6.3969688199e-05, 3.26338304149e-05, 3.54081021214e-05, 4.09837848565e-05, 2.71912922472e-05, 1.33117273435e-05, 1.33484491016e-05, 7.18134469935e-06, 7.60013381296e-06, 5.20800995218e-06, 3.78126833311e-06, 4.2781935008e-06, 2.31638432524e-06, 1.57731074069e-06, 9.85062456493e-07, 8.42962435854e-07, 8.39930805796e-07, 8.64833793912e-07, 1.21811012832e-06, 9.74847921498e-07, 9.38835910347e-07, 7.48749471313e-07, 4.44167000069e-07, 2.69235357564e-07, 3.06382162307e-07, 2.03547642741e-07, 2.59892715349e-07, 2.43379616904e-07, 1.87661001405e-07, 1.81208790195e-07, 1.75520909806e-07, 1.5191511693e-07, 1.39379423558e-07],
        "dmean2": [0.00622378615662, 0.00766076659784, 0.00314918160439, 0.00223246682435, 0.00320572475903, 0.00198584166355, 0.000378080148948, 0.000112190922664, 5.77892096771e-05, 6.20091159362e-05, 7.71579871071e-05, 5.1212238759e-05, 2.42103469645e-05, 2.21390437218e-05, 1.22855599329e-05, 1.29269183162e-05, 9.04070020624e-06, 6.47844808555e-06, 7.56211147745e-06, 3.88823855246e-06, 2.75637808045e-06, 1.71839803897e-06, 1.49701043028e-06, 1.3953092548e-06, 1.48210426687e-06, 2.14529859477e-06, 1.68371877862e-06, 1.59976627856e-06, 1.29823831685e-06, 7.30757335532e-07, 4.45742983857e-07, 5.37826167601e-07, 3.38184861448e-07, 4.54845860531e-07, 4.28839882716e-07, 3.20612315363e-07, 3.19613235433e-07, 3.022071553e-07, 2.59675232428e-07, 2.45631611051e-07],
        "dvar": [1.76133416971e-05, 2.79461291939e-05, 2.25241201406e-05, 8.95221382962e-05, 0.000148707884364, 8.05853924248e-05, 1.85672979569e-06, 3.54080782472e-08, 5.38337463496e-09, 2.29742322944e-08, 3.53974876077e-08, 2.23334062355e-08, 1.53695156602e-09, 3.33993416257e-10, 8.85865686362e-11, 9.36383193206e-11, 3.30021877881e-11, 2.12755941337e-11, 2.86902984009e-11, 7.99395966089e-12, 4.71211568029e-12, 1.57271580741e-12, 1.05547536856e-12, 1.05068970017e-12, 9.39224175864e-13, 2.19550180987e-12, 1.23673369722e-12, 1.17882038766e-12, 6.26498256485e-13, 2.31315970068e-13, 7.42126290434e-14, 1.12906056303e-13, 5.16611323761e-14, 8.72656710348e-14, 6.64435750885e-14, 3.56147437117e-14, 4.33832284604e-14, 3.33021370896e-14, 2.63959860913e-14, 2.24315669663e-14],
        "dvar2": [5.35636063432e-05, 8.63149834913e-05, 6.69817382004e-05, 0.000251004996244, 0.000403246551286, 0.000217633220018, 3.39113535119e-06, 9.81239267617e-08, 1.44416789638e-08, 6.26664231618e-08, 1.16102413017e-07, 6.57436700635e-08, 4.46082504268e-09, 8.78014716488e-10, 2.47663639596e-10, 2.68651212387e-10, 1.02327472884e-10, 6.21238616105e-11, 8.18402151603e-11, 2.26154373006e-11, 1.23766457152e-11, 4.50892231538e-12, 3.25658380471e-12, 3.09207412279e-12, 2.72491794753e-12, 5.91478081791e-12, 3.55135625768e-12, 3.38118161941e-12, 1.90391842916e-12, 6.45835164861e-13, 1.99656358612e-13, 3.26599343273e-13, 1.46695115365e-13, 2.45865854802e-13, 2.2379980627e-13, 1.01829514872e-13, 1.30797445357e-13, 9.14872019288e-14, 7.52422077551e-14, 6.36974739447e-14],
        "max": [0.0259198211133, 0.030746595934, 0.0612036064267, 0.124128639698, 0.161094397306, 0.127345234156, 0.0222839768976, 0.00251650577411, 0.000932051800191, 0.00211252644658, 0.00228441925719, 0.00180995964911, 0.000457743939478, 0.000139348092489, 7.05207057763e-05, 7.75817825343e-05, 4.22458251705e-05, 3.97047988372e-05, 4.83294861624e-05, 2.92477470794e-05, 2.0415547624e-05, 1.01339765024e-05, 7.44686121834e-06, 7.39293000152e-06, 6.9740217441e-06, 1.22269721032e-05, 8.44762598717e-06, 8.53961319081e-06, 5.84382996749e-06, 3.92080028178e-06, 2.61041577687e-06, 2.44148191086e-06, 2.1197283786e-06, 2.42767532654e-06, 2.21364507524e-06, 1.70861596871e-06, 1.93074083654e-06, 1.58476598244e-06, 1.56230441917e-06, 1.36112475957e-06],
        "mean": [0.00461560627446, 0.00630319537595, 0.00205493508838, 0.00115897785872, 0.00243456359021, 0.00180820643436, 0.000690625456627, 8.02362192189e-05, 4.34997818957e-05, 4.17306036979e-05, 4.37202397734e-05, 2.86452432192e-05, 2.41287016252e-05, 2.14459923882e-05, 1.39081266752e-05, 1.31576425701e-05, 9.37240019994e-06, 7.78600224294e-06, 7.91255570221e-06, 4.74207581647e-06, 3.46723913935e-06, 2.14361807593e-06, 1.91282015294e-06, 2.01291572921e-06, 2.09956124309e-06, 2.94394999401e-06, 2.59585135609e-06, 2.46013814831e-06, 1.99410260393e-06, 1.3314501075e-06, 9.56010126174e-07, 9.09057291665e-07, 7.65576771755e-07, 8.46645889396e-07, 7.88210684277e-07, 6.8247317131e-07, 6.72747944463e-07, 6.48954085136e-07, 6.04417493832e-07, 5.8419158222e-07],
        "median": [0.0034703342244, 0.00424888916314, 0.00140658323653, 0.000436554750195, 0.000875357422046, 0.000272859935649, 7.12067485438e-05, 4.78755428048e-05, 2.31259527936e-05, 1.6315785615e-05, 2.03012441489e-05, 1.74656433956e-05, 2.15505115193e-05, 1.72803065652e-05, 1.29474410642e-05, 1.14905724331e-05, 8.14588383946e-06, 7.53669564801e-06, 7.65324148233e-06, 4.41906195192e-06, 3.49143419953e-06, 2.16366493078e-06, 1.97980261873e-06, 2.15158297578e-06, 2.19247931454e-06, 3.06873630507e-06, 2.78774791695e-06, 2.59425723925e-06, 2.20346100832e-06, 1.47560922414e-06, 1.09185884867e-06, 1.02139608771e-06, 8.79852223079e-07, 9.66529682955e-07, 9.11903839551e-07, 7.98493147158e-07, 7.78815831382e-07, 7.56250415179e-07, 7.03748241904e-07, 6.86625526214e-07],
        "min": [3.4046339966e-12, 1.41278026604e-12, 6.80914829729e-12, 1.42430390399e-11, 2.15218329269e-11, 2.20062371104e-11, 1.04194968625e-11, 6.95356619507e-12, 3.95340010728e-11, 4.06359113025e-11, 2.52930766609e-11, 5.01574545786e-11, 2.35447980557e-11, 1.3957257225e-11, 3.95748919746e-11, 6.1207677815e-11, 1.91653411891e-11, 5.40443124281e-12, 3.70077839901e-12, 8.4624824509e-12, 1.05439797518e-11, 6.64469868017e-12, 5.57929353759e-12, 1.79026515834e-11, 1.71305105517e-11, 5.11442797835e-12, 3.69174352546e-12, 1.01682226007e-12, 2.05922215044e-12, 8.28125675673e-12, 5.89266344053e-11, 1.73139114157e-10, 1.27391625027e-10, 4.27977903117e-10, 6.13962047868e-10, 6.36775021601e-10, 8.97147856005e-10, 8.71110406031e-10, 8.21529844153e-10, 8.54270987283e-10],
        "var": [2.46568888542e-05, 4.42089294665e-05, 1.70113362401e-05, 6.01530264248e-05, 0.000107123007183, 8.86200432433e-05, 8.37286552269e-06, 3.2019194407e-08, 6.49540510267e-09, 2.21451195159e-08, 2.56581405012e-08, 1.23448220535e-08, 1.17327692006e-09, 5.20623100186e-10, 1.66096206233e-10, 1.58519405935e-10, 6.62848803623e-11, 4.32437731457e-11, 5.0936824203e-11, 1.72616452382e-11, 9.03863876106e-12, 3.05503821026e-12, 2.21265302087e-12, 2.44911361157e-12, 2.51629836759e-12, 5.55414741976e-12, 3.74239788464e-12, 3.47114307783e-12, 2.08588875339e-12, 9.06911156416e-13, 4.18351903684e-13, 4.01015619366e-13, 2.58936210147e-13, 3.29827636557e-13, 2.62908130596e-13, 1.87108100823e-13, 1.79654251545e-13, 1.61306081339e-13, 1.34762345597e-13, 1.27346402737e-13]
    },
    "mfcc": {
        "mean": [-714.752929688, 89.8213195801, 32.8085174561, 19.8275585175, 15.1864929199, 12.7051134109, 9.73028659821, 0.050327245146, -1.15525627136, 3.52842020988, -2.05135679245, -1.0083245039, 3.2504556179],
        "cov": [[24385.8554688, 9145.59765625, 1333.37634277, 2750.00512695, 313.527496338, 863.689697266, 710.343566895, -594.401428223, -440.580291748, -203.971603394, -450.043151855, -132.06427002, 265.216949463], [9145.59765625, 3591.21777344, 632.010620117, 1039.54602051, 123.901473999, 308.339294434, 247.107345581, -245.759613037, -198.311004639, -94.4891891479, -174.80632019, -48.9220848083, 114.688049316], [1333.37634277, 632.010620117, 281.251342773, 181.670715332, 51.7623405457, 51.8744735718, 36.0054626465, -53.9401512146, -72.4466094971, -30.6776981354, -32.5552101135, -1.41781020164, 45.0460243225], [2750.00512695, 1039.54602051, 181.670715332, 360.501678467, 67.7631454468, 116.377510071, 95.5288238525, -62.6691703796, -52.8807258606, -23.1384105682, -50.9783096313, -7.66094303131, 39.9491233826], [313.527496338, 123.901473999, 51.7623405457, 67.7631454468, 59.9012107849, 49.3916358948, 34.2630729675, 2.38902640343, -8.18846702576, -1.96385812759, -6.48374652863, 4.74430418015, 13.1698617935], [863.689697266, 308.339294434, 51.8744735718, 116.377510071, 49.3916358948, 88.6939926147, 68.6428070068, -0.993617773056, -8.61979484558, -2.98457336426, -15.6543416977, 0.734223783016, 13.8603181839], [710.343566895, 247.107345581, 36.0054626465, 95.5288238525, 34.2630729675, 68.6428070068, 77.4191207886, 11.9692659378, -0.958348929882, 2.05661177635, -10.7713088989, 1.81214106083, 13.2280101776], [-594.401428223, -245.759613037, -53.9401512146, -62.6691703796, 2.38902640343, -0.993617773056, 11.9692659378, 52.0761489868, 34.6044158936, 14.8519525528, 14.8758716583, 6.75217437744, -7.01099634171], [-440.580291748, -198.311004639, -72.4466094971, -52.8807258606, -8.18846702576, -8.61979484558, -0.958348929882, 34.6044158936, 48.9004631042, 22.2482643127, 16.4066791534, 5.98401069641, -12.0035305023], [-203.971603394, -94.4891891479, -30.6776981354, -23.1384105682, -1.96385812759, -2.98457336426, 2.05661177635, 14.8519525528, 22.2482643127, 31.2560691833, 19.7108860016, 6.92589426041, -2.36408996582], [-450.043151855, -174.80632019, -32.5552101135, -50.9783096313, -6.48374652863, -15.6543416977, -10.7713088989, 14.8758716583, 16.4066791534, 19.7108860016, 35.1405296326, 16.7998924255, -2.48354816437], [-132.06427002, -48.9220848083, -1.41781020164, -7.66094303131, 4.74430418015, 0.734223783016, 1.81214106083, 6.75217437744, 5.98401069641, 6.92589426041, 16.7998924255, 29.9458599091, 13.7560119629], [265.216949463, 114.688049316, 45.0460243225, 39.9491233826, 13.1698617935, 13.8603181839, 13.2280101776, -7.01099634171, -12.0035305023, -2.36408996582, -2.48354816437, 13.7560119629, 30.0514431]],
