{
"lowlevel": {
    "average_loudness": 0.895080089569,
    "barkbands_crest": {
        "dmean": 1.49187636375,
        "dmean2": 2.54038476944,
        "dvar": 3.37152314186,
        "dvar2": 7.29681825638,
        "max": 20.6330432892,
        "mean": 12.7042274475,
        "median": 13.0243062973,
        "min": 6.1229186058,
        "var": 10.0720252991
    },
    "barkbands_flatness_db": {
        "dmean": 0.0126543445513,
        "dmean2": 0.0193390063941,
        "dvar": 0.00026289105881,
        "dvar2": 0.000489834113978,
        "max": 0.328948676586,
        "mean": 0.204191192985,
        "median": 0.195301428437,
        "min": 0.0644356310368,
        "var": 0.00375810172409
    },
    "barkbands_kurtosis": {
        "dmean": 10.510725975,
        "dmean2": 18.3711891174,
        "dvar": 146.360183716,
        "dvar2": 427.121582031,
        "max": 88.7696990967,
        "mean": 18.2980918884,
        "median": 11.7377052307,
        "min": 2.41192245483,
        "var": 299.562042236
    },
    "barkbands_skewness": {
        "dmean": 0.802531659603,
        "dmean2": 1.42453539371,
        "dvar": 0.740977287292,
        "dvar2": 1.86092352867,
        "max": 6.60122966766,
        "mean": 0.998941302299,
        "median": 0.728298246861,
        "min": -1.38678061962,
        "var": 2.18826270103
    },
    "barkbands_spread": {
        "dmean": 2.81629419327,
        "dmean2": 4.76937913895,
        "dvar": 16.0459537506,
        "dvar2": 32.9826622009,
        "max": 39.8688964844,
        "mean": 9.09500217438,
        "median": 7.62077856064,
        "min": 1.20234251022,
        "var": 52.4645118713
    },
    "dissonance": {
        "dmean": 0.043863914907,
        "dmean2": 0.077908039093,
        "dvar": 0.00129882234614,
        "dvar2": 0.00300702219829,
        "max": 0.493602991104,
        "mean": 0.341014534235,
        "median": 0.339654922485,
        "min": 0.168987318873,
        "var": 0.00741585530341
    },
    "dynamic_complexity": 4.88738536835,
    "erbbands_crest": {
        "dmean": 1.05974686146,
        "dmean2": 1.65434575081,
        "dvar": 2.50952792168,
        "dvar2": 6.10377645493,
        "max": 24.9356136322,
        "mean": 20.254989624,
        "median": 22.8526344299,
        "min": 2.9277536869,
        "var": 38.3610687256
    },
    "erbbands_flatness_db": {
        "dmean": 0.0101301856339,
        "dmean2": 0.015329583548,
        "dvar": 0.000113384950964,
        "dvar2": 0.000204010648304,
        "max": 0.370758622885,
        "mean": 0.228335365653,
        "median": 0.229022294283,
        "min": 0.0364754013717,
        "var": 0.00839355122298
    },
    "erbbands_kurtosis": {
        "dmean": 9.87124633789,
        "dmean2": 16.5490493774,
        "dvar": 166.018310547,
        "dvar2": 415.299072266,
        "max": 160.131530762,
        "mean": 57.2428855896,
        "median": 44.3259048462,
        "min": -1.11610352993,
        "var": 2225.16479492
    },
    "erbbands_skewness": {
        "dmean": 0.791316747665,
        "dmean2": 1.27591013908,
        "dvar": 0.319533675909,
        "dvar2": 1.01721024513,
        "max": 8.70433998108,
        "mean": 4.47704982758,
        "median": 4.64585161209,
        "min": 0.24141843617,
        "var": 5.00370645523
    },
    "erbbands_spread": {
        "dmean": 1.94226443768,
        "dmean2": 2.31152915955,
        "dvar": 16.8575839996,
        "dvar2": 16.8337898254,
        "max": 92.6140060425,
        "mean": 13.5435361862,
        "median": 4.43418359756,
        "min": 0.745032846928,
        "var": 568.460021973
    },
    "hfc": {
        "dmean": 0.932613909245,
        "dmean2": 0.935111641884,
        "dvar": 6.0773859024,
        "dvar2": 8.5663766861,
        "max": 48.3432312012,
        "mean": 10.9595098495,
        "median": 6.99603557587,
        "min": 0.0339535102248,
        "var": 116.407752991
    },
    "melbands_crest": {
        "dmean": 2.82535648346,
        "dmean2": 4.8822221756,
        "dvar": 5.92220115662,
        "dvar2": 17.0839557648,
        "max": 30.4207611084,
        "mean": 22.0682163239,
        "median": 22.9736404419,
        "min": 10.7697906494,
        "var": 31.667640686
    },
    "melbands_flatness_db": {
        "dmean": 0.0148131856695,
        "dmean2": 0.0231961179525,
        "dvar": 0.000390361412428,
        "dvar2": 0.000679782708175,
        "max": 0.428163588047,
        "mean": 0.313745170832,
        "median": 0.313209444284,
        "min": 0.16938072443,
        "var": 0.00342518347315
    },
    "melbands_kurtosis": {
        "dmean": 8.50375461578,
        "dmean2": 13.1185455322,
        "dvar": 304.487060547,
        "dvar2": 648.273376465,
        "max": 179.616668701,
        "mean": 13.1566581726,
        "median": 4.0079240799,
        "min": -0.862548112869,
        "var": 610.412231445
    },
    "melbands_skewness": {
        "dmean": 0.615535020828,
        "dmean2": 0.975069642067,
        "dvar": 0.561840057373,
        "dvar2": 0.925455868244,
        "max": 10.8857727051,
        "mean": -0.122076496482,
        "median": -0.733738064766,
        "min": -3.59854388237,
        "var": 7.44263792038
    },
    "melbands_spread": {
        "dmean": 2.59964179993,
        "dmean2": 4.59741067886,
        "dvar": 5.85070943832,
        "dvar2": 13.7197198868,
        "max": 17.7227401733,
        "mean": 9.14161586761,
        "median": 9.06186676025,
        "min": 1.47026002407,
        "var": 21.0329055786
    },
    "pitch_salience": {
        "dmean": 0.0589130707085,
        "dmean2": 0.0978905782104,
        "dvar": 0.00423885323107,
        "dvar2": 0.00844711624086,
        "max": 0.791628181934,
        "mean": 0.35311242938,
        "median": 0.338367849588,
        "min": 0.131498336792,
        "var": 0.0182431582361
    },
    "silence_rate_20dB": {
        "dmean": 0,
        "dmean2": 0,
        "dvar": 0,
        "dvar2": 0,
        "max": 1,
        "mean": 1,
        "median": 1,
        "min": 1,
        "var": 0
    },
    "silence_rate_30dB": {
        "dmean": 0,
        "dmean2": 0,
        "dvar": 0,
        "dvar2": 0,
        "max": 1,
        "mean": 1,
        "median": 1,
        "min": 1,
        "var": 0
    },
    "silence_rate_60dB": {
        "dmean": 0.0333333350718,
        "dmean2": 0.0561797767878,
        "dvar": 0.0322222262621,
        "dvar2": 0.0530236177146,
        "max": 1,
        "mean": 0.142857149243,
        "median": 0,
        "min": 0,
        "var": 0.122448973358
    },
    "spectral_centroid": {
        "dmean": 56.9221878052,
        "dmean2": 87.1942825317,
        "dvar": 16796.8398438,
        "dvar2": 28145.2753906,
        "max": 1902.859375,
        "mean": 694.620605469,
        "median": 638.07421875,
        "min": 467.05267334,
        "var": 30102.2421875
    },
    "spectral_complexity": {
        "dmean": 0.977777779102,
        "dmean2": 1.71910107136,
        "dvar": 0.843950331211,
        "dvar2": 2.13457846642,
        "max": 8,
        "mean": 4.8351650238,
        "median": 5,
        "min": 0,
        "var": 2.11568617821
    },
    "spectral_decrease": {
        "dmean": 5.03423913667e-10,
        "dmean2": 6.35786423508e-10,
        "dvar": 8.99851014305e-19,
        "dvar2": 1.25347134656e-18,
        "max": -5.58609668938e-12,
        "mean": -4.42977121651e-09,
        "median": -3.04426950315e-09,
        "min": -1.88771256404e-08,
        "var": 1.88586343596e-17
    },
    "spectral_energy": {
        "dmean": 0.00197423505597,
        "dmean2": 0.00246169744059,
        "dvar": 1.44376208482e-05,
        "dvar2": 2.00624654099e-05,
        "max": 0.0756315812469,
        "mean": 0.0177130382508,
        "median": 0.0120066301897,
        "min": 2.41629077209e-05,
        "var": 0.000301621592371
    },
    "spectral_energyband_high": {
        "dmean": 6.90993692842e-06,
        "dmean2": 1.1407587408e-05,
        "dvar": 2.25099813789e-10,
        "dvar2": 5.45222866855e-10,
        "max": 0.000167378108017,
        "mean": 5.23864837305e-05,
        "median": 5.01318900206e-05,
        "min": 1.58766692948e-06,
        "var": 2.34049363224e-10
    },
    "spectral_energyband_low": {
        "dmean": 0.000956686097197,
        "dmean2": 0.00171215133741,
        "dvar": 6.97459938692e-07,
        "dvar2": 1.9741644337e-06,
        "max": 0.00516033126041,
        "mean": 0.00161993701477,
        "median": 0.00144248094875,
        "min": 1.16754999908e-05,
        "var": 1.01792545593e-06
    },
    "spectral_energyband_middle_high": {
        "dmean": 6.50206275168e-05,
        "dmean2": 0.000118131196359,
        "dvar": 6.00931748806e-09,
        "dvar2": 1.4367298462e-08,
        "max": 0.00112409936264,
        "mean": 0.000284111447399,
        "median": 0.000289437244646,
        "min": 2.645563427e-06,
        "var": 2.56256260656e-08
    },
    "spectral_energyband_middle_low": {
        "dmean": 0.00151267694309,
        "dmean2": 0.00150301284157,
        "dvar": 1.38767245517e-05,
        "dvar2": 1.72710060724e-05,
        "max": 0.0724992826581,
        "mean": 0.0159872751683,
        "median": 0.00903042498976,
        "min": 8.25255483505e-06,
        "var": 0.000297874415992
    },
    "spectral_entropy": {
        "dmean": 0.114625252783,
        "dmean2": 0.177292153239,
        "dvar": 0.0236350037158,
        "dvar2": 0.0365006327629,
        "max": 8.61502933502,
        "mean": 6.71236276627,
        "median": 6.80476617813,
        "min": 5.26924371719,
        "var": 0.624047160149
    },
    "spectral_flux": {
        "dmean": 0.00931459665298,
        "dmean2": 0.0133763737977,
        "dvar": 0.000161520656548,
        "dvar2": 0.000155162604642,
        "max": 0.200270697474,
        "mean": 0.033118057996,
        "median": 0.0289708301425,
        "min": 0.0153513345867,
        "var": 0.000493307190482
    },
    "spectral_kurtosis": {
        "dmean": 0.919911384583,
        "dmean2": 1.53519928455,
        "dvar": 0.834253430367,
        "dvar2": 1.76886022091,
        "max": 18.854631424,
        "mean": 10.0514507294,
        "median": 9.94573879242,
        "min": 3.4611697197,
        "var": 13.6935529709
    },
    "spectral_rms": {
        "dmean": 0.000262477144133,
        "dmean2": 0.000362259044778,
        "dvar": 1.01032512134e-07,
        "dvar2": 1.76204949298e-07,
        "max": 0.00858993083239,
        "mean": 0.0036944586318,
        "median": 0.00342254084535,
        "min": 0.000153536864673,
        "var": 3.63199933417e-06
    },
    "spectral_rolloff": {
        "dmean": 37.802734375,
        "dmean2": 59.2767944336,
        "dvar": 18467.9257812,
        "dvar2": 25989.78125,
        "max": 1291.9921875,
        "mean": 601.273193359,
        "median": 624.462890625,
        "min": 107.666015625,
        "var": 21351.9609375
    },
    "spectral_skewness": {
        "dmean": 0.119471102953,
        "dmean2": 0.19910505414,
        "dvar": 0.0149560309947,
        "dvar2": 0.0293485317379,
        "max": 3.72356891632,
        "mean": 2.66344046593,
        "median": 2.69859194756,
        "min": 1.54908919334,
        "var": 0.275185644627
    },
    "spectral_spread": {
        "dmean": 294259.5,
        "dmean2": 440491.625,
        "dvar": 273488805888,
        "dvar2": 322280128512,
        "max": 12947931,
        "mean": 5594764.5,
        "median": 5237614.5,
        "min": 3590025.25,
        "var": 1.95711152947e+12
    },
    "spectral_strongpeak": {
        "dmean": 0.175824597478,
        "dmean2": 0.205472201109,
        "dvar": 0.273535370827,
        "dvar2": 0.328483939171,
        "max": 6.69916248322,
        "mean": 2.41387009621,
        "median": 2.08865404129,
        "min": 0.00175116630271,
        "var": 3.09586071968
    },
    "zerocrossingrate": {
        "dmean": 0.00488823791966,
        "dmean2": 0.0068194787018,
        "dvar": 5.72707613173e-05,
        "dvar2": 0.000103695747384,
        "max": 0.12890625,
        "mean": 0.0470788963139,
        "median": 0.03857421875,
        "min": 0.01416015625,
        "var": 0.000537956482731
    },
    "barkbands": {
        "dmean": [7.05421261955e-05, 0.000812543614302, 0.000379577744752, 0.00011964062287, 0.00020939661772, 4.96841021231e-05, 3.16744262818e-05, 0.000495494401548, 0.000952949223574, 9.50405083131e-05, 8.62469732965e-06, 1.01468212961e-05, 4.81411234432e-06, 6.50861966278e-06, 3.87991940443e-06, 4.79611298942e-06, 3.36048697136e-06, 1.51108008595e-06, 3.04182572108e-06, 2.28155818149e-06, 1.81539269306e-06, 9.76372803052e-07, 8.39282336074e-07, 1.01086629911e-06, 9.082744441e-07, 1.74235754002e-06, 3.14967178383e-06],
        "dmean2": [0.000133617286338, 0.00144712009933, 0.000649754656479, 0.000210273967241, 0.000375513656763, 8.51725344546e-05, 5.17109911016e-05, 0.000543917180039, 0.000887431378942, 0.00016971975856, 1.17376484923e-05, 1.71432275238e-05, 7.52124742576e-06, 1.10084065454e-05, 6.92028788762e-06, 7.1574318099e-06, 5.98248834649e-06, 2.63624770014e-06, 5.02276225234e-06, 3.76465277441e-06, 2.99029170492e-06, 1.60229978974e-06, 1.35820437208e-06, 1.69074087353e-06, 1.49033212438e-06, 2.75996239907e-06, 5.20935236636e-06],
        "dvar": [3.0226003922e-09, 5.24791346379e-07, 1.0012828966e-07, 9.70028857239e-09, 9.40362525625e-08, 4.38258451751e-09, 2.05701500278e-09, 9.64830178418e-07, 7.43409555071e-06, 9.14211284453e-09, 2.6290727928e-10, 1.87701271193e-10, 5.13940938418e-11, 3.11171782785e-10, 2.17152164306e-11, 1.67002134344e-10, 1.93110406138e-11, 6.15198213552e-12, 5.89783014093e-11, 3.1784574972e-11, 3.31776468278e-12, 7.74486974119e-13, 8.80828342122e-13, 1.24262861285e-12, 9.94829977945e-13, 2.15766814138e-11, 1.37568576322e-11],
        "dvar2": [9.71199209943e-09, 1.53350310939e-06, 3.19459473985e-07, 2.97636226776e-08, 2.42119455152e-07, 1.10941407172e-08, 3.87277543368e-09, 1.20472634535e-06, 9.12525138119e-06, 2.58218157967e-08, 1.70348762873e-10, 4.75698203051e-10, 6.36211916483e-11, 8.9206197984e-10, 5.54924543816e-11, 4.26064100667e-10, 5.20866683118e-11, 1.55546738684e-11, 1.49772527713e-10, 8.1707141053e-11, 7.65446560302e-12, 1.62067483999e-12, 1.62107003168e-12, 3.23348401006e-12, 1.98428122891e-12, 5.49114850812e-11, 2.75144559914e-11],
        "max": [0.000256757397437, 0.00428373226896, 0.00216591730714, 0.000540854176506, 0.00231119524688, 0.000544518174138, 0.000499917427078, 0.0245651751757, 0.0464729703963, 0.00103703304194, 0.000214787156438, 0.000167132122442, 7.79667680035e-05, 0.000149936269736, 3.97401563532e-05, 0.000102618294477, 3.32077361236e-05, 2.41018806264e-05, 6.83652397129e-05, 5.12629412697e-05, 1.92754323507e-05, 1.04389628177e-05, 1.18436828416e-05, 1.21709581435e-05, 1.14754166134e-05, 4.26598489867e-05, 3.84029262932e-05],
        "mean": [7.1817645221e-05, 0.00106146896724, 0.000413826172007, 0.000150843537995, 0.000258993881289, 6.95284688845e-05, 4.7921697842e-05, 0.00566965062171, 0.00934708677232, 0.00046501410543, 1.33417988764e-05, 2.54484712059e-05, 8.42476219987e-06, 9.64980699791e-06, 7.19495301382e-06, 8.64988214744e-06, 6.69528390063e-06, 3.82189182346e-06, 5.7448573898e-06, 6.12324447502e-06, 5.10384870722e-06, 3.48064190803e-06, 3.32162812811e-06, 3.99558848585e-06, 5.02473130837e-06, 7.91257843957e-06, 2.32951661019e-05],
        "median": [5.7883655245e-05, 0.000929368659854, 0.000294338329695, 0.000125164151541, 0.000181596318725, 5.28722812305e-05, 2.57461815636e-05, 0.00350195146166, 0.00451255310327, 0.000503434275743, 8.52380253491e-06, 1.86909401236e-05, 7.15319356459e-06, 6.57383543512e-06, 5.31301157025e-06, 4.44564830104e-06, 4.91425771543e-06, 3.06736774291e-06, 4.59668626718e-06, 5.45336297364e-06, 4.43154249297e-06, 3.33964862875e-06, 3.01425757243e-06, 3.74190358343e-06, 4.9268624025e-06, 7.50369372327e-06, 2.3252579922e-05],
        "min": [1.22363985611e-06, 6.7746204877e-06, 3.00067290482e-06, 1.49828724716e-06, 2.94214078167e-06, 2.00890372071e-06, 1.12113104933e-06, 5.1225470088e-07, 1.25570338128e-07, 2.3661125681e-07, 6.43298392333e-08, 6.21726940153e-07, 7.60468935823e-07, 1.07107631209e-07, 1.56344128754e-07, 1.4538757398e-07, 1.85056336477e-07, 2.21920743115e-07, 9.98355744741e-08, 1.31222591904e-07, 4.57691307076e-08, 1.76901835403e-07, 2.43505382969e-07, 1.30969041834e-07, 1.70036088321e-07, 3.1003304457e-07, 4.84292513647e-07],
        "var": [3.82517750808e-09, 6.7519346203e-07, 1.27133134242e-07, 1.30983579538e-08, 8.36291889073e-08, 4.47107684209e-09, 5.23643839401e-09, 3.6434015783e-05, 0.000122506709886, 4.87177977959e-08, 5.8330840158e-10, 6.53560039421e-10, 7.23134677139e-11, 2.62855043287e-10, 3.85343007503e-11, 1.69687361384e-10, 3.50217112255e-11, 9.01133855036e-12, 5.10396967746e-11, 2.6842460546e-11, 6.26899010134e-12, 1.77622033835e-12, 2.14310773988e-12, 1.83821165754e-12, 1.64954790279e-12, 1.60615947625e-11, 1.41351375049e-11]
    },
    "erbbands": {
        "dmean": [0.0310931447893, 0.159746572375, 0.363650172949, 0.394091337919, 0.724874258041, 0.694132864475, 0.595963299274, 0.338226556778, 0.426729828119, 0.839867055416, 25.4245262146, 13.0165605545, 3.78669834137, 0.564932227135, 0.297009348869, 0.352941513062, 0.228647634387, 0.242058694363, 0.236489862204, 0.233319178224, 0.239072754979, 0.144057899714, 0.0860654860735, 0.136324748397, 0.135856091976, 0.123609900475, 0.0894324481487, 0.058660402894, 0.0329410657287, 0.0323724746704, 0.0242735091597, 0.0207907352597, 0.018447516486, 0.0100527517498, 0.00808719452471, 0.00543027138337, 0.00432114163414, 0.00190330226906, 0.000492035411298, 6.19225393166e-05],
        "dmean2": [0.0557999871671, 0.283804506063, 0.629172384739, 0.676639378071, 1.31291639805, 1.22626781464, 1.02933144569, 0.582946717739, 0.711876451969, 1.06095337868, 24.2248668671, 12.3543510437, 6.63225412369, 0.896691322327, 0.431217998266, 0.606310486794, 0.340315639973, 0.415737867355, 0.404078483582, 0.401855498552, 0.355173498392, 0.249157652259, 0.147631660104, 0.237282350659, 0.217877373099, 0.210840091109, 0.152048036456, 0.0994902104139, 0.0559750460088, 0.0525730066001, 0.0382347367704, 0.0352267697453, 0.0308058485389, 0.0165486764163, 0.0138921188191, 0.00910365302116, 0.0066825915128, 0.00314621720463, 0.000840302789584, 0.000100686665974],
        "dvar": [0.000735634821467, 0.0220389440656, 0.0867515206337, 0.0973635688424, 1.12865638733, 0.555386781693, 0.527356028557, 0.145506858826, 0.628228902817, 2.06917405128, 4956.20117188, 951.734313965, 15.4924736023, 0.922075986862, 0.403831273317, 0.202076524496, 0.0760699734092, 0.282570213079, 0.324048012495, 0.258758813143, 0.336508244276, 0.0406495705247, 0.0263924077153, 0.0492115542293, 0.0984510928392, 0.0914040580392, 0.0157739929855, 0.00260805315338, 0.00127042492386, 0.000724694633391, 0.000684156198986, 0.000670151028316, 0.000402125588153, 8.59255305841e-05, 9.48819651967e-05, 8.84533874341e-05, 0.000126297207316, 1.58568200277e-05, 2.46859002573e-07, 3.32009419957e-09],
        "dvar2": [0.00216982048005, 0.0625371262431, 0.247648671269, 0.328108221292, 3.14478158951, 1.41541588306, 1.37670731544, 0.345232725143, 1.51441061497, 2.0361161232, 5930.265625, 1219.60791016, 40.3716583252, 0.923707187176, 0.393797725439, 0.484614551067, 0.123840339482, 0.806850373745, 0.901803076267, 0.686095833778, 0.856848359108, 0.10639501363, 0.0675390139222, 0.12290084362, 0.252664297819, 0.238314509392, 0.039420299232, 0.00598409539089, 0.00286104972474, 0.00131138344295, 0.00103301974013, 0.00153436639812, 0.00111303990707, 0.000142012475408, 0.000208976023714, 0.000218548258999, 0.000319818325806, 4.03675658163e-05, 5.92166827573e-07, 6.61188348516e-09],
        "max": [0.147325739264, 0.947324931622, 2.01034092903, 1.72887587547, 7.28999423981, 5.45355319977, 5.76474571228, 2.56207871437, 8.21213722229, 41.6464157104, 1275.43737793, 690.827331543, 52.4444274902, 13.9221172333, 8.75144004822, 5.4999537468, 3.71216988564, 5.00418424606, 5.00903654099, 4.26853704453, 4.63587522507, 1.81042075157, 1.59917593002, 2.11244606972, 2.93370103836, 2.68056869507, 1.20917665958, 0.535387575626, 0.342363685369, 0.34126713872, 0.366025328636, 0.285241663456, 0.196358904243, 0.114679545164, 0.094235830009, 0.102834530175, 0.098048210144, 0.034169588238, 0.00481425318867, 0.000546290713828],
        "mean": [0.0385539606214, 0.208888784051, 0.457313716412, 0.518424749374, 0.830422520638, 0.757649958134, 0.684952735901, 0.502505779266, 0.745333075523, 7.03527975082, 274.82925415, 142.275924683, 22.7583808899, 2.18401861191, 0.646516144276, 0.960598886013, 0.596807777882, 0.450251370668, 0.421027898788, 0.420043826103, 0.505321741104, 0.332241773605, 0.218990519643, 0.259968042374, 0.293087899685, 0.292252570391, 0.245395973325, 0.166598126292, 0.12617662549, 0.107568323612, 0.0944409295917, 0.083494849503, 0.0666682049632, 0.0501589998603, 0.0390237420797, 0.025309400633, 0.0156311485916, 0.00802821293473, 0.00290151685476, 0.000424822967034],
        "median": [0.0286048874259, 0.188942685723, 0.373704463243, 0.431380569935, 0.51443374157, 0.472079783678, 0.485252857208, 0.352570712566, 0.488091617823, 4.84502124786, 151.724517822, 70.5410079956, 23.6881942749, 2.17041277885, 0.447192013264, 0.717736959457, 0.522862970829, 0.342252403498, 0.302653729916, 0.279764145613, 0.284660190344, 0.239768385887, 0.174205437303, 0.202818289399, 0.235990345478, 0.248162508011, 0.211169615388, 0.153413116932, 0.117815181613, 0.099285274744, 0.0846564918756, 0.0788436159492, 0.0628408044577, 0.0496206879616, 0.0372859314084, 0.0242660492659, 0.0143457837403, 0.0075617544353, 0.0028948711697, 0.000422904297011],
        "min": [0.000218483924982, 0.00142692541704, 0.00346250669099, 0.00464737555012, 0.00545996241271, 0.0112322885543, 0.0164331030101, 0.0161054842174, 0.0152192721143, 0.0145168732852, 0.0109644718468, 0.00295305810869, 0.0049464837648, 0.00501650059596, 0.00681547867134, 0.0285581499338, 0.0350583679974, 0.0127943595871, 0.00623764656484, 0.00823594909161, 0.0080092381686, 0.0112166861072, 0.0125260381028, 0.00733086047694, 0.00442815804854, 0.00676761986688, 0.00311633828096, 0.00158472289331, 0.00565426563844, 0.00507120229304, 0.00803526397794, 0.00334461242892, 0.0030786821153, 0.00243728328496, 0.000802765658591, 0.000789578363765, 0.000668116903398, 0.000208154597203, 8.38618871057e-05, 7.85144766269e-06],
        "var": [0.000984830316156, 0.0282820053399, 0.120338588953, 0.129652738571, 0.990485489368, 0.599616110325, 0.49851796031, 0.183488279581, 0.995746970177, 56.8259887695, 94735.5703125, 27500.5898438, 151.144546509, 2.53914475441, 1.13025605679, 0.805879116058, 0.197211757302, 0.331003725529, 0.302632898092, 0.271261006594, 0.44238448143, 0.0789879933, 0.0359075926244, 0.0532103143632, 0.0975654199719, 0.0743117034435, 0.0234311018139, 0.00516249891371, 0.00243214075454, 0.00169999373611, 0.00181969045661, 0.00102412165143, 0.000516979547683, 0.000144499485032, 0.000142199074617, 0.000105699000414, 8.74206525623e-05, 9.88614010566e-06, 2.76620880868e-07, 5.01153829546e-09]
    },
    "gfcc": {
        "mean": [-84.062210083, 78.7351760864, -53.409122467, -14.439034462, -53.3146514893, -1.10393428802, -0.849539339542, 27.1522636414, -0.6312276721, -0.951605081558, -28.0068378448, -19.5650844574, -15.0999469757],
        "cov": [[887.109436035, 273.093322754, -115.260253906, -246.4349823, -182.968612671, -71.6946258545, 128.375015259, 206.828826904, 135.273391724, 23.9309520721, -135.016082764, -145.491790771, -34.5899238586], [273.093322754, 216.043884277, -30.8821964264, -178.02911377, -132.725860596, -42.6399116516, 76.9885787964, 128.26675415, 88.200378418, -1.3135381937, -78.6503448486, -100.571617126, -42.1131744385], [-115.260253906, -30.8821964264, 96.7680435181, 99.8397979736, 60.7016983032, 25.213640213, -20.042760849, -57.4475097656, -48.2285652161, -17.4363765717, 24.7640304565, 29.4024391174, 18.6663742065], [-246.4349823, -178.02911377, 99.8397979736, 269.413513184, 196.513931274, 62.5237846375, -87.9411697388, -148.090957642, -101.019996643, -1.58511602879, 87.5044937134, 118.282440186, 60.8813056946], [-182.968612671, -132.725860596, 60.7016983032, 196.513931274, 165.501815796, 58.4591636658, -60.1652793884, -96.0895614624, -59.6523323059, 6.65094041824, 65.5322570801, 90.0936965942, 49.2765693665], [-71.6946258545, -42.6399116516, 25.213640213, 62.5237846375, 58.4591636658, 39.4952125549, -3.51291799545, -26.261631012, -18.9323291779, 4.97390460968, 25.976556778, 29.634677887, 12.9903793335], [128.375015259, 76.9885787964, -20.042760849, -87.9411697388, -60.1652793884, -3.51291799545, 72.4296188354, 84.7975463867, 54.0263404846, 8.50965976715, -32.7953414917, -48.828868866, -20.8488330841], [206.828826904, 128.26675415, -57.4475097656, -148.090957642, -96.0895614624, -26.261631012, 84.7975463867, 144.874740601, 105.549591064, 16.3763904572, -60.3136062622, -75.2136535645, -27.9193115234], [135.273391724, 88.200378418, -48.2285652161, -101.019996643, -59.6523323059, -18.9323291779, 54.0263404846, 105.549591064, 92.0869369507, 21.1269798279, -41.5532951355, -46.7030334473, -14.8428049088], [23.9309520721, -1.3135381937, -17.4363765717, -1.58511602879, 6.65094041824, 4.97390460968, 8.50965976715, 16.3763904572, 21.1269798279, 27.3873615265, 17.4954738617, 13.7674684525, 7.70206642151], [-135.016082764, -78.6503448486, 24.7640304565, 87.5044937134, 65.5322570801, 25.976556778, -32.7953414917, -60.3136062622, -41.5532951355, 17.4954738617, 68.4545211792, 67.3025283813, 24.8496818542], [-145.491790771, -100.571617126, 29.4024391174, 118.282440186, 90.0936965942, 29.634677887, -48.828868866, -75.2136535645, -46.7030334473, 13.7674684525, 67.3025283813, 89.7194519043, 43.4965667725], [-34.5899238586, -42.1131744385, 18.6663742065, 60.8813056946, 49.2765693665, 12.9903793335, -20.8488330841, -27.9193115234, -14.8428049088, 7.70206642151, 24.8496818542, 43.4965667725, 43.6046295166]],
        "icov": [[0.00380916637369, -0.00459719030187, 0.00424386095256, -0.00363339064643, -4.95547064929e-05, 0.00403553480282, -0.00462395418435, -0.00320631079376, 0.0107598546892, -0.0122451987118, 0.0110202124342, -0.00174092699308, -0.0022902013734], [-0.00459719030187, 0.024505417794, -0.0200544930995, 0.0155986510217, -0.000502930954099, -0.00373593415134, 0.0135626457632, -0.00916434265673, -0.00735139939934, -0.000230381949223, -0.00279345130548, 0.00341181596741, 0.00485162204131], [0.00424386095256, -0.0200544930995, 0.0483112111688, -0.0385292395949, 0.0189272258431, -0.00477544451132, -0.024519527331, 0.0182307474315, -0.010574484244, 0.0345261283219, -0.0204843841493, 0.0172138605267, -0.0181009862572], [-0.00363339064643, 0.0155986510217, -0.0385292395949, 0.0841064080596, -0.0777544230223, 0.0330977961421, -0.00246908608824, 0.00589718017727, 0.0154009815305, -0.0196862705052, 0.0154228480533, -0.0241337958723, 0.0158541053534], [-4.95547064929e-05, -0.000502930954099, 0.0189272258431, -0.0777544230223, 0.118044361472, -0.0837674811482, 0.0422040894628, -0.0165765490383, -0.024666685611, 0.0152044966817, -0.0144574260339, 0.0201478693634, -0.0218849442899], [0.00403553480282, -0.00373593415134, -0.00477544451132, 0.0330977961421, -0.0837674811482, 0.127432927489, -0.0751416161656, 0.0281879696995, 0.0163902342319, -0.0161819700152, 0.0141944577917, -0.0231699552387, 0.0177069120109], [-0.00462395418435, 0.0135626457632, -0.024519527331, -0.00246908608824, 0.0422040894628, -0.0751416161656, 0.117595843971, -0.0829269587994, 0.0279775280505, -0.0220355726779, -0.00432736938819, 0.0170942228287, 2.59543121501e-05], [-0.00320631079376, -0.00916434265673, 0.0182307474315, 0.00589718017727, -0.0165765490383, 0.0281879696995, -0.0829269587994, 0.146257102489, -0.117443665862, 0.0600218698382, -0.0384265892208, 0.0195354130119, -0.0112686697394], [0.0107598546892, -0.00735139939934, -0.010574484244, 0.0154009815305, -0.024666685611, 0.0163902342319, 0.0279775280505, -0.117443665862, 0.178998783231, -0.138828203082, 0.105392098427, -0.0426691956818, 0.0135853858665], [-0.0122451987118, -0.000230381949223, 0.0345261283219, -0.0196862705052, 0.0152044966817, -0.0161819700152, -0.0220355726779, 0.0600218698382, -0.138828203082, 0.228914394975, -0.153604194522, 0.0425219126046, -0.0242665112019], [0.0110202124342, -0.00279345130548, -0.0204843841493, 0.0154228480533, -0.0144574260339, 0.0141944577917, -0.00432736938819, -0.0384265892208, 0.105392098427, -0.153604194522, 0.17850895226, -0.096832215786, 0.0365849249065], [-0.00174092699308, 0.00341181596741, 0.0172138605267, -0.0241337958723, 0.0201478693634, -0.0231699552387, 0.0170942228287, 0.0195354130119, -0.0426691956818, 0.0425219126046, -0.096832215786, 0.122444801033, -0.055936653167], [-0.0022902013734, 0.00485162204131, -0.0181009862572, 0.0158541053534, -0.0218849442899, 0.0177069120109, 2.59543121501e-05, -0.0112686697394, 0.0135853858665, -0.0242665112019, 0.0365849249065, -0.055936653167, 0.0675286054611]]
    },
    "melbands": {
        "dmean": [0.000251521676546, 0.000168204918737, 7.34324858058e-05, 5.11411562911e-05, 2.14100400626e-05, 7.79152469477e-06, 6.18696003585e-06, 1.1959306903e-05, 0.000268533854978, 6.71717207297e-05, 1.83810570888e-05, 2.18514696826e-06, 1.11972508421e-06, 9.82877395472e-07, 8.02845818271e-07, 4.6988193958e-07, 5.49425521967e-07, 4.58655563307e-07, 2.94900900144e-07, 3.19354569456e-07, 3.22499744243e-07, 1.80130115268e-07, 1.06899015861e-07, 7.66325598534e-08, 1.27793953197e-07, 1.28644217057e-07, 8.49890327004e-08, 9.06706887349e-08, 7.46205586211e-08, 4.98865837528e-08, 3.25084741348e-08, 2.3073228661e-08, 2.24663683213e-08, 1.84391506508e-08, 1.76243695194e-08, 1.3449001024e-08, 1.44603609087e-08, 1.61796513964e-08, 1.18287166728e-08, 1.07557625029e-08],
        "dmean2": [0.000448291131761, 0.000290448544547, 0.000127451654407, 9.20320235309e-05, 3.70126072085e-05, 1.3326919543e-05, 1.02371077446e-05, 1.6039923139e-05, 0.000252481200732, 6.37976700091e-05, 3.25295186485e-05, 3.36013522428e-06, 1.4805760884e-06, 1.74579668055e-06, 1.21614232285e-06, 7.22240429241e-07, 9.36722813094e-07, 7.68466463796e-07, 5.0886541203e-07, 5.22901245859e-07, 5.20562707607e-07, 3.17568435548e-07, 1.79221729013e-07, 1.23818509223e-07, 2.22239449954e-07, 2.05833870837e-07, 1.35176065896e-07, 1.54514054884e-07, 1.26735329786e-07, 7.96480534859e-08, 5.72870462179e-08, 3.83849787511e-08, 3.91918639764e-08, 3.0065073986e-08, 2.71744760028e-08, 2.30859029671e-08, 2.43737243721e-08, 2.7159074989e-08, 1.8573324212e-08, 1.82051511644e-08],
        "dvar": [5.01927885921e-08, 1.77700680837e-08, 3.9523802009e-09, 5.91057602861e-09, 5.1276888291e-10, 8.21202966739e-11, 1.11175423034e-10, 2.87193757664e-09, 6.07878632763e-07, 2.45784139707e-08, 3.43108375045e-10, 2.49351650439e-11, 4.54371306205e-12, 4.28438187705e-12, 5.84041712562e-13, 4.83387798105e-13, 1.57564673114e-12, 1.47554657295e-12, 1.53590939338e-13, 7.01070224009e-13, 4.69646402931e-13, 4.66969433228e-14, 8.09260088954e-14, 5.76995159076e-15, 3.20627245999e-14, 1.42352194485e-13, 1.10180936166e-14, 5.58866748181e-14, 1.28778061213e-14, 2.47257133523e-15, 8.00908879842e-16, 4.58365209022e-16, 3.57977352273e-16, 3.10604573008e-16, 2.68387815642e-16, 3.95456310258e-16, 2.66441095702e-16, 4.1808887179e-16, 9.67449665665e-17, 7.14554612024e-17],
        "dvar2": [1.50578145508e-07, 4.98383059266e-08, 1.2487738843e-08, 1.56307127241e-08, 1.33627287013e-09, 2.00243113757e-10, 2.59821664184e-10, 2.89083268434e-09, 7.24438677935e-07, 3.19067225973e-08, 9.89008874797e-10, 2.3400252222e-11, 3.07981418146e-12, 9.67337408092e-12, 1.84501155673e-12, 4.91825113622e-13, 4.55610462552e-12, 4.13924059958e-12, 4.00605682524e-13, 1.81411071061e-12, 1.2006293312e-12, 1.28415602262e-13, 2.10930733058e-13, 1.2609964139e-14, 8.04438912943e-14, 3.7346934898e-13, 2.67866783442e-14, 1.4667900141e-13, 3.4640672763e-14, 5.18011215113e-15, 1.91584410757e-15, 1.14712687371e-15, 7.28885827156e-16, 7.28275434038e-16, 5.35987837704e-16, 7.8970866906e-16, 6.74833690176e-16, 1.19763830709e-15, 2.00047423983e-16, 1.48285531743e-16],
        "max": [0.00121696968563, 0.000825225492008, 0.000368902285118, 0.000577752362005, 0.000167701029568, 6.25960383331e-05, 0.000106040708488, 0.000566651520785, 0.0133873801678, 0.00353928329423, 0.000205106596695, 5.7605047914e-05, 2.94807814498e-05, 1.97982371901e-05, 8.0556865214e-06, 8.02792601462e-06, 1.11504095912e-05, 1.03447773654e-05, 3.50050618181e-06, 6.68978827889e-06, 5.20860294273e-06, 1.87844898392e-06, 2.62744538304e-06, 7.80904713338e-07, 1.68232202213e-06, 3.15537386086e-06, 1.17451531878e-06, 1.99779651666e-06, 1.0351726587e-06, 4.74624528124e-07, 2.74320427707e-07, 1.95689594307e-07, 1.90715496728e-07, 1.81403805755e-07, 2.06084678211e-07, 2.24640132274e-07, 1.62505870094e-07, 1.85523603591e-07, 1.03359454329e-07, 9.33347195087e-08],
        "mean": [0.000318496342516, 0.000253151170909, 0.000101277379144, 6.08646223554e-05, 2.46784329647e-05, 1.14822860269e-05, 9.32083275984e-06, 2.58192249021e-05, 0.00284610083327, 0.000723685021512, 9.16224016692e-05, 4.98425288242e-06, 1.87024409115e-06, 1.88646777133e-06, 2.78427319245e-06, 8.04931687526e-07, 8.61892601733e-07, 7.25781717392e-07, 5.50968422885e-07, 5.67603763102e-07, 6.21990352556e-07, 3.90238483305e-07, 2.0716603899e-07, 1.79703945946e-07, 2.14069871163e-07, 2.15666943859e-07, 2.15207720089e-07, 1.85101626471e-07, 1.64194830177e-07, 1.17470676742e-07, 8.82843380623e-08, 7.30314155817e-08, 6.26516794e-08, 5.82861225951e-08, 5.40563185325e-08, 5.19085610051e-08, 5.06537993772e-08, 4.7014481197e-08, 4.37051781432e-08, 4.14436556184e-08],
        "median": [0.000252207129961, 0.000231269252254, 8.04578012321e-05, 4.0346498281e-05, 1.70606290339e-05, 8.20920831757e-06, 5.46608316654e-06, 1.85524022527e-05, 0.00153556000441, 0.000354517163942, 9.86285958788e-05, 4.17194860347e-06, 1.15054456273e-06, 1.29974148422e-06, 1.94477456716e-06, 6.29581336398e-07, 6.11164921338e-07, 5.35374681476e-07, 3.98876409236e-07, 3.15263406492e-07, 3.33463248126e-07, 2.83699193915e-07, 1.49506675484e-07, 1.49652464643e-07, 1.68878855789e-07, 1.60655076797e-07, 2.02081253065e-07, 1.52124755459e-07, 1.39567404744e-07, 1.01729490609e-07, 8.26887642802e-08, 6.94198476481e-08, 5.65199052005e-08, 5.18494722712e-08, 4.73728718475e-08, 4.74234695957e-08, 4.87227218571e-08, 4.34286739903e-08, 4.27972501882e-08, 4.07136049319e-08],
        "min": [1.99270493795e-06, 1.89127365502e-06, 8.23992991172e-07, 5.73899967549e-07, 5.87572515087e-07, 3.61158384976e-07, 2.35463687659e-07, 1.46265989542e-07, 8.26323116598e-08, 1.28504460406e-08, 2.669170307e-08, 2.29661392126e-08, 1.34964635023e-08, 5.94919669084e-08, 7.94533789872e-08, 7.28316820187e-08, 1.70859397741e-08, 8.28378876605e-09, 1.16207043988e-08, 1.19048326752e-08, 8.29135249347e-09, 1.21345014037e-08, 1.12220090998e-08, 1.05748485524e-08, 5.6286144634e-09, 2.66858535269e-09, 4.12105949366e-09, 4.65162175445e-09, 1.9772621318e-09, 1.10050801805e-09, 8.05618627364e-10, 2.78571610224e-09, 4.25499502299e-09, 2.00915861726e-09, 4.69711336493e-09, 4.38893632548e-09, 1.14055942468e-09, 2.20745000057e-09, 2.1312260845e-09, 1.89762916492e-09],
        "var": [6.29323579915e-08, 2.84045587051e-08, 4.74776129522e-09, 5.13741049701e-09, 5.38603051048e-10, 1.00343594545e-10, 1.93232235768e-10, 3.43661077373e-09, 1.03688116724e-05, 7.17187958799e-07, 1.88437865312e-09, 3.58028849623e-11, 1.1650962313e-11, 8.04968505047e-12, 5.44182017156e-12, 7.63704962985e-13, 1.53759221067e-12, 1.23573568912e-12, 2.51438166078e-13, 6.69936708105e-13, 6.66618615777e-13, 1.03320082795e-13, 8.19101527599e-14, 1.22862230643e-14, 3.62471080169e-14, 1.07662441245e-13, 1.95110735972e-14, 4.1094264222e-14, 1.46664381621e-14, 3.6919523428e-15, 1.57139466556e-15, 9.81637388122e-16, 6.81102210442e-16, 5.88134679948e-16, 6.49354886183e-16, 7.28678409963e-16, 3.49565706302e-16, 4.04550558905e-16, 1.71534375919e-16, 1.19722098454e-16]
    },
    "mfcc": {
        "mean": [-763.954223633, 142.699920654, 34.2042121887, 9.17746162415, -12.4906988144, -9.92649459839, 3.90013670921, 13.8601703644, 25.9507808685, 25.8256759644, 10.3721656799, -0.273224711418, -11.0490083694],
        "cov": [[867.916870117, 253.6537323, -70.4089050293, -119.128135681, -195.518600464, -164.180770874, -59.1449279785, 31.8967533112, 181.399780273, 161.462173462, 44.9327850342, 5.22331523895, -52.2163734436], [253.6537323, 225.825241089, 3.60162138939, -115.983314514, -145.006378174, -134.353027344, -43.5864753723, 35.4056777954, 118.104034424, 106.941299438, 50.2171020508, 4.71486854553, -49.2400169373], [-70.4089050293, 3.60162138939, 66.100692749, 29.7833499908, 15.6174049377, 19.4362983704, 19.3532123566, -0.568283855915, -20.9962081909, -21.0988616943, -5.12678050995, -14.6865968704, -14.4006099701], [-119.128135681, -115.983314514, 29.7833499908, 120.191131592, 120.740127563, 94.0500946045, 30.5982456207, -20.5425834656, -66.7804641724, -68.4455795288, -35.9012908936, -8.71968460083, 32.8428726196], [-195.518600464, -145.006378174, 15.6174049377, 120.740127563, 162.723358154, 120.295120239, 32.909866333, -25.6013393402, -80.1226196289, -86.0151672363, -44.8243598938, -3.15922617912, 45.2499008179], [-164.180770874, -134.353027344, 19.4362983704, 94.0500946045, 120.295120239, 120.677871704, 46.0004844666, -23.7464675903, -83.2746963501, -85.2442779541, -35.9499435425, 0.461334913969, 33.385848999], [-59.1449279785, -43.5864753723, 19.3532123566, 30.5982456207, 32.909866333, 46.0004844666, 43.4566459656, 2.03428125381, -30.9047203064, -24.4995689392, -5.61100387573, -0.961597442627, 1.71822667122], [31.8967533112, 35.4056777954, -0.568283855915, -20.5425834656, -25.6013393402, -23.7464675903, 2.03428125381, 32.3483200073, 41.6363487244, 33.832901001, 21.1522941589, 3.66317653656, -10.8166046143], [181.399780273, 118.104034424, -20.9962081909, -66.7804641724, -80.1226196289, -83.2746963501, -30.9047203064, 41.6363487244, 127.490005493, 96.032585144, 36.5583610535, 5.07940626144, -27.0110740662], [161.462173462, 106.941299438, -21.0988616943, -68.4455795288, -86.0151672363, -85.2442779541, -24.4995689392, 33.832901001, 96.032585144, 102.742012024, 40.1933364868, 1.81963300705, -24.2110347748], [44.9327850342, 50.2171020508, -5.12678050995, -35.9012908936, -44.8243598938, -35.9499435425, -5.61100387573, 21.1522941589, 36.5583610535, 40.1933364868, 33.135509491, 11.7444562912, -10.6815700531], [5.22331523895, 4.71486854553, -14.6865968704, -8.71968460083, -3.15922617912, 0.461334913969, -0.961597442627, 3.66317653656, 5.07940626144, 1.81963300705, 11.7444562912, 27.4912223816, 12.838019371], [-52.2163734436, -49.2400169373, -14.4006099701, 32.8428726196, 45.2499008179, 33.385848999, 1.71822667122, -10.8166046143, -27.0110740662, -24.2110347748, -10.6815700531, 12.838019371, 42.9553070068]],
