{
"lowlevel": {
    "average_loudness": 0.846009373665,
    "barkbands_crest": {
        "dmean": 3.70711064339,
        "dmean2": 6.38830280304,
        "dvar": 8.26963710785,
        "dvar2": 25.6217327118,
        "max": 21.5927886963,
        "mean": 10.8772697449,
        "median": 9.70052146912,
        "min": 4.69413232803,
        "var": 18.5784606934
    },
    "barkbands_flatness_db": {
        "dmean": 0.0208803061396,
        "dmean2": 0.0337405093014,
        "dvar": 0.000257041800069,
        "dvar2": 0.000793103128672,
        "max": 0.261376231909,
        "mean": 0.14182266593,
        "median": 0.131833478808,
        "min": 0.0727191418409,
        "var": 0.00148472550791
    },
    "barkbands_kurtosis": {
        "dmean": 2.8936715126,
        "dmean2": 4.99059104919,
        "dvar": 14.1317138672,
        "dvar2": 48.8094177246,
        "max": 27.44581604,
        "mean": 4.98887968063,
        "median": 4.35792398453,
        "min": -0.634675979614,
        "var": 21.4732875824
    },
    "barkbands_skewness": {
        "dmean": 0.520333945751,
        "dmean2": 0.829366803169,
        "dvar": 0.228680223227,
        "dvar2": 0.738874614239,
        "max": 4.74846076965,
        "mean": 1.40131747723,
        "median": 1.46317923069,
        "min": -1.79137086868,
        "var": 1.45123541355
    },
    "barkbands_spread": {
        "dmean": 4.62813472748,
        "dmean2": 7.64306545258,
        "dvar": 14.5175237656,
        "dvar2": 41.2093849182,
        "max": 31.2818450928,
        "mean": 19.2923488617,
        "median": 19.6732273102,
        "min": 5.42740678787,
        "var": 45.1120033264
    },
    "dissonance": {
        "dmean": 0.0299424268305,
        "dmean2": 0.0492281801999,
        "dvar": 0.000851298449561,
        "dvar2": 0.00169638649095,
        "max": 0.488582789898,
        "mean": 0.412236005068,
        "median": 0.415099650621,
        "min": 0.185631468892,
        "var": 0.00147470389493
    },
    "dynamic_complexity": 5.48020267487,
    "erbbands_crest": {
        "dmean": 3.00289964676,
        "dmean2": 4.45589971542,
        "dvar": 7.82281923294,
        "dvar2": 21.7335262299,
        "max": 30.1574859619,
        "mean": 14.3944282532,
        "median": 13.4313316345,
        "min": 6.80490541458,
        "var": 21.4245300293
    },
    "erbbands_flatness_db": {
        "dmean": 0.0126614728943,
        "dmean2": 0.0180797819048,
        "dvar": 0.000147247861605,
        "dvar2": 0.000276293110801,
        "max": 0.297113806009,
        "mean": 0.153610497713,
        "median": 0.141930416226,
        "min": 0.0717248916626,
        "var": 0.00381300505251
    },
    "erbbands_kurtosis": {
        "dmean": 1.55885672569,
        "dmean2": 2.47826504707,
        "dvar": 6.40988445282,
        "dvar2": 17.1407032013,
        "max": 17.4721374512,
        "mean": 2.44812273979,
        "median": 1.67814159393,
        "min": -0.720036029816,
        "var": 7.76511573792
    },
    "erbbands_skewness": {
        "dmean": 0.423084169626,
        "dmean2": 0.602639913559,
        "dvar": 0.16832254827,
        "dvar2": 0.421705424786,
        "max": 2.28373289108,
        "mean": 0.687886834145,
        "median": 0.82899749279,
        "min": -1.43861567974,
        "var": 0.669587850571
    },
    "erbbands_spread": {
        "dmean": 3.32791233063,
        "dmean2": 4.82583665848,
        "dvar": 6.90445899963,
        "dvar2": 19.2815093994,
        "max": 52.1547164917,
        "mean": 22.3691673279,
        "median": 20.7375411987,
        "min": 3.13118934631,
        "var": 117.823829651
    },
    "hfc": {
        "dmean": 4.06870985031,
        "dmean2": 3.94327998161,
        "dvar": 53.0165863037,
        "dvar2": 59.8996734619,
        "max": 99.0774230957,
        "mean": 17.4632167816,
        "median": 8.59861660004,
        "min": 2.6699821949,
        "var": 430.933135986
    },
    "melbands_crest": {
        "dmean": 4.64793968201,
        "dmean2": 8.17611503601,
        "dvar": 11.8421926498,
        "dvar2": 39.4126625061,
        "max": 27.9158344269,
        "mean": 13.2939357758,
        "median": 12.0487880707,
        "min": 5.79407024384,
        "var": 21.0573749542
    },
    "melbands_flatness_db": {
        "dmean": 0.0253998432308,
        "dmean2": 0.0420191064477,
        "dvar": 0.000389695720514,
        "dvar2": 0.00126279355027,
        "max": 0.331766933203,
        "mean": 0.242501661181,
        "median": 0.2409825176,
        "min": 0.155549779534,
        "var": 0.00103153334931
    },
    "melbands_kurtosis": {
        "dmean": 3.56947302818,
        "dmean2": 5.9999423027,
        "dvar": 32.0411643982,
        "dvar2": 111.536468506,
        "max": 44.2750701904,
        "mean": 5.98911094666,
        "median": 3.02862739563,
        "min": -1.31317353249,
        "var": 67.7712173462
    },
    "melbands_skewness": {
        "dmean": 0.589096069336,
        "dmean2": 0.952272176743,
        "dvar": 0.305001407862,
        "dvar2": 1.0274503231,
        "max": 5.43565797806,
        "mean": 1.5066164732,
        "median": 1.34628927708,
        "min": -1.46999537945,
        "var": 1.64693963528
    },
    "melbands_spread": {
        "dmean": 5.06260967255,
        "dmean2": 8.39962768555,
        "dvar": 23.2666416168,
        "dvar2": 62.1590194702,
        "max": 39.1566505432,
        "mean": 18.4176998138,
        "median": 16.6199302673,
        "min": 4.42961788177,
        "var": 60.9470367432
    },
    "pitch_salience": {
        "dmean": 0.0875123739243,
        "dmean2": 0.14997343719,
        "dvar": 0.00442050257698,
        "dvar2": 0.0122732110322,
        "max": 0.738134026527,
        "mean": 0.479367405176,
        "median": 0.483036786318,
        "min": 0.262487500906,
        "var": 0.0086173620075
    },
    "silence_rate_20dB": {
        "dmean": 0,
        "dmean2": 0,
        "dvar": 0,
        "dvar2": 0,
        "max": 1,
        "mean": 1,
        "median": 1,
        "min": 1,
        "var": 0
    },
    "silence_rate_30dB": {
        "dmean": 0.0142857143655,
        "dmean2": 0.0287769790739,
        "dvar": 0.0140816364437,
        "dvar2": 0.0423374809325,
        "max": 1,
        "mean": 0.992907822132,
        "median": 1,
        "min": 0,
        "var": 0.00704190600663
    },
    "silence_rate_60dB": {
        "dmean": 0.00714285718277,
        "dmean2": 0.00719424476847,
        "dvar": 0.00709183700383,
        "dvar2": 0.00714248744771,
        "max": 1,
        "mean": 0.00709219835699,
        "median": 0,
        "min": 0,
        "var": 0.00704189995304
    },
    "spectral_centroid": {
        "dmean": 123.573577881,
        "dmean2": 195.317550659,
        "dvar": 11444.0283203,
        "dvar2": 20447.8320312,
        "max": 1355.66699219,
        "mean": 906.944641113,
        "median": 901.315734863,
        "min": 508.89831543,
        "var": 33619.6015625
    },
    "spectral_complexity": {
        "dmean": 1.2071428299,
        "dmean2": 2.08633089066,
        "dvar": 0.849949002266,
        "dvar2": 2.23715138435,
        "max": 13,
        "mean": 8.60283660889,
        "median": 9,
        "min": 5,
        "var": 3.28907251358
    },
    "spectral_decrease": {
        "dmean": 1.73987613206e-09,
        "dmean2": 2.43054443239e-09,
        "dvar": 4.45170738575e-18,
        "dvar2": 6.33098853198e-18,
        "max": -6.04774175184e-10,
        "mean": -5.01120123175e-09,
        "median": -2.93632895776e-09,
        "min": -2.89384232133e-08,
        "var": 2.76966555406e-17
    },
    "spectral_energy": {
        "dmean": 0.00685545057058,
        "dmean2": 0.00944882631302,
        "dvar": 7.25616991986e-05,
        "dvar2": 9.93138237391e-05,
        "max": 0.118206679821,
        "mean": 0.020497398451,
        "median": 0.0120898168534,
        "min": 0.00258271209896,
        "var": 0.000470497616334
    },
    "spectral_energyband_high": {
        "dmean": 1.41504224302e-05,
        "dmean2": 2.25940966629e-05,
        "dvar": 1.60638363722e-10,
        "dvar2": 4.01464250732e-10,
        "max": 0.000223194772843,
        "mean": 0.000173636712134,
        "median": 0.000172539614141,
        "min": 9.68530439422e-05,
        "var": 2.85618778628e-10
    },
    "spectral_energyband_low": {
        "dmean": 0.00310812448151,
        "dmean2": 0.005432958249,
        "dvar": 9.06093646336e-06,
        "dvar2": 3.12600677717e-05,
        "max": 0.0170044079423,
        "mean": 0.00455486495048,
        "median": 0.00369754387066,
        "min": 0.000287397706416,
        "var": 9.87189741863e-06
    },
    "spectral_energyband_middle_high": {
        "dmean": 0.00225601694547,
        "dmean2": 0.00276470067911,
        "dvar": 2.34480030485e-05,
        "dvar2": 4.02054720325e-05,
        "max": 0.053967654705,
        "mean": 0.00569541426376,
        "median": 0.00129195011687,
        "min": 0.000197402434424,
        "var": 9.70524197328e-05
    },
    "spectral_energyband_middle_low": {
        "dmean": 0.00512765767053,
        "dmean2": 0.00681084906682,
        "dvar": 7.81691051088e-05,
        "dvar2": 0.000112201501906,
        "max": 0.0884924829006,
        "mean": 0.0107637001202,
        "median": 0.0052566062659,
        "min": 0.00114867091179,
        "var": 0.0002185927151
    },
    "spectral_entropy": {
        "dmean": 0.142433971167,
        "dmean2": 0.203173130751,
        "dvar": 0.015620236285,
        "dvar2": 0.0265720821917,
        "max": 8.06977939606,
        "mean": 7.29499530792,
        "median": 7.39005708694,
        "min": 5.90832424164,
        "var": 0.25370246172
    },
    "spectral_flux": {
        "dmean": 0.0161154400557,
        "dmean2": 0.02640077658,
        "dvar": 0.00020913904882,
        "dvar2": 0.000516245840117,
        "max": 0.211984977126,
        "mean": 0.0675673186779,
        "median": 0.0611587800086,
        "min": 0.0256040692329,
        "var": 0.000986755127087
    },
    "spectral_kurtosis": {
        "dmean": 1.02280330658,
        "dmean2": 1.46489977837,
        "dvar": 1.3132045269,
        "dvar2": 2.00798392296,
        "max": 19.1604232788,
        "mean": 8.42196178436,
        "median": 7.58563137054,
        "min": 4.48620080948,
        "var": 11.9252443314
    },
    "spectral_rms": {
        "dmean": 0.000699473021086,
        "dmean2": 0.00103362218942,
        "dvar": 3.33303688649e-07,
        "dvar2": 6.75167484587e-07,
        "max": 0.0107388822362,
        "mean": 0.00403235293925,
        "median": 0.00343437655829,
        "min": 0.0015873623779,
        "var": 3.73758439309e-06
    },
    "spectral_rolloff": {
        "dmean": 195.952148438,
        "dmean2": 358.163726807,
        "dvar": 86047.453125,
        "dvar2": 219497.84375,
        "max": 1959.52148438,
        "mean": 1007.47924805,
        "median": 775.1953125,
        "min": 107.666015625,
        "var": 229174.53125
    },
    "spectral_skewness": {
        "dmean": 0.151040643454,
        "dmean2": 0.21702003479,
        "dvar": 0.0205215234309,
        "dvar2": 0.0343626774848,
        "max": 3.65568518639,
        "mean": 2.40778899193,
        "median": 2.34227633476,
        "min": 1.77983343601,
        "var": 0.214906185865
    },
    "spectral_spread": {
        "dmean": 341452.65625,
        "dmean2": 490400.5625,
        "dvar": 97846820864,
        "dvar2": 203697520640,
        "max": 9183423,
        "mean": 5998662,
        "median": 6017863,
        "min": 2771509,
        "var": 1.67203346842e+12
    },
    "spectral_strongpeak": {
        "dmean": 0.861473441124,
        "dmean2": 1.30090343952,
        "dvar": 1.60968124866,
        "dvar2": 3.15241360664,
        "max": 11.6790494919,
        "mean": 1.6589243412,
        "median": 0.216312140226,
        "min": 0,
        "var": 6.1030125618
    },
    "zerocrossingrate": {
        "dmean": 0.0112897604704,
        "dmean2": 0.0159833077341,
        "dvar": 9.36012947932e-05,
        "dvar2": 0.000191889499547,
        "max": 0.13623046875,
        "mean": 0.0764454528689,
        "median": 0.0751953125,
        "min": 0.0283203125,
        "var": 0.000416418683017
    },
    "barkbands": {
        "dmean": [0.000254341983236, 0.00291377934627, 0.000707260333002, 0.000460077193566, 0.000601822976023, 0.000505125790369, 0.00076649611583, 6.06377725489e-05, 0.00392933841795, 0.000192209583474, 8.12227881397e-05, 2.36751129705e-05, 0.00225092703477, 6.99016800354e-06, 0.000491902814247, 9.29805901251e-06, 3.87743648389e-06, 4.0690069909e-06, 5.41782037544e-06, 6.35718424746e-06, 4.33215018347e-06, 2.46631248046e-06, 2.69681072496e-06, 2.51342203228e-06, 2.82949326902e-06, 4.384631211e-06, 9.06351306185e-06],
        "dmean2": [0.000492373830639, 0.00526062212884, 0.00128610245883, 0.000844414811581, 0.00107685581315, 0.000913479248993, 0.00129314046353, 9.52810587478e-05, 0.00473663397133, 0.000338447018294, 0.000124513215269, 3.46849083144e-05, 0.00277868099511, 1.24558910102e-05, 0.000518612912856, 1.51066251419e-05, 6.54541099721e-06, 6.96186498317e-06, 8.69487394084e-06, 1.07551622932e-05, 7.66832272348e-06, 4.00406315748e-06, 4.54207838629e-06, 4.30433919973e-06, 4.82850100525e-06, 7.70703081798e-06, 1.56853620865e-05],
        "dvar": [4.38167724326e-08, 7.44888257032e-06, 4.2511979359e-07, 2.01013605761e-07, 6.85061365857e-07, 5.58809006179e-07, 1.72302986812e-06, 1.8153990311e-08, 7.15049245628e-05, 3.75873305813e-08, 2.42363427105e-08, 1.19453114067e-08, 2.51752353506e-05, 4.83211422264e-11, 7.31989700853e-07, 2.57221938194e-10, 1.53630545785e-11, 9.61330667848e-12, 1.56471901408e-11, 3.10773975998e-11, 1.25521355462e-11, 3.96182479184e-12, 3.81434467345e-12, 3.87815127234e-12, 4.06781119205e-12, 1.2203735418e-11, 5.45546142983e-11],
        "dvar2": [1.50836797275e-07, 2.50022440014e-05, 1.25301971821e-06, 6.31851094113e-07, 1.99483724828e-06, 1.53973360284e-06, 4.55561848867e-06, 2.34765948903e-08, 9.37687727856e-05, 1.11700451555e-07, 4.67316709774e-08, 1.24762689069e-08, 4.38198803749e-05, 9.64696447725e-11, 7.68414338381e-07, 3.10001802006e-10, 4.33497682195e-11, 2.95182524257e-11, 4.55307631875e-11, 8.81347911319e-11, 3.52870579978e-11, 1.1874709549e-11, 1.24163639439e-11, 1.20673566625e-11, 1.23044421874e-11, 3.45365576415e-11, 1.40034803198e-10],
        "max": [0.000967437634245, 0.0154614914209, 0.00349330785684, 0.00232532038353, 0.00618653558195, 0.00415113708004, 0.00770115014166, 0.0014503642451, 0.078045219183, 0.00365619896911, 0.00114554422908, 0.00131832039915, 0.0477503277361, 6.48090790492e-05, 0.0083483196795, 0.00025185328559, 3.05370449496e-05, 2.35250245169e-05, 3.5182623833e-05, 4.34258727182e-05, 2.6853487725e-05, 1.85431199498e-05, 2.0830446374e-05, 2.03634244826e-05, 2.32550974033e-05, 3.74470400857e-05, 0.0001081513401],
        "mean": [0.000220686051762, 0.00315223424695, 0.000851146993227, 0.000578796141781, 0.000920720573049, 0.000660157878883, 0.000699997413903, 8.27742551337e-05, 0.00659623136744, 0.00127013749443, 9.79697870207e-05, 3.40850492648e-05, 0.00371143873781, 1.54467325046e-05, 0.00132552476134, 1.8226708562e-05, 9.12546329346e-06, 1.12554216685e-05, 1.596662878e-05, 2.02330356842e-05, 1.49116876855e-05, 1.02295107354e-05, 1.14832346298e-05, 1.29129439301e-05, 1.62151281984e-05, 2.618007602e-05, 8.10427736724e-05],
        "median": [0.000165007208125, 0.0022895927541, 0.000696891045664, 0.000409214990214, 0.000627772998996, 0.000477878114907, 0.000183028081665, 4.221466952e-05, 0.00126696017105, 0.00095154880546, 2.78988263744e-05, 2.15840136661e-05, 0.000186590812518, 1.42838134707e-05, 0.000443371594884, 1.22619594549e-05, 8.30479257274e-06, 1.05336530396e-05, 1.48289000208e-05, 1.92352472368e-05, 1.42605676956e-05, 1.00613042378e-05, 1.12862535389e-05, 1.24749403767e-05, 1.62881806318e-05, 2.54799469985e-05, 8.05807576398e-05],
        "min": [8.17472573544e-06, 6.18525518803e-05, 9.5936084108e-06, 1.0868235222e-05, 7.00324162608e-05, 0.000111281900899, 1.74012275238e-05, 4.21115873905e-06, 9.91573760984e-05, 0.000164972254424, 3.35515960614e-06, 3.98209385821e-06, 7.09147752787e-06, 4.64021104563e-06, 1.66780337167e-05, 3.64887364412e-06, 2.7890923775e-06, 4.02252135245e-06, 6.40650068817e-06, 5.88238617638e-06, 4.20350534114e-06, 3.7633451484e-06, 7.05098091203e-06, 7.53259791964e-06, 8.49467051012e-06, 1.53465680341e-05, 3.92302426917e-05],
        "var": [3.9778811356e-08, 8.40555821924e-06, 4.70409645459e-07, 2.72680608759e-07, 8.57957786593e-07, 4.20130731982e-07, 1.61027207923e-06, 2.21397691291e-08, 0.000182773786946, 8.35173693758e-07, 3.08791605619e-08, 1.19500258577e-08, 7.39878014429e-05, 5.73573723239e-11, 4.03675767302e-06, 5.57049406602e-10, 1.81690825579e-11, 1.39355488954e-11, 3.06596865951e-11, 4.0912599697e-11, 1.60847481168e-11, 5.90891788624e-12, 7.19407432931e-12, 5.65307739855e-12, 6.18817323772e-12, 1.69207911571e-11, 8.35076938155e-11]
    },
    "erbbands": {
        "dmean": [0.115004755557, 0.546639382839, 0.713393390179, 1.30333304405, 2.11097955704, 1.33994162083, 5.0478181839, 2.81952524185, 4.44460296631, 12.9866991043, 20.0054397583, 106.641105652, 10.1521902084, 2.30997920036, 1.88620233536, 14.6444768906, 112.353538513, 5.01982831955, 2.29183340073, 32.5974998474, 2.09652209282, 0.212355419993, 0.227072492242, 0.221141278744, 0.293294578791, 0.320306628942, 0.234100013971, 0.148221135139, 0.0893972665071, 0.0928367823362, 0.0830563828349, 0.0598877072334, 0.0452915765345, 0.0354931652546, 0.0263488888741, 0.014669383876, 0.0102156801149, 0.00455919606611, 0.0014800633071, 0.000197364017367],
        "dmean2": [0.211692035198, 0.990006506443, 1.28956341743, 2.36030745506, 3.91890358925, 2.42473721504, 8.68503665924, 5.07533454895, 7.57744884491, 22.2125320435, 24.4781303406, 128.230255127, 16.7366294861, 3.43074440956, 2.8744635582, 18.9417209625, 137.265701294, 6.2171049118, 2.45649886131, 34.4957847595, 2.39215326309, 0.344001680613, 0.399033725262, 0.371254205704, 0.463928431273, 0.548685610294, 0.392121344805, 0.252702713013, 0.152240842581, 0.150706157088, 0.142541304231, 0.104834608734, 0.0759936720133, 0.0597154013813, 0.044632922858, 0.0252468343824, 0.0180222261697, 0.00731793418527, 0.00256619788706, 0.000338404759532],
        "dvar": [0.0121843414381, 0.287563294172, 0.455277115107, 1.30942201614, 8.3667049408, 3.16056108475, 51.4924430847, 18.3598327637, 41.3564796448, 526.297241211, 1733.63269043, 52910.7304688, 162.053329468, 26.0271453857, 13.4809083939, 1078.91015625, 62650.8554688, 111.800857544, 14.084854126, 3220.75024414, 12.0066308975, 0.0386311002076, 0.0319940112531, 0.0443335138261, 0.0509375520051, 0.0897489786148, 0.0287063159049, 0.0152661250904, 0.00607723696157, 0.00469807907939, 0.00454759830609, 0.00220162980258, 0.00160630920436, 0.000624211505055, 0.000424147874583, 0.00015412994253, 6.92234680173e-05, 1.45218755279e-05, 1.24031612359e-06, 2.22631371116e-08],
        "dvar2": [0.0428665429354, 0.87751609087, 1.29088687897, 4.18347978592, 23.8679447174, 9.16777706146, 142.878814697, 50.7238235474, 101.629570007, 1377.2857666, 2398.26000977, 68225.765625, 357.874084473, 37.8409919739, 20.0170459747, 1901.73986816, 108646.773438, 194.836990356, 12.623421669, 3446.81103516, 13.493765831, 0.0981078222394, 0.0966802164912, 0.135438591242, 0.145928218961, 0.26220947504, 0.0837373137474, 0.0503051355481, 0.01608857885, 0.0159390196204, 0.0142561923712, 0.00641780020669, 0.00460769841447, 0.00198376737535, 0.00131229474209, 0.00046493584523, 0.00017580021813, 3.65347732441e-05, 3.19843434227e-06, 6.22564044761e-08],
        "max": [0.634613573551, 3.25291466713, 4.0135436058, 6.21382951736, 23.8270072937, 10.2578210831, 38.4950370789, 25.6729488373, 40.1880073547, 130.044631958, 389.982147217, 2110.38720703, 222.486480713, 60.8228111267, 40.6264686584, 316.90826416, 2380.43530273, 105.483604431, 38.2837486267, 552.766906738, 34.3791122437, 1.82159805298, 1.28207695484, 2.0572552681, 2.16435289383, 2.41150808334, 1.3509260416, 1.03176033497, 0.80394744873, 0.720590174198, 0.627514600754, 0.47993427515, 0.375555038452, 0.261789232492, 0.206964507699, 0.141787081957, 0.0839403197169, 0.041853595525, 0.0140919489786, 0.00200034631416],
        "mean": [0.109553188086, 0.633157014847, 0.988899827003, 1.72432339191, 2.9680557251, 1.88321375847, 6.3164768219, 3.7350692749, 5.53367614746, 11.805727005, 32.8155899048, 179.326126099, 60.3595809937, 6.83911848068, 3.07988071442, 25.4727802277, 185.425888062, 9.30243873596, 6.9350566864, 87.7650222778, 5.97823047638, 0.700379431248, 0.654047608376, 0.671038269997, 0.885802984238, 0.984749436378, 0.757702767849, 0.481555789709, 0.369251996279, 0.34941983223, 0.324302017689, 0.265482902527, 0.218512222171, 0.168001845479, 0.123913891613, 0.0820240005851, 0.0516995787621, 0.0274084843695, 0.00999215431511, 0.00143824552651],
        "median": [0.0800326615572, 0.438749045134, 0.866560220718, 1.24698638916, 1.74835383892, 1.29433226585, 4.26936864853, 2.57605338097, 2.77366685867, 3.20958828926, 6.7881436348, 33.6798477173, 44.6882781982, 4.83854198456, 1.76547467709, 1.96204411983, 9.35321140289, 1.4872802496, 2.4409058094, 28.9212093353, 2.15417265892, 0.603032946587, 0.618939936161, 0.641174554825, 0.808254897594, 0.91442745924, 0.743146121502, 0.456473261118, 0.368659436703, 0.344521701336, 0.308195143938, 0.263928085566, 0.217293784022, 0.165781334043, 0.123646177351, 0.0806753635406, 0.050616838038, 0.0271423775703, 0.00977176427841, 0.00143915950321],
        "min": [0.00246967677958, 0.0165818948299, 0.106530100107, 0.108953371644, 0.0834473520517, 0.290451109409, 0.420816540718, 0.522920131683, 0.258875519037, 0.202846780419, 0.552136480808, 2.30084490776, 7.11525821686, 0.832058727741, 0.325134545565, 0.188700348139, 0.359949707985, 0.285764068365, 0.339135795832, 1.05570566654, 0.32010486722, 0.220082312822, 0.244861990213, 0.266060739756, 0.328422218561, 0.243518233299, 0.274600625038, 0.191487327218, 0.126618370414, 0.163276299834, 0.18487906456, 0.132000625134, 0.106086142361, 0.0879670754075, 0.0596535876393, 0.0519789122045, 0.0279618091881, 0.0112760420889, 0.00463323341683, 0.000708370935172],
        "var": [0.0111531149596, 0.349679380655, 0.499359250069, 1.91923880577, 13.7156085968, 3.26346707344, 41.9125289917, 15.4474840164, 50.350440979, 490.659637451, 4273.07275391, 136112.34375, 2384.03027344, 49.1936264038, 19.1892108917, 3285.12963867, 184902.15625, 373.633636475, 88.3134078979, 17720.625, 66.5779418945, 0.127519398928, 0.0460980311036, 0.0606999211013, 0.0909748673439, 0.106219485402, 0.0441496185958, 0.0192779302597, 0.00881778821349, 0.00764071848243, 0.00711143761873, 0.00328166177496, 0.00201268587261, 0.000996319926344, 0.00059390370734, 0.000199486414203, 0.00010223047866, 2.3627484552e-05, 2.18567902266e-06, 3.55298830357e-08]
    },
    "gfcc": {
        "mean": [-12.1887979507, 75.0879135132, -66.426574707, -14.7505493164, -34.5303268433, 8.86657714844, -15.4783983231, 6.16964769363, -6.20605707169, 4.68255519867, -22.7886295319, -12.8367481232, -2.78500652313],
        "cov": [[657.054260254, 351.150787354, -415.602661133, -399.888641357, 41.8031806946, 157.248382568, -63.8401565552, -107.194511414, 88.6158905029, 116.749610901, -46.4410438538, -144.549346924, -124.860534668], [351.150787354, 231.896118164, -170.266433716, -205.743499756, -3.93639826775, 63.510093689, -28.2622718811, -44.7935905457, 45.2513160706, 61.9120674133, -12.1628656387, -64.4510040283, -62.7197761536], [-415.602661133, -170.266433716, 386.291992188, 310.457946777, -63.6656188965, -144.074508667, 54.6659469604, 98.7636032104, -61.5462036133, -80.9979248047, 43.4916877747, 112.903266907, 92.246925354], [-399.888641357, -205.743499756, 310.457946777, 315.539093018, 7.8427028656, -97.0942764282, 43.2489814758, 85.0382156372, -48.4869689941, -78.8367385864, 17.888174057, 91.4880218506, 92.9542922974], [41.8031806946, -3.93639826775, -63.6656188965, 7.8427028656, 104.845451355, 73.0336685181, -9.54381275177, -13.6005325317, 19.532283783, 6.14055109024, -31.0906524658, -29.1105537415, -2.28302693367], [157.248382568, 63.510093689, -144.074508667, -97.0942764282, 73.0336685181, 111.344238281, 5.55633449554, -36.9378623962, 19.3064823151, 37.7022972107, -4.35771179199, -43.765007019, -40.1039428711], [-63.8401565552, -28.2622718811, 54.6659469604, 43.2489814758, -9.54381275177, 5.55633449554, 48.0816650391, 28.2421360016, -10.9922924042, 4.41220569611, 34.3246536255, 22.9949474335, 2.26776719093], [-107.194511414, -44.7935905457, 98.7636032104, 85.0382156372, -13.6005325317, -36.9378623962, 28.2421360016, 66.1899871826, 21.3742408752, -7.51186180115, 6.90325975418, 23.727142334, 26.0992450714], [88.6158905029, 45.2513160706, -61.5462036133, -48.4869689941, 19.532283783, 19.3064823151, -10.9922924042, 21.3742408752, 69.8887481689, 32.7252845764, -25.5813045502, -29.5763015747, -6.34187650681], [116.749610901, 61.9120674133, -80.9979248047, -78.8367385864, 6.14055109024, 37.7022972107, 4.41220569611, -7.51186180115, 32.7252845764, 52.0872154236, 15.5318756104, -17.2010364532, -21.7818450928], [-46.4410438538, -12.1628656387, 43.4916877747, 17.888174057, -31.0906524658, -4.35771179199, 34.3246536255, 6.90325975418, -25.5813045502, 15.5318756104, 66.2182159424, 45.0574455261, 2.53178191185], [-144.549346924, -64.4510040283, 112.903266907, 91.4880218506, -29.1105537415, -43.765007019, 22.9949474335, 23.727142334, -29.5763015747, -17.2010364532, 45.0574455261, 67.3360137939, 38.109375], [-124.860534668, -62.7197761536, 92.246925354, 92.9542922974, -2.28302693367, -40.1039428711, 2.26776719093, 26.0992450714, -6.34187650681, -21.7818450928, 2.53178191185, 38.109375, 52.2870941162]],
        "icov": [[0.039987321943, -0.046078581363, 0.030335906893, -0.0182074252516, 0.00887961406261, -0.00242513115518, -0.000572234624997, 0.00566456001252, 0.00159381679259, -0.0141201913357, 0.0104065714404, 0.00227249809541, 0.00694108847529], [-0.046078581363, 0.0707187652588, -0.0531304143369, 0.045391716063, -0.0172827988863, -0.00193210330326, 0.00948534347117, -0.00962375849485, -0.00102821749169, 0.00772801786661, -0.0107574267313, -8.65774709382e-05, -0.00633242959157], [0.030335906893, -0.0531304143369, 0.0742038339376, -0.0700776875019, 0.035546194762, 0.000521207111888, -0.00671946583316, -0.00117762945592, 0.00513888383284, -0.00345101160929, 0.00714784860611, -0.00378102506511, 0.00680514983833], [-0.0182074252516, 0.045391716063, -0.0700776875019, 0.114326387644, -0.0860087275505, 0.0485655255616, -0.0269991904497, -0.0106693226844, 0.00482529262081, 0.0219288244843, -0.0189258232713, 0.00761061953381, -0.023561809212], [0.00887961406261, -0.0172827988863, 0.035546194762, -0.0860087275505, 0.126128450036, -0.115301437676, 0.0690672695637, -0.018758058548, 0.0130559206009, -0.0397273600101, 0.0512203127146, -0.0245240069926, 0.0145318526775], [-0.00242513115518, -0.00193210330326, 0.000521207111888, 0.0485655255616, -0.115301437676, 0.153146609664, -0.109413407743, 0.0547182001173, -0.0341997668147, 0.0476012602448, -0.0593492798507, 0.0397023744881, -0.0158871263266], [-0.000572234624997, 0.00948534347117, -0.00671946583316, -0.0269991904497, 0.0690672695637, -0.109413407743, 0.152552202344, -0.0902637317777, 0.0547585450113, -0.0479123592377, 0.00902271270752, -0.0130908098072, 0.0231861602515], [0.00566456001252, -0.00962375849485, -0.00117762945592, -0.0106693226844, -0.018758058548, 0.0547182001173, -0.0902637317777, 0.131389454007, -0.095557808876, 0.0446340367198, -0.0313501954079, 0.0264942124486, -0.00827960018069], [0.00159381679259, -0.00102821749169, 0.00513888383284, 0.00482529262081, 0.0130559206009, -0.0341997668147, 0.0547585450113, -0.095557808876, 0.11563064158, -0.0853998437524, 0.0706126540899, -0.0358965806663, 0.00578298233449], [-0.0141201913357, 0.00772801786661, -0.00345101160929, 0.0219288244843, -0.0397273600101, 0.0476012602448, -0.0479123592377, 0.0446340367198, -0.0853998437524, 0.147008299828, -0.119447804987, 0.0673718973994, -0.035207875073], [0.0104065714404, -0.0107574267313, 0.00714784860611, -0.0189258232713, 0.0512203127146, -0.0593492798507, 0.00902271270752, -0.0313501954079, 0.0706126540899, -0.119447804987, 0.188180014491, -0.140326723456, 0.0569250360131], [0.00227249809541, -8.65774709382e-05, -0.00378102506511, 0.00761061953381, -0.0245240069926, 0.0397023744881, -0.0130908098072, 0.0264942124486, -0.0358965806663, 0.0673718973994, -0.140326723456, 0.162490770221, -0.0727370381355], [0.00694108847529, -0.00633242959157, 0.00680514983833, -0.023561809212, 0.0145318526775, -0.0158871263266, 0.0231861602515, -0.00827960018069, 0.00578298233449, -0.035207875073, 0.0569250360131, -0.0727370381355, 0.0858546644449]]
    },
    "melbands": {
        "dmean": [0.000917574681807, 0.000395071518142, 0.000232758451602, 0.000135807596962, 0.000141757147503, 7.04594931449e-05, 9.78899261099e-05, 0.000112321373308, 0.000335854361765, 0.000573714729398, 4.06071958423e-05, 8.4476214397e-06, 9.27124801819e-06, 2.60418528342e-06, 0.000208311845199, 0.000141335767694, 8.15350176708e-07, 5.61529020615e-07, 3.41939703503e-05, 2.40751869569e-05, 3.16896745289e-07, 2.45442151936e-07, 2.19228141418e-07, 2.11511732573e-07, 2.06681818327e-07, 2.55520632209e-07, 2.5411921456e-07, 2.28196896046e-07, 1.82190888154e-07, 1.19305610724e-07, 8.82554473947e-08, 6.63565700165e-08, 5.07360518043e-08, 6.12217618823e-08, 5.51093819467e-08, 4.90699321176e-08, 3.98326740481e-08, 4.30802167273e-08, 3.24464011214e-08, 3.52892541855e-08],
        "dmean2": [0.00167696003336, 0.000688024330884, 0.000429395207902, 0.00024915864924, 0.000243198956014, 0.000126216255012, 0.00016387514188, 0.000191866245586, 0.000407150771935, 0.000688610074576, 7.19118615962e-05, 1.23047784655e-05, 1.43529205161e-05, 3.87760519516e-06, 0.000262380839558, 0.000170665458427, 1.42911505918e-06, 1.01380487649e-06, 3.55107549694e-05, 2.62665453192e-05, 5.35025492354e-07, 4.15378480056e-07, 3.96306745643e-07, 3.66473159374e-07, 3.56793321998e-07, 4.08400779861e-07, 4.35602288462e-07, 3.92466574795e-07, 3.13487589665e-07, 2.05048877433e-07, 1.5054757796e-07, 1.13564404103e-07, 8.08918656503e-08, 1.04348934826e-07, 9.42558244788e-08, 8.7642320068e-08, 7.11056671321e-08, 7.28648785753e-08, 5.57262467282e-08, 5.90319437777e-08],
        "dvar": [7.55065855174e-07, 1.73410441562e-07, 4.41013341401e-08, 3.48400917005e-08, 4.09335463303e-08, 1.07649977821e-08, 2.42094451153e-08, 3.95025629985e-08, 5.12312340106e-07, 1.52653365149e-06, 1.83695370026e-09, 4.72373640203e-10, 3.05484082475e-10, 9.73982075547e-11, 2.17706812577e-07, 9.86289023786e-08, 9.98412507183e-13, 1.8921162922e-13, 3.53147577847e-09, 1.75720937801e-09, 9.00625331691e-14, 5.93105615619e-14, 3.61263007898e-14, 2.80333566825e-14, 4.14583698047e-14, 4.16164803627e-14, 4.24826393139e-14, 4.88487932558e-14, 2.01302580697e-14, 9.17084096652e-15, 5.5342803433e-15, 3.28690711666e-15, 1.63635171646e-15, 2.12752462911e-15, 2.1444214541e-15, 2.06560948528e-15, 9.65434177237e-16, 1.30026640717e-15, 6.75582361423e-16, 6.19590360175e-16],
        "dvar2": [2.5983310934e-06, 5.20305377449e-07, 1.38375824577e-07, 1.03375029425e-07, 1.14741055768e-07, 3.03899128085e-08, 6.22249842763e-08, 1.02647177869e-07, 6.99303313922e-07, 1.96381211026e-06, 5.10600584036e-09, 6.25627327722e-10, 5.64848889884e-10, 1.01902840333e-10, 3.80015677592e-07, 1.70926639953e-07, 1.58818672189e-12, 5.55645481883e-13, 3.49373441288e-09, 2.02946459638e-09, 2.16794030644e-13, 1.71366948951e-13, 1.0047830081e-13, 8.23414687129e-14, 1.22360848125e-13, 1.10385570855e-13, 1.16946694841e-13, 1.42197411073e-13, 5.56091258382e-14, 2.9511569783e-14, 1.69499966363e-14, 9.51489982046e-15, 4.40679944589e-15, 6.52652650145e-15, 6.40129352723e-15, 6.47262555985e-15, 2.65358418188e-15, 3.98307460216e-15, 1.97258642119e-15, 1.84007743396e-15],
        "max": [0.00504963425919, 0.00271422695369, 0.00117530452553, 0.00154027121607, 0.00110288348515, 0.000604039698374, 0.000968905631453, 0.00113562820479, 0.00667291600257, 0.0113862156868, 0.000728906947188, 0.00024633857538, 0.000140210613608, 0.000118956537335, 0.00442537898198, 0.00300228106789, 1.11404415293e-05, 2.80049425783e-06, 0.000580266932957, 0.000407031504437, 3.05653566102e-06, 2.07155540011e-06, 1.48175729464e-06, 1.11643248601e-06, 1.87203011137e-06, 2.00262229555e-06, 1.46619140651e-06, 1.89011950624e-06, 1.03267700524e-06, 6.82752727243e-07, 5.737388733e-07, 4.95754704843e-07, 3.52910006995e-07, 4.07082296761e-07, 4.34849170006e-07, 4.2686025381e-07, 2.69156771537e-07, 3.00627590377e-07, 2.40179133471e-07, 2.47222118333e-07],
        "mean": [0.00094138836721, 0.000634959957097, 0.000332056020852, 0.000175056964508, 0.000181278272066, 9.30851892917e-05, 0.000106679901364, 0.000101164005173, 0.000544370268472, 0.000985234859399, 0.000254164391663, 1.72171112354e-05, 1.13389751277e-05, 3.79117432203e-06, 0.000341434293659, 0.000237063941313, 1.62151275163e-06, 1.17776198749e-06, 9.24148407648e-05, 6.49672583677e-05, 6.72259602652e-07, 5.38637721093e-07, 5.51699031348e-07, 5.34222408533e-07, 5.29326484866e-07, 6.33788204141e-07, 6.72964119985e-07, 6.3510134396e-07, 5.07614743128e-07, 3.51864258619e-07, 2.50524635703e-07, 2.18647087991e-07, 1.76154145493e-07, 2.0102207543e-07, 1.89970876363e-07, 1.68705099668e-07, 1.5774682538e-07, 1.53433987293e-07, 1.42421683336e-07, 1.41230103168e-07],
        "median": [0.000714878668077, 0.00053371861577, 0.000250057841185, 9.62782651186e-05, 0.00012022289593, 6.57322743791e-05, 4.19025163865e-05, 2.56827279372e-05, 0.000105656363303, 0.000197410801775, 0.000199486603378, 1.08203912532e-05, 3.8981634134e-06, 2.54352084994e-06, 1.6718326151e-05, 1.29767031467e-05, 1.44727107454e-06, 1.0760021496e-06, 3.13499949698e-05, 2.10701782635e-05, 5.96190147917e-07, 4.77037531255e-07, 5.18041019859e-07, 5.07056086008e-07, 4.96588029364e-07, 5.80078278745e-07, 6.2553317548e-07, 5.9333029867e-07, 4.87542934025e-07, 3.40480937666e-07, 2.39138159941e-07, 2.16254932184e-07, 1.70337216332e-07, 1.98674243279e-07, 1.7700055821e-07, 1.59538416256e-07, 1.52363838879e-07, 1.49840715835e-07, 1.38155542118e-07, 1.37782706133e-07],
        "min": [2.3118853278e-05, 5.94355224166e-05, 2.03215186048e-05, 8.52067751111e-06, 1.20278737086e-05, 1.31461356432e-05, 3.70802581529e-06, 9.680391031e-07, 4.24735299021e-06, 1.61725074577e-05, 3.41307350027e-05, 1.7414283775e-06, 7.90521937688e-07, 6.03507942287e-07, 4.61874947177e-07, 8.74072270562e-07, 3.47445109128e-07, 2.68036160378e-07, 1.15783689125e-06, 8.72763848747e-07, 2.15469455611e-07, 1.81483613915e-07, 1.68404511669e-07, 1.78476369683e-07, 1.39782201813e-07, 2.02250134862e-07, 2.66428202167e-07, 1.33037872274e-07, 1.67892466152e-07, 1.01537594333e-07, 1.1248331333e-07, 6.47653664032e-08, 8.27257338187e-08, 8.03096611435e-08, 1.04248535138e-07, 9.14637112714e-08, 7.07537282096e-08, 7.40183239145e-08, 6.96636206499e-08, 7.30491080958e-08],
        "var": [7.77590400958e-07, 1.9308279775e-07, 7.21426260952e-08, 4.94372720539e-08, 3.3117736109e-08, 8.58840465412e-09, 2.57171404172e-08, 3.72977382312e-08, 1.26668840039e-06, 3.97372832595e-06, 3.35434648946e-08, 6.24307050501e-10, 3.79240222559e-10, 9.73378946889e-11, 6.29060536994e-07, 2.99130448411e-07, 1.11936642681e-12, 2.53322184193e-13, 1.97461567097e-08, 9.48596401429e-09, 1.19376324147e-13, 7.09606527184e-14, 4.76942500793e-14, 3.95593524301e-14, 5.23077641043e-14, 7.5013678266e-14, 5.90956930201e-14, 5.60484987686e-14, 2.76681076054e-14, 1.18786926435e-14, 7.27653055405e-15, 4.44847685503e-15, 2.48880450991e-15, 3.37625871644e-15, 3.42705507053e-15, 2.21248076317e-15, 1.46139388483e-15, 1.59436736376e-15, 8.94541119442e-16, 1.03411372618e-15]
    },
    "mfcc": {
        "mean": [-692.43927002, 142.178573608, 23.8005123138, 4.5935177803, 0.0663621127605, 4.5781083107, 2.50726151466, -0.253258734941, 16.0693531036, 21.6643505096, 0.718740284443, -5.78418922424, -2.05480217934],
        "cov": [[529.41027832, 336.039886475, -186.364746094, -289.674957275, -95.6638946533, 28.2518901825, -66.1148071289, -93.4427261353, 3.65716195107, 82.0140380859, 57.0126571655, 60.3789901733, 51.574962616], [336.039886475, 264.371490479, -78.4419021606, -182.382568359, -77.3916473389, -1.86612725258, -45.6397285461, -59.6046333313, -1.78135967255, 43.5985488892, 32.209197998, 43.5178222656, 46.5584907532], [-186.364746094, -78.4419021606, 154.554534912, 143.374145508, 6.76991081238, -48.8308906555, 23.8474731445, 40.3923950195, -6.02554941177, -43.3822517395, -24.5789985657, -16.7870674133, -6.22186040878], [-289.674957275, -182.382568359, 143.374145508, 218.871856689, 69.7875823975, -25.3102397919, 39.1397247314, 60.4121360779, 8.09974861145, -47.911693573, -38.893119812, -41.1938514709, -24.3736400604], [-95.6638946533, -77.3916473389, 6.76991081238, 69.7875823975, 81.9936447144, 35.2538490295, 16.7919826508, 22.2452640533, 20.83634758, 0.0260293409228, -18.0390033722, -25.5999526978, -14.2738876343], [28.2518901825, -1.86612725258, -48.8308906555, -25.3102397919, 35.2538490295, 59.9129333496, 19.9137439728, -3.27910637856, 5.22882843018, 12.3806409836, 7.40296459198, 0.501510322094, -7.28863191605], [-66.1148071289, -45.6397285461, 23.8474731445, 39.1397247314, 16.7919826508, 19.9137439728, 52.9356155396, 26.0814228058, -10.3402576447, -18.3325443268, 5.22125530243, 3.00542378426, -10.9000329971], [-93.4427261353, -59.6046333313, 40.3923950195, 60.4121360779, 22.2452640533, -3.27910637856, 26.0814228058, 43.1027603149, 6.11780691147, -14.0872354507, -4.36107683182, -5.85199165344, -5.95246458054], [3.65716195107, -1.78135967255, -6.02554941177, 8.09974861145, 20.83634758, 5.22882843018, -10.3402576447, 6.11780691147, 40.7742729187, 30.70495224, 3.1778781414, -7.08638191223, 3.26288557053], [82.0140380859, 43.5985488892, -43.3822517395, -47.911693573, 0.0260293409228, 12.3806409836, -18.3325443268, -14.0872354507, 30.70495224, 61.8053016663, 28.8039970398, 7.39852714539, 6.4590883255], [57.0126571655, 32.209197998, -24.5789985657, -38.893119812, -18.0390033722, 7.40296459198, 5.22125530243, -4.36107683182, 3.1778781414, 28.8039970398, 46.1739692688, 28.2670783997, 4.73804330826], [60.3789901733, 43.5178222656, -16.7870674133, -41.1938514709, -25.5999526978, 0.501510322094, 3.00542378426, -5.85199165344, -7.08638191223, 7.39852714539, 28.2670783997, 42.6392250061, 17.241771698], [51.574962616, 46.5584907532, -6.22186040878, -24.3736400604, -14.2738876343, -7.28863191605, -10.9000329971, -5.95246458054, 3.26288557053, 6.4590883255, 4.73804330826, 17.241771698, 37.4201965332]],
