{
"lowlevel": {
    "average_loudness": 0.919211745262,
    "barkbands_crest": {
        "dmean": 2.50918674469,
        "dmean2": 4.34860754013,
        "dvar": 4.78637361526,
        "dvar2": 12.2275924683,
        "max": 23.6816253662,
        "mean": 13.2302875519,
        "median": 11.8581819534,
        "min": 4.75212049484,
        "var": 25.9351921082
    },
    "barkbands_flatness_db": {
        "dmean": 0.0226753037423,
        "dmean2": 0.0391260161996,
        "dvar": 0.000383060338208,
        "dvar2": 0.00101501273457,
        "max": 0.263565391302,
        "mean": 0.151172280312,
        "median": 0.144589886069,
        "min": 0.0733076706529,
        "var": 0.00109853618778
    },
    "barkbands_kurtosis": {
        "dmean": 6.20035552979,
        "dmean2": 10.2662677765,
        "dvar": 46.4965858459,
        "dvar2": 125.192115784,
        "max": 65.3352508545,
        "mean": 12.1731309891,
        "median": 9.41003417969,
        "min": 0.0605230331421,
        "var": 81.6778869629
    },
    "barkbands_skewness": {
        "dmean": 0.723101556301,
        "dmean2": 1.22053945065,
        "dvar": 0.486785411835,
        "dvar2": 1.23832094669,
        "max": 7.17812824249,
        "mean": 2.31694245338,
        "median": 2.17395806313,
        "min": 0.859464406967,
        "var": 0.730068385601
    },
    "barkbands_spread": {
        "dmean": 3.55807542801,
        "dmean2": 6.37972450256,
        "dvar": 29.7953910828,
        "dvar2": 94.3146362305,
        "max": 51.5399246216,
        "mean": 10.6970567703,
        "median": 11.0301465988,
        "min": 2.32340955734,
        "var": 33.7561912537
    },
    "dissonance": {
        "dmean": 0.0292842183262,
        "dmean2": 0.0468159578741,
        "dvar": 0.000768097233959,
        "dvar2": 0.00181407225318,
        "max": 0.499430596828,
        "mean": 0.439538031816,
        "median": 0.452340602875,
        "min": 0.179079949856,
        "var": 0.00252588023432
    },
    "dynamic_complexity": 2.01117491722,
    "erbbands_crest": {
        "dmean": 1.91491687298,
        "dmean2": 3.2069234848,
        "dvar": 3.03664541245,
        "dvar2": 6.67601728439,
        "max": 26.2585849762,
        "mean": 11.9042539597,
        "median": 10.0232429504,
        "min": 3.58149123192,
        "var": 38.4166946411
    },
    "erbbands_flatness_db": {
        "dmean": 0.0130611946806,
        "dmean2": 0.0214660409838,
        "dvar": 0.000173205728061,
        "dvar2": 0.000288891867967,
        "max": 0.300651401281,
        "mean": 0.150283262134,
        "median": 0.137511491776,
        "min": 0.0874916687608,
        "var": 0.0020395910833
    },
    "erbbands_kurtosis": {
        "dmean": 1.90047860146,
        "dmean2": 3.02105569839,
        "dvar": 7.91656446457,
        "dvar2": 14.6487379074,
        "max": 35.7180786133,
        "mean": 4.92070436478,
        "median": 1.78700113297,
        "min": -0.955870389938,
        "var": 40.2914657593
    },
    "erbbands_skewness": {
        "dmean": 0.389282554388,
        "dmean2": 0.671145737171,
        "dvar": 0.134295374155,
        "dvar2": 0.285915464163,
        "max": 5.25646257401,
        "mean": 1.34175300598,
        "median": 0.866884887218,
        "min": -0.611560821533,
        "var": 1.35066187382
    },
    "erbbands_spread": {
        "dmean": 4.00820064545,
        "dmean2": 6.97158002853,
        "dvar": 34.4549942017,
        "dvar2": 90.4166412354,
        "max": 74.1488113403,
        "mean": 20.9319038391,
        "median": 21.0957984924,
        "min": 4.83243179321,
        "var": 113.87827301
    },
    "hfc": {
        "dmean": 7.42245054245,
        "dmean2": 12.3534212112,
        "dvar": 2015.35583496,
        "dvar2": 4364.36376953,
        "max": 380.241729736,
        "mean": 11.3379020691,
        "median": 1.20526969433,
        "min": 0.45094487071,
        "var": 2950.58618164
    },
    "melbands_crest": {
        "dmean": 2.97394800186,
        "dmean2": 4.95557689667,
        "dvar": 5.69386148453,
        "dvar2": 15.0676317215,
        "max": 23.8932228088,
        "mean": 14.2631111145,
        "median": 14.8550987244,
        "min": 7.11466121674,
        "var": 14.2377157211
    },
    "melbands_flatness_db": {
        "dmean": 0.0273699648678,
        "dmean2": 0.0468481518328,
        "dvar": 0.000583771790843,
        "dvar2": 0.00178811780643,
        "max": 0.330028414726,
        "mean": 0.262549549341,
        "median": 0.261089682579,
        "min": 0.157347738743,
        "var": 0.00112497364171
    },
    "melbands_kurtosis": {
        "dmean": 6.15445232391,
        "dmean2": 9.62937355042,
        "dvar": 90.2188491821,
        "dvar2": 182.959503174,
        "max": 98.0593414307,
        "mean": 9.74379348755,
        "median": 7.29333972931,
        "min": 0.859694719315,
        "var": 122.358322144
    },
    "melbands_skewness": {
        "dmean": 0.639352381229,
        "dmean2": 1.00126051903,
        "dvar": 0.49289944768,
        "dvar2": 1.08798897266,
        "max": 6.56796455383,
        "mean": 1.83976745605,
        "median": 1.62807297707,
        "min": -0.34243324399,
        "var": 1.53323578835
    },
    "melbands_spread": {
        "dmean": 3.43246054649,
        "dmean2": 6.07046127319,
        "dvar": 12.7125577927,
        "dvar2": 41.7979240417,
        "max": 31.4769573212,
        "mean": 9.71863555908,
        "median": 9.29660224915,
        "min": 2.07212853432,
        "var": 16.8253822327
    },
    "pitch_salience": {
        "dmean": 0.0720964595675,
        "dmean2": 0.122810997069,
        "dvar": 0.00532952975482,
        "dvar2": 0.0111802890897,
        "max": 0.859160065651,
        "mean": 0.529386162758,
        "median": 0.523541688919,
        "min": 0.284622550011,
        "var": 0.0182124823332
    },
    "silence_rate_20dB": {
        "dmean": 0.0166666675359,
        "dmean2": 0.0336134470999,
        "dvar": 0.0163888894022,
        "dvar2": 0.0492903031409,
        "max": 1,
        "mean": 0.991735517979,
        "median": 1,
        "min": 0,
        "var": 0.0081961620599
    },
    "silence_rate_30dB": {
        "dmean": 0.00833333376795,
        "dmean2": 0.01680672355,
        "dvar": 0.00826388876885,
        "dvar2": 0.0165242552757,
        "max": 1,
        "mean": 0.958677709103,
        "median": 1,
        "min": 0,
        "var": 0.0396147891879
    },
    "silence_rate_60dB": {
        "dmean": 0.133333340287,
        "dmean2": 0.268907576799,
        "dvar": 0.11555545032,
        "dvar2": 0.263823270798,
        "max": 1,
        "mean": 0.619834721088,
        "median": 1,
        "min": 0,
        "var": 0.235639646649
    },
    "spectral_centroid": {
        "dmean": 116.474983215,
        "dmean2": 210.065383911,
        "dvar": 47367.7851562,
        "dvar2": 152465.53125,
        "max": 2220.36425781,
        "mean": 596.723144531,
        "median": 557.913696289,
        "min": 382.84866333,
        "var": 35795.2929688
    },
    "spectral_complexity": {
        "dmean": 1.54166662693,
        "dmean2": 2.47899150848,
        "dvar": 3.7649307251,
        "dvar2": 5.79577636719,
        "max": 22,
        "mean": 5.55371904373,
        "median": 5,
        "min": 2,
        "var": 10.5776948929
    },
    "spectral_decrease": {
        "dmean": 1.83169068801e-09,
        "dmean2": 2.40536901508e-09,
        "dvar": 9.81020258446e-17,
        "dvar2": 1.31088685037e-16,
        "max": -2.41523218092e-10,
        "mean": -2.9773834509e-09,
        "median": -6.6387356723e-10,
        "min": -9.73896376877e-08,
        "var": 1.57739584105e-16
    },
    "spectral_energy": {
        "dmean": 0.00736615573987,
        "dmean2": 0.0101813534275,
        "dvar": 0.00165635242593,
        "dvar2": 0.00229949061759,
        "max": 0.394374579191,
        "mean": 0.0122657036409,
        "median": 0.00260728574358,
        "min": 0.000982380937785,
        "var": 0.00269587524235
    },
    "spectral_energyband_high": {
        "dmean": 0.0003557560849,
        "dmean2": 0.000535887666047,
        "dvar": 4.76827472085e-06,
        "dvar2": 1.19068781714e-05,
        "max": 0.0208848100156,
        "mean": 0.000344242318533,
        "median": 1.42366816362e-05,
        "min": 8.92542357178e-06,
        "var": 4.67884456157e-06
    },
    "spectral_energyband_low": {
        "dmean": 0.000650771020446,
        "dmean2": 0.00116669491399,
        "dvar": 5.52321864689e-07,
        "dvar2": 1.45445233102e-06,
        "max": 0.00490830373019,
        "mean": 0.00104866421316,
        "median": 0.000725140853319,
        "min": 2.92974000331e-05,
        "var": 8.45956549256e-07
    },
    "spectral_energyband_middle_high": {
        "dmean": 0.00209960830398,
        "dmean2": 0.00337057933211,
        "dvar": 0.000118219344586,
        "dvar2": 0.000330791575834,
        "max": 0.0937931984663,
        "mean": 0.00222916598432,
        "median": 0.000199987087399,
        "min": 7.10365056875e-05,
        "var": 0.000133508336148
    },
    "spectral_energyband_middle_low": {
        "dmean": 0.0064295004122,
        "dmean2": 0.00633749598637,
        "dvar": 0.00129231985193,
        "dvar2": 0.00167425547261,
        "max": 0.362794846296,
        "mean": 0.00914764404297,
        "median": 0.0013545419788,
        "min": 0.000363555853255,
        "var": 0.0019082040526
    },
    "spectral_entropy": {
        "dmean": 0.171469211578,
        "dmean2": 0.288537502289,
        "dvar": 0.0329098328948,
        "dvar2": 0.0664456635714,
        "max": 8.18283653259,
        "mean": 7.23755931854,
        "median": 7.29899406433,
        "min": 6.18061256409,
        "var": 0.112674243748
    },
    "spectral_flux": {
        "dmean": 0.0128382155672,
        "dmean2": 0.0194917935878,
        "dvar": 0.00217213225551,
        "dvar2": 0.00392312183976,
        "max": 0.546756267548,
        "mean": 0.04096570611,
        "median": 0.0261206906289,
        "min": 0.0139273200184,
        "var": 0.00493219681084
    },
    "spectral_kurtosis": {
        "dmean": 1.65203988552,
        "dmean2": 2.77296900749,
        "dvar": 2.691873312,
        "dvar2": 6.70133686066,
        "max": 16.9742031097,
        "mean": 11.2014389038,
        "median": 11.3029727936,
        "min": 0.579205036163,
        "var": 7.1579375267
    },
    "spectral_rms": {
        "dmean": 0.000545534305274,
        "dmean2": 0.000870657619089,
        "dvar": 3.51569678969e-06,
        "dvar2": 5.05260186401e-06,
        "max": 0.0196151901037,
        "mean": 0.00217492133379,
        "median": 0.00159489607904,
        "min": 0.000978989526629,
        "var": 7.23625953469e-06
    },
    "spectral_rolloff": {
        "dmean": 202.232666016,
        "dmean2": 379.454833984,
        "dvar": 292351.90625,
        "dvar2": 898734.1875,
        "max": 4608.10546875,
        "mean": 597.057006836,
        "median": 473.73046875,
        "min": 172.265625,
        "var": 176703.890625
    },
    "spectral_skewness": {
        "dmean": 0.223191350698,
        "dmean2": 0.377334177494,
        "dvar": 0.0705464109778,
        "dvar2": 0.19260121882,
        "max": 3.6609647274,
        "mean": 2.76107549667,
        "median": 2.78213572502,
        "min": 0.476840525866,
        "var": 0.158041536808
    },
    "spectral_spread": {
        "dmean": 434887.28125,
        "dmean2": 670589.125,
        "dvar": 641695219712,
        "dvar2": 757489532928,
        "max": 14154301,
        "mean": 4673507.5,
        "median": 4541731,
        "min": 3605214.5,
        "var": 1.21030220186e+12
    },
    "spectral_strongpeak": {
        "dmean": 0.314029991627,
        "dmean2": 0.371244728565,
        "dvar": 2.12449979782,
        "dvar2": 2.43437767029,
        "max": 14.2873630524,
        "mean": 0.71464574337,
        "median": 0.165812551975,
        "min": 0.0197513625026,
        "var": 3.45797419548
    },
    "zerocrossingrate": {
        "dmean": 0.00855712871999,
        "dmean2": 0.012227547355,
        "dvar": 8.43602829264e-05,
        "dvar2": 0.000133584107971,
        "max": 0.11962890625,
        "mean": 0.0468830689788,
        "median": 0.04736328125,
        "min": 0.00732421875,
        "var": 0.000283221452264
    },
    "barkbands": {
        "dmean": [2.38112661464e-05, 0.000465919816634, 0.000240447596298, 0.000192184321349, 0.00038701336598, 0.000206567259738, 0.000276311882772, 7.87565222709e-05, 0.00574146630242, 0.00174097239505, 0.000581238011364, 0.000167436359334, 0.000238443215494, 3.4609616705e-05, 5.73589932173e-05, 7.75021362642e-06, 3.71922533304e-06, 7.19693480278e-06, 6.45589352644e-06, 8.7115486167e-06, 4.01784236601e-05, 1.1754341358e-05, 1.27498997244e-05, 4.67627978651e-05, 3.89441302104e-05, 0.000199419169803, 2.41671114054e-05],
        "dmean2": [4.35942674812e-05, 0.000849292031489, 0.000407942396123, 0.000351855502231, 0.0006297773798, 0.000353358016582, 0.000459178059828, 0.000133086214191, 0.00484101381153, 0.00282211508602, 0.00109769310802, 0.000321677041939, 0.000378399097826, 6.62836755509e-05, 5.23350427102e-05, 1.42432209032e-05, 5.47328818357e-06, 1.36509652293e-05, 9.60276793194e-06, 1.37785254992e-05, 4.3960630137e-05, 2.19281337195e-05, 1.98307152459e-05, 8.3675586211e-05, 7.13846966391e-05, 0.000342863553669, 3.06800611725e-05],
        "dvar": [5.93294302575e-10, 2.76098575114e-07, 9.41351672168e-08, 1.16267166561e-07, 1.04430341707e-06, 9.49214324919e-07, 2.03491666184e-07, 7.47733110984e-08, 0.00121498468798, 7.39218739909e-05, 9.47134412854e-06, 1.08635902052e-06, 1.48507820086e-06, 3.84785536767e-08, 7.40709893421e-08, 1.18389731352e-09, 1.87446627664e-10, 2.07265449248e-09, 9.66056679097e-10, 1.3399340526e-09, 4.08133935537e-08, 5.17515363896e-09, 4.00961797098e-09, 8.9630972866e-08, 6.71778721539e-08, 1.81214704753e-06, 2.02235526103e-08],
        "dvar2": [1.70984670866e-09, 8.23109019166e-07, 2.30798804068e-07, 3.30611527488e-07, 2.48973651651e-06, 2.64662730842e-06, 3.90063405575e-07, 2.26599581765e-07, 0.00175245478749, 0.000200314927497, 2.9115621146e-05, 3.22955702359e-06, 3.5832906633e-06, 1.16011818818e-07, 7.67229622056e-08, 3.5260194764e-09, 2.9623548059e-10, 6.121666285e-09, 2.27983165679e-09, 3.68104147164e-09, 4.40792646828e-08, 1.51371644108e-08, 8.82685391446e-09, 1.7804785557e-07, 1.96162602606e-07, 4.97842574987e-06, 4.32960050034e-08],
        "max": [0.000176223737071, 0.00286221760325, 0.00256002601236, 0.00264900643378, 0.00972810853273, 0.00889844447374, 0.00635941373184, 0.00246667931788, 0.345905095339, 0.0759743005037, 0.0260655246675, 0.00870401691645, 0.00971061550081, 0.00155270367395, 0.00320598389953, 0.0002965691383, 0.000148072605953, 0.000374539609766, 0.000302638363792, 0.000290282041533, 0.00224733096547, 0.000601082167123, 0.000589139293879, 0.00272056856193, 0.00228096125647, 0.0119559876621, 0.0014111394994],
        "mean": [2.38653628912e-05, 0.000619320431724, 0.000313449272653, 0.00021021059365, 0.000451395841083, 0.000214299929212, 0.00116103584878, 0.000111985449621, 0.00609199656174, 0.00168699631467, 0.00049648527056, 0.000130029540742, 0.000254378188401, 3.02267762891e-05, 8.54783211253e-05, 9.3857961474e-06, 6.29110627415e-06, 5.91820025875e-06, 7.98214023234e-06, 9.38273478823e-06, 6.08406371612e-05, 8.23883874546e-06, 1.37046381496e-05, 5.18751257914e-05, 3.42680723406e-05, 0.000140880758408, 3.3424297726e-05],
        "median": [1.43277611642e-05, 0.000443946133601, 0.000173410167918, 0.000133922221721, 0.000192547755432, 7.84556323197e-05, 0.000305881403619, 3.48157518602e-05, 3.73243892682e-05, 3.89020497096e-05, 6.14815799054e-05, 2.53869020526e-05, 2.38623324549e-05, 1.49514016812e-05, 1.01062605609e-05, 5.37168261872e-06, 2.83559074887e-06, 2.13132534554e-06, 2.07029756893e-06, 1.93555524675e-06, 1.32586626478e-06, 9.22231095046e-07, 9.23159007016e-07, 1.05143431028e-06, 1.21442440104e-06, 2.11452197618e-06, 6.49634557703e-06],
        "min": [8.0710083239e-07, 1.56858150149e-05, 7.09853702574e-06, 2.57621536548e-06, 3.50200680259e-05, 4.74576245324e-06, 3.88597482015e-06, 3.71828241441e-06, 4.61960416942e-06, 4.52874928669e-06, 3.97440453526e-06, 4.02714113079e-06, 3.75904505745e-06, 3.49883271156e-06, 2.11317842513e-06, 9.78376306193e-07, 5.62197669751e-07, 6.4955003154e-07, 6.22924630989e-07, 7.45628824461e-07, 4.78805986859e-07, 4.48656862773e-07, 4.67882529165e-07, 7.07302717728e-07, 8.2911321897e-07, 1.05501703729e-06, 3.59726504939e-06],
        "var": [6.21544649082e-10, 3.79267390826e-07, 1.38739579825e-07, 9.17172329196e-08, 1.04171215298e-06, 7.11368556949e-07, 2.51271853813e-06, 1.20874105392e-07, 0.00151368998922, 9.02947940631e-05, 7.49652599552e-06, 6.30711269878e-07, 1.65190556345e-06, 1.94409057741e-08, 1.75562050231e-07, 7.31567584289e-10, 3.51948886701e-10, 1.14634735038e-09, 1.06392017418e-09, 1.53324808405e-09, 1.00751101684e-07, 3.09494008199e-09, 4.97256191778e-09, 1.09346458999e-07, 5.00506267542e-08, 1.26752047436e-06, 2.73433400366e-08]
    },
    "erbbands": {
        "dmean": [0.0117539940402, 0.119388334453, 0.26798248291, 0.458207607269, 1.08232617378, 1.39248335361, 1.58673775196, 1.63465690613, 2.40993094444, 4.32487535477, 33.5525665283, 145.270507812, 65.4525222778, 29.336025238, 18.2752418518, 5.84785604477, 11.4124755859, 2.79747772217, 1.21692037582, 3.74003458023, 0.348323851824, 0.189455285668, 0.392489850521, 0.394033044577, 0.290388524532, 0.456947058439, 2.49677276611, 1.02993106842, 0.466253787279, 0.485708236694, 0.315470039845, 0.715231716633, 0.756100535393, 0.376493453979, 0.466590672731, 0.768267214298, 0.398615062237, 0.053818102926, 0.00380080821924, 0.000146245220094],
        "dmean2": [0.0216008853167, 0.216104239225, 0.469316959381, 0.797327637672, 1.9786169529, 2.39033913612, 2.44712257385, 2.81397104263, 4.09938430786, 6.89463949203, 33.488822937, 125.214653015, 99.415977478, 51.37159729, 34.3237609863, 11.0133342743, 17.6715717316, 5.19607782364, 2.17788386345, 3.60325455666, 0.482891529799, 0.273558408022, 0.714916884899, 0.599470555782, 0.500036895275, 0.656923413277, 2.23799681664, 1.89480447769, 0.845355808735, 0.832948982716, 0.494831502438, 1.23164248466, 1.35441040993, 0.655349612236, 0.884530901909, 1.42640197277, 0.622834682465, 0.0804390236735, 0.00498696742579, 0.00022090713901],
        "dvar": [0.00013727878104, 0.0174539424479, 0.122376844287, 0.47843053937, 7.68539762497, 9.89682006836, 43.931137085, 51.0520477295, 22.4494247437, 50.6532783508, 41125.9453125, 785230.125, 101417.796875, 22139.4394531, 10733.2285156, 1198.32312012, 3442.09301758, 250.180923462, 40.0985908508, 338.014923096, 2.11044645309, 0.58984452486, 5.70777654648, 4.24606847763, 2.03880882263, 4.10343408585, 149.355377197, 36.5542602539, 8.39663028717, 5.6677236557, 2.86457681656, 20.3623313904, 23.88240242, 5.57714176178, 11.3897771835, 30.0143756866, 6.5955953598, 0.115135982633, 0.000502557610162, 6.63781065668e-07],
        "dvar2": [0.000433093780885, 0.0517743639648, 0.314609020948, 1.30421495438, 22.1281433105, 22.6787815094, 103.448776245, 143.058654785, 51.1168518066, 99.7804031372, 63257.2421875, 1157459.125, 274209.40625, 60946.3867188, 32729.3925781, 3509.17236328, 8194.75097656, 726.202331543, 115.050346375, 376.399169922, 3.04422187805, 0.937447249889, 16.4382305145, 10.6045379639, 5.67428636551, 7.8987698555, 167.454589844, 104.447479248, 24.4469547272, 12.1764287949, 7.34247541428, 39.801864624, 48.8580589294, 15.1616239548, 33.8204841614, 87.4675216675, 16.7946186066, 0.287671297789, 0.000990522210486, 1.69707789155e-06],
        "max": [0.0663563236594, 0.811119258404, 2.75413489342, 6.05775403976, 23.1620922089, 28.7213764191, 63.9999847412, 65.136680603, 43.7237281799, 83.6651077271, 2018.12646484, 8753.46875, 2775.42211914, 1198.48803711, 891.667480469, 301.42666626, 469.014221191, 135.647872925, 56.9235458374, 213.714538574, 14.6618452072, 8.19515419006, 20.5724964142, 19.7804450989, 13.2239322662, 20.8387794495, 145.298873901, 53.7389717102, 25.0689086914, 20.1331691742, 16.0473556519, 42.4922676086, 43.6457290649, 21.6614513397, 27.9464530945, 46.0478630066, 23.8998355865, 3.21452522278, 0.22112262249, 0.00786855816841],
        "mean": [0.0138771384954, 0.149585455656, 0.386615455151, 0.539430260658, 1.15881228447, 1.51352763176, 1.8515213728, 1.76752531528, 8.93731117249, 15.9387197495, 36.5356903076, 149.959625244, 61.8658485413, 30.29662323, 15.434627533, 5.76265764236, 12.448515892, 2.62389564514, 1.45003449917, 5.30300617218, 0.694527685642, 0.345225453377, 0.360769361258, 0.436227738857, 0.360252290964, 0.610677599907, 3.33932518959, 0.967743396759, 0.367994695902, 0.506040394306, 0.315953195095, 0.790737628937, 0.846779584885, 0.409608215094, 0.299860388041, 0.479100286961, 0.323664158583, 0.0492140799761, 0.00522293290123, 0.000233219412621],
        "median": [0.0109707713127, 0.0906286612153, 0.209710687399, 0.376329511404, 0.495076626539, 0.631718456745, 0.819328963757, 0.771245539188, 2.87950944901, 4.46733379364, 1.39435911179, 0.887897849083, 1.12506592274, 2.21648097038, 1.60929894447, 1.08670377731, 1.08699440956, 0.895314216614, 0.600323319435, 0.420804560184, 0.277544438839, 0.161575853825, 0.12065153569, 0.100596986711, 0.104472272098, 0.0936724841595, 0.0713343471289, 0.0422844998538, 0.0335001312196, 0.0299980137497, 0.0252950675786, 0.0210098959506, 0.0174844879657, 0.0122721623629, 0.00945442169905, 0.00633770925924, 0.00421910919249, 0.00216224626638, 0.00081839109771, 0.000114777911222],
        "min": [0.000593314820435, 0.00323848519474, 0.00879146158695, 0.01531815622, 0.0668168589473, 0.10637088865, 0.114868462086, 0.136698931456, 0.220357269049, 0.0623242817819, 0.222310811281, 0.128591567278, 0.155886113644, 0.174595266581, 0.341628462076, 0.253805696964, 0.211451098323, 0.239318475127, 0.21541851759, 0.0918193608522, 0.0798171460629, 0.0407820269465, 0.044692337513, 0.0317436791956, 0.0311713870615, 0.0388797000051, 0.0286348313093, 0.0144794154912, 0.0131912427023, 0.0136918472126, 0.0142515553162, 0.0146426633, 0.0107655366883, 0.00812080223113, 0.00644019758329, 0.00424010213464, 0.00215513096191, 0.00134885706939, 0.000449862098321, 3.75915333279e-05],
        "var": [0.000161470496096, 0.0254842359573, 0.186354592443, 0.463752120733, 5.85105133057, 10.1416435242, 42.5896377563, 38.070098877, 132.892288208, 440.664611816, 51396.8398438, 945623.875, 120996.007812, 26506.9570312, 7831.22607422, 855.771606445, 3968.46728516, 158.620254517, 29.6484279633, 757.860534668, 4.64680433273, 1.08970177174, 3.56943655014, 4.14619493484, 1.84710907936, 7.34099245071, 336.554138184, 30.2029933929, 5.5525894165, 6.72505140305, 2.89794754982, 25.1960391998, 28.5788345337, 5.6345281601, 6.51998090744, 17.7859210968, 5.5954618454, 0.106882102787, 0.0007317380514, 6.38928042918e-07]
    },
    "gfcc": {
        "mean": [-109.437187195, 97.1095275879, -66.9604263306, -15.1612234116, -38.6043319702, 3.60614585876, -20.0325088501, -1.68762886524, -15.965959549, 5.71927881241, -8.85174942017, -2.5134665966, -11.3772010803],
        "cov": [[2202.1965332, -549.870849609, -279.77041626, -298.033111572, -460.495819092, 106.858146667, 82.4225082397, 79.0715560913, -197.729217529, -72.511505127, -295.155670166, -99.7402496338, 36.8782272339], [-549.870849609, 283.883575439, 121.484603882, 72.4493713379, 134.3462677, -10.9428424835, 3.88418984413, -21.0049247742, 25.0870113373, -10.1065177917, 80.0572280884, 27.9255905151, -5.48986530304], [-279.77041626, 121.484603882, 114.774833679, 82.9794235229, 119.083709717, 23.3663845062, 4.6346912384, -14.2995357513, 3.04419493675, -12.8958454132, 38.1312446594, 19.6109046936, 1.86628687382], [-298.033111572, 72.4493713379, 82.9794235229, 203.880874634, 128.771774292, 39.261554718, 43.6638336182, -25.4863109589, 3.19507884979, -25.976770401, 28.6752109528, 8.88734912872, -5.61236858368], [-460.495819092, 134.3462677, 119.083709717, 128.771774292, 193.340576172, 34.4349899292, 8.04276657104, -20.7358455658, 8.08312702179, -17.2396945953, 57.9411849976, 22.8716411591, 3.902541399], [106.858146667, -10.9428424835, 23.3663845062, 39.261554718, 34.4349899292, 87.2043228149, 57.7218894958, -12.6438331604, -62.2444267273, -51.4911994934, -32.5874900818, -4.19618034363, 19.2124557495], [82.4225082397, 3.88418984413, 4.6346912384, 43.6638336182, 8.04276657104, 57.7218894958, 65.8404388428, 0.0156929008663, -41.1469764709, -40.9602050781, -28.9339809418, -9.35662269592, 11.8746547699], [79.0715560913, -21.0049247742, -14.2995357513, -25.4863109589, -20.7358455658, -12.6438331604, 0.0156929008663, 43.0853881836, 30.4178447723, 20.9621086121, -8.01923942566, -9.57339191437, -5.45088815689], [-197.729217529, 25.0870113373, 3.04419493675, 3.19507884979, 8.08312702179, -62.2444267273, -41.1469764709, 30.4178447723, 109.526527405, 72.862953186, 45.0363311768, 5.18823051453, -27.3287639618], [-72.511505127, -10.1065177917, -12.8958454132, -25.976770401, -17.2396945953, -51.4911994934, -40.9602050781, 20.9621086121, 72.862953186, 75.3050231934, 38.2759399414, 5.76381444931, -18.7351303101], [-295.155670166, 80.0572280884, 38.1312446594, 28.6752109528, 57.9411849976, -32.5874900818, -28.9339809418, -8.01923942566, 45.0363311768, 38.2759399414, 71.7096328735, 26.2090530396, -9.66060829163], [-99.7402496338, 27.9255905151, 19.6109046936, 8.88734912872, 22.8716411591, -4.19618034363, -9.35662269592, -9.57339191437, 5.18823051453, 5.76381444931, 26.2090530396, 30.7690200806, 10.7457637787], [36.8782272339, -5.48986530304, 1.86628687382, -5.61236858368, 3.902541399, 19.2124557495, 11.8746547699, -5.45088815689, -27.3287639618, -18.7351303101, -9.66060829163, 10.7457637787, 33.407951355]],
        "icov": [[0.00292807864025, 0.00167904666159, -0.00178538518958, -0.000774086511228, 0.00607826188207, -0.00454443087801, 0.0031616857741, -0.00586525071412, 0.00519629660994, -0.00236413814127, 0.00320629426278, -8.66407499416e-05, 0.000715965172276], [0.00167904666159, 0.0166929569095, -0.0165204424411, 0.00839926023036, 0.000755117973313, 0.0130518190563, -0.0197553317994, 0.00440615136176, -0.00400215340778, 0.0119255902246, -0.0139253633097, 0.00486383959651, 0.00119297020137], [-0.00178538518958, -0.0165204424411, 0.0420852191746, -0.0100036552176, -0.0137420017272, -0.0166536029428, 0.0235675238073, -0.00734208710492, 0.0038841846399, -0.00778519874439, 0.0112488092855, -0.0115972757339, 0.0026267087087], [-0.000774086511228, 0.00839926023036, -0.0100036552176, 0.0201979912817, -0.01307411585, 0.0176565535367, -0.0314376801252, 0.0178174264729, -0.0107565904036, 0.00598477292806, -0.00319629814476, 0.000104765240394, 0.00524043338373], [0.00607826188207, 0.000755117973313, -0.0137420017272, -0.01307411585, 0.0430183075368, -0.0324149355292, 0.0303585063666, -0.0221636611968, 0.00534989964217, 0.0102514391765, -0.0172228123993, 0.0119607876986, -0.00750723574311], [-0.00454443087801, 0.0130518190563, -0.0166536029428, 0.0176565535367, -0.0324149355292, 0.0812549591064, -0.0711751282215, 0.0287603121251, 0.00208801380359, -0.00374735193327, 0.0102100102231, -0.00806726980954, 0.00326093123294], [0.0031616857741, -0.0197553317994, 0.0235675238073, -0.0314376801252, 0.0303585063666, -0.0711751282215, 0.104577422142, -0.0433361306787, 0.0125950118527, 0.00538023933768, 0.000762399693485, 0.00768776517361, -0.00912305992097], [-0.00586525071412, 0.00440615136176, -0.00734208710492, 0.0178174264729, -0.0221636611968, 0.0287603121251, -0.0433361306787, 0.0677156448364, -0.031545240432, -0.002636565594, 0.00742017664015, 0.00564672285691, -0.00385069195181], [0.00519629660994, -0.00400215340778, 0.0038841846399, -0.0107565904036, 0.00534989964217, 0.00208801380359, 0.0125950118527, -0.031545240432, 0.0577182918787, -0.0410047061741, 0.0169971007854, -0.00938978418708, 0.0122880414128], [-0.00236413814127, 0.0119255902246, -0.00778519874439, 0.00598477292806, 0.0102514391765, -0.00374735193327, 0.00538023933768, -0.002636565594, -0.0410047061741, 0.0814690068364, -0.0535121671855, 0.0160117000341, -0.00385510874912], [0.00320629426278, -0.0139253633097, 0.0112488092855, -0.00319629814476, -0.0172228123993, 0.0102100102231, 0.000762399693485, 0.00742017664015, 0.0169971007854, -0.0535121671855, 0.0940990969539, -0.0449391566217, 0.0156470537186], [-8.66407499416e-05, 0.00486383959651, -0.0115972757339, 0.000104765240394, 0.0119607876986, -0.00806726980954, 0.00768776517361, 0.00564672285691, -0.00938978418708, 0.0160117000341, -0.0449391566217, 0.0779273211956, -0.0337711386383], [0.000715965172276, 0.00119297020137, 0.0026267087087, 0.00524043338373, -0.00750723574311, 0.00326093123294, -0.00912305992097, -0.00385069195181, 0.0122880414128, -0.00385510874912, 0.0156470537186, -0.0337711386383, 0.0549657419324]]
    },
    "melbands": {
        "dmean": [0.000114898204629, 0.00014415550686, 9.61106125033e-05, 8.92905372893e-05, 5.33042475581e-05, 3.65735213563e-05, 4.54420733149e-05, 3.72879112547e-05, 0.000535981846042, 0.000791029888205, 0.000319597311318, 0.00011905397696, 6.93338370183e-05, 2.3099108148e-05, 2.25458679779e-05, 1.87729056051e-05, 3.9513261072e-06, 2.0103514089e-06, 3.96446876039e-06, 2.94270398626e-06, 3.01765311406e-07, 1.9513798577e-07, 1.85787072837e-07, 4.51896823961e-07, 3.15083866553e-07, 2.20669932105e-07, 3.53604690417e-07, 2.47278478582e-07, 1.35707227855e-06, 9.43406689657e-07, 6.46016189876e-07, 2.53186868804e-07, 2.17934584157e-07, 3.48082352275e-07, 2.18936065721e-07, 7.66532011198e-08, 7.40058510473e-07, 7.53557173994e-07, 5.79511322485e-07, 2.16014001353e-07],
        "dmean2": [0.000209523044759, 0.000252324534813, 0.000169140766957, 0.000153278539074, 8.4742117906e-05, 6.24811509624e-05, 7.66263037804e-05, 6.14706877968e-05, 0.000498276029248, 0.000674208044074, 0.000525998300873, 0.000205051692319, 0.0001298924617, 4.47668426204e-05, 3.75311319658e-05, 2.98439153994e-05, 7.61538512961e-06, 3.86397186958e-06, 3.693141025e-06, 2.88492378786e-06, 5.67409813357e-07, 2.96770423347e-07, 2.91055954449e-07, 8.66732079885e-07, 4.56565885543e-07, 3.4904144286e-07, 5.86288706472e-07, 3.72824160877e-07, 1.21826280974e-06, 1.03608579138e-06, 1.23949166664e-06, 4.78633012335e-07, 3.90512099102e-07, 5.96230790961e-07, 3.99637343662e-07, 1.20201832488e-07, 1.21661958019e-06, 1.18062814636e-06, 1.08285291844e-06, 3.50040238573e-07],
        "dvar": [1.53422359261e-08, 2.97922895243e-08, 2.85574071057e-08, 4.83113247185e-08, 4.19750492142e-08, 2.73322449118e-08, 6.56103171792e-09, 4.33384972354e-09, 1.07641135401e-05, 2.30661862588e-05, 2.46436775342e-06, 3.62138308674e-07, 1.45505680393e-07, 2.07231121152e-08, 1.34755735459e-08, 9.18898823699e-09, 5.15670839363e-10, 1.21299026379e-10, 3.4525193815e-10, 1.93687316186e-10, 1.7375996475e-12, 4.96449019047e-13, 7.31358008009e-13, 8.72659930429e-12, 2.51180630115e-12, 1.02863160698e-12, 2.35254155566e-12, 1.02090590755e-12, 4.42844337589e-11, 2.08895713227e-11, 1.5008740778e-11, 2.71858035215e-12, 1.52401875841e-12, 2.76510802102e-12, 1.62230070957e-12, 2.08765987895e-13, 2.07384508871e-11, 1.92042250158e-11, 1.61397180343e-11, 1.55230038892e-12],
        "dvar2": [4.80645248047e-08, 7.93635948071e-08, 8.06635682693e-08, 1.27777411763e-07, 9.35428090543e-08, 7.73367361262e-08, 1.3743585825e-08, 8.52885850833e-09, 1.59744668053e-05, 3.36189004884e-05, 7.17229795555e-06, 9.92981199488e-07, 4.41812630925e-07, 6.22046272269e-08, 3.31442429058e-08, 2.25334524373e-08, 1.55419699333e-09, 3.65684066361e-10, 3.61587149111e-10, 2.11415066009e-10, 5.19769036839e-12, 9.42915992681e-13, 1.25652634998e-12, 2.58782578699e-11, 5.9025987223e-12, 2.55791156485e-12, 6.97161382443e-12, 2.48082479039e-12, 5.22263655933e-11, 2.26845955215e-11, 4.64092098085e-11, 8.0550817752e-12, 4.3561894543e-12, 5.60003736091e-12, 4.70781399975e-12, 3.77471356039e-13, 4.17199122471e-11, 4.1180350796e-11, 4.74020961372e-11, 3.63858465927e-12],
        "max": [0.000707974424586, 0.00123477284797, 0.00147292762995, 0.00201585050672, 0.00197418034077, 0.00150026299525, 0.000964822305832, 0.000740975199733, 0.0322945676744, 0.047655235976, 0.0127338347957, 0.00481703272089, 0.00329939671792, 0.00120371207595, 0.000918899662793, 0.000847087299917, 0.000181274997885, 8.81045561982e-05, 0.00021885408205, 0.000162615950103, 1.08429776446e-05, 7.12304108674e-06, 8.48339732329e-06, 2.40908393607e-05, 1.5442037693e-05, 9.77215040621e-06, 1.18101506814e-05, 9.51841957431e-06, 7.92780265328e-05, 5.17331500305e-05, 3.10439609166e-05, 1.38697914736e-05, 1.05847420855e-05, 1.46496886373e-05, 1.10727305582e-05, 4.33934201283e-06, 4.4149623136e-05, 4.32298365922e-05, 3.45799999195e-05, 1.12701372927e-05],
        "mean": [0.000148342354805, 0.00021031704091, 0.000113602196507, 9.8453820101e-05, 6.53069873806e-05, 3.72168506146e-05, 0.000184680466191, 0.000140574455145, 0.000564238231163, 0.000831651967019, 0.000282067572698, 0.000123524005176, 5.98877522862e-05, 1.80656516022e-05, 2.42946534854e-05, 1.98978395929e-05, 3.37543360729e-06, 1.86081422271e-06, 5.92192873228e-06, 4.15601061832e-06, 4.22740328077e-07, 3.29194847382e-07, 3.17965202612e-07, 3.33223624693e-07, 3.61463662557e-07, 2.70945122338e-07, 3.51951655375e-07, 2.79230022215e-07, 1.78392281214e-06, 1.38504685765e-06, 4.38403844782e-07, 1.88323681982e-07, 1.63473274029e-07, 3.65138561165e-07, 1.78834795861e-07, 1.12456284285e-07, 7.68967083786e-07, 7.38800451927e-07, 4.54044169373e-07, 2.79328475017e-07],
        "median": [0.000109576707473, 0.000123974285088, 7.32448534109e-05, 4.3340758566e-05, 3.08186245093e-05, 1.28339406729e-05, 5.43357637071e-05, 4.39264185843e-05, 6.6793500082e-06, 5.53197651243e-06, 5.57251723876e-06, 8.30497992865e-06, 6.42873146717e-06, 3.13980513056e-06, 2.7806295293e-06, 2.26732549891e-06, 1.59277465173e-06, 9.84081793831e-07, 7.22235483863e-07, 4.46499598183e-07, 3.06243634896e-07, 1.62877839216e-07, 1.16929278704e-07, 9.14013256192e-08, 7.94373917756e-08, 8.39109048911e-08, 6.70258728519e-08, 5.93197349019e-08, 4.88660347742e-08, 2.9616723296e-08, 2.12360973251e-08, 1.9088565395e-08, 1.66404348079e-08, 1.68762728237e-08, 1.51153205508e-08, 1.37028948188e-08, 1.29179964503e-08, 1.20885825794e-08, 1.14260743089e-08, 9.9690922184e-09],
        "min": [5.52180154045e-06, 4.29030842497e-06, 7.54533448344e-06, 6.99985230312e-06, 5.27700603925e-06, 9.85716951618e-07, 2.23568736146e-06, 7.2625437042e-07, 7.86432963196e-07, 6.38539063402e-07, 5.99886789132e-07, 6.66909329539e-07, 7.81048584031e-07, 5.97861628648e-07, 6.09321318734e-07, 4.68589774982e-07, 3.63839404827e-07, 2.70460674301e-07, 1.41529739039e-07, 9.92621806972e-08, 7.84860603176e-08, 3.68636321468e-08, 4.08027105436e-08, 2.62247237259e-08, 2.446409475e-08, 2.06049559637e-08, 2.64036863484e-08, 2.45419666811e-08, 2.08781596456e-08, 9.92724835669e-09, 7.81375231185e-09, 7.42152517219e-09, 7.87508014355e-09, 5.94236571061e-09, 6.25641360941e-09, 7.58912133136e-09, 8.4101383635e-09, 7.08520841997e-09, 6.85994416827e-09, 5.97776272926e-09],
        "var": [1.88632451881e-08, 4.85722679855e-08, 2.58112304863e-08, 4.19524290862e-08, 4.29463469231e-08, 2.01542533773e-08, 6.02540382033e-08, 3.39353078971e-08, 1.3285289242e-05, 2.83333065454e-05, 2.61288096226e-06, 4.39038558397e-07, 1.12356175919e-07, 1.22104211187e-08, 1.4321321018e-08, 1.01329336033e-08, 2.65730215609e-10, 6.23452608983e-11, 8.24266099819e-10, 4.37711533685e-10, 9.31577406361e-13, 7.90345165615e-13, 1.24819197946e-12, 4.74430173966e-12, 2.76375580407e-12, 1.03579753281e-12, 2.2761959418e-12, 1.35284112471e-12, 9.67986107936e-11, 5.13492234844e-11, 8.60552514664e-12, 1.63978498748e-12, 1.01834415466e-12, 3.55196774771e-12, 1.13905586352e-12, 3.31634351057e-13, 2.49179010758e-11, 2.24259256998e-11, 1.06754891385e-11, 2.2214775592e-12]
    },
    "mfcc": {
        "mean": [-782.323913574, 162.90045166, 17.9001674652, 2.39732408524, 0.655038774014, 7.36611461639, 6.11451673508, -2.58853673935, -0.406591892242, 4.51304340363, -0.476541310549, 3.54717588425, 5.94864034653],
        "cov": [[2284.0703125, -500.551757812, -1.62001800537, -397.739105225, -488.664550781, -148.426345825, 99.0619659424, 7.84401988983, 159.637390137, 7.70763444901, -156.020645142, -121.823875427, -243.999755859], [-500.551757812, 252.239120483, 24.3671569824, 53.2857322693, 110.972122192, 21.7951583862, 3.39464020729, 11.0416698456, -44.4734306335, -17.6163101196, 18.7899608612, 15.382399559, 50.1779937744], [-1.62001800537, 24.3671569824, 44.3922042847, 25.7096977234, 13.8801269531, 29.8528156281, 29.3393650055, 23.5671138763, 1.34812891483, -2.92171216011, -8.2916841507, -11.528216362, -7.92052412033], [-397.739105225, 53.2857322693, 25.7096977234, 170.239898682, 116.693466187, 70.3681106567, 6.37133169174, 28.3693351746, -25.6331195831, 9.37667655945, 38.265586853, 10.5559959412, 35.6186180115], [-488.664550781, 110.972122192, 13.8801269531, 116.693466187, 170.785018921, 55.0812835693, -1.70384097099, 11.5717916489, -34.6740455627, 1.43659341335, 37.4844322205, 25.2703037262, 47.219783783], [-148.426345825, 21.7951583862, 29.8528156281, 70.3681106567, 55.0812835693, 102.838623047, 64.0084609985, 46.4373893738, -16.1512985229, -9.05173873901, -4.87118339539, -31.552690506, -14.7552280426], [99.0619659424, 3.39464020729, 29.3393650055, 6.37133169174, -1.70384097099, 64.0084609985, 114.908584595, 60.6275100708, 6.91921281815, -11.0625085831, -34.0597572327, -57.6245803833, -62.4766616821], [7.84401988983, 11.0416698456, 23.5671138763, 28.3693351746, 11.5717916489, 46.4373893738, 60.6275100708, 63.6495170593, 12.3679571152, -4.49609851837, -15.1774082184, -32.1017837524, -32.2711982727], [159.637390137, -44.4734306335, 1.34812891483, -25.6331195831, -34.6740455627, -16.1512985229, 6.91921281815, 12.3679571152, 49.7800788879, 18.096118927, -11.1983661652, -0.828840911388, -17.8771152496], [7.70763444901, -17.6163101196, -2.92171216011, 9.37667655945, 1.43659341335, -9.05173873901, -11.0625085831, -4.49609851837, 18.096118927, 32.4559440613, 16.350692749, 13.4467258453, 6.05524873734], [-156.020645142, 18.7899608612, -8.2916841507, 38.265586853, 37.4844322205, -4.87118339539, -34.0597572327, -15.1774082184, -11.1983661652, 16.350692749, 44.6266326904, 36.3766288757, 37.5812454224], [-121.823875427, 15.382399559, -11.528216362, 10.5559959412, 25.2703037262, -31.552690506, -57.6245803833, -32.1017837524, -0.828840911388, 13.4467258453, 36.3766288757, 63.8850746155, 55.1205368042], [-243.999755859, 50.1779937744, -7.92052412033, 35.6186180115, 47.219783783, -14.7552280426, -62.4766616821, -32.2711982727, -17.8771152496, 6.05524873734, 37.5812454224, 55.1205368042, 76.9565429688]],
