{
"lowlevel": {
    "average_loudness": 0.99068403244,
    "barkbands_crest": {
        "dmean": 1.26338911057,
        "dmean2": 2.11438512802,
        "dvar": 1.28810763359,
        "dvar2": 3.11660337448,
        "max": 25.5459194183,
        "mean": 20.9746227264,
        "median": 21.7058944702,
        "min": 10.1653118134,
        "var": 10.0181837082
    },
    "barkbands_flatness_db": {
        "dmean": 0.0141986021772,
        "dmean2": 0.0192554872483,
        "dvar": 0.000266736024059,
        "dvar2": 0.00050204526633,
        "max": 0.337208837271,
        "mean": 0.27008420229,
        "median": 0.276114284992,
        "min": 0.145264685154,
        "var": 0.00224704365246
    },
    "barkbands_kurtosis": {
        "dmean": 19.2339859009,
        "dmean2": 36.3206253052,
        "dvar": 313.261322021,
        "dvar2": 811.62902832,
        "max": 124.479766846,
        "mean": 35.3485527039,
        "median": 30.270275116,
        "min": 11.0398921967,
        "var": 390.110198975
    },
    "barkbands_skewness": {
        "dmean": 1.67838966846,
        "dmean2": 3.22106981277,
        "dvar": 1.53023207188,
        "dvar2": 4.38005638123,
        "max": 6.43003892899,
        "mean": 2.34929537773,
        "median": 2.18597221375,
        "min": 0.0840235501528,
        "var": 1.69810569286
    },
    "barkbands_spread": {
        "dmean": 0.884263336658,
        "dmean2": 1.57459676266,
        "dvar": 0.535442352295,
        "dvar2": 1.37589299679,
        "max": 9.87980270386,
        "mean": 3.31155824661,
        "median": 2.5656015873,
        "min": 0.863115608692,
        "var": 3.55970644951
    },
    "dissonance": {
        "dmean": 0.0405205637217,
        "dmean2": 0.0705037713051,
        "dvar": 0.000829928321764,
        "dvar2": 0.00188406859525,
        "max": 0.406369924545,
        "mean": 0.300910890102,
        "median": 0.3100951612,
        "min": 0.186230525374,
        "var": 0.00261106411926
    },
    "dynamic_complexity": 2.62244725227,
    "erbbands_crest": {
        "dmean": 0.853079795837,
        "dmean2": 1.09468281269,
        "dvar": 4.57559156418,
        "dvar2": 5.60236692429,
        "max": 33.1284332275,
        "mean": 28.2932491302,
        "median": 31.2199134827,
        "min": 15.6592950821,
        "var": 25.3612823486
    },
    "erbbands_flatness_db": {
        "dmean": 0.0138750588521,
        "dmean2": 0.020524552092,
        "dvar": 0.000216161439312,
        "dvar2": 0.000473723310279,
        "max": 0.360978543758,
        "mean": 0.290026754141,
        "median": 0.292020201683,
        "min": 0.177652269602,
        "var": 0.00186794064939
    },
    "erbbands_kurtosis": {
        "dmean": 10.8273124695,
        "dmean2": 17.1930065155,
        "dvar": 181.929367065,
        "dvar2": 424.336578369,
        "max": 133.705413818,
        "mean": 52.4107513428,
        "median": 50.1087760925,
        "min": 9.34153079987,
        "var": 1007.43707275
    },
    "erbbands_skewness": {
        "dmean": 0.690269172192,
        "dmean2": 1.09964883327,
        "dvar": 0.450833678246,
        "dvar2": 1.02645933628,
        "max": 8.75791072845,
        "mean": 5.15428876877,
        "median": 5.38527822495,
        "min": 2.19034695625,
        "var": 3.17254757881
    },
    "erbbands_spread": {
        "dmean": 0.453114330769,
        "dmean2": 0.625413179398,
        "dvar": 0.443375319242,
        "dvar2": 0.763652324677,
        "max": 10.8116521835,
        "mean": 3.35199570656,
        "median": 3.49859070778,
        "min": 1.24245166779,
        "var": 2.62951159477
    },
    "hfc": {
        "dmean": 1.66174757481,
        "dmean2": 1.67852807045,
        "dvar": 5.928627491,
        "dvar2": 10.0567378998,
        "max": 31.2068729401,
        "mean": 10.9385242462,
        "median": 8.15867805481,
        "min": 0.0333483181894,
        "var": 66.8519897461
    },
    "melbands_crest": {
        "dmean": 1.8503112793,
        "dmean2": 3.2034842968,
        "dvar": 3.04049944878,
        "dvar2": 9.0046005249,
        "max": 27.105714798,
        "mean": 22.8566837311,
        "median": 23.1840362549,
        "min": 12.761888504,
        "var": 9.27292633057
    },
    "melbands_flatness_db": {
        "dmean": 0.013146921061,
        "dmean2": 0.018218036741,
        "dvar": 0.000283193745418,
        "dvar2": 0.000576825579628,
        "max": 0.444129556417,
        "mean": 0.376623183489,
        "median": 0.377991050482,
        "min": 0.257458597422,
        "var": 0.00205042399466
    },
    "melbands_kurtosis": {
        "dmean": 6.89991283417,
        "dmean2": 12.9526128769,
        "dvar": 33.1309204102,
        "dvar2": 86.8661346436,
        "max": 31.9599456787,
        "mean": 10.2547187805,
        "median": 8.87478351593,
        "min": 1.30872821808,
        "var": 41.7213058472
    },
    "melbands_skewness": {
        "dmean": 0.627090394497,
        "dmean2": 1.1435880661,
        "dvar": 0.413277357817,
        "dvar2": 1.52050340176,
        "max": 1.83853423595,
        "mean": -0.56341201067,
        "median": -0.619750380516,
        "min": -2.14343643188,
        "var": 0.764332294464
    },
    "melbands_spread": {
        "dmean": 1.603469491,
        "dmean2": 2.90870904922,
        "dvar": 1.40710628033,
        "dvar2": 4.27499198914,
        "max": 10.7226390839,
        "mean": 4.47701072693,
        "median": 3.95502924919,
        "min": 1.17348241806,
        "var": 4.6152677536
    },
    "pitch_salience": {
        "dmean": 0.0574606060982,
        "dmean2": 0.0946929529309,
        "dvar": 0.00441205035895,
        "dvar2": 0.00684458436444,
        "max": 0.797639489174,
        "mean": 0.286968320608,
        "median": 0.277968227863,
        "min": 0.167005434632,
        "var": 0.00755160441622
    },
    "silence_rate_20dB": {
        "dmean": 0,
        "dmean2": 0,
        "dvar": 0,
        "dvar2": 0,
        "max": 1,
        "mean": 1,
        "median": 1,
        "min": 1,
        "var": 0
    },
    "silence_rate_30dB": {
        "dmean": 0,
        "dmean2": 0,
        "dvar": 0,
        "dvar2": 0,
        "max": 1,
        "mean": 1,
        "median": 1,
        "min": 1,
        "var": 0
    },
    "silence_rate_60dB": {
        "dmean": 0.0166666675359,
        "dmean2": 0.0338983051479,
        "dvar": 0.0163888894022,
        "dvar2": 0.0327492132783,
        "max": 1,
        "mean": 0.0327868834138,
        "median": 0,
        "min": 0,
        "var": 0.0317119024694
    },
    "spectral_centroid": {
        "dmean": 7.05766773224,
        "dmean2": 10.4652576447,
        "dvar": 64.7543106079,
        "dvar2": 110.771514893,
        "max": 593.222839355,
        "mean": 509.198791504,
        "median": 506.062194824,
        "min": 481.334686279,
        "var": 274.708099365
    },
    "spectral_complexity": {
        "dmean": 0.75,
        "dmean2": 1.20338988304,
        "dvar": 0.587499976158,
        "dvar2": 1.48405635357,
        "max": 8,
        "mean": 4.32786893845,
        "median": 4,
        "min": 0,
        "var": 1.20397746563
    },
    "spectral_decrease": {
        "dmean": 8.85402529072e-10,
        "dmean2": 9.75655667368e-10,
        "dvar": 1.70189174689e-18,
        "dvar2": 3.09821966677e-18,
        "max": -1.37247626458e-11,
        "mean": -5.49944267902e-09,
        "median": -4.4717474168e-09,
        "min": -1.64258597835e-08,
        "var": 1.73093366528e-17
    },
    "spectral_energy": {
        "dmean": 0.0034874631092,
        "dmean2": 0.00381262763403,
        "dvar": 2.64704103756e-05,
        "dvar2": 4.81148781546e-05,
        "max": 0.0648254752159,
        "mean": 0.0217483229935,
        "median": 0.0176174119115,
        "min": 5.4825355619e-05,
        "var": 0.000270386342891
    },
    "spectral_energyband_high": {
        "dmean": 3.2840869153e-06,
        "dmean2": 4.86388717036e-06,
        "dvar": 1.31066876102e-11,
        "dvar2": 1.56220713449e-11,
        "max": 4.27905724791e-05,
        "mean": 2.91426949843e-05,
        "median": 2.87241582555e-05,
        "min": 5.67860695355e-07,
        "var": 2.75384593601e-11
    },
    "spectral_energyband_low": {
        "dmean": 0.00068191572791,
        "dmean2": 0.00123847834766,
        "dvar": 3.22275923281e-07,
        "dvar2": 1.0673613815e-06,
        "max": 0.00362943438813,
        "mean": 0.000969648361206,
        "median": 0.000808097131085,
        "min": 7.89663499745e-06,
        "var": 3.72786558955e-07
    },
    "spectral_energyband_middle_high": {
        "dmean": 0.000181064577191,
        "dmean2": 0.000193469255464,
        "dvar": 6.41416448843e-08,
        "dvar2": 1.04126939959e-07,
        "max": 0.00410997215658,
        "mean": 0.000994507805444,
        "median": 0.000306296627969,
        "min": 3.34051583195e-06,
        "var": 1.61355853834e-06
    },
    "spectral_energyband_middle_low": {
        "dmean": 0.00324322888628,
        "dmean2": 0.00330107868649,
        "dvar": 2.19521771214e-05,
        "dvar2": 3.88447806472e-05,
        "max": 0.0574170127511,
        "mean": 0.019799452275,
        "median": 0.015988394618,
        "min": 4.23601813964e-05,
        "var": 0.000229097451665
    },
    "spectral_entropy": {
        "dmean": 0.152658492327,
        "dmean2": 0.211024686694,
        "dvar": 0.0422850959003,
        "dvar2": 0.0837278589606,
        "max": 7.31438112259,
        "mean": 5.93263435364,
        "median": 5.92089653015,
        "min": 5.15376996994,
        "var": 0.297018140554
    },
    "spectral_flux": {
        "dmean": 0.0102769192308,
        "dmean2": 0.0133992210031,
        "dvar": 0.000209377350984,
        "dvar2": 0.000268352305284,
        "max": 0.180930569768,
        "mean": 0.0320796519518,
        "median": 0.0230988357216,
        "min": 0.0127028599381,
        "var": 0.000741625553928
    },
    "spectral_kurtosis": {
        "dmean": 1.93158686161,
        "dmean2": 2.55216932297,
        "dvar": 2.99178576469,
        "dvar2": 6.42386484146,
        "max": 27.0621242523,
        "mean": 12.8402414322,
        "median": 11.8027849197,
        "min": 6.6656665802,
        "var": 21.8977088928
    },
    "spectral_rms": {
        "dmean": 0.000369674555259,
        "dmean2": 0.000418258598074,
        "dvar": 2.15165243844e-07,
        "dvar2": 4.13786693798e-07,
        "max": 0.00795263238251,
        "mean": 0.00425109593198,
        "median": 0.00414580712095,
        "min": 0.000231275058468,
        "var": 3.14606108986e-06
    },
    "spectral_rolloff": {
        "dmean": 5.7421875,
        "dmean2": 9.48920822144,
        "dvar": 137.042800903,
        "dvar2": 224.313354492,
        "max": 581.396484375,
        "mean": 501.970733643,
        "median": 495.263671875,
        "min": 473.73046875,
        "var": 357.88369751
    },
    "spectral_skewness": {
        "dmean": 0.208943411708,
        "dmean2": 0.274172544479,
        "dvar": 0.0317544303834,
        "dvar2": 0.0679161697626,
        "max": 4.31603431702,
        "mean": 3.07152748108,
        "median": 2.94964194298,
        "min": 2.28420734406,
        "var": 0.268086135387
    },
    "spectral_spread": {
        "dmean": 310493.625,
        "dmean2": 422926.125,
        "dvar": 96757309440,
        "dvar2": 140139298816,
        "max": 8922508,
        "mean": 4886491.5,
        "median": 4895440,
        "min": 2591167.25,
        "var": 1.1264271319e+12
    },
    "spectral_strongpeak": {
        "dmean": 0.243324220181,
        "dmean2": 0.259171426296,
        "dvar": 0.236210152507,
        "dvar2": 0.297553181648,
        "max": 4.58423852921,
        "mean": 2.25254201889,
        "median": 2.16921973228,
        "min": 0.0162873286754,
        "var": 1.51467597485
    },
    "zerocrossingrate": {
        "dmean": 0.00216471357271,
        "dmean2": 0.00277244439349,
        "dvar": 1.6374320694e-05,
        "dvar2": 1.48016770254e-05,
        "max": 0.046875,
        "mean": 0.0270395744592,
        "median": 0.0244140625,
        "min": 0.0107421875,
        "var": 5.00926325913e-05
    },
    "barkbands": {
        "dmean": [6.40239813947e-05, 0.000610595569015, 0.00016227766173, 6.04507295066e-05, 0.000103949125332, 4.81171082356e-05, 0.003241766477, 0.000164004799444, 5.75509375267e-06, 2.0795601813e-05, 0.00017757799651, 3.80139636036e-06, 5.09990832143e-06, 1.85544899978e-06, 1.3140252122e-06, 1.23495510707e-06, 8.9015446747e-07, 7.08897516688e-07, 8.59803549247e-07, 8.74247518823e-07, 7.18899968888e-07, 5.77540447466e-07, 5.79115408073e-07, 5.78324033995e-07, 5.26020301095e-07, 9.7181180081e-07, 2.00017984753e-06],
        "dmean2": [0.000119751544844, 0.00111080135684, 0.000256665836787, 9.55976356636e-05, 0.000176668574568, 6.91239765729e-05, 0.00333642866462, 0.000201213100809, 7.37419941288e-06, 3.00220854115e-05, 0.000180637420272, 5.36205379831e-06, 7.35218827685e-06, 2.98907525575e-06, 2.21141681322e-06, 2.13486282519e-06, 1.5315293922e-06, 1.23062739021e-06, 1.41580721902e-06, 1.45478543345e-06, 1.20270726711e-06, 8.68494964834e-07, 8.92293599009e-07, 9.56125177254e-07, 8.01517501259e-07, 1.54439385369e-06, 3.1705380934e-06],
        "dvar": [2.41960074199e-09, 3.46005322172e-07, 2.43434392644e-08, 2.91715207545e-09, 1.41908653717e-08, 2.35590409403e-08, 2.57915162365e-05, 1.10034790168e-07, 3.45277750835e-10, 1.11938569525e-09, 7.04938827312e-08, 1.52258899933e-10, 5.07884879986e-11, 1.63533661439e-12, 1.29933509698e-12, 1.16542572034e-12, 9.28593356722e-13, 7.19526109701e-13, 1.07616899333e-12, 5.8497911376e-13, 3.58422032288e-13, 1.95844114038e-13, 1.98079576287e-13, 1.8290593649e-13, 2.02723986686e-13, 8.11226248936e-13, 3.17687998304e-12],
        "dvar2": [8.58327009468e-09, 1.1675638234e-06, 6.2830679326e-08, 6.41076747243e-09, 2.09191579614e-08, 2.38040946954e-08, 4.35921356257e-05, 1.06980770909e-07, 3.38909372788e-10, 2.3672692695e-09, 1.08719483194e-07, 1.3602068083e-10, 1.18740114963e-10, 5.64643644341e-12, 3.47619003895e-12, 3.29575472816e-12, 2.5227439495e-12, 1.87974202176e-12, 2.85446471147e-12, 1.43035952006e-12, 9.49010184673e-13, 4.99039178037e-13, 4.43821384808e-13, 4.2173868022e-13, 5.0518438174e-13, 1.94599306287e-12, 4.98640321742e-12],
        "max": [0.000217734253965, 0.00338046276011, 0.00109225651249, 0.000371575850295, 0.00088410830358, 0.00126699148677, 0.0571309216321, 0.00297104171477, 0.000153735876665, 0.000308556598611, 0.00385416904464, 0.000110989101813, 0.000103338265035, 8.31139914226e-06, 9.31795239012e-06, 6.25274969934e-06, 5.86730857322e-06, 6.60105024508e-06, 7.96636504674e-06, 5.30752049599e-06, 5.62871855436e-06, 3.92006813854e-06, 4.10126449424e-06, 4.34821822637e-06, 4.46100693807e-06, 7.94465177023e-06, 1.6542382582e-05],
        "mean": [6.25651373412e-05, 0.000629388378002, 0.000228019765927, 9.21758255572e-05, 0.000133047331474, 6.06628964306e-05, 0.0183732528239, 0.00112965516746, 8.53843630466e-06, 4.76795903523e-05, 0.000906640721951, 5.9329454416e-06, 1.78900590981e-05, 3.70082375412e-06, 3.08990843223e-06, 2.79974779005e-06, 1.89699380826e-06, 1.95019447347e-06, 2.57629608313e-06, 2.75502202385e-06, 2.53569555753e-06, 2.01081388695e-06, 2.1434689188e-06, 2.48041237683e-06, 2.85273745249e-06, 4.9148288781e-06, 1.23542213259e-05],
        "median": [4.71997154818e-05, 0.000452521868283, 0.000186046629096, 8.04752708063e-05, 0.000108862834168, 3.85094535886e-05, 0.0148888183758, 0.00112904980779, 5.33832917426e-06, 9.75613875198e-06, 0.00027602512273, 3.26160170516e-06, 3.927155376e-06, 3.5156128888e-06, 2.67994460046e-06, 2.38633947447e-06, 1.79286155344e-06, 1.73647811152e-06, 2.29787497119e-06, 2.59514035861e-06, 2.48414107773e-06, 1.96030191546e-06, 2.01064062821e-06, 2.32798015531e-06, 2.83550684799e-06, 4.69780297863e-06, 1.27286211864e-05],
        "min": [2.78907646134e-06, 3.5887537706e-06, 2.01332113647e-06, 1.38266432259e-06, 1.04159460079e-06, 3.14851422445e-06, 2.06056101888e-05, 8.27086751087e-06, 9.77629383669e-07, 1.21122047858e-06, 1.85034480182e-06, 1.88002005075e-07, 2.3187439524e-08, 4.16508001422e-08, 1.76411703023e-08, 4.14749230515e-08, 5.79266554723e-08, 2.64024873076e-08, 6.37487644894e-08, 1.23642237781e-07, 3.5244653418e-08, 2.17558540072e-08, 4.01444921749e-08, 3.95454620161e-08, 8.24845685088e-08, 1.38103075642e-07, 1.63183088375e-07],
        "var": [2.74782530063e-09, 3.06402228034e-07, 3.47968160952e-08, 4.51578641147e-09, 1.73784240332e-08, 2.49621283643e-08, 0.000230643941904, 9.42383508118e-07, 3.6731043207e-10, 3.93511756513e-09, 1.40764984735e-06, 1.9114107519e-10, 8.36507030311e-10, 2.89176885562e-12, 2.28863802909e-12, 1.94611969768e-12, 1.11326724749e-12, 9.23307871131e-13, 1.32099203538e-12, 9.08243586676e-13, 7.76457945249e-13, 4.4584347607e-13, 4.16349382271e-13, 4.5333176232e-13, 3.86135351124e-13, 1.41303667985e-12, 6.13629893426e-12]
    },
    "erbbands": {
        "dmean": [0.0270361937582, 0.101626485586, 0.165977329016, 0.184531703591, 0.314530879259, 0.337703883648, 0.281982332468, 0.509464621544, 15.9521465302, 55.3123435974, 2.7389383316, 0.200902029872, 0.203312903643, 6.01706886292, 2.08047199249, 0.157656148076, 0.205275774002, 0.10893766582, 0.0569091811776, 0.0779513046145, 0.067490324378, 0.0422332324088, 0.0359351411462, 0.0419456213713, 0.0460083223879, 0.0415243729949, 0.0367985926569, 0.0222330708057, 0.0204658433795, 0.0179971642792, 0.0167071223259, 0.0143597507849, 0.00890485662967, 0.00608511827886, 0.00482490984723, 0.00430581858382, 0.00220519769937, 0.000747295620386, 0.000315551442327, 3.96947762056e-05],
        "dmean2": [0.0503075383604, 0.183291107416, 0.27221468091, 0.301192700863, 0.532045304775, 0.536887705326, 0.426512181759, 0.664123415947, 16.6164512634, 57.5101661682, 2.91380643845, 0.249540001154, 0.261457026005, 6.25195741653, 2.40212130547, 0.216683089733, 0.318370401859, 0.166280180216, 0.0986840873957, 0.138054355979, 0.111633382738, 0.0704562067986, 0.0634442269802, 0.0703593268991, 0.0794236510992, 0.0684332549572, 0.0628605112433, 0.0360402539372, 0.031355291605, 0.0272784940898, 0.0265366975218, 0.0244165472686, 0.0148205896839, 0.00983174797148, 0.00781171862036, 0.00699196802452, 0.00375659856945, 0.0010391108226, 0.00052225321997, 6.222682714e-05],
        "dvar": [0.000596399942879, 0.0119896503165, 0.0219906661659, 0.0275224689394, 0.0840475708246, 0.155256822705, 0.41062027216, 1.54056990147, 689.681274414, 6673.46875, 15.4491701126, 0.166398480535, 0.0584241040051, 101.144271851, 3.23573732376, 0.161962598562, 0.0684729963541, 0.0154525842518, 0.00246481690556, 0.00586210610345, 0.00395473185927, 0.00170014926698, 0.00137730606366, 0.00344099011272, 0.00282554072328, 0.00164867343847, 0.000982243334875, 0.000613126496319, 0.000356029369868, 0.000181608906132, 0.000146281439811, 0.00012861219875, 5.26695039298e-05, 2.65582566499e-05, 1.61658499565e-05, 1.45221692947e-05, 4.57848500446e-06, 3.78226161502e-07, 5.84061936593e-08, 1.30419819389e-09],
        "dvar2": [0.00200040312484, 0.0385860987008, 0.0538696497679, 0.0560828857124, 0.179339572787, 0.225478217006, 0.418901830912, 1.53902125359, 1181.51184082, 10935.9697266, 21.7874774933, 0.168692544103, 0.141090229154, 156.617034912, 7.34426307678, 0.141931131482, 0.182290509343, 0.0284868739545, 0.00697504263371, 0.0185427535325, 0.00961715355515, 0.00444382382557, 0.00370927643962, 0.00880787521601, 0.00779863633215, 0.00397194875404, 0.00289774406701, 0.00172559008934, 0.000892610114533, 0.000438749644672, 0.000355343538104, 0.000262975110672, 0.000116003851872, 6.20997307124e-05, 3.81074969482e-05, 3.7015262933e-05, 1.19728138088e-05, 8.31185786865e-07, 1.14964095133e-07, 2.25904783768e-09],
        "max": [0.121118679643, 0.658019125462, 0.995523035526, 0.949180603027, 1.7446833849, 3.0736978054, 5.67121076584, 16.4873085022, 382.267089844, 799.004455566, 48.1386222839, 4.75362253189, 3.94548296928, 136.655090332, 36.0950584412, 4.69580793381, 4.22491836548, 1.54396378994, 0.365696847439, 0.522903203964, 0.348515748978, 0.28571459651, 0.283148169518, 0.460492998362, 0.389714419842, 0.258486479521, 0.292587399483, 0.181212574244, 0.158284425735, 0.122737161815, 0.117799125612, 0.0879212617874, 0.074495434761, 0.0493342541158, 0.0374150425196, 0.0313415899873, 0.0150404851884, 0.00617025978863, 0.00200320594013, 0.000343727559084],
        "mean": [0.0275636687875, 0.105779223144, 0.251542210579, 0.301901400089, 0.423407316208, 0.387535989285, 0.461296021938, 2.05465602875, 92.8169708252, 327.952362061, 19.5896854401, 0.985330283642, 1.02602148056, 29.8204021454, 11.141784668, 0.564107835293, 0.766906023026, 0.374516636133, 0.165659636259, 0.16742670536, 0.151052087545, 0.106789037585, 0.104066170752, 0.125817477703, 0.131528809667, 0.129333019257, 0.115254618227, 0.0859690755606, 0.0712757110596, 0.067942596972, 0.060054872185, 0.0518568828702, 0.0414980277419, 0.029159385711, 0.0222184639424, 0.0163839440793, 0.00948932860047, 0.00428942544386, 0.00151291734073, 0.000242420836003],
        "median": [0.0202140361071, 0.0743207037449, 0.19201374054, 0.263122618198, 0.34956112504, 0.289889186621, 0.345095276833, 1.00480031967, 51.32762146, 236.433319092, 14.0642986298, 0.845234692097, 0.357025772333, 4.27239322662, 7.35508823395, 0.358025699854, 0.19047807157, 0.229457989335, 0.152778238058, 0.13968667388, 0.124827347696, 0.0982742011547, 0.094715885818, 0.110724762082, 0.12561956048, 0.118883490562, 0.10754417628, 0.0817280635238, 0.0672410950065, 0.0638817101717, 0.0574660934508, 0.050726942718, 0.0409132689238, 0.0292866528034, 0.0217167343944, 0.0152154089883, 0.00929729267955, 0.00450343079865, 0.00150434230454, 0.000243538757786],
        "min": [0.00014231147361, 0.000688732136041, 0.00210963468999, 0.00393343158066, 0.00437694974244, 0.00311850663275, 0.00568541139364, 0.0386561341584, 0.179893895984, 0.438737720251, 0.188197344542, 0.060110103339, 0.0443406365812, 0.0481908656657, 0.0579373463988, 0.00722435908392, 0.00130525312852, 0.00260648899712, 0.000687579449732, 0.00143127096817, 0.00235779886134, 0.00341887306422, 0.0020166542381, 0.00140289915726, 0.00436518108472, 0.00785885192454, 0.00190340192057, 0.00127552787308, 0.000719977542758, 0.00133680179715, 0.000835552404169, 0.000811176374555, 0.000689555017743, 0.000838676525746, 0.000690508983098, 0.000407877785619, 0.000304678513203, 7.85144729889e-05, 1.91892631847e-05, 3.01627164845e-06],
        "var": [0.000571362208575, 0.00979796703905, 0.0341861732304, 0.0405691601336, 0.118252128363, 0.187385126948, 0.501526176929, 6.69637918472, 11168.6738281, 51640.8320312, 163.857727051, 0.47401741147, 1.42846262455, 1869.34631348, 109.007614136, 0.431657075882, 1.42745566368, 0.155457496643, 0.0047874012962, 0.0077506811358, 0.00662734452635, 0.00298010674305, 0.00218160147779, 0.00417307857424, 0.00280692777596, 0.00200478755869, 0.00196121982299, 0.000886817928404, 0.000584050605539, 0.000437415321358, 0.000347566907294, 0.000240616020164, 0.000117357943964, 4.77583271277e-05, 3.15038960252e-05, 2.83046410914e-05, 5.78413710173e-06, 8.54004326811e-07, 1.14834939779e-07, 2.63004107381e-09]
    },
    "gfcc": {
        "mean": [-103.966743469, 92.5662002563, -48.2850914001, -23.3398704529, -67.1120147705, -9.44167900085, -11.8468580246, 16.5725231171, -1.57883119583, 16.5097236633, 1.91931247711, 3.18551468849, -18.1749668121],
        "cov": [[1216.19799805, 230.472396851, -132.713912964, -200.663665771, -85.1109085083, 48.7147750854, 37.2350997925, -51.1232566833, 20.9520187378, 55.5438461304, 114.030075073, 97.4985046387, 34.4531822205], [230.472396851, 135.035430908, -44.3259735107, -87.9686203003, -47.653465271, 10.9123163223, 24.3121948242, -1.13815617561, -7.0076007843, 10.1480855942, 32.7849960327, 41.4050102234, 28.9593219757], [-132.713912964, -44.3259735107, 101.710380554, 109.921875, 54.9581336975, -4.25220060349, -13.5150127411, 8.11648368835, 16.0144119263, -8.50870704651, -40.6083908081, -47.5724067688, -24.1356544495], [-200.663665771, -87.9686203003, 109.921875, 170.763336182, 91.7388458252, -3.33253598213, -26.5861797333, 7.3405175209, 21.3035106659, -5.99602746964, -45.8831596375, -63.4448814392, -32.4357414246], [-85.1109085083, -47.653465271, 54.9581336975, 91.7388458252, 66.7357330322, 6.59532594681, -17.6428546906, -4.23735332489, 9.33866691589, -2.85630893707, -21.1081008911, -33.2364311218, -16.451259613], [48.7147750854, 10.9123163223, -4.25220060349, -3.33253598213, 6.59532594681, 25.3143081665, 14.376616478, 0.739575982094, 3.6069483757, 11.3376255035, 15.4697990417, 8.84236717224, 3.93890285492], [37.2350997925, 24.3121948242, -13.5150127411, -26.5861797333, -17.6428546906, 14.376616478, 34.9505348206, 24.053062439, 11.6859989166, 15.6817235947, 18.8305778503, 16.6201705933, 7.00207328796], [-51.1232566833, -1.13815617561, 8.11648368835, 7.3405175209, -4.23735332489, 0.739575982094, 24.053062439, 46.6012039185, 29.0731678009, 15.4270019531, 5.2969660759, 5.24794912338, 1.30743455887], [20.9520187378, -7.0076007843, 16.0144119263, 21.3035106659, 9.33866691589, 3.6069483757, 11.6859989166, 29.0731678009, 39.2376213074, 20.1624069214, 2.26408529282, -4.01642084122, -6.76867246628], [55.5438461304, 10.1480855942, -8.50870704651, -5.99602746964, -2.85630893707, 11.3376255035, 15.6817235947, 15.4270019531, 20.1624069214, 25.2044429779, 17.963596344, 8.23051166534, 2.57523226738], [114.030075073, 32.7849960327, -40.6083908081, -45.8831596375, -21.1081008911, 15.4697990417, 18.8305778503, 5.2969660759, 2.26408529282, 17.963596344, 39.3848876953, 31.6220645905, 14.0641279221], [97.4985046387, 41.4050102234, -47.5724067688, -63.4448814392, -33.2364311218, 8.84236717224, 16.6201705933, 5.24794912338, -4.01642084122, 8.23051166534, 31.6220645905, 51.9657669067, 31.2686347961], [34.4531822205, 28.9593219757, -24.1356544495, -32.4357414246, -16.451259613, 3.93890285492, 7.00207328796, 1.30743455887, -6.76867246628, 2.57523226738, 14.0641279221, 31.2686347961, 28.4091968536]],
        "icov": [[0.00238557695411, -0.00302251940593, -0.000126179031213, 0.000453380227555, -0.00019025990332, 0.000961539044511, -0.00162792054471, 0.00854444969445, -0.00790186040103, 0.000988021376543, -0.00396625278518, -0.00243956362829, 0.0030392978806], [-0.00302251940593, 0.0188829861581, -0.00825168378651, 0.00882811937481, 0.00194335868582, -0.000317438243655, -0.00323796691373, -0.00469593936577, 0.00467766309157, 0.00197746418417, -0.00565311312675, 0.0121818482876, -0.0200047045946], [-0.000126179031213, -0.00825168378651, 0.0492460355163, -0.0322002470493, 0.00759115535766, -0.00899254623801, -0.0099592320621, 0.00085885124281, -0.00924475863576, 0.0116913495585, 0.0250047575682, 0.00189265760127, 0.00397196924314], [0.000453380227555, 0.00882811937481, -0.0322002470493, 0.0583250299096, -0.0450663752854, 0.0103805912659, 0.00930108409375, -0.01131311059, 0.00485091190785, -0.012245260179, -0.00742591032758, 0.0131891686469, -0.00819655042142], [-0.00019025990332, 0.00194335868582, 0.00759115535766, -0.0450663752854, 0.0881713628769, -0.0465391725302, 0.0237065386027, 0.00540842115879, -0.0163867268711, 0.0193600002676, -0.00822094734758, 0.0169953387231, -0.0156309716403], [0.000961539044511, -0.000317438243655, -0.00899254623801, 0.0103805912659, -0.0465391725302, 0.11547613889, -0.0677288398147, 0.041989672929, -0.00203881482594, -0.0202086362988, -0.0247960332781, -0.0125161763281, 0.0025672079064], [-0.00162792054471, -0.00323796691373, -0.0099592320621, 0.00930108409375, 0.0237065386027, -0.0677288398147, 0.12284116447, -0.0753484740853, 0.033093623817, -0.0233970433474, 0.00333263468929, -0.000484213844175, 0.0126312710345], [0.00854444969445, -0.00469593936577, 0.00085885124281, -0.01131311059, 0.00540842115879, 0.041989672929, -0.0753484740853, 0.119395382702, -0.0840238258243, 0.0235199965537, -0.0239351112396, -0.0058556701988, -0.0112326424569], [-0.00790186040103, 0.00467766309157, -0.00924475863576, 0.00485091190785, -0.0163867268711, -0.00203881482594, 0.033093623817, -0.0840238258243, 0.140147194266, -0.0991000831127, 0.0531505569816, -0.0371239185333, 0.0459249578416], [0.000988021376543, 0.00197746418417, 0.0116913495585, -0.012245260179, 0.0193600002676, -0.0202086362988, -0.0233970433474, 0.0235199965537, -0.0991000831127, 0.174004241824, -0.0847516432405, 0.0627077966928, -0.0550119653344], [-0.00396625278518, -0.00565311312675, 0.0250047575682, -0.00742591032758, -0.00822094734758, -0.0247960332781, 0.00333263468929, -0.0239351112396, 0.0531505569816, -0.0847516432405, 0.1439858675, -0.0792689397931, 0.0586075633764], [-0.00243956362829, 0.0121818482876, 0.00189265760127, 0.0131891686469, 0.0169953387231, -0.0125161763281, -0.000484213844175, -0.0058556701988, -0.0371239185333, 0.0627077966928, -0.0792689397931, 0.162038698792, -0.134461835027], [0.0030392978806, -0.0200047045946, 0.00397196924314, -0.00819655042142, -0.0156309716403, 0.0025672079064, 0.0126312710345, -0.0112326424569, 0.0459249578416, -0.0550119653344, 0.0586075633764, -0.134461835027, 0.16882866621]]
    },
    "melbands": {
        "dmean": [0.00020420558576, 7.98439505161e-05, 3.22858250001e-05, 2.56906805589e-05, 9.16624958336e-06, 9.82482652034e-06, 0.000394850008888, 0.000486353470478, 4.92760045745e-06, 8.047483675e-07, 6.58672547615e-07, 2.20062538574e-05, 1.38472078106e-05, 4.52871233847e-07, 3.46542691432e-07, 6.93991182743e-07, 1.63355991845e-07, 1.06664074906e-07, 1.0838547837e-07, 9.89627650938e-08, 7.91767860164e-08, 5.33694439753e-08, 3.45061259566e-08, 4.06467925984e-08, 4.06353208859e-08, 3.75697979393e-08, 4.10425435859e-08, 3.11118704133e-08, 2.79002048131e-08, 2.48619755894e-08, 1.31934863035e-08, 1.37471278805e-08, 1.31251409741e-08, 1.08184128322e-08, 1.09408366811e-08, 1.06686135481e-08, 9.61111368269e-09, 6.88847601182e-09, 7.40375627473e-09, 6.07933658969e-09],
        "dmean2": [0.000376360403607, 0.000129983120132, 5.28755263076e-05, 4.43984135927e-05, 1.34913843794e-05, 1.37664874273e-05, 0.000414409441873, 0.000506519281771, 6.13074507783e-06, 1.03605384538e-06, 9.88595957097e-07, 2.30561581702e-05, 1.50941450556e-05, 6.26352459676e-07, 5.27692748165e-07, 9.56901430982e-07, 2.74806581047e-07, 1.85965220112e-07, 1.81402114663e-07, 1.78501665005e-07, 1.279416324e-07, 9.23969238897e-08, 5.28260244437e-08, 7.46365316218e-08, 6.69610003001e-08, 6.53077378843e-08, 7.16457790872e-08, 5.10322948344e-08, 4.87561884199e-08, 4.53955131263e-08, 2.15042224028e-08, 2.2210162598e-08, 2.01192378313e-08, 1.72699863299e-08, 1.75192500507e-08, 1.73452203711e-08, 1.61076094685e-08, 1.120698645e-08, 1.25177637145e-08, 9.75080549637e-09],
        "dvar": [3.69847121817e-08, 4.37436220579e-09, 8.26009871613e-10, 6.68820387961e-10, 4.72022310127e-10, 1.4951285765e-09, 4.59608230585e-07, 5.06124081312e-07, 3.01698471761e-10, 5.12205989428e-12, 1.45236156001e-12, 1.3436237678e-09, 2.11379594384e-10, 2.79232453132e-12, 7.52675536914e-13, 1.42639524324e-12, 1.26372030245e-14, 8.78003097608e-15, 6.23829008334e-15, 9.37095842953e-15, 6.1841540901e-15, 2.93122930002e-15, 9.52776222752e-16, 2.0534149637e-15, 2.52476698775e-15, 1.25561252425e-15, 1.63359038905e-15, 1.01847516864e-15, 4.52741757285e-16, 4.94643736032e-16, 1.71924725759e-16, 2.01730121107e-16, 1.36005512772e-16, 1.03349792e-16, 6.09087561911e-17, 7.69846209668e-17, 5.73020038749e-17, 3.4443224989e-17, 3.01375447599e-17, 2.38015927306e-17],
        "dvar2": [1.25254956629e-07, 1.24851409211e-08, 1.5185880331e-09, 1.1208898254e-09, 4.76425954243e-10, 1.53530055336e-09, 7.66398272845e-07, 8.30458077417e-07, 3.19543252969e-10, 5.08118937551e-12, 2.28728711318e-12, 2.0975268189e-09, 4.05289718453e-10, 2.65776441653e-12, 8.56265470854e-13, 2.52326111394e-12, 3.28331451111e-14, 2.33473772948e-14, 1.98208538748e-14, 3.03844745046e-14, 1.40672800895e-14, 7.80090662883e-15, 2.21034136971e-15, 5.34342772666e-15, 6.48392540288e-15, 3.11695948491e-15, 4.85904050082e-15, 2.63939743881e-15, 1.23524254654e-15, 1.45565978942e-15, 3.99783775115e-16, 5.33433556912e-16, 3.92557869391e-16, 2.28271938214e-16, 1.60862594582e-16, 2.03252384897e-16, 1.33368050698e-16, 7.97165272148e-17, 9.16162019232e-17, 5.90098936118e-17],
        "max": [0.00102669838816, 0.000406512815971, 0.000181460374733, 0.000170749786776, 0.000185381737538, 0.000311812531436, 0.00855826586485, 0.007022108417, 0.000144879886648, 1.89174261322e-05, 8.73614226293e-06, 0.00050189398462, 0.000265725771897, 1.41635755426e-05, 8.40406210045e-06, 1.41638092828e-05, 1.14657018457e-06, 5.80136600092e-07, 6.4078159312e-07, 5.03601143009e-07, 4.6160747047e-07, 3.41909526469e-07, 2.62377739091e-07, 3.42415091836e-07, 3.86597292845e-07, 2.49029938004e-07, 2.57434635387e-07, 1.93572816443e-07, 1.87196079082e-07, 1.73276788473e-07, 9.31544761329e-08, 1.00350519006e-07, 9.55907992761e-08, 7.21306392393e-08, 7.48157944486e-08, 7.09060898885e-08, 5.34386828122e-08, 5.29575885366e-08, 4.5763616896e-08, 4.37133920173e-08],
        "mean": [0.000203783187317, 0.000131339911604, 5.57534040126e-05, 3.20057879435e-05, 1.38285176945e-05, 1.19674377856e-05, 0.00223615323193, 0.00291953561828, 1.87647601706e-05, 1.21639516237e-06, 9.53761400524e-07, 0.000109244334453, 7.22156182746e-05, 7.37761695291e-07, 6.11359723734e-07, 2.26072961595e-06, 4.41989584488e-07, 2.63161695102e-07, 2.3971276164e-07, 2.05694902888e-07, 1.65924689099e-07, 1.11715905859e-07, 9.15020237358e-08, 9.56549470743e-08, 1.02430654181e-07, 9.90685435909e-08, 9.40713533737e-08, 8.30394597529e-08, 7.24695681242e-08, 6.32055758842e-08, 4.51755646225e-08, 4.01309065978e-08, 3.872571952e-08, 3.73552957456e-08, 3.44153860965e-08, 3.27774891673e-08, 3.16238946141e-08, 2.88366628354e-08, 2.74264539968e-08, 2.34581332137e-08],
        "median": [0.000151051397552, 0.000104371225461, 4.83918847749e-05, 2.67962041107e-05, 1.01968998933e-05, 6.3761126512e-06, 0.00150552357081, 0.00208928296342, 1.50471487359e-05, 7.65548463733e-07, 6.66291271045e-07, 1.49813931785e-05, 3.73380316887e-05, 4.66538011779e-07, 3.09749623284e-07, 4.32340442558e-07, 3.79209467383e-07, 2.53038820119e-07, 2.13733727605e-07, 1.75567734573e-07, 1.42294169336e-07, 1.02821715586e-07, 8.75843682024e-08, 8.49109085266e-08, 9.09596877818e-08, 9.10060435899e-08, 8.74315446708e-08, 7.68330039591e-08, 6.82018637121e-08, 5.99567044901e-08, 4.13297520652e-08, 3.74718034379e-08, 3.45402249025e-08, 3.43905419697e-08, 3.16348689466e-08, 3.09426724243e-08, 2.92711668237e-08, 2.79412173398e-08, 2.65663739896e-08, 2.34203252347e-08],
        "min": [1.28100612073e-06, 1.05685103335e-06, 7.0618295922e-07, 2.73551904684e-07, 1.71976779484e-07, 6.0269462665e-07, 3.20999720316e-06, 4.59906959804e-06, 1.14614181257e-06, 1.47104458392e-07, 2.13090558532e-07, 1.8289462389e-07, 2.44632502699e-07, 3.76039963612e-08, 3.7974818845e-09, 3.07901060204e-09, 4.81674788944e-09, 8.40527147883e-10, 1.3806816801e-09, 2.14691420197e-09, 2.85334400552e-09, 3.06904324177e-09, 3.2315212728e-09, 1.1666911881e-09, 8.01814614704e-10, 3.34264238511e-09, 3.16462012151e-09, 5.60504442859e-09, 1.09119480118e-09, 6.76610489858e-10, 7.08447078779e-10, 3.57170543142e-10, 4.46397002696e-10, 9.34380794959e-10, 5.23189380708e-10, 4.87020090922e-10, 4.55100873653e-10, 4.60563642779e-10, 5.72336789073e-10, 7.16896486619e-10],
        "var": [3.28032427888e-08, 6.83566137027e-09, 1.19992527026e-09, 8.44084080409e-10, 5.26693300085e-10, 1.52386381291e-09, 5.30847501068e-06, 3.98712427341e-06, 3.87944676383e-10, 5.59810704737e-12, 1.51974645975e-12, 2.53054341925e-08, 6.22039042497e-09, 3.06037985752e-12, 1.19637242821e-12, 1.45405840146e-11, 6.49259292163e-14, 1.31349255135e-14, 1.4233062225e-14, 1.0776699391e-14, 1.01485634742e-14, 3.97791363041e-15, 2.00457398517e-15, 2.58795818671e-15, 3.31734037518e-15, 1.72243948654e-15, 1.62899121191e-15, 1.13874558857e-15, 9.51983505793e-16, 6.98018040734e-16, 2.84885238128e-16, 2.43715307606e-16, 2.39204354236e-16, 1.58652460629e-16, 1.42372434443e-16, 1.11644051116e-16, 1.06037308427e-16, 6.82857447997e-17, 5.8399705635e-17, 4.07055281652e-17]
    },
    "mfcc": {
        "mean": [-791.775512695, 150.329360962, 44.5528106689, 9.63327217102, -13.156747818, -10.1181488037, -2.79047703743, -2.44007968903, 0.0426077917218, 6.5705871582, 7.91069698334, 18.353302002, 26.4493179321],
        "cov": [[1012.44281006, 161.696792603, -106.779716492, -90.8634262085, -16.7825069427, 77.1585922241, 20.8057918549, -33.5933303833, -72.5844192505, -60.1701545715, 13.6565856934, 44.763835907, 45.5857276917], [161.696792603, 102.064376831, -18.2451381683, -42.3277587891, -30.8860416412, 1.34361851215, 6.27988195419, -0.970096826553, -14.4975824356, -25.546787262, -9.81576061249, -1.18227660656, 2.87345409393], [-106.779716492, -18.2451381683, 58.5177841187, 48.2730636597, 22.7160358429, -2.13273262978, -6.87234973907, 2.25870394707, 21.5055046082, 27.417350769, 3.5378203392, -15.1494846344, -13.8279314041], [-90.8634262085, -42.3277587891, 48.2730636597, 79.5812606812, 47.0592918396, -2.16488194466, -10.9438381195, 0.397433966398, 26.7682323456, 34.9175224304, 9.75217342377, -8.13280010223, -11.7070455551], [-16.7825069427, -30.8860416412, 22.7160358429, 47.0592918396, 52.5824546814, 13.7098836899, -5.32908439636, -5.21322441101, 9.57857131958, 18.1118068695, 6.9622592926, 2.64967942238, -4.89417362213], [77.1585922241, 1.34361851215, -2.13273262978, -2.16488194466, 13.7098836899, 33.9632110596, 12.940372467, -5.4101061821, -7.98880243301, -3.08708906174, 3.88350200653, 8.31556987762, 3.92834115028], [20.8057918549, 6.27988195419, -6.87234973907, -10.9438381195, -5.32908439636, 12.940372467, 25.9318027496, 3.93891358376, -8.99606704712, -3.50200891495, 3.01628160477, 7.26809835434, 5.1794128418], [-33.5933303833, -0.970096826553, 2.25870394707, 0.397433966398, -5.21322441101, -5.4101061821, 3.93891358376, 21.505531311, 10.2723197937, 6.00244569778, 0.249627932906, 3.17378878593, 6.65592193604], [-72.5844192505, -14.4975824356, 21.5055046082, 26.7682323456, 9.57857131958, -7.98880243301, -8.99606704712, 10.2723197937, 34.7889022827, 25.5144863129, 7.83854722977, -0.7669916749, 0.496784716845], [-60.1701545715, -25.546787262, 27.417350769, 34.9175224304, 18.1118068695, -3.08708906174, -3.50200891495, 6.00244569778, 25.5144863129, 41.7019195557, 20.8292541504, 1.73603188992, -1.33480107784], [13.6565856934, -9.81576061249, 3.5378203392, 9.75217342377, 6.9622592926, 3.88350200653, 3.01628160477, 0.249627932906, 7.83854722977, 20.8292541504, 28.2417964935, 14.7832698822, 4.77453184128], [44.763835907, -1.18227660656, -15.1494846344, -8.13280010223, 2.64967942238, 8.31556987762, 7.26809835434, 3.17378878593, -0.7669916749, 1.73603188992, 14.7832698822, 38.0285720825, 22.0014743805], [45.5857276917, 2.87345409393, -13.8279314041, -11.7070455551, -4.89417362213, 3.92834115028, 5.1794128418, 6.65592193604, 0.496784716845, -1.33480107784, 4.77453184128, 22.0014743805, 28.67786026]],
