{
"lowlevel": {
    "average_loudness": 0.99068403244,
    "barkbands_crest": {
        "dmean": 0.706773221493,
        "dmean2": 1.11667275429,
        "dvar": 2.29414629936,
        "dvar2": 3.87866544724,
        "max": 24.1175613403,
        "mean": 22.7444953918,
        "median": 23.0735855103,
        "min": 14.574836731,
        "var": 1.97147369385
    },
    "barkbands_flatness_db": {
        "dmean": 0.0217099487782,
        "dmean2": 0.033663854003,
        "dvar": 0.0010018927278,
        "dvar2": 0.00166437216103,
        "max": 0.501024007797,
        "mean": 0.446270287037,
        "median": 0.464537829161,
        "min": 0.235937878489,
        "var": 0.00229291524738
    },
    "barkbands_kurtosis": {
        "dmean": 10.4554843903,
        "dmean2": 16.065776825,
        "dvar": 143.229263306,
        "dvar2": 256.232666016,
        "max": 105.68611145,
        "mean": 38.0104141235,
        "median": 25.2128276825,
        "min": 12.3174991608,
        "var": 643.676696777
    },
    "barkbands_skewness": {
        "dmean": 0.998680830002,
        "dmean2": 1.80933332443,
        "dvar": 0.976354062557,
        "dvar2": 2.54705286026,
        "max": 6.19045543671,
        "mean": 3.01244091988,
        "median": 2.99379444122,
        "min": -0.455590099096,
        "var": 1.69047796726
    },
    "barkbands_spread": {
        "dmean": 0.193222209811,
        "dmean2": 0.323015511036,
        "dvar": 0.0890027731657,
        "dvar2": 0.232405975461,
        "max": 2.24411559105,
        "mean": 0.727266788483,
        "median": 0.670715868473,
        "min": 0.261174947023,
        "var": 0.13924780488
    },
    "dissonance": {
        "dmean": 0.0546126179397,
        "dmean2": 0.095506131649,
        "dvar": 0.00295324251056,
        "dvar2": 0.00854890886694,
        "max": 0.421956658363,
        "mean": 0.18748831749,
        "median": 0.182723283768,
        "min": 0.0813351273537,
        "var": 0.00352783873677
    },
    "dynamic_complexity": 0.752111136913,
    "erbbands_crest": {
        "dmean": 0.743840157986,
        "dmean2": 0.906485199928,
        "dvar": 3.04256033897,
        "dvar2": 4.94160890579,
        "max": 33.559223175,
        "mean": 31.6187782288,
        "median": 31.9574317932,
        "min": 18.8680171967,
        "var": 4.74662733078
    },
    "erbbands_flatness_db": {
        "dmean": 0.0176485255361,
        "dmean2": 0.0279755908996,
        "dvar": 0.00074766605394,
        "dvar2": 0.0012458571,
        "max": 0.505242168903,
        "mean": 0.466573625803,
        "median": 0.482325613499,
        "min": 0.281817466021,
        "var": 0.00157172558829
    },
    "erbbands_kurtosis": {
        "dmean": 8.68991088867,
        "dmean2": 11.172826767,
        "dvar": 106.260368347,
        "dvar2": 174.433822632,
        "max": 103.813949585,
        "mean": 28.7920379639,
        "median": 16.8416385651,
        "min": 6.1059589386,
        "var": 628.736816406
    },
    "erbbands_skewness": {
        "dmean": 0.497784614563,
        "dmean2": 0.661599636078,
        "dvar": 0.374831616879,
        "dvar2": 0.671497344971,
        "max": 7.82958984375,
        "mean": 3.9477314949,
        "median": 3.52489876747,
        "min": 1.98394823074,
        "var": 1.3572576046
    },
    "erbbands_spread": {
        "dmean": 0.340363502502,
        "dmean2": 0.52179312706,
        "dvar": 0.237927913666,
        "dvar2": 0.664709448814,
        "max": 3.53852391243,
        "mean": 1.45715081692,
        "median": 1.40008270741,
        "min": 0.440832585096,
        "var": 0.483920514584
    },
    "hfc": {
        "dmean": 2.51299333572,
        "dmean2": 4.12713050842,
        "dvar": 9.78685379028,
        "dvar2": 18.9037799835,
        "max": 29.7678890228,
        "mean": 16.3428153992,
        "median": 15.1441240311,
        "min": 0.134180873632,
        "var": 34.1454696655
    },
    "melbands_crest": {
        "dmean": 0.538813054562,
        "dmean2": 0.718017995358,
        "dvar": 1.22906386852,
        "dvar2": 1.33454251289,
        "max": 29.1902866364,
        "mean": 27.5684280396,
        "median": 28.052947998,
        "min": 16.1614151001,
        "var": 3.44840955734
    },
    "melbands_flatness_db": {
        "dmean": 0.0211994517595,
        "dmean2": 0.0330536104739,
        "dvar": 0.0010338446591,
        "dvar2": 0.00170143076684,
        "max": 0.601896226406,
        "mean": 0.553021550179,
        "median": 0.572225153446,
        "min": 0.337688595057,
        "var": 0.00238346867263
    },
    "melbands_kurtosis": {
        "dmean": 6.23729991913,
        "dmean2": 9.4399061203,
        "dvar": 61.9728736877,
        "dvar2": 106.316055298,
        "max": 72.8941574097,
        "mean": 27.9077301025,
        "median": 22.5550556183,
        "min": 7.19786930084,
        "var": 184.706573486
    },
    "melbands_skewness": {
        "dmean": 1.10625350475,
        "dmean2": 2.03733420372,
        "dvar": 0.911700487137,
        "dvar2": 2.15131783485,
        "max": 4.71589899063,
        "mean": 1.44571638107,
        "median": 1.7496407032,
        "min": -2.77472639084,
        "var": 2.82615566254
    },
    "melbands_spread": {
        "dmean": 0.269679933786,
        "dmean2": 0.45898976922,
        "dvar": 0.142728567123,
        "dvar2": 0.370693594217,
        "max": 3.42017436028,
        "mean": 1.06511366367,
        "median": 0.966063082218,
        "min": 0.443889856339,
        "var": 0.261735796928
    },
    "pitch_salience": {
        "dmean": 0.0402862392366,
        "dmean2": 0.0529829971492,
        "dvar": 0.00747334957123,
        "dvar2": 0.0110504124314,
        "max": 0.780859589577,
        "mean": 0.185021683574,
        "median": 0.17567896843,
        "min": 0.061278630048,
        "var": 0.00994665082544
    },
    "silence_rate_20dB": {
        "dmean": 0,
        "dmean2": 0,
        "dvar": 0,
        "dvar2": 0,
        "max": 1,
        "mean": 1,
        "median": 1,
        "min": 1,
        "var": 0
    },
    "silence_rate_30dB": {
        "dmean": 0,
        "dmean2": 0,
        "dvar": 0,
        "dvar2": 0,
        "max": 1,
        "mean": 1,
        "median": 1,
        "min": 1,
        "var": 0
    },
    "silence_rate_60dB": {
        "dmean": 0,
        "dmean2": 0,
        "dvar": 0,
        "dvar2": 0,
        "max": 0,
        "mean": 0,
        "median": 0,
        "min": 0,
        "var": 0
    },
    "spectral_centroid": {
        "dmean": 5.53809547424,
        "dmean2": 8.34577941895,
        "dvar": 57.3944816589,
        "dvar2": 134.401916504,
        "max": 531.768249512,
        "mean": 505.187652588,
        "median": 504.793212891,
        "min": 472.587982178,
        "var": 91.6335144043
    },
    "spectral_complexity": {
        "dmean": 0.483333319426,
        "dmean2": 0.898305058479,
        "dvar": 0.383055567741,
        "dvar2": 0.701522409916,
        "max": 6,
        "mean": 2.80327868462,
        "median": 3,
        "min": 1,
        "var": 0.453104287386
    },
    "spectral_decrease": {
        "dmean": 1.29648436431e-09,
        "dmean2": 2.13812190175e-09,
        "dvar": 2.45839256783e-18,
        "dvar2": 4.89358313307e-18,
        "max": -7.02956512444e-11,
        "mean": -8.17643819317e-09,
        "median": -7.50542827888e-09,
        "min": -1.47116692162e-08,
        "var": 8.52149969242e-18
    },
    "spectral_energy": {
        "dmean": 0.00512087810785,
        "dmean2": 0.00844348780811,
        "dvar": 3.84559607483e-05,
        "dvar2": 7.64496435295e-05,
        "max": 0.0582251995802,
        "mean": 0.0323419682682,
        "median": 0.029700724408,
        "min": 0.000277482642559,
        "var": 0.000133335837745
    },
    "spectral_energyband_high": {
        "dmean": 3.80581553827e-07,
        "dmean2": 5.03752573877e-07,
        "dvar": 1.65468734634e-12,
        "dvar2": 1.92157791415e-12,
        "max": 1.08224539872e-05,
        "mean": 1.34151991915e-06,
        "median": 9.38024243169e-07,
        "min": 2.36425009348e-07,
        "var": 1.89193474255e-12
    },
    "spectral_energyband_low": {
        "dmean": 7.7683274867e-05,
        "dmean2": 0.000136170507176,
        "dvar": 3.4118459169e-09,
        "dvar2": 7.60458807036e-09,
        "max": 0.000428671686677,
        "mean": 0.000136244430905,
        "median": 0.000118556556117,
        "min": 6.81968458593e-06,
        "var": 8.4050224558e-09
    },
    "spectral_energyband_middle_high": {
        "dmean": 0.000247667863732,
        "dmean2": 0.000249968376011,
        "dvar": 5.7742795434e-08,
        "dvar2": 8.5554141549e-08,
        "max": 0.00281184026971,
        "mean": 0.000966982042883,
        "median": 0.000961627461948,
        "min": 5.24432653037e-06,
        "var": 3.78698558734e-07
    },
    "spectral_energyband_middle_low": {
        "dmean": 0.00509372632951,
        "dmean2": 0.00847713183612,
        "dvar": 3.60082740372e-05,
        "dvar2": 7.24127239664e-05,
        "max": 0.0554332062602,
        "mean": 0.0312705300748,
        "median": 0.0291134640574,
        "min": 0.000264068017714,
        "var": 0.000124129292089
    },
    "spectral_entropy": {
        "dmean": 0.199456050992,
        "dmean2": 0.301832228899,
        "dvar": 0.106644913554,
        "dvar2": 0.153169855475,
        "max": 6.21457147598,
        "mean": 3.99701309204,
        "median": 3.8200366497,
        "min": 3.55467438698,
        "var": 0.234357982874
    },
    "spectral_flux": {
        "dmean": 0.0099897487089,
        "dmean2": 0.0137379802763,
        "dvar": 0.000250577460974,
        "dvar2": 0.000377411430236,
        "max": 0.148524865508,
        "mean": 0.0251953881234,
        "median": 0.0145481480286,
        "min": 0.00533250300214,
        "var": 0.000782663526479
    },
    "spectral_kurtosis": {
        "dmean": 12.0119361877,
        "dmean2": 18.4694080353,
        "dvar": 180.023193359,
        "dvar2": 436.348907471,
        "max": 106.847381592,
        "mean": 69.1944274902,
        "median": 68.9234390259,
        "min": 22.9888763428,
        "var": 362.927764893
    },
    "spectral_rms": {
        "dmean": 0.000509217497893,
        "dmean2": 0.000805652642157,
        "dvar": 4.47607476417e-07,
        "dvar2": 9.06812999801e-07,
        "max": 0.00753691419959,
        "mean": 0.00550102349371,
        "median": 0.00538296531886,
        "min": 0.000520302564837,
        "var": 1.29188322262e-06
    },
    "spectral_rolloff": {
        "dmean": 6.4599609375,
        "dmean2": 11.67902565,
        "dvar": 128.284439087,
        "dvar2": 287.984283447,
        "max": 538.330078125,
        "mean": 503.735748291,
        "median": 495.263671875,
        "min": 495.263671875,
        "var": 141.059997559
    },
    "spectral_skewness": {
        "dmean": 0.685287058353,
        "dmean2": 1.04565036297,
        "dvar": 0.527245402336,
        "dvar2": 1.27431845665,
        "max": 8.88364982605,
        "mean": 6.91456842422,
        "median": 7.03012275696,
        "min": 3.92597579956,
        "var": 1.16547191143
    },
    "spectral_spread": {
        "dmean": 263957.09375,
        "dmean2": 390941.375,
        "dvar": 75915223040,
        "dvar2": 141795147776,
        "max": 3394492,
        "mean": 1580215.125,
        "median": 1475183.75,
        "min": 876418.75,
        "var": 181545697280
    },
    "spectral_strongpeak": {
        "dmean": 0.344044953585,
        "dmean2": 0.518712103367,
        "dvar": 0.328159689903,
        "dvar2": 0.590449571609,
        "max": 4.74103307724,
        "mean": 3.46971011162,
        "median": 3.48567962646,
        "min": 0.0423123799264,
        "var": 0.698999881744
    },
    "zerocrossingrate": {
        "dmean": 0.000618489575572,
        "dmean2": 0.000695180089679,
        "dvar": 4.11563223679e-06,
        "dvar2": 2.6363697998e-06,
        "max": 0.0224609375,
        "mean": 0.0217645354569,
        "median": 0.0224609375,
        "min": 0.005859375,
        "var": 6.56205475025e-06
    },
    "barkbands": {
        "dmean": [5.12237647854e-06, 4.76148961752e-05, 3.5995090002e-05, 2.49773165706e-05, 8.04925275588e-06, 9.66432980931e-06, 0.00485513918102, 0.000387771986425, 6.56175188851e-06, 4.39413724962e-06, 0.000252842233749, 8.26670600418e-07, 3.40917972608e-06, 3.50445475306e-06, 1.29623367684e-06, 1.91553070295e-07, 1.34433798848e-06, 3.36405179269e-07, 4.30853390299e-07, 1.21216885418e-07, 7.9562944677e-08, 6.08983796724e-08, 6.78910581087e-08, 3.96020496396e-08, 4.1780541693e-08, 6.18968485355e-08, 1.14986150379e-07],
        "dmean2": [8.67085418577e-06, 8.31548313727e-05, 6.49624635116e-05, 4.29131723649e-05, 1.21712282635e-05, 1.27235416585e-05, 0.00807634275407, 0.000589152856264, 7.25320296624e-06, 5.11394136993e-06, 0.000254896905972, 1.22372375699e-06, 4.63966762254e-06, 4.58935528513e-06, 1.56230112225e-06, 3.12712302275e-07, 1.80674021522e-06, 4.78493745959e-07, 6.35415688066e-07, 1.76772061877e-07, 1.14945940766e-07, 8.25772161761e-08, 1.01755887272e-07, 5.38860653876e-08, 5.85086468163e-08, 9.18965454844e-08, 1.70175482594e-07],
        "dvar": [3.81765487278e-11, 2.74846123638e-09, 1.09408415661e-09, 4.45847830877e-10, 4.27593127572e-10, 1.48488799034e-09, 3.37341843988e-05, 2.26113598956e-07, 1.8967181159e-09, 5.23995569157e-10, 5.90326614258e-08, 1.50122394984e-12, 4.74390110528e-11, 3.95675228693e-11, 7.38216866109e-12, 8.75719107147e-14, 8.70311028106e-12, 8.04422717673e-13, 1.17922056668e-12, 5.73066035814e-14, 5.12869877589e-14, 3.03540829624e-14, 3.54377951409e-14, 2.03896771564e-14, 1.85674382363e-14, 1.98502238952e-14, 3.30282100226e-14],
        "dvar2": [7.4572965858e-11, 7.61429941321e-09, 3.07142333789e-09, 1.18042486896e-09, 4.90241514051e-10, 1.50589729575e-09, 6.77007628838e-05, 3.04042259813e-07, 1.92553040179e-09, 4.69933203462e-10, 9.19536091715e-08, 3.26577198444e-12, 6.21531923151e-11, 5.36910654825e-11, 7.37965331205e-12, 1.86740393656e-13, 1.75338753933e-11, 1.40855610595e-12, 2.31406495528e-12, 5.56309149137e-14, 6.00415238903e-14, 2.83985888191e-14, 6.77727933994e-14, 2.11489439378e-14, 1.97957071606e-14, 2.32312711006e-14, 4.3168627581e-14],
        "max": [3.94377020712e-05, 0.000338447338436, 0.000162915050169, 0.000141130614793, 0.000171685504029, 0.000321941275615, 0.0504022836685, 0.00566128594801, 0.000341587554431, 0.000201258866582, 0.00280641904101, 6.49949788567e-06, 7.13763365638e-05, 7.16239446774e-05, 3.28038295265e-05, 2.67904692919e-06, 2.5284340154e-05, 9.19959802559e-06, 8.19731485535e-06, 2.51020651376e-06, 1.94549966182e-06, 1.85514750228e-06, 1.32430682243e-06, 1.14267072604e-06, 1.07338519229e-06, 1.09538154902e-06, 1.17619777029e-06],
        "mean": [6.39968311589e-06, 5.70742195123e-05, 4.01603319915e-05, 4.08787382185e-05, 1.52411012095e-05, 1.94113235921e-05, 0.0275324210525, 0.00365431257524, 7.00286273059e-06, 5.43688702237e-06, 0.000933918228839, 1.08738004201e-06, 9.05319484445e-06, 1.08075828393e-05, 3.27414636558e-06, 3.51704187551e-07, 2.05673495657e-06, 8.11005406831e-07, 7.15157511877e-07, 2.24077112421e-07, 1.68727211758e-07, 1.42545601989e-07, 1.30079385485e-07, 1.11553823956e-07, 1.32000408826e-07, 1.81203759553e-07, 4.30312240951e-07],
        "median": [4.27335362474e-06, 4.08819214499e-05, 3.15852812491e-05, 3.30480470438e-05, 1.18164543892e-05, 1.52311940838e-05, 0.0254417397082, 0.00355235557072, 7.08550942363e-07, 1.02608566976e-06, 0.000925459549762, 4.35792969711e-07, 4.17501541961e-06, 3.87613954445e-06, 5.34887362846e-07, 1.81954106893e-07, 4.37982350832e-07, 1.13900249232e-07, 1.84753162102e-07, 1.57255087174e-07, 1.24374395227e-07, 8.27795147984e-08, 7.21907582601e-08, 7.38759453611e-08, 9.67728652768e-08, 1.26731933392e-07, 3.17945563211e-07],
        "min": [1.89542646467e-07, 2.76543823929e-06, 3.42620097626e-07, 1.83020142686e-06, 3.74591604668e-06, 3.84144732379e-06, 0.000149776824401, 7.42657066439e-05, 1.6314010054e-07, 5.49946079786e-08, 1.62504750278e-06, 7.59282272611e-08, 3.21831294059e-07, 1.29072972754e-07, 7.35170502253e-08, 5.009615478e-08, 7.59646994197e-08, 2.98784037511e-08, 4.86451909865e-08, 3.43821326965e-08, 3.4205136501e-08, 2.24243521529e-08, 3.19083675038e-08, 2.32623378338e-08, 1.70162142155e-08, 1.41368250439e-08, 5.41984235269e-08],
        "var": [4.92371907135e-11, 3.14999226703e-09, 1.34574562605e-09, 8.38834279815e-10, 4.41207487212e-10, 1.55570056837e-09, 0.00010286012548, 1.35808465984e-06, 1.87011717223e-09, 6.51422860098e-10, 3.7489968463e-07, 2.16893950716e-12, 2.11113446169e-10, 2.5534629966e-10, 4.36771660506e-11, 2.01637209533e-13, 1.97568576082e-11, 3.38521853778e-12, 2.67296037734e-12, 1.05483106787e-13, 5.82137419866e-14, 5.86656577809e-14, 3.65302474143e-14, 2.02988735304e-14, 1.97690374812e-14, 2.62381313372e-14, 9.59082870088e-14]
    },
    "erbbands": {
        "dmean": [0.00135831115767, 0.0110829807818, 0.0307662468404, 0.0852275341749, 0.0259898193181, 0.0240024030209, 0.0704901218414, 0.28912165761, 15.5650148392, 101.046173096, 5.69735527039, 0.345618128777, 0.156091749668, 3.07747268677, 7.29662799835, 0.226604491472, 0.0859505236149, 0.290482014418, 0.0132656227797, 0.0835283994675, 0.0160081740469, 0.0872183591127, 0.0134044075385, 0.0127739170566, 0.0222064498812, 0.00554707553238, 0.00374580756761, 0.00274653662927, 0.00243254750967, 0.00274983653799, 0.00157909316476, 0.000868185365107, 0.000687669613399, 0.000536068924703, 0.0003447686031, 0.000219771551201, 0.000139810843393, 5.28762866452e-05, 1.67515718204e-05, 6.09484322922e-06],
        "dmean2": [0.00221393327229, 0.0197806749493, 0.0562171116471, 0.149258464575, 0.0415592715144, 0.0346690639853, 0.1012975052, 0.454487472773, 26.7284164429, 165.595123291, 9.38621139526, 0.485980600119, 0.171739205718, 3.11076760292, 7.3699259758, 0.231645479798, 0.11486247927, 0.369373321533, 0.0166831817478, 0.105010531843, 0.0253448467702, 0.11664301157, 0.0198318529874, 0.0158239677548, 0.0317523293197, 0.00798773858696, 0.00525751244277, 0.00389900919981, 0.00309824664146, 0.00419388851151, 0.00232046865858, 0.00118919287343, 0.000946537882555, 0.000781806302257, 0.000468929560157, 0.000332556141075, 0.000205500051379, 8.39329295559e-05, 2.48645374086e-05, 1.00375591501e-05],
        "dvar": [2.43834483626e-06, 0.000143614641274, 0.00100937543903, 0.00464917579666, 0.00117720093112, 0.00615884130821, 0.0147272674367, 0.15348097682, 246.360427856, 16312.0644531, 50.9355583191, 0.935915231705, 0.50982773304, 9.40547275543, 48.5514755249, 0.0395866967738, 0.0237122550607, 0.297580242157, 0.000267746305326, 0.0291433408856, 0.000485564494738, 0.0368364937603, 0.00115554709919, 0.000795071828179, 0.00298457685858, 0.000113411464554, 0.000106669715024, 5.43371970707e-05, 4.5644268539e-05, 5.97133403062e-05, 2.29620654864e-05, 9.71952795226e-06, 5.49212973056e-06, 2.43518866228e-06, 9.29847089992e-07, 2.95731751976e-07, 6.92770356636e-08, 9.81727499294e-09, 6.53664899986e-10, 6.06898420408e-11],
        "dvar2": [6.27782810625e-06, 0.00041321007302, 0.00256109586917, 0.0135882813483, 0.00189295550808, 0.00653245020658, 0.0178191494197, 0.19417989254, 613.873901367, 30393.7285156, 90.1914672852, 0.872467339039, 0.467610180378, 12.0473737717, 78.9329681396, 0.0539950430393, 0.0349214188755, 0.390087753534, 0.000448464998044, 0.0289343446493, 0.000997144612484, 0.0758940726519, 0.00225186091848, 0.0013150558807, 0.00588833540678, 8.40938009787e-05, 0.000129338804982, 5.22103255207e-05, 3.58488978236e-05, 0.000128005674924, 3.45029657183e-05, 1.00300285339e-05, 5.78018943997e-06, 2.75239381153e-06, 9.68295353232e-07, 3.19844247088e-07, 8.61095941218e-08, 1.2072168154e-08, 8.75794992083e-10, 1.18694581941e-10],
        "max": [0.00952988769859, 0.0734776705503, 0.170388847589, 0.423509061337, 0.243826210499, 0.642876029015, 1.20228207111, 4.58663415909, 145.161010742, 1157.99645996, 79.2221603394, 9.75217247009, 6.31670999527, 36.5220146179, 77.5723800659, 2.45428538322, 1.75010669231, 6.05279588699, 0.338808000088, 2.02839922905, 0.228817477822, 1.64338302612, 0.395292162895, 0.283806174994, 0.418452829123, 0.129676952958, 0.0946384593844, 0.0651216581464, 0.0721699818969, 0.0464515462518, 0.0381099544466, 0.0252810865641, 0.0186578091234, 0.0122437542304, 0.0076612229459, 0.0043155811727, 0.00201217713766, 0.000727947510313, 0.000174865839654, 8.78963837749e-05],
        "mean": [0.00177966663614, 0.0122898528352, 0.0391976200044, 0.125219300389, 0.0458816513419, 0.0439598858356, 0.248168185353, 1.29000782967, 73.3247146606, 657.385864258, 47.6322517395, 1.8825751543, 0.475023120642, 11.7854261398, 26.7356262207, 0.906125962734, 0.30416148901, 0.82697892189, 0.0587889701128, 0.213468953967, 0.0389648191631, 0.133242487907, 0.0405506119132, 0.0303437933326, 0.0376556031406, 0.0120426490903, 0.00846157222986, 0.00559807708487, 0.00523716909811, 0.00465689739212, 0.00335060385987, 0.00234290049411, 0.00190796749666, 0.001350549981, 0.00105108320713, 0.000648568209726, 0.000349890178768, 0.000155162881128, 6.74701368553e-05, 4.41596639575e-05],
        "median": [0.00122165179346, 0.00937809050083, 0.0307572185993, 0.101612143219, 0.036165792495, 0.0300355181098, 0.224752321839, 1.11628580093, 65.9433898926, 615.660888672, 44.8427467346, 1.63900542259, 0.356174200773, 11.2754230499, 26.7584381104, 0.918483257294, 0.16961184144, 0.30278390646, 0.0226787496358, 0.0335815772414, 0.0140845095739, 0.0281873252243, 0.00788760092109, 0.00807084143162, 0.00876474101096, 0.0082720965147, 0.00621572788805, 0.00379807921126, 0.00309062213637, 0.00250351498835, 0.00208868039772, 0.00148628919851, 0.00137642782647, 0.000898732396308, 0.000686776533257, 0.000470185594168, 0.000253869191511, 0.000114864604257, 5.13925915584e-05, 3.9617290895e-05],
        "min": [9.89520267467e-05, 0.000330478593241, 0.000496247725096, 0.00334597821347, 0.00669166585431, 0.0124769769609, 0.0631887167692, 0.216133892536, 1.32053422928, 2.9006049633, 1.02119505405, 0.252966791391, 0.113543137908, 0.100127130747, 0.0316726900637, 0.010716679506, 0.0148376561701, 0.00790680572391, 0.00543921068311, 0.00430221762508, 0.00455405563116, 0.00445260107517, 0.00286587560549, 0.0025665066205, 0.00208181282505, 0.0016928834375, 0.00211921078153, 0.00116664869711, 0.000745671510231, 0.000948157801758, 0.000889551243745, 0.000677315634675, 0.000306354049826, 0.00016741915897, 0.000138257877552, 8.06473181001e-05, 2.70915061265e-05, 1.22145429486e-05, 7.74324053054e-06, 1.19345600069e-06],
        "var": [3.39660732607e-06, 0.000150891588419, 0.0012017643312, 0.00831958372146, 0.00145659712143, 0.00622895266861, 0.021361624822, 0.36623197794, 738.936401367, 55485.8867188, 254.706726074, 1.35684204102, 0.593045711517, 62.8480453491, 297.440002441, 0.279914200306, 0.135541677475, 1.65383064747, 0.00679840939119, 0.181612640619, 0.00287859374657, 0.0829574018717, 0.0065381936729, 0.00384678621776, 0.00712571945041, 0.000297874183161, 0.000137755589094, 6.69537985232e-05, 8.592416998e-05, 6.05869718129e-05, 2.37799467868e-05, 9.91082924884e-06, 5.40220571565e-06, 2.46358285949e-06, 1.08545793864e-06, 3.66682058939e-07, 9.44436351347e-08, 1.56666626339e-08, 1.82398551818e-09, 2.67414007604e-10]
    },
    "gfcc": {
        "mean": [-194.683227539, 149.01159668, -78.878364563, -64.5765457153, -79.9741744995, -17.1070632935, -8.97980308533, 14.5640354156, 3.75136208534, 16.4071540833, 10.972867012, 0.852279543877, -21.8231964111],
        "cov": [[639.524169922, -25.1799755096, -107.519439697, 28.2517414093, 15.1544218063, 1.05297243595, 22.9325237274, -2.63061213493, -7.64154243469, 15.2330160141, 20.5389328003, 2.78284597397, -38.1762199402], [-25.1799755096, 118.813148499, -41.8192367554, -79.799118042, 42.4513549805, 25.1716098785, 19.1541824341, -1.79284965992, 7.99521780014, -8.15240955353, 27.7987995148, -3.58412051201, 0.404264330864], [-107.519439697, -41.8192367554, 706.767883301, -45.163444519, -241.571258545, 161.408218384, 197.412139893, 44.7505264282, -99.6677627563, 27.204668045, -37.7973670959, 25.5206947327, -6.67904615402], [28.2517414093, -79.799118042, -45.163444519, 156.784866333, 35.3918418884, -38.9680786133, -48.3978500366, 4.43939399719, 25.1956691742, 8.70859718323, -22.9428958893, -5.57385110855, 1.62883913517], [15.1544218063, 42.4513549805, -241.571258545, 35.3918418884, 137.604766846, -45.7866821289, -84.1341705322, -2.14631438255, 49.4820556641, -1.57805681229, 13.6281909943, -12.8117847443, 0.702235877514], [1.05297243595, 25.1716098785, 161.408218384, -38.9680786133, -45.7866821289, 70.2324981689, 67.5328521729, 9.03987407684, -27.5877819061, 6.17935991287, 4.62328004837, 15.4212522507, 2.50714659691], [22.9325237274, 19.1541824341, 197.412139893, -48.3978500366, -84.1341705322, 67.5328521729, 118.402702332, 16.4518299103, -39.5328445435, 4.9674706459, 20.4584522247, 31.9162826538, -2.70967459679], [-2.63061213493, -1.79284965992, 44.7505264282, 4.43939399719, -2.14631438255, 9.03987407684, 16.4518299103, 22.9412097931, -3.70020294189, 0.0386685058475, 3.59828448296, 10.1895751953, 0.0501755401492], [-7.64154243469, 7.99521780014, -99.6677627563, 25.1956691742, 49.4820556641, -27.5877819061, -39.5328445435, -3.70020294189, 49.8416290283, 15.9909629822, 6.38437891006, -9.80271911621, -3.69862580299], [15.2330160141, -8.15240955353, 27.204668045, 8.70859718323, -1.57805681229, 6.17935991287, 4.9674706459, 0.0386685058475, 15.9909629822, 28.9437942505, 7.62917995453, -9.12437820435, -7.3426232338], [20.5389328003, 27.7987995148, -37.7973670959, -22.9428958893, 13.6281909943, 4.62328004837, 20.4584522247, 3.59828448296, 6.38437891006, 7.62917995453, 36.5033111572, 5.79399061203, -6.26110363007], [2.78284597397, -3.58412051201, 25.5206947327, -5.57385110855, -12.8117847443, 15.4212522507, 31.9162826538, 10.1895751953, -9.80271911621, -9.12437820435, 5.79399061203, 32.6133842468, 11.2275352478], [-38.1762199402, 0.404264330864, -6.67904615402, 1.62883913517, 0.702235877514, 2.50714659691, -2.70967459679, 0.0501755401492, -3.69862580299, -7.3426232338, -6.26110363007, 11.2275352478, 23.9561901093]],
        "icov": [[0.00277172657661, -0.00271088886075, 0.00454745767638, -0.00229650526308, 0.00461548380554, -0.0041180672124, 0.00031272409251, -0.00467107538134, 0.00608015619218, -0.00880419462919, 0.00556900491938, -0.00385836698115, 0.00773156667128], [-0.00271088886075, 0.0963874459267, -0.0216707102954, 0.0414219759405, -0.0876405239105, -0.00394949270412, -0.0791012048721, 0.0400965698063, -0.0711545348167, 0.111810266972, -0.0306370835751, 0.10068500042, -0.0527642630041], [0.00454745767638, -0.0216707102954, 0.0259381011128, -0.0128675876185, 0.0384443998337, -0.0251663066447, 0.0106138223782, -0.0372024327517, 0.0250147227198, -0.0440041646361, 0.0307246092707, -0.0156192556024, 0.0242292899638], [-0.00229650526308, 0.0414219759405, -0.0128675876185, 0.0286564528942, -0.0436266101897, 0.00928044784814, -0.0336110442877, 0.0182306729257, -0.0312146767974, 0.0424236990511, -0.00703212572262, 0.0376304090023, -0.0247173719108], [0.00461548380554, -0.0876405239105, 0.0384443998337, -0.0436266101897, 0.123981997371, -0.0324922390282, 0.0914838835597, -0.0701275020838, 0.0569384694099, -0.103030860424, 0.0252391230315, -0.0870677083731, 0.0573935434222], [-0.0041180672124, -0.00394949270412, -0.0251663066447, 0.00928044784814, -0.0324922390282, 0.0777152851224, -0.0189437437803, 0.0335142202675, 0.00604269467294, -0.00326340901665, -0.00742384511977, -0.0110072428361, -0.02038587071], [0.00031272409251, -0.0791012048721, 0.0106138223782, -0.0336110442877, 0.0914838835597, -0.0189437437803, 0.129907026887, -0.0332067795098, 0.0617136582732, -0.0884892418981, -0.0158772263676, -0.116625532508, 0.0540569201112], [-0.00467107538134, 0.0400965698063, -0.0372024327517, 0.0182306729257, -0.0701275020838, 0.0335142202675, -0.0332067795098, 0.112950786948, -0.0355200544, 0.0657806843519, -0.040411002934, 0.0155017022043, -0.028325336054], [0.00608015619218, -0.0711545348167, 0.0250147227198, -0.0312146767974, 0.0569384694099, 0.00604269467294, 0.0617136582732, -0.0355200544, 0.11619759351, -0.134567946196, 0.0351321361959, -0.0902079567313, 0.0528941117227], [-0.00880419462919, 0.111810266972, -0.0440041646361, 0.0424236990511, -0.103030860424, -0.00326340901665, -0.0884892418981, 0.0657806843519, -0.134567946196, 0.231087908149, -0.078296341002, 0.146422594786, -0.0768892839551], [0.00556900491938, -0.0306370835751, 0.0307246092707, -0.00703212572262, 0.0252391230315, -0.00742384511977, -0.0158772263676, -0.040411002934, 0.0351321361959, -0.078296341002, 0.101024463773, -0.0301157422364, 0.0387056134641], [-0.00385836698115, 0.10068500042, -0.0156192556024, 0.0376304090023, -0.0870677083731, -0.0110072428361, -0.116625532508, 0.0155017022043, -0.0902079567313, 0.146422594786, -0.0301157422364, 0.191515445709, -0.0909575670958], [0.00773156667128, -0.0527642630041, 0.0242292899638, -0.0247173719108, 0.0573935434222, -0.02038587071, 0.0540569201112, -0.028325336054, 0.0528941117227, -0.0768892839551, 0.0387056134641, -0.0909575670958, 0.107359386981]]
    },
    "melbands": {
        "dmean": [1.2674874597e-05, 1.50343948917e-05, 1.22092442325e-05, 1.61143873356e-06, 2.09863401324e-06, 1.96338146452e-06, 0.000464357231976, 0.000886185851414, 8.50872129377e-06, 8.84119117472e-07, 5.81801941735e-07, 1.05768804133e-05, 3.64592415281e-05, 1.54534802732e-07, 9.62697086493e-08, 5.03432545429e-07, 4.83579412958e-07, 1.56710520116e-08, 1.02665950408e-07, 6.42168274112e-08, 1.39897160523e-08, 1.24842372884e-07, 5.75187586449e-09, 2.60664965168e-08, 6.22644558135e-09, 2.75109286463e-08, 4.81901141214e-09, 3.66440766619e-09, 2.49921217055e-09, 1.97264760082e-09, 1.67456681854e-09, 1.63264146646e-09, 1.21868148906e-09, 1.77357117881e-09, 1.04602393414e-09, 5.87119519668e-10, 5.60039681297e-10, 5.38038669173e-10, 5.28197374727e-10, 4.62256261047e-10],
        "dmean2": [2.09943118534e-05, 2.72293091257e-05, 2.12798986468e-05, 2.60537376562e-06, 2.91750188808e-06, 2.456972652e-06, 0.00078910990851, 0.00145004945807, 1.15377115435e-05, 9.8130533388e-07, 6.57482019051e-07, 1.06320012492e-05, 3.67128850485e-05, 2.05853780244e-07, 1.5150659749e-07, 6.4737247385e-07, 6.15779981672e-07, 2.53390322058e-08, 1.19716176528e-07, 8.06012181442e-08, 2.16215987336e-08, 1.65601392155e-07, 8.62943583257e-09, 3.63306398299e-08, 7.84822340449e-09, 4.14620586753e-08, 7.31728322378e-09, 5.00853003516e-09, 3.51909146268e-09, 2.65334243466e-09, 2.46724018993e-09, 2.10717332472e-09, 1.73078851251e-09, 2.8105497929e-09, 1.54700896537e-09, 7.71410380018e-10, 7.93878962568e-10, 7.5183886894e-10, 7.70952801599e-10, 6.83668843759e-10],
        "dvar": [1.96838476074e-10, 1.73322911579e-10, 9.60186999355e-11, 1.40664606699e-11, 1.97351544828e-11, 1.00072686249e-10, 2.49273398367e-07, 1.22917447243e-06, 8.61280879949e-10, 3.51037324209e-11, 1.24255458353e-11, 1.12525017082e-10, 1.21786192242e-09, 1.03691998022e-13, 1.8711991185e-14, 9.31717593702e-13, 8.24017720377e-13, 1.26721031112e-15, 5.03541063284e-14, 1.47444702254e-14, 4.50595428737e-16, 7.66640372604e-14, 1.42977851242e-16, 4.88077070757e-15, 1.89141014519e-16, 5.29051357844e-15, 1.24492482134e-16, 5.03516584826e-17, 3.9137144093e-17, 3.78931736396e-17, 1.20834750677e-17, 1.35794684286e-17, 1.56264989079e-17, 2.28930241632e-17, 8.43896691962e-18, 4.74233191729e-18, 3.21869004439e-18, 2.88575170899e-18, 2.00865715712e-18, 1.66277820143e-18],
        "dvar2": [5.40286648754e-10, 4.42796105338e-10, 2.75887368506e-10, 1.56916528382e-11, 2.30020256314e-11, 1.00847136197e-10, 5.72878946059e-07, 2.30417367675e-06, 8.6267781807e-10, 3.5619059785e-11, 1.22028403007e-11, 1.40868691711e-10, 1.96642946371e-09, 1.0460491658e-13, 4.90334396621e-14, 1.31013450956e-12, 1.06684322834e-12, 1.90858503521e-15, 5.18303289014e-14, 1.81681435169e-14, 7.5211618219e-16, 1.5553109202e-13, 2.07691366936e-16, 8.64128274416e-15, 2.74742309752e-16, 9.90722854097e-15, 1.47963685693e-16, 3.35373530304e-17, 5.45676028501e-17, 3.93386055855e-17, 1.24982432792e-17, 1.0212053378e-17, 2.15210541275e-17, 5.23487901186e-17, 1.37095483702e-17, 4.73352161659e-18, 3.33082140746e-18, 3.03579089838e-18, 2.27898102208e-18, 1.92462387869e-18],
        "max": [9.26766879275e-05, 7.65525255702e-05, 5.90004383412e-05, 2.98732047668e-05, 4.03741069022e-05, 8.06224270491e-05, 0.00443485099822, 0.0102798044682, 0.000274786085356, 4.64566073788e-05, 2.84651159745e-05, 0.000127011706354, 0.000393592083128, 2.94964388559e-06, 9.91324327515e-07, 1.05432054625e-05, 1.00710776678e-05, 2.72862280326e-07, 2.56896714745e-06, 1.47448884036e-06, 1.48221772633e-07, 2.36747314375e-06, 9.39779525311e-08, 7.15138014584e-07, 1.36184070243e-07, 5.55262829494e-07, 1.03652197936e-07, 8.03700004326e-08, 5.79031933512e-08, 4.98982508645e-08, 3.30849161401e-08, 4.43849188514e-08, 3.12785566337e-08, 2.63056811889e-08, 2.28318146611e-08, 1.80008647988e-08, 1.44485126086e-08, 1.35432625115e-08, 1.11526095026e-08, 1.00234407441e-08],
        "mean": [1.60269682965e-05, 1.95682969206e-05, 1.80851093319e-05, 2.13057273868e-06, 5.88120292377e-06, 2.90044772555e-06, 0.00228084553964, 0.00587451132014, 4.90693419124e-05, 9.48870081174e-07, 6.46898058676e-07, 4.01471406803e-05, 0.000133344175993, 4.7811101922e-07, 1.38555208196e-07, 1.42411784054e-06, 1.37004644785e-06, 2.14360689199e-08, 2.40578145849e-07, 1.66067124496e-07, 2.06645598411e-08, 1.87182337186e-07, 9.16904330239e-09, 5.91202571343e-08, 1.39629792173e-08, 4.4868691873e-08, 8.04937627663e-09, 7.01885261023e-09, 5.59374413456e-09, 3.71901975882e-09, 3.1406941492e-09, 3.28740723532e-09, 2.2485397988e-09, 2.73153921704e-09, 1.98229899162e-09, 1.52149137733e-09, 1.38150735296e-09, 1.34934363683e-09, 1.21468102243e-09, 1.06953901291e-09],
        "median": [1.0784555343e-05, 1.50470323206e-05, 1.53444889293e-05, 1.50144637701e-06, 5.49378546566e-06, 1.37066945172e-06, 0.00204611686058, 0.0055091958493, 4.41903794126e-05, 1.02589382323e-07, 9.99531692969e-08, 3.83172846341e-05, 0.00013282787404, 4.24293489232e-07, 7.19234591884e-08, 5.08919924869e-07, 4.99373470575e-07, 1.43304443867e-08, 3.85677410009e-08, 2.97753999234e-08, 9.89961623787e-09, 3.561666162e-08, 6.05703842638e-09, 6.64110055837e-09, 5.78636782933e-09, 7.24932736063e-09, 4.75499106756e-09, 5.16074560863e-09, 4.04282696209e-09, 2.48386400337e-09, 2.17928808333e-09, 1.89109727877e-09, 1.23228471871e-09, 1.25187615829e-09, 1.2035400454e-09, 1.06410080747e-09, 9.28772780906e-10, 1.0098598624e-09, 7.98980659411e-10, 7.44021677601e-10],
        "min": [1.01198338598e-06, 3.93079488958e-07, 8.49554851357e-07, 2.10025376646e-07, 1.23622396586e-06, 4.99092379869e-07, 2.35898514802e-05, 2.96238795272e-05, 6.33527770333e-06, 2.31519763361e-08, 9.27351617719e-09, 4.08991212453e-07, 1.65680233977e-07, 2.08314236971e-08, 1.32405704178e-08, 2.70064859365e-08, 1.35325661788e-08, 5.3902957653e-09, 5.14243847505e-09, 7.18404047362e-09, 3.83414811012e-09, 4.98639307622e-09, 1.47771439529e-09, 1.29555999262e-09, 1.50276957545e-09, 1.87393189854e-09, 8.5519763493e-10, 4.91125362601e-10, 1.42220102362e-09, 8.21513690408e-10, 5.22571708128e-10, 4.25209034649e-10, 3.99416416608e-10, 4.26593982361e-10, 4.49344006448e-10, 3.81897069524e-10, 3.4181804609e-10, 1.89736781842e-10, 1.96500857252e-10, 1.14260441386e-10],
        "var": [2.55122867276e-10, 2.5461985298e-10, 1.68860286864e-10, 1.42427736272e-11, 2.40793322781e-11, 1.0147652163e-10, 7.25017571312e-07, 4.34764569945e-06, 1.03237463023e-09, 3.45885334263e-11, 1.2941634743e-11, 7.55723317258e-10, 7.52371764889e-09, 1.37740283047e-13, 2.88968203749e-14, 5.00311814547e-12, 4.58008804494e-12, 1.24802321492e-15, 2.52676270749e-13, 1.00055319661e-13, 7.63036395644e-16, 1.71747354836e-13, 1.71020068101e-16, 1.97715345344e-14, 6.23007185205e-16, 1.24261961059e-14, 1.85319175391e-16, 1.08233684712e-16, 5.3545303566e-17, 3.86946421699e-17, 1.84163094532e-17, 3.56211632685e-17, 1.57259855746e-17, 2.32685757419e-17, 8.77578080298e-18, 4.94769646156e-18, 3.30977483075e-18, 2.84825313029e-18, 2.03391160161e-18, 1.67206040867e-18]
    },
    "mfcc": {
        "mean": [-888.431152344, 199.044830322, 28.6383018494, -14.1325130463, -26.1893863678, -20.0264549255, -8.6929397583, -7.81227016449, -6.42292547226, 2.8677945137, 13.7236166, 28.4571762085, 36.5360031128],
        "cov": [[696.394226074, -69.272064209, -245.224914551, 73.2612075806, 9.40053272247, -25.1126003265, -51.3259124756, 3.31054592133, -25.8368434906, 46.4696769714, 37.1484527588, -104.462112427, -38.8618888855], [-69.272064209, 91.7549819946, 64.4524917603, -45.5039901733, -0.968464434147, 27.7683124542, 35.7701187134, 4.97174024582, 6.66350030899, -18.8107280731, -8.68553638458, 51.2234687805, 26.6923942566], [-245.224914551, 64.4524917603, 465.192779541, -23.5878410339, -164.221450806, 83.052406311, 130.736465454, 45.9651565552, 44.9421386719, -33.8166465759, -32.6111869812, 89.2326583862, 5.46170759201], [73.2612075806, -45.5039901733, -23.5878410339, 72.2059555054, 15.4727993011, -7.80608844757, -8.18944644928, 2.14453053474, -3.24177789688, 11.5775432587, 9.07565689087, -19.6782913208, -7.08071899414], [9.40053272247, -0.968464434147, -164.221450806, 15.4727993011, 117.996810913, -18.0940303802, -53.143497467, -24.6727809906, -14.11186409, 10.4885187149, 13.8495903015, -11.9587850571, 1.37922847271], [-25.1126003265, 27.7683124542, 83.052406311, -7.80608844757, -18.0940303802, 54.0883712769, 37.9129905701, 2.92584586143, -1.28019034863, 2.00635313988, 7.78191423416, 27.3961353302, 25.1314277649], [-51.3259124756, 35.7701187134, 130.736465454, -8.18944644928, -53.143497467, 37.9129905701, 76.7466049194, 25.6425056458, -2.23955535889, -17.5852603912, -5.64825582504, 37.7228469849, 26.3030223846], [3.31054592133, 4.97174024582, 45.9651565552, 2.14453053474, -24.6727809906, 2.92584586143, 25.6425056458, 40.3686752319, 9.76130199432, -14.6160736084, -3.967202425, 10.3445615768, 7.07010889053], [-25.8368434906, 6.66350030899, 44.9421386719, -3.24177789688, -14.11186409, -1.28019034863, -2.23955535889, 9.76130199432, 41.3572769165, -4.24682569504, -22.8942317963, 11.3241424561, -9.2001914978], [46.4696769714, -18.8107280731, -33.8166465759, 11.5775432587, 10.4885187149, 2.00635313988, -17.5852603912, -14.6160736084, -4.24682569504, 34.358417511, 25.1302490234, -17.5756244659, -9.61139011383], [37.1484527588, -8.68553638458, -32.6111869812, 9.07565689087, 13.8495903015, 7.78191423416, -5.64825582504, -3.967202425, -22.8942317963, 25.1302490234, 47.4448394775, -2.92182469368, -2.00791406631], [-104.462112427, 51.2234687805, 89.2326583862, -19.6782913208, -11.9587850571, 27.3961353302, 37.7228469849, 10.3445615768, 11.3241424561, -17.5756244659, -2.92182469368, 68.204460144, 26.0781326294], [-38.8618888855, 26.6923942566, 5.46170759201, -7.08071899414, 1.37922847271, 25.1314277649, 26.3030223846, 7.07010889053, -9.2001914978, -9.61139011383, -2.00791406631, 26.0781326294, 59.5677070618]],
