{
"lowlevel": {
    "average_loudness": 0.99068403244,
    "barkbands_crest": {
        "dmean": 1.58071565628,
        "dmean2": 2.06860089302,
        "dvar": 3.36736798286,
        "dvar2": 6.45937108994,
        "max": 25.2483901978,
        "mean": 20.2432327271,
        "median": 21.7900714874,
        "min": 10.7939844131,
        "var": 15.0590600967
    },
    "barkbands_flatness_db": {
        "dmean": 0.0295915715396,
        "dmean2": 0.0377791784704,
        "dvar": 0.00175167736597,
        "dvar2": 0.00208856281824,
        "max": 0.544293701649,
        "mean": 0.405950814486,
        "median": 0.425152480602,
        "min": 0.165668711066,
        "var": 0.0084943799302
    },
    "barkbands_kurtosis": {
        "dmean": 2.27086138725,
        "dmean2": 3.57651638985,
        "dvar": 9.88844203949,
        "dvar2": 23.5999565125,
        "max": 20.7161750793,
        "mean": 3.90030002594,
        "median": 2.64749145508,
        "min": -1.89251291752,
        "var": 19.6569881439
    },
    "barkbands_skewness": {
        "dmean": 0.434434145689,
        "dmean2": 0.577302098274,
        "dvar": 0.244559839368,
        "dvar2": 0.396921247244,
        "max": 3.35036730766,
        "mean": 0.950864136219,
        "median": 0.979991853237,
        "min": -2.23209643364,
        "var": 1.45482742786
    },
    "barkbands_spread": {
        "dmean": 0.729186117649,
        "dmean2": 1.0211404562,
        "dvar": 0.921558737755,
        "dvar2": 2.40114235878,
        "max": 9.01404285431,
        "mean": 3.37687253952,
        "median": 2.89356637001,
        "min": 0.997461974621,
        "var": 2.95753526688
    },
    "dissonance": {
        "dmean": 0.0772499963641,
        "dmean2": 0.132648035884,
        "dvar": 0.00323922326788,
        "dvar2": 0.00877107027918,
        "max": 0.430337160826,
        "mean": 0.300847768784,
        "median": 0.306887000799,
        "min": 0.126474350691,
        "var": 0.0051366831176
    },
    "dynamic_complexity": 3.55500125885,
    "erbbands_crest": {
        "dmean": 2.19398164749,
        "dmean2": 3.11789345741,
        "dvar": 5.26599597931,
        "dvar2": 10.9093151093,
        "max": 31.9736461639,
        "mean": 22.906545639,
        "median": 23.168012619,
        "min": 9.7368183136,
        "var": 14.4258213043
    },
    "erbbands_flatness_db": {
        "dmean": 0.0214696191251,
        "dmean2": 0.0285802260041,
        "dvar": 0.000949856825173,
        "dvar2": 0.00109325547237,
        "max": 0.533612966537,
        "mean": 0.430585354567,
        "median": 0.438904702663,
        "min": 0.26024132967,
        "var": 0.00508445175365
    },
    "erbbands_kurtosis": {
        "dmean": 1.37483608723,
        "dmean2": 2.22323131561,
        "dvar": 4.65943861008,
        "dvar2": 11.6866998672,
        "max": 9.9511680603,
        "mean": 0.544362604618,
        "median": -0.275979042053,
        "min": -1.55543839931,
        "var": 5.46817922592
    },
    "erbbands_skewness": {
        "dmean": 0.428228676319,
        "dmean2": 0.514901936054,
        "dvar": 0.211285054684,
        "dvar2": 0.371323674917,
        "max": 2.75081586838,
        "mean": 0.773853600025,
        "median": 0.953630208969,
        "min": -2.45920586586,
        "var": 0.925266623497
    },
    "erbbands_spread": {
        "dmean": 0.84046214819,
        "dmean2": 1.10799205303,
        "dvar": 0.685827374458,
        "dvar2": 1.60682284832,
        "max": 9.11052131653,
        "mean": 5.62078809738,
        "median": 5.65190505981,
        "min": 2.10438489914,
        "var": 2.19070982933
    },
    "hfc": {
        "dmean": 3.15403962135,
        "dmean2": 2.69351506233,
        "dvar": 10.8813438416,
        "dvar2": 11.6287460327,
        "max": 45.670917511,
        "mean": 17.6099815369,
        "median": 12.9473791122,
        "min": 0.0197758432478,
        "var": 197.872451782
    },
    "melbands_crest": {
        "dmean": 1.70235204697,
        "dmean2": 2.36672091484,
        "dvar": 4.96306848526,
        "dvar2": 12.530002594,
        "max": 23.6599121094,
        "mean": 19.5859909058,
        "median": 21.2542514801,
        "min": 11.0170965195,
        "var": 13.102353096
    },
    "melbands_flatness_db": {
        "dmean": 0.0285763610154,
        "dmean2": 0.0344735272229,
        "dvar": 0.00158606655896,
        "dvar2": 0.00191731285304,
        "max": 0.6187479496,
        "mean": 0.479013830423,
        "median": 0.491811215878,
        "min": 0.247246831656,
        "var": 0.00828478019685
    },
    "melbands_kurtosis": {
        "dmean": 1.93391752243,
        "dmean2": 2.79364490509,
        "dvar": 4.65031194687,
        "dvar2": 9.31326580048,
        "max": 15.584936142,
        "mean": 4.04295158386,
        "median": 3.53240394592,
        "min": -1.67699813843,
        "var": 17.8341522217
    },
    "melbands_skewness": {
        "dmean": 0.38875246048,
        "dmean2": 0.537250161171,
        "dvar": 0.197098091245,
        "dvar2": 0.330356746912,
        "max": 3.30252861977,
        "mean": 1.06734418869,
        "median": 1.14085769653,
        "min": -1.84659981728,
        "var": 1.44553995132
    },
    "melbands_spread": {
        "dmean": 1.66352307796,
        "dmean2": 2.38675808907,
        "dvar": 5.87185239792,
        "dvar2": 16.4614944458,
        "max": 19.7948970795,
        "mean": 6.45933914185,
        "median": 5.38451004028,
        "min": 1.72042095661,
        "var": 14.7153186798
    },
    "pitch_salience": {
        "dmean": 0.0465626865625,
        "dmean2": 0.0630196556449,
        "dvar": 0.00368335214444,
        "dvar2": 0.00567829282954,
        "max": 0.827128529549,
        "mean": 0.408707797527,
        "median": 0.385697990656,
        "min": 0.238426044583,
        "var": 0.0107596665621
    },
    "silence_rate_20dB": {
        "dmean": 0,
        "dmean2": 0,
        "dvar": 0,
        "dvar2": 0,
        "max": 1,
        "mean": 1,
        "median": 1,
        "min": 1,
        "var": 0
    },
    "silence_rate_30dB": {
        "dmean": 0,
        "dmean2": 0,
        "dvar": 0,
        "dvar2": 0,
        "max": 1,
        "mean": 1,
        "median": 1,
        "min": 1,
        "var": 0
    },
    "silence_rate_60dB": {
        "dmean": 0.0500000007451,
        "dmean2": 0.101694911718,
        "dvar": 0.0475000143051,
        "dvar2": 0.125251308084,
        "max": 1,
        "mean": 0.196721315384,
        "median": 0,
        "min": 0,
        "var": 0.158022046089
    },
    "spectral_centroid": {
        "dmean": 44.6748771667,
        "dmean2": 51.4894256592,
        "dvar": 3252.16308594,
        "dvar2": 4291.46386719,
        "max": 1253.15563965,
        "mean": 825.506896973,
        "median": 774.329467773,
        "min": 694.637939453,
        "var": 14058.7080078
    },
    "spectral_complexity": {
        "dmean": 0.616666674614,
        "dmean2": 1.13559317589,
        "dvar": 0.436388760805,
        "dvar2": 0.998564004898,
        "max": 5,
        "mean": 3.13114762306,
        "median": 3,
        "min": 0,
        "var": 0.835259377956
    },
    "spectral_decrease": {
        "dmean": 9.69060720557e-10,
        "dmean2": 7.88086373937e-10,
        "dvar": 1.07848397631e-18,
        "dvar2": 9.18594823588e-19,
        "max": -5.35460564777e-12,
        "mean": -5.44761435961e-09,
        "median": -4.06739664172e-09,
        "min": -1.6008957715e-08,
        "var": 2.10115555379e-17
    },
    "spectral_energy": {
        "dmean": 0.00394170824438,
        "dmean2": 0.00321396673098,
        "dvar": 1.77027632162e-05,
        "dvar2": 1.53583696374e-05,
        "max": 0.0645632967353,
        "mean": 0.0221577193588,
        "median": 0.0164189841598,
        "min": 2.20032179641e-05,
        "var": 0.000344343105098
    },
    "spectral_energyband_high": {
        "dmean": 1.03141303498e-06,
        "dmean2": 1.25508609017e-06,
        "dvar": 3.32160167427e-11,
        "dvar2": 3.39709926855e-11,
        "max": 4.56958769064e-05,
        "mean": 2.00973590836e-06,
        "median": 1.36660673888e-06,
        "min": 4.85938009831e-08,
        "var": 3.21647326829e-11
    },
    "spectral_energyband_low": {
        "dmean": 2.17706783587e-05,
        "dmean2": 3.72496178898e-05,
        "dvar": 3.42935041475e-10,
        "dvar2": 9.71364988445e-10,
        "max": 8.66386835696e-05,
        "mean": 3.61874626833e-05,
        "median": 3.40904007317e-05,
        "min": 8.26092673378e-07,
        "var": 5.53746437593e-10
    },
    "spectral_energyband_middle_high": {
        "dmean": 0.00109273823909,
        "dmean2": 0.0011612388771,
        "dvar": 2.18391619455e-06,
        "dvar2": 2.73327236755e-06,
        "max": 0.018922617659,
        "mean": 0.00457210233435,
        "median": 0.00337176234461,
        "min": 9.33868341235e-06,
        "var": 1.97991794266e-05
    },
    "spectral_energyband_middle_low": {
        "dmean": 0.00318343681283,
        "dmean2": 0.00247183721513,
        "dvar": 1.40089287015e-05,
        "dvar2": 8.87414898898e-06,
        "max": 0.0598349124193,
        "mean": 0.0175631064922,
        "median": 0.0115153687075,
        "min": 1.20948880067e-05,
        "var": 0.000270548742265
    },
    "spectral_entropy": {
        "dmean": 0.272802889347,
        "dmean2": 0.34329983592,
        "dvar": 0.195388585329,
        "dvar2": 0.215969458222,
        "max": 7.5589632988,
        "mean": 4.70975875854,
        "median": 4.49997282028,
        "min": 3.55860280991,
        "var": 0.717523097992
    },
    "spectral_flux": {
        "dmean": 0.00909619126469,
        "dmean2": 0.0126268183812,
        "dvar": 0.000183943295269,
        "dvar2": 0.000257662206423,
        "max": 0.139605939388,
        "mean": 0.0234508700669,
        "median": 0.01777346991,
        "min": 0.00592551147565,
        "var": 0.00047150393948
    },
    "spectral_kurtosis": {
        "dmean": 10.8147783279,
        "dmean2": 17.4869766235,
        "dvar": 192.757141113,
        "dvar2": 282.823699951,
        "max": 108.197853088,
        "mean": 59.6722106934,
        "median": 61.2806625366,
        "min": 7.99178218842,
        "var": 886.730407715
    },
    "spectral_rms": {
        "dmean": 0.000464348151581,
        "dmean2": 0.000420639524236,
        "dvar": 1.50556871858e-07,
        "dvar2": 2.2434545599e-07,
        "max": 0.00793653447181,
        "mean": 0.00413302751258,
        "median": 0.00400231452659,
        "min": 0.00014651469246,
        "var": 4.53536176792e-06
    },
    "spectral_rolloff": {
        "dmean": 110.895996094,
        "dmean2": 217.521850586,
        "dvar": 52593.9414062,
        "dvar2": 121824.820312,
        "max": 1356.59179688,
        "mean": 1118.31445312,
        "median": 1313.52539062,
        "min": 667.529296875,
        "var": 87215.21875
    },
    "spectral_skewness": {
        "dmean": 0.786151647568,
        "dmean2": 1.33524298668,
        "dvar": 0.659016430378,
        "dvar2": 1.31280052662,
        "max": 8.77401638031,
        "mean": 6.16127490997,
        "median": 6.42179584503,
        "min": 2.8850877285,
        "var": 2.95335364342
    },
    "spectral_spread": {
        "dmean": 697842.4375,
        "dmean2": 1056278.625,
        "dvar": 1.89407664538e+12,
        "dvar2": 1.13789239296e+12,
        "max": 16583535,
        "mean": 2258265.5,
        "median": 1902431.125,
        "min": 741988,
        "var": 4.1587989545e+12
    },
    "spectral_strongpeak": {
        "dmean": 0.570511937141,
        "dmean2": 0.629092693329,
        "dvar": 0.877774059772,
        "dvar2": 1.22806441784,
        "max": 7.30839061737,
        "mean": 3.28733992577,
        "median": 3.25653910637,
        "min": 0.0103719811887,
        "var": 3.60577869415
    },
    "zerocrossingrate": {
        "dmean": 0.00397135410458,
        "dmean2": 0.00442763511091,
        "dvar": 3.24445172737e-05,
        "dvar2": 2.96840389638e-05,
        "max": 0.0595703125,
        "mean": 0.0357485897839,
        "median": 0.03076171875,
        "min": 0.0107421875,
        "var": 0.000111924753583
    },
    "barkbands": {
        "dmean": [2.47473280979e-06, 1.67026428244e-05, 7.2395623647e-06, 3.8210623643e-06, 7.42327847547e-06, 6.83465714246e-06, 8.00035104476e-06, 1.59702576639e-05, 0.00320303905755, 6.96781989973e-06, 1.28446947656e-06, 8.10986512079e-06, 0.00111163326073, 2.91415449283e-06, 5.59506370337e-05, 2.76236801255e-06, 6.06713797424e-07, 3.10066042175e-07, 4.87665431592e-07, 2.70277837444e-07, 1.92630437823e-07, 1.46889817643e-07, 1.29558927142e-07, 1.22371545785e-07, 1.13276321656e-07, 1.29239737134e-07, 1.65856917533e-07],
        "dmean2": [4.51488449471e-06, 3.00830379274e-05, 1.26847371575e-05, 6.29271380603e-06, 1.36506214403e-05, 1.07806090455e-05, 1.19116584756e-05, 1.72487361851e-05, 0.00248550274409, 1.01695886769e-05, 2.07877224057e-06, 8.57758368511e-06, 0.00118184951134, 3.0561359381e-06, 8.03783914307e-05, 4.02159912483e-06, 8.10658775663e-07, 3.63957866512e-07, 7.42187694414e-07, 3.60966851076e-07, 2.40565071863e-07, 1.67060164813e-07, 1.59361775331e-07, 1.49385286363e-07, 1.36457018129e-07, 1.5948994303e-07, 2.01512705189e-07],
        "dvar": [6.77473398561e-12, 1.81002532407e-10, 3.55813607744e-11, 1.07432708563e-11, 2.49012643838e-10, 1.95983049234e-10, 6.53340770373e-10, 1.2593143417e-08, 1.42729732033e-05, 1.7286633236e-10, 1.3911841297e-11, 3.49514417408e-09, 2.45089267992e-06, 4.59554505561e-10, 3.18643489372e-09, 3.38948730194e-11, 7.8552477023e-12, 3.79633043751e-12, 1.61452394423e-12, 1.37376427508e-12, 1.0570506059e-12, 8.1757100005e-13, 5.4314289611e-13, 4.70226017412e-13, 3.89255197086e-13, 3.83215025468e-13, 4.16879069242e-13],
        "dvar2": [1.25218073757e-11, 5.30115451536e-10, 8.79018594024e-11, 3.24325254153e-11, 7.28466842403e-10, 4.3302514352e-10, 9.53589429642e-10, 1.27040982179e-08, 9.24431060412e-06, 2.11965445196e-10, 2.05237441625e-11, 3.53428264432e-09, 2.97150813822e-06, 4.67028693496e-10, 5.75388003909e-09, 3.84917479834e-11, 8.66093221447e-12, 3.88790605613e-12, 1.92301361467e-12, 1.4636238185e-12, 1.07652699689e-12, 8.13914853483e-13, 5.62851740042e-13, 4.80943897988e-13, 3.9418316701e-13, 3.94239437103e-13, 4.23918929474e-13],
        "max": [1.83982410817e-05, 5.86799942539e-05, 2.66544993792e-05, 2.05053493119e-05, 9.80791301117e-05, 7.61104820413e-05, 0.000149844621774, 0.000882895838004, 0.0597494840622, 0.000112135741801, 2.66867209575e-05, 0.000464350363472, 0.0188267361373, 0.000167668520589, 0.000355148222297, 4.42509335699e-05, 2.2217463993e-05, 1.52600532601e-05, 1.22099572764e-05, 9.56283020059e-06, 8.29624241305e-06, 7.21092692402e-06, 5.83000519327e-06, 5.40796327186e-06, 4.9285190471e-06, 4.86786439069e-06, 5.13981649419e-06],
        "mean": [2.42867963607e-06, 2.23461920541e-05, 8.2741080405e-06, 6.14983127889e-06, 1.66811569215e-05, 1.51740605361e-05, 9.01480780158e-06, 1.65462188306e-05, 0.0174630265683, 3.95337301597e-05, 1.34970753152e-06, 8.16145075078e-06, 0.0044525838457, 2.94763594866e-06, 8.57854465721e-05, 3.52448523699e-06, 7.05961895164e-07, 3.40508421459e-07, 7.89274963608e-07, 3.65641824374e-07, 2.8521793638e-07, 2.0332117856e-07, 1.90633898001e-07, 1.86735064744e-07, 1.95725178287e-07, 2.62820719854e-07, 5.8274724779e-07],
        "median": [1.47933860717e-06, 1.90578284673e-05, 5.36518155059e-06, 5.14977773491e-06, 1.30402531795e-05, 1.27805133161e-05, 2.02517730941e-06, 1.53693622451e-06, 0.0114506725222, 3.83572005376e-05, 4.16341094933e-07, 3.13971440846e-07, 0.0033346733544, 1.78668557282e-07, 6.31750954199e-05, 1.43621309689e-06, 2.26889554256e-07, 7.02149662857e-08, 3.76043061578e-07, 1.7819915854e-07, 1.32884323989e-07, 8.27177828455e-08, 9.0616438797e-08, 1.03234597759e-07, 1.22788094359e-07, 1.95989684926e-07, 5.89901731018e-07],
        "min": [4.21654604565e-08, 1.92993979908e-07, 1.18187841736e-07, 2.79740888232e-08, 1.58841562126e-08, 1.7906256744e-07, 1.61134167342e-07, 1.40136208415e-07, 8.79442450241e-06, 2.38984694079e-06, 6.05488992278e-08, 1.18914542213e-07, 4.20721471528e-06, 5.29440029595e-08, 5.63973571843e-07, 8.03033586294e-08, 1.57147237445e-08, 6.8571317513e-09, 1.62331854625e-08, 9.37196897866e-09, 8.75257555322e-09, 5.26184340544e-09, 2.96053870308e-09, 4.88803886256e-09, 5.0029842491e-09, 7.14829440085e-09, 9.99211380304e-09],
        "var": [7.6535071683e-12, 2.91024510046e-10, 5.04102662391e-11, 1.81904526164e-11, 1.81840945079e-10, 1.81271650468e-10, 6.62393806472e-10, 1.25122960881e-08, 0.000270649848972, 2.85601375882e-10, 1.34897362378e-11, 3.46927730988e-09, 1.95587817871e-05, 4.5224232692e-10, 5.9991545065e-09, 3.81604470245e-11, 8.00793112377e-12, 3.72706032703e-12, 2.52503660342e-12, 1.45560137294e-12, 1.07829424643e-12, 8.19942909142e-13, 5.34348769659e-13, 4.58451310768e-13, 3.76654084441e-13, 3.6240785763e-13, 3.9285786538e-13]
    },
    "erbbands": {
        "dmean": [0.000650363857858, 0.00390679342672, 0.00756809441373, 0.0126538556069, 0.0233786441386, 0.0186704490334, 0.0584986656904, 0.0510595813394, 0.0748231709003, 0.37060508132, 16.6434516907, 83.9990386963, 3.66692185402, 0.216435030103, 0.139814883471, 7.96917247772, 53.3238868713, 1.99900567532, 0.293981909752, 3.8268635273, 0.30456212163, 0.0401931628585, 0.020302163437, 0.0267294812948, 0.0158674847335, 0.0128940762952, 0.0098934089765, 0.0066536962986, 0.0054358872585, 0.004252767656, 0.00373785896227, 0.00278474157676, 0.00195977394469, 0.00131211197004, 0.000800692476332, 0.00048997340491, 0.000259737338638, 9.91435081232e-05, 2.49981039815e-05, 5.41914232599e-06],
        "dmean2": [0.00117967196275, 0.00706213060766, 0.0132474796847, 0.0215578861535, 0.0426087714732, 0.0318861231208, 0.083251260221, 0.0844069644809, 0.104661338031, 0.336589694023, 12.5360078812, 65.8103866577, 2.89846920967, 0.229697912931, 0.15593585372, 8.10136795044, 57.6962356567, 2.25704908371, 0.396525681019, 5.52126550674, 0.432424515486, 0.0541288405657, 0.0251253228635, 0.0406176522374, 0.0205722749233, 0.0175375640392, 0.0130406608805, 0.00790822133422, 0.00621359748766, 0.00493621267378, 0.00471240375191, 0.00342636276037, 0.00236711255275, 0.00163163256366, 0.000978486728854, 0.000614248099737, 0.000329394504661, 0.000130256565171, 3.09621136694e-05, 4.96783241033e-06],
        "dvar": [1.76353495362e-07, 1.04634282252e-05, 4.5881162805e-05, 9.68006424955e-05, 0.00349805061705, 0.00132193230093, 0.0036337247584, 0.0174679346383, 0.0525599718094, 0.352209091187, 405.701049805, 9617.61328125, 17.3495960236, 0.0707034170628, 0.0321715399623, 130.33026123, 5288.30419922, 5.27779388428, 0.290138751268, 15.157989502, 0.11220049113, 0.0259823016822, 0.0121034029871, 0.00477215927094, 0.00524993333966, 0.00275896862149, 0.00213581579737, 0.00142320909072, 0.00106169818901, 0.000679756689351, 0.00041667415644, 0.000230806705076, 0.000119931515655, 4.98035442433e-05, 1.92329916899e-05, 5.90045738136e-06, 1.33895809995e-06, 1.66785866895e-07, 8.14445222375e-09, 5.25771995386e-11],
        "dvar2": [5.69291387365e-07, 3.14557328238e-05, 0.000129796171677, 0.000265577313257, 0.010769141838, 0.00326932803728, 0.00753324991092, 0.0347569175065, 0.0692433789372, 0.372348815203, 258.842559814, 6151.34960938, 10.5814771652, 0.126194834709, 0.052588224411, 127.561302185, 7080.00097656, 10.9115533829, 0.30773499608, 27.6443767548, 0.166297361255, 0.0288485456258, 0.0123998271301, 0.00576900690794, 0.00530125107616, 0.00295035215095, 0.00226957420819, 0.00144222576637, 0.0010534171015, 0.000696232309565, 0.000432631757576, 0.000234926876146, 0.000122514858958, 5.0618651585e-05, 1.94307212951e-05, 6.04292563366e-06, 1.38392772442e-06, 1.71095962287e-07, 8.30516544426e-09, 4.68026763178e-11],
        "max": [0.00229194690473, 0.0129211759195, 0.0301794447005, 0.0490280985832, 0.371578425169, 0.184105873108, 0.474223583937, 0.762364923954, 1.59797918797, 5.61356592178, 321.476867676, 1557.35803223, 70.6422271729, 2.97363424301, 3.35022473335, 161.483444214, 851.118469238, 32.2322845459, 5.8981423378, 24.6047954559, 2.23355984688, 1.29157912731, 0.881440043449, 0.677878379822, 0.605408787727, 0.434959590435, 0.369807511568, 0.302135407925, 0.261754155159, 0.207641690969, 0.16059269011, 0.119951575994, 0.086497746408, 0.0556978024542, 0.0347330085933, 0.0191729683429, 0.00909854285419, 0.003225290915, 0.000738575065043, 9.5745876024e-05],
        "mean": [0.000773720385041, 0.0045194667764, 0.00887145288289, 0.0181144624949, 0.0395069569349, 0.0335420593619, 0.171594172716, 0.0766449868679, 0.143900051713, 1.61073327065, 90.3641204834, 463.467529297, 22.5279884338, 1.06492733955, 0.6958796978, 33.0096855164, 214.17250061, 9.29995536804, 0.78995269537, 5.88051176071, 0.436874508858, 0.0517013035715, 0.0264093913138, 0.0422660000622, 0.0237814802676, 0.0180849749595, 0.0139890694991, 0.00932615343481, 0.00753839453682, 0.00634519662708, 0.00533506693318, 0.00402783928439, 0.00308068329468, 0.00211372948252, 0.00145545601845, 0.000912498333491, 0.000520242203493, 0.000230141478823, 8.52617667988e-05, 3.55568627128e-05],
        "median": [0.000651593727525, 0.00368305039592, 0.00629788637161, 0.0158994477242, 0.029522895813, 0.0251976754516, 0.142342925072, 0.0474373102188, 0.0979539677501, 1.23150837421, 64.4819488525, 300.081726074, 14.2546463013, 0.815739631653, 0.549877464771, 23.0792865753, 174.903121948, 7.52740526199, 0.620754003525, 4.25289964676, 0.294379264116, 0.0226373095065, 0.0093435253948, 0.0183856375515, 0.0116615938023, 0.00977735966444, 0.0066845593974, 0.0040643918328, 0.00311222858727, 0.00294850184582, 0.00255947024561, 0.00199956865981, 0.00167574058287, 0.00124907877762, 0.000959790719207, 0.000614145828877, 0.000389841705328, 0.000196840468561, 8.04155424703e-05, 3.03500510199e-05],
        "min": [4.52980339105e-06, 5.18089182151e-05, 0.000152229054947, 0.000114398812002, 8.26008836157e-05, 3.90615932702e-05, 0.000269677198958, 0.00204253173433, 0.0064435582608, 0.0106302043423, 0.0762896612287, 0.212040230632, 0.105365112424, 0.0490459538996, 0.0299624800682, 0.0882190540433, 0.201750144362, 0.0206276718527, 0.00607478059828, 0.0445469021797, 0.00660166703165, 0.00100557866972, 0.000430538959336, 0.000716765469406, 0.000626271415967, 0.000451477972092, 0.000357385666575, 0.000351584982127, 0.000208597019082, 9.78871175903e-05, 9.16310891625e-05, 0.000124389465782, 6.68360371492e-05, 4.97089749842e-05, 4.12513472838e-05, 2.52175996138e-05, 1.40475221997e-05, 4.55644158137e-06, 1.40476481647e-06, 1.98134486595e-07],
        "var": [3.78177844595e-07, 1.41835680552e-05, 5.4414227634e-05, 0.000153028959176, 0.00244268006645, 0.00107470189687, 0.0128419911489, 0.014682973735, 0.0538387671113, 2.01775217056, 7205.88671875, 190571.65625, 390.379943848, 0.674141764641, 0.523394525051, 1420.02844238, 40916.5585938, 67.1650238037, 0.653674900532, 28.265871048, 0.198780819774, 0.0268930140883, 0.0123154707253, 0.00801691692322, 0.0057088364847, 0.0030161740724, 0.00215944997035, 0.00143410358578, 0.00107900402509, 0.000676969881169, 0.000406851788284, 0.000225966155995, 0.000117008909001, 4.83077237732e-05, 1.86157540156e-05, 5.6574563132e-06, 1.26631960029e-06, 1.56949809593e-07, 7.79521958094e-09, 4.76450712217e-10]
    },
    "gfcc": {
        "mean": [-191.746658325, 121.238296509, -131.922073364, -82.16381073, -40.5699424744, 24.297088623, -7.45278453827, 1.62940490246, 1.43008720875, 13.5868864059, -20.5667438507, -33.1754684448, -22.5367794037],
        "cov": [[1503.34484863, 170.093795776, -191.653533936, -251.089523315, -79.1883468628, -53.6565437317, -60.3900947571, -53.3288230896, 25.9178524017, -27.867395401, 4.93645000458, -79.2671890259, -84.448600769], [170.093795776, 224.887832642, -115.136833191, -212.393554688, -10.2792863846, -14.6479520798, 40.9739532471, -2.12221169472, 33.2347869873, -24.6966304779, -5.9719004631, -62.0265464783, -28.2900428772], [-191.653533936, -115.136833191, 479.626953125, 277.431976318, 43.2483520508, 58.5420913696, -13.438158989, 81.6391067505, 17.2917499542, 70.8056335449, -9.97038078308, 84.5419387817, 65.5858230591], [-251.089523315, -212.393554688, 277.431976318, 400.539886475, 95.2483444214, 44.4298019409, -46.4361724854, 36.2637557983, -28.1712322235, 44.6465606689, -6.07857751846, 81.4785995483, 54.4120254517], [-79.1883468628, -10.2792863846, 43.2483520508, 95.2483444214, 87.7391357422, 25.5632286072, -18.9240188599, -0.706803917885, 2.68377804756, 8.54762363434, -11.6346406937, 14.1033143997, 26.8696651459], [-53.6565437317, -14.6479520798, 58.5420913696, 44.4298019409, 25.5632286072, 42.1514320374, 11.8198699951, 1.23196029663, 2.04437923431, 20.74061203, 12.178147316, 17.0381450653, 13.1606197357], [-60.3900947571, 40.9739532471, -13.438158989, -46.4361724854, -18.9240188599, 11.8198699951, 64.042098999, 24.7569351196, 14.9251213074, 2.71087265015, 19.5106163025, -15.7063312531, -9.3844165802], [-53.3288230896, -2.12221169472, 81.6391067505, 36.2637557983, -0.706803917885, 1.23196029663, 24.7569351196, 80.4224090576, 48.2816886902, 12.0766134262, 1.36696863174, 15.571182251, 22.6935558319], [25.9178524017, 33.2347869873, 17.2917499542, -28.1712322235, 2.68377804756, 2.04437923431, 14.9251213074, 48.2816886902, 60.5135383606, 7.54032421112, -7.11135625839, 1.97898936272, 24.0932826996], [-27.867395401, -24.6966304779, 70.8056335449, 44.6465606689, 8.54762363434, 20.74061203, 2.71087265015, 12.0766134262, 7.54032421112, 26.3960075378, 10.0893192291, 27.2447948456, 16.4653358459], [4.93645000458, -5.9719004631, -9.97038078308, -6.07857751846, -11.6346406937, 12.178147316, 19.5106163025, 1.36696863174, -7.11135625839, 10.0893192291, 33.5695915222, 12.7076654434, -7.87603569031], [-79.2671890259, -62.0265464783, 84.5419387817, 81.4785995483, 14.1033143997, 17.0381450653, -15.7063312531, 15.571182251, 1.97898936272, 27.2447948456, 12.7076654434, 51.8807220459, 25.6746082306], [-84.448600769, -28.2900428772, 65.5858230591, 54.4120254517, 26.8696651459, 13.1606197357, -9.3844165802, 22.6935558319, 24.0932826996, 16.4653358459, -7.87603569031, 25.6746082306, 36.8876876831]],
        "icov": [[0.00145652121864, -0.000401552446419, -0.000177177687874, -0.000244310504058, 0.000410619861213, 0.000473135150969, 0.00531007582322, 0.000697695999406, -0.0045054750517, -0.00442722346634, -0.00349384197034, 0.00424036057666, 0.00537724094465], [-0.000401552446419, 0.0182633195072, -0.00401737727225, 0.0120277237147, -0.0164228435606, 0.00604282645509, -0.00520342215896, -0.000542798778042, -0.00555293262005, -0.00415220670402, 0.000201058879611, 0.00604203250259, 0.0126231350005], [-0.000177177687874, -0.00401737727225, 0.0085120825097, -0.0043528964743, 0.00702226441354, -0.00849934853613, 0.00266572716646, -0.0103829959407, 0.0105617158115, -0.0139563726261, 0.01076971367, -0.000381071557058, -0.00532116694376], [-0.000244310504058, 0.0120277237147, -0.0043528964743, 0.017130644992, -0.0168673358858, 0.00207961769775, 0.000265686976491, -0.0107331806794, 0.0111919213086, -0.00549774477258, 0.00210930686444, 0.00136772322003, 0.00399308232591], [0.000410619861213, -0.0164228435606, 0.00702226441354, -0.0168673358858, 0.0412803925574, -0.0242381468415, 0.0110003389418, 0.000145377518493, 0.00509802624583, 0.0104850986972, 0.00290764123201, 0.00336051639169, -0.0277008023113], [0.000473135150969, 0.00604282645509, -0.00849934853613, 0.00207961769775, -0.0242381468415, 0.0743841007352, -0.0199717301875, 0.0264197811484, -0.0177867282182, -0.0315816402435, -0.0227643605322, 0.00823645666242, 0.00266534485854], [0.00531007582322, -0.00520342215896, 0.00266572716646, 0.000265686976491, 0.0110003389418, -0.0199717301875, 0.0688484534621, -0.0266611650586, 0.000311376177706, -0.0349462665617, -0.0373041667044, 0.0541481561959, 0.00580669147894], [0.000697695999406, -0.000542798778042, -0.0103829959407, -0.0107331806794, 0.000145377518493, 0.0264197811484, -0.0266611650586, 0.0687788277864, -0.0626779347658, 0.03327197209, -0.0125945704058, -0.023422582075, 0.0165466014296], [-0.0045054750517, -0.00555293262005, 0.0105617158115, 0.0111919213086, 0.00509802624583, -0.0177867282182, 0.000311376177706, -0.0626779347658, 0.108908422291, -0.0260933730751, 0.0231078322977, 0.0155398352072, -0.0739581361413], [-0.00442722346634, -0.00415220670402, -0.0139563726261, -0.00549774477258, 0.0104850986972, -0.0315816402435, -0.0349462665617, 0.03327197209, -0.0260933730751, 0.194161012769, -0.00882462412119, -0.08204100281, -0.0205311309546], [-0.00349384197034, 0.000201058879611, 0.01076971367, 0.00210930686444, 0.00290764123201, -0.0227643605322, -0.0373041667044, -0.0125945704058, 0.0231078322977, -0.00882462412119, 0.103244006634, -0.0624267235398, 0.0284978896379], [0.00424036057666, 0.00604203250259, -0.000381071557058, 0.00136772322003, 0.00336051639169, 0.00823645666242, 0.0541481561959, -0.023422582075, 0.0155398352072, -0.08204100281, -0.0624267235398, 0.129380047321, -0.0411096028984], [0.00537724094465, 0.0126231350005, -0.00532116694376, 0.00399308232591, -0.0277008023113, 0.00266534485854, 0.00580669147894, 0.0165466014296, -0.0739581361413, -0.0205311309546, 0.0284978896379, -0.0411096028984, 0.155364185572]]
    },
    "melbands": {
        "dmean": [4.99920270158e-06, 4.31099033449e-06, 2.25360349759e-06, 1.70022065049e-06, 1.70859959781e-06, 1.15551017643e-06, 1.26530096622e-06, 1.82641394986e-06, 0.000288416660624, 0.000449396990007, 1.68352153196e-06, 4.08955457942e-07, 1.60218036171e-07, 4.36182034491e-07, 0.00010840781033, 6.4143066993e-05, 3.63878285725e-07, 1.37956462254e-07, 3.66104359273e-06, 3.15505371873e-06, 3.82120681763e-08, 3.37923395932e-08, 2.85602403949e-08, 1.39735503168e-08, 2.34347190542e-08, 1.62257070002e-08, 9.02504826428e-09, 8.73545680236e-09, 6.59761045796e-09, 4.91923524137e-09, 3.70068820033e-09, 3.17982551401e-09, 2.74561506863e-09, 2.35261921055e-09, 2.31953922736e-09, 1.79077186413e-09, 1.70955494205e-09, 1.41922107399e-09, 1.21944510045e-09, 1.11466169628e-09],
        "dmean2": [8.9172144726e-06, 7.29085286366e-06, 3.843342256e-06, 3.1226450119e-06, 2.47025582212e-06, 1.9109047571e-06, 1.90718628801e-06, 2.38832535615e-06, 0.000219227949856, 0.000352338072844, 2.21039022108e-06, 6.7672658588e-07, 2.42906878611e-07, 4.77522405617e-07, 0.000112398178317, 7.10743261152e-05, 3.80935603062e-07, 1.45955482367e-07, 5.24228607901e-06, 4.55677718492e-06, 4.55393234233e-08, 4.42173835324e-08, 3.93754540085e-08, 1.59269628597e-08, 3.67410279978e-08, 2.34486225992e-08, 1.082684431e-08, 1.23354340076e-08, 8.9117424551e-09, 6.09152905895e-09, 4.4771431007e-09, 3.69298214231e-09, 3.07130498811e-09, 2.77850142893e-09, 2.97880298206e-09, 2.13419726336e-09, 2.16805329245e-09, 1.72330372195e-09, 1.45908007898e-09, 1.42483935761e-09],
        "dvar": [1.35603576978e-11, 1.19775248747e-11, 5.71094560531e-12, 1.56203973367e-11, 3.43184183328e-12, 8.46988364861e-12, 1.64436641387e-11, 6.42198169643e-11, 1.21146911169e-07, 2.73814606544e-07, 2.65931443533e-11, 1.16708975383e-12, 3.177916914e-13, 9.07927465849e-12, 2.60687293974e-08, 6.81704159788e-09, 7.18008031503e-12, 1.00039323613e-12, 1.31890626892e-11, 1.03925956382e-11, 5.65225085703e-14, 3.02628337971e-14, 1.32709810277e-14, 8.22479240883e-15, 2.65871296638e-15, 2.8845624433e-15, 2.16628252744e-15, 1.07238532172e-15, 8.4866676793e-16, 6.94616303478e-16, 4.08668965444e-16, 3.47493625485e-16, 2.80298104732e-16, 1.87189953534e-16, 1.4586297781e-16, 1.05457937891e-16, 7.88960566914e-17, 6.09245255623e-17, 4.49332648196e-17, 3.26525841036e-17],
        "dvar2": [4.17635717676e-11, 3.98008258296e-11, 1.78542458595e-11, 4.79559517097e-11, 6.62808002927e-12, 1.70904315006e-11, 2.19613823654e-11, 7.09873063109e-11, 7.92765462165e-08, 1.74627047045e-07, 2.63935054368e-11, 2.21680161207e-12, 3.93235384576e-13, 9.17988601801e-12, 2.7871884356e-08, 1.07250954784e-08, 7.29630418583e-12, 1.01938824135e-12, 2.36429313627e-11, 1.91550404011e-11, 5.86564014048e-14, 3.33424084241e-14, 1.46254908954e-14, 8.36224213924e-15, 3.60575318789e-15, 3.06643185202e-15, 2.11379486031e-15, 1.24004405868e-15, 9.35350319807e-16, 7.07214859777e-16, 4.13684882799e-16, 3.47455958988e-16, 2.7538504894e-16, 1.95737190951e-16, 1.54530798308e-16, 1.05922654577e-16, 8.12223069496e-17, 6.24033722963e-17, 4.5625476026e-17, 3.3192180487e-17],
        "max": [1.87543682841e-05, 1.60203981068e-05, 1.69940467458e-05, 2.3619924832e-05, 1.39530748129e-05, 1.67463385878e-05, 2.56880466623e-05, 6.04768138146e-05, 0.0054762721993, 0.00833568163216, 4.35875263065e-05, 7.26676807972e-06, 4.27188842878e-06, 2.37458261836e-05, 0.00198469799943, 0.000960153643973, 2.09546105907e-05, 7.82873394201e-06, 2.30544283113e-05, 2.03095169127e-05, 1.85626061011e-06, 1.36092739922e-06, 9.25668871332e-07, 7.1133115398e-07, 5.25081816249e-07, 4.72138111718e-07, 3.84906741147e-07, 2.63630568043e-07, 2.29540333407e-07, 2.1076849066e-07, 1.62778732715e-07, 1.48938681832e-07, 1.34692427878e-07, 1.08988828629e-07, 9.43951761201e-08, 8.13252469811e-08, 6.99065196841e-08, 6.1558125708e-08, 5.30431414347e-08, 4.50516459694e-08],
        "mean": [6.69692826705e-06, 5.20238972967e-06, 3.72512613467e-06, 2.40792587647e-06, 4.8329980018e-06, 1.89506181414e-06, 1.60141860306e-06, 1.87344255664e-06, 0.0015503159957, 0.00248418143019, 8.12665712147e-06, 5.7480696114e-07, 1.76326437895e-07, 4.4514698061e-07, 0.000432691653259, 0.000261911249254, 3.66128375617e-07, 1.40867470577e-07, 5.78735352974e-06, 4.64057029603e-06, 3.83839271478e-08, 3.58385712218e-08, 3.62560435008e-08, 1.52449377566e-08, 3.7235899697e-08, 2.47260629749e-08, 1.25794992201e-08, 1.13204965402e-08, 9.0034069089e-09, 6.58319621039e-09, 5.10946840393e-09, 4.26532409392e-09, 3.79905973347e-09, 3.47281936541e-09, 3.17317527809e-09, 2.59724308727e-09, 2.38566344457e-09, 2.18223106252e-09, 1.90202098516e-09, 1.71735792254e-09],
        "median": [6.15315411778e-06, 4.09950234825e-06, 2.84462612399e-06, 1.69556551555e-06, 4.00204407924e-06, 1.34501669891e-06, 5.25387861217e-07, 2.53580736853e-07, 0.000998774543405, 0.00160403759219, 7.64015840105e-06, 3.29054131498e-07, 6.06948091786e-08, 3.7977297751e-08, 0.000315970304655, 0.000215093255974, 1.87570101673e-08, 1.01980592859e-08, 4.27533905167e-06, 3.36491075359e-06, 4.62860683115e-09, 8.30942870067e-09, 1.45402037077e-08, 3.06981862153e-09, 1.59217350415e-08, 1.18973293439e-08, 5.84574921803e-09, 5.95672045023e-09, 4.38497771427e-09, 2.67645106078e-09, 2.2434323288e-09, 1.7265725516e-09, 1.50697010426e-09, 1.63896451966e-09, 1.50243006924e-09, 1.21801824182e-09, 1.18604848165e-09, 1.21251930718e-09, 1.0163432318e-09, 1.01249564288e-09],
        "min": [7.09454894832e-08, 8.79588100133e-08, 1.96533562757e-08, 4.28093471783e-09, 7.22915372009e-09, 4.54571775776e-08, 6.00598895062e-08, 1.77084462649e-08, 8.35925447973e-07, 1.29546288008e-06, 4.90380557494e-07, 9.55408410164e-08, 1.07179189968e-08, 1.17960095025e-08, 4.7251273827e-07, 2.91783265993e-07, 5.6769247081e-09, 2.45834419488e-09, 4.95001373224e-08, 4.07074551845e-08, 2.05398831277e-09, 9.46876244079e-10, 3.83330700515e-10, 3.89789978072e-10, 5.89174931065e-10, 6.49253428797e-10, 2.94926333355e-10, 2.97086744094e-10, 2.62596361322e-10, 1.62954510996e-10, 1.98316113531e-10, 1.12304859856e-10, 1.08226282103e-10, 3.24431176368e-11, 4.46448711333e-11, 7.02452887524e-11, 8.31166663273e-11, 4.947070531e-11, 2.7376708539e-11, 4.93106250277e-11],
        "var": [2.52165476e-11, 1.62512139162e-11, 6.6995410955e-12, 1.01967670418e-11, 1.05321437335e-11, 7.03757364884e-12, 1.68938023293e-11, 6.35426988804e-11, 2.14108740693e-06, 5.46016599401e-06, 2.84903836634e-11, 1.16412695456e-12, 3.12411067068e-13, 9.05855685601e-12, 2.14104986185e-07, 5.38861826271e-08, 7.06525072822e-12, 9.85199010047e-13, 2.54508723124e-11, 1.91562234825e-11, 5.54400953314e-14, 3.01388044567e-14, 1.39065521997e-14, 8.09215551962e-15, 5.15975540831e-15, 3.51527228143e-15, 2.32535044449e-15, 1.13170483896e-15, 8.37749995548e-16, 7.00619490673e-16, 4.15750266762e-16, 3.4962481332e-16, 2.86013486014e-16, 1.86201638138e-16, 1.41458194726e-16, 1.03805733953e-16, 7.69637230758e-17, 5.93442532503e-17, 4.39253584781e-17, 3.16442013061e-17]
    },
    "mfcc": {
        "mean": [-892.349243164, 177.645782471, -8.43807792664, -34.1831665039, -16.1684246063, 1.68764066696, 0.835457980633, -6.28519916534, 13.3127727509, 34.9624595642, 21.8532218933, 2.58150744438, -13.1979446411],
        "cov": [[1118.42614746, 80.5704116821, -156.563735962, -19.4109783173, -7.14941596985, -35.3116989136, -77.5829925537, -57.2174720764, -89.1488418579, -50.8718414307, 36.7367286682, 51.4521942139, -20.2180786133], [80.5704116821, 225.531707764, 46.767868042, -2.90654706955, -5.35650110245, -31.9092960358, -28.3834915161, -16.8251457214, 3.45000195503, 40.2649993896, 33.7103233337, -17.2817211151, -34.7118263245], [-156.563735962, 46.767868042, 176.678634644, 57.5261573792, 6.84974050522, 10.72016716, 2.51793980598, 15.300784111, 39.6383628845, 34.9581031799, -4.1647567749, 16.5224514008, 44.665851593], [-19.4109783173, -2.90654706955, 57.5261573792, 97.544418335, 54.4278144836, 16.1586074829, 9.47256660461, 6.22190856934, 27.1065750122, 19.970085144, -16.1068382263, 0.925227582455, 16.351474762], [-7.14941596985, -5.35650110245, 6.84974050522, 54.4278144836, 65.2999954224, 19.4469280243, 2.45505833626, 3.59471130371, 20.8457298279, 14.2793445587, -17.2118530273, -7.16149806976, 6.16993284225], [-35.3116989136, -31.9092960358, 10.72016716, 16.1586074829, 19.4469280243, 42.005569458, 20.8027324677, -1.48756158352, 6.50973796844, -4.37378025055, -18.6226673126, -0.169487386942, 14.3852748871], [-77.5829925537, -28.3834915161, 2.51793980598, 9.47256660461, 2.45505833626, 20.8027324677, 44.8372650146, 14.2349586487, -0.982034265995, 0.265251785517, 0.0901041701436, -2.42412281036, 0.897721886635], [-57.2174720764, -16.8251457214, 15.300784111, 6.22190856934, 3.59471130371, -1.48756158352, 14.2349586487, 26.4523410797, 13.7710390091, 8.66172599792, 5.88458442688, 8.67267036438, 11.4964179993], [-89.1488418579, 3.45000195503, 39.6383628845, 27.1065750122, 20.8457298279, 6.50973796844, -0.982034265995, 13.7710390091, 45.1960449219, 34.1952667236, -5.18141508102, 1.9120323658, 12.3511352539], [-50.8718414307, 40.2649993896, 34.9581031799, 19.970085144, 14.2793445587, -4.37378025055, 0.265251785517, 8.66172599792, 34.1952667236, 54.6721420288, 17.9335727692, -8.77312374115, -7.32012796402], [36.7367286682, 33.7103233337, -4.1647567749, -16.1068382263, -17.2118530273, -18.6226673126, 0.0901041701436, 5.88458442688, -5.18141508102, 17.9335727692, 43.969379425, 4.01540756226, -20.2454395294], [51.4521942139, -17.2817211151, 16.5224514008, 0.925227582455, -7.16149806976, -0.169487386942, -2.42412281036, 8.67267036438, 1.9120323658, -8.77312374115, 4.01540756226, 41.4736328125, 24.7486858368], [-20.2180786133, -34.7118263245, 44.665851593, 16.351474762, 6.16993284225, 14.3852748871, 0.897721886635, 11.4964179993, 12.3511352539, -7.32012796402, -20.2454395294, 24.7486858368, 64.6450119019]],
