{
"lowlevel": {
    "average_loudness": 0.986286699772,
    "barkbands_crest": {
        "dmean": 0.288194566965,
        "dmean2": 0.403251975775,
        "dvar": 0.261538267136,
        "dvar2": 0.267066180706,
        "max": 19.1820869446,
        "mean": 17.5471801758,
        "median": 17.4518871307,
        "min": 9.21874427795,
        "var": 0.657475173473
    },
    "barkbands_flatness_db": {
        "dmean": 0.01971655339,
        "dmean2": 0.0351951085031,
        "dvar": 0.000200989437872,
        "dvar2": 0.0006115497672,
        "max": 0.33010032773,
        "mean": 0.285617172718,
        "median": 0.289066195488,
        "min": 0.153408497572,
        "var": 0.000504312338307
    },
    "barkbands_kurtosis": {
        "dmean": 2.31660962105,
        "dmean2": 3.36336278915,
        "dvar": 4.65446233749,
        "dvar2": 10.5281209946,
        "max": 34.8424987793,
        "mean": 9.48318481445,
        "median": 6.26242733002,
        "min": 1.66187858582,
        "var": 61.5865364075
    },
    "barkbands_skewness": {
        "dmean": 0.259426474571,
        "dmean2": 0.381733775139,
        "dvar": 0.0444988161325,
        "dvar2": 0.0977253988385,
        "max": 5.00740718842,
        "mean": 2.59491586685,
        "median": 2.27876281738,
        "min": 1.56597197056,
        "var": 0.763017714024
    },
    "barkbands_spread": {
        "dmean": 0.692509293556,
        "dmean2": 1.13457250595,
        "dvar": 0.539267957211,
        "dvar2": 1.55731451511,
        "max": 11.1698217392,
        "mean": 5.58502435684,
        "median": 5.74758577347,
        "min": 2.85146212578,
        "var": 1.18599152565
    },
    "dissonance": {
        "dmean": 0.0461885519326,
        "dmean2": 0.0801705494523,
        "dvar": 0.00121175241657,
        "dvar2": 0.00310180149972,
        "max": 0.497721970081,
        "mean": 0.413026660681,
        "median": 0.419589877129,
        "min": 0.132100686431,
        "var": 0.00199740193784
    },
    "dynamic_complexity": 0.647551000118,
    "erbbands_crest": {
        "dmean": 1.08142137527,
        "dmean2": 1.67728745937,
        "dvar": 0.951444864273,
        "dvar2": 2.15725398064,
        "max": 28.5207576752,
        "mean": 23.6637058258,
        "median": 25.5443286896,
        "min": 7.9822974205,
        "var": 21.4200954437
    },
    "erbbands_flatness_db": {
        "dmean": 0.0160518437624,
        "dmean2": 0.0280323270708,
        "dvar": 0.00014055565407,
        "dvar2": 0.00038289593067,
        "max": 0.295730561018,
        "mean": 0.241330161691,
        "median": 0.2503875494,
        "min": 0.118723154068,
        "var": 0.00106625515036
    },
    "erbbands_kurtosis": {
        "dmean": 0.506848812103,
        "dmean2": 0.73560488224,
        "dvar": 0.151480004191,
        "dvar2": 0.385782003403,
        "max": 5.39082431793,
        "mean": 2.83060073853,
        "median": 3.1037569046,
        "min": -1.16595423222,
        "var": 1.8671901226
    },
    "erbbands_skewness": {
        "dmean": 0.381715804338,
        "dmean2": 0.67923861742,
        "dvar": 0.106604404747,
        "dvar2": 0.327834099531,
        "max": 0.957032382488,
        "mean": 0.189370304346,
        "median": 0.237625211477,
        "min": -1.11597216129,
        "var": 0.20550070703
    },
    "erbbands_spread": {
        "dmean": 4.60851716995,
        "dmean2": 8.03908443451,
        "dvar": 23.1517124176,
        "dvar2": 67.9020462036,
        "max": 67.8603820801,
        "mean": 21.4459323883,
        "median": 17.3068637848,
        "min": 10.7702789307,
        "var": 107.858650208
    },
    "hfc": {
        "dmean": 2.34475445747,
        "dmean2": 2.88424706459,
        "dvar": 4.63372850418,
        "dvar2": 8.55939769745,
        "max": 36.2618293762,
        "mean": 26.0200862885,
        "median": 26.9061279297,
        "min": 0.694303631783,
        "var": 29.9680957794
    },
    "melbands_crest": {
        "dmean": 0.721116125584,
        "dmean2": 0.71659630537,
        "dvar": 0.500440955162,
        "dvar2": 0.44756102562,
        "max": 29.4188480377,
        "mean": 27.1257152557,
        "median": 27.2042007446,
        "min": 14.1702384949,
        "var": 1.31335818768
    },
    "melbands_flatness_db": {
        "dmean": 0.0240068845451,
        "dmean2": 0.0430100411177,
        "dvar": 0.000291571341222,
        "dvar2": 0.000910849892534,
        "max": 0.452598065138,
        "mean": 0.402454644442,
        "median": 0.405263572931,
        "min": 0.264033228159,
        "var": 0.000573751982301
    },
    "melbands_kurtosis": {
        "dmean": 4.07397127151,
        "dmean2": 6.5350933075,
        "dvar": 23.6215381622,
        "dvar2": 51.7885627747,
        "max": 74.2538528442,
        "mean": 17.9638061523,
        "median": 11.125658989,
        "min": 4.67331123352,
        "var": 256.278869629
    },
    "melbands_skewness": {
        "dmean": 0.297422736883,
        "dmean2": 0.45712569356,
        "dvar": 0.0858919024467,
        "dvar2": 0.192909285426,
        "max": 7.43037080765,
        "mean": 3.50686311722,
        "median": 3.06973910332,
        "min": 2.33839917183,
        "var": 1.30756902695
    },
    "melbands_spread": {
        "dmean": 0.503919959068,
        "dmean2": 0.697762191296,
        "dvar": 0.187521010637,
        "dvar2": 0.451441764832,
        "max": 9.06623077393,
        "mean": 5.25044536591,
        "median": 5.5524353981,
        "min": 2.27596759796,
        "var": 1.6707624197
    },
    "pitch_salience": {
        "dmean": 0.0157573278993,
        "dmean2": 0.0178226288408,
        "dvar": 0.000440443545813,
        "dvar2": 0.000500365567859,
        "max": 0.683082163334,
        "mean": 0.358672738075,
        "median": 0.357897132635,
        "min": 0.291131138802,
        "var": 0.000914446194656
    },
    "silence_rate_20dB": {
        "dmean": 0,
        "dmean2": 0,
        "dvar": 0,
        "dvar2": 0,
        "max": 1,
        "mean": 1,
        "median": 1,
        "min": 1,
        "var": 0
    },
    "silence_rate_30dB": {
        "dmean": 0.0755555555224,
        "dmean2": 0.151447668672,
        "dvar": 0.0698469355702,
        "dvar2": 0.177506998181,
        "max": 1,
        "mean": 0.0842572078109,
        "median": 0,
        "min": 0,
        "var": 0.077157817781
    },
    "silence_rate_60dB": {
        "dmean": 0,
        "dmean2": 0,
        "dvar": 0,
        "dvar2": 0,
        "max": 0,
        "mean": 0,
        "median": 0,
        "min": 0,
        "var": 0
    },
    "spectral_centroid": {
        "dmean": 84.0384292603,
        "dmean2": 148.040924072,
        "dvar": 8249.16503906,
        "dvar2": 25723.6191406,
        "max": 1144.63684082,
        "mean": 462.125854492,
        "median": 445.589141846,
        "min": 291.985321045,
        "var": 7924.31005859
    },
    "spectral_complexity": {
        "dmean": 2.01555562019,
        "dmean2": 3.5144765377,
        "dvar": 5.39309263229,
        "dvar2": 14.891207695,
        "max": 26,
        "mean": 8.30155181885,
        "median": 8,
        "min": 2,
        "var": 6.09974098206
    },
    "spectral_decrease": {
        "dmean": 3.1833573555e-09,
        "dmean2": 3.15063219958e-09,
        "dvar": 5.92278772099e-18,
        "dvar2": 7.21678688506e-18,
        "max": -7.41809447202e-10,
        "mean": -3.30404574811e-08,
        "median": -3.26830082997e-08,
        "min": -4.25701678353e-08,
        "var": 2.69601670104e-17
    },
    "spectral_energy": {
        "dmean": 0.0121982432902,
        "dmean2": 0.0120827583596,
        "dvar": 8.74324832694e-05,
        "dvar2": 0.000106741477794,
        "max": 0.163790792227,
        "mean": 0.127061992884,
        "median": 0.125891596079,
        "min": 0.00286273634993,
        "var": 0.000401864701416
    },
    "spectral_energyband_high": {
        "dmean": 9.81349876383e-05,
        "dmean2": 0.000175350636709,
        "dvar": 1.08955040545e-08,
        "dvar2": 3.06873886302e-08,
        "max": 0.000992736429907,
        "mean": 0.000168734230101,
        "median": 0.000147755592479,
        "min": 1.4517130694e-05,
        "var": 1.12309415101e-08
    },
    "spectral_energyband_low": {
        "dmean": 0.0111924763769,
        "dmean2": 0.0111695257947,
        "dvar": 6.82420723024e-05,
        "dvar2": 8.15719613456e-05,
        "max": 0.134336054325,
        "mean": 0.104858264327,
        "median": 0.102999947965,
        "min": 0.00194985605776,
        "var": 0.000251022865996
    },
    "spectral_energyband_middle_high": {
        "dmean": 0.000287964299787,
        "dmean2": 0.000521879876032,
        "dvar": 8.26653874242e-08,
        "dvar2": 2.44125885729e-07,
        "max": 0.00283913756721,
        "mean": 0.000578436651267,
        "median": 0.000496432476211,
        "min": 0.000100991019281,
        "var": 9.364133291e-08
    },
    "spectral_energyband_middle_low": {
        "dmean": 0.00302374293096,
        "dmean2": 0.00311900884844,
        "dvar": 4.45125306214e-06,
        "dvar2": 5.96856443735e-06,
        "max": 0.03665728122,
        "mean": 0.0240542292595,
        "median": 0.0250136889517,
        "min": 0.000678922282532,
        "var": 4.84784177388e-05
    },
    "spectral_entropy": {
        "dmean": 0.266029149294,
        "dmean2": 0.482374489307,
        "dvar": 0.0341453589499,
        "dvar2": 0.111538857222,
        "max": 7.58113956451,
        "mean": 6.65266466141,
        "median": 6.62160921097,
        "min": 6.03593635559,
        "var": 0.0768334567547
    },
    "spectral_flux": {
        "dmean": 0.0144786369056,
        "dmean2": 0.0238326136023,
        "dvar": 0.000248012773227,
        "dvar2": 0.00034646698623,
        "max": 0.343609988689,
        "mean": 0.0450663939118,
        "median": 0.045290261507,
        "min": 0.0236662533134,
        "var": 0.000391025503632
    },
    "spectral_kurtosis": {
        "dmean": 2.06202745438,
        "dmean2": 3.68504571915,
        "dvar": 3.03707051277,
        "dvar2": 9.35027503967,
        "max": 14.0503673553,
        "mean": 4.63065195084,
        "median": 4.3898563385,
        "min": 0.730537176132,
        "var": 3.67823052406
    },
    "spectral_rms": {
        "dmean": 0.000542383408174,
        "dmean2": 0.000535886385478,
        "dvar": 3.11439833922e-07,
        "dvar2": 3.54732435426e-07,
        "max": 0.012641039677,
        "mean": 0.0110921803862,
        "median": 0.0110824666917,
        "min": 0.00167120120022,
        "var": 9.26645441268e-07
    },
    "spectral_rolloff": {
        "dmean": 71.1552734375,
        "dmean2": 123.587905884,
        "dvar": 18379.5078125,
        "dvar2": 32431.1953125,
        "max": 689.0625,
        "mean": 420.447021484,
        "median": 516.796875,
        "min": 129.19921875,
        "var": 61872.3828125
    },
    "spectral_skewness": {
        "dmean": 0.382602959871,
        "dmean2": 0.686687469482,
        "dvar": 0.0840288177133,
        "dvar2": 0.269072026014,
        "max": 3.21801567078,
        "mean": 1.61691844463,
        "median": 1.61654400826,
        "min": 0.49913328886,
        "var": 0.118491411209
    },
    "spectral_spread": {
        "dmean": 263494.9375,
        "dmean2": 399543.15625,
        "dvar": 67907772416,
        "dvar2": 93394280448,
        "max": 8935321,
        "mean": 3567059.75,
        "median": 3539268.5,
        "min": 2778719,
        "var": 164848123904
    },
    "spectral_strongpeak": {
        "dmean": 0.313593655825,
        "dmean2": 0.524973988533,
        "dvar": 0.164076894522,
        "dvar2": 0.357499599457,
        "max": 3.14193868637,
        "mean": 1.38030874729,
        "median": 1.37259089947,
        "min": 0,
        "var": 0.190550833941
    },
    "zerocrossingrate": {
        "dmean": 0.00119140627794,
        "dmean2": 0.00182697665878,
        "dvar": 1.17030720048e-06,
        "dvar2": 2.1240125534e-06,
        "max": 0.017578125,
        "mean": 0.0123889185488,
        "median": 0.0126953125,
        "min": 0.00341796875,
        "var": 3.45808507518e-06
    },
    "barkbands": {
        "dmean": [0.000167719292222, 0.00166145293042, 0.0086303576827, 0.00264109112322, 0.000241099842242, 5.19894929312e-05, 9.73146234173e-05, 0.000215304404264, 0.000812101585325, 4.00408316636e-05, 2.84472498606e-05, 2.79670803138e-05, 2.65245325863e-05, 2.87417424261e-05, 2.73073037533e-05, 1.36183662107e-05, 1.58959392138e-05, 1.7389344066e-05, 0.000101278361399, 7.12108594598e-05, 4.85740820295e-05, 4.95707990922e-06, 2.44958732765e-06, 5.03111050421e-06, 5.60481623779e-07, 4.30468219292e-07, 2.68036615125e-07],
        "dmean2": [0.000263378431555, 0.00195769313723, 0.00849744398147, 0.00267510139383, 0.000359860947356, 7.0836271334e-05, 0.00015834903752, 0.000369788060198, 0.00105651677586, 7.15192363714e-05, 4.96093489346e-05, 4.89127742185e-05, 4.75683809782e-05, 4.85521632072e-05, 4.896675091e-05, 2.48439464485e-05, 2.81562315649e-05, 3.03791020997e-05, 0.000182710777153, 0.000125725186081, 8.6464038759e-05, 8.85661756911e-06, 4.33519244325e-06, 7.51041079639e-06, 8.76257672644e-07, 7.08281277184e-07, 4.58388996094e-07],
        "dvar": [2.68688484795e-08, 2.00959175345e-06, 4.09227868658e-05, 2.19942762669e-06, 4.48251924468e-08, 1.28957244883e-09, 9.28882659679e-09, 4.88852407443e-08, 1.01854459444e-06, 1.28636290508e-09, 1.00827368676e-09, 5.26990007188e-10, 7.46424089204e-10, 8.52664161499e-10, 8.66182348069e-10, 2.12374048902e-10, 3.26280058527e-10, 2.87281837208e-10, 1.15213909524e-08, 5.8428279992e-09, 2.98818192412e-09, 2.96062861727e-11, 6.49145017254e-12, 1.89110636872e-11, 2.76655515987e-13, 2.05943104909e-13, 8.6170559078e-14],
        "dvar2": [6.04307430763e-08, 2.78880861515e-06, 4.6234610636e-05, 2.48199376074e-06, 1.00822504123e-07, 2.91075163972e-09, 2.69404178965e-08, 1.43566538213e-07, 1.29026682316e-06, 3.96017219018e-09, 2.85298606961e-09, 1.49965873053e-09, 2.11291273366e-09, 2.60814858599e-09, 2.53701037956e-09, 6.35951014072e-10, 9.26410559376e-10, 8.19218470838e-10, 3.48095063885e-08, 1.69314624543e-08, 8.62334825769e-09, 8.50689588217e-11, 1.96812479508e-11, 4.28197859115e-11, 6.27462871158e-13, 5.35752486212e-13, 1.65770947858e-13],
        "max": [0.00278349802829, 0.0228034853935, 0.104897454381, 0.0111510194838, 0.00363748753443, 0.000332571333274, 0.00090033741435, 0.00208072713576, 0.025618603453, 0.000251776538789, 0.000326284993207, 0.000174773304025, 0.000315547455102, 0.00033187653753, 0.000260101165622, 0.00011210158118, 0.00020903260156, 0.000130158659886, 0.00092572462745, 0.00059046340175, 0.000578741892241, 4.95540698466e-05, 2.08905603358e-05, 2.87334605673e-05, 6.01751162321e-06, 5.7790352912e-06, 6.54692894386e-06],
        "mean": [0.00140702840872, 0.0183358080685, 0.0825229138136, 0.00479037966579, 0.00171445787419, 0.000165926656337, 0.000265470327577, 0.000437463721028, 0.016660856083, 7.66610319261e-05, 4.45587793365e-05, 5.87652211834e-05, 5.72189310333e-05, 6.07609508734e-05, 3.59212317562e-05, 1.91224025912e-05, 3.34752585331e-05, 3.14611716021e-05, 0.000133061097586, 0.000110186738311, 7.4290757766e-05, 8.03169768915e-06, 4.32189699495e-06, 9.00490886124e-06, 1.27050634546e-06, 7.870738159e-07, 2.05346441362e-06],
        "median": [0.0013944649836, 0.0184635110199, 0.0811854749918, 0.00431327149272, 0.00158334884327, 0.000162087366334, 0.000242794092628, 0.000361913291272, 0.0193474628031, 6.93504262017e-05, 3.61435013474e-05, 5.37513078598e-05, 4.81457427668e-05, 5.39196807949e-05, 2.87736711471e-05, 1.60984072863e-05, 2.90183797915e-05, 2.78563693428e-05, 0.000102516016341, 8.86036505108e-05, 6.24063031864e-05, 6.70703411743e-06, 3.72199042431e-06, 7.1049289545e-06, 1.09403617898e-06, 5.94747916693e-07, 2.02483170142e-06],
        "min": [0.000547443749383, 0.00097732769791, 0.000550286145881, 0.000222085509449, 0.000100995799585, 3.14760145557e-05, 2.82518922177e-05, 3.5490051232e-05, 0.000242138805334, 1.30849348352e-05, 6.13798465565e-06, 5.35270692126e-06, 8.47787669045e-06, 8.44273563416e-06, 3.46748174707e-06, 2.45984233516e-06, 2.53016128227e-06, 2.87031889457e-06, 1.60923827934e-05, 1.03012580439e-05, 4.36270192949e-06, 1.37970084779e-06, 1.14087231395e-06, 8.36126616832e-07, 2.88018810579e-07, 2.17975298256e-07, 8.95137304724e-07],
        "var": [2.71445976807e-08, 5.43817350263e-06, 0.000155415706104, 9.74379599938e-06, 2.57434379591e-07, 3.24968030263e-09, 1.14425562359e-08, 6.8191901903e-08, 4.34679459431e-05, 1.48041867654e-09, 1.08269693211e-09, 6.76956657397e-10, 1.49997403387e-09, 1.17629572749e-09, 8.77540040634e-10, 1.97008451219e-10, 5.15026354897e-10, 3.34447441963e-10, 1.14290639175e-08, 5.9183919987e-09, 2.80913758921e-09, 3.01197608521e-11, 6.73453784059e-12, 3.7097668687e-11, 5.22300518807e-13, 3.19350963859e-13, 1.16330691824e-13]
    },
    "erbbands": {
        "dmean": [0.031799133867, 0.57485884428, 6.32715797424, 12.759355545, 2.95901226997, 0.294907331467, 0.444892734289, 0.373746097088, 0.885232806206, 4.85497999191, 2.77854752541, 23.7455177307, 4.33554601669, 1.65788280964, 1.15536916256, 1.10843455791, 1.24263572693, 1.38531577587, 1.49496006966, 1.05117952824, 0.773156583309, 0.895785927773, 0.813281595707, 3.51566290855, 4.56091547012, 3.27867817879, 3.37944436073, 0.846167743206, 0.213478624821, 0.126050755382, 0.057191118598, 0.080830194056, 0.0908659920096, 0.0101769194007, 0.00480220420286, 0.00183792051394, 0.000890990369953, 0.000156936599524, 3.60265730706e-05, 1.44606256072e-05],
        "dmean2": [0.0475937761366, 0.626750648022, 6.45881605148, 12.4386730194, 3.3400554657, 0.430029332638, 0.606590211391, 0.582436203957, 1.43681228161, 7.85578870773, 4.65985488892, 31.7007713318, 5.32981872559, 2.92582201958, 2.05359578133, 1.9359767437, 2.20463275909, 2.27848911285, 2.68423676491, 1.90313780308, 1.40110099316, 1.58036768436, 1.43981289864, 6.35013246536, 8.16648864746, 5.78948020935, 6.09816932678, 1.47216582298, 0.381623387337, 0.224974751472, 0.100974142551, 0.12110362947, 0.136935725808, 0.0156731139868, 0.00760482111946, 0.00303396000527, 0.00148831086699, 0.000264268339379, 6.0168611526e-05, 1.62471551448e-05],
        "dvar": [0.000578849518206, 0.245251223445, 33.7287559509, 50.0858726501, 3.72066998482, 0.0671073943377, 0.108384102583, 0.0838928222656, 0.730243861675, 23.805644989, 7.15450525284, 929.837158203, 24.10496521, 2.61691713333, 1.21028470993, 0.858489096165, 1.61986601353, 1.72652971745, 2.40764760971, 1.14027261734, 0.692207217216, 1.07895505428, 0.653950929642, 14.8626241684, 21.9172286987, 12.4211196899, 12.9736337662, 0.74056661129, 0.0538973733783, 0.0197377409786, 0.00341931497678, 0.00476151844487, 0.00633350200951, 7.94655497884e-05, 2.13108269236e-05, 3.61068873644e-06, 8.81852315615e-07, 3.75126560925e-08, 1.56964852227e-09, 1.49461318322e-10],
        "dvar2": [0.0011110304622, 0.315037816763, 36.0668754578, 57.6376228333, 6.40185308456, 0.165427342057, 0.21955794096, 0.229743361473, 2.05455350876, 64.2139663696, 16.6981945038, 1145.61022949, 31.8381958008, 7.63191747665, 3.48135757446, 2.43139100075, 4.66793727875, 4.95555877686, 7.31556653976, 3.40843987465, 2.08684015274, 3.07805466652, 1.90810644627, 44.5897636414, 65.4303283691, 35.7395744324, 36.4887542725, 2.11704111099, 0.15673430264, 0.0578601136804, 0.00988499820232, 0.0108696240932, 0.0140644926578, 0.000177337249625, 4.92585604661e-05, 8.63996865519e-06, 2.39244991462e-06, 7.42447241464e-08, 2.83215162433e-09, 2.3889276668e-10],
        "max": [0.333414793015, 8.59808444977, 106.253791809, 72.927986145, 24.5683422089, 3.99471783638, 3.19271278381, 2.53148698807, 9.96775817871, 34.7030143738, 41.1917648315, 793.625488281, 112.102874756, 17.5198383331, 11.6120758057, 8.77505397797, 13.9204931259, 16.0463790894, 15.4367198944, 8.61941432953, 7.94083929062, 12.2198438644, 6.58293867111, 34.5296287537, 41.4435348511, 26.7937908173, 35.3321113586, 8.16211700439, 1.98036837578, 1.31471145153, 0.504639804363, 0.481019109488, 0.534465253353, 0.0675356090069, 0.0414666235447, 0.0226391889155, 0.0106229092926, 0.00355990743265, 0.000904781627469, 0.000223471652134],
        "mean": [0.250485092402, 6.91930484772, 87.4175567627, 42.8501739502, 14.7582769394, 1.82899749279, 1.2865370512, 1.18995523453, 2.75159215927, 9.34353351593, 28.3040180206, 519.489379883, 72.8543014526, 4.96051025391, 2.12970733643, 2.47493600845, 2.76785230637, 3.26178455353, 2.3440618515, 1.42857182026, 1.24392414093, 1.91719472408, 1.53623497486, 4.71163749695, 6.10935020447, 5.08333826065, 5.07420921326, 1.3845719099, 0.339475512505, 0.191728487611, 0.110652737319, 0.157857879996, 0.155983865261, 0.0209083370864, 0.0101076522842, 0.00374974752776, 0.00141023448668, 0.000478802918224, 0.000281157757854, 0.000179792084964],
        "median": [0.248549163342, 6.92769432068, 86.7958526611, 41.2408561707, 15.0954685211, 1.68024730682, 1.24335336685, 1.17337965965, 2.58098602295, 7.94409513474, 30.3921985626, 603.374450684, 83.3555221558, 4.69163036346, 1.85603475571, 2.2816028595, 2.3438501358, 2.82879137993, 2.00155878067, 1.14436888695, 1.06135451794, 1.64816403389, 1.33614134789, 3.66826438904, 4.9019317627, 4.13160037994, 4.23642110825, 1.1948570013, 0.287081807852, 0.156518474221, 0.0972640961409, 0.127999916673, 0.125279292464, 0.0175913386047, 0.00841635745019, 0.0028368907515, 0.00109964702278, 0.000432789121987, 0.000279776781099, 0.000177842957783],
        "min": [0.033402942121, 0.203967899084, 0.603120744228, 0.772779345512, 0.51448982954, 0.299405068159, 0.175160437822, 0.290406107903, 0.369141668081, 0.561049878597, 1.30378484726, 5.74796295166, 2.82215237617, 0.941423356533, 0.496825933456, 0.231920570135, 0.425184637308, 0.338660955429, 0.320673495531, 0.20331338048, 0.188101395965, 0.16314637661, 0.176466956735, 0.462574124336, 0.825696229935, 0.513120472431, 0.284075319767, 0.100299350917, 0.0556102097034, 0.0358908474445, 0.0272096283734, 0.0188695248216, 0.0139536745846, 0.0035316569265, 0.00231847423129, 0.000987501000054, 0.000263604801148, 0.000254762300756, 0.000116666269605, 1.64324210346e-05],
        "var": [0.0010073473677, 0.782592654228, 116.207809448, 235.445831299, 17.9401035309, 0.305146306753, 0.268536746502, 0.148202821612, 1.09055507183, 28.5361461639, 55.7922897339, 42364.1679688, 801.526000977, 3.56704187393, 1.29520571232, 1.1373462677, 3.30705094337, 3.03901672363, 2.59887218475, 1.1668908596, 0.703756213188, 1.63432240486, 0.712016105652, 14.1019001007, 22.7488746643, 12.5560789108, 13.1713199615, 0.774516046047, 0.0539465136826, 0.0196883473545, 0.003928294871, 0.00932223163545, 0.0122101949528, 0.000152994834934, 3.71184505639e-05, 6.58476983517e-06, 1.21847153878e-06, 4.55600428495e-08, 1.96658866969e-09, 4.66849947589e-10]
    },
    "gfcc": {
        "mean": [-19.4049797058, 141.557815552, -81.5567932129, 42.1913948059, -41.9957427979, 5.5203909874, 16.0312919617, 25.1770687103, -10.1193780899, -10.8184299469, -24.7195949554, -43.6556625366, -17.2291851044],
        "cov": [[202.367599487, -84.6432952881, -73.5246963501, 78.2113571167, 2.25625228882, 13.9346170425, -21.7207927704, 2.6112074852, -15.8956699371, 7.46459436417, -6.6757311821, -2.94361376762, -10.1543302536], [-84.6432952881, 81.0229187012, 8.18057346344, -44.3455543518, -0.492648929358, -19.1573886871, 34.3593215942, -10.6352510452, 22.7011756897, -4.97371482849, 3.64454174042, -4.95295286179, 8.6521654129], [-73.5246963501, 8.18057346344, 89.8662338257, -39.9023475647, -15.8112869263, 14.3676490784, -11.3460569382, 27.9951610565, -5.48187160492, -10.4930295944, -2.30923557281, -8.09030723572, 0.281132340431], [78.2113571167, -44.3455543518, -39.9023475647, 51.6602516174, 6.58189296722, 2.22549033165, -13.9242086411, -6.84165620804, -9.73308467865, 2.55222320557, -0.0900025963783, 1.20566368103, -4.28824281693], [2.25625228882, -0.492648929358, -15.8112869263, 6.58189296722, 16.0028057098, -4.80855989456, -5.41459131241, -14.5022592545, -2.33935523033, 7.74969005585, 1.95978927612, 7.19868612289, -3.58854866028], [13.9346170425, -19.1573886871, 14.3676490784, 2.22549033165, -4.80855989456, 19.4002227783, -7.27651023865, 11.463265419, -6.07533597946, -6.35827255249, -3.05087518692, -10.478890419, 0.357179671526], [-21.7207927704, 34.3593215942, -11.3460569382, -13.9242086411, -5.41459131241, -7.27651023865, 33.743938446, -0.588662922382, 12.1591749191, -8.08607387543, -4.55438280106, -9.18943786621, 5.77605962753], [2.6112074852, -10.6352510452, 27.9951610565, -6.84165620804, -14.5022592545, 11.463265419, -0.588662922382, 30.9888439178, 0.608823776245, -15.4627571106, -8.61419582367, -13.5914239883, 5.09844446182], [-15.8956699371, 22.7011756897, -5.48187160492, -9.73308467865, -2.33935523033, -6.07533597946, 12.1591749191, 0.608823776245, 15.2016658783, -3.96227288246, -3.14385867119, -5.14735078812, 5.09057569504], [7.46459436417, -4.97371482849, -10.4930295944, 2.55222320557, 7.74969005585, -6.35827255249, -8.08607387543, -15.4627571106, -3.96227288246, 18.4534492493, 5.24878883362, 11.9599514008, -7.42626810074], [-6.6757311821, 3.64454174042, -2.30923557281, -0.0900025963783, 1.95978927612, -3.05087518692, -4.55438280106, -8.61419582367, -3.14385867119, 5.24878883362, 10.1735525131, 5.56610155106, -2.40771603584], [-2.94361376762, -4.95295286179, -8.09030723572, 1.20566368103, 7.19868612289, -10.478890419, -9.18943786621, -13.5914239883, -5.14735078812, 11.9599514008, 5.56610155106, 23.8434658051, -4.6170129776], [-10.1543302536, 8.6521654129, 0.281132340431, -4.28824281693, -3.58854866028, 0.357179671526, 5.77605962753, 5.09844446182, 5.09057569504, -7.42626810074, -2.40771603584, -4.6170129776, 8.87675952911]],
        "icov": [[0.0305543467402, -0.0245831459761, 0.0397682525218, -0.0271080676466, 0.0358519107103, -0.0271837282926, 0.0297205261886, -0.0327671989799, 0.0274736117572, -0.0203381255269, 0.0366702564061, -0.00196392973885, 0.0357812419534], [-0.0245831459761, 0.21970449388, -0.0572570487857, 0.144880875945, -0.0683249235153, 0.159756734967, -0.0895355269313, 0.140253528953, -0.107820406556, 0.104774452746, -0.119221307337, 0.0921793729067, -0.0617152899504], [0.0397682525218, -0.0572570487857, 0.121759332716, 0.0255459900945, 0.107706405222, -0.0172114055604, 0.119395434856, -0.0362783074379, 0.106611356139, 0.0198621507734, 0.102132625878, 0.025642991066, 0.0936837643385], [-0.0271080676466, 0.144880875945, 0.0255459900945, 0.218682780862, 0.020123001188, 0.169854328036, 0.0399728827178, 0.154558226466, 0.0172332786024, 0.159794166684, -0.00955997221172, 0.12308254838, 0.00435295281932], [0.0358519107103, -0.0683249235153, 0.107706405222, 0.020123001188, 0.254122495651, 0.0103349117562, 0.162281647325, 0.0673024952412, 0.128712639213, 0.043081689626, 0.176749736071, 0.0392674356699, 0.102577112615], [-0.0271837282926, 0.159756734967, -0.0172114055604, 0.169854328036, 0.0103349117562, 0.285749465227, 0.0233976505697, 0.155313968658, 0.026190534234, 0.147934243083, -0.0167931728065, 0.165844067931, -0.0255156140774], [0.0297205261886, -0.0895355269313, 0.119395434856, 0.0399728827178, 0.162281647325, 0.0233976505697, 0.218980506063, 0.0269390791655, 0.130560830235, 0.0660425946116, 0.173793122172, 0.0587580353022, 0.101576894522], [-0.0327671989799, 0.140253528953, -0.0362783074379, 0.154558226466, 0.0673024952412, 0.155313968658, 0.0269390791655, 0.281180679798, -0.0158168133348, 0.183879822493, 0.0370062030852, 0.114656850696, -0.0238663516939], [0.0274736117572, -0.107820406556, 0.106611356139, 0.0172332786024, 0.128712639213, 0.026190534234, 0.130560830235, -0.0158168133348, 0.2729588449, 0.0101498542354, 0.1693264395, 0.0526622794569, 0.0418537706137], [-0.0203381255269, 0.104774452746, 0.0198621507734, 0.159794166684, 0.043081689626, 0.147934243083, 0.0660425946116, 0.183879822493, 0.0101498542354, 0.279085487127, 0.0142996413633, 0.0754851549864, 0.0848554596305], [0.0366702564061, -0.119221307337, 0.102132625878, -0.00955997221172, 0.176749736071, -0.0167931728065, 0.173793122172, 0.0370062030852, 0.1693264395, 0.0142996413633, 0.317254930735, 0.0164414662868, 0.0975502282381], [-0.00196392973885, 0.0921793729067, 0.025642991066, 0.12308254838, 0.0392674356699, 0.165844067931, 0.0587580353022, 0.114656850696, 0.0526622794569, 0.0754851549864, 0.0164414662868, 0.182832285762, 0.00417244527489], [0.0357812419534, -0.0617152899504, 0.0936837643385, 0.00435295281932, 0.102577112615, -0.0255156140774, 0.101576894522, -0.0238663516939, 0.0418537706137, 0.0848554596305, 0.0975502282381, 0.00417244527489, 0.278598874807]]
    },
    "melbands": {
        "dmean": [0.000267755705863, 0.00255251466297, 0.00197943812236, 7.3124676419e-05, 1.25209053294e-05, 8.94286677067e-06, 1.33749044835e-05, 5.45329603483e-05, 2.42895093834e-05, 0.000152940367116, 1.7378359189e-05, 6.90371416567e-06, 4.01023862651e-06, 3.31581281898e-06, 2.44587590714e-06, 2.76613377537e-06, 2.884020887e-06, 2.47012258114e-06, 1.86371187283e-06, 1.0073293879e-06, 9.28162990022e-07, 1.07751873202e-06, 6.75869443967e-07, 8.94814775165e-07, 2.99349449051e-06, 4.64988352178e-06, 2.09069526136e-06, 2.26719475904e-06, 2.70900682153e-06, 1.00209342691e-06, 3.17225726576e-07, 1.21763392258e-07, 7.50340376499e-08, 6.90021124683e-08, 3.47320536775e-08, 2.41117206201e-08, 6.70619826337e-08, 8.10319278344e-08, 2.12779944775e-08, 4.19010914854e-09],
        "dmean2": [0.000393916823668, 0.00258063129149, 0.00192509323824, 0.000102264253655, 1.75453278644e-05, 1.31491979118e-05, 2.22380767809e-05, 8.90361479833e-05, 3.64525840268e-05, 0.000202495793928, 2.05001997529e-05, 1.22492074297e-05, 7.08093739377e-06, 5.87945351072e-06, 4.24345353167e-06, 4.92446633871e-06, 4.6617424232e-06, 4.45935711468e-06, 3.35914887728e-06, 1.82826443051e-06, 1.67914799931e-06, 1.89408194728e-06, 1.20473146126e-06, 1.56530381901e-06, 5.40769769941e-06, 8.39695167087e-06, 3.64137349607e-06, 3.9957608351e-06, 4.84705878989e-06, 1.7795966869e-06, 5.52638709905e-07, 2.18271608787e-07, 1.34375213179e-07, 1.23373212091e-07, 6.14124644471e-08, 3.91321322013e-08, 1.00237741663e-07, 1.22431259797e-07, 3.2846767084e-08, 6.52860077111e-09],
        "dvar": [6.44061444177e-08, 4.92342178404e-06, 1.21859034152e-06, 3.19545900851e-09, 8.83827663833e-11, 4.38800037972e-11, 1.62048138797e-10, 3.10403591719e-09, 4.57133692011e-10, 3.88727912082e-08, 2.82746881464e-10, 4.39291832077e-11, 1.78836789128e-11, 7.3228298425e-12, 5.66434789698e-12, 7.66116423773e-12, 7.80930875521e-12, 6.52484186472e-12, 4.12489833956e-12, 9.96586168624e-13, 9.77921628224e-13, 1.67263674699e-12, 5.24470224195e-13, 7.29264630454e-13, 1.10395824426e-11, 2.28480741271e-11, 5.31687324376e-12, 5.61019243214e-12, 8.38799776165e-12, 1.13349130429e-12, 1.02041998169e-13, 1.82291214187e-14, 6.54119711209e-15, 6.09534903833e-15, 1.29878304072e-15, 4.86507349299e-16, 3.42330694973e-15, 5.06014645129e-15, 3.63508212721e-16, 1.61053587276e-17],
        "dvar2": [1.20020189343e-07, 5.4409929362e-06, 1.40577901675e-06, 7.49328332716e-09, 1.88817975144e-10, 1.12102618854e-10, 4.88242279939e-10, 8.91840823414e-09, 9.35675426028e-10, 4.77672195132e-08, 4.17277212783e-10, 1.31008787152e-10, 5.1491172437e-11, 2.08153199538e-11, 1.58837977493e-11, 2.24306181268e-11, 2.22168134584e-11, 2.00814382484e-11, 1.22853741069e-11, 2.94388190041e-12, 2.94007678446e-12, 4.73670365084e-12, 1.49817745015e-12, 2.13981566841e-12, 3.30950405969e-11, 6.91644935769e-11, 1.5592090119e-11, 1.61523346781e-11, 2.42274880713e-11, 3.18331125349e-12, 2.83199977141e-13, 5.31830540707e-14, 1.85471907608e-14, 1.80487491407e-14, 3.89446225038e-15, 1.3176000894e-15, 7.84893170288e-15, 1.11616995824e-14, 8.13468843203e-16, 3.60822668292e-17],
        "max": [0.00402550864965, 0.0396738164127, 0.0121622877195, 0.000883788219653, 9.41756079555e-05, 6.15662211203e-05, 0.000139576091897, 0.00042509866762, 0.000339511345373, 0.00510952854529, 0.000274506048299, 6.66131163598e-05, 4.72213032481e-05, 1.98745474336e-05, 2.86374888674e-05, 3.26402332576e-05, 3.31706360157e-05, 2.39410364884e-05, 1.80341558007e-05, 8.13667338662e-06, 9.37753611652e-06, 1.54118752107e-05, 5.70730571781e-06, 6.38156143395e-06, 2.996431067e-05, 4.25621292379e-05, 1.73951611941e-05, 1.78266545845e-05, 2.87671227852e-05, 9.64617538557e-06, 2.57314150076e-06, 1.13232943022e-06, 7.22491108718e-07, 7.4247361681e-07, 3.21714452411e-07, 1.83833918754e-07, 3.9633263782e-07, 4.84765223518e-07, 1.35798885026e-07, 4.91709535311e-08],
        "mean": [0.00327498232946, 0.0322013236582, 0.00761363096535, 0.000492334715091, 3.63999570254e-05, 2.9805361919e-05, 4.19174612034e-05, 0.000102571633761, 0.000211048667552, 0.0033517263364, 0.000167661783053, 1.12535590233e-05, 6.47464366921e-06, 6.68126858727e-06, 5.41289409739e-06, 5.76558568355e-06, 6.44173678666e-06, 3.91981029679e-06, 2.42553346652e-06, 1.41925966091e-06, 1.49506661273e-06, 2.26891552302e-06, 1.30006844756e-06, 1.45407977925e-06, 3.88138414564e-06, 5.98410679231e-06, 2.93374409921e-06, 3.46338606505e-06, 3.93469190385e-06, 1.57616398155e-06, 4.97313180858e-07, 1.86888939879e-07, 1.18681718675e-07, 9.93607400801e-08, 6.12818098489e-08, 5.24764658394e-08, 1.21927683949e-07, 1.36416005603e-07, 3.9294583587e-08, 9.60181001375e-09],
        "median": [0.00328968139365, 0.0318799242377, 0.00747140776366, 0.000481570605189, 3.54961230187e-05, 2.90461339318e-05, 3.96135728806e-05, 8.53030069266e-05, 0.000225317591685, 0.00388858723454, 0.000184644450201, 9.51703714236e-06, 5.39093252883e-06, 6.09706876276e-06, 4.72207284474e-06, 4.74401622341e-06, 5.60574198971e-06, 3.36593643624e-06, 1.94362428374e-06, 1.15282193747e-06, 1.29524426029e-06, 1.91129697669e-06, 1.12217503556e-06, 1.25297208342e-06, 2.99999214803e-06, 4.65459470433e-06, 2.33263040172e-06, 2.82657970274e-06, 3.21790980706e-06, 1.34812989927e-06, 4.31408693657e-07, 1.53522663027e-07, 1.00727042707e-07, 7.80911619813e-08, 5.2878693424e-08, 4.56502782242e-08, 9.8705640994e-08, 1.07150370354e-07, 3.19741744192e-08, 8.44198666528e-09],
        "min": [0.000311419920763, 0.000308039976517, 0.000128653249703, 2.85293754132e-05, 6.90494744049e-06, 6.48566310701e-06, 5.66002654523e-06, 6.23126334176e-06, 1.31261203933e-05, 3.80441051675e-05, 1.30309235828e-05, 1.47325442867e-06, 1.29715442654e-06, 5.81008407607e-07, 9.58143004937e-07, 6.58477347315e-07, 7.00614577909e-07, 5.66728260765e-07, 2.30700649695e-07, 2.0699411607e-07, 2.12997719018e-07, 1.50743900917e-07, 1.53913703116e-07, 1.48901222019e-07, 3.52668962478e-07, 7.2428946396e-07, 4.09346370134e-07, 3.18025996648e-07, 2.08838741855e-07, 7.60906715414e-08, 5.50062324578e-08, 2.93175421717e-08, 2.11471000711e-08, 1.69235843117e-08, 1.37082247775e-08, 1.15485319085e-08, 1.02864960994e-08, 9.99123628276e-09, 5.07440045538e-09, 1.94539095943e-09],
        "var": [1.02564499116e-07, 1.70995554072e-05, 5.60350827072e-06, 1.9523371364e-08, 2.12426923274e-10, 9.32324217828e-11, 2.30245530974e-10, 3.87165544069e-09, 3.81797038429e-09, 1.76229548288e-06, 4.24595070214e-09, 4.83841126886e-11, 1.85583111378e-11, 9.1903524721e-12, 9.25069829766e-12, 1.52363347633e-11, 1.31299112208e-11, 7.0590647043e-12, 4.07421665849e-12, 1.01307135424e-12, 1.03685354573e-12, 2.73420522334e-12, 5.79198310407e-13, 8.56046678856e-13, 1.02224478882e-11, 2.36126743158e-11, 5.04996131717e-12, 5.88103090532e-12, 8.56205471106e-12, 1.10793037071e-12, 1.0865353078e-13, 1.78005176652e-14, 7.04633283349e-15, 5.83945022057e-15, 1.4389132069e-15, 8.03998908973e-16, 6.57595214447e-15, 9.80073786477e-15, 6.61619711501e-16, 2.95276975815e-17]
    },
    "mfcc": {
        "mean": [-676.314697266, 167.493209839, 20.5789890289, 53.8426322937, -8.81254673004, 3.24745059013, 27.4673023224, 14.7965211868, 23.6541042328, 36.790813446, 7.39192199707, 4.83798503876, -22.1339454651],
        "cov": [[304.144622803, -142.218460083, -84.7879867554, 49.2438850403, 7.40083122253, 25.1101322174, 1.2891343832, -0.320115953684, -9.98743534088, -0.569960653782, -14.6216936111, -12.2803125381, 27.2859382629], [-142.218460083, 114.806137085, 14.4570884705, -20.7895946503, -25.141784668, -3.31209874153, -8.30165481567, -0.782582938671, 4.84042263031, 9.34539604187, 10.3674974442, -4.15434122086, -6.07489585876], [-84.7879867554, 14.4570884705, 84.6666183472, -33.1462402344, 15.9129543304, -32.9689369202, 13.586930275, 6.44986152649, 16.8249320984, -1.68992388248, 1.51113188267, 24.0987873077, -30.667509079], [49.2438850403, -20.7895946503, -33.1462402344, 29.1664123535, -6.34189796448, 11.539730072, -6.87732648849, -2.53397130966, -8.7848033905, -2.27928304672, 0.40115660429, -9.67597484589, 12.864397049], [7.40083122253, -25.141784668, 15.9129543304, -6.34189796448, 29.3263893127, -7.14758205414, 2.43194198608, -3.79144215584, -0.779400646687, -8.57168865204, -4.41079425812, 17.0724868774, -6.25396871567], [25.1101322174, -3.31209874153, -32.9689369202, 11.539730072, -7.14758205414, 27.1252746582, -4.83228683472, -9.55930328369, -14.1965074539, -1.23083460331, 2.73522090912, -13.447968483, 17.4109268188], [1.2891343832, -8.30165481567, 13.586930275, -6.87732648849, 2.43194198608, -4.83228683472, 15.7472887039, 2.39584565163, 3.33389258385, 0.55049520731, -1.67967188358, 4.65012407303, -9.81019210815], [-0.320115953684, -0.782582938671, 6.44986152649, -2.53397130966, -3.79144215584, -9.55930328369, 2.39584565163, 15.3816890717, 11.1139669418, 3.86391687393, -4.97101545334, -1.65055084229, -7.20250749588], [-9.98743534088, 4.84042263031, 16.8249320984, -8.7848033905, -0.779400646687, -14.1965074539, 3.33389258385, 11.1139669418, 24.8916301727, 9.5197057724, -4.08446741104, 1.52019500732, -17.412322998], [-0.569960653782, 9.34539604187, -1.68992388248, -2.27928304672, -8.57168865204, -1.23083460331, 0.55049520731, 3.86391687393, 9.5197057724, 19.8768959045, -0.125876933336, -9.86157226562, -8.05791568756], [-14.6216936111, 10.3674974442, 1.51113188267, 0.40115660429, -4.41079425812, 2.73522090912, -1.67967188358, -4.97101545334, -4.08446741104, -0.125876933336, 11.2720584869, -1.08556866646, -1.77976465225], [-12.2803125381, -4.15434122086, 24.0987873077, -9.67597484589, 17.0724868774, -13.447968483, 4.65012407303, -1.65055084229, 1.52019500732, -9.86157226562, -1.08556866646, 25.9608306885, -9.40824890137], [27.2859382629, -6.07489585876, -30.667509079, 12.864397049, -6.25396871567, 17.4109268188, -9.81019210815, -7.20250749588, -17.412322998, -8.05791568756, -1.77976465225, -9.40824890137, 30.6854896545]],
