{
"lowlevel": {
    "average_loudness": 0.99068403244,
    "barkbands_crest": {
        "dmean": 0.395901620388,
        "dmean2": 0.547133386135,
        "dvar": 0.583771467209,
        "dvar2": 0.901298761368,
        "max": 17.8994636536,
        "mean": 16.4184989929,
        "median": 17.4499454498,
        "min": 10.7321739197,
        "var": 2.61276555061
    },
    "barkbands_flatness_db": {
        "dmean": 0.0218607168645,
        "dmean2": 0.0260376669466,
        "dvar": 0.00207335036248,
        "dvar2": 0.001295560156,
        "max": 0.571941256523,
        "mean": 0.504868388176,
        "median": 0.515806436539,
        "min": 0.113279268146,
        "var": 0.00483546219766
    },
    "barkbands_kurtosis": {
        "dmean": 22.3017520905,
        "dmean2": 31.8089771271,
        "dvar": 855.33026123,
        "dvar2": 1460.62023926,
        "max": 393.934387207,
        "mean": 158.01109314,
        "median": 113.120384216,
        "min": 9.19480133057,
        "var": 18605.0878906
    },
    "barkbands_skewness": {
        "dmean": 0.694283545017,
        "dmean2": 1.00102972984,
        "dvar": 0.799356877804,
        "dvar2": 1.29221427441,
        "max": 13.5284700394,
        "mean": 6.59609699249,
        "median": 5.29641437531,
        "min": 1.77457165718,
        "var": 15.7568511963
    },
    "barkbands_spread": {
        "dmean": 0.232750847936,
        "dmean2": 0.273726314306,
        "dvar": 1.05393195152,
        "dvar2": 1.09264528751,
        "max": 9.13443374634,
        "mean": 0.916646182537,
        "median": 0.599763214588,
        "min": 0.319494783878,
        "var": 1.32807719707
    },
    "dissonance": {
        "dmean": 0.0563505068421,
        "dmean2": 0.0922712907195,
        "dvar": 0.00240306602791,
        "dvar2": 0.00549189001322,
        "max": 0.41176328063,
        "mean": 0.18933185935,
        "median": 0.169865086675,
        "min": 0.0674469396472,
        "var": 0.0078489407897
    },
    "dynamic_complexity": 1.86890947819,
    "erbbands_crest": {
        "dmean": 0.749286651611,
        "dmean2": 0.917460918427,
        "dvar": 2.53333806992,
        "dvar2": 3.21639657021,
        "max": 24.7551403046,
        "mean": 21.3301811218,
        "median": 23.4570388794,
        "min": 7.1539273262,
        "var": 13.704249382
    },
    "erbbands_flatness_db": {
        "dmean": 0.0166782606393,
        "dmean2": 0.0193731039762,
        "dvar": 0.00140940269921,
        "dvar2": 0.000919587095268,
        "max": 0.532091915607,
        "mean": 0.478504300117,
        "median": 0.488494277,
        "min": 0.156738758087,
        "var": 0.00323241949081
    },
    "erbbands_kurtosis": {
        "dmean": 12.6998815536,
        "dmean2": 18.8323249817,
        "dvar": 231.774963379,
        "dvar2": 587.547424316,
        "max": 165.219406128,
        "mean": 53.0442695618,
        "median": 23.80286026,
        "min": -0.474705219269,
        "var": 3169.640625
    },
    "erbbands_skewness": {
        "dmean": 0.485416769981,
        "dmean2": 0.746395885944,
        "dvar": 0.344081014395,
        "dvar2": 0.878787279129,
        "max": 7.73018741608,
        "mean": 3.47099304199,
        "median": 2.87630295753,
        "min": 0.727097511292,
        "var": 4.1649389267
    },
    "erbbands_spread": {
        "dmean": 0.55669772625,
        "dmean2": 0.682163536549,
        "dvar": 4.7284655571,
        "dvar2": 4.91760015488,
        "max": 19.9895935059,
        "mean": 2.1635825634,
        "median": 1.01087653637,
        "min": 0.41460737586,
        "var": 7.42302560806
    },
    "hfc": {
        "dmean": 1.60771131516,
        "dmean2": 1.99059927464,
        "dvar": 12.7761354446,
        "dvar2": 27.834859848,
        "max": 34.0072631836,
        "mean": 14.8986625671,
        "median": 17.2627487183,
        "min": 0.232061192393,
        "var": 53.5169487
    },
    "melbands_crest": {
        "dmean": 0.374003589153,
        "dmean2": 0.468481749296,
        "dvar": 0.73020195961,
        "dvar2": 0.959617137909,
        "max": 21.3687896729,
        "mean": 20.1911773682,
        "median": 21.0128498077,
        "min": 13.6744737625,
        "var": 1.84830582142
    },
    "melbands_flatness_db": {
        "dmean": 0.0228467546403,
        "dmean2": 0.0272558704019,
        "dvar": 0.00208370853215,
        "dvar2": 0.00134400045499,
        "max": 0.677990198135,
        "mean": 0.606390595436,
        "median": 0.619310081005,
        "min": 0.199562802911,
        "var": 0.00524366181344
    },
    "melbands_kurtosis": {
        "dmean": 5.79034948349,
        "dmean2": 9.50621891022,
        "dvar": 80.9537506104,
        "dvar2": 206.841094971,
        "max": 83.1365432739,
        "mean": 27.656036377,
        "median": 17.61810112,
        "min": 1.89909887314,
        "var": 504.42565918
    },
    "melbands_skewness": {
        "dmean": 0.285896718502,
        "dmean2": 0.385439246893,
        "dvar": 0.119254149497,
        "dvar2": 0.196151390672,
        "max": 4.81832838058,
        "mean": 2.51537680626,
        "median": 2.41873240471,
        "min": 1.37807953358,
        "var": 0.635735273361
    },
    "melbands_spread": {
        "dmean": 0.264471411705,
        "dmean2": 0.311707377434,
        "dvar": 1.05822074413,
        "dvar2": 1.10366773605,
        "max": 9.40698814392,
        "mean": 1.08013486862,
        "median": 0.460170716047,
        "min": 0.272242337465,
        "var": 1.67550981045
    },
    "pitch_salience": {
        "dmean": 0.0326890833676,
        "dmean2": 0.040592674166,
        "dvar": 0.00475536612794,
        "dvar2": 0.00466078519821,
        "max": 0.825940907001,
        "mean": 0.208786129951,
        "median": 0.134199351072,
        "min": 0.016550976783,
        "var": 0.0295863803476
    },
    "silence_rate_20dB": {
        "dmean": 0,
        "dmean2": 0,
        "dvar": 0,
        "dvar2": 0,
        "max": 1,
        "mean": 1,
        "median": 1,
        "min": 1,
        "var": 0
    },
    "silence_rate_30dB": {
        "dmean": 0,
        "dmean2": 0,
        "dvar": 0,
        "dvar2": 0,
        "max": 1,
        "mean": 1,
        "median": 1,
        "min": 1,
        "var": 0
    },
    "silence_rate_60dB": {
        "dmean": 0.0166666675359,
        "dmean2": 0.0169491525739,
        "dvar": 0.0163888689131,
        "dvar2": 0.0166618991643,
        "max": 1,
        "mean": 0.0163934417069,
        "median": 0,
        "min": 0,
        "var": 0.0161247104406
    },
    "spectral_centroid": {
        "dmean": 7.97325563431,
        "dmean2": 9.14528274536,
        "dvar": 1160.70715332,
        "dvar2": 1205.03686523,
        "max": 708.00958252,
        "mean": 420.007324219,
        "median": 399.583374023,
        "min": 394.138763428,
        "var": 1936.5802002
    },
    "spectral_complexity": {
        "dmean": 0.5,
        "dmean2": 0.966101706028,
        "dvar": 0.916666686535,
        "dvar2": 1.86325788498,
        "max": 7,
        "mean": 2.36065578461,
        "median": 2,
        "min": 1,
        "var": 1.86992752552
    },
    "spectral_decrease": {
        "dmean": 9.19262055366e-10,
        "dmean2": 1.12504761063e-09,
        "dvar": 4.1155287771e-18,
        "dvar2": 9.12159192986e-18,
        "max": -8.89646550872e-11,
        "mean": -8.89875551024e-09,
        "median": -1.01636761229e-08,
        "min": -1.91785982651e-08,
        "var": 1.76420535106e-17
    },
    "spectral_energy": {
        "dmean": 0.00361513765529,
        "dmean2": 0.00442525325343,
        "dvar": 6.36771146674e-05,
        "dvar2": 0.000141065567732,
        "max": 0.0754686146975,
        "mean": 0.034937210381,
        "median": 0.0399430468678,
        "min": 0.000356821838068,
        "var": 0.000272594596026
    },
    "spectral_energyband_high": {
        "dmean": 6.81187316331e-07,
        "dmean2": 1.14764566206e-06,
        "dvar": 5.81784674689e-13,
        "dvar2": 1.54321184737e-12,
        "max": 8.5280953499e-06,
        "mean": 5.22266100234e-06,
        "median": 5.09391429659e-06,
        "min": 3.84509939977e-06,
        "var": 4.85216305069e-13
    },
    "spectral_energyband_low": {
        "dmean": 1.30707996959e-06,
        "dmean2": 1.94643916984e-06,
        "dvar": 1.42701545025e-11,
        "dvar2": 2.13873242033e-11,
        "max": 2.52903046203e-05,
        "mean": 1.58126124461e-06,
        "median": 6.26923224445e-07,
        "min": 8.26514465757e-08,
        "var": 1.49594087118e-11
    },
    "spectral_energyband_middle_high": {
        "dmean": 0.000124997648527,
        "dmean2": 0.000175643552211,
        "dvar": 1.35638117627e-07,
        "dvar2": 1.75485581622e-07,
        "max": 0.00346256024204,
        "mean": 0.00046694005141,
        "median": 1.34612346301e-05,
        "min": 3.94595008402e-06,
        "var": 1.00168858808e-06
    },
    "spectral_energyband_middle_low": {
        "dmean": 0.00352986808866,
        "dmean2": 0.00435686763376,
        "dvar": 6.02083964623e-05,
        "dvar2": 0.000135077571031,
        "max": 0.0738149732351,
        "mean": 0.034463789314,
        "median": 0.0397292859852,
        "min": 0.000270769232884,
        "var": 0.000262299348833
    },
    "spectral_entropy": {
        "dmean": 0.244033023715,
        "dmean2": 0.297769099474,
        "dvar": 0.266267627478,
        "dvar2": 0.19621360302,
        "max": 8.4558095932,
        "mean": 3.87947225571,
        "median": 3.64211535454,
        "min": 3.24993014336,
        "var": 0.664397954941
    },
    "spectral_flux": {
        "dmean": 0.012347523123,
        "dmean2": 0.0166934486479,
        "dvar": 0.000844127382152,
        "dvar2": 0.00132113415748,
        "max": 0.196696102619,
        "mean": 0.0203243400902,
        "median": 0.00942646991462,
        "min": 0.00285074510612,
        "var": 0.00108853948768
    },
    "spectral_kurtosis": {
        "dmean": 9.21055221558,
        "dmean2": 15.0324850082,
        "dvar": 230.012268066,
        "dvar2": 468.501556396,
        "max": 121.760864258,
        "mean": 70.600440979,
        "median": 66.7196502686,
        "min": 1.75770139694,
        "var": 635.77722168
    },
    "spectral_rms": {
        "dmean": 0.000332852854626,
        "dmean2": 0.000369602028513,
        "dvar": 6.97629673141e-07,
        "dvar2": 1.00443014617e-06,
        "max": 0.00858067162335,
        "mean": 0.00559831643477,
        "median": 0.00624250154942,
        "min": 0.000590016017668,
        "var": 2.74394665212e-06
    },
    "spectral_rolloff": {
        "dmean": 28.3520507812,
        "dmean2": 48.1759796143,
        "dvar": 8338.36328125,
        "dvar2": 12359.6210938,
        "max": 925.927734375,
        "mean": 462.081359863,
        "median": 409.130859375,
        "min": 409.130859375,
        "var": 12490.0429688
    },
    "spectral_skewness": {
        "dmean": 0.555853307247,
        "dmean2": 0.799222111702,
        "dvar": 0.684339940548,
        "dvar2": 1.00599384308,
        "max": 9.23363018036,
        "mean": 7.19780302048,
        "median": 7.18832063675,
        "min": 1.67611420155,
        "var": 2.1191110611
    },
    "spectral_spread": {
        "dmean": 823558.1875,
        "dmean2": 855674.25,
        "dvar": 7.37360163635e+12,
        "dvar2": 3.0633010135e+12,
        "max": 30205612,
        "mean": 2585622.25,
        "median": 1912057,
        "min": 990886.125,
        "var": 1.43419842232e+13
    },
    "spectral_strongpeak": {
        "dmean": 0.148526132107,
        "dmean2": 0.13970734179,
        "dvar": 0.116019636393,
        "dvar2": 0.115754142404,
        "max": 3.82120418549,
        "mean": 2.75663375854,
        "median": 2.94227290154,
        "min": 0.0371114127338,
        "var": 0.668709933758
    },
    "zerocrossingrate": {
        "dmean": 0.00131022138521,
        "dmean2": 0.00150622345973,
        "dvar": 5.20937965121e-06,
        "dvar2": 4.98891904499e-06,
        "max": 0.03076171875,
        "mean": 0.0185706969351,
        "median": 0.01806640625,
        "min": 0.00439453125,
        "var": 9.39578058023e-06
    },
    "barkbands": {
        "dmean": [1.85004097375e-07, 3.73317249114e-07, 7.28448640075e-07, 5.07249694692e-07, 2.61944910562e-06, 0.00159145588987, 0.00192703434732, 9.18487712624e-05, 0.000433302484453, 4.39225696027e-05, 0.000115434188046, 2.58910660023e-07, 1.15263867428e-06, 3.01412001136e-07, 4.81706194932e-07, 1.10784483809e-07, 8.92272709052e-08, 2.16369045347e-07, 9.95841901386e-07, 2.52948495927e-07, 6.02285936679e-08, 5.07347053258e-08, 3.99787118965e-08, 3.68941002193e-08, 3.87695600068e-08, 7.76964199645e-08, 7.07618823981e-07],
        "dmean2": [2.48915512202e-07, 5.26923884081e-07, 1.13728253837e-06, 7.61656735904e-07, 3.93763821194e-06, 0.0016262405552, 0.00268462486565, 0.000147992133861, 0.000518922926858, 7.17140574125e-05, 0.000132100671181, 4.18514957801e-07, 1.74158913069e-06, 5.20843286722e-07, 5.68936115997e-07, 1.71233153878e-07, 1.51900493961e-07, 3.68247071947e-07, 1.44417003867e-06, 4.22467195449e-07, 1.01280996034e-07, 8.70932055363e-08, 6.73203075507e-08, 6.10900130482e-08, 6.76769005281e-08, 1.33816101311e-07, 1.19693402212e-06],
        "dvar": [7.73353278118e-13, 2.05686422755e-12, 1.7134061097e-12, 1.6935810393e-12, 5.67191363321e-11, 5.85684438192e-06, 2.55689756159e-05, 1.34381437533e-07, 7.5023166346e-07, 1.56025574682e-08, 1.03012538943e-07, 5.57964590329e-13, 1.81816183203e-12, 1.95480703022e-13, 1.30406156793e-12, 3.8282497696e-14, 1.5111042368e-14, 1.92661519876e-13, 1.39171634286e-11, 6.36129712274e-13, 1.32404581954e-14, 8.01972234416e-15, 5.05620139534e-15, 2.70149596527e-15, 2.94678378954e-15, 7.76695924237e-15, 4.51594897545e-13],
        "dvar2": [8.95910353283e-13, 2.72107553503e-12, 3.16004687695e-12, 2.16706318688e-12, 6.92332510766e-11, 9.59585031524e-06, 6.16838515271e-05, 3.02687254816e-07, 8.28272902709e-07, 4.09459666173e-08, 1.00443720896e-07, 8.99255930137e-13, 3.53880076284e-12, 5.05245801793e-13, 2.07460914767e-12, 6.91470061005e-14, 3.1290257657e-14, 4.79642584331e-13, 3.14711208482e-11, 1.61719422576e-12, 3.14681955623e-14, 1.96744408417e-14, 1.15264048645e-14, 6.79330926906e-15, 7.21197054984e-15, 2.09253662032e-14, 7.15794285823e-13],
        "max": [6.53428833175e-06, 1.01614796222e-05, 7.5777334132e-06, 9.46296495385e-06, 5.62362838537e-05, 0.0353679694235, 0.035574298352, 0.00240853754804, 0.00876771379262, 0.000950077082962, 0.00330435717478, 6.20341506874e-06, 8.33694230096e-06, 2.94739265883e-06, 9.12620362215e-06, 1.38272491768e-06, 1.18947741612e-06, 2.23568895308e-06, 2.79856431007e-05, 5.63842650081e-06, 8.39879419345e-07, 5.63149967547e-07, 5.64199865494e-07, 5.36964421372e-07, 5.61083481898e-07, 8.16016381577e-07, 5.87984368394e-06],
        "mean": [2.12555178791e-07, 4.27609649023e-07, 7.70686597207e-07, 6.45164845992e-07, 3.51150401912e-06, 0.020081544295, 0.012667817995, 7.62991257943e-05, 0.00154720700812, 0.000118427269626, 0.000425149628427, 5.11115445079e-07, 2.7182775284e-06, 5.6840661955e-07, 8.45922272674e-07, 1.95501286271e-07, 1.92198683635e-07, 3.27236421072e-07, 9.42665678849e-07, 2.94551938396e-07, 1.31010651216e-07, 1.17758126805e-07, 1.13544821545e-07, 1.51322865349e-07, 1.78338751766e-07, 4.04832746881e-07, 4.80987637275e-06],
        "median": [2.50801530655e-08, 1.08272971033e-07, 3.14025015768e-07, 2.79161383787e-07, 1.42043893447e-06, 0.0209460649639, 0.0123695023358, 1.02673436686e-06, 0.00031763795414, 5.72404178456e-06, 4.35240826846e-06, 2.66081116251e-07, 2.0044080884e-06, 2.45784178787e-07, 2.32287959534e-07, 9.4244157367e-08, 1.10590676172e-07, 1.16555099794e-07, 1.04307545712e-07, 1.06323973625e-07, 7.89818628277e-08, 8.31362640952e-08, 9.23319731783e-08, 1.35830191539e-07, 1.66033714777e-07, 3.84334242653e-07, 4.81837150801e-06],
        "min": [5.952502935e-10, 1.35453781525e-08, 3.43286643556e-08, 1.41116629493e-08, 2.059067441e-07, 0.000141729600728, 7.03260520822e-05, 4.63546570018e-08, 2.78025112266e-07, 1.79192227279e-06, 1.64011652259e-07, 4.00143598256e-08, 3.7370515571e-08, 5.25130161577e-08, 5.03643846628e-08, 1.46853125216e-08, 3.7794290364e-08, 2.41359696673e-08, 2.89446298041e-08, 3.80585021276e-08, 3.53312898937e-08, 4.07044353778e-08, 5.23907885963e-08, 9.23008229847e-08, 1.15966741987e-07, 2.94285058544e-07, 6.26458756869e-07],
        "var": [8.21985058144e-13, 2.1571394844e-12, 1.82770573849e-12, 1.88750057251e-12, 6.28193677632e-11, 8.5747182311e-05, 5.46273404325e-05, 1.25320497091e-07, 5.78149501962e-06, 3.66616887959e-08, 8.91502111244e-07, 1.13515338622e-12, 5.44988620205e-12, 3.40309811581e-13, 3.00544181556e-12, 7.28886420079e-14, 4.5070097963e-14, 2.42606715967e-13, 1.48778298709e-11, 5.59913660575e-13, 2.06911480408e-14, 1.11337813765e-14, 7.32590156344e-15, 4.77243688768e-15, 4.23294085127e-15, 6.82160948687e-15, 5.87081435983e-13]
    },
    "erbbands": {
        "dmean": [1.00314555311e-05, 9.61875266512e-05, 0.000667600717861, 0.0012494121911, 0.00416093040258, 0.0143096307293, 0.280955284834, 14.7158689499, 35.4427642822, 11.3125667572, 2.89522528648, 6.53465175629, 9.24297714233, 4.31473684311, 1.10898840427, 0.039805714041, 0.0556007288396, 0.0208939928561, 0.0134590668604, 0.0197567157447, 0.00671058986336, 0.00489126937464, 0.0109058115631, 0.0129074323922, 0.0709823146462, 0.011478475295, 0.00287210126407, 0.00232710829005, 0.00188361480832, 0.00137427006848, 0.00117331580259, 0.000877439742908, 0.000582749838941, 0.000500163296238, 0.000299058447126, 0.000119750322483, 0.000171403691638, 0.00016886688536, 8.02954818937e-05, 1.8167826056e-05],
        "dmean2": [1.33697476485e-05, 0.000139240859426, 0.00106395699549, 0.00189648079686, 0.00630719074979, 0.0199510492384, 0.32696184516, 16.2554111481, 46.152256012, 14.8661880493, 4.9322271347, 9.51520061493, 10.5427331924, 5.72545337677, 1.41617333889, 0.0584534145892, 0.0825861245394, 0.0342889912426, 0.0178944431245, 0.0242285765707, 0.0105983968824, 0.00817592348903, 0.0175828039646, 0.0208369288594, 0.104648850858, 0.0186554361135, 0.00521819852293, 0.00413191830739, 0.00321489269845, 0.00241161091253, 0.00202653231099, 0.00153482623864, 0.000984902842902, 0.000863826251589, 0.000518814544193, 0.000192527048057, 0.000285079499008, 0.00027376334765, 0.000134229791001, 2.97879123536e-05],
        "dvar": [2.28910512767e-09, 9.87705917055e-08, 1.42005592352e-06, 1.18133639262e-05, 8.19678243715e-05, 0.000960720644798, 0.21416400373, 576.008544922, 6239.18115234, 1188.92602539, 121.19594574, 154.649459839, 511.119262695, 143.322860718, 9.11811733246, 0.00737927341834, 0.00406062090769, 0.000697626441251, 0.000811144185718, 0.00185516686179, 9.13676267373e-05, 5.81392814638e-05, 0.00046781724086, 0.000853131583426, 0.0749318152666, 0.00122542318422, 3.09450806526e-05, 1.79953349289e-05, 1.12117759272e-05, 5.5109439927e-06, 4.63574770038e-06, 1.69707857367e-06, 7.47803653667e-07, 4.06779804507e-07, 1.41590660974e-07, 2.60115182726e-08, 3.34269927293e-08, 1.77078298691e-08, 5.88165471882e-09, 3.67001734558e-10],
        "dvar2": [2.71540501195e-09, 1.43926655483e-07, 2.25522694564e-06, 1.89010297618e-05, 0.000101711651951, 0.00158568646293, 0.436739772558, 1079.12084961, 15264.9980469, 2128.19238281, 327.219238281, 336.1199646, 544.403137207, 171.766220093, 9.63866519928, 0.0121533423662, 0.00797740370035, 0.00146017794032, 0.00160562281962, 0.0031479340978, 0.000186041579582, 0.00012009038619, 0.000977954710834, 0.00186827837024, 0.17334972322, 0.00299408426508, 7.24648270989e-05, 4.26795704698e-05, 2.61460245383e-05, 1.19010128401e-05, 1.09715956569e-05, 4.22587299909e-06, 1.85446140222e-06, 1.01535488284e-06, 3.54220702548e-07, 6.10215451502e-08, 1.05766339686e-07, 4.6070830706e-08, 1.02405230962e-08, 5.21151233279e-10],
        "max": [0.000355689640855, 0.00213556434028, 0.00782985240221, 0.0221501849592, 0.0697803720832, 0.219373241067, 5.47336244583, 309.407897949, 696.591247559, 250.572616577, 73.3006973267, 107.626815796, 205.186553955, 118.790382385, 30.5205688477, 0.905710220337, 0.42753008008, 0.194069042802, 0.256082594395, 0.36849245429, 0.080355361104, 0.0698501542211, 0.132637232542, 0.199471876025, 2.03497338295, 0.258713543415, 0.0370778739452, 0.0286403633654, 0.0211657360196, 0.0167054217309, 0.0166942086071, 0.0116155063733, 0.0089742206037, 0.00629307189956, 0.0039725205861, 0.00210925610736, 0.00150935747661, 0.0012990970863, 0.00065258104587, 0.000187353725778],
        "mean": [1.71352567122e-05, 0.000127613166114, 0.000823137233965, 0.00218889745884, 0.010408340022, 0.0935815498233, 3.16695284843, 176.263061523, 320.040130615, 43.1701011658, 3.99294066429, 20.8873653412, 33.346118927, 16.4472122192, 4.25259876251, 0.157067433, 0.14270055294, 0.0471337176859, 0.028346080333, 0.0360490642488, 0.0129253845662, 0.010948584415, 0.018617099151, 0.0164820998907, 0.0635924041271, 0.0140791647136, 0.00568484468386, 0.00507616205141, 0.00439587887377, 0.00355936982669, 0.00331057119183, 0.00302268122323, 0.00263599702157, 0.00198894925416, 0.00131845194846, 0.000792586011812, 0.00082984281471, 0.000914875010494, 0.000538665393833, 0.000133433713927],
        "median": [8.77021375345e-06, 5.4054940847e-05, 0.000426853017416, 0.00156441912986, 0.00865669175982, 0.0967740491033, 3.37885713577, 184.425048828, 359.195617676, 13.9565677643, 1.65230107307, 4.95310544968, 5.10510015488, 0.402855247259, 0.218211397529, 0.0448898971081, 0.12354286015, 0.0292109213769, 0.010567962192, 0.0119051644579, 0.00751922605559, 0.00606249691918, 0.00622562039644, 0.00580124603584, 0.00466321781278, 0.00547953136265, 0.00313752098009, 0.00315335998312, 0.00291404919699, 0.00262853456661, 0.00268493802287, 0.00262350821868, 0.00239090179093, 0.00183567439672, 0.00126568390988, 0.000754576234613, 0.000818182190415, 0.000908496440388, 0.00054897647351, 0.000137788098073],
        "min": [1.71130068338e-06, 9.10935614229e-06, 8.61709631863e-05, 0.000208141791518, 0.00210449611768, 0.0235889777541, 0.344107657671, 1.4472168684, 1.45686233044, 0.56880480051, 0.113558113575, 0.0249997638166, 0.115836627781, 0.0384584181011, 0.0341160818934, 0.00784597825259, 0.00396061455831, 0.00252247368917, 0.00173706025817, 0.00181214453187, 0.00144303077832, 0.00215492281131, 0.00162296905182, 0.00134704099037, 0.00142451014835, 0.00170216185506, 0.0016341767041, 0.00145529245492, 0.00139060488436, 0.00150544079952, 0.001653676969, 0.00171246216632, 0.00142492528539, 0.00116747221909, 0.000850755895954, 0.00058043160243, 0.0005159205175, 0.000352577422746, 8.55159014463e-05, 8.87748683454e-06],
        "var": [2.33012964479e-09, 1.01947200903e-07, 1.57433271397e-06, 1.20322074508e-05, 8.63084351295e-05, 0.00166027457453, 1.97420418262, 6562.81542969, 21649.4277344, 4893.19140625, 97.045249939, 758.481567383, 3480.92333984, 1136.7545166, 77.1882095337, 0.0648867040873, 0.0137509591877, 0.0020589735359, 0.00201461650431, 0.00435389997438, 0.000219795518206, 0.000149472558405, 0.000837402825709, 0.0010492883157, 0.0763853043318, 0.00117855495773, 4.36569862359e-05, 2.71349672403e-05, 1.62680280482e-05, 8.42416648084e-06, 6.32441515336e-06, 2.58449199464e-06, 1.2356130128e-06, 5.90537354128e-07, 2.07546932529e-07, 4.86165312452e-08, 2.8218897441e-08, 2.24503793333e-08, 7.26658599959e-09, 7.73705433055e-10]
    },
    "gfcc": {
        "mean": [-225.625595093, 97.2800369263, -65.3224945068, -90.2302474976, -113.226882935, -66.1798400879, -40.7641143799, -9.21129131317, -5.35662651062, 9.21917629242, 13.7819194794, 14.9105129242, 5.08729124069],
        "cov": [[1145.80432129, 421.75177002, -524.890258789, -166.847320557, -36.6546554565, 33.0622367859, 288.688842773, 273.562103271, -23.3432292938, -137.336120605, -113.959892273, -87.0267410278, 9.74883937836], [421.75177002, 253.627304077, -127.419822693, -160.031494141, -81.9404983521, -37.1686019897, 117.925834656, 149.919662476, 41.4544448853, -72.3665542603, -86.0191574097, -60.2024650574, 29.7787437439], [-524.890258789, -127.419822693, 386.38168335, 126.629386902, -19.7039375305, -78.268409729, -168.018707275, -95.4272613525, 93.5213775635, 71.710357666, -9.44418525696, -13.6116886139, 1.08685934544], [-166.847320557, -160.031494141, 126.629386902, 341.706634521, 141.771942139, 44.2440109253, -108.317237854, -92.537322998, -1.24257814884, 71.5528564453, 21.8213634491, -8.70103931427, -65.6197967529], [-36.6546554565, -81.9404983521, -19.7039375305, 141.771942139, 127.625274658, 98.9589004517, -35.4206161499, -71.3681106567, -42.231590271, 35.0483932495, 50.07056427, 32.7580184937, -45.2416992188], [33.0622367859, -37.1686019897, -78.268409729, 44.2440109253, 98.9589004517, 161.078872681, 30.8207416534, -33.0554733276, -56.1660995483, -16.4157848358, 13.0512247086, 50.6431541443, -4.28326845169], [288.688842773, 117.925834656, -168.018707275, -108.317237854, -35.4206161499, 30.8207416534, 128.299133301, 97.6158905029, -36.8542938232, -77.7343521118, -40.3909072876, -2.46849727631, 34.6794929504], [273.562103271, 149.919662476, -95.4272613525, -92.537322998, -71.3681106567, -33.0554733276, 97.6158905029, 138.119720459, 21.5854740143, -78.3358230591, -84.8136825562, -42.0633010864, 44.531047821], [-23.3432292938, 41.4544448853, 93.5213775635, -1.24257814884, -42.231590271, -56.1660995483, -36.8542938232, 21.5854740143, 80.8216323853, 10.2312164307, -53.4004631042, -41.7850761414, 10.481669426], [-137.336120605, -72.3665542603, 71.710357666, 71.5528564453, 35.0483932495, -16.4157848358, -77.7343521118, -78.3358230591, 10.2312164307, 74.2172622681, 51.6938896179, -7.7580165863, -44.4663925171], [-113.959892273, -86.0191574097, -9.44418525696, 21.8213634491, 50.07056427, 13.0512247086, -40.3909072876, -84.8136825562, -53.4004631042, 51.6938896179, 114.048431396, 44.2987747192, -46.9215927124], [-87.0267410278, -60.2024650574, -13.6116886139, -8.70103931427, 32.7580184937, 50.6431541443, -2.46849727631, -42.0633010864, -41.7850761414, -7.7580165863, 44.2987747192, 66.0897140503, 7.35654735565], [9.74883937836, 29.7787437439, 1.08685934544, -65.6197967529, -45.2416992188, -4.28326845169, 34.6794929504, 44.531047821, 10.481669426, -44.4663925171, -46.9215927124, 7.35654735565, 53.2906532288]],
        "icov": [[0.0330100022256, -0.055852856487, 0.0457405298948, -0.0369753018022, 0.0304954797029, -0.00645753042772, -0.00164652022067, 0.010558784008, -0.0140455383807, -0.0115344189107, -0.00814941991121, -0.00930940080434, -0.0164243411273], [-0.055852856487, 0.137680396438, -0.0892787948251, 0.0861386209726, -0.0923593118787, 0.0271756630391, -0.0523209571838, -0.0466533899307, -0.0104677248746, 0.00185947038699, 0.0257824640721, 0.00740561122075, 0.0632673501968], [0.0457405298948, -0.0892787948251, 0.080696336925, -0.0645764693618, 0.0673636570573, -0.0190864056349, 0.0306591894478, 0.0347182825208, -0.0200804509223, 0.00893367733806, -0.0261691641062, 0.00239469809458, -0.0449176356196], [-0.0369753018022, 0.0861386209726, -0.0645764693618, 0.0708924531937, -0.083268918097, 0.027852518484, -0.0268330313265, -0.0320063941181, 0.0122008379549, -0.00428058486432, 0.0358529649675, 0.00217154948041, 0.048291452229], [0.0304954797029, -0.0923593118787, 0.0673636570573, -0.083268918097, 0.161773353815, -0.0698301941156, 0.0824912562966, 0.0207041017711, 0.019739927724, -1.31001297632e-05, -0.0333669669926, -0.0134591758251, -0.0285471025854], [-0.00645753042772, 0.0271756630391, -0.0190864056349, 0.027852518484, -0.0698301941156, 0.0493508167565, -0.0479581542313, 0.00445107091218, -0.0060802907683, -0.00794120319188, 0.0321132987738, -0.014446221292, 0.0176937803626], [-0.00164652022067, -0.0523209571838, 0.0306591894478, -0.0268330313265, 0.0824912562966, -0.0479581542313, 0.17062458396, 0.011044787243, 0.0786886140704, 0.0645249038935, -0.0204139910638, 0.0380206443369, -0.0430757664144], [0.010558784008, -0.0466533899307, 0.0347182825208, -0.0320063941181, 0.0207041017711, 0.00445107091218, 0.011044787243, 0.134593337774, -0.0280772540718, 0.126359194517, -0.0502314306796, 0.0844676196575, -0.062633767724], [-0.0140455383807, -0.0104677248746, -0.0200804509223, 0.0122008379549, 0.019739927724, -0.0060802907683, 0.0786886140704, -0.0280772540718, 0.118228010833, -0.0396058298647, 0.0596052408218, -0.0217545963824, 0.0115591287613], [-0.0115344189107, 0.00185947038699, 0.00893367733806, -0.00428058486432, -1.31001297632e-05, -0.00794120319188, 0.0645249038935, 0.126359194517, -0.0396058298647, 0.257320314646, -0.105917982757, 0.157893225551, -0.0451651401818], [-0.00814941991121, 0.0257824640721, -0.0261691641062, 0.0358529649675, -0.0333669669926, 0.0321132987738, -0.0204139910638, -0.0502314306796, 0.0596052408218, -0.105917982757, 0.127393692732, -0.098532423377, 0.0869454815984], [-0.00930940080434, 0.00740561122075, 0.00239469809458, 0.00217154948041, -0.0134591758251, -0.014446221292, 0.0380206443369, 0.0844676196575, -0.0217545963824, 0.157893225551, -0.098532423377, 0.163156792521, -0.0809756144881], [-0.0164243411273, 0.0632673501968, -0.0449176356196, 0.048291452229, -0.0285471025854, 0.0176937803626, -0.0430757664144, -0.062633767724, 0.0115591287613, -0.0451651401818, 0.0869454815984, -0.0809756144881, 0.152125790715]]
    },
    "melbands": {
        "dmean": [1.03776692129e-07, 2.71919645911e-07, 2.71288143949e-07, 4.60006134517e-07, 1.34605375024e-06, 0.000395052396925, 0.000502881943248, 9.01412931853e-05, 2.32906022575e-05, 5.13578925165e-05, 4.63133692392e-05, 1.56569203682e-05, 8.00536690804e-06, 4.2220335672e-08, 6.72583979622e-08, 1.11920783752e-07, 3.18554853607e-08, 1.65440212641e-08, 4.64422704738e-08, 8.77809203104e-09, 8.22202750328e-09, 5.22812326764e-09, 7.82148834588e-09, 1.09282947136e-08, 7.59340501588e-09, 4.44283934087e-08, 3.92274372985e-08, 2.52978393789e-09, 1.9250794292e-09, 1.69577463183e-09, 1.27789312465e-09, 1.17976639569e-09, 1.00780106482e-09, 7.54964313288e-10, 7.3524675237e-10, 5.80481052115e-10, 5.76120096074e-10, 4.29660446111e-10, 5.04596475714e-10, 4.50524090256e-10],
        "dmean2": [1.41078075444e-07, 4.24650295372e-07, 4.06440165079e-07, 6.90281808602e-07, 1.91107051251e-06, 0.000434301735368, 0.000651484937407, 0.000114815382403, 3.87467407563e-05, 7.02479010215e-05, 5.25925388501e-05, 2.17251199501e-05, 9.63403545029e-06, 6.90207002663e-08, 1.03154448539e-07, 1.7095202054e-07, 5.2903310177e-08, 2.89960002675e-08, 5.24666390334e-08, 1.39273232946e-08, 1.33240432021e-08, 8.87671536276e-09, 1.23272405617e-08, 1.81880981387e-08, 1.31328601327e-08, 6.28426235494e-08, 6.04944148108e-08, 4.64022864577e-09, 3.49927309351e-09, 2.96771252017e-09, 2.27397145558e-09, 2.02049244002e-09, 1.73774472589e-09, 1.29207089472e-09, 1.26640764542e-09, 9.96203008974e-10, 1.0220699842e-09, 7.24384718875e-10, 8.55410020595e-10, 7.84599885062e-10],
        "dvar": [2.12561169837e-13, 3.20549928831e-13, 4.77962667274e-13, 1.51701979971e-12, 1.98497954185e-11, 4.2145899215e-07, 1.32878403747e-06, 8.21156262987e-08, 7.46319450684e-09, 1.00017274463e-08, 1.30771686813e-08, 2.12434114744e-09, 4.90321172553e-10, 1.059786956e-14, 8.77865878271e-15, 2.12009212676e-14, 1.47030160094e-15, 1.13282885168e-15, 1.45020341493e-14, 2.71132652378e-16, 1.11056342599e-16, 4.84131143949e-17, 1.80014671264e-16, 4.72421085507e-16, 2.24559683973e-16, 2.88863815409e-14, 2.31845335167e-14, 2.00032819282e-17, 1.3245978157e-17, 8.33093713162e-18, 5.07834384905e-18, 3.84672899242e-18, 2.53853871777e-18, 1.55871877697e-18, 1.68326301911e-18, 1.06110087913e-18, 5.29092378641e-19, 3.99465137492e-19, 2.92162622197e-19, 2.7776021866e-19],
        "dvar2": [2.71640755679e-13, 5.0713540355e-13, 6.71325408458e-13, 1.91744428495e-12, 3.16949383405e-11, 8.38631535771e-07, 3.10760901812e-06, 1.36982606591e-07, 1.94093008332e-08, 1.50956704914e-08, 1.3913874497e-08, 2.74896838626e-09, 4.91322704743e-10, 1.66347682428e-14, 1.56173376775e-14, 4.24212294253e-14, 3.10423662653e-15, 2.88136214107e-15, 2.06525690782e-14, 5.75186246102e-16, 2.25449386205e-16, 9.48276810206e-17, 3.8413907658e-16, 1.23156441185e-15, 5.46097758265e-16, 6.41466927861e-14, 5.60852871036e-14, 4.9096329185e-17, 3.31863306657e-17, 1.94621072842e-17, 1.18215218569e-17, 8.9462039974e-18, 5.95886603059e-18, 3.28776438183e-18, 3.92719298651e-18, 2.59285160358e-18, 1.36819695482e-18, 9.84706510263e-19, 7.29571180621e-19, 6.82765734347e-19],
        "max": [3.31310047841e-06, 3.69041867998e-06, 4.85089594804e-06, 9.20008187677e-06, 2.87169314106e-05, 0.00820019748062, 0.00980830192566, 0.00213018339127, 0.000566276605241, 0.000947980850469, 0.00102943251841, 0.000435940513853, 0.000225648953347, 8.38922574076e-07, 5.48869650174e-07, 1.05048684418e-06, 2.6390685548e-07, 2.46775243795e-07, 9.29717430154e-07, 1.33950507575e-07, 7.84211309224e-08, 6.7527309966e-08, 8.9901917022e-08, 1.11458803076e-07, 7.67963967974e-08, 1.26578538584e-06, 1.10392636543e-06, 2.53926213389e-08, 2.35101520474e-08, 1.9896887693e-08, 1.53790420399e-08, 1.21426255717e-08, 1.02921724476e-08, 8.87722428899e-09, 1.00590193952e-08, 7.92885401779e-09, 6.87134082966e-09, 6.72106459376e-09, 5.34577315747e-09, 5.17209031159e-09],
        "mean": [1.23273295571e-07, 3.03700574023e-07, 3.7763507521e-07, 6.32658327504e-07, 2.02380647352e-06, 0.00465943291783, 0.0044359411113, 0.000281958287815, 1.91067101696e-05, 0.00018363352865, 0.000163405711646, 5.66635862924e-05, 3.00661831716e-05, 8.23981594067e-08, 1.6744202469e-07, 2.69783981821e-07, 6.17709474682e-08, 3.1816185242e-08, 8.02299524594e-08, 1.77876824381e-08, 1.45360106174e-08, 1.11355662469e-08, 1.36714088939e-08, 1.56932351558e-08, 1.03414583563e-08, 4.22078869633e-08, 3.41064314568e-08, 4.97682783873e-09, 3.33946981179e-09, 3.2668872052e-09, 2.76269918054e-09, 2.51650567051e-09, 2.17549422921e-09, 1.885811729e-09, 1.88121762612e-09, 1.83484405447e-09, 1.83875092929e-09, 1.86709492311e-09, 1.69848068943e-09, 1.62735280806e-09],
        "median": [2.66706443597e-08, 1.27186211785e-07, 2.12079925177e-07, 3.22588419976e-07, 1.02728699858e-06, 0.00486269313842, 0.00480927014723, 4.37912348161e-07, 3.59046180165e-06, 4.1338171286e-05, 1.90245955309e-05, 4.4395636678e-07, 4.4904288643e-07, 3.80154681068e-08, 1.21925253893e-07, 2.14900609308e-07, 2.65434767499e-08, 1.46915146715e-08, 1.6300530703e-08, 1.13741922547e-08, 7.52330198139e-09, 6.71282673892e-09, 5.81144687928e-09, 5.52640511131e-09, 4.89507767654e-09, 3.37811534301e-09, 3.29890337269e-09, 3.54590268259e-09, 1.92677007682e-09, 1.89951099294e-09, 1.783548087e-09, 1.64814428771e-09, 1.53427537342e-09, 1.41441403034e-09, 1.46802159318e-09, 1.57206048179e-09, 1.64226998667e-09, 1.70885960937e-09, 1.56042634369e-09, 1.52653956143e-09],
        "min": [3.43080763798e-09, 1.91795059834e-08, 2.22372626979e-08, 4.45852990083e-08, 2.52477093454e-07, 3.21089573845e-05, 2.02028386411e-05, 1.44735370355e-08, 2.06899528621e-08, 7.97269592567e-08, 3.49133614463e-07, 4.91555347537e-08, 2.16072777448e-08, 1.07127924309e-08, 5.81594905569e-09, 2.76912137664e-09, 4.74044892229e-09, 3.00851810131e-09, 2.82228995729e-09, 1.55033663685e-09, 1.74217928972e-09, 2.10426143177e-09, 1.23074284097e-09, 8.54572745901e-10, 1.08545628041e-09, 8.52580506194e-10, 1.05567188324e-09, 1.05328157307e-09, 8.58190185582e-10, 7.4554679097e-10, 7.61791962844e-10, 7.0680433728e-10, 7.6427986162e-10, 7.76831154958e-10, 7.46416539688e-10, 8.11071876328e-10, 1.01911479256e-09, 8.80148898208e-10, 8.90502283024e-10, 9.17529219269e-10],
        "var": [2.20901517022e-13, 3.49127356799e-13, 5.1933777374e-13, 1.66073014715e-12, 1.97731379881e-11, 4.60458568341e-06, 4.31396028944e-06, 3.82813311717e-07, 5.81461412352e-09, 6.87775312258e-08, 8.72235546012e-08, 1.56978749999e-08, 4.21770751657e-09, 2.21108887628e-14, 2.4285339229e-14, 6.36847006879e-14, 3.92839227267e-15, 1.9205457757e-15, 3.42558080968e-14, 4.49667080626e-16, 2.68307823968e-16, 1.44426529045e-16, 3.92695353427e-16, 5.66574568006e-16, 2.41956920147e-16, 3.16969317276e-14, 2.15163969947e-14, 2.52954445209e-17, 1.77038703721e-17, 1.26088596609e-17, 7.9774944364e-18, 5.75536967373e-18, 3.66079781587e-18, 2.38916396121e-18, 2.39542613204e-18, 1.32855163563e-18, 9.03455970812e-19, 7.03923670247e-19, 4.93451906082e-19, 4.18064913951e-19]
    },
    "mfcc": {
        "mean": [-928.815307617, 163.746994019, 25.1397399902, -30.6991939545, -53.1579666138, -54.6967124939, -37.1301612854, -26.6014842987, -17.9441490173, -7.37018680573, -3.96521377563, -0.291998058558, 8.83351612091],
        "cov": [[1606.47521973, 496.923034668, -382.874084473, -16.9613990784, -268.777770996, -290.793243408, 39.5452346802, 180.569534302, 166.293716431, 273.033721924, 166.226318359, -111.543334961, -63.9926147461], [496.923034668, 323.11907959, -94.9261474609, -104.766716003, -189.865005493, -229.257781982, -38.4212112427, 77.7142181396, 119.855239868, 169.697067261, 84.3941116333, -52.899772644, -42.9936904907], [-382.874084473, -94.9261474609, 180.261566162, 58.9538955688, 93.0287628174, 70.4672393799, -40.2511367798, -40.3008995056, 3.56786894798, -30.0660705566, -28.8453483582, 26.7879714966, -15.5124511719], [-16.9613990784, -104.766716003, 58.9538955688, 160.750396729, 112.768203735, 86.0889892578, 6.54206514359, -24.2934646606, -29.7331180573, -29.6438598633, 0.76602935791, 6.21532201767, -19.6184501648], [-268.777770996, -189.865005493, 93.0287628174, 112.768203735, 209.341201782, 219.207687378, 37.7343292236, -44.0866508484, -75.9036026001, -113.766670227, -35.2780532837, 67.6289978027, 26.9432582855], [-290.793243408, -229.257781982, 70.4672393799, 86.0889892578, 219.207687378, 300.167114258, 84.065826416, -53.1140823364, -111.882492065, -167.530715942, -68.1414260864, 84.4168701172, 57.4512367249], [39.5452346802, -38.4212112427, -40.2511367798, 6.54206514359, 37.7343292236, 84.065826416, 87.8891296387, 12.5454387665, -64.1746673584, -69.3287734985, -39.9194831848, 11.346701622, 58.9057502747], [180.569534302, 77.7142181396, -40.3008995056, -24.2934646606, -44.0866508484, -53.1140823364, 12.5454387665, 76.7710189819, 57.0249710083, 28.6403923035, -12.0159521103, -29.3156776428, -0.958288788795], [166.293716431, 119.855239868, 3.56786894798, -29.7331180573, -75.9036026001, -111.882492065, -64.1746673584, 57.0249710083, 144.710540771, 106.269065857, 16.6678829193, -43.0917510986, -73.4770050049], [273.033721924, 169.697067261, -30.0660705566, -29.6438598633, -113.766670227, -167.530715942, -69.3287734985, 28.6403923035, 106.269065857, 173.38142395, 92.411239624, -45.6384124756, -86.5917510986], [166.226318359, 84.3941116333, -28.8453483582, 0.76602935791, -35.2780532837, -68.1414260864, -39.9194831848, -12.0159521103, 16.6678829193, 92.411239624, 104.899429321, 6.56384468079, -54.0194969177], [-111.543334961, -52.899772644, 26.7879714966, 6.21532201767, 67.6289978027, 84.4168701172, 11.346701622, -29.3156776428, -43.0917510986, -45.6384124756, 6.56384468079, 61.732585907, 31.2565670013], [-63.9926147461, -42.9936904907, -15.5124511719, -19.6184501648, 26.9432582855, 57.4512367249, 58.9057502747, -0.958288788795, -73.4770050049, -86.5917510986, -54.0194969177, 31.2565670013, 117.700820923]],
