{
"lowlevel": {
    "average_loudness": 0.987629830837,
    "barkbands_crest": {
        "dmean": 0.445332676172,
        "dmean2": 0.584336578846,
        "dvar": 0.477006524801,
        "dvar2": 0.452846318483,
        "max": 21.5690097809,
        "mean": 20.5846138,
        "median": 20.5768566132,
        "min": 7.86176967621,
        "var": 0.738086819649
    },
    "barkbands_flatness_db": {
        "dmean": 0.0411029458046,
        "dmean2": 0.0678863152862,
        "dvar": 0.000774794665631,
        "dvar2": 0.00232912460342,
        "max": 0.420172810555,
        "mean": 0.329769283533,
        "median": 0.331374078989,
        "min": 0.199579507113,
        "var": 0.00153368432075
    },
    "barkbands_kurtosis": {
        "dmean": 46.5653114319,
        "dmean2": 79.5964126587,
        "dvar": 999.306884766,
        "dvar2": 2862.74487305,
        "max": 202.632553101,
        "mean": 114.829933167,
        "median": 116.223121643,
        "min": 16.1109333038,
        "var": 1918.60888672
    },
    "barkbands_skewness": {
        "dmean": 1.39317679405,
        "dmean2": 2.42244362831,
        "dvar": 1.38977885246,
        "dvar2": 4.09605455399,
        "max": 10.9217538834,
        "mean": 8.91518592834,
        "median": 9.29088401794,
        "min": 3.89963507652,
        "var": 1.93427109718
    },
    "barkbands_spread": {
        "dmean": 1.48312735558,
        "dmean2": 2.60265684128,
        "dvar": 2.61506104469,
        "dvar2": 7.73337888718,
        "max": 11.3039512634,
        "mean": 2.0067448616,
        "median": 1.48595511913,
        "min": 0.464475810528,
        "var": 2.49176239967
    },
    "dissonance": {
        "dmean": 0.0107312742621,
        "dmean2": 0.0174879804254,
        "dvar": 0.000119151271065,
        "dvar2": 0.000276743812719,
        "max": 0.49646666646,
        "mean": 0.480002611876,
        "median": 0.483126699924,
        "min": 0.400948405266,
        "var": 0.000166018115124
    },
    "dynamic_complexity": 0.264312654734,
    "erbbands_crest": {
        "dmean": 3.0428185463,
        "dmean2": 5.47409439087,
        "dvar": 7.03055763245,
        "dvar2": 21.1528205872,
        "max": 22.926815033,
        "mean": 16.1725273132,
        "median": 16.4956665039,
        "min": 5.97539663315,
        "var": 7.87391376495
    },
    "erbbands_flatness_db": {
        "dmean": 0.0253898594528,
        "dmean2": 0.0409497916698,
        "dvar": 0.000306788220769,
        "dvar2": 0.000779596157372,
        "max": 0.284884870052,
        "mean": 0.213381186128,
        "median": 0.21149136126,
        "min": 0.1067539379,
        "var": 0.000675873830914
    },
    "erbbands_kurtosis": {
        "dmean": 4.0696849823,
        "dmean2": 6.9734249115,
        "dvar": 13.4657402039,
        "dvar2": 35.7414169312,
        "max": 20.6817932129,
        "mean": 2.46076154709,
        "median": 1.05086326599,
        "min": -1.73316037655,
        "var": 18.5608348846
    },
    "erbbands_skewness": {
        "dmean": 1.02652287483,
        "dmean2": 1.69554519653,
        "dvar": 0.474030613899,
        "dvar2": 1.39481139183,
        "max": 4.38186502457,
        "mean": 1.69698357582,
        "median": 1.60267698765,
        "min": -0.476658165455,
        "var": 0.951575279236
    },
    "erbbands_spread": {
        "dmean": 26.9675216675,
        "dmean2": 45.8005256653,
        "dvar": 323.544006348,
        "dvar2": 893.940429688,
        "max": 102.672203064,
        "mean": 58.082447052,
        "median": 56.2621040344,
        "min": 11.4078140259,
        "var": 582.183532715
    },
    "hfc": {
        "dmean": 4.07199621201,
        "dmean2": 6.33212327957,
        "dvar": 11.6254987717,
        "dvar2": 33.7306632996,
        "max": 36.9885978699,
        "mean": 23.1063079834,
        "median": 23.4716587067,
        "min": 1.09214413166,
        "var": 17.3708019257
    },
    "melbands_crest": {
        "dmean": 1.23608970642,
        "dmean2": 1.18639600277,
        "dvar": 1.09444367886,
        "dvar2": 1.24689161777,
        "max": 31.9191246033,
        "mean": 29.5320777893,
        "median": 29.5208244324,
        "min": 13.6213636398,
        "var": 2.76163625717
    },
    "melbands_flatness_db": {
        "dmean": 0.0497515536845,
        "dmean2": 0.082319624722,
        "dvar": 0.00114799221046,
        "dvar2": 0.0034902554471,
        "max": 0.56267952919,
        "mean": 0.451202094555,
        "median": 0.451683729887,
        "min": 0.318735152483,
        "var": 0.00213687168434
    },
    "melbands_kurtosis": {
        "dmean": 65.9102630615,
        "dmean2": 116.643356323,
        "dvar": 2905.3840332,
        "dvar2": 8771.80175781,
        "max": 422.68927002,
        "mean": 289.479278564,
        "median": 304.929473877,
        "min": 52.0372047424,
        "var": 4444.10546875
    },
    "melbands_skewness": {
        "dmean": 1.87561023235,
        "dmean2": 3.27427816391,
        "dvar": 2.37989664078,
        "dvar2": 6.2908577919,
        "max": 16.1660404205,
        "mean": 12.9633951187,
        "median": 13.3233280182,
        "min": 4.81226444244,
        "var": 3.35796117783
    },
    "melbands_spread": {
        "dmean": 0.670307576656,
        "dmean2": 1.17928195,
        "dvar": 0.560178995132,
        "dvar2": 1.65596151352,
        "max": 5.47410345078,
        "mean": 1.09998440742,
        "median": 0.88438051939,
        "min": 0.401659816504,
        "var": 0.532502293587
    },
    "pitch_salience": {
        "dmean": 0.0175565872341,
        "dmean2": 0.0287274811417,
        "dvar": 0.000755505403504,
        "dvar2": 0.000873562588822,
        "max": 0.772243261337,
        "mean": 0.268017083406,
        "median": 0.266884326935,
        "min": 0.204851195216,
        "var": 0.00107098545413
    },
    "silence_rate_20dB": {
        "dmean": 0,
        "dmean2": 0,
        "dvar": 0,
        "dvar2": 0,
        "max": 1,
        "mean": 1,
        "median": 1,
        "min": 1,
        "var": 0
    },
    "silence_rate_30dB": {
        "dmean": 0.00555555569008,
        "dmean2": 0.00557103054598,
        "dvar": 0.00552470237017,
        "dvar2": 0.00554001238197,
        "max": 1,
        "mean": 0.0055401660502,
        "median": 0,
        "min": 0,
        "var": 0.00550947571173
    },
    "silence_rate_60dB": {
        "dmean": 0,
        "dmean2": 0,
        "dvar": 0,
        "dvar2": 0,
        "max": 0,
        "mean": 0,
        "median": 0,
        "min": 0,
        "var": 0
    },
    "spectral_centroid": {
        "dmean": 228.034423828,
        "dmean2": 399.460510254,
        "dvar": 51343.2148438,
        "dvar2": 149112.796875,
        "max": 1517.95532227,
        "mean": 385.038818359,
        "median": 312.053894043,
        "min": 142.045440674,
        "var": 53008.1601562
    },
    "spectral_complexity": {
        "dmean": 5.24166679382,
        "dmean2": 9.2896938324,
        "dvar": 29.4555339813,
        "dvar2": 89.6597671509,
        "max": 38,
        "mean": 9.86426639557,
        "median": 8,
        "min": 1,
        "var": 30.0730686188
    },
    "spectral_decrease": {
        "dmean": 6.10607475693e-09,
        "dmean2": 5.8114091317e-09,
        "dvar": 1.32651637841e-17,
        "dvar2": 1.2323003412e-17,
        "max": -1.83923654085e-09,
        "mean": -4.4991917747e-08,
        "median": -4.47562662487e-08,
        "min": -5.9413949316e-08,
        "var": 6.00224354734e-17
    },
    "spectral_energy": {
        "dmean": 0.0232613272965,
        "dmean2": 0.0221467986703,
        "dvar": 0.000193376879906,
        "dvar2": 0.000182355594006,
        "max": 0.226774290204,
        "mean": 0.171904966235,
        "median": 0.170908465981,
        "min": 0.00704077305272,
        "var": 0.000870533578563
    },
    "spectral_energyband_high": {
        "dmean": 0.000256322702626,
        "dmean2": 0.000459813600173,
        "dvar": 7.4052316279e-08,
        "dvar2": 2.2069644956e-07,
        "max": 0.00186026107986,
        "mean": 0.00027030261117,
        "median": 0.000188879363122,
        "min": 1.50448186105e-05,
        "var": 6.59577850115e-08
    },
    "spectral_energyband_low": {
        "dmean": 0.0217871963978,
        "dmean2": 0.0207990854979,
        "dvar": 0.000174328932189,
        "dvar2": 0.000161357209436,
        "max": 0.215550765395,
        "mean": 0.164696708322,
        "median": 0.163453489542,
        "min": 0.004833240062,
        "var": 0.000771763094235
    },
    "spectral_energyband_middle_high": {
        "dmean": 0.000785838172305,
        "dmean2": 0.00140565529,
        "dvar": 6.63408229684e-07,
        "dvar2": 2.02484034162e-06,
        "max": 0.0054021938704,
        "mean": 0.00101090141106,
        "median": 0.000792079081293,
        "min": 7.43527416489e-05,
        "var": 6.55549456496e-07
    },
    "spectral_energyband_middle_low": {
        "dmean": 0.00538450526074,
        "dmean2": 0.00521084247157,
        "dvar": 8.55038342706e-06,
        "dvar2": 9.57985412242e-06,
        "max": 0.0296485796571,
        "mean": 0.0131423808634,
        "median": 0.012502649799,
        "min": 0.00227864831686,
        "var": 4.3819865823e-05
    },
    "spectral_entropy": {
        "dmean": 0.490415692329,
        "dmean2": 0.816070914268,
        "dvar": 0.111161656678,
        "dvar2": 0.319918602705,
        "max": 7.9126496315,
        "mean": 6.73670530319,
        "median": 6.77448511124,
        "min": 5.41645240784,
        "var": 0.205855667591
    },
    "spectral_flux": {
        "dmean": 0.023299369961,
        "dmean2": 0.0365863405168,
        "dvar": 0.000304383400362,
        "dvar2": 0.000513828068506,
        "max": 0.326395303011,
        "mean": 0.0612138137221,
        "median": 0.063163086772,
        "min": 0.0227956175804,
        "var": 0.000637862307485
    },
    "spectral_kurtosis": {
        "dmean": 2.34826254845,
        "dmean2": 4.15074157715,
        "dvar": 4.75667953491,
        "dvar2": 13.1169729233,
        "max": 12.0534267426,
        "mean": 2.77329397202,
        "median": 2.14496898651,
        "min": -0.021858215332,
        "var": 5.18131780624
    },
    "spectral_rms": {
        "dmean": 0.000890842522494,
        "dmean2": 0.00084569468163,
        "dvar": 4.32006743267e-07,
        "dvar2": 3.86402547292e-07,
        "max": 0.0148742469028,
        "mean": 0.0128947040066,
        "median": 0.0129127828404,
        "min": 0.00262088677846,
        "var": 1.43875820413e-06
    },
    "spectral_rolloff": {
        "dmean": 0.179443359375,
        "dmean2": 0.179943203926,
        "dvar": 11.5597705841,
        "dvar2": 11.5918798447,
        "max": 193.798828125,
        "mean": 129.378158569,
        "median": 129.19921875,
        "min": 129.19921875,
        "var": 11.5278377533
    },
    "spectral_skewness": {
        "dmean": 0.51856893301,
        "dmean2": 0.886396229267,
        "dvar": 0.150143533945,
        "dvar2": 0.430968165398,
        "max": 2.73127603531,
        "mean": 1.0442148447,
        "median": 0.976462244987,
        "min": 0.146555021405,
        "var": 0.22359828651
    },
    "spectral_spread": {
        "dmean": 309280.75,
        "dmean2": 469736.375,
        "dvar": 901185142784,
        "dvar2": 428146655232,
        "max": 27809726,
        "mean": 3556442.75,
        "median": 3525297.75,
        "min": 2509556.75,
        "var": 1.91686233293e+12
    },
    "spectral_strongpeak": {
        "dmean": 0.524293422699,
        "dmean2": 0.904171228409,
        "dvar": 0.393437623978,
        "dvar2": 0.905396878719,
        "max": 3.80931019783,
        "mean": 1.89217555523,
        "median": 2.02256321907,
        "min": 0,
        "var": 0.402975022793
    },
    "zerocrossingrate": {
        "dmean": 0.00100504560396,
        "dmean2": 0.00151244772132,
        "dvar": 8.26369046081e-07,
        "dvar2": 1.64143011716e-06,
        "max": 0.0107421875,
        "mean": 0.00673855189234,
        "median": 0.0068359375,
        "min": 0.001953125,
        "var": 1.93880828192e-06
    },
    "barkbands": {
        "dmean": [0.000143266661325, 0.00242680544034, 0.0173121932894, 0.00530754681677, 0.000406175677199, 3.65277628589e-05, 0.000123310062918, 0.000132273285999, 8.95406628842e-05, 6.49278445053e-05, 6.24575986876e-05, 3.86861320294e-05, 4.71166131319e-05, 6.56986740069e-05, 7.05786660546e-05, 3.13603850373e-05, 3.95557908632e-05, 4.02151308663e-05, 0.000299109175103, 0.000208451820072, 0.000108685126179, 1.35019108711e-05, 6.51044729238e-06, 5.33677450676e-07, 9.08737476379e-08, 1.25987739352e-07, 9.76476641767e-08],
        "dmean2": [0.000227229989832, 0.00306671950966, 0.0165808796883, 0.00518820248544, 0.000676379131619, 6.44537867629e-05, 0.000219469846343, 0.000235282408539, 0.000155936970259, 0.000114685324661, 0.000113524358312, 6.99042866472e-05, 8.68987699505e-05, 0.000115049777378, 0.000128449086333, 5.60052976653e-05, 6.93509864504e-05, 7.17009970685e-05, 0.000535997038241, 0.000372996699298, 0.000195455766516, 2.43067534029e-05, 1.18196239782e-05, 9.45276099173e-07, 1.50221694639e-07, 2.20209770418e-07, 1.56068878709e-07],
        "dvar": [1.16813147599e-07, 4.69034239359e-06, 0.000114247173769, 8.16786814539e-06, 1.16742860712e-07, 1.01132713315e-09, 1.56139652319e-08, 2.20141469498e-08, 5.28195664984e-09, 5.92525628562e-09, 4.79715422941e-09, 1.83740955784e-09, 2.53207610434e-09, 4.79784212359e-09, 5.44088329946e-09, 1.10732656378e-09, 1.64282276671e-09, 1.77996228867e-09, 9.8142919569e-08, 4.72089709547e-08, 1.36140707596e-08, 2.11071299328e-10, 4.97660627985e-11, 3.40683156599e-13, 4.99392228146e-14, 5.48583361625e-14, 3.99763636907e-14],
        "dvar2": [1.65807847452e-07, 8.10717301647e-06, 0.000103503800347, 8.54417430673e-06, 2.9697648074e-07, 3.1008047241e-09, 4.25630553025e-08, 6.54879031003e-08, 1.41720910563e-08, 1.77661494405e-08, 1.4555856076e-08, 5.6443405505e-09, 7.54814255544e-09, 1.24008794344e-08, 1.67216356317e-08, 3.26353810642e-09, 5.09199260534e-09, 5.20535881066e-09, 2.96931318644e-07, 1.42051504781e-07, 3.99327362288e-08, 6.26744156573e-10, 1.4726729558e-10, 9.32149865109e-13, 6.79032703546e-14, 1.01186582984e-13, 5.47013538524e-14],
        "max": [0.00696943001822, 0.0333679020405, 0.171266913414, 0.0258484501392, 0.00397930247709, 0.000263752706815, 0.00108350545634, 0.00141435279511, 0.000562419707421, 0.000546338967979, 0.000635892676655, 0.00029769752291, 0.000344883854268, 0.000859349733219, 0.000439660041593, 0.000212025988731, 0.000268790055998, 0.000270150980214, 0.00202145474032, 0.00139968539588, 0.000812062527984, 0.000102331032394, 4.44369616162e-05, 4.44873376182e-06, 4.00423868996e-06, 3.76781599698e-06, 4.58931117464e-06],
        "mean": [0.00105665484443, 0.0252027716488, 0.131232723594, 0.0102688483894, 0.00221902946942, 6.67905915179e-05, 0.000165104211192, 0.000208123252378, 0.000203882358619, 7.59777904022e-05, 7.28710801923e-05, 4.6349963668e-05, 5.5824231822e-05, 0.000158427268616, 7.6305193943e-05, 3.5040306102e-05, 4.37696216977e-05, 4.48005739599e-05, 0.000316506018862, 0.000217368025915, 0.00011458285735, 1.45824815263e-05, 7.10714584784e-06, 6.93822642006e-07, 1.97031639004e-07, 2.06818867809e-07, 7.65767651956e-07],
        "median": [0.00104140245821, 0.0253698918968, 0.13040420413, 0.00974961183965, 0.0021780799143, 5.85334782954e-05, 0.000123005767819, 0.000133370791445, 0.000181872805115, 5.43197311345e-05, 5.11274593009e-05, 3.43606297974e-05, 4.15085523855e-05, 0.000123378558783, 5.62411623832e-05, 2.54033220699e-05, 3.16886325891e-05, 3.2265939808e-05, 0.000219002628, 0.000159452305525, 8.0047728261e-05, 1.04070268208e-05, 5.06201013195e-06, 5.11097027811e-07, 1.60014678841e-07, 1.55588324446e-07, 7.49149023704e-07],
        "min": [0.000590945128351, 0.00204996881075, 0.00164671940729, 0.00109297700692, 0.000415622198489, 9.54104962148e-06, 1.51172434926e-05, 1.11046701932e-05, 2.52804256888e-05, 5.94744869886e-06, 5.03658975504e-06, 4.00784028898e-06, 4.74759281133e-06, 1.01809337139e-05, 4.46642525276e-06, 2.51910068982e-06, 2.08656729228e-06, 3.16401587952e-06, 3.54237386091e-06, 2.96469920613e-06, 2.79563982986e-06, 1.09827965389e-06, 5.95082099153e-07, 1.04404435319e-07, 5.78104355498e-08, 4.02710895742e-08, 3.1477722473e-07],
        "var": [1.3908848473e-07, 8.44752867124e-06, 0.000495630491059, 4.22417069785e-05, 2.20165659925e-07, 1.34050037737e-09, 1.70117235854e-08, 3.69228629893e-08, 8.57397974841e-09, 5.53818146898e-09, 4.17581569323e-09, 1.62764535183e-09, 2.23564078361e-09, 1.4272621307e-08, 4.77118256015e-09, 1.00849362195e-09, 1.52702461786e-09, 1.63621660665e-09, 8.9701984507e-08, 4.25716422114e-08, 1.21684369248e-08, 1.87191762091e-10, 4.35832238355e-11, 3.37785924448e-13, 5.94714571643e-14, 6.31929133587e-14, 8.80503759097e-14]
    },
    "erbbands": {
        "dmean": [0.0254425611347, 0.824947357178, 12.1943368912, 26.1599388123, 6.74737548828, 0.847625136375, 0.384272754192, 0.383945971727, 1.5726467371, 2.79716515541, 2.14008283615, 2.4666903019, 1.13241028786, 2.92822504044, 2.48447275162, 1.37147128582, 2.13047194481, 3.24870085716, 3.71236228943, 2.54158639908, 1.93482041359, 2.15710663795, 1.82836472988, 10.7851915359, 12.8019981384, 9.77956581116, 8.04995441437, 1.93264043331, 0.553977906704, 0.374961435795, 0.138172239065, 0.0242534801364, 0.00708432216197, 0.00140881573316, 0.000559454259928, 0.000805600837339, 0.000175827386556, 3.52630995621e-05, 1.71930496435e-05, 2.49295426329e-05],
        "dmean2": [0.0361176617444, 1.00487112999, 12.2298231125, 24.6479320526, 6.61788988113, 1.39316296577, 0.598542511463, 0.679734230042, 2.75404810905, 4.89759206772, 3.74896526337, 4.28028535843, 1.97148191929, 5.21881437302, 4.48260593414, 2.44433379173, 3.90488171577, 5.66500282288, 6.68548154831, 4.59179639816, 3.47268104553, 3.81796360016, 3.23139882088, 19.3056964874, 22.8905925751, 17.541179657, 14.4499435425, 3.4754486084, 0.994569659233, 0.675750315189, 0.25092163682, 0.0434547103941, 0.0124956024811, 0.00238125212491, 0.000943327264395, 0.00141055800486, 0.000306206900859, 5.79602492508e-05, 2.57594128925e-05, 2.40501994995e-05],
        "dvar": [0.000335864984663, 0.616895973682, 90.5916366577, 180.32875061, 14.0641899109, 0.466357350349, 0.126204773784, 0.121838971972, 2.95290756226, 10.2458934784, 4.29215335846, 4.4828209877, 1.38710415363, 10.3912878036, 7.03668022156, 2.36684918404, 5.28452730179, 11.5276107788, 13.6776285172, 7.58884763718, 4.4848446846, 5.13909196854, 3.38380050659, 122.879440308, 182.102600098, 105.302574158, 71.6831359863, 4.17619991302, 0.344279080629, 0.172243207693, 0.0213359799236, 0.000652718357742, 5.84372937737e-05, 6.78376090946e-06, 2.56366502072e-06, 1.26651457322e-06, 1.61877125038e-07, 1.69094551694e-08, 7.97388322038e-10, 2.25329838122e-10],
        "dvar2": [0.000736943795346, 0.857347905636, 81.3591461182, 167.250854492, 20.1312732697, 1.11504459381, 0.318214267492, 0.380030602217, 8.07467079163, 30.1241588593, 13.0025215149, 12.2337493896, 4.10545778275, 31.7825031281, 21.0431423187, 7.35564088821, 15.9002256393, 28.9375190735, 42.2307701111, 23.0219039917, 13.2392549515, 15.6565952301, 10.2729053497, 373.793487549, 545.006408691, 315.627868652, 213.92010498, 12.2426052094, 1.02563941479, 0.516797780991, 0.0623363927007, 0.00187945482321, 0.000159019575221, 1.03910424514e-05, 3.63698586625e-06, 2.8116392059e-06, 2.61003350488e-07, 2.24414495875e-08, 1.18974463614e-09, 2.49844589462e-10],
        "max": [0.326712787151, 12.1764135361, 166.758544922, 142.968856812, 41.3466148376, 8.86371517181, 5.17922067642, 2.97418236732, 14.6618967056, 32.1236152649, 12.6395931244, 16.9396419525, 8.57204723358, 24.1609630585, 22.3963947296, 11.2167129517, 18.0083732605, 42.3279647827, 25.2242679596, 19.9043960571, 13.7391166687, 14.909034729, 12.6160984039, 73.1679763794, 83.9482116699, 71.6396255493, 56.0635108948, 12.5495052338, 3.89266514778, 2.81919431686, 0.926444113255, 0.172483175993, 0.0668001100421, 0.0451268665493, 0.0285931620747, 0.0158772934228, 0.0068266405724, 0.00240791891702, 0.000658999662846, 0.000254147598753],
        "mean": [0.245833292603, 10.2853689194, 137.0050354, 77.9470214844, 20.6532230377, 3.61250376701, 1.24191045761, 0.686517357826, 2.03146004677, 4.10868358612, 3.42020821571, 5.62351036072, 1.98655617237, 3.45303916931, 2.98788261414, 1.72252118587, 2.71230816841, 8.04038238525, 5.11424207687, 2.85827946663, 2.13818907738, 2.41704177856, 2.05917286873, 11.4055643082, 13.5448188782, 10.1757898331, 8.42571353912, 2.0600206852, 0.598883807659, 0.406129479408, 0.152001142502, 0.0284350048751, 0.00999290309846, 0.00286059407517, 0.00123935041483, 0.00127137941308, 0.000305286812363, 0.000148418490426, 0.000159686009283, 0.000202061215532],
        "median": [0.243597149849, 10.3268346786, 136.189788818, 75.9853210449, 20.1739883423, 3.47065043449, 1.18008542061, 0.596042215824, 1.44462788105, 2.80391979218, 2.62835121155, 5.05897569656, 1.59632396698, 2.51756596565, 2.2122695446, 1.30479729176, 2.04298973083, 6.13511180878, 3.99028706551, 2.12727665901, 1.55783975124, 1.7373342514, 1.48543250561, 8.04046344757, 9.49349784851, 7.06997299194, 5.84861135483, 1.41224968433, 0.43894931674, 0.29204916954, 0.109345942736, 0.0209898464382, 0.00770709197968, 0.0023254416883, 0.000991464592516, 0.000948294939008, 0.000213713778066, 0.000134291927679, 0.000155999747221, 0.000201163507882],
        "min": [0.0648016706109, 0.452775716782, 1.68871462345, 3.16496896744, 3.38081860542, 1.27037620544, 0.436054140329, 0.152093589306, 0.191771179438, 0.437198609114, 0.477567315102, 0.572454094887, 0.381619930267, 0.287659108639, 0.22023011744, 0.245019689202, 0.325135499239, 0.556030035019, 0.290685415268, 0.223752498627, 0.154539972544, 0.169509574771, 0.184780627489, 0.196445316076, 0.138939514756, 0.151913881302, 0.128714174032, 0.0953608378768, 0.041696857661, 0.03590214625, 0.0132970614359, 0.00315074645914, 0.00180739175994, 0.000859539431985, 0.000423767283792, 0.000275298341876, 8.77767888596e-05, 5.4461768741e-05, 9.96085000224e-05, 3.24520515278e-05],
        "var": [0.000933637726121, 1.18474137783, 285.637786865, 1021.90808105, 69.7684936523, 0.980358183384, 0.223917126656, 0.145856201649, 3.06069254875, 14.5313205719, 5.90692567825, 7.06008148193, 1.56623768806, 9.62055397034, 6.60851430893, 2.09533023834, 4.84413290024, 37.2875709534, 14.4767112732, 6.70940589905, 3.97796440125, 4.67317962646, 3.16763949394, 111.443527222, 169.799835205, 94.714515686, 64.4295883179, 3.76925730705, 0.310236275196, 0.148341521621, 0.0191198401153, 0.000608526577707, 6.10731585766e-05, 8.16589545138e-06, 2.97489714285e-06, 1.42723013141e-06, 1.91652731019e-07, 2.12305657499e-08, 1.33661059998e-09, 9.49557876773e-10]
    },
    "gfcc": {
        "mean": [-44.4058036804, 149.131637573, -95.3886413574, 76.3456573486, -11.3886270523, -1.93773090839, 16.7698249817, -9.50378227234, -13.9568014145, -8.23818206787, -16.9145812988, -32.829460144, -22.0940322876],
        "cov": [[603.622802734, -183.154693604, -356.52557373, 97.7514724731, -95.3425674438, 34.1532325745, 23.233335495, 32.7202377319, 19.7703971863, 19.1359081268, 8.67071151733, 54.1880683899, -8.53161048889], [-183.154693604, 98.2441864014, 108.759765625, -38.6831855774, 31.5087184906, -23.8929691315, 1.44831645489, -17.3556842804, -0.843425095081, -6.76571989059, 0.457224011421, -27.0437030792, 0.578456521034], [-356.52557373, 108.759765625, 240.062286377, -69.6642303467, 56.3531570435, -19.1344451904, -23.3903808594, -19.6464920044, -18.0665302277, -8.14154434204, -9.01703739166, -33.2316322327, 2.08326506615], [97.7514724731, -38.6831855774, -69.6642303467, 60.7281036377, -7.69762897491, 3.15175104141, 10.2511301041, -5.80191516876, -1.21763014793, -15.5989217758, -2.40422034264, 6.85904550552, 5.85146093369], [-95.3425674438, 31.5087184906, 56.3531570435, -7.69762897491, 36.5759811401, -0.970694839954, -0.487477272749, -13.5927124023, -12.8672971725, -10.9869537354, -7.05882930756, -13.3156585693, 1.21677708626], [34.1532325745, -23.8929691315, -19.1344451904, 3.15175104141, -0.970694839954, 18.3935642242, 1.02477371693, 0.488206982613, -5.74642276764, -3.00765991211, -2.57112956047, 4.09379720688, 1.2001773119], [23.233335495, 1.44831645489, -23.3903808594, 10.2511301041, -0.487477272749, 1.02477371693, 18.0964336395, 0.999372601509, 1.24712622166, -5.7456073761, -3.14741587639, -4.53150653839, -1.11058592796], [32.7202377319, -17.3556842804, -19.6464920044, -5.80191516876, -13.5927124023, 0.488206982613, 0.999372601509, 17.9447746277, 6.73158359528, 7.57773303986, 0.322331339121, 4.68829059601, -2.88335466385], [19.7703971863, -0.843425095081, -18.0665302277, -1.21763014793, -12.8672971725, -5.74642276764, 1.24712622166, 6.73158359528, 16.7644882202, 9.21117591858, 4.01711845398, -1.28237307072, -5.92252349854], [19.1359081268, -6.76571989059, -8.14154434204, -15.5989217758, -10.9869537354, -3.00765991211, -5.7456073761, 7.57773303986, 9.21117591858, 23.2881031036, 7.3671746254, 2.32880592346, -8.95529079437], [8.67071151733, 0.457224011421, -9.01703739166, -2.40422034264, -7.05882930756, -2.57112956047, -3.14741587639, 0.322331339121, 4.01711845398, 7.3671746254, 10.8264369965, 3.54636669159, -1.15815901756], [54.1880683899, -27.0437030792, -33.2316322327, 6.85904550552, -13.3156585693, 4.09379720688, -4.53150653839, 4.68829059601, -1.28237307072, 2.32880592346, 3.54636669159, 18.8598804474, 3.85299944878], [-8.53161048889, 0.578456521034, 2.08326506615, 5.85146093369, 1.21677708626, 1.2001773119, -1.11058592796, -2.88335466385, -5.92252349854, -8.95529079437, -1.15815901756, 3.85299944878, 11.8378458023]],
        "icov": [[0.0319508314133, -0.00136548478622, 0.0512084662914, 0.00284766568802, 0.0379915945232, 0.00564156612381, 0.0325992926955, 0.00625701854005, 0.0498884506524, -0.000830116565339, 0.0331877656281, 0.0174838230014, 0.034667506814], [-0.00136548478622, 0.19832931459, -0.0112428739667, 0.147939234972, -0.0266079995781, 0.193962588906, -0.0838742405176, 0.144341364503, -0.0480805970728, 0.113146573305, -0.0836574658751, 0.107088297606, -0.0529646165669], [0.0512084662914, -0.0112428739667, 0.103271059692, 0.0179374758154, 0.0562930926681, 0.0189538430423, 0.0807976052165, 0.00852866563946, 0.0960963368416, 0.00840288121253, 0.0633332505822, 0.0469073168933, 0.0577277056873], [0.00284766568802, 0.147939234972, 0.0179374758154, 0.158038631082, -0.00982612278312, 0.164431005716, -0.0467228926718, 0.129416331649, -0.0222629029304, 0.119356572628, -0.0493994280696, 0.0912967994809, -0.0303680375218], [0.0379915945232, -0.0266079995781, 0.0562930926681, -0.00982612278312, 0.132573336363, -0.0103527819738, 0.0528905540705, 0.0187711399049, 0.112554855645, -0.00057019025553, 0.0671569406986, 0.040142737329, 0.0699732229114], [0.00564156612381, 0.193962588906, 0.0189538430423, 0.164431005716, -0.0103527819738, 0.27791044116, -0.0570475123823, 0.146421864629, 0.00981355831027, 0.128298416734, -0.0550819076598, 0.118870660663, -0.0289377886802], [0.0325992926955, -0.0838742405176, 0.0807976052165, -0.0467228926718, 0.0528905540705, -0.0570475123823, 0.176975652575, -0.0628568828106, 0.087492570281, -0.00593853183091, 0.0784775838256, 0.0298293847591, 0.075358979404], [0.00625701854005, 0.144341364503, 0.00852866563946, 0.129416331649, 0.0187711399049, 0.146421864629, -0.0628568828106, 0.210954040289, -0.0378291606903, 0.0719510316849, -0.0126646310091, 0.0673161000013, -0.026949012652], [0.0498884506524, -0.0480805970728, 0.0960963368416, -0.0222629029304, 0.112554855645, 0.00981355831027, 0.087492570281, -0.0378291606903, 0.24137789011, -0.0286227725446, 0.0608364343643, 0.0600938275456, 0.104329496622], [-0.000830116565339, 0.113146573305, 0.00840288121253, 0.119356572628, -0.00057019025553, 0.128298416734, -0.00593853183091, 0.0719510316849, -0.0286227725446, 0.199238911271, -0.0876148417592, 0.0696941316128, 0.0425626114011], [0.0331877656281, -0.0836574658751, 0.0633332505822, -0.0493994280696, 0.0671569406986, -0.0550819076598, 0.0784775838256, -0.0126646310091, 0.0608364343643, -0.0876148417592, 0.219524949789, -0.0394255593419, 0.0427044741809], [0.0174838230014, 0.107088297606, 0.0469073168933, 0.0912967994809, 0.040142737329, 0.118870660663, 0.0298293847591, 0.0673161000013, 0.0600938275456, 0.0696941316128, -0.0394255593419, 0.208161085844, -0.0318195074797], [0.034667506814, -0.0529646165669, 0.0577277056873, -0.0303680375218, 0.0699732229114, -0.0289377886802, 0.075358979404, -0.026949012652, 0.104329496622, 0.0425626114011, 0.0427044741809, -0.0318195074797, 0.212076917291]]
    },
    "melbands": {
        "dmean": [0.000349438923877, 0.00482011632994, 0.00407649436966, 0.000169906925294, 1.83763058885e-05, 8.50823653309e-06, 2.41697998717e-05, 3.17891863233e-05, 1.62547585205e-05, 1.5453881133e-05, 5.54475263925e-06, 1.19373462439e-05, 8.61288299348e-06, 5.15006104251e-06, 3.01535988001e-06, 5.14661451234e-06, 6.64287608743e-06, 5.93707545704e-06, 4.94530013384e-06, 2.22413177653e-06, 2.36298888012e-06, 2.42689884544e-06, 1.39599467275e-06, 2.03537479138e-06, 9.22539402382e-06, 1.32591085276e-05, 5.70656266063e-06, 6.6982406679e-06, 6.41056567474e-06, 2.21059417527e-06, 6.79195125031e-07, 3.2047060472e-07, 2.01454909643e-07, 2.0642815457e-07, 8.61967208721e-08, 3.2622093471e-08, 7.47760786624e-09, 5.48167422565e-09, 2.25830687484e-09, 7.63047125485e-10],
        "dmean2": [0.000505712057929, 0.00480594951659, 0.00381204136647, 0.000204084659345, 2.99078892567e-05, 1.50412288349e-05, 4.24097052019e-05, 5.61512169952e-05, 2.87231323455e-05, 2.67936266027e-05, 9.71841654973e-06, 2.11928654608e-05, 1.55453035404e-05, 9.22328126762e-06, 5.45159218746e-06, 9.49124296312e-06, 1.1377294868e-05, 1.06354000309e-05, 8.9988916443e-06, 4.00735825679e-06, 4.25300277129e-06, 4.28457269663e-06, 2.47329899139e-06, 3.59365503755e-06, 1.65027013281e-05, 2.36918913288e-05, 1.01679424915e-05, 1.19997021102e-05, 1.14754229799e-05, 3.96776249545e-06, 1.2205874782e-06, 5.74523596697e-07, 3.64029972388e-07, 3.72410227101e-07, 1.56623968905e-07, 5.84422892302e-08, 1.31907187395e-08, 9.60984092302e-09, 3.94206667309e-09, 1.26349908314e-09],
        "dvar": [1.09593578657e-07, 1.26982031361e-05, 4.28927842222e-06, 1.33165691807e-08, 3.0843005927e-10, 6.28115406909e-11, 6.69823640997e-10, 1.38864808541e-09, 2.3934726423e-10, 1.74138287123e-10, 3.56763923959e-11, 1.75303188632e-10, 8.99610524963e-11, 3.01664526692e-11, 1.10439279249e-11, 2.96896361662e-11, 5.01922219065e-11, 3.37981587162e-11, 2.91407453723e-11, 5.69919545584e-12, 6.92517874643e-12, 6.68457086558e-12, 1.78918392688e-12, 4.60004603853e-12, 8.9354725008e-11, 1.98907681992e-10, 3.5401633014e-11, 5.0003730323e-11, 4.54842240261e-11, 5.446647907e-12, 5.1762554746e-13, 1.15040342161e-13, 4.80892181545e-14, 5.36291321139e-14, 8.1535552439e-15, 1.14373958895e-15, 7.34725311999e-17, 3.51330936199e-17, 7.75192228336e-18, 4.24158944809e-18],
        "dvar2": [2.02761441415e-07, 1.18071648103e-05, 4.05284890803e-06, 2.25509051432e-08, 7.56561757687e-10, 1.93729213227e-10, 1.83082038419e-09, 4.07192279894e-09, 7.08130776239e-10, 4.61705867982e-10, 1.05072721357e-10, 5.34074229286e-10, 2.70697075866e-10, 9.40627367663e-11, 3.35034049115e-11, 8.78559655582e-11, 1.24053906037e-10, 1.0541472556e-10, 8.89918277958e-11, 1.68309064602e-11, 2.01929480081e-11, 2.04733209552e-11, 5.29108614561e-12, 1.39095072266e-11, 2.72892319853e-10, 5.9859039947e-10, 1.0649091331e-10, 1.50068416027e-10, 1.3684681166e-10, 1.59051140314e-11, 1.53655658076e-12, 3.42007455342e-13, 1.4282639741e-13, 1.61317858485e-13, 2.36257953305e-14, 3.39361886845e-15, 1.98780421512e-16, 9.70890670839e-17, 1.54051503391e-17, 5.77355234437e-18],
        "max": [0.00529479421675, 0.0618321895599, 0.0233550295234, 0.00125067413319, 0.000252094265306, 6.82162062731e-05, 0.000226953663514, 0.000374422845198, 9.2129339464e-05, 0.000106964842416, 4.10609318351e-05, 9.75747680059e-05, 8.88974027475e-05, 3.60109115718e-05, 2.49909298873e-05, 3.30402763211e-05, 8.96476776688e-05, 4.34819994553e-05, 3.95691567974e-05, 1.52539560077e-05, 2.02807077585e-05, 1.63050171977e-05, 9.81931862043e-06, 1.40795755215e-05, 6.23307496426e-05, 8.82388922037e-05, 4.06167637266e-05, 4.90827624162e-05, 4.4291591621e-05, 1.52037855514e-05, 4.15629392592e-06, 2.16822559196e-06, 1.64926166235e-06, 1.49475590661e-06, 5.74980958845e-07, 2.27866138403e-07, 5.95038400775e-08, 4.84861040206e-08, 3.99398238926e-08, 3.69329598016e-08],
        "mean": [0.00400006491691, 0.0502630993724, 0.0131927365437, 0.00065307598561, 5.93066179135e-05, 1.43897686939e-05, 3.13549535349e-05, 4.74697844766e-05, 2.50039338425e-05, 3.56732343789e-05, 8.36680192151e-06, 1.38027926369e-05, 1.02041940409e-05, 6.15286853645e-06, 3.76558773496e-06, 6.16691295363e-06, 1.70274124685e-05, 8.53539495438e-06, 5.24915412825e-06, 2.53618350143e-06, 2.56661951425e-06, 2.6613386126e-06, 1.69536792782e-06, 2.14971851165e-06, 9.70465589489e-06, 1.38925661304e-05, 6.0579577621e-06, 6.89045327817e-06, 6.65386505716e-06, 2.33600030697e-06, 7.21038134088e-07, 3.43372079215e-07, 2.19279854718e-07, 2.21923841082e-07, 9.47662641693e-08, 3.59458525168e-08, 9.34427202282e-09, 7.3313377591e-09, 4.06179001544e-09, 1.61636493079e-09],
        "median": [0.00399804348126, 0.0500225648284, 0.0129788238555, 0.000638279307168, 5.64144684176e-05, 1.24571997731e-05, 2.25727817451e-05, 3.15587822115e-05, 2.04774441954e-05, 3.18916936521e-05, 6.28789939583e-06, 9.89577347354e-06, 7.42771590012e-06, 4.4777311814e-06, 2.84330121758e-06, 4.76398918181e-06, 1.2730659364e-05, 6.6870311457e-06, 3.86013425668e-06, 1.81949781108e-06, 1.850819217e-06, 1.85840474387e-06, 1.32033528644e-06, 1.47024786656e-06, 6.82300924382e-06, 9.58785949479e-06, 4.2427882363e-06, 4.68030884804e-06, 4.70191253044e-06, 1.65908943472e-06, 4.93455956985e-07, 2.4759035e-07, 1.60944864547e-07, 1.55120659429e-07, 6.81976572992e-08, 2.63946162704e-08, 6.87694790003e-09, 5.56330004287e-09, 3.34781313782e-09, 1.27613930534e-09],
        "min": [0.000620741862804, 0.000804963055998, 0.000562216620892, 0.000109491222247, 2.31650119531e-05, 2.83101394416e-06, 3.23204903907e-06, 4.89334024678e-06, 2.85916212306e-06, 3.62029027201e-06, 1.33561707116e-06, 9.14865779578e-07, 7.40206246519e-07, 6.97212726664e-07, 3.41677321103e-07, 6.25808127097e-07, 1.07566484076e-06, 4.95407903145e-07, 3.38800532518e-07, 1.61555320233e-07, 1.47588011146e-07, 9.6544589212e-08, 1.29977593133e-07, 1.26032446701e-07, 1.63493055538e-07, 1.22776441458e-07, 8.21856858124e-08, 1.03706916832e-07, 8.1047616618e-08, 7.0559387666e-08, 3.93798877951e-08, 2.08191011097e-08, 1.30440813706e-08, 1.81950934319e-08, 8.4556619484e-09, 2.68448352436e-09, 1.52048695856e-09, 1.00911889955e-09, 1.07785236292e-09, 4.00448535443e-10],
        "var": [1.59658739562e-07, 4.22827397415e-05, 2.48327432928e-05, 4.55996662652e-08, 5.14642772842e-10, 7.36111102628e-11, 7.0006139774e-10, 2.06083505816e-09, 3.00497932093e-10, 2.85425266755e-10, 3.80333681216e-11, 1.62519109281e-10, 8.07644090495e-11, 2.78370486384e-11, 1.0033242466e-11, 2.66674928667e-11, 1.79450523885e-10, 3.79959154417e-11, 2.46160106188e-11, 5.12328937954e-12, 6.11044071244e-12, 6.03937472948e-12, 1.78353566724e-12, 4.14007326685e-12, 8.07093974986e-11, 1.83137130461e-10, 3.26544104257e-11, 4.46556715217e-11, 4.07478946418e-11, 4.94672748944e-12, 4.65984510093e-13, 1.0403630675e-13, 4.21855306492e-14, 4.55971828491e-14, 7.38719032641e-15, 1.0546946151e-15, 6.87959431841e-17, 3.67333340719e-17, 9.39924089273e-18, 5.0294851854e-18]
    },
    "mfcc": {
        "mean": [-693.409973145, 166.919433594, -4.73576593399, 89.6915435791, 0.821775496006, 36.2607192993, 25.7607250214, 11.8700523376, 6.31323766708, 26.1646709442, 4.31819391251, -5.30178976059, -6.03294610977],
        "cov": [[973.257995605, -353.051574707, -312.813201904, 13.353307724, -148.135192871, 25.5193691254, -49.2366600037, 69.1209106445, -17.8151931763, 27.0219230652, -47.16614151, 53.5935554504, 64.9144210815], [-353.051574707, 177.433258057, 109.405174255, -12.1247196198, 44.3876914978, -16.2847194672, 15.6444482803, -34.4477729797, 5.66096544266, -4.54270172119, 23.7972869873, -18.970998764, -21.845489502], [-312.813201904, 109.405174255, 121.136871338, -10.7274065018, 46.7882614136, -13.4113283157, 11.1042938232, -25.466878891, 4.7459435463, -10.1247682571, 15.414056778, -16.4086952209, -20.656496048], [13.353307724, -12.1247196198, -10.7274065018, 37.8052597046, -0.300431668758, 8.38239574432, 1.20572984219, 6.12602519989, -0.341236531734, -0.540290653706, -7.75509166718, -5.87123203278, -2.92727017403], [-148.135192871, 44.3876914978, 46.7882614136, -0.300431668758, 39.3404960632, 2.29629325867, 11.26902771, -10.0704050064, 0.445922940969, -9.8347568512, 2.96915769577, -13.2455854416, -13.0106868744], [25.5193691254, -16.2847194672, -13.4113283157, 8.38239574432, 2.29629325867, 21.7426109314, 7.03711700439, 5.53138160706, -3.4152302742, -2.3379611969, -7.35177135468, -5.51980066299, -4.58496856689], [-49.2366600037, 15.6444482803, 11.1042938232, 1.20572984219, 11.26902771, 7.03711700439, 20.0275192261, 1.33804190159, 2.29583239555, -4.65253639221, -3.04687094688, -9.58737754822, -7.9179444313], [69.1209106445, -34.4477729797, -25.466878891, 6.12602519989, -10.0704050064, 5.53138160706, 1.33804190159, 19.4260902405, 2.54579687119, -0.123295888305, -9.88474273682, -2.28249764442, 1.41537690163], [-17.8151931763, 5.66096544266, 4.7459435463, -0.341236531734, 0.445922940969, -3.4152302742, 2.29583239555, 2.54579687119, 11.2128810883, 1.50889623165, 0.970610797405, -3.08006763458, -3.03688907623], [27.0219230652, -4.54270172119, -10.1247682571, -0.540290653706, -9.8347568512, -2.3379611969, -4.65253639221, -0.123295888305, 1.50889623165, 14.2959251404, 6.61383008957, 3.7980196476, -0.668715655804], [-47.16614151, 23.7972869873, 15.414056778, -7.75509166718, 2.96915769577, -7.35177135468, -3.04687094688, -9.88474273682, 0.970610797405, 6.61383008957, 18.8210144043, 5.77170276642, -1.69642531872], [53.5935554504, -18.970998764, -16.4086952209, -5.87123203278, -13.2455854416, -5.51980066299, -9.58737754822, -2.28249764442, -3.08006763458, 3.7980196476, 5.77170276642, 17.9596996307, 10.6594429016], [64.9144210815, -21.845489502, -20.656496048, -2.92727017403, -13.0106868744, -4.58496856689, -7.9179444313, 1.41537690163, -3.03688907623, -0.668715655804, -1.69642531872, 10.6594429016, 17.0747127533]],
