{
"lowlevel": {
    "average_loudness": 0.990032017231,
    "barkbands_crest": {
        "dmean": 0.758127331734,
        "dmean2": 0.799513757229,
        "dvar": 0.24863357842,
        "dvar2": 0.299477517605,
        "max": 20.1669158936,
        "mean": 18.5710220337,
        "median": 18.4087734222,
        "min": 11.2170715332,
        "var": 0.815731704235
    },
    "barkbands_flatness_db": {
        "dmean": 0.00921934656799,
        "dmean2": 0.0136154880747,
        "dvar": 7.37883528927e-05,
        "dvar2": 0.000152763546794,
        "max": 0.549578428268,
        "mean": 0.487929314375,
        "median": 0.48788356781,
        "min": 0.349118411541,
        "var": 0.000180180650204
    },
    "barkbands_kurtosis": {
        "dmean": 9.47486114502,
        "dmean2": 13.4089736938,
        "dvar": 61.3444747925,
        "dvar2": 161.247680664,
        "max": 129.470108032,
        "mean": 37.9137229919,
        "median": 36.1612701416,
        "min": 10.6051273346,
        "var": 130.621795654
    },
    "barkbands_skewness": {
        "dmean": 0.298709660769,
        "dmean2": 0.481717944145,
        "dvar": 0.0977977663279,
        "dvar2": 0.278835862875,
        "max": 6.52676820755,
        "mean": 2.48168134689,
        "median": 2.41850948334,
        "min": 1.23492228985,
        "var": 0.146344706416
    },
    "barkbands_spread": {
        "dmean": 0.0214482266456,
        "dmean2": 0.0254534203559,
        "dvar": 0.000390296452679,
        "dvar2": 0.000599832565058,
        "max": 0.902641057968,
        "mean": 0.536696195602,
        "median": 0.537869870663,
        "min": 0.442762047052,
        "var": 0.00103167933412
    },
    "dissonance": {
        "dmean": 0.0163146797568,
        "dmean2": 0.0288075301796,
        "dvar": 0.000175155742909,
        "dvar2": 0.000452351087006,
        "max": 0.468715548515,
        "mean": 0.423495322466,
        "median": 0.423485159874,
        "min": 0.373119920492,
        "var": 0.000248872791417
    },
    "dynamic_complexity": 0.280600309372,
    "erbbands_crest": {
        "dmean": 2.11617636681,
        "dmean2": 2.12739419937,
        "dvar": 1.16737854481,
        "dvar2": 1.19582498074,
        "max": 21.7939090729,
        "mean": 16.7014350891,
        "median": 16.3869762421,
        "min": 13.1725816727,
        "var": 5.90727424622
    },
    "erbbands_flatness_db": {
        "dmean": 0.0104943607002,
        "dmean2": 0.0144232288003,
        "dvar": 8.18706903374e-05,
        "dvar2": 0.000171999985469,
        "max": 0.407900691032,
        "mean": 0.340108841658,
        "median": 0.340415477753,
        "min": 0.205787807703,
        "var": 0.000228287186474
    },
    "erbbands_kurtosis": {
        "dmean": 6.11680698395,
        "dmean2": 9.25548934937,
        "dvar": 21.7432193756,
        "dvar2": 51.9735603333,
        "max": 93.3182220459,
        "mean": 71.1161956787,
        "median": 71.1703643799,
        "min": 22.1414718628,
        "var": 52.929599762
    },
    "erbbands_skewness": {
        "dmean": 0.517327785492,
        "dmean2": 0.643271744251,
        "dvar": 0.136013567448,
        "dvar2": 0.228527233005,
        "max": 7.84628105164,
        "mean": 6.5620341301,
        "median": 6.66953277588,
        "min": 4.27112388611,
        "var": 0.3835760355
    },
    "erbbands_spread": {
        "dmean": 0.52681094408,
        "dmean2": 0.797188222408,
        "dvar": 0.357305169106,
        "dvar2": 0.889263272285,
        "max": 11.7627315521,
        "mean": 3.57629656792,
        "median": 3.45895934105,
        "min": 1.87739861012,
        "var": 0.493741184473
    },
    "hfc": {
        "dmean": 3.48760962486,
        "dmean2": 3.42509889603,
        "dvar": 3.15684938431,
        "dvar2": 2.97061133385,
        "max": 25.9628009796,
        "mean": 19.5671958923,
        "median": 19.3255977631,
        "min": 6.61389112473,
        "var": 15.9058790207
    },
    "melbands_crest": {
        "dmean": 1.43847715855,
        "dmean2": 1.42592656612,
        "dvar": 0.514948129654,
        "dvar2": 0.479179054499,
        "max": 30.3229961395,
        "mean": 27.4749622345,
        "median": 27.4271297455,
        "min": 22.3033065796,
        "var": 2.73870182037
    },
    "melbands_flatness_db": {
        "dmean": 0.0111244320869,
        "dmean2": 0.0160071328282,
        "dvar": 9.14201373234e-05,
        "dvar2": 0.000201664952328,
        "max": 0.698481976986,
        "mean": 0.628902196884,
        "median": 0.629132509232,
        "min": 0.494428515434,
        "var": 0.000238560533035
    },
    "melbands_kurtosis": {
        "dmean": 14.0192899704,
        "dmean2": 19.0989055634,
        "dvar": 138.077194214,
        "dvar2": 342.198669434,
        "max": 178.075164795,
        "mean": 46.828830719,
        "median": 43.8923187256,
        "min": 12.3521547318,
        "var": 273.736450195
    },
    "melbands_skewness": {
        "dmean": 0.29832303524,
        "dmean2": 0.417090207338,
        "dvar": 0.0763483271003,
        "dvar2": 0.204236224294,
        "max": 5.68574714661,
        "mean": 2.40952849388,
        "median": 2.36097335815,
        "min": 1.37328863144,
        "var": 0.13689288497
    },
    "melbands_spread": {
        "dmean": 0.0329160355031,
        "dmean2": 0.0338168181479,
        "dvar": 0.000355182157364,
        "dvar2": 0.000434289046098,
        "max": 0.649254262447,
        "mean": 0.435246348381,
        "median": 0.440019369125,
        "min": 0.334606438875,
        "var": 0.00163781456649
    },
    "pitch_salience": {
        "dmean": 0.0156647432595,
        "dmean2": 0.0157362166792,
        "dvar": 0.000115436574561,
        "dvar2": 0.000198190391529,
        "max": 0.546675086021,
        "mean": 0.357505053282,
        "median": 0.358502805233,
        "min": 0.308846861124,
        "var": 0.000381008838303
    },
    "silence_rate_20dB": {
        "dmean": 0,
        "dmean2": 0,
        "dvar": 0,
        "dvar2": 0,
        "max": 1,
        "mean": 1,
        "median": 1,
        "min": 1,
        "var": 0
    },
    "silence_rate_30dB": {
        "dmean": 0.00222469400615,
        "dmean2": 0.00222717155702,
        "dvar": 0.00221974262968,
        "dvar2": 0.00222219806165,
        "max": 1,
        "mean": 0.00222222227603,
        "median": 0,
        "min": 0,
        "var": 0.00221729278564
    },
    "silence_rate_60dB": {
        "dmean": 0,
        "dmean2": 0,
        "dvar": 0,
        "dvar2": 0,
        "max": 0,
        "mean": 0,
        "median": 0,
        "min": 0,
        "var": 0
    },
    "spectral_centroid": {
        "dmean": 3.88263845444,
        "dmean2": 4.20553064346,
        "dvar": 6.47551488876,
        "dvar2": 10.8686418533,
        "max": 176.767410278,
        "mean": 141.183792114,
        "median": 141.825500488,
        "min": 129.316299438,
        "var": 21.9728507996
    },
    "spectral_complexity": {
        "dmean": 0.758620679379,
        "dmean2": 1.25723826885,
        "dvar": 0.72371327877,
        "dvar2": 1.17101979256,
        "max": 5,
        "mean": 3.45666670799,
        "median": 4,
        "min": 1,
        "var": 0.981461167336
    },
    "spectral_decrease": {
        "dmean": 6.2978382509e-09,
        "dmean2": 6.17677420323e-09,
        "dvar": 1.0519737269e-17,
        "dvar2": 1.01211826247e-17,
        "max": -1.67769869108e-08,
        "mean": -4.2360362329e-08,
        "median": -4.20137453716e-08,
        "min": -5.38757412016e-08,
        "var": 5.20428358624e-17
    },
    "spectral_energy": {
        "dmean": 0.0240857116878,
        "dmean2": 0.0236231572926,
        "dvar": 0.000153818997205,
        "dvar2": 0.000147941333125,
        "max": 0.20569139719,
        "mean": 0.161651968956,
        "median": 0.160324305296,
        "min": 0.0639203414321,
        "var": 0.000761158240493
    },
    "spectral_energyband_high": {
        "dmean": 3.11710755341e-06,
        "dmean2": 4.63711285192e-06,
        "dvar": 9.55334162472e-12,
        "dvar2": 2.47580480423e-11,
        "max": 5.05861244164e-05,
        "mean": 8.76567810337e-06,
        "median": 7.80153186497e-06,
        "min": 1.97750591724e-06,
        "var": 1.48870984984e-11
    },
    "spectral_energyband_low": {
        "dmean": 0.0194322187454,
        "dmean2": 0.0190176479518,
        "dvar": 0.000102483048977,
        "dvar2": 0.000103962542198,
        "max": 0.17925325036,
        "mean": 0.142714545131,
        "median": 0.14162518084,
        "min": 0.0573932789266,
        "var": 0.000496930268127
    },
    "spectral_energyband_middle_high": {
        "dmean": 3.58199554285e-06,
        "dmean2": 5.30496572537e-06,
        "dvar": 1.35086542646e-11,
        "dvar2": 3.28728502752e-11,
        "max": 6.5485095547e-05,
        "mean": 1.5355690266e-05,
        "median": 1.45842723214e-05,
        "min": 7.18882347428e-06,
        "var": 1.96160969412e-11
    },
    "spectral_energyband_middle_low": {
        "dmean": 0.00913003552705,
        "dmean2": 0.00917981285602,
        "dvar": 2.19850971916e-05,
        "dvar2": 2.08129258681e-05,
        "max": 0.0441063828766,
        "mean": 0.0267016775906,
        "median": 0.025429289788,
        "min": 0.00930319260806,
        "var": 0.000108833912236
    },
    "spectral_entropy": {
        "dmean": 0.0883053615689,
        "dmean2": 0.148782625794,
        "dvar": 0.017462849617,
        "dvar2": 0.0298498738557,
        "max": 7.33991861343,
        "mean": 4.79175901413,
        "median": 4.78535556793,
        "min": 4.31425905228,
        "var": 0.0202475003898
    },
    "spectral_flux": {
        "dmean": 0.0217192359269,
        "dmean2": 0.0370912998915,
        "dvar": 0.000202604802325,
        "dvar2": 0.000481768278405,
        "max": 0.273395985365,
        "mean": 0.0600484758615,
        "median": 0.0624824501574,
        "min": 0.0301099345088,
        "var": 0.000316597579513
    },
    "spectral_kurtosis": {
        "dmean": 7.97335004807,
        "dmean2": 14.2257652283,
        "dvar": 38.2942581177,
        "dvar2": 115.16582489,
        "max": 78.3105773926,
        "mean": 26.4898204803,
        "median": 25.9048938751,
        "min": 3.94189596176,
        "var": 53.3144836426
    },
    "spectral_rms": {
        "dmean": 0.000939128396567,
        "dmean2": 0.000917009776458,
        "dvar": 2.40971303356e-07,
        "dvar2": 2.29541072372e-07,
        "max": 0.0141659639776,
        "mean": 0.0125117823482,
        "median": 0.0125065566972,
        "min": 0.00789691787213,
        "var": 1.16466617328e-06
    },
    "spectral_rolloff": {
        "dmean": 6.99409914017,
        "dmean2": 13.9558172226,
        "dvar": 101.687324524,
        "dvar2": 105.74848938,
        "max": 150.732421875,
        "mean": 141.25932312,
        "median": 150.732421875,
        "min": 129.19921875,
        "var": 114.250511169
    },
    "spectral_skewness": {
        "dmean": 0.542526364326,
        "dmean2": 0.954670727253,
        "dvar": 0.182828634977,
        "dvar2": 0.540401697159,
        "max": 7.09363079071,
        "mean": 4.18159627914,
        "median": 4.16283369064,
        "min": 2.18465828896,
        "var": 0.248037025332
    },
    "spectral_spread": {
        "dmean": 375011.53125,
        "dmean2": 593314.375,
        "dvar": 655885467648,
        "dvar2": 730458619904,
        "max": 24686546,
        "mean": 2277975,
        "median": 2206611.5,
        "min": 1048158,
        "var": 703820398592
    },
    "spectral_strongpeak": {
        "dmean": 0.405731379986,
        "dmean2": 0.788645148277,
        "dvar": 0.109547130764,
        "dvar2": 0.190533354878,
        "max": 2.05573391914,
        "mean": 1.47895932198,
        "median": 1.54195189476,
        "min": 0.361300498247,
        "var": 0.106957487762
    },
    "zerocrossingrate": {
        "dmean": 0.000127637482365,
        "dmean2": 0.000213147272007,
        "dvar": 7.83863995935e-08,
        "dvar2": 1.66967623727e-07,
        "max": 0.0078125,
        "mean": 0.00490831164643,
        "median": 0.0048828125,
        "min": 0.00244140625,
        "var": 6.42526103434e-08
    },
    "barkbands": {
        "dmean": [2.94514429697e-05, 0.00134018796962, 0.0170485600829, 0.0074714878574, 0.00264612981118, 0.000194947162527, 1.26909144456e-05, 1.36144819862e-06, 4.48410702347e-07, 4.13761682694e-07, 5.41812255506e-07, 5.4734027799e-07, 3.79359590852e-07, 3.91868866245e-07, 3.14851234862e-07, 3.49610104422e-07, 3.35709444244e-07, 1.07130813376e-06, 1.90106015907e-06, 1.0135526054e-06, 1.61853256486e-06, 1.90390906596e-07, 9.39595210525e-08, 9.61390810517e-07, 1.10460099734e-07, 1.54704238753e-07, 1.47147387608e-08],
        "dmean2": [4.66477831651e-05, 0.00152372091543, 0.0166230518371, 0.00744749465957, 0.00260840030387, 0.000195877393708, 1.36521121021e-05, 2.03855415748e-06, 7.4150943874e-07, 6.8182657742e-07, 8.92849527645e-07, 9.13572819172e-07, 6.62497711801e-07, 6.71890234116e-07, 5.26502674347e-07, 5.38495953606e-07, 5.41881604477e-07, 1.6195687067e-06, 3.08419316752e-06, 1.59967669333e-06, 2.57918850366e-06, 3.11566424216e-07, 1.50648261865e-07, 1.44587625073e-06, 1.6105714451e-07, 2.26549133231e-07, 2.41371065357e-08],
        "dvar": [1.19918404096e-08, 6.35011076611e-07, 8.00506022642e-05, 1.42989474625e-05, 1.78054403932e-06, 1.12129399099e-08, 6.01973609848e-11, 1.91874814648e-12, 3.7398621526e-13, 3.58464533013e-13, 2.68082024678e-13, 2.72219557009e-13, 1.25221976343e-13, 1.4829592632e-13, 1.04057895926e-13, 9.98739258613e-14, 8.75191032926e-14, 1.0396623883e-12, 3.76818498279e-12, 9.93338224176e-13, 2.25292094008e-12, 5.88205834951e-14, 5.22022305753e-14, 1.02369870393e-12, 1.78835184237e-14, 2.73289047913e-14, 3.19158520515e-15],
        "dvar2": [1.22168026806e-08, 1.14736576506e-06, 7.82667120802e-05, 1.59274168254e-05, 1.72116756403e-06, 1.13754694553e-08, 9.97505342215e-11, 3.32964320178e-12, 5.93055986264e-13, 6.05495796731e-13, 6.36575373577e-13, 6.26348528165e-13, 2.84076093812e-13, 3.90913484308e-13, 2.54575142434e-13, 2.46195289632e-13, 2.20227644714e-13, 2.54951918952e-12, 1.0244703523e-11, 2.58576797127e-12, 6.43308583487e-12, 1.51158599526e-13, 1.44469953036e-13, 2.55538515695e-12, 4.38128537356e-14, 5.68570255981e-14, 4.42547609886e-15],
        "max": [0.00282468833029, 0.0266090668738, 0.142402753234, 0.0311318915337, 0.014242677018, 0.00111783994362, 0.000100478828244, 3.16470650432e-05, 1.59613264259e-05, 1.61020998348e-05, 9.43196664593e-06, 9.14573683986e-06, 6.97179393683e-06, 5.58855890631e-06, 5.1602255553e-06, 3.98729889639e-06, 4.16003467762e-06, 9.94385391095e-06, 2.17132746911e-05, 1.41333193824e-05, 1.71574538399e-05, 4.3969394028e-06, 5.11862117492e-06, 7.9713154264e-06, 2.58672207565e-06, 1.51333892973e-06, 1.5994800151e-06],
        "mean": [0.000207206336199, 0.0234994124621, 0.111220642924, 0.0170194599777, 0.00912308134139, 0.000502975948621, 5.00038477185e-05, 4.34048615716e-06, 1.22004666991e-06, 1.10576741008e-06, 1.14650629257e-06, 1.51575977725e-06, 8.9590588459e-07, 8.86770862962e-07, 7.46599312151e-07, 8.90000592335e-07, 1.01160810573e-06, 2.53855023402e-06, 3.73091825168e-06, 2.545548341e-06, 4.43387261839e-06, 4.22169904368e-07, 2.32705531289e-07, 1.54242684403e-06, 2.69914352202e-07, 2.83627912268e-07, 7.9879526993e-08],
        "median": [0.000200137903448, 0.0235179197043, 0.111007601023, 0.0160761401057, 0.00890435092151, 0.000475031876704, 4.82183313579e-05, 4.10759184888e-06, 1.133064643e-06, 1.01608111436e-06, 1.02915896605e-06, 1.38520681503e-06, 8.29197233543e-07, 8.14424481632e-07, 6.93157971909e-07, 8.20981085781e-07, 9.60657530413e-07, 2.21245909415e-06, 3.20082062899e-06, 2.33951686823e-06, 4.03148351324e-06, 3.55868621682e-07, 2.05200592518e-07, 1.06129687083e-06, 2.32996868021e-07, 2.0200103279e-07, 7.55472910896e-08],
        "min": [0.000158854207257, 0.0205335821956, 0.0265556368977, 0.00523707224056, 0.00174315401819, 0.00010230706539, 1.17718172987e-05, 1.24282871639e-06, 2.07364465155e-07, 1.85265534469e-07, 1.61239668728e-07, 2.4092565809e-07, 2.20227789782e-07, 1.98176167032e-07, 1.3908550045e-07, 2.58312184087e-07, 1.74194283886e-07, 3.15419754315e-07, 5.39991845017e-07, 6.81663550495e-07, 1.05710739717e-06, 7.5539183797e-08, 5.28884598339e-08, 3.84971379219e-08, 2.96958315715e-08, 1.51603245513e-08, 4.78468038523e-08],
        "var": [1.2455461551e-08, 2.19283015213e-06, 0.000384491111618, 7.1982954978e-05, 9.2336022135e-06, 6.42467270495e-08, 2.9479518826e-10, 3.09867084249e-12, 5.28411678562e-13, 4.78172623025e-13, 3.86200836935e-13, 4.47668757533e-13, 1.70128044681e-13, 1.74815823167e-13, 1.25149307692e-13, 1.59454480869e-13, 1.99205479586e-13, 1.53576966682e-12, 4.51723641132e-12, 1.44781777713e-12, 3.07186307641e-12, 6.39381261694e-14, 3.91068267721e-14, 1.80745295033e-12, 2.87274239499e-14, 6.09831263721e-14, 3.06649770884e-15]
    },
    "erbbands": {
        "dmean": [0.00638215336949, 0.276046901941, 11.275305748, 26.6048927307, 14.3009128571, 6.98263263702, 2.94067955017, 1.38118350506, 0.304943263531, 0.0992330759764, 0.020927855745, 0.0102429986, 0.0133433565497, 0.0146769862622, 0.017348786816, 0.0243824869394, 0.0162558835, 0.018887989223, 0.0158818699419, 0.0174365714192, 0.0198342613876, 0.0173771511763, 0.0429457686841, 0.0894536525011, 0.078462742269, 0.0438510552049, 0.0929450541735, 0.0285090189427, 0.00776186212897, 0.00485150003806, 0.00259201950394, 0.016463348642, 0.0158493630588, 0.00131660420448, 0.0012011656072, 0.00105113792233, 0.000172098953044, 2.06882959901e-05, 1.12287134471e-05, 2.61538571067e-05],
        "dmean2": [0.0105349700898, 0.377763152122, 11.0306406021, 26.5555152893, 14.0818529129, 6.91865205765, 2.95116972923, 1.38187766075, 0.313688397408, 0.114653706551, 0.0340078733861, 0.0167044810951, 0.0213480051607, 0.0245872922242, 0.028542432934, 0.0405113957822, 0.0283502582461, 0.0323650054634, 0.0266881622374, 0.0290874484926, 0.0301734395325, 0.0276577640325, 0.0639327540994, 0.141788080335, 0.124600745738, 0.0693251937628, 0.150794282556, 0.046157553792, 0.0126114226878, 0.00778841227293, 0.00400992110372, 0.0247166808695, 0.0241301562637, 0.00186889758334, 0.00172529823612, 0.00150926376227, 0.000254722661339, 3.32585768774e-05, 1.13923288154e-05, 2.56450166489e-05],
        "dvar": [0.000173627660843, 0.0501140020788, 44.2782592773, 184.35697937, 51.9703445435, 12.4256534576, 2.33567023277, 0.563116312027, 0.0300789438188, 0.00420220894739, 0.000475236010971, 0.000202153183636, 0.000360839447239, 0.000342183397152, 0.000315620825859, 0.000539208645932, 0.000262256886344, 0.000364726118278, 0.00028707072488, 0.000342039187672, 0.000275697559118, 0.000255941471551, 0.00163631746545, 0.00817500893027, 0.00599490199238, 0.00193276652135, 0.00791082996875, 0.000832693709526, 9.70938854152e-05, 6.46984990453e-05, 3.24449611071e-05, 0.000294666620903, 0.000292236654786, 3.9784490582e-06, 1.25836936604e-06, 1.15860132155e-06, 3.67749564134e-08, 3.15833426079e-09, 6.8505492945e-11, 1.79065318129e-10],
        "dvar2": [0.000202541501494, 0.0784942358732, 43.808013916, 177.53843689, 48.3064041138, 11.7087936401, 2.14566659927, 0.637391626835, 0.0404363423586, 0.00767096551135, 0.000902231142391, 0.000312332442263, 0.000621964689344, 0.000637621094938, 0.000675141927786, 0.0012473546667, 0.000581268395763, 0.000924615713302, 0.000725638761651, 0.000841334345751, 0.000666355830617, 0.000647752720397, 0.00407366920263, 0.0218667741865, 0.0156885385513, 0.0049812127836, 0.0221083164215, 0.00208425428718, 0.000253645703197, 0.000172979649506, 8.79821236595e-05, 0.000743390817661, 0.000726364029106, 1.05598846858e-05, 2.89651893581e-06, 2.45787100539e-06, 7.35150536002e-08, 6.99493307721e-09, 8.52083265057e-11, 1.7440511535e-10],
        "max": [0.448910027742, 10.3907146454, 140.367599487, 125.288467407, 86.6743469238, 31.9491405487, 14.5495252609, 8.05853939056, 2.01062202454, 0.778045892715, 0.505834400654, 0.367411702871, 0.507362186909, 0.438433170319, 0.409725695848, 0.365875691175, 0.321675270796, 0.296024501324, 0.264052927494, 0.28290361166, 0.22254166007, 0.240349575877, 0.463991761208, 1.17604005337, 0.691694557667, 0.662945687771, 1.06147682667, 0.335888534784, 0.168060719967, 0.170697823167, 0.129221051931, 0.137372612953, 0.145854786038, 0.0419017262757, 0.0141438441351, 0.00865913275629, 0.00279572722502, 0.0010260528652, 0.000255797611317, 0.000224692994379],
        "mean": [0.134463205934, 9.61881160736, 118.610641479, 75.1574325562, 59.2610015869, 17.299533844, 7.2885017395, 3.63256192207, 1.00779008865, 0.377818912268, 0.0772280916572, 0.0317620970309, 0.0387340411544, 0.0355342999101, 0.0435671657324, 0.0697960481048, 0.0440158620477, 0.045216370374, 0.0371453464031, 0.0441403947771, 0.0570818148553, 0.0591008998454, 0.113265804946, 0.184113293886, 0.161048412323, 0.124101184309, 0.263004541397, 0.0669493600726, 0.0174378361553, 0.0103705590591, 0.00680829351768, 0.026936288923, 0.0250179413706, 0.00296953460202, 0.00276472046971, 0.00201045745052, 0.000353541137883, 4.19683310611e-05, 8.06763782748e-05, 0.000176703004399],
        "median": [0.133456364274, 9.64737701416, 118.674133301, 72.0948104858, 58.5382614136, 16.6740169525, 6.90227985382, 3.43510580063, 0.962468385696, 0.360780000687, 0.0736552625895, 0.0296666175127, 0.0355053246021, 0.0323831476271, 0.0400038734078, 0.0635888725519, 0.0406372696161, 0.0415985845029, 0.0331267826259, 0.0405834205449, 0.0535555779934, 0.0559672191739, 0.101727873087, 0.159931614995, 0.136747598648, 0.113566547632, 0.243476837873, 0.0564330294728, 0.0149890920147, 0.00856722332537, 0.00605480605736, 0.0194450691342, 0.0176293030381, 0.00244542816654, 0.0023550260812, 0.00146658171434, 0.000269503332675, 2.98013874271e-05, 8.00998968771e-05, 0.000175223394763],
        "min": [0.12410800159, 6.50703668594, 30.1306762695, 26.2819385529, 16.9784412384, 2.40223455429, 1.73794472218, 0.737764775753, 0.226341411471, 0.119444482028, 0.0301066804677, 0.00962596945465, 0.00764153432101, 0.00864026788622, 0.00948851928115, 0.0152401775122, 0.0143445404246, 0.012782767415, 0.00853482633829, 0.0101986732334, 0.0131820831448, 0.0161711145192, 0.0177373606712, 0.0252120364457, 0.0204660054296, 0.0400388762355, 0.0699063390493, 0.0120202181861, 0.00337574374862, 0.00218588090502, 0.00149051786866, 0.00072926125722, 0.000729112012777, 0.000396054325392, 0.000213047795114, 0.000122209152323, 5.70920019527e-05, 1.23588333736e-05, 3.43686988344e-05, 6.99549418641e-05],
        "var": [0.000182653137017, 0.103482685983, 176.299667358, 922.372680664, 270.572540283, 64.6598129272, 12.1369867325, 3.25784468651, 0.148576110601, 0.0170846898109, 0.000714535242878, 0.000282271270407, 0.00052911892999, 0.000396824791096, 0.000491758517455, 0.000883700384293, 0.000343239400536, 0.000436587957665, 0.000320573803037, 0.000416581024183, 0.000562677392736, 0.000486263539642, 0.00248924060725, 0.0104516306892, 0.00783838517964, 0.00270987441763, 0.00990682281554, 0.00123613665346, 0.00010330684745, 6.09974558756e-05, 2.73301775451e-05, 0.00052958674496, 0.00049078167649, 4.71956764159e-06, 2.87556372314e-06, 2.67785321739e-06, 7.60545759704e-08, 2.86712364961e-09, 1.95347404919e-10, 8.94962381981e-10]
    },
    "gfcc": {
        "mean": [-150.234130859, 154.077270508, 1.97074210644, 87.3588790894, -11.5519895554, -10.4080839157, -28.0346984863, -15.2518510818, -34.7585487366, -12.9395723343, -2.34400415421, -21.1619224548, -5.11801862717],
        "cov": [[203.916793823, -91.6698074341, 36.2667427063, 27.9750766754, -46.1663627625, 3.94859242439, -74.864151001, 16.6892299652, -34.4282455444, 0.552356958389, 0.270314961672, 3.15081977844, -3.49595451355], [-91.6698074341, 97.8933639526, -20.5499401093, -24.8656673431, 26.7270908356, -28.2643566132, 28.6517944336, -34.5121765137, 19.4020996094, -8.6198682785, 3.60140705109, 2.43962264061, 9.36101722717], [36.2667427063, -20.5499401093, 36.0430831909, -2.09373307228, -14.9178924561, -1.52337956429, -25.9129333496, 5.53794240952, -11.9903383255, 2.90268087387, -0.783940255642, 1.55700945854, -0.336058437824], [27.9750766754, -24.8656673431, -2.09373307228, 26.6930618286, -3.69771838188, -3.32241916656, -8.35226726532, 2.89934253693, -3.33989906311, -2.08503556252, 0.759309709072, -3.95612716675, -2.32619667053], [-46.1663627625, 26.7270908356, -14.9178924561, -3.69771838188, 22.8972206116, -6.1937212944, 14.40305233, -9.79441547394, 8.9799861908, -0.639737725258, -2.4820933342, 0.172097533941, 0.10233540833], [3.94859242439, -28.2643566132, -1.52337956429, -3.32241916656, -6.1937212944, 23.9845123291, 3.03662633896, 14.2727079391, -2.50237870216, 4.45281219482, 0.936817348003, -1.23171854019, -2.84631586075], [-74.864151001, 28.6517944336, -25.9129333496, -8.35226726532, 14.40305233, 3.03662633896, 43.122127533, -2.73448419571, 12.2646570206, -0.0304919146001, -1.71630585194, -1.330493927, -0.73912858963], [16.6892299652, -34.5121765137, 5.53794240952, 2.89934253693, -9.79441547394, 14.2727079391, -2.73448419571, 23.5535507202, -5.02894544601, 1.07876896858, -2.90053272247, -0.384075969458, -2.30126428604], [-34.4282455444, 19.4020996094, -11.9903383255, -3.33989906311, 8.9799861908, -2.50237870216, 12.2646570206, -5.02894544601, 13.1271085739, -0.972129046917, -1.85948801041, -1.41671836376, 0.462665140629], [0.552356958389, -8.6198682785, 2.90268087387, -2.08503556252, -0.639737725258, 4.45281219482, -0.0304919146001, 1.07876896858, -0.972129046917, 9.45442008972, -2.32425475121, -3.16005349159, -2.70130085945], [0.270314961672, 3.60140705109, -0.783940255642, 0.759309709072, -2.4820933342, 0.936817348003, -1.71630585194, -2.90053272247, -1.85948801041, -2.32425475121, 8.56068611145, -0.957959115505, 0.145698219538], [3.15081977844, 2.43962264061, 1.55700945854, -3.95612716675, 0.172097533941, -1.23171854019, -1.330493927, -0.384075969458, -1.41671836376, -3.16005349159, -0.957959115505, 8.52232646942, 0.754610717297], [-3.49595451355, 9.36101722717, -0.336058437824, -2.32619667053, 0.10233540833, -2.84631586075, -0.73912858963, -2.30126428604, 0.462665140629, -2.70130085945, 0.145698219538, 0.754610717297, 6.65652179718]],
        "icov": [[0.569433987141, 0.78132879734, 0.79051232338, 0.701171636581, 0.695222973824, 0.672991812229, 0.69741410017, 0.619140565395, 0.616466343403, 0.600187838078, 0.470912367105, 0.326495498419, 0.207191199064], [0.78132879734, 1.46158254147, 1.11208283901, 1.29789113998, 0.863868832588, 1.25438439846, 0.834037721157, 1.04431593418, 0.698504805565, 0.989145636559, 0.462004929781, 0.557285606861, 0.120949402452], [0.79051232338, 1.11208283901, 1.17981743813, 1.02824962139, 0.984259665012, 0.984161198139, 0.994445502758, 0.860579371452, 0.879063308239, 0.833520889282, 0.6575974226, 0.470716029406, 0.293183118105], [0.701171636581, 1.29789113998, 1.02824962139, 1.21974039078, 0.789091348648, 1.13503909111, 0.773984134197, 0.919569849968, 0.658468186855, 0.911512494087, 0.4376334548, 0.541198194027, 0.151464819908], [0.695222973824, 0.863868832588, 0.984259665012, 0.789091348648, 0.957055985928, 0.755584716797, 0.874073326588, 0.735675752163, 0.77416819334, 0.699360966682, 0.6488494277, 0.375256717205, 0.308742493391], [0.672991812229, 1.25438439846, 0.984161198139, 1.13503909111, 0.755584716797, 1.17831647396, 0.722478270531, 0.829322576523, 0.604947388172, 0.795422852039, 0.354415893555, 0.469590991735, 0.114672333002], [0.69741410017, 0.834037721157, 0.994445502758, 0.773984134197, 0.874073326588, 0.722478270531, 0.945866346359, 0.688323378563, 0.792185425758, 0.684067189693, 0.641157984734, 0.375676482916, 0.318462193012], [0.619140565395, 1.04431593418, 0.860579371452, 0.919569849968, 0.735675752163, 0.829322576523, 0.688323378563, 0.881201803684, 0.618592321873, 0.790827035904, 0.491969913244, 0.430812031031, 0.164062440395], [0.616466343403, 0.698504805565, 0.879063308239, 0.658468186855, 0.77416819334, 0.604947388172, 0.792185425758, 0.618592321873, 0.8785815835, 0.630280435085, 0.633030235767, 0.36453333497, 0.30407166481], [0.600187838078, 0.989145636559, 0.833520889282, 0.911512494087, 0.699360966682, 0.795422852039, 0.684067189693, 0.790827035904, 0.630280435085, 0.926014780998, 0.521127641201, 0.495605140924, 0.227923735976], [0.470912367105, 0.462004929781, 0.6575974226, 0.4376334548, 0.6488494277, 0.354415893555, 0.641157984734, 0.491969913244, 0.633030235767, 0.521127641201, 0.679733991623, 0.286527037621, 0.286708891392], [0.326495498419, 0.557285606861, 0.470716029406, 0.541198194027, 0.375256717205, 0.469590991735, 0.375676482916, 0.430812031031, 0.36453333497, 0.495605140924, 0.286527037621, 0.407551229, 0.109651140869], [0.207191199064, 0.120949402452, 0.293183118105, 0.151464819908, 0.308742493391, 0.114672333002, 0.318462193012, 0.164062440395, 0.30407166481, 0.227923735976, 0.286708891392, 0.109651140869, 0.345707505941]]
    },
    "melbands": {
        "dmean": [0.000200898924959, 0.00417135190219, 0.00437467871234, 0.000698694726452, 0.000127692503156, 3.03735050693e-05, 3.80398023481e-06, 7.73488523009e-07, 1.61433632684e-07, 6.14930684151e-08, 6.77119729176e-08, 5.75491512222e-08, 6.90388759494e-08, 5.54967343191e-08, 5.87734625412e-08, 3.17821076123e-08, 3.95156156685e-08, 2.84414110041e-08, 2.49115519324e-08, 2.54001903954e-08, 2.60292551957e-08, 2.13957598305e-08, 2.57604213516e-08, 6.2251281463e-08, 7.84158515899e-08, 7.83022429118e-08, 3.82205520566e-08, 2.96445232806e-08, 7.01806257553e-08, 3.93466024207e-08, 9.87429071841e-09, 4.80839990047e-09, 3.4759191081e-09, 2.51710785548e-09, 1.27774635317e-09, 2.02771310853e-09, 1.51514960578e-08, 1.5231792716e-08, 2.64200261668e-09, 5.9247623474e-10],
        "dmean2": [0.000242853726377, 0.00408814894035, 0.00433838926256, 0.000687770952936, 0.000126698825625, 3.04749628413e-05, 3.95717188439e-06, 9.74519480224e-07, 2.4751719252e-07, 1.0142058926e-07, 1.08950587219e-07, 9.68322737549e-08, 1.13498309418e-07, 9.44418658833e-08, 9.71820668383e-08, 5.39725562021e-08, 6.82028300503e-08, 4.82896105325e-08, 4.19888230851e-08, 4.15606500326e-08, 4.1195981737e-08, 3.47849713478e-08, 4.25098782841e-08, 9.17027449532e-08, 1.26738072481e-07, 1.27799467009e-07, 5.93805395965e-08, 4.81463509061e-08, 1.14841348875e-07, 6.25962144341e-08, 1.63382676277e-08, 8.00711852378e-09, 5.67046587463e-09, 4.20440127158e-09, 2.12070361272e-09, 3.20439141888e-09, 2.28929497581e-08, 2.33181456366e-08, 4.13860945514e-09, 8.85417072993e-10],
        "dvar": [2.21685070301e-08, 5.78024355491e-06, 4.90279580845e-06, 1.22693592175e-07, 4.23256940607e-09, 2.76731554338e-10, 4.83265771151e-12, 2.981586332e-13, 2.60811829084e-14, 8.08102635372e-15, 9.14997430986e-15, 5.61701089829e-15, 4.34334609023e-15, 2.84408443282e-15, 2.51146115894e-15, 1.07468205155e-15, 1.56793464185e-15, 8.86333264304e-16, 6.26512472239e-16, 7.02312497776e-16, 4.93270325048e-16, 3.82793564743e-16, 6.36369765223e-16, 3.37625575182e-15, 6.49312841585e-15, 6.21801084404e-15, 1.24241310396e-15, 9.84374575091e-16, 4.30299894634e-15, 1.57493875729e-15, 9.55674650384e-17, 3.78470864445e-17, 1.69760473861e-17, 2.63273010499e-17, 1.48727090681e-17, 8.13547766159e-18, 2.51242942348e-16, 2.8008825232e-16, 7.90694420196e-18, 2.30732312499e-18],
        "dvar2": [3.482050559e-08, 5.73020997763e-06, 4.55541749034e-06, 1.200693589e-07, 3.99021393704e-09, 3.04563263498e-10, 6.9519741526e-12, 5.62705372749e-13, 4.78317438554e-14, 1.23827492449e-14, 1.59462913929e-14, 1.03437927101e-14, 9.69631818414e-15, 6.24831302421e-15, 6.16946442121e-15, 2.26295376243e-15, 4.14802452776e-15, 2.2865021254e-15, 1.55857101025e-15, 1.84637004172e-15, 1.24198778754e-15, 9.31690290442e-16, 1.7314564699e-15, 8.29039341652e-15, 1.76383972532e-14, 1.68107071503e-14, 3.14131041159e-15, 2.63156471339e-15, 1.22712246519e-14, 4.18313277287e-15, 2.40066924944e-16, 9.98313494855e-17, 4.26836379559e-17, 7.28600204999e-17, 4.12165636564e-17, 2.16026571492e-17, 6.29032236438e-16, 6.98443939488e-16, 1.92607268554e-17, 6.2230733085e-18],
        "max": [0.00559228379279, 0.0518904142082, 0.0223482958972, 0.00383844226599, 0.000650316302199, 0.000181971816346, 2.62882422248e-05, 7.30442889108e-06, 3.56303644367e-06, 2.32547768064e-06, 2.54442670666e-06, 1.78802747541e-06, 1.35311404392e-06, 1.12879342851e-06, 6.89152955147e-07, 7.06202058609e-07, 5.34925845841e-07, 4.34771749269e-07, 3.89177529314e-07, 3.40670084142e-07, 2.5370388812e-07, 2.64906390157e-07, 3.47911651488e-07, 5.21727315572e-07, 1.04948537683e-06, 6.36168010715e-07, 4.00911119414e-07, 4.9222336429e-07, 7.124853596e-07, 4.77007631616e-07, 1.07173676156e-07, 1.02072732489e-07, 6.84269423346e-08, 1.10372390338e-07, 8.75164474223e-08, 5.6462052811e-08, 1.14746129043e-07, 1.42199809261e-07, 2.9276380431e-08, 3.39806653926e-08],
        "mean": [0.00329426536337, 0.0438198558986, 0.0142742311582, 0.0025269894395, 0.000340914964909, 8.21669891593e-05, 1.32245613713e-05, 3.05110143017e-06, 4.3705722419e-07, 1.696227514e-07, 1.89213864132e-07, 1.32673079634e-07, 1.5241938911e-07, 1.48770240571e-07, 1.6933228153e-07, 7.27260527356e-08, 8.65170193265e-08, 5.91527360427e-08, 6.0083380049e-08, 5.65628610616e-08, 7.07209437678e-08, 6.05650782859e-08, 7.51593489667e-08, 1.25135343865e-07, 1.51767920897e-07, 1.42882655041e-07, 8.4433338543e-08, 7.16241146392e-08, 1.95803863789e-07, 8.45829291052e-08, 2.21950386958e-08, 9.33130550607e-09, 7.06711356102e-09, 4.88753615357e-09, 3.05538860879e-09, 4.70809435882e-09, 2.33649686265e-08, 2.33123991222e-08, 4.68570604539e-09, 1.40874867327e-09],
        "median": [0.00329784629866, 0.0438093990088, 0.0138394478709, 0.00247160485014, 0.000330279959599, 7.7730146586e-05, 1.26788127091e-05, 2.91587275569e-06, 4.03972705953e-07, 1.57996282724e-07, 1.73257603819e-07, 1.20164088457e-07, 1.39545022648e-07, 1.38073502853e-07, 1.57403391654e-07, 6.64835653197e-08, 7.81422926366e-08, 5.22325755981e-08, 5.55795409696e-08, 5.08394855103e-08, 6.70526745239e-08, 5.64116220403e-08, 7.04708824628e-08, 1.05964680586e-07, 1.27539692585e-07, 1.18476748412e-07, 7.1608681651e-08, 6.60369607886e-08, 1.8408557878e-07, 7.12211374321e-08, 1.89082687285e-08, 7.68261010364e-09, 5.89241544446e-09, 3.94256938208e-09, 2.64662514127e-09, 3.99775590409e-09, 1.61946793753e-08, 1.59915050091e-08, 3.53691675947e-09, 1.20623422362e-09],
        "min": [0.00287870806642, 0.0137917548418, 0.00466478522867, 0.000584741414059, 7.11450193194e-05, 1.77350248123e-05, 3.25953669744e-06, 9.54766619543e-07, 9.07890438384e-08, 3.53921301155e-08, 3.21698401251e-08, 2.51237679549e-08, 2.8748923242e-08, 2.16834283862e-08, 3.34085754616e-08, 2.0118330113e-08, 2.2409970768e-08, 9.57481915975e-09, 1.20431353778e-08, 1.12071818492e-08, 1.19583409841e-08, 9.42486799715e-09, 2.13351203371e-08, 7.56572759997e-09, 2.25673790766e-08, 1.80417831785e-08, 1.24596688522e-08, 1.91014581929e-08, 5.39959792434e-08, 1.77651848787e-08, 3.37170402709e-09, 1.73540415371e-09, 1.46575873661e-09, 9.90756587882e-10, 6.56205534355e-10, 3.8152947468e-10, 4.25167040463e-10, 4.11222084162e-10, 4.98791896675e-10, 1.9423877784e-10],
        "var": [5.36031627973e-08, 2.38712527789e-05, 2.49824479397e-05, 6.41459052986e-07, 2.29002061758e-08, 1.63262559028e-09, 2.33445554554e-11, 1.02218396508e-12, 4.38694795822e-14, 1.09660476771e-14, 1.35190803661e-14, 6.28867710876e-15, 6.38430119927e-15, 4.54441477125e-15, 4.79813459675e-15, 1.39860492064e-15, 1.82870516961e-15, 9.71138838257e-16, 7.48608406998e-16, 8.59250656365e-16, 9.84330847015e-16, 8.15937785425e-16, 9.11463249541e-16, 5.16209406628e-15, 7.92325291477e-15, 7.61761716938e-15, 1.98406583521e-15, 1.24117812992e-15, 5.3547148642e-15, 2.17185663951e-15, 1.43709449481e-16, 3.81101398055e-17, 2.06111422188e-17, 2.07657191142e-17, 1.03507641221e-17, 9.92703010002e-18, 4.45138366034e-16, 4.61483719636e-16, 1.2218848138e-17, 1.8846669192e-18]
    },
    "mfcc": {
        "mean": [-831.168701172, 180.47555542, 79.4081268311, 102.879058838, 44.3366928101, 21.1257534027, 26.4029045105, -5.55466413498, -9.65480041504, -4.58490753174, -14.7602977753, 7.61752271652, -11.8821182251],
        "cov": [[185.855606079, -92.6167449951, 36.8897514343, 7.33670425415, 16.564207077, -24.0440406799, -7.95275354385, -16.4658317566, -28.8296737671, 3.72049617767, -19.9231147766, -12.3313064575, -26.6784152985], [-92.6167449951, 96.369758606, -27.888923645, -3.91174578667, -10.0757474899, 13.5601196289, -9.23625564575, 0.684735298157, 5.87481117249, -14.648273468, 6.71441030502, -5.10201025009, 16.2739849091], [36.8897514343, -27.888923645, 38.1731796265, -5.77904415131, 5.17900133133, -14.7842903137, 0.245091438293, -8.29922008514, -11.3257761002, 5.03883600235, -11.6627159119, 3.39379024506, -14.1096820831], [7.33670425415, -3.91174578667, -5.77904415131, 27.5904788971, 2.26300859451, -0.09468755126, -5.98482322693, -3.66850066185, -3.07217311859, -4.98928785324, 2.85819792747, -10.3078508377, 2.36331295967], [16.564207077, -10.0757474899, 5.17900133133, 2.26300859451, 19.5046520233, -4.52155590057, -5.64761352539, -5.52559232712, -4.98941421509, -2.9610452652, -5.38457012177, 2.00421142578, -5.11944961548], [-24.0440406799, 13.5601196289, -14.7842903137, -0.09468755126, -4.52155590057, 16.2022228241, -0.656472980976, -0.299484312534, 2.42094922066, 0.0501717589796, 7.1636133194, -2.38416576385, 6.94285869598], [-7.95275354385, -9.23625564575, 0.245091438293, -5.98482322693, -5.64761352539, -0.656472980976, 15.8176250458, 3.32792830467, 2.44298386574, 4.33445072174, -0.102881640196, 6.48611736298, -0.516886174679], [-16.4658317566, 0.684735298157, -8.29922008514, -3.66850066185, -5.52559232712, -0.299484312534, 3.32792830467, 17.1007480621, 7.97946643829, -3.01698613167, 2.44895529747, 3.49922990799, 7.17387866974], [-28.8296737671, 5.87481117249, -11.3257761002, -3.07217311859, -4.98941421509, 2.42094922066, 2.44298386574, 7.97946643829, 18.5367641449, 1.31496119499, 4.44363737106, 2.06598711014, 5.86557531357], [3.72049617767, -14.648273468, 5.03883600235, -4.98928785324, -2.9610452652, 0.0501717589796, 4.33445072174, -3.01698613167, 1.31496119499, 17.5175991058, 1.12410140038, 0.585469305515, -5.09850025177], [-19.9231147766, 6.71441030502, -11.6627159119, 2.85819792747, -5.38457012177, 7.1636133194, -0.102881640196, 2.44895529747, 4.44363737106, 1.12410140038, 16.9153404236, -4.68436479568, 2.86822605133], [-12.3313064575, -5.10201025009, 3.39379024506, -10.3078508377, 2.00421142578, -2.38416576385, 6.48611736298, 3.49922990799, 2.06598711014, 0.585469305515, -4.68436479568, 23.1914520264, -4.13702440262], [-26.6784152985, 16.2739849091, -14.1096820831, 2.36331295967, -5.11944961548, 6.94285869598, -0.516886174679, 7.17387866974, 5.86557531357, -5.09850025177, 2.86822605133, -4.13702440262, 19.290802002]],
