{
"lowlevel": {
    "average_loudness": 0.986257016659,
    "barkbands_crest": {
        "dmean": 1.42590510845,
        "dmean2": 1.45918893814,
        "dvar": 0.813763439655,
        "dvar2": 0.792659401894,
        "max": 19.4696369171,
        "mean": 14.6446380615,
        "median": 14.7681264877,
        "min": 9.04642105103,
        "var": 4.50516653061
    },
    "barkbands_flatness_db": {
        "dmean": 0.0210565682501,
        "dmean2": 0.0336278937757,
        "dvar": 0.000832016929053,
        "dvar2": 0.000936369644478,
        "max": 0.516697525978,
        "mean": 0.459991455078,
        "median": 0.464333117008,
        "min": 0.158230885863,
        "var": 0.00150726968423
    },
    "barkbands_kurtosis": {
        "dmean": 7.16805839539,
        "dmean2": 12.200044632,
        "dvar": 131.039642334,
        "dvar2": 359.285247803,
        "max": 82.7794342041,
        "mean": 12.4762144089,
        "median": 7.14792346954,
        "min": 2.25649738312,
        "var": 201.501663208
    },
    "barkbands_skewness": {
        "dmean": 0.384358048439,
        "dmean2": 0.648782849312,
        "dvar": 0.256158053875,
        "dvar2": 0.688968539238,
        "max": 5.58540391922,
        "mean": 1.51026964188,
        "median": 1.25148069859,
        "min": 0.681301474571,
        "var": 0.652841329575
    },
    "barkbands_spread": {
        "dmean": 0.119465507567,
        "dmean2": 0.133716121316,
        "dvar": 0.277978748083,
        "dvar2": 0.274280637503,
        "max": 6.51628780365,
        "mean": 0.945576429367,
        "median": 0.910246253014,
        "min": 0.591192543507,
        "var": 0.273671030998
    },
    "dissonance": {
        "dmean": 0.0466561131179,
        "dmean2": 0.0688721984625,
        "dvar": 0.00196634512395,
        "dvar2": 0.00413393462077,
        "max": 0.477037459612,
        "mean": 0.404571145773,
        "median": 0.427212148905,
        "min": 0.20188690722,
        "var": 0.00321146240458
    },
    "dynamic_complexity": 0.395150125027,
    "erbbands_crest": {
        "dmean": 1.07923352718,
        "dmean2": 1.29987227917,
        "dvar": 1.932695508,
        "dvar2": 2.48179769516,
        "max": 17.747587204,
        "mean": 11.7845687866,
        "median": 11.5422515869,
        "min": 5.5336728096,
        "var": 2.91082119942
    },
    "erbbands_flatness_db": {
        "dmean": 0.0197951551527,
        "dmean2": 0.0312427356839,
        "dvar": 0.000586740090512,
        "dvar2": 0.000736234593205,
        "max": 0.396702110767,
        "mean": 0.345670282841,
        "median": 0.350359410048,
        "min": 0.0778126716614,
        "var": 0.00140806299169
    },
    "erbbands_kurtosis": {
        "dmean": 6.25220060349,
        "dmean2": 9.24406147003,
        "dvar": 27.3004703522,
        "dvar2": 51.4186706543,
        "max": 58.32188797,
        "mean": 22.4913883209,
        "median": 19.6474628448,
        "min": -0.292321443558,
        "var": 131.814483643
    },
    "erbbands_skewness": {
        "dmean": 0.622675120831,
        "dmean2": 0.956259191036,
        "dvar": 0.355633229017,
        "dvar2": 0.566702127457,
        "max": 6.1263885498,
        "mean": 3.20548224449,
        "median": 2.98478579521,
        "min": 0.747582674026,
        "var": 1.21339678764
    },
    "erbbands_spread": {
        "dmean": 1.50700962543,
        "dmean2": 2.14360117912,
        "dvar": 25.8763561249,
        "dvar2": 23.243062973,
        "max": 58.0884742737,
        "mean": 5.04355144501,
        "median": 4.10808944702,
        "min": 2.40828371048,
        "var": 32.520980835
    },
    "hfc": {
        "dmean": 3.73348140717,
        "dmean2": 3.67516756058,
        "dvar": 3.61108183861,
        "dvar2": 3.43501448631,
        "max": 23.3181838989,
        "mean": 15.5284824371,
        "median": 15.0287466049,
        "min": 0.345745384693,
        "var": 20.1818790436
    },
    "melbands_crest": {
        "dmean": 1.77346003056,
        "dmean2": 1.81819939613,
        "dvar": 1.16109824181,
        "dvar2": 1.10844063759,
        "max": 28.4925289154,
        "mean": 22.0077857971,
        "median": 21.9350795746,
        "min": 17.5122814178,
        "var": 7.41007804871
    },
    "melbands_flatness_db": {
        "dmean": 0.026385018602,
        "dmean2": 0.042980927974,
        "dvar": 0.000988843850791,
        "dvar2": 0.00132762885187,
        "max": 0.668976426125,
        "mean": 0.602191090584,
        "median": 0.607992112637,
        "min": 0.283322066069,
        "var": 0.00189878081437
    },
    "melbands_kurtosis": {
        "dmean": 10.6281576157,
        "dmean2": 18.1960792542,
        "dvar": 324.950775146,
        "dvar2": 878.583496094,
        "max": 133.797546387,
        "mean": 20.8066978455,
        "median": 13.3591690063,
        "min": 6.19957256317,
        "var": 475.252990723
    },
    "melbands_skewness": {
        "dmean": 0.3742852211,
        "dmean2": 0.573311209679,
        "dvar": 0.300046920776,
        "dvar2": 0.680306375027,
        "max": 6.88436889648,
        "mean": 2.08097672462,
        "median": 1.85453808308,
        "min": 1.44486689568,
        "var": 0.622187614441
    },
    "melbands_spread": {
        "dmean": 0.102090835571,
        "dmean2": 0.110577575862,
        "dvar": 0.0880167484283,
        "dvar2": 0.0881879031658,
        "max": 3.80348920822,
        "mean": 0.798232674599,
        "median": 0.783578515053,
        "min": 0.465180069208,
        "var": 0.0918013975024
    },
    "pitch_salience": {
        "dmean": 0.0314818359911,
        "dmean2": 0.0337247848511,
        "dvar": 0.00094467314193,
        "dvar2": 0.00130913918838,
        "max": 0.680427491665,
        "mean": 0.501217901707,
        "median": 0.508004903793,
        "min": 0.362142473459,
        "var": 0.00306438817643
    },
    "silence_rate_20dB": {
        "dmean": 0,
        "dmean2": 0,
        "dvar": 0,
        "dvar2": 0,
        "max": 1,
        "mean": 1,
        "median": 1,
        "min": 1,
        "var": 0
    },
    "silence_rate_30dB": {
        "dmean": 0.319999992847,
        "dmean2": 0.637583911419,
        "dvar": 0.217600017786,
        "dvar2": 0.325030148029,
        "max": 1,
        "mean": 0.278145700693,
        "median": 0,
        "min": 0,
        "var": 0.20078098774
    },
    "silence_rate_60dB": {
        "dmean": 0,
        "dmean2": 0,
        "dvar": 0,
        "dvar2": 0,
        "max": 0,
        "mean": 0,
        "median": 0,
        "min": 0,
        "var": 0
    },
    "spectral_centroid": {
        "dmean": 7.86736392975,
        "dmean2": 9.40596294403,
        "dvar": 266.869018555,
        "dvar2": 275.270233154,
        "max": 345.729095459,
        "mean": 168.852294922,
        "median": 167.092025757,
        "min": 140.620681763,
        "var": 316.359954834
    },
    "spectral_complexity": {
        "dmean": 1.32666671276,
        "dmean2": 1.69798660278,
        "dvar": 0.979955732822,
        "dvar2": 1.70073449612,
        "max": 10,
        "mean": 4.96026468277,
        "median": 5,
        "min": 1,
        "var": 2.8725965023
    },
    "spectral_decrease": {
        "dmean": 6.0737801455e-09,
        "dmean2": 5.9143423492e-09,
        "dvar": 9.8755331438e-18,
        "dvar2": 9.16071260975e-18,
        "max": -4.3488687651e-10,
        "mean": -2.92248749645e-08,
        "median": -2.80876673031e-08,
        "min": -4.0721779726e-08,
        "var": 5.27166770417e-17
    },
    "spectral_energy": {
        "dmean": 0.0232624560595,
        "dmean2": 0.0226517170668,
        "dvar": 0.000144615303725,
        "dvar2": 0.000134361922392,
        "max": 0.155808180571,
        "mean": 0.111709706485,
        "median": 0.107337661088,
        "min": 0.00167272810359,
        "var": 0.000773068983108
    },
    "spectral_energyband_high": {
        "dmean": 3.48917978954e-06,
        "dmean2": 5.45654575035e-06,
        "dvar": 1.52610937776e-10,
        "dvar2": 1.65094576898e-10,
        "max": 0.000164510129252,
        "mean": 4.52015137853e-06,
        "median": 2.14385750041e-06,
        "min": 2.44959409201e-07,
        "var": 1.83254939001e-10
    },
    "spectral_energyband_low": {
        "dmean": 0.0152134532109,
        "dmean2": 0.0149288559332,
        "dvar": 7.77558598202e-05,
        "dvar2": 6.58043645672e-05,
        "max": 0.130810037255,
        "mean": 0.0827270075679,
        "median": 0.0827423259616,
        "min": 0.00132526864763,
        "var": 0.000369960907847
    },
    "spectral_energyband_middle_high": {
        "dmean": 1.63629247254e-05,
        "dmean2": 2.26228821703e-05,
        "dvar": 3.31958438515e-09,
        "dvar2": 3.36977512561e-09,
        "max": 0.000755167449825,
        "mean": 3.73683142243e-05,
        "median": 3.04309050989e-05,
        "min": 6.14757345829e-06,
        "var": 3.61917495972e-09
    },
    "spectral_energyband_middle_low": {
        "dmean": 0.0114409858361,
        "dmean2": 0.0114432023838,
        "dvar": 3.85384591937e-05,
        "dvar2": 3.88139451388e-05,
        "max": 0.0675949677825,
        "mean": 0.0385601297021,
        "median": 0.0362755358219,
        "min": 0.000432775152149,
        "var": 0.00023868122662
    },
    "spectral_entropy": {
        "dmean": 0.212736934423,
        "dmean2": 0.340309083462,
        "dvar": 0.0810531377792,
        "dvar2": 0.109690390527,
        "max": 7.61726045609,
        "mean": 4.99840974808,
        "median": 4.93280601501,
        "min": 4.45161962509,
        "var": 0.133952543139
    },
    "spectral_flux": {
        "dmean": 0.021863617003,
        "dmean2": 0.0329180210829,
        "dvar": 0.000303902954329,
        "dvar2": 0.000556648650672,
        "max": 0.245563641191,
        "mean": 0.0720262154937,
        "median": 0.070975869894,
        "min": 0.0367126949131,
        "var": 0.000651918177027
    },
    "spectral_kurtosis": {
        "dmean": 28.7269535065,
        "dmean2": 52.9383239746,
        "dvar": 476.724731445,
        "dvar2": 1349.26525879,
        "max": 159.169387817,
        "mean": 61.9076538086,
        "median": 59.4515304565,
        "min": 3.49959897995,
        "var": 1118.17712402
    },
    "spectral_rms": {
        "dmean": 0.00111819570884,
        "dmean2": 0.00107463181484,
        "dvar": 5.39963650681e-07,
        "dvar2": 4.94406606322e-07,
        "max": 0.0123291518539,
        "mean": 0.0103398058563,
        "median": 0.0102332625538,
        "min": 0.00127747014631,
        "var": 2.07349899028e-06
    },
    "spectral_rolloff": {
        "dmean": 7.8955078125,
        "dmean2": 14.8853683472,
        "dvar": 113.858787537,
        "dvar2": 130.074737549,
        "max": 193.798828125,
        "mean": 180.821868896,
        "median": 172.265625,
        "min": 129.19921875,
        "var": 209.297286987
    },
    "spectral_skewness": {
        "dmean": 1.60368871689,
        "dmean2": 2.92647814751,
        "dvar": 1.25940334797,
        "dvar2": 3.83391809464,
        "max": 10.5333833694,
        "mean": 5.95719957352,
        "median": 6.04637908936,
        "min": 2.00809836388,
        "var": 3.38388395309
    },
    "spectral_spread": {
        "dmean": 549822.1875,
        "dmean2": 793747.3125,
        "dvar": 2.30284119245e+12,
        "dvar2": 1.18079212749e+12,
        "max": 25534846,
        "mean": 1656550.5,
        "median": 1389639,
        "min": 611792.625,
        "var": 4.37946233651e+12
    },
    "spectral_strongpeak": {
        "dmean": 0.358307421207,
        "dmean2": 0.663005053997,
        "dvar": 0.0898780971766,
        "dvar2": 0.112359397113,
        "max": 1.72008466721,
        "mean": 1.02225339413,
        "median": 1.05912363529,
        "min": 0.0263496171683,
        "var": 0.115378476679
    },
    "zerocrossingrate": {
        "dmean": 0.000231119789532,
        "dmean2": 0.00037686136784,
        "dvar": 1.54802577867e-07,
        "dvar2": 2.6600710612e-07,
        "max": 0.005859375,
        "mean": 0.00488604605198,
        "median": 0.0048828125,
        "min": 0.00146484375,
        "var": 1.78408626539e-07
    },
    "barkbands": {
        "dmean": [1.49813995449e-05, 0.00120191532187, 0.0139174917713, 0.0080444579944, 0.00652029085904, 0.000577728555072, 0.000172388114152, 2.91607211693e-05, 8.83618577063e-06, 5.30013539901e-06, 4.44275929112e-06, 2.03250101549e-06, 1.43866793678e-06, 1.24468431295e-06, 1.25312556065e-06, 8.0928106172e-07, 6.8443659984e-07, 9.80085587798e-07, 2.93297330245e-06, 1.80052165888e-06, 1.36886274049e-06, 3.15357084446e-07, 2.06549088944e-07, 1.68145774637e-07, 1.44129160162e-07, 1.36093277092e-07, 1.41800271081e-07],
        "dmean2": [2.63490510406e-05, 0.00132995739114, 0.0134105952457, 0.00777204474434, 0.00635824445635, 0.000565007445402, 0.000177727779374, 3.48811699951e-05, 1.13915075417e-05, 7.08061816113e-06, 5.32505600859e-06, 2.79414848592e-06, 1.89810430129e-06, 1.77851336502e-06, 1.86532167845e-06, 1.17580464121e-06, 9.78736238721e-07, 1.5945153109e-06, 5.27997690369e-06, 3.05103139908e-06, 2.33775563174e-06, 4.47932961833e-07, 2.69376016604e-07, 1.95263922365e-07, 1.58929552185e-07, 1.48308373582e-07, 1.5304354406e-07],
        "dvar": [1.84021825556e-10, 2.45101023211e-06, 5.84797926422e-05, 1.59109731612e-05, 1.1469396668e-05, 1.2141278205e-07, 1.70143881206e-08, 8.03305533204e-10, 4.12172240782e-10, 1.9828337583e-10, 7.74593028607e-11, 6.35898070311e-11, 4.77178158098e-11, 2.84410620055e-11, 2.10329427486e-11, 1.51835644752e-11, 1.10797950675e-11, 8.66687364237e-12, 1.3277517974e-11, 7.42744147436e-12, 5.07612831976e-12, 3.68368746964e-12, 2.69652421052e-12, 2.45020063266e-12, 2.32137377897e-12, 2.2339330906e-12, 2.53671693026e-12],
        "dvar2": [5.10945619148e-10, 3.49519041265e-06, 4.90254969918e-05, 2.32981292356e-05, 1.21781777125e-05, 1.32868819946e-07, 1.69226481717e-08, 1.03844211008e-09, 4.16878032095e-10, 2.24744597932e-10, 8.08625111315e-11, 6.3183472343e-11, 4.78468376031e-11, 2.89030101935e-11, 2.13854784575e-11, 1.52222262573e-11, 1.14556697461e-11, 9.19625486873e-12, 3.49350444406e-11, 1.56856541644e-11, 9.64035969109e-12, 3.71494631932e-12, 2.74013103874e-12, 2.47763224867e-12, 2.35598324703e-12, 2.25581120623e-12, 2.56215599952e-12],
        "max": [0.000178814356332, 0.0180695019662, 0.101529166102, 0.0402826629579, 0.0339590497315, 0.003054369241, 0.00122802099213, 0.000287222035695, 0.00024898594711, 0.000173189429916, 0.000110308930743, 0.000100123579614, 8.77952916198e-05, 6.7358778324e-05, 5.98637707299e-05, 4.92903964187e-05, 4.23025776399e-05, 3.84655795642e-05, 3.48168214259e-05, 3.17770827678e-05, 2.83439785562e-05, 2.44945749728e-05, 2.04499410756e-05, 1.95247503143e-05, 1.88304456969e-05, 1.84100645129e-05, 1.96027485799e-05],
        "mean": [0.000107942862087, 0.0121597545221, 0.0608410872519, 0.0208114404231, 0.0160094927996, 0.0011755975429, 0.000458713737316, 7.865401858e-05, 2.44014299824e-05, 9.51956735662e-06, 9.74772137852e-06, 3.84109125662e-06, 2.69355155069e-06, 2.11925612348e-06, 2.08912706512e-06, 1.12698512567e-06, 9.5115763088e-07, 1.29943248339e-06, 3.94190283259e-06, 2.45963110501e-06, 1.68949532053e-06, 4.00045195192e-07, 2.50770881394e-07, 2.09209972013e-07, 1.69454636989e-07, 1.50912313757e-07, 1.75031601657e-07],
        "median": [0.000102567828435, 0.0118965469301, 0.0604009181261, 0.0199794340879, 0.0141276745126, 0.00097563106101, 0.000405332801165, 6.84322221787e-05, 2.19096400542e-05, 6.99134943716e-06, 7.55479004511e-06, 2.75341471934e-06, 1.935876071e-06, 1.54273209318e-06, 1.49086986312e-06, 6.41426652237e-07, 5.23441599398e-07, 7.54055065499e-07, 2.16426883526e-06, 1.43651834605e-06, 9.86791178548e-07, 1.38751730105e-07, 7.07048428694e-08, 4.985145452e-08, 2.3065089394e-08, 1.18823528794e-08, 3.01337692576e-08],
        "min": [7.30977553758e-05, 0.000526391726453, 0.000560346932616, 0.000274374964647, 8.20552741061e-05, 3.18550701195e-05, 9.56847907219e-06, 1.9111621441e-06, 2.40723329625e-06, 5.92669266553e-07, 9.10876565285e-07, 4.00457906835e-07, 3.21616710153e-07, 3.71397135268e-07, 2.30857253314e-07, 1.38358302593e-07, 1.00588557927e-07, 7.79652253868e-08, 2.47060739866e-07, 1.0787138649e-07, 7.83724019016e-08, 3.56283855751e-08, 2.07185504308e-08, 1.27202088862e-08, 7.04321267975e-09, 4.92611329506e-09, 2.23520526532e-08],
        "var": [4.05859318375e-10, 4.36432355855e-06, 0.000306920002913, 9.62821068242e-05, 6.95079361321e-05, 6.16326019554e-07, 1.01676604913e-07, 2.66699973217e-09, 4.93691032499e-10, 2.09233005921e-10, 9.94564777757e-11, 6.48457954e-11, 4.9319336809e-11, 2.91924366624e-11, 2.32923940552e-11, 1.58321446231e-11, 1.16581883036e-11, 1.00554078952e-11, 2.20529115802e-11, 1.1575926849e-11, 7.38677001511e-12, 3.93287225703e-12, 2.7409320473e-12, 2.50562960137e-12, 2.33496143427e-12, 2.23442445102e-12, 2.52975136499e-12]
    },
    "erbbands": {
        "dmean": [0.00515360105783, 0.30487126112, 9.39600563049, 20.1005687714, 20.4471607208, 18.1413822174, 7.26240062714, 4.66396284103, 3.41966152191, 1.02255785465, 0.558096706867, 0.213175326586, 0.132675155997, 0.224184602499, 0.130071744323, 0.073415607214, 0.0660616829991, 0.0642961859703, 0.066460095346, 0.0559098310769, 0.0424371622503, 0.0377372205257, 0.041522808373, 0.133600577712, 0.115988753736, 0.0812418758869, 0.0884918347001, 0.0278051886708, 0.0121064614505, 0.00873271748424, 0.00542357610539, 0.00364258489572, 0.00276185502298, 0.00162705546245, 0.00104170967825, 0.000564461050089, 0.000251469464274, 8.71325391927e-05, 2.96084890579e-05, 2.64345017058e-05],
        "dmean2": [0.0075417002663, 0.374161034822, 9.23511219025, 20.3548812866, 19.8289985657, 17.8392715454, 7.2288236618, 4.64606428146, 3.47343993187, 1.11101341248, 0.669724464417, 0.260331809521, 0.17808625102, 0.30781725049, 0.159221768379, 0.0982224345207, 0.0869909003377, 0.0882957801223, 0.0982899069786, 0.0811079517007, 0.0611586607993, 0.0539874210954, 0.0641869232059, 0.238386064768, 0.202457562089, 0.139847844839, 0.155248701572, 0.0449221618474, 0.0174142643809, 0.012176476419, 0.00690830172971, 0.00422812951729, 0.00322761200368, 0.00177959166467, 0.00115826062392, 0.000620951526798, 0.000271060416708, 9.35393982218e-05, 3.07887712552e-05, 2.6471712772e-05],
        "dvar": [5.38196909474e-05, 0.330684006214, 44.5165138245, 107.737960815, 132.580749512, 95.8308410645, 16.5251522064, 9.11304473877, 7.13846826553, 0.931454181671, 0.290996104479, 0.216706752777, 0.197621241212, 0.180207461119, 0.128346309066, 0.107595428824, 0.103560909629, 0.083443723619, 0.0657265633345, 0.0506020188332, 0.0445974133909, 0.0354789532721, 0.0276173297316, 0.030270671472, 0.0222882926464, 0.0160975418985, 0.0149737438187, 0.00584511272609, 0.00476450147107, 0.00333950552158, 0.00206250557676, 0.00116673239972, 0.000646401953418, 0.000299867475405, 0.000113952570246, 3.54326766683e-05, 7.61860746934e-06, 9.73029500528e-07, 5.00292429706e-08, 4.41972042298e-10],
        "dvar2": [7.91778002167e-05, 0.371215045452, 30.4445972443, 115.466651917, 155.850036621, 93.3721847534, 15.9469528198, 9.52799034119, 6.95744991302, 1.02163743973, 0.359490245581, 0.223853379488, 0.209582611918, 0.216860190034, 0.133308157325, 0.107038751245, 0.104320958257, 0.0835152938962, 0.0680421665311, 0.0491565950215, 0.045663934201, 0.0360636562109, 0.0280533377081, 0.0696736946702, 0.0551854148507, 0.0312536805868, 0.0391415134072, 0.00665861507878, 0.00481022382155, 0.003373330459, 0.00210515852086, 0.00118216627743, 0.00065178622026, 0.000303007167531, 0.000116163690109, 3.58224715455e-05, 7.69346388552e-06, 9.83560880741e-07, 5.11344779852e-08, 5.29694288431e-10],
        "max": [0.117280185223, 7.36641979218, 100.484558105, 107.253265381, 137.831085205, 87.3470993042, 35.3058166504, 25.4159488678, 24.6582584381, 9.99069213867, 5.25387144089, 5.74859237671, 5.46884822845, 5.11268854141, 4.50773096085, 4.11327123642, 4.07503557205, 3.6528544426, 3.28506922722, 2.94815325737, 2.6666996479, 2.40087366104, 2.14362931252, 1.87934267521, 1.70898556709, 1.50942528248, 1.22936201096, 1.06469345093, 0.886791706085, 0.73068267107, 0.563901364803, 0.42690718174, 0.316125750542, 0.214024484158, 0.13203060627, 0.0734963044524, 0.0340044349432, 0.0121222091839, 0.00280602672137, 0.000340457569109],
        "mean": [0.0717385858297, 5.00449848175, 63.4932670593, 63.8250389099, 78.9319458008, 40.3135948181, 15.2376794815, 9.83713150024, 8.535405159, 2.95858025551, 1.59108483791, 0.60965180397, 0.303099662066, 0.471197128296, 0.305994987488, 0.147842496634, 0.128984346986, 0.112448550761, 0.115556366742, 0.0897726789117, 0.0594633854926, 0.0529563166201, 0.0564130134881, 0.180593773723, 0.15558385849, 0.112554490566, 0.110718913376, 0.0359453260899, 0.0154407387599, 0.0109739433974, 0.00655363453552, 0.00464012240991, 0.00341480062343, 0.00192011334002, 0.00128333619796, 0.000689282198437, 0.000298465485685, 9.78067837423e-05, 7.34272107366e-05, 0.000123928009998],
        "median": [0.0696595460176, 4.85790205002, 63.2045135498, 59.8263015747, 73.7481765747, 35.9544296265, 12.8333702087, 8.15551185608, 7.46383523941, 2.60442376137, 1.46869635582, 0.55662125349, 0.22939941287, 0.359878748655, 0.254047363997, 0.114029988647, 0.0950434580445, 0.0778848901391, 0.0849009826779, 0.0632253810763, 0.0325362943113, 0.0290352739394, 0.031506638974, 0.104374222457, 0.0896155908704, 0.0649592578411, 0.0593917481601, 0.0180446282029, 0.0059206453152, 0.0035965484567, 0.00180657382589, 0.00118544360157, 0.000785883807112, 0.000264526344836, 0.000240991561441, 0.000122229699627, 4.78217261843e-05, 8.9504655989e-06, 5.39183565706e-05, 0.000118739299069],
        "min": [0.0125331347808, 0.13172839582, 0.569664299488, 0.908302009106, 0.522798240185, 0.216043308377, 0.24178737402, 0.255937516689, 0.280629992485, 0.152636930346, 0.0516474358737, 0.0471777655184, 0.0356419757009, 0.0605604760349, 0.0336217172444, 0.0245471317321, 0.0172740332782, 0.0209136623889, 0.0142344553024, 0.0109511129558, 0.00928008370101, 0.00690935971215, 0.00424126721919, 0.0116178952157, 0.00895786006004, 0.00531732430682, 0.00435776170343, 0.00210359296761, 0.00134688103572, 0.000887165137101, 0.000533302314579, 0.000390955538023, 0.000253848207649, 0.000106267449155, 9.54102142714e-05, 6.27856497886e-05, 2.60745873675e-05, 5.7551910686e-06, 3.55736337951e-05, 1.63645927387e-05],
        "var": [0.000111058427137, 0.570492982864, 180.231109619, 565.817077637, 869.286865234, 525.72064209, 83.0067520142, 44.7463150024, 40.5773735046, 3.68406939507, 0.962487399578, 0.268503963947, 0.202245056629, 0.242653101683, 0.138286456466, 0.108021877706, 0.106020100415, 0.0856836363673, 0.0697494074702, 0.0562812723219, 0.0462809950113, 0.0375452749431, 0.0302651915699, 0.0478954538703, 0.0405838862062, 0.0249604191631, 0.0209826901555, 0.0080427993089, 0.0051603182219, 0.00349879590794, 0.00208443799056, 0.00119680981152, 0.000656923511997, 0.000301565072732, 0.000114660906547, 3.55298288923e-05, 7.61336241339e-06, 9.68988047134e-07, 5.00818693183e-08, 1.17990595072e-09]
    },
    "gfcc": {
        "mean": [-157.307525635, 208.040496826, -21.4768543243, 49.2533798218, -25.0272655487, -26.423658371, -12.1580677032, -21.5348968506, -25.4745616913, -14.5023860931, -6.95902061462, -25.1283435822, -7.28949117661],
        "cov": [[573.673339844, -186.179016113, -175.736160278, 69.0936660767, -42.8508262634, -20.3820304871, -28.9887084961, -3.16545534134, -20.993724823, 19.1962623596, -24.6407184601, 24.7185993195, -9.8325958252], [-186.179016113, 448.152404785, 100.911849976, -201.760467529, -34.3227729797, -125.218856812, 0.674337565899, -66.6027297974, 25.7349643707, -15.186217308, 33.6175880432, -32.1194992065, 6.13145446777], [-175.736160278, 100.911849976, 126.587112427, -79.3987045288, 9.48160266876, 12.036441803, -14.3758401871, 2.29700636864, -6.84652757645, -9.16170597076, 7.09475564957, -5.94235658646, 9.8727312088], [69.0936660767, -201.760467529, -79.3987045288, 252.589706421, 40.072593689, 9.29390144348, 32.3785324097, -3.48202800751, -24.8642024994, -4.34030294418, -5.86916351318, -4.46475839615, 7.76895666122], [-42.8508262634, -34.3227729797, 9.48160266876, 40.072593689, 29.5528964996, 11.6395635605, 4.22600412369, -2.15362763405, -7.19659280777, -0.628893136978, -2.62884402275, 3.73809814453, 2.78083467484], [-20.3820304871, -125.218856812, 12.036441803, 9.29390144348, 11.6395635605, 72.7904586792, -7.75475120544, 36.5167198181, -3.31087446213, 1.83411502838, -10.1622400284, 8.83597946167, -0.372538655996], [-28.9887084961, 0.674337565899, -14.3758401871, 32.3785324097, 4.22600412369, -7.75475120544, 20.0027542114, -4.49508905411, 2.37252116203, -2.8823363781, 0.642319560051, -3.5903699398, -1.42561423779], [-3.16545534134, -66.6027297974, 2.29700636864, -3.48202800751, -2.15362763405, 36.5167198181, -4.49508905411, 30.3229370117, -0.000886433932465, 0.0504447445273, -5.69001483917, 1.5745190382, -1.93475103378], [-20.993724823, 25.7349643707, -6.84652757645, -24.8642024994, -7.19659280777, -3.31087446213, 2.37252116203, -0.000886433932465, 18.3944683075, 1.55824041367, 1.29139721394, -1.89710128307, -8.58522987366], [19.1962623596, -15.186217308, -9.16170597076, -4.34030294418, -0.628893136978, 1.83411502838, -2.8823363781, 0.0504447445273, 1.55824041367, 9.71189498901, -0.97769600153, 2.29103684425, -3.82871460915], [-24.6407184601, 33.6175880432, 7.09475564957, -5.86916351318, -2.62884402275, -10.1622400284, 0.642319560051, -5.69001483917, 1.29139721394, -0.97769600153, 10.2424249649, -5.57246685028, -1.13012313843], [24.7185993195, -32.1194992065, -5.94235658646, -4.46475839615, 3.73809814453, 8.83597946167, -3.5903699398, 1.5745190382, -1.89710128307, 2.29103684425, -5.57246685028, 14.776471138, -2.18281626701], [-9.8325958252, 6.13145446777, 9.8727312088, 7.76895666122, 2.78083467484, -0.372538655996, -1.42561423779, -1.93475103378, -8.58522987366, -3.82871460915, -1.13012313843, -2.18281626701, 12.9651889801]],
        "icov": [[0.0132998749614, 0.00466882903129, 0.016914261505, 0.00201530195773, 0.0189271662384, 0.00365174515173, 0.030280046165, 0.0183580927551, 0.0312234275043, 0.0123741189018, 0.028336411342, 0.0101226046681, 0.024409102276], [0.00466882903129, 0.109197899699, -0.0258208476007, 0.0853679180145, -0.0262033808976, 0.108785413206, -0.0465882830322, 0.0938076972961, -0.0389161929488, 0.0942827090621, -0.0495481975377, 0.120433829725, -0.0439403131604], [0.016914261505, -0.0258208476007, 0.0512157306075, -0.0114903114736, 0.0162556972355, -0.0341220423579, 0.0584124326706, 0.0025122249499, 0.0687235966325, 0.00713303824887, 0.0455835014582, -0.00538644660264, 0.0459347367287], [0.00201530195773, 0.0853679180145, -0.0114903114736, 0.0805577784777, -0.0384710840881, 0.0800973922014, -0.0506541244686, 0.0754028558731, -0.0150770070031, 0.0810706242919, -0.0417726896703, 0.108183562756, -0.0336004421115], [0.0189271662384, -0.0262033808976, 0.0162556972355, -0.0384710840881, 0.110236309469, -0.0456577911973, 0.0519743487239, 0.0276312939823, 0.0586211308837, -0.0209500212222, 0.0680323168635, -0.0401855260134, 0.0540978126228], [0.00365174515173, 0.108785413206, -0.0341220423579, 0.0800973922014, -0.0456577911973, 0.16358590126, -0.041365146637, 0.0261315349489, -0.0569346472621, 0.0782866552472, -0.0520016476512, 0.0937843173742, -0.0601703599095], [0.030280046165, -0.0465882830322, 0.0584124326706, -0.0506541244686, 0.0519743487239, -0.041365146637, 0.182875201106, -0.00187623559032, 0.0765694007277, 0.00723499478772, 0.103821374476, -0.0254779197276, 0.0959604978561], [0.0183580927551, 0.0938076972961, 0.0025122249499, 0.0754028558731, 0.0276312939823, 0.0261315349489, -0.00187623559032, 0.217953145504, 0.0251066088676, 0.115727096796, 0.0240039303899, 0.149106353521, 0.0276019480079], [0.0312234275043, -0.0389161929488, 0.0687235966325, -0.0150770070031, 0.0586211308837, -0.0569346472621, 0.0765694007277, 0.0251066088676, 0.217718407512, 0.00693627214059, 0.111887179315, 0.0133661357686, 0.154962062836], [0.0123741189018, 0.0942827090621, 0.00713303824887, 0.0810706242919, -0.0209500212222, 0.0782866552472, 0.00723499478772, 0.115727096796, 0.00693627214059, 0.234470173717, -0.00928722601384, 0.124933563173, 0.0296520013362], [0.028336411342, -0.0495481975377, 0.0455835014582, -0.0417726896703, 0.0680323168635, -0.0520016476512, 0.103821374476, 0.0240039303899, 0.111887179315, -0.00928722601384, 0.25512111187, 0.0185042191297, 0.130853459239], [0.0101226046681, 0.120433829725, -0.00538644660264, 0.108183562756, -0.0401855260134, 0.0937843173742, -0.0254779197276, 0.149106353521, 0.0133661357686, 0.124933563173, 0.0185042191297, 0.266293138266, 0.0129515575245], [0.024409102276, -0.0439403131604, 0.0459347367287, -0.0336004421115, 0.0540978126228, -0.0601703599095, 0.0959604978561, 0.0276019480079, 0.154962062836, 0.0296520013362, 0.130853459239, 0.0129515575245, 0.227870181203]]
    },
    "melbands": {
        "dmean": [0.000166102166986, 0.0035246189218, 0.00352430297062, 0.00150244345423, 0.000327424844727, 0.000104084225313, 4.69097140012e-05, 9.21175887925e-06, 3.88836360798e-06, 1.26753968743e-06, 6.49874834835e-07, 9.14212137104e-07, 5.10897507411e-07, 2.60784133843e-07, 1.48412382828e-07, 1.44573647276e-07, 1.19420874967e-07, 1.08205625793e-07, 9.30782846353e-08, 6.16967668066e-08, 4.90623932592e-08, 4.21337453815e-08, 2.72623186248e-08, 5.11759807864e-08, 1.16059709399e-07, 1.14196808454e-07, 5.43793667873e-08, 5.49650955861e-08, 6.81314560325e-08, 2.89678450116e-08, 1.14409308694e-08, 7.01052993435e-09, 5.42438760576e-09, 4.58479787468e-09, 3.22948112697e-09, 2.47547649046e-09, 2.18252460549e-09, 2.04609662546e-09, 1.58726298771e-09, 1.30068567028e-09],
        "dmean2": [0.000199979942408, 0.00348233943805, 0.00351995555684, 0.00146091496572, 0.000321288651321, 0.000102466474345, 4.76520399388e-05, 1.00460147223e-05, 4.68915095553e-06, 1.60038132435e-06, 8.94759352832e-07, 1.26271925183e-06, 6.10762015185e-07, 3.47137870449e-07, 1.92971484125e-07, 1.8968168547e-07, 1.64485101095e-07, 1.58531989314e-07, 1.39099029184e-07, 8.76609291822e-08, 7.16281718383e-08, 6.05988716984e-08, 3.79043214593e-08, 8.4000518541e-08, 2.07095723681e-07, 2.0718897531e-07, 8.85506707959e-08, 9.45906819538e-08, 1.21043882473e-07, 4.93416578706e-08, 1.75920096268e-08, 1.00925729996e-08, 7.61347518363e-09, 6.36404529075e-09, 4.14774126156e-09, 2.96734214977e-09, 2.53039500464e-09, 2.44805464789e-09, 1.78002301787e-09, 1.41592659819e-09],
        "dvar": [4.53222490648e-08, 6.1921782617e-06, 3.36980951943e-06, 6.32304761439e-07, 3.19849533525e-08, 4.44965975177e-09, 1.29126065396e-09, 8.97443508396e-11, 1.62419001859e-11, 8.33127664079e-12, 4.86083265652e-12, 3.05905561299e-12, 1.43365918095e-12, 8.67227134289e-13, 6.37512286884e-13, 4.25869056816e-13, 2.70429891588e-13, 1.72259721678e-13, 1.11564993084e-13, 7.60043680011e-14, 5.81624388951e-14, 3.99845053714e-14, 2.60039911018e-14, 1.98228850598e-14, 2.16569333132e-14, 1.97013781835e-14, 7.51852363191e-15, 7.22473533635e-15, 7.9425534075e-15, 2.91326076659e-15, 1.86476802085e-15, 1.56507654093e-15, 1.26326504341e-15, 9.46044957799e-16, 7.08204935414e-16, 5.29372775084e-16, 4.01448221327e-16, 3.28454892399e-16, 2.55212615194e-16, 2.00009320735e-16],
        "dvar2": [6.46993925102e-08, 4.33207105743e-06, 3.42736893799e-06, 6.876418297e-07, 3.25285895997e-08, 4.80765249833e-09, 1.26515320442e-09, 1.02538602609e-10, 1.91955461942e-11, 8.49497295424e-12, 5.16621467828e-12, 3.73160443518e-12, 1.48965020007e-12, 8.68270028358e-13, 6.39344317505e-13, 4.2706888915e-13, 2.73257707694e-13, 1.80643247214e-13, 1.12226668117e-13, 7.43023061156e-14, 6.05684664749e-14, 4.11935432596e-14, 2.54602128903e-14, 2.21840419163e-14, 5.21205833755e-14, 5.36951125923e-14, 1.28518022098e-14, 1.48996229444e-14, 2.27789639771e-14, 4.88355956355e-15, 1.86827643132e-15, 1.55808036642e-15, 1.3068268891e-15, 9.48987550258e-16, 7.25317647926e-16, 5.40543869109e-16, 4.03901864016e-16, 3.31629810113e-16, 2.57137815204e-16, 2.02173622264e-16],
        "max": [0.00257967878133, 0.0373124778271, 0.0202186796814, 0.00849160924554, 0.00163858896121, 0.00056425051298, 0.000337516481522, 9.89696709439e-05, 4.21113945777e-05, 3.55396223313e-05, 2.70818363788e-05, 2.10008329304e-05, 1.50730775204e-05, 1.17211757242e-05, 1.00307715911e-05, 8.29666441859e-06, 6.55555959383e-06, 5.28737700733e-06, 4.38256574853e-06, 3.55138740815e-06, 3.02886564896e-06, 2.54234805652e-06, 2.06316758522e-06, 1.80827885288e-06, 1.48599747263e-06, 1.30565001655e-06, 1.13419991976e-06, 9.67948722064e-07, 7.67156961956e-07, 6.89674720888e-07, 5.93694210238e-07, 5.08031064328e-07, 4.4977477387e-07, 3.87927627798e-07, 3.29863212301e-07, 2.85292799163e-07, 2.51810917007e-07, 2.25411852739e-07, 1.97985031036e-07, 1.74512052808e-07],
        "mean": [0.00171350303572, 0.0234076548368, 0.0125392396003, 0.0043147248216, 0.000734739471227, 0.00021584892238, 0.000120290533232, 2.58183317783e-05, 1.08331505544e-05, 3.43537612935e-06, 1.41774660278e-06, 1.85392264029e-06, 1.19678315968e-06, 5.12261124186e-07, 2.86831777885e-07, 2.62856218569e-07, 2.03549149091e-07, 1.86256158941e-07, 1.48584916815e-07, 9.02875427755e-08, 6.62224621806e-08, 5.83521426734e-08, 3.80952158707e-08, 6.61835031224e-08, 1.56417527819e-07, 1.51982192165e-07, 7.3194925676e-08, 7.44396899677e-08, 8.47713295116e-08, 3.60304142077e-08, 1.47290668551e-08, 8.73586625261e-09, 6.79408884707e-09, 5.67946933927e-09, 3.81696096952e-09, 2.9936506607e-09, 2.76704792412e-09, 2.51459075784e-09, 1.84451565133e-09, 1.46811296453e-09],
        "median": [0.00168157578446, 0.0232867337763, 0.0122612183914, 0.00396544812247, 0.000654542178381, 0.000178207556019, 0.000108257030661, 2.29114648391e-05, 1.00080878838e-05, 2.98652525998e-06, 1.04808827928e-06, 1.40280440064e-06, 9.59710177995e-07, 3.91963368429e-07, 1.98740110591e-07, 1.83304422308e-07, 1.43159184063e-07, 1.38950738915e-07, 1.10114918073e-07, 5.73973295559e-08, 3.57325014022e-08, 3.26556808261e-08, 1.84512423118e-08, 3.90675367612e-08, 9.10264077447e-08, 8.76120722637e-08, 4.04163316148e-08, 3.98802804114e-08, 4.74428425434e-08, 2.0004975454e-08, 6.63911237098e-09, 3.27308979919e-09, 2.25705010237e-09, 1.80650583381e-09, 1.06064235172e-09, 6.69751976101e-10, 6.9849231954e-10, 5.86863113661e-10, 2.78500278394e-10, 1.35371575061e-10],
        "min": [0.000134204135975, 0.00026323684142, 0.000148820574395, 2.32990787481e-05, 8.41888413561e-06, 5.84829740546e-06, 3.38809422828e-06, 1.53021323968e-06, 3.10765273071e-07, 2.65651095788e-07, 1.08380810104e-07, 2.10951597523e-07, 1.33330047447e-07, 5.61056268111e-08, 4.0691876535e-08, 3.79080873358e-08, 3.22786100071e-08, 2.0994647798e-08, 1.61556865663e-08, 8.91944473835e-09, 7.49044470894e-09, 6.23903995134e-09, 3.80053455373e-09, 3.84809384357e-09, 1.03938591067e-08, 8.96476137768e-09, 3.92865295851e-09, 3.2713405318e-09, 3.2707023756e-09, 1.640175884e-09, 1.02542463409e-09, 7.09029168711e-10, 4.71946148828e-10, 4.60688542869e-10, 2.72308231519e-10, 1.96446678369e-10, 1.7936843677e-10, 1.3791810749e-10, 8.45425049412e-11, 4.10544480356e-11],
        "var": [8.37723419522e-08, 2.50630946539e-05, 1.84999189514e-05, 3.97479470848e-06, 1.70075779238e-07, 2.19499050047e-08, 7.73685115973e-09, 3.27703919556e-10, 4.74578362719e-11, 1.03543762106e-11, 4.94455344724e-12, 4.02035436192e-12, 1.66217202762e-12, 8.90984931234e-13, 6.44246700258e-13, 4.42349282204e-13, 2.76824732841e-13, 1.8087709607e-13, 1.25255667925e-13, 8.19550658349e-14, 5.98552105232e-14, 4.21450831319e-14, 2.77300680655e-14, 2.26054696067e-14, 3.36197710567e-14, 3.44194684147e-14, 1.22700421939e-14, 1.08395763407e-14, 1.08372063425e-14, 4.08323116597e-15, 2.37424880951e-15, 1.69367191831e-15, 1.32601779695e-15, 9.8638034911e-16, 7.13306561915e-16, 5.34595474358e-16, 4.16579962003e-16, 3.34056347749e-16, 2.58011953206e-16, 2.00701862814e-16]
    },
    "mfcc": {
        "mean": [-828.277404785, 232.341445923, 67.252532959, 77.3269119263, 16.8085269928, 9.34821128845, 19.0826854706, -9.32271957397, -5.90294933319, 1.49470877647, -7.43660020828, -8.34355735779, -4.13424015045],
        "cov": [[657.975341797, -205.055587769, -211.731582642, 97.0731735229, -76.9646835327, 15.227435112, -41.4167709351, -15.8648710251, -9.40611839294, -5.01143312454, -0.130498364568, -24.0647258759, 10.7358226776], [-205.055587769, 450.15145874, 143.148422241, -161.906768799, -19.1094722748, -101.791618347, -37.3254547119, -64.5355377197, -34.2276306152, -13.6475887299, -12.511557579, 2.05208325386, 2.92722439766], [-211.731582642, 143.148422241, 111.655914307, -79.9219055176, 24.5565414429, -23.8318367004, 2.11031484604, -2.50869584084, -3.54011273384, -4.88050603867, -2.25470495224, 10.0975427628, -7.65482902527], [97.0731735229, -161.906768799, -79.9219055176, 219.403518677, -10.911690712, 50.8153839111, 31.479511261, -3.95985388756, -2.95849394798, -1.03209614754, -6.62960338593, -21.4916439056, 1.1475186348], [-76.9646835327, -19.1094722748, 24.5565414429, -10.911690712, 33.5336494446, 13.8407173157, 8.30711174011, 12.7093801498, 2.23676562309, 0.5720744133, -2.08887434006, 4.22909498215, -2.26735901833], [15.227435112, -101.791618347, -23.8318367004, 50.8153839111, 13.8407173157, 37.8803710938, 13.5372915268, 13.3407068253, 6.42239189148, 0.176184937358, -0.245778813958, -3.76634645462, -1.15569007397], [-41.4167709351, -37.3254547119, 2.11031484604, 31.479511261, 8.30711174011, 13.5372915268, 23.7457275391, 7.28942394257, 4.11844062805, 0.460964143276, -3.08524131775, 0.890899240971, -5.28048753738], [-15.8648710251, -64.5355377197, -2.50869584084, -3.95985388756, 12.7093801498, 13.3407068253, 7.28942394257, 27.3897209167, 11.008441925, 2.8122241497, 2.937458992, 1.65731906891, -3.0259013176], [-9.40611839294, -34.2276306152, -3.54011273384, -2.95849394798, 2.23676562309, 6.42239189148, 4.11844062805, 11.008441925, 15.2445459366, 2.44255161285, -0.535936951637, 3.97391319275, -3.85211515427], [-5.01143312454, -13.6475887299, -4.88050603867, -1.03209614754, 0.5720744133, 0.176184937358, 0.460964143276, 2.8122241497, 2.44255161285, 12.8408670425, 4.70817136765, -0.787027597427, 1.30528247356], [-0.130498364568, -12.511557579, -2.25470495224, -6.62960338593, -2.08887434006, -0.245778813958, -3.08524131775, 2.937458992, -0.535936951637, 4.70817136765, 13.6596679688, 3.0701982975, 0.6814032197], [-24.0647258759, 2.05208325386, 10.0975427628, -21.4916439056, 4.22909498215, -3.76634645462, 0.890899240971, 1.65731906891, 3.97391319275, -0.787027597427, 3.0701982975, 14.4672985077, -1.78344559669], [10.7358226776, 2.92722439766, -7.65482902527, 1.1475186348, -2.26735901833, -1.15569007397, -5.28048753738, -3.0259013176, -3.85211515427, 1.30528247356, 0.6814032197, -1.78344559669, 13.5599594116]],
