{
"lowlevel": {
    "average_loudness": 0.94840246439,
    "barkbands_crest": {
        "dmean": 0.831764221191,
        "dmean2": 1.31263792515,
        "dvar": 1.87961924076,
        "dvar2": 3.49612617493,
        "max": 26.842086792,
        "mean": 20.6922245026,
        "median": 25.3267860413,
        "min": 8.20742988586,
        "var": 39.3640213013
    },
    "barkbands_flatness_db": {
        "dmean": 0.0248369816691,
        "dmean2": 0.0395543202758,
        "dvar": 0.000882933789399,
        "dvar2": 0.00204150658101,
        "max": 0.487748682499,
        "mean": 0.330854982138,
        "median": 0.329541236162,
        "min": 0.137561663985,
        "var": 0.00572016229853
    },
    "barkbands_kurtosis": {
        "dmean": 125.712081909,
        "dmean2": 204.015594482,
        "dvar": 36561.0117188,
        "dvar2": 93974.0390625,
        "max": 1599.01025391,
        "mean": 396.444213867,
        "median": 276.768188477,
        "min": 2.58984327316,
        "var": 157630.453125
    },
    "barkbands_skewness": {
        "dmean": 2.46599960327,
        "dmean2": 3.96588587761,
        "dvar": 10.3380737305,
        "dvar2": 27.8874855042,
        "max": 35.3985404968,
        "mean": 13.3555545807,
        "median": 14.7918233871,
        "min": -1.52428531647,
        "var": 97.1565628052
    },
    "barkbands_spread": {
        "dmean": 0.515664160252,
        "dmean2": 0.708180785179,
        "dvar": 1.2936797142,
        "dvar2": 1.81486618519,
        "max": 14.8768596649,
        "mean": 1.49086880684,
        "median": 0.664338171482,
        "min": 0.111187927425,
        "var": 4.13072967529
    },
    "dissonance": {
        "dmean": 0.0420624352992,
        "dmean2": 0.0721151977777,
        "dvar": 0.00166077783797,
        "dvar2": 0.0046871076338,
        "max": 0.477986425161,
        "mean": 0.325214892626,
        "median": 0.33361980319,
        "min": 0.167229637504,
        "var": 0.00345667661168
    },
    "dynamic_complexity": 3.57354784012,
    "erbbands_crest": {
        "dmean": 1.63639748096,
        "dmean2": 2.70177912712,
        "dvar": 2.93947052956,
        "dvar2": 8.30263137817,
        "max": 30.8925647736,
        "mean": 23.944355011,
        "median": 26.2769889832,
        "min": 11.4653291702,
        "var": 29.8898162842
    },
    "erbbands_flatness_db": {
        "dmean": 0.022793058306,
        "dmean2": 0.0355204641819,
        "dvar": 0.000835130864289,
        "dvar2": 0.00190989999101,
        "max": 0.473808258772,
        "mean": 0.337648808956,
        "median": 0.330511420965,
        "min": 0.178290575743,
        "var": 0.00366277899593
    },
    "erbbands_kurtosis": {
        "dmean": 22.2820072174,
        "dmean2": 37.3108673096,
        "dvar": 1084.83190918,
        "dvar2": 2404.63452148,
        "max": 253.756744385,
        "mean": 82.1464233398,
        "median": 66.0150222778,
        "min": -1.30198788643,
        "var": 5446.91064453
    },
    "erbbands_skewness": {
        "dmean": 0.9719581604,
        "dmean2": 1.57433664799,
        "dvar": 1.35523033142,
        "dvar2": 3.57134532928,
        "max": 12.6167755127,
        "mean": 6.12494707108,
        "median": 7.02213525772,
        "min": -1.1051183939,
        "var": 14.7069129944
    },
    "erbbands_spread": {
        "dmean": 1.73633015156,
        "dmean2": 2.59780788422,
        "dvar": 12.7419958115,
        "dvar2": 18.3402442932,
        "max": 43.7367591858,
        "mean": 4.2800412178,
        "median": 2.74109745026,
        "min": 0.496814608574,
        "var": 34.8114089966
    },
    "hfc": {
        "dmean": 2.89205336571,
        "dmean2": 5.16371774673,
        "dvar": 32.9533843994,
        "dvar2": 99.9583282471,
        "max": 35.4495620728,
        "mean": 6.97242879868,
        "median": 5.03499650955,
        "min": 0.101016044617,
        "var": 43.6509895325
    },
    "melbands_crest": {
        "dmean": 1.3825289011,
        "dmean2": 2.41397500038,
        "dvar": 2.88464736938,
        "dvar2": 6.96069145203,
        "max": 32.9575424194,
        "mean": 24.2902507782,
        "median": 29.7811222076,
        "min": 7.9890666008,
        "var": 63.3507499695
    },
    "melbands_flatness_db": {
        "dmean": 0.026975505054,
        "dmean2": 0.0429135672748,
        "dvar": 0.000929646135774,
        "dvar2": 0.00220831483603,
        "max": 0.582009613514,
        "mean": 0.413799077272,
        "median": 0.409541994333,
        "min": 0.226070165634,
        "var": 0.0059951771982
    },
    "melbands_kurtosis": {
        "dmean": 38.935256958,
        "dmean2": 69.9749298096,
        "dvar": 2466.81176758,
        "dvar2": 7766.67773438,
        "max": 386.626434326,
        "mean": 142.213775635,
        "median": 152.766921997,
        "min": 1.63331842422,
        "var": 15978.7568359
    },
    "melbands_skewness": {
        "dmean": 1.33441460133,
        "dmean2": 2.33163690567,
        "dvar": 2.29894280434,
        "dvar2": 6.11085367203,
        "max": 13.6483535767,
        "mean": 5.405418396,
        "median": 5.53424692154,
        "min": -1.60687577724,
        "var": 14.9515914917
    },
    "melbands_spread": {
        "dmean": 0.474474400282,
        "dmean2": 0.653497576714,
        "dvar": 1.10155546665,
        "dvar2": 1.58808660507,
        "max": 15.038725853,
        "mean": 1.94594442844,
        "median": 0.606557190418,
        "min": 0.237636655569,
        "var": 5.2010550499
    },
    "pitch_salience": {
        "dmean": 0.028501380235,
        "dmean2": 0.045017875731,
        "dvar": 0.00163070380222,
        "dvar2": 0.00237649376504,
        "max": 0.813304662704,
        "mean": 0.263165920973,
        "median": 0.0994004607201,
        "min": 0.0269365366548,
        "var": 0.0509725362062
    },
    "silence_rate_20dB": {
        "dmean": 0,
        "dmean2": 0,
        "dvar": 0,
        "dvar2": 0,
        "max": 1,
        "mean": 1,
        "median": 1,
        "min": 1,
        "var": 0
    },
    "silence_rate_30dB": {
        "dmean": 0,
        "dmean2": 0,
        "dvar": 0,
        "dvar2": 0,
        "max": 1,
        "mean": 1,
        "median": 1,
        "min": 1,
        "var": 0
    },
    "silence_rate_60dB": {
        "dmean": 0.0416666679084,
        "dmean2": 0.0756302550435,
        "dvar": 0.0399305634201,
        "dvar2": 0.0867170542479,
        "max": 1,
        "mean": 0.140495866537,
        "median": 0,
        "min": 0,
        "var": 0.120756775141
    },
    "spectral_centroid": {
        "dmean": 30.9395465851,
        "dmean2": 43.1535072327,
        "dvar": 6930.61572266,
        "dvar2": 9830.54785156,
        "max": 1401.0501709,
        "mean": 450.42364502,
        "median": 388.80682373,
        "min": 368.766448975,
        "var": 19041.1015625
    },
    "spectral_complexity": {
        "dmean": 0.20000000298,
        "dmean2": 0.260504215956,
        "dvar": 0.410000026226,
        "dvar2": 0.511969208717,
        "max": 6,
        "mean": 2.2066116333,
        "median": 1,
        "min": 0,
        "var": 2.04822039604
    },
    "spectral_decrease": {
        "dmean": 1.75707870476e-09,
        "dmean2": 3.15105763704e-09,
        "dvar": 1.11985638658e-17,
        "dvar2": 3.46822371726e-17,
        "max": -4.27163721062e-11,
        "mean": -4.46060433035e-09,
        "median": -3.24673044005e-09,
        "min": -2.40130066942e-08,
        "var": 1.88489761988e-17
    },
    "spectral_energy": {
        "dmean": 0.00689218239859,
        "dmean2": 0.0123589439318,
        "dvar": 0.000172448897501,
        "dvar2": 0.000533754006028,
        "max": 0.0938455983996,
        "mean": 0.0174677558243,
        "median": 0.0126890661195,
        "min": 0.000170383995282,
        "var": 0.00028806226328
    },
    "spectral_energyband_high": {
        "dmean": 2.9465516036e-06,
        "dmean2": 4.90292313771e-06,
        "dvar": 5.22277741888e-11,
        "dvar2": 1.47047249377e-10,
        "max": 6.00984312769e-05,
        "mean": 7.17064131095e-06,
        "median": 5.83577912039e-06,
        "min": 1.34181937028e-06,
        "var": 3.867219045e-11
    },
    "spectral_energyband_low": {
        "dmean": 8.35272294353e-06,
        "dmean2": 1.35758118631e-05,
        "dvar": 6.59516677382e-11,
        "dvar2": 1.6865128738e-10,
        "max": 7.24034398445e-05,
        "mean": 1.59844457812e-05,
        "median": 1.33516441565e-05,
        "min": 4.11772543885e-06,
        "var": 9.62477597621e-11
    },
    "spectral_energyband_middle_high": {
        "dmean": 5.06846117787e-05,
        "dmean2": 8.72232631082e-05,
        "dvar": 1.27524408811e-08,
        "dvar2": 3.4495908352e-08,
        "max": 0.000816232466605,
        "mean": 7.36458096071e-05,
        "median": 4.61492854811e-05,
        "min": 6.53027882436e-06,
        "var": 1.00076995579e-08
    },
    "spectral_energyband_middle_low": {
        "dmean": 0.00687397178262,
        "dmean2": 0.0123273646459,
        "dvar": 0.000171635605511,
        "dvar2": 0.00053111842135,
        "max": 0.0937925875187,
        "mean": 0.0173765551299,
        "median": 0.0126413600519,
        "min": 0.000159497751156,
        "var": 0.000287761591608
    },
    "spectral_entropy": {
        "dmean": 0.318886429071,
        "dmean2": 0.523443698883,
        "dvar": 0.126708120108,
        "dvar2": 0.298000574112,
        "max": 7.26651191711,
        "mean": 5.57350540161,
        "median": 5.67424345016,
        "min": 3.83428192139,
        "var": 0.569256007671
    },
    "spectral_flux": {
        "dmean": 0.0127566605806,
        "dmean2": 0.0192840285599,
        "dvar": 0.00058342597913,
        "dvar2": 0.00122194038704,
        "max": 0.199594065547,
        "mean": 0.0313170552254,
        "median": 0.0150866424665,
        "min": 0.00705788563937,
        "var": 0.00144030316733
    },
    "spectral_kurtosis": {
        "dmean": 5.66291236877,
        "dmean2": 8.55481052399,
        "dvar": 38.4301490784,
        "dvar2": 98.8578338623,
        "max": 73.4149398804,
        "mean": 19.7198295593,
        "median": 18.2631149292,
        "min": 5.77499866486,
        "var": 79.4255447388
    },
    "spectral_rms": {
        "dmean": 0.000623414816801,
        "dmean2": 0.0010833699489,
        "dvar": 1.0175465377e-06,
        "dvar2": 3.02366538563e-06,
        "max": 0.00956852547824,
        "mean": 0.00370093225501,
        "median": 0.00351846241392,
        "min": 0.000407711049775,
        "var": 3.34481728714e-06
    },
    "spectral_rolloff": {
        "dmean": 4.306640625,
        "dmean2": 8.50471019745,
        "dvar": 491.499450684,
        "dvar2": 991.403015137,
        "max": 732.12890625,
        "mean": 486.187683105,
        "median": 387.59765625,
        "min": 366.064453125,
        "var": 12521.2695312
    },
    "spectral_skewness": {
        "dmean": 0.509652256966,
        "dmean2": 0.785918951035,
        "dvar": 0.224201440811,
        "dvar2": 0.537336707115,
        "max": 6.94227552414,
        "mean": 3.54149198532,
        "median": 3.48483395576,
        "min": 1.86393690109,
        "var": 0.592235147953
    },
    "spectral_spread": {
        "dmean": 588953.5625,
        "dmean2": 884021.6875,
        "dvar": 1.30361956762e+12,
        "dvar2": 1.01054113382e+12,
        "max": 17101782,
        "mean": 3275359.75,
        "median": 3153520.75,
        "min": 928855.6875,
        "var": 1.97079216947e+12
    },
    "spectral_strongpeak": {
        "dmean": 0.303457766771,
        "dmean2": 0.478321373463,
        "dvar": 0.314122200012,
        "dvar2": 0.758520722389,
        "max": 5.78311634064,
        "mean": 1.7721003294,
        "median": 1.4590985775,
        "min": 0.0116366259754,
        "var": 1.24321353436
    },
    "zerocrossingrate": {
        "dmean": 0.00224609370343,
        "dmean2": 0.00313484761864,
        "dvar": 1.21529892567e-05,
        "dvar2": 1.65069614013e-05,
        "max": 0.05615234375,
        "mean": 0.023001678288,
        "median": 0.017578125,
        "min": 0.005859375,
        "var": 7.91935890447e-05
    },
    "barkbands": {
        "dmean": [1.87679248143e-07, 1.50876974203e-06, 5.37520782018e-06, 9.01542534848e-06, 8.04088413133e-05, 0.00560568226501, 0.00050836178707, 0.000156005422468, 0.000676940602716, 2.6333527785e-05, 8.06932348496e-06, 4.21746290158e-06, 6.09483458902e-06, 5.29783847014e-06, 4.18167064709e-06, 5.06964124725e-06, 2.30627415476e-06, 8.03504008218e-06, 1.12543136765e-06, 1.07031496555e-06, 9.37144307045e-07, 6.55546557482e-07, 5.75762669541e-07, 2.35269126847e-07, 1.65779141525e-07, 1.84083091881e-07, 3.54156298954e-07],
        "dmean2": [3.16401440159e-07, 2.63031324721e-06, 8.46691182232e-06, 1.60047839017e-05, 0.000134234200232, 0.0101063000038, 0.000936552416533, 0.000239995322772, 0.00117796706036, 4.58028553112e-05, 1.25721080622e-05, 7.48185993871e-06, 1.13575988507e-05, 9.76169849309e-06, 7.54892425903e-06, 9.34643230721e-06, 3.74026285499e-06, 1.06799543573e-05, 1.83671522791e-06, 1.88521232758e-06, 1.63290792443e-06, 1.08361041384e-06, 9.47549096963e-07, 3.7984437995e-07, 2.68277318582e-07, 2.84970894882e-07, 5.39281245437e-07],
        "dvar": [4.46809134288e-14, 2.25766237302e-12, 1.90202263661e-11, 8.20014750547e-11, 3.74467887809e-08, 0.000131668683025, 9.75161015049e-07, 2.07609815561e-07, 2.05606156669e-05, 1.7750471315e-08, 1.07347047917e-10, 1.81038118524e-11, 2.85835410896e-10, 1.92611260275e-10, 6.63286231495e-11, 3.88881399305e-10, 2.6987963947e-11, 1.06444242309e-09, 2.7573887184e-12, 7.60751617951e-12, 6.1885704894e-12, 1.91980068995e-12, 1.7966382505e-12, 1.43477813181e-13, 7.90832243441e-14, 1.16556300744e-13, 1.16541013493e-13],
        "dvar2": [1.13293340096e-13, 5.39795205062e-12, 4.92137303132e-11, 2.20257825867e-10, 9.61661896781e-08, 0.000410422187997, 3.22265100294e-06, 4.86566420932e-07, 5.7052289776e-05, 4.83523123762e-08, 2.37772246336e-10, 4.86602147465e-11, 8.35261304566e-10, 5.49624179502e-10, 1.89408766449e-10, 1.15320963889e-09, 7.0834324517e-11, 1.59380164622e-09, 7.19098738888e-12, 2.24424714923e-11, 1.84210632859e-11, 5.23601951727e-12, 4.0275998682e-12, 3.19523026744e-13, 1.36685652488e-13, 2.27533080268e-13, 2.61904023859e-13],
        "max": [1.24718656025e-06, 1.3467593817e-05, 3.57310818799e-05, 5.40889377589e-05, 0.00179905653931, 0.0871475487947, 0.00658153556287, 0.0038514197804, 0.0396271012723, 0.00118607492186, 8.94804834388e-05, 2.81445172732e-05, 0.000129950116388, 0.000108445325168, 6.19901911705e-05, 0.000152527558384, 3.98835036322e-05, 0.000372972077457, 1.25125598061e-05, 2.28616081586e-05, 1.95360826183e-05, 1.12242369141e-05, 9.08840956981e-06, 2.83117833533e-06, 2.80949529952e-06, 2.71900375992e-06, 3.49674564859e-06],
        "mean": [2.27130513508e-07, 2.02889009415e-06, 9.65265644481e-06, 9.50779667619e-06, 0.000171468651388, 0.0153716057539, 0.000531721103471, 0.000798110209871, 0.000483932904899, 2.3947111913e-05, 1.34131541927e-05, 6.45427189738e-06, 6.58996259517e-06, 6.42167788101e-06, 5.01148724652e-06, 4.56067118648e-06, 2.82271457763e-06, 9.34084255277e-06, 1.89944182694e-06, 1.62910384915e-06, 1.23471977531e-06, 9.7516419828e-07, 8.45603096877e-07, 5.29307556008e-07, 4.39892147597e-07, 4.53740824469e-07, 2.08532014767e-06],
        "median": [1.35054818884e-07, 1.52794780206e-06, 8.47981300467e-06, 5.74637851969e-06, 4.19963871536e-05, 0.00856897048652, 0.000154418346938, 2.69416595984e-05, 3.51067646989e-05, 9.92474997474e-06, 8.5152560132e-06, 5.13197710461e-06, 3.81180871045e-06, 4.21127879235e-06, 3.5571765693e-06, 2.17529304791e-06, 1.57492547714e-06, 1.53106327616e-06, 1.26704037484e-06, 1.10660050723e-06, 7.85523354807e-07, 6.38967208033e-07, 4.83780922877e-07, 4.15071724547e-07, 3.33250454787e-07, 3.223746603e-07, 2.02804903893e-06],
        "min": [2.85127232935e-09, 1.30958369482e-07, 5.79834591008e-07, 6.7817973104e-07, 2.237805802e-06, 2.22824965022e-05, 5.33345519216e-06, 1.7400144543e-06, 4.92613889946e-06, 2.08418987313e-06, 5.46775595467e-07, 3.62538656873e-07, 9.23709649214e-07, 6.58755027416e-07, 5.63915079965e-07, 3.48235573711e-07, 2.82415982156e-07, 3.72262263681e-07, 2.06280688531e-07, 2.43493815333e-07, 2.12934509136e-07, 1.90586362692e-07, 1.30419337552e-07, 1.61337410987e-07, 1.48517031562e-07, 1.36735224032e-07, 2.12544293277e-07],
        "var": [6.70949840825e-14, 3.08011840859e-12, 3.82305194446e-11, 8.60753274212e-11, 8.33300433101e-08, 0.000273391371593, 1.11700489924e-06, 1.11438714612e-06, 1.35573600346e-05, 1.20345893251e-08, 2.72479344643e-10, 1.95969004912e-11, 1.6849251161e-10, 1.12980048927e-10, 4.36747825405e-11, 2.10457540284e-10, 2.35056279996e-11, 1.81562476165e-09, 3.37351544269e-12, 5.04635873019e-12, 3.87360976628e-12, 1.65702933146e-12, 1.82347496477e-12, 1.68133302419e-13, 9.15581223034e-14, 1.38003161416e-13, 2.11794381404e-13]
    },
    "erbbands": {
        "dmean": [4.70620398119e-05, 0.000388928252505, 0.00461993599311, 0.0172810889781, 0.0451600439847, 0.209925159812, 2.53731012344, 55.3830986023, 36.8660850525, 1.80983507633, 5.36407136917, 15.0993366241, 7.08423280716, 0.689538836479, 0.27626773715, 0.164337396622, 0.245830431581, 0.275499373674, 0.269737392664, 0.227209791541, 0.252897769213, 0.132106378675, 0.1781013906, 0.421174496412, 0.0621032863855, 0.0494172684848, 0.0446481667459, 0.030355906114, 0.0213666204363, 0.0212962515652, 0.0165820457041, 0.00689950492233, 0.00353682530113, 0.00203897082247, 0.00118287256919, 0.000637634075247, 0.000385648658266, 0.000279031432001, 5.21773072251e-05, 1.11750059659e-05],
        "dmean2": [7.86752643762e-05, 0.000670205918141, 0.00770904263481, 0.0301129538566, 0.0769625678658, 0.358044147491, 3.92333889008, 98.4494476318, 68.1030578613, 3.13340258598, 7.38051319122, 26.7869129181, 12.9978847504, 1.22701072693, 0.432542622089, 0.276333987713, 0.455494344234, 0.516227543354, 0.488207966089, 0.419273078442, 0.461640149355, 0.219987645745, 0.270097464323, 0.531132698059, 0.0979276299477, 0.0851386636496, 0.0800754278898, 0.0525009520352, 0.0360059142113, 0.0356215201318, 0.0266665872186, 0.0114550692961, 0.0055987033993, 0.00331435375847, 0.00184205616824, 0.00102631887421, 0.000596597208641, 0.000430400687037, 8.62375454744e-05, 1.92887237063e-05],
        "dvar": [1.90481319606e-09, 1.43259157426e-07, 1.4311740415e-05, 0.000338738464052, 0.00166740932036, 0.262492537498, 11.6552753448, 13077.6542969, 5731.96826172, 8.41724777222, 298.899597168, 10393.8085938, 2388.13549805, 9.0266456604, 0.191064313054, 0.0401770994067, 0.427898585796, 0.765490353107, 0.266833126545, 0.55896705389, 0.785259664059, 0.104050301015, 0.159086793661, 3.47342371941, 0.00944963283837, 0.0167502351105, 0.0191194098443, 0.00522281462327, 0.00212888862006, 0.00201139692217, 0.00134811131284, 0.000166616577189, 2.68618423434e-05, 1.08680305857e-05, 4.16252260038e-06, 1.34698495913e-06, 4.77722778669e-07, 7.56330607032e-08, 2.54700704971e-09, 1.89328858147e-10],
        "dvar2": [4.61108973226e-09, 3.53713573986e-07, 3.76416646759e-05, 0.000902400235645, 0.00497151631862, 0.743516981602, 24.4396266937, 38263.8359375, 19233.6640625, 26.1677970886, 656.11895752, 29543.953125, 6783.13623047, 25.4444923401, 0.444074451923, 0.104417830706, 1.25799620152, 2.20310473442, 0.757221519947, 1.63094818592, 2.3083524704, 0.279427528381, 0.282901763916, 5.07438850403, 0.0201070532203, 0.0495728552341, 0.0577889084816, 0.0147527335212, 0.00564059847966, 0.00481006549671, 0.00307028926909, 0.000403084937716, 4.67502286483e-05, 2.17076430999e-05, 6.32708679404e-06, 2.21808022616e-06, 1.01866680779e-06, 1.64457048868e-07, 5.48121015242e-09, 6.24763518697e-10],
        "max": [0.000327434885548, 0.00378251611255, 0.0292643681169, 0.132568597794, 0.314211696386, 4.80506420135, 34.2289886475, 948.073425293, 487.920715332, 19.6035404205, 164.184265137, 877.930725098, 413.629852295, 26.1601791382, 3.88154792786, 1.38848388195, 4.92626714706, 7.0443520546, 3.45658755302, 5.91182088852, 6.77648210526, 2.54188013077, 4.27913665771, 21.464006424, 0.809055626392, 1.08210420609, 1.11973321438, 0.546818733215, 0.399694174528, 0.316162496805, 0.231530055404, 0.0835404098034, 0.0518978126347, 0.0315656587481, 0.0207465812564, 0.0105740455911, 0.00534730404615, 0.00241446401924, 0.000497897563037, 0.000130869098939],
        "mean": [6.37537232251e-05, 0.000619759142864, 0.00808338541538, 0.0245507583022, 0.0652756616473, 0.505689203739, 9.7023191452, 175.714553833, 64.8158721924, 3.99594521523, 23.1361713409, 12.4420185089, 4.55141496658, 0.704618155956, 0.494885027409, 0.267942905426, 0.291116893291, 0.32856374979, 0.315917104483, 0.241637602448, 0.239005103707, 0.166400119662, 0.216635242105, 0.507795155048, 0.0991238355637, 0.0757319033146, 0.0571792647243, 0.0446428023279, 0.0337943509221, 0.0297381617129, 0.0239495504647, 0.0133170420304, 0.00799043569714, 0.00507487822324, 0.00305049563758, 0.00149009400047, 0.000899602891877, 0.000909156980924, 0.000242059555603, 5.31686055183e-05],
        "median": [4.27878767368e-05, 0.000511644175276, 0.00661863898858, 0.018779899925, 0.053745161742, 0.329995572567, 8.92928695679, 97.8497848511, 31.5696811676, 3.07132983208, 0.955777287483, 0.705166101456, 0.452846825123, 0.376022160053, 0.295225322247, 0.196574896574, 0.182073965669, 0.197937935591, 0.210091426969, 0.13119584322, 0.115970045328, 0.0884883180261, 0.0860171765089, 0.0741343200207, 0.0606341212988, 0.0505159832537, 0.0351203009486, 0.0298742894083, 0.022875469178, 0.0184107944369, 0.0137721206993, 0.00974131468683, 0.00599185982719, 0.00400973716751, 0.00235092127696, 0.00101284193806, 0.00065437000012, 0.000853538746014, 0.000226982272579, 4.78700712847e-05],
        "min": [3.16449336424e-06, 9.06165369088e-05, 0.0010696608806, 0.00520270271227, 0.00839739106596, 0.0929877981544, 0.259148687124, 0.129785820842, 0.0382312349975, 0.340687304735, 0.189646959305, 0.13290271163, 0.06687156111, 0.0409435555339, 0.0220697261393, 0.0158875603229, 0.0409500822425, 0.0375028289855, 0.0339282602072, 0.023836042732, 0.0165945310146, 0.0159979425371, 0.020332749933, 0.0121285635978, 0.0118140755221, 0.0118620842695, 0.00943684112281, 0.00725397653878, 0.00673567084596, 0.00474315043539, 0.00380128365941, 0.00335175846703, 0.00252108974382, 0.00178489054088, 0.00103088654578, 0.000401216937462, 0.000235758983763, 0.000122393277707, 2.32303864323e-05, 3.7753320612e-06],
        "var": [3.61013086092e-09, 1.93238975044e-07, 2.55353297689e-05, 0.000364650477422, 0.00216317456216, 0.367267638445, 39.3867416382, 35223.765625, 7104.28613281, 9.20760345459, 1000.03869629, 6523.89990234, 1433.22167969, 5.63172340393, 0.356579810381, 0.0428462475538, 0.252214580774, 0.438200116158, 0.171656444669, 0.314399182796, 0.441395401955, 0.083850890398, 0.252325236797, 6.04664564133, 0.0128573952243, 0.0110039068386, 0.0112438146025, 0.00367411784828, 0.00190629449207, 0.00194911239669, 0.00137699674815, 0.000170978630194, 3.69291155948e-05, 1.26791519506e-05, 4.77237836094e-06, 1.63355650784e-06, 5.50498043594e-07, 1.45068653978e-07, 4.44629932872e-09, 4.05039501938e-10]
    },
    "gfcc": {
        "mean": [-167.210220337, 94.2001876831, -88.8993682861, -33.4374771118, -83.5447769165, -50.7463874817, -53.0141296387, -16.8881645203, -10.807598114, 7.15870809555, 3.4285697937, 6.94861888885, -3.96731066704],
        "cov": [[401.929504395, -5.68060588837, -101.848640442, 54.7274932861, -39.8946800232, -35.9268608093, -31.9971847534, -6.79065227509, 22.938041687, -0.306875109673, 8.31878757477, 17.0282554626, -6.52282619476], [-5.68060588837, 138.990982056, 8.66822528839, -82.9281387329, -0.434504210949, -12.3729038239, 48.1819038391, 43.5647697449, 21.5268230438, -24.511423111, -42.1287841797, -50.3336906433, -6.15850019455], [-101.848640442, 8.66822528839, 175.376647949, -2.65128469467, -18.9466552734, 9.54418087006, -36.4110870361, -50.5209197998, -12.6333885193, 43.5049858093, 42.5351486206, 52.5165748596, 45.0378799438], [54.7274932861, -82.9281387329, -2.65128469467, 152.808151245, 10.6881313324, -8.78340053558, -56.9226875305, -67.4839935303, 0.553923547268, 26.4660434723, 73.2260284424, 74.5817871094, 19.760099411], [-39.8946800232, -0.434504210949, -18.9466552734, 10.6881313324, 62.5816879272, 11.9624204636, -5.18885803223, -3.38628339767, -10.1582489014, 5.48721933365, 15.64179039, 14.1619205475, 0.802160799503], [-35.9268608093, -12.3729038239, 9.54418087006, -8.78340053558, 11.9624204636, 58.7230873108, 25.883638382, 14.8177022934, 1.45322573185, 1.54225718975, -26.2691059113, -19.9858627319, -2.9241836071], [-31.9971847534, 48.1819038391, -36.4110870361, -56.9226875305, -5.18885803223, 25.883638382, 101.451042175, 96.5389480591, 1.71643531322, -46.5593032837, -75.9732131958, -78.9972229004, -42.2990684509], [-6.79065227509, 43.5647697449, -50.5209197998, -67.4839935303, -3.38628339767, 14.8177022934, 96.5389480591, 138.899581909, 6.17585992813, -63.1776809692, -99.617477417, -99.766960144, -65.1856384277], [22.938041687, 21.5268230438, -12.6333885193, 0.553923547268, -10.1582489014, 1.45322573185, 1.71643531322, 6.17585992813, 46.6391677856, 7.82071876526, -17.0402870178, -14.9649114609, 6.13607645035], [-0.306875109673, -24.511423111, 43.5049858093, 26.4660434723, 5.48721933365, 1.54225718975, -46.5593032837, -63.1776809692, 7.82071876526, 67.0374908447, 53.0539054871, 49.1216239929, 44.1954421997], [8.31878757477, -42.1287841797, 42.5351486206, 73.2260284424, 15.64179039, -26.2691059113, -75.9732131958, -99.617477417, -17.0402870178, 53.0539054871, 130.14781189, 118.51978302, 51.6129264832], [17.0282554626, -50.3336906433, 52.5165748596, 74.5817871094, 14.1619205475, -19.9858627319, -78.9972229004, -99.766960144, -14.9649114609, 49.1216239929, 118.51978302, 138.196777344, 68.5886459351], [-6.52282619476, -6.15850019455, 45.0378799438, 19.760099411, 0.802160799503, -2.9241836071, -42.2990684509, -65.1856384277, 6.13607645035, 44.1954421997, 51.6129264832, 68.5886459351, 74.2896728516]],
        "icov": [[0.00643347110599, -0.00857318751514, 0.00848099775612, -0.00460409466177, 0.0111578963697, -0.00506580388173, 0.00976592674851, -0.00671364320442, 0.0063086990267, -0.00857569184154, 0.00579623598605, -0.00917153712362, 0.00430838856846], [-0.00857318751514, 0.0349033810198, -0.0190492905676, 0.0156918950379, -0.026668112725, 0.0212665908039, -0.0283190887421, 0.0179269146174, -0.0256254691631, 0.0246237814426, -0.015724228695, 0.023574506864, -0.0131270727143], [0.00848099775612, -0.0190492905676, 0.0227527301759, -0.00725630717352, 0.0234219171107, -0.0151819195598, 0.0202804561704, -0.01348137483, 0.0178251918405, -0.0199979692698, 0.0103261498734, -0.0184856876731, 0.00648694578558], [-0.00460409466177, 0.0156918950379, -0.00725630717352, 0.0185747090727, -0.012030640617, 0.00665660435334, -0.0114516327158, 0.0111011574045, -0.0149725219235, 0.0119225354865, -0.00919041596353, 0.0045598144643, 0.000286436435999], [0.0111578963697, -0.026668112725, 0.0234219171107, -0.012030640617, 0.046877451241, -0.0245051812381, 0.029540149495, -0.0220521874726, 0.0247847791761, -0.0242740046233, 0.00915808882564, -0.022808374837, 0.0108576519415], [-0.00506580388173, 0.0212665908039, -0.0151819195598, 0.00665660435334, -0.0245051812381, 0.0410256162286, -0.0310116428882, 0.018806386739, -0.0152333592996, 0.00684256711975, 0.00490752235055, 0.00910969916731, -0.00515726162121], [0.00976592674851, -0.0283190887421, 0.0202804561704, -0.0114516327158, 0.029540149495, -0.0310116428882, 0.0647191032767, -0.0405389368534, 0.0249938201159, -0.013404709287, 0.00269590457901, -0.00777453603223, 0.000215117819607], [-0.00671364320442, 0.0179269146174, -0.01348137483, 0.0111011574045, -0.0220521874726, 0.018806386739, -0.0405389368534, 0.0487189739943, -0.0190112236887, 0.0175564084202, 0.00671315239742, 0.00525447027758, 0.00837240181863], [0.0063086990267, -0.0256254691631, 0.0178251918405, -0.0149725219235, 0.0247847791761, -0.0152333592996, 0.0249938201159, -0.0190112236887, 0.0492666140199, -0.0272210463881, 0.0164429713041, -0.0122016882524, 0.000254216371104], [-0.00857569184154, 0.0246237814426, -0.0199979692698, 0.0119225354865, -0.0242740046233, 0.00684256711975, -0.013404709287, 0.0175564084202, -0.0272210463881, 0.060968130827, -0.0324143059552, 0.03574205935, -0.0259565301239], [0.00579623598605, -0.015724228695, 0.0103261498734, -0.00919041596353, 0.00915808882564, 0.00490752235055, 0.00269590457901, 0.00671315239742, 0.0164429713041, -0.0324143059552, 0.0669180527329, -0.0564827769995, 0.0264916419983], [-0.00917153712362, 0.023574506864, -0.0184856876731, 0.0045598144643, -0.022808374837, 0.00910969916731, -0.00777453603223, 0.00525447027758, -0.0122016882524, 0.03574205935, -0.0564827769995, 0.0804580301046, -0.0433656983078], [0.00430838856846, -0.0131270727143, 0.00648694578558, 0.000286436435999, 0.0108576519415, -0.00515726162121, 0.000215117819607, 0.00837240181863, 0.000254216371104, -0.0259565301239, 0.0264916419983, -0.0433656983078, 0.0529440306127]]
    },
    "melbands": {
        "dmean": [3.90653127624e-07, 1.68122824107e-06, 3.61873844668e-06, 5.22706068296e-06, 4.94958694617e-05, 0.00122693146113, 0.000536552106496, 1.00434681372e-05, 4.59159819002e-05, 0.000105325241748, 3.38994432241e-05, 2.15543400373e-06, 1.09527570658e-06, 5.09438734753e-07, 4.55059222304e-07, 6.17452826646e-07, 4.94749713198e-07, 4.73680813684e-07, 2.95501450864e-07, 3.51262315235e-07, 2.78932901665e-07, 1.40493682466e-07, 1.33470521746e-07, 2.78103840401e-07, 3.64482190207e-07, 3.83239040502e-08, 3.80647549036e-08, 3.41379262636e-08, 3.20705595414e-08, 2.33178845122e-08, 1.6844634132e-08, 1.35615465524e-08, 1.23562058363e-08, 1.17107026298e-08, 1.05947979279e-08, 7.11228675954e-09, 3.26814886265e-09, 2.53833731811e-09, 2.44293563156e-09, 1.71412617433e-09],
        "dmean2": [6.70393944802e-07, 2.71842691291e-06, 6.45513091513e-06, 9.40453355724e-06, 6.81969322613e-05, 0.00220016692765, 0.000991640263237, 1.56711357704e-05, 6.33738745819e-05, 0.000191011989955, 6.24650128884e-05, 3.85538896808e-06, 1.66438314864e-06, 8.94788513506e-07, 7.73374210894e-07, 1.16808973871e-06, 9.23087043248e-07, 8.60189459218e-07, 5.37717198767e-07, 6.49712035283e-07, 5.04244439981e-07, 2.3079218181e-07, 2.36293004718e-07, 3.8091363308e-07, 4.56992040654e-07, 6.33876879874e-08, 6.51119478334e-08, 5.95732352338e-08, 5.82337058574e-08, 4.16331253916e-08, 2.92498558707e-08, 2.3415941186e-08, 2.01396339605e-08, 1.99732959061e-08, 1.69323293164e-08, 1.19473257953e-08, 5.25382404248e-09, 3.96983201867e-09, 4.00602973016e-09, 2.77130274284e-09],
        "dvar": [1.30918347452e-13, 1.84259356904e-12, 1.11304195027e-11, 1.09746017829e-10, 6.24550500206e-09, 6.4039386416e-06, 1.21784478324e-06, 7.50015771711e-10, 2.45517686182e-08, 5.34314892775e-07, 5.47664065209e-08, 6.01707780823e-11, 2.47246017063e-12, 2.48350412501e-13, 7.27194129566e-13, 3.40325055463e-12, 2.48379897379e-12, 8.05622441587e-13, 4.18163631976e-13, 1.96650551745e-12, 7.74401213727e-13, 1.03591628006e-13, 6.64861164713e-14, 1.17613243363e-12, 2.62792695591e-12, 3.77705162543e-15, 3.77381892419e-15, 9.35737540919e-15, 1.14055976374e-14, 3.51795335247e-15, 1.21266890674e-15, 9.86494910316e-16, 6.03431300882e-16, 6.28480129775e-16, 5.50464371927e-16, 2.18825813551e-16, 2.63749152203e-17, 1.30960202381e-17, 1.46069111218e-17, 7.19385495693e-18],
        "dvar2": [3.23433283194e-13, 4.77110842154e-12, 2.85984100984e-11, 3.37243594162e-10, 1.13983853467e-08, 1.9362065359e-05, 4.09504445997e-06, 1.97763094789e-09, 4.6895785033e-08, 1.53105554546e-06, 1.5565289857e-07, 1.71884409483e-10, 5.61364279714e-12, 7.08360019946e-13, 1.99131358104e-12, 1.00156809929e-11, 7.10983789204e-12, 2.27374824698e-12, 1.17193516176e-12, 5.82766300494e-12, 2.26013565502e-12, 2.71875783605e-13, 1.80903970731e-13, 1.79958814777e-12, 3.82606489893e-12, 9.27817105236e-15, 1.04723358891e-14, 2.77554129853e-14, 3.44489790426e-14, 1.05237889055e-14, 3.2291919857e-15, 2.62849718357e-15, 1.59846488564e-15, 1.41300426898e-15, 1.28360939838e-15, 4.81789799299e-16, 6.5122407614e-17, 2.1023624103e-17, 3.45666138666e-17, 1.48038148492e-17],
        "max": [2.74263197753e-06, 1.0676146303e-05, 2.17663509829e-05, 9.05195556697e-05, 0.000900404818822, 0.0201212726533, 0.00703360605985, 0.000247899763053, 0.00151650933549, 0.00620926870033, 0.00197512400337, 6.69025612297e-05, 1.38136456371e-05, 3.38082122653e-06, 6.45941781841e-06, 1.39712747114e-05, 1.27133989736e-05, 5.51490984435e-06, 5.12577662448e-06, 1.09776947284e-05, 6.5361086854e-06, 2.48845935857e-06, 1.64367065736e-06, 1.23077561511e-05, 1.86887482414e-05, 4.5855335884e-07, 4.87378201797e-07, 8.04591763881e-07, 8.62975866767e-07, 4.71479353337e-07, 2.39745986619e-07, 2.74133071798e-07, 1.57758648811e-07, 1.91603476196e-07, 1.56003252982e-07, 1.02377633482e-07, 3.89872312212e-08, 3.84509810658e-08, 3.01700069372e-08, 2.5008954907e-08],
        "mean": [5.3565423741e-07, 3.05261642097e-06, 5.05447042087e-06, 6.75415685691e-06, 0.000191666724277, 0.00359657243825, 0.000947350054048, 3.00067731587e-05, 0.00018893534434, 7.17311704648e-05, 2.11719216168e-05, 2.36264645537e-06, 1.88325248018e-06, 7.96750441623e-07, 5.99700172188e-07, 6.76013939938e-07, 5.88195973705e-07, 5.33299555627e-07, 3.48679634499e-07, 3.14436505278e-07, 2.64504478764e-07, 1.69885595369e-07, 1.47259939354e-07, 3.32391948632e-07, 4.35288853851e-07, 6.40509227878e-08, 5.85359920535e-08, 4.83088236081e-08, 3.78759210662e-08, 2.97497653179e-08, 2.43381759191e-08, 1.96306562117e-08, 1.75220460363e-08, 1.57836446135e-08, 1.45041010313e-08, 1.09273816662e-08, 6.98457602866e-09, 5.64852342677e-09, 4.85052042976e-09, 4.11319023286e-09],
        "median": [3.79139521556e-07, 2.5499180083e-06, 4.13487896367e-06, 5.11150483362e-06, 0.00015003651788, 0.00196681171656, 0.000468473590445, 4.70548729936e-06, 5.48984962734e-06, 4.25724556408e-06, 1.69679663031e-06, 1.42891428823e-06, 1.06964716906e-06, 6.60695775423e-07, 3.74226289068e-07, 3.89503071574e-07, 3.77153014597e-07, 3.49746954953e-07, 2.28541864544e-07, 1.49442726638e-07, 1.30269654619e-07, 9.43191906799e-08, 7.76678845682e-08, 6.98870437077e-08, 5.57736186124e-08, 4.44832259916e-08, 4.01018915852e-08, 3.05638856446e-08, 2.15096687128e-08, 1.85895139282e-08, 1.59998894134e-08, 1.29344854827e-08, 1.07947970562e-08, 9.01681485033e-09, 8.38002200965e-09, 6.95907997894e-09, 5.51851764286e-09, 4.25038360063e-09, 3.875470167e-09, 3.26247806548e-09],
        "min": [3.06601002364e-08, 3.79396425387e-07, 9.52060929649e-07, 8.04905937457e-07, 8.80725474417e-06, 3.09526103592e-06, 6.51887035019e-07, 3.48597666289e-07, 6.84353665292e-07, 7.27087751784e-07, 2.2547206413e-07, 1.26163868686e-07, 7.43355599298e-08, 4.21621386693e-08, 6.21794953304e-08, 9.63391144637e-08, 6.44304947173e-08, 5.42684333027e-08, 3.96928037105e-08, 2.92460153872e-08, 1.66020601711e-08, 1.46400074286e-08, 1.94947507026e-08, 1.71700236251e-08, 6.69820732213e-09, 7.81805820083e-09, 8.7225977552e-09, 7.68266517071e-09, 5.33587218854e-09, 4.01698230235e-09, 4.00642941045e-09, 3.69105901399e-09, 2.85140799861e-09, 1.94314053736e-09, 2.25653562502e-09, 1.89375803927e-09, 1.52749390914e-09, 1.75112091494e-09, 1.36615974089e-09, 1.47904477554e-09],
        "var": [2.18231398122e-13, 3.53948597862e-12, 1.30002519166e-11, 7.75023517585e-11, 2.21001617007e-08, 1.51650792759e-05, 1.49039431108e-06, 1.6179221296e-09, 7.22994144553e-08, 3.2402533634e-07, 3.26317319832e-08, 3.6696885114e-11, 6.20988893987e-12, 2.57274941368e-13, 5.979797278e-13, 1.91611678781e-12, 1.43202550512e-12, 5.21636173926e-13, 2.72761956251e-13, 1.05646426937e-12, 4.52092058451e-13, 8.86220079526e-14, 5.58235335941e-14, 1.96912906987e-12, 4.59202337613e-12, 4.1728680041e-15, 3.52650033842e-15, 5.83903348036e-15, 6.55451966981e-15, 2.20763149955e-15, 9.66418323642e-16, 8.22240610526e-16, 5.57263028938e-16, 6.37100119382e-16, 5.53686749956e-16, 2.30121752291e-16, 3.0377933372e-17, 1.87431649092e-17, 1.54760082847e-17, 8.29933635068e-18]
    },
    "mfcc": {
        "mean": [-834.436096191, 156.229522705, 11.1708240509, 4.04240751266, -23.0007228851, -30.0832805634, -35.546585083, -29.345703125, -24.9252510071, -12.5201463699, -6.55830335617, -1.35770666599, 3.72629618645],
        "cov": [[517.778564453, -86.8903045654, -96.3738098145, 43.3647193909, -29.9332752228, -20.9056396484, -71.6005325317, 0.975891113281, -4.38808202744, 17.4372730255, 21.7223892212, 29.8323135376, -8.00154399872], [-86.8903045654, 239.855621338, -7.83371925354, -90.0863723755, -59.1756248474, -85.9501953125, 23.3403511047, 33.6690063477, 91.626739502, 79.7679367065, 63.7232894897, -8.96474742889, -52.8847503662], [-96.3738098145, -7.83371925354, 146.007034302, 5.36612844467, 2.02973628044, 28.2919063568, -0.336054235697, -21.6487998962, -20.1380729675, -24.3884143829, -28.6282958984, -6.34272146225, 8.27604198456], [43.3647193909, -90.0863723755, 5.36612844467, 90.6473236084, 42.16147995, 40.352268219, -13.1641674042, -19.2308273315, -54.0686721802, -53.3556137085, -34.4478149414, 5.67802619934, 35.3898277283], [-29.9332752228, -59.1756248474, 2.02973628044, 42.16147995, 88.9523544312, 67.7914581299, -4.82874011993, -31.5092849731, -58.8020401001, -63.1151924133, -54.9828567505, 0.712034463882, 43.1302108765], [-20.9056396484, -85.9501953125, 28.2919063568, 40.352268219, 67.7914581299, 113.302703857, -2.22871088982, -47.5036849976, -63.2959442139, -71.2037353516, -74.0496139526, 1.13529241085, 51.9322090149], [-71.6005325317, 23.3403511047, -0.336054235697, -13.1641674042, -4.82874011993, -2.22871088982, 61.4659004211, 18.2484474182, 5.5770406723, -1.48313343525, 8.97556114197, -8.67217445374, -9.61099147797], [0.975891113281, 33.6690063477, -21.6487998962, -19.2308273315, -31.5092849731, -47.5036849976, 18.2484474182, 78.5296401978, 43.3925628662, 40.3366966248, 51.6323471069, -13.518828392, -38.7930984497], [-4.38808202744, 91.626739502, -20.1380729675, -54.0686721802, -58.8020401001, -63.2959442139, 5.5770406723, 43.3925628662, 120.303436279, 95.5975418091, 62.1156806946, 7.5832400322, -51.1525039673], [17.4372730255, 79.7679367065, -24.3884143829, -53.3556137085, -63.1151924133, -71.2037353516, -1.48313343525, 40.3366966248, 95.5975418091, 126.291488647, 86.3009033203, 8.43297863007, -60.2176895142], [21.7223892212, 63.7232894897, -28.6282958984, -34.4478149414, -54.9828567505, -74.0496139526, 8.97556114197, 51.6323471069, 62.1156806946, 86.3009033203, 107.221694946, 11.2460670471, -55.1036491394], [29.8323135376, -8.96474742889, -6.34272146225, 5.67802619934, 0.712034463882, 1.13529241085, -8.67217445374, -13.518828392, 7.5832400322, 8.43297863007, 11.2460670471, 35.0655632019, 13.0846385956], [-8.00154399872, -52.8847503662, 8.27604198456, 35.3898277283, 43.1302108765, 51.9322090149, -9.61099147797, -38.7930984497, -51.1525039673, -60.2176895142, -55.1036491394, 13.0846385956, 68.6187820435]],
