{
"lowlevel": {
    "average_loudness": 0.987387597561,
    "barkbands_crest": {
        "dmean": 1.24294018745,
        "dmean2": 1.27079284191,
        "dvar": 0.748812139034,
        "dvar2": 0.936233580112,
        "max": 17.9676780701,
        "mean": 15.1790189743,
        "median": 15.1464471817,
        "min": 7.66961050034,
        "var": 2.40890645981
    },
    "barkbands_flatness_db": {
        "dmean": 0.0199391711503,
        "dmean2": 0.0323935113847,
        "dvar": 0.000648964138236,
        "dvar2": 0.00127623474691,
        "max": 0.512502968311,
        "mean": 0.458395808935,
        "median": 0.469568103552,
        "min": 0.212726175785,
        "var": 0.00109933852218
    },
    "barkbands_kurtosis": {
        "dmean": 6.89092493057,
        "dmean2": 11.9451856613,
        "dvar": 86.8039550781,
        "dvar2": 230.504043579,
        "max": 56.1710777283,
        "mean": 11.8877353668,
        "median": 7.19134616852,
        "min": 3.12351512909,
        "var": 98.1305084229
    },
    "barkbands_skewness": {
        "dmean": 0.450167894363,
        "dmean2": 0.749731659889,
        "dvar": 0.34671241045,
        "dvar2": 0.862245321274,
        "max": 4.97768545151,
        "mean": 1.62854218483,
        "median": 1.43286323547,
        "min": 0.856077134609,
        "var": 0.431279063225
    },
    "barkbands_spread": {
        "dmean": 0.0908581390977,
        "dmean2": 0.106661453843,
        "dvar": 0.0335463546216,
        "dvar2": 0.0375144258142,
        "max": 3.50502991676,
        "mean": 0.910216271877,
        "median": 0.887034296989,
        "min": 0.74434196949,
        "var": 0.0431735478342
    },
    "dissonance": {
        "dmean": 0.0458727031946,
        "dmean2": 0.069116383791,
        "dvar": 0.00149605888873,
        "dvar2": 0.002842257265,
        "max": 0.481165707111,
        "mean": 0.385604172945,
        "median": 0.401291251183,
        "min": 0.224267318845,
        "var": 0.00283665116876
    },
    "dynamic_complexity": 0.376882970333,
    "erbbands_crest": {
        "dmean": 0.997707426548,
        "dmean2": 1.27778124809,
        "dvar": 0.433124989271,
        "dvar2": 0.90308958292,
        "max": 13.1811103821,
        "mean": 10.7110052109,
        "median": 10.6853113174,
        "min": 6.71831226349,
        "var": 1.16808962822
    },
    "erbbands_flatness_db": {
        "dmean": 0.0199749898165,
        "dmean2": 0.0315312221646,
        "dvar": 0.000606417073868,
        "dvar2": 0.00119218265172,
        "max": 0.399902701378,
        "mean": 0.345870584249,
        "median": 0.3550735116,
        "min": 0.106631465256,
        "var": 0.00110143481288
    },
    "erbbands_kurtosis": {
        "dmean": 4.24200296402,
        "dmean2": 6.71607065201,
        "dvar": 15.7247467041,
        "dvar2": 41.8309326172,
        "max": 34.0903282166,
        "mean": 17.4921264648,
        "median": 16.0558204651,
        "min": 1.47675800323,
        "var": 34.6752166748
    },
    "erbbands_skewness": {
        "dmean": 0.535064220428,
        "dmean2": 0.854551553726,
        "dvar": 0.240852728486,
        "dvar2": 0.652001202106,
        "max": 4.47755241394,
        "mean": 2.99047827721,
        "median": 2.78923201561,
        "min": 1.49740493298,
        "var": 0.489882647991
    },
    "erbbands_spread": {
        "dmean": 1.51302361488,
        "dmean2": 2.4425675869,
        "dvar": 10.7544879913,
        "dvar2": 17.2525215149,
        "max": 46.0315628052,
        "mean": 5.26972579956,
        "median": 4.41210746765,
        "min": 3.21036791801,
        "var": 11.984249115
    },
    "hfc": {
        "dmean": 3.91282725334,
        "dmean2": 3.77470898628,
        "dvar": 4.70999336243,
        "dvar2": 4.23082637787,
        "max": 23.6912784576,
        "mean": 16.808221817,
        "median": 16.508895874,
        "min": 0.960715353489,
        "var": 21.2897033691
    },
    "melbands_crest": {
        "dmean": 1.45971214771,
        "dmean2": 1.48609137535,
        "dvar": 0.962358951569,
        "dvar2": 1.14711415768,
        "max": 26.0397472382,
        "mean": 22.5046920776,
        "median": 22.2900085449,
        "min": 13.5935268402,
        "var": 3.47378325462
    },
    "melbands_flatness_db": {
        "dmean": 0.0267149657011,
        "dmean2": 0.04406183213,
        "dvar": 0.00100706075318,
        "dvar2": 0.00223489454947,
        "max": 0.669159054756,
        "mean": 0.605746030807,
        "median": 0.619480669498,
        "min": 0.341945976019,
        "var": 0.00173419737257
    },
    "melbands_kurtosis": {
        "dmean": 10.4334230423,
        "dmean2": 17.7545204163,
        "dvar": 229.813369751,
        "dvar2": 601.303161621,
        "max": 102.829963684,
        "mean": 20.3725357056,
        "median": 13.6665630341,
        "min": 7.18223667145,
        "var": 239.770370483
    },
    "melbands_skewness": {
        "dmean": 0.413318902254,
        "dmean2": 0.6770632267,
        "dvar": 0.347759634256,
        "dvar2": 0.817365288734,
        "max": 6.08684539795,
        "mean": 2.23922419548,
        "median": 2.03581285477,
        "min": 1.55220794678,
        "var": 0.405898600817
    },
    "melbands_spread": {
        "dmean": 0.0761092677712,
        "dmean2": 0.0772499293089,
        "dvar": 0.00910353846848,
        "dvar2": 0.0112346271053,
        "max": 2.13751578331,
        "mean": 0.785695314407,
        "median": 0.779953420162,
        "min": 0.634052932262,
        "var": 0.0157906468958
    },
    "pitch_salience": {
        "dmean": 0.0267111118883,
        "dmean2": 0.0290080048144,
        "dvar": 0.000501182454173,
        "dvar2": 0.000843437912408,
        "max": 0.739088237286,
        "mean": 0.48221257329,
        "median": 0.484226971865,
        "min": 0.411595106125,
        "var": 0.00120620371308
    },
    "silence_rate_20dB": {
        "dmean": 0,
        "dmean2": 0,
        "dvar": 0,
        "dvar2": 0,
        "max": 1,
        "mean": 1,
        "median": 1,
        "min": 1,
        "var": 0
    },
    "silence_rate_30dB": {
        "dmean": 0.20000000298,
        "dmean2": 0.397769510746,
        "dvar": 0.160000443459,
        "dvar2": 0.417986929417,
        "max": 1,
        "mean": 0.11439114064,
        "median": 0,
        "min": 0,
        "var": 0.101305492222
    },
    "silence_rate_60dB": {
        "dmean": 0,
        "dmean2": 0,
        "dvar": 0,
        "dvar2": 0,
        "max": 0,
        "mean": 0,
        "median": 0,
        "min": 0,
        "var": 0
    },
    "spectral_centroid": {
        "dmean": 8.81031608582,
        "dmean2": 11.2016134262,
        "dvar": 238.927871704,
        "dvar2": 328.188446045,
        "max": 377.683502197,
        "mean": 169.656219482,
        "median": 167.87739563,
        "min": 153.349533081,
        "var": 329.922973633
    },
    "spectral_complexity": {
        "dmean": 0.87777775526,
        "dmean2": 1.45353162289,
        "dvar": 0.633209824562,
        "dvar2": 1.44486534595,
        "max": 8,
        "mean": 5.34686326981,
        "median": 5,
        "min": 1,
        "var": 0.935037493706
    },
    "spectral_decrease": {
        "dmean": 6.48099751643e-09,
        "dmean2": 6.28360075083e-09,
        "dvar": 1.45428344029e-17,
        "dvar2": 1.31687997243e-17,
        "max": -1.65087077342e-09,
        "mean": -3.18718029746e-08,
        "median": -3.1204699269e-08,
        "min": -4.32891056334e-08,
        "var": 5.97132552128e-17
    },
    "spectral_energy": {
        "dmean": 0.0248155426234,
        "dmean2": 0.0240576397628,
        "dvar": 0.00021282324451,
        "dvar2": 0.000192673644051,
        "max": 0.165500238538,
        "mean": 0.12181596458,
        "median": 0.11923802644,
        "min": 0.00631790840998,
        "var": 0.000875134719536
    },
    "spectral_energyband_high": {
        "dmean": 4.65139146399e-06,
        "dmean2": 8.32274690765e-06,
        "dvar": 8.05704461482e-11,
        "dvar2": 2.0720823668e-10,
        "max": 5.89562769164e-05,
        "mean": 4.28476278103e-06,
        "median": 1.33139747049e-06,
        "min": 2.89221873118e-07,
        "var": 5.95061014352e-11
    },
    "spectral_energyband_low": {
        "dmean": 0.0175654217601,
        "dmean2": 0.0175295826048,
        "dvar": 0.00013073606533,
        "dvar2": 0.000118590018246,
        "max": 0.129536762834,
        "mean": 0.0933559089899,
        "median": 0.0912486612797,
        "min": 0.00422489643097,
        "var": 0.00045729856356
    },
    "spectral_energyband_middle_high": {
        "dmean": 2.2120986614e-05,
        "dmean2": 3.1096929888e-05,
        "dvar": 6.06871886077e-10,
        "dvar2": 1.42471945352e-09,
        "max": 0.000241171728703,
        "mean": 6.00392268097e-05,
        "median": 5.48623756913e-05,
        "min": 1.18724601634e-05,
        "var": 8.65746752066e-10
    },
    "spectral_energyband_middle_low": {
        "dmean": 0.0107399625704,
        "dmean2": 0.0106337973848,
        "dvar": 3.82872094633e-05,
        "dvar2": 3.65736232197e-05,
        "max": 0.0632371902466,
        "mean": 0.0398742817342,
        "median": 0.0390861332417,
        "min": 0.00276326388121,
        "var": 0.00016545332619
    },
    "spectral_entropy": {
        "dmean": 0.245019361377,
        "dmean2": 0.381843537092,
        "dvar": 0.0861276239157,
        "dvar2": 0.176645919681,
        "max": 7.97402906418,
        "mean": 5.05029678345,
        "median": 4.97316360474,
        "min": 4.49803638458,
        "var": 0.150026068091
    },
    "spectral_flux": {
        "dmean": 0.0234586466104,
        "dmean2": 0.040288887918,
        "dvar": 0.000467935198685,
        "dvar2": 0.00117081229109,
        "max": 0.26763483882,
        "mean": 0.0729755237699,
        "median": 0.070256061852,
        "min": 0.0400103665888,
        "var": 0.000556575192604
    },
    "spectral_kurtosis": {
        "dmean": 32.2078552246,
        "dmean2": 54.437084198,
        "dvar": 670.093505859,
        "dvar2": 1798.27783203,
        "max": 161.431259155,
        "mean": 73.3926849365,
        "median": 72.4619216919,
        "min": 2.43699121475,
        "var": 1700.76672363
    },
    "spectral_rms": {
        "dmean": 0.00113551109098,
        "dmean2": 0.00109842862003,
        "dvar": 6.10127017353e-07,
        "dvar2": 5.40480073141e-07,
        "max": 0.0127068348229,
        "mean": 0.0108101153746,
        "median": 0.0107856281102,
        "min": 0.00248270272277,
        "var": 1.98619977709e-06
    },
    "spectral_rolloff": {
        "dmean": 6.85872411728,
        "dmean2": 13.6883926392,
        "dvar": 100.648292542,
        "dvar2": 110.830413818,
        "max": 193.798828125,
        "mean": 182.674331665,
        "median": 172.265625,
        "min": 172.265625,
        "var": 115.791885376
    },
    "spectral_skewness": {
        "dmean": 1.80044138432,
        "dmean2": 3.0523788929,
        "dvar": 1.9693416357,
        "dvar2": 5.23016881943,
        "max": 10.8364105225,
        "mean": 6.3761639595,
        "median": 6.46502065659,
        "min": 1.77494084835,
        "var": 4.79752635956
    },
    "spectral_spread": {
        "dmean": 571648.5,
        "dmean2": 869456.75,
        "dvar": 1.50089302016e+12,
        "dvar2": 1.02019668378e+12,
        "max": 28687988,
        "mean": 1486422.375,
        "median": 1210778.875,
        "min": 570638.5625,
        "var": 3.66722206925e+12
    },
    "spectral_strongpeak": {
        "dmean": 0.34675475955,
        "dmean2": 0.564705848694,
        "dvar": 0.056437343359,
        "dvar2": 0.0945525169373,
        "max": 1.62691235542,
        "mean": 1.09854829311,
        "median": 1.14408135414,
        "min": 0.0412994474173,
        "var": 0.108661204576
    },
    "zerocrossingrate": {
        "dmean": 0.000517216452863,
        "dmean2": 0.00082771840971,
        "dvar": 4.53040939874e-07,
        "dvar2": 6.95759695191e-07,
        "max": 0.0087890625,
        "mean": 0.00569721497595,
        "median": 0.00537109375,
        "min": 0.00146484375,
        "var": 1.07694029339e-06
    },
    "barkbands": {
        "dmean": [1.75542245415e-05, 0.00107096787542, 0.0159392077476, 0.00826440379024, 0.00602535298094, 0.000686424376909, 0.000108667365566, 3.44412255799e-05, 1.40096753967e-05, 7.5993793871e-06, 5.23646440342e-06, 2.38177722167e-06, 1.34502829496e-06, 1.19805486065e-06, 1.44161026583e-06, 6.62284605824e-07, 7.46632508708e-07, 1.10851010504e-06, 5.3384687817e-06, 3.33959678755e-06, 2.05464925784e-06, 2.99895589251e-07, 1.444423674e-07, 3.54766918065e-08, 2.72052496086e-08, 2.88291150952e-08, 2.79979506246e-08],
        "dmean2": [2.61539462372e-05, 0.00120359228458, 0.015446068719, 0.00804288871586, 0.00579362316057, 0.000658634176943, 0.000121427481645, 3.91637113353e-05, 1.69640334207e-05, 1.00915704024e-05, 6.43253315502e-06, 3.18964225698e-06, 1.95857819563e-06, 1.89712329757e-06, 2.3543284442e-06, 1.09781694846e-06, 1.19253320463e-06, 1.95298503058e-06, 9.45516967477e-06, 6.01511101195e-06, 3.71692431145e-06, 5.20153150774e-07, 2.42453609189e-07, 4.7451049312e-08, 3.30986047459e-08, 3.60161180879e-08, 3.40372352525e-08],
        "dvar": [1.67539637719e-09, 8.6215857209e-07, 8.92655516509e-05, 1.96299988602e-05, 9.70480323303e-06, 1.30429512524e-07, 6.24099483204e-09, 5.01310548628e-10, 8.95420543268e-11, 3.42564240863e-11, 1.67580584826e-11, 4.98936092094e-12, 2.8932745956e-12, 3.16981055119e-12, 4.65850795439e-12, 1.84662680112e-12, 2.39742730876e-12, 4.1831386445e-12, 8.94829071951e-11, 3.80269045419e-11, 1.56117965777e-11, 4.34526492479e-13, 1.75866022049e-13, 1.19699172449e-13, 1.13222961822e-13, 1.05370376866e-13, 1.20024649941e-13],
        "dvar2": [1.96784744055e-09, 1.15876821383e-06, 8.27834155643e-05, 2.66017741524e-05, 9.14014162845e-06, 1.24493382714e-07, 7.83227971368e-09, 7.57984564004e-10, 1.65184768641e-10, 6.38634423122e-11, 3.29987877301e-11, 9.70638500131e-12, 5.6958075409e-12, 5.68782087401e-12, 1.20961131736e-11, 3.88977348595e-12, 5.79995600158e-12, 1.1207501073e-11, 2.50123866063e-10, 1.04894697095e-10, 4.34536920335e-11, 8.53978075321e-13, 2.66064649696e-13, 1.2305583527e-13, 1.15824613355e-13, 1.07720418956e-13, 1.2232467643e-13],
        "max": [0.000705454265699, 0.0155785707757, 0.101977750659, 0.0418296195567, 0.0278298147023, 0.0037291937042, 0.00106010155287, 0.000222586488235, 8.70491057867e-05, 5.70085612708e-05, 5.17040607519e-05, 2.45045721385e-05, 2.27022210311e-05, 2.55048053077e-05, 1.5498852008e-05, 1.52121383508e-05, 1.38083623824e-05, 1.55445814016e-05, 5.96938407398e-05, 3.99448690587e-05, 3.06863439619e-05, 7.58304986448e-06, 5.97685311732e-06, 5.66730841456e-06, 5.51451057618e-06, 5.3235348787e-06, 5.687187695e-06],
        "mean": [9.75900547928e-05, 0.0127764120698, 0.0690041854978, 0.0218866504729, 0.0158887133002, 0.00162243901286, 0.000341693375958, 9.3736591225e-05, 3.8149933971e-05, 2.1518981157e-05, 1.43767510963e-05, 7.45843226468e-06, 3.72603312826e-06, 2.66450206254e-06, 2.4574994768e-06, 1.03655747807e-06, 1.11669066882e-06, 1.21306925394e-06, 5.45211378267e-06, 3.10313339469e-06, 1.79049720828e-06, 2.88345319177e-07, 1.42394853242e-07, 4.84815920743e-08, 4.16550243187e-08, 4.54277753192e-08, 5.42807576664e-08],
        "median": [9.30704554776e-05, 0.0128665203229, 0.0699328184128, 0.0214129127562, 0.0153243327513, 0.00156953174155, 0.000328472931869, 8.83185130078e-05, 3.37687051797e-05, 1.9186802092e-05, 1.37118322527e-05, 7.12565588401e-06, 3.43643932865e-06, 2.33604282585e-06, 1.95405800696e-06, 7.56882172936e-07, 8.31166005355e-07, 6.58310511881e-07, 2.22489506996e-06, 1.07926143755e-06, 5.40114172054e-07, 8.7630432688e-08, 4.34559730422e-08, 1.74022130039e-08, 1.45661767093e-08, 1.97396978763e-08, 2.72751918828e-08],
        "min": [6.56478077872e-05, 0.0013764584437, 0.00179459736682, 0.00149767659605, 0.00108024093788, 6.05738459853e-05, 1.05867738966e-05, 1.77662768692e-05, 9.50483172346e-06, 4.06411072618e-06, 1.99044552573e-06, 8.6307983338e-07, 8.92741468306e-07, 4.86253327381e-07, 4.94007451834e-07, 1.78867296086e-07, 1.27424129914e-07, 1.53972152361e-07, 2.54755235574e-07, 1.05158953545e-07, 9.06706389969e-08, 1.99706082782e-08, 9.92709114911e-09, 7.12820202864e-09, 6.25652774033e-09, 5.23229504168e-09, 2.02208187972e-08],
        "var": [1.77893133557e-09, 1.97683721126e-06, 0.000365200947272, 9.41486287047e-05, 4.96449247294e-05, 6.98402345733e-07, 2.50117953016e-08, 1.90518534282e-09, 3.07628533758e-10, 1.12043672951e-10, 4.48187875701e-11, 1.10356359467e-11, 4.13522298001e-12, 3.84267140677e-12, 3.87507734234e-12, 1.62776053487e-12, 1.91858443195e-12, 2.95611972401e-12, 6.50740086816e-11, 2.63917325494e-11, 1.06585643089e-11, 3.86176686332e-13, 1.69085719818e-13, 1.21953757314e-13, 1.15401286617e-13, 1.0754714312e-13, 1.22236666318e-13]
    },
    "erbbands": {
        "dmean": [0.00512679805979, 0.314606368542, 10.514960289, 22.9740123749, 17.3575229645, 18.0447692871, 8.70073223114, 5.20429229736, 2.38913249969, 0.651971936226, 0.654404878616, 0.33981180191, 0.150909662247, 0.334678322077, 0.163401857018, 0.0793830007315, 0.0614554286003, 0.0614212602377, 0.0738155469298, 0.0565209537745, 0.0385914258659, 0.0394422672689, 0.0440084300935, 0.23837633431, 0.198951035738, 0.152635961771, 0.145719647408, 0.0366772599518, 0.0118320295587, 0.00851383153349, 0.00334774842486, 0.000989830936305, 0.000560375803616, 0.00031647196738, 0.000196754059289, 0.000121047873108, 5.67626011616e-05, 1.73370808625e-05, 1.3879578546e-05, 2.66606712103e-05],
        "dmean2": [0.00654143933207, 0.360885798931, 10.4102973938, 22.9880542755, 17.1901569366, 17.2965564728, 8.40209007263, 5.01615095139, 2.4585442543, 0.80193310976, 0.737309575081, 0.389717638493, 0.201467320323, 0.43586692214, 0.209793061018, 0.0997597500682, 0.0923283621669, 0.0936052650213, 0.121784195304, 0.090745434165, 0.0633705854416, 0.064273968339, 0.0767508074641, 0.421063423157, 0.353421747684, 0.275004059076, 0.26441603899, 0.0655803456903, 0.0205613765866, 0.0145327141508, 0.00553738186136, 0.00141641148366, 0.000747749814764, 0.000387814390706, 0.000238332169829, 0.000151477201143, 7.16265349183e-05, 2.10514081118e-05, 1.41475375131e-05, 2.58880991169e-05],
        "dvar": [4.69614678877e-05, 0.139415875077, 58.2926559448, 168.382736206, 107.889282227, 80.714012146, 19.7549324036, 7.63342189789, 2.44491124153, 0.270508795977, 0.167928725481, 0.0568821318448, 0.013443547301, 0.0612240247428, 0.0184818394482, 0.00553066236898, 0.0054840282537, 0.00921605248004, 0.0101188290864, 0.00989080313593, 0.00563774583861, 0.00719921151176, 0.00688866805285, 0.177059233189, 0.128893852234, 0.0809542760253, 0.0744474381208, 0.00550953345373, 0.000682856130879, 0.00034702726407, 0.000134004832944, 5.86228852626e-05, 3.0558261642e-05, 1.47324453792e-05, 5.40762539458e-06, 1.70061582594e-06, 3.55429335741e-07, 4.585379898e-08, 2.06403516501e-09, 2.08608685881e-10],
        "dvar2": [7.04984850017e-05, 0.16297981143, 52.7682914734, 176.62638855, 116.628768921, 73.363899231, 17.9439888, 7.67502689362, 2.79500389099, 0.402054578066, 0.282482713461, 0.0974204689264, 0.0276176016778, 0.114982031286, 0.0338705256581, 0.0104685369879, 0.0104244248942, 0.0163480900228, 0.0257189068943, 0.0222113821656, 0.0136900898069, 0.0168256834149, 0.017708837986, 0.493689715862, 0.358021229506, 0.22342774272, 0.208907097578, 0.0147239286453, 0.00139831006527, 0.000662254227791, 0.000181876835995, 6.13062293269e-05, 3.14836106554e-05, 1.50914538608e-05, 5.5254936342e-06, 1.7372125285e-06, 3.63855264141e-07, 4.69820484739e-08, 2.13308282149e-09, 1.89542076479e-10],
        "max": [0.158653378487, 6.24401521683, 94.8622817993, 115.911369324, 126.881149292, 77.6017150879, 39.492225647, 28.2916240692, 20.8873157501, 5.8004527092, 3.76564407349, 2.33974862099, 1.57227540016, 2.25535321236, 1.86068236828, 0.90779042244, 0.987650513649, 1.43249094486, 0.738344013691, 1.02758407593, 0.667034685612, 0.808131277561, 0.624225139618, 2.78167557716, 2.28779435158, 1.87097144127, 2.01048374176, 0.56326508522, 0.287050873041, 0.222066834569, 0.173900946975, 0.125112146139, 0.0905524641275, 0.0629201233387, 0.0382436476648, 0.0215134881437, 0.00980330631137, 0.00350437313318, 0.000820075103547, 0.000180273724254],
        "mean": [0.0747638642788, 5.38307380676, 71.2090835571, 72.3383636475, 75.7384567261, 41.7567253113, 19.197719574, 12.6185941696, 6.75758218765, 2.30140995979, 1.97050607204, 0.967034161091, 0.490508139133, 0.910014390945, 0.511128544807, 0.269092381001, 0.172655180097, 0.146982625127, 0.138866275549, 0.100506611168, 0.0612312741578, 0.0582205280662, 0.0526395924389, 0.24108722806, 0.204080581665, 0.14429295063, 0.12731282413, 0.0326697044075, 0.0113220103085, 0.00815596058965, 0.00339533318765, 0.00128186156508, 0.000825606810395, 0.000508432916831, 0.000364677456673, 0.000242998270551, 0.000114885893709, 2.70417440333e-05, 6.09794478805e-05, 0.000133158682729],
        "median": [0.0744352564216, 5.4000248909, 71.325920105, 67.8728485107, 74.0111541748, 41.5407791138, 18.2585029602, 12.4511537552, 6.29135942459, 2.12491941452, 1.88833785057, 0.886692106724, 0.460244417191, 0.85387557745, 0.500324130058, 0.236352294683, 0.154293507338, 0.129907011986, 0.113723382354, 0.0755212754011, 0.0461600981653, 0.0414573438466, 0.0316105410457, 0.108352176845, 0.0817802548409, 0.0487326271832, 0.0389569401741, 0.00964364502579, 0.00338215148076, 0.00248654768802, 0.00105008855462, 0.000481666298583, 0.000331365939928, 0.000200623238925, 0.000177418405656, 0.000133702211315, 6.70641820761e-05, 9.93070898403e-06, 5.72203862248e-05, 0.000130620246637],
        "min": [0.0339227989316, 0.34612968564, 1.74170291424, 4.19716691971, 5.17897415161, 2.94358038902, 0.600105941296, 0.620788276196, 0.255015790462, 0.256519109011, 0.384563565254, 0.185290813446, 0.0877892747521, 0.162765666842, 0.119033589959, 0.039033934474, 0.04260616377, 0.0263613816351, 0.0229206476361, 0.0172657687217, 0.0108890971169, 0.00733915064484, 0.0074417386204, 0.0122611438856, 0.00980656594038, 0.0056248777546, 0.00567126041278, 0.00179640832357, 0.000729578081518, 0.000550740049221, 0.000256981205894, 0.000162336829817, 0.000152112203068, 0.000100606906926, 9.03152467799e-05, 6.64242397761e-05, 2.85833521048e-05, 5.64454967389e-06, 3.77065953217e-05, 1.82627391041e-05],
        "var": [5.70979755139e-05, 0.246291473508, 179.225021362, 721.293212891, 456.38571167, 448.413848877, 107.596633911, 39.8464813232, 10.8779020309, 0.916516244411, 0.648615777493, 0.202941656113, 0.0436518341303, 0.19020062685, 0.0486779771745, 0.0182503629476, 0.00828605331481, 0.0115765370429, 0.00941528659314, 0.00868273433298, 0.00452716602013, 0.00585284736007, 0.0051655494608, 0.127199873328, 0.092862509191, 0.0561106987298, 0.0505294539034, 0.00387382297777, 0.000590047449805, 0.000316459627356, 0.000131051187054, 5.98119877395e-05, 3.11296134896e-05, 1.49983843585e-05, 5.53175686946e-06, 1.74437548139e-06, 3.62257026154e-07, 4.66583749414e-08, 2.34754859996e-09, 9.87307902101e-10]
    },
    "gfcc": {
        "mean": [-152.473800659, 219.805419922, -28.7708492279, 37.6021194458, -18.480512619, -28.4954452515, -7.30650377274, -21.690952301, -28.0717124939, -15.2224884033, -9.40401077271, -21.4311084747, -8.018699646],
        "cov": [[596.599487305, -226.689376831, -255.658126831, 264.615966797, -120.168319702, -71.2638702393, 50.1344985962, -59.5506210327, -6.91301059723, 10.5198431015, -25.2822799683, 19.8776664734, -10.9306497574], [-226.689376831, 257.2628479, 131.297317505, -192.763458252, 68.4065246582, -16.166601181, -33.3071136475, -1.26230871677, -15.6121692657, -27.7726974487, 18.1975727081, -20.5334854126, 27.5103416443], [-255.658126831, 131.297317505, 158.801773071, -170.794845581, 56.8477249146, 32.921245575, -46.6080627441, 29.712594986, -4.61005067825, -7.45054578781, 13.7853031158, -8.74701404572, 8.62131214142], [264.615966797, -192.763458252, -170.794845581, 250.092498779, -83.7048950195, -39.6320648193, 62.5738868713, -34.4092636108, 18.4493255615, 20.2490520477, -10.6712446213, 8.62533473969, -24.2094936371], [-120.168319702, 68.4065246582, 56.8477249146, -83.7048950195, 41.9874801636, 15.3480091095, -20.2915439606, 15.2869462967, -4.46115255356, -5.22179508209, 4.40361642838, -5.5153298378, 6.2640004158], [-71.2638702393, -16.166601181, 32.921245575, -39.6320648193, 15.3480091095, 39.3936042786, -13.889134407, 18.1080646515, 2.70924329758, -0.10395078361, -0.279899656773, 3.24384093285, -1.23753941059], [50.1344985962, -33.3071136475, -46.6080627441, 62.5738868713, -20.2915439606, -13.889134407, 31.9395751953, -9.34743118286, 0.223764717579, 4.38667583466, -5.44381141663, 0.597898006439, -5.35358953476], [-59.5506210327, -1.26230871677, 29.712594986, -34.4092636108, 15.2869462967, 18.1080646515, -9.34743118286, 20.0300121307, -1.2142739296, 2.44450998306, -1.24130105972, 0.968199431896, -0.188681602478], [-6.91301059723, -15.6121692657, -4.61005067825, 18.4493255615, -4.46115255356, 2.70924329758, 0.223764717579, -1.2142739296, 10.038022995, 1.77844965458, 0.904062628746, 0.11408829689, -3.16632699966], [10.5198431015, -27.7726974487, -7.45054578781, 20.2490520477, -5.22179508209, -0.10395078361, 4.38667583466, 2.44450998306, 1.77844965458, 9.2779006958, -2.79163813591, 0.698676049709, -4.63498830795], [-25.2822799683, 18.1975727081, 13.7853031158, -10.6712446213, 4.40361642838, -0.279899656773, -5.44381141663, -1.24130105972, 0.904062628746, -2.79163813591, 7.74105834961, -2.13501930237, -0.201992571354], [19.8776664734, -20.5334854126, -8.74701404572, 8.62533473969, -5.5153298378, 3.24384093285, 0.597898006439, 0.968199431896, 0.11408829689, 0.698676049709, -2.13501930237, 6.23159742355, -0.407082915306], [-10.9306497574, 27.5103416443, 8.62131214142, -24.2094936371, 6.2640004158, -1.23753941059, -5.35358953476, -0.188681602478, -3.16632699966, -4.63498830795, -0.201992571354, -0.407082915306, 10.1061201096]],
        "icov": [[0.0293097160757, 0.0238007511944, 0.0361421816051, 0.022173691541, 0.0422370769083, 0.0360923334956, 0.0426402650774, 0.0289783235639, 0.0430253855884, 0.0206304434687, 0.0267682988197, 0.0220188722014, 0.0149307418615], [0.0238007511944, 0.281156390905, -0.0487611442804, 0.216454282403, -0.106150686741, 0.279681175947, -0.181954368949, 0.229511529207, -0.122349143028, 0.199242278934, -0.089532777667, 0.166530832648, -0.113582864404], [0.0361421816051, -0.0487611442804, 0.122151046991, 0.0205201432109, 0.120476134121, -0.0249799899757, 0.107071727514, -0.0473216772079, 0.0565136298537, -0.0717949271202, 0.0112645700574, -9.89712207229e-05, 0.0798816382885], [0.022173691541, 0.216454282403, 0.0205201432109, 0.24625004828, -0.0221171658486, 0.230316877365, -0.166905254126, 0.168141156435, -0.159426957369, 0.091758236289, -0.116232708097, 0.131007254124, -0.0411211960018], [0.0422370769083, -0.106150686741, 0.120476134121, -0.0221171658486, 0.239557608962, -0.0793250203133, 0.167445480824, -0.108468309045, 0.113759115338, -0.0888618677855, 0.0625311657786, 0.00540000433102, 0.103717170656], [0.0360923334956, 0.279681175947, -0.0249799899757, 0.230316877365, -0.0793250203133, 0.341859728098, -0.153506070375, 0.192010208964, -0.132632225752, 0.210373878479, -0.069506496191, 0.139331281185, -0.0768066197634], [0.0426402650774, -0.181954368949, 0.107071727514, -0.166905254126, 0.167445480824, -0.153506070375, 0.325049877167, -0.126582235098, 0.237772613764, -0.0923053398728, 0.179040551186, -0.0617900788784, 0.130754068494], [0.0289783235639, 0.229511529207, -0.0473216772079, 0.168141156435, -0.108468309045, 0.192010208964, -0.126582235098, 0.334728121758, -0.0562281906605, 0.119503080845, -0.0190350525081, 0.104782827199, -0.0792964398861], [0.0430253855884, -0.122349143028, 0.0565136298537, -0.159426957369, 0.113759115338, -0.132632225752, 0.237772613764, -0.0562281906605, 0.353453993797, -0.041891630739, 0.132194176316, -0.0359848067164, 0.0803409144282], [0.0206304434687, 0.199242278934, -0.0717949271202, 0.091758236289, -0.0888618677855, 0.210373878479, -0.0923053398728, 0.119503080845, -0.041891630739, 0.379763573408, 0.0441089496017, 0.135915204883, -0.037420541048], [0.0267682988197, -0.089532777667, 0.0112645700574, -0.116232708097, 0.0625311657786, -0.069506496191, 0.179040551186, -0.0190350525081, 0.132194176316, 0.0441089496017, 0.330781549215, -0.0139381643385, 0.0995420217514], [0.0220188722014, 0.166530832648, -9.89712207229e-05, 0.131007254124, 0.00540000433102, 0.139331281185, -0.0617900788784, 0.104782827199, -0.0359848067164, 0.135915204883, -0.0139381643385, 0.35562723875, -0.0675444975495], [0.0149307418615, -0.113582864404, 0.0798816382885, -0.0411211960018, 0.103717170656, -0.0768066197634, 0.130754068494, -0.0792964398861, 0.0803409144282, -0.037420541048, 0.0995420217514, -0.0675444975495, 0.259007096291]]
    },
    "melbands": {
        "dmean": [0.000150470485096, 0.00400418974459, 0.00385254528373, 0.00134586880449, 0.000378416327294, 0.000115644921607, 3.12740303343e-05, 6.63468517814e-06, 4.96845223097e-06, 1.9188432816e-06, 7.29453745407e-07, 1.38747259371e-06, 6.31143507235e-07, 3.15362854053e-07, 1.18251101355e-07, 1.43356359672e-07, 1.15659432254e-07, 1.2009330419e-07, 1.02333586938e-07, 5.38622941804e-08, 4.62783660282e-08, 4.54318076493e-08, 2.63361794595e-08, 5.72904106377e-08, 2.1303300457e-07, 2.04592993214e-07, 9.16965490205e-08, 1.04117937383e-07, 1.14160393139e-07, 4.27601882791e-08, 1.33059714358e-08, 6.77522749015e-09, 4.8343604675e-09, 4.47678294435e-09, 2.06224148869e-09, 9.5264185429e-10, 4.66846283853e-10, 4.09332956419e-10, 3.164654927e-10, 2.54736121086e-10],
        "dmean2": [0.000174088359927, 0.00394389731809, 0.00379615905695, 0.00129355012905, 0.000365821702871, 0.000110945016786, 3.26695881085e-05, 7.97619577497e-06, 5.6306867009e-06, 2.24167251872e-06, 1.02485273601e-06, 1.81127552423e-06, 7.70616907175e-07, 4.06478619652e-07, 1.84774975764e-07, 2.07915661576e-07, 1.80767514735e-07, 1.98015470687e-07, 1.64777560485e-07, 8.5911842973e-08, 7.73358692641e-08, 7.39254772952e-08, 4.37361258321e-08, 1.02116104017e-07, 3.7533945374e-07, 3.65572503824e-07, 1.62998148312e-07, 1.88166566772e-07, 2.0716703375e-07, 7.72608572674e-08, 2.35866117748e-08, 1.17583551784e-08, 8.20586087968e-09, 7.67865770968e-09, 3.4302780616e-09, 1.46742906715e-09, 6.24656160131e-10, 5.5308618796e-10, 4.01533972738e-10, 3.11085768256e-10],
        "dvar": [1.60080375622e-08, 7.96840413386e-06, 4.70603572467e-06, 4.85992245558e-07, 3.79491602587e-08, 3.73655728581e-09, 4.43680203688e-10, 2.74472285178e-11, 9.68405824281e-12, 1.88498088666e-12, 3.38644314413e-13, 1.07773815913e-12, 2.61062059557e-13, 7.82909707116e-14, 2.16653528207e-14, 3.65257445871e-14, 3.31628340511e-14, 2.46577457346e-14, 2.61505820118e-14, 1.16063224231e-14, 7.82921785806e-15, 9.10261923888e-15, 3.30806981133e-15, 1.08174382876e-14, 1.39733507426e-13, 1.34955821475e-13, 2.80279661649e-14, 3.72968799942e-14, 4.43370587098e-14, 7.00582432982e-15, 7.93876018221e-16, 2.20448874262e-16, 1.21408752811e-16, 9.57769402567e-17, 4.80545150558e-17, 2.83555429488e-17, 1.99351900745e-17, 1.51533466345e-17, 1.25218443964e-17, 9.85798202556e-18],
        "dvar2": [2.28582788253e-08, 7.2419488788e-06, 4.6625655159e-06, 4.82226255372e-07, 3.38755157259e-08, 3.7048955015e-09, 5.26790833177e-10, 4.3370761843e-11, 1.67754560243e-11, 3.3844077714e-12, 7.14411385952e-13, 2.02546464843e-12, 5.08153035709e-13, 1.44825666216e-13, 4.06037372778e-14, 7.13766949733e-14, 5.7943579134e-14, 6.24283746442e-14, 6.69524860357e-14, 2.18676276766e-14, 2.03523755195e-14, 2.22507203499e-14, 6.60326091021e-15, 2.95874808757e-14, 3.90367154834e-13, 3.75129506451e-13, 7.68627715186e-14, 1.02932920976e-13, 1.25076584831e-13, 1.93121055578e-14, 1.97567406804e-15, 4.58893651702e-16, 2.21173987404e-16, 1.83065075135e-16, 6.64471936133e-17, 3.17002709167e-17, 2.04771306877e-17, 1.5607245452e-17, 1.28653104662e-17, 1.00792983344e-17],
        "max": [0.00215381057933, 0.0351023674011, 0.0210696868598, 0.00698566203937, 0.00167600181885, 0.00063060777029, 0.000285917340079, 5.40191758773e-05, 2.81905777229e-05, 1.33003049996e-05, 7.49073524275e-06, 9.41855705605e-06, 6.64474964651e-06, 3.19236937685e-06, 1.94890003513e-06, 2.51194524026e-06, 2.69900579042e-06, 1.16062744837e-06, 1.21979303458e-06, 1.36552910135e-06, 8.29453369988e-07, 8.54140239426e-07, 6.65209086037e-07, 8.03977911801e-07, 2.44642001235e-06, 2.28381691159e-06, 1.06626339402e-06, 1.24572511595e-06, 1.534609396e-06, 6.34168884517e-07, 2.10767936437e-07, 1.60189017606e-07, 1.37162828651e-07, 1.16407804285e-07, 1.03279568009e-07, 8.55374437947e-08, 7.31557321387e-08, 6.36967385503e-08, 5.79620333951e-08, 5.13987465922e-08],
        "mean": [0.00178803282324, 0.0261555444449, 0.0135616622865, 0.00419772136956, 0.000885572575498, 0.00028272261261, 9.21588944038e-05, 2.16230364458e-05, 1.43527349792e-05, 5.4473880482e-06, 2.26208089771e-06, 3.71887790607e-06, 1.9061127432e-06, 1.04387947886e-06, 3.37240635417e-07, 3.84824943467e-07, 2.60861355628e-07, 2.27837105626e-07, 1.7691310461e-07, 9.0187874946e-08, 7.02999898294e-08, 6.76439100289e-08, 3.48524586968e-08, 6.20546032337e-08, 2.12513270981e-07, 2.11099902003e-07, 8.89020839168e-08, 9.65296891309e-08, 9.82565993013e-08, 3.76785429523e-08, 1.17740199812e-08, 6.40747233049e-09, 4.6965218381e-09, 4.2274357348e-09, 2.03941818988e-09, 1.04845820914e-09, 6.25307305935e-10, 5.46132028489e-10, 4.59480287152e-10, 3.48997053479e-10],
        "median": [0.00180704740342, 0.0262002646923, 0.0129501856863, 0.00403192453086, 0.000840434047859, 0.000274273712421, 8.590768266e-05, 1.98264879145e-05, 1.35835225592e-05, 4.97273140354e-06, 2.11404699257e-06, 3.40939391208e-06, 1.86237627986e-06, 1.00780482626e-06, 2.72784291155e-07, 3.49523048726e-07, 2.30020447134e-07, 1.87695846421e-07, 1.4216038835e-07, 6.963244914e-08, 5.28158103918e-08, 4.86360853813e-08, 2.28292478255e-08, 3.26665734462e-08, 9.40153839224e-08, 8.59537365727e-08, 3.37214700608e-08, 3.11109502604e-08, 3.01337337305e-08, 1.08808899668e-08, 3.40973449475e-09, 1.92691174128e-09, 1.51974133278e-09, 1.19058429782e-09, 6.06375005763e-10, 3.07977615632e-10, 2.26339155751e-10, 1.92864030302e-10, 1.70935168797e-10, 1.00523325774e-10],
        "min": [0.000358219869668, 0.000772194413003, 0.000771317747422, 0.00030605235952, 3.41815939464e-05, 1.29317759274e-05, 3.48533512806e-06, 3.07731170324e-06, 2.87405191557e-06, 1.1164784155e-06, 3.6418279592e-07, 6.59191357499e-07, 4.2652905563e-07, 1.28764838792e-07, 7.92646090986e-08, 7.39730268151e-08, 4.3785163939e-08, 3.47517428168e-08, 3.57966243314e-08, 1.18387886161e-08, 1.20802745585e-08, 7.36579197635e-09, 4.76096850832e-09, 7.01901736733e-09, 1.01054924428e-08, 1.06076996076e-08, 3.59012886086e-09, 3.21688320426e-09, 3.63906660361e-09, 1.62349611532e-09, 5.19246867725e-10, 3.45578343719e-10, 3.06491193536e-10, 2.57292215311e-10, 1.32599695113e-10, 6.68014740746e-11, 6.85558068647e-11, 5.62288098027e-11, 5.9989631318e-11, 3.40372938168e-11],
        "var": [3.57008396179e-08, 2.54537426372e-05, 2.06668719329e-05, 2.46584113484e-06, 2.05351028626e-07, 1.97999181495e-08, 1.97516270006e-09, 9.35696589655e-11, 3.73065814352e-11, 6.56822382941e-12, 1.01187699712e-12, 3.30977866642e-12, 7.23227521707e-13, 1.8899314893e-13, 5.05108277524e-14, 5.31684308939e-14, 4.07417663788e-14, 2.42916851998e-14, 2.13512746979e-14, 1.10051848345e-14, 5.89291070503e-15, 7.24075950565e-15, 2.86268697041e-15, 7.61997107394e-15, 1.00534496364e-13, 9.8035972786e-14, 1.99067464037e-14, 2.58289619076e-14, 2.99231227633e-14, 4.84749501824e-15, 5.87198232085e-16, 1.89613658903e-16, 1.12170349743e-16, 8.71219840714e-17, 4.67272045013e-17, 2.86649779811e-17, 2.03575352604e-17, 1.54397149082e-17, 1.27412879683e-17, 1.00360723571e-17]
    },
    "mfcc": {
        "mean": [-819.486450195, 243.237808228, 60.1474266052, 68.4793777466, 16.7522850037, 8.02729511261, 21.0107822418, -5.47079372406, -6.69152402878, 1.67362368107, -9.27402019501, -11.0346536636, -2.5649356842],
        "cov": [[712.660583496, -309.859375, -263.660400391, 315.194732666, -209.222061157, 56.3442192078, -21.0828151703, -44.5204544067, 9.56468009949, -16.3459739685, 11.5154819489, -48.489238739, -8.32576560974], [-309.859375, 324.77645874, 133.996124268, -204.085388184, 117.392349243, -65.7264175415, 8.42998313904, 3.96158862114, -24.1768493652, -4.17983865738, -39.1382484436, 9.65486049652, -9.8702173233], [-263.660400391, 133.996124268, 115.437507629, -130.201797485, 79.598197937, -25.6024780273, 2.34239292145, 14.0394191742, -7.75271177292, 1.76197123528, -6.65087938309, 20.1205425262, 4.63717317581], [315.194732666, -204.085388184, -130.201797485, 231.802581787, -130.533187866, 39.159702301, -3.57701325417, -30.317440033, 11.3716163635, -2.60286164284, 24.9006919861, -19.8676300049, 4.54171943665], [-209.222061157, 117.392349243, 79.598197937, -130.533187866, 90.1116256714, -24.0568332672, -1.20608377457, 16.8201847076, -8.25632095337, 3.15539669991, -11.5061016083, 17.1350517273, 1.05087518692], [56.3442192078, -65.7264175415, -25.6024780273, 39.159702301, -24.0568332672, 22.1676368713, -3.07112669945, 0.659000694752, 4.42919540405, 0.225128576159, 9.43082904816, -2.75980901718, 3.00075817108], [-21.0828151703, 8.42998313904, 2.34239292145, -3.57701325417, -1.20608377457, -3.07112669945, 14.7131166458, -0.113552294672, 1.03591156006, 3.17909741402, -0.15775834024, -0.706318318844, -3.41025900841], [-44.5204544067, 3.96158862114, 14.0394191742, -30.317440033, 16.8201847076, 0.659000694752, -0.113552294672, 14.3905544281, 1.47035002708, 1.31377458572, -0.571398139, 2.77641415596, 2.3600871563], [9.56468009949, -24.1768493652, -7.75271177292, 11.3716163635, -8.25632095337, 4.42919540405, 1.03591156006, 1.47035002708, 9.64993476868, 2.20421862602, 1.50052011013, -1.06751382351, -0.42729768157], [-16.3459739685, -4.17983865738, 1.76197123528, -2.60286164284, 3.15539669991, 0.225128576159, 3.17909741402, 1.31377458572, 2.20421862602, 8.30177783966, 2.06001114845, -2.03183078766, -0.984178006649], [11.5154819489, -39.1382484436, -6.65087938309, 24.9006919861, -11.5061016083, 9.43082904816, -0.15775834024, -0.571398139, 1.50052011013, 2.06001114845, 12.5229711533, 1.91414546967, 1.35724556446], [-48.489238739, 9.65486049652, 20.1205425262, -19.8676300049, 17.1350517273, -2.75980901718, -0.706318318844, 2.77641415596, -1.06751382351, -2.03183078766, 1.91414546967, 11.6136293411, 3.1020989418], [-8.32576560974, -9.8702173233, 4.63717317581, 4.54171943665, 1.05087518692, 3.00075817108, -3.41025900841, 2.3600871563, -0.42729768157, -0.984178006649, 1.35724556446, 3.1020989418, 8.5473613739]],
