{
"lowlevel": {
    "average_loudness": 0.986199915409,
    "barkbands_crest": {
        "dmean": 0.677600800991,
        "dmean2": 1.08906114101,
        "dvar": 0.700740218163,
        "dvar2": 1.1223295927,
        "max": 21.2589969635,
        "mean": 19.7946929932,
        "median": 19.9396762848,
        "min": 10.2006464005,
        "var": 1.0773255825
    },
    "barkbands_flatness_db": {
        "dmean": 0.0366255901754,
        "dmean2": 0.0610383488238,
        "dvar": 0.000816336541902,
        "dvar2": 0.00211157766171,
        "max": 0.34550768137,
        "mean": 0.262053489685,
        "median": 0.2652605474,
        "min": 0.135902121663,
        "var": 0.00137020670809
    },
    "barkbands_kurtosis": {
        "dmean": 17.8938617706,
        "dmean2": 29.7663536072,
        "dvar": 233.091445923,
        "dvar2": 620.878845215,
        "max": 106.054656982,
        "mean": 38.060459137,
        "median": 36.401386261,
        "min": 0.772035121918,
        "var": 378.219909668
    },
    "barkbands_skewness": {
        "dmean": 1.23375332355,
        "dmean2": 2.04418897629,
        "dvar": 1.03800988197,
        "dvar2": 2.71019482613,
        "max": 8.85777664185,
        "mean": 5.64303922653,
        "median": 5.7227897644,
        "min": 1.55034697056,
        "var": 1.7757383585
    },
    "barkbands_spread": {
        "dmean": 3.78067803383,
        "dmean2": 6.46976661682,
        "dvar": 18.4599819183,
        "dvar2": 44.3082389832,
        "max": 35.9756278992,
        "mean": 6.09454011917,
        "median": 4.57158517838,
        "min": 1.35666787624,
        "var": 21.8331031799
    },
    "dissonance": {
        "dmean": 0.0107244132087,
        "dmean2": 0.0171484779567,
        "dvar": 0.000247137591941,
        "dvar2": 0.000364170351531,
        "max": 0.498386532068,
        "mean": 0.483963817358,
        "median": 0.48814573884,
        "min": 0.234063580632,
        "var": 0.000304922868963
    },
    "dynamic_complexity": 0.365711271763,
    "erbbands_crest": {
        "dmean": 2.74932765961,
        "dmean2": 4.68315935135,
        "dvar": 5.00048542023,
        "dvar2": 13.3652954102,
        "max": 18.5632572174,
        "mean": 9.93588447571,
        "median": 10.0473051071,
        "min": 4.52655935287,
        "var": 7.6689286232
    },
    "erbbands_flatness_db": {
        "dmean": 0.0135825211182,
        "dmean2": 0.0229170043021,
        "dvar": 0.000123807927594,
        "dvar2": 0.000288233452011,
        "max": 0.225144401193,
        "mean": 0.183842331171,
        "median": 0.182537376881,
        "min": 0.0959108173847,
        "var": 0.000192884079297
    },
    "erbbands_kurtosis": {
        "dmean": 0.348317176104,
        "dmean2": 0.613941848278,
        "dvar": 0.206422001123,
        "dvar2": 0.569557189941,
        "max": 0.83328795433,
        "mean": -1.2413983345,
        "median": -1.41183745861,
        "min": -1.70569527149,
        "var": 0.197394296527
    },
    "erbbands_skewness": {
        "dmean": 0.480437219143,
        "dmean2": 0.80370080471,
        "dvar": 0.158230021596,
        "dvar2": 0.411221206188,
        "max": 1.48749434948,
        "mean": 0.196184664965,
        "median": 0.232636243105,
        "min": -1.25474333763,
        "var": 0.256092250347
    },
    "erbbands_spread": {
        "dmean": 10.4375295639,
        "dmean2": 17.899055481,
        "dvar": 75.6184539795,
        "dvar2": 225.336135864,
        "max": 96.6394805908,
        "mean": 74.6353378296,
        "median": 76.2723312378,
        "min": 45.5084991455,
        "var": 98.7250900269
    },
    "hfc": {
        "dmean": 8.07050228119,
        "dmean2": 13.6127634048,
        "dvar": 73.9623641968,
        "dvar2": 193.970214844,
        "max": 71.1220397949,
        "mean": 25.8455600739,
        "median": 24.0408363342,
        "min": 0.408973366022,
        "var": 76.7821884155
    },
    "melbands_crest": {
        "dmean": 0.96927344799,
        "dmean2": 1.10664391518,
        "dvar": 0.82879537344,
        "dvar2": 0.920909464359,
        "max": 31.4464702606,
        "mean": 29.0221233368,
        "median": 29.0665473938,
        "min": 15.0325508118,
        "var": 1.99575710297
    },
    "melbands_flatness_db": {
        "dmean": 0.0454638488591,
        "dmean2": 0.0759901031852,
        "dvar": 0.00126219226513,
        "dvar2": 0.00324621796608,
        "max": 0.481262803078,
        "mean": 0.378229081631,
        "median": 0.383502870798,
        "min": 0.219561070204,
        "var": 0.0020430108998
    },
    "melbands_kurtosis": {
        "dmean": 39.2353591919,
        "dmean2": 63.8954925537,
        "dvar": 1110.03588867,
        "dvar2": 2963.60229492,
        "max": 249.879577637,
        "mean": 124.025794983,
        "median": 122.388442993,
        "min": 14.6862106323,
        "var": 2072.70947266
    },
    "melbands_skewness": {
        "dmean": 1.33621990681,
        "dmean2": 2.22074794769,
        "dvar": 1.4136903286,
        "dvar2": 3.61750769615,
        "max": 13.2319078445,
        "mean": 9.73208045959,
        "median": 9.89481925964,
        "min": 3.84203720093,
        "var": 2.49554586411
    },
    "melbands_spread": {
        "dmean": 1.93108642101,
        "dmean2": 3.29341077805,
        "dvar": 5.99247026443,
        "dvar2": 14.5424995422,
        "max": 23.026222229,
        "mean": 3.33204030991,
        "median": 2.5403213501,
        "min": 0.861711144447,
        "var": 6.64819765091
    },
    "pitch_salience": {
        "dmean": 0.0275502577424,
        "dmean2": 0.0440161041915,
        "dvar": 0.000834598904476,
        "dvar2": 0.00155723921489,
        "max": 0.684683322906,
        "mean": 0.348096549511,
        "median": 0.343776226044,
        "min": 0.253395318985,
        "var": 0.00204917020164
    },
    "silence_rate_20dB": {
        "dmean": 0,
        "dmean2": 0,
        "dvar": 0,
        "dvar2": 0,
        "max": 1,
        "mean": 1,
        "median": 1,
        "min": 1,
        "var": 0
    },
    "silence_rate_30dB": {
        "dmean": 0.0333333350718,
        "dmean2": 0.064066849649,
        "dvar": 0.032222148031,
        "dvar2": 0.0822464600205,
        "max": 1,
        "mean": 0.0609418265522,
        "median": 0,
        "min": 0,
        "var": 0.0572276450694
    },
    "silence_rate_60dB": {
        "dmean": 0,
        "dmean2": 0,
        "dvar": 0,
        "dvar2": 0,
        "max": 0,
        "mean": 0,
        "median": 0,
        "min": 0,
        "var": 0
    },
    "spectral_centroid": {
        "dmean": 425.422790527,
        "dmean2": 721.517272949,
        "dvar": 143660.453125,
        "dvar2": 358816.40625,
        "max": 2603.21630859,
        "mean": 789.968566895,
        "median": 661.100585938,
        "min": 223.357772827,
        "var": 198460.546875
    },
    "spectral_complexity": {
        "dmean": 10.8000001907,
        "dmean2": 18.3203334808,
        "dvar": 78.6654968262,
        "dvar2": 211.058517456,
        "max": 56,
        "mean": 20.3545703888,
        "median": 18,
        "min": 1,
        "var": 113.658164978
    },
    "spectral_decrease": {
        "dmean": 3.95409260889e-09,
        "dmean2": 4.63693750063e-09,
        "dvar": 1.11888014802e-17,
        "dvar2": 1.56973502361e-17,
        "max": -7.74317443497e-10,
        "mean": -3.5853879865e-08,
        "median": -3.57893839009e-08,
        "min": -4.87070650479e-08,
        "var": 3.9552812277e-17
    },
    "spectral_energy": {
        "dmean": 0.0152246169746,
        "dmean2": 0.0181665401906,
        "dvar": 0.000165964200278,
        "dvar2": 0.000235332234297,
        "max": 0.186511948705,
        "mean": 0.137664556503,
        "median": 0.137571901083,
        "min": 0.00295955338515,
        "var": 0.000573660654482
    },
    "spectral_energyband_high": {
        "dmean": 0.000590075040236,
        "dmean2": 0.00102909328416,
        "dvar": 4.39070817038e-07,
        "dvar2": 1.08177084712e-06,
        "max": 0.00468993466347,
        "mean": 0.000673207512591,
        "median": 0.000427642924478,
        "min": 7.61097135182e-06,
        "var": 4.59291101151e-07
    },
    "spectral_energyband_low": {
        "dmean": 0.0141441533342,
        "dmean2": 0.0158556830138,
        "dvar": 0.000141973505379,
        "dvar2": 0.000194393331185,
        "max": 0.176838308573,
        "mean": 0.127437099814,
        "median": 0.127373233438,
        "min": 0.00226103560999,
        "var": 0.000551325443666
    },
    "spectral_energyband_middle_high": {
        "dmean": 0.00197289232165,
        "dmean2": 0.00340279890224,
        "dvar": 4.81112238049e-06,
        "dvar2": 1.25214555737e-05,
        "max": 0.0161358844489,
        "mean": 0.00348869198933,
        "median": 0.00276988768019,
        "min": 3.47741552105e-05,
        "var": 4.94432561027e-06
    },
    "spectral_energyband_middle_low": {
        "dmean": 0.00320320064202,
        "dmean2": 0.00413642311469,
        "dvar": 6.22664219918e-06,
        "dvar2": 1.0982128515e-05,
        "max": 0.0191405750811,
        "mean": 0.00915318820626,
        "median": 0.00820626411587,
        "min": 0.000547831936274,
        "var": 1.47638029375e-05
    },
    "spectral_entropy": {
        "dmean": 0.319475144148,
        "dmean2": 0.539807081223,
        "dvar": 0.0621082149446,
        "dvar2": 0.155033588409,
        "max": 8.42127799988,
        "mean": 7.22567987442,
        "median": 7.23756551743,
        "min": 6.32341384888,
        "var": 0.0949087291956
    },
    "spectral_flux": {
        "dmean": 0.0180702861398,
        "dmean2": 0.0288973618299,
        "dvar": 0.000412530789617,
        "dvar2": 0.00062819570303,
        "max": 0.380600035191,
        "mean": 0.0634647384286,
        "median": 0.0600777305663,
        "min": 0.026731511578,
        "var": 0.000608861504588
    },
    "spectral_kurtosis": {
        "dmean": 1.50354254246,
        "dmean2": 2.58284378052,
        "dvar": 2.16631937027,
        "dvar2": 6.29530954361,
        "max": 11.8387403488,
        "mean": 1.90805792809,
        "median": 1.49462270737,
        "min": 0.184289455414,
        "var": 2.26821351051
    },
    "spectral_rms": {
        "dmean": 0.000653192051686,
        "dmean2": 0.000779657042585,
        "dvar": 4.90580760015e-07,
        "dvar2": 6.26387077318e-07,
        "max": 0.0134893618524,
        "mean": 0.0115346331149,
        "median": 0.011585184373,
        "min": 0.00169922609348,
        "var": 1.25921064864e-06
    },
    "spectral_rolloff": {
        "dmean": 23.447265625,
        "dmean2": 45.585609436,
        "dvar": 23383.9726562,
        "dvar2": 67401.375,
        "max": 1679.58984375,
        "mean": 142.620178223,
        "median": 129.19921875,
        "min": 129.19921875,
        "var": 13009.5732422
    },
    "spectral_skewness": {
        "dmean": 0.378824859858,
        "dmean2": 0.657130360603,
        "dvar": 0.110222712159,
        "dvar2": 0.300853431225,
        "max": 3.02824163437,
        "mean": 0.71334862709,
        "median": 0.646658837795,
        "min": 0.0455086305737,
        "var": 0.139557078481
    },
    "spectral_spread": {
        "dmean": 245131.046875,
        "dmean2": 358357.3125,
        "dvar": 976549904384,
        "dvar2": 476628680704,
        "max": 27920638,
        "mean": 3472223,
        "median": 3405478.5,
        "min": 2655346,
        "var": 1.83257910477e+12
    },
    "spectral_strongpeak": {
        "dmean": 0.323385000229,
        "dmean2": 0.574278950691,
        "dvar": 0.206742823124,
        "dvar2": 0.438142567873,
        "max": 3.52957701683,
        "mean": 1.53782939911,
        "median": 1.53377687931,
        "min": 0,
        "var": 0.22221070528
    },
    "zerocrossingrate": {
        "dmean": 0.00226643891074,
        "dmean2": 0.00322347227484,
        "dvar": 3.86819374398e-06,
        "dvar2": 6.66114146952e-06,
        "max": 0.0234375,
        "mean": 0.0102079184726,
        "median": 0.009765625,
        "min": 0.00146484375,
        "var": 1.06203915493e-05
    },
    "barkbands": {
        "dmean": [0.000227787619224, 0.00257690041326, 0.0106085473672, 0.0032527751755, 0.000626624852885, 0.000120540469652, 0.00021419035329, 0.000264918344328, 0.000145017416799, 0.00016321374278, 0.000159480376169, 0.000102334684925, 0.000131401844556, 0.000292672746582, 0.000178990187123, 7.83584473538e-05, 9.74822760327e-05, 9.5928866358e-05, 0.000722031807527, 0.000488723337185, 0.000255165097769, 3.11646763294e-05, 1.44784689837e-05, 1.06324614535e-06, 1.70271277966e-07, 2.71304656962e-07, 2.71126424423e-07],
        "dmean2": [0.000358520395821, 0.00304119358771, 0.0123986760154, 0.00367475859821, 0.00107851647772, 0.00021134466806, 0.000375885458197, 0.000461972347694, 0.00025154024479, 0.000281025451841, 0.00028446977376, 0.000176881614607, 0.000227449869271, 0.000466353929369, 0.000309154216666, 0.000137556329719, 0.000169126753462, 0.000168334736372, 0.00125939480495, 0.00085195543943, 0.000446687248768, 5.42433444934e-05, 2.52979225479e-05, 1.83258896413e-06, 2.95915128845e-07, 4.71303849281e-07, 4.62177553118e-07],
        "dvar": [4.26391117969e-08, 4.52259564554e-06, 8.60808213474e-05, 5.07827962792e-06, 2.88562915784e-07, 1.1884665696e-08, 5.13177234041e-08, 5.46201945895e-08, 2.54560994506e-08, 2.82565508769e-08, 4.21569907871e-08, 1.3418461009e-08, 2.13162625329e-08, 7.20500210605e-08, 3.94813390869e-08, 7.20666548659e-09, 1.14708891275e-08, 1.22809691305e-08, 7.1567797022e-07, 2.96235725727e-07, 8.34812894368e-08, 1.26212529317e-09, 2.92497498444e-10, 1.52980666329e-12, 4.95979430757e-14, 1.56856434308e-13, 7.8050962232e-14],
        "dvar2": [9.93608182398e-08, 6.89590387992e-06, 0.000112081223051, 7.77108743932e-06, 8.70930989549e-07, 3.31049534452e-08, 1.42081546528e-07, 1.49721174125e-07, 6.94478643481e-08, 7.57992566491e-08, 1.1045205639e-07, 3.42870016823e-08, 5.91965942931e-08, 2.03362390039e-07, 1.00521710067e-07, 1.74624155136e-08, 2.80067222747e-08, 3.1652856336e-08, 1.86435863725e-06, 7.40372740893e-07, 2.04186335395e-07, 3.14586912076e-09, 7.28635318747e-10, 3.73334913331e-12, 1.24165882112e-13, 3.67620484835e-13, 2.42850769876e-13],
        "max": [0.00296686124057, 0.0294566135854, 0.139724835753, 0.015396958217, 0.00485305860639, 0.00094037130475, 0.00146255362779, 0.00157294247765, 0.00123830186203, 0.00119857687969, 0.00132697622757, 0.000785322044976, 0.00126390717924, 0.00310015352443, 0.00151920691133, 0.000554752128664, 0.000769101607148, 0.000705622893292, 0.00560845946893, 0.00388857512735, 0.00206288718618, 0.000270772783551, 0.000134637506562, 1.11584222395e-05, 2.15118257074e-06, 3.42699968314e-06, 5.34536320629e-06],
        "mean": [0.00176630180795, 0.0213568732142, 0.101252496243, 0.00558492308483, 0.00244045350701, 0.000172977874172, 0.000305346329696, 0.000405567639973, 0.000218355839024, 0.000205419724807, 0.000193893079995, 0.000127317063743, 0.000163186137797, 0.00123316270765, 0.00021245838434, 9.06465938897e-05, 0.000112392670417, 0.00010632968042, 0.000817717635073, 0.000553393096197, 0.000289029965643, 3.49863257725e-05, 1.63061304193e-05, 1.45661579154e-06, 3.8274021108e-07, 4.69029828309e-07, 2.05790183827e-06],
        "median": [0.00176257779822, 0.0215721167624, 0.102513089776, 0.00444602314383, 0.0024037042167, 0.000147060141899, 0.000240252556978, 0.000349347246811, 0.00017575333186, 0.000160160416272, 0.000130162021378, 9.24392224988e-05, 0.000120668468298, 0.00121995562222, 0.000143483528518, 6.08116351941e-05, 7.4803501775e-05, 6.77776552038e-05, 0.000551876320969, 0.000358933437383, 0.000191115483176, 2.23367060244e-05, 1.05615745269e-05, 1.069701284e-06, 3.20064032167e-07, 3.61365579238e-07, 2.10297616832e-06],
        "min": [0.000596189231146, 0.00111806916539, 0.000655202602502, 0.000288993644062, 0.00017813379236, 1.68601054611e-05, 2.58983400272e-05, 2.99571347568e-05, 7.40922632758e-06, 3.72559793504e-06, 5.97003190705e-06, 1.59430248914e-06, 1.08667859422e-06, 4.09771655541e-06, 4.87500983581e-06, 1.97044892047e-06, 2.23188453674e-06, 2.14785086428e-06, 5.4458600971e-06, 3.79623133995e-06, 2.12113309317e-06, 7.82147878908e-07, 6.26845462648e-07, 2.15002984305e-07, 1.32622119509e-07, 1.30851546487e-07, 6.13309282471e-07],
        "var": [6.48984652685e-08, 1.37320703288e-05, 0.000343593448633, 1.61434691108e-05, 4.1408350171e-07, 1.43518494866e-08, 5.25265484441e-08, 7.0086549897e-08, 2.65804178667e-08, 3.0289140085e-08, 3.73311053181e-08, 1.42564466898e-08, 2.02371417402e-08, 1.89808005757e-07, 4.11288070268e-08, 7.82890374751e-09, 1.23528387519e-08, 1.22108332334e-08, 6.9132624958e-07, 3.08929969606e-07, 8.6661394505e-08, 1.33034316896e-09, 2.97029900675e-10, 1.64667682701e-12, 4.97184623116e-14, 1.53523041176e-13, 1.9010726153e-13]
    },
    "erbbands": {
        "dmean": [0.0468476489186, 0.82436478138, 8.26370429993, 15.1801347733, 4.50427913666, 1.34175348282, 0.685324668884, 1.25982820988, 2.68967199326, 5.2884106636, 4.38522624969, 3.43815398216, 2.70565700531, 7.26126527786, 6.68875074387, 3.6033847332, 6.12997245789, 15.32533741, 10.0897369385, 6.31167268753, 4.72787618637, 5.38860225677, 4.42070674896, 25.5677051544, 31.0337181091, 22.8706512451, 18.7757072449, 4.46392536163, 1.29653298855, 0.856666386127, 0.297897160053, 0.0486461594701, 0.0146904429421, 0.00271546421573, 0.0011804663809, 0.00179943337571, 0.000388732150896, 7.99369809101e-05, 3.84347004001e-05, 1.86906327144e-05],
        "dmean2": [0.0680922716856, 0.970985770226, 10.3373184204, 15.3408117294, 7.10528993607, 2.24629020691, 1.18599379063, 2.17358779907, 4.68313550949, 9.11342716217, 7.7976732254, 6.03069639206, 4.6790599823, 12.5603818893, 11.7548313141, 6.24552297592, 10.650308609, 24.3647670746, 17.3773822784, 10.964381218, 8.22782802582, 9.36733818054, 7.72356128693, 44.6585884094, 53.9360542297, 39.9202957153, 32.8670768738, 7.86892080307, 2.25574302673, 1.49602794647, 0.519402563572, 0.084073856473, 0.0253939721733, 0.00474234297872, 0.00204023532569, 0.00314500741661, 0.000688902975526, 0.000136947390274, 6.40851285425e-05, 2.45799892582e-05],
        "dvar": [0.00135412253439, 0.551272928715, 70.4405975342, 98.3196182251, 12.5737113953, 1.58561980724, 0.354585468769, 1.31163239479, 7.35270118713, 22.1406669617, 18.7852020264, 14.0021715164, 8.54275035858, 61.7233543396, 63.826915741, 17.0630970001, 46.3828239441, 196.962051392, 116.305076599, 51.5494155884, 27.0013046265, 34.4198036194, 24.5723247528, 909.58984375, 1286.84545898, 654.947143555, 453.110931396, 24.0345840454, 2.1332757473, 1.04340112209, 0.120778553188, 0.00322898058221, 0.000285569170956, 9.91276556306e-06, 2.7162045626e-06, 6.09767403148e-06, 3.64602357195e-07, 1.33064048669e-08, 1.82205484034e-09, 2.66980049179e-10],
        "dvar2": [0.00262129004113, 0.759836673737, 88.1546401978, 143.511398315, 28.0547962189, 4.44981813431, 0.952413380146, 3.81709575653, 19.5876140594, 62.259601593, 47.0117988586, 38.7370262146, 22.8510379791, 166.349487305, 164.211166382, 43.6622657776, 127.547225952, 553.110595703, 309.171264648, 130.179855347, 66.4277038574, 85.5246276855, 62.7806129456, 2355.05371094, 3349.76660156, 1632.11181641, 1110.10986328, 58.2445335388, 5.39327812195, 2.55523109436, 0.295548439026, 0.00773109123111, 0.000730887579266, 2.39933724515e-05, 6.98345502315e-06, 1.47775381265e-05, 8.40739062369e-07, 3.51424453982e-08, 5.48397505185e-09, 4.53367038356e-10],
        "max": [0.485316812992, 11.2780399323, 139.519119263, 100.823432922, 32.6681976318, 11.0979547501, 4.10087108612, 9.81213569641, 16.3767757416, 33.0094032288, 28.1826992035, 28.8248920441, 18.6292304993, 55.3073196411, 51.9766998291, 28.1884326935, 57.7900772095, 162.91633606, 92.1932220459, 46.1570167542, 35.3089294434, 41.0085906982, 32.7164573669, 203.412811279, 232.715103149, 180.308029175, 153.013717651, 33.2898445129, 10.4259653091, 8.1863079071, 2.76629447937, 0.480374723673, 0.152004569769, 0.0237196795642, 0.0176356378943, 0.0205892287195, 0.00487213069573, 0.00191707117483, 0.000765960023273, 0.0002387958084],
        "mean": [0.313261657953, 8.11846637726, 106.178787231, 53.1080932617, 17.8228034973, 4.06601715088, 1.55527722836, 1.85096800327, 3.87246012688, 7.70263385773, 6.69498872757, 5.18504858017, 3.78960752487, 9.12610530853, 8.25981616974, 4.71856069565, 9.19574260712, 65.3657226562, 20.9748649597, 7.94180727005, 5.50105667114, 6.15105962753, 4.96794366837, 28.768075943, 35.2890014648, 26.0723609924, 21.2661342621, 5.07345628738, 1.46042084694, 0.959377229214, 0.34473836422, 0.0606884881854, 0.021018480882, 0.00551166664809, 0.00263560656458, 0.00271983467974, 0.000631799572147, 0.000376643263735, 0.000287613685941, 0.000191939572687],
        "median": [0.311264276505, 8.21654605865, 107.652351379, 50.7251548767, 17.4404182434, 3.78854846954, 1.40722835064, 1.55488204956, 3.10590457916, 6.49826622009, 5.43693447113, 4.14233541489, 2.91751050949, 6.80320882797, 5.84288644791, 3.42151379585, 7.16837835312, 64.6707305908, 18.2219600677, 5.68369579315, 3.56320309639, 4.04952669144, 3.12018728256, 18.6111164093, 23.8823337555, 17.1638584137, 13.3556518555, 3.35524868965, 0.940893292427, 0.621418476105, 0.228191807866, 0.0418257042766, 0.0153345186263, 0.00457824766636, 0.00223845080473, 0.00198944704607, 0.000452826468972, 0.000366076943465, 0.00028771761572, 0.000191696904949],
        "min": [0.0377212315798, 0.23522400856, 0.712408483028, 0.968459904194, 0.753198325634, 0.571689128876, 0.255058437586, 0.120628140867, 0.259663939476, 0.598453402519, 0.562954902649, 0.177009150386, 0.086629293859, 0.221711993217, 0.16657975316, 0.0704312473536, 0.0559581704438, 0.15261939168, 0.255609691143, 0.176236286759, 0.12192812562, 0.13157132268, 0.103371061385, 0.231977254152, 0.211433663964, 0.179008975625, 0.140200480819, 0.0534653030336, 0.0314403362572, 0.0211991481483, 0.0176600143313, 0.0066020549275, 0.00349424988963, 0.00175603851676, 0.00092905620113, 0.000597813748755, 0.000172385989572, 0.000168009879417, 9.22325853026e-05, 1.18038569781e-05],
        "var": [0.00269595137797, 1.97124505043, 298.037689209, 392.374359131, 24.6677055359, 1.90916633606, 0.458886027336, 1.57146048546, 8.07588672638, 28.0067272186, 20.535112381, 14.4548187256, 9.01954650879, 62.5023269653, 61.9392242432, 17.5263843536, 44.246711731, 535.182067871, 124.910484314, 52.7421531677, 29.1521549225, 36.3153610229, 25.2288513184, 882.417663574, 1264.58312988, 681.196044922, 469.169067383, 25.5072689056, 2.24064707756, 1.06448745728, 0.126996695995, 0.00352168735117, 0.000297177641187, 1.09291004264e-05, 2.53257894656e-06, 5.93845788899e-06, 3.46730615775e-07, 1.60774487057e-08, 2.81107714883e-09, 6.4743954642e-10]
    },
    "gfcc": {
        "mean": [-6.71697282791, 139.463973999, -113.239837646, 70.234046936, -11.3292608261, 1.66129744053, 12.4516801834, -13.6088113785, -14.9435110092, 1.61294364929, -12.7102069855, -29.8564147949, -23.7102565765],
        "cov": [[716.979614258, -168.693557739, -358.003723145, 127.996353149, -131.987289429, -3.88560914993, 38.2399215698, 48.8627700806, -4.12163066864, -41.4679374695, -8.12631416321, 81.6288604736, 20.0156078339], [-168.693557739, 80.7951507568, 86.8198928833, -43.229347229, 38.0282363892, -8.50243854523, -1.28873968124, -19.2355747223, 6.3720369339, 13.2635250092, 7.4044137001, -30.7333202362, -8.88838195801], [-358.003723145, 86.8198928833, 202.789321899, -69.1220245361, 65.5668869019, 4.26405668259, -24.4013671875, -25.7644920349, -1.70336782932, 25.051361084, 1.65677607059, -42.8378677368, -13.8230876923], [127.996353149, -43.229347229, -69.1220245361, 55.2416381836, -20.8132209778, 2.28104972839, 12.167637825, 3.62558484077, 1.19077849388, -17.2607650757, -5.17443323135, 10.6142520905, 4.89684200287], [-131.987289429, 38.0282363892, 65.5668869019, -20.8132209778, 49.1078109741, 5.2067694664, -2.67559814453, -18.7472801208, -5.79029893875, 6.27612161636, -0.222840040922, -20.7524852753, -4.70702886581], [-3.88560914993, -8.50243854523, 4.26405668259, 2.28104972839, 5.2067694664, 14.2952203751, 1.52073550224, -1.60807275772, -4.4687871933, -5.16378259659, -3.09146785736, -1.7241396904, 0.447392344475], [38.2399215698, -1.28873968124, -24.4013671875, 12.167637825, -2.67559814453, 1.52073550224, 18.4948253632, 3.02268123627, 1.13030946255, -9.40432453156, -4.98368358612, -2.33059382439, -1.6318757534], [48.8627700806, -19.2355747223, -25.7644920349, 3.62558484077, -18.7472801208, -1.60807275772, 3.02268123627, 18.8705615997, 2.52773571014, -3.97415494919, -4.42577695847, 6.96193170547, -0.29824718833], [-4.12163066864, 6.3720369339, -1.70336782932, 1.19077849388, -5.79029893875, -4.4687871933, 1.13030946255, 2.52773571014, 13.091794014, 2.833319664, 0.293634295464, -6.49989080429, -4.67596769333], [-41.4679374695, 13.2635250092, 25.051361084, -17.2607650757, 6.27612161636, -5.16378259659, -9.40432453156, -3.97415494919, 2.833319664, 16.4270801544, 4.83914470673, -4.69694328308, -6.02218818665], [-8.12631416321, 7.4044137001, 1.65677607059, -5.17443323135, -0.222840040922, -3.09146785736, -4.98368358612, -4.42577695847, 0.293634295464, 4.83914470673, 10.5133609772, 1.8497030735, 0.756453931332], [81.6288604736, -30.7333202362, -42.8378677368, 10.6142520905, -20.7524852753, -1.7241396904, -2.33059382439, 6.96193170547, -6.49989080429, -4.69694328308, 1.8497030735, 25.1342334747, 9.47625541687], [20.0156078339, -8.88838195801, -13.8230876923, 4.89684200287, -4.70702886581, 0.447392344475, -1.6318757534, -0.29824718833, -4.67596769333, -6.02218818665, 0.756453931332, 9.47625541687, 11.956029892]],
        "icov": [[0.0222690477967, -0.0199933182448, 0.0385930910707, -0.0170386135578, 0.0239664576948, -0.0171076562256, 0.0163847934455, -0.00135590904392, 0.0336778610945, -0.0185180474073, 0.0269758570939, -0.007494029589, 0.0198091883212], [-0.0199933182448, 0.192474782467, -0.0509303957224, 0.135855525732, -0.0231443531811, 0.153503745794, -0.083656065166, 0.11908391118, -0.0597938597202, 0.120715878904, -0.0960626751184, 0.128284946084, -0.0194498039782], [0.0385930910707, -0.0509303957224, 0.0898350253701, -0.0231307521462, 0.0375343896449, -0.0391021259129, 0.0614373646677, 8.14689847175e-05, 0.0691569224, -0.0302105154842, 0.0674408748746, 0.000412540190155, 0.0427299812436], [-0.0170386135578, 0.135855525732, -0.0231307521462, 0.148272752762, -0.00708524463698, 0.115089997649, -0.0413603335619, 0.120031856, -0.048646915704, 0.134993329644, -0.0460951179266, 0.0979442447424, 0.00656060921028], [0.0239664576948, -0.0231443531811, 0.0375343896449, -0.00708524463698, 0.0985194817185, -0.0171655733138, 0.0171543005854, 0.0445167347789, 0.080722078681, -0.0167530234903, 0.0468195043504, 0.0355701781809, 0.0238270554692], [-0.0171076562256, 0.153503745794, -0.0391021259129, 0.115089997649, -0.0171655733138, 0.225815758109, -0.0418078713119, 0.110185161233, -0.0113061629236, 0.151479020715, -0.0573144927621, 0.119671925902, 0.0128991371021], [0.0163847934455, -0.083656065166, 0.0614373646677, -0.0413603335619, 0.0171543005854, -0.0418078713119, 0.174886703491, -0.0247975178063, 0.0507922060788, 0.0369459502399, 0.0805741399527, -0.0124081391841, 0.0731303393841], [-0.00135590904392, 0.11908391118, 8.14689847175e-05, 0.120031856, 0.0445167347789, 0.110185161233, -0.0247975178063, 0.214808344841, -0.0216355063021, 0.121063575149, 0.0135503727943, 0.0812958851457, 0.0443346761167], [0.0336778610945, -0.0597938597202, 0.0691569224, -0.048646915704, 0.080722078681, -0.0113061629236, 0.0507922060788, -0.0216355063021, 0.216631516814, -0.0526666492224, 0.0514058582485, 0.0570299364626, 0.0473865754902], [-0.0185180474073, 0.120715878904, -0.0302105154842, 0.134993329644, -0.0167530234903, 0.151479020715, 0.0369459502399, 0.121063575149, -0.0526666492224, 0.297472208738, -0.0713498517871, 0.0749741718173, 0.100652992725], [0.0269758570939, -0.0960626751184, 0.0674408748746, -0.0460951179266, 0.0468195043504, -0.0573144927621, 0.0805741399527, 0.0135503727943, 0.0514058582485, -0.0713498517871, 0.218084648252, -0.059516530484, 0.0297294016927], [-0.007494029589, 0.128284946084, 0.000412540190155, 0.0979442447424, 0.0355701781809, 0.119671925902, -0.0124081391841, 0.0812958851457, 0.0570299364626, 0.0749741718173, -0.059516530484, 0.247942239046, -0.0545455478132], [0.0198091883212, -0.0194498039782, 0.0427299812436, 0.00656060921028, 0.0238270554692, 0.0128991371021, 0.0731303393841, 0.0443346761167, 0.0473865754902, 0.100652992725, 0.0297294016927, -0.0545455478132, 0.213301390409]]
    },
    "melbands": {
        "dmean": [0.000451550935395, 0.00330225424841, 0.00236783502623, 0.000160494164447, 3.1622559618e-05, 2.70647251455e-05, 4.15229624195e-05, 6.11669092905e-05, 3.44022701029e-05, 2.12866998481e-05, 1.37626029755e-05, 2.97076567222e-05, 2.23977949645e-05, 1.38546820381e-05, 8.66860591486e-06, 1.39040894283e-05, 3.40447877534e-05, 1.65613600984e-05, 1.18255511552e-05, 5.72674343857e-06, 5.70946895095e-06, 6.08328446106e-06, 3.42561565958e-06, 4.78713627672e-06, 2.17732867895e-05, 3.21273473674e-05, 1.37858969538e-05, 1.54465778905e-05, 1.49320658238e-05, 5.1131401051e-06, 1.56847886501e-06, 7.44702333577e-07, 4.68145742616e-07, 4.68198891213e-07, 1.89245596971e-07, 6.53062457445e-08, 1.3947172306e-08, 1.13261044987e-08, 4.38755387577e-09, 1.52560997169e-09],
        "dmean2": [0.00060168269556, 0.00397849036381, 0.00243483553641, 0.000286475202302, 5.39124157513e-05, 4.67505196866e-05, 7.2044749686e-05, 0.000105046463432, 6.00621497142e-05, 3.71991918655e-05, 2.38572174567e-05, 5.13115192007e-05, 3.98092415708e-05, 2.39123783103e-05, 1.51109852595e-05, 2.39527416852e-05, 5.37400883331e-05, 2.85097212327e-05, 2.05832166102e-05, 9.95735354081e-06, 9.93635421764e-06, 1.05891058411e-05, 5.9863837123e-06, 8.36484923639e-06, 3.81142417609e-05, 5.59324071219e-05, 2.41457419179e-05, 2.69965039479e-05, 2.60118013102e-05, 9.09873142518e-06, 2.74613171314e-06, 1.29836416818e-06, 8.14774466562e-07, 8.19145384412e-07, 3.30514666302e-07, 1.12523700579e-07, 2.39377264677e-08, 1.95315177365e-08, 7.70680141926e-09, 2.62460653211e-09],
        "dvar": [1.41261878639e-07, 1.02744361357e-05, 2.47381467489e-06, 1.63033089251e-08, 6.83767209519e-10, 5.93512849978e-10, 1.80161074947e-09, 2.83880985386e-09, 1.22687926485e-09, 5.57495161146e-10, 2.16716880552e-10, 1.02328201468e-09, 8.22135470813e-10, 2.47865339364e-10, 9.27655868788e-11, 2.41230230236e-10, 9.51474232735e-10, 3.08523567805e-10, 1.86706039518e-10, 3.92444722552e-11, 3.92974056074e-11, 4.48611217618e-11, 1.27550157936e-11, 3.0726504674e-11, 6.59258148072e-10, 1.46586009997e-09, 2.36385411245e-10, 2.98280067312e-10, 2.8784322148e-10, 3.20606909077e-11, 3.0183180174e-12, 7.1993485392e-13, 2.88476626484e-13, 3.22990793182e-13, 4.89164135901e-14, 5.3649008589e-15, 2.967809159e-16, 1.70762570085e-16, 2.35130622068e-17, 3.36660979025e-18],
        "dvar2": [2.57535532455e-07, 1.33570474645e-05, 3.65260007129e-06, 5.16514759852e-08, 1.90098159436e-09, 1.68081859542e-09, 4.87669682414e-09, 8.04090571904e-09, 3.17893822377e-09, 1.56114887684e-09, 5.7249333052e-10, 2.76574163571e-09, 2.12206829886e-09, 6.43351816265e-10, 2.41647257759e-10, 6.74527433908e-10, 2.67626232286e-09, 8.42379721533e-10, 4.61162691368e-10, 9.88277168434e-11, 9.5822981494e-11, 1.10695320965e-10, 3.13551198894e-11, 8.02405988876e-11, 1.69953529028e-09, 3.8478416009e-09, 5.8978127937e-10, 7.40578043334e-10, 7.12278680481e-10, 7.68749300328e-11, 7.47314102961e-12, 1.84457505693e-12, 7.02125152723e-13, 7.98496360178e-13, 1.20215361103e-13, 1.30005310309e-14, 7.08684356062e-16, 4.41277192814e-16, 5.95428361543e-17, 8.21353125138e-18],
        "max": [0.00502721359953, 0.051950186491, 0.0166080202907, 0.00113548396621, 0.000211696300539, 0.000210093072383, 0.000269299926003, 0.000372898648493, 0.000222850358114, 0.000181229319423, 9.96373346425e-05, 0.000226318355999, 0.000187653378816, 0.000110462373414, 6.90382730681e-05, 0.000137710929266, 0.000368335226085, 0.000152714783326, 9.50903850025e-05, 3.65966698155e-05, 4.41386837338e-05, 4.66022393084e-05, 2.26808751904e-05, 3.78887561965e-05, 0.00017619926075, 0.00026766830706, 0.000110413951916, 0.000121727243823, 0.000124147336464, 3.65308769688e-05, 1.16749979497e-05, 6.00926659899e-06, 4.17948149334e-06, 4.51005735158e-06, 1.70690373125e-06, 6.14353837136e-07, 1.51128631387e-07, 1.21058562286e-07, 3.64640726502e-08, 1.36225395408e-08],
        "mean": [0.00390813266858, 0.0389902293682, 0.00939499773085, 0.000660729885567, 7.33154156478e-05, 3.97858348151e-05, 5.95384735789e-05, 8.99326551007e-05, 5.02703660459e-05, 3.15084580507e-05, 1.8286782506e-05, 3.68199325749e-05, 2.78703028016e-05, 1.69314989762e-05, 1.08954800453e-05, 1.76220491994e-05, 0.000146092599607, 3.56708951585e-05, 1.42247672557e-05, 6.8065587584e-06, 6.56003840049e-06, 6.90600472808e-06, 3.89976548831e-06, 5.2080849855e-06, 2.43934046011e-05, 3.64442821592e-05, 1.57523227244e-05, 1.75125205715e-05, 1.67471498571e-05, 5.80977666687e-06, 1.76796754658e-06, 8.27238579859e-07, 5.35707499694e-07, 5.17512489751e-07, 2.17300765826e-07, 7.84425964184e-08, 1.84129707037e-08, 1.55646091571e-08, 7.92643728431e-09, 3.25240367971e-09],
        "median": [0.00387389957905, 0.039410084486, 0.00901503674686, 0.000661569298245, 6.86832499923e-05, 3.3410742617e-05, 4.62880379928e-05, 7.60514158173e-05, 4.01819452236e-05, 2.43460708589e-05, 1.40373513204e-05, 2.72367469734e-05, 1.97023673536e-05, 1.1586454093e-05, 7.72367639001e-06, 1.35347208925e-05, 0.000144852223457, 3.20855797327e-05, 9.7808033388e-06, 4.47760885436e-06, 4.19162461185e-06, 4.47901629741e-06, 2.49877234637e-06, 3.28150963469e-06, 1.55103807629e-05, 2.43514823524e-05, 1.07449623101e-05, 1.12624684334e-05, 1.06991847133e-05, 4.03734020438e-06, 1.16953447105e-06, 5.30114846242e-07, 3.49311733316e-07, 3.26908718762e-07, 1.4427743622e-07, 5.27004537787e-08, 1.25539578733e-08, 1.12194662449e-08, 6.56624044026e-09, 2.72222955289e-09],
        "min": [0.000352568982635, 0.000361113023246, 0.000163865261129, 4.76860732306e-05, 1.16455530588e-05, 2.84592010757e-06, 4.27589020546e-06, 6.75748106005e-06, 4.142204034e-06, 8.92509945061e-07, 4.01828685881e-07, 8.67567507612e-07, 6.984177503e-07, 2.03129260967e-07, 1.87705893495e-07, 6.60168382183e-08, 3.37609208145e-07, 4.16199185338e-07, 3.69328148508e-07, 1.67643392501e-07, 1.24109334365e-07, 1.58828441954e-07, 7.87409248915e-08, 1.03028369836e-07, 1.96657481411e-07, 2.24285898298e-07, 1.09589215924e-07, 1.16206621215e-07, 9.74606422233e-08, 5.21425498334e-08, 2.58049421831e-08, 1.8132196189e-08, 1.4200828069e-08, 1.06444657533e-08, 1.0469427103e-08, 6.34000407729e-09, 2.65570565539e-09, 2.44324227516e-09, 1.79242098941e-09, 8.53465187411e-10],
        "var": [3.129671029e-07, 4.21578188252e-05, 9.651766959e-06, 2.26693792627e-08, 8.9744611742e-10, 7.46699146958e-10, 1.95897076338e-09, 3.74924047364e-09, 1.3080930783e-09, 5.68179170379e-10, 2.28991464679e-10, 1.03990249745e-09, 7.48892337032e-10, 2.59246790701e-10, 9.25990048528e-11, 2.28242938438e-10, 2.7467235153e-09, 3.30408367333e-10, 1.9211714164e-10, 4.14749172506e-11, 4.29786518874e-11, 4.67830045536e-11, 1.44055600781e-11, 3.0333530826e-11, 6.40621167225e-10, 1.38773714742e-09, 2.4572371915e-10, 3.1058061678e-10, 2.97176505626e-10, 3.34267266644e-11, 3.19344984484e-12, 7.43656817983e-13, 3.0668043517e-13, 3.21518175582e-13, 5.10751177137e-14, 6.02567253161e-15, 3.15917666579e-16, 1.75912821572e-16, 2.55847889905e-17, 3.6961155329e-18]
    },
    "mfcc": {
        "mean": [-651.632568359, 158.946960449, -19.7371292114, 81.2955245972, -1.45066452026, 39.2548866272, 23.9457244873, 4.48003435135, 1.32603538036, 26.9090576172, 6.55887937546, -4.81784820557, -4.95343208313],
        "cov": [[1123.00488281, -357.012145996, -302.647186279, 49.8260269165, -177.542922974, -17.3440723419, -46.3302612305, 111.789901733, -5.76063346863, -29.649148941, -77.6276779175, 27.3121738434, 67.8384475708], [-357.012145996, 165.306060791, 89.1311569214, -22.6815719604, 51.0973243713, 1.38251662254, 17.3451728821, -46.369884491, -1.23120856285, 11.8939342499, 34.1242332458, -7.81750917435, -20.3204402924], [-302.647186279, 89.1311569214, 105.673667908, -16.8927211761, 45.9739837646, 2.39729976654, 7.422123909, -31.3893585205, 0.50535261631, 9.28577232361, 22.1179733276, -6.51310491562, -19.9343395233], [49.8260269165, -22.6815719604, -16.8927211761, 26.7043952942, -7.14032936096, 6.95864343643, -2.34841918945, 6.82455015182, 1.47558391094, 1.13144600391, -4.34013748169, -1.6834384203, -0.349645733833], [-177.542922974, 51.0973243713, 45.9739837646, -7.14032936096, 42.6191558838, 8.34559726715, 10.3365879059, -20.779504776, -1.09286749363, 2.9087896347, 10.0032129288, -6.60453224182, -13.0383148193], [-17.3440723419, 1.38251662254, 2.39729976654, 6.95864343643, 8.34559726715, 19.8791885376, 7.83403730392, 0.163783162832, -1.13829171658, 0.682871758938, -0.384186387062, -5.35047388077, -6.49820804596], [-46.3302612305, 17.3451728821, 7.422123909, -2.34841918945, 10.3365879059, 7.83403730392, 16.2097072601, -0.395390242338, 0.26207074523, -1.04894149303, 0.935180068016, -6.59295606613, -5.5479683876], [111.789901733, -46.369884491, -31.3893585205, 6.82455015182, -20.779504776, 0.163783162832, -0.395390242338, 27.5229549408, 6.11359739304, -2.29663705826, -12.9016819, -0.261516481638, 4.94633436203], [-5.76063346863, -1.23120856285, 0.50535261631, 1.47558391094, -1.09286749363, -1.13829171658, 0.26207074523, 6.11359739304, 11.7062931061, 4.32392787933, -0.0700474083424, -2.60938930511, -1.24325120449], [-29.649148941, 11.8939342499, 9.28577232361, 1.13144600391, 2.9087896347, 0.682871758938, -1.04894149303, -2.29663705826, 4.32392787933, 12.9308595657, 7.47488355637, 0.306149303913, -4.45784759521], [-77.6276779175, 34.1242332458, 22.1179733276, -4.34013748169, 10.0032129288, -0.384186387062, 0.935180068016, -12.9016819, -0.0700474083424, 7.47488355637, 17.3236865997, 3.18209052086, -5.05309009552], [27.3121738434, -7.81750917435, -6.51310491562, -1.6834384203, -6.60453224182, -5.35047388077, -6.59295606613, -0.261516481638, -2.60938930511, 0.306149303913, 3.18209052086, 12.9449453354, 6.26476573944], [67.8384475708, -20.3204402924, -19.9343395233, -0.349645733833, -13.0383148193, -6.49820804596, -5.5479683876, 4.94633436203, -1.24325120449, -4.45784759521, -5.05309009552, 6.26476573944, 13.0919504166]],
