{
"lowlevel": {
    "average_loudness": 0.990157365799,
    "barkbands_crest": {
        "dmean": 0.826829850674,
        "dmean2": 0.827673792839,
        "dvar": 0.419569402933,
        "dvar2": 0.445548474789,
        "max": 20.2596893311,
        "mean": 18.4681682587,
        "median": 18.4350719452,
        "min": 8.56736087799,
        "var": 1.76954722404
    },
    "barkbands_flatness_db": {
        "dmean": 0.0119503783062,
        "dmean2": 0.0163080710918,
        "dvar": 0.000473602907732,
        "dvar2": 0.000451844476629,
        "max": 0.571937859058,
        "mean": 0.533662676811,
        "median": 0.538751542568,
        "min": 0.157163158059,
        "var": 0.0011406095
    },
    "barkbands_kurtosis": {
        "dmean": 3.41638755798,
        "dmean2": 5.02676439285,
        "dvar": 31.2665691376,
        "dvar2": 73.5393600464,
        "max": 67.4773406982,
        "mean": 12.2062578201,
        "median": 11.0875577927,
        "min": 3.54942989349,
        "var": 39.5865402222
    },
    "barkbands_skewness": {
        "dmean": 0.174774557352,
        "dmean2": 0.243940547109,
        "dvar": 0.0994888842106,
        "dvar2": 0.157115727663,
        "max": 5.57994508743,
        "mean": 1.45981276035,
        "median": 1.43435359001,
        "min": 0.893694162369,
        "var": 0.134713217616
    },
    "barkbands_spread": {
        "dmean": 0.0501661859453,
        "dmean2": 0.0500972904265,
        "dvar": 0.137214884162,
        "dvar2": 0.130451515317,
        "max": 6.90407943726,
        "mean": 0.54427087307,
        "median": 0.504247546196,
        "min": 0.441620707512,
        "var": 0.154824957252
    },
    "dissonance": {
        "dmean": 0.0305753648281,
        "dmean2": 0.0510120019317,
        "dvar": 0.000477844587294,
        "dvar2": 0.00132580590434,
        "max": 0.458924233913,
        "mean": 0.386689215899,
        "median": 0.388874292374,
        "min": 0.271043092012,
        "var": 0.000932773167733
    },
    "dynamic_complexity": 0.293037801981,
    "erbbands_crest": {
        "dmean": 2.18255829811,
        "dmean2": 2.17507243156,
        "dvar": 1.44954848289,
        "dvar2": 1.38601148129,
        "max": 21.4208660126,
        "mean": 16.5493564606,
        "median": 16.1868362427,
        "min": 4.44844388962,
        "var": 8.2264623642
    },
    "erbbands_flatness_db": {
        "dmean": 0.0121210133657,
        "dmean2": 0.0156929623336,
        "dvar": 0.000386488245567,
        "dvar2": 0.000425510341302,
        "max": 0.424189060926,
        "mean": 0.388906061649,
        "median": 0.392007797956,
        "min": 0.0856252834201,
        "var": 0.000829980534036
    },
    "erbbands_kurtosis": {
        "dmean": 12.2619152069,
        "dmean2": 15.2943468094,
        "dvar": 83.7294616699,
        "dvar2": 121.254692078,
        "max": 86.3032226562,
        "mean": 51.9293632507,
        "median": 52.230342865,
        "min": 0.493351221085,
        "var": 362.309906006
    },
    "erbbands_skewness": {
        "dmean": 0.826810479164,
        "dmean2": 1.07092571259,
        "dvar": 0.3987172544,
        "dvar2": 0.695651173592,
        "max": 7.21401929855,
        "mean": 4.34655284882,
        "median": 4.31594705582,
        "min": 1.07110977173,
        "var": 1.46425700188
    },
    "erbbands_spread": {
        "dmean": 0.427182972431,
        "dmean2": 0.533993422985,
        "dvar": 9.78575325012,
        "dvar2": 8.72532939911,
        "max": 48.0091896057,
        "mean": 2.37606310844,
        "median": 1.98441827297,
        "min": 1.70676076412,
        "var": 11.4770917892
    },
    "hfc": {
        "dmean": 3.62522530556,
        "dmean2": 3.59025859833,
        "dvar": 5.60713100433,
        "dvar2": 6.03954744339,
        "max": 27.6994915009,
        "mean": 19.1816921234,
        "median": 19.0262947083,
        "min": 0.859532892704,
        "var": 18.2133541107
    },
    "melbands_crest": {
        "dmean": 1.51535308361,
        "dmean2": 1.48953449726,
        "dvar": 0.896415293217,
        "dvar2": 0.688881158829,
        "max": 30.2080821991,
        "mean": 27.2303657532,
        "median": 27.3116989136,
        "min": 13.5981206894,
        "var": 4.57236146927
    },
    "melbands_flatness_db": {
        "dmean": 0.0143923331052,
        "dmean2": 0.0198379084468,
        "dvar": 0.000559416366741,
        "dvar2": 0.000568552408367,
        "max": 0.736664235592,
        "mean": 0.684450089931,
        "median": 0.690195262432,
        "min": 0.277962595224,
        "var": 0.00138400169089
    },
    "melbands_kurtosis": {
        "dmean": 5.13709545135,
        "dmean2": 7.22885465622,
        "dvar": 51.4231948853,
        "dvar2": 106.693313599,
        "max": 91.8756561279,
        "mean": 15.6758365631,
        "median": 13.7537498474,
        "min": 7.18206596375,
        "var": 75.4724197388
    },
    "melbands_skewness": {
        "dmean": 0.173139706254,
        "dmean2": 0.214883506298,
        "dvar": 0.0971877649426,
        "dvar2": 0.122241489589,
        "max": 6.29285669327,
        "mean": 1.65249359608,
        "median": 1.62791085243,
        "min": 1.27548265457,
        "var": 0.146340981126
    },
    "melbands_spread": {
        "dmean": 0.0516847707331,
        "dmean2": 0.0513562448323,
        "dvar": 0.0535744614899,
        "dvar2": 0.0508162230253,
        "max": 4.48419284821,
        "mean": 0.449383199215,
        "median": 0.426552444696,
        "min": 0.342340111732,
        "var": 0.0645524784923
    },
    "pitch_salience": {
        "dmean": 0.0184893235564,
        "dmean2": 0.0178382508457,
        "dvar": 0.000556596496608,
        "dvar2": 0.00052629126003,
        "max": 0.780596852303,
        "mean": 0.364047378302,
        "median": 0.359675496817,
        "min": 0.313715815544,
        "var": 0.00198763143271
    },
    "silence_rate_20dB": {
        "dmean": 0,
        "dmean2": 0,
        "dvar": 0,
        "dvar2": 0,
        "max": 1,
        "mean": 1,
        "median": 1,
        "min": 1,
        "var": 0
    },
    "silence_rate_30dB": {
        "dmean": 0.0066666668281,
        "dmean2": 0.00668896315619,
        "dvar": 0.00662224274129,
        "dvar2": 0.00664424197748,
        "max": 1,
        "mean": 0.00664451811463,
        "median": 0,
        "min": 0,
        "var": 0.00660038553178
    },
    "silence_rate_60dB": {
        "dmean": 0,
        "dmean2": 0,
        "dvar": 0,
        "dvar2": 0,
        "max": 0,
        "mean": 0,
        "median": 0,
        "min": 0,
        "var": 0
    },
    "spectral_centroid": {
        "dmean": 5.97336006165,
        "dmean2": 5.96425485611,
        "dvar": 665.148986816,
        "dvar2": 654.90222168,
        "max": 576.815673828,
        "mean": 140.348770142,
        "median": 138.592163086,
        "min": 128.487670898,
        "var": 764.864440918
    },
    "spectral_complexity": {
        "dmean": 1.00999999046,
        "dmean2": 1.62541806698,
        "dvar": 0.929901123047,
        "dvar2": 1.36470556259,
        "max": 7,
        "mean": 3.64784049988,
        "median": 4,
        "min": 1,
        "var": 1.35107147694
    },
    "spectral_decrease": {
        "dmean": 6.54980469861e-09,
        "dmean2": 6.49793197027e-09,
        "dvar": 2.01417039862e-17,
        "dvar2": 2.18619766169e-17,
        "max": -1.08945596988e-09,
        "mean": -4.14496810208e-08,
        "median": -4.12454639331e-08,
        "min": -5.29543875416e-08,
        "var": 6.28601546654e-17
    },
    "spectral_energy": {
        "dmean": 0.0250490345061,
        "dmean2": 0.0248502064496,
        "dvar": 0.000294209341519,
        "dvar2": 0.000319306505844,
        "max": 0.202158212662,
        "mean": 0.1581800282,
        "median": 0.157395139337,
        "min": 0.00418982515112,
        "var": 0.000918474106584
    },
    "spectral_energyband_high": {
        "dmean": 9.68414383351e-07,
        "dmean2": 1.49537618199e-06,
        "dvar": 8.77198660931e-12,
        "dvar2": 1.29541256194e-11,
        "max": 4.44360448455e-05,
        "mean": 1.89587956356e-06,
        "median": 1.17203444461e-06,
        "min": 3.95196167347e-07,
        "var": 1.06119921878e-11
    },
    "spectral_energyband_low": {
        "dmean": 0.0200102310628,
        "dmean2": 0.0198034215719,
        "dvar": 0.000188352292753,
        "dvar2": 0.00021268587443,
        "max": 0.177186220884,
        "mean": 0.139199703932,
        "median": 0.137571692467,
        "min": 0.00272972672246,
        "var": 0.00064465374453
    },
    "spectral_energyband_middle_high": {
        "dmean": 2.94459368888e-06,
        "dmean2": 4.01343322665e-06,
        "dvar": 1.22394941404e-10,
        "dvar2": 1.66100841414e-10,
        "max": 0.000202665440156,
        "mean": 9.15828240977e-06,
        "median": 6.85457416694e-06,
        "min": 3.05782782561e-06,
        "var": 1.96646865458e-10
    },
    "spectral_energyband_middle_low": {
        "dmean": 0.00962660182267,
        "dmean2": 0.00976842921227,
        "dvar": 4.06583567383e-05,
        "dvar2": 4.32033521065e-05,
        "max": 0.0780418813229,
        "mean": 0.0270105730742,
        "median": 0.0255224835128,
        "min": 0.00133715942502,
        "var": 0.000140655349242
    },
    "spectral_entropy": {
        "dmean": 0.0917120873928,
        "dmean2": 0.135335057974,
        "dvar": 0.0624811947346,
        "dvar2": 0.0545746088028,
        "max": 8.61751174927,
        "mean": 4.38496208191,
        "median": 4.33254384995,
        "min": 4.12063312531,
        "var": 0.107202850282
    },
    "spectral_flux": {
        "dmean": 0.0236441958696,
        "dmean2": 0.0397768206894,
        "dvar": 0.000576182035729,
        "dvar2": 0.00108709000051,
        "max": 0.388538211584,
        "mean": 0.0619269572198,
        "median": 0.0621282570064,
        "min": 0.0307242628187,
        "var": 0.000788781035226
    },
    "spectral_kurtosis": {
        "dmean": 19.6635189056,
        "dmean2": 32.5320854187,
        "dvar": 215.787155151,
        "dvar2": 715.896362305,
        "max": 132.519683838,
        "mean": 69.0528793335,
        "median": 70.5520172119,
        "min": 1.3106918335,
        "var": 543.611572266
    },
    "spectral_rms": {
        "dmean": 0.00100471451879,
        "dmean2": 0.00099086377304,
        "dvar": 7.72262751525e-07,
        "dvar2": 8.45532838412e-07,
        "max": 0.0140437716618,
        "mean": 0.0123526901007,
        "median": 0.0123917805031,
        "min": 0.00202178978361,
        "var": 1.73311877916e-06
    },
    "spectral_rolloff": {
        "dmean": 7.53662109375,
        "dmean2": 14.1874284744,
        "dvar": 127.125366211,
        "dvar2": 135.233062744,
        "max": 236.865234375,
        "mean": 143.864776611,
        "median": 150.732421875,
        "min": 129.19921875,
        "var": 233.197723389
    },
    "spectral_skewness": {
        "dmean": 1.03812372684,
        "dmean2": 1.76019287109,
        "dvar": 0.635535776615,
        "dvar2": 2.05152845383,
        "max": 9.43011856079,
        "mean": 6.69059991837,
        "median": 6.85778093338,
        "min": 1.54834496975,
        "var": 1.52305674553
    },
    "spectral_spread": {
        "dmean": 419264.3125,
        "dmean2": 616171.25,
        "dvar": 1.93375803802e+12,
        "dvar2": 984527994880,
        "max": 32359310,
        "mean": 1488320,
        "median": 1298788,
        "min": 773996.25,
        "var": 3.57278574182e+12
    },
    "spectral_strongpeak": {
        "dmean": 0.401129037142,
        "dmean2": 0.775725483894,
        "dvar": 0.109407447278,
        "dvar2": 0.152987644076,
        "max": 2.0506503582,
        "mean": 1.4850846529,
        "median": 1.53736555576,
        "min": 0,
        "var": 0.129330962896
    },
    "zerocrossingrate": {
        "dmean": 0.000136718750582,
        "dmean2": 0.000210663143662,
        "dvar": 9.2569926835e-08,
        "dvar2": 1.62144502269e-07,
        "max": 0.00537109375,
        "mean": 0.0048909233883,
        "median": 0.0048828125,
        "min": 0.00146484375,
        "var": 1.00529199187e-07
    },
    "barkbands": {
        "dmean": [2.34605849982e-05, 0.00137723248918, 0.0173848383129, 0.00759122520685, 0.00297952629626, 0.000197182787815, 1.86275028682e-05, 3.71936698684e-06, 1.17684385259e-06, 7.51618699724e-07, 6.29110104455e-07, 4.41928563077e-07, 3.66621236481e-07, 2.6322433655e-07, 2.43733239813e-07, 1.8808222535e-07, 1.54563878141e-07, 5.59984073334e-07, 5.04979936977e-07, 5.46312662664e-07, 3.05916898924e-07, 1.07064636268e-07, 8.13752620843e-08, 8.27120203439e-08, 4.81053881174e-08, 3.2754822854e-08, 3.45867725571e-08],
        "dmean2": [4.09550739278e-05, 0.00165592343546, 0.0170722790062, 0.00761306425557, 0.00292887515388, 0.000193051702809, 1.93464838958e-05, 4.72835654364e-06, 1.59613068718e-06, 1.05021740637e-06, 8.86942359557e-07, 6.81338576669e-07, 5.739051403e-07, 4.02218205409e-07, 3.96362452193e-07, 2.71624060133e-07, 2.33269446426e-07, 8.14823010842e-07, 8.07270794212e-07, 8.71442637163e-07, 4.99086070249e-07, 1.77399542167e-07, 1.21970458622e-07, 1.14844155519e-07, 6.45621298645e-08, 4.50847110756e-08, 4.90191496283e-08],
        "dvar": [9.50430623092e-10, 2.67706400336e-06, 0.000120085052913, 1.99420410354e-05, 5.13355735166e-06, 2.60385544237e-08, 2.42222686353e-09, 8.72048544487e-11, 1.05769030687e-11, 4.67363430942e-12, 2.76157959347e-12, 2.74514850955e-12, 1.78693247265e-12, 1.19239037047e-12, 1.00175954771e-12, 7.29708014933e-13, 5.2624462947e-13, 4.69676869012e-13, 6.83280363713e-13, 6.95797532004e-13, 4.477570658e-13, 1.78123615575e-13, 1.26167780108e-13, 1.09077541921e-13, 9.4448110628e-14, 9.75172633616e-14, 1.1123668989e-13],
        "dvar2": [2.11524309179e-09, 3.60428771273e-06, 0.000126360158902, 2.49531512964e-05, 4.8666015573e-06, 2.40504132165e-08, 2.44781594994e-09, 1.13832047954e-10, 1.59416577161e-11, 6.46635999954e-12, 4.77689242329e-12, 3.5266839362e-12, 2.34955783128e-12, 1.56054715591e-12, 1.38426065315e-12, 9.20800436767e-13, 6.22091625175e-13, 8.0503979134e-13, 1.56878080405e-12, 1.54360183489e-12, 9.16010106308e-13, 2.3556392839e-13, 1.55409702034e-13, 1.35269101692e-13, 1.14510343482e-13, 1.14912460515e-13, 1.3118041267e-13],
        "max": [0.00063383707311, 0.026972508058, 0.140531644225, 0.045870244503, 0.0343494564295, 0.00259442068636, 0.000816615181975, 0.000187086785445, 6.30995782558e-05, 4.00580356654e-05, 2.95288391499e-05, 3.17831327266e-05, 2.31560552493e-05, 1.81654995686e-05, 1.65657711477e-05, 1.36247172122e-05, 1.19360856843e-05, 9.71495956037e-06, 1.05681720015e-05, 8.11095105746e-06, 8.17516411189e-06, 6.67306176183e-06, 5.69726262256e-06, 5.30545139554e-06, 4.89052990815e-06, 4.97566634294e-06, 5.33614411324e-06],
        "mean": [0.000210148806218, 0.0224385000765, 0.108510941267, 0.0170625913888, 0.00942301563919, 0.000461212039227, 4.98852532473e-05, 9.97245115286e-06, 3.00172314383e-06, 2.1993869268e-06, 1.23706115573e-06, 1.06734455585e-06, 8.49965374528e-07, 4.91969387895e-07, 5.25651216776e-07, 3.57675986606e-07, 2.88325111342e-07, 1.10771213713e-06, 9.21591663428e-07, 9.55104155764e-07, 5.54952066523e-07, 1.80404541084e-07, 1.47126456795e-07, 1.65493560189e-07, 1.00599407915e-07, 6.12943864553e-08, 1.04285646785e-07],
        "median": [0.000208807250601, 0.0228780806065, 0.107508704066, 0.0161903426051, 0.0089106913656, 0.000413626607042, 3.2597752579e-05, 5.24122742718e-06, 1.30814066779e-06, 1.53680412041e-06, 5.87044041822e-07, 7.44525095797e-07, 6.44188389742e-07, 3.17193240562e-07, 3.53931966401e-07, 2.40140110463e-07, 1.93530738102e-07, 8.6539955646e-07, 6.86964824581e-07, 6.2812040369e-07, 3.26515845472e-07, 1.12703133937e-07, 9.29547709916e-08, 1.09833344197e-07, 6.13317183706e-08, 2.71966662524e-08, 7.16789401167e-08],
        "min": [0.000127874533064, 0.00132925901562, 0.000873881508596, 0.000431779713836, 0.000612326897681, 0.000131986889755, 1.11230383482e-05, 1.54265569563e-06, 3.15986994792e-07, 6.20209902991e-07, 1.02883561226e-07, 2.3395102744e-07, 1.43024152521e-07, 8.31069115748e-08, 1.33151914383e-07, 6.13613906353e-08, 2.03784686903e-08, 1.98995664391e-07, 1.70800433352e-07, 1.27076020817e-07, 7.96975001549e-08, 3.62786884978e-08, 2.44191866727e-08, 2.17344418019e-08, 1.62990794195e-08, 1.22747350062e-08, 3.01800149316e-08],
        "var": [1.48038292735e-09, 6.39768722976e-06, 0.000478873407701, 7.69442558521e-05, 1.78152695298e-05, 1.05455676191e-07, 7.22562853994e-09, 3.96154442583e-10, 4.7544815307e-11, 9.8992983949e-12, 7.17594690267e-12, 4.76662632976e-12, 2.39490718923e-12, 1.52745188459e-12, 1.24890776974e-12, 8.59998487354e-13, 6.31505969479e-13, 7.90242003779e-13, 8.28307691533e-13, 1.02204193459e-12, 5.28619303278e-13, 2.08134223289e-13, 1.48459573085e-13, 1.35826991473e-13, 1.10899929919e-13, 1.12785960584e-13, 1.26753303491e-13]
    },
    "erbbands": {
        "dmean": [0.00709716416895, 0.330689281225, 11.6093845367, 26.8926753998, 15.5449867249, 7.90760755539, 3.22065114975, 1.37324523926, 0.393088877201, 0.124439582229, 0.054453253746, 0.0267409365624, 0.0282201450318, 0.0217977613211, 0.0214791819453, 0.0171057265252, 0.0175099372864, 0.0124005479738, 0.0118963457644, 0.0125445853919, 0.0095666507259, 0.00884669460356, 0.0239892955869, 0.0332159250975, 0.018516195938, 0.027732340619, 0.0195416156203, 0.00847474858165, 0.00403198692948, 0.00304963439703, 0.00218184338883, 0.00187972327694, 0.00127000769135, 0.000593308650423, 0.000326624140143, 0.000149459010572, 6.50180736557e-05, 2.0656729248e-05, 1.4399635802e-05, 2.70535856544e-05],
        "dmean2": [0.0119240907952, 0.449582725763, 11.4843244553, 26.9451141357, 15.5327739716, 7.78770112991, 3.17509222031, 1.34461629391, 0.392638981342, 0.144196033478, 0.0701884254813, 0.0367592796683, 0.0364702381194, 0.033161830157, 0.0305847432464, 0.026075148955, 0.0275071375072, 0.0188890956342, 0.019000671804, 0.0198492202908, 0.013922107406, 0.0132411094382, 0.035158008337, 0.0502264425159, 0.0294695831835, 0.0436271652579, 0.0323812626302, 0.0138727147132, 0.00664247898385, 0.00500161666423, 0.00316587509587, 0.00260125962086, 0.00175782910082, 0.000782580755185, 0.00045482441783, 0.000203611329198, 8.77790007507e-05, 2.88315750367e-05, 1.55768284458e-05, 2.70018408628e-05],
        "dvar": [5.37256091775e-05, 0.411264747381, 87.1925201416, 233.204971313, 131.238815308, 36.1035194397, 5.79904317856, 1.37992358208, 0.743497848511, 0.108705237508, 0.0196382291615, 0.00538631156087, 0.0087254177779, 0.00479176361114, 0.00338007858954, 0.00424966169521, 0.00406377250329, 0.00318126170896, 0.00285625318065, 0.00269590388052, 0.0021564126946, 0.00158300180919, 0.00134670559783, 0.00175553362351, 0.00130507687572, 0.00166791619267, 0.00138864095788, 0.000446350022685, 0.000230668534641, 0.000159047893248, 9.75409930106e-05, 5.82352477068e-05, 2.53538819379e-05, 1.19862243082e-05, 4.80562403027e-06, 1.4335259948e-06, 3.53188966074e-07, 4.27649773371e-08, 1.89321314181e-09, 3.02627395365e-10],
        "dvar2": [9.71754343482e-05, 0.493125021458, 88.7727737427, 250.655670166, 135.943771362, 33.8147087097, 5.40978431702, 1.20169174671, 0.718361794949, 0.1094686836, 0.0281052961946, 0.00820110272616, 0.0116118639708, 0.00741470139474, 0.00547836953774, 0.00533714005724, 0.00534342695028, 0.00424242578447, 0.00368907582015, 0.00358928414062, 0.00270134001039, 0.0018804926658, 0.002207105048, 0.003866055049, 0.00249579967931, 0.00380660453811, 0.00328736309893, 0.00076732004527, 0.000306386529701, 0.000209876496228, 0.000117119860079, 7.05308630131e-05, 3.20296858263e-05, 1.45932972373e-05, 5.8214773162e-06, 1.74170816081e-06, 4.12661563587e-07, 4.99406169752e-08, 2.49007370279e-09, 3.77153613895e-10],
        "max": [0.146831810474, 10.5461483002, 138.908126831, 128.174926758, 154.474990845, 85.3199310303, 33.8411216736, 20.6859226227, 15.2063989639, 5.6099691391, 2.5684800148, 1.44095265865, 1.49568331242, 1.31295359135, 1.15868747234, 1.20761942863, 1.09954679012, 0.939367294312, 0.881881892681, 0.856536030769, 0.745198011398, 0.65709155798, 0.542411148548, 0.534786760807, 0.509984433651, 0.367779821157, 0.355758875608, 0.294991701841, 0.240637809038, 0.197607055306, 0.160196989775, 0.123109340668, 0.0801301300526, 0.0553802326322, 0.0348632074893, 0.0189400557429, 0.0095823770389, 0.00330477510579, 0.000760437455028, 0.00024062259763],
        "mean": [0.130356699228, 9.23279571533, 115.260848999, 75.0294723511, 59.2456665039, 18.5246829987, 7.290579319, 3.47026515007, 1.05678331852, 0.43564593792, 0.152980744839, 0.0755001455545, 0.072163939476, 0.0595039613545, 0.0489373579621, 0.0418808050454, 0.0404848009348, 0.0262333583087, 0.0254958178848, 0.0266808830202, 0.0193238835782, 0.0180615093559, 0.0468243099749, 0.066942371428, 0.0364822335541, 0.0485708974302, 0.031670615077, 0.0162130575627, 0.00706481607631, 0.00509348651394, 0.00400622095913, 0.00375825259835, 0.00260197301395, 0.0012742113322, 0.000739325711038, 0.000342874875059, 0.000151653963258, 4.2717809265e-05, 8.274261927e-05, 0.000173247259227],
        "median": [0.131827458739, 9.40885925293, 115.69102478, 72.6313552856, 57.3042221069, 17.1179447174, 6.52320146561, 3.16998147964, 0.789188981056, 0.254555881023, 0.0815650224686, 0.0351905785501, 0.0470000319183, 0.0349003411829, 0.0250302981585, 0.0292757414281, 0.0298486854881, 0.017882719636, 0.0168965831399, 0.0182422902435, 0.0128711713478, 0.0128347892314, 0.0361165255308, 0.0529456883669, 0.0276985894889, 0.0322440490127, 0.0161705929786, 0.0115662487224, 0.00458262255415, 0.00309671182185, 0.00262432917953, 0.00246789562516, 0.00179319619201, 0.000809012737591, 0.00046172857401, 0.000205156189622, 8.87620917638e-05, 2.17729993892e-05, 7.87139724707e-05, 0.000172161599039],
        "min": [0.0402525700629, 0.295993566513, 0.953456103802, 1.34496486187, 1.7696646452, 2.07339501381, 1.64020442963, 1.10319912434, 0.305642008781, 0.137723386288, 0.0381184667349, 0.0142459906638, 0.0157070979476, 0.0133934998885, 0.00802942551672, 0.00910402555019, 0.00853389967233, 0.00453651463613, 0.00703522376716, 0.00656144041568, 0.00433899648488, 0.00170015601907, 0.0084613757208, 0.0138511229306, 0.00819640234113, 0.006922443863, 0.00364484265447, 0.00303556211293, 0.00155505014118, 0.000915819488, 0.000728160666768, 0.000482111296151, 0.000434828019934, 0.000260642322246, 0.000170242972672, 0.000115963186545, 4.28260136687e-05, 7.78103549237e-06, 4.79147092847e-05, 3.74195842596e-05],
        "var": [0.000115910479508, 0.876939058304, 287.954772949, 950.634887695, 403.890808105, 132.021286011, 22.9188175201, 5.65101289749, 2.22025752068, 0.535639584064, 0.0853193774819, 0.025919534266, 0.0161576326936, 0.0114894052967, 0.0112433219329, 0.00666341045871, 0.00544126518071, 0.00411982741207, 0.00353642785922, 0.00332750426605, 0.00253430008888, 0.00193939020392, 0.0019724140875, 0.00260095018893, 0.00159399933182, 0.00252406043001, 0.0017713556299, 0.000491606013384, 0.000273813318927, 0.000181145325769, 0.000115617120173, 7.16531430953e-05, 3.19274986396e-05, 1.41747186717e-05, 5.58621286473e-06, 1.68515475707e-06, 4.03160129281e-07, 4.926699404e-08, 2.31558150432e-09, 1.01297592536e-09]
    },
    "gfcc": {
        "mean": [-188.504211426, 181.98197937, 12.9126167297, 69.8706512451, -8.58361816406, -14.3639574051, -19.4963645935, -19.5954017639, -27.3293094635, -20.4478435516, -3.0389509201, -21.1538467407, -8.38139629364],
        "cov": [[352.926757812, -71.2382583618, -112.69695282, -24.4893417358, -71.7511291504, 8.85678577423, -28.7246646881, 6.65811300278, -18.6179924011, -4.92482948303, -17.9823856354, 13.7021970749, 8.16062831879], [-71.2382583618, 152.715545654, 44.1903953552, -72.9515075684, -7.02402448654, -41.5148353577, -12.3316955566, -11.1938152313, 16.1599559784, -17.3315677643, 2.81136393547, -6.27452898026, 5.98501729965], [-112.69695282, 44.1903953552, 78.4701690674, 8.50381183624, 24.6945114136, -15.0326681137, -18.4751586914, -5.09603691101, 3.24278569221, -14.6108074188, 10.7087869644, -6.88859462738, -0.533604979515], [-24.4893417358, -72.9515075684, 8.50381183624, 114.661315918, 29.5557003021, 0.249745681882, 20.6592178345, -19.8013973236, -23.1102313995, 4.18789434433, 6.98814201355, -8.52335453033, 6.03180837631], [-71.7511291504, -7.02402448654, 24.6945114136, 29.5557003021, 37.5823135376, -0.944953024387, 2.34675860405, -10.1801462173, -2.75440621376, 2.50346946716, 3.68537759781, 0.606977760792, -3.24615526199], [8.85678577423, -41.5148353577, -15.0326681137, 0.249745681882, -0.944953024387, 29.1654663086, 2.93486452103, 11.1115083694, 1.29170882702, 5.49295902252, 2.08443164825, 1.47252690792, -7.52048969269], [-28.7246646881, -12.3316955566, -18.4751586914, 20.6592178345, 2.34675860405, 2.93486452103, 41.4773292542, -5.77901268005, -6.87716293335, 14.6922702789, -4.475274086, -3.8139872551, 4.52880430222], [6.65811300278, -11.1938152313, -5.09603691101, -19.8013973236, -10.1801462173, 11.1115083694, -5.77901268005, 26.5612468719, 5.83484315872, -8.38681983948, 2.33276820183, 1.55907702446, -7.85026788712], [-18.6179924011, 16.1599559784, 3.24278569221, -23.1102313995, -2.75440621376, 1.29170882702, -6.87716293335, 5.83484315872, 16.6353721619, 0.940431118011, -4.65830898285, 2.27412486076, -4.43846416473], [-4.92482948303, -17.3315677643, -14.6108074188, 4.18789434433, 2.50346946716, 5.49295902252, 14.6922702789, -8.38681983948, 0.940431118011, 22.5331497192, -6.31036806107, -0.931747972965, 1.36133909225], [-17.9823856354, 2.81136393547, 10.7087869644, 6.98814201355, 3.68537759781, 2.08443164825, -4.475274086, 2.33276820183, -4.65830898285, -6.31036806107, 12.4942874908, -4.09869146347, -3.66040086746], [13.7021970749, -6.27452898026, -6.88859462738, -8.52335453033, 0.606977760792, 1.47252690792, -3.8139872551, 1.55907702446, 2.27412486076, -0.931747972965, -4.09869146347, 10.7542667389, -1.89070856571], [8.16062831879, 5.98501729965, -0.533604979515, 6.03180837631, -3.24615526199, -7.52048969269, 4.52880430222, -7.85026788712, -4.43846416473, 1.36133909225, -3.66040086746, -1.89070856571, 11.258014679]],
        "icov": [[0.0589216127992, 0.0149889085442, 0.0695806741714, 0.00482833199203, 0.0709364786744, 0.00667342357337, 0.0891125202179, 0.0437172390521, 0.115113303065, 0.0417276695371, 0.110667034984, 0.0329089835286, 0.0514267981052], [0.0149889085442, 0.110073029995, -0.000815423205495, 0.091766603291, 0.00465294998139, 0.0964450761676, -0.0385748073459, 0.108811765909, -0.0514256954193, 0.104473493993, -0.0450832359493, 0.077870324254, 0.00408495776355], [0.0695806741714, -0.000815423205495, 0.115740776062, -0.00828044861555, 0.0625278875232, 0.000712921028025, 0.123653233051, 0.0343096144497, 0.133918240666, 0.0452840179205, 0.127586647868, 0.0465842597187, 0.0492341965437], [0.00482833199203, 0.091766603291, -0.00828044861555, 0.095416367054, -0.0187380295247, 0.0762734115124, -0.0485695675015, 0.0935865044594, -0.0415055416524, 0.0899589583278, -0.0486806221306, 0.0748515725136, -0.00395311415195], [0.0709364786744, 0.00465294998139, 0.0625278875232, -0.0187380295247, 0.148619815707, -0.007674919907, 0.108064010739, 0.0571107789874, 0.149655595422, 0.0268440209329, 0.141084834933, 0.00140308856498, 0.0950514152646], [0.00667342357337, 0.0964450761676, 0.000712921028025, 0.0762734115124, -0.007674919907, 0.146435663104, -0.0410388186574, 0.062226369977, -0.0597049444914, 0.0608619041741, -0.0721215382218, 0.0583582706749, 0.0140190050006], [0.0891125202179, -0.0385748073459, 0.123653233051, -0.0485695675015, 0.108064010739, -0.0410388186574, 0.211315333843, -8.55364996823e-05, 0.233155533671, -0.0123615209013, 0.220256075263, 0.0260505639017, 0.0758787989616], [0.0437172390521, 0.108811765909, 0.0343096144497, 0.0935865044594, 0.0571107789874, 0.062226369977, -8.55364996823e-05, 0.208214387298, 0.00170993700158, 0.160909608006, 0.0253315418959, 0.0977033004165, 0.0710684657097], [0.115113303065, -0.0514256954193, 0.133918240666, -0.0415055416524, 0.149655595422, -0.0597049444914, 0.233155533671, 0.00170993700158, 0.418602913618, -0.00163833599072, 0.349649846554, 0.0324312113225, 0.167512923479], [0.0417276695371, 0.104473493993, 0.0452840179205, 0.0899589583278, 0.0268440209329, 0.0608619041741, -0.0123615209013, 0.160909608006, -0.00163833599072, 0.214030578732, 0.05410169065, 0.117881938815, 0.0445940867066], [0.110667034984, -0.0450832359493, 0.127586647868, -0.0486806221306, 0.141084834933, -0.0721215382218, 0.220256075263, 0.0253315418959, 0.349649846554, 0.05410169065, 0.455463558435, 0.0902820155025, 0.191997870803], [0.0329089835286, 0.077870324254, 0.0465842597187, 0.0748515725136, 0.00140308856498, 0.0583582706749, 0.0260505639017, 0.0977033004165, 0.0324312113225, 0.117881938815, 0.0902820155025, 0.220768004656, 0.0588517971337], [0.0514267981052, 0.00408495776355, 0.0492341965437, -0.00395311415195, 0.0950514152646, 0.0140190050006, 0.0758787989616, 0.0710684657097, 0.167512923479, 0.0445940867066, 0.191997870803, 0.0588517971337, 0.242591038346]]
    },
    "melbands": {
        "dmean": [0.000200897047762, 0.0043304101564, 0.0044537964277, 0.00078743591439, 0.000141650205478, 3.05070971081e-05, 5.1825409173e-06, 1.06471895833e-06, 3.67675028201e-07, 1.68804646705e-07, 1.41561287137e-07, 8.75528058941e-08, 7.98526897938e-08, 5.25796579609e-08, 4.66446010705e-08, 3.21047792795e-08, 2.41428139702e-08, 2.07370671745e-08, 1.94565554779e-08, 1.51806158755e-08, 1.14541798268e-08, 9.35457311613e-09, 1.34351054726e-08, 2.93335684631e-08, 2.86397270344e-08, 1.79397545708e-08, 1.21223644456e-08, 2.07680024289e-08, 1.60673767624e-08, 6.21456930361e-09, 4.8272239539e-09, 2.4360093942e-09, 1.78261116979e-09, 1.74368175454e-09, 1.22630194888e-09, 1.2821869122e-09, 1.26091526109e-09, 9.28728427496e-10, 7.89398324486e-10, 4.08999473178e-10],
        "dmean2": [0.000267953262664, 0.00429265713319, 0.00443581584841, 0.000777500448748, 0.000139236537507, 2.98267859762e-05, 5.25034693055e-06, 1.315624786e-06, 4.86726776217e-07, 2.28575132155e-07, 1.8377016886e-07, 1.33917609446e-07, 1.12859460444e-07, 7.96139119075e-08, 7.41480192801e-08, 4.94423666453e-08, 3.68581574151e-08, 3.33599814439e-08, 3.16000132727e-08, 2.28021939108e-08, 1.6783802792e-08, 1.41589557856e-08, 2.09949888585e-08, 4.26438724332e-08, 4.42930243594e-08, 2.98641396057e-08, 1.88174862359e-08, 3.31053016112e-08, 2.68902748957e-08, 1.0263316419e-08, 8.00768784615e-09, 4.02702626801e-09, 2.91067725477e-09, 2.84817192053e-09, 1.83710480162e-09, 1.81492476603e-09, 1.79385151178e-09, 1.33306710115e-09, 1.06375230846e-09, 5.51482137734e-10],
        "dvar": [5.20598391063e-08, 1.21835773825e-05, 6.74368038744e-06, 3.64668693464e-07, 1.18329381849e-08, 6.91710244638e-10, 1.53941664971e-10, 9.01623827682e-12, 9.02072741591e-13, 2.52725330897e-13, 2.18903901624e-13, 7.76329074268e-14, 4.4684108437e-14, 3.27526803693e-14, 2.44578747581e-14, 1.59179225655e-14, 1.05548792498e-14, 7.60561471251e-15, 5.75060493473e-15, 3.84238370017e-15, 2.82305387529e-15, 1.81846814116e-15, 1.19880265975e-15, 1.15453089458e-15, 1.37226314889e-15, 1.03122354389e-15, 4.88017132588e-16, 9.56589882718e-16, 8.42295280222e-16, 2.22826813382e-16, 1.31614096927e-16, 7.64386354404e-17, 5.93996412641e-17, 4.46835919322e-17, 3.32064212284e-17, 2.67835738758e-17, 2.0191788118e-17, 1.24451060238e-17, 1.00536640072e-17, 8.1745933784e-18],
        "dvar2": [7.32563236738e-08, 1.29167792693e-05, 7.21619244359e-06, 3.58490950703e-07, 1.11365379141e-08, 6.13549322459e-10, 1.53939291869e-10, 8.92358756333e-12, 1.39027884257e-12, 3.88585864874e-13, 2.86679832434e-13, 1.21238495588e-13, 7.67762183039e-14, 4.32477133532e-14, 3.07775384497e-14, 2.0641046042e-14, 1.42527252479e-14, 9.49755173867e-15, 8.19650489652e-15, 4.97940981186e-15, 3.47117659323e-15, 2.15813237642e-15, 1.58608984016e-15, 2.09177941522e-15, 3.27143817746e-15, 2.31868344817e-15, 7.88102376955e-16, 2.34453065855e-15, 2.15685695656e-15, 4.07902744733e-16, 2.1940787077e-16, 1.03156893481e-16, 7.58932057794e-17, 5.96158728937e-17, 4.00233258443e-17, 3.15461440075e-17, 2.56414095034e-17, 1.57551900133e-17, 1.28163694981e-17, 9.75378704688e-18],
        "max": [0.00391377648339, 0.0513111315668, 0.0247414875776, 0.00872085988522, 0.00155517505482, 0.000457619869849, 0.000213501305552, 5.88939583395e-05, 1.55568013724e-05, 9.26275333768e-06, 7.38961307434e-06, 5.29328053744e-06, 3.92468018617e-06, 3.58434863301e-06, 2.84926932181e-06, 2.13366979551e-06, 1.69606494183e-06, 1.43604370351e-06, 1.26343798001e-06, 9.89508066596e-07, 8.55651023812e-07, 7.04476519786e-07, 5.55595818241e-07, 4.46330233217e-07, 4.31031423886e-07, 3.98979210559e-07, 3.22100589756e-07, 2.72807284318e-07, 2.23654140541e-07, 2.01838474823e-07, 1.61923040309e-07, 1.37986887694e-07, 1.22784925338e-07, 1.04131935075e-07, 9.33630346367e-08, 8.3686096275e-08, 7.15000822993e-08, 5.59370576525e-08, 5.03705095412e-08, 4.57152076194e-08],
        "mean": [0.00315090548247, 0.0425341427326, 0.0141730308533, 0.00259016291238, 0.000350330519723, 7.68084282754e-05, 1.39144976856e-05, 3.91039202441e-06, 9.8503596746e-07, 4.27602373065e-07, 3.54927749413e-07, 2.39433035176e-07, 1.68557676261e-07, 1.24335755913e-07, 1.02479013719e-07, 7.50563060592e-08, 4.48132482234e-08, 3.98198132245e-08, 4.1843613019e-08, 2.71948525921e-08, 2.15586251073e-08, 1.74927414776e-08, 2.44612650135e-08, 5.80220884672e-08, 5.57278454494e-08, 2.98767837137e-08, 2.40185897837e-08, 3.39483463563e-08, 2.35161241591e-08, 1.09581925756e-08, 8.56190673915e-09, 3.99288779818e-09, 2.85583001691e-09, 2.75515432691e-09, 2.12347406325e-09, 2.34239960761e-09, 2.33787988968e-09, 1.76641568039e-09, 1.61933111364e-09, 7.90263243733e-10],
        "median": [0.00323484139517, 0.042662113905, 0.0138605507091, 0.0024501690641, 0.00031774060335, 6.99231677572e-05, 1.00443230622e-05, 2.15379600377e-06, 5.19105014973e-07, 1.80601062993e-07, 2.34213146655e-07, 1.42775476775e-07, 7.71316521764e-08, 8.18984560169e-08, 7.58006137858e-08, 5.51747874056e-08, 2.94689126434e-08, 2.53125485017e-08, 2.95053581567e-08, 1.68992375649e-08, 1.43525218377e-08, 1.18526832793e-08, 1.788007431e-08, 4.57645157326e-08, 4.27988489093e-08, 2.10358344077e-08, 1.86206570163e-08, 2.07715942224e-08, 1.08645092922e-08, 6.21691098601e-09, 6.09093397941e-09, 2.56430854328e-09, 1.69031943997e-09, 1.69022096319e-09, 1.30029631507e-09, 1.49793144555e-09, 1.42019873639e-09, 1.19955123612e-09, 1.06135289446e-09, 4.28603735836e-10],
        "min": [0.000391051580664, 0.000475021777675, 0.000246618612437, 0.000144538440509, 6.39380814391e-05, 2.44132133957e-05, 3.4425515878e-06, 1.23862230339e-06, 1.8040830696e-07, 6.07617494097e-08, 5.65654048046e-08, 4.69293759409e-08, 2.0798493594e-08, 2.86510228875e-08, 2.13553601469e-08, 1.84623818456e-08, 5.65668178965e-09, 8.53099457743e-09, 8.16455880681e-09, 5.51332979271e-09, 3.6151033278e-09, 1.22607279884e-09, 3.08860625964e-09, 8.65199645261e-09, 1.07746860323e-08, 6.03422956047e-09, 4.94263563411e-09, 3.85587428653e-09, 1.96117100337e-09, 1.37130728994e-09, 1.82500448087e-09, 8.27482138366e-10, 4.4507719732e-10, 4.7836901107e-10, 4.09337674867e-10, 2.53627369107e-10, 2.56137583365e-10, 2.45058334736e-10, 2.78604611603e-10, 9.59642226794e-11],
        "var": [1.17266793609e-07, 3.94479538954e-05, 2.62901776296e-05, 1.21192044844e-06, 4.57255424635e-08, 2.82072520896e-09, 4.44642628272e-10, 4.84908363463e-11, 3.67056949072e-12, 1.02219491552e-12, 3.94585351806e-13, 1.8343218112e-13, 1.35790901093e-13, 6.50761454273e-14, 3.61549033984e-14, 2.04403348089e-14, 1.36398410063e-14, 9.35300471918e-15, 7.31936585722e-15, 4.6006387007e-15, 3.30042957414e-15, 2.21938175235e-15, 1.51686819013e-15, 1.97662316846e-15, 1.8861899076e-15, 1.2170210679e-15, 6.31939147634e-16, 1.40946589473e-15, 1.04257293835e-15, 2.66566350699e-16, 1.41815113234e-16, 9.15491341191e-17, 6.8791509496e-17, 5.09696815142e-17, 3.92460573099e-17, 3.20646009632e-17, 2.55971272165e-17, 1.58967719013e-17, 1.25081801999e-17, 9.48773681056e-18]
    },
    "mfcc": {
        "mean": [-873.430419922, 211.557098389, 88.6061019897, 92.1546554565, 41.2039833069, 19.993347168, 23.9637203217, 0.611758351326, -9.70842456818, -4.03695774078, -5.99379730225, -5.27149534225, -8.42300987244],
        "cov": [[419.30871582, -84.9471435547, -101.489807129, -41.1397247314, -76.7952575684, -7.66689777374, -28.0470695496, 0.27989462018, 2.11139249802, -0.15993103385, -40.7161636353, 1.19510161877, 6.78208351135], [-84.9471435547, 178.992202759, 39.4100608826, -61.9408607483, 4.96621179581, -50.6041183472, -34.7553901672, -3.31875777245, -1.69907963276, -12.8755998611, 17.1321411133, -24.537481308, -0.196689456701], [-101.489807129, 39.4100608826, 50.4163818359, 8.69565868378, 25.1552600861, -11.5947961807, -1.17560994625, 1.58948481083, -8.68058013916, 0.189523726702, 3.5049238205, -5.55179738998, -6.14868974686], [-41.1397247314, -61.9408607483, 8.69565868378, 103.973968506, 10.9665622711, 33.150970459, 31.5680427551, -14.7778663635, -6.07921409607, -1.32618057728, -25.6929588318, 8.09080123901, -3.85853672028], [-76.7952575684, 4.96621179581, 25.1552600861, 10.9665622711, 53.8717536926, -1.28338563442, -5.7286233902, 8.34298419952, -16.0120792389, -7.68005132675, 10.129070282, 0.476910769939, -10.0515317917], [-7.66689777374, -50.6041183472, -11.5947961807, 33.150970459, -1.28338563442, 41.3053779602, 17.209941864, -13.9259443283, 3.52826094627, 2.53823924065, -6.35824632645, 7.16515398026, 3.85472369194], [-28.0470695496, -34.7553901672, -1.17560994625, 31.5680427551, -5.7286233902, 17.209941864, 36.0678367615, -4.57043027878, -1.92709898949, 7.10062742233, -9.92729949951, 8.97212219238, 2.39419150352], [0.27989462018, -3.31875777245, 1.58948481083, -14.7778663635, 8.34298419952, -13.9259443283, -4.57043027878, 25.3060894012, -3.18650078773, -5.21055698395, 12.3934516907, 0.0373409800231, -4.28126478195], [2.11139249802, -1.69907963276, -8.68058013916, -6.07921409607, -16.0120792389, 3.52826094627, -1.92709898949, -3.18650078773, 20.4272956848, 2.28014922142, -1.06802940369, 0.413431793451, 5.18218183517], [-0.15993103385, -12.8755998611, 0.189523726702, -1.32618057728, -7.68005132675, 2.53823924065, 7.10062742233, -5.21055698395, 2.28014922142, 18.7840881348, -4.53885602951, -1.69536662102, 5.90533542633], [-40.7161636353, 17.1321411133, 3.5049238205, -25.6929588318, 10.129070282, -6.35824632645, -9.92729949951, 12.3934516907, -1.06802940369, -4.53885602951, 39.5374526978, -3.54395437241, -8.94206142426], [1.19510161877, -24.537481308, -5.55179738998, 8.09080123901, 0.476910769939, 7.16515398026, 8.97212219238, 0.0373409800231, 0.413431793451, -1.69536662102, -3.54395437241, 21.6436405182, -2.64125013351], [6.78208351135, -0.196689456701, -6.14868974686, -3.85853672028, -10.0515317917, 3.85472369194, 2.39419150352, -4.28126478195, 5.18218183517, 5.90533542633, -8.94206142426, -2.64125013351, 15.1340312958]],
