{
"lowlevel": {
    "average_loudness": 0.334947794676,
    "barkbands_crest": {
        "dmean": 1.97286951542,
        "dmean2": 3.35561680794,
        "dvar": 4.71108531952,
        "dvar2": 13.6367731094,
        "max": 25.4680519104,
        "mean": 13.3648843765,
        "median": 12.022482872,
        "min": 3.62791895866,
        "var": 44.9790039062
    },
    "barkbands_flatness_db": {
        "dmean": 0.0190624278039,
        "dmean2": 0.0300095323473,
        "dvar": 0.000916246499401,
        "dvar2": 0.00172818743158,
        "max": 0.611765086651,
        "mean": 0.248729020357,
        "median": 0.159913823009,
        "min": 0.0629155114293,
        "var": 0.0289773494005
    },
    "barkbands_kurtosis": {
        "dmean": 4.28820133209,
        "dmean2": 7.39486074448,
        "dvar": 96.1433868408,
        "dvar2": 273.284393311,
        "max": 84.9100189209,
        "mean": 11.7414617538,
        "median": 6.85238647461,
        "min": -0.460535287857,
        "var": 177.177764893
    },
    "barkbands_skewness": {
        "dmean": 0.43539249897,
        "dmean2": 0.676048099995,
        "dvar": 0.234009757638,
        "dvar2": 0.530754804611,
        "max": 3.62499880791,
        "mean": 1.14399802685,
        "median": 1.57685029507,
        "min": -2.82999014854,
        "var": 1.79321086407
    },
    "barkbands_spread": {
        "dmean": 1.74857628345,
        "dmean2": 3.0040333271,
        "dvar": 8.55866336823,
        "dvar2": 21.1248950958,
        "max": 30.4401435852,
        "mean": 8.7707490921,
        "median": 7.04076528549,
        "min": 0.236573725939,
        "var": 66.657661438
    },
    "dissonance": {
        "dmean": 0.0445117838681,
        "dmean2": 0.0771995037794,
        "dvar": 0.00188618456014,
        "dvar2": 0.00526281353086,
        "max": 0.499271064997,
        "mean": 0.357333302498,
        "median": 0.410344481468,
        "min": 0.0597053132951,
        "var": 0.0163830108941
    },
    "dynamic_complexity": 15.2481994629,
    "erbbands_crest": {
        "dmean": 2.11049008369,
        "dmean2": 3.42682862282,
        "dvar": 6.73042964935,
        "dvar2": 14.7800636292,
        "max": 32.2874679565,
        "mean": 17.5594940186,
        "median": 15.6235818863,
        "min": 4.40108680725,
        "var": 81.8458023071
    },
    "erbbands_flatness_db": {
        "dmean": 0.0172370374203,
        "dmean2": 0.0268013570458,
        "dvar": 0.000754252600018,
        "dvar2": 0.00148624239955,
        "max": 0.606973350048,
        "mean": 0.292528063059,
        "median": 0.221957966685,
        "min": 0.100112512708,
        "var": 0.0260540693998
    },
    "erbbands_kurtosis": {
        "dmean": 2.56255578995,
        "dmean2": 4.02457904816,
        "dvar": 22.1713085175,
        "dvar2": 52.0671615601,
        "max": 51.3049697876,
        "mean": 8.48173141479,
        "median": 5.85377025604,
        "min": -0.176506757736,
        "var": 94.374168396
    },
    "erbbands_skewness": {
        "dmean": 0.392670035362,
        "dmean2": 0.606505274773,
        "dvar": 0.216118618846,
        "dvar2": 0.498061329126,
        "max": 4.16488552094,
        "mean": 0.854017972946,
        "median": 0.890717327595,
        "min": -2.22839641571,
        "var": 1.68957054615
    },
    "erbbands_spread": {
        "dmean": 1.68739402294,
        "dmean2": 2.82328653336,
        "dvar": 7.17547607422,
        "dvar2": 16.5085830688,
        "max": 34.3041114807,
        "mean": 9.95938491821,
        "median": 7.11848258972,
        "min": 0.509950339794,
        "var": 85.4489059448
    },
    "hfc": {
        "dmean": 0.625281512737,
        "dmean2": 0.987858295441,
        "dvar": 5.35620927811,
        "dvar2": 11.015455246,
        "max": 35.9028549194,
        "mean": 4.99879455566,
        "median": 0.115537948906,
        "min": 0.0226422697306,
        "var": 103.631660461
    },
    "melbands_crest": {
        "dmean": 2.14952993393,
        "dmean2": 3.71863865852,
        "dvar": 5.03108167648,
        "dvar2": 14.1790599823,
        "max": 27.0877456665,
        "mean": 13.6881971359,
        "median": 11.5718593597,
        "min": 4.85928678513,
        "var": 43.7449645996
    },
    "melbands_flatness_db": {
        "dmean": 0.0200010593981,
        "dmean2": 0.0311862006783,
        "dvar": 0.000879372644704,
        "dvar2": 0.00173330889083,
        "max": 0.669607758522,
        "mean": 0.323065340519,
        "median": 0.228588864207,
        "min": 0.138868585229,
        "var": 0.0275724921376
    },
    "melbands_kurtosis": {
        "dmean": 2.01428103447,
        "dmean2": 3.49781179428,
        "dvar": 10.5495328903,
        "dvar2": 29.9209938049,
        "max": 24.8823223114,
        "mean": 4.42624616623,
        "median": 2.69352722168,
        "min": -1.14471065998,
        "var": 27.1737117767
    },
    "melbands_skewness": {
        "dmean": 0.320454269648,
        "dmean2": 0.496080070734,
        "dvar": 0.108399771154,
        "dvar2": 0.282051831484,
        "max": 2.4950067997,
        "mean": 0.375102430582,
        "median": 0.229209378362,
        "min": -1.73102402687,
        "var": 0.794147849083
    },
    "melbands_spread": {
        "dmean": 1.91539549828,
        "dmean2": 3.39391922951,
        "dvar": 8.02336978912,
        "dvar2": 22.1202583313,
        "max": 29.3947792053,
        "mean": 9.40716266632,
        "median": 9.42846298218,
        "min": 0.593974888325,
        "var": 52.3682670593
    },
    "pitch_salience": {
        "dmean": 0.0507693216205,
        "dmean2": 0.084232442081,
        "dvar": 0.00292838690802,
        "dvar2": 0.00687734782696,
        "max": 0.851565182209,
        "mean": 0.571925699711,
        "median": 0.594939887524,
        "min": 0.264926642179,
        "var": 0.0202400293201
    },
    "silence_rate_20dB": {
        "dmean": 0,
        "dmean2": 0,
        "dvar": 0,
        "dvar2": 0,
        "max": 1,
        "mean": 1,
        "median": 1,
        "min": 1,
        "var": 0
    },
    "silence_rate_30dB": {
        "dmean": 0,
        "dmean2": 0,
        "dvar": 0,
        "dvar2": 0,
        "max": 1,
        "mean": 1,
        "median": 1,
        "min": 1,
        "var": 0
    },
    "silence_rate_60dB": {
        "dmean": 0.019999999553,
        "dmean2": 0.0335570462048,
        "dvar": 0.0195999853313,
        "dvar2": 0.0324309505522,
        "max": 1,
        "mean": 0.735099315643,
        "median": 1,
        "min": 0,
        "var": 0.194728955626
    },
    "spectral_centroid": {
        "dmean": 69.5910568237,
        "dmean2": 113.768676758,
        "dvar": 8971.2109375,
        "dvar2": 26132.1035156,
        "max": 1261.3984375,
        "mean": 773.63470459,
        "median": 742.172241211,
        "min": 571.233947754,
        "var": 20980.8242188
    },
    "spectral_complexity": {
        "dmean": 0.173333331943,
        "dmean2": 0.295302003622,
        "dvar": 0.169955670834,
        "dvar2": 0.315481722355,
        "max": 5,
        "mean": 1.54966890812,
        "median": 1,
        "min": 0,
        "var": 2.68461203575
    },
    "spectral_decrease": {
        "dmean": 2.40165193288e-10,
        "dmean2": 3.71121244847e-10,
        "dvar": 8.18765238892e-19,
        "dvar2": 1.56077473438e-18,
        "max": -3.81324746085e-12,
        "mean": -1.98534788609e-09,
        "median": -3.11814254972e-11,
        "min": -1.45535716811e-08,
        "var": 1.70781479434e-17
    },
    "spectral_energy": {
        "dmean": 0.000963117869105,
        "dmean2": 0.00149017677177,
        "dvar": 1.31363467517e-05,
        "dvar2": 2.51545607171e-05,
        "max": 0.058184903115,
        "mean": 0.0079465424642,
        "median": 0.000128467276227,
        "min": 1.66210702446e-05,
        "var": 0.000272902077995
    },
    "spectral_energyband_high": {
        "dmean": 1.31977998308e-07,
        "dmean2": 1.88705371329e-07,
        "dvar": 3.15542913792e-14,
        "dvar2": 7.0302806274e-14,
        "max": 1.93330879483e-06,
        "mean": 8.60597879182e-07,
        "median": 8.91701688488e-07,
        "min": 6.11777011272e-08,
        "var": 1.37729535893e-13
    },
    "spectral_energyband_low": {
        "dmean": 1.95340908249e-06,
        "dmean2": 3.2821124023e-06,
        "dvar": 1.35036452506e-11,
        "dvar2": 1.81530086102e-11,
        "max": 4.15700051235e-05,
        "mean": 2.84260454464e-06,
        "median": 2.09409859053e-06,
        "min": 8.24576318337e-08,
        "var": 1.45525189121e-11
    },
    "spectral_energyband_middle_high": {
        "dmean": 3.7265021092e-05,
        "dmean2": 3.55912416126e-05,
        "dvar": 7.225091192e-09,
        "dvar2": 4.14394207837e-09,
        "max": 0.00174853566568,
        "mean": 0.000206898170291,
        "median": 4.42659147666e-05,
        "min": 3.85324938179e-06,
        "var": 1.90245714293e-07
    },
    "spectral_energyband_middle_low": {
        "dmean": 0.000963066820987,
        "dmean2": 0.00149076874368,
        "dvar": 1.3290449715e-05,
        "dvar2": 2.53151374636e-05,
        "max": 0.0581338070333,
        "mean": 0.00773752760142,
        "median": 6.9007917773e-05,
        "min": 9.86655959423e-06,
        "var": 0.000271386350505
    },
    "spectral_entropy": {
        "dmean": 0.169927895069,
        "dmean2": 0.259476065636,
        "dvar": 0.0828617140651,
        "dvar2": 0.151192486286,
        "max": 7.87699508667,
        "mean": 6.3442363739,
        "median": 7.10685062408,
        "min": 3.48938441277,
        "var": 1.92089092731
    },
    "spectral_flux": {
        "dmean": 0.00518988678232,
        "dmean2": 0.00743425218388,
        "dvar": 0.000180094095413,
        "dvar2": 0.000269518001005,
        "max": 0.160774111748,
        "mean": 0.0106010967866,
        "median": 0.00488249445334,
        "min": 0.00257464870811,
        "var": 0.000383484381018
    },
    "spectral_kurtosis": {
        "dmean": 6.8430762291,
        "dmean2": 10.0059537888,
        "dvar": 116.826904297,
        "dvar2": 263.118835449,
        "max": 189.607849121,
        "mean": 42.0513267517,
        "median": 13.5371704102,
        "min": 7.7063369751,
        "var": 2954.70385742
    },
    "spectral_rms": {
        "dmean": 0.000146373509779,
        "dmean2": 0.000221219044761,
        "dvar": 1.37298115988e-07,
        "dvar2": 2.35445838825e-07,
        "max": 0.00753430556506,
        "mean": 0.00165159045719,
        "median": 0.000354025309207,
        "min": 0.000127340797917,
        "var": 5.02497596244e-06
    },
    "spectral_rolloff": {
        "dmean": 79.529296875,
        "dmean2": 150.876937866,
        "dvar": 20216.0703125,
        "dvar2": 56528.34375,
        "max": 1442.72460938,
        "mean": 930.776367188,
        "median": 947.4609375,
        "min": 667.529296875,
        "var": 58387.7226562
    },
    "spectral_skewness": {
        "dmean": 0.444015353918,
        "dmean2": 0.702426612377,
        "dvar": 0.327217161655,
        "dvar2": 0.805804371834,
        "max": 11.6400222778,
        "mean": 4.45686721802,
        "median": 2.91009688377,
        "min": 2.12688851357,
        "var": 8.32299041748
    },
    "spectral_spread": {
        "dmean": 291900.09375,
        "dmean2": 442405.40625,
        "dvar": 152801214464,
        "dvar2": 259176513536,
        "max": 5391005,
        "mean": 3029048,
        "median": 3443475.25,
        "min": 384758.625,
        "var": 1.9653221417e+12
    },
    "spectral_strongpeak": {
        "dmean": 0.177758395672,
        "dmean2": 0.251879185438,
        "dvar": 0.191632479429,
        "dvar2": 0.264291882515,
        "max": 6.11380290985,
        "mean": 1.15018010139,
        "median": 0.249366775155,
        "min": 0.0057780854404,
        "var": 3.08064413071
    },
    "zerocrossingrate": {
        "dmean": 0.00611328147352,
        "dmean2": 0.0083794305101,
        "dvar": 6.93821129971e-05,
        "dvar2": 0.000124093086924,
        "max": 0.14990234375,
        "mean": 0.062742523849,
        "median": 0.0576171875,
        "min": 0.00830078125,
        "var": 0.00112594815437
    },
    "barkbands": {
        "dmean": [9.58792796268e-08, 3.98988021288e-07, 1.24835332826e-06, 1.48151571011e-06, 3.58393754141e-06, 0.000149796425831, 7.79385736678e-05, 2.58569452853e-05, 0.000905254564714, 5.32275089427e-06, 3.42118582921e-05, 8.54027348396e-07, 2.96954885926e-06, 3.92344446709e-07, 3.34063059881e-07, 4.23474716627e-07, 2.39519010847e-07, 2.09394229955e-07, 1.54931171892e-07, 8.01323523092e-08, 4.37664731123e-08, 2.73497704484e-08, 1.64896380994e-08, 1.30007116184e-08, 9.71495683899e-09, 9.32297883338e-09, 6.75298679198e-08],
        "dmean2": [1.11024483829e-07, 6.08453490258e-07, 2.19729804485e-06, 2.51027904596e-06, 5.78465824219e-06, 0.000150706749992, 0.000121265824419, 3.46993620042e-05, 0.0014734484721, 7.83647283242e-06, 3.00956853607e-05, 1.36893527269e-06, 4.21949789597e-06, 6.85072734541e-07, 5.69344535961e-07, 7.81894698321e-07, 4.43295590458e-07, 3.80229664643e-07, 2.74900173736e-07, 1.42809767567e-07, 7.21268094139e-08, 4.10927896155e-08, 2.41455317962e-08, 1.82311605812e-08, 1.34350681691e-08, 1.45137910579e-08, 1.06255164667e-07],
        "dvar": [8.47106944053e-13, 2.11234675584e-12, 2.38586949676e-12, 3.45286906706e-12, 5.18400426752e-11, 3.39179422326e-07, 6.63499832854e-08, 1.31340129883e-08, 1.15681641546e-05, 5.21629961447e-10, 7.10637770851e-09, 4.54909374059e-12, 1.95730914115e-11, 5.25650974571e-13, 8.47611911214e-13, 3.63741935877e-12, 1.04246342461e-12, 6.39467808133e-13, 3.0097080969e-13, 5.12772163868e-14, 5.62132271951e-15, 1.19758272055e-15, 4.41022235897e-16, 2.92639189485e-16, 1.59279966459e-16, 6.46058697174e-17, 4.31592721021e-15],
        "dvar2": [8.46348056742e-13, 2.23269059491e-12, 5.2448210705e-12, 7.39422845869e-12, 7.42478856175e-11, 3.82178598102e-07, 1.72764273998e-07, 1.39220608375e-08, 2.54774040513e-05, 8.60916560264e-10, 3.91162435776e-09, 7.53234193768e-12, 4.00637092945e-11, 1.42670077141e-12, 2.46103333025e-12, 1.07536852686e-11, 3.11905059072e-12, 1.89783627182e-12, 8.84246885782e-13, 1.51416327935e-13, 1.54275243703e-14, 2.42527894469e-15, 6.61555813453e-16, 4.81528860212e-16, 2.77775825904e-16, 1.48502597171e-16, 1.01179593268e-14],
        "max": [1.13631922432e-05, 1.7708294763e-05, 1.14273980216e-05, 1.50497799041e-05, 7.94445295469e-05, 0.0108316438273, 0.00460305158049, 0.00137682654895, 0.0488188564777, 0.000203235729714, 0.00173365976661, 2.21023019549e-05, 4.76909262943e-05, 5.28992950422e-06, 8.81123742147e-06, 1.74182077899e-05, 9.12074938242e-06, 7.2180200732e-06, 4.89645935886e-06, 2.05606238524e-06, 6.6409000965e-07, 3.94927724301e-07, 2.10160749248e-07, 1.91426693164e-07, 1.80072476041e-07, 8.55140953604e-08, 1.05690560304e-06],
        "mean": [9.86143859905e-08, 5.09837946083e-07, 1.65926473983e-06, 1.5191554894e-06, 5.03089313497e-06, 0.000872062752023, 0.000402949692216, 9.60609686445e-05, 0.0063573718071, 7.17563762009e-06, 0.000188530088053, 1.21024390864e-06, 8.70733856573e-06, 5.93338143062e-07, 6.20665900897e-07, 5.17740545547e-07, 2.97383621728e-07, 3.23223815712e-07, 2.14394447084e-07, 1.53578994855e-07, 1.04220923447e-07, 7.03783200606e-08, 5.23888949999e-08, 4.36200409126e-08, 3.62003191867e-08, 3.41126842329e-08, 4.8942945341e-07],
        "median": [1.52024917099e-08, 2.59186180074e-07, 1.24429482184e-06, 8.87191276888e-07, 3.48560843122e-06, 1.02758804132e-05, 7.98928431323e-06, 1.17101126307e-05, 2.39746386796e-05, 2.65751032202e-06, 1.73085700226e-05, 5.89286969443e-07, 4.18043009631e-06, 4.59895090898e-07, 4.72594052781e-07, 3.24098010651e-07, 1.96923252815e-07, 1.9825709785e-07, 1.48472594219e-07, 1.15911113596e-07, 8.05349458233e-08, 5.25965084819e-08, 4.00244744014e-08, 3.62405110366e-08, 3.32277849679e-08, 3.52365319145e-08, 5.02205637076e-07],
        "min": [5.16372111736e-10, 9.39183131266e-09, 1.64083093779e-08, 2.17940883118e-08, 1.79777458698e-07, 5.84164922657e-07, 2.48257094881e-07, 2.12304911429e-07, 6.10775600762e-07, 2.10934160805e-07, 4.12888283563e-07, 5.13822406845e-08, 3.29352303652e-07, 8.03551003514e-08, 3.92953509731e-08, 5.28842960534e-08, 3.47873125861e-08, 3.69555905877e-08, 1.75008931791e-08, 1.19176242208e-08, 7.72973063334e-09, 7.31318827718e-09, 7.46816652963e-09, 5.66777291766e-09, 4.68049243807e-09, 2.51267273654e-09, 1.57597508377e-08],
        "var": [8.46564517706e-13, 2.18246015878e-12, 2.91224986834e-12, 3.42477370248e-12, 5.23951333709e-11, 5.22631034983e-06, 1.01861598978e-06, 3.37071561773e-08, 0.000182130097528, 5.30147037381e-10, 1.87971025412e-07, 5.45963144485e-12, 1.21398363584e-10, 4.09811128175e-13, 5.69136046884e-13, 2.008341193e-12, 5.60813548378e-13, 3.64942776519e-13, 1.69124615571e-13, 3.17249820706e-14, 6.95549998484e-15, 3.00037831697e-15, 1.72566731734e-15, 9.28837695234e-16, 5.14966968113e-16, 2.76649192675e-16, 5.97617726248e-14]
    },
    "erbbands": {
        "dmean": [1.06854531623e-05, 0.000110240551294, 0.00109776039608, 0.00291486922652, 0.0101596005261, 0.0121684316546, 0.0410126447678, 1.25773727894, 2.06499457359, 0.311175227165, 3.44674062729, 27.0061264038, 1.67526221275, 1.00578796864, 0.431651115417, 0.0473654419184, 0.151917949319, 0.0255457647145, 0.0179037395865, 0.0226153451949, 0.0224146395922, 0.0125109786168, 0.011048225686, 0.00985474605113, 0.00705025577918, 0.00347199686803, 0.0019515188178, 0.00151505111717, 0.000946455285884, 0.000656234100461, 0.000465085409814, 0.000326646346366, 0.000193385945749, 0.000121380027849, 8.04667870398e-05, 3.49277652276e-05, 2.28312619583e-05, 8.64941757754e-05, 5.93344338995e-06, 1.66792653999e-06],
        "dmean2": [1.47340870171e-05, 0.000180896007805, 0.00190402055159, 0.004924449604, 0.0173778161407, 0.0203088745475, 0.0554313659668, 1.34467530251, 2.71218109131, 0.397676885128, 5.67692232132, 43.3450584412, 2.87030243874, 0.938301980495, 0.381289422512, 0.0691735520959, 0.213298216462, 0.0419269241393, 0.0314870923758, 0.0402021221817, 0.041785787791, 0.0228100586683, 0.0198149252683, 0.0183292962611, 0.0125828674063, 0.00604258105159, 0.00328983366489, 0.00255261454731, 0.00145267322659, 0.000924545165617, 0.000688080908731, 0.000441577954916, 0.000279090570984, 0.000172754676896, 0.000122362704133, 5.10351455887e-05, 3.60265839845e-05, 0.000126203696709, 9.95844948193e-06, 2.73521300187e-06],
        "dvar": [2.63717625515e-09, 9.00737333609e-08, 1.84932628144e-06, 1.57042177307e-05, 0.000139869996929, 0.000601266452577, 0.0093941995874, 20.9186515808, 53.2094726562, 1.6279258728, 120.106498718, 10382.7529297, 30.5027637482, 5.91461896896, 1.04781794548, 0.00740713905543, 0.05149448663, 0.00206361641176, 0.0011086181039, 0.00668059336022, 0.0116636520252, 0.00297767296433, 0.00112611264922, 0.00217006518506, 0.000583992281463, 7.81378039392e-05, 1.31915994643e-05, 7.94815059635e-06, 1.24061455153e-06, 9.01059422631e-07, 3.64313450518e-07, 1.94833518208e-07, 5.70744553841e-08, 2.22154525886e-08, 8.81136319464e-09, 1.37847855353e-09, 3.72320563269e-10, 6.61332011376e-09, 3.69085179086e-11, 1.74617768162e-11],
        "dvar2": [2.70811728598e-09, 1.00796569313e-07, 3.93357277062e-06, 2.97610258713e-05, 0.000289684336167, 0.000874542340171, 0.0110077494755, 24.1120452881, 94.9014816284, 1.58140552044, 303.703735352, 22357.9472656, 86.2676620483, 3.43032193184, 0.575311422348, 0.013082540594, 0.101709455252, 0.00550254341215, 0.00310389907099, 0.0195972137153, 0.034603998065, 0.00888102594763, 0.00332099734806, 0.00644817110151, 0.00172393699177, 0.000229444558499, 3.59726982424e-05, 2.1782127078e-05, 2.46496165346e-06, 1.69621387158e-06, 5.93401580318e-07, 3.80052824767e-07, 9.84345120969e-08, 4.39664376017e-08, 1.36725510913e-08, 2.77327094622e-09, 9.11447806118e-10, 1.71413834238e-08, 8.80592959662e-11, 3.22788948348e-11],
        "max": [0.000634272466414, 0.00360086280853, 0.0117854503915, 0.0352012291551, 0.0929239839315, 0.309971183538, 2.7041823864, 94.6325683594, 143.080032349, 23.1843128204, 187.984176636, 1431.90722656, 90.2620697021, 51.5856513977, 20.9313564301, 0.886919736862, 2.55508375168, 0.345926374197, 0.311937868595, 0.750101804733, 0.974328756332, 0.492409139872, 0.304386615753, 0.416879087687, 0.214115157723, 0.0809927806258, 0.0342600718141, 0.0229464266449, 0.013984403573, 0.00924299657345, 0.00597418425605, 0.00546209234744, 0.00290283560753, 0.00188548548613, 0.00135786680039, 0.000442574906629, 0.000208098776056, 0.00119181850459, 7.97190441517e-05, 6.7070388468e-05],
        "mean": [1.37013357744e-05, 0.000144284960697, 0.00144000770524, 0.00387365999632, 0.0114523842931, 0.019999416545, 0.176805004478, 7.69410324097, 12.2144947052, 1.66505599022, 26.0687503815, 186.642044067, 10.7624855042, 6.01637983322, 2.33057355881, 0.159260526299, 0.459740400314, 0.0545945651829, 0.0313584767282, 0.0366474986076, 0.0252430643886, 0.0165913980454, 0.0191792566329, 0.0130408052355, 0.010338595137, 0.00711998250335, 0.00472270697355, 0.003710124176, 0.00257641240023, 0.0019118420314, 0.00147172342986, 0.00100796599872, 0.000694167858455, 0.000417955365265, 0.000256542843999, 0.000112359652121, 0.0001115282721, 0.000445404788479, 4.28988860222e-05, 1.387786142e-05],
        "median": [6.37361836198e-06, 7.90790218161e-05, 0.00104484544136, 0.00278256321326, 0.00719584012404, 0.0148618873209, 0.0303415544331, 0.087711006403, 0.132503002882, 0.278123170137, 0.656727910042, 0.664737403393, 0.195890292525, 1.2115650177, 0.33194616437, 0.0802827551961, 0.21058793366, 0.0389621257782, 0.0254178810865, 0.0217058118433, 0.0152733074501, 0.011022224091, 0.0109378919005, 0.00914491154253, 0.00692998478189, 0.0053628240712, 0.00370579282753, 0.00280903931707, 0.00203629117459, 0.00142288045026, 0.00112650135998, 0.000780942791607, 0.000590314797591, 0.000373121351004, 0.000227424854529, 9.99400144792e-05, 0.000115473718324, 0.000398680684157, 4.27080412919e-05, 6.20102855464e-06],
        "min": [2.97833111063e-07, 2.45953924605e-06, 2.46943091042e-05, 0.000139373456477, 0.000688319851179, 0.00189155340195, 0.00242317211814, 0.00490465015173, 0.00652531394735, 0.0127084618434, 0.0169325303286, 0.0161333568394, 0.00641176709905, 0.0107748517767, 0.0146849695593, 0.0142745357007, 0.0163600612432, 0.00810752622783, 0.00281293247826, 0.00250384467654, 0.00388641608879, 0.0020555970259, 0.00224160286598, 0.00102150870953, 0.000722638564184, 0.000592854456045, 0.000457203190308, 0.000270179036306, 0.000229265875532, 0.000296659942251, 0.000183155862032, 0.000139381780173, 7.02160323272e-05, 4.56492889498e-05, 3.85179337172e-05, 1.65527089848e-05, 1.14337317427e-05, 1.13443929877e-05, 2.07192897506e-06, 3.66371125438e-07],
        "var": [2.66750599387e-09, 9.67945723573e-08, 2.24845507546e-06, 1.6561440134e-05, 0.000153128872626, 0.000747844285797, 0.16861858964, 403.183837891, 972.969604492, 7.97272729874, 2703.58081055, 157217.671875, 491.124572754, 165.058441162, 26.6217250824, 0.0314305983484, 0.346859753132, 0.0021779385861, 0.000839083921164, 0.00436153402552, 0.00631887745112, 0.00161976821255, 0.000738558941521, 0.00113517325372, 0.000336878409144, 5.16810905538e-05, 1.431774308e-05, 9.38367338676e-06, 3.46809451912e-06, 2.47852631219e-06, 1.3217538708e-06, 5.79716356697e-07, 1.93380216729e-07, 5.88874939922e-08, 3.12042800488e-08, 4.6272630172e-09, 2.07258232798e-09, 9.24187659734e-08, 1.32009667086e-10, 2.99986202545e-10]
    },
    "gfcc": {
        "mean": [-277.155670166, 95.5462188721, -108.322257996, -63.5826377869, -73.8868560791, -24.7223052979, -13.1453447342, -0.648433029652, -12.1430587769, -7.85243320465, -12.8439807892, -6.57101964951, -14.0101928711],
        "cov": [[1025.13659668, 697.194091797, -297.922851562, -724.01373291, -717.840576172, -291.707275391, 145.771194458, 260.287597656, 256.958068848, 44.8457603455, 56.3208732605, -24.3920612335, 140.429824829], [697.194091797, 846.457946777, -242.119400024, -869.05645752, -731.999450684, -365.556732178, 119.928642273, 209.275497437, 287.310943604, 67.5203933716, 91.4157943726, -57.202003479, 161.021316528], [-297.922851562, -242.119400024, 212.578796387, 359.051605225, 304.355712891, 120.491355896, -79.1606216431, -109.885505676, -95.4546127319, -3.64006757736, -24.9800224304, 14.6911754608, -55.4628829956], [-724.01373291, -869.05645752, 359.051605225, 1090.89050293, 877.969177246, 395.739471436, -184.398803711, -259.629669189, -309.166015625, -54.4129867554, -95.6629943848, 61.156463623, -181.495956421], [-717.840576172, -731.999450684, 304.355712891, 877.969177246, 820.150390625, 361.962677002, -127.741989136, -240.868103027, -286.827362061, -62.8008460999, -82.2637863159, 43.8661956787, -165.396469116], [-291.707275391, -365.556732178, 120.491355896, 395.739471436, 361.962677002, 277.436187744, 36.051612854, -61.6294937134, -168.148422241, -75.6444549561, -62.3932228088, 32.3315582275, -87.1826705933], [145.771194458, 119.928642273, -79.1606216431, -184.398803711, -127.741989136, 36.051612854, 146.151031494, 99.1589202881, 17.5680980682, -39.5933837891, -9.78642940521, -5.6204533577, 13.5678653717], [260.287597656, 209.275497437, -109.885505676, -259.629669189, -240.868103027, -61.6294937134, 99.1589202881, 145.147384644, 88.4489059448, -1.95078325272, -0.0315225794911, -10.9985437393, 32.258644104], [256.958068848, 287.310943604, -95.4546127319, -309.166015625, -286.827362061, -168.148422241, 17.5680980682, 88.4489059448, 158.381835938, 64.2383346558, 46.0086593628, -24.9239139557, 61.437122345], [44.8457603455, 67.5203933716, -3.64006757736, -54.4129867554, -62.8008460999, -75.6444549561, -39.5933837891, -1.95078325272, 64.2383346558, 63.2758865356, 36.3703269958, -5.67481279373, 17.1937580109], [56.3208732605, 91.4157943726, -24.9800224304, -95.6629943848, -82.2637863159, -62.3932228088, -9.78642940521, -0.0315225794911, 46.0086593628, 36.3703269958, 51.7336082458, 8.02956581116, 30.8050746918], [-24.3920612335, -57.202003479, 14.6911754608, 61.156463623, 43.8661956787, 32.3315582275, -5.6204533577, -10.9985437393, -24.9239139557, -5.67481279373, 8.02956581116, 34.995716095, 4.31749773026], [140.429824829, 161.021316528, -55.4628829956, -181.495956421, -165.396469116, -87.1826705933, 13.5678653717, 32.258644104, 61.437122345, 17.1937580109, 30.8050746918, 4.31749773026, 64.155380249]],
        "icov": [[0.00427689915523, -0.00424718949944, 0.00358041701838, -0.00432035792619, 0.00343511183746, 0.000375504489057, -0.00208571786061, 1.05276176328e-05, 0.000306639529299, -0.00249379849993, 0.00372102670372, -0.00404121587053, 0.000833112339024], [-0.00424718949944, 0.0146250929683, -0.00888941809535, 0.0094608636573, -0.00233412208036, 0.00321773416363, 0.000744634889998, -0.00220458465628, -0.00426634587348, 0.00799841992557, -0.00877552386373, 0.00821742042899, -0.0034215983469], [0.00358041701838, -0.00888941809535, 0.0180235523731, -0.00845460314304, 0.0009152344428, -0.00365860993043, -0.000486345903482, 0.00457095727324, 0.000642096158117, -0.00847414135933, 0.00825842563063, -0.0039584687911, -0.000713137211278], [-0.00432035792619, 0.0094608636573, -0.00845460314304, 0.0194200016558, -0.0101625630632, -0.00750842411071, 0.0147710554302, -0.00700438255444, -9.87566818367e-05, 0.00190594396554, -0.00334685994312, 0.00312540819868, -0.00168296776246], [0.00343511183746, -0.00233412208036, 0.0009152344428, -0.0101625630632, 0.0181558225304, -0.00221056840383, -0.00547725893557, 0.0101261688396, 0.000237188010942, -0.0012793361675, 0.00311599229462, -0.00434218998998, 0.00916175823659], [0.000375504489057, 0.00321773416363, -0.00365860993043, -0.00750842411071, -0.00221056840383, 0.0384532138705, -0.0314591303468, 0.00603610044345, 0.00580530799925, 0.00064877216937, 0.00635235663503, -0.0140644144267, 0.00903510954231], [-0.00208571786061, 0.000744634889998, -0.000486345903482, 0.0147710554302, -0.00547725893557, -0.0314591303468, 0.0523887947202, -0.0284929703921, 0.00462957378477, 0.0133141968399, -0.019784770906, 0.0207055862993, -0.00945573113859], [1.05276176328e-05, -0.00220458465628, 0.00457095727324, -0.00700438255444, 0.0101261688396, 0.00603610044345, -0.0284929703921, 0.0510879978538, -0.029524480924, 0.00383482989855, 0.0270363390446, -0.0292046982795, 0.0205219276249], [0.000306639529299, -0.00426634587348, 0.000642096158117, -9.87566818367e-05, 0.000237188010942, 0.00580530799925, 0.00462957378477, -0.029524480924, 0.065904058516, -0.0436189174652, -0.00528402021155, 0.0222067665309, -0.0176996383816], [-0.00249379849993, 0.00799841992557, -0.00847414135933, 0.00190594396554, -0.0012793361675, 0.00064877216937, 0.0133141968399, 0.00383482989855, -0.0436189174652, 0.0808515921235, -0.0380685478449, 0.0049209119752, 0.0143395187333], [0.00372102670372, -0.00877552386373, 0.00825842563063, -0.00334685994312, 0.00311599229462, 0.00635235663503, -0.019784770906, 0.0270363390446, -0.00528402021155, -0.0380685478449, 0.0747442245483, -0.0410256534815, 0.00094102777075], [-0.00404121587053, 0.00821742042899, -0.0039584687911, 0.00312540819868, -0.00434218998998, -0.0140644144267, 0.0207055862993, -0.0292046982795, 0.0222067665309, 0.0049209119752, -0.0410256534815, 0.0782578960061, -0.0345125123858], [0.000833112339024, -0.0034215983469, -0.000713137211278, -0.00168296776246, 0.00916175823659, 0.00903510954231, -0.00945573113859, 0.0205219276249, -0.0176996383816, 0.0143395187333, 0.00094102777075, -0.0345125123858, 0.059529658407]]
    },
    "melbands": {
        "dmean": [9.92919595433e-08, 4.259592572e-07, 6.70394399549e-07, 7.76374292855e-07, 1.03112915895e-06, 3.29443901137e-05, 2.74061039818e-05, 3.8180746742e-06, 6.14953241893e-05, 0.000149128725752, 2.15033014683e-06, 3.81714608011e-06, 2.91160540655e-06, 1.06639845399e-07, 2.62275932528e-07, 2.20748844981e-07, 4.13399270371e-08, 3.3581478931e-08, 2.6064038039e-08, 3.06520213655e-08, 2.70777906763e-08, 1.4590866293e-08, 8.14975020802e-09, 1.13927578482e-08, 8.3768547654e-09, 5.16632914227e-09, 4.95682206392e-09, 1.98105576388e-09, 1.44031775395e-09, 1.07946107608e-09, 9.18845444176e-10, 5.85711090739e-10, 5.75105962852e-10, 3.50005441296e-10, 3.0887534197e-10, 2.35965719186e-10, 2.10681486146e-10, 1.582862591e-10, 1.31583494101e-10, 1.08684478084e-10],
        "dmean2": [1.42960061567e-07, 7.33838703582e-07, 1.10808014142e-06, 1.25090002712e-06, 1.48455421822e-06, 3.57493736374e-05, 3.51556009264e-05, 5.17501530339e-06, 9.76383598754e-05, 0.00024281127844, 3.14622934638e-06, 3.6041308249e-06, 2.5396818728e-06, 1.6935290148e-07, 3.75816540554e-07, 3.13876029168e-07, 7.13724475077e-08, 5.99453571226e-08, 4.50369626037e-08, 5.59578197112e-08, 5.07229422908e-08, 2.69643365414e-08, 1.4289013528e-08, 2.07876915681e-08, 1.55902384336e-08, 9.01747476689e-09, 8.78586980946e-09, 3.29108829078e-09, 2.50902587595e-09, 1.67840175092e-09, 1.5589762814e-09, 9.07335429012e-10, 9.21781539986e-10, 5.24535581636e-10, 4.7291737193e-10, 3.77591319323e-10, 2.87513318709e-10, 2.31790170391e-10, 1.96880262093e-10, 1.61862814818e-10],
        "dvar": [2.1965177073e-13, 3.44436149524e-13, 7.14025138928e-13, 1.42528946544e-12, 2.31132769174e-11, 1.56055044442e-08, 9.21681220234e-09, 2.8792640494e-10, 4.48907861994e-08, 3.11266177278e-07, 9.70642732856e-11, 8.24930332377e-11, 5.02424421511e-11, 7.55562672432e-14, 1.32950955475e-13, 1.08238362663e-13, 6.37247916043e-15, 3.01957864806e-15, 6.55916564552e-15, 1.49489253441e-14, 1.61399417594e-14, 4.47831316708e-15, 2.8626010495e-16, 2.15972268078e-15, 1.47319453609e-15, 1.95388160438e-16, 2.85546982618e-16, 1.16204210151e-17, 7.66356698623e-18, 1.88619327423e-18, 2.77340589935e-18, 4.35116802839e-19, 6.96916778375e-19, 2.24324066746e-19, 1.60679497946e-19, 1.01546688863e-19, 8.62847283473e-20, 3.70613103576e-20, 1.94028654359e-20, 2.00948262521e-20],
        "dvar2": [2.24819972751e-13, 6.17427658479e-13, 1.43599249245e-12, 2.56545782881e-12, 2.55574970909e-11, 1.84956139293e-08, 1.58159778607e-08, 3.00847180501e-10, 9.92228379459e-08, 6.90421757099e-07, 1.34644836947e-10, 4.9299613003e-11, 2.73859442068e-11, 1.16825413276e-13, 2.76187872485e-13, 2.24892411009e-13, 1.68248000845e-14, 8.32265181929e-15, 1.92178392611e-14, 4.39654822965e-14, 4.78935061098e-14, 1.33925209383e-14, 8.03649402004e-16, 6.43884673295e-15, 4.3738718871e-15, 5.56684717193e-16, 8.55268807419e-16, 3.27717245816e-17, 2.16736490981e-17, 4.89152345335e-18, 7.69939135138e-18, 9.34159467584e-19, 1.58185698326e-18, 3.81080893282e-19, 2.82736873267e-19, 1.89977937975e-19, 1.6742435451e-19, 6.84229520914e-20, 4.1810464447e-20, 4.3444243092e-20],
        "max": [5.76232923777e-06, 5.78907565796e-06, 7.41555504646e-06, 1.13414125735e-05, 5.90339623159e-05, 0.0024445427116, 0.00194372655824, 0.000205870164791, 0.00336808431894, 0.00780388340354, 0.000106289859104, 0.000186837467481, 0.000144777761307, 3.04144600705e-06, 3.84687518817e-06, 3.54324015461e-06, 5.03357455273e-07, 4.92621722969e-07, 7.62848060276e-07, 1.1188856206e-06, 1.14118120109e-06, 5.99137479185e-07, 1.55823528303e-07, 4.179163966e-07, 3.43080159837e-07, 1.15829500658e-07, 1.52630263983e-07, 3.07062606453e-08, 2.54865639704e-08, 1.25143584384e-08, 1.24243415556e-08, 8.33952107371e-09, 7.73272645915e-09, 4.58624738187e-09, 3.91740373473e-09, 2.99753399879e-09, 3.41728467745e-09, 2.27302487943e-09, 1.75362580013e-09, 1.51072476751e-09],
        "mean": [1.30065629378e-07, 5.66182961848e-07, 8.8009898036e-07, 1.01288082988e-06, 1.29061254484e-06, 0.000199238449568, 0.000165489254869, 1.35160453283e-05, 0.00044468959095, 0.00101994501892, 2.62077674051e-06, 2.07952871278e-05, 1.57120812219e-05, 1.50509762875e-07, 7.47505964682e-07, 6.48962725336e-07, 5.68571216775e-08, 4.92005760577e-08, 4.68620058314e-08, 4.07869187313e-08, 2.77331793086e-08, 1.71985377051e-08, 1.58495154778e-08, 1.59725264126e-08, 1.01047312739e-08, 7.52609352617e-09, 6.92635238053e-09, 4.16766932076e-09, 2.97895930146e-09, 2.54776355568e-09, 2.00854222143e-09, 1.46343925866e-09, 1.25192578526e-09, 9.82726566789e-10, 8.7562945783e-10, 7.03082869702e-10, 5.81184156356e-10, 4.98647068081e-10, 4.09361822218e-10, 3.248278313e-10],
        "median": [5.74420546684e-08, 3.968380895e-07, 6.48033903872e-07, 7.47219189634e-07, 6.07461515756e-07, 2.02930982596e-06, 2.04461593967e-06, 1.95683924176e-06, 5.16921454619e-06, 3.5703649246e-06, 3.97586035206e-07, 2.03249715014e-06, 1.57206295626e-06, 7.96695758254e-08, 3.65344732245e-07, 3.05777916765e-07, 4.03070927746e-08, 3.99419874952e-08, 3.35632961423e-08, 2.2222334195e-08, 1.64841331696e-08, 1.04492450248e-08, 1.22206884612e-08, 8.8879454907e-09, 6.779258932e-09, 5.09234610035e-09, 4.55197834981e-09, 3.25875193496e-09, 2.29854002498e-09, 1.97382510336e-09, 1.50266177279e-09, 1.18383514103e-09, 9.0523777363e-10, 7.02186531143e-10, 6.86484147305e-10, 5.43183165114e-10, 4.40546321645e-10, 4.23735685429e-10, 3.65848518147e-10, 2.94715529758e-10],
        "min": [2.63161314962e-09, 8.96195295752e-09, 4.05749851495e-08, 5.1049322991e-08, 8.42320844185e-08, 1.07397397642e-07, 8.68831264711e-08, 1.13458980877e-07, 1.29653642489e-07, 9.18093547853e-08, 2.60765915527e-08, 3.97269488417e-08, 5.54578107881e-08, 1.09835944784e-08, 4.29124682455e-08, 2.81286975934e-08, 7.37987138066e-09, 4.23915569314e-09, 3.08226510981e-09, 3.03542102564e-09, 2.63429944525e-09, 2.16021822652e-09, 2.02978411856e-09, 1.51386547742e-09, 7.61937402061e-10, 6.67760902129e-10, 3.1710895021e-10, 4.36747915611e-10, 3.10851872021e-10, 1.74331479807e-10, 1.65372215921e-10, 1.24540086577e-10, 1.48398432431e-10, 1.13049493378e-10, 1.1475048689e-10, 7.55100218464e-11, 8.57475895844e-11, 5.39772046504e-11, 3.86342763337e-11, 3.72171737872e-11],
        "var": [2.21708556462e-13, 4.12916445827e-13, 7.79179889013e-13, 1.44064491239e-12, 2.33345807954e-11, 2.69651735607e-07, 1.78930505967e-07, 6.71440680833e-10, 8.54017912388e-07, 4.68539883514e-06, 1.05596580091e-10, 2.20361484615e-09, 1.29044130937e-09, 8.94914228985e-14, 7.99797944886e-13, 6.510147239e-13, 5.01610709078e-15, 2.35568925884e-15, 4.24840597882e-15, 8.86967670805e-15, 8.83448503019e-15, 2.40927362187e-15, 2.34316074158e-16, 1.192950615e-15, 7.71312542814e-16, 1.28676401377e-16, 1.58350625732e-16, 1.13968258238e-17, 7.17744782948e-18, 3.44706571932e-18, 3.1053650597e-18, 1.16505700941e-18, 1.23865954032e-18, 6.76685336459e-19, 5.23004587826e-19, 2.94390038641e-19, 2.29027751751e-19, 1.15253103924e-19, 6.36018074393e-20, 4.10657434017e-20]
    },
    "mfcc": {
        "mean": [-938.045837402, 157.159576416, 0.299675107002, -30.3784637451, -34.8337211609, -29.1818675995, -11.6936235428, -5.14808368683, -2.6281208992, 1.95616316795, 3.13044261932, 1.34187412262, -2.57476472855],
        "cov": [[793.21661377, 530.099914551, -30.1128158569, -293.227081299, -527.890075684, -431.50567627, -253.821121216, -22.1952781677, 110.676757812, 145.03503418, 111.154533386, 57.9102287292, 34.5883674622], [530.099914551, 575.041748047, 75.010055542, -379.849609375, -510.095794678, -445.985565186, -268.291656494, -54.7923431396, 90.8817138672, 152.256942749, 129.198074341, 71.8565673828, 35.3708114624], [-30.1128158569, 75.010055542, 91.665222168, -37.198474884, -47.5736236572, -38.4399528503, -37.4943122864, -15.4145803452, 8.74499416351, 20.7628917694, 19.5846176147, 10.4113225937, -0.474922478199], [-293.227081299, -379.849609375, -37.198474884, 381.353607178, 445.624328613, 351.736206055, 196.032196045, 26.5732555389, -71.0932846069, -117.639762878, -91.8525161743, -51.551940918, -32.2857170105], [-527.890075684, -510.095794678, -47.5736236572, 445.624328613, 630.82208252, 494.657501221, 282.991088867, 37.2886962891, -107.088844299, -168.949142456, -129.174407959, -67.2463226318, -41.43724823], [-431.50567627, -445.985565186, -38.4399528503, 351.736206055, 494.657501221, 463.309997559, 305.764190674, 86.7121810913, -67.5066146851, -156.688430786, -139.157852173, -70.388961792, -35.2024230957], [-253.821121216, -268.291656494, -37.4943122864, 196.032196045, 282.991088867, 305.764190674, 272.384338379, 129.047714233, -19.8738899231, -112.530067444, -116.937019348, -64.0705490112, -21.8260116577], [-22.1952781677, -54.7923431396, -15.4145803452, 26.5732555389, 37.2886962891, 86.7121810913, 129.047714233, 120.979675293, 39.0146522522, -36.3457603455, -54.6915931702, -32.378780365, -7.82339429855], [110.676757812, 90.8817138672, 8.74499416351, -71.0932846069, -107.088844299, -67.5066146851, -19.8738899231, 39.0146522522, 62.1072463989, 37.5782165527, 10.8085412979, 8.12488174438, 5.00270175934], [145.03503418, 152.256942749, 20.7628917694, -117.639762878, -168.949142456, -156.688430786, -112.530067444, -36.3457603455, 37.5782165527, 87.6856155396, 70.7597427368, 33.5938339233, 15.3249206543], [111.154533386, 129.198074341, 19.5846176147, -91.8525161743, -129.174407959, -139.157852173, -116.937019348, -54.6915931702, 10.8085412979, 70.7597427368, 93.4788208008, 51.6691551208, 8.69333457947], [57.9102287292, 71.8565673828, 10.4113225937, -51.551940918, -67.2463226318, -70.388961792, -64.0705490112, -32.378780365, 8.12488174438, 33.5938339233, 51.6691551208, 47.0621452332, 15.4353780746], [34.5883674622, 35.3708114624, -0.474922478199, -32.2857170105, -41.43724823, -35.2024230957, -21.8260116577, -7.82339429855, 5.00270175934, 15.3249206543, 8.69333457947, 15.4353780746, 30.2079620361]],
