{
"lowlevel": {
    "average_loudness": 0.956329584122,
    "barkbands_crest": {
        "dmean": 1.39513134956,
        "dmean2": 2.35443925858,
        "dvar": 1.92490983009,
        "dvar2": 4.67801475525,
        "max": 20.671585083,
        "mean": 16.9590988159,
        "median": 18.1758232117,
        "min": 6.71142482758,
        "var": 10.0286312103
    },
    "barkbands_flatness_db": {
        "dmean": 0.0304274912924,
        "dmean2": 0.0538199730217,
        "dvar": 0.000434502988355,
        "dvar2": 0.00123506423552,
        "max": 0.271172016859,
        "mean": 0.196097269654,
        "median": 0.199178114533,
        "min": 0.0882275626063,
        "var": 0.00138641474769
    },
    "barkbands_kurtosis": {
        "dmean": 12.08776474,
        "dmean2": 21.8463745117,
        "dvar": 107.705696106,
        "dvar2": 323.489929199,
        "max": 85.959197998,
        "mean": 18.9536972046,
        "median": 15.0232124329,
        "min": -1.69871807098,
        "var": 215.262512207
    },
    "barkbands_skewness": {
        "dmean": 1.1935133934,
        "dmean2": 2.13230848312,
        "dvar": 0.753137886524,
        "dvar2": 2.14126062393,
        "max": 7.98039007187,
        "mean": 3.96179270744,
        "median": 3.83815693855,
        "min": 0.102764509618,
        "var": 1.95025455952
    },
    "barkbands_spread": {
        "dmean": 7.16935253143,
        "dmean2": 12.6000213623,
        "dvar": 48.5590591431,
        "dvar2": 110.15171814,
        "max": 57.3960914612,
        "mean": 13.2519636154,
        "median": 10.916100502,
        "min": 2.96569681168,
        "var": 94.4101791382
    },
    "dissonance": {
        "dmean": 0.00982514768839,
        "dmean2": 0.0157576724887,
        "dvar": 0.000124021826196,
        "dvar2": 0.000278055522358,
        "max": 0.499768137932,
        "mean": 0.48529624939,
        "median": 0.488195449114,
        "min": 0.396917551756,
        "var": 0.000170299623278
    },
    "dynamic_complexity": 3.82745027542,
    "erbbands_crest": {
        "dmean": 1.93010950089,
        "dmean2": 3.5072247982,
        "dvar": 2.86258482933,
        "dvar2": 8.38421821594,
        "max": 13.3320875168,
        "mean": 6.79720640182,
        "median": 6.18502187729,
        "min": 3.15041208267,
        "var": 3.83518981934
    },
    "erbbands_flatness_db": {
        "dmean": 0.00767883053049,
        "dmean2": 0.0124103184789,
        "dvar": 7.22547192709e-05,
        "dvar2": 0.000133254507091,
        "max": 0.187106624246,
        "mean": 0.151826098561,
        "median": 0.158872097731,
        "min": 0.0819519609213,
        "var": 0.000501506729051
    },
    "erbbands_kurtosis": {
        "dmean": 0.363314807415,
        "dmean2": 0.601365864277,
        "dvar": 0.142173886299,
        "dvar2": 0.33177831769,
        "max": 1.23935890198,
        "mean": -1.12621092796,
        "median": -1.28206694126,
        "min": -1.70128631592,
        "var": 0.266192644835
    },
    "erbbands_skewness": {
        "dmean": 0.471661955118,
        "dmean2": 0.843128681183,
        "dvar": 0.13902926445,
        "dvar2": 0.433534085751,
        "max": 1.06897878647,
        "mean": -0.170546501875,
        "median": -0.203818202019,
        "min": -1.29462182522,
        "var": 0.240196526051
    },
    "erbbands_spread": {
        "dmean": 8.55458641052,
        "dmean2": 14.1729688644,
        "dvar": 59.7033538818,
        "dvar2": 125.090782166,
        "max": 98.1656723022,
        "mean": 73.3748245239,
        "median": 76.4952850342,
        "min": 27.4534301758,
        "var": 181.611206055
    },
    "hfc": {
        "dmean": 9.64340591431,
        "dmean2": 17.4074611664,
        "dvar": 91.9424057007,
        "dvar2": 264.941375732,
        "max": 74.779624939,
        "mean": 21.3515415192,
        "median": 22.1572418213,
        "min": 0.0888457819819,
        "var": 197.603363037
    },
    "melbands_crest": {
        "dmean": 1.65160536766,
        "dmean2": 2.59181213379,
        "dvar": 3.1870496273,
        "dvar2": 8.52697849274,
        "max": 30.622625351,
        "mean": 26.340713501,
        "median": 27.4875488281,
        "min": 11.4160337448,
        "var": 11.924788475
    },
    "melbands_flatness_db": {
        "dmean": 0.0402145013213,
        "dmean2": 0.0706651285291,
        "dvar": 0.000838127161842,
        "dvar2": 0.00231342506595,
        "max": 0.395717471838,
        "mean": 0.304872184992,
        "median": 0.308630079031,
        "min": 0.142420947552,
        "var": 0.00217059999704
    },
    "melbands_kurtosis": {
        "dmean": 31.4866828918,
        "dmean2": 57.1114807129,
        "dvar": 684.530700684,
        "dvar2": 2006.60754395,
        "max": 208.176635742,
        "mean": 70.805015564,
        "median": 63.5132141113,
        "min": 1.10732507706,
        "var": 1562.44091797
    },
    "melbands_skewness": {
        "dmean": 1.48350179195,
        "dmean2": 2.63567018509,
        "dvar": 1.28825366497,
        "dvar2": 3.32152462006,
        "max": 11.3855361938,
        "mean": 7.254301548,
        "median": 7.26578617096,
        "min": 1.5775642395,
        "var": 3.86402225494
    },
    "melbands_spread": {
        "dmean": 5.05714273453,
        "dmean2": 8.5339756012,
        "dvar": 57.7382621765,
        "dvar2": 118.102661133,
        "max": 70.0778198242,
        "mean": 8.17451000214,
        "median": 5.82928085327,
        "min": 1.38713359833,
        "var": 88.4725875854
    },
    "pitch_salience": {
        "dmean": 0.0496551990509,
        "dmean2": 0.0858472138643,
        "dvar": 0.00196753419004,
        "dvar2": 0.00482331542298,
        "max": 0.779680728912,
        "mean": 0.447939813137,
        "median": 0.422325730324,
        "min": 0.299578040838,
        "var": 0.0104794986546
    },
    "silence_rate_20dB": {
        "dmean": 0,
        "dmean2": 0,
        "dvar": 0,
        "dvar2": 0,
        "max": 1,
        "mean": 1,
        "median": 1,
        "min": 1,
        "var": 0
    },
    "silence_rate_30dB": {
        "dmean": 0.10000000149,
        "dmean2": 0.195979893208,
        "dvar": 0.0899999886751,
        "dvar2": 0.217873424292,
        "max": 1,
        "mean": 0.527363181114,
        "median": 1,
        "min": 0,
        "var": 0.249250978231
    },
    "silence_rate_60dB": {
        "dmean": 0.00499999988824,
        "dmean2": 0.0100502511486,
        "dvar": 0.00497497711331,
        "dvar2": 0.0099492110312,
        "max": 1,
        "mean": 0.104477614164,
        "median": 0,
        "min": 0,
        "var": 0.0935621857643
    },
    "spectral_centroid": {
        "dmean": 525.361694336,
        "dmean2": 944.347106934,
        "dvar": 164341.21875,
        "dvar2": 451477.4375,
        "max": 3232.54296875,
        "mean": 1387.20556641,
        "median": 1365.69018555,
        "min": 448.704101562,
        "var": 321017.625
    },
    "spectral_complexity": {
        "dmean": 11.5550003052,
        "dmean2": 20.402009964,
        "dvar": 104.946998596,
        "dvar2": 316.461578369,
        "max": 55,
        "mean": 25.5422878265,
        "median": 27,
        "min": 0,
        "var": 236.944793701
    },
    "spectral_decrease": {
        "dmean": 2.51135201523e-09,
        "dmean2": 3.49125106602e-09,
        "dvar": 6.35794882969e-18,
        "dvar2": 1.18695702972e-17,
        "max": -3.73720845936e-11,
        "mean": -2.05329584446e-08,
        "median": -2.46773197432e-08,
        "min": -4.14369303314e-08,
        "var": 1.74392993002e-16
    },
    "spectral_energy": {
        "dmean": 0.0100442897528,
        "dmean2": 0.0142768770456,
        "dvar": 0.000102269892523,
        "dvar2": 0.000199119400349,
        "max": 0.159341469407,
        "mean": 0.0794326215982,
        "median": 0.0956752896309,
        "min": 0.000149109415361,
        "var": 0.0025906895753
    },
    "spectral_energyband_high": {
        "dmean": 0.000716364185791,
        "dmean2": 0.0013130789157,
        "dvar": 5.47475394796e-07,
        "dvar2": 1.63481058735e-06,
        "max": 0.00489002559334,
        "mean": 0.000898884551134,
        "median": 0.000746839737985,
        "min": 5.24928918821e-06,
        "var": 6.09124697348e-07
    },
    "spectral_energyband_low": {
        "dmean": 0.0078037912026,
        "dmean2": 0.0102262441069,
        "dvar": 6.48952627671e-05,
        "dvar2": 9.93881913018e-05,
        "max": 0.147640287876,
        "mean": 0.0694130510092,
        "median": 0.0808376446366,
        "min": 6.60903897369e-05,
        "var": 0.00211802031845
    },
    "spectral_energyband_middle_high": {
        "dmean": 0.00230093323626,
        "dmean2": 0.00414512306452,
        "dvar": 5.06768128616e-06,
        "dvar2": 1.48434064613e-05,
        "max": 0.0139701627195,
        "mean": 0.0032937345095,
        "median": 0.00289526465349,
        "min": 6.8144981924e-06,
        "var": 6.47932120046e-06
    },
    "spectral_energyband_middle_low": {
        "dmean": 0.00223534391262,
        "dmean2": 0.00336341606453,
        "dvar": 4.33160357716e-06,
        "dvar2": 9.74358863459e-06,
        "max": 0.018244991079,
        "mean": 0.0074726077728,
        "median": 0.00769853498787,
        "min": 5.44963586435e-05,
        "var": 2.47717853199e-05
    },
    "spectral_entropy": {
        "dmean": 0.18209785223,
        "dmean2": 0.331481039524,
        "dvar": 0.0209812708199,
        "dvar2": 0.0620597563684,
        "max": 7.9071187973,
        "mean": 7.55704307556,
        "median": 7.57414293289,
        "min": 6.97776412964,
        "var": 0.0327449850738
    },
    "spectral_flux": {
        "dmean": 0.0127620724961,
        "dmean2": 0.0213642865419,
        "dvar": 0.000192278181203,
        "dvar2": 0.000425524485763,
        "max": 0.151572197676,
        "mean": 0.0582905188203,
        "median": 0.0616192370653,
        "min": 0.00622490327805,
        "var": 0.000564073387068
    },
    "spectral_kurtosis": {
        "dmean": 1.2277033329,
        "dmean2": 2.20535731316,
        "dvar": 2.56704902649,
        "dvar2": 7.2882809639,
        "max": 13.8367462158,
        "mean": 2.37679886818,
        "median": 1.80245161057,
        "min": 0.396505594254,
        "var": 3.36198377609
    },
    "spectral_rms": {
        "dmean": 0.00056444038637,
        "dmean2": 0.000797220389359,
        "dvar": 2.2610021233e-07,
        "dvar2": 4.38938485559e-07,
        "max": 0.0124681629241,
        "mean": 0.00799258984625,
        "median": 0.00966135319322,
        "min": 0.00038140869583,
        "var": 1.36137605296e-05
    },
    "spectral_rolloff": {
        "dmean": 217.700622559,
        "dmean2": 389.436859131,
        "dvar": 440219.375,
        "dvar2": 989896.4375,
        "max": 3789.84375,
        "mean": 328.247436523,
        "median": 129.19921875,
        "min": 107.666015625,
        "var": 455369.03125
    },
    "spectral_skewness": {
        "dmean": 0.30105561018,
        "dmean2": 0.544338524342,
        "dvar": 0.0839434340596,
        "dvar2": 0.232302024961,
        "max": 2.68265748024,
        "mean": 0.654696583748,
        "median": 0.54684317112,
        "min": 0.0693015158176,
        "var": 0.148851275444
    },
    "spectral_spread": {
        "dmean": 278319.6875,
        "dmean2": 475147.40625,
        "dvar": 90810638336,
        "dvar2": 199700004864,
        "max": 6105854,
        "mean": 3553327.5,
        "median": 3434119,
        "min": 2434032.5,
        "var": 384463077376
    },
    "spectral_strongpeak": {
        "dmean": 0.206119611859,
        "dmean2": 0.336363822222,
        "dvar": 0.0705490708351,
        "dvar2": 0.128153473139,
        "max": 3.26572394371,
        "mean": 1.00839269161,
        "median": 1.00955057144,
        "min": 0,
        "var": 0.343025624752
    },
    "zerocrossingrate": {
        "dmean": 0.00379638676532,
        "dmean2": 0.0056851641275,
        "dvar": 2.2231201001e-05,
        "dvar2": 4.15108006564e-05,
        "max": 0.0810546875,
        "mean": 0.0186615753919,
        "median": 0.0146484375,
        "min": 0.0068359375,
        "var": 0.000162827171152
    },
    "barkbands": {
        "dmean": [0.000181165916729, 0.00153067929205, 0.0059792115353, 0.00196874327958, 0.000643585401122, 0.00011676606664, 0.000272799632512, 0.000390372384572, 0.000320843042573, 0.000206187163712, 0.000180581628229, 0.000112030582386, 0.000154026478413, 0.00019988011627, 0.000206177603104, 9.5781062555e-05, 0.000123460602481, 0.000100799043139, 0.000859302352183, 0.000573385041207, 0.000322411186062, 3.7708250602e-05, 1.60700656124e-05, 1.39457949899e-06, 3.86840582678e-07, 5.47786953575e-07, 2.8971172128e-07],
        "dmean2": [0.000292995362543, 0.00211879075505, 0.00791501719505, 0.00236055837013, 0.00114078598563, 0.000203886724194, 0.000467639387352, 0.000654086470604, 0.000571448414121, 0.000362779246643, 0.000320670602378, 0.000194304346223, 0.000281160260784, 0.000351693684934, 0.000373199291062, 0.000174387387233, 0.000221295063966, 0.000180478789844, 0.00155071984045, 0.00103098829277, 0.000589673174545, 6.83696998749e-05, 2.95428417303e-05, 2.40393956119e-06, 6.052555932e-07, 9.08962704216e-07, 4.85220255086e-07],
        "dvar": [2.63432085035e-08, 1.68581846083e-06, 4.50042207376e-05, 3.83722408515e-06, 4.8596234592e-07, 1.5290588351e-08, 5.9454027479e-08, 1.57496359066e-07, 1.46602374684e-07, 4.45645049751e-08, 3.04696108344e-08, 1.35644446786e-08, 2.35782788849e-08, 3.97466202173e-08, 4.5273086613e-08, 1.0297575237e-08, 1.58255257787e-08, 1.0700556885e-08, 7.15255055184e-07, 3.44640653793e-07, 1.06172684866e-07, 1.48542544931e-09, 2.85865608962e-10, 2.48169605525e-12, 2.84381025673e-13, 4.97811319077e-13, 1.80868829028e-13],
        "dvar2": [5.33907815736e-08, 3.83669521398e-06, 6.92649846314e-05, 5.93850336372e-06, 1.39335065796e-06, 4.43246186421e-08, 1.68355967389e-07, 4.07907691624e-07, 3.84464641456e-07, 1.34863455514e-07, 8.20592802597e-08, 3.88046430544e-08, 6.43347419782e-08, 1.23738800539e-07, 1.28703064206e-07, 3.04849585575e-08, 4.71717598316e-08, 3.37148513552e-08, 2.10343046092e-06, 1.02337139651e-06, 3.27602464267e-07, 4.38197167441e-09, 8.44574854497e-10, 6.53573159135e-12, 4.94310972363e-13, 9.85306454482e-13, 2.78272169847e-13],
        "max": [0.0018790117465, 0.0239787809551, 0.117984719574, 0.0132748810574, 0.00475299032405, 0.000808880082332, 0.00142298056744, 0.00241183722392, 0.00437531759962, 0.00124748796225, 0.00119162187912, 0.000679155229591, 0.000787845463492, 0.00146542175207, 0.00126969895791, 0.000580122810788, 0.00081635126844, 0.000705755315721, 0.00530426250771, 0.0037848725915, 0.00199424801394, 0.00024428035249, 9.7000716778e-05, 1.12568432087e-05, 6.50581660011e-06, 6.15056751485e-06, 7.3975761552e-06],
        "mean": [0.00112848752178, 0.0119738057256, 0.0547012276947, 0.00343312928453, 0.00187575863674, 0.00017945090076, 0.000413229427068, 0.000628469453659, 0.00090243446175, 0.000266726157861, 0.000262435496552, 0.000160838200827, 0.000205113072298, 0.000368050270481, 0.000258957181359, 0.000123379999422, 0.000148743522004, 0.000121808428958, 0.00109667808283, 0.000709380605258, 0.000396287214244, 4.86902390548e-05, 2.12102477235e-05, 2.91845731226e-06, 1.10090957151e-06, 1.02690785297e-06, 2.21243089982e-06],
        "median": [0.00129882071633, 0.0147269088775, 0.0644462406635, 0.00198744144291, 0.00207222159952, 0.000161486663274, 0.000375329080271, 0.000537881162018, 0.00054799503414, 0.000218004191993, 0.000219040986849, 0.000138363888254, 0.000176404078957, 0.000258481217315, 0.000218728091568, 9.42920305533e-05, 0.000119566691865, 9.50177418417e-05, 0.000915797951166, 0.000562938163057, 0.000302528060274, 3.83410224458e-05, 1.69272880157e-05, 2.80958852272e-06, 9.74781755758e-07, 7.6739246424e-07, 2.19341268348e-06],
        "min": [4.55818953924e-05, 1.80753995664e-05, 1.8325587007e-05, 8.73200042406e-06, 1.15855009426e-05, 2.12498616747e-06, 6.09172002441e-06, 1.19789876862e-06, 8.44361011332e-07, 3.40311657965e-07, 2.51040574994e-07, 1.78478629209e-07, 2.17637932565e-07, 1.78905182224e-07, 4.02800964139e-07, 1.90969217329e-07, 1.85880622894e-07, 3.65781005485e-07, 1.79635731001e-06, 2.1023258796e-06, 1.71876558852e-06, 3.79141027906e-07, 2.83970308601e-07, 7.6146513095e-08, 6.76592932791e-08, 1.54102522743e-07, 1.09428356154e-06],
        "var": [2.52621731534e-07, 5.56819686608e-05, 0.00136925594416, 1.14820459203e-05, 1.58493685376e-06, 1.8241021138e-08, 9.81263070798e-08, 2.78166822909e-07, 8.96919743809e-07, 5.14166451637e-08, 4.35348326278e-08, 1.63603957049e-08, 2.76524083631e-08, 1.13216124475e-07, 4.90645284401e-08, 1.11805507075e-08, 1.74767684769e-08, 1.18645431257e-08, 8.48964987199e-07, 3.87298058513e-07, 1.19339077287e-07, 1.78250680882e-09, 3.282104033e-10, 4.80295881192e-12, 7.93075457736e-13, 7.47131902786e-13, 2.54351959416e-13]
    },
    "erbbands": {
        "dmean": [0.0347586348653, 0.491044014692, 5.12384223938, 8.30649089813, 3.70216393471, 1.12108027935, 0.928504943848, 1.06117260456, 2.78697967529, 8.54687309265, 5.5651216507, 9.18891143799, 3.45305395126, 9.2226858139, 7.60966777802, 4.13212347031, 7.10856389999, 9.76149177551, 11.6433906555, 7.74718999863, 5.5484290123, 6.69318771362, 4.86756229401, 27.7932510376, 39.398765564, 26.797876358, 23.1904621124, 5.96861314774, 1.65101182461, 0.945956468582, 0.340700268745, 0.0635332167149, 0.021573908627, 0.00507776625454, 0.00296039739624, 0.00396187137812, 0.000820898276288, 0.000103767051769, 3.84642917197e-05, 1.40790361911e-05],
        "dmean2": [0.0551596060395, 0.667941451073, 7.28600168228, 8.13060951233, 6.66917800903, 1.84736597538, 1.61742198467, 1.89115667343, 4.93601417542, 14.402633667, 9.49465274811, 16.3080787659, 6.21903705597, 16.2421302795, 13.7860202789, 7.21130800247, 12.9072952271, 16.9795188904, 21.1456356049, 14.3450393677, 10.0591945648, 11.9704475403, 8.89102935791, 49.8166351318, 71.054649353, 48.2346954346, 42.1248474121, 10.9763364792, 2.98633265495, 1.72793328762, 0.623838543892, 0.112860135734, 0.0370540805161, 0.00812607631087, 0.00444437982515, 0.00658458750695, 0.00135518063325, 0.000161675096024, 6.25271932222e-05, 2.1311610908e-05],
        "dvar": [0.000775255495682, 0.202865213156, 35.9341812134, 56.0095176697, 13.1649723053, 1.20041513443, 0.852586269379, 1.59862947464, 8.35112571716, 80.7575683594, 29.681552887, 126.983062744, 13.6210269928, 81.2832260132, 64.9958572388, 15.3592643738, 49.6054534912, 89.9677810669, 133.639907837, 72.6766738892, 34.369468689, 46.5861968994, 26.1515388489, 782.3828125, 1431.93969727, 745.292175293, 551.825073242, 36.4926185608, 2.7503991127, 0.941969156265, 0.142062723637, 0.00473276758566, 0.000550580269191, 4.24116005888e-05, 1.67697617144e-05, 2.17549168156e-05, 1.49907339164e-06, 6.31613445989e-08, 2.99278379856e-09, 1.58077190227e-10],
        "dvar2": [0.0016208793968, 0.440448850393, 61.6296463013, 74.0719146729, 38.5402603149, 3.32876753807, 2.30743575096, 4.60954284668, 23.6693248749, 197.296508789, 83.6982345581, 312.324951172, 45.077331543, 234.428237915, 171.297973633, 45.4814453125, 134.062103271, 287.397033691, 375.750640869, 208.056671143, 101.714912415, 138.150756836, 79.204750061, 2327.5703125, 4210.53613281, 2193.20092773, 1672.49377441, 115.895431519, 8.20948886871, 2.80592727661, 0.419436693192, 0.0139736300334, 0.00147971161641, 8.26497052913e-05, 2.82296641672e-05, 5.4742093198e-05, 2.90518187285e-06, 7.88203777802e-08, 4.61197569024e-09, 3.68535951756e-10],
        "max": [0.343803614378, 9.05229473114, 118.264312744, 81.8282318115, 30.083770752, 7.78845691681, 5.01892900467, 8.17916488647, 19.0211696625, 61.9648361206, 37.1252937317, 134.596328735, 26.909286499, 49.8280525208, 55.0410346985, 23.2807331085, 37.7840995789, 76.9470214844, 71.2391357422, 51.9386405945, 37.3506813049, 45.070690155, 34.8964271545, 176.641555786, 231.503143311, 168.846343994, 156.598724365, 36.571811676, 10.7786331177, 5.22859287262, 2.43091154099, 0.49835139513, 0.172328859568, 0.076945848763, 0.0480807572603, 0.02929341048, 0.0108439559117, 0.00377731421031, 0.000939039338846, 0.00022474778234],
        "mean": [0.191607937217, 4.44247674942, 57.4975280762, 28.9527893066, 12.936425209, 2.90119886398, 1.37795746326, 1.6531816721, 4.32684183121, 12.8938798904, 10.5394363403, 25.8890457153, 7.90556812286, 12.2082529068, 10.8123970032, 6.19298362732, 9.84184074402, 18.7485618591, 15.8098039627, 9.86166667938, 7.16153383255, 8.14808750153, 6.09476804733, 35.4534301758, 49.6076850891, 33.4700698853, 28.4145679474, 7.16589546204, 2.11129593849, 1.22420310974, 0.456828832626, 0.102656044066, 0.0435036681592, 0.013729098253, 0.00733142532408, 0.00641624070704, 0.00123599579092, 0.00043428823119, 0.000278745079413, 0.000132278175442],
        "median": [0.225745975971, 5.44488382339, 69.6861038208, 28.3105773926, 15.1291360855, 2.87560129166, 1.13745713234, 1.497189641, 4.10280704498, 9.43237113953, 9.78079986572, 14.5886926651, 7.75308227539, 10.7689208984, 9.08064556122, 5.55110168457, 8.18100833893, 12.3950386047, 13.0384883881, 8.76019096375, 5.54666423798, 6.44061613083, 4.63118124008, 30.1865253448, 41.3547019958, 26.4828548431, 23.7847061157, 5.47914552689, 1.63480329514, 0.974913418293, 0.374001950026, 0.0919653996825, 0.0408509708941, 0.0121898436919, 0.0063315955922, 0.00460662739351, 0.000740554009099, 0.000397581548896, 0.000275402679108, 0.000151264335727],
        "min": [0.00133116124198, 0.0016939570196, 0.0148680014536, 0.0393983460963, 0.055481120944, 0.0434221401811, 0.0162950195372, 0.0221106018871, 0.0477436296642, 0.141445547342, 0.0184953100979, 0.0234198961407, 0.0157477427274, 0.00961829442531, 0.00575265614316, 0.00811040401459, 0.0106821535155, 0.0112083563581, 0.0209515541792, 0.0152996731922, 0.0103601003066, 0.0102828415111, 0.0182252358645, 0.0575670525432, 0.0930575877428, 0.0946220383048, 0.102225698531, 0.0428512990475, 0.0171284340322, 0.0124749550596, 0.00573454331607, 0.00165232631844, 0.00131516100373, 0.000721782969777, 0.000586719892453, 0.00053403514903, 0.00020107178716, 0.000216853368329, 0.000136485832627, 2.16618827835e-05],
        "var": [0.00898977741599, 8.57909107208, 1480.32275391, 487.983520508, 71.5749740601, 3.86664891243, 1.19708633423, 1.62227332592, 10.9657897949, 136.975494385, 59.03358078, 834.623901367, 33.6068305969, 102.205360413, 79.6925888062, 20.9389286041, 60.7281799316, 296.328887939, 163.635650635, 73.0989837646, 37.2912750244, 51.8986167908, 28.4623165131, 895.552490234, 1760.43981934, 845.877075195, 620.217956543, 40.2151260376, 3.3658657074, 1.09447872639, 0.155265256763, 0.00663041695952, 0.00111911306158, 0.000126038197777, 3.38085628755e-05, 3.25096043525e-05, 1.73041439666e-06, 6.68639543733e-08, 3.43291373106e-09, 2.83868284434e-09]
    },
    "gfcc": {
        "mean": [-18.0459537506, 120.167228699, -113.545890808, 63.3172454834, -27.0181732178, -2.08056664467, 11.613366127, 0.651023745537, -16.1332683563, 1.15251088142, -15.9245262146, -23.9447250366, -19.4350452423],
        "cov": [[5739.62109375, 1035.55883789, -1675.14489746, 496.870788574, -168.038528442, 457.37789917, 109.389549255, 44.7339401245, -77.6737136841, -203.522521973, -267.234741211, -401.084869385, -186.720230103], [1035.55883789, 316.228485107, -273.207946777, 52.3283576965, -19.8872070312, 77.2053451538, 38.940284729, 9.94654655457, -2.46185112, -45.1086540222, -48.7810020447, -104.144973755, -44.9770507812], [-1675.14489746, -273.207946777, 687.450378418, -128.486373901, 50.0215415955, -104.066886902, -52.2677726746, 29.2106647491, 2.96338200569, 49.3609962463, 44.4571914673, 70.1087875366, 36.099407196], [496.870788574, 52.3283576965, -128.486373901, 94.8599395752, -1.79227554798, 48.21434021, -2.10965967178, -11.707947731, -18.4450187683, -23.5583229065, -21.6309146881, -30.3476486206, -14.165148735], [-168.038528442, -19.8872070312, 50.0215415955, -1.79227554798, 38.4505271912, 0.504811704159, -2.34967803955, -17.3021392822, -7.30479669571, 5.02699136734, 5.97862911224, 11.3537569046, -0.0809322446585], [457.37789917, 77.2053451538, -104.066886902, 48.21434021, 0.504811704159, 66.9104232788, 9.73794174194, 6.37919807434, -15.0420875549, -22.6883106232, -29.0987167358, -41.5384750366, -15.9996023178], [109.389549255, 38.940284729, -52.2677726746, -2.10965967178, -2.34967803955, 9.73794174194, 25.4478645325, 6.13576364517, 5.93696641922, -7.52083921432, -5.77941226959, -8.1431760788, -3.13713383675], [44.7339401245, 9.94654655457, 29.2106647491, -11.707947731, -17.3021392822, 6.37919807434, 6.13576364517, 37.9375724792, 5.2994146347, -2.95703792572, -14.9784126282, -16.4643535614, -4.0635676384], [-77.6737136841, -2.46185112, 2.96338200569, -18.4450187683, -7.30479669571, -15.0420875549, 5.93696641922, 5.2994146347, 19.6896820068, 8.07404232025, 8.91613674164, 4.93773508072, 0.674785792828], [-203.522521973, -45.1086540222, 49.3609962463, -23.5583229065, 5.02699136734, -22.6883106232, -7.52083921432, -2.95703792572, 8.07404232025, 22.8373641968, 13.7940893173, 20.0680122375, 1.26139843464], [-267.234741211, -48.7810020447, 44.4571914673, -21.6309146881, 5.97862911224, -29.0987167358, -5.77941226959, -14.9784126282, 8.91613674164, 13.7940893173, 34.1787071228, 32.2866592407, 13.0188999176], [-401.084869385, -104.144973755, 70.1087875366, -30.3476486206, 11.3537569046, -41.5384750366, -8.1431760788, -16.4643535614, 4.93773508072, 20.0680122375, 32.2866592407, 59.3861923218, 20.9468479156], [-186.720230103, -44.9770507812, 36.099407196, -14.165148735, -0.0809322446585, -15.9996023178, -3.13713383675, -4.0635676384, 0.674785792828, 1.26139843464, 13.0188999176, 20.9468479156, 21.2929801941]],
        "icov": [[0.0183167476207, -0.0293513853103, 0.0244019832462, -0.0333308279514, 0.028715852648, -0.0288931224495, 0.0233683940023, -0.0316518731415, 0.0271105375141, -0.0219683293253, 0.0200848951936, -0.0157554205507, 0.0145414778963], [-0.0293513853103, 0.0633518397808, -0.034966647625, 0.0606666691601, -0.0490558482707, 0.050222646445, -0.0441847108305, 0.0541741214693, -0.0410256311297, 0.0506338067353, -0.0420473888516, 0.0507675744593, -0.00848109368235], [0.0244019832462, -0.034966647625, 0.0381992906332, -0.0401357524097, 0.0276312790811, -0.0321874134243, 0.0376903638244, -0.0520288608968, 0.0399919189513, -0.0248576868325, 0.0209903549403, -0.0125303929672, 0.0199025310576], [-0.0333308279514, 0.0606666691601, -0.0401357524097, 0.0897992774844, -0.0520257763565, 0.0440679006279, -0.0312616229057, 0.0664157643914, -0.0450722463429, 0.0641024336219, -0.0392844304442, 0.0361735150218, -0.00930303707719], [0.028715852648, -0.0490558482707, 0.0276312790811, -0.0520257763565, 0.107099160552, -0.0647778213024, 0.0149707049131, -0.00999437924474, 0.0532954707742, -0.0486764721572, 0.0400062948465, -0.0397277474403, 0.0345836505294], [-0.0288931224495, 0.050222646445, -0.0321874134243, 0.0440679006279, -0.0647778213024, 0.0975679010153, -0.0430826209486, 0.032461732626, -0.0205000676215, 0.0428720526397, -0.0352209284902, 0.0509261786938, -0.0209355633706], [0.0233683940023, -0.0441847108305, 0.0376903638244, -0.0312616229057, 0.0149707049131, -0.0430826209486, 0.11261112988, -0.060836378485, -0.00121340958867, 0.00606694445014, 0.0337942317128, -0.0418337881565, 0.0197289008647], [-0.0316518731415, 0.0541741214693, -0.0520288608968, 0.0664157643914, -0.00999437924474, 0.032461732626, -0.060836378485, 0.131715238094, -0.0643043592572, 0.0359533503652, -0.00371221173555, 0.0312106963247, -0.0187339484692], [0.0271105375141, -0.0410256311297, 0.0399919189513, -0.0450722463429, 0.0532954707742, -0.0205000676215, -0.00121340958867, -0.0643043592572, 0.156442254782, -0.0677607730031, -0.0099388603121, 0.00432669790462, 0.0265164133161], [-0.0219683293253, 0.0506338067353, -0.0248576868325, 0.0641024336219, -0.0486764721572, 0.0428720526397, 0.00606694445014, 0.0359533503652, -0.0677607730031, 0.168081045151, -0.0384779833257, 0.00477645080537, 0.0499000251293], [0.0200848951936, -0.0420473888516, 0.0209903549403, -0.0392844304442, 0.0400062948465, -0.0352209284902, 0.0337942317128, -0.00371221173555, -0.0099388603121, -0.0384779833257, 0.11848680675, -0.0594559125602, -0.00781395658851], [-0.0157554205507, 0.0507675744593, -0.0125303929672, 0.0361735150218, -0.0397277474403, 0.0509261786938, -0.0418337881565, 0.0312106963247, 0.00432669790462, 0.00477645080537, -0.0594559125602, 0.119605123997, -0.0294373705983], [0.0145414778963, -0.00848109368235, 0.0199025310576, -0.00930303707719, 0.0345836505294, -0.0209355633706, 0.0197289008647, -0.0187339484692, 0.0265164133161, 0.0499000251293, -0.00781395658851, -0.0294373705983, 0.130305916071]]
    },
    "melbands": {
        "dmean": [0.000303383538267, 0.00197874987498, 0.00130735803396, 0.0001554217597, 3.43649116985e-05, 2.36665546254e-05, 4.43378958153e-05, 9.64509235928e-05, 4.23664678237e-05, 5.75980993744e-05, 1.65855271916e-05, 3.76037642127e-05, 2.60198066826e-05, 1.47232794916e-05, 1.03382071757e-05, 1.60426370712e-05, 1.96415676328e-05, 1.91435174202e-05, 1.38205568874e-05, 7.26995767764e-06, 6.58875524095e-06, 7.66025186749e-06, 4.14750002165e-06, 5.03815181219e-06, 2.32246729865e-05, 4.02991572628e-05, 1.70387447724e-05, 1.78992904694e-05, 1.80300230568e-05, 6.77368097968e-06, 2.16621992877e-06, 9.32671582632e-07, 5.76438708322e-07, 4.98838801377e-07, 2.171673259e-07, 9.02342875975e-08, 1.76482650716e-08, 1.777173253e-08, 8.27817814297e-09, 3.07582959103e-09],
        "dmean2": [0.000463946635136, 0.00275916978717, 0.00132703047711, 0.000290288240649, 5.95656820224e-05, 4.19239331677e-05, 7.77446985012e-05, 0.000162900483701, 7.38071103115e-05, 0.000102070691355, 2.97768347082e-05, 6.61769809085e-05, 4.69608276035e-05, 2.57510291704e-05, 1.86205070349e-05, 2.88224018732e-05, 3.40433907695e-05, 3.47230088664e-05, 2.51552046393e-05, 1.33129005917e-05, 1.18811449283e-05, 1.36259959618e-05, 7.53986114432e-06, 9.12474934012e-06, 4.14812493545e-05, 7.24867059034e-05, 3.05276953441e-05, 3.22978339682e-05, 3.28721362166e-05, 1.24566640807e-05, 3.96153154725e-06, 1.68663484601e-06, 1.0425411574e-06, 9.16363205761e-07, 3.99175974053e-07, 1.6133746783e-07, 3.01312113038e-08, 3.06522238702e-08, 1.3514273256e-08, 4.98970154084e-09],
        "dvar": [5.60389672444e-08, 4.92878189107e-06, 1.36812047913e-06, 2.68220468058e-08, 1.16085141499e-09, 8.02590494065e-10, 1.94632843176e-09, 1.06516901965e-08, 1.72408265442e-09, 5.26097387876e-09, 3.28373994662e-10, 1.39682232447e-09, 6.80966338873e-10, 2.40115566319e-10, 1.12043478662e-10, 2.57393634184e-10, 3.93826582457e-10, 3.6358069333e-10, 2.1074990364e-10, 6.26411839066e-11, 4.78611698884e-11, 6.21579523963e-11, 1.89731425015e-11, 2.64089323326e-11, 5.62102420165e-10, 1.48236534159e-09, 2.98456703796e-10, 3.3293176549e-10, 3.32631061584e-10, 4.87721495135e-11, 4.67061545689e-12, 8.89552320693e-13, 3.44092294805e-13, 2.65693581502e-13, 6.01981911042e-14, 9.53532686702e-15, 4.03401982229e-16, 3.57330669087e-16, 9.61023994318e-17, 1.95131228213e-17],
        "dvar2": [1.46880324792e-07, 8.71159227245e-06, 1.9880869786e-06, 8.20057266537e-08, 3.20002802034e-09, 2.32590013916e-09, 5.54824852728e-09, 2.60480774728e-08, 4.85402251726e-09, 1.29450627995e-08, 1.0774908743e-09, 4.036056378e-09, 1.78236070347e-09, 6.78536671295e-10, 3.23359533594e-10, 7.0227801352e-10, 1.26104293674e-09, 1.03003172658e-09, 6.01149019452e-10, 1.85344822823e-10, 1.42743011855e-10, 1.83949411259e-10, 5.7000470316e-11, 8.24305623759e-11, 1.68001890177e-09, 4.38133929137e-09, 8.90937768006e-10, 9.75410086035e-10, 9.87463000257e-10, 1.53774021294e-10, 1.51360937672e-11, 2.62348497961e-12, 1.01289972503e-12, 7.87595899956e-13, 1.76868827743e-13, 2.89503596334e-14, 1.05380163061e-15, 9.83418592531e-16, 2.04214309922e-16, 3.60456458891e-17],
        "max": [0.00416352879256, 0.0435532033443, 0.0136713134125, 0.00120598950889, 0.000220610396354, 0.00019261345733, 0.000272945209872, 0.000670957146212, 0.000263551512035, 0.000857298728079, 0.000110410226625, 0.000203444200451, 0.000178600166691, 9.66818697634e-05, 5.9248515754e-05, 8.23459558887e-05, 0.000170681145391, 0.000114941416541, 8.20199711598e-05, 4.66552628495e-05, 4.3724085117e-05, 5.1862491091e-05, 3.00938263535e-05, 3.4115233575e-05, 0.000150731008034, 0.000233217389905, 0.000108877902676, 0.000114436399599, 0.000118149524496, 4.6893612307e-05, 1.19041424114e-05, 6.19439106231e-06, 3.59480918632e-06, 2.58785007645e-06, 1.58111356541e-06, 7.29977728042e-07, 1.42399244396e-07, 1.26319449123e-07, 9.4144148477e-08, 5.44249552092e-08],
        "mean": [0.00226855929941, 0.0211278367788, 0.00525537831709, 0.000508788973093, 5.34813807462e-05, 3.81746394851e-05, 6.8347886554e-05, 0.000147736398503, 7.61047922424e-05, 0.000165508157806, 3.13046184601e-05, 4.8372290621e-05, 3.73098046111e-05, 2.09639893001e-05, 1.50736841533e-05, 2.15245490836e-05, 3.81653153454e-05, 2.58370582742e-05, 1.74305168912e-05, 9.29457200982e-06, 8.39558288135e-06, 9.19242847885e-06, 5.11210555487e-06, 5.98436190558e-06, 2.94799992844e-05, 5.04798808834e-05, 2.13754938159e-05, 2.21867685468e-05, 2.21654336201e-05, 8.01213900559e-06, 2.56469115811e-06, 1.18634989121e-06, 7.44775320527e-07, 6.45584123049e-07, 2.89008681875e-07, 1.18819706074e-07, 3.74771076395e-08, 3.18206367922e-08, 2.06050252416e-08, 7.93231258456e-09],
        "median": [0.00275865523145, 0.0254197865725, 0.00545110739768, 0.000603209773544, 4.80114103993e-05, 3.63429790013e-05, 6.3030536694e-05, 0.00011580051796, 6.92056128173e-05, 9.11214738153e-05, 2.94907622447e-05, 4.12551744375e-05, 3.23623353324e-05, 1.83011925401e-05, 1.35803265948e-05, 1.95471002371e-05, 2.27360815188e-05, 2.00263220904e-05, 1.48163890117e-05, 7.57793213779e-06, 6.64979370413e-06, 7.1084227784e-06, 4.35977790403e-06, 4.51246887678e-06, 2.38573666138e-05, 3.96646282752e-05, 1.64382418006e-05, 1.73728258233e-05, 1.81078830792e-05, 5.83382689001e-06, 2.03422951017e-06, 9.03559111975e-07, 6.06762000643e-07, 5.17912212672e-07, 2.37087988353e-07, 9.79493890441e-08, 3.56384148859e-08, 2.90460206998e-08, 1.68729759054e-08, 7.04304792265e-09],
        "min": [1.04819437183e-05, 5.75418289372e-06, 7.13870758773e-06, 4.51317237093e-06, 1.12090992843e-06, 5.41192093806e-07, 7.87906742516e-07, 1.25998167277e-06, 1.08294521795e-07, 1.37058421501e-07, 6.67194868242e-08, 3.3780914066e-08, 2.35839312523e-08, 2.03462189319e-08, 1.26259216415e-08, 2.72589613104e-08, 1.64568838557e-08, 2.92788335798e-08, 2.32678907253e-08, 2.11105515291e-08, 9.41421518519e-09, 1.06021520452e-08, 5.84381387725e-09, 1.7102959049e-08, 4.69731205044e-08, 8.11063927131e-08, 4.7058765773e-08, 7.21159167938e-08, 6.97436988162e-08, 4.5513480984e-08, 1.1693813029e-08, 9.88764714549e-09, 5.29304555741e-09, 6.77288758411e-09, 3.90239218717e-09, 1.40363398682e-09, 7.67926833234e-10, 1.02083974607e-09, 6.43301745207e-10, 5.5591470316e-10],
        "var": [1.60788033554e-06, 0.000199775982765, 1.45421845446e-05, 1.06794480814e-07, 1.7540014996e-09, 8.32282909258e-10, 2.67418287514e-09, 1.76901036042e-08, 3.09730152637e-09, 3.46868276324e-08, 4.86247431208e-10, 1.69266789474e-09, 9.04296193482e-10, 2.87500856455e-10, 1.36041483634e-10, 3.07407738154e-10, 1.40954070638e-09, 4.44563469371e-10, 2.21983764703e-10, 6.47955786248e-11, 5.24439380811e-11, 6.84644910209e-11, 2.07048284767e-11, 2.91225446536e-11, 6.29512997286e-10, 1.81945380984e-09, 3.43891332077e-10, 3.76697339988e-10, 3.7570294098e-10, 5.23178583789e-11, 5.20034969947e-12, 1.08601777744e-12, 4.12952360024e-13, 3.05166672097e-13, 6.36836639195e-14, 1.09429601001e-14, 8.21610841529e-16, 6.40713773693e-16, 3.39998177995e-16, 4.08614517107e-17]
    },
    "mfcc": {
        "mean": [-661.96307373, 142.986419678, -15.8673286438, 73.3967590332, -10.7129497528, 24.7017383575, 21.8919048309, 7.78471755981, 6.86136436462, 24.3622531891, 3.83702468872, -2.39525938034, 0.366166085005],
        "cov": [[7423.86523438, 302.709655762, -1294.49926758, 6.8054151535, -270.571472168, 341.52331543, 76.1285629272, 254.898574829, 91.4510726929, 207.065658569, 17.9129981995, -62.3635292053, -308.480163574], [302.709655762, 161.473999023, -34.7997436523, -22.6559467316, -13.4736862183, 2.756742239, 14.1247987747, 8.32985687256, 17.1639308929, 24.9748725891, 22.9927101135, -0.678358137608, -29.3079738617], [-1294.49926758, -34.7997436523, 381.284088135, 4.04881238937, 91.2054977417, -79.9210128784, 10.9028177261, -39.7486457825, 10.187084198, -24.4846439362, 10.1827096939, 13.1130113602, 17.7742023468], [6.8054151535, -22.6559467316, 4.04881238937, 35.3743553162, 9.76460170746, 13.0053195953, -2.67865538597, -1.33646249771, -11.1318178177, -4.32158613205, -5.62922430038, -3.10113167763, -1.18499279022], [-270.571472168, -13.4736862183, 91.2054977417, 9.76460170746, 48.2892913818, 0.0197618100792, 10.5021619797, -9.79587554932, -3.80313944817, -7.17179298401, -1.06371068954, -0.126908987761, -5.73191261292], [341.52331543, 2.756742239, -79.9210128784, 13.0053195953, 0.0197618100792, 54.9889678955, 9.1195602417, 13.6913757324, -10.066822052, 6.95608520508, -7.32668209076, -9.23668193817, -17.7075233459], [76.1285629272, 14.1247987747, 10.9028177261, -2.67865538597, 10.5021619797, 9.1195602417, 22.1787490845, 10.9333934784, 8.92083740234, 3.04739236832, -0.499651372433, -5.00770044327, -13.7328004837], [254.898574829, 8.32985687256, -39.7486457825, -1.33646249771, -9.79587554932, 13.6913757324, 10.9333934784, 25.142414093, 10.804350853, 8.72340297699, -2.18052411079, -2.92615699768, -11.5315275192], [91.4510726929, 17.1639308929, 10.187084198, -11.1318178177, -3.80313944817, -10.066822052, 8.92083740234, 10.804350853, 29.7896118164, 9.05854320526, 8.08842658997, -0.0164717100561, -13.3644351959], [207.065658569, 24.9748725891, -24.4846439362, -4.32158613205, -7.17179298401, 6.95608520508, 3.04739236832, 8.72340297699, 9.05854320526, 21.5454616547, 8.67578887939, 0.0387026406825, -15.1138887405], [17.9129981995, 22.9927101135, 10.1827096939, -5.62922430038, -1.06371068954, -7.32668209076, -0.499651372433, -2.18052411079, 8.08842658997, 8.67578887939, 18.7225036621, 5.41940164566, -5.47528457642], [-62.3635292053, -0.678358137608, 13.1130113602, -3.10113167763, -0.126908987761, -9.23668193817, -5.00770044327, -2.92615699768, -0.0164717100561, 0.0387026406825, 5.41940164566, 12.4545536041, 5.7088842392], [-308.480163574, -29.3079738617, 17.7742023468, -1.18499279022, -5.73191261292, -17.7075233459, -13.7328004837, -11.5315275192, -13.3644351959, -15.1138887405, -5.47528457642, 5.7088842392, 38.6080818176]],
