{
"lowlevel": {
    "average_loudness": 0.806992590427,
    "barkbands_crest": {
        "dmean": 0.883422672749,
        "dmean2": 1.29548966885,
        "dvar": 1.9497243166,
        "dvar2": 4.31333398819,
        "max": 24.8410072327,
        "mean": 19.0284080505,
        "median": 18.2113895416,
        "min": 6.41708040237,
        "var": 14.8631601334
    },
    "barkbands_flatness_db": {
        "dmean": 0.0167003534734,
        "dmean2": 0.0236461311579,
        "dvar": 0.000875261146575,
        "dvar2": 0.000940635916777,
        "max": 0.641624033451,
        "mean": 0.358502358198,
        "median": 0.307397931814,
        "min": 0.0895392373204,
        "var": 0.0238498430699
    },
    "barkbands_kurtosis": {
        "dmean": 16.8586597443,
        "dmean2": 23.6318778992,
        "dvar": 1002.89874268,
        "dvar2": 1606.86560059,
        "max": 493.361724854,
        "mean": 98.8454818726,
        "median": 95.2319107056,
        "min": 2.83433389664,
        "var": 6393.71289062
    },
    "barkbands_skewness": {
        "dmean": 0.781178712845,
        "dmean2": 1.19042515755,
        "dvar": 1.40190052986,
        "dvar2": 2.52416038513,
        "max": 13.2579402924,
        "mean": 5.03034353256,
        "median": 4.13451814651,
        "min": -1.7150759697,
        "var": 15.4692983627
    },
    "barkbands_spread": {
        "dmean": 0.445106804371,
        "dmean2": 0.54516273737,
        "dvar": 1.17454791069,
        "dvar2": 1.63970756531,
        "max": 15.2232646942,
        "mean": 2.18778514862,
        "median": 1.11745631695,
        "min": 0.0900371596217,
        "var": 10.9786911011
    },
    "dissonance": {
        "dmean": 0.0556252747774,
        "dmean2": 0.0958660468459,
        "dvar": 0.00207293848507,
        "dvar2": 0.00498378882185,
        "max": 0.498522132635,
        "mean": 0.282173246145,
        "median": 0.295420378447,
        "min": 0.0738795697689,
        "var": 0.0127824693918
    },
    "dynamic_complexity": 10.123591423,
    "erbbands_crest": {
        "dmean": 0.981901049614,
        "dmean2": 1.37469685078,
        "dvar": 3.81678676605,
        "dvar2": 6.88538837433,
        "max": 33.3671798706,
        "mean": 26.1415252686,
        "median": 27.8355464935,
        "min": 11.3076257706,
        "var": 41.5217170715
    },
    "erbbands_flatness_db": {
        "dmean": 0.0150179956108,
        "dmean2": 0.0214479994029,
        "dvar": 0.000784139556345,
        "dvar2": 0.000891942880116,
        "max": 0.639500021935,
        "mean": 0.391943722963,
        "median": 0.344189763069,
        "min": 0.151710823178,
        "var": 0.0198378786445
    },
    "erbbands_kurtosis": {
        "dmean": 12.0856122971,
        "dmean2": 19.1904010773,
        "dvar": 383.281860352,
        "dvar2": 783.215393066,
        "max": 205.153274536,
        "mean": 55.8882331848,
        "median": 29.8848266602,
        "min": 1.09326839447,
        "var": 2536.90380859
    },
    "erbbands_skewness": {
        "dmean": 0.66903424263,
        "dmean2": 1.02128660679,
        "dvar": 0.775323152542,
        "dvar2": 1.64978647232,
        "max": 10.9178705215,
        "mean": 4.73464727402,
        "median": 3.2776529789,
        "min": -0.686080098152,
        "var": 11.3144350052
    },
    "erbbands_spread": {
        "dmean": 0.682976603508,
        "dmean2": 0.933543264866,
        "dvar": 2.18812227249,
        "dvar2": 3.4844994545,
        "max": 19.974401474,
        "mean": 2.99280238152,
        "median": 1.73080229759,
        "min": 0.341292232275,
        "var": 15.6630783081
    },
    "hfc": {
        "dmean": 0.795249044895,
        "dmean2": 0.983890712261,
        "dvar": 6.75327634811,
        "dvar2": 11.0833244324,
        "max": 38.2247772217,
        "mean": 9.92709255219,
        "median": 0.997560620308,
        "min": 0.00620495853946,
        "var": 198.953094482
    },
    "melbands_crest": {
        "dmean": 1.05574119091,
        "dmean2": 1.41987538338,
        "dvar": 3.54965281487,
        "dvar2": 5.46883964539,
        "max": 32.2300186157,
        "mean": 26.8799171448,
        "median": 28.0172958374,
        "min": 6.53470897675,
        "var": 29.1231536865
    },
    "melbands_flatness_db": {
        "dmean": 0.017503220588,
        "dmean2": 0.0239103529602,
        "dvar": 0.000945081526879,
        "dvar2": 0.00103942211717,
        "max": 0.724474668503,
        "mean": 0.441141992807,
        "median": 0.395231366158,
        "min": 0.148116290569,
        "var": 0.0248415712267
    },
    "melbands_kurtosis": {
        "dmean": 17.5345420837,
        "dmean2": 27.6681022644,
        "dvar": 769.344726562,
        "dvar2": 1815.21606445,
        "max": 253.989929199,
        "mean": 63.4313697815,
        "median": 32.2005157471,
        "min": -0.289786338806,
        "var": 4139.91259766
    },
    "melbands_skewness": {
        "dmean": 0.872717678547,
        "dmean2": 1.44640505314,
        "dvar": 0.920174658298,
        "dvar2": 2.45372462273,
        "max": 7.6500415802,
        "mean": 2.7082490921,
        "median": 2.38276696205,
        "min": -1.28794240952,
        "var": 3.74896073341
    },
    "melbands_spread": {
        "dmean": 0.594826698303,
        "dmean2": 0.737025737762,
        "dvar": 2.07802152634,
        "dvar2": 3.08015704155,
        "max": 21.6317157745,
        "mean": 2.51875805855,
        "median": 0.862720370293,
        "min": 0.237193122506,
        "var": 21.181060791
    },
    "pitch_salience": {
        "dmean": 0.0421000383794,
        "dmean2": 0.0637670680881,
        "dvar": 0.00546933989972,
        "dvar2": 0.00832783523947,
        "max": 0.824032008648,
        "mean": 0.207419857383,
        "median": 0.179157078266,
        "min": 0.0191153604537,
        "var": 0.0270822532475
    },
    "silence_rate_20dB": {
        "dmean": 0,
        "dmean2": 0,
        "dvar": 0,
        "dvar2": 0,
        "max": 1,
        "mean": 1,
        "median": 1,
        "min": 1,
        "var": 0
    },
    "silence_rate_30dB": {
        "dmean": 0,
        "dmean2": 0,
        "dvar": 0,
        "dvar2": 0,
        "max": 1,
        "mean": 1,
        "median": 1,
        "min": 1,
        "var": 0
    },
    "silence_rate_60dB": {
        "dmean": 0.0133333336562,
        "dmean2": 0.0268456377089,
        "dvar": 0.013155545108,
        "dvar2": 0.0261249933392,
        "max": 1,
        "mean": 0.642384111881,
        "median": 1,
        "min": 0,
        "var": 0.229726731777
    },
    "spectral_centroid": {
        "dmean": 16.6666889191,
        "dmean2": 21.1760635376,
        "dvar": 1392.1060791,
        "dvar2": 2253.31298828,
        "max": 1161.84631348,
        "mean": 604.76776123,
        "median": 539.000793457,
        "min": 506.820861816,
        "var": 16436.5585938
    },
    "spectral_complexity": {
        "dmean": 0.266666680574,
        "dmean2": 0.469798654318,
        "dvar": 0.408887803555,
        "dvar2": 1.06788301468,
        "max": 6,
        "mean": 1.66887414455,
        "median": 1,
        "min": 0,
        "var": 0.976447582245
    },
    "spectral_decrease": {
        "dmean": 3.15898501801e-10,
        "dmean2": 3.89627385911e-10,
        "dvar": 1.05424779116e-18,
        "dvar2": 1.74753257456e-18,
        "max": -2.25431999457e-12,
        "mean": -3.97451804801e-09,
        "median": -4.68137861809e-10,
        "min": -1.51348036326e-08,
        "var": 3.10204012451e-17
    },
    "spectral_energy": {
        "dmean": 0.00126432033721,
        "dmean2": 0.00155972409993,
        "dvar": 1.68988844962e-05,
        "dvar2": 2.79947689705e-05,
        "max": 0.0605891346931,
        "mean": 0.0159011036158,
        "median": 0.00185830087867,
        "min": 9.07113644644e-06,
        "var": 0.000497296452522
    },
    "spectral_energyband_high": {
        "dmean": 4.86445799197e-07,
        "dmean2": 7.13293559329e-07,
        "dvar": 1.46608170482e-12,
        "dvar2": 3.07227398903e-12,
        "max": 1.37720344355e-05,
        "mean": 1.79533435585e-06,
        "median": 1.7300089894e-06,
        "min": 9.5338691608e-08,
        "var": 2.27204279696e-12
    },
    "spectral_energyband_low": {
        "dmean": 1.53842074724e-06,
        "dmean2": 2.63181232185e-06,
        "dvar": 2.29727500044e-12,
        "dvar2": 6.16164888209e-12,
        "max": 1.13408432298e-05,
        "mean": 2.67030418399e-06,
        "median": 2.28094586419e-06,
        "min": 1.82206832733e-07,
        "var": 4.24472696575e-12
    },
    "spectral_energyband_middle_high": {
        "dmean": 2.31827980315e-05,
        "dmean2": 4.05181890528e-05,
        "dvar": 1.15320890615e-08,
        "dvar2": 3.43054473717e-08,
        "max": 0.00100956892129,
        "mean": 5.8885452745e-05,
        "median": 3.44626314472e-05,
        "min": 5.2286219443e-07,
        "var": 8.84949002966e-09
    },
    "spectral_energyband_middle_low": {
        "dmean": 0.00126182520762,
        "dmean2": 0.00156798958778,
        "dvar": 1.70499988599e-05,
        "dvar2": 2.86427257379e-05,
        "max": 0.0605237782001,
        "mean": 0.0158386323601,
        "median": 0.00175430695526,
        "min": 8.29083819553e-06,
        "var": 0.000496627821121
    },
    "spectral_entropy": {
        "dmean": 0.178294971585,
        "dmean2": 0.246226549149,
        "dvar": 0.0897799581289,
        "dvar2": 0.108668245375,
        "max": 8.20391750336,
        "mean": 5.33384990692,
        "median": 5.76022386551,
        "min": 2.79088902473,
        "var": 2.22526836395
    },
    "spectral_flux": {
        "dmean": 0.00461433036253,
        "dmean2": 0.00724436435848,
        "dvar": 0.000244083523285,
        "dvar2": 0.000418111711042,
        "max": 0.138212516904,
        "mean": 0.0093448664993,
        "median": 0.00420101499185,
        "min": 0.00223361235112,
        "var": 0.000357542099664
    },
    "spectral_kurtosis": {
        "dmean": 8.88007068634,
        "dmean2": 13.8345575333,
        "dvar": 225.528594971,
        "dvar2": 510.270233154,
        "max": 180.588546753,
        "mean": 42.8314819336,
        "median": 16.0449581146,
        "min": 2.97442865372,
        "var": 2218.45458984
    },
    "spectral_rms": {
        "dmean": 0.000149625979248,
        "dmean2": 0.000174696731847,
        "dvar": 2.19928281808e-07,
        "dvar2": 2.80377037143e-07,
        "max": 0.00768839055672,
        "mean": 0.00284350779839,
        "median": 0.00134646811057,
        "min": 9.40738464124e-05,
        "var": 7.42773454476e-06
    },
    "spectral_rolloff": {
        "dmean": 24.8349609375,
        "dmean2": 44.6561050415,
        "dvar": 7874.70898438,
        "dvar2": 17533.3085938,
        "max": 1356.59179688,
        "mean": 642.716125488,
        "median": 516.796875,
        "min": 516.796875,
        "var": 48779.9023438
    },
    "spectral_skewness": {
        "dmean": 0.49218994379,
        "dmean2": 0.769326269627,
        "dvar": 0.565257370472,
        "dvar2": 1.06431818008,
        "max": 11.7159824371,
        "mean": 4.8369846344,
        "median": 3.38099837303,
        "min": 1.63205778599,
        "var": 8.04255867004
    },
    "spectral_spread": {
        "dmean": 515307.03125,
        "dmean2": 702187.3125,
        "dvar": 1.78461265101e+12,
        "dvar2": 1.03018705715e+12,
        "max": 25749484,
        "mean": 3329145.75,
        "median": 3396981.25,
        "min": 542561.125,
        "var": 5.66126811546e+12
    },
    "spectral_strongpeak": {
        "dmean": 0.144504725933,
        "dmean2": 0.212712243199,
        "dvar": 0.223739624023,
        "dvar2": 0.386605978012,
        "max": 6.42049121857,
        "mean": 2.16650724411,
        "median": 0.756786048412,
        "min": 0.00737828342244,
        "var": 5.62591838837
    },
    "zerocrossingrate": {
        "dmean": 0.0017968750326,
        "dmean2": 0.00223495182581,
        "dvar": 1.91285162146e-05,
        "dvar2": 2.05845353776e-05,
        "max": 0.0810546875,
        "mean": 0.030515961349,
        "median": 0.02734375,
        "min": 0.0107421875,
        "var": 0.000180515620741
    },
    "barkbands": {
        "dmean": [3.44731780899e-08, 2.21405201728e-07, 1.18503419344e-06, 1.48243645981e-06, 3.98090514864e-06, 1.29408836074e-05, 8.82049498614e-05, 0.000153495027917, 0.00113444426097, 3.56270652446e-06, 4.74136732009e-06, 6.66694313622e-06, 1.00596844277e-05, 6.27176461876e-07, 9.05352237623e-07, 2.78063993164e-07, 1.51832054485e-07, 1.47357070546e-07, 9.90825910208e-08, 1.27442959297e-07, 1.07967956353e-07, 1.26622211383e-07, 8.41760723347e-08, 6.47329514436e-08, 3.53532421116e-08, 3.34119292233e-08, 1.05693047203e-07],
        "dmean2": [6.21185378691e-08, 3.87146030789e-07, 1.94690846911e-06, 2.60524461737e-06, 6.85777104081e-06, 2.26209649554e-05, 0.000116218070616, 0.000239620349021, 0.00149963283911, 6.72541091262e-06, 6.68744678478e-06, 1.14831536848e-05, 1.83895590453e-05, 1.15602722417e-06, 1.7549682525e-06, 4.96775101055e-07, 2.5865557518e-07, 2.4955875233e-07, 1.57449903782e-07, 2.09170323728e-07, 1.7035962685e-07, 2.15065483644e-07, 1.40189385434e-07, 1.00053377139e-07, 5.56177539579e-08, 5.89149848906e-08, 1.54959721499e-07],
        "dvar": [3.06412559307e-15, 4.14145815894e-14, 1.36123523477e-12, 2.41262543797e-12, 1.80481220247e-11, 2.26831908812e-09, 4.97887029383e-08, 2.65735877747e-07, 1.54346089403e-05, 3.0894309333e-10, 8.37219599203e-11, 1.26952837132e-09, 2.97012769934e-09, 4.38597552374e-12, 2.11995317134e-11, 3.60941311561e-13, 6.02977615212e-14, 5.02828166474e-14, 2.09778043189e-14, 1.37893372393e-13, 4.44085584549e-14, 2.83241258139e-13, 8.17641988187e-14, 1.80878735926e-14, 2.47398355091e-15, 2.18215719542e-15, 1.82813291415e-14],
        "dvar2": [9.16274333154e-15, 1.18855514081e-13, 3.79888958832e-12, 7.43784461105e-12, 5.31347674193e-11, 5.97702198846e-09, 6.9025034577e-08, 4.51189606565e-07, 2.77822109638e-05, 9.07613928458e-10, 1.4185060071e-10, 3.63644403478e-09, 9.05648267491e-09, 1.27793288104e-11, 6.35965100027e-11, 1.0610635634e-12, 1.65237940518e-13, 1.35242321899e-13, 4.36585141682e-14, 2.63571797851e-13, 1.01956203896e-13, 7.83466336512e-13, 1.393864001e-13, 3.35081558312e-14, 5.93398968539e-15, 6.29415360028e-15, 3.12566677185e-14],
        "max": [3.97009955577e-07, 1.09978645924e-06, 1.06438874354e-05, 1.03629181467e-05, 2.79151809082e-05, 0.000494054402225, 0.00361361983232, 0.00677904020995, 0.0551802888513, 0.000155336834723, 0.0001899303752, 0.000351469963789, 0.000498842622619, 1.9471417545e-05, 4.13055895478e-05, 5.88666762269e-06, 2.11746328205e-06, 1.79423898317e-06, 1.63707682077e-06, 4.06833169109e-06, 1.87516161532e-06, 5.40103110325e-06, 2.96883581541e-06, 1.57618842422e-06, 3.9172246602e-07, 3.38800020927e-07, 1.77243305188e-06],
        "mean": [3.3363033225e-08, 3.0863375855e-07, 1.71897954715e-06, 2.03846252589e-06, 5.98885117142e-06, 1.42608132592e-05, 0.00074494065484, 0.00169312104117, 0.0133773367852, 3.01605086861e-06, 2.57461924775e-05, 1.16725113912e-05, 1.59383907885e-05, 8.2482642938e-07, 8.99299777757e-07, 4.73750816354e-07, 2.76103520491e-07, 2.74307325299e-07, 2.15511448687e-07, 2.47103685069e-07, 2.14879946725e-07, 1.84672884984e-07, 1.65991565382e-07, 1.28626695073e-07, 1.0176250953e-07, 9.79700729431e-08, 8.13830297375e-07],
        "median": [2.140398081e-08, 2.50547287806e-07, 1.22027336147e-06, 1.52695349698e-06, 4.5282931751e-06, 3.86334477298e-06, 0.000511722057126, 0.000475236709462, 6.42773593427e-05, 1.28972294533e-06, 1.59232683927e-06, 1.26355087104e-06, 2.4776909413e-06, 5.63643027363e-07, 4.84105498799e-07, 3.88441634414e-07, 2.21691180968e-07, 2.10830904734e-07, 1.7067752367e-07, 1.57902306341e-07, 1.50186181713e-07, 1.22477146647e-07, 1.0541018014e-07, 9.68094653331e-08, 9.24216649878e-08, 7.87431062577e-08, 7.87670728641e-07],
        "min": [2.5713256524e-10, 9.47422762465e-09, 1.92368752039e-08, 5.60337127808e-08, 1.55171349547e-07, 4.86173121317e-07, 2.74800356692e-07, 7.37600885259e-07, 3.99951403551e-07, 8.05861262165e-08, 8.38395664005e-08, 1.58271149076e-07, 6.48470859232e-08, 4.44935537303e-08, 2.39838922056e-08, 2.25281056032e-08, 1.74571148648e-08, 1.77777543797e-08, 1.32854127699e-08, 1.74940559816e-08, 8.054127143e-09, 5.90524384947e-09, 9.35324262485e-09, 5.26813970225e-09, 4.04223055028e-09, 3.90693211116e-09, 5.11131830194e-08],
        "var": [2.09300062497e-15, 6.11440084219e-14, 2.83069943353e-12, 3.34699954384e-12, 2.85964342484e-11, 2.24466911725e-09, 7.46580951727e-07, 4.25844382335e-06, 0.00042524698074, 1.67703975706e-10, 2.42704412123e-09, 1.00474950582e-09, 1.82408499416e-09, 2.79784984243e-12, 1.13828512588e-11, 2.85699388409e-13, 5.92397496075e-14, 5.89270250434e-14, 3.963102497e-14, 1.889642956e-13, 6.33986610497e-14, 2.12175749518e-13, 1.38591164912e-13, 2.75240645705e-14, 4.80681414336e-15, 5.94243883904e-15, 2.15876646528e-13]
    },
    "erbbands": {
        "dmean": [6.35041124042e-06, 6.84675615048e-05, 0.00099868606776, 0.00286665302701, 0.0125890262425, 0.0131810773164, 0.015308062546, 0.165782704949, 0.758657932281, 2.342274189, 15.9279088974, 18.2571296692, 0.732169568539, 0.128582432866, 0.16415014863, 0.356465578079, 0.424622952938, 0.0364173986018, 0.0606324896216, 0.0203637294471, 0.0144691765308, 0.00835093669593, 0.00710981944576, 0.00642510363832, 0.00500753056258, 0.00588670140132, 0.0043723937124, 0.00447684619576, 0.00472679641098, 0.00380286178552, 0.00231887493283, 0.00163937546313, 0.00101642683148, 0.000436336151324, 0.000247294810833, 0.000133496025228, 6.9324967626e-05, 0.000131471722852, 1.16411019917e-05, 2.26083943744e-06],
        "dmean2": [1.08796311906e-05, 0.00012154783326, 0.00167855503969, 0.00485828099772, 0.0225311145186, 0.022663442418, 0.0256361663342, 0.29480266571, 1.26310944557, 3.09588837624, 20.2633628845, 23.7817707062, 1.07310163975, 0.217998072505, 0.227976441383, 0.620243966579, 0.758632719517, 0.0666348859668, 0.114914052188, 0.0376735292375, 0.026710357517, 0.0145640643314, 0.0120592880994, 0.0102540999651, 0.00798950437456, 0.00970311742276, 0.00658154301345, 0.00781048927456, 0.0082582263276, 0.00636084610596, 0.00389506667852, 0.00233409949578, 0.00155793665908, 0.000665126368403, 0.000402769161155, 0.000232022561249, 0.000114780807053, 0.000202311624889, 1.85556764336e-05, 3.16810087497e-06],
        "dvar": [3.54793104618e-11, 4.52806991902e-09, 8.92388754892e-07, 7.88127908891e-06, 0.000252993253525, 0.000174381188117, 0.00063450372545, 0.518195927143, 13.4177312851, 38.8845901489, 3175.85522461, 3643.48339844, 8.74486923218, 0.147518366575, 0.102348923683, 3.9915804863, 5.08657264709, 0.00946072023362, 0.0992690250278, 0.00331921270117, 0.00153541879263, 0.00023846552358, 0.000165443998412, 0.000135056296131, 6.49200883345e-05, 0.000268087198492, 7.27503793314e-05, 0.000107736050268, 0.000371380156139, 0.000241367786657, 6.06441572018e-05, 1.52373659148e-05, 4.8793458518e-06, 4.22786200716e-07, 1.12496053362e-07, 3.37996226563e-08, 7.55508100525e-09, 2.49641871619e-08, 1.90609028561e-10, 1.9433036777e-11],
        "dvar2": [9.7722781256e-11, 1.44105190003e-08, 2.70538612313e-06, 2.45617211476e-05, 0.000757725036237, 0.000478901260067, 0.00174784881528, 1.38420808315, 34.4563941956, 74.0351028442, 4918.87646484, 6481.98730469, 19.7688121796, 0.401978611946, 0.17933267355, 11.7561035156, 15.3543577194, 0.0285286232829, 0.294646203518, 0.0100315175951, 0.00453811744228, 0.000655622978229, 0.000462018244434, 0.000302720727632, 0.000139518087963, 0.000476918765344, 0.000127438412164, 0.000283621164272, 0.00105540838558, 0.000626779568847, 0.000103573067463, 2.22527833103e-05, 9.20009915717e-06, 9.31098611545e-07, 2.84623240532e-07, 9.52132310772e-08, 2.16205524595e-08, 4.28517203943e-08, 4.44697362267e-10, 3.32869391773e-11],
        "max": [3.96250361518e-05, 0.000364569714293, 0.00866170600057, 0.0165239982307, 0.109344594181, 0.0859204158187, 0.258296191692, 7.41168355942, 41.6906166077, 103.523086548, 795.710083008, 857.821716309, 32.3115768433, 3.77605247498, 6.38229179382, 19.1093387604, 21.0888290405, 0.697492837906, 2.80242300034, 0.545034706593, 0.378226429224, 0.126192227006, 0.112148217857, 0.131205782294, 0.0946280136704, 0.177907675505, 0.0938568413258, 0.0873233303428, 0.193454742432, 0.162847802043, 0.0804983079433, 0.0499702394009, 0.0262807887048, 0.00597525108606, 0.00246311770752, 0.00131674227305, 0.000812833139207, 0.00206327624619, 0.000167402686202, 7.03658006387e-05],
        "mean": [8.70903659234e-06, 0.000100649267551, 0.00144895666745, 0.0044915638864, 0.0160371698439, 0.0194053202868, 0.0246345102787, 0.190151944757, 2.22955513, 25.2493495941, 199.019836426, 207.697052002, 6.60496854782, 0.65727519989, 0.913749158382, 0.635692358017, 0.715288698673, 0.062682390213, 0.056642588228, 0.0324371606112, 0.0246085338295, 0.0160419810563, 0.0145526165143, 0.0135609712452, 0.0105806263164, 0.0114880390465, 0.00965687725693, 0.00770679535344, 0.00685488851741, 0.00556935044006, 0.00460492493585, 0.00312449340709, 0.00204348680563, 0.00115018314682, 0.000732813787181, 0.000381405377993, 0.000272135279374, 0.000879432598595, 7.12436522008e-05, 2.41180496232e-05],
        "median": [6.53601455269e-06, 8.47139453981e-05, 0.0011016051285, 0.00375054054894, 0.0101781915873, 0.0146538978443, 0.0188542753458, 0.0575585849583, 1.2190438509, 15.8208999634, 4.08815431595, 1.35723125935, 0.166439145803, 0.239246338606, 0.172990724444, 0.129377514124, 0.109957300127, 0.046486184001, 0.0290019717067, 0.0235862787813, 0.0192143246531, 0.0132065536454, 0.0119111565873, 0.0106155294925, 0.00775403017178, 0.00737095437944, 0.0069766882807, 0.00524983229116, 0.00448965094984, 0.00356637244113, 0.00295812124386, 0.00206589954905, 0.0016016124282, 0.00103459297679, 0.000673805479892, 0.000348105852026, 0.000272074685199, 0.000772699539084, 6.84010155965e-05, 1.03788743218e-05],
        "min": [6.94863729223e-07, 6.78746891936e-06, 6.9619542046e-05, 0.000159133487614, 0.000223398397793, 0.000581183412578, 0.00188668887131, 0.00723662786186, 0.0205417107791, 0.0131983533502, 0.0421057567, 0.0103553738445, 0.00362295564264, 0.00203503388911, 0.00556764937937, 0.00559119554237, 0.00318061979488, 0.00269866152667, 0.00183741049841, 0.000818805128802, 0.00121623196173, 0.00107630155981, 0.00107564998325, 0.000703326950315, 0.000762240088079, 0.000865276204422, 0.000484661752125, 0.000156665584655, 0.000231021927902, 0.00018012682267, 0.00027333147591, 0.000201786635444, 4.89694502903e-05, 4.11023793276e-05, 2.96711568808e-05, 2.30406894843e-05, 2.0932249754e-05, 5.64743022551e-05, 4.41997872258e-06, 3.45528746948e-07],
        "var": [5.40426349505e-11, 6.07829253596e-09, 1.80586573606e-06, 1.11705357995e-05, 0.000315938523272, 0.000285681249807, 0.000693518202752, 0.435021042824, 15.5221405029, 485.593292236, 90172.765625, 102220.023438, 99.7769622803, 0.470113396645, 2.66510105133, 2.81514644623, 3.32100582123, 0.00614232895896, 0.0536029748619, 0.00215039984323, 0.00104010140058, 0.000217179767787, 0.000167230202351, 0.00019922645879, 0.000108366686618, 0.000401097495342, 0.000139989002491, 0.00010462042701, 0.000272590375971, 0.000201906339498, 0.000102824989881, 2.8662969271e-05, 7.14317093298e-06, 7.44526175822e-07, 2.29041603461e-07, 7.2690895081e-08, 3.61819374461e-08, 3.33810561415e-07, 7.79361797321e-10, 5.32858202007e-10]
    },
    "gfcc": {
        "mean": [-257.566345215, 83.2429351807, -100.835884094, -66.7478179932, -87.9397735596, -28.3922348022, -16.3349494934, 7.26730012894, 1.18107044697, 4.04847669601, -15.2267370224, -18.5095119476, -29.8227176666],
        "cov": [[608.556945801, 76.9740600586, -123.254516602, -109.098724365, -200.060409546, -24.2983875275, 68.888092041, 76.8551330566, 30.2805538177, -26.8579959869, -13.3108072281, -6.0443277359, 23.9142932892], [76.9740600586, 422.043121338, -218.007156372, -590.985412598, -252.997161865, -7.03267908096, 308.457489014, 130.697601318, 97.0439224243, -72.3515014648, -16.3596687317, -142.046844482, -3.54524707794], [-123.254516602, -218.007156372, 361.563476562, 448.376037598, 231.319458008, -84.0468902588, -319.87487793, -104.819770813, -78.6381607056, 103.999679565, 19.6470355988, 162.796844482, -24.6191883087], [-109.098724365, -590.985412598, 448.376037598, 1057.69897461, 512.645324707, 11.0176496506, -558.670654297, -262.393218994, -209.248977661, 123.36190033, 37.972984314, 294.349517822, 24.476688385], [-200.060409546, -252.997161865, 231.319458008, 512.645324707, 375.209869385, 58.01953125, -277.71383667, -175.431793213, -133.475036621, 60.6196212769, 18.3716526031, 151.508880615, 17.3113517761], [-24.2983875275, -7.03267908096, -84.0468902588, 11.0176496506, 58.01953125, 131.443847656, 76.8921203613, -24.2757282257, -32.3692321777, -59.1263198853, -9.51874256134, -27.9116153717, 21.6943073273], [68.888092041, 308.457489014, -319.87487793, -558.670654297, -277.71383667, 76.8921203613, 407.586120605, 164.429641724, 119.086936951, -125.401939392, -40.0344619751, -212.361999512, -1.02537620068], [76.8551330566, 130.697601318, -104.819770813, -262.393218994, -175.431793213, -24.2757282257, 164.429641724, 130.259994507, 98.3028259277, -25.8312835693, -14.3780841827, -86.1194839478, -14.9445781708], [30.2805538177, 97.0439224243, -78.6381607056, -209.248977661, -133.475036621, -32.3692321777, 119.086936951, 98.3028259277, 108.182197571, -1.49178361893, -13.9982748032, -81.3889465332, -18.9236011505], [-26.8579959869, -72.3515014648, 103.999679565, 123.36190033, 60.6196212769, -59.1263198853, -125.401939392, -25.8312835693, -1.49178361893, 89.5362625122, 33.950378418, 79.3444366455, -4.70415115356], [-13.3108072281, -16.3596687317, 19.6470355988, 37.972984314, 18.3716526031, -9.51874256134, -40.0344619751, -14.3780841827, -13.9982748032, 33.950378418, 42.3952941895, 52.2514953613, 7.13862943649], [-6.0443277359, -142.046844482, 162.796844482, 294.349517822, 151.508880615, -27.9116153717, -212.361999512, -86.1194839478, -81.3889465332, 79.3444366455, 52.2514953613, 178.792572021, 25.4470272064], [23.9142932892, -3.54524707794, -24.6191883087, 24.476688385, 17.3113517761, 21.6943073273, -1.02537620068, -14.9445781708, -18.9236011505, -4.70415115356, 7.13862943649, 25.4470272064, 36.108581543]],
        "icov": [[0.00414195796475, -0.00484455469996, 0.00403228867799, -0.00449184607714, 0.00693929754198, -0.00456114253029, 0.00490148831159, -0.00438452232629, 0.0026789160911, -0.00396693777293, 0.00723421154544, -0.00218905997463, 0.00131297518965], [-0.00484455469996, 0.0232326518744, -0.0105683598667, 0.0168965831399, -0.0135617367923, 0.0132659561932, -0.015339249745, 0.0106617547572, -0.00421026349068, 0.0115537485108, -0.0117767974734, -0.00193090306129, -0.00767327006906], [0.00403228867799, -0.0105683598667, 0.0220836084336, -0.00977973546833, 0.00172520359047, 0.0010103819659, 0.0115757379681, -0.0125940563157, 0.00558190140873, -0.00524613726884, 0.014486326836, -0.00758490897715, 0.0163834374398], [-0.00449184607714, 0.0168965831399, -0.00977973546833, 0.0196892712265, -0.0135865565389, 0.00433920230716, 0.000203921168577, 0.00380392908119, -0.00418241042644, 0.0127706285566, -0.0108647560701, 0.000898948055692, -0.00890757516026], [0.00693929754198, -0.0135617367923, 0.00172520359047, -0.0135865565389, 0.032248865813, -0.02458592318, 0.0113825472072, 0.00190365954768, 0.00475537637249, -0.0192784983665, 0.0187609903514, -0.00155481684487, 0.0022476746235], [-0.00456114253029, 0.0132659561932, 0.0010103819659, 0.00433920230716, -0.02458592318, 0.0453075915575, -0.0306747648865, 0.0138674015179, -0.00285697681829, 0.0198570229113, -0.0141853764653, -0.00537740625441, -0.000811152916867], [0.00490148831159, -0.015339249745, 0.0115757379681, 0.000203921168577, 0.0113825472072, -0.0306747648865, 0.0591153427958, -0.0338023267686, 0.00291491253302, 0.00602949596941, -0.000140561998705, 0.0160493440926, -0.00530646787956], [-0.00438452232629, 0.0106617547572, -0.0125940563157, 0.00380392908119, 0.00190365954768, 0.0138674015179, -0.0338023267686, 0.0637598931789, -0.0360566973686, 0.0109294019639, -0.00466821203008, -0.0157601796091, 0.00352712813765], [0.0026789160911, -0.00421026349068, 0.00558190140873, -0.00418241042644, 0.00475537637249, -0.00285697681829, 0.00291491253302, -0.0360566973686, 0.0574708543718, -0.0346800982952, 0.0127734327689, 0.0180735830218, -0.000611798255704], [-0.00396693777293, 0.0115537485108, -0.00524613726884, 0.0127706285566, -0.0192784983665, 0.0198570229113, 0.00602949596941, 0.0109294019639, -0.0346800982952, 0.068066380918, -0.0363469794393, -0.0105469897389, -0.00115377816837], [0.00723421154544, -0.0117767974734, 0.014486326836, -0.0108647560701, 0.0187609903514, -0.0141853764653, -0.000140561998705, -0.00466821203008, 0.0127734327689, -0.0363469794393, 0.0756913274527, -0.0272681005299, 0.0150982057676], [-0.00218905997463, -0.00193090306129, -0.00758490897715, 0.000898948055692, -0.00155481684487, -0.00537740625441, 0.0160493440926, -0.0157601796091, 0.0180735830218, -0.0105469897389, -0.0272681005299, 0.0458587631583, -0.0254410579801], [0.00131297518965, -0.00767327006906, 0.0163834374398, -0.00890757516026, 0.0022476746235, -0.000811152916867, -0.00530646787956, 0.00352712813765, -0.000611798255704, -0.00115377816837, 0.0150982057676, -0.0254410579801, 0.0584720745683]]
    },
    "melbands": {
        "dmean": [5.33397042091e-08, 3.68470324474e-07, 7.23696985006e-07, 9.68701783677e-07, 4.83311339394e-07, 4.63566948383e-06, 1.19020824059e-05, 2.28172993957e-05, 0.000193926898646, 9.95978189167e-05, 1.89864431377e-06, 4.42946003432e-07, 7.17847626674e-07, 1.96082012849e-07, 2.16593844016e-06, 2.82976230892e-07, 4.58725040176e-08, 1.02519528866e-07, 5.00302661521e-08, 1.8889942055e-08, 1.66207616559e-08, 9.40899980151e-09, 6.84294176878e-09, 7.79726239131e-09, 5.45488143544e-09, 3.55942231245e-09, 4.52205606294e-09, 3.97406418884e-09, 2.99370328527e-09, 2.97474933575e-09, 2.45718267955e-09, 2.46520426295e-09, 2.82044965161e-09, 1.90236648656e-09, 1.32950039866e-09, 1.63711777468e-09, 8.28280499743e-10, 8.00592370176e-10, 5.65752444892e-10, 3.28740784594e-10],
        "dmean2": [9.04725752093e-08, 6.18760338966e-07, 1.27009980133e-06, 1.69917052517e-06, 7.92117077708e-07, 8.39311724121e-06, 1.75817549461e-05, 3.10972318402e-05, 0.000249939912464, 0.000129648353322, 3.65268942915e-06, 8.00073621576e-07, 9.80262939265e-07, 3.51956430222e-07, 3.81093400392e-06, 5.09737674292e-07, 8.34070661426e-08, 1.94511926566e-07, 9.54601517833e-08, 3.30270886195e-08, 3.00748368431e-08, 1.64901710065e-08, 1.13585931771e-08, 1.36828566255e-08, 8.78213235467e-09, 5.69780711501e-09, 7.34109351086e-09, 6.70301103511e-09, 4.44863301752e-09, 4.91512297529e-09, 4.24424362322e-09, 4.45429115814e-09, 4.86332352168e-09, 3.13782622108e-09, 2.17557305504e-09, 2.29192775869e-09, 1.3348788741e-09, 1.20855669916e-09, 8.98186691689e-10, 5.03656061301e-10],
        "dvar": [2.15788461928e-15, 1.23908262123e-13, 5.78715081499e-13, 1.31228686771e-12, 3.897288037e-13, 4.99875696391e-10, 1.88813165103e-09, 3.83885678801e-09, 4.73032400805e-07, 1.07918957326e-07, 1.80300233077e-10, 2.33434777584e-12, 1.89853861798e-12, 8.10240871792e-13, 1.51716292307e-10, 1.4667588975e-12, 1.381259507e-14, 2.7417391274e-13, 4.52914581653e-14, 8.25241754137e-16, 1.87038660215e-15, 2.42312329878e-16, 1.15250360063e-16, 1.60959315156e-16, 9.31557240095e-17, 2.14264511352e-17, 9.26065951968e-17, 1.44295265408e-16, 3.67825513183e-17, 2.99968744249e-17, 3.64076896083e-17, 8.19913268389e-17, 1.61368193842e-16, 4.5214612107e-17, 1.35681972656e-17, 3.72986061414e-17, 1.76108613569e-18, 3.6575713979e-18, 8.47627121428e-19, 1.89017271091e-19],
        "dvar2": [6.03017366469e-15, 3.69989710527e-13, 1.84670811629e-12, 3.83491198866e-12, 1.14050598393e-12, 1.38386024862e-09, 4.22338342077e-09, 7.33996197155e-09, 7.80103277975e-07, 1.91272647498e-07, 5.38389222093e-10, 6.72919229019e-12, 2.97967336568e-12, 2.33498550356e-12, 4.51233550525e-10, 4.49996203494e-12, 4.03969528185e-14, 8.10204063128e-13, 1.36301980445e-13, 2.43212826486e-15, 5.53236858994e-15, 6.58252914355e-16, 3.23842056847e-16, 4.29454492225e-16, 1.99367362405e-16, 5.13334259167e-17, 1.96562584854e-16, 2.58578459429e-16, 6.70419827958e-17, 7.27239724502e-17, 9.89039873746e-17, 2.34917944006e-16, 4.36827781682e-16, 1.15580279396e-16, 2.78754572474e-17, 5.0694495068e-17, 3.33359866636e-18, 7.32851582475e-18, 1.82890233141e-18, 4.31484988811e-19],
        "max": [2.64798217131e-07, 3.17844501296e-06, 5.29315730091e-06, 7.16010208635e-06, 5.22928166902e-06, 0.000222014175961, 0.00056640204275, 0.000930764013901, 0.00962679740041, 0.00468614930287, 0.000118834796012, 1.28168612719e-05, 2.95654645015e-05, 8.77011734701e-06, 0.000116545139463, 1.09450347736e-05, 1.12882014491e-06, 4.63377409687e-06, 1.94971380552e-06, 2.78675145182e-07, 4.14195000076e-07, 1.29873157562e-07, 9.02976111661e-08, 9.61538120237e-08, 1.08783630992e-07, 5.05801622808e-08, 1.13245164357e-07, 1.24632421716e-07, 7.65759438082e-08, 4.39208811542e-08, 5.36633280035e-08, 9.04901256149e-08, 1.29151970896e-07, 7.10514598268e-08, 4.01459701038e-08, 7.62670921972e-08, 1.36638007575e-08, 2.27885532667e-08, 9.17222831021e-09, 3.54346840759e-09],
        "mean": [7.67676553437e-08, 5.44693648408e-07, 1.14755539471e-06, 1.33429978177e-06, 7.68435199916e-07, 4.0953655116e-06, 5.80853666179e-05, 0.000204208088689, 0.00237044133246, 0.00113353889901, 1.26593499772e-06, 1.01570878996e-06, 3.96366931454e-06, 3.33809083486e-07, 3.64610173165e-06, 4.67760315814e-07, 6.75919267223e-08, 9.03029260257e-08, 5.91949991247e-08, 3.34891012699e-08, 2.65806701094e-08, 1.65842877209e-08, 1.32744926162e-08, 1.33062174612e-08, 1.08196278603e-08, 7.35832728083e-09, 8.30025914667e-09, 7.45055972473e-09, 6.26265528325e-09, 5.10519715391e-09, 4.10208000901e-09, 3.80356990348e-09, 3.5270295573e-09, 2.86375678726e-09, 2.47820119981e-09, 2.714977132e-09, 1.62577939999e-09, 1.50079138006e-09, 1.14599296719e-09, 8.93591645124e-10],
        "median": [5.63718316471e-08, 4.0525503664e-07, 9.28542249312e-07, 9.59425506153e-07, 6.45833438284e-07, 8.82224810539e-07, 3.78995464416e-05, 0.000151896820171, 1.15523534987e-05, 7.12057453711e-06, 2.89054327141e-07, 2.16207041603e-07, 2.18880927605e-07, 1.79242377385e-07, 2.9922819067e-07, 1.42654116075e-07, 4.90198424075e-08, 4.39711200784e-08, 3.60550096445e-08, 2.75541882644e-08, 2.16423998722e-08, 1.29347661471e-08, 1.11406910364e-08, 1.03868753598e-08, 8.20661671952e-09, 5.87439163979e-09, 5.97507465727e-09, 4.81254236462e-09, 4.21215817781e-09, 3.58701268688e-09, 2.80314260692e-09, 2.45133691124e-09, 2.0803889722e-09, 1.89715976262e-09, 1.70468250626e-09, 1.4534664583e-09, 1.21029486433e-09, 1.14405285245e-09, 1.00119335045e-09, 8.20455314798e-10],
        "min": [2.93907609361e-09, 2.21190763483e-08, 2.8632447524e-08, 2.59169503636e-08, 1.88121038747e-08, 1.05814606854e-07, 5.85689008403e-08, 1.22322802554e-07, 2.72434675708e-07, 5.16762526104e-08, 1.64384346135e-08, 7.7144592936e-09, 1.49989300979e-08, 1.92358982076e-08, 8.47497805267e-09, 6.81861367369e-09, 4.66985827785e-09, 3.01897218336e-09, 1.42490941268e-09, 1.51214363253e-09, 1.17753662376e-09, 1.10151032739e-09, 6.82725653789e-10, 8.64533944434e-10, 5.29981281083e-10, 5.09372100055e-10, 7.36210203911e-10, 4.95615881668e-10, 3.06150022e-10, 1.78773509885e-10, 5.64985662421e-11, 1.2445801334e-10, 1.22811316672e-10, 9.64370458489e-11, 1.37990896487e-10, 1.53500365196e-10, 1.0850947918e-10, 2.92844533345e-11, 2.84395285099e-11, 3.81661161009e-11],
        "var": [3.6926617329e-15, 2.53169989313e-13, 8.60880540032e-13, 1.72026726631e-12, 4.49831442711e-13, 3.65708768824e-10, 6.00732441569e-09, 4.84930566813e-08, 1.31612378027e-05, 3.04895775116e-06, 9.26408533219e-11, 3.23305553336e-12, 5.85972034783e-11, 5.47412267425e-13, 1.04411326807e-10, 1.19024950486e-12, 9.95566527302e-15, 1.49162786615e-13, 2.55338979805e-14, 9.11856908103e-16, 1.25788786651e-15, 2.30804619666e-16, 1.29999771243e-16, 1.63476869129e-16, 1.43751549665e-16, 3.76441062484e-17, 1.35393094716e-16, 2.01993032193e-16, 7.16176878641e-17, 3.56404200332e-17, 3.21394211039e-17, 6.31426269184e-17, 1.17892004363e-16, 4.07084596933e-17, 2.06403946339e-17, 6.75690424298e-17, 2.9880640246e-18, 4.88271273905e-18, 1.25085859319e-18, 3.88097065087e-19]
    },
    "mfcc": {
        "mean": [-930.606140137, 148.596328735, 6.09371137619, -24.8183803558, -38.8653678894, -30.5004653931, -22.0170097351, -12.0842294693, -0.76793718338, 10.7127094269, 14.5286254883, 12.6766138077, 0.763154387474],
        "cov": [[666.811035156, 96.4367675781, -65.649269104, 56.194934845, -106.124923706, -65.8008270264, -68.0264663696, -7.55166816711, -13.6950292587, -53.092956543, -79.9624099731, -20.8996906281, 71.4155654907], [96.4367675781, 405.50390625, -1.61032474041, -222.475280762, -186.021850586, -152.987701416, -19.1457767487, -9.41889476776, 33.2586326599, 0.163703814149, 26.0083122253, 27.8576393127, 55.4192123413], [-65.649269104, -1.61032474041, 101.844192505, 86.7548370361, 47.4855194092, -26.2080230713, -51.9618492126, -34.5294418335, -29.0812339783, -30.3514251709, -20.4555263519, 6.18108034134, 53.3450698853], [56.194934845, -222.475280762, 86.7548370361, 423.648040771, 304.724395752, 117.989959717, -72.6901016235, -81.137298584, -95.3796539307, -128.877883911, -138.113006592, -45.9178733826, 94.8306045532], [-106.124923706, -186.021850586, 47.4855194092, 304.724395752, 323.196746826, 168.325057983, -11.9541540146, -53.5622520447, -75.4457626343, -103.541511536, -101.607887268, -44.1357765198, 38.669960022], [-65.8008270264, -152.987701416, -26.2080230713, 117.989959717, 168.325057983, 169.864685059, 67.7630767822, 13.705488205, -25.54347229, -42.1760940552, -46.4720344543, -39.3730812073, -47.0226669312], [-68.0264663696, -19.1457767487, -51.9618492126, -72.6901016235, -11.9541540146, 67.7630767822, 107.48677063, 61.6859779358, 21.7137908936, 25.6186294556, 22.5569248199, -12.6671113968, -82.6393508911], [-7.55166816711, -9.41889476776, -34.5294418335, -81.137298584, -53.5622520447, 13.705488205, 61.6859779358, 75.246963501, 41.4735183716, 45.0057220459, 39.1915092468, 2.42997527122, -64.7183990479], [-13.6950292587, 33.2586326599, -29.0812339783, -95.3796539307, -75.4457626343, -25.54347229, 21.7137908936, 41.4735183716, 66.4671325684, 64.7195510864, 48.6154289246, 15.4682254791, -44.1644668579], [-53.092956543, 0.163703814149, -30.3514251709, -128.877883911, -103.541511536, -42.1760940552, 25.6186294556, 45.0057220459, 64.7195510864, 115.139282227, 89.2157211304, 23.942407608, -71.1761703491], [-79.9624099731, 26.0083122253, -20.4555263519, -138.113006592, -101.607887268, -46.4720344543, 22.5569248199, 39.1915092468, 48.6154289246, 89.2157211304, 103.864822388, 37.3542480469, -58.0296096802], [-20.8996906281, 27.8576393127, 6.18108034134, -45.9178733826, -44.1357765198, -39.3730812073, -12.6671113968, 2.42997527122, 15.4682254791, 23.942407608, 37.3542480469, 35.2734947205, 12.680762291], [71.4155654907, 55.4192123413, 53.3450698853, 94.8306045532, 38.669960022, -47.0226669312, -82.6393508911, -64.7183990479, -44.1644668579, -71.1761703491, -58.0296096802, 12.680762291, 146.252044678]],
