{
"lowlevel": {
    "average_loudness": 0.987715423107,
    "barkbands_crest": {
        "dmean": 0.825451016426,
        "dmean2": 0.939463675022,
        "dvar": 0.367837190628,
        "dvar2": 0.580699443817,
        "max": 16.3096923828,
        "mean": 14.4484548569,
        "median": 14.3877840042,
        "min": 9.48404788971,
        "var": 0.960113048553
    },
    "barkbands_flatness_db": {
        "dmean": 0.00811300799251,
        "dmean2": 0.0120947593823,
        "dvar": 0.000160937081091,
        "dvar2": 0.000148058737977,
        "max": 0.47158241272,
        "mean": 0.445569455624,
        "median": 0.449068188667,
        "min": 0.236656159163,
        "var": 0.000340357655659
    },
    "barkbands_kurtosis": {
        "dmean": 1.24356663227,
        "dmean2": 1.38681912422,
        "dvar": 4.68630838394,
        "dvar2": 5.02484226227,
        "max": 40.4707679749,
        "mean": 6.17826223373,
        "median": 5.74180698395,
        "min": 3.75670480728,
        "var": 6.84140491486
    },
    "barkbands_skewness": {
        "dmean": 0.0859067216516,
        "dmean2": 0.117319844663,
        "dvar": 0.0345019176602,
        "dvar2": 0.0369677878916,
        "max": 4.20085668564,
        "mean": 1.39799141884,
        "median": 1.3778809309,
        "min": 0.889122664928,
        "var": 0.0456142053008
    },
    "barkbands_spread": {
        "dmean": 0.0861759707332,
        "dmean2": 0.0896263569593,
        "dvar": 0.00978890713304,
        "dvar2": 0.00914772413671,
        "max": 2.52551102638,
        "mean": 1.07954728603,
        "median": 1.06484091282,
        "min": 0.895498991013,
        "var": 0.017434483394
    },
    "dissonance": {
        "dmean": 0.0431778803468,
        "dmean2": 0.0640416070819,
        "dvar": 0.00128629070241,
        "dvar2": 0.00270556239411,
        "max": 0.460661560297,
        "mean": 0.389098912477,
        "median": 0.386133998632,
        "min": 0.253358632326,
        "var": 0.00211557862349
    },
    "dynamic_complexity": 0.327397793531,
    "erbbands_crest": {
        "dmean": 0.855633795261,
        "dmean2": 1.08116996288,
        "dvar": 0.441047042608,
        "dvar2": 0.665373623371,
        "max": 12.3745851517,
        "mean": 9.7944355011,
        "median": 9.50559997559,
        "min": 7.94705295563,
        "var": 1.04755818844
    },
    "erbbands_flatness_db": {
        "dmean": 0.00879448466003,
        "dmean2": 0.0122647695243,
        "dvar": 0.000157411515829,
        "dvar2": 0.000157072558068,
        "max": 0.366367697716,
        "mean": 0.340013623238,
        "median": 0.343284040689,
        "min": 0.136851355433,
        "var": 0.000349027599441
    },
    "erbbands_kurtosis": {
        "dmean": 1.06337118149,
        "dmean2": 1.55721783638,
        "dvar": 0.994545519352,
        "dvar2": 2.3611433506,
        "max": 16.5518379211,
        "mean": 8.72489929199,
        "median": 8.54587078094,
        "min": 4.87884998322,
        "var": 2.37104558945
    },
    "erbbands_skewness": {
        "dmean": 0.12377282232,
        "dmean2": 0.168667301536,
        "dvar": 0.0077963033691,
        "dvar2": 0.0176695976406,
        "max": 2.70046210289,
        "mean": 2.00645852089,
        "median": 1.99193680286,
        "min": 1.68250465393,
        "var": 0.0264556054026
    },
    "erbbands_spread": {
        "dmean": 0.425169348717,
        "dmean2": 0.55408680439,
        "dvar": 2.04597067833,
        "dvar2": 2.08533263206,
        "max": 27.6925449371,
        "mean": 5.41801834106,
        "median": 5.2001452446,
        "min": 4.01268911362,
        "var": 2.23016190529
    },
    "hfc": {
        "dmean": 3.63117551804,
        "dmean2": 3.62788081169,
        "dvar": 4.57818031311,
        "dvar2": 4.82261323929,
        "max": 23.4551334381,
        "mean": 17.0703430176,
        "median": 16.8075580597,
        "min": 0.209024548531,
        "var": 17.790763855
    },
    "melbands_crest": {
        "dmean": 1.27880966663,
        "dmean2": 1.29335939884,
        "dvar": 0.627225935459,
        "dvar2": 0.828643918037,
        "max": 24.8237819672,
        "mean": 22.0098896027,
        "median": 21.9679718018,
        "min": 16.6168613434,
        "var": 2.28713607788
    },
    "melbands_flatness_db": {
        "dmean": 0.00934335961938,
        "dmean2": 0.0139707513154,
        "dvar": 0.000187735364307,
        "dvar2": 0.000192782055819,
        "max": 0.623407363892,
        "mean": 0.591392874718,
        "median": 0.596006393433,
        "min": 0.371325910091,
        "var": 0.00048814775073
    },
    "melbands_kurtosis": {
        "dmean": 1.63571298122,
        "dmean2": 1.82801437378,
        "dvar": 8.95065498352,
        "dvar2": 9.37891769409,
        "max": 58.0534706116,
        "mean": 11.7114028931,
        "median": 11.2245559692,
        "min": 7.06339836121,
        "var": 12.3418188095
    },
    "melbands_skewness": {
        "dmean": 0.132252395153,
        "dmean2": 0.149490118027,
        "dvar": 0.0353808440268,
        "dvar2": 0.0425962619483,
        "max": 4.61575317383,
        "mean": 2.11753439903,
        "median": 2.07801008224,
        "min": 1.46194970608,
        "var": 0.0565134957433
    },
    "melbands_spread": {
        "dmean": 0.0671923235059,
        "dmean2": 0.0732701942325,
        "dvar": 0.00426792679355,
        "dvar2": 0.00456943828613,
        "max": 1.8037198782,
        "mean": 0.988048791885,
        "median": 0.982304751873,
        "min": 0.795596241951,
        "var": 0.00910915527493
    },
    "pitch_salience": {
        "dmean": 0.0234795752913,
        "dmean2": 0.0253153946251,
        "dvar": 0.000313696247758,
        "dvar2": 0.000362208695151,
        "max": 0.715282976627,
        "mean": 0.5244384408,
        "median": 0.523454427719,
        "min": 0.480602532625,
        "var": 0.000859050196595
    },
    "silence_rate_20dB": {
        "dmean": 0,
        "dmean2": 0,
        "dvar": 0,
        "dvar2": 0,
        "max": 1,
        "mean": 1,
        "median": 1,
        "min": 1,
        "var": 0
    },
    "silence_rate_30dB": {
        "dmean": 0.214814811945,
        "dmean2": 0.427509307861,
        "dvar": 0.168669447303,
        "dvar2": 0.430618166924,
        "max": 1,
        "mean": 0.129151284695,
        "median": 0,
        "min": 0,
        "var": 0.112471051514
    },
    "silence_rate_60dB": {
        "dmean": 0,
        "dmean2": 0,
        "dvar": 0,
        "dvar2": 0,
        "max": 0,
        "mean": 0,
        "median": 0,
        "min": 0,
        "var": 0
    },
    "spectral_centroid": {
        "dmean": 5.68083190918,
        "dmean2": 5.59489011765,
        "dvar": 11.2997980118,
        "dvar2": 14.1122875214,
        "max": 206.624954224,
        "mean": 177.515899658,
        "median": 177.008514404,
        "min": 164.090881348,
        "var": 46.0158195496
    },
    "spectral_complexity": {
        "dmean": 0.740740716457,
        "dmean2": 1.2416356802,
        "dvar": 0.46611815691,
        "dvar2": 0.889569699764,
        "max": 8,
        "mean": 6.39852380753,
        "median": 6,
        "min": 1,
        "var": 0.704647302628
    },
    "spectral_decrease": {
        "dmean": 5.80555692409e-09,
        "dmean2": 5.83210324479e-09,
        "dvar": 1.27548024451e-17,
        "dvar2": 1.35304224086e-17,
        "max": -3.70406788575e-10,
        "mean": -3.12250882928e-08,
        "median": -3.07134584432e-08,
        "min": -4.14501180046e-08,
        "var": 4.61976170033e-17
    },
    "spectral_energy": {
        "dmean": 0.022240543738,
        "dmean2": 0.022338964045,
        "dvar": 0.000186915611266,
        "dvar2": 0.000198312875,
        "max": 0.158569574356,
        "mean": 0.119398742914,
        "median": 0.117479152977,
        "min": 0.00141696154606,
        "var": 0.000677795615047
    },
    "spectral_energyband_high": {
        "dmean": 5.02611953834e-07,
        "dmean2": 7.25823440462e-07,
        "dvar": 3.07164992226e-13,
        "dvar2": 5.82115031091e-13,
        "max": 5.48898651687e-06,
        "mean": 1.47957734953e-06,
        "median": 1.15180466764e-06,
        "min": 5.26593680661e-07,
        "var": 8.22946799681e-13
    },
    "spectral_energyband_low": {
        "dmean": 0.0151717402041,
        "dmean2": 0.015656830743,
        "dvar": 9.56287694862e-05,
        "dvar2": 9.77679083007e-05,
        "max": 0.113674663007,
        "mean": 0.085992500186,
        "median": 0.084741897881,
        "min": 0.00108699977864,
        "var": 0.000321048428304
    },
    "spectral_energyband_middle_high": {
        "dmean": 1.10939336082e-05,
        "dmean2": 1.41316686495e-05,
        "dvar": 7.44392325558e-11,
        "dvar2": 1.2821679829e-10,
        "max": 9.88201863947e-05,
        "mean": 5.75228841626e-05,
        "median": 5.78716972086e-05,
        "min": 7.65464756114e-06,
        "var": 2.57053739405e-10
    },
    "spectral_energyband_middle_low": {
        "dmean": 0.0102670509368,
        "dmean2": 0.0104323942214,
        "dvar": 3.43476749549e-05,
        "dvar2": 3.53097748302e-05,
        "max": 0.0615726150572,
        "mean": 0.0416202656925,
        "median": 0.0405402854085,
        "min": 0.000482364790514,
        "var": 0.000138346731546
    },
    "spectral_entropy": {
        "dmean": 0.0839009732008,
        "dmean2": 0.104739390314,
        "dvar": 0.0174583736807,
        "dvar2": 0.0135989002883,
        "max": 7.3707690239,
        "mean": 5.05773925781,
        "median": 5.0527510643,
        "min": 4.75593852997,
        "var": 0.0351665169001
    },
    "spectral_flux": {
        "dmean": 0.0187303572893,
        "dmean2": 0.0319179072976,
        "dvar": 0.00046876934357,
        "dvar2": 0.000697002746165,
        "max": 0.352690160275,
        "mean": 0.0695714950562,
        "median": 0.0678557008505,
        "min": 0.0368183963001,
        "var": 0.000602494983468
    },
    "spectral_kurtosis": {
        "dmean": 18.2541294098,
        "dmean2": 32.193813324,
        "dvar": 233.907089233,
        "dvar2": 613.501342773,
        "max": 129.064178467,
        "mean": 79.5599746704,
        "median": 81.517074585,
        "min": 4.34701824188,
        "var": 519.536315918
    },
    "spectral_rms": {
        "dmean": 0.00102537986822,
        "dmean2": 0.00102555309422,
        "dvar": 6.22779623427e-07,
        "dvar2": 6.55868632293e-07,
        "max": 0.0124379266053,
        "mean": 0.0107171591371,
        "median": 0.0107057839632,
        "min": 0.00117575575132,
        "var": 1.6289592395e-06
    },
    "spectral_rolloff": {
        "dmean": 7.177734375,
        "dmean2": 14.0886383057,
        "dvar": 103.039642334,
        "dvar2": 104.88394165,
        "max": 215.33203125,
        "mean": 186.567687988,
        "median": 193.798828125,
        "min": 172.265625,
        "var": 106.838951111
    },
    "spectral_skewness": {
        "dmean": 0.936958730221,
        "dmean2": 1.64958763123,
        "dvar": 0.575708806515,
        "dvar2": 1.50140798092,
        "max": 9.52239513397,
        "mean": 6.9812207222,
        "median": 7.04098415375,
        "min": 2.27203345299,
        "var": 1.26031386852
    },
    "spectral_spread": {
        "dmean": 304637.75,
        "dmean2": 453293.6875,
        "dvar": 1.24403344998e+12,
        "dvar2": 713951215616,
        "max": 23851304,
        "mean": 1254467.5,
        "median": 1149703,
        "min": 700431.375,
        "var": 2.02714605158e+12
    },
    "spectral_strongpeak": {
        "dmean": 0.382810682058,
        "dmean2": 0.700417459011,
        "dvar": 0.0844329223037,
        "dvar2": 0.134264588356,
        "max": 1.58501815796,
        "mean": 1.04821264744,
        "median": 1.12367010117,
        "min": 0.0332153812051,
        "var": 0.108473226428
    },
    "zerocrossingrate": {
        "dmean": 0.000320095481584,
        "dmean2": 0.000495541957207,
        "dvar": 1.93354409816e-07,
        "dvar2": 2.10889908203e-07,
        "max": 0.00732421875,
        "mean": 0.00650441087782,
        "median": 0.0068359375,
        "min": 0.001953125,
        "var": 2.70152355597e-07
    },
    "barkbands": {
        "dmean": [1.75755030796e-05, 0.00123937812168, 0.0133380722255, 0.00775413075462, 0.00600437773392, 0.000711369328201, 0.000127806619275, 0.000139638068504, 1.26969616758e-05, 4.94941423312e-06, 4.40987150796e-06, 1.80809968242e-06, 1.18991488307e-06, 7.66085463511e-07, 6.18311560174e-07, 2.30183843541e-07, 1.82883340472e-07, 4.13303695268e-07, 5.5605102034e-07, 2.56931457443e-07, 2.83607704432e-07, 3.87719545358e-08, 1.50161909573e-08, 7.39808285743e-08, 2.11964099606e-08, 1.59942015188e-08, 4.85454920707e-09],
        "dmean2": [2.58680993284e-05, 0.00132060842589, 0.0135420653969, 0.00791854877025, 0.00595287838951, 0.000714328780305, 0.000152652806719, 0.000151735323016, 1.58248931257e-05, 7.06206856194e-06, 5.30202032678e-06, 2.49918025474e-06, 1.74438741851e-06, 1.02301123661e-06, 8.84245196175e-07, 3.21379303614e-07, 2.71832902854e-07, 5.8977224171e-07, 7.63320770147e-07, 3.60530179933e-07, 4.15008543087e-07, 5.90245576859e-08, 2.47835227896e-08, 1.1550849166e-07, 3.28022800034e-08, 2.65135948752e-08, 8.32244051452e-09],
        "dvar": [6.13911987912e-09, 1.01959551557e-06, 6.66957494104e-05, 1.80619936145e-05, 1.06849329313e-05, 1.4613992505e-07, 7.2243007132e-09, 7.30357951895e-09, 7.91470569639e-11, 1.6877436948e-11, 8.09349028769e-12, 2.19533093961e-12, 9.36390721906e-13, 2.87936043281e-13, 2.62088961644e-13, 3.91002402439e-14, 2.41019193264e-14, 1.24142991893e-13, 1.97838395514e-13, 4.71268227079e-14, 1.09207551314e-13, 1.61790005662e-15, 2.7236217364e-16, 9.85504707625e-15, 4.98177398669e-16, 4.36981624041e-16, 1.6270751175e-16],
        "dvar2": [6.42381525751e-09, 1.15551210911e-06, 7.32766056899e-05, 2.1789008315e-05, 1.35246846185e-05, 1.85271517239e-07, 9.98840388178e-09, 1.09224700395e-08, 1.19120630027e-10, 3.06447228704e-11, 1.50737929083e-11, 4.02843687228e-12, 2.04243371348e-12, 5.4717032771e-13, 5.21945442596e-13, 8.49094896498e-14, 5.54424975168e-14, 2.98846423953e-13, 4.31847943906e-13, 8.67581831029e-14, 2.12831054863e-13, 3.31569035499e-15, 5.97665812308e-16, 2.15360786523e-14, 1.08228512517e-15, 9.65351697404e-16, 3.08423066122e-16],
        "max": [0.00136255472898, 0.016265688464, 0.0896245837212, 0.0369948446751, 0.0296379588544, 0.00362012512051, 0.000976962735876, 0.000846648646984, 0.000136862421641, 3.73021757696e-05, 3.3302931115e-05, 1.60655799846e-05, 8.24819562695e-06, 5.54644930162e-06, 5.39043139725e-06, 2.10782741306e-06, 1.401047939e-06, 2.83702115667e-06, 3.93170012103e-06, 2.33183050113e-06, 3.14377757604e-06, 3.52012165195e-07, 2.30647245303e-07, 8.8850413249e-07, 2.00471973244e-07, 1.77131994405e-07, 1.93136557414e-07],
        "mean": [8.41547225718e-05, 0.0133694568649, 0.0642677247524, 0.0199843980372, 0.0185182783753, 0.00205197185278, 0.000558131258003, 0.000443460303359, 6.05919703958e-05, 1.54548633873e-05, 2.13578332477e-05, 7.91692218627e-06, 4.61854187961e-06, 2.7073176625e-06, 2.5283436571e-06, 8.01821556706e-07, 5.96673430664e-07, 1.10377573037e-06, 1.84587599961e-06, 8.50911931138e-07, 6.78361061546e-07, 1.14820501551e-07, 5.33502628741e-08, 1.21410721476e-07, 4.69331737918e-08, 2.99464453235e-08, 2.67364477224e-08],
        "median": [7.85362863098e-05, 0.0133988913149, 0.064096108079, 0.0202708356082, 0.0182252861559, 0.00196440867148, 0.000547822157387, 0.000445784884505, 5.70652882743e-05, 1.43632078107e-05, 2.14131760004e-05, 7.64893138694e-06, 4.5785900511e-06, 2.71084263659e-06, 2.43894442065e-06, 6.618123507e-07, 5.57112969091e-07, 9.90793068922e-07, 1.75509023848e-06, 7.71565112245e-07, 5.001147656e-07, 9.42759399436e-08, 4.79964441524e-08, 6.52012559499e-08, 3.84365819173e-08, 2.26479475174e-08, 2.48412685977e-08],
        "min": [5.301312558e-05, 0.000356631207978, 0.000497705652378, 0.000308080983814, 0.000117205636343, 3.72034410248e-05, 1.18952484627e-05, 4.62902835352e-06, 2.84833640762e-06, 1.8134956008e-06, 1.00841089079e-06, 1.0250834066e-06, 8.33189744753e-07, 6.42288568997e-07, 7.58950989166e-07, 2.06157551474e-07, 1.62783493352e-07, 3.31315220592e-07, 3.25446109173e-07, 2.21802793021e-07, 1.23458846701e-07, 3.4445022834e-08, 1.77210743857e-08, 1.91038349584e-08, 1.34149162889e-08, 5.06256903066e-09, 1.75519385692e-08],
        "var": [6.18440854083e-09, 2.5642257242e-06, 0.000244824070251, 7.79725960456e-05, 4.67154786747e-05, 6.48547597848e-07, 2.57781582746e-08, 3.14716466221e-08, 6.00369143289e-10, 5.58859625244e-11, 3.27785090737e-11, 4.9770435169e-12, 1.75567232193e-12, 9.23605701468e-13, 8.16588983932e-13, 1.61079577953e-13, 4.68994892293e-14, 2.61408272416e-13, 4.77992320204e-13, 1.45913053233e-13, 2.77378814362e-13, 3.81617099507e-15, 5.6481591585e-16, 1.86138437834e-14, 8.8728374115e-16, 5.84795146674e-16, 2.47425576613e-16]
    },
    "erbbands": {
        "dmean": [0.0047166896984, 0.30789154768, 8.93269538879, 21.8750915527, 15.3161010742, 19.8650779724, 8.99097633362, 5.29178190231, 3.24582290649, 2.31777954102, 1.23988497257, 0.291984081268, 0.131374999881, 0.203294172883, 0.14724548161, 0.0693661496043, 0.0615291930735, 0.0394056737423, 0.037267588079, 0.0198949240148, 0.0111777922139, 0.00948734022677, 0.0144440708682, 0.034844931215, 0.0199295710772, 0.0119752865285, 0.013208004646, 0.00848697032779, 0.00195904518478, 0.000803636619821, 0.000415342656197, 0.000884801440407, 0.00159020826686, 0.000245618139161, 0.000208157478482, 0.000116290371807, 2.26394840865e-05, 2.86533190774e-06, 1.01436426121e-05, 2.42143396463e-05],
        "dmean2": [0.00647105183452, 0.341106504202, 9.25873851776, 22.6812171936, 15.138628006, 19.8286151886, 9.06638622284, 5.3461971283, 3.3737308979, 2.64084482193, 1.62573564053, 0.365518838167, 0.156101182103, 0.290268480778, 0.206687510014, 0.0923202186823, 0.0919231846929, 0.0521052516997, 0.0519730895758, 0.0287051070482, 0.0157679598778, 0.014035015367, 0.0208093393594, 0.0466289892793, 0.0267100073397, 0.0165404938161, 0.0197826642543, 0.01209057495, 0.00288720568642, 0.00123755971435, 0.000661290425342, 0.00136367930099, 0.00248319259845, 0.000378516298952, 0.000323013431625, 0.000184541961062, 3.64646002708e-05, 4.7514167818e-06, 1.01945897768e-05, 2.43017711909e-05],
        "dvar": [7.3493574746e-05, 0.127453297377, 42.3918113708, 148.154724121, 98.7276153564, 108.072662354, 24.2699565887, 8.47448825836, 3.4500412941, 1.91393387318, 0.797215640545, 0.0406223088503, 0.00924437306821, 0.0286039859056, 0.0115493359044, 0.00283602252603, 0.00222148629837, 0.000776365050115, 0.000794458319433, 0.000273445097264, 8.49679418025e-05, 6.43815146759e-05, 0.000168146958458, 0.000635606993455, 0.000226083007874, 9.37023578444e-05, 0.000189881087863, 0.000118688614748, 4.59276589027e-06, 7.79360902925e-07, 2.04275579563e-07, 1.07980110897e-06, 5.09628762302e-06, 1.07429698915e-07, 4.27286650506e-08, 1.43533451791e-08, 1.09724496156e-09, 6.90332305209e-11, 3.8839417793e-11, 2.21211354789e-10],
        "dvar2": [8.36157487356e-05, 0.14115819335, 45.1086921692, 147.739837646, 136.802993774, 110.780670166, 27.1241950989, 10.6834888458, 4.968272686, 3.59090518951, 1.51648962498, 0.0741366371512, 0.0159295927733, 0.0570975467563, 0.0210896506906, 0.00541871739551, 0.00487828720361, 0.00168049999047, 0.00157209974714, 0.000543924805243, 0.000189097889233, 0.00014620203001, 0.000425189849921, 0.0013839477906, 0.000417094619479, 0.000179898168426, 0.000398752978072, 0.000229029741604, 9.19452668313e-06, 1.84389148217e-06, 4.61175659439e-07, 2.3705545118e-06, 1.13323958431e-05, 2.34899260931e-07, 9.95379565438e-08, 3.16868060679e-08, 2.38265851493e-09, 1.2341362654e-10, 5.42344710808e-11, 2.37825620308e-10],
        "max": [0.191462010145, 6.23574447632, 85.9183273315, 104.823516846, 113.252449036, 92.9721603394, 43.6842422485, 26.8163280487, 16.9806652069, 20.1255130768, 9.25491714478, 2.77294492722, 1.34402000904, 1.58850419521, 1.40851902962, 0.563283801079, 0.426826566458, 0.295935064554, 0.305779665709, 0.190720751882, 0.0978909507394, 0.0753137171268, 0.117953240871, 0.271102070808, 0.141382545233, 0.102606520057, 0.124618858099, 0.107299610972, 0.0223639085889, 0.00939181447029, 0.00608769059181, 0.00854388251901, 0.0205664895475, 0.00318190804683, 0.00161751965061, 0.000986984348856, 0.000356047210516, 0.000115881462989, 9.37267395784e-05, 0.00017282673798],
        "mean": [0.0741411224008, 5.47478151321, 67.8695983887, 61.2322769165, 80.5254974365, 54.1712341309, 25.4736309052, 15.0965251923, 8.80217552185, 11.5373935699, 5.20355033875, 1.55174744129, 0.536725282669, 0.843677163124, 0.697484433651, 0.288749009371, 0.229673713446, 0.153829306364, 0.144208535552, 0.084094107151, 0.0422887653112, 0.0331912860274, 0.0426466204226, 0.109017424285, 0.0665363967419, 0.0397233776748, 0.034740101546, 0.0189370904118, 0.00516892690212, 0.00264369230717, 0.00143202580512, 0.0019030419644, 0.00237798714079, 0.000528358854353, 0.000462007039459, 0.000254930142546, 6.95121125318e-05, 1.00640572782e-05, 5.61207525607e-05, 0.000130202490254],
        "median": [0.0736917629838, 5.49360895157, 68.1183242798, 57.9981956482, 79.4487304688, 52.5865783691, 24.16746521, 14.7100257874, 8.54447078705, 11.6472225189, 5.23065567017, 1.53581082821, 0.483461588621, 0.832815229893, 0.680024921894, 0.2700971663, 0.226448625326, 0.149683743715, 0.143424957991, 0.0752530992031, 0.0382401719689, 0.030903255567, 0.0400761216879, 0.104342676699, 0.0630288273096, 0.0363904684782, 0.028215687722, 0.0128940027207, 0.00398133229464, 0.00225679669529, 0.00125984696206, 0.00127742183395, 0.00110930530354, 0.000342173618264, 0.000392845278839, 0.000212693179492, 5.92358264839e-05, 8.48370927997e-06, 5.5455682741e-05, 0.000128106708871],
        "min": [0.00784930586815, 0.093388967216, 0.484773010015, 0.943404436111, 0.631518304348, 0.338389307261, 0.33596816659, 0.305392801762, 0.23083165288, 0.0768616348505, 0.123621471226, 0.0645878091455, 0.04876614362, 0.0616570152342, 0.0398696437478, 0.0390644669533, 0.0391342006624, 0.0341657623649, 0.0375939719379, 0.0222502686083, 0.0146451294422, 0.0118728131056, 0.0155579419807, 0.0175928063691, 0.0154894860461, 0.0116419736296, 0.00818093493581, 0.00380879966542, 0.00139652809594, 0.00095493462868, 0.000498781679198, 0.000448226637673, 0.000396803749027, 0.000177697627805, 0.000154401073814, 8.90641385922e-05, 3.05971807393e-05, 5.07980485054e-06, 2.507595309e-05, 3.85964403904e-06],
        "var": [8.34151360323e-05, 0.22098402679, 122.749282837, 620.769348145, 319.295288086, 514.89855957, 103.408905029, 35.9476203918, 14.1847362518, 11.2439937592, 2.76651930809, 0.239177629352, 0.0597826130688, 0.0783478394151, 0.0582975670695, 0.00929217785597, 0.00445239013061, 0.00264417426661, 0.00222410517745, 0.0012898092391, 0.00025352081866, 0.000136402726639, 0.000318811333273, 0.00181964691728, 0.00067028903868, 0.000297531281831, 0.000470414379379, 0.000296292768326, 1.11382078103e-05, 1.4583885104e-06, 4.4504389507e-07, 2.42637702286e-06, 8.85705594555e-06, 1.99664953016e-07, 6.90949590876e-08, 2.15934203851e-08, 1.44929035439e-09, 1.05921368898e-10, 1.32722138835e-10, 8.00868205086e-10]
    },
    "gfcc": {
        "mean": [-143.193283081, 221.838760376, -23.3017845154, 28.091966629, -29.9489631653, -23.0306186676, -17.1347522736, -15.6324625015, -24.8942565918, -12.9588842392, -4.77634859085, -26.4049625397, -8.73501491547],
        "cov": [[269.756530762, -13.0562829971, -30.7307071686, 16.5518684387, -55.7078323364, -15.4404211044, -18.192358017, -6.10155820847, -29.6393547058, -2.70729494095, -6.8518614769, -21.2921295166, 25.9873752594], [-13.0562829971, 90.9268112183, 0.605156779289, -26.0206184387, 29.4478492737, -42.5311164856, 14.0166215897, -14.7421417236, 0.610904693604, -4.67955732346, 7.26531600952, -3.79654550552, -9.4958524704], [-30.7307071686, 0.605156779289, 28.3746604919, -0.360542684793, 6.742146492, 2.7544260025, -6.46945714951, 0.0058692083694, -1.47333979607, 0.512032628059, 4.58716344833, 1.98449552059, -8.31106948853], [16.5518684387, -26.0206184387, -0.360542684793, 17.5386600494, -15.3795537949, 12.4760665894, -1.87293195724, 0.103081144392, 0.526502013206, -1.09477317333, 1.03404092789, -1.56372094154, 6.01799488068], [-55.7078323364, 29.4478492737, 6.742146492, -15.3795537949, 26.4629802704, -13.5561504364, 4.21793746948, -3.04927372932, 3.15361738205, -0.00146928895265, 1.38126087189, 6.59563875198, -10.9053878784], [-15.4404211044, -42.5311164856, 2.7544260025, 12.4760665894, -13.5561504364, 31.5887546539, -2.63809370995, 10.2293739319, 5.91260910034, 0.494042009115, -2.3481631279, -0.805182814598, 5.19491386414], [-18.192358017, 14.0166215897, -6.46945714951, -1.87293195724, 4.21793746948, -2.63809370995, 12.1119012833, -1.65449011326, 4.80056428909, -0.760828256607, -1.00075924397, -0.0832380503416, 0.212098121643], [-6.10155820847, -14.7421417236, 0.0058692083694, 0.103081144392, -3.04927372932, 10.2293739319, -1.65449011326, 10.5276699066, 1.70783483982, 1.18740129471, -3.16081666946, -2.0576672554, 1.05833089352], [-29.6393547058, 0.610904693604, -1.47333979607, 0.526502013206, 3.15361738205, 5.91260910034, 4.80056428909, 1.70783483982, 10.6060581207, -1.96492695808, -1.4361038208, -0.109789445996, -1.49472236633], [-2.70729494095, -4.67955732346, 0.512032628059, -1.09477317333, -0.00146928895265, 0.494042009115, -0.760828256607, 1.18740129471, -1.96492695808, 5.27009105682, -2.14858746529, 1.22094869614, 0.190608799458], [-6.8518614769, 7.26531600952, 4.58716344833, 1.03404092789, 1.38126087189, -2.3481631279, -1.00075924397, -3.16081666946, -1.4361038208, -2.14858746529, 8.21458625793, -0.440948992968, -0.770372092724], [-21.2921295166, -3.79654550552, 1.98449552059, -1.56372094154, 6.59563875198, -0.805182814598, -0.0832380503416, -2.0576672554, -0.109789445996, 1.22094869614, -0.440948992968, 9.73530673981, -3.37320828438], [25.9873752594, -9.4958524704, -8.31106948853, 6.01799488068, -10.9053878784, 5.19491386414, 0.212098121643, 1.05833089352, -1.49472236633, 0.190608799458, -0.770372092724, -3.37320828438, 9.19811153412]],
        "icov": [[0.0516272932291, -0.0679464787245, 0.0477594099939, -0.0375717505813, 0.117139391601, -0.0169890467077, 0.0992920175195, 0.00657557323575, 0.112976834178, 0.053270380944, 0.107134722173, -0.000381221267162, 0.0232463013381], [-0.0679464787245, 0.287029564381, -0.137390717864, 0.230138495564, -0.187704950571, 0.193167284131, -0.281093925238, 0.0806429609656, -0.219904735684, 0.00704768951982, -0.220956191421, 0.128296405077, -0.128199487925], [0.0477594099939, -0.137390717864, 0.152278319001, -0.12732963264, 0.092211663723, -0.112232856452, 0.176369488239, -0.0134228691459, 0.16001303494, 0.000426409620559, 0.10152708739, -0.0180874411017, 0.142183303833], [-0.0375717505813, 0.230138495564, -0.12732963264, 0.374687552452, -0.00632688496262, 0.134952172637, -0.221160873771, 0.127115920186, -0.179791495204, 0.051061142236, -0.175443679094, 0.0735099166632, -0.127712026238], [0.117139391601, -0.187704950571, 0.092211663723, -0.00632688496262, 0.462506622076, -0.0275095812976, 0.214383542538, -0.0142197869718, 0.200358733535, 0.103572130203, 0.216691359878, -0.108801580966, 0.131967663765], [-0.0169890467077, 0.193167284131, -0.112232856452, 0.134952172637, -0.0275095812976, 0.269905805588, -0.156920313835, -0.0204128921032, -0.176729157567, 0.0369230620563, -0.115719407797, 0.057896848768, -0.139314413071], [0.0992920175195, -0.281093925238, 0.176369488239, -0.221160873771, 0.214383542538, -0.156920313835, 0.441230595112, -0.0321248322725, 0.213249832392, 0.0291812550277, 0.270940750837, -0.080601900816, 0.096841789782], [0.00657557323575, 0.0806429609656, -0.0134228691459, 0.127115920186, -0.0142197869718, -0.0204128921032, -0.0321248322725, 0.251314461231, 0.0030680524651, 0.0283104944974, 0.0278384312987, 0.121517598629, -0.0173186771572], [0.112976834178, -0.219904735684, 0.16001303494, -0.179791495204, 0.200358733535, -0.176729157567, 0.213249832392, 0.0030680524651, 0.487455010414, 0.15649420023, 0.305496096611, 0.00401905784383, 0.151117816567], [0.053270380944, 0.00704768951982, 0.000426409620559, 0.051061142236, 0.103572130203, 0.0369230620563, 0.0291812550277, 0.0283104944974, 0.15649420023, 0.347007125616, 0.154384627938, 0.0176615733653, -0.0405911356211], [0.107134722173, -0.220956191421, 0.10152708739, -0.175443679094, 0.216691359878, -0.115719407797, 0.270940750837, 0.0278384312987, 0.305496096611, 0.154384627938, 0.444694072008, -0.0225148051977, 0.0639767348766], [-0.000381221267162, 0.128296405077, -0.0180874411017, 0.0735099166632, -0.108801580966, 0.057896848768, -0.080601900816, 0.121517598629, 0.00401905784383, 0.0176615733653, -0.0225148051977, 0.264484494925, -0.00933484826237], [0.0232463013381, -0.128199487925, 0.142183303833, -0.127712026238, 0.131967663765, -0.139314413071, 0.096841789782, -0.0173186771572, 0.151117816567, -0.0405911356211, 0.0639767348766, -0.00933484826237, 0.384957224131]]
    },
    "melbands": {
        "dmean": [0.000183953641681, 0.00329612987116, 0.00355968950316, 0.00131675926968, 0.000411804561736, 0.000119519630971, 4.03342455684e-05, 2.7975973353e-05, 8.58055318531e-06, 1.47905120684e-06, 5.99569489168e-07, 8.09415098502e-07, 5.50494405616e-07, 2.57413802274e-07, 1.24983927208e-07, 1.14807939156e-07, 7.51949400524e-08, 6.47869526915e-08, 3.96652062307e-08, 1.85702084821e-08, 1.48540779676e-08, 1.07009281436e-08, 8.91275142578e-09, 2.08836183901e-08, 3.13751229442e-08, 1.9189704048e-08, 1.07704476449e-08, 7.80519560095e-09, 9.23387055707e-09, 6.58788268382e-09, 4.80607154074e-09, 1.13769049737e-09, 6.21309337312e-10, 4.16057660546e-10, 2.73235239989e-10, 2.12717524151e-10, 7.13590020407e-10, 1.34402800001e-09, 5.05851249777e-10, 1.09771851331e-10],
        "dmean2": [0.000201595423277, 0.00340750976466, 0.00365158030763, 0.00131608627271, 0.000411128799897, 0.000120442127809, 4.15950962633e-05, 3.06420843117e-05, 1.15086468213e-05, 1.99209716811e-06, 7.49235027797e-07, 1.17618571949e-06, 7.54927953039e-07, 3.34100434429e-07, 1.8489477327e-07, 1.66817017089e-07, 9.98243621098e-08, 9.24087260046e-08, 5.64792834723e-08, 2.74311755533e-08, 2.17545501613e-08, 1.59774629083e-08, 1.37810536316e-08, 3.08212761979e-08, 4.27597903752e-08, 2.66689887951e-08, 1.50411700872e-08, 1.14075451307e-08, 1.4109486024e-08, 1.02060964124e-08, 6.82783429795e-09, 1.7887222814e-09, 9.8828478734e-10, 6.66719679465e-10, 4.47866493891e-10, 3.42411932142e-10, 1.11809916881e-09, 2.1104666903e-09, 7.77657549467e-10, 1.74749534287e-10],
        "dvar": [2.2138603839e-08, 5.78157323616e-06, 4.04884303862e-06, 5.65656193885e-07, 4.88365579088e-08, 4.23438484276e-09, 5.21074572379e-10, 2.53974896669e-10, 4.03893689327e-11, 1.1588893907e-12, 2.27105267643e-13, 4.59171979952e-13, 1.54291442361e-13, 3.81055084676e-14, 1.04757909365e-14, 8.60372869141e-15, 2.76858097469e-15, 2.29191339538e-15, 1.09931927537e-15, 2.87342851285e-16, 1.49493493371e-16, 8.24229430651e-17, 5.30930243681e-17, 3.52568993965e-16, 5.27044281512e-16, 2.26431044452e-16, 7.19488645116e-17, 3.96055996349e-17, 8.2855671022e-17, 6.51515640762e-17, 3.91991627866e-17, 1.49277045847e-18, 4.08321398419e-19, 1.97155125656e-19, 8.91366209172e-20, 5.44812752312e-20, 7.061101671e-19, 3.61167404084e-18, 4.92113010863e-19, 2.53599487889e-20],
        "dvar2": [2.59154706583e-08, 6.23608275419e-06, 3.96942368752e-06, 6.80399921293e-07, 5.36230295722e-08, 5.37300826053e-09, 7.7002465515e-10, 4.87752505052e-10, 6.83893358611e-11, 2.22153849136e-12, 3.97837795693e-13, 9.53522417274e-13, 2.86201970326e-13, 6.86544462773e-14, 2.39367326551e-14, 2.00157968135e-14, 6.15001569771e-15, 4.62231681492e-15, 2.09426566868e-15, 5.77518127806e-16, 3.63029427347e-16, 1.99973890935e-16, 1.47425330081e-16, 8.50771909502e-16, 1.18477113547e-15, 3.91168655948e-16, 1.47119590892e-16, 8.15443581405e-17, 1.7708703423e-16, 1.3518428786e-16, 8.24117066436e-17, 3.2653701211e-18, 9.15193043319e-19, 4.88817213109e-19, 2.09701930434e-19, 1.26534684257e-19, 1.58962596697e-18, 8.04919610626e-18, 1.1221099988e-18, 5.38117274553e-20],
        "max": [0.00266803288832, 0.03174290061, 0.0194644778967, 0.00743358023465, 0.00201562792063, 0.000623828615062, 0.000223751863814, 0.000222301241593, 6.20062783128e-05, 1.58295952133e-05, 6.42758050162e-06, 6.35514561509e-06, 5.0603530326e-06, 2.02772071134e-06, 9.82599658528e-07, 8.96771098269e-07, 5.2556964647e-07, 4.70914471862e-07, 3.86393139706e-07, 2.00278449825e-07, 1.22176729178e-07, 8.27620567634e-08, 6.15861637243e-08, 1.56963125164e-07, 2.46902942536e-07, 1.24840937588e-07, 1.01554725518e-07, 6.07391115182e-08, 8.52123775985e-08, 6.08044103956e-08, 6.59152235016e-08, 1.07148308004e-08, 5.7373430451e-09, 5.25686250086e-09, 3.46644135618e-09, 2.98518521014e-09, 6.47678977117e-09, 1.73094054645e-08, 6.51309850497e-09, 1.69738612055e-09],
        "mean": [0.00186552223749, 0.0250571165234, 0.0124070411548, 0.00475694518536, 0.00126648740843, 0.000357161887223, 0.00012080687884, 0.000127405204694, 3.29686881742e-05, 8.44299847813e-06, 2.33295372709e-06, 3.2100840599e-06, 2.72901502285e-06, 1.0783999187e-06, 4.45307676955e-07, 4.56470985455e-07, 2.69394831776e-07, 2.34779307107e-07, 1.69560848917e-07, 6.71912019357e-08, 4.7450999574e-08, 3.59062291011e-08, 2.438925506e-08, 5.62245965341e-08, 9.47651201955e-08, 6.39948538605e-08, 3.18403792221e-08, 2.41047750649e-08, 2.41641675558e-08, 1.50672683219e-08, 9.31753074696e-09, 2.77991940578e-09, 1.69668390448e-09, 1.30520505515e-09, 8.2955042835e-10, 6.15870299203e-10, 1.35962541226e-09, 1.91038296293e-09, 8.15139067356e-10, 2.40434283594e-10],
        "median": [0.00186920131091, 0.0251576565206, 0.0118091404438, 0.0046127778478, 0.00124136148952, 0.000349312234903, 0.000118031384773, 0.000127334016724, 3.28657479258e-05, 8.40784105094e-06, 2.05125570574e-06, 3.15238048643e-06, 2.64830464403e-06, 1.05714048004e-06, 4.12658749838e-07, 4.42230458475e-07, 2.59766494537e-07, 2.3105421576e-07, 1.6387998869e-07, 5.58904815762e-08, 4.46126655618e-08, 3.33835714628e-08, 2.24844036723e-08, 5.00232850698e-08, 9.03604089331e-08, 5.95122102709e-08, 2.946530131e-08, 2.25171312707e-08, 2.0068082307e-08, 1.06488124985e-08, 6.15789197411e-09, 2.13420325856e-09, 1.4002010662e-09, 1.16071641187e-09, 7.35940364205e-10, 5.13679543346e-10, 8.6024709578e-10, 8.68810523524e-10, 4.17258172458e-10, 1.64939506497e-10],
        "min": [8.77831771504e-05, 0.000214674670133, 0.000157074042363, 3.10838549922e-05, 1.26386885313e-05, 6.79574213791e-06, 3.25995665662e-06, 7.77988532263e-07, 9.99790358946e-07, 3.59350025292e-07, 2.37878566622e-07, 2.53653610116e-07, 1.29329592369e-07, 1.20003335269e-07, 9.09841233465e-08, 8.03195305821e-08, 6.12605361994e-08, 5.91661439842e-08, 5.61050548242e-08, 1.31194752839e-08, 1.6580893103e-08, 1.11433244854e-08, 8.21578982624e-09, 1.66522955425e-08, 1.39187692483e-08, 1.24569510263e-08, 7.73778729979e-09, 7.47929540523e-09, 5.68586999705e-09, 2.28705498984e-09, 1.4327060649e-09, 6.06060313046e-10, 5.66310831562e-10, 3.65009134029e-10, 2.08510986255e-10, 1.62748203802e-10, 2.51468845747e-10, 2.60057697599e-10, 1.41081160643e-10, 7.38406072398e-11],
        "var": [5.49061027755e-08, 1.65948258655e-05, 1.66452118719e-05, 2.28509793487e-06, 2.18592475676e-07, 1.83217956362e-08, 2.23319029935e-09, 1.50910695051e-09, 1.29224325685e-10, 8.11971496983e-12, 1.47124261558e-12, 1.19728207383e-12, 7.63615624726e-13, 9.97222527536e-14, 2.61996980643e-14, 1.74162137349e-14, 9.25719174032e-15, 5.60243769643e-15, 3.95360336131e-15, 1.37935726158e-15, 3.48161510964e-16, 1.63225313579e-16, 9.22081058998e-17, 6.92104056696e-16, 1.42791882512e-15, 5.89333231568e-16, 2.11790172603e-16, 1.1410736851e-16, 2.03789364081e-16, 1.50667838377e-16, 8.7180343318e-17, 3.05917694866e-18, 8.08548110761e-19, 3.38475120525e-19, 1.63265432562e-19, 1.33873883016e-19, 1.4848502041e-18, 6.12767994513e-18, 8.94636571121e-19, 4.57109409214e-20]
    },
    "mfcc": {
        "mean": [-816.82434082, 254.387512207, 64.9382171631, 59.2735862732, 14.678902626, 2.25319194794, 16.6010055542, -9.6770029068, -6.93606376648, 1.41739106178, -2.93237423897, -4.24956560135, -6.58486700058],
        "cov": [[262.918914795, 1.31456887722, -34.9411735535, 28.7602443695, -53.1720085144, -15.6537761688, -0.116627782583, -35.2146263123, 17.9199905396, -18.2974376678, -18.427318573, 0.703134477139, -37.9403762817], [1.31456887722, 74.392364502, -4.80224847794, 2.19456672668, 9.04013061523, -16.5505523682, 1.20221853256, -2.84243345261, -20.7897453308, 7.22047805786, 4.20708560944, -15.9880313873, 12.0026798248], [-34.9411735535, -4.80224847794, 23.3038673401, -1.60738170147, 8.37759208679, 5.02693033218, 2.54174876213, 2.48869371414, -5.11370611191, -1.05296969414, 2.64876580238, 7.3443479538, 1.01969218254], [28.7602443695, 2.19456672668, -1.60738170147, 11.0862483978, -6.35514497757, -1.50286233425, 0.492240101099, -5.97982645035, -1.61214876175, -6.12855529785, -1.04395210743, 1.8940860033, -4.67072916031], [-53.1720085144, 9.04013061523, 8.37759208679, -6.35514497757, 18.8554954529, -0.882567822933, -1.52232801914, 7.23016309738, -10.6883325577, 3.49149847031, 3.62009859085, -1.25082969666, 9.0663022995], [-15.6537761688, -16.5505523682, 5.02693033218, -1.50286233425, -0.882567822933, 10.7741765976, -0.481659173965, 2.50232410431, 5.44216442108, -2.90194272995, 0.685267269611, 4.64637756348, -0.0890513956547], [-0.116627782583, 1.20221853256, 2.54174876213, 0.492240101099, -1.52232801914, -0.481659173965, 5.85987854004, -1.2051076889, -1.3525198698, 0.354244828224, -1.44420659542, 2.4456987381, -1.14931833744], [-35.2146263123, -2.84243345261, 2.48869371414, -5.97982645035, 7.23016309738, 2.50232410431, -1.2051076889, 10.5100803375, 1.11248481274, 2.53620457649, 3.07766985893, -0.819389224052, 5.20661497116], [17.9199905396, -20.7897453308, -5.11370611191, -1.61214876175, -10.6883325577, 5.44216442108, -1.3525198698, 1.11248481274, 21.2557659149, 1.48281514645, -3.03610038757, 4.37530088425, -6.10634231567], [-18.2974376678, 7.22047805786, -1.05296969414, -6.12855529785, 3.49149847031, -2.90194272995, 0.354244828224, 2.53620457649, 1.48281514645, 10.2438821793, 1.05284905434, -4.547082901, 4.33549451828], [-18.427318573, 4.20708560944, 2.64876580238, -1.04395210743, 3.62009859085, 0.685267269611, -1.44420659542, 3.07766985893, -3.03610038757, 1.05284905434, 6.48917531967, -1.78491604328, 2.00643730164], [0.703134477139, -15.9880313873, 7.3443479538, 1.8940860033, -1.25082969666, 4.64637756348, 2.4456987381, -0.819389224052, 4.37530088425, -4.547082901, -1.78491604328, 10.9670057297, -5.00325155258], [-37.9403762817, 12.0026798248, 1.01969218254, -4.67072916031, 9.0663022995, -0.0890513956547, -1.14931833744, 5.20661497116, -6.10634231567, 4.33549451828, 2.00643730164, -5.00325155258, 11.8730182648]],
