{
"lowlevel": {
    "average_loudness": 0.914228200912,
    "barkbands_crest": {
        "dmean": 1.54059553146,
        "dmean2": 2.39947533607,
        "dvar": 2.34192967415,
        "dvar2": 6.09992551804,
        "max": 23.6666069031,
        "mean": 11.2322664261,
        "median": 10.2669010162,
        "min": 3.26849198341,
        "var": 14.5565929413
    },
    "barkbands_flatness_db": {
        "dmean": 0.0177564434707,
        "dmean2": 0.0272997915745,
        "dvar": 0.000361801270628,
        "dvar2": 0.000768971280195,
        "max": 0.412881493568,
        "mean": 0.197590559721,
        "median": 0.187701433897,
        "min": 0.051890745759,
        "var": 0.00548277422786
    },
    "barkbands_kurtosis": {
        "dmean": 11.8412256241,
        "dmean2": 18.5751895905,
        "dvar": 287.032501221,
        "dvar2": 537.503051758,
        "max": 262.696136475,
        "mean": 43.0016136169,
        "median": 26.9175014496,
        "min": -1.44939470291,
        "var": 2651.39111328
    },
    "barkbands_skewness": {
        "dmean": 0.755981326103,
        "dmean2": 1.19178175926,
        "dvar": 0.569412589073,
        "dvar2": 1.09080457687,
        "max": 11.7763986588,
        "mean": 3.95122075081,
        "median": 3.59618496895,
        "min": -0.0596312507987,
        "var": 4.33573961258
    },
    "barkbands_spread": {
        "dmean": 1.82006347179,
        "dmean2": 2.83244967461,
        "dvar": 11.9139842987,
        "dvar2": 25.3613319397,
        "max": 39.9276046753,
        "mean": 5.94150733948,
        "median": 4.02584457397,
        "min": 0.349484860897,
        "var": 36.5782737732
    },
    "dissonance": {
        "dmean": 0.0350681133568,
        "dmean2": 0.0604022219777,
        "dvar": 0.000945159932598,
        "dvar2": 0.00261854473501,
        "max": 0.499999880791,
        "mean": 0.398284107447,
        "median": 0.4185795784,
        "min": 0.173132866621,
        "var": 0.00505596073344
    },
    "dynamic_complexity": 5.54802465439,
    "erbbands_crest": {
        "dmean": 2.11653089523,
        "dmean2": 3.4530403614,
        "dvar": 4.49281597137,
        "dvar2": 11.696562767,
        "max": 30.4025707245,
        "mean": 17.4483032227,
        "median": 16.9365539551,
        "min": 3.97675132751,
        "var": 36.6471633911
    },
    "erbbands_flatness_db": {
        "dmean": 0.0152026778087,
        "dmean2": 0.0234752539545,
        "dvar": 0.000276781589491,
        "dvar2": 0.000572023040149,
        "max": 0.411827504635,
        "mean": 0.228295072913,
        "median": 0.21846921742,
        "min": 0.126529529691,
        "var": 0.00440765032545
    },
    "erbbands_kurtosis": {
        "dmean": 6.35646915436,
        "dmean2": 10.0894117355,
        "dvar": 126.582557678,
        "dvar2": 289.63067627,
        "max": 170.965591431,
        "mean": 21.3994808197,
        "median": 13.1859226227,
        "min": -1.58063042164,
        "var": 980.252746582
    },
    "erbbands_skewness": {
        "dmean": 0.535848617554,
        "dmean2": 0.829247713089,
        "dvar": 0.309497237206,
        "dvar2": 0.605819284916,
        "max": 10.3638906479,
        "mean": 2.9434864521,
        "median": 2.69422626495,
        "min": -0.706088781357,
        "var": 3.81840467453
    },
    "erbbands_spread": {
        "dmean": 3.26397943497,
        "dmean2": 4.64330244064,
        "dvar": 22.0702953339,
        "dvar2": 42.0623397827,
        "max": 62.9224090576,
        "mean": 12.2451639175,
        "median": 8.14328193665,
        "min": 0.701029717922,
        "var": 119.584518433
    },
    "hfc": {
        "dmean": 1.26160120964,
        "dmean2": 1.72017145157,
        "dvar": 10.2315387726,
        "dvar2": 18.9658069611,
        "max": 39.161781311,
        "mean": 4.93127441406,
        "median": 2.02949810028,
        "min": 0.585629999638,
        "var": 45.6309165955
    },
    "melbands_crest": {
        "dmean": 2.06769680977,
        "dmean2": 3.38201284409,
        "dvar": 3.68152141571,
        "dvar2": 9.48230171204,
        "max": 27.5277881622,
        "mean": 15.7396316528,
        "median": 14.7490034103,
        "min": 6.49157238007,
        "var": 24.3703327179
    },
    "melbands_flatness_db": {
        "dmean": 0.0211829002947,
        "dmean2": 0.0321786701679,
        "dvar": 0.000516545609571,
        "dvar2": 0.00113526056521,
        "max": 0.514702618122,
        "mean": 0.283447235823,
        "median": 0.280265629292,
        "min": 0.0677977278829,
        "var": 0.0064676371403
    },
    "melbands_kurtosis": {
        "dmean": 10.8511924744,
        "dmean2": 15.2066373825,
        "dvar": 701.747619629,
        "dvar2": 1211.11242676,
        "max": 421.142974854,
        "mean": 27.1329536438,
        "median": 12.5689411163,
        "min": 0.0379903316498,
        "var": 2527.68041992
    },
    "melbands_skewness": {
        "dmean": 0.657666742802,
        "dmean2": 1.04049992561,
        "dvar": 0.926691055298,
        "dvar2": 2.02025723457,
        "max": 13.7929868698,
        "mean": 2.00044846535,
        "median": 1.76157355309,
        "min": -0.167663753033,
        "var": 2.91905546188
    },
    "melbands_spread": {
        "dmean": 2.47314047813,
        "dmean2": 3.87804746628,
        "dvar": 35.2030639648,
        "dvar2": 89.9125823975,
        "max": 68.9885559082,
        "mean": 6.57330799103,
        "median": 4.88891983032,
        "min": 0.353904694319,
        "var": 55.1394348145
    },
    "pitch_salience": {
        "dmean": 0.0560573413968,
        "dmean2": 0.0944370776415,
        "dvar": 0.00481128785759,
        "dvar2": 0.00894598476589,
        "max": 0.845629990101,
        "mean": 0.565389513969,
        "median": 0.62050318718,
        "min": 0.0561365149915,
        "var": 0.0279838703573
    },
    "silence_rate_20dB": {
        "dmean": 0,
        "dmean2": 0,
        "dvar": 0,
        "dvar2": 0,
        "max": 1,
        "mean": 1,
        "median": 1,
        "min": 1,
        "var": 0
    },
    "silence_rate_30dB": {
        "dmean": 0,
        "dmean2": 0,
        "dvar": 0,
        "dvar2": 0,
        "max": 1,
        "mean": 1,
        "median": 1,
        "min": 1,
        "var": 0
    },
    "silence_rate_60dB": {
        "dmean": 0.0571428574622,
        "dmean2": 0.114832535386,
        "dvar": 0.0538775995374,
        "dvar2": 0.120784886181,
        "max": 1,
        "mean": 0.417061597109,
        "median": 0,
        "min": 0,
        "var": 0.243120744824
    },
    "spectral_centroid": {
        "dmean": 109.065048218,
        "dmean2": 161.451202393,
        "dvar": 63114.8554688,
        "dvar2": 145364.203125,
        "max": 2867.20263672,
        "mean": 628.327514648,
        "median": 525.505187988,
        "min": 383.873748779,
        "var": 113251.140625
    },
    "spectral_complexity": {
        "dmean": 1.50476193428,
        "dmean2": 2.43540668488,
        "dvar": 2.82140207291,
        "dvar2": 5.17405653,
        "max": 28,
        "mean": 5.8815164566,
        "median": 5,
        "min": 1,
        "var": 8.65421104431
    },
    "spectral_decrease": {
        "dmean": 6.52311205052e-10,
        "dmean2": 8.91615004051e-10,
        "dvar": 3.77340563497e-18,
        "dvar2": 7.40082464518e-18,
        "max": -1.829000007e-10,
        "mean": -2.59491250709e-09,
        "median": -9.4003738127e-10,
        "min": -2.35004549154e-08,
        "var": 1.71240200715e-17
    },
    "spectral_energy": {
        "dmean": 0.00257427385077,
        "dmean2": 0.00351764191873,
        "dvar": 5.79784937145e-05,
        "dvar2": 0.000113507958304,
        "max": 0.0922481492162,
        "mean": 0.0102410754189,
        "median": 0.00371730607003,
        "min": 0.000748793419916,
        "var": 0.000263154797722
    },
    "spectral_energyband_high": {
        "dmean": 1.37276811074e-05,
        "dmean2": 2.03450981644e-05,
        "dvar": 1.53235402145e-09,
        "dvar2": 3.55224960558e-09,
        "max": 0.00044208849431,
        "mean": 2.49009226536e-05,
        "median": 1.28872543428e-05,
        "min": 2.20254696615e-06,
        "var": 1.77882397701e-09
    },
    "spectral_energyband_low": {
        "dmean": 7.67172241467e-05,
        "dmean2": 0.000130502041429,
        "dvar": 1.27564163677e-08,
        "dvar2": 3.48560860175e-08,
        "max": 0.00112962187268,
        "mean": 0.000116300325317,
        "median": 5.5707161664e-05,
        "min": 6.64438221065e-06,
        "var": 2.70976698857e-08
    },
    "spectral_energyband_middle_high": {
        "dmean": 0.000140037140227,
        "dmean2": 0.000201753035071,
        "dvar": 1.3993593484e-07,
        "dvar2": 1.82285901928e-07,
        "max": 0.00569131085649,
        "mean": 0.00026488720323,
        "median": 0.000125837745145,
        "min": 1.25696287796e-05,
        "var": 3.77997594114e-07
    },
    "spectral_energyband_middle_low": {
        "dmean": 0.00247035361826,
        "dmean2": 0.00337928324006,
        "dvar": 5.63826688449e-05,
        "dvar2": 0.000110545610369,
        "max": 0.0912260562181,
        "mean": 0.00986806116998,
        "median": 0.00337220169604,
        "min": 0.000596299185418,
        "var": 0.00026089817402
    },
    "spectral_entropy": {
        "dmean": 0.180561006069,
        "dmean2": 0.275274425745,
        "dvar": 0.0372356101871,
        "dvar2": 0.0812366008759,
        "max": 8.12035179138,
        "mean": 6.75775814056,
        "median": 6.8067612648,
        "min": 4.57247543335,
        "var": 0.471449822187
    },
    "spectral_flux": {
        "dmean": 0.00882503669709,
        "dmean2": 0.0119306044653,
        "dvar": 0.000461704185,
        "dvar2": 0.000722579134163,
        "max": 0.228663146496,
        "mean": 0.0277659650892,
        "median": 0.0190939344466,
        "min": 0.0106331761926,
        "var": 0.000825412163977
    },
    "spectral_kurtosis": {
        "dmean": 2.82847499847,
        "dmean2": 4.1844496727,
        "dvar": 13.4607667923,
        "dvar2": 27.1703243256,
        "max": 61.9250259399,
        "mean": 13.9116706848,
        "median": 12.9695072174,
        "min": 1.84866666794,
        "var": 56.2835197449
    },
    "spectral_rms": {
        "dmean": 0.000332890456775,
        "dmean2": 0.000462117342977,
        "dvar": 4.66070616767e-07,
        "dvar2": 7.92865932908e-07,
        "max": 0.00948673766106,
        "mean": 0.00258506508544,
        "median": 0.00190437398851,
        "min": 0.000854710582644,
        "var": 3.30872899212e-06
    },
    "spectral_rolloff": {
        "dmean": 148.579101562,
        "dmean2": 254.483276367,
        "dvar": 199582.578125,
        "dvar2": 449397.65625,
        "max": 4285.10742188,
        "mean": 683.347473145,
        "median": 602.9296875,
        "min": 387.59765625,
        "var": 236435.265625
    },
    "spectral_skewness": {
        "dmean": 0.333011597395,
        "dmean2": 0.497983545065,
        "dvar": 0.129361256957,
        "dvar2": 0.261469990015,
        "max": 6.49035263062,
        "mean": 2.89563512802,
        "median": 2.92302370071,
        "min": 0.712984263897,
        "var": 0.702690601349
    },
    "spectral_spread": {
        "dmean": 358088.9375,
        "dmean2": 543789.1875,
        "dvar": 268790546432,
        "dvar2": 426841473024,
        "max": 10096687,
        "mean": 3704097,
        "median": 3653595.25,
        "min": 1164954.625,
        "var": 667455717376
    },
    "spectral_strongpeak": {
        "dmean": 0.190737843513,
        "dmean2": 0.275939822197,
        "dvar": 0.14170204103,
        "dvar2": 0.227822676301,
        "max": 4.5426325798,
        "mean": 1.04206907749,
        "median": 0.60915106535,
        "min": 0.0895248502493,
        "var": 1.06608438492
    },
    "zerocrossingrate": {
        "dmean": 0.00542689720169,
        "dmean2": 0.00713264429942,
        "dvar": 3.22015803249e-05,
        "dvar2": 4.94357191201e-05,
        "max": 0.11474609375,
        "mean": 0.0433320701122,
        "median": 0.03759765625,
        "min": 0.0048828125,
        "var": 0.000394123111619
    },
    "barkbands": {
        "dmean": [6.62726449718e-07, 8.96232904779e-06, 5.35887738806e-05, 4.11614601035e-05, 0.00021749145526, 0.00133578688838, 0.00100845959969, 0.000247218093136, 0.000114151895104, 4.18652452936e-05, 3.9044120058e-05, 2.083903928e-05, 2.18418008444e-05, 1.66395948327e-05, 1.67725265783e-05, 8.9703789854e-06, 9.063915968e-06, 1.32756576932e-05, 1.04282526081e-05, 6.19423872195e-06, 4.70983513878e-06, 3.06304627884e-06, 1.79058974936e-06, 1.03757724901e-06, 4.99033831147e-07, 2.59282160187e-07, 9.28470910821e-07],
        "dmean2": [1.03623403902e-06, 1.48316185005e-05, 9.16060234886e-05, 7.55171568017e-05, 0.000361213518772, 0.00202152994461, 0.00130677223206, 0.000418731564423, 0.000201504124561, 6.56081392663e-05, 6.42674203846e-05, 3.53190589522e-05, 3.99881646445e-05, 2.61218119704e-05, 2.74377307505e-05, 1.42872058859e-05, 1.37197130243e-05, 1.87142723007e-05, 1.7424541511e-05, 1.01400846688e-05, 7.16540671419e-06, 4.64705863124e-06, 2.67915515906e-06, 1.52068753323e-06, 8.24821825063e-07, 4.06756527127e-07, 1.49633820001e-06],
        "dvar": [6.54215136925e-12, 1.47008571982e-10, 8.31392910072e-09, 5.35675503954e-09, 2.30262642731e-07, 2.0216248231e-05, 8.32658224681e-06, 4.90605088999e-07, 5.96007829756e-08, 1.312761988e-08, 7.69629338038e-09, 6.03646244102e-09, 8.86383411114e-09, 2.87468648885e-09, 3.87677179248e-09, 6.61128707335e-10, 1.11574260941e-09, 2.48174947259e-09, 1.65187263867e-09, 4.28428986732e-10, 1.63909677497e-10, 6.79025030648e-11, 3.02550970388e-11, 4.81897117696e-12, 1.42554067509e-12, 1.0430108925e-13, 1.0423158647e-12],
        "dvar2": [8.90481959004e-12, 3.67137431567e-10, 2.11613127021e-08, 1.60931996618e-08, 5.79120410293e-07, 3.9696755266e-05, 1.61950138136e-05, 1.00165084405e-06, 1.55027677806e-07, 2.83377783461e-08, 1.98122354078e-08, 1.37801565714e-08, 2.64750052992e-08, 6.49578080214e-09, 9.89115189753e-09, 1.52247525698e-09, 1.60174973285e-09, 3.41604899923e-09, 4.47180248386e-09, 1.12652931428e-09, 3.60502766528e-10, 1.42396497371e-10, 7.16623219099e-11, 1.11068584885e-11, 3.16125879814e-12, 1.9937828786e-13, 2.63235960807e-12],
        "max": [3.10058239847e-05, 0.000117720876005, 0.000912833842449, 0.000828798511066, 0.0062070786953, 0.0514589585364, 0.039848767221, 0.00741574028507, 0.0025948730763, 0.00139701575972, 0.00114412559196, 0.00108829024248, 0.00107992859557, 0.000799164758064, 0.000678209296893, 0.000337095902069, 0.000477996654809, 0.000764801341575, 0.00045357842464, 0.00021561489848, 0.000127768260427, 8.82520325831e-05, 5.94112025283e-05, 1.92335191969e-05, 1.09106740638e-05, 3.41841951013e-06, 1.26661770992e-05],
        "mean": [8.2068578422e-07, 1.42230637721e-05, 7.63756106608e-05, 4.81231109006e-05, 0.000451484840596, 0.0040106982924, 0.00386095186695, 0.00121399434283, 0.000258639891399, 5.91195785091e-05, 6.40532089164e-05, 3.0949133361e-05, 2.36871928792e-05, 2.1720168661e-05, 2.00766753551e-05, 1.17618137665e-05, 1.31819178932e-05, 1.72854579432e-05, 1.17493254947e-05, 7.33453043722e-06, 5.79677907808e-06, 3.98599149776e-06, 2.40322719947e-06, 1.66152040038e-06, 1.17279591905e-06, 8.59934630171e-07, 6.24674066785e-06],
        "median": [3.30639863932e-07, 6.4009163907e-06, 3.2284828194e-05, 3.15517681884e-05, 0.000217837528908, 0.0007371136453, 0.00133126182482, 0.000659944140352, 0.00011262530461, 3.2016516343e-05, 2.96570888167e-05, 1.17671643238e-05, 9.55146879278e-06, 9.60835041042e-06, 8.10506207927e-06, 5.30315355718e-06, 3.60940612154e-06, 3.39369512403e-06, 2.62995627054e-06, 2.11771953218e-06, 1.72305794877e-06, 1.18673028737e-06, 8.94027948561e-07, 8.33930585031e-07, 7.57693499054e-07, 7.85290183103e-07, 6.01720739724e-06],
        "min": [6.98898450224e-09, 7.9492099303e-07, 1.41469035952e-06, 2.95590143651e-06, 5.19928471476e-05, 4.52550011687e-05, 0.000137713868753, 1.21758039313e-05, 2.31884878303e-05, 2.84759153146e-06, 1.5397762354e-06, 1.48382787302e-06, 7.47166211568e-07, 4.23543525585e-07, 5.96657514507e-07, 5.55928409085e-07, 5.12117026119e-07, 5.08617461037e-07, 3.8401196889e-07, 3.47030891135e-07, 2.92451545647e-07, 3.59473204981e-07, 2.31875020518e-07, 1.96048318912e-07, 2.24171230911e-07, 2.001997359e-07, 5.10708105139e-07],
        "var": [8.32297425424e-12, 4.1652267746e-10, 1.6650018253e-08, 4.63513183391e-09, 5.09040717134e-07, 0.000107315303467, 3.65620362572e-05, 2.5164181352e-06, 2.33006332451e-07, 1.86063076058e-08, 1.37673099587e-08, 1.1343001205e-08, 6.50582210326e-09, 4.15543777166e-09, 3.58089335961e-09, 9.91048132448e-10, 2.80643663864e-09, 5.46756684372e-09, 1.51256240866e-09, 3.90518062332e-10, 2.13003420457e-10, 8.72781777406e-11, 3.15986126154e-11, 6.18279039077e-12, 1.87550365863e-12, 1.74892801521e-13, 1.79869097047e-12]
    },
    "erbbands": {
        "dmean": [0.000145859492477, 0.00329265138134, 0.046220574528, 0.107664264739, 0.241940528154, 0.837145924568, 2.55717015266, 12.6951112747, 17.0246086121, 12.9206953049, 4.51730251312, 2.10097455978, 1.74993109703, 1.19538605213, 1.24656832218, 0.750790834427, 0.846373558044, 0.799461781979, 0.922013640404, 0.582001566887, 0.440639317036, 0.510869860649, 0.763765156269, 0.597308576107, 0.462154239416, 0.283961981535, 0.221027210355, 0.168979391456, 0.109847456217, 0.0695307701826, 0.0503860116005, 0.0250475481153, 0.0149219771847, 0.00682985596359, 0.00336064444855, 0.00131311744917, 0.000474362808745, 0.000702675664797, 0.000116533403343, 1.8014359739e-05],
        "dmean2": [0.000248832569923, 0.00549936108291, 0.0795737281442, 0.187960937619, 0.418498724699, 1.39266908169, 4.00004863739, 19.7947235107, 23.5162200928, 16.5205974579, 7.14260864258, 3.53964209557, 2.67212224007, 1.97592425346, 1.85159015656, 1.18688619137, 1.5346750021, 1.36300349236, 1.40099084377, 0.942475140095, 0.669471204281, 0.831633210182, 0.992017090321, 0.958521008492, 0.702426254749, 0.450754106045, 0.329741507769, 0.255236059427, 0.169781073928, 0.105640485883, 0.0774079710245, 0.0372836217284, 0.0223907604814, 0.0107695152983, 0.00557720661163, 0.00204502302222, 0.000737188034691, 0.00105950783473, 0.000198723486392, 3.03446704493e-05],
        "dvar": [4.43906387204e-08, 2.45070550591e-05, 0.00673370203003, 0.0281147044152, 0.0660924613476, 3.75675797462, 23.570734024, 1969.76818848, 4294.67578125, 1091.29846191, 156.803314209, 17.281545639, 18.1704311371, 8.07118797302, 8.18080329895, 7.10342216492, 8.84445762634, 8.97229480743, 9.94418716431, 3.06356310844, 1.32747614384, 4.39054107666, 10.0468206406, 3.2401008606, 2.96111965179, 0.868273496628, 0.481914967299, 0.202041491866, 0.0739007145166, 0.0396343320608, 0.0293440651149, 0.00342012592591, 0.00103503116407, 0.000286503345706, 4.48132122983e-05, 3.95012193621e-06, 2.43377002107e-07, 4.99631482853e-07, 1.11033227057e-08, 4.17529372188e-10],
        "dvar2": [9.73599227905e-08, 5.90895288042e-05, 0.0166153553873, 0.0893713086843, 0.164799705148, 9.34185600281, 61.0518760681, 4115.60546875, 8349.80371094, 1743.05310059, 334.881317139, 44.8713684082, 32.5225334167, 17.5975475311, 15.4327573776, 12.1534900665, 25.3843154907, 14.897892952, 22.4477157593, 7.92172861099, 2.92382264137, 8.18180751801, 14.0811796188, 8.01709651947, 7.18075990677, 2.22807431221, 1.09416472912, 0.483224719763, 0.140723362565, 0.0872790291905, 0.0725163891912, 0.00803975574672, 0.00229048496112, 0.000668382679578, 9.85714650596e-05, 8.38778578327e-06, 4.75777937936e-07, 1.15738578188e-06, 2.84343197876e-08, 9.3567698034e-10],
        "max": [0.00207064999267, 0.0547723174095, 0.862240850925, 1.72233998775, 2.84355664253, 25.024225235, 73.4243087769, 451.184448242, 705.635375977, 527.147949219, 161.655471802, 41.8855476379, 48.332157135, 31.6505146027, 45.5893058777, 40.455783844, 35.3672409058, 39.0356750488, 36.0884170532, 16.1602649689, 14.0866422653, 28.1821517944, 50.1261940002, 15.826675415, 19.7020187378, 9.83943557739, 7.44225549698, 4.1438331604, 2.66883015633, 2.08648705482, 1.92615103722, 0.535909056664, 0.290392309427, 0.17158138752, 0.0647749528289, 0.0182174481452, 0.00496521545574, 0.00814145710319, 0.00116149976384, 0.000251234305324],
        "mean": [0.000223251568968, 0.00526685500517, 0.0703845918179, 0.140689954162, 0.348268926144, 1.76151847839, 7.33189725876, 33.7779541016, 56.6118125916, 61.7600975037, 21.8975734711, 6.09752655029, 3.66142964363, 1.97918653488, 2.27801775932, 1.235922575, 1.05118668079, 1.17404687405, 1.28008413315, 0.728506505489, 0.637220978737, 0.76186555624, 0.973833084106, 0.714944541454, 0.540713369846, 0.334792137146, 0.271459519863, 0.204677835107, 0.147758543491, 0.0957890972495, 0.0651027187705, 0.0375872217119, 0.0261134970933, 0.0141994515434, 0.00768702337518, 0.00299426796846, 0.00170621811412, 0.00288006081246, 0.000646709930152, 0.00011114145309],
        "median": [0.000161438743817, 0.00209724088199, 0.0289381183684, 0.0850544571877, 0.215849384665, 0.696545600891, 4.17012786865, 3.93342900276, 8.9398651123, 14.5340156555, 12.8334875107, 3.40717291832, 1.25102686882, 1.10503077507, 0.994708120823, 0.505045413971, 0.449250251055, 0.479314029217, 0.527728676796, 0.320804417133, 0.283953011036, 0.199889883399, 0.176857247949, 0.166317373514, 0.118947222829, 0.0991382524371, 0.0724325478077, 0.0636360272765, 0.0453325733542, 0.0327953658998, 0.0239242371172, 0.0177488848567, 0.0134030329064, 0.008798411116, 0.00542510207742, 0.00241555948742, 0.00160330988001, 0.00254211644642, 0.000631179194897, 0.000104414764792],
        "min": [1.30670423459e-05, 0.000293216871796, 0.00162409176119, 0.00935143698007, 0.0335806533694, 0.09851975739, 0.371770113707, 0.213189288974, 0.589260697365, 2.36926555634, 0.952847003937, 0.621132433414, 0.310723245144, 0.13123306632, 0.057051859796, 0.0574889183044, 0.0373305566609, 0.0182421822101, 0.0325244031847, 0.0281968768686, 0.0376719273627, 0.0281311366707, 0.0280400924385, 0.0239477045834, 0.0156857203692, 0.0158328302205, 0.0112670185044, 0.0141167836264, 0.0132528226823, 0.00849591009319, 0.00701684178784, 0.00472356099635, 0.0029676312115, 0.00226733856834, 0.00179319968447, 0.000237276093685, 0.000439852621639, 0.000392230198486, 6.33078088867e-05, 6.75206001688e-06],
        "var": [5.37332560668e-08, 7.66602242948e-05, 0.016090195626, 0.0294969268143, 0.12685161829, 12.1432743073, 67.6640319824, 8614.24414062, 21386.9335938, 11495.5185547, 697.155456543, 67.9977035522, 70.3258056641, 14.0563659668, 20.1620750427, 16.3370723724, 8.70931529999, 14.8237915039, 12.9891757965, 3.10618329048, 2.50066423416, 9.61142635345, 20.9592266083, 4.32858800888, 3.1290409565, 0.814657866955, 0.603594720364, 0.232495188713, 0.1087044999, 0.0480155870318, 0.0269503276795, 0.00379127892666, 0.00152583187446, 0.000367002619896, 6.00386774749e-05, 5.56720897293e-06, 5.0201748536e-07, 2.0894822228e-06, 1.74398131492e-08, 7.52813145155e-10]
    },
    "gfcc": {
        "mean": [-120.612281799, 91.7762451172, -89.8162002563, -29.225692749, -73.0934066772, -36.2857513428, -37.5917167664, -9.1718120575, -10.2009162903, 0.530835330486, -8.99873733521, -6.37131881714, -13.6242275238],
        "cov": [[777.424987793, -6.7729434967, -282.88269043, 125.932022095, -141.475906372, -34.1425819397, -64.5710220337, -27.0503883362, -14.7919778824, -26.6600036621, 60.5168418884, 32.0621452332, 20.7527160645], [-6.7729434967, 294.552764893, 164.200439453, -166.410308838, -30.6302146912, -36.3532791138, -7.97852373123, 30.6010551453, 10.8906202316, 11.1232070923, 3.18256783485, 22.7791156769, 9.18767642975], [-282.88269043, 164.200439453, 339.054046631, -130.499267578, -24.3364181519, -18.931684494, -14.2649097443, 31.1486415863, 29.5145301819, 40.2527389526, -4.99052190781, 36.4332389832, 3.285384655], [125.932022095, -166.410308838, -130.499267578, 248.426528931, 74.2536468506, 60.837387085, 19.5810203552, -19.6089706421, -5.59843206406, -14.331905365, 5.91353416443, -10.7236204147, -0.735587120056], [-141.475906372, -30.6302146912, -24.3364181519, 74.2536468506, 166.755279541, 85.3780136108, 44.8475532532, 0.916033864021, -12.5252380371, -12.8150281906, -23.8750343323, -27.5665798187, -12.6277799606], [-34.1425819397, -36.3532791138, -18.931684494, 60.837387085, 85.3780136108, 93.9459533691, 34.2840805054, 4.87288475037, -12.1108837128, -19.5204257965, -21.3841991425, -10.5076389313, -2.12620425224], [-64.5710220337, -7.97852373123, -14.2649097443, 19.5810203552, 44.8475532532, 34.2840805054, 61.2787818909, 23.6033115387, 1.81396508217, -9.39678573608, -27.3038883209, -28.3408908844, -12.0702066422], [-27.0503883362, 30.6010551453, 31.1486415863, -19.6089706421, 0.916033864021, 4.87288475037, 23.6033115387, 44.4130210876, 17.146440506, 1.56864845753, -14.2373952866, -9.69999217987, -9.78532028198], [-14.7919778824, 10.8906202316, 29.5145301819, -5.59843206406, -12.5252380371, -12.1108837128, 1.81396508217, 17.146440506, 38.7846832275, 27.1050434113, 7.0656170845, 2.54098200798, -3.99917316437], [-26.6600036621, 11.1232070923, 40.2527389526, -14.331905365, -12.8150281906, -19.5204257965, -9.39678573608, 1.56864845753, 27.1050434113, 44.7175369263, 23.829706192, 11.8443136215, 1.140843153], [60.5168418884, 3.18256783485, -4.99052190781, 5.91353416443, -23.8750343323, -21.3841991425, -27.3038883209, -14.2373952866, 7.0656170845, 23.829706192, 52.4407196045, 34.8102874756, 12.4851493835], [32.0621452332, 22.7791156769, 36.4332389832, -10.7236204147, -27.5665798187, -10.5076389313, -28.3408908844, -9.69999217987, 2.54098200798, 11.8443136215, 34.8102874756, 55.6258659363, 25.7599716187], [20.7527160645, 9.18767642975, 3.285384655, -0.735587120056, -12.6277799606, -2.12620425224, -12.0702066422, -9.78532028198, -3.99917316437, 1.140843153, 12.4851493835, 25.7599716187, 31.1375236511]],
        "icov": [[0.00807931739837, -0.00834853574634, 0.00933807250112, -0.00759982224554, 0.0114414459094, -0.0071394527331, 0.00819944776595, -0.0033516199328, 0.00253115966916, -0.0030432571657, 0.000358159129974, -0.00283216801472, 0.00482755759731], [-0.00834853574634, 0.0157402921468, -0.0119988974184, 0.0117197781801, -0.0136694693938, 0.00907068606466, -0.00905644427985, 0.000597884412855, -0.00384978577495, 0.0077103972435, -0.00464246561751, 0.00410067848861, -0.00809233821929], [0.00933807250112, -0.0119988974184, 0.0172637216747, -0.0080046961084, 0.0129899773747, -0.00909564085305, 0.0112786032259, -0.00568017549813, 0.00447942037135, -0.0121352113783, 0.00954038929194, -0.0118532637134, 0.00954085309058], [-0.00759982224554, 0.0117197781801, -0.0080046961084, 0.0159691032022, -0.0131008401513, 0.00429305434227, -0.00861894898117, 0.00477311294526, -0.00765744689852, 0.00767908198759, -0.00520924851298, 0.00344051560387, -0.00605447916314], [0.0114414459094, -0.0136694693938, 0.0129899773747, -0.0131008401513, 0.0300264973193, -0.0208821706474, 0.00804404448718, -0.00139073655009, 0.00718611618504, -0.00920528825372, 0.000445273966761, -0.000268799747573, 0.00946426205337], [-0.0071394527331, 0.00907068606466, -0.00909564085305, 0.00429305434227, -0.0208821706474, 0.0327599048615, -0.0135312015191, 0.000757596630137, -0.000481239665532, 0.00774337397888, 0.00526239862666, -0.00611181138083, -0.00549521716312], [0.00819944776595, -0.00905644427985, 0.0112786032259, -0.00861894898117, 0.00804404448718, -0.0135312015191, 0.0435414724052, -0.020093081519, 0.00515422644094, -0.00799301080406, 0.00665946584195, 0.00664873467758, 0.00150024087634], [-0.0033516199328, 0.000597884412855, -0.00568017549813, 0.00477311294526, -0.00139073655009, 0.000757596630137, -0.020093081519, 0.0480279773474, -0.02589183487, 0.013410449028, 0.00235576694831, -0.00235161534511, 0.00674573052675], [0.00253115966916, -0.00384978577495, 0.00447942037135, -0.00765744689852, 0.00718611618504, -0.000481239665532, 0.00515422644094, -0.02589183487, 0.0678134188056, -0.04605736956, 0.0118386577815, -0.00642066309229, 0.00650011515245], [-0.0030432571657, 0.0077103972435, -0.0121352113783, 0.00767908198759, -0.00920528825372, 0.00774337397888, -0.00799301080406, 0.013410449028, -0.04605736956, 0.0740545913577, -0.036955870688, 0.0165229029953, -0.00835337582976], [0.000358159129974, -0.00464246561751, 0.00954038929194, -0.00520924851298, 0.000445273966761, 0.00526239862666, 0.00665946584195, 0.00235576694831, 0.0118386577815, -0.036955870688, 0.0659806653857, -0.0411266572773, 0.0143055226654], [-0.00283216801472, 0.00410067848861, -0.0118532637134, 0.00344051560387, -0.000268799747573, -0.00611181138083, 0.00664873467758, -0.00235161534511, -0.00642066309229, 0.0165229029953, -0.0411266572773, 0.0681589916348, -0.038005746901], [0.00482755759731, -0.00809233821929, 0.00954085309058, -0.00605447916314, 0.00946426205337, -0.00549521716312, 0.00150024087634, 0.00674573052675, 0.00650011515245, -0.00835337582976, 0.0143055226654, -0.038005746901, 0.0631475150585]]
    },
    "melbands": {
        "dmean": [1.67401549334e-06, 1.72425934579e-05, 2.03100298677e-05, 3.26539811795e-05, 7.13966146577e-05, 0.000301481224597, 0.000246400013566, 0.000118772528367, 3.51757807948e-05, 1.30152830025e-05, 8.87391979632e-06, 5.04847730554e-06, 5.36597735845e-06, 2.62634785031e-06, 1.49890786361e-06, 2.28265093938e-06, 1.4767151697e-06, 1.46300328652e-06, 1.09910240553e-06, 7.07133665401e-07, 4.81822553411e-07, 5.03716591993e-07, 6.98647170339e-07, 6.4847796466e-07, 4.83577082377e-07, 3.70261034277e-07, 2.9064878504e-07, 1.7200365221e-07, 1.50139669586e-07, 1.14854756816e-07, 9.72622231643e-08, 6.79533442849e-08, 4.754258498e-08, 3.74828452721e-08, 3.14778034749e-08, 1.99252063737e-08, 1.41704497025e-08, 1.2163798857e-08, 8.35654745401e-09, 5.17166398595e-09],
        "dmean2": [2.7937089726e-06, 2.97195147141e-05, 3.57811113645e-05, 5.5407963373e-05, 0.000112392131996, 0.000456502195448, 0.000336876953952, 0.000155612113304, 5.4522548453e-05, 2.2262609491e-05, 1.35205837068e-05, 8.45031263452e-06, 8.68720508151e-06, 4.37740618509e-06, 2.48695482696e-06, 3.91189269067e-06, 2.44316720455e-06, 2.23828374146e-06, 1.80234906111e-06, 1.1704797771e-06, 7.48787670091e-07, 8.63904688231e-07, 8.8427054834e-07, 9.44161456573e-07, 7.9095940464e-07, 5.89480464441e-07, 4.55547649381e-07, 2.72416514235e-07, 2.44671724658e-07, 1.78396049932e-07, 1.51511997615e-07, 1.0340644252e-07, 7.83482576594e-08, 5.70943292644e-08, 4.98347212385e-08, 3.05888967489e-08, 2.1054443522e-08, 1.8292688253e-08, 1.37081901386e-08, 7.8953972249e-09],
        "dvar": [5.30994085507e-12, 9.15034825688e-10, 7.51275264221e-10, 3.46912165661e-09, 2.05555412691e-08, 1.15030593406e-06, 7.97195127689e-07, 9.03845602807e-08, 8.280308883e-09, 7.1514233424e-10, 4.90053941871e-10, 1.58300275666e-10, 1.67466665535e-10, 8.7049763231e-11, 2.05423733579e-11, 1.01646836781e-10, 2.70419173165e-11, 2.08917327882e-11, 1.42328909075e-11, 4.86949196243e-12, 1.39614665315e-12, 3.63707956981e-12, 8.13798507748e-12, 6.50926925208e-12, 2.24337410627e-12, 1.95165975395e-12, 1.01254887721e-12, 3.87211123625e-13, 3.06448253275e-13, 8.11123832488e-14, 8.08954682754e-14, 2.90409650537e-14, 1.86326750199e-14, 1.14675132048e-14, 1.24187871087e-14, 2.86307258216e-15, 9.09322585525e-16, 7.59346931884e-16, 3.71506744842e-16, 1.7810069444e-16],
        "dvar2": [1.26013678658e-11, 2.26022178751e-09, 2.13075956879e-09, 9.3723704353e-09, 5.09541138172e-08, 2.28546673497e-06, 1.54211841163e-06, 1.52824270572e-07, 1.81309562919e-08, 1.7689012477e-09, 9.00433505535e-10, 3.66193436685e-10, 4.01755878565e-10, 1.95679791815e-10, 4.66785186892e-11, 2.79723161301e-10, 4.56846990793e-11, 4.39880493142e-11, 3.6108428747e-11, 1.198161622e-11, 3.09629600605e-12, 7.75791063334e-12, 1.16507333295e-11, 8.70702988875e-12, 6.19683341099e-12, 4.84517937924e-12, 2.50748705653e-12, 9.9535158761e-13, 7.77603784315e-13, 1.6624352448e-13, 2.04538412574e-13, 5.69479223977e-14, 3.73795131404e-14, 2.66211325309e-14, 3.13675341669e-14, 6.63562646264e-15, 2.09795047376e-15, 1.66431746213e-15, 9.98645809703e-16, 4.05037708729e-16],
        "max": [1.84708515008e-05, 0.000318369828165, 0.00032836056198, 0.000684333499521, 0.00221202522516, 0.0117270760238, 0.00955043081194, 0.00452302396297, 0.00119315320626, 0.000281481712591, 0.000252503348747, 0.000130298125441, 0.000177082736627, 0.000122021396237, 5.94126468059e-05, 0.000123024205095, 7.29557796149e-05, 5.21514339198e-05, 3.73953735107e-05, 2.64779500867e-05, 1.40825213748e-05, 2.46338549914e-05, 4.58494905615e-05, 3.7668254663e-05, 1.41613909364e-05, 1.57269605552e-05, 1.09580842036e-05, 7.05347201801e-06, 6.03528496868e-06, 2.48012565862e-06, 2.66934944193e-06, 1.65810888575e-06, 1.31334923026e-06, 1.07122173176e-06, 1.24493999465e-06, 5.64184290397e-07, 2.68820485871e-07, 2.8204246405e-07, 1.94549329535e-07, 1.52063023506e-07],
        "mean": [2.75168986263e-06, 2.63413385255e-05, 2.80302774627e-05, 6.09030903433e-05, 0.000200073729502, 0.000861506268848, 0.000854093115777, 0.000565129914321, 0.000147646132973, 3.08840972139e-05, 1.76970042958e-05, 7.45672059566e-06, 9.1166330094e-06, 3.95442066292e-06, 2.12523195842e-06, 2.54941710409e-06, 2.04735783882e-06, 2.10845792026e-06, 1.27115879422e-06, 8.62272088398e-07, 6.94504251442e-07, 7.1572020488e-07, 8.9069084197e-07, 8.46777368224e-07, 5.49844457964e-07, 4.36941917314e-07, 3.16222752872e-07, 2.00890866608e-07, 1.76602313218e-07, 1.38911019576e-07, 1.13643110922e-07, 8.87985081022e-08, 6.43754916041e-08, 4.94983218857e-08, 3.9319598244e-08, 2.7129779312e-08, 2.15873203757e-08, 1.97348555275e-08, 1.46896166342e-08, 1.084704504e-08],
        "median": [1.53260282332e-06, 1.09637330752e-05, 1.86188481166e-05, 2.56108251051e-05, 9.7570969956e-05, 0.000111902059871, 0.000189938102267, 9.87596067716e-05, 9.06226050574e-05, 1.48919407366e-05, 5.71516102355e-06, 3.97825851906e-06, 3.97023177356e-06, 1.49533605054e-06, 1.00015927273e-06, 9.73487772171e-07, 8.73079386565e-07, 8.82790345713e-07, 5.31675254933e-07, 3.52251220193e-07, 3.2690385865e-07, 2.16471789827e-07, 1.64049438922e-07, 1.57353184704e-07, 1.35345445074e-07, 9.40183966236e-08, 7.93408574395e-08, 6.1692666975e-08, 4.5926547898e-08, 4.21280255125e-08, 3.50484761213e-08, 2.44830058449e-08, 2.10533475098e-08, 1.66671210167e-08, 1.43676599507e-08, 1.15556622049e-08, 1.07332711607e-08, 9.78501191184e-09, 8.44174952164e-09, 6.97221613777e-09],
        "min": [2.27042292522e-07, 6.7387315994e-07, 2.7714031603e-06, 3.10886252919e-06, 8.60018553794e-06, 5.42935094927e-06, 1.34727797558e-05, 5.35167919224e-06, 3.50864320353e-06, 3.03084289044e-06, 3.10446949925e-07, 5.16184627486e-07, 1.87798974594e-07, 1.88773981336e-07, 1.0890796176e-07, 5.99026108716e-08, 2.84686425545e-08, 5.46635448018e-08, 3.90137877559e-08, 3.26753379909e-08, 4.91738063602e-08, 3.15592956213e-08, 2.48478499998e-08, 2.1272690276e-08, 2.02075156608e-08, 1.02019708237e-08, 1.04345554419e-08, 1.14757714442e-08, 7.60096163788e-09, 6.52392317946e-09, 8.54786641469e-09, 7.33271754427e-09, 5.33474953102e-09, 3.83095155598e-09, 4.20143564384e-09, 3.44798678498e-09, 2.6589523916e-09, 1.89635263048e-09, 1.9983694699e-09, 1.84834703099e-09],
        "var": [1.03945853661e-11, 2.16127871155e-09, 9.4258190142e-10, 1.3045332814e-08, 6.28617726761e-08, 5.72932003706e-06, 3.92520587411e-06, 9.78550588115e-07, 3.11463779212e-08, 2.846362257e-09, 1.78421133423e-09, 2.31029417819e-10, 3.05986819216e-10, 1.84886439492e-10, 3.15741079115e-11, 8.44255568233e-11, 4.48230896843e-11, 3.22756162074e-11, 1.29201822852e-11, 5.84951444921e-12, 2.64107659353e-12, 7.36480321173e-12, 1.76372527694e-11, 1.43477920517e-11, 2.39703591177e-12, 2.07074158168e-12, 9.96582916017e-13, 3.48014992475e-13, 3.129158716e-13, 1.12468668818e-13, 8.16630630848e-14, 4.17843860098e-14, 2.33474619981e-14, 1.34588190541e-14, 1.08972931658e-14, 2.9327444302e-15, 1.10007207591e-15, 1.06333022187e-15, 4.33480386883e-16, 2.30042528241e-16]
    },
    "mfcc": {
        "mean": [-784.263061523, 156.535079956, 9.37832164764, 3.23548698425, -23.0899562836, -24.5629692078, -25.683298111, -18.3597831726, -11.5090751648, -2.83697128296, 0.0815938860178, 0.060258243233, -0.397377341986],
        "cov": [[1142.58911133, -296.364349365, -236.862411499, 79.7454147339, -67.5853424072, -12.8961648941, -38.28855896, 10.4093084335, -81.1821212769, -54.0149612427, -16.2558193207, -18.4038619995, -32.0121688843], [-296.364349365, 482.950042725, 170.242874146, -129.803466797, -25.5993461609, -98.7291793823, -23.7574691772, -19.2064819336, 30.4890480042, -3.56982541084, -3.33039689064, 21.6697006226, 27.8768978119], [-236.862411499, 170.242874146, 238.644668579, -39.7846260071, -21.1491088867, -52.1636734009, -45.8038330078, -16.2246437073, 9.31999588013, -9.16449737549, -2.13874650002, 10.1999769211, 40.0764427185], [79.7454147339, -129.803466797, -39.7846260071, 107.565078735, 34.3512840271, 45.7578697205, 20.837392807, 14.2951402664, 0.556726455688, 13.1736011505, 4.75104236603, -6.13602161407, -2.69559931755], [-67.5853424072, -25.5993461609, -21.1491088867, 34.3512840271, 97.5140075684, 71.2242584229, 40.0536079407, 23.3194065094, 7.39808511734, -5.35219764709, 1.92344248295, 5.53551197052, 0.580556750298], [-12.8961648941, -98.7291793823, -52.1636734009, 45.7578697205, 71.2242584229, 108.538032532, 53.8479957581, 27.7098121643, 14.4998102188, -0.367845624685, -1.19303739071, -4.76014757156, -8.34819602966], [-38.28855896, -23.7574691772, -45.8038330078, 20.837392807, 40.0536079407, 53.8479957581, 64.3957977295, 31.097568512, 16.771440506, 6.65769720078, -1.75566220284, -2.48550581932, -15.6418266296], [10.4093084335, -19.2064819336, -16.2246437073, 14.2951402664, 23.3194065094, 27.7098121643, 31.097568512, 52.563873291, 24.9277019501, -1.87813532352, -5.58613729477, 4.51474905014, -8.09254837036], [-81.1821212769, 30.4890480042, 9.31999588013, 0.556726455688, 7.39808511734, 14.4998102188, 16.771440506, 24.9277019501, 53.9843101501, 22.5591754913, 2.22828149796, 8.56707286835, -1.48243916035], [-54.0149612427, -3.56982541084, -9.16449737549, 13.1736011505, -5.35219764709, -0.367845624685, 6.65769720078, -1.87813532352, 22.5591754913, 60.1012382507, 19.2653484344, -2.76029086113, -3.02306222916], [-16.2558193207, -3.33039689064, -2.13874650002, 4.75104236603, 1.92344248295, -1.19303739071, -1.75566220284, -5.58613729477, 2.22828149796, 19.2653484344, 34.1728134155, 8.43745231628, 0.862588226795], [-18.4038619995, 21.6697006226, 10.1999769211, -6.13602161407, 5.53551197052, -4.76014757156, -2.48550581932, 4.51474905014, 8.56707286835, -2.76029086113, 8.43745231628, 41.7695541382, 16.4951515198], [-32.0121688843, 27.8768978119, 40.0764427185, -2.69559931755, 0.580556750298, -8.34819602966, -15.6418266296, -8.09254837036, -1.48243916035, -3.02306222916, 0.862588226795, 16.4951515198, 36.8601570129]],
