{
"lowlevel": {
    "average_loudness": 0.984408020973,
    "barkbands_crest": {
        "dmean": 1.34511196613,
        "dmean2": 1.4923017025,
        "dvar": 0.979506075382,
        "dvar2": 1.21440446377,
        "max": 20.2527198792,
        "mean": 14.4493455887,
        "median": 14.6898670197,
        "min": 8.7366771698,
        "var": 5.19574975967
    },
    "barkbands_flatness_db": {
        "dmean": 0.0168149638921,
        "dmean2": 0.0225429907441,
        "dvar": 0.00078675878467,
        "dvar2": 0.00106650975067,
        "max": 0.506843328476,
        "mean": 0.423346489668,
        "median": 0.428304880857,
        "min": 0.16275113821,
        "var": 0.0013009251561
    },
    "barkbands_kurtosis": {
        "dmean": 6.43914794922,
        "dmean2": 10.5145778656,
        "dvar": 185.386398315,
        "dvar2": 516.574401855,
        "max": 167.016769409,
        "mean": 16.7223205566,
        "median": 9.65023899078,
        "min": 4.69021940231,
        "var": 573.907409668
    },
    "barkbands_skewness": {
        "dmean": 0.416991353035,
        "dmean2": 0.680259108543,
        "dvar": 0.664173185825,
        "dvar2": 1.62525951862,
        "max": 10.4588766098,
        "mean": 2.00108718872,
        "median": 1.64915454388,
        "min": 1.03219223022,
        "var": 1.96786952019
    },
    "barkbands_spread": {
        "dmean": 0.139638438821,
        "dmean2": 0.167630031705,
        "dvar": 0.236867055297,
        "dvar2": 0.258534789085,
        "max": 6.92418432236,
        "mean": 1.10980546474,
        "median": 1.05929172039,
        "min": 0.577047407627,
        "var": 0.23903952539
    },
    "dissonance": {
        "dmean": 0.0314673669636,
        "dmean2": 0.0465854294598,
        "dvar": 0.00076990731759,
        "dvar2": 0.00163677055389,
        "max": 0.499998271465,
        "mean": 0.422453224659,
        "median": 0.426673471928,
        "min": 0.31463766098,
        "var": 0.00157736102119
    },
    "dynamic_complexity": 0.574199974537,
    "erbbands_crest": {
        "dmean": 1.22403168678,
        "dmean2": 1.68654692173,
        "dvar": 1.47810816765,
        "dvar2": 2.55399823189,
        "max": 19.8146152496,
        "mean": 10.7254047394,
        "median": 10.2531833649,
        "min": 5.04742336273,
        "var": 4.12737846375
    },
    "erbbands_flatness_db": {
        "dmean": 0.016647990793,
        "dmean2": 0.0224582999945,
        "dvar": 0.000609593756963,
        "dvar2": 0.000835755607113,
        "max": 0.390266060829,
        "mean": 0.318088918924,
        "median": 0.326721787453,
        "min": 0.0856883227825,
        "var": 0.00117206864525
    },
    "erbbands_kurtosis": {
        "dmean": 3.69049310684,
        "dmean2": 5.41594266891,
        "dvar": 30.697052002,
        "dvar2": 68.3341827393,
        "max": 58.5985641479,
        "mean": 13.8012666702,
        "median": 11.6084222794,
        "min": -0.0830256938934,
        "var": 57.5189743042
    },
    "erbbands_skewness": {
        "dmean": 0.351544052362,
        "dmean2": 0.516604959965,
        "dvar": 0.239915281534,
        "dvar2": 0.428896695375,
        "max": 6.34632778168,
        "mean": 2.7342569828,
        "median": 2.56662321091,
        "min": 0.944438874722,
        "var": 0.562831759453
    },
    "erbbands_spread": {
        "dmean": 2.26184391975,
        "dmean2": 3.05953407288,
        "dvar": 32.2022247314,
        "dvar2": 49.1871833801,
        "max": 56.1112251282,
        "mean": 7.80320644379,
        "median": 6.08643007278,
        "min": 3.30660939217,
        "var": 50.4983634949
    },
    "hfc": {
        "dmean": 2.96242642403,
        "dmean2": 3.01610851288,
        "dvar": 2.98107433319,
        "dvar2": 3.31519722939,
        "max": 21.9364910126,
        "mean": 14.6685085297,
        "median": 14.4614419937,
        "min": 0.393285751343,
        "var": 15.3287687302
    },
    "melbands_crest": {
        "dmean": 1.48354649544,
        "dmean2": 1.56940042973,
        "dvar": 1.2947922945,
        "dvar2": 1.42838943005,
        "max": 31.0192699432,
        "mean": 21.7830295563,
        "median": 21.6203365326,
        "min": 14.8159408569,
        "var": 8.67360401154
    },
    "melbands_flatness_db": {
        "dmean": 0.0197532661259,
        "dmean2": 0.0276805460453,
        "dvar": 0.000994386267848,
        "dvar2": 0.0014987726463,
        "max": 0.664792001247,
        "mean": 0.560316205025,
        "median": 0.566695809364,
        "min": 0.277254939079,
        "var": 0.00167695165146
    },
    "melbands_kurtosis": {
        "dmean": 12.3256254196,
        "dmean2": 19.8759078979,
        "dvar": 1055.2512207,
        "dvar2": 2543.50561523,
        "max": 438.054107666,
        "mean": 30.1310348511,
        "median": 16.6250267029,
        "min": 7.85853004456,
        "var": 2795.57543945
    },
    "melbands_skewness": {
        "dmean": 0.524144470692,
        "dmean2": 0.747776210308,
        "dvar": 1.08158767223,
        "dvar2": 2.32680940628,
        "max": 14.9722862244,
        "mean": 2.71510696411,
        "median": 2.27475380898,
        "min": 1.59043216705,
        "var": 2.86898183823
    },
    "melbands_spread": {
        "dmean": 0.0962783843279,
        "dmean2": 0.116813763976,
        "dvar": 0.0717185363173,
        "dvar2": 0.0752623230219,
        "max": 4.03707551956,
        "mean": 0.985976934433,
        "median": 0.978416860104,
        "min": 0.486912220716,
        "var": 0.0876986160874
    },
    "pitch_salience": {
        "dmean": 0.0310854539275,
        "dmean2": 0.0347139872611,
        "dvar": 0.000881539133843,
        "dvar2": 0.00101316242944,
        "max": 0.737853825092,
        "mean": 0.504649281502,
        "median": 0.513010621071,
        "min": 0.275756329298,
        "var": 0.00490232650191
    },
    "silence_rate_20dB": {
        "dmean": 0,
        "dmean2": 0,
        "dvar": 0,
        "dvar2": 0,
        "max": 1,
        "mean": 1,
        "median": 1,
        "min": 1,
        "var": 0
    },
    "silence_rate_30dB": {
        "dmean": 0.31111112237,
        "dmean2": 0.625698328018,
        "dvar": 0.214321047068,
        "dvar2": 0.278892964125,
        "max": 1,
        "mean": 0.38121548295,
        "median": 0,
        "min": 0,
        "var": 0.235889941454
    },
    "silence_rate_60dB": {
        "dmean": 0,
        "dmean2": 0,
        "dvar": 0,
        "dvar2": 0,
        "max": 0,
        "mean": 0,
        "median": 0,
        "min": 0,
        "var": 0
    },
    "spectral_centroid": {
        "dmean": 12.6035327911,
        "dmean2": 15.2963066101,
        "dvar": 1410.92578125,
        "dvar2": 1724.04003906,
        "max": 533.484191895,
        "mean": 185.559051514,
        "median": 179.673706055,
        "min": 151.28175354,
        "var": 1539.72497559
    },
    "spectral_complexity": {
        "dmean": 1.04999995232,
        "dmean2": 1.75977659225,
        "dvar": 1.15861082077,
        "dvar2": 2.22720932961,
        "max": 11,
        "mean": 6.68508291245,
        "median": 7,
        "min": 1,
        "var": 3.03342366219
    },
    "spectral_decrease": {
        "dmean": 4.89756946109e-09,
        "dmean2": 4.98730168275e-09,
        "dvar": 9.63306417238e-18,
        "dvar2": 1.21649780006e-17,
        "max": -8.05894073697e-10,
        "mean": -2.66764619283e-08,
        "median": -2.61378527711e-08,
        "min": -3.6703813322e-08,
        "var": 4.03152974395e-17
    },
    "spectral_energy": {
        "dmean": 0.0187521651387,
        "dmean2": 0.0190953947604,
        "dvar": 0.000140709278639,
        "dvar2": 0.000177447058377,
        "max": 0.140188530087,
        "mean": 0.102013424039,
        "median": 0.0999955460429,
        "min": 0.00307730585337,
        "var": 0.000590921728872
    },
    "spectral_energyband_high": {
        "dmean": 5.2108221098e-06,
        "dmean2": 8.23323262011e-06,
        "dvar": 2.70855476936e-10,
        "dvar2": 4.30356167369e-10,
        "max": 0.000170926810824,
        "mean": 7.08296556695e-06,
        "median": 2.0096344997e-06,
        "min": 5.51935784188e-07,
        "var": 3.73922892649e-10
    },
    "spectral_energyband_low": {
        "dmean": 0.0132771600038,
        "dmean2": 0.0135331470519,
        "dvar": 9.2374822998e-05,
        "dvar2": 0.000124177196994,
        "max": 0.116375930607,
        "mean": 0.0740308910608,
        "median": 0.0704320445657,
        "min": 0.00229482026771,
        "var": 0.000321501778672
    },
    "spectral_energyband_middle_high": {
        "dmean": 2.94264045806e-05,
        "dmean2": 3.80735327781e-05,
        "dvar": 3.14630721476e-09,
        "dvar2": 3.88251075734e-09,
        "max": 0.000719719799235,
        "mean": 0.000102947829873,
        "median": 9.54514980549e-05,
        "min": 1.18614434541e-05,
        "var": 4.40497416321e-09
    },
    "spectral_energyband_middle_low": {
        "dmean": 0.00820329692215,
        "dmean2": 0.00863962713629,
        "dvar": 3.0761329981e-05,
        "dvar2": 3.518072117e-05,
        "max": 0.0745424553752,
        "mean": 0.036065004766,
        "median": 0.0372513234615,
        "min": 0.000897403631825,
        "var": 0.000182667732588
    },
    "spectral_entropy": {
        "dmean": 0.180499628186,
        "dmean2": 0.250344246626,
        "dvar": 0.0984962061048,
        "dvar2": 0.129838734865,
        "max": 8.40399551392,
        "mean": 5.31628131866,
        "median": 5.24602890015,
        "min": 4.61629295349,
        "var": 0.176499739289
    },
    "spectral_flux": {
        "dmean": 0.0183153823018,
        "dmean2": 0.0301057621837,
        "dvar": 0.000352056114934,
        "dvar2": 0.000660414865706,
        "max": 0.251224219799,
        "mean": 0.0697542130947,
        "median": 0.0693723708391,
        "min": 0.0310421977192,
        "var": 0.000541615823749
    },
    "spectral_kurtosis": {
        "dmean": 21.4266147614,
        "dmean2": 39.2943153381,
        "dvar": 353.06237793,
        "dvar2": 970.319580078,
        "max": 151.060394287,
        "mean": 50.6842575073,
        "median": 54.0853271484,
        "min": 0.275047779083,
        "var": 631.883605957
    },
    "spectral_rms": {
        "dmean": 0.000941913574934,
        "dmean2": 0.000944319705013,
        "dvar": 5.58008252938e-07,
        "dvar2": 7.21031881312e-07,
        "max": 0.0116948410869,
        "mean": 0.00988997705281,
        "median": 0.0098770763725,
        "min": 0.0017327000387,
        "var": 1.7136179622e-06
    },
    "spectral_rolloff": {
        "dmean": 9.8095703125,
        "dmean2": 16.2401256561,
        "dvar": 151.067810059,
        "dvar2": 194.756607056,
        "max": 236.865234375,
        "mean": 188.683181763,
        "median": 193.798828125,
        "min": 129.19921875,
        "var": 350.408325195
    },
    "spectral_skewness": {
        "dmean": 1.23646187782,
        "dmean2": 2.21465373039,
        "dvar": 1.01893174648,
        "dvar2": 2.69830274582,
        "max": 10.1989574432,
        "mean": 5.27106237411,
        "median": 5.49277687073,
        "min": 0.871889412403,
        "var": 2.44050216675
    },
    "spectral_spread": {
        "dmean": 504004.09375,
        "dmean2": 683452.3125,
        "dvar": 2.56612394598e+12,
        "dvar2": 1.119879168e+12,
        "max": 30864126,
        "mean": 1745455.25,
        "median": 1336005.75,
        "min": 833294.5,
        "var": 5.85607204045e+12
    },
    "spectral_strongpeak": {
        "dmean": 0.345307081938,
        "dmean2": 0.596052050591,
        "dvar": 0.0704451501369,
        "dvar2": 0.139721423388,
        "max": 2.41690587997,
        "mean": 0.983508110046,
        "median": 1.02130460739,
        "min": 0,
        "var": 0.0995518490672
    },
    "zerocrossingrate": {
        "dmean": 0.000721571152098,
        "dmean2": 0.000913822441362,
        "dvar": 1.37078927764e-06,
        "dvar2": 2.09920722227e-06,
        "max": 0.0205078125,
        "mean": 0.00650412216783,
        "median": 0.00634765625,
        "min": 0.001953125,
        "var": 2.72852685157e-06
    },
    "barkbands": {
        "dmean": [1.5814364815e-05, 0.00129390333313, 0.0122867031023, 0.0066178268753, 0.00567933591083, 0.000529743614607, 0.000163513104781, 6.46889893687e-05, 2.71484313998e-05, 1.16166102089e-05, 9.80876211543e-06, 3.91633466279e-06, 2.36433766077e-06, 1.55812074354e-06, 1.65252083661e-06, 1.0566606079e-06, 7.91894422036e-07, 1.17347406103e-06, 5.38672520634e-06, 3.45986791217e-06, 2.16328908209e-06, 4.94983453336e-07, 2.76207572369e-07, 1.51829013362e-07, 1.23364955584e-07, 1.17519640241e-07, 1.145108115e-07],
        "dmean2": [2.15405616473e-05, 0.00147810217459, 0.0123043246567, 0.00696448795497, 0.00558754056692, 0.00056605192367, 0.000196404740564, 7.77630775701e-05, 3.43504543707e-05, 1.68920232682e-05, 1.33974081109e-05, 5.29678254679e-06, 3.38681047651e-06, 2.15917748392e-06, 2.36614573623e-06, 1.52104166773e-06, 1.10031771783e-06, 1.8168624365e-06, 8.30027693155e-06, 5.87617250858e-06, 3.5381744965e-06, 6.91968921274e-07, 3.77219976144e-07, 1.79868678174e-07, 1.34915026706e-07, 1.25997303257e-07, 1.18943951577e-07],
        "dvar": [4.96433172348e-10, 3.05544631374e-06, 6.72680253047e-05, 1.59025821631e-05, 9.91398337646e-06, 2.50592762541e-07, 3.28272768968e-08, 3.16508885767e-09, 8.15012834998e-10, 1.66159155879e-10, 8.13244888098e-11, 5.75995987018e-11, 2.42501747849e-11, 1.72160168066e-11, 3.26190914557e-11, 2.07186177936e-11, 1.13896912735e-11, 1.42654664123e-11, 2.11268724737e-10, 1.16554543794e-10, 2.7948145534e-11, 5.25813940999e-12, 2.29304943089e-12, 1.98140310582e-12, 2.01561141909e-12, 1.86231976021e-12, 2.12038524759e-12],
        "dvar2": [4.11016692903e-10, 5.04196759721e-06, 7.85836018622e-05, 2.53362450167e-05, 1.19396936498e-05, 2.64473101197e-07, 4.66305039026e-08, 4.08572331523e-09, 1.17256038212e-09, 2.67789651565e-10, 1.26195887074e-10, 6.41581787697e-11, 2.73711782406e-11, 1.98136819451e-11, 4.05281988525e-11, 2.43845794251e-11, 1.23014671366e-11, 1.95455891056e-11, 4.73868055906e-10, 2.85614004669e-10, 6.04395908321e-11, 6.33071199629e-12, 2.49213301905e-12, 1.98886827146e-12, 2.02918172716e-12, 1.87146543922e-12, 2.1313591083e-12],
        "max": [0.000367457891116, 0.0199544914067, 0.0908436477184, 0.0433464124799, 0.0335737764835, 0.00658360356465, 0.00241369381547, 0.000657433585729, 0.000245682051172, 0.000130290922243, 9.62483172771e-05, 9.85898004728e-05, 6.73818794894e-05, 5.65694317629e-05, 7.42413394619e-05, 5.96664358454e-05, 4.58987997263e-05, 4.81952156406e-05, 0.000156212525326, 0.000106461520772, 5.64956790186e-05, 2.91654232569e-05, 1.99336700462e-05, 1.90350201592e-05, 1.91443850781e-05, 1.83978263522e-05, 1.96370547201e-05],
        "mean": [7.66360026319e-05, 0.0110235717148, 0.0547425933182, 0.0174591336399, 0.0163457784802, 0.00152176804841, 0.000473224150483, 0.00016319732822, 9.47809458012e-05, 3.26146364387e-05, 3.07892441924e-05, 1.22782676044e-05, 7.03675868863e-06, 4.19678553953e-06, 3.94648213842e-06, 1.92696438717e-06, 1.46587296967e-06, 2.00708382181e-06, 7.60601551519e-06, 4.65843004349e-06, 2.82534097096e-06, 6.24396818694e-07, 3.5649622987e-07, 1.92605028815e-07, 1.39570772717e-07, 1.27874841382e-07, 1.35148070513e-07],
        "median": [6.4828680479e-05, 0.0112966345623, 0.0527839437127, 0.0175032019615, 0.0148921934888, 0.00115427654237, 0.000401474593673, 0.000142089164001, 8.66429982125e-05, 3.08219496219e-05, 2.9765713407e-05, 1.11625349746e-05, 6.27511326456e-06, 3.72982071895e-06, 3.2244772683e-06, 1.251006438e-06, 9.79644369181e-07, 1.19081789762e-06, 3.68103951587e-06, 1.56664668793e-06, 8.00601810624e-07, 1.64690874271e-07, 8.43045100396e-08, 5.89500928072e-08, 2.33177352982e-08, 1.53267372127e-08, 1.92516669273e-08],
        "min": [2.1923413442e-05, 0.000995730864815, 0.000800420064479, 0.000517309701536, 0.000282072520349, 4.96971406392e-05, 1.87355472008e-05, 5.40352584721e-06, 1.77154367975e-06, 1.10146993393e-06, 1.46751358443e-06, 7.57215957492e-07, 3.75293325305e-07, 5.30731711024e-07, 7.9753266391e-07, 3.0421279007e-07, 2.77207135468e-07, 2.35314601582e-07, 3.94108610635e-07, 3.76317530026e-07, 1.56081640057e-07, 4.4251027731e-08, 2.62685784236e-08, 1.81109740538e-08, 9.35828925464e-09, 4.59623628046e-09, 1.33485231757e-08],
        "var": [2.22128337946e-09, 6.0328948166e-06, 0.000263498077402, 7.45074503357e-05, 6.33716845186e-05, 1.23610811897e-06, 1.40750259447e-07, 1.29913289015e-08, 3.56028806436e-09, 3.75932895924e-10, 3.22188886681e-10, 7.61226220947e-11, 3.04335757983e-11, 1.85374441491e-11, 3.17556467233e-11, 2.11595463373e-11, 1.21597714536e-11, 1.66030175719e-11, 2.42455555632e-10, 1.42155995309e-10, 4.60901213029e-11, 5.91306821215e-12, 2.49611095682e-12, 1.97940036757e-12, 2.00786609561e-12, 1.85599582578e-12, 2.11398390113e-12]
    },
    "erbbands": {
        "dmean": [0.00502836145461, 0.401350140572, 8.64033031464, 16.1921195984, 14.1212215424, 19.1765422821, 7.30372714996, 4.17884778976, 3.03725075722, 1.45620274544, 0.937617659569, 0.638098955154, 0.262354999781, 0.455118298531, 0.329088896513, 0.13378341496, 0.115505166352, 0.0757264792919, 0.0887452960014, 0.0730856359005, 0.0546878129244, 0.0434855595231, 0.0479412451386, 0.229070097208, 0.207872495055, 0.153728246689, 0.145891100168, 0.0445099473, 0.019717939198, 0.0138122700155, 0.00684686377645, 0.00362441409379, 0.00239512184635, 0.00132411543746, 0.000935424701311, 0.000515268824529, 0.000208614292205, 7.05799975549e-05, 2.33828068303e-05, 2.08425590245e-05],
        "dmean2": [0.00688499957323, 0.444370687008, 8.76295757294, 16.9033584595, 15.0425081253, 19.5606250763, 7.50580739975, 4.41095399857, 3.39232063293, 1.77442705631, 1.13350093365, 0.835588991642, 0.323276072741, 0.64180880785, 0.42192235589, 0.187701627612, 0.162787735462, 0.10122179985, 0.129954710603, 0.0984683409333, 0.0781519189477, 0.0582707412541, 0.0735840275884, 0.350214570761, 0.325129926205, 0.257637441158, 0.239656686783, 0.0692603066564, 0.0278712064028, 0.0190525557846, 0.00931765884161, 0.00446850433946, 0.00278935441747, 0.00139261165168, 0.00106412626337, 0.000567742798012, 0.000221212467295, 7.3320872616e-05, 2.38316915784e-05, 2.09508070839e-05],
        "dvar": [5.62902241654e-05, 0.378610134125, 51.3488235474, 103.467819214, 100.460533142, 143.357849121, 25.6569957733, 14.8610057831, 10.3478126526, 1.97719931602, 0.765387237072, 0.499104917049, 0.120757810771, 0.205090984702, 0.123539313674, 0.0830235928297, 0.0520630143583, 0.0439187809825, 0.0857355669141, 0.0853481069207, 0.0546519123018, 0.0392565056682, 0.0306661874056, 0.359204769135, 0.306804478168, 0.182868570089, 0.136469736695, 0.015404750593, 0.00797411426902, 0.00374260963872, 0.00172783085145, 0.000988952699117, 0.000519716588315, 0.000257775420323, 9.92261630017e-05, 2.96929356409e-05, 6.43547764412e-06, 8.11765971775e-07, 4.05810283155e-08, 2.69096245287e-10],
        "dvar2": [0.000126045619254, 0.581986308098, 60.6270828247, 160.900283813, 105.138450623, 166.895462036, 30.1498432159, 17.7063999176, 13.1080560684, 3.46814537048, 1.07109975815, 0.722383975983, 0.141650870442, 0.352786332369, 0.173577591777, 0.0919421538711, 0.0615616552532, 0.0493033118546, 0.104349590838, 0.0967956930399, 0.0650327801704, 0.0420969426632, 0.0358145199716, 0.765459001064, 0.71585059166, 0.412245690823, 0.311792254448, 0.024813676253, 0.00978054758161, 0.00442655663937, 0.00183152582031, 0.000994474743493, 0.000521464913618, 0.000259002641542, 0.000100062985439, 2.98484956147e-05, 6.46797525405e-06, 8.15820555999e-07, 4.050478708e-08, 2.47318387991e-10],
        "max": [0.107026793063, 7.50023555756, 89.6232452393, 95.3837356567, 154.664459229, 114.925132751, 54.072769165, 53.9036712646, 39.0029373169, 19.269203186, 8.65407943726, 6.62267017365, 4.02192211151, 4.42994213104, 3.78680062294, 3.73568558693, 3.06688547134, 2.89645457268, 3.85241103172, 3.88505530357, 3.07656288147, 2.69348812103, 2.33932733536, 6.48872184753, 5.77583408356, 3.8538711071, 3.65175771713, 1.27348637581, 1.14588916302, 0.744081556797, 0.55475372076, 0.425393015146, 0.308323591948, 0.216486513615, 0.134452775121, 0.0736074447632, 0.0342014208436, 0.0121362116188, 0.00277642090805, 0.000311147538014],
        "mean": [0.0627860203385, 4.54141807556, 57.3294906616, 55.0936546326, 66.5813217163, 50.3547935486, 20.9820213318, 11.7259378433, 8.38541603088, 4.9771065712, 2.96900486946, 2.2019007206, 1.03464269638, 1.44237577915, 1.01755988598, 0.442949354649, 0.340409398079, 0.223267480731, 0.23013164103, 0.164016649127, 0.101396918297, 0.0831134393811, 0.0883848965168, 0.338259547949, 0.294983059168, 0.2147218436, 0.189104065299, 0.0597081370652, 0.02434232831, 0.0180194228888, 0.00881681870669, 0.00467099063098, 0.00309892510995, 0.00153605965897, 0.00110883801244, 0.000632226176094, 0.000243765418418, 7.6988391811e-05, 6.37171106064e-05, 0.000112858440843],
        "median": [0.0619617328048, 4.65839481354, 56.4464225769, 54.7159194946, 65.2510223389, 47.7020378113, 19.1027774811, 8.97212791443, 6.90534162521, 4.38906669617, 2.83759212494, 1.98001968861, 0.98368793726, 1.38829255104, 0.933106899261, 0.414896517992, 0.307260602713, 0.201043754816, 0.204896077514, 0.123797804117, 0.0660237595439, 0.0538155175745, 0.052153352648, 0.176715046167, 0.133027225733, 0.0727986469865, 0.0531703494489, 0.0192894432694, 0.00673812348396, 0.00394886918366, 0.00216242601164, 0.00140652165283, 0.000934596988373, 0.000246673094807, 0.000252314697718, 0.000159606395755, 4.28120365541e-05, 6.82471409164e-06, 4.77047688037e-05, 0.000109385400719],
        "min": [0.0298032052815, 0.224883317947, 0.827045083046, 1.50675618649, 1.42422068119, 0.727427721024, 0.551300406456, 0.443656176329, 0.370567947626, 0.254900544882, 0.130076125264, 0.0561782941222, 0.0290036071092, 0.0569524280727, 0.0508135743439, 0.028392162174, 0.0170843545347, 0.0205483213067, 0.0432082265615, 0.0333446487784, 0.0215723384172, 0.019156627357, 0.0105648953468, 0.0240641757846, 0.0174030102789, 0.0145355649292, 0.0123039083555, 0.0031889709644, 0.00129771395586, 0.00117084477097, 0.000672104535624, 0.000482011644635, 0.000321545347106, 0.000127726234496, 9.46427171584e-05, 6.2179438828e-05, 2.19045905396e-05, 4.21166441811e-06, 2.86381964543e-05, 7.29657767806e-06],
        "var": [8.7374872237e-05, 0.817360639572, 174.290100098, 395.946685791, 758.979980469, 717.787902832, 122.935890198, 70.5440979004, 46.2493362427, 11.2428331375, 2.93219256401, 1.89188563824, 0.392015099525, 0.650558233261, 0.370695620775, 0.101610034704, 0.0657454803586, 0.0476085394621, 0.0841674357653, 0.0863944068551, 0.0556686036289, 0.0420694835484, 0.0352818928659, 0.45033377409, 0.357711166143, 0.265439271927, 0.220136865973, 0.0221042688936, 0.00883262045681, 0.00448723463342, 0.0018298511859, 0.000991229666397, 0.000519350753166, 0.000256823404925, 9.88949032035e-05, 2.96328817058e-05, 6.40950293018e-06, 8.08274478459e-07, 4.09806411028e-08, 8.74493588654e-10]
    },
    "gfcc": {
        "mean": [-136.029495239, 214.001983643, -40.6884040833, 38.639793396, -28.0038204193, -22.0382938385, -9.50133514404, -19.8014469147, -26.7159843445, -17.4256687164, -7.5796661377, -23.9338855743, -6.91576814651],
        "cov": [[486.607910156, -171.425216675, -149.141815186, 54.397102356, -86.4115371704, -1.2005161047, -0.958099365234, 15.031126976, -17.4236812592, 11.5654258728, -23.3442497253, 8.98536872864, -27.7548389435], [-171.425216675, 459.899597168, 76.7605743408, -301.856872559, 14.1077070236, -62.1671829224, -0.912258565426, -10.9086952209, -14.5864191055, -50.4515037537, 20.3617572784, -49.2929153442, 41.179649353], [-149.141815186, 76.7605743408, 105.375442505, -51.8599128723, 28.9538764954, -3.38441705704, -24.7651500702, -6.22405147552, -0.423481911421, -6.81827068329, 8.0525932312, -1.32535588741, 13.5254526138], [54.397102356, -301.856872559, -51.8599128723, 330.899017334, -5.67972946167, -2.52582645416, 27.4555091858, -40.2801475525, 11.2085208893, 30.797586441, -0.733485519886, 27.3634567261, -27.6296901703], [-86.4115371704, 14.1077070236, 28.9538764954, -5.67972946167, 46.7627830505, 7.08952999115, -2.70689749718, 1.2303044796, -1.65555787086, -0.432231366634, -1.834679842, -1.24629807472, 6.39583683014], [-1.2005161047, -62.1671829224, -3.38441705704, -2.52582645416, 7.08952999115, 46.1312980652, -3.4615149498, 23.1849193573, 4.90895938873, 1.64468181133, -6.59022140503, 2.04996156693, -3.95978498459], [-0.958099365234, -0.912258565426, -24.7651500702, 27.4555091858, -2.70689749718, -3.4615149498, 22.9497089386, -6.12454652786, 1.21661567688, -0.96512645483, -0.253164768219, -3.99807167053, -2.32679891586], [15.031126976, -10.9086952209, -6.22405147552, -40.2801475525, 1.2303044796, 23.1849193573, -6.12454652786, 30.3855190277, 1.62616813183, 0.071069508791, -5.50947237015, -1.78879463673, -2.57436847687], [-17.4236812592, -14.5864191055, -0.423481911421, 11.2085208893, -1.65555787086, 4.90895938873, 1.21661567688, 1.62616813183, 13.8756427765, 2.85028290749, -0.219860717654, 2.36280751228, -2.91660737991], [11.5654258728, -50.4515037537, -6.81827068329, 30.797586441, -0.432231366634, 1.64468181133, -0.96512645483, 0.071069508791, 2.85028290749, 17.2346324921, -1.87225985527, 8.31424045563, -4.1773314476], [-23.3442497253, 20.3617572784, 8.0525932312, -0.733485519886, -1.834679842, -6.59022140503, -0.253164768219, -5.50947237015, -0.219860717654, -1.87225985527, 10.8956193924, -1.51041460037, 0.617269337177], [8.98536872864, -49.2929153442, -1.32535588741, 27.3634567261, -1.24629807472, 2.04996156693, -3.99807167053, -1.78879463673, 2.36280751228, 8.31424045563, -1.51041460037, 15.1954059601, -3.56213951111], [-27.7548389435, 41.179649353, 13.5254526138, -27.6296901703, 6.39583683014, -3.95978498459, -2.32679891586, -2.57436847687, -2.91660737991, -4.1773314476, 0.617269337177, -3.56213951111, 10.9892635345]],
        "icov": [[0.0107436450198, 0.0105040501803, 0.0113269360736, 0.00824537035078, 0.00975680258125, 0.011254504323, 0.0110946064815, 0.00777306361124, 0.0112395407632, 0.00733196455985, 0.011244321242, 0.0139206051826, 0.00676060048863], [0.0105040501803, 0.0684463605285, -0.00278585217893, 0.0567466020584, -0.0020704229828, 0.0672345533967, -0.0368456766009, 0.0335980840027, -0.0109324743971, 0.0426460653543, -0.0251613818109, 0.0693185850978, -0.021160217002], [0.0113269360736, -0.00278585217893, 0.0366194099188, -0.00124308187515, 0.00187396164984, -0.00371867581271, 0.0450924672186, 0.0127276852727, 0.00962458364666, 0.00318423006684, 0.00868184678257, 0.00252205925062, 0.00504414131865], [0.00824537035078, 0.0567466020584, -0.00124308187515, 0.0546737499535, -0.00444235932082, 0.0508846491575, -0.0354935415089, 0.0421555563807, -0.010356284678, 0.0287819579244, -0.0211255736649, 0.0520262010396, -0.00330235552974], [0.00975680258125, -0.0020704229828, 0.00187396164984, -0.00444235932082, 0.0420158877969, -0.00560020515695, 0.0103973532096, -0.00280746258795, 0.0203274879605, -0.0047024609521, 0.0258570816368, 0.00364114460535, -0.00266747875139], [0.011254504323, 0.0672345533967, -0.00371867581271, 0.0508846491575, -0.00560020515695, 0.108986489475, -0.0355718694627, -0.00491513870656, -0.017725141719, 0.0498532019556, -0.0154938613996, 0.0632848888636, -0.0215297210962], [0.0110946064815, -0.0368456766009, 0.0450924672186, -0.0354935415089, 0.0103973532096, -0.0355718694627, 0.132587760687, 0.0054641882889, 0.0164709165692, -0.0138800228015, 0.0391284301877, -0.00151283212472, 0.028243990615], [0.00777306361124, 0.0335980840027, 0.0127276852727, 0.0421555563807, -0.00280746258795, -0.00491513870656, 0.0054641882889, 0.111224353313, -0.0045200753957, 0.00822812411934, 0.00660091079772, 0.048036467284, 0.0282590407878], [0.0112395407632, -0.0109324743971, 0.00962458364666, -0.010356284678, 0.0203274879605, -0.017725141719, 0.0164709165692, -0.0045200753957, 0.103455416858, -0.0146045545116, 0.0234586708248, -0.0130121940747, 0.0320510677993], [0.00733196455985, 0.0426460653543, 0.00318423006684, 0.0287819579244, -0.0047024609521, 0.0498532019556, -0.0138800228015, 0.00822812411934, -0.0146045545116, 0.11758492142, -0.0097323525697, 0.00742696365342, -0.00937778782099], [0.011244321242, -0.0251613818109, 0.00868184678257, -0.0211255736649, 0.0258570816368, -0.0154938613996, 0.0391284301877, 0.00660091079772, 0.0234586708248, -0.0097323525697, 0.14968675375, -0.00837517715991, 0.0394879318774], [0.0139206051826, 0.0693185850978, 0.00252205925062, 0.0520262010396, 0.00364114460535, 0.0632848888636, -0.00151283212472, 0.048036467284, -0.0130121940747, 0.00742696365342, -0.00837517715991, 0.181578323245, -0.00657867034897], [0.00676060048863, -0.021160217002, 0.00504414131865, -0.00330235552974, -0.00266747875139, -0.0215297210962, 0.028243990615, 0.0282590407878, 0.0320510677993, -0.00937778782099, 0.0394879318774, -0.00657867034897, 0.179840505123]]
    },
    "melbands": {
        "dmean": [0.000179339403985, 0.00326946354471, 0.00265030493028, 0.00124318758026, 0.000360604870366, 9.1975707619e-05, 4.12317676819e-05, 1.53036071424e-05, 6.98422536516e-06, 3.79752691515e-06, 1.3082761825e-06, 1.88377259747e-06, 1.25383303384e-06, 5.20434525697e-07, 2.80782160189e-07, 2.12888963347e-07, 1.46664433487e-07, 1.53475554043e-07, 1.18055424991e-07, 8.10959051023e-08, 6.67343229566e-08, 4.80568864702e-08, 3.23556115234e-08, 5.98248419692e-08, 2.0522273303e-07, 2.17681815684e-07, 1.0488735569e-07, 1.05428775043e-07, 1.14769214576e-07, 4.53582700288e-08, 1.83921322616e-08, 1.21195231628e-08, 7.89375675936e-09, 7.43016492777e-09, 4.03252764514e-09, 2.84682477592e-09, 2.09782524685e-09, 1.77920433941e-09, 1.30320110259e-09, 1.04807362789e-09],
        "dmean2": [0.000209271805943, 0.00333257298917, 0.00275199883617, 0.00126179307699, 0.000362883351045, 9.71997360466e-05, 4.59960720036e-05, 1.90006740013e-05, 8.53216170071e-06, 5.03428827869e-06, 1.64516654877e-06, 2.67440259449e-06, 1.63814570442e-06, 6.60920534301e-07, 4.0147452296e-07, 3.05708709902e-07, 2.00263158945e-07, 2.26518935165e-07, 1.64657080859e-07, 1.11796026658e-07, 9.87225305948e-08, 6.63421175773e-08, 4.5780193858e-08, 9.39277526868e-08, 3.14286808134e-07, 3.42157676414e-07, 1.71266464122e-07, 1.78128942707e-07, 1.933393321e-07, 6.9371196787e-08, 2.79790093316e-08, 1.74873839853e-08, 1.08816706756e-08, 1.05746913448e-08, 5.66175772931e-09, 3.60692453683e-09, 2.59559396198e-09, 2.1366257652e-09, 1.40217359945e-09, 1.09724529462e-09],
        "dvar": [5.61134996246e-08, 7.0757305366e-06, 2.88918477054e-06, 5.59267959943e-07, 5.28630010876e-08, 7.57321494405e-09, 1.93082261291e-09, 2.1248484916e-10, 4.39292560661e-11, 1.87352824227e-11, 2.98889407148e-12, 3.44684003561e-12, 1.49927151857e-12, 7.88411382621e-13, 3.66255067724e-13, 2.34925685676e-13, 1.33049861818e-13, 2.29733224631e-13, 1.46543936924e-13, 1.15208610338e-13, 7.03792289746e-14, 4.19968422018e-14, 2.54944093045e-14, 3.03638373938e-14, 2.91905009279e-13, 3.36577960598e-13, 1.09880529155e-13, 8.60455980013e-14, 9.25035601503e-14, 1.3725673396e-14, 3.32777391526e-15, 2.88264666653e-15, 1.50160063301e-15, 1.01240808339e-15, 5.65278131141e-16, 4.81411546149e-16, 3.30540578683e-16, 2.5292882908e-16, 2.17319008112e-16, 1.72347117267e-16],
        "dvar2": [9.92307889192e-08, 8.61128955876e-06, 4.22103630626e-06, 6.34788989373e-07, 6.25689366984e-08, 8.60493098997e-09, 2.50758303011e-09, 3.5555466904e-10, 5.94619561922e-11, 2.68413243021e-11, 3.62291793787e-12, 6.13728989504e-12, 2.36271028783e-12, 9.10267195821e-13, 4.22351037607e-13, 2.65512086059e-13, 1.54286211086e-13, 2.78078124763e-13, 1.81790997186e-13, 1.29213236248e-13, 8.49114005562e-14, 4.55000756039e-14, 2.71958664085e-14, 4.35642766707e-14, 6.25655722977e-13, 7.94492564186e-13, 2.76572005315e-13, 1.89350014075e-13, 2.22637080755e-13, 2.54913803147e-14, 4.60503056654e-15, 3.81751523635e-15, 1.65104032656e-15, 1.22405779411e-15, 6.02602426204e-16, 4.91880396921e-16, 3.32164526131e-16, 2.53941642257e-16, 2.18118408691e-16, 1.7320307053e-16],
        "max": [0.00278676487505, 0.033422164619, 0.0195787828416, 0.00850315671414, 0.00240107253194, 0.00122391583864, 0.000562760978937, 0.000173406268004, 6.07734873483e-05, 3.97541589336e-05, 1.9668130335e-05, 1.70623989106e-05, 1.17798008432e-05, 1.14106105684e-05, 7.93101935415e-06, 6.68833308737e-06, 5.01339400216e-06, 6.33365789326e-06, 4.9932523325e-06, 4.50997458756e-06, 3.48542994288e-06, 2.77250751424e-06, 2.20445599552e-06, 2.15783302338e-06, 5.89946785112e-06, 6.05723607805e-06, 3.47282775692e-06, 2.76255423159e-06, 2.75020215668e-06, 1.35244101784e-06, 7.07094670815e-07, 6.71634097671e-07, 4.98106828672e-07, 3.81031298957e-07, 3.17911087677e-07, 2.95188897326e-07, 2.45870410254e-07, 2.15106553014e-07, 1.9900578252e-07, 1.76852864797e-07],
        "mean": [0.00154337356798, 0.0211387667805, 0.0107339741662, 0.00419955421239, 0.0010889316909, 0.000271997501841, 0.000115479531814, 4.86252829432e-05, 2.2203048502e-05, 1.30730641104e-05, 5.03712089994e-06, 5.73909392187e-06, 3.91601770389e-06, 1.57837359893e-06, 8.14917598291e-07, 6.53339270684e-07, 3.85587753726e-07, 3.79852878041e-07, 2.76068504945e-07, 1.56271909191e-07, 1.13542235169e-07, 9.0777099615e-08, 5.80289238883e-08, 1.02463168616e-07, 2.97051485632e-07, 2.9214584174e-07, 1.42355560229e-07, 1.41615416283e-07, 1.44524094026e-07, 5.93757398804e-08, 2.43668019095e-08, 1.38789397752e-08, 1.03139603524e-08, 9.51635925617e-09, 5.15029752179e-09, 3.45991635342e-09, 2.6095106076e-09, 2.30589858319e-09, 1.51487489219e-09, 1.14289400166e-09],
        "median": [0.00156590889674, 0.0209369473159, 0.0105849998072, 0.00409544957802, 0.00104629585985, 0.000214356172364, 9.39929814194e-05, 4.18184245063e-05, 2.06391159736e-05, 1.14206668513e-05, 4.74542184747e-06, 5.6103353927e-06, 3.60143894795e-06, 1.40299505347e-06, 7.23337961972e-07, 5.94834034473e-07, 3.45547988445e-07, 3.28913472458e-07, 2.22906209046e-07, 1.03387911565e-07, 7.3218402008e-08, 5.96590723489e-08, 3.39138104266e-08, 6.04536793958e-08, 1.55797096113e-07, 1.37166864533e-07, 5.16243119364e-08, 4.45075478694e-08, 4.01676736317e-08, 1.57726027794e-08, 9.1736485075e-09, 3.73376840557e-09, 2.38165354105e-09, 2.14040740687e-09, 1.21395171693e-09, 7.31860128056e-10, 8.43567660169e-10, 7.53479723059e-10, 2.65640759389e-10, 1.13502325594e-10],
        "min": [0.000288992567221, 0.000396280549467, 0.000264831644017, 7.64068245189e-05, 2.01511174964e-05, 9.33782848733e-06, 4.98168719787e-06, 8.07485150744e-07, 1.04078549157e-06, 3.05834305436e-07, 1.01543946585e-07, 2.04029689144e-07, 1.91634441649e-07, 8.23269559191e-08, 6.8390754393e-08, 2.76184479731e-08, 3.03036529203e-08, 6.69697755029e-08, 5.66587736728e-08, 2.32556853774e-08, 2.60385917272e-08, 1.95869365172e-08, 5.10184827718e-09, 1.32123281205e-08, 2.0379173904e-08, 1.34843265442e-08, 1.16089786673e-08, 9.57681134395e-09, 9.34732202751e-09, 2.80474332648e-09, 1.47976619846e-09, 5.40292366402e-10, 6.64768406988e-10, 5.14207565416e-10, 3.11045966761e-10, 2.9760319209e-10, 2.5837443296e-10, 2.30294658343e-10, 9.18343665002e-11, 4.27633345401e-11],
        "var": [1.03998289092e-07, 2.43296490225e-05, 1.24594344015e-05, 3.48380308424e-06, 2.88586221586e-07, 3.79902793668e-08, 8.89171047902e-09, 1.14226028636e-09, 1.58514756876e-10, 7.15447562305e-11, 1.01365678004e-11, 1.05326598138e-11, 5.40752512213e-12, 1.13430716642e-12, 4.35522332174e-13, 2.8124814218e-13, 1.4627223586e-13, 2.29063133479e-13, 1.46803481372e-13, 1.18579720153e-13, 7.1674599849e-14, 4.50248155816e-14, 2.75460772627e-14, 3.63567682904e-14, 3.64624102396e-13, 3.57031055111e-13, 1.21111562619e-13, 1.25036713297e-13, 1.3492002925e-13, 2.34169356405e-14, 4.12432242831e-15, 3.05774192926e-15, 1.74309862012e-15, 1.21571346079e-15, 6.01598003947e-16, 4.87848043636e-16, 3.30010336058e-16, 2.52705371201e-16, 2.1692892297e-16, 1.71594912305e-16]
    },
    "mfcc": {
        "mean": [-801.72869873, 240.111785889, 51.1574516296, 65.395111084, 9.98677635193, 8.44376564026, 20.2351608276, -5.04044866562, -5.78283309937, 1.41731524467, -7.7048034668, -10.2425451279, -5.19671964645],
        "cov": [[566.71673584, -217.231689453, -149.610351562, 77.6449127197, -129.078536987, 23.6432476044, -38.2485122681, 15.0507001877, -19.0150222778, 18.927778244, -0.552558362484, -7.46759176254, 4.96019983292], [-217.231689453, 600.788452148, 73.2191467285, -291.130523682, 28.1732692719, -154.387664795, 37.7560157776, -38.3621482849, 12.3551292419, -22.8417797089, -9.2328414917, -24.5401592255, -57.2717895508], [-149.610351562, 73.2191467285, 73.6011810303, -21.0688686371, 31.0860996246, -11.3897790909, 0.616232037544, -12.1637516022, -2.32323694229, -11.8819055557, -0.909257233143, -0.320018172264, -1.36434853077], [77.6449127197, -291.130523682, -21.0688686371, 240.742248535, -24.5398006439, 89.8633880615, -16.9407691956, -2.13449215889, -25.1103630066, 3.42677044868, -3.81692504883, -1.11897647381, 37.3413619995], [-129.078536987, 28.1732692719, 31.0860996246, -24.5398006439, 61.7705879211, -1.4382648468, 8.72941493988, 1.9193431139, 8.25556659698, -5.2834982872, -0.560226261616, 5.48436689377, -3.08027911186], [23.6432476044, -154.387664795, -11.3897790909, 89.8633880615, -1.4382648468, 55.3915519714, -4.54402828217, 8.09512996674, -2.46904349327, 2.88749933243, 2.07807040215, 4.20883464813, 14.0943861008], [-38.2485122681, 37.7560157776, 0.616232037544, -16.9407691956, 8.72941493988, -4.54402828217, 20.1329421997, 1.37822389603, 2.63684344292, 1.82153868675, -1.04123961926, -1.98190224171, -8.52777576447], [15.0507001877, -38.3621482849, -12.1637516022, -2.13449215889, 1.9193431139, 8.09512996674, 1.37822389603, 19.7227458954, 6.28694105148, 4.24466657639, 4.50000476837, 3.61261463165, -1.05121648312], [-19.0150222778, 12.3551292419, -2.32323694229, -25.1103630066, 8.25556659698, -2.46904349327, 2.63684344292, 6.28694105148, 18.4794216156, 2.14497113228, 0.557693481445, 4.6546216011, -4.73538637161], [18.927778244, -22.8417797089, -11.8819055557, 3.42677044868, -5.2834982872, 2.88749933243, 1.82153868675, 4.24466657639, 2.14497113228, 14.4597005844, 0.943982124329, 2.8267993927, 1.940751791], [-0.552558362484, -9.2328414917, -0.909257233143, -3.81692504883, -0.560226261616, 2.07807040215, -1.04123961926, 4.50000476837, 0.557693481445, 0.943982124329, 8.18974113464, 1.41098713875, 0.831912577152], [-7.46759176254, -24.5401592255, -0.320018172264, -1.11897647381, 5.48436689377, 4.20883464813, -1.98190224171, 3.61261463165, 4.6546216011, 2.8267993927, 1.41098713875, 11.941239357, 2.30397200584], [4.96019983292, -57.2717895508, -1.36434853077, 37.3413619995, -3.08027911186, 14.0943861008, -8.52777576447, -1.05121648312, -4.73538637161, 1.940751791, 0.831912577152, 2.30397200584, 19.6912403107]],
