{
"lowlevel": {
    "average_loudness": 0.974626719952,
    "barkbands_crest": {
        "dmean": 1.04408347607,
        "dmean2": 1.02489423752,
        "dvar": 1.27838385105,
        "dvar2": 1.28043472767,
        "max": 20.8984241486,
        "mean": 18.1575469971,
        "median": 18.4968719482,
        "min": 9.16133499146,
        "var": 3.8442492485
    },
    "barkbands_flatness_db": {
        "dmean": 0.0328107252717,
        "dmean2": 0.0502320900559,
        "dvar": 0.00142121443059,
        "dvar2": 0.0024055049289,
        "max": 0.519574761391,
        "mean": 0.441016554832,
        "median": 0.450206190348,
        "min": 0.196927532554,
        "var": 0.00238515948877
    },
    "barkbands_kurtosis": {
        "dmean": 30.2311058044,
        "dmean2": 49.2076416016,
        "dvar": 511.450653076,
        "dvar2": 1355.7791748,
        "max": 153.770339966,
        "mean": 68.8938522339,
        "median": 66.4827270508,
        "min": 4.18766450882,
        "var": 1253.9453125
    },
    "barkbands_skewness": {
        "dmean": 1.53693521023,
        "dmean2": 2.49670386314,
        "dvar": 1.22455990314,
        "dvar2": 3.22511553764,
        "max": 9.32186031342,
        "mean": 4.20499897003,
        "median": 3.89174079895,
        "min": 1.16871774197,
        "var": 2.93644666672
    },
    "barkbands_spread": {
        "dmean": 0.28275680542,
        "dmean2": 0.487214237452,
        "dvar": 1.07685673237,
        "dvar2": 2.96073007584,
        "max": 7.63855791092,
        "mean": 0.778175830841,
        "median": 0.600983262062,
        "min": 0.375234365463,
        "var": 0.710066854954
    },
    "dissonance": {
        "dmean": 0.0214167814702,
        "dmean2": 0.0320529453456,
        "dvar": 0.000590707350057,
        "dvar2": 0.000951426860411,
        "max": 0.48798418045,
        "mean": 0.444207549095,
        "median": 0.44822922349,
        "min": 0.263718992472,
        "var": 0.000989053631201
    },
    "dynamic_complexity": 0.30634650588,
    "erbbands_crest": {
        "dmean": 2.25858330727,
        "dmean2": 2.6121327877,
        "dvar": 2.17561078072,
        "dvar2": 5.70231628418,
        "max": 23.488489151,
        "mean": 15.8285284042,
        "median": 15.6756763458,
        "min": 7.89349222183,
        "var": 13.718132019
    },
    "erbbands_flatness_db": {
        "dmean": 0.0304413009435,
        "dmean2": 0.0441778600216,
        "dvar": 0.00114530196879,
        "dvar2": 0.00180524971802,
        "max": 0.383930832148,
        "mean": 0.306559950113,
        "median": 0.315429598093,
        "min": 0.098011136055,
        "var": 0.00182400364429
    },
    "erbbands_kurtosis": {
        "dmean": 14.4318933487,
        "dmean2": 24.1888942719,
        "dvar": 129.543792725,
        "dvar2": 356.895446777,
        "max": 85.9843673706,
        "mean": 37.8310585022,
        "median": 37.1877593994,
        "min": -1.76265406609,
        "var": 368.544128418
    },
    "erbbands_skewness": {
        "dmean": 0.875664174557,
        "dmean2": 1.48342943192,
        "dvar": 0.617061495781,
        "dvar2": 1.69913780689,
        "max": 7.36286306381,
        "mean": 5.18778896332,
        "median": 5.38522291183,
        "min": -0.014633747749,
        "var": 1.98569977283
    },
    "erbbands_spread": {
        "dmean": 6.92108201981,
        "dmean2": 11.6082725525,
        "dvar": 172.206130981,
        "dvar2": 439.487487793,
        "max": 109.318222046,
        "mean": 10.6303796768,
        "median": 7.27589273453,
        "min": 2.37381887436,
        "var": 165.94442749
    },
    "hfc": {
        "dmean": 4.25726699829,
        "dmean2": 4.44141674042,
        "dvar": 9.95430755615,
        "dvar2": 15.0487613678,
        "max": 26.2419490814,
        "mean": 17.6966266632,
        "median": 17.4540157318,
        "min": 0.525359630585,
        "var": 23.8881034851
    },
    "melbands_crest": {
        "dmean": 1.66618418694,
        "dmean2": 1.62376785278,
        "dvar": 1.71554768085,
        "dvar2": 1.96400368214,
        "max": 31.1553134918,
        "mean": 26.8243751526,
        "median": 26.9499359131,
        "min": 16.4532089233,
        "var": 7.90107393265
    },
    "melbands_flatness_db": {
        "dmean": 0.0397967360914,
        "dmean2": 0.0613850802183,
        "dvar": 0.00174698664341,
        "dvar2": 0.00313076470047,
        "max": 0.673800051212,
        "mean": 0.572929978371,
        "median": 0.584377706051,
        "min": 0.327815055847,
        "var": 0.00314613827504
    },
    "melbands_kurtosis": {
        "dmean": 59.0799789429,
        "dmean2": 97.483001709,
        "dvar": 2291.51123047,
        "dvar2": 5331.00048828,
        "max": 381.23260498,
        "mean": 110.107025146,
        "median": 91.5791168213,
        "min": 8.92120265961,
        "var": 5010.14648438
    },
    "melbands_skewness": {
        "dmean": 1.75908744335,
        "dmean2": 2.87105679512,
        "dvar": 2.01554346085,
        "dvar2": 4.3435587883,
        "max": 13.3009910583,
        "mean": 4.53220367432,
        "median": 3.6803855896,
        "min": 1.72654247284,
        "var": 4.82102108002
    },
    "melbands_spread": {
        "dmean": 0.136491373181,
        "dmean2": 0.21754065156,
        "dvar": 0.194322437048,
        "dvar2": 0.519419550896,
        "max": 3.34321451187,
        "mean": 0.567948997021,
        "median": 0.48316654563,
        "min": 0.295251637697,
        "var": 0.153095364571
    },
    "pitch_salience": {
        "dmean": 0.0249442849308,
        "dmean2": 0.0238404162228,
        "dvar": 0.00139419722836,
        "dvar2": 0.00128883344587,
        "max": 0.680008351803,
        "mean": 0.360714912415,
        "median": 0.340622216463,
        "min": 0.252950847149,
        "var": 0.00587297324091
    },
    "silence_rate_20dB": {
        "dmean": 0,
        "dmean2": 0,
        "dvar": 0,
        "dvar2": 0,
        "max": 1,
        "mean": 1,
        "median": 1,
        "min": 1,
        "var": 0
    },
    "silence_rate_30dB": {
        "dmean": 0.0222222227603,
        "dmean2": 0.0224719103426,
        "dvar": 0.0217283926904,
        "dvar2": 0.0219669081271,
        "max": 1,
        "mean": 0.0219780225307,
        "median": 0,
        "min": 0,
        "var": 0.0214949920774
    },
    "silence_rate_60dB": {
        "dmean": 0,
        "dmean2": 0,
        "dvar": 0,
        "dvar2": 0,
        "max": 0,
        "mean": 0,
        "median": 0,
        "min": 0,
        "var": 0
    },
    "spectral_centroid": {
        "dmean": 36.4043388367,
        "dmean2": 64.1585998535,
        "dvar": 17383.0546875,
        "dvar2": 50833.9726562,
        "max": 1081.95544434,
        "mean": 170.927749634,
        "median": 152.862091064,
        "min": 123.457687378,
        "var": 10356.3017578
    },
    "spectral_complexity": {
        "dmean": 0.977777779102,
        "dmean2": 1.60674154758,
        "dvar": 1.08839488029,
        "dvar2": 2.50826787949,
        "max": 10,
        "mean": 3.97802186012,
        "median": 4,
        "min": 1,
        "var": 1.84567129612
    },
    "spectral_decrease": {
        "dmean": 7.50812656491e-09,
        "dmean2": 7.41741512655e-09,
        "dvar": 3.71110578268e-17,
        "dvar2": 3.74627584796e-17,
        "max": -1.32518085394e-09,
        "mean": -3.72092365808e-08,
        "median": -3.69513166731e-08,
        "min": -4.98870242893e-08,
        "var": 8.68692506158e-17
    },
    "spectral_energy": {
        "dmean": 0.0287067703903,
        "dmean2": 0.0283589120954,
        "dvar": 0.000540970126167,
        "dvar2": 0.000547082163393,
        "max": 0.190391272306,
        "mean": 0.142041161656,
        "median": 0.140946939588,
        "min": 0.00504914764315,
        "var": 0.00126720755361
    },
    "spectral_energyband_high": {
        "dmean": 3.07354966935e-05,
        "dmean2": 5.64233814657e-05,
        "dvar": 1.13255751444e-08,
        "dvar2": 3.37054864019e-08,
        "max": 0.00079459551489,
        "mean": 2.93707871606e-05,
        "median": 1.27454113681e-05,
        "min": 6.01657063726e-07,
        "var": 6.97824864559e-09
    },
    "spectral_energyband_low": {
        "dmean": 0.0234100203961,
        "dmean2": 0.0230454616249,
        "dvar": 0.000384766579373,
        "dvar2": 0.000352948263753,
        "max": 0.174950778484,
        "mean": 0.125941574574,
        "median": 0.128920331597,
        "min": 0.00410228827968,
        "var": 0.00100822176319
    },
    "spectral_energyband_middle_high": {
        "dmean": 9.58951713983e-05,
        "dmean2": 0.000176960136741,
        "dvar": 1.3588125114e-07,
        "dvar2": 4.06559792054e-07,
        "max": 0.0026913441252,
        "mean": 9.87772727967e-05,
        "median": 4.9747977755e-05,
        "min": 3.32603849529e-06,
        "var": 7.78828379566e-08
    },
    "spectral_energyband_middle_low": {
        "dmean": 0.00973896682262,
        "dmean2": 0.00960132479668,
        "dvar": 5.44858230569e-05,
        "dvar2": 8.41322835186e-05,
        "max": 0.065630659461,
        "mean": 0.0251944903284,
        "median": 0.0243477877229,
        "min": 0.00120557832997,
        "var": 0.000172156243934
    },
    "spectral_entropy": {
        "dmean": 0.418375730515,
        "dmean2": 0.636869251728,
        "dvar": 0.161688745022,
        "dvar2": 0.286991268396,
        "max": 7.5988445282,
        "mean": 5.44025850296,
        "median": 5.28100156784,
        "min": 4.49033975601,
        "var": 0.308101654053
    },
    "spectral_flux": {
        "dmean": 0.030397862196,
        "dmean2": 0.0488460995257,
        "dvar": 0.00177992018871,
        "dvar2": 0.00347664975561,
        "max": 0.339656621218,
        "mean": 0.0710587874055,
        "median": 0.0683378875256,
        "min": 0.0270145907998,
        "var": 0.00188631855417
    },
    "spectral_kurtosis": {
        "dmean": 13.1525878906,
        "dmean2": 22.6905345917,
        "dvar": 349.348815918,
        "dvar2": 923.835998535,
        "max": 118.246025085,
        "mean": 17.1702384949,
        "median": 13.3696918488,
        "min": 1.56997585297,
        "var": 279.48727417
    },
    "spectral_rms": {
        "dmean": 0.00125401478726,
        "dmean2": 0.00122825161088,
        "dvar": 1.83450299573e-06,
        "dvar2": 1.82246651548e-06,
        "max": 0.0136289242655,
        "mean": 0.0116396052763,
        "median": 0.0117264324799,
        "min": 0.00221945904195,
        "var": 3.09624397232e-06
    },
    "spectral_rolloff": {
        "dmean": 8.134765625,
        "dmean2": 14.7587118149,
        "dvar": 108.993164062,
        "dvar2": 162.501113892,
        "max": 193.798828125,
        "mean": 147.419616699,
        "median": 150.732421875,
        "min": 129.19921875,
        "var": 345.701171875
    },
    "spectral_skewness": {
        "dmean": 1.04054319859,
        "dmean2": 1.77454936504,
        "dvar": 1.20691287518,
        "dvar2": 3.20617842674,
        "max": 8.21023845673,
        "mean": 2.99395728111,
        "median": 2.77880001068,
        "min": 0.78176099062,
        "var": 1.33973169327
    },
    "spectral_spread": {
        "dmean": 820187,
        "dmean2": 977103.125,
        "dvar": 3.04613870797e+12,
        "dvar2": 1.70895173222e+12,
        "max": 25728730,
        "mean": 2907798.5,
        "median": 2402046,
        "min": 711531.0625,
        "var": 7.69526228582e+12
    },
    "spectral_strongpeak": {
        "dmean": 0.365302860737,
        "dmean2": 0.660763502121,
        "dvar": 0.096822142601,
        "dvar2": 0.167762428522,
        "max": 2.01419043541,
        "mean": 1.33837199211,
        "median": 1.24948251247,
        "min": 0,
        "var": 0.137270703912
    },
    "zerocrossingrate": {
        "dmean": 0.000547960051335,
        "dmean2": 0.000817459600512,
        "dvar": 1.45079252434e-06,
        "dvar2": 2.51156711784e-06,
        "max": 0.013671875,
        "mean": 0.00526914512739,
        "median": 0.0048828125,
        "min": 0.00146484375,
        "var": 2.11441533793e-06
    },
    "barkbands": {
        "dmean": [4.20175820182e-05, 0.00174726988189, 0.0199176687747, 0.00740453135222, 0.0032508529257, 0.000252723461017, 5.48345087736e-05, 1.40280990308e-05, 4.89245030622e-06, 5.01460863234e-06, 4.07292054661e-06, 7.260410257e-06, 5.34174887434e-06, 3.56723808181e-06, 9.37698587222e-06, 3.30290845341e-06, 3.05477078655e-06, 4.59785269413e-06, 5.18166089023e-05, 1.27674038595e-05, 1.1132588952e-05, 5.69238000026e-06, 4.01303350372e-06, 1.59076057571e-06, 8.00008024271e-07, 2.24016304173e-07, 8.79798278675e-08],
        "dmean2": [6.05587338214e-05, 0.00199857470579, 0.0194494277239, 0.00743449386209, 0.00316689023748, 0.000251041608863, 6.04408851359e-05, 1.765234083e-05, 7.98729251983e-06, 8.64609228302e-06, 6.80502353134e-06, 1.35671543831e-05, 9.67853247857e-06, 6.12082021689e-06, 1.70093953784e-05, 5.78404478802e-06, 5.42239104107e-06, 7.73207830207e-06, 9.93590074359e-05, 2.23009028559e-05, 2.00874419534e-05, 1.07817504613e-05, 7.74011368776e-06, 2.98165673485e-06, 1.41409645948e-06, 3.52865640707e-07, 1.01285500875e-07],
        "dvar": [1.04935367062e-08, 6.76529680277e-06, 0.00024657411268, 2.13608909689e-05, 1.06421184682e-05, 6.07986763157e-08, 7.4013168927e-09, 4.82848427907e-10, 6.49746298431e-11, 4.82510663369e-11, 3.78529395328e-11, 8.56129778182e-10, 3.51810774957e-10, 2.75477436001e-11, 1.19774823393e-09, 7.14082543096e-11, 6.12651804288e-11, 5.58929083572e-11, 5.89777009452e-08, 3.55100754357e-10, 1.03960240416e-09, 8.55459036941e-10, 5.02577535144e-10, 7.82921852349e-11, 1.02960383275e-11, 7.99158753496e-13, 4.4348552608e-13],
        "dvar2": [1.12796136875e-08, 9.01387556951e-06, 0.000210262602195, 3.42951461789e-05, 1.27621460706e-05, 6.78171474533e-08, 1.06943369715e-08, 7.37190086753e-10, 1.23754562154e-10, 1.1625200802e-10, 1.07936777571e-10, 2.5332795861e-09, 1.04768316245e-09, 6.41462299944e-11, 3.46668715956e-09, 2.1445806242e-10, 1.84560561278e-10, 1.50097323459e-10, 1.7707769473e-07, 1.04935837797e-09, 3.14937698143e-09, 2.50813592118e-09, 1.4882584054e-09, 2.29027949383e-10, 2.89898868799e-11, 1.58871852306e-12, 4.50334593834e-13],
        "max": [0.00110507733189, 0.026298372075, 0.139009803534, 0.0365224257112, 0.0278789363801, 0.00200145854615, 0.000903537555132, 0.000270113087026, 7.58098831284e-05, 4.50397783425e-05, 4.00082935812e-05, 0.000212339509744, 0.000136486152769, 4.1134244384e-05, 0.00026713628904, 6.49461871944e-05, 5.95831916144e-05, 6.33183663012e-05, 0.00171027809847, 0.000141616095789, 0.000241803179961, 0.000213350227568, 0.000158411960001, 6.34484895272e-05, 2.1266288968e-05, 5.90235367781e-06, 6.40135931462e-06],
        "mean": [0.000211084203329, 0.0199303776026, 0.0965782552958, 0.0162077825516, 0.00825778301805, 0.000566995819099, 0.000117326555483, 3.4935761505e-05, 8.32711339172e-06, 6.90623028277e-06, 6.66142022965e-06, 7.72454768594e-06, 5.46359706277e-06, 4.51587675343e-06, 9.06601781026e-06, 4.00818225899e-06, 3.56184887096e-06, 6.22274183115e-06, 3.96178293158e-05, 1.45889107444e-05, 1.14961139843e-05, 4.14603391619e-06, 2.54206452155e-06, 1.09572283691e-06, 5.87006411479e-07, 1.90055473581e-07, 1.46265065837e-07],
        "median": [0.000196474196855, 0.0204307585955, 0.10123116523, 0.0155363418162, 0.0067844716832, 0.000430625339504, 6.29094720352e-05, 1.06198112917e-05, 3.06494393953e-06, 4.59618331661e-06, 3.75485387849e-06, 4.36150094174e-06, 3.14542307933e-06, 2.70267878477e-06, 3.26532290273e-06, 2.04377420232e-06, 1.77201377483e-06, 4.43941235062e-06, 1.40830443343e-05, 7.4553745435e-06, 6.29660416962e-06, 8.03347404599e-07, 3.05171397486e-07, 1.53178191908e-07, 3.76173261429e-08, 3.05000398271e-08, 7.27646423115e-08],
        "min": [0.000125386402942, 0.00171323353425, 0.00152345490642, 0.000889495480806, 0.000288763869321, 1.7506070435e-05, 5.08967150381e-06, 2.16781791096e-06, 5.73581530716e-07, 8.8096504669e-07, 6.50424453852e-07, 2.34972773683e-07, 3.01570253214e-07, 1.34286253228e-07, 9.80071348522e-08, 1.0049382837e-07, 2.14951256794e-07, 3.40004589816e-07, 2.88678904781e-07, 3.59906692893e-07, 1.89289906416e-07, 3.68965409336e-08, 3.83813159033e-08, 1.82931021442e-08, 1.24141523727e-08, 6.7448642227e-09, 2.18304165855e-08],
        "var": [1.2475144473e-08, 1.40646861837e-05, 0.000716922921129, 7.78180474299e-05, 3.06503534375e-05, 2.08916105748e-07, 2.05913792684e-08, 3.08304093366e-09, 1.45554762687e-10, 5.49003724426e-11, 6.16508927243e-11, 4.93456553396e-10, 2.02807798333e-10, 3.33565570998e-11, 8.0851447759e-10, 5.22288601257e-11, 4.40997481588e-11, 5.73271360937e-11, 3.1389568278e-08, 3.54202306374e-10, 6.62453147893e-10, 4.96982566212e-10, 2.72535993773e-10, 4.39569977639e-11, 7.30866582532e-12, 6.62171543726e-13, 4.36375409548e-13]
    },
    "erbbands": {
        "dmean": [0.0110612446442, 0.572532176971, 14.167509079, 28.0713329315, 15.3269262314, 9.01678848267, 3.38847923279, 1.92977952957, 0.977298080921, 0.50937217474, 0.193054795265, 0.105509258807, 0.0899168252945, 0.212514221668, 0.175511300564, 0.329874098301, 0.2516489923, 0.169353112578, 0.299095124006, 0.42845582962, 0.180598154664, 0.175879284739, 0.224479407072, 1.85007846355, 1.74883377552, 0.595768153667, 0.597356915474, 0.356075555086, 0.232890471816, 0.0944097936153, 0.139025717974, 0.0611924529076, 0.0171731058508, 0.0110438773409, 0.00343848858029, 0.00140970700886, 0.000399619253585, 7.45986326365e-05, 2.26451102208e-05, 3.01856398437e-05],
        "dmean2": [0.0147557388991, 0.647081017494, 13.9305858612, 27.5929069519, 14.9711885452, 8.84691429138, 3.37755942345, 1.92851412296, 1.04816234112, 0.602411150932, 0.317719846964, 0.16372705996, 0.147937983274, 0.367839545012, 0.294588953257, 0.627577185631, 0.456237226725, 0.302640944719, 0.500816047192, 0.787500619888, 0.320396602154, 0.31073307991, 0.390013158321, 3.50917935371, 3.3371720314, 1.05315113068, 1.04490184784, 0.676342129707, 0.444537699223, 0.168747082353, 0.270674556494, 0.118043206632, 0.0305190104991, 0.0197030808777, 0.00602677185088, 0.00235267193057, 0.000629667774774, 0.000100066892628, 2.40190838667e-05, 2.98634713545e-05],
        "dvar": [0.000417801493313, 1.14265286922, 222.438217163, 292.417175293, 188.577865601, 81.1968994141, 11.7571544647, 3.7476131916, 1.86470794678, 1.04918372631, 0.078757584095, 0.0323823317885, 0.0215390603989, 0.118895225227, 0.0950563549995, 2.29042291641, 0.781538903713, 0.0983949005604, 0.439023852348, 2.85947608948, 0.264503210783, 0.219256713986, 0.25877854228, 63.9382858276, 58.043548584, 0.868246138096, 1.37573373318, 2.29279398918, 1.4864988327, 0.145488396287, 0.686010718346, 0.131979584694, 0.00622856616974, 0.00196233019233, 0.000209252641071, 3.19860155287e-05, 2.68726671493e-06, 1.82086168365e-07, 7.31198390724e-09, 4.38520525448e-10],
        "dvar2": [0.000695955823176, 1.22307026386, 190.259277344, 351.23526001, 274.537078857, 101.891983032, 13.0479574203, 4.4406580925, 2.64115476608, 1.19578206539, 0.170599609613, 0.0511217452586, 0.0455333776772, 0.333783328533, 0.269948840141, 6.84866094589, 2.32916760445, 0.253043919802, 1.20835399628, 8.36589717865, 0.782096862793, 0.653415620327, 0.755952298641, 191.007904053, 174.302764893, 2.52747154236, 4.25558757782, 6.8428850174, 4.39433431625, 0.408311724663, 2.0356760025, 0.390150606632, 0.0175919923931, 0.00557987531647, 0.000569942349102, 8.06127791293e-05, 5.29886528966e-06, 2.12713189285e-07, 7.38183825177e-09, 3.87498283461e-10],
        "max": [0.220534697175, 10.278465271, 137.144989014, 126.916931152, 127.912872314, 74.1880187988, 25.8688049316, 17.0198116302, 14.3267936707, 9.38595294952, 2.96910023689, 1.86153817177, 1.39600741863, 2.39592146873, 2.19935035706, 10.873374939, 6.44849443436, 2.45123720169, 5.57590961456, 12.8798456192, 3.92861413956, 3.58868908882, 4.02908706665, 57.0549507141, 54.0223960876, 7.05774736404, 9.06406402588, 10.9455213547, 8.73773956299, 2.95938277245, 5.81796312332, 2.56248044968, 0.588480532169, 0.291437894106, 0.098620466888, 0.0380170308053, 0.0109502775595, 0.00391525216401, 0.000907811219804, 0.000208277153433],
        "mean": [0.119865804911, 8.15956497192, 101.850715637, 72.3118438721, 47.9174575806, 19.2534046173, 7.50200414658, 4.34238529205, 2.11225628853, 1.19741439819, 0.513841867447, 0.190083235502, 0.160730391741, 0.303801685572, 0.285743117332, 0.323005437851, 0.264438867569, 0.212628632784, 0.367092221975, 0.410271018744, 0.216628938913, 0.209541380405, 0.28644540906, 1.5179489851, 1.41584146023, 0.672421336174, 0.702680587769, 0.292641878128, 0.163767069578, 0.081128552556, 0.0838344469666, 0.0378118939698, 0.0136513253674, 0.00808959174901, 0.00264903134666, 0.00118903641123, 0.000360698322766, 7.83562500146e-05, 8.16304745967e-05, 0.000156504582264],
        "median": [0.120651550591, 8.40515613556, 102.389373779, 69.8643569946, 42.2473068237, 14.7914733887, 6.06340312958, 3.47796559334, 1.30425345898, 0.404479503632, 0.199218079448, 0.0735702365637, 0.0979846566916, 0.203094184399, 0.183915510774, 0.158816426992, 0.163232132792, 0.14227168262, 0.174524217844, 0.160997509956, 0.116570293903, 0.105081252754, 0.200570836663, 0.584554553032, 0.578536987305, 0.364175289869, 0.396429955959, 0.103472717106, 0.0350365415215, 0.0195443108678, 0.00774115743116, 0.00408126274124, 0.00244670570828, 0.000485152209876, 0.000411177577917, 0.000256739149336, 7.18828669051e-05, 1.70258717844e-05, 7.42407864891e-05, 0.00015440932475],
        "min": [0.0490480922163, 0.396927118301, 1.55786275864, 2.71973085403, 2.04088687897, 0.608043313026, 0.188067495823, 0.118673808873, 0.0619270168245, 0.0835024863482, 0.0438364520669, 0.0214487835765, 0.0122729493305, 0.0263934582472, 0.0227209441364, 0.00848531536758, 0.0130671625957, 0.00769123388454, 0.00715514458716, 0.00560823269188, 0.00556494342163, 0.0126173533499, 0.0207555033267, 0.0114754913375, 0.0179442930967, 0.0155375367031, 0.0138107808307, 0.00330813438632, 0.00144158012699, 0.00104234169703, 0.000882824824657, 0.000529461365659, 0.00033415411599, 0.000210513841012, 0.000150757812662, 8.99961887626e-05, 3.43948813679e-05, 9.04919397726e-06, 5.36783954885e-06, 5.7986894717e-06],
        "var": [0.000490213336889, 2.31587219238, 535.938110352, 1013.30004883, 537.896118164, 235.761703491, 36.3443908691, 11.9451208115, 5.12108755112, 3.67852854729, 0.479241937399, 0.0769222676754, 0.0388156063855, 0.125376477838, 0.0961724072695, 1.28440725803, 0.452494740486, 0.0885425955057, 0.425493061543, 1.85991990566, 0.181364744902, 0.161517232656, 0.194567233324, 34.9674606323, 31.3264732361, 0.808592319489, 1.08554971218, 1.30475068092, 0.827739477158, 0.10371799022, 0.366960257292, 0.0713068991899, 0.00394338089973, 0.00139385752846, 0.000137689406984, 2.27827185881e-05, 2.23207757699e-06, 1.75853841711e-07, 7.87140042036e-09, 1.3281540312e-09]
    },
    "gfcc": {
        "mean": [-131.383270264, 171.556167603, -38.8694419861, 83.2962036133, -10.0612096786, -17.2867679596, -9.30564212799, -24.032793045, -27.3552951813, -14.4482030869, -4.82316446304, -21.4078521729, -8.45621395111],
        "cov": [[1211.37756348, -361.405883789, -418.318756104, 133.229492188, -128.670623779, 104.676757812, -74.7387695312, -35.1152000427, -21.1864280701, 30.9956512451, -66.777671814, 51.771648407, -31.2217826843], [-361.405883789, 546.381286621, 86.2005691528, -177.376617432, -47.585231781, -269.108642578, 106.270324707, -72.9582595825, 57.0684013367, -23.4166202545, -0.010047191754, -45.1654510498, 3.66357088089], [-418.318756104, 86.2005691528, 290.198120117, -76.4390106201, 59.2222328186, -5.10866832733, -40.33543396, 27.5922641754, -24.0280628204, -18.466999054, 39.5200157166, -1.74264860153, 23.9865894318], [133.229492188, -177.376617432, -76.4390106201, 187.418441772, 54.6812553406, 60.334854126, -12.0242319107, -23.7933349609, -26.72356987, -2.46338057518, 11.146736145, -6.10487747192, 8.62373542786], [-128.670623779, -47.585231781, 59.2222328186, 54.6812553406, 79.1309814453, 35.331867218, -11.3616390228, -1.7439249754, -20.6782665253, -4.94235563278, 25.3626537323, -7.50188732147, 13.3417272568], [104.676757812, -269.108642578, -5.10866832733, 60.334854126, 35.331867218, 159.115371704, -62.1492576599, 49.8683166504, -31.4361953735, 8.06028652191, 7.87081956863, 21.3613452911, -0.769674599171], [-74.7387695312, 106.270324707, -40.33543396, -12.0242319107, -11.3616390228, -62.1492576599, 64.5328063965, -15.9720983505, 20.5604515076, -3.33787941933, -4.37038087845, -15.0677938461, -8.65976715088], [-35.1152000427, -72.9582595825, 27.5922641754, -23.7933349609, -1.7439249754, 49.8683166504, -15.9720983505, 44.0721931458, -4.98702335358, 1.68561792374, 0.263817101717, 8.37288284302, -3.80089759827], [-21.1864280701, 57.0684013367, -24.0280628204, -26.72356987, -20.6782665253, -31.4361953735, 20.5604515076, -4.98702335358, 24.4069652557, 6.14370393753, -11.5156288147, -6.55569601059, -5.10114860535], [30.9956512451, -23.4166202545, -18.466999054, -2.46338057518, -4.94235563278, 8.06028652191, -3.33787941933, 1.68561792374, 6.14370393753, 14.1882324219, -8.1024274826, 3.24019241333, -4.83397340775], [-66.777671814, -0.010047191754, 39.5200157166, 11.146736145, 25.3626537323, 7.87081956863, -4.37038087845, 0.263817101717, -11.5156288147, -8.1024274826, 21.2212734222, -4.76787662506, 2.52684211731], [51.771648407, -45.1654510498, -1.74264860153, -6.10487747192, -7.50188732147, 21.3613452911, -15.0677938461, 8.37288284302, -6.55569601059, 3.24019241333, -4.76787662506, 15.1807260513, 0.38905492425], [-31.2217826843, 3.66357088089, 23.9865894318, 8.62373542786, 13.3417272568, -0.769674599171, -8.65976715088, -3.80089759827, -5.10114860535, -4.83397340775, 2.52684211731, 0.38905492425, 12.5877075195]],
        "icov": [[0.00952091347426, 0.0220743902028, 0.0110137891024, 0.0179849360138, 0.00532659282908, 0.0189011376351, 0.0135060492903, 0.0285466592759, 0.0183014646173, 0.0203986298293, 0.0105681112036, 0.0220178328454, 0.00975133944303], [0.0220743902028, 0.12844529748, 0.0162007641047, 0.102971494198, 0.00501085771248, 0.107192315161, 0.00980718061328, 0.131851568818, 0.0365923568606, 0.101190678775, 0.029460541904, 0.142063960433, 0.00713939266279], [0.0110137891024, 0.0162007641047, 0.0264117754996, 0.0188968591392, -0.00256207864732, 0.0239221602678, 0.028204428032, 0.0120705198497, 0.0252150278538, 0.0170529875904, -0.00155925576109, 0.0143575007096, 0.00319028645754], [0.0179849360138, 0.102971494198, 0.0188968591392, 0.099008820951, -0.00120692420751, 0.0772596150637, 0.00621600169688, 0.118183985353, 0.0463331863284, 0.0803891122341, 0.0275185368955, 0.130257546902, -0.00313625205308], [0.00532659282908, 0.00501085771248, -0.00256207864732, -0.00120692420751, 0.0591798834503, -0.0168574359268, -0.0161210000515, 0.0238969400525, 0.0288739949465, -0.0373406410217, -0.0318135432899, 0.0314093716443, -0.0473910234869], [0.0189011376351, 0.107192315161, 0.0239221602678, 0.0772596150637, -0.0168574359268, 0.132154613733, 0.0373097509146, 0.0670713558793, 0.0312770865858, 0.0857354551554, 0.0200964249671, 0.0948322340846, 0.0276704933494], [0.0135060492903, 0.00980718061328, 0.028204428032, 0.00621600169688, -0.0161210000515, 0.0373097509146, 0.0790536925197, 0.00184929836541, 0.0032981405966, 0.047515515238, 0.0214382857084, 0.00225695990957, 0.0621636770666], [0.0285466592759, 0.131851568818, 0.0120705198497, 0.118183985353, 0.0238969400525, 0.0670713558793, 0.00184929836541, 0.219227939844, 0.0498884804547, 0.118182353675, 0.0535546913743, 0.154697343707, 0.0247745700181], [0.0183014646173, 0.0365923568606, 0.0252150278538, 0.0463331863284, 0.0288739949465, 0.0312770865858, 0.0032981405966, 0.0498884804547, 0.181382268667, -0.0279722437263, 0.055006198585, 0.115784108639, -0.00826307758689], [0.0203986298293, 0.101190678775, 0.0170529875904, 0.0803891122341, -0.0373406410217, 0.0857354551554, 0.047515515238, 0.118182353675, -0.0279722437263, 0.25301772356, 0.0952121466398, 0.069631293416, 0.111333072186], [0.0105681112036, 0.029460541904, -0.00155925576109, 0.0275185368955, -0.0318135432899, 0.0200964249671, 0.0214382857084, 0.0535546913743, 0.055006198585, 0.0952121466398, 0.173486351967, 0.0658608749509, 0.0896181091666], [0.0220178328454, 0.142063960433, 0.0143575007096, 0.130257546902, 0.0314093716443, 0.0948322340846, 0.00225695990957, 0.154697343707, 0.115784108639, 0.069631293416, 0.0658608749509, 0.32312515378, -0.0321072787046], [0.00975133944303, 0.00713939266279, 0.00319028645754, -0.00313625205308, -0.0473910234869, 0.0276704933494, 0.0621636770666, 0.0247745700181, -0.00826307758689, 0.111333072186, 0.0896181091666, -0.0321072787046, 0.22219735384]]
    },
    "melbands": {
        "dmean": [0.000239205051912, 0.00535754440352, 0.00463172001764, 0.000839690095745, 0.000153178829351, 4.25308026024e-05, 1.34972087835e-05, 4.75050910609e-06, 1.42502460676e-06, 6.11832433606e-07, 4.3983084197e-07, 8.73078192853e-07, 5.86171154282e-07, 7.53882886784e-07, 8.47499165957e-07, 4.02077830586e-07, 3.09273531229e-07, 3.93639709273e-07, 8.44122268973e-07, 2.79554370763e-07, 2.0723486216e-07, 1.87853800071e-07, 1.37018730584e-07, 2.39524013068e-07, 1.62297158113e-06, 2.35113725466e-06, 3.62669908327e-07, 3.79406174034e-07, 4.38108571643e-07, 2.71262933893e-07, 1.77376890065e-07, 1.54562968646e-07, 6.94364103992e-08, 3.97941981589e-08, 6.6826274292e-08, 8.00581219096e-08, 2.41574884541e-08, 7.59823581831e-09, 1.8262989343e-08, 5.73555825056e-09],
        "dmean2": [0.000295122677926, 0.00527473771945, 0.00454354099929, 0.000822793634143, 0.000152707973029, 4.22987068305e-05, 1.47467790157e-05, 5.92880087424e-06, 2.41777706833e-06, 9.29100622216e-07, 7.24791505036e-07, 1.50641471919e-06, 9.55181803874e-07, 1.3894583617e-06, 1.58547140927e-06, 7.17184946097e-07, 5.52131439235e-07, 6.69190569624e-07, 1.56727958256e-06, 4.94951905239e-07, 3.69836641312e-07, 3.28623627865e-07, 2.37779502754e-07, 4.09596111695e-07, 3.08129483528e-06, 4.54807513961e-06, 6.46184901143e-07, 6.63923231059e-07, 7.52884034227e-07, 5.02353884713e-07, 3.41528533454e-07, 2.98638809682e-07, 1.26240351506e-07, 7.03395173218e-08, 1.29550187467e-07, 1.57116659238e-07, 4.58592275265e-08, 1.27909354219e-08, 3.31689982147e-08, 1.00601944553e-08],
        "dvar": [1.34076046265e-07, 3.05612047669e-05, 8.59395640873e-06, 6.89685009547e-07, 2.59366466082e-08, 1.81080239692e-09, 3.84448778368e-10, 9.4955883434e-11, 4.15584710742e-12, 1.0943893361e-12, 5.00824587964e-13, 1.85135283839e-12, 7.58480409556e-13, 7.18251066262e-12, 1.56548472102e-11, 1.1607776372e-12, 2.5212782708e-13, 3.28914169121e-13, 1.17597606999e-11, 6.9476748573e-13, 3.42449457463e-13, 1.84452130761e-13, 1.56899626212e-13, 1.51460644699e-13, 4.90931253982e-11, 1.3337829452e-10, 3.50152741004e-13, 2.4865935591e-13, 5.3991403362e-13, 7.59070052907e-13, 7.38009588337e-13, 7.17214807509e-13, 9.35607114786e-14, 2.04143444499e-14, 1.55163086698e-13, 2.41625540106e-13, 1.89732618858e-14, 9.59592296879e-16, 6.77561856245e-15, 5.02273120607e-16],
        "dvar2": [1.8960172099e-07, 2.65248854703e-05, 1.05823410195e-05, 9.05255831185e-07, 3.01325790986e-08, 2.12637507602e-09, 5.48720013871e-10, 1.04079890539e-10, 9.4060254377e-12, 1.66521592522e-12, 1.04657222558e-12, 5.18127858326e-12, 2.1791863019e-12, 2.11949711254e-11, 4.65930072302e-11, 3.42702580723e-12, 6.13582860735e-13, 7.66672532751e-13, 3.45663705992e-11, 2.02561882198e-12, 1.01672923553e-12, 5.56621914359e-13, 4.42010740075e-13, 4.33164300869e-13, 1.46479758878e-10, 4.0078693142e-10, 1.01237052595e-12, 7.07731074266e-13, 1.69339217128e-12, 2.28720688222e-12, 2.19340496287e-12, 2.13210265415e-12, 2.65281557572e-13, 5.69585069214e-14, 4.60750415685e-13, 7.17742109236e-13, 5.57909194375e-14, 2.62112524407e-15, 1.91340304332e-14, 1.43463780809e-15],
        "max": [0.00394895300269, 0.0509754084051, 0.0229336861521, 0.00740127917379, 0.00126326270401, 0.000371598784113, 0.000206831842661, 9.02477113414e-05, 1.83700212801e-05, 1.13521491585e-05, 6.62287629893e-06, 9.34158470045e-06, 5.75823969484e-06, 1.94698423002e-05, 2.8530957934e-05, 7.96179483586e-06, 3.80735195904e-06, 4.65942821393e-06, 2.56955936493e-05, 6.65695415591e-06, 4.40544818048e-06, 3.28230817104e-06, 3.11331041303e-06, 3.19595824294e-06, 5.00024689245e-05, 8.08957702247e-05, 4.35209449279e-06, 3.69003464584e-06, 5.7301713241e-06, 6.41789256406e-06, 6.16187980995e-06, 6.00007933826e-06, 2.33796436078e-06, 1.10899179617e-06, 2.77637059298e-06, 3.42627390637e-06, 9.80440859166e-07, 2.33352778878e-07, 6.03032731306e-07, 1.26481324969e-07],
        "mean": [0.00282235955819, 0.0376416407526, 0.0129770878702, 0.00227412581444, 0.000358081335435, 9.73390924628e-05, 2.91608321277e-05, 1.16365126814e-05, 3.40579936164e-06, 1.08712538349e-06, 7.71875647843e-07, 1.19995434034e-06, 9.49743935053e-07, 8.75806449585e-07, 7.33975070943e-07, 4.77806565868e-07, 3.78518620892e-07, 5.37373807674e-07, 7.25357949705e-07, 3.40391636655e-07, 2.40479124614e-07, 2.24111900593e-07, 1.6408532133e-07, 3.26060444422e-07, 1.32131219743e-06, 1.72342777205e-06, 4.0853825567e-07, 4.41218958258e-07, 5.26497103692e-07, 2.62146699015e-07, 1.32567706146e-07, 1.04065840389e-07, 5.64178108675e-08, 3.58263001488e-08, 4.17923082807e-08, 4.5170210683e-08, 1.60214668199e-08, 7.34124050439e-09, 1.25828716335e-08, 4.35989910841e-09],
        "median": [0.00288462499157, 0.0379001609981, 0.012443578802, 0.00189207668882, 0.000281410844764, 7.53923595767e-05, 1.77442561835e-05, 3.44312115885e-06, 1.3739482938e-06, 4.20859038286e-07, 4.48327426739e-07, 8.19257934381e-07, 5.67357631098e-07, 5.55536871616e-07, 3.06449720711e-07, 3.14577818017e-07, 2.54969791058e-07, 2.92368611099e-07, 2.64173763753e-07, 1.64010984349e-07, 1.32827267407e-07, 1.13844031091e-07, 9.03220112036e-08, 2.5374163215e-07, 4.89917852065e-07, 5.80949972573e-07, 2.25026923317e-07, 2.36907311546e-07, 3.05175262838e-07, 1.3007830546e-07, 3.30813740845e-08, 1.88935249668e-08, 1.23623768999e-08, 8.78552430805e-09, 4.32011004747e-09, 2.53321408294e-09, 2.18251128281e-09, 1.87064808088e-09, 6.63965549208e-10, 2.42042358378e-10],
        "min": [0.000485802127514, 0.000734908971936, 0.000462253403384, 9.04816261027e-05, 7.4426025094e-06, 2.7456362659e-06, 9.44096314015e-07, 7.46760804304e-07, 2.5968955697e-07, 8.4655766841e-08, 4.09736102824e-08, 1.03518026151e-07, 8.22648402732e-08, 3.44727837387e-08, 2.55448426856e-08, 2.51332288315e-08, 1.25990329281e-08, 1.26290613522e-08, 5.47083445213e-09, 9.25115450912e-09, 5.92841686853e-09, 1.23692158738e-08, 1.81359158802e-08, 1.5299274736e-08, 8.30392199447e-09, 1.08473150462e-08, 1.36046667265e-08, 9.77256586765e-09, 1.12049152179e-08, 3.54876705799e-09, 1.34107913663e-09, 9.02568020322e-10, 5.3472054562e-10, 6.05842320756e-10, 4.86394480248e-10, 2.69982258772e-10, 2.82235401716e-10, 1.5762649519e-10, 1.6993305374e-10, 7.73061961667e-11],
        "var": [2.52015581736e-07, 7.41873664083e-05, 2.79625328403e-05, 1.9961162252e-06, 7.81081936907e-08, 5.99010574476e-09, 1.05216113599e-09, 3.79345332924e-10, 2.06580568624e-11, 2.62671937153e-12, 9.00798912459e-13, 1.9509999085e-12, 1.08734505774e-12, 4.19306429855e-12, 8.81178983947e-12, 7.34233474801e-13, 2.45573147321e-13, 4.93527419453e-13, 7.31937253862e-12, 5.44481560533e-13, 2.23878383822e-13, 1.46309423995e-13, 1.16529859763e-13, 1.42792028202e-13, 2.68817103993e-11, 7.02354285842e-11, 3.06065828064e-13, 2.81098061494e-13, 4.8057526925e-13, 4.66440200266e-13, 4.12137582092e-13, 3.89498221003e-13, 6.22045140007e-14, 1.55307421112e-14, 8.35729123167e-14, 1.27364346283e-13, 1.04665531952e-14, 6.4837047508e-16, 4.51591888884e-15, 3.63541220536e-16]
    },
    "mfcc": {
        "mean": [-795.832275391, 188.976196289, 46.127571106, 101.736564636, 25.857465744, 26.9036903381, 25.0166072845, -3.27063155174, -7.55188989639, 0.590906441212, -7.7978553772, -7.27143859863, -1.77543318272],
        "cov": [[1572.61401367, -497.922912598, -364.919372559, 1.22047531605, -155.216583252, 145.242767334, -131.954940796, 16.1914825439, -27.4764595032, 8.4069519043, 9.52908706665, -93.6403961182, 48.3988342285], [-497.922912598, 591.225463867, 113.073554993, -1.70239329338, -126.816970825, -161.429779053, -40.1133041382, -65.3501586914, 3.82548952103, 7.19391012192, 8.01319408417, -16.8747119904, 10.9091510773], [-364.919372559, 113.073554993, 169.205459595, -51.1374092102, 68.8866882324, -56.385471344, 25.7805309296, -5.25185680389, -0.615780949593, -22.0965709686, -11.7249765396, 28.1683139801, -11.5102624893], [1.22047531605, -1.70239329338, -51.1374092102, 150.577529907, -8.17442989349, 39.8957176208, 14.0479135513, -19.4308433533, -13.1218395233, -0.0855928212404, -13.4576025009, -11.8549747467, -9.17188549042], [-155.216583252, -126.816970825, 68.8866882324, -8.17442989349, 153.916595459, 40.7801856995, 58.6785736084, 13.4786949158, -10.0874757767, -26.231092453, -26.4782791138, 42.5125160217, -18.9127025604], [145.242767334, -161.429779053, -56.385471344, 39.8957176208, 40.7801856995, 71.7853546143, 16.9152088165, 8.52555656433, -6.22639751434, -3.30734753609, -4.36332798004, -2.24397277832, -3.12407541275], [-131.954940796, -40.1133041382, 25.7805309296, 14.0479135513, 58.6785736084, 16.9152088165, 50.0816955566, 14.3970985413, -7.99594545364, -6.42882156372, -10.9522743225, 25.8867874146, -15.0378484726], [16.1914825439, -65.3501586914, -5.25185680389, -19.4308433533, 13.4786949158, 8.52555656433, 14.3970985413, 26.0890274048, 0.381824076176, 5.14242076874, -3.53061318398, 9.09690093994, -4.88848543167], [-27.4764595032, 3.82548952103, -0.615780949593, -13.1218395233, -10.0874757767, -6.22639751434, -7.99594545364, 0.381824076176, 18.571849823, 5.46860647202, 9.09157752991, -6.74571752548, 4.351313591], [8.4069519043, 7.19391012192, -22.0965709686, -0.0855928212404, -26.231092453, -3.30734753609, -6.42882156372, 5.14242076874, 5.46860647202, 20.4716415405, 9.91534519196, -4.28837299347, -0.85077548027], [9.52908706665, 8.01319408417, -11.7249765396, -13.4576025009, -26.4782791138, -4.36332798004, -10.9522743225, -3.53061318398, 9.09157752991, 9.91534519196, 22.2327842712, -6.25767564774, 4.93518018723], [-93.6403961182, -16.8747119904, 28.1683139801, -11.8549747467, 42.5125160217, -2.24397277832, 25.8867874146, 9.09690093994, -6.74571752548, -4.28837299347, -6.25767564774, 30.7685432434, -10.4977636337], [48.3988342285, 10.9091510773, -11.5102624893, -9.17188549042, -18.9127025604, -3.12407541275, -15.0378484726, -4.88848543167, 4.351313591, -0.85077548027, 4.93518018723, -10.4977636337, 12.541469574]],
