{
"lowlevel": {
    "average_loudness": 0.920636355877,
    "barkbands_crest": {
        "dmean": 0.728069245815,
        "dmean2": 1.00814855099,
        "dvar": 0.769913971424,
        "dvar2": 1.30684804916,
        "max": 21.2888393402,
        "mean": 16.3183116913,
        "median": 16.6936092377,
        "min": 9.19502544403,
        "var": 9.5500497818
    },
    "barkbands_flatness_db": {
        "dmean": 0.0243931487203,
        "dmean2": 0.0338027216494,
        "dvar": 0.0010805822676,
        "dvar2": 0.001773676835,
        "max": 0.447839379311,
        "mean": 0.33445340395,
        "median": 0.32718333602,
        "min": 0.117492988706,
        "var": 0.00486138090491
    },
    "barkbands_kurtosis": {
        "dmean": 8.65999317169,
        "dmean2": 12.5579366684,
        "dvar": 188.309265137,
        "dvar2": 379.867797852,
        "max": 141.432525635,
        "mean": 38.0103187561,
        "median": 17.8883037567,
        "min": 3.37540483475,
        "var": 1512.09741211
    },
    "barkbands_skewness": {
        "dmean": 0.491639971733,
        "dmean2": 0.718414962292,
        "dvar": 0.304362505674,
        "dvar2": 0.560650289059,
        "max": 8.39353275299,
        "mean": 2.86888480186,
        "median": 3.03393626213,
        "min": -1.16543352604,
        "var": 9.31904125214
    },
    "barkbands_spread": {
        "dmean": 0.550151765347,
        "dmean2": 0.777172982693,
        "dvar": 2.21465587616,
        "dvar2": 4.72927236557,
        "max": 13.0854244232,
        "mean": 2.0191924572,
        "median": 1.58391356468,
        "min": 0.674997627735,
        "var": 2.57599067688
    },
    "dissonance": {
        "dmean": 0.0508335120976,
        "dmean2": 0.0858760029078,
        "dvar": 0.00165395520162,
        "dvar2": 0.00382230011746,
        "max": 0.434986770153,
        "mean": 0.301477015018,
        "median": 0.301021903753,
        "min": 0.134533077478,
        "var": 0.00437360070646
    },
    "dynamic_complexity": 3.33465123177,
    "erbbands_crest": {
        "dmean": 1.0486164093,
        "dmean2": 1.60421955585,
        "dvar": 2.21328949928,
        "dvar2": 4.02255535126,
        "max": 29.8673114777,
        "mean": 22.1284370422,
        "median": 21.4991703033,
        "min": 8.62288570404,
        "var": 24.8951644897
    },
    "erbbands_flatness_db": {
        "dmean": 0.0217266194522,
        "dmean2": 0.0300646051764,
        "dvar": 0.000974880880676,
        "dvar2": 0.00161806237884,
        "max": 0.481754511595,
        "mean": 0.356001347303,
        "median": 0.339551925659,
        "min": 0.157884046435,
        "var": 0.0056929490529
    },
    "erbbands_kurtosis": {
        "dmean": 4.0786242485,
        "dmean2": 6.23314380646,
        "dvar": 24.4352245331,
        "dvar2": 44.9365272522,
        "max": 50.4693412781,
        "mean": 16.3567314148,
        "median": 11.0646076202,
        "min": 1.67582130432,
        "var": 114.776527405
    },
    "erbbands_skewness": {
        "dmean": 0.439284384251,
        "dmean2": 0.634298324585,
        "dvar": 0.209374368191,
        "dvar2": 0.304816931486,
        "max": 5.77155637741,
        "mean": 1.80541837215,
        "median": 2.59836673737,
        "min": -1.46877932549,
        "var": 4.85466814041
    },
    "erbbands_spread": {
        "dmean": 1.61231672764,
        "dmean2": 2.22935700417,
        "dvar": 14.1484174728,
        "dvar2": 29.6982860565,
        "max": 28.7656764984,
        "mean": 4.27941703796,
        "median": 3.0515089035,
        "min": 1.33583331108,
        "var": 17.6383209229
    },
    "hfc": {
        "dmean": 1.17027235031,
        "dmean2": 1.46737360954,
        "dvar": 5.30094146729,
        "dvar2": 8.53765296936,
        "max": 36.3649597168,
        "mean": 12.1714849472,
        "median": 6.76313972473,
        "min": 1.34870481491,
        "var": 120.130905151
    },
    "melbands_crest": {
        "dmean": 0.730614721775,
        "dmean2": 0.970537662506,
        "dvar": 1.06950891018,
        "dvar2": 1.0434718132,
        "max": 24.032251358,
        "mean": 18.0712127686,
        "median": 19.3286972046,
        "min": 10.8299255371,
        "var": 8.65751266479
    },
    "melbands_flatness_db": {
        "dmean": 0.0275273695588,
        "dmean2": 0.0365256890655,
        "dvar": 0.00152471242473,
        "dvar2": 0.00257630622946,
        "max": 0.53865391016,
        "mean": 0.421339482069,
        "median": 0.425506323576,
        "min": 0.194892987609,
        "var": 0.00555450096726
    },
    "melbands_kurtosis": {
        "dmean": 7.95129394531,
        "dmean2": 12.1158351898,
        "dvar": 115.308898926,
        "dvar2": 255.579391479,
        "max": 113.470901489,
        "mean": 24.7014160156,
        "median": 20.6424388885,
        "min": -0.467630147934,
        "var": 813.910949707
    },
    "melbands_skewness": {
        "dmean": 0.568753182888,
        "dmean2": 0.847426176071,
        "dvar": 0.813529789448,
        "dvar2": 1.62015318871,
        "max": 8.5049829483,
        "mean": 1.99342167377,
        "median": 2.38519144058,
        "min": -1.00618815422,
        "var": 5.47567129135
    },
    "melbands_spread": {
        "dmean": 0.438944339752,
        "dmean2": 0.64084893465,
        "dvar": 1.35748267174,
        "dvar2": 2.95059418678,
        "max": 11.465297699,
        "mean": 2.37123250961,
        "median": 2.37874031067,
        "min": 0.703804850578,
        "var": 2.03308701515
    },
    "pitch_salience": {
        "dmean": 0.0296312812716,
        "dmean2": 0.04139033705,
        "dvar": 0.00325567182153,
        "dvar2": 0.00186919490807,
        "max": 0.920029401779,
        "mean": 0.393462330103,
        "median": 0.415346175432,
        "min": 0.168793782592,
        "var": 0.0135112460703
    },
    "silence_rate_20dB": {
        "dmean": 0,
        "dmean2": 0,
        "dvar": 0,
        "dvar2": 0,
        "max": 1,
        "mean": 1,
        "median": 1,
        "min": 1,
        "var": 0
    },
    "silence_rate_30dB": {
        "dmean": 0,
        "dmean2": 0,
        "dvar": 0,
        "dvar2": 0,
        "max": 1,
        "mean": 1,
        "median": 1,
        "min": 1,
        "var": 0
    },
    "silence_rate_60dB": {
        "dmean": 0,
        "dmean2": 0,
        "dvar": 0,
        "dvar2": 0,
        "max": 0,
        "mean": 0,
        "median": 0,
        "min": 0,
        "var": 0
    },
    "spectral_centroid": {
        "dmean": 24.6249542236,
        "dmean2": 37.0761566162,
        "dvar": 5354.05810547,
        "dvar2": 13477.3789062,
        "max": 1150.69934082,
        "mean": 516.227783203,
        "median": 503.416748047,
        "min": 399.280487061,
        "var": 10614.8496094
    },
    "spectral_complexity": {
        "dmean": 1.12222218513,
        "dmean2": 2.01123595238,
        "dvar": 4.32949924469,
        "dvar2": 10.6403160095,
        "max": 18,
        "mean": 2.93406581879,
        "median": 3,
        "min": 1,
        "var": 3.8417994976
    },
    "spectral_decrease": {
        "dmean": 4.305532042e-10,
        "dmean2": 5.3336707273e-10,
        "dvar": 7.12336097077e-19,
        "dvar2": 8.56484674825e-19,
        "max": -5.40250344461e-10,
        "mean": -5.41043831959e-09,
        "median": -3.47400175293e-09,
        "min": -1.50008556687e-08,
        "var": 1.83213722799e-17
    },
    "spectral_energy": {
        "dmean": 0.00173039687797,
        "dmean2": 0.00214313413016,
        "dvar": 1.12749548862e-05,
        "dvar2": 1.35661521199e-05,
        "max": 0.0599151067436,
        "mean": 0.0215242076665,
        "median": 0.0137251056731,
        "min": 0.00216136081144,
        "var": 0.000293899967801
    },
    "spectral_energyband_high": {
        "dmean": 2.41087145696e-05,
        "dmean2": 3.68609507859e-05,
        "dvar": 1.19468621662e-08,
        "dvar2": 2.85790058285e-08,
        "max": 0.000892469426617,
        "mean": 2.58854488493e-05,
        "median": 6.09833432463e-06,
        "min": 3.81940390071e-06,
        "var": 1.06843476289e-08
    },
    "spectral_energyband_low": {
        "dmean": 1.1551537682e-05,
        "dmean2": 2.05777323572e-05,
        "dvar": 1.22995003071e-10,
        "dvar2": 3.37168820641e-10,
        "max": 7.64639844419e-05,
        "mean": 1.94459571503e-05,
        "median": 1.41934888234e-05,
        "min": 2.85970304503e-06,
        "var": 2.04564046258e-10
    },
    "spectral_energyband_middle_high": {
        "dmean": 9.59486205829e-05,
        "dmean2": 0.000153462344315,
        "dvar": 1.05813072082e-07,
        "dvar2": 2.79790214108e-07,
        "max": 0.00257461867295,
        "mean": 0.000122860670672,
        "median": 6.38525016257e-05,
        "min": 2.46057825279e-05,
        "var": 8.34071300915e-08
    },
    "spectral_energyband_middle_low": {
        "dmean": 0.00164959847461,
        "dmean2": 0.00201202253811,
        "dvar": 1.11389826998e-05,
        "dvar2": 1.29470008687e-05,
        "max": 0.0598255172372,
        "mean": 0.0213702172041,
        "median": 0.0136338397861,
        "min": 0.00191675475799,
        "var": 0.000293686112855
    },
    "spectral_entropy": {
        "dmean": 0.288975298405,
        "dmean2": 0.381169945002,
        "dvar": 0.169008657336,
        "dvar2": 0.280911684036,
        "max": 7.79345417023,
        "mean": 5.5046210289,
        "median": 5.49689388275,
        "min": 4.32187080383,
        "var": 0.633112311363
    },
    "spectral_flux": {
        "dmean": 0.00661513255909,
        "dmean2": 0.00918857101351,
        "dvar": 0.000217260836507,
        "dvar2": 0.000368404726032,
        "max": 0.155614122748,
        "mean": 0.0176016744226,
        "median": 0.0109323067591,
        "min": 0.00641177501529,
        "var": 0.000508130760863
    },
    "spectral_kurtosis": {
        "dmean": 7.5398850441,
        "dmean2": 11.7477216721,
        "dvar": 54.4329376221,
        "dvar2": 155.968338013,
        "max": 73.4863128662,
        "mean": 28.0828704834,
        "median": 25.4487419128,
        "min": 3.16860961914,
        "var": 304.628631592
    },
    "spectral_rms": {
        "dmean": 0.000194903710508,
        "dmean2": 0.000256487954175,
        "dvar": 1.48314143189e-07,
        "dvar2": 2.16410398934e-07,
        "max": 0.00764550594613,
        "mean": 0.0042515238747,
        "median": 0.00365928234532,
        "min": 0.00145211722702,
        "var": 2.92378240374e-06
    },
    "spectral_rolloff": {
        "dmean": 11.484375,
        "dmean2": 19.3556880951,
        "dvar": 1887.68786621,
        "dvar2": 5366.64355469,
        "max": 689.0625,
        "mean": 574.298278809,
        "median": 667.529296875,
        "min": 409.130859375,
        "var": 15031.8994141
    },
    "spectral_skewness": {
        "dmean": 0.589724063873,
        "dmean2": 0.882891595364,
        "dvar": 0.308710426092,
        "dvar2": 0.69937902689,
        "max": 7.06670188904,
        "mean": 4.13416051865,
        "median": 4.1236782074,
        "min": 1.55326330662,
        "var": 1.85610461235
    },
    "spectral_spread": {
        "dmean": 649427.4375,
        "dmean2": 789137.8125,
        "dvar": 2.64533180416e+12,
        "dvar2": 2.17557486797e+12,
        "max": 23808708,
        "mean": 3156512,
        "median": 2745134,
        "min": 1213703.25,
        "var": 7.51688954675e+12
    },
    "spectral_strongpeak": {
        "dmean": 0.159729197621,
        "dmean2": 0.194419756532,
        "dvar": 0.22173435986,
        "dvar2": 0.259667724371,
        "max": 5.9487156868,
        "mean": 2.60314702988,
        "median": 1.51567149162,
        "min": 0.0464473441243,
        "var": 2.87616276741
    },
    "zerocrossingrate": {
        "dmean": 0.00233832467347,
        "dmean2": 0.00352220865898,
        "dvar": 1.52879001689e-05,
        "dvar2": 2.21834870899e-05,
        "max": 0.05517578125,
        "mean": 0.0254764761776,
        "median": 0.02490234375,
        "min": 0.0048828125,
        "var": 5.31783080078e-05
    },
    "barkbands": {
        "dmean": [3.27747727624e-07, 1.99309033633e-06, 8.88199974725e-06, 8.41438941279e-06, 2.97174228763e-05, 0.000632527982816, 0.000361907761544, 7.01491007931e-05, 0.00099447381217, 2.8898659366e-05, 6.27966301181e-06, 8.26433097245e-06, 1.22770125017e-05, 1.00378556454e-05, 1.00557535916e-05, 1.21816910905e-05, 7.60575949244e-06, 1.1248554074e-05, 7.205908787e-06, 8.91597755981e-06, 3.91863932236e-06, 2.81005350189e-06, 3.2282553093e-06, 3.1223962651e-06, 3.03173760585e-06, 1.08330232251e-06, 1.44481862208e-06],
        "dmean2": [4.59092490246e-07, 3.44918771589e-06, 1.57575050252e-05, 1.47568662214e-05, 5.32602607564e-05, 0.00100529543124, 0.000600762141403, 0.00010972556629, 0.0010680956766, 4.07182960771e-05, 1.05600001916e-05, 1.38797486215e-05, 2.23176884901e-05, 1.65189994732e-05, 1.72902891791e-05, 1.98849684239e-05, 1.31889537442e-05, 2.06392414839e-05, 1.25533715618e-05, 1.4123253095e-05, 5.78186109124e-06, 4.65905759484e-06, 5.29684939465e-06, 4.71338307761e-06, 5.54859116164e-06, 1.64907203271e-06, 2.54369365393e-06],
        "dvar": [1.28628390491e-12, 4.93523884953e-12, 5.97162042038e-11, 5.09586088604e-11, 1.41075040538e-09, 1.84735176845e-06, 4.1607401613e-07, 4.76817305639e-08, 5.72802719034e-06, 5.05989916633e-09, 7.43599140596e-11, 5.46349465669e-10, 1.57658730515e-09, 1.23980270494e-09, 1.49853685016e-09, 1.95087146437e-09, 6.83760881248e-10, 3.96781851819e-09, 1.298150476e-09, 1.91914728553e-09, 2.72738609475e-10, 1.11158519889e-10, 1.69064845457e-10, 2.19979076621e-10, 2.47778020324e-10, 2.35538238219e-11, 2.67751550098e-11],
        "dvar2": [1.4387224051e-12, 1.01551735771e-11, 1.50898515905e-10, 1.43817763254e-10, 3.84691833943e-09, 3.14608291774e-06, 8.0116637946e-07, 8.73284520253e-08, 4.94921505378e-06, 1.02844106564e-08, 1.72649006203e-10, 1.10088638205e-09, 4.81089834636e-09, 3.06330294464e-09, 4.05657551994e-09, 5.03475705571e-09, 1.83833026579e-09, 1.15305880399e-08, 3.64099284056e-09, 4.79747575e-09, 6.39060804275e-10, 2.21302143277e-10, 4.48332398983e-10, 5.291898586e-10, 4.78172224039e-10, 5.6330360515e-11, 7.48365050485e-11],
        "max": [1.45191834235e-05, 2.33532500715e-05, 5.56318627787e-05, 3.67029606423e-05, 0.000238071181229, 0.0116729773581, 0.00624059978873, 0.00159455125686, 0.0465123876929, 0.000602530140895, 5.87451031606e-05, 0.00019482371863, 0.000290003692498, 0.000289843301289, 0.00030648696702, 0.000349506008206, 0.000197109518922, 0.000463712523924, 0.000277533923509, 0.00035237611155, 0.000134699468617, 8.20830900921e-05, 0.000102002821222, 0.000121731143736, 0.000115677255963, 3.97730836994e-05, 4.24977952207e-05],
        "mean": [4.34229434632e-07, 2.55957706941e-06, 1.21932307593e-05, 1.09027187136e-05, 4.02504156227e-05, 0.00603522360325, 0.00293566728942, 8.60450672917e-05, 0.0122420815751, 3.69992158085e-05, 8.3545983216e-06, 9.83470727078e-06, 1.85008320841e-05, 1.11424869829e-05, 1.17491281344e-05, 1.12290599645e-05, 6.76364243191e-06, 8.23132086225e-06, 6.1474602262e-06, 7.74382988311e-06, 3.92326819565e-06, 3.05262756228e-06, 2.84119118987e-06, 2.93774905913e-06, 3.33675575348e-06, 1.16362332392e-06, 4.06677099818e-06],
        "median": [1.36453849109e-07, 1.59250043907e-06, 8.91813124326e-06, 8.5896190285e-06, 2.86842205242e-05, 0.00602185307071, 0.00280031817965, 4.85012969875e-05, 0.00402871798724, 2.12749528146e-05, 5.45103148397e-06, 3.93219033867e-06, 1.06523302748e-05, 4.58481326859e-06, 6.39701102045e-06, 2.6466957479e-06, 1.5105060811e-06, 1.29139323235e-06, 8.73255658007e-07, 7.90037745446e-07, 6.49084938686e-07, 4.62614480057e-07, 3.42649883578e-07, 3.06112099224e-07, 2.84450067056e-07, 2.92279906944e-07, 3.49932633981e-06],
        "min": [4.69001726344e-09, 1.06538792011e-07, 5.08990638082e-07, 8.65848278409e-07, 3.01251202472e-06, 0.000476907123812, 0.000735746056307, 3.3104333852e-06, 0.000136092668981, 2.40202962232e-06, 7.69671657963e-07, 9.3233603593e-07, 1.31252136271e-06, 9.1285818371e-07, 1.27408952721e-06, 5.03279864006e-07, 4.09928532008e-07, 3.32856672003e-07, 3.51979906554e-07, 2.44950996375e-07, 2.70524992629e-07, 1.49363089008e-07, 1.16290479468e-07, 1.32952933996e-07, 1.46430920722e-07, 1.32514315965e-07, 1.40087854561e-06],
        "var": [3.29548974914e-12, 1.05056865984e-11, 1.15020278024e-10, 6.57461932119e-11, 1.47689582786e-09, 3.00914234685e-06, 6.131734267e-07, 4.37961773514e-08, 0.000234479943174, 5.01831332045e-09, 8.07720210161e-11, 6.71238231664e-10, 1.01656238982e-09, 1.09637987578e-09, 1.07732156529e-09, 1.55386625789e-09, 5.16065301603e-10, 2.37612152176e-09, 8.94956997399e-10, 1.58168267372e-09, 2.53857435073e-10, 1.20580073704e-10, 1.28765248464e-10, 2.01676161882e-10, 2.68866900965e-10, 2.13698312518e-11, 1.81579300207e-11]
    },
    "erbbands": {
        "dmean": [5.42721500096e-05, 0.000566611008253, 0.00729038054124, 0.0175753775984, 0.0933047011495, 0.0883456468582, 0.206300228834, 6.01564407349, 8.93420696259, 1.31640625, 4.01087236404, 29.2617588043, 1.85202479362, 0.46878361702, 0.296114861965, 0.313024699688, 0.551211535931, 0.394865065813, 0.77824640274, 0.535241007805, 0.532446205616, 0.467733174562, 0.610634624958, 0.376683920622, 0.435896098614, 0.420067548752, 0.249878332019, 0.149040460587, 0.0961516350508, 0.106178551912, 0.0744246020913, 0.0527708120644, 0.0642416104674, 0.0387692041695, 0.0212007462978, 0.00598496617749, 0.00139347102959, 0.00127915618941, 0.000181414739927, 1.95721167984e-05],
        "dmean2": [9.14130359888e-05, 0.000953868788201, 0.0131202051416, 0.0292782783508, 0.172318130732, 0.156178206205, 0.33607044816, 9.19471931458, 14.1824893951, 2.06473183632, 4.8027677536, 30.9180984497, 2.04911088943, 0.75312435627, 0.467325270176, 0.531514883041, 0.989012479782, 0.624577760696, 1.35551404953, 0.89309412241, 0.83811467886, 0.808436274529, 1.11060214043, 0.682547986507, 0.713137745857, 0.678376674652, 0.410313338041, 0.223539978266, 0.1638635993, 0.16802585125, 0.118983611465, 0.0882883518934, 0.0961193591356, 0.0692787244916, 0.0360106229782, 0.00926947500557, 0.00226912577637, 0.00212265364826, 0.000314243487082, 3.5078082874e-05],
        "dvar": [6.5944600891e-09, 2.41992722749e-07, 4.02996811317e-05, 0.00024359683448, 0.0116983875632, 0.0143979033455, 0.167938560247, 168.986495972, 284.814819336, 21.7162590027, 27.3622531891, 5574.60742188, 7.264503479, 1.2922655344, 0.388425827026, 0.848815917969, 2.46972632408, 1.28875231743, 10.2533884048, 5.0871295929, 2.46052503586, 2.93063592911, 11.1891517639, 3.84499144554, 4.56411218643, 4.37733316422, 1.48442947865, 0.296586573124, 0.142857670784, 0.184832677245, 0.0829212665558, 0.0600835867226, 0.094848960638, 0.038316346705, 0.0111341066658, 0.000808689394034, 3.22407540807e-05, 1.17958279588e-05, 5.48071909634e-07, 5.91722493226e-09],
        "dvar2": [1.26870363104e-08, 6.76406898492e-07, 0.000108428088424, 0.000755765126087, 0.0330376774073, 0.0350838154554, 0.320623010397, 277.664428711, 496.827697754, 52.3856544495, 37.5725822449, 4833.96923828, 9.40751838684, 3.24567127228, 0.914455294609, 1.53882396221, 7.41319084167, 3.04993605614, 27.902387619, 13.5264110565, 6.04402065277, 7.89835643768, 32.353931427, 11.1374788284, 11.9672861099, 11.2287511826, 3.82719755173, 0.67727380991, 0.27633702755, 0.462787210941, 0.212927594781, 0.162457615137, 0.214974284172, 0.0724786370993, 0.0228528119624, 0.00195630569942, 6.53285023873e-05, 3.13726013701e-05, 1.47114405991e-06, 1.73120699998e-08],
        "max": [0.000827890646178, 0.00485061109066, 0.040705293417, 0.10870090872, 0.603725969791, 0.721517682076, 3.81521821022, 118.071632385, 146.523269653, 37.9716873169, 177.328781128, 1371.70263672, 77.3990249634, 8.95655059814, 4.85494613647, 7.48385047913, 11.6711816788, 9.40329647064, 25.1394939423, 17.8983249664, 12.3123140335, 13.0382165909, 24.8126068115, 14.5376882553, 17.0296192169, 16.6893157959, 9.67881965637, 4.44577074051, 2.88380146027, 3.4551718235, 2.2982006073, 1.93757605553, 2.52614426613, 1.48342490196, 0.822512567043, 0.230298742652, 0.0465058535337, 0.0308734998107, 0.00596095388755, 0.000607490947004],
        "mean": [7.51991465222e-05, 0.000778908201028, 0.0102955857292, 0.0284855943173, 0.0991346165538, 0.154930904508, 1.14105296135, 53.3017692566, 87.498878479, 5.14917802811, 48.9062805176, 359.353118896, 20.9350776672, 1.33267533779, 0.442446857691, 0.465418606997, 0.905074179173, 0.489671677351, 0.86175519228, 0.524441838264, 0.545733869076, 0.415657579899, 0.455286413431, 0.298385798931, 0.376860946417, 0.355894058943, 0.220758423209, 0.149052888155, 0.107283361256, 0.0981514900923, 0.0687951520085, 0.0472561232746, 0.0612238049507, 0.0421771369874, 0.021339289844, 0.00564496265724, 0.0021546871867, 0.00376667780802, 0.000381720019504, 6.42246523057e-05],
        "median": [4.5088265324e-05, 0.000571538403165, 0.00724934972823, 0.0238438546658, 0.0576105006039, 0.115261286497, 1.04079580307, 52.2228546143, 84.6818084717, 4.07070016861, 18.5564556122, 118.764320374, 9.05302238464, 0.779324710369, 0.319885343313, 0.245120704174, 0.508570730686, 0.232502713799, 0.340739369392, 0.170944407582, 0.134607031941, 0.0863592028618, 0.0643907412887, 0.0565311014652, 0.0444722808897, 0.0370782278478, 0.0278555061668, 0.0219638813287, 0.0162424016744, 0.0139551069587, 0.0100036486983, 0.00688083469868, 0.0052367686294, 0.00320034939796, 0.00182266545016, 0.000922738690861, 0.000898021855392, 0.00333263352513, 0.000284112727968, 4.95509957545e-05],
        "min": [6.78746619087e-06, 5.74652549403e-05, 0.00057396502234, 0.00473273498937, 0.0108804637566, 0.0297327581793, 0.634930312634, 5.03028392792, 10.058224678, 2.20034408569, 0.795046150684, 3.2086751461, 0.413450032473, 0.0891208276153, 0.0836235284805, 0.0545034483075, 0.0592601597309, 0.064994238317, 0.0588101372123, 0.0401691757143, 0.0283517166972, 0.0261334180832, 0.0255850628018, 0.0165813434869, 0.0187987033278, 0.0119413742796, 0.0100668286905, 0.00771237770095, 0.00634738709778, 0.00393613474444, 0.00350028346293, 0.00293184933253, 0.00219726469368, 0.00163552595768, 0.000993174500763, 0.000291450181976, 0.000551873410586, 0.00106075115036, 0.000150351173943, 3.27198940795e-05],
        "var": [1.35948541313e-08, 5.17428532021e-07, 7.33219421818e-05, 0.000372622453142, 0.0103163868189, 0.0184705629945, 0.255071491003, 262.355499268, 517.375671387, 19.2179813385, 3469.18554688, 202993.390625, 608.480163574, 1.73206555843, 0.378343135118, 1.15030765533, 1.84471964836, 1.24957716465, 7.24812984467, 3.81081604958, 2.31463336945, 2.17047309875, 6.83921003342, 2.35065340996, 3.55862283707, 3.44607043266, 1.15211355686, 0.289538174868, 0.156699344516, 0.155108243227, 0.0680143684149, 0.045246783644, 0.0931982696056, 0.0430715493858, 0.0113480724394, 0.000702433346305, 3.64757688658e-05, 1.08014519355e-05, 3.83541305382e-07, 3.72004138605e-09]
    },
    "gfcc": {
        "mean": [-149.188659668, 97.5182418823, -95.3101577759, -55.5511550903, -92.3956985474, -47.4357681274, -36.9297523499, 0.363731980324, 2.30289387703, 8.39861011505, -11.8108825684, -6.8389172554, -10.7460575104],
        "cov": [[1395.59350586, -542.56640625, -362.976654053, 245.817443848, -179.837600708, 170.555267334, -104.588630676, 138.818984985, -118.835533142, -42.62159729, -74.1522903442, -67.9707183838, -13.5850839615], [-542.56640625, 483.010772705, 179.234924316, -351.06463623, -21.4786319733, -94.5754776001, 175.239089966, 62.9594841003, 85.6185531616, -33.574382782, -20.5936927795, -41.5021705627, -4.45342493057], [-362.976654053, 179.234924316, 164.654327393, -55.8044319153, 70.7341842651, -29.6883010864, 36.4159355164, -18.1058368683, 22.0642185211, 14.5489664078, 18.5215625763, 12.8063669205, 3.53995370865], [245.817443848, -351.06463623, -55.8044319153, 397.127868652, 120.597709656, 85.1749267578, -165.200820923, -109.374000549, -56.2998733521, 42.1412582397, 37.6341400146, 75.2149734497, 4.2355556488], [-179.837600708, -21.4786319733, 70.7341842651, 120.597709656, 154.77166748, 7.415538311, -60.3586425781, -68.2279510498, -6.987200737, 38.1284713745, 44.0545120239, 51.1001739502, 6.61837339401], [170.555267334, -94.5754776001, -29.6883010864, 85.1749267578, 7.415538311, 52.8701705933, -25.3464870453, 3.39456963539, -14.4170436859, 10.5854244232, 4.90713787079, 7.65551614761, 0.0158186592162], [-104.588630676, 175.239089966, 36.4159355164, -165.200820923, -60.3586425781, -25.3464870453, 101.91027832, 61.9413452148, 40.7603912354, -19.0174446106, -16.8909378052, -29.4163646698, -2.25650453568], [138.818984985, 62.9594841003, -18.1058368683, -109.374000549, -68.2279510498, 3.39456963539, 61.9413452148, 106.827964783, 10.5365686417, -19.1877784729, -24.1336994171, -41.455997467, 0.498137742281], [-118.835533142, 85.6185531616, 22.0642185211, -56.2998733521, -6.987200737, -14.4170436859, 40.7603912354, 10.5365686417, 50.3726272583, -0.983294785023, 0.667518794537, 2.72616267204, 2.11796402931], [-42.62159729, -33.574382782, 14.5489664078, 42.1412582397, 38.1284713745, 10.5854244232, -19.0174446106, -19.1877784729, -0.983294785023, 34.1564826965, 24.550863266, 16.4857959747, 7.9493970871], [-74.1522903442, -20.5936927795, 18.5215625763, 37.6341400146, 44.0545120239, 4.90713787079, -16.8909378052, -24.1336994171, 0.667518794537, 24.550863266, 33.008731842, 26.0880012512, 8.17178726196], [-67.9707183838, -41.5021705627, 12.8063669205, 75.2149734497, 51.1001739502, 7.65551614761, -29.4163646698, -41.455997467, 2.72616267204, 16.4857959747, 26.0880012512, 45.9454917908, 11.8134965897], [-13.5850839615, -4.45342493057, 3.53995370865, 4.2355556488, 6.61837339401, 0.0158186592162, -2.25650453568, 0.498137742281, 2.11796402931, 7.9493970871, 8.17178726196, 11.8134965897, 14.7771663666]],
        "icov": [[0.00812995433807, 0.00461518019438, 0.00745251681656, -0.00139148253947, -0.000681771663949, -0.0127845704556, -0.00144341762643, -0.00835956446826, 0.00559400394559, 0.00646592024714, 0.00603933772072, 0.00588559638709, -0.00446611503139], [0.00461518019438, 0.0402144268155, -0.0152359427884, 0.0194291435182, -0.0198180358857, -0.00510070892051, -0.0297984424978, 0.00487051671371, -0.0100558549166, 0.025191610679, 0.0128750391304, 0.0103309750557, -0.00887917168438], [0.00745251681656, -0.0152359427884, 0.0313614420593, -0.0118459658697, -0.00168831762858, -0.00933867506683, -0.000960376579314, -0.00823205895722, 0.0158400833607, -0.0079547772184, 0.00352184684016, 0.0043436284177, -0.00437187263742], [-0.00139148253947, 0.0194291435182, -0.0118459658697, 0.0277374088764, -0.0113313347101, -0.0125031853095, 0.00265757646412, 0.00782156456262, -0.00862621515989, 0.00611642142758, 0.0131477564573, -0.0140057727695, 0.00656632659957], [-0.000681771663949, -0.0198180358857, -0.00168831762858, -0.0113313347101, 0.033501047641, 0.00211669295095, 0.0301288869232, -0.00821559596807, 0.00275423494168, -0.0171754788607, -0.0147605771199, -0.0154260024428, 0.0162636172026], [-0.0127845704556, -0.00510070892051, -0.00933867506683, -0.0125031853095, 0.00211669295095, 0.0660728663206, -0.0111091947183, 0.00101591018029, -0.00379029451869, -0.0224119462073, -0.00847907457501, -0.0110081788152, 0.0158701948822], [-0.00144341762643, -0.0297984424978, -0.000960376579314, 0.00265757646412, 0.0301288869232, -0.0111091947183, 0.08844255656, -0.0216044150293, -0.0153765352443, -0.0144775658846, -0.0114806238562, -0.0209497623146, 0.023001421243], [-0.00835956446826, 0.00487051671371, -0.00823205895722, 0.00782156456262, -0.00821559596807, 0.00101591018029, -0.0216044150293, 0.0394624248147, -0.0071484092623, 0.00783928949386, -0.00712069030851, 0.0196872204542, -0.0224316716194], [0.00559400394559, -0.0100558549166, 0.0158400833607, -0.00862621515989, 0.00275423494168, -0.00379029451869, -0.0153765352443, -0.0071484092623, 0.0470218136907, -0.0139978099614, 0.0114613538608, -0.015132246539, 0.00400343257934], [0.00646592024714, 0.025191610679, -0.0079547772184, 0.00611642142758, -0.0171754788607, -0.0224119462073, -0.0144775658846, 0.00783928949386, -0.0139978099614, 0.105562321842, -0.0549266450107, 0.0512497238815, -0.0464475341141], [0.00603933772072, 0.0128750391304, 0.00352184684016, 0.0131477564573, -0.0147605771199, -0.00847907457501, -0.0114806238562, -0.00712069030851, 0.0114613538608, -0.0549266450107, 0.123785428703, -0.0519491396844, 0.0109091056511], [0.00588559638709, 0.0103309750557, 0.0043436284177, -0.0140057727695, -0.0154260024428, -0.0110081788152, -0.0209497623146, 0.0196872204542, -0.015132246539, 0.0512497238815, -0.0519491396844, 0.116143971682, -0.0749673098326], [-0.00446611503139, -0.00887917168438, -0.00437187263742, 0.00656632659957, 0.0162636172026, 0.0158701948822, 0.023001421243, -0.0224316716194, 0.00400343257934, -0.0464475341141, 0.0109091056511, -0.0749673098326, 0.13533487916]]
    },
    "melbands": {
        "dmean": [4.96305460729e-07, 2.65825292445e-06, 4.40578560301e-06, 7.16050590199e-06, 4.75607839689e-06, 0.000144558929605, 0.00011914804054, 1.23487343444e-05, 7.04310950823e-05, 0.000159491828526, 5.48058324057e-06, 2.20206311496e-06, 9.44445730511e-07, 8.93981393801e-07, 1.03205491087e-06, 1.15099419418e-06, 6.61631190724e-07, 1.40585518693e-06, 6.1874709445e-07, 8.65659785632e-07, 5.60145679174e-07, 5.12414430887e-07, 4.28350688253e-07, 5.57640305487e-07, 2.6484158866e-07, 3.49454495563e-07, 2.48817229931e-07, 3.06345754097e-07, 1.96484734261e-07, 8.60819184823e-08, 8.62617213215e-08, 5.36811093355e-08, 5.44043459172e-08, 6.16571043111e-08, 3.69572319414e-08, 4.32050768495e-08, 2.99324334208e-08, 5.26014858337e-08, 3.2316840759e-08, 3.49021291868e-08],
        "dmean2": [8.43362386149e-07, 4.80693597638e-06, 7.34309151085e-06, 1.31792194225e-05, 8.36676190374e-06, 0.000229650453548, 0.000188560981769, 1.88993944903e-05, 7.9696001194e-05, 0.000169868158991, 7.02579018252e-06, 3.59401110472e-06, 1.5354031575e-06, 1.5083139715e-06, 1.69958173046e-06, 2.07848120226e-06, 1.07569485408e-06, 2.45773139795e-06, 1.04326159089e-06, 1.47269349782e-06, 8.69247514856e-07, 8.92342711722e-07, 7.58676037549e-07, 1.02773378785e-06, 4.83449468902e-07, 6.00916621352e-07, 3.70196602262e-07, 5.10221354943e-07, 3.23565217286e-07, 1.33735397867e-07, 1.31952020865e-07, 9.51983096797e-08, 8.42612735141e-08, 1.01005234399e-07, 5.71633123059e-08, 7.3707617787e-08, 5.13361833043e-08, 7.91540131218e-08, 5.55819710257e-08, 6.043213574e-08],
        "dvar": [4.64932020834e-13, 5.84397981396e-12, 1.34961399695e-11, 9.94516344277e-11, 6.30041921412e-11, 1.00734034447e-07, 5.12711366696e-08, 2.51849008315e-09, 1.82766868306e-08, 1.57242936893e-07, 2.06082789722e-10, 3.48858858468e-11, 2.60776795123e-12, 7.28908426673e-12, 6.19565249799e-12, 1.29939999732e-11, 3.12860978444e-12, 3.34569975891e-11, 6.24183300532e-12, 1.44061516189e-11, 1.98543265162e-12, 3.21313873945e-12, 4.1716977095e-12, 1.00884986129e-11, 1.78479854594e-12, 3.14594487613e-12, 1.3352678338e-12, 2.43548692498e-12, 9.43808291069e-13, 1.06467101574e-13, 9.44425947494e-14, 4.12024777632e-14, 5.69665774513e-14, 5.7240880601e-14, 1.59032553429e-14, 3.8441326538e-14, 2.11505583826e-14, 6.63435709906e-14, 2.55819789587e-14, 2.91701308019e-14],
        "dvar2": [8.14024249483e-13, 1.53447983486e-11, 3.93847628122e-11, 2.70986899586e-10, 1.24526805534e-10, 1.64683086723e-07, 9.12122430918e-08, 5.86955639648e-09, 1.63724074298e-08, 1.37473705308e-07, 2.66225957946e-10, 8.79726985703e-11, 6.19036896396e-12, 1.44496359322e-11, 1.68636684478e-11, 3.85647624945e-11, 6.74796503397e-12, 9.13408793046e-11, 1.67887561492e-11, 3.87894751042e-11, 4.55076514666e-12, 8.66469396232e-12, 1.18821766662e-11, 2.91582348544e-11, 5.19750171721e-12, 8.6953768838e-12, 3.09951218337e-12, 6.43217423768e-12, 2.44308154436e-12, 2.58008187298e-13, 2.13981596656e-13, 7.67513426403e-14, 1.25387005466e-13, 1.49121492064e-13, 3.83668825063e-14, 1.05083659602e-13, 5.83040289225e-14, 1.57971387165e-13, 4.7894590312e-14, 5.65991311707e-14],
        "max": [7.62488298278e-06, 1.52425072883e-05, 2.20019483095e-05, 6.06064641033e-05, 6.08043992543e-05, 0.0027356564533, 0.0019730294589, 0.000362591381418, 0.00314773712307, 0.00750036723912, 0.000117001385661, 4.43509961769e-05, 1.07176419988e-05, 2.21623013203e-05, 2.04808002309e-05, 2.70550299319e-05, 1.45974336192e-05, 4.53520915471e-05, 1.98501365958e-05, 2.95031331916e-05, 1.0410080904e-05, 1.33429166453e-05, 1.56159621838e-05, 2.32993006648e-05, 9.86627856037e-06, 1.37705283123e-05, 9.42516817304e-06, 1.22979754451e-05, 7.67929941503e-06, 2.6599739158e-06, 2.46382774094e-06, 1.42231465361e-06, 1.94166977963e-06, 1.87556406672e-06, 1.01218654436e-06, 1.52956818056e-06, 1.13301030069e-06, 2.09459426515e-06, 1.23811878439e-06, 1.33268986247e-06],
        "mean": [6.64565448005e-07, 3.91502726416e-06, 6.66791993353e-06, 9.054817383e-06, 6.9990492193e-06, 0.00139327102806, 0.0011791344732, 1.23355584947e-05, 0.000853519653901, 0.0019595362246, 8.00948055257e-06, 2.46342119681e-06, 1.19789524433e-06, 1.11561791982e-06, 1.65398159879e-06, 1.64484038123e-06, 7.72959026563e-07, 1.54557346832e-06, 6.36558525002e-07, 7.5813636613e-07, 6.06638820955e-07, 4.44818056167e-07, 3.53327806124e-07, 3.96001695435e-07, 2.13297610685e-07, 2.86130983795e-07, 2.38100696492e-07, 2.46953476335e-07, 1.64532153235e-07, 8.55097042063e-08, 8.59588240587e-08, 6.25985947522e-08, 5.35648858602e-08, 5.52034187251e-08, 3.66661332407e-08, 3.63711443185e-08, 2.63471200412e-08, 4.72218850689e-08, 3.63446801543e-08, 3.58208680495e-08],
        "median": [4.19131936269e-07, 3.03033675664e-06, 5.38736730959e-06, 5.55640690436e-06, 3.94981816498e-06, 0.00137230893597, 0.00114378763828, 3.43460919794e-06, 0.000299198436551, 0.00064594252035, 4.1302819227e-06, 1.3572713442e-06, 6.98308781466e-07, 5.06182630033e-07, 9.2017131692e-07, 9.71544977801e-07, 3.36470179718e-07, 5.76995432766e-07, 2.48850767548e-07, 1.90900109942e-07, 1.45690407294e-07, 8.77215171613e-08, 5.94192783865e-08, 6.02319047971e-08, 4.61294185072e-08, 3.48535671435e-08, 3.31487868266e-08, 2.46239082458e-08, 1.68824492164e-08, 1.63882223347e-08, 1.2033573249e-08, 9.85895809436e-09, 8.44036662784e-09, 7.04664993023e-09, 5.82054537901e-09, 4.71529437718e-09, 4.08056921586e-09, 3.85518905688e-09, 3.19945470117e-09, 2.58839416567e-09],
        "min": [3.72440069896e-08, 1.97136841962e-07, 1.05256469851e-06, 7.96794154212e-07, 4.89908245527e-07, 0.000113132417027, 0.000153883825988, 4.38916316625e-07, 1.10395722004e-05, 1.80530660145e-05, 2.56160149092e-07, 2.76492158946e-07, 1.51988729158e-07, 1.04908444598e-07, 1.25909608073e-07, 1.07178173891e-07, 7.51859445813e-08, 9.7629346385e-08, 4.69456118424e-08, 4.9803745128e-08, 2.75359486324e-08, 1.78249397464e-08, 2.16662119357e-08, 2.02034087238e-08, 1.12444418221e-08, 1.25712720234e-08, 7.25688176217e-09, 7.82113573905e-09, 5.75657255197e-09, 3.87580323391e-09, 3.86715148792e-09, 3.47652062693e-09, 2.14545536892e-09, 2.08850869932e-09, 2.16317563861e-09, 1.39638212104e-09, 1.59272861566e-09, 1.48395373767e-09, 1.07070363686e-09, 1.12783837825e-09],
        "var": [1.05122486237e-12, 1.03033736057e-11, 2.09310520305e-11, 9.29976512465e-11, 1.08439694724e-10, 1.60780828651e-07, 9.40024804663e-08, 2.02192418364e-09, 1.10632856831e-06, 6.02855652687e-06, 2.60603372215e-10, 2.44619862561e-11, 2.59913509985e-12, 8.57476502997e-12, 6.17093919367e-12, 8.94148383807e-12, 3.36582020935e-12, 2.36110089813e-11, 4.63610573542e-12, 1.01538421768e-11, 2.2243428887e-12, 2.38312538106e-12, 2.78980592967e-12, 5.98165831103e-12, 1.08331496985e-12, 2.22706640456e-12, 1.23977792008e-12, 1.81762948876e-12, 7.20426973286e-13, 9.89857135603e-14, 9.14084888511e-14, 4.61693976507e-14, 5.60581888255e-14, 4.51047822681e-14, 1.47573519024e-14, 2.77604003153e-14, 1.50768713649e-14, 5.98242904325e-14, 3.04442004917e-14, 3.18309831618e-14]
    },
    "mfcc": {
        "mean": [-823.047363281, 161.056488037, 6.52955293655, -9.41121101379, -34.1350631714, -36.7644081116, -37.2399253845, -24.4304599762, -6.0945687294, 7.4956240654, 7.21383237839, 3.34358429909, -2.2491350174],
        "cov": [[1965.21350098, -895.924072266, -163.175476074, -3.65227603912, 16.8312683105, -43.1643867493, 22.9734859467, 2.78376865387, -7.96918582916, -44.1062088013, -42.0933036804, -15.7987632751, -2.29350280762], [-895.924072266, 669.105895996, 100.117492676, -96.8514862061, -101.134269714, -91.1573867798, -9.37383937836, 24.4286670685, 53.2315330505, 86.5158462524, 93.0093536377, 27.8661270142, -61.4707946777], [-163.175476074, 100.117492676, 69.2277374268, -0.613523185253, -15.0244531631, -0.00084932113532, 6.35410308838, 8.94316577911, 10.0260152817, 14.4577693939, 6.47197198868, -2.73332977295, -12.0909175873], [-3.65227603912, -96.8514862061, -0.613523185253, 86.2700500488, 78.0578308105, 64.0744018555, 4.76419258118, -4.74894189835, -22.0110912323, -37.5986938477, -46.1520729065, -10.0645303726, 35.4445648193], [16.8312683105, -101.134269714, -15.0244531631, 78.0578308105, 124.875259399, 72.380645752, 19.0310001373, -10.0164852142, -23.1641674042, -39.7951698303, -49.9475708008, -6.79856300354, 43.4292907715], [-43.1643867493, -91.1573867798, -0.00084932113532, 64.0744018555, 72.380645752, 98.6054153442, 4.14228534698, -6.55342197418, -25.6870746613, -41.2363395691, -41.3525123596, -10.4217653275, 38.7386322021], [22.9734859467, -9.37383937836, 6.35410308838, 4.76419258118, 19.0310001373, 4.14228534698, 35.498374939, -3.53985452652, -2.47417521477, 0.72600120306, -7.29211854935, -0.742628157139, 3.16857361794], [2.78376865387, 24.4286670685, 8.94316577911, -4.74894189835, -10.0164852142, -6.55342197418, -3.53985452652, 29.3927631378, 15.2674818039, 5.67142963409, 6.31855535507, 7.97109556198, 3.47611689568], [-7.96918582916, 53.2315330505, 10.0260152817, -22.0110912323, -23.1641674042, -25.6870746613, -2.47417521477, 15.2674818039, 32.7705612183, 24.3374156952, 20.4283065796, 11.5019359589, -7.63771343231], [-44.1062088013, 86.5158462524, 14.4577693939, -37.5986938477, -39.7951698303, -41.2363395691, 0.72600120306, 5.67142963409, 24.3374156952, 55.0725135803, 45.8923568726, 15.0476913452, -18.5301914215], [-42.0933036804, 93.0093536377, 6.47197198868, -46.1520729065, -49.9475708008, -41.3525123596, -7.29211854935, 6.31855535507, 20.4283065796, 45.8923568726, 65.8487548828, 24.2930450439, -27.0151538849], [-15.7987632751, 27.8661270142, -2.73332977295, -10.0645303726, -6.79856300354, -10.4217653275, -0.742628157139, 7.97109556198, 11.5019359589, 15.0476913452, 24.2930450439, 32.335067749, 2.48294234276], [-2.29350280762, -61.4707946777, -12.0909175873, 35.4445648193, 43.4292907715, 38.7386322021, 3.16857361794, 3.47611689568, -7.63771343231, -18.5301914215, -27.0151538849, 2.48294234276, 45.5169754028]],
