{
"lowlevel": {
    "average_loudness": 0.937593102455,
    "barkbands_crest": {
        "dmean": 0.916645765305,
        "dmean2": 1.12320196629,
        "dvar": 0.510140955448,
        "dvar2": 0.831977784634,
        "max": 19.7355194092,
        "mean": 17.3225536346,
        "median": 17.295917511,
        "min": 10.2411651611,
        "var": 1.35899484158
    },
    "barkbands_flatness_db": {
        "dmean": 0.0101727312431,
        "dmean2": 0.0147536052391,
        "dvar": 0.000166137047927,
        "dvar2": 0.0002188749786,
        "max": 0.380089730024,
        "mean": 0.310343027115,
        "median": 0.304279446602,
        "min": 0.184634745121,
        "var": 0.000853165285662
    },
    "barkbands_kurtosis": {
        "dmean": 11.6046295166,
        "dmean2": 16.3564472198,
        "dvar": 80.2263336182,
        "dvar2": 175.041061401,
        "max": 148.054336548,
        "mean": 95.4438934326,
        "median": 97.6950836182,
        "min": 31.5728378296,
        "var": 581.975646973
    },
    "barkbands_skewness": {
        "dmean": 0.483275026083,
        "dmean2": 0.747495055199,
        "dvar": 0.134726956487,
        "dvar2": 0.354792445898,
        "max": 9.02082061768,
        "mean": 6.91873121262,
        "median": 7.18662977219,
        "min": 4.11833810806,
        "var": 1.46533811092
    },
    "barkbands_spread": {
        "dmean": 0.194581359625,
        "dmean2": 0.256064653397,
        "dvar": 0.0946627929807,
        "dvar2": 0.108980193734,
        "max": 5.30165529251,
        "mean": 1.5649920702,
        "median": 1.54321932793,
        "min": 0.675249159336,
        "var": 0.284209907055
    },
    "dissonance": {
        "dmean": 0.0166457165033,
        "dmean2": 0.0268993638456,
        "dvar": 0.000197700821445,
        "dvar2": 0.000576234888285,
        "max": 0.495774954557,
        "mean": 0.452853530645,
        "median": 0.457134604454,
        "min": 0.351204395294,
        "var": 0.000584958354011
    },
    "dynamic_complexity": 1.24677848816,
    "erbbands_crest": {
        "dmean": 1.08999228477,
        "dmean2": 1.55553531647,
        "dvar": 1.13433992863,
        "dvar2": 1.82953858376,
        "max": 20.3307628632,
        "mean": 16.2787876129,
        "median": 16.5458641052,
        "min": 5.67549657822,
        "var": 4.2090086937
    },
    "erbbands_flatness_db": {
        "dmean": 0.00787737872452,
        "dmean2": 0.0114514697343,
        "dvar": 8.97452409845e-05,
        "dvar2": 0.000126102284412,
        "max": 0.239834532142,
        "mean": 0.168563336134,
        "median": 0.161818563938,
        "min": 0.091288857162,
        "var": 0.000784794567153
    },
    "erbbands_kurtosis": {
        "dmean": 1.31659293175,
        "dmean2": 1.98412835598,
        "dvar": 3.03441119194,
        "dvar2": 7.72150850296,
        "max": 22.9937553406,
        "mean": 4.64384317398,
        "median": 2.49463534355,
        "min": -0.321291446686,
        "var": 27.1706447601
    },
    "erbbands_skewness": {
        "dmean": 0.210289880633,
        "dmean2": 0.308038949966,
        "dvar": 0.0510914511979,
        "dvar2": 0.0960336178541,
        "max": 4.21357679367,
        "mean": 2.07161068916,
        "median": 1.85514569283,
        "min": 0.547438442707,
        "var": 0.758836090565
    },
    "erbbands_spread": {
        "dmean": 5.9868979454,
        "dmean2": 7.9045548439,
        "dvar": 24.9811420441,
        "dvar2": 39.9650535583,
        "max": 76.7162017822,
        "mean": 37.3452415466,
        "median": 37.3514785767,
        "min": 8.59163188934,
        "var": 219.05531311
    },
    "hfc": {
        "dmean": 1.12787342072,
        "dmean2": 1.47253394127,
        "dvar": 1.6122688055,
        "dvar2": 2.06248354912,
        "max": 43.1381988525,
        "mean": 12.9150781631,
        "median": 11.171087265,
        "min": 7.24631118774,
        "var": 30.226272583
    },
    "melbands_crest": {
        "dmean": 0.845350801945,
        "dmean2": 1.22330272198,
        "dvar": 0.585676014423,
        "dvar2": 1.06007611752,
        "max": 28.5780410767,
        "mean": 26.4270935059,
        "median": 26.4222488403,
        "min": 18.2412700653,
        "var": 1.07078588009
    },
    "melbands_flatness_db": {
        "dmean": 0.0122391227633,
        "dmean2": 0.0173786170781,
        "dvar": 0.000221929920372,
        "dvar2": 0.000303282518871,
        "max": 0.539110124111,
        "mean": 0.449950814247,
        "median": 0.442558705807,
        "min": 0.309285134077,
        "var": 0.00136259489227
    },
    "melbands_kurtosis": {
        "dmean": 25.0102787018,
        "dmean2": 39.2330551147,
        "dvar": 438.182830811,
        "dvar2": 1038.37402344,
        "max": 316.240020752,
        "mean": 166.911132812,
        "median": 165.049224854,
        "min": 36.7422904968,
        "var": 4366.84863281
    },
    "melbands_skewness": {
        "dmean": 0.807063102722,
        "dmean2": 1.23759138584,
        "dvar": 0.404799282551,
        "dvar2": 0.938234746456,
        "max": 13.0180130005,
        "mean": 8.30352020264,
        "median": 8.4073600769,
        "min": 3.68962621689,
        "var": 4.57375907898
    },
    "melbands_spread": {
        "dmean": 0.0994772464037,
        "dmean2": 0.137284070253,
        "dvar": 0.0322385057807,
        "dvar2": 0.037068400532,
        "max": 3.1906683445,
        "mean": 0.966049194336,
        "median": 0.91181910038,
        "min": 0.472691684961,
        "var": 0.121376790106
    },
    "pitch_salience": {
        "dmean": 0.0317541323602,
        "dmean2": 0.049980416894,
        "dvar": 0.000615735363681,
        "dvar2": 0.00134655530564,
        "max": 0.662728667259,
        "mean": 0.486007928848,
        "median": 0.484695732594,
        "min": 0.396428823471,
        "var": 0.00129665073473
    },
    "silence_rate_20dB": {
        "dmean": 0.0117994099855,
        "dmean2": 0.0236686393619,
        "dvar": 0.0116601949558,
        "dvar2": 0.0349423661828,
        "max": 1,
        "mean": 0.994117617607,
        "median": 1,
        "min": 0,
        "var": 0.00584771996364
    },
    "silence_rate_30dB": {
        "dmean": 0.0501474924386,
        "dmean2": 0.100591719151,
        "dvar": 0.0476326011121,
        "dvar2": 0.131894111633,
        "max": 1,
        "mean": 0.588235318661,
        "median": 1,
        "min": 0,
        "var": 0.242214277387
    },
    "silence_rate_60dB": {
        "dmean": 0,
        "dmean2": 0,
        "dvar": 0,
        "dvar2": 0,
        "max": 0,
        "mean": 0,
        "median": 0,
        "min": 0,
        "var": 0
    },
    "spectral_centroid": {
        "dmean": 29.9806957245,
        "dmean2": 38.417011261,
        "dvar": 821.760681152,
        "dvar2": 1291.49267578,
        "max": 449.642578125,
        "mean": 245.473571777,
        "median": 238.716003418,
        "min": 142.429458618,
        "var": 4176.27392578
    },
    "spectral_complexity": {
        "dmean": 0.946902632713,
        "dmean2": 1.61242604256,
        "dvar": 0.864437162876,
        "dvar2": 1.94149804115,
        "max": 13,
        "mean": 5.47647047043,
        "median": 5,
        "min": 4,
        "var": 1.13767910004
    },
    "spectral_decrease": {
        "dmean": 2.72325340056e-09,
        "dmean2": 3.69291708324e-09,
        "dvar": 1.13730055037e-17,
        "dvar2": 1.34034543204e-17,
        "max": -1.21324399416e-08,
        "mean": -2.86607377831e-08,
        "median": -2.47211637827e-08,
        "min": -9.90574164916e-08,
        "var": 1.68105202737e-16
    },
    "spectral_energy": {
        "dmean": 0.0103765800595,
        "dmean2": 0.0140657816082,
        "dvar": 0.000164861761732,
        "dvar2": 0.000194358464796,
        "max": 0.377777516842,
        "mean": 0.109343633056,
        "median": 0.0943020433187,
        "min": 0.0464834049344,
        "var": 0.00244345446117
    },
    "spectral_energyband_high": {
        "dmean": 1.95822958631e-05,
        "dmean2": 2.69126066996e-05,
        "dvar": 5.56231338766e-10,
        "dvar2": 9.14328002199e-10,
        "max": 0.00034724411671,
        "mean": 7.06222344888e-05,
        "median": 6.06740431977e-05,
        "min": 2.22099351959e-05,
        "var": 1.56334778456e-09
    },
    "spectral_energyband_low": {
        "dmean": 0.00997698586434,
        "dmean2": 0.0137829417363,
        "dvar": 0.000152035499923,
        "dvar2": 0.000188682752196,
        "max": 0.344863951206,
        "mean": 0.101954378188,
        "median": 0.090235710144,
        "min": 0.0363418795168,
        "var": 0.00195270671975
    },
    "spectral_energyband_middle_high": {
        "dmean": 5.58262399863e-05,
        "dmean2": 7.56068475312e-05,
        "dvar": 6.41085717845e-09,
        "dvar2": 7.68438912502e-09,
        "max": 0.00158240774181,
        "mean": 0.000274683610769,
        "median": 0.000265385926468,
        "min": 7.96586464276e-05,
        "var": 1.38819569173e-08
    },
    "spectral_energyband_middle_low": {
        "dmean": 0.0018579721218,
        "dmean2": 0.00271122460254,
        "dvar": 3.87665795643e-06,
        "dvar2": 7.47951571611e-06,
        "max": 0.0425611324608,
        "mean": 0.00734406989068,
        "median": 0.00507447868586,
        "min": 0.00203781831078,
        "var": 3.82420439564e-05
    },
    "spectral_entropy": {
        "dmean": 0.141652867198,
        "dmean2": 0.203331395984,
        "dvar": 0.0205780565739,
        "dvar2": 0.0347346514463,
        "max": 7.66293334961,
        "mean": 6.56056785583,
        "median": 6.66546630859,
        "min": 5.51553821564,
        "var": 0.159357786179
    },
    "spectral_flux": {
        "dmean": 0.0128315389156,
        "dmean2": 0.0231860280037,
        "dvar": 0.000292479904601,
        "dvar2": 0.0006406159373,
        "max": 0.341500520706,
        "mean": 0.0469437949359,
        "median": 0.0436763912439,
        "min": 0.0148893827572,
        "var": 0.000600479659624
    },
    "spectral_kurtosis": {
        "dmean": 1.74971568584,
        "dmean2": 2.65355324745,
        "dvar": 3.54886054993,
        "dvar2": 10.5310192108,
        "max": 23.6235542297,
        "mean": 8.56475925446,
        "median": 7.3616194725,
        "min": 3.52285909653,
        "var": 14.6400632858
    },
    "spectral_rms": {
        "dmean": 0.000477722263895,
        "dmean2": 0.000660223246086,
        "dvar": 2.27621299587e-07,
        "dvar2": 3.06573724629e-07,
        "max": 0.019198006019,
        "mean": 0.0101360399276,
        "median": 0.00959176756442,
        "min": 0.00673421612009,
        "var": 3.93733353121e-06
    },
    "spectral_rolloff": {
        "dmean": 0.127039551735,
        "dmean2": 0.127415403724,
        "dvar": 2.71943426132,
        "dvar2": 2.72742772102,
        "max": 150.732421875,
        "mean": 129.325866699,
        "median": 129.19921875,
        "min": 129.19921875,
        "var": 2.71149086952
    },
    "spectral_skewness": {
        "dmean": 0.24785579741,
        "dmean2": 0.351072788239,
        "dvar": 0.0497311390936,
        "dvar2": 0.141585022211,
        "max": 3.83112287521,
        "mean": 2.1917526722,
        "median": 2.06956601143,
        "min": 1.36435806751,
        "var": 0.266736030579
    },
    "spectral_spread": {
        "dmean": 270966.78125,
        "dmean2": 404463.28125,
        "dvar": 190508744704,
        "dvar2": 211637649408,
        "max": 11585264,
        "mean": 4214746,
        "median": 4245547,
        "min": 2815411.25,
        "var": 480612876288
    },
    "spectral_strongpeak": {
        "dmean": 0.213945955038,
        "dmean2": 0.400223135948,
        "dvar": 0.0715773552656,
        "dvar2": 0.0802644640207,
        "max": 2.7103729248,
        "mean": 1.17449223995,
        "median": 1.06142866611,
        "min": 0.318483799696,
        "var": 0.138865798712
    },
    "zerocrossingrate": {
        "dmean": 0.00193584070075,
        "dmean2": 0.00278811482713,
        "dvar": 2.8635331546e-06,
        "dvar2": 5.42267571291e-06,
        "max": 0.0234375,
        "mean": 0.00952866487205,
        "median": 0.0087890625,
        "min": 0.00390625,
        "var": 9.34525542107e-06
    },
    "barkbands": {
        "dmean": [0.000855266698636, 0.00502635585144, 0.00556267378852, 0.00113606546074, 0.00110730237793, 8.6065614596e-05, 3.02475309581e-05, 8.09083649074e-05, 6.64040271658e-05, 8.30135650176e-06, 9.05101478565e-06, 1.25743863464e-05, 1.73080643435e-05, 1.07077994471e-05, 4.82997120343e-06, 3.49696415469e-06, 1.90496689356e-06, 1.07997175292e-05, 1.82363492058e-05, 1.91669641936e-05, 6.19788215772e-06, 1.26394093058e-06, 1.33545472636e-06, 3.62371156371e-06, 1.07241532987e-06, 8.85359554559e-07, 1.87164573617e-06],
        "dmean2": [0.00133214541711, 0.00639759236947, 0.00824603158981, 0.00169611652382, 0.00159674673341, 0.000118419011415, 4.78483780171e-05, 0.000140619362355, 7.06016653567e-05, 1.29155441755e-05, 1.49674424392e-05, 2.14104384213e-05, 2.71605313173e-05, 1.7537659005e-05, 8.02323484095e-06, 4.89649346491e-06, 2.90353546006e-06, 1.55441030074e-05, 2.62315188593e-05, 2.42198948399e-05, 9.39840174397e-06, 1.93591813513e-06, 1.98939483198e-06, 5.39862548976e-06, 1.62741866916e-06, 1.39631561069e-06, 3.13316968459e-06],
        "dvar": [5.34357354809e-07, 1.73623557203e-05, 8.81337982719e-05, 1.69133318195e-06, 1.0612072856e-06, 1.9271896079e-08, 2.95144508833e-09, 5.96733373825e-09, 6.39194608354e-09, 3.42470829473e-10, 1.78700623743e-10, 1.86939810853e-10, 2.48445819473e-10, 9.88198620155e-11, 4.96298072084e-11, 2.94518194555e-11, 2.95649060789e-11, 8.72077896008e-11, 2.45077513839e-10, 3.19241022506e-10, 3.71705027868e-11, 7.49727536997e-12, 6.09497174953e-12, 2.55376258335e-11, 4.7651791367e-12, 4.87072578451e-12, 4.83201109333e-12],
        "dvar2": [1.00188572105e-06, 2.97297738143e-05, 9.42383849178e-05, 3.44146178577e-06, 1.84527391411e-06, 2.12009663159e-08, 3.72420694283e-09, 1.54907002781e-08, 6.06600458752e-09, 3.84044157586e-10, 2.37122155244e-10, 3.45994066731e-10, 5.2984755472e-10, 1.94768784434e-10, 7.76869402142e-11, 3.86551797515e-11, 3.26151154695e-11, 1.67238126125e-10, 5.25825494258e-10, 5.98443017363e-10, 8.10092687376e-11, 9.17884431656e-12, 7.81946209172e-12, 5.04610207785e-11, 5.87525687823e-12, 6.16454023245e-12, 7.93016693978e-12],
        "max": [0.0175155755132, 0.084205776453, 0.243389695883, 0.0253585558385, 0.017795516178, 0.00265296106227, 0.000943577382714, 0.000796995940618, 0.00265045696869, 0.000313891418045, 0.000241147587076, 0.000210217040149, 0.000189267389942, 0.000148156323121, 0.000118921831017, 9.38499142649e-05, 9.73352362053e-05, 9.90949411062e-05, 0.000123231278849, 0.000219578374526, 5.9298119595e-05, 4.80677845189e-05, 4.20646028942e-05, 3.9301605284e-05, 3.75356794393e-05, 3.81263125746e-05, 5.04357412865e-05],
        "mean": [0.00619148137048, 0.0249008238316, 0.0705552920699, 0.0031473597046, 0.00334381032735, 0.000248186901445, 4.9714853958e-05, 0.000132388362545, 0.000420273980126, 1.52191696543e-05, 1.92580737348e-05, 3.29242284351e-05, 6.02886393608e-05, 2.30163823289e-05, 1.03202355604e-05, 8.73962653714e-06, 4.79296477351e-06, 2.86702615995e-05, 4.0246421122e-05, 5.02196126035e-05, 1.6366604541e-05, 3.35016625286e-06, 3.04075001623e-06, 6.93339461577e-06, 3.09437064061e-06, 3.09996539727e-06, 1.61379666679e-05],
        "median": [0.00605713482946, 0.0225486718118, 0.0596578270197, 0.00177352572791, 0.00242310017347, 0.000233264625422, 4.00372155127e-05, 0.000105785904452, 0.000216030253796, 1.20040149341e-05, 1.68076039699e-05, 3.00586507365e-05, 5.56879931537e-05, 2.07330776902e-05, 8.79022627487e-06, 7.63891694078e-06, 4.3143872972e-06, 2.65328708338e-05, 3.48358807969e-05, 3.95430652134e-05, 1.44953137351e-05, 2.63289871327e-06, 2.35140942095e-06, 4.54931250715e-06, 2.67230461759e-06, 2.65251219389e-06, 1.59823430295e-05],
        "min": [0.00372136454098, 0.00994988717139, 0.01762862131, 3.51962116838e-05, 0.000545417133253, 6.95775597706e-05, 6.48613513476e-06, 8.46681450639e-06, 5.89692217545e-06, 2.12299687519e-06, 2.1179612304e-06, 4.43063572675e-06, 8.08987169876e-06, 4.73515774502e-06, 1.89475360912e-06, 1.04265814116e-06, 1.09513109692e-06, 4.12002736994e-06, 4.24681138611e-06, 2.56767793871e-06, 2.06533968594e-06, 6.5868243837e-07, 4.87521333525e-07, 7.14801160484e-07, 8.01847875209e-07, 1.52002087361e-06, 1.20872637126e-05],
        "var": [1.66171355431e-06, 0.000100135723187, 0.0011488716118, 1.30519583763e-05, 8.08541699371e-06, 2.52592524674e-08, 3.25393600953e-09, 9.22156839778e-09, 2.66906511115e-07, 4.34511843173e-10, 2.65105992714e-10, 2.96582480797e-10, 7.66967378496e-10, 1.56895205161e-10, 5.84242237922e-11, 4.56294863005e-11, 3.08134073812e-11, 2.12554973622e-10, 5.9330174107e-10, 1.5988378399e-09, 1.07835664009e-10, 1.00103328404e-11, 8.5877693845e-12, 5.1733128198e-11, 6.36840710375e-12, 5.16932156802e-12, 6.18190481444e-12]
    },
    "erbbands": {
        "dmean": [0.193869620562, 1.16973948479, 5.67948961258, 4.5109872818, 5.3207244873, 2.38409924507, 0.886461734772, 0.883930504322, 0.326121330261, 1.59377300739, 0.953410923481, 1.98856604099, 0.405168056488, 0.335433751345, 0.388333022594, 0.528338015079, 0.869649887085, 0.494655907154, 0.280261456966, 0.247896015644, 0.17214551568, 0.118008248508, 0.462894082069, 1.09956467152, 0.68915772438, 0.972349524498, 0.36307322979, 0.200898572803, 0.0509938783944, 0.0329548567533, 0.0396546162665, 0.0713646039367, 0.0574319064617, 0.0159345827997, 0.00554489949718, 0.00434513948858, 0.0015760891838, 0.000680925091729, 0.000279550818959, 4.39251962234e-05],
        "dmean2": [0.290689051151, 1.3812032938, 8.06508922577, 6.34542512894, 7.52537345886, 3.34308624268, 1.07194447517, 1.24944353104, 0.49491494894, 2.63236880302, 1.68248784542, 2.07548379898, 0.4763276577, 0.529244840145, 0.632029533386, 0.883652448654, 1.36029064655, 0.810419678688, 0.457770437002, 0.388229310513, 0.243263289332, 0.173008218408, 0.650637090206, 1.54403376579, 0.972234129906, 1.26749837399, 0.554493069649, 0.295309782028, 0.0771522670984, 0.0475850366056, 0.0588303953409, 0.107069723308, 0.0853841081262, 0.0242665819824, 0.00822242721915, 0.00687415059656, 0.00251546897925, 0.00110745197162, 0.000458568247268, 7.37067239243e-05],
        "dvar": [0.0199156925082, 1.13718152046, 107.290977478, 26.0723495483, 38.5441322327, 3.5380282402, 1.67447805405, 1.26637673378, 0.763015091419, 2.01715135574, 1.50322699547, 5.38525342941, 0.46728181839, 0.312654465437, 0.33541110158, 0.260206252337, 0.60411798954, 0.225873962045, 0.140863969922, 0.124721266329, 0.0921663343906, 0.0856068581343, 0.170099213719, 0.762485742569, 0.401192724705, 0.871298372746, 0.128301903605, 0.0420010983944, 0.0103161456063, 0.00687116663903, 0.0049879043363, 0.0095325158909, 0.00684639066458, 0.000716371461749, 0.000211326318095, 9.16469580261e-05, 1.54985682457e-05, 1.91448111764e-06, 1.03513890792e-07, 1.06584863158e-09],
        "dvar2": [0.0447466410697, 1.58432459831, 116.720115662, 37.9650421143, 56.1914596558, 6.25544929504, 2.06207489967, 1.56832849979, 0.859172582626, 5.2726984024, 2.48235416412, 5.05290985107, 0.456854611635, 0.435714870691, 0.45162987709, 0.521718382835, 1.2611849308, 0.433186739683, 0.217975661159, 0.195764943957, 0.116819530725, 0.0938558727503, 0.308599561453, 1.59567713737, 0.777722120285, 1.66818451881, 0.299203574657, 0.0941989347339, 0.0128430435434, 0.00810570083559, 0.00660670222715, 0.0173793490976, 0.0137773044407, 0.000963551923633, 0.000243692134973, 0.000133705980261, 1.89257807506e-05, 2.27418308896e-06, 1.81740873018e-07, 2.9418627534e-09],
        "max": [2.04393696785, 24.9752597809, 257.455444336, 139.869277954, 116.476623535, 25.0735626221, 22.6797485352, 20.5003681183, 16.0637969971, 11.722243309, 20.2916259766, 80.9779891968, 13.1267576218, 9.86187267303, 10.4137382507, 7.86109113693, 8.78898525238, 7.51855039597, 6.68499803543, 5.71166610718, 5.36982107162, 5.37427616119, 5.1954126358, 7.49750900269, 6.27617549896, 11.4598016739, 3.44475007057, 1.95711803436, 1.74344813824, 1.47411239147, 1.17290711403, 0.874237239361, 0.649687588215, 0.432640910149, 0.258291482925, 0.152195930481, 0.0690789744258, 0.0270614437759, 0.00705466512591, 0.000867096998263],
        "mean": [0.821069002151, 6.65372800827, 75.497467041, 32.5480079651, 18.4956893921, 6.81815385818, 2.0311729908, 2.33916068077, 0.781308531761, 2.4032292366, 2.27813315392, 12.9938983917, 2.08163046837, 0.697400569916, 0.947051882744, 1.6433506012, 2.99342441559, 1.28827941418, 0.721323549747, 0.539130091667, 0.447320282459, 0.347510963678, 1.31705284119, 2.35591173172, 1.74427008629, 2.49417757988, 0.916058540344, 0.515836894512, 0.140318527818, 0.0802743658423, 0.088788792491, 0.144893884659, 0.113098062575, 0.0423602685332, 0.0162381120026, 0.0103296395391, 0.00590597605333, 0.00373489852063, 0.00186664762441, 0.000428463681601],
        "median": [0.795446753502, 5.85852527618, 64.1258392334, 27.3891830444, 10.6209411621, 6.44065380096, 1.61461591721, 2.16357445717, 0.674517393112, 1.97407984734, 2.01328730583, 6.6354341507, 1.12808823586, 0.579025626183, 0.786100447178, 1.54649949074, 2.64937496185, 1.20538210869, 0.6445966959, 0.436038404703, 0.39111918211, 0.319475412369, 1.24606287479, 2.08052420616, 1.4323040247, 1.87981510162, 0.769959330559, 0.441599667072, 0.111177653074, 0.0621041134, 0.069252550602, 0.101031623781, 0.0703411847353, 0.0338217802346, 0.0136267356575, 0.00772550283, 0.00525932852179, 0.00362682295963, 0.00184510229155, 0.0004182831035],
        "min": [0.361194998026, 2.23497486115, 16.6715011597, 13.3413524628, 2.6656563282, 1.6938918829, 0.333965450525, 0.539113879204, 0.187618270516, 0.233209580183, 0.452744305134, 0.191000118852, 0.174842193723, 0.164831027389, 0.163073271513, 0.304174035788, 0.55374443531, 0.190613552928, 0.164931103587, 0.0772730857134, 0.0716602131724, 0.0764277651906, 0.188157469034, 0.327800929546, 0.154449597001, 0.139359548688, 0.0897589102387, 0.0598886758089, 0.025681996718, 0.0170497559011, 0.0129186604172, 0.0125842140988, 0.0136359846219, 0.00831858627498, 0.0057851341553, 0.00400790246204, 0.002701489022, 0.00230150599964, 0.0011730901897, 0.000302264117636],
        "var": [0.0510626621544, 10.543636322, 1317.28405762, 329.435028076, 419.719909668, 10.9643602371, 2.54842782021, 1.81512308121, 0.817772567272, 2.87247395515, 2.14233064651, 256.88394165, 5.59307765961, 0.422792851925, 0.518435359001, 0.536072731018, 2.02220988274, 0.34203016758, 0.181248486042, 0.161988735199, 0.128760367632, 0.0956503376365, 0.434450030327, 1.88416743279, 1.41432869434, 4.09136676788, 0.361426889896, 0.118480302393, 0.0149410124868, 0.00829129014164, 0.00721380207688, 0.0203101560473, 0.0136704333127, 0.00114736799151, 0.00024218960607, 0.000101293742773, 1.64147350006e-05, 2.00859267352e-06, 1.38843503805e-07, 4.74100536607e-09]
    },
    "gfcc": {
        "mean": [-46.7230224609, 118.912719727, -38.3189239502, 46.1863670349, -10.9111051559, 5.64869260788, 0.153702706099, 6.08428287506, -24.883605957, -3.69560575485, -6.65430831909, -24.3759040833, -19.9670848846],
        "cov": [[236.184692383, -132.328994751, -81.0277557373, 97.8507080078, -54.7533073425, 41.5635185242, -18.4115772247, 17.1909885406, -23.7154693604, -8.39898872375, 27.9517421722, -3.94730877876, 24.427854538], [-132.328994751, 146.996109009, 64.1576766968, -90.4755172729, 38.5910987854, -46.5245246887, 18.4049224854, -11.8386945724, 25.208316803, -2.87383341789, -40.9348182678, -3.26051497459, -29.037689209], [-81.0277557373, 64.1576766968, 69.7259674072, -18.3628139496, 29.7509880066, -15.4247684479, -1.79693639278, -20.8464355469, 1.83677399158, 3.58728528023, -17.7738380432, -1.84531140327, -22.068397522], [97.8507080078, -90.4755172729, -18.3628139496, 112.96396637, 0.343099236488, 27.650762558, -17.3016471863, -11.9918031693, -29.8218650818, 2.26592755318, 31.4792995453, -6.63800859451, 3.85289120674], [-54.7533073425, 38.5910987854, 29.7509880066, 0.343099236488, 47.2362976074, -5.73031759262, -0.127536565065, -18.0794239044, -3.80796790123, -1.01222121716, -7.23271083832, 0.681546092033, -17.0931568146], [41.5635185242, -46.5245246887, -15.4247684479, 27.650762558, -5.73031759262, 32.4293403625, -3.65923476219, -2.64293217659, -14.7895431519, -4.42083454132, 8.99416732788, 1.77833306789, 11.415802002], [-18.4115772247, 18.4049224854, -1.79693639278, -17.3016471863, -0.127536565065, -3.65923476219, 23.2409038544, 14.2458963394, 6.85033798218, -8.1680021286, -13.4654073715, -4.61449289322, -1.74485325813], [17.1909885406, -11.8386945724, -20.8464355469, -11.9918031693, -18.0794239044, -2.64293217659, 14.2458963394, 41.3604774475, 17.1439094543, -11.4595346451, -9.2037820816, -7.51557254791, 1.28601455688], [-23.7154693604, 25.208316803, 1.83677399158, -29.8218650818, -3.80796790123, -14.7895431519, 6.85033798218, 17.1439094543, 26.3565635681, 1.18949687481, -15.4343748093, -6.15005207062, -8.67834472656], [-8.39898872375, -2.87383341789, 3.58728528023, 2.26592755318, -1.01222121716, -4.42083454132, -8.1680021286, -11.4595346451, 1.18949687481, 18.9482460022, 9.5264339447, -1.17466676235, -2.42536497116], [27.9517421722, -40.9348182678, -17.7738380432, 31.4792995453, -7.23271083832, 8.99416732788, -13.4654073715, -9.2037820816, -15.4343748093, 9.5264339447, 32.1554756165, 5.08401584625, 7.81696510315], [-3.94730877876, -3.26051497459, -1.84531140327, -6.63800859451, 0.681546092033, 1.77833306789, -4.61449289322, -7.51557254791, -6.15005207062, -1.17466676235, 5.08401584625, 15.5364122391, 5.19067239761], [24.427854538, -29.037689209, -22.068397522, 3.85289120674, -17.0931568146, 11.415802002, -1.74485325813, 1.28601455688, -8.67834472656, -2.42536497116, 7.81696510315, 5.19067239761, 24.560125351]],
        "icov": [[0.0332734882832, -0.0289642252028, 0.0441329181194, -0.0380769148469, 0.0415166765451, -0.0249738004059, 0.0411835201085, -0.0206644143909, 0.0350316353142, -0.0119638247415, 0.0401864983141, -0.0136123578995, 0.0240836143494], [-0.0289642252028, 0.148985147476, -0.0698694363236, 0.107873678207, -0.0652708783746, 0.111219465733, -0.0731259658933, 0.102919302881, -0.0417069867253, 0.0905903056264, -0.0375246852636, 0.080267958343, 0.00673217140138], [0.0441329181194, -0.0698694363236, 0.102305866778, -0.0643038079143, 0.0582357384264, -0.0482369177043, 0.074441447854, -0.0388019196689, 0.0703034475446, -0.0414675138891, 0.0778538659215, -0.0292638521641, 0.0479358099401], [-0.0380769148469, 0.107873678207, -0.0643038079143, 0.111338526011, -0.065981335938, 0.0749455243349, -0.0576299279928, 0.0727750435472, -0.0249171964824, 0.0671463385224, -0.0578291974962, 0.0790965557098, 0.00101967551745], [0.0415166765451, -0.0652708783746, 0.0582357384264, -0.065981335938, 0.100643128157, -0.0513145141304, 0.054217543453, -0.0251372437924, 0.0487372986972, -0.0183085817844, 0.0524171926081, -0.0347554944456, 0.0493547208607], [-0.0249738004059, 0.111219465733, -0.0482369177043, 0.0749455243349, -0.0513145141304, 0.137343600392, -0.0529261603951, 0.0752417370677, -0.0104361716658, 0.071999154985, -0.0212664585561, 0.0617313832045, -0.00887263938785], [0.0411835201085, -0.0731259658933, 0.074441447854, -0.0576299279928, 0.054217543453, -0.0529261603951, 0.142872005701, -0.0754528269172, 0.0794382542372, -0.0354034379125, 0.0784066170454, -0.0173711720854, 0.0282356645912], [-0.0206644143909, 0.102919302881, -0.0388019196689, 0.0727750435472, -0.0251372437924, 0.0752417370677, -0.0754528269172, 0.155636772513, -0.0886394232512, 0.119493983686, -0.0498010031879, 0.0749480128288, 0.010465985164], [0.0350316353142, -0.0417069867253, 0.0703034475446, -0.0249171964824, 0.0487372986972, -0.0104361716658, 0.0794382542372, -0.0886394232512, 0.199478104711, -0.0786313712597, 0.10623717308, -0.00480455672368, 0.0619049482048], [-0.0119638247415, 0.0905903056264, -0.0414675138891, 0.0671463385224, -0.0183085817844, 0.071999154985, -0.0354034379125, 0.119493983686, -0.0786313712597, 0.184104770422, -0.076474621892, 0.0829129293561, 0.0134440185502], [0.0401864983141, -0.0375246852636, 0.0778538659215, -0.0578291974962, 0.0524171926081, -0.0212664585561, 0.0784066170454, -0.0498010031879, 0.10623717308, -0.076474621892, 0.155149415135, -0.0411690920591, 0.0385422706604], [-0.0136123578995, 0.080267958343, -0.0292638521641, 0.0790965557098, -0.0347554944456, 0.0617313832045, -0.0173711720854, 0.0749480128288, -0.00480455672368, 0.0829129293561, -0.0411690920591, 0.151722982526, -0.000775939086452], [0.0240836143494, 0.00673217140138, 0.0479358099401, 0.00101967551745, 0.0493547208607, -0.00887263938785, 0.0282356645912, 0.010465985164, 0.0619049482048, 0.0134440185502, 0.0385422706604, -0.000775939086452, 0.118664726615]]
    },
    "melbands": {
        "dmean": [0.00139020057395, 0.00235513574444, 0.000754993408918, 0.000292007956887, 3.95168972318e-05, 1.78660775418e-05, 4.96118082083e-06, 1.89664551726e-05, 6.4026412474e-06, 1.28913479784e-05, 1.69080124124e-06, 1.38776510994e-06, 1.25924145777e-06, 1.32546438181e-06, 1.97946405933e-06, 1.47686557739e-06, 1.08533004095e-06, 5.40204780464e-07, 3.90279922158e-07, 2.77436356555e-07, 1.95738394382e-07, 1.08866238691e-07, 3.03941703805e-07, 5.90847491821e-07, 1.00142244719e-06, 5.64442927953e-07, 6.79878041865e-07, 6.20667378826e-07, 2.79596946484e-07, 1.77822585101e-07, 9.66552136106e-08, 2.70184994378e-08, 2.81694845228e-08, 1.62208841914e-08, 1.78528871686e-08, 3.32817364779e-08, 5.44132667812e-08, 4.52204886869e-08, 3.15419725894e-08, 7.99509614069e-09],
        "dmean2": [0.00197656825185, 0.00318879564293, 0.00106418586802, 0.000422176264692, 4.55429435533e-05, 2.50626399065e-05, 7.51929519538e-06, 3.180931526e-05, 1.12051611723e-05, 1.33697903948e-05, 2.10831535696e-06, 2.19740445573e-06, 2.12132340494e-06, 2.28526550927e-06, 3.19317246067e-06, 2.36900268646e-06, 1.77733340934e-06, 8.67546759764e-07, 6.51345999358e-07, 4.07072406006e-07, 2.91467074476e-07, 1.67476358115e-07, 4.7469612241e-07, 8.66348159434e-07, 1.41011980759e-06, 8.6294897983e-07, 8.74640136317e-07, 8.7494794343e-07, 4.51605899343e-07, 2.7156315241e-07, 1.50798854293e-07, 4.24021457945e-08, 4.33533173805e-08, 2.42412205864e-08, 2.67555506639e-08, 5.07209065859e-08, 8.09555373849e-08, 6.89525023745e-08, 4.79759520999e-08, 1.22066809993e-08],
        "dvar": [1.20138713555e-06, 1.44674213516e-05, 1.00987267615e-06, 7.59010845286e-08, 2.34271113619e-09, 6.20138329577e-10, 1.60661609017e-10, 2.92250473821e-10, 9.73493230472e-11, 2.27659932572e-10, 1.06599043828e-11, 5.1890236899e-12, 3.67545794147e-12, 2.55460583243e-12, 2.91330783282e-12, 1.7518340294e-12, 9.63408714784e-13, 4.32830176865e-13, 3.15545739494e-13, 1.56724229406e-13, 1.31056176653e-13, 1.00871784883e-13, 1.08852698719e-13, 2.61045471264e-13, 6.43876228376e-13, 2.55950236049e-13, 4.17278028537e-13, 4.115729296e-13, 8.24189349581e-14, 3.76736842948e-14, 1.02002019908e-14, 3.44265318225e-15, 2.91264836177e-15, 1.89085028288e-15, 1.50831516907e-15, 1.99601154086e-15, 5.37691475071e-15, 4.67016485908e-15, 1.37503188784e-15, 3.96373038135e-16],
        "dvar2": [2.47255843533e-06, 1.59680239449e-05, 1.27233442981e-06, 1.2501605795e-07, 2.93121704686e-09, 7.38082095442e-10, 1.76911776895e-10, 7.90899234993e-10, 1.36703259823e-10, 2.08368530763e-10, 1.07204479668e-11, 7.30403237892e-12, 4.86608583289e-12, 4.06690610008e-12, 6.52269644547e-12, 3.67809775692e-12, 1.9038076237e-12, 7.46687163055e-13, 4.92411883837e-13, 2.37784157598e-13, 1.65581700369e-13, 1.12434929802e-13, 1.98083249022e-13, 5.39873267619e-13, 1.37380092111e-12, 5.65556987093e-13, 6.7287852807e-13, 8.47146896903e-13, 2.10440009602e-13, 8.67521996622e-14, 2.26389579013e-14, 4.3288198987e-15, 4.03884028679e-15, 2.11263823682e-15, 1.74794851902e-15, 3.39684204057e-15, 1.03320596097e-14, 9.61058743844e-15, 2.57596949414e-15, 4.52860447777e-16],
        "max": [0.0196574442089, 0.0975960046053, 0.0275025181472, 0.00483893416822, 0.000804641400464, 0.000464742508484, 0.000233687955188, 0.000136337155709, 0.000173918204382, 0.000528499484062, 4.72734209325e-05, 3.98314296035e-05, 3.37802375725e-05, 2.6274303309e-05, 1.98935522349e-05, 1.71611554833e-05, 1.38672539833e-05, 1.1260903193e-05, 9.19948888622e-06, 6.40063535684e-06, 6.26589917374e-06, 5.69154144614e-06, 4.63752667201e-06, 4.86028056912e-06, 7.04295416654e-06, 4.14528540205e-06, 7.55377686801e-06, 7.37813115848e-06, 2.64417803919e-06, 1.61689411016e-06, 1.01166324384e-06, 9.97394749902e-07, 9.08197080207e-07, 7.78167930093e-07, 6.88883631028e-07, 5.80594814892e-07, 6.95020332842e-07, 5.61574779567e-07, 3.98400317181e-07, 3.55820162667e-07],
        "mean": [0.00681959185749, 0.0280404686928, 0.00620940001681, 0.000913247582503, 8.87440764927e-05, 4.88715340907e-05, 1.14211979962e-05, 2.94090405077e-05, 1.57880076586e-05, 8.3284030552e-05, 5.65075697523e-06, 2.56308203461e-06, 2.79258938463e-06, 3.48681282958e-06, 6.67598396831e-06, 4.71161320093e-06, 2.28637577493e-06, 1.24379948829e-06, 7.89202431406e-07, 6.32762066743e-07, 4.78138247217e-07, 2.33260777804e-07, 8.39589972657e-07, 1.43861780089e-06, 2.05758897209e-06, 1.23782149331e-06, 1.70413545675e-06, 1.56890212111e-06, 6.15321766873e-07, 3.87419788694e-07, 2.45672083565e-07, 6.94345914098e-08, 5.95120788205e-08, 3.75469113578e-08, 4.05228668399e-08, 6.84742431645e-08, 1.03864124412e-07, 8.21909225124e-08, 6.73135573948e-08, 2.38093456062e-08],
        "median": [0.00648969458416, 0.0239092484117, 0.00489014107734, 0.000647574663162, 7.05540442141e-05, 4.49797262263e-05, 9.82514939096e-06, 2.41624875343e-05, 1.3739338101e-05, 4.22965822509e-05, 3.34611740982e-06, 2.09711106436e-06, 2.40819645114e-06, 3.2391460536e-06, 6.5115259531e-06, 4.22471521233e-06, 2.04252592084e-06, 1.05555022856e-06, 6.47848082735e-07, 5.20272521953e-07, 4.12904824998e-07, 1.96713287437e-07, 7.80553364166e-07, 1.28843566927e-06, 1.80997778898e-06, 1.02807962321e-06, 1.26443842419e-06, 1.24496682474e-06, 4.98101087487e-07, 3.14920953315e-07, 2.01739908334e-07, 5.71071971933e-08, 4.39392060514e-08, 2.89724049196e-08, 3.10309857809e-08, 5.19048342085e-08, 7.11516747742e-08, 4.56313173913e-08, 5.13759168541e-08, 2.01013019563e-08],
        "min": [0.00315730692819, 0.00684551801533, 0.00256855995394, 0.000169145525433, 1.39207395478e-05, 1.21647753986e-05, 2.98178883895e-06, 2.75766274171e-06, 2.53008511208e-06, 9.22328069919e-07, 4.1682386609e-07, 3.48427221297e-07, 3.9191667156e-07, 5.45648902062e-07, 1.15612056106e-06, 8.68108202212e-07, 2.44383926429e-07, 2.75624131518e-07, 9.97580613671e-08, 7.78692879067e-08, 4.06388984686e-08, 5.68067903828e-08, 1.10496863215e-07, 1.80483652912e-07, 2.45020942202e-07, 1.26033512515e-07, 8.08821454257e-08, 8.26167223522e-08, 5.31271417969e-08, 4.4918920139e-08, 2.68256137304e-08, 1.22877175102e-08, 9.73272662463e-09, 7.3774417686e-09, 6.64456356603e-09, 8.35638580554e-09, 6.79506673151e-09, 8.58627213773e-09, 7.77433495358e-09, 6.52500720122e-09],
        "var": [4.56807401861e-06, 0.000181268274901, 1.47030768858e-05, 6.3697348196e-07, 4.29107549493e-09, 8.50057635393e-10, 1.73005679227e-10, 4.3735279287e-10, 1.28534738408e-10, 1.07604769539e-08, 4.11726312766e-11, 7.10427593489e-12, 5.26913495474e-12, 3.96570103145e-12, 8.17542041009e-12, 5.1098634872e-12, 1.51818781071e-12, 6.19102154525e-13, 3.74428217381e-13, 2.30423698785e-13, 1.70293927614e-13, 1.04236728298e-13, 2.25668523582e-13, 6.03558544289e-13, 1.56053989175e-12, 6.11909394682e-13, 1.98579520883e-12, 1.63668785556e-12, 1.73169936507e-13, 8.3664547729e-14, 2.73620559668e-14, 4.37462744049e-15, 3.90960719948e-15, 2.17488732339e-15, 1.93817189606e-15, 3.70489754733e-15, 1.17049475513e-14, 9.0366895824e-15, 3.05285857256e-15, 4.77845590381e-16]
    },
    "mfcc": {
        "mean": [-721.955383301, 161.050033569, 39.1539726257, 60.8080062866, 21.7359046936, 16.4859313965, 38.6147766113, 5.87936019897, 0.367415189743, 17.1776428223, 8.81958198547, 6.32979679108, -12.3206949234],
        "cov": [[383.585510254, -268.89932251, -18.9981117249, 9.42092418671, -10.3957910538, -9.54715633392, 44.7952041626, 1.42331707478, -15.5575323105, 20.7696895599, -84.313331604, 29.1145381927, 31.223077774], [-268.89932251, 274.483093262, 3.42065691948, -18.1543769836, -8.41790294647, -3.67369842529, -56.8258705139, 8.76985263824, 21.0195579529, -11.9140748978, 78.0621643066, -39.3790664673, -37.3158836365], [-18.9981117249, 3.42065691948, 30.6317577362, 5.28089046478, 1.99247789383, 7.94026613235, -1.95031273365, -6.93728303909, -2.774340868, -4.31841754913, -1.88531076908, 3.05791974068, 4.30847549438], [9.42092418671, -18.1543769836, 5.28089046478, 43.5018806458, 14.3860235214, 10.4791307449, 9.46520423889, -4.33144664764, -7.53691720963, -0.514761567116, -2.05763697624, 7.0886797905, 10.959602356], [-10.3957910538, -8.41790294647, 1.99247789383, 14.3860235214, 30.607301712, 15.6270160675, 6.77727556229, -4.72919654846, -9.29600811005, -9.71196842194, -3.46160292625, 6.69879722595, 6.07436561584], [-9.54715633392, -3.67369842529, 7.94026613235, 10.4791307449, 15.6270160675, 39.2491989136, 9.86474132538, -11.5816688538, -10.5969991684, -15.0817747116, -9.98240947723, 1.54872655869, 9.95024585724], [44.7952041626, -56.8258705139, -1.95031273365, 9.46520423889, 6.77727556229, 9.86474132538, 36.3173522949, -2.00608992577, -10.0100841522, -5.8450627327, -20.2062015533, 6.40266656876, 8.07312870026], [1.42331707478, 8.76985263824, -6.93728303909, -4.33144664764, -4.72919654846, -11.5816688538, -2.00608992577, 35.0937156677, 13.1579523087, 8.05936336517, 4.77801513672, -7.24652385712, -16.7701969147], [-15.5575323105, 21.0195579529, -2.774340868, -7.53691720963, -9.29600811005, -10.5969991684, -10.0100841522, 13.1579523087, 24.3186626434, 11.3283958435, 7.2232503891, -7.99966812134, -12.5108757019], [20.7696895599, -11.9140748978, -4.31841754913, -0.514761567116, -9.71196842194, -15.0817747116, -5.8450627327, 8.05936336517, 11.3283958435, 31.9026603699, 3.2381336689, -0.784255206585, -9.85802841187], [-84.313331604, 78.0621643066, -1.88531076908, -2.05763697624, -3.46160292625, -9.98240947723, -20.2062015533, 4.77801513672, 7.2232503891, 3.2381336689, 40.4849433899, -7.37681627274, -13.4759664536], [29.1145381927, -39.3790664673, 3.05791974068, 7.0886797905, 6.69879722595, 1.54872655869, 6.40266656876, -7.24652385712, -7.99966812134, -0.784255206585, -7.37681627274, 22.9400482178, 10.3147821426], [31.223077774, -37.3158836365, 4.30847549438, 10.959602356, 6.07436561584, 9.95024585724, 8.07312870026, -16.7701969147, -12.5108757019, -9.85802841187, -13.4759664536, 10.3147821426, 30.7172298431]],
