{
"lowlevel": {
    "average_loudness": 0.900673985481,
    "barkbands_crest": {
        "dmean": 1.11509740353,
        "dmean2": 1.77211654186,
        "dvar": 2.34949231148,
        "dvar2": 5.45715236664,
        "max": 26.4192314148,
        "mean": 22.8606529236,
        "median": 23.9437084198,
        "min": 5.19591856003,
        "var": 12.9282722473
    },
    "barkbands_flatness_db": {
        "dmean": 0.0161286219954,
        "dmean2": 0.0210208687931,
        "dvar": 0.000228879885981,
        "dvar2": 0.000377000978915,
        "max": 0.385754585266,
        "mean": 0.236679032445,
        "median": 0.230922669172,
        "min": 0.0479973703623,
        "var": 0.00704171508551
    },
    "barkbands_kurtosis": {
        "dmean": 43.5227661133,
        "dmean2": 58.7433776855,
        "dvar": 5020.01757812,
        "dvar2": 9383.203125,
        "max": 777.999328613,
        "mean": 150.289337158,
        "median": 61.0434417725,
        "min": 0.918444871902,
        "var": 29808.9238281
    },
    "barkbands_skewness": {
        "dmean": 1.7304905653,
        "dmean2": 2.48591065407,
        "dvar": 5.04128074646,
        "dvar2": 9.51465892792,
        "max": 22.3316478729,
        "mean": 7.64533567429,
        "median": 5.55477380753,
        "min": 0.417488217354,
        "var": 25.5197372437
    },
    "barkbands_spread": {
        "dmean": 0.885164856911,
        "dmean2": 1.25337100029,
        "dvar": 3.20150923729,
        "dvar2": 3.46957731247,
        "max": 32.8819236755,
        "mean": 4.18228006363,
        "median": 2.55746364594,
        "min": 0.206371128559,
        "var": 22.114862442
    },
    "dissonance": {
        "dmean": 0.0450842864811,
        "dmean2": 0.076673142612,
        "dvar": 0.00185704487376,
        "dvar2": 0.0052036694251,
        "max": 0.494020491838,
        "mean": 0.374589294195,
        "median": 0.380807220936,
        "min": 0.210354909301,
        "var": 0.00476044416428
    },
    "dynamic_complexity": 5.40330410004,
    "erbbands_crest": {
        "dmean": 1.23194491863,
        "dmean2": 1.75700998306,
        "dvar": 3.86318063736,
        "dvar2": 6.3119058609,
        "max": 33.919670105,
        "mean": 30.0076446533,
        "median": 31.6817588806,
        "min": 6.5211596489,
        "var": 18.5796985626
    },
    "erbbands_flatness_db": {
        "dmean": 0.0147488173097,
        "dmean2": 0.0205217245966,
        "dvar": 0.000192163497559,
        "dvar2": 0.00033149056253,
        "max": 0.432963192463,
        "mean": 0.283870577812,
        "median": 0.279732257128,
        "min": 0.11081340909,
        "var": 0.00676013994962
    },
    "erbbands_kurtosis": {
        "dmean": 20.0335292816,
        "dmean2": 28.1203098297,
        "dvar": 825.65447998,
        "dvar2": 1473.22241211,
        "max": 247.448638916,
        "mean": 77.187210083,
        "median": 42.5011062622,
        "min": -0.328196287155,
        "var": 5720.67724609
    },
    "erbbands_skewness": {
        "dmean": 0.986171364784,
        "dmean2": 1.44707775116,
        "dvar": 1.13147842884,
        "dvar2": 2.26596808434,
        "max": 12.027926445,
        "mean": 6.02758026123,
        "median": 5.56168031693,
        "min": 0.225779592991,
        "var": 10.0169534683
    },
    "erbbands_spread": {
        "dmean": 1.51852667332,
        "dmean2": 2.25954222679,
        "dvar": 4.94692230225,
        "dvar2": 8.37380218506,
        "max": 29.4217681885,
        "mean": 5.81884145737,
        "median": 3.57400178909,
        "min": 0.486860573292,
        "var": 35.9476928711
    },
    "hfc": {
        "dmean": 1.09000396729,
        "dmean2": 1.23667931557,
        "dvar": 5.32170438766,
        "dvar2": 7.05095291138,
        "max": 41.1106719971,
        "mean": 8.84490585327,
        "median": 3.83835291862,
        "min": 0.0122242355719,
        "var": 94.7597808838
    },
    "melbands_crest": {
        "dmean": 1.67649316788,
        "dmean2": 2.64420104027,
        "dvar": 4.09276437759,
        "dvar2": 10.7944669724,
        "max": 34.1838264465,
        "mean": 28.1709098816,
        "median": 28.970500946,
        "min": 6.59218835831,
        "var": 22.2689094543
    },
    "melbands_flatness_db": {
        "dmean": 0.0165274143219,
        "dmean2": 0.0214914232492,
        "dvar": 0.000262976594968,
        "dvar2": 0.000480645307107,
        "max": 0.461251407862,
        "mean": 0.311823040247,
        "median": 0.304130762815,
        "min": 0.131223738194,
        "var": 0.00730129191652
    },
    "melbands_kurtosis": {
        "dmean": 20.6807193756,
        "dmean2": 29.0703277588,
        "dvar": 558.939208984,
        "dvar2": 976.823669434,
        "max": 210.997833252,
        "mean": 56.3625526428,
        "median": 33.827796936,
        "min": 1.57821512222,
        "var": 2688.0637207
    },
    "melbands_skewness": {
        "dmean": 1.04841268063,
        "dmean2": 1.67865550518,
        "dvar": 0.928734600544,
        "dvar2": 2.54235386848,
        "max": 5.52264595032,
        "mean": 1.22392690182,
        "median": 1.25723266602,
        "min": -2.55927968025,
        "var": 2.26522755623
    },
    "melbands_spread": {
        "dmean": 1.20843374729,
        "dmean2": 1.81633400917,
        "dvar": 4.05849933624,
        "dvar2": 6.16533231735,
        "max": 31.4385185242,
        "mean": 4.07044219971,
        "median": 2.66825795174,
        "min": 0.312840163708,
        "var": 18.7101840973
    },
    "pitch_salience": {
        "dmean": 0.0516388826072,
        "dmean2": 0.0793391987681,
        "dvar": 0.0033853999339,
        "dvar2": 0.00533937895671,
        "max": 0.84880656004,
        "mean": 0.257641911507,
        "median": 0.24240309,
        "min": 0.0516316853464,
        "var": 0.0239517297596
    },
    "silence_rate_20dB": {
        "dmean": 0,
        "dmean2": 0,
        "dvar": 0,
        "dvar2": 0,
        "max": 1,
        "mean": 1,
        "median": 1,
        "min": 1,
        "var": 0
    },
    "silence_rate_30dB": {
        "dmean": 0,
        "dmean2": 0,
        "dvar": 0,
        "dvar2": 0,
        "max": 1,
        "mean": 1,
        "median": 1,
        "min": 1,
        "var": 0
    },
    "silence_rate_60dB": {
        "dmean": 0.0250000003725,
        "dmean2": 0.0504201687872,
        "dvar": 0.0243749655783,
        "dvar2": 0.0478779189289,
        "max": 1,
        "mean": 0.363636374474,
        "median": 0,
        "min": 0,
        "var": 0.231404989958
    },
    "spectral_centroid": {
        "dmean": 33.5402526855,
        "dmean2": 49.9179191589,
        "dvar": 6124.05810547,
        "dvar2": 7956.61230469,
        "max": 1478.25854492,
        "mean": 673.847961426,
        "median": 621.94708252,
        "min": 589.320739746,
        "var": 15988.9238281
    },
    "spectral_complexity": {
        "dmean": 1.49166667461,
        "dmean2": 2.50420165062,
        "dvar": 2.48326063156,
        "dvar2": 6.55249834061,
        "max": 15,
        "mean": 3.3305785656,
        "median": 3,
        "min": 0,
        "var": 3.6758441925
    },
    "spectral_decrease": {
        "dmean": 4.57528237519e-10,
        "dmean2": 5.15921860789e-10,
        "dvar": 9.76683892297e-19,
        "dvar2": 1.32318726596e-18,
        "max": -1.67514396451e-12,
        "mean": -3.61666896431e-09,
        "median": -1.39869227311e-09,
        "min": -1.73925869262e-08,
        "var": 1.72809660122e-17
    },
    "spectral_energy": {
        "dmean": 0.00182450038847,
        "dmean2": 0.00205766083673,
        "dvar": 1.5513098333e-05,
        "dvar2": 2.09817371797e-05,
        "max": 0.0693722963333,
        "mean": 0.0144523913041,
        "median": 0.00560923060402,
        "min": 7.4311519711e-06,
        "var": 0.000274643214652
    },
    "spectral_energyband_high": {
        "dmean": 4.86056615046e-06,
        "dmean2": 7.07500703356e-06,
        "dvar": 4.51993754924e-11,
        "dvar2": 9.01994520741e-11,
        "max": 8.84429173311e-05,
        "mean": 2.3029420845e-05,
        "median": 2.10641755984e-05,
        "min": 3.49004409372e-07,
        "var": 9.3123189715e-11
    },
    "spectral_energyband_low": {
        "dmean": 7.59325994295e-05,
        "dmean2": 0.000127663690364,
        "dvar": 4.80981512396e-08,
        "dvar2": 1.24275899793e-07,
        "max": 0.00212320545688,
        "mean": 8.7978260126e-05,
        "median": 4.79583286506e-05,
        "min": 1.15205091333e-06,
        "var": 4.21329815481e-08
    },
    "spectral_energyband_middle_high": {
        "dmean": 7.28522354621e-05,
        "dmean2": 0.000124687736388,
        "dvar": 1.88820479252e-08,
        "dvar2": 5.34124637852e-08,
        "max": 0.000821549445391,
        "mean": 0.000153019675054,
        "median": 0.000116351555334,
        "min": 2.30374871535e-06,
        "var": 1.58762354374e-08
    },
    "spectral_energyband_middle_low": {
        "dmean": 0.00176725175697,
        "dmean2": 0.00192163721658,
        "dvar": 1.55325651576e-05,
        "dvar2": 2.04829811992e-05,
        "max": 0.0690900608897,
        "mean": 0.0142082497478,
        "median": 0.00548150157556,
        "min": 3.70707948605e-06,
        "var": 0.000272822071565
    },
    "spectral_entropy": {
        "dmean": 0.165767386556,
        "dmean2": 0.224256038666,
        "dvar": 0.0308255776763,
        "dvar2": 0.0568941272795,
        "max": 8.09605407715,
        "mean": 6.56076574326,
        "median": 6.7366528511,
        "min": 5.0067782402,
        "var": 0.686692714691
    },
    "spectral_flux": {
        "dmean": 0.00555925071239,
        "dmean2": 0.00819961726665,
        "dvar": 0.000131742548547,
        "dvar2": 0.000170092476765,
        "max": 0.174381420016,
        "mean": 0.0208377167583,
        "median": 0.0164478253573,
        "min": 0.00925790797919,
        "var": 0.000368126755347
    },
    "spectral_kurtosis": {
        "dmean": 2.84798312187,
        "dmean2": 4.54850482941,
        "dvar": 7.30767154694,
        "dvar2": 17.5878887177,
        "max": 34.914730072,
        "mean": 13.6112060547,
        "median": 11.7277669907,
        "min": 3.42892456055,
        "var": 40.8660774231
    },
    "spectral_rms": {
        "dmean": 0.000209122110391,
        "dmean2": 0.000248158263275,
        "dvar": 8.75244694498e-08,
        "dvar2": 1.13640687971e-07,
        "max": 0.00822680350393,
        "mean": 0.00314610637724,
        "median": 0.00233932049014,
        "min": 8.5146370111e-05,
        "var": 4.20190917794e-06
    },
    "spectral_rolloff": {
        "dmean": 37.6831054688,
        "dmean2": 52.6568260193,
        "dvar": 20728.3730469,
        "dvar2": 26018.2070312,
        "max": 2067.1875,
        "mean": 635.852416992,
        "median": 602.9296875,
        "min": 602.9296875,
        "var": 24364.78125
    },
    "spectral_skewness": {
        "dmean": 0.30050355196,
        "dmean2": 0.477561980486,
        "dvar": 0.0618989132345,
        "dvar2": 0.141817063093,
        "max": 4.88064479828,
        "mean": 2.88133907318,
        "median": 2.72351074219,
        "min": 1.68694615364,
        "var": 0.493915647268
    },
    "spectral_spread": {
        "dmean": 366461.21875,
        "dmean2": 542353.625,
        "dvar": 163230744576,
        "dvar2": 308779712512,
        "max": 8043053,
        "mean": 3980920.25,
        "median": 4021109.75,
        "min": 2366307,
        "var": 793667502080
    },
    "spectral_strongpeak": {
        "dmean": 0.188533678651,
        "dmean2": 0.224753424525,
        "dvar": 0.202727943659,
        "dvar2": 0.235095009208,
        "max": 6.26966905594,
        "mean": 2.28570890427,
        "median": 1.66128396988,
        "min": 0.00292843487114,
        "var": 2.59547972679
    },
    "zerocrossingrate": {
        "dmean": 0.00295003247447,
        "dmean2": 0.003885733895,
        "dvar": 1.63809272635e-05,
        "dvar2": 2.20322635869e-05,
        "max": 0.080078125,
        "mean": 0.0387800224125,
        "median": 0.03125,
        "min": 0.013671875,
        "var": 0.000253755162703
    },
    "barkbands": {
        "dmean": [8.98197868082e-07, 3.40126425726e-05, 3.34386240866e-05, 5.62974091736e-05, 7.64720534789e-05, 4.74158950965e-05, 4.81308306917e-05, 0.00170559692197, 0.000142897610203, 2.64360551228e-05, 1.59994997375e-05, 1.17653416964e-05, 1.44722607729e-05, 1.0277804904e-05, 1.37304414238e-05, 3.57841418008e-06, 3.86685087506e-06, 3.33592561219e-06, 1.90167804703e-06, 1.851204388e-06, 1.2416003301e-06, 1.07471510091e-06, 9.70463361227e-07, 6.31480986613e-07, 3.42260278785e-07, 2.22539554784e-07, 1.3881109453e-06],
        "dmean2": [1.18119373838e-06, 6.23966843705e-05, 6.00478633714e-05, 0.000104412305518, 0.00013786884665, 8.33342128317e-05, 6.93854817655e-05, 0.00183202174958, 0.000194079300854, 4.81066454086e-05, 2.69662341452e-05, 2.0210240109e-05, 2.56162547885e-05, 1.95619086298e-05, 2.30643308896e-05, 5.655645964e-06, 6.44490683044e-06, 5.49866535948e-06, 2.99142561744e-06, 3.17647595693e-06, 2.04260095416e-06, 1.75971479166e-06, 1.3189709307e-06, 8.55454857174e-07, 4.76598728483e-07, 3.5061131598e-07, 2.15097952605e-06],
        "dvar": [1.65192529794e-11, 2.70320654749e-08, 1.69814962092e-09, 5.89319846256e-08, 3.26357998404e-08, 3.51408435684e-09, 9.95980542484e-09, 1.76716657734e-05, 8.03444208941e-08, 1.9727883771e-09, 3.35029004539e-10, 3.85427190164e-10, 5.99907512555e-10, 4.07363920374e-10, 5.40198608068e-10, 2.3774681876e-11, 5.55584779571e-11, 4.06987568646e-11, 7.63706892865e-12, 6.70231058153e-12, 1.88158841806e-12, 1.80100010426e-12, 3.87097819077e-12, 2.30642805202e-12, 3.65304032683e-13, 6.85912508432e-14, 2.49890234373e-12],
        "dvar2": [1.40935856735e-11, 7.75429427335e-08, 4.58898563593e-09, 1.74325009539e-07, 8.92042706369e-08, 9.51058432008e-09, 7.24308168998e-09, 2.19142075366e-05, 8.58093329725e-08, 5.42779909907e-09, 8.30720492395e-10, 1.04425890157e-09, 1.61308477686e-09, 1.17388754273e-09, 1.57141177848e-09, 3.85524355495e-11, 1.38994135646e-10, 9.41273309296e-11, 1.69630923891e-11, 1.75181431861e-11, 4.56876940794e-12, 4.06171016959e-12, 6.23994475882e-12, 4.42650039886e-12, 5.98857281039e-13, 1.36609907414e-13, 4.79344472101e-12],
        "max": [5.00104870298e-05, 0.00139445590321, 0.000318773265462, 0.00204988778569, 0.00173585733864, 0.000503839983139, 0.00131648324896, 0.0669565945864, 0.00396024575457, 0.000248374359217, 0.000124031401356, 0.000177023757715, 0.000164320576005, 0.000122339304653, 0.000152995853568, 5.36675215699e-05, 5.79464867769e-05, 4.69165497634e-05, 2.88475639536e-05, 2.45001247094e-05, 9.93505818769e-06, 9.87536259345e-06, 2.41481975536e-05, 1.79065173143e-05, 8.01416445029e-06, 2.60762317339e-06, 2.16419430217e-05],
        "mean": [1.15555133107e-06, 2.60072574747e-05, 4.2465126171e-05, 4.94551204611e-05, 0.000104730861494, 6.5202213591e-05, 6.94179179845e-05, 0.0135669317096, 0.000342853018083, 3.43067913491e-05, 2.49764143518e-05, 2.37554886553e-05, 1.73712869582e-05, 1.32625800688e-05, 2.01027414732e-05, 7.0915316428e-06, 5.69461826672e-06, 5.32485682925e-06, 3.8460129872e-06, 3.58622969543e-06, 2.73849173027e-06, 2.21325035454e-06, 1.98536554308e-06, 1.48844344494e-06, 1.06163008695e-06, 7.98877294983e-07, 1.18138714242e-05],
        "median": [4.05012485771e-07, 5.21219317307e-06, 2.72435681836e-05, 2.32516176766e-05, 7.57232264732e-05, 4.73432592116e-05, 3.87206091546e-05, 0.00507949059829, 0.000135888127261, 2.59528860624e-05, 1.80881033884e-05, 1.4802689293e-05, 1.03145248431e-05, 9.23840980249e-06, 1.32948107421e-05, 5.20813910043e-06, 3.9262977225e-06, 3.43299757333e-06, 2.63022684521e-06, 2.63719880422e-06, 2.23611345973e-06, 1.62480853305e-06, 1.18581942843e-06, 9.23303332456e-07, 8.1344796854e-07, 7.62724368997e-07, 1.11838226076e-05],
        "min": [1.64833515726e-08, 4.10781069604e-07, 4.95384824717e-07, 3.0556884667e-07, 5.57543728519e-07, 1.51794722569e-07, 5.67313236388e-07, 1.41676889598e-06, 6.39098516331e-07, 3.28732454591e-07, 1.07846020114e-07, 8.57791846443e-08, 1.54100419536e-07, 7.48310867493e-07, 2.02675437322e-07, 2.60873179059e-07, 1.4278255378e-07, 1.13018970183e-07, 1.45630423276e-07, 8.08035949262e-08, 3.19643334024e-08, 2.24056329046e-08, 1.53371502165e-08, 1.52154076005e-08, 1.15386749044e-08, 2.11399431294e-08, 2.11553711438e-07],
        "var": [2.11483938001e-11, 1.69193441479e-08, 2.36412356358e-09, 3.47078064067e-08, 2.91718702528e-08, 5.8460671859e-09, 1.61527786702e-08, 0.000257995678112, 2.65813184797e-07, 1.3969538859e-09, 4.00201816131e-10, 5.61549140521e-10, 5.12803466357e-10, 2.8023858234e-10, 5.15512965649e-10, 5.67105945537e-11, 5.28973080616e-11, 4.51840682925e-11, 1.3364575939e-11, 9.06468736878e-12, 3.11798416947e-12, 3.08060955218e-12, 8.15959019101e-12, 4.07586074266e-12, 8.06859895737e-13, 1.21361173064e-13, 1.421904261e-11]
    },
    "erbbands": {
        "dmean": [0.000671502610203, 0.00895060878247, 0.0317456163466, 0.100204139948, 0.314845055342, 0.222877517343, 0.248537197709, 0.460431009531, 0.650006234646, 2.55178999901, 47.2086906433, 6.01501989365, 0.913217127323, 0.822809636593, 0.508217275143, 0.524001598358, 0.641674458981, 0.506323218346, 0.856333315372, 0.287800520658, 0.200203120708, 0.213966116309, 0.189650073647, 0.121349669993, 0.0903874859214, 0.0911880433559, 0.0539765991271, 0.0487362556159, 0.0369835495949, 0.0297731384635, 0.0274946559221, 0.0173906795681, 0.00938826426864, 0.00453711207956, 0.00252181221731, 0.000955266237725, 0.000593529606704, 0.00181462219916, 0.000129325591843, 1.54143817781e-05],
        "dmean2": [0.00117087061517, 0.0163785926998, 0.0548257306218, 0.172524631023, 0.595484316349, 0.378953009844, 0.422025889158, 0.817481219769, 0.974777519703, 3.03112649918, 50.5721244812, 7.08537530899, 1.55842030048, 1.51055264473, 0.845856308937, 0.895619750023, 1.15102946758, 0.957059204578, 1.40550589561, 0.49540913105, 0.297971397638, 0.369903802872, 0.314177662134, 0.195751801133, 0.143015965819, 0.159331932664, 0.0924660637975, 0.0799368470907, 0.0626113116741, 0.045023791492, 0.0378434360027, 0.0236122440547, 0.0138204013929, 0.00669155223295, 0.00353146484122, 0.00140808476135, 0.000970190914813, 0.00266416464001, 0.000201810064027, 2.46806539508e-05],
        "dvar": [8.58386920299e-06, 0.00172591325827, 0.00228116079234, 0.103995449841, 1.36051857471, 0.104669585824, 0.155937194824, 0.383454829454, 1.13593435287, 9.35736179352, 13885.3730469, 105.147384644, 1.87949407101, 1.62610268593, 0.383282274008, 0.740896522999, 1.20362353325, 0.93250888586, 2.2152261734, 0.246361687779, 0.0627445802093, 0.219405025244, 0.126662656665, 0.0457285679877, 0.0147122228518, 0.014800873585, 0.00350496242754, 0.00315241841599, 0.0023999104742, 0.00185197242536, 0.00320926075801, 0.00186724029481, 0.000489579397254, 4.86279204779e-05, 2.20191413973e-05, 1.09772668111e-06, 6.67964854983e-07, 3.30230682266e-06, 2.06944221759e-08, 1.85401499708e-10],
        "dvar2": [2.52445679507e-05, 0.0049069817178, 0.00523096090183, 0.285658210516, 4.0117225647, 0.2669672966, 0.449626415968, 0.974913418293, 0.986012756824, 15.3172159195, 17235.5566406, 141.620880127, 4.36539983749, 4.62445259094, 0.920157492161, 1.99962592125, 3.23938393593, 2.66691660881, 6.44405889511, 0.656075179577, 0.119137123227, 0.558647096157, 0.285951912403, 0.11067635566, 0.0298840347677, 0.0396744720638, 0.0085723567754, 0.0072186277248, 0.00522056501359, 0.00341487396508, 0.00574489543214, 0.00367826828733, 0.000781868002377, 8.94191471161e-05, 3.70435118384e-05, 2.18152831621e-06, 1.54734243552e-06, 6.98772737451e-06, 4.34743192557e-08, 3.56801421741e-10],
        "max": [0.0247962027788, 0.354592353106, 0.450181126595, 3.02101492882, 9.91913986206, 3.20869493484, 3.95521664619, 5.0038356781, 17.5888271332, 106.43624115, 1837.49084473, 202.142150879, 15.9150285721, 7.98611927032, 4.51650810242, 7.46650028229, 6.41978979111, 7.40531635284, 8.88728427887, 2.91210246086, 2.82483029366, 3.59716367722, 2.41798186302, 2.22104692459, 0.978896915913, 1.08474469185, 0.433293223381, 0.46051594615, 0.365478545427, 0.430662125349, 0.687747120857, 0.515272438526, 0.245302408934, 0.0845158472657, 0.0623692832887, 0.0118108997121, 0.00841650087386, 0.0273208301514, 0.00181181542575, 0.000186802979442],
        "mean": [0.000537252461072, 0.00707723153755, 0.0393091067672, 0.112463727593, 0.30184006691, 0.319030731916, 0.345185995102, 0.640260756016, 1.34904313087, 22.5896244049, 371.98651123, 42.6056518555, 2.58653092384, 1.25366961956, 0.934423625469, 1.0320687294, 0.798090338707, 0.713503360748, 1.24828648567, 0.512172460556, 0.394526571035, 0.319771260023, 0.294411122799, 0.226859688759, 0.191121816635, 0.168739855289, 0.119779139757, 0.101905241609, 0.0800444483757, 0.0664415434003, 0.0535831153393, 0.0354415290058, 0.0234468784183, 0.0124103203416, 0.00724111543968, 0.00286253867671, 0.00269295834005, 0.0117284683511, 0.000908682995941, 0.000118433119496],
        "median": [0.000125266538817, 0.00182005390525, 0.0238871145993, 0.0612461157143, 0.150892078876, 0.253485918045, 0.248502761126, 0.453104674816, 0.977189540863, 9.25540447235, 140.361679077, 16.7995872498, 1.59415626526, 0.971914350986, 0.752571046352, 0.61806178093, 0.476830273867, 0.496172606945, 0.791766703129, 0.337468713522, 0.289972513914, 0.205916315317, 0.180000498891, 0.15550480783, 0.137965574861, 0.120978750288, 0.097063139081, 0.0800034254789, 0.0565125532448, 0.0460019223392, 0.0316484756768, 0.0217654984444, 0.0148764494807, 0.00913905072957, 0.00573378847912, 0.00247149821371, 0.00266601121984, 0.0104513633996, 0.000886863446794, 0.00011731802806],
        "min": [1.00348752312e-05, 0.00010315367399, 0.000491262646392, 0.000926769629586, 0.00105646229349, 0.0021541507449, 0.00208904105239, 0.00117881083861, 0.00635184627026, 0.0145291024819, 0.0344865992665, 0.0148408394307, 0.00765841873363, 0.0102469595149, 0.00471715070307, 0.00259801908396, 0.00731538934633, 0.0373478755355, 0.0197264105082, 0.00713598309085, 0.0156498905271, 0.00815381575376, 0.0072904676199, 0.00951111409813, 0.00413803942502, 0.00372953503393, 0.00106544536538, 0.00146355899051, 0.000999322161078, 0.000540581182577, 0.000460968527477, 0.000383664330002, 0.000235930579947, 0.000161199423019, 5.82179563935e-05, 5.98846127104e-05, 5.51378434466e-05, 0.00014169489441, 2.21190839511e-05, 2.45340243055e-06],
        "var": [5.44390559298e-06, 0.00109800742939, 0.0032052625902, 0.0779509991407, 0.836985230446, 0.120393209159, 0.179006785154, 0.603539228439, 3.58690023422, 671.579650879, 194458.578125, 2490.10131836, 5.57390975952, 1.221393466, 0.466830223799, 1.17088150978, 1.00790643692, 0.708799779415, 2.03533649445, 0.255098491907, 0.152050986886, 0.191868826747, 0.143149018288, 0.0562093518674, 0.0297257602215, 0.0205446910113, 0.00546877551824, 0.00527970399708, 0.00403378717601, 0.00420469744131, 0.00581794930622, 0.00294482242316, 0.0010225919541, 0.000105515653559, 4.56278830825e-05, 2.65196285909e-06, 1.16252874705e-06, 3.22573687299e-05, 4.96306817865e-08, 6.7590560926e-10]
    },
    "gfcc": {
        "mean": [-128.603988647, 73.993927002, -96.1115188599, -38.733707428, -67.4905014038, -24.7429828644, -18.7526855469, 5.52832221985, 0.666955053806, -0.796071529388, -25.1757965088, -22.7238025665, -28.1843223572],
        "cov": [[954.660827637, 226.963348389, -28.7805042267, -64.8371582031, -166.579650879, -14.2319860458, 42.6775398254, 84.426902771, 111.604019165, 48.5042266846, 11.1920070648, -55.44506073, -47.4467964172], [226.963348389, 217.433502197, 35.8961143494, -76.2580871582, -7.68674373627, -29.8826370239, 49.9259300232, 57.3889923096, 64.3369293213, 42.1748580933, 9.66254234314, -24.4716587067, -35.8981246948], [-28.7805042267, 35.8961143494, 135.406906128, -15.4688510895, -31.6087551117, -6.19516611099, 12.2875118256, 30.1582889557, 15.9094247818, 2.63686966896, -17.8034610748, -13.3232069016, -23.6597633362], [-64.8371582031, -76.2580871582, -15.4688510895, 160.909469604, 81.4427566528, 49.2496070862, -16.6018409729, -39.4124107361, -52.7055473328, -39.9545898438, 10.7976570129, 29.9154987335, 18.4344558716], [-166.579650879, -7.68674373627, -31.6087551117, 81.4427566528, 165.148574829, 33.474811554, -1.14001715183, -42.7656974792, -60.8639984131, -25.7894077301, 9.65825271606, 36.9681816101, 21.0600948334], [-14.2319860458, -29.8826370239, -6.19516611099, 49.2496070862, 33.474811554, 52.3104858398, -4.08938550949, -10.9355268478, -18.5029201508, -11.0389184952, 7.07586956024, 7.90956401825, 5.89795827866], [42.6775398254, 49.9259300232, 12.2875118256, -16.6018409729, -1.14001715183, -4.08938550949, 46.449848175, 32.3170433044, 27.6278400421, 21.9211006165, -0.461719155312, -6.39926338196, -14.781952858], [84.426902771, 57.3889923096, 30.1582889557, -39.4124107361, -42.7656974792, -10.9355268478, 32.3170433044, 62.6181640625, 55.3942070007, 31.9958744049, 0.565322160721, -18.1604175568, -17.9846439362], [111.604019165, 64.3369293213, 15.9094247818, -52.7055473328, -60.8639984131, -18.5029201508, 27.6278400421, 55.3942070007, 74.9863052368, 39.195640564, -2.0870616436, -27.500831604, -22.0266799927], [48.5042266846, 42.1748580933, 2.63686966896, -39.9545898438, -25.7894077301, -11.0389184952, 21.9211006165, 31.9958744049, 39.195640564, 36.3672561646, 8.71775436401, -8.42935276031, -5.24115467072], [11.1920070648, 9.66254234314, -17.8034610748, 10.7976570129, 9.65825271606, 7.07586956024, -0.461719155312, 0.565322160721, -2.0870616436, 8.71775436401, 29.6913051605, 18.3434200287, 9.11241817474], [-55.44506073, -24.4716587067, -13.3232069016, 29.9154987335, 36.9681816101, 7.90956401825, -6.39926338196, -18.1604175568, -27.500831604, -8.42935276031, 18.3434200287, 41.9166603088, 23.7975540161], [-47.4467964172, -35.8981246948, -23.6597633362, 18.4344558716, 21.0600948334, 5.89795827866, -14.781952858, -17.9846439362, -22.0266799927, -5.24115467072, 9.11241817474, 23.7975540161, 33.7442398071]],
        "icov": [[0.00300985202193, -0.00570928025991, 0.00351879280061, -0.00293240672909, 0.00599010754377, -0.003002228681, 0.0013840419706, -0.00173852639273, 0.0025423320476, -0.00105340103619, 0.00438205059618, -0.00216172658838, 0.000530585006345], [-0.00570928025991, 0.0224966648966, -0.0100655201823, 0.0105122830719, -0.0178250800818, 0.0100737856701, -0.00967558473349, 0.0047539267689, -0.0145826200023, 0.00984181743115, -0.0230001322925, 0.0111047029495, 0.00115337152965], [0.00351879280061, -0.0100655201823, 0.0164447501302, -0.00601265998557, 0.0108259869739, -0.00528910243884, 0.00793742388487, -0.0132665224373, 0.013872618787, -0.00892876181751, 0.020028790459, -0.0122093213722, 0.0104992352426], [-0.00293240672909, 0.0105122830719, -0.00601265998557, 0.0189461205155, -0.0118993343785, -0.00288614141755, -0.00821004249156, 0.00471668085083, -0.0129359811544, 0.0233476571739, -0.0181561633945, 0.00522561231628, -0.00425758678466], [0.00599010754377, -0.0178250800818, 0.0108259869739, -0.0118993343785, 0.0275778062642, -0.0108626820147, 0.00146961398423, -0.00283615314402, 0.019591178745, -0.0123466737568, 0.0209729094058, -0.0140419453382, 0.00247992854565], [-0.003002228681, 0.0100737856701, -0.00528910243884, -0.00288614141755, -0.0108626820147, 0.0334571786225, -0.00436697155237, -0.00101175985765, -0.00214403937571, 0.00473239133134, -0.017628217116, 0.0129592418671, -0.0022002113983], [0.0013840419706, -0.00967558473349, 0.00793742388487, -0.00821004249156, 0.00146961398423, -0.00436697155237, 0.057848636061, -0.026722446084, 0.0195262152702, -0.0424318127334, 0.0327242724597, -0.0239402856678, 0.0268500763923], [-0.00173852639273, 0.0047539267689, -0.0132665224373, 0.00471668085083, -0.00283615314402, -0.00101175985765, -0.026722446084, 0.0695636421442, -0.0441645234823, 0.00799535401165, -0.0185137242079, 0.00826142262667, -0.0103628989309], [0.0025423320476, -0.0145826200023, 0.013872618787, -0.0129359811544, 0.019591178745, -0.00214403937571, 0.0195262152702, -0.0441645234823, 0.0896040126681, -0.0644816309214, 0.0344153009355, -0.00590437697247, 0.0213623717427], [-0.00105340103619, 0.00984181743115, -0.00892876181751, 0.0233476571739, -0.0123466737568, 0.00473239133134, -0.0424318127334, 0.00799535401165, -0.0644816309214, 0.141803890467, -0.0671291947365, 0.0307571962476, -0.0411029867828], [0.00438205059618, -0.0230001322925, 0.020028790459, -0.0181561633945, 0.0209729094058, -0.017628217116, 0.0327242724597, -0.0185137242079, 0.0344153009355, -0.0671291947365, 0.106847666204, -0.057870991528, 0.0241119917482], [-0.00216172658838, 0.0111047029495, -0.0122093213722, 0.00522561231628, -0.0140419453382, 0.0129592418671, -0.0239402856678, 0.00826142262667, -0.00590437697247, 0.0307571962476, -0.057870991528, 0.0821163281798, -0.0435872152448], [0.000530585006345, 0.00115337152965, 0.0104992352426, -0.00425758678466, 0.00247992854565, -0.0022002113983, 0.0268500763923, -0.0103628989309, 0.0213623717427, -0.0411029867828, 0.0241119917482, -0.0435872152448, 0.0781588926911]]
    },
    "melbands": {
        "dmean": [7.98320070317e-06, 1.47973560161e-05, 2.34146955336e-05, 1.91942490346e-05, 8.73722729011e-06, 1.04659739009e-05, 9.64508490142e-06, 6.35075994069e-05, 0.000360986567102, 1.71022729774e-05, 4.64213326268e-06, 3.52577717422e-06, 1.97284407477e-06, 1.2810806993e-06, 1.64671178027e-06, 1.2678111716e-06, 9.25418248698e-07, 1.36620781177e-06, 7.47924843836e-07, 2.6790351626e-07, 2.3485534939e-07, 2.33338596445e-07, 2.2032301672e-07, 1.58493961067e-07, 9.97151730076e-08, 7.17692003604e-08, 7.12432282057e-08, 6.35487040768e-08, 3.42362653782e-08, 3.55294602628e-08, 2.79767373712e-08, 2.19077183061e-08, 2.10960475755e-08, 1.71458722775e-08, 1.81879151739e-08, 1.44124507884e-08, 9.43618694293e-09, 7.54278772774e-09, 5.57296297998e-09, 3.50895823509e-09],
        "dmean2": [1.44010209624e-05, 2.54306196439e-05, 4.27311315434e-05, 3.4082968341e-05, 1.45630629049e-05, 1.84517393791e-05, 1.43454590216e-05, 7.52540800022e-05, 0.000387108622817, 2.26930224017e-05, 8.08626737125e-06, 6.45902673568e-06, 3.33772709382e-06, 2.18434729504e-06, 2.8683648452e-06, 2.2478432129e-06, 1.76678429398e-06, 2.25347093874e-06, 1.28429667257e-06, 4.28737394031e-07, 3.60621470463e-07, 4.04166627277e-07, 3.75127598318e-07, 2.66202533794e-07, 1.60613012667e-07, 1.17453566872e-07, 1.17726166593e-07, 1.14215836788e-07, 5.73796725689e-08, 6.06718515428e-08, 4.55948381273e-08, 3.79754254709e-08, 3.49874298422e-08, 2.67231001772e-08, 2.67353890138e-08, 1.85176389778e-08, 1.34679014607e-08, 1.15607567963e-08, 8.63031335285e-09, 5.18924148096e-09],
        "dvar": [1.43849532286e-09, 1.12675679897e-09, 8.86584583526e-09, 2.95204349854e-09, 1.60033097885e-10, 1.90102891762e-10, 2.94771429488e-10, 1.1383860965e-08, 7.81869346156e-07, 4.63623250901e-10, 6.22865023447e-11, 3.31027011358e-11, 5.47617506896e-12, 3.75562818691e-12, 1.0474924747e-11, 3.33115327857e-12, 3.35673025834e-12, 5.96533369576e-12, 1.83945176799e-12, 1.68152262405e-13, 9.24069509605e-14, 2.08787699044e-13, 2.61122991719e-13, 7.42453651727e-14, 3.06820202383e-14, 1.34606596567e-14, 9.77282304696e-15, 6.39048115166e-15, 1.20792086355e-15, 1.88554595081e-15, 1.15647038827e-15, 8.77293358114e-16, 7.70419664208e-16, 7.59945784178e-16, 1.36911451567e-15, 1.17497085839e-15, 4.21097056362e-16, 4.1344940764e-16, 5.63791747137e-17, 2.79170412712e-17],
        "dvar2": [4.18592005502e-09, 2.76268874444e-09, 2.57459937814e-08, 8.26989499103e-09, 4.58009352666e-10, 4.76472805655e-10, 2.11201181544e-10, 1.56279167385e-08, 9.8123632597e-07, 5.8663740532e-10, 1.35781275112e-10, 9.60906146319e-11, 1.33498854332e-11, 9.95123775049e-12, 2.91768588456e-11, 9.0348067569e-12, 9.6894853252e-12, 1.72985393371e-11, 5.32073864135e-12, 3.14718628762e-13, 1.78426311269e-13, 5.22469491716e-13, 6.29888285628e-13, 1.90421449767e-13, 7.37067403097e-14, 3.31723547015e-14, 2.12198084082e-14, 1.75243069974e-14, 3.31716059243e-15, 4.30294897139e-15, 2.85346447568e-15, 1.95859110756e-15, 1.75453102381e-15, 1.44835836541e-15, 2.72486391022e-15, 1.8338750352e-15, 9.16093449268e-16, 7.08006465006e-16, 1.24984912679e-16, 5.09746115106e-17],
        "max": [0.000320060265949, 0.00032506705611, 0.000828216900118, 0.000492504856084, 0.000126787417685, 0.000122192839626, 0.000252617406659, 0.00257434486412, 0.0138035323471, 0.000434394722106, 5.93859149376e-05, 3.51264570781e-05, 1.71824758581e-05, 1.85629269254e-05, 2.03009894904e-05, 1.23132986118e-05, 1.41774607982e-05, 1.49417392095e-05, 8.87970873009e-06, 4.17814271714e-06, 3.51148105437e-06, 3.28170631292e-06, 4.0575669118e-06, 1.79327355454e-06, 1.8821743879e-06, 9.86001055026e-07, 1.03451668565e-06, 6.11603354628e-07, 2.61379256017e-07, 2.98758465078e-07, 2.78522918506e-07, 2.16002931097e-07, 1.89148636309e-07, 2.76958076029e-07, 4.25388947178e-07, 4.30213901836e-07, 2.30235301046e-07, 2.03664498599e-07, 8.77655992326e-08, 6.16155517719e-08],
        "mean": [6.15655198999e-06, 1.70685452758e-05, 2.59296466538e-05, 2.31895428442e-05, 1.26094246298e-05, 1.42209428304e-05, 1.45357862493e-05, 0.000533626123797, 0.00279798358679, 7.73948049755e-05, 6.14708505964e-06, 4.68067582915e-06, 3.24302141053e-06, 2.76354171547e-06, 2.16581247514e-06, 1.63166498623e-06, 1.213584369e-06, 1.97097097043e-06, 1.1185358062e-06, 5.00011367421e-07, 4.48636455985e-07, 3.37729687772e-07, 2.87591120696e-07, 2.42173001652e-07, 1.77433904014e-07, 1.40122239145e-07, 1.3665038523e-07, 1.05923398053e-07, 7.28126963168e-08, 6.96573678738e-08, 5.53252590407e-08, 4.5895838241e-08, 4.00679063262e-08, 3.64061030211e-08, 3.23160129767e-08, 2.64282071782e-08, 1.93764044809e-08, 1.77819199365e-08, 1.24322392381e-08, 9.57459000972e-09],
        "median": [1.26341547002e-06, 9.45201554714e-06, 1.47293176269e-05, 1.51143267431e-05, 9.36276683206e-06, 1.01136802186e-05, 8.38705727801e-06, 0.000210650148802, 0.00106883747503, 3.00928750221e-05, 4.26855285696e-06, 3.47476725437e-06, 2.58774730355e-06, 1.95106304091e-06, 1.15380044008e-06, 9.95927848635e-07, 8.35995365378e-07, 1.26038810322e-06, 7.13538327091e-07, 3.62417210908e-07, 3.09751783334e-07, 2.25573757007e-07, 1.6835348049e-07, 1.58283043561e-07, 1.28341255845e-07, 9.72423919166e-08, 9.61855946002e-08, 7.43395602854e-08, 6.34867021176e-08, 5.35092539167e-08, 4.38000604674e-08, 3.26222995284e-08, 2.72951403701e-08, 2.42076172441e-08, 1.90540809797e-08, 1.45291165765e-08, 1.32881279313e-08, 9.98539739783e-09, 8.43283309848e-09, 7.53390505537e-09],
        "min": [1.07394150461e-07, 2.21392298272e-07, 1.61860455705e-07, 1.11683455373e-07, 8.31497430909e-08, 2.92847026628e-08, 1.01584959111e-07, 1.89032633102e-07, 2.79121678659e-07, 7.57963860565e-08, 3.7041786527e-08, 4.37333440573e-08, 1.39350166961e-08, 1.24275674196e-08, 5.3178101922e-09, 2.56159928824e-08, 7.56571409966e-08, 3.49245574682e-08, 1.05597735001e-08, 1.09525641889e-08, 1.99566052572e-08, 6.37580965801e-09, 1.14271312412e-08, 3.7242022799e-09, 8.86700579628e-09, 2.53499843339e-09, 3.31174998536e-09, 2.39730746365e-09, 5.47266898465e-10, 8.04370625662e-10, 8.51725023843e-10, 6.22205176271e-10, 3.32405075687e-10, 2.61290877823e-10, 2.22949603224e-10, 2.9682567515e-10, 2.19181478522e-10, 1.64703403693e-10, 9.34744365244e-11, 1.73822498062e-10],
        "var": [8.92978968547e-10, 1.14733278433e-09, 5.71769964708e-09, 2.10711426085e-09, 1.96447372258e-10, 3.25001942025e-10, 6.38827768462e-10, 3.90177802956e-07, 1.10238697744e-05, 8.40078939746e-09, 5.56707631383e-11, 2.2670332625e-11, 6.45163436563e-12, 6.49571021971e-12, 8.94667239598e-12, 3.22626951196e-12, 2.42682523383e-12, 5.1977150882e-12, 1.60992367441e-12, 2.93313415006e-13, 2.06060524004e-13, 1.90270013829e-13, 2.51583123908e-13, 6.99595004323e-14, 3.85613206134e-14, 1.9045664568e-14, 1.68378155928e-14, 8.13524239158e-15, 1.86509794019e-15, 2.70585924374e-15, 1.7129011544e-15, 1.36367772882e-15, 1.25015625564e-15, 1.64840107777e-15, 2.13007652762e-15, 2.29082347574e-15, 6.28468112495e-16, 8.03219479843e-16, 1.17211823671e-16, 5.70895177191e-17]
    },
    "mfcc": {
        "mean": [-794.45135498, 143.507797241, -0.339620441198, -6.70931196213, -26.5652046204, -20.4543571472, -20.2612037659, -7.03323841095, 4.83073377609, 15.5585050583, 11.6457462311, 3.62200832367, -5.55461072922],
        "cov": [[934.41394043, 148.616531372, -7.00057554245, -11.2787923813, -97.9492111206, -33.7266464233, -50.6105995178, 0.966346204281, 5.96797895432, 73.5007019043, 73.0774307251, 62.7410926819, 21.5279979706], [148.616531372, 267.199981689, 9.27261543274, -27.2223720551, -37.0099601746, -48.5736923218, -7.02775239944, -13.2518348694, 26.280664444, 54.3800010681, 67.4090881348, 40.7885627747, 5.55671215057], [-7.00057554245, 9.27261543274, 155.832687378, -12.4374513626, -34.3098754883, -36.5304603577, -32.0606880188, 2.71001005173, 9.75140285492, 38.2661056519, 14.889541626, 23.3077449799, 4.8815369606], [-11.2787923813, -27.2223720551, -12.4374513626, 76.052696228, 38.2612419128, 29.1325855255, 24.7136974335, 20.1635913849, -4.00460004807, -22.0515041351, -12.090634346, -7.70892953873, 4.19933128357], [-97.9492111206, -37.0099601746, -34.3098754883, 38.2612419128, 87.4592285156, 47.9424591064, 36.9452438354, 16.678276062, -12.9422807693, -34.3955192566, -28.128080368, -21.1349086761, -6.09123134613], [-33.7266464233, -48.5736923218, -36.5304603577, 29.1325855255, 47.9424591064, 61.4897232056, 36.0585861206, 17.1167507172, -10.0603179932, -29.8979320526, -22.9158668518, -19.9649715424, -3.45860886574], [-50.6105995178, -7.02775239944, -32.0606880188, 24.7136974335, 36.9452438354, 36.0585861206, 51.7866096497, 17.8247909546, -4.93352365494, -25.4091587067, -14.4199123383, -12.8189249039, -1.15735852718], [0.966346204281, -13.2518348694, 2.71001005173, 20.1635913849, 16.678276062, 17.1167507172, 17.8247909546, 30.9158573151, 3.67406058311, -7.32064676285, 0.283711373806, -0.105027355254, 1.13633882999], [5.96797895432, 26.280664444, 9.75140285492, -4.00460004807, -12.9422807693, -10.0603179932, -4.93352365494, 3.67406058311, 35.3968048096, 27.4669494629, 18.0835571289, 8.64460086823, 0.677725374699], [73.5007019043, 54.3800010681, 38.2661056519, -22.0515041351, -34.3955192566, -29.8979320526, -25.4091587067, -7.32064676285, 27.4669494629, 74.8947601318, 43.101688385, 27.2383003235, 3.93222165108], [73.0774307251, 67.4090881348, 14.889541626, -12.090634346, -28.128080368, -22.9158668518, -14.4199123383, 0.283711373806, 18.0835571289, 43.101688385, 56.7972335815, 32.8456039429, 5.32259368896], [62.7410926819, 40.7885627747, 23.3077449799, -7.70892953873, -21.1349086761, -19.9649715424, -12.8189249039, -0.105027355254, 8.64460086823, 27.2383003235, 32.8456039429, 38.3301544189, 9.75566101074], [21.5279979706, 5.55671215057, 4.8815369606, 4.19933128357, -6.09123134613, -3.45860886574, -1.15735852718, 1.13633882999, 0.677725374699, 3.93222165108, 5.32259368896, 9.75566101074, 17.9998607635]],
