{
"lowlevel": {
    "average_loudness": 0.989639639854,
    "barkbands_crest": {
        "dmean": 1.21007609367,
        "dmean2": 2.09592008591,
        "dvar": 0.897002518177,
        "dvar2": 2.40633916855,
        "max": 11.5583696365,
        "mean": 7.313829422,
        "median": 7.09451913834,
        "min": 4.77210998535,
        "var": 1.94638037682
    },
    "barkbands_flatness_db": {
        "dmean": 0.00836433749646,
        "dmean2": 0.0132782049477,
        "dvar": 6.57585769659e-05,
        "dvar2": 0.000113351976324,
        "max": 0.188087552786,
        "mean": 0.151847749949,
        "median": 0.150957867503,
        "min": 0.0954498052597,
        "var": 0.000181504990906
    },
    "barkbands_kurtosis": {
        "dmean": 0.808328747749,
        "dmean2": 1.28152477741,
        "dvar": 0.389048904181,
        "dvar2": 0.96382021904,
        "max": 5.89991474152,
        "mean": 2.67737412453,
        "median": 2.62093400955,
        "min": 0.438157081604,
        "var": 1.07314705849
    },
    "barkbands_skewness": {
        "dmean": 0.178780332208,
        "dmean2": 0.288641870022,
        "dvar": 0.0205413661897,
        "dvar2": 0.0443173199892,
        "max": 2.50569915771,
        "mean": 1.78436732292,
        "median": 1.76355659962,
        "min": 1.23999142647,
        "var": 0.0611755400896
    },
    "barkbands_spread": {
        "dmean": 2.43201994896,
        "dmean2": 4.03257465363,
        "dvar": 3.23669910431,
        "dvar2": 9.11585426331,
        "max": 37.7571601868,
        "mean": 23.2826442719,
        "median": 22.6239070892,
        "min": 14.5564241409,
        "var": 24.4614715576
    },
    "dissonance": {
        "dmean": 0.0127115808427,
        "dmean2": 0.0216148644686,
        "dvar": 0.000139671814395,
        "dvar2": 0.000242166221142,
        "max": 0.493850052357,
        "mean": 0.467097073793,
        "median": 0.471739023924,
        "min": 0.381491392851,
        "var": 0.000361945159966
    },
    "dynamic_complexity": 0.411289662123,
    "erbbands_crest": {
        "dmean": 1.29377996922,
        "dmean2": 1.82749545574,
        "dvar": 1.13920485973,
        "dvar2": 2.15379786491,
        "max": 24.4157028198,
        "mean": 11.7876625061,
        "median": 10.601940155,
        "min": 4.33170461655,
        "var": 22.0719261169
    },
    "erbbands_flatness_db": {
        "dmean": 0.00559419579804,
        "dmean2": 0.00829509552568,
        "dvar": 2.02271385206e-05,
        "dvar2": 3.31416631525e-05,
        "max": 0.189615398645,
        "mean": 0.16382946074,
        "median": 0.16266541183,
        "min": 0.127702206373,
        "var": 0.000112738220196
    },
    "erbbands_kurtosis": {
        "dmean": 0.231829300523,
        "dmean2": 0.384792685509,
        "dvar": 0.041781000793,
        "dvar2": 0.103281527758,
        "max": 1.65149211884,
        "mean": -0.476739704609,
        "median": -0.634459257126,
        "min": -1.49612486362,
        "var": 0.371945977211
    },
    "erbbands_skewness": {
        "dmean": 0.140425771475,
        "dmean2": 0.227300360799,
        "dvar": 0.0110972225666,
        "dvar2": 0.0297765284777,
        "max": 1.15312516689,
        "mean": -0.111301720142,
        "median": -0.237616047263,
        "min": -1.02522313595,
        "var": 0.270260214806
    },
    "erbbands_spread": {
        "dmean": 4.09914016724,
        "dmean2": 6.25349712372,
        "dvar": 14.9743442535,
        "dvar2": 27.8076610565,
        "max": 75.5983657837,
        "mean": 46.4145126343,
        "median": 45.9449081421,
        "min": 22.3316841125,
        "var": 161.970748901
    },
    "hfc": {
        "dmean": 3.39026618004,
        "dmean2": 4.44914484024,
        "dvar": 15.3856563568,
        "dvar2": 17.2779750824,
        "max": 55.1299324036,
        "mean": 27.8691673279,
        "median": 25.6963672638,
        "min": 1.15265762806,
        "var": 66.6895980835
    },
    "melbands_crest": {
        "dmean": 1.80824363232,
        "dmean2": 3.11939048767,
        "dvar": 1.70040667057,
        "dvar2": 4.3278799057,
        "max": 18.8482704163,
        "mean": 13.4406728745,
        "median": 13.0146427155,
        "min": 9.85730171204,
        "var": 4.16894817352
    },
    "melbands_flatness_db": {
        "dmean": 0.0100119384006,
        "dmean2": 0.015824533999,
        "dvar": 0.000105083236122,
        "dvar2": 0.000174344488187,
        "max": 0.293908447027,
        "mean": 0.260087281466,
        "median": 0.259079068899,
        "min": 0.182457759976,
        "var": 0.000203108313144
    },
    "melbands_kurtosis": {
        "dmean": 2.50782299042,
        "dmean2": 4.05695390701,
        "dvar": 6.65672922134,
        "dvar2": 12.3094863892,
        "max": 28.8058300018,
        "mean": 12.8072862625,
        "median": 12.5086708069,
        "min": 4.09288311005,
        "var": 24.1061534882
    },
    "melbands_skewness": {
        "dmean": 0.310254245996,
        "dmean2": 0.494528055191,
        "dvar": 0.0793697014451,
        "dvar2": 0.139019444585,
        "max": 4.92654848099,
        "mean": 3.26485204697,
        "median": 3.30107402802,
        "min": 1.70284450054,
        "var": 0.48415133357
    },
    "melbands_spread": {
        "dmean": 2.23759460449,
        "dmean2": 3.51858854294,
        "dvar": 2.80061888695,
        "dvar2": 7.78577184677,
        "max": 26.8366107941,
        "mean": 17.5806159973,
        "median": 17.3252811432,
        "min": 11.5596885681,
        "var": 8.70990085602
    },
    "pitch_salience": {
        "dmean": 0.0409157350659,
        "dmean2": 0.0597728639841,
        "dvar": 0.00087116251234,
        "dvar2": 0.00179415405728,
        "max": 0.807219922543,
        "mean": 0.557868003845,
        "median": 0.565072119236,
        "min": 0.406995356083,
        "var": 0.00318289571442
    },
    "silence_rate_20dB": {
        "dmean": 0,
        "dmean2": 0,
        "dvar": 0,
        "dvar2": 0,
        "max": 1,
        "mean": 1,
        "median": 1,
        "min": 1,
        "var": 0
    },
    "silence_rate_30dB": {
        "dmean": 0,
        "dmean2": 0,
        "dvar": 0,
        "dvar2": 0,
        "max": 1,
        "mean": 1,
        "median": 1,
        "min": 1,
        "var": 0
    },
    "silence_rate_60dB": {
        "dmean": 0,
        "dmean2": 0,
        "dvar": 0,
        "dvar2": 0,
        "max": 0,
        "mean": 0,
        "median": 0,
        "min": 0,
        "var": 0
    },
    "spectral_centroid": {
        "dmean": 148.60585022,
        "dmean2": 244.747161865,
        "dvar": 12261.6757812,
        "dvar2": 29153.3378906,
        "max": 2332.35473633,
        "mean": 1557.21374512,
        "median": 1518.43151855,
        "min": 1013.56573486,
        "var": 81161.21875
    },
    "spectral_complexity": {
        "dmean": 3.10833334923,
        "dmean2": 5.14285707474,
        "dvar": 7.82992982864,
        "dvar2": 18.1392536163,
        "max": 30,
        "mean": 21.7355365753,
        "median": 22,
        "min": 2,
        "var": 13.7647752762
    },
    "spectral_decrease": {
        "dmean": 1.88248128197e-09,
        "dmean2": 2.82942602681e-09,
        "dvar": 4.0958513911e-18,
        "dvar2": 5.93007931809e-18,
        "max": -3.90076887458e-10,
        "mean": -1.39960674161e-08,
        "median": -1.37445113069e-08,
        "min": -2.00100469527e-08,
        "var": 5.80096221473e-18
    },
    "spectral_energy": {
        "dmean": 0.0072746197693,
        "dmean2": 0.0108785713091,
        "dvar": 6.28245616099e-05,
        "dvar2": 8.82977401488e-05,
        "max": 0.0787241309881,
        "mean": 0.0553522184491,
        "median": 0.0540193393826,
        "min": 0.00157678988762,
        "var": 9.21817336348e-05
    },
    "spectral_energyband_high": {
        "dmean": 0.000479764625197,
        "dmean2": 0.000629632675555,
        "dvar": 2.42551067231e-07,
        "dvar2": 4.01262099103e-07,
        "max": 0.00717090955004,
        "mean": 0.00173693406396,
        "median": 0.00121699739248,
        "min": 5.44896429346e-05,
        "var": 2.03944523491e-06
    },
    "spectral_energyband_low": {
        "dmean": 0.00627924595028,
        "dmean2": 0.00973109900951,
        "dvar": 2.20732981688e-05,
        "dvar2": 5.49078686163e-05,
        "max": 0.0468332208693,
        "mean": 0.0264861602336,
        "median": 0.0257316455245,
        "min": 0.000116508199426,
        "var": 5.71054188185e-05
    },
    "spectral_energyband_middle_high": {
        "dmean": 0.000810366182122,
        "dmean2": 0.00117609917652,
        "dvar": 5.22897437349e-07,
        "dvar2": 8.97120060017e-07,
        "max": 0.0101678622887,
        "mean": 0.00530635146424,
        "median": 0.00548769673333,
        "min": 0.000232553691603,
        "var": 2.97651604342e-06
    },
    "spectral_energyband_middle_low": {
        "dmean": 0.00388102466241,
        "dmean2": 0.00529222097248,
        "dvar": 2.36686046264e-05,
        "dvar2": 2.58687032328e-05,
        "max": 0.0517144948244,
        "mean": 0.0226087104529,
        "median": 0.0206413939595,
        "min": 0.00119990925305,
        "var": 7.63569914852e-05
    },
    "spectral_entropy": {
        "dmean": 0.0560963265598,
        "dmean2": 0.0770965069532,
        "dvar": 0.002239624504,
        "dvar2": 0.00365390512161,
        "max": 7.69802999496,
        "mean": 7.3678483963,
        "median": 7.38055372238,
        "min": 7.12399244308,
        "var": 0.00820646248758
    },
    "spectral_flux": {
        "dmean": 0.0139345703647,
        "dmean2": 0.0214188862592,
        "dvar": 0.000336796394549,
        "dvar2": 0.000480901362607,
        "max": 0.24071931839,
        "mean": 0.06868814677,
        "median": 0.0652284398675,
        "min": 0.0400680303574,
        "var": 0.000492575811222
    },
    "spectral_kurtosis": {
        "dmean": 0.979063391685,
        "dmean2": 1.67974221706,
        "dvar": 0.973900437355,
        "dvar2": 1.49561595917,
        "max": 15.445608139,
        "mean": 5.01049470901,
        "median": 4.99557590485,
        "min": 2.73835945129,
        "var": 1.81660687923
    },
    "spectral_rms": {
        "dmean": 0.00050246733008,
        "dmean2": 0.000738111615647,
        "dvar": 4.96922552884e-07,
        "dvar2": 5.81617200623e-07,
        "max": 0.00876379106194,
        "mean": 0.00730752339587,
        "median": 0.00725960033014,
        "min": 0.00124029500876,
        "var": 6.02276827522e-07
    },
    "spectral_rolloff": {
        "dmean": 224.663085938,
        "dmean2": 398.273773193,
        "dvar": 82355.0234375,
        "dvar2": 219245.0625,
        "max": 1636.5234375,
        "mean": 881.43762207,
        "median": 689.0625,
        "min": 236.865234375,
        "var": 118109.625
    },
    "spectral_skewness": {
        "dmean": 0.146168708801,
        "dmean2": 0.243638828397,
        "dvar": 0.0264431294054,
        "dvar2": 0.0367792658508,
        "max": 2.81867432594,
        "mean": 1.09928774834,
        "median": 1.10855841637,
        "min": 0.610127270222,
        "var": 0.0608577094972
    },
    "spectral_spread": {
        "dmean": 124832.101562,
        "dmean2": 193979.40625,
        "dvar": 22566150144,
        "dvar2": 31774826496,
        "max": 5458176.5,
        "mean": 3562175.25,
        "median": 3550444.25,
        "min": 3172088.75,
        "var": 49948192768
    },
    "spectral_strongpeak": {
        "dmean": 0.318042427301,
        "dmean2": 0.576608777046,
        "dvar": 0.242982178926,
        "dvar2": 0.65561401844,
        "max": 3.5977897644,
        "mean": 0.566598653793,
        "median": 0.386587202549,
        "min": 0.0470860973001,
        "var": 0.260846287012
    },
    "zerocrossingrate": {
        "dmean": 0.0046590170823,
        "dmean2": 0.00618763128296,
        "dvar": 1.4372257283e-05,
        "dvar2": 2.34896688198e-05,
        "max": 0.0615234375,
        "mean": 0.0428517237306,
        "median": 0.0439453125,
        "min": 0.00830078125,
        "var": 8.33953890833e-05
    },
    "barkbands": {
        "dmean": [0.00116150581744, 0.0040907706134, 0.0027171256952, 0.00200422015041, 0.00334451603703, 0.000103513935755, 0.000112060042738, 0.00101578852627, 0.000468413432827, 3.9860529796e-05, 4.23758865509e-05, 4.83357180201e-05, 0.000353670417098, 0.000411044951761, 2.5030969482e-05, 2.15944291995e-05, 0.000117925890663, 0.000327399466187, 0.000193799045519, 0.000103447506262, 0.000463131902507, 3.48348748958e-06, 2.12457712223e-06, 7.55058238155e-07, 1.92322227122e-06, 7.92463708876e-07, 4.95551012136e-06],
        "dmean2": [0.00169358216226, 0.006764118094, 0.00408216239884, 0.00292515358888, 0.00381911778823, 0.000174702523509, 0.000187579425983, 0.00195886171423, 0.000522825634107, 6.61151134409e-05, 7.37186346669e-05, 7.47393423808e-05, 0.000442944117822, 0.000606486340985, 4.25032812927e-05, 3.72350223188e-05, 0.000168429309269, 0.000459158734884, 0.000340907979989, 0.000165023040609, 0.000588059308939, 5.67464439882e-06, 3.48834737451e-06, 1.27050032006e-06, 2.99083535538e-06, 1.34268077545e-06, 8.1422203948e-06],
        "dvar": [6.99107715718e-07, 8.0910140241e-06, 5.01226622873e-06, 6.15900626144e-06, 7.68300560594e-06, 6.8297993927e-09, 8.27762214328e-09, 8.07151081972e-07, 2.03136877985e-07, 1.1122892607e-09, 1.39898337359e-09, 1.57904922471e-09, 7.76606583486e-08, 2.24404573146e-07, 3.52344348142e-10, 3.36406541512e-10, 1.07152606788e-08, 7.98326098561e-08, 3.11249337415e-08, 6.64342270085e-09, 2.30185435157e-07, 7.85383216795e-12, 3.34457418358e-12, 4.30578261847e-13, 4.5126372257e-12, 5.78793469316e-13, 1.74123788305e-11],
        "dvar2": [1.83165252565e-06, 2.12259637919e-05, 9.02647479961e-06, 9.31078648136e-06, 8.09186531114e-06, 1.85931288144e-08, 2.09793391548e-08, 2.6895540941e-06, 3.1311756743e-07, 3.12604409025e-09, 4.41412950636e-09, 2.96515367815e-09, 1.36443290444e-07, 4.54637131497e-07, 9.88906956323e-10, 9.36242305904e-10, 1.85499544614e-08, 1.43714714795e-07, 1.02452474948e-07, 1.80640977732e-08, 4.06891047078e-07, 1.77517341104e-11, 9.70129705735e-12, 1.15351359107e-12, 8.81779024797e-12, 1.32401067107e-12, 3.45740797103e-11],
        "max": [0.00811660382897, 0.0200943443924, 0.0224732775241, 0.0231167133898, 0.0277984458953, 0.000663437065668, 0.000695482071023, 0.00413941964507, 0.0147828282788, 0.00021984250634, 0.000246617564699, 0.000308637216222, 0.00435612164438, 0.00421799393371, 0.000152376611368, 0.000173282300238, 0.00097451423062, 0.00230775796808, 0.00132534164004, 0.000769539736211, 0.00684764841571, 2.73513251159e-05, 1.77835590875e-05, 5.86581836615e-06, 2.16645657929e-05, 7.89591285866e-06, 4.85960918013e-05],
        "mean": [0.00533774727955, 0.0111746462062, 0.0091755753383, 0.00772632984444, 0.00908410083503, 0.000267278781394, 0.000165602075867, 0.00114795658737, 0.0042020031251, 7.37410664442e-05, 7.29965904611e-05, 0.000143413810292, 0.00190552009735, 0.0011688543018, 6.88635700499e-05, 8.05100644357e-05, 0.000412439985666, 0.00072364526568, 0.000522437621839, 0.000344741943991, 0.0014562420547, 1.53346718434e-05, 8.9407149062e-06, 3.66826589016e-06, 6.33412992102e-06, 5.08782295583e-06, 3.76540338038e-05],
        "median": [0.00527736311778, 0.0108481161296, 0.00820898637176, 0.00620898138732, 0.0071349227801, 0.00025198032381, 0.000130695087137, 0.000843806774355, 0.00223174761049, 6.1097976868e-05, 6.40921643935e-05, 0.000129051142721, 0.00208648759872, 0.000868123199325, 6.57311829855e-05, 7.31143081794e-05, 0.000322814536048, 0.000623340369202, 0.000479187001474, 0.000325465516653, 0.000975556438789, 1.50883952301e-05, 8.72547752806e-06, 3.61423963113e-06, 5.15704550708e-06, 5.12193537361e-06, 3.78618387913e-05],
        "min": [7.40269297239e-06, 6.90635934006e-05, 1.66046211234e-05, 9.72455236479e-05, 0.000674555369187, 3.62840728485e-05, 3.00502633763e-05, 3.73032453354e-05, 5.37173837074e-05, 8.07053766039e-06, 6.82193876855e-06, 2.85995611193e-05, 3.84071026929e-05, 6.88334257575e-05, 4.0451982386e-06, 3.05982462123e-06, 2.09677673411e-05, 3.73532238882e-05, 8.54575773701e-06, 1.09243992483e-05, 3.78175463993e-05, 1.7614704575e-06, 1.33089417886e-06, 1.26971428926e-06, 1.30763294237e-06, 1.26598638417e-06, 2.16460239244e-06],
        "var": [1.53764494826e-06, 1.38687673825e-05, 1.65875153471e-05, 2.69080574071e-05, 3.80740166293e-05, 1.76412857655e-08, 1.30163000378e-08, 9.72037355496e-07, 1.822944796e-05, 2.19611040464e-09, 1.72511516183e-09, 4.2619419105e-09, 1.37643462494e-06, 8.8519846031e-07, 6.40608732727e-10, 1.18213117073e-09, 5.2720984911e-08, 2.04087669431e-07, 4.3496886093e-08, 1.38518716497e-08, 1.85465967206e-06, 1.41832387848e-11, 5.41264168902e-12, 7.09826403385e-13, 1.45038486429e-11, 7.03345042798e-13, 3.01334547592e-11]
    },
    "erbbands": {
        "dmean": [0.265457570553, 0.496104031801, 2.79466629028, 3.90780353546, 12.6176156998, 8.04394817352, 2.40274333954, 0.643056809902, 0.639431059361, 15.3697319031, 10.27394104, 14.0584592819, 2.63257527351, 1.52989339828, 2.07186460495, 2.41391587257, 20.1814136505, 18.5998458862, 6.80461406708, 1.44513273239, 1.74687182903, 9.54606151581, 14.7465362549, 10.39133358, 4.87380647659, 4.70792293549, 29.8979892731, 2.14078998566, 0.167237073183, 0.109265118837, 0.0533185787499, 0.0155160780996, 0.0247343704104, 0.0288802497089, 0.00467580230907, 0.00254806829616, 0.00221788766794, 0.00134608277585, 0.000643760780804, 0.000114847251098],
        "dmean2": [0.433317869902, 0.753710329533, 4.26383686066, 5.49218082428, 15.5397520065, 8.4788980484, 3.35364079475, 1.08022522926, 1.10840654373, 28.9501304626, 19.5363140106, 15.7739515305, 3.04239654541, 2.49736666679, 3.38276934624, 3.25313305855, 24.8440647125, 28.552728653, 9.56380462646, 2.48216128349, 2.77941632271, 13.6321983337, 20.4150028229, 19.482875824, 7.84214115143, 7.46249103546, 38.3249588013, 2.81197810173, 0.271013408899, 0.177762791514, 0.0902592986822, 0.0260075163096, 0.0407034531236, 0.0448408797383, 0.00747856870294, 0.00427145231515, 0.00368504435755, 0.00216530566104, 0.00106181320734, 0.000193258994841],
        "dvar": [0.0294656641781, 0.134772881866, 4.74820613861, 16.2000255585, 177.418060303, 27.4817333221, 5.50175523758, 0.26778152585, 0.292970657349, 202.077606201, 76.2343444824, 187.307220459, 5.19273853302, 2.05136418343, 3.1539182663, 3.94118857384, 255.95880127, 489.202148438, 48.4218902588, 1.27328705788, 1.69398391247, 68.3949356079, 166.024169922, 112.433380127, 20.0656490326, 19.0664081573, 916.599182129, 5.14183330536, 0.0218199659139, 0.00677403900772, 0.00246004620567, 0.000195625834749, 0.000539937347639, 0.000954784627538, 1.46495840454e-05, 4.86947556055e-06, 3.23350218423e-06, 1.19196636206e-06, 3.29416906197e-07, 9.49773593106e-09],
        "dvar2": [0.0870172828436, 0.334153920412, 9.03828525543, 25.7336444855, 222.442581177, 39.8889846802, 10.1279582977, 0.701367855072, 0.913373947144, 632.235900879, 259.317871094, 276.692749023, 8.73088932037, 5.87789773941, 8.83521080017, 6.48017692566, 433.695129395, 948.663696289, 97.8790206909, 3.23478913307, 4.55079603195, 105.139938354, 287.505737305, 358.602478027, 60.0640296936, 42.7519454956, 1596.6229248, 7.21529722214, 0.0403289981186, 0.0178410224617, 0.00731393555179, 0.000471958948765, 0.00120435038116, 0.0019378864672, 3.58647666872e-05, 1.33629573611e-05, 8.21343655844e-06, 2.61332479567e-06, 7.47845717797e-07, 2.06623358423e-08],
        "max": [1.1239579916, 2.84219121933, 21.6394271851, 35.4305953979, 146.897918701, 46.8154563904, 18.0519618988, 3.93551778793, 3.63625669479, 67.711265564, 43.344165802, 458.744812012, 66.836807251, 9.64189434052, 13.7516784668, 25.2429523468, 242.529464722, 189.612792969, 73.0551300049, 9.28790569305, 16.8930397034, 78.09324646, 108.701080322, 70.8657226562, 37.4249191284, 54.5062484741, 433.58493042, 31.0014076233, 1.58922803402, 0.792105138302, 0.451321899891, 0.168534785509, 0.247562199831, 0.309114664793, 0.0413873009384, 0.0207379609346, 0.0175883471966, 0.0107877086848, 0.00592747004703, 0.00106746866368],
        "mean": [0.674709558487, 1.32078421116, 9.80736541748, 13.9606409073, 47.8517112732, 17.4671554565, 5.95640277863, 1.51759123802, 1.33006191254, 19.0290622711, 17.6223926544, 130.593261719, 19.7923564911, 3.58309864998, 4.05709218979, 12.4339666367, 104.129013062, 58.3811836243, 21.9392757416, 4.43454170227, 7.28145647049, 31.4174766541, 34.2807312012, 24.4397602081, 19.2601585388, 21.5850543976, 94.6814575195, 8.70032310486, 0.849239170551, 0.415130227804, 0.225139960647, 0.0766151845455, 0.0908168256283, 0.0843640938401, 0.0245786402375, 0.0138021055609, 0.0101357037202, 0.00795715954155, 0.0042818505317, 0.000788441160694],
        "median": [0.656121313572, 1.25849103928, 9.26578903198, 12.8329982758, 41.2972869873, 16.3548202515, 5.1141500473, 1.34842061996, 1.19319057465, 14.2664299011, 16.6967849731, 70.1820220947, 12.0552244186, 3.32170653343, 3.72406125069, 12.1337842941, 113.469787598, 45.9057731628, 19.4024009705, 4.40673351288, 6.45638847351, 27.0075874329, 29.8457317352, 21.4040660858, 18.1201972961, 19.0656681061, 62.0493545532, 6.20297813416, 0.784743964672, 0.402528733015, 0.21576179564, 0.0754577368498, 0.0826612487435, 0.0696046054363, 0.0246597770602, 0.0137100107968, 0.0103014800698, 0.00792172364891, 0.00426948815584, 0.000793385668658],
        "min": [0.0020989314653, 0.0147373285145, 0.0262507218868, 0.162791624665, 1.21323108673, 2.57903504372, 1.21513712406, 0.317583620548, 0.443633884192, 0.671676754951, 2.30670523643, 1.61370384693, 1.34735369682, 0.33155220747, 0.510550200939, 1.25905537605, 1.90178787708, 3.39356803894, 1.18150377274, 0.183046549559, 0.1901063025, 1.25290429592, 2.26449322701, 0.556392729282, 0.454929560423, 0.654768228531, 2.51514291763, 0.231493666768, 0.0686928480864, 0.0520469993353, 0.0343256108463, 0.0266304705292, 0.0219985637814, 0.015114617534, 0.00823597609997, 0.00467202812433, 0.00243363948539, 0.000849961070344, 0.000280515640043, 4.32737215306e-05],
        "var": [0.0482551045716, 0.302651226521, 16.5433998108, 34.9479904175, 1185.22351074, 108.567848206, 13.4059638977, 0.485192507505, 0.394205749035, 261.03527832, 72.2234802246, 17649.8164062, 333.05557251, 2.79415535927, 5.08527612686, 32.6285705566, 4163.12744141, 1543.56530762, 233.934020996, 2.14473676682, 10.6548595428, 292.063720703, 435.626678467, 119.417938232, 29.1637992859, 96.5310058594, 7688.55615234, 41.087184906, 0.0639494806528, 0.0120549974963, 0.00352190062404, 0.000309933326207, 0.0016190179158, 0.00324873393402, 2.69237661996e-05, 7.04970352672e-06, 4.54917017123e-06, 1.9444200916e-06, 5.38290919394e-07, 1.45505802962e-08]
    },
    "gfcc": {
        "mean": [34.0191230774, 104.693916321, -106.344223022, 40.283782959, -10.5745458603, -11.436000824, 4.06042098999, -1.51500415802, -25.4318199158, 3.07959389687, -17.4879055023, -27.3077468872, -18.9359893799],
        "cov": [[240.613632202, 20.7591819763, -30.406879425, 64.3828353882, 46.8052101135, -5.19214439392, 0.103588864207, -48.1166763306, -20.5842533112, 30.5821342468, 6.38550758362, -31.4137744904, -4.9685087204], [20.7591819763, 35.9516334534, 10.2491474152, -28.9193592072, -14.7176971436, -0.451820641756, 23.8567562103, 20.5227375031, 16.6627178192, -6.24962806702, 0.980567336082, -5.05322360992, -14.3581933975], [-30.406879425, 10.2491474152, 27.1479682922, -13.9049415588, -14.5033779144, -0.191576883197, 14.8906240463, 24.4610061646, 14.1448011398, -11.4292144775, -9.10060119629, 0.706002950668, 3.27396082878], [64.3828353882, -28.9193592072, -13.9049415588, 70.7139968872, 34.8298339844, -5.77233600616, -31.8063735962, -45.7023353577, -27.516910553, 21.2915019989, 0.0999060347676, -8.04741573334, 16.8699169159], [46.8052101135, -14.7176971436, -14.5033779144, 34.8298339844, 46.1903152466, 10.536447525, -6.81124353409, -13.9360332489, -9.43288040161, 4.35765123367, 0.171703845263, -0.111540220678, 4.60413599014], [-5.19214439392, -0.451820641756, -0.191576883197, -5.77233600616, 10.536447525, 22.4179553986, 16.3721675873, 10.325053215, 4.46452569962, -6.86964178085, 1.02619194984, -0.184701278806, -2.89144229889], [0.103588864207, 23.8567562103, 14.8906240463, -31.8063735962, -6.81124353409, 16.3721675873, 65.1271286011, 58.441280365, 30.578666687, -24.582490921, -5.80026674271, -0.503299474716, -20.6438617706], [-48.1166763306, 20.5227375031, 24.4610061646, -45.7023353577, -13.9360332489, 10.325053215, 58.441280365, 96.0754165649, 55.3085250854, -36.3294181824, -10.4272632599, 14.5398426056, -16.8729057312], [-20.5842533112, 16.6627178192, 14.1448011398, -27.516910553, -9.43288040161, 4.46452569962, 30.578666687, 55.3085250854, 46.1917495728, -14.0256052017, -5.16612291336, 6.20975208282, -11.8341798782], [30.5821342468, -6.24962806702, -11.4292144775, 21.2915019989, 4.35765123367, -6.86964178085, -24.582490921, -36.3294181824, -14.0256052017, 33.8801803589, 11.4519834518, -11.2948493958, 2.22337222099], [6.38550758362, 0.980567336082, -9.10060119629, 0.0999060347676, 0.171703845263, 1.02619194984, -5.80026674271, -10.4272632599, -5.16612291336, 11.4519834518, 21.7193489075, 2.75972366333, -11.0786857605], [-31.4137744904, -5.05322360992, 0.706002950668, -8.04741573334, -0.111540220678, -0.184701278806, -0.503299474716, 14.5398426056, 6.20975208282, -11.2948493958, 2.75972366333, 18.0495700836, 0.341738373041], [-4.9685087204, -14.3581933975, 3.27396082878, 16.8699169159, 4.60413599014, -2.89144229889, -20.6438617706, -16.8729057312, -11.8341798782, 2.22337222099, -11.0786857605, 0.341738373041, 30.0763568878]],
        "icov": [[0.0219660755247, -0.0392619520426, 0.0270378086716, -0.0267409924418, -0.0090189082548, 0.00982024148107, -0.0122330831364, 0.00230064266361, -0.00250742258504, 0.00205382704735, -0.00501295551658, 0.0152310626581, -0.0109979007393], [-0.0392619520426, 0.149677053094, -0.0705247595906, 0.0836785137653, -0.00419523986056, 0.0210955068469, -0.00227149901912, 0.0232989005744, -0.0232560224831, 0.0157036222517, -0.0200886651874, 0.0154794976115, 0.0220048967749], [0.0270378086716, -0.0705247595906, 0.109179288149, -0.0500174053013, 0.017510868609, -0.000146762220538, -0.013031763956, -0.0178086999804, -0.00063829269493, 0.00575811276212, 0.00666287029162, 0.0182616487145, -0.0330913737416], [-0.0267409924418, 0.0836785137653, -0.0500174053013, 0.0922659039497, -0.0330693721771, 0.0257429890335, 0.00325431814417, 0.0144434971735, -0.0030553441029, -0.00338792428374, -0.00913851056248, 0.00877220183611, 0.00267840595916], [-0.0090189082548, -0.00419523986056, 0.017510868609, -0.0330693721771, 0.0699447318912, -0.0500737279654, 0.0128956399858, -0.0123634384945, 0.00594659335911, -0.00613758945838, 0.024295322597, -0.0318831242621, 0.0116491690278], [0.00982024148107, 0.0210955068469, -0.000146762220538, 0.0257429890335, -0.0500737279654, 0.109003297985, -0.0428455993533, 0.0250825081021, -0.0207095202059, 0.0285614952445, -0.0487397126853, 0.0468793101609, -0.0286687817425], [-0.0122330831364, -0.00227149901912, -0.013031763956, 0.00325431814417, 0.0128956399858, -0.0428455993533, 0.0797349587083, -0.0489035360515, 0.0236199963838, 0.00732181314379, 0.0138004878536, 0.0150448391214, 0.0313534811139], [0.00230064266361, 0.0232989005744, -0.0178086999804, 0.0144434971735, -0.0123634384945, 0.0250825081021, -0.0489035360515, 0.0988579392433, -0.0746019855142, 0.0320144481957, -0.0105486931279, -0.0157691817731, -0.00388991343789], [-0.00250742258504, -0.0232560224831, -0.00063829269493, -0.0030553441029, 0.00594659335911, -0.0207095202059, 0.0236199963838, -0.0746019855142, 0.10103366524, -0.0443795211613, 0.0312461070716, -0.0192533545196, 0.0164888687432], [0.00205382704735, 0.0157036222517, 0.00575811276212, -0.00338792428374, -0.00613758945838, 0.0285614952445, 0.00732181314379, 0.0320144481957, -0.0443795211613, 0.115143030882, -0.0735489577055, 0.0798154473305, -0.0181920658797], [-0.00501295551658, -0.0200886651874, 0.00666287029162, -0.00913851056248, 0.024295322597, -0.0487397126853, 0.0138004878536, -0.0105486931279, 0.0312461070716, -0.0735489577055, 0.139862626791, -0.0894337072968, 0.0593983232975], [0.0152310626581, 0.0154794976115, 0.0182616487145, 0.00877220183611, -0.0318831242621, 0.0468793101609, 0.0150448391214, -0.0157691817731, -0.0192533545196, 0.0798154473305, -0.0894337072968, 0.173744693398, -0.0345279984176], [-0.0109979007393, 0.0220048967749, -0.0330913737416, 0.00267840595916, 0.0116491690278, -0.0286687817425, 0.0313534811139, -0.00388991343789, 0.0164888687432, -0.0181920658797, 0.0593983232975, -0.0345279984176, 0.0889400243759]]
    },
    "melbands": {
        "dmean": [0.00161837378982, 0.00109280727338, 0.000883029017132, 0.00079070776701, 0.000114524613309, 1.42000417327e-05, 9.72047473624e-06, 0.000208549114177, 6.5627071308e-05, 9.20283418964e-05, 9.78268963081e-06, 6.27935014563e-06, 6.25940128884e-06, 5.47277340956e-06, 2.3933716875e-05, 3.21431507473e-05, 4.29847932537e-05, 1.62781325344e-05, 1.93823780137e-06, 1.73939622528e-06, 2.39485598286e-06, 6.62693173581e-06, 3.2352290873e-05, 1.98076691049e-06, 1.0064347407e-05, 6.14667033005e-06, 1.83331428616e-06, 2.86799695459e-06, 2.54216138273e-05, 6.01093643127e-06, 2.86280595674e-07, 9.84749348731e-08, 8.31410815749e-08, 6.02464709232e-08, 4.03309812214e-08, 1.97313934081e-08, 8.83972539611e-09, 1.18456853215e-08, 4.91597447194e-08, 1.54669610453e-08],
        "dmean2": [0.00264721899293, 0.00164765608497, 0.00126654352061, 0.000932377297431, 0.000143136683619, 2.43447684625e-05, 1.61646858032e-05, 0.000395581882913, 0.000125232967548, 0.000101939069282, 1.21323009807e-05, 1.03751299321e-05, 1.06116613097e-05, 8.94486765901e-06, 3.04018503812e-05, 4.0941136831e-05, 6.56918782624e-05, 2.22675771511e-05, 3.35094614456e-06, 2.92293270832e-06, 3.83824044548e-06, 9.99554413283e-06, 4.40280455223e-05, 3.36325706485e-06, 1.89649636013e-05, 1.00688639577e-05, 3.04113723359e-06, 4.66124083687e-06, 3.401207141e-05, 7.85112297308e-06, 4.75653536114e-07, 1.65110151329e-07, 1.36620840863e-07, 9.6041141262e-08, 6.82053880041e-08, 3.49457351945e-08, 1.44742982044e-08, 2.03198027293e-08, 7.71562014279e-08, 2.46659581649e-08],
        "dvar": [1.16700618946e-06, 6.43133432732e-07, 1.10385542484e-06, 4.89467595344e-07, 9.92468951466e-09, 1.22479748565e-10, 5.53398091241e-11, 3.55926204065e-08, 2.87631696239e-09, 7.87803333679e-09, 7.47629944065e-11, 3.55287431419e-11, 2.67640683921e-11, 2.11081360724e-11, 4.14592860043e-10, 5.96204752235e-10, 2.61351251751e-09, 2.91569601796e-10, 2.00547282773e-12, 1.91997329493e-12, 3.19794321232e-12, 3.77540602947e-11, 8.28877744219e-10, 3.59113021438e-12, 1.08115606745e-10, 2.95160978991e-11, 2.22475054872e-12, 4.90908052056e-12, 6.39244102096e-10, 4.79950315602e-11, 9.74707036546e-14, 6.60633775739e-15, 5.08773685548e-15, 2.27951579765e-15, 1.20663189117e-15, 2.6621072921e-16, 6.24078920111e-17, 8.20508507558e-17, 3.04291186466e-15, 2.27062639863e-16],
        "dvar2": [3.28775763592e-06, 1.46842899085e-06, 1.48735739458e-06, 5.05154957864e-07, 1.89507964876e-08, 3.24998056245e-10, 1.5736213721e-10, 1.15937908163e-07, 9.86425874316e-09, 1.17011778045e-08, 1.33544494907e-10, 9.86204728992e-11, 7.85783382806e-11, 4.36320250763e-11, 6.8795841246e-10, 1.06685815737e-09, 5.16199749612e-09, 6.04041594521e-10, 5.59750119519e-12, 5.8208021736e-12, 7.68281011726e-12, 8.37332217452e-11, 1.32287159005e-09, 9.66076871278e-12, 3.44121897644e-10, 9.22042789342e-11, 4.25105914012e-12, 1.34027251103e-11, 1.18052900788e-09, 6.76364242391e-11, 2.75435544598e-13, 1.71540163801e-14, 1.40140838794e-14, 6.56224164567e-15, 3.64129723146e-15, 7.62405779615e-16, 1.48394984282e-16, 2.42325882405e-16, 6.43988392479e-15, 4.48580496174e-16],
        "max": [0.00763449445367, 0.00810807012022, 0.0106944860891, 0.00727164093405, 0.000758957350627, 8.40662105475e-05, 5.26968287886e-05, 0.000886845518835, 0.000266717077466, 0.00297169573605, 0.000173475040356, 4.04243328376e-05, 3.80780620617e-05, 3.84655904782e-05, 0.000288070586976, 0.000392172543798, 0.000423526304075, 0.000174472865183, 1.16623059512e-05, 1.18068574011e-05, 2.17694760067e-05, 6.74459370202e-05, 0.000245988048846, 1.33704161271e-05, 6.74200418871e-05, 4.10955617554e-05, 1.66459067259e-05, 1.86843153642e-05, 0.000349415553501, 8.25828683446e-05, 3.05628395836e-06, 7.28831196284e-07, 5.286114515e-07, 3.91668919519e-07, 3.0171250387e-07, 1.38625580348e-07, 9.25128560425e-08, 7.30574498675e-08, 5.39279710665e-07, 1.4335566334e-07],
        "mean": [0.00453955680132, 0.00375017360784, 0.00403644051403, 0.00243154168129, 0.000262464483967, 3.37988021784e-05, 1.90934060811e-05, 0.000246258656261, 0.000115747861855, 0.000842809211463, 5.0352566177e-05, 1.19704482131e-05, 1.12394845928e-05, 1.55390152941e-05, 0.000121324672364, 0.000176514789928, 0.000117631287139, 4.75232991448e-05, 4.7592361625e-06, 5.87365275351e-06, 8.88929571374e-06, 2.22467024287e-05, 6.95682756486e-05, 6.40225107418e-06, 2.10010402952e-05, 1.90725550056e-05, 9.5133054856e-06, 9.70452947513e-06, 7.29680323275e-05, 1.90659393411e-05, 9.61304067459e-07, 3.54727404783e-07, 2.58191846569e-07, 2.12710389746e-07, 1.46623207797e-07, 6.90919605972e-08, 3.59674388051e-08, 4.24450306014e-08, 1.19777382679e-07, 5.09847595254e-08],
        "median": [0.00438075885177, 0.00359343225136, 0.00336909526959, 0.00198995484971, 0.000230583609664, 3.00420160784e-05, 1.720344153e-05, 0.000175184293767, 0.000112510839244, 0.000448406150099, 3.33868265443e-05, 1.0569112419e-05, 1.04204636955e-05, 1.45882268043e-05, 0.000127367806272, 0.000190796534298, 7.85776355769e-05, 3.90847235394e-05, 4.54302107755e-06, 5.6309613683e-06, 7.7958611655e-06, 1.72545478563e-05, 5.69488620386e-05, 5.79143306823e-06, 1.79108792508e-05, 1.73891548911e-05, 9.23297011468e-06, 9.24823143578e-06, 4.79668015032e-05, 1.21454349937e-05, 9.32238151563e-07, 3.38623578955e-07, 2.50377667044e-07, 2.04823464856e-07, 1.38234696578e-07, 6.68556481287e-08, 3.53346720772e-08, 4.13444460889e-08, 8.89811317961e-08, 4.53902195829e-08],
        "min": [1.9402919861e-05, 1.54123499669e-05, 5.3026349633e-05, 0.000145580459503, 5.32478661626e-05, 7.40690347811e-06, 5.97476901021e-06, 6.41977021587e-06, 2.0707189833e-05, 9.41446796787e-06, 5.81059157412e-06, 1.23297172649e-06, 1.21549089727e-06, 2.79312780549e-06, 4.06624849347e-06, 3.9606206883e-06, 6.96403594702e-06, 2.43503700403e-06, 2.54721328474e-07, 2.09216707958e-07, 1.93278680172e-07, 6.18992487489e-07, 3.57353928848e-06, 9.21625144201e-07, 3.76986093897e-07, 3.3572484881e-07, 2.49686308962e-07, 3.45745689856e-07, 2.00072963707e-06, 4.44341452521e-07, 4.26858157709e-08, 3.64259875596e-08, 3.2872687683e-08, 2.83485483976e-08, 2.18042668365e-08, 1.35279689673e-08, 1.39661331389e-08, 1.56845487709e-08, 1.51848773555e-08, 1.16861560429e-08],
        "var": [1.97356143872e-06, 2.40670465246e-06, 4.65333278044e-06, 2.51369056059e-06, 2.30640910814e-08, 2.17445131345e-10, 8.34142616091e-11, 4.49256845059e-08, 2.84342238643e-09, 7.40783661968e-07, 1.75810532799e-09, 5.59906496167e-11, 3.9753315223e-11, 4.90983781409e-11, 5.6003108817e-09, 1.12762617022e-08, 9.03602881408e-09, 1.33369937316e-09, 3.58679730882e-12, 4.73331747061e-12, 1.83719116309e-11, 2.20518395211e-10, 2.28672436542e-09, 5.85552483237e-12, 1.10460189606e-10, 4.51193422901e-11, 4.61540397914e-12, 1.06680896755e-11, 4.69634375833e-09, 2.96347696382e-10, 1.19270058782e-13, 1.05757814818e-14, 7.03287856215e-15, 3.8246815586e-15, 1.83719963952e-15, 3.80288755969e-16, 1.04530350787e-16, 1.18674503987e-16, 9.95860786548e-15, 7.27300922633e-16]
    },
    "mfcc": {
        "mean": [-625.455810547, 147.511962891, -23.0842018127, 61.9259109497, 5.06498670578, 15.1407842636, 30.2014961243, -5.43631267548, 6.80782699585, 11.9239625931, 13.7989959717, 11.7371025085, -20.977186203],
        "cov": [[252.958969116, 0.892941296101, -38.0553398132, 46.1371803284, 35.0945968628, 45.520362854, 40.1398887634, -60.5535697937, 2.68091225624, -28.6197319031, 3.18014121056, 38.2028427124, 9.99283027649], [0.892941296101, 40.162399292, 7.75447368622, -18.0972824097, -26.5865688324, -11.2076368332, -6.15103960037, 21.534330368, -2.58081364632, 24.6810646057, 16.9194908142, -5.2158203125, -1.9038836956], [-38.0553398132, 7.75447368622, 30.8198108673, -5.88234090805, -19.08568573, -17.2108821869, -11.1491374969, 8.37013530731, 5.28916835785, 13.0994815826, 1.21522796154, -9.99289894104, -2.89801430702], [46.1371803284, -18.0972824097, -5.88234090805, 37.2311172485, 23.106344223, 8.90824508667, 5.45709753036, -17.9555168152, 9.83724117279, -13.5618534088, -9.868724823, 6.36758518219, 2.26496434212], [35.0945968628, -26.5865688324, -19.08568573, 23.106344223, 50.8618965149, 21.3033561707, 6.03158760071, -36.7807540894, 1.05154919624, -30.3322029114, -18.8363990784, 8.46288967133, -2.40430593491], [45.520362854, -11.2076368332, -17.2108821869, 8.90824508667, 21.3033561707, 33.9715805054, 17.228811264, -27.4937019348, -10.7591247559, -17.2901706696, -9.72522830963, 6.99660825729, -0.468045175076], [40.1398887634, -6.15103960037, -11.1491374969, 5.45709753036, 6.03158760071, 17.228811264, 31.3472709656, -9.76433467865, -4.46058368683, -11.4896326065, 0.105328239501, 6.02443218231, -0.378862649202], [-60.5535697937, 21.534330368, 8.37013530731, -17.9555168152, -36.7807540894, -27.4937019348, -9.76433467865, 114.011039734, 16.648021698, 60.174861908, 27.4983081818, -34.5905189514, -4.41286182404], [2.68091225624, -2.58081364632, 5.28916835785, 9.83724117279, 1.05154919624, -10.7591247559, -4.46058368683, 16.648021698, 34.3886489868, 14.2312641144, -2.6889424324, -8.16648387909, 0.218942254782], [-28.6197319031, 24.6810646057, 13.0994815826, -13.5618534088, -30.3322029114, -17.2901706696, -11.4896326065, 60.174861908, 14.2312641144, 58.4939651489, 25.8523025513, -22.3790187836, -1.08462417126], [3.18014121056, 16.9194908142, 1.21522796154, -9.868724823, -18.8363990784, -9.72522830963, 0.105328239501, 27.4983081818, -2.6889424324, 25.8523025513, 34.6651573181, 0.862090289593, 2.0623755455], [38.2028427124, -5.2158203125, -9.99289894104, 6.36758518219, 8.46288967133, 6.99660825729, 6.02443218231, -34.5905189514, -8.16648387909, -22.3790187836, 0.862090289593, 33.3094902039, 10.8091230392], [9.99283027649, -1.9038836956, -2.89801430702, 2.26496434212, -2.40430593491, -0.468045175076, -0.378862649202, -4.41286182404, 0.218942254782, -1.08462417126, 2.0623755455, 10.8091230392, 20.5438365936]],
