{
"lowlevel": {
    "average_loudness": 0.988332271576,
    "barkbands_crest": {
        "dmean": 0.80431497097,
        "dmean2": 0.836132586002,
        "dvar": 1.41754424572,
        "dvar2": 1.32258236408,
        "max": 20.7240810394,
        "mean": 18.9186077118,
        "median": 19.0251083374,
        "min": 7.13199615479,
        "var": 2.17041921616
    },
    "barkbands_flatness_db": {
        "dmean": 0.0139170903713,
        "dmean2": 0.0165691450238,
        "dvar": 0.00129342870787,
        "dvar2": 0.000827029463835,
        "max": 0.557491540909,
        "mean": 0.530752003193,
        "median": 0.537722170353,
        "min": 0.102550387383,
        "var": 0.00246877619065
    },
    "barkbands_kurtosis": {
        "dmean": 4.44986200333,
        "dmean2": 6.02934169769,
        "dvar": 241.672515869,
        "dvar2": 568.670288086,
        "max": 131.368789673,
        "mean": 13.0773925781,
        "median": 11.1760311127,
        "min": 7.19196414948,
        "var": 153.444519043
    },
    "barkbands_skewness": {
        "dmean": 0.262820869684,
        "dmean2": 0.333648234606,
        "dvar": 0.462352961302,
        "dvar2": 0.980374753475,
        "max": 6.49727725983,
        "mean": 1.6003267765,
        "median": 1.49347794056,
        "min": 1.19876420498,
        "var": 0.415172994137
    },
    "barkbands_spread": {
        "dmean": 0.14159168303,
        "dmean2": 0.141830816865,
        "dvar": 1.37400317192,
        "dvar2": 1.3393907547,
        "max": 13.4720344543,
        "mean": 0.590944886208,
        "median": 0.475794434547,
        "min": 0.337289720774,
        "var": 1.39987552166
    },
    "dissonance": {
        "dmean": 0.0325149707496,
        "dmean2": 0.0535692051053,
        "dvar": 0.000501638918649,
        "dvar2": 0.00114514748566,
        "max": 0.456914275885,
        "mean": 0.38637137413,
        "median": 0.386739581823,
        "min": 0.310166805983,
        "var": 0.000965538900346
    },
    "dynamic_complexity": 0.291948765516,
    "erbbands_crest": {
        "dmean": 2.39665055275,
        "dmean2": 2.3368678093,
        "dvar": 2.21340441704,
        "dvar2": 1.74833214283,
        "max": 24.7228069305,
        "mean": 17.5494937897,
        "median": 17.3065338135,
        "min": 2.74549627304,
        "var": 9.79671192169
    },
    "erbbands_flatness_db": {
        "dmean": 0.0140475733206,
        "dmean2": 0.0162357166409,
        "dvar": 0.000917826546356,
        "dvar2": 0.000808267737739,
        "max": 0.414648890495,
        "mean": 0.387194246054,
        "median": 0.393898695707,
        "min": 0.0745529457927,
        "var": 0.0017411231529
    },
    "erbbands_kurtosis": {
        "dmean": 8.27595996857,
        "dmean2": 10.0921268463,
        "dvar": 59.593120575,
        "dvar2": 85.165802002,
        "max": 97.3592071533,
        "mean": 34.6395797729,
        "median": 31.8809356689,
        "min": -0.149077177048,
        "var": 204.41859436
    },
    "erbbands_skewness": {
        "dmean": 0.552351057529,
        "dmean2": 0.646581470966,
        "dvar": 0.238043218851,
        "dvar2": 0.233744010329,
        "max": 7.21962022781,
        "mean": 3.75792765617,
        "median": 3.63324308395,
        "min": 0.700561225414,
        "var": 0.714182555676
    },
    "erbbands_spread": {
        "dmean": 0.788264393806,
        "dmean2": 0.785271584988,
        "dvar": 22.8453445435,
        "dvar2": 18.2658996582,
        "max": 50.4058074951,
        "mean": 2.93755292892,
        "median": 2.21794080734,
        "min": 1.52751290798,
        "var": 28.3338108063
    },
    "hfc": {
        "dmean": 3.8336379528,
        "dmean2": 3.84246182442,
        "dvar": 8.92929458618,
        "dvar2": 10.1174173355,
        "max": 26.0229511261,
        "mean": 19.6260128021,
        "median": 19.5637702942,
        "min": 1.01450753212,
        "var": 21.0353298187
    },
    "melbands_crest": {
        "dmean": 1.55456566811,
        "dmean2": 1.4780497551,
        "dvar": 1.34262645245,
        "dvar2": 1.02817988396,
        "max": 31.5467681885,
        "mean": 27.8789958954,
        "median": 28.0469474792,
        "min": 14.584654808,
        "var": 4.57331705093
    },
    "melbands_flatness_db": {
        "dmean": 0.0164563152939,
        "dmean2": 0.0204162858427,
        "dvar": 0.00151646637823,
        "dvar2": 0.000961135781836,
        "max": 0.723234951496,
        "mean": 0.68931645155,
        "median": 0.69692337513,
        "min": 0.216212183237,
        "var": 0.00302823469974
    },
    "melbands_kurtosis": {
        "dmean": 6.02215528488,
        "dmean2": 7.58909511566,
        "dvar": 258.949279785,
        "dvar2": 575.453979492,
        "max": 133.945129395,
        "mean": 17.3054256439,
        "median": 14.9694671631,
        "min": 9.63973903656,
        "var": 197.343963623
    },
    "melbands_skewness": {
        "dmean": 0.243254184723,
        "dmean2": 0.284659564495,
        "dvar": 0.299293160439,
        "dvar2": 0.513755202293,
        "max": 6.49445152283,
        "mean": 1.8911075592,
        "median": 1.77659404278,
        "min": 1.32865321636,
        "var": 0.347583800554
    },
    "melbands_spread": {
        "dmean": 0.109211608768,
        "dmean2": 0.109319917858,
        "dvar": 0.563125252724,
        "dvar2": 0.549381613731,
        "max": 8.7427444458,
        "mean": 0.47819173336,
        "median": 0.408734798431,
        "min": 0.271249204874,
        "var": 0.576580584049
    },
    "pitch_salience": {
        "dmean": 0.022438723594,
        "dmean2": 0.0231736730784,
        "dvar": 0.00206608627923,
        "dvar2": 0.00203821645118,
        "max": 0.802445650101,
        "mean": 0.336944103241,
        "median": 0.333974778652,
        "min": 0.244748204947,
        "var": 0.00265156058595
    },
    "silence_rate_20dB": {
        "dmean": 0,
        "dmean2": 0,
        "dvar": 0,
        "dvar2": 0,
        "max": 1,
        "mean": 1,
        "median": 1,
        "min": 1,
        "var": 0
    },
    "silence_rate_30dB": {
        "dmean": 0.0166666675359,
        "dmean2": 0.01680672355,
        "dvar": 0.0163888689131,
        "dvar2": 0.0165242571384,
        "max": 1,
        "mean": 0.0165289249271,
        "median": 0,
        "min": 0,
        "var": 0.0162557438016
    },
    "silence_rate_60dB": {
        "dmean": 0,
        "dmean2": 0,
        "dvar": 0,
        "dvar2": 0,
        "max": 0,
        "mean": 0,
        "median": 0,
        "min": 0,
        "var": 0
    },
    "spectral_centroid": {
        "dmean": 5.27238035202,
        "dmean2": 5.43774318695,
        "dvar": 114.691490173,
        "dvar2": 114.281318665,
        "max": 260.065307617,
        "mean": 135.144561768,
        "median": 134.629119873,
        "min": 94.6769485474,
        "var": 171.38420105
    },
    "spectral_complexity": {
        "dmean": 0.916666686535,
        "dmean2": 1.37815129757,
        "dvar": 0.826389074326,
        "dvar2": 1.1427154541,
        "max": 6,
        "mean": 3.95041322708,
        "median": 4,
        "min": 2,
        "var": 1.31985521317
    },
    "spectral_decrease": {
        "dmean": 7.08800262927e-09,
        "dmean2": 7.14608772157e-09,
        "dvar": 3.79191371846e-17,
        "dvar2": 4.13658366697e-17,
        "max": -6.75997979815e-10,
        "mean": -4.31010143132e-08,
        "median": -4.27802433478e-08,
        "min": -5.48273462186e-08,
        "var": 7.75082064422e-17
    },
    "spectral_energy": {
        "dmean": 0.0270994864404,
        "dmean2": 0.0273194909096,
        "dvar": 0.000552766665351,
        "dvar2": 0.000603293941822,
        "max": 0.20929095149,
        "mean": 0.164452880621,
        "median": 0.163216307759,
        "min": 0.0026433870662,
        "var": 0.00113176449668
    },
    "spectral_energyband_high": {
        "dmean": 7.97546817921e-07,
        "dmean2": 1.22068604469e-06,
        "dvar": 2.03986116193e-11,
        "dvar2": 3.03642527788e-11,
        "max": 3.74240153178e-05,
        "mean": 1.56631108439e-06,
        "median": 6.35214917111e-07,
        "min": 3.92870759924e-07,
        "var": 3.02516692252e-11
    },
    "spectral_energyband_low": {
        "dmean": 0.0224362239242,
        "dmean2": 0.0226474329829,
        "dvar": 0.000437396316556,
        "dvar2": 0.000484045885969,
        "max": 0.188068732619,
        "mean": 0.148290470243,
        "median": 0.147066146135,
        "min": 0.00154354760889,
        "var": 0.000811640289612
    },
    "spectral_energyband_middle_high": {
        "dmean": 4.01849001719e-06,
        "dmean2": 5.85631050853e-06,
        "dvar": 4.24167256874e-10,
        "dvar2": 6.20948958918e-10,
        "max": 0.000182718751603,
        "mean": 1.16919936772e-05,
        "median": 7.68227891967e-06,
        "min": 4.70432814836e-06,
        "var": 6.20647311322e-10
    },
    "spectral_energyband_middle_low": {
        "dmean": 0.00940134283155,
        "dmean2": 0.00951387081295,
        "dvar": 3.26980261889e-05,
        "dvar2": 3.89413071389e-05,
        "max": 0.0448803566396,
        "mean": 0.0240768436342,
        "median": 0.0220841486007,
        "min": 0.00107086054049,
        "var": 0.000117248018796
    },
    "spectral_entropy": {
        "dmean": 0.0973631367087,
        "dmean2": 0.136852636933,
        "dvar": 0.080765016377,
        "dvar2": 0.07784101367,
        "max": 7.22774505615,
        "mean": 4.35467386246,
        "median": 4.32876396179,
        "min": 4.11018562317,
        "var": 0.0956921055913
    },
    "spectral_flux": {
        "dmean": 0.0280558038503,
        "dmean2": 0.0460647083819,
        "dvar": 0.00144236511551,
        "dvar2": 0.00251178792678,
        "max": 0.408640384674,
        "mean": 0.0654587969184,
        "median": 0.0635917410254,
        "min": 0.0304888412356,
        "var": 0.00187581207138
    },
    "spectral_kurtosis": {
        "dmean": 26.4793128967,
        "dmean2": 44.6283760071,
        "dvar": 337.087738037,
        "dvar2": 990.911071777,
        "max": 149.40032959,
        "mean": 92.0807571411,
        "median": 94.7254943848,
        "min": 9.22694778442,
        "var": 596.561889648
    },
    "spectral_rms": {
        "dmean": 0.00109135883395,
        "dmean2": 0.00109314697329,
        "dvar": 1.66014001479e-06,
        "dvar2": 1.80720451226e-06,
        "max": 0.0142893772572,
        "mean": 0.0125685576349,
        "median": 0.0126188518479,
        "min": 0.00160589988809,
        "var": 2.47307184509e-06
    },
    "spectral_rolloff": {
        "dmean": 8.97216796875,
        "dmean2": 15.5618104935,
        "dvar": 537.738708496,
        "dvar2": 451.400054932,
        "max": 387.59765625,
        "mean": 140.588684082,
        "median": 129.19921875,
        "min": 129.19921875,
        "var": 621.36315918
    },
    "spectral_skewness": {
        "dmean": 1.25354301929,
        "dmean2": 2.19593906403,
        "dvar": 0.815659463406,
        "dvar2": 1.9940559864,
        "max": 10.0890827179,
        "mean": 7.74297380447,
        "median": 7.87844800949,
        "min": 2.47284531593,
        "var": 1.373696208
    },
    "spectral_spread": {
        "dmean": 359842.125,
        "dmean2": 549111.875,
        "dvar": 889082675200,
        "dvar2": 869698306048,
        "max": 11432224,
        "mean": 1221487.75,
        "median": 1061136.125,
        "min": 649944.25,
        "var": 1.0754523136e+12
    },
    "spectral_strongpeak": {
        "dmean": 0.413102298975,
        "dmean2": 0.78000497818,
        "dvar": 0.120559796691,
        "dvar2": 0.15001553297,
        "max": 2.09673213959,
        "mean": 1.53391110897,
        "median": 1.59012389183,
        "min": 0.0407428219914,
        "var": 0.152642294765
    },
    "zerocrossingrate": {
        "dmean": 0.000154622393893,
        "dmean2": 0.000201056987862,
        "dvar": 1.35037495852e-07,
        "dvar2": 1.4590332853e-07,
        "max": 0.00537109375,
        "mean": 0.00485859997571,
        "median": 0.0048828125,
        "min": 0.00146484375,
        "var": 1.88572471416e-07
    },
    "barkbands": {
        "dmean": [3.72896720364e-05, 0.00150714686606, 0.0195033419877, 0.00758371362463, 0.00249640410766, 0.000152259861352, 1.35219579533e-05, 2.64766586042e-05, 1.83138376997e-06, 1.00219460819e-06, 8.24348546757e-07, 7.38390383503e-07, 5.97440021011e-07, 4.54303858533e-07, 3.43491336707e-07, 3.24194701307e-07, 3.24017861431e-07, 4.26738012038e-07, 3.77357224579e-07, 3.11046619572e-07, 1.80621313461e-07, 1.08097452767e-07, 9.62657864534e-08, 1.06403746258e-07, 8.19378200845e-08, 7.46792139239e-08, 8.22964025815e-08],
        "dmean2": [5.17444859724e-05, 0.0017393452581, 0.0193814914674, 0.00756842177361, 0.00243753870018, 0.000154203225975, 1.6943382434e-05, 2.83260524157e-05, 2.63144033852e-06, 1.45928731854e-06, 1.1738751482e-06, 1.13658416012e-06, 9.96923972707e-07, 7.05815693891e-07, 5.27590998445e-07, 4.70293713306e-07, 4.85958651097e-07, 6.5787804715e-07, 5.89358307934e-07, 4.97569828894e-07, 2.76239319419e-07, 1.62908634138e-07, 1.4776614421e-07, 1.62016689842e-07, 1.23075849956e-07, 1.12918399964e-07, 1.25478180735e-07],
        "dvar": [2.26509389023e-08, 5.8874388742e-06, 0.000281919550616, 1.90213959286e-05, 2.24683799388e-06, 7.37525551742e-09, 1.55328624962e-10, 2.98662122811e-10, 5.16016569752e-11, 2.17853131368e-11, 1.04782866411e-11, 8.92366475852e-12, 4.28183747139e-12, 3.88871834039e-12, 3.09134120212e-12, 1.78922794549e-12, 1.30038850781e-12, 8.62461415219e-13, 8.15601329963e-13, 6.63187712212e-13, 6.4934288415e-13, 4.57722997959e-13, 3.2401753264e-13, 2.67987509354e-13, 2.79083939118e-13, 2.63343058297e-13, 3.01594361464e-13],
        "dvar2": [2.30366765663e-08, 6.6761317612e-06, 0.000298184633721, 2.66054739768e-05, 2.42344026447e-06, 6.4330305527e-09, 2.41971553905e-10, 4.51733539464e-10, 6.69169164524e-11, 3.21108521717e-11, 1.36988814389e-11, 1.22503743261e-11, 6.29551228856e-12, 5.84739895393e-12, 4.52284694072e-12, 2.60196725277e-12, 2.09632181405e-12, 1.41977586372e-12, 1.21172798358e-12, 1.17395091044e-12, 9.43600341093e-13, 6.7853795499e-13, 4.88882372085e-13, 4.04197400376e-13, 4.11742824081e-13, 3.89981395701e-13, 4.5526337691e-13],
        "max": [0.00185237627011, 0.0272647757083, 0.148271456361, 0.0301893614233, 0.015395000577, 0.000892279611435, 0.000160130861332, 0.000168580387253, 6.72762544127e-05, 4.17553019361e-05, 3.13504606311e-05, 2.71474527835e-05, 1.78198170033e-05, 1.6597990907e-05, 1.5462457668e-05, 1.18007455967e-05, 1.02321564555e-05, 1.02173189589e-05, 8.47262890602e-06, 7.32153421268e-06, 6.96514780429e-06, 5.49711239728e-06, 4.59672673969e-06, 4.29397368862e-06, 4.33602099292e-06, 4.16289549321e-06, 4.47553657068e-06],
        "mean": [0.000240664012381, 0.0241413507611, 0.115981541574, 0.0157624222338, 0.00780721846968, 0.000343840016285, 7.37190421205e-05, 8.51861259434e-05, 3.80825849788e-06, 2.27916848416e-06, 1.5406935745e-06, 1.85987710211e-06, 1.11037934403e-06, 8.29093664834e-07, 6.75343642342e-07, 6.37025891592e-07, 1.2014843378e-06, 7.77321474743e-07, 7.07397589395e-07, 6.00841474352e-07, 3.33695538757e-07, 1.88204850815e-07, 1.55226686616e-07, 1.80685930218e-07, 1.41346248483e-07, 1.247269239e-07, 1.85205635717e-07],
        "median": [0.000223034527153, 0.0241673178971, 0.116999708116, 0.014815534465, 0.00733969872817, 0.000311944459099, 7.35890644137e-05, 8.51047152537e-05, 2.51808728535e-06, 1.34587662615e-06, 8.16690317151e-07, 1.3172641502e-06, 6.41629412712e-07, 4.32184293686e-07, 3.38391629384e-07, 3.37202550327e-07, 8.65694062213e-07, 4.8212547199e-07, 4.69746680665e-07, 3.76976316829e-07, 1.60203057931e-07, 5.21075378401e-08, 3.93083574579e-08, 6.59206236264e-08, 3.65661136925e-08, 2.493761464e-08, 7.72565655893e-08],
        "min": [9.20759775909e-05, 0.000596927246079, 0.000697928247973, 0.000310275936499, 0.000369758927263, 6.02553845965e-05, 1.05571907625e-05, 1.87146383723e-06, 8.15558735212e-07, 5.8286462945e-07, 1.74329159108e-07, 6.4312126824e-07, 1.62533169146e-07, 1.44971124882e-07, 9.13744813147e-08, 7.7257773512e-08, 9.29522627757e-08, 1.23156368659e-07, 1.39115385878e-07, 1.04234082698e-07, 6.50361613452e-08, 2.47121008101e-08, 1.59797011179e-08, 2.29883543312e-08, 1.85223054672e-08, 1.2466552235e-08, 5.35620401365e-08],
        "var": [2.25365006656e-08, 6.84158112563e-06, 0.000592699332628, 7.2682822065e-05, 9.32546754484e-06, 3.63608378962e-08, 7.1073802399e-10, 1.51512957736e-09, 7.15967424236e-11, 3.15531281658e-11, 1.56146779534e-11, 1.20628151565e-11, 6.86234489372e-12, 5.46515306968e-12, 4.21692325156e-12, 2.71362663243e-12, 2.14995057347e-12, 1.77726756923e-12, 1.39806146261e-12, 1.02977522343e-12, 9.69366188881e-13, 6.68905631839e-13, 4.74952217312e-13, 4.16339109455e-13, 4.05804052471e-13, 3.82782401696e-13, 4.33704233551e-13]
    },
    "erbbands": {
        "dmean": [0.00981494318694, 0.400232225657, 13.3841924667, 29.1151714325, 14.9948167801, 6.35837841034, 2.69157624245, 1.01934492588, 0.202425017953, 0.663888156414, 0.156437635422, 0.0422368906438, 0.029689181596, 0.035389509052, 0.0297201760113, 0.0280344951898, 0.0274562127888, 0.0225337632, 0.0184517931193, 0.0189993809909, 0.016744883731, 0.0156268421561, 0.0192892011255, 0.0254858043045, 0.0142100052908, 0.0154918320477, 0.00884452927858, 0.00625518616289, 0.00387607119046, 0.0033153006807, 0.00272644287907, 0.00246736290865, 0.00160355539992, 0.000951171969064, 0.000582885520998, 0.000319765618769, 0.00013906089589, 4.8386031267e-05, 2.10088946915e-05, 2.94019409921e-05],
        "dmean2": [0.0147736687213, 0.516286551952, 13.5180063248, 28.9379711151, 15.0060005188, 6.26664304733, 2.72614407539, 1.0359941721, 0.22303186357, 0.711051762104, 0.191774234176, 0.0605112090707, 0.0436718203127, 0.0512346066535, 0.0439036861062, 0.044319909066, 0.0451840721071, 0.0349421985447, 0.0278242491186, 0.0293389484286, 0.0243038758636, 0.0237883124501, 0.0295721255243, 0.0391346439719, 0.0222185794264, 0.0248659010977, 0.0137721439824, 0.00960477907211, 0.0058136950247, 0.00511905737221, 0.00419075042009, 0.00377731071785, 0.00242691929452, 0.00141539319884, 0.000881507992744, 0.000482567033032, 0.00020941918774, 7.31346008251e-05, 2.61403511104e-05, 2.98416525766e-05],
        "dvar": [0.000482043076772, 1.0697286129, 249.348526001, 337.097045898, 97.4314117432, 12.7514028549, 2.28927969933, 0.327038347721, 0.0311210732907, 0.188861086965, 0.0214452147484, 0.028505217284, 0.0220261588693, 0.021782271564, 0.0173127166927, 0.0142211904749, 0.0101258875802, 0.0104326689616, 0.00879288092256, 0.00724167237058, 0.00549279851839, 0.00388948991895, 0.00274110003375, 0.00235809828155, 0.00190795469098, 0.00150184286758, 0.00118704768829, 0.000877827522345, 0.000617076409981, 0.000403594982345, 0.000248308642767, 0.000129703752464, 7.17397269909e-05, 3.65350388165e-05, 1.35845511977e-05, 4.09690119341e-06, 8.96773485692e-07, 1.14053065658e-07, 5.30559285394e-09, 5.61666380072e-10],
        "dvar2": [0.000506290816702, 1.09813129902, 242.503646851, 436.854766846, 104.383293152, 12.7358360291, 2.08620619774, 0.378718197346, 0.0537462867796, 0.236361354589, 0.0415753722191, 0.039785657078, 0.028725091368, 0.0320949852467, 0.0226424187422, 0.0202307477593, 0.0155382482335, 0.0157540589571, 0.012852717191, 0.0101637942716, 0.00786548107862, 0.00633361376822, 0.00457345554605, 0.0036885663867, 0.00297912000678, 0.00268316967413, 0.00174684228841, 0.00129573454615, 0.000906525237951, 0.000614496413618, 0.000375320290914, 0.000195717409952, 0.000108514643216, 5.346837861e-05, 2.02105020435e-05, 6.11373434367e-06, 1.34017648179e-06, 1.68018857494e-07, 9.03421160103e-09, 8.29039670247e-10],
        "max": [0.334058701992, 11.0049858093, 146.755126953, 130.674423218, 86.9885864258, 34.3824462891, 15.1559410095, 5.87231779099, 2.1363940239, 5.02820682526, 1.45738744736, 1.57657682896, 1.37616634369, 1.36762201786, 1.25468742847, 1.05224573612, 0.859747827053, 0.848486840725, 0.810996592045, 0.766960322857, 0.691482126713, 0.542438745499, 0.558693528175, 0.506821572781, 0.384466797113, 0.346559613943, 0.298603802919, 0.251003831625, 0.204061701894, 0.160704806447, 0.127084299922, 0.0949434489012, 0.0692133009434, 0.0504086762667, 0.0300223305821, 0.0164636485279, 0.00768312904984, 0.0027594412677, 0.000694672344252, 0.000278831459582],
        "mean": [0.141842797399, 9.90906524658, 123.233520508, 76.5030593872, 51.4137992859, 14.6916637421, 5.86544942856, 2.4724779129, 0.727924525738, 2.58821725845, 0.824033617973, 0.120300151408, 0.0668757855892, 0.0756186470389, 0.067560903728, 0.069124057889, 0.0532684102654, 0.0425723381341, 0.0359776169062, 0.0381352864206, 0.0486610420048, 0.0546802990139, 0.0371214188635, 0.0484430938959, 0.0276679955423, 0.0290370322764, 0.0168617330492, 0.0115330778062, 0.00694519001991, 0.00558236986399, 0.00437315413728, 0.00390563672408, 0.00293696019799, 0.00175410660449, 0.0010308297351, 0.000585217087064, 0.000268628878985, 8.80766747287e-05, 9.67546729953e-05, 0.000181191033334],
        "median": [0.140402913094, 10.0130243301, 123.528121948, 74.6153259277, 49.6502685547, 13.6252813339, 5.36400175095, 2.36311626434, 0.65916788578, 2.58533930779, 0.832767486572, 0.0907939597964, 0.0391814112663, 0.0444906875491, 0.0396932736039, 0.045885566622, 0.0313400067389, 0.0221525244415, 0.0171629656106, 0.0216914247721, 0.0314651988447, 0.0370595306158, 0.0223133023828, 0.034625750035, 0.0177598185837, 0.017694465816, 0.00904084742069, 0.00524952076375, 0.00195007992443, 0.0015814154176, 0.0010574485641, 0.00121941312682, 0.00116230652202, 0.000573821482249, 0.000300352199702, 0.000176538567757, 8.72674936545e-05, 2.32168349612e-05, 8.27131952974e-05, 0.000178282512934],
        "min": [0.0121825104579, 0.157364681363, 0.714164555073, 1.06009173393, 0.928214550018, 1.35517847538, 1.41507208347, 0.542393922806, 0.225974023342, 0.104063034058, 0.0678329989314, 0.0442560687661, 0.0165044460446, 0.018540661782, 0.0127019193023, 0.0215156562626, 0.0108764711767, 0.00960933789611, 0.00655823061243, 0.00573070487007, 0.00572141585872, 0.00618876703084, 0.00807918701321, 0.00841419398785, 0.00706294737756, 0.00532166427001, 0.00415572524071, 0.00167962966952, 0.0011960756965, 0.000702665827703, 0.000507610966451, 0.000554277212359, 0.000485725351609, 0.000264303380391, 0.00017885582929, 0.000111832014227, 5.67490023968e-05, 1.3909102563e-05, 6.34266762063e-05, 6.17214100203e-05],
        "var": [0.000485799595481, 1.04805088043, 386.208740234, 1084.43310547, 327.636230469, 59.8830833435, 10.8660364151, 1.57793629169, 0.127596840262, 1.16631579399, 0.0843347907066, 0.0381870344281, 0.0314561650157, 0.0319960191846, 0.0249887593091, 0.0193849075586, 0.0156315416098, 0.0149736199528, 0.0122595289722, 0.010235616006, 0.00826601590961, 0.00621340377256, 0.00531735504046, 0.00456588808447, 0.0030025660526, 0.00231847306713, 0.00181101891212, 0.00131533830427, 0.000899218895938, 0.000585682515521, 0.000367280445062, 0.000203493662411, 0.000108636930236, 5.24501228938e-05, 2.0022960598e-05, 6.06289722782e-06, 1.29391764858e-06, 1.63439977996e-07, 7.82555620304e-09, 1.15814968726e-09]
    },
    "gfcc": {
        "mean": [-187.889678955, 194.696502686, 9.59966087341, 52.9423522949, -5.50481700897, -18.499168396, -20.5121631622, -9.9411649704, -16.4989681244, -17.4857120514, -6.55086755753, -24.5748615265, -14.1702222824],
        "cov": [[525.0859375, -256.126861572, -161.347167969, -32.3499031067, -87.9184875488, 70.182220459, -49.2663536072, 6.77029514313, -28.6655902863, 30.4719867706, -33.0218429565, 54.5375404358, -6.49385356903], [-256.126861572, 240.749053955, 131.796325684, 19.7849807739, 53.5425834656, -89.5893478394, -13.2098655701, -37.869846344, 26.2628803253, -18.777305603, 14.7516822815, -39.7468757629, 3.37131404877], [-161.347167969, 131.796325684, 88.8344802856, 22.1553230286, 31.6561603546, -44.33070755, 3.70866942406, -19.1670284271, 4.20556354523, -16.2223472595, 13.6134700775, -26.7826290131, 1.63901340961], [-32.3499031067, 19.7849807739, 22.1553230286, 33.8559341431, 8.99719715118, -7.6391954422, 8.64826393127, -1.43723368645, -9.26078891754, -15.5697479248, 12.2393140793, -11.8204669952, -4.4170050621], [-87.9184875488, 53.5425834656, 31.6561603546, 8.99719715118, 28.5356769562, -14.1943397522, 7.1566286087, -3.03862738609, 2.157132864, -8.761759758, 4.38282728195, -6.71194982529, 1.38910639286], [70.182220459, -89.5893478394, -44.33070755, -7.6391954422, -14.1943397522, 50.4061393738, 18.6655502319, 18.0391044617, -9.97599220276, 6.43039655685, -5.16061162949, 11.4905700684, -0.336541831493], [-49.2663536072, -13.2098655701, 3.70866942406, 8.64826393127, 7.1566286087, 18.6655502319, 36.0002441406, 9.21366977692, -14.97219944, -4.1123623848, 6.28395652771, -5.32790327072, -2.15404105186], [6.77029514313, -37.869846344, -19.1670284271, -1.43723368645, -3.03862738609, 18.0391044617, 9.21366977692, 21.5053653717, 2.76222085953, -1.4148247242, -2.78479456902, 4.01652193069, -0.776413738728], [-28.6655902863, 26.2628803253, 4.20556354523, -9.26078891754, 2.157132864, -9.97599220276, -14.97219944, 2.76222085953, 28.7218112946, 4.40860271454, -8.59914493561, -1.17860662937, 1.62086355686], [30.4719867706, -18.777305603, -16.2223472595, -15.5697479248, -8.761759758, 6.43039655685, -4.1123623848, -1.4148247242, 4.40860271454, 16.3321018219, -5.79822206497, 3.52621340752, 0.200146526098], [-33.0218429565, 14.7516822815, 13.6134700775, 12.2393140793, 4.38282728195, -5.16061162949, 6.28395652771, -2.78479456902, -8.59914493561, -5.79822206497, 12.8703279495, -7.8278002739, -2.46811628342], [54.5375404358, -39.7468757629, -26.7826290131, -11.8204669952, -6.71194982529, 11.4905700684, -5.32790327072, 4.01652193069, -1.17860662937, 3.52621340752, -7.8278002739, 20.1670455933, 3.22998785973], [-6.49385356903, 3.37131404877, 1.63901340961, -4.4170050621, 1.38910639286, -0.336541831493, -2.15404105186, -0.776413738728, 1.62086355686, 0.200146526098, -2.46811628342, 3.22998785973, 6.83287477493]],
        "icov": [[0.028160976246, -0.0201347265393, 0.031336825341, -0.0280740819871, 0.0393409319222, -0.0354488566518, 0.0644172057509, -0.00855726189911, 0.0731038823724, -0.0135097587481, 0.0712899044156, -0.00981441978365, 0.034068852663], [-0.0201347265393, 0.146152660251, -0.108747415245, 0.0757540985942, -0.0968332663178, 0.11024351418, -0.0763837471604, 0.0984708368778, -0.145402029157, 0.0625582635403, -0.0764997154474, 0.0631284341216, -0.0287812054157], [0.031336825341, -0.108747415245, 0.151441916823, -0.0651003941894, 0.0650478899479, -0.0696750953794, 0.0719655379653, -0.0391134656966, 0.129033446312, -0.0202923510224, 0.0899932831526, -0.00367529364303, 0.0108441477641], [-0.0280740819871, 0.0757540985942, -0.0651003941894, 0.132052868605, -0.0703638494015, 0.0670292302966, -0.0758129060268, 0.0542223453522, -0.105713449419, 0.100004836917, -0.106627702713, 0.0599458180368, -0.00791580509394], [0.0393409319222, -0.0968332663178, 0.0650478899479, -0.0703638494015, 0.162943571806, -0.0844447091222, 0.0821602642536, -0.0624771378934, 0.136230170727, -0.0349707007408, 0.111091755331, -0.0656868889928, 0.0454808697104], [-0.0354488566518, 0.11024351418, -0.0696750953794, 0.0670292302966, -0.0844447091222, 0.166301608086, -0.13541136682, 0.0521968826652, -0.145452365279, 0.0430986322463, -0.0952077880502, 0.048014100641, -0.0632852166891], [0.0644172057509, -0.0763837471604, 0.0719655379653, -0.0758129060268, 0.0821602642536, -0.13541136682, 0.233571827412, -0.0751917138696, 0.228760838509, -0.0578928627074, 0.169755801558, -0.0176964700222, 0.0914676338434], [-0.00855726189911, 0.0984708368778, -0.0391134656966, 0.0542223453522, -0.0624771378934, 0.0521968826652, -0.0751917138696, 0.178407922387, -0.134457305074, 0.0933708921075, -0.04672979936, 0.0507462471724, -0.0121511006728], [0.0731038823724, -0.145402029157, 0.129033446312, -0.105713449419, 0.136230170727, -0.145452365279, 0.228760838509, -0.134457305074, 0.34238705039, -0.0951191261411, 0.252670437098, -0.0400433503091, 0.0956711247563], [-0.0135097587481, 0.0625582635403, -0.0202923510224, 0.100004836917, -0.0349707007408, 0.0430986322463, -0.0578928627074, 0.0933708921075, -0.0951191261411, 0.188063129783, -0.0404618643224, 0.0676020234823, -0.00211662892252], [0.0712899044156, -0.0764997154474, 0.0899932831526, -0.106627702713, 0.111091755331, -0.0952077880502, 0.169755801558, -0.04672979936, 0.252670437098, -0.0404618643224, 0.357935279608, 0.00276376632974, 0.105145789683], [-0.00981441978365, 0.0631284341216, -0.00367529364303, 0.0599458180368, -0.0656868889928, 0.048014100641, -0.0176964700222, 0.0507462471724, -0.0400433503091, 0.0676020234823, 0.00276376632974, 0.162216901779, -0.0531008057296], [0.034068852663, -0.0287812054157, 0.0108441477641, -0.00791580509394, 0.0454808697104, -0.0632852166891, 0.0914676338434, -0.0121511006728, 0.0956711247563, -0.00211662892252, 0.105145789683, -0.0531008057296, 0.240751728415]]
    },
    "melbands": {
        "dmean": [0.000234612074564, 0.00498225865886, 0.00476699601859, 0.000681604782585, 0.000115652641398, 2.26401098189e-05, 2.59619605458e-06, 7.55362179916e-06, 8.09838297755e-07, 2.63907310227e-07, 1.50038232505e-07, 1.42804779557e-07, 1.01447184875e-07, 8.88672460064e-08, 7.521360601e-08, 4.63903617742e-08, 4.42861143313e-08, 3.10095380485e-08, 2.70155577908e-08, 2.55459404741e-08, 2.09146442387e-08, 1.98766105797e-08, 1.227398716e-08, 2.2785409115e-08, 2.22101412817e-08, 1.2417095796e-08, 1.1608330297e-08, 9.84999992681e-09, 6.40549080444e-09, 4.41396164064e-09, 3.39115691084e-09, 2.26345231447e-09, 2.01700611768e-09, 1.79130721367e-09, 1.54323154256e-09, 1.47881962231e-09, 1.61167601487e-09, 1.1291418911e-09, 1.0385278193e-09, 7.47611139662e-10],
        "dmean2": [0.000283602799755, 0.00503446720541, 0.00473922071978, 0.00068095640745, 0.000115953887871, 2.29558881983e-05, 2.89451509161e-06, 8.06928437669e-06, 1.05338665435e-06, 3.80051915272e-07, 2.18950049202e-07, 2.08379518085e-07, 1.49268061023e-07, 1.36023800223e-07, 1.20665205827e-07, 7.4400773542e-08, 6.96151545299e-08, 4.70401708696e-08, 4.18649328537e-08, 3.83904783519e-08, 3.0719814248e-08, 3.01354106114e-08, 1.92262579191e-08, 3.46179866995e-08, 3.44243105133e-08, 1.91573938935e-08, 1.82205646126e-08, 1.59734714344e-08, 1.01693915511e-08, 6.75303102327e-09, 5.23304999334e-09, 3.4182252584e-09, 3.08042813479e-09, 2.79176348705e-09, 2.37242248069e-09, 2.26734808706e-09, 2.48298870353e-09, 1.71567837715e-09, 1.57230750641e-09, 1.11307063566e-09],
        "dvar": [1.27831285113e-07, 3.37864694302e-05, 9.37549975788e-06, 1.88382600186e-07, 4.25313562147e-09, 1.61591712233e-10, 5.38426985289e-12, 2.41715224225e-11, 1.02217052097e-12, 1.16329515465e-12, 5.26278564998e-13, 3.63965883257e-13, 1.94083301947e-13, 1.34798273346e-13, 6.33379863856e-14, 4.2921412545e-14, 3.44364971651e-14, 2.28107514296e-14, 1.66729152186e-14, 9.47713824464e-15, 7.32592273927e-15, 4.4421338488e-15, 2.60242508594e-15, 2.09655985742e-15, 1.50141545044e-15, 1.09479633119e-15, 8.41271535026e-16, 6.12119106064e-16, 4.65501038086e-16, 3.74635446321e-16, 2.71108220771e-16, 2.05544178119e-16, 1.50063559779e-16, 1.1426045648e-16, 8.48789614178e-17, 6.51108006156e-17, 4.21427379359e-17, 3.66105639253e-17, 2.86293992886e-17, 2.51046718563e-17],
        "dvar2": [1.50887842665e-07, 3.40099031746e-05, 1.13987343866e-05, 1.91352114598e-07, 3.8224108323e-09, 1.72134195786e-10, 8.59374984369e-12, 3.09933537168e-11, 1.96249982411e-12, 1.58996925868e-12, 6.84465179847e-13, 5.52836097213e-13, 2.46985239335e-13, 1.90462242874e-13, 9.75013052609e-14, 6.46339671237e-14, 5.13818757778e-14, 3.33103024872e-14, 2.36072520852e-14, 1.3752925834e-14, 1.02949206031e-14, 7.21450148428e-15, 4.15092646263e-15, 3.73602981979e-15, 2.32963558417e-15, 1.60208616325e-15, 1.51445891079e-15, 1.0773493583e-15, 6.79102418593e-16, 5.54786039903e-16, 3.93851871037e-16, 3.01386578141e-16, 2.23324021722e-16, 1.74906242028e-16, 1.27219081191e-16, 9.92081780818e-17, 6.37199460464e-17, 5.52436443299e-17, 4.30576890289e-17, 3.63660030142e-17],
        "max": [0.00440346961841, 0.0543435961008, 0.0222185682505, 0.00396988121793, 0.000672339869197, 0.000133026958792, 3.31309493049e-05, 5.48657626496e-05, 1.0483366168e-05, 9.98286304821e-06, 6.70477402309e-06, 5.48328625882e-06, 4.27389477409e-06, 3.31218484462e-06, 2.11379574466e-06, 1.72508327978e-06, 1.55840325533e-06, 1.29806539917e-06, 1.16125568184e-06, 8.62244178279e-07, 8.29187968066e-07, 5.86561554883e-07, 4.81805955133e-07, 5.20769731338e-07, 4.00733938477e-07, 2.94804351597e-07, 2.5397324066e-07, 2.21731184524e-07, 1.88861719153e-07, 1.63297258382e-07, 1.40894968581e-07, 1.17373538444e-07, 9.9342265969e-08, 8.51618864317e-08, 7.41654986314e-08, 6.58002790033e-08, 5.57657031663e-08, 4.92271325925e-08, 4.36849916241e-08, 4.19412629071e-08],
        "mean": [0.00340127153322, 0.0455130897462, 0.0141370370984, 0.00216426048428, 0.000274454185273, 5.4648375226e-05, 1.08370668386e-05, 2.79715823126e-05, 4.45032583229e-06, 5.48222601537e-07, 3.11151950427e-07, 3.05139423062e-07, 2.19375635879e-07, 2.0507526699e-07, 1.70822588075e-07, 8.48201366921e-08, 7.99776387339e-08, 5.62567876727e-08, 5.50125882626e-08, 4.8140297082e-08, 6.58494201389e-08, 7.37273211371e-08, 2.33064270105e-08, 4.00706916537e-08, 4.0628197695e-08, 2.24923706327e-08, 1.98387901662e-08, 1.84061690334e-08, 1.15690808045e-08, 7.58066587281e-09, 6.18790974016e-09, 3.91837406966e-09, 3.32404948011e-09, 2.93748048108e-09, 2.45340703309e-09, 2.28395968804e-09, 2.45131426269e-09, 1.91528526372e-09, 1.99230942854e-09, 1.22384657963e-09],
        "median": [0.00339616509154, 0.0455370098352, 0.0139439580962, 0.00208966853097, 0.00025459821336, 5.1640363381e-05, 9.68788663158e-06, 2.79264495475e-05, 4.43674753114e-06, 3.50686377715e-07, 1.75226276156e-07, 1.8144530145e-07, 1.21365459904e-07, 1.35535287882e-07, 1.18607076161e-07, 4.02787954101e-08, 4.06697076016e-08, 2.54358152318e-08, 3.04008054286e-08, 2.46458053965e-08, 4.36509068891e-08, 5.39192299698e-08, 1.08236841712e-08, 2.56454519842e-08, 2.93475981294e-08, 1.34442066368e-08, 1.24437589122e-08, 1.13671703161e-08, 6.45850084524e-09, 3.46522122108e-09, 2.78063905235e-09, 1.05946518225e-09, 8.46299141877e-10, 8.13863310078e-10, 5.74732206271e-10, 5.60580248887e-10, 8.09929789902e-10, 6.42260189476e-10, 8.9637902656e-10, 2.41703101977e-10],
        "min": [0.000141968092066, 0.000326750567183, 0.000179303460754, 8.07998439996e-05, 5.72905482841e-05, 1.13659234557e-05, 3.11084022542e-06, 8.68057441039e-07, 4.45000978289e-07, 1.320689762e-07, 7.18890831308e-08, 7.80934499289e-08, 4.82131383706e-08, 5.80940984207e-08, 2.58520529428e-08, 1.02126245238e-08, 1.48390633115e-08, 8.64235527587e-09, 7.52742312926e-09, 5.33220756438e-09, 6.79313583163e-09, 4.92699081533e-09, 4.34971436647e-09, 5.7654943042e-09, 7.24252746664e-09, 3.94616828103e-09, 3.28355476142e-09, 3.38460526272e-09, 2.4893305195e-09, 1.24300381099e-09, 8.37032887446e-10, 5.29262633719e-10, 4.22014229118e-10, 2.8105737182e-10, 2.15572684703e-10, 1.48833265157e-10, 3.10438424966e-10, 2.51597714884e-10, 2.9457650208e-10, 8.12461556365e-11],
        "var": [1.43824550491e-07, 5.17618063895e-05, 2.96018133668e-05, 6.97627513091e-07, 2.05760368743e-08, 7.92132415217e-10, 2.47951086746e-11, 1.44520950762e-10, 2.76939820902e-12, 1.56174715087e-12, 7.58261725978e-13, 5.30868643316e-13, 2.85918559878e-13, 1.79861767841e-13, 9.46008814904e-14, 6.61034202094e-14, 4.92897450557e-14, 3.19897035836e-14, 2.29620806418e-14, 1.41789037854e-14, 1.11787376502e-14, 7.55742107891e-15, 4.49465666779e-15, 4.2907605908e-15, 2.93465787763e-15, 1.80135024057e-15, 1.27605407625e-15, 9.5291344209e-16, 7.36018426907e-16, 5.57206171852e-16, 4.04067644246e-16, 2.99757892602e-16, 2.19106366745e-16, 1.65301285453e-16, 1.25353094078e-16, 9.64934043986e-17, 6.87583825668e-17, 5.556865021e-17, 4.21701043793e-17, 3.58602515528e-17]
    },
    "mfcc": {
        "mean": [-872.30847168, 227.246902466, 83.9838562012, 80.664100647, 44.0336418152, 10.7770986557, 15.4774341583, 1.94932579994, -1.94154727459, 0.275962352753, -2.54710841179, 4.77753019333, 0.980909764767],
        "cov": [[585.811279297, -242.961074829, -153.914031982, -110.282859802, -68.6378097534, 20.1504325867, -28.5264396667, -0.807757675648, -2.46471953392, -0.418177217245, -12.1796789169, -24.6074581146, -14.9674510956], [-242.961074829, 184.561920166, 88.5325164795, 71.1576309204, 53.6836891174, -18.4209251404, -22.8171768188, -31.4518642426, -8.7074213028, -7.43642854691, -9.0226650238, 11.0950584412, 20.676115036], [-153.914031982, 88.5325164795, 61.4628982544, 38.2702102661, 22.5134487152, -5.35762548447, 1.49651741982, -9.06545448303, -3.18946123123, 1.11209213734, -3.08391141891, 5.32785558701, 6.75862550735], [-110.282859802, 71.1576309204, 38.2702102661, 67.8624191284, 24.0130729675, -12.9637746811, 13.8182973862, -6.74585533142, -17.0584335327, -3.91331911087, -6.16511678696, 2.40802049637, -1.11689448357], [-68.6378097534, 53.6836891174, 22.5134487152, 24.0130729675, 29.4463024139, -7.76466369629, -16.5125770569, -4.963534832, 0.466823846102, -6.6530585289, -3.31556963921, 7.21756076813, 6.55860185623], [20.1504325867, -18.4209251404, -5.35762548447, -12.9637746811, -7.76466369629, 16.0833415985, 10.7589998245, 2.42434716225, 1.94033432007, 1.14331328869, 3.74468636513, -4.29088401794, -5.46685314178], [-28.5264396667, -22.8171768188, 1.49651741982, 13.8182973862, -16.5125770569, 10.7589998245, 56.9157524109, 18.0868911743, -12.9835805893, 7.17470598221, 5.46859550476, -12.3126869202, -16.1471118927], [-0.807757675648, -31.4518642426, -9.06545448303, -6.74585533142, -4.963534832, 2.42434716225, 18.0868911743, 28.3091926575, 6.92960453033, -4.10444498062, 7.24715518951, -2.48709201813, -9.18152809143], [-2.46471953392, -8.7074213028, -3.18946123123, -17.0584335327, 0.466823846102, 1.94033432007, -12.9835805893, 6.92960453033, 21.9870624542, 0.915422737598, 1.34230041504, 8.26577377319, 5.05764961243], [-0.418177217245, -7.43642854691, 1.11209213734, -3.91331911087, -6.6530585289, 1.14331328869, 7.17470598221, -4.10444498062, 0.915422737598, 15.3724012375, -0.127508163452, 0.0899940803647, 2.65999722481], [-12.1796789169, -9.0226650238, -3.08391141891, -6.16511678696, -3.31556963921, 3.74468636513, 5.46859550476, 7.24715518951, 1.34230041504, -0.127508163452, 16.5437068939, -0.203191831708, -6.10336637497], [-24.6074581146, 11.0950584412, 5.32785558701, 2.40802049637, 7.21756076813, -4.29088401794, -12.3126869202, -2.48709201813, 8.26577377319, 0.0899940803647, -0.203191831708, 17.6327838898, 5.42472267151], [-14.9674510956, 20.676115036, 6.75862550735, -1.11689448357, 6.55860185623, -5.46685314178, -16.1471118927, -9.18152809143, 5.05764961243, 2.65999722481, -6.10336637497, 5.42472267151, 15.8384065628]],
