{
"lowlevel": {
    "average_loudness": 0.920148551464,
    "barkbands_crest": {
        "dmean": 1.01986467838,
        "dmean2": 1.63047409058,
        "dvar": 3.42803740501,
        "dvar2": 7.26416778564,
        "max": 26.2286396027,
        "mean": 15.6201524734,
        "median": 14.9817733765,
        "min": 7.71745491028,
        "var": 14.0945491791
    },
    "barkbands_flatness_db": {
        "dmean": 0.023687299341,
        "dmean2": 0.0341658443213,
        "dvar": 0.00103864376433,
        "dvar2": 0.00199949136004,
        "max": 0.543874919415,
        "mean": 0.386005431414,
        "median": 0.370799422264,
        "min": 0.134394064546,
        "var": 0.00678840186447
    },
    "barkbands_kurtosis": {
        "dmean": 31.7365074158,
        "dmean2": 48.7430801392,
        "dvar": 11287.1416016,
        "dvar2": 24480.421875,
        "max": 845.954711914,
        "mean": 72.0573730469,
        "median": 19.7708835602,
        "min": 6.61914730072,
        "var": 33405.2929688
    },
    "barkbands_skewness": {
        "dmean": 0.943881332874,
        "dmean2": 1.37848246098,
        "dvar": 4.5730805397,
        "dvar2": 9.12323474884,
        "max": 17.6005077362,
        "mean": 2.83160424232,
        "median": 1.92835247517,
        "min": -1.11722803116,
        "var": 10.6137456894
    },
    "barkbands_spread": {
        "dmean": 0.203701078892,
        "dmean2": 0.279460698366,
        "dvar": 0.311136484146,
        "dvar2": 0.460553556681,
        "max": 6.22823667526,
        "mean": 1.13653659821,
        "median": 1.12154197693,
        "min": 0.0697463676333,
        "var": 0.692479252815
    },
    "dissonance": {
        "dmean": 0.0500231273472,
        "dmean2": 0.08172891289,
        "dvar": 0.00214711367153,
        "dvar2": 0.00494348490611,
        "max": 0.447220414877,
        "mean": 0.266050547361,
        "median": 0.250591754913,
        "min": 0.183693945408,
        "var": 0.00435214536265
    },
    "dynamic_complexity": 3.85070562363,
    "erbbands_crest": {
        "dmean": 1.34155344963,
        "dmean2": 1.97363722324,
        "dvar": 5.77459859848,
        "dvar2": 10.9749403,
        "max": 33.6997337341,
        "mean": 21.1267528534,
        "median": 21.4251918793,
        "min": 11.5528125763,
        "var": 26.2369537354
    },
    "erbbands_flatness_db": {
        "dmean": 0.0206230897456,
        "dmean2": 0.0297972932458,
        "dvar": 0.000853498175275,
        "dvar2": 0.00161915703211,
        "max": 0.539848566055,
        "mean": 0.409022599459,
        "median": 0.393403738737,
        "min": 0.182432323694,
        "var": 0.00535628106445
    },
    "erbbands_kurtosis": {
        "dmean": 8.50097751617,
        "dmean2": 12.6310434341,
        "dvar": 267.927703857,
        "dvar2": 481.220031738,
        "max": 155.295883179,
        "mean": 26.36510849,
        "median": 12.2402029037,
        "min": 2.70356702805,
        "var": 1180.44348145
    },
    "erbbands_skewness": {
        "dmean": 0.579372823238,
        "dmean2": 0.825073301792,
        "dvar": 0.482502996922,
        "dvar2": 1.07565414906,
        "max": 7.36335802078,
        "mean": 2.27955937386,
        "median": 1.7751916647,
        "min": 0.209431037307,
        "var": 2.2958073616
    },
    "erbbands_spread": {
        "dmean": 0.518267452717,
        "dmean2": 0.725288569927,
        "dvar": 1.74076831341,
        "dvar2": 3.23063540459,
        "max": 11.2077951431,
        "mean": 2.46861624718,
        "median": 2.48726916313,
        "min": 0.259649932384,
        "var": 3.31086945534
    },
    "hfc": {
        "dmean": 0.800129771233,
        "dmean2": 0.932001531124,
        "dvar": 2.1710600853,
        "dvar2": 4.21558570862,
        "max": 22.3506202698,
        "mean": 6.36992073059,
        "median": 3.88287639618,
        "min": 0.020200535655,
        "var": 41.464717865
    },
    "melbands_crest": {
        "dmean": 1.20603108406,
        "dmean2": 1.81816720963,
        "dvar": 5.10787677765,
        "dvar2": 11.6834497452,
        "max": 31.9178543091,
        "mean": 18.8153648376,
        "median": 19.0266857147,
        "min": 11.4760026932,
        "var": 21.8402690887
    },
    "melbands_flatness_db": {
        "dmean": 0.0244046375155,
        "dmean2": 0.0348208025098,
        "dvar": 0.00115180504508,
        "dvar2": 0.00238897255622,
        "max": 0.646116375923,
        "mean": 0.471298336983,
        "median": 0.458151161671,
        "min": 0.225837856531,
        "var": 0.00742599880323
    },
    "melbands_kurtosis": {
        "dmean": 6.95816087723,
        "dmean2": 10.7339735031,
        "dvar": 147.47454834,
        "dvar2": 331.552581787,
        "max": 98.1684494019,
        "mean": 14.9284200668,
        "median": 5.53351783752,
        "min": 0.152117729187,
        "var": 356.525177002
    },
    "melbands_skewness": {
        "dmean": 0.402558475733,
        "dmean2": 0.544497013092,
        "dvar": 0.330339610577,
        "dvar2": 0.684101045132,
        "max": 4.66899490356,
        "mean": 0.97275274992,
        "median": 0.635915398598,
        "min": -1.82741427422,
        "var": 1.17733895779
    },
    "melbands_spread": {
        "dmean": 0.282566815615,
        "dmean2": 0.401427030563,
        "dvar": 0.42101919651,
        "dvar2": 0.669079720974,
        "max": 8.16709804535,
        "mean": 2.0322163105,
        "median": 2.04497122765,
        "min": 0.242795437574,
        "var": 1.90175616741
    },
    "pitch_salience": {
        "dmean": 0.0420509390533,
        "dmean2": 0.0582484602928,
        "dvar": 0.00639724219218,
        "dvar2": 0.0136138116941,
        "max": 0.758526265621,
        "mean": 0.460152894258,
        "median": 0.555519402027,
        "min": 0.0723333135247,
        "var": 0.0469147711992
    },
    "silence_rate_20dB": {
        "dmean": 0,
        "dmean2": 0,
        "dvar": 0,
        "dvar2": 0,
        "max": 1,
        "mean": 1,
        "median": 1,
        "min": 1,
        "var": 0
    },
    "silence_rate_30dB": {
        "dmean": 0,
        "dmean2": 0,
        "dvar": 0,
        "dvar2": 0,
        "max": 1,
        "mean": 1,
        "median": 1,
        "min": 1,
        "var": 0
    },
    "silence_rate_60dB": {
        "dmean": 0.0333333350718,
        "dmean2": 0.0674157291651,
        "dvar": 0.0322222262621,
        "dvar2": 0.0853426754475,
        "max": 1,
        "mean": 0.142857149243,
        "median": 0,
        "min": 0,
        "var": 0.122448965907
    },
    "spectral_centroid": {
        "dmean": 12.6390485764,
        "dmean2": 18.0559825897,
        "dvar": 719.560913086,
        "dvar2": 1067.70776367,
        "max": 713.367553711,
        "mean": 481.784698486,
        "median": 489.443603516,
        "min": 395.537017822,
        "var": 3749.70507812
    },
    "spectral_complexity": {
        "dmean": 0.455555558205,
        "dmean2": 0.73033708334,
        "dvar": 0.60358029604,
        "dvar2": 0.938518404961,
        "max": 8,
        "mean": 5.26373624802,
        "median": 5,
        "min": 0,
        "var": 2.15022349358
    },
    "spectral_decrease": {
        "dmean": 4.69552507987e-10,
        "dmean2": 5.4039256403e-10,
        "dvar": 7.75521735733e-19,
        "dvar2": 1.29060813715e-18,
        "max": -8.34785279097e-12,
        "mean": -3.7211094206e-09,
        "median": -2.02748418054e-09,
        "min": -1.44271732339e-08,
        "var": 1.79776191784e-17
    },
    "spectral_energy": {
        "dmean": 0.00184430973604,
        "dmean2": 0.00212340685539,
        "dvar": 1.19383548736e-05,
        "dvar2": 2.00010999833e-05,
        "max": 0.0564785115421,
        "mean": 0.0146220428869,
        "median": 0.00808090902865,
        "min": 3.33389725711e-05,
        "var": 0.000275042781141
    },
    "spectral_energyband_high": {
        "dmean": 5.95692426941e-07,
        "dmean2": 9.64508899415e-07,
        "dvar": 1.51246593375e-12,
        "dvar2": 3.79224603109e-12,
        "max": 9.04748230823e-06,
        "mean": 1.15248326438e-06,
        "median": 8.86773534603e-07,
        "min": 2.08187387329e-07,
        "var": 1.38587719859e-12
    },
    "spectral_energyband_low": {
        "dmean": 2.76950277112e-06,
        "dmean2": 4.8424913075e-06,
        "dvar": 1.20292100933e-11,
        "dvar2": 3.02532929264e-11,
        "max": 2.17718134081e-05,
        "mean": 3.81123004445e-06,
        "median": 3.01088175547e-06,
        "min": 2.38909422023e-07,
        "var": 1.22905956246e-11
    },
    "spectral_energyband_middle_high": {
        "dmean": 1.77186484507e-05,
        "dmean2": 2.01512848435e-05,
        "dvar": 2.68044919594e-10,
        "dvar2": 4.57560128675e-10,
        "max": 0.000248605880188,
        "mean": 7.37707086955e-05,
        "median": 6.72041351208e-05,
        "min": 3.14390285894e-06,
        "var": 2.66455923992e-09
    },
    "spectral_energyband_middle_low": {
        "dmean": 0.00184245943092,
        "dmean2": 0.00212260009721,
        "dvar": 1.19414053188e-05,
        "dvar2": 2.0010944354e-05,
        "max": 0.0564441680908,
        "mean": 0.0145519236103,
        "median": 0.00807114969939,
        "min": 2.90265525109e-05,
        "var": 0.000275571335806
    },
    "spectral_entropy": {
        "dmean": 0.224235147238,
        "dmean2": 0.311644375324,
        "dvar": 0.130188077688,
        "dvar2": 0.215235576034,
        "max": 8.25149726868,
        "mean": 5.11344337463,
        "median": 5.23745203018,
        "min": 3.68241643906,
        "var": 0.633841753006
    },
    "spectral_flux": {
        "dmean": 0.00778613751754,
        "dmean2": 0.0118299266323,
        "dvar": 0.000220490459469,
        "dvar2": 0.000467056437628,
        "max": 0.127664104104,
        "mean": 0.0166733823717,
        "median": 0.00993857439607,
        "min": 0.00437199650332,
        "var": 0.000348192814272
    },
    "spectral_kurtosis": {
        "dmean": 17.3410015106,
        "dmean2": 26.9885120392,
        "dvar": 243.610076904,
        "dvar2": 578.135925293,
        "max": 140.816818237,
        "mean": 57.3684387207,
        "median": 50.3875389099,
        "min": 2.25842142105,
        "var": 870.456298828
    },
    "spectral_rms": {
        "dmean": 0.000258420332102,
        "dmean2": 0.000317581638228,
        "dvar": 2.38738437019e-07,
        "dvar2": 5.55173357952e-07,
        "max": 0.00742300413549,
        "mean": 0.00330221513286,
        "median": 0.00280781299807,
        "min": 0.000180349175935,
        "var": 3.36077755492e-06
    },
    "spectral_rolloff": {
        "dmean": 23.92578125,
        "dmean2": 41.3727836609,
        "dvar": 1921.1184082,
        "dvar2": 3753.44970703,
        "max": 732.12890625,
        "mean": 563.649230957,
        "median": 581.396484375,
        "min": 409.130859375,
        "var": 10736.8955078
    },
    "spectral_skewness": {
        "dmean": 0.995105087757,
        "dmean2": 1.55698132515,
        "dvar": 0.72996622324,
        "dvar2": 1.47894871235,
        "max": 10.1216592789,
        "mean": 6.02971458435,
        "median": 5.78757429123,
        "min": 1.81005108356,
        "var": 2.98757505417
    },
    "spectral_spread": {
        "dmean": 645969.625,
        "dmean2": 781339.625,
        "dvar": 4.31432636826e+12,
        "dvar2": 1.96915809485e+12,
        "max": 28638266,
        "mean": 2047730.125,
        "median": 1590072.75,
        "min": 681787.8125,
        "var": 8.90756818534e+12
    },
    "spectral_strongpeak": {
        "dmean": 0.202226489782,
        "dmean2": 0.256832629442,
        "dvar": 0.0682947933674,
        "dvar2": 0.0873825326562,
        "max": 3.91320991516,
        "mean": 1.57166028023,
        "median": 1.08011329174,
        "min": 0.0174433868378,
        "var": 1.15754163265
    },
    "zerocrossingrate": {
        "dmean": 0.0012424045708,
        "dmean2": 0.00159651506692,
        "dvar": 4.26589622293e-06,
        "dvar2": 3.95809092879e-06,
        "max": 0.029296875,
        "mean": 0.021731197834,
        "median": 0.0224609375,
        "min": 0.00732421875,
        "var": 1.26355362227e-05
    },
    "barkbands": {
        "dmean": [1.24739258922e-07, 4.05722403229e-07, 1.8081758526e-06, 1.99420196623e-06, 4.90811326017e-05, 0.00105883937795, 0.000657465308905, 0.000504361698404, 6.30713038845e-05, 7.97666234575e-06, 1.37433898999e-05, 7.37997481792e-07, 6.78860601511e-07, 1.19871788229e-06, 1.23441282085e-06, 7.19578224562e-07, 3.59107161785e-07, 3.7312182144e-07, 3.19762079926e-07, 2.09295322406e-07, 1.49733963895e-07, 1.68003126078e-07, 8.77991652715e-08, 7.24576452171e-08, 2.89193291536e-08, 1.820938067e-08, 5.49583987208e-08],
        "dmean2": [1.59545692213e-07, 6.14118050635e-07, 3.20741401083e-06, 3.51397579834e-06, 6.25874890829e-05, 0.0012928043725, 0.000782596238423, 0.000665195228066, 8.35429527797e-05, 1.13213245641e-05, 1.56974019774e-05, 1.23326196899e-06, 1.02565059024e-06, 2.09472045754e-06, 2.04648449653e-06, 1.2473001334e-06, 5.96513132223e-07, 5.88728937601e-07, 5.16522334237e-07, 3.41994962128e-07, 2.41902654352e-07, 2.88849577146e-07, 1.55655087042e-07, 1.31033715434e-07, 4.83188919986e-08, 3.14807273583e-08, 8.135856433e-08],
        "dvar": [5.34010878052e-13, 1.2875944885e-12, 3.45774515791e-12, 4.45883477709e-12, 2.30204233453e-09, 5.22147865922e-06, 1.25038957322e-06, 2.15278123505e-06, 3.70893338264e-09, 1.59138466294e-10, 2.34620045614e-10, 4.90757445532e-13, 4.08250256517e-13, 4.58325955313e-12, 7.61111573072e-12, 4.12437532044e-12, 9.84967749723e-13, 1.07217761145e-12, 7.88278459434e-13, 2.60722460331e-13, 1.21630881907e-13, 1.85742968315e-13, 3.87951423644e-14, 2.67160476548e-14, 3.38162276433e-15, 1.87454066348e-15, 2.86155702846e-15],
        "dvar2": [5.43057406769e-13, 1.50023125433e-12, 1.00658422569e-11, 1.45238569435e-11, 4.25051061015e-09, 6.42929762762e-06, 1.42768419664e-06, 4.25268854087e-06, 5.69847680154e-09, 2.6639807027e-10, 3.34087757459e-10, 1.16204225062e-12, 9.59474687201e-13, 1.24601388235e-11, 2.02985961373e-11, 1.1052317915e-11, 2.60307877684e-12, 2.63265407738e-12, 2.03379695897e-12, 5.88550963607e-13, 2.9708329438e-13, 5.06664534546e-13, 1.02815813589e-13, 7.45321095423e-14, 9.10941159608e-15, 5.47099935884e-15, 5.96275619483e-15],
        "max": [6.97517498338e-06, 1.09068951133e-05, 8.03640705271e-06, 1.35605805553e-05, 0.000780577363912, 0.0375890992582, 0.0188563503325, 0.014323817566, 0.00123954366427, 0.000172254847712, 0.000235083381995, 6.06109415457e-06, 5.38238509762e-06, 1.73952194018e-05, 1.86134911928e-05, 1.34656038426e-05, 7.90006470197e-06, 8.75244859344e-06, 6.78178275848e-06, 3.98615929953e-06, 2.33603532251e-06, 2.91625451609e-06, 1.33193134388e-06, 8.5343185674e-07, 4.25020715511e-07, 3.56426369308e-07, 6.43858470539e-07],
        "mean": [1.33629441734e-07, 5.17314276749e-07, 2.08085521081e-06, 2.37783069679e-06, 0.00027434178628, 0.00706116296351, 0.00503916619346, 0.00170260341838, 0.000449128565378, 2.64229129243e-05, 5.26786716364e-05, 1.63059917213e-06, 1.42642079481e-06, 2.39967084781e-06, 2.43203658101e-06, 7.90910746673e-07, 4.57951330191e-07, 5.06436833803e-07, 3.64993269386e-07, 2.88626210931e-07, 2.06282820159e-07, 1.72594951664e-07, 1.05534347483e-07, 9.28716588078e-08, 5.8235610112e-08, 4.99884933447e-08, 3.59566200814e-07],
        "median": [2.50281200209e-08, 3.22959238019e-07, 1.58918294346e-06, 1.53002338266e-06, 0.000196897512069, 0.00137265329249, 0.00258592888713, 0.000803993549198, 0.000374216149794, 1.72385334736e-05, 3.61389102181e-05, 1.32218565341e-06, 1.20194624742e-06, 1.65940866736e-06, 9.2952865316e-07, 4.07938074432e-07, 2.52151693303e-07, 2.44233291369e-07, 1.74271121978e-07, 1.67686124541e-07, 1.15804958511e-07, 7.21444735063e-08, 5.5627307205e-08, 5.6464497078e-08, 4.50911628036e-08, 4.58074076448e-08, 3.78839558834e-07],
        "min": [6.28491314547e-10, 4.52916424365e-08, 2.34645085584e-08, 9.9541267673e-08, 1.40343047406e-06, 1.17211970974e-06, 8.69729865371e-06, 9.52520986175e-06, 4.60810588265e-06, 5.41146391697e-07, 5.82895324897e-07, 8.647501204e-08, 6.78715252889e-08, 8.89601778908e-08, 1.18311469066e-07, 5.8666842051e-08, 5.1197737605e-08, 6.65937491817e-08, 3.83208380583e-08, 2.54370995378e-08, 3.17014254847e-08, 2.56920014152e-08, 1.54494887994e-08, 1.17930341048e-08, 1.11327604913e-08, 1.13961533543e-08, 3.16145438717e-08],
        "var": [5.3343619669e-13, 1.28933040459e-12, 3.70470668032e-12, 5.83940274607e-12, 5.64211397602e-08, 0.000143039302202, 2.86415561277e-05, 8.81999585545e-06, 8.71825136528e-08, 1.04897357467e-09, 2.68710831364e-09, 1.5456793831e-12, 8.94081737899e-13, 6.18371716679e-12, 1.29174240748e-11, 3.00648308332e-12, 7.90530564187e-13, 9.87383460584e-13, 6.23125954047e-13, 2.66248205124e-13, 1.12729582071e-13, 1.30100289808e-13, 2.9068788392e-14, 1.77985559369e-14, 2.93438957994e-15, 1.56388370678e-15, 3.00037535236e-14]
    },
    "erbbands": {
        "dmean": [1.31854139909e-05, 0.000114670438052, 0.00147228094283, 0.00432191370055, 0.0202438477427, 0.19003342092, 0.692367136478, 9.55000972748, 14.3705854416, 4.83524084091, 13.410410881, 1.81157922745, 1.05087614059, 0.195877626538, 0.430573314428, 0.0336256809533, 0.0328277461231, 0.055778414011, 0.0508329197764, 0.0667010471225, 0.0369098931551, 0.0203166268766, 0.0194564480335, 0.0176057107747, 0.0156023660675, 0.0106740053743, 0.00591086596251, 0.00649893097579, 0.0054852841422, 0.00517729017884, 0.00238799094222, 0.00152227678336, 0.00120348786004, 0.000395750219468, 0.000191092200112, 9.33862611419e-05, 3.1363182643e-05, 5.08887969772e-05, 6.67511403663e-06, 2.52871905104e-06],
        "dmean2": [1.92306124518e-05, 0.000190100137843, 0.0026077197399, 0.00738505646586, 0.0324903875589, 0.246129155159, 0.999109268188, 12.3969392776, 14.7781763077, 4.99045801163, 17.7120189667, 2.66152095795, 1.17611420155, 0.250253558159, 0.484579056501, 0.0513067021966, 0.0492505505681, 0.0962033420801, 0.0877999216318, 0.109099559486, 0.0623459108174, 0.0340015366673, 0.0302586052567, 0.0280175041407, 0.0258076246828, 0.016609730199, 0.00988388620317, 0.0109647894278, 0.00947809591889, 0.00882778037339, 0.00417515030131, 0.00277440994978, 0.00213475548662, 0.000665786094032, 0.000313801778248, 0.000166434401763, 5.35219005542e-05, 8.62341985339e-05, 1.0498910342e-05, 3.1909221434e-06],
        "dvar": [1.75402370406e-09, 5.47804539508e-08, 2.38960365095e-06, 2.57763695117e-05, 0.000411429035012, 0.0406313724816, 0.560419440269, 431.308563232, 1008.3170166, 44.9179458618, 1576.93261719, 11.7056818008, 1.15950763226, 0.0359571650624, 0.233351320028, 0.00105912215076, 0.00120648217853, 0.0085483957082, 0.0149164926261, 0.0215652249753, 0.0107217738405, 0.00359068019316, 0.00277424533851, 0.00209775706753, 0.00229103839956, 0.000653096765745, 0.000188414895092, 0.000275420345133, 0.000205187068786, 0.000164643206517, 2.62710091192e-05, 1.10083919935e-05, 7.6347068898e-06, 4.85730140554e-07, 1.67595359812e-07, 5.56426691389e-08, 3.24087756631e-09, 2.44342013289e-09, 4.35704215762e-11, 1.37983591567e-11],
        "dvar2": [1.95331462116e-09, 7.52905435775e-08, 6.58624639982e-06, 8.71037991601e-05, 0.000987534411252, 0.0782657265663, 1.09188389778, 599.490844727, 915.817565918, 53.7449417114, 3068.67944336, 22.4175758362, 1.11818921566, 0.0575183816254, 0.322340488434, 0.00229825940914, 0.00276131532155, 0.0227775983512, 0.0420621149242, 0.0561276003718, 0.0287454854697, 0.00951559189707, 0.00672113895416, 0.00521908793598, 0.00613874522969, 0.0015098482836, 0.00041922784294, 0.000706046470441, 0.000564950925764, 0.00043692465988, 6.94949776516e-05, 3.04390359815e-05, 2.14002357097e-05, 1.26825636926e-06, 4.67982999908e-07, 1.59438357628e-07, 9.55233048217e-09, 5.49166889741e-09, 9.60091936508e-11, 2.31141095847e-11],
        "max": [0.000400667544454, 0.00215915334411, 0.00668004248291, 0.0332952477038, 0.231328457594, 4.18625259399, 8.50139713287, 327.818511963, 556.880126953, 154.626281738, 388.523254395, 41.9085540771, 25.7741031647, 3.34171962738, 7.43303442001, 0.385654270649, 0.303389251232, 0.790721893311, 0.829712331295, 0.908729434013, 0.758624017239, 0.472529649734, 0.450473308563, 0.378620862961, 0.343883156776, 0.196038246155, 0.106037005782, 0.118874289095, 0.10200227052, 0.0827727168798, 0.0327721685171, 0.017331102863, 0.015956228599, 0.00501920981333, 0.00323212984949, 0.00185426615644, 0.000487343815621, 0.000578236475121, 7.91628917796e-05, 6.53189563309e-05],
        "mean": [1.69973136508e-05, 0.000159071452799, 0.00182797282469, 0.00736162252724, 0.0879373475909, 1.39421129227, 3.38616013527, 61.1871681213, 106.495040894, 47.2720108032, 42.0451774597, 10.4216680527, 7.99789810181, 0.986437022686, 1.62893640995, 0.123852595687, 0.0879795774817, 0.127337887883, 0.0714872032404, 0.135774031281, 0.0473517514765, 0.0266151092947, 0.0272239875048, 0.0220067761838, 0.0172669291496, 0.0138398027048, 0.00908822845668, 0.00781540665776, 0.00592593196779, 0.00515023479238, 0.00292733008973, 0.00199099257588, 0.00148760073353, 0.000701473501977, 0.000404976279242, 0.000184975651791, 0.000107253370516, 0.000186017496162, 4.27057202614e-05, 2.17958913709e-05],
        "median": [1.03459860838e-05, 0.000118555210065, 0.00131597963627, 0.00628151511773, 0.0689767003059, 1.11802017689, 3.14051008224, 11.3567447662, 24.8128471375, 38.3996047974, 17.775100708, 8.1075553894, 6.00160217285, 0.757993459702, 1.10032045841, 0.100083202124, 0.0780580192804, 0.091770991683, 0.0484081283212, 0.0404478982091, 0.0307093244046, 0.0144882444292, 0.01391413901, 0.0116915628314, 0.00837149098516, 0.00782136432827, 0.00531189655885, 0.00421986170113, 0.00282240449451, 0.00202800892293, 0.00154477800243, 0.00121967727318, 0.000893260585144, 0.000495415413752, 0.000327436631778, 0.000135987531394, 0.000102975951449, 0.000169897495653, 4.13372945332e-05, 1.46220363604e-05],
        "min": [2.22120615945e-06, 1.74802680704e-05, 5.03321898577e-05, 0.000416101975134, 0.00245065125637, 0.00622690515593, 0.00916810892522, 0.00864561926574, 0.0547329746187, 0.258608669043, 0.130331218243, 0.102422967553, 0.10443649441, 0.0517241358757, 0.0216032415628, 0.00398231344298, 0.00330716767348, 0.00460839737207, 0.00509524066001, 0.00560019398108, 0.00270107924007, 0.00315126404166, 0.00341975712217, 0.00280793197453, 0.00244695530273, 0.00125289545394, 0.00119250675198, 0.00128153106198, 0.000882575288415, 0.000564782181755, 0.000437534239609, 0.000263176305452, 0.000220602029003, 0.000139702868182, 7.366144564e-05, 3.64229090337e-05, 2.50271368714e-05, 1.99291225726e-05, 4.59800776298e-06, 5.02118155055e-07],
        "var": [1.73306557993e-09, 5.27902841441e-08, 2.47075763582e-06, 3.57444223482e-05, 0.0042905989103, 1.64832448959, 4.7779750824, 10929.2050781, 30396.0410156, 1585.35852051, 6641.27880859, 63.9014587402, 48.1447982788, 0.56943666935, 2.59791064262, 0.00802612304688, 0.00231290655211, 0.014901580289, 0.0102083208039, 0.046851310879, 0.00793846789747, 0.00284126237966, 0.00262138224207, 0.00183133454993, 0.00166633108165, 0.000661480298731, 0.00019943236839, 0.000219486915739, 0.000138765695738, 0.000123689052998, 2.07144439628e-05, 7.52889081923e-06, 5.09408027938e-06, 4.36345061416e-07, 1.43225761917e-07, 3.94898584943e-08, 3.82401044163e-09, 1.42857130569e-08, 1.87508911176e-10, 2.90978297013e-10]
    },
    "gfcc": {
        "mean": [-226.68762207, 133.223480225, -96.1495132446, -69.4387664795, -104.914794922, -55.9002075195, -39.1326522827, -7.32173919678, -3.74218606949, -1.88839030266, -9.50327682495, -6.50944375992, -5.49750947952],
        "cov": [[791.94342041, 119.682266235, -26.1750087738, 16.9209194183, -155.553039551, -82.9256057739, -96.7978820801, -152.130813599, -148.764801025, -91.1049041748, 18.1671543121, 108.744430542, 147.51902771], [119.682266235, 229.348632812, 88.1910018921, -113.696281433, -30.7156295776, -85.573677063, -49.6077842712, -78.6212158203, -6.53465223312, 1.15247225761, 33.9453926086, 36.8671340942, 64.8386383057], [-26.1750087738, 88.1910018921, 143.84173584, -37.9894332886, -12.2055826187, 2.51665234566, -16.2305431366, -34.2496261597, -28.9511699677, -5.7219877243, 4.05246496201, 11.6578941345, 25.2714767456], [16.9209194183, -113.696281433, -37.9894332886, 189.892227173, 30.2320575714, 41.8700447083, -18.0611972809, 4.20926046371, 24.50548172, 25.711561203, 9.89856910706, 4.68364953995, 13.8376808167], [-155.553039551, -30.7156295776, -12.2055826187, 30.2320575714, 90.9742584229, 58.0533103943, 50.3824996948, 55.1980476379, 3.93771219254, 5.32545518875, -38.9808616638, -33.330165863, -36.5337600708], [-82.9256057739, -85.573677063, 2.51665234566, 41.8700447083, 58.0533103943, 139.94367981, 104.744392395, 84.5361633301, -64.0676727295, -59.1679077148, -80.1761703491, -26.5978431702, -60.4388389587], [-96.7978820801, -49.6077842712, -16.2305431366, -18.0611972809, 50.3824996948, 104.744392395, 143.164413452, 117.847503662, -49.0299530029, -78.3287506104, -91.2258987427, -33.9559555054, -80.0123291016], [-152.130813599, -78.6212158203, -34.2496261597, 4.20926046371, 55.1980476379, 84.5361633301, 117.847503662, 149.307556152, 19.135471344, -40.5992965698, -69.2856674194, -55.5075683594, -89.3599700928], [-148.764801025, -6.53465223312, -28.9511699677, 24.50548172, 3.93771219254, -64.0676727295, -49.0299530029, 19.135471344, 187.352584839, 100.948959351, 70.7663192749, -33.7235908508, -15.9474592209], [-91.1049041748, 1.15247225761, -5.7219877243, 25.711561203, 5.32545518875, -59.1679077148, -78.3287506104, -40.5992965698, 100.948959351, 122.146774292, 88.3603439331, -8.24182987213, 16.3400173187], [18.1671543121, 33.9453926086, 4.05246496201, 9.89856910706, -38.9808616638, -80.1761703491, -91.2258987427, -69.2856674194, 70.7663192749, 88.3603439331, 101.553642273, 24.6944923401, 38.2122573853], [108.744430542, 36.8671340942, 11.6578941345, 4.68364953995, -33.330165863, -26.5978431702, -33.9559555054, -55.5075683594, -33.7235908508, -8.24182987213, 24.6944923401, 59.9415893555, 42.583896637], [147.51902771, 64.8386383057, 25.2714767456, 13.8376808167, -36.5337600708, -60.4388389587, -80.0123291016, -89.3599700928, -15.9474592209, 16.3400173187, 38.2122573853, 42.583896637, 98.2986755371]],
        "icov": [[0.00586943142116, -0.00778212817386, 0.0064392555505, -0.00563588412479, 0.0124670546502, -0.00239379610866, 0.00392969045788, -0.00224110786803, 0.00564580410719, -0.00126292533241, 0.00401519285515, 0.00167120760307, -0.00137323676609], [-0.00778212817386, 0.0274227485061, -0.01583471708, 0.0159449800849, -0.0276330653578, 0.0104145556688, -0.0125534189865, 0.00893463753164, -0.012456709519, 0.0125958565623, -0.0148024922237, -0.00483488105237, -0.00681175664067], [0.0064392555505, -0.01583471708, 0.0192283093929, -0.00625788699836, 0.0180920120329, -0.0115341711789, 0.00936777330935, -0.00335436314344, 0.00756560405716, -0.00468859728426, 0.0062644565478, 0.00379325845279, -0.00114490243141], [-0.00563588412479, 0.0159449800849, -0.00625788699836, 0.0199991632253, -0.0200980454683, -0.00522536830977, 0.00054304045625, 0.00241794786416, -0.0110571328551, 0.00819754134864, -0.0107985008508, -0.00610537547618, -0.00762224616483], [0.0124670546502, -0.0276330653578, 0.0180920120329, -0.0200980454683, 0.0621140636504, -0.0120944613591, 0.00621509552002, -0.00892909709364, 0.0160276088864, -0.0348772034049, 0.0397038310766, 0.00348105095327, 0.00174173980486], [-0.00239379610866, 0.0104145556688, -0.0115341711789, -0.00522536830977, -0.0120944613591, 0.0377443693578, -0.0194821916521, 0.00258224457502, 0.00519957300276, -0.00122438499238, 0.00270573445596, -0.000554405211005, 0.00586075009778], [0.00392969045788, -0.0125534189865, 0.00936777330935, 0.00054304045625, 0.00621509552002, -0.0194821916521, 0.0617765523493, -0.0305902250111, 0.00947745796293, 0.00648455973715, 0.00934715848416, -0.00605546729639, 0.0121546667069], [-0.00224110786803, 0.00893463753164, -0.00335436314344, 0.00241794786416, -0.00892909709364, 0.00258224457502, -0.0305902250111, 0.0425905063748, -0.0153623456135, 0.00807528849691, -0.00213464861736, 0.00815765187144, 0.00354020274244], [0.00564580410719, -0.012456709519, 0.00756560405716, -0.0110571328551, 0.0160276088864, 0.00519957300276, 0.00947745796293, -0.0153623456135, 0.0252644922584, -0.0127367824316, 0.00221632467583, 0.0076784202829, 0.00428611319512], [-0.00126292533241, 0.0125958565623, -0.00468859728426, 0.00819754134864, -0.0348772034049, -0.00122438499238, 0.00648455973715, 0.00807528849691, -0.0127367824316, 0.0708932429552, -0.0630547478795, 0.0177879501134, -0.0045027602464], [0.00401519285515, -0.0148024922237, 0.0062644565478, -0.0107985008508, 0.0397038310766, 0.00270573445596, 0.00934715848416, -0.00213464861736, 0.00221632467583, -0.0630547478795, 0.0947167947888, -0.0263345334679, 0.0111650796607], [0.00167120760307, -0.00483488105237, 0.00379325845279, -0.00610537547618, 0.00348105095327, -0.000554405211005, -0.00605546729639, 0.00815765187144, 0.0076784202829, 0.0177879501134, -0.0263345334679, 0.0446234606206, -0.0068001342006], [-0.00137323676609, -0.00681175664067, -0.00114490243141, -0.00762224616483, 0.00174173980486, 0.00586075009778, 0.0121546667069, 0.00354020274244, 0.00428611319512, -0.0045027602464, 0.0111650796607, -0.0068001342006, 0.0355064496398]]
    },
    "melbands": {
        "dmean": [1.15092127828e-07, 5.66432504456e-07, 9.57942688729e-07, 6.07994843449e-06, 1.80159586307e-05, 0.000235769010033, 0.000197514949832, 5.33185448148e-05, 9.76925803116e-05, 7.92498121882e-06, 5.23890366821e-06, 6.24731853804e-07, 2.05266724151e-06, 7.8599775577e-08, 8.43343883616e-08, 8.3828268771e-08, 1.00878587261e-07, 8.0630975674e-08, 8.69645973012e-08, 6.98337601079e-08, 4.20032257864e-08, 2.22494822566e-08, 1.80941448491e-08, 1.90216695728e-08, 1.36377176219e-08, 1.35053976891e-08, 8.09541411684e-09, 7.32645855095e-09, 4.41344782942e-09, 3.87081922071e-09, 3.73393449493e-09, 2.99609159704e-09, 3.60092355933e-09, 2.41847364357e-09, 1.47980394605e-09, 9.90447057703e-10, 9.49645806436e-10, 1.02812458547e-09, 5.10403719289e-10, 2.74676087431e-10],
        "dmean2": [1.68445239979e-07, 9.97796632873e-07, 1.64121638591e-06, 7.64869309933e-06, 2.62865505647e-05, 0.000286458758637, 0.000199214337044, 5.85077614232e-05, 0.000130638465635, 1.12804336823e-05, 5.90260651734e-06, 8.43248415094e-07, 2.30578007177e-06, 1.32071164671e-07, 1.30482675331e-07, 1.36432262821e-07, 1.75552443693e-07, 1.3965960477e-07, 1.44499992416e-07, 1.16036687814e-07, 7.34493852406e-08, 3.69878883077e-08, 3.02239051564e-08, 3.02104368188e-08, 2.14220055028e-08, 2.29173835464e-08, 1.31375639256e-08, 1.14156240016e-08, 7.1203754004e-09, 6.21867046746e-09, 6.43009379075e-09, 5.29013766126e-09, 6.10245631805e-09, 4.16237710965e-09, 2.57958410188e-09, 1.78097137038e-09, 1.71024550077e-09, 1.85374771089e-09, 8.75313210802e-10, 4.53202475548e-10],
        "dvar": [1.41667791864e-13, 3.69822960233e-13, 1.05071051686e-12, 4.15299808432e-11, 3.37856048693e-10, 2.75381921711e-07, 1.79277293455e-07, 7.77178854605e-09, 8.16974505824e-08, 5.82971657059e-11, 3.05903427589e-11, 3.33666633819e-13, 5.29298566782e-12, 5.86044816733e-15, 6.03880323635e-15, 1.20043643808e-14, 2.86545316825e-14, 3.7085575767e-14, 4.32224311138e-14, 2.61250134752e-14, 1.60047112553e-14, 3.9238221064e-15, 2.48571326317e-15, 2.41002430482e-15, 1.15152837454e-15, 1.7900055048e-15, 4.87095931318e-16, 2.62779954606e-16, 9.65937447156e-17, 7.02119043392e-17, 9.7790139049e-17, 7.36757926375e-17, 7.66576596317e-17, 3.70411213603e-17, 1.01060725164e-17, 4.39773261001e-18, 4.14421415997e-18, 6.2846784118e-18, 7.278057187e-19, 2.21039565178e-19],
        "dvar2": [1.55487642618e-13, 9.65165772825e-13, 3.11554970191e-12, 8.84519055222e-11, 5.99110427935e-10, 3.25086688235e-07, 1.6007734871e-07, 1.30570647627e-08, 1.60026417007e-07, 9.32925264818e-11, 2.74545681328e-11, 6.81573775283e-13, 7.37429128178e-12, 1.42107539183e-14, 1.62839221138e-14, 3.24688464049e-14, 7.65410413002e-14, 1.05280970844e-13, 1.17928561881e-13, 7.00537108249e-14, 4.31688681384e-14, 1.05229300141e-14, 6.13222673527e-15, 5.93262935048e-15, 2.80355369454e-15, 4.81043309163e-15, 1.23077000082e-15, 5.87599831581e-16, 2.34575636816e-16, 1.68198164603e-16, 2.57331415172e-16, 2.05800220297e-16, 2.01675977173e-16, 9.93020994773e-17, 2.65531478269e-17, 1.20158646331e-17, 1.15139711421e-17, 1.7799176468e-17, 1.8859213386e-18, 5.82343267947e-19],
        "max": [3.62865239367e-06, 2.93322455036e-06, 7.41012263461e-06, 0.000139507348649, 0.000266134098638, 0.00861134845763, 0.00747428555042, 0.00139315158594, 0.00278853392228, 0.000140884352732, 0.00013030183618, 8.51396271173e-06, 3.52991228283e-05, 6.60046907797e-07, 6.92770868227e-07, 9.88244778455e-07, 1.43619513437e-06, 1.23398103824e-06, 1.43029592437e-06, 9.94665469989e-07, 9.66330389929e-07, 4.912731697e-07, 4.17070310732e-07, 4.12598382127e-07, 2.80869869584e-07, 3.10186209163e-07, 1.66761751075e-07, 1.22229863564e-07, 7.49854009996e-08, 6.02822112228e-08, 7.12488485988e-08, 6.2078932217e-08, 5.19092537843e-08, 4.21668993056e-08, 1.88023729919e-08, 1.27307204778e-08, 9.51817646921e-09, 1.45923584327e-08, 5.08937869625e-09, 3.4981744168e-09],
        "mean": [1.38021306384e-07, 6.7371388468e-07, 1.4081141444e-06, 4.38552015112e-05, 7.94613952166e-05, 0.00161416514311, 0.00150106812362, 0.000429349951446, 0.000296156358672, 5.72426215513e-05, 3.91412067984e-05, 2.4663795557e-06, 7.77129025664e-06, 1.71299831209e-07, 2.19200501306e-07, 1.99936238232e-07, 2.22010413609e-07, 1.00715553231e-07, 1.61351081829e-07, 1.24245545408e-07, 4.72372967408e-08, 2.76314811032e-08, 2.1901584546e-08, 2.66163766582e-08, 1.6564191796e-08, 1.35174049731e-08, 1.06253565946e-08, 8.9178913143e-09, 5.84584203267e-09, 5.08660091825e-09, 4.20582191296e-09, 3.19880832933e-09, 3.55480289649e-09, 2.44695974594e-09, 1.74738679082e-09, 1.28479216155e-09, 1.19238163787e-09, 1.15178855342e-09, 7.45466355312e-10, 5.19178422476e-10],
        "median": [7.44998729374e-08, 4.51206574326e-07, 9.71503823166e-07, 3.90985078411e-05, 7.45521392673e-05, 0.000302634289255, 0.000404968159273, 0.000421259028371, 0.000107355685032, 4.73074396723e-05, 2.96489997709e-05, 1.99861142391e-06, 5.19482182426e-06, 1.60399025617e-07, 1.91667425042e-07, 1.78546841312e-07, 1.71102229274e-07, 6.4615043982e-08, 5.86133950264e-08, 4.55385311682e-08, 2.60100705418e-08, 1.48852494775e-08, 1.1238288522e-08, 1.27104620162e-08, 8.27129920111e-09, 6.3761147473e-09, 5.81341019767e-09, 4.28578861289e-09, 3.50195494825e-09, 2.98367552887e-09, 2.11160533503e-09, 1.62390689784e-09, 1.29270016913e-09, 1.05792286043e-09, 8.7965329465e-10, 7.22871651426e-10, 7.12915448897e-10, 6.43830322389e-10, 5.51811374372e-10, 4.0090336606e-10],
        "min": [7.52257012238e-09, 1.78998647016e-08, 9.76890817128e-08, 1.27840252162e-07, 1.66841019222e-07, 1.84845845297e-07, 1.10392954866e-06, 2.87281068267e-06, 8.12998109723e-07, 7.0867275781e-07, 1.42448584484e-07, 9.40670616956e-08, 8.89233078283e-08, 1.32963959842e-08, 4.09469613771e-09, 8.1065198998e-09, 8.41341929458e-09, 7.62031771018e-09, 8.5520639459e-09, 5.61518254116e-09, 2.51205123369e-09, 2.51638176962e-09, 2.94396529377e-09, 2.61840082949e-09, 2.17695172999e-09, 1.55715296213e-09, 1.01863639745e-09, 7.38574146286e-10, 6.11100392511e-10, 7.46369355209e-10, 7.41408878735e-10, 4.24146356925e-10, 4.28970109434e-10, 2.81737772001e-10, 2.56091481354e-10, 1.95068267095e-10, 1.45567377596e-10, 1.53165591321e-10, 1.50300313861e-10, 1.01655253659e-10],
        "var": [1.41900597175e-13, 3.79208302129e-13, 1.70589063708e-12, 1.89212023827e-09, 3.43515282886e-09, 7.62264107834e-06, 5.35805656909e-06, 1.43996217616e-07, 3.52990610963e-07, 9.7067376359e-10, 1.29819188732e-09, 3.35487171897e-12, 5.98073257585e-11, 1.23551749344e-14, 1.92743092537e-14, 1.86695514463e-14, 4.71397755357e-14, 2.47663319703e-14, 5.97962773589e-14, 3.72697207297e-14, 1.14632754989e-14, 3.10780390578e-15, 2.17834512364e-15, 2.38969530233e-15, 1.06148072543e-15, 1.26559607809e-15, 4.13221979293e-16, 2.81450704815e-16, 9.58604854986e-17, 6.77893107007e-17, 7.26261930844e-17, 4.71321788943e-17, 6.12591896032e-17, 2.6595264555e-17, 8.20378210068e-18, 3.2211087205e-18, 2.81728245418e-18, 4.02619782043e-18, 6.24803172572e-19, 2.17784738715e-19]
    },
    "mfcc": {
        "mean": [-890.853637695, 195.384918213, 18.7798366547, -24.474937439, -48.6425247192, -53.2112159729, -43.0746650696, -27.3445949554, -9.89076328278, -0.955213785172, -2.6542069912, -4.87518644333, -2.90127158165],
        "cov": [[783.174804688, 106.454460144, -71.301071167, 93.8295059204, -145.71156311, -27.9000930786, -31.5124568939, -7.59087467194, -62.7945899963, -137.036941528, -188.535934448, -140.558792114, -7.62281417847], [106.454460144, 331.669433594, 82.9892654419, -83.4449462891, -67.2607803345, -63.0781364441, 10.3953342438, -26.9327793121, -22.7606124878, -84.137588501, -91.1941223145, -72.1409225464, -15.1473798752], [-71.301071167, 82.9892654419, 120.050163269, -22.804019928, -5.6066827774, -5.13898658752, -0.570905923843, -0.473469376564, -5.22794246674, -9.39142513275, -21.9767303467, -18.4404735565, 1.42566394806], [93.8295059204, -83.4449462891, -22.804019928, 96.3258666992, 25.3580780029, 32.8729400635, -8.43980312347, -9.95465564728, -5.40254402161, 0.371316432953, -15.9010658264, -15.1092367172, 16.6468544006], [-145.71156311, -67.2607803345, -5.6066827774, 25.3580780029, 87.3957443237, 38.1039886475, -15.2692518234, -31.3267364502, 9.36834812164, 52.5728721619, 50.639175415, 39.5997543335, 21.9991855621], [-27.9000930786, -63.0781364441, -5.13898658752, 32.8729400635, 38.1039886475, 66.7287597656, 29.4219150543, 5.25483512878, 5.02848768234, 15.4139785767, 2.09513664246, 0.724003612995, 1.14270746708], [-31.5124568939, 10.3953342438, -0.570905923843, -8.43980312347, -15.2692518234, 29.4219150543, 140.737670898, 109.2576828, 55.0962677002, -1.65615487099, -17.7306957245, -13.2447862625, -50.3123817444], [-7.59087467194, -26.9327793121, -0.473469376564, -9.95465564728, -31.3267364502, 5.25483512878, 109.2576828, 200.46762085, 102.190795898, 9.86427497864, 12.7834730148, -15.3760995865, -47.5559501648], [-62.7945899963, -22.7606124878, -5.22794246674, -5.40254402161, 9.36834812164, 5.02848768234, 55.0962677002, 102.190795898, 95.068359375, 42.7791137695, 9.9543838501, 0.260187476873, -19.8813400269], [-137.036941528, -84.137588501, -9.39142513275, 0.371316432953, 52.5728721619, 15.4139785767, -1.65615487099, 9.86427497864, 42.7791137695, 85.4847335815, 73.6413116455, 56.4630966187, 8.38591957092], [-188.535934448, -91.1941223145, -21.9767303467, -15.9010658264, 50.639175415, 2.09513664246, -17.7306957245, 12.7834730148, 9.9543838501, 73.6413116455, 158.895599365, 104.289596558, 12.7458906174], [-140.558792114, -72.1409225464, -18.4404735565, -15.1092367172, 39.5997543335, 0.724003612995, -13.2447862625, -15.3760995865, 0.260187476873, 56.4630966187, 104.289596558, 98.0047073364, 15.0579938889], [-7.62281417847, -15.1473798752, 1.42566394806, 16.6468544006, 21.9991855621, 1.14270746708, -50.3123817444, -47.5559501648, -19.8813400269, 8.38591957092, 12.7458906174, 15.0579938889, 44.5047302246]],
