{
"lowlevel": {
    "average_loudness": 0.686134397984,
    "barkbands_crest": {
        "dmean": 0.855885982513,
        "dmean2": 1.3076543808,
        "dvar": 3.01908230782,
        "dvar2": 5.85901784897,
        "max": 26.8386230469,
        "mean": 23.7852401733,
        "median": 24.9657039642,
        "min": 6.43914413452,
        "var": 16.335062027
    },
    "barkbands_flatness_db": {
        "dmean": 0.022549694404,
        "dmean2": 0.0285486411303,
        "dvar": 0.000777889974415,
        "dvar2": 0.00133084435947,
        "max": 0.656366109848,
        "mean": 0.360114425421,
        "median": 0.335574567318,
        "min": 0.0911761969328,
        "var": 0.0192566923797
    },
    "barkbands_kurtosis": {
        "dmean": 67.2508621216,
        "dmean2": 94.9078292847,
        "dvar": 13259.9238281,
        "dvar2": 27542.2382812,
        "max": 1291.62780762,
        "mean": 157.158798218,
        "median": 89.8984603882,
        "min": 5.14494037628,
        "var": 36092.1445312
    },
    "barkbands_skewness": {
        "dmean": 1.58262658119,
        "dmean2": 2.46420407295,
        "dvar": 2.81499624252,
        "dvar2": 5.50503873825,
        "max": 19.8214492798,
        "mean": 5.8062210083,
        "median": 5.14235782623,
        "min": -1.25975656509,
        "var": 14.0936641693
    },
    "barkbands_spread": {
        "dmean": 0.458267360926,
        "dmean2": 0.592792510986,
        "dvar": 1.08533418179,
        "dvar2": 2.13606238365,
        "max": 18.4585990906,
        "mean": 1.48514521122,
        "median": 0.527383804321,
        "min": 0.0665397718549,
        "var": 6.79200839996
    },
    "dissonance": {
        "dmean": 0.0674388334155,
        "dmean2": 0.119431957603,
        "dvar": 0.00700481096283,
        "dvar2": 0.0174678526819,
        "max": 0.499953150749,
        "mean": 0.347676455975,
        "median": 0.393109738827,
        "min": 0.0536508858204,
        "var": 0.0152795147151
    },
    "dynamic_complexity": 6.32769536972,
    "erbbands_crest": {
        "dmean": 1.27591621876,
        "dmean2": 1.67614245415,
        "dvar": 5.29765367508,
        "dvar2": 8.81679153442,
        "max": 33.9887809753,
        "mean": 29.1804046631,
        "median": 31.4822940826,
        "min": 9.85538387299,
        "var": 28.4235401154
    },
    "erbbands_flatness_db": {
        "dmean": 0.0208574552089,
        "dmean2": 0.0265172813088,
        "dvar": 0.000691484368872,
        "dvar2": 0.00112711428665,
        "max": 0.658871948719,
        "mean": 0.406922698021,
        "median": 0.391965836287,
        "min": 0.114878199995,
        "var": 0.0162400398403
    },
    "erbbands_kurtosis": {
        "dmean": 14.6566514969,
        "dmean2": 20.6723442078,
        "dvar": 294.697692871,
        "dvar2": 565.976074219,
        "max": 226.238586426,
        "mean": 54.0936813354,
        "median": 47.2134819031,
        "min": 2.08131074905,
        "var": 1586.73364258
    },
    "erbbands_skewness": {
        "dmean": 0.676496863365,
        "dmean2": 1.01191449165,
        "dvar": 0.387614399195,
        "dvar2": 0.871667146683,
        "max": 10.2383375168,
        "mean": 4.59584140778,
        "median": 4.8826880455,
        "min": 0.680458247662,
        "var": 2.8889913559
    },
    "erbbands_spread": {
        "dmean": 0.778851747513,
        "dmean2": 0.898237526417,
        "dvar": 3.29083251953,
        "dvar2": 4.97615718842,
        "max": 30.1915798187,
        "mean": 2.42757821083,
        "median": 0.984458804131,
        "min": 0.273370057344,
        "var": 16.4257888794
    },
    "hfc": {
        "dmean": 3.20171236992,
        "dmean2": 4.57716751099,
        "dvar": 39.6405487061,
        "dvar2": 116.685249329,
        "max": 56.1326217651,
        "mean": 10.6906824112,
        "median": 3.63288402557,
        "min": 0.130493342876,
        "var": 175.732650757
    },
    "melbands_crest": {
        "dmean": 1.28785264492,
        "dmean2": 1.90787005424,
        "dvar": 3.38762116432,
        "dvar2": 6.71457672119,
        "max": 30.4310970306,
        "mean": 25.4221191406,
        "median": 26.7567520142,
        "min": 7.7104716301,
        "var": 21.1167545319
    },
    "melbands_flatness_db": {
        "dmean": 0.0228657182306,
        "dmean2": 0.0290353614837,
        "dvar": 0.000795102678239,
        "dvar2": 0.00148917315528,
        "max": 0.734288156033,
        "mean": 0.430264919996,
        "median": 0.408858567476,
        "min": 0.164361029863,
        "var": 0.0194842014462
    },
    "melbands_kurtosis": {
        "dmean": 10.5461864471,
        "dmean2": 16.7233791351,
        "dvar": 154.328994751,
        "dvar2": 362.314941406,
        "max": 176.329498291,
        "mean": 39.7617301941,
        "median": 39.3625450134,
        "min": 1.69461774826,
        "var": 561.919616699
    },
    "melbands_skewness": {
        "dmean": 0.837729156017,
        "dmean2": 1.33467960358,
        "dvar": 0.500786781311,
        "dvar2": 1.35919559002,
        "max": 4.62078380585,
        "mean": 1.16418421268,
        "median": 1.0140209198,
        "min": -2.23758792877,
        "var": 2.02639865875
    },
    "melbands_spread": {
        "dmean": 0.564845323563,
        "dmean2": 0.852400004864,
        "dvar": 1.06393539906,
        "dvar2": 2.61306118965,
        "max": 17.1300830841,
        "mean": 2.00117492676,
        "median": 0.953916668892,
        "min": 0.252548277378,
        "var": 7.59080123901
    },
    "pitch_salience": {
        "dmean": 0.0362548008561,
        "dmean2": 0.0455767959356,
        "dvar": 0.0016596870264,
        "dvar2": 0.0021876890678,
        "max": 0.759003818035,
        "mean": 0.228311285377,
        "median": 0.176324442029,
        "min": 0.0560903139412,
        "var": 0.0238826479763
    },
    "silence_rate_20dB": {
        "dmean": 0,
        "dmean2": 0,
        "dvar": 0,
        "dvar2": 0,
        "max": 1,
        "mean": 1,
        "median": 1,
        "min": 1,
        "var": 0
    },
    "silence_rate_30dB": {
        "dmean": 0,
        "dmean2": 0,
        "dvar": 0,
        "dvar2": 0,
        "max": 1,
        "mean": 1,
        "median": 1,
        "min": 1,
        "var": 0
    },
    "silence_rate_60dB": {
        "dmean": 0.0571428574622,
        "dmean2": 0.107913665473,
        "dvar": 0.0538775771856,
        "dvar2": 0.0962682887912,
        "max": 1,
        "mean": 0.333333343267,
        "median": 0,
        "min": 0,
        "var": 0.222222208977
    },
    "spectral_centroid": {
        "dmean": 14.9460191727,
        "dmean2": 25.2412700653,
        "dvar": 817.808837891,
        "dvar2": 2753.50537109,
        "max": 898.278747559,
        "mean": 680.633544922,
        "median": 674.714233398,
        "min": 561.894836426,
        "var": 1442.66040039
    },
    "spectral_complexity": {
        "dmean": 0.564285695553,
        "dmean2": 1.05035972595,
        "dvar": 0.417295306921,
        "dvar2": 1.06940615177,
        "max": 5,
        "mean": 2.39716315269,
        "median": 2,
        "min": 0,
        "var": 0.835168480873
    },
    "spectral_decrease": {
        "dmean": 1.22088805732e-09,
        "dmean2": 1.74673220332e-09,
        "dvar": 5.79311847457e-18,
        "dvar2": 1.69922336563e-17,
        "max": -3.70373176573e-11,
        "mean": -4.05012423599e-09,
        "median": -1.35246114308e-09,
        "min": -2.20290949926e-08,
        "var": 2.625312611e-17
    },
    "spectral_energy": {
        "dmean": 0.00489828409627,
        "dmean2": 0.00700625265017,
        "dvar": 9.3216811365e-05,
        "dvar2": 0.000273506564554,
        "max": 0.0882341265678,
        "mean": 0.0162557344884,
        "median": 0.00543400552124,
        "min": 0.000151623768033,
        "var": 0.000421891047154
    },
    "spectral_energyband_high": {
        "dmean": 6.37096832179e-07,
        "dmean2": 9.78630509962e-07,
        "dvar": 1.02551333311e-12,
        "dvar2": 2.52997839692e-12,
        "max": 1.07463210952e-05,
        "mean": 2.81655184153e-06,
        "median": 2.92269191959e-06,
        "min": 1.53979740958e-07,
        "var": 2.66124318762e-12
    },
    "spectral_energyband_low": {
        "dmean": 4.88694922751e-06,
        "dmean2": 8.77324691828e-06,
        "dvar": 2.91208654413e-11,
        "dvar2": 8.60401958014e-11,
        "max": 4.13342204411e-05,
        "mean": 8.09219363873e-06,
        "median": 5.89828459852e-06,
        "min": 1.99592818717e-07,
        "var": 5.39209475681e-11
    },
    "spectral_energyband_middle_high": {
        "dmean": 3.14619428536e-05,
        "dmean2": 4.25055841333e-05,
        "dvar": 2.09994244216e-09,
        "dvar2": 4.03032363039e-09,
        "max": 0.000548118550796,
        "mean": 0.000115750095574,
        "median": 7.33984270482e-05,
        "min": 1.60391373356e-05,
        "var": 1.28225341456e-08
    },
    "spectral_energyband_middle_low": {
        "dmean": 0.00490010110661,
        "dmean2": 0.00701138935983,
        "dvar": 9.31112954277e-05,
        "dvar2": 0.000273034820566,
        "max": 0.088188610971,
        "mean": 0.0161319393665,
        "median": 0.00538868224248,
        "min": 9.64651917457e-05,
        "var": 0.000419526651967
    },
    "spectral_entropy": {
        "dmean": 0.212725073099,
        "dmean2": 0.274979144335,
        "dvar": 0.0612736232579,
        "dvar2": 0.111311800778,
        "max": 7.81636953354,
        "mean": 5.42428588867,
        "median": 5.55035400391,
        "min": 3.07499670982,
        "var": 1.54384112358
    },
    "spectral_flux": {
        "dmean": 0.0129423355684,
        "dmean2": 0.0211393684149,
        "dvar": 0.000819624809083,
        "dvar2": 0.00205181888305,
        "max": 0.236544400454,
        "mean": 0.0233348291367,
        "median": 0.0109244007617,
        "min": 0.00458099739626,
        "var": 0.001113969367
    },
    "spectral_kurtosis": {
        "dmean": 11.4976739883,
        "dmean2": 17.6115760803,
        "dvar": 434.109863281,
        "dvar2": 939.828857422,
        "max": 276.673675537,
        "mean": 47.4245948792,
        "median": 20.7438983917,
        "min": 4.84095144272,
        "var": 3515.81420898
    },
    "spectral_rms": {
        "dmean": 0.000479487556731,
        "dmean2": 0.000639403006062,
        "dvar": 6.81127914959e-07,
        "dvar2": 1.93316805053e-06,
        "max": 0.00927804224193,
        "mean": 0.00324776861817,
        "median": 0.00230249180458,
        "min": 0.000384611019399,
        "var": 5.31124578629e-06
    },
    "spectral_rolloff": {
        "dmean": 7.0751953125,
        "dmean2": 13.4776163101,
        "dvar": 267.893005371,
        "dvar2": 709.01763916,
        "max": 796.728515625,
        "mean": 682.64855957,
        "median": 689.0625,
        "min": 645.99609375,
        "var": 386.363891602
    },
    "spectral_skewness": {
        "dmean": 0.612513244152,
        "dmean2": 0.910990297794,
        "dvar": 0.683845818043,
        "dvar2": 1.44588327408,
        "max": 14.302983284,
        "mean": 4.83818340302,
        "median": 3.73689293861,
        "min": 1.81531965733,
        "var": 8.17729663849
    },
    "spectral_spread": {
        "dmean": 272095.53125,
        "dmean2": 382702.90625,
        "dvar": 135926579200,
        "dvar2": 284194996224,
        "max": 7172093,
        "mean": 2546473.75,
        "median": 2643909.25,
        "min": 374220.9375,
        "var": 1.63753059942e+12
    },
    "spectral_strongpeak": {
        "dmean": 0.682126879692,
        "dmean2": 1.10252654552,
        "dvar": 1.30459535122,
        "dvar2": 3.63483095169,
        "max": 11.2261781693,
        "mean": 2.36512827873,
        "median": 1.74942696095,
        "min": 0.0699399709702,
        "var": 3.87307977676
    },
    "zerocrossingrate": {
        "dmean": 0.0015973772388,
        "dmean2": 0.00152104883455,
        "dvar": 1.85790868272e-05,
        "dvar2": 1.36192811624e-05,
        "max": 0.0908203125,
        "mean": 0.0329884216189,
        "median": 0.0302734375,
        "min": 0.02001953125,
        "var": 9.39990495681e-05
    },
    "barkbands": {
        "dmean": [7.65130252489e-08, 7.05215768448e-07, 3.46866295331e-06, 4.12124245486e-06, 7.62624040362e-06, 1.56535716087e-05, 1.80753286259e-05, 0.000193835381651, 0.0047941734083, 6.23150981482e-06, 2.67939117293e-06, 5.9683247855e-06, 2.58373784163e-05, 6.46095031698e-07, 6.58488488625e-07, 6.0389737655e-07, 2.87058327331e-07, 2.25400924592e-07, 2.73337263934e-07, 2.62824329411e-07, 2.04741198218e-07, 1.7836791244e-07, 1.10791575025e-07, 7.16811570101e-08, 3.71569548463e-08, 2.71115911943e-08, 1.80464638788e-07],
        "dmean2": [1.09810493143e-07, 1.23535482999e-06, 6.05739478488e-06, 7.48913498683e-06, 1.24278394651e-05, 2.89655654342e-05, 3.14877761411e-05, 0.000324726599501, 0.0068825292401, 8.75236491993e-06, 4.43665931016e-06, 8.97707741387e-06, 3.44706240867e-05, 1.06057268567e-06, 1.10186999791e-06, 9.91614456325e-07, 4.7904859457e-07, 3.85479523857e-07, 4.59293090671e-07, 4.37394533037e-07, 3.26871401057e-07, 2.89677558385e-07, 1.68027639802e-07, 1.12647029482e-07, 5.80123611371e-08, 4.4644043129e-08, 3.1024902114e-07],
        "dvar": [6.25062610178e-14, 8.20484793388e-13, 1.62019737904e-11, 2.68427970823e-11, 7.72475902688e-11, 3.44474254677e-10, 6.84492240666e-10, 4.68931460773e-07, 8.77875208971e-05, 4.22730794813e-10, 3.2808637751e-11, 1.69512626158e-10, 1.78477654877e-09, 6.45078012274e-13, 3.85409315139e-13, 3.76048503318e-13, 9.56046087566e-14, 4.21936892706e-14, 7.73382280526e-14, 1.09032303585e-13, 1.24719895869e-13, 9.54431236193e-14, 2.68629367204e-14, 1.28897730028e-14, 2.66218770729e-15, 9.54139098764e-16, 3.85758963564e-14],
        "dvar2": [6.35816811527e-14, 1.62827065199e-12, 4.88747063654e-11, 8.25589735465e-11, 2.15186507502e-10, 1.01021668808e-09, 1.25175714238e-09, 8.05723686881e-07, 0.000259467196884, 8.11161082748e-10, 6.06195926789e-11, 3.37640526649e-10, 2.96845081849e-09, 1.38485100123e-12, 9.05883170126e-13, 1.07560954501e-12, 2.63125729972e-13, 1.25343352776e-13, 1.95655666148e-13, 2.76295777707e-13, 3.22936854124e-13, 2.55238077852e-13, 6.55838840809e-14, 3.21529437732e-14, 6.22567691573e-15, 2.59493477358e-15, 9.79552945918e-14],
        "max": [2.5811730211e-06, 8.33546437207e-06, 3.29214162775e-05, 3.17913945764e-05, 5.27079537278e-05, 0.000190696533537, 0.000446292047855, 0.00705922255293, 0.0811094939709, 0.000259631313384, 8.161651931e-05, 0.00015643631923, 0.000526822404936, 8.02156591817e-06, 5.7028869378e-06, 5.17847820447e-06, 2.24441987484e-06, 1.50326616222e-06, 2.9382304092e-06, 3.30280158778e-06, 2.57904093814e-06, 2.50920561484e-06, 1.30651767449e-06, 1.0556630059e-06, 6.45436784907e-07, 2.63267878609e-07, 2.38592383539e-06],
        "mean": [8.75214425378e-08, 9.29011719109e-07, 5.18559318152e-06, 4.69443875772e-06, 1.18629404824e-05, 2.93642533506e-05, 2.84457382804e-05, 0.00083737494424, 0.0152167109773, 8.58656858327e-06, 5.11402140546e-06, 1.98312445718e-05, 7.76265587774e-05, 1.4262187733e-06, 1.6839271666e-06, 1.55796521994e-06, 6.02613852152e-07, 5.39126233434e-07, 6.88081058797e-07, 5.32389947239e-07, 4.48783282536e-07, 3.4550583905e-07, 2.75292165952e-07, 2.17491660237e-07, 1.38020354257e-07, 7.66939649566e-08, 1.11374765766e-06],
        "median": [3.88657852568e-08, 6.64961760322e-07, 3.51645530827e-06, 3.41553641192e-06, 9.12628638616e-06, 2.27115451708e-05, 1.69013110281e-05, 0.000111510482384, 0.00522462371737, 4.30430327469e-06, 3.00209103443e-06, 1.18238367577e-05, 4.07972256653e-05, 1.27283828988e-06, 1.4601237126e-06, 1.30965781864e-06, 5.44705244465e-07, 5.18318643117e-07, 5.90978004311e-07, 4.14650372704e-07, 3.99094659542e-07, 2.83084062858e-07, 2.40320929379e-07, 2.03886742156e-07, 1.48144636114e-07, 6.40855191136e-08, 1.24741870877e-06],
        "min": [1.24653332101e-09, 3.56393381473e-09, 4.62983109628e-08, 4.58572912976e-08, 3.17070316669e-07, 2.33843002206e-06, 2.25414851229e-06, 1.52587563207e-06, 1.3783106624e-05, 3.41906087442e-07, 2.12052583493e-07, 1.02847003802e-07, 1.43513182138e-06, 5.88093911347e-08, 2.15703337858e-07, 6.30231227206e-08, 3.53788820462e-08, 4.19021013442e-08, 6.80650913409e-08, 1.749375933e-08, 2.53263170436e-08, 1.04070201346e-08, 6.67841693058e-09, 9.09246811176e-09, 4.79645967388e-09, 1.69484393187e-09, 8.08463056501e-08],
        "var": [6.77004025756e-14, 9.82238053913e-13, 3.29620740425e-11, 2.55838874391e-11, 1.08312678271e-10, 6.48586240271e-10, 2.2652739684e-09, 3.87575028071e-06, 0.000364319508662, 6.43059105965e-10, 1.21678195297e-10, 7.52238771273e-10, 1.1029943181e-08, 1.36411455048e-12, 8.73820926641e-13, 1.15533515914e-12, 1.72116959357e-13, 1.07176901631e-13, 1.88031610681e-13, 1.71681503107e-13, 1.61475745427e-13, 1.20863022823e-13, 5.80618181572e-14, 2.99138121771e-14, 9.9566800185e-15, 3.50347014786e-15, 2.96058940167e-13]
    },
    "erbbands": {
        "dmean": [1.62660362548e-05, 0.000222568502068, 0.00311609730124, 0.00826192647219, 0.0250870566815, 0.0256214886904, 0.0349311754107, 0.152926936746, 0.336906701326, 0.592099070549, 32.9508171082, 118.516548157, 7.13722991943, 0.375600367785, 0.10404317826, 0.300679951906, 1.35390901566, 0.0915354341269, 0.0342234410346, 0.0406335182488, 0.0237398929894, 0.0143844336271, 0.0120126921684, 0.0150307007134, 0.0115644549951, 0.0121883954853, 0.0088768908754, 0.0076934765093, 0.00654512364417, 0.00443443283439, 0.00318396789953, 0.00181778881233, 0.00111890409607, 0.000525856681634, 0.000279085477814, 0.000138563540531, 6.01163010288e-05, 0.000251688295975, 1.47223108797e-05, 6.51381469652e-06],
        "dmean2": [2.64015379798e-05, 0.000395157810999, 0.00563834793866, 0.0146980592981, 0.0441124625504, 0.0439806208014, 0.0583509616554, 0.2839448452, 0.612628221512, 0.969469249249, 52.4088478088, 169.682937622, 10.5633268356, 0.594361364841, 0.164312019944, 0.44341635704, 1.77203452587, 0.120260939002, 0.0583621151745, 0.0639355629683, 0.0401522889733, 0.0241837799549, 0.0201543979347, 0.023883163929, 0.0195366069674, 0.0193388070911, 0.0143971955404, 0.0129514709115, 0.0107029536739, 0.00712395785376, 0.00507293781266, 0.00274733314291, 0.00172843690962, 0.000790738733485, 0.000478382746223, 0.000222809801926, 0.000101369332697, 0.000431156455306, 2.53509679169e-05, 9.67326013779e-06],
        "dvar": [4.73779737664e-10, 6.90748862553e-08, 1.14892000056e-05, 9.74321810645e-05, 0.000988408806734, 0.000929717847612, 0.00200023432262, 0.0311467237771, 0.179577127099, 2.37618422508, 7623.24804688, 51356.3945312, 348.869598389, 1.22129869461, 0.0552522800863, 0.30375495553, 4.92877912521, 0.015006612055, 0.00086712394841, 0.0015709779691, 0.000963549304288, 0.000269928888883, 0.00013533353922, 0.000169760751305, 0.000225618990953, 0.000245120289037, 0.000131820648676, 0.000243352886173, 0.00012401973072, 7.51299594413e-05, 1.95313969016e-05, 6.88535328663e-06, 3.65444498129e-06, 5.62776619972e-07, 1.27547011175e-07, 2.73850506716e-08, 3.26919424865e-09, 7.44981960565e-08, 1.9798890305e-10, 1.08906585139e-10],
        "dvar2": [7.800864954e-10, 1.85436448419e-07, 3.72843496734e-05, 0.000305050460156, 0.0027458332479, 0.00267068692483, 0.00592602184042, 0.091289177537, 0.475555151701, 5.1532793045, 17044.1914062, 148573.015625, 959.841369629, 3.45537257195, 0.112784199417, 0.63186109066, 7.72148990631, 0.0218774117529, 0.00211897632107, 0.00407787505537, 0.00264229718596, 0.000742348493077, 0.000401528785005, 0.000412538647652, 0.000657939759549, 0.000605576846283, 0.000308714370476, 0.000661059399135, 0.000331705290591, 0.000198312467546, 4.4477841584e-05, 1.68134956766e-05, 9.14713837119e-06, 1.31883348331e-06, 3.23917703327e-07, 7.39717833653e-08, 9.08479602657e-09, 2.15292942585e-07, 5.17281273371e-10, 3.22530252506e-10],
        "max": [0.000215495470911, 0.00198714598082, 0.0260808374733, 0.0664644911885, 0.207176730037, 0.19977940619, 0.365469038486, 1.86123502254, 5.52999830246, 18.4302158356, 1016.35192871, 1758.85192871, 188.51713562, 12.2555885315, 3.58025145531, 7.56403112411, 27.8851566315, 1.60952711105, 0.276811212301, 0.38753554225, 0.241257920861, 0.120611190796, 0.0828900039196, 0.151578232646, 0.154718264937, 0.135772168636, 0.0923525393009, 0.109594017267, 0.0923183038831, 0.0705149099231, 0.039272017777, 0.0229599699378, 0.021153640002, 0.0095355771482, 0.00375682418235, 0.00127684883773, 0.000464844866656, 0.00259448448196, 0.000179873386514, 0.000101578865724],
        "mean": [2.34688413911e-05, 0.000306216155877, 0.00431632762775, 0.0119925132021, 0.0316815935075, 0.0365013070405, 0.0549185350537, 0.272252976894, 0.596397459507, 2.44449901581, 120.867492676, 378.402191162, 21.3033638, 1.02481043339, 0.276334971189, 1.16670751572, 4.15150356293, 0.284096032381, 0.0873746499419, 0.119727090001, 0.0576572492719, 0.0332370139658, 0.030118022114, 0.037736967206, 0.0278461612761, 0.0259958691895, 0.0202353931963, 0.0159679874778, 0.0129140391946, 0.00964354164898, 0.00763490609825, 0.00500881904736, 0.00340108340606, 0.00183854158968, 0.000832201098092, 0.000309048977215, 0.00022955397435, 0.000961914018262, 9.72535490291e-05, 3.02468306472e-05],
        "median": [1.59329556482e-05, 0.000213532635826, 0.00301622669213, 0.00940966699272, 0.0245695468038, 0.0281623732299, 0.0381033793092, 0.198892861605, 0.481263488531, 0.611783742905, 22.706905365, 154.878677368, 9.63140201569, 0.574401497841, 0.187975212932, 0.849700093269, 2.28589391708, 0.178606271744, 0.0793887302279, 0.0959392488003, 0.056261267513, 0.0312205161899, 0.0286121983081, 0.0322205871344, 0.0272981729358, 0.0200977344066, 0.0167834199965, 0.0122869070619, 0.0102942874655, 0.00776794785634, 0.00656701251864, 0.0045733419247, 0.00319491536357, 0.00187657703646, 0.000820784596726, 0.000259989668848, 0.000242766152951, 0.000920269289054, 0.000104747872683, 2.19290432142e-05],
        "min": [1.35340815177e-06, 9.97385541268e-06, 6.46588814561e-05, 0.000105907514808, 0.000457398593426, 0.0010456108721, 0.0044645476155, 0.0277622230351, 0.062793456018, 0.0994839295745, 1.00757908821, 0.317660212517, 0.192451745272, 0.0873200893402, 0.0495570972562, 0.0437134131789, 0.0683243200183, 0.0469859540462, 0.0204326212406, 0.0148257901892, 0.00380004057661, 0.00217773159966, 0.00245973584242, 0.0046914499253, 0.00154205935542, 0.00088900339324, 0.00100427935831, 0.000894089520443, 0.000416194059653, 0.000311539362883, 0.000210110330954, 0.000226113421377, 0.000177655936568, 0.000113100497401, 4.84188640257e-05, 1.98292927962e-05, 3.19644532283e-05, 7.6788761362e-05, 2.66401748377e-05, 8.68657116371e-06],
        "var": [6.66718291686e-10, 8.51468797691e-08, 2.12098329939e-05, 0.000119996278954, 0.00100244395435, 0.0011454008054, 0.00274620624259, 0.0628686919808, 0.392210990191, 17.4397602081, 51281.015625, 192150.59375, 703.035339355, 1.65195810795, 0.186578184366, 1.68526685238, 31.7277183533, 0.0872678384185, 0.00201950292103, 0.00647545978427, 0.00158478459343, 0.000503682065755, 0.000312071031658, 0.000494107720442, 0.000370592664694, 0.000448361417511, 0.000249770149821, 0.000253115722444, 0.000164089738973, 9.49992827373e-05, 4.40052899648e-05, 1.66021582118e-05, 7.79997753853e-06, 1.71179317476e-06, 4.10881142443e-07, 7.18576487202e-08, 1.42879716947e-08, 2.92695091275e-07, 1.30149735433e-09, 3.55767248994e-10]
    },
    "gfcc": {
        "mean": [-217.262985229, 93.7432861328, -118.158325195, -68.6280822754, -82.183303833, -18.0246562958, -3.83066415787, 6.84245252609, -0.865313589573, -6.57285022736, -21.515253067, -28.2958488464, -24.9042396545],
        "cov": [[495.170043945, -234.487503052, 176.042297363, 479.371032715, 95.5909423828, 108.622749329, -187.506332397, -87.9045028687, -96.0503997803, -43.553276062, -86.4746170044, 105.713279724, 54.8591156006], [-234.487503052, 297.059234619, -160.726638794, -448.303863525, -93.9334030151, -73.3137588501, 203.061645508, 78.1264419556, 78.8644180298, 2.37251615524, 42.6450881958, -114.176307678, -59.4430046082], [176.042297363, -160.726638794, 267.191894531, 392.886016846, 109.813522339, 65.6904602051, -191.948257446, -54.3540802002, -52.3325233459, -36.7278709412, -70.5717468262, 106.162086487, 50.6608467102], [479.371032715, -448.303863525, 392.886016846, 895.014404297, 214.056167603, 143.405014038, -384.432983398, -147.048019409, -144.125900269, -53.5039863586, -109.565635681, 212.392547607, 119.505340576], [95.5909423828, -93.9334030151, 109.813522339, 214.056167603, 99.0529937744, 51.5935592651, -94.627243042, -38.7124824524, -40.6118736267, -17.8029251099, -28.5905532837, 45.7003631592, 12.9547014236], [108.622749329, -73.3137588501, 65.6904602051, 143.405014038, 51.5935592651, 65.3519439697, -45.9587287903, -28.6984329224, -25.3365573883, -14.0004777908, -26.9942111969, 25.1466503143, 2.65530776978], [-187.506332397, 203.061645508, -191.948257446, -384.432983398, -94.627243042, -45.9587287903, 219.120727539, 80.0326766968, 70.9369125366, 15.9463453293, 44.7262954712, -109.846572876, -56.8631858826], [-87.9045028687, 78.1264419556, -54.3540802002, -147.048019409, -38.7124824524, -28.6984329224, 80.0326766968, 70.62840271, 47.3003540039, 12.2227783203, 15.6902608871, -34.6298789978, -12.3060512543], [-96.0503997803, 78.8644180298, -52.3325233459, -144.125900269, -40.6118736267, -25.3365573883, 70.9369125366, 47.3003540039, 60.0661048889, 7.38488864899, 12.3073625565, -35.2640571594, -14.921207428], [-43.553276062, 2.37251615524, -36.7278709412, -53.5039863586, -17.8029251099, -14.0004777908, 15.9463453293, 12.2227783203, 7.38488864899, 38.4337768555, 28.2903804779, 3.70513749123, 3.96305680275], [-86.4746170044, 42.6450881958, -70.5717468262, -109.565635681, -28.5905532837, -26.9942111969, 44.7262954712, 15.6902608871, 12.3073625565, 28.2903804779, 57.89320755, -10.0946788788, -7.44296169281], [105.713279724, -114.176307678, 106.162086487, 212.392547607, 45.7003631592, 25.1466503143, -109.846572876, -34.6298789978, -35.2640571594, 3.70513749123, -10.0946788788, 89.8708190918, 48.7451629639], [54.8591156006, -59.4430046082, 50.6608467102, 119.505340576, 12.9547014236, 2.65530776978, -56.8631858826, -12.3060512543, -14.921207428, 3.96305680275, -7.44296169281, 48.7451629639, 51.7352371216]],
        "icov": [[0.00861261133105, -0.00723485415801, 0.00896965526044, -0.00819311756641, 0.00816148612648, -0.0101523231715, 0.00444680871442, -0.00535559235141, 0.00658840825781, -0.000441416283138, 0.00908273085952, -0.00777205172926, 0.00535146752372], [-0.00723485415801, 0.0359463132918, -0.0220902133733, 0.0239066444337, -0.0158111415803, 0.0173922237009, -0.0176008138806, 0.0113843986765, -0.00745455734432, 0.0170893333852, -0.0146883204579, 0.0134612228721, -0.0164443794638], [0.00896965526044, -0.0220902133733, 0.0363215059042, -0.0179724898189, 0.00761669175699, -0.016447653994, 0.020544519648, -0.0158914476633, 0.00388111080974, -0.000923299405258, 0.0219423379749, -0.0236903727055, 0.015461390838], [-0.00819311756641, 0.0239066444337, -0.0179724898189, 0.0272429585457, -0.0159822572023, 0.00609006313607, -0.00323617784306, 0.00763501785696, -0.00376184447668, 0.0143983718008, -0.011955132708, 0.0100054265931, -0.0205605719239], [0.00816148612648, -0.0158111415803, 0.00761669175699, -0.0159822572023, 0.0405154600739, -0.0238058213145, 0.0131693482399, -0.0112359477207, 0.0125862117857, -0.00339762703516, 0.00461230659857, -0.00604140479118, 0.0157632436603], [-0.0101523231715, 0.0173922237009, -0.016447653994, 0.00609006313607, -0.0238058213145, 0.0565487965941, -0.0281381737441, 0.019048942253, -0.0100813787431, -0.00269784708507, -0.000917174795177, 0.00157111976296, 0.0051365159452], [0.00444680871442, -0.0176008138806, 0.020544519648, -0.00323617784306, 0.0131693482399, -0.0281381737441, 0.047595910728, -0.0236719436944, 0.00344895781018, 0.00277118687518, 0.000833978760056, 0.00599172711372, 0.00250548520125], [-0.00535559235141, 0.0113843986765, -0.0158914476633, 0.00763501785696, -0.0112359477207, 0.019048942253, -0.0236719436944, 0.0469528324902, -0.0246056728065, -0.00662571145222, -0.004056035541, 0.00633124774322, -0.00946744997054], [0.00658840825781, -0.00745455734432, 0.00388111080974, -0.00376184447668, 0.0125862117857, -0.0100813787431, 0.00344895781018, -0.0246056728065, 0.0477924905717, -0.000188301433809, 0.00814086012542, -0.00383187318221, 0.00322156725451], [-0.000441416283138, 0.0170893333852, -0.000923299405258, 0.0143983718008, -0.00339762703516, -0.00269784708507, 0.00277118687518, -0.00662571145222, -0.000188301433809, 0.0604376196861, -0.0224884301424, -0.00587947433814, -0.0121723832563], [0.00908273085952, -0.0146883204579, 0.0219423379749, -0.011955132708, 0.00461230659857, -0.000917174795177, 0.000833978760056, -0.004056035541, 0.00814086012542, -0.0224884301424, 0.0545658133924, -0.0289965327829, 0.0177066158503], [-0.00777205172926, 0.0134612228721, -0.0236903727055, 0.0100054265931, -0.00604140479118, 0.00157111976296, 0.00599172711372, 0.00633124774322, -0.00383187318221, -0.00587947433814, -0.0289965327829, 0.0698090866208, -0.0372825339437], [0.00535146752372, -0.0164443794638, 0.015461390838, -0.0205605719239, 0.0157632436603, 0.0051365159452, 0.00250548520125, -0.00946744997054, 0.00322156725451, -0.0121723832563, 0.0177066158503, -0.0372825339437, 0.062941417098]]
    },
    "melbands": {
        "dmean": [1.58636026981e-07, 1.13588089334e-06, 1.73447301677e-06, 1.85581529877e-06, 1.14648412364e-06, 3.86269357477e-06, 4.63088008473e-06, 1.79207438578e-06, 0.000477118883282, 0.000653569877613, 9.15952387004e-06, 6.81889105181e-07, 3.50060219034e-07, 2.28828497484e-07, 2.63939750766e-06, 1.95096322386e-06, 5.69945051154e-08, 6.33704857478e-08, 5.13257560897e-08, 4.96374781278e-08, 2.67404391963e-08, 1.67445506349e-08, 1.48519818666e-08, 1.10162723388e-08, 1.37871962735e-08, 1.0527301697e-08, 1.01736636893e-08, 8.22301249315e-09, 5.41851541414e-09, 6.33200114564e-09, 4.50458204071e-09, 4.0661625178e-09, 3.00058045077e-09, 2.54197263239e-09, 1.96124028129e-09, 1.65984703759e-09, 1.04179598281e-09, 9.50677092604e-10, 6.7989092134e-10, 4.37436031842e-10],
        "dmean2": [2.63858993321e-07, 2.04186994779e-06, 3.11830854116e-06, 3.11356347993e-06, 1.94896870198e-06, 7.20493335393e-06, 8.26341783977e-06, 2.76975924862e-06, 0.000735123350751, 0.000937247008551, 1.49423322e-05, 1.14175520594e-06, 5.68275083879e-07, 3.56791616696e-07, 3.65301320926e-06, 2.47434104494e-06, 9.51769294488e-08, 1.08179065705e-07, 8.13845986158e-08, 7.97583155077e-08, 4.48855281832e-08, 2.88424395478e-08, 2.42982576282e-08, 1.91529867521e-08, 2.18632081328e-08, 1.77773866739e-08, 1.73860641439e-08, 1.2943756289e-08, 8.87879902933e-09, 1.04188995209e-08, 7.68032659693e-09, 6.64097443703e-09, 4.75702588432e-09, 4.12148937201e-09, 3.14911430266e-09, 2.70470490449e-09, 1.70483027695e-09, 1.46540335422e-09, 1.05980613174e-09, 6.84012013696e-10],
        "dvar": [4.82335220755e-14, 1.55586502883e-12, 4.94484141134e-12, 4.89491737074e-12, 2.12067950006e-12, 2.14498401679e-11, 3.71314333447e-11, 8.79350325195e-12, 1.26458394334e-06, 1.58479701895e-06, 2.54469090244e-09, 6.7445185721e-12, 5.98195538243e-13, 7.5168393916e-14, 1.60700758256e-11, 1.03556390893e-11, 5.92807443081e-15, 2.99122676125e-15, 2.32407820101e-15, 2.34850959582e-15, 1.31193598008e-15, 3.61685318409e-16, 2.53491497185e-16, 1.15890359629e-16, 1.40308757781e-16, 1.47868169494e-16, 1.97128323453e-16, 1.01675174776e-16, 3.78039043078e-17, 1.15350892286e-16, 7.29656680078e-17, 4.40418850653e-17, 2.46245117087e-17, 2.13714105372e-17, 7.13162202355e-18, 6.00552604817e-18, 2.07469574171e-18, 1.9567935531e-18, 1.29968282545e-18, 3.08497603988e-19],
        "dvar2": [7.84967590602e-14, 4.91801608118e-12, 1.52039093121e-11, 1.39254016304e-11, 6.09269622601e-12, 6.42762371106e-11, 8.82182174533e-11, 1.85511554035e-11, 3.15113379656e-06, 4.55379085906e-06, 6.56140741739e-09, 1.810890847e-11, 1.07998896284e-12, 1.69207326644e-13, 3.32336103082e-11, 1.47206084128e-11, 1.03430634147e-14, 8.22606211121e-15, 5.85054465811e-15, 6.58983924964e-15, 3.61622336215e-15, 1.09150158479e-15, 6.82054434293e-16, 3.44413734279e-16, 3.44618213327e-16, 4.22204181364e-16, 5.72825459399e-16, 2.48736042461e-16, 9.46736136684e-17, 2.94089521649e-16, 2.0281367477e-16, 1.17176221817e-16, 6.40831511273e-17, 5.77854016074e-17, 1.60556203574e-17, 1.4923994266e-17, 4.8603966469e-18, 4.94192398166e-18, 3.13300633384e-18, 7.65971056682e-19],
        "max": [2.24720042752e-06, 9.59228964348e-06, 1.3512410078e-05, 1.16611518024e-05, 1.14251633931e-05, 4.73543987027e-05, 8.8863511337e-05, 4.13651723647e-05, 0.0127019323409, 0.0100713623688, 0.000508638971951, 2.82385990431e-05, 1.09698066808e-05, 3.19237642543e-06, 4.74301232316e-05, 3.96566865675e-05, 7.88467389157e-07, 4.63878990331e-07, 3.93266418541e-07, 4.52592530564e-07, 2.85700366476e-07, 1.46708572402e-07, 1.43681731402e-07, 8.06426854183e-08, 1.27896285562e-07, 1.22977638739e-07, 1.28093745388e-07, 8.10554041664e-08, 5.1961905001e-08, 8.30622823855e-08, 6.34034122982e-08, 5.36191571143e-08, 4.11767757669e-08, 3.70637600611e-08, 2.30285550629e-08, 1.88793762845e-08, 1.37060292005e-08, 1.42095952782e-08, 1.37460149929e-08, 6.53496545766e-09],
        "mean": [2.23706408065e-07, 1.64192624652e-06, 2.67627706307e-06, 2.5917079256e-06, 1.74528815933e-06, 6.76728677718e-06, 7.64812739362e-06, 4.75744855066e-06, 0.00161780463532, 0.00208667782135, 8.43309135234e-06, 8.82652500422e-07, 6.82492725446e-07, 5.96811844389e-07, 9.37316963245e-06, 5.30465877091e-06, 1.27456360133e-07, 1.23051094647e-07, 1.4437236473e-07, 1.33854442197e-07, 5.57278028168e-08, 3.36223244801e-08, 2.99802209724e-08, 2.56630734441e-08, 3.16554924495e-08, 2.39211281894e-08, 1.7975722244e-08, 1.66674496427e-08, 1.21213155069e-08, 1.16552518747e-08, 8.55152837431e-09, 7.53503481832e-09, 5.99163474391e-09, 5.14462250578e-09, 4.54708670716e-09, 3.63758889677e-09, 2.83474776985e-09, 2.49500953231e-09, 1.96019733778e-09, 1.39611489036e-09],
        "median": [1.61937293797e-07, 1.14222007142e-06, 2.20498941417e-06, 1.94275503418e-06, 1.25124336137e-06, 5.1176625675e-06, 5.26284929947e-06, 3.89845990867e-06, 0.000380016106647, 0.00084474607138, 1.78920993221e-06, 5.32630906491e-07, 3.82813624356e-07, 4.66901951768e-07, 5.82243637837e-06, 2.37875360654e-06, 1.06331121685e-07, 1.12207175107e-07, 1.24964572024e-07, 1.19974842505e-07, 5.12758759896e-08, 3.12944550274e-08, 2.7555520532e-08, 2.52010128321e-08, 2.4949686761e-08, 2.0455551919e-08, 1.48482426354e-08, 1.31651294311e-08, 1.05720427968e-08, 9.1163006033e-09, 6.62204868718e-09, 5.77388492573e-09, 4.87972595664e-09, 4.00203470363e-09, 3.87904863786e-09, 3.20937587617e-09, 2.71239697369e-09, 2.17267914771e-09, 1.90195925676e-09, 1.44430312154e-09],
        "min": [1.40414235794e-09, 2.52017020586e-08, 2.73748739232e-08, 2.92985138373e-08, 3.03263334445e-08, 5.40750079381e-07, 5.89646333538e-07, 7.90161152509e-07, 7.85999236541e-06, 1.7761866502e-06, 3.56730140538e-07, 2.93849193866e-08, 2.79842602424e-08, 2.16104254491e-08, 1.48400872035e-07, 1.30771695694e-07, 4.69400029957e-09, 5.80000714123e-09, 1.9450318689e-08, 1.09955742289e-08, 1.77821157799e-09, 1.09965092587e-09, 1.23969268184e-09, 6.29905017036e-10, 4.08918721106e-09, 1.06782382936e-09, 7.01245228552e-10, 4.83188600242e-10, 5.16675646711e-10, 5.68677660517e-10, 3.65131369584e-10, 1.92710444824e-10, 1.97452013073e-10, 1.2671746985e-10, 9.35070840202e-11, 9.16994327693e-11, 1.05471971434e-10, 8.53326437289e-11, 5.52635923134e-11, 5.81253933873e-11],
        "var": [6.2497011418e-14, 2.95805762697e-12, 5.51703778148e-12, 5.74948508941e-12, 2.93316456193e-12, 3.95759987282e-11, 9.83530895615e-11, 2.36417604244e-11, 7.57414181862e-06, 5.81657923249e-06, 1.9483432645e-09, 6.24214265346e-12, 2.3476032316e-12, 3.01085165914e-13, 1.08772650609e-10, 6.35065125487e-11, 1.23656916954e-14, 7.60181492271e-15, 6.43584442466e-15, 9.89448916544e-15, 1.88730862637e-15, 6.01995632976e-16, 4.35528909597e-16, 2.51981687427e-16, 4.09902086596e-16, 3.18288141222e-16, 2.17033028613e-16, 2.02126810459e-16, 8.65329851532e-17, 1.34542064832e-16, 7.47431269429e-17, 5.97221622936e-17, 3.51198256428e-17, 2.77071557713e-17, 1.60381254875e-17, 1.13569292485e-17, 4.94534313272e-18, 4.41559102584e-18, 2.66408798435e-18, 9.62233977574e-19]
    },
    "mfcc": {
        "mean": [-884.609558105, 155.237030029, -5.08635854721, -28.9093742371, -41.4617614746, -25.326166153, -15.1739063263, -7.1113243103, 2.12775707245, 17.7940483093, 17.6714496613, 6.64120912552, -12.3365831375],
        "cov": [[666.459289551, -197.661529541, 44.1529960632, 340.770385742, 197.938720703, 211.233810425, -34.8584823608, 3.30241727829, -12.5887346268, -123.531852722, -191.920410156, -71.0585861206, 24.658908844], [-197.661529541, 234.824996948, -51.3789138794, -189.649597168, -123.421737671, -105.0443573, 44.1468353271, 5.41046905518, 14.6617746353, 50.5856246948, 88.1254196167, 38.9263763428, -24.57097435], [44.1529960632, -51.3789138794, 79.7923202515, 82.8987197876, 68.6203994751, 47.2928237915, -28.9076576233, 10.3239793777, 5.58411073685, -30.4098110199, -47.2907371521, -23.80884552, 9.36035060883], [340.770385742, -189.649597168, 82.8987197876, 302.309417725, 202.397659302, 153.809005737, -42.8127365112, 4.89556598663, -3.43745207787, -86.567199707, -150.886001587, -66.7686233521, 27.6429328918], [197.938720703, -123.421737671, 68.6203994751, 202.397659302, 206.272521973, 141.10736084, -34.439704895, 11.5191278458, -6.12761592865, -77.1479110718, -104.682670593, -42.3443069458, 17.1570034027], [211.233810425, -105.0443573, 47.2928237915, 153.809005737, 141.10736084, 144.627761841, -17.8911247253, 8.94014167786, -0.692115962505, -69.9272079468, -79.7141647339, -25.7426815033, 5.07974863052], [-34.8584823608, 44.1468353271, -28.9076576233, -42.8127365112, -34.439704895, -17.8911247253, 50.353843689, 7.00417804718, -4.4584145546, 16.0318260193, 22.0836925507, 10.9659700394, -6.31079244614], [3.30241727829, 5.41046905518, 10.3239793777, 4.89556598663, 11.5191278458, 8.94014167786, 7.00417804718, 33.7883720398, 15.6801395416, -1.47040188313, 0.18966960907, -2.13168787956, -1.98269367218], [-12.5887346268, 14.6617746353, 5.58411073685, -3.43745207787, -6.12761592865, -0.692115962505, -4.4584145546, 15.6801395416, 36.1619796753, 14.9704780579, 7.44678783417, 2.25773572922, -6.71877717972], [-123.531852722, 50.5856246948, -30.4098110199, -86.567199707, -77.1479110718, -69.9272079468, 16.0318260193, -1.47040188313, 14.9704780579, 67.8775024414, 64.2464523315, 19.0627346039, -10.2604322433], [-191.920410156, 88.1254196167, -47.2907371521, -150.886001587, -104.682670593, -79.7141647339, 22.0836925507, 0.18966960907, 7.44678783417, 64.2464523315, 126.998352051, 54.8228225708, -31.414150238], [-71.0585861206, 38.9263763428, -23.80884552, -66.7686233521, -42.3443069458, -25.7426815033, 10.9659700394, -2.13168787956, 2.25773572922, 19.0627346039, 54.8228225708, 46.3983650208, -12.9138355255], [24.658908844, -24.57097435, 9.36035060883, 27.6429328918, 17.1570034027, 5.07974863052, -6.31079244614, -1.98269367218, -6.71877717972, -10.2604322433, -31.414150238, -12.9138355255, 40.6421165466]],
