{
"lowlevel": {
    "average_loudness": 0.988147079945,
    "barkbands_crest": {
        "dmean": 1.07279372215,
        "dmean2": 1.07339501381,
        "dvar": 0.453457385302,
        "dvar2": 0.588835120201,
        "max": 20.0639266968,
        "mean": 17.8388271332,
        "median": 17.7877159119,
        "min": 11.6534795761,
        "var": 2.02535438538
    },
    "barkbands_flatness_db": {
        "dmean": 0.0315750613809,
        "dmean2": 0.049510486424,
        "dvar": 0.00133507838473,
        "dvar2": 0.00300010573119,
        "max": 0.552891373634,
        "mean": 0.482930481434,
        "median": 0.499921411276,
        "min": 0.221275493503,
        "var": 0.00379813369364
    },
    "barkbands_kurtosis": {
        "dmean": 17.7080211639,
        "dmean2": 28.444190979,
        "dvar": 533.787780762,
        "dvar2": 1429.1661377,
        "max": 128.565719604,
        "mean": 31.7632102966,
        "median": 14.1817207336,
        "min": 3.91308021545,
        "var": 1188.8112793
    },
    "barkbands_skewness": {
        "dmean": 1.07015824318,
        "dmean2": 1.67156970501,
        "dvar": 1.73196077347,
        "dvar2": 4.76354312897,
        "max": 8.67030715942,
        "mean": 2.81767225266,
        "median": 1.81165337563,
        "min": 1.13873279095,
        "var": 3.92326378822
    },
    "barkbands_spread": {
        "dmean": 0.124913051724,
        "dmean2": 0.181801989675,
        "dvar": 0.0782619938254,
        "dvar2": 0.126811653376,
        "max": 3.27618050575,
        "mean": 0.721416771412,
        "median": 0.644623279572,
        "min": 0.520441412926,
        "var": 0.0938105806708
    },
    "dissonance": {
        "dmean": 0.0289790872484,
        "dmean2": 0.0479283817112,
        "dvar": 0.000589272822253,
        "dvar2": 0.00140429812018,
        "max": 0.478695273399,
        "mean": 0.402916103601,
        "median": 0.40513920784,
        "min": 0.284531325102,
        "var": 0.00206009694375
    },
    "dynamic_complexity": 0.318912506104,
    "erbbands_crest": {
        "dmean": 1.96708345413,
        "dmean2": 2.20523190498,
        "dvar": 1.82376480103,
        "dvar2": 2.22790384293,
        "max": 18.9419803619,
        "mean": 14.0245065689,
        "median": 13.4684762955,
        "min": 6.94508647919,
        "var": 6.24545955658
    },
    "erbbands_flatness_db": {
        "dmean": 0.0304684583098,
        "dmean2": 0.046085678041,
        "dvar": 0.00117371405941,
        "dvar2": 0.00252260291018,
        "max": 0.420404344797,
        "mean": 0.350917935371,
        "median": 0.3660787642,
        "min": 0.0996436029673,
        "var": 0.0034483410418
    },
    "erbbands_kurtosis": {
        "dmean": 6.46898365021,
        "dmean2": 10.6938915253,
        "dvar": 47.5581626892,
        "dvar2": 131.884063721,
        "max": 37.8024406433,
        "mean": 19.0568523407,
        "median": 15.7502059937,
        "min": 0.120393753052,
        "var": 89.8459472656
    },
    "erbbands_skewness": {
        "dmean": 0.654431402683,
        "dmean2": 1.03256380558,
        "dvar": 0.353029578924,
        "dvar2": 1.12168467045,
        "max": 5.19664335251,
        "mean": 3.3610625267,
        "median": 3.15722870827,
        "min": 0.84986948967,
        "var": 0.871924221516
    },
    "erbbands_spread": {
        "dmean": 4.66179609299,
        "dmean2": 7.20920276642,
        "dvar": 65.8864822388,
        "dvar2": 164.40083313,
        "max": 51.7996749878,
        "mean": 7.84999799728,
        "median": 3.76110768318,
        "min": 2.68428421021,
        "var": 85.9520874023
    },
    "hfc": {
        "dmean": 3.97672653198,
        "dmean2": 3.76859879494,
        "dvar": 7.3784403801,
        "dvar2": 7.93814706802,
        "max": 25.8555850983,
        "mean": 18.250869751,
        "median": 17.8312950134,
        "min": 0.109125629067,
        "var": 23.1669998169
    },
    "melbands_crest": {
        "dmean": 1.68850076199,
        "dmean2": 1.65460336208,
        "dvar": 0.759444653988,
        "dvar2": 0.842252969742,
        "max": 29.4596385956,
        "mean": 25.9438076019,
        "median": 25.9614944458,
        "min": 19.2010803223,
        "var": 4.61087799072
    },
    "melbands_flatness_db": {
        "dmean": 0.0397046543658,
        "dmean2": 0.0628943964839,
        "dvar": 0.00189921387937,
        "dvar2": 0.00469601061195,
        "max": 0.71872574091,
        "mean": 0.630984246731,
        "median": 0.651904523373,
        "min": 0.351221650839,
        "var": 0.00600376864895
    },
    "melbands_kurtosis": {
        "dmean": 36.7862319946,
        "dmean2": 57.7116355896,
        "dvar": 2649.82446289,
        "dvar2": 7332.8671875,
        "max": 314.934692383,
        "mean": 56.2979469299,
        "median": 20.7941703796,
        "min": 8.42054748535,
        "var": 4804.48339844
    },
    "melbands_skewness": {
        "dmean": 1.31208944321,
        "dmean2": 2.01760482788,
        "dvar": 2.99815011024,
        "dvar2": 8.4087305069,
        "max": 11.6480102539,
        "mean": 3.42767620087,
        "median": 2.38346743584,
        "min": 1.62150251865,
        "var": 5.41473484039
    },
    "melbands_spread": {
        "dmean": 0.0755781829357,
        "dmean2": 0.097914211452,
        "dvar": 0.0213890597224,
        "dvar2": 0.0307283215225,
        "max": 2.08276605606,
        "mean": 0.583311915398,
        "median": 0.560114264488,
        "min": 0.432058334351,
        "var": 0.029298665002
    },
    "pitch_salience": {
        "dmean": 0.029033664614,
        "dmean2": 0.0299500469118,
        "dvar": 0.000371717091184,
        "dvar2": 0.000412681954913,
        "max": 0.57424300909,
        "mean": 0.391074508429,
        "median": 0.391764134169,
        "min": 0.317543447018,
        "var": 0.00168054131791
    },
    "silence_rate_20dB": {
        "dmean": 0,
        "dmean2": 0,
        "dvar": 0,
        "dvar2": 0,
        "max": 1,
        "mean": 1,
        "median": 1,
        "min": 1,
        "var": 0
    },
    "silence_rate_30dB": {
        "dmean": 0.0166666675359,
        "dmean2": 0.0252100843936,
        "dvar": 0.0163888689131,
        "dvar2": 0.0245745331049,
        "max": 1,
        "mean": 0.024793388322,
        "median": 0,
        "min": 0,
        "var": 0.0241786856204
    },
    "silence_rate_60dB": {
        "dmean": 0,
        "dmean2": 0,
        "dvar": 0,
        "dvar2": 0,
        "max": 0,
        "mean": 0,
        "median": 0,
        "min": 0,
        "var": 0
    },
    "spectral_centroid": {
        "dmean": 15.2090816498,
        "dmean2": 23.8961467743,
        "dvar": 548.673950195,
        "dvar2": 1702.17724609,
        "max": 295.447937012,
        "mean": 159.008636475,
        "median": 150.676116943,
        "min": 135.74772644,
        "var": 693.647766113
    },
    "spectral_complexity": {
        "dmean": 0.949999988079,
        "dmean2": 1.5966386795,
        "dvar": 0.764166593552,
        "dvar2": 1.68603813648,
        "max": 8,
        "mean": 4.76033067703,
        "median": 5,
        "min": 1,
        "var": 1.48801255226
    },
    "spectral_decrease": {
        "dmean": 7.06064229306e-09,
        "dmean2": 6.60290222498e-09,
        "dvar": 2.55561470346e-17,
        "dvar2": 2.81799986792e-17,
        "max": -2.27730070912e-10,
        "mean": -3.75694710897e-08,
        "median": -3.76170206096e-08,
        "min": -4.96217147372e-08,
        "var": 7.52872992894e-17
    },
    "spectral_energy": {
        "dmean": 0.0270087253302,
        "dmean2": 0.025260893628,
        "dvar": 0.000373385410057,
        "dvar2": 0.000411496701417,
        "max": 0.189628615975,
        "mean": 0.143451020122,
        "median": 0.143664911389,
        "min": 0.000869403942488,
        "var": 0.00110106926877
    },
    "spectral_energyband_high": {
        "dmean": 1.25145925267e-05,
        "dmean2": 2.11705973925e-05,
        "dvar": 6.63491983577e-10,
        "dvar2": 1.9092503134e-09,
        "max": 0.000210031561437,
        "mean": 1.33139947138e-05,
        "median": 1.97810641112e-06,
        "min": 1.88744749607e-07,
        "var": 7.89669940549e-10
    },
    "spectral_energyband_low": {
        "dmean": 0.0210326295346,
        "dmean2": 0.0195522122085,
        "dvar": 0.000242363166763,
        "dvar2": 0.000287635164568,
        "max": 0.162103503942,
        "mean": 0.12322562933,
        "median": 0.123941704631,
        "min": 0.000766882963944,
        "var": 0.000694011629093
    },
    "spectral_energyband_middle_high": {
        "dmean": 4.14681089751e-05,
        "dmean2": 6.70791196171e-05,
        "dvar": 5.42271694215e-09,
        "dvar2": 1.5806302045e-08,
        "max": 0.000531879020855,
        "mean": 5.57318999199e-05,
        "median": 2.33221235248e-05,
        "min": 6.47494925943e-06,
        "var": 7.65068364217e-09
    },
    "spectral_energyband_middle_low": {
        "dmean": 0.0108384182677,
        "dmean2": 0.0103268837556,
        "dvar": 4.31797343481e-05,
        "dvar2": 4.19184470957e-05,
        "max": 0.0563836582005,
        "mean": 0.0307290479541,
        "median": 0.0293785333633,
        "min": 9.37689619604e-05,
        "var": 0.000169630657183
    },
    "spectral_entropy": {
        "dmean": 0.33934161067,
        "dmean2": 0.553729712963,
        "dvar": 0.141307517886,
        "dvar2": 0.393412947655,
        "max": 7.15933465958,
        "mean": 4.96200609207,
        "median": 4.76881551743,
        "min": 4.28118562698,
        "var": 0.385312765837
    },
    "spectral_flux": {
        "dmean": 0.0250400584191,
        "dmean2": 0.0379180684686,
        "dvar": 0.00110856944229,
        "dvar2": 0.00139666628093,
        "max": 0.410225003958,
        "mean": 0.0698014423251,
        "median": 0.0673621669412,
        "min": 0.0352394543588,
        "var": 0.00157067354303
    },
    "spectral_kurtosis": {
        "dmean": 36.8696670532,
        "dmean2": 62.9650192261,
        "dvar": 1311.55004883,
        "dvar2": 3278.96948242,
        "max": 243.04473877,
        "mean": 84.1380310059,
        "median": 61.4820175171,
        "min": 0.962067604065,
        "var": 5114.23095703
    },
    "spectral_rms": {
        "dmean": 0.00116067251656,
        "dmean2": 0.00108549324796,
        "dvar": 1.38342932132e-06,
        "dvar2": 1.49374761804e-06,
        "max": 0.0136016001925,
        "mean": 0.0117203341797,
        "median": 0.011838956736,
        "min": 0.000920977152418,
        "var": 2.58599857261e-06
    },
    "spectral_rolloff": {
        "dmean": 12.0227050781,
        "dmean2": 15.9237136841,
        "dvar": 122.06993103,
        "dvar2": 151.667327881,
        "max": 172.265625,
        "mean": 155.003463745,
        "median": 150.732421875,
        "min": 129.19921875,
        "var": 257.666412354
    },
    "spectral_skewness": {
        "dmean": 2.03466200829,
        "dmean2": 3.48684620857,
        "dvar": 3.30080866814,
        "dvar2": 8.91633987427,
        "max": 13.0137176514,
        "mean": 6.54983472824,
        "median": 6.10609340668,
        "min": 1.07573974133,
        "var": 13.4298810959
    },
    "spectral_spread": {
        "dmean": 608046,
        "dmean2": 991326.125,
        "dvar": 653939572736,
        "dvar2": 1.03776157696e+12,
        "max": 9059077,
        "mean": 1646752.375,
        "median": 1300716.25,
        "min": 441346.96875,
        "var": 1.28727764173e+12
    },
    "spectral_strongpeak": {
        "dmean": 0.310739964247,
        "dmean2": 0.545128643513,
        "dvar": 0.0766604393721,
        "dvar2": 0.126607090235,
        "max": 1.89784002304,
        "mean": 1.46606385708,
        "median": 1.42582893372,
        "min": 0,
        "var": 0.132391050458
    },
    "zerocrossingrate": {
        "dmean": 0.000333658856107,
        "dmean2": 0.000455455621704,
        "dvar": 2.90009467108e-07,
        "dvar2": 3.59555855312e-07,
        "max": 0.00927734375,
        "mean": 0.00514107709751,
        "median": 0.0048828125,
        "min": 0.0009765625,
        "var": 6.89934381626e-07
    },
    "barkbands": {
        "dmean": [3.21726547554e-05, 0.00119677663315, 0.0183801278472, 0.00759514700621, 0.00424746610224, 0.000230718374951, 2.95793288387e-05, 2.32967413467e-05, 1.62571614055e-05, 5.92659944232e-06, 3.21250649904e-06, 2.88851765617e-06, 2.24100904234e-06, 2.19199819185e-06, 2.74808849099e-06, 1.62726860253e-06, 1.73986700247e-06, 2.37275207837e-06, 1.64193497767e-05, 1.0010629012e-05, 5.18882916367e-06, 7.84653707342e-07, 3.80829135338e-07, 9.43559967936e-08, 6.95924029515e-08, 7.13014003395e-08, 7.42359986816e-08],
        "dmean2": [4.99807902088e-05, 0.0015767008299, 0.017121931538, 0.00722402241081, 0.00413808366284, 0.000229843441048, 3.99747041229e-05, 2.97574442811e-05, 2.46452091233e-05, 8.82713902683e-06, 5.32634885531e-06, 4.63731566924e-06, 3.84183340429e-06, 3.50533082383e-06, 4.85003192807e-06, 2.62977960119e-06, 2.87806460619e-06, 3.74126375391e-06, 2.77804701909e-05, 1.70337971213e-05, 8.9355480668e-06, 1.25531767026e-06, 6.19021307102e-07, 1.16761171398e-07, 7.447472683e-08, 7.98243888767e-08, 8.11434048842e-08],
        "dvar": [8.12936118422e-09, 2.59300850303e-06, 0.000154306806508, 1.76681951416e-05, 7.33914703233e-06, 1.98077518831e-08, 1.57838497827e-09, 1.14355858116e-09, 3.43573586248e-10, 6.78976389001e-11, 3.26498168779e-11, 2.95889909796e-11, 1.58883114998e-11, 1.36787742591e-11, 2.41153156472e-11, 1.0696940729e-11, 1.02965665508e-11, 1.7626565138e-11, 1.08388387154e-09, 4.44597886284e-10, 1.21338439296e-10, 2.49836826574e-12, 8.46074404114e-13, 5.10925991185e-13, 4.7349868167e-13, 4.50306512998e-13, 5.14649195656e-13],
        "dvar2": [8.51386516842e-09, 3.09693336931e-06, 0.000183214782737, 1.62437700055e-05, 8.29053715279e-06, 2.94091222486e-08, 2.05781036655e-09, 1.33995370355e-09, 5.62309865337e-10, 1.69446595644e-10, 7.54700954508e-11, 5.93923105141e-11, 3.13519279982e-11, 3.62388730135e-11, 7.41050415476e-11, 2.88774837376e-11, 2.90131599301e-11, 4.89824188155e-11, 3.09253067599e-09, 1.28755839324e-09, 3.37689431973e-10, 6.5076728728e-12, 1.76331128518e-12, 5.45747095518e-13, 4.81101378354e-13, 4.53979193647e-13, 5.20467241354e-13],
        "max": [0.00116621702909, 0.0203093886375, 0.127614170313, 0.03649257496, 0.0225493069738, 0.00108710234053, 0.000310993316816, 0.000266524439212, 0.000181389943464, 7.39023234928e-05, 5.24383867742e-05, 4.5290486014e-05, 4.33814311691e-05, 2.74096055364e-05, 3.4762899304e-05, 2.55648956227e-05, 2.05284050026e-05, 2.90089137707e-05, 0.00023475533817, 0.00017037204816, 9.22585895751e-05, 1.10969322122e-05, 8.78022365214e-06, 7.97145185061e-06, 7.61238061386e-06, 7.42639576856e-06, 7.94846346253e-06],
        "mean": [0.000176328394446, 0.0174386166036, 0.0950394943357, 0.0186927877367, 0.0112264519557, 0.000572482240386, 7.0641595812e-05, 5.13104823767e-05, 0.000112433081085, 1.16761939353e-05, 5.54767620997e-06, 4.10966504205e-06, 3.19359492096e-06, 2.86795125248e-06, 3.25719543071e-06, 1.98547354557e-06, 1.99663304556e-06, 2.47617140303e-06, 1.59205355885e-05, 1.04846449176e-05, 5.55022234039e-06, 8.29300518035e-07, 4.30212878655e-07, 1.07634441804e-07, 8.42430551984e-08, 8.3858829214e-08, 1.18302047269e-07],
        "median": [0.000165066594491, 0.0174701642245, 0.0971440821886, 0.018704995513, 0.0107411053032, 0.000547816220205, 4.61131530756e-05, 2.5828680009e-05, 0.000111481931526, 9.20035290619e-06, 3.22233540828e-06, 2.40751523961e-06, 1.49334368871e-06, 1.17757781481e-06, 8.522221151e-07, 5.51120649561e-07, 5.08172547597e-07, 4.06443746215e-07, 2.53573693954e-06, 1.50909636432e-06, 8.37081870486e-07, 1.45143616237e-07, 6.56564793644e-08, 1.66209499497e-08, 1.55159174398e-08, 1.70195963989e-08, 4.96635266245e-08],
        "min": [0.000114436727017, 0.000375222123694, 0.000276156584732, 7.04754565959e-05, 6.6966272243e-06, 1.61315711011e-06, 2.94360256703e-06, 2.69416023002e-06, 8.10478468338e-06, 2.99097746392e-06, 7.67419578551e-07, 7.28209101908e-07, 4.85972634579e-07, 2.85016312773e-07, 8.26725212733e-08, 6.04783281233e-08, 7.95359156314e-08, 4.84131952305e-08, 8.84369484311e-08, 5.70783669218e-08, 2.8799226115e-08, 1.54572514788e-08, 9.00467167497e-09, 6.15940676241e-09, 6.43298214698e-09, 6.81524614521e-09, 3.76415272285e-08],
        "var": [8.58783266722e-09, 3.93092204831e-06, 0.00051856652135, 8.06263342383e-05, 2.63985202764e-05, 7.1417360914e-08, 4.2789971566e-09, 3.3712983516e-09, 6.00072325163e-10, 9.49429146413e-11, 5.61794777365e-11, 3.4019263101e-11, 2.52676525536e-11, 1.98622923664e-11, 3.33016773879e-11, 1.49224937962e-11, 1.3745554174e-11, 2.37611510329e-11, 1.23954768672e-09, 5.04305763815e-10, 1.46460094053e-10, 3.32197290509e-12, 1.10124008437e-12, 5.19114807564e-13, 4.72823006876e-13, 4.4981320101e-13, 5.11346986889e-13]
    },
    "erbbands": {
        "dmean": [0.00732394773513, 0.360826462507, 12.3654460907, 26.8315925598, 18.5205440521, 12.6838817596, 3.9781498909, 1.72703289986, 0.508588314056, 0.461760431528, 0.410957723856, 0.48066803813, 0.162494897842, 0.213553130627, 0.127666160464, 0.107078224421, 0.105689033866, 0.109705850482, 0.141779273748, 0.109298467636, 0.0945960059762, 0.0976168960333, 0.100378401577, 0.605352461338, 0.688718438148, 0.473215997219, 0.381923258305, 0.09975797683, 0.032512743026, 0.0212503168732, 0.0087650353089, 0.00264173722826, 0.00147906539496, 0.00080786406761, 0.000502538576256, 0.000304943445371, 0.000131671768031, 4.41493903054e-05, 2.13660587178e-05, 2.9245411497e-05],
        "dmean2": [0.0114221135154, 0.486460775137, 11.5680742264, 25.5310726166, 17.4323177338, 12.233338356, 3.91889095306, 1.75427281857, 0.643772900105, 0.58427298069, 0.545865476131, 0.727948367596, 0.222506538033, 0.331454575062, 0.193940535188, 0.171745926142, 0.183359712362, 0.181702524424, 0.239720746875, 0.189271166921, 0.154413819313, 0.161424487829, 0.15494248271, 1.00571215153, 1.16879165173, 0.804438114166, 0.649786055088, 0.170743152499, 0.0524553544819, 0.0353898890316, 0.0135733401403, 0.0035719354637, 0.00183020171244, 0.000880439882167, 0.000546082563233, 0.000351128808688, 0.000143483761349, 4.71431885671e-05, 2.09753670788e-05, 2.80829044641e-05],
        "dvar": [0.000222005546675, 0.48779219389, 118.80065155, 250.621124268, 131.78956604, 59.5218086243, 6.31114912033, 1.18110382557, 0.322592526674, 0.552366495132, 0.281319975853, 0.291528493166, 0.0539520010352, 0.0910215452313, 0.0461456142366, 0.0410698503256, 0.0318621322513, 0.0374145582318, 0.0600151345134, 0.0480926521122, 0.0333324559033, 0.0319440215826, 0.0310931429267, 1.35943520069, 2.0232360363, 0.979734838009, 0.641390144825, 0.0461427457631, 0.00412907544523, 0.00187030690722, 0.000561010732781, 0.000247178890277, 0.000131062639412, 6.0701971961e-05, 2.31920585065e-05, 7.06307491782e-06, 1.54737142566e-06, 1.95536941305e-07, 9.96818894095e-09, 4.35544156296e-10],
        "dvar2": [0.000275781145319, 0.539868474007, 127.849639893, 278.038452148, 135.373291016, 66.1938095093, 6.97995853424, 1.75744223595, 0.409560382366, 0.68633466959, 0.315568357706, 0.528169035912, 0.109452709556, 0.225604444742, 0.101006872952, 0.0771600529552, 0.0650331601501, 0.0920216292143, 0.169599950314, 0.140931203961, 0.0948598384857, 0.0905678123236, 0.0835764929652, 3.8966383934, 5.79670286179, 2.85548329353, 1.81733071804, 0.137318909168, 0.0110556203872, 0.0048891492188, 0.00102189276367, 0.000280450738501, 0.00013895619486, 6.17587138549e-05, 2.36026735365e-05, 7.1544709499e-06, 1.56032399445e-06, 1.97155642923e-07, 1.04884065877e-08, 5.2865750666e-10],
        "max": [0.231674879789, 8.27789783478, 122.634887695, 131.377258301, 102.206497192, 61.6773109436, 20.1117839813, 8.62768554688, 4.4275560379, 5.8038520813, 4.54520893097, 5.53736448288, 2.69859194756, 2.68491244316, 1.80240762234, 1.87260901928, 1.86857354641, 1.68520510197, 1.67949664593, 1.50275886059, 1.28858232498, 1.14730286598, 1.15923786163, 8.63942432404, 10.2861757278, 7.97310018539, 6.61379814148, 1.6484708786, 0.455529183149, 0.318652749062, 0.237742543221, 0.175846219063, 0.127706319094, 0.086276166141, 0.0534046068788, 0.0295936577022, 0.0137665010989, 0.00488055218011, 0.00116792914923, 0.000207099612453],
        "mean": [0.106253184378, 7.40135717392, 98.6855010986, 77.9437408447, 58.3193664551, 28.3071689606, 10.5440702438, 4.59649991989, 1.3362711668, 1.0850148201, 1.08450078964, 3.25397276878, 0.720299243927, 0.389023154974, 0.218686535954, 0.15481890738, 0.153795823455, 0.143556326628, 0.187092602253, 0.132739365101, 0.112511925399, 0.111497014761, 0.107996441424, 0.601329922676, 0.674015581608, 0.495446264744, 0.397424787283, 0.101405642927, 0.0333091504872, 0.0236830227077, 0.0095989247784, 0.00302935461514, 0.00174710620195, 0.000996309681796, 0.000686650513671, 0.000423496676376, 0.000183112904779, 5.61952219869e-05, 7.89118785178e-05, 0.000157516697072],
        "median": [0.105653755367, 7.47464561462, 100.293884277, 74.5765609741, 56.1888313293, 26.6953449249, 9.80716133118, 4.43832349777, 1.15210604668, 0.564221858978, 0.743114829063, 3.18990135193, 0.666298747063, 0.280951559544, 0.128834933043, 0.094982303679, 0.0732387751341, 0.0615658573806, 0.0568455941975, 0.0411372818053, 0.0279507935047, 0.0271891374141, 0.0219403486699, 0.0981888249516, 0.103516861796, 0.0810210555792, 0.0591132938862, 0.0155928079039, 0.00644465070218, 0.00367409130558, 0.00159452261869, 0.000509343168233, 0.00033351109596, 0.000212049650145, 0.000212080209167, 0.000148363687913, 6.5401683969e-05, 1.39812927955e-05, 6.94898262736e-05, 0.00015714019537],
        "min": [0.0102261723951, 0.0877104923129, 0.30011421442, 0.313663750887, 0.0791118144989, 0.0256758648902, 0.00875842478126, 0.0129701113328, 0.0308654699475, 0.0556709729135, 0.0668280422688, 0.176278024912, 0.162270471454, 0.0506308116019, 0.0387313477695, 0.0290632341057, 0.0283879749477, 0.0168558228761, 0.0107016880065, 0.00687996670604, 0.00461183534935, 0.0047459192574, 0.00340254884213, 0.00370615860447, 0.00345973158255, 0.00253389822319, 0.00162674370222, 0.000806928263046, 0.00063863635296, 0.000419634219725, 0.000290272757411, 0.00017333739379, 0.000149486470036, 0.000118893869512, 0.000106308420072, 9.26117209019e-05, 3.49266592821e-05, 8.79649633134e-06, 2.6154153602e-05, 3.47840295944e-06],
        "var": [0.000239167828113, 0.620272696018, 291.904571533, 992.725280762, 503.113677979, 231.862930298, 22.7212314606, 4.02779388428, 0.865531504154, 1.50073873997, 0.82165068388, 0.525814950466, 0.077839627862, 0.133436754346, 0.0817273408175, 0.0459415800869, 0.0502358861268, 0.0503501109779, 0.101972751319, 0.0613578855991, 0.0453722290695, 0.042343121022, 0.0434749051929, 1.64640247822, 2.29521751404, 1.11473500729, 0.731425523758, 0.051981639117, 0.00536279194057, 0.00256784143858, 0.000674789655022, 0.000255389953963, 0.000133114735945, 6.06840621913e-05, 2.31879021158e-05, 7.10624590283e-06, 1.53912276346e-06, 1.94136703158e-07, 1.00881090148e-08, 1.25194177247e-09]
    },
    "gfcc": {
        "mean": [-160.368988037, 206.948455811, -20.2746906281, 46.8860015869, -16.7364883423, -21.7775344849, 0.459634065628, -16.0224437714, -22.9302177429, -20.1865596771, -18.88971138, -27.369966507, -8.3406496048],
        "cov": [[1723.95373535, -706.67578125, -1073.49279785, 898.796325684, -87.0584869385, -87.6017074585, 145.188476562, -160.264373779, -76.7624435425, -0.907138049603, 33.8325614929, 7.19597482681, 15.2613487244], [-706.67578125, 553.996887207, 605.586547852, -455.888580322, 42.3778648376, -48.8529701233, -92.4659957886, 13.4585914612, 16.7630996704, -30.5135822296, -9.46981811523, -26.6785202026, 5.5103802681], [-1073.49279785, 605.586547852, 879.937072754, -718.395874023, 47.047542572, 30.5924854279, -163.403366089, 91.1096343994, 37.555065155, -9.4151763916, -22.5426044464, -3.71510028839, -8.79242610931], [898.796325684, -455.888580322, -718.395874023, 637.224731445, -42.0773849487, -68.9741439819, 158.041732788, -93.7695159912, -40.5725440979, -1.54071891308, 18.7572193146, -9.015376091, 18.374502182], [-87.0584869385, 42.3778648376, 47.047542572, -42.0773849487, 23.290304184, 11.4817171097, -5.19564914703, 0.071466319263, -2.74541807175, -7.51837396622, -2.32429075241, 0.632194697857, 4.95963335037], [-87.6017074585, -48.8529701233, 30.5924854279, -68.9741439819, 11.4817171097, 73.2651596069, -23.8957767487, 26.8013267517, 9.17550945282, 4.29409790039, -1.533649683, 16.9413509369, -7.80776691437], [145.188476562, -92.4659957886, -163.403366089, 158.041732788, -5.19564914703, -23.8957767487, 64.8043518066, -18.3505802155, -14.2390346527, -3.07673096657, 1.7921847105, -7.37024354935, 9.23836040497], [-160.264373779, 13.4585914612, 91.1096343994, -93.7695159912, 0.071466319263, 26.8013267517, -18.3505802155, 42.6211471558, 14.081823349, 9.08018016815, -4.52939271927, 5.05508995056, -8.54108333588], [-76.7624435425, 16.7630996704, 37.555065155, -40.5725440979, -2.74541807175, 9.17550945282, -14.2390346527, 14.081823349, 19.849521637, 8.33253955841, -0.334773957729, 0.196596905589, -9.62271118164], [-0.907138049603, -30.5135822296, -9.4151763916, -1.54071891308, -7.51837396622, 4.29409790039, -3.07673096657, 9.08018016815, 8.33253955841, 22.5644321442, 0.626470923424, 0.0271479282528, -8.86048412323], [33.8325614929, -9.46981811523, -22.5426044464, 18.7572193146, -2.32429075241, -1.533649683, 1.7921847105, -4.52939271927, -0.334773957729, 0.626470923424, 7.74764204025, -0.416413456202, -4.49503421783], [7.19597482681, -26.6785202026, -3.71510028839, -9.015376091, 0.632194697857, 16.9413509369, -7.37024354935, 5.05508995056, 0.196596905589, 0.0271479282528, -0.416413456202, 11.8939466476, -1.91306340694], [15.2613487244, 5.5103802681, -8.79242610931, 18.374502182, 4.95963335037, -7.80776691437, 9.23836040497, -8.54108333588, -9.62271118164, -8.86048412323, -4.49503421783, -1.91306340694, 14.1890258789]],
        "icov": [[0.010329275392, -0.0102459806949, 0.0102345831692, -0.0179539062083, 0.0159615073353, -0.00552534963936, 0.0335049554706, -0.00669398903847, 0.0346918180585, -0.00505022518337, 0.0165305677801, -0.00696013541892, 0.0126693006605], [-0.0102459806949, 0.218576133251, -0.0447754003108, 0.202807575464, -0.0855931341648, 0.190319880843, -0.147295445204, 0.231070145965, -0.196017175913, 0.168009459972, -0.173001885414, 0.16818664968, -0.0547514930367], [0.0102345831692, -0.0447754003108, 0.0526947490871, 0.000574341160245, 0.0335500016809, -0.0161643512547, 0.0376801937819, -0.0398309603333, 0.0558652617037, -0.0256118867546, 0.0280259773135, -0.0287296436727, -0.00394325191155], [-0.0179539062083, 0.202807575464, 0.000574341160245, 0.269583195448, -0.069527387619, 0.197404935956, -0.196926385164, 0.23018373549, -0.214127898216, 0.158602878451, -0.195860296488, 0.153826281428, -0.0959789529443], [0.0159615073353, -0.0855931341648, 0.0335500016809, -0.069527387619, 0.126501888037, -0.0876181274652, 0.0680895298719, -0.0620762333274, 0.106259316206, -0.0507131405175, 0.070628374815, -0.0550768561661, 0.00811233278364], [-0.00552534963936, 0.190319880843, -0.0161643512547, 0.197404935956, -0.0876181274652, 0.209088772535, -0.119659736753, 0.187503680587, -0.167433142662, 0.14849473536, -0.159452155232, 0.116162210703, -0.0528352148831], [0.0335049554706, -0.147295445204, 0.0376801937819, -0.196926385164, 0.0680895298719, -0.119659736753, 0.236506283283, -0.173050791025, 0.220688998699, -0.10497174412, 0.157093003392, -0.0872631445527, 0.0738476589322], [-0.00669398903847, 0.231070145965, -0.0398309603333, 0.23018373549, -0.0620762333274, 0.187503680587, -0.173050791025, 0.312436848879, -0.215228721499, 0.170844733715, -0.161655038595, 0.170502141118, -0.0471852235496], [0.0346918180585, -0.196017175913, 0.0558652617037, -0.214127898216, 0.106259316206, -0.167433142662, 0.220688998699, -0.215228721499, 0.345657646656, -0.14895491302, 0.214303433895, -0.119583137333, 0.141368046403], [-0.00505022518337, 0.168009459972, -0.0256118867546, 0.158602878451, -0.0507131405175, 0.14849473536, -0.10497174412, 0.170844733715, -0.14895491302, 0.200630396605, -0.108346566558, 0.143678694963, -0.00113386346493], [0.0165305677801, -0.173001885414, 0.0280259773135, -0.195860296488, 0.070628374815, -0.159452155232, 0.157093003392, -0.161655038595, 0.214303433895, -0.108346566558, 0.384416133165, -0.107066728175, 0.193413376808], [-0.00696013541892, 0.16818664968, -0.0287296436727, 0.153826281428, -0.0550768561661, 0.116162210703, -0.0872631445527, 0.170502141118, -0.119583137333, 0.143678694963, -0.107066728175, 0.278785526752, -0.0199204310775], [0.0126693006605, -0.0547514930367, -0.00394325191155, -0.0959789529443, 0.00811233278364, -0.0528352148831, 0.0738476589322, -0.0471852235496, 0.141368046403, -0.00113386346493, 0.193413376808, -0.0199204310775, 0.245318472385]]
    },
    "melbands": {
        "dmean": [0.000173590087797, 0.00469954870641, 0.00448082387447, 0.00110107020009, 0.000197436558665, 3.74836199626e-05, 6.96132383382e-06, 5.11842426931e-06, 3.13166879096e-06, 3.10220548272e-06, 7.97127199803e-07, 9.09188088372e-07, 4.54352544921e-07, 3.28261052118e-07, 2.13971759422e-07, 2.40346622604e-07, 2.02309578867e-07, 2.27169536515e-07, 1.95709333184e-07, 1.12890390369e-07, 1.12534131347e-07, 1.08557294709e-07, 6.90924935043e-08, 1.16036929398e-07, 5.21791321262e-07, 7.03447881278e-07, 3.13379757699e-07, 3.15040836085e-07, 3.00745739423e-07, 1.11674395953e-07, 3.63925600766e-08, 1.89378184245e-08, 1.23517995831e-08, 1.13810338931e-08, 5.54546009113e-09, 2.5695967576e-09, 1.22115317858e-09, 1.08525866072e-09, 7.97189869672e-10, 6.39836461591e-10],
        "dmean2": [0.000239117187448, 0.00439225090668, 0.0042275544256, 0.00105764274485, 0.000190474718693, 3.79063531e-05, 9.05652541405e-06, 6.47383740215e-06, 4.24007703259e-06, 4.63242349724e-06, 1.13563521609e-06, 1.42606950249e-06, 6.96690165114e-07, 5.10910922458e-07, 3.54559801963e-07, 4.17356943672e-07, 3.36377212307e-07, 3.76972622007e-07, 3.44976768929e-07, 1.86372915323e-07, 1.86141747349e-07, 1.79319783911e-07, 1.09218916577e-07, 1.83046935831e-07, 8.68119343522e-07, 1.20531296943e-06, 5.15427927894e-07, 5.32548540377e-07, 5.14512805694e-07, 1.93832633499e-07, 6.2466611439e-08, 3.1012955759e-08, 1.98350420533e-08, 1.92372535679e-08, 8.5986906484e-09, 3.83941634041e-09, 1.50578194358e-09, 1.37038536074e-09, 8.99233854046e-10, 6.88113566127e-10],
        "dvar": [5.23267615904e-08, 1.63590957527e-05, 7.01745057086e-06, 4.89432807171e-07, 1.48679726308e-08, 5.45490430603e-10, 7.03885769116e-11, 7.01656996394e-11, 1.23735709179e-11, 1.1441050364e-11, 1.43522563625e-12, 1.61698378211e-12, 6.15038239522e-13, 3.81024394978e-13, 1.73693917864e-13, 1.66552874465e-13, 1.26128735277e-13, 1.5234223659e-13, 1.35876187146e-13, 5.73697448054e-14, 4.51805713881e-14, 3.85246982969e-14, 1.81269268936e-14, 3.98023424658e-14, 1.01882781725e-12, 2.09210296656e-12, 4.25813030669e-13, 4.30638733223e-13, 3.79258175429e-13, 6.40118857985e-14, 5.94346459594e-15, 1.43480943814e-15, 6.34478658289e-16, 5.33504178284e-16, 2.06276438102e-16, 1.14644532982e-16, 8.60695588694e-17, 6.61407529748e-17, 5.18912798306e-17, 4.04245779245e-17],
        "dvar2": [6.48529052683e-08, 1.86469424079e-05, 7.39603592592e-06, 5.40273731531e-07, 1.58939528205e-08, 8.16665235437e-10, 8.95902727005e-11, 8.69980198992e-11, 1.40950107488e-11, 2.10157082708e-11, 2.91480663391e-12, 4.0136062876e-12, 1.34806358784e-12, 7.49577808677e-13, 3.37570520582e-13, 3.4036166355e-13, 3.19118646439e-13, 4.14387979226e-13, 4.151434513e-13, 1.53168940747e-13, 1.30033706242e-13, 1.13357267366e-13, 4.16843853001e-14, 1.12730591734e-13, 2.90913972599e-12, 5.98675319388e-12, 1.21595691415e-12, 1.27076864656e-12, 1.06071932921e-12, 1.86905300807e-13, 1.82098073735e-14, 3.81965357103e-15, 1.58216352481e-15, 1.39742468611e-15, 3.89551802401e-16, 1.4950380335e-16, 9.19915500154e-17, 7.05273711725e-17, 5.30775428557e-17, 4.09996537387e-17],
        "max": [0.00325333559886, 0.0452457666397, 0.0224698185921, 0.00586079619825, 0.00103353639133, 0.000185638811672, 6.56249903841e-05, 6.53639799566e-05, 3.19763857988e-05, 3.56726486643e-05, 1.3227794625e-05, 1.10672071969e-05, 6.45652562525e-06, 5.53594054509e-06, 4.07031393479e-06, 4.21256345362e-06, 3.00463102576e-06, 2.83269423562e-06, 2.59280704995e-06, 1.92733727999e-06, 1.45441117638e-06, 1.30814873955e-06, 1.09111431357e-06, 1.36908988679e-06, 7.511849617e-06, 1.00484876384e-05, 5.13158920512e-06, 5.25923314854e-06, 5.00516716784e-06, 2.05878677662e-06, 5.2305506415e-07, 2.64960078766e-07, 1.90012983126e-07, 1.72445965063e-07, 1.39598014925e-07, 1.18537158755e-07, 1.03156672537e-07, 9.07074593215e-08, 7.99311479227e-08, 7.02873350633e-08],
        "mean": [0.00245556747541, 0.0362118184566, 0.0140712438151, 0.00297491857782, 0.000546672614291, 9.90012486e-05, 1.77975380211e-05, 1.16917090054e-05, 8.23354184831e-06, 2.08215442399e-05, 2.50971788773e-06, 1.56976352628e-06, 7.65697677707e-07, 4.89225840283e-07, 3.13936993734e-07, 3.300590663e-07, 2.59012580273e-07, 3.05241599108e-07, 2.27119528518e-07, 1.37562324198e-07, 1.33547956693e-07, 1.23624829484e-07, 7.55331370783e-08, 1.21903212857e-07, 5.17332125582e-07, 6.73197007472e-07, 3.17712562037e-07, 3.26699904463e-07, 3.10610630549e-07, 1.12759529713e-07, 3.67843746574e-08, 1.87817530417e-08, 1.34992710343e-08, 1.26506529696e-08, 5.91106097403e-09, 2.77235545632e-09, 1.39209999084e-09, 1.22505439126e-09, 9.09056108167e-10, 7.31528004838e-10],
        "median": [0.00247109378688, 0.0368671454489, 0.0135569982231, 0.00291498797014, 0.000516407075338, 9.48235610849e-05, 1.40707097671e-05, 5.67659935768e-06, 5.97685721004e-06, 2.05479918804e-05, 2.24576615437e-06, 1.07942753402e-06, 4.29338683716e-07, 2.82786288608e-07, 1.77602345275e-07, 1.52860366143e-07, 1.07632779134e-07, 9.44510460954e-08, 5.69413174389e-08, 4.16771221978e-08, 3.41569759144e-08, 3.24883373537e-08, 1.81488495343e-08, 2.00091356817e-08, 8.9098030287e-08, 9.90279005464e-08, 4.73832528769e-08, 4.90864984215e-08, 4.68290721756e-08, 1.57968802483e-08, 6.04765615364e-09, 3.52704798701e-09, 2.53229459624e-09, 1.90032123371e-09, 9.78979675104e-10, 4.40964736947e-10, 2.19625345688e-10, 1.89388407734e-10, 1.42246450729e-10, 1.05714298426e-10],
        "min": [0.000103506492451, 0.000147686878336, 4.81457354908e-05, 2.75393199445e-06, 3.64615544868e-07, 2.93563317655e-07, 5.46601484075e-07, 6.53409131246e-07, 5.54086170723e-07, 1.20952415728e-06, 8.02145677881e-07, 1.40575025398e-07, 1.37512614629e-07, 8.5052157317e-08, 5.81654369114e-08, 3.94235399881e-08, 2.10658637201e-08, 2.03643217844e-08, 5.68594282768e-09, 6.53280229912e-09, 4.50883641534e-09, 3.96519306278e-09, 3.15673709395e-09, 1.76342707103e-09, 2.73858535849e-09, 3.27841442882e-09, 1.57845114757e-09, 1.55366897125e-09, 1.08809750099e-09, 5.71744651623e-10, 3.65019320325e-10, 3.26975391207e-10, 2.46553916172e-10, 1.95792881907e-10, 1.44553605197e-10, 8.43086989111e-11, 7.24237683714e-11, 5.86915516188e-11, 4.15554500532e-11, 4.5241817237e-11],
        "var": [7.93971466351e-08, 4.05602477258e-05, 2.7866804885e-05, 1.78381264959e-06, 5.64647031354e-08, 1.88753257468e-09, 1.89234752868e-10, 1.94054730618e-10, 3.95813243292e-11, 2.19270816781e-11, 1.92024976649e-12, 2.34548947105e-12, 1.09440462335e-12, 4.79273521911e-13, 2.13287707266e-13, 2.51596974591e-13, 1.65244662571e-13, 2.67751668276e-13, 1.72805359974e-13, 7.51712602755e-14, 6.19879649455e-14, 5.05993257547e-14, 2.36772407236e-14, 5.49686029116e-14, 1.22537657105e-12, 2.31520271704e-12, 5.02342362586e-13, 4.79553354492e-13, 4.40055164617e-13, 6.64744951792e-14, 6.95362168928e-15, 1.75887842041e-15, 8.80816062262e-16, 7.34565183067e-16, 2.4791344112e-16, 1.23827336278e-16, 8.68623750905e-17, 6.72636539651e-17, 5.21487348331e-17, 4.0361437574e-17]
    },
    "mfcc": {
        "mean": [-830.020507812, 228.726348877, 67.4625320435, 74.9854125977, 16.9333839417, 14.2473306656, 21.2727146149, 3.20687556267, 3.00537157059, 8.71877479553, -5.9523692131, -13.9062805176, -10.3767328262],
        "cov": [[2437.35009766, -1143.39660645, -1242.82531738, 974.939697266, -398.708496094, 285.534851074, 111.72101593, -45.1885604858, -68.7782440186, 29.1751728058, -89.6247634888, -150.514846802, 78.9754638672], [-1143.39660645, 773.196716309, 713.88470459, -489.317077637, 217.453094482, -174.03704834, -84.1347351074, -14.1117219925, -1.70379841328, -39.9317131042, 15.659081459, 62.3525352478, -43.0359306335], [-1242.82531738, 713.88470459, 746.368835449, -553.932495117, 227.835830688, -172.658157349, -86.7151412964, 9.09084606171, 14.1140756607, -31.603559494, 36.7654876709, 84.0441513062, -42.1697006226], [974.939697266, -489.317077637, -553.932495117, 525.619689941, -202.085540771, 106.415664673, 86.6449127197, -39.9732818604, -13.9755449295, 25.3769607544, -42.5936546326, -84.9401702881, 25.7546443939], [-398.708496094, 217.453094482, 227.835830688, -202.085540771, 92.7440338135, -43.2410850525, -32.9655380249, 13.1193847656, 3.46591091156, -13.2001333237, 11.5123624802, 27.7519416809, -12.5383968353], [285.534851074, -174.03704834, -172.658157349, 106.415664673, -43.2410850525, 71.7428283691, 15.3944883347, 10.027586937, -9.40061092377, 1.12298333645, -7.58383178711, -20.7924118042, 7.20719003677], [111.72101593, -84.1347351074, -86.7151412964, 86.6449127197, -32.9655380249, 15.3944883347, 45.9793663025, -1.99639725685, 4.72201776505, 4.96378326416, -11.0412197113, -24.3935203552, -6.98316669464], [-45.1885604858, -14.1117219925, 9.09084606171, -39.9732818604, 13.1193847656, 10.027586937, -1.99639725685, 30.4910869598, 1.38706362247, -3.68737792969, 3.44935107231, 1.3505628109, -3.19106769562], [-68.7782440186, -1.70379841328, 14.1140756607, -13.9755449295, 3.46591091156, -9.40061092377, 4.72201776505, 1.38706362247, 19.1112308502, 5.58727359772, -0.201221466064, 3.23861289024, -1.17255711555], [29.1751728058, -39.9317131042, -31.603559494, 25.3769607544, -13.2001333237, 1.12298333645, 4.96378326416, -3.68737792969, 5.58727359772, 14.4098339081, 4.08278989792, -0.295095175505, 4.31000471115], [-89.6247634888, 15.659081459, 36.7654876709, -42.5936546326, 11.5123624802, -7.58383178711, -11.0412197113, 3.44935107231, -0.201221466064, 4.08278989792, 26.4854469299, 18.8552379608, -1.06806254387], [-150.514846802, 62.3525352478, 84.0441513062, -84.9401702881, 27.7519416809, -20.7924118042, -24.3935203552, 1.3505628109, 3.23861289024, -0.295095175505, 18.8552379608, 32.2700119019, 2.27204346657], [78.9754638672, -43.0359306335, -42.1697006226, 25.7546443939, -12.5383968353, 7.20719003677, -6.98316669464, -3.19106769562, -1.17255711555, 4.31000471115, -1.06806254387, 2.27204346657, 12.5206947327]],
