{
"lowlevel": {
    "average_loudness": 0.98806232214,
    "barkbands_crest": {
        "dmean": 1.36964702606,
        "dmean2": 1.35650384426,
        "dvar": 0.555399656296,
        "dvar2": 0.895069360733,
        "max": 17.3680686951,
        "mean": 14.4793243408,
        "median": 14.4008321762,
        "min": 8.70261001587,
        "var": 2.42585372925
    },
    "barkbands_flatness_db": {
        "dmean": 0.00809160992503,
        "dmean2": 0.0114442612976,
        "dvar": 0.000185101496754,
        "dvar2": 0.000235494982917,
        "max": 0.496083468199,
        "mean": 0.454882591963,
        "median": 0.454772293568,
        "min": 0.199928939342,
        "var": 0.000327711197315
    },
    "barkbands_kurtosis": {
        "dmean": 2.46575093269,
        "dmean2": 3.08394694328,
        "dvar": 22.707244873,
        "dvar2": 57.2989273071,
        "max": 78.3033599854,
        "mean": 7.64114809036,
        "median": 6.72491168976,
        "min": 3.0838971138,
        "var": 20.9879264832
    },
    "barkbands_skewness": {
        "dmean": 0.122597441077,
        "dmean2": 0.170178070664,
        "dvar": 0.0834895521402,
        "dvar2": 0.186483129859,
        "max": 4.96017217636,
        "mean": 1.24800539017,
        "median": 1.23905158043,
        "min": 0.832610964775,
        "var": 0.0768209993839
    },
    "barkbands_spread": {
        "dmean": 0.061043407768,
        "dmean2": 0.0655545517802,
        "dvar": 0.0125800706446,
        "dvar2": 0.0131183890626,
        "max": 3.45951008797,
        "mean": 0.917633116245,
        "median": 0.909725904465,
        "min": 0.761986970901,
        "var": 0.0175554007292
    },
    "dissonance": {
        "dmean": 0.0486758239567,
        "dmean2": 0.0673162341118,
        "dvar": 0.00142633961514,
        "dvar2": 0.00284387986176,
        "max": 0.472856134176,
        "mean": 0.374122142792,
        "median": 0.382439106703,
        "min": 0.233501166105,
        "var": 0.00306129478849
    },
    "dynamic_complexity": 0.379710644484,
    "erbbands_crest": {
        "dmean": 0.725997567177,
        "dmean2": 0.794897675514,
        "dvar": 0.232718035579,
        "dvar2": 0.501895129681,
        "max": 13.7911701202,
        "mean": 11.5953912735,
        "median": 11.6107645035,
        "min": 9.18865585327,
        "var": 0.77692013979
    },
    "erbbands_flatness_db": {
        "dmean": 0.00959497783333,
        "dmean2": 0.0124795883894,
        "dvar": 0.000175458451849,
        "dvar2": 0.000238852924667,
        "max": 0.379420697689,
        "mean": 0.337970495224,
        "median": 0.338236689568,
        "min": 0.118495814502,
        "var": 0.000331055111019
    },
    "erbbands_kurtosis": {
        "dmean": 5.36858606339,
        "dmean2": 6.13206624985,
        "dvar": 13.2174682617,
        "dvar2": 22.2928009033,
        "max": 36.9077720642,
        "mean": 19.5539245605,
        "median": 18.2260456085,
        "min": 2.55726528168,
        "var": 42.0805244446
    },
    "erbbands_skewness": {
        "dmean": 0.469205707312,
        "dmean2": 0.513815224171,
        "dvar": 0.0898521617055,
        "dvar2": 0.155998915434,
        "max": 4.68294811249,
        "mean": 2.75132131577,
        "median": 2.6226503849,
        "min": 1.747854352,
        "var": 0.305898308754
    },
    "erbbands_spread": {
        "dmean": 0.280506849289,
        "dmean2": 0.386405050755,
        "dvar": 2.82425880432,
        "dvar2": 3.63930988312,
        "max": 38.3517074585,
        "mean": 3.95262527466,
        "median": 3.87185263634,
        "min": 2.89178943634,
        "var": 2.77389645576
    },
    "hfc": {
        "dmean": 3.77931070328,
        "dmean2": 3.71708512306,
        "dvar": 4.10433864594,
        "dvar2": 3.84282755852,
        "max": 24.1142520905,
        "mean": 16.2625598907,
        "median": 16.0631523132,
        "min": 0.437391221523,
        "var": 19.1358680725
    },
    "melbands_crest": {
        "dmean": 1.70734846592,
        "dmean2": 1.71658170223,
        "dvar": 0.812036395073,
        "dvar2": 0.826101362705,
        "max": 25.4706306458,
        "mean": 21.8347740173,
        "median": 21.6059303284,
        "min": 16.6043643951,
        "var": 3.93611764908
    },
    "melbands_flatness_db": {
        "dmean": 0.00965734012425,
        "dmean2": 0.0133331492543,
        "dvar": 0.000231849815464,
        "dvar2": 0.00032724448829,
        "max": 0.650923192501,
        "mean": 0.600534319878,
        "median": 0.599991381168,
        "min": 0.328055411577,
        "var": 0.000408150139265
    },
    "melbands_kurtosis": {
        "dmean": 3.03838467598,
        "dmean2": 3.83328604698,
        "dvar": 62.7935638428,
        "dvar2": 163.609085083,
        "max": 132.10925293,
        "mean": 12.4777803421,
        "median": 11.1848955154,
        "min": 6.94235229492,
        "var": 46.9066810608
    },
    "melbands_skewness": {
        "dmean": 0.12596270442,
        "dmean2": 0.159078761935,
        "dvar": 0.0823978930712,
        "dvar2": 0.166302040219,
        "max": 5.96011400223,
        "mean": 1.82071912289,
        "median": 1.79432964325,
        "min": 1.44129562378,
        "var": 0.0798578560352
    },
    "melbands_spread": {
        "dmean": 0.0699854642153,
        "dmean2": 0.0703231096268,
        "dvar": 0.00462481752038,
        "dvar2": 0.00582240289077,
        "max": 2.23403048515,
        "mean": 0.790500581264,
        "median": 0.79076564312,
        "min": 0.601350009441,
        "var": 0.0105263544247
    },
    "pitch_salience": {
        "dmean": 0.0237692967057,
        "dmean2": 0.0255130697042,
        "dvar": 0.000241191708483,
        "dvar2": 0.000451249652542,
        "max": 0.669277966022,
        "mean": 0.51025480032,
        "median": 0.511741280556,
        "min": 0.444657623768,
        "var": 0.000777911162004
    },
    "silence_rate_20dB": {
        "dmean": 0,
        "dmean2": 0,
        "dvar": 0,
        "dvar2": 0,
        "max": 1,
        "mean": 1,
        "median": 1,
        "min": 1,
        "var": 0
    },
    "silence_rate_30dB": {
        "dmean": 0.301960796118,
        "dmean2": 0.603143393993,
        "dvar": 0.210779935122,
        "dvar2": 0.451543867588,
        "max": 1,
        "mean": 0.19960860908,
        "median": 0,
        "min": 0,
        "var": 0.159764841199
    },
    "silence_rate_60dB": {
        "dmean": 0,
        "dmean2": 0,
        "dvar": 0,
        "dvar2": 0,
        "max": 0,
        "mean": 0,
        "median": 0,
        "min": 0,
        "var": 0
    },
    "spectral_centroid": {
        "dmean": 5.53117990494,
        "dmean2": 5.57838869095,
        "dvar": 10.8772954941,
        "dvar2": 21.5315685272,
        "max": 193.072952271,
        "mean": 167.260116577,
        "median": 167.815109253,
        "min": 151.630874634,
        "var": 41.8306655884
    },
    "spectral_complexity": {
        "dmean": 0.803921580315,
        "dmean2": 1.17288804054,
        "dvar": 0.561554372311,
        "dvar2": 0.928851425648,
        "max": 8,
        "mean": 5.12720155716,
        "median": 5,
        "min": 1,
        "var": 1.0190435648
    },
    "spectral_decrease": {
        "dmean": 6.02619287804e-09,
        "dmean2": 5.93474869248e-09,
        "dvar": 1.13188160746e-17,
        "dvar2": 1.07605618053e-17,
        "max": -6.07573991118e-10,
        "mean": -3.05320817517e-08,
        "median": -3.03556291215e-08,
        "min": -4.35923190878e-08,
        "var": 4.93807072621e-17
    },
    "spectral_energy": {
        "dmean": 0.0230868682265,
        "dmean2": 0.0227357409894,
        "dvar": 0.000165910154465,
        "dvar2": 0.00015769006859,
        "max": 0.166714325547,
        "mean": 0.116709776223,
        "median": 0.116003327072,
        "min": 0.00233279494569,
        "var": 0.000724589510355
    },
    "spectral_energyband_high": {
        "dmean": 1.05545586848e-06,
        "dmean2": 1.51786139213e-06,
        "dvar": 1.35052446656e-11,
        "dvar2": 3.96517610413e-11,
        "max": 6.06830217293e-05,
        "mean": 2.43655949816e-06,
        "median": 2.05549758903e-06,
        "min": 3.77197352464e-07,
        "var": 8.15834552692e-12
    },
    "spectral_energyband_low": {
        "dmean": 0.0149484043941,
        "dmean2": 0.0148678300902,
        "dvar": 7.58838941692e-05,
        "dvar2": 7.64198339311e-05,
        "max": 0.121807336807,
        "mean": 0.0849358513951,
        "median": 0.0846491008997,
        "min": 0.00148894288577,
        "var": 0.00030733391759
    },
    "spectral_energyband_middle_high": {
        "dmean": 9.24986943573e-06,
        "dmean2": 9.80516597338e-06,
        "dvar": 3.40783581909e-11,
        "dvar2": 5.3150057272e-11,
        "max": 8.00882917247e-05,
        "mean": 3.03279866785e-05,
        "median": 2.95456156891e-05,
        "min": 9.77696072368e-06,
        "var": 1.71048078479e-10
    },
    "spectral_energyband_middle_low": {
        "dmean": 0.0121536385268,
        "dmean2": 0.0120652336627,
        "dvar": 3.98220036004e-05,
        "dvar2": 3.81895442843e-05,
        "max": 0.0659966468811,
        "mean": 0.0411435589194,
        "median": 0.0397653207183,
        "min": 0.00120711571071,
        "var": 0.000195369197172
    },
    "spectral_entropy": {
        "dmean": 0.0790443345904,
        "dmean2": 0.109579265118,
        "dvar": 0.0131981857121,
        "dvar2": 0.0246727913618,
        "max": 6.36118173599,
        "mean": 4.88241672516,
        "median": 4.88933086395,
        "min": 4.48266220093,
        "var": 0.0195178892463
    },
    "spectral_flux": {
        "dmean": 0.0203324127942,
        "dmean2": 0.0344717502594,
        "dvar": 0.000282804685412,
        "dvar2": 0.000654064759146,
        "max": 0.321667760611,
        "mean": 0.0696588680148,
        "median": 0.0685471147299,
        "min": 0.0404177457094,
        "var": 0.000386813655496
    },
    "spectral_kurtosis": {
        "dmean": 17.0022239685,
        "dmean2": 28.9678077698,
        "dvar": 164.176605225,
        "dvar2": 461.239227295,
        "max": 140.928787231,
        "mean": 63.6938896179,
        "median": 62.0142364502,
        "min": 7.20331287384,
        "var": 344.119659424
    },
    "spectral_rms": {
        "dmean": 0.00106861279346,
        "dmean2": 0.00104823114816,
        "dvar": 4.62064178919e-07,
        "dvar2": 4.26601246772e-07,
        "max": 0.0127533571795,
        "mean": 0.0105933053419,
        "median": 0.0106383254752,
        "min": 0.00150860776193,
        "var": 1.64525920354e-06
    },
    "spectral_rolloff": {
        "dmean": 6.96662473679,
        "dmean2": 13.9606227875,
        "dvar": 101.479957581,
        "dvar2": 105.717689514,
        "max": 193.798828125,
        "mean": 183.979675293,
        "median": 193.798828125,
        "min": 172.265625,
        "var": 115.020301819
    },
    "spectral_skewness": {
        "dmean": 0.880647718906,
        "dmean2": 1.51647400856,
        "dvar": 0.441827148199,
        "dvar2": 1.29672086239,
        "max": 9.74462223053,
        "mean": 6.49395179749,
        "median": 6.46469736099,
        "min": 2.24681568146,
        "var": 0.818010151386
    },
    "spectral_spread": {
        "dmean": 343621.40625,
        "dmean2": 546163.5,
        "dvar": 388716527616,
        "dvar2": 345765249024,
        "max": 16779152,
        "mean": 1494155.625,
        "median": 1394006.875,
        "min": 719165.5,
        "var": 610971811840
    },
    "spectral_strongpeak": {
        "dmean": 0.379896461964,
        "dmean2": 0.7045545578,
        "dvar": 0.0848796293139,
        "dvar2": 0.116032794118,
        "max": 1.59597396851,
        "mean": 1.01170253754,
        "median": 1.10560190678,
        "min": 0.0359363630414,
        "var": 0.107754118741
    },
    "zerocrossingrate": {
        "dmean": 0.000285309448373,
        "dmean2": 0.000442235090304,
        "dvar": 1.71976651586e-07,
        "dvar2": 3.08901974222e-07,
        "max": 0.00927734375,
        "mean": 0.00528796156868,
        "median": 0.0048828125,
        "min": 0.00146484375,
        "var": 6.38358585547e-07
    },
    "barkbands": {
        "dmean": [1.68725691765e-05, 0.00107716955245, 0.0138677433133, 0.00857577566057, 0.00621007289737, 0.000654834904708, 0.00017962763377, 1.62445230671e-05, 9.4796077974e-06, 3.55127144758e-06, 3.34066180585e-06, 1.57544786816e-06, 6.44623753487e-07, 4.03187726761e-07, 4.05618635568e-07, 1.88497381259e-07, 1.47788128402e-07, 5.57315615879e-07, 5.02577677253e-07, 4.64956258384e-07, 3.84703241707e-07, 9.05023540554e-08, 5.89296575981e-08, 3.22414990706e-07, 6.81428886651e-08, 9.32009598387e-08, 1.01863530944e-08],
        "dmean2": [2.82891305687e-05, 0.00120711815543, 0.0136708877981, 0.00834574457258, 0.00610638270155, 0.000646305212285, 0.000182955132914, 2.04927364393e-05, 1.06444222183e-05, 4.5293149924e-06, 4.00895305575e-06, 2.04042180485e-06, 8.83022096332e-07, 5.68514735733e-07, 5.16828606578e-07, 2.8769792948e-07, 2.29533256402e-07, 8.4488272023e-07, 7.32232535938e-07, 7.18271223832e-07, 6.39604081698e-07, 1.58707408104e-07, 9.28804624323e-08, 4.50177481071e-07, 9.5314049986e-08, 1.2255949855e-07, 1.59129260879e-08],
        "dvar": [1.12627907001e-09, 7.56689416903e-07, 5.58758074476e-05, 1.89465390577e-05, 1.04201026261e-05, 1.21862115066e-07, 1.05772306469e-08, 2.12259682053e-10, 3.84654426366e-11, 7.31669065612e-12, 5.86441355546e-12, 1.27789445692e-12, 3.29240568185e-13, 1.37870102704e-13, 1.51068841139e-13, 5.01855095024e-14, 5.11172999545e-14, 2.59197421556e-13, 4.47690007895e-13, 4.39591451348e-13, 3.65047662237e-12, 4.48447214692e-13, 7.46318087083e-14, 1.30213223017e-13, 1.72104423269e-14, 1.02910826968e-14, 3.63091006643e-15],
        "dvar2": [1.34301758603e-09, 1.08479082428e-06, 5.41176486877e-05, 2.36040323216e-05, 1.02653839349e-05, 1.32451418722e-07, 1.24438486182e-08, 3.2520178217e-10, 5.62302600315e-11, 1.37093461583e-11, 9.5468815145e-12, 2.09221919303e-12, 6.46127736818e-13, 2.60645888553e-13, 2.72665516467e-13, 1.09228401877e-13, 1.15541772113e-13, 5.70990628911e-13, 1.27493740391e-12, 1.1958291345e-12, 1.09571206275e-11, 1.32988075847e-12, 2.1637506782e-13, 3.08184142268e-13, 4.33254167677e-14, 1.86624414517e-14, 4.65284854102e-15],
        "max": [0.000808086595498, 0.0166791398078, 0.093363404274, 0.0412795543671, 0.0283702965826, 0.00361306429841, 0.00131966592744, 0.000203111412702, 7.74184227339e-05, 2.84413745248e-05, 2.72762481472e-05, 1.2121094187e-05, 8.00427733338e-06, 4.89227704747e-06, 5.52541905563e-06, 2.48588935392e-06, 3.44374097949e-06, 4.76501236335e-06, 1.05227709355e-05, 1.04712935354e-05, 3.11620497087e-05, 1.09490429168e-05, 4.42894679509e-06, 3.95844108425e-06, 1.97214671971e-06, 1.13998589768e-06, 1.22104131606e-06],
        "mean": [0.000105161765532, 0.0127098318189, 0.0627196133137, 0.0224460549653, 0.0165858082473, 0.0014740973711, 0.000562713656109, 4.81945608044e-05, 2.5597961212e-05, 9.49727746047e-06, 9.17872330319e-06, 4.00205271944e-06, 1.87352179637e-06, 1.17798242627e-06, 1.11893882604e-06, 4.70839978561e-07, 3.68711880583e-07, 1.16011983664e-06, 1.2899046169e-06, 1.07972130081e-06, 6.97772918556e-07, 1.80148745699e-07, 1.29169407614e-07, 5.63476305615e-07, 1.58368536063e-07, 1.70793455823e-07, 3.84342193627e-08],
        "median": [0.000103024736745, 0.0127847827971, 0.0625799372792, 0.0219278242439, 0.016284737736, 0.00139964383561, 0.000538382504601, 4.27135928476e-05, 2.42225160036e-05, 8.5522478912e-06, 8.43777706905e-06, 3.753092642e-06, 1.6195004946e-06, 1.01646776329e-06, 9.73623969003e-07, 3.51740624183e-07, 3.11883866289e-07, 9.58992245614e-07, 1.19505068596e-06, 9.47444391386e-07, 5.43406258657e-07, 1.48169462477e-07, 1.07425819351e-07, 4.09160577419e-07, 1.31581018081e-07, 1.21343859405e-07, 3.24264348706e-08],
        "min": [4.03810845455e-05, 0.000347903347574, 0.000706479011569, 0.000751846353523, 0.000368942593923, 3.6528083001e-05, 3.27313318849e-05, 6.47427714284e-06, 5.49916467207e-06, 1.84038322004e-06, 1.78538266482e-06, 7.14631198662e-07, 4.01528552629e-07, 1.98748963953e-07, 2.40787642269e-07, 8.1863873902e-08, 9.84069217225e-08, 2.23101409347e-07, 3.00876877191e-07, 1.60379840963e-07, 1.29587249376e-07, 4.14725640496e-08, 2.77148597405e-08, 3.02778246919e-08, 1.64548108472e-08, 8.69987726304e-09, 2.16174775858e-08],
        "var": [1.17151566226e-09, 1.85642579709e-06, 0.000256243394688, 9.5926639915e-05, 5.07204931637e-05, 6.62700813336e-07, 5.77666874335e-08, 6.51681708597e-10, 1.6568883765e-10, 2.35905357748e-11, 2.32301192171e-11, 4.34920328918e-12, 1.24795497287e-12, 3.95080425623e-13, 4.52044705921e-13, 1.18527271873e-13, 6.54963279792e-14, 4.42424580045e-13, 4.57612355127e-13, 4.38827359867e-13, 1.92600124217e-12, 2.3660468116e-13, 4.3013783182e-14, 2.1707662794e-13, 1.70933196932e-14, 2.26124559344e-14, 4.29566025288e-15]
    },
    "erbbands": {
        "dmean": [0.00430789170787, 0.206609889865, 9.08155727386, 21.4280281067, 21.6077365875, 17.1563987732, 7.2450966835, 5.38731002808, 3.60258030891, 0.840409696102, 0.340044677258, 0.239091262221, 0.0798545479774, 0.15380179882, 0.125685334206, 0.0475002974272, 0.0307249128819, 0.0214934758842, 0.0210123248398, 0.0163955502212, 0.00988582894206, 0.00838857889175, 0.0225675720721, 0.0344773456454, 0.0231950432062, 0.0227913241833, 0.0187149699777, 0.0098649924621, 0.00355042214505, 0.00275959214196, 0.00152855773922, 0.00495997909456, 0.00604398828, 0.000712239183486, 0.000692251138389, 0.000629641697742, 0.000111125424155, 1.10822293209e-05, 1.08053372969e-05, 2.508984835e-05],
        "dmean2": [0.00684179691598, 0.271696597338, 9.04726886749, 21.7606945038, 21.3976287842, 16.8825073242, 7.16426181793, 5.3259563446, 3.61159515381, 0.911280810833, 0.43517062068, 0.264795809984, 0.100877426565, 0.188666045666, 0.141092717648, 0.0570937134326, 0.0419341698289, 0.0287199188024, 0.0289434678853, 0.0214646924287, 0.0149879641831, 0.0129472762346, 0.0338350459933, 0.0505786724389, 0.0354668498039, 0.0351710766554, 0.0305805820972, 0.0169511865824, 0.00633224798366, 0.00477831624448, 0.00231767166406, 0.0073258401826, 0.00866328459233, 0.000977352960035, 0.000979163101874, 0.000834748672787, 0.000150854204549, 1.68829992617e-05, 1.11012268462e-05, 2.4726457923e-05],
        "dvar": [2.7370366297e-05, 0.0949454829097, 32.8501930237, 138.496414185, 136.343185425, 77.1467285156, 14.4630355835, 8.49499988556, 4.15125894547, 0.302963227034, 0.0768564715981, 0.0222481489182, 0.00406804587692, 0.0136997429654, 0.00661527831107, 0.00150049675722, 0.000813461083453, 0.000353163399268, 0.000532056903467, 0.000189371145098, 0.000143398705404, 0.000152312582941, 0.000471397710498, 0.00106644362677, 0.00116214086302, 0.00137810327578, 0.00612322660163, 0.002988955006, 0.000679616001435, 0.000295473000733, 3.6937661207e-05, 3.81089994335e-05, 4.70791383123e-05, 2.36176015278e-06, 7.77094953719e-07, 3.98975856797e-07, 1.94040588042e-08, 1.5808069298e-09, 6.81923753576e-11, 1.91650334491e-10],
        "dvar2": [4.68153848487e-05, 0.118605069816, 30.9640216827, 132.482315063, 139.55279541, 71.8897399902, 14.3370523453, 9.05097675323, 4.83029556274, 0.394445687532, 0.122090175748, 0.0345740877092, 0.0085851335898, 0.022878235206, 0.0116756521165, 0.00265374430455, 0.00158291996922, 0.000663526006974, 0.000997384660877, 0.000354775285814, 0.000323655665852, 0.000313555065077, 0.00100172241218, 0.00287750572897, 0.00336012034677, 0.00380894169211, 0.018323071301, 0.00892564188689, 0.00201971665956, 0.000875664758496, 0.000104800812551, 8.90723022167e-05, 0.000113911897643, 6.17515706836e-06, 1.70965176949e-06, 7.55581822887e-07, 3.3067955485e-08, 2.23450302705e-09, 1.01441070821e-10, 1.86044193939e-10],
        "max": [0.130621984601, 6.42259740829, 88.4669036865, 114.879547119, 137.669799805, 79.797164917, 40.3834342957, 30.6802902222, 26.2429542542, 5.85188388824, 2.92999339104, 2.01453971863, 0.724870979786, 1.32631886005, 1.09121894836, 0.534679830074, 0.373691767454, 0.216282188892, 0.310885876417, 0.207363814116, 0.14852014184, 0.198809087276, 0.245944738388, 0.390649825335, 0.529071569443, 0.604900240898, 1.28030705452, 0.894145548344, 0.424951523542, 0.280669778585, 0.0983844250441, 0.0730805918574, 0.071428053081, 0.0238269027323, 0.0107546476647, 0.00540319038555, 0.00209113978781, 0.000761409115512, 0.00018890525098, 0.000181643627002],
        "mean": [0.0736180320382, 5.22227525711, 65.7746200562, 65.5276031494, 87.7609558105, 38.976398468, 16.3990020752, 12.1001491547, 10.4428453445, 2.94269514084, 1.02115058899, 0.630566358566, 0.260816723108, 0.41924777627, 0.344254642725, 0.134671777487, 0.0900977626443, 0.0665558874607, 0.0585124455392, 0.0451035574079, 0.0257889013737, 0.0226302910596, 0.049247443676, 0.0770804509521, 0.0573429502547, 0.0520836077631, 0.0374824814498, 0.0184110160917, 0.00680762389675, 0.00504242954776, 0.0036370891612, 0.0091925887391, 0.00987602956593, 0.00157400022727, 0.00158018618822, 0.00119755102787, 0.000227873344556, 2.27799046115e-05, 5.65570335311e-05, 0.000127415667521],
        "median": [0.0733398646116, 5.22051095963, 65.8084259033, 62.9715805054, 87.0950698853, 38.0276908875, 15.7758731842, 11.3195028305, 9.73568820953, 2.72110819817, 0.942564666271, 0.608291327953, 0.237138897181, 0.385692179203, 0.326667577028, 0.123827539384, 0.0767716318369, 0.058397937566, 0.0448002591729, 0.040271833539, 0.0206475742161, 0.0199168268591, 0.0410899929702, 0.0667824745178, 0.0515565797687, 0.0454608872533, 0.0306341629475, 0.015318300575, 0.00542082171887, 0.00394877558574, 0.00314400298521, 0.00690222904086, 0.00711229816079, 0.00133556930814, 0.00128225761, 0.000871448137332, 0.000171151623363, 1.59308619914e-05, 5.6066968682e-05, 0.000126458602608],
        "min": [0.00683774566278, 0.0972027108073, 0.650762438774, 1.91813695431, 2.25058937073, 0.76138061285, 0.259399652481, 0.286435127258, 0.504266262054, 0.247539833188, 0.172610715032, 0.145730122924, 0.0736099407077, 0.0677032619715, 0.0879323408008, 0.0339244827628, 0.0190431270748, 0.013990174979, 0.0127164889127, 0.0106471283361, 0.00572121562436, 0.00739313289523, 0.011412171647, 0.0171822104603, 0.0102484030649, 0.00847759190947, 0.00547175388783, 0.00367378490046, 0.00190830184147, 0.00118837773334, 0.000736596237402, 0.000669469241984, 0.000584785011597, 0.000234111008467, 0.000182549163583, 0.000101633959275, 2.99642924801e-05, 6.07465744906e-06, 3.78262157028e-05, 1.13779915409e-05],
        "var": [2.92241566058e-05, 0.132549643517, 118.646453857, 614.441833496, 627.477478027, 388.507843018, 74.0177536011, 43.6649856567, 21.8987865448, 1.25505292416, 0.25684940815, 0.0971418693662, 0.0153309488669, 0.0557310692966, 0.0266718212515, 0.00626543303952, 0.00320637505502, 0.00117612921167, 0.00160628068261, 0.000635534757748, 0.000278465187876, 0.000197623900021, 0.000776168773882, 0.00159158825409, 0.00103460089304, 0.00120361091103, 0.00334529695101, 0.0015703192912, 0.000355246389518, 0.000157973612659, 2.28791232075e-05, 5.63406683796e-05, 7.25767531549e-05, 1.99825967684e-06, 1.26914017073e-06, 9.66731590779e-07, 3.50573685637e-08, 1.85414128495e-09, 1.96523991525e-10, 8.50647829953e-10]
    },
    "gfcc": {
        "mean": [-147.339996338, 194.716751099, -2.2426879406, 42.044921875, -34.4831848145, -14.4872579575, -25.9818077087, -10.5657596588, -31.7101230621, -15.324005127, -3.26948261261, -22.5621643066, -7.47577857971],
        "cov": [[315.260101318, -43.1506156921, -13.731256485, -20.7062206268, -46.6121520996, -14.6286258698, -57.2867546082, 10.5257101059, -48.1606941223, -13.5169353485, -5.84331178665, 7.53245735168, 3.82539963722], [-43.1506156921, 184.55116272, -49.0073852539, -74.7955245972, 45.0565299988, -34.9935493469, 22.0394268036, -63.3874473572, 23.6574745178, -17.8710956573, 9.30224609375, -11.9666662216, 23.6379947662], [-13.731256485, -49.0073852539, 51.2433815002, 28.9337730408, -22.7488460541, 1.82754027843, -6.42208099365, 25.0409812927, -11.5554571152, 8.98604679108, 2.47635626793, 3.30504870415, -10.8589220047], [-20.7062206268, -74.7955245972, 28.9337730408, 49.6805305481, -17.3882465363, 14.1844816208, -0.771373808384, 26.9845085144, -4.38324403763, 6.72044754028, -0.0862191319466, 1.32322430611, -10.2564678192], [-46.6121520996, 45.0565299988, -22.7488460541, -17.3882465363, 28.0725784302, -2.17583656311, 11.2393884659, -17.0657043457, 13.6505718231, -3.89743685722, -0.167260959744, -3.01392912865, 3.59284901619], [-14.6286258698, -34.9935493469, 1.82754027843, 14.1844816208, -2.17583656311, 17.2925033569, 0.457634538412, 9.91767787933, 1.11015987396, 4.41880178452, -1.98147547245, -0.533253788948, -2.49495863914], [-57.2867546082, 22.0394268036, -6.42208099365, -0.771373808384, 11.2393884659, 0.457634538412, 17.6056632996, -9.2918214798, 10.3801813126, 0.349978208542, 0.109586402774, -2.18206858635, 2.51171159744], [10.5257101059, -63.3874473572, 25.0409812927, 26.9845085144, -17.0657043457, 9.91767787933, -9.2918214798, 30.4493751526, -10.2243690491, 4.81577539444, -2.31782817841, 3.41642570496, -9.21844959259], [-48.1606941223, 23.6574745178, -11.5554571152, -4.38324403763, 13.6505718231, 1.11015987396, 10.3801813126, -10.2243690491, 15.9386882782, -0.326821297407, -0.652948021889, -1.20704436302, 2.40999960899], [-13.5169353485, -17.8710956573, 8.98604679108, 6.72044754028, -3.89743685722, 4.41880178452, 0.349978208542, 4.81577539444, -0.326821297407, 9.74652957916, -1.01151120663, 0.450423836708, -2.32229089737], [-5.84331178665, 9.30224609375, 2.47635626793, -0.0862191319466, -0.167260959744, -1.98147547245, 0.109586402774, -2.31782817841, -0.652948021889, -1.01151120663, 6.11310005188, -2.48447322845, 0.349182903767], [7.53245735168, -11.9666662216, 3.30504870415, 1.32322430611, -3.01392912865, -0.533253788948, -2.18206858635, 3.41642570496, -1.20704436302, 0.450423836708, -2.48447322845, 7.7427573204, -3.96861410141], [3.82539963722, 23.6379947662, -10.8589220047, -10.2564678192, 3.59284901619, -2.49495863914, 2.51171159744, -9.21844959259, 2.40999960899, -2.32229089737, 0.349182903767, -3.96861410141, 9.03566646576]],
        "icov": [[0.0449137836695, -0.0201196484268, 0.0537591166794, -0.0227804016322, 0.0671378523111, 0.00147624744568, 0.104084208608, 0.0274978671223, 0.0903950557113, 0.0160498581827, 0.0720596909523, -0.00339472130872, 0.0209398847073], [-0.0201196484268, 0.174148842692, -0.0785276293755, 0.141018301249, -0.0955385267735, 0.138118430972, -0.111165173352, 0.0658401474357, -0.131996691227, 0.0889663174748, -0.140149921179, 0.0848128125072, -0.106431595981], [0.0537591166794, -0.0785276293755, 0.144856736064, -0.0791589394212, 0.125618651509, -0.0113398032263, 0.13021120429, -0.026442958042, 0.141407176852, -0.0492959953845, 0.0888631343842, -0.0289481710643, 0.0841178372502], [-0.0227804016322, 0.141018301249, -0.0791589394212, 0.17958843708, -0.0557481274009, 0.0850572064519, -0.131346821785, 0.0128729147837, -0.139436095953, 0.0783812180161, -0.13131929934, 0.0885928571224, -0.0539296753705], [0.0671378523111, -0.0955385267735, 0.125618651509, -0.0557481274009, 0.239530473948, -0.0556807518005, 0.147946074605, 0.0134057812393, 0.117626078427, 0.00226582563482, 0.156770646572, 0.00703831203282, 0.137372583151], [0.00147624744568, 0.138118430972, -0.0113398032263, 0.0850572064519, -0.0556807518005, 0.228932112455, -0.0523921586573, 0.0228902995586, -0.0886499509215, 0.0365333631635, -0.0841043591499, 0.0869696289301, -0.081278078258], [0.104084208608, -0.111165173352, 0.13021120429, -0.131346821785, 0.147946074605, -0.0523921586573, 0.383484452963, 0.0695502534509, 0.206117287278, -0.00752045493573, 0.221979141235, -0.0389431007206, 0.0626148879528], [0.0274978671223, 0.0658401474357, -0.026442958042, 0.0128729147837, 0.0134057812393, 0.0228902995586, 0.0695502534509, 0.194993957877, 0.0428012236953, 0.0768726915121, 0.0535589680076, 0.0471899732947, 0.00654219090939], [0.0903950557113, -0.131996691227, 0.141407176852, -0.139436095953, 0.117626078427, -0.0886499509215, 0.206117287278, 0.0428012236953, 0.384720027447, -0.0344601050019, 0.214175030589, -0.0779656469822, 0.0798399522901], [0.0160498581827, 0.0889663174748, -0.0492959953845, 0.0783812180161, 0.00226582563482, 0.0365333631635, -0.00752045493573, 0.0768726915121, -0.0344601050019, 0.215779498219, 0.00269197882153, 0.066274292767, -0.0264502931386], [0.0720596909523, -0.140149921179, 0.0888631343842, -0.13131929934, 0.156770646572, -0.0841043591499, 0.221979141235, 0.0535589680076, 0.214175030589, 0.00269197882153, 0.431698858738, 0.0379253774881, 0.144786626101], [-0.00339472130872, 0.0848128125072, -0.0289481710643, 0.0885928571224, 0.00703831203282, 0.0869696289301, -0.0389431007206, 0.0471899732947, -0.0779656469822, 0.066274292767, 0.0379253774881, 0.276569187641, 0.0833557024598], [0.0209398847073, -0.106431595981, 0.0841178372502, -0.0539296753705, 0.137372583151, -0.081278078258, 0.0626148879528, 0.00654219090939, 0.0798399522901, -0.0264502931386, 0.144786626101, 0.0833557024598, 0.33524158597]]
    },
    "melbands": {
        "dmean": [0.000155790359713, 0.00338300340809, 0.00380636821501, 0.00146493548527, 0.000315621087793, 0.00011978422117, 4.8364916438e-05, 6.53698134556e-06, 2.54823225987e-06, 1.36396386097e-06, 3.78717913918e-07, 6.36662264242e-07, 4.28887119597e-07, 2.12866041238e-07, 8.82004727032e-08, 5.90171822523e-08, 3.86704357425e-08, 3.50412605599e-08, 3.04412957064e-08, 1.53397010649e-08, 1.21570726819e-08, 9.69468416656e-09, 1.15609699591e-08, 3.01385973955e-08, 3.01761211574e-08, 2.02258654269e-08, 1.8940319535e-08, 1.45845220345e-08, 1.27865646959e-08, 1.18279199768e-08, 4.1573744447e-09, 2.25145413424e-09, 1.71426373097e-09, 1.54441992528e-09, 7.79640185744e-10, 1.0937695194e-09, 4.42679715107e-09, 5.87118487161e-09, 1.33717015238e-09, 3.41547706784e-10],
        "dmean2": [0.000182267016498, 0.00336568173952, 0.00379782379605, 0.00144272868056, 0.000311078707455, 0.000118155570817, 4.86652643303e-05, 7.56128383728e-06, 3.33132811647e-06, 1.55178202021e-06, 4.93859829476e-07, 7.89954640368e-07, 4.95161771141e-07, 2.51094320447e-07, 1.12654376494e-07, 8.39392910734e-08, 5.33356327992e-08, 5.11138260606e-08, 3.82693379208e-08, 2.26333529696e-08, 1.93363103307e-08, 1.52705279532e-08, 1.79557808622e-08, 4.5660058845e-08, 4.50341630653e-08, 3.09784553565e-08, 3.02555207554e-08, 2.30097150222e-08, 2.12061603833e-08, 1.99558982672e-08, 7.40282546374e-09, 4.07960110138e-09, 2.927807774e-09, 2.69033773037e-09, 1.25281929275e-09, 1.69349068102e-09, 6.72033229066e-09, 8.63852278599e-09, 1.98184801903e-09, 5.09282893635e-10],
        "dvar": [1.44263170299e-08, 4.48678338216e-06, 4.0295344661e-06, 5.95574306317e-07, 2.79527725411e-08, 4.15859036096e-09, 7.46882111713e-10, 2.19216953617e-11, 4.18561452858e-12, 8.06123830882e-13, 9.95896344991e-14, 2.29839042763e-13, 8.56834541469e-14, 2.17068963986e-14, 6.32565136746e-15, 3.44147263008e-15, 1.2098727451e-15, 1.46142543681e-15, 7.2749584609e-16, 2.39285404701e-16, 2.27665992019e-16, 1.47761588926e-16, 2.84391020873e-16, 7.48088699345e-16, 8.10931291312e-16, 8.14396132522e-16, 4.49132814595e-16, 7.05735252037e-16, 1.51077198813e-15, 3.30793958001e-15, 5.60203292056e-16, 2.67146991784e-16, 9.66887182848e-17, 7.81602563755e-17, 1.37447779925e-17, 8.08404108956e-18, 2.44638864686e-17, 4.73670816446e-17, 3.76450186286e-18, 1.0293249427e-18],
        "dvar2": [2.13417852279e-08, 4.27820623372e-06, 3.81748986911e-06, 5.75177750761e-07, 2.63778954235e-08, 4.5262638082e-09, 8.54032733422e-10, 3.2432903585e-11, 6.71326319188e-12, 1.2539818359e-12, 2.11154295546e-13, 3.84231004218e-13, 1.46623056578e-13, 3.66613715026e-14, 1.21558841755e-14, 6.74624557742e-15, 2.40100552152e-15, 2.88566760954e-15, 1.23278636275e-15, 5.0928660635e-16, 5.34515694442e-16, 2.99042917385e-16, 6.57593022749e-16, 1.5873151792e-15, 2.22215409119e-15, 2.37688138791e-15, 1.18721101387e-15, 1.96662288573e-15, 4.48819126531e-15, 9.91252842612e-15, 1.66693553509e-15, 7.94523839607e-16, 2.85192578739e-16, 2.31859837429e-16, 3.90203892039e-17, 2.26338436619e-17, 5.32717019978e-17, 1.14930724239e-16, 9.78457222774e-18, 2.51376693317e-18],
        "max": [0.00232481025159, 0.032724827528, 0.0215982235968, 0.00737444870174, 0.00184211577289, 0.000685144099407, 0.000356821808964, 5.10921781824e-05, 2.09781665035e-05, 1.14749200293e-05, 3.46396154782e-06, 5.24897131982e-06, 4.08106598115e-06, 1.69909196757e-06, 1.07070900413e-06, 9.13083567866e-07, 3.92979956132e-07, 5.02647537814e-07, 3.98276171154e-07, 1.80508834546e-07, 1.72074592797e-07, 2.06274876291e-07, 2.39181503048e-07, 2.10639740317e-07, 3.14767220289e-07, 4.40697675685e-07, 2.58608991999e-07, 4.38984102402e-07, 6.31703414911e-07, 9.33441413054e-07, 3.87952269421e-07, 2.65605279992e-07, 1.61714908131e-07, 1.43811320186e-07, 6.00225362746e-08, 4.47318271313e-08, 3.93935621901e-08, 6.56221672557e-08, 2.76676104249e-08, 1.49261598636e-08],
        "mean": [0.00178481254261, 0.024246878922, 0.0133193694055, 0.00448421109468, 0.000773808627855, 0.000269877549727, 0.000146214442793, 2.27084019571e-05, 7.12867768016e-06, 3.6186449961e-06, 1.25393034978e-06, 1.7023695591e-06, 1.19707988233e-06, 5.72364228901e-07, 2.35937193338e-07, 1.68108499565e-07, 1.1609056827e-07, 9.1736310992e-08, 8.1689961462e-08, 3.89176229021e-08, 2.82939218721e-08, 2.31306298559e-08, 2.51284539843e-08, 6.21549389734e-08, 6.33780885551e-08, 4.66825795797e-08, 3.86476770586e-08, 3.22698952004e-08, 2.52341951779e-08, 1.78794774541e-08, 7.80135334111e-09, 3.79146358753e-09, 3.03132274837e-09, 2.58697729905e-09, 1.78417092211e-09, 2.3562698459e-09, 7.48346007384e-09, 8.99235441665e-09, 2.3657609205e-09, 8.00676802637e-10],
        "median": [0.00180034141522, 0.024232795462, 0.012933303602, 0.00438664387912, 0.000750362349208, 0.000254320562817, 0.000136712042149, 2.12677477975e-05, 6.46165381113e-06, 3.50026425622e-06, 1.14560452857e-06, 1.56668215823e-06, 1.11200779429e-06, 5.32514604856e-07, 2.03043256874e-07, 1.37106525244e-07, 1.02221932252e-07, 6.92877009101e-08, 7.20387589581e-08, 3.07510958919e-08, 2.1684099849e-08, 1.95129068459e-08, 2.12057216231e-08, 5.0777263283e-08, 5.51359065071e-08, 4.18506296285e-08, 3.34504157706e-08, 2.78646048457e-08, 2.08134558477e-08, 1.37325404381e-08, 6.33092644975e-09, 2.94788793376e-09, 2.38434338939e-09, 1.97253235967e-09, 1.49514356451e-09, 1.94008342724e-09, 5.3681201706e-09, 6.21975981829e-09, 1.98185201583e-09, 6.73189393119e-10],
        "min": [8.00331763458e-05, 0.000272460951237, 0.000351926719304, 0.000110376597149, 9.35055140872e-06, 6.79402819515e-06, 7.38970720704e-06, 2.23003439714e-06, 1.47389027916e-06, 7.61477167543e-07, 3.48273118789e-07, 2.53102200531e-07, 3.0973674825e-07, 1.33504045152e-07, 5.20279428429e-08, 3.28395550753e-08, 2.10989110627e-08, 1.65729545643e-08, 1.64888174226e-08, 7.61805374339e-09, 5.42283107308e-09, 5.83839110391e-09, 5.57203838625e-09, 1.20963878913e-08, 1.23854269063e-08, 9.35518151834e-09, 5.89684967522e-09, 5.37280309132e-09, 2.84002865669e-09, 2.78095768635e-09, 1.62568158935e-09, 9.00372387758e-10, 5.06876707274e-10, 5.25550158947e-10, 3.76201486629e-10, 2.93465862722e-10, 3.92419374773e-10, 4.60756210963e-10, 1.75356867915e-10, 1.06933878419e-10],
        "var": [3.63936862868e-08, 1.63721033459e-05, 1.92256884475e-05, 2.83617464447e-06, 1.41765880812e-07, 2.20313562949e-08, 4.05654665414e-09, 7.46317799227e-11, 1.34877569183e-11, 3.41894242951e-12, 3.51834555413e-13, 8.8205500846e-13, 3.57783735364e-13, 7.81996808887e-14, 2.08528059729e-14, 1.38353777152e-14, 3.44777074356e-15, 4.36248225857e-15, 2.15693530711e-15, 7.08784888285e-16, 3.95273642309e-16, 2.2615507053e-16, 3.08668811556e-16, 1.30689973393e-15, 1.170362258e-15, 7.44898402689e-16, 5.30786896589e-16, 5.64221245781e-16, 8.98016177987e-16, 1.74039002051e-15, 2.95849285537e-16, 1.38833570494e-16, 5.28138873073e-17, 4.17592007557e-17, 8.23819198698e-18, 5.74175055854e-18, 4.1317135584e-17, 6.98026021372e-17, 3.85234430801e-18, 8.30437326022e-19]
    },
    "mfcc": {
        "mean": [-829.35369873, 230.777404785, 83.1484146118, 66.5809173584, 20.5623550415, 4.07068729401, 19.5986747742, -4.8804359436, -10.8931035995, -0.194637238979, -10.7080755234, -1.81916630268, -9.30845928192],
        "cov": [[297.436004639, -9.05821037292, -27.2529850006, -19.5819950104, -12.3212280273, -35.9893913269, -11.9303684235, -13.8136825562, -24.8274440765, -7.03415822983, -52.1802787781, 7.15839624405, -27.528301239], [-9.05821037292, 177.952636719, -57.1704597473, -41.7827606201, 1.58695042133, 8.37155818939, -10.7944307327, -24.159406662, -5.05579805374, -10.9520578384, -0.308234483004, -40.9202537537, 13.2629852295], [-27.2529850006, -57.1704597473, 54.6662025452, 28.1746120453, -8.28724956512, -10.9909553528, 8.64107227325, 7.10255718231, -4.66459751129, 3.6217443943, 1.78393673897, 18.5145359039, -4.2472743988], [-19.5819950104, -41.7827606201, 28.1746120453, 26.7039356232, -3.03326058388, -6.227247715, 5.39795589447, 7.38772010803, -0.823072135448, 0.597410082817, 4.57367277145, 11.7177476883, -1.90302658081], [-12.3212280273, 1.58695042133, -8.28724956512, -3.03326058388, 12.752820015, 2.73889899254, -1.46243739128, 2.77023124695, 2.17214155197, 1.48326671124, 3.1015818119, -0.312698811293, 0.35860568285], [-35.9893913269, 8.37155818939, -10.9909553528, -6.227247715, 2.73889899254, 18.2808208466, -1.63623976707, -1.99423837662, 7.43199586868, 0.199978441, 9.13329601288, -6.4390501976, 5.95137405396], [-11.9303684235, -10.7944307327, 8.64107227325, 5.39795589447, -1.46243739128, -1.63623976707, 9.93890571594, -0.35454455018, -0.981289744377, 4.10108280182, -1.80493330956, 4.54629087448, -1.22976815701], [-13.8136825562, -24.159406662, 7.10255718231, 7.38772010803, 2.77023124695, -1.99423837662, -0.35454455018, 13.5915327072, 1.84648573399, -1.91383469105, 5.6848359108, 3.55565071106, -0.554514825344], [-24.8274440765, -5.05579805374, -4.66459751129, -0.823072135448, 2.17214155197, 7.43199586868, -0.981289744377, 1.84648573399, 12.5857362747, 1.19106733799, 3.10403752327, -1.07647061348, 2.20845580101], [-7.03415822983, -10.9520578384, 3.6217443943, 0.597410082817, 1.48326671124, 0.199978441, 4.10108280182, -1.91383469105, 1.19106733799, 10.5908145905, -4.50148677826, 2.50506091118, -0.441845089197], [-52.1802787781, -0.308234483004, 1.78393673897, 4.57367277145, 3.1015818119, 9.13329601288, -1.80493330956, 5.6848359108, 3.10403752327, -4.50148677826, 20.5576248169, -4.06280422211, 3.60418581963], [7.15839624405, -40.9202537537, 18.5145359039, 11.7177476883, -0.312698811293, -6.4390501976, 4.54629087448, 3.55565071106, -1.07647061348, 2.50506091118, -4.06280422211, 19.2382068634, -8.09739208221], [-27.528301239, 13.2629852295, -4.2472743988, -1.90302658081, 0.35860568285, 5.95137405396, -1.22976815701, -0.554514825344, 2.20845580101, -0.441845089197, 3.60418581963, -8.09739208221, 14.8017749786]],
