{
"lowlevel": {
    "average_loudness": 0.792985975742,
    "barkbands_crest": {
        "dmean": 0.718585789204,
        "dmean2": 1.02179419994,
        "dvar": 0.812778413296,
        "dvar2": 1.20876193047,
        "max": 22.4660930634,
        "mean": 17.5548877716,
        "median": 16.7234535217,
        "min": 11.0569229126,
        "var": 11.6867713928
    },
    "barkbands_flatness_db": {
        "dmean": 0.0154241295531,
        "dmean2": 0.0222754497081,
        "dvar": 0.000484328513267,
        "dvar2": 0.000415002199588,
        "max": 0.454127371311,
        "mean": 0.209438100457,
        "median": 0.205841809511,
        "min": 0.116495884955,
        "var": 0.00564966257662
    },
    "barkbands_kurtosis": {
        "dmean": 5.72532081604,
        "dmean2": 7.98413658142,
        "dvar": 320.247283936,
        "dvar2": 554.449584961,
        "max": 203.169418335,
        "mean": 17.1612071991,
        "median": 10.6703891754,
        "min": -1.95847439766,
        "var": 1145.47998047
    },
    "barkbands_skewness": {
        "dmean": 0.513553738594,
        "dmean2": 0.696903645992,
        "dvar": 0.991824030876,
        "dvar2": 1.42758619785,
        "max": 12.9048309326,
        "mean": 0.307470947504,
        "median": 1.81808519363,
        "min": -4.58111476898,
        "var": 15.9751424789
    },
    "barkbands_spread": {
        "dmean": 5.07323932648,
        "dmean2": 7.13986492157,
        "dvar": 68.0964584351,
        "dvar2": 94.9209136963,
        "max": 102.026779175,
        "mean": 27.8440380096,
        "median": 22.8590736389,
        "min": 1.14346897602,
        "var": 355.7394104
    },
    "dissonance": {
        "dmean": 0.0199924223125,
        "dmean2": 0.0314232632518,
        "dvar": 0.000604392786045,
        "dvar2": 0.0011922736885,
        "max": 0.499645203352,
        "mean": 0.416790932417,
        "median": 0.413469523191,
        "min": 0.143189355731,
        "var": 0.00634431838989
    },
    "dynamic_complexity": 6.44149446487,
    "erbbands_crest": {
        "dmean": 0.993739843369,
        "dmean2": 1.44976460934,
        "dvar": 4.44094800949,
        "dvar2": 6.80691432953,
        "max": 24.1868629456,
        "mean": 13.2349491119,
        "median": 15.5238637924,
        "min": 2.03533625603,
        "var": 91.5752563477
    },
    "erbbands_flatness_db": {
        "dmean": 0.0130414944142,
        "dmean2": 0.0177442915738,
        "dvar": 0.000500368943904,
        "dvar2": 0.000514797051437,
        "max": 0.415250569582,
        "mean": 0.161461740732,
        "median": 0.191846802831,
        "min": 0.0516537800431,
        "var": 0.00928001105785
    },
    "erbbands_kurtosis": {
        "dmean": 6.6363067627,
        "dmean2": 8.34812164307,
        "dvar": 649.359436035,
        "dvar2": 675.205200195,
        "max": 348.622528076,
        "mean": 20.8978347778,
        "median": 11.3830823898,
        "min": -1.40973746777,
        "var": 2200.47412109
    },
    "erbbands_skewness": {
        "dmean": 0.440742194653,
        "dmean2": 0.578435063362,
        "dvar": 0.929939866066,
        "dvar2": 1.01400911808,
        "max": 14.6124429703,
        "mean": 2.65643906593,
        "median": 3.30440783501,
        "min": -0.588878273964,
        "var": 9.71687221527
    },
    "erbbands_spread": {
        "dmean": 5.36901950836,
        "dmean2": 8.95559215546,
        "dvar": 95.0883102417,
        "dvar2": 196.08770752,
        "max": 99.5500564575,
        "mean": 35.7131729126,
        "median": 28.1265220642,
        "min": 0.906790554523,
        "var": 663.300048828
    },
    "hfc": {
        "dmean": 2.06469893456,
        "dmean2": 2.52304267883,
        "dvar": 68.9754638672,
        "dvar2": 70.7033004761,
        "max": 98.7290496826,
        "mean": 11.7924318314,
        "median": 9.17579460144,
        "min": 2.43051195145,
        "var": 171.991592407
    },
    "melbands_crest": {
        "dmean": 1.4169460535,
        "dmean2": 2.35814189911,
        "dvar": 5.45740938187,
        "dvar2": 12.2970952988,
        "max": 21.7724170685,
        "mean": 13.4744205475,
        "median": 17.89494133,
        "min": 2.33068466187,
        "var": 55.083442688
    },
    "melbands_flatness_db": {
        "dmean": 0.0173720866442,
        "dmean2": 0.0231010429561,
        "dvar": 0.00108084909152,
        "dvar2": 0.00110086041968,
        "max": 0.557587563992,
        "mean": 0.204062864184,
        "median": 0.290693223476,
        "min": 0.00888066273183,
        "var": 0.029247475788
    },
    "melbands_kurtosis": {
        "dmean": 23.3625850677,
        "dmean2": 28.439704895,
        "dvar": 1767.45129395,
        "dvar2": 2116.91577148,
        "max": 549.401916504,
        "mean": 121.614021301,
        "median": 48.6125068665,
        "min": -1.11118233204,
        "var": 19884.875
    },
    "melbands_skewness": {
        "dmean": 0.833885192871,
        "dmean2": 1.04697430134,
        "dvar": 1.67336452007,
        "dvar2": 1.54594349861,
        "max": 16.4626045227,
        "mean": 6.42421388626,
        "median": 4.52551937103,
        "min": 0.153554841876,
        "var": 35.8526535034
    },
    "melbands_spread": {
        "dmean": 8.86591434479,
        "dmean2": 14.2912187576,
        "dvar": 227.524871826,
        "dvar2": 523.603149414,
        "max": 151.912445068,
        "mean": 52.9629669189,
        "median": 3.0018966198,
        "min": 0.304739326239,
        "var": 3320.49926758
    },
    "pitch_salience": {
        "dmean": 0.0370484478772,
        "dmean2": 0.0496371686459,
        "dvar": 0.00609008036554,
        "dvar2": 0.00715474132448,
        "max": 0.825934886932,
        "mean": 0.499150812626,
        "median": 0.451642781496,
        "min": 0.0351280756295,
        "var": 0.0785089358687
    },
    "silence_rate_20dB": {
        "dmean": 0,
        "dmean2": 0,
        "dvar": 0,
        "dvar2": 0,
        "max": 1,
        "mean": 1,
        "median": 1,
        "min": 1,
        "var": 0
    },
    "silence_rate_30dB": {
        "dmean": 0.0133333336562,
        "dmean2": 0.0201342273504,
        "dvar": 0.0131555572152,
        "dvar2": 0.0197288412601,
        "max": 1,
        "mean": 0.973509907722,
        "median": 1,
        "min": 0,
        "var": 0.0257883425802
    },
    "silence_rate_60dB": {
        "dmean": 0.019999999553,
        "dmean2": 0.0402684547007,
        "dvar": 0.0195999797434,
        "dvar2": 0.0386468954384,
        "max": 1,
        "mean": 0.635761618614,
        "median": 1,
        "min": 0,
        "var": 0.231568694115
    },
    "spectral_centroid": {
        "dmean": 131.592453003,
        "dmean2": 212.764587402,
        "dvar": 88466.59375,
        "dvar2": 155290.703125,
        "max": 3663.03808594,
        "mean": 1735.21105957,
        "median": 525.143981934,
        "min": 394.642089844,
        "var": 1942029.625
    },
    "spectral_complexity": {
        "dmean": 0.173333331943,
        "dmean2": 0.275167793036,
        "dvar": 0.543289005756,
        "dvar2": 1.17931652069,
        "max": 9,
        "mean": 0.920529782772,
        "median": 1,
        "min": 0,
        "var": 1.43739330769
    },
    "spectral_decrease": {
        "dmean": 7.92263754601e-10,
        "dmean2": 7.50872031219e-10,
        "dvar": 2.42996481036e-17,
        "dvar2": 2.51484644523e-17,
        "max": 9.95252422142e-11,
        "mean": -2.01560457214e-09,
        "median": -2.70408029301e-10,
        "min": -5.72325902226e-08,
        "var": 6.84623974913e-17
    },
    "spectral_energy": {
        "dmean": 0.003117633285,
        "dmean2": 0.00295785767958,
        "dvar": 0.000374966039089,
        "dvar2": 0.000387920590583,
        "max": 0.224964007735,
        "mean": 0.00867696851492,
        "median": 0.00177152233664,
        "min": 0.000293158489512,
        "var": 0.00105070369318
    },
    "spectral_energyband_high": {
        "dmean": 2.81129196082e-05,
        "dmean2": 4.38592178398e-05,
        "dvar": 8.18021983484e-10,
        "dvar2": 1.62758717615e-09,
        "max": 0.000330491457134,
        "mean": 0.000260568165686,
        "median": 0.00026012014132,
        "min": 2.28112803597e-05,
        "var": 1.06537212385e-09
    },
    "spectral_energyband_low": {
        "dmean": 3.33851744472e-06,
        "dmean2": 5.93779896008e-06,
        "dvar": 4.12231138114e-10,
        "dvar2": 9.76756342475e-10,
        "max": 0.000253690086538,
        "mean": 5.11313646712e-06,
        "median": 1.7819762661e-06,
        "min": 4.52379424587e-07,
        "var": 6.71648403561e-10
    },
    "spectral_energyband_middle_high": {
        "dmean": 0.000104574908619,
        "dmean2": 0.000152120366693,
        "dvar": 4.40270241597e-07,
        "dvar2": 9.83831796475e-07,
        "max": 0.00766067346558,
        "mean": 0.000124156504171,
        "median": 1.77526271727e-05,
        "min": 7.10564017936e-06,
        "var": 5.49817400497e-07
    },
    "spectral_energyband_middle_low": {
        "dmean": 0.00304897781461,
        "dmean2": 0.00280734244734,
        "dvar": 0.000360066100257,
        "dvar2": 0.000371810630895,
        "max": 0.221270084381,
        "mean": 0.00810163654387,
        "median": 0.00133540120441,
        "min": 2.20961919695e-06,
        "var": 0.00101073516998
    },
    "spectral_entropy": {
        "dmean": 0.14855273068,
        "dmean2": 0.188277617097,
        "dvar": 0.0956626236439,
        "dvar2": 0.0717425793409,
        "max": 8.91638565063,
        "mean": 7.69106435776,
        "median": 7.47342586517,
        "min": 4.19386529922,
        "var": 1.43679833412
    },
    "spectral_flux": {
        "dmean": 0.0062444768846,
        "dmean2": 0.00827712379396,
        "dvar": 0.000890671508387,
        "dvar2": 0.00095756619703,
        "max": 0.423591136932,
        "mean": 0.0209705047309,
        "median": 0.0146017959341,
        "min": 0.0125251365826,
        "var": 0.00129706168082
    },
    "spectral_kurtosis": {
        "dmean": 0.766080379486,
        "dmean2": 1.02016854286,
        "dvar": 4.08336448669,
        "dvar2": 4.69077539444,
        "max": 31.2888565063,
        "mean": 4.8328166008,
        "median": 3.56210708618,
        "min": 2.29340791702,
        "var": 17.0549049377
    },
    "spectral_rms": {
        "dmean": 0.000230798948905,
        "dmean2": 0.000235544750467,
        "dvar": 1.22266544622e-06,
        "dvar2": 1.22118876789e-06,
        "max": 0.0148147586733,
        "mean": 0.0017879048828,
        "median": 0.00131465378217,
        "min": 0.000534797436558,
        "var": 5.26873100171e-06
    },
    "spectral_rolloff": {
        "dmean": 692.651245117,
        "dmean2": 1151.52050781,
        "dvar": 6144545.5,
        "dvar2": 11457649,
        "max": 21748.5351562,
        "mean": 12640.7021484,
        "median": 18540.0878906,
        "min": 409.130859375,
        "var": 94967168
    },
    "spectral_skewness": {
        "dmean": 0.118357896805,
        "dmean2": 0.154326379299,
        "dvar": 0.047131203115,
        "dvar2": 0.0440351068974,
        "max": 5.00187206268,
        "mean": 1.91981637478,
        "median": 1.76335287094,
        "min": 1.40018975735,
        "var": 0.341972827911
    },
    "spectral_spread": {
        "dmean": 707361.6875,
        "dmean2": 966765,
        "dvar": 2.21558079488e+12,
        "dvar2": 1.3665206272e+12,
        "max": 28805422,
        "mean": 12047341,
        "median": 12399971,
        "min": 3350301.5,
        "var": 5.39963686912e+12
    },
    "spectral_strongpeak": {
        "dmean": 0.495939433575,
        "dmean2": 0.730187296867,
        "dvar": 0.696443676949,
        "dvar2": 1.2365874052,
        "max": 7.59159755707,
        "mean": 1.59238505363,
        "median": 1.05566477776,
        "min": 0.0582269430161,
        "var": 1.6218984127
    },
    "zerocrossingrate": {
        "dmean": 0.0227669272572,
        "dmean2": 0.0210157558322,
        "dvar": 0.00258906139061,
        "dvar2": 0.00170985143632,
        "max": 0.78955078125,
        "mean": 0.422159552574,
        "median": 0.271484375,
        "min": 0.00830078125,
        "var": 0.0942788049579
    },
    "barkbands": {
        "dmean": [1.18828654649e-06, 1.68551821389e-06, 9.37558752412e-07, 1.2863952179e-06, 5.61684510103e-06, 0.00194909691345, 0.00108013174031, 3.54730377694e-06, 3.17506928695e-05, 8.68185907166e-06, 0.000100797282357, 8.22427125513e-07, 9.42663461956e-07, 1.0860698012e-06, 1.02541093838e-06, 8.29616624287e-07, 7.76346723796e-07, 5.18866556831e-07, 7.08100117208e-07, 6.27043505119e-07, 6.45987711323e-07, 8.03061993793e-07, 8.15958856037e-07, 1.29586931052e-06, 1.48152412294e-06, 3.19397668136e-06, 3.48287940142e-05],
        "dmean2": [2.16245507545e-06, 3.03228011944e-06, 1.69521672433e-06, 2.42172700382e-06, 1.00828483482e-05, 0.00187132437713, 0.000932796217967, 6.56384963804e-06, 4.5239841711e-05, 1.44386676766e-05, 0.000149282132043, 1.44270302371e-06, 1.61869695603e-06, 1.82075575594e-06, 1.78910363502e-06, 1.46649938415e-06, 1.22015751458e-06, 8.64335447659e-07, 1.21430218769e-06, 1.07408573058e-06, 1.13712928851e-06, 1.38107691328e-06, 1.34467836688e-06, 2.2318952233e-06, 2.4027535801e-06, 5.47518448002e-06, 5.71166456211e-05],
        "dvar": [2.05627077865e-11, 7.44015613008e-11, 3.18767442997e-11, 4.66317540138e-11, 1.53981616346e-09, 0.000152597567649, 4.42437813035e-05, 4.53203446993e-10, 7.49673301215e-09, 1.9810055818e-09, 4.55072381556e-07, 2.40412854555e-12, 2.82068747699e-12, 1.60932768847e-12, 2.00563047073e-12, 8.69276059554e-13, 5.17759175377e-13, 1.57057486049e-13, 3.01899401745e-13, 2.66881487613e-13, 2.56467834166e-13, 3.52837794789e-13, 3.39181509485e-13, 1.12137762184e-12, 1.3869112022e-12, 7.29318255094e-12, 9.19677833888e-10],
        "dvar2": [4.42754721774e-11, 1.78160222686e-10, 7.14076714425e-11, 1.18242207692e-10, 3.98692012737e-09, 0.000152413369506, 4.88200385007e-05, 1.09134701276e-09, 1.18754446277e-08, 5.46939293855e-09, 1.06048321413e-06, 7.17825408489e-12, 7.79925343058e-12, 4.84609227747e-12, 5.98880276967e-12, 2.55392863975e-12, 1.31035395208e-12, 4.4157873972e-13, 9.0578532088e-13, 8.49883640026e-13, 7.46852070205e-13, 1.01336896773e-12, 9.2513898018e-13, 3.30552360657e-12, 3.84096313782e-12, 1.78468750195e-11, 1.71156466777e-09],
        "max": [5.67487804801e-05, 0.000106405248516, 7.25923018763e-05, 8.44595342642e-05, 0.000480468617752, 0.141832455993, 0.0783496201038, 0.000259507913142, 0.00112591753714, 0.000476145040011, 0.00751932244748, 2.18917393795e-05, 1.69943741639e-05, 1.1275324141e-05, 1.44641571751e-05, 7.56959434511e-06, 8.91526360647e-06, 4.07527431889e-06, 4.8993274504e-06, 5.16141972184e-06, 4.05654191127e-06, 5.61849901715e-06, 6.52632843412e-06, 1.02514804894e-05, 1.26171262309e-05, 2.82286000584e-05, 0.000330286711687],
        "mean": [1.49158495333e-06, 2.20803099182e-06, 1.31148567561e-06, 1.72500153894e-06, 7.87058888818e-06, 0.00525430822745, 0.00272228848189, 4.91239870826e-06, 0.000103093712823, 1.18484322229e-05, 9.90308180917e-05, 1.55070745222e-06, 1.6652169279e-06, 2.8169692996e-06, 1.96322866941e-06, 1.89607214907e-06, 2.15391082747e-06, 1.46054628658e-06, 1.96235373551e-06, 2.06291133509e-06, 2.35761399381e-06, 3.01833347294e-06, 3.9095439206e-06, 6.17902287559e-06, 8.49916705192e-06, 1.99024052563e-05, 0.000258156389464],
        "median": [3.71077192085e-07, 7.15030580523e-07, 3.0915532534e-07, 4.79605546388e-07, 7.05539264345e-07, 0.000869093288202, 0.000557665014639, 6.48554589588e-07, 3.46991237166e-06, 2.48656806434e-06, 8.30613316793e-07, 9.44652015278e-07, 8.92473394742e-07, 2.46181934926e-06, 1.62336584708e-06, 1.70792498011e-06, 1.89984757526e-06, 1.35752065944e-06, 1.88180570149e-06, 2.05964624911e-06, 2.30062960327e-06, 2.98585518976e-06, 3.92539277527e-06, 5.98820724917e-06, 8.40265420265e-06, 1.97843837668e-05, 0.000259448017459],
        "min": [2.08208810193e-08, 6.53770513281e-08, 8.88563622681e-09, 2.75932947602e-08, 1.5216765803e-07, 1.49539999938e-07, 1.03962321418e-07, 9.37578761295e-08, 1.03686105035e-07, 2.5961259098e-07, 1.7495401039e-07, 1.50378511421e-07, 1.51668288595e-07, 2.46757622335e-07, 7.94999323261e-07, 6.07389949892e-07, 5.26375401932e-07, 5.8264032532e-07, 7.19553383988e-07, 8.96519281923e-07, 7.81961773555e-07, 1.55471252583e-06, 1.9374083422e-06, 1.36840458254e-06, 1.78696836883e-06, 1.47841558373e-06, 1.02141866591e-05],
        "var": [3.89001574008e-11, 1.15233128595e-10, 5.72409862565e-11, 8.29465662822e-11, 2.47357689886e-09, 0.00044396618614, 0.00011373754387, 7.67054197937e-10, 6.28143510539e-08, 2.55005816463e-09, 5.12320127655e-07, 5.34645158007e-12, 5.68030648559e-12, 2.37001499155e-12, 2.05913714899e-12, 9.40738047357e-13, 1.27769810791e-12, 3.05759730685e-13, 4.51962523396e-13, 3.49019207632e-13, 3.2345626828e-13, 5.38439084985e-13, 5.67258913453e-13, 1.40461156161e-12, 2.01629598434e-12, 1.0066293285e-11, 1.34886557479e-09]
    },
    "erbbands": {
        "dmean": [6.85145714669e-05, 0.000325984787196, 0.000856025610119, 0.00307466718368, 0.00688374834135, 0.026756066829, 0.396043658257, 17.9845733643, 30.1380729675, 1.34213376045, 0.176570057869, 0.846916735172, 0.380699396133, 2.68851685524, 1.78599858284, 0.101287275553, 0.0464589484036, 0.0491108596325, 0.0490786395967, 0.0438242852688, 0.0364705212414, 0.0400074645877, 0.0292705595493, 0.0391578413546, 0.0288352072239, 0.0285497251898, 0.0290100984275, 0.027458216995, 0.0313373506069, 0.0257742088288, 0.0241649411619, 0.0294544734061, 0.0240392517298, 0.0170238614082, 0.0129799600691, 0.00598288001493, 0.00775011209771, 0.00743946386501, 0.00423043314368, 0.000740574963856],
        "dmean2": [0.000123699297546, 0.000580596155487, 0.0015596547164, 0.00567140150815, 0.0131760574877, 0.042197983712, 0.46621876955, 17.9465007782, 26.9135284424, 1.26660990715, 0.268900185823, 1.2310731411, 0.484747648239, 3.84015059471, 2.77575230598, 0.161066278815, 0.0763813853264, 0.0837568491697, 0.0848000943661, 0.0751436427236, 0.0619307532907, 0.0643799379468, 0.0495455600321, 0.0671048536897, 0.0514076836407, 0.0497857257724, 0.0506467446685, 0.0494703613222, 0.0557072982192, 0.0434852577746, 0.0398000106215, 0.050699301064, 0.0421865433455, 0.0287179592997, 0.0219923444092, 0.0100824320689, 0.0134583516046, 0.0129543170333, 0.00694126822054, 0.00121487886645],
        "dvar": [8.7614587585e-08, 3.26447343468e-06, 2.84688976535e-05, 0.000311581999995, 0.00157673936337, 0.0270885210484, 5.27531671524, 12897.6152344, 35371.7382812, 61.4354095459, 0.395544320345, 5.46323251724, 1.53530490398, 321.272827148, 135.099914551, 0.208674564958, 0.0072073219344, 0.00391505286098, 0.00270750350319, 0.00314891664311, 0.00150247616693, 0.00132412591483, 0.000596658501308, 0.00105438078754, 0.000675239542034, 0.000566571834497, 0.000431854365161, 0.000634990108665, 0.0006304042181, 0.000348022294929, 0.000441987911472, 0.000467981648399, 0.000417687289882, 0.000195435015485, 0.000144233898027, 2.82410346699e-05, 3.91698777094e-05, 3.74070332327e-05, 1.4336795175e-05, 4.22817294066e-07],
        "dvar2": [2.11379116877e-07, 7.79246511229e-06, 6.11290888628e-05, 0.000788523990195, 0.00420833332464, 0.0726903900504, 8.85320949554, 14334.4970703, 35499.890625, 82.6300888062, 0.9894708395, 9.27353191376, 2.64230060577, 774.266113281, 278.862426758, 0.486741602421, 0.0202903579921, 0.0114098815247, 0.00806597899646, 0.0094851795584, 0.00430558482185, 0.00330208567902, 0.00169247423764, 0.00290614925325, 0.00195912830532, 0.00163703644648, 0.00124411552679, 0.0018732175231, 0.00180102558807, 0.00115436560009, 0.00113548454829, 0.00135781266727, 0.00125272304285, 0.000500016321894, 0.00040898277075, 7.48940365156e-05, 9.28460722207e-05, 9.54637216637e-05, 3.26519839291e-05, 8.84530834355e-07],
        "max": [0.00369356595911, 0.0223827976733, 0.0697260349989, 0.220705583692, 0.509118914604, 2.35029911995, 30.4161148071, 1311.70056152, 2186.24902344, 100.679580688, 8.92211532593, 29.0948963165, 14.5029783249, 200.178833008, 108.572685242, 4.65263748169, 0.908562660217, 0.584047555923, 0.527175843716, 0.611206889153, 0.409355044365, 0.446287125349, 0.233313411474, 0.263090163469, 0.229442462325, 0.237432152033, 0.177446231246, 0.169624298811, 0.208234786987, 0.18189483881, 0.198308899999, 0.196011707187, 0.218464657664, 0.132538974285, 0.113421559334, 0.0616682209074, 0.0676410123706, 0.0687809213996, 0.040891841054, 0.00675519090146],
        "mean": [8.35995160742e-05, 0.000445064273663, 0.00134457193781, 0.00420873472467, 0.0106295673177, 0.0483813621104, 0.931213855743, 46.5764198303, 79.3350372314, 3.26695299149, 0.382657676935, 2.65823984146, 1.11327028275, 2.28963375092, 1.98675394058, 0.135741814971, 0.0861791446805, 0.130303323269, 0.120033733547, 0.10146279633, 0.104341462255, 0.112515963614, 0.0854460448027, 0.10286308825, 0.0868504568934, 0.0976324602962, 0.0966492444277, 0.096126280725, 0.105083853006, 0.110762827098, 0.113552473485, 0.115992069244, 0.109935976565, 0.085902236402, 0.0659527778625, 0.0367055796087, 0.0409551858902, 0.0478322058916, 0.0281389467418, 0.00506236823276],
        "median": [2.6473266189e-05, 0.000135895083076, 0.000335685122991, 0.00115449423902, 0.00206666486338, 0.00672603072599, 0.141211405396, 7.65404605865, 14.3607168198, 0.684543669224, 0.0742878764868, 0.11292411387, 0.108675330877, 0.0461415089667, 0.0390049740672, 0.0425293780863, 0.0442224107683, 0.111249685287, 0.105380319059, 0.0840723887086, 0.0920497775078, 0.101204626262, 0.0788017064333, 0.0941505283117, 0.0818879231811, 0.0945611596107, 0.0929965525866, 0.09216234833, 0.100324951112, 0.110423974693, 0.113403946161, 0.115212038159, 0.109817333519, 0.0855149030685, 0.0641496405005, 0.0368048064411, 0.0414176285267, 0.0477021113038, 0.0279560294002, 0.00509338080883],
        "min": [3.20831441059e-06, 6.56610109218e-06, 2.46129384323e-05, 0.000100035955256, 0.000101579054899, 0.000421698990976, 0.0005871761241, 0.00130316056311, 0.00106966774911, 0.00176949589513, 0.0025680270046, 0.00437674019486, 0.0120278075337, 0.00698684807867, 0.0111580668017, 0.00979208759964, 0.00932124909014, 0.0134236020967, 0.0460119955242, 0.03786502406, 0.0404765382409, 0.0342523790896, 0.0299956779927, 0.0354021526873, 0.0366205349565, 0.0439421162009, 0.0373304374516, 0.0401816517115, 0.0563801005483, 0.0530683062971, 0.0537676662207, 0.0390196964145, 0.0194132719189, 0.0187651533633, 0.012493647635, 0.00554449576885, 0.0024789662566, 0.00201770314015, 0.0013226158917, 0.000181356197572],
        "var": [1.36753712354e-07, 5.16114596394e-06, 5.63728244742e-05, 0.000509562436491, 0.0032636502292, 0.0555063784122, 14.2630910873, 35224.0664062, 97892.453125, 164.253890991, 0.985331654549, 39.5939979553, 6.96257925034, 310.148040771, 175.224563599, 0.273549199104, 0.0163299813867, 0.00607691099867, 0.00393888866529, 0.00437278766185, 0.00233456119895, 0.00326491706073, 0.00104831974022, 0.00153170933481, 0.000838241365273, 0.000729955965653, 0.000645835942123, 0.000592802360188, 0.000811624631751, 0.000518642948009, 0.00054901430849, 0.000692544097546, 0.00049618590856, 0.000260326167336, 0.000163370626979, 3.75396521122e-05, 5.49787037016e-05, 5.35871840839e-05, 1.79410017154e-05, 6.092831768e-07]
    },
    "gfcc": {
        "mean": [-176.860183716, -39.7235488892, -62.8198738098, -37.6748352051, -58.5178108215, -31.8289165497, -33.457862854, -5.68003368378, 1.42587471008, 9.19836997986, 3.11059594154, 5.24912023544, -0.977205574512],
        "cov": [[1297.00512695, 1307.20422363, 169.647079468, -586.772094727, -833.344177246, -670.280700684, -326.872436523, -29.5636291504, 152.802963257, 249.148361206, 298.873657227, 256.753295898, 116.353370667], [1307.20422363, 1380.3260498, 193.595657349, -575.859191895, -856.534240723, -692.743225098, -342.365844727, -28.393075943, 166.199447632, 266.135559082, 307.30581665, 258.410766602, 115.213317871], [169.647079468, 193.595657349, 69.6556472778, -61.8156700134, -129.435165405, -120.769493103, -68.3959732056, -7.97739648819, 38.8132514954, 59.5159950256, 60.3593292236, 42.358165741, 16.4428653717], [-586.772094727, -575.859191895, -61.8156700134, 356.672821045, 461.058380127, 365.847351074, 169.092605591, -0.149773150682, -98.4411849976, -134.046585083, -145.444747925, -119.76713562, -62.3705863953], [-833.344177246, -856.534240723, -129.435165405, 461.058380127, 678.569396973, 571.578491211, 284.637298584, 9.46117401123, -164.691970825, -226.479476929, -230.904220581, -176.410797119, -80.0119094849], [-670.280700684, -692.743225098, -120.769493103, 365.847351074, 571.578491211, 525.43762207, 288.346832275, 29.4128284454, -146.722610474, -212.70930481, -216.858413696, -153.658691406, -55.1853713989], [-326.872436523, -342.365844727, -68.3959732056, 169.092605591, 284.637298584, 288.346832275, 192.973373413, 49.6949234009, -66.0959014893, -118.719795227, -129.848587036, -86.8650283813, -16.8983097076], [-29.5636291504, -28.393075943, -7.97739648819, -0.149773150682, 9.46117401123, 29.4128284454, 49.6949234009, 49.6446914673, 22.1107215881, -7.1845946312, -25.0437774658, -18.0040073395, 8.69794368744], [152.802963257, 166.199447632, 38.8132514954, -98.4411849976, -164.691970825, -146.722610474, -66.0959014893, 22.1107215881, 85.1231613159, 87.1393051147, 60.7450637817, 33.4346694946, 16.0333709717], [249.148361206, 266.135559082, 59.5159950256, -134.046585083, -226.479476929, -212.70930481, -118.719795227, -7.1845946312, 87.1393051147, 129.373626709, 116.504646301, 73.5517654419, 22.4603595734], [298.873657227, 307.30581665, 60.3593292236, -145.444747925, -230.904220581, -216.858413696, -129.848587036, -25.0437774658, 60.7450637817, 116.504646301, 137.937408447, 99.9634780884, 30.6130924225], [256.753295898, 258.410766602, 42.358165741, -119.76713562, -176.410797119, -153.658691406, -86.8650283813, -18.0040073395, 33.4346694946, 73.5517654419, 99.9634780884, 91.7144317627, 38.0691146851], [116.353370667, 115.213317871, 16.4428653717, -62.3705863953, -80.0119094849, -55.1853713989, -16.8983097076, 8.69794368744, 16.0333709717, 22.4603595734, 30.6130924225, 38.0691146851, 36.1595535278]],
        "icov": [[0.0283332020044, -0.0239018779248, 0.000826276664156, 0.0166321452707, -0.0137638812885, 0.0137232728302, -0.0132227819413, 0.00972485262901, -0.00445270398632, 0.00803754199296, -0.00411341432482, -0.00586344813928, 0.00190677959472], [-0.0239018779248, 0.0255972445011, -0.00453109433874, -0.0167602673173, 0.0249074622989, -0.0171818640083, 0.010902043432, -0.00937765277922, 0.00910262297839, -0.00677850842476, 0.00358133460395, 6.2659411924e-05, 0.00182127556764], [0.000826276664156, -0.00453109433874, 0.0414748862386, -0.0230896826833, 0.0156853888184, 0.00164123962168, -0.00548026757315, 0.0101101538166, -0.0095150526613, 0.005840186961, -0.0140709942207, 0.0104603217915, -0.0131972897798], [0.0166321452707, -0.0167602673173, -0.0230896826833, 0.0628285259008, -0.0683988854289, 0.0235087703913, 0.00264617637731, -0.00522173754871, -0.00016245135339, -0.0120671251789, 0.0176540277898, -0.0109496461228, 0.00992537476122], [-0.0137638812885, 0.0249074622989, 0.0156853888184, -0.0683988854289, 0.131621852517, -0.0918787717819, 0.0323708951473, -0.00874412059784, 0.0147034004331, 0.0103829530999, -0.0229224283248, 0.0093162143603, 0.00469998409972], [0.0137232728302, -0.0171818640083, 0.00164123962168, 0.0235087703913, -0.0918787717819, 0.139648213983, -0.113988183439, 0.0575979277492, -0.0157914273441, 0.0101273041219, 0.00389214674942, -0.0038106541615, -0.00548413209617], [-0.0132227819413, 0.010902043432, -0.00548026757315, 0.00264617637731, 0.0323708951473, -0.113988183439, 0.16350094974, -0.120395317674, 0.0513054281473, -0.037687715143, 0.0325680822134, -0.00966144632548, 0.0011598985875], [0.00972485262901, -0.00937765277922, 0.0101101538166, -0.00522173754871, -0.00874412059784, 0.0575979277492, -0.120395317674, 0.164396345615, -0.110695198178, 0.0692085698247, -0.0399629622698, 0.0266668591648, -0.0304178502411], [-0.00445270398632, 0.00910262297839, -0.0095150526613, -0.00016245135339, 0.0147034004331, -0.0157914273441, 0.0513054281473, -0.110695198178, 0.163802504539, -0.126528501511, 0.0601606741548, -0.00986520107836, 0.0138242151588], [0.00803754199296, -0.00677850842476, 0.005840186961, -0.0120671251789, 0.0103829530999, 0.0101273041219, -0.037687715143, 0.0692085698247, -0.126528501511, 0.164613097906, -0.114566750824, 0.0366441868246, -0.0112953810021], [-0.00411341432482, 0.00358133460395, -0.0140709942207, 0.0176540277898, -0.0229224283248, 0.00389214674942, 0.0325680822134, -0.0399629622698, 0.0601606741548, -0.114566750824, 0.166194617748, -0.111230932176, 0.0396155007184], [-0.00586344813928, 6.2659411924e-05, 0.0104603217915, -0.0109496461228, 0.0093162143603, -0.0038106541615, -0.00966144632548, 0.0266668591648, -0.00986520107836, 0.0366441868246, -0.111230932176, 0.142236664891, -0.0750723928213], [0.00190677959472, 0.00182127556764, -0.0131972897798, 0.00992537476122, 0.00469998409972, -0.00548413209617, 0.0011598985875, -0.0304178502411, 0.0138242151588, -0.0112953810021, 0.0396155007184, -0.0750723928213, 0.0951111614704]]
    },
    "melbands": {
        "dmean": [5.69674398321e-07, 4.33899401742e-07, 5.69081066715e-07, 8.37568677525e-07, 2.41151656155e-06, 0.000465309130959, 0.000402830017265, 1.27957127916e-06, 1.34123126827e-06, 5.61896376894e-06, 1.85640544714e-06, 9.90360786091e-06, 9.40627887758e-06, 2.64622485702e-07, 1.01005575459e-07, 8.45707077701e-08, 1.09397319648e-07, 8.01898352165e-08, 7.13131314001e-08, 7.28914741899e-08, 4.53497754904e-08, 5.22768814903e-08, 2.84684507079e-08, 2.64208726009e-08, 3.77163154042e-08, 2.29148877651e-08, 2.45720936931e-08, 2.08465849028e-08, 2.15863966702e-08, 1.70132405941e-08, 1.86753723597e-08, 1.888815504e-08, 2.00216785373e-08, 1.61742548244e-08, 1.68337237483e-08, 1.87838846699e-08, 2.2181325221e-08, 2.0106094567e-08, 1.84648190071e-08, 1.73196710307e-08],
        "dmean2": [1.01875082237e-06, 7.85471172549e-07, 1.08945403099e-06, 1.53005453285e-06, 4.31111402577e-06, 0.000438605784439, 0.000361787388101, 2.40070903601e-06, 2.31967283071e-06, 8.00397447165e-06, 2.66371534963e-06, 1.42446870086e-05, 1.50897367348e-05, 4.33789864474e-07, 1.7202941649e-07, 1.45583854305e-07, 1.86384696121e-07, 1.34322505119e-07, 1.25217610503e-07, 1.28601556071e-07, 7.78526967338e-08, 8.34420461615e-08, 4.923253627e-08, 4.33089368812e-08, 6.42468194201e-08, 3.91960703894e-08, 4.3418626916e-08, 3.57288634234e-08, 3.76972941751e-08, 3.01626030819e-08, 3.34576597538e-08, 3.34021876824e-08, 3.48818502971e-08, 2.8446542899e-08, 2.77964158357e-08, 3.26905222892e-08, 3.70939261529e-08, 3.53678686338e-08, 3.11717869295e-08, 2.93082589309e-08],
        "dvar": [7.62412528943e-12, 7.52755236616e-12, 1.03840738092e-11, 3.528315487e-11, 2.85954787627e-10, 8.60862564878e-06, 6.32684668744e-06, 9.46276876301e-11, 1.570597645e-11, 2.64800098515e-10, 4.09545800051e-11, 4.35746105865e-09, 4.25363833045e-09, 1.94672338145e-12, 2.70216232609e-14, 1.65853116831e-14, 1.93236912745e-14, 6.26917925735e-15, 1.33496212606e-14, 4.89764360388e-15, 1.96448285699e-15, 2.1548179365e-15, 8.20482381885e-16, 4.68508852082e-16, 1.03204929513e-15, 4.05816952571e-16, 3.85430722415e-16, 2.94275154214e-16, 2.56946359289e-16, 1.80102153885e-16, 2.40667153666e-16, 1.96485147514e-16, 2.32315514685e-16, 1.29453395288e-16, 2.29398147926e-16, 2.13872841332e-16, 2.58702205649e-16, 3.1008311835e-16, 2.24214465108e-16, 1.86761063695e-16],
        "dvar2": [1.83186434771e-11, 1.6815488238e-11, 2.58989461821e-11, 8.93404378255e-11, 7.57814144769e-10, 9.005809261e-06, 6.31642160442e-06, 2.21158674707e-10, 4.40161622428e-11, 4.24743129557e-10, 9.27300458642e-11, 1.0324466615e-08, 9.00064378584e-09, 5.17059095193e-12, 7.91049625977e-14, 4.33430248886e-14, 5.9193488056e-14, 1.85616784123e-14, 3.89716233731e-14, 1.4827138947e-14, 5.345313222e-15, 5.28664814359e-15, 2.26013674261e-15, 1.35255248045e-15, 2.90304787859e-15, 1.21786545387e-15, 1.18089193633e-15, 8.30028866717e-16, 7.69246364757e-16, 5.4768610386e-16, 6.81605348013e-16, 5.27168689476e-16, 7.08287732884e-16, 3.82770536035e-16, 6.34393637357e-16, 6.03712886397e-16, 8.42091621738e-16, 9.81354902634e-16, 6.41836462925e-16, 5.0050006889e-16],
        "max": [3.4199008951e-05, 3.49449474015e-05, 3.99372729589e-05, 7.32043044991e-05, 0.000208200188354, 0.0338599421084, 0.0292420014739, 0.000119299744256, 3.2292882679e-05, 0.000206353026442, 7.01634053257e-05, 0.000737560214475, 0.000693815760314, 1.40092652146e-05, 1.93615233002e-06, 1.34079812142e-06, 1.22624715004e-06, 9.28995802951e-07, 1.23606253055e-06, 5.69817245832e-07, 4.95964911806e-07, 5.65957748222e-07, 2.22388564453e-07, 1.97700956051e-07, 2.18595999968e-07, 1.62625525491e-07, 1.72931834186e-07, 1.49029901308e-07, 1.19386257325e-07, 1.03878420532e-07, 1.08888912109e-07, 1.18184303233e-07, 1.33890210918e-07, 1.02650716371e-07, 1.30895685402e-07, 1.18783660241e-07, 1.35140723501e-07, 1.62280556992e-07, 1.20814590332e-07, 1.17479494577e-07],
        "mean": [7.51432651214e-07, 6.65754782858e-07, 8.19757758563e-07, 1.15926127364e-06, 3.41717372976e-06, 0.00122624449432, 0.00106431322638, 1.86357920029e-06, 2.28590033657e-06, 1.79507696885e-05, 5.05717162014e-06, 8.25131701276e-06, 1.08958502096e-05, 2.87576369828e-07, 1.85952089282e-07, 1.5403647069e-07, 2.70983605333e-07, 2.07703166666e-07, 1.37403333156e-07, 1.47511173054e-07, 1.21658402463e-07, 1.32333326519e-07, 7.88425680298e-08, 7.06109375415e-08, 8.83635848936e-08, 6.15330719711e-08, 6.0586046402e-08, 6.64784280957e-08, 6.03707377422e-08, 5.72273890498e-08, 5.48329168737e-08, 5.73009906191e-08, 6.13676931494e-08, 6.13598203358e-08, 6.33769445813e-08, 6.82195420154e-08, 7.24664417362e-08, 7.65644045941e-08, 7.58004290446e-08, 7.03014038095e-08],
        "median": [2.69154440957e-07, 1.93715891328e-07, 2.21219693231e-07, 1.36740794687e-07, 1.7908567429e-07, 0.000200754642719, 0.000189890080946, 1.31598341113e-07, 3.98835993565e-07, 6.10124914147e-07, 4.51709297522e-07, 1.57541705903e-07, 1.16682585372e-07, 1.18715085762e-07, 1.03343154478e-07, 9.01571723944e-08, 2.36736099168e-07, 1.84860141417e-07, 1.10547773602e-07, 1.32750940907e-07, 1.05642655512e-07, 1.14801018469e-07, 7.43093693245e-08, 6.46622524414e-08, 7.94395234038e-08, 5.69622571334e-08, 5.6641411561e-08, 6.39454214024e-08, 5.73024507844e-08, 5.56356241077e-08, 5.22100727096e-08, 5.589540919e-08, 6.00776033366e-08, 5.96721321244e-08, 6.26805416459e-08, 6.60500063532e-08, 7.01217928167e-08, 7.5459077209e-08, 7.61688809803e-08, 6.97758224533e-08],
        "min": [2.68281112881e-08, 1.64249751577e-08, 3.02485432258e-08, 1.51960648509e-08, 1.28125332566e-08, 2.87996559933e-08, 1.56674211382e-08, 1.89509083981e-08, 1.80551200657e-08, 2.17454072526e-08, 6.02334253585e-08, 2.2231274599e-08, 2.62230965831e-08, 1.29537127691e-08, 1.1060672378e-08, 6.23823170898e-09, 2.3076026423e-08, 7.1298615012e-08, 4.67818708216e-08, 3.52405997717e-08, 4.68965879463e-08, 3.0605050938e-08, 2.11819415341e-08, 2.65611070915e-08, 2.4729876813e-08, 1.84426713901e-08, 1.87804545249e-08, 2.95181354915e-08, 2.04324805964e-08, 1.23348593561e-08, 1.96008116404e-08, 2.70526303581e-08, 2.69044768686e-08, 2.85231713804e-08, 3.01467295571e-08, 2.94907636089e-08, 2.17342392972e-08, 1.23048939926e-08, 1.70597616034e-08, 1.39219533679e-08],
        "var": [1.19012230626e-11, 1.35291370121e-11, 1.94384456448e-11, 5.79297963765e-11, 4.78971529105e-10, 2.41138895944e-05, 1.76562898559e-05, 1.62561325512e-10, 2.40709171345e-11, 2.00526462102e-09, 1.50030904367e-10, 4.19747836489e-09, 5.53950130211e-09, 1.44941491535e-12, 6.37704610797e-14, 3.91239537783e-14, 2.42797589759e-14, 1.01311933696e-14, 1.33951314938e-14, 6.41562193657e-15, 3.54202602883e-15, 5.42721156712e-15, 1.21794158096e-15, 8.10444088548e-16, 1.41217131796e-15, 5.1986493613e-16, 5.19053478567e-16, 3.90487985566e-16, 3.51114532516e-16, 2.36998018697e-16, 2.62848405456e-16, 2.93861484498e-16, 3.16928494523e-16, 1.96443007624e-16, 2.54307931067e-16, 3.13927324442e-16, 3.74985509156e-16, 3.39381326251e-16, 2.939116712e-16, 2.57550981994e-16]
    },
    "mfcc": {
        "mean": [-863.407897949, 47.6572875977, 12.940281868, -7.99047613144, -8.24677085876, -17.5042190552, -19.198102951, -13.3319272995, -4.13854074478, 1.67172586918, 1.6524091959, 3.0457303524, 5.81370258331],
        "cov": [[865.398254395, 868.476745605, 242.360916138, -134.52394104, -349.324005127, -370.055389404, -295.807098389, -203.445648193, -156.398239136, -114.040298462, -16.4524097443, 71.7978973389, 137.654266357], [868.476745605, 925.910644531, 279.523345947, -134.108001709, -374.47442627, -405.505584717, -332.306091309, -230.208694458, -166.092758179, -109.768135071, -3.17889618874, 82.061050415, 145.694091797], [242.360916138, 279.523345947, 126.671096802, -20.2770652771, -115.445114136, -142.740203857, -129.374923706, -93.8263092041, -57.9552078247, -28.222366333, 9.74312782288, 35.8901176453, 51.983745575], [-134.52394104, -134.108001709, -20.2770652771, 74.2769241333, 89.6053009033, 77.0324859619, 49.4711799622, 25.9482517242, 11.0060844421, 10.8797149658, 0.226461663842, -8.42844200134, -15.746761322], [-349.324005127, -374.47442627, -115.445114136, 89.6053009033, 208.756546021, 217.243469238, 170.222946167, 107.825866699, 56.0465087891, 26.2032356262, -17.4520530701, -41.9757766724, -55.1385536194], [-370.055389404, -405.505584717, -142.740203857, 77.0324859619, 217.243469238, 273.288909912, 226.793548584, 150.748886108, 86.7715682983, 33.0853157043, -24.7033538818, -55.6116142273, -66.9035873413], [-295.807098389, -332.306091309, -129.374923706, 49.4711799622, 170.222946167, 226.793548584, 222.741882324, 157.300674438, 93.1930541992, 33.7863807678, -33.240020752, -64.3787689209, -68.675239563], [-203.445648193, -230.208694458, -93.8263092041, 25.9482517242, 107.825866699, 150.748886108, 157.300674438, 134.897323608, 91.0606994629, 37.8477745056, -20.5487442017, -53.0554161072, -61.223274231], [-156.398239136, -166.092758179, -57.9552078247, 11.0060844421, 56.0465087891, 86.7715682983, 93.1930541992, 91.0606994629, 99.4795150757, 60.1665115356, 9.80221652985, -30.6975154877, -56.0072784424], [-114.040298462, -109.768135071, -28.222366333, 10.8797149658, 26.2032356262, 33.0853157043, 33.7863807678, 37.8477745056, 60.1665115356, 69.9081268311, 35.5014152527, -4.10454654694, -37.7173652649], [-16.4524097443, -3.17889618874, 9.74312782288, 0.226461663842, -17.4520530701, -24.7033538818, -33.240020752, -20.5487442017, 9.80221652985, 35.5014152527, 54.100402832, 32.1478042603, 0.387045860291], [71.7978973389, 82.061050415, 35.8901176453, -8.42844200134, -41.9757766724, -55.6116142273, -64.3787689209, -53.0554161072, -30.6975154877, -4.10454654694, 32.1478042603, 52.8218994141, 37.4418144226], [137.654266357, 145.694091797, 51.983745575, -15.746761322, -55.1385536194, -66.9035873413, -68.675239563, -61.223274231, -56.0072784424, -37.7173652649, 0.387045860291, 37.4418144226, 68.3321914673]],
