{
"lowlevel": {
    "average_loudness": 0.975095808506,
    "barkbands_crest": {
        "dmean": 0.951688766479,
        "dmean2": 1.57945287228,
        "dvar": 0.514240026474,
        "dvar2": 1.20632016659,
        "max": 12.4312362671,
        "mean": 8.39066791534,
        "median": 8.26790428162,
        "min": 5.36857318878,
        "var": 1.78829586506
    },
    "barkbands_flatness_db": {
        "dmean": 0.00879584718496,
        "dmean2": 0.0140490708873,
        "dvar": 5.46603114344e-05,
        "dvar2": 0.00013452663552,
        "max": 0.219790920615,
        "mean": 0.17460565269,
        "median": 0.174572661519,
        "min": 0.132683932781,
        "var": 0.000397861062083
    },
    "barkbands_kurtosis": {
        "dmean": 1.06652700901,
        "dmean2": 1.58553624153,
        "dvar": 0.906070709229,
        "dvar2": 1.8974199295,
        "max": 16.2435188293,
        "mean": 3.87956190109,
        "median": 3.46781921387,
        "min": -0.242761850357,
        "var": 5.95348978043
    },
    "barkbands_skewness": {
        "dmean": 0.195174857974,
        "dmean2": 0.302925825119,
        "dvar": 0.0244208276272,
        "dvar2": 0.0537335276604,
        "max": 3.58043789864,
        "mean": 1.76548802853,
        "median": 1.70379579067,
        "min": 0.779599130154,
        "var": 0.286205261946
    },
    "barkbands_spread": {
        "dmean": 2.00490498543,
        "dmean2": 2.80538988113,
        "dvar": 2.92397379875,
        "dvar2": 6.37716150284,
        "max": 29.9764175415,
        "mean": 15.5441198349,
        "median": 14.8450155258,
        "min": 8.40703773499,
        "var": 16.355638504
    },
    "dissonance": {
        "dmean": 0.0187742169946,
        "dmean2": 0.0312195215374,
        "dvar": 0.000275082333246,
        "dvar2": 0.00075998128159,
        "max": 0.49432682991,
        "mean": 0.44902792573,
        "median": 0.449166417122,
        "min": 0.380380749702,
        "var": 0.000493465166073
    },
    "dynamic_complexity": 1.33642113209,
    "erbbands_crest": {
        "dmean": 1.31142282486,
        "dmean2": 1.84867334366,
        "dvar": 0.978423535824,
        "dvar2": 2.24325013161,
        "max": 24.6711559296,
        "mean": 16.0955810547,
        "median": 17.0541419983,
        "min": 5.439889431,
        "var": 22.137544632
    },
    "erbbands_flatness_db": {
        "dmean": 0.00521274702623,
        "dmean2": 0.00766452215612,
        "dvar": 2.20214988076e-05,
        "dvar2": 4.53069405921e-05,
        "max": 0.235552400351,
        "mean": 0.190284535289,
        "median": 0.188771054149,
        "min": 0.123970247805,
        "var": 0.000501277158037
    },
    "erbbands_kurtosis": {
        "dmean": 0.333857029676,
        "dmean2": 0.482004016638,
        "dvar": 0.125442147255,
        "dvar2": 0.292419582605,
        "max": 3.15140724182,
        "mean": -0.297362595797,
        "median": -0.433603525162,
        "min": -1.52605986595,
        "var": 0.772230327129
    },
    "erbbands_skewness": {
        "dmean": 0.154522806406,
        "dmean2": 0.223486214876,
        "dvar": 0.0130835352466,
        "dvar2": 0.0316520817578,
        "max": 1.3430211544,
        "mean": 0.448503792286,
        "median": 0.444783180952,
        "min": -0.314825624228,
        "var": 0.0918768495321
    },
    "erbbands_spread": {
        "dmean": 3.27090787888,
        "dmean2": 4.9121837616,
        "dvar": 6.29497003555,
        "dvar2": 16.4898891449,
        "max": 68.1728820801,
        "mean": 38.6946411133,
        "median": 35.8443069458,
        "min": 17.5237140656,
        "var": 147.635543823
    },
    "hfc": {
        "dmean": 1.86370933056,
        "dmean2": 2.65293836594,
        "dvar": 3.02475428581,
        "dvar2": 6.28552865982,
        "max": 35.2054100037,
        "mean": 19.4605197906,
        "median": 17.4907512665,
        "min": 6.10343933105,
        "var": 37.9833717346
    },
    "melbands_crest": {
        "dmean": 1.5605802536,
        "dmean2": 2.48767256737,
        "dvar": 1.53837633133,
        "dvar2": 3.68679451942,
        "max": 21.230556488,
        "mean": 15.3685064316,
        "median": 15.8547401428,
        "min": 8.54328632355,
        "var": 8.02812004089
    },
    "melbands_flatness_db": {
        "dmean": 0.0106333643198,
        "dmean2": 0.0173552911729,
        "dvar": 8.19295601104e-05,
        "dvar2": 0.000198030509637,
        "max": 0.323752462864,
        "mean": 0.280757457018,
        "median": 0.285038352013,
        "min": 0.22997097671,
        "var": 0.000498388602864
    },
    "melbands_kurtosis": {
        "dmean": 2.29527807236,
        "dmean2": 3.54564595222,
        "dvar": 5.94850063324,
        "dvar2": 12.7417106628,
        "max": 52.1246948242,
        "mean": 11.4100856781,
        "median": 8.51069641113,
        "min": 2.03876066208,
        "var": 70.8524856567
    },
    "melbands_skewness": {
        "dmean": 0.275934547186,
        "dmean2": 0.423447847366,
        "dvar": 0.047857709229,
        "dvar2": 0.118809908628,
        "max": 6.10374689102,
        "mean": 2.76819348335,
        "median": 2.4964530468,
        "min": 1.07566928864,
        "var": 1.04070365429
    },
    "melbands_spread": {
        "dmean": 2.07605624199,
        "dmean2": 3.04576635361,
        "dvar": 3.35345387459,
        "dvar2": 7.87871599197,
        "max": 30.8452014923,
        "mean": 14.7011432648,
        "median": 13.3531246185,
        "min": 5.20010185242,
        "var": 23.4384155273
    },
    "pitch_salience": {
        "dmean": 0.0337247475982,
        "dmean2": 0.0526774674654,
        "dvar": 0.00112735747825,
        "dvar2": 0.00279872841202,
        "max": 0.752528131008,
        "mean": 0.431993573904,
        "median": 0.423548907042,
        "min": 0.331914961338,
        "var": 0.00253902003169
    },
    "silence_rate_20dB": {
        "dmean": 0,
        "dmean2": 0,
        "dvar": 0,
        "dvar2": 0,
        "max": 1,
        "mean": 1,
        "median": 1,
        "min": 1,
        "var": 0
    },
    "silence_rate_30dB": {
        "dmean": 0,
        "dmean2": 0,
        "dvar": 0,
        "dvar2": 0,
        "max": 1,
        "mean": 1,
        "median": 1,
        "min": 1,
        "var": 0
    },
    "silence_rate_60dB": {
        "dmean": 0,
        "dmean2": 0,
        "dvar": 0,
        "dvar2": 0,
        "max": 0,
        "mean": 0,
        "median": 0,
        "min": 0,
        "var": 0
    },
    "spectral_centroid": {
        "dmean": 118.472160339,
        "dmean2": 172.550369263,
        "dvar": 10324.1416016,
        "dvar2": 20509.9179688,
        "max": 1716.17004395,
        "mean": 989.453735352,
        "median": 957.139709473,
        "min": 565.007995605,
        "var": 55627.9609375
    },
    "spectral_complexity": {
        "dmean": 1.95517241955,
        "dmean2": 3.1245675087,
        "dvar": 2.27730154991,
        "dvar2": 5.89451360703,
        "max": 20,
        "mean": 14.7250862122,
        "median": 15,
        "min": 7,
        "var": 4.24745035172
    },
    "spectral_decrease": {
        "dmean": 1.35585942473e-09,
        "dmean2": 2.15482387489e-09,
        "dvar": 1.68715469709e-18,
        "dvar2": 3.79427829696e-18,
        "max": -3.96299171257e-09,
        "mean": -1.08894475659e-08,
        "median": -1.01685744269e-08,
        "min": -2.08470201102e-08,
        "var": 1.40596153413e-17
    },
    "spectral_energy": {
        "dmean": 0.00521594285965,
        "dmean2": 0.00828683841974,
        "dvar": 2.51503242907e-05,
        "dvar2": 5.64776455576e-05,
        "max": 0.0815175846219,
        "mean": 0.0428644008934,
        "median": 0.0397149585187,
        "min": 0.0155108468607,
        "var": 0.000213813735172
    },
    "spectral_energyband_high": {
        "dmean": 0.000138663715916,
        "dmean2": 0.000219682347961,
        "dvar": 1.37332838435e-08,
        "dvar2": 3.74372923773e-08,
        "max": 0.00111438159365,
        "mean": 0.000402157835197,
        "median": 0.000386537489248,
        "min": 0.000134968853672,
        "var": 2.46188314179e-08
    },
    "spectral_energyband_low": {
        "dmean": 0.00282566947863,
        "dmean2": 0.00470901373774,
        "dvar": 5.76943421038e-06,
        "dvar2": 1.49448042066e-05,
        "max": 0.023239813745,
        "mean": 0.00910080131143,
        "median": 0.00877531431615,
        "min": 0.00314330961555,
        "var": 9.81996527116e-06
    },
    "spectral_energyband_middle_high": {
        "dmean": 0.000657914439216,
        "dmean2": 0.000936906435527,
        "dvar": 3.01810359815e-07,
        "dvar2": 7.08760524049e-07,
        "max": 0.00652047572657,
        "mean": 0.00281614135019,
        "median": 0.00261865649372,
        "min": 0.00105182803236,
        "var": 1.14786348604e-06
    },
    "spectral_energyband_middle_low": {
        "dmean": 0.00388771574944,
        "dmean2": 0.00599694205448,
        "dvar": 1.76628727786e-05,
        "dvar2": 3.53765462933e-05,
        "max": 0.0677224546671,
        "mean": 0.0316762141883,
        "median": 0.0281964503229,
        "min": 0.00824546534568,
        "var": 0.00018382993585
    },
    "spectral_entropy": {
        "dmean": 0.0623551085591,
        "dmean2": 0.0955035313964,
        "dvar": 0.00401141121984,
        "dvar2": 0.00817216932774,
        "max": 7.53589868546,
        "mean": 7.1111240387,
        "median": 7.14404582977,
        "min": 6.75703763962,
        "var": 0.024334423244
    },
    "spectral_flux": {
        "dmean": 0.0107794646174,
        "dmean2": 0.0180087834597,
        "dvar": 0.000103912636405,
        "dvar2": 0.000203683812288,
        "max": 0.152969092131,
        "mean": 0.0514568388462,
        "median": 0.0495774149895,
        "min": 0.0291680041701,
        "var": 0.000181177849299
    },
    "spectral_kurtosis": {
        "dmean": 1.49688076973,
        "dmean2": 2.64440011978,
        "dvar": 1.57008969784,
        "dvar2": 4.84448385239,
        "max": 15.4174995422,
        "mean": 6.06218385696,
        "median": 5.8140630722,
        "min": 3.71953868866,
        "var": 2.00599980354
    },
    "spectral_rms": {
        "dmean": 0.000393889058614,
        "dmean2": 0.000629729358479,
        "dvar": 1.29066350496e-07,
        "dvar2": 2.89510722951e-07,
        "max": 0.00891792308539,
        "mean": 0.00637448113412,
        "median": 0.00622465275228,
        "min": 0.00389005569741,
        "var": 1.18493130685e-06
    },
    "spectral_rolloff": {
        "dmean": 72.1733551025,
        "dmean2": 135.532440186,
        "dvar": 35127.859375,
        "dvar2": 100864.101562,
        "max": 1937.98828125,
        "mean": 658.945007324,
        "median": 689.0625,
        "min": 193.798828125,
        "var": 47549.7695312
    },
    "spectral_skewness": {
        "dmean": 0.176859274507,
        "dmean2": 0.298736929893,
        "dvar": 0.0289315264672,
        "dvar2": 0.0654234066606,
        "max": 3.37423920631,
        "mean": 1.3536823988,
        "median": 1.32277476788,
        "min": 0.946250617504,
        "var": 0.0471847727895
    },
    "spectral_spread": {
        "dmean": 143592.546875,
        "dmean2": 228822.609375,
        "dvar": 95264350208,
        "dvar2": 107438014464,
        "max": 8317959.5,
        "mean": 3398283.75,
        "median": 3380595.25,
        "min": 3000123.75,
        "var": 112725221376
    },
    "spectral_strongpeak": {
        "dmean": 0.185721948743,
        "dmean2": 0.334720164537,
        "dvar": 0.160650730133,
        "dvar2": 0.40532875061,
        "max": 3.17132043839,
        "mean": 1.34043037891,
        "median": 1.20014488697,
        "min": 0.0415672883391,
        "var": 0.455237418413
    },
    "zerocrossingrate": {
        "dmean": 0.00391466869041,
        "dmean2": 0.00531533826143,
        "dvar": 1.01820487544e-05,
        "dvar2": 1.8185166482e-05,
        "max": 0.056640625,
        "mean": 0.0347636118531,
        "median": 0.03466796875,
        "min": 0.01416015625,
        "var": 9.44333005464e-05
    },
    "barkbands": {
        "dmean": [0.000397997093387, 0.00174419081304, 0.00135002378374, 0.00248986342922, 0.00217710947618, 0.000116150826216, 4.88204677822e-05, 0.000170392173459, 0.000512979691848, 2.06291606446e-05, 2.47342286457e-05, 2.34833241848e-05, 6.84787155478e-05, 0.000413034780649, 1.45069079736e-05, 1.29702693812e-05, 0.000107200627099, 0.000353076902684, 6.35458200122e-05, 4.03377562179e-05, 0.000129865074996, 1.56625537784e-06, 9.20627996948e-07, 5.60026364838e-07, 5.03844262312e-07, 4.79367258777e-07, 2.42538021666e-06],
        "dmean2": [0.000583490589634, 0.00293719535694, 0.00221277656965, 0.00387067813426, 0.00307121803053, 0.000190896811546, 8.43308589538e-05, 0.000315709010465, 0.000539703236427, 3.11198673444e-05, 3.88072076021e-05, 3.58877259714e-05, 0.000105824197817, 0.000643187086098, 2.45023984462e-05, 2.07239554584e-05, 0.000150668856804, 0.000516983389389, 0.000107058658614, 6.62825987092e-05, 0.000208911747904, 2.65446033154e-06, 1.56050145961e-06, 9.18618582091e-07, 8.38123526137e-07, 7.81977917086e-07, 4.22969651481e-06],
        "dvar": [9.55790895318e-08, 1.9885853817e-06, 1.26882844143e-06, 5.83013843425e-06, 4.19570278609e-06, 1.33303119654e-08, 2.12405493194e-09, 3.6372590273e-08, 5.01379133766e-07, 7.21808834925e-10, 4.58082155541e-10, 4.58432070083e-10, 5.09242381597e-09, 2.32090599184e-07, 1.30439048451e-10, 1.06830308488e-10, 8.4549416357e-09, 1.41517588759e-07, 2.38317521273e-09, 1.11290399119e-09, 1.36006406137e-08, 1.66597020467e-12, 5.12469352978e-13, 5.29432563328e-13, 2.47440360302e-13, 1.87109632259e-13, 3.45092183995e-12],
        "dvar2": [2.036182849e-07, 5.9419576246e-06, 3.38565814673e-06, 1.34020383484e-05, 7.80994650995e-06, 2.94276265578e-08, 5.8289293392e-09, 1.17441040004e-07, 5.7888343008e-07, 1.21480914217e-09, 1.14972331655e-09, 8.81032580224e-10, 1.15624851915e-08, 5.21127674347e-07, 3.90057375288e-10, 2.74175515624e-10, 1.65121569751e-08, 2.47693122901e-07, 5.84003601034e-09, 2.70286193427e-09, 3.57247174065e-08, 4.51797019935e-12, 1.35951569013e-12, 1.44680524072e-12, 5.9986596853e-13, 4.80536237971e-13, 1.05913064777e-11],
        "max": [0.0032473821193, 0.0104030817747, 0.00726207345724, 0.0254911780357, 0.0236932765692, 0.00117311591748, 0.000361438927939, 0.00113657151815, 0.0226539336145, 0.00040894644917, 0.000221241512918, 0.000168399346876, 0.000788194476627, 0.0044945073314, 0.000108127278509, 0.000107158652099, 0.0013458665926, 0.00350783788599, 0.00052609317936, 0.000409924396081, 0.000977607211098, 1.39576522997e-05, 7.62939725973e-06, 1.15429438665e-05, 8.40996654006e-06, 7.2215379987e-06, 2.5966344765e-05],
        "mean": [0.00182769016828, 0.0038989696186, 0.00223484262824, 0.0116244619712, 0.0105613330379, 0.000347477063769, 7.61663395679e-05, 0.00020227477944, 0.00885608885437, 5.25854666193e-05, 5.51267694391e-05, 6.27406770946e-05, 0.000151869928231, 0.000977586722001, 3.78800032195e-05, 4.30890759162e-05, 0.000460678013042, 0.000674314389471, 0.000238731474383, 0.000165522738826, 0.000267418246949, 7.15812848284e-06, 3.9874007598e-06, 2.31014155361e-06, 2.11886617763e-06, 2.70701752925e-06, 1.89509337361e-05],
        "median": [0.00181016058195, 0.00377636123449, 0.00196742126718, 0.0123011497781, 0.0103147113696, 0.000316284829751, 6.29217392998e-05, 0.00013528848649, 0.00725724780932, 4.65366611024e-05, 5.025489736e-05, 5.48539901501e-05, 0.000118363881484, 0.000794721650891, 3.55075935659e-05, 3.92979054595e-05, 0.000405410712119, 0.000464521261165, 0.000228097720537, 0.000157738249982, 0.000239046639763, 6.91524428476e-06, 3.9296455725e-06, 2.15467161979e-06, 2.00134149964e-06, 2.64344498646e-06, 1.89107031474e-05],
        "min": [0.000661694211885, 0.000941107515246, 7.6303818787e-05, 0.00128620513715, 0.000890298862942, 5.46101691725e-05, 7.25735981177e-06, 9.363206118e-06, 0.000790215330198, 1.08446502054e-05, 8.99951373867e-06, 1.05909075501e-05, 2.06671429623e-05, 0.000100723162177, 9.31971408136e-06, 1.29583968373e-05, 6.29628266324e-05, 6.27229019301e-05, 7.47581652831e-05, 7.79514593887e-05, 5.45184302609e-05, 3.83766973755e-06, 2.15104205381e-06, 1.013245992e-06, 1.10168127776e-06, 1.60287959261e-06, 1.07807118184e-05],
        "var": [2.45476400096e-07, 2.45381579589e-06, 2.14368265006e-06, 3.156830644e-05, 2.78961360891e-05, 2.49549678699e-08, 3.25914117916e-09, 3.52779601087e-08, 2.93563152809e-05, 1.0149240337e-09, 7.76614383913e-10, 1.12402331887e-09, 1.29092478929e-08, 4.97239682318e-07, 1.99802493994e-10, 3.22982973699e-10, 6.92880277597e-08, 3.68999650391e-07, 5.29642951719e-09, 2.42433895181e-09, 2.25173089063e-08, 2.72572828024e-12, 7.85909098217e-13, 8.16916575618e-13, 4.3068960941e-13, 2.90733664357e-13, 4.86977645708e-12]
    },
    "erbbands": {
        "dmean": [0.0944733917713, 0.259648174047, 1.4216940403, 3.75907540321, 11.8245239258, 3.38176417351, 1.49542760849, 0.991572916508, 0.508742570877, 3.22088742256, 1.81249833107, 15.0354185104, 2.74941158295, 0.88663738966, 1.37517261505, 0.688288271427, 3.65126371384, 20.4473781586, 5.59566307068, 0.799602210522, 1.1403157711, 9.89343070984, 15.7041149139, 3.27229499817, 2.1260330677, 1.96900320053, 8.14135551453, 0.637086689472, 0.0676202997565, 0.0415592379868, 0.0233537424356, 0.0117727993056, 0.0109378574416, 0.00718857580796, 0.00257858005352, 0.00137727800757, 0.00114974717144, 0.000767650490161, 0.000332017836627, 5.35139988642e-05],
        "dmean2": [0.156087994576, 0.450756460428, 2.30780386925, 5.72005033493, 18.4108295441, 4.08578538895, 2.48076272011, 1.6177752018, 0.84482306242, 5.76197910309, 3.10445785522, 15.7905883789, 3.00472307205, 1.34218299389, 2.1071460247, 1.02098715305, 5.46176433563, 31.5742111206, 8.62009429932, 1.30334198475, 1.81885755062, 13.7628326416, 22.6673812866, 5.88342285156, 3.09454846382, 3.21515846252, 13.1232290268, 0.990579664707, 0.112163096666, 0.0702586993575, 0.0406850837171, 0.0195499230176, 0.0178750958294, 0.011885073036, 0.00417780969292, 0.00228613056242, 0.00192435539793, 0.00134177820291, 0.000583872257266, 9.43921186263e-05],
        "dvar": [0.00524186203256, 0.0673093423247, 1.40034222603, 12.8711462021, 144.989273071, 8.68384647369, 2.03929591179, 0.859336197376, 0.361312866211, 12.3198423386, 3.56197047234, 541.421203613, 7.8879199028, 0.52864253521, 1.28239190578, 0.396173894405, 15.2352876663, 609.417358398, 29.1769695282, 0.350376844406, 0.804966628551, 86.4546508789, 278.780792236, 5.97701978683, 3.54142403603, 2.5102045536, 54.0871963501, 0.255665332079, 0.0029038102366, 0.000946961692534, 0.000348307017703, 0.000154389228555, 0.000200004535145, 4.42844648205e-05, 1.50073910845e-05, 3.35812205776e-06, 8.92222658422e-07, 3.86035281963e-07, 6.86014587359e-08, 1.67338964907e-09],
        "dvar2": [0.0155449165031, 0.182390809059, 3.66749310493, 28.756193161, 292.298950195, 14.8304462433, 5.39018249512, 1.76876270771, 0.972097933292, 38.3185348511, 11.3546152115, 618.244934082, 9.0434961319, 1.34928119183, 3.14527344704, 0.78299087286, 34.576461792, 1323.87841797, 69.9524993896, 0.993612527847, 2.10416579247, 145.385116577, 472.743408203, 18.9358406067, 7.04906845093, 6.33867454529, 141.911437988, 0.6755438447, 0.00744753144681, 0.00271367584355, 0.00105285318568, 0.000397707452066, 0.000565195921808, 0.000122222205391, 3.37632191076e-05, 8.31216675579e-06, 2.34502681451e-06, 1.14997601486e-06, 1.90517326359e-07, 4.77745976113e-09],
        "max": [0.496941953897, 1.8646286726, 8.25085544586, 37.960723877, 153.209533691, 31.0191879272, 15.5132398605, 10.0493707657, 5.48937797546, 24.8166179657, 35.3256607056, 695.374206543, 105.120048523, 8.81602573395, 11.940864563, 7.56998586655, 43.0317764282, 220.895324707, 55.4726676941, 5.36781835556, 12.1716585159, 127.529907227, 161.423599243, 22.779794693, 25.9109859467, 18.8759269714, 62.3280601501, 4.77339458466, 0.587300360203, 0.365736395121, 0.176999256015, 0.187187448144, 0.217027306557, 0.0814702138305, 0.073144108057, 0.0324938222766, 0.0112686641514, 0.00657026236877, 0.00315867247991, 0.000550617754925],
        "mean": [0.23551261425, 0.437386423349, 2.55737137794, 15.1373462677, 70.5543518066, 11.0790500641, 3.77420759201, 2.76037788391, 1.17219078541, 4.1636595726, 13.5157575607, 274.279602051, 40.1892738342, 3.71597552299, 2.87861037254, 2.75124454498, 8.87983036041, 44.5796852112, 15.8515605927, 2.71886086464, 5.97038602829, 34.500629425, 32.3543548584, 10.1217498779, 10.0054931641, 8.4980802536, 18.0699520111, 2.12687206268, 0.337354511023, 0.191390529275, 0.0978726148605, 0.0449817813933, 0.0427006334066, 0.0275434423238, 0.0120565621182, 0.00707217119634, 0.00540689006448, 0.00421797763556, 0.00214965059422, 0.00041055015754],
        "median": [0.2270475775, 0.379479289055, 2.22197461128, 15.722869873, 72.0283355713, 9.67468261719, 3.26735782623, 2.58926892281, 0.951450943947, 3.0416097641, 11.9134492874, 225.511001587, 33.2991600037, 3.61770677567, 2.51732969284, 2.6320874691, 6.9966135025, 33.0467071533, 14.288731575, 2.61187243462, 6.0531411171, 29.9243335724, 22.7171115875, 9.75950241089, 9.27475070953, 8.18556022644, 16.3326377869, 2.00880432129, 0.323456317186, 0.191288292408, 0.094988591969, 0.0423542670906, 0.0403356552124, 0.0258809365332, 0.0115082962438, 0.00684193428606, 0.00528366863728, 0.004141157493, 0.00215119333006, 0.00040864298353],
        "min": [0.0689168870449, 0.0757112428546, 0.244897738099, 2.93547272682, 8.29825305939, 1.34582817554, 0.373604595661, 0.490949213505, 0.259366333485, 0.468541651964, 1.92499303818, 20.8534183502, 5.49768877029, 1.16052484512, 0.605374634266, 0.664323508739, 1.56982135773, 4.45803403854, 2.0662112236, 1.05083763599, 1.71346139908, 5.0905456543, 3.87854075432, 3.11566257477, 4.02002382278, 3.6213145256, 4.10343980789, 0.764319300652, 0.209957450628, 0.118082150817, 0.0560998506844, 0.020220855251, 0.0190063677728, 0.0117892557755, 0.00649928301573, 0.00387926748954, 0.00318871275522, 0.00273850327358, 0.00106629589573, 0.000212254948565],
        "var": [0.00708538899198, 0.0706393569708, 2.43543410301, 52.5474739075, 1136.61303711, 41.0868797302, 4.05879449844, 1.5054320097, 0.547926604748, 12.4349708557, 55.9196929932, 28120.7246094, 594.505432129, 1.6830637455, 2.42370200157, 1.35361194611, 38.8454666138, 1335.08837891, 73.2727203369, 0.684897661209, 4.70418024063, 438.993469238, 808.100280762, 8.57503032684, 9.87748432159, 5.15290403366, 88.6653518677, 0.530908465385, 0.00499454000965, 0.00164658844005, 0.000455969537143, 0.00025920686312, 0.000282861088635, 7.60175826144e-05, 2.24423129112e-05, 4.11975861425e-06, 1.42354235777e-06, 4.82752511743e-07, 9.18788813919e-08, 2.63154831259e-09]
    },
    "gfcc": {
        "mean": [4.01679897308, 114.305938721, -107.479988098, 31.221622467, -15.4283838272, -21.0522994995, -2.23837900162, 5.15468549728, -22.4593830109, -11.1928520203, -30.4278812408, -28.4214420319, -12.7915678024],
        "cov": [[51.1072998047, 34.2558822632, -11.0863695145, -1.46317279339, 5.56789302826, -8.31363105774, -9.40735435486, -6.49670696259, 3.21847105026, -4.84797716141, -12.6805858612, -17.5231132507, -10.3130159378], [34.2558822632, 53.9930915833, 7.82519721985, -12.0212879181, 0.829712748528, -8.19388771057, -6.4094619751, -8.98208141327, 8.59906864166, -1.00296711922, -14.2205705643, -19.8799629211, -13.0842046738], [-11.0863695145, 7.82519721985, 42.8036651611, 16.97615242, -0.720644950867, 7.62540817261, -0.882278680801, -3.48227620125, -6.40729618073, -0.190467000008, 4.90702581406, 6.5923743248, 3.64103031158], [-1.46317279339, -12.0212879181, 16.97615242, 47.9515762329, 24.370672226, 3.80936026573, -5.94625711441, -5.15802335739, -13.2680521011, -11.291349411, 4.17953681946, 12.171754837, 5.33617973328], [5.56789302826, 0.829712748528, -0.720644950867, 24.370672226, 38.9367294312, 7.5121884346, -14.3018264771, -9.62636089325, -7.79580497742, -10.8795442581, 0.33223977685, 3.87949728966, -6.97131156921], [-8.31363105774, -8.19388771057, 7.62540817261, 3.80936026573, 7.5121884346, 23.3814926147, 1.65876364708, -6.12478780746, -5.91101884842, 6.025411129, 7.00284147263, 2.6492536068, 1.34269011021], [-9.40735435486, -6.4094619751, -0.882278680801, -5.94625711441, -14.3018264771, 1.65876364708, 25.5585441589, 16.262960434, 6.93462228775, 6.01160526276, -0.993760704994, -0.748195588589, 3.79423284531], [-6.49670696259, -8.98208141327, -3.48227620125, -5.15802335739, -9.62636089325, -6.12478780746, 16.262960434, 38.4765892029, 12.2071647644, -9.68278694153, -0.107106693089, 8.65448570251, 1.00429940224], [3.21847105026, 8.59906864166, -6.40729618073, -13.2680521011, -7.79580497742, -5.91101884842, 6.93462228775, 12.2071647644, 20.8757247925, 8.74050998688, -4.10393428802, -6.63790798187, -4.80979299545], [-4.84797716141, -1.00296711922, -0.190467000008, -11.291349411, -10.8795442581, 6.025411129, 6.01160526276, -9.68278694153, 8.74050998688, 35.3590431213, 10.1384468079, -5.00480270386, 2.43258595467], [-12.6805858612, -14.2205705643, 4.90702581406, 4.17953681946, 0.33223977685, 7.00284147263, -0.993760704994, -0.107106693089, -4.10393428802, 10.1384468079, 24.1119709015, 18.6398334503, 2.04026484489], [-17.5231132507, -19.8799629211, 6.5923743248, 12.171754837, 3.87949728966, 2.6492536068, -0.748195588589, 8.65448570251, -6.63790798187, -5.00480270386, 18.6398334503, 31.8154964447, 6.70422172546], [-10.3130159378, -13.0842046738, 3.64103031158, 5.33617973328, -6.97131156921, 1.34269011021, 3.79423284531, 1.00429940224, -4.80979299545, 2.43258595467, 2.04026484489, 6.70422172546, 20.2930412292]],
        "icov": [[0.0742355957627, -0.0666045621037, 0.0536740161479, -0.0476196631789, 0.0330478362739, -0.0202735047787, 0.0346881374717, -0.0287126675248, 0.0262258630246, -0.0133346160874, 0.00401785550639, 0.0118133053184, 0.00881162006408], [-0.0666045621037, 0.102471843362, -0.0716577768326, 0.061117824167, -0.0441959835589, 0.037056826055, -0.0343637429178, 0.040898039937, -0.0406397357583, 0.0207452941686, -0.000927857181523, 0.00399846816435, 0.00242666713893], [0.0536740161479, -0.0716577768326, 0.0866888985038, -0.0662211477757, 0.0541003160179, -0.0420591086149, 0.0355339385569, -0.0282315127552, 0.0266149546951, -0.01487604063, 0.00623656529933, -0.00455269077793, 0.00802423339337], [-0.0476196631789, 0.061117824167, -0.0662211477757, 0.0943077877164, -0.0719332247972, 0.0413670837879, -0.0415015853941, 0.0278157386929, -0.0103988014162, 0.0162907224149, -0.00827654823661, -0.00393139431253, -0.0210632029921], [0.0330478362739, -0.0441959835589, 0.0541003160179, -0.0719332247972, 0.0994675010443, -0.052189361304, 0.0489616841078, -0.0142471501604, 0.0058244257234, -0.00164109736215, 0.0157476849854, -0.0104801915586, 0.0301378760487], [-0.0202735047787, 0.037056826055, -0.0420591086149, 0.0413670837879, -0.052189361304, 0.0872053876519, -0.0369652509689, 0.0176026765257, 0.00754843326285, -0.00175566540565, -0.0215095411986, 0.0138710960746, -0.00782040506601], [0.0346881374717, -0.0343637429178, 0.0355339385569, -0.0415015853941, 0.0489616841078, -0.0369652509689, 0.105364851654, -0.0617940872908, 0.0274255163968, -0.038561925292, 0.0302809514105, 0.00236512487754, 0.00993032939732], [-0.0287126675248, 0.040898039937, -0.0282315127552, 0.0278157386929, -0.0142471501604, 0.0176026765257, -0.0617940872908, 0.102193258703, -0.0812535881996, 0.0634218975902, -0.0262414794415, -0.0135735636577, -0.00977251306176], [0.0262258630246, -0.0406397357583, 0.0266149546951, -0.0103988014162, 0.0058244257234, 0.00754843326285, 0.0274255163968, -0.0812535881996, 0.152675256133, -0.0806646049023, 0.0459009110928, -0.00476672034711, 0.0282950717956], [-0.0133346160874, 0.0207452941686, -0.01487604063, 0.0162907224149, -0.00164109736215, -0.00175566540565, -0.038561925292, 0.0634218975902, -0.0806646049023, 0.105896137655, -0.0799828991294, 0.0371237844229, -0.0274279620498], [0.00401785550639, -0.000927857181523, 0.00623656529933, -0.00827654823661, 0.0157476849854, -0.0215095411986, 0.0302809514105, -0.0262414794415, 0.0459009110928, -0.0799828991294, 0.162006005645, -0.0952507629991, 0.0406180508435], [0.0118133053184, 0.00399846816435, -0.00455269077793, -0.00393139431253, -0.0104801915586, 0.0138710960746, 0.00236512487754, -0.0135735636577, -0.00476672034711, 0.0371237844229, -0.0952507629991, 0.113144360483, -0.0272392053157], [0.00881162006408, 0.00242666713893, 0.00802423339337, -0.0210632029921, 0.0301378760487, -0.00782040506601, 0.00993032939732, -0.00977251306176, 0.0282950717956, -0.0274279620498, 0.0406180508435, -0.0272392053157, 0.0838269516826]]
    },
    "melbands": {
        "dmean": [0.000620253384113, 0.000562976521906, 0.000961483048741, 0.000552166195121, 5.44698268641e-05, 2.06773129321e-05, 7.82838287705e-06, 3.95629249397e-05, 1.33414741867e-05, 9.88962201518e-05, 1.13235919343e-05, 3.75925515073e-06, 3.91670482713e-06, 3.04883428726e-06, 4.39356381321e-06, 6.86270186634e-06, 4.70679078717e-05, 1.25598426166e-05, 1.19766968965e-06, 9.95377945401e-07, 1.66151357917e-06, 6.54756104268e-06, 3.46004744642e-05, 1.53632993261e-06, 3.0647352105e-06, 2.63152014668e-06, 1.09522375169e-06, 1.46083971231e-06, 6.66836194796e-06, 1.63495724337e-06, 9.79349863428e-08, 4.58066082842e-08, 3.18494493001e-08, 2.59404107084e-08, 1.8204895369e-08, 8.27485013843e-09, 8.87298057251e-09, 6.22403906192e-09, 1.4156010586e-08, 4.35016422884e-09],
        "dmean2": [0.00102078600321, 0.000927402055822, 0.00149888743181, 0.000803831615485, 8.39566491777e-05, 3.38119461958e-05, 1.29965801534e-05, 7.15850837878e-05, 2.151776971e-05, 0.000103820028016, 1.24577527458e-05, 5.63568210055e-06, 5.99663371759e-06, 4.64988443127e-06, 6.93396896168e-06, 1.05463113869e-05, 7.27874139557e-05, 1.98494544748e-05, 1.96892233362e-06, 1.70585667547e-06, 2.67216432803e-06, 1.05845183498e-05, 4.92234648846e-05, 2.54519522969e-06, 5.64391893931e-06, 3.93445498048e-06, 1.76679873221e-06, 2.43781187237e-06, 1.09124230221e-05, 2.64077175416e-06, 1.66060999618e-07, 7.79244047067e-08, 5.40809779181e-08, 4.30473825475e-08, 3.18177555414e-08, 1.42961926741e-08, 1.45250345085e-08, 1.064200017e-08, 2.33028050189e-08, 7.26140347851e-09],
        "dvar": [2.21753424512e-07, 2.45972870516e-07, 9.50344428929e-07, 2.99001726489e-07, 2.14599782389e-09, 3.83327064535e-10, 7.71868333138e-11, 1.92383908804e-09, 2.12559012058e-10, 2.31689814001e-08, 1.41774619822e-10, 9.65816576021e-12, 1.05438019427e-11, 7.10361413789e-12, 2.10612378232e-11, 4.53284042246e-11, 3.23357363108e-09, 1.44898884558e-10, 9.60220835136e-13, 6.66143843645e-13, 1.99759414739e-12, 3.30962410255e-11, 1.38458577936e-09, 1.6647471162e-12, 5.15111260938e-12, 5.52970863543e-12, 8.07542455215e-13, 1.50523582314e-12, 3.86024892607e-11, 1.836765115e-12, 5.44394851464e-15, 1.51276452726e-15, 5.6503201513e-16, 3.71966842551e-16, 2.14856855388e-16, 4.42230210759e-17, 1.01761836834e-16, 1.06866480891e-16, 1.65912856476e-16, 1.55372014521e-17],
        "dvar2": [6.700497579e-07, 6.50006541036e-07, 2.11316455534e-06, 5.52583173885e-07, 5.92104232311e-09, 7.86058385049e-10, 2.07781722383e-10, 6.09281691766e-09, 5.65776148154e-10, 2.64807660244e-08, 1.56455237654e-10, 2.41343403595e-11, 2.87827556927e-11, 1.39999218815e-11, 5.15632432585e-11, 1.00367360256e-10, 7.05647185129e-09, 3.50551976336e-10, 2.62212994373e-12, 1.79532777533e-12, 4.95450425478e-12, 8.01595595457e-11, 2.241287822e-09, 4.16847285856e-12, 1.69077443019e-11, 1.1114355096e-11, 1.88038473681e-12, 3.41877936551e-12, 1.02157338144e-10, 4.40868478876e-12, 1.50506404486e-14, 3.94972649151e-15, 1.66753184628e-15, 1.0437895953e-15, 6.5117960691e-16, 1.27029941381e-16, 2.69821418906e-16, 2.92912939946e-16, 4.55204876156e-16, 4.38289125274e-17],
        "max": [0.0035733464174, 0.003273146227, 0.0111753745005, 0.00642093876377, 0.000504345400259, 0.00019941975188, 7.53145723138e-05, 0.000286537455395, 0.000301641121041, 0.00453097000718, 0.000280414969893, 3.10465475195e-05, 3.55291085725e-05, 2.41877296503e-05, 4.67008649139e-05, 7.51756379032e-05, 0.000508686818648, 0.000113781417895, 9.73650821834e-06, 7.78307457949e-06, 1.81006580533e-05, 7.1490634582e-05, 0.000358362944098, 1.02571439129e-05, 1.94159820239e-05, 3.03056931443e-05, 9.55655741564e-06, 1.55470461323e-05, 5.016632349e-05, 1.06390489236e-05, 7.44457111068e-07, 3.39463923638e-07, 2.53789409044e-07, 2.29351257985e-07, 1.29724838871e-07, 6.31801810869e-08, 1.34742421665e-07, 1.6602911046e-07, 1.04901673126e-07, 6.07095600458e-08],
        "mean": [0.00158826203551, 0.000966122257523, 0.00526789249852, 0.00289379595779, 0.000123373582028, 5.87141475989e-05, 1.72308082256e-05, 4.76097084174e-05, 9.34274503379e-05, 0.00178198283538, 9.90754560917e-05, 9.77939180302e-06, 8.1891357695e-06, 7.59189060773e-06, 1.02446647361e-05, 1.64280063473e-05, 0.000101447090856, 3.36140801664e-05, 2.97855626741e-06, 3.07148775391e-06, 7.70968108554e-06, 2.80682088487e-05, 6.69801156619e-05, 4.3282311708e-06, 7.79365473136e-06, 1.01115383586e-05, 4.65912853542e-06, 5.11524876856e-06, 1.39011508509e-05, 4.10931033912e-06, 3.80624754825e-07, 1.68119029809e-07, 1.2486724188e-07, 9.82402283967e-08, 6.4026501434e-08, 3.05289695746e-08, 2.57766537004e-08, 2.2909112829e-08, 4.18019574511e-08, 1.69325371502e-08],
        "median": [0.00155383301899, 0.00086055760039, 0.00558550283313, 0.0029163446743, 0.000105170693132, 5.46049923287e-05, 1.41662276292e-05, 3.31389201165e-05, 8.19266642793e-05, 0.00146368832793, 7.98443434178e-05, 8.83398115548e-06, 7.25454356143e-06, 6.63032824377e-06, 8.37755578686e-06, 1.37124343382e-05, 7.46657024138e-05, 2.9935128623e-05, 2.71218323178e-06, 2.85840383185e-06, 7.58118085287e-06, 2.67019640887e-05, 4.45410551038e-05, 3.98327256335e-06, 7.30243300495e-06, 9.15388864087e-06, 4.39181985712e-06, 4.83178109789e-06, 1.24627395053e-05, 3.76609023078e-06, 3.71106153807e-07, 1.60682091632e-07, 1.220788306e-07, 9.69894529135e-08, 6.15707733687e-08, 2.91482908921e-08, 2.35435066998e-08, 2.15374829082e-08, 3.83266645088e-08, 1.63639981565e-08],
        "min": [0.00049100065371, 0.000101168319816, 0.000893388583791, 0.000336084864102, 8.91662693903e-06, 1.02547655842e-05, 3.21071729559e-06, 2.64721120402e-06, 1.14804252007e-05, 0.000136724615004, 1.41462005558e-05, 2.16629700844e-06, 1.65848689448e-06, 1.51137214743e-06, 1.94369954443e-06, 2.42785631599e-06, 9.10313247005e-06, 2.97086057799e-06, 7.77765535531e-07, 7.58622604735e-07, 1.48868139149e-06, 3.4401814446e-06, 4.59420925836e-06, 1.31968613459e-06, 2.04637603929e-06, 3.32958552463e-06, 2.22377298087e-06, 2.15282875615e-06, 2.8263555123e-06, 1.19401522625e-06, 1.73768896161e-07, 8.52243857707e-08, 5.13730320506e-08, 5.20311225216e-08, 3.19272395188e-08, 1.3617094119e-08, 7.96998556041e-09, 1.14003624319e-08, 1.09498072831e-08, 8.96071750134e-09],
        "var": [3.10397950898e-07, 3.66335171975e-07, 6.00598013989e-06, 2.04814159588e-06, 4.93607332785e-09, 6.88982315644e-10, 1.22252735713e-10, 1.88511495303e-09, 2.83798007317e-09, 1.18841944641e-06, 3.75349928916e-09, 2.49999066587e-11, 1.89104929632e-11, 1.58429883795e-11, 4.57362932249e-11, 1.30074007121e-10, 7.04107749883e-09, 3.68826580388e-10, 1.61206410634e-12, 1.58991613278e-12, 1.01673695505e-11, 2.41975828263e-10, 4.26698942846e-09, 3.03692748033e-12, 6.02210468992e-12, 1.52586120822e-11, 1.59602181731e-12, 3.45113087413e-12, 5.82701664698e-11, 3.56365913341e-12, 9.54896917966e-15, 2.21123393067e-15, 9.48265666429e-16, 6.40595612597e-16, 2.65140000155e-16, 6.73533203435e-17, 1.55920858784e-16, 1.10721387391e-16, 3.42296522488e-16, 2.37956899698e-17]
    },
    "mfcc": {
        "mean": [-656.798034668, 157.54586792, -22.8843383789, 61.3962287903, 4.18021297455, 1.45712518692, 18.5504817963, 2.1486825943, 14.0636711121, 13.3134078979, 3.69304347038, -1.95552241802, -30.9003562927],
        "cov": [[48.1754417419, 20.5215511322, -10.7368211746, 5.33815288544, 9.7572851181, -0.0967599973083, -9.20063877106, -7.31225824356, -1.90930640697, -0.339524328709, 3.85137009621, 8.29443740845, -19.0965309143], [20.5215511322, 51.6551055908, 2.94826555252, -4.98612117767, -4.13175010681, -1.84092319012, -19.2046585083, -10.9420938492, -3.81436014175, 16.890871048, 12.0907535553, -5.65035820007, -16.3923797607], [-10.7368211746, 2.94826555252, 35.3382339478, 2.65857672691, -6.70416784286, -0.70870834589, 3.21778392792, 0.129737466574, 0.712511479855, 2.32224583626, -6.99388456345, -4.2919716835, 16.1391811371], [5.33815288544, -4.98612117767, 2.65857672691, 32.1863708496, 17.197013855, 1.46646428108, 0.674881219864, 4.76204204559, 1.6010414362, -8.2641210556, -5.72966909409, 2.56585359573, -1.51826417446], [9.7572851181, -4.13175010681, -6.70416784286, 17.197013855, 48.2531967163, 18.643415451, 3.18031740189, 3.08950352669, -10.6748800278, -18.4453048706, -9.36221790314, 2.33927440643, -2.49512195587], [-0.0967599973083, -1.84092319012, -0.70870834589, 1.46646428108, 18.643415451, 35.3561820984, 7.82054805756, -13.3475341797, -12.418920517, -5.10812902451, -3.80342459679, -0.0361217744648, 4.64230775833], [-9.20063877106, -19.2046585083, 3.21778392792, 0.674881219864, 3.18031740189, 7.82054805756, 25.2439651489, 6.73996829987, -1.00421905518, -11.6312141418, -8.13241195679, 2.04960608482, 11.2669649124], [-7.31225824356, -10.9420938492, 0.129737466574, 4.76204204559, 3.08950352669, -13.3475341797, 6.73996829987, 35.8222808838, 5.37280797958, -8.5969991684, -3.31496024132, 0.58907699585, 3.24665355682], [-1.90930640697, -3.81436014175, 0.712511479855, 1.6010414362, -10.6748800278, -12.418920517, -1.00421905518, 5.37280797958, 25.7838420868, 10.1892137527, -2.71533155441, -2.73862504959, -3.31702661514], [-0.339524328709, 16.890871048, 2.32224583626, -8.2641210556, -18.4453048706, -5.10812902451, -11.6312141418, -8.5969991684, 10.1892137527, 38.1243133545, 13.575258255, -10.5258398056, -12.7110595703], [3.85137009621, 12.0907535553, -6.99388456345, -5.72966909409, -9.36221790314, -3.80342459679, -8.13241195679, -3.31496024132, -2.71533155441, 13.575258255, 27.2978401184, 1.89324676991, -8.57295894623], [8.29443740845, -5.65035820007, -4.2919716835, 2.56585359573, 2.33927440643, -0.0361217744648, 2.04960608482, 0.58907699585, -2.73862504959, -10.5258398056, 1.89324676991, 21.7875938416, 7.2448387146], [-19.0965309143, -16.3923797607, 16.1391811371, -1.51826417446, -2.49512195587, 4.64230775833, 11.2669649124, 3.24665355682, -3.31702661514, -12.7110595703, -8.57295894623, 7.2448387146, 39.2297821045]],
