{
"lowlevel": {
    "average_loudness": 0.987784862518,
    "barkbands_crest": {
        "dmean": 1.32691729069,
        "dmean2": 1.38124060631,
        "dvar": 0.682484090328,
        "dvar2": 0.999424099922,
        "max": 18.227602005,
        "mean": 14.2170782089,
        "median": 14.3181266785,
        "min": 9.50626754761,
        "var": 3.23600316048
    },
    "barkbands_flatness_db": {
        "dmean": 0.0112370504066,
        "dmean2": 0.018304195255,
        "dvar": 0.00013751188817,
        "dvar2": 0.000260463246377,
        "max": 0.510221123695,
        "mean": 0.449917137623,
        "median": 0.451302051544,
        "min": 0.310087621212,
        "var": 0.000363217754057
    },
    "barkbands_kurtosis": {
        "dmean": 1.91993749142,
        "dmean2": 3.02591133118,
        "dvar": 4.71757698059,
        "dvar2": 11.6298599243,
        "max": 22.6040267944,
        "mean": 6.93121337891,
        "median": 6.23630714417,
        "min": 2.83648586273,
        "var": 7.12806081772
    },
    "barkbands_skewness": {
        "dmean": 0.142215117812,
        "dmean2": 0.208903163671,
        "dvar": 0.0162703096867,
        "dvar2": 0.038617990911,
        "max": 2.27809333801,
        "mean": 1.3012496233,
        "median": 1.27677404881,
        "min": 0.800461411476,
        "var": 0.0457525961101
    },
    "barkbands_spread": {
        "dmean": 0.0733700469136,
        "dmean2": 0.0773503929377,
        "dvar": 0.0039853900671,
        "dvar2": 0.00471337372437,
        "max": 1.7041028738,
        "mean": 0.976161301136,
        "median": 0.966891825199,
        "min": 0.723566889763,
        "var": 0.0141277620569
    },
    "dissonance": {
        "dmean": 0.0457402281463,
        "dmean2": 0.0701980814338,
        "dvar": 0.00135980732739,
        "dvar2": 0.00330098601989,
        "max": 0.471480339766,
        "mean": 0.391059786081,
        "median": 0.400679886341,
        "min": 0.202100366354,
        "var": 0.00256060156971
    },
    "dynamic_complexity": 0.368394941092,
    "erbbands_crest": {
        "dmean": 0.982520103455,
        "dmean2": 1.20191240311,
        "dvar": 0.474568843842,
        "dvar2": 0.840090095997,
        "max": 14.9616498947,
        "mean": 10.8544569016,
        "median": 10.7268857956,
        "min": 8.21380138397,
        "var": 1.71817564964
    },
    "erbbands_flatness_db": {
        "dmean": 0.0118093742058,
        "dmean2": 0.0187829490751,
        "dvar": 0.000136259579449,
        "dvar2": 0.000269679032499,
        "max": 0.396634846926,
        "mean": 0.341369897127,
        "median": 0.343308150768,
        "min": 0.186205774546,
        "var": 0.000278319173958
    },
    "erbbands_kurtosis": {
        "dmean": 3.63058042526,
        "dmean2": 5.38340425491,
        "dvar": 13.4003648758,
        "dvar2": 31.8781204224,
        "max": 37.9184341431,
        "mean": 14.161113739,
        "median": 13.0934963226,
        "min": 6.09235286713,
        "var": 24.4025382996
    },
    "erbbands_skewness": {
        "dmean": 0.364785432816,
        "dmean2": 0.520179152489,
        "dvar": 0.115617454052,
        "dvar2": 0.274196565151,
        "max": 4.64264631271,
        "mean": 2.5028192997,
        "median": 2.45397210121,
        "min": 1.66131436825,
        "var": 0.213352680206
    },
    "erbbands_spread": {
        "dmean": 0.427236884832,
        "dmean2": 0.588713347912,
        "dvar": 0.310020565987,
        "dvar2": 0.453616589308,
        "max": 14.0184373856,
        "mean": 4.62945652008,
        "median": 4.53276348114,
        "min": 3.00169014931,
        "var": 0.706602752209
    },
    "hfc": {
        "dmean": 3.39978027344,
        "dmean2": 3.39950633049,
        "dvar": 3.05639982224,
        "dvar2": 3.19240355492,
        "max": 23.2962779999,
        "mean": 15.4902076721,
        "median": 15.2145166397,
        "min": 0.246030896902,
        "var": 15.9385089874
    },
    "melbands_crest": {
        "dmean": 1.41127407551,
        "dmean2": 1.43379712105,
        "dvar": 0.818916499615,
        "dvar2": 0.794960796833,
        "max": 26.8827362061,
        "mean": 21.4102058411,
        "median": 21.3423442841,
        "min": 15.4411754608,
        "var": 4.93527030945
    },
    "melbands_flatness_db": {
        "dmean": 0.0141963111237,
        "dmean2": 0.0234780590981,
        "dvar": 0.00019912442076,
        "dvar2": 0.000434814719483,
        "max": 0.664035379887,
        "mean": 0.593816399574,
        "median": 0.59522986412,
        "min": 0.451059609652,
        "var": 0.000490974402055
    },
    "melbands_kurtosis": {
        "dmean": 2.52924966812,
        "dmean2": 3.81879281998,
        "dvar": 8.14913463593,
        "dvar2": 19.3980636597,
        "max": 36.9652366638,
        "mean": 12.6938467026,
        "median": 11.9239358902,
        "min": 6.33946228027,
        "var": 13.5947780609
    },
    "melbands_skewness": {
        "dmean": 0.132311284542,
        "dmean2": 0.185102671385,
        "dvar": 0.0142974397168,
        "dvar2": 0.0284994188696,
        "max": 2.85622167587,
        "mean": 1.97286319733,
        "median": 1.95208144188,
        "min": 1.4977875948,
        "var": 0.0493724122643
    },
    "melbands_spread": {
        "dmean": 0.0711037889123,
        "dmean2": 0.0722544118762,
        "dvar": 0.00268246605992,
        "dvar2": 0.00368013069965,
        "max": 1.46194660664,
        "mean": 0.874242126942,
        "median": 0.876709282398,
        "min": 0.592635989189,
        "var": 0.0137890195474
    },
    "pitch_salience": {
        "dmean": 0.0219098851085,
        "dmean2": 0.0245429445058,
        "dvar": 0.000389170425478,
        "dvar2": 0.000463003932964,
        "max": 0.707056224346,
        "mean": 0.510843038559,
        "median": 0.50766479969,
        "min": 0.402944982052,
        "var": 0.00168452097569
    },
    "silence_rate_20dB": {
        "dmean": 0,
        "dmean2": 0,
        "dvar": 0,
        "dvar2": 0,
        "max": 1,
        "mean": 1,
        "median": 1,
        "min": 1,
        "var": 0
    },
    "silence_rate_30dB": {
        "dmean": 0.314814805984,
        "dmean2": 0.628942489624,
        "dvar": 0.215706408024,
        "dvar2": 0.333558082581,
        "max": 1,
        "mean": 0.268022179604,
        "median": 0,
        "min": 0,
        "var": 0.196186676621
    },
    "silence_rate_60dB": {
        "dmean": 0,
        "dmean2": 0,
        "dvar": 0,
        "dvar2": 0,
        "max": 0,
        "mean": 0,
        "median": 0,
        "min": 0,
        "var": 0
    },
    "spectral_centroid": {
        "dmean": 5.83179998398,
        "dmean2": 5.81334543228,
        "dvar": 63.0054702759,
        "dvar2": 63.4263191223,
        "max": 330.769348145,
        "mean": 172.397384644,
        "median": 172.184936523,
        "min": 151.890518188,
        "var": 120.766952515
    },
    "spectral_complexity": {
        "dmean": 0.959259271622,
        "dmean2": 1.54359924793,
        "dvar": 0.71685642004,
        "dvar2": 1.31303107738,
        "max": 10,
        "mean": 5.72828102112,
        "median": 6,
        "min": 1,
        "var": 1.57681751251
    },
    "spectral_decrease": {
        "dmean": 5.49817702478e-09,
        "dmean2": 5.53600232323e-09,
        "dvar": 8.49409271718e-18,
        "dvar2": 8.95618310431e-18,
        "max": -6.03900096596e-10,
        "mean": -2.85914776299e-08,
        "median": -2.81609811026e-08,
        "min": -3.97392554419e-08,
        "var": 4.16273150788e-17
    },
    "spectral_energy": {
        "dmean": 0.0210594628006,
        "dmean2": 0.0212023165077,
        "dvar": 0.000124471305753,
        "dvar2": 0.000131206368678,
        "max": 0.152097567916,
        "mean": 0.109315648675,
        "median": 0.107671812177,
        "min": 0.00230157398619,
        "var": 0.000610554183368
    },
    "spectral_energyband_high": {
        "dmean": 1.00089789612e-06,
        "dmean2": 1.67201744716e-06,
        "dvar": 1.81588771797e-12,
        "dvar2": 4.13861132864e-12,
        "max": 1.56819369295e-05,
        "mean": 1.81031145985e-06,
        "median": 1.38983000397e-06,
        "min": 4.50688702358e-07,
        "var": 2.02213332884e-12
    },
    "spectral_energyband_low": {
        "dmean": 0.0146284941584,
        "dmean2": 0.0150230228901,
        "dvar": 7.01895914972e-05,
        "dvar2": 7.31511245249e-05,
        "max": 0.117046043277,
        "mean": 0.0794451832771,
        "median": 0.07824549824,
        "min": 0.00181069178507,
        "var": 0.000320152292261
    },
    "spectral_energyband_middle_high": {
        "dmean": 1.45337180584e-05,
        "dmean2": 1.57687663886e-05,
        "dvar": 1.13453697825e-10,
        "dvar2": 1.69398370331e-10,
        "max": 0.00016961703659,
        "mean": 5.32549347554e-05,
        "median": 4.71778039355e-05,
        "min": 3.23580161421e-06,
        "var": 7.87831966331e-10
    },
    "spectral_energyband_middle_low": {
        "dmean": 0.00970159377903,
        "dmean2": 0.00987640302628,
        "dvar": 2.92688819172e-05,
        "dvar2": 3.08278031298e-05,
        "max": 0.0701377764344,
        "mean": 0.0396334081888,
        "median": 0.0390033535659,
        "min": 0.000561688560992,
        "var": 0.000153150045662
    },
    "spectral_entropy": {
        "dmean": 0.121173918247,
        "dmean2": 0.166999384761,
        "dvar": 0.0214277133346,
        "dvar2": 0.0282317269593,
        "max": 8.18527507782,
        "mean": 5.00031232834,
        "median": 5.00474309921,
        "min": 4.5039730072,
        "var": 0.0447865277529
    },
    "spectral_flux": {
        "dmean": 0.0199907645583,
        "dmean2": 0.0347164422274,
        "dvar": 0.00023503509874,
        "dvar2": 0.00056446029339,
        "max": 0.267417430878,
        "mean": 0.0699637904763,
        "median": 0.0682018324733,
        "min": 0.0396828241646,
        "var": 0.000351211900124
    },
    "spectral_kurtosis": {
        "dmean": 23.8484706879,
        "dmean2": 42.7589149475,
        "dvar": 378.020996094,
        "dvar2": 1178.70422363,
        "max": 152.325775146,
        "mean": 71.1002807617,
        "median": 72.5018157959,
        "min": 2.06767129898,
        "var": 547.563537598
    },
    "spectral_rms": {
        "dmean": 0.00100790511351,
        "dmean2": 0.00100677646697,
        "dvar": 3.49038970171e-07,
        "dvar2": 3.90316927223e-07,
        "max": 0.0121814562008,
        "mean": 0.0102555109188,
        "median": 0.0102491788566,
        "min": 0.0014984785812,
        "var": 1.4740583083e-06
    },
    "spectral_rolloff": {
        "dmean": 7.4169921875,
        "dmean2": 14.3821020126,
        "dvar": 108.134223938,
        "dvar2": 138.97833252,
        "max": 215.33203125,
        "mean": 185.121154785,
        "median": 193.798828125,
        "min": 150.732421875,
        "var": 138.979904175
    },
    "spectral_skewness": {
        "dmean": 1.25567770004,
        "dmean2": 2.25328350067,
        "dvar": 1.02263522148,
        "dvar2": 3.2050974369,
        "max": 10.1009683609,
        "mean": 6.5964217186,
        "median": 6.62831306458,
        "min": 1.75815367699,
        "var": 1.48047494888
    },
    "spectral_spread": {
        "dmean": 362415.65625,
        "dmean2": 573912.5625,
        "dvar": 835798237184,
        "dvar2": 445127491584,
        "max": 29867758,
        "mean": 1323887.625,
        "median": 1207964.25,
        "min": 713603.75,
        "var": 1.79680365773e+12
    },
    "spectral_strongpeak": {
        "dmean": 0.347868800163,
        "dmean2": 0.61141294241,
        "dvar": 0.066049285233,
        "dvar2": 0.105659000576,
        "max": 1.56127882004,
        "mean": 0.975284278393,
        "median": 1.03482663631,
        "min": 0,
        "var": 0.0969085022807
    },
    "zerocrossingrate": {
        "dmean": 0.000348126457538,
        "dmean2": 0.000514552404638,
        "dvar": 1.75949224968e-07,
        "dvar2": 2.57190748698e-07,
        "max": 0.0087890625,
        "mean": 0.00656517175958,
        "median": 0.0068359375,
        "min": 0.001953125,
        "var": 2.74838271253e-07
    },
    "barkbands": {
        "dmean": [1.61621392181e-05, 0.00102717266418, 0.0137263415381, 0.00804561842233, 0.00544033478945, 0.000725517922547, 0.000174146189238, 4.11141299992e-05, 1.65190886037e-05, 6.32513410892e-06, 5.44374870515e-06, 2.14041483559e-06, 1.1936580222e-06, 7.1173235483e-07, 6.44793942683e-07, 2.86068654987e-07, 2.24869651788e-07, 3.18836271163e-07, 9.14209635994e-07, 6.1567487819e-07, 4.50956974873e-07, 8.65427907115e-08, 5.76565746258e-08, 7.0352903947e-08, 1.98381489014e-08, 1.7675148456e-08, 7.50649675751e-09],
        "dmean2": [2.38278644247e-05, 0.00111735775135, 0.0136996572837, 0.00798501819372, 0.00542166316882, 0.000740643183235, 0.000185399592738, 4.63309843326e-05, 1.89451620827e-05, 7.92814898887e-06, 6.62996853862e-06, 2.61669197243e-06, 1.57082797614e-06, 1.03676461549e-06, 8.65880508627e-07, 4.08388274309e-07, 3.17640314051e-07, 5.29335409283e-07, 1.45550052366e-06, 1.04010121049e-06, 7.70556198404e-07, 1.49911329572e-07, 9.59702859404e-08, 1.16994200994e-07, 3.00393843133e-08, 2.82150036668e-08, 1.06808171196e-08],
        "dvar": [5.44031086847e-09, 7.78037872351e-07, 5.12013721163e-05, 1.73113039637e-05, 8.7617590907e-06, 1.99868509299e-07, 2.61777497457e-08, 1.28763988361e-09, 1.94796567765e-10, 3.33421519561e-11, 1.769421068e-11, 3.10166454152e-12, 8.90841599707e-13, 4.25563664169e-13, 3.98373228936e-13, 8.66867545086e-14, 5.95194060054e-14, 1.25928740634e-13, 1.07503925467e-12, 5.3879584171e-13, 3.66065874445e-13, 1.8690112324e-14, 9.16671761013e-15, 1.31155885984e-14, 5.0952724841e-15, 4.96670728227e-15, 5.28752863434e-15],
        "dvar2": [5.70281066814e-09, 1.04774073861e-06, 5.49102624063e-05, 2.29734359891e-05, 8.70530675456e-06, 1.99277494062e-07, 3.10604768572e-08, 1.80828718666e-09, 2.6113908258e-10, 6.0060137419e-11, 2.87996883286e-11, 5.67439498167e-12, 1.67217411792e-12, 8.24261557446e-13, 6.49136289426e-13, 1.55820099662e-13, 9.95690617629e-14, 3.15648901331e-13, 2.91874705828e-12, 1.36629043582e-12, 9.34080829178e-13, 3.62981841036e-14, 1.6929859275e-14, 2.63535954805e-14, 5.66049121706e-15, 5.35752531951e-15, 5.30921775998e-15],
        "max": [0.0017608642811, 0.0160255394876, 0.0897673070431, 0.0459957271814, 0.0326262265444, 0.00547555880621, 0.00276888348162, 0.000541314191651, 0.000177187539521, 9.08274305402e-05, 5.83434375585e-05, 2.63054171228e-05, 1.2833565961e-05, 9.75245166046e-06, 1.06834568214e-05, 4.99076577398e-06, 4.62503476228e-06, 3.82112375519e-06, 8.92037678568e-06, 6.30174463367e-06, 5.51079529032e-06, 2.17837714445e-06, 1.73205478404e-06, 1.67023426911e-06, 1.64161826888e-06, 1.62304570495e-06, 1.71203782884e-06],
        "mean": [8.92177704372e-05, 0.0116165885702, 0.05792362988, 0.0212511457503, 0.0158219952136, 0.00190400367137, 0.000485929573188, 0.00011448780424, 5.24691131432e-05, 1.88082012755e-05, 1.70477196662e-05, 6.32427236269e-06, 3.7763520595e-06, 2.18615923586e-06, 1.98771249416e-06, 7.91361969732e-07, 5.98313022238e-07, 7.40608641081e-07, 1.94253129848e-06, 1.07060020582e-06, 7.26928419681e-07, 1.51256429604e-07, 9.74053122604e-08, 1.11446667006e-07, 4.15546601573e-08, 3.11406296305e-08, 3.04524121475e-08],
        "median": [8.33638769109e-05, 0.0116696283221, 0.0578905344009, 0.021024890244, 0.0151670156047, 0.00179854501039, 0.000405671686167, 9.31782269618e-05, 4.61499657831e-05, 1.65153178386e-05, 1.50092209878e-05, 5.38747235623e-06, 3.41652662428e-06, 1.96299970412e-06, 1.7026701471e-06, 7.02758313764e-07, 5.24577728811e-07, 6.42081829483e-07, 1.69642464698e-06, 8.65416666329e-07, 5.36002346507e-07, 1.1530589461e-07, 7.52382902647e-08, 6.70629063393e-08, 3.18433777124e-08, 2.31339338796e-08, 2.66038533425e-08],
        "min": [4.34786306869e-05, 0.000814114813693, 0.000612743722741, 0.000365369283827, 0.00016644547577, 1.7133923393e-05, 6.98886287864e-06, 4.09838912674e-06, 1.47836203723e-06, 7.45995066609e-07, 6.49315836654e-07, 4.40377277755e-07, 3.64015392051e-07, 2.94157729286e-07, 2.47559540867e-07, 1.60732952281e-07, 1.26097191355e-07, 1.05919276905e-07, 1.34853010536e-07, 9.50598533223e-08, 1.03218354752e-07, 3.28361373647e-08, 2.1363071312e-08, 1.56986441624e-08, 1.0777785775e-08, 5.6696234374e-09, 1.66954059466e-08],
        "var": [5.61103297159e-09, 2.7485073133e-06, 0.000270893855486, 8.97726495168e-05, 4.75153283332e-05, 1.02447302197e-06, 1.17619407547e-07, 6.6349175043e-09, 1.03574038235e-09, 1.43757783455e-10, 1.01859166934e-10, 1.65917887068e-11, 4.58508881904e-12, 1.3748615961e-12, 1.29989248532e-12, 1.83935630399e-13, 1.26206648756e-13, 1.75246671558e-13, 1.44628222159e-12, 6.0534563473e-13, 3.87628704092e-13, 1.85632725283e-14, 9.26571204474e-15, 1.76441096434e-14, 5.27468126211e-15, 5.01898912039e-15, 5.27099751582e-15]
    },
    "erbbands": {
        "dmean": [0.00429485086352, 0.247290745378, 9.04936218262, 19.8439216614, 15.2839536667, 16.4074306488, 7.68032121658, 5.89430618286, 3.60757374763, 1.11191046238, 0.671931624413, 0.393538594246, 0.152724325657, 0.26217508316, 0.181030139327, 0.0789210945368, 0.0596296936274, 0.0347073860466, 0.036829739809, 0.0254827141762, 0.0138746835291, 0.0115485079587, 0.013064365834, 0.0423816554248, 0.0340471975505, 0.0281241107732, 0.0299623142928, 0.00915890466422, 0.00339637789875, 0.00261620571837, 0.00138501927722, 0.00130597699899, 0.00124783185311, 0.000217303953832, 0.000185829863767, 0.000116953720863, 2.61688910541e-05, 4.72818555863e-06, 9.84583675745e-06, 2.28859680647e-05],
        "dmean2": [0.00612615142018, 0.280147135258, 9.17191410065, 20.6321239471, 15.3139638901, 16.3106937408, 7.73203229904, 6.0002784729, 3.79575848579, 1.24241912365, 0.804225623608, 0.44668546319, 0.173434317112, 0.319719463587, 0.217807814479, 0.0963226482272, 0.0788036882877, 0.0483239032328, 0.0498840510845, 0.0345114581287, 0.0192530825734, 0.0155177405104, 0.0211947765201, 0.0678835958242, 0.0539497472346, 0.0471636876464, 0.0510947965086, 0.0154946846887, 0.00582216866314, 0.00450003426522, 0.00229113269597, 0.00213441252708, 0.00208234740421, 0.000331378920237, 0.000286611873889, 0.000186150646186, 3.92570764234e-05, 6.80410948917e-06, 9.93135108729e-06, 2.30325476878e-05],
        "dvar": [6.34381285636e-05, 0.0824723541737, 28.6919155121, 119.540809631, 80.1748428345, 81.8981323242, 19.2403450012, 13.6190767288, 9.94376945496, 0.83156567812, 0.299486815929, 0.107585698366, 0.0164301171899, 0.0476930066943, 0.0208641383797, 0.00443315180019, 0.00249171839096, 0.0010010128608, 0.00123700068798, 0.000741225783713, 0.000227770215133, 0.000161594391102, 0.000237368629314, 0.00235069729388, 0.00162841030397, 0.00113529933151, 0.00162584742066, 0.00013982753444, 2.84676807496e-05, 1.70974635694e-05, 6.0710294747e-06, 4.99141879118e-06, 3.79017205887e-06, 6.59572549466e-07, 2.6508783435e-07, 8.34301445707e-08, 1.66869185136e-08, 2.11058592825e-09, 1.17974366387e-10, 1.48225848262e-10],
        "dvar2": [7.66005978221e-05, 0.106074862182, 30.263753891, 124.564300537, 105.727867126, 83.0905990601, 19.5709095001, 14.3030195236, 11.3672361374, 1.11991369724, 0.4815146029, 0.137137442827, 0.0236819498241, 0.0796063542366, 0.0366137512028, 0.00791100319475, 0.0044627096504, 0.00180565146729, 0.00229179230519, 0.00128079694696, 0.00037163271918, 0.00025948358234, 0.000510359590407, 0.00647352728993, 0.00445530796424, 0.00292941532098, 0.00420498615131, 0.000348617555574, 5.790510113e-05, 3.43362698914e-05, 1.02875519588e-05, 9.28875942918e-06, 8.0038289525e-06, 7.19791955817e-07, 3.1973422665e-07, 1.01700003086e-07, 1.72948428911e-08, 2.12668238575e-09, 1.17526391397e-10, 1.55815943481e-10],
        "max": [0.229997307062, 5.92739009857, 84.2028121948, 107.75667572, 138.808822632, 96.7290344238, 54.9121246338, 43.0149002075, 48.3987388611, 13.6316928864, 7.24722337723, 4.18595933914, 2.17326664925, 3.36538147926, 1.84709429741, 0.786980628967, 0.716349244118, 0.516730308533, 0.540507853031, 0.455777704716, 0.295971333981, 0.265200287104, 0.225811049342, 0.452226251364, 0.390600770712, 0.305456399918, 0.380493819714, 0.133555144072, 0.0796442478895, 0.0663655474782, 0.0474268086255, 0.0361805073917, 0.0269697736949, 0.0186607800424, 0.0115761654451, 0.00644933851436, 0.00301908212714, 0.00107358838432, 0.000273525627563, 0.000165953228134],
        "mean": [0.0665784180164, 4.77718019485, 60.4173812866, 63.3658599854, 77.5261154175, 41.7817840576, 19.7984142303, 14.8395147324, 9.24095630646, 3.93581628799, 2.00801181793, 1.25134861469, 0.561057031155, 0.815668642521, 0.564622879028, 0.247169360518, 0.184731498361, 0.118284590542, 0.117607213557, 0.0765446349978, 0.0418228842318, 0.0328464135528, 0.0333398282528, 0.0933921337128, 0.0729587972164, 0.0502077825367, 0.0459174476564, 0.0161918401718, 0.00588894728571, 0.00424761371687, 0.00247822888196, 0.00229133106768, 0.00191167916637, 0.000468153564725, 0.000398378673708, 0.000245479866862, 6.99733136571e-05, 1.16353030535e-05, 5.21007314092e-05, 0.000119295807963],
        "median": [0.0665621906519, 4.85551357269, 60.0702209473, 59.8599433899, 77.4364852905, 38.0446243286, 18.1278514862, 13.649679184, 7.5648560524, 3.47301101685, 1.79020881653, 1.11521947384, 0.49258223176, 0.733738481998, 0.48543959856, 0.206754073501, 0.160113707185, 0.1073987782, 0.102019332349, 0.0671189278364, 0.0381169393659, 0.0296980775893, 0.0291475839913, 0.0818228423595, 0.0624191425741, 0.041224449873, 0.0337621159852, 0.0127249117941, 0.00451385555789, 0.00323026557453, 0.00189801014494, 0.00146863632835, 0.0011404491961, 0.000361238198821, 0.0002998210839, 0.000191798229935, 5.88464390603e-05, 8.93066135177e-06, 5.13545819558e-05, 0.000117331554065],
        "min": [0.0248302984983, 0.181642383337, 0.63964933157, 1.09577667713, 0.934136509895, 0.40949049592, 0.239337489009, 0.0992671176791, 0.077240742743, 0.122374221683, 0.075904712081, 0.0347253754735, 0.0232075173408, 0.0297858268023, 0.021956725046, 0.0180209502578, 0.0169520676136, 0.0154687277973, 0.0135080553591, 0.0117019210011, 0.00844748038799, 0.00751312542707, 0.00600223708898, 0.00455974135548, 0.0077313836664, 0.00439119152725, 0.00475358450785, 0.00319248763844, 0.00153763650451, 0.000875286932569, 0.000636768469121, 0.000407524959883, 0.000272062403383, 0.000138942559715, 0.000123133329907, 7.76457745815e-05, 2.81482789433e-05, 4.7023559091e-06, 9.4988336059e-06, 3.37474602929e-06],
        "var": [8.71694574016e-05, 0.305143564939, 139.524734497, 538.788757324, 475.735290527, 449.08706665, 100.318626404, 63.3764877319, 43.7704162598, 5.57055807114, 1.30453705788, 0.566977024078, 0.110713489354, 0.23443326354, 0.118022605777, 0.0223783180118, 0.0118451528251, 0.00370454974473, 0.00407536467537, 0.00191074504983, 0.000483429204905, 0.000343547668308, 0.000363308849046, 0.00310562108643, 0.00204067211598, 0.00126186374109, 0.0016884271754, 0.00015161409101, 2.81462216662e-05, 1.63135155162e-05, 6.38303572487e-06, 6.87811416356e-06, 4.77975800095e-06, 6.71848908951e-07, 2.87700856916e-07, 8.93176022032e-08, 1.66846909622e-08, 2.10055572936e-09, 2.10929301803e-10, 7.19620640854e-10]
    },
    "gfcc": {
        "mean": [-150.864990234, 215.037734985, -21.5287055969, 35.2446479797, -29.3859577179, -20.2867298126, -15.5709266663, -19.2718315125, -26.0954227448, -16.578086853, -6.13828277588, -23.8080635071, -6.29297590256],
        "cov": [[332.689788818, 23.5440864563, -99.2716674805, -25.8553524017, -39.3034629822, -32.817817688, -17.3118438721, -7.21440076828, -34.2267990112, -14.1797075272, -0.89679813385, -10.3658943176, 10.1837205887], [23.5440864563, 108.606628418, -30.7435722351, -71.548500061, 27.5759410858, -32.9655761719, 7.26350784302, -18.2052307129, -3.83619070053, -8.31694793701, -0.404862910509, 0.855636715889, 4.40744638443], [-99.2716674805, -30.7435722351, 79.6699371338, 20.3133602142, 2.73481011391, 14.0101671219, -16.1706485748, 6.96636533737, 9.77002811432, 5.63124465942, 3.70147776604, 4.50096082687, -2.16161751747], [-25.8553524017, -71.548500061, 20.3133602142, 79.42552948, -22.7741107941, 5.070291996, 9.55799293518, -1.90645027161, 7.34053230286, 6.28664302826, 2.17161774635, 1.71475446224, -3.77604627609], [-39.3034629822, 27.5759410858, 2.73481011391, -22.7741107941, 27.6010818481, -1.64454936981, 2.13625311852, -4.15383911133, -2.25322318077, -2.01209139824, -3.81979584694, 3.74521112442, 1.6212785244], [-32.817817688, -32.9655761719, 14.0101671219, 5.070291996, -1.64454936981, 31.435459137, -6.90910387039, 13.1158161163, 0.463390082121, -1.73634958267, 0.8698092103, -4.20915031433, 0.799173772335], [-17.3118438721, 7.26350784302, -16.1706485748, 9.55799293518, 2.13625311852, -6.90910387039, 23.7953662872, -6.44975757599, 2.92362308502, 2.60580182076, -3.05986762047, 1.05699777603, -3.14855194092], [-7.21440076828, -18.2052307129, 6.96636533737, -1.90645027161, -4.15383911133, 13.1158161163, -6.44975757599, 17.9693088531, 0.788910448551, -0.0149214286357, 1.11199688911, -5.43223428726, -2.20221877098], [-34.2267990112, -3.83619070053, 9.77002811432, 7.34053230286, -2.25322318077, 0.463390082121, 2.92362308502, 0.788910448551, 14.7966594696, 5.28456020355, -0.166307345033, 0.255386650562, -5.06591033936], [-14.1797075272, -8.31694793701, 5.63124465942, 6.28664302826, -2.01209139824, -1.73634958267, 2.60580182076, -0.0149214286357, 5.28456020355, 11.301404953, -2.01809549332, 1.02820718288, -3.63044309616], [-0.89679813385, -0.404862910509, 3.70147776604, 2.17161774635, -3.81979584694, 0.8698092103, -3.05986762047, 1.11199688911, -0.166307345033, -2.01809549332, 7.07876062393, -2.1103656292, -1.05381608009], [-10.3658943176, 0.855636715889, 4.50096082687, 1.71475446224, 3.74521112442, -4.20915031433, 1.05699777603, -5.43223428726, 0.255386650562, 1.02820718288, -2.1103656292, 10.1455726624, 0.5560978055], [10.1837205887, 4.40744638443, -2.16161751747, -3.77604627609, 1.6212785244, 0.799173772335, -3.14855194092, -2.20221877098, -5.06591033936, -3.63044309616, -1.05381608009, 0.5560978055, 8.08255386353]],
        "icov": [[0.0211688503623, 0.00666022207588, 0.0202720239758, 0.00836239662021, 0.0338308773935, 0.022634094581, 0.0303125549108, 0.0133866909891, 0.0309511832893, 0.012406161055, 0.026858497411, 0.0144125856459, 0.0129381204024], [0.00666022207588, 0.330307930708, -0.0239238794893, 0.291178911924, -0.0572347082198, 0.244043916464, -0.148454681039, 0.173331156373, -0.120352305472, 0.140733197331, -0.15006621182, 0.135302692652, -0.123221896589], [0.0202720239758, -0.0239238794893, 0.0478652715683, -0.0296533703804, 0.0217579528689, -0.00486175483093, 0.064931884408, -0.00936226826161, 0.0267051793635, -0.0119496118277, 0.0241866465658, -0.0108780199662, 0.0205834694207], [0.00836239662021, 0.291178911924, -0.0296533703804, 0.282682567835, -0.0206026714295, 0.21027071774, -0.14603099227, 0.163815066218, -0.0991795137525, 0.124148860574, -0.127208203077, 0.116345837712, -0.105082534254], [0.0338308773935, -0.0572347082198, 0.0217579528689, -0.0206026714295, 0.138193920255, -0.0201609879732, 0.0582697615027, 0.00487228343263, 0.0873568058014, 0.00593994138762, 0.105351686478, -0.0135288080201, 0.055165477097], [0.022634094581, 0.244043916464, -0.00486175483093, 0.21027071774, -0.0201609879732, 0.248171120882, -0.0786803513765, 0.0986873283982, -0.0642261728644, 0.120844505727, -0.0818251296878, 0.118086010218, -0.0936846733093], [0.0303125549108, -0.148454681039, 0.064931884408, -0.14603099227, 0.0582697615027, -0.0786803513765, 0.198627129197, -0.0467125177383, 0.0932848677039, -0.0519104860723, 0.133257851005, -0.0357592217624, 0.107627317309], [0.0133866909891, 0.173331156373, -0.00936226826161, 0.163815066218, 0.00487228343263, 0.0986873283982, -0.0467125177383, 0.207949355245, -0.0386323481798, 0.0819304734468, -0.0407136715949, 0.115644112229, -0.0103075336665], [0.0309511832893, -0.120352305472, 0.0267051793635, -0.0991795137525, 0.0873568058014, -0.0642261728644, 0.0932848677039, -0.0386323481798, 0.201380893588, -0.0570528618991, 0.113750934601, -0.0247682053596, 0.119207136333], [0.012406161055, 0.140733197331, -0.0119496118277, 0.124148860574, 0.00593994138762, 0.120844505727, -0.0519104860723, 0.0819304734468, -0.0570528618991, 0.198282256722, 0.00546997087076, 0.0647705867887, 0.000952631817199], [0.026858497411, -0.15006621182, 0.0241866465658, -0.127208203077, 0.105351686478, -0.0818251296878, 0.133257851005, -0.0407136715949, 0.113750934601, 0.00546997087076, 0.317378014326, -0.00262325583026, 0.138118684292], [0.0144125856459, 0.135302692652, -0.0108780199662, 0.116345837712, -0.0135288080201, 0.118086010218, -0.0357592217624, 0.115644112229, -0.0247682053596, 0.0647705867887, -0.00262325583026, 0.201968953013, -0.0325466282666], [0.0129381204024, -0.123221896589, 0.0205834694207, -0.105082534254, 0.055165477097, -0.0936846733093, 0.107627317309, -0.0103075336665, 0.119207136333, 0.000952631817199, 0.138118684292, -0.0325466282666, 0.263733118773]]
    },
    "melbands": {
        "dmean": [0.000150053951074, 0.00340610765852, 0.00332650938071, 0.00120093137957, 0.000334494601702, 0.000130810411065, 4.77217254229e-05, 1.0628678865e-05, 5.00427449879e-06, 2.24427776629e-06, 7.38809831091e-07, 1.07236121494e-06, 6.80665266373e-07, 2.87447136316e-07, 1.49389464354e-07, 1.16583855458e-07, 6.34007690792e-08, 6.55762733004e-08, 4.55534383548e-08, 2.53434357944e-08, 1.71786069814e-08, 1.38676554684e-08, 8.89338913623e-09, 1.65709046485e-08, 3.77956688169e-08, 3.56221399045e-08, 1.71029128637e-08, 1.94817584287e-08, 2.34645280983e-08, 9.83070513882e-09, 3.91853927084e-09, 2.05017536281e-09, 1.46853684768e-09, 1.45175138577e-09, 7.90735976697e-10, 7.14976133853e-10, 9.30665933208e-10, 1.12691955767e-09, 3.29754307193e-10, 1.24462856688e-10],
        "dmean2": [0.000169696271769, 0.00343950442038, 0.00340502150357, 0.00118880253285, 0.000334203825332, 0.000133294815896, 5.00941459904e-05, 1.18686293717e-05, 6.08780783296e-06, 2.54172505265e-06, 8.63621210101e-07, 1.3289115941e-06, 8.14348538825e-07, 3.48756486801e-07, 1.96848816358e-07, 1.53454905671e-07, 9.16022102615e-08, 9.13398778835e-08, 6.08909189737e-08, 3.56799247925e-08, 2.51763818682e-08, 1.93870963727e-08, 1.38479823164e-08, 2.77019953643e-08, 6.05676930832e-08, 5.6905047785e-08, 2.84337371426e-08, 3.29195266602e-08, 4.00742941054e-08, 1.66593654427e-08, 6.68979316387e-09, 3.52337670151e-09, 2.53335752376e-09, 2.50298559656e-09, 1.32417166121e-09, 1.18344245514e-09, 1.54050106005e-09, 1.90188353955e-09, 5.18189713361e-10, 1.87976051391e-10],
        "dvar": [1.76460712709e-08, 3.98697966375e-06, 3.25833184434e-06, 4.25637097123e-07, 3.5139084531e-08, 6.71154065657e-09, 1.85537840647e-09, 7.88395806972e-11, 1.74701624694e-11, 3.62336332813e-12, 4.21816959617e-13, 8.5762587353e-13, 2.78155211537e-13, 5.33050776371e-14, 1.79105031994e-14, 9.38806341287e-15, 3.3150696916e-15, 3.78695555817e-15, 2.12106536761e-15, 6.91122557269e-16, 3.37399295624e-16, 2.08130540284e-16, 1.3978412675e-16, 3.58790689191e-16, 1.82510739716e-15, 1.67723958501e-15, 3.91742097254e-16, 5.44511318494e-16, 9.94543946777e-16, 1.76387067379e-16, 2.51000843126e-17, 1.03730723561e-17, 5.62155583886e-18, 5.23078537773e-18, 2.11292947719e-18, 1.50871953465e-18, 2.68672212745e-18, 2.91790918249e-18, 6.11916629207e-19, 4.30503564864e-19],
        "dvar2": [2.43594637794e-08, 4.25352027378e-06, 3.46618367075e-06, 4.80500773392e-07, 3.56499008092e-08, 7.0459349466e-09, 2.13651119019e-09, 1.11428553884e-10, 2.64788746485e-11, 4.65187133605e-12, 6.22013887879e-13, 1.43330421316e-12, 4.69989552918e-13, 9.72275780936e-14, 3.12490478101e-14, 1.83695052713e-14, 6.28247471e-15, 7.79553559292e-15, 3.63529346193e-15, 1.33292852701e-15, 6.25661151187e-16, 3.61275910328e-16, 2.18517506793e-16, 9.39684269761e-16, 5.04365471981e-15, 4.56652063711e-15, 1.03778296703e-15, 1.38002991162e-15, 2.60057918938e-15, 4.50161800807e-16, 6.12971406497e-17, 2.18396311598e-17, 1.03834642261e-17, 1.09637107463e-17, 3.57513499164e-18, 2.4994000467e-18, 5.63753903624e-18, 6.78231316344e-18, 7.68450685664e-19, 4.48302371996e-19],
        "max": [0.00310599384829, 0.0312122516334, 0.0209459271282, 0.00845317542553, 0.0022408075165, 0.000958884309512, 0.000680119846947, 0.000142460587085, 4.99867455801e-05, 2.471116386e-05, 1.0843428754e-05, 1.43285560625e-05, 7.07274693923e-06, 3.11978396894e-06, 2.18333229896e-06, 1.28181613945e-06, 9.15194561912e-07, 8.62171475546e-07, 7.01174940332e-07, 4.14745471744e-07, 3.31217506755e-07, 2.79942071302e-07, 2.39548711534e-07, 1.7918642925e-07, 3.92817298689e-07, 3.50907157554e-07, 2.11855507359e-07, 1.92304781876e-07, 3.06809880612e-07, 1.34876273705e-07, 5.47894636327e-08, 4.56800322013e-08, 4.05808080473e-08, 3.5238102214e-08, 2.80544547593e-08, 2.30720598182e-08, 2.16286384358e-08, 1.91608293676e-08, 1.70427743029e-08, 1.5214483895e-08],
        "mean": [0.00162821495906, 0.0222806613892, 0.0124494461343, 0.00419472111389, 0.000938167213462, 0.000341830134857, 0.000125947219203, 3.63781182386e-05, 1.43417910294e-05, 7.27128372091e-06, 2.7036874144e-06, 3.27231009578e-06, 2.15274212678e-06, 8.65600611633e-07, 4.52781421245e-07, 3.51048612401e-07, 2.0300127801e-07, 1.95624110688e-07, 1.35544780733e-07, 6.69700384037e-08, 4.71127243884e-08, 3.70991912746e-08, 2.20331237699e-08, 3.78724323014e-08, 8.08914251138e-08, 7.38486178875e-08, 3.2380544468e-08, 3.29419052036e-08, 3.42877513049e-08, 1.59124251553e-08, 6.87340717676e-09, 3.35109251459e-09, 2.43592546134e-09, 2.24504681512e-09, 1.36217703783e-09, 1.22373156053e-09, 1.5065660941e-09, 1.59023494373e-09, 6.12246142673e-10, 2.33586455733e-10],
        "median": [0.0016339950962, 0.0222103092819, 0.0119394771755, 0.00398168992251, 0.000860302418005, 0.000317777448799, 0.000102206722659, 3.0484110539e-05, 1.26647264551e-05, 6.46398484605e-06, 2.37932385971e-06, 2.97976703223e-06, 1.84012469617e-06, 7.29430780666e-07, 3.87071480645e-07, 3.12581391881e-07, 1.81337355798e-07, 1.73435125816e-07, 1.14487342273e-07, 5.84327146669e-08, 4.19507912852e-08, 3.2731037436e-08, 1.92626483653e-08, 3.34151337711e-08, 7.13400964969e-08, 6.36358663542e-08, 2.74716924764e-08, 2.63838835224e-08, 2.42273241469e-08, 1.20762564393e-08, 5.45351319658e-09, 2.48119391699e-09, 1.85913706652e-09, 1.68594149752e-09, 1.03338382296e-09, 8.85121032024e-10, 8.92492801885e-10, 8.98228769142e-10, 4.6664555553e-10, 1.74652431406e-10],
        "min": [0.000238818654907, 0.00031029980164, 0.000189667960512, 4.7058074415e-05, 9.1570764198e-06, 2.39071437136e-06, 1.25577219023e-06, 1.27533985506e-06, 5.417177249e-07, 1.96660550955e-07, 1.11773999834e-07, 1.19553803302e-07, 8.33270945577e-08, 4.94101861648e-08, 4.335509729e-08, 3.40768586682e-08, 2.81952363679e-08, 2.18041460442e-08, 1.9233461046e-08, 1.19050085345e-08, 9.01799346309e-09, 7.641816957e-09, 3.96482979781e-09, 4.84675721779e-09, 3.25452020888e-09, 5.81814463274e-09, 4.57021798184e-09, 2.46490405864e-09, 3.03811509283e-09, 2.62116439664e-09, 1.54942325636e-09, 6.92574997352e-10, 4.57341692295e-10, 3.97949340147e-10, 3.17887161039e-10, 2.51311943478e-10, 1.74071604353e-10, 1.88993209971e-10, 1.0124742017e-10, 4.8063386604e-11],
        "var": [5.49264775884e-08, 1.95768952835e-05, 1.56049063662e-05, 2.44396687776e-06, 1.97146889036e-07, 3.22033635314e-08, 8.43807868023e-09, 5.77719427852e-10, 6.99535845916e-11, 2.01790077703e-11, 2.82441084409e-12, 3.96520836998e-12, 1.69588041526e-12, 2.87519167546e-13, 7.50639242604e-14, 4.1329038038e-14, 1.15476882613e-14, 1.15887990054e-14, 6.3843867496e-15, 1.49545318552e-15, 6.63019909903e-16, 4.54685380262e-16, 2.13914570939e-16, 4.76585205355e-16, 2.42489862689e-15, 2.17467514164e-15, 4.57452848659e-16, 6.04516297148e-16, 1.02174492757e-15, 1.92727868178e-16, 2.58608638287e-17, 1.00544887062e-17, 5.61070529717e-18, 4.83669254567e-18, 2.16131871584e-18, 1.71617364055e-18, 3.82776298175e-18, 3.64442667078e-18, 6.64732990198e-19, 4.31792855095e-19]
    },
    "mfcc": {
        "mean": [-824.148193359, 245.542373657, 67.2243423462, 62.790309906, 15.0956106186, 7.56291723251, 17.9228820801, -6.88407564163, -6.64425754547, 0.297899514437, -8.66752147675, -7.77152776718, -5.45568752289],
        "cov": [[367.867462158, 39.5861282349, -116.207580566, 3.628667593, -66.8289794922, -26.9347267151, -5.0661239624, -14.5802173615, -22.8076381683, -3.14292883873, -27.433391571, -19.5811824799, -11.5900821686], [39.5861282349, 131.894561768, -41.0153007507, -58.9129829407, 12.0191812515, -26.9279937744, 1.77972412109, -9.62734603882, -6.03091192245, -10.734413147, -4.45451211929, -20.1888332367, 2.52968192101], [-116.207580566, -41.0153007507, 70.4003677368, 18.7780056, 18.9810333252, 10.0281715393, -7.91096019745, 3.27805423737, 2.61697173119, 1.96741199493, 6.28680706024, 17.4973011017, 0.772243976593], [3.628667593, -58.9129829407, 18.7780056, 59.8028182983, -18.3012065887, 12.7105264664, -4.22427558899, -3.80292749405, -0.560503840446, -2.72289037704, 2.13386964798, 4.32635164261, 6.34393692017], [-66.8289794922, 12.0191812515, 18.9810333252, -18.3012065887, 32.2528877258, -0.948854923248, -0.102709986269, 4.53511619568, 0.745738506317, -1.62863135338, -1.12015128136, 4.17404174805, -4.98528862], [-26.9347267151, -26.9279937744, 10.0281715393, 12.7105264664, -0.948854923248, 17.6096553802, 1.20295143127, 0.223945960402, 4.460729599, -1.94448804855, 3.08021664619, 0.0963895693421, 2.4134953022], [-5.0661239624, 1.77972412109, -7.91096019745, -4.22427558899, -0.102709986269, 1.20295143127, 14.672088623, 2.88831400871, 0.875553905964, 0.0222769211978, -2.11545920372, -1.4982727766, -4.37899780273], [-14.5802173615, -9.62734603882, 3.27805423737, -3.80292749405, 4.53511619568, 0.223945960402, 2.88831400871, 10.9247026443, 1.26423573494, 0.721895337105, 1.16279602051, 0.897171258926, -2.17783546448], [-22.8076381683, -6.03091192245, 2.61697173119, -0.560503840446, 0.745738506317, 4.460729599, 0.875553905964, 1.26423573494, 11.1953144073, 1.06835758686, 2.1169064045, 1.88196516037, 0.899115264416], [-3.14292883873, -10.734413147, 1.96741199493, -2.72289037704, -1.62863135338, -1.94448804855, 0.0222769211978, 0.721895337105, 1.06835758686, 12.9980192184, 2.64676809311, 2.72995209694, -0.418369531631], [-27.433391571, -4.45451211929, 6.28680706024, 2.13386964798, -1.12015128136, 3.08021664619, -2.11545920372, 1.16279602051, 2.1169064045, 2.64676809311, 14.3114290237, -0.506454110146, 5.03391838074], [-19.5811824799, -20.1888332367, 17.4973011017, 4.32635164261, 4.17404174805, 0.0963895693421, -1.4982727766, 0.897171258926, 1.88196516037, 2.72995209694, -0.506454110146, 17.2665271759, -4.90474939346], [-11.5900821686, 2.52968192101, 0.772243976593, 6.34393692017, -4.98528862, 2.4134953022, -4.37899780273, -2.17783546448, 0.899115264416, -0.418369531631, 5.03391838074, -4.90474939346, 14.8190765381]],
