{
"lowlevel": {
    "average_loudness": 0.961226761341,
    "barkbands_crest": {
        "dmean": 1.29477834702,
        "dmean2": 1.90753757954,
        "dvar": 3.72230267525,
        "dvar2": 7.42641973495,
        "max": 25.7746963501,
        "mean": 20.0362110138,
        "median": 21.8510360718,
        "min": 8.73969554901,
        "var": 26.9640274048
    },
    "barkbands_flatness_db": {
        "dmean": 0.0229437686503,
        "dmean2": 0.0317626409233,
        "dvar": 0.00128163443878,
        "dvar2": 0.00162729690783,
        "max": 0.621544539928,
        "mean": 0.49645781517,
        "median": 0.531018555164,
        "min": 0.125914976001,
        "var": 0.00832045543939
    },
    "barkbands_kurtosis": {
        "dmean": 2.32227158546,
        "dmean2": 3.09523534775,
        "dvar": 7.56680631638,
        "dvar2": 19.9584369659,
        "max": 23.2881565094,
        "mean": 5.96343135834,
        "median": 3.66849994659,
        "min": -1.0927516222,
        "var": 42.3268470764
    },
    "barkbands_skewness": {
        "dmean": 0.479450851679,
        "dmean2": 0.630243182182,
        "dvar": 0.344490289688,
        "dvar2": 0.591527163982,
        "max": 4.23735332489,
        "mean": -0.47348856926,
        "median": -0.470054417849,
        "min": -4.54826641083,
        "var": 5.48283720016
    },
    "barkbands_spread": {
        "dmean": 0.298350453377,
        "dmean2": 0.385503590107,
        "dvar": 0.378838270903,
        "dvar2": 0.403856098652,
        "max": 7.97959136963,
        "mean": 1.6369048357,
        "median": 1.27081763744,
        "min": 0.438702136278,
        "var": 1.44893169403
    },
    "dissonance": {
        "dmean": 0.0733088627458,
        "dmean2": 0.131718486547,
        "dvar": 0.00548539776355,
        "dvar2": 0.0105297053233,
        "max": 0.472358345985,
        "mean": 0.21142026782,
        "median": 0.190010145307,
        "min": 0.078464537859,
        "var": 0.00939274206758
    },
    "dynamic_complexity": 3.11720705032,
    "erbbands_crest": {
        "dmean": 1.47820532322,
        "dmean2": 2.16725206375,
        "dvar": 4.42630529404,
        "dvar2": 9.19430828094,
        "max": 30.2123565674,
        "mean": 23.3784618378,
        "median": 24.7314243317,
        "min": 11.9892129898,
        "var": 31.9116668701
    },
    "erbbands_flatness_db": {
        "dmean": 0.0182604957372,
        "dmean2": 0.0245764683932,
        "dvar": 0.00103432266042,
        "dvar2": 0.00124417408369,
        "max": 0.600574374199,
        "mean": 0.508216500282,
        "median": 0.536831498146,
        "min": 0.175711214542,
        "var": 0.00640901736915
    },
    "erbbands_kurtosis": {
        "dmean": 1.82711517811,
        "dmean2": 2.63120675087,
        "dvar": 5.77194976807,
        "dvar2": 12.1751737595,
        "max": 28.8681240082,
        "mean": 7.41862154007,
        "median": 2.17589139938,
        "min": -1.51303303242,
        "var": 99.3218765259
    },
    "erbbands_skewness": {
        "dmean": 0.359844237566,
        "dmean2": 0.488299250603,
        "dvar": 0.227439939976,
        "dvar2": 0.322560936213,
        "max": 2.27124905586,
        "mean": -1.04665470123,
        "median": -0.978175163269,
        "min": -3.60223770142,
        "var": 3.24024200439
    },
    "erbbands_spread": {
        "dmean": 0.595613539219,
        "dmean2": 0.811039984226,
        "dvar": 1.61792969704,
        "dvar2": 1.81950378418,
        "max": 14.529460907,
        "mean": 3.4542927742,
        "median": 2.56466197968,
        "min": 0.592853248119,
        "var": 9.43295860291
    },
    "hfc": {
        "dmean": 1.47222387791,
        "dmean2": 1.92748606205,
        "dvar": 5.38664913177,
        "dvar2": 7.5606546402,
        "max": 41.4128494263,
        "mean": 19.6116466522,
        "median": 20.6852283478,
        "min": 0.0388308800757,
        "var": 177.660018921
    },
    "melbands_crest": {
        "dmean": 1.59859275818,
        "dmean2": 2.05314779282,
        "dvar": 3.75139093399,
        "dvar2": 6.53365039825,
        "max": 32.0862884521,
        "mean": 25.4334106445,
        "median": 26.2694091797,
        "min": 8.12930870056,
        "var": 30.5269393921
    },
    "melbands_flatness_db": {
        "dmean": 0.0239391811192,
        "dmean2": 0.0326589122415,
        "dvar": 0.00137507566251,
        "dvar2": 0.00182277336717,
        "max": 0.721499860287,
        "mean": 0.576679885387,
        "median": 0.601892232895,
        "min": 0.199426725507,
        "var": 0.00807545613497
    },
    "melbands_kurtosis": {
        "dmean": 1.54757940769,
        "dmean2": 1.95324385166,
        "dvar": 3.78901004791,
        "dvar2": 8.6211977005,
        "max": 14.6200752258,
        "mean": 3.15606665611,
        "median": 2.63487482071,
        "min": -1.64474749565,
        "var": 16.2593517303
    },
    "melbands_skewness": {
        "dmean": 0.379258304834,
        "dmean2": 0.506477594376,
        "dvar": 0.260673046112,
        "dvar2": 0.399910390377,
        "max": 3.52231121063,
        "mean": -0.10509365052,
        "median": -0.31325095892,
        "min": -3.27524232864,
        "var": 3.96567130089
    },
    "melbands_spread": {
        "dmean": 0.456749290228,
        "dmean2": 0.579321205616,
        "dvar": 0.391881555319,
        "dvar2": 0.484744906425,
        "max": 10.0755081177,
        "mean": 3.3180346489,
        "median": 2.86697435379,
        "min": 0.825847029686,
        "var": 3.38311862946
    },
    "pitch_salience": {
        "dmean": 0.0387027673423,
        "dmean2": 0.051734469831,
        "dvar": 0.00282086851075,
        "dvar2": 0.00424605747685,
        "max": 0.819018661976,
        "mean": 0.351303458214,
        "median": 0.336618542671,
        "min": 0.194012284279,
        "var": 0.0114990565926
    },
    "silence_rate_20dB": {
        "dmean": 0,
        "dmean2": 0,
        "dvar": 0,
        "dvar2": 0,
        "max": 1,
        "mean": 1,
        "median": 1,
        "min": 1,
        "var": 0
    },
    "silence_rate_30dB": {
        "dmean": 0,
        "dmean2": 0,
        "dvar": 0,
        "dvar2": 0,
        "max": 1,
        "mean": 1,
        "median": 1,
        "min": 1,
        "var": 0
    },
    "silence_rate_60dB": {
        "dmean": 0.0111111113802,
        "dmean2": 0.0224719103426,
        "dvar": 0.0109876524657,
        "dvar2": 0.0219669211656,
        "max": 1,
        "mean": 0.109890110791,
        "median": 0,
        "min": 0,
        "var": 0.0978142693639
    },
    "spectral_centroid": {
        "dmean": 20.929189682,
        "dmean2": 29.9078464508,
        "dvar": 1302.22192383,
        "dvar2": 2095.6184082,
        "max": 687.378112793,
        "mean": 553.177185059,
        "median": 581.527893066,
        "min": 386.16809082,
        "var": 11711.9160156
    },
    "spectral_complexity": {
        "dmean": 0.488888889551,
        "dmean2": 0.842696607113,
        "dvar": 0.494321018457,
        "dvar2": 1.03143513203,
        "max": 6,
        "mean": 3.5824174881,
        "median": 3,
        "min": 0,
        "var": 1.0563942194
    },
    "spectral_decrease": {
        "dmean": 7.10440872798e-10,
        "dmean2": 9.93640614233e-10,
        "dvar": 1.28430615825e-18,
        "dvar2": 2.1223111529e-18,
        "max": -1.36782555768e-11,
        "mean": -8.64987637073e-09,
        "median": -1.13517915068e-08,
        "min": -1.49842183106e-08,
        "var": 2.65716121525e-17
    },
    "spectral_energy": {
        "dmean": 0.00280930125155,
        "dmean2": 0.00391680235043,
        "dvar": 1.9898503524e-05,
        "dvar2": 3.26761000906e-05,
        "max": 0.0603099614382,
        "mean": 0.0344253107905,
        "median": 0.0454983711243,
        "min": 5.51470584469e-05,
        "var": 0.000423417717684
    },
    "spectral_energyband_high": {
        "dmean": 4.76499678825e-07,
        "dmean2": 5.71092073187e-07,
        "dvar": 9.64847993168e-12,
        "dvar2": 1.03895694131e-11,
        "max": 3.06132242258e-05,
        "mean": 8.33518583931e-07,
        "median": 3.84240024687e-07,
        "min": 1.1213938933e-07,
        "var": 9.96816084536e-12
    },
    "spectral_energyband_low": {
        "dmean": 1.71032411345e-06,
        "dmean2": 2.24915834224e-06,
        "dvar": 6.74574007764e-11,
        "dvar2": 7.39659652971e-11,
        "max": 8.67920098244e-05,
        "mean": 2.58214117821e-06,
        "median": 1.16368300951e-06,
        "min": 1.9119286776e-07,
        "var": 8.16976000739e-11
    },
    "spectral_energyband_middle_high": {
        "dmean": 0.000126660976093,
        "dmean2": 0.000178423870238,
        "dvar": 1.53355841803e-07,
        "dvar2": 2.31589055488e-07,
        "max": 0.0039230408147,
        "mean": 0.000480875052745,
        "median": 1.81432296813e-05,
        "min": 2.39536257141e-06,
        "var": 1.19864705539e-06
    },
    "spectral_energyband_middle_low": {
        "dmean": 0.00281740934588,
        "dmean2": 0.00394150195643,
        "dvar": 2.0203036911e-05,
        "dvar2": 3.32213603542e-05,
        "max": 0.0602720975876,
        "mean": 0.0339454822242,
        "median": 0.0453785657883,
        "min": 4.73065847473e-05,
        "var": 0.000438601680798
    },
    "spectral_entropy": {
        "dmean": 0.205874681473,
        "dmean2": 0.261022686958,
        "dvar": 0.140586569905,
        "dvar2": 0.180562332273,
        "max": 7.97144556046,
        "mean": 4.33273839951,
        "median": 4.15636920929,
        "min": 3.50998687744,
        "var": 0.567623615265
    },
    "spectral_flux": {
        "dmean": 0.0162242539227,
        "dmean2": 0.0258102733642,
        "dvar": 0.000729322084226,
        "dvar2": 0.00183565425687,
        "max": 0.173127859831,
        "mean": 0.0261703897268,
        "median": 0.0145963877439,
        "min": 0.0036750305444,
        "var": 0.00097551982617
    },
    "spectral_kurtosis": {
        "dmean": 25.3912811279,
        "dmean2": 38.8434715271,
        "dvar": 385.946563721,
        "dvar2": 943.534301758,
        "max": 271.921569824,
        "mean": 123.763191223,
        "median": 123.339668274,
        "min": 3.67720174789,
        "var": 2962.5703125
    },
    "spectral_rms": {
        "dmean": 0.000269947136985,
        "dmean2": 0.000356240809197,
        "dvar": 1.6838623651e-07,
        "dvar2": 2.59229324229e-07,
        "max": 0.00767065770924,
        "mean": 0.00536824669689,
        "median": 0.00666248146445,
        "min": 0.000231952595641,
        "var": 4.7676039685e-06
    },
    "spectral_rolloff": {
        "dmean": 33.49609375,
        "dmean2": 65.5673904419,
        "dvar": 7646.69628906,
        "dvar2": 16993.6738281,
        "max": 882.861328125,
        "mean": 680.780212402,
        "median": 710.595703125,
        "min": 387.59765625,
        "var": 19574.078125
    },
    "spectral_skewness": {
        "dmean": 1.09583449364,
        "dmean2": 1.71241748333,
        "dvar": 0.725643694401,
        "dvar2": 1.57792711258,
        "max": 14.439704895,
        "mean": 9.16972637177,
        "median": 9.33999919891,
        "min": 2.13665986061,
        "var": 5.21235322952
    },
    "spectral_spread": {
        "dmean": 673154.75,
        "dmean2": 850014.1875,
        "dvar": 2.95334261555e+12,
        "dvar2": 1.44045074022e+12,
        "max": 24830090,
        "mean": 1522682.75,
        "median": 1099612.5,
        "min": 336035.40625,
        "var": 7.50968897536e+12
    },
    "spectral_strongpeak": {
        "dmean": 0.22550663352,
        "dmean2": 0.276183485985,
        "dvar": 0.15847890079,
        "dvar2": 0.186467498541,
        "max": 6.82068252563,
        "mean": 3.46159958839,
        "median": 3.40531039238,
        "min": 0.02387326397,
        "var": 5.06304216385
    },
    "zerocrossingrate": {
        "dmean": 0.00142686627805,
        "dmean2": 0.00155811093282,
        "dvar": 4.63712285637e-06,
        "dvar2": 3.44971135746e-06,
        "max": 0.0322265625,
        "mean": 0.0259218327701,
        "median": 0.0302734375,
        "min": 0.00732421875,
        "var": 4.58688482468e-05
    },
    "barkbands": {
        "dmean": [1.70763328811e-07, 4.68081196914e-07, 7.85060649378e-07, 1.68158669567e-06, 0.000180504779564, 0.00209390372038, 0.000295551988529, 0.000143427809235, 0.00180249067489, 0.000132328423206, 8.04902992968e-06, 1.2667574083e-06, 1.80894471669e-06, 1.07326445686e-06, 1.01433806776e-06, 2.97944609429e-07, 1.85060244462e-07, 1.78279549345e-07, 1.18273291605e-07, 1.0344145096e-07, 8.47019805406e-08, 8.22777366238e-08, 8.65459668375e-08, 5.61604593941e-08, 4.7891216326e-08, 4.51859385464e-08, 6.26007903293e-08],
        "dmean2": [1.87694382703e-07, 6.17248929302e-07, 1.0894694924e-06, 2.37315975937e-06, 0.000245908973739, 0.0032346341759, 0.000430336920545, 0.000230342688155, 0.00208434509113, 0.000186008604942, 1.08953436211e-05, 1.72412023858e-06, 2.62559569819e-06, 1.69353768342e-06, 1.54535973707e-06, 4.3177783482e-07, 2.4786203312e-07, 2.45364446982e-07, 1.50940863364e-07, 1.30217031824e-07, 1.0615637791e-07, 1.09970869744e-07, 1.14128518192e-07, 6.5337545152e-08, 5.25670920126e-08, 5.01042940471e-08, 7.62704743806e-08],
        "dvar": [2.03791389146e-12, 6.47436965151e-12, 8.87950130091e-12, 3.09605709126e-11, 1.73666066416e-07, 2.35144361795e-05, 4.92453409606e-07, 1.73386595748e-07, 1.22196179291e-05, 1.73632443534e-07, 1.57975088566e-09, 4.17669544783e-11, 2.37431463379e-11, 4.59223631344e-12, 9.92914604703e-12, 1.25285534985e-12, 9.22191142894e-13, 7.99656998604e-13, 5.10534539991e-13, 3.77944637392e-13, 2.95689606697e-13, 2.05091003317e-13, 1.62788605837e-13, 1.36959711692e-13, 1.33673101884e-13, 1.20530972356e-13, 1.1713090079e-13],
        "dvar2": [2.05374346002e-12, 6.82841283517e-12, 8.65833012925e-12, 5.12294130728e-11, 2.42984071974e-07, 4.11610926676e-05, 9.72476073002e-07, 3.0748054769e-07, 1.46645579662e-05, 2.46509245017e-07, 1.78625958469e-09, 4.30561107601e-11, 3.32205409015e-11, 6.31191496639e-12, 2.20719692523e-11, 1.55995409732e-12, 1.02441503631e-12, 8.56014911732e-13, 5.36963756879e-13, 3.95302903909e-13, 3.13655622742e-13, 2.35783994326e-13, 2.11841950774e-13, 1.45345243003e-13, 1.34282193112e-13, 1.19922111521e-13, 1.27796753215e-13],
        "max": [1.36786748044e-05, 2.49009062827e-05, 3.09668939735e-05, 6.04373199167e-05, 0.00454260082915, 0.0500645153224, 0.00571575388312, 0.00305897509679, 0.0574412532151, 0.00378517224453, 0.000484229152789, 6.31689254078e-05, 4.43935350631e-05, 2.63861675194e-05, 2.44604234467e-05, 1.01286059362e-05, 9.23546758713e-06, 8.69351151778e-06, 6.95691687724e-06, 5.97079724685e-06, 5.28511964148e-06, 4.35611400462e-06, 3.9084798118e-06, 3.60775061381e-06, 3.59057094101e-06, 3.38404515787e-06, 3.65420805792e-06],
        "mean": [1.73689500116e-07, 5.49826438601e-07, 9.88307760963e-07, 2.39436667471e-06, 0.000991435837932, 0.011875464581, 0.000687543011736, 0.000547125411686, 0.019820002839, 0.000468836020445, 1.91557028302e-05, 1.68662870692e-06, 4.90396178066e-06, 2.08410779123e-06, 1.12312147849e-06, 3.72981844521e-07, 2.36131668885e-07, 2.30499281884e-07, 1.6687639004e-07, 1.48221985796e-07, 1.18900707946e-07, 1.05410336459e-07, 1.15512975185e-07, 8.47410461802e-08, 6.99891984368e-08, 6.11339174839e-08, 2.22464606736e-07],
        "median": [1.62756847999e-08, 2.11032784136e-07, 4.80173127926e-07, 8.18778005396e-07, 0.000115456772619, 0.00342174991965, 7.2567279858e-05, 0.000163054137374, 0.00731220841408, 3.75176932721e-05, 1.05185631583e-06, 6.56950305711e-07, 2.33020546148e-06, 1.06207608042e-06, 3.63667027159e-07, 1.67888998703e-07, 9.26784196054e-08, 9.83594645732e-08, 7.69544072909e-08, 6.65334880523e-08, 4.24554862377e-08, 4.05225755173e-08, 3.86522103213e-08, 3.04525578088e-08, 2.08971648874e-08, 1.84913719892e-08, 1.61445257163e-07],
        "min": [6.52257026168e-10, 1.71359957335e-08, 2.72174620619e-08, 5.60879982459e-08, 5.3349922382e-06, 1.40584888868e-05, 1.13804526336e-06, 1.04046523575e-06, 1.78444443009e-05, 1.53643782141e-06, 9.60305186481e-08, 1.39915286468e-07, 3.84076344062e-07, 2.89875373483e-07, 5.18658715976e-08, 3.11593240099e-08, 2.28006644676e-08, 2.09886881208e-08, 1.84201187636e-08, 1.83520416641e-08, 1.0368422565e-08, 8.3039370935e-09, 6.43306830028e-09, 7.22964133004e-09, 5.58264723338e-09, 4.35498614948e-09, 6.25545339972e-08],
        "var": [2.02699792715e-12, 6.64564453814e-12, 1.02977201419e-11, 4.62415349067e-11, 1.76201046997e-06, 0.000263022724539, 1.94572294276e-06, 7.82425274792e-07, 0.000443634751718, 1.0997911204e-06, 3.53749474158e-09, 4.31872836104e-11, 4.22908305597e-11, 9.94834162965e-12, 9.29441332925e-12, 1.29192370777e-12, 9.29609687839e-13, 8.25878265515e-13, 5.18364105979e-13, 3.82753426393e-13, 3.00151532318e-13, 2.06595767512e-13, 1.6946605794e-13, 1.39225219895e-13, 1.3820997298e-13, 1.22967852264e-13, 1.39752128598e-13]
    },
    "erbbands": {
        "dmean": [1.29939753606e-05, 0.000112149355118, 0.000684399099555, 0.00315046310425, 0.0135716916993, 0.366389036179, 4.79088830948, 22.1832485199, 9.88156986237, 2.56350398064, 3.98386573792, 46.1093635559, 15.1777915955, 4.255382061, 0.199625656009, 0.0554009340703, 0.0753692761064, 0.0631249397993, 0.0325300246477, 0.0570236481726, 0.0142779164016, 0.0103300586343, 0.0105547439307, 0.00663946615532, 0.00564411468804, 0.00495148543268, 0.00386797753163, 0.00300939311273, 0.0028191038873, 0.00278460723348, 0.00262935599312, 0.00138142949436, 0.000886725785676, 0.000564421410672, 0.000335590157192, 0.000173721011379, 8.67026828928e-05, 5.22457994521e-05, 8.05915806268e-06, 3.50212349076e-06],
        "dmean2": [1.56406658789e-05, 0.000154184264829, 0.000955615541898, 0.00426551653072, 0.0192032456398, 0.526360690594, 6.30590629578, 33.3116378784, 13.1545972824, 4.17107009888, 6.07974147797, 52.6124916077, 18.0133476257, 5.67555093765, 0.292252153158, 0.0781314373016, 0.110979564488, 0.0970129296184, 0.0498460419476, 0.0868360698223, 0.020333012566, 0.0135097010061, 0.0148307643831, 0.008734065108, 0.00704801408574, 0.00633222144097, 0.0048576858826, 0.0036628972739, 0.00374724296853, 0.00371180381626, 0.0035208617337, 0.00164149398915, 0.00104120071046, 0.000632631243207, 0.000373680406483, 0.000194858177565, 9.80242330115e-05, 7.24675919628e-05, 9.27531709749e-06, 4.78498395751e-06],
        "dvar": [7.32124982861e-09, 3.12975487304e-07, 8.17570344225e-06, 0.000126168888528, 0.00218364573084, 0.612908303738, 104.095367432, 3182.26586914, 503.354064941, 115.832443237, 111.83089447, 8321.73046875, 652.543273926, 175.446609497, 0.265108764172, 0.0598894171417, 0.0505578257143, 0.0183025766164, 0.00851081125438, 0.0522872880101, 0.00356355006807, 0.00298982253298, 0.00273583689705, 0.00135986949317, 0.00122685951646, 0.000862197077367, 0.000571771815885, 0.000402778707212, 0.000266545859631, 0.000194556603674, 0.000131616790895, 6.67554777465e-05, 3.51757262251e-05, 1.72675863723e-05, 6.67839276502e-06, 1.89601450984e-06, 4.30936864859e-07, 5.03477721736e-08, 2.39928454882e-09, 3.38233503705e-11],
        "dvar2": [7.5255695009e-09, 3.32316290041e-07, 8.41122346174e-06, 0.000176454923349, 0.00232940702699, 0.968886971474, 138.135452271, 4880.91796875, 1010.50439453, 205.208450317, 191.771942139, 9000.7734375, 917.65838623, 215.731460571, 0.402118682861, 0.0640370994806, 0.0762616842985, 0.0239251684397, 0.0109408805147, 0.122503273189, 0.00412304699421, 0.0033014677465, 0.00297309434973, 0.00142425682861, 0.00129697576631, 0.00090341293253, 0.000606899324339, 0.000421203090809, 0.000301738356939, 0.000230754361837, 0.000177296547918, 7.44995195419e-05, 3.6812009057e-05, 1.73909538717e-05, 6.70783128953e-06, 1.92459083337e-06, 4.33019692991e-07, 5.89984310295e-08, 2.379836328e-09, 4.82686252079e-11],
        "max": [0.0008368351846, 0.00556421186775, 0.0296719726175, 0.13043127954, 0.609514534473, 9.3031167984, 112.608543396, 609.553894043, 205.484283447, 91.1786651611, 102.317703247, 1541.08251953, 407.317016602, 159.715026855, 10.201748848, 2.71029305458, 1.95686841011, 1.7528629303, 0.864451408386, 1.85632836819, 0.565440893173, 0.525072395802, 0.50476962328, 0.36029946804, 0.341014266014, 0.28519281745, 0.232175514102, 0.195445537567, 0.157702699304, 0.134833842516, 0.110181890428, 0.0797167271376, 0.057903777808, 0.0407383963466, 0.0254133101553, 0.0133735788986, 0.00637998851016, 0.0023812383879, 0.000515809166245, 7.06138962414e-05],
        "mean": [1.92721090571e-05, 0.000159274728503, 0.00105791829992, 0.00620337948203, 0.0500991679728, 2.13421654701, 28.4974403381, 123.979736328, 46.8131332397, 5.42072629929, 29.2227420807, 521.221252441, 153.563354492, 22.1493721008, 1.43074023724, 0.152594268322, 0.206001892686, 0.168958693743, 0.0626019462943, 0.0545353107154, 0.0188635624945, 0.0136275785044, 0.0135910101235, 0.00928513519466, 0.00831407681108, 0.00710019702092, 0.00532310362905, 0.0044434289448, 0.00369613664225, 0.00352108455263, 0.0034816195257, 0.00209126016125, 0.00131134258118, 0.000847764371429, 0.000494303472806, 0.000251376011875, 0.000130488231662, 0.000137546740007, 3.94836388296e-05, 4.22243247158e-05],
        "median": [8.31952547742e-06, 8.20548375486e-05, 0.00054360833019, 0.00311816809699, 0.026392782107, 0.519060075283, 21.7044143677, 17.1889667511, 3.40083026886, 2.19434285164, 26.2864627838, 129.005477905, 88.4934158325, 6.81329393387, 0.492128163576, 0.0857256501913, 0.103219136596, 0.123974509537, 0.0352541431785, 0.0134075805545, 0.00841496326029, 0.00587508361787, 0.00603559147567, 0.0042748041451, 0.00359165063128, 0.00311372755095, 0.00212181266397, 0.00192471512128, 0.00146819488145, 0.0013568304712, 0.00106107350439, 0.000760273193009, 0.000463554344606, 0.000275058671832, 0.000164979719557, 8.68871429702e-05, 5.25041723449e-05, 8.26613468234e-05, 3.78377553716e-05, 5.47964627913e-05],
        "min": [1.59262754096e-06, 1.55649177032e-05, 0.000171646417584, 0.000586103415117, 0.00333891133778, 0.0202458426356, 0.068819090724, 0.12519608438, 0.0860733538866, 0.0340126343071, 0.0351054444909, 0.367174059153, 0.453943878412, 0.103284105659, 0.0214639939368, 0.0103842485696, 0.019523954019, 0.0149713307619, 0.00975329149514, 0.00347849400714, 0.00196346989833, 0.00154992972966, 0.00136570609175, 0.00132643501274, 0.00074092700379, 0.00088368501747, 0.000596248719376, 0.000439233292127, 0.000297052116366, 0.000206302618608, 0.000194714113604, 0.000198071778868, 0.000127445659018, 9.71172921709e-05, 6.30915383226e-05, 3.47659843101e-05, 2.22975395445e-05, 2.92921176879e-05, 8.96847541298e-06, 1.14039767141e-06],
        "var": [7.47809991708e-09, 3.29349091999e-07, 9.39113033382e-06, 0.000208345372812, 0.00564531050622, 6.99605703354, 900.006896973, 40694.2304688, 4385.95117188, 159.720199585, 707.982116699, 329099.28125, 19645.1171875, 1759.33483887, 7.07074165344, 0.0866587162018, 0.077497549355, 0.0424222573638, 0.0100184632465, 0.0453907176852, 0.0036594690755, 0.00299078249373, 0.00277905212715, 0.00140261696652, 0.00124539225362, 0.000874394318089, 0.000580461288337, 0.000408665568102, 0.000269403652055, 0.00019889685791, 0.000137541501317, 6.82599566062e-05, 3.58619399776e-05, 1.77627825906e-05, 6.91858758728e-06, 1.91695266949e-06, 4.35028653101e-07, 6.2287327296e-08, 2.62414734387e-09, 5.16906462078e-10]
    },
    "gfcc": {
        "mean": [-239.909317017, 149.302276611, -91.8731307983, -95.502746582, -114.187309265, -49.8878898621, -27.5878753662, -9.81072235107, -10.9848480225, -17.5229873657, -14.0674591064, -5.57156658173, 12.6326580048],
        "cov": [[1383.99780273, -5.00348329544, -103.106040955, 0.361751288176, -108.098983765, 153.876098633, 91.720413208, -48.647567749, -111.972419739, -177.509155273, -62.614730835, -5.53121995926, -12.3618421555], [-5.00348329544, 269.557342529, 69.2786636353, -161.780593872, -36.9270057678, -137.91569519, -15.1946287155, -40.6354026794, 36.1247749329, 0.701918542385, 44.1644668579, 8.03481960297, 57.988319397], [-103.106040955, 69.2786636353, 133.850341797, 16.961648941, -20.7803230286, -71.6705322266, -59.371761322, -20.8437480927, 32.030834198, 42.8782310486, 67.6124038696, 60.3325576782, 29.7449741364], [0.361751288176, -161.780593872, 16.961648941, 238.243789673, 92.1230239868, 82.3084335327, -59.3414878845, -11.1156253815, -56.9603996277, 24.8301753998, 12.8068008423, 62.2305603027, -29.6258144379], [-108.098983765, -36.9270057678, -20.7803230286, 92.1230239868, 137.553115845, 48.9179000854, -14.2776041031, -9.6323890686, -81.0191040039, 3.884370327, -27.8374481201, 6.2411108017, -22.3812923431], [153.876098633, -137.91569519, -71.6705322266, 82.3084335327, 48.9179000854, 166.086914062, 63.9783058167, -6.02736663818, -111.583694458, -86.0010528564, -77.5319519043, -33.7542419434, -47.2886276245], [91.720413208, -15.1946287155, -59.371761322, -59.3414878845, -14.2776041031, 63.9783058167, 116.040740967, 19.6508483887, -48.6410446167, -89.4978103638, -74.8851165771, -73.3162078857, -15.7369470596], [-48.647567749, -40.6354026794, -20.8437480927, -11.1156253815, -9.6323890686, -6.02736663818, 19.6508483887, 47.6636734009, 36.5690116882, 19.8515491486, -11.4205827713, -24.2629585266, -12.6215438843], [-111.972419739, 36.1247749329, 32.030834198, -56.9603996277, -81.0191040039, -111.583694458, -48.6410446167, 36.5690116882, 155.691238403, 96.178276062, 63.7365989685, 12.2875499725, 26.5060348511], [-177.509155273, 0.701918542385, 42.8782310486, 24.8301753998, 3.884370327, -86.0010528564, -89.4978103638, 19.8515491486, 96.178276062, 151.741516113, 95.3230133057, 54.4320678711, 10.4280452728], [-62.614730835, 44.1644668579, 67.6124038696, 12.8068008423, -27.8374481201, -77.5319519043, -74.8851165771, -11.4205827713, 63.7365989685, 95.3230133057, 114.217567444, 78.6496887207, 26.2068195343], [-5.53121995926, 8.03481960297, 60.3325576782, 62.2305603027, 6.2411108017, -33.7542419434, -73.3162078857, -24.2629585266, 12.2875499725, 54.4320678711, 78.6496887207, 86.8013000488, 17.6521034241], [-12.3618421555, 57.988319397, 29.7449741364, -29.6258144379, -22.3812923431, -47.2886276245, -15.7369470596, -12.6215438843, 26.5060348511, 10.4280452728, 26.2068195343, 17.6521034241, 31.1320285797]],
        "icov": [[0.00159942533355, -0.00395392160863, 0.00269318069331, -0.00249999226071, 0.00493786344305, -0.00309389061294, 9.49541063164e-05, -0.00241887196898, 0.00161222368479, -0.00154780084267, 0.00303963012993, -0.00370731018484, -0.000345490028849], [-0.00395392160863, 0.0383384041488, -0.0129437418655, 0.0219688024372, -0.0269173122942, 0.0274740625173, -0.00249949889258, 0.0284889563918, -0.00648053269833, 0.0180482510477, -0.022184504196, 0.017361138016, 0.00126217177603], [0.00269318069331, -0.0129437418655, 0.0206088796258, -0.0111060086638, 0.0150465536863, -0.00214959890582, 0.00155613676179, -0.00843460485339, 0.00733520509675, -0.00465987576172, 0.00591732468456, -0.0106625026092, -0.00378093775362], [-0.00249999226071, 0.0219688024372, -0.0111060086638, 0.0272061042488, -0.0225113779306, 0.00432260660455, 0.00474479235709, 0.010978368111, -0.00826920662075, 0.0114635145292, -0.00892677810043, -0.00231437967159, 0.00384682393633], [0.00493786344305, -0.0269173122942, 0.0150465536863, -0.0225113779306, 0.0489385575056, -0.0123376222327, 0.00580347282812, -0.0234432481229, 0.0309152267873, -0.0296437200159, 0.0297672543675, -0.0125832483172, -0.00814359821379], [-0.00309389061294, 0.0274740625173, -0.00214959890582, 0.00432260660455, -0.0123376222327, 0.0531265288591, -0.015755854547, 0.0318654179573, 0.00407717516646, 0.0115052340552, -0.00876406487077, 0.00760326068848, 0.0262876488268], [9.49541063164e-05, -0.00249949889258, 0.00155613676179, 0.00474479235709, 0.00580347282812, -0.015755854547, 0.0534132346511, -0.0394445136189, 0.0197602435946, 0.0173107106239, -0.0227843094617, 0.0352677255869, -0.0244701094925], [-0.00241887196898, 0.0284889563918, -0.00843460485339, 0.010978368111, -0.0234432481229, 0.0318654179573, -0.0394445136189, 0.0943466722965, -0.0341587141156, -0.00239302869886, 0.0059072310105, -0.00527374073863, 0.0422425866127], [0.00161222368479, -0.00648053269833, 0.00733520509675, -0.00826920662075, 0.0309152267873, 0.00407717516646, 0.0197602435946, -0.0341587141156, 0.052549675107, -0.0193028468639, 0.000549419492017, 0.0175535138696, -0.0262987278402], [-0.00154780084267, 0.0180482510477, -0.00465987576172, 0.0114635145292, -0.0296437200159, 0.0115052340552, 0.0173107106239, -0.00239302869886, -0.0193028468639, 0.0561178997159, -0.0501618348062, 0.0245627295226, 0.0110098402947], [0.00303963012993, -0.022184504196, 0.00591732468456, -0.00892677810043, 0.0297672543675, -0.00876406487077, -0.0227843094617, 0.0059072310105, 0.000549419492017, -0.0501618348062, 0.0948818251491, -0.0744225606322, 0.00600752979517], [-0.00370731018484, 0.017361138016, -0.0106625026092, -0.00231437967159, -0.0125832483172, 0.00760326068848, 0.0352677255869, -0.00527374073863, 0.0175535138696, 0.0245627295226, -0.0744225606322, 0.106244325638, -0.028398161754], [-0.000345490028849, 0.00126217177603, -0.00378093775362, 0.00384682393633, -0.00814359821379, 0.0262876488268, -0.0244701094925, 0.0422425866127, -0.0262987278402, 0.0110098402947, 0.00600752979517, -0.028398161754, 0.105486363173]]
    },
    "melbands": {
        "dmean": [1.27758823965e-07, 2.79935591152e-07, 6.8890045668e-07, 4.75399656352e-06, 0.000134190122481, 0.000455368019175, 0.000138859992148, 2.55941777141e-05, 3.06531110255e-05, 0.000327576708514, 7.24989804439e-05, 1.86490869964e-05, 7.93062554294e-07, 1.42798384672e-07, 1.53372369027e-07, 2.07178061373e-07, 1.16402254946e-07, 5.40940803262e-08, 6.91375774409e-08, 5.3248356835e-08, 1.24918413391e-08, 1.07518332015e-08, 1.09841344909e-08, 8.44470982031e-09, 5.16175191478e-09, 4.41007896868e-09, 3.92399801541e-09, 3.27448534954e-09, 2.50788212419e-09, 2.09883044278e-09, 1.70450709103e-09, 1.55907853294e-09, 1.69092406743e-09, 1.49120749082e-09, 1.63674340747e-09, 1.13259679413e-09, 7.8808648496e-10, 6.52027210002e-10, 5.39266686861e-10, 4.64480870432e-10],
        "dmean2": [1.58751959134e-07, 3.84431103839e-07, 9.34551451337e-07, 6.98018811818e-06, 0.000175275868969, 0.000692976289429, 0.000193043219042, 4.19563039031e-05, 4.62698262709e-05, 0.000373906339519, 8.88257782208e-05, 2.48972610279e-05, 1.03152456177e-06, 1.7961023957e-07, 2.42639714543e-07, 2.86612618083e-07, 1.804036458e-07, 8.31217406017e-08, 1.0321242172e-07, 8.24094428253e-08, 1.68914606746e-08, 1.37596662952e-08, 1.58339190648e-08, 1.15013234492e-08, 6.96767799013e-09, 5.5442592739e-09, 5.00238872547e-09, 4.22664303557e-09, 3.0817592922e-09, 2.70027511462e-09, 2.0874144635e-09, 2.07329042823e-09, 2.28451391138e-09, 2.00978900189e-09, 2.19132156865e-09, 1.45689715847e-09, 9.60442947395e-10, 8.02311495018e-10, 6.14938489019e-10, 5.21481191562e-10],
        "dvar": [6.40640372782e-13, 1.53732170223e-12, 8.20161733667e-12, 1.39756081707e-10, 7.7068015969e-08, 1.31051922381e-06, 9.7928804621e-08, 1.08305053814e-08, 6.81086165244e-09, 4.18951543679e-07, 1.40578109153e-08, 3.54208617992e-09, 5.8714990335e-12, 6.66154251986e-13, 3.14481649272e-13, 2.12280795156e-13, 5.61842917026e-14, 2.33807351464e-14, 4.58526750911e-14, 4.56096443978e-14, 4.24611136657e-15, 3.30810750429e-15, 2.57263409015e-15, 1.7089740979e-15, 7.99081300379e-16, 7.07674639849e-16, 5.17780546866e-16, 3.5517939069e-16, 2.32380127417e-16, 1.65342406256e-16, 1.26133727584e-16, 8.4008747561e-17, 7.52110464718e-17, 5.49457865175e-17, 4.6987101341e-17, 3.13366820241e-17, 2.21192612203e-17, 1.72139858893e-17, 1.4493926522e-17, 1.1627175772e-17],
        "dvar2": [6.64867575058e-13, 1.55817427103e-12, 1.1154021283e-11, 1.7395587748e-10, 1.03473965396e-07, 2.09139898288e-06, 1.9835486853e-07, 1.93746583221e-08, 1.16739862221e-08, 4.68633601258e-07, 2.07615062919e-08, 4.32420943497e-09, 7.35016821712e-12, 6.69956494795e-13, 4.51587904441e-13, 2.79456958876e-13, 7.8373478497e-14, 2.91150330028e-14, 9.75303957604e-14, 1.05829834642e-13, 4.40902841309e-15, 3.63241778507e-15, 2.97325759255e-15, 1.76343461064e-15, 8.44657813931e-16, 7.33598506716e-16, 5.66809196133e-16, 3.647344782e-16, 2.42983709367e-16, 1.7828271388e-16, 1.30765978719e-16, 9.37103320666e-17, 9.13008078818e-17, 6.51519346531e-17, 6.59318137695e-17, 3.84576119111e-17, 2.41501583689e-17, 1.82005757864e-17, 1.46298008637e-17, 1.17368392417e-17],
        "max": [7.7765334936e-06, 1.25671176647e-05, 3.10511750286e-05, 0.000134212270495, 0.00307379569858, 0.0121068228036, 0.00294401613064, 0.000891225703526, 0.000658768287394, 0.0108344545588, 0.00178747135215, 0.000680765078869, 4.66007077193e-05, 8.00342513685e-06, 4.87685792905e-06, 4.46802641818e-06, 2.97484734801e-06, 1.40492602441e-06, 1.63471270298e-06, 1.67033499565e-06, 6.40960763576e-07, 5.55459507723e-07, 4.75551871659e-07, 4.09973694104e-07, 2.74868114047e-07, 2.59564444605e-07, 2.20118394623e-07, 1.83607909321e-07, 1.48432903302e-07, 1.24560358472e-07, 1.09597401377e-07, 8.89330422638e-08, 8.19790599849e-08, 7.23266353475e-08, 6.54471037365e-08, 5.42635447687e-08, 4.59470506087e-08, 4.05241280532e-08, 3.71539456978e-08, 3.34407630476e-08],
        "mean": [1.49473422084e-07, 3.7481356685e-07, 1.06565050828e-06, 1.05860663098e-05, 0.000738287926652, 0.0025807262864, 0.000671397487167, 4.29246865679e-05, 0.000131833730848, 0.00367814791389, 0.000685943989083, 7.65591394156e-05, 3.67363509213e-06, 1.98380689653e-07, 1.60226633739e-07, 6.44949750495e-07, 2.40296856191e-07, 9.87073320857e-08, 7.57414895247e-08, 4.9289365478e-08, 1.73858811792e-08, 1.36700393227e-08, 1.29186030762e-08, 1.10269082754e-08, 7.00712243784e-09, 6.21727913597e-09, 5.40305045149e-09, 4.59576243728e-09, 3.38691830137e-09, 2.87410695243e-09, 2.44889419854e-09, 2.03354644235e-09, 2.05872030534e-09, 1.86696413884e-09, 2.1084396451e-09, 1.5598210501e-09, 1.15960874236e-09, 9.17152409574e-10, 7.74895425604e-10, 6.69023003663e-10],
        "median": [5.075451881e-08, 1.68234350895e-07, 4.05900834721e-07, 4.45019986728e-06, 0.0003882246383, 0.000512810715009, 4.77144749311e-05, 9.21316677704e-06, 5.46807787032e-05, 0.00105758174323, 0.000439870433183, 1.31871047415e-06, 1.51808762894e-07, 7.98467851837e-08, 5.36024948872e-08, 3.04175983956e-07, 1.37610015827e-07, 5.55917836209e-08, 2.14190585268e-08, 1.29347892397e-08, 8.18659628976e-09, 5.38685451801e-09, 5.26754329044e-09, 4.75895234331e-09, 3.09974601542e-09, 2.70896105548e-09, 2.03560523993e-09, 1.91583393594e-09, 1.28659038978e-09, 1.01532260377e-09, 1.01844632727e-09, 8.11561096103e-10, 7.31189664371e-10, 7.30754901035e-10, 6.5064709176e-10, 5.51786782932e-10, 4.33629188112e-10, 2.99823582628e-10, 2.47873527259e-10, 2.02260749815e-10],
        "min": [4.51411930058e-09, 3.86080110104e-08, 5.16389100369e-08, 3.70369292568e-07, 2.16747571358e-06, 2.786367304e-06, 4.48288801635e-07, 2.03578153446e-07, 3.07533468913e-07, 2.72382158073e-06, 2.24133441407e-06, 3.5271007448e-08, 1.41568099465e-08, 1.3739902549e-08, 9.79284120461e-09, 3.69681139034e-08, 2.04418242333e-08, 1.37824827107e-08, 3.52205464793e-09, 3.3841596192e-09, 1.85160975441e-09, 1.3023155887e-09, 1.30300048529e-09, 1.07650710568e-09, 8.60863658136e-10, 4.75900430175e-10, 4.22964274716e-10, 4.77972050827e-10, 3.46353612457e-10, 2.60933802343e-10, 2.29684993247e-10, 1.35272362756e-10, 1.06894930407e-10, 9.06221694907e-11, 9.26936999379e-11, 1.02704025839e-10, 9.82619194345e-11, 6.52576465088e-11, 6.30630409004e-11, 4.94206307822e-11],
        "var": [6.49494347194e-13, 1.68693401262e-12, 1.10919858368e-11, 2.99441305085e-10, 7.04993738054e-07, 1.60453728313e-05, 9.15482758046e-07, 1.51852805885e-08, 3.26876126167e-08, 1.61274019774e-05, 3.70015300177e-07, 3.44087141002e-08, 8.57444393265e-11, 6.88380830203e-13, 2.94199777387e-13, 5.85950179436e-13, 1.22343636415e-13, 2.72938579561e-14, 4.4947854168e-14, 3.84410622637e-14, 4.40130135503e-15, 3.33936534939e-15, 2.4995260412e-15, 1.83476865496e-15, 8.16769360021e-16, 7.20511688862e-16, 5.21885586165e-16, 3.62208890649e-16, 2.36889810238e-16, 1.67087042664e-16, 1.2843045742e-16, 8.53062167478e-17, 7.47136793131e-17, 5.69087291244e-17, 4.92232484694e-17, 3.23293053766e-17, 2.26255817819e-17, 1.75900668635e-17, 1.47879544881e-17, 1.198549966e-17]
    },
    "mfcc": {
        "mean": [-913.023925781, 199.763824463, 31.1539821625, -40.6995773315, -56.1734352112, -52.6532554626, -41.5993919373, -23.2394828796, -7.71473121643, 2.9271941185, -7.35396766663, -24.2814502716, -28.1198272705],
        "cov": [[1064.06420898, 187.035964966, -208.965652466, -7.363301754, -66.6054077148, 52.991027832, 140.199157715, 120.339477539, 3.20058655739, -50.1518974304, -116.579078674, -52.3338470459, 27.4859924316], [187.035964966, 272.624206543, -2.41300725937, -88.8024368286, -82.6323318481, -79.5581359863, -18.368314743, -25.7067661285, -6.11178541183, -6.45376729965, -38.6567802429, -41.1448249817, -3.53286194801], [-208.965652466, -2.41300725937, 147.336105347, 27.9823722839, 20.0309715271, -28.1776809692, -89.2069015503, -69.1609420776, -47.1478881836, -7.93723964691, 12.4631633759, 24.887172699, 37.4958076477], [-7.363301754, -88.8024368286, 27.9823722839, 104.063087463, 65.0776672363, 25.0216331482, -9.6850528717, -12.5662994385, -25.7577095032, -20.5922088623, 2.36358141899, 38.0042762756, 50.6574363708], [-66.6054077148, -82.6323318481, 20.0309715271, 65.0776672363, 85.0242538452, 41.1816940308, -1.18062806129, -16.2467479706, -24.049741745, -31.0799732208, 3.25923061371, 42.6123847961, 60.1485061646], [52.991027832, -79.5581359863, -28.1776809692, 25.0216331482, 41.1816940308, 91.1395492554, 83.009513855, 53.9305763245, -7.94115447998, -38.1174087524, -23.1520786285, 7.51023101807, 13.2703828812], [140.199157715, -18.368314743, -89.2069015503, -9.6850528717, -1.18062806129, 83.009513855, 183.596694946, 129.679580688, 39.0341949463, -29.9970703125, -30.7490921021, -37.0989227295, -66.8020477295], [120.339477539, -25.7067661285, -69.1609420776, -12.5662994385, -16.2467479706, 53.9305763245, 129.679580688, 139.58380127, 53.3730697632, -2.36044359207, -25.5473442078, -55.3978347778, -91.0047302246], [3.20058655739, -6.11178541183, -47.1478881836, -25.7577095032, -24.049741745, -7.94115447998, 39.0341949463, 53.3730697632, 79.2650756836, 60.8889541626, 22.2853317261, -34.9791183472, -83.407585144], [-50.1518974304, -6.45376729965, -7.93723964691, -20.5922088623, -31.0799732208, -38.1174087524, -29.9970703125, -2.36044359207, 60.8889541626, 98.4429779053, 53.3064994812, -17.4456653595, -67.5833969116], [-116.579078674, -38.6567802429, 12.4631633759, 2.36358141899, 3.25923061371, -23.1520786285, -30.7490921021, -25.5473442078, 22.2853317261, 53.3064994812, 66.4571685791, 25.6821174622, -26.1241340637], [-52.3338470459, -41.1448249817, 24.887172699, 38.0042762756, 42.6123847961, 7.51023101807, -37.0989227295, -55.3978347778, -34.9791183472, -17.4456653595, 25.6821174622, 73.3605117798, 77.9304275513], [27.4859924316, -3.53286194801, 37.4958076477, 50.6574363708, 60.1485061646, 13.2703828812, -66.8020477295, -91.0047302246, -83.407585144, -67.5833969116, -26.1241340637, 77.9304275513, 171.671295166]],
