{
"lowlevel": {
    "average_loudness": 0.947855770588,
    "barkbands_crest": {
        "dmean": 1.14548301697,
        "dmean2": 1.86095619202,
        "dvar": 1.26903915405,
        "dvar2": 3.87658643723,
        "max": 13.3255605698,
        "mean": 8.83165550232,
        "median": 8.79536533356,
        "min": 5.53800439835,
        "var": 2.25073480606
    },
    "barkbands_flatness_db": {
        "dmean": 0.0080634560436,
        "dmean2": 0.0124289086089,
        "dvar": 5.21819783899e-05,
        "dvar2": 0.0001320795418,
        "max": 0.210070475936,
        "mean": 0.158484518528,
        "median": 0.157673016191,
        "min": 0.0944201797247,
        "var": 0.00096625770675
    },
    "barkbands_kurtosis": {
        "dmean": 0.816659927368,
        "dmean2": 1.17294836044,
        "dvar": 0.457311153412,
        "dvar2": 1.03718078136,
        "max": 8.96781349182,
        "mean": 3.07396888733,
        "median": 2.76234006882,
        "min": -0.784603595734,
        "var": 7.38727235794
    },
    "barkbands_skewness": {
        "dmean": 0.195435300469,
        "dmean2": 0.275693029165,
        "dvar": 0.021315427497,
        "dvar2": 0.0643442198634,
        "max": 2.55806612968,
        "mean": 1.55338776112,
        "median": 1.56682384014,
        "min": 0.376610040665,
        "var": 0.348455220461
    },
    "barkbands_spread": {
        "dmean": 2.34734916687,
        "dmean2": 3.25593304634,
        "dvar": 3.88718557358,
        "dvar2": 8.51474189758,
        "max": 42.0176849365,
        "mean": 20.1021537781,
        "median": 18.787027359,
        "min": 8.68540287018,
        "var": 75.7656021118
    },
    "dissonance": {
        "dmean": 0.0177309885621,
        "dmean2": 0.0314997062087,
        "dvar": 0.000302428146824,
        "dvar2": 0.000857234699652,
        "max": 0.493694990873,
        "mean": 0.44890281558,
        "median": 0.450051635504,
        "min": 0.401068419218,
        "var": 0.000430999323726
    },
    "dynamic_complexity": 2.24455666542,
    "erbbands_crest": {
        "dmean": 1.31746244431,
        "dmean2": 1.83911991119,
        "dvar": 0.985494494438,
        "dvar2": 2.15629410744,
        "max": 22.0633201599,
        "mean": 15.4574708939,
        "median": 16.4892902374,
        "min": 4.03187227249,
        "var": 17.5569133759
    },
    "erbbands_flatness_db": {
        "dmean": 0.00592949893326,
        "dmean2": 0.008315439336,
        "dvar": 2.97838578263e-05,
        "dvar2": 5.21692963957e-05,
        "max": 0.218437194824,
        "mean": 0.18396051228,
        "median": 0.185973227024,
        "min": 0.0872606486082,
        "var": 0.000496347434819
    },
    "erbbands_kurtosis": {
        "dmean": 0.275464564562,
        "dmean2": 0.395402669907,
        "dvar": 0.0657018497586,
        "dvar2": 0.129180818796,
        "max": 1.77574062347,
        "mean": -0.413134068251,
        "median": -0.583237886429,
        "min": -1.51415765285,
        "var": 0.617249190807
    },
    "erbbands_skewness": {
        "dmean": 0.145672231913,
        "dmean2": 0.216691315174,
        "dvar": 0.0140430321917,
        "dvar2": 0.0320525877178,
        "max": 1.08044028282,
        "mean": 0.423550844193,
        "median": 0.518772006035,
        "min": -0.465178459883,
        "var": 0.123055063188
    },
    "erbbands_spread": {
        "dmean": 3.19300603867,
        "dmean2": 4.56692695618,
        "dvar": 5.71851587296,
        "dvar2": 11.2473888397,
        "max": 73.1878433228,
        "mean": 37.9569358826,
        "median": 36.1035118103,
        "min": 23.1297264099,
        "var": 114.24005127
    },
    "hfc": {
        "dmean": 1.86155664921,
        "dmean2": 2.70725488663,
        "dvar": 3.18637561798,
        "dvar2": 6.10456991196,
        "max": 34.1337089539,
        "mean": 19.1824207306,
        "median": 19.3561992645,
        "min": 0.198245152831,
        "var": 47.2176246643
    },
    "melbands_crest": {
        "dmean": 2.04991292953,
        "dmean2": 3.6121711731,
        "dvar": 4.96942901611,
        "dvar2": 15.3448562622,
        "max": 24.6465740204,
        "mean": 15.8124885559,
        "median": 16.0172729492,
        "min": 10.0297050476,
        "var": 7.69134473801
    },
    "melbands_flatness_db": {
        "dmean": 0.0108930878341,
        "dmean2": 0.0170639790595,
        "dvar": 0.000101675133919,
        "dvar2": 0.000278142542811,
        "max": 0.319741278887,
        "mean": 0.26095071435,
        "median": 0.268443912268,
        "min": 0.176924303174,
        "var": 0.00163986603729
    },
    "melbands_kurtosis": {
        "dmean": 1.79902791977,
        "dmean2": 2.50119233131,
        "dvar": 2.40043520927,
        "dvar2": 6.00211524963,
        "max": 27.7562236786,
        "mean": 9.09302043915,
        "median": 7.64700508118,
        "min": 0.902901411057,
        "var": 40.608455658
    },
    "melbands_skewness": {
        "dmean": 0.25860118866,
        "dmean2": 0.372689992189,
        "dvar": 0.043707087636,
        "dvar2": 0.126795098186,
        "max": 4.79079580307,
        "mean": 2.47218894958,
        "median": 2.4205930233,
        "min": 0.91846460104,
        "var": 0.772621631622
    },
    "melbands_spread": {
        "dmean": 2.79171538353,
        "dmean2": 3.68419671059,
        "dvar": 7.38578510284,
        "dvar2": 20.1683692932,
        "max": 42.7065620422,
        "mean": 19.5624160767,
        "median": 15.3043870926,
        "min": 7.94813108444,
        "var": 92.4899215698
    },
    "pitch_salience": {
        "dmean": 0.0346698909998,
        "dmean2": 0.0546075627208,
        "dvar": 0.00113764032722,
        "dvar2": 0.00296810176224,
        "max": 0.696237027645,
        "mean": 0.434290707111,
        "median": 0.426459550858,
        "min": 0.363240271807,
        "var": 0.00240679830313
    },
    "silence_rate_20dB": {
        "dmean": 0,
        "dmean2": 0,
        "dvar": 0,
        "dvar2": 0,
        "max": 1,
        "mean": 1,
        "median": 1,
        "min": 1,
        "var": 0
    },
    "silence_rate_30dB": {
        "dmean": 0,
        "dmean2": 0,
        "dvar": 0,
        "dvar2": 0,
        "max": 1,
        "mean": 1,
        "median": 1,
        "min": 1,
        "var": 0
    },
    "silence_rate_60dB": {
        "dmean": 0.0066666668281,
        "dmean2": 0.00671140942723,
        "dvar": 0.00662222271785,
        "dvar2": 0.00666636647657,
        "max": 1,
        "mean": 0.00662251655012,
        "median": 0,
        "min": 0,
        "var": 0.0065786591731
    },
    "spectral_centroid": {
        "dmean": 128.652099609,
        "dmean2": 178.357681274,
        "dvar": 11241.0712891,
        "dvar2": 22225.8925781,
        "max": 2929.4074707,
        "mean": 1296.71044922,
        "median": 1237.64013672,
        "min": 574.812255859,
        "var": 313785.96875
    },
    "spectral_complexity": {
        "dmean": 2.07999992371,
        "dmean2": 3.34228181839,
        "dvar": 2.76693511009,
        "dvar2": 6.56069231033,
        "max": 23,
        "mean": 14.6490068436,
        "median": 15,
        "min": 1,
        "var": 10.9032936096
    },
    "spectral_decrease": {
        "dmean": 1.02381836342e-09,
        "dmean2": 1.6489197785e-09,
        "dvar": 8.66402363574e-19,
        "dvar2": 1.55549142841e-18,
        "max": -1.21939763842e-10,
        "mean": -9.89532455975e-09,
        "median": -1.0228231595e-08,
        "min": -2.01032630542e-08,
        "var": 2.89403265547e-17
    },
    "spectral_energy": {
        "dmean": 0.00393042387441,
        "dmean2": 0.00633934838697,
        "dvar": 1.31758115458e-05,
        "dvar2": 2.34917297348e-05,
        "max": 0.07875443995,
        "mean": 0.0390871502459,
        "median": 0.0403593964875,
        "min": 0.000478209170979,
        "var": 0.000433437875472
    },
    "spectral_energyband_high": {
        "dmean": 0.000185479060747,
        "dmean2": 0.000302522588754,
        "dvar": 3.02994429546e-08,
        "dvar2": 6.64167458808e-08,
        "max": 0.00151771341916,
        "mean": 0.000543577596545,
        "median": 0.000455339381006,
        "min": 9.01153998711e-06,
        "var": 9.08164352609e-08
    },
    "spectral_energyband_low": {
        "dmean": 0.00297487503849,
        "dmean2": 0.00515587953851,
        "dvar": 4.61108584204e-06,
        "dvar2": 1.24178750411e-05,
        "max": 0.0176474452019,
        "mean": 0.0082538202405,
        "median": 0.00801189336926,
        "min": 0.000258907937678,
        "var": 1.35402442538e-05
    },
    "spectral_energyband_middle_high": {
        "dmean": 0.000561961438507,
        "dmean2": 0.00083349167835,
        "dvar": 2.86154232754e-07,
        "dvar2": 5.54362770799e-07,
        "max": 0.00687630986795,
        "mean": 0.00274041923694,
        "median": 0.00236844806932,
        "min": 3.0658677133e-05,
        "var": 1.52416532728e-06
    },
    "spectral_energyband_middle_low": {
        "dmean": 0.00270260497928,
        "dmean2": 0.00374450488016,
        "dvar": 7.88729994383e-06,
        "dvar2": 1.40642869155e-05,
        "max": 0.062089048326,
        "mean": 0.0284793935716,
        "median": 0.0291355848312,
        "min": 0.00012881992734,
        "var": 0.000345832348103
    },
    "spectral_entropy": {
        "dmean": 0.0606982670724,
        "dmean2": 0.091687053442,
        "dvar": 0.00392587762326,
        "dvar2": 0.00642413040623,
        "max": 8.24586963654,
        "mean": 7.22601509094,
        "median": 7.22121191025,
        "min": 6.87070512772,
        "var": 0.0575229749084
    },
    "spectral_flux": {
        "dmean": 0.010588533245,
        "dmean2": 0.0170091632754,
        "dvar": 8.13573860796e-05,
        "dvar2": 0.000159206902026,
        "max": 0.144121930003,
        "mean": 0.0502064563334,
        "median": 0.047688189894,
        "min": 0.0314501449466,
        "var": 0.000182808507816
    },
    "spectral_kurtosis": {
        "dmean": 1.25384807587,
        "dmean2": 2.27407336235,
        "dvar": 1.27049612999,
        "dvar2": 4.18681764603,
        "max": 14.7115192413,
        "mean": 6.07533311844,
        "median": 5.94979858398,
        "min": 3.13165426254,
        "var": 1.98800563812
    },
    "spectral_rms": {
        "dmean": 0.000329369737301,
        "dmean2": 0.000534301216248,
        "dvar": 9.63384110264e-08,
        "dvar2": 1.49640030145e-07,
        "max": 0.00876547768712,
        "mean": 0.00590967992321,
        "median": 0.00627495162189,
        "min": 0.000683041405864,
        "var": 3.20949288835e-06
    },
    "spectral_rolloff": {
        "dmean": 265.576202393,
        "dmean2": 437.889984131,
        "dvar": 171243.765625,
        "dvar2": 398531.09375,
        "max": 2691.65039062,
        "mean": 1004.21679688,
        "median": 689.0625,
        "min": 258.3984375,
        "var": 338205.9375
    },
    "spectral_skewness": {
        "dmean": 0.165728792548,
        "dmean2": 0.284363240004,
        "dvar": 0.0194418467581,
        "dvar2": 0.0477928444743,
        "max": 2.89182090759,
        "mean": 1.30542755127,
        "median": 1.26913869381,
        "min": 0.816190540791,
        "var": 0.0656327307224
    },
    "spectral_spread": {
        "dmean": 148738.375,
        "dmean2": 213172.9375,
        "dvar": 240141271040,
        "dvar2": 176236363776,
        "max": 10425105,
        "mean": 3476319.25,
        "median": 3395069.75,
        "min": 3048484.75,
        "var": 360285208576
    },
    "spectral_strongpeak": {
        "dmean": 0.236359357834,
        "dmean2": 0.434984505177,
        "dvar": 0.274440169334,
        "dvar2": 0.77346265316,
        "max": 2.60141801834,
        "mean": 1.37365972996,
        "median": 1.28699791431,
        "min": 0,
        "var": 0.474672526121
    },
    "zerocrossingrate": {
        "dmean": 0.00485026044771,
        "dmean2": 0.00601995084435,
        "dvar": 2.52776681009e-05,
        "dvar2": 3.6858698877e-05,
        "max": 0.08642578125,
        "mean": 0.0420568622649,
        "median": 0.03955078125,
        "min": 0.01513671875,
        "var": 0.000330718728947
    },
    "barkbands": {
        "dmean": [0.0003994780418, 0.00253288797103, 0.000786788237747, 0.00137703306973, 0.00190327281598, 8.2436883531e-05, 4.1728875658e-05, 0.000276004138868, 0.000459249014966, 2.50329303526e-05, 2.48419419222e-05, 3.03670203721e-05, 7.34452551114e-05, 0.000378810742404, 1.39357689477e-05, 1.38108835017e-05, 9.32126640691e-05, 0.000354130897904, 6.01523170189e-05, 4.60351657239e-05, 0.000178420552402, 2.10184339267e-06, 1.26161967273e-06, 5.10918596319e-07, 6.39480504105e-07, 5.3252398402e-07, 3.17951412399e-06],
        "dmean2": [0.0006429409259, 0.00446313573048, 0.0012464117026, 0.00207646982744, 0.00239819101989, 0.000136061542435, 7.16538488632e-05, 0.000507212535013, 0.000498799898196, 4.1393104766e-05, 3.84796585422e-05, 4.5794477046e-05, 0.000109899214294, 0.00058304349659, 2.33752471104e-05, 2.34746512433e-05, 0.000116024166346, 0.000530092802364, 0.000102164791315, 7.34921341063e-05, 0.000289999385132, 3.47337845596e-06, 2.10097664421e-06, 8.47012074701e-07, 1.06878098904e-06, 8.31422482861e-07, 5.1986771723e-06],
        "dvar": [9.37074986496e-08, 3.02400258079e-06, 3.66614131053e-07, 2.22607059186e-06, 4.20643209509e-06, 5.28554622292e-09, 1.5749328508e-09, 6.30587564387e-08, 1.69165801367e-07, 4.1285516672e-10, 4.22507889786e-10, 5.95118510027e-10, 4.6250363539e-09, 1.23038887523e-07, 1.52834148115e-10, 1.79466622119e-10, 9.71289182417e-09, 1.87872416291e-07, 2.66398969551e-09, 1.17817311462e-09, 2.99689517647e-08, 4.15310841273e-12, 2.17893476699e-12, 2.64133279051e-13, 3.40593845445e-13, 2.59871226101e-13, 8.12506225495e-12],
        "dvar2": [1.94365085804e-07, 9.53191101871e-06, 9.81347625384e-07, 4.06462049796e-06, 6.40361031401e-06, 1.50717287539e-08, 3.9522567441e-09, 2.03687335443e-07, 1.82023740081e-07, 1.08505782137e-09, 1.05859310207e-09, 1.33063793317e-09, 1.00431023498e-08, 2.62445780663e-07, 4.1868941647e-10, 4.58826282523e-10, 1.3807738064e-08, 4.5567881557e-07, 6.96724145044e-09, 3.3282996359e-09, 6.97822102325e-08, 1.0649843854e-11, 5.50521954412e-12, 6.1775714752e-13, 7.62593764178e-13, 6.14985872557e-13, 1.84585194352e-11],
        "max": [0.00350517500192, 0.010393820703, 0.00573543505743, 0.0262099709362, 0.0240399409086, 0.000627410307061, 0.000291214091703, 0.00173317000736, 0.0191237591207, 0.000185851793503, 0.000183089083293, 0.000230455159908, 0.000592205498833, 0.00333004188724, 9.97203023871e-05, 0.00012043719471, 0.00150731450412, 0.00431615393609, 0.000499253394082, 0.000463657343062, 0.00134669919498, 2.7142732506e-05, 1.63373606483e-05, 7.31053887648e-06, 6.5160320446e-06, 6.02086083745e-06, 3.27047855535e-05],
        "mean": [0.00174354633782, 0.00404535094276, 0.00152912351768, 0.0102541260421, 0.00939661916345, 0.000256808358245, 7.10796666681e-05, 0.000468620215543, 0.00801823008806, 4.96912689414e-05, 5.49840697204e-05, 8.1369675172e-05, 0.00017363531515, 0.000857293605804, 3.9626374928e-05, 4.64934091724e-05, 0.000344344240148, 0.000761183560826, 0.000258954445599, 0.000188634978258, 0.000386484054616, 9.77111085376e-06, 5.51830953555e-06, 2.21607820095e-06, 2.51517394645e-06, 3.35917366101e-06, 2.42019232246e-05],
        "median": [0.00169141043443, 0.00386347179301, 0.00131679791957, 0.0122639006004, 0.00929087400436, 0.000254441052675, 6.28730849712e-05, 0.000351697672158, 0.00713282823563, 4.35449692304e-05, 4.8814319598e-05, 7.54376014811e-05, 0.000140270902193, 0.00069190497743, 3.8256013795e-05, 4.1650433559e-05, 0.000275366997812, 0.000535440456588, 0.000255327031482, 0.000172168744029, 0.000284027744783, 9.27377277549e-06, 5.22018808624e-06, 2.10125040212e-06, 2.29094507631e-06, 3.32077297571e-06, 2.42419228016e-05],
        "min": [0.000130912987515, 0.000128518440761, 4.95414569741e-05, 3.1526935345e-05, 3.80663514079e-05, 1.19524784168e-05, 4.1328230509e-06, 1.22814935821e-05, 1.74242595676e-05, 6.17793944002e-07, 4.1113135012e-06, 2.24876907851e-06, 2.34502886087e-06, 2.46083345701e-06, 1.92088782569e-06, 2.97608858091e-06, 5.24361757925e-06, 1.93637652046e-06, 4.47637739853e-06, 3.31826458932e-06, 5.49714195586e-06, 5.5870327742e-07, 3.81610732347e-07, 3.46642053728e-07, 3.44398927155e-07, 3.69981677295e-07, 7.76564775151e-07],
        "var": [4.19391483319e-07, 4.68789812658e-06, 1.03910770122e-06, 6.09838025412e-05, 5.59062755201e-05, 2.06022399141e-08, 2.71798561435e-09, 1.41699601386e-07, 2.12967825064e-05, 9.90696635839e-10, 1.05430897346e-09, 1.73776859569e-09, 1.43299425659e-08, 3.80250014587e-07, 2.51306447874e-10, 4.34063118782e-10, 6.95987623089e-08, 5.21170989032e-07, 4.23517221293e-09, 4.77457007264e-09, 7.81478348699e-08, 7.33866786784e-12, 3.07230608142e-12, 6.02508223434e-13, 8.55512058764e-13, 3.69849767132e-13, 1.1982309242e-11]
    },
    "erbbands": {
        "dmean": [0.144341468811, 0.296973049641, 0.806375026703, 2.27298998833, 8.48565864563, 3.39073181152, 1.52788197994, 0.522715330124, 0.301056206226, 4.22391986847, 2.98503875732, 13.3408899307, 2.86329483986, 0.829923987389, 1.47893261909, 1.08824074268, 3.75364089012, 19.1838970184, 4.47191143036, 0.774352788925, 0.916229784489, 8.74897861481, 15.8059358597, 3.17099189758, 2.08557915688, 2.09018087387, 11.4676914215, 0.931139528751, 0.0900088921189, 0.0523220635951, 0.0327723063529, 0.0127314850688, 0.00986048672348, 0.00937765464187, 0.00308502628468, 0.00159118708689, 0.00127948541194, 0.000846922688652, 0.000438555987785, 6.67569765938e-05],
        "dmean2": [0.251076668501, 0.530556917191, 1.25849735737, 3.17496180534, 12.1855449677, 3.75140666962, 2.20602560043, 0.878514230251, 0.525605261326, 7.36762332916, 5.30415391922, 14.5171918869, 3.19166016579, 1.38277435303, 2.19570231438, 1.57837212086, 5.4101023674, 29.143453598, 6.78975582123, 1.26434648037, 1.3904966116, 12.6939315796, 23.203584671, 5.5398774147, 3.31554412842, 3.40737247467, 18.5274372101, 1.54654347897, 0.147880107164, 0.089781396091, 0.0539831779897, 0.0203709062189, 0.0167455617338, 0.0157520063221, 0.00539232883602, 0.00259030051529, 0.00204508658499, 0.00138100329787, 0.000760870869271, 0.000110113840492],
        "dvar": [0.00898476876318, 0.0579443499446, 0.369988590479, 5.08251571655, 88.4663772583, 13.2920970917, 1.69070029259, 0.229640379548, 0.0732021555305, 15.9365901947, 6.63140392303, 138.255508423, 6.26982021332, 0.810813248158, 1.41544568539, 0.891293227673, 13.7405109406, 334.432800293, 16.3107147217, 0.5394064188, 0.753711462021, 109.712432861, 381.768280029, 7.78888988495, 2.93358755112, 2.69925689697, 119.884765625, 0.857524335384, 0.00593014480546, 0.00332967238501, 0.00177255633753, 0.000116998118756, 9.67024534475e-05, 7.07243016222e-05, 1.19620672194e-05, 2.33418700191e-06, 1.31635772505e-06, 5.75144383674e-07, 1.29131080939e-07, 3.6702743067e-09],
        "dvar2": [0.0297438949347, 0.166735425591, 0.931674957275, 9.32279205322, 155.414489746, 16.3682155609, 3.56113386154, 0.729812026024, 0.173759117723, 49.5995559692, 21.0772705078, 146.580413818, 8.14363479614, 2.18738865852, 3.4916176796, 1.79534399509, 26.5399456024, 712.343566895, 36.6607666016, 1.44076001644, 1.49535048008, 206.661300659, 898.266540527, 22.4110832214, 6.81856393814, 6.53175973892, 279.913146973, 1.97681093216, 0.0167364533991, 0.00823249667883, 0.0047408817336, 0.000260373810306, 0.000242554800934, 0.000147772734636, 2.36499781749e-05, 4.60954925074e-06, 3.06526658278e-06, 1.44329874274e-06, 3.23348842812e-07, 7.43049977103e-09],
        "max": [0.549199521542, 1.37647557259, 6.4482460022, 35.4224243164, 145.205581665, 30.2799606323, 12.7029561996, 4.87927675247, 2.39295649529, 25.8714256287, 34.7147636414, 584.981445312, 90.8490066528, 11.0766582489, 8.440533638, 8.99018764496, 33.0248603821, 178.502975464, 38.3539581299, 6.73788738251, 11.9290370941, 128.344940186, 207.159133911, 23.90275383, 18.4917201996, 20.5488548279, 85.9947891235, 8.83804035187, 1.19244968891, 0.718758225441, 0.440673053265, 0.141607016325, 0.122350484133, 0.08374337852, 0.0437063612044, 0.0213264394552, 0.0116398427635, 0.00853465124965, 0.0039414409548, 0.00076972990064],
        "mean": [0.240372464061, 0.45994284749, 1.81627047062, 13.043258667, 62.1560058594, 10.3569192886, 3.83368563652, 1.62913322449, 0.787446916103, 6.71895170212, 16.3383541107, 248.788696289, 36.5131111145, 2.9261341095, 3.18460559845, 3.69396281242, 10.2446498871, 41.6818618774, 12.2878665924, 2.90258598328, 4.34717130661, 28.6733036041, 36.3821182251, 11.8213596344, 10.3596048355, 10.0618915558, 25.6679000854, 2.94754648209, 0.45829680562, 0.266070395708, 0.133507311344, 0.0499733835459, 0.0431220494211, 0.0313274152577, 0.0136277833953, 0.00856627896428, 0.0068070217967, 0.00527338497341, 0.00278070312925, 0.00050839461619],
        "median": [0.236357823014, 0.395091116428, 1.67821335793, 14.9731826782, 70.407699585, 8.51368999481, 3.28680682182, 1.36248207092, 0.747554779053, 5.24219703674, 14.6630382538, 220.511154175, 33.0799827576, 2.44829320908, 2.70484972, 3.34057164192, 8.15114688873, 31.1396961212, 11.4768276215, 2.81977367401, 4.06426143646, 22.621761322, 25.6379718781, 10.9573640823, 10.2345695496, 9.33609390259, 19.491891861, 2.60997438431, 0.430707514286, 0.251757889986, 0.122219890356, 0.0453824475408, 0.0395929478109, 0.0280446447432, 0.0130686424673, 0.00839404948056, 0.00681787542999, 0.00521541852504, 0.0028093222063, 0.000511133170221],
        "min": [0.00556330056861, 0.0228335317224, 0.055010151118, 0.0899683535099, 0.11422085762, 0.123975679278, 0.156228303909, 0.138092085719, 0.104463994503, 0.117672964931, 0.376387000084, 0.431451439857, 0.0541064068675, 0.0738603323698, 0.165667116642, 0.0907692611217, 0.104052133858, 0.129164174199, 0.142278343439, 0.115789413452, 0.177378550172, 0.267697781324, 0.08129683882, 0.243388593197, 0.18703661859, 0.162504836917, 0.347978800535, 0.057729896158, 0.0198340769857, 0.0172074660659, 0.0115521103144, 0.0076015680097, 0.00508458958939, 0.00409190077335, 0.00248125451617, 0.00110300676897, 0.000729471852537, 0.000236675492488, 7.36904112273e-05, 1.57137528731e-05],
        "var": [0.0148570630699, 0.0808980837464, 1.30601668358, 92.6686935425, 2314.33544922, 82.4963912964, 8.10439014435, 1.05921173096, 0.15528459847, 28.6910209656, 56.6757049561, 20436.7988281, 420.666870117, 2.35707044601, 3.23151898384, 3.6643974781, 47.2954292297, 1136.23376465, 42.2286491394, 1.08391487598, 3.65343594551, 497.45513916, 1217.31005859, 12.1103048325, 5.91117572784, 11.7971105576, 315.508453369, 2.47563195229, 0.016599195078, 0.00572676351294, 0.00220329221338, 0.000302755186567, 0.000218608052819, 0.000193087966181, 1.37021943374e-05, 3.48795992977e-06, 1.9982790036e-06, 7.64901813e-07, 1.90536724176e-07, 6.23497165009e-09]
    },
    "gfcc": {
        "mean": [2.81649279594, 104.201660156, -109.220558167, 29.9755496979, -17.8529205322, -19.5689868927, 3.544703722, 6.56254529953, -19.8423748016, -7.23062229156, -28.2133636475, -27.6158485413, -15.863483429],
        "cov": [[505.420532227, 228.652862549, 7.60867834091, 22.1022186279, 11.515745163, -52.9893035889, -47.4877586365, -74.4169540405, -67.4815444946, -80.8555984497, -74.4824752808, -79.6294784546, -42.2493934631], [228.652862549, 233.795806885, 87.7693328857, 1.26256430149, -4.85927200317, -33.2439689636, -53.0935935974, -71.2195968628, -52.6220474243, -60.5059776306, -57.9387893677, -65.6953353882, -47.1229858398], [7.60867834091, 87.7693328857, 95.4001159668, 19.5192871094, -7.37196445465, -6.91468334198, -19.5489826202, -29.6937007904, -18.1842880249, -14.9426937103, -13.1408224106, -19.3073749542, -26.3459243774], [22.1022186279, 1.26256430149, 19.5192871094, 45.1813011169, 6.90936279297, -4.94049739838, -10.2509346008, -8.42950153351, -9.25659751892, -4.3022685051, 2.06219005585, 4.97125768661, -0.875846147537], [11.515745163, -4.85927200317, -7.37196445465, 6.90936279297, 20.580247879, 6.45646858215, 3.61143803596, 5.65350198746, 5.65976572037, -1.27279007435, 1.60174107552, 4.31884336472, 1.74048280716], [-52.9893035889, -33.2439689636, -6.91468334198, -4.94049739838, 6.45646858215, 24.1439342499, 17.8468952179, 9.10335636139, 13.118481636, 18.6355190277, 11.7183923721, 5.14016866684, 6.84363603592], [-47.4877586365, -53.0935935974, -19.5489826202, -10.2509346008, 3.61143803596, 17.8468952179, 45.1537284851, 27.5458335876, 24.0651340485, 22.9651947021, 11.8096094131, 7.94096040726, 10.6668291092], [-74.4169540405, -71.2195968628, -29.6937007904, -8.42950153351, 5.65350198746, 9.10335636139, 27.5458335876, 48.2821273804, 30.2635803223, 13.498380661, 18.8458328247, 27.7426300049, 13.4769563675], [-67.4815444946, -52.6220474243, -18.1842880249, -9.25659751892, 5.65976572037, 13.118481636, 24.0651340485, 30.2635803223, 35.2097206116, 25.936914444, 15.6637630463, 12.2197704315, 3.26418709755], [-80.8555984497, -60.5059776306, -14.9426937103, -4.3022685051, -1.27279007435, 18.6355190277, 22.9651947021, 13.498380661, 25.936914444, 46.9854316711, 20.463344574, 6.16302347183, 9.56366825104], [-74.4824752808, -57.9387893677, -13.1408224106, 2.06219005585, 1.60174107552, 11.7183923721, 11.8096094131, 18.8458328247, 15.6637630463, 20.463344574, 30.9557781219, 28.4531803131, 11.2272148132], [-79.6294784546, -65.6953353882, -19.3073749542, 4.97125768661, 4.31884336472, 5.14016866684, 7.94096040726, 27.7426300049, 12.2197704315, 6.16302347183, 28.4531803131, 44.2847862244, 18.0335559845], [-42.2493934631, -47.1229858398, -26.3459243774, -0.875846147537, 1.74048280716, 6.84363603592, 10.6668291092, 13.4769563675, 3.26418709755, 9.56366825104, 11.2272148132, 18.0335559845, 30.798746109]],
        "icov": [[0.0102035170421, -0.0120469210669, 0.0148918610066, -0.0102792633697, -0.00460349954665, 0.00963329337537, -0.00910387560725, 0.000411609915318, 0.00639623776078, 0.00348487170413, -0.00662113120779, 0.0090058632195, 0.00448435684666], [-0.0120469210669, 0.0399343296885, -0.0324434153736, 0.0242302510887, -0.00972377695143, 0.003355931025, 0.0131611423567, 0.0118733625859, -0.0069388654083, 0.0121398251504, 0.00500954920426, 0.00969366170466, -0.00297522405162], [0.0148918610066, -0.0324434153736, 0.0487365871668, -0.0307652279735, 0.0123344194144, -0.00284839421511, -0.0151283964515, 0.000562560802791, 0.00708339363337, 0.000318320264341, -0.00604845117778, -0.000734200584702, 0.018319055438], [-0.0102792633697, 0.0242302510887, -0.0307652279735, 0.049887932837, -0.0247954465449, 0.011597270146, 0.0109993256629, 0.00400846498087, 0.010254567489, -0.00844583008438, 0.00224300543778, -0.00633187778294, -0.00424018781632], [-0.00460349954665, -0.00972377695143, 0.0123344194144, -0.0247954465449, 0.0906403511763, -0.0496079139411, 0.00555922510102, 0.00481870444492, -0.0397811420262, 0.0170629452914, 0.0181650035083, -0.0232547223568, -0.00356742902659], [0.00963329337537, 0.003355931025, -0.00284839421511, 0.011597270146, -0.0496079139411, 0.111919790506, -0.03089796938, 0.0170603059232, 0.00767490686849, -0.00380359590054, -0.0411538518965, 0.0342777073383, -0.00728795491159], [-0.00910387560725, 0.0131611423567, -0.0151283964515, 0.0109993256629, 0.00555922510102, -0.03089796938, 0.0619838498533, -0.0312652215362, -0.00498603051528, -0.0111025292426, 0.00767076108605, 0.00903750956059, -0.0103268679231], [0.000411609915318, 0.0118733625859, 0.000562560802791, 0.00400846498087, 0.00481870444492, 0.0170603059232, -0.0312652215362, 0.119860231876, -0.0931331217289, 0.0451327376068, 0.0101479897276, -0.0353977158666, -0.0134738851339], [0.00639623776078, -0.0069388654083, 0.00708339363337, 0.010254567489, -0.0397811420262, 0.00767490686849, -0.00498603051528, -0.0931331217289, 0.171219646931, -0.0745136663318, -0.00133256160188, 0.0101975193247, 0.0470376871526], [0.00348487170413, 0.0121398251504, 0.000318320264341, -0.00844583008438, 0.0170629452914, -0.00380359590054, -0.0111025292426, 0.0451327376068, -0.0745136663318, 0.10279134661, -0.0615659877658, 0.054247751832, -0.0259784571826], [-0.00662113120779, 0.00500954920426, -0.00604845117778, 0.00224300543778, 0.0181650035083, -0.0411538518965, 0.00767076108605, 0.0101479897276, -0.00133256160188, -0.0615659877658, 0.178558334708, -0.127334281802, 0.0232185311615], [0.0090058632195, 0.00969366170466, -0.000734200584702, -0.00633187778294, -0.0232547223568, 0.0342777073383, 0.00903750956059, -0.0353977158666, 0.0101975193247, 0.054247751832, -0.127334281802, 0.156295642257, -0.0305892713368], [0.00448435684666, -0.00297522405162, 0.018319055438, -0.00424018781632, -0.00356742902659, -0.00728795491159, -0.0103268679231, -0.0134738851339, 0.0470376871526, -0.0259784571826, 0.0232185311615, -0.0305892713368, 0.0734402984381]]
    },
    "melbands": {
        "dmean": [0.000928895082325, 0.000321189814713, 0.000581429107115, 0.000469805934699, 5.70613265154e-05, 1.1446132703e-05, 4.85436839881e-06, 5.65020673093e-05, 1.91783183254e-05, 8.89045841177e-05, 1.22173150885e-05, 3.47245099874e-06, 4.08966025134e-06, 3.68213432012e-06, 5.00241185364e-06, 7.10695667294e-06, 4.44954239356e-05, 1.00439938251e-05, 1.1206390127e-06, 1.121059654e-06, 1.27332191369e-06, 4.39746690972e-06, 3.49997426383e-05, 1.49386937665e-06, 2.96571579383e-06, 2.29042188948e-06, 1.1376873772e-06, 1.63525828611e-06, 8.90790215635e-06, 2.68078770205e-06, 1.23476553426e-07, 5.53515882018e-08, 4.74393075933e-08, 3.4147451089e-08, 2.52813823209e-08, 1.18974705643e-08, 9.0557996657e-09, 7.27750615326e-09, 1.45261473961e-08, 5.93542770488e-09],
        "dmean2": [0.00162232981529, 0.000505190691911, 0.000849741743878, 0.000601996551268, 7.6393422205e-05, 1.90825703612e-05, 8.47211958899e-06, 0.00010104879766, 3.38959034707e-05, 9.6813091659e-05, 1.39860694617e-05, 5.77789251111e-06, 6.0931738517e-06, 5.76747015657e-06, 7.46613477531e-06, 1.07158120954e-05, 6.77567295497e-05, 1.54364370246e-05, 1.849284331e-06, 1.84812824955e-06, 1.89445802334e-06, 6.42194436296e-06, 4.99021443829e-05, 2.49636150329e-06, 5.20816547578e-06, 3.70236125491e-06, 1.93606774701e-06, 2.66917800218e-06, 1.42746139318e-05, 4.32356546298e-06, 2.1371718617e-07, 9.41768547591e-08, 7.94775871782e-08, 5.80291299457e-08, 4.18044230344e-08, 2.00252383564e-08, 1.55125174928e-08, 1.25384209682e-08, 2.38503101713e-08, 9.82435377495e-09],
        "dvar": [3.89262169165e-07, 7.56175069228e-08, 3.64398886177e-07, 2.49443644407e-07, 2.73177191978e-09, 1.03133383778e-10, 1.77578143162e-11, 2.77772271851e-09, 2.59342380904e-10, 6.27875529347e-09, 1.1702651348e-10, 1.35570062121e-11, 1.04461708381e-11, 8.79509833018e-12, 2.25066285053e-11, 4.12632046587e-11, 1.78538905882e-09, 8.7116543146e-11, 1.05060957763e-12, 1.04216353429e-12, 1.56612299084e-12, 1.98315166372e-11, 1.84456949714e-09, 2.84888280501e-12, 6.42589410502e-12, 3.48898882875e-12, 9.74324570677e-13, 1.5842065073e-12, 6.59394899793e-11, 8.47986784958e-12, 1.12049118153e-14, 2.83990940742e-15, 1.77843482298e-15, 1.21131333639e-15, 1.03569725428e-15, 1.36856529421e-16, 7.14315920786e-17, 3.95676485884e-17, 2.2731042347e-16, 2.40333571577e-17],
        "dvar2": [1.24904545373e-06, 2.07460089996e-07, 6.92616708875e-07, 3.84457592872e-07, 5.11653697188e-09, 3.31076416282e-10, 4.33194556615e-11, 8.77941008781e-09, 8.24718182635e-10, 6.5747172151e-09, 1.65864225132e-10, 3.64489619042e-11, 2.74413027024e-11, 2.05373652112e-11, 4.20194642969e-11, 9.36113409011e-11, 3.82019127443e-09, 2.05657268992e-10, 2.65643518467e-12, 3.18529621082e-12, 3.17258827716e-12, 4.22051629756e-11, 4.11077083484e-09, 8.01469307588e-12, 1.83280127186e-11, 8.23378257936e-12, 2.61504815198e-12, 4.56201873153e-12, 1.58088181434e-10, 2.20227048403e-11, 2.99786949009e-14, 7.17097754332e-15, 5.06133653258e-15, 3.07614604938e-15, 2.89496040801e-15, 3.04882071356e-16, 1.61876069503e-16, 1.01177609093e-16, 5.39014127606e-16, 4.83769897632e-17],
        "max": [0.00381831801496, 0.00249461643398, 0.0107536260039, 0.00642074039206, 0.000477851659525, 0.000103593301901, 3.38416284649e-05, 0.000354231684469, 0.000232041988056, 0.00381798367016, 0.000247413496254, 4.01934048568e-05, 2.55679478869e-05, 2.64057580353e-05, 4.64416043542e-05, 5.31736477569e-05, 0.000408043735661, 8.63371460582e-05, 8.51943514135e-06, 8.65501715452e-06, 1.52330721903e-05, 5.12116530444e-05, 0.000463375909021, 1.69058166648e-05, 2.13073053601e-05, 1.76724443008e-05, 9.18196110433e-06, 1.7543507056e-05, 6.12118747085e-05, 2.55730574281e-05, 1.10305199996e-06, 6.1585842559e-07, 5.08875132255e-07, 3.80734633154e-07, 3.19207259736e-07, 1.43737082681e-07, 9.25129270968e-08, 7.06674185835e-08, 1.34766040105e-07, 5.82342529754e-08],
        "mean": [0.00164380681235, 0.00072907959111, 0.00460027437657, 0.00257223215885, 0.00012966246868, 3.60227350029e-05, 1.14743552331e-05, 9.08609872567e-05, 0.000112314701255, 0.00161369633861, 8.99900333025e-05, 7.09468213245e-06, 8.66888422024e-06, 9.48063552642e-06, 1.32765753733e-05, 1.77452257049e-05, 9.43093982642e-05, 2.48901760642e-05, 3.27801762978e-06, 3.33390471496e-06, 5.20343701282e-06, 1.57839531312e-05, 7.6893295045e-05, 4.85445298182e-06, 9.4794359029e-06, 1.00897341326e-05, 5.3048488553e-06, 5.84017834626e-06, 1.94383901544e-05, 5.96720201429e-06, 4.87915713165e-07, 2.27983392165e-07, 1.69266328953e-07, 1.38456570653e-07, 8.77458248283e-08, 3.97599251301e-08, 2.62593609079e-08, 2.47357050398e-08, 4.07910007993e-08, 2.07911821093e-08],
        "median": [0.00158617086709, 0.000657161348499, 0.00532537233084, 0.0026826094836, 9.33234696276e-05, 3.17581980198e-05, 1.0891322745e-05, 7.32655462343e-05, 0.000100405726698, 0.00143037328962, 8.19545966806e-05, 5.57047269467e-06, 7.79743550083e-06, 8.33471585793e-06, 1.14001913971e-05, 1.429157237e-05, 7.16771319276e-05, 2.30119585467e-05, 3.08612152367e-06, 2.88638011625e-06, 4.88016303279e-06, 1.31604338094e-05, 5.27887459612e-05, 3.81462700716e-06, 8.94078493729e-06, 9.7384208857e-06, 5.22789196111e-06, 5.17340367878e-06, 1.45286367115e-05, 4.64933827971e-06, 4.52051551747e-07, 2.18018911369e-07, 1.56672328444e-07, 1.32769386596e-07, 8.09579958627e-08, 3.61692684692e-08, 2.27299548072e-08, 2.36941399834e-08, 3.69256909494e-08, 1.90744273709e-08],
        "min": [4.89686826768e-05, 2.97150418191e-05, 1.65028741321e-05, 8.58777275425e-06, 5.5090558817e-06, 2.60267847807e-06, 1.51169092533e-06, 1.45494368553e-06, 3.44239197148e-06, 2.43817203227e-06, 1.6691214455e-07, 2.51707689358e-07, 5.89080798363e-07, 3.16547954071e-07, 1.53957472548e-07, 2.60783110662e-07, 2.3749230138e-07, 2.41101190568e-07, 1.21965214817e-07, 2.20035474285e-07, 2.09346310953e-07, 3.38382847076e-07, 1.02530350432e-07, 8.45032417374e-08, 2.15772772094e-07, 1.62486315958e-07, 1.3733173887e-07, 8.25103896318e-08, 2.21424883762e-07, 1.15180014859e-07, 1.50775179009e-08, 9.76916059159e-09, 1.14919682659e-08, 8.26352675176e-09, 7.53210027682e-09, 4.35291580558e-09, 4.79488715399e-09, 3.44182171652e-09, 3.59417007267e-09, 3.44726491797e-09],
        "var": [6.60037073885e-07, 1.85686516829e-07, 1.19405713122e-05, 4.12830377172e-06, 1.11875975151e-08, 4.54797949301e-10, 3.60351713746e-11, 5.460270458e-09, 2.64455923826e-09, 8.62532886003e-07, 2.55180498954e-09, 3.20018976596e-11, 2.50434846472e-11, 1.92830335033e-11, 7.32025273731e-11, 1.33699343263e-10, 5.92504489916e-09, 1.92273752475e-10, 1.91611049943e-12, 2.37344757563e-12, 5.81731190996e-12, 1.05336218914e-10, 6.08988237616e-09, 8.78622175016e-12, 8.51819483005e-12, 7.03136724192e-12, 1.6034239908e-12, 6.74614227328e-12, 1.81649931208e-10, 1.75815386555e-11, 2.24306233716e-14, 4.43972022842e-15, 3.13134464545e-15, 1.88292396032e-15, 1.14699717179e-15, 2.41754717501e-16, 1.55055244051e-16, 6.48684168438e-17, 5.36162855887e-16, 6.35138258727e-17]
    },
    "mfcc": {
        "mean": [-657.681213379, 149.059310913, -23.805644989, 59.4403266907, -1.94977331161, 3.04074549675, 19.2381477356, 2.41899681091, 13.6287946701, 16.3646621704, 9.21061134338, 1.0050753355, -28.1009616852],
        "cov": [[479.080413818, 157.928009033, 3.52856445312, 49.5561332703, 27.0655899048, 6.12767267227, -3.99217438698, -38.1672859192, -22.0484542847, -45.8752479553, -17.1052513123, -12.8868637085, -110.187683105], [157.928009033, 180.911727905, 70.0853271484, 30.5097846985, 21.0083637238, 12.907336235, -24.1793556213, -31.4966411591, -37.1717796326, -9.8655538559, -4.5437746048, -34.5665016174, -59.9577865601], [3.52856445312, 70.0853271484, 82.3599853516, 33.04088974, 12.8889808655, 12.870765686, -13.0616817474, -18.9665145874, -25.899181366, -6.14563941956, -0.394486993551, -14.0474052429, -3.62723588943], [49.5561332703, 30.5097846985, 33.04088974, 39.2178993225, 15.4545898438, 3.72650885582, -6.21547222137, -7.09333324432, -8.42854785919, -10.5580911636, -1.75623083115, -4.3770236969, -12.7129182816], [27.0655899048, 21.0083637238, 12.8889808655, 15.4545898438, 27.8737182617, 5.15126943588, -7.3616733551, -6.44453287125, -8.54099655151, -12.3476762772, -6.84055423737, -3.55447793007, -12.0443067551], [6.12767267227, 12.907336235, 12.870765686, 3.72650885582, 5.15126943588, 26.8113136292, 3.59619665146, -12.1739530563, -7.03714513779, 7.00816822052, 6.09662437439, -1.28699243069, -1.65903294086], [-3.99217438698, -24.1793556213, -13.0616817474, -6.21547222137, -7.3616733551, 3.59619665146, 20.4280204773, 6.22611522675, 7.37974834442, -0.834216654301, -5.01168298721, 3.72765302658, 7.73359537125], [-38.1672859192, -31.4966411591, -18.9665145874, -7.09333324432, -6.44453287125, -12.1739530563, 6.22611522675, 39.9531517029, 7.35984516144, 3.78852534294, 1.71517086029, 0.0689827501774, 14.5503349304], [-22.0484542847, -37.1717796326, -25.899181366, -8.42854785919, -8.54099655151, -7.03714513779, 7.37974834442, 7.35984516144, 30.6443710327, 12.5102806091, 0.503841400146, 5.07077980042, 9.08017730713], [-45.8752479553, -9.8655538559, -6.14563941956, -10.5580911636, -12.3476762772, 7.00816822052, -0.834216654301, 3.78852534294, 12.5102806091, 41.9393539429, 21.5456581116, -6.20552062988, 7.58965492249], [-17.1052513123, -4.5437746048, -0.394486993551, -1.75623083115, -6.84055423737, 6.09662437439, -5.01168298721, 1.71517086029, 0.503841400146, 21.5456581116, 32.2611160278, 5.42123174667, 3.34715557098], [-12.8868637085, -34.5665016174, -14.0474052429, -4.3770236969, -3.55447793007, -1.28699243069, 3.72765302658, 0.0689827501774, 5.07077980042, -6.20552062988, 5.42123174667, 26.0001602173, 12.4123048782], [-110.187683105, -59.9577865601, -3.62723588943, -12.7129182816, -12.0443067551, -1.65903294086, 7.73359537125, 14.5503349304, 9.08017730713, 7.58965492249, 3.34715557098, 12.4123048782, 50.570400238]],
