{
"lowlevel": {
    "average_loudness": 0.98877120018,
    "barkbands_crest": {
        "dmean": 1.31743848324,
        "dmean2": 1.3453309536,
        "dvar": 0.677635073662,
        "dvar2": 0.953355252743,
        "max": 18.8010654449,
        "mean": 14.9074907303,
        "median": 14.8629627228,
        "min": 9.11614608765,
        "var": 2.67827510834
    },
    "barkbands_flatness_db": {
        "dmean": 0.00892254151404,
        "dmean2": 0.0136060966179,
        "dvar": 0.000169701568666,
        "dvar2": 0.000300022598822,
        "max": 0.50053435564,
        "mean": 0.45992526412,
        "median": 0.45916557312,
        "min": 0.295345962048,
        "var": 0.000272094184766
    },
    "barkbands_kurtosis": {
        "dmean": 2.02885985374,
        "dmean2": 3.03017115593,
        "dvar": 21.3968486786,
        "dvar2": 55.7255172729,
        "max": 65.6698684692,
        "mean": 7.37365961075,
        "median": 6.22605991364,
        "min": 3.53517723083,
        "var": 20.0091438293
    },
    "barkbands_skewness": {
        "dmean": 0.145252481103,
        "dmean2": 0.209333017468,
        "dvar": 0.0847192183137,
        "dvar2": 0.242248639464,
        "max": 5.12272071838,
        "mean": 1.29415607452,
        "median": 1.29161083698,
        "min": 0.802036345005,
        "var": 0.0777363926172
    },
    "barkbands_spread": {
        "dmean": 0.058027073741,
        "dmean2": 0.0641784742475,
        "dvar": 0.00391469988972,
        "dvar2": 0.00596453808248,
        "max": 1.53162050247,
        "mean": 0.89543312788,
        "median": 0.877901852131,
        "min": 0.642118513584,
        "var": 0.00938178319484
    },
    "dissonance": {
        "dmean": 0.0428334958851,
        "dmean2": 0.0638115927577,
        "dvar": 0.00116852368228,
        "dvar2": 0.00245960312895,
        "max": 0.463848203421,
        "mean": 0.370653092861,
        "median": 0.379612982273,
        "min": 0.218173503876,
        "var": 0.00237966910936
    },
    "dynamic_complexity": 0.382862836123,
    "erbbands_crest": {
        "dmean": 1.05597233772,
        "dmean2": 1.21604180336,
        "dvar": 0.525342106819,
        "dvar2": 1.02354824543,
        "max": 16.3394145966,
        "mean": 11.0248222351,
        "median": 10.7736101151,
        "min": 8.75263786316,
        "var": 1.50802314281
    },
    "erbbands_flatness_db": {
        "dmean": 0.00858999788761,
        "dmean2": 0.0131251467392,
        "dvar": 0.000146456950461,
        "dvar2": 0.000265980226686,
        "max": 0.377111941576,
        "mean": 0.344185978174,
        "median": 0.344859689474,
        "min": 0.195240572095,
        "var": 0.000301634863717
    },
    "erbbands_kurtosis": {
        "dmean": 4.69565629959,
        "dmean2": 5.99176931381,
        "dvar": 16.6906070709,
        "dvar2": 30.5798568726,
        "max": 42.3376197815,
        "mean": 18.1500720978,
        "median": 15.8814620972,
        "min": 7.95277309418,
        "var": 51.8701438904
    },
    "erbbands_skewness": {
        "dmean": 0.415718466043,
        "dmean2": 0.526039600372,
        "dvar": 0.11289203912,
        "dvar2": 0.21868699789,
        "max": 4.91943120956,
        "mean": 2.6812543869,
        "median": 2.50634670258,
        "min": 1.7055337429,
        "var": 0.354579329491
    },
    "erbbands_spread": {
        "dmean": 0.364897638559,
        "dmean2": 0.552807152271,
        "dvar": 1.54967463017,
        "dvar2": 4.13577604294,
        "max": 20.3138790131,
        "mean": 4.00507354736,
        "median": 3.95662474632,
        "min": 2.59997868538,
        "var": 1.00186812878
    },
    "hfc": {
        "dmean": 3.55839037895,
        "dmean2": 3.50106287003,
        "dvar": 3.35325288773,
        "dvar2": 3.37735366821,
        "max": 23.6483612061,
        "mean": 15.9415779114,
        "median": 15.5417661667,
        "min": 0.269401907921,
        "var": 17.7783241272
    },
    "melbands_crest": {
        "dmean": 1.58603727818,
        "dmean2": 1.5711684227,
        "dvar": 0.957047224045,
        "dvar2": 0.9085906744,
        "max": 27.9514636993,
        "mean": 22.373960495,
        "median": 22.2276649475,
        "min": 15.2430868149,
        "var": 4.18526220322
    },
    "melbands_flatness_db": {
        "dmean": 0.0111386040226,
        "dmean2": 0.0170820113271,
        "dvar": 0.000220958856517,
        "dvar2": 0.000418004026869,
        "max": 0.655971765518,
        "mean": 0.605748176575,
        "median": 0.605098664761,
        "min": 0.432449311018,
        "var": 0.000400087999878
    },
    "melbands_kurtosis": {
        "dmean": 2.63048219681,
        "dmean2": 3.97880673409,
        "dvar": 62.2110595703,
        "dvar2": 174.186401367,
        "max": 119.900566101,
        "mean": 12.456659317,
        "median": 11.2224273682,
        "min": 7.32358074188,
        "var": 43.6417198181
    },
    "melbands_skewness": {
        "dmean": 0.126775279641,
        "dmean2": 0.178691759706,
        "dvar": 0.0867421850562,
        "dvar2": 0.253514558077,
        "max": 5.94103384018,
        "mean": 1.88140463829,
        "median": 1.85404014587,
        "min": 1.50044345856,
        "var": 0.0646539479494
    },
    "melbands_spread": {
        "dmean": 0.064852565527,
        "dmean2": 0.0671513825655,
        "dvar": 0.00192072393838,
        "dvar2": 0.00288212648593,
        "max": 1.10931944847,
        "mean": 0.785672128201,
        "median": 0.781781315804,
        "min": 0.515222966671,
        "var": 0.00907635595649
    },
    "pitch_salience": {
        "dmean": 0.0202862042934,
        "dmean2": 0.0224689729512,
        "dvar": 0.00033670727862,
        "dvar2": 0.000410913926316,
        "max": 0.711975514889,
        "mean": 0.494753330946,
        "median": 0.495820075274,
        "min": 0.39362975955,
        "var": 0.000963691738434
    },
    "silence_rate_20dB": {
        "dmean": 0,
        "dmean2": 0,
        "dvar": 0,
        "dvar2": 0,
        "max": 1,
        "mean": 1,
        "median": 1,
        "min": 1,
        "var": 0
    },
    "silence_rate_30dB": {
        "dmean": 0.300000011921,
        "dmean2": 0.599045336246,
        "dvar": 0.209999263287,
        "dvar2": 0.421575248241,
        "max": 1,
        "mean": 0.211401417851,
        "median": 0,
        "min": 0,
        "var": 0.166710734367
    },
    "silence_rate_60dB": {
        "dmean": 0,
        "dmean2": 0,
        "dvar": 0,
        "dvar2": 0,
        "max": 0,
        "mean": 0,
        "median": 0,
        "min": 0,
        "var": 0
    },
    "spectral_centroid": {
        "dmean": 5.66954421997,
        "dmean2": 5.88764858246,
        "dvar": 37.8733062744,
        "dvar2": 59.583782196,
        "max": 257.864929199,
        "mean": 166.829437256,
        "median": 166.21812439,
        "min": 144.497940063,
        "var": 78.1221542358
    },
    "spectral_complexity": {
        "dmean": 0.902380943298,
        "dmean2": 1.36754179001,
        "dvar": 0.588090717793,
        "dvar2": 1.19665706158,
        "max": 8,
        "mean": 5.21852731705,
        "median": 5,
        "min": 1,
        "var": 1.0353808403
    },
    "spectral_decrease": {
        "dmean": 5.80386050331e-09,
        "dmean2": 5.72973846147e-09,
        "dvar": 9.2955728281e-18,
        "dvar2": 9.68330050535e-18,
        "max": -6.62668975249e-10,
        "mean": -3.01890459298e-08,
        "median": -2.95547923912e-08,
        "min": -4.20944132884e-08,
        "var": 4.66614403339e-17
    },
    "spectral_energy": {
        "dmean": 0.0222269892693,
        "dmean2": 0.0219420995563,
        "dvar": 0.000136261980515,
        "dvar2": 0.000141856158734,
        "max": 0.161018639803,
        "mean": 0.11538605392,
        "median": 0.112939707935,
        "min": 0.00252549257129,
        "var": 0.00068449054379
    },
    "spectral_energyband_high": {
        "dmean": 1.31890374178e-06,
        "dmean2": 2.11771202885e-06,
        "dvar": 3.9442685229e-11,
        "dvar2": 1.09400558057e-10,
        "max": 8.80151055753e-05,
        "mean": 2.39205178332e-06,
        "median": 1.64128437063e-06,
        "min": 2.10522173916e-07,
        "var": 2.31757217584e-11
    },
    "spectral_energyband_low": {
        "dmean": 0.0154995238408,
        "dmean2": 0.015366573818,
        "dvar": 6.81577657815e-05,
        "dvar2": 7.92858336354e-05,
        "max": 0.116405896842,
        "mean": 0.0864799320698,
        "median": 0.0851993784308,
        "min": 0.00196647271514,
        "var": 0.000323889573338
    },
    "spectral_energyband_middle_high": {
        "dmean": 1.09241991595e-05,
        "dmean2": 1.17156423585e-05,
        "dvar": 1.89262577832e-10,
        "dvar2": 3.75639991335e-10,
        "max": 0.000199329631869,
        "mean": 3.3382588299e-05,
        "median": 3.00150604744e-05,
        "min": 2.88514411295e-06,
        "var": 3.52422230288e-10
    },
    "spectral_energyband_middle_low": {
        "dmean": 0.0106789218262,
        "dmean2": 0.0105977775529,
        "dvar": 3.16846453643e-05,
        "dvar2": 3.24018037645e-05,
        "max": 0.0629557594657,
        "mean": 0.0385656841099,
        "median": 0.0374480597675,
        "min": 0.00067110802047,
        "var": 0.000169662569533
    },
    "spectral_entropy": {
        "dmean": 0.112654477358,
        "dmean2": 0.152567923069,
        "dvar": 0.0271872710437,
        "dvar2": 0.0370454378426,
        "max": 7.91770744324,
        "mean": 4.89262294769,
        "median": 4.89843416214,
        "min": 4.48575210571,
        "var": 0.0459575802088
    },
    "spectral_flux": {
        "dmean": 0.0207289010286,
        "dmean2": 0.0346769616008,
        "dvar": 0.000294637226034,
        "dvar2": 0.000627250701655,
        "max": 0.30824816227,
        "mean": 0.0687111988664,
        "median": 0.0674426034093,
        "min": 0.0367191620171,
        "var": 0.000471159291919
    },
    "spectral_kurtosis": {
        "dmean": 18.1763477325,
        "dmean2": 32.4418945312,
        "dvar": 218.340148926,
        "dvar2": 654.697937012,
        "max": 128.662521362,
        "mean": 68.7106323242,
        "median": 68.2619247437,
        "min": 2.4949259758,
        "var": 489.289489746
    },
    "spectral_rms": {
        "dmean": 0.00103669683449,
        "dmean2": 0.00101663649548,
        "dvar": 3.88357904058e-07,
        "dvar2": 4.18562535742e-07,
        "max": 0.012533608824,
        "mean": 0.0105350511149,
        "median": 0.0104969078675,
        "min": 0.00156967993826,
        "var": 1.58458590249e-06
    },
    "spectral_rolloff": {
        "dmean": 6.92138671875,
        "dmean2": 13.77302742,
        "dvar": 103.342247009,
        "dvar2": 111.30721283,
        "max": 193.798828125,
        "mean": 182.187789917,
        "median": 172.265625,
        "min": 150.732421875,
        "var": 119.613006592
    },
    "spectral_skewness": {
        "dmean": 0.981113195419,
        "dmean2": 1.77218592167,
        "dvar": 0.666016161442,
        "dvar2": 1.94665312767,
        "max": 9.47879886627,
        "mean": 6.60850477219,
        "median": 6.55497598648,
        "min": 1.86660385132,
        "var": 1.24672400951
    },
    "spectral_spread": {
        "dmean": 364472.46875,
        "dmean2": 560771.0625,
        "dvar": 1.00358173491e+12,
        "dvar2": 512231145472,
        "max": 28625290,
        "mean": 1444039.5,
        "median": 1324705.25,
        "min": 755066.625,
        "var": 2.09039366554e+12
    },
    "spectral_strongpeak": {
        "dmean": 0.375852316618,
        "dmean2": 0.661206424236,
        "dvar": 0.0655044615269,
        "dvar2": 0.117913015187,
        "max": 1.57327413559,
        "mean": 1.03822147846,
        "median": 1.10732972622,
        "min": 0,
        "var": 0.0976844653487
    },
    "zerocrossingrate": {
        "dmean": 0.000348772329744,
        "dmean2": 0.00054188730428,
        "dvar": 1.80354618351e-07,
        "dvar2": 2.77083472611e-07,
        "max": 0.0078125,
        "mean": 0.00611221417785,
        "median": 0.00634765625,
        "min": 0.0029296875,
        "var": 6.66620792344e-07
    },
    "barkbands": {
        "dmean": [1.74142533069e-05, 0.00101502810139, 0.0142006510869, 0.00822411291301, 0.00522380601615, 0.000655852607451, 0.000165791178006, 2.70130931312e-05, 7.51786683395e-06, 3.82827556678e-06, 3.77700439458e-06, 1.59259445809e-06, 8.94827053344e-07, 5.64258641589e-07, 6.15452051989e-07, 2.96327755223e-07, 1.88766421161e-07, 4.65009662776e-07, 8.41230360038e-07, 6.49687422083e-07, 5.96791494445e-07, 9.35263031465e-08, 4.88742486482e-08, 1.48838992686e-07, 4.38760388022e-08, 4.60484557152e-08, 1.70657141751e-08],
        "dmean2": [2.65737653535e-05, 0.00111340393778, 0.0139675857499, 0.00805871654302, 0.00508141424507, 0.000651460257359, 0.000168927159393, 3.00953852275e-05, 8.37186144054e-06, 4.78002584714e-06, 4.23413894168e-06, 1.97054237105e-06, 1.23823326703e-06, 8.37166680867e-07, 8.65041613451e-07, 4.21681164653e-07, 2.65135611244e-07, 6.79843310536e-07, 1.41302587053e-06, 1.11025644856e-06, 9.76495698524e-07, 1.51207885324e-07, 7.24414590536e-08, 2.10747614915e-07, 5.51512506775e-08, 6.3149990126e-08, 2.08714556749e-08],
        "dvar": [3.04724889766e-09, 1.05304184217e-06, 5.42708949069e-05, 1.8377430024e-05, 6.68869097353e-06, 1.57950609037e-07, 1.12070566161e-08, 6.67571498081e-10, 3.51108690733e-11, 9.0730244498e-12, 1.04621129468e-11, 3.51365681342e-12, 2.69500719484e-12, 3.95102006667e-12, 3.32775712368e-12, 4.0900250309e-13, 2.58234948182e-13, 4.52979721875e-13, 1.34575172187e-11, 1.09982535232e-11, 6.51595661108e-12, 1.15465877961e-13, 6.81284794747e-14, 8.43862198001e-14, 5.41525984753e-14, 5.44459971357e-14, 6.15150224053e-14],
        "dvar2": [3.26776539161e-09, 1.44831778925e-06, 5.99119339313e-05, 2.26288848353e-05, 6.75581441101e-06, 1.56886770242e-07, 1.347356271e-08, 1.04791375577e-09, 5.04577976623e-11, 1.75076099451e-11, 1.38449260736e-11, 4.55366777272e-12, 6.47663953718e-12, 9.6542374789e-12, 9.00633820994e-12, 5.69445911865e-13, 2.73987999172e-13, 6.33284332092e-13, 3.99095478887e-11, 3.27101366826e-11, 1.91280134093e-11, 1.621998434e-13, 7.33826790566e-14, 1.15353988297e-13, 5.51862564977e-14, 5.7083928784e-14, 6.18857924433e-14],
        "max": [0.00122066051699, 0.0189692564309, 0.09188349545, 0.0390431843698, 0.0276587344706, 0.00404714606702, 0.00112958753016, 0.000311709416565, 7.2195121902e-05, 3.63331455446e-05, 4.68307262054e-05, 3.26321060129e-05, 2.1913450837e-05, 2.64529298875e-05, 2.62770372501e-05, 1.19215819723e-05, 1.05118951979e-05, 1.20605154734e-05, 5.38637686986e-05, 4.84949232487e-05, 3.72810791305e-05, 6.38324218016e-06, 5.36232846571e-06, 4.98202871313e-06, 4.77795720144e-06, 4.73347290608e-06, 5.12836277267e-06],
        "mean": [0.000103587808553, 0.0127444621176, 0.0639378502965, 0.0212447475642, 0.0150931905955, 0.00168498093262, 0.000446865335107, 7.29649109417e-05, 2.12848481169e-05, 1.08965596155e-05, 1.00709139588e-05, 4.16917737311e-06, 2.33454670706e-06, 1.38100961067e-06, 1.41190434988e-06, 6.82843108279e-07, 4.62741638785e-07, 9.52756749939e-07, 1.40685972383e-06, 1.01911859929e-06, 9.66285142567e-07, 1.96701847699e-07, 1.06944384015e-07, 2.64084604851e-07, 9.14410804853e-08, 7.79312259169e-08, 4.45137153804e-08],
        "median": [9.88598767435e-05, 0.0128469280899, 0.0646575316787, 0.0209128335118, 0.0146630397066, 0.0014803246595, 0.000386922678445, 5.71323434997e-05, 1.75684454007e-05, 9.76622504822e-06, 9.0740268206e-06, 3.47799641531e-06, 2.08760525311e-06, 1.17984541248e-06, 1.09302186502e-06, 5.74960040467e-07, 4.00500340447e-07, 7.47017338654e-07, 1.19332923987e-06, 7.82803681432e-07, 7.00270163634e-07, 1.58975538511e-07, 8.1541621455e-08, 1.43350447956e-07, 5.66348639097e-08, 3.76129243307e-08, 3.2182374099e-08],
        "min": [5.72340941289e-05, 0.000852695200592, 0.000683405552991, 0.000444668898126, 0.000209628386074, 1.15988477773e-05, 1.67886514646e-06, 1.74168621925e-06, 1.53162159222e-06, 9.17242346077e-07, 6.66735900268e-07, 4.25803023063e-07, 3.19106590041e-07, 2.26757592259e-07, 1.81170577207e-07, 9.01843293377e-08, 5.74934055919e-08, 3.93316597069e-08, 5.03828800902e-08, 4.77492676509e-08, 4.14587830733e-08, 3.82304037316e-08, 2.28841017247e-08, 2.30578809379e-08, 1.57541890644e-08, 7.0296408694e-09, 1.9111688232e-08],
        "var": [3.36329986084e-09, 1.74901083483e-06, 0.000271502387477, 9.24577034311e-05, 3.88975313399e-05, 9.16502415294e-07, 6.55306209296e-08, 2.23580887138e-09, 1.67485414426e-10, 4.1280780877e-11, 3.75151784637e-11, 8.24662994142e-12, 2.69142607506e-12, 2.8802114773e-12, 2.48623799499e-12, 4.581329348e-13, 2.87760321214e-13, 6.28829182735e-13, 7.14348762434e-12, 5.76620565532e-12, 3.57664679124e-12, 1.11487242235e-13, 6.93866418857e-14, 1.2695488378e-13, 5.65846198022e-14, 5.69799131381e-14, 6.15676536446e-14]
    },
    "erbbands": {
        "dmean": [0.00395034532994, 0.202264890075, 9.36251068115, 21.5649738312, 16.9698143005, 15.4300003052, 6.84509325027, 5.43729305267, 3.32217550278, 1.07751405239, 0.376848191023, 0.183989912271, 0.0947831496596, 0.178861871362, 0.111555561423, 0.0559534206986, 0.0431610606611, 0.0284235589206, 0.0369183532894, 0.0210838727653, 0.0147078437731, 0.0103431148455, 0.0181928798556, 0.0404534414411, 0.0344416312873, 0.0256517902017, 0.0411960892379, 0.0117532126606, 0.00396056240425, 0.00247304257937, 0.00130215659738, 0.00249802973121, 0.00268438947387, 0.000434342975495, 0.00043292841292, 0.000295271427603, 5.93526820012e-05, 1.2408191651e-05, 1.16583350973e-05, 2.43115991907e-05],
        "dmean2": [0.0060053281486, 0.259115576744, 9.27312660217, 21.7039680481, 16.7477474213, 15.2172679901, 6.86399364471, 5.40903759003, 3.32440876961, 1.1407790184, 0.437387913465, 0.21403324604, 0.105603039265, 0.206089988351, 0.12741369009, 0.0681582093239, 0.0598908476532, 0.0403784066439, 0.0522536598146, 0.0293845329434, 0.0209756791592, 0.0143972933292, 0.026614818722, 0.0638389065862, 0.0581591166556, 0.0427453219891, 0.0706838741899, 0.0187276583165, 0.00652415817603, 0.00380536075681, 0.00187374232337, 0.00363851594739, 0.00386706390418, 0.000542621244676, 0.000576812832151, 0.00041238265112, 7.70881524659e-05, 1.5868270566e-05, 1.14761278383e-05, 2.38770389842e-05],
        "dvar": [6.62650636514e-05, 0.113103106618, 30.1845264435, 125.316574097, 85.84765625, 59.5662498474, 14.8577299118, 11.2660474777, 4.9125957489, 0.689577639103, 0.0863238871098, 0.0227449778467, 0.00409193057567, 0.0242266338319, 0.0121709369123, 0.00514467665926, 0.00587944174185, 0.00714780483395, 0.0136571973562, 0.00396064342931, 0.00112624326721, 0.000829986063763, 0.0012386161834, 0.0103409951553, 0.0307088065892, 0.0120201641694, 0.0490775555372, 0.00233749998733, 0.000184656862984, 0.000101529054518, 5.16494474141e-05, 3.49230322172e-05, 2.55994636973e-05, 6.88624140821e-06, 2.73567115983e-06, 9.47616513258e-07, 1.77224080744e-07, 2.25577121427e-08, 1.17690412971e-09, 1.64347063736e-10],
        "dvar2": [9.02186147869e-05, 0.140507802367, 33.930683136, 134.179550171, 89.6576309204, 57.6627655029, 14.5688228607, 11.2325143814, 5.53473329544, 0.866361856461, 0.132317766547, 0.0336011312902, 0.00617266818881, 0.0372579954565, 0.014774848707, 0.00650492031127, 0.0143641196191, 0.0163498874754, 0.0361681655049, 0.0100767239928, 0.00140304467641, 0.000880544772372, 0.00163550744765, 0.0295577198267, 0.0912584364414, 0.0353769510984, 0.146195322275, 0.00660170754418, 0.000313646974973, 0.000134979578434, 5.64424153708e-05, 4.37314301962e-05, 3.91866888094e-05, 6.96430424796e-06, 2.86302201857e-06, 1.06572349523e-06, 1.79889838137e-07, 2.27008136733e-08, 1.15181464366e-09, 1.68166203185e-10],
        "max": [0.211818575859, 6.60433530807, 86.2074279785, 111.399726868, 119.546363831, 84.3084259033, 45.0164108276, 31.399766922, 23.4763240814, 9.38975524902, 3.39950966835, 1.91428887844, 0.744287610054, 1.78361809254, 1.92978394032, 1.29555130005, 1.00928449631, 1.10075938702, 1.66464817524, 0.866078972816, 0.659551024437, 0.593865931034, 0.667112588882, 1.48327410221, 2.55889010429, 1.59356868267, 3.24944543839, 0.689497888088, 0.230013474822, 0.194222077727, 0.146733805537, 0.109347499907, 0.0804524496198, 0.0540283061564, 0.0337053202093, 0.0191853810102, 0.00867111422122, 0.00309372902848, 0.000756577064749, 0.000176761343027],
        "mean": [0.0736164823174, 5.2615146637, 66.8592987061, 65.461769104, 77.507850647, 37.8463668823, 17.9884757996, 13.4358577728, 8.37826156616, 3.17385005951, 1.11049604416, 0.517935931683, 0.28579044342, 0.520945131779, 0.321166872978, 0.15429545939, 0.112608723342, 0.0777286067605, 0.0835771262646, 0.0507288575172, 0.0366488546133, 0.0268628764898, 0.0391861349344, 0.0794007331133, 0.0562398098409, 0.044680044055, 0.0586924627423, 0.0215368513018, 0.00788347795606, 0.00517963385209, 0.00291410903446, 0.00476839253679, 0.00447392789647, 0.000928982510231, 0.000887557689566, 0.000556383049116, 0.000123483565403, 2.08044966712e-05, 5.66025373701e-05, 0.000126068101963],
        "median": [0.0734193921089, 5.27564525604, 67.111038208, 63.3151321411, 77.1130905151, 36.0958824158, 16.9528408051, 11.7704496384, 6.90491437912, 2.78820872307, 1.02365267277, 0.427186191082, 0.271474540234, 0.430889219046, 0.295487523079, 0.127033859491, 0.100456915796, 0.068243175745, 0.0658090636134, 0.0413000583649, 0.0316996984184, 0.0233126096427, 0.0329159535468, 0.0679453164339, 0.0447605550289, 0.0357846394181, 0.0394762158394, 0.0163581911474, 0.00623697182164, 0.00407383497804, 0.00220330432057, 0.00281548220664, 0.00237305671908, 0.000536371371709, 0.000573428231291, 0.000327272369759, 7.32732441975e-05, 1.09382381197e-05, 5.44958420505e-05, 0.00012368222815],
        "min": [0.0257197245955, 0.191847324371, 0.704605877399, 1.2953056097, 1.18191695213, 0.510303080082, 0.218983143568, 0.0543699227273, 0.0223990865052, 0.0289164055139, 0.0451384484768, 0.0340669676661, 0.0282120462507, 0.0315325930715, 0.0229791570455, 0.0150601826608, 0.0143401706591, 0.0126824770123, 0.0106550110504, 0.0079537127167, 0.00531803071499, 0.00319138751365, 0.00234891776927, 0.00219982909039, 0.00273988000117, 0.00200726673938, 0.00150972732808, 0.00196012435481, 0.00148387707304, 0.000806024414487, 0.000670923094731, 0.000561004271731, 0.000336305936798, 0.000175106586539, 0.000130373300635, 8.04673400125e-05, 3.38345889759e-05, 5.45028115084e-06, 4.2278534238e-06, 3.04376385429e-06],
        "var": [6.87871433911e-05, 0.12092860043, 124.71522522, 625.256652832, 471.039642334, 329.57321167, 79.8232574463, 60.2620811462, 28.6091403961, 2.67272567749, 0.260662138462, 0.0995751544833, 0.0161872766912, 0.134481787682, 0.0309254229069, 0.0107487011701, 0.00604516314343, 0.00583084812388, 0.00987853482366, 0.00309955980629, 0.00129486678634, 0.0009015435935, 0.00144425791223, 0.00655723689124, 0.0159779656678, 0.00653229700401, 0.0256857126951, 0.001360295224, 0.000164499811945, 9.90579355857e-05, 5.22395785083e-05, 4.57047608506e-05, 3.77040887543e-05, 7.1377949098e-06, 2.99035832541e-06, 1.07723656129e-06, 1.79774033882e-07, 2.25441070256e-08, 1.30241317731e-09, 8.15436551616e-10]
    },
    "gfcc": {
        "mean": [-153.715835571, 203.747940063, -9.85884571075, 42.9329109192, -30.4807891846, -17.7174263, -20.4635276794, -18.2767696381, -27.534822464, -14.9444694519, -5.46525382996, -21.4688243866, -5.89250946045],
        "cov": [[418.397979736, -43.658416748, -55.9642105103, 2.49537372589, -58.2293663025, -25.7341194153, -50.1230316162, 5.73519039154, -50.8297195435, -4.45463228226, 1.83875179291, -14.2459831238, 12.7557268143], [-43.658416748, 186.294692993, -55.7359542847, -81.5689239502, 43.0544891357, -59.2924766541, 28.5760803223, -56.0046310425, 21.1739044189, -21.1008872986, 5.08868312836, 15.8755931854, 21.0085792542], [-55.9642105103, -55.7359542847, 66.2805557251, 18.6916217804, -15.4977769852, 23.8827800751, -12.8714962006, 28.4940013885, -2.61384248734, 10.0620775223, 2.01295089722, -4.6456489563, -14.7352685928], [2.49537372589, -81.5689239502, 18.6916217804, 56.9093093872, -17.0502109528, 18.2377738953, -3.19785904884, 19.4881725311, -4.27098083496, 8.9639673233, -1.35684514046, -9.74390697479, -9.05733394623], [-58.2293663025, 43.0544891357, -15.4977769852, -17.0502109528, 29.8485794067, -10.0894565582, 13.759221077, -16.4174404144, 10.4394311905, -4.68541193008, -4.52987480164, 9.37908935547, 2.80939865112], [-25.7341194153, -59.2924766541, 23.8827800751, 18.2377738953, -10.0894565582, 34.9961280823, -7.10955905914, 18.9449920654, -3.15527462959, 5.57744646072, -0.278531461954, -5.09698295593, -5.27438592911], [-50.1230316162, 28.5760803223, -12.8714962006, -3.19785904884, 13.759221077, -7.10955905914, 20.5661582947, -13.8259429932, 8.79462528229, -1.93789255619, -1.06188213825, 3.49346160889, 0.554139018059], [5.73519039154, -56.0046310425, 28.4940013885, 19.4881725311, -16.4174404144, 18.9449920654, -13.8259429932, 26.8141899109, -7.85455560684, 4.12464761734, 1.09879672527, -4.98879337311, -6.66742944717], [-50.8297195435, 21.1739044189, -2.61384248734, -4.27098083496, 10.4394311905, -3.15527462959, 8.79462528229, -7.85455560684, 14.9850482941, -1.0671889782, -1.33429741859, 2.54298734665, -0.0520577467978], [-4.45463228226, -21.1008872986, 10.0620775223, 8.9639673233, -4.68541193008, 5.57744646072, -1.93789255619, 4.12464761734, -1.0671889782, 11.7633800507, -1.65316021442, -4.18830442429, -5.12825536728], [1.83875179291, 5.08868312836, 2.01295089722, -1.35684514046, -4.52987480164, -0.278531461954, -1.06188213825, 1.09879672527, -1.33429741859, -1.65316021442, 7.41319513321, -1.99973332882, 0.0382862687111], [-14.2459831238, 15.8755931854, -4.6456489563, -9.74390697479, 9.37908935547, -5.09698295593, 3.49346160889, -4.98879337311, 2.54298734665, -4.18830442429, -1.99973332882, 11.0987291336, -1.07477593422], [12.7557268143, 21.0085792542, -14.7352685928, -9.05733394623, 2.80939865112, -5.27438592911, 0.554139018059, -6.66742944717, -0.0520577467978, -5.12825536728, 0.0382862687111, -1.07477593422, 12.0116281509]],
        "icov": [[0.0270861554891, 0.0315272770822, 0.0277553498745, 0.0256158877164, 0.0391862504184, 0.0425766222179, 0.0439660511911, 0.0422462671995, 0.0371762402356, 0.0321607775986, 0.0143991224468, 0.0231598690152, 0.0163290165365], [0.0315272770822, 0.313107252121, -0.0180031117052, 0.256837099791, -0.0179437119514, 0.276573359966, -0.070363715291, 0.189920559525, -0.0746513158083, 0.125572085381, -0.172197476029, 0.0826690122485, -0.113985463977], [0.0277553498745, -0.0180031117052, 0.0758961290121, -0.00885716918856, 0.0511172488332, -0.00228309142403, 0.0699946805835, -0.0190399829298, 0.0445831902325, 0.00237017590553, 0.0393788851798, 0.0145122278482, 0.0640619173646], [0.0256158877164, 0.256837099791, -0.00885716918856, 0.24502171576, -0.00348103209399, 0.223329231143, -0.0768889561296, 0.131142780185, -0.0635887607932, 0.0999977886677, -0.124605670571, 0.0879935324192, -0.0766138285398], [0.0391862504184, -0.0179437119514, 0.0511172488332, -0.00348103209399, 0.157961070538, 0.00542579730973, 0.0632515624166, 0.045545283705, 0.0579073913395, 0.0327398814261, 0.100802496076, -0.0140055716038, 0.0503081679344], [0.0425766222179, 0.276573359966, -0.00228309142403, 0.223329231143, 0.00542579730973, 0.304163128138, -0.0371033139527, 0.146840915084, -0.0427103675902, 0.113589577377, -0.129559159279, 0.0874004736543, -0.0912908986211], [0.0439660511911, -0.070363715291, 0.0699946805835, -0.0768889561296, 0.0632515624166, -0.0371033139527, 0.232852235436, 0.0580780990422, 0.0880945473909, 0.0226659886539, 0.0910592451692, 0.0162286292762, 0.105896227062], [0.0422462671995, 0.189920559525, -0.0190399829298, 0.131142780185, 0.045545283705, 0.146840915084, 0.0580780990422, 0.300547003746, 0.0241672024131, 0.134853646159, -0.0617358237505, 0.0678200796247, -0.0195883326232], [0.0371762402356, -0.0746513158083, 0.0445831902325, -0.0635887607932, 0.0579073913395, -0.0427103675902, 0.0880945473909, 0.0241672024131, 0.207518219948, 0.0168289523572, 0.106644354761, 0.018095202744, 0.0842467546463], [0.0321607775986, 0.125572085381, 0.00237017590553, 0.0999977886677, 0.0327398814261, 0.113589577377, 0.0226659886539, 0.134853646159, 0.0168289523572, 0.226178109646, 0.0159077607095, 0.1174018085, 0.0476507470012], [0.0143991224468, -0.172197476029, 0.0393788851798, -0.124605670571, 0.100802496076, -0.129559159279, 0.0910592451692, -0.0617358237505, 0.106644354761, 0.0159077607095, 0.323265910149, 0.0231491886079, 0.129593789577], [0.0231598690152, 0.0826690122485, 0.0145122278482, 0.0879935324192, -0.0140055716038, 0.0874004736543, 0.0162286292762, 0.0678200796247, 0.018095202744, 0.1174018085, 0.0231491886079, 0.212652608752, 0.062676653266], [0.0163290165365, -0.113985463977, 0.0640619173646, -0.0766138285398, 0.0503081679344, -0.0912908986211, 0.105896227062, -0.0195883326232, 0.0842467546463, 0.0476507470012, 0.129593789577, 0.062676653266, 0.244385272264]]
    },
    "melbands": {
        "dmean": [0.000150039166328, 0.00350232585333, 0.00367765757255, 0.00120581430383, 0.000301056192257, 0.000119836811791, 4.46696576546e-05, 9.72722955339e-06, 2.46645254265e-06, 1.07776315872e-06, 4.58213122556e-07, 7.20430591628e-07, 4.36466393694e-07, 2.07853247502e-07, 1.00462742125e-07, 8.72080434533e-08, 5.12774427364e-08, 6.21466469397e-08, 4.04655366992e-08, 2.21678959633e-08, 1.84480537513e-08, 1.20347385391e-08, 9.05300279186e-09, 2.54948542278e-08, 3.49554163392e-08, 3.37918528714e-08, 1.54910928529e-08, 1.82736759058e-08, 3.56595393214e-08, 1.10891171801e-08, 5.30668442522e-09, 2.35280794847e-09, 1.754585921e-09, 1.2718246456e-09, 7.50106921021e-10, 7.28815841011e-10, 2.12167350355e-09, 2.44036879593e-09, 6.90010937276e-10, 2.51214132829e-10],
        "dmean2": [0.000170028506545, 0.00347327184863, 0.00365611515008, 0.00118815235328, 0.000298757193377, 0.00011911947513, 4.46198209829e-05, 1.04782102426e-05, 2.96371354125e-06, 1.24092525766e-06, 5.24119457168e-07, 8.44895964747e-07, 5.05930984218e-07, 2.51385017691e-07, 1.3201626814e-07, 1.23136487673e-07, 7.59746185963e-08, 8.89549909289e-08, 5.66954199144e-08, 3.16821378021e-08, 2.75723373022e-08, 1.74041066003e-08, 1.32995250368e-08, 3.78976139359e-08, 5.59877904038e-08, 5.7248108476e-08, 2.55597925047e-08, 3.09644256902e-08, 6.27501819395e-08, 1.71715850428e-08, 8.65120330928e-09, 3.86964149612e-09, 2.82545298269e-09, 1.98097938053e-09, 1.11640141576e-09, 1.0680898388e-09, 3.18724824311e-09, 3.60028629132e-09, 9.49621048463e-10, 3.12906034416e-10],
        "dvar": [2.36012969168e-08, 4.20306059823e-06, 3.57398198503e-06, 3.75073454961e-07, 2.62201620416e-08, 5.50103518293e-09, 8.55773674147e-10, 7.29054733251e-11, 4.06753667206e-12, 7.51884286169e-13, 1.01625230854e-13, 3.98335363175e-13, 1.67625529885e-13, 5.15196338282e-14, 2.18234023924e-14, 3.12343467063e-14, 2.48260071355e-14, 4.0277754954e-14, 1.61468840414e-14, 2.86250231722e-15, 1.40467010006e-15, 9.09884697765e-16, 8.33854332205e-16, 1.15824481642e-15, 6.61361927612e-15, 2.66617071031e-14, 2.1374222091e-15, 7.17213882549e-15, 4.81219644482e-14, 7.70233952234e-16, 4.96287244648e-16, 5.08921680733e-17, 4.03511176687e-17, 2.71819010454e-17, 1.74807996133e-17, 1.32660869177e-17, 1.62803239708e-17, 1.74226967927e-17, 6.37194762079e-18, 4.50936890548e-18],
        "dvar2": [3.39568799745e-08, 4.72302190246e-06, 3.76616344511e-06, 3.58249025112e-07, 2.64353321455e-08, 5.47148859553e-09, 9.90108772747e-10, 9.23339876779e-11, 6.2714256531e-12, 1.1259626044e-12, 1.54194324952e-13, 6.36431825209e-13, 2.02623711538e-13, 7.05952223762e-14, 3.07542348792e-14, 7.67160518596e-14, 5.72773707803e-14, 1.06344234363e-13, 4.39736002602e-14, 5.43460870585e-15, 1.64553323597e-15, 9.87062210633e-16, 9.23117469983e-16, 1.73831669562e-15, 1.88888415e-14, 7.92861937671e-14, 6.03005889172e-15, 2.12370506109e-14, 1.43830002704e-13, 2.10641593279e-15, 1.36909937495e-15, 7.64621075175e-17, 5.77068062143e-17, 3.2941822694e-17, 1.90377222709e-17, 1.40886229111e-17, 2.4804529371e-17, 2.95252094222e-17, 7.01691936955e-18, 4.53700831847e-18],
        "max": [0.00289217126556, 0.031836181879, 0.0203339867294, 0.00677784439176, 0.00203245505691, 0.000708955980372, 0.000317808357067, 8.98537837202e-05, 2.61671357293e-05, 1.09290485852e-05, 3.51648304786e-06, 7.3128267104e-06, 6.69288147037e-06, 3.9004203245e-06, 2.67159953182e-06, 2.45846922553e-06, 2.04014349947e-06, 2.85184887616e-06, 1.8271538238e-06, 8.28876238756e-07, 7.47535239043e-07, 6.16730972069e-07, 5.87965587329e-07, 5.73555439587e-07, 1.18407479022e-06, 2.3882134883e-06, 6.47791353003e-07, 1.23549068576e-06, 3.21676520798e-06, 3.864784901e-07, 3.11218229854e-07, 1.30624073336e-07, 1.17577776848e-07, 1.04092180209e-07, 8.54726351918e-08, 7.44301758004e-08, 6.40432062937e-08, 5.72921017294e-08, 5.06419084445e-08, 4.36931237857e-08],
        "mean": [0.00178679358214, 0.0246342420578, 0.0128755485639, 0.00399982510135, 0.000857903971337, 0.00030473805964, 0.000115230446681, 2.80428557744e-05, 7.1829413173e-06, 3.01896375277e-06, 1.35859477268e-06, 2.07848643186e-06, 1.24636346754e-06, 5.41907297702e-07, 2.73832796438e-07, 2.23573451308e-07, 1.32029114752e-07, 1.35580890515e-07, 9.34119839258e-08, 4.87759059808e-08, 4.26036308454e-08, 2.94531137257e-08, 2.02550740624e-08, 5.08657436171e-08, 6.66283455075e-08, 5.1863409567e-08, 2.77920424452e-08, 2.94112325605e-08, 4.51676100965e-08, 2.01907361941e-08, 9.32207910864e-09, 4.32023750108e-09, 3.37196071065e-09, 2.54501819619e-09, 1.56959178987e-09, 1.51956147665e-09, 3.66736530033e-09, 3.84268350473e-09, 1.309619857e-09, 4.86022999624e-10],
        "median": [0.00180094747338, 0.0246507078409, 0.0124704232439, 0.00393469445407, 0.000811631849501, 0.000267406372586, 9.72255584202e-05, 2.23179540626e-05, 6.57131477055e-06, 2.50576022154e-06, 1.2988839444e-06, 1.73864202679e-06, 1.14687952646e-06, 4.73298968018e-07, 2.24346251798e-07, 1.94411015286e-07, 1.11861126584e-07, 1.08863943638e-07, 7.38092396091e-08, 3.91774968023e-08, 3.50339419697e-08, 2.57530761161e-08, 1.65578715183e-08, 4.0907679022e-08, 5.74835539169e-08, 4.12237319836e-08, 2.29055476808e-08, 2.29494379056e-08, 2.8481130343e-08, 1.56218504799e-08, 6.9127223945e-09, 3.37552941154e-09, 2.56445620295e-09, 1.91892102208e-09, 1.17506127051e-09, 1.01159092214e-09, 2.005792199e-09, 1.931664384e-09, 7.33886729165e-10, 2.44814446493e-10],
        "min": [0.000248348194873, 0.000337686855346, 0.000226599309826, 6.00923303864e-05, 9.01795283426e-06, 1.37806978273e-06, 3.1952473023e-07, 3.16692933211e-07, 3.79572924203e-07, 1.96458216806e-07, 1.38652467285e-07, 1.28759793938e-07, 8.38489100374e-08, 5.47926646277e-08, 2.52690526281e-08, 3.37448753385e-08, 2.25608296489e-08, 1.77509225097e-08, 1.34920767891e-08, 7.55563522858e-09, 5.67399860429e-09, 3.3351623685e-09, 2.45827247447e-09, 1.89847648713e-09, 1.69719716059e-09, 2.14696127543e-09, 1.75028536109e-09, 1.26891852581e-09, 9.76780434314e-10, 9.29149479578e-10, 1.21831611466e-09, 7.90616017099e-10, 6.29785779083e-10, 3.81300796493e-10, 3.38223421492e-10, 3.39203942712e-10, 3.31524530051e-10, 2.3633017765e-10, 1.57318505445e-10, 7.27961024793e-11],
        "var": [3.84482810034e-08, 1.73468379217e-05, 1.86296256288e-05, 2.11545489037e-06, 1.45596800394e-07, 3.04149558872e-08, 5.22647347623e-09, 2.81962120319e-10, 1.17713738063e-11, 3.47921929982e-12, 3.83763794397e-13, 2.18224505306e-12, 4.80131993191e-13, 1.21816456661e-13, 3.67246821332e-14, 3.06581576261e-14, 1.97433046203e-14, 2.88106567954e-14, 1.16696237363e-14, 2.77787652601e-15, 1.74676394344e-15, 1.01424243912e-15, 8.7694072771e-16, 1.65373177375e-15, 4.29457520368e-15, 1.39095888128e-14, 1.29190650961e-15, 3.83303033885e-15, 2.48005809005e-14, 5.43493079012e-16, 2.96495333448e-16, 4.91859889459e-17, 3.85222842001e-17, 2.74426631161e-17, 1.75865645808e-17, 1.37694577533e-17, 2.34577618741e-17, 2.74142891667e-17, 7.06164254373e-18, 4.55007404983e-18]
    },
    "mfcc": {
        "mean": [-831.584594727, 235.563262939, 76.9680938721, 68.5876693726, 18.9225120544, 9.70067691803, 16.9749393463, -7.27033424377, -7.23000812531, -3.00758314133, -9.07704162598, -3.92632460594, -7.18386507034],
        "cov": [[412.752166748, -2.94197249413, -78.8846511841, 19.7063331604, -45.6827735901, -31.690952301, -8.86921691895, -30.9339370728, -21.9783172607, -12.8841705322, -38.6609611511, 0.449547410011, -33.797203064], [-2.94197249413, 173.158798218, -53.7961807251, -40.8765945435, -2.82935762405, -11.8920783997, -11.502904892, -13.0907945633, -5.29893684387, -27.6068878174, -7.55585193634, -40.5655097961, 31.9443187714], [-78.8846511841, -53.7961807251, 63.9815673828, 6.55528640747, 8.36856842041, -2.0455429554, 4.4916229248, 9.61050128937, -0.0735881775618, 13.8155527115, 8.10805988312, 25.6270313263, -10.2692546844], [19.7063331604, -40.8765945435, 6.55528640747, 36.1554946899, -7.18447399139, -0.0658525750041, 1.29351866245, -2.22727751732, 0.116363674402, 4.27734184265, 3.60902571678, 8.08281040192, -4.51955413818], [-45.6827735901, -2.82935762405, 8.36856842041, -7.18447399139, 16.8369216919, 1.69361412525, -1.16583549976, 6.91651773453, 3.20265483856, 0.485360682011, 0.886328577995, 2.28661823273, 2.25405979156], [-31.690952301, -11.8920783997, -2.0455429554, -0.0658525750041, 1.69361412525, 17.7970161438, 1.33006346226, 0.324729323387, 4.79051733017, 2.18405389786, 7.58275938034, -4.86682605743, 3.50073552132], [-8.86921691895, -11.502904892, 4.4916229248, 1.29351866245, -1.16583549976, 1.33006346226, 10.3396902084, 1.1863077879, -0.792524576187, 2.59659838676, -1.08299660683, 3.49102163315, -3.51060676575], [-30.9339370728, -13.0907945633, 9.61050128937, -2.22727751732, 6.91651773453, 0.324729323387, 1.1863077879, 14.590306282, 0.894574761391, -3.83633303642, 4.11922597885, 3.34586119652, 0.074298992753], [-21.9783172607, -5.29893684387, -0.0735881775618, 0.116363674402, 3.20265483856, 4.79051733017, -0.792524576187, 0.894574761391, 9.98256587982, 0.402474045753, 0.445599228144, -0.896114766598, -0.45547363162], [-12.8841705322, -27.6068878174, 13.8155527115, 4.27734184265, 0.485360682011, 2.18405389786, 2.59659838676, -3.83633303642, 0.402474045753, 18.7642364502, -0.473443955183, 4.53208827972, -3.72970438004], [-38.6609611511, -7.55585193634, 8.10805988312, 3.60902571678, 0.886328577995, 7.58275938034, -1.08299660683, 4.11922597885, 0.445599228144, -0.473443955183, 16.8073425293, -0.699862658978, 1.58644521236], [0.449547410011, -40.5655097961, 25.6270313263, 8.08281040192, 2.28661823273, -4.86682605743, 3.49102163315, 3.34586119652, -0.896114766598, 4.53208827972, -0.699862658978, 23.705619812, -12.832742691], [-33.797203064, 31.9443187714, -10.2692546844, -4.51955413818, 2.25405979156, 3.50073552132, -3.51060676575, 0.074298992753, -0.45547363162, -3.72970438004, 1.58644521236, -12.832742691, 23.1254367828]],
