{
"lowlevel": {
    "average_loudness": 0.974294006824,
    "barkbands_crest": {
        "dmean": 0.32958650589,
        "dmean2": 0.493187427521,
        "dvar": 0.278801947832,
        "dvar2": 0.264969021082,
        "max": 19.5038471222,
        "mean": 17.8033256531,
        "median": 17.7233276367,
        "min": 11.4347629547,
        "var": 1.08660972118
    },
    "barkbands_flatness_db": {
        "dmean": 0.0239985939115,
        "dmean2": 0.0424350313842,
        "dvar": 0.000255046965322,
        "dvar2": 0.000837380648591,
        "max": 0.354415476322,
        "mean": 0.268265873194,
        "median": 0.267303496599,
        "min": 0.185993120074,
        "var": 0.000559123640414
    },
    "barkbands_kurtosis": {
        "dmean": 3.66337633133,
        "dmean2": 5.73408079147,
        "dvar": 16.2841110229,
        "dvar2": 49.3033638,
        "max": 57.834312439,
        "mean": 17.2917842865,
        "median": 11.5907392502,
        "min": 1.92961883545,
        "var": 156.977935791
    },
    "barkbands_skewness": {
        "dmean": 0.333631932735,
        "dmean2": 0.503879070282,
        "dvar": 0.0639515072107,
        "dvar2": 0.162528976798,
        "max": 6.72375392914,
        "mean": 3.44741272926,
        "median": 2.97952198982,
        "min": 1.73624801636,
        "var": 1.43124508858
    },
    "barkbands_spread": {
        "dmean": 1.24954903126,
        "dmean2": 2.21374607086,
        "dvar": 1.04727864265,
        "dvar2": 3.68718147278,
        "max": 10.0061893463,
        "mean": 5.42916822433,
        "median": 5.56150579453,
        "min": 2.07532668114,
        "var": 2.52651524544
    },
    "dissonance": {
        "dmean": 0.034313082695,
        "dmean2": 0.0564108006656,
        "dvar": 0.000722650205716,
        "dvar2": 0.00202743546106,
        "max": 0.496330022812,
        "mean": 0.435510218143,
        "median": 0.44042763114,
        "min": 0.262621641159,
        "var": 0.00124618480913
    },
    "dynamic_complexity": 0.939852774143,
    "erbbands_crest": {
        "dmean": 1.58147406578,
        "dmean2": 2.5525906086,
        "dvar": 1.35178148746,
        "dvar2": 4.30476140976,
        "max": 27.5314102173,
        "mean": 18.9671821594,
        "median": 21.2946720123,
        "min": 6.08734083176,
        "var": 35.0925064087
    },
    "erbbands_flatness_db": {
        "dmean": 0.0168529059738,
        "dmean2": 0.0297305416316,
        "dvar": 0.00013969153224,
        "dvar2": 0.000400871795136,
        "max": 0.315678954124,
        "mean": 0.217133522034,
        "median": 0.218374684453,
        "min": 0.133242577314,
        "var": 0.00101302471012
    },
    "erbbands_kurtosis": {
        "dmean": 0.731189548969,
        "dmean2": 1.27466964722,
        "dvar": 0.29018008709,
        "dvar2": 0.933752954006,
        "max": 3.9887509346,
        "mean": 1.34002733231,
        "median": 1.43219852448,
        "min": -1.46139383316,
        "var": 1.72149860859
    },
    "erbbands_skewness": {
        "dmean": 0.267749398947,
        "dmean2": 0.482453882694,
        "dvar": 0.0679056122899,
        "dvar2": 0.214189440012,
        "max": 1.22267007828,
        "mean": 0.562804996967,
        "median": 0.641705751419,
        "min": -1.27357578278,
        "var": 0.0967153832316
    },
    "erbbands_spread": {
        "dmean": 9.37230110168,
        "dmean2": 16.5583457947,
        "dvar": 65.816734314,
        "dvar2": 218.640670776,
        "max": 80.0936660767,
        "mean": 33.2418174744,
        "median": 28.8582553864,
        "min": 11.3748435974,
        "var": 225.716690063
    },
    "hfc": {
        "dmean": 2.58534884453,
        "dmean2": 3.82453894615,
        "dvar": 4.71703290939,
        "dvar2": 11.110742569,
        "max": 39.5071144104,
        "mean": 20.5040893555,
        "median": 19.9787101746,
        "min": 0.171539187431,
        "var": 40.7225608826
    },
    "melbands_crest": {
        "dmean": 0.778147816658,
        "dmean2": 0.779481649399,
        "dvar": 0.676878094673,
        "dvar2": 0.696778893471,
        "max": 30.0304088593,
        "mean": 27.2123260498,
        "median": 27.281961441,
        "min": 16.7360210419,
        "var": 1.79589545727
    },
    "melbands_flatness_db": {
        "dmean": 0.0302041210234,
        "dmean2": 0.0536017715931,
        "dvar": 0.000400845543481,
        "dvar2": 0.00136528990697,
        "max": 0.491163134575,
        "mean": 0.387738823891,
        "median": 0.387418478727,
        "min": 0.300667226315,
        "var": 0.000744087155908
    },
    "melbands_kurtosis": {
        "dmean": 8.57413005829,
        "dmean2": 13.0093822479,
        "dvar": 82.6462097168,
        "dvar2": 182.210327148,
        "max": 165.854949951,
        "mean": 36.982208252,
        "median": 21.6679782867,
        "min": 5.62809658051,
        "var": 985.757141113
    },
    "melbands_skewness": {
        "dmean": 0.543139219284,
        "dmean2": 0.852037191391,
        "dvar": 0.212040886283,
        "dvar2": 0.525574505329,
        "max": 10.7746553421,
        "mean": 4.74526405334,
        "median": 3.96912550926,
        "min": 2.58507657051,
        "var": 3.35049104691
    },
    "melbands_spread": {
        "dmean": 0.704156577587,
        "dmean2": 1.17396390438,
        "dvar": 0.321995049715,
        "dvar2": 0.934981524944,
        "max": 7.86093854904,
        "mean": 4.545586586,
        "median": 4.83679866791,
        "min": 1.51320171356,
        "var": 2.51100802422
    },
    "pitch_salience": {
        "dmean": 0.0160039048642,
        "dmean2": 0.021709125489,
        "dvar": 0.000248560478212,
        "dvar2": 0.000379617180442,
        "max": 0.573460459709,
        "mean": 0.367828160524,
        "median": 0.36176148057,
        "min": 0.292533576488,
        "var": 0.00114616320934
    },
    "silence_rate_20dB": {
        "dmean": 0,
        "dmean2": 0,
        "dvar": 0,
        "dvar2": 0,
        "max": 1,
        "mean": 1,
        "median": 1,
        "min": 1,
        "var": 0
    },
    "silence_rate_30dB": {
        "dmean": 0.133333340287,
        "dmean2": 0.263598322868,
        "dvar": 0.115555882454,
        "dvar2": 0.302900165319,
        "max": 1,
        "mean": 0.543568491936,
        "median": 1,
        "min": 0,
        "var": 0.248101308942
    },
    "silence_rate_60dB": {
        "dmean": 0,
        "dmean2": 0,
        "dvar": 0,
        "dvar2": 0,
        "max": 0,
        "mean": 0,
        "median": 0,
        "min": 0,
        "var": 0
    },
    "spectral_centroid": {
        "dmean": 164.498336792,
        "dmean2": 302.084381104,
        "dvar": 19172.9355469,
        "dvar2": 66959.34375,
        "max": 1138.74523926,
        "mean": 533.776794434,
        "median": 513.141357422,
        "min": 263.582489014,
        "var": 19327.7734375
    },
    "spectral_complexity": {
        "dmean": 3.52916669846,
        "dmean2": 6.46443510056,
        "dvar": 9.94915676117,
        "dvar2": 29.9056186676,
        "max": 24,
        "mean": 10.3651456833,
        "median": 10,
        "min": 1,
        "var": 10.3479986191
    },
    "spectral_decrease": {
        "dmean": 2.64179544907e-09,
        "dmean2": 2.69181055224e-09,
        "dvar": 4.52361295563e-18,
        "dvar2": 5.29134533833e-18,
        "max": -2.29954194575e-10,
        "mean": -2.71886140268e-08,
        "median": -2.60499408711e-08,
        "min": -4.49346622133e-08,
        "var": 4.45715056505e-17
    },
    "spectral_energy": {
        "dmean": 0.0101467818022,
        "dmean2": 0.0103423036635,
        "dvar": 6.66671767249e-05,
        "dvar2": 7.88277829997e-05,
        "max": 0.173176571727,
        "mean": 0.104475572705,
        "median": 0.0998668968678,
        "min": 0.000883459171746,
        "var": 0.000661408528686
    },
    "spectral_energyband_high": {
        "dmean": 0.000151908650878,
        "dmean2": 0.00027914828388,
        "dvar": 1.75917769241e-08,
        "dvar2": 5.63962494482e-08,
        "max": 0.000818823871668,
        "mean": 0.00021202438802,
        "median": 0.000183564407052,
        "min": 3.27104794451e-06,
        "var": 1.72577898638e-08
    },
    "spectral_energyband_low": {
        "dmean": 0.00930111482739,
        "dmean2": 0.00956983212382,
        "dvar": 5.4591026128e-05,
        "dvar2": 6.30910581094e-05,
        "max": 0.14420722425,
        "mean": 0.0881944224238,
        "median": 0.0828619301319,
        "min": 0.000691630586516,
        "var": 0.000463367556222
    },
    "spectral_energyband_middle_high": {
        "dmean": 0.000466547237011,
        "dmean2": 0.000842579815071,
        "dvar": 1.45922342654e-07,
        "dvar2": 4.77987498471e-07,
        "max": 0.00253233150579,
        "mean": 0.000852644792758,
        "median": 0.000775088148657,
        "min": 3.92147194361e-05,
        "var": 1.59856483606e-07
    },
    "spectral_energyband_middle_low": {
        "dmean": 0.00241172150709,
        "dmean2": 0.00261863996275,
        "dvar": 2.93455855171e-06,
        "dvar2": 3.51741391569e-06,
        "max": 0.0336117632687,
        "mean": 0.017125396058,
        "median": 0.0168417338282,
        "min": 0.000110060005682,
        "var": 4.94740961585e-05
    },
    "spectral_entropy": {
        "dmean": 0.30074608326,
        "dmean2": 0.540293931961,
        "dvar": 0.0438971482217,
        "dvar2": 0.14053273201,
        "max": 8.29762458801,
        "mean": 6.90261983871,
        "median": 6.91308927536,
        "min": 5.74517679214,
        "var": 0.0809388980269
    },
    "spectral_flux": {
        "dmean": 0.0122885145247,
        "dmean2": 0.0193262789398,
        "dvar": 0.000257056497503,
        "dvar2": 0.000347175606294,
        "max": 0.242709025741,
        "mean": 0.0471807047725,
        "median": 0.0446119047701,
        "min": 0.026952791959,
        "var": 0.000453407585155
    },
    "spectral_kurtosis": {
        "dmean": 2.19228768349,
        "dmean2": 3.89822721481,
        "dvar": 4.01543331146,
        "dvar2": 11.7365245819,
        "max": 14.6798419952,
        "mean": 3.47628045082,
        "median": 3.0142993927,
        "min": 0.591882944107,
        "var": 4.15070438385
    },
    "spectral_rms": {
        "dmean": 0.000501249567606,
        "dmean2": 0.000510179961566,
        "dvar": 3.03426617165e-07,
        "dvar2": 3.49536009026e-07,
        "max": 0.0129981832579,
        "mean": 0.0100108189508,
        "median": 0.00987072009593,
        "min": 0.000928391818888,
        "var": 1.71086617229e-06
    },
    "spectral_rolloff": {
        "dmean": 73.9306640625,
        "dmean2": 127.847763062,
        "dvar": 19797.0058594,
        "dvar2": 37129.3398438,
        "max": 689.0625,
        "mean": 269.209777832,
        "median": 172.265625,
        "min": 129.19921875,
        "var": 40484.859375
    },
    "spectral_skewness": {
        "dmean": 0.432696551085,
        "dmean2": 0.776330709457,
        "dvar": 0.109422780573,
        "dvar2": 0.361446231604,
        "max": 2.91857671738,
        "mean": 1.25003170967,
        "median": 1.20484101772,
        "min": 0.36977532506,
        "var": 0.138627693057
    },
    "spectral_spread": {
        "dmean": 281609,
        "dmean2": 410526.5,
        "dvar": 1.2367944745e+12,
        "dvar2": 851197624320,
        "max": 23462354,
        "mean": 3494496.5,
        "median": 3438996.75,
        "min": 2135626.25,
        "var": 1.74874702643e+12
    },
    "spectral_strongpeak": {
        "dmean": 0.248723819852,
        "dmean2": 0.411002457142,
        "dvar": 0.10931519419,
        "dvar2": 0.223092213273,
        "max": 3.2081861496,
        "mean": 1.21453857422,
        "median": 1.11244094372,
        "min": 0,
        "var": 0.152635008097
    },
    "zerocrossingrate": {
        "dmean": 0.00185343425255,
        "dmean2": 0.00272742868401,
        "dvar": 2.17854380935e-06,
        "dvar2": 4.15984504798e-06,
        "max": 0.0234375,
        "mean": 0.012808771804,
        "median": 0.0126953125,
        "min": 0.001953125,
        "var": 1.51074173118e-05
    },
    "barkbands": {
        "dmean": [0.00019976470503, 0.001617709524, 0.00693381624296, 0.00219660368748, 0.000257346982835, 5.5485888879e-05, 0.000144705569255, 0.000347654451616, 0.000718039635103, 4.86019998789e-05, 4.64374825242e-05, 3.05423673126e-05, 5.61060078326e-05, 4.06691433454e-05, 4.84129086544e-05, 2.10509642784e-05, 2.47975967795e-05, 1.92154257093e-05, 0.000175540844793, 0.000132042972837, 6.040550943e-05, 8.33287958812e-06, 4.0948766582e-06, 9.83815652944e-07, 2.42269095452e-07, 1.81816318445e-07, 3.27337033923e-07],
        "dmean2": [0.000299850362353, 0.00200898060575, 0.00701493537053, 0.00232382770628, 0.000413650006521, 8.76283302205e-05, 0.000249345204793, 0.000630347349215, 0.000928642984945, 8.47919291118e-05, 8.41638320708e-05, 5.31625446456e-05, 9.6633018984e-05, 6.95697090123e-05, 9.10426970222e-05, 3.85528037441e-05, 4.27871018474e-05, 3.47686254827e-05, 0.000314277713187, 0.000243799353484, 0.00011059170356, 1.52799730131e-05, 7.41322128306e-06, 1.64493349075e-06, 3.8933441715e-07, 3.12200512553e-07, 5.51790719783e-07],
        "dvar": [1.19913195817e-07, 2.16312537304e-06, 3.42835446645e-05, 1.88066155715e-06, 4.64531879629e-08, 2.11813699913e-09, 1.33486723897e-08, 9.54223438043e-08, 7.25741870156e-07, 2.04707228946e-09, 1.37599420746e-09, 5.60654911386e-10, 3.31427263411e-09, 1.26501686903e-09, 1.9643779936e-09, 3.09927555842e-10, 4.76064188071e-10, 2.73227634962e-10, 2.02055208121e-08, 1.23823999942e-08, 3.23274806924e-09, 4.44514494657e-11, 1.07237699623e-11, 1.58561900589e-12, 1.6741715978e-13, 1.04836861306e-13, 1.3003659293e-13],
        "dvar2": [1.37488541441e-07, 3.48313551513e-06, 3.44811633113e-05, 2.03592685466e-06, 9.48151068769e-08, 4.64162930314e-09, 3.52331070985e-08, 3.0635493431e-07, 9.79083324637e-07, 6.06075989396e-09, 4.3122190263e-09, 1.66949409852e-09, 6.63827348646e-09, 3.63524610414e-09, 5.75033975991e-09, 9.77780079126e-10, 1.41748601745e-09, 8.99565200108e-10, 6.7496152667e-08, 4.0612551544e-08, 9.81733272454e-09, 1.38915101644e-10, 3.59495350155e-11, 3.83950640379e-12, 2.63494114765e-13, 1.36678035968e-13, 2.12877458716e-13],
        "max": [0.00680155027658, 0.0234895907342, 0.113611280918, 0.0106195043772, 0.00285787438042, 0.000582395063248, 0.000789949321188, 0.00169934914447, 0.0228464286774, 0.000267046503723, 0.00021391028713, 0.000156785274157, 0.000563733279705, 0.000263169786194, 0.000242635360337, 0.000112579538836, 0.00021187600214, 0.00013901280181, 0.000855559366755, 0.000721115327906, 0.000385189603548, 4.04016791435e-05, 1.87163841474e-05, 1.30984135467e-05, 5.70701286051e-06, 5.09772053192e-06, 6.34857133264e-06],
        "mean": [0.00153763336129, 0.0158307310194, 0.0689246878028, 0.00420941365883, 0.00189983751625, 0.000171145686181, 0.000284756213659, 0.000582539243624, 0.0099616413936, 7.88623146946e-05, 6.39579884592e-05, 5.28460659552e-05, 0.000109794047603, 8.60987129272e-05, 5.96353638684e-05, 2.67752839136e-05, 5.33137608727e-05, 3.12434458465e-05, 0.000233607410337, 0.000164290875546, 9.02207320905e-05, 1.10454448077e-05, 5.36941570317e-06, 1.73353805621e-06, 5.87639476635e-07, 4.66298331503e-07, 2.32440652326e-06],
        "median": [0.00151956931222, 0.0153272068128, 0.0650933757424, 0.00350663415156, 0.00193783838768, 0.000165427511092, 0.000261172099272, 0.000488241959829, 0.0101763317361, 6.77305724821e-05, 5.45281400264e-05, 4.77958310512e-05, 7.95350715634e-05, 7.90041667642e-05, 4.70269260404e-05, 2.24757732212e-05, 4.48598329967e-05, 2.73278255918e-05, 0.00020521809347, 0.00013977427443, 7.76644446887e-05, 9.14431984711e-06, 4.58667864223e-06, 1.33279888814e-06, 4.91719561069e-07, 4.10364066283e-07, 2.29712964028e-06],
        "min": [0.000162990603712, 0.000388085201848, 0.000182819043403, 4.3436215492e-05, 5.39321945325e-06, 5.05362186232e-06, 3.93676828025e-06, 3.57442308996e-06, 4.19278803747e-05, 1.40868905874e-05, 4.12540202888e-06, 7.61478702316e-07, 9.46312138694e-06, 2.67733412329e-06, 1.99049645744e-06, 3.58209689466e-07, 2.69342393722e-07, 4.08208165936e-07, 3.18517618325e-06, 2.53199823419e-06, 1.00131740055e-06, 2.23904862651e-07, 2.00363245995e-07, 1.05510494564e-07, 1.12504999095e-07, 1.01198686764e-07, 1.44540237557e-07],
        "var": [1.50816532596e-07, 1.18351317724e-05, 0.000290669966489, 7.36116544431e-06, 1.60836080454e-07, 3.71891828443e-09, 1.59845416903e-08, 1.13650926892e-07, 4.0468024963e-05, 2.16971307587e-09, 1.53037693629e-09, 7.52123807679e-10, 8.56600479437e-09, 1.87083903924e-09, 1.79055026361e-09, 3.13642223304e-10, 1.00634145461e-09, 2.97994434684e-10, 2.18327453894e-08, 1.19981091729e-08, 3.21619375576e-09, 4.88194554227e-11, 1.12882099501e-11, 2.14414640556e-12, 2.08323484331e-13, 1.18188770402e-13, 1.63977569045e-13]
    },
    "erbbands": {
        "dmean": [0.0390369221568, 0.531911373138, 5.30392551422, 10.0912103653, 2.62874078751, 0.302397549152, 0.456380814314, 0.463077962399, 1.41908073425, 5.81630516052, 4.35486745834, 21.999048233, 3.48280858994, 2.40030288696, 1.57990694046, 1.20715773106, 2.68879961967, 1.97599196434, 2.56846618652, 1.81992864609, 1.14447176456, 1.37285029888, 0.939829051495, 6.03901576996, 7.56252861023, 6.18988275528, 4.69431114197, 1.12312448025, 0.354812830687, 0.23274974525, 0.0845928117633, 0.0240588504821, 0.0163698773831, 0.00343765481375, 0.00165070884395, 0.000909235212021, 0.00040483722114, 0.000103904247226, 4.09105959989e-05, 1.21522216432e-05],
        "dmean2": [0.0596431083977, 0.595888793468, 5.74745845795, 9.92244720459, 3.43004846573, 0.483860433102, 0.656130671501, 0.782890796661, 2.45838999748, 10.0651502609, 7.52287006378, 28.8725242615, 4.4600019455, 4.2320189476, 2.9053902626, 2.12822699547, 4.62718296051, 3.32300043106, 4.81157398224, 3.36279296875, 2.06207060814, 2.34752488136, 1.68932127953, 10.9051504135, 13.6117277145, 11.3898792267, 8.5283870697, 2.0476129055, 0.653612971306, 0.427002966404, 0.152129426599, 0.0402900949121, 0.0275525562465, 0.0055010127835, 0.00272501795553, 0.00157256785315, 0.000680267927237, 0.000173800784978, 6.91671157256e-05, 1.58307266247e-05],
        "dvar": [0.000978860538453, 0.243291169405, 33.5828781128, 36.5097808838, 3.89190077782, 0.0849685296416, 0.133944317698, 0.180614635348, 1.33804261684, 22.4374828339, 14.8023586273, 776.812194824, 11.272564888, 4.72330379486, 1.65180206299, 0.978754341602, 7.8006105423, 3.06875514984, 5.64024496078, 2.27970004082, 0.959665596485, 1.45755493641, 0.642459630966, 24.6001625061, 39.7177391052, 26.3146343231, 18.2495594025, 0.973442256451, 0.0827247276902, 0.0339469723403, 0.00479199178517, 0.000524259405211, 0.000609605165664, 2.88550636469e-05, 8.05856416264e-06, 1.92125094145e-06, 3.86465387692e-07, 4.27632471656e-08, 2.62019739239e-09, 1.20342069643e-10],
        "dvar2": [0.00224557099864, 0.31908211112, 30.9312152863, 43.0816955566, 5.31087636948, 0.158713117242, 0.281649023294, 0.45100826025, 3.82750964165, 65.7348403931, 45.7480392456, 1021.66015625, 16.3124866486, 14.7774190903, 4.58386850357, 2.87219285965, 15.5425949097, 8.31911659241, 17.3252563477, 6.92451429367, 3.03293991089, 4.34150791168, 2.16452097893, 81.8716659546, 129.283432007, 86.4690475464, 59.7641868591, 2.88703083992, 0.251710623503, 0.109191924334, 0.0158482007682, 0.00141743244603, 0.00150586781092, 4.93850748171e-05, 1.46459806274e-05, 3.06511878989e-06, 5.46136163848e-07, 4.92262834939e-08, 4.07814937375e-09, 1.81101689201e-10],
        "max": [0.363294810057, 8.89238452911, 113.011116028, 77.5073776245, 23.2666187286, 3.51213097572, 3.02456140518, 5.25724601746, 7.41393232346, 29.7961425781, 42.1077270508, 708.922241211, 101.379226685, 14.6345434189, 8.69389533997, 6.9130358696, 27.33751297, 13.5937356949, 15.8442373276, 8.98871040344, 6.29766845703, 11.8692016602, 6.36685848236, 30.2860946655, 35.6126670837, 36.0577087402, 27.5853309631, 7.39325666428, 1.85794270039, 1.17066168785, 0.379463672638, 0.183180391788, 0.265957504511, 0.0682261660695, 0.0389209166169, 0.0205130428076, 0.00936861336231, 0.0035760179162, 0.000916896911804, 0.000232231614063],
        "mean": [0.251751422882, 5.79139089584, 72.9815292358, 35.6633033752, 15.3625717163, 1.92552483082, 1.26847803593, 1.28439688683, 3.29195380211, 9.82661247253, 21.7634868622, 309.892120361, 44.4334602356, 4.79011869431, 2.59707522392, 2.30606102943, 5.35896444321, 4.87800836563, 3.62085676193, 2.27289319038, 1.82092273235, 2.98240041733, 1.54880225658, 7.93309640884, 10.3215045929, 7.70449066162, 6.54426050186, 1.65108966827, 0.475490033627, 0.29837962985, 0.118839658797, 0.0448616109788, 0.0271476954222, 0.00784743856639, 0.00361765176058, 0.00209707091562, 0.000831619952805, 0.000456843321444, 0.000300935877021, 0.000160228111781],
        "median": [0.252701818943, 5.53632307053, 68.8646469116, 32.8338890076, 15.5582418442, 1.9195432663, 1.18589091301, 1.19845700264, 3.01229119301, 8.53917217255, 22.3102226257, 317.58114624, 45.6077613831, 4.48809957504, 2.29317355156, 2.1766731739, 3.8227956295, 4.59188318253, 2.96756148338, 1.92090940475, 1.58729755878, 2.4734108448, 1.38021826744, 6.83893442154, 9.20323085785, 6.47122573853, 5.67964696884, 1.40427696705, 0.403111219406, 0.243607118726, 0.104837276042, 0.0367834717035, 0.0202430747449, 0.00608163420111, 0.00288248015568, 0.00186045130249, 0.000714381167199, 0.000436759233708, 0.000297180318739, 0.000156095862621],
        "min": [0.0127970091999, 0.0815904214978, 0.211090579629, 0.194655627012, 0.0465264171362, 0.0198428947479, 0.0477202683687, 0.033732868731, 0.0276752635837, 0.10481518507, 0.140836790204, 0.945984899998, 0.82407695055, 0.397640734911, 0.124905742705, 0.0598075166345, 0.415635555983, 0.212967395782, 0.139019310474, 0.0574481151998, 0.0126674789935, 0.016247080639, 0.0249189790338, 0.138812467456, 0.117113679647, 0.139368146658, 0.0601883046329, 0.0252451207489, 0.0079830866307, 0.00672327401116, 0.00652193557471, 0.00289625977166, 0.00172657205258, 0.00134191452526, 0.000698514631949, 0.000451049243566, 0.000169310878846, 7.31946929591e-05, 2.29102479352e-05, 3.03998763229e-06],
        "var": [0.00185790052637, 1.83115231991, 287.928741455, 207.426803589, 12.3577375412, 0.155876070261, 0.267887949944, 0.230159804225, 1.55533707142, 27.0570297241, 73.7174453735, 39322.0429688, 765.547729492, 6.10352897644, 1.94526600838, 1.25647938251, 20.0765953064, 5.37954425812, 5.17870330811, 2.26223683357, 1.03228509426, 3.21277570724, 0.692182660103, 25.7052841187, 41.9159202576, 26.0514774323, 17.5648536682, 1.05999052525, 0.0910996422172, 0.0364200025797, 0.00510375155136, 0.000796631735284, 0.000709418265615, 3.78939439543e-05, 9.44830571825e-06, 2.21821346713e-06, 4.48944547315e-07, 4.72011976171e-08, 2.96559865554e-09, 7.57225004921e-10]
    },
    "gfcc": {
        "mean": [-23.2494468689, 147.128677368, -94.9424209595, 47.4694404602, -32.4945220947, -4.21203994751, 20.9443397522, 13.2828216553, -8.06280326843, -6.17908477783, -25.117521286, -37.3423347473, -21.6753063202],
        "cov": [[373.362487793, -47.2807998657, -122.246192932, 92.872543335, -30.9959144592, -4.16381549835, 22.3169937134, 10.337269783, 17.1874313354, -24.346157074, -29.7477684021, -15.6955385208, 2.69688725471], [-47.2807998657, 68.5425262451, 32.9853897095, -45.6746788025, 0.331325381994, -24.1334457397, 20.5810909271, 7.29794216156, 15.680390358, -4.1440038681, -9.40849399567, -7.7946767807, -2.89453792572], [-122.246192932, 32.9853897095, 98.9059066772, -51.0683135986, 3.22563958168, 1.5065767765, -16.6109600067, 17.286813736, -3.34836101532, 1.33499324322, 3.72121310234, -6.13934850693, 3.5324139595], [92.872543335, -45.6746788025, -51.0683135986, 67.058013916, 5.96515130997, 6.82636022568, -9.34846687317, -14.17258358, -3.43079328537, -3.7590444088, 6.77250766754, 1.40508234501, -0.802043795586], [-30.9959144592, 0.331325381994, 3.22563958168, 5.96515130997, 27.445104599, 2.17142343521, -14.6176462173, -18.8345661163, -8.12108230591, 7.41205406189, 13.4303979874, 6.16414308548, -5.56221294403], [-4.16381549835, -24.1334457397, 1.5065767765, 6.82636022568, 2.17142343521, 20.9306087494, -11.8332357407, -0.849888086319, -9.9230594635, 1.31973659992, 6.50334072113, -1.25772714615, 3.28586292267], [22.3169937134, 20.5810909271, -16.6109600067, -9.34846687317, -14.6176462173, -11.8332357407, 39.4412765503, 14.1581296921, 11.5309343338, -13.2324523926, -25.5336837769, -6.57355070114, 1.1571637392], [10.337269783, 7.29794216156, 17.286813736, -14.17258358, -18.8345661163, -0.849888086319, 14.1581296921, 37.1406326294, 12.3354406357, -17.3391895294, -23.0347862244, -13.1135225296, 11.0478391647], [17.1874313354, 15.680390358, -3.34836101532, -3.43079328537, -8.12108230591, -9.9230594635, 11.5309343338, 12.3354406357, 17.1153202057, -7.14224386215, -12.4873924255, -7.54748821259, 1.64921522141], [-24.346157074, -4.1440038681, 1.33499324322, -3.7590444088, 7.41205406189, 1.31973659992, -13.2324523926, -17.3391895294, -7.14224386215, 18.3556289673, 14.6030988693, 7.83294963837, -7.01198387146], [-29.7477684021, -9.40849399567, 3.72121310234, 6.77250766754, 13.4303979874, 6.50334072113, -25.5336837769, -23.0347862244, -12.4873924255, 14.6030988693, 30.777803421, 9.84154319763, -5.11544847488], [-15.6955385208, -7.7946767807, -6.13934850693, 1.40508234501, 6.16414308548, -1.25772714615, -6.57355070114, -13.1135225296, -7.54748821259, 7.83294963837, 9.84154319763, 16.7967205048, -2.67741036415], [2.69688725471, -2.89453792572, 3.5324139595, -0.802043795586, -5.56221294403, 3.28586292267, 1.1571637392, 11.0478391647, 1.64921522141, -7.01198387146, -5.11544847488, -2.67741036415, 10.6510763168]],
        "icov": [[0.0106129636988, -0.0220378581434, 0.0150439096615, -0.0186110623181, 0.019346807152, -0.00706511503085, 0.0240467973053, -0.00768711650744, 0.0182214081287, 0.00105994811747, 0.0220394600183, -0.000973207992502, 0.0107936300337], [-0.0220378581434, 0.227458313107, -0.0551197901368, 0.148491799831, -0.090417213738, 0.148621350527, -0.114482998848, 0.097864381969, -0.122728578746, 0.078475266695, -0.117554299533, 0.0980367586017, -0.0464315116405], [0.0150439096615, -0.0551197901368, 0.0566462650895, -0.0148803591728, 0.0283734463155, -0.0132632777095, 0.0708137303591, -0.0370030812919, 0.0582686141133, 0.00540578970686, 0.0402398742735, 0.0019572020974, 0.0252560134977], [-0.0186110623181, 0.148491799831, -0.0148803591728, 0.143768250942, -0.0596155822277, 0.0970017910004, -0.0435690805316, 0.0812948271632, -0.0732264071703, 0.0897823050618, -0.0721390917897, 0.0730151683092, -0.0256668683141], [0.019346807152, -0.090417213738, 0.0283734463155, -0.0596155822277, 0.122742325068, -0.0469081178308, 0.0917481780052, 0.0165483653545, 0.0624154619873, 0.0142035139725, 0.0793362930417, -0.0270920749754, 0.0390467941761], [-0.00706511503085, 0.148621350527, -0.0132632777095, 0.0970017910004, -0.0469081178308, 0.208522215486, -0.0312879905105, 0.0489111803472, 0.00434161489829, 0.05983427912, -0.0643836259842, 0.112584985793, -0.0461802221835], [0.0240467973053, -0.114482998848, 0.0708137303591, -0.0435690805316, 0.0917481780052, -0.0312879905105, 0.19361692667, -0.00879739783704, 0.0958896949887, 0.0409769080579, 0.145557388663, -0.0201946422458, 0.0586486048996], [-0.00768711650744, 0.097864381969, -0.0370030812919, 0.0812948271632, 0.0165483653545, 0.0489111803472, -0.00879739783704, 0.198861777782, -0.0831061676145, 0.107320092618, 0.0200709216297, 0.0591021589935, -0.0568081438541], [0.0182214081287, -0.122728578746, 0.0582686141133, -0.0732264071703, 0.0624154619873, 0.00434161489829, 0.0958896949887, -0.0831061676145, 0.229154095054, -0.0290942508727, 0.0882989391685, 0.00777468690649, 0.0339603424072], [0.00105994811747, 0.078475266695, 0.00540578970686, 0.0897823050618, 0.0142035139725, 0.05983427912, 0.0409769080579, 0.107320092618, -0.0290942508727, 0.220163524151, -0.0190926343203, 0.0340673215687, 0.0480551496148], [0.0220394600183, -0.117554299533, 0.0402398742735, -0.0721390917897, 0.0793362930417, -0.0643836259842, 0.145557388663, 0.0200709216297, 0.0882989391685, -0.0190926343203, 0.207224085927, -0.0424151606858, 0.0309772733599], [-0.000973207992502, 0.0980367586017, 0.0019572020974, 0.0730151683092, -0.0270920749754, 0.112584985793, -0.0201946422458, 0.0591021589935, 0.00777468690649, 0.0340673215687, -0.0424151606858, 0.162282243371, -0.0346057899296], [0.0107936300337, -0.0464315116405, 0.0252560134977, -0.0256668683141, 0.0390467941761, -0.0461802221835, 0.0586486048996, -0.0568081438541, 0.0339603424072, 0.0480551496148, 0.0309772733599, -0.0346057899296, 0.187973946333]]
    },
    "melbands": {
        "dmean": [0.000306110741803, 0.00214773672633, 0.00157718046103, 7.052555884e-05, 1.31756760311e-05, 1.09986385723e-05, 2.26576230489e-05, 7.22050172044e-05, 3.08065064019e-05, 0.000140523290611, 1.31519936986e-05, 9.85350561677e-06, 5.83465816817e-06, 3.44414161191e-06, 3.01791510537e-06, 6.08529990132e-06, 4.06487652072e-06, 4.15354861616e-06, 3.43031251759e-06, 1.64699633842e-06, 1.3590126855e-06, 1.70339683336e-06, 8.90159014943e-07, 9.64316427599e-07, 5.17429953106e-06, 7.81930066296e-06, 3.56277541869e-06, 4.28158500654e-06, 3.89542174162e-06, 1.16695207453e-06, 4.42756402208e-07, 2.01210511364e-07, 1.31795715674e-07, 1.28173482494e-07, 5.40502114177e-08, 2.20482316848e-08, 1.41576457224e-08, 1.45214800185e-08, 5.53039436468e-09, 1.9076782376e-09],
        "dmean2": [0.000472305953735, 0.00228212517686, 0.00153886689804, 0.000111236098746, 1.99868791242e-05, 1.77001566044e-05, 3.90679815609e-05, 0.000127174469526, 5.15741157869e-05, 0.000181795971002, 1.75803506863e-05, 1.72877025761e-05, 1.06426386992e-05, 6.0955421759e-06, 5.23753942616e-06, 1.0423470485e-05, 6.69731207381e-06, 7.78788944444e-06, 6.37051880403e-06, 3.03027604787e-06, 2.43526687882e-06, 2.87392253995e-06, 1.60429067364e-06, 1.73463672581e-06, 9.40189875109e-06, 1.40028141686e-05, 6.47948900223e-06, 7.89530349721e-06, 7.10172525942e-06, 2.14252713704e-06, 8.05640809176e-07, 3.68758975355e-07, 2.39677945046e-07, 2.35944753513e-07, 9.73232943124e-08, 3.93148518185e-08, 2.28892460541e-08, 2.46576021823e-08, 8.71613359266e-09, 3.07262637556e-09],
        "dvar": [8.25227743917e-08, 4.64172717329e-06, 8.88172451141e-07, 3.4876856958e-09, 1.21638948913e-10, 8.53803971967e-11, 3.24199472823e-10, 3.63870800157e-09, 6.84051537636e-10, 3.16432888781e-08, 1.5224059513e-10, 7.69667315992e-11, 2.18364475807e-11, 8.30281590009e-12, 7.46940443525e-12, 4.44517651854e-11, 1.27992512422e-11, 1.55895331366e-11, 8.37527356495e-12, 1.813855381e-12, 1.37543253696e-12, 2.26545279931e-12, 6.68749398306e-13, 6.48967370728e-13, 1.88403737056e-11, 4.32762749247e-11, 8.97725990767e-12, 1.28898636556e-11, 1.20373676304e-11, 1.3588435932e-12, 1.4491106069e-13, 2.72573050963e-14, 1.11035202774e-14, 1.03912384136e-14, 1.90206881075e-15, 4.38906215246e-16, 2.4265551057e-16, 5.3486663078e-16, 5.40430810063e-17, 1.34711284479e-17],
        "dvar2": [1.68657635413e-07, 4.49064009445e-06, 1.05235903902e-06, 6.62662946738e-09, 2.47895315386e-10, 2.18340331926e-10, 9.52567247303e-10, 1.16335963085e-08, 2.19325624329e-09, 4.0807297097e-08, 2.57203008891e-10, 2.4189875103e-10, 6.41587824535e-11, 2.42327147931e-11, 2.12962789764e-11, 8.43606018375e-11, 3.38435078573e-11, 4.79208790705e-11, 2.4691144962e-11, 5.80622572591e-12, 4.34184589324e-12, 6.64045901599e-12, 2.09604295726e-12, 2.21704425651e-12, 6.14727366233e-11, 1.40550932004e-10, 2.92428511961e-11, 4.23077718692e-11, 3.95005972376e-11, 4.07561354457e-12, 4.20891213592e-13, 8.53766655897e-14, 3.47524167375e-14, 3.38067620502e-14, 6.27263091661e-15, 1.31810672098e-15, 6.55199678217e-16, 1.3219256749e-15, 1.13279380569e-16, 1.89301143451e-17],
        "max": [0.00417112279683, 0.0418015792966, 0.0127931851894, 0.000765311240684, 0.000109383196104, 0.000116852665087, 0.000116963055916, 0.000370805617422, 0.000290276977466, 0.00456377491355, 0.000255281862337, 5.19386485394e-05, 2.78720453935e-05, 1.91771468963e-05, 2.15207874135e-05, 6.79993681842e-05, 2.78919851553e-05, 2.62038174696e-05, 1.7839447537e-05, 7.81259495852e-06, 7.38811240808e-06, 1.58580769494e-05, 5.95176152274e-06, 5.66013068237e-06, 2.62426037807e-05, 3.86755782529e-05, 1.81971918209e-05, 2.56160110439e-05, 2.1008116164e-05, 7.9892370195e-06, 2.827565595e-06, 1.04134790035e-06, 6.66794221615e-07, 6.38479775716e-07, 2.51911984606e-07, 1.31278255822e-07, 1.26802646605e-07, 2.54780900377e-07, 6.50863469787e-08, 5.48580203485e-08],
        "mean": [0.00300023541786, 0.0268834456801, 0.00649156514555, 0.00053562305402, 3.60671256203e-05, 3.18793026963e-05, 4.99597008456e-05, 0.000119289659779, 0.000156764450367, 0.00200174376369, 0.00010558237409, 1.38000705192e-05, 8.71717202244e-06, 6.18289004706e-06, 6.49744833936e-06, 1.22894871311e-05, 9.03808268049e-06, 5.88537068325e-06, 4.16600460085e-06, 1.99502801479e-06, 2.23451888814e-06, 3.69357712771e-06, 1.41512987284e-06, 1.40776228363e-06, 6.65344123263e-06, 1.05508897832e-05, 4.58573367723e-06, 5.20844650964e-06, 5.15631154485e-06, 1.81996654192e-06, 5.97738051056e-07, 2.60693752807e-07, 1.77581739536e-07, 1.58514609438e-07, 7.2749386959e-08, 3.55595659585e-08, 2.45757529882e-08, 2.16669544528e-08, 1.13753060305e-08, 4.50541914887e-09],
        "median": [0.00293177808635, 0.0252794474363, 0.00603990163654, 0.000548401265405, 3.38135396305e-05, 3.0556722777e-05, 4.56656853203e-05, 0.000104180966446, 0.00015739837545, 0.0020434029866, 0.000107844396553, 1.16094961413e-05, 7.64707237977e-06, 5.58418378205e-06, 5.68738232687e-06, 8.44450096338e-06, 7.74071850174e-06, 4.80056269225e-06, 3.56734972229e-06, 1.66873223861e-06, 1.96094583771e-06, 2.92425625048e-06, 1.26174552406e-06, 1.28527221932e-06, 5.68982522964e-06, 9.12448831514e-06, 3.84083386962e-06, 4.31340322393e-06, 4.32857223132e-06, 1.56586804678e-06, 4.84351005525e-07, 2.22236849368e-07, 1.51814958826e-07, 1.28574200176e-07, 6.2920761934e-08, 3.04343004132e-08, 1.90333917516e-08, 1.50040548874e-08, 8.54841353259e-09, 3.65808405789e-09],
        "min": [0.000119042393635, 0.00011297234596, 3.00554056594e-05, 1.45896183312e-06, 1.56640157911e-06, 7.75277385401e-07, 5.3533983646e-07, 1.08400945464e-06, 1.49460618104e-06, 6.48861851005e-06, 4.05781202062e-06, 1.690401632e-06, 5.00642329371e-07, 7.35388709927e-08, 4.22416974288e-07, 1.03065769963e-06, 3.07838575964e-07, 2.34953887457e-07, 1.2099694402e-07, 3.7187234625e-08, 9.24650223055e-09, 1.49085224166e-08, 2.05935037911e-08, 1.91951610162e-08, 1.27935265937e-07, 1.17233021513e-07, 6.98576840819e-08, 9.30350978479e-08, 4.21161878705e-08, 1.90334930039e-08, 1.15892300201e-08, 3.73109720897e-09, 5.03362818094e-09, 2.84090195812e-09, 4.07635480926e-09, 2.73710343279e-09, 1.32885924486e-09, 9.39608502115e-10, 1.57664992173e-09, 1.00150598925e-09],
        "var": [2.79816617876e-07, 3.99269156333e-05, 5.04359240949e-06, 1.17616911766e-08, 2.23933427357e-10, 1.3136067234e-10, 3.73076902704e-10, 4.25204449428e-09, 4.25786828018e-09, 1.6403008658e-06, 4.15491285821e-09, 7.92351739776e-11, 2.537146708e-11, 1.00204115838e-11, 1.36183755245e-11, 1.16900517044e-10, 2.23981354297e-11, 1.39808503316e-11, 8.32731973655e-12, 1.78610663586e-12, 1.53618101312e-12, 5.89799086306e-12, 7.18643569132e-13, 6.84361584329e-13, 1.91579373893e-11, 4.59075798209e-11, 9.1644712652e-12, 1.24701958829e-11, 1.16583799906e-11, 1.29276385603e-12, 1.60037442825e-13, 2.93396458116e-14, 1.23901506188e-14, 1.08305046179e-14, 2.0463295331e-15, 4.63728039309e-16, 3.60343194704e-16, 6.17895023731e-16, 7.85744687216e-17, 1.6093951907e-17]
    },
    "mfcc": {
        "mean": [-676.704345703, 173.047042847, 1.99838852882, 66.3121490479, -14.1340379715, 13.1831216812, 22.0595588684, 12.9596185684, 18.6152038574, 34.5743370056, 10.209731102, -0.702604055405, -12.6785964966],
        "cov": [[529.616577148, -153.780303955, -109.93888855, 76.6761932373, -44.4896583557, 25.509513855, -23.0215816498, 39.1271972656, 13.6733665466, 22.9591674805, -35.5003738403, -29.337064743, 17.9392337799], [-153.780303955, 126.755851746, 35.5516319275, -23.36627388, -11.3302965164, -24.0456638336, -5.93308782578, -5.70604372025, 12.3141641617, 2.16284346581, 21.7660617828, 7.8849401474, -15.1111211777], [-109.93888855, 35.5516319275, 73.874382019, -28.8832397461, 21.8960800171, -29.2993068695, 6.62899494171, -6.32731580734, 11.9956388474, 0.506580293179, 4.51583147049, 12.197678566, -18.4622306824], [76.6761932373, -23.36627388, -28.8832397461, 37.6404151917, -10.4181270599, 9.84465026855, -10.3188676834, 9.61111927032, -0.468937546015, 4.22337579727, -6.45829343796, -5.23303508759, 6.69398641586], [-44.4896583557, -11.3302965164, 21.8960800171, -10.4181270599, 50.9192276001, 0.825891256332, 10.3437204361, -21.0859584808, -12.9853487015, -20.3905467987, 1.58479511738, 20.0259590149, 3.62388634682], [25.509513855, -24.0456638336, -29.2993068695, 9.84465026855, 0.825891256332, 30.6998672485, 3.91610455513, -9.44392204285, -21.3975849152, -9.44419765472, -0.720759928226, -0.114869691432, 14.9403543472], [-23.0215816498, -5.93308782578, 6.62899494171, -10.3188676834, 10.3437204361, 3.91610455513, 16.696138382, -4.76337718964, -5.92593812943, -8.08391094208, -1.78136456013, 3.18512797356, -0.0451390258968], [39.1271972656, -5.70604372025, -6.32731580734, 9.61111927032, -21.0859584808, -9.44392204285, -4.76337718964, 28.6767101288, 21.2250766754, 14.8556890488, -9.36656093597, -13.1643075943, -9.49780654907], [13.6733665466, 12.3141641617, 11.9956388474, -0.468937546015, -12.9853487015, -21.3975849152, -5.92593812943, 21.2250766754, 37.1354598999, 18.950958252, -3.9165763855, -12.5878210068, -18.9108943939], [22.9591674805, 2.16284346581, 0.506580293179, 4.22337579727, -20.3905467987, -9.44419765472, -8.08391094208, 14.8556890488, 18.950958252, 25.6376457214, -2.82258462906, -12.2633314133, -13.6821136475], [-35.5003738403, 21.7660617828, 4.51583147049, -6.45829343796, 1.58479511738, -0.720759928226, -1.78136456013, -9.36656093597, -3.9165763855, -2.82258462906, 14.6479673386, 4.02411746979, -1.48076939583], [-29.337064743, 7.8849401474, 12.197678566, -5.23303508759, 20.0259590149, -0.114869691432, 3.18512797356, -13.1643075943, -12.5878210068, -12.2633314133, 4.02411746979, 22.2959575653, 3.333507061], [17.9392337799, -15.1111211777, -18.4622306824, 6.69398641586, 3.62388634682, 14.9403543472, -0.0451390258968, -9.49780654907, -18.9108943939, -13.6821136475, -1.48076939583, 3.333507061, 24.4729938507]],
