{
"lowlevel": {
    "average_loudness": 0.988928854465,
    "barkbands_crest": {
        "dmean": 1.05995666981,
        "dmean2": 1.07258605957,
        "dvar": 0.461211740971,
        "dvar2": 0.583323657513,
        "max": 19.9762516022,
        "mean": 16.9725952148,
        "median": 17.1892948151,
        "min": 9.25379562378,
        "var": 2.82094788551
    },
    "barkbands_flatness_db": {
        "dmean": 0.0135337403044,
        "dmean2": 0.0196370333433,
        "dvar": 0.000268734642304,
        "dvar2": 0.000303394830553,
        "max": 0.53205871582,
        "mean": 0.473721891642,
        "median": 0.474127620459,
        "min": 0.172769963741,
        "var": 0.000825964147225
    },
    "barkbands_kurtosis": {
        "dmean": 4.95904016495,
        "dmean2": 7.85547447205,
        "dvar": 29.0759868622,
        "dvar2": 81.1390609741,
        "max": 51.5951728821,
        "mean": 14.9363355637,
        "median": 13.1222133636,
        "min": 4.36076211929,
        "var": 64.873046875
    },
    "barkbands_skewness": {
        "dmean": 0.201748222113,
        "dmean2": 0.333832830191,
        "dvar": 0.06071555987,
        "dvar2": 0.145424693823,
        "max": 4.83379220963,
        "mean": 1.6901512146,
        "median": 1.62475264072,
        "min": 1.06026685238,
        "var": 0.135097295046
    },
    "barkbands_spread": {
        "dmean": 0.0515684746206,
        "dmean2": 0.0552014261484,
        "dvar": 0.0741916745901,
        "dvar2": 0.0719191208482,
        "max": 5.46882629395,
        "mean": 0.719672679901,
        "median": 0.701570928097,
        "min": 0.50294482708,
        "var": 0.0903386324644
    },
    "dissonance": {
        "dmean": 0.0338806137443,
        "dmean2": 0.0514719635248,
        "dvar": 0.000766123877838,
        "dvar2": 0.0017819351051,
        "max": 0.454455137253,
        "mean": 0.383322954178,
        "median": 0.389273256063,
        "min": 0.239717513323,
        "var": 0.00137444969732
    },
    "dynamic_complexity": 0.357187330723,
    "erbbands_crest": {
        "dmean": 1.7361934185,
        "dmean2": 1.90904128551,
        "dvar": 1.26702260971,
        "dvar2": 1.37817037106,
        "max": 19.7335700989,
        "mean": 13.2876367569,
        "median": 13.0118522644,
        "min": 6.18461513519,
        "var": 7.4150185585
    },
    "erbbands_flatness_db": {
        "dmean": 0.0121727883816,
        "dmean2": 0.0180681198835,
        "dvar": 0.000201174523681,
        "dvar2": 0.000253778591286,
        "max": 0.398308634758,
        "mean": 0.342133939266,
        "median": 0.341764092445,
        "min": 0.0804507806897,
        "var": 0.000532261328772
    },
    "erbbands_kurtosis": {
        "dmean": 7.67530918121,
        "dmean2": 10.2318954468,
        "dvar": 32.6329612732,
        "dvar2": 64.3965454102,
        "max": 69.4368972778,
        "mean": 34.9949798584,
        "median": 32.5540237427,
        "min": -0.221586942673,
        "var": 246.664550781
    },
    "erbbands_skewness": {
        "dmean": 0.686959981918,
        "dmean2": 0.964808106422,
        "dvar": 0.275866866112,
        "dvar2": 0.568422436714,
        "max": 6.46985054016,
        "mean": 3.884953022,
        "median": 3.79116392136,
        "min": 0.793076813221,
        "var": 1.33478021622
    },
    "erbbands_spread": {
        "dmean": 0.615687310696,
        "dmean2": 0.885123550892,
        "dvar": 8.82053279877,
        "dvar2": 8.03321170807,
        "max": 58.0835227966,
        "mean": 3.78596735001,
        "median": 3.51857304573,
        "min": 2.29809355736,
        "var": 10.3941984177
    },
    "hfc": {
        "dmean": 3.56989860535,
        "dmean2": 3.48140358925,
        "dvar": 3.43532109261,
        "dvar2": 3.34443902969,
        "max": 25.0533237457,
        "mean": 17.0491390228,
        "median": 16.9321899414,
        "min": 0.337511450052,
        "var": 18.0159339905
    },
    "melbands_crest": {
        "dmean": 1.62429404259,
        "dmean2": 1.62297415733,
        "dvar": 0.89577960968,
        "dvar2": 0.869859039783,
        "max": 29.6662120819,
        "mean": 25.2777023315,
        "median": 25.4147968292,
        "min": 17.7581748962,
        "var": 5.60746622086
    },
    "melbands_flatness_db": {
        "dmean": 0.0169703718275,
        "dmean2": 0.02467912063,
        "dvar": 0.000337681063684,
        "dvar2": 0.000444834353402,
        "max": 0.691064536572,
        "mean": 0.617830812931,
        "median": 0.619233846664,
        "min": 0.299557954073,
        "var": 0.00101645244285
    },
    "melbands_kurtosis": {
        "dmean": 6.56474304199,
        "dmean2": 10.2410116196,
        "dvar": 56.866394043,
        "dvar2": 153.147262573,
        "max": 79.1747055054,
        "mean": 20.5896224976,
        "median": 17.3711795807,
        "min": 7.15020179749,
        "var": 107.20136261
    },
    "melbands_skewness": {
        "dmean": 0.196510910988,
        "dmean2": 0.296930223703,
        "dvar": 0.0763989165425,
        "dvar2": 0.12986458838,
        "max": 6.48987531662,
        "mean": 2.07059073448,
        "median": 2.01098561287,
        "min": 1.44074618816,
        "var": 0.131001204252
    },
    "melbands_spread": {
        "dmean": 0.0585827641189,
        "dmean2": 0.058950074017,
        "dvar": 0.0231775660068,
        "dvar2": 0.0231025740504,
        "max": 3.1802072525,
        "mean": 0.611217081547,
        "median": 0.592228114605,
        "min": 0.397610753775,
        "var": 0.0367780551314
    },
    "pitch_salience": {
        "dmean": 0.0207790955901,
        "dmean2": 0.0207441486418,
        "dvar": 0.00043646490667,
        "dvar2": 0.000533679150976,
        "max": 0.669744372368,
        "mean": 0.423818409443,
        "median": 0.420674294233,
        "min": 0.330528944731,
        "var": 0.00260051293299
    },
    "silence_rate_20dB": {
        "dmean": 0,
        "dmean2": 0,
        "dvar": 0,
        "dvar2": 0,
        "max": 1,
        "mean": 1,
        "median": 1,
        "min": 1,
        "var": 0
    },
    "silence_rate_30dB": {
        "dmean": 0.0066666668281,
        "dmean2": 0.0100334445015,
        "dvar": 0.00662224274129,
        "dvar2": 0.0099327582866,
        "max": 1,
        "mean": 0.0099667776376,
        "median": 0,
        "min": 0,
        "var": 0.00986744463444
    },
    "silence_rate_60dB": {
        "dmean": 0,
        "dmean2": 0,
        "dvar": 0,
        "dvar2": 0,
        "max": 0,
        "mean": 0,
        "median": 0,
        "min": 0,
        "var": 0
    },
    "spectral_centroid": {
        "dmean": 4.98058605194,
        "dmean2": 5.19317531586,
        "dvar": 20.4580802917,
        "dvar2": 26.5159282684,
        "max": 208.672698975,
        "mean": 153.443664551,
        "median": 152.750396729,
        "min": 134.406402588,
        "var": 104.198760986
    },
    "spectral_complexity": {
        "dmean": 0.883333325386,
        "dmean2": 1.39130437374,
        "dvar": 0.80305570364,
        "dvar2": 1.78333473206,
        "max": 7,
        "mean": 4.68438529968,
        "median": 5,
        "min": 1,
        "var": 1.26583409309
    },
    "spectral_decrease": {
        "dmean": 6.13773609714e-09,
        "dmean2": 5.98297944521e-09,
        "dvar": 1.03648658972e-17,
        "dvar2": 1.00751649128e-17,
        "max": -4.89389417879e-10,
        "mean": -3.47426301062e-08,
        "median": -3.47836568437e-08,
        "min": -4.730711467e-08,
        "var": 5.53997531638e-17
    },
    "spectral_energy": {
        "dmean": 0.023488830775,
        "dmean2": 0.0228963959962,
        "dvar": 0.000151717191329,
        "dvar2": 0.000147484432091,
        "max": 0.180635482073,
        "mean": 0.13267275691,
        "median": 0.132918149233,
        "min": 0.0018776828656,
        "var": 0.000810541736428
    },
    "spectral_energyband_high": {
        "dmean": 1.9466961021e-06,
        "dmean2": 3.02230887428e-06,
        "dvar": 3.42282452381e-12,
        "dvar2": 9.15737104201e-12,
        "max": 1.57552149176e-05,
        "mean": 3.81532572646e-06,
        "median": 3.41976465279e-06,
        "min": 4.47968091066e-07,
        "var": 5.33180314136e-12
    },
    "spectral_energyband_low": {
        "dmean": 0.017596039921,
        "dmean2": 0.0172147937119,
        "dvar": 8.82280510268e-05,
        "dvar2": 8.46328548505e-05,
        "max": 0.155751898885,
        "mean": 0.11003665626,
        "median": 0.109358713031,
        "min": 0.00153048185166,
        "var": 0.000528034579474
    },
    "spectral_energyband_middle_high": {
        "dmean": 7.22135428077e-06,
        "dmean2": 8.78545961314e-06,
        "dvar": 3.95378278728e-11,
        "dvar2": 7.80150388735e-11,
        "max": 7.2197362897e-05,
        "mean": 2.00852464332e-05,
        "median": 1.59515129781e-05,
        "min": 4.59704961031e-06,
        "var": 1.48322271132e-10
    },
    "spectral_energyband_middle_low": {
        "dmean": 0.00999257713556,
        "dmean2": 0.0100333141163,
        "dvar": 2.92086406262e-05,
        "dvar2": 2.89168146992e-05,
        "max": 0.0625947192311,
        "mean": 0.0315157063305,
        "median": 0.0303156729788,
        "min": 0.000419184245402,
        "var": 0.000167493679328
    },
    "spectral_entropy": {
        "dmean": 0.131668433547,
        "dmean2": 0.19566000998,
        "dvar": 0.0269029233605,
        "dvar2": 0.0389022119343,
        "max": 7.52855825424,
        "mean": 4.83407926559,
        "median": 4.81611013412,
        "min": 4.29369831085,
        "var": 0.0534987412393
    },
    "spectral_flux": {
        "dmean": 0.0221616514027,
        "dmean2": 0.0357769057155,
        "dvar": 0.000271769007668,
        "dvar2": 0.0006012385129,
        "max": 0.277190953493,
        "mean": 0.0652933120728,
        "median": 0.0645674094558,
        "min": 0.0322258993983,
        "var": 0.000518153305165
    },
    "spectral_kurtosis": {
        "dmean": 15.8833303452,
        "dmean2": 27.6252803802,
        "dvar": 208.753372192,
        "dvar2": 655.937866211,
        "max": 129.729507446,
        "mean": 48.0066947937,
        "median": 45.2060852051,
        "min": 3.32481193542,
        "var": 381.466156006
    },
    "spectral_rms": {
        "dmean": 0.00102610094473,
        "dmean2": 0.00100102042779,
        "dvar": 4.10033237586e-07,
        "dvar2": 3.70626310087e-07,
        "max": 0.0132751548663,
        "mean": 0.0113005824387,
        "median": 0.0113875484094,
        "min": 0.00135347177275,
        "var": 1.7335225948e-06
    },
    "spectral_rolloff": {
        "dmean": 7.751953125,
        "dmean2": 13.5392713547,
        "dvar": 106.831756592,
        "dvar2": 154.754943848,
        "max": 193.798828125,
        "mean": 162.750991821,
        "median": 172.265625,
        "min": 129.19921875,
        "var": 311.532196045
    },
    "spectral_skewness": {
        "dmean": 0.940982282162,
        "dmean2": 1.6468142271,
        "dvar": 0.678295373917,
        "dvar2": 2.04121255875,
        "max": 9.3834733963,
        "mean": 5.52606487274,
        "median": 5.4703373909,
        "min": 2.05685949326,
        "var": 1.24897098541
    },
    "spectral_spread": {
        "dmean": 415817.40625,
        "dmean2": 614241.6875,
        "dvar": 1.27067239219e+12,
        "dvar2": 701996007424,
        "max": 26265348,
        "mean": 1731918.75,
        "median": 1581612.5,
        "min": 838625.8125,
        "var": 2.27048842854e+12
    },
    "spectral_strongpeak": {
        "dmean": 0.393656432629,
        "dmean2": 0.742806553841,
        "dvar": 0.100246571004,
        "dvar2": 0.1585688591,
        "max": 1.89451265335,
        "mean": 1.25605869293,
        "median": 1.25299215317,
        "min": 0.0190891213715,
        "var": 0.122004888952
    },
    "zerocrossingrate": {
        "dmean": 0.000279947911622,
        "dmean2": 0.000440922856797,
        "dvar": 2.04552151217e-07,
        "dvar2": 3.47810441781e-07,
        "max": 0.00830078125,
        "mean": 0.00517480773851,
        "median": 0.0048828125,
        "min": 0.00146484375,
        "var": 5.35734898222e-07
    },
    "barkbands": {
        "dmean": [2.69714128081e-05, 0.00116293760948, 0.0158262848854, 0.00752206658944, 0.00422240514308, 0.000373316841433, 8.19035121822e-05, 2.11288679566e-05, 5.92328206039e-06, 2.06257050195e-06, 2.14604574467e-06, 1.13848159344e-06, 6.01816452672e-07, 4.22087367724e-07, 4.77989090086e-07, 2.55663337612e-07, 2.322855579e-07, 7.91771526565e-07, 1.19588446523e-06, 1.08510698738e-06, 8.99816200217e-07, 1.76643226268e-07, 7.18275714462e-08, 2.23041013214e-07, 4.92699534504e-08, 4.53585045079e-08, 1.19716743185e-08],
        "dmean2": [4.41926531494e-05, 0.0014739172766, 0.0153922364116, 0.00740988459438, 0.00414248835295, 0.000371937348973, 8.45692920848e-05, 2.34136678046e-05, 7.1829836088e-06, 2.70292116511e-06, 2.63625724983e-06, 1.51768506385e-06, 9.09066045551e-07, 6.68424547712e-07, 7.27939777789e-07, 3.82740893201e-07, 3.78341894702e-07, 1.17260663046e-06, 1.93284017769e-06, 1.82964299711e-06, 1.43883005421e-06, 2.88361860612e-07, 1.14641714788e-07, 3.21465336128e-07, 7.10316001573e-08, 6.7107094992e-08, 2.05024690558e-08],
        "dvar": [6.49816067622e-09, 1.63762774719e-06, 6.42019731458e-05, 1.44092191476e-05, 6.16451370661e-06, 6.08605859043e-08, 6.32431973457e-09, 6.69950983578e-10, 3.86020000687e-11, 5.51722513162e-12, 5.40966446985e-12, 1.11110534835e-12, 4.94841038805e-13, 2.27946459451e-13, 2.26048211182e-13, 6.30599969486e-14, 6.68679385951e-14, 4.40449434737e-13, 1.72902284937e-12, 2.66058659479e-12, 6.91683960542e-13, 3.48383939698e-14, 9.21633002391e-15, 5.59553725782e-14, 4.40896912078e-15, 4.88172827832e-15, 3.5308174536e-15],
        "dvar2": [7.22674320386e-09, 2.50677931035e-06, 5.99480699748e-05, 1.89497222891e-05, 6.04053684583e-06, 6.28863645602e-08, 7.62780683061e-09, 7.87712728378e-10, 4.82593513762e-11, 8.66119155563e-12, 7.59564720149e-12, 1.99250143294e-12, 1.00889815165e-12, 5.89749007008e-13, 5.87539890871e-13, 1.43476566348e-13, 1.67938389974e-13, 1.03892122769e-12, 4.5140427854e-12, 7.67220748737e-12, 1.81325462457e-12, 9.43476050866e-14, 2.23384915979e-14, 1.22894004543e-13, 8.57984236229e-15, 9.12237628237e-15, 6.51096777676e-15],
        "max": [0.00148684636224, 0.0223590154201, 0.123316317797, 0.0381580851972, 0.0285344831645, 0.0025990374852, 0.00111467868555, 0.000304244982544, 6.91878522048e-05, 2.14966112253e-05, 2.83346125798e-05, 1.05584185803e-05, 6.60292789689e-06, 5.00688020111e-06, 4.25348252975e-06, 2.81699567495e-06, 2.35000084103e-06, 5.20841012985e-06, 1.10453192974e-05, 1.93340219994e-05, 5.57810199098e-06, 1.4560425825e-06, 1.05079811874e-06, 1.85874614544e-06, 9.21046762414e-07, 8.83489121861e-07, 9.57216911956e-07],
        "mean": [0.000154245091835, 0.017184600234, 0.0837953090668, 0.0182478744537, 0.0119561385363, 0.00102741189767, 0.000213083068957, 5.57937346457e-05, 1.42234102896e-05, 4.77704088553e-06, 4.77497087559e-06, 2.66474739874e-06, 1.50005439536e-06, 9.62813032857e-07, 1.00752254184e-06, 5.98788403749e-07, 4.35468535898e-07, 1.47312948684e-06, 1.92160246115e-06, 1.73406272097e-06, 1.49061770571e-06, 3.20034587276e-07, 1.70098502394e-07, 4.34924317005e-07, 1.24835580095e-07, 9.63070618809e-08, 5.77865328921e-08],
        "median": [0.000146435020724, 0.0170171447098, 0.0835955291986, 0.0172249637544, 0.0107899466529, 0.000869398587383, 0.000146594989928, 2.46856234298e-05, 9.69967277342e-06, 3.36029506798e-06, 2.94773599308e-06, 1.97205417862e-06, 1.14924603167e-06, 8.08328479707e-07, 8.21939011075e-07, 5.28184159521e-07, 3.5702379364e-07, 1.24689427139e-06, 1.52510961016e-06, 1.38526195315e-06, 1.31101705847e-06, 2.58022566868e-07, 1.41141470067e-07, 3.6233410583e-07, 1.04684481528e-07, 7.11805938636e-08, 4.89732663311e-08],
        "min": [9.75778093562e-05, 0.000643459497951, 0.000615851022303, 0.000279224885162, 7.75135486037e-05, 2.398246761e-05, 1.0219453543e-05, 1.88659703326e-06, 7.40253881304e-07, 3.53449053137e-07, 2.23778528152e-07, 3.46424371855e-07, 2.6095617045e-07, 1.83673861898e-07, 1.80402551564e-07, 1.2040754882e-07, 9.59699235636e-08, 1.03421861297e-07, 2.00890880819e-07, 1.4278536753e-07, 1.49784128212e-07, 4.50934791729e-08, 3.2554233087e-08, 2.82993664058e-08, 1.99441494431e-08, 1.16488250157e-08, 3.05576293158e-08],
        "var": [6.55480469902e-09, 5.38315680387e-06, 0.00041936620255, 7.93453218648e-05, 3.29857248289e-05, 3.09234337692e-07, 3.73270516718e-08, 4.27910551437e-09, 1.89383508875e-10, 1.91515310555e-11, 2.42483481211e-11, 3.54783498586e-12, 1.25105362268e-12, 3.99605777071e-13, 4.53164225979e-13, 1.1840197876e-13, 1.03173884909e-13, 9.66297571472e-13, 2.57536787035e-12, 2.54754420684e-12, 1.03155223079e-12, 5.30141455366e-14, 1.39229092529e-14, 1.11573077166e-13, 8.48697366996e-15, 9.02754416766e-15, 6.0414370853e-15]
    },
    "erbbands": {
        "dmean": [0.00560451485217, 0.281349927187, 10.5927715302, 23.5687084198, 15.9267711639, 12.5642576218, 4.86046504974, 2.93352127075, 1.46256363392, 0.859365642071, 0.24961835146, 0.136213362217, 0.0757842957973, 0.0957433581352, 0.0641423165798, 0.0437434054911, 0.0288438126445, 0.0193784181029, 0.0256669502705, 0.0187813509256, 0.0148211317137, 0.0127323884517, 0.0309844836593, 0.0596200674772, 0.0527907051146, 0.0447920374572, 0.061678301543, 0.0156077006832, 0.00692124757916, 0.00417167460546, 0.00188695825636, 0.00386243616231, 0.00391797302291, 0.000501803006046, 0.000506818352733, 0.000326347217197, 5.32807862328e-05, 8.97867903404e-06, 1.11065055535e-05, 2.54746246355e-05],
        "dmean2": [0.00916718877852, 0.396642029285, 10.3699893951, 23.7503929138, 15.7427997589, 12.2742052078, 4.84223794937, 2.88921332359, 1.4779548645, 0.892158865929, 0.307594865561, 0.165543094277, 0.0878467485309, 0.121823608875, 0.0771251544356, 0.058062709868, 0.0424877554178, 0.0296965055168, 0.0388052836061, 0.0264970641583, 0.0224318895489, 0.0205756183714, 0.0462546013296, 0.0932407155633, 0.0859865695238, 0.0744801238179, 0.10002450645, 0.0249293129891, 0.0112882368267, 0.00691849552095, 0.00290309288539, 0.00564385019243, 0.00579094095156, 0.000695890106726, 0.000750712817535, 0.000474358472275, 7.89224068285e-05, 1.53101027536e-05, 1.17088384286e-05, 2.49787499342e-05],
        "dvar": [9.17180295801e-05, 0.180970087647, 36.769821167, 143.565032959, 79.6277160645, 56.6674919128, 9.81717586517, 3.8765847683, 1.70583617687, 1.00005745888, 0.0684935003519, 0.020528011024, 0.00628323433921, 0.0134415226057, 0.00428874511272, 0.00172226387076, 0.00107571284752, 0.000517858541571, 0.000656287826132, 0.00031590386061, 0.000206740107387, 0.000199440240976, 0.000683275691699, 0.00328452582471, 0.00388405285776, 0.00403446983546, 0.00341077055782, 0.000255279010162, 5.8194182202e-05, 2.46208310273e-05, 5.33436377737e-06, 1.65933906828e-05, 1.90018490684e-05, 5.55722920126e-07, 3.18417050948e-07, 1.45109879668e-07, 1.19955290145e-08, 1.38995714938e-09, 8.59584278756e-11, 1.81582276992e-10],
        "dvar2": [0.000111396082502, 0.241291180253, 32.8609085083, 129.905502319, 80.7900390625, 56.4543991089, 10.0064496994, 4.38621425629, 2.03861808777, 1.14645838737, 0.0858312323689, 0.0268031787127, 0.00866170879453, 0.021537322551, 0.00661307014525, 0.00277493195608, 0.00230619660579, 0.00119740935043, 0.00161054253113, 0.000740387360565, 0.000503210583702, 0.000504210940562, 0.00157158344518, 0.00866966415197, 0.0100519889966, 0.0116106225178, 0.00917020905763, 0.000688061234541, 0.000160736191901, 6.27321278444e-05, 1.24834268718e-05, 3.35391232511e-05, 4.41835072706e-05, 1.07614243916e-06, 6.60145190068e-07, 2.7301979344e-07, 2.23273932676e-08, 2.50469445184e-09, 1.74539382947e-10, 1.7948104114e-10],
        "max": [0.228783577681, 8.64013195038, 120.42628479, 116.940406799, 121.818206787, 81.8174743652, 33.6984176636, 21.0489177704, 17.9204673767, 11.8019952774, 2.82396125793, 1.68292319775, 0.827580869198, 1.32652306557, 0.682426095009, 0.446450561285, 0.316855072975, 0.255776822567, 0.233292803168, 0.17023858428, 0.154142647982, 0.137468442321, 0.20217128098, 0.415109723806, 0.67644071579, 0.69624465704, 0.445094078779, 0.133611887693, 0.0763032883406, 0.0380061455071, 0.0291801802814, 0.037416934967, 0.0345418378711, 0.0103499246761, 0.00666266819462, 0.00365586555563, 0.00162792252377, 0.000575304264203, 0.000173449938302, 0.000197309083887],
        "mean": [0.0993920788169, 7.06488609314, 88.4825897217, 68.416595459, 62.6760864258, 30.2709579468, 13.3699588776, 7.83389520645, 3.61374354362, 2.3577105999, 0.700426757336, 0.331295013428, 0.182943195105, 0.217195808887, 0.153261989355, 0.11324223876, 0.0726564526558, 0.0533111877739, 0.0556423477829, 0.0426768809557, 0.0337964594364, 0.026041848585, 0.0615483671427, 0.10534851253, 0.0843834355474, 0.0747356116772, 0.0995935052633, 0.0281644333154, 0.0121086705476, 0.00787795241922, 0.00474768690765, 0.00785080716014, 0.00734983338043, 0.00132791453507, 0.00118802662473, 0.000732422806323, 0.000140563075547, 2.26909651246e-05, 6.55144758639e-05, 0.000144982375787],
        "median": [0.0972603559494, 6.94696998596, 88.9791412354, 64.6095123291, 58.898147583, 27.451084137, 11.6395397186, 6.64361286163, 2.60890555382, 1.28622281551, 0.455728977919, 0.237885653973, 0.124258622527, 0.136692345142, 0.111667089164, 0.0875574573874, 0.0567012317479, 0.0445811338723, 0.0439017899334, 0.0367445498705, 0.0299657639116, 0.0223901420832, 0.0523322336376, 0.090551532805, 0.067288659513, 0.060037497431, 0.0878274440765, 0.0230813361704, 0.00979267992079, 0.00606645224616, 0.00386297353543, 0.00636669481173, 0.00623575598001, 0.00113433320075, 0.00096770649543, 0.000570795382373, 0.000107867250335, 1.61022217071e-05, 6.47907290841e-05, 0.000145083628013],
        "min": [0.0162904150784, 0.156740576029, 0.635019302368, 0.950285315514, 0.520269572735, 0.199723988771, 0.211845844984, 0.171286776662, 0.132794156671, 0.210438847542, 0.057928506285, 0.0239056516439, 0.0121633065864, 0.00972387194633, 0.0157925076783, 0.0180306751281, 0.0154586173594, 0.0099065201357, 0.00966378673911, 0.00865700747818, 0.00741306506097, 0.00637714890763, 0.00588095141575, 0.0106614325196, 0.00791590288281, 0.00707923062146, 0.00680591585115, 0.00405658269301, 0.00162488070782, 0.00166676903609, 0.000836311955936, 0.000766753510106, 0.000493050727528, 0.000202828290639, 0.000216491549509, 0.000120963894005, 3.90500972571e-05, 7.84129133535e-06, 4.37188718934e-05, 1.50602154463e-05],
        "var": [0.000184772085049, 0.751954078674, 253.837387085, 747.746520996, 474.311828613, 294.925598145, 48.3099250793, 19.1577205658, 9.27623558044, 6.55488300323, 0.458015024662, 0.0986194461584, 0.0292912572622, 0.0486399158835, 0.0176029279828, 0.00590817676857, 0.00276729278266, 0.00121305068024, 0.0014442820102, 0.00065716233803, 0.000367130094673, 0.000316145509714, 0.0015303553082, 0.00550293223932, 0.0054476512596, 0.00430038478225, 0.00480987876654, 0.00037379632704, 8.19362758193e-05, 3.36123193847e-05, 9.35828029469e-06, 3.4538032196e-05, 3.36002121912e-05, 1.08370636553e-06, 6.25159486844e-07, 2.9938465218e-07, 2.08472705765e-08, 2.37056330121e-09, 2.12922776632e-10, 9.4176555443e-10]
    },
    "gfcc": {
        "mean": [-154.442230225, 184.982147217, -2.53044557571, 60.8652687073, -26.3325386047, -14.9616298676, -21.7728614807, -16.5978832245, -28.4317188263, -14.2695684433, -3.92066454887, -22.85871315, -6.59557247162],
        "cov": [[434.655029297, 14.9445991516, -112.665481567, -52.1541252136, -106.330909729, -29.5326461792, -23.7268352509, 15.4404277802, -32.8646430969, -13.4349603653, -11.2655220032, -13.5643177032, -2.40459299088], [14.9445991516, 238.48374939, -22.0811634064, -175.206054688, -54.8258514404, -34.3430480957, 38.9954490662, -26.2729206085, 27.3312149048, -7.07762527466, -15.5140266418, -20.9091281891, 6.23815822601], [-112.665481567, -22.0811634064, 91.7362594604, 28.7092056274, 32.1823921204, 12.2070083618, -28.274515152, 3.81912851334, -6.90595960617, 0.160993248224, 11.0613431931, 1.92541193962, 6.5828037262], [-52.1541252136, -175.206054688, 28.7092056274, 212.978942871, 74.7742004395, -2.71429014206, -23.4163665771, -7.74246931076, -23.568611145, 3.81235957146, 24.9079208374, 14.255279541, -2.46621751785], [-106.330909729, -54.8258514404, 32.1823921204, 74.7742004395, 67.4103317261, 2.26994609833, -8.81798362732, -15.8676967621, -1.60472023487, 5.22336530685, 5.53173589706, 14.327922821, 1.04625868797], [-29.5326461792, -34.3430480957, 12.2070083618, -2.71429014206, 2.26994609833, 26.4151210785, -6.56089401245, 13.9889221191, 0.347651153803, 0.165197849274, 1.02170372009, 1.42891418934, 0.987216770649], [-23.7268352509, 38.9954490662, -28.274515152, -23.4163665771, -8.81798362732, -6.56089401245, 35.8807907104, -6.93739891052, 9.26327896118, 0.248510614038, -9.02819538116, -1.74754559994, -2.09006643295], [15.4404277802, -26.2729206085, 3.81912851334, -7.74246931076, -15.8676967621, 13.9889221191, -6.93739891052, 24.0678863525, -2.6270365715, -3.16772818565, 0.111374005675, -2.79424595833, -1.31127095222], [-32.8646430969, 27.3312149048, -6.90595960617, -23.568611145, -1.60472023487, 0.347651153803, 9.26327896118, -2.6270365715, 16.9139671326, 2.05999016762, -2.91752481461, -1.38705825806, -3.04680800438], [-13.4349603653, -7.07762527466, 0.160993248224, 3.81235957146, 5.22336530685, 0.165197849274, 0.248510614038, -3.16772818565, 2.05999016762, 9.13984680176, 1.11740159988, 1.41181921959, -4.17460203171], [-11.2655220032, -15.5140266418, 11.0613431931, 24.9079208374, 5.53173589706, 1.02170372009, -9.02819538116, 0.111374005675, -2.91752481461, 1.11740159988, 16.2290649414, -2.80265951157, -2.84549307823], [-13.5643177032, -20.9091281891, 1.92541193962, 14.255279541, 14.327922821, 1.42891418934, -1.74754559994, -2.79424595833, -1.38705825806, 1.41181921959, -2.80265951157, 12.672293663, -0.651326775551], [-2.40459299088, 6.23815822601, 6.5828037262, -2.46621751785, 1.04625868797, 0.987216770649, -2.09006643295, -1.31127095222, -3.04680800438, -4.17460203171, -2.84549307823, -0.651326775551, 10.6015262604]],
        "icov": [[0.042517773807, -0.00722071155906, 0.0561211183667, -0.00940100848675, 0.0550191514194, 0.0122920265421, 0.0886723920703, 0.0217824075371, 0.0760031417012, 0.025530135259, 0.0477910712361, 0.00695742014796, 0.0356102660298], [-0.00722071155906, 0.115470908582, -0.0430244170129, 0.0931935682893, -0.00543085997924, 0.109631963074, -0.067564830184, 0.0881566777825, -0.0619468316436, 0.0701267495751, -0.0640818178654, 0.0577244497836, -0.0371204651892], [0.0561211183667, -0.0430244170129, 0.104611366987, -0.0345815308392, 0.0552704147995, -0.0163343604654, 0.14215297997, -0.00770009821281, 0.118307583034, 0.00923387333751, 0.0691216215491, -0.00117058644537, 0.0443013012409], [-0.00940100848675, 0.0931935682893, -0.0345815308392, 0.0894154533744, -0.0279529206455, 0.094210088253, -0.0625704824924, 0.0571106076241, -0.0409642085433, 0.0532359145582, -0.0717365890741, 0.0453310608864, -0.0332613624632], [0.0550191514194, -0.00543085997924, 0.0552704147995, -0.0279529206455, 0.130536645651, 0.000138126124511, 0.113911040127, 0.0723276212811, 0.075762860477, 0.033042691648, 0.0726465880871, -0.019907431677, 0.0464216507971], [0.0122920265421, 0.109631963074, -0.0163343604654, 0.094210088253, 0.000138126124511, 0.18721164763, -0.0281322803348, 0.0352228917181, -0.0334263220429, 0.0591419562697, -0.0579812526703, 0.0476734414697, -0.0472511276603], [0.0886723920703, -0.067564830184, 0.14215297997, -0.0625704824924, 0.113911040127, -0.0281322803348, 0.257363975048, 0.0184381175786, 0.165516227484, 0.026435315609, 0.14718618989, -0.00103809579741, 0.098862670362], [0.0217824075371, 0.0881566777825, -0.00770009821281, 0.0571106076241, 0.0723276212811, 0.0352228917181, 0.0184381175786, 0.199773177505, 0.00342847523279, 0.110509835184, 0.00908482447267, 0.0586503781378, 0.0396034866571], [0.0760031417012, -0.0619468316436, 0.118307583034, -0.0409642085433, 0.075762860477, -0.0334263220429, 0.165516227484, 0.00342847523279, 0.252679586411, 0.00989316403866, 0.108132980764, 0.004814974498, 0.105223484337], [0.025530135259, 0.0701267495751, 0.00923387333751, 0.0532359145582, 0.033042691648, 0.0591419562697, 0.026435315609, 0.110509835184, 0.00989316403866, 0.220823302865, 0.00351941888221, 0.0468405261636, 0.0749092176557], [0.0477910712361, -0.0640818178654, 0.0691216215491, -0.0717365890741, 0.0726465880871, -0.0579812526703, 0.14718618989, 0.00908482447267, 0.108132980764, 0.00351941888221, 0.198739215732, 0.0230876114219, 0.104533463717], [0.00695742014796, 0.0577244497836, -0.00117058644537, 0.0453310608864, -0.019907431677, 0.0476734414697, -0.00103809579741, 0.0586503781378, 0.004814974498, 0.0468405261636, 0.0230876114219, 0.162124365568, 0.0194444730878], [0.0356102660298, -0.0371204651892, 0.0443013012409, -0.0332613624632, 0.0464216507971, -0.0472511276603, 0.098862670362, 0.0396034866571, 0.105223484337, 0.0749092176557, 0.104533463717, 0.0194444730878, 0.202197238803]]
    },
    "melbands": {
        "dmean": [0.000170801082277, 0.00396494893357, 0.00395190017298, 0.00102256820537, 0.000225219482672, 6.42699524178e-05, 2.00806643988e-05, 8.21313096822e-06, 1.59877515671e-06, 8.43005523166e-07, 3.66833035059e-07, 3.82424161671e-07, 2.55684170725e-07, 1.44475293951e-07, 7.23265998204e-08, 6.21644105081e-08, 3.75216551163e-08, 4.30231565929e-08, 3.27662270649e-08, 1.93413658423e-08, 1.90550615287e-08, 1.52227652706e-08, 1.25103829518e-08, 4.40279670499e-08, 4.98912058333e-08, 5.15983025196e-08, 3.01600486807e-08, 3.056721809e-08, 4.95847309878e-08, 1.95261709024e-08, 6.08942229974e-09, 4.25298773976e-09, 3.0140192564e-09, 1.97612681774e-09, 1.09138531545e-09, 1.01506791861e-09, 3.3637377328e-09, 3.6601310871e-09, 8.87781015368e-10, 2.66308586294e-10],
        "dmean2": [0.000223672235734, 0.00389294675551, 0.00394321791828, 0.00101122038905, 0.000220183443162, 6.34647585684e-05, 2.03463023354e-05, 8.50419837661e-06, 2.08315896089e-06, 1.02609999431e-06, 4.25187153041e-07, 4.92649576245e-07, 3.08660332848e-07, 1.89633652781e-07, 1.10108778983e-07, 8.86940725309e-08, 6.09341910263e-08, 6.44093844926e-08, 4.95713692317e-08, 2.88236723378e-08, 2.97351832046e-08, 2.51232030735e-08, 1.99060377071e-08, 6.56963194956e-08, 7.9216100346e-08, 8.5669661587e-08, 5.16326466027e-08, 5.09893496314e-08, 8.05735922427e-08, 3.13100230187e-08, 1.00434407457e-08, 7.09578484859e-09, 4.91940665981e-09, 3.37465388967e-09, 1.7837910038e-09, 1.44658274248e-09, 5.04947639257e-09, 5.54004353504e-09, 1.32279365239e-09, 4.01118971372e-10],
        "dvar": [3.40362262818e-08, 5.13299619342e-06, 3.96263612856e-06, 3.72474943333e-07, 1.94815115151e-08, 1.88106197285e-09, 3.34049815587e-10, 9.87367965166e-11, 2.65471108638e-12, 8.11529554494e-13, 1.45751344479e-13, 2.15260684169e-13, 7.19001139009e-14, 1.80863692621e-14, 5.00818267405e-15, 5.37454856417e-15, 2.29907908236e-15, 1.77477807587e-15, 1.11745795654e-15, 3.94668304919e-16, 3.35638525885e-16, 2.96845343343e-16, 1.61387556486e-16, 1.41244438021e-15, 2.59410319899e-15, 3.10252223184e-15, 3.43809402741e-15, 1.714539422e-15, 2.37626580671e-15, 3.41331804901e-16, 4.75063854772e-17, 2.23506517618e-17, 1.051878932e-17, 6.96050730613e-18, 1.84143329051e-18, 1.32506186402e-18, 1.37287621215e-17, 1.72855386666e-17, 1.09057983841e-18, 3.01298780364e-19],
        "dvar2": [5.29777679503e-08, 4.72004421681e-06, 3.61560955753e-06, 3.59929344995e-07, 2.01732586191e-08, 2.08280015457e-09, 4.00513539001e-10, 1.12555055554e-10, 3.70036423378e-12, 1.05105952154e-12, 2.11430021711e-13, 3.51789127342e-13, 1.08259626578e-13, 3.16962574893e-14, 1.08897096798e-14, 1.03552276549e-14, 5.94345909023e-15, 4.18331234386e-15, 2.63552247483e-15, 8.90608874863e-16, 8.61953591439e-16, 7.64597689124e-16, 4.11701608093e-16, 3.25979083916e-15, 6.83678450563e-15, 7.71748404792e-15, 9.58701197042e-15, 4.97516278866e-15, 6.51649466674e-15, 9.7056931448e-16, 1.21122693902e-16, 6.2419684298e-17, 2.7228755864e-17, 1.74023117537e-17, 4.34082341105e-18, 2.8483081378e-18, 2.89160967802e-17, 4.09785176197e-17, 2.36594831014e-18, 5.67232591011e-19],
        "max": [0.00319732353091, 0.044515568763, 0.0216756425798, 0.00726993614808, 0.00165427674074, 0.000464582524728, 0.000254867831245, 0.000117157869681, 1.67709877132e-05, 1.09057000373e-05, 3.93346044802e-06, 5.15551209901e-06, 2.87650141217e-06, 1.34062406687e-06, 7.17908108072e-07, 7.12736948572e-07, 5.46369392396e-07, 3.6297538486e-07, 3.28341343447e-07, 1.95691868043e-07, 1.75785757506e-07, 1.4662474257e-07, 1.19504647955e-07, 3.02288526655e-07, 3.69866455685e-07, 5.54075256787e-07, 7.70065526012e-07, 3.95058862068e-07, 3.64554352927e-07, 1.41436018453e-07, 5.92130149357e-08, 4.73351633445e-08, 2.32819807877e-08, 2.17743441056e-08, 1.70240230801e-08, 1.43555540788e-08, 3.45464776785e-08, 3.43363097954e-08, 1.01462793722e-08, 8.11432698811e-09],
        "mean": [0.00241160346195, 0.0326523520052, 0.0129510639235, 0.00317786354572, 0.000661069119815, 0.000177835550858, 4.99771922478e-05, 2.24043924391e-05, 4.2839260459e-06, 1.99254850486e-06, 8.65777280978e-07, 8.4657511934e-07, 5.90975957948e-07, 3.28488141577e-07, 1.97726748752e-07, 1.4705520357e-07, 9.13273581205e-08, 9.06527546363e-08, 6.92191051144e-08, 4.36604352672e-08, 3.91839307667e-08, 2.7724290419e-08, 2.58522234731e-08, 8.18133685243e-08, 8.5546311368e-08, 7.55579065981e-08, 4.51380550714e-08, 5.01379879836e-08, 7.75900659278e-08, 3.07833154523e-08, 1.11747828768e-08, 7.01092206512e-09, 5.15994713624e-09, 3.82437637114e-09, 2.54206167227e-09, 2.49087062087e-09, 6.13416428763e-09, 6.42144959428e-09, 2.02658823056e-09, 6.45535569443e-10],
        "median": [0.00238514249213, 0.032906666398, 0.0125750973821, 0.00291502731852, 0.000584465800785, 0.000148905863171, 3.53603500116e-05, 1.15412876767e-05, 3.05047979055e-06, 1.37528354571e-06, 6.1034228338e-07, 5.20744208643e-07, 3.96505953404e-07, 2.45974149493e-07, 1.62341891041e-07, 1.08476797323e-07, 7.61043921216e-08, 7.1123722023e-08, 5.45681508868e-08, 3.70266768357e-08, 3.38537837763e-08, 2.27979501943e-08, 2.19979039429e-08, 6.84742431645e-08, 7.28920923621e-08, 5.94748392757e-08, 3.238810109e-08, 3.93467232129e-08, 6.93660240358e-08, 2.54376839592e-08, 8.96554208651e-09, 5.65278224229e-09, 3.91586629789e-09, 2.96002422573e-09, 2.13411888161e-09, 2.09858708189e-09, 4.59858862101e-09, 5.49675105432e-09, 1.65405000807e-09, 5.27904941983e-10],
        "min": [0.000169822305907, 0.000298165687127, 0.000154911904247, 2.26745360123e-05, 7.30651981939e-06, 3.97407802666e-06, 2.03106537811e-06, 2.19052662942e-06, 2.57752333255e-07, 1.19188619863e-07, 4.33844817849e-08, 3.69988981674e-08, 4.31873239393e-08, 3.46473179036e-08, 3.07627985308e-08, 1.89087181468e-08, 1.64012394777e-08, 1.47111300919e-08, 1.17991634241e-08, 8.51714787586e-09, 8.6609528438e-09, 5.83419579314e-09, 3.11134584763e-09, 4.93094942655e-09, 8.24920487474e-09, 8.45963299412e-09, 5.02998709351e-09, 4.445892543e-09, 4.38693836813e-09, 2.77944933735e-09, 1.73144298898e-09, 8.06254618624e-10, 8.10640221616e-10, 9.18558451524e-10, 4.34268010441e-10, 3.25165783188e-10, 3.91935706112e-10, 2.93808033458e-10, 1.83217566119e-10, 8.34818741913e-11],
        "var": [1.06156271329e-07, 3.49298861693e-05, 2.13604507735e-05, 2.00428576136e-06, 1.06879390671e-07, 9.44230382771e-09, 1.90206606021e-09, 6.45517694853e-10, 1.59372567227e-11, 3.88839958496e-12, 6.79657773204e-13, 7.5574247381e-13, 3.13988283073e-13, 5.99582300584e-14, 1.22976834201e-14, 1.51411238961e-14, 4.00695373149e-15, 3.9794277018e-15, 2.27960791248e-15, 7.05160010787e-16, 5.47092545522e-16, 4.35462364571e-16, 2.67514392325e-16, 3.13792270332e-15, 3.98773624798e-15, 4.47137723779e-15, 2.95873500091e-15, 1.82540385869e-15, 3.16045229741e-15, 4.77692965631e-16, 6.82363720433e-17, 3.17658365608e-17, 1.44579904874e-17, 9.04134631146e-18, 3.12152568733e-18, 2.76765596012e-18, 2.65601755534e-17, 2.86133089713e-17, 2.07730921886e-18, 5.28973057837e-19]
    },
    "mfcc": {
        "mean": [-834.163391113, 214.302612305, 81.9650421143, 82.7680511475, 25.2933368683, 14.2145757675, 19.4747657776, -5.84269618988, -8.58389377594, -0.548768520355, -9.44242095947, -0.623504340649, -8.343542099],
        "cov": [[493.838012695, 16.4055042267, -94.6526947021, -33.4048614502, -116.947746277, -54.8008270264, -29.7583370209, -5.37594413757, -21.048664093, 9.2538433075, -25.461681366, -4.14611959457, -28.5030040741], [16.4055042267, 302.214385986, 6.68769884109, -168.066101074, -95.2626190186, -49.1483802795, -31.3256893158, -20.150352478, 23.9253120422, 18.2552433014, 1.2885632515, -28.8047657013, 6.25283098221], [-94.6526947021, 6.68769884109, 59.5957565308, -1.72647130489, 29.8677177429, -6.06579017639, 8.1158914566, -2.42206859589, -2.64963340759, -0.422372579575, -5.27343320847, 13.9261360168, -12.5088148117], [-33.4048614502, -168.066101074, -1.72647130489, 167.592330933, 67.7945404053, 42.8084793091, 20.2530841827, -1.64865887165, -25.2956638336, -23.7511386871, -0.195632725954, 6.67904520035, 9.65390300751], [-116.947746277, -95.2626190186, 29.8677177429, 67.7945404053, 90.8704605103, 28.2059993744, 11.8321495056, 0.141396939754, -11.3395595551, -17.4818725586, -4.44435024261, 16.8779163361, 0.990257263184], [-54.8008270264, -49.1483802795, -6.06579017639, 42.8084793091, 28.2059993744, 31.7507820129, 5.76298570633, -0.533017158508, -1.74368309975, -9.59397983551, 5.60405015945, -4.81645441055, 12.8412418365], [-29.7583370209, -31.3256893158, 8.1158914566, 20.2530841827, 11.8321495056, 5.76298570633, 18.0761642456, 1.19068682194, -3.46108269691, 0.56446647644, -3.19758820534, 2.76253390312, -3.24423098564], [-5.37594413757, -20.150352478, -2.42206859589, -1.64865887165, 0.141396939754, -0.533017158508, 1.19068682194, 15.9855155945, 3.87799072266, 1.34811806679, 0.820313632488, -0.278775125742, -1.4686883688], [-21.048664093, 23.9253120422, -2.64963340759, -25.2956638336, -11.3395595551, -1.74368309975, -3.46108269691, 3.87799072266, 18.1813240051, 3.30753970146, 0.61396998167, -6.35356235504, 0.92185741663], [9.2538433075, 18.2552433014, -0.422372579575, -23.7511386871, -17.4818725586, -9.59397983551, 0.56446647644, 1.34811806679, 3.30753970146, 17.6306591034, -0.379137784243, -3.43354535103, -4.09406471252], [-25.461681366, 1.2885632515, -5.27343320847, -0.195632725954, -4.44435024261, 5.60405015945, -3.19758820534, 0.820313632488, 0.61396998167, -0.379137784243, 19.6976604462, -0.897463560104, 6.37436819077], [-4.14611959457, -28.8047657013, 13.9261360168, 6.67904520035, 16.8779163361, -4.81645441055, 2.76253390312, -0.278775125742, -6.35356235504, -3.43354535103, -0.897463560104, 24.7536334991, -7.37614011765], [-28.5030040741, 6.25283098221, -12.5088148117, 9.65390300751, 0.990257263184, 12.8412418365, -3.24423098564, -1.4686883688, 0.92185741663, -4.09406471252, 6.37436819077, -7.37614011765, 23.2100734711]],
