{
"lowlevel": {
    "average_loudness": 0.962775170803,
    "barkbands_crest": {
        "dmean": 0.222703576088,
        "dmean2": 0.303473323584,
        "dvar": 0.503792703152,
        "dvar2": 0.469281733036,
        "max": 19.0405597687,
        "mean": 18.2480278015,
        "median": 18.3368644714,
        "min": 11.1328210831,
        "var": 0.736254513264
    },
    "barkbands_flatness_db": {
        "dmean": 0.0171027109027,
        "dmean2": 0.0214209705591,
        "dvar": 0.00145192432683,
        "dvar2": 0.00119881716091,
        "max": 0.57400482893,
        "mean": 0.496003627777,
        "median": 0.494349211454,
        "min": 0.14597915113,
        "var": 0.00300559424795
    },
    "barkbands_kurtosis": {
        "dmean": 16.5766010284,
        "dmean2": 22.4830303192,
        "dvar": 728.447814941,
        "dvar2": 1316.09692383,
        "max": 292.044250488,
        "mean": 116.982185364,
        "median": 121.004669189,
        "min": 27.23021698,
        "var": 2292.15356445
    },
    "barkbands_skewness": {
        "dmean": 0.519217848778,
        "dmean2": 0.717010378838,
        "dvar": 0.929776072502,
        "dvar2": 2.19932246208,
        "max": 11.6780281067,
        "mean": 4.77549409866,
        "median": 4.72300386429,
        "min": 1.51593875885,
        "var": 2.44702315331
    },
    "barkbands_spread": {
        "dmean": 0.0799462720752,
        "dmean2": 0.0894339233637,
        "dvar": 0.265338718891,
        "dvar2": 0.254026740789,
        "max": 5.3195605278,
        "mean": 0.356519639492,
        "median": 0.285854756832,
        "min": 0.240368619561,
        "var": 0.279424220324
    },
    "dissonance": {
        "dmean": 0.0279092080891,
        "dmean2": 0.0455358847976,
        "dvar": 0.000745976576582,
        "dvar2": 0.00160419323947,
        "max": 0.348751991987,
        "mean": 0.180572986603,
        "median": 0.174196437001,
        "min": 0.118491731584,
        "var": 0.00182488199789
    },
    "dynamic_complexity": 1.28622531891,
    "erbbands_crest": {
        "dmean": 0.278838485479,
        "dmean2": 0.363911539316,
        "dvar": 1.19811999798,
        "dvar2": 1.17363023758,
        "max": 24.5363330841,
        "mean": 23.7497768402,
        "median": 23.9949417114,
        "min": 13.9941921234,
        "var": 1.30211794376
    },
    "erbbands_flatness_db": {
        "dmean": 0.0143507774919,
        "dmean2": 0.0175685621798,
        "dvar": 0.00106539623812,
        "dvar2": 0.000909269263502,
        "max": 0.543099701405,
        "mean": 0.481942534447,
        "median": 0.48141425848,
        "min": 0.172382161021,
        "var": 0.00223986455239
    },
    "erbbands_kurtosis": {
        "dmean": 16.8662815094,
        "dmean2": 23.334236145,
        "dvar": 419.863189697,
        "dvar2": 611.821044922,
        "max": 258.918548584,
        "mean": 98.3966903687,
        "median": 101.476165771,
        "min": 8.40180397034,
        "var": 1422.02819824
    },
    "erbbands_skewness": {
        "dmean": 0.63257843256,
        "dmean2": 0.89290869236,
        "dvar": 1.20392608643,
        "dvar2": 2.20622849464,
        "max": 12.5668268204,
        "mean": 5.38434648514,
        "median": 5.29415512085,
        "min": 2.75102806091,
        "var": 2.25859904289
    },
    "erbbands_spread": {
        "dmean": 0.273363053799,
        "dmean2": 0.312016636133,
        "dvar": 2.79505443573,
        "dvar2": 2.6545996666,
        "max": 16.9382419586,
        "mean": 0.76954048872,
        "median": 0.516226172447,
        "min": 0.376314014196,
        "var": 2.96559023857
    },
    "hfc": {
        "dmean": 0.570776224136,
        "dmean2": 0.48662430048,
        "dvar": 1.95616579056,
        "dvar2": 1.85096240044,
        "max": 21.1594295502,
        "mean": 13.5866479874,
        "median": 12.0019111633,
        "min": 0.266277045012,
        "var": 23.0707302094
    },
    "melbands_crest": {
        "dmean": 0.190275430679,
        "dmean2": 0.254140585661,
        "dvar": 0.60795801878,
        "dvar2": 0.615441381931,
        "max": 22.1377944946,
        "mean": 21.5701618195,
        "median": 21.6592941284,
        "min": 14.1243247986,
        "var": 0.706064581871
    },
    "melbands_flatness_db": {
        "dmean": 0.0174394585192,
        "dmean2": 0.0208034999669,
        "dvar": 0.00149788835552,
        "dvar2": 0.00125336262863,
        "max": 0.674207091331,
        "mean": 0.59852039814,
        "median": 0.596872448921,
        "min": 0.233563110232,
        "var": 0.00323903304525
    },
    "melbands_kurtosis": {
        "dmean": 13.6379384995,
        "dmean2": 20.605676651,
        "dvar": 1434.69714355,
        "dvar2": 3602.99365234,
        "max": 334.323059082,
        "mean": 49.9705810547,
        "median": 46.3493347168,
        "min": 19.744468689,
        "var": 1431.11767578
    },
    "melbands_skewness": {
        "dmean": 0.531539142132,
        "dmean2": 0.846588671207,
        "dvar": 0.838191747665,
        "dvar2": 2.00327777863,
        "max": 8.41607952118,
        "mean": 2.3544280529,
        "median": 2.06575083733,
        "min": -0.104093551636,
        "var": 1.71481990814
    },
    "melbands_spread": {
        "dmean": 0.0714217796922,
        "dmean2": 0.0796243697405,
        "dvar": 0.170138344169,
        "dvar2": 0.163406044245,
        "max": 4.25885725021,
        "mean": 0.36566388607,
        "median": 0.296386450529,
        "min": 0.263604879379,
        "var": 0.177916616201
    },
    "pitch_salience": {
        "dmean": 0.0202416088432,
        "dmean2": 0.022988665849,
        "dvar": 0.0076892520301,
        "dvar2": 0.0065131764859,
        "max": 0.819969832897,
        "mean": 0.0529708191752,
        "median": 0.0358498692513,
        "min": 0.0170510448515,
        "var": 0.00927018932998
    },
    "silence_rate_20dB": {
        "dmean": 0,
        "dmean2": 0,
        "dvar": 0,
        "dvar2": 0,
        "max": 1,
        "mean": 1,
        "median": 1,
        "min": 1,
        "var": 0
    },
    "silence_rate_30dB": {
        "dmean": 0,
        "dmean2": 0,
        "dvar": 0,
        "dvar2": 0,
        "max": 1,
        "mean": 1,
        "median": 1,
        "min": 1,
        "var": 0
    },
    "silence_rate_60dB": {
        "dmean": 0,
        "dmean2": 0,
        "dvar": 0,
        "dvar2": 0,
        "max": 0,
        "mean": 0,
        "median": 0,
        "min": 0,
        "var": 0
    },
    "spectral_centroid": {
        "dmean": 2.48641490936,
        "dmean2": 2.8541674614,
        "dvar": 310.385162354,
        "dvar2": 299.040710449,
        "max": 566.405944824,
        "mean": 396.122283936,
        "median": 393.907043457,
        "min": 392.913513184,
        "var": 323.843688965
    },
    "spectral_complexity": {
        "dmean": 0.144444450736,
        "dmean2": 0.26966291666,
        "dvar": 0.279136031866,
        "dvar2": 0.601440370083,
        "max": 5,
        "mean": 1.4505494833,
        "median": 1,
        "min": 1,
        "var": 0.467334866524
    },
    "spectral_decrease": {
        "dmean": 3.65863783713e-10,
        "dmean2": 3.10660747127e-10,
        "dvar": 8.12249588906e-19,
        "dvar2": 7.61613314118e-19,
        "max": -1.28294402879e-10,
        "mean": -8.79699868506e-09,
        "median": -7.78733610929e-09,
        "min": -1.37351818807e-08,
        "var": 9.75893376465e-18
    },
    "spectral_energy": {
        "dmean": 0.00143260834739,
        "dmean2": 0.00121643219609,
        "dvar": 1.24488196889e-05,
        "dvar2": 1.16764058475e-05,
        "max": 0.0537587441504,
        "mean": 0.0344341099262,
        "median": 0.0304797496647,
        "min": 0.000508365686983,
        "var": 0.000149475090439
    },
    "spectral_energyband_high": {
        "dmean": 6.89658861575e-07,
        "dmean2": 1.06002687517e-06,
        "dvar": 4.53558024471e-12,
        "dvar2": 1.15095103587e-11,
        "max": 1.82078438229e-05,
        "mean": 2.05070091397e-06,
        "median": 1.74759315996e-06,
        "min": 9.23131949548e-07,
        "var": 3.96422564913e-12
    },
    "spectral_energyband_low": {
        "dmean": 8.09377434052e-06,
        "dmean2": 1.08984686449e-05,
        "dvar": 1.65193358992e-09,
        "dvar2": 1.66985381078e-09,
        "max": 0.000390046159737,
        "mean": 9.60581928666e-06,
        "median": 3.61165984941e-06,
        "min": 5.31892624167e-07,
        "var": 1.6354407828e-09
    },
    "spectral_energyband_middle_high": {
        "dmean": 2.38755401369e-05,
        "dmean2": 3.66113854398e-05,
        "dvar": 3.95781540874e-09,
        "dvar2": 9.82078685041e-09,
        "max": 0.00050689157797,
        "mean": 5.45087132195e-05,
        "median": 2.60941706074e-05,
        "min": 9.06037712411e-06,
        "var": 5.2668207573e-09
    },
    "spectral_energyband_middle_low": {
        "dmean": 0.00143018597737,
        "dmean2": 0.00120572920423,
        "dvar": 1.26580862343e-05,
        "dvar2": 1.18236239359e-05,
        "max": 0.0537426844239,
        "mean": 0.0343700833619,
        "median": 0.0304566826671,
        "min": 0.000476177927339,
        "var": 0.000149703089846
    },
    "spectral_entropy": {
        "dmean": 0.192625850439,
        "dmean2": 0.223806783557,
        "dvar": 0.189521238208,
        "dvar2": 0.15887773037,
        "max": 8.2426109314,
        "mean": 3.77354860306,
        "median": 3.711186409,
        "min": 3.07240080833,
        "var": 0.421745747328
    },
    "spectral_flux": {
        "dmean": 0.00440890016034,
        "dmean2": 0.00542641803622,
        "dvar": 0.00030873977812,
        "dvar2": 0.000319098035106,
        "max": 0.15967926383,
        "mean": 0.0106562273577,
        "median": 0.00500000314787,
        "min": 0.00307370047085,
        "var": 0.000583165616263
    },
    "spectral_kurtosis": {
        "dmean": 12.5874376297,
        "dmean2": 19.4317646027,
        "dvar": 196.603057861,
        "dvar2": 457.065612793,
        "max": 111.469299316,
        "mean": 65.5861434937,
        "median": 65.5717544556,
        "min": 1.89264726639,
        "var": 497.902313232
    },
    "spectral_rms": {
        "dmean": 0.000145538841025,
        "dmean2": 0.000125657417811,
        "dvar": 2.20275495622e-07,
        "dvar2": 2.09909089222e-07,
        "max": 0.00724206818268,
        "mean": 0.0056925881654,
        "median": 0.00545310368761,
        "min": 0.000704248901457,
        "var": 1.18868388199e-06
    },
    "spectral_rolloff": {
        "dmean": 0.95703125,
        "dmean2": 0.967784404755,
        "dvar": 81.5158843994,
        "dvar2": 82.4213943481,
        "max": 495.263671875,
        "mean": 410.077606201,
        "median": 409.130859375,
        "min": 409.130859375,
        "var": 80.6300582886
    },
    "spectral_skewness": {
        "dmean": 0.776390492916,
        "dmean2": 1.15334248543,
        "dvar": 0.723783195019,
        "dvar2": 1.43201112747,
        "max": 9.2381734848,
        "mean": 6.70523357391,
        "median": 6.72087717056,
        "min": 1.71594321728,
        "var": 1.90388655663
    },
    "spectral_spread": {
        "dmean": 643477.3125,
        "dmean2": 663242.0625,
        "dvar": 4.09419173069e+12,
        "dvar2": 2.46733681459e+12,
        "max": 30047774,
        "mean": 2304248.5,
        "median": 1819276,
        "min": 1066023.125,
        "var": 1.12680071332e+13
    },
    "spectral_strongpeak": {
        "dmean": 0.0991278663278,
        "dmean2": 0.0877489596605,
        "dvar": 0.141428142786,
        "dvar2": 0.132472604513,
        "max": 3.85755681992,
        "mean": 3.01440429688,
        "median": 2.91795492172,
        "min": 0.0462140850723,
        "var": 0.40569037199
    },
    "zerocrossingrate": {
        "dmean": 0.000455729168607,
        "dmean2": 0.000636411539745,
        "dvar": 1.7897317548e-06,
        "dvar2": 1.21837092593e-06,
        "max": 0.01806640625,
        "mean": 0.0175244677812,
        "median": 0.017578125,
        "min": 0.0048828125,
        "var": 2.66950473815e-06
    },
    "barkbands": {
        "dmean": [1.13753685582e-06, 2.78317725133e-06, 3.81566678698e-06, 3.74286582883e-06, 1.31189599415e-05, 0.00103549018968, 0.00050144456327, 6.75923774907e-06, 1.20384802358e-05, 1.18754833238e-05, 1.55305933731e-05, 1.02398803392e-06, 9.37889183206e-07, 4.72217095648e-07, 4.45352725365e-07, 2.29848836852e-07, 2.04076641808e-07, 1.42127518643e-07, 1.45057512668e-07, 2.21330367367e-07, 1.59205825412e-07, 1.29756784872e-07, 8.74874004353e-08, 6.71095818916e-08, 9.08359467644e-08, 4.47839418882e-08, 1.49476207412e-07],
        "dmean2": [1.22016433579e-06, 3.62146215593e-06, 5.74991099711e-06, 5.4031943364e-06, 1.82377261808e-05, 0.000979774049483, 0.000480600545416, 9.01823023014e-06, 1.99155947485e-05, 2.17496726691e-05, 2.37092754105e-05, 1.62981632457e-06, 1.61270781973e-06, 8.09997686702e-07, 6.84967005782e-07, 3.65745336239e-07, 3.53968886202e-07, 2.33465996757e-07, 2.28574037919e-07, 3.86597577062e-07, 2.41488805841e-07, 2.06557913884e-07, 1.34402057483e-07, 1.05107623938e-07, 1.55613960828e-07, 7.00856119806e-08, 2.35819996419e-07],
        "dvar": [9.74925903896e-11, 2.25089807904e-10, 1.61256979991e-10, 2.57965565575e-10, 3.94679577909e-09, 6.68658049108e-06, 1.21998823488e-06, 9.710725557e-10, 7.44853734247e-10, 3.09384073915e-09, 8.37235503148e-10, 1.68609321383e-12, 1.31364537304e-12, 3.88186580319e-13, 3.30550582565e-13, 9.40939153308e-14, 6.64061904423e-14, 4.54003391684e-14, 5.68019074701e-14, 7.4175881366e-13, 2.12075284634e-13, 1.64740400141e-13, 4.8980452669e-14, 3.84573490132e-14, 1.50799620187e-13, 1.45707573204e-14, 5.29616972565e-14],
        "dvar2": [9.85260900643e-11, 2.30014757241e-10, 1.68526942401e-10, 2.68840200102e-10, 4.03679401018e-09, 6.6436450652e-06, 1.26772783915e-06, 1.10569819967e-09, 1.35132183221e-09, 8.92534313124e-09, 2.18042983668e-09, 2.99718865178e-12, 3.88717877331e-12, 6.47982860945e-13, 4.83930603923e-13, 1.49098696714e-13, 1.05831928507e-13, 6.95168816717e-14, 1.11510179888e-13, 2.10338604173e-12, 5.06663179294e-13, 4.17861871407e-13, 1.14645868753e-13, 8.62611983796e-14, 4.0985357469e-13, 3.36558512721e-14, 1.08316269365e-13],
        "max": [9.42645856412e-05, 0.000142682707519, 0.000121273347759, 0.000155459711095, 0.000604738132097, 0.0362727083266, 0.017544882372, 0.000287399772787, 0.000227713448112, 0.000411885062931, 0.000220392175834, 1.045024419e-05, 1.07853393274e-05, 4.90323918712e-06, 5.60910166314e-06, 2.41966608883e-06, 2.0148445401e-06, 1.87957732578e-06, 1.48849528614e-06, 6.54418317936e-06, 3.91318326365e-06, 3.37796655003e-06, 1.72760701389e-06, 1.54722954449e-06, 2.95164886666e-06, 8.96448000276e-07, 2.26835572903e-06],
        "mean": [1.13189628337e-06, 2.99651469504e-06, 4.16122611568e-06, 4.26289807365e-06, 1.47570335685e-05, 0.0233655367047, 0.0109509853646, 8.60975069372e-06, 2.39671007876e-05, 1.04070140878e-05, 3.64336156053e-05, 2.11944575312e-06, 2.98718873637e-06, 8.70795815899e-07, 9.89969976217e-07, 4.46548028776e-07, 4.05241650014e-07, 3.5925572206e-07, 2.78028807088e-07, 3.03749487784e-07, 2.38886769921e-07, 1.91897186141e-07, 1.33123862156e-07, 1.16616881485e-07, 1.16637281167e-07, 1.03991013134e-07, 1.08451206415e-06],
        "median": [3.26140146001e-08, 6.04353374456e-07, 2.10254211197e-06, 2.12114082387e-06, 5.97839607508e-06, 0.0208729282022, 0.00955835636705, 2.44742273026e-06, 7.20172647561e-06, 3.5385303363e-06, 1.6391997633e-05, 1.67573432464e-06, 1.58791237936e-06, 6.46235662316e-07, 7.36328615858e-07, 3.31186157609e-07, 3.18290204859e-07, 2.85418252588e-07, 1.99804901513e-07, 1.6979733175e-07, 1.31016136606e-07, 8.56033963714e-08, 7.34546645731e-08, 6.12484285512e-08, 5.68830671455e-08, 7.45708987893e-08, 1.03112313354e-06],
        "min": [1.45410161689e-09, 2.60707722077e-08, 6.30068299756e-08, 1.1611776074e-07, 6.92807873293e-07, 0.000209558318602, 0.000196529668756, 2.09935805628e-07, 1.30806142806e-06, 3.52630962652e-07, 2.71917542705e-07, 3.00883385762e-07, 4.12385332993e-07, 1.17919370268e-07, 1.82400896165e-07, 1.21095055761e-07, 1.04029936665e-07, 1.369390219e-07, 8.43504182058e-08, 6.4937395905e-08, 5.15505789167e-08, 3.52829374606e-08, 2.5451800667e-08, 3.45345512187e-08, 3.32786349588e-08, 3.58115208599e-08, 5.54845485112e-07],
        "var": [9.6459146226e-11, 2.25115440178e-10, 1.6028287031e-10, 2.57855847785e-10, 3.91989285475e-09, 6.86173007125e-05, 1.5735913621e-05, 9.91893345237e-10, 1.71914282809e-09, 1.87148141428e-09, 2.31827645969e-09, 2.51693436058e-12, 8.83441670513e-12, 5.20326132441e-13, 7.82498360812e-13, 1.28911584098e-13, 8.83184720019e-14, 5.80487670735e-14, 6.93595707127e-14, 4.74274645165e-13, 2.06444439993e-13, 1.48213635375e-13, 4.76339752148e-14, 3.81556562062e-14, 1.01249175331e-13, 1.52671031064e-14, 1.09672782466e-13]
    },
    "erbbands": {
        "dmean": [8.46831826493e-05, 0.000662582053337, 0.00381073565222, 0.00829063355923, 0.0220727305859, 0.0526623614132, 0.223535180092, 8.8766784668, 14.5970134735, 0.557045638561, 0.181921571493, 0.282273411751, 0.192258268595, 0.725069284439, 0.241717129946, 0.0430139191449, 0.046686489135, 0.024938011542, 0.0235125683248, 0.0211282800883, 0.0128268757835, 0.00974494591355, 0.00761284306645, 0.00690154917538, 0.00878805760294, 0.0105434656143, 0.00676342844963, 0.00611495925114, 0.00514204986393, 0.00365790328942, 0.0023064725101, 0.00140668067615, 0.00115090759937, 0.000549297430553, 0.000884213892277, 0.00028441552422, 9.32706825552e-05, 0.000179184789886, 1.53090204549e-05, 2.65095286522e-06],
        "dmean2": [0.000106064675492, 0.000913104740903, 0.00579577963799, 0.0114311901852, 0.0319860391319, 0.0746204257011, 0.237456798553, 8.67424297333, 11.4618740082, 0.497521907091, 0.223575338721, 0.461687028408, 0.341600656509, 1.16586136818, 0.363152712584, 0.0676804631948, 0.0774770230055, 0.0405011624098, 0.0359283052385, 0.0343292355537, 0.0213073361665, 0.0161286946386, 0.0125727681443, 0.0108665795997, 0.0144079523161, 0.0181218218058, 0.0102196494117, 0.00954552553594, 0.00848021637648, 0.00589438015595, 0.00358831183985, 0.00219719577581, 0.0018157036975, 0.0009005596512, 0.00153281341773, 0.000485569995362, 0.000140092262882, 0.00026639807038, 2.49919976341e-05, 3.71397959498e-06],
        "dvar": [2.79623719734e-07, 1.00534443845e-05, 0.000157806178322, 0.00148197379895, 0.00739947892725, 0.0500904656947, 0.630517721176, 445.0184021, 1356.66601562, 1.58834910393, 0.339864045382, 0.354970157146, 0.411869734526, 4.39253330231, 0.263089835644, 0.00272762356326, 0.00336790713482, 0.0011006424902, 0.00121498305816, 0.000458887312561, 0.000257948995568, 0.000192232590052, 0.000128627143567, 0.000132037064759, 0.000398229778511, 0.00175024766941, 0.000309142633341, 0.000421308272053, 0.000312367948936, 0.000104734113847, 3.74764422304e-05, 1.35249674713e-05, 1.215809516e-05, 2.48149035542e-06, 1.68984461197e-05, 1.31105514356e-06, 4.51673116686e-08, 5.42846549934e-08, 5.21380938423e-10, 2.14888506295e-11],
        "dvar2": [2.87285047307e-07, 1.01950890894e-05, 0.00016356674314, 0.00152663583867, 0.00771365361288, 0.0521992668509, 0.700053811073, 465.936889648, 1271.93237305, 1.84735584259, 0.404261350632, 0.751382291317, 1.19833004475, 11.3988800049, 0.65079253912, 0.00486406078562, 0.010224445723, 0.00219603767619, 0.00156987132505, 0.000847794115543, 0.000489536614623, 0.000307708629407, 0.000183401454706, 0.000214121144381, 0.000994667643681, 0.0049607665278, 0.000713842222467, 0.00103184964973, 0.000833923753817, 0.000261574459728, 8.77820639289e-05, 2.89186100417e-05, 2.83591725747e-05, 5.87453178014e-06, 4.63037249574e-05, 3.54960843651e-06, 9.92598288008e-08, 9.46764586729e-08, 1.26564103642e-09, 3.00400433695e-11],
        "max": [0.00505457865074, 0.0301233939826, 0.120487339795, 0.37190246582, 0.839492797852, 2.28411817551, 12.5819721222, 316.73046875, 528.898071289, 26.6846485138, 5.69068241119, 4.85235071182, 4.87117862701, 16.3698291779, 3.95801854134, 0.413147032261, 0.58567327261, 0.273600429296, 0.32247236371, 0.163325071335, 0.116667859256, 0.115746498108, 0.105500392616, 0.0912518203259, 0.154680162668, 0.315895646811, 0.151850968599, 0.172626420856, 0.142003789544, 0.0819681063294, 0.048228431493, 0.0284586045891, 0.0278146658093, 0.0112309390679, 0.0312598571181, 0.00867997296154, 0.00172874506097, 0.0024249504786, 0.000241813904722, 7.00732925907e-05],
        "mean": [9.2568276159e-05, 0.000743957236409, 0.00402665091679, 0.0109729999676, 0.0330658629537, 0.145966097713, 3.79109549522, 204.227310181, 334.475341797, 12.9465789795, 0.863763391972, 0.647774159908, 0.329996496439, 1.29661166668, 0.537947356701, 0.119353868067, 0.15692178905, 0.0530681088567, 0.0510239079595, 0.0426075868309, 0.0266918223351, 0.0212578177452, 0.019829178229, 0.0155979841948, 0.0142277181149, 0.0142663493752, 0.0108019327745, 0.00920138601214, 0.00720596639439, 0.0050929877907, 0.00366507004946, 0.00257946248166, 0.00188192958012, 0.00103762524668, 0.000992082757875, 0.000412613124354, 0.000312302290695, 0.00100938964169, 0.000102762329334, 4.86462595291e-05],
        "median": [1.84747204912e-05, 0.000211046572076, 0.00192129286006, 0.00619110884145, 0.0207488946617, 0.111924372613, 3.33517146111, 182.107543945, 295.302703857, 11.2879581451, 0.656453967094, 0.250015497208, 0.178109437227, 0.515509068966, 0.248518109322, 0.0994233340025, 0.0813813433051, 0.0431607663631, 0.038304079324, 0.0331186912954, 0.0233449302614, 0.0170061532408, 0.0160313453525, 0.011908069253, 0.00909784901887, 0.0079502472654, 0.0059550832957, 0.00460441876203, 0.0032796182204, 0.00247044442222, 0.00197541853413, 0.00141837669071, 0.00101170665585, 0.000637172604911, 0.000427465391112, 0.000227706841542, 0.000256500934483, 0.00090751569951, 9.86218292383e-05, 4.48686987511e-05],
        "min": [5.61236402064e-06, 3.78616714443e-05, 0.000250941462582, 0.00112753966823, 0.00584399234504, 0.0658033043146, 0.430120259523, 2.2097594738, 3.46488165855, 1.37332940102, 0.428306430578, 0.0765067264438, 0.0330633446574, 0.0310358721763, 0.0193736627698, 0.0192425157875, 0.019279031083, 0.0197720620781, 0.0110407173634, 0.00796814449131, 0.00634144432843, 0.00669487146661, 0.00710860826075, 0.00480994954705, 0.00389626366086, 0.00283256592229, 0.00298329698853, 0.00218542222865, 0.00140452687629, 0.000836082966998, 0.000728330749553, 0.000738182337955, 0.000584587804042, 0.000399020907935, 0.000260760833044, 0.000119196527521, 0.000108407068183, 0.00034048827365, 6.83043326717e-05, 7.91714683146e-06],
        "var": [2.77185108644e-07, 1.01306295619e-05, 0.000157476999448, 0.00146744493395, 0.00739253079519, 0.052584182471, 2.43553066254, 5166.03173828, 14508.5234375, 22.4700698853, 0.558416068554, 0.927293479443, 0.29229003191, 4.78909540176, 0.540695250034, 0.00547663168982, 0.0256432015449, 0.00131543749012, 0.002681290498, 0.000868963892572, 0.000314045115374, 0.000252754718531, 0.000167359830812, 0.00016403569316, 0.000354601739673, 0.0011019858066, 0.000319185899571, 0.000389670487493, 0.000245721137617, 9.20510865399e-05, 3.58799916285e-05, 1.45716803672e-05, 1.14410941023e-05, 2.1758614821e-06, 1.11021081466e-05, 9.14086228931e-07, 5.68807223544e-08, 2.00329878908e-07, 5.47927592187e-10, 1.73533451497e-10]
    },
    "gfcc": {
        "mean": [-225.606887817, 115.632331848, -72.9699783325, -56.897277832, -90.1761779785, -64.2251968384, -50.6420249939, -22.9291534424, -5.32061100006, 16.2373199463, 18.3906040192, 19.6147346497, -1.06831657887],
        "cov": [[351.401550293, -66.400642395, -39.787940979, 122.760383606, -49.1367340088, 107.359222412, 38.0203895569, 42.978263855, -25.5692920685, -15.2207117081, -39.8414382935, -1.96421337128, 21.9133243561], [-66.400642395, 205.821807861, 60.9191360474, -72.2819747925, 56.8663520813, -11.799955368, 19.7275047302, 4.05348968506, 41.2358856201, 2.39295983315, 30.6758575439, -18.7990398407, -11.0707483292], [-39.787940979, 60.9191360474, 105.3099823, 35.3954772949, 34.7950019836, -26.1789417267, -14.4767513275, 1.79453122616, 28.1089878082, 38.0484008789, 17.5496711731, -22.7460899353, -34.0312919617], [122.760383606, -72.2819747925, 35.3954772949, 137.109298706, 7.42264795303, 33.8131561279, -7.36171674728, 13.2389755249, -5.36130809784, 20.4756641388, -17.2701206207, -14.1735553741, -25.5826244354], [-49.1367340088, 56.8663520813, 34.7950019836, 7.42264795303, 82.3910675049, 15.8951501846, -1.0620007515, 1.58942866325, 1.56474065781, 4.62344646454, 0.402571618557, -0.775006175041, -16.735452652], [107.359222412, -11.799955368, -26.1789417267, 33.8131561279, 15.8951501846, 89.4431610107, 37.389503479, 21.6597061157, -23.9821338654, -24.5852394104, -24.8783550262, 15.4478492737, 18.2019557953], [38.0203895569, 19.7275047302, -14.4767513275, -7.36171674728, -1.0620007515, 37.389503479, 47.384677887, 16.2432975769, -13.079117775, -23.8068675995, -7.35724878311, 23.6603221893, 24.7236213684], [42.978263855, 4.05348968506, 1.79453122616, 13.2389755249, 1.58942866325, 21.6597061157, 16.2432975769, 26.8174419403, 2.45678925514, -2.55842256546, -7.46900892258, 1.2120424509, 9.85276603699], [-25.5692920685, 41.2358856201, 28.1089878082, -5.36130809784, 1.56474065781, -23.9821338654, -13.079117775, 2.45678925514, 37.8966217041, 22.9130649567, 17.123872757, -16.944065094, -9.92466068268], [-15.2207117081, 2.39295983315, 38.0484008789, 20.4756641388, 4.62344646454, -24.5852394104, -23.8068675995, -2.55842256546, 22.9130649567, 40.809135437, 16.8665370941, -21.0659580231, -19.2632751465], [-39.8414382935, 30.6758575439, 17.5496711731, -17.2701206207, 0.402571618557, -24.8783550262, -7.35724878311, -7.46900892258, 17.123872757, 16.8665370941, 28.9536972046, -4.47254514694, -10.2812633514], [-1.96421337128, -18.7990398407, -22.7460899353, -14.1735553741, -0.775006175041, 15.4478492737, 23.6603221893, 1.2120424509, -16.944065094, -21.0659580231, -4.47254514694, 37.4167251587, 26.3401565552], [21.9133243561, -11.0707483292, -34.0312919617, -25.5826244354, -16.735452652, 18.2019557953, 24.7236213684, 9.85276603699, -9.92466068268, -19.2632751465, -10.2812633514, 26.3401565552, 39.2876625061]],
        "icov": [[0.0245364177972, -0.0387812517583, 0.0260840076953, -0.0364468023181, 0.0397377833724, -0.0173655189574, 0.0299683343619, -0.0241963006556, 0.0316605716944, -0.0346219465137, 0.0213058721274, -0.0321573391557, 0.00458707753569], [-0.0387812517583, 0.110388875008, -0.0701671764255, 0.0769658759236, -0.0939302295446, 0.0228626336902, -0.0855609849095, 0.0569271035492, -0.085107177496, 0.106674984097, -0.0748643800616, 0.120499245822, -0.0385367423296], [0.0260840076953, -0.0701671764255, 0.0700666457415, -0.0536616370082, 0.052527513355, -0.00597015116364, 0.0380840450525, -0.0392089225352, 0.0461386740208, -0.0842788219452, 0.0531370043755, -0.0789734423161, 0.0396220125258], [-0.0364468023181, 0.0769658759236, -0.0536616370082, 0.0819613412023, -0.0628004446626, 0.0132612558082, -0.0575078763068, 0.0348723568022, -0.0603936426342, 0.0530332624912, -0.0267533641309, 0.0562957264483, 0.00945595279336], [0.0397377833724, -0.0939302295446, 0.052527513355, -0.0628004446626, 0.105935908854, -0.0368726924062, 0.0787367895246, -0.0552143268287, 0.0706984847784, -0.0931742265821, 0.0699670687318, -0.114754781127, 0.0499020889401], [-0.0173655189574, 0.0228626336902, -0.00597015116364, 0.0132612558082, -0.0368726924062, 0.0461233854294, -0.0396776869893, 0.0104151749983, -0.0132999019697, 0.0214918460697, -0.00726167671382, 0.0283673144877, -0.0088674928993], [0.0299683343619, -0.0855609849095, 0.0380840450525, -0.0575078763068, 0.0787367895246, -0.0396776869893, 0.139898896217, -0.0679604560137, 0.0728095546365, -0.0497711114585, 0.0298795346171, -0.105572044849, 0.0082329781726], [-0.0241963006556, 0.0569271035492, -0.0392089225352, 0.0348723568022, -0.0552143268287, 0.0104151749983, -0.0679604560137, 0.10437002033, -0.0598197206855, 0.0520876869559, -0.0280195176601, 0.0813728496432, -0.0449310429394], [0.0316605716944, -0.085107177496, 0.0461386740208, -0.0603936426342, 0.0706984847784, -0.0132999019697, 0.0728095546365, -0.0598197206855, 0.128707647324, -0.0876067057252, 0.026778832078, -0.0633964315057, 0.00352913397364], [-0.0346219465137, 0.106674984097, -0.0842788219452, 0.0530332624912, -0.0931742265821, 0.0214918460697, -0.0497711114585, 0.0520876869559, -0.0876067057252, 0.196543306112, -0.125448927283, 0.153166800737, -0.0817695707083], [0.0213058721274, -0.0748643800616, 0.0531370043755, -0.0267533641309, 0.0699670687318, -0.00726167671382, 0.0298795346171, -0.0280195176601, 0.026778832078, -0.125448927283, 0.15774795413, -0.132597967982, 0.0924557968974], [-0.0321573391557, 0.120499245822, -0.0789734423161, 0.0562957264483, -0.114754781127, 0.0283673144877, -0.105572044849, 0.0813728496432, -0.0633964315057, 0.153166800737, -0.132597967982, 0.247182920575, -0.13719137013], [0.00458707753569, -0.0385367423296, 0.0396220125258, 0.00945595279336, 0.0499020889401, -0.0088674928993, 0.0082329781726, -0.0449310429394, 0.00352913397364, -0.0817695707083, 0.0924557968974, -0.13719137013, 0.160938918591]]
    },
    "melbands": {
        "dmean": [8.22178833459e-07, 1.57585839133e-06, 1.7217473669e-06, 2.54792553278e-06, 4.5424894779e-06, 0.000231703117606, 0.000195370012079, 2.33494029089e-06, 1.70468479155e-06, 1.86168540495e-06, 9.86942836789e-07, 2.92261256618e-06, 1.41686496136e-06, 1.26189888761e-07, 8.81719230961e-08, 9.17704738868e-08, 4.66495038154e-08, 4.12381915282e-08, 3.12710675132e-08, 2.00446663712e-08, 1.59510751274e-08, 1.1819548007e-08, 7.87315368456e-09, 7.21113924129e-09, 5.81126302635e-09, 6.23610452166e-09, 7.96631383082e-09, 6.58808785303e-09, 4.91898521915e-09, 3.45679485036e-09, 3.42483419402e-09, 2.73455191824e-09, 2.87637291763e-09, 1.85763870952e-09, 1.42524225755e-09, 9.05590602507e-10, 9.24028908944e-10, 9.41171141022e-10, 5.66568458815e-10, 4.21149032315e-10],
        "dmean2": [1.01243358586e-06, 2.2961655759e-06, 2.38297661781e-06, 3.68730775335e-06, 5.33431648364e-06, 0.000214293977479, 0.000151576532517, 2.77917160929e-06, 2.15511681745e-06, 2.91070455205e-06, 1.79006019607e-06, 4.7711496336e-06, 2.15883869714e-06, 1.91964716123e-07, 1.5290754618e-07, 1.58572404985e-07, 7.78479716246e-08, 6.41691713099e-08, 5.16413045659e-08, 3.09549719191e-08, 2.69793130059e-08, 1.99105372189e-08, 1.34022295484e-08, 1.20300152062e-08, 9.20187037678e-09, 1.01063664104e-08, 1.37557805147e-08, 1.14417471053e-08, 7.76091546584e-09, 5.10749442739e-09, 5.2624415936e-09, 4.40753344932e-09, 5.01367436456e-09, 2.91551138787e-09, 2.25397478459e-09, 1.35308075855e-09, 1.44924838796e-09, 1.46292655767e-09, 9.22627862998e-10, 6.88288370743e-10],
        "dvar": [2.45000460891e-11, 3.33460238588e-11, 6.0587604378e-11, 1.02089781073e-10, 1.12559361831e-09, 3.37804323181e-07, 2.43064874894e-07, 2.6626570393e-10, 2.72881665181e-11, 1.47576829229e-11, 1.22123214319e-11, 8.34349880852e-11, 7.88007419733e-12, 2.54403143923e-14, 1.29568842702e-14, 8.70006683069e-15, 3.90124105506e-15, 3.18590182583e-15, 1.61431022511e-15, 4.89891192984e-16, 3.66757166409e-16, 2.49941264466e-16, 1.26486966792e-16, 1.01933744818e-16, 8.51982465168e-17, 1.24814936989e-16, 7.83628825383e-16, 5.94923172564e-16, 1.77860057674e-16, 7.73544964321e-17, 1.24546427545e-16, 6.52251963856e-17, 1.13721121486e-16, 1.83352027398e-17, 1.37888352863e-17, 4.92689659147e-18, 5.58600154818e-18, 8.09981376948e-18, 2.09449906596e-18, 1.22642316091e-18],
        "dvar2": [2.51208220892e-11, 3.39910981306e-11, 6.26497673184e-11, 1.06178094095e-10, 1.13910703092e-09, 3.30679199578e-07, 2.26847205909e-07, 2.72048245042e-10, 3.76224745802e-11, 3.26580325283e-11, 3.6006236187e-11, 2.21335644257e-10, 2.05580899526e-11, 4.34557310925e-14, 3.85958727814e-14, 2.56513340164e-14, 7.21129207645e-15, 4.22613494154e-15, 2.39304743522e-15, 7.9735303553e-16, 7.91123902296e-16, 4.24718413379e-16, 2.06845922176e-16, 1.39788097217e-16, 1.38385172428e-16, 2.9143166461e-16, 2.19822392812e-15, 1.66598082308e-15, 4.40733212373e-16, 1.6886447513e-16, 2.94116997281e-16, 1.6413366377e-16, 3.16011634297e-16, 4.2179894889e-17, 3.24077055551e-17, 1.02678202406e-17, 1.23549061139e-17, 1.83348073475e-17, 4.96207079266e-18, 2.76069399449e-18],
        "max": [4.71862294944e-05, 5.54098369321e-05, 7.52549312892e-05, 9.7233831184e-05, 0.000322323467117, 0.0083458153531, 0.00711901346222, 0.000155631947564, 3.9442194975e-05, 2.97105343634e-05, 2.5619603548e-05, 7.12160835974e-05, 2.05584437936e-05, 1.25302631204e-06, 1.00332908914e-06, 8.44105386477e-07, 4.96350992307e-07, 5.10992549607e-07, 3.54730531171e-07, 1.84515670298e-07, 1.23729606116e-07, 1.20631682421e-07, 1.01835276212e-07, 8.8405556653e-08, 7.32096907541e-08, 7.65906165157e-08, 2.14908567386e-07, 1.85731465763e-07, 1.13497577559e-07, 7.44252446339e-08, 9.52155616574e-08, 6.66686688078e-08, 8.27201205311e-08, 3.34255858547e-08, 2.90290298466e-08, 1.70645861886e-08, 1.84311286233e-08, 2.30962111658e-08, 1.04369117793e-08, 7.40228234264e-09],
        "mean": [8.61322291712e-07, 1.69912334513e-06, 2.25520420827e-06, 2.83439840132e-06, 5.65877098779e-06, 0.00535978795961, 0.00451111746952, 2.70115219791e-06, 2.17091906052e-06, 3.7311167489e-06, 1.43333363667e-06, 4.9316940931e-06, 3.2429784369e-06, 2.67036028845e-07, 2.99586702113e-07, 2.62256065753e-07, 8.19802821184e-08, 8.2410451796e-08, 6.4100056818e-08, 4.26662012387e-08, 3.01626279509e-08, 2.34158648027e-08, 1.84582962248e-08, 1.62828914796e-08, 1.21421681598e-08, 1.02045865091e-08, 1.05495852054e-08, 8.99387408992e-09, 7.15941617102e-09, 5.60743318445e-09, 5.13003461933e-09, 4.03553990225e-09, 3.54012508197e-09, 2.55758458856e-09, 2.13624007372e-09, 1.73684755467e-09, 1.51163004336e-09, 1.41614786564e-09, 9.84028636353e-10, 7.88622611658e-10],
        "median": [1.44957468251e-07, 7.44151179788e-07, 1.24403936752e-06, 1.1834936231e-06, 1.67203086221e-06, 0.00477678468451, 0.0039853961207, 5.49424669316e-07, 6.72360386034e-07, 1.02799231172e-06, 8.30627072901e-07, 1.94610925064e-06, 1.44181035466e-06, 2.06316315143e-07, 1.90627147845e-07, 1.55155035486e-07, 5.97501284005e-08, 6.42048050281e-08, 4.44598136085e-08, 3.39087122825e-08, 2.69628035454e-08, 1.84199944187e-08, 1.51173793483e-08, 1.31701227701e-08, 9.05855213063e-09, 6.54719345405e-09, 6.41243103061e-09, 4.86561146928e-09, 3.97403665531e-09, 3.12714809603e-09, 2.4423334466e-09, 1.91465354682e-09, 1.40035316676e-09, 1.29357491385e-09, 1.20420751148e-09, 9.57544488145e-10, 8.23809687134e-10, 7.16088299768e-10, 5.71724056986e-10, 4.9257237178e-10],
        "min": [7.47140749269e-09, 7.93530716692e-08, 1.30351722305e-07, 1.5239527329e-07, 5.43501130323e-07, 4.96466382174e-05, 4.97782093589e-05, 1.51782558078e-07, 1.09202680676e-07, 1.75140868919e-07, 4.57497009165e-08, 7.23062285601e-08, 4.17335002112e-08, 3.1081921037e-08, 4.89199614151e-08, 3.43710837569e-08, 1.27132180339e-08, 1.09127356041e-08, 1.18129594995e-08, 9.02271235503e-09, 5.70482816542e-09, 5.45742029345e-09, 5.76781111761e-09, 6.6554588507e-09, 3.21187831887e-09, 2.4703692425e-09, 1.71672187577e-09, 1.90168747416e-09, 1.42865230757e-09, 1.31703681294e-09, 8.73709160576e-10, 7.11969483369e-10, 5.0957488229e-10, 3.73267278198e-10, 3.44602929525e-10, 4.41504999227e-10, 3.61183194464e-10, 3.40935973897e-10, 2.95534680061e-10, 2.50060999685e-10],
        "var": [2.43273283462e-11, 3.33191772783e-11, 5.99812213786e-11, 1.01571223654e-10, 1.11840914307e-09, 3.61385355063e-06, 2.62846697296e-06, 2.64198773969e-10, 3.69238251086e-11, 3.8815943515e-11, 7.85981436185e-12, 8.04960820222e-11, 1.89763846997e-11, 4.33374717406e-14, 5.64633043554e-14, 5.0631418139e-14, 4.83327164099e-15, 6.81766697201e-15, 3.54359748671e-15, 8.35010743936e-16, 4.02726341104e-16, 3.27007895427e-16, 1.6501402217e-16, 1.32066134588e-16, 1.06640647348e-16, 1.30087650912e-16, 5.19310447187e-16, 3.85783961624e-16, 1.6368216874e-16, 8.70815978052e-17, 1.24022736191e-16, 5.9116275656e-17, 7.96175567089e-17, 1.83336575664e-17, 1.28281675752e-17, 5.89987357725e-18, 5.72942391305e-18, 7.9689058201e-18, 1.9515969977e-18, 1.13626760858e-18]
    },
    "mfcc": {
        "mean": [-912.405151367, 169.091995239, 16.4034729004, -7.58918190002, -25.7915630341, -29.5755577087, -28.9956588745, -29.7754898071, -26.9777374268, -20.9943885803, -10.4193325043, 4.88431310654, 17.7729644775],
        "cov": [[541.835266113, -77.7742614746, 16.7398681641, 38.8520622253, -88.610458374, 38.4738540649, 5.44663095474, 60.4756546021, 58.3644676208, 32.7479324341, -18.1568145752, -14.9716949463, -15.0548324585], [-77.7742614746, 222.223983765, 14.0554981232, -59.1886520386, 36.3266105652, -15.0371580124, 26.5580368042, 23.0400524139, 27.5644721985, 9.70652294159, 21.7049865723, 20.1324501038, 0.0661790668964], [16.7398681641, 14.0554981232, 73.2289733887, 55.0076370239, 29.5186443329, 16.6060199738, 4.0378446579, -9.07036781311, -4.34180307388, 18.5485553741, 32.4271774292, 24.243730545, -6.38234233856], [38.8520622253, -59.1886520386, 55.0076370239, 101.193206787, 41.927646637, 26.0149459839, 0.744543433189, -18.5267162323, -20.7564048767, 5.43992424011, 17.6685714722, 7.02594995499, -2.89622426033], [-88.610458374, 36.3266105652, 29.5186443329, 41.927646637, 105.266525269, 26.0141468048, 9.14470386505, -22.0296478271, -24.4474525452, 5.18235826492, 25.6586456299, 10.1156291962, 0.672722458839], [38.4738540649, -15.0371580124, 16.6060199738, 26.0149459839, 26.0141468048, 46.0027999878, 21.2832183838, 7.84583377838, -2.91334295273, -5.62399435043, -7.30616378784, -7.47246980667, 6.3281006813], [5.44663095474, 26.5580368042, 4.0378446579, 0.744543433189, 9.14470386505, 21.2832183838, 39.5405960083, 25.7841339111, 9.1297750473, -8.88857936859, -15.3241415024, -6.55577135086, 9.99187850952], [60.4756546021, 23.0400524139, -9.07036781311, -18.5267162323, -22.0296478271, 7.84583377838, 25.7841339111, 48.831363678, 31.5401287079, -6.59877586365, -20.7994842529, -10.5957021713, 11.0907011032], [58.3644676208, 27.5644721985, -4.34180307388, -20.7564048767, -24.4474525452, -2.91334295273, 9.1297750473, 31.5401287079, 46.3114356995, 10.2146282196, -14.5235300064, -4.13020277023, 9.92852687836], [32.7479324341, 9.70652294159, 18.5485553741, 5.43992424011, 5.18235826492, -5.62399435043, -8.88857936859, -6.59877586365, 10.2146282196, 37.8555679321, 34.8811187744, 20.1054992676, -5.99732065201], [-18.1568145752, 21.7049865723, 32.4271774292, 17.6685714722, 25.6586456299, -7.30616378784, -15.3241415024, -20.7994842529, -14.5235300064, 34.8811187744, 69.9302139282, 42.8863601685, -14.5131187439], [-14.9716949463, 20.1324501038, 24.243730545, 7.02594995499, 10.1156291962, -7.47246980667, -6.55577135086, -10.5957021713, -4.13020277023, 20.1054992676, 42.8863601685, 42.3078842163, 0.508426129818], [-15.0548324585, 0.0661790668964, -6.38234233856, -2.89622426033, 0.672722458839, 6.3281006813, 9.99187850952, 11.0907011032, 9.92852687836, -5.99732065201, -14.5131187439, 0.508426129818, 29.5227127075]],
