{
"lowlevel": {
    "average_loudness": 0.981736183167,
    "barkbands_crest": {
        "dmean": 0.803699731827,
        "dmean2": 1.27812182903,
        "dvar": 2.33692169189,
        "dvar2": 5.59462785721,
        "max": 26.8691387177,
        "mean": 17.4853858948,
        "median": 17.5527095795,
        "min": 9.89525794983,
        "var": 9.30070972443
    },
    "barkbands_flatness_db": {
        "dmean": 0.0245939083397,
        "dmean2": 0.0356514230371,
        "dvar": 0.00128784310073,
        "dvar2": 0.0021344742272,
        "max": 0.636957108974,
        "mean": 0.46938046813,
        "median": 0.470287144184,
        "min": 0.229133695364,
        "var": 0.00949747208506
    },
    "barkbands_kurtosis": {
        "dmean": 41.7674636841,
        "dmean2": 59.3774757385,
        "dvar": 24321.2246094,
        "dvar2": 39232.6171875,
        "max": 2056.94995117,
        "mean": 120.485809326,
        "median": 32.6295318604,
        "min": -1.53202998638,
        "var": 81954.546875
    },
    "barkbands_skewness": {
        "dmean": 0.953393936157,
        "dmean2": 1.28712248802,
        "dvar": 4.34810447693,
        "dvar2": 7.76370286942,
        "max": 28.9699649811,
        "mean": 3.94489455223,
        "median": 3.15510129929,
        "min": -1.47648739815,
        "var": 17.2326850891
    },
    "barkbands_spread": {
        "dmean": 0.161825448275,
        "dmean2": 0.256079494953,
        "dvar": 0.107276752591,
        "dvar2": 0.226228490472,
        "max": 3.88265681267,
        "mean": 0.720236599445,
        "median": 0.338151365519,
        "min": 0.0509976521134,
        "var": 0.513850212097
    },
    "dissonance": {
        "dmean": 0.0413608439267,
        "dmean2": 0.070657171309,
        "dvar": 0.00184350903146,
        "dvar2": 0.00413457071409,
        "max": 0.482398957014,
        "mean": 0.205443188548,
        "median": 0.18876093626,
        "min": 0.0685170069337,
        "var": 0.00557690905407
    },
    "dynamic_complexity": 3.0319685936,
    "erbbands_crest": {
        "dmean": 1.13409435749,
        "dmean2": 1.75710582733,
        "dvar": 4.68670701981,
        "dvar2": 10.8696069717,
        "max": 27.8211212158,
        "mean": 23.0405864716,
        "median": 24.0281848907,
        "min": 10.6197900772,
        "var": 9.42072677612
    },
    "erbbands_flatness_db": {
        "dmean": 0.0199211072177,
        "dmean2": 0.0297516807914,
        "dvar": 0.00101536058355,
        "dvar2": 0.00171913276426,
        "max": 0.593917608261,
        "mean": 0.467164993286,
        "median": 0.469265967607,
        "min": 0.248130455613,
        "var": 0.00628531165421
    },
    "erbbands_kurtosis": {
        "dmean": 14.5055093765,
        "dmean2": 21.0204429626,
        "dvar": 519.658691406,
        "dvar2": 994.313232422,
        "max": 228.092025757,
        "mean": 61.5797080994,
        "median": 51.7199668884,
        "min": -0.943697690964,
        "var": 2607.97631836
    },
    "erbbands_skewness": {
        "dmean": 0.764903604984,
        "dmean2": 1.09748268127,
        "dvar": 0.907348930836,
        "dvar2": 1.90404129028,
        "max": 10.2354421616,
        "mean": 3.81322479248,
        "median": 3.72371792793,
        "min": -1.23336577415,
        "var": 5.88229465485
    },
    "erbbands_spread": {
        "dmean": 0.520563185215,
        "dmean2": 0.836513638496,
        "dvar": 1.34118068218,
        "dvar2": 3.34596276283,
        "max": 8.07276439667,
        "mean": 1.4938942194,
        "median": 0.838222622871,
        "min": 0.321155548096,
        "var": 1.94706940651
    },
    "hfc": {
        "dmean": 0.997402846813,
        "dmean2": 1.35381901264,
        "dvar": 5.86801338196,
        "dvar2": 8.70792102814,
        "max": 21.3730945587,
        "mean": 9.81196689606,
        "median": 6.61762475967,
        "min": 0.425256878138,
        "var": 51.6222038269
    },
    "melbands_crest": {
        "dmean": 0.699578046799,
        "dmean2": 1.05082702637,
        "dvar": 1.17147111893,
        "dvar2": 2.5315618515,
        "max": 22.2577800751,
        "mean": 19.6444606781,
        "median": 20.9640102386,
        "min": 11.5886068344,
        "var": 7.00233888626
    },
    "melbands_flatness_db": {
        "dmean": 0.02571795322,
        "dmean2": 0.038346644491,
        "dvar": 0.00158824084792,
        "dvar2": 0.0029428799171,
        "max": 0.730163276196,
        "mean": 0.563813388348,
        "median": 0.562145233154,
        "min": 0.314075499773,
        "var": 0.00958517752588
    },
    "melbands_kurtosis": {
        "dmean": 14.4464273453,
        "dmean2": 21.3760299683,
        "dvar": 674.100097656,
        "dvar2": 1677.74914551,
        "max": 226.011871338,
        "mean": 37.639415741,
        "median": 28.2996234894,
        "min": -1.51559448242,
        "var": 1366.55932617
    },
    "melbands_skewness": {
        "dmean": 0.818340480328,
        "dmean2": 1.2865306139,
        "dvar": 2.1338596344,
        "dvar2": 5.48137426376,
        "max": 12.3179321289,
        "mean": 2.00767397881,
        "median": 1.625233531,
        "min": -1.23794364929,
        "var": 3.264513731
    },
    "melbands_spread": {
        "dmean": 0.198364019394,
        "dmean2": 0.316240757704,
        "dvar": 0.161697849631,
        "dvar2": 0.3278003335,
        "max": 4.71365070343,
        "mean": 0.964583337307,
        "median": 0.37307575345,
        "min": 0.254986405373,
        "var": 1.10306811333
    },
    "pitch_salience": {
        "dmean": 0.0353165231645,
        "dmean2": 0.0488225519657,
        "dvar": 0.00515220686793,
        "dvar2": 0.00768238678575,
        "max": 0.854549765587,
        "mean": 0.189293041825,
        "median": 0.0842693820596,
        "min": 0.0104465456679,
        "var": 0.0351080670953
    },
    "silence_rate_20dB": {
        "dmean": 0,
        "dmean2": 0,
        "dvar": 0,
        "dvar2": 0,
        "max": 1,
        "mean": 1,
        "median": 1,
        "min": 1,
        "var": 0
    },
    "silence_rate_30dB": {
        "dmean": 0,
        "dmean2": 0,
        "dvar": 0,
        "dvar2": 0,
        "max": 1,
        "mean": 1,
        "median": 1,
        "min": 1,
        "var": 0
    },
    "silence_rate_60dB": {
        "dmean": 0.0133333336562,
        "dmean2": 0.0268456377089,
        "dvar": 0.0131555311382,
        "dvar2": 0.0261249877512,
        "max": 1,
        "mean": 0.0596026480198,
        "median": 0,
        "min": 0,
        "var": 0.0560501553118
    },
    "spectral_centroid": {
        "dmean": 10.7835626602,
        "dmean2": 16.3423118591,
        "dvar": 564.387390137,
        "dvar2": 1142.25610352,
        "max": 639.914428711,
        "mean": 432.281494141,
        "median": 396.300109863,
        "min": 371.400817871,
        "var": 3827.61743164
    },
    "spectral_complexity": {
        "dmean": 0.379999995232,
        "dmean2": 0.657718122005,
        "dvar": 0.50226688385,
        "dvar2": 1.27210390568,
        "max": 6,
        "mean": 2.03311252594,
        "median": 2,
        "min": 1,
        "var": 1.02539336681
    },
    "spectral_decrease": {
        "dmean": 5.80602399491e-10,
        "dmean2": 7.77095054971e-10,
        "dvar": 1.68016078162e-18,
        "dvar2": 2.54720860456e-18,
        "max": -1.81518008957e-10,
        "mean": -6.03269434407e-09,
        "median": -4.00675848056e-09,
        "min": -1.38468250199e-08,
        "var": 2.14199180627e-17
    },
    "spectral_energy": {
        "dmean": 0.00228144018911,
        "dmean2": 0.00305324350484,
        "dvar": 2.60642791545e-05,
        "dvar2": 3.94720336772e-05,
        "max": 0.0541996322572,
        "mean": 0.0236586630344,
        "median": 0.015834081918,
        "min": 0.000723657663912,
        "var": 0.000328054244164
    },
    "spectral_energyband_high": {
        "dmean": 1.50406219745e-06,
        "dmean2": 2.63851734417e-06,
        "dvar": 4.19281102892e-11,
        "dvar2": 1.20252210967e-10,
        "max": 5.24497700098e-05,
        "mean": 1.72844966073e-06,
        "median": 7.57716179578e-07,
        "min": 4.68207375093e-08,
        "var": 2.4813493274e-11
    },
    "spectral_energyband_low": {
        "dmean": 6.28849147688e-06,
        "dmean2": 1.03262163975e-05,
        "dvar": 2.67883409899e-10,
        "dvar2": 4.85795736971e-10,
        "max": 0.00021615420701,
        "mean": 1.17437575682e-05,
        "median": 2.81725397144e-06,
        "min": 1.34250399242e-07,
        "var": 1.07963238349e-09
    },
    "spectral_energyband_middle_high": {
        "dmean": 3.67267275578e-05,
        "dmean2": 5.22430018464e-05,
        "dvar": 1.54681458753e-08,
        "dvar2": 3.3882500361e-08,
        "max": 0.00143103941809,
        "mean": 6.54269315419e-05,
        "median": 2.04194147955e-05,
        "min": 3.76651223633e-06,
        "var": 2.48240841216e-08
    },
    "spectral_energyband_middle_low": {
        "dmean": 0.00229033920914,
        "dmean2": 0.00306415068917,
        "dvar": 2.60202687059e-05,
        "dvar2": 3.95049864892e-05,
        "max": 0.054193854332,
        "mean": 0.0235956422985,
        "median": 0.0158076658845,
        "min": 0.000702379620634,
        "var": 0.000326852197759
    },
    "spectral_entropy": {
        "dmean": 0.304099649191,
        "dmean2": 0.45647200942,
        "dvar": 0.236794963479,
        "dvar2": 0.503154754639,
        "max": 6.8471455574,
        "mean": 4.21523046494,
        "median": 4.13706016541,
        "min": 2.77713823318,
        "var": 0.870968043804
    },
    "spectral_flux": {
        "dmean": 0.0115396995097,
        "dmean2": 0.0179860908538,
        "dvar": 0.000545965216588,
        "dvar2": 0.00112804560922,
        "max": 0.172715887427,
        "mean": 0.0168897770345,
        "median": 0.00823695026338,
        "min": 0.00178610102739,
        "var": 0.000633299874607
    },
    "spectral_kurtosis": {
        "dmean": 18.5747756958,
        "dmean2": 29.2371177673,
        "dvar": 272.610412598,
        "dvar2": 694.774108887,
        "max": 191.542678833,
        "mean": 69.2567825317,
        "median": 60.9061889648,
        "min": 7.4593296051,
        "var": 1460.05407715
    },
    "spectral_rms": {
        "dmean": 0.000276640756056,
        "dmean2": 0.000372739363229,
        "dvar": 4.19183038503e-07,
        "dvar2": 6.28386715107e-07,
        "max": 0.00727170472965,
        "mean": 0.00441746134311,
        "median": 0.00393037963659,
        "min": 0.000840242486447,
        "var": 3.56766213372e-06
    },
    "spectral_rolloff": {
        "dmean": 9.6181640625,
        "dmean2": 18.9318771362,
        "dvar": 1851.85437012,
        "dvar2": 4244.13574219,
        "max": 710.595703125,
        "mean": 464.176849365,
        "median": 409.130859375,
        "min": 409.130859375,
        "var": 9682.80957031
    },
    "spectral_skewness": {
        "dmean": 1.05243575573,
        "dmean2": 1.68920969963,
        "dvar": 1.02209305763,
        "dvar2": 2.58071208,
        "max": 11.2328567505,
        "mean": 6.71461296082,
        "median": 6.49270582199,
        "min": 1.75527310371,
        "var": 4.41001796722
    },
    "spectral_spread": {
        "dmean": 564095.5625,
        "dmean2": 888311.625,
        "dvar": 415000920064,
        "dvar2": 665624903680,
        "max": 8243880,
        "mean": 1878229.625,
        "median": 1900302.125,
        "min": 526454.3125,
        "var": 673534640128
    },
    "spectral_strongpeak": {
        "dmean": 0.197664216161,
        "dmean2": 0.265152841806,
        "dvar": 0.183541342616,
        "dvar2": 0.290311634541,
        "max": 3.85088777542,
        "mean": 2.31214809418,
        "median": 2.06525850296,
        "min": 0.0685548037291,
        "var": 1.04750275612
    },
    "zerocrossingrate": {
        "dmean": 0.00083984376397,
        "dmean2": 0.000996224815026,
        "dvar": 3.02034663946e-06,
        "dvar2": 2.05737319448e-06,
        "max": 0.03271484375,
        "mean": 0.0195991564542,
        "median": 0.01806640625,
        "min": 0.00830078125,
        "var": 1.534418152e-05
    },
    "barkbands": {
        "dmean": [2.11327886745e-07, 2.83868030237e-06, 3.53150448973e-06, 6.22626384938e-06, 3.37167439284e-05, 0.0013109598076, 0.000707367726136, 0.000310793810058, 0.000417505885707, 1.50228106577e-05, 2.79684518318e-05, 1.37892936891e-06, 1.59725038884e-06, 9.39857102367e-07, 1.13277212677e-06, 5.28494865648e-07, 7.11321888502e-07, 4.38093792354e-07, 3.59700550234e-07, 7.18718979442e-07, 5.86294845561e-07, 2.50232034205e-07, 1.75495117105e-07, 7.85950931004e-08, 4.93967675652e-08, 2.17796873869e-08, 5.84199675302e-08],
        "dmean2": [3.23376781353e-07, 4.64789127363e-06, 6.36310414848e-06, 9.8790269476e-06, 5.14032071806e-05, 0.00178763736039, 0.00101591681596, 0.000513562874403, 0.000579250277951, 2.41745437961e-05, 4.41593438154e-05, 2.18501895688e-06, 2.16844682654e-06, 1.45267267726e-06, 1.76766718596e-06, 9.3225156661e-07, 1.2515661183e-06, 7.8282909044e-07, 6.34541947875e-07, 1.3661600633e-06, 1.11262033897e-06, 4.07973999472e-07, 2.85568773961e-07, 1.1799637889e-07, 6.71458266766e-08, 2.76688822964e-08, 8.12423550656e-08],
        "dvar": [5.92348598557e-13, 1.36102976112e-10, 7.20029244561e-11, 3.56527002365e-10, 9.95168480955e-09, 7.8290613601e-06, 2.56856674241e-06, 3.02272974295e-06, 4.89335161546e-06, 2.07063766133e-09, 1.75868848373e-08, 1.20227664629e-11, 1.2337959647e-11, 3.61062243472e-12, 3.66042829728e-12, 1.872196842e-12, 5.7180367212e-12, 1.63855615274e-12, 1.42842703811e-12, 1.61399435483e-11, 8.22984042026e-12, 8.48378658991e-13, 4.36165860374e-13, 7.89960544895e-14, 3.91835476283e-14, 1.9599840956e-14, 1.07902451419e-14],
        "dvar2": [9.31298766403e-13, 4.46342435234e-10, 1.94424754074e-10, 1.09246223179e-09, 1.83170723034e-08, 1.21733892229e-05, 4.35431138612e-06, 5.90618219576e-06, 7.34964214644e-06, 4.49070736153e-09, 4.24919726072e-08, 2.97758241674e-11, 1.93009237065e-11, 7.15372119181e-12, 7.16362039133e-12, 5.07854609061e-12, 1.66451349232e-11, 4.69442106715e-12, 4.02590677809e-12, 4.8173031536e-11, 2.44345585432e-11, 2.13165097553e-12, 1.15044074527e-12, 1.30989050986e-13, 5.19324810748e-14, 2.01910259074e-14, 1.5077210178e-14],
        "max": [7.68928020989e-06, 9.51662950683e-05, 8.93136748346e-05, 0.000161756019224, 0.00122657418251, 0.0350899137557, 0.0201081000268, 0.0190788861364, 0.0240331273526, 0.000438960531028, 0.00141306128353, 3.60871890734e-05, 4.07466286561e-05, 1.96507353394e-05, 1.48997842189e-05, 9.12862924451e-06, 1.53843902808e-05, 7.43730106478e-06, 9.76901719696e-06, 3.41706436302e-05, 2.35857169173e-05, 8.6210502559e-06, 4.99539919474e-06, 2.64307823272e-06, 1.87412047126e-06, 1.75571130967e-06, 2.08315464079e-06],
        "mean": [2.09830233189e-07, 2.51029337051e-06, 4.87500665258e-06, 7.0392611633e-06, 7.06691935193e-05, 0.0138716492802, 0.00740191247314, 0.00133946607821, 0.000881869287696, 2.85268451989e-05, 3.6644814827e-05, 1.82274993676e-06, 3.37438177667e-06, 1.88278170299e-06, 2.09511608773e-06, 6.63539310608e-07, 6.36805737031e-07, 4.51584867278e-07, 3.58766101272e-07, 5.19675893429e-07, 4.21666754846e-07, 2.49093062621e-07, 1.67713110955e-07, 1.14805409623e-07, 7.63967449302e-08, 4.78362842671e-08, 4.04492539019e-07],
        "median": [2.8167310262e-08, 3.28692692619e-07, 1.22006758829e-06, 1.40706220009e-06, 4.99583666169e-06, 0.00801684428006, 0.00412407098338, 5.58260489925e-06, 1.76829307748e-05, 4.43640465164e-06, 2.06520644497e-06, 8.3933099404e-07, 6.36218089767e-07, 6.20443529442e-07, 8.65793083449e-07, 3.51252481323e-07, 2.05324766966e-07, 2.03692067657e-07, 1.31052686925e-07, 1.29534271309e-07, 8.63242846094e-08, 5.26651575683e-08, 3.55605358493e-08, 3.60564165192e-08, 2.91500050764e-08, 3.47158355396e-08, 3.54275755399e-07],
        "min": [8.12729120114e-11, 1.74116046026e-08, 4.50924027007e-08, 2.96438553704e-08, 1.27522270077e-07, 2.68170551863e-05, 1.62872365763e-05, 2.37322936414e-07, 7.03748241904e-07, 2.67216734073e-07, 2.22585441634e-07, 9.54782990448e-08, 3.70573438602e-08, 8.04586619552e-08, 1.79552969826e-07, 5.71669680483e-08, 1.94755056526e-08, 3.70293236074e-08, 2.20038316456e-08, 1.87049664646e-08, 1.11970948069e-08, 6.98359636786e-09, 5.36500932569e-09, 4.914509244e-09, 3.33997940416e-09, 1.97034455418e-09, 4.76489114831e-09],
        "var": [6.38700464045e-13, 1.11941893255e-10, 1.70019665013e-10, 4.51024245729e-10, 4.14318499509e-08, 0.000150637803017, 4.94799205626e-05, 1.88251633517e-05, 9.47494845605e-06, 4.87853446529e-09, 2.29637748816e-08, 1.22453427606e-11, 4.03764036094e-11, 9.24989772277e-12, 8.45251993398e-12, 1.38767025214e-12, 3.32371651902e-12, 1.02281442864e-12, 8.84898491288e-13, 8.28177543905e-12, 4.2912518157e-12, 7.29758430334e-13, 3.23739217942e-13, 1.08326494747e-13, 5.41624782676e-14, 2.05228578408e-14, 8.668499268e-14]
    },
    "erbbands": {
        "dmean": [6.60754885757e-05, 0.000714504392818, 0.00337108364329, 0.0129206106067, 0.0185985472053, 0.0778505951166, 0.754955053329, 11.7306432724, 19.079662323, 2.73119473457, 7.36889648438, 11.8573389053, 1.58060359955, 0.319699287415, 1.00377440453, 0.0889191403985, 0.0819870233536, 0.0398406684399, 0.0539792627096, 0.0571818463504, 0.032838050276, 0.0373796820641, 0.026567818597, 0.0175068750978, 0.0233352482319, 0.0349807366729, 0.0304587241262, 0.0153043176979, 0.00961394049227, 0.00757949613035, 0.00441176304594, 0.00226092920639, 0.00117678462993, 0.000711785512976, 0.000239457731368, 9.72825218923e-05, 4.53261745861e-05, 6.82574245729e-05, 5.94866423853e-06, 2.78068091575e-06],
        "dmean2": [0.000106400344521, 0.00123300182167, 0.00574259459972, 0.0216705873609, 0.0320085771382, 0.118764020503, 0.906921565533, 16.7752494812, 25.8495788574, 4.31100606918, 11.7010755539, 16.069234848, 2.28707003593, 0.460526525974, 1.56624400616, 0.13915926218, 0.114769801497, 0.0599326379597, 0.0830854028463, 0.0846258997917, 0.0553876459599, 0.0662073343992, 0.0477882213891, 0.0295830629766, 0.0432491004467, 0.0668931826949, 0.0585281178355, 0.0280009172857, 0.0159986000508, 0.0122346160933, 0.00700030708686, 0.00332600367256, 0.00165125878993, 0.000948855420575, 0.000328466267092, 0.000128083920572, 5.78709841648e-05, 9.86769300653e-05, 8.8636234068e-06, 4.10301890952e-06],
        "dvar": [7.12162631089e-08, 9.07628873392e-06, 9.12181058084e-05, 0.00123837136198, 0.00276898732409, 0.041750356555, 3.28117465973, 661.194946289, 1931.8248291, 138.213760376, 1066.6697998, 4032.42700195, 31.1732196808, 1.16126346588, 23.1123332977, 0.0530297718942, 0.0357982777059, 0.0047757672146, 0.0140654910356, 0.00806037522852, 0.00799826532602, 0.0157887768, 0.00667454162613, 0.00196061562747, 0.0114750722423, 0.0382628776133, 0.0291263647377, 0.00395548576489, 0.00125346623827, 0.000856283819303, 0.000266986782663, 6.57943892293e-05, 1.44859359352e-05, 8.22263791633e-06, 1.09789925773e-06, 3.13825751164e-07, 6.11403123685e-08, 5.77339998031e-09, 2.85462209426e-10, 3.46938068552e-11],
        "dvar2": [1.94272757881e-07, 3.02811095025e-05, 0.00025151099544, 0.00362056493759, 0.00841073039919, 0.08115965873, 4.35374641418, 1107.73400879, 3032.86743164, 253.196182251, 2120.9074707, 5891.17529297, 71.2034759521, 2.11083316803, 55.1370773315, 0.128584772348, 0.0600101165473, 0.00890805479139, 0.0316082239151, 0.0168303698301, 0.0225021578372, 0.0459255576134, 0.0193798989058, 0.00515812588856, 0.0337953269482, 0.114287883043, 0.0868725702167, 0.0115468241274, 0.00321672763675, 0.00220791366883, 0.000693233101629, 0.000134305388201, 2.1991894755e-05, 1.16166247608e-05, 1.34714105116e-06, 3.31760531935e-07, 6.44413020723e-08, 1.28559269896e-08, 3.15184600641e-10, 5.33012800563e-11],
        "max": [0.00267756963149, 0.022786129266, 0.110927008092, 0.383833557367, 0.510059893131, 2.4318215847, 30.4254837036, 306.954284668, 559.543884277, 134.245285034, 349.496551514, 695.657714844, 44.7715759277, 11.4437942505, 52.4064598083, 2.14620947838, 2.16475772858, 0.705435276031, 0.891337454319, 0.94611209631, 0.566109716892, 0.82816529274, 0.492950558662, 0.272067964077, 0.923832952976, 1.65226209164, 1.41386723518, 0.48136973381, 0.328899681568, 0.228107631207, 0.124470792711, 0.0825596451759, 0.0333273559809, 0.0314934588969, 0.0118401842192, 0.0069182976149, 0.00321317580529, 0.00157625623979, 0.000267860450549, 6.12243675278e-05],
        "mean": [6.80815646774e-05, 0.000668936001603, 0.00465749436989, 0.0177278537303, 0.0282133873552, 0.20933483541, 3.62918996811, 121.270996094, 213.924972534, 17.838300705, 27.7345848083, 26.3979969025, 2.85077118874, 0.572800815105, 1.37243402004, 0.135971322656, 0.177965328097, 0.0838958695531, 0.0961607471108, 0.107566669583, 0.0406501926482, 0.0340624600649, 0.0262747909874, 0.0195020437241, 0.020025042817, 0.0247859414667, 0.0206630583853, 0.0128304259852, 0.00938653200865, 0.0070725325495, 0.00455122301355, 0.00284178485163, 0.00169301743153, 0.00103115360253, 0.000416197086452, 0.000184191463632, 0.00013169941667, 0.000353734096279, 4.47402853752e-05, 3.06088077195e-05],
        "median": [1.24422376757e-05, 0.000112002860988, 0.00123438495211, 0.00415273010731, 0.0121727557853, 0.112078331411, 1.94217419624, 69.8489227295, 121.760147095, 6.60266399384, 1.56319653988, 0.97501629591, 0.77062946558, 0.132271319628, 0.0750591307878, 0.0572969317436, 0.041509795934, 0.0410804077983, 0.0338475070894, 0.0452972538769, 0.018287524581, 0.0108477910981, 0.0113977398723, 0.00885635986924, 0.00680808210745, 0.00583580136299, 0.00420255307108, 0.00332291075028, 0.00208073621616, 0.00127093831543, 0.00104442704469, 0.000813940248918, 0.000570742413402, 0.000343540741596, 0.000222524191486, 0.000111223751446, 9.5351744676e-05, 0.000228238248383, 4.05498503824e-05, 2.25006479013e-05],
        "min": [8.82667904989e-07, 8.26625637274e-06, 0.000118017516797, 0.000518861052115, 0.00208972371183, 0.0168549958616, 0.0679711475968, 0.226406961679, 1.68522620201, 0.264962166548, 0.163329765201, 0.047619342804, 0.0247041322291, 0.0158136300743, 0.0129063688219, 0.00608138227835, 0.00440475763753, 0.00554154068232, 0.00691963126883, 0.00904531404376, 0.00587191758677, 0.0028746004682, 0.00250491499901, 0.00152567075565, 0.00120675878134, 0.00086204148829, 0.000546424766071, 0.000396015471779, 0.000272665754892, 0.000209829391679, 0.000140957999974, 0.000136673566885, 6.28094639978e-05, 4.26321130362e-05, 2.10922607948e-05, 9.18684327189e-06, 4.36263599113e-06, 3.69086251339e-06, 8.6321284698e-07, 8.71445877237e-07],
        "var": [7.05835674353e-08, 7.45958641346e-06, 0.000187279249076, 0.00224234280176, 0.00279976683669, 0.164001002908, 20.8438968658, 11738.3046875, 39294.7617188, 836.717590332, 5930.77050781, 7933.10986328, 42.2980995178, 2.09511089325, 31.313331604, 0.0669428184628, 0.112456873059, 0.0132879987359, 0.0251950640231, 0.0224115550518, 0.00547993928194, 0.00917453318834, 0.00397566705942, 0.00149269937538, 0.00617965264246, 0.0195907149464, 0.0148911401629, 0.00223764055409, 0.00102815811988, 0.000685462960973, 0.000210020152736, 7.82154529588e-05, 1.96941946342e-05, 1.21861130538e-05, 1.18997218124e-06, 3.24773992588e-07, 7.07397234123e-08, 9.29731456267e-08, 5.28845467418e-10, 3.37928796057e-10]
    },
    "gfcc": {
        "mean": [-244.651046753, 126.367950439, -85.7682189941, -58.4426612854, -94.3165969849, -63.6235122681, -46.5871582031, -14.8178682327, 4.21952819824, 12.432179451, 6.04064130783, 3.8963842392, -1.31571185589],
        "cov": [[1112.3848877, -119.719230652, -189.225769043, 215.868164062, -26.6590595245, 261.424285889, 87.6574249268, 93.2193450928, -29.887336731, -69.6216201782, -130.539001465, -68.6697692871, -97.5752105713], [-119.719230652, 287.507629395, 8.69221019745, -202.461456299, -14.8506221771, -26.216791153, 56.180141449, 1.41103756428, 7.62920427322, -23.7709274292, 17.4921779633, -3.39035010338, 61.8867263794], [-189.225769043, 8.69221019745, 265.806182861, 92.366104126, 92.3670272827, -14.3439340591, -74.4295043945, -50.0262298584, 5.92723655701, 56.4839439392, 42.7920646667, 60.3001098633, 14.4792737961], [215.868164062, -202.461456299, 92.366104126, 377.863037109, 118.121391296, 61.030834198, -77.0181427002, -26.2616958618, -14.3666210175, 38.8415870667, -20.6332874298, 15.9423666, -55.0566673279], [-26.6590595245, -14.8506221771, 92.3670272827, 118.121391296, 197.91355896, 89.9565124512, 3.4712293148, 21.777387619, -32.8391571045, 24.4513225555, -51.8133392334, -18.1805057526, -78.6515197754], [261.424285889, -26.216791153, -14.3439340591, 61.030834198, 89.9565124512, 233.557922363, 123.721794128, 118.085739136, -29.0131607056, -39.9112815857, -111.424385071, -69.900100708, -125.014259338], [87.6574249268, 56.180141449, -74.4295043945, -77.0181427002, 3.4712293148, 123.721794128, 197.132232666, 141.558914185, -3.93081378937, -48.9515762329, -77.7805557251, -82.0045471191, -91.5542526245], [93.2193450928, 1.41103756428, -50.0262298584, -26.2616958618, 21.777387619, 118.085739136, 141.558914185, 157.207550049, 30.2118396759, -36.975402832, -110.829582214, -111.578620911, -101.616889954], [-29.887336731, 7.62920427322, 5.92723655701, -14.3666210175, -32.8391571045, -29.0131607056, -3.93081378937, 30.2118396759, 83.9439697266, 16.566444397, -28.6881313324, -41.7273254395, 3.6034758091], [-69.6216201782, -23.7709274292, 56.4839439392, 38.8415870667, 24.4513225555, -39.9112815857, -48.9515762329, -36.975402832, 16.566444397, 54.1021499634, 36.5224761963, 16.2859210968, 2.96792268753], [-130.539001465, 17.4921779633, 42.7920646667, -20.6332874298, -51.8133392334, -111.424385071, -77.7805557251, -110.829582214, -28.6881313324, 36.5224761963, 178.68347168, 150.180343628, 114.322814941], [-68.6697692871, -3.39035010338, 60.3001098633, 15.9423666, -18.1805057526, -69.900100708, -82.0045471191, -111.578620911, -41.7273254395, 16.2859210968, 150.180343628, 190.755630493, 133.148605347], [-97.5752105713, 61.8867263794, 14.4792737961, -55.0566673279, -78.6515197754, -125.014259338, -91.5542526245, -101.616889954, 3.6034758091, 2.96792268753, 114.322814941, 133.148605347, 173.462753296]],
        "icov": [[0.00253241625614, -0.00213581835851, 0.00233266805299, -0.00272664427757, 0.00387280830182, -0.00342248007655, 0.00205325777642, -0.00139934848994, 0.0015853230143, -0.00309297675267, 0.0026831580326, -0.00261163455434, 0.000936059455853], [-0.00213581835851, 0.0164128355682, -0.00576225062832, 0.00840090122074, -0.013402402401, -0.001244176412, -0.0137997027487, 0.0159379262477, -0.00854549091309, 0.0138583853841, -0.0127113787457, 0.0207052454352, -0.0164053086191], [0.00233266805299, -0.00576225062832, 0.00940604414791, -0.00404653698206, 0.00343075417913, -0.00249287323095, 0.00613167043775, -0.00527356052771, 0.00113025552128, -0.00907159224153, 0.00514416629449, -0.00975291524082, 0.00543209025636], [-0.00272664427757, 0.00840090122074, -0.00404653698206, 0.00996781885624, -0.00914210267365, 0.000740631017834, -0.00374575681053, 0.00683978991583, -0.00516317365691, 0.00677930004895, -0.00589583115652, 0.00744126876816, -0.00444594351575], [0.00387280830182, -0.013402402401, 0.00343075417913, -0.00914210267365, 0.02659438923, -0.00323903514072, 0.0130028342828, -0.0172858182341, 0.0175828821957, -0.0261029992253, 0.021261902526, -0.0224479082972, 0.0135320629925], [-0.00342248007655, -0.001244176412, -0.00249287323095, 0.000740631017834, -0.00323903514072, 0.0203976556659, -0.00205121305771, -0.00774694699794, 0.00342330988497, 0.00362700037658, 0.00664221914485, -0.0107815936208, 0.0103379059583], [0.00205325777642, -0.0137997027487, 0.00613167043775, -0.00374575681053, 0.0130028342828, -0.00205121305771, 0.0350750014186, -0.0337933115661, 0.0126507878304, -0.00925854872912, 0.00650464370847, -0.0195444729179, 0.0181220024824], [-0.00139934848994, 0.0159379262477, -0.00527356052771, 0.00683978991583, -0.0172858182341, -0.00774694699794, -0.0337933115661, 0.0591576546431, -0.0294282566756, 0.0288337748498, -0.0140429483727, 0.0267169121653, -0.0115985516459], [0.0015853230143, -0.00854549091309, 0.00113025552128, -0.00516317365691, 0.0175828821957, 0.00342330988497, 0.0126507878304, -0.0294282566756, 0.0415854267776, -0.0367145501077, 0.0200721248984, -0.00857341848314, -0.00479891290888], [-0.00309297675267, 0.0138583853841, -0.00907159224153, 0.00677930004895, -0.0261029992253, 0.00362700037658, -0.00925854872912, 0.0288337748498, -0.0367145501077, 0.0804980248213, -0.0390528813004, 0.0261927135289, 0.00402607023716], [0.0026831580326, -0.0127113787457, 0.00514416629449, -0.00589583115652, 0.021261902526, 0.00664221914485, 0.00650464370847, -0.0140429483727, 0.0200721248984, -0.0390528813004, 0.0486839078367, -0.0410833507776, 0.0130786141381], [-0.00261163455434, 0.0207052454352, -0.00975291524082, 0.00744126876816, -0.0224479082972, -0.0107815936208, -0.0195444729179, 0.0267169121653, -0.00857341848314, 0.0261927135289, -0.0410833507776, 0.0658254176378, -0.0420139245689], [0.000936059455853, -0.0164053086191, 0.00543209025636, -0.00444594351575, 0.0135320629925, 0.0103379059583, 0.0181220024824, -0.0115985516459, -0.00479891290888, 0.00402607023716, 0.0130786141381, -0.0420139245689, 0.0502970889211]]
    },
    "melbands": {
        "dmean": [6.89464911829e-07, 1.5299486904e-06, 2.27313444157e-06, 1.66710913163e-06, 1.72940017364e-05, 0.000297740392853, 0.000253218051512, 4.04554630222e-05, 6.49793073535e-05, 6.65109546389e-05, 5.03896353621e-06, 9.71226086222e-07, 4.40442772742e-06, 2.60453077772e-07, 1.68710272419e-07, 1.30960103206e-07, 7.94715191432e-08, 9.38181869969e-08, 7.81240032666e-08, 5.50412799782e-08, 4.03404740723e-08, 4.18397831936e-08, 2.99269551363e-08, 2.0491219388e-08, 1.37372175857e-08, 1.38799167715e-08, 2.1848210352e-08, 2.37632438171e-08, 2.06992023521e-08, 1.31731621167e-08, 7.63461915909e-09, 4.58208715415e-09, 6.42450093125e-09, 3.80480269513e-09, 3.00137825704e-09, 1.65173730249e-09, 1.17736276284e-09, 9.03816521625e-10, 6.3090721536e-10, 6.30020036141e-10],
        "dmean2": [1.11019119231e-06, 2.63491574515e-06, 3.60143053513e-06, 2.75741922451e-06, 2.06573386095e-05, 0.000410141714383, 0.000340028258506, 6.56479242025e-05, 9.91634296952e-05, 9.17616198421e-05, 8.00627822173e-06, 1.59113608333e-06, 6.95735297995e-06, 3.86699042565e-07, 2.49067369396e-07, 1.71789295678e-07, 1.22941941072e-07, 1.45600580481e-07, 1.20173723417e-07, 8.52279882224e-08, 7.06293334929e-08, 7.35574445798e-08, 5.40680140659e-08, 3.6876894427e-08, 2.30281784752e-08, 2.49545841768e-08, 4.0964582837e-08, 4.57958719835e-08, 3.99413373486e-08, 2.52042617888e-08, 1.3717103009e-08, 7.74512987078e-09, 1.03570094723e-08, 6.18007556241e-09, 4.87810547511e-09, 2.65957122991e-09, 1.72125214082e-09, 1.31500910161e-09, 9.81830949875e-10, 7.80082054508e-10],
        "dvar": [7.71982477943e-12, 2.26948512067e-11, 3.88308482591e-11, 1.06403592534e-11, 2.6004765008e-09, 4.48649075224e-07, 3.41983763974e-07, 5.17954816814e-08, 6.40055262124e-08, 1.25813599539e-07, 3.32538385717e-10, 1.19402239832e-11, 4.50043835531e-10, 3.91906315343e-13, 1.48127414197e-13, 6.95399548492e-14, 2.06143153762e-14, 4.8530393571e-14, 1.70378576698e-14, 1.02919542937e-14, 1.3026420593e-14, 1.96167443455e-14, 8.77729760076e-15, 3.62709630058e-15, 1.04177228045e-15, 2.4850098023e-15, 1.36886665265e-14, 1.7685849733e-14, 1.38034632078e-14, 4.7014606089e-15, 8.78635534758e-16, 2.24015465305e-16, 8.03001580618e-16, 2.23318410129e-16, 1.26433193435e-16, 2.85667353941e-17, 2.09709062282e-17, 8.44974177428e-18, 6.34401621304e-18, 7.19418003891e-18],
        "dvar2": [2.37101692446e-11, 6.98233554308e-11, 1.12991033197e-10, 2.85430169084e-11, 3.54437590389e-09, 7.23348875908e-07, 5.32228170869e-07, 9.5786141685e-08, 1.16836957886e-07, 1.90278697687e-07, 8.96458407507e-10, 2.25363182976e-11, 1.08649522712e-09, 8.61231550485e-13, 3.46895743467e-13, 1.08234750914e-13, 4.00757850299e-14, 1.13164638522e-13, 3.73643241455e-14, 2.46052822079e-14, 3.66891779002e-14, 5.69976872774e-14, 2.5562730982e-14, 1.04458161345e-14, 2.66830243813e-15, 7.11994889045e-15, 4.07263605435e-14, 5.28549338357e-14, 4.11809427975e-14, 1.39917687964e-14, 2.50802114638e-15, 5.80230962578e-16, 2.02169590917e-15, 5.97512128768e-16, 3.28141119632e-16, 6.17109625666e-17, 4.30314111552e-17, 1.50258466692e-17, 9.74820109621e-18, 1.10957428341e-17],
        "max": [2.5532053769e-05, 4.73632171634e-05, 6.16118632024e-05, 2.28461794904e-05, 0.000814006838482, 0.00817654561251, 0.00744527904317, 0.00252235285006, 0.00231627095491, 0.00384238781407, 0.000161177405971, 2.77880390058e-05, 0.000227214593906, 6.44840565656e-06, 3.32938816427e-06, 2.99287557937e-06, 1.37776316933e-06, 1.95277766579e-06, 9.57111296884e-07, 8.0575210859e-07, 6.98750966421e-07, 9.18536841255e-07, 6.04569549978e-07, 3.51115488684e-07, 1.83791129871e-07, 4.20121239131e-07, 1.01338650893e-06, 1.11454266971e-06, 9.74937165665e-07, 5.70611064177e-07, 2.22563372176e-07, 1.17319835624e-07, 2.88509568236e-07, 1.14411456309e-07, 8.49813730497e-08, 4.03321251952e-08, 4.68900331896e-08, 2.26423200189e-08, 2.22682992046e-08, 3.09106269469e-08],
        "mean": [6.37125992853e-07, 1.84585314855e-06, 3.12291626869e-06, 2.32527327171e-06, 4.22822122346e-05, 0.00322997639887, 0.00286128791049, 0.000180513437954, 0.000216038053622, 0.000141230309964, 7.20365369489e-06, 1.48166122926e-06, 5.86828764426e-06, 3.56700127213e-07, 3.14186735295e-07, 2.86951689077e-07, 1.49050009668e-07, 1.64202162978e-07, 1.35895561471e-07, 9.78964536102e-08, 4.25463291265e-08, 3.66710111166e-08, 2.79322183161e-08, 2.06135304381e-08, 1.51351855493e-08, 1.32150255183e-08, 1.65629412407e-08, 1.63623052885e-08, 1.36497524394e-08, 9.64169899476e-09, 6.74619204943e-09, 4.56602178289e-09, 5.87412740671e-09, 3.44136119601e-09, 2.94170021675e-09, 1.93501925594e-09, 1.53842372175e-09, 1.19526788467e-09, 1.01692110288e-09, 8.22654444566e-10],
        "median": [8.03695030527e-08, 4.89703268158e-07, 8.30701935683e-07, 8.4086144625e-07, 1.41650889418e-06, 0.00186038808897, 0.00163451663684, 1.3491376194e-06, 7.89154910308e-06, 3.2826962979e-06, 1.2937153997e-06, 3.37714425314e-07, 2.97392347193e-07, 1.27432443264e-07, 8.42846716864e-08, 7.18712769299e-08, 5.89841491205e-08, 4.92603042801e-08, 6.28669738489e-08, 4.34083844425e-08, 1.71987739606e-08, 1.11373195111e-08, 1.07765796287e-08, 9.16208886537e-09, 6.67652599873e-09, 4.81984097078e-09, 4.5038293095e-09, 3.7055212232e-09, 2.63923238819e-09, 2.31941688078e-09, 1.77775749677e-09, 1.21568455302e-09, 9.05341190904e-10, 6.38383790275e-10, 6.21394047329e-10, 5.37636546394e-10, 4.84345175078e-10, 4.12156614393e-10, 3.37251809812e-10, 2.53598586575e-10],
        "min": [4.03464328613e-09, 2.31107240012e-08, 3.65356491727e-08, 2.4216099348e-08, 2.2003422373e-07, 4.96846905662e-06, 4.92511298944e-06, 6.35348982314e-08, 9.49453209387e-08, 8.70252705454e-08, 6.20833660037e-08, 5.07810042905e-08, 3.11674845932e-08, 1.34069253477e-08, 7.17261539052e-09, 3.47942474832e-09, 8.99241303642e-09, 5.70169023106e-09, 1.18544818406e-08, 9.31297439166e-09, 1.85385473639e-09, 1.2273175809e-09, 1.86192583573e-09, 1.38059486066e-09, 1.10624265304e-09, 7.54060980324e-10, 8.06227695715e-10, 5.15299192205e-10, 3.91402965594e-10, 2.25548316135e-10, 2.12345432904e-10, 1.46197151607e-10, 1.39874514749e-10, 1.0843168724e-10, 8.10985029132e-11, 7.70693925345e-11, 8.77375880282e-11, 4.48825178412e-11, 3.27960436586e-11, 3.48508236159e-11],
        "var": [6.90479184245e-12, 3.34510266708e-11, 6.83342757379e-11, 1.54053037688e-11, 1.65222413528e-08, 8.43273937789e-06, 6.99796328263e-06, 3.44688459109e-07, 2.82227603066e-07, 2.4236749141e-07, 3.53558404775e-10, 1.71184195291e-11, 5.95108629042e-10, 5.53157292107e-13, 3.05875387952e-13, 2.46991175342e-13, 5.05660509124e-14, 8.55494738635e-14, 3.3470307011e-14, 1.8254014023e-14, 8.69311692536e-15, 1.14658962189e-14, 5.10537885771e-15, 2.23194833316e-15, 8.44424562233e-16, 1.47354616065e-15, 7.1203385256e-15, 9.03189537591e-15, 7.04452187705e-15, 2.42499751799e-15, 5.54371523154e-16, 1.75905529148e-16, 6.92850875058e-16, 1.6149626787e-16, 9.95939287974e-17, 3.03743897303e-17, 2.38837185306e-17, 9.86397164038e-18, 9.10745624038e-18, 1.00715236638e-17]
    },
    "mfcc": {
        "mean": [-918.75, 171.621002197, 18.2166194916, -13.7518787384, -30.2098445892, -40.4265136719, -40.5545806885, -32.4828186035, -16.6416378021, -5.34840297699, -2.2741317749, 3.03669309616, 10.2104511261],
        "cov": [[1452.95239258, 52.6818275452, -143.910140991, 125.172019958, -74.5762252808, 109.552108765, 5.06896591187, 130.710540771, 68.9352340698, 112.099998474, 133.661514282, -2.05536651611, -182.501373291], [52.6818275452, 345.831695557, 33.6216621399, -123.091186523, -10.6822814941, -26.0843830109, 35.7349052429, 26.429441452, 51.4255104065, 88.3426818848, 66.6412353516, -14.9386472702, -80.0270614624], [-143.910140991, 33.6216621399, 132.710403442, 10.8851137161, 60.9882354736, 39.9755210876, 2.39393973351, -3.4778585434, 1.74461305141, -7.11828136444, -6.07189464569, -13.6796550751, 2.47457027435], [125.172019958, -123.091186523, 10.8851137161, 267.90826416, 145.739837646, 105.673271179, 10.0427179337, -29.2327308655, -23.2661552429, -0.0298797599971, 7.89228534698, 35.152759552, 1.27084934711], [-74.5762252808, -10.6822814941, 60.9882354736, 145.739837646, 188.078948975, 101.764350891, 10.1080560684, -30.774394989, -20.528503418, -8.53646469116, -5.9990735054, 19.9136161804, 14.2184457779], [109.552108765, -26.0843830109, 39.9755210876, 105.673271179, 101.764350891, 119.67906189, 44.6201286316, 20.6880455017, -8.39423465729, -7.60370779037, 15.9660549164, 26.7103118896, 1.32062649727], [5.06896591187, 35.7349052429, 2.39393973351, 10.0427179337, 10.1080560684, 44.6201286316, 126.347564697, 85.384803772, 9.39254570007, 10.9936952591, 39.7293319702, 46.1971855164, -0.248623758554], [130.710540771, 26.429441452, -3.4778585434, -29.2327308655, -30.774394989, 20.6880455017, 85.384803772, 129.062011719, 57.3217658997, 24.7078227997, 39.6991233826, 19.526550293, -19.6356239319], [68.9352340698, 51.4255104065, 1.74461305141, -23.2661552429, -20.528503418, -8.39423465729, 9.39254570007, 57.3217658997, 86.5006484985, 73.4069137573, 50.2831687927, 7.48327636719, -42.1527290344], [112.099998474, 88.3426818848, -7.11828136444, -0.0298797599971, -8.53646469116, -7.60370779037, 10.9936952591, 24.7078227997, 73.4069137573, 142.034591675, 127.39515686, 38.489780426, -86.7338562012], [133.661514282, 66.6412353516, -6.07189464569, 7.89228534698, -5.9990735054, 15.9660549164, 39.7293319702, 39.6991233826, 50.2831687927, 127.39515686, 178.379348755, 75.0286178589, -96.132522583], [-2.05536651611, -14.9386472702, -13.6796550751, 35.152759552, 19.9136161804, 26.7103118896, 46.1971855164, 19.526550293, 7.48327636719, 38.489780426, 75.0286178589, 86.4066314697, -5.08870983124], [-182.501373291, -80.0270614624, 2.47457027435, 1.27084934711, 14.2184457779, 1.32062649727, -0.248623758554, -19.6356239319, -42.1527290344, -86.7338562012, -96.132522583, -5.08870983124, 114.778785706]],
