{
"lowlevel": {
    "average_loudness": 0.989257574081,
    "barkbands_crest": {
        "dmean": 0.91038775444,
        "dmean2": 1.29846036434,
        "dvar": 0.502113103867,
        "dvar2": 0.996653199196,
        "max": 11.8077516556,
        "mean": 8.62261676788,
        "median": 8.47452259064,
        "min": 6.14190244675,
        "var": 1.22980749607
    },
    "barkbands_flatness_db": {
        "dmean": 0.0106624960899,
        "dmean2": 0.0147515134886,
        "dvar": 0.000144522127812,
        "dvar2": 0.000209556528716,
        "max": 0.326762616634,
        "mean": 0.291541755199,
        "median": 0.296710908413,
        "min": 0.131291329861,
        "var": 0.000617645564489
    },
    "barkbands_kurtosis": {
        "dmean": 5.39270353317,
        "dmean2": 8.14733886719,
        "dvar": 17.2483196259,
        "dvar2": 40.6726303101,
        "max": 59.537437439,
        "mean": 37.2915687561,
        "median": 37.3877296448,
        "min": 4.80320453644,
        "var": 51.4088439941
    },
    "barkbands_skewness": {
        "dmean": 0.455004394054,
        "dmean2": 0.646968662739,
        "dvar": 0.135113045573,
        "dvar2": 0.275845855474,
        "max": 5.50142145157,
        "mean": 3.31840229034,
        "median": 3.2139647007,
        "min": 2.13551425934,
        "var": 0.557884454727
    },
    "barkbands_spread": {
        "dmean": 0.389904201031,
        "dmean2": 0.588490307331,
        "dvar": 2.2201898098,
        "dvar2": 5.54468250275,
        "max": 20.7539253235,
        "mean": 2.5116815567,
        "median": 2.24611783028,
        "min": 1.81103813648,
        "var": 2.48077607155
    },
    "dissonance": {
        "dmean": 0.0256888028234,
        "dmean2": 0.0446865744889,
        "dvar": 0.000341425737133,
        "dvar2": 0.000905777327716,
        "max": 0.484822362661,
        "mean": 0.432204127312,
        "median": 0.435494720936,
        "min": 0.343590855598,
        "var": 0.000666711770464
    },
    "dynamic_complexity": 0.313517212868,
    "erbbands_crest": {
        "dmean": 1.72178328037,
        "dmean2": 2.54689025879,
        "dvar": 2.18083524704,
        "dvar2": 4.38560342789,
        "max": 21.4631347656,
        "mean": 17.5881309509,
        "median": 17.9221534729,
        "min": 5.35809612274,
        "var": 5.75783205032
    },
    "erbbands_flatness_db": {
        "dmean": 0.010953804478,
        "dmean2": 0.013823675923,
        "dvar": 8.19523993414e-05,
        "dvar2": 0.000132597531774,
        "max": 0.227359354496,
        "mean": 0.192623630166,
        "median": 0.195138603449,
        "min": 0.102381415665,
        "var": 0.000385525898309
    },
    "erbbands_kurtosis": {
        "dmean": 3.03175187111,
        "dmean2": 3.96258616447,
        "dvar": 6.0050868988,
        "dvar2": 10.114200592,
        "max": 23.6515293121,
        "mean": 10.4797067642,
        "median": 9.97534179688,
        "min": -1.54020535946,
        "var": 26.1893482208
    },
    "erbbands_skewness": {
        "dmean": 0.398800581694,
        "dmean2": 0.542854428291,
        "dvar": 0.0995901972055,
        "dvar2": 0.163249284029,
        "max": 4.12157011032,
        "mean": 2.89980173111,
        "median": 2.86559128761,
        "min": -0.257016062737,
        "var": 0.439098030329
    },
    "erbbands_spread": {
        "dmean": 4.24950027466,
        "dmean2": 5.9160861969,
        "dvar": 25.1592884064,
        "dvar2": 38.9472007751,
        "max": 79.6018447876,
        "mean": 20.8232135773,
        "median": 16.4508304596,
        "min": 7.95963001251,
        "var": 146.323928833
    },
    "hfc": {
        "dmean": 1.87638950348,
        "dmean2": 2.72767305374,
        "dvar": 19.078250885,
        "dvar2": 43.575176239,
        "max": 70.1890182495,
        "mean": 17.0909175873,
        "median": 16.5375881195,
        "min": 10.1154956818,
        "var": 24.2921237946
    },
    "melbands_crest": {
        "dmean": 1.2462644577,
        "dmean2": 1.90818881989,
        "dvar": 1.03450751305,
        "dvar2": 2.18026995659,
        "max": 19.1665306091,
        "mean": 14.5352087021,
        "median": 14.2947320938,
        "min": 11.3821029663,
        "var": 1.92831301689
    },
    "melbands_flatness_db": {
        "dmean": 0.0127536971122,
        "dmean2": 0.0176679883152,
        "dvar": 0.000241595829721,
        "dvar2": 0.000348651607055,
        "max": 0.483712941408,
        "mean": 0.442361742258,
        "median": 0.44975605607,
        "min": 0.228901401162,
        "var": 0.00103820289951
    },
    "melbands_kurtosis": {
        "dmean": 11.1866178513,
        "dmean2": 18.1327648163,
        "dvar": 111.590156555,
        "dvar2": 297.015930176,
        "max": 128.679031372,
        "mean": 51.819934845,
        "median": 44.6242713928,
        "min": 24.3618602753,
        "var": 447.489349365
    },
    "melbands_skewness": {
        "dmean": 0.577438890934,
        "dmean2": 0.827279925346,
        "dvar": 0.258697926998,
        "dvar2": 0.582318544388,
        "max": 7.79998445511,
        "mean": 3.67760443687,
        "median": 3.31981992722,
        "min": 1.78517007828,
        "var": 1.42658770084
    },
    "melbands_spread": {
        "dmean": 0.273413896561,
        "dmean2": 0.424943357706,
        "dvar": 0.932210743427,
        "dvar2": 2.42835474014,
        "max": 13.01308918,
        "mean": 1.58862268925,
        "median": 1.45048069954,
        "min": 1.15005397797,
        "var": 0.934347510338
    },
    "pitch_salience": {
        "dmean": 0.0270065199584,
        "dmean2": 0.0393805876374,
        "dvar": 0.000371785019524,
        "dvar2": 0.000775523541961,
        "max": 0.720876157284,
        "mean": 0.665281713009,
        "median": 0.669348955154,
        "min": 0.601008176804,
        "var": 0.000818325672299
    },
    "silence_rate_20dB": {
        "dmean": 0,
        "dmean2": 0,
        "dvar": 0,
        "dvar2": 0,
        "max": 1,
        "mean": 1,
        "median": 1,
        "min": 1,
        "var": 0
    },
    "silence_rate_30dB": {
        "dmean": 0.164705887437,
        "dmean2": 0.319526612759,
        "dvar": 0.137577965856,
        "dvar2": 0.34760633111,
        "max": 1,
        "mean": 0.0994152054191,
        "median": 0,
        "min": 0,
        "var": 0.0895317047834
    },
    "silence_rate_60dB": {
        "dmean": 0,
        "dmean2": 0,
        "dvar": 0,
        "dvar2": 0,
        "max": 0,
        "mean": 0,
        "median": 0,
        "min": 0,
        "var": 0
    },
    "spectral_centroid": {
        "dmean": 29.4107189178,
        "dmean2": 42.3235054016,
        "dvar": 10698.2412109,
        "dvar2": 23804.0761719,
        "max": 1635.18530273,
        "mean": 241.70072937,
        "median": 213.71383667,
        "min": 190.067474365,
        "var": 16106.8857422
    },
    "spectral_complexity": {
        "dmean": 1.48823523521,
        "dmean2": 2.31360936165,
        "dvar": 5.72046279907,
        "dvar2": 7.09100437164,
        "max": 40,
        "mean": 6.95321655273,
        "median": 6,
        "min": 4,
        "var": 15.2609682083
    },
    "spectral_decrease": {
        "dmean": 2.55190846232e-09,
        "dmean2": 3.85886611554e-09,
        "dvar": 4.47085248103e-18,
        "dvar2": 8.8417327404e-18,
        "max": -1.76763350623e-08,
        "mean": -2.93350446157e-08,
        "median": -2.92621997744e-08,
        "min": -4.37565041977e-08,
        "var": 8.50818043019e-18
    },
    "spectral_energy": {
        "dmean": 0.00975106004626,
        "dmean2": 0.0147622749209,
        "dvar": 6.65746119921e-05,
        "dvar2": 0.000129117208417,
        "max": 0.169119238853,
        "mean": 0.112267412245,
        "median": 0.111943177879,
        "min": 0.0680533275008,
        "var": 0.000127305538626
    },
    "spectral_energyband_high": {
        "dmean": 4.48363280157e-05,
        "dmean2": 6.31043294561e-05,
        "dvar": 3.80844902281e-08,
        "dvar2": 6.26370777468e-08,
        "max": 0.00264551024884,
        "mean": 0.000126616228954,
        "median": 6.75846386002e-05,
        "min": 3.25224718836e-05,
        "var": 6.4051640436e-08
    },
    "spectral_energyband_low": {
        "dmean": 0.0095912348479,
        "dmean2": 0.013980248943,
        "dvar": 5.03717383253e-05,
        "dvar2": 0.000117512136057,
        "max": 0.0977651327848,
        "mean": 0.0652928203344,
        "median": 0.0648434832692,
        "min": 0.0380938984454,
        "var": 9.39576129895e-05
    },
    "spectral_energyband_middle_high": {
        "dmean": 0.000191173006897,
        "dmean2": 0.000297555874567,
        "dvar": 1.09652887659e-06,
        "dvar2": 2.85600458483e-06,
        "max": 0.0124822305515,
        "mean": 0.000339534715749,
        "median": 0.000198605179321,
        "min": 0.000120461932966,
        "var": 1.00266197478e-06
    },
    "spectral_energyband_middle_low": {
        "dmean": 0.00793094839901,
        "dmean2": 0.00994244031608,
        "dvar": 3.54367948603e-05,
        "dvar2": 4.46042104159e-05,
        "max": 0.0907650515437,
        "mean": 0.0484770797193,
        "median": 0.0482025779784,
        "min": 0.0267025250942,
        "var": 0.000124172278447
    },
    "spectral_entropy": {
        "dmean": 0.184028431773,
        "dmean2": 0.231372445822,
        "dvar": 0.0215982683003,
        "dvar2": 0.0377056635916,
        "max": 7.6651673317,
        "mean": 6.08047008514,
        "median": 5.99892997742,
        "min": 5.55661535263,
        "var": 0.11787519604
    },
    "spectral_flux": {
        "dmean": 0.0181175265461,
        "dmean2": 0.0286788605154,
        "dvar": 0.000266983231995,
        "dvar2": 0.000473848514957,
        "max": 0.26972874999,
        "mean": 0.0601293928921,
        "median": 0.0570071265101,
        "min": 0.0243048705161,
        "var": 0.000614553166088
    },
    "spectral_kurtosis": {
        "dmean": 2.94933176041,
        "dmean2": 5.09428071976,
        "dvar": 6.23202133179,
        "dvar2": 14.4513568878,
        "max": 25.8591480255,
        "mean": 14.1586389542,
        "median": 14.8932209015,
        "min": 1.81900644302,
        "var": 20.7567672729
    },
    "spectral_rms": {
        "dmean": 0.000454690569313,
        "dmean2": 0.000687589286827,
        "dvar": 1.44593201412e-07,
        "dvar2": 2.73643536275e-07,
        "max": 0.0128450132906,
        "mean": 0.0104523999617,
        "median": 0.010450495407,
        "min": 0.00814822036773,
        "var": 2.76449071634e-07
    },
    "spectral_rolloff": {
        "dmean": 5.44663381577,
        "dmean2": 10.8303089142,
        "dvar": 687.67175293,
        "dvar2": 2025.49597168,
        "max": 430.6640625,
        "mean": 193.295135498,
        "median": 193.798828125,
        "min": 172.265625,
        "var": 368.520385742
    },
    "spectral_skewness": {
        "dmean": 0.342874288559,
        "dmean2": 0.546537160873,
        "dvar": 0.0861914530396,
        "dvar2": 0.184877693653,
        "max": 4.26223659515,
        "mean": 2.97577857971,
        "median": 3.10308527946,
        "min": 0.661983132362,
        "var": 0.378945410252
    },
    "spectral_spread": {
        "dmean": 313673.5625,
        "dmean2": 453207.0625,
        "dvar": 653949009920,
        "dvar2": 679872430080,
        "max": 14962417,
        "mean": 3874820,
        "median": 3770696.5,
        "min": 3068935.75,
        "var": 837307990016
    },
    "spectral_strongpeak": {
        "dmean": 0.309343934059,
        "dmean2": 0.518206894398,
        "dvar": 0.116056732833,
        "dvar2": 0.19048205018,
        "max": 2.01392483711,
        "mean": 1.03646016121,
        "median": 1.03921627998,
        "min": 0.283279657364,
        "var": 0.160871744156
    },
    "zerocrossingrate": {
        "dmean": 0.00326573988423,
        "dmean2": 0.00443498045206,
        "dvar": 7.19248919268e-06,
        "dvar2": 1.33356934384e-05,
        "max": 0.03466796875,
        "mean": 0.0133120892569,
        "median": 0.0126953125,
        "min": 0.00341796875,
        "var": 1.77923775482e-05
    },
    "barkbands": {
        "dmean": [0.00135727168527, 0.0051430426538, 0.00483614578843, 0.00309299514629, 0.00553985266015, 0.00016890441475, 0.000206572236493, 0.000463356089313, 7.0060530561e-05, 2.20218244067e-05, 1.39802068588e-05, 1.13891073852e-05, 1.7085847503e-05, 1.95129414351e-05, 1.04849132185e-05, 1.59439550771e-05, 9.41382677411e-06, 2.54414517258e-05, 7.60533876019e-05, 3.48166249751e-05, 2.35671559494e-05, 5.08014181833e-06, 4.77686944578e-06, 1.22388166801e-06, 1.78232153303e-06, 8.18439957584e-07, 3.59431351171e-06],
        "dmean2": [0.00212230882607, 0.00740685267374, 0.00674853520468, 0.0044750329107, 0.00654462957755, 0.000247557880357, 0.000348356930772, 0.000816540850792, 8.73861063155e-05, 3.18043094012e-05, 1.90078317246e-05, 1.77399597305e-05, 2.66479182756e-05, 3.04969398712e-05, 1.50584310177e-05, 2.9385824746e-05, 1.5636876924e-05, 4.17341252614e-05, 0.000133343084599, 4.99070483784e-05, 3.57676799467e-05, 7.44038288758e-06, 8.06607931736e-06, 2.02417709261e-06, 2.3610275548e-06, 1.38306313602e-06, 6.1320633904e-06],
        "dvar": [1.02565854831e-06, 1.35643422254e-05, 1.34984938995e-05, 9.75374587142e-06, 1.35414375109e-05, 6.5909809166e-08, 9.48343085838e-07, 1.1124547683e-07, 4.61515492489e-09, 5.72637981477e-09, 6.63216370711e-10, 2.09299355625e-10, 2.34709074398e-09, 9.55672430081e-10, 1.87974813493e-09, 1.40228344492e-08, 1.98274752172e-09, 6.30520791134e-09, 2.78805998732e-07, 2.68610271803e-08, 6.09797989881e-09, 6.488571902e-10, 9.92065318783e-10, 1.33428693441e-11, 4.06036402417e-12, 3.40584938724e-12, 7.26005974089e-12],
        "dvar2": [2.16360399463e-06, 3.53052819264e-05, 2.89253221126e-05, 1.96295059141e-05, 2.34994095081e-05, 1.25981074461e-07, 2.6804780191e-06, 3.34479551611e-07, 7.17419457175e-09, 8.20034262716e-09, 9.99936244916e-10, 3.64736185698e-10, 5.32056665392e-09, 1.85745474557e-09, 2.63915600485e-09, 4.06977989087e-08, 5.47764811287e-09, 1.73376193402e-08, 7.9707643863e-07, 5.41390541287e-08, 1.06019397705e-08, 1.49981005393e-09, 2.74301092951e-09, 3.18781355479e-11, 6.13522383938e-12, 5.82516673786e-12, 1.95957642474e-11],
        "max": [0.0107341855764, 0.0370102226734, 0.0559859126806, 0.0486687608063, 0.0415315292776, 0.00351612037048, 0.0103030903265, 0.0018961437745, 0.001163310837, 0.0010021366179, 0.000391160720028, 0.000193474290427, 0.00058769073803, 0.000438310875325, 0.000572279444896, 0.00118288875092, 0.000497540342622, 0.000894320954103, 0.00550674274564, 0.00228455220349, 0.000924731954001, 0.00032351523987, 0.000345039443346, 3.88903426938e-05, 2.9006965633e-05, 2.40314202529e-05, 3.99875752919e-05],
        "mean": [0.00795201864094, 0.0203153286129, 0.0350413955748, 0.0239681787789, 0.0227399971336, 0.000437122595031, 0.000242559341132, 0.000705455546267, 0.000376992393285, 3.54757394234e-05, 2.79403338936e-05, 2.34383696807e-05, 3.47860514012e-05, 3.44827312801e-05, 1.49241668623e-05, 1.29152003865e-05, 1.99938858714e-05, 4.67117570224e-05, 6.68783322908e-05, 4.85853124701e-05, 4.97871333209e-05, 6.38184428681e-06, 5.13334089192e-06, 3.25523114952e-06, 6.5834428824e-06, 4.55198050986e-06, 3.05708308588e-05],
        "median": [0.0080131040886, 0.0200686268508, 0.0349058285356, 0.0239154957235, 0.022643469274, 0.000378734315746, 0.000154333145474, 0.000616329431068, 0.000344877160387, 1.9491328203e-05, 1.81663726835e-05, 1.90785831364e-05, 2.57921510638e-05, 2.46384297498e-05, 5.35944309377e-06, 3.896385806e-06, 1.34632264235e-05, 3.44474574376e-05, 1.79945200216e-05, 1.41179443744e-05, 1.75020031747e-05, 2.3644513476e-06, 1.92770426111e-06, 2.65160224444e-06, 6.08421714787e-06, 4.32018396168e-06, 3.05906069116e-05],
        "min": [0.00508502451703, 0.00663797464222, 0.0172309949994, 0.0139680029824, 0.0095603922382, 0.000156547190272, 1.60288964253e-05, 0.000104277525679, 6.59615834593e-05, 5.58523652217e-06, 3.9260230551e-06, 2.94157530334e-06, 7.65939421399e-06, 5.39864004168e-06, 1.18200671295e-06, 1.10192013381e-06, 5.23661947227e-06, 8.45802969707e-06, 4.41670317741e-06, 2.40081431002e-06, 2.98739587379e-06, 1.0460928479e-06, 9.57895622378e-07, 1.72706472767e-06, 3.26702934217e-06, 3.08294329443e-06, 1.39923331517e-05],
        "var": [1.5158733504e-06, 2.46000872721e-05, 2.96654015983e-05, 2.35474017245e-05, 4.60861665488e-05, 1.06441390813e-07, 6.40560188003e-07, 1.58946164674e-07, 4.58125093417e-08, 1.01372110706e-08, 1.78201309264e-09, 4.87811291361e-10, 3.2665536942e-09, 1.76313608158e-09, 3.31316152291e-09, 8.19664869312e-09, 1.55871615615e-09, 4.9053068274e-09, 1.79982464488e-07, 4.49228458876e-08, 1.0002084494e-08, 7.40500771812e-10, 7.20269011101e-10, 1.20777979631e-11, 6.81668436975e-12, 3.34334339727e-12, 1.23588821468e-11]
    },
    "erbbands": {
        "dmean": [0.271243780851, 0.899763464928, 5.00774431229, 5.28765201569, 23.7723293304, 11.3303155899, 3.65297627449, 1.15157806873, 2.30519104004, 8.23025226593, 4.74598360062, 2.15247225761, 0.575082600117, 0.792090117931, 0.63381177187, 0.334201484919, 0.771520078182, 0.945614159107, 0.763291478157, 0.534814894199, 0.797012448311, 0.663326501846, 1.00771272182, 2.97640299797, 2.88686585426, 1.70963990688, 1.46129310131, 0.328889518976, 0.210947215557, 0.20098721981, 0.105059579015, 0.022552922368, 0.0312951058149, 0.0271824859083, 0.00482442090288, 0.00342621840537, 0.00165842531715, 0.000997964525595, 0.000496311637107, 8.0723031715e-05],
        "dmean2": [0.413339525461, 1.23424017429, 7.01101160049, 8.28057003021, 31.7923583984, 11.7619342804, 4.78517580032, 1.80569589138, 3.85548067093, 14.3231801987, 8.34043216705, 2.6336979866, 0.760179400444, 1.04703450203, 0.842861115932, 0.508355200291, 1.23804330826, 1.54917776585, 1.1299687624, 0.759017109871, 1.44040215015, 1.05454993248, 1.59235644341, 5.30656099319, 5.06512594223, 2.33607149124, 2.30568885803, 0.526952505112, 0.314046859741, 0.331092715263, 0.171399608254, 0.0319100879133, 0.0474781952798, 0.0359972342849, 0.00732155889273, 0.00560783408582, 0.00266922754236, 0.00161091797054, 0.000858977437019, 0.000143310797284],
        "dvar": [0.0356745794415, 0.510003089905, 15.1550712585, 22.8782672882, 365.673797607, 42.8191261292, 8.45489311218, 5.7633266449, 174.650512695, 60.3837432861, 12.8536319733, 4.31409740448, 1.66025066376, 5.60140323639, 1.67352044582, 0.331072181463, 3.73364686966, 3.38648462296, 9.15585803986, 6.44906997681, 34.3735542297, 6.77757978439, 7.1713809967, 357.204833984, 359.016601562, 73.0917129517, 27.2717666626, 2.27235841751, 1.17699754238, 1.67480504513, 0.413522601128, 0.00573297124356, 0.00634845625609, 0.00075947510777, 0.000126507220557, 9.97642418952e-05, 8.63595323608e-06, 7.54440122819e-07, 1.40682189453e-07, 3.9826182352e-09],
        "dvar2": [0.0949481204152, 1.20024573803, 30.8425674438, 56.5001564026, 572.779663086, 73.2150878906, 16.3992919922, 11.0648946762, 465.992095947, 167.820526123, 36.7538909912, 6.80804824829, 2.738301754, 8.70980739594, 2.87966060638, 0.461168318987, 6.8340010643, 8.57466125488, 16.0314407349, 13.847445488, 98.8230667114, 18.4767818451, 19.4411048889, 1018.72735596, 1007.45471191, 144.783660889, 44.9129600525, 3.76692438126, 2.76339840889, 4.53007936478, 1.10983145237, 0.0102372979745, 0.0166960135102, 0.00137483840808, 0.000147891303641, 0.000203233590582, 1.18976158774e-05, 1.60917659286e-06, 4.21546133111e-07, 1.01463619728e-08],
        "max": [1.67835652828, 6.92018270493, 59.2161979675, 82.9055557251, 230.57258606, 69.3135757446, 28.2262706757, 30.8042392731, 140.954772949, 70.3902587891, 30.9573059082, 34.6002502441, 19.1917133331, 33.9116897583, 20.282075882, 8.41361236572, 22.9828186035, 22.9258441925, 39.4680519104, 32.5169792175, 59.668598175, 29.6542644501, 31.3785533905, 196.66104126, 208.805664062, 119.255241394, 58.1670036316, 17.9134902954, 13.5127763748, 14.6616392136, 7.25569343567, 0.932564198971, 0.870647370815, 0.342909455299, 0.166793674231, 0.100129194558, 0.0434545949101, 0.0156305804849, 0.00522572267801, 0.000891586765647],
        "mean": [1.00077009201, 3.68821144104, 37.7620849609, 43.1053962708, 145.3097229, 29.1164512634, 9.39790630341, 2.35488939285, 2.6386013031, 11.7680997849, 9.24284744263, 11.7625675201, 2.29335379601, 1.3538479805, 1.37688660622, 0.819304704666, 1.7065128088, 1.72139060497, 1.2184895277, 0.682662069798, 0.7065346241, 1.46951949596, 2.14719343185, 2.74650430679, 2.85500717163, 2.51171040535, 3.21677184105, 0.609363019466, 0.256157964468, 0.21393288672, 0.124738357961, 0.0570228546858, 0.0886383801699, 0.0888466835022, 0.0231237225235, 0.012959160842, 0.00895114429295, 0.00672776577994, 0.00346801616251, 0.000709509360604],
        "median": [1.0034083128, 3.57369756699, 37.473072052, 42.1991424561, 143.597198486, 28.4429454803, 8.85949516296, 1.86304843426, 1.41912209988, 9.0643081665, 8.33394241333, 10.5728111267, 1.86742377281, 0.75274002552, 0.980496346951, 0.656083285809, 1.25969696045, 1.24270808697, 0.637436032295, 0.260779589415, 0.221405640244, 1.06355345249, 1.69413661957, 0.843045115471, 0.761218547821, 0.690002739429, 1.04076838493, 0.243768006563, 0.0899431779981, 0.0675624161959, 0.0520730018616, 0.0419648587704, 0.0770511552691, 0.0829611122608, 0.0212295763195, 0.0116023086011, 0.00853430572897, 0.00669304328039, 0.00347280479036, 0.000712323235348],
        "min": [0.372681349516, 1.05511057377, 14.618432045, 32.2804946899, 65.9563446045, 8.88220024109, 2.77149105072, 0.745160639286, 0.435699433088, 2.21602940559, 2.58350372314, 2.22903800011, 0.609647512436, 0.295113235712, 0.30531051755, 0.247518420219, 0.359142869711, 0.253097772598, 0.183524519205, 0.0811242461205, 0.0721546709538, 0.371812283993, 0.477096378803, 0.167453587055, 0.225201234221, 0.112263351679, 0.163270950317, 0.0709188506007, 0.0356692671776, 0.0324765704572, 0.0253705494106, 0.0246353987604, 0.0388818792999, 0.0426034219563, 0.0134967155755, 0.00789625849575, 0.00612113904208, 0.00401100842282, 0.00170373497531, 0.000338126323186],
        "var": [0.0543802939355, 0.984521448612, 32.7147712708, 40.425907135, 1068.76940918, 177.3462677, 21.7583656311, 8.1509847641, 123.728256226, 70.1922836304, 20.2946033478, 42.2775917053, 3.75965738297, 11.1803779602, 3.88258218765, 0.829284727573, 6.46542978287, 4.09400224686, 13.2206821442, 7.71942090988, 20.9972343445, 5.46285772324, 6.26669740677, 229.922561646, 270.0625, 118.312522888, 45.8485488892, 3.6481320858, 1.26092588902, 1.33730375767, 0.325311899185, 0.00787923205644, 0.00521950609982, 0.00137433130294, 0.000146798687638, 8.65851034177e-05, 9.14717293199e-06, 1.30489286221e-06, 2.16977440459e-07, 6.36217345473e-09]
    },
    "gfcc": {
        "mean": [-30.9584674835, 127.559669495, -24.9891033173, 37.6508407593, -18.3852386475, -9.33923625946, -9.61560916901, 5.41940450668, -26.2065448761, -8.6611623764, -17.018693924, -25.3308200836, -18.1534328461],
        "cov": [[352.793792725, -83.5429992676, -226.884597778, 104.285514832, -42.794342041, -16.8667564392, 17.8707084656, -38.5046081543, 13.5245695114, 35.9626846313, 7.95631408691, 18.4996204376, 6.45885276794], [-83.5429992676, 45.0413322449, 64.3691482544, -47.7340583801, 3.4688231945, 2.97293782234, -11.6241321564, 10.2642459869, -0.0116569297388, -17.2956542969, -2.54112052917, -1.06324243546, -3.37159347534], [-226.884597778, 64.3691482544, 165.196166992, -81.0635147095, 16.2519741058, 10.9264621735, -19.5532150269, 23.4309539795, -12.5282840729, -27.5233058929, -1.7967351675, -5.78097915649, -0.0811788216233], [104.285514832, -47.7340583801, -81.0635147095, 72.2881546021, -2.04437994957, -15.5488586426, 17.7680683136, -16.1044521332, 0.610499560833, 27.7154560089, 4.65542078018, -3.57362246513, 3.21493053436], [-42.794342041, 3.4688231945, 16.2519741058, -2.04437994957, 26.0972652435, 3.57994389534, -3.87438750267, 3.10807991028, -1.55440688133, -0.879191219807, -1.77786254883, -9.10268115997, -2.67186307907], [-16.8667564392, 2.97293782234, 10.9264621735, -15.5488586426, 3.57994389534, 19.0670986176, -2.0213971138, 0.283757328987, -3.72165894508, -9.80339050293, -0.217761591077, 2.3888258934, 3.3073489666], [17.8707084656, -11.6241321564, -19.5532150269, 17.7680683136, -3.87438750267, -2.0213971138, 28.853843689, 9.3828125, 3.89994287491, 6.00501155853, 0.607145488262, -1.89167511463, -4.3594584465], [-38.5046081543, 10.2642459869, 23.4309539795, -16.1044521332, 3.10807991028, 0.283757328987, 9.3828125, 34.3599319458, 14.9398498535, -9.8440618515, -0.458624631166, -1.40598499775, -11.1690511703], [13.5245695114, -0.0116569297388, -12.5282840729, 0.610499560833, -1.55440688133, -3.72165894508, 3.89994287491, 14.9398498535, 19.032749176, 0.273980766535, -3.29493618011, 0.0846195593476, -9.65479183197], [35.9626846313, -17.2956542969, -27.5233058929, 27.7154560089, -0.879191219807, -9.80339050293, 6.00501155853, -9.8440618515, 0.273980766535, 25.6310062408, 4.21502590179, -4.92836141586, 0.143492951989], [7.95631408691, -2.54112052917, -1.7967351675, 4.65542078018, -1.77786254883, -0.217761591077, 0.607145488262, -0.458624631166, -3.29493618011, 4.21502590179, 11.3868551254, 1.81823587418, -1.72825407982], [18.4996204376, -1.06324243546, -5.78097915649, -3.57362246513, -9.10268115997, 2.3888258934, -1.89167511463, -1.40598499775, 0.0846195593476, -4.92836141586, 1.81823587418, 12.9552192688, 1.57647168636], [6.45885276794, -3.37159347534, -0.0811788216233, 3.21493053436, -2.67186307907, 3.3073489666, -4.3594584465, -11.1690511703, -9.65479183197, 0.143492951989, -1.72825407982, 1.57647168636, 15.0303878784]],
        "icov": [[0.0601864233613, -0.0129396999255, 0.0847298279405, -0.00327498465776, 0.0438629239798, 0.00193461310118, 0.0228051077574, -0.00887385290116, 0.00746000511572, -0.00430714990944, -0.0214256942272, -0.0139580108225, -0.0163824539632], [-0.0129396999255, 0.152446493506, -0.038257945329, 0.110710851848, -0.0339133031666, 0.087025411427, -0.0469944775105, 0.0717073976994, -0.0782958120108, 0.0483269952238, -0.0574796125293, 0.0362137779593, -0.030815301463], [0.0847298279405, -0.038257945329, 0.145372316241, 0.00760672800243, 0.0558298565447, 0.00464855134487, 0.0395623333752, -0.0401165001094, 0.0474245995283, -0.0177715141326, -0.0235113203526, -0.0180444885045, -0.0254458785057], [-0.00327498465776, 0.110710851848, 0.00760672800243, 0.153855353594, -0.0486097447574, 0.105475984514, -0.0636800304055, 0.0628417655826, -0.0606906972826, 0.016985507682, -0.0718396753073, 0.0278270803392, -0.060574837029], [0.0438629239798, -0.0339133031666, 0.0558298565447, -0.0486097447574, 0.110313348472, -0.0479989796877, 0.0528839826584, -0.0372193530202, 0.0441553220153, -0.0124804703519, 0.0205452889204, 0.0245131980628, 0.0303691271693], [0.00193461310118, 0.087025411427, 0.00464855134487, 0.105475984514, -0.0479989796877, 0.151581868529, -0.0537327565253, 0.0587623082101, -0.0565020628273, 0.0531524457037, -0.0710985511541, 0.0107301576063, -0.0637537613511], [0.0228051077574, -0.0469944775105, 0.0395623333752, -0.0636800304055, 0.0528839826584, -0.0537327565253, 0.0975808948278, -0.0773313865066, 0.0756515190005, -0.0340015329421, 0.0467608049512, -0.00835999939591, 0.040728379041], [-0.00887385290116, 0.0717073976994, -0.0401165001094, 0.0628417655826, -0.0372193530202, 0.0587623082101, -0.0773313865066, 0.152956843376, -0.148661598563, 0.0685869753361, -0.0818426534534, 0.0285880398005, -0.0306305885315], [0.00746000511572, -0.0782958120108, 0.0474245995283, -0.0606906972826, 0.0441553220153, -0.0565020628273, 0.0756515190005, -0.148661598563, 0.249576479197, -0.0724869221449, 0.12586556375, -0.0357607789338, 0.103454083204], [-0.00430714990944, 0.0483269952238, -0.0177715141326, 0.016985507682, -0.0124804703519, 0.0531524457037, -0.0340015329421, 0.0685869753361, -0.0724869221449, 0.115572780371, -0.0673524811864, 0.0476236902177, -0.0242520608008], [-0.0214256942272, -0.0574796125293, -0.0235113203526, -0.0718396753073, 0.0205452889204, -0.0710985511541, 0.0467608049512, -0.0818426534534, 0.12586556375, -0.0673524811864, 0.193992137909, -0.0438029132783, 0.0919882878661], [-0.0139580108225, 0.0362137779593, -0.0180444885045, 0.0278270803392, 0.0245131980628, 0.0107301576063, -0.00835999939591, 0.0285880398005, -0.0357607789338, 0.0476236902177, -0.0438029132783, 0.143116444349, -0.0145858144388], [-0.0163824539632, -0.030815301463, -0.0254458785057, -0.060574837029, 0.0303691271693, -0.0637537613511, 0.040728379041, -0.0306305885315, 0.103454083204, -0.0242520608008, 0.0919882878661, -0.0145858144388, 0.166749626398]]
    },
    "melbands": {
        "dmean": [0.0017608924536, 0.00209516449831, 0.00132246676367, 0.00137879059184, 0.000162791751791, 2.61696077359e-05, 3.5961442336e-05, 0.000103375248727, 3.03281631204e-05, 1.4106263734e-05, 2.66967299467e-06, 3.3411977256e-06, 1.96324822355e-06, 1.52151233124e-06, 1.05038327547e-06, 1.82507335467e-06, 1.98606107915e-06, 1.40069687404e-06, 6.66822700168e-07, 1.04154105429e-06, 8.35907371766e-07, 5.45015552689e-07, 1.39587189096e-06, 9.54779125095e-07, 2.62708317678e-06, 3.27607267536e-06, 1.36003643547e-06, 1.11540100534e-06, 1.1364884358e-06, 3.7742225345e-07, 1.42046246765e-07, 1.27491304625e-07, 8.24366850338e-08, 1.31683890459e-07, 7.26768973891e-08, 2.33095516222e-08, 1.02283168602e-08, 1.65664904017e-08, 4.69775685019e-08, 1.42269112047e-08],
        "dmean2": [0.00263299723156, 0.00289638526738, 0.00191465951502, 0.00158965005539, 0.000199709684239, 4.0628190618e-05, 5.95790297666e-05, 0.000181297000381, 5.40693908988e-05, 1.75627883436e-05, 3.77865421797e-06, 4.45770001534e-06, 2.53706207332e-06, 2.2610652195e-06, 1.58320597166e-06, 2.85821533907e-06, 3.25868427353e-06, 2.09730615097e-06, 9.20970819607e-07, 1.87844159427e-06, 1.49432310081e-06, 9.04922899281e-07, 2.03173385671e-06, 1.67574637544e-06, 4.72090823678e-06, 5.78059052714e-06, 2.28584804063e-06, 1.34435049404e-06, 1.82561439033e-06, 6.20840637566e-07, 2.20713843646e-07, 1.89740177348e-07, 1.23466932678e-07, 2.30253959899e-07, 1.23174203281e-07, 2.97512130487e-08, 1.58047246401e-08, 2.76190394999e-08, 6.44955449047e-08, 2.00285494856e-08],
        "dvar": [1.56675707785e-06, 2.62661319539e-06, 1.42285216498e-06, 8.41597966428e-07, 1.42279441562e-08, 2.90340906872e-09, 4.10432896558e-08, 6.97245505776e-09, 5.95032856321e-10, 1.97821953263e-10, 4.98041538566e-11, 1.05782188564e-10, 1.43728084989e-11, 3.93080967082e-12, 4.66075442129e-12, 2.94201850382e-11, 1.03470721574e-11, 2.52554817337e-11, 7.30508448871e-12, 5.09294620366e-11, 3.6163169681e-11, 8.04459450443e-12, 2.17023512876e-12, 2.00771656245e-11, 2.7985139206e-10, 5.41646782981e-10, 4.52415466201e-11, 2.78370347606e-11, 1.58774104975e-11, 2.74168665201e-12, 3.07350255272e-13, 4.07304669593e-13, 1.88420785051e-13, 8.15960688773e-13, 2.17342176157e-13, 6.2828114056e-15, 7.80503485566e-16, 3.46044193293e-15, 2.30934872157e-15, 2.75723147435e-16],
        "dvar2": [4.09718359151e-06, 5.36857487532e-06, 2.99670500681e-06, 1.3911668475e-06, 2.76819029921e-08, 5.24369792032e-09, 1.10526464425e-07, 1.98171878907e-08, 1.66233293797e-09, 3.31877580972e-10, 8.17319267821e-11, 1.62343735677e-10, 2.35483750555e-11, 5.72959041323e-12, 6.80297354907e-12, 7.23720736118e-11, 2.62533276368e-11, 4.54421465734e-11, 8.89560647366e-12, 1.46524681277e-10, 1.03513392302e-10, 2.21226648112e-11, 4.87668759541e-12, 5.63022337086e-11, 8.00234156717e-10, 1.54504231631e-09, 1.20648380175e-10, 4.78017729566e-11, 2.67370101753e-11, 5.059137137e-12, 4.66767358272e-13, 9.45514174767e-13, 4.56680917041e-13, 2.29336298216e-12, 6.05334359027e-13, 9.53744275532e-15, 1.01625657759e-15, 9.28031743385e-15, 5.36614176217e-15, 3.94637361747e-16],
        "max": [0.0123733645305, 0.0230320375413, 0.0225231572986, 0.0107202203944, 0.0011614219984, 0.000686247774865, 0.00216017547064, 0.000588402384892, 0.000242055510171, 0.00022045658261, 9.42851620493e-05, 0.000145766709466, 5.92922697251e-05, 2.82968703686e-05, 3.1394760299e-05, 6.51921072858e-05, 3.85406165151e-05, 6.60268342472e-05, 3.62397986464e-05, 7.26874786778e-05, 6.18928534095e-05, 3.1104314985e-05, 1.65599958564e-05, 4.75550768897e-05, 0.000172951244167, 0.00024302478414, 8.19665874587e-05, 7.59285758249e-05, 4.30213694926e-05, 1.85976095963e-05, 6.97572204444e-06, 8.01643273007e-06, 5.36828019904e-06, 9.75776129053e-06, 5.03515229866e-06, 1.13664384571e-06, 3.452246915e-07, 6.2495456632e-07, 4.87346596856e-07, 2.36623819205e-07],
        "mean": [0.00715756462887, 0.0139743573964, 0.012889623642, 0.00620719278231, 0.000372365233488, 5.47325143998e-05, 3.98773408961e-05, 0.000152195410919, 5.91739226365e-05, 7.40699397284e-05, 7.31965701561e-06, 5.3241101341e-06, 4.23062738264e-06, 3.15969691655e-06, 2.35097581935e-06, 3.45389798895e-06, 3.39208372679e-06, 2.20843412535e-06, 1.01165426258e-06, 9.14450197342e-07, 7.50536457872e-07, 7.63741866194e-07, 3.79432935915e-06, 9.59883550422e-07, 2.34265371546e-06, 2.79361165667e-06, 1.59969306424e-06, 1.52350412463e-06, 2.51505503002e-06, 7.30085560008e-07, 2.11484689316e-07, 1.47595343947e-07, 1.04034121762e-07, 1.25080319435e-07, 7.78822482062e-08, 4.34353211176e-08, 2.96565030311e-08, 3.78166333803e-08, 1.29564142526e-07, 5.18662268689e-08],
        "median": [0.00713944854215, 0.0139569099993, 0.0128939189017, 0.00618477258831, 0.000350235874066, 4.40120966232e-05, 2.07257926377e-05, 0.000122582510812, 5.55279038963e-05, 6.78619908285e-05, 5.30505121787e-06, 2.78005268228e-06, 2.9461602935e-06, 2.5689676022e-06, 1.8120661025e-06, 2.54916267295e-06, 2.44704438046e-06, 1.19757999073e-06, 3.56188138539e-07, 3.04208668922e-07, 2.38841010969e-07, 3.65622668141e-07, 3.28767873725e-06, 3.32801306513e-07, 6.53338418033e-07, 6.95941821505e-07, 4.21592687871e-07, 3.68966084352e-07, 8.04539411092e-07, 2.72463296369e-07, 8.01648667448e-08, 4.72063028667e-08, 3.9624602266e-08, 3.68688333197e-08, 3.15308987808e-08, 2.61509871535e-08, 2.51788190297e-08, 3.00515274887e-08, 1.18990399756e-07, 4.88430380585e-08],
        "min": [0.00292336661369, 0.00541698699817, 0.00891831237823, 0.00287124956958, 9.68896201812e-05, 1.64553694049e-05, 4.31286161984e-06, 3.11489529849e-05, 1.49811412484e-05, 1.25924079839e-05, 1.81148402589e-06, 8.76102831171e-07, 8.25995414289e-07, 5.95739379605e-07, 5.19010825428e-07, 8.77225943441e-07, 4.48972741651e-07, 3.23250617384e-07, 8.60023376958e-08, 7.22225408367e-08, 6.28133918212e-08, 1.40456023701e-07, 9.52709626745e-07, 8.05026800776e-08, 1.05019225316e-07, 1.87728460332e-07, 1.2178071529e-07, 5.02638499711e-08, 1.20999061437e-07, 6.34034549307e-08, 1.78413035457e-08, 1.93691267469e-08, 1.73790688507e-08, 1.45927510076e-08, 1.45802472318e-08, 1.19181935432e-08, 1.18802381266e-08, 1.66551608061e-08, 5.012134352e-08, 2.68452247099e-08],
        "var": [2.51508254223e-06, 5.74249361307e-06, 3.74851856577e-06, 2.98956388178e-06, 3.97353296933e-08, 4.22253787491e-09, 2.90071575648e-08, 8.86298412439e-09, 8.87533602167e-10, 1.78224224268e-09, 8.43951575291e-11, 2.04929850867e-10, 3.69125077726e-11, 1.07633641583e-11, 1.02027683177e-11, 3.49331050198e-11, 1.3315615971e-11, 3.60636381869e-11, 1.48600420163e-11, 3.12103676237e-11, 2.27646287237e-11, 6.09712801081e-12, 4.8621389033e-12, 1.39897329832e-11, 1.77434261728e-10, 3.50926038228e-10, 5.34296877575e-11, 5.02530517199e-11, 2.64651928844e-11, 3.84680612017e-12, 5.56908197943e-13, 4.44465699054e-13, 1.97593745294e-13, 5.74695564574e-13, 1.52673460354e-13, 1.15874886455e-14, 9.17419585226e-16, 2.62570642177e-15, 3.66573286144e-15, 4.4168961845e-16]
    },
    "mfcc": {
        "mean": [-714.083984375, 176.126556396, 52.7467346191, 60.2662315369, 19.6178798676, 4.81236028671, 27.9920959473, 0.172607943416, 7.04785442352, 6.67428350449, 9.33190727234, 2.06672525406, -16.037279129],
        "cov": [[608.926086426, -217.531661987, -226.663482666, 99.5264282227, -92.835647583, 49.9423484802, -50.9446983337, -9.27060222626, -32.5363273621, 40.5807342529, -27.031375885, -48.7472953796, 63.3830299377], [-217.531661987, 112.643188477, 90.0912475586, -59.077671051, 31.9751091003, -24.6379947662, 7.0176024437, 9.42039680481, 5.49239110947, -17.5204944611, 10.4602069855, 7.63636779785, -23.7839603424], [-226.663482666, 90.0912475586, 110.230895996, -51.720375061, 23.9585552216, -23.0540008545, 16.9163837433, 3.02855467796, 9.45376014709, -24.5238990784, -0.13876144588, 23.9354381561, -15.3980712891], [99.5264282227, -59.077671051, -51.720375061, 60.8918266296, -18.6699447632, 7.74026823044, -2.26859068871, -12.622508049, -0.245238229632, 16.0977897644, 4.91420459747, 3.46821904182, 6.47570371628], [-92.835647583, 31.9751091003, 23.9585552216, -18.6699447632, 42.7862358093, -6.73829555511, 4.18765640259, -4.60918807983, 0.99342918396, -9.05100727081, 7.95719194412, -0.699239909649, -17.9453582764], [49.9423484802, -24.6379947662, -23.0540008545, 7.74026823044, -6.73829555511, 25.4267539978, 0.546136021614, -12.1130208969, -4.9001531601, -0.534560024738, -12.3446760178, -3.15173840523, 3.53216052055], [-50.9446983337, 7.0176024437, 16.9163837433, -2.26859068871, 4.18765640259, 0.546136021614, 28.0107192993, -3.35753536224, 3.98694682121, -7.14520788193, 1.70284712315, 10.8515577316, -5.10219955444], [-9.27060222626, 9.42039680481, 3.02855467796, -12.622508049, -4.60918807983, -12.1130208969, -3.35753536224, 36.4028816223, 2.16346979141, 6.32706308365, 8.17473316193, -15.3050394058, 3.95359182358], [-32.5363273621, 5.49239110947, 9.45376014709, -0.245238229632, 0.99342918396, -4.9001531601, 3.98694682121, 2.16346979141, 18.6073474884, 0.575873970985, 0.566939771175, 6.02767133713, 0.579092741013], [40.5807342529, -17.5204944611, -24.5238990784, 16.0977897644, -9.05100727081, -0.534560024738, -7.14520788193, 6.32706308365, 0.575873970985, 25.0990123749, 7.72165155411, -11.6258678436, 2.00646591187], [-27.031375885, 10.4602069855, -0.13876144588, 4.91420459747, 7.95719194412, -12.3446760178, 1.70284712315, 8.17473316193, 0.566939771175, 7.72165155411, 28.9293689728, -1.62679231167, -11.758231163], [-48.7472953796, 7.63636779785, 23.9354381561, 3.46821904182, -0.699239909649, -3.15173840523, 10.8515577316, -15.3050394058, 6.02767133713, -11.6258678436, -1.62679231167, 43.0770263672, 4.08492851257], [63.3830299377, -23.7839603424, -15.3980712891, 6.47570371628, -17.9453582764, 3.53216052055, -5.10219955444, 3.95359182358, 0.579092741013, 2.00646591187, -11.758231163, 4.08492851257, 27.9169063568]],
