{
"lowlevel": {
    "average_loudness": 0.987962543964,
    "barkbands_crest": {
        "dmean": 2.02457857132,
        "dmean2": 3.50619626045,
        "dvar": 2.63267230988,
        "dvar2": 7.32774734497,
        "max": 16.6944179535,
        "mean": 8.82594490051,
        "median": 8.54180240631,
        "min": 3.54255890846,
        "var": 4.98186922073
    },
    "barkbands_flatness_db": {
        "dmean": 0.0111569026485,
        "dmean2": 0.0191764514893,
        "dvar": 8.48189883982e-05,
        "dvar2": 0.000220243309741,
        "max": 0.148911073804,
        "mean": 0.0894350707531,
        "median": 0.0893225595355,
        "min": 0.0308507848531,
        "var": 0.00032169703627
    },
    "barkbands_kurtosis": {
        "dmean": 1.38953280449,
        "dmean2": 2.35611629486,
        "dvar": 1.34180891514,
        "dvar2": 3.67711830139,
        "max": 10.8584442139,
        "mean": 2.24939203262,
        "median": 1.97403240204,
        "min": -1.5861479044,
        "var": 3.83989024162
    },
    "barkbands_skewness": {
        "dmean": 0.334265381098,
        "dmean2": 0.554532706738,
        "dvar": 0.0655575767159,
        "dvar2": 0.168171554804,
        "max": 3.28494215012,
        "mean": 1.75238382816,
        "median": 1.75037813187,
        "min": -0.975138604641,
        "var": 0.248464763165
    },
    "barkbands_spread": {
        "dmean": 5.49542188644,
        "dmean2": 9.04971122742,
        "dvar": 17.1936855316,
        "dvar2": 50.6298027039,
        "max": 68.0433578491,
        "mean": 38.0687065125,
        "median": 38.0834579468,
        "min": 19.8027076721,
        "var": 50.779460907
    },
    "dissonance": {
        "dmean": 0.00680815055966,
        "dmean2": 0.0111956605688,
        "dvar": 2.95237114187e-05,
        "dvar2": 7.82722781878e-05,
        "max": 0.499834686518,
        "mean": 0.486357361078,
        "median": 0.485966324806,
        "min": 0.451624840498,
        "var": 4.49315775768e-05
    },
    "dynamic_complexity": 0.958964765072,
    "erbbands_crest": {
        "dmean": 0.93336057663,
        "dmean2": 1.5773204565,
        "dvar": 0.69121158123,
        "dvar2": 2.03144860268,
        "max": 11.0465679169,
        "mean": 6.04928207397,
        "median": 5.93713760376,
        "min": 4.06214857101,
        "var": 0.894192934036
    },
    "erbbands_flatness_db": {
        "dmean": 0.00598158920184,
        "dmean2": 0.0102302525192,
        "dvar": 2.38695902226e-05,
        "dvar2": 6.39211357338e-05,
        "max": 0.126896858215,
        "mean": 0.0923665761948,
        "median": 0.0914725586772,
        "min": 0.0777554661036,
        "var": 4.89009144076e-05
    },
    "erbbands_kurtosis": {
        "dmean": 0.210828453302,
        "dmean2": 0.332541912794,
        "dvar": 0.0784694179893,
        "dvar2": 0.153795450926,
        "max": 2.94508886337,
        "mean": -1.30557191372,
        "median": -1.40730571747,
        "min": -1.68894660473,
        "var": 0.224912986159
    },
    "erbbands_skewness": {
        "dmean": 0.196089446545,
        "dmean2": 0.322783112526,
        "dvar": 0.0233191512525,
        "dvar2": 0.0652523189783,
        "max": 0.143322840333,
        "mean": -0.407742887735,
        "median": -0.394378781319,
        "min": -1.28052663803,
        "var": 0.0620380416512
    },
    "erbbands_spread": {
        "dmean": 4.491147995,
        "dmean2": 7.36354064941,
        "dvar": 14.1403408051,
        "dvar2": 33.9544181824,
        "max": 82.8469161987,
        "mean": 68.9590606689,
        "median": 69.9215240479,
        "min": 23.7235240936,
        "var": 54.8274993896
    },
    "hfc": {
        "dmean": 10.7355546951,
        "dmean2": 17.6831989288,
        "dvar": 3448.90014648,
        "dvar2": 8837.1015625,
        "max": 881.201660156,
        "mean": 61.3708076477,
        "median": 55.3818206787,
        "min": 28.7402172089,
        "var": 3039.56176758
    },
    "melbands_crest": {
        "dmean": 3.6711192131,
        "dmean2": 6.45732545853,
        "dvar": 8.63066482544,
        "dvar2": 25.3591384888,
        "max": 29.9911441803,
        "mean": 14.1342544556,
        "median": 13.3976383209,
        "min": 5.84470415115,
        "var": 18.1870861053
    },
    "melbands_flatness_db": {
        "dmean": 0.0172612983733,
        "dmean2": 0.0287834405899,
        "dvar": 0.000171140462044,
        "dvar2": 0.000425049714977,
        "max": 0.261576116085,
        "mean": 0.18731431663,
        "median": 0.188139021397,
        "min": 0.0382139123976,
        "var": 0.000792958308011
    },
    "melbands_kurtosis": {
        "dmean": 4.82754898071,
        "dmean2": 8.0762424469,
        "dvar": 16.9841403961,
        "dvar2": 47.9011230469,
        "max": 45.8694953918,
        "mean": 16.7479991913,
        "median": 15.8232564926,
        "min": -1.36180889606,
        "var": 47.5296020508
    },
    "melbands_skewness": {
        "dmean": 0.483470380306,
        "dmean2": 0.792752802372,
        "dvar": 0.145046383142,
        "dvar2": 0.407864630222,
        "max": 6.22989177704,
        "mean": 3.7394156456,
        "median": 3.70133781433,
        "min": 0.40139323473,
        "var": 0.501559138298
    },
    "melbands_spread": {
        "dmean": 5.27821302414,
        "dmean2": 8.38995552063,
        "dvar": 34.8290977478,
        "dvar2": 67.1965866089,
        "max": 124.795631409,
        "mean": 23.1217899323,
        "median": 21.2161521912,
        "min": 9.09876537323,
        "var": 119.120780945
    },
    "pitch_salience": {
        "dmean": 0.0630853250623,
        "dmean2": 0.108013018966,
        "dvar": 0.00270277587697,
        "dvar2": 0.00828623026609,
        "max": 0.808668255806,
        "mean": 0.657435059547,
        "median": 0.6708304286,
        "min": 0.34041672945,
        "var": 0.00491397129372
    },
    "silence_rate_20dB": {
        "dmean": 0,
        "dmean2": 0,
        "dvar": 0,
        "dvar2": 0,
        "max": 1,
        "mean": 1,
        "median": 1,
        "min": 1,
        "var": 0
    },
    "silence_rate_30dB": {
        "dmean": 0.00803212821484,
        "dmean2": 0.0161290317774,
        "dvar": 0.00796759128571,
        "dvar2": 0.0158688575029,
        "max": 1,
        "mean": 0.991999983788,
        "median": 1,
        "min": 0,
        "var": 0.00793601479381
    },
    "silence_rate_60dB": {
        "dmean": 0,
        "dmean2": 0,
        "dvar": 0,
        "dvar2": 0,
        "max": 0,
        "mean": 0,
        "median": 0,
        "min": 0,
        "var": 0
    },
    "spectral_centroid": {
        "dmean": 224.24130249,
        "dmean2": 362.442047119,
        "dvar": 27115.5898438,
        "dvar2": 76687.6796875,
        "max": 3472.47680664,
        "mean": 2188.49169922,
        "median": 2184.80957031,
        "min": 1539.72277832,
        "var": 73076.1015625
    },
    "spectral_complexity": {
        "dmean": 3.84337353706,
        "dmean2": 6.3104839325,
        "dvar": 10.5497579575,
        "dvar2": 26.2866535187,
        "max": 69,
        "mean": 38.4640007019,
        "median": 38,
        "min": 23,
        "var": 27.9366893768
    },
    "spectral_decrease": {
        "dmean": 2.97849300779e-09,
        "dmean2": 4.77590367254e-09,
        "dvar": 9.05215756206e-18,
        "dvar2": 2.45793757714e-17,
        "max": -3.81436304764e-09,
        "mean": -1.25729648914e-08,
        "median": -1.15935918643e-08,
        "min": -4.2611613793e-08,
        "var": 1.97842461563e-17
    },
    "spectral_energy": {
        "dmean": 0.0119162108749,
        "dmean2": 0.0190963875502,
        "dvar": 0.000235092375078,
        "dvar2": 0.000611313444097,
        "max": 0.240753635764,
        "mean": 0.0530198477209,
        "median": 0.0488335713744,
        "min": 0.0170031208545,
        "var": 0.000385456136428
    },
    "spectral_energyband_high": {
        "dmean": 0.00120477750897,
        "dmean2": 0.00202145380899,
        "dvar": 4.54055443697e-05,
        "dvar2": 0.000119633514259,
        "max": 0.0946759805083,
        "mean": 0.00389343150891,
        "median": 0.00327436043881,
        "min": 0.00189602118917,
        "var": 3.58969809895e-05
    },
    "spectral_energyband_low": {
        "dmean": 0.0103150969371,
        "dmean2": 0.0176125150174,
        "dvar": 9.03453983483e-05,
        "dvar2": 0.000250396871706,
        "max": 0.08794914186,
        "mean": 0.023821959272,
        "median": 0.0211901813745,
        "min": 0.000750548264477,
        "var": 0.00022025758517
    },
    "spectral_energyband_middle_high": {
        "dmean": 0.00159553647973,
        "dmean2": 0.00261882995255,
        "dvar": 3.81278041459e-05,
        "dvar2": 9.24577834667e-05,
        "max": 0.098175086081,
        "mean": 0.00538249220699,
        "median": 0.00454440247267,
        "min": 0.00239343591966,
        "var": 4.41428855993e-05
    },
    "spectral_energyband_middle_low": {
        "dmean": 0.00351518252864,
        "dmean2": 0.00556036550552,
        "dvar": 7.93633898866e-06,
        "dvar2": 1.89384536498e-05,
        "max": 0.0371301881969,
        "mean": 0.0214247573167,
        "median": 0.0212683603168,
        "min": 0.0082046194002,
        "var": 2.02854189411e-05
    },
    "spectral_entropy": {
        "dmean": 0.0505441091955,
        "dmean2": 0.0827914699912,
        "dvar": 0.00181521230843,
        "dvar2": 0.00473626283929,
        "max": 8.29287624359,
        "mean": 7.81728363037,
        "median": 7.80594921112,
        "min": 7.6732711792,
        "var": 0.00679743057117
    },
    "spectral_flux": {
        "dmean": 0.0196577291936,
        "dmean2": 0.0339943282306,
        "dvar": 0.000420331576606,
        "dvar2": 0.000845836300869,
        "max": 0.302721947432,
        "mean": 0.102214619517,
        "median": 0.0965480804443,
        "min": 0.0691216662526,
        "var": 0.000785582116805
    },
    "spectral_kurtosis": {
        "dmean": 0.411566138268,
        "dmean2": 0.686612665653,
        "dvar": 0.163082748652,
        "dvar2": 0.35739415884,
        "max": 9.56127643585,
        "mean": 5.76686191559,
        "median": 5.75921058655,
        "min": 3.58416891098,
        "var": 0.251151561737
    },
    "spectral_rms": {
        "dmean": 0.000764736905694,
        "dmean2": 0.00121260806918,
        "dvar": 5.13617465003e-07,
        "dvar2": 1.35264861001e-06,
        "max": 0.0153258470818,
        "mean": 0.00710065849125,
        "median": 0.00690235383809,
        "min": 0.00407288735732,
        "var": 1.30727653413e-06
    },
    "spectral_rolloff": {
        "dmean": 1014.91387939,
        "dmean2": 1803.40539551,
        "dvar": 931731.375,
        "dvar2": 2309346,
        "max": 6459.9609375,
        "mean": 1997.67773438,
        "median": 1722.65625,
        "min": 215.33203125,
        "var": 1758552.75
    },
    "spectral_skewness": {
        "dmean": 0.0738747045398,
        "dmean2": 0.12498703599,
        "dvar": 0.00425008032471,
        "dvar2": 0.0101887406781,
        "max": 1.96241390705,
        "mean": 1.29936611652,
        "median": 1.29438555241,
        "min": 1.11918902397,
        "var": 0.00651215715334
    },
    "spectral_spread": {
        "dmean": 210522.265625,
        "dmean2": 361502.125,
        "dvar": 25154099200,
        "dvar2": 69507817472,
        "max": 6017237.5,
        "mean": 4830963,
        "median": 4827327,
        "min": 3998578.75,
        "var": 50115665920
    },
    "spectral_strongpeak": {
        "dmean": 0.135824605823,
        "dmean2": 0.225358083844,
        "dvar": 0.0221535377204,
        "dvar2": 0.0599509067833,
        "max": 1.31597304344,
        "mean": 0.288399487734,
        "median": 0.271147608757,
        "min": 0,
        "var": 0.0259909331799
    },
    "zerocrossingrate": {
        "dmean": 0.0140542639419,
        "dmean2": 0.0197557024658,
        "dvar": 0.000124707599753,
        "dvar2": 0.00023413047893,
        "max": 0.18115234375,
        "mean": 0.111923828721,
        "median": 0.112060546875,
        "min": 0.06201171875,
        "var": 0.00049072917318
    },
    "barkbands": {
        "dmean": [0.00205234787427, 0.00710397632793, 0.00365519849584, 0.00160458520986, 0.00258068810217, 0.000795111001935, 0.000674220791552, 0.000419783842517, 0.000229581215535, 0.000138531875564, 0.000143448065501, 0.000126734128571, 0.00011739769252, 0.000127193110529, 0.000186073652003, 0.000159837887622, 0.00019653927302, 0.000175036853761, 0.000903026841115, 0.000741195923183, 0.000542395515367, 0.000160315728863, 0.000194764317712, 8.08192053228e-05, 3.76288553525e-05, 3.0669150874e-05, 8.97076752153e-05],
        "dmean2": [0.00363704143092, 0.0121712153777, 0.00599996838719, 0.00255559850484, 0.00405594939366, 0.0012905249605, 0.00108828372322, 0.000687135092448, 0.000398749427404, 0.000236126346863, 0.00025423389161, 0.0002162787423, 0.000200696274987, 0.00021216753521, 0.000326065754052, 0.00027665644302, 0.000323089538142, 0.000275834609056, 0.00152966077439, 0.00127240386792, 0.000945560459513, 0.000276106031379, 0.000342254614225, 0.000120740725833, 5.84240078751e-05, 5.37792657269e-05, 0.000148419319885],
        "dvar": [4.59211241832e-06, 5.48549505766e-05, 1.64027514984e-05, 2.05351284421e-06, 4.27958457294e-06, 4.56149791717e-07, 4.04869751947e-07, 1.19041672519e-07, 2.96427558055e-08, 1.53661030566e-08, 1.48940548783e-08, 8.52594084222e-08, 3.05408924817e-08, 5.17839957581e-08, 2.89178530011e-07, 7.14787915967e-07, 1.23705149235e-06, 3.85778804457e-07, 4.34710818809e-06, 2.99372800328e-06, 4.14488431488e-06, 9.78606408353e-07, 2.41287284553e-06, 3.72344061361e-07, 6.717888823e-08, 1.8433620852e-08, 6.30225960307e-09],
        "dvar2": [1.27807788886e-05, 0.000151791260578, 4.63576216134e-05, 5.14925568496e-06, 1.10584041977e-05, 1.17931938348e-06, 1.06788093035e-06, 3.0492191172e-07, 8.11679825574e-08, 4.31951932001e-08, 4.45628529633e-08, 2.17136474134e-07, 5.81157983959e-08, 1.23595029322e-07, 7.91438935721e-07, 2.0247066459e-06, 3.12948327519e-06, 6.01326917149e-07, 1.07716605271e-05, 7.33429942557e-06, 1.13963287731e-05, 2.63915285359e-06, 6.6745683398e-06, 8.60424904658e-07, 1.60003764904e-07, 5.01769754635e-08, 1.53953578774e-08],
        "max": [0.0269578583539, 0.0684294849634, 0.0417663194239, 0.0101726390421, 0.0242823772132, 0.00589529331774, 0.00659796688706, 0.00319779268466, 0.00160814845003, 0.00106341310311, 0.000812816200778, 0.00421671383083, 0.00254023098387, 0.00351734017022, 0.00779964728281, 0.0117763290182, 0.0156896226108, 0.0103057650849, 0.0314835943282, 0.0263876058161, 0.0279943607748, 0.0137757239863, 0.0199628472328, 0.00894754938781, 0.00375289539807, 0.00184949464165, 0.00134780700319],
        "mean": [0.00264230184257, 0.0144785614684, 0.0048172455281, 0.00329817412421, 0.0107751972973, 0.00214721518569, 0.00314602535218, 0.00136594311334, 0.00061834329972, 0.000260211585555, 0.000241269008256, 0.000199134810828, 0.000223807874136, 0.000243330796366, 0.000331649469445, 0.000258654152276, 0.000293122167932, 0.000344733300153, 0.00211265985854, 0.00196574046277, 0.00130179792177, 0.000316402147291, 0.000251916353591, 0.000111154491606, 7.6241667557e-05, 0.000111354209366, 0.000704382779077],
        "median": [0.00134724192321, 0.0123397577554, 0.0032527493313, 0.00298579130322, 0.0103586521, 0.00201349845156, 0.00301471771672, 0.0013009083923, 0.000577157945372, 0.000231619254919, 0.000216848857235, 0.000152536347741, 0.000179398382897, 0.000180067145266, 0.000238783453824, 0.000155024434207, 0.000177357796929, 0.000218866262003, 0.00180083303712, 0.0017662991304, 0.00111915613525, 0.000219122477574, 0.000139383788337, 4.88518999191e-05, 4.9519672757e-05, 0.000101370394987, 0.000698695541359],
        "min": [1.97430490516e-05, 0.000206202559639, 9.63889033301e-05, 0.000249633187195, 0.00218349485658, 0.000646094733384, 0.00109695305582, 0.000272738077911, 0.000103214973933, 4.15752874687e-05, 3.02692806144e-05, 2.74707126664e-05, 2.68122039415e-05, 3.38677564287e-05, 5.91443094891e-05, 3.91998546547e-05, 5.3083167586e-05, 6.51599402772e-05, 0.000489867175929, 0.000815819308627, 0.000563938054256, 8.12886864878e-05, 4.03612430091e-05, 2.60385313595e-05, 2.3973210773e-05, 6.88965956215e-05, 0.000319330341881],
        "var": [1.31892747959e-05, 0.000113933085231, 2.42831174546e-05, 4.34250614489e-06, 1.21471666716e-05, 7.353772844e-07, 8.29437965422e-07, 2.0689370217e-07, 6.44092352786e-08, 2.20489457803e-08, 1.94781080154e-08, 8.54631068137e-08, 5.84272896731e-08, 1.04090396746e-07, 3.03932239376e-07, 6.50954348203e-07, 1.0880236232e-06, 7.64337585224e-07, 4.5125852921e-06, 2.970708465e-06, 3.15347301694e-06, 8.20929642487e-07, 1.62016669947e-06, 3.69239273823e-07, 6.2980532789e-08, 1.29133468363e-08, 8.56705195673e-09]
    },
    "erbbands": {
        "dmean": [0.431087940931, 0.886703670025, 3.52284860611, 5.05736732483, 7.65275764465, 10.2965745926, 4.53431797028, 8.36201477051, 8.01617145538, 18.2551689148, 5.1528506279, 5.74926280975, 3.4885892868, 5.36556005478, 5.54858446121, 3.85536885262, 5.53198814392, 5.64754629135, 10.341085434, 7.2911400795, 9.78216838837, 10.7636375427, 9.14801979065, 29.1589851379, 42.9032783508, 33.7625007629, 34.2594337463, 10.2724094391, 6.03852748871, 7.80343198776, 4.45373535156, 2.26666307449, 0.916947066784, 0.376928776503, 0.307938545942, 0.129207596183, 0.0664299726486, 0.0294359773397, 0.0119495475665, 0.00196667457931],
        "dmean2": [0.741409361362, 1.53261590004, 5.80191326141, 8.34289741516, 12.6955728531, 15.7023715973, 7.55914878845, 13.8268213272, 13.5163640976, 28.7075634003, 8.68680763245, 10.0021715164, 6.03270339966, 9.12187480927, 9.87080860138, 6.36261844635, 9.24234676361, 9.56270885468, 17.6853618622, 12.5213861465, 16.6452407837, 17.6939468384, 13.8217535019, 47.549369812, 72.939201355, 58.1199760437, 59.3662948608, 18.0716495514, 10.4897098541, 13.6158399582, 7.72213411331, 3.30606985092, 1.43527686596, 0.555473804474, 0.50085157156, 0.224123865366, 0.115850821137, 0.0495081841946, 0.0202333591878, 0.00321359746158],
        "dvar": [0.257487863302, 0.699053883553, 13.7443056107, 19.2295532227, 38.1431121826, 67.0733795166, 16.2341804504, 55.9387054443, 62.4932479858, 220.593887329, 16.9077339172, 22.0702266693, 7.99843645096, 24.853723526, 46.8778572083, 115.144271851, 66.3795166016, 82.9724731445, 747.957336426, 535.664428711, 3371.83129883, 3907.02612305, 2120.50708008, 3331.73095703, 11410.1044922, 7551.32470703, 13155.8320312, 1936.31298828, 1093.53649902, 3361.80297852, 1288.53588867, 301.139434814, 41.5261535645, 4.94924974442, 4.74078607559, 0.579667806625, 0.080310896039, 0.00225554034114, 0.000154017703608, 2.4778767056e-06],
        "dvar2": [0.724835574627, 1.8783415556, 37.6610679626, 48.9549484253, 103.592567444, 158.174407959, 43.60496521, 138.573165894, 176.437240601, 480.977172852, 50.3438606262, 58.1988258362, 23.9207763672, 69.8350524902, 134.817367554, 279.472259521, 163.359771729, 182.071884155, 1985.9564209, 1528.26538086, 9183.11328125, 9888.02050781, 3894.21777344, 7303.46386719, 29091.7421875, 18733.9257812, 34847.6953125, 5352.13427734, 2986.12792969, 9203.99804688, 3526.37133789, 674.889587402, 103.797317505, 10.8145780563, 12.0509738922, 1.59768092632, 0.216172620654, 0.00567443110049, 0.000380707235308, 6.61236572341e-06],
        "max": [4.2823176384, 7.04939365387, 33.3000335693, 41.3751106262, 58.0821495056, 97.3664703369, 39.1660003662, 63.9351882935, 86.9900512695, 146.7318573, 38.7142868042, 42.8446121216, 21.0558357239, 37.8493423462, 81.0220870972, 159.55430603, 120.322547913, 142.362319946, 390.264373779, 338.053649902, 809.135192871, 882.771057129, 724.831420898, 967.285766602, 1576.93688965, 1291.68383789, 1601.57226562, 621.017883301, 460.995697021, 757.959350586, 466.594604492, 251.187057495, 93.6188049316, 34.0588722229, 30.3712978363, 10.2462558746, 3.80357408524, 0.714524924755, 0.18889324367, 0.0232653524727],
        "mean": [0.73900693655, 2.00622391701, 5.16730690002, 9.94471073151, 27.0165634155, 36.4048233032, 15.4578056335, 22.8186569214, 23.6764278412, 77.8423690796, 16.3072376251, 16.1571216583, 7.92912054062, 9.71077919006, 11.17390728, 7.06449747086, 10.266667366, 11.9533948898, 17.4753570557, 14.7064771652, 15.2656679153, 16.3327903748, 17.2998981476, 70.8691329956, 102.343772888, 92.6405029297, 85.7927703857, 26.0351696014, 12.1852807999, 10.9535961151, 5.97174358368, 2.98179769516, 1.45591330528, 0.786531686783, 0.580161333084, 0.326964318752, 0.219528153539, 0.159097507596, 0.0798931270838, 0.0135905491188],
        "median": [0.604357123375, 1.74305772781, 4.06481647491, 8.71482563019, 26.198841095, 34.3508300781, 14.1519565582, 21.3059463501, 22.1218795776, 76.2240600586, 15.900841713, 14.6268501282, 7.09541988373, 8.22637081146, 9.96288108826, 5.63050937653, 8.15548324585, 8.83621788025, 12.5119819641, 10.3556480408, 9.0207233429, 9.80575942993, 10.0946836472, 59.3656463623, 85.8174743652, 82.690826416, 74.6420135498, 21.1018886566, 8.7469291687, 6.68004989624, 3.20844745636, 1.21609759331, 0.793494343758, 0.525735378265, 0.370635777712, 0.261706978083, 0.197817057371, 0.152546435595, 0.0791048556566, 0.0134494965896],
        "min": [0.0103141916916, 0.0766570419073, 0.182600662112, 0.813972353935, 4.78851890564, 9.57769107819, 4.73814916611, 6.32641553879, 8.49167823792, 22.9687175751, 4.82515954971, 2.35363769531, 2.0108859539, 2.0604698658, 2.45323801041, 1.2972214222, 1.50893568993, 2.64482569695, 3.28171896935, 2.52747797966, 2.29449415207, 3.66816926003, 3.60124802589, 17.2135906219, 33.9868507385, 43.5451393127, 36.4974594116, 10.3002939224, 3.12907195091, 2.10347771645, 1.11261725426, 0.616536140442, 0.450172871351, 0.266871273518, 0.168616652489, 0.112176097929, 0.114264167845, 0.0733017995954, 0.0341510251164, 0.00607528118417],
        "var": [0.426165282726, 1.49588274956, 20.509223938, 40.5360374451, 89.7244033813, 158.911270142, 32.1974029541, 84.5963897705, 88.9171905518, 536.463439941, 27.2207374573, 43.7494239807, 14.1719408035, 32.5748023987, 52.717086792, 117.491317749, 109.691581726, 197.815353394, 793.135070801, 734.578796387, 2916.59106445, 3445.65942383, 3107.68359375, 4971.98535156, 11174.7890625, 6941.06738281, 10198.2197266, 1692.98486328, 923.6015625, 2346.77441406, 898.897399902, 301.709686279, 38.9480514526, 5.46324157715, 3.95775198936, 0.420611083508, 0.0549038201571, 0.00199896609411, 0.00017603309243, 3.71753912987e-06]
    },
    "gfcc": {
        "mean": [90.3759384155, 54.6904220581, -68.9326858521, 37.9777641296, -37.0602149963, -28.0372905731, -6.6359910965, -6.60842704773, -18.9111976624, 8.19032478333, -6.82491540909, -9.32597160339, -10.2487192154],
        "cov": [[183.580307007, -57.607673645, -63.7923736572, 26.8007736206, -1.78272557259, 49.3870124817, -41.5905456543, 13.5651874542, 17.0567340851, -2.60137033463, 4.21922492981, 8.71196937561, -1.51000714302], [-57.607673645, 66.4196395874, 50.8394165039, 2.79949975014, 20.8263072968, -9.02588367462, 32.7071380615, 1.76488792896, 0.593327641487, 5.95762825012, 0.538409948349, -4.70557165146, 2.26997351646], [-63.7923736572, 50.8394165039, 62.5351829529, 14.6882648468, 18.1345462799, -13.4542827606, 29.2314357758, 2.18418431282, -0.646040081978, 6.50813579559, 2.56972265244, -1.19383776188, 3.08279252052], [26.8007736206, 2.79949975014, 14.6882648468, 45.3514289856, 23.8508071899, 9.16983604431, 3.83663320541, 7.98017454147, 10.7336015701, 4.86275291443, 5.82601594925, 5.39182519913, 2.52506780624], [-1.78272557259, 20.8263072968, 18.1345462799, 23.8508071899, 34.482334137, 13.4109096527, 14.702372551, 5.98372936249, 9.19325637817, 8.60027217865, 5.87972736359, 2.57043766975, 1.71240222454], [49.3870124817, -9.02588367462, -13.4542827606, 9.16983604431, 13.4109096527, 36.9557571411, 2.20002484322, 9.38718032837, 10.1404457092, 5.4407491684, 6.74056577682, 5.78291368484, 2.59141302109], [-41.5905456543, 32.7071380615, 29.2314357758, 3.83663320541, 14.702372551, 2.20002484322, 37.949420929, 8.36202049255, 0.317656695843, 2.94033622742, 3.68666124344, 2.49330854416, 3.66582751274], [13.5651874542, 1.76488792896, 2.18418431282, 7.98017454147, 5.98372936249, 9.38718032837, 8.36202049255, 20.2094459534, 10.4015007019, 1.26479279995, 3.27830243111, 6.08303833008, 7.03786468506], [17.0567340851, 0.593327641487, -0.646040081978, 10.7336015701, 9.19325637817, 10.1404457092, 0.317656695843, 10.4015007019, 21.2691040039, 9.25894927979, 2.12719964981, 5.38370323181, 7.94379329681], [-2.60137033463, 5.95762825012, 6.50813579559, 4.86275291443, 8.60027217865, 5.4407491684, 2.94033622742, 1.26479279995, 9.25894927979, 17.1506919861, 8.42321968079, 3.53395843506, 5.28550291061], [4.21922492981, 0.538409948349, 2.56972265244, 5.82601594925, 5.87972736359, 6.74056577682, 3.68666124344, 3.27830243111, 2.12719964981, 8.42321968079, 16.7857685089, 9.78473091125, 4.26735496521], [8.71196937561, -4.70557165146, -1.19383776188, 5.39182519913, 2.57043766975, 5.78291368484, 2.49330854416, 6.08303833008, 5.38370323181, 3.53395843506, 9.78473091125, 17.2864379883, 9.95056724548], [-1.51000714302, 2.26997351646, 3.08279252052, 2.52506780624, 1.71240222454, 2.59141302109, 3.66582751274, 7.03786468506, 7.94379329681, 5.28550291061, 4.26735496521, 9.95056724548, 18.3066825867]],
        "icov": [[0.0303939376026, -0.0186976902187, 0.0252432525158, -0.0311517044902, 0.023752046749, -0.0362551473081, 0.0284934211522, -0.0150696057826, 0.00480517465621, 4.84102893097e-05, 0.00500775920227, -0.00894805602729, 0.00946675147861], [-0.0186976902187, 0.0769839137793, -0.0568265132606, 0.0447338968515, -0.0444619208574, 0.0283459480852, -0.0358364731073, 0.0170279722661, -0.0194609165192, 0.0126366270706, -0.0120022976771, 0.0271948352456, -0.01410030853], [0.0252432525158, -0.0568265132606, 0.0872804746032, -0.0531821735203, 0.0291655045003, -0.0125445080921, 0.00847096741199, -0.0165388323367, 0.0212540943176, -0.0217797961086, 0.0112328762189, -0.0139680774882, 0.00751516362652], [-0.0311517044902, 0.0447338968515, -0.0531821735203, 0.0856318175793, -0.0649198144674, 0.0394221097231, -0.019573546946, 0.0112476171926, -0.0235079694539, 0.0196138508618, -0.017068490386, 0.0104216113687, -0.0080324197188], [0.023752046749, -0.0444619208574, 0.0291655045003, -0.0649198144674, 0.106387920678, -0.0520966239274, 0.0110055953264, -0.00449163047597, 0.000127121864352, -0.0186296850443, 0.00649887043983, -0.0104508781806, 0.0179506745189], [-0.0362551473081, 0.0283459480852, -0.0125445080921, 0.0394221097231, -0.0520966239274, 0.0938503071666, -0.0432797521353, 0.00659530377015, -0.0139916082844, -0.00284705683589, -0.0165218710899, 0.0118982968852, -0.00783387664706], [0.0284934211522, -0.0358364731073, 0.00847096741199, -0.019573546946, 0.0110055953264, -0.0432797521353, 0.0905530899763, -0.0404194071889, 0.0236427318305, -0.000719216070138, 0.0080536166206, -0.0209762454033, 0.0100429877639], [-0.0150696057826, 0.0170279722661, -0.0165388323367, 0.0112476171926, -0.00449163047597, 0.00659530377015, -0.0404194071889, 0.106004700065, -0.0573302134871, 0.0426294729114, -0.0261667743325, 0.011772277765, -0.0230230707675], [0.00480517465621, -0.0194609165192, 0.0212540943176, -0.0235079694539, 0.000127121864352, -0.0139916082844, 0.0236427318305, -0.0573302134871, 0.130401775241, -0.079822845757, 0.0592707805336, -0.0299740694463, -0.00931517966092], [4.84102893097e-05, 0.0126366270706, -0.0217797961086, 0.0196138508618, -0.0186296850443, -0.00284705683589, -0.000719216070138, 0.0426294729114, -0.079822845757, 0.149390339851, -0.0882483795285, 0.0442423634231, -0.0266709309071], [0.00500775920227, -0.0120022976771, 0.0112328762189, -0.017068490386, 0.00649887043983, -0.0165218710899, 0.0080536166206, -0.0261667743325, 0.0592707805336, -0.0882483795285, 0.152360334992, -0.0878757163882, 0.0245505068451], [-0.00894805602729, 0.0271948352456, -0.0139680774882, 0.0104216113687, -0.0104508781806, 0.0118982968852, -0.0209762454033, 0.011772277765, -0.0299740694463, 0.0442423634231, -0.0878757163882, 0.149234488606, -0.0646265521646], [0.00946675147861, -0.01410030853, 0.00751516362652, -0.0080324197188, 0.0179506745189, -0.00783387664706, 0.0100429877639, -0.0230230707675, -0.00931517966092, -0.0266709309071, 0.0245505068451, -0.0646265521646, 0.104413710535]]
    },
    "melbands": {
        "dmean": [0.0027122925967, 0.00142266927287, 0.000811993784737, 0.000662850681692, 0.000208880665014, 0.000176407236722, 0.000112552188511, 0.000179044014658, 3.82868674933e-05, 3.68331384379e-05, 1.72252530319e-05, 2.21229729505e-05, 2.0932766347e-05, 1.54740228027e-05, 8.44615260576e-06, 1.29357849801e-05, 1.11557355922e-05, 1.7138039766e-05, 1.2605178199e-05, 9.47995704337e-06, 1.30155995066e-05, 1.28038072944e-05, 8.43208817969e-06, 9.10774542717e-06, 2.63482452283e-05, 4.42664750153e-05, 2.62747344095e-05, 2.35754268942e-05, 2.93021894322e-05, 1.10383634819e-05, 5.081614745e-06, 3.70258067051e-06, 3.18904085361e-06, 5.17375337949e-06, 3.00262377095e-06, 1.61734624271e-06, 1.25355290947e-06, 7.00587349911e-07, 3.97104344074e-07, 3.35089765713e-07],
        "dmean2": [0.00467986660078, 0.00236437888816, 0.00131643121131, 0.00101956713479, 0.000354431016603, 0.000291380420094, 0.000186528501217, 0.000282709486783, 6.72543683322e-05, 6.41679362161e-05, 2.99511757476e-05, 3.75189811166e-05, 3.66120548279e-05, 2.7050213248e-05, 1.35893324114e-05, 2.17169672396e-05, 1.91578074009e-05, 2.89507388516e-05, 2.18746154133e-05, 1.6213125491e-05, 2.20055953832e-05, 2.13140865526e-05, 1.31676906676e-05, 1.45828071254e-05, 4.32646338595e-05, 7.42386109778e-05, 4.56018060504e-05, 3.97621115553e-05, 5.04409035784e-05, 1.92987718037e-05, 8.54825884744e-06, 6.58795715935e-06, 5.33454885954e-06, 9.24378764466e-06, 5.37596633876e-06, 2.40512940763e-06, 1.84934117442e-06, 1.12274108233e-06, 5.91759601321e-07, 5.05920752403e-07],
        "dvar": [9.44414205151e-06, 2.08613823816e-06, 4.39960729182e-07, 2.96070908234e-07, 2.90714563533e-08, 2.47513991525e-08, 1.26126211697e-08, 2.14814956934e-08, 1.00834818273e-09, 9.13840503269e-10, 1.95154059579e-10, 4.32376717763e-10, 4.4702549995e-10, 1.26385413246e-09, 2.45563347434e-10, 3.79495490588e-10, 2.94905794229e-10, 1.87328286216e-09, 1.52337253922e-09, 1.2999111787e-09, 5.66437252658e-09, 5.32507105078e-09, 2.33375585523e-09, 9.22721787866e-10, 2.3154340667e-09, 7.50701012464e-09, 3.44062156543e-09, 3.31412230992e-09, 8.78094841283e-09, 1.03243880112e-09, 4.88746265681e-10, 3.29627658502e-10, 3.88613335955e-10, 1.55426227444e-09, 5.71147962258e-10, 1.38346903378e-10, 8.88494278151e-11, 2.37864988123e-11, 5.33340299008e-12, 3.67638601853e-12],
        "dvar2": [2.64674381469e-05, 5.5407022046e-06, 1.10664416297e-06, 7.03962143689e-07, 8.2554286962e-08, 6.11744894741e-08, 3.45585675632e-08, 4.69347369858e-08, 2.93510393767e-09, 2.42027509145e-09, 5.75004210912e-10, 1.22245569223e-09, 1.36087197067e-09, 3.40901107343e-09, 4.97626551077e-10, 8.5665674554e-10, 6.7131178394e-10, 4.93337859453e-09, 4.34863034471e-09, 3.59252871895e-09, 1.54512722617e-08, 1.36391111738e-08, 5.30877075633e-09, 1.40856259989e-09, 5.24588683604e-09, 1.88844140325e-08, 9.07232688974e-09, 8.01160826569e-09, 2.31027517117e-08, 2.92277402281e-09, 1.32063859848e-09, 9.11589803643e-10, 1.02281771941e-09, 4.32304236853e-09, 1.59474611294e-09, 3.17742249178e-10, 1.99511698828e-10, 6.13005826655e-11, 1.19843683588e-11, 8.1017302242e-12],
        "max": [0.0271428562701, 0.0131407845765, 0.00680109160021, 0.00586560973898, 0.00174621178303, 0.00144613208249, 0.00130765803624, 0.00137828430161, 0.000235115265241, 0.00026641599834, 9.69740503933e-05, 0.000155571455252, 0.000199142989004, 0.000489618862048, 0.000247119722189, 0.000302836793708, 0.000253204168985, 0.000614598277025, 0.000558701285627, 0.000536150764674, 0.00103921908885, 0.00101591262501, 0.000718571187463, 0.000483019219246, 0.000778289278969, 0.00129057234153, 0.00086195935728, 0.000858305196743, 0.00129181076773, 0.000455517147202, 0.000312008050969, 0.000251224555541, 0.000276850099908, 0.000501295260619, 0.000304244109429, 0.000167626858456, 0.000137730807182, 6.96790812071e-05, 3.56345590262e-05, 2.84918387479e-05],
        "mean": [0.00508164288476, 0.00258062058128, 0.00208965479396, 0.00244035758078, 0.000816429266706, 0.000493285711855, 0.000403192243539, 0.000745813944377, 9.07445355551e-05, 9.91065462586e-05, 3.62889331882e-05, 3.77504038624e-05, 3.84386839869e-05, 2.48148899118e-05, 1.47895307236e-05, 2.52165591519e-05, 2.12506256503e-05, 2.78948282357e-05, 2.29374363698e-05, 1.71878309629e-05, 1.83528281923e-05, 1.8272030502e-05, 1.19013811855e-05, 1.80333208846e-05, 5.85467059864e-05, 9.51669935603e-05, 5.70352276554e-05, 6.11780997133e-05, 6.59623037791e-05, 2.59583630395e-05, 1.05360641101e-05, 7.00063537806e-06, 5.42478301213e-06, 6.41709539195e-06, 3.7578397496e-06, 2.23631332119e-06, 1.56359294579e-06, 1.06109644094e-06, 7.40280029277e-07, 6.41227416054e-07],
        "median": [0.00419610086828, 0.00213477900252, 0.00189688440878, 0.00232031056657, 0.000781426846515, 0.000465348770376, 0.000380327284802, 0.000727570150048, 8.50456854096e-05, 8.99957667571e-05, 3.24261272908e-05, 3.11868716381e-05, 3.37690289598e-05, 1.95298762264e-05, 1.18001935334e-05, 2.05724245461e-05, 1.5706744307e-05, 1.98843954422e-05, 1.68668630067e-05, 1.09977790999e-05, 1.03595484688e-05, 1.06575989776e-05, 6.47327851766e-06, 1.14759423013e-05, 4.88332807436e-05, 8.29717755551e-05, 4.85963319079e-05, 5.50524418941e-05, 5.7003373513e-05, 2.26489610213e-05, 7.84683106758e-06, 4.90515776619e-06, 3.42839393852e-06, 3.71241890207e-06, 2.06491176868e-06, 1.06874563244e-06, 5.93091442624e-07, 5.79748757445e-07, 4.59352065718e-07, 4.28556205634e-07],
        "min": [8.61223306856e-05, 0.0001395062136, 0.000294676807243, 0.000456424138974, 0.000250511569902, 0.000143116776599, 0.000139649811899, 0.000214126426727, 2.667548506e-05, 1.46983993545e-05, 8.69023369887e-06, 6.59391844238e-06, 6.24841140962e-06, 3.93417258238e-06, 1.61586854119e-06, 4.02198065785e-06, 3.88634089177e-06, 5.2518062148e-06, 4.03197509513e-06, 2.97183373732e-06, 2.24867426368e-06, 3.80059509553e-06, 1.93120877157e-06, 3.3409585285e-06, 1.29254221974e-05, 2.32406764553e-05, 2.12325430766e-05, 2.61173227045e-05, 2.18269233301e-05, 9.22514664126e-06, 3.35650815941e-06, 1.70067744421e-06, 1.13411613256e-06, 1.07533548999e-06, 8.06271600595e-07, 3.3618474049e-07, 2.93503461535e-07, 2.8576877753e-07, 2.55936356552e-07, 2.19258993184e-07],
        "var": [1.74484830495e-05, 3.25150153913e-06, 9.21600928905e-07, 7.30697479412e-07, 6.70574067385e-08, 3.81755604906e-08, 2.01033270031e-08, 4.99811463328e-08, 1.430053298e-09, 1.77137360335e-09, 3.33311156453e-10, 5.49967904551e-10, 5.46556577774e-10, 1.14892773073e-09, 3.59168528252e-10, 7.01971369921e-10, 6.75717759524e-10, 2.03799155329e-09, 1.63055979829e-09, 1.63655466956e-09, 4.74754191515e-09, 4.5433234952e-09, 2.41911313204e-09, 1.92545557276e-09, 3.30959526451e-09, 7.96061350172e-09, 3.35159167086e-09, 3.10705972062e-09, 6.67659261211e-09, 9.00827079597e-10, 4.42958447699e-10, 2.76510092601e-10, 3.3130848065e-10, 1.01342023662e-09, 3.7799960384e-10, 1.34686192754e-10, 8.9208883336e-11, 2.16492605093e-11, 5.88446739253e-12, 3.84755075022e-12]
    },
    "mfcc": {
        "mean": [-576.429504395, 105.997360229, 14.9645462036, 65.0370178223, -10.3377609253, 4.06507253647, 8.99498939514, -10.6992607117, -4.88929367065, 11.5357723236, -0.763359129429, -3.22184991837, 5.53437042236],
        "cov": [[264.736450195, -111.690299988, -50.5914916992, -43.2672653198, 45.3541183472, 11.9976062775, -32.7401046753, 17.6927375793, -5.57464408875, -2.36584091187, 5.45869493484, 14.5350646973, -3.6132440567], [-111.690299988, 86.794380188, 30.3591556549, 19.8907680511, -16.6368904114, 1.94331896305, 23.8926544189, -3.75996756554, 9.70473575592, 8.77648353577, -0.100826919079, -4.8795747757, 5.68902540207], [-50.5914916992, 30.3591556549, 33.6654434204, 20.8830490112, -6.39352893829, -0.996341109276, 10.4682712555, 0.402134984732, 4.38154172897, 4.38007640839, -1.70705270767, -0.783005237579, 3.75801634789], [-43.2672653198, 19.8907680511, 20.8830490112, 48.8154029846, 8.06902980804, 4.21755695343, 9.58389949799, 2.43265271187, 5.61055660248, 4.62894630432, 2.78288769722, 0.292556017637, 5.44280672073], [45.3541183472, -16.6368904114, -6.39352893829, 8.06902980804, 33.4793815613, 12.4869375229, -3.92486405373, 4.63554525375, 4.00130367279, 4.44900655746, 6.07071781158, 8.04422187805, 3.78505659103], [11.9976062775, 1.94331896305, -0.996341109276, 4.21755695343, 12.4869375229, 24.8705196381, 7.93621063232, 2.05051994324, 2.34407114983, 5.30424070358, 5.55104637146, 5.83201169968, 5.76849985123], [-32.7401046753, 23.8926544189, 10.4682712555, 9.58389949799, -3.92486405373, 7.93621063232, 28.7520847321, 7.28532934189, 0.75150257349, 3.28685116768, 0.762653589249, 2.91732168198, 5.39557647705], [17.6927375793, -3.75996756554, 0.402134984732, 2.43265271187, 4.63554525375, 2.05051994324, 7.28532934189, 22.3445949554, 7.76480770111, 1.45250499249, 1.4969009161, 3.32494020462, 4.20014429092], [-5.57464408875, 9.70473575592, 4.38154172897, 5.61055660248, 4.00130367279, 2.34407114983, 0.75150257349, 7.76480770111, 21.9958305359, 7.8941822052, -0.0652885809541, 0.606112658978, 1.7022755146], [-2.36584091187, 8.77648353577, 4.38007640839, 4.62894630432, 4.44900655746, 5.30424070358, 3.28685116768, 1.45250499249, 7.8941822052, 17.6510753632, 4.11100006104, -1.84538459778, 1.03084766865], [5.45869493484, -0.100826919079, -1.70705270767, 2.78288769722, 6.07071781158, 5.55104637146, 0.762653589249, 1.4969009161, -0.0652885809541, 4.11100006104, 13.9433040619, 4.38172149658, -0.298340857029], [14.5350646973, -4.8795747757, -0.783005237579, 0.292556017637, 8.04422187805, 5.83201169968, 2.91732168198, 3.32494020462, 0.606112658978, -1.84538459778, 4.38172149658, 17.5342826843, 5.36600112915], [-3.6132440567, 5.68902540207, 3.75801634789, 5.44280672073, 3.78505659103, 5.76849985123, 5.39557647705, 4.20014429092, 1.7022755146, 1.03084766865, -0.298340857029, 5.36600112915, 14.7378139496]],
