{
"lowlevel": {
    "average_loudness": 0.988394200802,
    "barkbands_crest": {
        "dmean": 0.857768714428,
        "dmean2": 1.25990474224,
        "dvar": 0.332316219807,
        "dvar2": 0.846270382404,
        "max": 9.53035831451,
        "mean": 7.62623977661,
        "median": 7.65064191818,
        "min": 5.907725811,
        "var": 0.708910644054
    },
    "barkbands_flatness_db": {
        "dmean": 0.00692964252084,
        "dmean2": 0.0108342804015,
        "dvar": 3.04421973851e-05,
        "dvar2": 6.72502646921e-05,
        "max": 0.231606975198,
        "mean": 0.207201123238,
        "median": 0.207035377622,
        "min": 0.179318323731,
        "var": 8.94387703738e-05
    },
    "barkbands_kurtosis": {
        "dmean": 2.20145773888,
        "dmean2": 3.3062980175,
        "dvar": 2.8639793396,
        "dvar2": 6.22229337692,
        "max": 26.0675106049,
        "mean": 14.8896656036,
        "median": 14.6745958328,
        "min": 6.83103561401,
        "var": 12.921585083
    },
    "barkbands_skewness": {
        "dmean": 0.188961550593,
        "dmean2": 0.279866188765,
        "dvar": 0.0205652602017,
        "dvar2": 0.0447896160185,
        "max": 4.59468460083,
        "mean": 3.50252389908,
        "median": 3.46288967133,
        "min": 2.67127585411,
        "var": 0.125727429986
    },
    "barkbands_spread": {
        "dmean": 1.2067681551,
        "dmean2": 1.80206859112,
        "dvar": 0.777750015259,
        "dvar2": 1.68447089195,
        "max": 16.9151153564,
        "mean": 9.72799491882,
        "median": 9.26735877991,
        "min": 6.82193756104,
        "var": 3.72874331474
    },
    "dissonance": {
        "dmean": 0.0112349176779,
        "dmean2": 0.0187063869089,
        "dvar": 8.81425876287e-05,
        "dvar2": 0.000200229609618,
        "max": 0.491165012121,
        "mean": 0.46710306406,
        "median": 0.467176616192,
        "min": 0.42840129137,
        "var": 0.000144640449435
    },
    "dynamic_complexity": 0.333278775215,
    "erbbands_crest": {
        "dmean": 1.33862519264,
        "dmean2": 1.94110894203,
        "dvar": 0.910497486591,
        "dvar2": 1.98714840412,
        "max": 14.0818347931,
        "mean": 10.8698177338,
        "median": 10.9378490448,
        "min": 7.02375030518,
        "var": 2.8364918232
    },
    "erbbands_flatness_db": {
        "dmean": 0.00458381930366,
        "dmean2": 0.00650675082579,
        "dvar": 1.45302783494e-05,
        "dvar2": 2.86177601083e-05,
        "max": 0.177211284637,
        "mean": 0.162592574954,
        "median": 0.16335657239,
        "min": 0.132746756077,
        "var": 4.60731316707e-05
    },
    "erbbands_kurtosis": {
        "dmean": 0.139719724655,
        "dmean2": 0.215476453304,
        "dvar": 0.0130595173687,
        "dvar2": 0.0274620018899,
        "max": -0.792022943497,
        "mean": -1.42681086063,
        "median": -1.45032417774,
        "min": -1.72982501984,
        "var": 0.0387052223086
    },
    "erbbands_skewness": {
        "dmean": 0.172683253884,
        "dmean2": 0.240997940302,
        "dvar": 0.0136568024755,
        "dvar2": 0.0305550862104,
        "max": 0.815435111523,
        "mean": 0.361077487469,
        "median": 0.396536439657,
        "min": -0.467338323593,
        "var": 0.0534003265202
    },
    "erbbands_spread": {
        "dmean": 3.51591062546,
        "dmean2": 5.36533975601,
        "dvar": 7.81700563431,
        "dvar2": 21.0123939514,
        "max": 92.2803344727,
        "mean": 74.3568496704,
        "median": 74.9027404785,
        "min": 57.8969154358,
        "var": 67.008140564
    },
    "hfc": {
        "dmean": 1.6322914362,
        "dmean2": 2.42096066475,
        "dvar": 1.69220089912,
        "dvar2": 2.93992304802,
        "max": 29.6260528564,
        "mean": 22.0060577393,
        "median": 21.8951358795,
        "min": 12.5912351608,
        "var": 7.56714725494
    },
    "melbands_crest": {
        "dmean": 1.09014844894,
        "dmean2": 1.7373046875,
        "dvar": 0.753574967384,
        "dvar2": 1.48485291004,
        "max": 17.1278419495,
        "mean": 14.8535823822,
        "median": 14.8174247742,
        "min": 10.3226184845,
        "var": 1.52109527588
    },
    "melbands_flatness_db": {
        "dmean": 0.00818201526999,
        "dmean2": 0.0128404097632,
        "dvar": 4.61573472421e-05,
        "dvar2": 0.00010603480041,
        "max": 0.364031612873,
        "mean": 0.334842294455,
        "median": 0.334990143776,
        "min": 0.304984509945,
        "var": 0.000146603531903
    },
    "melbands_kurtosis": {
        "dmean": 6.72930192947,
        "dmean2": 9.95516204834,
        "dvar": 29.195936203,
        "dvar2": 61.4466590881,
        "max": 95.4056472778,
        "mean": 54.7546768188,
        "median": 51.511680603,
        "min": 31.6178131104,
        "var": 192.221847534
    },
    "melbands_skewness": {
        "dmean": 0.300293236971,
        "dmean2": 0.438280701637,
        "dvar": 0.0584702044725,
        "dvar2": 0.119783319533,
        "max": 8.11319541931,
        "mean": 6.27917098999,
        "median": 6.16407871246,
        "min": 4.90474796295,
        "var": 0.523068845272
    },
    "melbands_spread": {
        "dmean": 0.718264520168,
        "dmean2": 1.05708265305,
        "dvar": 0.261228919029,
        "dvar2": 0.577421367168,
        "max": 9.85432052612,
        "mean": 5.73088312149,
        "median": 5.56374073029,
        "min": 3.53188753128,
        "var": 1.42468452454
    },
    "pitch_salience": {
        "dmean": 0.0239170156419,
        "dmean2": 0.0350024886429,
        "dvar": 0.00033481742139,
        "dvar2": 0.000689042150043,
        "max": 0.678582787514,
        "mean": 0.601955294609,
        "median": 0.602092266083,
        "min": 0.527372777462,
        "var": 0.00115871615708
    },
    "silence_rate_20dB": {
        "dmean": 0,
        "dmean2": 0,
        "dvar": 0,
        "dvar2": 0,
        "max": 1,
        "mean": 1,
        "median": 1,
        "min": 1,
        "var": 0
    },
    "silence_rate_30dB": {
        "dmean": 0,
        "dmean2": 0,
        "dvar": 0,
        "dvar2": 0,
        "max": 1,
        "mean": 1,
        "median": 1,
        "min": 1,
        "var": 0
    },
    "silence_rate_60dB": {
        "dmean": 0,
        "dmean2": 0,
        "dvar": 0,
        "dvar2": 0,
        "max": 0,
        "mean": 0,
        "median": 0,
        "min": 0,
        "var": 0
    },
    "spectral_centroid": {
        "dmean": 96.8382415771,
        "dmean2": 138.990020752,
        "dvar": 5238.45996094,
        "dvar2": 11968.3642578,
        "max": 1469.06298828,
        "mean": 807.651000977,
        "median": 779.606384277,
        "min": 556.388244629,
        "var": 22974.3730469
    },
    "spectral_complexity": {
        "dmean": 2.13207554817,
        "dmean2": 3.30379748344,
        "dvar": 3.29702162743,
        "dvar2": 9.8570728302,
        "max": 22,
        "mean": 14.3812503815,
        "median": 14,
        "min": 7,
        "var": 7.18590068817
    },
    "spectral_decrease": {
        "dmean": 1.78687031838e-09,
        "dmean2": 2.66028110651e-09,
        "dvar": 2.33186205825e-18,
        "dvar2": 4.43156305629e-18,
        "max": -1.11456310847e-08,
        "mean": -2.14561772793e-08,
        "median": -2.13314770292e-08,
        "min": -2.6892367444e-08,
        "var": 4.21344835006e-18
    },
    "spectral_energy": {
        "dmean": 0.00684121949598,
        "dmean2": 0.0101618589833,
        "dvar": 3.40956466971e-05,
        "dvar2": 6.48191416985e-05,
        "max": 0.103584475815,
        "mean": 0.0829765573144,
        "median": 0.0824896544218,
        "min": 0.043208271265,
        "var": 6.20754581178e-05
    },
    "spectral_energyband_high": {
        "dmean": 0.000175233872142,
        "dmean2": 0.000289178831736,
        "dvar": 2.97635089908e-08,
        "dvar2": 8.46344718752e-08,
        "max": 0.00164714909624,
        "mean": 0.000743376964238,
        "median": 0.000703356578015,
        "min": 0.000331485935021,
        "var": 5.7766545325e-08
    },
    "spectral_energyband_low": {
        "dmean": 0.00652364827693,
        "dmean2": 0.00939093064517,
        "dvar": 2.07829525607e-05,
        "dvar2": 4.96461470902e-05,
        "max": 0.0583980120718,
        "mean": 0.0369491167367,
        "median": 0.0364794135094,
        "min": 0.0205335970968,
        "var": 4.32796769019e-05
    },
    "spectral_energyband_middle_high": {
        "dmean": 0.000463100819616,
        "dmean2": 0.00069626304321,
        "dvar": 9.34171850986e-08,
        "dvar2": 2.43433532887e-07,
        "max": 0.00442840298638,
        "mean": 0.00239320169203,
        "median": 0.00236057583243,
        "min": 0.000932616239879,
        "var": 4.00225502517e-07
    },
    "spectral_energyband_middle_low": {
        "dmean": 0.00639474904165,
        "dmean2": 0.00725053669885,
        "dvar": 1.66332956724e-05,
        "dvar2": 3.15703218803e-05,
        "max": 0.061993971467,
        "mean": 0.0446093007922,
        "median": 0.044559545815,
        "min": 0.0215191617608,
        "var": 7.89030091255e-05
    },
    "spectral_entropy": {
        "dmean": 0.0806159377098,
        "dmean2": 0.110626243055,
        "dvar": 0.00612926948816,
        "dvar2": 0.0112920515239,
        "max": 7.75141000748,
        "mean": 6.99367427826,
        "median": 6.99171447754,
        "min": 6.73178243637,
        "var": 0.0126627637073
    },
    "spectral_flux": {
        "dmean": 0.0121045913547,
        "dmean2": 0.0198895018548,
        "dvar": 0.000162591881235,
        "dvar2": 0.00029057264328,
        "max": 0.207865998149,
        "mean": 0.0540845803916,
        "median": 0.0521964132786,
        "min": 0.0272169709206,
        "var": 0.0003223977983
    },
    "spectral_kurtosis": {
        "dmean": 1.50678324699,
        "dmean2": 2.87283015251,
        "dvar": 1.09887230396,
        "dvar2": 3.47241163254,
        "max": 9.0345993042,
        "mean": 4.9340634346,
        "median": 4.60040187836,
        "min": 2.67846250534,
        "var": 1.33660101891
    },
    "spectral_rms": {
        "dmean": 0.000372294831323,
        "dmean2": 0.000551921664737,
        "dvar": 1.08916580643e-07,
        "dvar2": 1.98169914256e-07,
        "max": 0.0100527619943,
        "mean": 0.00898656155914,
        "median": 0.00897093676031,
        "min": 0.00649264268577,
        "var": 1.94479667925e-07
    },
    "spectral_rolloff": {
        "dmean": 2.03143429756,
        "dmean2": 3.95229673386,
        "dvar": 39.6165657043,
        "dvar2": 110.570472717,
        "max": 215.33203125,
        "mean": 194.875488281,
        "median": 193.798828125,
        "min": 193.798828125,
        "var": 22.0247459412
    },
    "spectral_skewness": {
        "dmean": 0.187092348933,
        "dmean2": 0.333664149046,
        "dvar": 0.0303860642016,
        "dvar2": 0.0600178986788,
        "max": 2.70381617546,
        "mean": 1.23718643188,
        "median": 1.2102060318,
        "min": 0.842445373535,
        "var": 0.0389651283622
    },
    "spectral_spread": {
        "dmean": 188711.953125,
        "dmean2": 296342.4375,
        "dvar": 504754798592,
        "dvar2": 534318907392,
        "max": 12741838,
        "mean": 3915160.75,
        "median": 3833260.75,
        "min": 3512941,
        "var": 526481260544
    },
    "spectral_strongpeak": {
        "dmean": 0.137130081654,
        "dmean2": 0.219786673784,
        "dvar": 0.0505548082292,
        "dvar2": 0.108598597348,
        "max": 1.64459335804,
        "mean": 1.38152337074,
        "median": 1.45262765884,
        "min": 0.289019703865,
        "var": 0.0721483305097
    },
    "zerocrossingrate": {
        "dmean": 0.00303717073984,
        "dmean2": 0.00435435632244,
        "dvar": 5.41509552932e-06,
        "dvar2": 1.09037855509e-05,
        "max": 0.0322265625,
        "mean": 0.0198913570493,
        "median": 0.01953125,
        "min": 0.0078125,
        "var": 1.62139222084e-05
    },
    "barkbands": {
        "dmean": [0.00103557680268, 0.00389193207957, 0.00272814673372, 0.00272615370341, 0.00440694065765, 6.90394081175e-05, 4.79259142594e-05, 0.000249941251241, 0.000171933308593, 1.16967075883e-05, 1.69241920958e-05, 2.46987747232e-05, 6.50453876005e-05, 0.000117014416901, 1.59869887284e-05, 1.03870052044e-05, 5.89315568504e-05, 0.000385772407753, 7.15345086064e-05, 4.72822939628e-05, 0.000168130398379, 3.09588767777e-06, 2.01150351131e-06, 4.93898539844e-07, 9.45105341543e-07, 6.32074261375e-07, 3.3041746974e-06],
        "dmean2": [0.00156584952492, 0.00588347995654, 0.00353376660496, 0.00357894320041, 0.00499999290332, 0.00010144051339, 7.47654703446e-05, 0.000429241918027, 0.00020425497496, 1.97257195396e-05, 2.64421687461e-05, 3.56822965841e-05, 0.000101558885945, 0.000182033909368, 2.76465998468e-05, 1.79618200491e-05, 8.0162397353e-05, 0.000579492421821, 0.000113826507004, 8.11435311334e-05, 0.000270817865385, 5.17161242897e-06, 3.33820798915e-06, 8.35805167299e-07, 1.3880245433e-06, 1.09362133571e-06, 5.65628397453e-06],
        "dvar": [5.73612112476e-07, 6.51142090646e-06, 4.90157981403e-06, 3.45748662767e-06, 8.27071926324e-06, 2.71432343268e-09, 1.75930447988e-09, 3.82681157873e-08, 2.41999789097e-08, 9.92945933809e-11, 2.51219656189e-10, 4.54152104812e-10, 2.46229925338e-09, 1.10464410952e-08, 1.95655408541e-10, 7.17024009611e-11, 2.16804441067e-09, 7.09956395895e-08, 3.51590800918e-09, 1.39059452842e-09, 2.81591230333e-08, 1.01270276887e-11, 3.59683637041e-12, 3.62166812382e-13, 5.23047913575e-13, 2.93647728746e-13, 5.53951979773e-12],
        "dvar2": [1.2926935824e-06, 1.80424813152e-05, 8.35490482132e-06, 7.29150178813e-06, 1.38074274219e-05, 6.16238216011e-09, 4.48655779195e-09, 1.14116474492e-07, 3.47371411635e-08, 2.7610866371e-10, 5.48837253422e-10, 8.17800327457e-10, 5.12489473081e-09, 2.52022527292e-08, 5.36951982877e-10, 2.34856051273e-10, 4.52968595965e-09, 1.66389114042e-07, 8.56528448168e-09, 3.36713790183e-09, 7.90037404386e-08, 2.86922274134e-11, 1.0205636683e-11, 6.77306030272e-13, 1.06393843388e-12, 7.29961501401e-13, 1.59530982174e-11],
        "max": [0.00902460888028, 0.0234557539225, 0.0277716238052, 0.0303191076964, 0.0313396528363, 0.000486156000989, 0.00026107771555, 0.00127332948614, 0.00377370463684, 7.07931903889e-05, 0.00011499752145, 0.000161023272085, 0.00039525644388, 0.000902871426661, 0.000111227280286, 6.65180268697e-05, 0.000745423487388, 0.00235300534405, 0.000576827849727, 0.000334198266501, 0.00139778689481, 2.94202436635e-05, 1.64972025232e-05, 8.33579088066e-06, 8.73717544891e-06, 8.39081076265e-06, 3.48519206455e-05],
        "mean": [0.00568075245246, 0.0129703953862, 0.0165689233691, 0.0216482076794, 0.0204487573355, 0.000258821470197, 9.020503785e-05, 0.000476770859677, 0.00168243295047, 2.24534105655e-05, 4.13174566347e-05, 6.50920701446e-05, 0.000182343268534, 0.000328018562868, 3.67832763004e-05, 2.9228238418e-05, 0.000337087549269, 0.000995909096673, 0.00027718450292, 0.000192705279915, 0.000574974750634, 1.14282611321e-05, 6.27288227406e-06, 2.5534195629e-06, 3.85020848626e-06, 3.74957630811e-06, 2.60924462054e-05],
        "median": [0.00556056573987, 0.0127545967698, 0.0162452198565, 0.0215125158429, 0.020241279155, 0.000267830910161, 8.0133722804e-05, 0.000414943788201, 0.00148055050522, 2.04048228625e-05, 3.51135677192e-05, 5.64503206988e-05, 0.000172858941369, 0.000296943879221, 3.39515536325e-05, 2.69622760243e-05, 0.000323174113873, 0.000898020924069, 0.000264891015831, 0.000190501014004, 0.000534266815521, 1.09047923615e-05, 5.77246646571e-06, 2.47684670285e-06, 3.59166597264e-06, 3.71299688595e-06, 2.59317312157e-05],
        "min": [0.00141292111948, 0.00548895495012, 0.00535329245031, 0.00606926204637, 0.00672429334372, 8.24126182124e-05, 1.71845495061e-05, 0.000154000692419, 6.57636628603e-05, 3.80154187951e-06, 7.7565855463e-06, 1.16760638775e-05, 4.22628691013e-05, 6.80139128235e-05, 1.05790422822e-05, 7.76351498644e-06, 0.000102523335954, 0.00018117397849, 6.15696917521e-05, 6.79194054101e-05, 0.000179712485988, 3.37278038387e-06, 2.35788934333e-06, 1.37764914143e-06, 1.60563433838e-06, 2.22353833124e-06, 1.56962069013e-05],
        "var": [1.0031334341e-06, 1.16115261335e-05, 1.30832413561e-05, 1.40219144669e-05, 2.98174945783e-05, 7.54497264666e-09, 2.48040787909e-09, 4.62239704291e-08, 1.06003676592e-06, 1.3566943402e-10, 5.09313591301e-10, 1.06383235554e-09, 6.30130836399e-09, 2.27186909285e-08, 2.97926988635e-10, 1.61643934349e-10, 1.19876322202e-08, 1.84494439281e-07, 8.47992520647e-09, 3.22575699485e-09, 5.54161729838e-08, 1.39429943286e-11, 4.74861122646e-12, 4.73271703945e-13, 1.98760560961e-12, 4.27896054093e-13, 8.90658206909e-12]
    },
    "erbbands": {
        "dmean": [0.222427770495, 0.549382984638, 2.81438326836, 4.38945007324, 19.5002613068, 8.96927452087, 2.25494551659, 0.350840955973, 0.302736639977, 3.97553753853, 2.66955494881, 4.99093675613, 1.01699602604, 0.535486876965, 1.05612635612, 0.655331492424, 3.35270452499, 5.31758260727, 2.08206129074, 0.728371620178, 0.570584833622, 9.11910533905, 16.6923236847, 2.56719779968, 3.22696590424, 2.38623642921, 10.3184080124, 1.01964688301, 0.136200293899, 0.0834256708622, 0.0493046343327, 0.0124994348735, 0.0122650694102, 0.0136288348585, 0.00316192605533, 0.0019258755492, 0.00171815091744, 0.000956037896685, 0.000433075067122, 7.34747954994e-05],
        "dmean2": [0.345795124769, 0.768114626408, 3.69827413559, 6.12708234787, 24.206495285, 8.89657592773, 2.80799531937, 0.576315760612, 0.494697481394, 6.84438180923, 4.4062256813, 5.94401025772, 1.2095079422, 0.895759880543, 1.47754943371, 0.922138273716, 5.0589184761, 8.17179298401, 3.19336938858, 1.23095726967, 0.986846327782, 13.4433269501, 24.8196144104, 4.45571565628, 5.0373301506, 4.01683044434, 16.8304634094, 1.67244637012, 0.235578343272, 0.137682080269, 0.0855785533786, 0.0205633826554, 0.0191014260054, 0.0200191233307, 0.00548252509907, 0.00318366172723, 0.00296779279597, 0.00165609002579, 0.000757123576477, 0.000126518891193],
        "dvar": [0.0187504794449, 0.201594054699, 5.53293228149, 10.615026474, 183.986877441, 25.2063179016, 2.53710508347, 0.0952013805509, 0.0787621363997, 11.659371376, 3.86547207832, 20.5673713684, 0.805421769619, 0.251363843679, 0.940097928047, 0.38555842638, 7.04577350616, 24.9890022278, 2.75556063652, 0.429127722979, 0.227595537901, 38.0979728699, 134.909179688, 4.65631246567, 8.0360326767, 3.50393080711, 111.591377258, 0.714265286922, 0.0190444774926, 0.00654946919531, 0.00297085219063, 0.000172249434399, 0.000118150121125, 0.000138893388794, 1.07790492621e-05, 3.73448824575e-06, 1.90112302789e-06, 5.0138868346e-07, 1.09118268199e-07, 2.87580959046e-09],
        "dvar2": [0.0523436032236, 0.498245477676, 9.43952465057, 20.1587524414, 352.424072266, 31.1514358521, 4.04903554916, 0.223249197006, 0.198172152042, 35.6864051819, 10.9851064682, 29.6966590881, 1.26091778278, 0.650620639324, 1.98723173141, 0.67740803957, 13.3812875748, 56.3954200745, 6.48632192612, 1.14849197865, 0.712654769421, 92.7243499756, 318.897064209, 12.0683698654, 17.6701965332, 9.49664020538, 306.312072754, 2.04913687706, 0.0547294057906, 0.016671160236, 0.00790993869305, 0.000336307217367, 0.000252302939771, 0.000263491470832, 2.30667246797e-05, 7.42221482142e-06, 5.44655949852e-06, 1.51160588757e-06, 3.14465665952e-07, 7.62755192341e-09],
        "max": [1.21399486065, 4.37203788757, 30.5057353973, 47.4949951172, 182.301773071, 45.4277534485, 14.3014135361, 3.2323384285, 1.81726443768, 20.8173904419, 14.8846626282, 115.482475281, 17.5562648773, 3.74630641937, 7.52695608139, 6.15238523483, 21.4364185333, 43.6493339539, 16.1197319031, 5.90959262848, 5.09255313873, 67.2122573853, 112.030456543, 21.5434360504, 29.9970760345, 22.3491630554, 88.5574493408, 8.13920116425, 1.35134291649, 0.754767179489, 0.486478596926, 0.160132139921, 0.151084467769, 0.117254108191, 0.0450309813023, 0.0304499361664, 0.0169729385525, 0.00825229194015, 0.00393894314766, 0.000826312811114],
        "mean": [0.712731420994, 1.94397091866, 18.0255794525, 32.6488723755, 132.518615723, 24.7494277954, 6.98078680038, 1.10608816147, 0.794192910194, 6.80036830902, 8.47102737427, 52.1746520996, 7.90440511703, 1.28401005268, 2.829890728, 2.48343253136, 9.74507522583, 14.3763046265, 6.96042919159, 2.1199426651, 2.46881341934, 30.725561142, 47.8440475464, 11.2397928238, 12.9205341339, 10.9973812103, 37.1764793396, 4.06007575989, 0.537671685219, 0.302751421928, 0.155804440379, 0.0561634227633, 0.0575967803597, 0.0515590794384, 0.0164106171578, 0.010070652701, 0.00759220356122, 0.00572847342119, 0.00297308620065, 0.000592651427723],
        "median": [0.709771752357, 1.84498488903, 17.7425670624, 32.48021698, 132.997894287, 24.0299892426, 6.53010320663, 1.09025979042, 0.737758040428, 6.10206460953, 8.24220752716, 45.9946289062, 7.20176267624, 1.09931898117, 2.35081577301, 2.33708930016, 9.04726982117, 12.7300167084, 6.36958503723, 1.98613131046, 2.41377568245, 28.2373886108, 43.8239212036, 10.911031723, 12.2972202301, 10.6671457291, 34.9988479614, 3.83090090752, 0.514643847942, 0.291569501162, 0.144229233265, 0.0533715412021, 0.0539406090975, 0.0485895685852, 0.0158562492579, 0.00988285988569, 0.00749595882371, 0.00575416535139, 0.00295584299602, 0.000585783855058],
        "min": [0.35214048624, 0.704078495502, 7.44763898849, 10.1733856201, 45.2985916138, 8.08806610107, 2.24741744995, 0.420665442944, 0.250865340233, 1.77749896049, 1.97692835331, 1.35699427128, 1.01205813885, 0.37152531743, 0.426187753677, 0.739318013191, 2.28773713112, 3.02475094795, 2.31741857529, 0.666251420975, 1.04029655457, 6.32938051224, 10.4940700531, 3.42313098907, 2.59040522575, 6.16568231583, 12.1713895798, 2.09445214272, 0.23338213563, 0.0933140069246, 0.067218542099, 0.0337053202093, 0.0267711281776, 0.0176614969969, 0.0088977618143, 0.0062364609912, 0.00362959178165, 0.00401570927352, 0.00190820335411, 0.000354103918653],
        "var": [0.0305686388165, 0.385091632605, 14.1064558029, 26.5783500671, 677.204406738, 112.495956421, 7.60029745102, 0.141044229269, 0.0996470451355, 11.88144207, 7.02816295624, 1010.44433594, 21.6761283875, 0.400130599737, 2.29874944687, 1.20961201191, 18.7336711884, 48.8622398376, 6.91210174561, 0.888986766338, 0.535604417324, 127.091712952, 389.280944824, 11.2806062698, 19.4393177032, 8.30324935913, 214.501998901, 1.55458509922, 0.0252096988261, 0.00938840024173, 0.00304763996974, 0.000202824667213, 0.000315834477078, 0.000449691520771, 1.64673983818e-05, 5.74439673073e-06, 2.60760680248e-06, 7.02221825577e-07, 1.57327491479e-07, 4.45734205101e-09]
    },
    "gfcc": {
        "mean": [13.8055877686, 113.145202637, -85.520072937, 56.1266670227, -7.09265375137, -18.5316562653, 0.230932801962, 1.5423514843, -27.563867569, -9.08596229553, -24.9929161072, -26.6327781677, -19.5138130188],
        "cov": [[40.9828262329, 12.1410560608, -36.7749061584, -14.000336647, -3.50378155708, 0.687089443207, 16.0259552002, 8.51697731018, 3.5581343174, -15.0478687286, -13.5776491165, -1.7671443224, -2.1825094223], [12.1410560608, 21.224855423, -14.1190481186, -16.4958362579, 3.61724209785, -2.78097224236, 2.48739719391, -3.93654847145, 2.70197153091, -5.94406509399, -6.56909942627, -4.56727552414, -4.33298635483], [-36.7749061584, -14.1190481186, 45.6217269897, 20.4391994476, 1.87608897686, -1.45235192776, -19.6017608643, -7.7518825531, -3.36611700058, 18.9148960114, 17.6778507233, 4.90160512924, 4.55357503891], [-14.000336647, -16.4958362579, 20.4391994476, 24.1657009125, -0.659341514111, -1.71576499939, -6.14573907852, 2.24034118652, -0.122420601547, 9.4156627655, 9.70883846283, 4.15863847733, 3.75572395325], [-3.50378155708, 3.61724209785, 1.87608897686, -0.659341514111, 9.94535160065, -0.208869114518, -5.60761642456, -4.20554256439, -1.26363253593, 2.51634836197, 1.19361329079, -2.9428460598, -0.626584351063], [0.687089443207, -2.78097224236, -1.45235192776, -1.71576499939, -0.208869114518, 10.2680959702, 2.76032352448, -2.62157058716, -2.05991363525, -0.465225040913, 0.642802000046, -0.563063263893, 1.78493666649], [16.0259552002, 2.48739719391, -19.6017608643, -6.14573907852, -5.60761642456, 2.76032352448, 23.810842514, 12.9058227539, 4.27620267868, -10.743689537, -9.18698692322, -1.23219418526, -2.79977202415], [8.51697731018, -3.93654847145, -7.7518825531, 2.24034118652, -4.20554256439, -2.62157058716, 12.9058227539, 26.8273506165, 13.3047199249, -5.67416381836, -2.01086425781, 3.61118221283, -6.54205989838], [3.5581343174, 2.70197153091, -3.36611700058, -0.122420601547, -1.26363253593, -2.05991363525, 4.27620267868, 13.3047199249, 25.2461833954, 2.06202340126, -1.62142539024, -0.0786029398441, -13.798825264], [-15.0478687286, -5.94406509399, 18.9148960114, 9.4156627655, 2.51634836197, -0.465225040913, -10.743689537, -5.67416381836, 2.06202340126, 17.7182235718, 9.74650478363, -0.104442119598, -0.500888466835], [-13.5776491165, -6.56909942627, 17.6778507233, 9.70883846283, 1.19361329079, 0.642802000046, -9.18698692322, -2.01086425781, -1.62142539024, 9.74650478363, 13.1083936691, 2.04936814308, 0.84742552042], [-1.7671443224, -4.56727552414, 4.90160512924, 4.15863847733, -2.9428460598, -0.563063263893, -1.23219418526, 3.61118221283, -0.0786029398441, -0.104442119598, 2.04936814308, 7.15417194366, 2.29716420174], [-2.1825094223, -4.33298635483, 4.55357503891, 3.75572395325, -0.626584351063, 1.78493666649, -2.79977202415, -6.54205989838, -13.798825264, -0.500888466835, 0.84742552042, 2.29716420174, 13.6583213806]],
        "icov": [[0.119493231177, -0.0619450993836, 0.110940523446, -0.04891185835, 0.0364849641919, -0.0263393018395, 0.0192366000265, -0.0241453889757, 0.00582512328401, -0.0188431590796, 0.00697919819504, -0.0257612410933, -0.0175066422671], [-0.0619450993836, 0.207292199135, -0.0513946451247, 0.140577659011, -0.0790846124291, 0.104908436537, -0.0491482205689, 0.0734537392855, -0.0652830153704, 0.0450532734394, -0.0602581985295, 0.0252033248544, -0.0226902142167], [0.110940523446, -0.0513946451247, 0.177024915814, -0.0667403414845, 0.0366480499506, -0.0177301894873, 0.0372643880546, -0.013383124955, 0.00281853042543, -0.0452070198953, -0.0362337976694, -0.0438441447914, -0.023204986006], [-0.04891185835, 0.140577659011, -0.0667403414845, 0.181812599301, -0.056484837085, 0.0866535305977, -0.0476390495896, 0.0371769480407, -0.0577710829675, 0.0174344480038, -0.070082090795, 0.010716936551, -0.0520165078342], [0.0364849641919, -0.0790846124291, 0.0366480499506, -0.056484837085, 0.175161451101, -0.0497459955513, 0.0689590722322, -0.0421541146934, 0.0375886783004, -0.0234034880996, 0.0315449684858, 0.0525190085173, 0.018863234669], [-0.0263393018395, 0.104908436537, -0.0177301894873, 0.0866535305977, -0.0497459955513, 0.179301410913, -0.0706544592977, 0.0699688345194, -0.0552229695022, 0.0285155978054, -0.0841921195388, 0.00718744518235, -0.046258315444], [0.0192366000265, -0.0491482205689, 0.0372643880546, -0.0476390495896, 0.0689590722322, -0.0706544592977, 0.137816429138, -0.0758592113853, 0.0372068807483, -0.00619589397684, 0.0647991597652, 0.0357684455812, 0.0197966676205], [-0.0241453889757, 0.0734537392855, -0.013383124955, 0.0371769480407, -0.0421541146934, 0.0699688345194, -0.0758592113853, 0.128096878529, -0.0718970671296, 0.0464614629745, -0.0675194486976, -0.0380058400333, -0.0119401607662], [0.00582512328401, -0.0652830153704, 0.00281853042543, -0.0577710829675, 0.0375886783004, -0.0552229695022, 0.0372068807483, -0.0718970671296, 0.156752943993, -0.0566709414124, 0.0827551409602, -0.0199028328061, 0.131797358394], [-0.0188431590796, 0.0450532734394, -0.0452070198953, 0.0174344480038, -0.0234034880996, 0.0285155978054, -0.00619589397684, 0.0464614629745, -0.0566709414124, 0.157204777002, -0.0746794119477, 0.041263744235, -0.0160522311926], [0.00697919819504, -0.0602581985295, -0.0362337976694, -0.070082090795, 0.0315449684858, -0.0841921195388, 0.0647991597652, -0.0675194486976, 0.0827551409602, -0.0746794119477, 0.253915935755, -0.0164695121348, 0.0746257379651], [-0.0257612410933, 0.0252033248544, -0.0438441447914, 0.010716936551, 0.0525190085173, 0.00718744518235, 0.0357684455812, -0.0380058400333, -0.0199028328061, 0.041263744235, -0.0164695121348, 0.242706030607, -0.0522451736033], [-0.0175066422671, -0.0226902142167, -0.023204986006, -0.0520165078342, 0.018863234669, -0.046258315444, 0.0197966676205, -0.0119401607662, 0.131797358394, -0.0160522311926, 0.0746257379651, -0.0522451736033, 0.227230355144]]
    },
    "melbands": {
        "dmean": [0.00142214051448, 0.00117489253171, 0.00116892310325, 0.00110968830995, 0.000107133011625, 8.59906504047e-06, 5.47023955733e-06, 5.20285830135e-05, 1.69426457433e-05, 3.28007517965e-05, 4.32682691098e-06, 2.16841044676e-06, 2.8049876164e-06, 3.01466320707e-06, 3.97917665396e-06, 6.54024051983e-06, 1.23336230899e-05, 4.95911854159e-06, 1.15061698125e-06, 8.57507586716e-07, 7.58197643336e-07, 1.72996942638e-06, 3.78954573534e-05, 1.16918306503e-06, 2.32036359193e-06, 3.46615115632e-06, 1.39825726819e-06, 1.60495449109e-06, 8.86994075699e-06, 2.23265442401e-06, 2.20665498318e-07, 8.8443215418e-08, 5.87445931899e-08, 5.10436350964e-08, 3.7376892692e-08, 1.50838772583e-08, 7.42807770848e-09, 7.33946770026e-09, 2.29485106473e-08, 8.02370969666e-09],
        "dmean2": [0.00218748068437, 0.00152315967716, 0.00148312805686, 0.00123566470575, 0.000122488723719, 1.31521092044e-05, 8.53404890222e-06, 9.05448032427e-05, 2.74745871138e-05, 3.89999222534e-05, 5.15485180586e-06, 3.72022691408e-06, 4.02193518312e-06, 4.27451686846e-06, 5.53798508918e-06, 1.06971283458e-05, 1.90416194528e-05, 7.57677025831e-06, 1.98831321541e-06, 1.46558716096e-06, 1.29494833345e-06, 2.70316650131e-06, 5.60784974368e-05, 1.85623639481e-06, 4.07907964473e-06, 5.4854190239e-06, 2.14039960156e-06, 2.78839775092e-06, 1.45964713738e-05, 3.56825967174e-06, 3.66375900285e-07, 1.4927881864e-07, 9.70100870745e-08, 8.69474803267e-08, 6.48060662911e-08, 2.55850238773e-08, 1.27416024398e-08, 1.2789342918e-08, 3.16965653724e-08, 1.25914176863e-08],
        "dvar": [7.77428112997e-07, 8.88398346888e-07, 6.60555485865e-07, 5.08461425852e-07, 5.00341545973e-09, 5.04641745058e-11, 2.36565125128e-11, 1.92956228773e-09, 1.42715950169e-10, 8.96321850075e-10, 1.36337191536e-11, 4.01801942412e-12, 6.3885450749e-12, 6.78267424864e-12, 1.13374049732e-11, 2.46855730301e-11, 1.34812397357e-10, 1.66913323441e-11, 1.05513145963e-12, 5.3133474183e-13, 4.15556396802e-13, 1.99556885773e-12, 6.56084908623e-10, 8.13142522066e-13, 4.09576842927e-12, 8.09517123473e-12, 1.34500082512e-12, 1.89628022486e-12, 8.31938823387e-11, 3.81431344842e-12, 4.36077768947e-14, 8.09693786764e-15, 2.53324578755e-15, 2.26991234985e-15, 1.58760486447e-15, 2.01342206487e-16, 7.0316122479e-17, 5.27861039649e-17, 3.21541330074e-16, 5.309594597e-17],
        "dvar2": [2.21128652811e-06, 1.66035397342e-06, 1.46433922055e-06, 8.46095701945e-07, 7.50921458348e-09, 1.12372076921e-10, 5.90109142107e-11, 5.81224623986e-09, 4.08880013181e-10, 1.26633092901e-09, 2.21224080721e-11, 1.0267880296e-11, 1.44938913302e-11, 1.29850115035e-11, 2.01466777289e-11, 5.42064795828e-11, 3.02886993264e-10, 3.836630319e-11, 2.71186111761e-12, 1.58291066886e-12, 1.2773661252e-12, 4.93832101947e-12, 1.55721846529e-09, 2.08132621381e-12, 1.17112985976e-11, 1.72771016244e-11, 3.34160130122e-12, 4.7436343048e-12, 2.33515873305e-10, 1.02512798597e-11, 1.12244042457e-13, 2.50415295867e-14, 6.39710452579e-15, 6.00032125901e-15, 4.3173434493e-15, 5.42750919332e-16, 1.20799127317e-16, 1.04220608044e-16, 6.69149199128e-16, 1.07152248631e-16],
        "max": [0.00831561908126, 0.0121170710772, 0.0140171013772, 0.00836522318423, 0.000591404736042, 7.39093884476e-05, 3.11715339194e-05, 0.000265067006694, 9.75819202722e-05, 0.000749672064558, 4.87611214339e-05, 1.42737344504e-05, 1.94237782125e-05, 2.11408678297e-05, 2.61927980318e-05, 4.0679860831e-05, 9.7716372693e-05, 3.81753925467e-05, 6.90236583978e-06, 5.88403372603e-06, 5.59076943318e-06, 1.66336321854e-05, 0.000250444834819, 1.02426683952e-05, 1.73676162376e-05, 2.90489460895e-05, 1.24824045997e-05, 1.0634867067e-05, 7.28207378415e-05, 1.85638909898e-05, 1.67936138951e-06, 8.23584002774e-07, 4.47643458301e-07, 3.68025467878e-07, 3.08036987917e-07, 1.27824037577e-07, 1.10781989804e-07, 9.88859198969e-08, 1.64370320022e-07, 8.4186901006e-08],
        "mean": [0.00492373947054, 0.0066699446179, 0.0106437839568, 0.00559469917789, 0.00027770746965, 2.58205873251e-05, 1.21188095363e-05, 9.36822470976e-05, 5.66573762626e-05, 0.000336859287927, 2.0209550712e-05, 3.99141072194e-06, 7.5094562817e-06, 8.16304782347e-06, 1.15253624244e-05, 1.82568837772e-05, 3.1281120755e-05, 1.50915393533e-05, 2.74479543805e-06, 2.40804774876e-06, 2.45351657213e-06, 7.6445612649e-06, 0.000107384985313, 4.18178478867e-06, 8.35399168864e-06, 1.21120192489e-05, 5.90050603932e-06, 5.46126511836e-06, 2.90192729153e-05, 7.83049290476e-06, 6.18691160525e-07, 2.59713630157e-07, 1.82760288681e-07, 1.55563483872e-07, 9.95141391513e-08, 5.03449300027e-08, 2.66139785765e-08, 2.95032727138e-08, 6.80878855519e-08, 3.29054650194e-08],
        "median": [0.0048245601356, 0.0064643137157, 0.0106979608536, 0.00547594297677, 0.000249763805186, 2.46482413786e-05, 1.0937161278e-05, 8.03920265753e-05, 5.59057953069e-05, 0.000296133250231, 1.84836371773e-05, 3.35727372658e-06, 6.61069498165e-06, 7.14235375199e-06, 1.05971412268e-05, 1.72708205355e-05, 2.73661080428e-05, 1.39715739351e-05, 2.57838041762e-06, 2.17263118429e-06, 2.3145630621e-06, 7.04713056621e-06, 9.74470531219e-05, 4.06070194003e-06, 7.91746970208e-06, 1.17037643577e-05, 5.72032604396e-06, 5.38071071787e-06, 2.71740791504e-05, 7.6210512816e-06, 5.6357282574e-07, 2.47232947004e-07, 1.75942673764e-07, 1.4470822407e-07, 8.89122446779e-08, 4.81403503727e-08, 2.50514808897e-08, 2.88791568437e-08, 6.15266344539e-08, 3.07588337023e-08],
        "min": [0.00270882435143, 0.00374992378056, 0.00331009342335, 0.00196154555306, 6.43333187327e-05, 8.86415637069e-06, 3.02927423945e-06, 2.91775577352e-05, 1.44969671965e-05, 8.21703542897e-06, 2.9750435715e-06, 5.15100907705e-07, 1.17529179988e-06, 1.29139743876e-06, 2.78248489849e-06, 3.73486477656e-06, 4.3800473577e-06, 4.35395713794e-06, 6.88913701197e-07, 6.58989449676e-07, 1.09098743906e-06, 2.50495509135e-06, 2.00649137696e-05, 1.54696897425e-06, 2.7048283755e-06, 2.18057948587e-06, 1.43878060044e-06, 1.57580723226e-06, 8.05285071692e-06, 3.69562826563e-06, 1.61162205359e-07, 7.49570858716e-08, 6.64514772097e-08, 4.35970264334e-08, 3.96178592155e-08, 2.27480292381e-08, 1.15037526172e-08, 1.41509710616e-08, 1.88768431997e-08, 1.27592167942e-08],
        "var": [1.3313593854e-06, 2.31375861404e-06, 2.43823205892e-06, 1.9360393253e-06, 1.63711160184e-08, 9.80546407958e-11, 3.38162761682e-11, 2.00291960795e-09, 3.15668102768e-10, 4.25772981316e-08, 1.46133757872e-10, 6.2199329888e-12, 1.50381634229e-11, 1.65304055166e-11, 2.99137867255e-11, 5.90874363326e-11, 2.56197757453e-10, 3.80421458224e-11, 1.68032514986e-12, 1.16324842554e-12, 7.33851944056e-13, 5.03297317017e-12, 1.98734140255e-09, 2.26742040942e-12, 7.5722570575e-12, 1.87671458235e-11, 3.54493582926e-12, 3.2819007928e-12, 1.47709525167e-10, 7.5362337898e-12, 6.60397436606e-14, 1.01267964216e-14, 3.98245796217e-15, 3.18648140812e-15, 1.61081134376e-15, 2.46435395097e-16, 8.00463539035e-17, 7.82659899101e-17, 1.10617399538e-15, 1.43698504227e-16]
    },
    "mfcc": {
        "mean": [-651.648742676, 151.979110718, -3.22574543953, 78.8216323853, 11.6362476349, 12.7452421188, 28.8693237305, 0.432588756084, 8.83872890472, 8.90010547638, 9.03012180328, 5.21973371506, -26.2177066803],
        "cov": [[67.620475769, 6.42814302444, -42.2450675964, -9.91144657135, -26.7832241058, 0.614960610867, -2.14727091789, 24.7352142334, 9.65080833435, 11.4749107361, -0.967785716057, -15.4648942947, -9.75370502472], [6.42814302444, 27.6236419678, -16.2250766754, -7.33844280243, -1.36069464684, 2.28122329712, -4.90557956696, -1.92680060863, -4.75011301041, 5.13522291183, 1.72798144817, -6.13711357117, -10.6272583008], [-42.2450675964, -16.2250766754, 43.660572052, 8.94400405884, 16.6408462524, -2.73043203354, 2.21674919128, -16.2825069427, -4.93199729919, -12.8280353546, 0.300194054842, 16.2339916229, 13.9818153381], [-9.91144657135, -7.33844280243, 8.94400405884, 14.4963598251, 2.44285011292, -4.7152094841, -3.08284950256, -1.46256351471, 1.66176307201, 1.80601859093, 4.20071029663, 4.97257471085, 4.29305887222], [-26.7832241058, -1.36069464684, 16.6408462524, 2.44285011292, 25.6015377045, 2.03985762596, 0.70720499754, -21.3528633118, -8.3043012619, -7.55798435211, -1.15055191517, 7.1811041832, 4.37585878372], [0.614960610867, 2.28122329712, -2.73043203354, -4.7152094841, 2.03985762596, 15.1778497696, -2.24134016037, -5.92865180969, -3.51027846336, 1.42114090919, -2.78362703323, -3.39894223213, -2.68222880363], [-2.14727091789, -4.90557956696, 2.21674919128, -3.08284950256, 0.70720499754, -2.24134016037, 22.8834171295, -4.24949932098, 2.30866026878, -13.0582008362, -8.7529630661, 1.78792107105, 2.50140571594], [24.7352142334, -1.92680060863, -16.2825069427, -1.46256351471, -21.3528633118, -5.92865180969, -4.24949932098, 32.3065567017, 8.82655906677, 12.5578165054, 4.011947155, -9.13615322113, -3.31276798248], [9.65080833435, -4.75011301041, -4.93199729919, 1.66176307201, -8.3043012619, -3.51027846336, 2.30866026878, 8.82655906677, 12.0358114243, 1.31071996689, -1.87399315834, -1.42766082287, 1.20008850098], [11.4749107361, 5.13522291183, -12.8280353546, 1.80601859093, -7.55798435211, 1.42114090919, -13.0582008362, 12.5578165054, 1.31071996689, 22.2520828247, 11.0585269928, -6.27825689316, -3.91792702675], [-0.967785716057, 1.72798144817, 0.300194054842, 4.20071029663, -1.15055191517, -2.78362703323, -8.7529630661, 4.011947155, -1.87399315834, 11.0585269928, 16.2729320526, 1.83867907524, -0.54328161478], [-15.4648942947, -6.13711357117, 16.2339916229, 4.97257471085, 7.1811041832, -3.39894223213, 1.78792107105, -9.13615322113, -1.42766082287, -6.27825689316, 1.83867907524, 14.8936634064, 6.36424350739], [-9.75370502472, -10.6272583008, 13.9818153381, 4.29305887222, 4.37585878372, -2.68222880363, 2.50140571594, -3.31276798248, 1.20008850098, -3.91792702675, -0.54328161478, 6.36424350739, 14.7883901596]],
