{
"lowlevel": {
    "average_loudness": 0.99068403244,
    "barkbands_crest": {
        "dmean": 1.24539351463,
        "dmean2": 1.22874450684,
        "dvar": 0.674940526485,
        "dvar2": 0.695024430752,
        "max": 19.8555660248,
        "mean": 15.8767328262,
        "median": 15.9612569809,
        "min": 10.6781339645,
        "var": 3.30643296242
    },
    "barkbands_flatness_db": {
        "dmean": 0.0150278015062,
        "dmean2": 0.0219093244523,
        "dvar": 0.00149734318256,
        "dvar2": 0.00156540900934,
        "max": 0.527298331261,
        "mean": 0.49254104495,
        "median": 0.496869891882,
        "min": 0.196962639689,
        "var": 0.00163101730868
    },
    "barkbands_kurtosis": {
        "dmean": 2.01808071136,
        "dmean2": 2.40121912956,
        "dvar": 24.5767974854,
        "dvar2": 25.0917644501,
        "max": 47.9963150024,
        "mean": 5.95621967316,
        "median": 4.53992557526,
        "min": 2.43907308578,
        "var": 34.7154388428
    },
    "barkbands_skewness": {
        "dmean": 0.220976859331,
        "dmean2": 0.233818024397,
        "dvar": 0.16710434854,
        "dvar2": 0.19099201262,
        "max": 4.12581968307,
        "mean": 1.24864804745,
        "median": 1.15141570568,
        "min": 0.832530140877,
        "var": 0.219431906939
    },
    "barkbands_spread": {
        "dmean": 0.11309890449,
        "dmean2": 0.116521596909,
        "dvar": 0.135111778975,
        "dvar2": 0.146110191941,
        "max": 4.214366436,
        "mean": 0.828769445419,
        "median": 0.805710673332,
        "min": 0.499038040638,
        "var": 0.159051418304
    },
    "dissonance": {
        "dmean": 0.0443863868713,
        "dmean2": 0.0597650557756,
        "dvar": 0.00090462184744,
        "dvar2": 0.00216498086229,
        "max": 0.453217357397,
        "mean": 0.375515282154,
        "median": 0.373062998056,
        "min": 0.280112504959,
        "var": 0.00210948172025
    },
    "dynamic_complexity": 0.377047657967,
    "erbbands_crest": {
        "dmean": 1.66400408745,
        "dmean2": 1.90509319305,
        "dvar": 1.63741803169,
        "dvar2": 2.54124617577,
        "max": 19.8433094025,
        "mean": 12.4099378586,
        "median": 11.98620224,
        "min": 8.08578968048,
        "var": 5.34153223038
    },
    "erbbands_flatness_db": {
        "dmean": 0.0152136059478,
        "dmean2": 0.0209209807217,
        "dvar": 0.00127199606504,
        "dvar2": 0.00137311872095,
        "max": 0.396042883396,
        "mean": 0.369828432798,
        "median": 0.374548435211,
        "min": 0.106033034623,
        "var": 0.00135442172177
    },
    "erbbands_kurtosis": {
        "dmean": 4.59038734436,
        "dmean2": 6.37720251083,
        "dvar": 15.2430496216,
        "dvar2": 24.200094223,
        "max": 36.562713623,
        "mean": 15.7856369019,
        "median": 14.3344039917,
        "min": 1.90405702591,
        "var": 35.7476882935
    },
    "erbbands_skewness": {
        "dmean": 0.386827409267,
        "dmean2": 0.522606015205,
        "dvar": 0.0855354890227,
        "dvar2": 0.12986291945,
        "max": 4.07288885117,
        "mean": 2.44643449783,
        "median": 2.30315613747,
        "min": 1.51220870018,
        "var": 0.297768294811
    },
    "erbbands_spread": {
        "dmean": 0.783791661263,
        "dmean2": 0.873393952847,
        "dvar": 17.6575965881,
        "dvar2": 18.0711631775,
        "max": 40.0010223389,
        "mean": 3.68304657936,
        "median": 3.10291790962,
        "min": 2.44172692299,
        "var": 17.5362091064
    },
    "hfc": {
        "dmean": 3.80717968941,
        "dmean2": 3.80103111267,
        "dvar": 6.91405725479,
        "dvar2": 8.00036144257,
        "max": 23.9180183411,
        "mean": 15.9414262772,
        "median": 15.7671232224,
        "min": 3.49251747131,
        "var": 19.7376251221
    },
    "melbands_crest": {
        "dmean": 1.94140148163,
        "dmean2": 1.88573026657,
        "dvar": 1.55726313591,
        "dvar2": 1.46022832394,
        "max": 29.590013504,
        "mean": 23.8078594208,
        "median": 23.826631546,
        "min": 17.2434768677,
        "var": 7.47198486328
    },
    "melbands_flatness_db": {
        "dmean": 0.0170228071511,
        "dmean2": 0.024922631681,
        "dvar": 0.0016573946923,
        "dvar2": 0.00175382988527,
        "max": 0.684454739094,
        "mean": 0.645301938057,
        "median": 0.649801790714,
        "min": 0.32753944397,
        "var": 0.00192088016775
    },
    "melbands_kurtosis": {
        "dmean": 3.11798644066,
        "dmean2": 3.59966731071,
        "dvar": 49.9207572937,
        "dvar2": 52.0739784241,
        "max": 63.760597229,
        "mean": 11.0089635849,
        "median": 9.10398960114,
        "min": 5.94237327576,
        "var": 67.1704406738
    },
    "melbands_skewness": {
        "dmean": 0.202630206943,
        "dmean2": 0.212768167257,
        "dvar": 0.171008452773,
        "dvar2": 0.18906891346,
        "max": 4.93135595322,
        "mean": 1.78770542145,
        "median": 1.72547280788,
        "min": 1.42359101772,
        "var": 0.202714666724
    },
    "melbands_spread": {
        "dmean": 0.103359661996,
        "dmean2": 0.106416270137,
        "dvar": 0.0427379086614,
        "dvar2": 0.0470830835402,
        "max": 2.6989505291,
        "mean": 0.696408450603,
        "median": 0.683911979198,
        "min": 0.395595878363,
        "var": 0.064285799861
    },
    "pitch_salience": {
        "dmean": 0.0351847186685,
        "dmean2": 0.0350387729704,
        "dvar": 0.000985330436379,
        "dvar2": 0.00125500350259,
        "max": 0.672623217106,
        "mean": 0.471385776997,
        "median": 0.473188251257,
        "min": 0.336535573006,
        "var": 0.00348381046206
    },
    "silence_rate_20dB": {
        "dmean": 0,
        "dmean2": 0,
        "dvar": 0,
        "dvar2": 0,
        "max": 1,
        "mean": 1,
        "median": 1,
        "min": 1,
        "var": 0
    },
    "silence_rate_30dB": {
        "dmean": 0.300000011921,
        "dmean2": 0.594936728477,
        "dvar": 0.210000008345,
        "dvar2": 0.468835264444,
        "max": 1,
        "mean": 0.197530865669,
        "median": 0,
        "min": 0,
        "var": 0.158512532711
    },
    "silence_rate_60dB": {
        "dmean": 0,
        "dmean2": 0,
        "dvar": 0,
        "dvar2": 0,
        "max": 0,
        "mean": 0,
        "median": 0,
        "min": 0,
        "var": 0
    },
    "spectral_centroid": {
        "dmean": 9.06530475616,
        "dmean2": 9.15020179749,
        "dvar": 474.529724121,
        "dvar2": 503.272735596,
        "max": 373.624603271,
        "mean": 160.362548828,
        "median": 158.325561523,
        "min": 132.328475952,
        "var": 668.121459961
    },
    "spectral_complexity": {
        "dmean": 1.07500004768,
        "dmean2": 1.6202532053,
        "dvar": 0.844375014305,
        "dvar2": 1.17224788666,
        "max": 7,
        "mean": 4.64197540283,
        "median": 5,
        "min": 2,
        "var": 1.48910212517
    },
    "spectral_decrease": {
        "dmean": 6.16732487302e-09,
        "dmean2": 6.19327700235e-09,
        "dvar": 2.13059425004e-17,
        "dvar2": 2.4708462269e-17,
        "max": -5.45246958694e-09,
        "mean": -3.13380503769e-08,
        "median": -3.06064826816e-08,
        "min": -4.29945608005e-08,
        "var": 5.35628497211e-17
    },
    "spectral_energy": {
        "dmean": 0.0236195959151,
        "dmean2": 0.0237183943391,
        "dvar": 0.000311921641696,
        "dvar2": 0.000361637445167,
        "max": 0.164188340306,
        "mean": 0.119722731411,
        "median": 0.116947852075,
        "min": 0.0208956655115,
        "var": 0.00078511191532
    },
    "spectral_energyband_high": {
        "dmean": 1.15068530704e-06,
        "dmean2": 1.29399654725e-06,
        "dvar": 3.86883927672e-11,
        "dvar2": 3.85195521313e-11,
        "max": 4.90111342515e-05,
        "mean": 1.55022507897e-06,
        "median": 5.81690642321e-07,
        "min": 3.04648892779e-07,
        "var": 3.90603521749e-11
    },
    "spectral_energyband_low": {
        "dmean": 0.0156711358577,
        "dmean2": 0.0157095324248,
        "dvar": 0.000140196367283,
        "dvar2": 0.000171695966856,
        "max": 0.138887792826,
        "mean": 0.093432828784,
        "median": 0.0943964198232,
        "min": 0.0142606850713,
        "var": 0.000386519182939
    },
    "spectral_energyband_middle_high": {
        "dmean": 9.62103331403e-06,
        "dmean2": 1.02189960671e-05,
        "dvar": 5.8271626413e-10,
        "dvar2": 6.02809357986e-10,
        "max": 0.000227065233048,
        "mean": 2.28458047786e-05,
        "median": 1.78683112608e-05,
        "min": 6.17111027168e-06,
        "var": 7.34786509415e-10
    },
    "spectral_energyband_middle_low": {
        "dmean": 0.0121391518041,
        "dmean2": 0.0122710801661,
        "dvar": 6.41023361823e-05,
        "dvar2": 8.22528454592e-05,
        "max": 0.0669829472899,
        "mean": 0.0343787074089,
        "median": 0.031724140048,
        "min": 0.00640145502985,
        "var": 0.000219972498599
    },
    "spectral_entropy": {
        "dmean": 0.137577801943,
        "dmean2": 0.175653919578,
        "dvar": 0.127020567656,
        "dvar2": 0.134860739112,
        "max": 7.48963260651,
        "mean": 4.68471193314,
        "median": 4.63744688034,
        "min": 4.35520553589,
        "var": 0.135444834828
    },
    "spectral_flux": {
        "dmean": 0.0264179166406,
        "dmean2": 0.0440386384726,
        "dvar": 0.00101346313022,
        "dvar2": 0.00266867433675,
        "max": 0.296715140343,
        "mean": 0.069359652698,
        "median": 0.0667918995023,
        "min": 0.0311054196209,
        "var": 0.00102760444861
    },
    "spectral_kurtosis": {
        "dmean": 28.694152832,
        "dmean2": 48.2672119141,
        "dvar": 481.407318115,
        "dvar2": 1334.22937012,
        "max": 164.309494019,
        "mean": 106.670188904,
        "median": 107.855613708,
        "min": 5.9658946991,
        "var": 845.290222168
    },
    "spectral_rms": {
        "dmean": 0.00108504539821,
        "dmean2": 0.00108852924313,
        "dvar": 8.95824712188e-07,
        "dvar2": 1.00810962067e-06,
        "max": 0.0126563720405,
        "mean": 0.0107226017863,
        "median": 0.0106815481558,
        "min": 0.00451508723199,
        "var": 1.82845985819e-06
    },
    "spectral_rolloff": {
        "dmean": 9.42077636719,
        "dmean2": 16.0817584991,
        "dvar": 137.292388916,
        "dvar2": 193.317108154,
        "max": 193.798828125,
        "mean": 175.189880371,
        "median": 172.265625,
        "min": 129.19921875,
        "var": 271.945678711
    },
    "spectral_skewness": {
        "dmean": 1.34191393852,
        "dmean2": 2.31069350243,
        "dvar": 1.2224240303,
        "dvar2": 3.05498027802,
        "max": 10.9480838776,
        "mean": 8.31234550476,
        "median": 8.2931060791,
        "min": 2.07003116608,
        "var": 1.99114012718
    },
    "spectral_spread": {
        "dmean": 478645.90625,
        "dmean2": 676472.9375,
        "dvar": 2.76929681818e+12,
        "dvar2": 2.88785327718e+12,
        "max": 15563217,
        "mean": 1247410.875,
        "median": 992294.5,
        "min": 568721.5,
        "var": 2.83509181645e+12
    },
    "spectral_strongpeak": {
        "dmean": 0.397799402475,
        "dmean2": 0.729683816433,
        "dvar": 0.0957576557994,
        "dvar2": 0.134425327182,
        "max": 1.79940521717,
        "mean": 1.14371800423,
        "median": 1.18705022335,
        "min": 0.184811249375,
        "var": 0.129376322031
    },
    "zerocrossingrate": {
        "dmean": 0.00019531250291,
        "dmean2": 0.000302857981296,
        "dvar": 1.70469277805e-07,
        "dvar2": 2.7344958653e-07,
        "max": 0.00537109375,
        "mean": 0.00485869962722,
        "median": 0.0048828125,
        "min": 0.0029296875,
        "var": 1.40703832585e-07
    },
    "barkbands": {
        "dmean": [5.0047012337e-05, 0.00106058618985, 0.0144911082461, 0.0077031836845, 0.00613438151777, 0.00053224171279, 0.000108458138129, 2.25152725761e-05, 7.0931287155e-06, 2.82362361759e-06, 2.81840812022e-06, 1.7901281808e-06, 1.05707056264e-06, 7.03322598383e-07, 5.55098608856e-07, 4.3119990778e-07, 3.92711228869e-07, 4.2617290319e-07, 4.67643445745e-07, 3.15298564146e-07, 2.273569919e-07, 1.5722109481e-07, 1.4017719252e-07, 1.51819392613e-07, 1.25019170127e-07, 1.20041207197e-07, 1.20833561823e-07],
        "dmean2": [6.23612213531e-05, 0.0012468227651, 0.0145340086892, 0.00771831767634, 0.00602378789335, 0.000544384762179, 0.000108876643935, 2.43906288233e-05, 8.02720205684e-06, 3.70248994841e-06, 3.3506046293e-06, 2.06481445275e-06, 1.24375083033e-06, 8.49272794312e-07, 6.82492213855e-07, 4.79045866086e-07, 5.17546652645e-07, 5.59851116577e-07, 6.4403423039e-07, 4.13458053572e-07, 2.65884665396e-07, 1.72249173147e-07, 1.55687942538e-07, 1.85707349942e-07, 1.34509974714e-07, 1.30411919486e-07, 1.25814366925e-07],
        "dvar": [5.48878524853e-08, 5.72233489038e-07, 0.000103618294816, 2.23446058953e-05, 1.52300808622e-05, 1.34815820729e-07, 6.44362518898e-09, 4.42574948911e-10, 6.10357944741e-11, 3.81650162862e-11, 6.96058054944e-12, 1.14969336135e-11, 8.01652581123e-12, 5.60264811975e-12, 4.14488842554e-12, 3.6723198267e-12, 2.31569407746e-12, 1.66352695508e-12, 1.74911181459e-12, 1.26042991148e-12, 1.28249093203e-12, 7.8725318365e-13, 6.14852244639e-13, 4.92172058317e-13, 5.20877991347e-13, 4.87215844926e-13, 5.56317090918e-13],
        "dvar2": [5.39820916856e-08, 9.58894588621e-07, 0.000102925681858, 3.72792164853e-05, 1.5644420273e-05, 1.16023663566e-07, 7.81595321797e-09, 4.59829896382e-10, 6.96029692215e-11, 4.53203551076e-11, 8.62111510652e-12, 1.41142783225e-11, 8.32968763409e-12, 5.28100133068e-12, 4.1482216967e-12, 3.62227197022e-12, 2.44623071799e-12, 1.73808439429e-12, 1.9584728804e-12, 1.20938274586e-12, 1.27528044548e-12, 7.87708928033e-13, 6.17136658616e-13, 4.96004875627e-13, 5.2427311624e-13, 4.9183920825e-13, 5.6295528135e-13],
        "max": [0.00213671149686, 0.0207897480577, 0.108710408211, 0.036680996418, 0.0300453081727, 0.00304092513397, 0.00086857000133, 0.000221254624194, 8.01911373856e-05, 5.41598892596e-05, 3.50347072526e-05, 3.07018417516e-05, 2.51207311521e-05, 2.08878100239e-05, 1.67424641404e-05, 1.50981231855e-05, 1.302686087e-05, 1.0487666259e-05, 1.12913821795e-05, 9.51489346335e-06, 9.30498481466e-06, 6.82506879457e-06, 6.14155806034e-06, 5.45699640497e-06, 5.58253714189e-06, 5.41353210792e-06, 5.75912554268e-06],
        "mean": [0.000154896944878, 0.0146411396563, 0.0705245584249, 0.0185306277126, 0.0143610956147, 0.00113192305434, 0.000276008533547, 5.91390235058e-05, 1.84784948942e-05, 5.82835536989e-06, 6.60476143821e-06, 3.58415513801e-06, 2.11833048525e-06, 1.31276385673e-06, 9.68895506048e-07, 6.53842278098e-07, 8.67348944666e-07, 6.40833718535e-07, 7.44131568808e-07, 4.91553180382e-07, 3.49176758618e-07, 1.99410465029e-07, 1.64824598414e-07, 1.7568540045e-07, 1.44436228311e-07, 1.28887776896e-07, 1.47486417745e-07],
        "median": [0.000119701588119, 0.0145611548796, 0.0714762359858, 0.0172884836793, 0.013068607077, 0.00104338303208, 0.000228034128668, 4.68260222988e-05, 1.67889120348e-05, 4.40344956587e-06, 5.08435141455e-06, 2.83085000774e-06, 1.33540356728e-06, 8.00649900157e-07, 5.50464790194e-07, 3.16103921705e-07, 5.94733478465e-07, 4.01047827836e-07, 4.71603812002e-07, 3.01094786437e-07, 1.65096977867e-07, 5.74845095969e-08, 4.08353493242e-08, 5.74205287762e-08, 2.94864541672e-08, 1.78357915104e-08, 3.1799235245e-08],
        "min": [8.19965716801e-05, 0.0082633048296, 0.00507076783106, 0.00180125236511, 0.00370329315774, 0.000164225712069, 3.16799560096e-05, 1.55879279191e-05, 1.94624249161e-06, 5.66101562072e-07, 5.06775450049e-07, 8.44799160404e-07, 3.92967393736e-07, 1.95240829726e-07, 2.09493649095e-07, 1.09882918764e-07, 1.74893855842e-07, 8.58570672335e-08, 1.37007702961e-07, 1.01785246898e-07, 7.92017402773e-08, 2.49580480727e-08, 1.83903576811e-08, 1.96581204648e-08, 1.42295979444e-08, 9.11760000832e-09, 1.96214742232e-08],
        "var": [5.67786244687e-08, 4.01802208216e-06, 0.00032626191387, 8.02733266028e-05, 5.86169080634e-05, 4.69231054012e-07, 3.66237600247e-08, 1.52370560613e-09, 1.44837003502e-10, 4.53579326876e-11, 2.69751027071e-11, 1.44891876275e-11, 9.41778079133e-12, 6.40386832104e-12, 4.47186645353e-12, 3.7678900798e-12, 2.45087804218e-12, 1.72510616903e-12, 1.9175019645e-12, 1.35633637568e-12, 1.30929685496e-12, 7.90436672279e-13, 6.14508173079e-13, 4.96574244398e-13, 5.1828441712e-13, 4.83460656491e-13, 5.50601936006e-13]
    },
    "erbbands": {
        "dmean": [0.00876752473414, 0.238756805658, 9.99641036987, 21.8148040771, 22.4072151184, 17.0988502502, 7.8367729187, 3.75030446053, 1.83566892147, 1.07427322865, 0.299993693829, 0.17348305881, 0.098799996078, 0.11136329174, 0.10251673311, 0.0618066489697, 0.0520019754767, 0.0352732911706, 0.0330115295947, 0.0274649113417, 0.0241739265621, 0.0189757458866, 0.020117899403, 0.0274869352579, 0.0173473060131, 0.0158415939659, 0.0110813844949, 0.00771015603095, 0.00575198605657, 0.00465862359852, 0.00391360698268, 0.00345593621023, 0.00230946880765, 0.00141643511597, 0.000894389697351, 0.000502103590406, 0.000219233945245, 7.53036583774e-05, 2.54532060353e-05, 2.51982801274e-05],
        "dmean2": [0.0119491145015, 0.324093550444, 10.1990118027, 22.0686531067, 22.4939517975, 16.8679237366, 7.94698905945, 3.87285876274, 1.84610724449, 1.08142590523, 0.338376253843, 0.190654590726, 0.112521283329, 0.137853160501, 0.127317219973, 0.0677574872971, 0.0602123886347, 0.0425363257527, 0.0374073758721, 0.0317995063961, 0.0276077315211, 0.0234230160713, 0.0257221814245, 0.0388462617993, 0.0213703308254, 0.0208906698972, 0.0131806191057, 0.00903772283345, 0.00624535279348, 0.00501312641427, 0.00438445387408, 0.0043235165067, 0.00269741960801, 0.00150748260785, 0.000985272112302, 0.000563349458389, 0.000233535902225, 7.82178467489e-05, 2.53268808592e-05, 2.52304744208e-05],
        "dvar": [0.000773147621658, 0.167597830296, 87.3339920044, 194.323577881, 243.962677002, 110.621231079, 25.2320671082, 7.17302560806, 2.34616351128, 0.524825692177, 0.0583785176277, 0.0312520153821, 0.0326151326299, 0.0207860432565, 0.0159914251417, 0.0188666824251, 0.0180684626102, 0.0153382699937, 0.0137509433553, 0.0112880319357, 0.0107103940099, 0.00696726655588, 0.00549809774384, 0.00476228492334, 0.00379995070398, 0.00291686807759, 0.00248794700019, 0.00157885008957, 0.00105918606278, 0.000724689220078, 0.000468578044092, 0.000252010009717, 0.000125920327264, 6.62560560158e-05, 2.54940823652e-05, 7.61733372201e-06, 1.67974428678e-06, 2.16654754581e-07, 9.66369206878e-09, 1.88198706619e-10],
        "dvar2": [0.000840250286274, 0.18582829833, 87.2023696899, 274.675048828, 266.79196167, 123.353530884, 22.5095653534, 6.03067302704, 2.62428450584, 0.62663346529, 0.0602745711803, 0.0377577655017, 0.035342335701, 0.0287893265486, 0.0195987243205, 0.0209933556616, 0.0186704192311, 0.0146037945524, 0.0137755991891, 0.0111316740513, 0.0108131952584, 0.00721880281344, 0.00571047607809, 0.00526780961081, 0.00403912970796, 0.00283000268973, 0.00239004893228, 0.00159500085283, 0.00106179050636, 0.000732119602617, 0.000469667778816, 0.000254417624092, 0.00012619845802, 6.65577608743e-05, 2.57365518337e-05, 7.6670994531e-06, 1.69633938185e-06, 2.19084029141e-07, 9.63416280086e-09, 2.06930306224e-10],
        "max": [0.346594721079, 7.97726726532, 107.610397339, 104.752380371, 137.051208496, 77.1256561279, 36.4337310791, 23.9620227814, 15.5120038986, 6.10332584381, 2.40790629387, 1.86683535576, 1.67686271667, 1.60914945602, 1.33544230461, 1.24921417236, 1.20615613461, 1.07213449478, 0.97205966711, 0.882688224316, 0.823989510536, 0.707576215267, 0.58250015974, 0.588490366936, 0.536764144897, 0.448818713427, 0.416936695576, 0.318542093039, 0.250444978476, 0.207269772887, 0.171255961061, 0.125730916858, 0.086498580873, 0.0629786849022, 0.0391213186085, 0.0214738100767, 0.0100712934509, 0.00361558771692, 0.000828282849398, 0.000179096066859],
        "mean": [0.0880344137549, 5.98047733307, 74.3849258423, 62.1689033508, 72.7268753052, 34.7288208008, 15.5217180252, 8.34216308594, 4.75459623337, 2.66153764725, 0.839821815491, 0.437080293894, 0.236764386296, 0.269226402044, 0.234140276909, 0.129494935274, 0.104629397392, 0.0685848668218, 0.059208471328, 0.0450897030532, 0.0442334637046, 0.0412319265306, 0.0308252759278, 0.0449853949249, 0.029148189351, 0.0242010522634, 0.0179929174483, 0.0107935825363, 0.00728770112619, 0.00589082483202, 0.00457810377702, 0.003897723509, 0.00282661151141, 0.00170216127299, 0.00106458738446, 0.000601132691372, 0.000262486079009, 8.28864067444e-05, 7.31235704734e-05, 0.000132143642986],
        "median": [0.0828651785851, 5.85349225998, 75.010635376, 61.075592041, 69.0733642578, 32.3249855042, 14.0287904739, 7.3706703186, 3.74241781235, 2.42014956474, 0.716564178467, 0.381062060595, 0.192301303148, 0.2231272012, 0.20323741436, 0.10588504374, 0.0686269551516, 0.0414865091443, 0.0367885231972, 0.0250221118331, 0.0276758726686, 0.0267551634461, 0.0181878097355, 0.0323751084507, 0.0177547540516, 0.0143158277497, 0.00919924117625, 0.0047321128659, 0.00213849195279, 0.00165805756114, 0.00111482408829, 0.00117390661035, 0.000947892956901, 0.000391770678107, 0.000258003652561, 0.000141133365105, 6.0804108216e-05, 1.09884977064e-05, 5.70895826968e-05, 0.000129594947794],
        "min": [0.0704108178616, 2.14727091789, 6.62365102768, 4.57335519791, 14.4627571106, 6.20770168304, 2.30033874512, 1.2395080328, 0.527725934982, 0.598465621471, 0.29476377368, 0.0734304487705, 0.0213897377253, 0.0213224440813, 0.0208577159792, 0.0385977551341, 0.0201153717935, 0.0109432348981, 0.0109759876505, 0.00923539698124, 0.0111405709758, 0.0113917822018, 0.00497755827382, 0.00748371239752, 0.00554662477225, 0.00512613262981, 0.00408918084577, 0.00181315047666, 0.00106564059388, 0.000951839203481, 0.000489259429742, 0.000408848223742, 0.000437369046267, 0.000206214594073, 0.000160925555974, 8.04371302365e-05, 3.25931869156e-05, 5.88395914747e-06, 4.08070736739e-05, 9.12073082873e-05],
        "var": [0.000969371874817, 0.492237508297, 205.192932129, 607.375671387, 832.999694824, 438.777435303, 92.3358230591, 25.5378379822, 12.7269077301, 1.95380055904, 0.204668283463, 0.0789669975638, 0.0425168089569, 0.0533671863377, 0.0322806201875, 0.0223131105304, 0.0215553175658, 0.0175581797957, 0.014554835856, 0.0119589511305, 0.0110160317272, 0.00722392788157, 0.00556763680652, 0.00515530724078, 0.00411708466709, 0.00313834450208, 0.00262998300605, 0.00158867344726, 0.00106309552211, 0.000723093224224, 0.000469524267828, 0.000253029924352, 0.00012741710816, 6.62871389068e-05, 2.53136695392e-05, 7.59576505516e-06, 1.66617701325e-06, 2.14263835119e-07, 1.02256452195e-08, 7.99609156665e-10]
    },
    "gfcc": {
        "mean": [-176.549591064, 212.334533691, -1.83864569664, 36.1010398865, -18.9812641144, -17.7642230988, -21.4539890289, -16.4786186218, -22.8118000031, -19.5609893799, -5.44998455048, -20.572019577, -7.91002082825],
        "cov": [[639.369873047, -222.854537964, -143.291107178, -41.9703598022, -84.8843536377, 39.2693252563, -43.3709373474, 3.33939504623, -48.5279693604, 38.5758399963, -15.8706302643, 38.5687980652, -21.7003612518], [-222.854537964, 306.376953125, 52.7526626587, -65.581993103, 16.3872909546, -88.5508270264, 14.17121315, -80.9828262329, -21.4079189301, -35.2437362671, 30.2095088959, -33.314666748, 23.6329040527], [-143.291107178, 52.7526626587, 51.4564628601, 17.3197307587, 17.1043167114, -16.5573120117, 1.14684462547, 4.59647274017, 12.8410215378, -14.5339736938, 4.24985837936, -11.3315324783, 1.81278681755], [-41.9703598022, -65.581993103, 17.3197307587, 49.9782218933, 6.83315134048, 15.922999382, -2.60345602036, 30.4626159668, 15.9588394165, -1.88453292847, -1.6511824131, -0.0675400719047, -6.72582101822], [-84.8843536377, 16.3872909546, 17.1043167114, 6.83315134048, 31.9085731506, -3.59418797493, 1.90501153469, 4.53484487534, 16.6552696228, -1.13812232018, -8.50997924805, -0.341604620218, -0.836093902588], [39.2693252563, -88.5508270264, -16.5573120117, 15.922999382, -3.59418797493, 38.8340377808, 4.10436010361, 19.9647483826, 4.821393013, 13.3118686676, -9.17586326599, 8.36096668243, -3.53294324875], [-43.3709373474, 14.17121315, 1.14684462547, -2.60345602036, 1.90501153469, 4.10436010361, 13.1063842773, -3.90194320679, -2.43504190445, 0.471155464649, 1.26764643192, -2.29409360886, 4.55050563812], [3.33939504623, -80.9828262329, 4.59647274017, 30.4626159668, 4.53484487534, 19.9647483826, -3.90194320679, 37.4292793274, 14.3461942673, 1.5723721981, -8.93103027344, 7.73111343384, -6.7618355751], [-48.5279693604, -21.4079189301, 12.8410215378, 15.9588394165, 16.6552696228, 4.821393013, -2.43504190445, 14.3461942673, 22.6676502228, 3.02027273178, -8.38062095642, 3.73854446411, -4.16822624207], [38.5758399963, -35.2437362671, -14.5339736938, -1.88453292847, -1.13812232018, 13.3118686676, 0.471155464649, 1.5723721981, 3.02027273178, 14.0394868851, -5.57242441177, 4.59876346588, -2.09404563904], [-15.8706302643, 30.2095088959, 4.24985837936, -1.6511824131, -8.50997924805, -9.17586326599, 1.26764643192, -8.93103027344, -8.38062095642, -5.57242441177, 12.9076690674, -6.71746969223, 1.42958664894], [38.5687980652, -33.314666748, -11.3315324783, -0.0675400719047, -0.341604620218, 8.36096668243, -2.29409360886, 7.73111343384, 3.73854446411, 4.59876346588, -6.71746969223, 10.912612915, -2.81364321709], [-21.7003612518, 23.6329040527, 1.81278681755, -6.72582101822, -0.836093902588, -3.53294324875, 4.55050563812, -6.7618355751, -4.16822624207, -2.09404563904, 1.42958664894, -2.81364321709, 7.50229787827]],
        "icov": [[0.0455296896398, 0.0545609369874, 0.0412659607828, 0.0336545109749, 0.045111887157, 0.0539723113179, 0.0792953446507, 0.0520554482937, 0.0588970668614, 0.0177266001701, 0.0614975579083, 0.0086938617751, 0.0385005250573], [0.0545609369874, 0.310886621475, -0.0638568475842, 0.213505253196, -0.0465442799032, 0.246366783977, -0.0415768325329, 0.311873555183, -0.0254004765302, 0.243957132101, -0.101359598339, 0.0917004495859, -0.0898377671838], [0.0412659607828, -0.0638568475842, 0.153026103973, -0.0565616637468, 0.0811173021793, -0.023809088394, 0.126405581832, -0.0744841694832, 0.0554100163281, -0.042167969048, 0.134858518839, 0.0225333496928, 0.0886257737875], [0.0336545109749, 0.213505253196, -0.0565616637468, 0.211184099317, -0.0406858511269, 0.144251450896, -0.0300639495254, 0.174401551485, -0.0482237376273, 0.182742014527, -0.113059602678, 0.0897534862161, -0.0539824031293], [0.045111887157, -0.0465442799032, 0.0811173021793, -0.0406858511269, 0.164780899882, -0.00748621067032, 0.104588843882, -0.0360230617225, 0.0509812869132, -0.0568436197937, 0.194797366858, -0.00334665272385, 0.114046230912], [0.0539723113179, 0.246366783977, -0.023809088394, 0.144251450896, -0.00748621067032, 0.287206292152, -0.051609415561, 0.215803787112, 0.0159811861813, 0.126881659031, -0.0252348762006, 0.0659288242459, -0.0508358553052], [0.0792953446507, -0.0415768325329, 0.126405581832, -0.0300639495254, 0.104588843882, -0.051609415561, 0.345242083073, -0.0393938943744, 0.167318850756, -0.0956561341882, 0.163940221071, -0.0312181785703, 0.0685910731554], [0.0520554482937, 0.311873555183, -0.0744841694832, 0.174401551485, -0.0360230617225, 0.215803787112, -0.0393938943744, 0.413289248943, -0.0461379140615, 0.286656171083, -0.0668520852923, 0.0590169392526, -0.074256837368], [0.0588970668614, -0.0254004765302, 0.0554100163281, -0.0482237376273, 0.0509812869132, 0.0159811861813, 0.167318850756, -0.0461379140615, 0.269301265478, -0.135769337416, 0.170191034675, -0.0715338736773, 0.11635569483], [0.0177266001701, 0.243957132101, -0.042167969048, 0.182742014527, -0.0568436197937, 0.126881659031, -0.0956561341882, 0.286656171083, -0.135769337416, 0.403951644897, -0.0974458754063, 0.114327423275, -0.0746312141418], [0.0614975579083, -0.101359598339, 0.134858518839, -0.113059602678, 0.194797366858, -0.0252348762006, 0.163940221071, -0.0668520852923, 0.170191034675, -0.0974458754063, 0.438563853502, 0.0258641485125, 0.20685133338], [0.0086938617751, 0.0917004495859, 0.0225333496928, 0.0897534862161, -0.00334665272385, 0.0659288242459, -0.0312181785703, 0.0590169392526, -0.0715338736773, 0.114327423275, 0.0258641485125, 0.257534921169, -0.00207274500281], [0.0385005250573, -0.0898377671838, 0.0886257737875, -0.0539824031293, 0.114046230912, -0.0508358553052, 0.0685910731554, -0.074256837368, 0.11635569483, -0.0746312141418, 0.20685133338, -0.00207274500281, 0.341702699661]]
    },
    "melbands": {
        "dmean": [0.00017676151765, 0.00367574510165, 0.00388838909566, 0.00147438549902, 0.000337835925166, 8.43278758111e-05, 2.6191220968e-05, 1.00998404378e-05, 1.87077444025e-06, 1.07355197088e-06, 4.82489213027e-07, 4.50584366263e-07, 3.67666586953e-07, 2.30924385392e-07, 1.16197213629e-07, 9.77677458991e-08, 6.51491305348e-08, 5.66116113987e-08, 4.067915782e-08, 3.2861805721e-08, 2.95445605758e-08, 2.21263878331e-08, 1.56241615201e-08, 2.15549285087e-08, 2.34492496531e-08, 1.56846891031e-08, 1.0873020706e-08, 1.03218003034e-08, 7.5708257441e-09, 5.52625811778e-09, 4.16804013526e-09, 3.34115912715e-09, 2.8850704048e-09, 2.49989295931e-09, 2.24398855053e-09, 2.137082733e-09, 2.21883200702e-09, 1.63752988946e-09, 1.38549172135e-09, 1.15009635149e-09],
        "dmean2": [0.000212030208786, 0.0037513601128, 0.00387202901766, 0.00146197259892, 0.000339911639458, 8.67262933752e-05, 2.58336112893e-05, 1.01767500382e-05, 2.21306481762e-06, 1.2268374121e-06, 5.55830297344e-07, 5.86789667523e-07, 4.44737565886e-07, 2.69508348083e-07, 1.37446022563e-07, 1.09563004003e-07, 7.8783664037e-08, 6.42082369495e-08, 5.02104207101e-08, 3.83576583829e-08, 3.57078064894e-08, 2.89149557631e-08, 1.8841724625e-08, 2.92713941974e-08, 3.35565601972e-08, 1.9764566872e-08, 1.4304117002e-08, 1.33499247212e-08, 9.26696408499e-09, 6.47777964602e-09, 4.87688556206e-09, 3.68512398374e-09, 3.14438874938e-09, 2.68719602126e-09, 2.47863041203e-09, 2.4885977723e-09, 2.92588420159e-09, 1.95337834796e-09, 1.51971513151e-09, 1.23723942203e-09],
        "dvar": [3.93452559422e-08, 1.08123686005e-05, 6.39403515379e-06, 9.17806573852e-07, 4.90380962503e-08, 3.63030605577e-09, 4.27871515996e-10, 5.16612204404e-11, 2.65732618202e-12, 1.22840127827e-12, 8.23061941952e-13, 3.78316301897e-13, 1.48097598638e-13, 1.40115973294e-13, 1.14774143423e-13, 7.84384628647e-14, 4.95268634589e-14, 3.75780847682e-14, 2.13232650124e-14, 1.87555540895e-14, 1.42763371383e-14, 7.76634514349e-15, 5.28564229196e-15, 3.77495691295e-15, 3.09028493509e-15, 2.32394458156e-15, 1.52200862133e-15, 1.21696823422e-15, 1.01369790281e-15, 7.37613072309e-16, 4.60515878615e-16, 3.4130790269e-16, 2.73807211848e-16, 2.07924698043e-16, 1.61116519177e-16, 1.26100852117e-16, 8.14436604815e-17, 6.13991684152e-17, 5.44550533473e-17, 4.46288755891e-17],
        "dvar2": [5.70035005865e-08, 1.06075913209e-05, 8.8639999376e-06, 9.87449766399e-07, 4.70375312034e-08, 3.06021763485e-09, 5.15680387281e-10, 5.91605722744e-11, 2.62528410469e-12, 1.49326276171e-12, 9.03799550391e-13, 5.17582829894e-13, 1.84828769043e-13, 1.67861398067e-13, 1.30008742487e-13, 7.8958120966e-14, 4.67311126319e-14, 3.75272390745e-14, 2.14306366029e-14, 1.83200825929e-14, 1.46936025088e-14, 8.12528382522e-15, 5.46161381027e-15, 3.95224090881e-15, 3.49074114849e-15, 2.57900907187e-15, 1.52846809458e-15, 1.16569828284e-15, 9.61330408486e-16, 7.23542002171e-16, 4.69796448041e-16, 3.40443029111e-16, 2.75694586543e-16, 2.1028019079e-16, 1.61404920661e-16, 1.26293763871e-16, 8.33266213407e-17, 6.17266128238e-17, 5.425461425e-17, 4.49184318169e-17],
        "max": [0.00442162062973, 0.0397461242974, 0.0206703618169, 0.00761818466708, 0.00158731092233, 0.000528589240275, 0.000219561770791, 6.73610411468e-05, 1.83954216482e-05, 1.10088294605e-05, 8.18604803499e-06, 6.542914889e-06, 4.58768181488e-06, 3.45546072822e-06, 3.08514449898e-06, 2.39261635215e-06, 1.93671689885e-06, 1.60959029927e-06, 1.21964990285e-06, 1.11937765723e-06, 9.43782936247e-07, 7.6740360555e-07, 5.64609990761e-07, 5.0141477459e-07, 4.72887819569e-07, 4.21221670877e-07, 3.38154080737e-07, 2.86077465717e-07, 2.71900034932e-07, 2.22892836632e-07, 1.69253368654e-07, 1.41029346423e-07, 1.28541401523e-07, 1.10515266272e-07, 9.96617117721e-08, 9.05333337187e-08, 7.06240186332e-08, 5.98192997359e-08, 5.72722846925e-08, 5.15780698152e-08],
        "mean": [0.00207782746293, 0.0274691134691, 0.0122963730246, 0.00383682316169, 0.000706391991116, 0.000187108875252, 6.72831956763e-05, 2.45424853347e-05, 5.23416110809e-06, 2.65719972958e-06, 1.14557383313e-06, 1.05089225144e-06, 8.6868061544e-07, 4.48639241313e-07, 2.64042398612e-07, 1.88434611914e-07, 1.21358141314e-07, 9.94948337052e-08, 7.0461723567e-08, 4.89317919516e-08, 5.72295668633e-08, 5.1943814583e-08, 2.18675069164e-08, 3.25759081932e-08, 3.78113256261e-08, 2.5196317921e-08, 1.68295368752e-08, 1.54763952764e-08, 1.22686740767e-08, 7.98239252475e-09, 5.57266854884e-09, 4.10690192965e-09, 3.62279917177e-09, 3.11270498266e-09, 2.62034838272e-09, 2.35961583606e-09, 2.41358022457e-09, 1.92319982162e-09, 1.7781603967e-09, 1.25665944317e-09],
        "median": [0.00202177232131, 0.0277947746217, 0.0118139479309, 0.00356763554737, 0.000656521995552, 0.00016778925783, 5.32000995008e-05, 2.11708338611e-05, 4.32226033809e-06, 2.19485650632e-06, 9.11941526738e-07, 8.49779439704e-07, 6.99546546912e-07, 3.52583981567e-07, 1.87948415942e-07, 1.24719903738e-07, 7.05528648837e-08, 6.30032701565e-08, 3.94365997636e-08, 2.53495446856e-08, 3.42204025117e-08, 3.46972228726e-08, 1.01382688911e-08, 2.11721786769e-08, 2.7798801483e-08, 1.56056465528e-08, 9.84988446362e-09, 8.71520011714e-09, 6.67660371434e-09, 3.75369202388e-09, 2.22252038995e-09, 1.15415854651e-09, 1.04822273084e-09, 8.06125111108e-10, 6.10118677802e-10, 5.06108377429e-10, 7.21972426287e-10, 5.58609769552e-10, 5.63620539129e-10, 1.88224977271e-10],
        "min": [0.00166004383937, 0.00335477851331, 0.00118362833746, 0.000980885000899, 0.000122233090224, 2.81916745735e-05, 7.66975608713e-06, 4.78755600852e-06, 1.72476075022e-06, 2.98705259638e-07, 8.641440985e-08, 7.95782995056e-08, 6.88630237278e-08, 6.02749565815e-08, 7.43638395306e-08, 2.57342822607e-08, 1.78406516227e-08, 1.3294941148e-08, 1.37969715652e-08, 6.72493349896e-09, 1.10250493179e-08, 1.10196216596e-08, 4.1007344187e-09, 4.93625540443e-09, 5.97689409076e-09, 4.54563364727e-09, 2.71589684075e-09, 3.15364356851e-09, 2.16287565635e-09, 1.53944090808e-09, 7.43625050426e-10, 5.81659942434e-10, 3.62095436968e-10, 4.60683796666e-10, 2.25301097223e-10, 2.02617117528e-10, 2.18668569363e-10, 2.52734916328e-10, 2.35016422989e-10, 8.98647198322e-11],
        "var": [1.32523979346e-07, 2.71197113761e-05, 1.98245397769e-05, 3.44179557032e-06, 1.76199691282e-07, 1.27960673169e-08, 2.50691800652e-09, 1.93860330566e-10, 8.84109539051e-12, 3.16552513369e-12, 1.02757548564e-12, 8.81844131138e-13, 4.21423231598e-13, 1.90825274419e-13, 1.29911123634e-13, 8.85212855708e-14, 5.74827457769e-14, 3.95490220163e-14, 2.33524510222e-14, 1.94049285104e-14, 1.47067908118e-14, 8.31627535526e-15, 5.26753060997e-15, 3.93162200929e-15, 3.36179901699e-15, 2.5904092883e-15, 1.61400508149e-15, 1.32258106664e-15, 1.09543245294e-15, 7.53799448415e-16, 4.61197581319e-16, 3.43195277385e-16, 2.74699640467e-16, 2.06874853645e-16, 1.61351636995e-16, 1.26448625317e-16, 8.19074705771e-17, 6.19137541655e-17, 5.52881830428e-17, 4.44641640768e-17]
    },
    "mfcc": {
        "mean": [-855.941955566, 244.646240234, 81.0920562744, 62.6328773499, 30.8103179932, 8.35472011566, 15.0771512985, -0.860840976238, -6.46578121185, -3.3540623188, -7.57924032211, -2.94588518143, -2.86225676537],
        "cov": [[667.340515137, -170.990356445, -147.319610596, -80.8603363037, -82.1782073975, 6.26971578598, -10.6043949127, -27.2330055237, -33.8698539734, 5.82585525513, -3.07677459717, -40.3364372253, -18.6144218445], [-170.990356445, 259.078460693, 44.0035247803, 0.0353080742061, -13.186914444, -25.7926445007, 10.9689311981, -41.0520706177, -47.8985519409, -19.8323898315, -25.3437290192, -36.2398986816, -9.86815071106], [-147.319610596, 44.0035247803, 42.1494255066, 18.562166214, 15.0243883133, -3.42447853088, 1.79312729836, 3.98450422287, 5.32293796539, -1.22343742847, -1.7502348423, 10.3687162399, 3.86935353279], [-80.8603363037, 0.0353080742061, 18.562166214, 44.2647399902, 18.1358394623, -13.784078598, -1.28338325024, 8.371509552, 6.35743427277, -2.3331246376, 1.10164034367, 15.2569551468, 3.95010304451], [-82.1782073975, -13.186914444, 15.0243883133, 18.1358394623, 36.1297988892, 1.02798473835, -14.9625291824, 13.859375, 18.3540153503, -0.452490389347, 7.83281803131, 19.2108573914, 10.1551332474], [6.26971578598, -25.7926445007, -3.42447853088, -13.784078598, 1.02798473835, 19.6617221832, 2.12395334244, -1.07827377319, 6.80286502838, 3.50423812866, 4.82055044174, -0.526197135448, 1.40254974365], [-10.6043949127, 10.9689311981, 1.79312729836, -1.28338325024, -14.9625291824, 2.12395334244, 19.1796531677, -3.74728894234, -9.50037193298, 2.89222097397, -4.90641403198, -8.2778301239, -6.67249536514], [-27.2330055237, -41.0520706177, 3.98450422287, 8.371509552, 13.859375, -1.07827377319, -3.74728894234, 22.0158653259, 16.3877906799, 0.520633161068, 6.08040094376, 12.2043075562, 2.85862874985], [-33.8698539734, -47.8985519409, 5.32293796539, 6.35743427277, 18.3540153503, 6.80286502838, -9.50037193298, 16.3877906799, 25.6964263916, 3.02026963234, 5.85071325302, 16.6510467529, 7.48973846436], [5.82585525513, -19.8323898315, -1.22343742847, -2.3331246376, -0.452490389347, 3.50423812866, 2.89222097397, 0.520633161068, 3.02026963234, 7.97497272491, -0.0201777927577, 1.27309656143, 0.189785391092], [-3.07677459717, -25.3437290192, -1.7502348423, 1.10164034367, 7.83281803131, 4.82055044174, -4.90641403198, 6.08040094376, 5.85071325302, -0.0201777927577, 12.1872625351, 4.96717453003, 2.18191957474], [-40.3364372253, -36.2398986816, 10.3687162399, 15.2569551468, 19.2108573914, -0.526197135448, -8.2778301239, 12.2043075562, 16.6510467529, 1.27309656143, 4.96717453003, 24.1267204285, 7.84060811996], [-18.6144218445, -9.86815071106, 3.86935353279, 3.95010304451, 10.1551332474, 1.40254974365, -6.67249536514, 2.85862874985, 7.48973846436, 0.189785391092, 2.18191957474, 7.84060811996, 9.71323394775]],
