{
"lowlevel": {
    "average_loudness": 0.958290100098,
    "barkbands_crest": {
        "dmean": 0.176518574357,
        "dmean2": 0.258570253849,
        "dvar": 0.130988717079,
        "dvar2": 0.119186244905,
        "max": 18.4718132019,
        "mean": 17.1984367371,
        "median": 17.1018695831,
        "min": 11.9943523407,
        "var": 0.89025080204
    },
    "barkbands_flatness_db": {
        "dmean": 0.0174986571074,
        "dmean2": 0.0246350821108,
        "dvar": 0.000977957388386,
        "dvar2": 0.0014599848073,
        "max": 0.541305422783,
        "mean": 0.477094173431,
        "median": 0.480709910393,
        "min": 0.191133260727,
        "var": 0.00196284078993
    },
    "barkbands_kurtosis": {
        "dmean": 14.2708482742,
        "dmean2": 22.088306427,
        "dvar": 426.561889648,
        "dvar2": 881.810302734,
        "max": 255.343200684,
        "mean": 118.846450806,
        "median": 125.014480591,
        "min": 6.23187637329,
        "var": 1694.41589355
    },
    "barkbands_skewness": {
        "dmean": 0.586387991905,
        "dmean2": 0.824487328529,
        "dvar": 0.935865998268,
        "dvar2": 1.82526683807,
        "max": 11.4482364655,
        "mean": 4.67272996902,
        "median": 4.84133625031,
        "min": 1.53470659256,
        "var": 2.27095389366
    },
    "barkbands_spread": {
        "dmean": 0.0737858191133,
        "dmean2": 0.105909191072,
        "dvar": 0.0871530398726,
        "dvar2": 0.166678875685,
        "max": 3.2660176754,
        "mean": 0.374571293592,
        "median": 0.294418811798,
        "min": 0.257147341967,
        "var": 0.113296419382
    },
    "dissonance": {
        "dmean": 0.0375302918255,
        "dmean2": 0.0623257160187,
        "dvar": 0.000838512554765,
        "dvar2": 0.0021989736706,
        "max": 0.37428060174,
        "mean": 0.197265893221,
        "median": 0.189853683114,
        "min": 0.12350255996,
        "var": 0.00188453646842
    },
    "dynamic_complexity": 1.56630241871,
    "erbbands_crest": {
        "dmean": 0.26458132267,
        "dmean2": 0.336660891771,
        "dvar": 0.561738371849,
        "dvar2": 0.540071606636,
        "max": 26.0155086517,
        "mean": 24.3477210999,
        "median": 24.9299125671,
        "min": 13.6302595139,
        "var": 2.94518208504
    },
    "erbbands_flatness_db": {
        "dmean": 0.014676515013,
        "dmean2": 0.0203527584672,
        "dvar": 0.000809863908216,
        "dvar2": 0.00123120413627,
        "max": 0.524875998497,
        "mean": 0.467454820871,
        "median": 0.467714577913,
        "min": 0.216816097498,
        "var": 0.00152464362327
    },
    "erbbands_kurtosis": {
        "dmean": 18.118478775,
        "dmean2": 27.1531524658,
        "dvar": 669.247070312,
        "dvar2": 1638.67199707,
        "max": 244.455734253,
        "mean": 127.918640137,
        "median": 135.245620728,
        "min": 1.61978673935,
        "var": 2064.01489258
    },
    "erbbands_skewness": {
        "dmean": 0.697513401508,
        "dmean2": 1.00414264202,
        "dvar": 0.928025603294,
        "dvar2": 1.96757495403,
        "max": 11.9931135178,
        "mean": 6.28630685806,
        "median": 6.23617649078,
        "min": 0.911798596382,
        "var": 3.1824119091
    },
    "erbbands_spread": {
        "dmean": 0.306525617838,
        "dmean2": 0.48158454895,
        "dvar": 1.61326062679,
        "dvar2": 4.08700561523,
        "max": 11.182466507,
        "mean": 0.813167929649,
        "median": 0.548809528351,
        "min": 0.37047201395,
        "var": 1.42734861374
    },
    "hfc": {
        "dmean": 0.37912234664,
        "dmean2": 0.480180680752,
        "dvar": 0.691794037819,
        "dvar2": 0.633415818214,
        "max": 23.3333892822,
        "mean": 13.8956375122,
        "median": 12.6834545135,
        "min": 0.128711655736,
        "var": 28.403799057
    },
    "melbands_crest": {
        "dmean": 0.15452285111,
        "dmean2": 0.214064508677,
        "dvar": 0.232287168503,
        "dvar2": 0.214778974652,
        "max": 21.7488574982,
        "mean": 20.8526554108,
        "median": 20.8504943848,
        "min": 14.1647491455,
        "var": 0.702454209328
    },
    "melbands_flatness_db": {
        "dmean": 0.0180036127567,
        "dmean2": 0.0246825348586,
        "dvar": 0.00119094131514,
        "dvar2": 0.00195081345737,
        "max": 0.64351785183,
        "mean": 0.576549530029,
        "median": 0.578008651733,
        "min": 0.296798884869,
        "var": 0.00225389329717
    },
    "melbands_kurtosis": {
        "dmean": 20.4094085693,
        "dmean2": 28.3497009277,
        "dvar": 1946.42163086,
        "dvar2": 3864.14672852,
        "max": 420.274688721,
        "mean": 66.7175369263,
        "median": 53.7944221497,
        "min": 3.01952600479,
        "var": 3243.58374023
    },
    "melbands_skewness": {
        "dmean": 0.739884316921,
        "dmean2": 1.09866595268,
        "dvar": 2.51560950279,
        "dvar2": 5.47284507751,
        "max": 14.4385004044,
        "mean": 2.46564412117,
        "median": 2.17451858521,
        "min": 0.950263500214,
        "var": 3.46638774872
    },
    "melbands_spread": {
        "dmean": 0.0698272883892,
        "dmean2": 0.0899142995477,
        "dvar": 0.0737586691976,
        "dvar2": 0.0937920659781,
        "max": 3.96891188622,
        "mean": 0.399282127619,
        "median": 0.301806807518,
        "min": 0.264160215855,
        "var": 0.165780708194
    },
    "pitch_salience": {
        "dmean": 0.0184541735798,
        "dmean2": 0.0248825028539,
        "dvar": 0.00335785304196,
        "dvar2": 0.00335843651555,
        "max": 0.816706240177,
        "mean": 0.0665163323283,
        "median": 0.0431545637548,
        "min": 0.0148565648124,
        "var": 0.0091727944091
    },
    "silence_rate_20dB": {
        "dmean": 0,
        "dmean2": 0,
        "dvar": 0,
        "dvar2": 0,
        "max": 1,
        "mean": 1,
        "median": 1,
        "min": 1,
        "var": 0
    },
    "silence_rate_30dB": {
        "dmean": 0,
        "dmean2": 0,
        "dvar": 0,
        "dvar2": 0,
        "max": 1,
        "mean": 1,
        "median": 1,
        "min": 1,
        "var": 0
    },
    "silence_rate_60dB": {
        "dmean": 0,
        "dmean2": 0,
        "dvar": 0,
        "dvar2": 0,
        "max": 0,
        "mean": 0,
        "median": 0,
        "min": 0,
        "var": 0
    },
    "spectral_centroid": {
        "dmean": 2.96785330772,
        "dmean2": 4.70003414154,
        "dvar": 142.382537842,
        "dvar2": 386.10144043,
        "max": 499.656982422,
        "mean": 398.203338623,
        "median": 395.10168457,
        "min": 391.807830811,
        "var": 139.403488159
    },
    "spectral_complexity": {
        "dmean": 0.119999997318,
        "dmean2": 0.221476510167,
        "dvar": 0.118933103979,
        "dvar2": 0.29323014617,
        "max": 3,
        "mean": 1.41721856594,
        "median": 1,
        "min": 1,
        "var": 0.256392419338
    },
    "spectral_decrease": {
        "dmean": 2.30082591868e-10,
        "dmean2": 2.9441182825e-10,
        "dvar": 2.77805170757e-19,
        "dvar2": 2.4792957838e-19,
        "max": -8.01501087722e-11,
        "mean": -8.9313907381e-09,
        "median": -8.17607226367e-09,
        "min": -1.42988572094e-08,
        "var": 1.18587946153e-17
    },
    "spectral_energy": {
        "dmean": 0.00089943013154,
        "dmean2": 0.00114962621592,
        "dvar": 4.25297139373e-06,
        "dvar2": 3.77549804398e-06,
        "max": 0.0559734813869,
        "mean": 0.0349693633616,
        "median": 0.0320085994899,
        "min": 0.000314179371344,
        "var": 0.000181710827746
    },
    "spectral_energyband_high": {
        "dmean": 3.8793659769e-06,
        "dmean2": 6.81526307744e-06,
        "dvar": 4.84710993565e-10,
        "dvar2": 1.36930222716e-09,
        "max": 0.000207623350434,
        "mean": 4.3277336772e-06,
        "median": 1.91808453565e-06,
        "min": 4.65417002715e-07,
        "var": 2.99869074016e-10
    },
    "spectral_energyband_low": {
        "dmean": 5.48425487068e-06,
        "dmean2": 8.39659696794e-06,
        "dvar": 3.10560216432e-10,
        "dvar2": 3.25349525099e-10,
        "max": 0.000223494658712,
        "mean": 7.81355265644e-06,
        "median": 5.33748061571e-06,
        "min": 3.87019952086e-07,
        "var": 3.29007571187e-10
    },
    "spectral_energyband_middle_high": {
        "dmean": 1.28741812659e-05,
        "dmean2": 2.22604558076e-05,
        "dvar": 2.51270870777e-09,
        "dvar2": 6.98387481179e-09,
        "max": 0.0004407876404,
        "mean": 2.25581406994e-05,
        "median": 1.47678656504e-05,
        "min": 7.27213910068e-06,
        "var": 1.66634295251e-09
    },
    "spectral_energyband_middle_low": {
        "dmean": 0.000907953362912,
        "dmean2": 0.00116081081796,
        "dvar": 4.36783557234e-06,
        "dvar2": 3.94501284973e-06,
        "max": 0.0559574589133,
        "mean": 0.0349368155003,
        "median": 0.0319877490401,
        "min": 0.000289769959636,
        "var": 0.000181500348845
    },
    "spectral_entropy": {
        "dmean": 0.200692877173,
        "dmean2": 0.278151273727,
        "dvar": 0.157839477062,
        "dvar2": 0.288611322641,
        "max": 6.46844434738,
        "mean": 3.94964313507,
        "median": 3.91637063026,
        "min": 3.31870913506,
        "var": 0.251943767071
    },
    "spectral_flux": {
        "dmean": 0.0033994615078,
        "dmean2": 0.00447949068621,
        "dvar": 0.000138641247759,
        "dvar2": 0.000150641542859,
        "max": 0.148771494627,
        "mean": 0.00871786288917,
        "median": 0.00543557759374,
        "min": 0.00362217146903,
        "var": 0.000277991930488
    },
    "spectral_kurtosis": {
        "dmean": 9.77205944061,
        "dmean2": 14.732462883,
        "dvar": 91.6670913696,
        "dvar2": 192.931915283,
        "max": 81.3976974487,
        "mean": 52.9176483154,
        "median": 55.2049179077,
        "min": 5.23618221283,
        "var": 214.49041748
    },
    "spectral_rms": {
        "dmean": 8.96050041774e-05,
        "dmean2": 0.000109453227196,
        "dvar": 8.79298056589e-08,
        "dvar2": 8.0726643148e-08,
        "max": 0.00738974101841,
        "mean": 0.00571593362838,
        "median": 0.00558819295838,
        "min": 0.000553639256395,
        "var": 1.44455941609e-06
    },
    "spectral_rolloff": {
        "dmean": 4.1630859375,
        "dmean2": 7.3704252243,
        "dvar": 894.5703125,
        "dvar2": 2513.02612305,
        "max": 689.0625,
        "mean": 411.698577881,
        "median": 409.130859375,
        "min": 409.130859375,
        "var": 533.857971191
    },
    "spectral_skewness": {
        "dmean": 0.705185115337,
        "dmean2": 1.06325221062,
        "dvar": 0.537018716335,
        "dvar2": 1.13668549061,
        "max": 7.75913000107,
        "mean": 6.01715803146,
        "median": 6.18470239639,
        "min": 1.66964483261,
        "var": 1.09310114384
    },
    "spectral_spread": {
        "dmean": 550457.875,
        "dmean2": 812180.625,
        "dvar": 434456821760,
        "dvar2": 573873258496,
        "max": 10103715,
        "mean": 2208483.5,
        "median": 2115361.5,
        "min": 1076648,
        "var": 755289817088
    },
    "spectral_strongpeak": {
        "dmean": 0.055287219584,
        "dmean2": 0.0585546121001,
        "dvar": 0.0574171133339,
        "dvar2": 0.0520595908165,
        "max": 3.853256464,
        "mean": 2.97121071815,
        "median": 2.96377325058,
        "min": 0.0335238017142,
        "var": 0.413789719343
    },
    "zerocrossingrate": {
        "dmean": 0.000410156237194,
        "dmean2": 0.000648856977932,
        "dvar": 1.0938010746e-06,
        "dvar2": 6.31867919765e-07,
        "max": 0.01806640625,
        "mean": 0.0176751352847,
        "median": 0.01806640625,
        "min": 0.0048828125,
        "var": 1.80004303729e-06
    },
    "barkbands": {
        "dmean": [4.53771491493e-07, 1.29043780817e-06, 3.37057281286e-06, 3.51112794306e-06, 1.07565447252e-05, 0.000575929007027, 0.000380891258828, 4.82858331452e-06, 6.53186434647e-05, 2.81937877844e-06, 1.49543382122e-06, 1.15600357731e-06, 2.11298038266e-06, 1.80542235739e-06, 1.76550508968e-06, 6.80622690652e-07, 4.18161363314e-07, 1.8872626697e-06, 2.06137042369e-06, 2.17006027015e-06, 4.48983826118e-07, 3.58762179076e-07, 3.88719598732e-07, 1.26276484025e-06, 2.15245449908e-07, 5.69780240767e-08, 1.54841259814e-07],
        "dmean2": [5.21626986938e-07, 1.79801020295e-06, 5.41650160812e-06, 5.57116482014e-06, 1.67804537341e-05, 0.00067886011675, 0.000572715187445, 6.84366477799e-06, 8.13467922853e-05, 4.6941167966e-06, 2.50211928687e-06, 1.92954712475e-06, 3.36630228048e-06, 3.26649910676e-06, 2.97191672871e-06, 1.1488285736e-06, 6.60782575324e-07, 3.38732093041e-06, 3.86786223316e-06, 4.01193165089e-06, 7.83993300502e-07, 5.80556843488e-07, 6.18354192738e-07, 2.33941887018e-06, 3.79602568046e-07, 8.45839522867e-08, 2.32962250379e-07],
        "dvar": [2.00772037884e-11, 5.81141593181e-11, 3.12382480994e-11, 5.30975784174e-11, 1.38816114159e-09, 1.68013798429e-06, 6.64669812522e-07, 5.85462622826e-10, 4.56095996526e-08, 3.15129172757e-11, 6.39335416205e-12, 4.21253570221e-12, 1.31063675538e-11, 4.25802587634e-11, 4.80764941746e-11, 4.43645988002e-12, 1.18297591774e-12, 1.25385132832e-10, 1.94071869686e-10, 1.63311711376e-10, 4.73075138091e-12, 1.87364598662e-12, 2.8974366309e-12, 8.35382873987e-11, 1.44006497265e-12, 5.29335960914e-14, 6.22139126783e-14],
        "dvar2": [2.02954805739e-11, 5.96751467685e-11, 4.5152999395e-11, 6.69911903728e-11, 1.45212841751e-09, 1.49661605064e-06, 6.82728000356e-07, 5.84828629968e-10, 5.52022747513e-08, 5.74854955304e-11, 9.56756375514e-12, 5.51141120589e-12, 3.65663818669e-11, 1.20769644285e-10, 1.2707053465e-10, 1.17527159879e-11, 2.45627801952e-12, 3.58740759321e-10, 5.73245395596e-10, 4.69051908425e-10, 1.2972982931e-11, 4.80556740234e-12, 7.52915438329e-12, 2.42553893637e-10, 4.05188816527e-12, 8.40848793588e-14, 1.30579696903e-13],
        "max": [5.50208278582e-05, 9.44038474699e-05, 6.75484334351e-05, 8.76441554283e-05, 0.000466462020995, 0.0354599170387, 0.0208962000906, 0.000302006403217, 0.00324541795999, 5.78802500968e-05, 2.91880824079e-05, 2.4732451493e-05, 3.31994851877e-05, 5.16371437698e-05, 6.24351814622e-05, 1.76580251718e-05, 9.65802610153e-06, 0.000105641229311, 0.000127531515318, 0.000117516188766, 2.04659918381e-05, 1.0297811059e-05, 1.52271804836e-05, 8.43376183184e-05, 1.08541780719e-05, 2.37498215938e-06, 3.36574453286e-06],
        "mean": [4.90315869683e-07, 1.49780100855e-06, 4.31826811109e-06, 4.25547750638e-06, 1.48955796249e-05, 0.0221450477839, 0.0126147484407, 5.95328901909e-06, 0.000150188890984, 4.37672406406e-06, 2.48272181125e-06, 1.93256028069e-06, 5.12397264174e-06, 2.02665046345e-06, 2.04907041734e-06, 9.2622565262e-07, 7.0385459594e-07, 1.5271510847e-06, 1.52213442561e-06, 1.53018004312e-06, 4.6511033247e-07, 3.80383681886e-07, 3.81236048952e-07, 8.94820118447e-07, 2.15579319729e-07, 1.27010608253e-07, 1.11694293992e-06],
        "median": [5.21187430991e-08, 6.36168977053e-07, 3.02832745547e-06, 2.85493888441e-06, 1.00148008642e-05, 0.0212912354618, 0.010702457279, 3.12789325108e-06, 3.24275497405e-05, 3.36094171871e-06, 1.99345186047e-06, 1.56573696586e-06, 2.58972613665e-06, 1.17737181426e-06, 1.07120604298e-06, 5.65866571378e-07, 4.61036307797e-07, 4.09420152891e-07, 3.37188254207e-07, 2.61965368509e-07, 1.94777257434e-07, 1.27706229591e-07, 9.29891683654e-08, 1.10975094003e-07, 8.64658247224e-08, 9.85813031207e-08, 1.12711336442e-06],
        "min": [1.24866939011e-09, 4.60506868194e-08, 1.19545603638e-07, 6.55378826764e-08, 2.03845752367e-06, 0.000139555748319, 9.51818656176e-05, 5.26614826413e-07, 1.77908214027e-06, 6.15191765974e-07, 4.12442091147e-07, 2.68037041451e-07, 1.56313930688e-07, 2.57902030398e-07, 3.06117726723e-07, 1.44437677818e-07, 1.32341384074e-07, 1.05318335386e-07, 1.1421445123e-07, 1.05274658324e-07, 7.14641501531e-08, 5.68781821642e-08, 4.64458587146e-08, 5.56587629319e-08, 4.76774175695e-08, 3.35156862263e-08, 6.95659210237e-08],
        "var": [2.01346057882e-11, 5.82449435904e-11, 3.70508172753e-11, 5.61637507335e-11, 1.41227463057e-09, 6.57827185933e-05, 3.12203665089e-05, 5.93233517865e-10, 2.17927023982e-07, 2.82103958249e-11, 6.50872584995e-12, 4.80972206507e-12, 3.83906517687e-11, 2.65795059573e-11, 3.52529290482e-11, 3.19320871828e-12, 1.28319588028e-12, 7.74396935466e-11, 1.08062149506e-10, 9.63968072032e-11, 3.06578048538e-12, 1.56804755812e-12, 2.30163999838e-12, 4.73005558332e-11, 8.58912550458e-13, 4.88703011164e-14, 1.11166745297e-13]
    },
    "erbbands": {
        "dmean": [3.70462366845e-05, 0.000336007447913, 0.0030691283755, 0.00769210001454, 0.0258103292435, 0.0390152335167, 0.127486273646, 5.12889099121, 9.60475921631, 0.397610604763, 0.185941115022, 1.7681992054, 0.450533539057, 0.0684141591191, 0.0542271099985, 0.0490544736385, 0.102408193052, 0.0657389461994, 0.132572561502, 0.0533811934292, 0.0368550345302, 0.0233055409044, 0.0656660348177, 0.122681722045, 0.103652149439, 0.115449540317, 0.0424106381834, 0.0103490240872, 0.0139772919938, 0.00810285285115, 0.0149230509996, 0.0284805353731, 0.0162758883089, 0.00341300736181, 0.00099463656079, 0.000295303325402, 9.32575421757e-05, 0.00014578626724, 2.00401118491e-05, 2.00171098186e-06],
        "dmean2": [4.83671610709e-05, 0.000513054314069, 0.00508402055129, 0.0119539471343, 0.0430718027055, 0.0605252794921, 0.166308328509, 6.34581232071, 13.1669111252, 0.606353700161, 0.285183489323, 2.16625976562, 0.55014526844, 0.109587110579, 0.0866902247071, 0.0826571136713, 0.16661387682, 0.115390025079, 0.233271509409, 0.0860812440515, 0.0638493821025, 0.036341316998, 0.111840128899, 0.226609945297, 0.197338283062, 0.216575622559, 0.0748695358634, 0.0174540095031, 0.0229557584971, 0.0125135248527, 0.024479739368, 0.0518648214638, 0.0302275177091, 0.00616290094331, 0.00163267133757, 0.000460420240415, 0.000138185976539, 0.000220472225919, 3.08374219458e-05, 3.2083255519e-06],
        "dvar": [6.85214018858e-08, 2.56412158706e-06, 3.39396938216e-05, 0.000232802136452, 0.00259034172632, 0.0169581510127, 0.194952964783, 109.316329956, 568.773498535, 0.538780510426, 0.247877836227, 32.6364402771, 2.23314666748, 0.015731157735, 0.0113639524207, 0.00730370217934, 0.03310040012, 0.0330752767622, 0.341055482626, 0.0187608208507, 0.01369524654, 0.00446896487847, 0.131016075611, 0.59810757637, 0.473782002926, 0.491418659687, 0.0564246065915, 0.00132540718187, 0.00275297998451, 0.00102885533124, 0.00514296907932, 0.0375516749918, 0.0147421965376, 0.000438378192484, 1.89490856428e-05, 1.50342623328e-06, 1.06483710738e-07, 2.14663025133e-08, 2.41576381121e-09, 9.47734599133e-12],
        "dvar2": [6.88563090989e-08, 2.67014752353e-06, 4.39983268734e-05, 0.000284405163256, 0.0035911903251, 0.0178567022085, 0.215004608035, 101.642692566, 524.117431641, 0.75328707695, 0.398814082146, 38.7795829773, 2.63924193382, 0.0223027970642, 0.0142656536773, 0.0117950206622, 0.0882228240371, 0.0938159897923, 0.941686213017, 0.0446112789214, 0.0373294726014, 0.00950337853283, 0.360088139772, 1.73994863033, 1.40782642365, 1.43041932583, 0.155362844467, 0.00334450881928, 0.00706090126187, 0.00255094328895, 0.0138467634097, 0.108262948692, 0.0428784564137, 0.00125865335576, 4.78625916003e-05, 2.96118628285e-06, 1.54957376708e-07, 4.53427624336e-08, 5.25108800886e-09, 1.7086445106e-11],
        "max": [0.00324306474067, 0.0199634600431, 0.0721230208874, 0.190275683999, 0.604359984398, 1.72988164425, 9.21287059784, 312.080169678, 575.831542969, 25.8205604553, 5.93251132965, 88.3839645386, 22.2503509521, 1.44179522991, 1.29884278774, 0.990820646286, 1.58509600163, 1.44317388535, 4.60099029541, 1.2040592432, 1.00561499596, 0.597089529037, 3.56111955643, 7.18435001373, 6.2033367157, 6.35240745544, 2.27846860886, 0.306139975786, 0.403825491667, 0.268811643124, 0.659166812897, 1.79718291759, 1.11962842941, 0.192401051521, 0.034723803401, 0.0103954514489, 0.00365524319932, 0.0018257239135, 0.000624660693575, 8.65231922944e-05],
        "mean": [5.04295749124e-05, 0.000416317721829, 0.00385281816125, 0.0111241769046, 0.0373074151576, 0.140463098884, 3.4817841053, 194.690261841, 356.581726074, 14.0677433014, 1.01234745979, 4.08593225479, 1.04585492611, 0.147347077727, 0.0972516238689, 0.09632627666, 0.259907186031, 0.101765818894, 0.132762819529, 0.0780308246613, 0.0524975508451, 0.0387233681977, 0.0634187832475, 0.0916862040758, 0.0728755518794, 0.0783830285072, 0.0350033640862, 0.0134262768552, 0.0149326706305, 0.0093485917896, 0.0133053418249, 0.0210424251854, 0.0113139906898, 0.00300894374959, 0.00125474412926, 0.000487519253511, 0.000327359652147, 0.000900221115444, 0.000114090798888, 5.13830200362e-05],
        "median": [2.15546078834e-05, 0.000223044291488, 0.00274926074781, 0.00886099785566, 0.0276607517153, 0.128868237138, 3.36950540543, 185.805496216, 315.841949463, 12.3996829987, 0.950086414814, 0.882706344128, 0.196058705449, 0.112192027271, 0.0773140788078, 0.079290933907, 0.118969276547, 0.0612523443997, 0.0613258257508, 0.0480866469443, 0.0334379263222, 0.0241574645042, 0.0223101023585, 0.0199859123677, 0.0154192317277, 0.012208702974, 0.00936533510685, 0.00678945099935, 0.00484981993213, 0.00336950691417, 0.00262234709226, 0.00247805239633, 0.00170062493999, 0.00101649365388, 0.000636713986751, 0.000310233299388, 0.000290638126899, 0.000991900451481, 0.000110868248157, 4.95707208756e-05],
        "min": [6.37674065729e-06, 3.98630145355e-05, 0.00015437703405, 0.00142869364936, 0.00718837883323, 0.0489937029779, 0.356711566448, 1.43110060692, 1.81633293629, 0.536461532116, 0.146118864417, 0.0944269523025, 0.0498666092753, 0.0342192314565, 0.0210418254137, 0.0167953204364, 0.00876660086215, 0.0185158140957, 0.0236133914441, 0.0157158598304, 0.010856308043, 0.00871706847101, 0.00731590762734, 0.00555281946436, 0.004925864283, 0.00483915442601, 0.00356628769077, 0.00222013355233, 0.00224309694022, 0.00159346708097, 0.00145313760731, 0.00126819731668, 0.000814551953226, 0.000550945987925, 0.000331801944412, 0.000144684629049, 8.91395247891e-05, 3.67842767446e-05, 8.24785456643e-06, 1.42716078244e-06],
        "var": [6.87692676138e-08, 2.59525995716e-06, 3.82885918953e-05, 0.000253477395745, 0.00259742699564, 0.0187593903393, 1.67363893986, 5126.85986328, 21662.1464844, 35.1332321167, 0.338669806719, 156.486480713, 10.8009767532, 0.0224613323808, 0.0119211887941, 0.00893256161362, 0.103920415044, 0.0244409106672, 0.219695866108, 0.0184599496424, 0.00952490419149, 0.00460368022323, 0.0903035253286, 0.351475417614, 0.255524009466, 0.279234111309, 0.0366351567209, 0.00100574013777, 0.00234715105034, 0.000877695274539, 0.00374037423171, 0.0217855405062, 0.00830312725157, 0.000252706260653, 1.34536658152e-05, 1.27483758661e-06, 1.06827080515e-07, 1.52202318304e-07, 2.61168864313e-09, 2.14065445925e-10]
    },
    "gfcc": {
        "mean": [-213.721862793, 109.456138611, -75.9811172485, -47.5543670654, -90.8397369385, -66.0618286133, -57.3482971191, -20.2059745789, -0.268873870373, 18.846818924, 16.6051521301, 8.01226615906, -5.91335773468],
        "cov": [[547.044555664, -173.790786743, -158.472518921, 155.600189209, -73.023727417, 29.2270412445, -34.6344566345, 3.94136404991, -6.51236391068, 1.83512735367, 35.2185897827, -39.3566093445, -6.97309064865], [-173.790786743, 167.362609863, 64.6530838013, -106.950904846, 62.8776512146, 9.01988601685, 55.2938079834, 15.3325662613, 2.67166280746, -8.32148742676, -40.7377662659, 1.5365653038, -9.09575653076], [-158.472518921, 64.6530838013, 133.461486816, -34.3802375793, 28.008769989, -4.83119821548, 12.0939540863, -10.8610315323, -0.014573186636, 12.774646759, -14.8678159714, 33.3178939819, -3.5242626667], [155.600189209, -106.950904846, -34.3802375793, 165.702301025, -2.7113931179, 9.63384819031, -43.4030952454, -1.45353722572, 1.11449682713, 0.733989655972, 32.0424423218, -6.32773208618, 8.53058719635], [-73.023727417, 62.8776512146, 28.008769989, -2.7113931179, 74.5257720947, -6.43248844147, 5.69932508469, -10.8978204727, -5.60572814941, 18.1335010529, 0.873451530933, 17.0105876923, -7.71333169937], [29.2270412445, 9.01988601685, -4.83119821548, 9.63384819031, -6.43248844147, 81.129196167, 30.5116958618, 34.8761672974, -2.91111445427, -24.8203678131, -27.4740600586, -19.682100296, -2.43479895592], [-34.6344566345, 55.2938079834, 12.0939540863, -43.4030952454, 5.69932508469, 30.5116958618, 44.5572814941, 28.1769599915, -1.27471148968, -14.3016881943, -30.1380596161, -7.50847482681, -2.17852377892], [3.94136404991, 15.3325662613, -10.8610315323, -1.45353722572, -10.8978204727, 34.8761672974, 28.1769599915, 55.0681190491, 5.4620847702, -31.9502830505, -28.6950130463, -21.8214874268, 12.5586881638], [-6.51236391068, 2.67166280746, -0.014573186636, 1.11449682713, -5.60572814941, -2.91111445427, -1.27471148968, 5.4620847702, 20.0212421417, -0.925203740597, 1.86303687096, -0.881044507027, 6.2587928772], [1.83512735367, -8.32148742676, 12.774646759, 0.733989655972, 18.1335010529, -24.8203678131, -14.3016881943, -31.9502830505, -0.925203740597, 39.7228164673, 23.6835861206, 20.8921508789, -5.32188177109], [35.2185897827, -40.7377662659, -14.8678159714, 32.0424423218, 0.873451530933, -27.4740600586, -30.1380596161, -28.6950130463, 1.86303687096, 23.6835861206, 46.0715789795, 12.7566719055, -2.15656495094], [-39.3566093445, 1.5365653038, 33.3178939819, -6.32773208618, 17.0105876923, -19.682100296, -7.50847482681, -21.8214874268, -0.881044507027, 20.8921508789, 12.7566719055, 36.0125274658, 0.37656763196], [-6.97309064865, -9.09575653076, -3.5242626667, 8.53058719635, -7.71333169937, -2.43479895592, -2.17852377892, 12.5586881638, 6.2587928772, -5.32188177109, -2.15656495094, 0.37656763196, 18.4897098541]],
        "icov": [[0.00595640065148, -0.00733485911041, 0.00810095854104, -0.00877839606255, 0.0129166627303, -0.00123735901434, 0.0041123079136, -0.00550491316244, 0.00451121432707, -0.0116137675941, 0.00387352216057, -0.00609285710379, 0.00938739813864], [-0.00733485911041, 0.0955432057381, -0.035763554275, 0.0455764755607, -0.0941220000386, 0.0133712021634, -0.0782435685396, 0.0440424717963, -0.0424791425467, 0.0621682964265, -0.0153982806951, 0.0598166659474, -0.0309882778674], [0.00810095854104, -0.035763554275, 0.03090605326, -0.0218524653465, 0.0394675210118, -0.00561974523589, 0.0280527211726, -0.01829447411, 0.0141986319795, -0.0308396425098, 0.0167424418032, -0.0369257293642, 0.0219126623124], [-0.00877839606255, 0.0455764755607, -0.0218524653465, 0.039258595556, -0.0533891282976, -0.000452459324151, -0.0175772886723, 0.015719583258, -0.0196846425533, 0.0362994112074, -0.0157818477601, 0.0307058170438, -0.0236026663333], [0.0129166627303, -0.0941220000386, 0.0394675210118, -0.0533891282976, 0.11715605855, -0.0108157126233, 0.0693896785378, -0.0484751351178, 0.0459737740457, -0.0771947652102, 0.0215524174273, -0.0661195218563, 0.0453543849289], [-0.00123735901434, 0.0133712021634, -0.00561974523589, -0.000452459324151, -0.0108157126233, 0.0264766067266, -0.0271975751966, 0.00128243607469, -0.00412648171186, 0.0112303495407, 0.0019778504502, 0.0105158584192, 0.00479346886277], [0.0041123079136, -0.0782435685396, 0.0280527211726, -0.0175772886723, 0.0693896785378, -0.0271975751966, 0.151049599051, -0.0771053358912, 0.0359143204987, -0.0622116141021, 0.0311558041722, -0.0586343742907, 0.046816252172], [-0.00550491316244, 0.0440424717963, -0.01829447411, 0.015719583258, -0.0484751351178, 0.00128243607469, -0.0771053358912, 0.0996579453349, -0.0291140787303, 0.0604192912579, -0.00611904729158, 0.0467576906085, -0.0623984858394], [0.00451121432707, -0.0424791425467, 0.0141986319795, -0.0196846425533, 0.0459737740457, -0.00412648171186, 0.0359143204987, -0.0291140787303, 0.0783640518785, -0.0335414707661, -0.000448651000625, -0.0224365312606, -0.000541365589015], [-0.0116137675941, 0.0621682964265, -0.0308396425098, 0.0362994112074, -0.0771947652102, 0.0112303495407, -0.0622116141021, 0.0604192912579, -0.0335414707661, 0.115178629756, -0.0342683643103, 0.0306775867939, -0.035631608218], [0.00387352216057, -0.0153982806951, 0.0167424418032, -0.0157818477601, 0.0215524174273, 0.0019778504502, 0.0311558041722, -0.00611904729158, -0.000448651000625, -0.0342683643103, 0.0636485219002, -0.0225656181574, 0.0196086131036], [-0.00609285710379, 0.0598166659474, -0.0369257293642, 0.0307058170438, -0.0661195218563, 0.0105158584192, -0.0586343742907, 0.0467576906085, -0.0224365312606, 0.0306775867939, -0.0225656181574, 0.10134267807, -0.047213871032], [0.00938739813864, -0.0309882778674, 0.0219126623124, -0.0236026663333, 0.0453543849289, 0.00479346886277, 0.046816252172, -0.0623984858394, -0.000541365589015, -0.035631608218, 0.0196086131036, -0.047213871032, 0.118072889745]]
    },
    "melbands": {
        "dmean": [3.51217863681e-07, 1.18008074423e-06, 1.67156565567e-06, 2.38758252635e-06, 2.47966272582e-06, 0.000135925016366, 0.000126200291561, 1.51543758875e-06, 2.08749929698e-06, 1.16994533528e-05, 1.9675171643e-06, 2.60087489323e-07, 1.92171739855e-07, 1.34943917374e-07, 1.76554522113e-07, 1.9056672329e-07, 1.23744896996e-07, 2.44484169798e-07, 9.14761173476e-08, 5.55751036302e-08, 4.23475050582e-08, 2.53506247105e-08, 2.68928754821e-08, 1.05079841717e-07, 1.03597862733e-07, 6.0212549613e-08, 8.55443431647e-08, 7.63315313179e-08, 3.27814433376e-08, 8.35410407518e-09, 5.09252906511e-09, 7.62371676899e-09, 7.45731654206e-09, 3.58997498395e-09, 8.06296629463e-09, 1.00962020966e-08, 2.15305071549e-08, 1.52051224944e-08, 3.88947096752e-09, 2.20584595034e-09],
        "dmean2": [4.6580115054e-07, 1.92004222299e-06, 2.59088278654e-06, 3.85135626857e-06, 3.1904385196e-06, 0.000165841847775, 0.000170589133631, 1.911178515e-06, 3.53666359842e-06, 1.39711573865e-05, 2.42145415541e-06, 4.30144609709e-07, 3.12757094889e-07, 2.21522753918e-07, 2.93267930829e-07, 3.15797620942e-07, 2.2056110538e-07, 4.3699338903e-07, 1.46064095929e-07, 9.59825428026e-08, 7.48450403876e-08, 3.95138748388e-08, 4.15637195772e-08, 1.88441873661e-07, 1.92371430785e-07, 1.12812962527e-07, 1.63131545605e-07, 1.42658791447e-07, 5.71979015263e-08, 1.44261624868e-08, 8.70768612771e-09, 1.27007817596e-08, 1.20397194436e-08, 5.44847944539e-09, 1.3432867263e-08, 1.68234919329e-08, 4.00222823771e-08, 2.8462233459e-08, 7.02433133881e-09, 3.96008248416e-09],
        "dvar": [5.91750953793e-12, 7.3037357412e-12, 1.25947620389e-11, 3.42773552597e-11, 3.45457884521e-10, 9.72273497268e-08, 9.59851220728e-08, 1.50703838298e-10, 2.47513797652e-11, 1.57969770598e-09, 4.31836719161e-11, 2.543411445e-13, 1.31870859718e-13, 5.15068436307e-14, 1.04712977655e-13, 1.12281793021e-13, 1.24727756335e-13, 1.15451832122e-12, 8.99269604637e-14, 2.11822560496e-14, 1.57487362046e-14, 4.30595000912e-15, 9.05122636184e-15, 3.94748063447e-13, 4.294094648e-13, 1.51111653572e-13, 3.00424371795e-13, 2.1016676355e-13, 3.40231349225e-14, 1.26481034915e-15, 2.64244024585e-16, 7.4784544207e-16, 9.34152826978e-16, 1.84007002242e-16, 1.37936054384e-15, 2.75572703796e-15, 2.40471857515e-14, 1.35819395281e-14, 6.05494408444e-16, 1.57905536388e-16],
        "dvar2": [5.99977923246e-12, 8.61889812992e-12, 1.55350576153e-11, 3.951927674e-11, 3.41632222511e-10, 8.8011809396e-08, 8.7719151054e-08, 1.5214317306e-10, 6.03838853919e-11, 1.81462012083e-09, 5.20592145781e-11, 3.59943276356e-13, 1.79726418752e-13, 6.39613755298e-14, 2.71314573455e-13, 3.02724262758e-13, 3.50765125496e-13, 3.21828392928e-12, 2.23627540097e-13, 5.33567059893e-14, 4.32605238795e-14, 9.41725216823e-15, 2.06587287018e-14, 1.12493055236e-12, 1.25248899793e-12, 4.46623911899e-13, 8.8875738366e-13, 6.09554615984e-13, 9.21476233534e-14, 3.39032962776e-15, 6.33531198998e-16, 1.89876940566e-15, 2.43357457361e-15, 4.40206860806e-16, 3.75150553526e-15, 7.40275709791e-15, 6.99461308643e-14, 3.95603925866e-14, 1.73825454458e-15, 4.50801681259e-16],
        "max": [3.00773353956e-05, 3.40330188919e-05, 4.40581097791e-05, 7.21033866284e-05, 0.000231646452448, 0.00838841870427, 0.0076746926643, 0.000151539075887, 3.73803814e-05, 0.000616199045908, 9.50387548073e-05, 6.08083837506e-06, 4.29764668297e-06, 2.82454243461e-06, 2.9288096357e-06, 3.08044513986e-06, 2.85302940028e-06, 8.04177852842e-06, 2.78708012047e-06, 1.22331005059e-06, 1.03450497591e-06, 5.31817306637e-07, 9.81325342764e-07, 5.95214032728e-06, 6.07413585385e-06, 3.5423333884e-06, 4.92530443807e-06, 4.16670036429e-06, 1.7940590169e-06, 3.28337506517e-07, 1.1321338178e-07, 2.10647840504e-07, 2.45694593559e-07, 1.13123320489e-07, 3.29940490928e-07, 4.96327402288e-07, 1.42737474107e-06, 1.07192522592e-06, 2.2845350145e-07, 1.14194087075e-07],
        "mean": [4.20010593416e-07, 1.4834747617e-06, 2.39616792896e-06, 3.13874511448e-06, 3.43079432241e-06, 0.00522487843409, 0.0047569363378, 1.77545894076e-06, 3.45943703906e-06, 2.68006951956e-05, 4.4537841859e-06, 4.73414843327e-07, 3.31174334178e-07, 2.31502028214e-07, 4.12572518371e-07, 4.53999660976e-07, 1.64422701232e-07, 2.31462237821e-07, 1.21638422002e-07, 8.01420014795e-08, 5.80057424315e-08, 4.07259044266e-08, 3.68792285599e-08, 8.17892669147e-08, 7.60490266316e-08, 4.54527047111e-08, 5.71918334913e-08, 5.16323801492e-08, 2.6183894164e-08, 9.63052038117e-09, 6.88347912003e-09, 8.31687518854e-09, 7.32944105408e-09, 4.42818448576e-09, 7.14509784672e-09, 8.50644710226e-09, 1.53595944852e-08, 9.98972371491e-09, 3.30287397432e-09, 2.04213757016e-09],
        "median": [1.61631064088e-07, 1.03048046185e-06, 1.81549194167e-06, 2.27504051509e-06, 1.61442494573e-06, 0.00491731287912, 0.00423575984314, 5.96576683165e-07, 1.90486002793e-06, 4.74742910228e-06, 7.15148189556e-07, 4.01398779104e-07, 2.5910847512e-07, 1.93382319935e-07, 2.3261343074e-07, 2.23039322123e-07, 9.971072501e-08, 9.77312737405e-08, 6.95960977737e-08, 4.96329768396e-08, 3.74405146886e-08, 2.53949021811e-08, 2.01411136658e-08, 1.95791240998e-08, 1.61039022117e-08, 1.11608633446e-08, 9.9504067208e-09, 7.78987541139e-09, 5.99097305098e-09, 4.82230388954e-09, 3.71089114992e-09, 2.83828094361e-09, 2.13958362139e-09, 1.76514147743e-09, 1.53212387222e-09, 1.27911781167e-09, 1.49436074626e-09, 1.21666121622e-09, 9.79582637228e-10, 7.85614684418e-10],
        "min": [1.19484004912e-08, 5.32498276584e-08, 2.42075259393e-07, 3.04559137021e-07, 3.34986822281e-07, 3.19310966006e-05, 2.5689456379e-05, 1.37287983648e-07, 1.72902190343e-07, 2.15180321561e-07, 1.53841511974e-07, 9.57894101816e-08, 5.89080961788e-08, 3.83426161932e-08, 2.99971709694e-08, 1.75021028781e-08, 2.96974942415e-08, 2.46744420451e-08, 2.09748041158e-08, 1.66477356345e-08, 1.19693241984e-08, 8.89721274433e-09, 8.06095634687e-09, 5.49723999654e-09, 4.02125177601e-09, 4.04699607159e-09, 3.29224003615e-09, 2.633616214e-09, 1.98700300658e-09, 1.53123802527e-09, 1.15229903397e-09, 1.26041066473e-09, 8.14315892494e-10, 7.78010711411e-10, 6.84282186469e-10, 6.55715814979e-10, 6.78853306901e-10, 4.99444874347e-10, 3.14096332277e-10, 3.68934605088e-10],
        "var": [5.93182621078e-12, 8.06992406926e-12, 1.33426394933e-11, 3.47682369006e-11, 3.49081624718e-10, 3.88275157093e-06, 3.77153810405e-06, 1.49995738052e-10, 2.39903982097e-11, 7.68956986974e-09, 2.06637776334e-10, 2.50716195851e-13, 1.35813330525e-13, 6.0201423382e-14, 2.22949859529e-13, 3.00572961702e-13, 8.57838919257e-14, 7.24957149433e-13, 7.63421918455e-14, 1.79446267687e-14, 1.0796211642e-14, 4.37052356586e-15, 8.81698363544e-15, 2.4610196693e-13, 2.50716250061e-13, 8.35212704119e-14, 1.62972351001e-13, 1.20758736127e-13, 2.29186244635e-14, 8.46108251974e-16, 2.19891526582e-16, 6.56520626098e-16, 7.40779228527e-16, 1.65119530712e-16, 9.93474779439e-16, 1.95690212387e-15, 1.35439738174e-14, 7.60114407262e-15, 3.52845947269e-16, 9.15038840309e-17]
    },
    "mfcc": {
        "mean": [-897.899536133, 163.085876465, 14.0679149628, 0.125613287091, -21.8024044037, -31.8637599945, -34.8181533813, -35.4417304993, -27.0758609772, -10.5952644348, -3.8024263382, 6.76727056503, 10.1509666443],
        "cov": [[773.237243652, -338.400543213, -79.686882019, 53.0987434387, -20.5208778381, -7.7793507576, -3.93875980377, 9.27294826508, -55.4843215942, 84.3840637207, 0.357388496399, -16.5919036865, -32.1169166565], [-338.400543213, 355.346313477, 25.938999176, -78.1700057983, -12.915848732, 2.32478475571, 29.5401115417, 26.2439002991, 79.9756774902, -19.0868034363, 45.6173591614, 19.0416545868, -22.6673736572], [-79.686882019, 25.938999176, 97.7187728882, -5.52086257935, -0.803928613663, 9.70512390137, 1.84260106087, 23.9381790161, 22.6741123199, -3.2155354023, -9.92550945282, -3.72885537148, -7.33592844009], [53.0987434387, -78.1700057983, -5.52086257935, 92.0321273804, 46.7169151306, 14.3874874115, -2.65482497215, -17.920753479, -26.9635753632, -15.4512138367, -22.5877304077, -7.67952775955, 36.4377288818], [-20.5208778381, -12.915848732, -0.803928613663, 46.7169151306, 51.1238822937, 15.9525327682, 2.71631193161, -8.97313785553, -10.837053299, -10.5607328415, -12.782998085, 2.75999259949, 24.3716125488], [-7.7793507576, 2.32478475571, 9.70512390137, 14.3874874115, 15.9525327682, 49.9513435364, 5.24605369568, -10.0511512756, -17.0623245239, -22.719625473, 1.00727593899, 7.13983058929, 28.0532588959], [-3.93875980377, 29.5401115417, 1.84260106087, -2.65482497215, 2.71631193161, 5.24605369568, 23.9046001434, 7.36539125443, 6.94737148285, 4.47032976151, 7.25161886215, 1.59238302708, -3.01244473457], [9.27294826508, 26.2439002991, 23.9381790161, -17.920753479, -8.97313785553, -10.0511512756, 7.36539125443, 43.2171325684, 33.8743934631, 21.4668140411, 5.38087654114, -5.37573814392, -24.5528621674], [-55.4843215942, 79.9756774902, 22.6741123199, -26.9635753632, -10.837053299, -17.0623245239, 6.94737148285, 33.8743934631, 65.2774963379, 24.8432025909, 8.79154205322, -2.41276812553, -29.8453426361], [84.3840637207, -19.0868034363, -3.2155354023, -15.4512138367, -10.5607328415, -22.719625473, 4.47032976151, 21.4668140411, 24.8432025909, 57.1569328308, 13.202545166, -4.11590242386, -36.9320106506], [0.357388496399, 45.6173591614, -9.92550945282, -22.5877304077, -12.782998085, 1.00727593899, 7.25161886215, 5.38087654114, 8.79154205322, 13.202545166, 36.7891197205, 14.9813899994, -10.8084392548], [-16.5919036865, 19.0416545868, -3.72885537148, -7.67952775955, 2.75999259949, 7.13983058929, 1.59238302708, -5.37573814392, -2.41276812553, -4.11590242386, 14.9813899994, 30.5791072845, 15.2831850052], [-32.1169166565, -22.6673736572, -7.33592844009, 36.4377288818, 24.3716125488, 28.0532588959, -3.01244473457, -24.5528621674, -29.8453426361, -36.9320106506, -10.8084392548, 15.2831850052, 63.5004234314]],
