{
"lowlevel": {
    "average_loudness": 0.97158229351,
    "barkbands_crest": {
        "dmean": 1.7361291647,
        "dmean2": 2.33229637146,
        "dvar": 4.20243263245,
        "dvar2": 8.63241386414,
        "max": 26.6245613098,
        "mean": 20.4222698212,
        "median": 20.6602497101,
        "min": 7.38357973099,
        "var": 21.6886730194
    },
    "barkbands_flatness_db": {
        "dmean": 0.032061804086,
        "dmean2": 0.0419187061489,
        "dvar": 0.00118552369531,
        "dvar2": 0.00176005123649,
        "max": 0.496226459742,
        "mean": 0.320910364389,
        "median": 0.33979126811,
        "min": 0.0791536569595,
        "var": 0.0116687575355
    },
    "barkbands_kurtosis": {
        "dmean": 94.4237823486,
        "dmean2": 124.800888062,
        "dvar": 60359.4570312,
        "dvar2": 113046.554688,
        "max": 2568.10791016,
        "mean": 180.884597778,
        "median": 25.9484634399,
        "min": -0.243696928024,
        "var": 209720.875
    },
    "barkbands_skewness": {
        "dmean": 1.97453808784,
        "dmean2": 2.51748180389,
        "dvar": 9.18199825287,
        "dvar2": 15.0189180374,
        "max": 42.3092689514,
        "mean": 7.0919213295,
        "median": 3.92010140419,
        "min": 0.491625547409,
        "var": 78.1162109375
    },
    "barkbands_spread": {
        "dmean": 1.56205630302,
        "dmean2": 2.32163715363,
        "dvar": 10.6790800095,
        "dvar2": 23.0876941681,
        "max": 27.0945510864,
        "mean": 4.32386016846,
        "median": 3.32080435753,
        "min": 0.0934496745467,
        "var": 20.6561012268
    },
    "dissonance": {
        "dmean": 0.0585010908544,
        "dmean2": 0.0983536094427,
        "dvar": 0.00226195622236,
        "dvar2": 0.00519397901371,
        "max": 0.493047833443,
        "mean": 0.33365252614,
        "median": 0.338326841593,
        "min": 0.176990628242,
        "var": 0.00665025552735
    },
    "dynamic_complexity": 5.46162986755,
    "erbbands_crest": {
        "dmean": 2.37395095825,
        "dmean2": 3.44076228142,
        "dvar": 7.9203953743,
        "dvar2": 18.4123649597,
        "max": 31.6437759399,
        "mean": 20.8071479797,
        "median": 20.0942745209,
        "min": 9.2470703125,
        "var": 32.2679824829
    },
    "erbbands_flatness_db": {
        "dmean": 0.0260615330189,
        "dmean2": 0.0345086827874,
        "dvar": 0.000798747176304,
        "dvar2": 0.00111702550203,
        "max": 0.500970602036,
        "mean": 0.335955113173,
        "median": 0.357068926096,
        "min": 0.137136861682,
        "var": 0.00915215536952
    },
    "erbbands_kurtosis": {
        "dmean": 13.8681669235,
        "dmean2": 18.3034152985,
        "dvar": 647.5546875,
        "dvar2": 1102.9642334,
        "max": 276.889221191,
        "mean": 33.9669418335,
        "median": 6.67705440521,
        "min": -1.16443777084,
        "var": 4083.34619141
    },
    "erbbands_skewness": {
        "dmean": 0.837201118469,
        "dmean2": 1.17587637901,
        "dvar": 1.31751000881,
        "dvar2": 2.68882608414,
        "max": 11.9139003754,
        "mean": 2.90327525139,
        "median": 1.94308495522,
        "min": -0.406846523285,
        "var": 7.55066013336
    },
    "erbbands_spread": {
        "dmean": 2.5630171299,
        "dmean2": 4.12245559692,
        "dvar": 29.9523143768,
        "dvar2": 64.9495620728,
        "max": 37.3361167908,
        "mean": 6.52255582809,
        "median": 5.0478849411,
        "min": 0.310072809458,
        "var": 45.6597976685
    },
    "hfc": {
        "dmean": 1.0209376812,
        "dmean2": 0.934031784534,
        "dvar": 2.42940449715,
        "dvar2": 2.15692782402,
        "max": 25.5037574768,
        "mean": 5.56031274796,
        "median": 2.41248130798,
        "min": 0.0201781801879,
        "var": 45.0141067505
    },
    "melbands_crest": {
        "dmean": 1.18696856499,
        "dmean2": 1.70065128803,
        "dvar": 1.53282952309,
        "dvar2": 2.91548466682,
        "max": 24.2410449982,
        "mean": 18.3793468475,
        "median": 18.8713989258,
        "min": 9.13225364685,
        "var": 9.74572658539
    },
    "melbands_flatness_db": {
        "dmean": 0.0351890996099,
        "dmean2": 0.0480449944735,
        "dvar": 0.00163543061353,
        "dvar2": 0.00262542674318,
        "max": 0.587837219238,
        "mean": 0.403150677681,
        "median": 0.428156048059,
        "min": 0.119852356613,
        "var": 0.0128813069314
    },
    "melbands_kurtosis": {
        "dmean": 11.6186037064,
        "dmean2": 17.7657184601,
        "dvar": 359.355316162,
        "dvar2": 823.611877441,
        "max": 182.249038696,
        "mean": 29.0255680084,
        "median": 13.8932685852,
        "min": -1.20731592178,
        "var": 1209.08935547
    },
    "melbands_skewness": {
        "dmean": 0.765752255917,
        "dmean2": 1.19471895695,
        "dvar": 0.753300964832,
        "dvar2": 2.16313576698,
        "max": 7.47260427475,
        "mean": 2.49377703667,
        "median": 2.47102880478,
        "min": -0.765057861805,
        "var": 1.98676478863
    },
    "melbands_spread": {
        "dmean": 1.51047825813,
        "dmean2": 2.35644245148,
        "dvar": 14.1289710999,
        "dvar2": 36.8187217712,
        "max": 31.309715271,
        "mean": 3.77325439453,
        "median": 2.81620073318,
        "min": 0.27733707428,
        "var": 15.0576648712
    },
    "pitch_salience": {
        "dmean": 0.0580903328955,
        "dmean2": 0.0753252059221,
        "dvar": 0.00612886762246,
        "dvar2": 0.0110525442287,
        "max": 0.807882010937,
        "mean": 0.339804112911,
        "median": 0.368178129196,
        "min": 0.0220589861274,
        "var": 0.0242369286716
    },
    "silence_rate_20dB": {
        "dmean": 0,
        "dmean2": 0,
        "dvar": 0,
        "dvar2": 0,
        "max": 1,
        "mean": 1,
        "median": 1,
        "min": 1,
        "var": 0
    },
    "silence_rate_30dB": {
        "dmean": 0,
        "dmean2": 0,
        "dvar": 0,
        "dvar2": 0,
        "max": 1,
        "mean": 1,
        "median": 1,
        "min": 1,
        "var": 0
    },
    "silence_rate_60dB": {
        "dmean": 0.0416666679084,
        "dmean2": 0.0840336158872,
        "dvar": 0.0399305894971,
        "dvar2": 0.0769720003009,
        "max": 1,
        "mean": 0.446280986071,
        "median": 0,
        "min": 0,
        "var": 0.247114166617
    },
    "spectral_centroid": {
        "dmean": 76.6833114624,
        "dmean2": 118.774665833,
        "dvar": 40164.1640625,
        "dvar2": 104788,
        "max": 2040.84912109,
        "mean": 590.211669922,
        "median": 539.488647461,
        "min": 415.681518555,
        "var": 38701.0820312
    },
    "spectral_complexity": {
        "dmean": 0.216666668653,
        "dmean2": 0.420168071985,
        "dvar": 0.186388760805,
        "dvar2": 0.428500324488,
        "max": 5,
        "mean": 2.11570239067,
        "median": 2,
        "min": 0,
        "var": 0.862645149231
    },
    "spectral_decrease": {
        "dmean": 5.46467981977e-10,
        "dmean2": 4.9716331052e-10,
        "dvar": 8.32418216794e-19,
        "dvar2": 7.21756340086e-19,
        "max": -6.50854847448e-12,
        "mean": -2.79349898769e-09,
        "median": -1.08461517545e-09,
        "min": -1.49918371051e-08,
        "var": 1.47798051047e-17
    },
    "spectral_energy": {
        "dmean": 0.00215396122076,
        "dmean2": 0.00195838115178,
        "dvar": 1.28480905914e-05,
        "dvar2": 1.115404757e-05,
        "max": 0.0588958971202,
        "mean": 0.0110476352274,
        "median": 0.00429570674896,
        "min": 2.63950314547e-05,
        "var": 0.000228457152843
    },
    "spectral_energyband_high": {
        "dmean": 2.11789370042e-06,
        "dmean2": 3.47017521563e-06,
        "dvar": 1.56500923332e-11,
        "dvar2": 3.66341505742e-11,
        "max": 3.28433234245e-05,
        "mean": 7.62015588407e-06,
        "median": 6.56993142911e-06,
        "min": 3.64554978205e-07,
        "var": 1.64794150548e-11
    },
    "spectral_energyband_low": {
        "dmean": 4.80243079437e-06,
        "dmean2": 8.08303684607e-06,
        "dvar": 4.99332554471e-11,
        "dvar2": 8.63439250653e-11,
        "max": 6.01480060141e-05,
        "mean": 7.54933125791e-06,
        "median": 5.83636619922e-06,
        "min": 4.80890207655e-07,
        "var": 6.05432023959e-11
    },
    "spectral_energyband_middle_high": {
        "dmean": 0.000160709038028,
        "dmean2": 0.000162733063917,
        "dvar": 4.68927900954e-08,
        "dvar2": 4.4107192565e-08,
        "max": 0.00485675688833,
        "mean": 0.000781787966844,
        "median": 0.000425405305577,
        "min": 1.55093823651e-06,
        "var": 1.0224110838e-06
    },
    "spectral_energyband_middle_low": {
        "dmean": 0.00210731918924,
        "dmean2": 0.00197977595963,
        "dvar": 1.29145164465e-05,
        "dvar2": 1.10262681119e-05,
        "max": 0.0574038773775,
        "mean": 0.0102501865476,
        "median": 0.00314319622703,
        "min": 2.37823096541e-05,
        "var": 0.000225066309213
    },
    "spectral_entropy": {
        "dmean": 0.348889350891,
        "dmean2": 0.476234853268,
        "dvar": 0.14816069603,
        "dvar2": 0.222722560167,
        "max": 8.35559940338,
        "mean": 5.65692806244,
        "median": 5.3398308754,
        "min": 3.74835395813,
        "var": 1.32132148743
    },
    "spectral_flux": {
        "dmean": 0.0080639636144,
        "dmean2": 0.0113923512399,
        "dvar": 0.000118743140774,
        "dvar2": 0.000118780757475,
        "max": 0.178781703115,
        "mean": 0.0177097190171,
        "median": 0.0128990625963,
        "min": 0.0043979450129,
        "var": 0.000366388703696
    },
    "spectral_kurtosis": {
        "dmean": 5.93783140182,
        "dmean2": 8.54744243622,
        "dvar": 76.0771484375,
        "dvar2": 141.424819946,
        "max": 96.6029281616,
        "mean": 27.067697525,
        "median": 24.1108264923,
        "min": 2.03109741211,
        "var": 363.120452881
    },
    "spectral_rms": {
        "dmean": 0.000314781762427,
        "dmean2": 0.000304071698338,
        "dvar": 1.06826853141e-07,
        "dvar2": 9.65767412708e-08,
        "max": 0.00758019881323,
        "mean": 0.00263899611309,
        "median": 0.0020471769385,
        "min": 0.000160471958225,
        "var": 3.81388576898e-06
    },
    "spectral_rolloff": {
        "dmean": 92.5927734375,
        "dmean2": 178.598922729,
        "dvar": 113683.210938,
        "dvar2": 318865.5,
        "max": 2993.11523438,
        "mean": 699.918762207,
        "median": 495.263671875,
        "min": 409.130859375,
        "var": 103090.945312
    },
    "spectral_skewness": {
        "dmean": 0.524996578693,
        "dmean2": 0.758505582809,
        "dvar": 0.347617119551,
        "dvar2": 0.605717360973,
        "max": 8.43533325195,
        "mean": 4.11531400681,
        "median": 4.18411827087,
        "min": 1.58339703083,
        "var": 2.21513175964
    },
    "spectral_spread": {
        "dmean": 642236.125,
        "dmean2": 791015.9375,
        "dvar": 2.60564713472e+12,
        "dvar2": 1.26987927552e+12,
        "max": 29154724,
        "mean": 3828400.5,
        "median": 3408296,
        "min": 1185672.125,
        "var": 7.5169225769e+12
    },
    "spectral_strongpeak": {
        "dmean": 0.220323324203,
        "dmean2": 0.256715923548,
        "dvar": 0.0895478576422,
        "dvar2": 0.101463057101,
        "max": 4.20212554932,
        "mean": 1.3788921833,
        "median": 1.11999106407,
        "min": 0.0119987493381,
        "var": 1.16488564014
    },
    "zerocrossingrate": {
        "dmean": 0.0070597329177,
        "dmean2": 0.00769350724295,
        "dvar": 8.21228823042e-05,
        "dvar2": 7.94513471192e-05,
        "max": 0.14208984375,
        "mean": 0.038957580924,
        "median": 0.0283203125,
        "min": 0.0087890625,
        "var": 0.000591602060013
    },
    "barkbands": {
        "dmean": [2.89309298296e-07, 7.38249582355e-07, 3.25871883433e-06, 3.06843435283e-06, 5.80260802963e-06, 0.000447739002993, 0.00176570401527, 2.43548747676e-05, 1.51140347953e-05, 8.50122432894e-06, 0.000151952917804, 3.13982445732e-06, 2.72778061117e-06, 1.69203201494e-06, 2.17732258534e-06, 1.85869350844e-06, 1.10951441457e-06, 1.44320438267e-06, 1.30513160457e-06, 8.78146920513e-07, 4.1348312152e-07, 5.00418991578e-07, 2.81043526229e-07, 2.04007449156e-07, 1.17970621716e-07, 1.08819911304e-07, 7.20623290817e-07],
        "dmean2": [4.35326370507e-07, 1.0971998563e-06, 5.82924121773e-06, 5.22528898728e-06, 8.99857877812e-06, 0.000356353237294, 0.00167557375971, 2.86967078864e-05, 2.40913632297e-05, 1.16537648864e-05, 0.000147773695062, 5.37711366633e-06, 4.72620467917e-06, 3.14674161928e-06, 3.94910557588e-06, 3.33231491823e-06, 1.8976196543e-06, 2.55274881056e-06, 2.31740546042e-06, 1.57540023338e-06, 6.87077090333e-07, 8.61016019371e-07, 4.45822649908e-07, 3.28760847879e-07, 1.82038391472e-07, 1.65308065903e-07, 1.18214143185e-06],
        "dvar": [2.27864949132e-12, 5.79826724828e-12, 1.28894611998e-11, 1.27762271249e-11, 3.95274812881e-10, 3.18209686156e-06, 6.89278112986e-06, 3.11590642177e-09, 2.66402633287e-09, 2.8391142215e-10, 4.71355114939e-08, 3.04454794708e-11, 1.81103066571e-11, 1.84523715752e-11, 5.32715746515e-11, 5.08108728703e-11, 5.73257327025e-12, 1.666344146e-11, 1.63098024669e-11, 5.96911452558e-12, 8.52105495538e-13, 1.97573164426e-12, 2.4994185866e-13, 1.70445851443e-13, 8.15946702565e-14, 6.12536348141e-14, 4.05685738909e-13],
        "dvar2": [3.56242314294e-12, 7.18403591823e-12, 3.33721175694e-11, 2.283246682e-11, 4.93062812801e-10, 2.61495756604e-06, 6.55173016639e-06, 3.18313175818e-09, 6.52593934447e-09, 3.70856151344e-10, 4.23713046871e-08, 6.52709275517e-11, 5.06768238484e-11, 5.30021096457e-11, 1.55235421739e-10, 1.48188405991e-10, 1.60989641756e-11, 4.76776812475e-11, 4.56848447961e-11, 1.71398971405e-11, 2.04391798625e-12, 5.37177377233e-12, 5.63293823478e-13, 3.24910617074e-13, 1.18611473724e-13, 6.42673780404e-14, 8.13545086333e-13],
        "max": [1.40425745485e-05, 2.25832627621e-05, 2.51325454883e-05, 3.30196489813e-05, 0.000211399135878, 0.0312744267285, 0.0439964421093, 0.000742212869227, 0.000509954232257, 0.000206270138733, 0.00473412405699, 4.03921731049e-05, 2.27308464673e-05, 2.82586115645e-05, 5.62248060305e-05, 5.5671298469e-05, 1.48628350871e-05, 2.7660460546e-05, 2.91061351163e-05, 1.69499198819e-05, 6.28361613053e-06, 1.20209733723e-05, 3.56388886757e-06, 3.47523700839e-06, 3.0163955671e-06, 3.16440650749e-06, 7.81728613219e-06],
        "mean": [2.44749628564e-07, 9.97719325824e-07, 3.72613271793e-06, 4.21741196988e-06, 7.61495539336e-06, 0.00199329457246, 0.00815173052251, 6.95310809533e-05, 2.17633678403e-05, 2.1311434466e-05, 0.000745076395106, 3.15490501634e-06, 3.74698583983e-06, 1.66368999999e-06, 2.46691456596e-06, 1.61540071986e-06, 1.11985855256e-06, 1.28754800244e-06, 1.19102924145e-06, 8.58065106968e-07, 5.79107791054e-07, 5.81485551265e-07, 4.08265179885e-07, 3.60284701628e-07, 2.98714070368e-07, 4.50356225201e-07, 5.34320679435e-06],
        "median": [3.23296518445e-08, 3.87150549841e-07, 2.6548200367e-06, 3.07759000862e-06, 4.49465051133e-06, 1.28860719997e-05, 0.00312747899443, 9.47239004745e-06, 5.77860828344e-06, 9.13141047931e-06, 0.000401642057113, 1.33239700517e-06, 2.20067295231e-06, 6.88161890139e-07, 1.30863486447e-06, 4.81200061131e-07, 4.93915365496e-07, 4.30788986705e-07, 4.31867078987e-07, 3.48055635868e-07, 2.69106209316e-07, 2.5587794994e-07, 2.22933962846e-07, 2.23324477133e-07, 2.36601806591e-07, 4.3572478603e-07, 5.34750006409e-06],
        "min": [4.80674888781e-10, 3.20351283278e-08, 7.42537764609e-08, 1.77989619488e-07, 4.89919329993e-07, 9.75240482148e-07, 1.45814055941e-05, 3.36846994742e-07, 6.27651388641e-07, 1.68156176983e-07, 3.74119025537e-07, 1.28982250658e-07, 1.43522939311e-07, 1.53750889353e-07, 1.11353045895e-07, 9.3389807887e-08, 5.1684867941e-08, 5.79707766235e-08, 4.96786825011e-08, 4.39504574956e-08, 2.87444894553e-08, 4.17267429498e-08, 2.79454166474e-08, 2.12497806018e-08, 3.02645801753e-08, 3.13686214781e-08, 2.0366101694e-07],
        "var": [2.02266437106e-12, 7.36742177682e-12, 1.33887675252e-11, 1.63764522776e-11, 3.82390702436e-10, 4.20650685555e-05, 0.000121611570648, 2.65168402791e-08, 2.90655410851e-09, 9.28121635102e-10, 9.81731773209e-07, 2.83508442417e-11, 1.82322785341e-11, 1.15881627211e-11, 3.11331620206e-11, 2.94633761833e-11, 4.2191575754e-12, 1.05694290126e-11, 1.07808631813e-11, 3.98374562505e-12, 8.62121788889e-13, 1.47449923365e-12, 2.79619019996e-13, 1.76679092363e-13, 8.58254981841e-14, 7.23800021112e-14, 6.48627310716e-13]
    },
    "erbbands": {
        "dmean": [3.0265746318e-05, 0.000213469102164, 0.00257759029046, 0.00781702622771, 0.0120402164757, 0.0228320658207, 0.0934937521815, 3.85816669464, 13.2726068497, 27.1089744568, 1.34669435024, 0.297551095486, 0.292017787695, 4.95331716537, 1.63138341904, 0.143037557602, 0.116269640625, 0.0954104438424, 0.0937886312604, 0.131614267826, 0.0745793133974, 0.0630646124482, 0.0811219587922, 0.0716497674584, 0.0583128556609, 0.0418733395636, 0.0207942649722, 0.0172324106097, 0.0167142190039, 0.0145906992257, 0.00725779822096, 0.00557649601251, 0.00267398986034, 0.00155646342319, 0.000832532939967, 0.000316430494422, 0.000233874496189, 0.000255093094893, 8.49509015097e-05, 1.58167331392e-05],
        "dmean2": [4.58063623228e-05, 0.000355245458195, 0.00440821517259, 0.013594172895, 0.0192297138274, 0.0365774333477, 0.105595171452, 3.06148910522, 12.6742391586, 24.9601955414, 1.39291751385, 0.43623700738, 0.371793210506, 4.64946889877, 1.69126963615, 0.223091602325, 0.196855068207, 0.171840086579, 0.171566918492, 0.242184117436, 0.129277035594, 0.108746312559, 0.143480062485, 0.125901177526, 0.105308361351, 0.0750100016594, 0.0351447612047, 0.0287956297398, 0.0284794960171, 0.0254277028143, 0.0113520752639, 0.00901054404676, 0.00430708331987, 0.00245018512942, 0.0013303788146, 0.00046262840624, 0.000352567294613, 0.000416694994783, 0.000144891586388, 2.51763303822e-05],
        "dvar": [1.42075746723e-08, 3.4622493672e-07, 1.02395488284e-05, 7.269912021e-05, 0.000704895704985, 0.00498026004061, 0.0849150791764, 215.118484497, 639.394348145, 1965.27539062, 5.13143014908, 0.665855169296, 0.205302134156, 49.9349212646, 5.08574151993, 0.0451824255288, 0.0389325767756, 0.0445347875357, 0.102568164468, 0.259762942791, 0.0437843129039, 0.0200156308711, 0.0486223436892, 0.0441652275622, 0.0329353660345, 0.0140644218773, 0.00191669585183, 0.00169625889976, 0.00199363706633, 0.0011085026199, 0.000158706388902, 0.000139724012115, 2.92259755952e-05, 1.30090584207e-05, 3.62731725545e-06, 1.19943911159e-06, 2.13090117995e-07, 7.47368034126e-08, 6.83835432724e-09, 2.08630723808e-10],
        "dvar2": [2.83489107744e-08, 7.0711735134e-07, 2.63152014668e-05, 0.000140490577905, 0.000956002564635, 0.00626412173733, 0.0941101461649, 178.773880005, 468.187072754, 1779.15979004, 5.92828083038, 1.5272744894, 0.347783386707, 41.371635437, 5.6598482132, 0.0984469279647, 0.104705199599, 0.130293443799, 0.301190674305, 0.7605509758, 0.123113147914, 0.0569204352796, 0.139717832208, 0.121894612908, 0.093477755785, 0.040433537215, 0.00507185282186, 0.00438569905236, 0.00532743008807, 0.0029197265394, 0.000321133178659, 0.000306132336846, 4.58361246274e-05, 2.10874022741e-05, 5.25693258169e-06, 1.27157636598e-06, 2.47020096822e-07, 1.71974107843e-07, 1.29088322254e-08, 4.41506164961e-10],
        "max": [0.000926098786294, 0.00462066754699, 0.0243104305118, 0.0719737932086, 0.278123944998, 0.842619001865, 5.77951097488, 274.98348999, 516.929138184, 796.812805176, 40.0106430054, 8.58822250366, 5.14623212814, 160.210678101, 46.887134552, 1.75063216686, 1.16368186474, 1.28676974773, 2.46790194511, 3.9439201355, 1.53828907013, 0.810664832592, 1.38213431835, 1.55231976509, 1.2766866684, 0.8753297925, 0.280230253935, 0.298039466143, 0.380878061056, 0.260968804359, 0.102164186537, 0.0793059170246, 0.0547162033617, 0.0354358106852, 0.0203415621072, 0.0127704516053, 0.00587872928008, 0.00331286410801, 0.000783653405961, 0.000193699204829],
        "mean": [3.13505552185e-05, 0.00027149086236, 0.00314340600744, 0.0116569139063, 0.0176684819162, 0.0349372848868, 0.389700084925, 18.2035083771, 67.2758331299, 115.47454834, 5.45943880081, 0.640399515629, 0.944462239742, 24.6237926483, 7.77061271667, 0.343499243259, 0.180291637778, 0.114021986723, 0.101994656026, 0.128973782063, 0.075148768723, 0.0635638311505, 0.0729638636112, 0.0658643245697, 0.0529456883669, 0.0401672758162, 0.026782123372, 0.0220729280263, 0.0201308056712, 0.0172362811863, 0.0109879793599, 0.00841386150569, 0.0054933722131, 0.00342321465723, 0.00211453903466, 0.00106991524808, 0.000895980687346, 0.00119046738837, 0.000574781617615, 0.000115566406748],
        "median": [1.0175753232e-05, 0.000145729340147, 0.00236498843879, 0.00819328520447, 0.012214130722, 0.0174685698003, 0.0443934649229, 0.766752660275, 21.0752506256, 42.4817886353, 2.11841845512, 0.316673576832, 0.482861340046, 12.9004106522, 4.37220954895, 0.248651072383, 0.111184358597, 0.0632446184754, 0.0544267147779, 0.0528759248555, 0.0271631944925, 0.0262473151088, 0.0252531003207, 0.0237123314291, 0.0194878689945, 0.0166504587978, 0.0122918458655, 0.00957280118018, 0.00907454267144, 0.00773263955489, 0.00620251335204, 0.00494590401649, 0.00384464161471, 0.00266670645215, 0.00165537989233, 0.000914146192372, 0.000847710005473, 0.00107127975207, 0.000574051402509, 0.000113010661153],
        "min": [1.40335203014e-06, 1.04043911051e-05, 0.000145970785525, 0.00046543541248, 0.00113013747614, 0.00338580366224, 0.00722169363871, 0.0272024162114, 0.147935375571, 0.232402920723, 0.0680711716413, 0.0173654351383, 0.00766505580395, 0.0118649220094, 0.0108114304021, 0.00833912473172, 0.00644390564412, 0.00822795275599, 0.00922785140574, 0.00574825471267, 0.00516933901235, 0.00305276131257, 0.00333564868197, 0.00271243276075, 0.00267218751833, 0.00183848617598, 0.00151416135486, 0.00106700242031, 0.00130667828489, 0.0013377640862, 0.000701212265994, 0.000437404756667, 0.000381841848139, 0.000345442676917, 0.000211817983654, 0.000108691659989, 6.03184853389e-05, 3.99179298256e-05, 2.35922634602e-05, 3.56475970875e-06],
        "var": [1.27409593986e-08, 3.25098710618e-07, 1.00786428447e-05, 9.82331839623e-05, 0.000733272463549, 0.00644517550245, 1.2481290102, 3270.23632812, 13846.4121094, 33353.484375, 80.2603530884, 0.901048183441, 1.22305071354, 1120.99279785, 95.7525863647, 0.115133985877, 0.0395987778902, 0.0298613533378, 0.0578905232251, 0.14528593421, 0.02973068133, 0.0143873849884, 0.0307411719114, 0.030601831153, 0.0206875167787, 0.00935584679246, 0.00181000260636, 0.0014735898003, 0.0015282665845, 0.000952098111156, 0.000187418001588, 0.000132984787342, 3.269233639e-05, 1.34151996463e-05, 3.77459150513e-06, 1.23476081626e-06, 2.61020289827e-07, 2.10716592619e-07, 8.83514506e-09, 5.91176441134e-10]
    },
    "gfcc": {
        "mean": [-206.35508728, 73.4518280029, -92.1010665894, -66.7871017456, -85.1231307983, -35.2486190796, -20.5531654358, -1.80186200142, -5.33933115005, 0.861004054546, 1.90547442436, 2.96886014938, -14.4013814926],
        "cov": [[842.172485352, 89.8057861328, -221.868545532, -18.0886726379, -142.883056641, -53.9274902344, -34.2577972412, -0.468315720558, 30.6066112518, 32.0567016602, 79.8973388672, 84.5120697021, 35.9785575867], [89.8057861328, 340.329986572, 96.9609298706, -355.460418701, -201.12046814, -86.3238983154, -2.13625669479, 14.629940033, 1.16927349567, 35.8614997864, 105.565483093, 116.764938354, 80.3518447876], [-221.868545532, 96.9609298706, 242.095932007, -18.8622665405, -6.85080623627, -55.6856422424, -41.2957725525, 2.32464671135, 25.2248020172, 38.6535644531, -3.6161468029, -30.0247211456, -28.5197792053], [-18.0886726379, -355.460418701, -18.8622665405, 617.356506348, 328.397766113, 51.2652320862, -74.5035018921, -24.9455471039, 44.4268379211, 5.82339572906, -137.950500488, -178.995941162, -132.622421265], [-142.883056641, -201.12046814, -6.85080623627, 328.397766113, 284.532867432, 92.254447937, -0.690759539604, -14.2409934998, -14.3695840836, -31.1416454315, -102.007850647, -104.430000305, -58.07188797], [-53.9274902344, -86.3238983154, -55.6856422424, 51.2652320862, 92.254447937, 146.006973267, 91.5640945435, 15.8358507156, -45.6292648315, -56.2295570374, -31.7582893372, 0.8400131464, 15.291226387], [-34.2577972412, -2.13625669479, -41.2957725525, -74.5035018921, -0.690759539604, 91.5640945435, 121.486282349, 44.2600898743, -38.8174095154, -54.1168136597, -0.0933694168925, 31.7247600555, 16.9762954712], [-0.468315720558, 14.629940033, 2.32464671135, -24.9455471039, -14.2409934998, 15.8358507156, 44.2600898743, 51.4566116333, 22.1123943329, -4.08382606506, 3.37456560135, 0.903269231319, -21.6932353973], [30.6066112518, 1.16927349567, 25.2248020172, 44.4268379211, -14.3695840836, -45.6292648315, -38.8174095154, 22.1123943329, 82.9784011841, 54.0776786804, -1.70438551903, -36.0249443054, -48.4118041992], [32.0567016602, 35.8614997864, 38.6535644531, 5.82339572906, -31.1416454315, -56.2295570374, -54.1168136597, -4.08382606506, 54.0776786804, 72.7765197754, 17.4819698334, -23.9948005676, -31.5577659607], [79.8973388672, 105.565483093, -3.6161468029, -137.950500488, -102.007850647, -31.7582893372, -0.0933694168925, 3.37456560135, -1.70438551903, 17.4819698334, 69.6142654419, 62.2515068054, 34.9404335022], [84.5120697021, 116.764938354, -30.0247211456, -178.995941162, -104.430000305, 0.8400131464, 31.7247600555, 0.903269231319, -36.0249443054, -23.9948005676, 62.2515068054, 105.012069702, 85.0079269409], [35.9785575867, 80.3518447876, -28.5197792053, -132.622421265, -58.07188797, 15.291226387, 16.9762954712, -21.6932353973, -48.4118041992, -31.5577659607, 34.9404335022, 85.0079269409, 107.934043884]],
        "icov": [[0.00364918657579, -0.00546679086983, 0.00513992644846, -0.00474594673142, 0.00430177617818, -0.00153041863814, 0.00115898193326, 9.83051504591e-05, 0.000683135411236, -9.23415354919e-05, 0.000804752402473, -0.00117044185754, 0.00168948213104], [-0.00546679086983, 0.0253302510828, -0.0130217364058, 0.0147220632061, -0.0120179951191, 0.00785424374044, -0.000270036252914, -0.00731069594622, 0.000339508522302, -0.00886484794319, -0.0033629371319, -0.0106624988839, -0.00434508686885], [0.00513992644846, -0.0130217364058, 0.0142145575956, -0.00768908718601, 0.00658609112725, -0.00236790021881, 0.0032757492736, -0.00153388537001, 0.00338746095076, -0.000447957398137, 0.00358398701064, 0.00363301392645, 0.00271118758246], [-0.00474594673142, 0.0147220632061, -0.00768908718601, 0.016823688522, -0.0141161475331, 0.00274773058482, 0.00448989169672, -0.00229516811669, -0.00349384406582, -0.00116311770398, -0.000284930370981, -0.00382024049759, 0.00130443950184], [0.00430177617818, -0.0120179951191, 0.00658609112725, -0.0141161475331, 0.0232828184962, -0.0107826059684, 0.00402327720076, -0.000512695754878, 0.00621705502272, 0.00293543189764, 0.00641170470044, 0.00897076912224, -0.00026732031256], [-0.00153041863814, 0.00785424374044, -0.00236790021881, 0.00274773058482, -0.0107826059684, 0.0286017190665, -0.0234951023012, 0.00403595389798, -0.000411261746194, -0.00550438137725, -0.000801991787739, -0.00177353504114, -0.00807067286223], [0.00115898193326, -0.000270036252914, 0.0032757492736, 0.00448989169672, 0.00402327720076, -0.0234951023012, 0.0530610866845, -0.0397977270186, 0.0185238532722, 0.00427212333307, 0.00651883380488, -0.00644592382014, 0.00787003803998], [9.83051504591e-05, -0.00731069594622, -0.00153388537001, -0.00229516811669, -0.000512695754878, 0.00403595389798, -0.0397977270186, 0.0814361646771, -0.0429468676448, 0.0222223699093, -0.00779758999124, -0.00458481814712, 0.0173332542181], [0.000683135411236, 0.000339508522302, 0.00338746095076, -0.00349384406582, 0.00621705502272, -0.000411261746194, 0.0185238532722, -0.0429468676448, 0.0543657504022, -0.0334660075605, 0.0156227573752, -0.00332951452583, 0.000144458579598], [-9.23415354919e-05, -0.00886484794319, -0.000447957398137, -0.00116311770398, 0.00293543189764, -0.00550438137725, 0.00427212333307, 0.0222223699093, -0.0334660075605, 0.0635112449527, -0.0333478935063, 0.0314160473645, 0.000847582530696], [0.000804752402473, -0.0033629371319, 0.00358398701064, -0.000284930370981, 0.00641170470044, -0.000801991787739, 0.00651883380488, -0.00779758999124, 0.0156227573752, -0.0333478935063, 0.0756932124496, -0.0553002543747, 0.0201106201857], [-0.00117044185754, -0.0106624988839, 0.00363301392645, -0.00382024049759, 0.00897076912224, -0.00177353504114, -0.00644592382014, -0.00458481814712, -0.00332951452583, 0.0314160473645, -0.0553002543747, 0.104750081897, -0.0471424646676], [0.00168948213104, -0.00434508686885, 0.00271118758246, 0.00130443950184, -0.00026732031256, -0.00807067286223, 0.00787003803998, 0.0173332542181, 0.000144458579598, 0.000847582530696, 0.0201106201857, -0.0471424646676, 0.0484325289726]]
    },
    "melbands": {
        "dmean": [2.2960772128e-07, 9.9301814771e-07, 1.29818181449e-06, 1.1398199149e-06, 1.86536567526e-06, 0.000100863602711, 0.000268757750746, 0.000236453895923, 2.91433502753e-06, 1.68740348272e-06, 1.04174432636e-06, 1.82002513611e-05, 1.15067869046e-05, 3.57345072644e-07, 2.71434117849e-07, 2.91732817459e-07, 1.70370128671e-07, 1.40867228993e-07, 1.86094453625e-07, 1.58934682304e-07, 7.38484473572e-08, 6.20606073198e-08, 7.22090973682e-08, 7.29968903102e-08, 5.74648666429e-08, 5.08660455978e-08, 3.46235928816e-08, 2.71012119413e-08, 1.41785667651e-08, 9.77206404684e-09, 1.03396375906e-08, 9.41276301347e-09, 9.92884263695e-09, 7.27006144174e-09, 4.19107859528e-09, 3.94669452675e-09, 3.22404769548e-09, 2.10037454096e-09, 1.36941058493e-09, 1.41123868147e-09],
        "dmean2": [3.11381484153e-07, 1.69523411842e-06, 2.20661627282e-06, 1.75452998974e-06, 2.55826921602e-06, 7.80819900683e-05, 0.000262308109086, 0.000217758191866, 4.8739657359e-06, 2.55789404946e-06, 1.61481932537e-06, 1.711126788e-05, 1.1705329598e-05, 6.04349054356e-07, 4.6080907623e-07, 5.05908985815e-07, 3.11091014282e-07, 2.62171710119e-07, 3.34371719646e-07, 2.92221017162e-07, 1.25115889205e-07, 1.06892265705e-07, 1.28368384367e-07, 1.31252775759e-07, 9.98101725713e-08, 9.20581229025e-08, 6.22242168902e-08, 4.88115183828e-08, 2.41317934524e-08, 1.60806639116e-08, 1.73999215036e-08, 1.62109792257e-08, 1.72260143927e-08, 1.25922010596e-08, 6.62614985103e-09, 6.28358298727e-09, 5.20424014994e-09, 3.46546458196e-09, 2.16947659837e-09, 2.24143392735e-09],
        "dvar": [6.94886476919e-13, 1.96357947263e-12, 2.90347997381e-12, 1.14061026249e-11, 1.27863442057e-10, 1.55314097583e-07, 1.93360193634e-07, 1.48728304339e-07, 1.28190597026e-10, 2.04894122502e-11, 5.93912462613e-12, 6.70987543305e-10, 2.6294341704e-10, 4.43391986538e-13, 2.56480953012e-13, 1.90573400702e-13, 1.57446701076e-13, 2.2442376462e-13, 3.86809453825e-13, 4.4659200925e-13, 2.85520440841e-14, 1.81990178678e-14, 3.48256715349e-14, 4.75455924089e-14, 2.81463102201e-14, 2.54174478909e-14, 9.98175897e-15, 5.8850455806e-15, 8.58276727294e-16, 4.31987120737e-16, 5.93566172843e-16, 6.21629803754e-16, 8.60655089931e-16, 2.06611664626e-16, 4.83615644992e-17, 6.39110710901e-17, 4.64740541466e-17, 1.59209834778e-17, 9.44747048553e-18, 1.0255369518e-17],
        "dvar2": [9.78903373292e-13, 4.95692896452e-12, 4.39607031333e-12, 1.53197073083e-11, 1.29493582524e-10, 1.23713576272e-07, 1.62788680313e-07, 1.35931998102e-07, 3.55417362208e-10, 4.49084901211e-11, 9.3147373495e-12, 5.58256052496e-10, 2.66528132897e-10, 8.7334132981e-13, 6.01372521659e-13, 5.4599749201e-13, 4.5949003066e-13, 6.57111680607e-13, 1.12386835949e-12, 1.31120938759e-12, 7.67512884302e-14, 5.13176401872e-14, 9.95456904298e-14, 1.36333950856e-13, 7.71229732638e-14, 7.22700572347e-14, 2.82960724215e-14, 1.6956440863e-14, 2.35439202788e-15, 1.01102964315e-15, 1.54593423159e-15, 1.66736381612e-15, 2.34617305544e-15, 5.3586702963e-16, 9.30651841284e-17, 1.45648678474e-16, 9.8777058164e-17, 2.75700538935e-17, 1.16441875685e-17, 1.92595621851e-17],
        "max": [7.38464041206e-06, 1.08232343337e-05, 1.68908118212e-05, 3.50219779648e-05, 0.00012567138765, 0.00722304685041, 0.00802159775048, 0.00691854534671, 9.66634906945e-05, 4.74699772894e-05, 2.38402917603e-05, 0.000588059367146, 0.000340154394507, 5.26113490196e-06, 3.2181737879e-06, 2.65023254542e-06, 2.32979823522e-06, 3.64757374882e-06, 4.80550579596e-06, 5.16709269505e-06, 1.08312838165e-06, 8.63941238549e-07, 1.23730728774e-06, 1.5836711782e-06, 1.20998470265e-06, 1.17100091757e-06, 5.61826311696e-07, 5.91235220782e-07, 1.63371282724e-07, 1.48306270376e-07, 1.72136054744e-07, 2.11028336139e-07, 2.5300042239e-07, 9.42876781096e-08, 5.9479948078e-08, 5.27603951639e-08, 4.71782080069e-08, 3.81997438126e-08, 3.44425146181e-08, 2.83121650568e-08],
        "mean": [2.69985832801e-07, 1.20298648199e-06, 2.07621906156e-06, 1.5157040707e-06, 2.07760535886e-06, 0.000464023440145, 0.0013162776595, 0.000998458475806, 3.39344683198e-06, 2.65829339696e-06, 1.58098032443e-06, 9.04680709937e-05, 5.54681937501e-05, 3.61646641522e-07, 3.03388162592e-07, 4.10038438758e-07, 1.76406231844e-07, 1.39655298881e-07, 2.15925851421e-07, 1.30705913648e-07, 7.8029472661e-08, 6.31973051668e-08, 6.64297701292e-08, 6.26588700925e-08, 5.27289856223e-08, 4.35856861714e-08, 3.22403579389e-08, 2.55747707456e-08, 1.74465686342e-08, 1.34866366963e-08, 1.24633201537e-08, 1.12871285651e-08, 1.11963176508e-08, 8.77774475327e-09, 6.30973318039e-09, 5.69114533278e-09, 4.86516338327e-09, 3.96636989919e-09, 3.18337334271e-09, 2.75124367732e-09],
        "median": [8.95624339137e-08, 9.42723318076e-07, 1.61617231242e-06, 9.65488879956e-07, 6.1168702814e-07, 2.79574760498e-06, 0.000478381116409, 0.000365763728041, 1.26398549583e-06, 8.22709353088e-07, 4.8443388323e-07, 4.73418876936e-05, 3.08378439513e-05, 1.60465901899e-07, 1.32754692572e-07, 2.36681202637e-07, 8.34967437413e-08, 5.77100855992e-08, 1.07641078273e-07, 3.78470481621e-08, 3.15126484907e-08, 2.88007218074e-08, 2.35854553665e-08, 2.01269632072e-08, 1.94153546573e-08, 1.55981503269e-08, 1.26612489382e-08, 1.08634896634e-08, 7.66557572973e-09, 7.2004833207e-09, 5.20965226514e-09, 5.17659426436e-09, 4.73529881972e-09, 4.14839540497e-09, 3.64033736489e-09, 3.25458482386e-09, 2.89749380045e-09, 2.71574052135e-09, 2.40926678607e-09, 2.10517936416e-09],
        "min": [8.44848813131e-09, 3.18458504012e-08, 9.30403629695e-08, 8.85505357928e-08, 1.20958389971e-07, 2.43323142968e-07, 2.51229403148e-06, 2.30352225117e-06, 1.63823756338e-07, 8.97222918184e-08, 3.49966065016e-08, 4.58508502277e-08, 4.55491004914e-08, 2.13375166425e-08, 1.66963953774e-08, 1.42742822007e-08, 1.54135548769e-08, 1.49144572248e-08, 8.30116242412e-09, 6.10757311392e-09, 5.51562528983e-09, 2.89942936327e-09, 3.54631168875e-09, 2.6368285333e-09, 2.09170369914e-09, 1.85223780758e-09, 1.89283744234e-09, 1.07795883331e-09, 9.51319245601e-10, 7.96203269982e-10, 5.97851435025e-10, 7.95787158392e-10, 7.62617524686e-10, 6.96577240333e-10, 3.95351446025e-10, 3.47828432723e-10, 2.24559593143e-10, 2.91387441953e-10, 2.45366560403e-10, 3.07233266605e-10],
        "var": [7.86463884468e-13, 1.82300940836e-12, 3.64886159482e-12, 1.09756561478e-11, 1.28616839401e-10, 2.26161478167e-06, 3.68446330867e-06, 2.51021833719e-06, 8.80439540718e-11, 3.0772707299e-11, 1.14537641524e-11, 1.50963277434e-08, 5.10129227749e-09, 4.05323886433e-13, 2.63584618541e-13, 2.13924323676e-13, 1.02678634909e-13, 1.27557971239e-13, 2.32115108384e-13, 2.50383156049e-13, 2.25535803683e-14, 1.34150757316e-14, 2.25033089629e-14, 2.92593403119e-14, 2.00355851972e-14, 1.60171067354e-14, 6.48909611551e-15, 3.9111941157e-15, 7.78730275031e-16, 4.37922254129e-16, 5.08614379827e-16, 4.63718033732e-16, 6.47833350312e-16, 1.91388364982e-16, 5.91687519941e-17, 6.16297400479e-17, 4.4821165303e-17, 1.73275875659e-17, 1.09383998467e-17, 9.81695800308e-18]
    },
    "mfcc": {
        "mean": [-886.733459473, 145.279769897, 5.91886043549, -20.2206535339, -38.757686615, -31.3961315155, -20.6277389526, -9.55576133728, -9.30247688293, -5.52890729904, -2.11747288704, 7.47415685654, 19.1308097839],
        "cov": [[1049.68713379, -183.766494751, -250.821777344, 73.8587112427, -14.7074146271, 42.7544174194, -46.1494598389, 5.7375793457, -47.9959640503, 5.13710212708, 24.2964878082, 17.1327400208, 9.3908405304], [-183.766494751, 442.024993896, 141.245758057, -241.968582153, -166.718261719, -166.933135986, -32.5205535889, -39.3909721375, -22.7166194916, -50.9349441528, -41.0508995056, 3.17953109741, 77.7974853516], [-250.821777344, 141.245758057, 189.641586304, -40.9555854797, -35.9221611023, -58.7144966125, -26.0538692474, -25.8660297394, -0.19092553854, -9.95348167419, -0.973262131214, 15.0721216202, 23.6145401001], [73.8587112427, -241.968582153, -40.9555854797, 281.759368896, 191.092971802, 115.34009552, 6.81638479233, -1.94080495834, 17.3100700378, 42.3674240112, 44.7787857056, 21.7673969269, -75.5291824341], [-14.7074146271, -166.718261719, -35.9221611023, 191.092971802, 187.388442993, 120.56022644, 29.4631137848, 4.0932765007, 26.4380989075, 38.3740196228, 45.0096206665, 17.9814567566, -70.1608734131], [42.7544174194, -166.933135986, -58.7144966125, 115.34009552, 120.56022644, 139.432296753, 60.691078186, 21.1529884338, 26.8712730408, 23.4310092926, 21.7436618805, 1.9688975811, -48.2819366455], [-46.1494598389, -32.5205535889, -26.0538692474, 6.81638479233, 29.4631137848, 60.691078186, 97.1514968872, 57.3361930847, 20.4776191711, -11.2825536728, -23.1756477356, -16.8132228851, -11.7613487244], [5.7375793457, -39.3909721375, -25.8660297394, -1.94080495834, 4.0932765007, 21.1529884338, 57.3361930847, 88.0651702881, 33.8206214905, -7.17047977448, -23.1862125397, -18.948682785, 3.11719870567], [-47.9959640503, -22.7166194916, -0.19092553854, 17.3100700378, 26.4380989075, 26.8712730408, 20.4776191711, 33.8206214905, 56.9176368713, 15.8707284927, -11.7074985504, -12.280040741, -10.6327037811], [5.13710212708, -50.9349441528, -9.95348167419, 42.3674240112, 38.3740196228, 23.4310092926, -11.2825536728, -7.17047977448, 15.8707284927, 46.8798484802, 33.6151809692, 9.91201972961, -22.4568271637], [24.2964878082, -41.0508995056, -0.973262131214, 44.7787857056, 45.0096206665, 21.7436618805, -23.1756477356, -23.1862125397, -11.7074985504, 33.6151809692, 87.9602355957, 52.389957428, -7.263859272], [17.1327400208, 3.17953109741, 15.0721216202, 21.7673969269, 17.9814567566, 1.9688975811, -16.8132228851, -18.948682785, -12.280040741, 9.91201972961, 52.389957428, 60.97082901, 14.8219146729], [9.3908405304, 77.7974853516, 23.6145401001, -75.5291824341, -70.1608734131, -48.2819366455, -11.7613487244, 3.11719870567, -10.6327037811, -22.4568271637, -7.263859272, 14.8219146729, 65.7717437744]],
