{
"lowlevel": {
    "average_loudness": 0.981308460236,
    "barkbands_crest": {
        "dmean": 1.46452367306,
        "dmean2": 1.98065030575,
        "dvar": 4.76869678497,
        "dvar2": 9.60676670074,
        "max": 25.9859333038,
        "mean": 21.3149356842,
        "median": 23.7885189056,
        "min": 10.128531456,
        "var": 22.4324035645
    },
    "barkbands_flatness_db": {
        "dmean": 0.0239005405456,
        "dmean2": 0.0342029333115,
        "dvar": 0.000904037384316,
        "dvar2": 0.00129781011492,
        "max": 0.611795306206,
        "mean": 0.468021452427,
        "median": 0.478679537773,
        "min": 0.237942218781,
        "var": 0.00870144087821
    },
    "barkbands_kurtosis": {
        "dmean": 33.0401802063,
        "dmean2": 46.8545341492,
        "dvar": 3519.00878906,
        "dvar2": 7034.94335938,
        "max": 541.797912598,
        "mean": 91.6065444946,
        "median": 20.2577018738,
        "min": -1.28152501583,
        "var": 17868.0839844
    },
    "barkbands_skewness": {
        "dmean": 1.22650873661,
        "dmean2": 1.89176630974,
        "dvar": 3.23349261284,
        "dvar2": 7.47974586487,
        "max": 15.8404417038,
        "mean": 3.18878746033,
        "median": 2.53155064583,
        "min": -2.02538537979,
        "var": 12.1890583038
    },
    "barkbands_spread": {
        "dmean": 0.183052688837,
        "dmean2": 0.253101021051,
        "dvar": 0.0774746835232,
        "dvar2": 0.134035155177,
        "max": 4.03424310684,
        "mean": 1.17095553875,
        "median": 0.703862071037,
        "min": 0.0580128245056,
        "var": 1.48991274834
    },
    "dissonance": {
        "dmean": 0.0809302851558,
        "dmean2": 0.137675091624,
        "dvar": 0.00468215532601,
        "dvar2": 0.012665329501,
        "max": 0.469432234764,
        "mean": 0.217922747135,
        "median": 0.206988021731,
        "min": 0.0576863698661,
        "var": 0.00967451650649
    },
    "dynamic_complexity": 3.58373618126,
    "erbbands_crest": {
        "dmean": 1.65790069103,
        "dmean2": 2.42955183983,
        "dvar": 7.95624351501,
        "dvar2": 19.3584289551,
        "max": 29.3668384552,
        "mean": 23.014333725,
        "median": 24.395357132,
        "min": 8.72426128387,
        "var": 25.6238574982
    },
    "erbbands_flatness_db": {
        "dmean": 0.0211627073586,
        "dmean2": 0.0289254169911,
        "dvar": 0.000708501145709,
        "dvar2": 0.00110886339098,
        "max": 0.619971811771,
        "mean": 0.48030731082,
        "median": 0.48780092597,
        "min": 0.288954049349,
        "var": 0.00636185519397
    },
    "erbbands_kurtosis": {
        "dmean": 12.2957181931,
        "dmean2": 19.8768253326,
        "dvar": 984.845581055,
        "dvar2": 2466.10986328,
        "max": 235.816268921,
        "mean": 30.7974281311,
        "median": 5.32525157928,
        "min": -1.07000482082,
        "var": 2640.44506836
    },
    "erbbands_skewness": {
        "dmean": 0.677271306515,
        "dmean2": 1.08050715923,
        "dvar": 1.47836995125,
        "dvar2": 3.48487949371,
        "max": 12.0391016006,
        "mean": 1.9327545166,
        "median": 1.25207841396,
        "min": -1.64776682854,
        "var": 9.78632450104
    },
    "erbbands_spread": {
        "dmean": 0.373995363712,
        "dmean2": 0.499630391598,
        "dvar": 0.253848195076,
        "dvar2": 0.483615130186,
        "max": 5.83730602264,
        "mean": 2.42136049271,
        "median": 2.56124782562,
        "min": 0.275812059641,
        "var": 2.6993830204
    },
    "hfc": {
        "dmean": 1.91358590126,
        "dmean2": 2.5027115345,
        "dvar": 8.06821250916,
        "dvar2": 10.493563652,
        "max": 38.7764015198,
        "mean": 14.6837282181,
        "median": 15.459230423,
        "min": 0.127257093787,
        "var": 103.986854553
    },
    "melbands_crest": {
        "dmean": 1.40233421326,
        "dmean2": 2.01532721519,
        "dvar": 6.26081609726,
        "dvar2": 14.9114971161,
        "max": 32.9379234314,
        "mean": 22.9026165009,
        "median": 22.089466095,
        "min": 8.40690040588,
        "var": 47.9177742004
    },
    "melbands_flatness_db": {
        "dmean": 0.0259193591774,
        "dmean2": 0.036476302892,
        "dvar": 0.00096343329642,
        "dvar2": 0.00161831395235,
        "max": 0.702495455742,
        "mean": 0.548310577869,
        "median": 0.558321297169,
        "min": 0.345994859934,
        "var": 0.00941566564143
    },
    "melbands_kurtosis": {
        "dmean": 19.1800270081,
        "dmean2": 33.139339447,
        "dvar": 2741.0480957,
        "dvar2": 7640.17431641,
        "max": 520.454467773,
        "mean": 39.2463417053,
        "median": 12.6701612473,
        "min": -1.53337490559,
        "var": 5996.72070312
    },
    "melbands_skewness": {
        "dmean": 0.862615346909,
        "dmean2": 1.40043973923,
        "dvar": 2.51985192299,
        "dvar2": 6.96570062637,
        "max": 14.3575515747,
        "mean": 1.42383909225,
        "median": 1.64084541798,
        "min": -3.26480579376,
        "var": 7.69419240952
    },
    "melbands_spread": {
        "dmean": 0.284542888403,
        "dmean2": 0.389777988195,
        "dvar": 0.208173409104,
        "dvar2": 0.379659026861,
        "max": 6.37749910355,
        "mean": 1.8831692934,
        "median": 1.19142651558,
        "min": 0.277258992195,
        "var": 3.56107902527
    },
    "pitch_salience": {
        "dmean": 0.0488615259528,
        "dmean2": 0.0697455853224,
        "dvar": 0.00793032255024,
        "dvar2": 0.0136762708426,
        "max": 0.827125370502,
        "mean": 0.268214255571,
        "median": 0.253996163607,
        "min": 0.0217200983316,
        "var": 0.0296623967588
    },
    "silence_rate_20dB": {
        "dmean": 0,
        "dmean2": 0,
        "dvar": 0,
        "dvar2": 0,
        "max": 1,
        "mean": 1,
        "median": 1,
        "min": 1,
        "var": 0
    },
    "silence_rate_30dB": {
        "dmean": 0,
        "dmean2": 0,
        "dvar": 0,
        "dvar2": 0,
        "max": 1,
        "mean": 1,
        "median": 1,
        "min": 1,
        "var": 0
    },
    "silence_rate_60dB": {
        "dmean": 0.0333333350718,
        "dmean2": 0.0504201687872,
        "dvar": 0.0322221443057,
        "dvar2": 0.0478778108954,
        "max": 1,
        "mean": 0.0413223132491,
        "median": 0,
        "min": 0,
        "var": 0.0396148040891
    },
    "spectral_centroid": {
        "dmean": 19.1417369843,
        "dmean2": 24.3898468018,
        "dvar": 1342.46862793,
        "dvar2": 2524.89013672,
        "max": 831.804992676,
        "mean": 564.428588867,
        "median": 531.788879395,
        "min": 386.51385498,
        "var": 22436.2402344
    },
    "spectral_complexity": {
        "dmean": 0.483333319426,
        "dmean2": 0.823529422283,
        "dvar": 0.733055949211,
        "dvar2": 1.60751450062,
        "max": 7,
        "mean": 2.5371901989,
        "median": 2,
        "min": 1,
        "var": 1.47175741196
    },
    "spectral_decrease": {
        "dmean": 8.23727086541e-10,
        "dmean2": 1.15929377209e-09,
        "dvar": 1.65780229645e-18,
        "dvar2": 2.51429488119e-18,
        "max": -6.35401592453e-11,
        "mean": -6.88322332465e-09,
        "median": -7.62318652647e-09,
        "min": -1.4560928463e-08,
        "var": 2.41123148559e-17
    },
    "spectral_energy": {
        "dmean": 0.0032794943545,
        "dmean2": 0.0046018389985,
        "dvar": 2.59954067587e-05,
        "dvar2": 3.91681860492e-05,
        "max": 0.0569588802755,
        "mean": 0.0273106060922,
        "median": 0.0308545343578,
        "min": 0.000251358054811,
        "var": 0.000373501359718
    },
    "spectral_energyband_high": {
        "dmean": 6.57602129195e-07,
        "dmean2": 9.79179276328e-07,
        "dvar": 2.52512572484e-12,
        "dvar2": 6.26219952629e-12,
        "max": 1.31697297547e-05,
        "mean": 1.31184640395e-06,
        "median": 7.53442918722e-07,
        "min": 9.37506285936e-08,
        "var": 3.58263961033e-12
    },
    "spectral_energyband_low": {
        "dmean": 2.69368683803e-06,
        "dmean2": 4.67853624286e-06,
        "dvar": 1.49625346835e-11,
        "dvar2": 2.94921691235e-11,
        "max": 3.73315706383e-05,
        "mean": 3.70005614059e-06,
        "median": 2.8846029636e-06,
        "min": 2.31800356687e-07,
        "var": 1.6587967111e-11
    },
    "spectral_energyband_middle_high": {
        "dmean": 0.000264409318333,
        "dmean2": 0.000251768913586,
        "dvar": 4.06750615412e-07,
        "dvar2": 3.07897323637e-07,
        "max": 0.0112148718908,
        "mean": 0.000850548967719,
        "median": 2.02481005545e-05,
        "min": 2.53948337559e-06,
        "var": 3.85948032999e-06
    },
    "spectral_energyband_middle_low": {
        "dmean": 0.00320878671482,
        "dmean2": 0.00452957674861,
        "dvar": 2.57957708527e-05,
        "dvar2": 3.87730069633e-05,
        "max": 0.0569542087615,
        "mean": 0.0264618266374,
        "median": 0.0308491624892,
        "min": 0.000209798599826,
        "var": 0.000405599421356
    },
    "spectral_entropy": {
        "dmean": 0.234522014856,
        "dmean2": 0.324825525284,
        "dvar": 0.091003485024,
        "dvar2": 0.154950931668,
        "max": 6.82577466965,
        "mean": 4.38076877594,
        "median": 4.31348514557,
        "min": 3.26329946518,
        "var": 0.734966576099
    },
    "spectral_flux": {
        "dmean": 0.0135405231267,
        "dmean2": 0.0206692405045,
        "dvar": 0.000497579865623,
        "dvar2": 0.000890474417247,
        "max": 0.160171508789,
        "mean": 0.0236073788255,
        "median": 0.0158216375858,
        "min": 0.00296405772679,
        "var": 0.00080250564497
    },
    "spectral_kurtosis": {
        "dmean": 22.9781227112,
        "dmean2": 36.2875976562,
        "dvar": 815.819396973,
        "dvar2": 1946.35021973,
        "max": 260.038024902,
        "mean": 79.9696350098,
        "median": 74.0683822632,
        "min": 7.62843418121,
        "var": 2240.10766602
    },
    "spectral_rms": {
        "dmean": 0.000377756368835,
        "dmean2": 0.000525750336237,
        "dvar": 3.47048370486e-07,
        "dvar2": 5.41719259672e-07,
        "max": 0.00745450472459,
        "mean": 0.00474561285228,
        "median": 0.00548652745783,
        "min": 0.000495204352774,
        "var": 4.12364715885e-06
    },
    "spectral_rolloff": {
        "dmean": 14.5349121094,
        "dmean2": 26.2379360199,
        "dvar": 2968.79833984,
        "dvar2": 6243.37451172,
        "max": 947.4609375,
        "mean": 631.047912598,
        "median": 538.330078125,
        "min": 387.59765625,
        "var": 47615.90625
    },
    "spectral_skewness": {
        "dmean": 1.17017960548,
        "dmean2": 1.88605344296,
        "dvar": 1.44897401333,
        "dvar2": 3.01931238174,
        "max": 13.0639152527,
        "mean": 7.14113140106,
        "median": 7.13148021698,
        "min": 2.49867844582,
        "var": 5.92175149918
    },
    "spectral_spread": {
        "dmean": 623633.1875,
        "dmean2": 915316.9375,
        "dvar": 924867952640,
        "dvar2": 983537483776,
        "max": 13751085,
        "mean": 1841794.125,
        "median": 1491999.375,
        "min": 488950.5,
        "var": 2.14522186957e+12
    },
    "spectral_strongpeak": {
        "dmean": 0.361460655928,
        "dmean2": 0.505489289761,
        "dvar": 0.343450039625,
        "dvar2": 0.516181707382,
        "max": 6.95093917847,
        "mean": 3.01120734215,
        "median": 3.35672330856,
        "min": 0.034398727119,
        "var": 3.11122393608
    },
    "zerocrossingrate": {
        "dmean": 0.00136311852839,
        "dmean2": 0.00148125656415,
        "dvar": 5.78521076022e-06,
        "dvar2": 3.81843437935e-06,
        "max": 0.04345703125,
        "mean": 0.025552039966,
        "median": 0.02392578125,
        "min": 0.00537109375,
        "var": 6.9714289566e-05
    },
    "barkbands": {
        "dmean": [1.47825105046e-07, 4.50403632613e-07, 1.59817807344e-06, 2.10135522138e-06, 5.28037571712e-06, 0.00129541172646, 0.000729495019186, 0.000337316741934, 0.00147911231034, 0.000160282244906, 0.00024058787676, 4.78268589177e-07, 7.57852433253e-07, 8.41615189984e-07, 1.30320768221e-06, 5.7256306718e-07, 4.23836524988e-07, 2.89412696475e-07, 1.66485634168e-07, 1.45866223988e-07, 1.10606251269e-07, 1.54438410505e-07, 1.43030803201e-07, 1.0024925956e-07, 6.30946885849e-08, 3.68476165136e-08, 8.14468208432e-08],
        "dmean2": [2.11202703326e-07, 6.7284548777e-07, 2.7989665341e-06, 3.79716698262e-06, 9.09479604161e-06, 0.00181572732981, 0.0012162035564, 0.000537997169886, 0.001757070655, 0.000229410652537, 0.00019800895825, 7.6481535416e-07, 1.24496909848e-06, 1.42339877129e-06, 1.89625245639e-06, 1.02869307739e-06, 7.27630776964e-07, 4.93148831993e-07, 2.6960373134e-07, 2.43671223643e-07, 1.79456378646e-07, 2.56717072489e-07, 2.3294713003e-07, 1.52560645006e-07, 8.82331434582e-08, 5.22046619267e-08, 1.16528376282e-07],
        "dvar": [5.28401703902e-13, 2.04224961595e-12, 3.36907563479e-12, 4.64096859901e-12, 5.38439154374e-11, 1.57802696776e-05, 4.6298723646e-06, 1.14140777896e-06, 1.12762963909e-05, 1.37536346756e-07, 3.7985651602e-07, 4.7604427995e-13, 1.30098221692e-12, 2.48190313787e-12, 5.82880358563e-12, 3.64319642163e-12, 1.22402641408e-12, 2.95595497949e-13, 1.06365667684e-13, 5.40205155456e-14, 5.26886883732e-14, 1.77572637584e-13, 1.73236411652e-13, 7.00364313527e-14, 2.55962565461e-14, 4.83220141486e-15, 9.81337729041e-15],
        "dvar2": [6.01626333387e-13, 2.47602220844e-12, 9.68352915215e-12, 1.2568789759e-11, 1.35200517448e-10, 1.97404624487e-05, 1.28036408569e-05, 2.98595136883e-06, 1.32609702632e-05, 2.45679757427e-07, 2.54139706612e-07, 1.16007680892e-12, 3.0146885422e-12, 6.41772355744e-12, 1.19700742374e-11, 1.0814666003e-11, 3.39065841376e-12, 7.97048570807e-13, 2.72156266707e-13, 1.14835970052e-13, 1.20845160593e-13, 4.55670440616e-13, 4.72264317496e-13, 1.69655942398e-13, 5.95966757389e-14, 8.3278094029e-15, 2.07328085093e-14],
        "max": [7.62307445257e-06, 1.51840831677e-05, 1.07363484858e-05, 1.34661568154e-05, 6.29809364909e-05, 0.0537123382092, 0.0171633809805, 0.00942154973745, 0.0475939959288, 0.0048254262656, 0.0109460661188, 5.46809224033e-06, 1.33816756716e-05, 1.16310675367e-05, 2.8691620173e-05, 1.5325995264e-05, 9.31820704864e-06, 3.94647986468e-06, 2.57479632637e-06, 1.48449430526e-06, 1.69371776337e-06, 2.96377902487e-06, 2.88998899123e-06, 2.0608754312e-06, 1.46403658619e-06, 7.269679827e-07, 1.10206303816e-06],
        "mean": [1.51983172714e-07, 5.70740382955e-07, 2.09173117582e-06, 2.20845231524e-06, 7.84537223808e-06, 0.0140143828467, 0.00147202087101, 0.000804963055998, 0.00949458498508, 0.000692937814165, 0.00080751121277, 8.88846727776e-07, 1.89923116523e-06, 1.52936559061e-06, 3.59475211553e-06, 7.08206073341e-07, 5.20201865584e-07, 4.42121603328e-07, 2.68552014404e-07, 2.59760639665e-07, 1.91082477841e-07, 2.01641256581e-07, 1.74008874865e-07, 1.3550699407e-07, 1.0533352679e-07, 6.40491748527e-08, 3.73021606492e-07],
        "median": [2.58827306254e-08, 2.33859765331e-07, 1.7337333702e-06, 1.35520883759e-06, 5.33787306267e-06, 0.000208634402952, 0.000452399690403, 8.32578916743e-06, 0.00255227368325, 0.000113109235826, 2.64865843747e-06, 6.37262417058e-07, 5.33468153208e-07, 6.2604459572e-07, 5.45513273664e-07, 3.6166588302e-07, 2.42962670427e-07, 2.48406593073e-07, 1.26823934465e-07, 1.53732500507e-07, 1.02111982869e-07, 6.45273630084e-08, 4.93438179205e-08, 4.79561279576e-08, 4.12390477322e-08, 3.63930858782e-08, 3.51587317482e-07],
        "min": [1.34989819323e-09, 3.55542155717e-08, 1.04680836444e-07, 2.35508927915e-08, 5.7067063608e-07, 4.80584913021e-06, 5.54106281925e-06, 3.16997130767e-07, 2.69258089247e-06, 9.95501409307e-07, 1.22558702742e-07, 1.31850370622e-07, 5.40021893869e-08, 6.13856059317e-08, 1.45957002928e-07, 2.85523675814e-08, 1.50668082455e-08, 3.26022515651e-08, 1.52207260129e-08, 1.9750986624e-08, 1.22406804692e-08, 1.14100480175e-08, 1.10616982241e-08, 8.69226202127e-09, 8.16622502953e-09, 4.9870112484e-09, 1.88267215151e-08],
        "var": [5.55396928534e-13, 2.30661843792e-12, 3.51812416005e-12, 5.14666998255e-12, 5.89664081452e-11, 0.000420854543336, 4.89539070259e-06, 4.39938821728e-06, 0.0001986616262, 1.40854126585e-06, 3.70210022993e-06, 6.70135442363e-13, 9.50026168844e-12, 4.88081797201e-12, 4.25611629273e-11, 2.20955827419e-12, 9.17963404942e-13, 2.85538953593e-13, 1.37817410479e-13, 8.27205871076e-14, 8.11236657277e-14, 1.95579921074e-13, 1.68678249536e-13, 8.71342589553e-14, 4.14643667979e-14, 9.46329942035e-15, 4.09803450668e-14]
    },
    "erbbands": {
        "dmean": [1.61249699886e-05, 0.000120506985695, 0.00137461477425, 0.00461752014235, 0.0116164069623, 0.0225712712854, 0.504812836647, 14.6009502411, 9.93356513977, 15.6217069626, 4.09998893738, 16.4614391327, 38.3160972595, 9.16531562805, 2.54186749458, 0.0869196802378, 0.0341142825782, 0.0485057756305, 0.0329933539033, 0.0664992704988, 0.0280774589628, 0.0197360105813, 0.0161752700806, 0.0110721504316, 0.0078404052183, 0.00616310443729, 0.00524519942701, 0.00391356693581, 0.00562948081642, 0.00558017892763, 0.00362894614227, 0.00232544890605, 0.00159628270194, 0.000873849145137, 0.000402585515985, 0.000170662708115, 6.1965554778e-05, 7.97700849944e-05, 8.89345847099e-06, 3.97767325921e-06],
        "dmean2": [2.54512979154e-05, 0.000195740809431, 0.00243066740222, 0.0084230825305, 0.0201290417463, 0.0342213399708, 0.787400126457, 20.5113983154, 14.3644514084, 25.7744312286, 6.71695375443, 19.2131958008, 41.6306915283, 8.19345283508, 2.12487411499, 0.0806680247188, 0.0529365837574, 0.0793372318149, 0.0511290766299, 0.10021391511, 0.0484163016081, 0.0338536910713, 0.0276212077588, 0.0187427084893, 0.0130172036588, 0.0100291194394, 0.00841743592173, 0.00636493740603, 0.00957503076643, 0.00910180620849, 0.00563966855407, 0.00363888754509, 0.00239093066193, 0.00125046120957, 0.000619647616986, 0.000243134520133, 9.36911455938e-05, 0.000119693824672, 1.31910328491e-05, 5.88134980717e-06],
        "dvar": [2.74103384434e-09, 9.70675770873e-08, 2.59103899225e-06, 2.15958698391e-05, 0.000165096746059, 0.0010553537868, 3.60158824921, 2304.06958008, 339.429321289, 1682.04064941, 205.22215271, 1148.15319824, 7162.82177734, 408.856628418, 39.1117706299, 0.0303525682539, 0.0023921658285, 0.00696456013247, 0.0027105177287, 0.0205018203706, 0.00523558445275, 0.00296509219334, 0.000899236998521, 0.000494970183354, 0.000210525337025, 0.000110058841528, 0.000125790873426, 6.63600731059e-05, 0.000212393904803, 0.000318303296808, 9.38670709729e-05, 3.78089061996e-05, 2.07176981348e-05, 5.31577779839e-06, 1.0801860526e-06, 1.60543734751e-07, 9.79866321416e-09, 1.11820144255e-08, 1.83737400294e-10, 3.02586670997e-11],
        "dvar2": [4.70724348389e-09, 1.20212703791e-07, 6.94334448781e-06, 5.85164016229e-05, 0.000454551540315, 0.00149382115342, 5.81320476532, 3040.02270508, 694.334106445, 4761.36083984, 583.583618164, 1448.65893555, 7509.45117188, 293.682800293, 26.4580993652, 0.0222252923995, 0.00502653839067, 0.0182107817382, 0.00619993684813, 0.052786398679, 0.0152660179883, 0.00812698155642, 0.00231331051327, 0.00125512946397, 0.000526872172486, 0.000246997806244, 0.000320879596984, 0.000149992774823, 0.000540406326763, 0.000900796439964, 0.000243588103331, 8.92205935088e-05, 4.96496541018e-05, 1.21544462672e-05, 2.51304572885e-06, 3.5799959619e-07, 1.99489438302e-08, 2.50448923822e-08, 4.32323760124e-10, 4.40606960639e-11],
        "max": [0.000460804149043, 0.00341003318317, 0.0113386232406, 0.0325354114175, 0.106678120792, 0.44894438982, 21.3923549652, 624.041687012, 209.3412323, 272.88369751, 107.948509216, 477.59552002, 1287.47790527, 362.77532959, 111.065551758, 3.1758480072, 0.659056723118, 0.614330649376, 0.502908408642, 1.17114412785, 0.5939412117, 0.460483849049, 0.206214264035, 0.168564215302, 0.109748728573, 0.0679612085223, 0.0935836806893, 0.0651002302766, 0.0980654731393, 0.136260181665, 0.062138531357, 0.0509030967951, 0.0432963483036, 0.0196663010865, 0.00852769799531, 0.00415159529075, 0.000705071433913, 0.00112868694123, 0.000131490436615, 6.54463510728e-05],
        "mean": [2.09404697671e-05, 0.000169597085915, 0.00184291566256, 0.00591706670821, 0.0210677981377, 0.133584603667, 5.74294662476, 164.429214478, 61.5523109436, 33.8023452759, 9.24469089508, 99.2739181519, 238.629943848, 34.740070343, 8.85139274597, 0.315985649824, 0.104041978717, 0.102532058954, 0.0897429212928, 0.155926942825, 0.0442081652582, 0.0259701367468, 0.0256198663265, 0.0181809086353, 0.0135116912425, 0.010772369802, 0.00838342867792, 0.00705158384517, 0.00736584095284, 0.00660814298317, 0.00452227285132, 0.00302676670253, 0.00223432504572, 0.00135307537857, 0.00067714630859, 0.000268559349934, 0.000134246321977, 0.000262131128693, 4.84897282149e-05, 3.56051641575e-05],
        "median": [1.20231907204e-05, 0.000101101330074, 0.00147319363896, 0.0044222055003, 0.0185101572424, 0.0417895354331, 0.153098613024, 2.45168757439, 23.797460556, 5.93686008453, 3.86629199982, 30.0254497528, 57.9141082764, 4.41012382507, 1.23978841305, 0.132766753435, 0.0480128377676, 0.043226480484, 0.0344584286213, 0.0256319325417, 0.0270782839507, 0.0135820824653, 0.0131032401696, 0.00910541974008, 0.00794817041606, 0.00671599572524, 0.00423495005816, 0.00391284562647, 0.00246378243901, 0.00192275363952, 0.00127927830908, 0.0010138254147, 0.000725118501578, 0.000471128994832, 0.00029986462323, 0.000138894509291, 9.9434168078e-05, 0.000218118031626, 4.6624103561e-05, 3.99969394493e-05],
        "min": [1.37446443205e-06, 2.03409308597e-05, 0.000139115916681, 0.000655139330775, 0.0012814772781, 0.00277366954833, 0.0148392161354, 0.0505103729665, 0.182928085327, 0.117739491165, 0.0660654380918, 0.0806553959846, 0.0500881522894, 0.0418238081038, 0.0285764690489, 0.00870787352324, 0.00543080596253, 0.00584288593382, 0.00935884937644, 0.00509131047875, 0.00180793297477, 0.00100248563103, 0.00174333690666, 0.0018319824012, 0.00152104627341, 0.000899965933058, 0.000593522621784, 0.000434980145656, 0.000401741242968, 0.000414826965425, 0.000281167653156, 0.000150254025357, 0.000137767536216, 8.17519176053e-05, 6.77777134115e-05, 1.48743183672e-05, 1.30397174871e-05, 1.58286493388e-05, 2.08151755032e-06, 5.13779923494e-07],
        "var": [2.64791699678e-09, 1.08135360222e-07, 2.64844425146e-06, 2.23004608415e-05, 0.000230091551202, 0.0232152976096, 69.2479248047, 58081.1914062, 5181.83056641, 2308.93408203, 290.72354126, 20025.1582031, 134618.03125, 3792.18115234, 373.008544922, 0.285700559616, 0.0193961765617, 0.01465068385, 0.0127811469138, 0.0750258564949, 0.00364623218775, 0.00215108436532, 0.000931376533117, 0.000600660103373, 0.000258843152551, 0.000156697788043, 0.000168109632796, 0.000104301987449, 0.000242547714151, 0.000282566878013, 0.00010241628479, 4.6770357585e-05, 2.61075438175e-05, 8.01412988949e-06, 1.61051286796e-06, 2.39732514729e-07, 1.82361894474e-08, 3.93876078419e-08, 3.74451636365e-10, 4.22279877732e-10]
    },
    "gfcc": {
        "mean": [-231.915618896, 124.83039856, -102.770980835, -81.7372970581, -103.033744812, -43.9442100525, -20.2576351166, 4.24806785583, -3.76904535294, -10.8831892014, -11.7838115692, -0.998195230961, 4.7756857872],
        "cov": [[650.184875488, -201.384735107, -75.1399230957, 187.888214111, -36.6602745056, -30.7992534637, -163.012969971, -42.8966522217, 63.0663299561, 133.344482422, 63.3322601318, 25.4311885834, -77.5864028931], [-201.384735107, 609.604064941, 86.2122879028, -368.682434082, -80.5547409058, -258.753265381, 11.869181633, -75.4930496216, -46.0918197632, -94.7644042969, 68.401008606, 151.709777832, 274.413238525], [-75.1399230957, 86.2122879028, 672.159240723, 252.914611816, -200.744903564, -415.153778076, -377.247894287, -171.111419678, 58.2693405151, 179.387023926, 111.060035706, 141.136917114, 123.290016174], [187.888214111, -368.682434082, 252.914611816, 559.427307129, 39.7218742371, -36.683757782, -300.09286499, -91.7895507812, 99.1465530396, 280.56350708, 112.400192261, -4.91460990906, -203.795761108], [-36.6602745056, -80.5547409058, -200.744903564, 39.7218742371, 200.579315186, 192.940368652, 89.8164901733, 24.3522205353, -20.7606124878, 2.01516819, -12.3617515564, -48.1319084167, -91.5374603271], [-30.7992534637, -258.753265381, -415.153778076, -36.683757782, 192.940368652, 509.575378418, 360.418029785, 191.876663208, -44.0090942383, -144.543426514, -169.93812561, -199.729324341, -197.014129639], [-163.012969971, 11.869181633, -377.247894287, -300.09286499, 89.8164901733, 360.418029785, 493.832214355, 222.564041138, -93.550201416, -306.694396973, -227.962173462, -165.06791687, -18.9960212708], [-42.8966522217, -75.4930496216, -171.111419678, -91.7895507812, 24.3522205353, 191.876663208, 222.564041138, 144.776626587, -22.3253250122, -133.256530762, -125.119483948, -109.085746765, -52.9996757507], [63.0663299561, -46.0918197632, 58.2693405151, 99.1465530396, -20.7606124878, -44.0090942383, -93.550201416, -22.3253250122, 69.5068206787, 87.1482162476, 34.5429229736, -9.76072692871, -41.0824317932], [133.344482422, -94.7644042969, 179.387023926, 280.56350708, 2.01516819, -144.543426514, -306.694396973, -133.256530762, 87.1482162476, 281.909118652, 184.257888794, 76.2655410767, -106.358375549], [63.3322601318, 68.401008606, 111.060035706, 112.400192261, -12.3617515564, -169.93812561, -227.962173462, -125.119483948, 34.5429229736, 184.257888794, 191.31211853, 120.310966492, -13.4427518845], [25.4311885834, 151.709777832, 141.136917114, -4.91460990906, -48.1319084167, -199.729324341, -165.06791687, -109.085746765, -9.76072692871, 76.2655410767, 120.310966492, 153.394332886, 105.441123962], [-77.5864028931, 274.413238525, 123.290016174, -203.795761108, -91.5374603271, -197.014129639, -18.9960212708, -52.9996757507, -41.0824317932, -106.358375549, -13.4427518845, 105.441123962, 259.425445557]],
        "icov": [[0.0031817080453, -0.000281409738818, 0.00375513290055, -0.0025059862528, 0.00343535142019, 0.000182139119715, 0.00084693118697, 0.000403754151193, 0.000216689149966, -0.00264712865464, 0.0040946691297, -0.00261223339476, -0.000786072341725], [-0.000281409738818, 0.00932341720909, -0.00434791576117, 0.0067918933928, -0.00490574073046, 0.00259933480993, -0.00484740315005, 0.00256627239287, -0.00726429373026, 0.00493558542803, -0.0102275814861, -0.000231915182667, -0.00169466575608], [0.00375513290055, -0.00434791576117, 0.0126849878579, -0.00957187078893, 0.0098646460101, 0.00233714631759, 0.00170053960755, -8.60859581735e-05, 0.00805385969579, -0.0114286029711, 0.0137699507177, -0.00201506144367, -0.00434062629938], [-0.0025059862528, 0.0067918933928, -0.00957187078893, 0.0150296008214, -0.00910912640393, -0.000534351915121, 0.00138927123044, 0.00115576409735, -0.00755116995424, 0.00586228910834, -0.0075677302666, 0.00027254447923, 0.00584456278011], [0.00343535142019, -0.00490574073046, 0.0098646460101, -0.00910912640393, 0.0196113307029, -0.00531669519842, -0.000456335925264, 0.00578420422971, 0.00990396551788, -0.0122166872025, 0.009711060673, -3.96189752792e-05, -0.00451776897535], [0.000182139119715, 0.00259933480993, 0.00233714631759, -0.000534351915121, -0.00531669519842, 0.0151016442105, -0.00726280268282, -0.00113849388435, 0.00150024692994, -0.00219714432023, 0.00382835883647, -8.00986308604e-05, 0.00417040428147], [0.00084693118697, -0.00484740315005, 0.00170053960755, 0.00138927123044, -0.000456335925264, -0.00726280268282, 0.0263400487602, -0.0127808861434, 0.00577199086547, 0.0120914662257, 0.00241385539994, 0.00223078834824, 0.00439465325326], [0.000403754151193, 0.00256627239287, -8.60859581735e-05, 0.00115576409735, 0.00578420422971, -0.00113849388435, -0.0127808861434, 0.0470229536295, -0.0157771892846, 0.0154124926776, 0.00607499713078, -0.00608033826575, 0.0148085402325], [0.000216689149966, -0.00726429373026, 0.00805385969579, -0.00755116995424, 0.00990396551788, 0.00150024692994, 0.00577199086547, -0.0157771892846, 0.055616773665, -0.0368061512709, 0.00889488775283, 0.0257199127227, -0.0164523124695], [-0.00264712865464, 0.00493558542803, -0.0114286029711, 0.00586228910834, -0.0122166872025, -0.00219714432023, 0.0120914662257, 0.0154124926776, -0.0368061512709, 0.0716114342213, -0.0292893238366, -0.0110954511911, 0.028601443395], [0.0040946691297, -0.0102275814861, 0.0137699507177, -0.0075677302666, 0.009711060673, 0.00382835883647, 0.00241385539994, 0.00607499713078, 0.00889488775283, -0.0292893238366, 0.0599854551256, -0.028195893392, 0.0112746590748], [-0.00261223339476, -0.000231915182667, -0.00201506144367, 0.00027254447923, -3.96189752792e-05, -8.00986308604e-05, 0.00223078834824, -0.00608033826575, 0.0257199127227, -0.0110954511911, -0.028195893392, 0.0526761636138, -0.0238645132631], [-0.000786072341725, -0.00169466575608, -0.00434062629938, 0.00584456278011, -0.00451776897535, 0.00417040428147, 0.00439465325326, 0.0148085402325, -0.0164523124695, 0.028601443395, 0.0112746590748, -0.0238645132631, 0.0363907292485]]
    },
    "melbands": {
        "dmean": [1.29870315391e-07, 5.21338563431e-07, 8.90030321443e-07, 1.10858866265e-06, 1.21838738778e-05, 0.000303787528537, 0.000169739170815, 0.000157079382916, 2.58488689724e-05, 0.000160659197718, 0.000190055056009, 3.03606557281e-05, 1.79126127478e-05, 9.67696252019e-08, 4.12960581286e-08, 1.03008297003e-07, 9.08999311378e-08, 3.39633672297e-08, 1.36163123443e-07, 4.91907385936e-08, 3.3106445585e-08, 2.41283029112e-08, 1.4065545173e-08, 1.38744553624e-08, 9.18742859568e-09, 6.24711748998e-09, 6.93738222424e-09, 3.67330077466e-09, 3.78536313406e-09, 2.74634803787e-09, 2.1776183079e-09, 2.98149727129e-09, 3.85182641338e-09, 3.00325853075e-09, 2.12945905353e-09, 1.96000637942e-09, 1.22194931951e-09, 1.20288357053e-09, 9.78714109756e-10, 6.63600008277e-10],
        "dmean2": [1.95295029926e-07, 9.03511079287e-07, 1.59252908816e-06, 1.92246443476e-06, 1.85421104106e-05, 0.000423622317612, 0.000250580895226, 0.000256597093539, 4.35688743892e-05, 0.000194097490748, 0.000207974895602, 2.80743206531e-05, 1.45791264003e-05, 1.32388436214e-07, 6.87684718059e-08, 1.62309106599e-07, 1.52662707364e-07, 5.67749118829e-08, 1.96246261908e-07, 8.63388365246e-08, 5.75176031248e-08, 4.20120471745e-08, 2.37300739059e-08, 2.39066100249e-08, 1.54377790551e-08, 1.02063122398e-08, 1.18517853309e-08, 5.74610004023e-09, 5.86518122958e-09, 4.38538272363e-09, 3.59167695585e-09, 5.03055819223e-09, 6.36405417254e-09, 5.08490494155e-09, 3.37662120486e-09, 3.09749315086e-09, 1.89145454854e-09, 1.85243220763e-09, 1.6115925261e-09, 9.87614101611e-10],
        "dvar": [2.08412524435e-13, 4.4396951393e-13, 7.65546480375e-13, 2.17211470165e-12, 1.3697524226e-09, 9.00164877748e-07, 1.14187692191e-07, 1.69632130564e-07, 1.08658486653e-08, 1.23422680076e-07, 1.78176577492e-07, 5.70012836931e-09, 2.0627100028e-09, 3.7517301684e-14, 4.09656515863e-15, 2.13814426234e-14, 3.17310942604e-14, 3.13560183305e-15, 7.15275617056e-14, 2.9349888134e-14, 5.27858947213e-15, 4.98237866234e-15, 9.46555506908e-16, 5.83772566149e-16, 3.20235284679e-16, 1.37754807862e-16, 1.04972065234e-16, 4.03293628186e-17, 5.96556503549e-17, 3.10891201017e-17, 1.85907850055e-17, 5.01550740469e-17, 1.39394862171e-16, 1.0247686499e-16, 3.52164039424e-17, 2.66412045118e-17, 9.84322098753e-18, 1.25505326744e-17, 8.22142007288e-18, 2.73233534796e-18],
        "dvar2": [2.80049258523e-13, 1.05674713771e-12, 1.98661096254e-12, 5.79282802282e-12, 2.78410183796e-09, 1.14032877718e-06, 2.64198661171e-07, 4.75481300555e-07, 3.08530516691e-08, 1.46444378402e-07, 1.89394128824e-07, 4.19244461369e-09, 1.37794908817e-09, 4.67845942922e-14, 9.21612927711e-15, 4.98925140297e-14, 8.54662003604e-14, 8.50173321906e-15, 1.48127495513e-13, 8.59072605804e-14, 1.50591243306e-14, 1.39243229509e-14, 2.28736631076e-15, 1.60086304767e-15, 8.02933447405e-16, 3.6871825944e-16, 2.46735853566e-16, 9.50359849512e-17, 1.54999339877e-16, 8.04606721288e-17, 4.32045003528e-17, 1.32331361779e-16, 3.70050192279e-16, 2.97029149493e-16, 9.49909201514e-17, 6.06409084913e-17, 2.43401187423e-17, 3.23306619528e-17, 1.76249407981e-17, 6.43247904365e-18],
        "max": [4.58973681816e-06, 5.53254449187e-06, 5.59732052352e-06, 1.26239510791e-05, 0.000410927837947, 0.0126659292728, 0.00310675031506, 0.0026474352926, 0.000832508550957, 0.0049834381789, 0.00636311247945, 0.00133216031827, 0.000805510382634, 2.57410806626e-06, 4.19009268171e-07, 1.80027950591e-06, 1.39870348903e-06, 4.55140423128e-07, 3.19880041388e-06, 1.34429615173e-06, 5.95194364905e-07, 6.02205375344e-07, 2.00735499334e-07, 1.66020456049e-07, 1.38526800697e-07, 8.25187953524e-08, 7.01242228729e-08, 3.94189072495e-08, 6.35895105461e-08, 4.18314094475e-08, 3.11123997676e-08, 4.65767442392e-08, 8.00060746542e-08, 7.89374325905e-08, 3.89371521692e-08, 4.31132392009e-08, 2.52829366332e-08, 3.29385159148e-08, 2.46050735342e-08, 1.35708413396e-08],
        "mean": [1.58871330314e-07, 6.85567670189e-07, 1.20088839139e-06, 1.6813238517e-06, 8.81524247234e-05, 0.00332447001711, 0.000963829923421, 0.000335253833327, 4.18916933995e-05, 0.00101236754563, 0.0011861246312, 9.80553595582e-05, 6.04179913353e-05, 1.77458673534e-07, 6.61905659172e-08, 2.65953474354e-07, 1.61258938647e-07, 6.74202951245e-08, 3.81293233431e-07, 6.05006462706e-08, 4.85876832101e-08, 2.8893838433e-08, 2.00744700862e-08, 2.24521290448e-08, 1.40913964941e-08, 8.96888963098e-09, 1.10738058723e-08, 6.05119421238e-09, 5.44973133287e-09, 4.46185399738e-09, 3.78718967298e-09, 3.92774435198e-09, 4.37648051133e-09, 3.50662698878e-09, 2.61598631646e-09, 2.27885843529e-09, 1.63683244736e-09, 1.59158308755e-09, 1.4312305785e-09, 1.00674346637e-09],
        "median": [6.61093366716e-08, 5.30288616574e-07, 9.6172971098e-07, 1.26292877667e-06, 2.7421899631e-06, 4.72088286187e-05, 0.000489856174681, 5.00600299347e-06, 1.74762612914e-06, 0.000287109869532, 0.000286664522719, 4.05366563427e-07, 3.71319600845e-07, 9.39755864238e-08, 4.34519726866e-08, 7.52126751991e-08, 6.60709176259e-08, 4.76129784488e-08, 3.94723862485e-08, 2.47425155919e-08, 3.22215889526e-08, 1.35425608505e-08, 1.05029682729e-08, 1.34233655302e-08, 6.8619718796e-09, 4.72115324612e-09, 6.43604414208e-09, 3.59191232313e-09, 2.47859799352e-09, 2.40636910398e-09, 2.34087615958e-09, 1.39672162724e-09, 1.14962983577e-09, 9.34817112608e-10, 7.55464968361e-10, 6.06153460758e-10, 5.90495763397e-10, 5.19902287888e-10, 4.3900907909e-10, 3.50979967312e-10],
        "min": [1.14641967031e-08, 4.15657552821e-08, 4.87671201199e-08, 9.96126416908e-08, 1.94424814026e-07, 1.01872626601e-06, 2.46026934292e-06, 2.5283566174e-07, 1.81814144185e-07, 3.69355262819e-07, 2.09907909721e-07, 3.0797501438e-08, 2.4353761674e-08, 1.98295992959e-08, 7.19699144724e-09, 5.92032334268e-09, 8.03467870014e-09, 9.32059052161e-09, 6.10005379542e-09, 2.39758257692e-09, 1.71907132973e-09, 9.81595471572e-10, 9.43983224921e-10, 1.56244861493e-09, 1.2347965983e-09, 7.84758258376e-10, 8.54615322954e-10, 4.91927276691e-10, 3.56667223533e-10, 2.82811052355e-10, 2.03552175115e-10, 2.08950592939e-10, 2.08783171307e-10, 2.12402831434e-10, 1.65815805531e-10, 1.02431049753e-10, 7.95433649503e-11, 1.02785759071e-10, 6.63714430638e-11, 6.2480597085e-11],
        "var": [2.25461359651e-13, 4.78191433933e-13, 9.82747195254e-13, 2.44216712825e-12, 1.58726063404e-08, 2.36254654737e-05, 1.12648342565e-06, 2.9859904771e-07, 1.22465149133e-08, 2.1807243229e-06, 3.32855506713e-06, 5.442309714e-08, 2.00159320229e-08, 1.09542671429e-13, 5.31283670825e-15, 1.71553702776e-13, 5.34078972725e-14, 4.20744854769e-15, 5.37856109477e-13, 1.80744853898e-14, 4.0419256043e-15, 3.4567852917e-15, 8.88623853151e-16, 6.1250265317e-16, 4.06493070151e-16, 1.44479150967e-16, 1.54926362694e-16, 5.66642608575e-17, 7.83473844824e-17, 4.45749202521e-17, 2.77424846553e-17, 6.01590592409e-17, 1.35212398766e-16, 8.43130309124e-17, 3.47105168234e-17, 3.29553123555e-17, 1.18969822355e-17, 1.39923175811e-17, 1.14136796287e-17, 4.12197003253e-18]
    },
    "mfcc": {
        "mean": [-907.327453613, 178.417694092, 16.5878219604, -27.012172699, -47.2499885559, -51.0505638123, -35.195148468, -12.933716774, 1.35232329369, 2.50548291206, -7.11004114151, -13.6709852219, -7.46111869812],
        "cov": [[854.245422363, -124.148956299, -258.97744751, 38.9487495422, -15.4879388809, 49.6399269104, -16.4173183441, -5.66715764999, -33.1876678467, -11.7158203125, 88.3979034424, 204.112365723, 277.284210205], [-124.148956299, 512.022521973, 22.3255386353, -175.273178101, -133.922134399, -198.286300659, -50.160987854, -35.7029418945, -10.2531709671, -88.3844146729, -148.977279663, -115.849494934, 7.18514108658], [-258.97744751, 22.3255386353, 436.095428467, 167.824157715, 21.1439380646, -72.2368087769, -212.935256958, -220.271621704, -173.141601562, -70.0153274536, 8.43089389801, 26.0407295227, -44.8929862976], [38.9487495422, -175.273178101, 167.824157715, 289.180358887, 149.053359985, 68.2656173706, -116.052024841, -190.421234131, -166.389404297, -67.257522583, 44.1922569275, 91.6880569458, 40.4568367004], [-15.4879388809, -133.922134399, 21.1439380646, 149.053359985, 166.964675903, 108.926780701, -16.4185161591, -88.7051696777, -78.6163482666, -21.2524967194, 32.6144714355, 47.7154693604, 28.0185565948], [49.6399269104, -198.286300659, -72.2368087769, 68.2656173706, 108.926780701, 183.487854004, 112.352401733, 56.7430343628, 35.0184211731, 54.2735519409, 74.9276046753, 67.3312072754, 23.897436142], [-16.4173183441, -50.160987854, -212.935256958, -116.052024841, -16.4185161591, 112.352401733, 261.723022461, 249.711273193, 178.762008667, 94.8263473511, 16.895154953, -37.0538520813, -46.8793258667], [-5.66715764999, -35.7029418945, -220.271621704, -190.421234131, -88.7051696777, 56.7430343628, 249.711273193, 334.668365479, 257.152374268, 136.958969116, 1.77161002159, -86.4872055054, -101.185409546], [-33.1876678467, -10.2531709671, -173.141601562, -166.389404297, -78.6163482666, 35.0184211731, 178.762008667, 257.152374268, 238.668930054, 133.406936646, -3.62557578087, -90.4506835938, -106.728263855], [-11.7158203125, -88.3844146729, -70.0153274536, -67.257522583, -21.2524967194, 54.2735519409, 94.8263473511, 136.958969116, 133.406936646, 124.438987732, 56.4603805542, -25.0630588531, -82.9927444458], [88.3979034424, -148.977279663, 8.43089389801, 44.1922569275, 32.6144714355, 74.9276046753, 16.895154953, 1.77161002159, -3.62557578087, 56.4603805542, 128.961578369, 104.161506653, 32.164855957], [204.112365723, -115.849494934, 26.0407295227, 91.6880569458, 47.7154693604, 67.3312072754, -37.0538520813, -86.4872055054, -90.4506835938, -25.0630588531, 104.161506653, 198.527053833, 194.407272339], [277.284210205, 7.18514108658, -44.8929862976, 40.4568367004, 28.0185565948, 23.897436142, -46.8793258667, -101.185409546, -106.728263855, -82.9927444458, 32.164855957, 194.407272339, 326.539031982]],
