{
"lowlevel": {
    "average_loudness": 0.989319562912,
    "barkbands_crest": {
        "dmean": 0.786588609219,
        "dmean2": 0.793042778969,
        "dvar": 0.631425082684,
        "dvar2": 0.688116073608,
        "max": 20.9633293152,
        "mean": 19.1880702972,
        "median": 19.1737918854,
        "min": 8.16887760162,
        "var": 1.45856952667
    },
    "barkbands_flatness_db": {
        "dmean": 0.0336250253022,
        "dmean2": 0.0595307163894,
        "dvar": 0.000826403207611,
        "dvar2": 0.00205032131635,
        "max": 0.510215103626,
        "mean": 0.37691962719,
        "median": 0.3756287992,
        "min": 0.0957909449935,
        "var": 0.00130620610435
    },
    "barkbands_kurtosis": {
        "dmean": 18.5328464508,
        "dmean2": 30.9023647308,
        "dvar": 349.762695312,
        "dvar2": 924.023254395,
        "max": 160.972091675,
        "mean": 116.792045593,
        "median": 119.511123657,
        "min": 8.39619636536,
        "var": 506.751831055
    },
    "barkbands_skewness": {
        "dmean": 1.08215129375,
        "dmean2": 1.85095024109,
        "dvar": 1.06763255596,
        "dvar2": 2.75593686104,
        "max": 9.99499416351,
        "mean": 7.99984645844,
        "median": 8.30194759369,
        "min": 1.9090487957,
        "var": 2.02263426781
    },
    "barkbands_spread": {
        "dmean": 0.491162955761,
        "dmean2": 0.853985548019,
        "dvar": 0.835227251053,
        "dvar2": 1.21475458145,
        "max": 15.9706230164,
        "mean": 1.14085662365,
        "median": 1.0174626112,
        "min": 0.468698710203,
        "var": 0.849779129028
    },
    "dissonance": {
        "dmean": 0.0123824104667,
        "dmean2": 0.0198024623096,
        "dvar": 0.000122838711832,
        "dvar2": 0.000230315330555,
        "max": 0.492257207632,
        "mean": 0.470697820187,
        "median": 0.473695963621,
        "min": 0.355906486511,
        "var": 0.000245556933805
    },
    "dynamic_complexity": 0.29491814971,
    "erbbands_crest": {
        "dmean": 2.21846342087,
        "dmean2": 2.67660284042,
        "dvar": 2.3906583786,
        "dvar2": 4.98670530319,
        "max": 22.0990867615,
        "mean": 15.443157196,
        "median": 15.2971477509,
        "min": 3.01359915733,
        "var": 6.80304050446
    },
    "erbbands_flatness_db": {
        "dmean": 0.0269823558629,
        "dmean2": 0.0472305715084,
        "dvar": 0.000468047946924,
        "dvar2": 0.00124243856408,
        "max": 0.363673657179,
        "mean": 0.249882951379,
        "median": 0.246424689889,
        "min": 0.072412468493,
        "var": 0.000841203145683
    },
    "erbbands_kurtosis": {
        "dmean": 7.86383008957,
        "dmean2": 13.9312438965,
        "dvar": 42.699634552,
        "dvar2": 124.224624634,
        "max": 49.4215011597,
        "mean": 9.70544719696,
        "median": 7.57054710388,
        "min": -1.31003034115,
        "var": 68.4310302734
    },
    "erbbands_skewness": {
        "dmean": 1.04190731049,
        "dmean2": 1.86333930492,
        "dvar": 0.585474610329,
        "dvar2": 1.82265293598,
        "max": 5.57282066345,
        "mean": 3.00200605392,
        "median": 2.92866492271,
        "min": 0.578098654747,
        "var": 0.89922696352
    },
    "erbbands_spread": {
        "dmean": 17.5892448425,
        "dmean2": 31.8482055664,
        "dvar": 198.057235718,
        "dvar2": 629.697875977,
        "max": 92.4318084717,
        "mean": 32.272441864,
        "median": 30.1336650848,
        "min": 3.19947981834,
        "var": 246.666137695
    },
    "hfc": {
        "dmean": 3.82759189606,
        "dmean2": 3.89594054222,
        "dvar": 5.52070474625,
        "dvar2": 7.51369047165,
        "max": 29.4388618469,
        "mean": 20.2962093353,
        "median": 20.1213817596,
        "min": 0.285160452127,
        "var": 20.7538414001
    },
    "melbands_crest": {
        "dmean": 1.53946900368,
        "dmean2": 1.44516658783,
        "dvar": 0.858344435692,
        "dvar2": 0.728009939194,
        "max": 31.182390213,
        "mean": 27.721534729,
        "median": 27.675951004,
        "min": 16.5630111694,
        "var": 3.98771357536
    },
    "melbands_flatness_db": {
        "dmean": 0.0401842109859,
        "dmean2": 0.0712876617908,
        "dvar": 0.00111581245437,
        "dvar2": 0.00296085793525,
        "max": 0.666108310223,
        "mean": 0.495945721865,
        "median": 0.493691027164,
        "min": 0.208881512284,
        "var": 0.00172036548611
    },
    "melbands_kurtosis": {
        "dmean": 58.2046279907,
        "dmean2": 96.2344436646,
        "dvar": 2244.29614258,
        "dvar2": 5623.07666016,
        "max": 401.162261963,
        "mean": 255.451095581,
        "median": 261.990356445,
        "min": 20.0498523712,
        "var": 5066.36083984
    },
    "melbands_skewness": {
        "dmean": 2.69051504135,
        "dmean2": 4.66655302048,
        "dvar": 3.706615448,
        "dvar2": 11.2581453323,
        "max": 15.3950252533,
        "mean": 10.1348743439,
        "median": 10.222413063,
        "min": 2.39030504227,
        "var": 7.55119895935
    },
    "melbands_spread": {
        "dmean": 0.230924203992,
        "dmean2": 0.390973389149,
        "dvar": 0.313335806131,
        "dvar2": 0.388023257256,
        "max": 10.3687648773,
        "mean": 0.729690313339,
        "median": 0.669049680233,
        "min": 0.37903085351,
        "var": 0.323072165251
    },
    "pitch_salience": {
        "dmean": 0.0244815628976,
        "dmean2": 0.0245293676853,
        "dvar": 0.000723356206436,
        "dvar2": 0.000710530322976,
        "max": 0.69479906559,
        "mean": 0.331033974886,
        "median": 0.329571992159,
        "min": 0.243692040443,
        "var": 0.0017438584473
    },
    "silence_rate_20dB": {
        "dmean": 0,
        "dmean2": 0,
        "dvar": 0,
        "dvar2": 0,
        "max": 1,
        "mean": 1,
        "median": 1,
        "min": 1,
        "var": 0
    },
    "silence_rate_30dB": {
        "dmean": 0.0060606058687,
        "dmean2": 0.00911854114383,
        "dvar": 0.00602386053652,
        "dvar2": 0.00903537403792,
        "max": 1,
        "mean": 0.00906344410032,
        "median": 0,
        "min": 0,
        "var": 0.0089812874794
    },
    "silence_rate_60dB": {
        "dmean": 0,
        "dmean2": 0,
        "dvar": 0,
        "dvar2": 0,
        "max": 0,
        "mean": 0,
        "median": 0,
        "min": 0,
        "var": 0
    },
    "spectral_centroid": {
        "dmean": 71.8650741577,
        "dmean2": 131.556915283,
        "dvar": 5228.42919922,
        "dvar2": 16196.4023438,
        "max": 662.573181152,
        "mean": 235.746078491,
        "median": 219.943588257,
        "min": 133.364089966,
        "var": 4725.51757812
    },
    "spectral_complexity": {
        "dmean": 1.46363639832,
        "dmean2": 2.55623102188,
        "dvar": 1.87292039394,
        "dvar2": 5.09790802002,
        "max": 12,
        "mean": 5.53474330902,
        "median": 5,
        "min": 1,
        "var": 2.22462320328
    },
    "spectral_decrease": {
        "dmean": 6.49678444375e-09,
        "dmean2": 6.19716145067e-09,
        "dvar": 1.54193844631e-17,
        "dvar2": 1.71501308547e-17,
        "max": -1.77042464022e-10,
        "mean": -4.11950971113e-08,
        "median": -4.09523330802e-08,
        "min": -5.30088684059e-08,
        "var": 6.1991581935e-17
    },
    "spectral_energy": {
        "dmean": 0.0248553249985,
        "dmean2": 0.0237051323056,
        "dvar": 0.00022546807304,
        "dvar2": 0.000250699202297,
        "max": 0.202491119504,
        "mean": 0.157320529222,
        "median": 0.156283020973,
        "min": 0.000694064307027,
        "var": 0.000907215813641
    },
    "spectral_energyband_high": {
        "dmean": 7.92240534793e-05,
        "dmean2": 0.000144337434904,
        "dvar": 6.63502497389e-09,
        "dvar2": 1.94106597462e-08,
        "max": 0.000577817088924,
        "mean": 0.000105423416244,
        "median": 8.83262255229e-05,
        "min": 9.73297233031e-07,
        "var": 6.23145179901e-09
    },
    "spectral_energyband_low": {
        "dmean": 0.0206317640841,
        "dmean2": 0.0197157692164,
        "dvar": 0.000166215628269,
        "dvar2": 0.000197759654839,
        "max": 0.182779118419,
        "mean": 0.141961932182,
        "median": 0.140597835183,
        "min": 0.000466030964162,
        "var": 0.000638951605652
    },
    "spectral_energyband_middle_high": {
        "dmean": 0.000237165164435,
        "dmean2": 0.000425567122875,
        "dvar": 5.23315151213e-08,
        "dvar2": 1.50967579771e-07,
        "max": 0.00171941786539,
        "mean": 0.000349482666934,
        "median": 0.000288685783744,
        "min": 1.03830880107e-05,
        "var": 5.69314941856e-08
    },
    "spectral_energyband_middle_low": {
        "dmean": 0.00871958583593,
        "dmean2": 0.00840893667191,
        "dvar": 2.45477840508e-05,
        "dvar2": 2.35319112107e-05,
        "max": 0.0507821850479,
        "mean": 0.0241182483733,
        "median": 0.0232502035797,
        "min": 0.000201500748517,
        "var": 0.00011288481619
    },
    "spectral_entropy": {
        "dmean": 0.425641417503,
        "dmean2": 0.764122784138,
        "dvar": 0.10700904578,
        "dvar2": 0.313833236694,
        "max": 7.83250904083,
        "mean": 6.22494792938,
        "median": 6.22321891785,
        "min": 4.57628631592,
        "var": 0.16695523262
    },
    "spectral_flux": {
        "dmean": 0.0216677803546,
        "dmean2": 0.0348623543978,
        "dvar": 0.000551821663976,
        "dvar2": 0.000685459526721,
        "max": 0.416110098362,
        "mean": 0.0637058392167,
        "median": 0.0638579428196,
        "min": 0.0286842808127,
        "var": 0.000923534913454
    },
    "spectral_kurtosis": {
        "dmean": 4.67131948471,
        "dmean2": 8.33060741425,
        "dvar": 23.9218845367,
        "dvar2": 62.2328720093,
        "max": 62.0504608154,
        "mean": 5.30455350876,
        "median": 4.0785074234,
        "min": -0.383042573929,
        "var": 29.9818000793
    },
    "spectral_rms": {
        "dmean": 0.000997386756353,
        "dmean2": 0.000946109415963,
        "dvar": 6.42931297534e-07,
        "dvar2": 7.2118115213e-07,
        "max": 0.0140553303063,
        "mean": 0.0123201832175,
        "median": 0.0123479245231,
        "min": 0.000822882691864,
        "var": 1.69655072568e-06
    },
    "spectral_rolloff": {
        "dmean": 7.8955078125,
        "dmean2": 14.6609039307,
        "dvar": 411.17565918,
        "dvar2": 407.993865967,
        "max": 473.73046875,
        "mean": 141.169570923,
        "median": 150.732421875,
        "min": 129.19921875,
        "var": 461.880096436
    },
    "spectral_skewness": {
        "dmean": 0.61610776186,
        "dmean2": 1.10254430771,
        "dvar": 0.255791902542,
        "dvar2": 0.705228447914,
        "max": 6.1922044754,
        "mean": 1.58093464375,
        "median": 1.46778190136,
        "min": 0.42581602931,
        "var": 0.403647750616
    },
    "spectral_spread": {
        "dmean": 442142.75,
        "dmean2": 716040.25,
        "dvar": 1.2219360215e+12,
        "dvar2": 1.17189233869e+12,
        "max": 24964290,
        "mean": 3322708.25,
        "median": 3313920.5,
        "min": 1055188.875,
        "var": 1.59355423949e+12
    },
    "spectral_strongpeak": {
        "dmean": 0.316045314074,
        "dmean2": 0.587111890316,
        "dvar": 0.0989406481385,
        "dvar2": 0.155146434903,
        "max": 2.0465490818,
        "mean": 1.64214706421,
        "median": 1.57112121582,
        "min": 0.0174334067851,
        "var": 0.127317219973
    },
    "zerocrossingrate": {
        "dmean": 0.000762014649808,
        "dmean2": 0.00110716663767,
        "dvar": 5.47124500372e-07,
        "dvar2": 1.11343786102e-06,
        "max": 0.00927734375,
        "mean": 0.00600394187495,
        "median": 0.005859375,
        "min": 0.001953125,
        "var": 1.18920092973e-06
    },
    "barkbands": {
        "dmean": [3.3551325032e-05, 0.00123128795531, 0.0177551619709, 0.00672021275386, 0.00254561007023, 0.000164541575941, 6.69587971061e-05, 2.89617109956e-05, 3.97506482841e-05, 1.96077271539e-05, 2.01684215426e-05, 1.40912770803e-05, 1.43656125147e-05, 1.55497928063e-05, 2.13131988858e-05, 9.08246056497e-06, 1.1476092368e-05, 1.30082144096e-05, 9.55130599323e-05, 6.3480969402e-05, 3.32830641128e-05, 4.61763147541e-06, 2.13182329389e-06, 2.66024272833e-07, 1.34565425469e-07, 1.59841974323e-07, 1.26215056184e-07],
        "dmean2": [5.396344568e-05, 0.00154978234787, 0.0169408898801, 0.00650976225734, 0.00250746821985, 0.00017670870875, 0.000115477509098, 4.97026012454e-05, 6.84389742673e-05, 3.42537205142e-05, 3.55275260517e-05, 2.45203646045e-05, 2.57437750406e-05, 2.79913383565e-05, 3.85175226256e-05, 1.64556531672e-05, 2.08487272175e-05, 2.39176915784e-05, 0.00017292497796, 0.000115683411423, 6.04007291258e-05, 8.28504380479e-06, 3.80470987693e-06, 3.89077797536e-07, 1.53971839723e-07, 2.02598073429e-07, 1.37917723464e-07],
        "dvar": [7.98224064624e-09, 2.02494902624e-06, 0.000115399772767, 1.34006622829e-05, 2.61666696133e-06, 2.87315629066e-08, 9.44239353373e-09, 1.44235290378e-09, 2.02905825475e-09, 7.39614702816e-10, 4.48850456802e-10, 3.57118473682e-10, 2.67134564469e-10, 2.21608786877e-10, 6.88469392607e-10, 1.01133615371e-10, 1.30300964463e-10, 1.79677314693e-10, 8.91381723989e-09, 3.97553323594e-09, 1.12984599454e-09, 2.13777953673e-11, 7.52989077341e-12, 4.06641951015e-12, 3.79222564809e-12, 3.64908016998e-12, 4.15114383839e-12],
        "dvar2": [7.94860177677e-09, 2.82243217953e-06, 0.00013406558719, 1.28733126985e-05, 2.56661155618e-06, 3.18539612465e-08, 1.49590597687e-08, 2.64015054263e-09, 4.2648680143e-09, 1.42584766216e-09, 1.05115827154e-09, 8.3874435175e-10, 6.77468303678e-10, 6.3285576779e-10, 1.93100335721e-09, 2.5379823243e-10, 3.53840595713e-10, 4.68898753159e-10, 2.65515254227e-08, 1.21973382505e-08, 3.31849148161e-09, 5.47625278458e-11, 1.5142142748e-11, 4.13712770639e-12, 3.80928275034e-12, 3.66418831041e-12, 4.16647966128e-12],
        "max": [0.00192046654411, 0.0270395819098, 0.145479395986, 0.0301141068339, 0.0154307652265, 0.00294050876983, 0.00158248201478, 0.000596183876041, 0.000701884389855, 0.000396577408537, 0.000224567003897, 0.000234450795688, 0.000162440614076, 0.000114890230179, 0.000218486806261, 0.000103202633909, 0.000100454388303, 0.000110530731035, 0.000616919540334, 0.0004549427249, 0.000190422433661, 4.95151070936e-05, 3.96010691475e-05, 3.69472618331e-05, 3.54911207978e-05, 3.48510329786e-05, 3.7177997001e-05],
        "mean": [0.000218639106606, 0.0206145755947, 0.11191893369, 0.0156426299363, 0.00783460121602, 0.000403769838158, 0.000101578974864, 4.33760869782e-05, 8.80572624737e-05, 2.6605965104e-05, 2.68896037596e-05, 1.86454581126e-05, 1.91385897779e-05, 2.32104721363e-05, 2.74819158221e-05, 1.24270054584e-05, 1.56400201377e-05, 1.7053931515e-05, 0.000127525447169, 8.51749500725e-05, 4.4897904445e-05, 6.26316250418e-06, 2.78382094621e-06, 3.60995500159e-07, 1.77771241283e-07, 1.95133267766e-07, 1.90195990513e-07],
        "median": [0.000207213364774, 0.0207966789603, 0.111839413643, 0.0149321705103, 0.00731813069433, 0.000367900443962, 8.19937413326e-05, 3.69447479898e-05, 7.95587402536e-05, 2.02228238777e-05, 2.12800023291e-05, 1.38416789923e-05, 1.54895478772e-05, 1.79790822585e-05, 2.0775683879e-05, 1.03342654256e-05, 1.28418359964e-05, 1.34743659146e-05, 0.00010399959865, 7.02803154127e-05, 3.73252478312e-05, 5.25821724295e-06, 2.17156207327e-06, 2.12436432889e-07, 5.63175497348e-08, 7.01570002093e-08, 6.63202968099e-08],
        "min": [2.7775313356e-05, 0.00020988000324, 0.00019521638751, 5.74393197894e-05, 3.30375114572e-05, 4.69716469524e-05, 1.19001115308e-05, 4.52098402093e-06, 1.46352049342e-05, 2.35086417888e-06, 1.05012281892e-06, 8.5512442638e-07, 1.61457921877e-06, 1.1941235698e-06, 3.84585092661e-07, 2.5296068884e-07, 2.18718270162e-07, 2.63214900542e-07, 1.59071021244e-06, 8.54144388995e-07, 3.76213620257e-07, 7.67408110391e-08, 5.46248770661e-08, 1.14822933384e-08, 1.91262863325e-08, 9.18973341868e-09, 4.32380780069e-08],
        "var": [1.01201900193e-08, 3.1996087273e-06, 0.000473536580103, 6.4373081841e-05, 1.10979699457e-05, 6.27557383837e-08, 9.8982324559e-09, 1.62569313567e-09, 3.04319636157e-09, 7.81824105456e-10, 5.38383670978e-10, 3.52751633459e-10, 2.61598326334e-10, 3.10817011018e-10, 5.95102356282e-10, 9.8629576728e-11, 1.37785408083e-10, 1.73002320802e-10, 8.95692053859e-09, 3.81765907775e-09, 1.07179942699e-09, 2.3082025874e-11, 7.75212706527e-12, 4.08626084358e-12, 3.78827134592e-12, 3.64969079264e-12, 4.1547004552e-12]
    },
    "erbbands": {
        "dmean": [0.0070207612589, 0.340171843767, 11.6524715424, 26.8551292419, 13.7371644974, 7.50158834457, 2.56433701515, 1.33396208286, 0.930035114288, 0.675519764423, 0.691974639893, 1.11742663383, 0.357501655817, 0.892874062061, 0.905840694904, 0.473577201366, 0.646636247635, 0.77473282814, 1.14743816853, 0.766913414001, 0.547695219517, 0.619744420052, 0.536076664925, 3.38411164284, 4.13905143738, 3.02033424377, 2.42107486725, 0.624255716801, 0.193131685257, 0.120703369379, 0.0454474687576, 0.00928117427975, 0.00405728723854, 0.00163101730868, 0.000995691050775, 0.000767899211496, 0.0002735783346, 7.7001779573e-05, 2.77534181805e-05, 2.8526155802e-05],
        "dmean2": [0.0107885375619, 0.453563064337, 11.2860145569, 25.6178855896, 13.1203842163, 7.31501913071, 2.58603596687, 1.50314629078, 1.56216287613, 1.12086772919, 1.21837687492, 1.93156301975, 0.609609544277, 1.55150556564, 1.60932123661, 0.821978807449, 1.14379191399, 1.38631284237, 2.07575345039, 1.38558220863, 0.99344342947, 1.12662148476, 0.974539995193, 6.13694000244, 7.47353410721, 5.50513267517, 4.4209022522, 1.12854743004, 0.347641527653, 0.216978907585, 0.0807630121708, 0.0149869443849, 0.00585824390873, 0.0019620640669, 0.00115836970508, 0.00103457760997, 0.000333567149937, 8.33064113976e-05, 2.76937025774e-05, 2.70434793492e-05],
        "dvar": [0.000251646823017, 0.269520074129, 75.4808502197, 209.942687988, 59.7420463562, 21.6177558899, 4.18703556061, 1.82607793808, 1.63205361366, 1.482817173, 0.950882256031, 1.31729364395, 0.444065988064, 0.843540549278, 1.03055536747, 0.511178135872, 0.525956273079, 0.523393690586, 2.10379695892, 0.648383796215, 0.372158408165, 0.374488264322, 0.288975328207, 9.74275493622, 17.7230529785, 8.93716430664, 5.90867567062, 0.392973452806, 0.0356709584594, 0.0166217479855, 0.00462452881038, 0.00198080250993, 0.00103806541301, 0.000486212666146, 0.000187206664123, 5.82963584748e-05, 1.24443122331e-05, 1.583844778e-06, 8.23316455012e-08, 9.37469546436e-10],
        "dvar2": [0.00030735283508, 0.345287322998, 85.4131698608, 224.080352783, 63.455078125, 20.4914150238, 4.8144493103, 2.20392012596, 2.6331217289, 2.11740708351, 1.60210371017, 3.0079164505, 0.648893594742, 2.12503886223, 2.52030825615, 1.01686799526, 1.28842699528, 1.53097236156, 6.00833272934, 1.81936752796, 0.953261554241, 1.00906980038, 0.768701136112, 29.1917362213, 52.9730072021, 27.0572929382, 17.487405777, 1.18031287193, 0.0957771465182, 0.0415548123419, 0.00821085367352, 0.00209196144715, 0.00105187750887, 0.000489174562972, 0.00018773858028, 5.866556603e-05, 1.24755924844e-05, 1.58769285008e-06, 8.23494872293e-08, 9.13939812719e-10],
        "max": [0.381210595369, 9.69976139069, 140.778762817, 133.945266724, 80.8499603271, 40.5715484619, 30.9170360565, 22.7407722473, 20.9459896088, 20.6926517487, 15.5373725891, 16.7528953552, 11.8739061356, 9.09477806091, 9.22857761383, 10.4344682693, 8.13608169556, 5.84184455872, 13.9271793365, 5.83747673035, 6.04834842682, 5.57214975357, 4.8510017395, 20.6590652466, 26.384349823, 21.807264328, 14.81798172, 3.68326401711, 1.81854307652, 1.45993125439, 1.05672872066, 0.814660072327, 0.590196669102, 0.402034670115, 0.249543190002, 0.139551118016, 0.0643591955304, 0.0229292735457, 0.00531279947609, 0.00067767285509],
        "mean": [0.126700177789, 8.76660060883, 116.800804138, 78.8924789429, 45.4176063538, 18.1473789215, 7.06903886795, 3.46210002899, 1.70006251335, 1.16434633732, 0.990046083927, 2.49611115456, 0.782201051712, 1.18127095699, 1.193385005, 0.661468803883, 0.879014790058, 1.15160906315, 1.53241109848, 1.01850605011, 0.749468624592, 0.850152671337, 0.74416655302, 4.57698154449, 5.50783777237, 4.04585695267, 3.23107099533, 0.828758478165, 0.259931623936, 0.16361233592, 0.0610527545214, 0.0125398086384, 0.00570944650099, 0.00215614424087, 0.00141546525992, 0.00107060547452, 0.000340884696925, 9.38276571105e-05, 9.47053194977e-05, 0.000173838372575],
        "median": [0.125588148832, 8.77950668335, 116.617507935, 77.7651977539, 45.1483535767, 16.6860485077, 6.3209028244, 3.06060862541, 1.46972346306, 0.917045116425, 0.786010861397, 2.2873904705, 0.691206693649, 0.921904444695, 0.91749060154, 0.520560920238, 0.711432218552, 0.912617921829, 1.19737255573, 0.777636229992, 0.627064943314, 0.717655599117, 0.597213625908, 3.83131790161, 4.60384702682, 3.34700727463, 2.60148000717, 0.682355582714, 0.214377582073, 0.134918421507, 0.0477891378105, 0.00824839062989, 0.00328759523109, 0.000793654413428, 0.000555545848329, 0.000557544699404, 0.000107968422526, 1.83414085768e-05, 7.76003143983e-05, 0.00017121246492],
        "min": [0.00480985641479, 0.0526172406971, 0.205839186907, 0.241586744785, 0.0833071395755, 0.137228131294, 0.272896230221, 0.398636311293, 0.387675523758, 0.273483753204, 0.115787811577, 0.306277811527, 0.23060823977, 0.0683434158564, 0.0408011078835, 0.0386886186898, 0.0719636753201, 0.0689853355289, 0.0351466052234, 0.0210242643952, 0.0102815665305, 0.013044516556, 0.0118062952533, 0.0484382919967, 0.0837252661586, 0.0387085787952, 0.0240285918117, 0.0089063802734, 0.00281512155198, 0.00295139919035, 0.00114275515079, 0.000382215133868, 0.000265694456175, 0.000255527236732, 0.000175062654307, 0.000121700104501, 4.60258161183e-05, 1.12460656965e-05, 5.55217302463e-05, 1.86599918379e-05],
        "var": [0.000294975092402, 0.385748177767, 237.005401611, 1013.21826172, 287.512298584, 96.5954208374, 12.7884159088, 3.90468883514, 1.75887441635, 1.57590508461, 1.03131580353, 2.16560435295, 0.491422772408, 0.983287870884, 1.13206374645, 0.513298630714, 0.550786852837, 0.768064677715, 1.83195841312, 0.639832079411, 0.358355879784, 0.39839014411, 0.291250258684, 10.2049436569, 17.3609676361, 8.66493606567, 5.57845449448, 0.370234817266, 0.0380857363343, 0.0173117164522, 0.00467067118734, 0.00199803407304, 0.00104202970397, 0.00048574237735, 0.000187060868484, 5.83454566367e-05, 1.24520420286e-05, 1.58370687586e-06, 8.28136990094e-08, 1.82961190642e-09]
    },
    "gfcc": {
        "mean": [-78.6833648682, 167.914779663, -76.0158615112, 84.9412918091, -16.7732048035, -16.0583839417, 5.068338871, -21.5927963257, -24.0332717896, -15.1579084396, -14.8685178757, -25.8221530914, -11.3279628754],
        "cov": [[666.747375488, -167.607711792, -283.758605957, 89.277015686, -44.1305274963, 57.7199325562, -13.2221355438, -13.6306791306, -26.6474933624, -2.30917072296, -11.764755249, 15.2234554291, -25.8399600983], [-167.607711792, 112.527511597, 99.7202072144, -6.36733531952, 17.8753204346, -46.0458106995, 4.01671409607, -19.6837348938, -2.2861456871, -13.0156412125, 3.29089093208, -17.2713775635, 12.7737064362], [-283.758605957, 99.7202072144, 207.787094116, -64.3886871338, 13.0973186493, -51.3071670532, -22.499704361, 0.872900009155, -4.06132459641, -0.31706148386, -2.71994328499, -6.0890212059, 14.8573789597], [89.277015686, -6.36733531952, -64.3886871338, 57.0219688416, 2.57921385765, -0.0281945429742, 8.20258522034, -18.8377418518, -0.444338351488, -8.02896308899, 4.16511392593, -3.97150063515, -0.957426965237], [-44.1305274963, 17.8753204346, 13.0973186493, 2.57921385765, 16.4078044891, -3.23437213898, 3.62216639519, -6.64074802399, -0.234005048871, 1.00466620922, 2.47883939743, -2.35343575478, -0.244303390384], [57.7199325562, -46.0458106995, -51.3071670532, -0.0281945429742, -3.23437213898, 31.8792114258, 7.98377132416, 9.92411136627, 2.63757705688, 5.72762060165, 1.63818955421, 5.38346672058, -6.2077665329], [-13.2221355438, 4.01671409607, -22.499704361, 8.20258522034, 3.62216639519, 7.98377132416, 23.014415741, 5.00039815903, 3.09044861794, -2.49602127075, -0.147082835436, -3.72653150558, -2.7067899704], [-13.6306791306, -19.6837348938, 0.872900009155, -18.8377418518, -6.64074802399, 9.92411136627, 5.00039815903, 23.8924694061, 5.96536254883, 4.13309574127, -7.00954961777, 0.0551894679666, -2.74554157257], [-26.6474933624, -2.2861456871, -4.06132459641, -0.444338351488, -0.234005048871, 2.63757705688, 3.09044861794, 5.96536254883, 13.880191803, 4.04808044434, 0.242548599839, -3.90168166161, -1.29279625416], [-2.30917072296, -13.0156412125, -0.31706148386, -8.02896308899, 1.00466620922, 5.72762060165, -2.49602127075, 4.13309574127, 4.04808044434, 10.941945076, 0.785095393658, 0.448753118515, -6.18742752075], [-11.764755249, 3.29089093208, -2.71994328499, 4.16511392593, 2.47883939743, 1.63818955421, -0.147082835436, -7.00954961777, 0.242548599839, 0.785095393658, 12.060049057, 2.60203552246, -0.492675930262], [15.2234554291, -17.2713775635, -6.0890212059, -3.97150063515, -2.35343575478, 5.38346672058, -3.72653150558, 0.0551894679666, -3.90168166161, 0.448753118515, 2.60203552246, 13.1553077698, 1.19333648682], [-25.8399600983, 12.7737064362, 14.8573789597, -0.957426965237, -0.244303390384, -6.2077665329, -2.7067899704, -2.74554157257, -1.29279625416, -6.18742752075, -0.492675930262, 1.19333648682, 11.3515901566]],
        "icov": [[0.0130029749125, -0.00608045002446, 0.0179041121155, -0.00595477735624, 0.0194395091385, -0.00794123578817, 0.0260879714042, 0.00178616272751, 0.0259847138077, -0.0013147277059, 0.0192202944309, -0.00014331159764, 0.018325695768], [-0.00608045002446, 0.134677708149, -0.0296440497041, 0.0582619309425, -0.0492934957147, 0.119150407612, -0.105096422136, 0.0872431918979, -0.0296279713511, 0.0759414881468, -0.0541106462479, 0.102656319737, -0.0366600193083], [0.0179041121155, -0.0296440497041, 0.0525161847472, 0.00974966585636, 0.0155497556552, 0.00478695426136, 0.0564001686871, -0.0169661510736, 0.0422802232206, -0.0146984392777, 0.0237067360431, -0.00872907228768, 0.0172483008355], [-0.00595477735624, 0.0582619309425, 0.00974966585636, 0.0927451401949, -0.0359456390142, 0.0792702883482, -0.0567381568253, 0.0740813091397, -0.0340951196849, 0.0614182278514, -0.0284068696201, 0.0553721189499, -0.0145490719005], [0.0194395091385, -0.0492934957147, 0.0155497556552, -0.0359456390142, 0.141276791692, -0.0652397274971, 0.0315259359777, 0.0193057172, 0.0435774102807, -0.0587441250682, 0.0501673519611, -0.0281208865345, 0.0339625217021], [-0.00794123578817, 0.119150407612, 0.00478695426136, 0.0792702883482, -0.0652397274971, 0.209402561188, -0.107899978757, 0.0434130057693, -0.0194315779954, 0.0364598184824, -0.0780906006694, 0.0764142945409, -0.0476141162217], [0.0260879714042, -0.105096422136, 0.0564001686871, -0.0567381568253, 0.0315259359777, -0.107899978757, 0.197583541274, -0.0943535938859, 0.0574627518654, -0.0046823057346, 0.0561226643622, -0.0539240203798, 0.0771052390337], [0.00178616272751, 0.0872431918979, -0.0169661510736, 0.0740813091397, 0.0193057172, 0.0434130057693, -0.0943535938859, 0.196059018373, -0.0556940436363, 0.0548053495586, 0.0363035798073, 0.0593466460705, 0.00229139369912], [0.0259847138077, -0.0296279713511, 0.0422802232206, -0.0340951196849, 0.0435774102807, -0.0194315779954, 0.0574627518654, -0.0556940436363, 0.173748448491, -0.0800220519304, 0.0131859825924, 0.0243109054863, -0.000994502450339], [-0.0013147277059, 0.0759414881468, -0.0146984392777, 0.0614182278514, -0.0587441250682, 0.0364598184824, -0.0046823057346, 0.0548053495586, -0.0800220519304, 0.27866601944, -0.0306031256914, 0.0494437925518, 0.103036589921], [0.0192202944309, -0.0541106462479, 0.0237067360431, -0.0284068696201, 0.0501673519611, -0.0780906006694, 0.0561226643622, 0.0363035798073, 0.0131859825924, -0.0306031256914, 0.172150328755, -0.0679479762912, 0.0511903651059], [-0.00014331159764, 0.102656319737, -0.00872907228768, 0.0553721189499, -0.0281208865345, 0.0764142945409, -0.0539240203798, 0.0593466460705, 0.0243109054863, 0.0494437925518, -0.0679479762912, 0.195382252336, -0.050838984549], [0.018325695768, -0.0366600193083, 0.0172483008355, -0.0145490719005, 0.0339625217021, -0.0476141162217, 0.0771052390337, 0.00229139369912, -0.000994502450339, 0.103036589921, 0.0511903651059, -0.050838984549, 0.204506859183]]
    },
    "melbands": {
        "dmean": [0.000180212475243, 0.00443910853937, 0.00433942675591, 0.000696288363542, 0.000122724799439, 2.82289693132e-05, 1.40109495987e-05, 6.8098884185e-06, 5.73695524508e-06, 6.88582940711e-06, 1.68316921645e-06, 3.66587823919e-06, 2.9617956443e-06, 1.88317767424e-06, 9.88369379229e-07, 1.55373845701e-06, 1.44784598888e-06, 1.86660292911e-06, 1.41862949476e-06, 6.95601102052e-07, 6.77061166243e-07, 7.16419776836e-07, 3.82017816491e-07, 6.40389487216e-07, 2.90223738375e-06, 4.34782805314e-06, 1.79239714271e-06, 2.08149344871e-06, 1.90152150026e-06, 6.89249191055e-07, 2.36083081973e-07, 1.13687697478e-07, 7.00417217558e-08, 6.53150351582e-08, 2.91622122006e-08, 1.14730660528e-08, 3.44128925356e-09, 3.04384828453e-09, 1.80756132284e-09, 1.24109167388e-09],
        "dmean2": [0.000239306944422, 0.00429051788524, 0.00412808125839, 0.000672856811434, 0.000123635007185, 3.16848490911e-05, 2.38387237914e-05, 1.14429931273e-05, 1.00606039268e-05, 1.19129263112e-05, 2.88319552055e-06, 6.37375387669e-06, 5.27184329258e-06, 3.28558007823e-06, 1.72126704001e-06, 2.7741100439e-06, 2.59014882431e-06, 3.37626897817e-06, 2.54417636825e-06, 1.25477322399e-06, 1.22752067e-06, 1.29811076022e-06, 6.83815812863e-07, 1.18083232792e-06, 5.2588188737e-06, 7.85329393693e-06, 3.23635595123e-06, 3.81368977287e-06, 3.4638201214e-06, 1.25790234051e-06, 4.26724398039e-07, 2.05160446853e-07, 1.24501980281e-07, 1.1815823342e-07, 5.18971781105e-08, 1.97422060921e-08, 5.06980546433e-09, 4.47994352726e-09, 2.33297736685e-09, 1.43932810115e-09],
        "dvar": [5.95050302366e-08, 1.0510750144e-05, 5.46710680283e-06, 1.77038913307e-07, 7.91995180549e-09, 8.80135353487e-10, 3.98078764396e-10, 1.37766964503e-10, 7.0772061822e-11, 4.67879623933e-11, 1.12482852893e-11, 1.45772560689e-11, 1.0726713788e-11, 6.00418456273e-12, 1.74059790019e-12, 3.19986875538e-12, 1.85251878941e-12, 5.62977442442e-12, 2.65278684436e-12, 5.5426166044e-13, 5.84247494134e-13, 5.1832962835e-13, 1.76485806221e-13, 4.26423761753e-13, 6.86745625644e-12, 2.12074940942e-11, 2.82460860257e-12, 4.65411563455e-12, 3.47345242846e-12, 5.8467477821e-13, 5.39220903172e-14, 1.23812821839e-14, 5.53399658726e-15, 5.03048928671e-15, 1.6908918503e-15, 9.35507126782e-16, 6.82404788296e-16, 5.2165566966e-16, 4.17238238952e-16, 3.24291143128e-16],
        "dvar2": [8.28630746241e-08, 1.23359477584e-05, 5.61196566196e-06, 1.7909582084e-07, 8.66842064795e-09, 1.01982211564e-09, 6.3134458772e-10, 1.99588165439e-10, 1.1315292453e-10, 1.12646170169e-10, 1.62720652924e-11, 3.65888257192e-11, 2.49515130779e-11, 1.48850827497e-11, 3.40298817771e-12, 8.27618789473e-12, 5.39017398424e-12, 1.61317816744e-11, 7.62712202423e-12, 1.36578899232e-12, 1.56261527155e-12, 1.43429235502e-12, 4.17808040769e-13, 1.1752093439e-12, 2.05491491878e-11, 6.26286383865e-11, 8.7038189156e-12, 1.40124587281e-11, 1.03280778027e-11, 1.73711826174e-12, 1.5800755886e-13, 3.31165894403e-14, 1.33961148991e-14, 1.26506437433e-14, 3.20213203589e-15, 1.12615169096e-15, 6.97918990819e-16, 5.29218985664e-16, 4.20428217971e-16, 3.26070679941e-16],
        "max": [0.00536670163274, 0.0520036220551, 0.0221557505429, 0.00414444226772, 0.00120136456098, 0.000510272860993, 0.000326818233589, 0.000199021611479, 0.000136477028718, 9.43862251006e-05, 5.85902744206e-05, 3.87817708543e-05, 3.22434971167e-05, 2.78040224657e-05, 1.93265695998e-05, 1.72262607521e-05, 9.50859885052e-06, 2.31899757637e-05, 1.23027612062e-05, 7.92704940977e-06, 6.74729017192e-06, 5.87339809499e-06, 5.183493613e-06, 4.37685957877e-06, 1.72376294358e-05, 3.11298354063e-05, 1.22944547911e-05, 1.67992584466e-05, 1.09375096145e-05, 5.93801632931e-06, 1.39109420161e-06, 1.02563672044e-06, 9.16415046959e-07, 7.60748662287e-07, 6.1155600406e-07, 5.47551394448e-07, 4.78207311971e-07, 4.18460587071e-07, 3.72925001102e-07, 3.28047804032e-07],
        "mean": [0.00290606915951, 0.0428460501134, 0.0140017168596, 0.00208690203726, 0.000363075610949, 7.32481857995e-05, 2.43731537921e-05, 1.15589818961e-05, 7.69046710047e-06, 1.57991125889e-05, 3.129301831e-06, 4.67262179882e-06, 3.93422942579e-06, 2.4918492727e-06, 1.35556592795e-06, 2.07658854379e-06, 2.13412499761e-06, 2.47458183367e-06, 1.82300243523e-06, 9.42919939462e-07, 8.94422498732e-07, 9.69859684119e-07, 5.15752049068e-07, 8.44779833642e-07, 3.89836941395e-06, 5.62656532566e-06, 2.48441278927e-06, 2.70472810371e-06, 2.49764480031e-06, 9.20815011796e-07, 3.03005634805e-07, 1.47759550373e-07, 9.77717107276e-08, 8.54510275872e-08, 3.84060712122e-08, 1.49380170456e-08, 4.41871561563e-09, 4.27253210589e-09, 2.32890973173e-09, 1.52700829759e-09],
        "median": [0.00293716951273, 0.0428105182946, 0.01376213599, 0.00196342752315, 0.000328803609591, 6.53098031762e-05, 2.05437572731e-05, 9.29853194975e-06, 6.10299093751e-06, 1.44210880535e-05, 2.61640661847e-06, 3.48709500031e-06, 3.10850896312e-06, 1.8883215489e-06, 1.09086931843e-06, 1.62539811299e-06, 1.6516443111e-06, 1.96267365027e-06, 1.39989720083e-06, 7.63141997595e-07, 7.22971265077e-07, 8.03775435543e-07, 4.135187055e-07, 6.81494270793e-07, 3.26670669892e-06, 4.50622974313e-06, 2.12598251892e-06, 2.12801705857e-06, 2.07250832318e-06, 7.56601536978e-07, 2.41428011805e-07, 1.20603118603e-07, 8.30641511129e-08, 6.74925217936e-08, 2.99718223573e-08, 1.08146407385e-08, 2.38424013865e-09, 2.53381537973e-09, 1.00878239095e-09, 4.1981240706e-10],
        "min": [5.20644825883e-05, 9.78325260803e-05, 3.72402973881e-05, 6.75328737998e-06, 9.07032699615e-06, 9.0307339633e-06, 5.03932278662e-06, 2.73808018392e-06, 6.5633594204e-07, 2.02734736376e-06, 6.8706606271e-07, 2.5422113481e-07, 1.47043579091e-07, 8.21271584073e-08, 1.09402911619e-07, 1.40832185025e-07, 1.14770294601e-07, 6.06492704947e-08, 2.76947034195e-08, 2.4200533133e-08, 9.66281987758e-09, 1.45968295229e-08, 8.02423549828e-09, 1.26214567686e-08, 3.6804319592e-08, 7.8328980635e-08, 3.82370153318e-08, 2.23854623727e-08, 1.58319668486e-08, 8.94894736092e-09, 2.66296829032e-09, 1.40528388926e-09, 1.53657697677e-09, 1.70345748618e-09, 7.21923243407e-10, 2.34350761019e-10, 1.66829536297e-10, 1.07050077136e-10, 2.17784956735e-10, 1.24924640077e-10],
        "var": [7.88720839751e-08, 3.34440810548e-05, 2.65849375864e-05, 7.98243320332e-07, 2.89339094905e-08, 1.83728199321e-09, 4.21949086782e-10, 1.4926328229e-10, 7.64275448484e-11, 8.00888105834e-11, 1.17888164508e-11, 1.6810055084e-11, 1.21272124287e-11, 5.87485138662e-12, 1.84935595483e-12, 3.11106067123e-12, 2.86205174144e-12, 4.8965822716e-12, 2.41224943666e-12, 5.70714319987e-13, 5.42339664931e-13, 5.37212201807e-13, 1.84288253603e-13, 4.01032126344e-13, 7.36421514047e-12, 2.01927329024e-11, 2.93731640573e-12, 4.31151945743e-12, 3.37075679868e-12, 4.99720544892e-13, 5.29166181631e-14, 1.3063569764e-14, 6.0754187766e-15, 5.05900380385e-15, 1.69572237332e-15, 9.50556043518e-16, 6.85678094181e-16, 5.2392667087e-16, 4.17402510405e-16, 3.23844889114e-16]
    },
    "mfcc": {
        "mean": [-731.457519531, 181.228881836, 15.3528108597, 103.804153442, 4.4609875679, 32.8280525208, 21.9610042572, 4.42674589157, -2.41761088371, 11.7256984711, -6.33254766464, -13.5354967117, -4.63840007782],
        "cov": [[889.009765625, -253.883163452, -293.024200439, 31.6010894775, -99.0365753174, 96.8597335815, -34.4539642334, 57.9791717529, -45.6148338318, 21.0912189484, -42.5079269409, 25.7560958862, 3.27734518051], [-253.883163452, 125.907562256, 106.545913696, 9.7605676651, 30.960981369, -35.5575714111, 11.9351711273, -29.2469348907, 7.03646039963, -14.237452507, 6.63756752014, -17.9786052704, -6.99818611145], [-293.024200439, 106.545913696, 140.558013916, -13.3847846985, 38.9879837036, -48.7464027405, 3.79619836807, -30.5522823334, 10.4628295898, -15.1413164139, 8.87441635132, -12.0494947433, -6.42786407471], [31.6010894775, 9.7605676651, -13.3847846985, 53.7910270691, -3.55879306793, 13.1649637222, -2.66023993492, -3.57738137245, -8.72678184509, -3.01657676697, -6.98879766464, -9.08431816101, -1.19610798359], [-99.0365753174, 30.960981369, 38.9879837036, -3.55879306793, 24.4394016266, -10.2119760513, 0.149815946817, -13.6695213318, 0.989370286465, -5.83992528915, 3.40494394302, -2.06350588799, -1.38363134861], [96.8597335815, -35.5575714111, -48.7464027405, 13.1649637222, -10.2119760513, 30.2498550415, 1.94288218021, 7.58443927765, -10.1372880936, 2.99542951584, -3.44336390495, 2.88881492615, 3.67679262161], [-34.4539642334, 11.9351711273, 3.79619836807, -2.66023993492, 0.149815946817, 1.94288218021, 15.6419095993, 2.92409014702, 1.1911457777, -1.32555270195, 2.07655882835, -2.54704737663, 1.83242797852], [57.9791717529, -29.2469348907, -30.5522823334, -3.57738137245, -13.6695213318, 7.58443927765, 2.92409014702, 17.9695053101, 3.50796198845, 4.24605846405, -3.51232838631, 2.92906188965, 3.1456091404], [-45.6148338318, 7.03646039963, 10.4628295898, -8.72678184509, 0.989370286465, -10.1372880936, 1.1911457777, 3.50796198845, 17.5553321838, 6.02650260925, 2.29973745346, -1.12430393696, -1.8583240509], [21.0912189484, -14.237452507, -15.1413164139, -3.01657676697, -5.83992528915, 2.99542951584, -1.32555270195, 4.24605846405, 6.02650260925, 17.6615200043, 6.31573009491, 2.8230407238, -3.84851884842], [-42.5079269409, 6.63756752014, 8.87441635132, -6.98879766464, 3.40494394302, -3.44336390495, 2.07655882835, -3.51232838631, 2.29973745346, 6.31573009491, 15.4076366425, 3.14123392105, -1.87699401379], [25.7560958862, -17.9786052704, -12.0494947433, -9.08431816101, -2.06350588799, 2.88881492615, -2.54704737663, 2.92906188965, -1.12430393696, 2.8230407238, 3.14123392105, 13.3307542801, 3.84792661667], [3.27734518051, -6.99818611145, -6.42786407471, -1.19610798359, -1.38363134861, 3.67679262161, 1.83242797852, 3.1456091404, -1.8583240509, -3.84851884842, -1.87699401379, 3.84792661667, 11.7090024948]],
