{
"lowlevel": {
    "average_loudness": 0.99068403244,
    "barkbands_crest": {
        "dmean": 0.523188412189,
        "dmean2": 0.679020226002,
        "dvar": 1.85060954094,
        "dvar2": 2.8438000679,
        "max": 21.9656410217,
        "mean": 17.9218597412,
        "median": 18.0231933594,
        "min": 10.8618192673,
        "var": 1.58896398544
    },
    "barkbands_flatness_db": {
        "dmean": 0.0216969624162,
        "dmean2": 0.0220102388412,
        "dvar": 0.00140330323484,
        "dvar2": 0.000452456035418,
        "max": 0.627420425415,
        "mean": 0.566043555737,
        "median": 0.598214030266,
        "min": 0.165324851871,
        "var": 0.00908938702196
    },
    "barkbands_kurtosis": {
        "dmean": 6.38294839859,
        "dmean2": 10.9166736603,
        "dvar": 167.068939209,
        "dvar2": 495.422943115,
        "max": 92.1547241211,
        "mean": 30.1996021271,
        "median": 26.5164813995,
        "min": 18.2383995056,
        "var": 162.940826416
    },
    "barkbands_skewness": {
        "dmean": 0.26817330718,
        "dmean2": 0.424350351095,
        "dvar": 0.299108862877,
        "dvar2": 0.643950223923,
        "max": 6.51138973236,
        "mean": 2.06293296814,
        "median": 1.70409274101,
        "min": 1.37507092953,
        "var": 1.10327577591
    },
    "barkbands_spread": {
        "dmean": 0.122027128935,
        "dmean2": 0.110312826931,
        "dvar": 0.351635485888,
        "dvar2": 0.324554055929,
        "max": 5.05931949615,
        "mean": 0.407482147217,
        "median": 0.236886158586,
        "min": 0.230521172285,
        "var": 0.489077448845
    },
    "dissonance": {
        "dmean": 0.037007920444,
        "dmean2": 0.0589554384351,
        "dvar": 0.000965823361184,
        "dvar2": 0.00204514362849,
        "max": 0.456890195608,
        "mean": 0.188747406006,
        "median": 0.176124498248,
        "min": 0.0871668756008,
        "var": 0.00448041921481
    },
    "dynamic_complexity": 0.184851646423,
    "erbbands_crest": {
        "dmean": 0.5324203372,
        "dmean2": 0.743299126625,
        "dvar": 2.5888569355,
        "dvar2": 4.68210315704,
        "max": 25.2131500244,
        "mean": 23.5292797089,
        "median": 24.2705974579,
        "min": 13.6387701035,
        "var": 5.87130737305
    },
    "erbbands_flatness_db": {
        "dmean": 0.0174723174423,
        "dmean2": 0.0162920318544,
        "dvar": 0.00115963118151,
        "dvar2": 0.000364560255548,
        "max": 0.586593091488,
        "mean": 0.542386949062,
        "median": 0.567024290562,
        "min": 0.186391606927,
        "var": 0.00658803293481
    },
    "erbbands_kurtosis": {
        "dmean": 10.6412239075,
        "dmean2": 16.9861774445,
        "dvar": 159.209747314,
        "dvar2": 459.663513184,
        "max": 85.7677307129,
        "mean": 52.0320777893,
        "median": 54.4123077393,
        "min": 8.69352340698,
        "var": 200.175262451
    },
    "erbbands_skewness": {
        "dmean": 0.473033249378,
        "dmean2": 0.781848669052,
        "dvar": 0.416115939617,
        "dvar2": 1.10679864883,
        "max": 5.77046108246,
        "mean": 2.62141036987,
        "median": 2.4364593029,
        "min": 1.7266535759,
        "var": 0.529622256756
    },
    "erbbands_spread": {
        "dmean": 0.399223357439,
        "dmean2": 0.352788031101,
        "dvar": 3.89740252495,
        "dvar2": 3.67272734642,
        "max": 16.5346889496,
        "mean": 0.933055043221,
        "median": 0.359809935093,
        "min": 0.334562122822,
        "var": 5.42767715454
    },
    "hfc": {
        "dmean": 0.826863884926,
        "dmean2": 0.832097053528,
        "dvar": 4.60636663437,
        "dvar2": 2.73287320137,
        "max": 21.1045017242,
        "mean": 18.231672287,
        "median": 20.1569213867,
        "min": 0.419502079487,
        "var": 27.1307029724
    },
    "melbands_crest": {
        "dmean": 0.435612350702,
        "dmean2": 0.600037693977,
        "dvar": 1.63842403889,
        "dvar2": 2.43683552742,
        "max": 22.8661804199,
        "mean": 21.2399215698,
        "median": 21.4565753937,
        "min": 14.6986837387,
        "var": 1.36328697205
    },
    "melbands_flatness_db": {
        "dmean": 0.0217879340053,
        "dmean2": 0.0217598397285,
        "dvar": 0.00160076713655,
        "dvar2": 0.00056923867669,
        "max": 0.717871963978,
        "mean": 0.660791695118,
        "median": 0.692373037338,
        "min": 0.239392444491,
        "var": 0.00979620590806
    },
    "melbands_kurtosis": {
        "dmean": 4.6961684227,
        "dmean2": 7.93324708939,
        "dvar": 66.6421508789,
        "dvar2": 177.112182617,
        "max": 67.567779541,
        "mean": 16.9433250427,
        "median": 13.4394874573,
        "min": 8.96451091766,
        "var": 114.967262268
    },
    "melbands_skewness": {
        "dmean": 0.201521262527,
        "dmean2": 0.266738265753,
        "dvar": 0.138068437576,
        "dvar2": 0.153056025505,
        "max": 5.14294052124,
        "mean": 1.15096700191,
        "median": 0.797958731651,
        "min": 0.547391057014,
        "var": 0.880642831326
    },
    "melbands_spread": {
        "dmean": 0.103555239737,
        "dmean2": 0.121314048767,
        "dvar": 0.208157852292,
        "dvar2": 0.216918289661,
        "max": 3.93382954597,
        "mean": 0.433473885059,
        "median": 0.26446378231,
        "min": 0.255350261927,
        "var": 0.361425876617
    },
    "pitch_salience": {
        "dmean": 0.0341222174466,
        "dmean2": 0.0396031029522,
        "dvar": 0.0102623784915,
        "dvar2": 0.0117098540068,
        "max": 0.80842345953,
        "mean": 0.0847049057484,
        "median": 0.0308386348188,
        "min": 0.0137594463304,
        "var": 0.0273137278855
    },
    "silence_rate_20dB": {
        "dmean": 0,
        "dmean2": 0,
        "dvar": 0,
        "dvar2": 0,
        "max": 1,
        "mean": 1,
        "median": 1,
        "min": 1,
        "var": 0
    },
    "silence_rate_30dB": {
        "dmean": 0,
        "dmean2": 0,
        "dvar": 0,
        "dvar2": 0,
        "max": 1,
        "mean": 1,
        "median": 1,
        "min": 1,
        "var": 0
    },
    "silence_rate_60dB": {
        "dmean": 0.0333333350718,
        "dmean2": 0.0677966102958,
        "dvar": 0.0322222560644,
        "dvar2": 0.097098402679,
        "max": 1,
        "mean": 0.0163934417069,
        "median": 0,
        "min": 0,
        "var": 0.0161247104406
    },
    "spectral_centroid": {
        "dmean": 3.77845454216,
        "dmean2": 4.85167884827,
        "dvar": 198.679244995,
        "dvar2": 260.372344971,
        "max": 502.32232666,
        "mean": 400.868927002,
        "median": 393.447357178,
        "min": 392.969116211,
        "var": 569.075561523
    },
    "spectral_complexity": {
        "dmean": 0.433333337307,
        "dmean2": 0.762711882591,
        "dvar": 0.578889131546,
        "dvar2": 1.19793188572,
        "max": 5,
        "mean": 1.63934421539,
        "median": 1,
        "min": 1,
        "var": 0.853533685207
    },
    "spectral_decrease": {
        "dmean": 5.35303135152e-10,
        "dmean2": 5.36809041662e-10,
        "dvar": 1.91255738151e-18,
        "dvar2": 1.15334485572e-18,
        "max": -1.96570912325e-10,
        "mean": -1.18104175328e-08,
        "median": -1.3063786497e-08,
        "min": -1.37071527462e-08,
        "var": 1.18314141099e-17
    },
    "spectral_energy": {
        "dmean": 0.00209533330053,
        "dmean2": 0.00210152380168,
        "dvar": 2.93109915219e-05,
        "dvar2": 1.76622033905e-05,
        "max": 0.0536473356187,
        "mean": 0.0462287291884,
        "median": 0.0511351078749,
        "min": 0.00077995553147,
        "var": 0.000181022638571
    },
    "spectral_energyband_high": {
        "dmean": 5.67564313769e-07,
        "dmean2": 7.3153358926e-07,
        "dvar": 9.3346632507e-12,
        "dvar2": 1.00287243787e-11,
        "max": 2.39857909037e-05,
        "mean": 1.12106238248e-06,
        "median": 5.39445011327e-07,
        "min": 3.54693611371e-07,
        "var": 9.92776694186e-12
    },
    "spectral_energyband_low": {
        "dmean": 1.43873273828e-06,
        "dmean2": 1.6587346181e-06,
        "dvar": 1.56040701194e-11,
        "dvar2": 5.44282197437e-12,
        "max": 4.68678808829e-05,
        "mean": 2.28447424888e-06,
        "median": 9.9647195384e-07,
        "min": 1.65934636698e-07,
        "var": 3.88339672919e-11
    },
    "spectral_energyband_middle_high": {
        "dmean": 1.25360529637e-05,
        "dmean2": 1.80910665222e-05,
        "dvar": 9.02962649096e-10,
        "dvar2": 1.86362858479e-09,
        "max": 0.000175258610398,
        "mean": 2.24041414185e-05,
        "median": 1.04603168438e-05,
        "min": 3.57407020601e-06,
        "var": 1.04992259331e-09
    },
    "spectral_energyband_middle_low": {
        "dmean": 0.00209399755113,
        "dmean2": 0.00209915405139,
        "dvar": 2.92370150419e-05,
        "dvar2": 1.76574194484e-05,
        "max": 0.0536442287266,
        "mean": 0.0462121702731,
        "median": 0.0511259958148,
        "min": 0.000738624716178,
        "var": 0.000181551338756
    },
    "spectral_entropy": {
        "dmean": 0.213032662868,
        "dmean2": 0.217262834311,
        "dvar": 0.169131368399,
        "dvar2": 0.0800652801991,
        "max": 7.90917778015,
        "mean": 3.38881421089,
        "median": 3.05056810379,
        "min": 2.80382657051,
        "var": 0.995689451694
    },
    "spectral_flux": {
        "dmean": 0.00905167032033,
        "dmean2": 0.0114906765521,
        "dvar": 0.000560380402021,
        "dvar2": 0.000964468810707,
        "max": 0.162572011352,
        "mean": 0.0140636544675,
        "median": 0.0030316398479,
        "min": 0.00194161979016,
        "var": 0.000897909980267
    },
    "spectral_kurtosis": {
        "dmean": 18.6068534851,
        "dmean2": 32.7172241211,
        "dvar": 336.881011963,
        "dvar2": 650.056396484,
        "max": 152.2059021,
        "mean": 106.479927063,
        "median": 111.696228027,
        "min": 2.88964033127,
        "var": 935.206176758
    },
    "spectral_rms": {
        "dmean": 0.000247014657361,
        "dmean2": 0.000250790762948,
        "dvar": 5.64681840842e-07,
        "dvar2": 4.12525082538e-07,
        "max": 0.00723456032574,
        "mean": 0.00654855230823,
        "median": 0.00706313736737,
        "min": 0.000872314267326,
        "var": 2.21765367314e-06
    },
    "spectral_rolloff": {
        "dmean": 3.94775390625,
        "dmean2": 5.83951282501,
        "dvar": 316.718597412,
        "dvar2": 500.309326172,
        "max": 516.796875,
        "mean": 415.837921143,
        "median": 409.130859375,
        "min": 409.130859375,
        "var": 525.111938477
    },
    "spectral_skewness": {
        "dmean": 0.855482399464,
        "dmean2": 1.44723117352,
        "dvar": 0.978758871555,
        "dvar2": 1.619546175,
        "max": 10.8130979538,
        "mean": 8.76767158508,
        "median": 9.34143352509,
        "min": 1.96327221394,
        "var": 3.14085578918
    },
    "spectral_spread": {
        "dmean": 940157.4375,
        "dmean2": 940778.9375,
        "dvar": 5.24749058867e+12,
        "dvar2": 2.97186256486e+12,
        "max": 27093176,
        "mean": 2053302.75,
        "median": 1475423.75,
        "min": 631439.5,
        "var": 1.30624572621e+13
    },
    "spectral_strongpeak": {
        "dmean": 0.140091270208,
        "dmean2": 0.12410466373,
        "dvar": 0.147683054209,
        "dvar2": 0.083125308156,
        "max": 3.84328889847,
        "mean": 3.40229225159,
        "median": 3.74965238571,
        "min": 0.0573691502213,
        "var": 0.944319665432
    },
    "zerocrossingrate": {
        "dmean": 0.000683593738358,
        "dmean2": 0.0007944914978,
        "dvar": 3.02950502373e-06,
        "dvar2": 1.52667371367e-06,
        "max": 0.021484375,
        "mean": 0.0175701212138,
        "median": 0.01806640625,
        "min": 0.00439453125,
        "var": 4.72531428386e-06
    },
    "barkbands": {
        "dmean": [2.27653146112e-07, 4.21414540597e-07, 6.70581016493e-07, 1.13399289603e-06, 5.08298444402e-06, 0.00140499393456, 0.00080347788753, 2.5084704248e-05, 5.24457245774e-05, 1.18019470392e-05, 2.95571885545e-06, 5.74527234676e-07, 4.91273056014e-07, 2.68727177399e-07, 6.03905675689e-07, 2.74208559858e-07, 1.9107132232e-07, 1.57599146178e-07, 1.51187776964e-07, 1.2892625989e-07, 1.22065770825e-07, 8.41824672193e-08, 7.0021854981e-08, 6.90953072535e-08, 6.02453980036e-08, 5.92118105658e-08, 9.6953947093e-08],
        "dmean2": [2.42472452783e-07, 4.5258065029e-07, 1.12572251965e-06, 1.61528930676e-06, 6.71995121593e-06, 0.00135184731334, 0.000945231178775, 3.96067916881e-05, 7.71618724684e-05, 1.75523819053e-05, 4.89686954097e-06, 8.07184221685e-07, 6.26184146313e-07, 3.64867588587e-07, 9.17357226626e-07, 3.58745893436e-07, 2.5446138352e-07, 2.08450515515e-07, 2.03237846108e-07, 1.74716348056e-07, 1.64901905464e-07, 1.11938483371e-07, 9.13260649327e-08, 8.83049082745e-08, 7.63060867826e-08, 7.45923287582e-08, 1.27597843402e-07],
        "dvar": [2.59628711759e-12, 5.23672511604e-12, 1.23400790454e-12, 5.67730758239e-12, 5.22395293689e-10, 1.29871086756e-05, 3.45051785189e-06, 5.07528152838e-09, 2.38551063347e-08, 7.14332981655e-10, 4.65759306123e-11, 2.2793219135e-12, 3.71846824165e-12, 9.33280579554e-13, 3.3688407966e-12, 1.68147722308e-12, 7.58158672561e-13, 5.40823245562e-13, 4.71278723511e-13, 3.3470004112e-13, 3.27262549742e-13, 1.87711391569e-13, 1.41444934107e-13, 1.35367018701e-13, 1.16352267448e-13, 1.13687081667e-13, 1.21185478102e-13],
        "dvar2": [2.62911936146e-12, 4.240917513e-12, 1.70599363629e-12, 5.20592466705e-12, 5.66518443268e-10, 8.18900298327e-06, 2.88009982796e-06, 1.00607762121e-08, 3.45543611502e-08, 1.58931967587e-09, 1.2435374952e-10, 2.42872757496e-12, 3.52418528388e-12, 1.03321984215e-12, 7.01052193727e-12, 1.77947055962e-12, 8.52823779478e-13, 5.71770712374e-13, 5.20816842344e-13, 3.89882272517e-13, 3.46193478615e-13, 2.02842855902e-13, 1.52644864522e-13, 1.4251277838e-13, 1.23914536943e-13, 1.2256820179e-13, 1.29191118524e-13],
        "max": [1.26304603327e-05, 2.01631428354e-05, 1.19218357213e-05, 2.4236538593e-05, 0.000196900946321, 0.0358558297157, 0.0183801520616, 0.000393155380152, 0.000909385678824, 0.000161305099027, 3.40279548254e-05, 1.23112486108e-05, 1.63812583196e-05, 7.63768184697e-06, 2.04170464713e-05, 1.01516061477e-05, 6.83234338794e-06, 5.9567455537e-06, 5.3924391068e-06, 4.50765583082e-06, 4.46350304628e-06, 3.34243509315e-06, 2.88570208795e-06, 2.85634837383e-06, 2.61933746515e-06, 2.57640681411e-06, 3.14671319757e-06],
        "mean": [2.3216253453e-07, 5.48248522136e-07, 1.06077470718e-06, 1.32653531182e-06, 6.90749357091e-06, 0.030684383586, 0.0154106095433, 2.15003710764e-05, 7.01797689544e-05, 2.30742916756e-05, 2.79888990917e-06, 9.9917042462e-07, 6.95745541179e-07, 4.36660428704e-07, 1.7152970031e-06, 3.72600652554e-07, 2.83982615201e-07, 2.60442277522e-07, 2.39279216885e-07, 2.22628656843e-07, 1.93824732264e-07, 1.33283450054e-07, 1.02029495963e-07, 1.01247728423e-07, 8.62613234176e-08, 8.26610460081e-08, 3.20228167539e-07],
        "median": [2.22168772268e-08, 1.40141210636e-07, 5.54276027742e-07, 5.67880135804e-07, 1.81438099389e-06, 0.0340973213315, 0.0168695449829, 1.05178810372e-06, 3.04250843328e-05, 9.69177744992e-06, 1.08062431536e-06, 4.66733865778e-07, 2.26938823289e-07, 1.95712345885e-07, 7.00080136085e-07, 1.20038180285e-07, 1.10370891093e-07, 1.11796438773e-07, 9.89263142515e-08, 1.09219996602e-07, 8.04903095286e-08, 4.46002594856e-08, 2.65501540753e-08, 2.74458606953e-08, 1.87831741272e-08, 1.56091761738e-08, 2.34622504536e-07],
        "min": [4.93085572373e-10, 2.5317632435e-08, 5.17203204708e-08, 3.08193222054e-08, 4.75969784475e-07, 0.000164142402355, 0.000313678639941, 3.01382414136e-07, 3.633681672e-06, 2.48192418439e-06, 8.64655618216e-08, 1.69591189092e-07, 7.96514996182e-08, 6.228722782e-08, 1.65060100699e-07, 5.65948141684e-08, 4.85291486996e-08, 4.33934239652e-08, 3.79661209138e-08, 3.75273856434e-08, 1.88654141198e-08, 2.42343798362e-08, 1.32537447683e-08, 1.52052006541e-08, 9.0085103821e-09, 6.22073637047e-09, 1.49935672766e-07],
        "var": [2.56225422823e-12, 6.52091228237e-12, 4.14750959271e-12, 1.01712596678e-11, 6.34733043903e-10, 8.97301142686e-05, 1.73877033376e-05, 4.58199256315e-09, 2.41796644929e-08, 8.1079426506e-10, 3.56172903671e-11, 3.09205959448e-12, 4.58560836872e-12, 1.13634514125e-12, 1.15594964156e-11, 1.71477925175e-12, 8.08097620937e-13, 6.09136710256e-13, 5.05701654597e-13, 3.53513063007e-13, 3.41144728569e-13, 1.97821522618e-13, 1.49552326903e-13, 1.44299421587e-13, 1.2365496539e-13, 1.20755483521e-13, 1.54889461174e-13]
    },
    "erbbands": {
        "dmean": [1.47673681568e-05, 9.5468647487e-05, 0.000638507597614, 0.00205629179254, 0.00773398391902, 0.0209948420525, 0.241570815444, 12.4700870514, 21.186750412, 2.41518998146, 0.823799371719, 1.13977313042, 0.559005856514, 0.278389722109, 0.0657781586051, 0.0255256462842, 0.0229390915483, 0.0150360576808, 0.0132175683975, 0.0334277749062, 0.0141002321616, 0.00946988724172, 0.0086404774338, 0.00830729398876, 0.00734808016568, 0.00592848937958, 0.00543304299936, 0.00433097453788, 0.00311596179381, 0.00250237691216, 0.00194782589097, 0.00151138624642, 0.00110178615432, 0.000675246003084, 0.000435186957475, 0.00024122443574, 0.000110893699457, 8.40457287268e-05, 1.16098090075e-05, 2.80808262687e-06],
        "dmean2": [1.61619191203e-05, 0.000105030710984, 0.00090054271277, 0.00267797638662, 0.0113712744787, 0.0269654430449, 0.300139605999, 12.7433624268, 22.9070014954, 3.32070422173, 1.24323058128, 1.6678930521, 0.905503630638, 0.408602446318, 0.097574993968, 0.0351315140724, 0.0289607867599, 0.0199719276279, 0.0213142577559, 0.0357984267175, 0.0181282348931, 0.0124697135761, 0.0113472649828, 0.0113266091794, 0.00962315592915, 0.00810586009175, 0.00738020800054, 0.00579633982852, 0.00416158791631, 0.00324852415361, 0.00255857501179, 0.0019387002103, 0.00140636705328, 0.000856391969137, 0.000550093711354, 0.000300650805002, 0.000141591750435, 0.000120378761494, 1.48908911797e-05, 3.23460835716e-06],
        "dvar": [7.4290604779e-09, 1.90302273495e-07, 1.01314844869e-06, 1.47316713992e-05, 0.000749766011722, 0.00784755498171, 0.372009545565, 1042.33129883, 3000.18798828, 52.7607002258, 5.30886316299, 9.16418647766, 1.7876303196, 0.646920084953, 0.0291003920138, 0.00409614434466, 0.00841232761741, 0.00341445556842, 0.0015370042529, 0.00550213363022, 0.0043401340954, 0.00226045423187, 0.00156562204938, 0.0012933339458, 0.00119339697994, 0.000727169623133, 0.00066026271088, 0.000421030737925, 0.000242816226091, 0.000176994159119, 0.000106660896563, 6.62200618535e-05, 3.33900243277e-05, 1.44651194205e-05, 6.02433601671e-06, 1.90599678263e-06, 3.78218203423e-07, 3.98243464872e-08, 2.87276602506e-09, 6.5270580607e-11],
        "dvar2": [6.91369850259e-09, 1.29763350287e-07, 6.76451520576e-07, 9.11079041543e-06, 0.000799465982709, 0.0087247332558, 0.395658522844, 720.250976562, 2264.28100586, 100.211425781, 8.33146953583, 15.6335029602, 4.2635011673, 1.53745520115, 0.0600683428347, 0.00454242154956, 0.00777488015592, 0.00356105202809, 0.00259664817713, 0.0043796794489, 0.00449675973505, 0.00243054074235, 0.00165418093093, 0.00143750093412, 0.001305413316, 0.000862744345795, 0.000705968064722, 0.00044950490701, 0.000262624263996, 0.000192187188077, 0.000115041402751, 7.02892721165e-05, 3.52548740921e-05, 1.54531044245e-05, 6.39129302726e-06, 2.0298821255e-06, 4.06781964557e-07, 4.40783942679e-08, 2.98938007681e-09, 6.12759287755e-11],
        "max": [0.000713933899533, 0.00415002787486, 0.0135591598228, 0.0479037798941, 0.221579253674, 0.72572016716, 5.58335065842, 313.270507812, 534.98840332, 50.7697372437, 13.5047607422, 18.7492980957, 6.67018222809, 5.09733009338, 1.0678665638, 0.520023047924, 0.784841239452, 0.474065899849, 0.421518027782, 1.05899596214, 0.536366522312, 0.374807178974, 0.325512349606, 0.280027866364, 0.273008048534, 0.210002139211, 0.200872093439, 0.158959820867, 0.120481140912, 0.102177873254, 0.0793108344078, 0.0630367919803, 0.0447430312634, 0.0292474664748, 0.0188424494117, 0.0105695454404, 0.00475286133587, 0.00197826698422, 0.000452616892289, 6.12599906162e-05],
        "mean": [2.46487779805e-05, 0.000159460309078, 0.00106995820533, 0.00391389802098, 0.0168397109956, 0.145556464791, 4.85883951187, 268.674499512, 455.834289551, 19.935005188, 1.70967555046, 1.75563776493, 1.01234459877, 0.299451589584, 0.077249199152, 0.0468013212085, 0.0348405875266, 0.0247559286654, 0.0347935184836, 0.0933576673269, 0.0237062610686, 0.0152192628011, 0.0144374147058, 0.0128110079095, 0.0116251436993, 0.00971658714116, 0.0094914548099, 0.00692196283489, 0.00494320178404, 0.00370391923934, 0.00288391625509, 0.00226191850379, 0.00160947442055, 0.00101503566839, 0.000629597168881, 0.000340627913829, 0.000193305400899, 0.000298162252875, 5.06159849465e-05, 5.45524853806e-05],
        "median": [1.23629879454e-05, 6.74750554026e-05, 0.000585659698118, 0.0023938792292, 0.0114684794098, 0.141973733902, 5.28892374039, 297.577209473, 505.641204834, 19.6976222992, 1.08797180653, 0.987738907337, 0.489588856697, 0.10439324379, 0.0253583993763, 0.0242894180119, 0.0127956839278, 0.010463828221, 0.0127885695547, 0.0455289632082, 0.0106217507273, 0.00554683245718, 0.00590007239953, 0.00566678540781, 0.00452226307243, 0.00394921517, 0.00454658828676, 0.00283385603689, 0.00181639182847, 0.00118872337043, 0.0007824403001, 0.000645725755021, 0.000453209417174, 0.000258460349869, 0.000151827945956, 7.23150806152e-05, 6.78979704389e-05, 0.000245580566116, 4.00491298933e-05, 5.85933776165e-05],
        "min": [6.97269706507e-06, 3.7625173718e-05, 0.000201549148187, 0.00118430354632, 0.00661203730851, 0.0357868224382, 0.369363337755, 2.03219556808, 5.47215223312, 2.27334785461, 0.819212496281, 0.243364617229, 0.184422314167, 0.0259381849319, 0.00699450867251, 0.00882804952562, 0.00500247301534, 0.0036759362556, 0.00442295474932, 0.00629648286849, 0.00373495812528, 0.00319339847192, 0.00242661894299, 0.00226392922923, 0.00205404753797, 0.00174701248761, 0.00108826428186, 0.000776180997491, 0.000843653804623, 0.000502999930177, 0.000404465914471, 0.000341755017871, 0.000248344440479, 0.000162631607964, 8.02521899459e-05, 1.89026686712e-05, 4.40602088929e-05, 0.000140083880979, 3.20582112181e-05, 5.72965018364e-06],
        "var": [7.9476007997e-09, 2.75064337529e-07, 3.89068736695e-06, 4.20032192778e-05, 0.000729869760107, 0.00619485322386, 1.56661534309, 6693.06982422, 18399.3476562, 39.0752487183, 5.10921049118, 9.14741706848, 1.62541723251, 0.556728899479, 0.0307942219079, 0.00556641537696, 0.0103932479396, 0.00410557119176, 0.00569689506665, 0.0276702679694, 0.00472976081073, 0.00242498889565, 0.00184062949847, 0.00137514062226, 0.00128214794677, 0.000777668494266, 0.000681740639266, 0.000437872309703, 0.000257280131336, 0.000184981370694, 0.0001132463658, 7.03750920366e-05, 3.55533629772e-05, 1.53940709424e-05, 6.36087679595e-06, 2.00432464226e-06, 4.04638683449e-07, 5.97032894234e-08, 2.94243140964e-09, 1.62531182957e-10]
    },
    "gfcc": {
        "mean": [-258.605163574, 127.787857056, -70.3428649902, -61.1294670105, -104.817825317, -82.4931640625, -52.6173019409, -18.917142868, 8.02811145782, 16.2407417297, 12.0498418808, 9.50367641449, 8.01929855347],
        "cov": [[783.511657715, -263.529937744, -178.876205444, 125.685745239, 65.5446853638, 298.672180176, 43.0883255005, 133.121932983, -95.2491226196, -30.6463031769, -104.88571167, -27.6192245483, -94.3005828857], [-263.529937744, 159.370437622, 75.3187789917, -98.1650543213, -31.2905807495, -110.763465881, 0.591566979885, -41.5057296753, 41.6434326172, 1.86637568474, 39.9553260803, 11.4036197662, 42.8514633179], [-178.876205444, 75.3187789917, 107.556610107, -19.6841182709, -44.9161949158, -108.608520508, -20.8165245056, -45.4953689575, 17.3639221191, 18.5320053101, 51.3394813538, 22.9240627289, 32.2661590576], [125.685745239, -98.1650543213, -19.6841182709, 124.500923157, 29.6604003906, 41.2685661316, -0.359669238329, 15.0878419876, -18.7083702087, 13.7123146057, -19.5123291016, -20.0779190063, -37.2581062317], [65.5446853638, -31.2905807495, -44.9161949158, 29.6604003906, 78.7004623413, 77.6243209839, -1.20576143265, 25.7574329376, -1.26486253738, -3.28122758865, -38.4791259766, -21.9204101562, -29.9614372253], [298.672180176, -110.763465881, -108.608520508, 41.2685661316, 77.6243209839, 190.333389282, 24.102935791, 69.0769729614, -38.0776939392, -24.9518432617, -74.6943893433, -33.7960319519, -59.1061820984], [43.0883255005, 0.591566979885, -20.8165245056, -0.359669238329, -1.20576143265, 24.102935791, 35.8551712036, 17.9478359222, -12.3766441345, -6.78793478012, -11.273976326, -12.01811409, -19.4001941681], [133.121932983, -41.5057296753, -45.4953689575, 15.0878419876, 25.7574329376, 69.0769729614, 17.9478359222, 43.5445098877, -13.8481302261, -15.5259046555, -32.6413459778, -14.8425760269, -23.6715221405], [-95.2491226196, 41.6434326172, 17.3639221191, -18.7083702087, -1.26486253738, -38.0776939392, -12.3766441345, -13.8481302261, 30.9137859344, 4.63964891434, 2.38551878929, -0.611332058907, 21.6377754211], [-30.6463031769, 1.86637568474, 18.5320053101, 13.7123146057, -3.28122758865, -24.9518432617, -6.78793478012, -15.5259046555, 4.63964891434, 19.805015564, 10.9136543274, 3.20785522461, 6.16213703156], [-104.88571167, 39.9553260803, 51.3394813538, -19.5123291016, -38.4791259766, -74.6943893433, -11.273976326, -32.6413459778, 2.38551878929, 10.9136543274, 48.5443763733, 24.0247173309, 18.3916435242], [-27.6192245483, 11.4036197662, 22.9240627289, -20.0779190063, -21.9204101562, -33.7960319519, -12.01811409, -14.8425760269, -0.611332058907, 3.20785522461, 24.0247173309, 25.2718391418, 17.3696861267], [-94.3005828857, 42.8514633179, 32.2661590576, -37.2581062317, -29.9614372253, -59.1061820984, -19.4001941681, -23.6715221405, 21.6377754211, 6.16213703156, 18.3916435242, 17.3696861267, 43.7477264404]],
        "icov": [[0.0113398367539, -0.0202730093151, 0.0123771699145, -0.0168297607452, 0.0253182221204, -0.0188389774412, 0.02107382752, -0.0261940918863, 0.0154561335221, -0.0232633315027, 0.0150259556249, -0.0284615941346, 0.0085137616843], [-0.0202730093151, 0.172607406974, -0.0844755917788, 0.100145943463, -0.122075714171, 0.0536959283054, -0.151932999492, 0.0870310664177, -0.106481827796, 0.108505867422, -0.106014549732, 0.131174504757, -0.0666488707066], [0.0123771699145, -0.0844755917788, 0.0674406662583, -0.0496544837952, 0.0637908354402, -0.0205174367875, 0.0816893875599, -0.0459121651947, 0.0544004030526, -0.0607717894018, 0.041252810508, -0.0627351254225, 0.0339650437236], [-0.0168297607452, 0.100145943463, -0.0496544837952, 0.0813387706876, -0.0722494646907, 0.0475985631347, -0.0703442245722, 0.0514156110585, -0.0493092797697, 0.0463861227036, -0.0470912456512, 0.092584297061, -0.0161304809153], [0.0253182221204, -0.122075714171, 0.0637908354402, -0.0722494646907, 0.140993982553, -0.0633227899671, 0.132652491331, -0.0841552466154, 0.0544280521572, -0.107388362288, 0.0921109542251, -0.111264549196, 0.0835265368223], [-0.0188389774412, 0.0536959283054, -0.0205174367875, 0.0475985631347, -0.0633227899671, 0.0806330665946, -0.0330378673971, 0.0371175445616, 0.00541407614946, 0.046325430274, 0.00833436753601, 0.058668050915, -0.00252827815711], [0.02107382752, -0.151932999492, 0.0816893875599, -0.0703442245722, 0.132652491331, -0.0330378673971, 0.210942581296, -0.107389494777, 0.117756940424, -0.120269045234, 0.114853665233, -0.0918876081705, 0.102632299066], [-0.0261940918863, 0.0870310664177, -0.0459121651947, 0.0514156110585, -0.0841552466154, 0.0371175445616, -0.107389494777, 0.156356751919, -0.0592175982893, 0.108014263213, -0.0316265113652, 0.071335285902, -0.0355184003711], [0.0154561335221, -0.106481827796, 0.0544004030526, -0.0493092797697, 0.0544280521572, 0.00541407614946, 0.117756940424, -0.0592175982893, 0.187553435564, -0.0720954164863, 0.107184417546, -0.0426756627858, 0.00954186730087], [-0.0232633315027, 0.108505867422, -0.0607717894018, 0.0463861227036, -0.107388362288, 0.046325430274, -0.120269045234, 0.108014263213, -0.0720954164863, 0.182805925608, -0.0842634290457, 0.096565425396, -0.0709540843964], [0.0150259556249, -0.106014549732, 0.041252810508, -0.0470912456512, 0.0921109542251, 0.00833436753601, 0.114853665233, -0.0316265113652, 0.107184417546, -0.0842634290457, 0.216463193297, -0.143931910396, 0.098864749074], [-0.0284615941346, 0.131174504757, -0.0627351254225, 0.092584297061, -0.111264549196, 0.058668050915, -0.0918876081705, 0.071335285902, -0.0426756627858, 0.096565425396, -0.143931910396, 0.248282194138, -0.0943668186665], [0.0085137616843, -0.0666488707066, 0.0339650437236, -0.0161304809153, 0.0835265368223, -0.00252827815711, 0.102632299066, -0.0355184003711, 0.00954186730087, -0.0709540843964, 0.098864749074, -0.0943668186665, 0.148967564106]]
    },
    "melbands": {
        "dmean": [1.32562021804e-07, 2.52312673865e-07, 4.94958214858e-07, 8.32347780033e-07, 1.90289517832e-06, 0.000325520522892, 0.000281941116555, 2.00802278414e-05, 8.13959286461e-06, 6.84257156536e-06, 2.667491799e-06, 1.12649524908e-06, 3.05365716713e-07, 7.81132314387e-08, 5.37773594544e-08, 4.55847128933e-08, 2.75412777029e-08, 1.99921377231e-08, 5.99854459438e-08, 3.36602425932e-08, 1.5906609363e-08, 1.07521467285e-08, 7.97633337157e-09, 8.03733612997e-09, 6.75825351237e-09, 5.61331336968e-09, 4.88844209556e-09, 3.75247655171e-09, 3.60012264444e-09, 3.23044568873e-09, 2.37618502652e-09, 1.84764803457e-09, 1.50740475657e-09, 1.3600208737e-09, 1.15220999408e-09, 1.030247887e-09, 8.82789674694e-10, 7.96008592374e-10, 6.87627565998e-10, 5.40681444061e-10],
        "dmean2": [1.43981793599e-07, 3.19476697541e-07, 6.86170835706e-07, 1.10006260456e-06, 2.74158037428e-06, 0.00032241945155, 0.000296331825666, 3.01419058815e-05, 1.13946589408e-05, 9.99827079795e-06, 4.40270150648e-06, 1.64652999501e-06, 4.76516589742e-07, 1.10418866939e-07, 6.95610822277e-08, 5.83103982876e-08, 3.66757468839e-08, 2.81746252995e-08, 8.77336105987e-08, 3.93872205962e-08, 2.07085726345e-08, 1.40654261571e-08, 1.06174793402e-08, 1.08287316891e-08, 9.42680689064e-09, 7.60573293235e-09, 6.61481625031e-09, 5.11465625408e-09, 4.78934891746e-09, 4.50160486665e-09, 3.11875236747e-09, 2.46235787316e-09, 2.00215000135e-09, 1.74758252314e-09, 1.52266443898e-09, 1.34964461829e-09, 1.13002007751e-09, 1.03566033527e-09, 8.69008365267e-10, 6.86658785387e-10],
        "dvar": [5.97896406863e-13, 2.42802278934e-13, 1.3689228787e-12, 1.5100299483e-11, 4.58909785173e-11, 7.16516183275e-07, 5.17347643836e-07, 5.10218534089e-09, 5.60547774864e-10, 3.29814259237e-10, 4.00977445691e-11, 1.11731084454e-11, 5.49631629272e-13, 3.48715807207e-14, 2.94654539212e-14, 3.93547363751e-14, 9.85284055543e-15, 2.53330296227e-15, 4.41282718645e-14, 1.27296261775e-14, 5.37889807836e-15, 2.78705984547e-15, 1.20441330012e-15, 1.33267388773e-15, 7.73225090269e-16, 6.98603975775e-16, 4.65619252122e-16, 2.9106534933e-16, 2.72479302415e-16, 1.88126983732e-16, 1.27652815e-16, 8.07963618737e-17, 6.01991278697e-17, 5.19662290115e-17, 3.62101820391e-17, 2.8847993346e-17, 2.26653790956e-17, 1.63915532934e-17, 1.36774802322e-17, 9.28913488139e-18],
        "dvar2": [5.28457323474e-13, 9.99819191739e-14, 1.05316276533e-12, 1.55616700082e-11, 6.33926036664e-11, 4.78892445699e-07, 3.53552138677e-07, 1.06862305671e-08, 8.68470739768e-10, 5.91535154193e-10, 9.67448274269e-11, 2.64155971402e-11, 1.3696211049e-12, 4.61380201622e-14, 2.7549299376e-14, 3.76045935114e-14, 1.08478933572e-14, 2.96151284546e-15, 9.52047143378e-14, 1.30532512086e-14, 5.9709126986e-15, 3.03019535902e-15, 1.29663009472e-15, 1.4113836832e-15, 8.66000291344e-16, 7.63518780908e-16, 5.24810920328e-16, 3.47663932047e-16, 2.93174699597e-16, 1.970133652e-16, 1.36935740237e-16, 8.683632221e-17, 6.57331448387e-17, 5.63115576617e-17, 3.90546179376e-17, 3.06906010261e-17, 2.41212252455e-17, 1.73693270996e-17, 1.42861768024e-17, 1.00240732751e-17],
        "max": [6.54446421322e-06, 6.48630430078e-06, 1.23255231301e-05, 3.09817914967e-05, 6.15210446995e-05, 0.00828420370817, 0.00717278476804, 0.000450222229119, 0.000152466396685, 0.000112729059765, 3.05117209791e-05, 2.14758765651e-05, 4.2695414777e-06, 1.35888365094e-06, 1.48258777699e-06, 1.66318511674e-06, 7.83947314176e-07, 4.50083518899e-07, 2.26241058954e-06, 9.29123700644e-07, 5.7175668644e-07, 4.15045889213e-07, 2.80970709809e-07, 2.94394965294e-07, 2.15266879877e-07, 2.08218892794e-07, 1.70982062286e-07, 1.32033463274e-07, 1.29123677084e-07, 1.07437344354e-07, 8.71786340895e-08, 6.96357886909e-08, 5.97380918066e-08, 5.5339661742e-08, 4.61915270478e-08, 4.14611847077e-08, 3.68868775524e-08, 3.12702681526e-08, 2.87806187771e-08, 2.33273684813e-08],
        "mean": [1.61513796115e-07, 3.87024300608e-07, 7.05038530668e-07, 1.0392002423e-06, 3.92301808461e-06, 0.00709470827132, 0.00613714242354, 2.33945647778e-05, 8.40015854919e-06, 9.65282379184e-06, 4.62088200948e-06, 1.10803148345e-06, 2.99676003124e-07, 1.22341091924e-07, 9.06453081484e-08, 6.60284698029e-08, 4.265279685e-08, 3.56880249797e-08, 1.45576748878e-07, 6.66908874791e-08, 2.25865637304e-08, 1.63748197224e-08, 1.30459021364e-08, 1.23626104909e-08, 1.00697770122e-08, 8.61219096038e-09, 7.55522755469e-09, 6.21103568577e-09, 6.22608631318e-09, 5.09814368499e-09, 3.66624686166e-09, 2.85631074348e-09, 2.30628405262e-09, 1.93923499481e-09, 1.67360891812e-09, 1.48751200246e-09, 1.30691168998e-09, 1.12916997974e-09, 9.7802332899e-10, 7.85141895943e-10],
        "median": [3.6543276849e-08, 1.81293899004e-07, 3.32344910703e-07, 3.79412171014e-07, 1.38296593377e-06, 0.00789346825331, 0.0067992946133, 1.00310592188e-06, 2.23653069042e-06, 4.84583688376e-06, 1.9172643988e-06, 3.14044598326e-07, 9.07297490471e-08, 5.73072220789e-08, 4.29315640815e-08, 2.40361259785e-08, 1.82875492527e-08, 1.75289898152e-08, 4.76111310377e-08, 4.1892487701e-08, 8.48843662027e-09, 5.87580739619e-09, 5.50426371149e-09, 4.60115456846e-09, 4.25778168278e-09, 3.22813131781e-09, 2.91734014723e-09, 2.7875244335e-09, 2.9977331728e-09, 2.39237829547e-09, 1.39158728985e-09, 1.00015307147e-09, 7.64087682015e-10, 5.56586221556e-10, 4.63785648774e-10, 4.01226524227e-10, 3.67872621254e-10, 3.11073056203e-10, 2.36558911348e-10, 1.74115430407e-10],
        "min": [5.88565240989e-09, 2.3723737641e-08, 7.36036014359e-08, 5.67601219359e-08, 5.67661459172e-07, 3.73800139641e-05, 7.87154131103e-05, 1.47223715885e-07, 2.28193442808e-07, 8.27073222354e-07, 6.63213370444e-07, 5.34011981301e-08, 1.29478463506e-08, 1.76772356753e-08, 1.27452057797e-08, 9.32666477382e-09, 4.51895987297e-09, 4.13742906602e-09, 1.07212034806e-08, 5.27229593317e-09, 3.2988083376e-09, 2.99729063791e-09, 1.31948996174e-09, 1.87049309375e-09, 1.49350298795e-09, 1.56967894238e-09, 1.02610875352e-09, 1.07543107752e-09, 6.62533361506e-10, 5.33916300061e-10, 4.69771832545e-10, 4.46099462925e-10, 3.43518852253e-10, 2.21866566785e-10, 2.36046127089e-10, 1.7950331499e-10, 1.76073725044e-10, 1.3803309884e-10, 1.18889509348e-10, 1.07603127797e-10],
        "var": [6.84479057635e-13, 8.30335474857e-13, 2.57048332272e-12, 1.53195251623e-11, 7.55410109465e-11, 4.74095986647e-06, 3.232168865e-06, 6.59363852407e-09, 5.67428992682e-10, 3.25109966726e-10, 3.71848524194e-11, 9.70471793205e-12, 4.76654197883e-13, 4.72897240843e-14, 3.98160745639e-14, 4.60123679067e-14, 1.17335493128e-14, 4.97064979712e-15, 1.2923448661e-13, 1.48036710521e-14, 5.47849051823e-15, 2.94391023027e-15, 1.4273231492e-15, 1.47831929718e-15, 8.21336667552e-16, 7.48335080053e-16, 5.08795274301e-16, 3.08146430456e-16, 2.81704867639e-16, 1.95878036649e-16, 1.32911724932e-16, 8.6172347641e-17, 6.32582998553e-17, 5.43830853252e-17, 3.84666314885e-17, 3.0770248593e-17, 2.41360053087e-17, 1.74665539088e-17, 1.46263846078e-17, 9.91432791453e-18]
    },
    "mfcc": {
        "mean": [-940.289367676, 166.71005249, 28.8420791626, -13.2352705002, -37.8007469177, -51.483127594, -48.3662338257, -38.5032272339, -16.7509059906, -7.41851902008, -7.95343255997, 2.61571407318, 15.5473632812],
        "cov": [[1136.37219238, -62.5412940979, -141.466369629, 3.11899423599, 12.8046522141, 94.2177810669, 109.300918579, 140.208190918, 60.1001930237, 74.380531311, 81.1394424438, -1.47447252274, -77.9181137085], [-62.5412940979, 153.719299316, 19.953950882, -76.8489990234, -28.1956520081, -29.5385532379, -4.24138355255, 19.0295200348, 19.2759609222, 28.9035930634, 9.01962089539, -15.353430748, 6.12383842468], [-141.466369629, 19.953950882, 59.67578125, 11.6077451706, -16.5614490509, -18.185503006, -8.69455337524, -16.0933418274, -8.62674045563, -8.62356853485, -5.98120212555, 10.3767948151, 10.0326452255], [3.11899423599, -76.8489990234, 11.6077451706, 86.4178466797, 30.7773170471, 13.17121315, 11.5197601318, -11.2774467468, -10.7445421219, -6.11770963669, 6.50816917419, 12.892742157, -9.84219074249], [12.8046522141, -28.1956520081, -16.5614490509, 30.7773170471, 82.3968887329, 41.569694519, -0.516195416451, 4.20773220062, -3.52557682991, 2.79340815544, -4.45927143097, -18.7849445343, -3.50990915298], [94.2177810669, -29.5385532379, -18.185503006, 13.17121315, 41.569694519, 49.9528121948, 19.2758827209, 6.62883710861, 0.284208804369, 2.9901266098, 1.81962537766, -3.55211114883, -3.70053768158], [109.300918579, -4.24138355255, -8.69455337524, 11.5197601318, -0.516195416451, 19.2758827209, 41.0839309692, 24.1275596619, -5.19584560394, 6.26149606705, 20.5732517242, 9.19157314301, -11.0101041794], [140.208190918, 19.0295200348, -16.0933418274, -11.2774467468, 4.20773220062, 6.62883710861, 24.1275596619, 40.1050071716, 10.1460409164, 13.2844791412, 15.7847566605, -4.98353433609, -11.697019577], [60.1001930237, 19.2759609222, -8.62674045563, -10.7445421219, -3.52557682991, 0.284208804369, -5.19584560394, 10.1460409164, 34.7520103455, 23.7321796417, -3.28298640251, -6.59393596649, -0.30883961916], [74.380531311, 28.9035930634, -8.62356853485, -6.11770963669, 2.79340815544, 2.9901266098, 6.26149606705, 13.2844791412, 23.7321796417, 33.8542060852, 15.7742681503, -7.16803121567, -8.3778886795], [81.1394424438, 9.01962089539, -5.98120212555, 6.50816917419, -4.45927143097, 1.81962537766, 20.5732517242, 15.7847566605, -3.28298640251, 15.7742681503, 39.5980834961, 16.2609672546, -13.7716856003], [-1.47447252274, -15.353430748, 10.3767948151, 12.892742157, -18.7849445343, -3.55211114883, 9.19157314301, -4.98353433609, -6.59393596649, -7.16803121567, 16.2609672546, 34.8357925415, 7.39174556732], [-77.9181137085, 6.12383842468, 10.0326452255, -9.84219074249, -3.50990915298, -3.70053768158, -11.0101041794, -11.697019577, -0.30883961916, -8.3778886795, -13.7716856003, 7.39174556732, 25.0263500214]],
