{
"lowlevel": {
    "average_loudness": 0.969118058681,
    "barkbands_crest": {
        "dmean": 2.08716630936,
        "dmean2": 3.46575188637,
        "dvar": 8.46559238434,
        "dvar2": 21.3054847717,
        "max": 26.899892807,
        "mean": 19.396270752,
        "median": 19.227230072,
        "min": 7.66981744766,
        "var": 23.1856441498
    },
    "barkbands_flatness_db": {
        "dmean": 0.024747075513,
        "dmean2": 0.0381503589451,
        "dvar": 0.00104131374974,
        "dvar2": 0.00211470318027,
        "max": 0.639443993568,
        "mean": 0.425561606884,
        "median": 0.408848583698,
        "min": 0.220484763384,
        "var": 0.00617448333651
    },
    "barkbands_kurtosis": {
        "dmean": 20.2731876373,
        "dmean2": 31.6369609833,
        "dvar": 3367.43066406,
        "dvar2": 8483.31152344,
        "max": 773.322631836,
        "mean": 42.6670532227,
        "median": 8.74532794952,
        "min": -1.88160693645,
        "var": 9952.0390625
    },
    "barkbands_skewness": {
        "dmean": 0.895485281944,
        "dmean2": 1.3751667738,
        "dvar": 2.14201283455,
        "dvar2": 5.2326669693,
        "max": 8.87101268768,
        "mean": 0.120145365596,
        "median": 0.530411541462,
        "min": -10.4108181,
        "var": 9.2315120697
    },
    "barkbands_spread": {
        "dmean": 0.355686783791,
        "dmean2": 0.575529277325,
        "dvar": 0.347137153149,
        "dvar2": 0.819248199463,
        "max": 6.12409162521,
        "mean": 1.44056904316,
        "median": 1.4005433321,
        "min": 0.0278079099953,
        "var": 1.0079767704
    },
    "dissonance": {
        "dmean": 0.0693172067404,
        "dmean2": 0.121625855565,
        "dvar": 0.00462685059756,
        "dvar2": 0.0117417061701,
        "max": 0.494021892548,
        "mean": 0.248106911778,
        "median": 0.242108151317,
        "min": 0.0747615769506,
        "var": 0.00781669653952
    },
    "dynamic_complexity": 4.69764518738,
    "erbbands_crest": {
        "dmean": 2.1925406456,
        "dmean2": 3.57631874084,
        "dvar": 8.95711421967,
        "dvar2": 21.535993576,
        "max": 31.556388855,
        "mean": 21.4101200104,
        "median": 20.1249141693,
        "min": 9.7512512207,
        "var": 38.4341278076
    },
    "erbbands_flatness_db": {
        "dmean": 0.021430240944,
        "dmean2": 0.0323783606291,
        "dvar": 0.000904225511476,
        "dvar2": 0.00171955837868,
        "max": 0.650395810604,
        "mean": 0.449955224991,
        "median": 0.433974206448,
        "min": 0.241295561194,
        "var": 0.0057635079138
    },
    "erbbands_kurtosis": {
        "dmean": 3.92157816887,
        "dmean2": 6.32745361328,
        "dvar": 81.830039978,
        "dvar2": 204.483215332,
        "max": 187.773651123,
        "mean": 11.1898775101,
        "median": 5.54125404358,
        "min": -1.83896768093,
        "var": 286.423309326
    },
    "erbbands_skewness": {
        "dmean": 0.536966204643,
        "dmean2": 0.841026484966,
        "dvar": 0.486102372408,
        "dvar2": 1.12239217758,
        "max": 6.37975740433,
        "mean": 0.28685092926,
        "median": 0.34054017067,
        "min": -2.62540626526,
        "var": 2.73220252991
    },
    "erbbands_spread": {
        "dmean": 0.658156514168,
        "dmean2": 1.05995285511,
        "dvar": 0.83523774147,
        "dvar2": 1.92898726463,
        "max": 10.9330921173,
        "mean": 2.96294784546,
        "median": 3.03175187111,
        "min": 0.257773458958,
        "var": 3.66664338112
    },
    "hfc": {
        "dmean": 1.92074406147,
        "dmean2": 2.82608056068,
        "dvar": 14.9041843414,
        "dvar2": 27.8725986481,
        "max": 50.6491279602,
        "mean": 10.2008981705,
        "median": 4.01123857498,
        "min": 0.0463464856148,
        "var": 165.469863892
    },
    "melbands_crest": {
        "dmean": 2.49868535995,
        "dmean2": 4.03940963745,
        "dvar": 11.7713365555,
        "dvar2": 28.9991416931,
        "max": 33.707359314,
        "mean": 22.9657249451,
        "median": 24.0274047852,
        "min": 7.75317049026,
        "var": 45.290096283
    },
    "melbands_flatness_db": {
        "dmean": 0.0242142695934,
        "dmean2": 0.0373825393617,
        "dvar": 0.00106040993705,
        "dvar2": 0.00220445520245,
        "max": 0.698641777039,
        "mean": 0.504283845425,
        "median": 0.493347972631,
        "min": 0.282574743032,
        "var": 0.00521053327248
    },
    "melbands_kurtosis": {
        "dmean": 3.72998380661,
        "dmean2": 5.96539735794,
        "dvar": 38.7159347534,
        "dvar2": 91.4034500122,
        "max": 77.3154144287,
        "mean": 9.33002471924,
        "median": 3.75320243835,
        "min": -1.83416855335,
        "var": 184.369781494
    },
    "melbands_skewness": {
        "dmean": 0.550942420959,
        "dmean2": 0.858470082283,
        "dvar": 0.504956185818,
        "dvar2": 1.07596194744,
        "max": 3.88807845116,
        "mean": 0.146012425423,
        "median": 0.462193757296,
        "min": -5.2891998291,
        "var": 3.91887497902
    },
    "melbands_spread": {
        "dmean": 0.654525101185,
        "dmean2": 1.06478703022,
        "dvar": 1.38695371151,
        "dvar2": 3.24617528915,
        "max": 11.6849861145,
        "mean": 2.73068857193,
        "median": 2.41507458687,
        "min": 0.203151240945,
        "var": 4.03950929642
    },
    "pitch_salience": {
        "dmean": 0.0566178523004,
        "dmean2": 0.0919238626957,
        "dvar": 0.00760211329907,
        "dvar2": 0.0182534884661,
        "max": 0.791906476021,
        "mean": 0.358620792627,
        "median": 0.382509499788,
        "min": 0.0373045355082,
        "var": 0.0200779251754
    },
    "silence_rate_20dB": {
        "dmean": 0,
        "dmean2": 0,
        "dvar": 0,
        "dvar2": 0,
        "max": 1,
        "mean": 1,
        "median": 1,
        "min": 1,
        "var": 0
    },
    "silence_rate_30dB": {
        "dmean": 0,
        "dmean2": 0,
        "dvar": 0,
        "dvar2": 0,
        "max": 1,
        "mean": 1,
        "median": 1,
        "min": 1,
        "var": 0
    },
    "silence_rate_60dB": {
        "dmean": 0.0511111095548,
        "dmean2": 0.100222714245,
        "dvar": 0.0484986901283,
        "dvar2": 0.116903916001,
        "max": 1,
        "mean": 0.186252772808,
        "median": 0,
        "min": 0,
        "var": 0.151563301682
    },
    "spectral_centroid": {
        "dmean": 30.9457988739,
        "dmean2": 49.6631622314,
        "dvar": 2674.31713867,
        "dvar2": 5713.87792969,
        "max": 988.682739258,
        "mean": 559.147705078,
        "median": 528.57220459,
        "min": 377.484832764,
        "var": 14394.7822266
    },
    "spectral_complexity": {
        "dmean": 0.69333332777,
        "dmean2": 1.20044541359,
        "dvar": 0.857068419456,
        "dvar2": 1.74600827694,
        "max": 11,
        "mean": 4.49002218246,
        "median": 5,
        "min": 0,
        "var": 1.98381984234
    },
    "spectral_decrease": {
        "dmean": 8.01308797094e-10,
        "dmean2": 1.24373744637e-09,
        "dvar": 2.83524861028e-18,
        "dvar2": 6.24867537564e-18,
        "max": -3.18444819125e-11,
        "mean": -4.04057987069e-09,
        "median": -2.01698369118e-09,
        "min": -1.9421475983e-08,
        "var": 2.04839797432e-17
    },
    "spectral_energy": {
        "dmean": 0.00319620477967,
        "dmean2": 0.00494408002123,
        "dvar": 4.46472076874e-05,
        "dvar2": 9.75800212473e-05,
        "max": 0.0759837850928,
        "mean": 0.0161752663553,
        "median": 0.00797826889902,
        "min": 0.000124392128782,
        "var": 0.000332596915541
    },
    "spectral_energyband_high": {
        "dmean": 2.73901861192e-07,
        "dmean2": 4.32516003457e-07,
        "dvar": 9.59028538007e-13,
        "dvar2": 2.60187487874e-12,
        "max": 1.36196422318e-05,
        "mean": 7.6973628893e-07,
        "median": 5.7424415445e-07,
        "min": 5.89909312509e-08,
        "var": 9.50750220739e-13
    },
    "spectral_energyband_low": {
        "dmean": 1.88225419606e-06,
        "dmean2": 3.07719324155e-06,
        "dvar": 2.21089917207e-11,
        "dvar2": 4.8614723358e-11,
        "max": 0.000104093203845,
        "mean": 2.93731932288e-06,
        "median": 1.71228236923e-06,
        "min": 4.35826663647e-08,
        "var": 4.22618572082e-11
    },
    "spectral_energyband_middle_high": {
        "dmean": 0.000358674151357,
        "dmean2": 0.000620781152975,
        "dvar": 2.17110391532e-06,
        "dvar2": 5.76887850912e-06,
        "max": 0.0169787555933,
        "mean": 0.000482571107568,
        "median": 3.17391350109e-05,
        "min": 2.28637873079e-06,
        "var": 2.51106075666e-06
    },
    "spectral_energyband_middle_low": {
        "dmean": 0.0029728228692,
        "dmean2": 0.00459548458457,
        "dvar": 4.36036607425e-05,
        "dvar2": 9.31136237341e-05,
        "max": 0.0756799578667,
        "mean": 0.0156955327839,
        "median": 0.00753778265789,
        "min": 0.000113157540909,
        "var": 0.000338099576766
    },
    "spectral_entropy": {
        "dmean": 0.211395516992,
        "dmean2": 0.327747136354,
        "dvar": 0.0889773741364,
        "dvar2": 0.171273767948,
        "max": 7.26654148102,
        "mean": 4.90351343155,
        "median": 5.0242600441,
        "min": 3.09729623795,
        "var": 0.428730726242
    },
    "spectral_flux": {
        "dmean": 0.0157509129494,
        "dmean2": 0.0251402109861,
        "dvar": 0.000862082990352,
        "dvar2": 0.00198073778301,
        "max": 0.239018037915,
        "mean": 0.0274644121528,
        "median": 0.0148319788277,
        "min": 0.00270966440439,
        "var": 0.00113570701797
    },
    "spectral_kurtosis": {
        "dmean": 20.4718265533,
        "dmean2": 31.0417900085,
        "dvar": 510.162841797,
        "dvar2": 1072.60791016,
        "max": 240.437194824,
        "mean": 81.2442169189,
        "median": 69.6570892334,
        "min": 6.8071641922,
        "var": 2093.82592773
    },
    "spectral_rms": {
        "dmean": 0.000422858080128,
        "dmean2": 0.000651711423416,
        "dvar": 5.40950168215e-07,
        "dvar2": 1.17982483516e-06,
        "max": 0.00860990863293,
        "mean": 0.00342532899231,
        "median": 0.00278992415406,
        "min": 0.000348364992533,
        "var": 4.04785805586e-06
    },
    "spectral_rolloff": {
        "dmean": 39.908203125,
        "dmean2": 70.0188751221,
        "dvar": 9121.40917969,
        "dvar2": 22982.1386719,
        "max": 1076.66015625,
        "mean": 666.859680176,
        "median": 710.595703125,
        "min": 387.59765625,
        "var": 18828.4550781
    },
    "spectral_skewness": {
        "dmean": 0.979426443577,
        "dmean2": 1.46918106079,
        "dvar": 0.903035342693,
        "dvar2": 1.76918339729,
        "max": 12.7738256454,
        "mean": 7.16356897354,
        "median": 6.81380939484,
        "min": 1.71906602383,
        "var": 4.34200048447
    },
    "spectral_spread": {
        "dmean": 348696.75,
        "dmean2": 529131.6875,
        "dvar": 515219062784,
        "dvar2": 526925692928,
        "max": 19058798,
        "mean": 1469048,
        "median": 1383855.375,
        "min": 323264.5625,
        "var": 999748796416
    },
    "spectral_strongpeak": {
        "dmean": 0.332727342844,
        "dmean2": 0.479464262724,
        "dvar": 0.364155769348,
        "dvar2": 0.620504021645,
        "max": 7.83556461334,
        "mean": 2.27791833878,
        "median": 1.24603664875,
        "min": 0.0242869015783,
        "var": 4.52898836136
    },
    "zerocrossingrate": {
        "dmean": 0.00148328987416,
        "dmean2": 0.0019063630607,
        "dvar": 4.56616726296e-06,
        "dvar2": 5.33594766239e-06,
        "max": 0.04541015625,
        "mean": 0.026195043698,
        "median": 0.02587890625,
        "min": 0.00439453125,
        "var": 4.40820513177e-05
    },
    "barkbands": {
        "dmean": [3.4450010844e-08, 4.47354182143e-07, 1.16040405373e-06, 1.39294979817e-06, 1.73843345692e-05, 0.00132725189906, 0.000464241253212, 0.000244387425482, 0.00188464997336, 0.000267738709226, 9.94640140561e-05, 1.93898249563e-05, 2.15364912037e-06, 1.72003240095e-06, 7.13383542461e-07, 2.61550042069e-07, 1.71699809925e-07, 1.39065122085e-07, 2.02508019242e-07, 1.41871851156e-07, 6.09247123862e-08, 4.45386056924e-08, 5.18965102003e-08, 4.89901346157e-08, 1.57971165038e-08, 1.3652816655e-08, 4.36299636419e-08],
        "dmean2": [5.88903716903e-08, 7.35348407943e-07, 1.92048469216e-06, 2.41094448938e-06, 2.79712421616e-05, 0.00226300139911, 0.00081624899758, 0.000391487614252, 0.00266411248595, 0.000457623624243, 0.000179515744094, 2.85065634671e-05, 3.94052403863e-06, 3.0318797144e-06, 1.19177991564e-06, 4.37322341895e-07, 2.99734352893e-07, 2.21696225822e-07, 3.25806809087e-07, 2.2396237398e-07, 9.7298148205e-08, 7.48101101067e-08, 9.07645869574e-08, 8.96495819802e-08, 2.41521362909e-08, 2.0124707234e-08, 6.66193713528e-08],
        "dvar": [2.58004558608e-14, 4.85266254263e-12, 5.4042183055e-12, 3.86866190125e-12, 7.63606511356e-10, 1.65158435266e-05, 3.6311578242e-06, 8.47551461902e-07, 2.69706852123e-05, 1.83980182555e-06, 2.85330884253e-07, 3.37692398489e-08, 1.48394282973e-10, 1.08020668799e-10, 4.08078432157e-12, 2.50021384889e-13, 3.17251867138e-13, 1.48463584634e-13, 1.91709690657e-12, 8.13012472015e-13, 2.68050199956e-14, 1.99627827154e-14, 1.1639840025e-13, 1.35285811958e-13, 1.78512998315e-15, 9.27405256641e-16, 3.14219661981e-15],
        "dvar2": [6.34321222393e-14, 1.16245017084e-11, 1.16623646504e-11, 1.09180624611e-11, 2.04206385135e-09, 4.41514675913e-05, 9.90124681266e-06, 2.05822971111e-06, 4.20709620812e-05, 5.03897217641e-06, 6.92351079579e-07, 7.18660828625e-08, 4.25392610026e-10, 3.11328657299e-10, 1.05197239808e-11, 6.30096506655e-13, 8.9751058148e-13, 3.57600017306e-13, 4.71312355463e-12, 1.7809103801e-12, 6.69256859133e-14, 5.3952756298e-14, 3.56694356126e-13, 4.19851843179e-13, 4.05290018668e-15, 1.76684635347e-15, 5.69288048641e-15],
        "max": [2.30696878134e-06, 4.82141331304e-05, 4.49747494713e-05, 3.3254866139e-05, 0.000348200264852, 0.064283028245, 0.0214088428766, 0.0115437405184, 0.0713459700346, 0.016958463937, 0.00778009882197, 0.0034433696419, 0.000178795176907, 0.000163762102602, 2.57928513747e-05, 5.46730188944e-06, 6.11795621808e-06, 5.44764679944e-06, 2.47099214903e-05, 1.62883698067e-05, 1.93040887098e-06, 1.66995118889e-06, 5.25255836692e-06, 5.66833978155e-06, 4.80527717173e-07, 4.37522260199e-07, 9.64807782111e-07],
        "mean": [4.00985946669e-08, 5.95280539528e-07, 1.60871377375e-06, 1.7567656414e-06, 7.27746009943e-05, 0.00294878520072, 0.000915501441341, 0.000549437128939, 0.0111903361976, 0.000345497188391, 0.000124208017951, 1.7084134015e-05, 2.57662668446e-06, 1.69764905422e-06, 1.22008157177e-06, 4.96593486332e-07, 2.3165293328e-07, 2.30992924344e-07, 2.36448016722e-07, 1.95958804738e-07, 1.07710150132e-07, 7.6764884227e-08, 7.16669887879e-08, 6.45997246806e-08, 4.4095230578e-08, 4.15572607437e-08, 3.09882750571e-07],
        "median": [1.45743070945e-08, 1.87834814369e-07, 9.64697505879e-07, 9.56330836743e-07, 4.69454862468e-05, 0.00200923811644, 0.000105366169009, 0.00016017651069, 0.00116996699944, 1.23660238387e-05, 1.02394633359e-05, 8.88828992629e-07, 9.25125334561e-07, 7.06045852894e-07, 5.7350212046e-07, 2.71349136938e-07, 1.40169845508e-07, 1.60417073403e-07, 1.03905954063e-07, 8.85574635845e-08, 6.72218902764e-08, 4.2821188373e-08, 3.30689502448e-08, 3.42106645235e-08, 3.35482255309e-08, 3.31952811905e-08, 2.62569841425e-07],
        "min": [1.22374020639e-11, 3.30928773273e-09, 3.05710368131e-09, 7.58164464543e-09, 3.07700418034e-07, 5.99992417847e-05, 1.7353926296e-06, 1.65580013345e-06, 3.43901433553e-06, 6.37175844531e-07, 2.69276398512e-07, 6.3778351489e-08, 6.67713635494e-08, 9.02493795252e-08, 6.62694503717e-08, 2.10860857663e-08, 2.07943706698e-08, 1.75261973823e-08, 1.05687201213e-08, 1.42177452034e-08, 9.99106930522e-09, 6.12810469036e-09, 3.88064824719e-09, 2.12636508401e-09, 2.34256614107e-09, 6.61188326312e-10, 1.23827010867e-08],
        "var": [3.28121556347e-14, 9.16599868922e-12, 8.29482749848e-12, 6.11364301198e-12, 4.51067894147e-09, 1.7889735318e-05, 5.02040438732e-06, 1.54344297698e-06, 0.000358502176823, 1.97462532014e-06, 3.89926185562e-07, 3.42158585909e-08, 9.77710898353e-11, 6.55357088042e-11, 6.62117799824e-12, 4.68808910963e-13, 2.22038479183e-13, 1.54066755013e-13, 1.57254721397e-12, 8.76559621329e-13, 3.32687165577e-14, 1.90651835953e-14, 6.94745368006e-14, 7.62257010983e-14, 2.41051706624e-15, 1.78534089436e-15, 4.28849257538e-14]
    },
    "erbbands": {
        "dmean": [1.4234401533e-05, 0.000111890665721, 0.000935873307753, 0.0028007698711, 0.00865201465786, 0.0470179878175, 0.69356828928, 14.2261819839, 12.2208900452, 5.51229906082, 5.25009012222, 48.7990837097, 17.4231014252, 7.6409907341, 3.47319173813, 0.447045862675, 0.111372813582, 0.0825878754258, 0.0581164546311, 0.0238691326231, 0.0130237145349, 0.00946091115475, 0.00733040831983, 0.00641533406451, 0.0127277243882, 0.00621302938089, 0.00296921725385, 0.00240297592245, 0.00175623036921, 0.00126605364494, 0.00162232189905, 0.0015550237149, 0.000487433484523, 0.000194789870875, 0.000115663613542, 5.47924100829e-05, 3.0120012525e-05, 4.53200373158e-05, 5.6201370171e-06, 3.84013674193e-06],
        "dmean2": [2.52791378443e-05, 0.000178356567631, 0.00159173668362, 0.00468042772263, 0.0146424360573, 0.0768295228481, 1.13908827305, 23.820476532, 21.859418869, 7.79096412659, 8.46394252777, 68.3976669312, 25.746219635, 12.8639917374, 6.17906236649, 0.70771676302, 0.201127573848, 0.145842269063, 0.100000962615, 0.0397306568921, 0.0223548337817, 0.0166542679071, 0.0117067787796, 0.0106547279283, 0.0200875997543, 0.00987406075001, 0.00464891223237, 0.00399374309927, 0.00296195922419, 0.00202583381906, 0.00290064769797, 0.00291333394125, 0.000843251531478, 0.000310764007736, 0.000178293383215, 8.39446656755e-05, 4.55254048575e-05, 7.28793820599e-05, 8.73454064276e-06, 5.90608578932e-06],
        "dvar": [9.75606262443e-09, 1.75753712028e-07, 3.0931407764e-06, 1.6171596144e-05, 0.000125043050502, 0.00636570202187, 1.91858112812, 1824.94799805, 2121.99707031, 502.245788574, 223.650527954, 17821.9296875, 2042.16064453, 1060.04956055, 514.307556152, 8.01523303986, 0.365562289953, 0.237919151783, 0.0337040759623, 0.00520808342844, 0.000760738854297, 0.0010208239546, 0.000429435633123, 0.000491436047014, 0.0109319938347, 0.00153143866919, 8.7645224994e-05, 6.11940558883e-05, 3.25223591062e-05, 1.41293994602e-05, 0.000150611856952, 0.000189867074369, 5.09602386956e-06, 2.21760942054e-07, 1.0821638341e-07, 1.82299082496e-08, 3.70109298764e-09, 3.43502781774e-09, 4.35690407363e-11, 5.54450582668e-11],
        "dvar2": [2.71697047083e-08, 3.6791044522e-07, 6.9318189162e-06, 3.5520093661e-05, 0.0003225398832, 0.0179021749645, 4.73163223267, 4741.09179688, 5957.46191406, 1102.62145996, 529.669067383, 27648.7167969, 3766.36376953, 2912.61230469, 1100.3815918, 14.3581819534, 1.01945304871, 0.681184351444, 0.0942649692297, 0.013834182173, 0.00208519585431, 0.00288018747233, 0.00105113268364, 0.00111334468238, 0.0260975509882, 0.00318733160384, 0.000205119300517, 0.000162484953762, 8.8455301011e-05, 3.64717961929e-05, 0.000464244832983, 0.000587305403315, 1.53800428961e-05, 5.08705738866e-07, 2.60378186567e-07, 3.45970043725e-08, 7.23622051169e-09, 7.61739915589e-09, 8.46379771824e-11, 1.20269988413e-10],
        "max": [0.00180072616786, 0.00982392951846, 0.0341918505728, 0.0694812089205, 0.118256404996, 0.997010469437, 20.5735111237, 677.163024902, 441.334594727, 340.193634033, 185.05279541, 1840.01098633, 550.974914551, 429.075866699, 362.639953613, 56.4609375, 9.01395511627, 7.73312044144, 2.30464148521, 1.04088437557, 0.324492186308, 0.337499856949, 0.277416557074, 0.286399871111, 1.9098457098, 0.708650946617, 0.14761659503, 0.111606441438, 0.0697419047356, 0.0459730140865, 0.189276769757, 0.212324544787, 0.0334814377129, 0.00555165437981, 0.00392651138827, 0.00213093776256, 0.000805645657238, 0.00090591085609, 9.98467803583e-05, 8.4685816546e-05],
        "mean": [1.65753717738e-05, 0.000166745419847, 0.00137578719296, 0.00441040145233, 0.0149883367121, 0.180776953697, 2.88868618011, 33.0012702942, 17.0914020538, 22.4543361664, 16.0324020386, 285.518341064, 93.0774841309, 12.6631212234, 5.68595647812, 0.627978384495, 0.139171749353, 0.0992850065231, 0.0762370526791, 0.0430707745254, 0.0243666693568, 0.0137845324352, 0.0126419905573, 0.0109418742359, 0.0138485673815, 0.0089746080339, 0.00512604927644, 0.00400807661936, 0.00289096520282, 0.00212793820538, 0.00211541587487, 0.00170580181293, 0.000880912237335, 0.000514268234838, 0.000315848388709, 0.000151851767441, 9.73116257228e-05, 0.000196951688849, 3.77050710085e-05, 2.26741976803e-05],
        "median": [5.5403420447e-06, 6.6933578637e-05, 0.000806679367088, 0.00285879475996, 0.0114442287013, 0.133861720562, 2.41575908661, 22.2705841064, 9.79939842224, 2.34626412392, 7.71220016479, 19.9980354309, 21.7417907715, 1.82015359402, 0.79473555088, 0.116030909121, 0.0535538159311, 0.0454581677914, 0.0400468148291, 0.0214819610119, 0.0150330364704, 0.00861976388842, 0.00886565353721, 0.00683352118358, 0.00517892139032, 0.00420404737815, 0.00305812899023, 0.00233377283439, 0.00157195783686, 0.00125907897018, 0.000938059878536, 0.000741597963497, 0.000559284177143, 0.000396228715545, 0.000248532916885, 0.000116325936688, 7.48510792619e-05, 0.000123396137496, 3.52230636054e-05, 1.33393541546e-05],
        "min": [5.38139090622e-07, 3.93829714085e-06, 2.55490340351e-05, 0.000163981909282, 0.000893938937224, 0.00597227783874, 0.0319513268769, 0.320230036974, 0.20348225534, 0.105252616107, 0.0299807470292, 0.0749843642116, 0.0690388604999, 0.035977575928, 0.0230288729072, 0.00464730616659, 0.00379079394042, 0.00657500140369, 0.00603153230622, 0.00354069820605, 0.00166055595037, 0.00143311661668, 0.0010336182313, 0.000990086002275, 0.000609684386291, 0.000603677355684, 0.000395167939132, 0.000354684103513, 0.000222869013669, 0.000156372741912, 0.000106485153083, 6.42466184217e-05, 5.29746284883e-05, 4.15556205553e-05, 1.84274085768e-05, 6.67165659252e-06, 5.27406518813e-06, 8.91341915121e-06, 1.8662851744e-06, 4.50581580935e-07],
        "var": [9.27525345418e-09, 4.72537891483e-07, 5.51042876396e-06, 3.47059249179e-05, 0.000215351989027, 0.0207697097212, 4.99229240417, 2191.58300781, 1483.78417969, 2964.29321289, 368.143676758, 242001.625, 20556.8515625, 1484.33056641, 961.50390625, 15.2371358871, 0.254088103771, 0.149151176214, 0.0245825536549, 0.00698295189068, 0.000966333842371, 0.000718384806532, 0.000435771682533, 0.000519359891769, 0.00943429023027, 0.00175508891698, 0.000103984399175, 5.83995933994e-05, 2.93954744848e-05, 1.47354958244e-05, 8.57531777001e-05, 0.000103425540146, 3.59067962563e-06, 3.25016173974e-07, 1.25472922718e-07, 3.05107157317e-08, 7.88551801634e-09, 3.90334236045e-08, 4.24800278287e-10, 4.40538966417e-10]
    },
    "gfcc": {
        "mean": [-248.48878479, 133.837158203, -100.490516663, -87.5784683228, -108.108543396, -49.5389480591, -26.7263870239, -1.88016819954, -8.16001987457, -8.05722808838, -11.1989049911, -0.776564776897, 5.89010429382],
        "cov": [[1030.4519043, -6.27398729324, -29.4494895935, -17.2283725739, -46.22706604, 74.4326019287, 97.4689254761, 83.0915908813, 12.1969747543, -90.7439498901, -69.945602417, -45.178062439, 29.340675354], [-6.27398729324, 242.235595703, -11.1536598206, -159.734634399, -2.52931475639, -29.8071956635, 12.7883253098, -37.2673797607, 11.5442390442, 13.7566995621, 47.0467987061, -7.89304351807, 4.83260345459], [-29.4494895935, -11.1536598206, 207.44052124, 123.902679443, 32.5387115479, -51.5617179871, -98.2318496704, -11.5888757706, -1.91317546368, 49.9546775818, 0.874483346939, 28.356508255, -18.1457157135], [-17.2283725739, -159.734634399, 123.902679443, 372.576202393, 71.3278274536, 0.119173720479, -122.456771851, -31.2696914673, -39.1620178223, 60.4153747559, 33.6493492126, 60.2530975342, -29.1804141998], [-46.22706604, -2.52931475639, 32.5387115479, 71.3278274536, 97.722328186, 30.8114089966, -29.5444355011, -25.7031059265, -17.8365306854, 17.4685745239, 1.83423018456, 13.4641599655, -9.54197788239], [74.4326019287, -29.8071956635, -51.5617179871, 0.119173720479, 30.8114089966, 140.713104248, 103.166625977, 21.4654045105, -38.367099762, -70.279914856, -30.4421100616, -7.59009456635, 12.4836130142], [97.4689254761, 12.7883253098, -98.2318496704, -122.456771851, -29.5444355011, 103.166625977, 202.860336304, 85.2100830078, -6.12537288666, -115.817955017, -68.5750427246, -49.3595733643, 34.4393501282], [83.0915908813, -37.2673797607, -11.5888757706, -31.2696914673, -25.7031059265, 21.4654045105, 85.2100830078, 104.324264526, 44.0488204956, -55.3869781494, -83.4044036865, -59.558139801, 15.9626655579], [12.1969747543, 11.5442390442, -1.91317546368, -39.1620178223, -17.8365306854, -38.367099762, -6.12537288666, 44.0488204956, 95.7877960205, 27.3857765198, -34.9057350159, -59.65026474, -8.79906368256], [-90.7439498901, 13.7566995621, 49.9546775818, 60.4153747559, 17.4685745239, -70.279914856, -115.817955017, -55.3869781494, 27.3857765198, 117.440551758, 75.6003646851, 29.754152298, -37.2926139832], [-69.945602417, 47.0467987061, 0.874483346939, 33.6493492126, 1.83423018456, -30.4421100616, -68.5750427246, -83.4044036865, -34.9057350159, 75.6003646851, 138.687164307, 81.0724334717, -32.3057670593], [-45.178062439, -7.89304351807, 28.356508255, 60.2530975342, 13.4641599655, -7.59009456635, -49.3595733643, -59.558139801, -59.65026474, 29.754152298, 81.0724334717, 99.7652587891, -2.18374705315], [29.340675354, 4.83260345459, -18.1457157135, -29.1804141998, -9.54197788239, 12.4836130142, 34.4393501282, 15.9626655579, -8.79906368256, -37.2926139832, -32.3057670593, -2.18374705315, 53.8787231445]],
        "icov": [[0.00114011578262, -0.000476641667774, 5.78888866585e-05, -0.000315720972139, 0.000836201710626, -0.000953661976382, 0.000688245519996, -0.000909787893761, -0.000229765850236, 0.000687028572429, -5.62071836612e-05, -3.46162778442e-05, -0.000128042156575], [-0.000476641667774, 0.011027853936, -0.00447554886341, 0.0051010036841, -0.00533329183236, 0.00336829433218, -0.00288976705633, 0.00517762405798, -0.00245431112126, 0.00447010854259, -0.0114848194644, 0.0079133938998, -0.00475837523118], [5.78888866585e-05, -0.00447554886341, 0.0102810394019, -0.00301680481061, 0.000836659979541, 0.000589597329963, 0.0037271452602, -0.00538190361112, 0.00335943954997, -0.0046065938659, 0.00932192057371, -0.0069682826288, 0.0040893740952], [-0.000315720972139, 0.0051010036841, -0.00301680481061, 0.007790714968, -0.00394577533007, -0.00150470435619, 0.0039198496379, -0.00339376297779, 0.00239184987731, 0.000239319706452, -0.00554962130263, 0.0025777942501, -0.00159929587971], [0.000836201710626, -0.00533329183236, 0.000836659979541, -0.00394577533007, 0.0197588279843, -0.00894650071859, 0.00221067061648, 0.00261073349975, 0.00187487667426, -0.00772659853101, 0.0118831796572, -0.00474886456504, 0.00344427325763], [-0.000953661976382, 0.00336829433218, 0.000589597329963, -0.00150470435619, -0.00894650071859, 0.0215007551014, -0.0134853413329, 0.007558808662, 0.00111995078623, 0.00467325281352, -0.00124029244762, 0.0015903954627, 0.0021534326952], [0.000688245519996, -0.00288976705633, 0.0037271452602, 0.0039198496379, 0.00221067061648, -0.0134853413329, 0.0298771243542, -0.0214525796473, 0.00463371537626, 0.0105751398951, -0.00781457126141, 0.00322057399899, -0.00244174757972], [-0.000909787893761, 0.00517762405798, -0.00538190361112, -0.00339376297779, 0.00261073349975, 0.007558808662, -0.0214525796473, 0.0459585040808, -0.019865822047, 0.00671080313623, 0.010014298372, -0.00133934791666, 0.00253872037865], [-0.000229765850236, -0.00245431112126, 0.00335943954997, 0.00239184987731, 0.00187487667426, 0.00111995078623, 0.00463371537626, -0.019865822047, 0.0385445766151, -0.022413957864, 0.00470318412408, 0.0134745528921, -8.46116163302e-05], [0.000687028572429, 0.00447010854259, -0.0046065938659, 0.000239319706452, -0.00772659853101, 0.00467325281352, 0.0105751398951, 0.00671080313623, -0.022413957864, 0.0489549227059, -0.0262001808733, 0.0057851257734, 0.00135295675136], [-5.62071836612e-05, -0.0114848194644, 0.00932192057371, -0.00554962130263, 0.0118831796572, -0.00124029244762, -0.00781457126141, 0.010014298372, 0.00470318412408, -0.0262001808733, 0.051861397922, -0.030940245837, 0.0180901940912], [-3.46162778442e-05, 0.0079133938998, -0.0069682826288, 0.0025777942501, -0.00474886456504, 0.0015903954627, 0.00322057399899, -0.00133934791666, 0.0134745528921, 0.0057851257734, -0.030940245837, 0.0437573753297, -0.0150864711031], [-0.000128042156575, -0.00475837523118, 0.0040893740952, -0.00159929587971, 0.00344427325763, 0.0021534326952, -0.00244174757972, 0.00253872037865, -8.46116163302e-05, 0.00135295675136, 0.0180901940912, -0.0150864711031, 0.0316455550492]]
    },
    "melbands": {
        "dmean": [1.2216030143e-07, 3.70356730173e-07, 5.92625724494e-07, 1.06333175154e-06, 1.49752704601e-05, 0.000311891664751, 0.000169871214894, 5.92020478507e-05, 4.26544247603e-05, 0.000342190265656, 8.71061056387e-05, 3.49691836163e-05, 1.34125966724e-05, 2.97219003187e-06, 4.12870861055e-07, 1.59469067285e-07, 1.60404013627e-07, 1.05976845077e-07, 5.14126909934e-08, 2.11280575257e-08, 1.42868810116e-08, 1.0715918819e-08, 7.70035590847e-09, 6.94144830504e-09, 5.18238563174e-09, 9.44562117411e-09, 7.01144031723e-09, 3.8789975676e-09, 2.17020890148e-09, 1.4730141551e-09, 1.36893696379e-09, 1.07892039747e-09, 7.96550658766e-10, 6.84275025531e-10, 8.42913183696e-10, 1.25171750742e-09, 8.35387925502e-10, 3.74865166686e-10, 2.25058596759e-10, 1.57575480442e-10],
        "dmean2": [2.04616796395e-07, 6.10556355696e-07, 1.0219904425e-06, 1.83996360192e-06, 2.43910635618e-05, 0.000530323071871, 0.000301803578623, 8.55772159412e-05, 7.04536141711e-05, 0.000477939582197, 0.000129537787871, 5.91960233578e-05, 2.38397642534e-05, 4.56454290543e-06, 7.37302229936e-07, 2.78448567315e-07, 2.86461528276e-07, 1.83580908697e-07, 8.42649043875e-08, 3.5035178314e-08, 2.47874449855e-08, 1.90613498319e-08, 1.26807959688e-08, 1.12178542011e-08, 8.46239878172e-09, 1.53321977336e-08, 1.15432010617e-08, 6.10906480958e-09, 3.46242789995e-09, 2.42818587459e-09, 2.24484586475e-09, 1.82734660736e-09, 1.3037437796e-09, 1.10288900235e-09, 1.49345558142e-09, 2.35426389494e-09, 1.56182788924e-09, 6.41688147063e-10, 3.78913483923e-10, 2.48313286599e-10],
        "dvar": [5.26441629005e-13, 5.99205201516e-13, 6.2841209016e-13, 3.6507411677e-12, 6.23374851738e-10, 9.14780230232e-07, 3.77766014026e-07, 5.93684461592e-08, 1.64885989307e-08, 9.1418962711e-07, 5.16036529064e-08, 2.54874699124e-08, 5.99836180726e-09, 6.58746945881e-10, 1.20529888153e-11, 2.85671443098e-13, 1.1451628491e-12, 1.30963870391e-13, 2.79834986292e-14, 1.97883392445e-15, 9.89639520133e-16, 1.24122958717e-15, 4.59701932892e-16, 3.76983792227e-16, 2.68971633101e-16, 5.43742466688e-15, 2.68012405346e-15, 5.14129887802e-16, 5.01609569554e-17, 1.34653795426e-17, 2.16109223379e-17, 1.2092397865e-17, 5.54375784789e-18, 3.78203850544e-18, 3.08852035371e-17, 1.30794420497e-16, 4.90442498936e-17, 2.75480033263e-18, 3.28684016259e-19, 1.21515675417e-19],
        "dvar2": [1.34084182559e-12, 1.26036865406e-12, 1.36823766293e-12, 1.00759851851e-11, 1.45573819665e-09, 2.42638134296e-06, 1.05916865323e-06, 1.3368706675e-07, 3.60502099284e-08, 1.41764087402e-06, 1.02040324634e-07, 6.99396451864e-08, 1.40268312521e-08, 1.10617259796e-09, 3.32660600455e-11, 7.64229120525e-13, 3.27754858843e-12, 3.72208801324e-13, 7.03549292934e-14, 4.93445565577e-15, 2.78524190101e-15, 3.54004079536e-15, 1.19023396858e-15, 9.37884536506e-16, 6.9475304636e-16, 1.34907013742e-14, 5.3096912514e-15, 1.22636924114e-15, 1.21201415027e-16, 3.4759088869e-17, 5.6891662734e-17, 3.32409146599e-17, 1.46216465173e-17, 9.59717363279e-18, 9.50699721482e-17, 4.04313019103e-16, 1.51254408693e-16, 8.35505771828e-18, 8.62005640125e-19, 2.53858679764e-19],
        "max": [1.49217557919e-05, 1.69634440681e-05, 1.39424646477e-05, 2.29867000598e-05, 0.000265203940216, 0.0147722074762, 0.00626318063587, 0.00373115879484, 0.00137180229649, 0.0131422998384, 0.00255935662426, 0.00200783205219, 0.00117250066251, 0.00054876570357, 5.73629149585e-05, 7.0005080488e-06, 1.7193822714e-05, 4.68821417599e-06, 2.14380452235e-06, 6.09113385508e-07, 3.74932341174e-07, 3.65879827768e-07, 2.26549531135e-07, 2.73404623385e-07, 2.00536348416e-07, 1.31682634219e-06, 9.40375343816e-07, 4.13483348893e-07, 1.1205052175e-07, 3.6534082426e-08, 6.96747761708e-08, 4.40938308088e-08, 2.28302070582e-08, 2.50074503327e-08, 8.51423109793e-08, 1.75931432977e-07, 1.08216298145e-07, 2.39981297057e-08, 6.08126127233e-09, 4.83201123558e-09],
        "mean": [1.55098490495e-07, 5.4804706906e-07, 9.5345757245e-07, 1.73356420419e-06, 6.59569486743e-05, 0.000685918552335, 0.000265838607447, 0.000217389620957, 6.79208824295e-05, 0.00203393981792, 0.000436546310084, 4.56099769508e-05, 1.8897384507e-05, 4.15282192989e-06, 3.47412139945e-07, 2.51644962646e-07, 1.66497358123e-07, 1.20549671578e-07, 9.36722059919e-08, 3.85124963032e-08, 2.40136692753e-08, 1.40688758421e-08, 1.13613136676e-08, 1.12750608849e-08, 8.26249912933e-09, 9.84098047496e-09, 8.79619044269e-09, 5.31442134744e-09, 3.37735239775e-09, 2.56055443515e-09, 2.19130624757e-09, 1.67632463466e-09, 1.31757726951e-09, 1.10802389486e-09, 1.16654252924e-09, 1.2693953666e-09, 9.35453381423e-10, 6.27453922153e-10, 4.85108897497e-10, 4.04261624176e-10],
        "median": [4.71347689768e-08, 3.06547661921e-07, 6.16541001364e-07, 1.27281623463e-06, 5.31009936822e-05, 0.00046557513997, 0.000148713224917, 1.74634405994e-05, 3.60267113138e-05, 0.000163422941114, 0.000104674370959, 1.52106190399e-06, 1.36996436595e-06, 1.62735346976e-07, 7.12453811502e-08, 9.61430686175e-08, 7.02299871591e-08, 6.16870892145e-08, 3.49864315297e-08, 1.97197635998e-08, 1.56406070317e-08, 8.37067037907e-09, 6.913899675e-09, 7.93937449117e-09, 5.04817432301e-09, 3.70138630856e-09, 3.21810667003e-09, 2.55160981233e-09, 1.87392812379e-09, 1.60988034015e-09, 1.19276444277e-09, 8.90110873897e-10, 7.61929408455e-10, 6.19587714468e-10, 5.57066448525e-10, 4.8391274321e-10, 4.34116104175e-10, 3.89741405815e-10, 3.43475609066e-10, 3.13303771815e-10],
        "min": [7.68050401057e-10, 4.95920193799e-09, 3.24332205537e-08, 2.80048730872e-08, 7.97734628577e-07, 7.64225751482e-06, 3.55309430233e-06, 5.7135730458e-07, 1.84500436262e-07, 5.35874789875e-07, 2.29458919421e-07, 7.48377999571e-08, 3.69348462925e-08, 1.21723537916e-08, 5.30958521594e-09, 9.06999986228e-09, 9.45563805033e-09, 7.84118281416e-09, 4.99633046047e-09, 2.4453705727e-09, 1.27330379573e-09, 1.17180376513e-09, 1.03854413958e-09, 7.568724536e-10, 7.97563348698e-10, 3.27845084414e-10, 3.52256307456e-10, 3.05080904983e-10, 2.28339860908e-10, 2.23054338888e-10, 1.74095390881e-10, 1.12187266421e-10, 8.6147283751e-11, 7.08738345789e-11, 5.41133353404e-11, 4.13819499501e-11, 2.61125426837e-11, 2.7188666249e-11, 2.55412982431e-11, 2.81269972591e-11],
        "var": [7.54471788864e-13, 1.29960853277e-12, 1.5174734299e-12, 3.69304023126e-12, 2.67400213083e-09, 1.00297722838e-06, 2.77423538364e-07, 2.85279753598e-07, 1.94039788681e-08, 1.22939300127e-05, 4.41951982566e-07, 3.29460903004e-08, 9.26098042697e-09, 1.32805166864e-09, 7.91131309769e-12, 3.31233304673e-13, 7.1070249295e-13, 8.43430617774e-14, 5.74133636141e-14, 3.59911753178e-15, 9.6077634306e-16, 8.51272611853e-16, 4.20040726868e-16, 3.64276312785e-16, 2.46629842098e-16, 4.34041535623e-15, 3.07233270705e-15, 5.06055705051e-16, 5.39141169313e-17, 1.68627451488e-17, 2.00582828215e-17, 1.06669903072e-17, 5.41505061252e-18, 4.06289113882e-18, 1.82610277999e-17, 7.07580619192e-17, 2.69594341284e-17, 1.9417754687e-18, 3.82101866802e-19, 1.99285374227e-19]
    },
    "mfcc": {
        "mean": [-912.088562012, 192.90423584, 20.9127960205, -38.6774368286, -55.7914390564, -54.61145401, -37.2132720947, -18.6493873596, -4.33560848236, 0.771224796772, -6.57706308365, -12.5169010162, -8.76212024689],
        "cov": [[695.445922852, 156.828857422, -139.330612183, 52.4847335815, -51.5387802124, 12.7238798141, 49.5047264099, 53.8479003906, 23.1399669647, 14.2429094315, -21.8408489227, 0.736432671547, -2.42742800713], [156.828857422, 265.247772217, 2.53369998932, -109.664901733, -36.9114074707, -25.1681919098, -2.79673242569, -28.7293872833, -19.4746627808, -25.3512153625, -8.29558563232, 6.18632221222, 21.8078746796], [-139.330612183, 2.53369998932, 129.594268799, 46.4732475281, 32.4968757629, -1.54012644291, -24.3199176788, -24.8178882599, -23.799697876, -12.0523614883, 11.1544628143, 20.5546989441, 11.8442392349], [52.4847335815, -109.664901733, 46.4732475281, 257.769226074, 109.849021912, 16.1389331818, -13.6936979294, -19.5288257599, -3.78441023827, 7.14012384415, -0.0436252132058, 15.3435678482, 11.8194694519], [-51.5387802124, -36.9114074707, 32.4968757629, 109.849021912, 125.567260742, 44.429058075, -19.9395580292, -32.684677124, -12.2185468674, 4.11613702774, 0.897972464561, 2.9715294838, 7.07997894287], [12.7238798141, -25.1681919098, -1.54012644291, 16.1389331818, 44.429058075, 87.862953186, 59.2950401306, 21.3631801605, -13.2691583633, -20.3385696411, -18.9090080261, -0.316226869822, 14.8467884064], [49.5047264099, -2.79673242569, -24.3199176788, -13.6936979294, -19.9395580292, 59.2950401306, 120.860305786, 85.3786468506, 5.19318342209, -32.334602356, -41.3638877869, -15.5860729218, 8.92890167236], [53.8479003906, -28.7293872833, -24.8178882599, -19.5288257599, -32.684677124, 21.3631801605, 85.3786468506, 128.777832031, 75.7534866333, 25.3038063049, -23.0768814087, -43.8646583557, -58.5083732605], [23.1399669647, -19.4746627808, -23.799697876, -3.78441023827, -12.2185468674, -13.2691583633, 5.19318342209, 75.7534866333, 137.583236694, 109.278656006, 10.0186004639, -68.7375640869, -115.80065918], [14.2429094315, -25.3512153625, -12.0523614883, 7.14012384415, 4.11613702774, -20.3385696411, -32.334602356, 25.3038063049, 109.278656006, 143.024993896, 44.0657997131, -60.1240348816, -122.022758484], [-21.8408489227, -8.29558563232, 11.1544628143, -0.0436252132058, 0.897972464561, -18.9090080261, -41.3638877869, -23.0768814087, 10.0186004639, 44.0657997131, 58.7203178406, 22.7431049347, -22.7296848297], [0.736432671547, 6.18632221222, 20.5546989441, 15.3435678482, 2.9715294838, -0.316226869822, -15.5860729218, -43.8646583557, -68.7375640869, -60.1240348816, 22.7431049347, 97.2609863281, 100.465988159], [-2.42742800713, 21.8078746796, 11.8442392349, 11.8194694519, 7.07997894287, 14.8467884064, 8.92890167236, -58.5083732605, -115.80065918, -122.022758484, -22.7296848297, 100.465988159, 192.431472778]],
