{
"lowlevel": {
    "average_loudness": 0.958789110184,
    "barkbands_crest": {
        "dmean": 1.55840623379,
        "dmean2": 2.67927932739,
        "dvar": 4.34880495071,
        "dvar2": 12.1690807343,
        "max": 25.2685985565,
        "mean": 16.6902503967,
        "median": 17.1913261414,
        "min": 8.39604187012,
        "var": 10.6252355576
    },
    "barkbands_flatness_db": {
        "dmean": 0.0176028516144,
        "dmean2": 0.0285722948611,
        "dvar": 0.000450025167083,
        "dvar2": 0.000963946571574,
        "max": 0.327674567699,
        "mean": 0.140111461282,
        "median": 0.133379921317,
        "min": 0.0998547375202,
        "var": 0.00103804771788
    },
    "barkbands_kurtosis": {
        "dmean": 1.67235815525,
        "dmean2": 2.78489613533,
        "dvar": 18.4496021271,
        "dvar2": 51.5360183716,
        "max": 48.4192771912,
        "mean": 1.22239434719,
        "median": -0.180794000626,
        "min": -1.92036771774,
        "var": 20.5194263458
    },
    "barkbands_skewness": {
        "dmean": 0.461341828108,
        "dmean2": 0.645641922951,
        "dvar": 0.513198494911,
        "dvar2": 0.933862686157,
        "max": 6.91003417969,
        "mean": -0.954393565655,
        "median": -1.1592001915,
        "min": -4.14514684677,
        "var": 2.02179527283
    },
    "barkbands_spread": {
        "dmean": 9.15195274353,
        "dmean2": 15.2821960449,
        "dvar": 140.954071045,
        "dvar2": 395.657440186,
        "max": 98.2554550171,
        "mean": 60.1972198486,
        "median": 63.9880905151,
        "min": 7.19390821457,
        "var": 419.029876709
    },
    "dissonance": {
        "dmean": 0.0169860087335,
        "dmean2": 0.0268264319748,
        "dvar": 0.000481264403788,
        "dvar2": 0.00119510223158,
        "max": 0.499164253473,
        "mean": 0.454862445593,
        "median": 0.462132692337,
        "min": 0.319566845894,
        "var": 0.000955919735134
    },
    "dynamic_complexity": 1.94382941723,
    "erbbands_crest": {
        "dmean": 2.22884607315,
        "dmean2": 3.3246524334,
        "dvar": 8.91365623474,
        "dvar2": 15.4795541763,
        "max": 30.3546714783,
        "mean": 11.5624637604,
        "median": 10.9777984619,
        "min": 2.19818878174,
        "var": 39.1979141235
    },
    "erbbands_flatness_db": {
        "dmean": 0.0145122278482,
        "dmean2": 0.0214894339442,
        "dvar": 0.000554109807126,
        "dvar2": 0.000916411692742,
        "max": 0.312960207462,
        "mean": 0.0981095582247,
        "median": 0.0835115611553,
        "min": 0.0446412824094,
        "var": 0.00181948265526
    },
    "erbbands_kurtosis": {
        "dmean": 2.47883892059,
        "dmean2": 3.84276127815,
        "dvar": 88.2700424194,
        "dvar2": 207.376861572,
        "max": 114.726837158,
        "mean": 1.97293329239,
        "median": -0.859494447708,
        "min": -1.39142644405,
        "var": 101.272918701
    },
    "erbbands_skewness": {
        "dmean": 0.386658519506,
        "dmean2": 0.535688698292,
        "dvar": 0.612884223461,
        "dvar2": 1.04547679424,
        "max": 9.31653404236,
        "mean": 1.05073463917,
        "median": 0.641471505165,
        "min": -0.417966067791,
        "var": 1.70401740074
    },
    "erbbands_spread": {
        "dmean": 7.63213253021,
        "dmean2": 11.3310241699,
        "dvar": 94.3131942749,
        "dvar2": 146.810623169,
        "max": 99.1178894043,
        "mean": 67.4677581787,
        "median": 74.9877166748,
        "min": 3.08956027031,
        "var": 411.322967529
    },
    "hfc": {
        "dmean": 22.064207077,
        "dmean2": 37.138633728,
        "dvar": 497.285766602,
        "dvar2": 1186.33154297,
        "max": 374.598846436,
        "mean": 196.351715088,
        "median": 196.903274536,
        "min": 4.96097517014,
        "var": 639.611694336
    },
    "melbands_crest": {
        "dmean": 2.78262233734,
        "dmean2": 4.34131193161,
        "dvar": 8.96630382538,
        "dvar2": 18.5415554047,
        "max": 32.7544059753,
        "mean": 16.4705276489,
        "median": 15.3546333313,
        "min": 5.27542495728,
        "var": 40.6332893372
    },
    "melbands_flatness_db": {
        "dmean": 0.0224715005606,
        "dmean2": 0.0328620523214,
        "dvar": 0.00111515005119,
        "dvar2": 0.00174778851215,
        "max": 0.423583030701,
        "mean": 0.12470009923,
        "median": 0.110446937382,
        "min": 0.0163581650704,
        "var": 0.00495993671939
    },
    "melbands_kurtosis": {
        "dmean": 14.9291648865,
        "dmean2": 21.7820854187,
        "dvar": 2147.89477539,
        "dvar2": 3452.08349609,
        "max": 566.29309082,
        "mean": 25.429599762,
        "median": 9.77918338776,
        "min": -0.829169511795,
        "var": 3617.39257812
    },
    "melbands_skewness": {
        "dmean": 0.77829015255,
        "dmean2": 1.12033927441,
        "dvar": 2.14599490166,
        "dvar2": 3.15491008759,
        "max": 19.5905456543,
        "mean": 3.43438267708,
        "median": 2.84331774712,
        "min": 0.585529088974,
        "var": 5.62070703506
    },
    "melbands_spread": {
        "dmean": 7.26430606842,
        "dmean2": 11.4920253754,
        "dvar": 89.3676452637,
        "dvar2": 182.922836304,
        "max": 115.94984436,
        "mean": 37.8542709351,
        "median": 34.6860771179,
        "min": 0.611867666245,
        "var": 629.347839355
    },
    "pitch_salience": {
        "dmean": 0.0464955493808,
        "dmean2": 0.0719211399555,
        "dvar": 0.00602862844244,
        "dvar2": 0.0106326993555,
        "max": 0.866280138493,
        "mean": 0.689648509026,
        "median": 0.722846508026,
        "min": 0.110672779381,
        "var": 0.0137190688401
    },
    "silence_rate_20dB": {
        "dmean": 0,
        "dmean2": 0,
        "dvar": 0,
        "dvar2": 0,
        "max": 1,
        "mean": 1,
        "median": 1,
        "min": 1,
        "var": 0
    },
    "silence_rate_30dB": {
        "dmean": 0.0148148145527,
        "dmean2": 0.0297397766262,
        "dvar": 0.0145953278989,
        "dvar2": 0.0288553722203,
        "max": 1,
        "mean": 0.981549799442,
        "median": 1,
        "min": 0,
        "var": 0.0181098096073
    },
    "silence_rate_60dB": {
        "dmean": 0,
        "dmean2": 0,
        "dvar": 0,
        "dvar2": 0,
        "max": 0,
        "mean": 0,
        "median": 0,
        "min": 0,
        "var": 0
    },
    "spectral_centroid": {
        "dmean": 215.693786621,
        "dmean2": 347.327362061,
        "dvar": 68053.2734375,
        "dvar2": 126060.164062,
        "max": 3458.76391602,
        "mean": 1709.60131836,
        "median": 1690.6048584,
        "min": 394.421173096,
        "var": 450992.625
    },
    "spectral_complexity": {
        "dmean": 1.14074075222,
        "dmean2": 1.95167291164,
        "dvar": 1.02463555336,
        "dvar2": 2.38800024986,
        "max": 10,
        "mean": 4.18450164795,
        "median": 4,
        "min": 0,
        "var": 2.4973218441
    },
    "spectral_decrease": {
        "dmean": 1.95825355931e-09,
        "dmean2": 3.17135340211e-09,
        "dvar": 6.88889249024e-17,
        "dvar2": 1.80339627513e-16,
        "max": 2.36226660455e-09,
        "mean": -4.17545498177e-10,
        "median": 1.23839494215e-09,
        "min": -1.04085827957e-07,
        "var": 6.49120853627e-17
    },
    "spectral_energy": {
        "dmean": 0.00788271520287,
        "dmean2": 0.0125263780355,
        "dvar": 0.00106634758413,
        "dvar2": 0.0027886570897,
        "max": 0.426821470261,
        "mean": 0.0193855948746,
        "median": 0.0129288062453,
        "min": 0.000307423615595,
        "var": 0.00099948537536
    },
    "spectral_energyband_high": {
        "dmean": 0.000578782521188,
        "dmean2": 0.000974003050942,
        "dvar": 2.72611828223e-07,
        "dvar2": 6.09282039932e-07,
        "max": 0.00727451313287,
        "mean": 0.0058698868379,
        "median": 0.00588899385184,
        "min": 0.000160389216035,
        "var": 4.2108339926e-07
    },
    "spectral_energyband_low": {
        "dmean": 2.31925041589e-05,
        "dmean2": 4.14754722442e-05,
        "dvar": 3.5555924871e-10,
        "dvar2": 1.05817843377e-09,
        "max": 0.000130825865199,
        "mean": 3.89120141335e-05,
        "median": 3.52257120539e-05,
        "min": 3.69215649698e-06,
        "var": 4.1855680033e-10
    },
    "spectral_energyband_middle_high": {
        "dmean": 0.000131733890157,
        "dmean2": 0.000204017895157,
        "dvar": 8.61007265485e-08,
        "dvar2": 1.69704492237e-07,
        "max": 0.00383001612499,
        "mean": 0.000450290244771,
        "median": 0.00038299409789,
        "min": 8.19673550723e-06,
        "var": 1.12281441034e-07
    },
    "spectral_energyband_middle_low": {
        "dmean": 0.00715333176777,
        "dmean2": 0.0114347375929,
        "dvar": 0.00105869374238,
        "dvar2": 0.002778488677,
        "max": 0.413125962019,
        "mean": 0.00869939289987,
        "median": 0.00201067258604,
        "min": 3.15035649692e-05,
        "var": 0.000984884449281
    },
    "spectral_entropy": {
        "dmean": 0.138432383537,
        "dmean2": 0.193324625492,
        "dvar": 0.070242933929,
        "dvar2": 0.113631241024,
        "max": 9.04552459717,
        "mean": 8.39418506622,
        "median": 8.52854442596,
        "min": 5.81055259705,
        "var": 0.21374797821
    },
    "spectral_flux": {
        "dmean": 0.0138549217954,
        "dmean2": 0.0224608294666,
        "dvar": 0.00155342707876,
        "dvar2": 0.00385621632449,
        "max": 0.564946293831,
        "mean": 0.0816227197647,
        "median": 0.0692634135485,
        "min": 0.0588898137212,
        "var": 0.00212365738116
    },
    "spectral_kurtosis": {
        "dmean": 0.450195521116,
        "dmean2": 0.700556337833,
        "dvar": 0.447237461805,
        "dvar2": 1.01890337467,
        "max": 11.8610544205,
        "mean": 3.36314964294,
        "median": 3.14408731461,
        "min": 1.6874628067,
        "var": 0.8466168046
    },
    "spectral_rms": {
        "dmean": 0.000537691346835,
        "dmean2": 0.000787697033957,
        "dvar": 2.00257477445e-06,
        "dvar2": 4.40644271293e-06,
        "max": 0.0204061567783,
        "mean": 0.0039944536984,
        "median": 0.00355154462159,
        "min": 0.000547654519323,
        "var": 2.95712948173e-06
    },
    "spectral_rolloff": {
        "dmean": 987.974975586,
        "dmean2": 1790.85791016,
        "dvar": 12526325,
        "dvar2": 27957032,
        "max": 21748.5351562,
        "mean": 20268.5449219,
        "median": 21145.6054688,
        "min": 387.59765625,
        "var": 15152832
    },
    "spectral_skewness": {
        "dmean": 0.0925876125693,
        "dmean2": 0.141941681504,
        "dvar": 0.0141048450023,
        "dvar2": 0.0284512490034,
        "max": 3.12210321426,
        "mean": 1.65797305107,
        "median": 1.60486555099,
        "min": 1.42690968513,
        "var": 0.0371082909405
    },
    "spectral_spread": {
        "dmean": 670153.1875,
        "dmean2": 1044261.5625,
        "dvar": 708557340672,
        "dvar2": 1.03961683558e+12,
        "max": 23791176,
        "mean": 13026584,
        "median": 13158131,
        "min": 7275134,
        "var": 1.16567048192e+12
    },
    "spectral_strongpeak": {
        "dmean": 2.01259303093,
        "dmean2": 3.67746281624,
        "dvar": 13.8642053604,
        "dvar2": 42.7495117188,
        "max": 20.8407726288,
        "mean": 3.11095833778,
        "median": 1.13166582584,
        "min": 0.111666806042,
        "var": 18.7822437286
    },
    "zerocrossingrate": {
        "dmean": 0.0318558290601,
        "dmean2": 0.0366083867848,
        "dvar": 0.00271532335319,
        "dvar2": 0.00306276162155,
        "max": 0.77490234375,
        "mean": 0.60431021452,
        "median": 0.650390625,
        "min": 0.11279296875,
        "var": 0.0195472370833
    },
    "barkbands": {
        "dmean": [1.53199744091e-05, 1.35847412821e-05, 7.40986797609e-06, 1.18503457998e-05, 3.65522428183e-05, 0.00508545106277, 0.00207210867666, 0.000176319983439, 0.000632512615994, 7.01058670529e-05, 3.24565953633e-05, 1.12199213618e-05, 1.32224931804e-05, 2.43861322815e-05, 1.86481447599e-05, 1.63361164596e-05, 1.81654959306e-05, 1.0970033145e-05, 1.53961045726e-05, 1.37714150696e-05, 1.48384142449e-05, 1.65510955412e-05, 2.00716240215e-05, 2.40611989284e-05, 3.01384807244e-05, 7.33326160116e-05, 0.000680306286085],
        "dmean2": [2.77384515357e-05, 2.41401394305e-05, 1.32251152536e-05, 2.26289903367e-05, 6.0059275711e-05, 0.00824425462633, 0.00337049853988, 0.000295770412777, 0.000932429917157, 0.000104659055069, 5.21613801538e-05, 1.91013368749e-05, 2.29191919061e-05, 4.22116609116e-05, 3.27757988998e-05, 2.83305489575e-05, 3.05895518977e-05, 1.93868800125e-05, 2.66531205853e-05, 2.35942916333e-05, 2.57856045209e-05, 2.77720209851e-05, 3.5007691622e-05, 4.08393098041e-05, 5.1577539125e-05, 0.000129496591398, 0.00112889253069],
        "dvar": [2.1753913948e-10, 1.65982810829e-10, 4.95882154783e-11, 1.30720795299e-10, 2.03301664392e-09, 0.000494503823575, 0.000176045534317, 7.08128141014e-07, 4.71283283332e-06, 6.42246931193e-08, 1.56071120472e-08, 9.11812292337e-11, 2.27359575611e-10, 3.41265848913e-10, 2.87337792448e-10, 2.18740831004e-10, 1.91195559385e-10, 9.14828143794e-11, 1.61057708836e-10, 1.08407817445e-10, 1.39771028085e-10, 1.54777204942e-10, 2.57637300383e-10, 4.02388400378e-10, 5.58101731496e-10, 3.37135119821e-09, 3.39856086384e-07],
        "dvar2": [5.95815841109e-10, 4.72229866322e-10, 1.36531230766e-10, 3.85001780456e-10, 4.87716933506e-09, 0.00132338702679, 0.00043472085963, 1.87102159543e-06, 1.1723706848e-05, 1.18213499434e-07, 3.88011969221e-08, 2.49009340925e-10, 6.23698259705e-10, 9.54090473293e-10, 7.88420106979e-10, 6.2205324225e-10, 5.20055887243e-10, 2.49795573115e-10, 4.68923622154e-10, 3.33028465915e-10, 3.85614207232e-10, 4.40301461957e-10, 7.17665427086e-10, 1.07149644712e-09, 1.51363066525e-09, 8.73483685382e-09, 8.16174065221e-07],
        "max": [8.37812694954e-05, 7.63655552873e-05, 3.65125852113e-05, 6.26259570708e-05, 0.000418088224251, 0.237715005875, 0.171182066202, 0.0104306191206, 0.0289676245302, 0.00350914453156, 0.00183420826215, 6.1334358179e-05, 0.000156295544002, 0.000137936178362, 0.000115269678645, 0.000130939952214, 9.9892509752e-05, 7.09238593117e-05, 0.000106074658106, 9.64356586337e-05, 9.43402119447e-05, 0.000124920203234, 0.000171197811142, 0.000221895272261, 0.000288066250505, 0.000691008463036, 0.00765391020104],
        "mean": [1.50553069034e-05, 1.74639590114e-05, 7.9152177932e-06, 1.1297722267e-05, 0.000120294229419, 0.00496606621891, 0.00173511100002, 0.000222253787797, 0.00161146186292, 9.99293260975e-05, 4.39080722572e-05, 2.04980151466e-05, 2.1196774469e-05, 5.65028385608e-05, 4.14411333622e-05, 3.88073167414e-05, 4.37271337432e-05, 3.10502982757e-05, 4.36481423094e-05, 4.58220820292e-05, 5.0195496442e-05, 6.94807458785e-05, 8.42330555315e-05, 0.000138971416163, 0.000191405284568, 0.00046469407971, 0.00578613299876],
        "median": [9.34157378651e-06, 1.39623061841e-05, 5.35763456355e-06, 7.92821901996e-06, 8.58284984133e-05, 0.000422870449256, 4.96589818795e-05, 0.000103091566416, 0.000851969583891, 5.17924017913e-05, 2.03369509109e-05, 1.83683787327e-05, 1.79908183782e-05, 5.39657012268e-05, 3.72266404156e-05, 3.69642220903e-05, 4.07716725022e-05, 2.97648202832e-05, 4.26217739005e-05, 4.51435953437e-05, 4.81266069983e-05, 6.82671234244e-05, 8.34869570099e-05, 0.00013714855595, 0.000190138918697, 0.000466043944471, 0.00580991990864],
        "min": [5.86938142533e-08, 2.27237862305e-07, 3.70674797523e-08, 2.74899377928e-07, 3.0793685255e-06, 8.21743014967e-06, 7.54272491577e-07, 5.27764655089e-07, 5.29807266503e-06, 1.97259305423e-06, 7.49185232962e-07, 1.96505212102e-07, 2.0890466601e-07, 1.68690485225e-06, 6.02353907198e-07, 2.75900902125e-07, 9.37428467296e-07, 7.33630940886e-07, 9.4537114137e-07, 9.25348558667e-07, 2.41214888774e-06, 1.62308560903e-06, 2.15488444155e-06, 5.27304564457e-06, 4.10582924815e-06, 7.93391518528e-06, 0.000179962153197],
        "var": [2.22709392594e-10, 1.62846097718e-10, 5.13169715055e-11, 1.17458986981e-10, 1.0615412549e-08, 0.000446831661975, 0.000149347921251, 5.35304025107e-07, 6.50657511869e-06, 8.33736280015e-08, 1.5564857847e-08, 1.11801921887e-10, 2.33223051982e-10, 4.44226377905e-10, 3.24590659906e-10, 2.37521780022e-10, 2.83415624303e-10, 1.04635682063e-10, 1.99740987639e-10, 1.5702933398e-10, 1.78995027134e-10, 2.47465742342e-10, 3.30663108006e-10, 5.34462862856e-10, 8.51195391949e-10, 4.38057190522e-09, 5.37560993052e-07]
    },
    "erbbands": {
        "dmean": [0.000663292361423, 0.0026231140364, 0.00711760204285, 0.0247801467776, 0.029927348718, 0.112375810742, 2.7122323513, 55.880317688, 52.6514549255, 5.41087961197, 5.77252721786, 13.5676870346, 4.1986207962, 1.86611163616, 1.22921454906, 0.453768610954, 0.572929263115, 0.996978402138, 1.02844429016, 0.705284655094, 0.714018166065, 0.861801743507, 0.640837013721, 0.879633963108, 0.622701406479, 0.660726845264, 0.636038601398, 0.572247326374, 0.65876275301, 0.625767469406, 0.605721831322, 0.560394287109, 0.493509978056, 0.364809572697, 0.285283327103, 0.142370074987, 0.15979577601, 0.168286189437, 0.0888594090939, 0.0156526528299],
        "dmean2": [0.00115433905739, 0.00461558485404, 0.0126027725637, 0.0469436235726, 0.0530037693679, 0.177691072226, 4.42174053192, 90.8501663208, 88.0527954102, 8.64404678345, 9.37519741058, 19.8195991516, 5.8797249794, 2.80798196793, 2.03312349319, 0.76887768507, 0.977106690407, 1.7167699337, 1.74802565575, 1.2110632658, 1.22000694275, 1.45156824589, 1.13052093983, 1.53053474426, 1.07440137863, 1.1330075264, 1.10599136353, 1.00266456604, 1.11968314648, 1.07106173038, 1.05911791325, 0.976855635643, 0.843390464783, 0.639430940151, 0.483392983675, 0.240276798606, 0.275642722845, 0.291201114655, 0.150927335024, 0.0263228174299],
        "dvar": [3.78297613679e-07, 6.81299025018e-06, 4.51652267657e-05, 0.000587408896536, 0.000703196506947, 0.0276833120733, 79.5599441528, 54860.1796875, 104502.03125, 685.340942383, 782.212890625, 1794.12353516, 92.9990615845, 43.9156036377, 21.6570949554, 0.28981718421, 0.468227624893, 0.540281355381, 0.782736301422, 0.452814638615, 0.355408042669, 0.447710335255, 0.29172039032, 0.638844788074, 0.245482951403, 0.294062018394, 0.240884929895, 0.263116836548, 0.281401962042, 0.226500242949, 0.273085176945, 0.205975204706, 0.146765649319, 0.0763021111488, 0.0579581707716, 0.0129539612681, 0.0147919906303, 0.0186516325921, 0.00540947634727, 0.000166367331985],
        "dvar2": [1.07693381324e-06, 1.9652343326e-05, 0.000127242950839, 0.00175393081736, 0.00203164480627, 0.0641041174531, 181.579483032, 139099.515625, 271944.84375, 1327.45410156, 2041.18518066, 4401.45703125, 163.710983276, 83.4716033936, 56.1479263306, 0.780748724937, 1.26624035835, 1.60951352119, 2.20413684845, 1.32108616829, 0.996704995632, 1.23830354214, 0.784480273724, 1.96086466312, 0.66017973423, 0.887952029705, 0.618335068226, 0.791834592819, 0.831047356129, 0.618925452232, 0.781888008118, 0.573541581631, 0.390958309174, 0.205676913261, 0.171448498964, 0.0322920791805, 0.0408495552838, 0.0504982843995, 0.0136805661023, 0.000431059132097],
        "max": [0.00391755672172, 0.0138860531151, 0.039114780724, 0.150147005916, 0.18116620183, 1.68719530106, 96.2340087891, 2297.1027832, 4297.89355469, 355.771606445, 311.996887207, 569.577331543, 128.511886597, 78.2299346924, 66.8885498047, 6.1854557991, 7.96813678741, 5.22641849518, 6.53054523468, 5.88385391235, 4.5933432579, 5.60149240494, 4.21844816208, 5.77603673935, 3.87364149094, 5.05765342712, 4.07423591614, 3.80067157745, 4.42176628113, 4.19655132294, 5.30260753632, 4.97479343414, 3.79448628426, 3.00681352615, 2.32087755203, 1.27405202389, 1.37791836262, 1.53734529018, 0.883053839207, 0.152762159705],
        "mean": [0.000765623175539, 0.00307554728352, 0.00846197269857, 0.0257161725312, 0.0431818850338, 0.313513576984, 4.99169588089, 54.0543174744, 46.5465583801, 8.11197185516, 7.62638568878, 39.2580718994, 14.0574617386, 2.69798088074, 1.75746583939, 0.894659757614, 1.00642991066, 2.47052812576, 2.66064667702, 1.951613307, 2.11097764969, 2.28680038452, 1.83750224113, 2.19866538048, 1.97732782364, 2.19635915756, 2.08145546913, 2.06534981728, 2.4256644249, 2.4814260006, 2.43934011459, 2.60109853745, 2.4419863224, 1.88746035099, 1.5042501688, 0.848591029644, 0.952676892281, 1.07467162609, 0.629090964794, 0.114137865603],
        "median": [0.000545208284166, 0.00244941352867, 0.0063854153268, 0.018905820325, 0.0348823927343, 0.250186473131, 2.51191115379, 1.5377253294, 0.856689274311, 0.858910083771, 3.90794301033, 22.3281040192, 7.69405031204, 1.13823962212, 1.01956880093, 0.800751149654, 0.842630147934, 2.38921880722, 2.47402572632, 1.85779905319, 2.04587125778, 2.25422549248, 1.73716962337, 2.04924893379, 1.88720726967, 2.11709880829, 2.00088047981, 1.99955701828, 2.35003638268, 2.43219828606, 2.39237213135, 2.57507348061, 2.40382790565, 1.87531852722, 1.49854338169, 0.842954158783, 0.945162236691, 1.07458674908, 0.626319110394, 0.114868357778],
        "min": [3.12373849738e-05, 0.000163247896126, 0.000411102169892, 0.00148334365804, 0.00497975246981, 0.00985023938119, 0.0240172632039, 0.0576817952096, 0.0262196213007, 0.0105572687462, 0.0194218736142, 0.112698890269, 0.111325196922, 0.0395652353764, 0.023809954524, 0.0104228425771, 0.0126866484061, 0.0694899633527, 0.0473722368479, 0.0294989906251, 0.0208334829658, 0.0478071831167, 0.045325729996, 0.0631458163261, 0.0287735573947, 0.0424908734858, 0.110654704273, 0.0639911368489, 0.0479718148708, 0.0664812996984, 0.0706701800227, 0.0491738915443, 0.122381314635, 0.0578649640083, 0.0267795063555, 0.014368978329, 0.0181037299335, 0.0161286331713, 0.0168033260852, 0.00373228057288],
        "var": [4.10727665212e-07, 6.07312222201e-06, 4.74169719382e-05, 0.000506374111865, 0.000870950752869, 0.0713487491012, 88.4388961792, 52901.7460938, 87368.78125, 898.389282227, 617.755249023, 2980.34765625, 400.857177734, 58.3822593689, 19.1312160492, 0.279038667679, 0.489231020212, 0.721552312374, 0.985376894474, 0.478350371122, 0.427719175816, 0.648047447205, 0.351311266422, 0.668966174126, 0.333142071962, 0.381750017405, 0.351050376892, 0.278794586658, 0.396253436804, 0.340714693069, 0.31224963069, 0.275128930807, 0.205478385091, 0.113142065704, 0.0801654234529, 0.0178201757371, 0.0201767347753, 0.0265046078712, 0.0076570212841, 0.000259698688751]
    },
    "gfcc": {
        "mean": [-11.7905158997, -45.9117202759, -65.9082717896, -39.6002349854, -57.2922592163, -26.5765399933, -25.3932914734, -0.175525337458, -1.12490165234, -1.18600094318, -10.1660118103, -2.42290639877, 1.59683310986],
        "cov": [[350.311798096, 200.382369995, 19.7117099762, -116.439178467, -158.089904785, -135.824768066, -69.7449111938, -1.48763382435, 35.4212036133, 60.1949005127, 66.3804779053, 61.8622398376, 26.3439407349], [200.382369995, 236.426483154, 58.4178657532, -93.5102233887, -154.305938721, -138.423965454, -77.4340896606, -12.9171581268, 28.7749786377, 55.7206726074, 70.0867080688, 61.4656906128, 33.0962181091], [19.7117099762, 58.4178657532, 46.0760955811, 10.2052001953, -17.7389774323, -23.9634723663, -19.9467773438, -8.57165527344, 5.61900043488, 12.7237005234, 15.7702960968, 12.441532135, 8.14144229889], [-116.439178467, -93.5102233887, 10.2052001953, 100.099433899, 114.03062439, 83.1355209351, 34.3431167603, -6.64910078049, -23.0294036865, -31.863822937, -34.7753295898, -34.4889717102, -18.4939231873], [-158.089904785, -154.305938721, -17.7389774323, 114.03062439, 168.624603271, 136.516357422, 66.8777160645, 3.35046243668, -33.5245513916, -53.0797195435, -58.9022407532, -55.7941207886, -29.4233322144], [-135.824768066, -138.423965454, -23.9634723663, 83.1355209351, 136.516357422, 136.992599487, 83.965423584, 23.2493076324, -19.9583683014, -51.2235412598, -64.0190200806, -57.0567932129, -26.4007892609], [-69.7449111938, -77.4340896606, -19.9467773438, 34.3431167603, 66.8777160645, 83.965423584, 75.9548797607, 40.5165977478, 0.559962272644, -32.4594497681, -49.1303253174, -42.3392448425, -16.9927196503], [-1.48763382435, -12.9171581268, -8.57165527344, -6.64910078049, 3.35046243668, 23.2493076324, 40.5165977478, 50.9190292358, 29.0604000092, -1.24660527706, -17.5998706818, -17.9853286743, -7.1469540596], [35.4212036133, 28.7749786377, 5.61900043488, -23.0294036865, -33.5245513916, -19.9583683014, 0.559962272644, 29.0604000092, 46.454662323, 38.396697998, 23.4889411926, 9.16135787964, -3.86506533623], [60.1949005127, 55.7206726074, 12.7237005234, -31.863822937, -53.0797195435, -51.2235412598, -32.4594497681, -1.24660527706, 38.396697998, 69.0950775146, 63.6217880249, 35.6297035217, 0.444166094065], [66.3804779053, 70.0867080688, 15.7702960968, -34.7753295898, -58.9022407532, -64.0190200806, -49.1303253174, -17.5998706818, 23.4889411926, 63.6217880249, 85.2291946411, 61.3498535156, 13.1246128082], [61.8622398376, 61.4656906128, 12.441532135, -34.4889717102, -55.7941207886, -57.0567932129, -42.3392448425, -17.9853286743, 9.16135787964, 35.6297035217, 61.3498535156, 65.6811065674, 32.0487213135], [26.3439407349, 33.0962181091, 8.14144229889, -18.4939231873, -29.4233322144, -26.4007892609, -16.9927196503, -7.1469540596, -3.86506533623, 0.444166094065, 13.1246128082, 32.0487213135, 42.4909591675]],
        "icov": [[0.00708521017805, -0.00688273040578, 0.00559655809775, 0.000896508456208, -0.00118778878823, 0.000423190591391, 0.00219758437015, -0.0031627654098, 0.00232941843569, -0.00555517338216, 0.00733665097505, -0.00654857838526, 0.00301645766012], [-0.00688273040578, 0.0308062285185, -0.0387512519956, 0.0227064453065, -0.00294856750406, 0.0102571481839, -0.00592392869294, 0.00267055397853, -0.000402924633818, 0.0108261657879, -0.0167621709406, 0.0120675675571, -0.00408287672326], [0.00559655809775, -0.0387512519956, 0.0970139876008, -0.0758600905538, 0.0390219017863, -0.0196860786527, 0.0145979281515, -0.00530367484316, -0.00400320254266, -0.00881477631629, 0.010100656189, -0.00496264640242, -0.00480568874627], [0.000896508456208, 0.0227064453065, -0.0758600905538, 0.119299225509, -0.0901385396719, 0.0387347713113, -0.021485734731, 0.0249832700938, -0.0178718045354, 0.0101191382855, -0.00218766974285, 0.00297367735766, 0.00217813835479], [-0.00118778878823, -0.00294856750406, 0.0390219017863, -0.0901385396719, 0.130272641778, -0.0980267077684, 0.0518071204424, -0.0319130010903, 0.0351186804473, -0.00800777040422, -0.0106185041368, 0.00792241841555, 0.00155931548215], [0.000423190591391, 0.0102571481839, -0.0196860786527, 0.0387347713113, -0.0980267077684, 0.148282885551, -0.111584760249, 0.0562676042318, -0.0448206327856, 0.0268825367093, -0.00977808330208, 0.00605669757351, -0.00443423632532], [0.00219758437015, -0.00592392869294, 0.0145979281515, -0.021485734731, 0.0518071204424, -0.111584760249, 0.156384781003, -0.11175314337, 0.068323276937, -0.0402838177979, 0.0309434682131, -0.0144366053864, 0.00935737695545], [-0.0031627654098, 0.00267055397853, -0.00530367484316, 0.0249832700938, -0.0319130010903, 0.0562676042318, -0.11175314337, 0.163387909532, -0.136233001947, 0.0729858800769, -0.0330857373774, 0.0272155031562, -0.0160396639258], [0.00232941843569, -0.000402924633818, -0.00400320254266, -0.0178718045354, 0.0351186804473, -0.0448206327856, 0.068323276937, -0.136233001947, 0.181465357542, -0.118498817086, 0.0516682378948, -0.0307397320867, 0.0177084542811], [-0.00555517338216, 0.0108261657879, -0.00881477631629, 0.0101191382855, -0.00800777040422, 0.0268825367093, -0.0402838177979, 0.0729858800769, -0.118498817086, 0.157129883766, -0.120701573789, 0.0639935061336, -0.014977267012], [0.00733665097505, -0.0167621709406, 0.010100656189, -0.00218766974285, -0.0106185041368, -0.00977808330208, 0.0309434682131, -0.0330857373774, 0.0516682378948, -0.120701573789, 0.176254361868, -0.131544813514, 0.0497388467193], [-0.00654857838526, 0.0120675675571, -0.00496264640242, 0.00297367735766, 0.00792241841555, 0.00605669757351, -0.0144366053864, 0.0272155031562, -0.0307397320867, 0.0639935061336, -0.131544813514, 0.149734556675, -0.0708113536239], [0.00301645766012, -0.00408287672326, -0.00480568874627, 0.00217813835479, 0.00155931548215, -0.00443423632532, 0.00935737695545, -0.0160396639258, 0.0177084542811, -0.014977267012, 0.0497388467193, -0.0708113536239, 0.0658954828978]]
    },
    "melbands": {
        "dmean": [4.93102288601e-06, 3.41302438756e-06, 4.34267485616e-06, 2.43601812144e-06, 6.00740859227e-05, 0.00121360039338, 0.000707249972038, 4.14874593844e-05, 6.0836377088e-05, 8.82067106431e-05, 2.06645436265e-05, 8.35519676912e-06, 4.7442840696e-06, 1.41898078709e-06, 1.4741550558e-06, 1.15213458685e-06, 2.24291670747e-06, 1.7679950588e-06, 1.23848872136e-06, 1.36411517815e-06, 9.45348460846e-07, 1.16621356483e-06, 7.38641119824e-07, 5.25465111423e-07, 8.76339470324e-07, 4.9506564892e-07, 4.67568071372e-07, 5.36669688245e-07, 4.77847436287e-07, 3.977907852e-07, 4.12201956124e-07, 4.20267582513e-07, 3.87669018664e-07, 3.99933696826e-07, 4.20289239855e-07, 3.99051515387e-07, 4.20561036663e-07, 4.3245137249e-07, 3.9565512111e-07, 3.6486099475e-07],
        "dmean2": [8.66314712766e-06, 6.03439502811e-06, 8.21380945126e-06, 4.31489024777e-06, 9.46510117501e-05, 0.00198626588099, 0.00118926283903, 6.7004635639e-05, 9.94767178781e-05, 0.000127071747556, 2.872235018e-05, 1.27930870804e-05, 7.73103511165e-06, 2.40529584516e-06, 2.53228699876e-06, 1.95021857508e-06, 3.91772255171e-06, 2.98393706544e-06, 2.15026716432e-06, 2.36657297137e-06, 1.61354216743e-06, 1.97767099053e-06, 1.27827149754e-06, 9.36450987865e-07, 1.5326651237e-06, 8.41678797769e-07, 7.82142649314e-07, 9.32612636007e-07, 8.23635048164e-07, 6.82958386733e-07, 7.28030443042e-07, 7.15236524229e-07, 6.49521041396e-07, 6.95285280017e-07, 7.21011076621e-07, 6.83643236243e-07, 7.23025266325e-07, 7.52417008698e-07, 6.70051178986e-07, 6.39790016521e-07],
        "dvar": [1.90939659916e-11, 8.573503886e-12, 1.75734374969e-11, 6.23767227106e-12, 4.68025440625e-08, 2.93325665552e-05, 1.82639214472e-05, 5.31089021649e-08, 1.11329079289e-07, 6.12589090565e-08, 2.43837905423e-09, 1.03408737129e-09, 4.05593447717e-10, 1.71063011846e-12, 3.43417612056e-12, 1.27998197978e-12, 2.92634362922e-12, 2.20904154344e-12, 1.3412655318e-12, 1.95160229123e-12, 6.08545169551e-13, 8.20853151076e-13, 3.84535448188e-13, 2.31627840823e-13, 6.26839183858e-13, 1.69028094472e-13, 1.05056947571e-13, 1.9732102779e-13, 1.51979787804e-13, 8.98831315909e-14, 1.22614293935e-13, 1.10648117188e-13, 8.03635790184e-14, 9.12351723575e-14, 1.23618075411e-13, 9.19270356451e-14, 1.12712451677e-13, 1.13974124192e-13, 9.72797485469e-14, 8.15982752287e-14],
        "dvar2": [5.4080372125e-11, 2.38713337292e-11, 5.20393068915e-11, 1.83669763426e-11, 1.08393614084e-07, 7.65104196034e-05, 4.78177607874e-05, 1.36227967573e-07, 2.90433632699e-07, 1.44188902595e-07, 4.11893230634e-09, 1.97543115199e-09, 1.04113739852e-09, 4.47270692705e-12, 9.07055246885e-12, 3.57864952949e-12, 8.51408700486e-12, 6.18999643209e-12, 3.72197932197e-12, 5.81887706422e-12, 1.72087561215e-12, 2.28586420625e-12, 1.10286844761e-12, 6.11632435237e-13, 1.91132613209e-12, 4.87272602909e-13, 2.9698601434e-13, 6.12225222775e-13, 4.1395576203e-13, 2.48449806735e-13, 3.75697601284e-13, 3.2634084237e-13, 2.31243626678e-13, 2.41152584013e-13, 3.66175297549e-13, 2.88968610325e-13, 3.29324593854e-13, 3.16503415273e-13, 2.94163185564e-13, 2.2748922429e-13],
        "max": [2.79903324554e-05, 1.75879795279e-05, 2.44384955295e-05, 1.89834281628e-05, 0.00282341428101, 0.0596823357046, 0.0568201169372, 0.00314891175367, 0.00408539129421, 0.00309560494497, 0.00063564023003, 0.000352350645699, 0.00029122226988, 1.16133223855e-05, 1.87755158549e-05, 1.08991962406e-05, 1.18947318697e-05, 1.19965798149e-05, 9.33095998334e-06, 1.33744551931e-05, 5.87464501223e-06, 6.52053495287e-06, 4.33467175753e-06, 3.66147287423e-06, 5.53628524358e-06, 3.37034884978e-06, 2.65390713139e-06, 3.57277235707e-06, 3.24226539306e-06, 2.50725724982e-06, 2.57617671195e-06, 2.76493346973e-06, 2.55305985775e-06, 2.47709408541e-06, 3.08977541863e-06, 2.68124927061e-06, 3.22368214256e-06, 3.20273738907e-06, 3.05946423396e-06, 2.71895510195e-06],
        "mean": [6.57245800539e-06, 4.28780231232e-06, 4.88123441755e-06, 4.06825984101e-06, 0.000121981480333, 0.00119150197133, 0.000633607618511, 6.06941757724e-05, 6.4508181822e-05, 0.000270428747172, 6.54347095406e-05, 1.00764664239e-05, 6.35593141851e-06, 2.56960652223e-06, 2.27416171583e-06, 2.02929322768e-06, 5.26082521901e-06, 4.63221749669e-06, 2.79620212496e-06, 2.91740798275e-06, 2.49766549132e-06, 2.66092820311e-06, 1.7516247226e-06, 1.42901831168e-06, 1.89682634755e-06, 1.39825249335e-06, 1.35089112518e-06, 1.49930292537e-06, 1.34425954457e-06, 1.16439537123e-06, 1.21142568332e-06, 1.32700972699e-06, 1.39969847623e-06, 1.36801088502e-06, 1.36433709486e-06, 1.45988747136e-06, 1.65614551406e-06, 1.70386965692e-06, 1.66851668837e-06, 1.5430230178e-06],
        "median": [5.06598598804e-06, 3.5468515307e-06, 3.72185854758e-06, 3.44692989529e-06, 6.90208180458e-05, 4.431270645e-05, 1.33147968882e-05, 9.31469276111e-06, 1.9965804313e-05, 0.00015432946384, 3.38201025443e-05, 3.30935267812e-06, 2.99930843539e-06, 2.2974491003e-06, 1.78998845968e-06, 1.78082655111e-06, 5.0744647524e-06, 4.37704829892e-06, 2.60292335952e-06, 2.68219696409e-06, 2.34521166931e-06, 2.55187410403e-06, 1.59726778293e-06, 1.35753816721e-06, 1.75133868652e-06, 1.31612216592e-06, 1.2969888985e-06, 1.41767748119e-06, 1.25488520553e-06, 1.11823203497e-06, 1.1561530755e-06, 1.29062982523e-06, 1.35277207391e-06, 1.33385424306e-06, 1.32793161356e-06, 1.42687656535e-06, 1.63752520166e-06, 1.66374502442e-06, 1.67643270288e-06, 1.53055361807e-06],
        "min": [4.41237318682e-07, 2.94618160979e-07, 2.70803411695e-07, 4.97574319525e-07, 8.5036776909e-07, 1.59104547492e-06, 3.50305441543e-07, 1.0628156133e-07, 1.80567838015e-07, 8.06133868991e-07, 5.49983440123e-07, 1.59688596568e-07, 9.54118206664e-08, 2.13515356506e-08, 3.52008733273e-08, 2.0966028913e-08, 1.55269219704e-07, 9.11930726488e-08, 4.22196002603e-08, 2.73853597577e-08, 2.39115305334e-08, 4.40407319502e-08, 6.24758200729e-08, 3.03988478834e-08, 5.68908689047e-08, 2.30136532053e-08, 2.24537171079e-08, 2.49538043562e-08, 7.20809225641e-08, 6.58164225342e-08, 2.42983499987e-08, 2.30730901052e-08, 3.95534449638e-08, 3.40616850281e-08, 5.21487777405e-08, 2.14191828718e-08, 2.63933266353e-08, 1.05455249866e-07, 5.34491242377e-08, 4.8592585955e-08],
        "var": [2.11808088429e-11, 9.58535854856e-12, 1.58702027214e-11, 7.54233567962e-12, 5.00898238442e-08, 2.71404533123e-05, 1.52715947479e-05, 4.92978315947e-08, 8.95457361594e-08, 1.28917562847e-07, 9.69211644275e-09, 1.28192345628e-09, 3.71553565692e-10, 1.95590527281e-12, 3.38862705257e-12, 1.48302073746e-12, 3.66646166552e-12, 2.92279265027e-12, 1.48987896673e-12, 1.87163826104e-12, 7.46767394016e-13, 1.15230806667e-12, 4.606877488e-13, 2.53602206509e-13, 6.63063787903e-13, 2.22002741169e-13, 1.71995596476e-13, 2.4334443423e-13, 2.06226406937e-13, 1.34298686538e-13, 1.35143754369e-13, 1.5381806614e-13, 1.32936400061e-13, 1.37792162121e-13, 1.48711026674e-13, 1.26857725713e-13, 1.48063622452e-13, 1.5336743106e-13, 1.30669604369e-13, 1.13925335095e-13]
    },
    "mfcc": {
        "mean": [-693.282165527, 48.540599823, 13.1964950562, -10.6738481522, -13.2178707123, -21.4172668457, -18.7411384583, -8.07604885101, 3.26959252357, 6.69840431213, 0.20730343461, -5.5777053833, -5.67171812057],
        "cov": [[314.984649658, 171.013656616, 48.1624984741, -33.0851097107, -87.2580490112, -110.218696594, -100.723457336, -74.7796401978, -52.9637527466, -25.8444404602, 2.93693494797, 29.6955871582, 54.9675102234], [171.013656616, 214.882232666, 91.0505218506, -18.3657913208, -86.9274368286, -120.466941833, -109.254631042, -89.006652832, -61.5628318787, -37.0680389404, -2.8183324337, 26.3080368042, 50.5488052368], [48.1624984741, 91.0505218506, 67.453956604, 7.55960083008, -32.2688598633, -50.3008995056, -52.4348602295, -41.0179367065, -24.0179386139, -13.6283836365, 1.46088862419, 14.0558300018, 22.5117988586], [-33.0851097107, -18.3657913208, 7.55960083008, 32.4118690491, 28.2571125031, 20.6446552277, 11.2823839188, 3.28719997406, 1.03195691109, 0.637432098389, -0.601390302181, -0.358760565519, -5.30849075317], [-87.2580490112, -86.9274368286, -32.2688598633, 28.2571125031, 74.891418457, 74.3181304932, 58.3354148865, 39.2280731201, 21.5188007355, 12.2127037048, -1.40513420105, -9.00556564331, -22.0419044495], [-110.218696594, -120.466941833, -50.3008995056, 20.6446552277, 74.3181304932, 106.545249939, 87.6245117188, 59.1996307373, 36.6623802185, 19.9875259399, -1.84420323372, -19.1627807617, -34.5135688782], [-100.723457336, -109.254631042, -52.4348602295, 11.2823839188, 58.3354148865, 87.6245117188, 96.6762084961, 72.3705749512, 45.5901985168, 24.4306125641, -2.5710580349, -24.9993038177, -41.8938713074], [-74.7796401978, -89.006652832, -41.0179367065, 3.28719997406, 39.2280731201, 59.1996307373, 72.3705749512, 83.9558792114, 56.9183311462, 30.1123371124, -1.18001329899, -28.9170207977, -43.9857711792], [-52.9637527466, -61.5628318787, -24.0179386139, 1.03195691109, 21.5188007355, 36.6623802185, 45.5901985168, 56.9183311462, 62.2571754456, 38.8659133911, 7.79799175262, -19.9907302856, -36.8408432007], [-25.8444404602, -37.0680389404, -13.6283836365, 0.637432098389, 12.2127037048, 19.9875259399, 24.4306125641, 30.1123371124, 38.8659133911, 47.7779312134, 20.2494010925, -4.31060504913, -18.5573005676], [2.93693494797, -2.8183324337, 1.46088862419, -0.601390302181, -1.40513420105, -1.84420323372, -2.5710580349, -1.18001329899, 7.79799175262, 20.2494010925, 32.0988807678, 19.6123485565, 11.0119428635], [29.6955871582, 26.3080368042, 14.0558300018, -0.358760565519, -9.00556564331, -19.1627807617, -24.9993038177, -28.9170207977, -19.9907302856, -4.31060504913, 19.6123485565, 45.6179351807, 46.3944969177], [54.9675102234, 50.5488052368, 22.5117988586, -5.30849075317, -22.0419044495, -34.5135688782, -41.8938713074, -43.9857711792, -36.8408432007, -18.5573005676, 11.0119428635, 46.3944969177, 78.1635055542]],
