{
"lowlevel": {
    "average_loudness": 0.99068403244,
    "barkbands_crest": {
        "dmean": 2.48613595963,
        "dmean2": 3.7713599205,
        "dvar": 7.2819185257,
        "dvar2": 16.2805404663,
        "max": 25.1680164337,
        "mean": 16.4375228882,
        "median": 15.3458395004,
        "min": 7.88538455963,
        "var": 27.2294254303
    },
    "barkbands_flatness_db": {
        "dmean": 0.0316517539322,
        "dmean2": 0.0375666692853,
        "dvar": 0.00168005214073,
        "dvar2": 0.00171018473338,
        "max": 0.553703606129,
        "mean": 0.371677309275,
        "median": 0.38334825635,
        "min": 0.14556710422,
        "var": 0.00667603453621
    },
    "barkbands_kurtosis": {
        "dmean": 5.45911836624,
        "dmean2": 8.32867336273,
        "dvar": 37.2370529175,
        "dvar2": 85.3089294434,
        "max": 50.1807785034,
        "mean": 12.0917701721,
        "median": 8.70900535583,
        "min": 0.537710428238,
        "var": 115.584861755
    },
    "barkbands_skewness": {
        "dmean": 0.627572417259,
        "dmean2": 0.813072025776,
        "dvar": 0.523517251015,
        "dvar2": 1.07490217686,
        "max": 3.83467173576,
        "mean": -0.110890813172,
        "median": 0.026602730155,
        "min": -3.92597603798,
        "var": 3.43439745903
    },
    "barkbands_spread": {
        "dmean": 0.514269530773,
        "dmean2": 0.72380232811,
        "dvar": 0.511671602726,
        "dvar2": 0.768336594105,
        "max": 6.55883646011,
        "mean": 2.06293845177,
        "median": 1.82530140877,
        "min": 0.261289685965,
        "var": 1.65279603004
    },
    "dissonance": {
        "dmean": 0.0867456048727,
        "dmean2": 0.15395283699,
        "dvar": 0.00585443759337,
        "dvar2": 0.0144680477679,
        "max": 0.480226665735,
        "mean": 0.296646147966,
        "median": 0.289650022984,
        "min": 0.0834105983377,
        "var": 0.00818259641528
    },
    "dynamic_complexity": 4.07208299637,
    "erbbands_crest": {
        "dmean": 3.10524201393,
        "dmean2": 4.84369087219,
        "dvar": 12.4969358444,
        "dvar2": 30.6520004272,
        "max": 33.4729156494,
        "mean": 19.5790367126,
        "median": 17.7699756622,
        "min": 8.74315452576,
        "var": 50.7415771484
    },
    "erbbands_flatness_db": {
        "dmean": 0.0277137123048,
        "dmean2": 0.0320732407272,
        "dvar": 0.0014537407551,
        "dvar2": 0.00125590502284,
        "max": 0.578714549541,
        "mean": 0.415648669004,
        "median": 0.430681824684,
        "min": 0.19915086031,
        "var": 0.00755552062765
    },
    "erbbands_kurtosis": {
        "dmean": 3.86377859116,
        "dmean2": 5.9106502533,
        "dvar": 20.9108047485,
        "dvar2": 38.4288711548,
        "max": 42.4471702576,
        "mean": 9.75834941864,
        "median": 4.26905345917,
        "min": -1.27625954151,
        "var": 152.449462891
    },
    "erbbands_skewness": {
        "dmean": 0.538642168045,
        "dmean2": 0.716244637966,
        "dvar": 0.463134527206,
        "dvar2": 1.25915932655,
        "max": 4.01967382431,
        "mean": -0.557504594326,
        "median": -0.432233721018,
        "min": -4.26581907272,
        "var": 2.92924404144
    },
    "erbbands_spread": {
        "dmean": 1.2082722187,
        "dmean2": 1.57616615295,
        "dvar": 2.77405261993,
        "dvar2": 4.75178718567,
        "max": 20.3851490021,
        "mean": 3.91265487671,
        "median": 3.41549754143,
        "min": 0.464843064547,
        "var": 11.3555316925
    },
    "hfc": {
        "dmean": 4.03442907333,
        "dmean2": 6.14666843414,
        "dvar": 221.315063477,
        "dvar2": 547.745422363,
        "max": 112.735031128,
        "mean": 6.0445971489,
        "median": 2.69386410713,
        "min": 0.184259951115,
        "var": 189.42074585
    },
    "melbands_crest": {
        "dmean": 3.56607103348,
        "dmean2": 5.63616514206,
        "dvar": 14.4437866211,
        "dvar2": 29.7653694153,
        "max": 32.5494194031,
        "mean": 18.4738407135,
        "median": 17.0008602142,
        "min": 9.25592517853,
        "var": 55.6331367493
    },
    "melbands_flatness_db": {
        "dmean": 0.0327046141028,
        "dmean2": 0.0401892885566,
        "dvar": 0.00183997827116,
        "dvar2": 0.00182876666076,
        "max": 0.642695248127,
        "mean": 0.45316362381,
        "median": 0.469030052423,
        "min": 0.211919978261,
        "var": 0.00652802502736
    },
    "melbands_kurtosis": {
        "dmean": 3.10046195984,
        "dmean2": 4.70086574554,
        "dvar": 28.3930397034,
        "dvar2": 75.8963241577,
        "max": 39.1145706177,
        "mean": 4.06914520264,
        "median": 1.30310726166,
        "min": -1.09201681614,
        "var": 41.1963119507
    },
    "melbands_skewness": {
        "dmean": 0.632127165794,
        "dmean2": 0.918411076069,
        "dvar": 0.459419250488,
        "dvar2": 1.04680144787,
        "max": 4.46845245361,
        "mean": -0.326896727085,
        "median": -0.0354035161436,
        "min": -3.72428488731,
        "var": 2.93794131279
    },
    "melbands_spread": {
        "dmean": 0.819813072681,
        "dmean2": 1.22226071358,
        "dvar": 0.895141482353,
        "dvar2": 1.45697581768,
        "max": 8.44897174835,
        "mean": 3.94809937477,
        "median": 3.85378646851,
        "min": 0.587987482548,
        "var": 3.28237318993
    },
    "pitch_salience": {
        "dmean": 0.0876804813743,
        "dmean2": 0.126829057932,
        "dvar": 0.00874252058566,
        "dvar2": 0.0148420119658,
        "max": 0.826544046402,
        "mean": 0.405046284199,
        "median": 0.414185196161,
        "min": 0.130446985364,
        "var": 0.0215007588267
    },
    "silence_rate_20dB": {
        "dmean": 0,
        "dmean2": 0,
        "dvar": 0,
        "dvar2": 0,
        "max": 1,
        "mean": 1,
        "median": 1,
        "min": 1,
        "var": 0
    },
    "silence_rate_30dB": {
        "dmean": 0.0250000003725,
        "dmean2": 0.0506329126656,
        "dvar": 0.0243750158697,
        "dvar2": 0.0480692461133,
        "max": 1,
        "mean": 0.975308656693,
        "median": 1,
        "min": 0,
        "var": 0.0240816678852
    },
    "silence_rate_60dB": {
        "dmean": 0.0750000029802,
        "dmean2": 0.139240503311,
        "dvar": 0.0693749934435,
        "dvar2": 0.119852498174,
        "max": 1,
        "mean": 0.395061731339,
        "median": 0,
        "min": 0,
        "var": 0.23898793757
    },
    "spectral_centroid": {
        "dmean": 42.5365486145,
        "dmean2": 60.4637565613,
        "dvar": 1924.67163086,
        "dvar2": 3458.03710938,
        "max": 870.038879395,
        "mean": 624.218139648,
        "median": 604.580505371,
        "min": 375.744873047,
        "var": 16503.9042969
    },
    "spectral_complexity": {
        "dmean": 0.600000023842,
        "dmean2": 1.08860754967,
        "dvar": 0.740000128746,
        "dvar2": 1.49847722054,
        "max": 8,
        "mean": 5,
        "median": 5,
        "min": 1,
        "var": 1.55555558205
    },
    "spectral_decrease": {
        "dmean": 2.17337370323e-09,
        "dmean2": 3.40003514232e-09,
        "dvar": 7.97356979527e-17,
        "dvar2": 1.98282180851e-16,
        "max": -9.65501012473e-11,
        "mean": -2.65347299688e-09,
        "median": -1.09803721671e-09,
        "min": -6.76695961488e-08,
        "var": 6.51647658788e-17
    },
    "spectral_energy": {
        "dmean": 0.00856819562614,
        "dmean2": 0.0133889643475,
        "dvar": 0.00122836674564,
        "dvar2": 0.00305426330306,
        "max": 0.265625685453,
        "mean": 0.0105630559847,
        "median": 0.00437972648069,
        "min": 0.000381949153962,
        "var": 0.00100490637124
    },
    "spectral_energyband_high": {
        "dmean": 3.33322475399e-07,
        "dmean2": 3.82631071716e-07,
        "dvar": 3.9304202254e-12,
        "dvar2": 3.82815437336e-12,
        "max": 1.85276749107e-05,
        "mean": 7.22765435057e-07,
        "median": 4.49107034228e-07,
        "min": 1.54992918056e-07,
        "var": 4.02066791319e-12
    },
    "spectral_energyband_low": {
        "dmean": 6.0323947082e-07,
        "dmean2": 1.00776117051e-06,
        "dvar": 8.26394183119e-13,
        "dvar2": 1.52484058366e-12,
        "max": 7.54428720029e-06,
        "mean": 1.13713531391e-06,
        "median": 7.21569790585e-07,
        "min": 1.11846020445e-07,
        "var": 1.87437608837e-12
    },
    "spectral_energyband_middle_high": {
        "dmean": 0.000513370905537,
        "dmean2": 0.000578329898417,
        "dvar": 1.2079217413e-06,
        "dvar2": 1.32564889554e-06,
        "max": 0.015103681013,
        "mean": 0.00210753036663,
        "median": 9.00187369552e-05,
        "min": 3.5943628518e-06,
        "var": 1.90333066712e-05
    },
    "spectral_energyband_middle_low": {
        "dmean": 0.00817865692079,
        "dmean2": 0.0130078308284,
        "dvar": 0.00120886019431,
        "dvar2": 0.00299587589689,
        "max": 0.263066887856,
        "mean": 0.00845794286579,
        "median": 0.00196973630227,
        "min": 0.000369921064703,
        "var": 0.000997719704174
    },
    "spectral_entropy": {
        "dmean": 0.268903642893,
        "dmean2": 0.337247997522,
        "dvar": 0.124951913953,
        "dvar2": 0.138273701072,
        "max": 7.53954935074,
        "mean": 5.38015127182,
        "median": 5.27822351456,
        "min": 3.87460017204,
        "var": 0.397992312908
    },
    "spectral_flux": {
        "dmean": 0.0268892142922,
        "dmean2": 0.0490974970162,
        "dvar": 0.00429674889892,
        "dvar2": 0.0130650121719,
        "max": 0.491793334484,
        "mean": 0.0371443256736,
        "median": 0.0182413328439,
        "min": 0.00367483473383,
        "var": 0.00427361764014
    },
    "spectral_kurtosis": {
        "dmean": 23.3019294739,
        "dmean2": 35.1546058655,
        "dvar": 787.067932129,
        "dvar2": 1451.64245605,
        "max": 256.030700684,
        "mean": 81.5371398926,
        "median": 80.6688461304,
        "min": 6.19999313354,
        "var": 2264.48388672
    },
    "spectral_rms": {
        "dmean": 0.000708543346263,
        "dmean2": 0.00105349894147,
        "dvar": 3.64676770914e-06,
        "dvar2": 8.11578047433e-06,
        "max": 0.01609804295,
        "mean": 0.00238781329244,
        "median": 0.00206710025668,
        "min": 0.000610436953139,
        "var": 4.60376941191e-06
    },
    "spectral_rolloff": {
        "dmean": 30.4156494141,
        "dmean2": 52.3338623047,
        "dvar": 3184.23974609,
        "dvar2": 5912.59619141,
        "max": 904.39453125,
        "mean": 756.851928711,
        "median": 732.12890625,
        "min": 430.6640625,
        "var": 10225.1044922
    },
    "spectral_skewness": {
        "dmean": 1.20114433765,
        "dmean2": 1.62428879738,
        "dvar": 1.15827584267,
        "dvar2": 2.37650299072,
        "max": 13.5505809784,
        "mean": 7.08188056946,
        "median": 7.32679748535,
        "min": 2.32043766975,
        "var": 5.02786016464
    },
    "spectral_spread": {
        "dmean": 621388.375,
        "dmean2": 835705.1875,
        "dvar": 4.1036373033e+12,
        "dvar2": 4.12158997299e+12,
        "max": 19849618,
        "mean": 1780885.75,
        "median": 1349248.625,
        "min": 323023.0625,
        "var": 4.68116779827e+12
    },
    "spectral_strongpeak": {
        "dmean": 0.44802492857,
        "dmean2": 0.661234378815,
        "dvar": 0.643063604832,
        "dvar2": 1.16136491299,
        "max": 4.96945381165,
        "mean": 1.43089008331,
        "median": 0.787145555019,
        "min": 0.0847463309765,
        "var": 1.98225140572
    },
    "zerocrossingrate": {
        "dmean": 0.00289916992188,
        "dmean2": 0.00383826135658,
        "dvar": 1.22388828458e-05,
        "dvar2": 1.98686229851e-05,
        "max": 0.05322265625,
        "mean": 0.0317804776132,
        "median": 0.03125,
        "min": 0.01318359375,
        "var": 4.20923497586e-05
    },
    "barkbands": {
        "dmean": [2.80328915636e-08, 3.10929550551e-07, 3.51531696197e-07, 6.09177277511e-07, 3.90654895455e-05, 0.00168737047352, 0.00548325665295, 0.000181392533705, 0.00126306188758, 0.000456896232208, 3.58499091817e-05, 4.54577502751e-06, 2.5256022127e-05, 4.08910545957e-06, 2.70407281278e-06, 2.88039217367e-07, 1.36259373562e-07, 1.07496816781e-07, 9.67780096062e-08, 1.17950051504e-07, 6.98423008316e-08, 4.96478023138e-08, 4.32480291579e-08, 4.18564454208e-08, 3.20926645259e-08, 3.14304955396e-08, 6.71207587288e-08],
        "dmean2": [3.75664157559e-08, 5.05525349581e-07, 6.27225858807e-07, 1.07884670797e-06, 5.65034097235e-05, 0.00285600800999, 0.00879693124443, 0.000332758558216, 0.00175892829429, 0.000487660203362, 5.94497214479e-05, 7.89369551057e-06, 4.55939589301e-05, 7.37444406695e-06, 4.76712739328e-06, 4.40614229547e-07, 1.86348358966e-07, 1.47489558344e-07, 1.26246050058e-07, 1.57535367862e-07, 8.68147793653e-08, 5.74506557882e-08, 5.69565834496e-08, 5.19757925588e-08, 3.51938247434e-08, 3.39915366965e-08, 8.53814370316e-08],
        "dvar": [1.62971832616e-14, 4.06868467953e-13, 1.34498450788e-13, 3.86122422013e-13, 7.31358884565e-09, 5.34621358383e-05, 0.00071692065103, 4.07221847354e-07, 1.66998179338e-05, 1.08689550871e-06, 1.2358290391e-08, 1.61910471141e-10, 1.64456572804e-08, 1.23529325657e-10, 3.52722503982e-11, 9.00645443641e-13, 3.4170669766e-13, 1.7296826135e-13, 1.58935473289e-13, 1.81041203621e-13, 1.24169202481e-13, 9.06702894731e-14, 5.48321865614e-14, 5.82423784765e-14, 5.13646742327e-14, 4.71087571892e-14, 6.91407177279e-14],
        "dvar2": [1.64668592076e-14, 6.49524542224e-13, 4.11326598867e-13, 9.53112914114e-13, 1.19178586999e-08, 0.000136396076414, 0.0017807923723, 1.12114582862e-06, 3.16598379868e-05, 1.02077387965e-06, 3.27173275139e-08, 4.81898576599e-10, 4.64770586461e-08, 3.65528968205e-10, 1.1187887422e-10, 2.06207273479e-12, 4.21059373349e-13, 3.16021975299e-13, 1.63236476202e-13, 2.59892476463e-13, 1.29833820019e-13, 8.90954790413e-14, 5.55565894667e-14, 5.92683454398e-14, 5.10776113787e-14, 4.52816698525e-14, 5.22322561993e-14],
        "max": [1.1695875628e-06, 5.6327025959e-06, 1.83431347978e-06, 4.05669425163e-06, 0.000826283998322, 0.0561759099364, 0.199755504727, 0.00373789481819, 0.0342807509005, 0.0148093663156, 0.000819757173304, 8.05546224001e-05, 0.000911636627279, 7.80939371907e-05, 3.17883423122e-05, 7.13540612196e-06, 5.29660610482e-06, 3.6019714571e-06, 3.67394613932e-06, 3.24886377712e-06, 3.18790239362e-06, 2.77428421214e-06, 2.13605198951e-06, 2.21069785766e-06, 2.08317032957e-06, 2.01511102205e-06, 2.77613003163e-06],
        "mean": [3.03205140995e-08, 4.09499307352e-07, 4.55050070514e-07, 8.20527873202e-07, 7.78199537308e-05, 0.00171083945315, 0.00409822911024, 0.000239176151808, 0.0023087146692, 0.00202202121727, 6.29403002677e-05, 6.85914528731e-06, 2.04514381039e-05, 9.10256858333e-06, 3.42699468092e-06, 3.35352723368e-07, 1.65390076745e-07, 1.47113809135e-07, 1.30873559101e-07, 1.43946294884e-07, 9.21068021853e-08, 6.79254554825e-08, 5.9717116585e-08, 5.83151233968e-08, 4.96576255671e-08, 5.33186153007e-08, 3.26669947981e-07],
        "median": [7.31333660298e-09, 1.59921626164e-07, 3.30023027573e-07, 6.57026475892e-07, 4.60353767266e-05, 0.000382469559554, 0.000122326528071, 0.000120625045383, 0.00098550633993, 4.25048783654e-05, 9.68692984316e-06, 2.97245605907e-06, 2.03687977773e-06, 3.92707488572e-06, 6.18339470293e-07, 1.23409364505e-07, 6.91614872039e-08, 7.60646514664e-08, 5.19037541835e-08, 4.24177422076e-08, 3.52909701462e-08, 2.39970319171e-08, 2.12342889938e-08, 2.23065548255e-08, 2.2205000505e-08, 2.68720405927e-08, 3.05139764123e-07],
        "min": [5.3139925793e-10, 1.17734426652e-08, 1.32775559436e-08, 3.78655968802e-08, 1.52524626174e-05, 6.98835792718e-05, 2.29063380175e-06, 3.45732114511e-05, 8.88327340363e-05, 1.17621243589e-06, 1.76808171659e-07, 3.00289713095e-07, 2.61568970927e-07, 2.02008720862e-07, 7.28753519752e-08, 4.36432259221e-08, 2.2454305082e-08, 3.30438680862e-08, 2.217043793e-08, 1.91387261594e-08, 1.36007756169e-08, 9.80851222465e-09, 7.69581021132e-09, 8.93213680797e-09, 7.40727879034e-09, 4.01340960465e-09, 4.78263366688e-08],
        "var": [1.68406124956e-14, 9.07258860053e-13, 1.64591999969e-13, 4.93237883262e-13, 1.41702569678e-08, 4.49430735898e-05, 0.000573056284338, 2.76698671087e-07, 2.07589855563e-05, 1.84334858204e-05, 1.42741702902e-08, 1.31532201797e-10, 1.04633874898e-08, 1.42776235279e-10, 3.1666655409e-11, 8.74605672174e-13, 3.42527520019e-13, 1.70717986189e-13, 1.66643107191e-13, 1.89923136896e-13, 1.24202406172e-13, 9.23449210437e-14, 5.48297742116e-14, 5.88305581551e-14, 5.18610558686e-14, 4.83657439185e-14, 8.56721648918e-14]
    },
    "erbbands": {
        "dmean": [8.24249946163e-06, 7.70245314925e-05, 0.00032489921432, 0.00112107221503, 0.00879715010524, 0.0950483083725, 0.942299008369, 20.9463348389, 103.350585938, 10.9512252808, 13.8231735229, 23.7007255554, 7.07981348038, 17.9118347168, 1.65452039242, 0.458674907684, 1.07899928093, 0.163249075413, 0.292317509651, 0.0434309132397, 0.0144027722999, 0.0074410350062, 0.0060076629743, 0.00476490706205, 0.00608802447096, 0.00504020927474, 0.00352761219256, 0.0023155757226, 0.00177992100362, 0.00142045959365, 0.00127536221407, 0.00100607727654, 0.00061104708584, 0.00037140439963, 0.00023058228544, 0.000119547396025, 6.17862679064e-05, 4.25853759225e-05, 1.12114357762e-05, 1.04192768049e-05],
        "dmean2": [1.2076384337e-05, 0.000131343258545, 0.000559578940738, 0.00188129709568, 0.0157326664776, 0.139259681106, 1.3579069376, 35.1883811951, 165.415084839, 17.7022285461, 22.6397285461, 32.8261413574, 10.0141410828, 19.780172348, 2.1454513073, 0.770372152328, 1.96274363995, 0.283435583115, 0.48838481307, 0.0721503421664, 0.021237205714, 0.0103229517117, 0.00816133804619, 0.00651097064838, 0.00808954611421, 0.00664120307192, 0.00464876648039, 0.00276558496989, 0.0021058365237, 0.00169871922117, 0.00170471542515, 0.00129865040071, 0.00073248258559, 0.000414401991293, 0.000254637241596, 0.000129444437334, 6.72544483677e-05, 5.81324529776e-05, 1.556890129e-05, 1.61503685376e-05],
        "dvar": [3.77715553279e-10, 2.30731380668e-08, 1.32538389153e-07, 1.48607705341e-06, 0.000373364979168, 0.0426881983876, 4.80287027359, 8924.99804688, 255074.84375, 2337.92041016, 2785.79101562, 5118.54541016, 113.970840454, 1946.92907715, 13.2334012985, 3.10878658295, 29.2745113373, 0.168437629938, 0.626409232616, 0.00812187045813, 0.00262424210086, 0.000947123509832, 0.000531530531589, 0.000421148637543, 0.000474973989185, 0.000353802752215, 0.000238464708673, 0.000161362753715, 0.000113971895189, 7.97877873993e-05, 4.22957782575e-05, 2.85600872303e-05, 1.41424625326e-05, 6.45255340714e-06, 2.59989587903e-06, 7.17557099961e-07, 1.64265784974e-07, 2.51244109961e-08, 1.27895183333e-09, 1.49829604279e-09],
        "dvar2": [6.69005073561e-10, 4.01517041837e-08, 3.89073534279e-07, 3.77795231543e-06, 0.00115782185458, 0.0989077091217, 10.0211029053, 22646.5273438, 633621.625, 5884.96240234, 5254.58642578, 9795.34570312, 232.67427063, 1887.62219238, 24.8825416565, 8.80573654175, 83.4490356445, 0.556734085083, 1.84560978413, 0.0213888119906, 0.00671108625829, 0.00129507982638, 0.000890310970135, 0.000535657803994, 0.000583738961723, 0.000474630505778, 0.000272919773124, 0.000164058772498, 0.000111827590445, 8.04401788628e-05, 4.32967099186e-05, 3.00640658679e-05, 1.41452737807e-05, 6.5021190494e-06, 2.64049685939e-06, 7.35447144962e-07, 1.62599448572e-07, 2.25478640203e-08, 2.14199413762e-09, 3.96967791971e-09],
        "max": [0.000167900201632, 0.00125371757895, 0.00206642667763, 0.0101872803643, 0.136129707098, 1.59312975407, 17.2016296387, 722.243774414, 3772.05517578, 364.354736328, 411.785644531, 603.220214844, 80.8099899292, 606.331237793, 33.9078903198, 12.9116077423, 38.0941963196, 3.09092783928, 4.9217414856, 0.438131719828, 0.373195618391, 0.277334451675, 0.203868687153, 0.191273868084, 0.184544876218, 0.152806162834, 0.136103689671, 0.116174452007, 0.0984972342849, 0.0815610662103, 0.0592927597463, 0.0485702864826, 0.0346152223647, 0.0233263801783, 0.0148370256647, 0.00777987437323, 0.00378545210697, 0.00156827410683, 0.000358197052265, 0.000298367842333],
        "mean": [1.01825489764e-05, 0.000109503896965, 0.000473539868835, 0.00179219024722, 0.0109452605247, 0.18799315393, 2.00269293785, 20.0343418121, 78.1935958862, 9.62006950378, 15.5252771378, 46.7194366455, 28.7426280975, 80.5687255859, 5.23329687119, 0.667818546295, 0.868498623371, 0.502340495586, 0.327160596848, 0.054744027555, 0.0170632284135, 0.00938194431365, 0.00828478764743, 0.00680897990242, 0.00794154405594, 0.00622411258519, 0.00433405954391, 0.00320083415136, 0.00245428271592, 0.00196855422109, 0.0017377565382, 0.00134137074929, 0.000896119687241, 0.000565438647754, 0.000359319645213, 0.000183716489119, 0.000109332002467, 0.000123622245155, 3.94648122892e-05, 1.76615176315e-05],
        "median": [3.47596756001e-06, 4.83534022351e-05, 0.000297978316667, 0.0013973263558, 0.00623672874644, 0.109352700412, 1.35484230518, 3.61962819099, 2.50429582596, 1.08518671989, 4.62782478333, 19.3067035675, 23.1643104553, 2.31922388077, 0.480788707733, 0.423867613077, 0.141462102532, 0.181918799877, 0.0840198025107, 0.0177695211023, 0.00725950766355, 0.00429572630674, 0.00434907665476, 0.00327668851241, 0.00269534531981, 0.00213120668195, 0.00158753537107, 0.00125103304163, 0.000911733717658, 0.000713268178515, 0.000670702662319, 0.000489119789563, 0.00037665569107, 0.000253337668255, 0.000161346950335, 8.28022239148e-05, 5.51335870114e-05, 9.86876621027e-05, 3.37400997523e-05, 9.8180698842e-06],
        "min": [3.69060757066e-07, 6.07218908044e-06, 3.69280969608e-05, 0.000137110924697, 0.00146536144894, 0.0388069823384, 0.537769198418, 0.515767812729, 0.213664665818, 0.0801198035479, 0.970497608185, 2.40234851837, 0.513838231564, 0.0515566766262, 0.0103576090187, 0.0179123450071, 0.0110543733463, 0.0110114645213, 0.00575686898082, 0.00344529212452, 0.0024905516766, 0.00168116833083, 0.00205286056735, 0.00157654308714, 0.000878531544004, 0.000833759026136, 0.000657840748318, 0.000575318816118, 0.000333643896738, 0.000306658039335, 0.00020129121549, 0.000201187678613, 0.000159153540153, 8.38805208332e-05, 5.79452062084e-05, 2.26759966608e-05, 1.07644673335e-05, 1.98218967853e-05, 1.15320553959e-05, 5.778382274e-06],
        "var": [6.40699215904e-10, 5.13682714143e-08, 1.96644208472e-07, 2.18156083065e-06, 0.00030073695234, 0.0730218663812, 6.84320449829, 7413.98535156, 204452.078125, 1885.16186523, 3233.45556641, 6955.76318359, 608.842590332, 30475.9160156, 96.678604126, 2.16932344437, 18.1412010193, 0.362886846066, 0.501928925514, 0.00773789128289, 0.00241904263385, 0.000944245839491, 0.000531522324309, 0.000440216943389, 0.000493364699651, 0.00036072084913, 0.000237257467234, 0.000162189317052, 0.000116330862511, 7.98077016952e-05, 4.23261808464e-05, 2.86932991003e-05, 1.43198913065e-05, 6.49606499792e-06, 2.630370318e-06, 7.23985806417e-07, 1.70151182033e-07, 2.85710655135e-08, 1.53072865494e-09, 1.22822285675e-09]
    },
    "gfcc": {
        "mean": [-263.227600098, 131.658462524, -109.161048889, -98.1578140259, -99.1771240234, -34.6231117249, -25.1074752808, -12.2880582809, -13.9831619263, -5.98803281784, -7.89506101608, -3.52316474915, 5.09506082535],
        "cov": [[832.721801758, 115.675941467, -260.712341309, -190.550857544, 30.7679176331, 89.4436187744, -11.4528255463, -71.7897644043, -13.3398742676, 34.0589179993, 79.9531860352, 50.6274261475, 41.656955719], [115.675941467, 410.254699707, -115.173927307, -361.930297852, -47.6434783936, -53.4924240112, -62.7560310364, -79.0176467896, 95.8736038208, 120.643661499, 114.386474609, -42.3522987366, -64.8198699951], [-260.712341309, -115.173927307, 263.482452393, 258.390289307, 34.0045318604, -42.2212028503, -29.1062507629, 81.2974624634, 40.0002822876, -6.16623783112, -36.3973731995, -26.649728775, -48.3311004639], [-190.550857544, -361.930297852, 258.390289307, 616.414428711, 106.605270386, 3.56950759888, -23.7243461609, 64.5295639038, -15.713142395, -28.8309135437, -54.296913147, -10.5781526566, 4.8155913353], [30.7679176331, -47.6434783936, 34.0045318604, 106.605270386, 83.0432662964, 57.6630134583, -2.99200940132, -25.4235191345, -30.3002071381, -28.7866420746, -9.22748947144, 20.2434558868, 35.048740387], [89.4436187744, -53.4924240112, -42.2212028503, 3.56950759888, 57.6630134583, 159.197845459, 63.7212753296, -33.5024490356, -62.3682632446, -55.9032287598, -14.6545696259, 45.0340538025, 59.9070739746], [-11.4528255463, -62.7560310364, -29.1062507629, -23.7243461609, -2.99200940132, 63.7212753296, 107.313400269, 49.7645874023, -48.9463386536, -75.7059783936, -32.6138038635, 36.7671394348, 58.8343429565], [-71.7897644043, -79.0176467896, 81.2974624634, 64.5295639038, -25.4235191345, -33.5024490356, 49.7645874023, 132.749465942, 28.4936218262, -36.6055145264, -32.9403152466, 3.06195950508, 1.6793525219], [-13.3398742676, 95.8736038208, 40.0002822876, -15.713142395, -30.3002071381, -62.3682632446, -48.9463386536, 28.4936218262, 102.300643921, 82.8485107422, 46.2635574341, -37.3765640259, -66.0802536011], [34.0589179993, 120.643661499, -6.16623783112, -28.8309135437, -28.7866420746, -55.9032287598, -75.7059783936, -36.6055145264, 82.8485107422, 129.023269653, 74.7496414185, -47.6706809998, -85.1491928101], [79.9531860352, 114.386474609, -36.3973731995, -54.296913147, -9.22748947144, -14.6545696259, -32.6138038635, -32.9403152466, 46.2635574341, 74.7496414185, 80.988609314, -8.16932964325, -32.4661827087], [50.6274261475, -42.3522987366, -26.649728775, -10.5781526566, 20.2434558868, 45.0340538025, 36.7671394348, 3.06195950508, -37.3765640259, -47.6706809998, -8.16932964325, 52.848777771, 50.1378097534], [41.656955719, -64.8198699951, -48.3311004639, 4.8155913353, 35.048740387, 59.9070739746, 58.8343429565, 1.6793525219, -66.0802536011, -85.1491928101, -32.4661827087, 50.1378097534, 96.9366226196]],
        "icov": [[0.00272253178991, -0.000452847481938, 0.00449147587642, -0.000344552419847, -0.00249086297117, -0.00200854963623, 0.00429544551298, -0.00459247455001, 0.00150714349002, 0.000200804672204, -0.00146604026668, -0.00169875496067, 0.00198952481151], [-0.000452847481938, 0.0257081519812, -0.0069633629173, 0.0172401331365, -0.0154788028449, 0.00786301866174, -0.00807788781822, 0.0120534822345, -0.0165093950927, 0.00426493631676, -0.0212440080941, 0.0203135684133, -0.00664152065292], [0.00449147587642, -0.0069633629173, 0.0226706266403, -0.00856649037451, -0.00702805723995, -0.00379218277521, 0.0102935666218, -0.0140040153638, 0.000573259196244, 0.0101574994624, 0.00387216103263, -0.00845735426992, 0.0190064460039], [-0.000344552419847, 0.0172401331365, -0.00856649037451, 0.0159442834556, -0.0143535053357, 0.00525020575151, -0.00407693581656, 0.00436815200374, -0.0055464184843, -0.00400220416486, -0.0127046620473, 0.0151041699573, -0.00840685330331], [-0.00249086297117, -0.0154788028449, -0.00702805723995, -0.0143535053357, 0.0508371032774, -0.0163427684456, 0.0145193850622, 0.00219452101737, 0.0080935722217, 0.00303990044631, 0.00728270597756, -0.00980873592198, -0.0135024059564], [-0.00200854963623, 0.00786301866174, -0.00379218277521, 0.00525020575151, -0.0163427684456, 0.0227968413383, -0.0235179122537, 0.01686321944, -0.0103534106165, 0.000426546961535, -0.00100727193058, -0.000236864158069, 0.0028737061657], [0.00429544551298, -0.00807788781822, 0.0102935666218, -0.00407693581656, 0.0145193850622, -0.0235179122537, 0.0535728372633, -0.0355839878321, 0.0242934245616, 0.00479009980336, -0.00703723495826, -0.00142917688936, -0.00537670450285], [-0.00459247455001, 0.0120534822345, -0.0140040153638, 0.00436815200374, 0.00219452101737, 0.01686321944, -0.0355839878321, 0.0492162294686, -0.0381179228425, 0.01595152542, 3.49160336555e-06, 0.00318890204653, -0.00125687255058], [0.00150714349002, -0.0165093950927, 0.000573259196244, -0.0055464184843, 0.0080935722217, -0.0103534106165, 0.0242934245616, -0.0381179228425, 0.0631796494126, -0.0310693550855, 0.00281716627069, -0.00512969726697, -0.00236396165565], [0.000200804672204, 0.00426493631676, 0.0101574994624, -0.00400220416486, 0.00303990044631, 0.000426546961535, 0.00479009980336, 0.01595152542, -0.0310693550855, 0.0795615687966, -0.0369031466544, 0.0158316344023, 0.0316417068243], [-0.00146604026668, -0.0212440080941, 0.00387216103263, -0.0127046620473, 0.00728270597756, -0.00100727193058, -0.00703723495826, 3.49160336555e-06, 0.00281716627069, -0.0369031466544, 0.063828356564, -0.0347927436233, 0.000124437428894], [-0.00169875496067, 0.0203135684133, -0.00845735426992, 0.0151041699573, -0.00980873592198, -0.000236864158069, -0.00142917688936, 0.00318890204653, -0.00512969726697, 0.0158316344023, -0.0347927436233, 0.066105671227, -0.021583173424], [0.00198952481151, -0.00664152065292, 0.0190064460039, -0.00840685330331, -0.0135024059564, 0.0028737061657, -0.00537670450285, -0.00125687255058, -0.00236396165565, 0.0316417068243, 0.000124437428894, -0.021583173424, 0.0586926415563]]
    },
    "melbands": {
        "dmean": [7.83787115211e-08, 1.4314534269e-07, 3.32513309331e-07, 1.8852708763e-06, 1.87479836313e-05, 0.00057852093596, 0.00136458477937, 4.31286753155e-05, 0.000157363989274, 0.00014674855629, 3.59266050509e-05, 7.75964363129e-05, 5.66126527701e-06, 4.72899102988e-07, 3.06837455355e-06, 1.22519259094e-06, 1.94876747628e-07, 5.62017930861e-07, 9.75561320615e-08, 2.71742628399e-08, 1.46840406501e-08, 7.32532390302e-09, 6.55526921634e-09, 5.79241987708e-09, 3.64286134591e-09, 4.10414191521e-09, 5.04588104633e-09, 2.90079116283e-09, 2.40777819904e-09, 1.67193481282e-09, 1.25355703595e-09, 1.07940412164e-09, 8.9762836053e-10, 7.55148110709e-10, 7.52531648107e-10, 7.13602121838e-10, 5.87099147076e-10, 4.57083565442e-10, 3.44312356404e-10, 3.13100267935e-10],
        "dmean2": [1.20311497653e-07, 2.42717760557e-07, 5.80158484809e-07, 3.24549750985e-06, 2.64522168436e-05, 0.000971495173872, 0.00218434003182, 7.2250913945e-05, 0.000249532895396, 0.000202393115615, 5.40272194485e-05, 8.40610809973e-05, 8.16116971691e-06, 7.59684041896e-07, 5.45871716895e-06, 2.28410431191e-06, 3.25887782537e-07, 9.60676857176e-07, 1.64521580359e-07, 4.44737509042e-08, 2.12857074189e-08, 9.89996973288e-09, 9.24222387511e-09, 8.33156210689e-09, 4.93263430101e-09, 5.41728306658e-09, 7.09165837165e-09, 3.98688504433e-09, 3.33604122105e-09, 2.05291295075e-09, 1.53960022509e-09, 1.30221566863e-09, 1.06706066205e-09, 9.20887199829e-10, 1.01273012199e-09, 9.38340627421e-10, 7.56282370062e-10, 5.6045018626e-10, 4.04157513012e-10, 3.52273293869e-10],
        "dvar": [3.22452297068e-14, 3.23977634e-14, 1.9569906134e-13, 1.80414121143e-11, 1.57068935636e-09, 7.33310753276e-06, 4.45518635388e-05, 2.69446420731e-08, 4.25216455824e-07, 1.52703762524e-07, 3.52381546165e-09, 3.5430055334e-08, 2.22155918661e-10, 1.17095634404e-12, 2.39152725401e-10, 3.50604857646e-11, 1.09872309547e-13, 2.56921979351e-12, 2.8742568899e-14, 6.28531989367e-15, 3.27587959472e-15, 1.04661625012e-15, 6.83584387554e-16, 3.98470053484e-16, 2.70836614363e-16, 2.41374479117e-16, 3.01349573389e-16, 1.2551508913e-16, 9.99137631443e-17, 6.87398537211e-17, 5.01439368871e-17, 3.72855631575e-17, 3.07821864636e-17, 2.13921132136e-17, 1.38659930395e-17, 1.32230892422e-17, 9.38387601285e-18, 7.23519661677e-18, 5.10293592866e-18, 4.57804474865e-18],
        "dvar2": [4.62898050782e-14, 9.30737962829e-14, 5.89499369458e-13, 5.59277277268e-11, 2.2683568357e-09, 1.85317258001e-05, 0.000110645625682, 7.24911757288e-08, 7.86035684541e-07, 2.91762290772e-07, 7.68168817444e-09, 3.39773045255e-08, 5.29310428821e-10, 2.78820673147e-12, 6.69718391855e-10, 1.03005985685e-10, 3.47723423406e-13, 7.36758137138e-12, 8.22785036717e-14, 1.23689561604e-14, 8.07137017812e-15, 1.29918019329e-15, 8.53572465124e-16, 9.48617820377e-16, 2.98650688191e-16, 2.65809738518e-16, 4.29956200427e-16, 1.60651855431e-16, 1.26486159464e-16, 6.98707485848e-17, 5.03566281837e-17, 3.62972179831e-17, 3.051403767e-17, 2.16733810916e-17, 1.41352262668e-17, 1.37946420942e-17, 9.84169649366e-18, 7.12641326723e-18, 5.08980898593e-18, 4.54402074211e-18],
        "max": [1.60859224252e-06, 1.27859630084e-06, 3.32840704687e-06, 2.65018679784e-05, 0.000380767975003, 0.0205322802067, 0.0498998612165, 0.00121330108959, 0.00527353724465, 0.00328590464778, 0.000409434636822, 0.00260962359607, 0.000105136758066, 6.58221733829e-06, 0.000110753040644, 4.12578265241e-05, 2.74754961538e-06, 1.01501973404e-05, 8.47329147291e-07, 5.19814136624e-07, 4.28177315825e-07, 2.95590410815e-07, 2.32003202427e-07, 1.52733974801e-07, 1.54812539677e-07, 1.39502219554e-07, 1.23455365042e-07, 9.48705718429e-08, 8.4947842538e-08, 7.53992779323e-08, 6.50252758305e-08, 5.65475630765e-08, 5.08080653105e-08, 4.21800692152e-08, 3.39333539046e-08, 3.30375264923e-08, 2.78583200952e-08, 2.48275977555e-08, 2.0735690498e-08, 1.96349461135e-08],
        "mean": [1.01831396648e-07, 2.05266985631e-07, 4.35548940914e-07, 2.22059611588e-06, 4.79602931591e-05, 0.00052946357755, 0.00104231573641, 4.47671736765e-05, 0.00016079453053, 0.000319402111927, 0.000137514958624, 0.000346289831214, 1.49054758367e-05, 7.75749015247e-07, 2.4041312372e-06, 1.41925056596e-06, 7.8550078797e-07, 5.61763044971e-07, 1.46960218217e-07, 2.97222300105e-08, 1.66295048842e-08, 9.15227538201e-09, 8.12309064457e-09, 7.48706519005e-09, 5.10695352673e-09, 5.22597920494e-09, 6.30774943389e-09, 3.50117224102e-09, 2.81351453246e-09, 2.21417861823e-09, 1.72485459249e-09, 1.42992018226e-09, 1.18919507575e-09, 1.03002750773e-09, 1.00923813751e-09, 9.27581511601e-10, 7.69546482093e-10, 6.41643349564e-10, 5.19336074145e-10, 4.59362908822e-10],
        "median": [3.49216158213e-08, 1.22894221022e-07, 3.16883927098e-07, 1.02310571037e-06, 3.39293874276e-05, 7.67594247009e-05, 3.72748836526e-05, 1.18062125694e-05, 3.06919464492e-05, 0.000136218572152, 0.000113358837552, 4.63906917503e-06, 1.36794403716e-06, 3.51282068323e-07, 2.69928563057e-07, 2.64636298652e-07, 2.97018800666e-07, 8.41228740001e-08, 3.08170449159e-08, 9.41013578171e-09, 6.29070884273e-09, 4.03198763266e-09, 3.64889851667e-09, 3.57659835082e-09, 2.48417753035e-09, 1.8378598643e-09, 1.83438986223e-09, 1.23242849259e-09, 1.04225983399e-09, 8.50807924113e-10, 6.9062494612e-10, 5.15288589575e-10, 4.29060426077e-10, 3.70121155946e-10, 3.83238163426e-10, 3.25627580455e-10, 2.94583191174e-10, 2.6597010705e-10, 2.28684085557e-10, 2.01810304579e-10],
        "min": [2.70309419292e-09, 1.16346683399e-08, 1.61161839429e-08, 1.99502977694e-07, 1.40176207424e-05, 1.21598650367e-05, 3.02436410493e-06, 1.39409860367e-06, 6.85887880536e-06, 1.6011090338e-05, 1.82923861303e-06, 1.20853670182e-07, 2.71293902898e-08, 2.77891203382e-08, 2.54367904517e-08, 3.51468472104e-08, 1.3277324129e-08, 6.98082303074e-09, 5.03518915451e-09, 3.49775808317e-09, 1.88791982048e-09, 1.51862988851e-09, 1.29250909975e-09, 1.61763580309e-09, 1.0969962716e-09, 6.86850631926e-10, 5.01634900285e-10, 4.29765723009e-10, 3.58978652359e-10, 2.6752444704e-10, 2.98084223971e-10, 2.00494648661e-10, 1.30806726562e-10, 1.5647828866e-10, 1.09514008972e-10, 9.97529836511e-11, 1.2081785572e-10, 8.75954656032e-11, 8.08574110445e-11, 5.44116245116e-11],
        "var": [6.69521539988e-14, 5.61779050742e-14, 1.90774303364e-13, 1.71482082006e-11, 3.27446558757e-09, 5.97463940721e-06, 3.57979224646e-05, 2.07745554093e-08, 5.05423031427e-07, 2.33246225889e-07, 1.53163313144e-08, 5.67630934256e-07, 7.44099226679e-10, 1.47853474255e-12, 1.5560648603e-10, 2.13153071582e-11, 8.0447069362e-13, 2.01959152527e-12, 3.90192469535e-14, 6.40367411333e-15, 3.0364574736e-15, 1.0562070983e-15, 6.69302882668e-16, 3.83000902527e-16, 2.85551429541e-16, 2.49690622123e-16, 3.36505490576e-16, 1.24262856796e-16, 9.70615782178e-17, 6.92433023117e-17, 5.06367082304e-17, 3.84047219827e-17, 3.0968556873e-17, 2.13544384454e-17, 1.38707046602e-17, 1.32737697712e-17, 9.46580659816e-18, 7.37740219896e-18, 5.13108653927e-18, 4.60939323951e-18]
    },
    "mfcc": {
        "mean": [-919.377685547, 193.181213379, 13.9718046188, -58.9671096802, -56.789478302, -39.2427253723, -26.481262207, -20.0021324158, -9.63158416748, 1.30117225647, -4.61346197128, -16.0190505981, -14.2889165878],
        "cov": [[782.929321289, 239.175201416, -264.348327637, -218.233810425, -42.1374359131, 46.0836181641, -10.8230781555, -90.1956710815, -93.0235900879, -27.6567440033, 1.33189082146, 0.758319318295, 55.4613647461], [239.175201416, 417.673431396, -92.7227325439, -347.079772949, -90.0450668335, -7.17786550522, -73.227104187, -109.197677612, -102.260055542, -17.8154201508, 88.2493057251, 46.5425987244, 16.4135284424], [-264.348327637, -92.7227325439, 166.728271484, 141.883239746, 57.5562515259, -14.7959165573, -19.9311561584, 25.9663124084, 23.6101989746, 13.2345638275, 49.1761856079, 73.8924407959, -5.85286617279], [-218.233810425, -347.079772949, 141.883239746, 435.445007324, 153.739578247, -5.93635320663, 46.4842834473, 87.9574127197, 83.10546875, 20.810382843, -55.7711677551, 21.436290741, 19.4656772614], [-42.1374359131, -90.0450668335, 57.5562515259, 153.739578247, 123.592102051, 56.824382782, 11.6903800964, 9.10643386841, 4.6665854454, -1.19109892845, -15.4744091034, 17.1105499268, 17.3842105865], [46.0836181641, -7.17786550522, -14.7959165573, -5.93635320663, 56.824382782, 115.395774841, 48.652797699, -27.5127162933, -34.5875434875, -3.32519459724, -14.9820070267, -18.8333930969, 5.53741168976], [-10.8230781555, -73.227104187, -19.9311561584, 46.4842834473, 11.6903800964, 48.652797699, 93.6711654663, 63.0704460144, 42.6813087463, 15.9695739746, -70.8361282349, -81.0390853882, -9.73324298859], [-90.1956710815, -109.197677612, 25.9663124084, 87.9574127197, 9.10643386841, -27.5127162933, 63.0704460144, 150.544998169, 127.718063354, 18.3063774109, -95.5232772827, -97.3993301392, -17.1047534943], [-93.0235900879, -102.260055542, 23.6101989746, 83.10546875, 4.6665854454, -34.5875434875, 42.6813087463, 127.718063354, 125.888427734, 22.8962535858, -88.8460540771, -90.9768218994, -18.2326030731], [-27.6567440033, -17.8154201508, 13.2345638275, 20.810382843, -1.19109892845, -3.32519459724, 15.9695739746, 18.3063774109, 22.8962535858, 30.3860740662, 12.0310029984, 3.78073620796, -6.46149301529], [1.33189082146, 88.2493057251, 49.1761856079, -55.7711677551, -15.4744091034, -14.9820070267, -70.8361282349, -95.5232772827, -88.8460540771, 12.0310029984, 177.939071655, 173.714126587, 5.14642763138], [0.758319318295, 46.5425987244, 73.8924407959, 21.436290741, 17.1105499268, -18.8333930969, -81.0390853882, -97.3993301392, -90.9768218994, 3.78073620796, 173.714126587, 215.779052734, 36.7811012268], [55.4613647461, 16.4135284424, -5.85286617279, 19.4656772614, 17.3842105865, 5.53741168976, -9.73324298859, -17.1047534943, -18.2326030731, -6.46149301529, 5.14642763138, 36.7811012268, 45.4663085938]],
