{
"lowlevel": {
    "average_loudness": 0.988256454468,
    "barkbands_crest": {
        "dmean": 0.754837751389,
        "dmean2": 0.768696844578,
        "dvar": 0.299689918756,
        "dvar2": 0.373781561852,
        "max": 21.0229721069,
        "mean": 18.8955993652,
        "median": 19.0526580811,
        "min": 10.8752307892,
        "var": 1.63958716393
    },
    "barkbands_flatness_db": {
        "dmean": 0.0105932792649,
        "dmean2": 0.0152574526146,
        "dvar": 0.000184564094525,
        "dvar2": 0.000285942282062,
        "max": 0.583141744137,
        "mean": 0.54171693325,
        "median": 0.543586850166,
        "min": 0.299038589001,
        "var": 0.000640093523543
    },
    "barkbands_kurtosis": {
        "dmean": 3.46052050591,
        "dmean2": 5.12575149536,
        "dvar": 21.5560245514,
        "dvar2": 50.1720848083,
        "max": 43.6402359009,
        "mean": 12.9694166183,
        "median": 11.4637393951,
        "min": 4.38847064972,
        "var": 42.0802612305
    },
    "barkbands_skewness": {
        "dmean": 0.185623377562,
        "dmean2": 0.242042511702,
        "dvar": 0.0469136051834,
        "dvar2": 0.0916046649218,
        "max": 3.22111725807,
        "mean": 1.42225766182,
        "median": 1.40627014637,
        "min": 0.768503963947,
        "var": 0.070314720273
    },
    "barkbands_spread": {
        "dmean": 0.0285030398518,
        "dmean2": 0.0297044031322,
        "dvar": 0.002296814695,
        "dvar2": 0.00203991401941,
        "max": 1.49989950657,
        "mean": 0.479316830635,
        "median": 0.474614500999,
        "min": 0.320490956306,
        "var": 0.0108177680522
    },
    "dissonance": {
        "dmean": 0.0295397751033,
        "dmean2": 0.0487259291112,
        "dvar": 0.00047908569104,
        "dvar2": 0.0011505514849,
        "max": 0.478562861681,
        "mean": 0.393268704414,
        "median": 0.396565675735,
        "min": 0.300875991583,
        "var": 0.000916832475923
    },
    "dynamic_complexity": 0.341614365578,
    "erbbands_crest": {
        "dmean": 2.2754740715,
        "dmean2": 2.27480125427,
        "dvar": 1.49287509918,
        "dvar2": 1.51558852196,
        "max": 24.7733821869,
        "mean": 17.4461650848,
        "median": 17.1894741058,
        "min": 11.3116178513,
        "var": 9.74281215668
    },
    "erbbands_flatness_db": {
        "dmean": 0.0107222273946,
        "dmean2": 0.0151062747464,
        "dvar": 0.000158102033311,
        "dvar2": 0.000268387811957,
        "max": 0.43735396862,
        "mean": 0.394947946072,
        "median": 0.397260904312,
        "min": 0.198845937848,
        "var": 0.00050380063476
    },
    "erbbands_kurtosis": {
        "dmean": 11.4620304108,
        "dmean2": 15.5801849365,
        "dvar": 78.5010681152,
        "dvar2": 169.16619873,
        "max": 110.054580688,
        "mean": 55.6202926636,
        "median": 53.3233337402,
        "min": 13.8555812836,
        "var": 535.184570312
    },
    "erbbands_skewness": {
        "dmean": 0.736818313599,
        "dmean2": 1.02385008335,
        "dvar": 0.365247309208,
        "dvar2": 0.831732749939,
        "max": 7.98408985138,
        "mean": 4.47272920609,
        "median": 4.3266658783,
        "min": 2.12751579285,
        "var": 1.71941280365
    },
    "erbbands_spread": {
        "dmean": 0.176950961351,
        "dmean2": 0.264081835747,
        "dvar": 0.317517101765,
        "dvar2": 0.366828650236,
        "max": 11.886218071,
        "mean": 1.95665740967,
        "median": 1.85137939453,
        "min": 1.30451261997,
        "var": 0.509027838707
    },
    "hfc": {
        "dmean": 3.35105586052,
        "dmean2": 3.25725078583,
        "dvar": 2.74552369118,
        "dvar2": 2.59429955482,
        "max": 25.5560894012,
        "mean": 18.5743923187,
        "median": 18.4056110382,
        "min": 10.7958402634,
        "var": 15.5435533524
    },
    "melbands_crest": {
        "dmean": 1.51510643959,
        "dmean2": 1.47525036335,
        "dvar": 0.821139574051,
        "dvar2": 0.722459793091,
        "max": 31.5765609741,
        "mean": 27.7033119202,
        "median": 27.7245635986,
        "min": 16.0964050293,
        "var": 4.20474433899
    },
    "melbands_flatness_db": {
        "dmean": 0.0128940772265,
        "dmean2": 0.0187291633338,
        "dvar": 0.000237630156334,
        "dvar2": 0.000411333836382,
        "max": 0.751081824303,
        "mean": 0.696446359158,
        "median": 0.698689758778,
        "min": 0.435989588499,
        "var": 0.000917556229979
    },
    "melbands_kurtosis": {
        "dmean": 4.39448070526,
        "dmean2": 6.11847352982,
        "dvar": 28.6713008881,
        "dvar2": 62.9559631348,
        "max": 55.3219985962,
        "mean": 15.1838331223,
        "median": 13.8783540726,
        "min": 5.89425086975,
        "var": 51.3363380432
    },
    "melbands_skewness": {
        "dmean": 0.153246670961,
        "dmean2": 0.184176027775,
        "dvar": 0.027325199917,
        "dvar2": 0.0498503781855,
        "max": 3.30652046204,
        "mean": 1.58344566822,
        "median": 1.58528268337,
        "min": 1.05548584461,
        "var": 0.0571904443204
    },
    "melbands_spread": {
        "dmean": 0.0382963716984,
        "dmean2": 0.0384098179638,
        "dvar": 0.0012976025464,
        "dvar2": 0.00111362163443,
        "max": 1.11847913265,
        "mean": 0.405253946781,
        "median": 0.393623113632,
        "min": 0.262184768915,
        "var": 0.00720265321434
    },
    "pitch_salience": {
        "dmean": 0.0197538696229,
        "dmean2": 0.0198629107326,
        "dvar": 0.000339727528626,
        "dvar2": 0.000382919854019,
        "max": 0.666282534599,
        "mean": 0.341258615255,
        "median": 0.342790156603,
        "min": 0.241909697652,
        "var": 0.00228233332746
    },
    "silence_rate_20dB": {
        "dmean": 0,
        "dmean2": 0,
        "dvar": 0,
        "dvar2": 0,
        "max": 1,
        "mean": 1,
        "median": 1,
        "min": 1,
        "var": 0
    },
    "silence_rate_30dB": {
        "dmean": 0.00716845877469,
        "dmean2": 0.00719424476847,
        "dvar": 0.00711706420407,
        "dvar2": 0.00714246742427,
        "max": 1,
        "mean": 0.00714285718277,
        "median": 0,
        "min": 0,
        "var": 0.00709183793515
    },
    "silence_rate_60dB": {
        "dmean": 0,
        "dmean2": 0,
        "dvar": 0,
        "dvar2": 0,
        "max": 0,
        "mean": 0,
        "median": 0,
        "min": 0,
        "var": 0
    },
    "spectral_centroid": {
        "dmean": 4.50029325485,
        "dmean2": 4.57332658768,
        "dvar": 20.2845077515,
        "dvar2": 18.1115169525,
        "max": 224.124603271,
        "mean": 135.543548584,
        "median": 134.828826904,
        "min": 118.593147278,
        "var": 84.8770141602
    },
    "spectral_complexity": {
        "dmean": 0.974910378456,
        "dmean2": 1.40287768841,
        "dvar": 0.777148663998,
        "dvar2": 1.41323101521,
        "max": 6,
        "mean": 3.40000009537,
        "median": 4,
        "min": 1,
        "var": 1.5471419096
    },
    "spectral_decrease": {
        "dmean": 6.10475803242e-09,
        "dmean2": 5.93485172118e-09,
        "dvar": 9.03676952113e-18,
        "dvar2": 8.86649687358e-18,
        "max": -2.35064607779e-08,
        "mean": -4.05509013035e-08,
        "median": -4.00314732474e-08,
        "min": -5.1971372983e-08,
        "var": 5.11861215932e-17
    },
    "spectral_energy": {
        "dmean": 0.0233446769416,
        "dmean2": 0.0226947832853,
        "dvar": 0.000132121829665,
        "dvar2": 0.000129574415041,
        "max": 0.198458537459,
        "mean": 0.154732868075,
        "median": 0.152751728892,
        "min": 0.0896978229284,
        "var": 0.000748412741814
    },
    "spectral_energyband_high": {
        "dmean": 7.91477930306e-07,
        "dmean2": 1.12842531053e-06,
        "dvar": 1.12636480004e-11,
        "dvar2": 1.18816900763e-11,
        "max": 5.63435460208e-05,
        "mean": 1.55852524131e-06,
        "median": 1.06939069155e-06,
        "min": 2.56554045563e-07,
        "var": 1.16606490089e-11
    },
    "spectral_energyband_low": {
        "dmean": 0.0190129075199,
        "dmean2": 0.0184913128614,
        "dvar": 9.02971805772e-05,
        "dvar2": 9.11081951926e-05,
        "max": 0.177111402154,
        "mean": 0.138381913304,
        "median": 0.137810736895,
        "min": 0.0790687724948,
        "var": 0.000517730426509
    },
    "spectral_energyband_middle_high": {
        "dmean": 2.53744542533e-06,
        "dmean2": 3.22490427607e-06,
        "dvar": 2.51180937161e-10,
        "dvar2": 2.48033205086e-10,
        "max": 0.000280389213003,
        "mean": 7.77978948463e-06,
        "median": 6.53269853501e-06,
        "min": 2.44019361162e-06,
        "var": 2.72916494959e-10
    },
    "spectral_energyband_middle_low": {
        "dmean": 0.00862188544124,
        "dmean2": 0.00855098571628,
        "dvar": 2.07051107282e-05,
        "dvar2": 1.93638770725e-05,
        "max": 0.0653421059251,
        "mean": 0.0242334399372,
        "median": 0.0227243341506,
        "min": 0.00613131606951,
        "var": 0.00012467057968
    },
    "spectral_entropy": {
        "dmean": 0.0905128493905,
        "dmean2": 0.13069576025,
        "dvar": 0.0305598843843,
        "dvar2": 0.0379077792168,
        "max": 7.22892332077,
        "mean": 4.30484390259,
        "median": 4.27707576752,
        "min": 3.90121364594,
        "var": 0.0581716671586
    },
    "spectral_flux": {
        "dmean": 0.0228169225156,
        "dmean2": 0.0376937016845,
        "dvar": 0.000253950594924,
        "dvar2": 0.000504818279296,
        "max": 0.29949593544,
        "mean": 0.059387691319,
        "median": 0.0606184154749,
        "min": 0.0211575813591,
        "var": 0.000508722732775
    },
    "spectral_kurtosis": {
        "dmean": 22.3235492706,
        "dmean2": 37.7993965149,
        "dvar": 326.501098633,
        "dvar2": 969.20513916,
        "max": 164.576599121,
        "mean": 75.5474243164,
        "median": 72.6882858276,
        "min": 4.41909408569,
        "var": 831.045593262
    },
    "spectral_rms": {
        "dmean": 0.000930020585656,
        "dmean2": 0.000901025952771,
        "dvar": 2.06645196954e-07,
        "dvar2": 2.02736060828e-07,
        "max": 0.0139146717265,
        "mean": 0.0122380051762,
        "median": 0.0122076217085,
        "min": 0.00935468170792,
        "var": 1.19006108434e-06
    },
    "spectral_rolloff": {
        "dmean": 8.18107318878,
        "dmean2": 14.2521915436,
        "dvar": 109.234634399,
        "dvar2": 130.456985474,
        "max": 193.798828125,
        "mean": 141.350189209,
        "median": 129.19921875,
        "min": 129.19921875,
        "var": 186.867279053
    },
    "spectral_skewness": {
        "dmean": 1.13986754417,
        "dmean2": 1.96909403801,
        "dvar": 0.877475917339,
        "dvar2": 2.5313847065,
        "max": 10.5678043365,
        "mean": 6.99408483505,
        "median": 6.92309093475,
        "min": 2.29030704498,
        "var": 1.98730158806
    },
    "spectral_spread": {
        "dmean": 382875.3125,
        "dmean2": 599429.1875,
        "dvar": 1.75827255296e+12,
        "dvar2": 1.74526758912e+12,
        "max": 23731696,
        "mean": 1370972.625,
        "median": 1262881.5,
        "min": 623042.5,
        "var": 1.89314616525e+12
    },
    "spectral_strongpeak": {
        "dmean": 0.380255430937,
        "dmean2": 0.731971859932,
        "dvar": 0.106995761395,
        "dvar2": 0.119619220495,
        "max": 2.04198408127,
        "mean": 1.52378427982,
        "median": 1.53092694283,
        "min": 0.389837145805,
        "var": 0.125132650137
    },
    "zerocrossingrate": {
        "dmean": 0.000115507391456,
        "dmean2": 0.000191448401893,
        "dvar": 8.23675350148e-08,
        "dvar2": 1.46020866509e-07,
        "max": 0.00537109375,
        "mean": 0.00490548275411,
        "median": 0.0048828125,
        "min": 0.0029296875,
        "var": 6.50510969535e-08
    },
    "barkbands": {
        "dmean": [3.57641583832e-05, 0.00122251815628, 0.0165819618851, 0.00695087341592, 0.00252032349817, 0.000160835086717, 1.58820876095e-05, 5.00967280459e-06, 1.39796532039e-06, 6.4064875005e-07, 6.05668105891e-07, 5.42218003829e-07, 3.37237594294e-07, 2.69512469231e-07, 1.987272924e-07, 1.81814215239e-07, 1.3600944726e-07, 3.13367365834e-07, 4.10728432598e-07, 4.2178669446e-07, 2.54419887824e-07, 7.80869697792e-08, 6.48427729288e-08, 1.20365044154e-07, 4.32371187742e-08, 3.95671122533e-08, 3.39688455142e-08],
        "dmean2": [5.30283978151e-05, 0.0014704244677, 0.0160514209419, 0.00695738568902, 0.00243527558632, 0.000156887996127, 1.85852677532e-05, 6.26339169685e-06, 1.81694588264e-06, 8.96605058642e-07, 8.26363475426e-07, 7.87809938174e-07, 4.93481877584e-07, 3.7897183347e-07, 2.75022188134e-07, 2.47349845495e-07, 1.86736926366e-07, 4.48384923857e-07, 6.49463004265e-07, 6.59425097638e-07, 3.7747179249e-07, 1.09798783399e-07, 8.94848142252e-08, 1.66141930436e-07, 5.42992424357e-08, 4.90707918743e-08, 4.08990032952e-08],
        "dvar": [1.38301121666e-08, 5.77319156037e-07, 6.85143240844e-05, 1.27784160213e-05, 3.49273022948e-06, 2.11027408881e-08, 7.32640337286e-10, 1.29483451738e-10, 5.12059943059e-11, 1.48130327449e-11, 5.05789507499e-12, 5.45388430598e-12, 2.82196965448e-12, 2.13442111208e-12, 1.41262088832e-12, 1.32688846889e-12, 7.47291768396e-13, 7.09073479186e-13, 1.11942887685e-12, 5.95327823497e-13, 3.93422057085e-13, 2.3489031358e-13, 1.71168377324e-13, 1.91202048226e-13, 1.49695739745e-13, 1.51551568604e-13, 1.66187823594e-13],
        "dvar2": [1.45042582389e-08, 1.14072634005e-06, 6.85211707605e-05, 1.37109718708e-05, 3.3748988244e-06, 2.03158201373e-08, 1.31527422287e-09, 2.02372021918e-10, 5.23676796371e-11, 1.59925944015e-11, 5.11019742147e-12, 5.4604307187e-12, 2.69568980853e-12, 2.1006074484e-12, 1.4229714412e-12, 1.28051475673e-12, 7.5694545033e-13, 8.21637408718e-13, 1.53103094439e-12, 1.04919458538e-12, 5.18863164239e-13, 2.4474197083e-13, 1.72235056078e-13, 2.14211921855e-13, 1.49020742577e-13, 1.51102641142e-13, 1.66456258499e-13],
        "max": [0.00162555300631, 0.0254598055035, 0.141504555941, 0.0341094583273, 0.0294636003673, 0.00214739376679, 0.000357310986146, 0.00013560775551, 0.00013317023695, 6.756613584e-05, 4.03863086831e-05, 4.18387789978e-05, 3.01081781799e-05, 2.54452970694e-05, 2.02840292332e-05, 1.9978322598e-05, 1.47331347762e-05, 1.40651191032e-05, 1.65255314641e-05, 1.04319196907e-05, 9.80588902166e-06, 8.17816544441e-06, 7.02567149347e-06, 6.97336554367e-06, 6.55558824292e-06, 6.56147312839e-06, 6.86319572196e-06],
        "mean": [0.000216433501919, 0.0219997465611, 0.108274593949, 0.0157325174659, 0.00807051919401, 0.000373095739633, 4.0506824007e-05, 1.34307892949e-05, 2.90656475954e-06, 1.28895919715e-06, 1.20463619169e-06, 1.45459785017e-06, 7.15688599939e-07, 5.097052167e-07, 4.18213090825e-07, 3.39460569876e-07, 2.58880845649e-07, 6.22827542429e-07, 7.52299172291e-07, 7.43335135667e-07, 4.86448413994e-07, 1.44915162537e-07, 1.03325035639e-07, 2.00226736524e-07, 7.59187273047e-08, 6.47095035333e-08, 9.8699239004e-08],
        "median": [0.000203521922231, 0.0219772290438, 0.108848527074, 0.0146945435554, 0.00682040024549, 0.000278578780126, 1.99159148906e-05, 5.37770665687e-06, 2.00383055926e-06, 8.54531549521e-07, 8.88530507837e-07, 1.22734059005e-06, 5.63604032777e-07, 3.87365048482e-07, 3.12083045628e-07, 2.34657022702e-07, 1.82277261729e-07, 4.61812902586e-07, 5.7540518128e-07, 5.2721532029e-07, 3.56963255399e-07, 1.00068234588e-07, 5.98308389499e-08, 6.46525535331e-08, 4.25892103806e-08, 3.03421039405e-08, 7.04843756694e-08],
        "min": [8.16416577436e-05, 0.0184542350471, 0.0444715842605, 0.00324404868297, 0.00258861365728, 5.43495189049e-05, 5.18133401783e-06, 1.766855803e-06, 2.43669290967e-07, 1.99131463319e-07, 1.15333193662e-07, 1.41909723084e-07, 5.85150807808e-08, 6.18595237256e-08, 7.40682324363e-08, 3.59777985182e-08, 3.54279841019e-08, 1.25374640447e-07, 1.51782359126e-07, 8.43336707135e-08, 5.61837047997e-08, 2.18117328643e-08, 1.45495793191e-08, 1.10648343821e-08, 1.03897415116e-08, 1.353937229e-08, 3.09994838688e-08],
        "var": [1.44998502094e-08, 2.00396129912e-06, 0.000404158141464, 6.83784674038e-05, 1.62574051501e-05, 8.23977046593e-08, 2.85273205058e-09, 5.80659131888e-10, 6.66830965446e-11, 1.65026083077e-11, 6.13901637858e-12, 6.34014065207e-12, 3.19817219582e-12, 2.27544545706e-12, 1.44009879976e-12, 1.40124858331e-12, 7.6633285221e-13, 7.97222205785e-13, 1.16523316603e-12, 6.84707444822e-13, 4.30687684952e-13, 2.37406394456e-13, 1.7562593903e-13, 2.35050775501e-13, 1.51766674315e-13, 1.52454912301e-13, 1.64454333398e-13]
    },
    "erbbands": {
        "dmean": [0.00741910422221, 0.300933480263, 11.0613260269, 25.5887737274, 13.5950241089, 6.70048332214, 2.74081754684, 1.09051072598, 0.269928395748, 0.202088132501, 0.0615958608687, 0.0333846919239, 0.0182063635439, 0.0228227954358, 0.0214093569666, 0.0192430838943, 0.0152708515525, 0.011753808707, 0.0120520284399, 0.00995105970651, 0.00956098828465, 0.00764852110296, 0.0135222729295, 0.0238859541714, 0.0163842923939, 0.0209630466998, 0.0154450992122, 0.0065025803633, 0.00295114610344, 0.0025626718998, 0.00167165091261, 0.00240710517392, 0.00200912519358, 0.000479625596199, 0.000359080062481, 0.000200669906917, 7.07900762791e-05, 2.05144897336e-05, 1.41191121656e-05, 2.57165975199e-05],
        "dmean2": [0.0115166502073, 0.416524797678, 10.8069677353, 25.1581096649, 13.3387832642, 6.48632764816, 2.66092443466, 1.06833016872, 0.275967150927, 0.244141638279, 0.0816211998463, 0.0436972677708, 0.0240884553641, 0.0333364978433, 0.0300546679646, 0.0274026673287, 0.0217199213803, 0.0167534258217, 0.0166751630604, 0.0133605636656, 0.0127632087097, 0.010535611771, 0.0192827638239, 0.0362617969513, 0.0249735433608, 0.0324425250292, 0.0239123273641, 0.00954861938953, 0.00416690483689, 0.00370858772658, 0.00225397804752, 0.00329519785009, 0.0027917958796, 0.000585715519264, 0.000466425262857, 0.000253383797826, 8.48526397021e-05, 2.41850048042e-05, 1.38876557685e-05, 2.50035809586e-05],
        "dvar": [0.000217425855226, 0.0627820491791, 38.2953147888, 170.966064453, 52.9938659668, 27.1734466553, 4.15193510056, 1.48915028572, 0.139859899879, 0.180995896459, 0.0207048393786, 0.0264708027244, 0.0145314941183, 0.0136560741812, 0.0080178854987, 0.00790099520236, 0.00748867308721, 0.00455494271591, 0.00569631112739, 0.00342541118152, 0.00371036003344, 0.00245447643101, 0.00196851859801, 0.00246096821502, 0.00232599140145, 0.00142616208177, 0.000899706908967, 0.000494440959301, 0.00030785985291, 0.000224505143706, 0.00012702413369, 8.83102111402e-05, 4.97111650475e-05, 1.84817527042e-05, 7.69028702052e-06, 2.34545427702e-06, 5.24268727986e-07, 6.55312746289e-08, 3.43498296473e-09, 1.85302162503e-10],
        "dvar2": [0.000252297788393, 0.0904340445995, 39.5828857422, 160.709411621, 45.8325119019, 24.7033634186, 4.31229877472, 1.49779129028, 0.15581177175, 0.280056893826, 0.0336014553905, 0.0268206838518, 0.0142368692905, 0.0154698910192, 0.00748595921323, 0.00804075784981, 0.00721438089386, 0.00449644820765, 0.00568731082603, 0.003322618315, 0.00368001661263, 0.0024811506737, 0.00215824344195, 0.0032752819825, 0.00293510849588, 0.00247476319782, 0.00149072066415, 0.000553130113985, 0.000321220781188, 0.000234619699768, 0.000127068604343, 9.92123095784e-05, 5.59907202842e-05, 1.82861876965e-05, 7.71051782067e-06, 2.34278104472e-06, 5.23049095591e-07, 6.55795133753e-08, 3.40233818896e-09, 1.7203624636e-10],
        "max": [0.29710689187, 10.069565773, 138.722412109, 120.252601624, 129.012969971, 79.2102355957, 24.6977920532, 21.1899414062, 7.45443153381, 5.43073177338, 2.05795741081, 3.0800485611, 2.17401194572, 2.06205415726, 1.64343345165, 1.58252799511, 1.54672908783, 1.18087887764, 1.29372990131, 1.01836967468, 1.04585707188, 0.842964231968, 0.753887057304, 0.793419182301, 0.773849904537, 0.515403866768, 0.415284872055, 0.368053734303, 0.295425117016, 0.252255380154, 0.191811040044, 0.153578266501, 0.109255321324, 0.0730834677815, 0.0469718463719, 0.0259331539273, 0.0122189046815, 0.00430120015517, 0.00104630517308, 0.000252605386777],
        "mean": [0.12978990376, 9.09693908691, 114.728378296, 73.5465087891, 51.8456687927, 15.6265087128, 6.12793254852, 2.73249340057, 0.756333887577, 0.543722689152, 0.181536450982, 0.0768356323242, 0.0417478196323, 0.0464751645923, 0.0520765706897, 0.0561006367207, 0.0362845025957, 0.0237748324871, 0.0235736314207, 0.0219452437013, 0.0181592442095, 0.015492297709, 0.0283662285656, 0.0455399155617, 0.0306124612689, 0.0369132570922, 0.027331655845, 0.0127770425752, 0.00554424943402, 0.00410315813497, 0.00278698652983, 0.00401576794684, 0.00333332037553, 0.000909098424017, 0.00066256854916, 0.00038252901868, 0.000148995794007, 3.83629412681e-05, 8.05128802313e-05, 0.000169420600287],
        "median": [0.128577560186, 9.13668251038, 115.269546509, 70.9223632812, 50.3225097656, 12.6815681458, 4.75569295883, 2.14937782288, 0.442971169949, 0.227927565575, 0.0852362811565, 0.0545890182257, 0.0289714187384, 0.0294099971652, 0.0427871569991, 0.0429999753833, 0.0296838860959, 0.0176793448627, 0.016956474632, 0.0171100571752, 0.0131543856114, 0.0110357506201, 0.0219933651388, 0.0350023470819, 0.0224699750543, 0.0263989083469, 0.019665595144, 0.00918479636312, 0.0036713515874, 0.00264058960602, 0.00151091557927, 0.00155033427291, 0.0010901724454, 0.000471280771308, 0.000408848631196, 0.000226826523431, 8.99276637938e-05, 2.22028156713e-05, 7.6625685324e-05, 0.000167000805959],
        "min": [0.0920695960522, 6.07199573517, 43.277557373, 30.6534805298, 16.3431720734, 3.07493257523, 0.969759583473, 0.498857140541, 0.156383007765, 0.0573023930192, 0.0360185280442, 0.0141055444255, 0.00945747364312, 0.00598086090758, 0.0081317666918, 0.00890505034477, 0.00356388534419, 0.00439210375771, 0.0052037560381, 0.00402672355995, 0.00323913083412, 0.00293154665269, 0.00694516021758, 0.00708284694701, 0.00530294049531, 0.00399083970115, 0.00327842799015, 0.00171937886626, 0.000895077188034, 0.000593871693127, 0.000429719540989, 0.00029758940218, 0.000232594728004, 0.000145564321429, 0.000137473412906, 0.000100531950011, 5.03897681483e-05, 9.42370479606e-06, 4.58020695078e-05, 9.82578712865e-05],
        "var": [0.00022668580641, 0.191240876913, 203.902389526, 880.060974121, 400.427947998, 111.585029602, 19.4807891846, 4.34402704239, 0.700999319553, 0.722436606884, 0.0797918215394, 0.0356562323868, 0.0168588198721, 0.0159500837326, 0.00975090544671, 0.00925176031888, 0.00838098209351, 0.00489838514477, 0.00585881434381, 0.003631522879, 0.0038419412449, 0.00249802833423, 0.0021279011853, 0.00275367870927, 0.00241808383726, 0.0016643992858, 0.00103576097172, 0.000514295883477, 0.000310796545818, 0.000227062730119, 0.000130914733745, 0.000102163598058, 6.3490406319e-05, 1.89094935195e-05, 7.79191486799e-06, 2.38844381784e-06, 5.24774122823e-07, 6.5178845432e-08, 3.49968765079e-09, 9.06915542664e-10]
    },
    "gfcc": {
        "mean": [-195.585830688, 183.914535522, 14.1604957581, 65.5891876221, -5.74645709991, -12.5132102966, -15.9265556335, -20.0200824738, -28.0474281311, -17.6021080017, -5.0678601265, -21.7345161438, -9.57972717285],
        "cov": [[481.781768799, -80.7241439819, -61.6815910339, 21.521194458, -154.223083496, -1.93603074551, -109.351448059, 23.7892036438, -14.4877214432, -11.0198087692, 33.1653709412, -22.9739551544, -0.379352748394], [-80.7241439819, 114.032844543, 26.1354064941, -70.6488189697, 21.9524745941, -29.2347049713, -19.8823738098, -16.579372406, 16.3221664429, -9.06466007233, 4.09600830078, 14.2693843842, 3.58988022804], [-61.6815910339, 26.1354064941, 43.0742912292, -14.7933034897, 8.09588718414, -6.22438716888, -14.2731313705, -1.65310239792, 2.53684663773, -3.19284677505, 2.42074036598, 0.927611887455, 4.35692501068], [21.521194458, -70.6488189697, -14.7933034897, 77.1897964478, -0.339105635881, 0.426094293594, 25.1509780884, -4.39540529251, -11.9852027893, 4.8712387085, -7.29059886932, -11.2197799683, -0.315935283899], [-154.223083496, 21.9524745941, 8.09588718414, -0.339105635881, 86.0789031982, -3.42458033562, 42.4167823792, -22.968503952, -4.24404525757, 0.810861229897, -26.7093906403, 17.2721366882, 3.04091238976], [-1.93603074551, -29.2347049713, -6.22438716888, 0.426094293594, -3.42458033562, 32.1306495667, 7.51768302917, 8.27469539642, -6.96396350861, -0.0144234383479, 4.70416688919, -2.25658035278, 0.681184947491], [-109.351448059, -19.8823738098, -14.2731313705, 25.1509780884, 42.4167823792, 7.51768302917, 71.2129745483, -6.57628107071, -3.16616368294, 9.72905826569, -23.0725097656, 2.90122795105, -5.97684764862], [23.7892036438, -16.579372406, -1.65310239792, -4.39540529251, -22.968503952, 8.27469539642, -6.57628107071, 26.7753047943, 2.85472130775, -0.502789258957, 7.79248046875, -5.44098997116, -3.66981267929], [-14.4877214432, 16.3221664429, 2.53684663773, -11.9852027893, -4.24404525757, -6.96396350861, -3.16616368294, 2.85472130775, 15.5761528015, 4.02852153778, -1.48625993729, -0.68785738945, -3.36215829849], [-11.0198087692, -9.06466007233, -3.19284677505, 4.8712387085, 0.810861229897, -0.0144234383479, 9.72905826569, -0.502789258957, 4.02852153778, 14.7336940765, -2.64134383202, -5.45128393173, -3.78985667229], [33.1653709412, 4.09600830078, 2.42074036598, -7.29059886932, -26.7093906403, 4.70416688919, -23.0725097656, 7.79248046875, -1.48625993729, -2.64134383202, 25.4479484558, -5.35788297653, -2.08570623398], [-22.9739551544, 14.2693843842, 0.927611887455, -11.2197799683, 17.2721366882, -2.25658035278, 2.90122795105, -5.44098997116, -0.68785738945, -5.45128393173, -5.35788297653, 13.6919488907, 1.5984480381], [-0.379352748394, 3.58988022804, 4.35692501068, -0.315935283899, 3.04091238976, 0.681184947491, -5.97684764862, -3.66981267929, -3.36215829849, -3.78985667229, -2.08570623398, 1.5984480381, 10.1846027374]],
        "icov": [[0.234541133046, 0.362009972334, 0.299634426832, 0.314375221729, 0.278998494148, 0.336175769567, 0.269809752703, 0.258690059185, 0.250613242388, 0.216796413064, 0.171038225293, 0.15892650187, 0.0819585472345], [0.362009972334, 0.772292852402, 0.443263679743, 0.683013498783, 0.391962438822, 0.698127508163, 0.340126305819, 0.512331962585, 0.289751142263, 0.46305039525, 0.12851844728, 0.329363614321, 0.0359017476439], [0.299634426832, 0.443263679743, 0.415736764669, 0.388047575951, 0.348622322083, 0.418637931347, 0.358378976583, 0.316656947136, 0.325263023376, 0.269487380981, 0.225779503584, 0.209764271975, 0.10240290314], [0.314375221729, 0.683013498783, 0.388047575951, 0.628211975098, 0.341179043055, 0.623627781868, 0.282619893551, 0.454934954643, 0.265811175108, 0.412509948015, 0.109892986715, 0.315141707659, 0.0249418392777], [0.278998494148, 0.391962438822, 0.348622322083, 0.341179043055, 0.373846828938, 0.366715192795, 0.318377703428, 0.302671402693, 0.323774248362, 0.230324015021, 0.241334110498, 0.146532192826, 0.112446121871], [0.336175769567, 0.698127508163, 0.418637931347, 0.623627781868, 0.366715192795, 0.678361475468, 0.311547368765, 0.449904233217, 0.300295054913, 0.414644449949, 0.119521193206, 0.304949581623, 0.0268254671246], [0.269809752703, 0.340126305819, 0.358378976583, 0.282619893551, 0.318377703428, 0.311547368765, 0.376310497522, 0.252787202597, 0.324507951736, 0.19311273098, 0.264864563942, 0.155258178711, 0.150504246354], [0.258690059185, 0.512331962585, 0.316656947136, 0.454934954643, 0.302671402693, 0.449904233217, 0.252787202597, 0.404890954494, 0.214584738016, 0.320542156696, 0.119307152927, 0.229207381606, 0.0600537322462], [0.250613242388, 0.289751142263, 0.325263023376, 0.265811175108, 0.323774248362, 0.300295054913, 0.324507951736, 0.214584738016, 0.421031296253, 0.147006005049, 0.266252875328, 0.137789905071, 0.153899669647], [0.216796413064, 0.46305039525, 0.269487380981, 0.412509948015, 0.230324015021, 0.414644449949, 0.19311273098, 0.320542156696, 0.147006005049, 0.388810366392, 0.0838042348623, 0.254925906658, 0.0450607202947], [0.171038225293, 0.12851844728, 0.225779503584, 0.109892986715, 0.241334110498, 0.119521193206, 0.264864563942, 0.119307152927, 0.266252875328, 0.0838042348623, 0.293784290552, 0.0781663656235, 0.153243467212], [0.15892650187, 0.329363614321, 0.209764271975, 0.315141707659, 0.146532192826, 0.304949581623, 0.155258178711, 0.229207381606, 0.137789905071, 0.254925906658, 0.0781663656235, 0.299724638462, 0.0287371464074], [0.0819585472345, 0.0359017476439, 0.10240290314, 0.0249418392777, 0.112446121871, 0.0268254671246, 0.150504246354, 0.0600537322462, 0.153899669647, 0.0450607202947, 0.153243467212, 0.0287371464074, 0.214592188597]]
    },
    "melbands": {
        "dmean": [0.000187633282621, 0.00412932410836, 0.00418152008206, 0.00067370000761, 0.000119321113743, 2.42505630013e-05, 3.68015366803e-06, 1.94023937183e-06, 4.2197075345e-07, 1.93295193185e-07, 9.035337456e-08, 9.18061999755e-08, 7.35800966822e-08, 6.39101926936e-08, 4.68544349985e-08, 2.642393504e-08, 2.32560282143e-08, 2.18592397516e-08, 1.54235220151e-08, 1.32094282179e-08, 1.16641363235e-08, 8.54198312084e-09, 9.39740285588e-09, 1.6056636909e-08, 2.11083150958e-08, 1.50580721225e-08, 1.18685132833e-08, 1.42286369353e-08, 1.17447154224e-08, 5.84914650048e-09, 3.13973069765e-09, 1.73525926961e-09, 1.41103806417e-09, 1.4571481799e-09, 9.05600705536e-10, 1.02543229463e-09, 1.71885539135e-09, 1.67520297634e-09, 6.97065238864e-10, 3.15660358963e-10],
        "dmean2": [0.000237905565882, 0.00403158087283, 0.00408911006525, 0.000651780399494, 0.000115344424557, 2.3663187676e-05, 3.99891814595e-06, 2.3665079425e-06, 5.80267112582e-07, 2.54082493711e-07, 1.2210692546e-07, 1.35973394322e-07, 1.03314413025e-07, 9.4836124731e-08, 6.76824214452e-08, 3.85768110789e-08, 3.33518066498e-08, 3.0720148203e-08, 2.08192378892e-08, 1.80016161977e-08, 1.61074105165e-08, 1.18287797335e-08, 1.41340610327e-08, 2.30473222729e-08, 3.2585973031e-08, 2.42138185058e-08, 1.82990955722e-08, 2.2344405437e-08, 1.84638206946e-08, 8.94180551825e-09, 4.67381067182e-09, 2.44499553936e-09, 2.01872651928e-09, 2.15643525259e-09, 1.23031995702e-09, 1.43324729862e-09, 2.38165376309e-09, 2.35121300207e-09, 9.07422970098e-10, 3.86909837502e-10],
        "dvar": [1.92091444973e-08, 5.07753520651e-06, 4.47346019428e-06, 1.98567136067e-07, 7.79496822645e-09, 6.82307321753e-10, 2.99093631806e-11, 1.83342629273e-11, 1.41612849919e-12, 8.90416267194e-13, 3.15882438479e-13, 2.12200672615e-13, 7.78759516725e-14, 7.26089381762e-14, 4.50905656671e-14, 2.4610325442e-14, 1.59680042355e-14, 1.7223015684e-14, 7.08501809874e-15, 6.35796186275e-15, 4.54186181395e-15, 2.93930470038e-15, 1.50542339858e-15, 1.69461244252e-15, 1.62326336336e-15, 1.83965878792e-15, 7.26450342735e-16, 5.99528490698e-16, 4.21258442608e-16, 2.12220531514e-16, 1.58131495662e-16, 1.0217037803e-16, 7.66456291169e-17, 6.7116415816e-17, 4.46472654685e-17, 3.14236782635e-17, 3.44358763164e-17, 2.65608770026e-17, 1.80338261011e-17, 1.16304290734e-17],
        "dvar2": [3.49215980577e-08, 5.29525914317e-06, 4.17252749685e-06, 1.7911825978e-07, 7.93770826846e-09, 6.79464762232e-10, 3.76760983523e-11, 2.7842521691e-11, 2.18714846581e-12, 8.7038172893e-13, 3.14668836777e-13, 2.45551327752e-13, 7.3394849226e-14, 7.08907758884e-14, 4.61128022973e-14, 2.3478702977e-14, 1.58988033378e-14, 1.71028149325e-14, 7.11277367435e-15, 6.02609223643e-15, 4.57369161804e-15, 2.98115236314e-15, 1.57286447948e-15, 2.03589980466e-15, 2.29838493886e-15, 2.55097376362e-15, 9.96577990521e-16, 1.0934693482e-15, 7.55387370493e-16, 2.94177427787e-16, 1.6712960607e-16, 1.0694518878e-16, 8.01443384102e-17, 7.00440396144e-17, 4.46032329901e-17, 3.18319481441e-17, 4.18731730092e-17, 3.22113858172e-17, 1.7979293392e-17, 1.15056364703e-17],
        "max": [0.00430041179061, 0.0512210465968, 0.0214345101267, 0.00807386171073, 0.00109872419853, 0.00044481336954, 9.90092812572e-05, 5.40206383448e-05, 1.93068044609e-05, 1.80259266926e-05, 1.01054038169e-05, 8.11415611679e-06, 5.13938084623e-06, 4.84504835185e-06, 3.74881574317e-06, 2.80462836599e-06, 2.20414040086e-06, 2.25491294259e-06, 1.44089915466e-06, 1.39899589158e-06, 1.15086504593e-06, 9.21585240121e-07, 6.58998374092e-07, 6.81910819367e-07, 6.26525036296e-07, 6.59894055843e-07, 4.19120567585e-07, 3.18710277725e-07, 2.69055703939e-07, 2.22700336394e-07, 2.11136793382e-07, 1.70136473798e-07, 1.47475830659e-07, 1.37786130949e-07, 1.13562478532e-07, 9.50922185439e-08, 9.30218249096e-08, 7.49299715608e-08, 7.17835177966e-08, 5.78918815108e-08],
        "mean": [0.003096108092, 0.0422950051725, 0.0136300753802, 0.00223062094301, 0.000289235118544, 6.0413571191e-05, 1.0207339983e-05, 5.23496828464e-06, 1.13578471428e-06, 4.09015569858e-07, 1.94104131879e-07, 1.81766083074e-07, 1.65543738717e-07, 1.66747852859e-07, 1.20688511629e-07, 5.59232304909e-08, 4.39889653592e-08, 3.91358803142e-08, 3.38978196623e-08, 2.43369733255e-08, 2.07114485562e-08, 1.54135442187e-08, 1.87500770465e-08, 3.0936000428e-08, 3.88696861364e-08, 2.51151597297e-08, 2.17823750148e-08, 2.42710989085e-08, 1.95195042352e-08, 1.0643498527e-08, 5.98847194055e-09, 3.11469161574e-09, 2.40225772608e-09, 2.16850648549e-09, 1.46008494184e-09, 1.67150615571e-09, 2.75839528996e-09, 2.63509636333e-09, 1.25184851374e-09, 5.02011043846e-10],
        "median": [0.0030963649042, 0.0424649268389, 0.0134638026357, 0.00197233189829, 0.000225596188102, 4.67077334179e-05, 5.51291486772e-06, 2.062711701e-06, 5.8920028323e-07, 2.84063702338e-07, 1.31051336894e-07, 1.13219819298e-07, 1.31905480316e-07, 1.41548497368e-07, 9.53149879024e-08, 4.43828227503e-08, 3.32317000584e-08, 2.75212386214e-08, 2.57755274902e-08, 1.67256573036e-08, 1.45480596458e-08, 1.07877404787e-08, 1.38086306833e-08, 2.27627481308e-08, 2.98092324158e-08, 1.80191719323e-08, 1.55307908756e-08, 1.69784755144e-08, 1.38608529099e-08, 7.38710248527e-09, 4.27021529248e-09, 2.02504879532e-09, 1.57986435045e-09, 1.28198096583e-09, 7.90595588995e-10, 7.17646386761e-10, 9.54103240858e-10, 7.14434844618e-10, 6.43276432122e-10, 2.23071575101e-10],
        "min": [0.00256089610048, 0.0182870924473, 0.00603470113128, 0.000617173442151, 5.37573687325e-05, 1.04284208646e-05, 1.97824101633e-06, 5.29719613951e-07, 1.99516463795e-07, 3.85935834402e-08, 4.14994403286e-08, 1.9414999386e-08, 2.2064620353e-08, 1.67149174501e-08, 1.26486652263e-08, 5.94821747413e-09, 4.64446969772e-09, 6.71805056029e-09, 5.22113596801e-09, 3.61004248717e-09, 3.02073077663e-09, 1.67385494354e-09, 3.13723647061e-09, 5.08807795896e-09, 4.91893503707e-09, 3.66255559214e-09, 2.8678752706e-09, 2.1866499722e-09, 2.26079777121e-09, 1.26818566759e-09, 8.02634791963e-10, 5.49294887353e-10, 3.03169545024e-10, 2.84214568547e-10, 2.00544497675e-10, 1.58040011633e-10, 1.03358085979e-10, 1.22762980337e-10, 1.00666225356e-10, 6.61721788475e-11],
        "var": [4.71939074487e-08, 2.77090184682e-05, 2.39097844315e-05, 1.13020860226e-06, 3.91381433928e-08, 2.14974171797e-09, 1.43040079781e-10, 7.53205275927e-11, 3.37368024142e-12, 1.21926351394e-12, 3.65604952996e-13, 2.47683438429e-13, 9.76557837417e-14, 8.44216393298e-14, 5.06455263198e-14, 2.75746307434e-14, 1.71457120691e-14, 1.78594965693e-14, 7.30691108476e-15, 6.88378763442e-15, 4.67836413801e-15, 3.00304202383e-15, 1.56442559611e-15, 1.95272582792e-15, 1.83940785441e-15, 1.85815078771e-15, 8.23030468749e-16, 6.99807450775e-16, 5.0064893493e-16, 2.26271299332e-16, 1.62584797852e-16, 1.03185308789e-16, 7.74465384732e-17, 6.79598488733e-17, 4.56666696205e-17, 3.35956791898e-17, 4.17034421649e-17, 3.72209074121e-17, 1.91288626852e-17, 1.1848928005e-17]
    },
    "mfcc": {
        "mean": [-879.545043945, 212.99017334, 89.742767334, 87.8065719604, 40.950843811, 22.4688720703, 26.4760780334, -0.337620586157, -7.37568187714, -2.66496634483, -7.25989532471, -1.94158756733, -5.9083275795],
        "cov": [[462.415679932, -61.5141181946, -39.1295623779, 5.78095054626, -60.7258338928, -60.7390174866, -44.4196968079, -41.5494003296, -42.4475631714, 17.3905735016, -35.8759078979, 30.5973758698, -31.1951961517], [-61.5141181946, 128.670211792, 19.3691368103, -58.2850418091, 27.1470012665, -25.9272136688, -36.0482711792, -0.764296114445, -12.3965845108, -26.467086792, 1.61038243771, -5.68587732315, 14.2106924057], [-39.1295623779, 19.3691368103, 43.2655906677, -16.4314346313, 9.29203033447, -17.9394187927, -10.8602075577, -4.87054681778, -8.533162117, 3.5443687439, -4.83735370636, 14.3206310272, -1.70104944706], [5.78095054626, -58.2850418091, -16.4314346313, 72.2728118896, -13.1850385666, 17.2525005341, 17.6265392303, -6.20064210892, 9.96244907379, 7.44999313354, -2.72864842415, -11.5353832245, -7.65419197083], [-60.7258338928, 27.1470012665, 9.29203033447, -13.1850385666, 38.1876678467, 2.05103111267, -8.0991859436, 4.12420558929, -4.73288488388, -12.4342956543, -4.01439714432, -5.33540773392, 2.86824250221], [-60.7390174866, -25.9272136688, -17.9394187927, 17.2525005341, 2.05103111267, 46.6171150208, 23.6224327087, 5.39996862411, 14.2019271851, -1.86343085766, 5.9898443222, -22.7374286652, 6.53036785126], [-44.4196968079, -36.0482711792, -10.8602075577, 17.6265392303, -8.0991859436, 23.6224327087, 38.1748847961, 9.49863624573, 7.93205118179, 3.35596776009, 3.71975803375, -4.35385274887, 0.999949276447], [-41.5494003296, -0.764296114445, -4.87054681778, -6.20064210892, 4.12420558929, 5.39996862411, 9.49863624573, 23.1085834503, 8.06893634796, -7.57872200012, 7.23841714859, -7.72997188568, 3.15387821198], [-42.4475631714, -12.3965845108, -8.533162117, 9.96244907379, -4.73288488388, 14.2019271851, 7.93205118179, 8.06893634796, 25.4931583405, 3.00525164604, 5.87766027451, -8.81060600281, 2.06370186806], [17.3905735016, -26.467086792, 3.5443687439, 7.44999313354, -12.4342956543, -1.86343085766, 3.35596776009, -7.57872200012, 3.00525164604, 22.4345855713, 1.28058063984, 7.8424654007, -4.74357318878], [-35.8759078979, 1.61038243771, -4.83735370636, -2.72864842415, -4.01439714432, 5.9898443222, 3.71975803375, 7.23841714859, 5.87766027451, 1.28058063984, 21.9534225464, -1.2213037014, 0.0372157916427], [30.5973758698, -5.68587732315, 14.3206310272, -11.5353832245, -5.33540773392, -22.7374286652, -4.35385274887, -7.72997188568, -8.81060600281, 7.8424654007, -1.2213037014, 38.5690765381, -7.49696779251], [-31.1951961517, 14.2106924057, -1.70104944706, -7.65419197083, 2.86824250221, 6.53036785126, 0.999949276447, 3.15387821198, 2.06370186806, -4.74357318878, 0.0372157916427, -7.49696779251, 17.4478359222]],
