{
"lowlevel": {
    "average_loudness": 0.952475905418,
    "barkbands_crest": {
        "dmean": 2.16176652908,
        "dmean2": 3.5966398716,
        "dvar": 5.25055932999,
        "dvar2": 13.3749608994,
        "max": 25.9299068451,
        "mean": 15.6731643677,
        "median": 15.1073141098,
        "min": 8.12411499023,
        "var": 20.0960235596
    },
    "barkbands_flatness_db": {
        "dmean": 0.0248888842762,
        "dmean2": 0.0409797169268,
        "dvar": 0.000992671470158,
        "dvar2": 0.00217493087985,
        "max": 0.645117521286,
        "mean": 0.423698067665,
        "median": 0.418264746666,
        "min": 0.172370359302,
        "var": 0.00328581756912
    },
    "barkbands_kurtosis": {
        "dmean": 5.98087739944,
        "dmean2": 8.63900661469,
        "dvar": 155.371170044,
        "dvar2": 329.531341553,
        "max": 148.552932739,
        "mean": 9.93417930603,
        "median": 2.27746629715,
        "min": -1.76593697071,
        "var": 446.901519775
    },
    "barkbands_skewness": {
        "dmean": 0.618822097778,
        "dmean2": 0.92499768734,
        "dvar": 0.532312393188,
        "dvar2": 1.04360902309,
        "max": 8.30978775024,
        "mean": 1.11086285114,
        "median": 0.825599789619,
        "min": -3.22812771797,
        "var": 2.90719127655
    },
    "barkbands_spread": {
        "dmean": 0.318306237459,
        "dmean2": 0.505872666836,
        "dvar": 0.172495022416,
        "dvar2": 0.382453024387,
        "max": 6.55854415894,
        "mean": 1.83227539062,
        "median": 1.681235075,
        "min": 0.226633429527,
        "var": 1.08800661564
    },
    "dissonance": {
        "dmean": 0.0798881500959,
        "dmean2": 0.139529153705,
        "dvar": 0.00515403598547,
        "dvar2": 0.0139398705214,
        "max": 0.496069133282,
        "mean": 0.267959266901,
        "median": 0.253339141607,
        "min": 0.0460463650525,
        "var": 0.00739566329867
    },
    "dynamic_complexity": 3.23665189743,
    "erbbands_crest": {
        "dmean": 2.57531285286,
        "dmean2": 4.17578792572,
        "dvar": 8.43559741974,
        "dvar2": 22.3765563965,
        "max": 30.0933876038,
        "mean": 17.9134063721,
        "median": 17.0376243591,
        "min": 8.04654693604,
        "var": 25.4823684692
    },
    "erbbands_flatness_db": {
        "dmean": 0.0212983861566,
        "dmean2": 0.0335565544665,
        "dvar": 0.000721895543393,
        "dvar2": 0.00148244900629,
        "max": 0.627039968967,
        "mean": 0.445986509323,
        "median": 0.446972072124,
        "min": 0.209622099996,
        "var": 0.00279811327346
    },
    "erbbands_kurtosis": {
        "dmean": 2.79696536064,
        "dmean2": 4.1660618782,
        "dvar": 22.7763233185,
        "dvar2": 51.0593681335,
        "max": 74.7688980103,
        "mean": 4.44980382919,
        "median": 1.68905067444,
        "min": -1.59949946404,
        "var": 91.407913208
    },
    "erbbands_skewness": {
        "dmean": 0.492916584015,
        "dmean2": 0.73728120327,
        "dvar": 0.296129703522,
        "dvar2": 0.709555745125,
        "max": 5.62247085571,
        "mean": 0.487799495459,
        "median": 0.271613180637,
        "min": -2.64193964005,
        "var": 1.80946826935
    },
    "erbbands_spread": {
        "dmean": 0.651060938835,
        "dmean2": 1.0315707922,
        "dvar": 0.650840580463,
        "dvar2": 1.56019842625,
        "max": 14.1952209473,
        "mean": 3.85015583038,
        "median": 3.59227657318,
        "min": 0.388054460287,
        "var": 4.19600772858
    },
    "hfc": {
        "dmean": 3.81817221642,
        "dmean2": 6.5130033493,
        "dvar": 53.872215271,
        "dvar2": 134.22052002,
        "max": 58.8092193604,
        "mean": 12.8409786224,
        "median": 11.2036132812,
        "min": 0.37505659461,
        "var": 108.742340088
    },
    "melbands_crest": {
        "dmean": 2.59755563736,
        "dmean2": 4.25629329681,
        "dvar": 6.96820402145,
        "dvar2": 18.1650009155,
        "max": 32.6209373474,
        "mean": 19.6918449402,
        "median": 18.973690033,
        "min": 8.27984523773,
        "var": 27.1752567291
    },
    "melbands_flatness_db": {
        "dmean": 0.0251941177994,
        "dmean2": 0.041094917804,
        "dvar": 0.00103334954474,
        "dvar2": 0.0022943711374,
        "max": 0.735598862171,
        "mean": 0.51008361578,
        "median": 0.505174458027,
        "min": 0.258868038654,
        "var": 0.00344101968221
    },
    "melbands_kurtosis": {
        "dmean": 3.12382268906,
        "dmean2": 4.81492137909,
        "dvar": 42.207862854,
        "dvar2": 95.295501709,
        "max": 82.0743408203,
        "mean": 4.52264642715,
        "median": 0.541892528534,
        "min": -1.70415651798,
        "var": 101.798751831
    },
    "melbands_skewness": {
        "dmean": 0.484892845154,
        "dmean2": 0.757469654083,
        "dvar": 0.329788386822,
        "dvar2": 0.77482688427,
        "max": 6.1106543541,
        "mean": 0.974099338055,
        "median": 0.812193274498,
        "min": -2.37768888474,
        "var": 1.49014949799
    },
    "melbands_spread": {
        "dmean": 0.580178797245,
        "dmean2": 0.950387597084,
        "dvar": 0.556463062763,
        "dvar2": 1.24925363064,
        "max": 10.5918531418,
        "mean": 3.31233501434,
        "median": 2.86781740189,
        "min": 0.354450881481,
        "var": 4.50673961639
    },
    "pitch_salience": {
        "dmean": 0.0547452755272,
        "dmean2": 0.087462708354,
        "dvar": 0.00430200202391,
        "dvar2": 0.0105476267636,
        "max": 0.747579336166,
        "mean": 0.431105971336,
        "median": 0.434174895287,
        "min": 0.107992477715,
        "var": 0.0140479076654
    },
    "silence_rate_20dB": {
        "dmean": 0,
        "dmean2": 0,
        "dvar": 0,
        "dvar2": 0,
        "max": 1,
        "mean": 1,
        "median": 1,
        "min": 1,
        "var": 0
    },
    "silence_rate_30dB": {
        "dmean": 0,
        "dmean2": 0,
        "dvar": 0,
        "dvar2": 0,
        "max": 1,
        "mean": 1,
        "median": 1,
        "min": 1,
        "var": 0
    },
    "silence_rate_60dB": {
        "dmean": 0.0200501251966,
        "dmean2": 0.0402010045946,
        "dvar": 0.0196480974555,
        "dvar2": 0.0385849252343,
        "max": 1,
        "mean": 0.102499999106,
        "median": 0,
        "min": 0,
        "var": 0.0919934362173
    },
    "spectral_centroid": {
        "dmean": 28.7641906738,
        "dmean2": 46.1147346497,
        "dvar": 1173.84643555,
        "dvar2": 2494.13842773,
        "max": 822.424194336,
        "mean": 498.782501221,
        "median": 501.750427246,
        "min": 323.505249023,
        "var": 6233.39453125
    },
    "spectral_complexity": {
        "dmean": 0.819548845291,
        "dmean2": 1.42211055756,
        "dvar": 0.899768173695,
        "dvar2": 2.33438825607,
        "max": 10,
        "mean": 5.19750022888,
        "median": 5,
        "min": 2,
        "var": 1.71849322319
    },
    "spectral_decrease": {
        "dmean": 1.89635906978e-09,
        "dmean2": 3.28056959376e-09,
        "dvar": 1.43822687198e-17,
        "dvar2": 3.54490071307e-17,
        "max": -2.03846134417e-10,
        "mean": -6.43074926643e-09,
        "median": -5.83468340309e-09,
        "min": -2.98426563461e-08,
        "var": 2.57351158319e-17
    },
    "spectral_energy": {
        "dmean": 0.00749998027459,
        "dmean2": 0.0129675315693,
        "dvar": 0.000223683571676,
        "dvar2": 0.000551571371034,
        "max": 0.117095112801,
        "mean": 0.0254357345402,
        "median": 0.0230240952224,
        "min": 0.000803381029982,
        "var": 0.0004024093505
    },
    "spectral_energyband_high": {
        "dmean": 8.67146752626e-07,
        "dmean2": 1.32585751089e-06,
        "dvar": 2.94217601671e-11,
        "dvar2": 6.59046844875e-11,
        "max": 7.08673833287e-05,
        "mean": 1.46327624861e-06,
        "median": 8.95711934845e-07,
        "min": 4.19600318935e-08,
        "var": 2.45390548159e-11
    },
    "spectral_energyband_low": {
        "dmean": 3.7634617911e-06,
        "dmean2": 6.06250387136e-06,
        "dvar": 9.74606090276e-11,
        "dvar2": 1.45248313377e-10,
        "max": 0.000140996387927,
        "mean": 6.04241222391e-06,
        "median": 3.61336878996e-06,
        "min": 9.14418265552e-08,
        "var": 1.11442390038e-10
    },
    "spectral_energyband_middle_high": {
        "dmean": 0.000540834153071,
        "dmean2": 0.000894949655049,
        "dvar": 2.79650703305e-06,
        "dvar2": 6.37191124042e-06,
        "max": 0.016203051433,
        "mean": 0.0015791101614,
        "median": 7.76746019255e-05,
        "min": 2.14083206629e-06,
        "var": 1.30484459078e-05
    },
    "spectral_energyband_middle_low": {
        "dmean": 0.00724698370323,
        "dmean2": 0.0126290367916,
        "dvar": 0.000220065470785,
        "dvar2": 0.000539273605682,
        "max": 0.117079265416,
        "mean": 0.023854997009,
        "median": 0.0185810551047,
        "min": 0.00079650914995,
        "var": 0.000396602292312
    },
    "spectral_entropy": {
        "dmean": 0.194332629442,
        "dmean2": 0.316403657198,
        "dvar": 0.0644499734044,
        "dvar2": 0.151064440608,
        "max": 7.06534147263,
        "mean": 4.95337867737,
        "median": 4.96262741089,
        "min": 3.27680921555,
        "var": 0.182382389903
    },
    "spectral_flux": {
        "dmean": 0.0254217982292,
        "dmean2": 0.0397768765688,
        "dvar": 0.00164205837063,
        "dvar2": 0.00378040224314,
        "max": 0.302413105965,
        "mean": 0.0473182052374,
        "median": 0.0288514867425,
        "min": 0.00639548664913,
        "var": 0.0024191790726
    },
    "spectral_kurtosis": {
        "dmean": 26.2466907501,
        "dmean2": 42.1381034851,
        "dvar": 1060.71166992,
        "dvar2": 2348.22094727,
        "max": 356.525115967,
        "mean": 99.4721908569,
        "median": 88.0289611816,
        "min": 7.95501804352,
        "var": 2999.14990234
    },
    "spectral_rms": {
        "dmean": 0.000706696184352,
        "dmean2": 0.00120396714192,
        "dvar": 1.46585296079e-06,
        "dvar2": 3.60774174624e-06,
        "max": 0.0106882704422,
        "mean": 0.00455150706694,
        "median": 0.00473945681006,
        "min": 0.000885317102075,
        "var": 4.09912581745e-06
    },
    "spectral_rolloff": {
        "dmean": 40.6378479004,
        "dmean2": 74.0136260986,
        "dvar": 7051.54785156,
        "dvar2": 15841.8691406,
        "max": 990.52734375,
        "mean": 661.176513672,
        "median": 710.595703125,
        "min": 322.998046875,
        "var": 22056.2851562
    },
    "spectral_skewness": {
        "dmean": 1.13246309757,
        "dmean2": 1.78619158268,
        "dvar": 1.28803050518,
        "dvar2": 2.70192933083,
        "max": 16.5233192444,
        "mean": 7.9408788681,
        "median": 7.71621799469,
        "min": 2.59745764732,
        "var": 4.82534790039
    },
    "spectral_spread": {
        "dmean": 375100.625,
        "dmean2": 608690.875,
        "dvar": 735609421824,
        "dvar2": 952932958208,
        "max": 17476690,
        "mean": 1259944.125,
        "median": 1141354.625,
        "min": 368718.5625,
        "var": 888984436736
    },
    "spectral_strongpeak": {
        "dmean": 0.399089604616,
        "dmean2": 0.606519937515,
        "dvar": 0.360317766666,
        "dvar2": 0.761900961399,
        "max": 6.81915140152,
        "mean": 1.91227173805,
        "median": 1.76255059242,
        "min": 0.192269578576,
        "var": 1.40795850754
    },
    "zerocrossingrate": {
        "dmean": 0.00171938631684,
        "dmean2": 0.00219481205568,
        "dvar": 3.01971431327e-06,
        "dvar2": 3.58915212928e-06,
        "max": 0.04052734375,
        "mean": 0.0238903816789,
        "median": 0.02392578125,
        "min": 0.009765625,
        "var": 2.52788704529e-05
    },
    "barkbands": {
        "dmean": [1.70631878404e-07, 9.4341936574e-07, 2.06463164432e-06, 3.80156598112e-06, 0.000133225519676, 0.00406123418361, 0.00180047214963, 0.00060272909468, 0.00272343400866, 0.000444957986474, 0.000120109369163, 4.71830844617e-06, 8.69984341989e-06, 3.26422309627e-06, 4.37335029346e-06, 5.76048705625e-07, 2.79947101944e-07, 3.62413800303e-07, 2.1147727125e-07, 1.7677692199e-07, 1.18729843734e-07, 3.90526906813e-07, 8.61564544152e-08, 6.3077116863e-08, 7.17629120572e-08, 3.97237016614e-08, 9.27858181399e-08],
        "dmean2": [2.01284834134e-07, 1.42457088259e-06, 3.48617618329e-06, 6.28678344583e-06, 0.000171084728208, 0.00652686832473, 0.00316867837682, 0.00098177860491, 0.00434661377221, 0.000742556992918, 0.00018479602295, 7.72212570155e-06, 1.60178333317e-05, 5.55106862521e-06, 7.90330614109e-06, 9.17055274385e-07, 4.57554051536e-07, 6.10028223491e-07, 3.23417367554e-07, 2.90541976256e-07, 1.73973106143e-07, 6.29556666354e-07, 1.3472771343e-07, 9.1282608139e-08, 1.12678222308e-07, 5.66693749704e-08, 1.22387660895e-07],
        "dvar": [2.81271056793e-12, 1.02543945557e-11, 1.55748174774e-11, 4.8647131462e-11, 6.82442475863e-08, 7.30331230443e-05, 3.22277628584e-05, 2.76641344499e-06, 4.23231867899e-05, 2.19111575461e-06, 5.49141873307e-07, 2.67777661156e-10, 2.43922770871e-09, 8.60589308149e-11, 1.00596786456e-09, 5.58086389602e-12, 1.35219331392e-12, 4.2235824213e-12, 7.8712378412e-13, 9.22736171326e-13, 3.98007364913e-13, 1.39886383727e-11, 2.65287385158e-13, 1.55322599942e-13, 2.31167678316e-13, 1.06081342441e-13, 9.34253014035e-14],
        "dvar2": [2.82839463656e-12, 1.24231631926e-11, 3.03954916792e-11, 1.02654003353e-10, 1.12879178005e-07, 0.000167233098182, 8.39861750137e-05, 5.98651558903e-06, 0.000109826971311, 5.33903903488e-06, 9.36419269237e-07, 5.66637292643e-10, 7.28301774444e-09, 2.42552172791e-10, 2.89237189754e-09, 1.2750938326e-11, 2.87179221375e-12, 1.11727233368e-11, 1.5452423412e-12, 2.13959102172e-12, 6.23977811694e-13, 3.57622820246e-11, 5.5149716174e-13, 2.32710552217e-13, 4.82251445808e-13, 1.32864368379e-13, 9.90484753135e-14],
        "max": [2.51900837611e-05, 4.4796957809e-05, 4.67129066237e-05, 9.20042584767e-05, 0.00704285036772, 0.0908248797059, 0.0466150343418, 0.0189957097173, 0.071930617094, 0.0160918310285, 0.012682588771, 0.000246870156843, 0.000706903461833, 9.91469569271e-05, 0.000463822623715, 3.40978403983e-05, 1.5065072148e-05, 2.84864199784e-05, 1.13995511128e-05, 1.24375901578e-05, 1.03884040072e-05, 6.12670337432e-05, 6.62438105792e-06, 6.82982226863e-06, 6.19364209342e-06, 6.16350007476e-06, 6.4224777816e-06],
        "mean": [1.82383558922e-07, 1.26420172819e-06, 2.7045450679e-06, 4.88423256684e-06, 0.000716512207873, 0.0119471084327, 0.00289790634997, 0.00168494647369, 0.00656528351828, 0.0013543224195, 0.000231755300774, 5.47056015421e-06, 1.00760908026e-05, 5.55308224648e-06, 4.01558781959e-06, 8.30183807921e-07, 4.28106829986e-07, 4.7094735578e-07, 3.31088557459e-07, 2.58915747509e-07, 1.86459018892e-07, 3.53110948481e-07, 1.18033355534e-07, 1.05037869957e-07, 9.86725794405e-08, 7.06072569301e-08, 4.40526463308e-07],
        "median": [2.33229169311e-08, 6.11033215137e-07, 1.37456549965e-06, 2.53702182818e-06, 0.000151132466272, 0.00752131640911, 0.000629664515145, 0.000836217252072, 0.00224921293557, 3.53672221536e-05, 2.72100078291e-05, 2.00541671802e-06, 3.23241283695e-06, 2.25001667786e-06, 1.17149784273e-06, 4.07828792959e-07, 2.7074048603e-07, 2.65094001861e-07, 1.69177283738e-07, 1.37576961379e-07, 1.06462614724e-07, 7.29835818447e-08, 6.08784631595e-08, 6.27257890073e-08, 5.42327782682e-08, 4.00507182974e-08, 3.82581163194e-07],
        "min": [3.6925365543e-10, 1.3665854226e-08, 2.29649259609e-08, 1.65873750291e-08, 1.27099565361e-06, 0.000134879199322, 8.65592119226e-06, 4.66470555693e-06, 2.94932142424e-05, 9.59293743108e-07, 1.04462614559e-07, 5.94999818304e-08, 1.33558160087e-07, 1.38311520459e-07, 7.25167623727e-08, 2.82949752517e-08, 1.69648615156e-08, 9.39930799859e-09, 1.05549959883e-08, 1.08297246726e-08, 5.27543653206e-09, 3.98495769716e-09, 3.59558582907e-09, 4.00581257054e-09, 1.97973615279e-09, 1.23577859057e-09, 1.32700241906e-08],
        "var": [2.83011678329e-12, 1.24552902714e-11, 1.7699003721e-11, 6.38802621911e-11, 1.97909184863e-06, 0.000164616605616, 3.81959907827e-05, 6.60495879856e-06, 0.000107288564323, 1.16667079055e-05, 9.31072804633e-07, 2.91293544841e-10, 1.51205414856e-09, 8.83068479451e-11, 5.83851911262e-10, 5.23875604355e-12, 1.22289190493e-12, 2.88243951277e-12, 7.98031562707e-13, 7.25165749931e-13, 3.89146505818e-13, 1.0718568394e-11, 2.18906910285e-13, 1.50338143085e-13, 1.84259671323e-13, 1.02196598623e-13, 1.86169141084e-13]
    },
    "erbbands": {
        "dmean": [2.40263416345e-05, 0.000240455221501, 0.00171253154986, 0.00744186434895, 0.0212733857334, 0.291017442942, 4.05043935776, 44.4682655334, 41.6756210327, 13.7989063263, 21.5817546844, 59.2074928284, 23.1565933228, 15.2817716599, 4.14020633698, 0.382860064507, 0.434749931097, 0.148173049092, 0.328975409269, 0.0667196512222, 0.0224106274545, 0.0162187404931, 0.0213879588991, 0.0127269811928, 0.00882529746741, 0.00813879445195, 0.00614995276555, 0.0122355185449, 0.0108116185293, 0.00306852650829, 0.00255099334754, 0.00148031627759, 0.00116130220704, 0.00098184379749, 0.000346327346051, 0.000132806337206, 8.74380712048e-05, 8.55574835441e-05, 1.18339603432e-05, 8.76733975019e-06],
        "dmean2": [3.54019030055e-05, 0.000369076500647, 0.00283488072455, 0.0124502256513, 0.0338524058461, 0.387266546488, 5.42929124832, 69.5800094604, 74.6790542603, 20.7911586761, 36.1394195557, 96.1087646484, 35.1606407166, 25.0703392029, 6.00931787491, 0.621044814587, 0.797885239124, 0.247588723898, 0.602465033531, 0.113369397819, 0.0353337787092, 0.026311032474, 0.0363623164594, 0.0193425156176, 0.0133388340473, 0.0134301986545, 0.00956407841295, 0.0195546597242, 0.0171288829297, 0.00472420779988, 0.00407875142992, 0.00217110523954, 0.00176343985368, 0.00157299381681, 0.00050696672406, 0.000173342210473, 0.000130817948957, 0.000122984260088, 1.74274955498e-05, 1.50470796143e-05],
        "dvar": [1.24943655422e-08, 4.70753576565e-07, 1.22855071822e-05, 0.000207730612601, 0.00282671581954, 0.271425336599, 65.7715148926, 9451.56054688, 15387.6005859, 1781.61828613, 4972.29833984, 15719.3359375, 5688.27441406, 2441.33178711, 626.385070801, 2.53682875633, 6.53516769409, 0.136154577136, 4.34995412827, 0.0775365978479, 0.00605947803706, 0.00481338892132, 0.0168976131827, 0.00239302590489, 0.00141678086948, 0.002063495107, 0.00113969529048, 0.0104951234534, 0.0093732746318, 0.000312936899718, 0.000238307140535, 7.59618778829e-05, 4.92304570798e-05, 4.19399839302e-05, 6.37167431705e-06, 1.4351912796e-06, 4.01906305569e-07, 5.02392616397e-08, 2.03390815301e-09, 2.8160609955e-10],
        "dvar2": [1.54654387075e-08, 5.69123528749e-07, 2.18523236981e-05, 0.000410952081438, 0.00396928191185, 0.535393059254, 120.386207581, 20239.0195312, 41287.171875, 3315.109375, 10509.4814453, 43019.8789062, 15226.6972656, 5248.97167969, 1287.12817383, 6.31161832809, 19.4710826874, 0.381757676601, 12.4171581268, 0.207469925284, 0.0105912806466, 0.010027016513, 0.0456105582416, 0.00457952264696, 0.00240073376335, 0.00489521818236, 0.00224169436842, 0.0267110224813, 0.0237458441406, 0.000629664282314, 0.000534409075044, 0.000123654594063, 8.37282641442e-05, 9.50412722887e-05, 9.68277254287e-06, 1.5155355868e-06, 5.84933559367e-07, 6.44389075433e-08, 2.19306395266e-09, 6.83180068073e-10],
        "max": [0.00163568125572, 0.0101861748844, 0.0470864735544, 0.20600348711, 1.19066882133, 14.2709341049, 180.314971924, 1153.94665527, 1027.03601074, 721.497070312, 915.937011719, 1185.4987793, 1106.07910156, 611.696289062, 448.96395874, 24.519701004, 37.1639671326, 3.92907261848, 29.8050460815, 3.2524292469, 1.09307491779, 0.921100199223, 1.85439479351, 0.629729151726, 0.59317189455, 0.590527713299, 0.466379284859, 1.64943170547, 1.589235425, 0.237242743373, 0.193963959813, 0.143254339695, 0.112082287669, 0.0718098059297, 0.0435530245304, 0.0239305607975, 0.0112991612405, 0.00419364403933, 0.000941876438446, 0.000130984699354],
        "mean": [3.40005462931e-05, 0.000356579286745, 0.00255756918341, 0.0113682989031, 0.0528498329222, 1.59273791313, 21.9548721313, 128.278137207, 65.6850814819, 55.7432632446, 51.8229637146, 144.404205322, 58.7122459412, 56.3444061279, 9.4073638916, 0.62506467104, 0.492456525564, 0.33631119132, 0.287350207567, 0.0847347378731, 0.0385847948492, 0.0253549385816, 0.0272833649069, 0.0206232741475, 0.0139510789886, 0.0120771061629, 0.00897042173892, 0.0122531559318, 0.010620880872, 0.00419093715027, 0.00338610494509, 0.00239141145721, 0.00172822352033, 0.00124078057706, 0.000602512329351, 0.000263774214545, 0.000157159403898, 0.000268295028945, 5.47336458112e-05, 3.49066467606e-05],
        "median": [1.43182951433e-05, 0.000207699020393, 0.00149998744018, 0.00730821024626, 0.0342935845256, 0.561219215393, 10.6321878433, 68.7156219482, 37.3168334961, 13.0869760513, 23.8933753967, 44.4988250732, 34.9604034424, 2.51706337929, 0.982363641262, 0.226032376289, 0.16718813777, 0.158311635256, 0.0919506251812, 0.0403278209269, 0.0217375941575, 0.016409073025, 0.0147956293076, 0.0114410649985, 0.00781599339098, 0.0065690074116, 0.00477388361469, 0.00372187048197, 0.00272537581623, 0.00210047024302, 0.00177096109837, 0.00135517725721, 0.000956818228588, 0.000633220071904, 0.000377162650693, 0.0001714254322, 9.44406929193e-05, 0.00021603119967, 5.04054914927e-05, 3.16631194437e-05],
        "min": [1.0093228866e-06, 8.97047721082e-06, 5.61608358112e-05, 0.000243387083174, 0.0015384266153, 0.0108510619029, 0.190724685788, 0.875527441502, 1.25889623165, 0.139483109117, 0.361329764128, 1.04686641693, 0.153528273106, 0.0283459573984, 0.0155721772462, 0.00376840052195, 0.00617784587666, 0.00926474481821, 0.00507740257308, 0.00330919423141, 0.00153354951181, 0.00114698242396, 0.00101121375337, 0.000555333739612, 0.000512246973813, 0.000490454141982, 0.000257138017332, 0.000208857934922, 0.000127499792143, 0.00014454885968, 0.000117285235319, 7.90064004832e-05, 6.33712479612e-05, 2.98609920719e-05, 1.20955337479e-05, 5.02933016833e-06, 4.30639738624e-06, 3.06546030515e-06, 3.14697308568e-06, 2.31257786254e-06],
        "var": [1.41911327134e-08, 5.96852203216e-07, 1.46532365761e-05, 0.000261341716396, 0.00633203750476, 8.26650810242, 1177.56726074, 23211.6777344, 12436.4736328, 14261.4140625, 15852.3613281, 42398.2265625, 8872.30664062, 19311.8515625, 976.931091309, 2.72756123543, 4.08850336075, 0.248772054911, 2.55983018875, 0.0576522797346, 0.00679944222793, 0.00441604480147, 0.0112116206437, 0.00262163649313, 0.00145095947664, 0.00158366560936, 0.00100737740286, 0.0079413773492, 0.00734015181661, 0.000264155794866, 0.000183158204891, 7.26995931473e-05, 4.45481164206e-05, 3.17490921589e-05, 5.90076660956e-06, 1.45430499288e-06, 3.68843984688e-07, 1.02663555879e-07, 3.06407210715e-09, 5.89307824761e-10]
    },
    "gfcc": {
        "mean": [-214.868560791, 149.886169434, -97.1044464111, -88.1528320312, -109.161231995, -51.2456016541, -32.7182273865, -9.45569896698, -7.88478899002, -3.48413300514, -4.34611845016, -0.631067097187, 4.09580135345],
        "cov": [[2027.70532227, -29.3175525665, -56.659740448, -16.9212627411, -23.4336776733, 84.0950393677, 40.418170929, 22.4261379242, -155.262207031, -173.068527222, -44.053817749, 154.846710205, 242.460678101], [-29.3175525665, 311.04119873, -57.3933601379, -245.367752075, 19.1811237335, -22.4448699951, -5.12641334534, -67.2147827148, 10.4358844757, 2.12269997597, 59.5104789734, -22.3150424957, 11.9195766449], [-56.659740448, -57.3933601379, 207.288986206, 144.950180054, 10.3219079971, -48.009059906, -48.3196792603, -5.37463235855, -4.21065616608, 27.4562969208, -21.8632240295, -3.73333907127, -17.6656036377], [-16.9212627411, -245.367752075, 144.950180054, 369.078796387, 42.7521209717, -7.535364151, -70.4859542847, 0.594348669052, -25.8231716156, 18.4120254517, -38.5711517334, 11.9709911346, -28.3605155945], [-23.4336776733, 19.1811237335, 10.3219079971, 42.7521209717, 113.695137024, 30.5369338989, -33.6943664551, -31.3466720581, -29.8593387604, -3.2039949894, 6.93645429611, 15.2601690292, 0.126877173781], [84.0950393677, -22.4448699951, -48.009059906, -7.535364151, 30.5369338989, 128.471633911, 62.7023773193, -6.82778835297, -64.1734390259, -50.8143005371, -12.205247879, 45.6903572083, 28.7726840973], [40.418170929, -5.12641334534, -48.3196792603, -70.4859542847, -33.6943664551, 62.7023773193, 126.733032227, 76.6047973633, -13.8772296906, -51.1101303101, -20.710018158, 27.4471282959, 25.4547557831], [22.4261379242, -67.2147827148, -5.37463235855, 0.594348669052, -31.3466720581, -6.82778835297, 76.6047973633, 144.854324341, 52.2888412476, -13.6928281784, -29.532119751, -5.81524848938, -4.8013753891], [-155.262207031, 10.4358844757, -4.21065616608, -25.8231716156, -29.8593387604, -64.1734390259, -13.8772296906, 52.2888412476, 119.815048218, 71.0374069214, 8.54936122894, -60.774974823, -49.7382087708], [-173.068527222, 2.12269997597, 27.4562969208, 18.4120254517, -3.2039949894, -50.8143005371, -51.1101303101, -13.6928281784, 71.0374069214, 96.1464691162, 29.7916889191, -49.6394882202, -61.4308586121], [-44.053817749, 59.5104789734, -21.8632240295, -38.5711517334, 6.93645429611, -12.205247879, -20.710018158, -29.532119751, 8.54936122894, 29.7916889191, 56.5534667969, 3.25043129921, -16.1710090637], [154.846710205, -22.3150424957, -3.73333907127, 11.9709911346, 15.2601690292, 45.6903572083, 27.4471282959, -5.81524848938, -60.774974823, -49.6394882202, 3.25043129921, 83.0909881592, 65.4577865601], [242.460678101, 11.9195766449, -17.6656036377, -28.3605155945, 0.126877173781, 28.7726840973, 25.4547557831, -4.8013753891, -49.7382087708, -61.4308586121, -16.1710090637, 65.4577865601, 119.314750671]],
        "icov": [[0.00074148341082, -0.000343673978932, 0.000265244336333, -0.000107544692582, 0.000730457424652, -0.000539948930964, 0.00140989362262, -0.00124742859043, 0.000993113382719, -5.00219430251e-05, 0.000198931316845, -0.000267046882072, -0.00111858092714], [-0.000343673978932, 0.0170627385378, -0.00586506398395, 0.010025639087, -0.00830317381769, 0.00371123966761, -0.00622099684551, 0.0102285565808, -0.00716797681525, 0.0123753240332, -0.0159212574363, 0.0114566422999, -0.00369844748639], [0.000265244336333, -0.00586506398395, 0.010712005198, -0.00550945103168, 0.00237950612791, 0.00343287270516, 0.00161349575501, -0.003877900308, 0.0067619397305, -0.00983822159469, 0.0108941206709, -0.00683518499136, 0.001972572878], [-0.000107544692582, 0.010025639087, -0.00550945103168, 0.0118134971708, -0.00457115191966, 0.000101302750409, 0.00262274895795, 0.00209398055449, -0.00104603811633, 0.00411916943267, -0.00408602645621, 0.00248183403164, 0.00048381567467], [0.000730457424652, -0.00830317381769, 0.00237950612791, -0.00457115191966, 0.0174004789442, -0.00874562561512, 0.012569559738, -0.00879415590316, 0.00590693904087, -0.00532224355265, 0.00586134335026, -0.00640423502773, 0.00169591803569], [-0.000539948930964, 0.00371123966761, 0.00343287270516, 0.000101302750409, -0.00874562561512, 0.0229729302227, -0.0173275284469, 0.00967754703015, 0.00290929526091, -0.00100797810592, 0.00282286037691, -0.00311548775062, 0.00259993551299], [0.00140989362262, -0.00622099684551, 0.00161349575501, 0.00262274895795, 0.012569559738, -0.0173275284469, 0.0381462350488, -0.0234329216182, 0.00865914579481, -0.00161435396876, 0.00701708393171, -0.0079378709197, 0.00178714864887], [-0.00124742859043, 0.0102285565808, -0.003877900308, 0.00209398055449, -0.00879415590316, 0.00967754703015, -0.0234329216182, 0.0314392186701, -0.0227323491126, 0.0161496754736, -0.00537256477401, 0.00231461762451, 0.00221718871035], [0.000993113382719, -0.00716797681525, 0.0067619397305, -0.00104603811633, 0.00590693904087, 0.00290929526091, 0.00865914579481, -0.0227323491126, 0.0430319979787, -0.031534165144, 0.0103217856959, 0.00439928751439, -0.00333131547086], [-5.00219430251e-05, 0.0123753240332, -0.00983822159469, 0.00411916943267, -0.00532224355265, -0.00100797810592, -0.00161435396876, 0.0161496754736, -0.031534165144, 0.0541600398719, -0.0295434333384, 0.0138368476182, 0.00277520436794], [0.000198931316845, -0.0159212574363, 0.0108941206709, -0.00408602645621, 0.00586134335026, 0.00282286037691, 0.00701708393171, -0.00537256477401, 0.0103217856959, -0.0295434333384, 0.055337574333, -0.0317363478243, 0.0134308328852], [-0.000267046882072, 0.0114566422999, -0.00683518499136, 0.00248183403164, -0.00640423502773, -0.00311548775062, -0.0079378709197, 0.00231461762451, 0.00439928751439, 0.0138368476182, -0.0317363478243, 0.0501527264714, -0.0213370192796], [-0.00111858092714, -0.00369844748639, 0.001972572878, 0.00048381567467, 0.00169591803569, 0.00259993551299, 0.00178714864887, 0.00221718871035, -0.00333131547086, 0.00277520436794, 0.0134308328852, -0.0213370192796, 0.0240762289613]]
    },
    "melbands": {
        "dmean": [2.36497939454e-07, 6.7807116011e-07, 1.57034753556e-06, 4.37269409304e-06, 0.000101309611637, 0.000961144454777, 0.000566058617551, 0.000129971114802, 0.000216839034692, 0.000396901799832, 0.000117314906674, 6.68185894028e-05, 1.78398913704e-05, 8.74213867519e-07, 1.06463983229e-06, 6.38401502329e-07, 2.35939339177e-07, 5.77380205868e-07, 1.71664353843e-07, 5.2994497679e-08, 2.34770780594e-08, 1.60568784935e-08, 2.16236486494e-08, 1.77930026268e-08, 1.02899821997e-08, 7.40724814818e-09, 5.84113291069e-09, 5.80386672056e-09, 4.44991066217e-09, 2.68424993344e-09, 1.08456008618e-08, 9.21742948634e-09, 1.67850711108e-09, 1.57703017312e-09, 1.56897483894e-09, 1.19725063197e-09, 8.51670123314e-10, 8.04227240359e-10, 1.02051977979e-09, 7.6244799363e-10],
        "dmean2": [3.5241478713e-07, 1.10657549612e-06, 2.58949717136e-06, 6.69007022225e-06, 0.000136012837174, 0.00155332684517, 0.00101847318001, 0.000190223043319, 0.00036805839045, 0.000634293479379, 0.000177173817065, 0.000110439650598, 2.64054124273e-05, 1.49895129198e-06, 1.90604055206e-06, 1.13104204047e-06, 3.85946407278e-07, 1.05777019144e-06, 2.98168828294e-07, 8.74341097301e-08, 3.72021808914e-08, 2.58949093279e-08, 3.57961056352e-08, 3.03135614388e-08, 1.58181983068e-08, 1.13735660889e-08, 9.26923426903e-09, 9.81906733699e-09, 7.13365233551e-09, 3.9131249352e-09, 1.75777827849e-08, 1.47653160809e-08, 2.56548227107e-09, 2.41011721691e-09, 2.56693688527e-09, 1.84343706966e-09, 1.25040955368e-09, 1.20803478332e-09, 1.65525626539e-09, 1.22442167516e-09],
        "dvar": [1.02861274186e-12, 2.18803729475e-12, 9.94233081281e-12, 2.26312316109e-10, 4.66173375457e-08, 4.43209773948e-06, 2.67588734459e-06, 1.73819557858e-07, 6.02356976742e-07, 7.87879855579e-07, 1.56216799496e-07, 4.96776308978e-08, 1.25165264819e-08, 1.82290346012e-11, 2.45544938549e-11, 1.12297185439e-11, 3.1272136573e-13, 1.18094362414e-11, 8.87124412558e-13, 5.56318127687e-14, 7.29627828018e-15, 3.76314334444e-15, 1.74024070978e-14, 8.39056522693e-15, 1.51126316136e-15, 1.05587972007e-15, 6.36231751792e-16, 1.12281988686e-15, 5.96469748847e-16, 2.12882606877e-16, 1.07924177814e-14, 8.32652106579e-15, 8.10374287739e-17, 8.56736172886e-17, 8.4148845487e-17, 4.92046997714e-17, 2.40999683581e-17, 2.46296269936e-17, 4.88356316344e-17, 2.37915342144e-17],
        "dvar2": [1.21853699006e-12, 3.50837002679e-12, 1.85759237853e-11, 2.81477258168e-10, 8.70621335025e-08, 9.98350424197e-06, 7.21095739209e-06, 3.2322876109e-07, 1.28509554997e-06, 2.14748092731e-06, 4.17362201688e-07, 1.11164986549e-07, 2.3209835831e-08, 5.23128346197e-11, 7.11202416404e-11, 3.36506204845e-11, 8.5607400075e-13, 3.35804335727e-11, 2.52747540778e-12, 1.41513306607e-13, 1.42274989126e-14, 6.94581246902e-15, 4.64774906387e-14, 2.23791796726e-14, 2.87252144644e-15, 2.13722230933e-15, 9.87384189032e-16, 2.91463253645e-15, 1.31631334047e-15, 3.04209977182e-16, 2.77929314627e-14, 2.12749282303e-14, 1.42134590239e-16, 1.64636324885e-16, 1.90844980111e-16, 1.01342409941e-16, 3.59320011991e-17, 4.01125256928e-17, 1.166066451e-16, 5.26432002423e-17],
        "max": [1.46063421198e-05, 2.04966308957e-05, 4.75769120385e-05, 0.00034492375562, 0.00491712242365, 0.0224627368152, 0.0135626066476, 0.00676468061283, 0.0106065291911, 0.0100275473669, 0.00575588364154, 0.00260536023416, 0.00198108819313, 6.03767657594e-05, 6.40389480395e-05, 4.90584825457e-05, 6.12943995293e-06, 4.81252609461e-05, 1.3924045561e-05, 3.57828389497e-06, 1.20107949897e-06, 8.79789524788e-07, 1.94303152057e-06, 1.12085115234e-06, 4.8799643082e-07, 4.24307472713e-07, 4.21515210292e-07, 4.52721621969e-07, 3.16346387308e-07, 2.55022342799e-07, 1.69462236954e-06, 1.50635776208e-06, 1.40053927566e-07, 1.28465742932e-07, 1.15891594987e-07, 9.28796453081e-08, 8.53271728829e-08, 8.20105583443e-08, 9.40962578966e-08, 5.79168251136e-08],
        "mean": [3.12826188065e-07, 9.95970481199e-07, 2.2221877316e-06, 9.39289748203e-06, 0.000553429650608, 0.00268380274065, 0.000987388542853, 0.000523982511368, 0.000454491237178, 0.000989366322756, 0.000272818811936, 0.000233757527894, 3.77993310394e-05, 1.02131832591e-06, 9.68465428741e-07, 1.00846750684e-06, 5.2576683629e-07, 4.70083762139e-07, 2.03232247031e-07, 6.71692319543e-08, 3.73904498474e-08, 2.42039668308e-08, 2.67926445474e-08, 2.27745786674e-08, 1.6178987039e-08, 1.06389244081e-08, 9.03081254222e-09, 7.86045539769e-09, 5.93045434982e-09, 4.2738896866e-09, 9.54484313809e-09, 8.28678636822e-09, 2.38946351594e-09, 2.14855355729e-09, 1.9992316691e-09, 1.64176094941e-09, 1.38971190111e-09, 1.1918586118e-09, 1.21146470633e-09, 9.54368029049e-10],
        "median": [1.26522508026e-07, 5.7114300489e-07, 1.30290663947e-06, 4.70435588795e-06, 0.000245330098551, 0.00148361059837, 0.000612002389971, 0.000109208442154, 0.000148782797623, 0.000284961977741, 0.000150123640196, 3.94803964809e-06, 3.78464255846e-06, 3.40534057841e-07, 2.5428332151e-07, 3.60481351436e-07, 2.12050565551e-07, 1.34374772642e-07, 7.40349932471e-08, 2.88758705835e-08, 2.28455139251e-08, 1.56934056861e-08, 1.23153789389e-08, 1.26384698262e-08, 8.30749868896e-09, 5.59399060407e-09, 5.20050136288e-09, 4.02477962069e-09, 2.93938207108e-09, 2.44185027753e-09, 2.04009120708e-09, 1.58703850062e-09, 1.23265131435e-09, 1.06997599669e-09, 9.83164327728e-10, 8.51410442149e-10, 7.96456400831e-10, 6.54056808713e-10, 5.52665468945e-10, 4.77304862301e-10],
        "min": [3.8599541341e-09, 1.26207622131e-08, 2.71324367418e-08, 7.99105777105e-08, 2.30098635257e-06, 2.11022233998e-05, 1.37601382448e-05, 4.58466928421e-07, 1.0184015764e-06, 3.73303123524e-06, 2.411622404e-07, 5.94949476351e-08, 2.08477946018e-08, 1.2016399431e-08, 1.23947829778e-08, 1.70842291425e-08, 1.22380576784e-08, 6.18465190172e-09, 5.45011991093e-09, 1.53755141952e-09, 1.26664967404e-09, 7.6405753946e-10, 1.0502356762e-09, 3.57018220543e-10, 4.27660629132e-10, 2.77706968532e-10, 4.40375097499e-10, 2.78435524637e-10, 1.5141929377e-10, 1.32997279856e-10, 1.1062170624e-10, 5.8390098312e-11, 7.79136061224e-11, 6.87084417139e-11, 6.81915565681e-11, 5.36653742278e-11, 4.49832567029e-11, 2.94225234454e-11, 3.37073112477e-11, 1.72855774833e-11],
        "var": [1.16819368848e-12, 2.64163300609e-12, 1.24348309427e-11, 4.30741387003e-10, 8.88721160663e-07, 9.67807136476e-06, 2.26512224799e-06, 1.29908357849e-06, 2.08436154026e-06, 1.99441910809e-06, 2.22916526127e-07, 3.59158036645e-07, 2.07122337059e-08, 1.23317415307e-11, 1.59800003091e-11, 7.59023746633e-12, 6.55567939344e-13, 7.01306200612e-12, 5.56146708547e-13, 4.65116328427e-14, 6.93048371377e-15, 3.74350742665e-15, 1.18237473103e-14, 5.6714056601e-15, 1.73771720805e-15, 9.92124291284e-16, 6.51422070091e-16, 7.86104808567e-16, 4.89459206181e-16, 2.12832499584e-16, 8.09430867737e-15, 6.46568454836e-15, 7.30117320417e-17, 7.50992182704e-17, 6.39969192028e-17, 4.07621337889e-17, 2.41361508925e-17, 2.26505940693e-17, 3.57701384968e-17, 1.8161961341e-17]
    },
    "mfcc": {
        "mean": [-879.909240723, 211.47857666, 21.607843399, -39.3114433289, -57.3476600647, -51.94871521, -38.5559196472, -25.4066390991, -11.9589567184, -2.2944893837, -3.76590442657, -9.31673049927, -7.85733890533],
        "cov": [[1444.13928223, 324.465362549, -297.183898926, 59.9113845825, -73.5564422607, -18.2850055695, 63.5341949463, 111.886543274, 64.746383667, -62.6801681519, -196.568740845, -154.941467285, -19.7785816193], [324.465362549, 395.500701904, -95.9801101685, -173.123077393, -59.8468208313, -38.1648750305, 16.327419281, 1.9073330164, -10.8128051758, -15.5284357071, -50.0783958435, -34.4770317078, 2.78198361397], [-297.183898926, -95.9801101685, 164.851989746, 66.9844818115, 11.7672452927, 2.21291971207, -28.9270801544, -40.1648216248, -12.8799982071, 22.2578754425, 53.4265785217, 38.8281021118, -6.48523139954], [59.9113845825, -173.123077393, 66.9844818115, 320.66027832, 99.6420898438, 4.18086957932, -5.9317073822, 10.5784702301, 25.6257972717, -1.17778289318, -15.802980423, -18.6531410217, -19.0451126099], [-73.5564422607, -59.8468208313, 11.7672452927, 99.6420898438, 136.178771973, 57.2793121338, -6.93728113174, -32.5127449036, -31.7570075989, -12.2854576111, 13.1609954834, 5.41306066513, -6.95344400406], [-18.2850055695, -38.1648750305, 2.21291971207, 4.18086957932, 57.2793121338, 103.417991638, 42.8178405762, -8.81358623505, -29.8973922729, -33.5444259644, -19.2539844513, -18.8376865387, -6.38531589508], [63.5341949463, 16.327419281, -28.9270801544, -5.9317073822, -6.93728113174, 42.8178405762, 106.921974182, 87.461227417, 24.1635437012, -29.7611465454, -65.1993865967, -45.3658752441, 6.66113853455], [111.886543274, 1.9073330164, -40.1648216248, 10.5784702301, -32.5127449036, -8.81358623505, 87.461227417, 157.535354614, 93.2729797363, -6.56948757172, -78.9657974243, -55.1734275818, 14.5117664337], [64.746383667, -10.8128051758, -12.8799982071, 25.6257972717, -31.7570075989, -29.8973922729, 24.1635437012, 93.2729797363, 111.846191406, 33.2576904297, -39.422580719, -41.8075675964, 4.0546579361], [-62.6801681519, -15.5284357071, 22.2578754425, -1.17778289318, -12.2854576111, -33.5444259644, -29.7611465454, -6.56948757172, 33.2576904297, 71.8866958618, 58.7320632935, 31.456325531, -0.231625512242], [-196.568740845, -50.0783958435, 53.4265785217, -15.802980423, 13.1609954834, -19.2539844513, -65.1993865967, -78.9657974243, -39.422580719, 58.7320632935, 143.452194214, 107.998733521, 5.8413476944], [-154.941467285, -34.4770317078, 38.8281021118, -18.6531410217, 5.41306066513, -18.8376865387, -45.3658752441, -55.1734275818, -41.8075675964, 31.456325531, 107.998733521, 117.627174377, 32.5406646729], [-19.7785816193, 2.78198361397, -6.48523139954, -19.0451126099, -6.95344400406, -6.38531589508, 6.66113853455, 14.5117664337, 4.0546579361, -0.231625512242, 5.8413476944, 32.5406646729, 54.7406616211]],
