{
"lowlevel": {
    "average_loudness": 0.987431406975,
    "barkbands_crest": {
        "dmean": 0.856557130814,
        "dmean2": 1.19495236874,
        "dvar": 0.394608855247,
        "dvar2": 0.699704110622,
        "max": 12.2375621796,
        "mean": 9.45598983765,
        "median": 9.57374095917,
        "min": 6.7845287323,
        "var": 1.43441677094
    },
    "barkbands_flatness_db": {
        "dmean": 0.00925381015986,
        "dmean2": 0.0142802419141,
        "dvar": 0.00015972807887,
        "dvar2": 0.000234945327975,
        "max": 0.271454125643,
        "mean": 0.239496797323,
        "median": 0.24217697978,
        "min": 0.150476977229,
        "var": 0.000445642566774
    },
    "barkbands_kurtosis": {
        "dmean": 3.76991796494,
        "dmean2": 5.33722686768,
        "dvar": 11.7774772644,
        "dvar2": 19.9076976776,
        "max": 56.565574646,
        "mean": 33.0903739929,
        "median": 32.4309883118,
        "min": 12.6794719696,
        "var": 107.571533203
    },
    "barkbands_skewness": {
        "dmean": 0.283286124468,
        "dmean2": 0.410556912422,
        "dvar": 0.051382381469,
        "dvar2": 0.0944141596556,
        "max": 5.86347150803,
        "mean": 4.7869758606,
        "median": 4.8058795929,
        "min": 3.48667669296,
        "var": 0.259364813566
    },
    "barkbands_spread": {
        "dmean": 0.665521502495,
        "dmean2": 1.04044353962,
        "dvar": 0.588917553425,
        "dvar2": 1.30250704288,
        "max": 13.5887804031,
        "mean": 5.97217798233,
        "median": 5.67883443832,
        "min": 2.88059353828,
        "var": 4.75851154327
    },
    "dissonance": {
        "dmean": 0.0108415717259,
        "dmean2": 0.0182144977152,
        "dvar": 0.000137323469971,
        "dvar2": 0.000285887101199,
        "max": 0.490517705679,
        "mean": 0.470305323601,
        "median": 0.473532795906,
        "min": 0.381694823503,
        "var": 0.000197828630917
    },
    "dynamic_complexity": 0.174034997821,
    "erbbands_crest": {
        "dmean": 1.61033785343,
        "dmean2": 2.44179868698,
        "dvar": 1.8709512949,
        "dvar2": 3.37064886093,
        "max": 16.3833446503,
        "mean": 11.6816959381,
        "median": 11.8988571167,
        "min": 4.0444521904,
        "var": 4.24974393845
    },
    "erbbands_flatness_db": {
        "dmean": 0.00889407191426,
        "dmean2": 0.0112906964496,
        "dvar": 8.98732469068e-05,
        "dvar2": 0.000123329999042,
        "max": 0.178293004632,
        "mean": 0.154604271054,
        "median": 0.155545964837,
        "min": 0.08437859267,
        "var": 0.000170430896105
    },
    "erbbands_kurtosis": {
        "dmean": 0.369034647942,
        "dmean2": 0.584719538689,
        "dvar": 0.179151549935,
        "dvar2": 0.407495170832,
        "max": 4.10218381882,
        "mean": -0.555728554726,
        "median": -1.05945813656,
        "min": -1.77089059353,
        "var": 1.5305211544
    },
    "erbbands_skewness": {
        "dmean": 0.176361173391,
        "dmean2": 0.273718744516,
        "dvar": 0.0175966732204,
        "dvar2": 0.0396449118853,
        "max": 2.28043913841,
        "mean": 0.898840069771,
        "median": 0.825645327568,
        "min": 0.0142543185502,
        "var": 0.280079573393
    },
    "erbbands_spread": {
        "dmean": 6.32477760315,
        "dmean2": 10.7213983536,
        "dvar": 21.5922222137,
        "dvar2": 68.9822692871,
        "max": 102.656326294,
        "mean": 78.9630584717,
        "median": 83.0958328247,
        "min": 38.3701858521,
        "var": 248.600296021
    },
    "hfc": {
        "dmean": 2.10556030273,
        "dmean2": 2.80189490318,
        "dvar": 5.73455286026,
        "dvar2": 9.43782234192,
        "max": 35.110748291,
        "mean": 21.4381427765,
        "median": 21.3074398041,
        "min": 0.696413516998,
        "var": 15.1666440964
    },
    "melbands_crest": {
        "dmean": 1.38729274273,
        "dmean2": 1.75055205822,
        "dvar": 0.899374961853,
        "dvar2": 1.78007829189,
        "max": 19.8338165283,
        "mean": 15.5219573975,
        "median": 15.5281953812,
        "min": 11.6608171463,
        "var": 3.09956288338
    },
    "melbands_flatness_db": {
        "dmean": 0.0109419487417,
        "dmean2": 0.0163881536573,
        "dvar": 0.000219838679186,
        "dvar2": 0.000329697068082,
        "max": 0.415233552456,
        "mean": 0.375384777784,
        "median": 0.37842336297,
        "min": 0.268261551857,
        "var": 0.000652600836474
    },
    "melbands_kurtosis": {
        "dmean": 14.8116426468,
        "dmean2": 23.9120330811,
        "dvar": 150.748123169,
        "dvar2": 382.956848145,
        "max": 151.440490723,
        "mean": 107.345870972,
        "median": 108.863967896,
        "min": 50.1605834961,
        "var": 419.506103516
    },
    "melbands_skewness": {
        "dmean": 0.562312841415,
        "dmean2": 0.964936316013,
        "dvar": 0.214421600103,
        "dvar2": 0.522586166859,
        "max": 9.71964168549,
        "mean": 7.97138023376,
        "median": 8.01480579376,
        "min": 5.72214508057,
        "var": 0.533158004284
    },
    "melbands_spread": {
        "dmean": 0.362839967012,
        "dmean2": 0.547002792358,
        "dvar": 0.185622870922,
        "dvar2": 0.390652179718,
        "max": 6.8633852005,
        "mean": 3.09319186211,
        "median": 2.88344907761,
        "min": 1.52663385868,
        "var": 1.16454899311
    },
    "pitch_salience": {
        "dmean": 0.0315828807652,
        "dmean2": 0.0426657944918,
        "dvar": 0.000532747944817,
        "dvar2": 0.000995868816972,
        "max": 0.765312731266,
        "mean": 0.674863517284,
        "median": 0.682199478149,
        "min": 0.598037779331,
        "var": 0.00119244342204
    },
    "silence_rate_20dB": {
        "dmean": 0,
        "dmean2": 0,
        "dvar": 0,
        "dvar2": 0,
        "max": 1,
        "mean": 1,
        "median": 1,
        "min": 1,
        "var": 0
    },
    "silence_rate_30dB": {
        "dmean": 0.0666666701436,
        "dmean2": 0.126050427556,
        "dvar": 0.0622222535312,
        "dvar2": 0.126968547702,
        "max": 1,
        "mean": 0.0661156997085,
        "median": 0,
        "min": 0,
        "var": 0.0617444217205
    },
    "silence_rate_60dB": {
        "dmean": 0,
        "dmean2": 0,
        "dvar": 0,
        "dvar2": 0,
        "max": 0,
        "mean": 0,
        "median": 0,
        "min": 0,
        "var": 0
    },
    "spectral_centroid": {
        "dmean": 63.3054008484,
        "dmean2": 102.377578735,
        "dvar": 3496.88720703,
        "dvar2": 8962.09375,
        "max": 1255.765625,
        "mean": 624.58380127,
        "median": 631.731323242,
        "min": 306.796173096,
        "var": 39378.4179688
    },
    "spectral_complexity": {
        "dmean": 2.33333325386,
        "dmean2": 3.44537806511,
        "dvar": 3.28888940811,
        "dvar2": 6.75121831894,
        "max": 25,
        "mean": 11.9008264542,
        "median": 12,
        "min": 1,
        "var": 11.8083496094
    },
    "spectral_decrease": {
        "dmean": 2.51667398032e-09,
        "dmean2": 3.77123887674e-09,
        "dvar": 1.04085997634e-17,
        "dvar2": 1.56627393449e-17,
        "max": -7.69285246616e-10,
        "mean": -2.92482926767e-08,
        "median": -2.93754638392e-08,
        "min": -3.65585215434e-08,
        "var": 1.44483852662e-17
    },
    "spectral_energy": {
        "dmean": 0.00963212642819,
        "dmean2": 0.0144237540662,
        "dvar": 0.000152456050273,
        "dvar2": 0.000228732416872,
        "max": 0.139810696244,
        "mean": 0.112334311008,
        "median": 0.112494513392,
        "min": 0.0029666335322,
        "var": 0.000209661549889
    },
    "spectral_energyband_high": {
        "dmean": 0.000219679859583,
        "dmean2": 0.000329765636707,
        "dvar": 6.16099455897e-08,
        "dvar2": 1.52767029249e-07,
        "max": 0.0033060151618,
        "mean": 0.000964601524174,
        "median": 0.000910850358196,
        "min": 2.40021108766e-05,
        "var": 2.47685136401e-07
    },
    "spectral_energyband_low": {
        "dmean": 0.010753528215,
        "dmean2": 0.0148566300049,
        "dvar": 8.65867987159e-05,
        "dvar2": 0.000159362331033,
        "max": 0.109814107418,
        "mean": 0.0727757364511,
        "median": 0.0728632137179,
        "min": 0.00203104456887,
        "var": 0.000180228205863
    },
    "spectral_energyband_middle_high": {
        "dmean": 0.0002657197183,
        "dmean2": 0.000414216134232,
        "dvar": 6.14363244722e-08,
        "dvar2": 1.18077451816e-07,
        "max": 0.00244101230055,
        "mean": 0.00108960981015,
        "median": 0.000907528039534,
        "min": 7.91799393483e-05,
        "var": 3.09218421535e-07
    },
    "spectral_energyband_middle_low": {
        "dmean": 0.0072933039628,
        "dmean2": 0.0088927578181,
        "dvar": 2.87133334496e-05,
        "dvar2": 4.16792390752e-05,
        "max": 0.0588692761958,
        "mean": 0.0388063751161,
        "median": 0.038901116699,
        "min": 0.000889638788067,
        "var": 8.3133832959e-05
    },
    "spectral_entropy": {
        "dmean": 0.135251626372,
        "dmean2": 0.15420871973,
        "dvar": 0.0220494791865,
        "dvar2": 0.0258611496538,
        "max": 8.4468755722,
        "mean": 6.81953287125,
        "median": 6.79762983322,
        "min": 6.34477186203,
        "var": 0.0667608901858
    },
    "spectral_flux": {
        "dmean": 0.0173006542027,
        "dmean2": 0.0266334302723,
        "dvar": 0.000513591046911,
        "dvar2": 0.000704738486093,
        "max": 0.277263045311,
        "mean": 0.0642115399241,
        "median": 0.059836756438,
        "min": 0.0286516211927,
        "var": 0.000910444359761
    },
    "spectral_kurtosis": {
        "dmean": 0.906950950623,
        "dmean2": 1.56390213966,
        "dvar": 1.04039371014,
        "dvar2": 2.52929711342,
        "max": 11.2281761169,
        "mean": 4.7082734108,
        "median": 4.47768354416,
        "min": 1.75891304016,
        "var": 1.63413667679
    },
    "spectral_rms": {
        "dmean": 0.000479954178445,
        "dmean2": 0.000701252487488,
        "dvar": 7.29494047391e-07,
        "dvar2": 9.12185100788e-07,
        "max": 0.0116790700704,
        "mean": 0.0104261543602,
        "median": 0.0104761989787,
        "min": 0.00170125730801,
        "var": 8.89798855042e-07
    },
    "spectral_rolloff": {
        "dmean": 6.10107421875,
        "dmean2": 11.5808820724,
        "dvar": 94.1524505615,
        "dvar2": 154.221359253,
        "max": 215.33203125,
        "mean": 188.993896484,
        "median": 193.798828125,
        "min": 172.265625,
        "var": 95.7062149048
    },
    "spectral_skewness": {
        "dmean": 0.142959177494,
        "dmean2": 0.241599008441,
        "dvar": 0.0320577025414,
        "dvar2": 0.0802271515131,
        "max": 2.80443692207,
        "mean": 1.43973135948,
        "median": 1.38153851032,
        "min": 0.757248938084,
        "var": 0.0978518798947
    },
    "spectral_spread": {
        "dmean": 300272.78125,
        "dmean2": 305182.0625,
        "dvar": 2.36893896704e+12,
        "dvar2": 1.13581123174e+12,
        "max": 26059020,
        "mean": 4628565,
        "median": 4409713.5,
        "min": 4041240.5,
        "var": 4.11138208563e+12
    },
    "spectral_strongpeak": {
        "dmean": 0.196399927139,
        "dmean2": 0.340502560139,
        "dvar": 0.0471372827888,
        "dvar2": 0.0559714511037,
        "max": 1.58453965187,
        "mean": 0.922407269478,
        "median": 0.788677513599,
        "min": 0,
        "var": 0.0776816681027
    },
    "zerocrossingrate": {
        "dmean": 0.00357259111479,
        "dmean2": 0.0051125921309,
        "dvar": 7.80019581725e-06,
        "dvar2": 1.38636341944e-05,
        "max": 0.0283203125,
        "mean": 0.0178565662354,
        "median": 0.017578125,
        "min": 0.0009765625,
        "var": 2.82903347397e-05
    },
    "barkbands": {
        "dmean": [0.00134849536698, 0.0059731551446, 0.00518634123728, 0.00270556681789, 0.00525596505031, 0.000123135687318, 9.1560112196e-05, 0.000517349049915, 3.37369492627e-05, 1.48811559484e-05, 1.8101560272e-05, 2.09875524888e-05, 4.21031763835e-05, 0.000136915565236, 1.13019277705e-05, 8.10045003163e-06, 2.5419949452e-05, 0.000113024245366, 5.15826650371e-05, 4.40323747171e-05, 0.000214959174627, 5.19786590303e-06, 2.68106828116e-06, 1.36251412641e-06, 3.06337346956e-06, 9.80871277534e-07, 4.15096383222e-06],
        "dmean2": [0.00197466579266, 0.00862908735871, 0.00720818387344, 0.00385730434209, 0.00616549281403, 0.000178965827217, 0.000141502721817, 0.000951512600295, 4.90118109155e-05, 2.35807583522e-05, 3.04986624542e-05, 3.21201550832e-05, 6.31393995718e-05, 0.000219620982534, 1.81831946975e-05, 1.25609858515e-05, 3.82280850317e-05, 0.000144733246998, 8.34923048387e-05, 6.65631814627e-05, 0.000313143595122, 8.41093333293e-06, 4.10135226048e-06, 2.14926490116e-06, 3.95413644583e-06, 1.49579784647e-06, 6.8020872277e-06],
        "dvar": [1.47090634073e-06, 2.19454796024e-05, 2.26220217883e-05, 5.86210762776e-06, 1.21620059872e-05, 3.08852499131e-08, 1.19804308696e-08, 1.39076448136e-07, 1.73418290839e-09, 4.90500029482e-10, 1.14580145372e-09, 3.69132530098e-10, 1.53415624649e-09, 1.18849472486e-08, 1.49175963249e-10, 7.86154821797e-11, 7.08550274009e-10, 1.41049305569e-08, 3.42659101094e-09, 3.87770171528e-09, 4.20111199162e-08, 1.64979349626e-10, 1.73321374614e-11, 6.52789324332e-12, 5.89297447645e-12, 4.78695035e-12, 1.62430797979e-11],
        "dvar2": [2.72708825833e-06, 4.89497397211e-05, 3.3092994272e-05, 8.88090562512e-06, 2.04686821235e-05, 3.06219689605e-08, 3.30824612149e-08, 4.51530581813e-07, 3.8263534563e-09, 7.28946347728e-10, 2.937773802e-09, 9.97300020344e-10, 3.61995367015e-09, 3.30998055631e-08, 3.04296532416e-10, 1.46874290508e-10, 1.14260145789e-09, 2.822081413e-08, 8.14462897125e-09, 9.96535476361e-09, 1.03576937249e-07, 4.30946556218e-10, 3.53385792851e-11, 9.30348940248e-12, 1.28852727099e-11, 5.38354473847e-12, 3.09117002828e-11],
        "max": [0.0123517606407, 0.0386479496956, 0.0604356788099, 0.0258445125073, 0.0319519527256, 0.00226604309864, 0.000986353377812, 0.00197275145911, 0.000353621668182, 0.000216661283048, 0.000304420304019, 0.000143010242027, 0.000335884920787, 0.000726350175682, 9.97069582809e-05, 8.21052672109e-05, 0.000304630753817, 0.000990501372144, 0.000504078809172, 0.000754243170377, 0.00243534357287, 0.000128555955598, 4.07103507314e-05, 3.05905996356e-05, 2.85337355308e-05, 2.86145113932e-05, 5.06356955157e-05],
        "mean": [0.00889536365867, 0.0231884047389, 0.0393719188869, 0.0187040511519, 0.0187314078212, 0.000370335154003, 0.000157611706527, 0.000734313158318, 0.000104289290903, 3.48828034475e-05, 2.90638581646e-05, 4.24067911808e-05, 0.000129868436488, 0.000256044411799, 2.1648751499e-05, 2.03388772206e-05, 0.000121420780488, 0.000256317376625, 0.00013162769028, 0.000137794442708, 0.000804924522527, 1.01974965219e-05, 6.61180820316e-06, 4.15871454607e-06, 1.00482693597e-05, 5.45740658708e-06, 3.52946372004e-05],
        "median": [0.00896670576185, 0.0224098525941, 0.0401547625661, 0.0187797658145, 0.01820583269, 0.000334738666425, 0.000141699711094, 0.000652059912682, 9.32735201786e-05, 2.87745751848e-05, 2.26151296374e-05, 3.76826028514e-05, 0.000122755081975, 0.000224654286285, 1.80922888831e-05, 1.84546552191e-05, 8.69750510901e-05, 0.000152008011355, 0.000110272987513, 0.000129014748381, 0.0007419642061, 7.93653907749e-06, 5.54625285076e-06, 3.80542178391e-06, 9.4577562777e-06, 5.21240735907e-06, 3.54199401045e-05],
        "min": [0.000361766957212, 0.00100561720319, 0.000607597117778, 0.00039617184666, 0.000361823767889, 3.5580524127e-05, 3.01787731587e-05, 3.15102442983e-05, 1.88370686374e-05, 7.88798115536e-06, 2.70573673333e-06, 8.02561953606e-06, 7.10533959136e-06, 2.80663925878e-06, 3.40465294357e-06, 5.60589751331e-06, 1.1796153558e-05, 2.07162247534e-05, 5.34109449291e-06, 6.49704179523e-06, 9.18097521208e-06, 2.86257886728e-06, 1.38928999149e-06, 1.12720579182e-06, 1.47352091062e-06, 1.31701483497e-06, 1.87628040749e-06],
        "var": [2.37247922996e-06, 3.62174541806e-05, 6.06389839959e-05, 1.19809337775e-05, 3.91359826608e-05, 4.71199683716e-08, 1.31260939895e-08, 1.61091293194e-07, 3.37144290263e-09, 7.72368724533e-10, 9.48145451041e-10, 5.70079372597e-10, 3.50641782276e-09, 2.43668498712e-08, 2.59508664557e-10, 1.52777762663e-10, 6.98967905777e-09, 5.81185730653e-08, 6.29720497969e-09, 8.16408540771e-09, 1.95914211076e-07, 1.40566280837e-10, 2.08936670049e-11, 7.39665880628e-12, 1.49703305308e-11, 5.1155399361e-12, 2.30408626206e-11]
    },
    "erbbands": {
        "dmean": [0.307517975569, 1.04147601128, 5.52810573578, 4.55056810379, 21.897151947, 11.0473899841, 3.21933960915, 0.660550534725, 0.739944696426, 8.03095245361, 5.3549861908, 0.972196757793, 0.303610920906, 0.738847911358, 0.778742849827, 0.639982640743, 2.33598446846, 6.90154123306, 1.58304274082, 0.479396939278, 0.511259734631, 2.73983073235, 5.07904291153, 1.82827973366, 2.07621693611, 2.09280109406, 13.6067838669, 0.88708460331, 0.22396928072, 0.132848918438, 0.0720762461424, 0.0223166905344, 0.0408209972084, 0.044887714088, 0.00651127099991, 0.00364064099267, 0.00238467613235, 0.00147573545109, 0.000659086334053, 9.27544169826e-05],
        "dmean2": [0.458879351616, 1.41917824745, 7.73627948761, 6.81424045563, 28.2877922058, 11.6226511002, 3.70256614685, 1.07644152641, 1.14543616772, 14.50020504, 9.6790895462, 1.37999081612, 0.47118344903, 1.08976984024, 1.16016209126, 1.03271400928, 3.52152991295, 11.1460924149, 2.46313214302, 0.756825149059, 0.832743525505, 3.67857718468, 6.43489789963, 2.87659955025, 3.26311469078, 3.2955160141, 20.0097541809, 1.45264053345, 0.374267846346, 0.20403842628, 0.108926661313, 0.0330797992647, 0.0636171475053, 0.0560541041195, 0.010143042542, 0.00573601806536, 0.00389224220999, 0.00233798031695, 0.0011242571054, 0.000152546126628],
        "dvar": [0.0458552874625, 0.750875234604, 28.1489372253, 19.6459884644, 303.171722412, 37.5500717163, 4.44702672958, 1.5072491169, 1.9423160553, 40.5925331116, 13.2305288315, 1.11562526226, 0.383182376623, 0.838459014893, 1.40389883518, 0.404189437628, 4.42273664474, 32.562046051, 1.46791434288, 0.354369997978, 0.330259144306, 9.0290594101, 29.2505493164, 3.8106815815, 5.83905220032, 8.20057678223, 178.491256714, 1.49739289284, 0.470903724432, 0.0471980124712, 0.0103127267212, 0.00335849984549, 0.0016800215235, 0.00120329903439, 0.000211329723243, 9.11899187486e-05, 1.58851562446e-05, 1.7435592099e-06, 3.01264407199e-07, 6.94550994496e-09],
        "dvar2": [0.122505739331, 1.36941552162, 39.0780029297, 39.02161026, 476.326629639, 50.9253158569, 6.96386814117, 1.67263412476, 4.68313121796, 128.7137146, 43.8185653687, 2.49155688286, 0.427652984858, 1.68284261227, 3.06518268585, 0.767184138298, 9.97833156586, 84.6975860596, 3.77414345741, 0.640120506287, 0.693040311337, 16.2513523102, 56.8391723633, 8.74711322784, 13.8484945297, 18.6525917053, 437.235961914, 3.56187915802, 1.27654290199, 0.107800170779, 0.0198829118162, 0.0044318260625, 0.00243260152638, 0.00292129116133, 0.000232969250646, 9.83506615739e-05, 1.98267916858e-05, 3.00579858958e-06, 6.71063560276e-07, 1.47910483861e-08],
        "max": [1.84451305866, 7.65749311447, 63.8033638, 53.9473342896, 179.163375854, 54.3193016052, 21.5008544922, 15.6855449677, 11.6429462433, 27.3389205933, 23.5288410187, 9.23867416382, 7.41609048843, 9.41857814789, 12.2987442017, 5.17034578323, 19.2114849091, 37.437461853, 11.2713527679, 4.30517673492, 5.96656751633, 29.3577804565, 45.3262901306, 15.9619255066, 22.9323997498, 40.7794570923, 163.674224854, 15.9973011017, 6.66308069229, 2.37284374237, 0.887544989586, 0.643415749073, 0.523077309132, 0.329840928316, 0.1863694489, 0.116614840925, 0.0519395694137, 0.0184813905507, 0.0062621938996, 0.00104588142131],
        "mean": [1.13399326801, 4.21422100067, 42.3385009766, 38.4121017456, 115.573875427, 26.3684062958, 8.65414142609, 1.74869990349, 1.47749781609, 11.0117578506, 9.49656867981, 3.36500191689, 1.02354705334, 1.48324501514, 1.66877985001, 1.71970570087, 7.25389242172, 11.6192932129, 4.86983156204, 1.20495009422, 1.72430503368, 9.66956329346, 12.228808403, 5.27832078934, 6.11575841904, 10.1525506973, 52.0100860596, 4.04874038696, 0.510920882225, 0.293786138296, 0.169199630618, 0.0690707862377, 0.12785628438, 0.140520945191, 0.0287862922996, 0.0148738818243, 0.0109988600016, 0.00806690007448, 0.00399568397552, 0.000797627202701],
        "median": [1.12291836739, 4.03553581238, 43.5684127808, 38.1697273254, 116.705490112, 25.6056423187, 7.86582708359, 1.598539114, 1.18351197243, 9.14429187775, 8.77974891663, 3.07572293282, 0.939987897873, 1.24275064468, 1.35702228546, 1.57858502865, 7.03673839569, 9.9933013916, 4.55577230453, 0.980581760406, 1.58681035042, 6.51582717896, 7.24284410477, 4.72481870651, 5.25293445587, 10.1416902542, 47.8258552551, 3.66723036766, 0.439722150564, 0.240095332265, 0.142761394382, 0.0595331378281, 0.111372575164, 0.131541192532, 0.0270654205233, 0.0141722038388, 0.0103631755337, 0.00792445428669, 0.00399004062638, 0.000797659275122],
        "min": [0.0319153778255, 0.217396304011, 0.658787071705, 1.11926043034, 1.41449332237, 1.09661078453, 0.477316409349, 0.278812766075, 0.379972279072, 0.597481429577, 0.652711570263, 0.645930707455, 0.403936862946, 0.211395725608, 0.174576312304, 0.343395859003, 0.353282153606, 0.136871173978, 0.215682715178, 0.261290460825, 0.346347421408, 0.765260100365, 1.00758552551, 0.305724173784, 0.261178940535, 0.294450700283, 0.411112815142, 0.280111610889, 0.110790453851, 0.0663055106997, 0.035244807601, 0.0216805394739, 0.0234968904406, 0.0172741450369, 0.00861930754036, 0.00506913475692, 0.00235829758458, 0.000789649260696, 0.000281481887214, 3.47410968971e-05],
        "var": [0.072861559689, 1.48361194134, 70.0081253052, 29.5640335083, 755.07043457, 170.402618408, 15.7665205002, 1.84576797485, 1.77239918709, 41.7369155884, 17.6668643951, 2.80195569992, 0.477380931377, 1.47398149967, 1.67535495758, 0.601552307606, 10.8450689316, 56.515209198, 5.78764152527, 0.659529745579, 0.858689129353, 55.9237327576, 129.994613647, 8.63845252991, 12.3732767105, 29.2784442902, 820.81817627, 4.87959432602, 0.360588163137, 0.0587620958686, 0.0124070672318, 0.00337354559451, 0.00309627735987, 0.0030711342115, 0.000230712641496, 9.2261689133e-05, 1.80791757884e-05, 2.64738309852e-06, 4.14164247786e-07, 1.14072324919e-08]
    },
    "gfcc": {
        "mean": [6.6671333313, 108.600967407, -59.2298355103, 61.0497245789, -8.3763999939, -11.0644674301, -5.55067682266, -6.03954792023, -29.604516983, 4.76589727402, -15.3983058929, -27.259601593, -15.5653648376],
        "cov": [[258.884857178, -11.072271347, -103.7423172, 45.9537124634, 30.625459671, -16.2121047974, 11.5020141602, -19.5510997772, -2.34389138222, 1.00882470608, -4.10703277588, -11.48919487, -3.34841537476], [-11.072271347, 26.2674179077, 37.3908500671, -13.4745807648, -8.84470653534, -5.8668847084, -0.0855944305658, -1.68065428734, -5.70749378204, 4.90252256393, 4.9632191658, -10.6372537613, -0.524670183659], [-103.7423172, 37.3908500671, 135.302124023, -42.4671401978, -33.1656684875, 10.4940729141, -9.92646121979, 2.35246777534, -7.34835147858, 9.35070323944, 15.4750070572, -10.862991333, 4.29295349121], [45.9537124634, -13.4745807648, -42.4671401978, 37.5594062805, 24.7484970093, -10.8936223984, 6.79697942734, -8.84968280792, -3.01504397392, 0.62797421217, -2.95439815521, -4.38424015045, -1.35463690758], [30.625459671, -8.84470653534, -33.1656684875, 24.7484970093, 36.0358428955, -5.76603507996, 3.80452394485, -4.69877719879, -5.36441230774, 2.90608143806, -1.81463229656, -6.86851930618, -0.376061588526], [-16.2121047974, -5.8668847084, 10.4940729141, -10.8936223984, -5.76603507996, 21.9536628723, 1.42435765266, -0.136694148183, 3.69242501259, 1.0037021637, 4.25878381729, 5.81685304642, 2.84169006348], [11.5020141602, -0.0855944305658, -9.92646121979, 6.79697942734, 3.80452394485, 1.42435765266, 23.7262687683, 7.01772546768, 2.96781611443, -5.63907051086, -2.0284204483, 0.168473556638, -6.56866931915], [-19.5510997772, -1.68065428734, 2.35246777534, -8.84968280792, -4.69877719879, -0.136694148183, 7.01772546768, 33.9477958679, 15.8532400131, -11.8943624496, 0.742567777634, 7.91780376434, -9.06847763062], [-2.34389138222, -5.70749378204, -7.34835147858, -3.01504397392, -5.36441230774, 3.69242501259, 2.96781611443, 15.8532400131, 19.4267272949, -2.43781685829, 0.309541136026, 5.69076538086, -10.7527723312], [1.00882470608, 4.90252256393, 9.35070323944, 0.62797421217, 2.90608143806, 1.0037021637, -5.63907051086, -11.8943624496, -2.43781685829, 19.1975784302, 4.54375743866, -9.98794460297, 0.306465804577], [-4.10703277588, 4.9632191658, 15.4750070572, -2.95439815521, -1.81463229656, 4.25878381729, -2.0284204483, 0.742567777634, 0.309541136026, 4.54375743866, 10.1521520615, -1.86148881912, -1.76413965225], [-11.48919487, -10.6372537613, -10.862991333, -4.38424015045, -6.86851930618, 5.81685304642, 0.168473556638, 7.91780376434, 5.69076538086, -9.98794460297, -1.86148881912, 16.2646656036, 0.53096395731], [-3.34841537476, -0.524670183659, 4.29295349121, -1.35463690758, -0.376061588526, 2.84169006348, -6.56866931915, -9.06847763062, -10.7527723312, 0.306465804577, -1.76413965225, 0.53096395731, 17.4001731873]],
        "icov": [[0.00770624587312, -0.00451409630477, 0.00826892629266, -0.00178192357998, 0.00230858265422, 0.000323323969496, -0.00129716633819, 0.00520906737074, -0.00477151665837, 0.00639227684587, -0.00946867652237, 0.0104781761765, -0.0029507339932], [-0.00451409630477, 0.197892084718, -0.0244369935244, 0.11211245507, -0.00922029651701, 0.122181802988, -0.0666590705514, 0.0462518595159, -0.0237411223352, 0.027425263077, -0.0992530807853, 0.0854595452547, -0.0291816722602], [0.00826892629266, -0.0244369935244, 0.0300085563213, -0.00017796450993, 0.0151352072135, -0.0156258698553, 0.0068921954371, -0.00571356387809, 0.0101170567796, 0.00535932509229, -0.0181507654488, 0.0222311224788, -0.000421005272074], [-0.00178192357998, 0.11211245507, -0.00017796450993, 0.159206226468, -0.0526981502771, 0.120708987117, -0.070371709764, 0.0745501965284, -0.0622078329325, 0.0345704369247, -0.101120904088, 0.046724986285, -0.0438181236386], [0.00230858265422, -0.00922029651701, 0.0151352072135, -0.0526981502771, 0.0763229057193, -0.037808123976, 0.0189766436815, -0.0383446477354, 0.052273645997, -0.0127178197727, 0.0164645146579, 0.0308392439038, 0.0205889344215], [0.000323323969496, 0.122181802988, -0.0156258698553, 0.120708987117, -0.037808123976, 0.186548933387, -0.0850884094834, 0.0809740722179, -0.0899685397744, 0.0194182936102, -0.124967128038, 0.0125074749812, -0.0731955692172], [-0.00129716633819, -0.0666590705514, 0.0068921954371, -0.070371709764, 0.0189766436815, -0.0850884094834, 0.0968794450164, -0.0487422570586, 0.0497539639473, 0.000422810437158, 0.0691779255867, -0.00870438478887, 0.0540554076433], [0.00520906737074, 0.0462518595159, -0.00571356387809, 0.0745501965284, -0.0383446477354, 0.0809740722179, -0.0487422570586, 0.121923476458, -0.110659055412, 0.0651431828737, -0.0787056833506, 0.0171399153769, -0.0373337231576], [-0.00477151665837, -0.0237411223352, 0.0101170567796, -0.0622078329325, 0.052273645997, -0.0899685397744, 0.0497539639473, -0.110659055412, 0.211461082101, -0.0608841702342, 0.0758337453008, -0.0275328457355, 0.108237236738], [0.00639227684587, 0.027425263077, 0.00535932509229, 0.0345704369247, -0.0127178197727, 0.0194182936102, 0.000422810437158, 0.0651431828737, -0.0608841702342, 0.138467878103, -0.0703795999289, 0.0901145637035, -0.0158582720906], [-0.00946867652237, -0.0992530807853, -0.0181507654488, -0.101120904088, 0.0164645146579, -0.124967128038, 0.0691779255867, -0.0787056833506, 0.0758337453008, -0.0703795999289, 0.246156737208, -0.0656911581755, 0.0727153792977], [0.0104781761765, 0.0854595452547, 0.0222311224788, 0.046724986285, 0.0308392439038, 0.0125074749812, -0.00870438478887, 0.0171399153769, -0.0275328457355, 0.0901145637035, -0.0656911581755, 0.210774317384, -0.0246767681092], [-0.0029507339932, -0.0291816722602, -0.000421005272074, -0.0438181236386, 0.0205889344215, -0.0731955692172, 0.0540554076433, -0.0373337231576, 0.108237236738, -0.0158582720906, 0.0727153792977, -0.0246767681092, 0.141355231404]]
    },
    "melbands": {
        "dmean": [0.00204143254086, 0.00230966298841, 0.00118567491882, 0.00129723863211, 0.00014953223581, 1.5435858586e-05, 1.19546566566e-05, 0.000106413848698, 3.38966274285e-05, 6.24427548246e-06, 1.44563887261e-06, 3.01279851556e-06, 2.5060887765e-06, 2.45800447374e-06, 2.66473239208e-06, 4.05976061302e-06, 1.57634567586e-05, 3.56805003321e-06, 7.72613248046e-07, 6.26560279215e-07, 6.57536361359e-07, 1.42758540278e-06, 1.1663015357e-05, 5.7500164985e-07, 1.62497553902e-06, 2.438818683e-06, 1.09673135285e-06, 1.3070228988e-06, 1.1650232409e-05, 2.04644879886e-06, 2.01387436505e-07, 1.39481244332e-07, 8.70975469525e-08, 6.9428956806e-08, 4.77924899656e-08, 2.3586020248e-08, 1.15883427299e-08, 1.44428264903e-08, 8.26466504122e-08, 2.23025207191e-08],
        "dmean2": [0.00302125769667, 0.00311496807262, 0.00162523775361, 0.00151423551142, 0.000159216535394, 2.45230621658e-05, 1.76424364327e-05, 0.000194625361473, 6.18297417532e-05, 8.98875987332e-06, 2.28897465604e-06, 4.47380625701e-06, 3.92714628106e-06, 3.63281765203e-06, 4.14270334659e-06, 6.20504715698e-06, 2.55280683632e-05, 5.55515998713e-06, 1.24325845263e-06, 9.40965946938e-07, 1.04836465198e-06, 2.13149769479e-06, 1.46883930938e-05, 9.02761087218e-07, 2.56300995716e-06, 3.92346646549e-06, 1.70578528014e-06, 2.02741284738e-06, 1.76974517672e-05, 3.08598464471e-06, 3.37334370215e-07, 2.31665723049e-07, 1.37594597049e-07, 1.04625208053e-07, 7.35498559834e-08, 3.7248828022e-08, 1.70370260122e-08, 2.28528502788e-08, 1.19004305077e-07, 2.95343802748e-08],
        "dvar": [2.27197938329e-06, 4.34185994891e-06, 1.44270961755e-06, 7.56274573632e-07, 7.65591146035e-09, 8.43550063134e-10, 4.86518936249e-10, 6.88612233901e-09, 5.06599817651e-10, 4.22219863239e-11, 9.65809550391e-12, 1.27587506532e-11, 1.8907871796e-11, 5.17988603399e-12, 5.08423381521e-12, 1.48489848889e-11, 1.69516040094e-10, 7.10239939777e-12, 8.06822165501e-13, 4.79466238847e-13, 5.54857321113e-13, 1.9367671529e-12, 1.4803032411e-10, 3.1454030461e-13, 2.96753919181e-12, 7.45539133901e-12, 1.14106217964e-12, 3.01390639876e-12, 1.4789676428e-10, 4.04723693795e-12, 1.9890084588e-13, 1.73404300359e-13, 3.27608898126e-14, 1.08387767416e-14, 3.73219530164e-15, 2.06335870698e-15, 9.85671488413e-16, 8.52945819561e-16, 4.45118016068e-15, 3.32531053169e-16],
        "dvar2": [5.54298139832e-06, 6.4196792664e-06, 2.22866106014e-06, 1.22332664887e-06, 1.20499414891e-08, 8.95169105508e-10, 1.21240206763e-09, 2.2130310029e-08, 1.66129521251e-09, 8.95108015486e-11, 1.04135432916e-11, 2.49635225685e-11, 4.55680146394e-11, 1.17710728317e-11, 1.17289233881e-11, 3.63093964617e-11, 4.41825326325e-10, 1.89190382111e-11, 1.60810709367e-12, 8.54617212501e-13, 1.24905977488e-12, 4.3744990269e-12, 2.76310363478e-10, 7.54365970732e-13, 6.94155150027e-12, 1.86318009632e-11, 2.828214659e-12, 6.28091372315e-12, 3.73879566196e-10, 8.70470188985e-12, 5.41393481695e-13, 4.698108764e-13, 8.37359424421e-14, 2.45604911056e-14, 7.08188280628e-15, 3.56232834978e-15, 1.1184453852e-15, 1.13197451307e-15, 9.95881792965e-15, 5.97793873102e-16],
        "max": [0.0133137274534, 0.024835344404, 0.013823049143, 0.00849409028888, 0.000898139318451, 0.000368360255379, 0.000189118742128, 0.000375561474357, 0.000148994964547, 5.9013691498e-05, 3.66380045307e-05, 3.61281454389e-05, 4.29715983046e-05, 1.79654798558e-05, 2.09822483157e-05, 3.17916201311e-05, 8.38005216792e-05, 2.47962452704e-05, 7.64091782912e-06, 5.35749450137e-06, 7.93668459664e-06, 1.32029417728e-05, 0.000103376769403, 4.64438880954e-06, 1.35700247483e-05, 2.25969251915e-05, 9.71526969806e-06, 2.27604650718e-05, 0.000141697528306, 2.12094528251e-05, 4.50603374702e-06, 3.92502442992e-06, 1.84076338883e-06, 1.128450549e-06, 5.30371721652e-07, 4.46950338073e-07, 3.65369601241e-07, 3.55670522367e-07, 4.88057025905e-07, 2.38212507497e-07],
        "mean": [0.00812831614166, 0.0157676525414, 0.0109341749921, 0.00508625246584, 0.000355616328306, 4.16393922933e-05, 2.21390491788e-05, 0.000148119288497, 6.08238260611e-05, 1.95615120901e-05, 4.10908432968e-06, 5.95756728217e-06, 4.84492647956e-06, 5.18603610544e-06, 8.79710660229e-06, 1.22311812447e-05, 2.58376167039e-05, 1.03924066934e-05, 1.43519594076e-06, 1.54762119564e-06, 2.01585726245e-06, 4.99608722748e-06, 2.64754035015e-05, 1.61253547049e-06, 4.20789274358e-06, 5.72672979615e-06, 3.13714713229e-06, 4.08260211771e-06, 4.25442922278e-05, 8.04023329692e-06, 4.34108159197e-07, 2.3677702643e-07, 1.66339148677e-07, 1.54190857415e-07, 1.07653463033e-07, 5.625275179e-08, 3.40026033996e-08, 4.65130902683e-08, 2.11384474369e-07, 7.87869822716e-08],
        "median": [0.00805961340666, 0.0159803349525, 0.0110118603334, 0.00494183786213, 0.000346033484675, 3.70146808564e-05, 1.73265671037e-05, 0.000126063867356, 5.7884855778e-05, 1.76615176315e-05, 3.68190171685e-06, 4.955357781e-06, 3.90559125663e-06, 4.49889876109e-06, 8.58034400153e-06, 1.17507697723e-05, 2.21782192966e-05, 9.75533475867e-06, 1.07207051769e-06, 1.30719206481e-06, 1.82740336641e-06, 4.50272818853e-06, 1.56353489729e-05, 1.45409785546e-06, 3.67941947843e-06, 4.82224231746e-06, 2.85599776362e-06, 3.67935649592e-06, 3.82763355447e-05, 7.35986031941e-06, 3.44255454365e-07, 1.8723179096e-07, 1.33407525027e-07, 1.30207084226e-07, 9.27458430056e-08, 4.91584692952e-08, 2.99605886767e-08, 4.28738928804e-08, 1.88776297705e-07, 7.4711387299e-08],
        "min": [0.000299736100715, 0.000333485280862, 0.000206317316042, 9.46210857364e-05, 2.15637010115e-05, 6.29575106359e-06, 5.49093329028e-06, 6.8435851972e-06, 5.16454429089e-06, 2.96656912724e-06, 1.39525366194e-06, 8.93733101748e-07, 4.48961287702e-07, 8.74345857937e-07, 9.87399175756e-07, 5.33424952209e-07, 2.14696996181e-07, 3.3197110838e-07, 1.72120593334e-07, 2.85486180474e-07, 3.77432456844e-07, 5.27295185293e-07, 1.20433332995e-06, 4.17599295588e-07, 2.08646810052e-07, 2.01977485403e-07, 1.45367920368e-07, 2.22552102969e-07, 2.28847994777e-07, 3.28543251271e-07, 1.03113585226e-07, 6.06363528277e-08, 3.54448133066e-08, 3.23289448545e-08, 2.13699120621e-08, 1.5469483472e-08, 1.19309708779e-08, 1.53079771081e-08, 2.03121430786e-08, 1.17873986127e-08],
        "var": [3.62204832527e-06, 1.08124786493e-05, 2.58201680481e-06, 2.44897751145e-06, 3.20826032407e-08, 1.04456088224e-09, 4.48719505997e-10, 7.10865588616e-09, 6.92697177396e-10, 1.14857366673e-10, 1.1269945914e-11, 2.36053485786e-11, 1.83438160495e-11, 9.07688420954e-12, 1.2414503453e-11, 3.1909325876e-11, 2.93362278914e-10, 2.82302202448e-11, 1.32322798552e-12, 9.72451828264e-13, 1.26541485623e-12, 8.88677152699e-12, 6.78638534257e-10, 8.15855087481e-13, 5.92069882704e-12, 1.31782631682e-11, 2.72417158276e-12, 7.74526363184e-12, 5.67605962232e-10, 1.98184680472e-11, 1.85433930038e-13, 1.27490588074e-13, 3.07805640514e-14, 1.4530975571e-14, 4.79590054735e-15, 2.00206846171e-15, 1.02488943151e-15, 9.80145551344e-16, 9.08423608282e-15, 8.55018191546e-16]
    },
    "mfcc": {
        "mean": [-664.891418457, 149.631881714, 20.4963111877, 76.6386260986, 20.1172065735, 18.2435569763, 32.4856567383, -12.0129003525, 7.55242586136, 5.34013032913, 7.47991037369, 11.6502151489, -14.080704689],
        "cov": [[332.050445557, -58.2016639709, -127.574485779, 43.7424163818, -5.80269289017, 30.2217960358, 1.38754475117, -1.10217893124, 4.15652513504, 2.503469944, -4.88570261002, 2.68031477928, -12.8290615082], [-58.2016639709, 50.5057945251, 51.9798660278, -13.885846138, 0.656321883202, -13.5196685791, 10.9656534195, -18.4673137665, -4.54389619827, -0.260328412056, 5.29267120361, 5.15389823914, -6.57121610641], [-127.574485779, 51.9798660278, 122.249427795, -37.4865455627, -5.76083183289, -18.6639194489, 1.03810596466, -11.219959259, -9.06521511078, 1.40286505222, 6.78574037552, -5.4436674118, 10.1696538925], [43.7424163818, -13.885846138, -37.4865455627, 41.1688270569, 5.14879322052, 5.68426513672, 9.19379711151, -3.32743883133, -0.20470701158, 2.66501545906, 4.24390649796, 7.31521654129, -10.7479686737], [-5.80269289017, 0.656321883202, -5.76083183289, 5.14879322052, 24.152431488, 1.95230078697, 7.07072639465, -17.6744003296, -0.505712091923, -4.65072631836, 1.24797856808, 4.81653022766, -6.88925504684], [30.2217960358, -13.5196685791, -18.6639194489, 5.68426513672, 1.95230078697, 24.9671897888, 3.10403752327, -6.4942650795, -3.28750658035, -0.943188488483, -6.54820728302, -1.80089211464, 4.57623100281], [1.38754475117, 10.9656534195, 1.03810596466, 9.19379711151, 7.07072639465, 3.10403752327, 23.4135742188, -10.6002235413, -0.795019686222, -1.60456764698, -1.48977005482, 2.01539254189, -0.839533448219], [-1.10217893124, -18.4673137665, -11.219959259, -3.32743883133, -17.6744003296, -6.4942650795, -10.6002235413, 46.313709259, 5.32291889191, 8.74725818634, -0.817132174969, -10.5537424088, 12.3705244064], [4.15652513504, -4.54389619827, -9.06521511078, -0.20470701158, -0.505712091923, -3.28750658035, -0.795019686222, 5.32291889191, 12.5029029846, 0.672755479813, -0.240269824862, -1.59716200829, 0.732780694962], [2.503469944, -0.260328412056, 1.40286505222, 2.66501545906, -4.65072631836, -0.943188488483, -1.60456764698, 8.74725818634, 0.672755479813, 15.1357421875, 4.2968454361, -1.93748903275, 6.1354174614], [-4.88570261002, 5.29267120361, 6.78574037552, 4.24390649796, 1.24797856808, -6.54820728302, -1.48977005482, -0.817132174969, -0.240269824862, 4.2968454361, 19.0362644196, 4.86839818954, -4.18937110901], [2.68031477928, 5.15389823914, -5.4436674118, 7.31521654129, 4.81653022766, -1.80089211464, 2.01539254189, -10.5537424088, -1.59716200829, -1.93748903275, 4.86839818954, 14.7947130203, -6.10234117508], [-12.8290615082, -6.57121610641, 10.1696538925, -10.7479686737, -6.88925504684, 4.57623100281, -0.839533448219, 12.3705244064, 0.732780694962, 6.1354174614, -4.18937110901, -6.10234117508, 29.997303009]],
