{
"lowlevel": {
    "average_loudness": 0.985965669155,
    "barkbands_crest": {
        "dmean": 0.962842226028,
        "dmean2": 1.35034489632,
        "dvar": 1.28167510033,
        "dvar2": 1.99215173721,
        "max": 19.9228382111,
        "mean": 17.7548046112,
        "median": 18.0144958496,
        "min": 8.09071922302,
        "var": 2.50886487961
    },
    "barkbands_flatness_db": {
        "dmean": 0.034802377224,
        "dmean2": 0.0556751526892,
        "dvar": 0.000989347114228,
        "dvar2": 0.0020150563214,
        "max": 0.329357415438,
        "mean": 0.243352606893,
        "median": 0.238555848598,
        "min": 0.118908248842,
        "var": 0.00299348589033
    },
    "barkbands_kurtosis": {
        "dmean": 8.88614845276,
        "dmean2": 14.0137214661,
        "dvar": 78.9227371216,
        "dvar2": 170.905014038,
        "max": 56.0734100342,
        "mean": 23.9222393036,
        "median": 21.2452754974,
        "min": -0.345864295959,
        "var": 212.591201782
    },
    "barkbands_skewness": {
        "dmean": 0.786236345768,
        "dmean2": 1.21748387814,
        "dvar": 0.54449737072,
        "dvar2": 1.22802555561,
        "max": 6.55042886734,
        "mean": 4.35559415817,
        "median": 4.41769456863,
        "min": 1.14743411541,
        "var": 1.50194215775
    },
    "barkbands_spread": {
        "dmean": 4.95654916763,
        "dmean2": 7.88516330719,
        "dvar": 34.0009307861,
        "dvar2": 84.4006347656,
        "max": 42.6755485535,
        "mean": 8.46588897705,
        "median": 6.15753698349,
        "min": 1.91442739964,
        "var": 50.3248748779
    },
    "dissonance": {
        "dmean": 0.0130167640746,
        "dmean2": 0.0203985217959,
        "dvar": 0.000449685641797,
        "dvar2": 0.000635821605101,
        "max": 0.49773645401,
        "mean": 0.47659766674,
        "median": 0.47979041934,
        "min": 0.273456722498,
        "var": 0.000526689284015
    },
    "dynamic_complexity": 0.795126378536,
    "erbbands_crest": {
        "dmean": 2.1041200161,
        "dmean2": 3.36601018906,
        "dvar": 3.57024288177,
        "dvar2": 8.68451976776,
        "max": 15.923324585,
        "mean": 8.93615245819,
        "median": 8.77430057526,
        "min": 3.83021259308,
        "var": 9.27310180664
    },
    "erbbands_flatness_db": {
        "dmean": 0.0137502765283,
        "dmean2": 0.0210868865252,
        "dvar": 0.00014026122517,
        "dvar2": 0.000291932869004,
        "max": 0.226762875915,
        "mean": 0.183088630438,
        "median": 0.179762899876,
        "min": 0.132156744599,
        "var": 0.000408256339142
    },
    "erbbands_kurtosis": {
        "dmean": 0.322291582823,
        "dmean2": 0.523720920086,
        "dvar": 0.0989490747452,
        "dvar2": 0.284154862165,
        "max": 0.422716140747,
        "mean": -1.14691007137,
        "median": -1.25959932804,
        "min": -1.70188248158,
        "var": 0.150476276875
    },
    "erbbands_skewness": {
        "dmean": 0.370675742626,
        "dmean2": 0.597814261913,
        "dvar": 0.126509413123,
        "dvar2": 0.300191521645,
        "max": 1.10769629478,
        "mean": 0.0542625561357,
        "median": 0.0885637626052,
        "min": -1.12069880962,
        "var": 0.218824729323
    },
    "erbbands_spread": {
        "dmean": 9.62734794617,
        "dmean2": 16.3975257874,
        "dvar": 74.7119369507,
        "dvar2": 193.156463623,
        "max": 84.248664856,
        "mean": 59.8673820496,
        "median": 59.8689422607,
        "min": 38.0466575623,
        "var": 99.9502410889
    },
    "hfc": {
        "dmean": 7.14530324936,
        "dmean2": 11.278968811,
        "dvar": 79.0499420166,
        "dvar2": 202.024047852,
        "max": 69.9964523315,
        "mean": 17.4285869598,
        "median": 13.8075351715,
        "min": 0.243141427636,
        "var": 120.232437134
    },
    "melbands_crest": {
        "dmean": 0.889612972736,
        "dmean2": 1.35533952713,
        "dvar": 1.44868862629,
        "dvar2": 1.68241894245,
        "max": 29.0324630737,
        "mean": 26.8690414429,
        "median": 27.0146446228,
        "min": 16.1871128082,
        "var": 1.97546362877
    },
    "melbands_flatness_db": {
        "dmean": 0.0448287650943,
        "dmean2": 0.0705089941621,
        "dvar": 0.0016017180169,
        "dvar2": 0.00345503212884,
        "max": 0.470582842827,
        "mean": 0.365400791168,
        "median": 0.357925444841,
        "min": 0.198736414313,
        "var": 0.00479018921033
    },
    "melbands_kurtosis": {
        "dmean": 19.2144298553,
        "dmean2": 28.3356990814,
        "dvar": 253.988418579,
        "dvar2": 616.045227051,
        "max": 138.307037354,
        "mean": 70.2977523804,
        "median": 65.5260772705,
        "min": 9.41421318054,
        "var": 961.408203125
    },
    "melbands_skewness": {
        "dmean": 0.906748712063,
        "dmean2": 1.35375118256,
        "dvar": 0.633984804153,
        "dvar2": 1.50847256184,
        "max": 9.69868850708,
        "mean": 7.24807548523,
        "median": 7.32431650162,
        "min": 3.1478331089,
        "var": 2.20315957069
    },
    "melbands_spread": {
        "dmean": 2.87681889534,
        "dmean2": 4.58117771149,
        "dvar": 14.64752388,
        "dvar2": 36.9973220825,
        "max": 31.0944137573,
        "mean": 5.1515827179,
        "median": 3.71096968651,
        "min": 1.2920717001,
        "var": 19.6153507233
    },
    "pitch_salience": {
        "dmean": 0.0380513221025,
        "dmean2": 0.0535383932292,
        "dvar": 0.00135710986797,
        "dvar2": 0.00267385412008,
        "max": 0.734964251518,
        "mean": 0.472907155752,
        "median": 0.464311152697,
        "min": 0.399290174246,
        "var": 0.00246064830571
    },
    "silence_rate_20dB": {
        "dmean": 0,
        "dmean2": 0,
        "dvar": 0,
        "dvar2": 0,
        "max": 1,
        "mean": 1,
        "median": 1,
        "min": 1,
        "var": 0
    },
    "silence_rate_30dB": {
        "dmean": 0.0333333350718,
        "dmean2": 0.0672268941998,
        "dvar": 0.0322221443057,
        "dvar2": 0.0963208898902,
        "max": 1,
        "mean": 0.983471095562,
        "median": 1,
        "min": 0,
        "var": 0.0162557438016
    },
    "silence_rate_60dB": {
        "dmean": 0,
        "dmean2": 0,
        "dvar": 0,
        "dvar2": 0,
        "max": 0,
        "mean": 0,
        "median": 0,
        "min": 0,
        "var": 0
    },
    "spectral_centroid": {
        "dmean": 444.60546875,
        "dmean2": 714.610229492,
        "dvar": 203056.796875,
        "dvar2": 480289.03125,
        "max": 2757.89746094,
        "mean": 854.117370605,
        "median": 716.428344727,
        "min": 214.528961182,
        "var": 359604.21875
    },
    "spectral_complexity": {
        "dmean": 8.06666660309,
        "dmean2": 12.7983188629,
        "dvar": 75.4289245605,
        "dvar2": 178.379562378,
        "max": 53,
        "mean": 17.4380168915,
        "median": 11,
        "min": 1,
        "var": 165.188400269
    },
    "spectral_decrease": {
        "dmean": 2.19664264556e-09,
        "dmean2": 3.00157743105e-09,
        "dvar": 5.32764285079e-18,
        "dvar2": 7.6041861716e-18,
        "max": -2.87738499694e-10,
        "mean": -1.90839593017e-08,
        "median": -1.90495850205e-08,
        "min": -2.86373964542e-08,
        "var": 1.24700430377e-17
    },
    "spectral_energy": {
        "dmean": 0.0086285052821,
        "dmean2": 0.0118488874286,
        "dvar": 8.13204460428e-05,
        "dvar2": 0.000121623292216,
        "max": 0.112129718065,
        "mean": 0.0736079514027,
        "median": 0.07357673347,
        "min": 0.00110804650467,
        "var": 0.000193110914552
    },
    "spectral_energyband_high": {
        "dmean": 0.000494791893288,
        "dmean2": 0.000781187729444,
        "dvar": 4.38130712155e-07,
        "dvar2": 1.14018951081e-06,
        "max": 0.00495626404881,
        "mean": 0.000538950553164,
        "median": 0.000219562833081,
        "min": 2.23718052439e-06,
        "var": 5.6924642422e-07
    },
    "spectral_energyband_low": {
        "dmean": 0.00788610149175,
        "dmean2": 0.0102788982913,
        "dvar": 5.81829954172e-05,
        "dvar2": 7.79382826295e-05,
        "max": 0.0900134593248,
        "mean": 0.0629944726825,
        "median": 0.0635586678982,
        "min": 0.000777782581281,
        "var": 0.000126597486087
    },
    "spectral_energyband_middle_high": {
        "dmean": 0.00184435246047,
        "dmean2": 0.0029093681369,
        "dvar": 5.74541945753e-06,
        "dvar2": 1.46457623487e-05,
        "max": 0.0158446840942,
        "mean": 0.00298502249643,
        "median": 0.00211238116026,
        "min": 5.19134882779e-05,
        "var": 7.9826113506e-06
    },
    "spectral_energyband_middle_low": {
        "dmean": 0.00165505183395,
        "dmean2": 0.0026043180842,
        "dvar": 1.84766031452e-06,
        "dvar2": 4.24699146606e-06,
        "max": 0.0157522372901,
        "mean": 0.00805235654116,
        "median": 0.00764691038057,
        "min": 0.000359492463758,
        "var": 8.41827204567e-06
    },
    "spectral_entropy": {
        "dmean": 0.345174103975,
        "dmean2": 0.548850893974,
        "dvar": 0.102653995156,
        "dvar2": 0.201007112861,
        "max": 8.6136932373,
        "mean": 7.14215898514,
        "median": 7.31943559647,
        "min": 6.21186828613,
        "var": 0.28061440587
    },
    "spectral_flux": {
        "dmean": 0.0164910051972,
        "dmean2": 0.0263655353338,
        "dvar": 0.000397491530748,
        "dvar2": 0.00050957192434,
        "max": 0.246615812182,
        "mean": 0.0558877624571,
        "median": 0.0524959079921,
        "min": 0.0210867319256,
        "var": 0.000855532183778
    },
    "spectral_kurtosis": {
        "dmean": 2.59865021706,
        "dmean2": 4.19047880173,
        "dvar": 6.21594238281,
        "dvar2": 16.4084568024,
        "max": 15.3466625214,
        "mean": 4.02248382568,
        "median": 2.60481405258,
        "min": 0.380888462067,
        "var": 11.0652723312
    },
    "spectral_rms": {
        "dmean": 0.000521257636137,
        "dmean2": 0.000702155986801,
        "dvar": 5.66258847812e-07,
        "dvar2": 7.01596320596e-07,
        "max": 0.0104591986164,
        "mean": 0.00841831695288,
        "median": 0.00847243703902,
        "min": 0.00103972153738,
        "var": 9.44512862588e-07
    },
    "spectral_rolloff": {
        "dmean": 121.842041016,
        "dmean2": 224.560546875,
        "dvar": 148906.765625,
        "dvar2": 400545.3125,
        "max": 3229.98046875,
        "mean": 211.238937378,
        "median": 129.19921875,
        "min": 129.19921875,
        "var": 101820.367188
    },
    "spectral_skewness": {
        "dmean": 0.534675896168,
        "dmean2": 0.858259081841,
        "dvar": 0.208094388247,
        "dvar2": 0.502965033054,
        "max": 2.67386817932,
        "mean": 1.11860835552,
        "median": 0.907772183418,
        "min": 0.0422949902713,
        "var": 0.514507710934
    },
    "spectral_spread": {
        "dmean": 467559.8125,
        "dmean2": 611306,
        "dvar": 5.15385904333e+12,
        "dvar2": 4.3158953001e+12,
        "max": 30728874,
        "mean": 3466803,
        "median": 3256434.5,
        "min": 2632169.25,
        "var": 6.29976386765e+12
    },
    "spectral_strongpeak": {
        "dmean": 0.187088564038,
        "dmean2": 0.314095288515,
        "dvar": 0.0473340786994,
        "dvar2": 0.0522537790239,
        "max": 1.46879708767,
        "mean": 1.02083694935,
        "median": 1.12901544571,
        "min": 0.0192700847983,
        "var": 0.0738832131028
    },
    "zerocrossingrate": {
        "dmean": 0.00259602861479,
        "dmean2": 0.00382828922011,
        "dvar": 3.83847327612e-06,
        "dvar2": 8.25041661301e-06,
        "max": 0.0234375,
        "mean": 0.0123603753746,
        "median": 0.01171875,
        "min": 0.00244140625,
        "var": 1.63899276231e-05
    },
    "barkbands": {
        "dmean": [0.00025350987562, 0.00212286412716, 0.00585686694831, 0.00154074293096, 0.000764547090512, 0.000103404643596, 0.000232263671933, 0.000347638822859, 0.000247052230407, 0.000158987371833, 0.000154295295943, 9.47601074586e-05, 0.000118326010124, 0.000263187743258, 0.00018164778885, 7.10993554094e-05, 9.32597395149e-05, 8.0509998952e-05, 0.000664225663058, 0.00040762356366, 0.000216083673877, 2.35521329159e-05, 1.15954526336e-05, 9.01563169009e-07, 2.08774878274e-07, 3.20592732805e-07, 3.43859085206e-07],
        "dmean2": [0.000370210182155, 0.00306557747535, 0.00758506637067, 0.00191779143643, 0.00116929842625, 0.000179032605956, 0.0003983071947, 0.000558497966267, 0.000390053057345, 0.000264325324679, 0.000248059746809, 0.000153420580318, 0.000187334720977, 0.000420934957219, 0.000295492412988, 0.000113206166134, 0.000147656319314, 0.000128255196614, 0.00108395714778, 0.000647942244541, 0.000344813626725, 3.89598935726e-05, 2.01058392122e-05, 1.56215651259e-06, 3.51071150817e-07, 5.68662471778e-07, 5.81291089929e-07],
        "dvar": [1.43022290899e-07, 3.9649989958e-06, 3.30066141032e-05, 1.3177772189e-06, 4.57391706732e-07, 1.31008741633e-08, 8.10735585333e-08, 1.04861982209e-07, 1.09230967382e-07, 5.481581411e-08, 5.16716092136e-08, 1.45379512873e-08, 2.61337511631e-08, 7.76992621354e-08, 5.905081224e-08, 9.87333592661e-09, 1.49046588405e-08, 1.19695720002e-08, 7.18713408787e-07, 3.08598743004e-07, 7.88607366076e-08, 1.19291976297e-09, 3.42668921016e-10, 2.14597306938e-12, 8.60997403473e-14, 2.54241587635e-13, 1.14775620648e-13],
        "dvar2": [1.75254669443e-07, 8.02281920187e-06, 3.92870788346e-05, 2.54144174505e-06, 1.24001667245e-06, 3.86210992076e-08, 2.30506003618e-07, 2.98577731428e-07, 2.58329208691e-07, 1.41253693187e-07, 1.18833689555e-07, 3.3378729114e-08, 6.31950030083e-08, 1.86008492165e-07, 1.4621541311e-07, 2.33507382319e-08, 3.82436873281e-08, 2.86022441287e-08, 1.8430550881e-06, 7.85768634159e-07, 2.08724628692e-07, 3.02826386189e-09, 9.20038323304e-10, 5.72019168144e-12, 1.93275896589e-13, 7.16273557393e-13, 2.55960102289e-13],
        "max": [0.00565642910078, 0.0195821784437, 0.0691920593381, 0.00842324551195, 0.00547619024292, 0.000745294906665, 0.00183899945114, 0.00232415413484, 0.00441373605281, 0.00151680409908, 0.00145014596637, 0.000825691153295, 0.00100601697341, 0.00340813677758, 0.00129969627596, 0.000604676315561, 0.000752859225031, 0.000682382786181, 0.00563598796725, 0.00401122774929, 0.00207523978315, 0.000254073442193, 0.000134841015097, 1.08366211862e-05, 2.48244373324e-06, 3.70276279682e-06, 3.5216737615e-06],
        "mean": [0.00172752095386, 0.0118843251839, 0.0484421364963, 0.00347085250542, 0.00273962854408, 0.000185164026334, 0.000324306660332, 0.0005951335188, 0.000709066807758, 0.000195300410269, 0.000195801781956, 0.000115831418952, 0.000179772920092, 0.000987817998976, 0.000193976826267, 8.08831318864e-05, 9.84068683465e-05, 8.80053630681e-05, 0.000680770957842, 0.000439259805717, 0.000228582983254, 2.65916332864e-05, 1.2576689187e-05, 1.23336508295e-06, 4.71377092026e-07, 5.31390980996e-07, 2.62716298494e-06],
        "median": [0.00169932539575, 0.0118338046595, 0.0490264669061, 0.00310838548467, 0.00278779724613, 0.000156626978423, 0.000234222097788, 0.000432131433627, 0.000219136563828, 0.000102449921542, 0.000110298540676, 6.21385479462e-05, 7.9251214629e-05, 0.000895606353879, 9.11333772819e-05, 2.92558597721e-05, 4.37571288785e-05, 3.42333987646e-05, 0.000294263591059, 0.000166548081324, 9.49530367507e-05, 9.2090722319e-06, 5.10929658049e-06, 6.44168380859e-07, 3.2388152249e-07, 4.18902914134e-07, 2.66585720965e-06],
        "min": [4.02050354751e-05, 0.000322885200148, 0.000332007475663, 0.000161657779245, 0.000136954709888, 2.30622626987e-05, 1.07475825644e-05, 1.69534760062e-05, 8.48814124765e-06, 6.05564491707e-06, 1.55010411618e-06, 4.21887898483e-06, 1.03418315121e-05, 2.60560918832e-05, 2.5249565283e-07, 6.51587640732e-07, 4.96392715377e-07, 3.37885694535e-07, 5.14857390499e-07, 3.72126663706e-07, 5.59614704798e-07, 3.03884462483e-07, 2.00235390935e-07, 2.15045645291e-07, 1.83852321811e-07, 1.93213651301e-07, 3.06379263293e-07],
        "var": [1.86726637708e-07, 6.18301601207e-06, 7.46177174733e-05, 3.83593533115e-06, 7.87422891335e-07, 1.34763133985e-08, 1.02130293556e-07, 2.30029087334e-07, 1.0983520724e-06, 7.30721296804e-08, 7.35023277798e-08, 2.01593142179e-08, 4.83430149245e-08, 2.24659132186e-07, 7.40904013696e-08, 1.34602622381e-08, 2.00695318142e-08, 1.65789053597e-08, 9.14516817829e-07, 3.97576684463e-07, 1.0230169778e-07, 1.38747069389e-09, 3.21539156412e-10, 1.95857609644e-12, 1.43059826138e-13, 1.70423354248e-13, 1.47287021988e-13]
    },
    "erbbands": {
        "dmean": [0.0511142238975, 0.638809561729, 5.33525276184, 6.25822114944, 3.48879957199, 1.58243000507, 0.614332079887, 1.07413685322, 2.83312082291, 7.35964870453, 5.04981946945, 6.9212436676, 2.89079427719, 7.33593320847, 6.4163646698, 3.47854852676, 5.51554965973, 12.7223339081, 10.2073602676, 6.52442502975, 4.3657450676, 4.99580907822, 3.8745572567, 23.2963294983, 28.3294506073, 19.3235569, 16.1388874054, 3.681661129, 0.99883967638, 0.663669347763, 0.244271099567, 0.041086666286, 0.0125999590382, 0.00328230927698, 0.00133529829327, 0.00192051997874, 0.00047243075096, 0.00011886307766, 5.44161666767e-05, 1.32938530442e-05],
        "dmean2": [0.0737695991993, 0.925711810589, 7.45598936081, 6.85666036606, 5.72377538681, 2.21959161758, 0.961073517799, 1.87587070465, 4.70480775833, 11.8031988144, 8.71720790863, 10.7489910126, 4.83555603027, 12.055765152, 10.3195896149, 5.60953330994, 8.76355743408, 19.8216171265, 17.0009307861, 10.704003334, 6.97814226151, 7.92008638382, 6.2162361145, 38.3020210266, 45.5674171448, 30.4506931305, 25.6059989929, 5.811191082, 1.62179207802, 1.14468538761, 0.42376562953, 0.0712458714843, 0.0217448938638, 0.00542681990191, 0.00231472006999, 0.00351154617965, 0.000822769361548, 0.000209220452234, 9.4791961601e-05, 1.97190074687e-05],
        "dvar": [0.00134647893719, 0.407220959663, 38.6970710754, 16.0747756958, 11.2615327835, 2.22234749794, 0.513795733452, 1.43939518929, 11.1056451797, 58.3979072571, 36.5050506592, 96.476852417, 17.7784442902, 128.186920166, 77.8865661621, 19.4765949249, 56.9514083862, 185.408905029, 183.40385437, 78.6323547363, 36.5377922058, 44.3168792725, 26.9403686523, 917.512756348, 1296.79638672, 666.512023926, 447.701385498, 23.9115200043, 1.99541544914, 1.11293625832, 0.147645384073, 0.0046638357453, 0.00037666715798, 2.19816811295e-05, 2.79806886283e-06, 8.57197846926e-06, 5.26896940301e-07, 1.31768453926e-08, 2.14001216747e-09, 2.28154675708e-10],
        "dvar2": [0.00297398772091, 0.732557892799, 41.8227424622, 26.8724250793, 30.8942623138, 5.69211626053, 1.1761931181, 4.51203680038, 32.118724823, 172.053253174, 86.3220825195, 230.500152588, 49.1756095886, 306.160675049, 185.471725464, 44.26171875, 139.365249634, 428.988800049, 480.480377197, 190.459884644, 86.2738647461, 111.080154419, 66.7258224487, 2337.54370117, 3314.78027344, 1713.76049805, 1170.14233398, 63.7928123474, 5.06520175934, 2.92746901512, 0.403650105, 0.0126589946449, 0.000992663088255, 5.13320774189e-05, 8.13346468931e-06, 2.38831635215e-05, 1.46638387832e-06, 3.57201130896e-08, 4.74794115135e-09, 3.26577626053e-10],
        "max": [0.405601322651, 6.31341648102, 73.1501998901, 42.0874862671, 35.9346237183, 10.644985199, 6.00195407867, 8.71383094788, 22.0652179718, 48.1118621826, 51.2355957031, 136.344650269, 28.4901123047, 72.1212844849, 57.5499954224, 30.8923206329, 46.300567627, 171.802597046, 89.6769714355, 54.8697509766, 34.9928321838, 40.2278518677, 32.5233688354, 200.62449646, 243.024490356, 185.030838013, 157.781005859, 37.1527862549, 10.3781900406, 7.72076225281, 2.82823419571, 0.511131942272, 0.140157073736, 0.0387433506548, 0.0122537035495, 0.0202056355774, 0.0054357657209, 0.000946824264247, 0.000468307000119, 0.000186522374861],
        "mean": [0.256501078606, 4.02940320969, 50.9937286377, 25.3727092743, 17.7791671753, 3.91695284843, 1.28607106209, 1.92942225933, 3.92652392387, 10.8469619751, 9.71152496338, 20.1707267761, 5.93314552307, 8.9476480484, 7.75726270676, 4.61941814423, 9.55853176117, 51.9135169983, 18.3302021027, 7.23828792572, 4.91984415054, 5.32074594498, 4.19015979767, 23.8786811829, 29.2700538635, 20.6850795746, 17.0051689148, 3.98521661758, 1.12561535835, 0.728108286858, 0.265684813261, 0.0502082966268, 0.018074054271, 0.006457766518, 0.00269075552933, 0.00254174205475, 0.000832145276945, 0.000515525229275, 0.000322843203321, 0.000133226698381],
        "median": [0.252367079258, 3.99571824074, 51.7760276794, 24.3529148102, 16.7744064331, 3.6202018261, 1.13127267361, 1.67423772812, 2.76113533974, 7.76750087738, 6.77790260315, 5.00874567032, 2.91320919991, 4.21809244156, 4.50161218643, 2.51010107994, 5.29440641403, 46.3926506042, 14.1025371552, 2.98305845261, 1.85498034954, 2.49094581604, 1.58857393265, 9.21783447266, 13.1835794449, 8.28880023956, 6.79160928726, 1.54328107834, 0.402108103037, 0.24788415432, 0.109474994242, 0.0245063137263, 0.01055890508, 0.00416270177811, 0.00214308919385, 0.00144886551425, 0.000663795683067, 0.00049217347987, 0.00032360519981, 0.000132646368002],
        "min": [0.00706235226244, 0.0826209038496, 0.34467664361, 0.523104608059, 0.508259952068, 0.447085171938, 0.205918267369, 0.19991068542, 0.191748008132, 0.193954348564, 0.367904663086, 0.191818848252, 0.174507781863, 0.152204677463, 0.100077867508, 0.250192672014, 0.488432377577, 1.4629945755, 0.242962032557, 0.0276272911578, 0.0406523793936, 0.0260674655437, 0.0179134439677, 0.028443435207, 0.0206429529935, 0.018760593608, 0.0245599094778, 0.0184348393232, 0.0112041309476, 0.00712569709867, 0.00589302787557, 0.0050720050931, 0.0032211644575, 0.00186619057786, 0.00131176132709, 0.000805089308415, 0.000259611930232, 0.000156210706336, 4.04202037316e-05, 6.12041048953e-06],
        "var": [0.002673225943, 0.665978312492, 73.9273605347, 62.3606109619, 25.3817577362, 2.98386502266, 0.517097592354, 1.42920064926, 14.2019004822, 97.4044342041, 63.0764122009, 1005.73876953, 48.3455238342, 168.678161621, 106.890304565, 29.2973041534, 98.2256698608, 586.0703125, 227.77722168, 99.4023895264, 50.0794487, 58.8446655273, 36.3388442993, 1161.4510498, 1685.62438965, 870.91204834, 585.035583496, 30.6256465912, 2.43960213661, 1.11259961128, 0.136653602123, 0.0042285672389, 0.000374178198399, 3.49489164364e-05, 2.39782207245e-06, 6.2307681219e-06, 3.79023617825e-07, 1.47032821474e-08, 3.2535565353e-09, 4.05212058352e-10]
    },
    "gfcc": {
        "mean": [-26.7740573883, 141.840591431, -103.28969574, 54.3938941956, -14.4450435638, 0.44316214323, 8.15148830414, -11.3382196426, -14.7389278412, 6.40514373779, -14.2484369278, -31.6076221466, -25.1313724518],
        "cov": [[2038.12536621, -311.014373779, -1137.64990234, 446.520843506, -386.407073975, -136.978027344, 257.98526001, 233.741729736, 50.3461723328, -244.196533203, -60.9789390564, 142.161132812, 79.6107025146], [-311.014373779, 119.421264648, 190.058303833, -104.972290039, 73.0476226807, 11.6736240387, -28.4746074677, -34.2222633362, 7.24600791931, 38.1601753235, 8.54571914673, -44.6631278992, -11.9967288971], [-1137.64990234, 190.058303833, 694.184753418, -257.779144287, 225.204421997, 83.0220794678, -146.857879639, -141.139190674, -24.4149971008, 152.041854858, 31.3143901825, -98.1857376099, -56.0008888245], [446.520843506, -104.972290039, -257.779144287, 158.419281006, -72.8930892944, -44.3461837769, 58.4988670349, 36.0386505127, 6.12944221497, -51.8515625, -6.88736581802, 39.7742843628, 15.4713335037], [-386.407073975, 73.0476226807, 225.204421997, -72.8930892944, 136.091506958, 17.6592960358, -54.7548217773, -58.8634490967, -18.6644668579, 59.3305130005, 18.9765720367, -35.2081680298, -21.1580581665], [-136.978027344, 11.6736240387, 83.0220794678, -44.3461837769, 17.6592960358, 37.5479888916, -18.1861019135, -16.5564308167, -4.7909913063, 10.7470064163, 2.58925390244, -8.61819934845, -5.7088060379], [257.98526001, -28.4746074677, -146.857879639, 58.4988670349, -54.7548217773, -18.1861019135, 63.3260421753, 40.2842178345, 7.9962105751, -41.4219818115, -14.348690033, 7.02776098251, 8.7047700882], [233.741729736, -34.2222633362, -141.139190674, 36.0386505127, -58.8634490967, -16.5564308167, 40.2842178345, 60.2229385376, 6.30391454697, -41.0808792114, -17.2774162292, 7.70530509949, 10.5810966492], [50.3461723328, 7.24600791931, -24.4149971008, 6.12944221497, -18.6644668579, -4.7909913063, 7.9962105751, 6.30391454697, 25.4708595276, -6.44841909409, -8.16792297363, -3.74114370346, -1.81775426865], [-244.196533203, 38.1601753235, 152.041854858, -51.8515625, 59.3305130005, 10.7470064163, -41.4219818115, -41.0808792114, -6.44841909409, 52.2118492126, 12.2159252167, -19.3913936615, -17.0249080658], [-60.9789390564, 8.54571914673, 31.3143901825, -6.88736581802, 18.9765720367, 2.58925390244, -14.348690033, -17.2774162292, -8.16792297363, 12.2159252167, 17.4497356415, 1.48077654839, -3.00105452538], [142.161132812, -44.6631278992, -98.1857376099, 39.7742843628, -35.2081680298, -8.61819934845, 7.02776098251, 7.70530509949, -3.74114370346, -19.3913936615, 1.48077654839, 37.7637825012, 12.2296352386], [79.6107025146, -11.9967288971, -56.0008888245, 15.4713335037, -21.1580581665, -5.7088060379, 8.7047700882, 10.5810966492, -1.81775426865, -17.0249080658, -3.00105452538, 12.2296352386, 17.2136974335]],
        "icov": [[0.0102109480649, -0.0206334553659, 0.0171539690346, -0.0218054372817, 0.00974463112652, -0.0176891796291, 0.00834553875029, -0.00728787435219, 0.0125147551298, -0.014137795195, 0.0156529266387, -0.000315320328809, 0.0104631055146], [-0.0206334553659, 0.19142639637, -0.0354207009077, 0.170073643327, -0.0544638186693, 0.146161988378, -0.0814484059811, 0.0923204347491, -0.100867666304, 0.0950334370136, -0.103696607053, 0.0743212997913, -0.0608271844685], [0.0171539690346, -0.0354207009077, 0.0433417074382, -0.0277843438089, 0.0164086446166, -0.0318892672658, 0.0235078688711, 0.00526618026197, 0.0313043929636, -0.0260153394192, 0.0361930094659, 0.0173073690385, 0.0280117057264], [-0.0218054372817, 0.170073643327, -0.0277843438089, 0.178047940135, -0.0482352636755, 0.146955236793, -0.0751978158951, 0.102098800242, -0.0808242633939, 0.0985767543316, -0.0881961733103, 0.063528649509, -0.0378738455474], [0.00974463112652, -0.0544638186693, 0.0164086446166, -0.0482352636755, 0.042349524796, -0.0331922993064, 0.0320745334029, -0.00778854312375, 0.0471628196537, -0.024374730885, 0.0338261350989, 0.00127392495051, 0.0291884038597], [-0.0176891796291, 0.146161988378, -0.0318892672658, 0.146955236793, -0.0331922993064, 0.169050931931, -0.0535031855106, 0.0957537293434, -0.0593426860869, 0.109050489962, -0.0692220404744, 0.0596208609641, -0.0215256344527], [0.00834553875029, -0.0814484059811, 0.0235078688711, -0.0751978158951, 0.0320745334029, -0.0535031855106, 0.092924579978, -0.0268316455185, 0.0596227049828, -0.00817080307752, 0.0615961737931, 0.00250798929483, 0.047057531774], [-0.00728787435219, 0.0923204347491, 0.00526618026197, 0.102098800242, -0.00778854312375, 0.0957537293434, -0.0268316455185, 0.133799597621, -0.0119609190151, 0.089489929378, -0.00873439572752, 0.0777832344174, 0.00738080730662], [0.0125147551298, -0.100867666304, 0.0313043929636, -0.0808242633939, 0.0471628196537, -0.0593426860869, 0.0596227049828, -0.0119609190151, 0.12609949708, -0.0286629498005, 0.0907284095883, -0.00541222654283, 0.0664297789335], [-0.014137795195, 0.0950334370136, -0.0260153394192, 0.0985767543316, -0.024374730885, 0.109050489962, -0.00817080307752, 0.089489929378, -0.0286629498005, 0.16102924943, -0.0446310192347, 0.0533046498895, 0.024296540767], [0.0156529266387, -0.103696607053, 0.0361930094659, -0.0881961733103, 0.0338261350989, -0.0692220404744, 0.0615961737931, -0.00873439572752, 0.0907284095883, -0.0446310192347, 0.164824873209, -0.0281283650547, 0.0593528859317], [-0.000315320328809, 0.0743212997913, 0.0173073690385, 0.063528649509, 0.00127392495051, 0.0596208609641, 0.00250798929483, 0.0777832344174, -0.00541222654283, 0.0533046498895, -0.0281283650547, 0.125655174255, -0.0173082016408], [0.0104631055146, -0.0608271844685, 0.0280117057264, -0.0378738455474, 0.0291884038597, -0.0215256344527, 0.047057531774, 0.00738080730662, 0.0664297789335, 0.024296540767, 0.0593528859317, -0.0173082016408, 0.146574705839]]
    },
    "melbands": {
        "dmean": [0.00042033099453, 0.00207948568277, 0.00100365118124, 0.000174190659891, 2.56299190369e-05, 2.37131644099e-05, 4.35067522631e-05, 8.47614137456e-05, 3.82862708648e-05, 4.36001355411e-05, 1.39894946187e-05, 2.97704464174e-05, 2.18765890168e-05, 1.29934787765e-05, 7.68088557379e-06, 1.30041671582e-05, 2.77104936686e-05, 1.70030034496e-05, 1.21704042613e-05, 5.62746072319e-06, 5.30189527126e-06, 5.63130470255e-06, 3.08889343614e-06, 4.05177706853e-06, 1.98460529646e-05, 2.92957975034e-05, 1.19618680401e-05, 1.2984713976e-05, 1.28698729895e-05, 4.27076474807e-06, 1.2721894791e-06, 5.64197762287e-07, 3.63366041256e-07, 3.65219420928e-07, 1.54709226763e-07, 5.75826994975e-08, 1.17285701151e-08, 9.29382526493e-09, 5.0517101613e-09, 1.95089366883e-09],
        "dmean2": [0.000606335059274, 0.00290126819164, 0.0011232708348, 0.000276998092886, 4.01378783863e-05, 4.11454711866e-05, 7.32725020498e-05, 0.00013675619266, 6.58581993775e-05, 6.7124798079e-05, 2.39320706896e-05, 4.90375277877e-05, 3.52554961864e-05, 2.08239871426e-05, 1.19121241369e-05, 2.08370347536e-05, 4.29784995504e-05, 2.88797236863e-05, 1.98103007278e-05, 9.05597335077e-06, 8.43455472932e-06, 9.0213434305e-06, 4.94760024594e-06, 6.6282982516e-06, 3.28306086885e-05, 4.77979956486e-05, 1.90518912859e-05, 2.0453835532e-05, 2.0268604203e-05, 6.92908361088e-06, 2.01202669814e-06, 9.23345226056e-07, 6.06986986895e-07, 6.341180665e-07, 2.67599517656e-07, 1.0029398112e-07, 1.93832185857e-08, 1.60370081659e-08, 8.04369193474e-09, 3.35034577859e-09],
        "dvar": [1.36304677767e-07, 5.49294054508e-06, 4.69451293839e-07, 2.73670703876e-08, 8.30613411384e-10, 6.9660699431e-10, 2.69308242373e-09, 7.37713090615e-09, 2.36534303255e-09, 4.02738509209e-09, 4.52700738007e-10, 2.11099804304e-09, 9.66109414691e-10, 2.74487071961e-10, 9.5025473601e-11, 3.11393605346e-10, 8.84440298776e-10, 5.19147225209e-10, 2.63896154928e-10, 5.92344090444e-11, 5.22893221777e-11, 5.69547013718e-11, 1.69412036483e-11, 2.97540776739e-11, 6.72248923195e-10, 1.37247735399e-09, 2.48746634401e-10, 3.03308100857e-10, 2.84417295271e-10, 3.29359803319e-11, 2.8195640267e-12, 6.35695814565e-13, 3.01396386147e-13, 3.47427517528e-13, 5.83624606434e-14, 8.69917914017e-15, 3.62594475929e-16, 1.88140324501e-16, 6.21708021953e-17, 6.01618592472e-18],
        "dvar2": [2.87491758399e-07, 6.60351588522e-06, 7.63029049722e-07, 7.44420489696e-08, 1.72483682892e-09, 2.12308282066e-09, 7.74063035891e-09, 2.15091979783e-08, 5.45696332566e-09, 9.64698099182e-09, 1.30022559386e-09, 5.07484898549e-09, 2.23856089221e-09, 6.64471699885e-10, 2.34710112457e-10, 7.41573191743e-10, 2.00002636674e-09, 1.37609579287e-09, 6.38766040062e-10, 1.47128295658e-10, 1.23681481723e-10, 1.43716677448e-10, 4.07786790446e-11, 7.05317471095e-11, 1.71420200257e-09, 3.46859718725e-09, 6.39806263525e-10, 7.79304065723e-10, 7.44711292633e-10, 8.72187599921e-11, 7.43895309935e-12, 1.59273570895e-12, 7.7289536533e-13, 9.23030423795e-13, 1.60059872257e-13, 2.45632473508e-14, 9.5537428456e-16, 5.02174547148e-16, 1.39260567744e-16, 1.50581761963e-17],
        "max": [0.00424629822373, 0.0270389132202, 0.00768814980984, 0.00141564779915, 0.000221286347369, 0.000193256622879, 0.000329994334606, 0.000537409854587, 0.000401738710934, 0.000888892740477, 0.000142659948324, 0.000294517609291, 0.000195831729798, 0.000116109178634, 6.12660151091e-05, 0.00012161135237, 0.000370767782442, 0.000154723078595, 9.5308998425e-05, 4.82143877889e-05, 4.27715021942e-05, 4.61860981886e-05, 2.55140766967e-05, 3.33100651915e-05, 0.000171212290297, 0.000243320901063, 0.000108860047476, 0.000125844613649, 0.000125923266751, 4.37321286881e-05, 1.24926855278e-05, 5.77601258556e-06, 4.09150743508e-06, 4.25576399721e-06, 1.76760693194e-06, 6.84137887674e-07, 1.45766520632e-07, 9.95446498564e-08, 6.5492635315e-08, 1.83164416967e-08],
        "mean": [0.00258064945228, 0.0187665428966, 0.00491442251951, 0.000735283887479, 5.54292128072e-05, 4.25053367508e-05, 5.93003205722e-05, 0.000128634797875, 7.11269967724e-05, 0.000128295097966, 2.35052066273e-05, 3.55545416824e-05, 2.70717246167e-05, 1.52939137479e-05, 1.10066193884e-05, 2.01170532819e-05, 0.000114868533274, 3.18060774589e-05, 1.29644058688e-05, 6.1831574385e-06, 5.84840745432e-06, 5.95240226176e-06, 3.37991923516e-06, 4.37313019575e-06, 2.02522151085e-05, 2.99962775898e-05, 1.26667546283e-05, 1.39544144986e-05, 1.34239435283e-05, 4.65670382255e-06, 1.36282881158e-06, 6.35228389001e-07, 4.09599209661e-07, 3.92809226923e-07, 1.67948570606e-07, 6.32274677059e-08, 1.58527715399e-08, 1.26135821787e-08, 9.11978315088e-09, 3.91903398622e-09],
        "median": [0.002565712668, 0.0190404225141, 0.00466330070049, 0.000743447628338, 4.88909827254e-05, 3.70331690647e-05, 4.35492293036e-05, 9.74279173533e-05, 4.86717799504e-05, 3.07520531351e-05, 1.2242037883e-05, 1.66870340763e-05, 1.48665058077e-05, 8.66373466124e-06, 4.77742196381e-06, 8.9333170763e-06, 0.000103656166175, 2.43919985223e-05, 5.38070344192e-06, 2.02048954634e-06, 2.29284228226e-06, 2.61780451183e-06, 1.35795346523e-06, 1.64691516602e-06, 8.2577316789e-06, 1.31876995511e-05, 5.06066498929e-06, 5.59867839911e-06, 5.15626197739e-06, 1.80743518285e-06, 4.53919454912e-07, 2.36672079268e-07, 1.32574299982e-07, 1.3218635786e-07, 6.51863345524e-08, 2.68048356844e-08, 7.80234810094e-09, 7.23663173829e-09, 4.69500438527e-09, 2.85039636339e-09],
        "min": [7.84665026003e-05, 0.000160762399901, 9.10066737561e-05, 3.57316494046e-05, 5.51185712538e-06, 4.49652316092e-06, 2.73223122349e-06, 2.5097147045e-06, 2.7806459002e-06, 1.15093143904e-06, 4.76815785078e-07, 6.59980344153e-07, 2.42968582143e-07, 4.83598853407e-07, 7.61161800256e-07, 1.27214866552e-06, 2.99398743664e-06, 4.4130445076e-07, 2.3805402094e-08, 3.41785266755e-08, 5.09580537766e-08, 3.0855311195e-08, 1.48486654084e-08, 1.58324908739e-08, 2.46164741924e-08, 1.6815965509e-08, 9.85289272393e-09, 1.36163542663e-08, 1.41736657966e-08, 1.54880090975e-08, 8.63610960522e-09, 6.55191501053e-09, 5.27548182916e-09, 3.39271299943e-09, 3.35370509141e-09, 3.18667159327e-09, 2.18235229887e-09, 2.26975394035e-09, 1.61269886334e-09, 1.34710198552e-09],
        "var": [2.1866171096e-07, 1.03311913335e-05, 1.78343191237e-06, 4.59836471123e-08, 9.01071106618e-10, 7.27403748346e-10, 3.36965522152e-09, 1.29644472935e-08, 3.69711727899e-09, 4.2628514052e-08, 7.38641758868e-10, 2.74380274057e-09, 1.35917643806e-09, 3.68342217838e-10, 1.59990798387e-10, 6.06070749143e-10, 3.01454283758e-09, 6.25403562271e-10, 3.34654692846e-10, 7.7808398613e-11, 7.24411988728e-11, 7.41773240054e-11, 2.35069880228e-11, 4.07380969236e-11, 8.44537773048e-10, 1.75696579507e-09, 3.23791743417e-10, 3.97708505018e-10, 3.71569719437e-10, 4.18336441876e-11, 3.59694587483e-12, 7.76093057007e-13, 3.3775681362e-13, 3.3208001236e-13, 5.37052431064e-14, 7.72883937162e-15, 3.47443227024e-16, 1.8056270158e-16, 1.08489766594e-16, 8.31082506221e-18]
    },
    "mfcc": {
        "mean": [-678.760681152, 169.019561768, -11.8735218048, 69.6414337158, -1.81583988667, 33.0991020203, 22.4287223816, -1.38571238518, 1.77512061596, 28.0719280243, 10.5624017715, -4.26162195206, -7.57572603226],
        "cov": [[3380.31005859, -935.22668457, -1034.55578613, 324.738494873, -600.283813477, -196.352874756, -118.356987, 445.042144775, 147.307373047, -17.0669021606, -253.268569946, 18.8866405487, 243.754180908], [-935.22668457, 354.86138916, 277.244537354, -109.728881836, 170.669570923, 41.3794670105, 37.5455474854, -130.958389282, -29.2234115601, 19.397649765, 77.9594650269, -8.73711299896, -74.3517379761], [-1034.55578613, 277.244537354, 371.415802002, -114.635902405, 169.200241089, 66.9633865356, 28.8718624115, -138.028564453, -43.3954200745, 13.4932699203, 86.0084457397, -3.95915007591, -80.2531204224], [324.738494873, -109.728881836, -114.635902405, 107.543060303, -46.7040672302, -9.51021194458, -9.81948757172, 29.1871604919, 4.82985067368, 3.32607412338, -24.4193725586, -1.98134279251, 24.5220146179], [-600.283813477, 170.669570923, 169.200241089, -46.7040672302, 144.36479187, 39.6448440552, 23.7175941467, -89.4680862427, -35.112449646, 2.88761878014, 42.5992050171, -6.04403066635, -41.7312088013], [-196.352874756, 41.3794670105, 66.9633865356, -9.51021194458, 39.6448440552, 46.4848175049, 2.7052359581, -31.3858318329, -20.2406482697, -4.1653470993, 13.3999977112, -2.91068387032, -9.06286048889], [-118.356987, 37.5455474854, 28.8718624115, -9.81948757172, 23.7175941467, 2.7052359581, 39.9372901917, -13.3537912369, -8.25527572632, 2.26818943024, 11.6163511276, -9.46634292603, -11.8689813614], [445.042144775, -130.958389282, -138.028564453, 29.1871604919, -89.4680862427, -31.3858318329, -13.3537912369, 83.5483016968, 28.9214839935, -2.781270504, -36.988319397, 1.76745188236, 29.5530567169], [147.307373047, -29.2234115601, -43.3954200745, 4.82985067368, -35.112449646, -20.2406482697, -8.25527572632, 28.9214839935, 32.9049491882, 6.94168758392, -6.66465806961, 0.232049375772, 2.68965601921], [-17.0669021606, 19.397649765, 13.4932699203, 3.32607412338, 2.88761878014, -4.1653470993, 2.26818943024, -2.781270504, 6.94168758392, 22.2216072083, 8.01455497742, -2.76374578476, -10.2247753143], [-253.268569946, 77.9594650269, 86.0084457397, -24.4193725586, 42.5992050171, 13.3999977112, 11.6163511276, -36.988319397, -6.66465806961, 8.01455497742, 36.2260169983, -0.500774800777, -20.7731380463], [18.8866405487, -8.73711299896, -3.95915007591, -1.98134279251, -6.04403066635, -2.91068387032, -9.46634292603, 1.76745188236, 0.232049375772, -2.76374578476, -0.500774800777, 14.6595220566, 4.83568000793], [243.754180908, -74.3517379761, -80.2531204224, 24.5220146179, -41.7312088013, -9.06286048889, -11.8689813614, 29.5530567169, 2.68965601921, -10.2247753143, -20.7731380463, 4.83568000793, 31.2526988983]],
