{
"lowlevel": {
    "average_loudness": 0.965430855751,
    "barkbands_crest": {
        "dmean": 2.5248067379,
        "dmean2": 4.27309703827,
        "dvar": 8.59097385406,
        "dvar2": 19.0434341431,
        "max": 26.9872436523,
        "mean": 20.4311847687,
        "median": 21.3950214386,
        "min": 7.80282258987,
        "var": 31.2998485565
    },
    "barkbands_flatness_db": {
        "dmean": 0.0380668640137,
        "dmean2": 0.0514448396862,
        "dvar": 0.00157527206466,
        "dvar2": 0.00347744650207,
        "max": 0.698196351528,
        "mean": 0.419727951288,
        "median": 0.42742139101,
        "min": 0.177103742957,
        "var": 0.0162451472133
    },
    "barkbands_kurtosis": {
        "dmean": 196.095718384,
        "dmean2": 281.444824219,
        "dvar": 493151.125,
        "dvar2": 1076571.5,
        "max": 7113.04052734,
        "mean": 287.580627441,
        "median": 24.0923080444,
        "min": -0.903146505356,
        "var": 835921.5
    },
    "barkbands_skewness": {
        "dmean": 2.04048800468,
        "dmean2": 3.13489079475,
        "dvar": 11.5583467484,
        "dvar2": 19.2478599548,
        "max": 36.5921058655,
        "mean": 4.61595487595,
        "median": 2.01869559288,
        "min": -1.38449370861,
        "var": 66.1733932495
    },
    "barkbands_spread": {
        "dmean": 0.521443426609,
        "dmean2": 0.775927960873,
        "dvar": 0.69045484066,
        "dvar2": 1.24954593182,
        "max": 8.68353366852,
        "mean": 1.23953914642,
        "median": 0.954094707966,
        "min": 0.00513799022883,
        "var": 1.95564591885
    },
    "dissonance": {
        "dmean": 0.112448714674,
        "dmean2": 0.188393265009,
        "dvar": 0.00814160332084,
        "dvar2": 0.0217558536679,
        "max": 0.499838143587,
        "mean": 0.292800843716,
        "median": 0.298817008734,
        "min": 0.0389157421887,
        "var": 0.0154160996899
    },
    "dynamic_complexity": 4.02734565735,
    "erbbands_crest": {
        "dmean": 3.12606167793,
        "dmean2": 5.23193979263,
        "dvar": 14.6058731079,
        "dvar2": 28.37433815,
        "max": 33.4911422729,
        "mean": 24.7254257202,
        "median": 25.32056427,
        "min": 9.06807899475,
        "var": 38.0725059509
    },
    "erbbands_flatness_db": {
        "dmean": 0.0342440195382,
        "dmean2": 0.0479604676366,
        "dvar": 0.00136147078592,
        "dvar2": 0.00300807389431,
        "max": 0.684014618397,
        "mean": 0.457413613796,
        "median": 0.469172298908,
        "min": 0.208012744784,
        "var": 0.0131590403616
    },
    "erbbands_kurtosis": {
        "dmean": 9.29885959625,
        "dmean2": 14.3594942093,
        "dvar": 137.059921265,
        "dvar2": 333.609893799,
        "max": 82.184753418,
        "mean": 18.3530426025,
        "median": 13.3812389374,
        "min": -1.16009521484,
        "var": 323.094665527
    },
    "erbbands_skewness": {
        "dmean": 0.785418272018,
        "dmean2": 1.25698196888,
        "dvar": 0.605697929859,
        "dvar2": 1.43298876286,
        "max": 5.84815168381,
        "mean": 1.55614995956,
        "median": 1.84501183033,
        "min": -1.79637336731,
        "var": 3.25196480751
    },
    "erbbands_spread": {
        "dmean": 0.984624028206,
        "dmean2": 1.42887997627,
        "dvar": 2.64222860336,
        "dvar2": 4.74156570435,
        "max": 17.0957946777,
        "mean": 2.28129887581,
        "median": 1.66586709023,
        "min": 0.234129160643,
        "var": 6.80811882019
    },
    "hfc": {
        "dmean": 5.03705263138,
        "dmean2": 7.06766796112,
        "dvar": 36.9084434509,
        "dvar2": 88.0802001953,
        "max": 49.7923431396,
        "mean": 14.9769067764,
        "median": 9.4036693573,
        "min": 0.139444187284,
        "var": 198.333938599
    },
    "melbands_crest": {
        "dmean": 3.33329033852,
        "dmean2": 5.72274160385,
        "dvar": 12.735824585,
        "dvar2": 27.9342155457,
        "max": 33.5830802917,
        "mean": 23.9039020538,
        "median": 25.2879295349,
        "min": 6.65073060989,
        "var": 41.5210990906
    },
    "melbands_flatness_db": {
        "dmean": 0.0373512357473,
        "dmean2": 0.0506770387292,
        "dvar": 0.00162848317996,
        "dvar2": 0.00346598774195,
        "max": 0.736651837826,
        "mean": 0.473190069199,
        "median": 0.474264830351,
        "min": 0.213922798634,
        "var": 0.0135608874261
    },
    "melbands_kurtosis": {
        "dmean": 8.19696521759,
        "dmean2": 12.3686590195,
        "dvar": 110.732910156,
        "dvar2": 280.433868408,
        "max": 72.79322052,
        "mean": 15.0949382782,
        "median": 11.8477878571,
        "min": -1.35297322273,
        "var": 252.384887695
    },
    "melbands_skewness": {
        "dmean": 0.690556049347,
        "dmean2": 1.03079593182,
        "dvar": 0.44226488471,
        "dvar2": 1.03162133694,
        "max": 3.79963827133,
        "mean": 0.488903254271,
        "median": 0.168359234929,
        "min": -1.82557666302,
        "var": 1.33495569229
    },
    "melbands_spread": {
        "dmean": 0.764068603516,
        "dmean2": 1.18918442726,
        "dvar": 1.03782081604,
        "dvar2": 2.39779996872,
        "max": 8.57138252258,
        "mean": 2.26330661774,
        "median": 2.07703661919,
        "min": 0.175096228719,
        "var": 3.56108570099
    },
    "pitch_salience": {
        "dmean": 0.0888514444232,
        "dmean2": 0.134332671762,
        "dvar": 0.00951696652919,
        "dvar2": 0.0205042846501,
        "max": 0.801374793053,
        "mean": 0.375089883804,
        "median": 0.402813047171,
        "min": 0.0605474486947,
        "var": 0.0329962708056
    },
    "silence_rate_20dB": {
        "dmean": 0,
        "dmean2": 0,
        "dvar": 0,
        "dvar2": 0,
        "max": 1,
        "mean": 1,
        "median": 1,
        "min": 1,
        "var": 0
    },
    "silence_rate_30dB": {
        "dmean": 0,
        "dmean2": 0,
        "dvar": 0,
        "dvar2": 0,
        "max": 1,
        "mean": 1,
        "median": 1,
        "min": 1,
        "var": 0
    },
    "silence_rate_60dB": {
        "dmean": 0.0777777805924,
        "dmean2": 0.146067410707,
        "dvar": 0.0717283859849,
        "dvar2": 0.147203594446,
        "max": 1,
        "mean": 0.175824180245,
        "median": 0,
        "min": 0,
        "var": 0.144910186529
    },
    "spectral_centroid": {
        "dmean": 33.0560836792,
        "dmean2": 50.7202033997,
        "dvar": 1861.71594238,
        "dvar2": 3959.1484375,
        "max": 938.739929199,
        "mean": 713.505493164,
        "median": 713.83605957,
        "min": 453.906036377,
        "var": 12404.828125
    },
    "spectral_complexity": {
        "dmean": 0.71111112833,
        "dmean2": 1.20224714279,
        "dvar": 0.738765776157,
        "dvar2": 1.28493750095,
        "max": 6,
        "mean": 3.21978020668,
        "median": 3,
        "min": 1,
        "var": 1.38026714325
    },
    "spectral_decrease": {
        "dmean": 1.87555615483e-09,
        "dmean2": 2.70764655141e-09,
        "dvar": 6.29067505765e-18,
        "dvar2": 1.56417405379e-17,
        "max": -6.13486900169e-11,
        "mean": -5.14740960966e-09,
        "median": -3.16544745971e-09,
        "min": -1.76463679225e-08,
        "var": 2.52374326902e-17
    },
    "spectral_energy": {
        "dmean": 0.00753499520943,
        "dmean2": 0.0108601525426,
        "dvar": 9.99204494292e-05,
        "dvar2": 0.000247983000008,
        "max": 0.0711176544428,
        "mean": 0.0207858793437,
        "median": 0.0127841513604,
        "min": 0.000244192255195,
        "var": 0.000408606167184
    },
    "spectral_energyband_high": {
        "dmean": 1.44430714499e-06,
        "dmean2": 2.44920897785e-06,
        "dvar": 4.40919800671e-11,
        "dvar2": 8.07415870274e-11,
        "max": 5.21650472365e-05,
        "mean": 2.4078426577e-06,
        "median": 1.1599759091e-06,
        "min": 5.98108158556e-08,
        "var": 5.56616697178e-11
    },
    "spectral_energyband_low": {
        "dmean": 3.08364360535e-06,
        "dmean2": 5.12484848514e-06,
        "dvar": 2.75390821258e-11,
        "dvar2": 3.98587655936e-11,
        "max": 5.2506569773e-05,
        "mean": 4.30982754551e-06,
        "median": 2.89213448923e-06,
        "min": 8.38127220959e-08,
        "var": 3.60152081769e-11
    },
    "spectral_energyband_middle_high": {
        "dmean": 0.00110294262413,
        "dmean2": 0.0014626350021,
        "dvar": 5.81786616749e-06,
        "dvar2": 1.0247938917e-05,
        "max": 0.0314114168286,
        "mean": 0.00309956818819,
        "median": 0.000356348755304,
        "min": 7.6028723015e-06,
        "var": 3.3656207961e-05
    },
    "spectral_energyband_middle_low": {
        "dmean": 0.00710857752711,
        "dmean2": 0.0105072362348,
        "dvar": 0.000102955804323,
        "dvar2": 0.000253678532317,
        "max": 0.0711083486676,
        "mean": 0.0176866780967,
        "median": 0.00796204898506,
        "min": 0.000231544006965,
        "var": 0.000418745679781
    },
    "spectral_entropy": {
        "dmean": 0.333051711321,
        "dmean2": 0.441084563732,
        "dvar": 0.131765842438,
        "dvar2": 0.198830515146,
        "max": 7.46163415909,
        "mean": 5.02175283432,
        "median": 4.92510652542,
        "min": 3.02199077606,
        "var": 1.13085448742
    },
    "spectral_flux": {
        "dmean": 0.0270104855299,
        "dmean2": 0.0438191816211,
        "dvar": 0.00128900946584,
        "dvar2": 0.00282258493826,
        "max": 0.18976341188,
        "mean": 0.0456122308969,
        "median": 0.0354004539549,
        "min": 0.00805910024792,
        "var": 0.00159483251628
    },
    "spectral_kurtosis": {
        "dmean": 19.501958847,
        "dmean2": 26.8355178833,
        "dvar": 518.720031738,
        "dvar2": 981.770202637,
        "max": 262.425445557,
        "mean": 69.2048721313,
        "median": 49.1563987732,
        "min": 2.32559204102,
        "var": 2999.34741211
    },
    "spectral_rms": {
        "dmean": 0.000881523650605,
        "dmean2": 0.00122659048066,
        "dvar": 1.01600949165e-06,
        "dvar2": 2.59590956375e-06,
        "max": 0.00832965038717,
        "mean": 0.00391165306792,
        "median": 0.00353162037209,
        "min": 0.000488094607135,
        "var": 4.97788278153e-06
    },
    "spectral_rolloff": {
        "dmean": 23.92578125,
        "dmean2": 43.5502967834,
        "dvar": 3157.59399414,
        "dvar2": 6928.89697266,
        "max": 1033.59375,
        "mean": 779.218261719,
        "median": 732.12890625,
        "min": 495.263671875,
        "var": 19269.7851562
    },
    "spectral_skewness": {
        "dmean": 0.958286643028,
        "dmean2": 1.34165382385,
        "dvar": 0.959649920464,
        "dvar2": 1.46003603935,
        "max": 13.3534412384,
        "mean": 6.29182577133,
        "median": 5.76202106476,
        "min": 1.44942426682,
        "var": 6.79762172699
    },
    "spectral_spread": {
        "dmean": 641833.0625,
        "dmean2": 839020.3125,
        "dvar": 1.9908100096e+12,
        "dvar2": 1.2599385129e+12,
        "max": 18315486,
        "mean": 2000393.875,
        "median": 1534504,
        "min": 450454.5625,
        "var": 4.59792816538e+12
    },
    "spectral_strongpeak": {
        "dmean": 0.858144104481,
        "dmean2": 1.18499970436,
        "dvar": 0.685596108437,
        "dvar2": 1.38588571548,
        "max": 7.34710931778,
        "mean": 2.95481586456,
        "median": 2.37423181534,
        "min": 0.0473149418831,
        "var": 4.3416633606
    },
    "zerocrossingrate": {
        "dmean": 0.00204535597004,
        "dmean2": 0.00257307756692,
        "dvar": 7.07252593202e-06,
        "dvar2": 8.75860405358e-06,
        "max": 0.0458984375,
        "mean": 0.034050911665,
        "median": 0.0322265625,
        "min": 0.00732421875,
        "var": 4.44864745077e-05
    },
    "barkbands": {
        "dmean": [1.9336461321e-07, 5.9350037418e-07, 1.80775543868e-06, 2.18273453356e-06, 6.80166158418e-06, 0.000246187875746, 0.00104557082523, 0.000443143391749, 0.00550375925377, 0.000219138863031, 0.000891851610504, 1.34728873036e-06, 2.17775450437e-05, 6.19279944658e-07, 1.64258881341e-06, 1.20472077469e-06, 3.51066461235e-07, 3.71796915033e-07, 2.4104701879e-07, 2.51624612702e-07, 3.40819951816e-07, 3.23527160617e-07, 1.88364623455e-07, 3.12193861873e-07, 1.71356319356e-07, 1.02001884272e-07, 9.68961089143e-08],
        "dmean2": [2.37547880033e-07, 8.82723497853e-07, 3.11894950755e-06, 3.57636963599e-06, 9.49114109972e-06, 0.000401847995818, 0.00179760495666, 0.000634487892967, 0.00800856202841, 0.000383340695407, 0.0011019523954, 2.44403349825e-06, 3.01718373521e-05, 9.95317122943e-07, 2.65205244432e-06, 1.91713115782e-06, 5.44422107396e-07, 5.7019212818e-07, 3.70669482663e-07, 3.94313644847e-07, 5.78025890263e-07, 4.48040964329e-07, 3.22476040537e-07, 4.96489974466e-07, 2.65672895239e-07, 1.72141326971e-07, 1.39031570257e-07],
        "dvar": [1.7006684689e-12, 4.18252151663e-12, 4.16410005435e-12, 1.05640496351e-11, 4.27404917014e-10, 6.35578317087e-07, 2.66320348601e-05, 2.32214506468e-06, 6.92414614605e-05, 7.27834503778e-07, 5.41233748663e-06, 9.74282720473e-12, 2.31794317074e-09, 9.20608207722e-13, 3.24287020848e-11, 8.08611944764e-12, 1.16352880022e-12, 2.787127354e-13, 2.8653555223e-13, 4.04477043222e-13, 2.32511644487e-12, 1.53656688068e-12, 6.09093233749e-13, 2.41490356358e-12, 6.63964814119e-13, 2.51979020332e-13, 3.97028059301e-14],
        "dvar2": [1.72246342623e-12, 4.38643305706e-12, 9.56176544192e-12, 1.98030689069e-11, 5.13866782459e-10, 1.58363991432e-06, 7.19548697816e-05, 3.02979447042e-06, 0.000160730982316, 2.30116393141e-06, 8.61687021825e-06, 2.7637992589e-11, 3.68079722257e-09, 2.23156562673e-12, 8.01035071607e-11, 1.96420102405e-11, 2.46813919129e-12, 5.89068724355e-13, 7.69615707968e-13, 8.57174032275e-13, 4.29826270062e-12, 3.27354397929e-12, 1.09201699332e-12, 4.92957064058e-12, 1.45098104538e-12, 5.02605552663e-13, 9.05492111955e-14],
        "max": [1.24603602671e-05, 1.99890491785e-05, 1.49724965013e-05, 2.75619022432e-05, 0.000205613920116, 0.00686778174713, 0.0398724079132, 0.0130732329562, 0.0710842311382, 0.00611622445285, 0.0312922075391, 2.06693785003e-05, 0.000400987890316, 7.39538018024e-06, 5.0774342526e-05, 1.98953621293e-05, 9.28948884393e-06, 4.29944066127e-06, 4.17186311097e-06, 4.25697407991e-06, 1.21164002849e-05, 1.14467120511e-05, 6.07141691944e-06, 1.26738959807e-05, 6.71847237754e-06, 4.00980843551e-06, 2.19228172682e-06],
        "mean": [2.18361947191e-07, 7.18287196833e-07, 2.34168442148e-06, 2.67656173492e-06, 1.03886804936e-05, 0.000290582276648, 0.000754776701797, 0.000747527054045, 0.0158677846193, 0.000266479008133, 0.00278170453385, 1.50964444856e-06, 4.94720443385e-05, 9.36938022278e-07, 2.10040934689e-06, 2.13213684219e-06, 5.34092748694e-07, 8.58366092871e-07, 4.35350415273e-07, 3.9978959876e-07, 4.86349961193e-07, 3.68281263263e-07, 2.64118028781e-07, 3.5776250229e-07, 2.02459830234e-07, 1.38463732924e-07, 3.97698755705e-07],
        "median": [3.59041969489e-08, 3.91417614765e-07, 1.54804070007e-06, 1.40003021443e-06, 5.56910163141e-06, 0.000103663602204, 5.12172482559e-05, 7.38088328944e-06, 0.00608390104026, 8.04604860605e-06, 0.000160754803801, 1.01671616903e-06, 2.00652775675e-05, 7.51739264615e-07, 9.08378240183e-07, 9.63618845162e-07, 2.9714988159e-07, 5.49317690002e-07, 2.58600778125e-07, 2.1343652179e-07, 1.82058286669e-07, 1.13195014251e-07, 7.71632926444e-08, 7.48273691897e-08, 6.67402204613e-08, 5.28948120859e-08, 4.04185954039e-07],
        "min": [2.42459968769e-10, 1.35274405011e-08, 2.63154902314e-08, 3.70828594498e-08, 5.73091654132e-08, 3.89580054616e-06, 1.38409484407e-06, 5.28932218913e-07, 1.7693699192e-05, 7.8869339859e-07, 1.66397569501e-07, 5.54004699893e-08, 4.43037720288e-07, 3.57166847209e-08, 6.3297882491e-08, 7.14694579074e-08, 1.08353104267e-08, 4.10478762092e-08, 2.75936304917e-08, 1.88003088653e-08, 1.29270221194e-08, 8.91410323334e-09, 6.99618674105e-09, 5.26408872048e-09, 5.20192910969e-09, 1.98427674292e-09, 6.37759889344e-09],
        "var": [1.72220506085e-12, 4.46455285935e-12, 6.09534818452e-12, 1.39327637969e-11, 5.38975752917e-10, 5.92865035287e-07, 1.81190680451e-05, 6.52202834317e-06, 0.000420216238126, 7.67776953126e-07, 3.42337043548e-05, 6.59332224234e-12, 8.08459788004e-09, 1.0425062506e-12, 3.15394793615e-11, 1.17467624169e-11, 1.45390372918e-12, 8.30199461694e-13, 3.22235700579e-13, 4.78647286736e-13, 2.9251857013e-12, 1.72765642938e-12, 7.98734776236e-13, 2.70038201869e-12, 6.84070909727e-13, 2.7827385036e-13, 1.1436119792e-13]
    },
    "erbbands": {
        "dmean": [1.84099990292e-05, 0.000158328723046, 0.00162183737848, 0.00447653979063, 0.0139982020482, 0.026297993958, 0.112372674048, 3.48469948769, 18.8858242035, 3.62947249413, 22.48802948, 147.845718384, 34.5534362793, 12.4966211319, 35.7406158447, 1.67654430866, 1.14901149273, 0.0944510325789, 0.103150695562, 0.0666073709726, 0.0448131933808, 0.018618799746, 0.0148092294112, 0.0163868237287, 0.0115844318643, 0.0130509352311, 0.0101295989007, 0.0146180633456, 0.0138162532821, 0.00673374393955, 0.00559036619961, 0.0077947974205, 0.00418256176636, 0.00255249184556, 0.000786665186752, 0.00041607953608, 0.000216385451495, 7.15696514817e-05, 1.77843230631e-05, 8.98294911167e-06],
        "dmean2": [2.51536366704e-05, 0.000252062483924, 0.00279997405596, 0.00780670624226, 0.0220424868166, 0.0373115874827, 0.164803907275, 5.74720716476, 32.6021347046, 5.86599969864, 31.3397865295, 213.605331421, 53.5960655212, 18.3471546173, 43.6419067383, 2.01184225082, 1.56296634674, 0.134268447757, 0.166747182608, 0.108485341072, 0.069577716291, 0.0286366268992, 0.0232910122722, 0.0256309509277, 0.0183160528541, 0.020402437076, 0.0164520163089, 0.0259384438396, 0.0198727268726, 0.0105919642374, 0.00936988182366, 0.011386891827, 0.00726701319218, 0.00400790944695, 0.00125650083646, 0.000684155151248, 0.000350261339918, 0.000118889016449, 2.6144536605e-05, 1.30085081764e-05],
        "dvar": [6.86699275221e-09, 1.59100864039e-07, 3.62779405805e-06, 4.42634191131e-05, 0.000717784278095, 0.00644773058593, 0.117769792676, 180.484924316, 8988.91992188, 129.189147949, 2450.59716797, 48321.234375, 3596.63378906, 698.04888916, 8826.09765625, 16.6410160065, 6.55456876755, 0.0174042768776, 0.150354579091, 0.0120662711561, 0.0233110375702, 0.00354263791814, 0.000462070282083, 0.000926262699068, 0.00072067626752, 0.000922137638554, 0.00125026993919, 0.00526691740379, 0.00336487032473, 0.000524754752405, 0.000581690808758, 0.00143206864595, 0.000475951121189, 0.000155822286615, 1.23196487039e-05, 3.93554455513e-06, 1.12794225515e-06, 3.14825499004e-08, 1.71757319478e-09, 1.17691675849e-10],
        "dvar2": [7.11127068342e-09, 1.90319639159e-07, 8.63482910063e-06, 7.83049908932e-05, 0.00118291552644, 0.00802297331393, 0.231457099319, 468.060913086, 24311.1679688, 274.269134521, 4212.23291016, 112656.953125, 6719.36572266, 1884.15222168, 13697.1982422, 23.8357830048, 10.2675209045, 0.0287761036307, 0.374325215816, 0.025891860947, 0.062472756952, 0.00698138959706, 0.000883416854776, 0.00232605915517, 0.0018207927933, 0.00190198165365, 0.00221157609485, 0.00961984880269, 0.00750156352296, 0.000893980672117, 0.00108466797974, 0.00330729666166, 0.000865860958584, 0.000331865856424, 2.49935874308e-05, 7.96596395958e-06, 2.3749448701e-06, 5.83066537274e-08, 3.88964771503e-09, 2.92228324872e-10],
        "max": [0.00080033991253, 0.00385596277192, 0.0137463882565, 0.0604777596891, 0.239163503051, 0.807687222958, 2.46769809723, 110.928634644, 735.136291504, 76.2884902954, 360.328460693, 2052.52587891, 491.712677002, 204.134109497, 1267.69628906, 55.9002304077, 21.3074645996, 1.1727796793, 3.42841529846, 1.10258758068, 1.27307081223, 0.510944366455, 0.190179944038, 0.23461817205, 0.197345927358, 0.203867301345, 0.281203985214, 0.552156329155, 0.522923409939, 0.193887397647, 0.190445646644, 0.312909185886, 0.167367696762, 0.102056846023, 0.0289083123207, 0.0161338932812, 0.00859601516277, 0.0015862651635, 0.000410604319768, 8.3074788563e-05],
        "mean": [2.29421566473e-05, 0.000191977262148, 0.00203700386919, 0.00640811445192, 0.0180508624762, 0.0364107638597, 0.142705604434, 3.45593500137, 14.0085611343, 4.63085317612, 51.580871582, 419.384155273, 92.9484558105, 29.8861961365, 113.754142761, 5.34462118149, 2.75930094719, 0.263119280338, 0.136494040489, 0.125254005194, 0.066025108099, 0.0308832973242, 0.0356068462133, 0.036106120795, 0.0222356244922, 0.020561972633, 0.0166997089982, 0.0205081757158, 0.0147697338834, 0.00938167236745, 0.00751752592623, 0.00805747322738, 0.00533245457336, 0.00285025849007, 0.00112222752068, 0.000547847303096, 0.000276442238828, 0.000170762301423, 5.69314834138e-05, 3.04950754071e-05],
        "median": [9.72315501713e-06, 0.000114837159344, 0.0012533130357, 0.00464982632548, 0.00882349070162, 0.019503692165, 0.0465810857713, 0.983561575413, 1.47693002224, 0.771703660488, 14.3361673355, 154.460037231, 41.3197212219, 5.57905435562, 6.32824802399, 0.639512300491, 1.19839119911, 0.164055347443, 0.0603852495551, 0.0655365809798, 0.0365544110537, 0.0173099208623, 0.0250909924507, 0.0251947212964, 0.0129796341062, 0.0116893164814, 0.00833849050105, 0.00590088451281, 0.00423636706546, 0.00313217961229, 0.00223608571105, 0.00167622184381, 0.00118976866361, 0.00075657304842, 0.000455125031294, 0.000185812925338, 9.93665162241e-05, 0.00014449779701, 5.06340111315e-05, 2.14633164433e-05],
        "min": [7.02602733327e-07, 5.22220807397e-06, 3.58794059139e-05, 0.000134788642754, 0.000185058364877, 0.000359119381756, 0.00268587167375, 0.0326700620353, 0.0549580194056, 0.136740639806, 0.288970053196, 0.369988650084, 0.108528710902, 0.127740219235, 0.0376475378871, 0.022989757359, 0.0214444156736, 0.018226319924, 0.010831432417, 0.00445547793061, 0.00471658445895, 0.00287689571269, 0.00185805198271, 0.00240681343712, 0.000804628711194, 0.000956077536102, 0.000667115091346, 0.000428865198046, 0.00033327145502, 0.00025960241328, 0.000191638318938, 0.000117311654321, 8.90597802936e-05, 6.44794781692e-05, 3.2202933653e-05, 8.06266962172e-06, 7.43381269785e-06, 2.5578867735e-06, 9.07387345706e-07, 3.83431228101e-07],
        "var": [7.12136039027e-09, 1.73344531618e-07, 4.79288883071e-06, 6.29738569842e-05, 0.00088458461687, 0.00806299690157, 0.134374842048, 144.35748291, 6125.09082031, 152.928787231, 7380.52197266, 313213.09375, 16251.6005859, 1981.78955078, 57108.1875, 110.872779846, 22.9350337982, 0.0656693652272, 0.140224203467, 0.0276326313615, 0.0205690320581, 0.00477279629558, 0.000897456717212, 0.00152297411114, 0.000963450060226, 0.00110937526915, 0.00170569121838, 0.0065220776014, 0.00349778588861, 0.000774227955844, 0.000725257501472, 0.00140289065894, 0.000576037971769, 0.000163149568834, 1.41117088788e-05, 4.37181461166e-06, 1.15548778012e-06, 5.0015366071e-08, 2.70720801332e-09, 4.3907394387e-10]
    },
    "gfcc": {
        "mean": [-227.220397949, 110.848136902, -133.503555298, -89.1635360718, -93.8257827759, -17.5071582794, 0.802525877953, 9.40260219574, -9.27938747406, -13.6967668533, -13.9133358002, -11.5978012085, -7.50940418243],
        "cov": [[1226.12878418, -281.413208008, 182.254272461, 281.290679932, -85.644241333, 133.785705566, -133.692337036, -81.4421310425, -206.528427124, -24.8702926636, -11.5144615173, 192.140472412, 46.1602096558], [-281.413208008, 508.741973877, 41.9330177307, -130.483657837, 36.3670043945, -145.638275146, -13.4794158936, -14.5345840454, 118.985282898, 93.5234375, 111.442176819, -72.1559753418, -48.1988334656], [182.254272461, 41.9330177307, 649.610351562, 571.503845215, 36.7046585083, -255.248931885, -436.692932129, -105.01700592, 66.2216796875, 202.282272339, -24.4990062714, 60.6513824463, -22.3454914093], [281.290679932, -130.483657837, 571.503845215, 711.98223877, 76.9638137817, -163.95904541, -442.323730469, -131.283843994, -31.604724884, 153.82359314, -29.1094760895, 110.734916687, -8.89399433136], [-85.644241333, 36.3670043945, 36.7046585083, 76.9638137817, 125.163749695, 31.5431232452, -18.1954421997, -17.4729347229, -69.64037323, -31.0244197845, 8.84582805634, 61.5220336914, 16.357006073], [133.785705566, -145.638275146, -255.248931885, -163.95904541, 31.5431232452, 295.673919678, 236.089233398, 40.8174133301, -186.508178711, -184.656570435, -31.851808548, 75.8357620239, 49.9377441406], [-133.692337036, -13.4794158936, -436.692932129, -442.323730469, -18.1954421997, 236.089233398, 419.265319824, 117.095649719, -74.8163909912, -190.933792114, -20.4412841797, -48.2722854614, 31.6172199249], [-81.4421310425, -14.5345840454, -105.01700592, -131.283843994, -17.4729347229, 40.8174133301, 117.095649719, 81.3948974609, 34.8081626892, -41.8770942688, -23.027425766, -28.0981426239, 10.5316724777], [-206.528427124, 118.985282898, 66.2216796875, -31.604724884, -69.64037323, -186.508178711, -74.8163909912, 34.8081626892, 235.83656311, 142.150482178, 12.6850576401, -142.014297485, -64.2180786133], [-24.8702926636, 93.5234375, 202.282272339, 153.82359314, -31.0244197845, -184.656570435, -190.933792114, -41.8770942688, 142.150482178, 177.79914856, 44.5423126221, -61.8754768372, -55.0717277527], [-11.5144615173, 111.442176819, -24.4990062714, -29.1094760895, 8.84582805634, -31.851808548, -20.4412841797, -23.027425766, 12.6850576401, 44.5423126221, 83.9303894043, 9.08951091766, -11.2003955841], [192.140472412, -72.1559753418, 60.6513824463, 110.734916687, 61.5220336914, 75.8357620239, -48.2722854614, -28.0981426239, -142.014297485, -61.8754768372, 9.08951091766, 173.143768311, 77.1572341919], [46.1602096558, -48.1988334656, -22.3454914093, -8.89399433136, 16.357006073, 49.9377441406, 31.6172199249, 10.5316724777, -64.2180786133, -55.0717277527, -11.2003955841, 77.1572341919, 65.3235778809]],
        "icov": [[0.0018613563152, 0.00017453073815, -0.000477026187582, -0.000351639522705, 0.00333791808225, -0.000934387615416, -0.000222322923946, -0.000212608603761, 0.00152012729086, -0.001035714522, -0.000143380879308, -0.00262233265676, 0.00231682066806], [0.00017453073815, 0.00690189283341, -0.00654848013073, 0.00375855644234, -0.00368038401939, 0.0006605690578, -0.0020470705349, 0.00442733848467, -0.00469685252756, 0.007207501214, -0.0119612580165, 0.00337921152823, -0.000648773566354], [-0.000477026187582, -0.00654848013073, 0.0167641825974, -0.00716097373515, 0.00199300074019, 0.00493010040373, 0.00183167797513, -0.00609447434545, 0.00748663023114, -0.0167313739657, 0.0208720825613, -0.00975426193327, 0.00444737449288], [-0.000351639522705, 0.00375855644234, -0.00716097373515, 0.0115577178076, -0.00518254190683, -0.00189065141603, 0.00736897205934, -0.00199780729599, 0.00489733368158, -0.000913906726055, -0.00333466310985, 0.00645696185529, -0.00251020793803], [0.00333791808225, -0.00368038401939, 0.00199300074019, -0.00518254190683, 0.0200763624161, -0.000714892987162, -0.000819601875264, -0.00344395753928, 0.00557343754917, 7.81942944741e-05, 0.00187017081771, -0.00949616078287, 0.00845533702523], [-0.000934387615416, 0.0006605690578, 0.00493010040373, -0.00189065141603, -0.000714892987162, 0.0210779234767, -0.00996539276093, -0.00298859970644, 0.00955915357918, -0.00364121096209, 0.0079433741048, -0.010900371708, 0.0125121278688], [-0.000222322923946, -0.0020470705349, 0.00183167797513, 0.00736897205934, -0.000819601875264, -0.00996539276093, 0.0355937853456, -0.0268025435507, 0.0182483308017, 0.00624576723203, -0.00847718305886, 0.0303230285645, -0.0188711490482], [-0.000212608603761, 0.00442733848467, -0.00609447434545, -0.00199780729599, -0.00344395753928, -0.00298859970644, -0.0268025435507, 0.0605995990336, -0.043237823993, 0.0159962940961, 0.00173733441625, -0.0210144147277, 0.00350875174627], [0.00152012729086, -0.00469685252756, 0.00748663023114, 0.00489733368158, 0.00557343754917, 0.00955915357918, 0.0182483308017, -0.043237823993, 0.0579642169178, -0.0337732322514, 0.0126018254086, 0.0188777372241, -0.00350307207555], [-0.001035714522, 0.007207501214, -0.0167313739657, -0.000913906726055, 7.81942944741e-05, -0.00364121096209, 0.00624576723203, 0.0159962940961, -0.0337732322514, 0.0716284140944, -0.0463866442442, 0.0199272893369, -0.00694111548364], [-0.000143380879308, -0.0119612580165, 0.0208720825613, -0.00333466310985, 0.00187017081771, 0.0079433741048, -0.00847718305886, 0.00173733441625, 0.0126018254086, -0.0463866442442, 0.0632178634405, -0.0350333489478, 0.0207446590066], [-0.00262233265676, 0.00337921152823, -0.00975426193327, 0.00645696185529, -0.00949616078287, -0.010900371708, 0.0303230285645, -0.0210144147277, 0.0188777372241, 0.0199272893369, -0.0350333489478, 0.07041862607, -0.0525128915906], [0.00231682066806, -0.000648773566354, 0.00444737449288, -0.00251020793803, 0.00845533702523, 0.0125121278688, -0.0188711490482, 0.00350875174627, -0.00350307207555, -0.00694111548364, 0.0207446590066, -0.0525128915906, 0.0675450563431]]
    },
    "melbands": {
        "dmean": [1.59572422831e-07, 6.15213082256e-07, 9.51473680288e-07, 1.1527050674e-06, 2.10677444556e-06, 0.000102003083157, 0.000247295654844, 3.49969595845e-05, 0.000265397102339, 0.000953973911237, 0.000162772572367, 3.97393705498e-05, 0.000146031146869, 6.83845655658e-06, 1.79811229373e-06, 1.68104384102e-06, 6.00416996122e-08, 1.68215095186e-07, 8.83421336084e-08, 8.62434532678e-08, 5.41488489603e-08, 2.09847250687e-08, 1.46253720246e-08, 2.03981667113e-08, 1.36792994709e-08, 8.96788421301e-09, 7.83022446882e-09, 9.12853614921e-09, 6.53314291554e-09, 7.0259247309e-09, 1.0084455937e-08, 9.5764223218e-09, 4.09293976489e-09, 3.6938223591e-09, 3.35999894574e-09, 3.43804940073e-09, 5.42252820424e-09, 3.26118243521e-09, 1.92869942239e-09, 2.3212105571e-09],
        "dmean2": [2.20459043021e-07, 1.04933906186e-06, 1.60757087997e-06, 1.5977439034e-06, 2.930496521e-06, 0.000173325141077, 0.000422148674261, 5.3581505199e-05, 0.000368486216757, 0.00140334118623, 0.000250334414886, 6.36504119029e-05, 0.000181944837095, 1.04117443698e-05, 2.62832031694e-06, 2.24133054871e-06, 8.96946303897e-08, 2.70204651542e-07, 1.43483362081e-07, 1.38473069455e-07, 8.67766090096e-08, 3.1931257638e-08, 2.21829363767e-08, 3.20702717715e-08, 2.15233786349e-08, 1.39683571376e-08, 1.2798153648e-08, 1.46086360786e-08, 1.04299795467e-08, 1.10711626533e-08, 1.74130434516e-08, 1.49652006343e-08, 5.97095040078e-09, 5.88854343064e-09, 5.63189539449e-09, 5.5488897921e-09, 8.14505174418e-09, 5.77433389992e-09, 3.25002269541e-09, 3.47525719313e-09],
        "dvar": [5.14157781021e-13, 6.25731346078e-13, 2.45875498781e-12, 9.8815712557e-12, 5.24064264207e-11, 1.91024994933e-07, 1.47573950926e-06, 1.44231524501e-08, 3.28610695988e-07, 1.97941585611e-06, 8.84066935214e-08, 1.18688161521e-08, 1.50650734554e-07, 4.57704235624e-10, 1.62333792242e-11, 1.21010475945e-11, 4.21455896576e-15, 3.77202772055e-13, 3.95086659786e-14, 2.68092365256e-14, 4.58707677148e-14, 4.53162880891e-15, 5.53572241689e-16, 7.66049821233e-16, 6.52054221368e-16, 3.37734350094e-16, 3.59607837757e-16, 4.77392533633e-16, 4.45449544763e-16, 7.78093041556e-16, 2.47238181161e-15, 1.9196047221e-15, 1.51916325237e-16, 1.59994081408e-16, 2.00846056938e-16, 2.30408128837e-16, 7.30976039772e-16, 3.06545167608e-16, 8.32750912972e-17, 1.29414908228e-16],
        "dvar2": [5.27120447985e-13, 1.2846921877e-12, 3.94678820875e-12, 9.39060287863e-12, 5.85891543614e-11, 5.10558209044e-07, 3.97077747039e-06, 2.4823433975e-08, 6.35098615476e-07, 4.49859044238e-06, 1.52217012328e-07, 3.62625272032e-08, 2.45064285309e-07, 7.40197125815e-10, 2.69429738936e-11, 1.85540714737e-11, 8.95015161431e-15, 9.37237917484e-13, 9.46095008976e-14, 5.72889243097e-14, 1.23567077252e-13, 9.524683051e-15, 1.02545397897e-15, 1.56588079871e-15, 1.65346972293e-15, 8.77283352537e-16, 9.61141731897e-16, 9.25122396969e-16, 8.12942941622e-16, 1.52011370275e-15, 4.50419129417e-15, 4.73159677061e-15, 2.42021744637e-16, 2.78929405369e-16, 3.86899689304e-16, 4.60299514636e-16, 1.75598252065e-15, 5.67828070889e-16, 1.48062431206e-16, 2.94859580478e-16],
        "max": [6.95458447808e-06, 6.48165678285e-06, 1.4543060388e-05, 3.42601670127e-05, 7.4800926086e-05, 0.00350221944973, 0.00947127956897, 0.000766087672673, 0.00481542246416, 0.0130080478266, 0.00230838311836, 0.000757614383474, 0.00517669226974, 0.00023610550852, 3.26601330016e-05, 3.01546588162e-05, 5.24918959854e-07, 5.45842976862e-06, 1.77529477696e-06, 1.5606353827e-06, 1.76253684003e-06, 5.81503456942e-07, 2.34577029801e-07, 2.35565565276e-07, 1.99591838168e-07, 1.40342706345e-07, 1.44618084619e-07, 1.53653786583e-07, 1.68179511206e-07, 2.34756612372e-07, 3.92316081843e-07, 3.74760503519e-07, 1.11682176396e-07, 1.05021889851e-07, 1.12946487718e-07, 1.22990101659e-07, 2.23219927875e-07, 1.31755953703e-07, 7.34105896072e-08, 9.33620682986e-08],
        "mean": [2.02423919404e-07, 7.85244196777e-07, 1.43768511407e-06, 1.78978734766e-06, 2.92832305604e-06, 9.50718022068e-05, 0.000185980083188, 5.2709470765e-05, 0.000610353832599, 0.00269614625722, 0.000401894008974, 6.71944435453e-05, 0.00046094856225, 2.18404438783e-05, 3.64107108908e-06, 3.97077383241e-06, 1.42212684295e-07, 1.97567231908e-07, 1.40553567007e-07, 1.67633672277e-07, 6.16073947413e-08, 3.08784784409e-08, 2.48762273003e-08, 4.43582486298e-08, 2.79580465445e-08, 1.60559245899e-08, 1.3681544786e-08, 1.37355904428e-08, 1.00139665449e-08, 1.03786597094e-08, 1.29501414037e-08, 9.14771103311e-09, 5.61804736066e-09, 5.02524244439e-09, 4.32018243401e-09, 4.13319423131e-09, 5.30295585222e-09, 4.08341671587e-09, 2.53330822986e-09, 2.36322006408e-09],
        "median": [1.01284406639e-07, 4.83083624658e-07, 9.66512743616e-07, 9.59432668424e-07, 9.92878995021e-07, 2.54858059634e-05, 1.98020716198e-05, 1.22049095808e-06, 0.000113144909847, 0.00102412968408, 0.000112102141429, 3.644668368e-06, 2.41463822022e-05, 9.51148138029e-07, 1.02055696516e-06, 1.73488137989e-06, 9.67764393067e-08, 7.81377664794e-08, 8.30687199027e-08, 8.02453854476e-08, 2.40300899179e-08, 1.52249270968e-08, 1.36488527147e-08, 2.47334170922e-08, 2.05755164018e-08, 9.60380486248e-09, 8.53787174293e-09, 7.17682979712e-09, 4.73532146827e-09, 4.48985471024e-09, 3.31290772593e-09, 2.31041186183e-09, 1.85491177973e-09, 1.47469758627e-09, 1.23562371446e-09, 1.08504838447e-09, 9.67283919628e-10, 8.1670831209e-10, 7.33460570057e-10, 5.76912406736e-10],
        "min": [3.51543305577e-09, 9.91103021875e-09, 2.4073473881e-08, 9.30311205849e-09, 1.7236564176e-08, 8.05656725333e-07, 6.96446250004e-07, 4.14474108368e-08, 2.2960541628e-06, 2.18730383494e-06, 4.41216627678e-07, 7.9706730105e-08, 2.04692209849e-08, 7.86257103869e-09, 3.47553026359e-08, 4.16380565582e-08, 1.06942108502e-08, 3.49294859703e-09, 4.89661911018e-09, 3.79885589652e-09, 3.48924622529e-09, 6.8347982829e-10, 1.81465420468e-09, 1.86378423805e-09, 5.40881839317e-10, 7.24875659497e-10, 4.79748907267e-10, 6.67349675521e-10, 4.63218519098e-10, 2.86997342558e-10, 2.21394583222e-10, 1.84336948483e-10, 1.67138733409e-10, 1.36043384891e-10, 1.12210275793e-10, 9.2998074519e-11, 6.16421011457e-11, 6.45632020069e-11, 5.75670795755e-11, 4.5058623499e-11],
        "var": [5.35520954838e-13, 8.18351408773e-13, 3.37230330466e-12, 1.3998808189e-11, 6.99881888555e-11, 1.39780127029e-07, 1.01983118839e-06, 2.43084663509e-08, 1.29740135435e-06, 1.20905715448e-05, 3.96076387688e-07, 1.96969374144e-08, 9.44193800478e-07, 2.15585371777e-09, 5.19549438194e-11, 4.58353147104e-11, 1.66721833821e-14, 3.58329712473e-13, 4.33509937745e-14, 6.21747458748e-14, 3.90186540304e-14, 5.79344277901e-15, 9.92868303849e-16, 2.44255418165e-15, 1.03131047064e-15, 4.30115945547e-16, 3.77075165907e-16, 5.84871750217e-16, 5.91788250687e-16, 9.89332258932e-16, 3.04590485558e-15, 1.66446632817e-15, 2.49489557677e-16, 2.30564406416e-16, 2.4168631959e-16, 2.63264907438e-16, 6.83771899473e-16, 3.63350664592e-16, 1.04762775304e-16, 1.24931668717e-16]
    },
    "mfcc": {
        "mean": [-888.955200195, 174.564559937, -11.019618988, -50.9666404724, -60.4619827271, -36.8901977539, -8.15590667725, 4.81879520416, 6.71747636795, 6.33894300461, 0.393750697374, -7.41368436813, -9.04703998566],
        "cov": [[1184.64074707, -43.1224937439, 16.2453727722, 114.068435669, -38.0164031982, 176.042724609, 116.675788879, 99.0670318604, -98.9974594116, -300.156585693, -271.564025879, -38.4936485291, 169.543777466], [-43.1224937439, 556.243408203, 30.694978714, -44.8815422058, -19.5246200562, -48.7383804321, 15.9698925018, -41.8962249756, -86.3290710449, -24.3911437988, 15.8068675995, -28.4135246277, 92.9976119995], [16.2453727722, 30.694978714, 320.763671875, 321.493164062, 196.174255371, -22.5470046997, -269.56829834, -238.884963989, -52.1997451782, 40.5410995483, 100.900062561, 84.6569442749, 2.45527410507], [114.068435669, -44.8815422058, 321.493164062, 574.925170898, 308.301849365, 23.5665359497, -294.687255859, -308.496398926, -95.4536132812, -12.7398414612, 61.3512802124, 95.5154647827, 30.2905654907], [-38.0164031982, -19.5246200562, 196.174255371, 308.301849365, 233.947784424, 14.0873193741, -194.444580078, -186.22769165, -57.7522735596, -6.44563102722, 49.7086486816, 69.8357162476, 21.0283946991], [176.042724609, -48.7383804321, -22.5470046997, 23.5665359497, 14.0873193741, 120.140258789, 112.8907547, 82.7062911987, -13.7254953384, -101.57598877, -103.788238525, -35.5424385071, 27.8687438965], [116.675788879, 15.9698925018, -269.56829834, -294.687255859, -194.444580078, 112.8907547, 402.27520752, 341.69644165, 43.4616279602, -135.129318237, -206.036407471, -137.896057129, 50.4494781494], [99.0670318604, -41.8962249756, -238.884963989, -308.496398926, -186.22769165, 82.7062911987, 341.69644165, 373.468261719, 93.7806015015, -121.439323425, -210.122375488, -148.523239136, 28.7479114532], [-98.9974594116, -86.3290710449, -52.1997451782, -95.4536132812, -57.7522735596, -13.7254953384, 43.4616279602, 93.7806015015, 96.8915328979, 37.8259162903, -15.5806369781, -32.9079666138, -48.5641059875], [-300.156585693, -24.3911437988, 40.5410995483, -12.7398414612, -6.44563102722, -101.57598877, -135.129318237, -121.439323425, 37.8259162903, 203.470397949, 201.7159729, 64.1308517456, -114.028610229], [-271.564025879, 15.8068675995, 100.900062561, 61.3512802124, 49.7086486816, -103.788238525, -206.036407471, -210.122375488, -15.5806369781, 201.7159729, 266.530792236, 132.211288452, -96.0708312988], [-38.4936485291, -28.4135246277, 84.6569442749, 95.5154647827, 69.8357162476, -35.5424385071, -137.896057129, -148.523239136, -32.9079666138, 64.1308517456, 132.211288452, 129.947097778, -10.6439409256], [169.543777466, 92.9976119995, 2.45527410507, 30.2905654907, 21.0283946991, 27.8687438965, 50.4494781494, 28.7479114532, -48.5641059875, -114.028610229, -96.0708312988, -10.6439409256, 130.653640747]],
