{
"lowlevel": {
    "average_loudness": 0.989335656166,
    "barkbands_crest": {
        "dmean": 0.687567830086,
        "dmean2": 0.737942099571,
        "dvar": 0.383747935295,
        "dvar2": 0.39968714118,
        "max": 20.6398391724,
        "mean": 19.0728302002,
        "median": 18.9504089355,
        "min": 7.99117326736,
        "var": 0.901852607727
    },
    "barkbands_flatness_db": {
        "dmean": 0.00991190597415,
        "dmean2": 0.0144267724827,
        "dvar": 0.000305449328152,
        "dvar2": 0.000301565771224,
        "max": 0.519322216511,
        "mean": 0.488881319761,
        "median": 0.489848822355,
        "min": 0.0999945178628,
        "var": 0.00047186401207
    },
    "barkbands_kurtosis": {
        "dmean": 10.0691137314,
        "dmean2": 14.8708143234,
        "dvar": 65.7730255127,
        "dvar2": 155.494232178,
        "max": 85.7407455444,
        "mean": 45.1215019226,
        "median": 43.6224708557,
        "min": 9.29069042206,
        "var": 156.234634399
    },
    "barkbands_skewness": {
        "dmean": 0.328739434481,
        "dmean2": 0.535130977631,
        "dvar": 0.0874121412635,
        "dvar2": 0.228346422315,
        "max": 4.57251644135,
        "mean": 2.69978475571,
        "median": 2.65637660027,
        "min": 1.62593007088,
        "var": 0.167132779956
    },
    "barkbands_spread": {
        "dmean": 0.0459417775273,
        "dmean2": 0.0491548776627,
        "dvar": 0.306273460388,
        "dvar2": 0.302044004202,
        "max": 14.8294830322,
        "mean": 0.509987235069,
        "median": 0.484791755676,
        "min": 0.396340459585,
        "var": 0.313746035099
    },
    "dissonance": {
        "dmean": 0.0136324428022,
        "dmean2": 0.0245343018323,
        "dvar": 0.000137328359415,
        "dvar2": 0.000391205190681,
        "max": 0.471168786287,
        "mean": 0.4253038764,
        "median": 0.426364183426,
        "min": 0.377633184195,
        "var": 0.000199736154173
    },
    "dynamic_complexity": 0.272444725037,
    "erbbands_crest": {
        "dmean": 2.19274663925,
        "dmean2": 2.19004178047,
        "dvar": 1.45605015755,
        "dvar2": 1.35782623291,
        "max": 23.0331878662,
        "mean": 17.8919181824,
        "median": 17.6434230804,
        "min": 2.99347281456,
        "var": 6.91392564774
    },
    "erbbands_flatness_db": {
        "dmean": 0.0103764068335,
        "dmean2": 0.0146050313488,
        "dvar": 0.000189428305021,
        "dvar2": 0.000231731130043,
        "max": 0.378345549107,
        "mean": 0.339259594679,
        "median": 0.340570926666,
        "min": 0.0728694722056,
        "var": 0.000325750908814
    },
    "erbbands_kurtosis": {
        "dmean": 5.8601360321,
        "dmean2": 9.23319911957,
        "dvar": 29.3777942657,
        "dvar2": 59.0502204895,
        "max": 95.1734542847,
        "mean": 74.6450424194,
        "median": 74.9132003784,
        "min": -0.191839456558,
        "var": 57.6734695435
    },
    "erbbands_skewness": {
        "dmean": 0.420676290989,
        "dmean2": 0.548318266869,
        "dvar": 0.174526482821,
        "dvar2": 0.232281908393,
        "max": 7.89055919647,
        "mean": 6.89380884171,
        "median": 7.02496004105,
        "min": 0.596357285976,
        "var": 0.370032191277
    },
    "erbbands_spread": {
        "dmean": 0.647227168083,
        "dmean2": 0.888481914997,
        "dvar": 5.68522357941,
        "dvar2": 5.65350008011,
        "max": 50.0221252441,
        "mean": 3.68704128265,
        "median": 3.45573067665,
        "min": 2.30318331718,
        "var": 6.26391553879
    },
    "hfc": {
        "dmean": 3.49809765816,
        "dmean2": 3.43664836884,
        "dvar": 3.60514187813,
        "dvar2": 3.87368083,
        "max": 26.8051776886,
        "mean": 19.7962741852,
        "median": 19.6434288025,
        "min": 0.341363549232,
        "var": 16.3175258636
    },
    "melbands_crest": {
        "dmean": 1.43174052238,
        "dmean2": 1.40109109879,
        "dvar": 0.599947452545,
        "dvar2": 0.508215308189,
        "max": 30.9519271851,
        "mean": 28.0877761841,
        "median": 28.0892314911,
        "min": 16.2711296082,
        "var": 2.95893096924
    },
    "melbands_flatness_db": {
        "dmean": 0.0117351887748,
        "dmean2": 0.0163508281112,
        "dvar": 0.000358589895768,
        "dvar2": 0.00035972049227,
        "max": 0.669564008713,
        "mean": 0.62923848629,
        "median": 0.63038623333,
        "min": 0.214128673077,
        "var": 0.000575341458898
    },
    "melbands_kurtosis": {
        "dmean": 15.1061925888,
        "dmean2": 20.1510543823,
        "dvar": 131.162567139,
        "dvar2": 325.456604004,
        "max": 122.910758972,
        "mean": 55.1484489441,
        "median": 52.0166473389,
        "min": 17.6137275696,
        "var": 336.93536377
    },
    "melbands_skewness": {
        "dmean": 0.318354338408,
        "dmean2": 0.439359337091,
        "dvar": 0.0829667374492,
        "dvar2": 0.187872380018,
        "max": 5.93609952927,
        "mean": 2.5665872097,
        "median": 2.50215697289,
        "min": 1.77877926826,
        "var": 0.168722867966
    },
    "melbands_spread": {
        "dmean": 0.0451549850404,
        "dmean2": 0.0453676953912,
        "dvar": 0.122479207814,
        "dvar2": 0.120437279344,
        "max": 9.59614753723,
        "mean": 0.412798285484,
        "median": 0.400005429983,
        "min": 0.310569703579,
        "var": 0.12760849297
    },
    "pitch_salience": {
        "dmean": 0.0140313059092,
        "dmean2": 0.0146985631436,
        "dvar": 0.00035210364149,
        "dvar2": 0.000374741357518,
        "max": 0.706484019756,
        "mean": 0.329379409552,
        "median": 0.32825961709,
        "min": 0.26985090971,
        "var": 0.00069417321356
    },
    "silence_rate_20dB": {
        "dmean": 0,
        "dmean2": 0,
        "dvar": 0,
        "dvar2": 0,
        "max": 1,
        "mean": 1,
        "median": 1,
        "min": 1,
        "var": 0
    },
    "silence_rate_30dB": {
        "dmean": 0.00277777784504,
        "dmean2": 0.00278164120391,
        "dvar": 0.00277003482915,
        "dvar2": 0.002773914719,
        "max": 1,
        "mean": 0.00277392519638,
        "median": 0,
        "min": 0,
        "var": 0.00276622455567
    },
    "silence_rate_60dB": {
        "dmean": 0,
        "dmean2": 0,
        "dvar": 0,
        "dvar2": 0,
        "max": 0,
        "mean": 0,
        "median": 0,
        "min": 0,
        "var": 0
    },
    "spectral_centroid": {
        "dmean": 4.27006435394,
        "dmean2": 4.43975925446,
        "dvar": 113.23475647,
        "dvar2": 111.916244507,
        "max": 415.653259277,
        "mean": 137.773345947,
        "median": 137.893341064,
        "min": 127.014930725,
        "var": 135.727874756
    },
    "spectral_complexity": {
        "dmean": 0.597222208977,
        "dmean2": 0.969401955605,
        "dvar": 0.534994661808,
        "dvar2": 0.900315523148,
        "max": 5,
        "mean": 3.45076274872,
        "median": 4,
        "min": 1,
        "var": 0.635926187038
    },
    "spectral_decrease": {
        "dmean": 6.48603348807e-09,
        "dmean2": 6.37590336083e-09,
        "dvar": 1.37152013225e-17,
        "dvar2": 1.52761118179e-17,
        "max": -2.25525279007e-10,
        "mean": -4.35230624873e-08,
        "median": -4.31918607546e-08,
        "min": -5.62047830499e-08,
        "var": 5.6894190598e-17
    },
    "spectral_energy": {
        "dmean": 0.0247970111668,
        "dmean2": 0.0243755634874,
        "dvar": 0.000200157257495,
        "dvar2": 0.00022285580053,
        "max": 0.214509412646,
        "mean": 0.166061088443,
        "median": 0.16479152441,
        "min": 0.000882147927769,
        "var": 0.000831370765809
    },
    "spectral_energyband_high": {
        "dmean": 3.64299216926e-06,
        "dmean2": 5.04257559442e-06,
        "dvar": 1.20834578454e-10,
        "dvar2": 1.25637014681e-10,
        "max": 0.00029586054734,
        "mean": 9.35619755182e-06,
        "median": 8.25513780001e-06,
        "min": 2.31125636674e-06,
        "var": 1.29585453479e-10
    },
    "spectral_energyband_low": {
        "dmean": 0.0207200367004,
        "dmean2": 0.0204240549356,
        "dvar": 0.000149725907249,
        "dvar2": 0.000171149644302,
        "max": 0.193646803498,
        "mean": 0.149969011545,
        "median": 0.149029001594,
        "min": 0.000590145937167,
        "var": 0.000587059359532
    },
    "spectral_energyband_middle_high": {
        "dmean": 5.7471670516e-06,
        "dmean2": 7.4308782132e-06,
        "dvar": 2.26374963219e-09,
        "dvar2": 2.27508900608e-09,
        "max": 0.0012928750366,
        "mean": 1.98781854124e-05,
        "median": 1.73221651494e-05,
        "min": 8.35370701679e-06,
        "var": 2.28524243973e-09
    },
    "spectral_energyband_middle_low": {
        "dmean": 0.00860058050603,
        "dmean2": 0.00871419161558,
        "dvar": 2.09158297366e-05,
        "dvar2": 2.0006822524e-05,
        "max": 0.0424754992127,
        "mean": 0.0238560512662,
        "median": 0.0226001869887,
        "min": 0.000268229399808,
        "var": 9.87555104075e-05
    },
    "spectral_entropy": {
        "dmean": 0.0887008681893,
        "dmean2": 0.138969779015,
        "dvar": 0.0241182092577,
        "dvar2": 0.0285132341087,
        "max": 7.71481895447,
        "mean": 4.78958082199,
        "median": 4.78286314011,
        "min": 4.50051164627,
        "var": 0.032738186419
    },
    "spectral_flux": {
        "dmean": 0.0240961425006,
        "dmean2": 0.0403918251395,
        "dvar": 0.000329723552568,
        "dvar2": 0.000636194658,
        "max": 0.42431256175,
        "mean": 0.0594384968281,
        "median": 0.0606546401978,
        "min": 0.0238212235272,
        "var": 0.000558992964216
    },
    "spectral_kurtosis": {
        "dmean": 8.38339805603,
        "dmean2": 15.4224834442,
        "dvar": 34.1351165771,
        "dvar2": 108.689544678,
        "max": 59.3551330566,
        "mean": 24.6426506042,
        "median": 24.1565151215,
        "min": 3.77704715729,
        "var": 49.0909385681
    },
    "spectral_rms": {
        "dmean": 0.00096055114409,
        "dmean2": 0.000940529396757,
        "dvar": 4.36597559883e-07,
        "dvar2": 4.82103700961e-07,
        "max": 0.0144664263353,
        "mean": 0.0126746157184,
        "median": 0.0126795982942,
        "min": 0.000927702581976,
        "var": 1.36500125336e-06
    },
    "spectral_rolloff": {
        "dmean": 7.38708496094,
        "dmean2": 14.2855882645,
        "dvar": 206.250732422,
        "dvar2": 204.140045166,
        "max": 430.6640625,
        "mean": 138.966522217,
        "median": 129.19921875,
        "min": 129.19921875,
        "var": 235.822128296
    },
    "spectral_skewness": {
        "dmean": 0.577360808849,
        "dmean2": 1.04128539562,
        "dvar": 0.171371787786,
        "dvar2": 0.538631618023,
        "max": 6.25648641586,
        "mean": 4.02138328552,
        "median": 3.99758195877,
        "min": 1.98134171963,
        "var": 0.258523732424
    },
    "spectral_spread": {
        "dmean": 350187.6875,
        "dmean2": 528812.25,
        "dvar": 568486723584,
        "dvar2": 476553871360,
        "max": 24742260,
        "mean": 2305612,
        "median": 2251934,
        "min": 1448647.25,
        "var": 846531592192
    },
    "spectral_strongpeak": {
        "dmean": 0.397690236568,
        "dmean2": 0.769722521305,
        "dvar": 0.115117020905,
        "dvar2": 0.201837494969,
        "max": 2.12148952484,
        "mean": 1.51800906658,
        "median": 1.58037245274,
        "min": 0.0194877590984,
        "var": 0.11452499032
    },
    "zerocrossingrate": {
        "dmean": 0.000128851999762,
        "dmean2": 0.000222069502342,
        "dvar": 9.26729626372e-08,
        "dvar2": 1.87778098848e-07,
        "max": 0.00732421875,
        "mean": 0.00492547778413,
        "median": 0.0048828125,
        "min": 0.001953125,
        "var": 8.38248013224e-08
    },
    "barkbands": {
        "dmean": [3.23132080666e-05, 0.00145541550592, 0.017768252641, 0.00730164721608, 0.00194482237566, 0.000141685028211, 1.40839492815e-05, 2.12974350688e-06, 1.0978865248e-06, 1.15616182939e-06, 6.72631983889e-07, 1.14273655072e-06, 6.77633352097e-07, 6.5673498284e-07, 4.99584928093e-07, 3.9579211375e-07, 3.66515735095e-07, 1.30769888074e-06, 1.86010936432e-06, 1.22170615668e-06, 1.78253617378e-06, 2.23594781801e-07, 1.5251815455e-07, 8.76987314768e-07, 1.57277810331e-07, 1.51149180283e-07, 6.13470731992e-08],
        "dmean2": [5.12945080118e-05, 0.00177747767884, 0.0174926836044, 0.00734146172181, 0.00193481729366, 0.000141771437484, 1.52260336108e-05, 2.98102258967e-06, 1.44041518979e-06, 1.53869439146e-06, 9.64333139564e-07, 1.71940587279e-06, 1.03490026504e-06, 9.81550101642e-07, 7.21503170098e-07, 5.41661052011e-07, 5.29308067598e-07, 1.91953927242e-06, 2.87906232188e-06, 1.82444830443e-06, 2.66364486379e-06, 3.31402844722e-07, 1.98605064838e-07, 1.3004101902e-06, 2.12767744756e-07, 2.07948062325e-07, 7.18084365303e-08],
        "dvar": [2.54842564829e-08, 1.70642920239e-06, 0.000105574086774, 1.47844029925e-05, 1.20254878766e-06, 9.14437148225e-09, 9.65871271852e-10, 3.92172211372e-10, 2.68801841896e-10, 1.10043973933e-10, 5.1353071101e-11, 3.91219487361e-11, 2.79698712108e-11, 2.20632088987e-11, 1.61190019665e-11, 8.47632901368e-12, 6.48741694045e-12, 1.03191405074e-11, 6.07679098014e-12, 7.13377924441e-12, 4.68008227658e-12, 2.50047335268e-12, 1.78026462929e-12, 2.17503836122e-12, 1.47523193748e-12, 1.41981283501e-12, 1.61377345948e-12],
        "dvar2": [2.59678145653e-08, 2.48292712968e-06, 0.000115116788947, 1.57200865942e-05, 1.30231103412e-06, 1.00502406397e-08, 9.79662906353e-10, 3.95438154444e-10, 2.69779087958e-10, 1.11195552766e-10, 5.18875116484e-11, 3.96848699735e-11, 2.83961309328e-11, 2.26140061538e-11, 1.61504629115e-11, 8.50770495719e-12, 6.55897385016e-12, 1.13977109001e-11, 1.05204326153e-11, 8.77376990505e-12, 7.33330583758e-12, 2.54990733389e-12, 1.77897984972e-12, 2.74823501629e-12, 1.48536619202e-12, 1.40976054615e-12, 1.61747991303e-12],
        "max": [0.0044998456724, 0.0288593042642, 0.15239199996, 0.0304044783115, 0.0143853444606, 0.0021600832697, 0.000876592181157, 0.000534568564035, 0.000441110663814, 0.000284137786366, 0.000192816223716, 0.000169816674315, 0.000142760982271, 0.000126592334709, 0.000108489344711, 7.87134267739e-05, 6.88938962412e-05, 8.66277841851e-05, 5.07163640577e-05, 6.83346152073e-05, 4.67943609692e-05, 4.26591868745e-05, 3.61528691428e-05, 3.5494686017e-05, 3.28169553541e-05, 3.22939959005e-05, 3.41887280229e-05],
        "mean": [0.000220794390771, 0.0245596505702, 0.117396607995, 0.0158504247665, 0.00754836713895, 0.000405464146752, 4.41005795437e-05, 4.88259593112e-06, 1.83619931704e-06, 2.72692795988e-06, 1.07213270439e-06, 3.32879562848e-06, 1.39743133332e-06, 1.21878611026e-06, 9.52300240442e-07, 7.9032378153e-07, 8.33469130157e-07, 2.98746681437e-06, 3.76951425096e-06, 2.88956334771e-06, 4.79395612274e-06, 4.33436241565e-07, 3.17885451295e-07, 1.35673565183e-06, 2.90001054282e-07, 2.33414596096e-07, 1.39237613439e-07],
        "median": [0.000211002261494, 0.0246182009578, 0.116725891829, 0.0148908793926, 0.00724367331713, 0.000385703868233, 4.16006696469e-05, 3.8825323827e-06, 1.09911673007e-06, 2.15667751036e-06, 6.87554859269e-07, 2.79614823739e-06, 1.09984239316e-06, 8.91248021162e-07, 7.22650327134e-07, 6.11221423696e-07, 6.86914518155e-07, 2.57613419308e-06, 3.13375107908e-06, 2.54080805462e-06, 4.38450479123e-06, 3.14289280823e-07, 2.41695801151e-07, 1.0297959534e-06, 2.09742495372e-07, 1.42159635175e-07, 8.70952661103e-08],
        "min": [3.85830826417e-05, 0.000260962668108, 0.000247005023994, 7.81722337706e-05, 4.77060602861e-05, 6.57588825561e-05, 1.49778043124e-05, 6.76340391692e-07, 2.2802754529e-07, 4.23247939807e-07, 8.1192034429e-08, 4.83586575228e-07, 3.16569611414e-07, 1.52079721261e-07, 1.85459839486e-07, 1.31948510784e-07, 1.66132096524e-07, 6.73230829307e-07, 8.10960955278e-07, 5.60775561098e-07, 7.82928111676e-07, 8.70975256362e-08, 5.59875346084e-08, 6.41440607296e-08, 5.17969986902e-08, 1.8319992634e-08, 5.33098720723e-08],
        "var": [2.61756465392e-08, 3.33495768245e-06, 0.000431274529546, 6.99338270351e-05, 5.6637140915e-06, 3.33216156889e-08, 1.21961674093e-09, 3.93694049583e-10, 2.69237271366e-10, 1.11462110375e-10, 5.14508782801e-11, 4.11956857516e-11, 2.81471061736e-11, 2.22883118212e-11, 1.62818248467e-11, 8.5808487052e-12, 6.56093755713e-12, 1.16554543794e-11, 7.77196623031e-12, 7.89704846654e-12, 7.14587763961e-12, 2.5324328138e-12, 1.80520182136e-12, 2.73355383468e-12, 1.49405726506e-12, 1.4509376773e-12, 1.61585621185e-12]
    },
    "erbbands": {
        "dmean": [0.00829029176384, 0.362445235252, 11.9004154205, 27.9130592346, 12.9138174057, 5.0596613884, 1.83915472031, 1.117836833, 0.315960258245, 0.0996041297913, 0.038239505142, 0.0254199318588, 0.03562733531, 0.0274075977504, 0.0266490560025, 0.0537853725255, 0.0303587727249, 0.0325238481164, 0.0247740484774, 0.0269057322294, 0.0204692762345, 0.0205527506769, 0.0556811057031, 0.0872688144445, 0.0819751918316, 0.052271194756, 0.0998324677348, 0.035937666893, 0.00877027865499, 0.00625180127099, 0.00436875922605, 0.0155732631683, 0.0143939536065, 0.00168125634082, 0.00153217464685, 0.000937011500355, 0.000203420844628, 4.35179681517e-05, 1.81409432116e-05, 2.7291232982e-05],
        "dmean2": [0.013783489354, 0.493275910616, 11.8075218201, 27.7723731995, 12.812669754, 4.99983739853, 1.85658288002, 1.12196981907, 0.326237082481, 0.117296412587, 0.0532347522676, 0.0329917445779, 0.0453842319548, 0.0374375991523, 0.0374322459102, 0.0821204483509, 0.0457020401955, 0.0482304021716, 0.0353287532926, 0.0383835397661, 0.0281647369266, 0.0302194990218, 0.0806767866015, 0.133814007044, 0.126868709922, 0.0772289559245, 0.151523947716, 0.053096268326, 0.0128042604774, 0.00916937738657, 0.00550580909476, 0.0228568036109, 0.0216730739921, 0.0021588569507, 0.00215953169391, 0.0013235565275, 0.000269319250947, 5.25237010152e-05, 1.84186756087e-05, 2.67133164016e-05],
        "dvar": [0.000142032833537, 0.205652043223, 64.7269821167, 215.198745728, 46.9774894714, 8.00504207611, 1.39980399609, 0.527710199356, 0.199172526598, 0.225930169225, 0.17190733552, 0.142300784588, 0.120444297791, 0.0981056988239, 0.0813816040754, 0.0621608048677, 0.0589211508632, 0.0608795695007, 0.0545694157481, 0.0338507145643, 0.0237549096346, 0.0210855938494, 0.0244438275695, 0.0231125783175, 0.0161585099995, 0.014088043943, 0.0103942267597, 0.00667114276439, 0.00308097270317, 0.00248850393109, 0.00130979181267, 0.000967876636423, 0.000600924657192, 0.000193930070964, 7.22813347238e-05, 2.24295745284e-05, 4.89037211082e-06, 6.32244280041e-07, 3.17408286321e-08, 3.71483122041e-10],
        "dvar2": [0.000199931964744, 0.263686060905, 71.7650146484, 224.810501099, 47.871837616, 8.25898647308, 1.46125018597, 0.614452183247, 0.207988411188, 0.223853573203, 0.172846272588, 0.142778977752, 0.121458314359, 0.0988224968314, 0.0824178159237, 0.0636868700385, 0.0600399076939, 0.0626574456692, 0.0548022910953, 0.0339572690427, 0.0238473173231, 0.0212607346475, 0.0260144919157, 0.0291014797986, 0.0259419288486, 0.0171834938228, 0.0182087793946, 0.00801119487733, 0.003124846844, 0.00252802111208, 0.00130310736131, 0.0011225505732, 0.000778975489084, 0.00019486589008, 7.34670320526e-05, 2.23689276027e-05, 4.86701219415e-06, 6.32924241017e-07, 3.164302953e-08, 3.69589359117e-10],
        "max": [0.392384856939, 11.0917024612, 151.20880127, 132.136993408, 83.0328216553, 32.9508781433, 18.4265384674, 15.4800844193, 12.5381183624, 13.0376358032, 11.21164608, 10.1572971344, 9.40891933441, 8.43580722809, 7.68667268753, 6.76272678375, 6.54840087891, 6.64234828949, 6.30390739441, 4.98059797287, 4.16865491867, 3.9327287674, 4.23873329163, 3.85357642174, 2.76372814178, 3.04497885704, 1.90671133995, 2.08768963814, 1.50021541119, 1.34307610989, 0.982966244221, 0.789471566677, 0.585378229618, 0.375859320164, 0.229903131723, 0.12882630527, 0.0597899779677, 0.0213794540614, 0.00488877249882, 0.00057365273824],
        "mean": [0.141099572182, 10.0835647583, 125.044395447, 76.5462875366, 51.8729286194, 13.4837779999, 5.25957155228, 3.1084022522, 0.928251266479, 0.294205605984, 0.0893026739359, 0.0471519269049, 0.083558306098, 0.0560211353004, 0.0528690628707, 0.159142956138, 0.0733386278152, 0.0623086467385, 0.0485355146229, 0.0541396066546, 0.0436554551125, 0.0536313354969, 0.135686397552, 0.190277397633, 0.166681841016, 0.136052563787, 0.277681231499, 0.0805227011442, 0.0181919988245, 0.0112980939448, 0.00936416164041, 0.02466423437, 0.0216281097382, 0.00316855381243, 0.00278131035157, 0.00156868004706, 0.000336123164743, 6.43789753667e-05, 9.06004424905e-05, 0.000182386866072],
        "median": [0.140215411782, 10.1095590591, 124.574661255, 73.8082122803, 51.2309265137, 12.8432474136, 4.84428453445, 3.02292609215, 0.861156582832, 0.259867846966, 0.0678231194615, 0.029667172581, 0.0646050199866, 0.0398781634867, 0.0385139659047, 0.135149210691, 0.0585690923035, 0.0452558137476, 0.0345484428108, 0.0427692234516, 0.0344707705081, 0.0459412448108, 0.116669647396, 0.167664647102, 0.137028604746, 0.122808560729, 0.261050224304, 0.0664591491222, 0.0140415616333, 0.00794771779329, 0.00727125816047, 0.0180553048849, 0.0161557998508, 0.00224241311662, 0.00206676055677, 0.00107097136788, 0.000193851461518, 2.75623333437e-05, 8.3296908997e-05, 0.000180321323569],
        "min": [0.00609263498336, 0.0651295185089, 0.25850585103, 0.318284839392, 0.114461563528, 0.201436296105, 0.378491848707, 0.568413853645, 0.317607671022, 0.0900367796421, 0.019147047773, 0.0088738175109, 0.0135641330853, 0.0109375817701, 0.00670258747414, 0.0269735250622, 0.017685720697, 0.00922635570168, 0.0094290850684, 0.0119184842333, 0.00973638892174, 0.0114534804597, 0.0302363969386, 0.0360604301095, 0.0340087935328, 0.0333728343248, 0.0449433661997, 0.0154531523585, 0.00414412748069, 0.00268107419834, 0.00144138222095, 0.0015739412047, 0.00121581018902, 0.000395830429625, 0.000448047067039, 0.000192050181795, 5.10705394845e-05, 1.34326273837e-05, 6.14900345681e-05, 2.10392572626e-05],
        "var": [0.000148656428792, 0.301228404045, 211.474945068, 1018.35925293, 232.096694946, 39.7505455017, 5.98060560226, 1.97761976719, 0.321078330278, 0.237855762243, 0.173059880733, 0.142619043589, 0.122166216373, 0.0982361659408, 0.0815622210503, 0.0672111585736, 0.059207636863, 0.0614388734102, 0.0548835583031, 0.0343575142324, 0.0240369923413, 0.0213079154491, 0.0271321367472, 0.0279624164104, 0.0187320467085, 0.0153266452253, 0.018365252763, 0.00729266554117, 0.00313572655432, 0.0024981375318, 0.00133506883867, 0.00113236345351, 0.000753083440941, 0.000195753746084, 7.4158058851e-05, 2.34833278228e-05, 4.94929736305e-06, 6.33441572973e-07, 3.2226683544e-08, 1.17690746038e-09]
    },
    "gfcc": {
        "mean": [-150.692184448, 155.408432007, -1.96951186657, 85.338760376, -11.1878252029, -6.18174982071, -21.9428386688, -16.4617290497, -36.1085166931, -14.3186368942, -0.134392604232, -22.1977615356, -5.7937746048],
        "cov": [[257.225494385, -89.6008377075, -3.90282535553, 22.8469581604, -35.1860733032, 5.5172495842, -68.1451568604, 8.56436157227, -25.709646225, 5.51401853561, -4.41665315628, -0.767145454884, -5.4438290596], [-89.6008377075, 98.6627349854, -2.03690457344, -27.6665630341, 21.3495407104, -25.503528595, 29.7727680206, -29.238286972, 12.2633323669, -10.697142601, 2.32103347778, 6.1581196785, 5.28909492493], [-3.90282535553, -2.03690457344, 49.9837188721, 9.11543178558, -14.0703420639, -2.53464961052, -20.6242656708, 7.58389902115, -9.24645042419, -5.36603975296, 3.34724187851, -8.39010620117, 5.8167963028], [22.8469581604, -27.6665630341, 9.11543178558, 45.1386108398, -1.47865867615, -2.24080753326, -15.3016929626, 1.93326330185, -7.73289108276, 1.06445860863, 5.16733455658, -10.6077814102, 0.424676805735], [-35.1860733032, 21.3495407104, -14.0703420639, -1.47865867615, 23.6410236359, -2.81628036499, 11.9362659454, -11.1846952438, 3.42711520195, 1.72970449924, -0.0571857020259, 3.83189082146, -3.06485724449], [5.5172495842, -25.503528595, -2.53464961052, -2.24080753326, -2.81628036499, 20.5589466095, 1.18679642677, 8.88248157501, -1.75636935234, 1.96846520901, 0.150689721107, -0.252420842648, -2.44697141647], [-68.1451568604, 29.7727680206, -20.6242656708, -15.3016929626, 11.9362659454, 1.18679642677, 40.0455589294, -4.65107536316, 8.90339565277, -0.488241583109, -1.78671836853, 6.24671220779, -1.2285143137], [8.56436157227, -29.238286972, 7.58389902115, 1.93326330185, -11.1846952438, 8.88248157501, -4.65107536316, 22.760684967, -2.09422826767, 0.210136920214, -2.22857093811, -4.29124355316, 0.990089356899], [-25.709646225, 12.2633323669, -9.24645042419, -7.73289108276, 3.42711520195, -1.75636935234, 8.90339565277, -2.09422826767, 14.0752687454, -0.158207952976, -3.26072049141, 0.0641782134771, -0.733650743961], [5.51401853561, -10.697142601, -5.36603975296, 1.06445860863, 1.72970449924, 1.96846520901, -0.488241583109, 0.210136920214, -0.158207952976, 9.54404735565, -2.62410998344, -1.48106861115, -2.29554057121], [-4.41665315628, 2.32103347778, 3.34724187851, 5.16733455658, -0.0571857020259, 0.150689721107, -1.78671836853, -2.22857093811, -3.26072049141, -2.62410998344, 8.42215251923, -2.24054527283, -0.53716814518], [-0.767145454884, 6.1581196785, -8.39010620117, -10.6077814102, 3.83189082146, -0.252420842648, 6.24671220779, -4.29124355316, 0.0641782134771, -1.48106861115, -2.24054527283, 11.8149166107, -2.28113412857], [-5.4438290596, 5.28909492493, 5.8167963028, 0.424676805735, -3.06485724449, -2.44697141647, -1.2285143137, 0.990089356899, -0.733650743961, -2.29554057121, -0.53716814518, -2.28113412857, 7.71403408051]],
        "icov": [[0.0299667939544, 0.00955739617348, 0.037967633456, 0.00662614172325, 0.0399583131075, 0.00572830811143, 0.044801812619, 0.0270363464952, 0.0554177351296, 0.033594507724, 0.0508772209287, 0.0230184178799, 0.0325753688812], [0.00955739617348, 0.160042211413, -0.036780923605, 0.0954736992717, -0.0634822100401, 0.127212360501, -0.0688987746835, 0.128344908357, -0.000972783076577, 0.128253921866, -0.00378260901198, 0.093220166862, -0.0274472068995], [0.037967633456, -0.036780923605, 0.0996981859207, -0.0159473307431, 0.0818405300379, -0.0262382496148, 0.0927367061377, -0.00509587768465, 0.095709040761, 0.0281567461789, 0.07555732131, 0.0267320238054, 0.047976564616], [0.00662614172325, 0.0954736992717, -0.0159473307431, 0.0927452147007, -0.0430689677596, 0.0819513648748, -0.0313275754452, 0.0761920288205, 0.020535280928, 0.0833162069321, -0.00395703408867, 0.0909162461758, -0.00639420561492], [0.0399583131075, -0.0634822100401, 0.0818405300379, -0.0430689677596, 0.160734131932, -0.0528098605573, 0.0846075862646, 0.00695430114865, 0.083284445107, -0.0166454706341, 0.0828959345818, -0.0122499894351, 0.0771925672889], [0.00572830811143, 0.127212360501, -0.0262382496148, 0.0819513648748, -0.0528098605573, 0.168425664306, -0.0609403513372, 0.0709673836827, 0.00620170729235, 0.0902245789766, -0.0196109842509, 0.0740760862827, -0.0062975496985], [0.044801812619, -0.0688987746835, 0.0927367061377, -0.0313275754452, 0.0846075862646, -0.0609403513372, 0.152247712016, -0.0283000618219, 0.0778430551291, -0.00818332284689, 0.0776551291347, -0.0185492206365, 0.057706926018], [0.0270363464952, 0.128344908357, -0.00509587768465, 0.0761920288205, 0.00695430114865, 0.0709673836827, -0.0283000618219, 0.19579346478, 0.0486159697175, 0.136967644095, 0.0722561627626, 0.117838285863, 0.0116264950484], [0.0554177351296, -0.000972783076577, 0.095709040761, 0.020535280928, 0.083284445107, 0.00620170729235, 0.0778430551291, 0.0486159697175, 0.227801308036, 0.0904870852828, 0.157316803932, 0.0986847952008, 0.0964189022779], [0.033594507724, 0.128253921866, 0.0281567461789, 0.0833162069321, -0.0166454706341, 0.0902245789766, -0.00818332284689, 0.136967644095, 0.0904870852828, 0.295174062252, 0.128017380834, 0.165317133069, 0.0673209130764], [0.0508772209287, -0.00378260901198, 0.07555732131, -0.00395703408867, 0.0828959345818, -0.0196109842509, 0.0776551291347, 0.0722561627626, 0.157316803932, 0.128017380834, 0.291847109795, 0.106262393296, 0.116352081299], [0.0230184178799, 0.093220166862, 0.0267320238054, 0.0909162461758, -0.0122499894351, 0.0740760862827, -0.0185492206365, 0.117838285863, 0.0986847952008, 0.165317133069, 0.106262393296, 0.249696433544, 0.0675362125039], [0.0325753688812, -0.0274472068995, 0.047976564616, -0.00639420561492, 0.0771925672889, -0.0062975496985, 0.057706926018, 0.0116264950484, 0.0964189022779, 0.0673209130764, 0.116352081299, 0.0675362125039, 0.229263111949]]
    },
    "melbands": {
        "dmean": [0.000218320798012, 0.00443862332031, 0.00453027011827, 0.000560874294024, 8.09911507531e-05, 2.41088273469e-05, 4.04580259783e-06, 8.43617840474e-07, 2.87593707071e-07, 1.56528486173e-07, 1.8257273382e-07, 1.17512726661e-07, 9.21867950865e-08, 1.151783664e-07, 1.0916326687e-07, 6.0103779731e-08, 6.59100578559e-08, 4.36911236079e-08, 4.06332461012e-08, 3.22032356337e-08, 2.51171421439e-08, 2.22226947955e-08, 3.61859022746e-08, 7.30083158373e-08, 7.62279128708e-08, 7.85142546533e-08, 4.3232493141e-08, 3.62403582699e-08, 7.49671045241e-08, 4.72041072896e-08, 1.32021824584e-08, 5.12590458968e-09, 4.22379997644e-09, 3.33383431972e-09, 2.35113173375e-09, 2.95046942433e-09, 1.38810882788e-08, 1.37891538188e-08, 2.73904565695e-09, 9.64322732777e-10],
        "dmean2": [0.000287521834252, 0.00440827338025, 0.00448933290318, 0.000561131804716, 8.0421945313e-05, 2.41540419665e-05, 4.21379763793e-06, 1.06451955162e-06, 3.92580261632e-07, 2.04773868973e-07, 2.34702412172e-07, 1.61850962854e-07, 1.31116607349e-07, 1.69206700207e-07, 1.67943667861e-07, 8.91826488214e-08, 9.93073285827e-08, 6.31107894833e-08, 5.9648066042e-08, 4.48451054069e-08, 3.60485685746e-08, 3.24103872629e-08, 5.76064600466e-08, 1.05679724527e-07, 1.20407108284e-07, 1.25569130205e-07, 6.54689529256e-08, 5.57352812791e-08, 1.16262363292e-07, 7.05797305045e-08, 2.04807566462e-08, 7.61442997543e-09, 6.401162711e-09, 4.96320362586e-09, 3.12617354226e-09, 3.93414412159e-09, 2.05984527213e-08, 2.0957461544e-08, 3.96455979157e-09, 1.21450782764e-09],
        "dvar": [4.39425278387e-08, 8.86666202859e-06, 5.63868343306e-06, 9.44611286968e-08, 2.46960296657e-09, 2.55910542757e-10, 4.56582237296e-11, 2.54683184264e-11, 1.07068034993e-11, 5.32736615239e-12, 2.93027516314e-12, 1.63249470365e-12, 9.57571587128e-13, 5.57912873886e-13, 3.13267532574e-13, 2.75381171859e-13, 2.00626218113e-13, 1.46987755084e-13, 8.43663789003e-14, 4.46755872856e-14, 2.96549690728e-14, 2.30037038409e-14, 1.68986308643e-14, 2.62749332247e-14, 1.52324730113e-14, 9.21385329958e-15, 8.11768848078e-15, 6.75384896867e-15, 5.38631681642e-15, 3.18036498321e-15, 2.13181506275e-15, 9.92026670737e-16, 8.4713797934e-16, 7.11372838636e-16, 4.42084229924e-16, 3.81316418692e-16, 3.93774049885e-16, 3.86932061844e-16, 1.56358060133e-16, 1.32677705611e-16],
        "dvar2": [6.35618064848e-08, 1.00298766483e-05, 5.72306134927e-06, 9.59980468451e-08, 2.51167864285e-09, 2.91492968651e-10, 4.70038695466e-11, 2.52772542481e-11, 1.07759521792e-11, 5.34411273914e-12, 2.95826232434e-12, 1.64527050837e-12, 9.70040020531e-13, 5.61948708053e-13, 3.20650461478e-13, 2.79333522459e-13, 2.08126376376e-13, 1.47871705115e-13, 8.45386992831e-14, 4.50335366328e-14, 2.98801104302e-14, 2.32827605394e-14, 1.7828097058e-14, 2.95155406734e-14, 2.04381884274e-14, 1.83197759669e-14, 1.04930017989e-14, 8.51812584769e-15, 1.00165144259e-14, 5.79154627224e-15, 2.33774761871e-15, 1.00603468986e-15, 8.7130202938e-16, 7.24171877046e-16, 4.40116757676e-16, 3.8111493073e-16, 5.4082953097e-16, 5.68749378038e-16, 1.61815003722e-16, 1.33495092405e-16],
        "max": [0.00561570050195, 0.0560834407806, 0.0224987454712, 0.00390729866922, 0.000641006103251, 0.000359742291039, 0.000190503866179, 0.000137442533742, 8.83403045009e-05, 6.21247454546e-05, 4.64143522549e-05, 3.4417702409e-05, 2.63333695329e-05, 2.02424416784e-05, 1.52250740939e-05, 1.41442578752e-05, 1.20413869809e-05, 1.03443080661e-05, 7.85808060755e-06, 5.71059217691e-06, 4.65675793748e-06, 4.09595395467e-06, 3.52451593244e-06, 4.32971228292e-06, 3.03427191284e-06, 1.61547086464e-06, 2.25594703807e-06, 2.06822437576e-06, 1.310593575e-06, 1.07334938093e-06, 1.21775462958e-06, 8.52493258208e-07, 7.81218943757e-07, 7.17520094895e-07, 5.70807173972e-07, 5.29029080099e-07, 4.50860227375e-07, 4.29866759077e-07, 3.34051350137e-07, 3.10148578819e-07],
        "mean": [0.00344347651117, 0.0461770147085, 0.0142192551866, 0.00211854791269, 0.000249181757681, 6.97206851328e-05, 1.20440299725e-05, 2.35330367104e-06, 5.58288149932e-07, 2.68364829026e-07, 4.27210778753e-07, 2.39942551161e-07, 1.55027436222e-07, 3.21440694506e-07, 3.24071294244e-07, 1.17160716684e-07, 1.17196748306e-07, 7.90013459095e-08, 7.76417792281e-08, 6.1575285315e-08, 4.98945915695e-08, 4.74441286258e-08, 9.36450348377e-08, 1.44779860989e-07, 1.54426501808e-07, 1.47001927076e-07, 8.80508537193e-08, 8.31343882624e-08, 2.00470722689e-07, 1.02792377277e-07, 2.68627022848e-08, 9.54059853342e-09, 7.1598451612e-09, 5.58042678733e-09, 4.68397143294e-09, 5.84865844644e-09, 2.07879011782e-08, 1.993401888e-08, 4.56225901502e-09, 1.70972769276e-09],
        "median": [0.00346627552062, 0.0459732115269, 0.0137229049578, 0.00208370946348, 0.000234985345742, 6.69970104354e-05, 1.13865708045e-05, 2.0266379579e-06, 3.86341127978e-07, 1.64427206073e-07, 3.29965757828e-07, 1.73973617734e-07, 1.03823204256e-07, 2.6244939022e-07, 2.90251648494e-07, 8.64177565063e-08, 8.54704325093e-08, 5.54163257505e-08, 5.99531873036e-08, 4.71230485743e-08, 3.85296416994e-08, 3.81897073964e-08, 8.39773193206e-08, 1.1981879311e-07, 1.31611741949e-07, 1.18342086353e-07, 7.3458437555e-08, 7.22602848668e-08, 1.89474064882e-07, 8.69935092851e-08, 2.11501571812e-08, 6.98642121932e-09, 4.89292206751e-09, 3.75533693031e-09, 3.41652950375e-09, 4.41684866459e-09, 1.47904417602e-08, 1.46105962884e-08, 3.17004644756e-09, 1.0860630173e-09],
        "min": [6.53979586787e-05, 0.000122350553283, 4.91342216264e-05, 9.65684102994e-06, 1.28024748847e-05, 1.28299907374e-05, 4.11668452216e-06, 5.99257873546e-07, 8.70290932653e-08, 2.74780393994e-08, 6.12325123939e-08, 3.89178040905e-08, 1.28726043158e-08, 3.051567532e-08, 6.04647993896e-08, 2.19131450763e-08, 1.13730775908e-08, 1.53887871335e-08, 1.32652973051e-08, 1.21232988093e-08, 1.11158895422e-08, 9.10775188601e-09, 1.30919044494e-08, 3.20575921364e-08, 2.4333306925e-08, 2.69451092549e-08, 1.872137112e-08, 1.60013051698e-08, 3.06897014468e-08, 1.64806426284e-08, 3.37579408871e-09, 1.64718116924e-09, 1.57194979256e-09, 1.0453989896e-09, 7.01707247863e-10, 8.06706035306e-10, 6.77169653684e-10, 8.35981173175e-10, 4.13081735484e-10, 2.03241964924e-10],
        "var": [7.31260101361e-08, 2.90741245408e-05, 2.69278880296e-05, 4.54677689277e-07, 1.23515047079e-08, 9.47861122924e-10, 6.59306637063e-11, 2.62064935724e-11, 1.07754595177e-11, 5.33876285194e-12, 2.97439308426e-12, 1.63543939675e-12, 9.58841838393e-13, 5.75972158422e-13, 3.2636840821e-13, 2.76985167658e-13, 2.02825074986e-13, 1.47923028535e-13, 8.5477503168e-14, 4.53672472853e-14, 3.00850686865e-14, 2.32269783376e-14, 1.79265815788e-14, 3.03779625153e-14, 1.85332401281e-14, 1.15627078496e-14, 8.9388344071e-15, 7.25357596117e-15, 9.59016378002e-15, 4.50520731019e-15, 2.17322078607e-15, 1.01624958957e-15, 8.51332168857e-16, 7.13569300948e-16, 4.50459532888e-16, 3.88795878435e-16, 5.19774356544e-16, 5.21125797612e-16, 1.60574153393e-16, 1.33073772923e-16]
    },
    "mfcc": {
        "mean": [-830.069885254, 181.283676147, 76.7258682251, 99.1955490112, 40.6332206726, 24.5585346222, 31.965927124, -3.02154326439, -10.9858436584, -3.46255302429, -13.8471736908, 7.74557590485, -14.1702528],
        "cov": [[266.062957764, -98.5612411499, -3.97078847885, -3.73880887032, 16.5002784729, -13.8672323227, -19.5548686981, -18.6912765503, -22.4486503601, 3.34276676178, -20.2073631287, 0.28623226285, -13.0654211044], [-98.5612411499, 107.30846405, -18.6576595306, -6.87973976135, -18.1629619598, 11.7749147415, -4.68719387054, 6.72891712189, 3.76039338112, -14.3034515381, 8.05033588409, -15.4161081314, 18.1582012177], [-3.97078847885, -18.6576595306, 57.2653808594, 4.48065948486, 11.3469600677, -20.5751609802, 3.311886549, -6.59065485001, -4.63936281204, 8.16098022461, -18.5558109283, 10.5519628525, -18.6539421082], [-3.73880887032, -6.87973976135, 4.48065948486, 38.2999687195, 8.73566627502, 0.659901201725, 0.677577018738, -8.44177818298, -5.68505191803, -3.05940485001, -1.37384605408, 0.31574562192, -4.55846309662], [16.5002784729, -18.1629619598, 11.3469600677, 8.73566627502, 24.8495464325, -4.04782056808, -2.08514165878, -8.58686828613, -7.67162418365, 1.99369001389, -7.84293699265, 7.31857919693, -10.310136795], [-13.8672323227, 11.7749147415, -20.5751609802, 0.659901201725, -4.04782056808, 23.8478546143, 0.261836618185, 1.32252466679, -1.39624679089, -5.75314855576, 9.15303421021, -6.43819236755, 11.0902709961], [-19.5548686981, -4.68719387054, 3.311886549, 0.677577018738, -2.08514165878, 0.261836618185, 19.393032074, 2.12998867035, 0.164750918746, 0.906053423882, -0.687957584858, 4.21035718918, -1.88089966774], [-18.6912765503, 6.72891712189, -6.59065485001, -8.44177818298, -8.58686828613, 1.32252466679, 2.12998867035, 17.5052204132, 5.02505922318, -3.79666876793, 4.37962627411, -1.3627705574, 6.60638618469], [-22.4486503601, 3.76039338112, -4.63936281204, -5.68505191803, -7.67162418365, -1.39624679089, 0.164750918746, 5.02505922318, 16.4560661316, 3.03786087036, 3.90949392319, -0.0664570629597, 1.8877530098], [3.34276676178, -14.3034515381, 8.16098022461, -3.05940485001, 1.99369001389, -5.75314855576, 0.906053423882, -3.79666876793, 3.03786087036, 16.347278595, -2.84970021248, 0.518717229366, -5.08788967133], [-20.2073631287, 8.05033588409, -18.5558109283, -1.37384605408, -7.84293699265, 9.15303421021, -0.687957584858, 4.37962627411, 3.90949392319, -2.84970021248, 22.9405460358, -6.60390615463, 4.74615812302], [0.28623226285, -15.4161081314, 10.5519628525, 0.31574562192, 7.31857919693, -6.43819236755, 4.21035718918, -1.3627705574, -0.0664570629597, 0.518717229366, -6.60390615463, 22.5771503448, -8.77522945404], [-13.0654211044, 18.1582012177, -18.6539421082, -4.55846309662, -10.310136795, 11.0902709961, -1.88089966774, 6.60638618469, 1.8877530098, -5.08788967133, 4.74615812302, -8.77522945404, 22.2240581512]],
