{
"lowlevel": {
    "average_loudness": 0.980397820473,
    "barkbands_crest": {
        "dmean": 1.63409340382,
        "dmean2": 2.44376182556,
        "dvar": 8.54235172272,
        "dvar2": 14.445101738,
        "max": 26.9061222076,
        "mean": 20.2075634003,
        "median": 23.5284442902,
        "min": 4.75509786606,
        "var": 29.8716011047
    },
    "barkbands_flatness_db": {
        "dmean": 0.0270912945271,
        "dmean2": 0.0338492803276,
        "dvar": 0.00208642077632,
        "dvar2": 0.00237283483148,
        "max": 0.551683664322,
        "mean": 0.328026741743,
        "median": 0.343511939049,
        "min": 0.0701877549291,
        "var": 0.00938572175801
    },
    "barkbands_kurtosis": {
        "dmean": 52.137386322,
        "dmean2": 87.6637420654,
        "dvar": 30943.7363281,
        "dvar2": 85581.65625,
        "max": 1335.45324707,
        "mean": 113.364234924,
        "median": 60.3220672607,
        "min": 3.18962669373,
        "var": 24613.8378906
    },
    "barkbands_skewness": {
        "dmean": 1.22420752048,
        "dmean2": 1.9357688427,
        "dvar": 2.07829642296,
        "dvar2": 4.18847465515,
        "max": 12.0528202057,
        "mean": 3.44161677361,
        "median": 2.54430890083,
        "min": -5.48149394989,
        "var": 16.817615509
    },
    "barkbands_spread": {
        "dmean": 0.955331861973,
        "dmean2": 0.961634099483,
        "dvar": 5.16085100174,
        "dvar2": 4.76569843292,
        "max": 29.0542984009,
        "mean": 2.65390896797,
        "median": 1.24415886402,
        "min": 0.0373248308897,
        "var": 28.0661506653
    },
    "dissonance": {
        "dmean": 0.0752213671803,
        "dmean2": 0.128821849823,
        "dvar": 0.00562935462222,
        "dvar2": 0.0137285301462,
        "max": 0.498752325773,
        "mean": 0.32665887475,
        "median": 0.310098916292,
        "min": 0.0953082442284,
        "var": 0.0112561862916
    },
    "dynamic_complexity": 3.42100977898,
    "erbbands_crest": {
        "dmean": 1.86491513252,
        "dmean2": 2.6965007782,
        "dvar": 10.4602155685,
        "dvar2": 20.2618865967,
        "max": 34.3189468384,
        "mean": 23.6354503632,
        "median": 25.215511322,
        "min": 6.82666873932,
        "var": 32.3045730591
    },
    "erbbands_flatness_db": {
        "dmean": 0.0259222034365,
        "dmean2": 0.0313961207867,
        "dvar": 0.00204023509286,
        "dvar2": 0.00238611618988,
        "max": 0.588479936123,
        "mean": 0.363493025303,
        "median": 0.380623519421,
        "min": 0.10261914134,
        "var": 0.00840786937624
    },
    "erbbands_kurtosis": {
        "dmean": 14.1671686172,
        "dmean2": 19.7668380737,
        "dvar": 338.709777832,
        "dvar2": 466.826690674,
        "max": 193.666549683,
        "mean": 67.0938949585,
        "median": 50.0314369202,
        "min": 1.0810585022,
        "var": 2894.54980469
    },
    "erbbands_skewness": {
        "dmean": 0.904793739319,
        "dmean2": 1.35905468464,
        "dvar": 1.37969923019,
        "dvar2": 2.42080712318,
        "max": 9.24279594421,
        "mean": 2.6705198288,
        "median": 1.64193975925,
        "min": -2.26848983765,
        "var": 14.4462022781
    },
    "erbbands_spread": {
        "dmean": 1.17228257656,
        "dmean2": 1.40318024158,
        "dvar": 6.52615499496,
        "dvar2": 7.13817071915,
        "max": 29.6838569641,
        "mean": 3.02262830734,
        "median": 1.21616458893,
        "min": 0.1821552068,
        "var": 28.8020076752
    },
    "hfc": {
        "dmean": 4.34483242035,
        "dmean2": 5.94988250732,
        "dvar": 221.341339111,
        "dvar2": 413.245422363,
        "max": 132.005401611,
        "mean": 14.3327102661,
        "median": 12.4591188431,
        "min": 0.306487321854,
        "var": 420.488494873
    },
    "melbands_crest": {
        "dmean": 1.40629708767,
        "dmean2": 1.90767991543,
        "dvar": 6.10078334808,
        "dvar2": 9.46360683441,
        "max": 31.0905475616,
        "mean": 18.6735057831,
        "median": 18.8698215485,
        "min": 5.21683454514,
        "var": 20.2808895111
    },
    "melbands_flatness_db": {
        "dmean": 0.0278941318393,
        "dmean2": 0.0339198261499,
        "dvar": 0.00216685375199,
        "dvar2": 0.00248036743142,
        "max": 0.626093626022,
        "mean": 0.413189888,
        "median": 0.420988947153,
        "min": 0.145774200559,
        "var": 0.00999326724559
    },
    "melbands_kurtosis": {
        "dmean": 7.38385152817,
        "dmean2": 11.8826875687,
        "dvar": 183.820327759,
        "dvar2": 424.061706543,
        "max": 121.913642883,
        "mean": 31.7960624695,
        "median": 10.3316249847,
        "min": 0.101504802704,
        "var": 1553.48425293
    },
    "melbands_skewness": {
        "dmean": 0.668167769909,
        "dmean2": 0.982438325882,
        "dvar": 0.610952973366,
        "dvar2": 0.935356736183,
        "max": 7.80852890015,
        "mean": -0.468082755804,
        "median": -1.85726356506,
        "min": -3.5079498291,
        "var": 6.31672286987
    },
    "melbands_spread": {
        "dmean": 0.92072814703,
        "dmean2": 1.30817723274,
        "dvar": 2.87898278236,
        "dvar2": 3.64192390442,
        "max": 19.1728725433,
        "mean": 3.39485216141,
        "median": 2.78702425957,
        "min": 0.249631822109,
        "var": 14.5526227951
    },
    "pitch_salience": {
        "dmean": 0.0595685169101,
        "dmean2": 0.0734053626657,
        "dvar": 0.0112325325608,
        "dvar2": 0.0124932872131,
        "max": 0.808188915253,
        "mean": 0.252907395363,
        "median": 0.218700185418,
        "min": 0.0303382351995,
        "var": 0.0365449786186
    },
    "silence_rate_20dB": {
        "dmean": 0,
        "dmean2": 0,
        "dvar": 0,
        "dvar2": 0,
        "max": 1,
        "mean": 1,
        "median": 1,
        "min": 1,
        "var": 0
    },
    "silence_rate_30dB": {
        "dmean": 0.0222222227603,
        "dmean2": 0.0449438206851,
        "dvar": 0.0217283982784,
        "dvar2": 0.0429238714278,
        "max": 1,
        "mean": 0.967032968998,
        "median": 1,
        "min": 0,
        "var": 0.0318801999092
    },
    "silence_rate_60dB": {
        "dmean": 0.0444444455206,
        "dmean2": 0.0898876413703,
        "dvar": 0.0424691289663,
        "dvar2": 0.0818078741431,
        "max": 1,
        "mean": 0.109890110791,
        "median": 0,
        "min": 0,
        "var": 0.0978142544627
    },
    "spectral_centroid": {
        "dmean": 26.7171554565,
        "dmean2": 44.649936676,
        "dvar": 3554.10498047,
        "dvar2": 9034.63671875,
        "max": 1160.75439453,
        "mean": 649.430114746,
        "median": 710.215209961,
        "min": 395.346740723,
        "var": 22099.8867188
    },
    "spectral_complexity": {
        "dmean": 0.899999976158,
        "dmean2": 1.58426964283,
        "dvar": 0.978888452053,
        "dvar2": 1.38896524906,
        "max": 8,
        "mean": 3.02197813988,
        "median": 3,
        "min": 0,
        "var": 3.40611052513
    },
    "spectral_decrease": {
        "dmean": 1.73096181832e-09,
        "dmean2": 2.38612707371e-09,
        "dvar": 3.21006461855e-17,
        "dvar2": 6.10178050656e-17,
        "max": -4.09035687265e-11,
        "mean": -5.98635674365e-09,
        "median": -4.65785765513e-09,
        "min": -5.01396897334e-08,
        "var": 6.24262421859e-17
    },
    "spectral_energy": {
        "dmean": 0.00692378729582,
        "dmean2": 0.0095449751243,
        "dvar": 0.000516652944498,
        "dvar2": 0.000981007702649,
        "max": 0.201211228967,
        "mean": 0.0238938461989,
        "median": 0.0184123571962,
        "min": 0.000182178686373,
        "var": 0.00100128585473
    },
    "spectral_energyband_high": {
        "dmean": 2.30074601859e-06,
        "dmean2": 3.53558652932e-06,
        "dvar": 5.25945814678e-11,
        "dvar2": 9.22998275033e-11,
        "max": 6.15039753029e-05,
        "mean": 9.97927509161e-06,
        "median": 9.04667649593e-06,
        "min": 1.0964423609e-06,
        "var": 5.39491333551e-11
    },
    "spectral_energyband_low": {
        "dmean": 1.9856443032e-05,
        "dmean2": 3.41582890542e-05,
        "dvar": 4.84454032446e-10,
        "dvar2": 1.26492394337e-09,
        "max": 0.000177381196409,
        "mean": 2.71578701359e-05,
        "median": 2.11953283724e-05,
        "min": 2.54495057561e-06,
        "var": 5.81850456705e-10
    },
    "spectral_energyband_middle_high": {
        "dmean": 3.64422085113e-05,
        "dmean2": 5.78363833483e-05,
        "dvar": 3.31706484502e-09,
        "dvar2": 7.20776993646e-09,
        "max": 0.000451379746664,
        "mean": 8.20673740236e-05,
        "median": 5.57307830604e-05,
        "min": 1.88788817468e-05,
        "var": 4.66856286963e-09
    },
    "spectral_energyband_middle_low": {
        "dmean": 0.00691132433712,
        "dmean2": 0.00953280832618,
        "dvar": 0.000515220162924,
        "dvar2": 0.000977239455096,
        "max": 0.200784429908,
        "mean": 0.0237831808627,
        "median": 0.0182203333825,
        "min": 0.000125508537167,
        "var": 0.00100009224843
    },
    "spectral_entropy": {
        "dmean": 0.271189808846,
        "dmean2": 0.324326038361,
        "dvar": 0.179633542895,
        "dvar2": 0.182431250811,
        "max": 7.79525947571,
        "mean": 5.56299543381,
        "median": 5.44939279556,
        "min": 3.60439157486,
        "var": 0.837669193745
    },
    "spectral_flux": {
        "dmean": 0.0216364338994,
        "dmean2": 0.0353904813528,
        "dvar": 0.00306386407465,
        "dvar2": 0.00857444386929,
        "max": 0.418023318052,
        "mean": 0.0366391912103,
        "median": 0.0127228535712,
        "min": 0.00761253479868,
        "var": 0.00339298322797
    },
    "spectral_kurtosis": {
        "dmean": 9.76459598541,
        "dmean2": 14.9861869812,
        "dvar": 401.249511719,
        "dvar2": 740.48059082,
        "max": 200.472335815,
        "mean": 33.9202613831,
        "median": 28.9111022949,
        "min": 7.3232088089,
        "var": 944.741699219
    },
    "spectral_rms": {
        "dmean": 0.000598273705691,
        "dmean2": 0.000808421056718,
        "dvar": 2.29829652199e-06,
        "dvar2": 3.92118408854e-06,
        "max": 0.0140108400956,
        "mean": 0.00416672183201,
        "median": 0.00423831027001,
        "min": 0.000421586650191,
        "var": 5.94950370214e-06
    },
    "spectral_rolloff": {
        "dmean": 27.75390625,
        "dmean2": 45.0019760132,
        "dvar": 10234.3554688,
        "dvar2": 26306.140625,
        "max": 1614.99023438,
        "mean": 697.581726074,
        "median": 753.662109375,
        "min": 409.130859375,
        "var": 32079.2167969
    },
    "spectral_skewness": {
        "dmean": 0.621447265148,
        "dmean2": 0.900544762611,
        "dvar": 0.811649560928,
        "dvar2": 1.09769415855,
        "max": 11.5782833099,
        "mean": 4.52257442474,
        "median": 4.42371273041,
        "min": 2.20745038986,
        "var": 2.83790493011
    },
    "spectral_spread": {
        "dmean": 567220.5625,
        "dmean2": 778185.1875,
        "dvar": 1.46514588467e+12,
        "dvar2": 1.02141434266e+12,
        "max": 15015972,
        "mean": 3031239.75,
        "median": 2772867,
        "min": 612726.8125,
        "var": 2.40128596378e+12
    },
    "spectral_strongpeak": {
        "dmean": 0.555935561657,
        "dmean2": 0.718595981598,
        "dvar": 1.15598225594,
        "dvar2": 1.69231081009,
        "max": 10.8724346161,
        "mean": 2.90153026581,
        "median": 3.11739826202,
        "min": 0.0238536261022,
        "var": 3.31757807732
    },
    "zerocrossingrate": {
        "dmean": 0.00387912336737,
        "dmean2": 0.00394465401769,
        "dvar": 8.23198424769e-05,
        "dvar2": 8.21992944111e-05,
        "max": 0.12841796875,
        "mean": 0.0369645021856,
        "median": 0.03369140625,
        "min": 0.0078125,
        "var": 0.000547610979993
    },
    "barkbands": {
        "dmean": [2.78860369463e-07, 3.33089724336e-06, 1.4590255887e-05, 1.35871396196e-05, 0.000119092743262, 0.000959967321251, 0.000657660944853, 0.000209925681702, 0.0055799796246, 8.08428885648e-05, 1.59234823514e-05, 3.81852623832e-06, 4.33283321399e-06, 2.54917449638e-06, 2.48902188105e-06, 1.86448062323e-06, 8.69340567533e-07, 7.90413707819e-07, 5.30136162524e-07, 5.40732742138e-07, 5.57754276542e-07, 3.97136517449e-07, 2.84999089217e-07, 2.52578530535e-07, 1.83686580613e-07, 1.31902979206e-07, 7.53068832182e-07],
        "dmean2": [4.91551418236e-07, 6.09210155744e-06, 2.56005750998e-05, 2.4629982363e-05, 0.000180335322511, 0.00127500598319, 0.000955847848672, 0.000369038432837, 0.00765982316807, 0.000114433321869, 2.64490790869e-05, 6.49599905955e-06, 7.57497764425e-06, 4.3428221943e-06, 4.20208834839e-06, 3.20573667523e-06, 1.40113866109e-06, 1.23657707718e-06, 8.18919829726e-07, 8.49998230024e-07, 8.86577140591e-07, 6.11874781953e-07, 4.28011475151e-07, 3.77279320674e-07, 2.64032649966e-07, 1.84828451211e-07, 1.25621340885e-06],
        "dvar": [9.72809140643e-14, 2.99070802845e-11, 2.27806815079e-10, 1.80609638356e-10, 2.87255108589e-08, 5.31369096279e-06, 2.8931185625e-06, 8.68586823799e-07, 0.00044355657883, 1.14978284671e-08, 4.99208674398e-10, 2.26705165057e-11, 9.28361484909e-11, 7.48364564762e-12, 1.35652773736e-11, 1.88968771186e-11, 3.14422034416e-12, 1.67069819351e-12, 1.25967042786e-12, 1.72917669766e-12, 2.20194717494e-12, 1.62069912612e-12, 1.029762213e-12, 8.13422463067e-13, 4.94026315082e-13, 3.17471905969e-13, 8.86309634626e-13],
        "dvar2": [2.37145318573e-13, 8.04183802883e-11, 5.83830817025e-10, 5.17152709545e-10, 6.63178312266e-08, 8.55442976899e-06, 6.34709658698e-06, 2.44731040766e-06, 0.000794453371782, 1.74295209376e-08, 1.31019584071e-09, 3.39919342673e-11, 1.91862081778e-10, 1.76264575852e-11, 3.16413006907e-11, 5.10122222241e-11, 3.59876082927e-12, 2.05795363389e-12, 1.33750638603e-12, 3.16945493288e-12, 4.1943146005e-12, 3.13726800615e-12, 1.89692532515e-12, 1.44969756685e-12, 7.56873513516e-13, 3.21477951681e-13, 1.59517169439e-12],
        "max": [1.84692567018e-06, 4.35880683654e-05, 0.000114113136078, 6.63759783492e-05, 0.00192277610768, 0.0253351647407, 0.0146277984604, 0.00686310231686, 0.184383139014, 0.00110386149026, 0.000214592917473, 4.84211814182e-05, 5.70816955587e-05, 1.9276059902e-05, 2.66948281933e-05, 3.18793354381e-05, 1.85958651855e-05, 1.35714844873e-05, 1.16312012324e-05, 9.6289531939e-06, 1.06931074697e-05, 8.73543831403e-06, 7.29437169866e-06, 6.87109013597e-06, 6.05074774285e-06, 5.80675668971e-06, 1.21299945022e-05],
        "mean": [3.16695718539e-07, 3.47691980096e-06, 1.76175162778e-05, 1.33534595079e-05, 0.000417011819081, 0.00493332697079, 0.00303457234986, 0.000148439910845, 0.0149184763432, 0.000333611591486, 3.23140993714e-05, 6.35481501376e-06, 6.38879782855e-06, 4.64091772301e-06, 4.4172716116e-06, 2.93313996735e-06, 1.64868015418e-06, 1.58278589879e-06, 1.17503429919e-06, 1.08362439732e-06, 9.17061470318e-07, 6.40328551071e-07, 4.82233815546e-07, 4.82807593016e-07, 4.552546784e-07, 4.47902351652e-07, 6.39133804725e-06],
        "median": [2.26525230573e-07, 2.64391815108e-06, 1.44175219248e-05, 9.05043361854e-06, 6.67586646159e-05, 7.42487609386e-05, 0.000177078734851, 2.43343893089e-05, 0.00648158648983, 0.000285769841867, 1.27940284074e-05, 5.15853480465e-06, 4.31215948993e-06, 3.78874028684e-06, 3.47068294104e-06, 2.31315016208e-06, 1.38463599342e-06, 1.33432490657e-06, 1.01247098883e-06, 8.65009894824e-07, 6.70753422582e-07, 4.17513149387e-07, 3.12175728823e-07, 3.42488874594e-07, 3.67499779941e-07, 4.06423907862e-07, 6.5884300966e-06],
        "min": [1.2779953984e-08, 2.52161186154e-07, 4.98060103382e-07, 5.35430046966e-07, 7.16738304618e-06, 4.65637731395e-06, 4.48616629001e-06, 2.07599077839e-06, 7.76675915404e-06, 4.69163751404e-06, 2.41631391873e-06, 1.43007810038e-06, 7.74276770699e-07, 4.11363373587e-07, 5.04930198986e-07, 3.67893676412e-07, 2.08618899933e-07, 3.61918381486e-07, 2.20754628799e-07, 1.74786038087e-07, 1.22446451201e-07, 7.91166101521e-08, 7.64768799399e-08, 7.18656636423e-08, 3.84740523884e-08, 2.27537295672e-08, 1.58438552944e-07],
        "var": [1.09184694977e-13, 2.30334917806e-11, 2.88927909375e-10, 1.64292635052e-10, 3.29794772824e-07, 7.91649654275e-05, 2.70224172709e-05, 5.32883120741e-07, 0.000940947735216, 8.86615509899e-08, 1.89693438735e-09, 2.8929091761e-11, 8.92280901943e-11, 8.7534640994e-12, 1.33751265272e-11, 1.3023611703e-11, 3.64116289203e-12, 2.04515961458e-12, 1.49425025305e-12, 1.76416357651e-12, 1.95970930456e-12, 1.40276484005e-12, 8.81307288432e-13, 7.31076278074e-13, 4.60377558558e-13, 3.37415723617e-13, 4.19381760222e-12]
    },
    "erbbands": {
        "dmean": [7.73723731982e-05, 0.00105080427602, 0.0131331784651, 0.0289097167552, 0.099508240819, 0.564127326012, 0.715959787369, 9.26410293579, 15.6070652008, 3.79499435425, 27.7519607544, 140.420227051, 39.9953041077, 1.60793352127, 0.501004397869, 0.177974447608, 0.209349989891, 0.124657280743, 0.128185167909, 0.126225888729, 0.0856888964772, 0.0457035265863, 0.0419292487204, 0.0276136714965, 0.025301720947, 0.0269776191562, 0.0249357484281, 0.0190358180553, 0.0155857307836, 0.00954448059201, 0.00843304954469, 0.00590595463291, 0.00372187094763, 0.0018064143369, 0.00163674191572, 0.000591445364989, 0.000322790932842, 0.000782117480412, 6.56377233099e-05, 1.37285860546e-05],
        "dmean2": [0.000135605441756, 0.00193977390882, 0.0235228035599, 0.0505505464971, 0.175098240376, 0.850688278675, 1.08530926704, 12.2556600571, 22.1099910736, 5.6762304306, 37.2924461365, 185.991149902, 50.3405723572, 2.1714887619, 0.77537560463, 0.299106746912, 0.366173058748, 0.195358797908, 0.204252436757, 0.217826843262, 0.145310223103, 0.0700965821743, 0.0650557801127, 0.0410820059478, 0.0417587272823, 0.0415091328323, 0.0397169478238, 0.0300464760512, 0.0239052884281, 0.0142133478075, 0.0127717908472, 0.00882033444941, 0.00562020624056, 0.00247688428499, 0.00244619348086, 0.000808716053143, 0.000461357209133, 0.00122440163977, 0.000106674546259, 2.07866378332e-05],
        "dvar": [1.88646325228e-08, 2.2845190415e-06, 0.000180654998985, 0.000774096872192, 0.010275949724, 0.728999495506, 1.61055886745, 464.834075928, 1711.38598633, 91.9010391235, 11092.5449219, 355288.03125, 7275.34082031, 11.3557748795, 0.518703222275, 0.0412302426994, 0.260979741812, 0.0190811324865, 0.025177737698, 0.0477157905698, 0.0407307744026, 0.0106851328164, 0.00587904639542, 0.00382788944989, 0.00258932402357, 0.00481489440426, 0.00415616156533, 0.00311447912827, 0.00246633333154, 0.00107381178532, 0.000857622653712, 0.000455820467323, 0.000169181235833, 4.81857496197e-05, 3.15908146149e-05, 5.29489170731e-06, 1.09595566755e-06, 8.57609848026e-07, 1.01787485107e-08, 5.44310707618e-10],
        "dvar2": [4.79196415881e-08, 6.3610482357e-06, 0.00049375439994, 0.0021284155082, 0.0246956832707, 1.39838552475, 3.37217450142, 838.469970703, 3330.87280273, 214.087142944, 24443.3007812, 577156.125, 14703.8583984, 25.3902111053, 1.29615032673, 0.070681206882, 0.54654943943, 0.0445743091404, 0.0571985505521, 0.120448864996, 0.104793570936, 0.0122491121292, 0.00764935603365, 0.00390668166801, 0.00296872644685, 0.00967445969582, 0.00771288434044, 0.00605463096872, 0.00486997561529, 0.00184129970148, 0.00166245840956, 0.000841460190713, 0.000272873818176, 5.50412260054e-05, 5.5560733017e-05, 5.41846929991e-06, 1.08491212814e-06, 1.89016805052e-06, 1.27645192194e-08, 1.0352946278e-09],
        "max": [0.00112125976011, 0.0121341291815, 0.10662073642, 0.143039405346, 0.849435210228, 11.5241107941, 8.16039848328, 223.434417725, 409.711395264, 70.452545166, 760.303100586, 5533.27783203, 682.016479492, 29.5618305206, 7.33668994904, 1.95771181583, 3.11995601654, 0.994126737118, 1.25246155262, 1.32730400562, 1.48633694649, 1.07217335701, 0.771213233471, 0.660232305527, 0.515895426273, 0.509976089001, 0.472910255194, 0.385586440563, 0.329989761114, 0.250121772289, 0.20168364048, 0.157302185893, 0.106277562678, 0.0678981766105, 0.0436916127801, 0.023142375052, 0.0114597873762, 0.0137958358973, 0.00138245080598, 0.000244954659138],
        "mean": [8.93772739801e-05, 0.00112110690679, 0.0149626387283, 0.0385265126824, 0.206888824701, 2.31704354286, 1.97741091251, 44.4599647522, 80.2563705444, 7.48045873642, 35.7095184326, 304.825256348, 179.915786743, 6.88773107529, 1.28436696529, 0.325924366713, 0.316179454327, 0.245523497462, 0.258903086185, 0.193194583058, 0.146349042654, 0.0962314605713, 0.0855361744761, 0.0722938925028, 0.0545461513102, 0.0523033924401, 0.0414895787835, 0.0329816378653, 0.0243481099606, 0.0161416940391, 0.0140059161931, 0.0106653189287, 0.00742788938805, 0.00477309245616, 0.00342308427207, 0.00150454835966, 0.0015405532904, 0.00660504307598, 0.000492337567266, 7.84160729381e-05],
        "median": [6.54702889733e-05, 0.000958757300396, 0.0118347797543, 0.0294158253819, 0.112694844604, 0.240779221058, 1.58299982548, 0.720912218094, 0.974752545357, 3.99216985703, 2.02831220627, 75.3745498657, 117.836105347, 5.23730993271, 0.636109173298, 0.265671879053, 0.205299675465, 0.214764982462, 0.222586616874, 0.149938419461, 0.118223831058, 0.0817213132977, 0.070813447237, 0.0631717145443, 0.0460914745927, 0.0404676124454, 0.0288995355368, 0.0236903093755, 0.0155236776918, 0.0110872276127, 0.00916589330882, 0.00702256336808, 0.00543419411406, 0.003862664802, 0.00264393119141, 0.00124985107686, 0.00146383664105, 0.00661768158898, 0.000496283289976, 7.45947327232e-05],
        "min": [7.84152143751e-06, 0.000155327259563, 0.000620307517238, 0.00214846013114, 0.00500804046169, 0.0156420376152, 0.0357012152672, 0.0686334222555, 0.0495796054602, 0.0722983628511, 0.189081192017, 0.244909986854, 0.133790940046, 0.163818493485, 0.0900515764952, 0.0796338170767, 0.0567948557436, 0.0418213121593, 0.0284262355417, 0.023709056899, 0.0202505532652, 0.0128869265318, 0.0198874697089, 0.014251716435, 0.00962634943426, 0.0098313940689, 0.00499856891111, 0.00468556862324, 0.00328612234443, 0.00259511754848, 0.00186973542441, 0.0019329887582, 0.00120376842096, 0.000644991581794, 0.000255713064689, 6.76025738358e-05, 0.000173351276317, 0.000100338089396, 2.28369572142e-05, 2.48694618676e-06],
        "var": [1.56847566046e-08, 1.82742371635e-06, 0.000211800026591, 0.000874507415574, 0.0445097051561, 11.5408906937, 3.33664298058, 6182.05224609, 21103.2285156, 108.41229248, 15943.0751953, 834278.0625, 31580.8085938, 38.4765510559, 2.39402794838, 0.0527186393738, 0.250494271517, 0.022655595094, 0.0330063551664, 0.03796261549, 0.0296334233135, 0.012179360725, 0.00666905520484, 0.00466479361057, 0.00299499905668, 0.00476781371981, 0.00370064727031, 0.00278712017462, 0.00214205309749, 0.000952789152507, 0.000718038587365, 0.000402047298849, 0.000156286187121, 4.86574899696e-05, 2.86761878669e-05, 5.60059834243e-06, 1.3053023622e-06, 5.91821253693e-06, 2.52955842939e-08, 9.86222881139e-10]
    },
    "gfcc": {
        "mean": [-161.311096191, 96.16065979, -88.0124206543, -58.1435775757, -76.34425354, -34.384262085, -20.6220531464, 0.349963575602, -13.8423023224, -13.5821695328, -25.3713092804, -6.32219362259, -3.61403512955],
        "cov": [[500.71484375, 98.3998565674, -3.8238863945, -78.7256088257, -148.336227417, -58.3338928223, -34.6784133911, -35.981136322, -54.7878036499, -77.771987915, -74.8383026123, -8.03862476349, 42.8297042847], [98.3998565674, 416.232086182, 19.0064811707, -243.727432251, -213.2056427, -174.146636963, -14.0391759872, 2.6472196579, 84.6723861694, -9.49097537994, 13.9386606216, -45.085899353, 1.91601753235], [-3.8238863945, 19.0064811707, 102.785568237, 92.4159851074, 27.0444126129, -80.4071807861, -120.546264648, -81.8515853882, 10.025062561, 106.537628174, 127.175521851, 74.9435272217, -16.4082622528], [-78.7256088257, -243.727432251, 92.4159851074, 313.027984619, 170.731643677, 25.5242023468, -127.248672485, -86.1550521851, -9.63047122955, 159.653656006, 156.531112671, 111.143859863, -29.2145404816], [-148.336227417, -213.2056427, 27.0444126129, 170.731643677, 215.7578125, 135.712463379, 48.4805297852, 13.9221839905, -39.5666389465, 2.4047267437, -12.3538007736, 13.0610904694, -15.6061620712], [-58.3338928223, -174.146636963, -80.4071807861, 25.5242023468, 135.712463379, 274.316986084, 255.868942261, 136.439102173, -89.9241409302, -203.824432373, -252.059265137, -118.385017395, 16.4400672913], [-34.6784133911, -14.0391759872, -120.546264648, -127.248672485, 48.4805297852, 255.868942261, 364.447570801, 205.075775146, -66.361869812, -286.405456543, -339.36541748, -187.758270264, 30.0100631714], [-35.981136322, 2.6472196579, -81.8515853882, -86.1550521851, 13.9221839905, 136.439102173, 205.075775146, 143.981994629, -9.1676492691, -142.622085571, -180.035797119, -103.699676514, 15.9427099228], [-54.7878036499, 84.6723861694, 10.025062561, -9.63047122955, -39.5666389465, -89.9241409302, -66.361869812, -9.1676492691, 114.824493408, 127.299385071, 125.635566711, 32.8048324585, -20.7725372314], [-77.771987915, -9.49097537994, 106.537628174, 159.653656006, 2.4047267437, -203.824432373, -286.405456543, -142.622085571, 127.299385071, 340.193145752, 366.880432129, 180.348129272, -43.5715942383], [-74.8383026123, 13.9386606216, 127.175521851, 156.531112671, -12.3538007736, -252.059265137, -339.36541748, -180.035797119, 125.635566711, 366.880432129, 426.167877197, 215.13923645, -48.2297859192], [-8.03862476349, -45.085899353, 74.9435272217, 111.143859863, 13.0610904694, -118.385017395, -187.758270264, -103.699676514, 32.8048324585, 180.348129272, 215.13923645, 144.110717773, -7.07002830505], [42.8297042847, 1.91601753235, -16.4082622528, -29.2145404816, -15.6061620712, 16.4400672913, 30.0100631714, 15.9427099228, -20.7725372314, -43.5715942383, -48.2297859192, -7.07002830505, 30.7895584106]],
        "icov": [[0.00360071845353, -0.000694357207976, -8.82975800778e-05, -0.00138145079836, 0.00352242216468, -0.000809293240309, 0.000730695261154, 0.00179111375473, 0.000301683146972, -0.000656026124489, 0.00397776672617, -0.00287841027603, -0.00090039067436], [-0.000694357207976, 0.0224619582295, -0.0258498135954, 0.0104099027812, 0.00879135262221, 0.00777839170769, -0.00657996581867, -7.94857915025e-05, -0.0151271028444, 0.0124483630061, -0.0103719756007, 0.0125418696553, -0.00352957448922], [-8.82975800778e-05, -0.0258498135954, 0.0570884272456, -0.0173539351672, -0.0168901048601, 0.00712481094524, -0.00115055427887, 0.0077766533941, 0.0221739895642, -0.0168418474495, 0.0143072241917, -0.0177609473467, 0.00987731385976], [-0.00138145079836, 0.0104099027812, -0.0173539351672, 0.0224849712104, -0.00194817245938, -0.00750304944813, 0.000728235580027, 0.00410009175539, -0.00353050790727, -0.0107709085569, 0.00500273192301, -0.000228364937357, 0.00370615255088], [0.00352242216468, 0.00879135262221, -0.0168901048601, -0.00194817245938, 0.0255343411118, -0.0111411185935, -0.00357872480527, 0.00354162766598, -0.0083608161658, 0.00739893410355, -0.0034914300777, -0.00234089815058, 0.00307228649035], [-0.000809293240309, 0.00777839170769, 0.00712481094524, -0.00750304944813, -0.0111411185935, 0.048721883446, -0.021551091224, -0.00526990042999, 0.00793841481209, -0.0029287552461, 0.00859837606549, 0.00288753956556, 0.00473453244194], [0.000730695261154, -0.00657996581867, -0.00115055427887, 0.000728235580027, -0.00357872480527, -0.021551091224, 0.0461520813406, -0.0314421094954, 0.000316314137308, 0.0140415355563, -0.00976014602929, 0.014510945417, -0.0114113073796], [0.00179111375473, -7.94857915025e-05, 0.0077766533941, 0.00410009175539, 0.00354162766598, -0.00526990042999, -0.0314421094954, 0.063098937273, -0.0203246269375, -0.0140776652843, 0.0270752739161, -0.0249691959471, 0.0111747253686], [0.000301683146972, -0.0151271028444, 0.0221739895642, -0.00353050790727, -0.0083608161658, 0.00793841481209, 0.000316314137308, -0.0203246269375, 0.0587949343026, -0.0397205613554, 2.82967921521e-05, 0.0157179422677, -0.00216213357635], [-0.000656026124489, 0.0124483630061, -0.0168418474495, -0.0107709085569, 0.00739893410355, -0.0029287552461, 0.0140415355563, -0.0140776652843, -0.0397205613554, 0.095683299005, -0.0698117762804, 0.0187159348279, -0.0165902841836], [0.00397776672617, -0.0103719756007, 0.0143072241917, 0.00500273192301, -0.0034914300777, 0.00859837606549, -0.00976014602929, 0.0270752739161, 2.82967921521e-05, -0.0698117762804, 0.107055298984, -0.0702111423016, 0.0494146756828], [-0.00287841027603, 0.0125418696553, -0.0177609473467, -0.000228364937357, -0.00234089815058, 0.00288753956556, 0.014510945417, -0.0249691959471, 0.0157179422677, 0.0187159348279, -0.0702111423016, 0.098477050662, -0.0606795549393], [-0.00090039067436, -0.00352957448922, 0.00987731385976, 0.00370615255088, 0.00307228649035, 0.00473453244194, -0.0114113073796, 0.0111747253686, -0.00216213357635, -0.0165902841836, 0.0494146756828, -0.0606795549393, 0.0856314152479]]
    },
    "melbands": {
        "dmean": [7.4103542147e-07, 4.94740606882e-06, 6.53394363326e-06, 2.0835430405e-05, 2.55469549302e-05, 0.000230238612858, 0.000212708400795, 3.11312069243e-05, 0.000360717705917, 0.000872746517416, 0.000169458857272, 2.29426746046e-06, 2.10000825973e-06, 4.46906369689e-07, 5.22192749486e-07, 3.68817637764e-07, 2.48530511726e-07, 2.27067076253e-07, 1.86260820101e-07, 1.59535545663e-07, 9.61692094847e-08, 5.35320410222e-08, 4.16432790473e-08, 4.20942249946e-08, 2.27783178985e-08, 2.16216733406e-08, 1.87762765336e-08, 1.90976905401e-08, 1.79855224047e-08, 1.28965629287e-08, 1.15447686966e-08, 9.92310678072e-09, 6.45101172481e-09, 5.24314769379e-09, 5.55729107177e-09, 3.56170404281e-09, 4.1997618716e-09, 2.99455193975e-09, 2.10506279075e-09, 1.43261902341e-09],
        "dmean2": [1.35324262374e-06, 8.81095002114e-06, 1.12690440801e-05, 3.18465863529e-05, 3.89656379411e-05, 0.000308131624479, 0.0002972468792, 4.59415459773e-05, 0.000515588442795, 0.00115265976638, 0.000229601573665, 3.75274794351e-06, 3.39571192853e-06, 7.62599881909e-07, 9.13655185286e-07, 6.48717900731e-07, 4.05331945785e-07, 3.6623748656e-07, 3.20679646393e-07, 2.75921308912e-07, 1.61904196716e-07, 8.46658778642e-08, 6.56103225083e-08, 6.63781776211e-08, 3.483950195e-08, 3.52287621297e-08, 3.07486232032e-08, 2.90081860754e-08, 2.90485910881e-08, 2.05888550653e-08, 1.79891621599e-08, 1.59803938971e-08, 9.5896419694e-09, 7.97488208804e-09, 8.71743743858e-09, 5.14742604096e-09, 6.63178623128e-09, 4.56686555239e-09, 3.09276293464e-09, 1.98147942498e-09],
        "dvar": [1.68682472504e-12, 2.72215392588e-11, 2.88019139788e-11, 9.33200627884e-10, 1.72261616083e-09, 3.13610826197e-07, 3.08056684162e-07, 5.88004311908e-09, 1.96269570552e-06, 1.23741147036e-05, 1.08579278901e-07, 1.67560895714e-11, 9.41349168754e-12, 3.62667984836e-13, 6.96064679419e-13, 5.47595985483e-13, 7.36410850919e-14, 6.22343160079e-14, 9.02973984647e-14, 1.1461656819e-13, 3.67763816362e-14, 1.18348680058e-14, 8.28072199433e-15, 2.80054270417e-15, 2.67673761574e-15, 1.50986492172e-15, 1.15933230084e-15, 2.46273474161e-15, 1.92936360044e-15, 9.3138546446e-16, 1.09485445883e-15, 9.37850655189e-16, 4.27413725157e-16, 2.85769990511e-16, 3.47642623874e-16, 1.48125085174e-16, 2.21882106948e-16, 1.06168538977e-16, 4.40035700594e-17, 3.03132710092e-17],
        "dvar2": [4.2978029989e-12, 7.42250427788e-11, 8.63972782206e-11, 1.76292536125e-09, 3.7051628432e-09, 5.33783349965e-07, 6.07131937613e-07, 1.38437714625e-08, 4.08952655562e-06, 2.05009910133e-05, 2.23690094003e-07, 4.11931773414e-11, 2.44880626193e-11, 4.58922288192e-13, 1.44600043744e-12, 1.0777594095e-12, 1.83697824205e-13, 1.47160536253e-13, 2.15683780514e-13, 3.15693218095e-13, 8.89501756214e-14, 1.35598438267e-14, 9.344413264e-15, 4.25875672143e-15, 2.6903788696e-15, 1.70641923477e-15, 1.53144075671e-15, 5.19791932478e-15, 3.84510267593e-15, 1.67052144907e-15, 2.14156843538e-15, 1.93705698894e-15, 7.52231431611e-16, 4.71209246057e-16, 7.27866264185e-16, 2.06080283801e-16, 4.78069418837e-16, 1.95443283754e-16, 5.23559005632e-17, 3.21282177697e-17],
        "max": [1.06625793705e-05, 4.23035126005e-05, 2.90521493298e-05, 0.000418276351411, 0.000274248275673, 0.00596110662445, 0.00545808859169, 0.000541628280189, 0.00947983190417, 0.0323114208877, 0.00265083136037, 3.28271416947e-05, 3.19568716804e-05, 6.16486022409e-06, 4.69713950224e-06, 4.60704086436e-06, 1.74501303718e-06, 1.90836840375e-06, 2.09025620279e-06, 2.35150673689e-06, 1.39321366532e-06, 1.1307472505e-06, 9.40126653859e-07, 5.24259746726e-07, 5.46737055629e-07, 4.04205053428e-07, 3.2231614e-07, 3.73410472321e-07, 2.99246948998e-07, 2.38351120174e-07, 2.2451105508e-07, 1.93809640336e-07, 1.53884911924e-07, 1.31569322548e-07, 1.18996858589e-07, 1.0835088915e-07, 9.81366312658e-08, 7.57255946837e-08, 6.45232347551e-08, 5.50280354616e-08],
        "mean": [8.3332270151e-07, 5.69028452446e-06, 7.98764904175e-06, 8.21791691124e-05, 6.58746575937e-05, 0.00117202277761, 0.00107804557774, 3.55756310455e-05, 0.000507781864144, 0.00207439623773, 0.00083532591816, 3.58262946065e-06, 4.3867680688e-06, 7.78622904818e-07, 6.86159182806e-07, 6.0793627199e-07, 4.21160223141e-07, 4.2591153715e-07, 2.94049584681e-07, 2.24095472845e-07, 1.58111859605e-07, 1.0083807922e-07, 8.0323452778e-08, 7.49050172999e-08, 5.7180731261e-08, 4.15161132139e-08, 3.66808450281e-08, 3.41276411575e-08, 2.69140976172e-08, 2.12231618946e-08, 1.84790351909e-08, 1.44042644479e-08, 1.05931796668e-08, 8.31021385039e-09, 8.43589198496e-09, 6.63635724152e-09, 6.64789467919e-09, 5.3742277295e-09, 4.4949022282e-09, 3.79841091913e-09],
        "median": [6.16269574039e-07, 4.45861223852e-06, 5.68711720916e-06, 1.13515443445e-05, 1.19090445878e-05, 1.51686981553e-05, 2.1541120077e-05, 7.81682774686e-06, 3.93471509597e-06, 0.000710693944711, 0.000513361534104, 2.18970444621e-06, 1.5464796661e-06, 6.22649338311e-07, 4.55485377415e-07, 4.42492392949e-07, 3.69631521835e-07, 3.75380210471e-07, 2.42932742367e-07, 1.65105404903e-07, 1.35431221793e-07, 8.17047904889e-08, 6.71673205943e-08, 6.51348983638e-08, 4.87396505378e-08, 3.4503763402e-08, 3.08669818594e-08, 2.56773819984e-08, 1.8220839948e-08, 1.6876827047e-08, 1.26833139547e-08, 8.95427909597e-09, 7.05467417816e-09, 5.3674287237e-09, 5.57513413213e-09, 4.68024063949e-09, 4.3014440898e-09, 3.76777320454e-09, 3.50717344055e-09, 3.0012277108e-09],
        "min": [7.01101825484e-08, 3.34894053822e-07, 5.22027448824e-07, 9.23094034988e-07, 1.7060420987e-06, 1.028523684e-06, 7.63060370446e-07, 4.59830118871e-07, 1.03667923668e-06, 9.88537749436e-07, 4.62569403226e-07, 2.43597838789e-07, 2.99287137295e-07, 1.55157437121e-07, 1.11286752258e-07, 1.14138195784e-07, 4.1249510474e-08, 3.41075860888e-08, 3.65547698777e-08, 2.7486022347e-08, 1.57588253558e-08, 1.33009674386e-08, 1.49611398825e-08, 1.2193572374e-08, 1.0831981534e-08, 8.1118827211e-09, 5.43519274032e-09, 5.96027183164e-09, 2.44185116571e-09, 3.23834981053e-09, 2.27074647974e-09, 1.9794021977e-09, 1.14837861442e-09, 1.01687969156e-09, 1.0713340215e-09, 1.0574772169e-09, 1.12576548084e-09, 6.93975044097e-10, 4.67943517268e-10, 4.92894669524e-10],
        "var": [1.35870134588e-12, 3.1477546264e-11, 3.56218318731e-11, 1.41825378108e-08, 6.52701537263e-09, 4.4465487008e-06, 3.74476780962e-06, 5.54464030245e-09, 3.40022188539e-06, 2.77201161225e-05, 7.43453085761e-07, 1.84859644953e-11, 4.15884583715e-11, 4.58150661506e-13, 6.97774412035e-13, 5.38025190806e-13, 8.33485637821e-14, 8.78330611367e-14, 7.80809539746e-14, 8.02580522657e-14, 2.97608109218e-14, 1.39342281542e-14, 9.21750824674e-15, 3.76634936414e-15, 3.23802992747e-15, 1.85825221991e-15, 1.35591340131e-15, 2.3897715353e-15, 1.66232926404e-15, 8.45451483802e-16, 1.00084269553e-15, 7.87916400283e-16, 3.89328847447e-16, 2.57616944685e-16, 2.77808939598e-16, 1.46244619092e-16, 1.79716025975e-16, 9.33956659442e-17, 4.50840995499e-17, 3.11014847975e-17]
    },
    "mfcc": {
        "mean": [-838.065429688, 168.079055786, 6.65329885483, -11.3811597824, -31.975725174, -29.1747322083, -18.8812732697, -6.80095624924, 2.59539937973, 1.79364824295, -8.82795619965, -15.2411737442, -16.3750324249],
        "cov": [[515.54864502, 44.5544967651, 51.6232872009, -37.7346992493, -105.162345886, -50.8880844116, -63.3238945007, -6.38900947571, 6.58648824692, -22.6748104095, -81.5259017944, -80.2160949707, -61.0441093445], [44.5544967651, 437.881134033, 76.80884552, -131.78465271, -187.715042114, -191.242279053, -121.39604187, -30.3209877014, 39.4055175781, 36.2623634338, 30.9258785248, -9.89752101898, -47.9213447571], [51.6232872009, 76.80884552, 65.4307861328, 19.2798042297, -20.5493679047, -28.9094562531, -51.4119338989, -53.8556632996, -47.2788314819, -30.7280216217, -6.29900503159, 22.9316616058, 35.4504432678], [-37.7346992493, -131.78465271, 19.2798042297, 142.573822021, 124.685546875, 74.8657150269, -2.53205156326, -74.7231369019, -101.352119446, -64.6931686401, -2.38563394547, 74.2859115601, 121.600997925], [-105.162345886, -187.715042114, -20.5493679047, 124.685546875, 179.727813721, 112.411773682, 30.6383399963, -51.9702148438, -96.6379013062, -62.9546012878, -4.50250673294, 65.6647644043, 109.938560486], [-50.8880844116, -191.242279053, -28.9094562531, 74.8657150269, 112.411773682, 132.603591919, 94.4878005981, 39.6634979248, -3.78268122673, -10.051984787, -19.9738330841, -10.1112117767, 5.50488328934], [-63.3238945007, -121.39604187, -51.4119338989, -2.53205156326, 30.6383399963, 94.4878005981, 160.754516602, 146.328521729, 105.4634552, 50.4402999878, -27.135389328, -96.2729797363, -117.977775574], [-6.38900947571, -30.3209877014, -53.8556632996, -74.7231369019, -51.9702148438, 39.6634979248, 146.328521729, 213.823394775, 194.852218628, 104.457695007, -24.0930938721, -145.876373291, -201.019851685], [6.58648824692, 39.4055175781, -47.2788314819, -101.352119446, -96.6379013062, -3.78268122673, 105.4634552, 194.852218628, 236.76864624, 145.542755127, -3.14827513695, -140.55557251, -215.122055054], [-22.6748104095, 36.2623634338, -30.7280216217, -64.6931686401, -62.9546012878, -10.051984787, 50.4402999878, 104.457695007, 145.542755127, 122.533409119, 37.382938385, -55.3329925537, -117.560653687], [-81.5259017944, 30.9258785248, -6.29900503159, -2.38563394547, -4.50250673294, -19.9738330841, -27.135389328, -24.0930938721, -3.14827513695, 37.382938385, 85.8136062622, 80.5019607544, 48.750743866], [-80.2160949707, -9.89752101898, 22.9316616058, 74.2859115601, 65.6647644043, -10.1112117767, -96.2729797363, -145.876373291, -140.55557251, -55.3329925537, 80.5019607544, 187.422576904, 201.974136353], [-61.0441093445, -47.9213447571, 35.4504432678, 121.600997925, 109.938560486, 5.50488328934, -117.977775574, -201.019851685, -215.122055054, -117.560653687, 48.750743866, 201.974136353, 277.743133545]],
