{
"lowlevel": {
    "average_loudness": 0.955555617809,
    "barkbands_crest": {
        "dmean": 0.874779045582,
        "dmean2": 1.03307926655,
        "dvar": 0.478329658508,
        "dvar2": 0.746505320072,
        "max": 20.0482368469,
        "mean": 17.5970935822,
        "median": 17.6688327789,
        "min": 11.0699911118,
        "var": 1.20181918144
    },
    "barkbands_flatness_db": {
        "dmean": 0.00899292621762,
        "dmean2": 0.0135214906186,
        "dvar": 9.71647677943e-05,
        "dvar2": 0.000151908272528,
        "max": 0.409628838301,
        "mean": 0.338847458363,
        "median": 0.335632205009,
        "min": 0.157914593816,
        "var": 0.00124274240807
    },
    "barkbands_kurtosis": {
        "dmean": 10.2583274841,
        "dmean2": 15.8595609665,
        "dvar": 70.1875915527,
        "dvar2": 145.592529297,
        "max": 151.963302612,
        "mean": 95.4124526978,
        "median": 97.3470458984,
        "min": 22.3500041962,
        "var": 486.485809326
    },
    "barkbands_skewness": {
        "dmean": 0.467264056206,
        "dmean2": 0.739101946354,
        "dvar": 0.120031952858,
        "dvar2": 0.332049071789,
        "max": 8.91802215576,
        "mean": 6.2456407547,
        "median": 6.48918914795,
        "min": 3.14831829071,
        "var": 2.02330493927
    },
    "barkbands_spread": {
        "dmean": 0.14785271883,
        "dmean2": 0.18101541698,
        "dvar": 0.0802403017879,
        "dvar2": 0.0869336873293,
        "max": 7.24130630493,
        "mean": 1.19485497475,
        "median": 1.05880618095,
        "min": 0.685431063175,
        "var": 0.263258993626
    },
    "dissonance": {
        "dmean": 0.017338141799,
        "dmean2": 0.029664862901,
        "dvar": 0.000223593378905,
        "dvar2": 0.000642069033347,
        "max": 0.493229448795,
        "mean": 0.445004999638,
        "median": 0.45171046257,
        "min": 0.324724882841,
        "var": 0.000907388981432
    },
    "dynamic_complexity": 1.84876775742,
    "erbbands_crest": {
        "dmean": 1.23351061344,
        "dmean2": 1.61860823631,
        "dvar": 0.840057373047,
        "dvar2": 1.52360463142,
        "max": 21.0054969788,
        "mean": 16.2981357574,
        "median": 16.4426765442,
        "min": 5.08392429352,
        "var": 3.39904665947
    },
    "erbbands_flatness_db": {
        "dmean": 0.00733955157921,
        "dmean2": 0.0111236255616,
        "dvar": 5.63717148907e-05,
        "dvar2": 0.000106979641714,
        "max": 0.268629580736,
        "mean": 0.200161978602,
        "median": 0.19631741941,
        "min": 0.0883791446686,
        "var": 0.00119678676128
    },
    "erbbands_kurtosis": {
        "dmean": 1.8544164896,
        "dmean2": 2.75007581711,
        "dvar": 2.62316727638,
        "dvar2": 6.22880935669,
        "max": 33.5871009827,
        "mean": 10.0067901611,
        "median": 9.57894706726,
        "min": -0.47169470787,
        "var": 40.6850738525
    },
    "erbbands_skewness": {
        "dmean": 0.25074839592,
        "dmean2": 0.368945598602,
        "dvar": 0.037116933614,
        "dvar2": 0.0960992872715,
        "max": 5.30308008194,
        "mean": 2.96096587181,
        "median": 3.03774809837,
        "min": 0.807332754135,
        "var": 0.719546675682
    },
    "erbbands_spread": {
        "dmean": 4.27451372147,
        "dmean2": 5.64043951035,
        "dvar": 18.2005329132,
        "dvar2": 32.6159706116,
        "max": 75.7111740112,
        "mean": 26.3693122864,
        "median": 23.5780105591,
        "min": 7.8150138855,
        "var": 214.337234497
    },
    "hfc": {
        "dmean": 1.14590358734,
        "dmean2": 1.34920573235,
        "dvar": 0.970398128033,
        "dvar2": 1.24929523468,
        "max": 26.5336608887,
        "mean": 11.1689968109,
        "median": 10.1032276154,
        "min": 2.97590398788,
        "var": 28.7459373474
    },
    "melbands_crest": {
        "dmean": 0.902660250664,
        "dmean2": 1.21804285049,
        "dvar": 0.605100333691,
        "dvar2": 0.991024315357,
        "max": 28.8297309875,
        "mean": 26.4152545929,
        "median": 26.5293235779,
        "min": 18.0735359192,
        "var": 1.28368747234
    },
    "melbands_flatness_db": {
        "dmean": 0.0106818899512,
        "dmean2": 0.0152081660926,
        "dvar": 0.000127413804876,
        "dvar2": 0.000195917426026,
        "max": 0.573425710201,
        "mean": 0.483737230301,
        "median": 0.481138348579,
        "min": 0.278239279985,
        "var": 0.00194845255464
    },
    "melbands_kurtosis": {
        "dmean": 21.7912578583,
        "dmean2": 34.0003242493,
        "dvar": 350.901367188,
        "dvar2": 906.177001953,
        "max": 308.90322876,
        "mean": 164.651473999,
        "median": 175.827728271,
        "min": 34.9707336426,
        "var": 4202.58544922
    },
    "melbands_skewness": {
        "dmean": 0.699960291386,
        "dmean2": 1.08173704147,
        "dvar": 0.364032179117,
        "dvar2": 0.937227010727,
        "max": 12.2353181839,
        "mean": 7.31706905365,
        "median": 7.44695329666,
        "min": 2.92453384399,
        "var": 5.21473741531
    },
    "melbands_spread": {
        "dmean": 0.0734729617834,
        "dmean2": 0.0915481522679,
        "dvar": 0.0242339801043,
        "dvar2": 0.0243959259242,
        "max": 4.44187450409,
        "mean": 0.740941345692,
        "median": 0.671308219433,
        "min": 0.471263289452,
        "var": 0.0814883559942
    },
    "pitch_salience": {
        "dmean": 0.0262573119253,
        "dmean2": 0.0405895784497,
        "dvar": 0.00045283138752,
        "dvar2": 0.00107799423859,
        "max": 0.640052914619,
        "mean": 0.502484679222,
        "median": 0.505140900612,
        "min": 0.38786610961,
        "var": 0.000897888152394
    },
    "silence_rate_20dB": {
        "dmean": 0,
        "dmean2": 0,
        "dvar": 0,
        "dvar2": 0,
        "max": 1,
        "mean": 1,
        "median": 1,
        "min": 1,
        "var": 0
    },
    "silence_rate_30dB": {
        "dmean": 0.0851063802838,
        "dmean2": 0.170731708407,
        "dvar": 0.0778628960252,
        "dvar2": 0.20865522325,
        "max": 1,
        "mean": 0.648484826088,
        "median": 1,
        "min": 0,
        "var": 0.227952137589
    },
    "silence_rate_60dB": {
        "dmean": 0,
        "dmean2": 0,
        "dvar": 0,
        "dvar2": 0,
        "max": 0,
        "mean": 0,
        "median": 0,
        "min": 0,
        "var": 0
    },
    "spectral_centroid": {
        "dmean": 19.0414276123,
        "dmean2": 23.3630619049,
        "dvar": 547.764160156,
        "dvar2": 792.618041992,
        "max": 538.967895508,
        "mean": 201.52456665,
        "median": 182.458450317,
        "min": 139.450622559,
        "var": 3675.89819336
    },
    "spectral_complexity": {
        "dmean": 0.805471122265,
        "dmean2": 1.3902438879,
        "dvar": 0.58829832077,
        "dvar2": 1.19526672363,
        "max": 8,
        "mean": 4.47575759888,
        "median": 4,
        "min": 2,
        "var": 0.994867861271
    },
    "spectral_decrease": {
        "dmean": 2.36712272006e-09,
        "dmean2": 2.8871407487e-09,
        "dvar": 3.97831274836e-18,
        "dvar2": 5.57682439287e-18,
        "max": -3.6005769477e-09,
        "mean": -2.45680702449e-08,
        "median": -2.25521414876e-08,
        "min": -5.75898866373e-08,
        "var": 1.33670057648e-16
    },
    "spectral_energy": {
        "dmean": 0.00903617311269,
        "dmean2": 0.0110151385888,
        "dvar": 5.79980041948e-05,
        "dvar2": 8.12110301922e-05,
        "max": 0.219764068723,
        "mean": 0.0937385186553,
        "median": 0.0860269367695,
        "min": 0.0138593474403,
        "var": 0.00194668350741
    },
    "spectral_energyband_high": {
        "dmean": 1.09491293188e-05,
        "dmean2": 1.46362099258e-05,
        "dvar": 1.17759579865e-10,
        "dvar2": 2.05180802904e-10,
        "max": 0.000123165955301,
        "mean": 3.7924197386e-05,
        "median": 3.38474819728e-05,
        "min": 8.28484189697e-06,
        "var": 4.9835335858e-10
    },
    "spectral_energyband_low": {
        "dmean": 0.00782966986299,
        "dmean2": 0.00986017659307,
        "dvar": 4.25376201747e-05,
        "dvar2": 6.49223002256e-05,
        "max": 0.191286310554,
        "mean": 0.083152115345,
        "median": 0.0767949223518,
        "min": 0.00988111831248,
        "var": 0.00135084928479
    },
    "spectral_energyband_middle_high": {
        "dmean": 3.13091186399e-05,
        "dmean2": 4.19160533056e-05,
        "dvar": 9.71541846972e-10,
        "dvar2": 2.07054928758e-09,
        "max": 0.000405426893849,
        "mean": 0.000140417134389,
        "median": 0.000131985172629,
        "min": 1.89162346942e-05,
        "var": 5.24308418903e-09
    },
    "spectral_energyband_middle_low": {
        "dmean": 0.002624533372,
        "dmean2": 0.00360303535126,
        "dvar": 6.96231836628e-06,
        "dvar2": 1.14064196168e-05,
        "max": 0.0396514236927,
        "mean": 0.011303788051,
        "median": 0.00945870950818,
        "min": 0.000966194143984,
        "var": 7.37404989195e-05
    },
    "spectral_entropy": {
        "dmean": 0.125141277909,
        "dmean2": 0.175654947758,
        "dvar": 0.0109739648178,
        "dvar2": 0.0204141251743,
        "max": 7.75996732712,
        "mean": 6.15727710724,
        "median": 6.21550607681,
        "min": 5.08092737198,
        "var": 0.249526590109
    },
    "spectral_flux": {
        "dmean": 0.0122777856886,
        "dmean2": 0.0218677483499,
        "dvar": 0.00012000001152,
        "dvar2": 0.00030188227538,
        "max": 0.117725729942,
        "mean": 0.0388471968472,
        "median": 0.0364018604159,
        "min": 0.0193355809897,
        "var": 0.000172096246388
    },
    "spectral_kurtosis": {
        "dmean": 2.02389621735,
        "dmean2": 3.06635212898,
        "dvar": 5.23264455795,
        "dvar2": 12.9923391342,
        "max": 39.9386558533,
        "mean": 10.3954811096,
        "median": 8.12546157837,
        "min": 3.48608779907,
        "var": 45.5790672302
    },
    "spectral_rms": {
        "dmean": 0.000455312547274,
        "dmean2": 0.000564797432162,
        "dvar": 1.16039437614e-07,
        "dvar2": 1.74616545223e-07,
        "max": 0.0146425403655,
        "mean": 0.00930063333362,
        "median": 0.00916126184165,
        "min": 0.00367713416927,
        "var": 4.95042468174e-06
    },
    "spectral_rolloff": {
        "dmean": 4.71243333817,
        "dmean2": 8.66580104828,
        "dvar": 110.27256012,
        "dvar2": 264.181152344,
        "max": 172.265625,
        "mean": 133.179656982,
        "median": 129.19921875,
        "min": 129.19921875,
        "var": 109.209289551
    },
    "spectral_skewness": {
        "dmean": 0.235013410449,
        "dmean2": 0.326105594635,
        "dvar": 0.04430218786,
        "dvar2": 0.0980589017272,
        "max": 5.31106758118,
        "mean": 2.43558239937,
        "median": 2.22299551964,
        "min": 1.39960181713,
        "var": 0.600521504879
    },
    "spectral_spread": {
        "dmean": 275164.78125,
        "dmean2": 410142.5,
        "dvar": 386929557504,
        "dvar2": 452204134400,
        "max": 14058458,
        "mean": 3968914.25,
        "median": 4027792,
        "min": 2371563.5,
        "var": 748525977600
    },
    "spectral_strongpeak": {
        "dmean": 0.19866245985,
        "dmean2": 0.372739106417,
        "dvar": 0.0665353611112,
        "dvar2": 0.077127918601,
        "max": 2.15566253662,
        "mean": 1.08511412144,
        "median": 0.990853071213,
        "min": 0.135541841388,
        "var": 0.139832288027
    },
    "zerocrossingrate": {
        "dmean": 0.00160732096992,
        "dmean2": 0.00226425542496,
        "dvar": 2.05372293749e-06,
        "dvar2": 3.44531213159e-06,
        "max": 0.0185546875,
        "mean": 0.0083096595481,
        "median": 0.0078125,
        "min": 0.00244140625,
        "var": 6.05141167398e-06
    },
    "barkbands": {
        "dmean": [0.000410184351495, 0.00325316400267, 0.00460881972685, 0.00176195986569, 0.00103584316093, 3.69264889741e-05, 1.56895130203e-05, 5.52197743673e-05, 2.13947059819e-05, 4.14232863477e-06, 4.43207045464e-06, 4.97697601531e-06, 8.06953357824e-06, 5.73899887968e-06, 2.34672825172e-06, 1.53567418693e-06, 9.10523056064e-07, 5.82191432841e-06, 1.25665219457e-05, 7.51521884013e-06, 5.29066528543e-06, 1.21005291476e-06, 5.43640510386e-07, 1.99976921067e-06, 5.35932088042e-07, 3.3950286138e-07, 7.79739536938e-07],
        "dmean2": [0.000645620631985, 0.00385729642585, 0.00615962827578, 0.00250779860653, 0.00145678326953, 5.34312312084e-05, 2.53105172305e-05, 9.73282076302e-05, 2.70681921393e-05, 6.70501094646e-06, 7.46949535824e-06, 8.54708832776e-06, 1.29714135255e-05, 9.32588318392e-06, 3.7300214899e-06, 2.11661426874e-06, 1.42012368087e-06, 7.35605635782e-06, 1.63154327311e-05, 9.61187379289e-06, 7.25033760318e-06, 1.83443023616e-06, 7.74836053097e-07, 2.97951214634e-06, 8.28944337172e-07, 5.61733429549e-07, 1.31988576868e-06],
        "dvar": [9.67250528561e-08, 5.64412175663e-06, 1.76464036485e-05, 3.78909408028e-06, 7.13040208211e-07, 7.0524058815e-10, 2.5963586836e-10, 3.46851769528e-09, 7.16956716218e-10, 4.68886561522e-11, 2.2414011619e-11, 3.60367152785e-11, 6.43117434307e-11, 2.98739019633e-11, 6.27801630126e-12, 2.81811097895e-12, 1.23487765152e-12, 3.12472409059e-11, 1.87860227374e-10, 5.32851991697e-11, 2.75993811139e-11, 1.6512704832e-12, 6.64092370505e-13, 8.63274382534e-12, 5.87522326796e-13, 2.73372958385e-13, 4.1757884043e-13],
        "dvar2": [2.23699444746e-07, 1.04434539026e-05, 2.74637004622e-05, 6.32651563137e-06, 1.44756461395e-06, 1.41796130393e-09, 6.34613583905e-10, 1.08657642883e-08, 1.0738260281e-09, 6.128531016e-11, 6.08688030534e-11, 1.06841882563e-10, 1.63401153719e-10, 7.38730118743e-11, 1.21632218186e-11, 4.90739610406e-12, 2.60036003147e-12, 5.01007325904e-11, 3.45654060929e-10, 1.09332133624e-10, 4.87207774125e-11, 3.31992029354e-12, 1.24476817742e-12, 1.86900859372e-11, 1.16887098958e-12, 5.10343883039e-13, 9.63557033641e-13],
        "max": [0.00508116651326, 0.042125582695, 0.143188104033, 0.025063842535, 0.0155400643125, 0.000222101662075, 0.000162773023476, 0.000571647193283, 0.000638547702692, 0.000118736315926, 4.31788430433e-05, 6.52174276183e-05, 9.94130823528e-05, 4.84317170049e-05, 3.1639203371e-05, 1.84339460247e-05, 1.36378239404e-05, 5.48371426703e-05, 0.000132382658194, 7.52795604058e-05, 5.64322253922e-05, 1.40159600051e-05, 8.82170843397e-06, 2.53705420619e-05, 8.03446346254e-06, 7.83050199971e-06, 1.11749823191e-05],
        "mean": [0.00324548012577, 0.0179961342365, 0.0610117204487, 0.00613679876551, 0.00481747509912, 9.65234430623e-05, 2.87512903014e-05, 9.06614877749e-05, 0.00013225976727, 8.49594744068e-06, 1.02423100543e-05, 1.33898656713e-05, 2.55630075117e-05, 1.57813083206e-05, 5.27699103259e-06, 3.91123921872e-06, 2.32866227634e-06, 1.56965106726e-05, 2.69328320428e-05, 1.97375411517e-05, 1.38247087307e-05, 3.0387852803e-06, 1.34565800636e-06, 3.83537690141e-06, 1.65029905475e-06, 1.31936292291e-06, 6.78135756971e-06],
        "median": [0.00322064408101, 0.0164934340864, 0.0560425370932, 0.00509468559176, 0.00404233671725, 8.83560569491e-05, 2.33704704442e-05, 6.92805333529e-05, 0.000103510319605, 7.07303934178e-06, 7.82912138675e-06, 1.08348976937e-05, 2.2153268219e-05, 1.38973555295e-05, 4.69348424303e-06, 3.06196579913e-06, 2.10651205634e-06, 1.34706588142e-05, 1.92358711502e-05, 1.66715708474e-05, 1.13884361781e-05, 2.54797737398e-06, 9.65243430073e-07, 1.84228110811e-06, 1.17636898267e-06, 1.1642816844e-06, 6.75918363413e-06],
        "min": [0.00122658465989, 0.00164122786373, 0.00568055640906, 0.000157473798026, 0.000268047937425, 2.0118237444e-05, 2.60017213805e-06, 5.12472752234e-06, 1.83855104297e-06, 1.31213732857e-06, 3.78011463908e-07, 3.43176452589e-07, 2.5263104817e-06, 1.35152492931e-06, 6.39775635136e-07, 3.79783443805e-07, 3.60934279797e-07, 5.61998149351e-07, 4.8853047474e-07, 4.29734086538e-07, 4.52866601108e-07, 1.70500470631e-07, 1.90749219087e-07, 2.97903767432e-07, 4.30779067528e-07, 7.05241120613e-07, 4.4652415454e-06],
        "var": [4.08184405387e-07, 5.63838730159e-05, 0.000805976334959, 2.62566500169e-05, 1.24256794152e-05, 2.03169192581e-09, 4.07381878231e-10, 5.60302515495e-09, 1.11881623965e-08, 5.95533830583e-11, 6.93852544864e-11, 1.03206297675e-10, 2.62945692997e-10, 6.55787507631e-11, 1.08870083088e-11, 8.73336212376e-12, 1.70204518882e-12, 1.15736330242e-10, 6.21746709673e-10, 1.99067554107e-10, 1.06200118144e-10, 4.96562209754e-12, 1.42518689992e-12, 2.01895757057e-11, 1.52418041296e-12, 3.43701358606e-13, 5.69838555682e-13]
    },
    "erbbands": {
        "dmean": [0.0981995984912, 0.821431100368, 4.33454322815, 5.6622838974, 6.28517627716, 1.653221488, 0.251783937216, 0.369439452887, 0.170014545321, 0.936479747295, 0.606320440769, 0.646858215332, 0.135250717402, 0.162232100964, 0.183230385184, 0.240588530898, 0.386405587196, 0.266733765602, 0.159911349416, 0.0913179069757, 0.0777162984014, 0.0537592247128, 0.223267897964, 0.766833484173, 0.383394896984, 0.363903582096, 0.150886550546, 0.259041637182, 0.0528608411551, 0.0230764597654, 0.0154148302972, 0.0327501706779, 0.0346899181604, 0.00993345677853, 0.00253234151751, 0.00177977187559, 0.000614600372501, 0.000266951246886, 0.00011638392607, 1.94722451852e-05],
        "dmean2": [0.146458044648, 0.931948304176, 5.7780957222, 6.8788728714, 8.92352390289, 2.15957379341, 0.366089105606, 0.561516404152, 0.271773487329, 1.57923293114, 1.0353178978, 0.819691717625, 0.188821077347, 0.261859834194, 0.31504625082, 0.405802667141, 0.610951006413, 0.431369423866, 0.257743686438, 0.134050235152, 0.110970184207, 0.0801385119557, 0.287312656641, 0.94854092598, 0.505346000195, 0.477355599403, 0.220109656453, 0.352616906166, 0.0762030184269, 0.033696372062, 0.0219840183854, 0.0474044904113, 0.0534121580422, 0.015364754945, 0.00396809587255, 0.00285839498974, 0.00104797433596, 0.000448749138741, 0.000194305466721, 3.11655639962e-05],
        "dvar": [0.00542468810454, 0.372150421143, 15.7879714966, 34.8225708008, 32.6790122986, 1.6259188652, 0.0505340136588, 0.0808459222317, 0.0322065502405, 0.922777712345, 0.371646076441, 0.757569730282, 0.0299312304705, 0.031625688076, 0.0453236140311, 0.0903088375926, 0.136058434844, 0.0573998130858, 0.0296053271741, 0.0109101934358, 0.00915380194783, 0.00393020873889, 0.0461992621422, 0.697796225548, 0.145953789353, 0.133277237415, 0.0270269121975, 0.0661464482546, 0.00300090550445, 0.000984866521321, 0.000539408007171, 0.00221561128274, 0.00271578575484, 0.00021381098486, 1.42621929626e-05, 7.56239251132e-06, 7.34366153665e-07, 8.64132161382e-08, 8.6543510136e-09, 2.31202459955e-10],
        "dvar2": [0.011265928857, 0.582054018974, 25.4578819275, 48.8284835815, 61.7592697144, 2.70715379715, 0.101294316351, 0.153777524829, 0.0644751638174, 2.74789047241, 1.14300298691, 1.09196925163, 0.0299595706165, 0.0583783239126, 0.131053060293, 0.269048601389, 0.355403751135, 0.143503963947, 0.0657178983092, 0.0194786153734, 0.0173748340458, 0.00770671339706, 0.0756370127201, 1.29798269272, 0.269674420357, 0.266087710857, 0.0618538968265, 0.113306768239, 0.00569856585935, 0.00200613122433, 0.000998800271191, 0.00450742151588, 0.00597790442407, 0.000461939634988, 2.28961780522e-05, 1.64388966368e-05, 1.35049424443e-06, 1.54929352902e-07, 2.28651924061e-08, 5.51445888952e-10],
        "max": [0.858190715313, 13.6327104568, 147.253356934, 99.1353302002, 110.129600525, 18.1391181946, 2.40654587746, 2.28967118263, 1.96072494984, 7.32591962814, 7.16875600815, 19.5022201538, 5.62282514572, 2.68870067596, 1.73000919819, 3.24788188934, 4.63910579681, 2.38701152802, 1.71784329414, 1.22457265854, 1.00781869888, 0.805542826653, 2.19748020172, 8.16284942627, 3.72514915466, 3.65001487732, 2.05650734901, 2.8921456337, 0.552956998348, 0.32402703166, 0.251151114702, 0.47505569458, 0.40445753932, 0.126136422157, 0.0561826713383, 0.0296796709299, 0.0138146085665, 0.00578206265345, 0.00126345513854, 0.000393375725253],
        "mean": [0.459348767996, 5.54139041901, 65.3007507324, 32.342048645, 33.9735488892, 5.41034603119, 0.80358850956, 0.94126522541, 0.415969580412, 1.44533038139, 1.37405800819, 4.09467315674, 0.718312203884, 0.368076443672, 0.446672946215, 0.699225246906, 1.23902201653, 0.793363630772, 0.477645814419, 0.248835265636, 0.207851946354, 0.160807609558, 0.639077007771, 1.6551322937, 0.957749783993, 0.957558095455, 0.434014111757, 0.610206305981, 0.136821717024, 0.0531402602792, 0.0386831350625, 0.0681150183082, 0.066311404109, 0.0251789093018, 0.00807266682386, 0.0047036842443, 0.00248158816248, 0.00156332808547, 0.000819141045213, 0.000230361591093],
        "median": [0.446707189083, 5.08318758011, 60.2383880615, 28.7610378265, 27.6951522827, 4.57420063019, 0.702891230583, 0.859474956989, 0.358687669039, 1.1391825676, 1.17956709862, 3.13936829567, 0.576481938362, 0.311635285616, 0.347113758326, 0.535768151283, 1.06643915176, 0.739277243614, 0.427439332008, 0.212921380997, 0.152707368135, 0.148081481457, 0.560482501984, 1.18609058857, 0.801891803741, 0.810008525848, 0.382312119007, 0.48955309391, 0.11572574079, 0.0398377180099, 0.0275875963271, 0.0352070704103, 0.0315220318735, 0.0142476018518, 0.00672933226451, 0.00366140832193, 0.00229404238053, 0.00154438102618, 0.00081338477321, 0.000221815804252],
        "min": [0.0641781017184, 0.410835027695, 5.18881893158, 6.14753961563, 1.21316826344, 0.85280507803, 0.233214318752, 0.155885502696, 0.103908255696, 0.133355587721, 0.126859486103, 0.0506370551884, 0.0911266207695, 0.0574938356876, 0.0235672704875, 0.0218693315983, 0.131163805723, 0.0922842100263, 0.0517617166042, 0.0242572873831, 0.0333095900714, 0.0284239985049, 0.0304805617779, 0.023272389546, 0.02754948847, 0.0234002228826, 0.0244539026171, 0.00999984424561, 0.00734025565907, 0.00664174603298, 0.00546835269779, 0.00444424990565, 0.00641370844096, 0.00416584080085, 0.00289863534272, 0.00149972666986, 0.00128900131676, 0.00100362615194, 0.000556592014618, 0.000107017054688],
        "var": [0.0171946100891, 6.87329864502, 918.867126465, 342.27432251, 683.936889648, 11.1126899719, 0.144035682082, 0.21300111711, 0.0565221682191, 1.20679020882, 0.888641893864, 10.8385848999, 0.274063557386, 0.0600760765374, 0.127759218216, 0.287650793791, 0.614437222481, 0.140936478972, 0.0676552206278, 0.023824326694, 0.0253556538373, 0.00624944362789, 0.178627356887, 2.29055666924, 0.51531791687, 0.496406823397, 0.0935403928161, 0.239892572165, 0.0100950114429, 0.00215794984251, 0.00121243658941, 0.00589827820659, 0.00599088752642, 0.000560287386179, 2.44075199589e-05, 1.06843608592e-05, 8.6442042857e-07, 1.05082442303e-07, 1.21869074832e-08, 2.43612219286e-09]
    },
    "gfcc": {
        "mean": [-81.5955047607, 124.447547913, -32.5135498047, 53.4222259521, -10.4090003967, 6.38038492203, 0.241829618812, 2.1096663475, -25.053483963, -4.98099565506, -13.3059597015, -28.3843669891, -22.357088089],
        "cov": [[473.659942627, -189.493865967, -176.743209839, 213.491729736, -59.0381965637, 94.7618408203, 34.7489509583, -16.9303646088, -107.384605408, -49.2889556885, 37.0612335205, -28.5350933075, 4.18003940582], [-189.493865967, 197.086807251, 141.442947388, -109.96987915, 36.7748146057, -68.395980835, 11.2681713104, -3.26479387283, 50.5942230225, 9.50289726257, -79.0925827026, -21.3847141266, -21.2683753967], [-176.743209839, 141.442947388, 145.512466431, -90.2487258911, 24.78556633, -40.4178695679, -14.5732555389, 3.624802351, 45.5965385437, 2.97379732132, -58.6781158447, -9.67378234863, -10.5855941772], [213.491729736, -109.96987915, -90.2487258911, 144.919143677, -4.87368679047, 39.7668075562, 15.1399068832, -25.3155784607, -58.3987121582, -18.3095817566, 26.3295135498, -5.19502449036, 6.98446559906], [-59.0381965637, 36.7748146057, 24.78556633, -4.87368679047, 39.4946289062, -14.1472024918, 1.79425621033, -19.8451690674, 0.198064535856, 7.78627252579, -10.6721172333, 2.71587252617, -3.27916073799], [94.7618408203, -68.395980835, -40.4178695679, 39.7668075562, -14.1472024918, 54.146068573, -3.57641553879, -7.19619178772, -33.5547332764, -13.1122112274, 28.1100521088, 3.39575529099, 7.35786914825], [34.7489509583, 11.2681713104, -14.5732555389, 15.1399068832, 1.79425621033, -3.57641553879, 29.9016399384, -6.5596075058, -13.2881641388, -4.00960111618, -13.8247318268, -9.4044418335, -4.14579105377], [-16.9303646088, -3.26479387283, 3.624802351, -25.3155784607, -19.8451690674, -7.19619178772, -6.5596075058, 45.9269218445, 23.6851825714, -14.4678287506, -4.90347909927, -7.62580060959, -0.812005996704], [-107.384605408, 50.5942230225, 45.5965385437, -58.3987121582, 0.198064535856, -33.5547332764, -13.2881641388, 23.6851825714, 50.9399986267, 10.0633602142, -21.2689800262, -1.7804274559, -7.17615222931], [-49.2889556885, 9.50289726257, 2.97379732132, -18.3095817566, 7.78627252579, -13.1122112274, -4.00960111618, -14.4678287506, 10.0633602142, 29.9253768921, 9.15635490417, 5.83964204788, -3.37853884697], [37.0612335205, -79.0925827026, -58.6781158447, 26.3295135498, -10.6721172333, 28.1100521088, -13.8247318268, -4.90347909927, -21.2689800262, 9.15635490417, 62.2644309998, 18.8298950195, 7.13863611221], [-28.5350933075, -21.3847141266, -9.67378234863, -5.19502449036, 2.71587252617, 3.39575529099, -9.4044418335, -7.62580060959, -1.7804274559, 5.83964204788, 18.8298950195, 28.4441814423, 7.95243120193], [4.18003940582, -21.2683753967, -10.5855941772, 6.98446559906, -3.27916073799, 7.35786914825, -4.14579105377, -0.812005996704, -7.17615222931, -3.37853884697, 7.13863611221, 7.95243120193, 16.6234016418]],
        "icov": [[0.0550581365824, -0.04222169891, 0.0605303607881, -0.0570629425347, 0.0728446617723, -0.0344532541931, 0.0571335181594, -0.00820903852582, 0.0600000359118, 0.000749860773794, 0.0482456497848, 0.0080987624824, 0.0395846441388], [-0.04222169891, 0.141857668757, -0.0964701250196, 0.0990493372083, -0.0704894661903, 0.0909431949258, -0.0868709087372, 0.0783227756619, -0.0535450205207, 0.0596504323184, -0.0343342982233, 0.0450614057481, -0.000736174697522], [0.0605303607881, -0.0964701250196, 0.118861041963, -0.0729528069496, 0.0816658660769, -0.0620323047042, 0.108697675169, -0.0264075733721, 0.0706283301115, -0.012937691994, 0.0723620355129, -0.00753919454291, 0.0374714322388], [-0.0570629425347, 0.0990493372083, -0.0729528069496, 0.109267272055, -0.0831140503287, 0.0738457664847, -0.0682068243623, 0.0611404702067, -0.0558113306761, 0.047486834228, -0.0450680926442, 0.0283643715084, -0.0230524800718], [0.0728446617723, -0.0704894661903, 0.0816658660769, -0.0831140503287, 0.141813918948, -0.0397349670529, 0.0847616642714, 0.00108424329665, 0.0839571505785, -0.000539220985956, 0.062624707818, 0.00102771900129, 0.0539250895381], [-0.0344532541931, 0.0909431949258, -0.0620323047042, 0.0738457664847, -0.0397349670529, 0.11181050539, -0.0389211773872, 0.0624653808773, -0.0154537605122, 0.0600489713252, -0.0385800562799, 0.0337576568127, -0.00354201951995], [0.0571335181594, -0.0868709087372, 0.108697675169, -0.0682068243623, 0.0847616642714, -0.0389211773872, 0.165462508798, -0.0324049554765, 0.112868502736, -0.0221903529018, 0.0900680422783, -0.00383556191809, 0.0533650070429], [-0.00820903852582, 0.0783227756619, -0.0264075733721, 0.0611404702067, 0.00108424329665, 0.0624653808773, -0.0324049554765, 0.144051492214, -0.06752859056, 0.114578261971, -0.030170891434, 0.0631133690476, 0.00818693265319], [0.0600000359118, -0.0535450205207, 0.0706283301115, -0.0558113306761, 0.0839571505785, -0.0154537605122, 0.112868502736, -0.06752859056, 0.179820597172, -0.0505170971155, 0.0921577289701, -0.0110743828118, 0.0661646872759], [0.000749860773794, 0.0596504323184, -0.012937691994, 0.047486834228, -0.000539220985956, 0.0600489713252, -0.0221903529018, 0.114578261971, -0.0505170971155, 0.145262077451, -0.036631166935, 0.0518157035112, 0.0199743695557], [0.0482456497848, -0.0343342982233, 0.0723620355129, -0.0450680926442, 0.062624707818, -0.0385800562799, 0.0900680422783, -0.030170891434, 0.0921577289701, -0.036631166935, 0.11269839108, -0.0163286179304, 0.0511275343597], [0.0080987624824, 0.0450614057481, -0.00753919454291, 0.0283643715084, 0.00102771900129, 0.0337576568127, -0.00383556191809, 0.0631133690476, -0.0110743828118, 0.0518157035112, -0.0163286179304, 0.092191465199, -0.00505593139678], [0.0395846441388, -0.000736174697522, 0.0374714322388, -0.0230524800718, 0.0539250895381, -0.00354201951995, 0.0533650070429, 0.00818693265319, 0.0661646872759, 0.0199743695557, 0.0511275343597, -0.00505593139678, 0.121806651354]]
    },
    "melbands": {
        "dmean": [0.0007876745658, 0.00181266234722, 0.0010070388671, 0.000295666453894, 1.01984041976e-05, 7.55668361307e-06, 2.62524076788e-06, 1.18408452181e-05, 3.92800802729e-06, 4.11780365539e-06, 6.12653707321e-07, 6.72234193644e-07, 6.15807664417e-07, 5.43465262126e-07, 1.01884779724e-06, 5.84147983318e-07, 6.04568299423e-07, 3.24061034007e-07, 1.57309003157e-07, 1.14419684394e-07, 9.08828710067e-08, 5.77844794236e-08, 1.05571693609e-07, 3.19981040775e-07, 7.087816698e-07, 3.80269511879e-07, 3.04613962498e-07, 2.17276550529e-07, 9.50720959736e-08, 1.3589588832e-07, 1.48443476178e-07, 2.45049971426e-08, 2.4176951996e-08, 9.7223233908e-09, 7.20178938707e-09, 1.28547306133e-08, 2.54874557015e-08, 2.33747741163e-08, 2.36755894889e-08, 4.00590449701e-09],
        "dmean2": [0.00105684041046, 0.00229739793576, 0.0012341075344, 0.000408561667427, 1.43932184073e-05, 1.13910173241e-05, 4.16216425947e-06, 2.04383431992e-05, 6.78902642903e-06, 5.14907969773e-06, 8.71416432346e-07, 1.08946619548e-06, 1.04913510768e-06, 9.35904040489e-07, 1.69752195234e-06, 9.23102618344e-07, 9.70029532255e-07, 5.14979717536e-07, 2.45337815841e-07, 1.55046336658e-07, 1.35160533432e-07, 9.17074345352e-08, 1.6708439432e-07, 4.01038619202e-07, 8.8763090389e-07, 5.2843637377e-07, 3.99879809265e-07, 3.00891741745e-07, 1.49914797021e-07, 1.88321521932e-07, 2.06035082329e-07, 3.73768642703e-08, 3.61229979262e-08, 1.53051313845e-08, 1.06899342711e-08, 1.88627140574e-08, 3.70865720356e-08, 3.60791929666e-08, 3.68007633256e-08, 6.07128347596e-09],
        "dvar": [3.47063831896e-07, 2.51534720519e-06, 1.05373749193e-06, 6.29300203059e-08, 8.66807250977e-11, 3.28795081439e-11, 7.6603940205e-12, 1.59665600186e-10, 1.50046416264e-11, 3.01682116788e-11, 1.17894723931e-12, 5.65636079641e-13, 4.84771185867e-13, 3.81050686881e-13, 1.4717698631e-12, 2.83683504205e-13, 3.00298089347e-13, 1.20887701975e-13, 2.85349611236e-14, 1.48333188993e-14, 1.29091607399e-14, 5.14998700084e-15, 1.04924546157e-14, 9.68396370038e-14, 6.19938616501e-13, 1.78599349936e-13, 9.00778000909e-14, 5.22085697699e-14, 1.26514162373e-14, 1.94973313346e-14, 2.24964632426e-14, 6.35406106427e-16, 1.04546576762e-15, 2.29029688594e-16, 1.37518168032e-16, 3.44905966301e-16, 1.35465651029e-15, 1.1706842364e-15, 1.3431384504e-15, 3.39627554758e-17],
        "dvar2": [7.54580980811e-07, 3.93676145904e-06, 1.51525546244e-06, 1.15908022735e-07, 1.64671318248e-10, 6.18087456217e-11, 1.59529195409e-11, 4.81330808544e-10, 4.63388771799e-11, 4.31022925684e-11, 1.16970495789e-12, 1.02607440773e-12, 1.37128904152e-12, 1.18295748631e-12, 4.30835402077e-12, 6.97329184413e-13, 7.52901864118e-13, 2.77406976513e-13, 5.64461129747e-14, 2.77228852261e-14, 2.63161989758e-14, 1.08731476446e-14, 2.33636369393e-14, 1.50289245567e-13, 1.18723238705e-12, 3.61651220039e-13, 1.82094072351e-13, 1.07997825635e-13, 3.31632914489e-14, 3.69167621006e-14, 3.97695893958e-14, 1.34231587552e-15, 2.05891750148e-15, 4.83669788926e-16, 2.50831178456e-16, 7.09231486406e-16, 2.71417033102e-15, 2.55080562758e-15, 3.05310230629e-15, 6.30915799485e-17],
        "max": [0.00882410164922, 0.0551912486553, 0.0200988687575, 0.00443349499255, 9.24115884118e-05, 4.62973439426e-05, 2.97608912661e-05, 0.000106540566776, 4.6199933422e-05, 0.000126965009258, 2.69953925454e-05, 1.10767850856e-05, 5.65159143662e-06, 6.95654443916e-06, 1.18749994726e-05, 6.23383766651e-06, 5.20201729159e-06, 3.13867303703e-06, 2.19654634748e-06, 1.29075556288e-06, 1.20366257761e-06, 8.47646560942e-07, 1.08353208361e-06, 3.06488482238e-06, 7.61462570154e-06, 3.76983507522e-06, 3.05255889543e-06, 2.26001793635e-06, 1.37554900448e-06, 1.44766727317e-06, 1.54010160713e-06, 2.24287234118e-07, 3.60832359547e-07, 1.77549594582e-07, 1.4014577232e-07, 1.9254808592e-07, 3.67426906678e-07, 2.71762758075e-07, 3.07178680714e-07, 7.53354996164e-08],
        "mean": [0.00427216710523, 0.024162966758, 0.00681058410555, 0.00136087683495, 2.97814240184e-05, 1.94475105673e-05, 6.04845126873e-06, 1.88076755876e-05, 9.27555447561e-06, 2.60606357187e-05, 2.11498854696e-06, 1.40623183142e-06, 1.44881619235e-06, 1.39107430641e-06, 2.77812409877e-06, 2.03512900043e-06, 1.52576888013e-06, 8.98272162431e-07, 3.65563835203e-07, 2.80805011244e-07, 2.26930993108e-07, 1.38383896342e-07, 2.75858241139e-07, 8.4371521325e-07, 1.4757288227e-06, 8.0187965068e-07, 7.44146916531e-07, 5.76465481572e-07, 2.43640187136e-07, 3.20523469099e-07, 3.4295800333e-07, 6.31153795894e-08, 5.07525115268e-08, 2.10655173305e-08, 1.82781967339e-08, 2.82008461028e-08, 5.02262977875e-08, 4.39637837246e-08, 4.62037981208e-08, 1.27286137186e-08],
        "median": [0.00402275379747, 0.0223048664629, 0.00589534454048, 0.00114351522643, 2.58502022916e-05, 1.77918791451e-05, 5.23738526681e-06, 1.4856335838e-05, 8.07855485618e-06, 1.9920993509e-05, 1.83275381005e-06, 1.14377894533e-06, 1.11213694254e-06, 1.17879267236e-06, 2.25315670832e-06, 1.81601149052e-06, 1.34918104777e-06, 7.93733988758e-07, 3.22490706139e-07, 2.31348565194e-07, 1.64068808317e-07, 1.14104665272e-07, 2.42937034045e-07, 7.05549268787e-07, 1.04548621493e-06, 5.66299263483e-07, 6.15542546711e-07, 4.72873637136e-07, 2.05037963497e-07, 2.55206430211e-07, 2.67347047611e-07, 5.61654118769e-08, 3.45990613937e-08, 1.62582942664e-08, 1.35389006672e-08, 1.73051688535e-08, 2.42559821118e-08, 2.17935820501e-08, 2.16364171024e-08, 9.36918276295e-09],
        "min": [0.000615184893832, 0.00199144519866, 0.00116459000856, 8.69349241839e-05, 7.39075585443e-06, 2.37711492446e-06, 1.30718126456e-06, 1.48361061747e-06, 7.0719551104e-07, 2.69117606422e-07, 2.92444042316e-07, 1.60153945217e-07, 7.40464827231e-08, 5.14431981458e-08, 1.36137089157e-07, 2.4636997864e-07, 1.29030325979e-07, 9.28637788888e-08, 3.51123254916e-08, 2.24239151692e-08, 2.42744526702e-08, 2.04273344906e-08, 1.72061795922e-08, 1.91982056919e-08, 1.75163368255e-08, 2.0048906535e-08, 1.40213387567e-08, 1.22742651598e-08, 1.59000688171e-08, 9.16466191825e-09, 4.12102663105e-09, 3.92522547799e-09, 2.80981793388e-09, 3.8017211601e-09, 2.86024159912e-09, 2.5371280632e-09, 2.67313593483e-09, 3.15990500432e-09, 3.96082100451e-09, 3.14787262923e-09],
        "var": [2.0496649995e-06, 0.000125904422021, 1.65960955201e-05, 1.01142359199e-06, 2.38232461536e-10, 8.92498505656e-11, 1.32530956695e-11, 2.20793827665e-10, 3.76411679603e-11, 4.50235099203e-10, 3.11204859625e-12, 1.01949243318e-12, 1.43250179514e-12, 1.01320275954e-12, 4.50656092305e-12, 1.27390274978e-12, 6.62932707861e-13, 2.87313846759e-13, 5.53482871243e-14, 3.81329049012e-14, 3.3104883445e-14, 7.83400867641e-15, 2.70726248087e-14, 3.64156675734e-13, 1.96780417482e-12, 5.29268035648e-13, 2.76141333107e-13, 1.89912200007e-13, 3.23877040367e-14, 6.71265817996e-14, 7.72017947617e-14, 1.81024027487e-15, 2.65251226169e-15, 3.53053311523e-16, 2.57241338513e-16, 8.21557796091e-16, 3.61252098114e-15, 2.58042488744e-15, 3.03539148264e-15, 8.31527148887e-17]
    },
    "mfcc": {
        "mean": [-757.797180176, 163.077148438, 44.9739112854, 66.5210266113, 22.2983722687, 21.9371433258, 37.015663147, 4.93367767334, 4.95851564407, 14.8790187836, 13.3196773529, 1.57569873333, -17.293170929],
        "cov": [[761.349609375, -457.982299805, -97.7519989014, 61.1810760498, -43.8072967529, 65.0585632324, 180.403396606, 24.8538322449, -53.5640716553, -34.6226806641, -63.0017204285, 6.88488054276, 0.490134656429], [-457.982299805, 386.674713135, 82.6731262207, -15.6608743668, 2.28174424171, -28.6312160492, -117.080406189, -13.5423793793, 65.9579391479, 22.7907772064, 57.595199585, -23.2940063477, -30.828338623], [-97.7519989014, 82.6731262207, 68.2307510376, -22.0107574463, 11.6967582703, -15.4776191711, -32.900554657, 5.72068071365, 23.937543869, 6.01775598526, 1.17366981506, 0.381416231394, 0.877984046936], [61.1810760498, -15.6608743668, -22.0107574463, 74.5376205444, -9.36026287079, 27.0336875916, 12.9817876816, -6.28537225723, 6.16761779785, -6.91260528564, 6.90262365341, -18.013885498, -23.548614502], [-43.8072967529, 2.28174424171, 11.6967582703, -9.36026287079, 35.0430145264, -4.23873329163, -8.8574924469, 0.906605541706, -5.40204954147, 0.86917001009, -6.74891901016, 2.59316039085, 10.7873439789], [65.0585632324, -28.6312160492, -15.4776191711, 27.0336875916, -4.23873329163, 61.9316215515, 30.8112945557, -15.0497379303, -14.6307439804, -23.6893692017, -4.26784801483, -10.9871463776, -6.89443540573], [180.403396606, -117.080406189, -32.900554657, 12.9817876816, -8.8574924469, 30.8112945557, 77.7731323242, 0.853634178638, -28.34400177, -16.5823383331, -20.2564373016, -0.732473015785, 1.14835762978], [24.8538322449, -13.5423793793, 5.72068071365, -6.28537225723, 0.906605541706, -15.0497379303, 0.853634178638, 31.5337581635, 11.023727417, -0.0909215807915, -6.96871900558, -0.709149479866, -1.60596776009], [-53.5640716553, 65.9579391479, 23.937543869, 6.16761779785, -5.40204954147, -14.6307439804, -28.34400177, 11.023727417, 42.1557617188, 11.9938268661, 7.90080165863, -7.79666423798, -17.0253410339], [-34.6226806641, 22.7907772064, 6.01775598526, -6.91260528564, 0.86917001009, -23.6893692017, -16.5823383331, -0.0909215807915, 11.9938268661, 30.334186554, 7.41980886459, -1.72888123989, -4.27694177628], [-63.0017204285, 57.595199585, 1.17366981506, 6.90262365341, -6.74891901016, -4.26784801483, -20.2564373016, -6.96871900558, 7.90080165863, 7.41980886459, 32.7913284302, -1.92239022255, -15.5480518341], [6.88488054276, -23.2940063477, 0.381416231394, -18.013885498, 2.59316039085, -10.9871463776, -0.732473015785, -0.709149479866, -7.79666423798, -1.72888123989, -1.92239022255, 27.1728954315, 15.7223472595], [0.490134656429, -30.828338623, 0.877984046936, -23.548614502, 10.7873439789, -6.89443540573, 1.14835762978, -1.60596776009, -17.0253410339, -4.27694177628, -15.5480518341, 15.7223472595, 36.5518226624]],
