{
"lowlevel": {
    "average_loudness": 0.99068403244,
    "barkbands_crest": {
        "dmean": 2.58876442909,
        "dmean2": 4.4578962326,
        "dvar": 3.8679189682,
        "dvar2": 11.50395298,
        "max": 14.0699682236,
        "mean": 8.94013786316,
        "median": 8.43797492981,
        "min": 4.84588098526,
        "var": 5.27939796448
    },
    "barkbands_flatness_db": {
        "dmean": 0.0167207438499,
        "dmean2": 0.0272618364543,
        "dvar": 0.000200784299523,
        "dvar2": 0.000600425410084,
        "max": 0.161027207971,
        "mean": 0.122333869338,
        "median": 0.122758485377,
        "min": 0.0715851485729,
        "var": 0.000347455701558
    },
    "barkbands_kurtosis": {
        "dmean": 1.80824434757,
        "dmean2": 2.82229733467,
        "dvar": 3.59381699562,
        "dvar2": 9.62570476532,
        "max": 12.6122741699,
        "mean": 2.08613705635,
        "median": 1.93502235413,
        "min": -1.23769545555,
        "var": 5.3555150032
    },
    "barkbands_skewness": {
        "dmean": 0.464765936136,
        "dmean2": 0.757902860641,
        "dvar": 0.16479100287,
        "dvar2": 0.419112920761,
        "max": 3.56482410431,
        "mean": 1.71772539616,
        "median": 1.7444164753,
        "min": 0.560178518295,
        "var": 0.284207284451
    },
    "barkbands_spread": {
        "dmean": 7.6307144165,
        "dmean2": 12.2990837097,
        "dvar": 32.8176269531,
        "dvar2": 91.3475799561,
        "max": 53.1538124084,
        "mean": 32.7232093811,
        "median": 31.2466068268,
        "min": 14.5537118912,
        "var": 91.9447784424
    },
    "dissonance": {
        "dmean": 0.0107637997717,
        "dmean2": 0.0164876393974,
        "dvar": 0.000334846059559,
        "dvar2": 0.000429840118159,
        "max": 0.498019099236,
        "mean": 0.480412304401,
        "median": 0.484685063362,
        "min": 0.34386074543,
        "var": 0.000423804798629
    },
    "dynamic_complexity": 1.74977838993,
    "erbbands_crest": {
        "dmean": 1.75872981548,
        "dmean2": 2.87766337395,
        "dvar": 2.60908174515,
        "dvar2": 6.97777891159,
        "max": 15.2583465576,
        "mean": 7.3331861496,
        "median": 7.3139834404,
        "min": 4.23498249054,
        "var": 4.89829730988
    },
    "erbbands_flatness_db": {
        "dmean": 0.00926637463272,
        "dmean2": 0.0132763469592,
        "dvar": 7.41863404983e-05,
        "dvar2": 0.000132762870635,
        "max": 0.182713970542,
        "mean": 0.134604021907,
        "median": 0.135752469301,
        "min": 0.0961927175522,
        "var": 0.000305572262732
    },
    "erbbands_kurtosis": {
        "dmean": 0.580790638924,
        "dmean2": 0.855503678322,
        "dvar": 0.257926106453,
        "dvar2": 0.776911795139,
        "max": 3.58214330673,
        "mean": 0.265040934086,
        "median": -0.14256978035,
        "min": -1.31952786446,
        "var": 1.54907333851
    },
    "erbbands_skewness": {
        "dmean": 0.18571062386,
        "dmean2": 0.290606319904,
        "dvar": 0.0199462603778,
        "dvar2": 0.0516204759479,
        "max": 0.109780631959,
        "mean": -0.808949708939,
        "median": -0.827732086182,
        "min": -1.64005422592,
        "var": 0.171697497368
    },
    "erbbands_spread": {
        "dmean": 6.96466779709,
        "dmean2": 11.9702196121,
        "dvar": 35.3599090576,
        "dvar2": 87.6557998657,
        "max": 60.8786621094,
        "mean": 40.7419548035,
        "median": 40.9532775879,
        "min": 18.4779930115,
        "var": 93.1817550659
    },
    "hfc": {
        "dmean": 4.17766904831,
        "dmean2": 6.28824424744,
        "dvar": 33.7556495667,
        "dvar2": 55.9545936584,
        "max": 48.6025810242,
        "mean": 23.779127121,
        "median": 23.8237667084,
        "min": 1.17431879044,
        "var": 115.916397095
    },
    "melbands_crest": {
        "dmean": 5.04959058762,
        "dmean2": 8.56487846375,
        "dvar": 12.157793045,
        "dvar2": 40.9847450256,
        "max": 30.4323196411,
        "mean": 18.5288028717,
        "median": 18.2006568909,
        "min": 11.0046377182,
        "var": 22.400592804
    },
    "melbands_flatness_db": {
        "dmean": 0.0238841772079,
        "dmean2": 0.0396117903292,
        "dvar": 0.000390146597056,
        "dvar2": 0.00117198692169,
        "max": 0.280729085207,
        "mean": 0.226383760571,
        "median": 0.228637501597,
        "min": 0.161268979311,
        "var": 0.000682444078848
    },
    "melbands_kurtosis": {
        "dmean": 6.14711332321,
        "dmean2": 10.3808279037,
        "dvar": 46.1425056458,
        "dvar2": 118.124702454,
        "max": 49.467666626,
        "mean": 13.5428905487,
        "median": 12.8783407211,
        "min": 2.19433546066,
        "var": 55.0433158875
    },
    "melbands_skewness": {
        "dmean": 0.755988180637,
        "dmean2": 1.28722500801,
        "dvar": 0.477386623621,
        "dvar2": 1.18940079212,
        "max": 6.55760669708,
        "mean": 3.48849439621,
        "median": 3.45580601692,
        "min": 1.83990132809,
        "var": 0.677745044231
    },
    "melbands_spread": {
        "dmean": 8.36182117462,
        "dmean2": 14.258266449,
        "dvar": 52.8845100403,
        "dvar2": 138.079299927,
        "max": 47.7004547119,
        "mean": 23.9579410553,
        "median": 21.3444137573,
        "min": 7.82009840012,
        "var": 94.5392990112
    },
    "pitch_salience": {
        "dmean": 0.087159357965,
        "dmean2": 0.142907097936,
        "dvar": 0.00389971747063,
        "dvar2": 0.0116426693276,
        "max": 0.759004712105,
        "mean": 0.53195053339,
        "median": 0.535402774811,
        "min": 0.329873591661,
        "var": 0.00589355221018
    },
    "silence_rate_20dB": {
        "dmean": 0,
        "dmean2": 0,
        "dvar": 0,
        "dvar2": 0,
        "max": 1,
        "mean": 1,
        "median": 1,
        "min": 1,
        "var": 0
    },
    "silence_rate_30dB": {
        "dmean": 0,
        "dmean2": 0,
        "dvar": 0,
        "dvar2": 0,
        "max": 1,
        "mean": 1,
        "median": 1,
        "min": 1,
        "var": 0
    },
    "silence_rate_60dB": {
        "dmean": 0,
        "dmean2": 0,
        "dvar": 0,
        "dvar2": 0,
        "max": 0,
        "mean": 0,
        "median": 0,
        "min": 0,
        "var": 0
    },
    "spectral_centroid": {
        "dmean": 275.942871094,
        "dmean2": 453.437042236,
        "dvar": 52171.0078125,
        "dvar2": 148563.265625,
        "max": 3064.6003418,
        "mean": 2246.2199707,
        "median": 2429.31274414,
        "min": 1074.70446777,
        "var": 219616.0625
    },
    "spectral_complexity": {
        "dmean": 3.8833334446,
        "dmean2": 6.38983058929,
        "dvar": 22.6363887787,
        "dvar2": 38.4073600769,
        "max": 35,
        "mean": 25.5245895386,
        "median": 25,
        "min": 2,
        "var": 29.7575969696
    },
    "spectral_decrease": {
        "dmean": 3.20923820851e-09,
        "dmean2": 5.02624342147e-09,
        "dvar": 1.26319735688e-17,
        "dvar2": 2.28772250135e-17,
        "max": -8.84727568984e-10,
        "mean": -1.02551735992e-08,
        "median": -8.97303209513e-09,
        "min": -2.91152755238e-08,
        "var": 3.84811799411e-17
    },
    "spectral_energy": {
        "dmean": 0.012290418148,
        "dmean2": 0.0191806647927,
        "dvar": 0.000191871877178,
        "dvar2": 0.000345125590684,
        "max": 0.113625198603,
        "mean": 0.0408622398973,
        "median": 0.0355075411499,
        "min": 0.0034456839785,
        "var": 0.000586115929764
    },
    "spectral_energyband_high": {
        "dmean": 0.000493466097396,
        "dmean2": 0.000841710658278,
        "dvar": 2.46188676556e-07,
        "dvar2": 6.61381363898e-07,
        "max": 0.00332487025298,
        "mean": 0.00123161519878,
        "median": 0.0010251380736,
        "min": 2.02134742722e-05,
        "var": 5.70840143155e-07
    },
    "spectral_energyband_low": {
        "dmean": 0.0102073447779,
        "dmean2": 0.0164235811681,
        "dvar": 6.60017467453e-05,
        "dvar2": 0.00015853154764,
        "max": 0.0591228194535,
        "mean": 0.0247243382037,
        "median": 0.0234315302223,
        "min": 0.00194896152243,
        "var": 0.000157710834173
    },
    "spectral_energyband_middle_high": {
        "dmean": 0.00129063962959,
        "dmean2": 0.00184755108785,
        "dvar": 2.29007127928e-06,
        "dvar2": 3.97366466132e-06,
        "max": 0.0151055641472,
        "mean": 0.00541067263111,
        "median": 0.00483760703355,
        "min": 0.000282679597149,
        "var": 8.49490515975e-06
    },
    "spectral_energyband_middle_low": {
        "dmean": 0.00428150175139,
        "dmean2": 0.00631723320112,
        "dvar": 5.94513039687e-05,
        "dvar2": 0.000124445636175,
        "max": 0.0551587939262,
        "mean": 0.0100372694433,
        "median": 0.00476279715076,
        "min": 0.00122563238256,
        "var": 0.000158772658324
    },
    "spectral_entropy": {
        "dmean": 0.079606063664,
        "dmean2": 0.118274085224,
        "dvar": 0.0176284015179,
        "dvar2": 0.0164525695145,
        "max": 8.52332210541,
        "mean": 7.65223407745,
        "median": 7.62201786041,
        "min": 7.32383584976,
        "var": 0.0343216732144
    },
    "spectral_flux": {
        "dmean": 0.0246646888554,
        "dmean2": 0.040775462985,
        "dvar": 0.000550588709302,
        "dvar2": 0.00100825738627,
        "max": 0.2722235322,
        "mean": 0.0890752151608,
        "median": 0.0857959464192,
        "min": 0.0447052195668,
        "var": 0.00098517886363
    },
    "spectral_kurtosis": {
        "dmean": 1.13850927353,
        "dmean2": 1.78355431557,
        "dvar": 3.48694086075,
        "dvar2": 7.76585483551,
        "max": 15.8818740845,
        "mean": 6.65336990356,
        "median": 6.67610454559,
        "min": 3.47377920151,
        "var": 2.48438930511
    },
    "spectral_rms": {
        "dmean": 0.000980300595984,
        "dmean2": 0.00154710968491,
        "dvar": 1.19711626212e-06,
        "dvar2": 1.93115465663e-06,
        "max": 0.0105287153274,
        "mean": 0.00605252664536,
        "median": 0.00588570348918,
        "min": 0.00183347833809,
        "var": 3.23252447743e-06
    },
    "spectral_rolloff": {
        "dmean": 656.403869629,
        "dmean2": 1213.15905762,
        "dvar": 485231.9375,
        "dvar2": 1082251.625,
        "max": 3143.84765625,
        "mean": 1298.34619141,
        "median": 947.4609375,
        "min": 129.19921875,
        "var": 695873.3125
    },
    "spectral_skewness": {
        "dmean": 0.167058765888,
        "dmean2": 0.276330471039,
        "dvar": 0.0650581791997,
        "dvar2": 0.161757215858,
        "max": 3.0598731041,
        "mean": 1.2337539196,
        "median": 1.1951417923,
        "min": 0.870350599289,
        "var": 0.0924533307552
    },
    "spectral_spread": {
        "dmean": 445451.53125,
        "dmean2": 480176.34375,
        "dvar": 4.16755849626e+12,
        "dvar2": 2.70223382938e+12,
        "max": 22431034,
        "mean": 3803773.75,
        "median": 3451774.25,
        "min": 3071943.25,
        "var": 5.98551560192e+12
    },
    "spectral_strongpeak": {
        "dmean": 0.228931844234,
        "dmean2": 0.400684565306,
        "dvar": 0.117822758853,
        "dvar2": 0.375158965588,
        "max": 1.53001618385,
        "mean": 0.311513870955,
        "median": 0.201483681798,
        "min": 0,
        "var": 0.110133044422
    },
    "zerocrossingrate": {
        "dmean": 0.00860188808292,
        "dmean2": 0.0119670284912,
        "dvar": 4.44419492851e-05,
        "dvar2": 6.43356106593e-05,
        "max": 0.0888671875,
        "mean": 0.0585457235575,
        "median": 0.05908203125,
        "min": 0.01220703125,
        "var": 0.000190662176465
    },
    "barkbands": {
        "dmean": [0.0016622665571, 0.00579948723316, 0.00465816492215, 0.00276055303402, 0.00194382399786, 0.00027561254683, 0.00012672538287, 0.000423610967118, 0.000280968175502, 6.15829121671e-05, 9.25501444726e-05, 7.30643587303e-05, 0.000194433305296, 0.000931234390009, 3.95248207496e-05, 3.29525064444e-05, 0.000188834179426, 0.000572149001528, 0.000159607545356, 8.97527570487e-05, 0.000454881344922, 6.45280897515e-06, 3.43983947459e-06, 1.3932864249e-06, 1.95735924535e-06, 1.78716879873e-06, 1.01988125607e-05],
        "dmean2": [0.00246370024979, 0.0101015092805, 0.00744782295078, 0.0043340078555, 0.00315809296444, 0.000477083667647, 0.00022577821801, 0.000803905946668, 0.00032432214357, 0.000107560197648, 0.000160644616699, 0.000108554748294, 0.000283369590761, 0.00136878527701, 6.56197444187e-05, 5.46184528503e-05, 0.000228828954278, 0.000761577452067, 0.000264346395852, 0.000145890255226, 0.000780852045864, 1.1165988326e-05, 5.77033006266e-06, 2.29553620557e-06, 3.36071798301e-06, 2.90979346573e-06, 1.62001888384e-05],
        "dvar": [2.37221433963e-06, 2.23909628403e-05, 1.71225456143e-05, 1.6549067368e-05, 1.23640593301e-05, 1.18268502547e-07, 1.64350844045e-08, 9.50230258923e-08, 2.26257242275e-07, 2.06351113974e-09, 5.99959504299e-09, 3.93568599932e-09, 6.52357954323e-08, 1.41852274282e-06, 1.41565015266e-09, 7.75051856028e-10, 3.97526491724e-08, 3.44595918023e-07, 2.58268411102e-08, 7.54413598258e-09, 2.31113347127e-07, 3.43221354115e-11, 1.27663808344e-11, 1.93983522821e-12, 2.94783728677e-12, 1.84292837067e-12, 8.71101107913e-11],
        "dvar2": [4.4783228077e-06, 5.49069554836e-05, 3.98271149606e-05, 3.58970210073e-05, 2.50670527748e-05, 2.87109173769e-07, 4.10776657134e-08, 2.65797268639e-07, 1.59976650593e-07, 6.49456355362e-09, 1.8113354372e-08, 1.16133538342e-08, 1.05316559029e-07, 3.46726324096e-06, 3.77146802677e-09, 2.35829866746e-09, 6.34311874137e-08, 4.80632763811e-07, 6.09584418498e-08, 1.34372086791e-08, 6.38337155578e-07, 6.580504891e-11, 3.24730901891e-11, 4.14864670395e-12, 7.20158351356e-12, 4.60379304124e-12, 1.50623721829e-10],
        "max": [0.0114731490612, 0.0289555694908, 0.0283690840006, 0.025622267276, 0.0248041022569, 0.00196925690398, 0.000662115926389, 0.00185678165872, 0.00548744341359, 0.000279627711279, 0.000388952263165, 0.000409633823438, 0.00200577848591, 0.0095900055021, 0.000293497374514, 0.000188378064195, 0.00233707902953, 0.00394605612382, 0.00110324926209, 0.000658081728034, 0.00289800949395, 4.22083539888e-05, 3.2226973417e-05, 1.07010728243e-05, 1.4245829334e-05, 1.28209285322e-05, 8.99608858163e-05],
        "mean": [0.0055383881554, 0.011915483512, 0.00671215122566, 0.00408778944984, 0.00348394294269, 0.000407137325965, 0.000198574343813, 0.000519165536389, 0.00130556046497, 0.000127742037876, 0.000174379078089, 0.000156687689014, 0.000341187551385, 0.0017112584319, 9.56944495556e-05, 0.000102474950836, 0.000703118857928, 0.00112376152538, 0.000673002563417, 0.000432051339885, 0.000884393579327, 2.66549595835e-05, 1.52340890054e-05, 5.64342280995e-06, 6.48998775432e-06, 9.69005577645e-06, 6.78696087562e-05],
        "median": [0.00548485619947, 0.0117023680359, 0.00527485786006, 0.00181634374894, 0.00168321782257, 0.000308882968966, 0.000154447450768, 0.000449942133855, 0.000615871336777, 0.000122866244055, 0.000163567019626, 0.000152402804815, 0.00022742121655, 0.001115274732, 8.54460377013e-05, 9.50253452174e-05, 0.00057839252986, 0.000732361047994, 0.000682789890561, 0.000428284314694, 0.000613670737948, 2.54825172306e-05, 1.54392400873e-05, 5.31355499334e-06, 6.21333856543e-06, 9.8179507404e-06, 6.81095916661e-05],
        "min": [0.000456852663774, 0.000991258071736, 5.70652628085e-05, 0.000104975792055, 5.28308046341e-05, 4.66681194666e-05, 2.83135559584e-05, 6.64216568111e-05, 2.61257191596e-05, 2.23308943532e-05, 3.06741749228e-05, 1.38165150929e-05, 2.11896149267e-05, 5.6761855376e-05, 2.00259146368e-05, 1.56335736392e-05, 4.22889752372e-05, 4.05422397307e-05, 9.44034400163e-06, 7.13412782716e-06, 4.9786699492e-06, 2.38952247855e-06, 1.6784770196e-06, 1.56058933953e-06, 1.36835774356e-06, 1.67410121321e-06, 3.28324858856e-06],
        "var": [5.41444023838e-06, 3.37470773957e-05, 3.51176058757e-05, 3.77537071472e-05, 2.58589225268e-05, 1.46061978512e-07, 2.11396393723e-08, 1.17573627278e-07, 2.72182455774e-06, 3.72389030723e-09, 6.71662148122e-09, 6.42418962471e-09, 1.32842814082e-07, 3.2343436942e-06, 2.06072270359e-09, 1.14015241692e-09, 2.96719747439e-07, 9.53724565989e-07, 2.90335275821e-08, 1.21317453861e-08, 5.18305000696e-07, 4.69954700155e-11, 1.63732950809e-11, 2.32058361242e-12, 4.30729150264e-12, 3.17031882517e-12, 1.36475011847e-10]
    },
    "erbbands": {
        "dmean": [0.358354598284, 0.836042702198, 4.97585105896, 6.3130440712, 10.989815712, 3.34492182732, 2.50631475449, 2.30863952637, 1.44467389584, 7.25137615204, 4.27822351456, 8.44118690491, 2.20477604866, 2.31244778633, 4.07693815231, 1.77232384682, 11.22843647, 44.4250984192, 13.0097332001, 2.08920025826, 2.57181024551, 16.1114463806, 25.1302509308, 7.36429786682, 5.95455741882, 5.26405668259, 29.0916309357, 2.02603054047, 0.271833330393, 0.165939614177, 0.0849828869104, 0.0304712727666, 0.0329684615135, 0.0277198068798, 0.00820317771286, 0.00421243021265, 0.00413808831945, 0.0030756755732, 0.0014018190559, 0.000226797361393],
        "dmean2": [0.603841125965, 1.49140870571, 8.06256580353, 10.4596281052, 16.4932937622, 5.77330684662, 3.88822507858, 3.91662716866, 2.54636096954, 13.2447633743, 7.73481369019, 9.78778839111, 3.05301904678, 4.02565145493, 7.10732841492, 2.61888337135, 15.6940069199, 65.5426101685, 19.8624191284, 3.47951865196, 4.00154924393, 20.0230426788, 33.3493041992, 12.5596036911, 9.49799346924, 8.78995513916, 49.5959014893, 3.53608965874, 0.438575714827, 0.271326988935, 0.139846250415, 0.0522579625249, 0.0552833229303, 0.0462255589664, 0.013883090578, 0.00681850360706, 0.00674495333806, 0.00518525904045, 0.00216273055412, 0.000357471202733],
        "dvar": [0.0637666359544, 0.530366241932, 20.2626667023, 52.9011383057, 462.102722168, 18.9884433746, 5.91605520248, 8.75919437408, 2.35469341278, 31.5664787292, 9.87059402466, 214.708816528, 5.2534070015, 3.91648316383, 12.987651825, 3.35544276237, 195.092880249, 3477.9453125, 215.821670532, 3.9392592907, 7.05987882614, 284.057159424, 672.702148438, 62.6671638489, 31.7693977356, 28.8108272552, 893.519958496, 3.7171394825, 0.0571247898042, 0.0310268513858, 0.00523259025067, 0.00102608220186, 0.00074514595326, 0.000523738272022, 6.43219536869e-05, 1.54016270244e-05, 8.44636724651e-06, 5.08967968926e-06, 1.06100253561e-06, 4.19960244358e-08],
        "dvar2": [0.161194443703, 1.47193408012, 45.9050636292, 131.997634888, 889.587646484, 46.8361663818, 13.8919019699, 21.6880455017, 6.14460659027, 91.825958252, 26.0101509094, 144.711990356, 4.75521469116, 10.3850688934, 36.0250892639, 7.14610099792, 307.625793457, 8278.04785156, 443.842163086, 10.2560749054, 16.7386703491, 256.281341553, 938.268920898, 159.261856079, 59.0270385742, 63.9616203308, 2462.27783203, 8.71669769287, 0.124375611544, 0.0710669383407, 0.0136855216697, 0.00214867829345, 0.00196899939328, 0.00132291496266, 0.000144765363075, 2.57611973211e-05, 1.87182504305e-05, 1.20995891848e-05, 2.33131004279e-06, 8.45593675081e-08],
        "max": [1.60587608814, 4.0712685585, 29.7670955658, 46.844669342, 156.805374146, 29.9576072693, 22.9081516266, 17.9987277985, 7.40641260147, 31.3449897766, 20.7596378326, 165.734741211, 30.0950431824, 11.8204584122, 20.1964206696, 15.5058803558, 110.073791504, 473.764770508, 111.235549927, 15.3452444077, 28.6754016876, 142.499603271, 172.744979858, 54.6645736694, 43.2539215088, 44.1761016846, 180.031723022, 15.7489366531, 2.01522946358, 1.47496676445, 0.595304846764, 0.26223886013, 0.17412827909, 0.169768512249, 0.0614341944456, 0.0375924520195, 0.0278983265162, 0.0215817745775, 0.0113055761904, 0.0018336152425],
        "mean": [0.711380362511, 1.3425835371, 7.27659034729, 8.84925556183, 21.0084857941, 5.15817165375, 4.09477090836, 3.00774335861, 2.36681437492, 8.94943141937, 8.30320930481, 39.7992095947, 8.56527519226, 4.8589053154, 10.2220287323, 5.43291139603, 19.8047828674, 77.0747451782, 28.7268733978, 6.35222053528, 11.1027231216, 54.4941596985, 51.2870063782, 29.8446578979, 26.3513412476, 23.2525615692, 57.9282302856, 6.76021146774, 1.21867990494, 0.742977142334, 0.360746026039, 0.126228392124, 0.110131427646, 0.076895557344, 0.0390638634562, 0.0248468704522, 0.0192687045783, 0.0148707479239, 0.00788251962513, 0.00134464050643],
        "median": [0.666030049324, 1.25649058819, 5.88544511795, 4.50735282898, 7.67811346054, 3.31909537315, 3.2583925724, 1.83243989944, 1.96443033218, 7.6821436882, 8.04934883118, 17.880941391, 5.2249007225, 4.30638074875, 9.63303661346, 5.0569486618, 13.8548269272, 44.3909416199, 19.4232730865, 5.80346059799, 11.9774208069, 47.6389579773, 34.9188194275, 28.717672348, 26.2198104858, 22.9064044952, 40.7480926514, 5.94869661331, 1.21396934986, 0.727759242058, 0.348129481077, 0.117790699005, 0.107583798468, 0.0758211687207, 0.038083653897, 0.0245651397854, 0.0189723186195, 0.0145859280601, 0.00785146281123, 0.00136299885344],
        "min": [0.0353011116385, 0.199488788843, 0.165386125445, 0.285876393318, 0.592292487621, 0.0935460850596, 0.240511164069, 0.391659200191, 0.346116632223, 1.01569998264, 1.20658481121, 0.547669410706, 0.806199193001, 0.947345077991, 0.986717522144, 0.575581252575, 1.01840758324, 2.39696526527, 1.79164028168, 0.958781003952, 1.11202836037, 3.01828241348, 2.71203112602, 0.434297502041, 0.443793475628, 0.379566043615, 0.324297130108, 0.0801948383451, 0.0892998352647, 0.0712515860796, 0.0412650555372, 0.0340532585979, 0.0248039420694, 0.0163741484284, 0.00994250643998, 0.00545149529353, 0.00321551971138, 0.00132941757329, 0.000336096185492, 6.12974763499e-05],
        "var": [0.114673815668, 0.684841752052, 40.6590843201, 99.3971862793, 1145.15527344, 32.1313552856, 14.119436264, 9.72852897644, 2.60518932343, 43.6131515503, 20.0753917694, 2541.42797852, 61.1958389282, 5.91344976425, 17.1928844452, 6.61056852341, 420.058746338, 7409.80615234, 610.704589844, 7.24509525299, 29.3309593201, 1721.52502441, 1957.30322266, 61.6741828918, 47.2730941772, 56.0848274231, 1998.36254883, 12.6832342148, 0.0931265428662, 0.0403772033751, 0.00815491098911, 0.00133254495449, 0.00088178482838, 0.000780054600909, 6.82600802975e-05, 2.50416651397e-05, 1.74843480636e-05, 9.58783039096e-06, 2.22074572775e-06, 6.13706774288e-08]
    },
    "gfcc": {
        "mean": [30.7657871246, 82.5308303833, -106.450302124, 40.6097221375, -6.28517484665, -12.3362607956, 2.4981470108, 3.06252813339, -17.3153171539, 4.97889089584, -11.40117836, -13.3627519608, -13.0798854828],
        "cov": [[646.260925293, 187.709091187, -70.8359451294, 77.7705154419, 57.0943107605, -79.0160446167, -11.7227087021, -51.7313766479, -31.1112384796, 1.58864545822, -62.4196014404, -99.5859909058, -15.9549350739], [187.709091187, 169.254608154, 26.4970817566, 3.51547002792, -0.655727028847, -29.1077804565, -51.1590423584, -12.820936203, -15.3350353241, -31.1205844879, -60.5530166626, -61.8006477356, -15.8013153076], [-70.8359451294, 26.4970817566, 59.9543571472, -11.0044898987, -22.6348304749, 4.33419942856, -4.04635190964, 19.4426136017, 3.20001983643, -17.6232891083, -9.44346427917, -4.7654337883, -3.10537338257], [77.7705154419, 3.51547002792, -11.0044898987, 60.7742729187, 46.8069190979, -2.04357671738, -5.33408117294, -17.496137619, -12.2061452866, 5.66016244888, 4.98086738586, 0.989664852619, -6.59825611115], [57.0943107605, -0.655727028847, -22.6348304749, 46.8069190979, 60.1105308533, 10.8942317963, -12.4474430084, -20.2156295776, -12.704325676, 3.0099568367, 9.13923931122, 7.69902896881, -9.0958738327], [-79.0160446167, -29.1077804565, 4.33419942856, -2.04357671738, 10.8942317963, 39.7506370544, 12.9899654388, 2.38617444038, 3.5506606102, 2.72288274765, 7.610704422, 3.715280056, -3.87090468407], [-11.7227087021, -51.1590423584, -4.04635190964, -5.33408117294, -12.4474430084, 12.9899654388, 73.0092849731, 26.2817325592, 16.8143386841, 13.0903596878, 5.15717411041, -6.68218183517, -1.05965936184], [-51.7313766479, -12.820936203, 19.4426136017, -17.496137619, -20.2156295776, 2.38617444038, 26.2817325592, 48.1343154907, 21.6162776947, -9.92135906219, -5.16013383865, 4.67469549179, 1.19206655025], [-31.1112384796, -15.3350353241, 3.20001983643, -12.2061452866, -12.704325676, 3.5506606102, 16.8143386841, 21.6162776947, 25.6881790161, 14.9581279755, 4.40610933304, 0.130796983838, -2.29391050339], [1.58864545822, -31.1205844879, -17.6232891083, 5.66016244888, 3.0099568367, 2.72288274765, 13.0903596878, -9.92135906219, 14.9581279755, 43.9353218079, 20.8379936218, 2.80258989334, 3.24406838417], [-62.4196014404, -60.5530166626, -9.44346427917, 4.98086738586, 9.13923931122, 7.610704422, 5.15717411041, -5.16013383865, 4.40610933304, 20.8379936218, 43.5090179443, 39.7011909485, 6.7422747612], [-99.5859909058, -61.8006477356, -4.7654337883, 0.989664852619, 7.69902896881, 3.715280056, -6.68218183517, 4.67469549179, 0.130796983838, 2.80258989334, 39.7011909485, 59.0038833618, 16.0870246887], [-15.9549350739, -15.8013153076, -3.10537338257, -6.59825611115, -9.0958738327, -3.87090468407, -1.05965936184, 1.19206655025, -2.29391050339, 3.24406838417, 6.7422747612, 16.0870246887, 24.6811332703]],
        "icov": [[0.0118985679001, -0.015702759847, 0.0154348546639, -0.00778727512807, -0.00692355632782, 0.0161901712418, -0.0106313787401, 0.000642800005153, -0.00306185754016, 0.010524885729, -0.0243872385472, 0.0231232643127, -0.0130787370726], [-0.015702759847, 0.049496460706, -0.0343520790339, 0.0199953559786, -0.0102268531919, -0.00262336339802, 0.0285141840577, 0.00164204277098, -0.00198983959854, -0.00792869832367, 0.0422372557223, -0.00440408103168, 0.0117151103914], [0.0154348546639, -0.0343520790339, 0.0606891214848, -0.0341630093753, 0.0303302593529, -0.00352046731859, -0.00722761917859, -0.0196425598115, 0.00741440197453, 0.0193625055254, -0.0490897893906, 0.0268807150424, -0.00821476709098], [-0.00778727512807, 0.0199953559786, -0.0341630093753, 0.0718049183488, -0.062380220741, 0.0202033985406, -0.000908361806069, 0.00284360698424, 0.0138888182119, -0.021324634552, 0.02561586909, -0.00707033788785, 0.00437281513587], [-0.00692355632782, -0.0102268531919, 0.0303302593529, -0.062380220741, 0.106262311339, -0.0563463158906, 0.0144107863307, -0.0123363882303, 0.0202567391098, -0.00845554843545, 0.00828871782869, -0.0414886660874, 0.0354270227253], [0.0161901712418, -0.00262336339802, -0.00352046731859, 0.0202033985406, -0.0563463158906, 0.0768775045872, -0.0192488264292, 0.0141244847327, -0.0195782855153, 0.0220387559384, -0.0319656692445, 0.0506090708077, -0.0254431907088], [-0.0106313787401, 0.0285141840577, -0.00722761917859, -0.000908361806069, 0.0144107863307, -0.0192488264292, 0.0487486757338, -0.0332972966135, 0.0186250302941, -0.013671785593, 0.00353758619167, 0.0145329553634, 0.00931284017861], [0.000642800005153, 0.00164204277098, -0.0196425598115, 0.00284360698424, -0.0123363882303, 0.0141244847327, -0.0332972966135, 0.11271995306, -0.115081749856, 0.0572135187685, 0.0279139932245, -0.0272812303156, -0.0175090562552], [-0.00306185754016, -0.00198983959854, 0.00741440197453, 0.0138888182119, 0.0202567391098, -0.0195782855153, 0.0186250302941, -0.115081749856, 0.204817831516, -0.113842107356, 0.0202552694827, -0.0204521995038, 0.053942207247], [0.010524885729, -0.00792869832367, 0.0193625055254, -0.021324634552, -0.00845554843545, 0.0220387559384, -0.013671785593, 0.0572135187685, -0.113842107356, 0.126577153802, -0.0951828882098, 0.078890606761, -0.0571838617325], [-0.0243872385472, 0.0422372557223, -0.0490897893906, 0.02561586909, 0.00828871782869, -0.0319656692445, 0.00353758619167, 0.0279139932245, 0.0202552694827, -0.0951828882098, 0.228413254023, -0.171128958464, 0.072330147028], [0.0231232643127, -0.00440408103168, 0.0268807150424, -0.00707033788785, -0.0414886660874, 0.0506090708077, 0.0145329553634, -0.0272812303156, -0.0204521995038, 0.078890606761, -0.171128958464, 0.193959280849, -0.0837344229221], [-0.0130787370726, 0.0117151103914, -0.00821476709098, 0.00437281513587, 0.0354270227253, -0.0254431907088, 0.00931284017861, -0.0175090562552, 0.053942207247, -0.0571838617325, 0.072330147028, -0.0837344229221, 0.0973575040698]]
    },
    "melbands": {
        "dmean": [0.00219624885358, 0.00196424149908, 0.00131330033764, 0.000497230212204, 9.08944857656e-05, 5.05461757712e-05, 2.16433454625e-05, 9.36474898481e-05, 2.79596915789e-05, 5.54217294848e-05, 9.25057611312e-06, 9.36594551604e-06, 1.19676906252e-05, 9.27757810132e-06, 1.29889194795e-05, 1.81244377018e-05, 0.000102063459053, 3.07346417685e-05, 2.90029424832e-06, 2.71825069831e-06, 3.67830307368e-06, 1.39615885928e-05, 5.58994433959e-05, 2.54687984125e-06, 6.79905406287e-06, 6.61642980049e-06, 3.71186092707e-06, 2.70556461146e-06, 2.43411577685e-05, 4.93074321639e-06, 3.45431431015e-07, 1.82076504984e-07, 1.47469663148e-07, 9.83445005431e-08, 5.7381694063e-08, 3.48686555185e-08, 1.89849220789e-08, 2.10904307352e-08, 4.41763319259e-08, 1.63211399951e-08],
        "dmean2": [0.00370380165987, 0.00322286784649, 0.00206673447974, 0.00081452348968, 0.000146042541019, 8.66130940267e-05, 3.87255713576e-05, 0.000173566455487, 5.02308794239e-05, 6.27584013273e-05, 1.4369593373e-05, 1.63624426932e-05, 2.13527619053e-05, 1.31515971589e-05, 1.78191676241e-05, 2.77365597867e-05, 0.000151847823872, 4.80593807879e-05, 4.5860483624e-06, 4.56009956906e-06, 5.60154921914e-06, 1.92192237591e-05, 7.38363814889e-05, 3.85039675166e-06, 1.19408878163e-05, 1.09749034891e-05, 5.60932539884e-06, 4.35960964751e-06, 4.0994695155e-05, 8.73085537023e-06, 6.07698780186e-07, 3.07113168674e-07, 2.3930573434e-07, 1.63083484495e-07, 9.73380949176e-08, 6.08881194353e-08, 3.17472164113e-08, 3.33640350902e-08, 7.50608606381e-08, 2.76124634269e-08],
        "dvar": [2.7817143291e-06, 3.0987973787e-06, 3.28505029756e-06, 8.43800080474e-07, 7.59715135246e-09, 4.04296374157e-09, 5.74143621535e-10, 4.64749527751e-09, 4.36068264831e-10, 8.89896600853e-09, 5.91027365937e-11, 6.2331938222e-11, 1.18016763029e-10, 5.04784720967e-11, 2.36249603214e-10, 5.97414617776e-10, 1.88167366133e-08, 1.25803867324e-09, 8.8307720511e-12, 6.07065916633e-12, 1.40753884242e-11, 2.0629534192e-10, 3.25298477044e-09, 6.8342063779e-12, 5.06888246654e-11, 2.99413688287e-11, 1.17526925691e-11, 6.66945968938e-12, 6.41599551265e-10, 2.22299314373e-11, 8.8389866715e-14, 2.50008855578e-14, 1.28139034146e-14, 1.05755383834e-14, 3.07049401028e-15, 9.47008775414e-16, 3.86302981062e-16, 2.80690386866e-16, 1.7442993952e-15, 1.82401914511e-16],
        "dvar2": [6.79507138557e-06, 7.67329311202e-06, 7.09986852598e-06, 1.69772533809e-06, 1.7759257176e-08, 9.96972016054e-09, 1.48889633955e-09, 1.35069688767e-08, 1.11083942045e-09, 5.99662008938e-09, 9.07454666965e-11, 1.72415581812e-10, 3.36325300943e-10, 1.69767949698e-10, 3.78281822533e-10, 9.64282431681e-10, 4.46851871061e-08, 2.51370280147e-09, 2.29505719984e-11, 1.91478881362e-11, 3.44375604422e-11, 4.48113518514e-10, 4.50813297803e-09, 1.30905772333e-11, 1.39429107149e-10, 5.85189674496e-11, 2.76891357065e-11, 1.26463743991e-11, 1.84490256405e-09, 5.67715700839e-11, 2.16125321849e-13, 5.90006559234e-14, 3.13614931279e-14, 2.86330068813e-14, 8.15777685611e-15, 2.90339643264e-15, 7.72200921557e-16, 8.46713774652e-16, 4.52652882353e-15, 4.12000001918e-16],
        "max": [0.011056933552, 0.0109424246475, 0.0125719700009, 0.00659717014059, 0.000845954811666, 0.00037990915007, 0.000105113358586, 0.000406283041229, 0.000128706305986, 0.00109275477007, 9.45191422943e-05, 4.53959473816e-05, 5.50180302525e-05, 5.10638928972e-05, 0.00012718407379, 0.000188328776858, 0.00109279248863, 0.000238712789724, 2.25909825531e-05, 1.54755889525e-05, 3.98287302232e-05, 0.000171586609213, 0.000375782867195, 1.77192978299e-05, 4.73779909953e-05, 3.75654126401e-05, 3.02395565086e-05, 1.89948241314e-05, 0.000149779036292, 3.40471924574e-05, 2.04715229302e-06, 1.16984699616e-06, 8.24395328891e-07, 9.02881879483e-07, 4.30392816497e-07, 1.928879243e-07, 1.6652458612e-07, 1.18243534075e-07, 2.71090442538e-07, 9.8293455153e-08],
        "mean": [0.00480599096045, 0.00297316070646, 0.00220678281039, 0.000916139339097, 0.00014186068438, 6.75464907545e-05, 3.63015678886e-05, 0.000113190129923, 5.4912208725e-05, 0.000258180254605, 2.9278535294e-05, 1.79654325621e-05, 2.863669215e-05, 2.28139142564e-05, 2.21051413973e-05, 3.40194601449e-05, 0.000175591310835, 6.26759501756e-05, 7.22277900422e-06, 7.11507982487e-06, 1.43979950735e-05, 4.45318255515e-05, 0.000104675891635, 8.65390029503e-06, 2.53157922998e-05, 2.54570823017e-05, 1.41956470543e-05, 1.25225014926e-05, 4.46410231234e-05, 1.27931916722e-05, 1.2465719692e-06, 6.22565835329e-07, 4.7278774673e-07, 3.87354020859e-07, 2.35038584151e-07, 1.07901414026e-07, 6.24586888875e-08, 6.76925822063e-08, 9.49513889736e-08, 5.32108863638e-08],
        "median": [0.00451446976513, 0.00219520460814, 0.00110727455467, 0.000406542181736, 0.000117685660371, 4.7301477025e-05, 2.82843047898e-05, 9.62145641097e-05, 4.9958951422e-05, 0.000119307063869, 2.35144034377e-05, 1.60926774697e-05, 2.7518681236e-05, 2.07488756132e-05, 1.49948655235e-05, 2.24769646593e-05, 0.000100018187368, 4.05237988161e-05, 6.58371209283e-06, 6.64141543893e-06, 1.41963919305e-05, 3.90302993765e-05, 6.64919061819e-05, 7.97628854343e-06, 2.43916874751e-05, 2.5180141165e-05, 1.38493069244e-05, 1.21026650959e-05, 3.33071693603e-05, 1.05840526885e-05, 1.25308611132e-06, 5.96101926931e-07, 4.47712011464e-07, 3.79612771439e-07, 2.31086289659e-07, 9.8342802346e-08, 5.68969120707e-08, 6.60799841512e-08, 8.51679118341e-08, 5.15874312157e-08],
        "min": [0.000317254889524, 0.000197427754756, 7.34974819352e-05, 1.17299614431e-05, 7.67206347518e-06, 8.53262554301e-06, 5.54155440113e-06, 1.26099603222e-05, 8.61296848598e-06, 2.52976565207e-06, 3.98969950766e-06, 3.62756486538e-06, 3.95767210648e-06, 1.68122198829e-06, 1.42365036027e-06, 2.28799558499e-06, 5.23667904417e-06, 3.5449668303e-06, 1.37155632274e-06, 1.12271300168e-06, 1.35685581881e-06, 2.01999978344e-06, 3.1035426673e-06, 5.94155039835e-07, 2.89569811684e-07, 3.7412357301e-07, 2.36723607827e-07, 2.54638138131e-07, 1.98469024326e-07, 1.32083144422e-07, 2.52354617203e-08, 4.88390448083e-08, 5.19407272748e-08, 3.48601965072e-08, 2.35413217808e-08, 2.21567937331e-08, 2.03290948519e-08, 1.85184205748e-08, 1.32074999826e-08, 1.42657743396e-08],
        "var": [4.88651903652e-06, 5.73692204853e-06, 8.1388216131e-06, 1.88025239822e-06, 1.65089719673e-08, 4.52209159008e-09, 6.24575335895e-10, 6.34549079948e-09, 8.68752514371e-10, 1.08558026568e-07, 4.79326744962e-10, 9.23391779706e-11, 1.30743998961e-10, 9.833710235e-11, 5.1903203957e-10, 1.18853205056e-09, 3.97810921982e-08, 3.21298032624e-09, 1.3877234431e-11, 8.83810125779e-12, 5.74692932132e-11, 1.30730515302e-09, 9.76487335436e-09, 9.62789396819e-12, 4.48785626717e-11, 4.54724938259e-11, 1.83770429429e-11, 1.04014583405e-11, 1.31759325672e-09, 6.57348134259e-11, 1.41652152248e-13, 3.64152847145e-14, 1.84124549239e-14, 1.31402779147e-14, 4.03039579182e-15, 9.97463881104e-16, 6.70207937372e-16, 3.68343023844e-16, 2.29910089346e-15, 2.55164519605e-16]
    },
    "mfcc": {
        "mean": [-627.390014648, 129.424987793, -26.9772033691, 62.6981048584, 6.58478593826, 12.9312582016, 23.433057785, 2.10148215294, 7.73867034912, 11.6154203415, 8.73614025116, 8.67297935486, -8.06158638],
        "cov": [[637.108337402, 125.433570862, -75.3856201172, 122.110153198, 27.8375778198, 18.3491573334, 16.4267215729, -85.0054092407, 16.9006099701, -11.2560482025, 8.68939304352, 30.5116233826, -118.728805542], [125.433570862, 133.587158203, 36.5747070312, 8.37023353577, 24.3663387299, -22.6034832001, -28.8232097626, -24.1596050262, 11.9613208771, 3.6225669384, -11.522521019, -19.1950931549, -67.9238815308], [-75.3856201172, 36.5747070312, 64.9342193604, -15.4914245605, -6.66034936905, -25.2443981171, -14.2974672318, 11.9626522064, 9.59799766541, 15.9936170578, -9.86417198181, -26.1176071167, 3.36361598969], [122.110153198, 8.37023353577, -15.4914245605, 61.2538948059, 19.1921424866, 7.65887975693, 8.88094711304, -16.4136371613, 1.63971936703, -18.6024150848, 1.42681777477, 19.3080806732, -9.7007818222], [27.8375778198, 24.3663387299, -6.66034936905, 19.1921424866, 66.6794128418, 18.3166732788, -5.44797754288, -15.122262001, -12.262093544, -35.6652641296, -6.82136440277, 15.081785202, -19.9634685516], [18.3491573334, -22.6034832001, -25.2443981171, 7.65887975693, 18.3166732788, 43.6716918945, 17.977394104, -11.0134563446, -13.6978731155, -4.404337883, 6.53953123093, 12.6502780914, -0.684901058674], [16.4267215729, -28.8232097626, -14.2974672318, 8.88094711304, -5.44797754288, 17.977394104, 30.5811729431, 9.40000247955, 2.44125056267, 0.995807290077, 3.49759817123, 5.62730932236, 9.62650966644], [-85.0054092407, -24.1596050262, 11.9626522064, -16.4136371613, -15.122262001, -11.0134563446, 9.40000247955, 50.4880332947, 6.89449930191, 10.3325662613, -0.673914849758, -13.004152298, 21.0524501801], [16.9006099701, 11.9613208771, 9.59799766541, 1.63971936703, -12.262093544, -13.6978731155, 2.44125056267, 6.89449930191, 34.6433563232, 18.6043777466, 1.18285226822, -4.49724674225, -5.13293170929], [-11.2560482025, 3.6225669384, 15.9936170578, -18.6024150848, -35.6652641296, -4.404337883, 0.995807290077, 10.3325662613, 18.6043777466, 54.3748550415, 14.7722997665, -20.8731098175, -0.930422127247], [8.68939304352, -11.522521019, -9.86417198181, 1.42681777477, -6.82136440277, 6.53953123093, 3.49759817123, -0.673914849758, 1.18285226822, 14.7722997665, 21.8426990509, 7.56044483185, 4.00022602081], [30.5116233826, -19.1950931549, -26.1176071167, 19.3080806732, 15.081785202, 12.6502780914, 5.62730932236, -13.004152298, -4.49724674225, -20.8731098175, 7.56044483185, 39.0581703186, 12.6836242676], [-118.728805542, -67.9238815308, 3.36361598969, -9.7007818222, -19.9634685516, -0.684901058674, 9.62650966644, 21.0524501801, -5.13293170929, -0.930422127247, 4.00022602081, 12.6836242676, 62.7767524719]],
