{
"lowlevel": {
    "average_loudness": 0.983855783939,
    "barkbands_crest": {
        "dmean": 0.394771009684,
        "dmean2": 0.483049541712,
        "dvar": 0.930321633816,
        "dvar2": 0.773487985134,
        "max": 21.0065059662,
        "mean": 20.3390960693,
        "median": 20.4921321869,
        "min": 8.00380706787,
        "var": 1.35671806335
    },
    "barkbands_flatness_db": {
        "dmean": 0.0114338481799,
        "dmean2": 0.0137193668634,
        "dvar": 0.00121881219093,
        "dvar2": 0.00101411738433,
        "max": 0.565757632256,
        "mean": 0.5206823349,
        "median": 0.523258209229,
        "min": 0.149556443095,
        "var": 0.00219571357593
    },
    "barkbands_kurtosis": {
        "dmean": 9.13788795471,
        "dmean2": 12.6580429077,
        "dvar": 207.086776733,
        "dvar2": 501.634796143,
        "max": 157.984848022,
        "mean": 49.7959861755,
        "median": 47.9286384583,
        "min": 13.5527210236,
        "var": 469.065856934
    },
    "barkbands_skewness": {
        "dmean": 0.316768348217,
        "dmean2": 0.46599265933,
        "dvar": 0.475599914789,
        "dvar2": 1.08684551716,
        "max": 8.27491569519,
        "mean": 2.15177607536,
        "median": 2.00092744827,
        "min": 1.30414867401,
        "var": 0.598256230354
    },
    "barkbands_spread": {
        "dmean": 0.0846831947565,
        "dmean2": 0.0845758542418,
        "dvar": 0.354027569294,
        "dvar2": 0.321644484997,
        "max": 6.94635915756,
        "mean": 0.394964277744,
        "median": 0.318699657917,
        "min": 0.287090957165,
        "var": 0.394562631845
    },
    "dissonance": {
        "dmean": 0.013738533482,
        "dmean2": 0.022387361154,
        "dvar": 0.000120322110888,
        "dvar2": 0.000356104894308,
        "max": 0.47382375598,
        "mean": 0.424577027559,
        "median": 0.425315052271,
        "min": 0.390871435404,
        "var": 0.000185339318705
    },
    "dynamic_complexity": 0.309717416763,
    "erbbands_crest": {
        "dmean": 2.48017907143,
        "dmean2": 2.50963926315,
        "dvar": 3.14808368683,
        "dvar2": 3.3864607811,
        "max": 26.7200813293,
        "mean": 21.5943107605,
        "median": 21.2453594208,
        "min": 5.11147022247,
        "var": 11.2251720428
    },
    "erbbands_flatness_db": {
        "dmean": 0.0123099489138,
        "dmean2": 0.0150723652914,
        "dvar": 0.0008233570843,
        "dvar2": 0.000767548976,
        "max": 0.41314432025,
        "mean": 0.366919547319,
        "median": 0.36807256937,
        "min": 0.0845181047916,
        "var": 0.00158936146181
    },
    "erbbands_kurtosis": {
        "dmean": 10.2668104172,
        "dmean2": 14.1282234192,
        "dvar": 156.965148926,
        "dvar2": 240.906570435,
        "max": 132.196258545,
        "mean": 102.830459595,
        "median": 105.510284424,
        "min": 0.111067056656,
        "var": 375.47064209
    },
    "erbbands_skewness": {
        "dmean": 0.546890676022,
        "dmean2": 0.708061039448,
        "dvar": 0.497824043036,
        "dvar2": 0.587572813034,
        "max": 9.47253894806,
        "mean": 7.80893754959,
        "median": 8.09074783325,
        "min": 0.95761859417,
        "var": 1.52949535847
    },
    "erbbands_spread": {
        "dmean": 0.906206667423,
        "dmean2": 0.908389687538,
        "dvar": 26.4365844727,
        "dvar2": 20.8249607086,
        "max": 53.2150230408,
        "mean": 2.85599970818,
        "median": 1.99543905258,
        "min": 1.39136576653,
        "var": 35.2670555115
    },
    "hfc": {
        "dmean": 3.40293622017,
        "dmean2": 3.25289106369,
        "dvar": 3.63849210739,
        "dvar2": 3.08160161972,
        "max": 28.0451583862,
        "mean": 19.6560230255,
        "median": 19.5677890778,
        "min": 1.80215120316,
        "var": 18.4589595795
    },
    "melbands_crest": {
        "dmean": 1.4186207056,
        "dmean2": 1.41876983643,
        "dvar": 1.67771756649,
        "dvar2": 1.78691768646,
        "max": 32.1245117188,
        "mean": 29.5769386292,
        "median": 29.486907959,
        "min": 14.3929719925,
        "var": 4.14988994598
    },
    "melbands_flatness_db": {
        "dmean": 0.0138018829748,
        "dmean2": 0.0166924223304,
        "dvar": 0.00144046579953,
        "dvar2": 0.00119568326045,
        "max": 0.727995097637,
        "mean": 0.6751511693,
        "median": 0.677338540554,
        "min": 0.272127211094,
        "var": 0.00260490109213
    },
    "melbands_kurtosis": {
        "dmean": 13.0356807709,
        "dmean2": 17.3369464874,
        "dvar": 413.194061279,
        "dvar2": 1028.89196777,
        "max": 213.02734375,
        "mean": 45.7453384399,
        "median": 42.928150177,
        "min": 11.6041679382,
        "var": 578.251159668
    },
    "melbands_skewness": {
        "dmean": 0.362163752317,
        "dmean2": 0.441733300686,
        "dvar": 0.486691385508,
        "dvar2": 0.977251529694,
        "max": 8.05919933319,
        "mean": 2.043186903,
        "median": 1.89677035809,
        "min": 1.23237812519,
        "var": 0.679680109024
    },
    "melbands_spread": {
        "dmean": 0.0637414455414,
        "dmean2": 0.0633029416203,
        "dvar": 0.12356159091,
        "dvar2": 0.115271523595,
        "max": 4.25335550308,
        "mean": 0.332090646029,
        "median": 0.29266384244,
        "min": 0.238046094775,
        "var": 0.137557148933
    },
    "pitch_salience": {
        "dmean": 0.0183542054147,
        "dmean2": 0.021590821445,
        "dvar": 0.00138337095268,
        "dvar2": 0.00113234785385,
        "max": 0.754884302616,
        "mean": 0.262426048517,
        "median": 0.256282269955,
        "min": 0.21703389287,
        "var": 0.00243479991332
    },
    "silence_rate_20dB": {
        "dmean": 0,
        "dmean2": 0,
        "dvar": 0,
        "dvar2": 0,
        "max": 1,
        "mean": 1,
        "median": 1,
        "min": 1,
        "var": 0
    },
    "silence_rate_30dB": {
        "dmean": 0.0066666668281,
        "dmean2": 0.00671140942723,
        "dvar": 0.00662222271785,
        "dvar2": 0.00666636647657,
        "max": 1,
        "mean": 0.00662251655012,
        "median": 0,
        "min": 0,
        "var": 0.0065786591731
    },
    "silence_rate_60dB": {
        "dmean": 0,
        "dmean2": 0,
        "dvar": 0,
        "dvar2": 0,
        "max": 0,
        "mean": 0,
        "median": 0,
        "min": 0,
        "var": 0
    },
    "spectral_centroid": {
        "dmean": 6.36332988739,
        "dmean2": 6.50875473022,
        "dvar": 609.89251709,
        "dvar2": 622.650024414,
        "max": 404.703491211,
        "mean": 125.796760559,
        "median": 123.89956665,
        "min": 114.7552948,
        "var": 667.44921875
    },
    "spectral_complexity": {
        "dmean": 0.519999980927,
        "dmean2": 0.892617464066,
        "dvar": 0.542933762074,
        "dvar2": 0.860951662064,
        "max": 9,
        "mean": 2.68211913109,
        "median": 3,
        "min": 1,
        "var": 0.773124575615
    },
    "spectral_decrease": {
        "dmean": 6.89064938442e-09,
        "dmean2": 6.54558585111e-09,
        "dvar": 1.79741020065e-17,
        "dvar2": 1.32889477082e-17,
        "max": -1.93802973669e-09,
        "mean": -4.5225128531e-08,
        "median": -4.50998847157e-08,
        "min": -6.13281301298e-08,
        "var": 8.0233296722e-17
    },
    "spectral_energy": {
        "dmean": 0.0263154450804,
        "dmean2": 0.0249984897673,
        "dvar": 0.000261353998212,
        "dvar2": 0.000193469808437,
        "max": 0.234009876847,
        "mean": 0.172472119331,
        "median": 0.17199113965,
        "min": 0.00747803784907,
        "var": 0.00116909819189
    },
    "spectral_energyband_high": {
        "dmean": 2.8017141176e-06,
        "dmean2": 3.40421252076e-06,
        "dvar": 4.50973758337e-10,
        "dvar2": 4.64960903113e-10,
        "max": 0.000259681954049,
        "mean": 4.88018758915e-06,
        "median": 2.35034190155e-06,
        "min": 6.61819910874e-07,
        "var": 4.57835491741e-10
    },
    "spectral_energyband_low": {
        "dmean": 0.0238733123988,
        "dmean2": 0.0226147137582,
        "dvar": 0.000227043870836,
        "dvar2": 0.000165520308656,
        "max": 0.216329798102,
        "mean": 0.164978772402,
        "median": 0.165744870901,
        "min": 0.00499133439735,
        "var": 0.000973686459474
    },
    "spectral_energyband_middle_high": {
        "dmean": 1.1819239262e-05,
        "dmean2": 1.39621315611e-05,
        "dvar": 9.11343622789e-09,
        "dvar2": 9.44996436658e-09,
        "max": 0.00117244699504,
        "mean": 2.53601847362e-05,
        "median": 1.42739627336e-05,
        "min": 4.60402225144e-06,
        "var": 9.26376930721e-09
    },
    "spectral_energyband_middle_low": {
        "dmean": 0.00637507624924,
        "dmean2": 0.00641265511513,
        "dvar": 1.28869987748e-05,
        "dvar2": 1.08943095256e-05,
        "max": 0.0340315774083,
        "mean": 0.0145569210872,
        "median": 0.0136689133942,
        "min": 0.00313867884688,
        "var": 6.56493939459e-05
    },
    "spectral_entropy": {
        "dmean": 0.106162264943,
        "dmean2": 0.139544308186,
        "dvar": 0.114834316075,
        "dvar2": 0.0940062999725,
        "max": 7.87715625763,
        "mean": 4.40379953384,
        "median": 4.35035705566,
        "min": 4.11585426331,
        "var": 0.182940647006
    },
    "spectral_flux": {
        "dmean": 0.0323590710759,
        "dmean2": 0.0510026216507,
        "dvar": 0.000581269443501,
        "dvar2": 0.000860427855514,
        "max": 0.30343747139,
        "mean": 0.0571783781052,
        "median": 0.0563066229224,
        "min": 0.0116356192157,
        "var": 0.00127972953487
    },
    "spectral_kurtosis": {
        "dmean": 13.2636117935,
        "dmean2": 23.6736869812,
        "dvar": 111.069664001,
        "dvar2": 320.017120361,
        "max": 98.243598938,
        "mean": 40.5121040344,
        "median": 37.0122566223,
        "min": 2.96508693695,
        "var": 229.324264526
    },
    "spectral_rms": {
        "dmean": 0.00101944291964,
        "dmean2": 0.00097164552426,
        "dvar": 7.06890659785e-07,
        "dvar2": 5.13877580488e-07,
        "max": 0.0151096759364,
        "mean": 0.0128899570554,
        "median": 0.0129536185414,
        "min": 0.00270104547963,
        "var": 2.11441874853e-06
    },
    "spectral_rolloff": {
        "dmean": 4.880859375,
        "dmean2": 8.96012496948,
        "dvar": 124.554595947,
        "dvar2": 243.357559204,
        "max": 215.33203125,
        "mean": 128.058380127,
        "median": 129.19921875,
        "min": 107.666015625,
        "var": 103.102882385
    },
    "spectral_skewness": {
        "dmean": 0.785074353218,
        "dmean2": 1.37455523014,
        "dvar": 0.408121287823,
        "dvar2": 1.0764644146,
        "max": 8.02196311951,
        "mean": 5.03744697571,
        "median": 4.90775680542,
        "min": 1.94740355015,
        "var": 0.870349407196
    },
    "spectral_spread": {
        "dmean": 406645.65625,
        "dmean2": 498038.8125,
        "dvar": 2.11667373261e+12,
        "dvar2": 1.25243962163e+12,
        "max": 27109462,
        "mean": 2011624.5,
        "median": 1764948.5,
        "min": 897087.75,
        "var": 5.64590804992e+12
    },
    "spectral_strongpeak": {
        "dmean": 0.348540276289,
        "dmean2": 0.652743041515,
        "dvar": 0.114178046584,
        "dvar2": 0.235090941191,
        "max": 2.2603225708,
        "mean": 1.5288285017,
        "median": 1.34236824512,
        "min": 0.0643461942673,
        "var": 0.125047191978
    },
    "zerocrossingrate": {
        "dmean": 9.76562514552e-05,
        "dmean2": 0.000147467493662,
        "dvar": 9.53675893811e-08,
        "dvar2": 1.14263983164e-07,
        "max": 0.00537109375,
        "mean": 0.00487957894802,
        "median": 0.0048828125,
        "min": 0.001953125,
        "var": 1.08935736876e-07
    },
    "barkbands": {
        "dmean": [6.97675932315e-05, 0.00182572996709, 0.0192344561219, 0.00591952074319, 0.000527477241121, 3.44009022228e-05, 7.59007571105e-06, 5.90879426454e-06, 4.08994947065e-06, 2.39036535277e-06, 1.82584642516e-06, 2.59892817667e-06, 1.38089035318e-06, 1.18691116313e-06, 8.76264607541e-07, 7.44911119455e-07, 5.8153500504e-07, 9.49021512042e-07, 1.06182699255e-06, 1.1765570207e-06, 6.15867179476e-07, 3.47918927446e-07, 2.98007847732e-07, 3.21083405197e-07, 2.61840170879e-07, 2.51586357081e-07, 2.85921970544e-07],
        "dmean2": [0.000110071603558, 0.00234100874513, 0.0182415451854, 0.00589065486565, 0.000590244249906, 3.88104090234e-05, 9.41010785027e-06, 8.09841549199e-06, 5.14451039635e-06, 2.98281952382e-06, 2.30388354794e-06, 3.44870204572e-06, 1.61180582836e-06, 1.52690074628e-06, 1.08845051727e-06, 9.10014477995e-07, 7.06012485807e-07, 1.13685405267e-06, 1.3651140307e-06, 1.5551256638e-06, 7.91707236658e-07, 4.24081491701e-07, 3.67135214674e-07, 4.05724364327e-07, 3.11557926125e-07, 3.01488967125e-07, 3.50382975967e-07],
        "dvar": [7.65089946952e-09, 4.86328917759e-06, 0.0001491321309, 1.04993168861e-05, 2.04403860948e-07, 1.53345851572e-08, 3.15178483312e-09, 8.57910631424e-10, 8.87563966767e-10, 4.33621694107e-10, 2.16021353583e-10, 1.73752998101e-10, 1.36871999845e-10, 7.70787600413e-11, 5.62166320439e-11, 3.89473418794e-11, 2.72045788674e-11, 2.13162595214e-11, 1.95988399121e-11, 1.61774309226e-11, 1.44830432369e-11, 9.88277255171e-12, 6.85477759624e-12, 6.10558392039e-12, 5.84510348109e-12, 5.66399748284e-12, 6.44279941897e-12],
        "dvar2": [1.53276307202e-08, 5.29281032868e-06, 0.000105060149508, 8.98633697943e-06, 2.56217731476e-07, 1.72535390419e-08, 3.20757331806e-09, 8.95098828391e-10, 9.13566056138e-10, 4.50668113938e-10, 2.21387588817e-10, 1.84206219722e-10, 1.39054864845e-10, 7.99288205067e-11, 5.86140372349e-11, 4.00211183638e-11, 2.82039201022e-11, 2.26969363443e-11, 2.03757271472e-11, 1.70451118497e-11, 1.51375058322e-11, 1.01715216111e-11, 7.03465757868e-12, 6.30907262197e-12, 6.02089168453e-12, 5.84937480397e-12, 6.68799477604e-12],
        "max": [0.00115087511949, 0.0311619192362, 0.171737164259, 0.0266925133765, 0.00726975966245, 0.00157451920677, 0.000696382077876, 0.000360033853212, 0.000366206251783, 0.000255215942161, 0.000180852599442, 0.000161507166922, 0.000143565863254, 0.000107117346488, 9.12639443413e-05, 7.63203133829e-05, 6.35766627965e-05, 5.82054963161e-05, 5.54985817871e-05, 4.98613044329e-05, 4.63960568595e-05, 3.8320737076e-05, 3.19243445119e-05, 3.01426061924e-05, 2.9453292882e-05, 2.89374293061e-05, 3.09835668304e-05],
        "mean": [0.000576151709538, 0.0269814804196, 0.130328536034, 0.0112535087392, 0.00319658126682, 7.47452941141e-05, 1.31758733914e-05, 9.98382074613e-06, 7.92572973296e-06, 3.32254535351e-06, 2.68968392447e-06, 7.31168029233e-06, 2.17997444452e-06, 1.76965841092e-06, 1.19650610486e-06, 1.0301820339e-06, 8.15186638192e-07, 2.0474988105e-06, 2.11420001506e-06, 2.43782233156e-06, 1.08771405394e-06, 4.58943986814e-07, 4.0150013092e-07, 4.72568586929e-07, 3.75415908138e-07, 3.42493478911e-07, 6.34075547623e-07],
        "median": [0.000563703128137, 0.0275266710669, 0.131929069757, 0.0104890391231, 0.00272940075956, 4.40645708295e-05, 6.74841112414e-06, 6.34479556538e-06, 4.35435322288e-06, 9.69592065303e-07, 1.1464040881e-06, 4.88297564516e-06, 9.16319891076e-07, 7.18818114365e-07, 3.63399124126e-07, 3.18702916502e-07, 2.34396225096e-07, 1.37182234994e-06, 1.4701586224e-06, 1.9177921331e-06, 6.05001673648e-07, 1.07797667681e-07, 1.09382334301e-07, 1.84695565508e-07, 1.0984760479e-07, 8.08356332982e-08, 3.57815792995e-07],
        "min": [0.000227379030548, 0.00166283897124, 0.00221632793546, 0.00163287320174, 0.000997655908577, 6.49633693683e-06, 1.52927350427e-06, 1.70986470494e-06, 1.93295636564e-06, 1.60796957971e-07, 1.47428792729e-07, 3.46999684098e-07, 1.66998219697e-07, 1.2719063136e-07, 1.0719293897e-07, 9.64185034036e-08, 8.97992862292e-08, 5.46187209238e-07, 4.24220075956e-07, 3.59058418553e-07, 1.4222273137e-07, 4.0335638829e-08, 2.94692625857e-08, 4.97952648004e-08, 3.53299256517e-08, 3.17507407033e-08, 1.17063166272e-07],
        "var": [3.12356966958e-08, 9.45459123614e-06, 0.000636063748971, 5.18571505381e-05, 1.57848296567e-06, 1.84035169326e-08, 3.25361715348e-09, 8.747262914e-10, 9.03524421947e-10, 4.48771353412e-10, 2.21199947248e-10, 1.86220552867e-10, 1.37870048711e-10, 7.83336243093e-11, 5.76618301718e-11, 3.97080562875e-11, 2.77718802816e-11, 2.29288619341e-11, 2.05082912458e-11, 1.67885722685e-11, 1.46905335119e-11, 1.01068545894e-11, 6.98858982837e-12, 6.21515035618e-12, 5.95167578415e-12, 5.76332601435e-12, 6.52320298472e-12]
    },
    "erbbands": {
        "dmean": [0.0181378070265, 0.670996487141, 13.9302845001, 28.0663890839, 8.78191661835, 1.10674607754, 0.464280813932, 0.294443190098, 0.120911926031, 0.128563925624, 0.0982783064246, 0.100494168699, 0.0779514312744, 0.0720086172223, 0.0747450366616, 0.115311406553, 0.0649870708585, 0.0628006458282, 0.0469959527254, 0.0450233705342, 0.0378317721188, 0.0336083769798, 0.0439953804016, 0.0740804821253, 0.0396491475403, 0.0580100566149, 0.03432366997, 0.0201460123062, 0.0129570150748, 0.00993259903044, 0.00845622178167, 0.00746963964775, 0.00487871607766, 0.00296811549924, 0.00186075828969, 0.00105753680691, 0.000460340990685, 0.000166319892742, 4.71406492579e-05, 3.00484607578e-05],
        "dmean2": [0.0272340495139, 0.797863781452, 13.3910284042, 27.1976108551, 8.64382171631, 1.16256678104, 0.524520158768, 0.330948978662, 0.149674087763, 0.165149658918, 0.129305243492, 0.129793480039, 0.0964449197054, 0.0894135683775, 0.0948262438178, 0.155196115375, 0.0783104896545, 0.0797417014837, 0.05765908584, 0.0561441779137, 0.0457071773708, 0.0406917780638, 0.0517773553729, 0.0916212648153, 0.0507785826921, 0.0785040408373, 0.04412894696, 0.0253587607294, 0.0160123910755, 0.0120383566245, 0.0104176010936, 0.00970086082816, 0.00602152850479, 0.00354609917849, 0.00224779266864, 0.00128726882394, 0.000550026015844, 0.000200522132218, 5.4259384342e-05, 2.97477490676e-05],
        "dvar": [0.000351759634214, 0.823754131794, 141.693466187, 204.194869995, 28.46991539, 1.08084559441, 0.884435653687, 1.27322852612, 0.816665410995, 0.44566732645, 0.451987087727, 0.459111571312, 0.481378316879, 0.388549029827, 0.358682274818, 0.285932332277, 0.293975949287, 0.225928321481, 0.179318010807, 0.135493665934, 0.111189752817, 0.089053362608, 0.0636532753706, 0.0576889924705, 0.0467199087143, 0.03607083112, 0.0280155595392, 0.0192254148424, 0.0131254168227, 0.00859072618186, 0.0053093675524, 0.00292674801312, 0.00160312838852, 0.000743512646295, 0.000290344993118, 9.07810608624e-05, 1.91967483261e-05, 2.48561150329e-06, 1.27638116965e-07, 8.67282967665e-10],
        "dvar2": [0.000553420803044, 0.724295020103, 95.9285125732, 176.022415161, 25.2326545715, 1.47474908829, 1.09487438202, 1.40127158165, 0.837073981762, 0.462048321962, 0.467466682196, 0.472485393286, 0.502760112286, 0.40146574378, 0.370752930641, 0.303320378065, 0.299587696791, 0.233899980783, 0.183642789721, 0.141513720155, 0.114624164999, 0.0923467874527, 0.0667076855898, 0.0629328489304, 0.0480903983116, 0.0383597277105, 0.0294793341309, 0.0199782121927, 0.0135113904253, 0.00881523825228, 0.00545775098726, 0.00302926776931, 0.00165236461908, 0.000766057695728, 0.000298705446767, 9.37054719543e-05, 1.98469442694e-05, 2.57365604739e-06, 1.34299597221e-07, 1.16811460504e-09],
        "max": [0.257019490004, 12.5909023285, 169.550079346, 139.22315979, 60.0861701965, 13.35542202, 13.0344333649, 14.4686384201, 11.3193254471, 8.24742412567, 8.24274158478, 8.35921955109, 8.46484470367, 7.64062070847, 7.38820981979, 6.53450059891, 6.64643383026, 5.79985761642, 5.18091917038, 4.47914123535, 4.07770824432, 3.64046597481, 3.16660046577, 3.03486227989, 2.6794257164, 2.34529805183, 2.05159306526, 1.69095039368, 1.39624118805, 1.13037180901, 0.888213276863, 0.65932816267, 0.488744348288, 0.332396298647, 0.207718297839, 0.116020530462, 0.0532922185957, 0.0191881284118, 0.00444247806445, 0.00051438290393],
        "mean": [0.193804264069, 10.9851922989, 138.249664307, 76.3154830933, 27.1863327026, 5.02587223053, 1.51137304306, 0.682814896107, 0.245798021555, 0.23598818481, 0.172124668956, 0.212127402425, 0.116205111146, 0.105960868299, 0.125918239355, 0.347346961498, 0.123653337359, 0.0950152873993, 0.0686844959855, 0.0637783929706, 0.0542767643929, 0.0495112836361, 0.091885715723, 0.150178223848, 0.0802129283547, 0.118906728923, 0.0633216202259, 0.0334194898605, 0.0171169806272, 0.0131950573996, 0.0114351110533, 0.0105752153322, 0.00738314772025, 0.0043891761452, 0.00264829280786, 0.0014628265053, 0.000667901244015, 0.000261890876573, 0.000156198322657, 0.000197429893888],
        "median": [0.188804000616, 11.2317647934, 138.371994019, 72.4466400146, 25.8436260223, 4.35962486267, 1.13300669193, 0.457269757986, 0.138327285647, 0.145633250475, 0.0910283401608, 0.127863481641, 0.0395411923528, 0.0383851714432, 0.0624277964234, 0.23718161881, 0.0627383217216, 0.0404601618648, 0.0230474043638, 0.0207002535462, 0.0174787901342, 0.0165161136538, 0.0594279170036, 0.106127761304, 0.0527315624058, 0.0910102203488, 0.0388005413115, 0.0157659947872, 0.00415143463761, 0.00292167044245, 0.00322344736196, 0.00402475940064, 0.00274917366914, 0.00141624198295, 0.0007563821855, 0.000397595897084, 0.000182825053344, 8.61768276081e-05, 0.000118791365821, 0.000195617743884],
        "min": [0.0369881466031, 0.431402385235, 2.16462779045, 4.72483968735, 4.80259656906, 2.22434926033, 0.474637269974, 0.08662430197, 0.0473015904427, 0.0493603162467, 0.0304154790938, 0.0541115403175, 0.014124000445, 0.00542666902766, 0.015121740289, 0.0136082610115, 0.0075901937671, 0.00820983201265, 0.00487201055512, 0.00753326248378, 0.00625462736934, 0.00742786703631, 0.0234660487622, 0.0305987428874, 0.0164158567786, 0.0170247126371, 0.00706999888644, 0.0039490214549, 0.00138889439404, 0.00107985700015, 0.000828992342576, 0.00104572228156, 0.000847053539474, 0.00059425609652, 0.000285540503683, 0.000181415845873, 9.72849229584e-05, 3.47357490682e-05, 8.16754181869e-05, 8.11060599517e-05],
        "var": [0.000602831365541, 1.72874414921, 444.044189453, 1104.5222168, 157.29901123, 5.61592149734, 1.60154116154, 1.4855350256, 0.851708948612, 0.45618095994, 0.460512578487, 0.468157023191, 0.494266986847, 0.398894190788, 0.368186354637, 0.320542961359, 0.294966489077, 0.228940501809, 0.182840570807, 0.138733223081, 0.113611906767, 0.0908207446337, 0.0669938251376, 0.0637888014317, 0.047621384263, 0.0374275408685, 0.0286607146263, 0.0195534508675, 0.0134079484269, 0.00875546596944, 0.00541599420831, 0.00298501155339, 0.00162947771605, 0.00075636949623, 0.00029613514198, 9.23788975342e-05, 1.95400170924e-05, 2.52539030043e-06, 1.29194873466e-07, 1.78792769479e-09]
    },
    "gfcc": {
        "mean": [-177.003616333, 161.266098022, 1.76713430882, 66.7168579102, 4.42910432816, 0.384775072336, -2.76484680176, -8.74710559845, -33.6056632996, -18.5905704498, -4.17813444138, -27.192653656, -16.7794322968],
        "cov": [[654.558044434, -261.071411133, -219.280502319, -69.8310165405, -90.434715271, 96.4767074585, -41.2749710083, 25.3394069672, 2.95681071281, 29.9345283508, -55.4376869202, 41.316078186, -30.359079361], [-261.071411133, 149.034835815, 110.949897766, 23.2906665802, 36.0212898254, -65.8707580566, -5.29265451431, -22.2449703217, 5.71306562424, -24.7543563843, 20.4196052551, -5.71519041061, 29.6129493713], [-219.280502319, 110.949897766, 109.63343811, 38.8722991943, 21.0826473236, -60.8624992371, -14.3845081329, -12.7711820602, 6.03366804123, -23.1682300568, 13.8320674896, -6.91071033478, 29.924987793], [-69.8310165405, 23.2906665802, 38.8722991943, 70.0078125, 14.5632181168, -20.7261314392, -1.409912467, -7.76353025436, -11.6926136017, -27.6226425171, 7.42898416519, -16.6395740509, 11.7540502548], [-90.434715271, 36.0212898254, 21.0826473236, 14.5632181168, 45.9043502808, 1.75197446346, 21.2450218201, -8.16028308868, -14.9649629593, -9.11625289917, 4.03216457367, -17.2235336304, -9.61461448669], [96.4767074585, -65.8707580566, -60.8624992371, -20.7261314392, 1.75197446346, 58.9329872131, 27.2751960754, 6.75309228897, -11.5480546951, 15.9214468002, -1.6305655241, -6.88608312607, -30.724899292], [-41.2749710083, -5.29265451431, -14.3845081329, -1.409912467, 21.2450218201, 27.2751960754, 47.9908599854, 1.98164510727, -16.9887218475, 7.64799165726, 6.67009592056, -14.6163673401, -23.2409496307], [25.3394069672, -22.2449703217, -12.7711820602, -7.76353025436, -8.16028308868, 6.75309228897, 1.98164510727, 14.6620264053, 3.43988275528, 4.25934934616, -4.77677679062, -0.207502037287, -1.88220620155], [2.95681071281, 5.71306562424, 6.03366804123, -11.6926136017, -14.9649629593, -11.5480546951, -16.9887218475, 3.43988275528, 19.0991764069, 6.77063846588, -3.98762607574, 5.90890550613, 8.06839084625], [29.9345283508, -24.7543563843, -23.1682300568, -27.6226425171, -9.11625289917, 15.9214468002, 7.64799165726, 4.25934934616, 6.77063846588, 28.7158031464, 0.906943976879, 0.195493981242, -15.1675052643], [-55.4376869202, 20.4196052551, 13.8320674896, 7.42898416519, 4.03216457367, -1.6305655241, 6.67009592056, -4.77677679062, -3.98762607574, 0.906943976879, 20.374622345, -4.71341276169, -4.42931365967], [41.316078186, -5.71519041061, -6.91071033478, -16.6395740509, -17.2235336304, -6.88608312607, -14.6163673401, -0.207502037287, 5.90890550613, 0.195493981242, -4.71341276169, 19.2630958557, 9.19867801666], [-30.359079361, 29.6129493713, 29.924987793, 11.7540502548, -9.61461448669, -30.724899292, -23.2409496307, -1.88220620155, 8.06839084625, -15.1675052643, -4.42931365967, 9.19867801666, 29.8481731415]],
        "icov": [[0.0187316015363, -0.00664484035224, 0.0285871680826, -0.00406878627837, 0.0273658148944, -0.00793673284352, 0.0325169749558, 0.00109114754014, 0.029764810577, 0.00224671000615, 0.0337678380311, -0.000977114075795, 0.0230270884931], [-0.00664484035224, 0.278050214052, -0.130551382899, 0.153820946813, -0.132691308856, 0.149237677455, -0.149580746889, 0.204257041216, -0.200529038906, 0.163685664535, -0.183492660522, 0.0779075995088, -0.11886960268], [0.0285871680826, -0.130551382899, 0.136909514666, -0.0764071717858, 0.0767073705792, -0.0462804809213, 0.102039285004, -0.0833853334188, 0.108430296183, -0.0652383640409, 0.103642225266, -0.0259800516069, 0.0636134296656], [-0.00406878627837, 0.153820946813, -0.0764071717858, 0.1377017349, -0.0451988168061, 0.097349666059, -0.0776522606611, 0.129466325045, -0.0803984031081, 0.12882104516, -0.100415468216, 0.111701786518, -0.0631505101919], [0.0273658148944, -0.132691308856, 0.0767073705792, -0.0451988168061, 0.173559919, -0.0660996362567, 0.101839847863, -0.056874550879, 0.167407348752, -0.0359501689672, 0.151645451784, 0.0305371917784, 0.11352109164], [-0.00793673284352, 0.149237677455, -0.0462804809213, 0.097349666059, -0.0660996362567, 0.15786485374, -0.0974598377943, 0.110329031944, -0.0971431285143, 0.100557178259, -0.106199137866, 0.0737861022353, -0.0369302742183], [0.0325169749558, -0.149580746889, 0.102039285004, -0.0776522606611, 0.101839847863, -0.0974598377943, 0.181498810649, -0.116273924708, 0.187312990427, -0.091368637979, 0.141099184752, -0.0254636500031, 0.107947401702], [0.00109114754014, 0.204257041216, -0.0833853334188, 0.129466325045, -0.056874550879, 0.110329031944, -0.116273924708, 0.25703561306, -0.151536688209, 0.140488997102, -0.104123488069, 0.102353312075, -0.0826403200626], [0.029764810577, -0.200529038906, 0.108430296183, -0.0803984031081, 0.167407348752, -0.0971431285143, 0.187312990427, -0.151536688209, 0.336569905281, -0.141544803977, 0.194811969995, -0.00508102029562, 0.109964370728], [0.00224671000615, 0.163685664535, -0.0652383640409, 0.12882104516, -0.0359501689672, 0.100557178259, -0.091368637979, 0.140488997102, -0.141544803977, 0.209797859192, -0.101702608168, 0.0906710401177, -0.0139505732805], [0.0337678380311, -0.183492660522, 0.103642225266, -0.100415468216, 0.151645451784, -0.106199137866, 0.141099184752, -0.104123488069, 0.194811969995, -0.101702608168, 0.246095657349, -0.0375562943518, 0.138607352972], [-0.000977114075795, 0.0779075995088, -0.0259800516069, 0.111701786518, 0.0305371917784, 0.0737861022353, -0.0254636500031, 0.102353312075, -0.00508102029562, 0.0906710401177, -0.0375562943518, 0.214081242681, -0.0479115769267], [0.0230270884931, -0.11886960268, 0.0636134296656, -0.0631505101919, 0.11352109164, -0.0369302742183, 0.107947401702, -0.0826403200626, 0.109964370728, -0.0139505732805, 0.138607352972, -0.0479115769267, 0.211861148477]]
    },
    "melbands": {
        "dmean": [0.000286455033347, 0.00538428034633, 0.00445403810591, 0.000254314334597, 1.88360136235e-05, 6.25725169812e-06, 1.72548971022e-06, 1.42928286095e-06, 7.36781260002e-07, 6.25368784313e-07, 3.86022207977e-07, 2.93014153385e-07, 2.53638631875e-07, 2.79491899846e-07, 2.24454737463e-07, 1.24931631262e-07, 1.18991920317e-07, 7.86071296943e-08, 6.55741700939e-08, 5.57756294484e-08, 4.25312514096e-08, 3.53791840269e-08, 3.42864936442e-08, 4.77370747376e-08, 6.52230625064e-08, 3.13362313875e-08, 3.49705544522e-08, 3.83764415801e-08, 2.5508549939e-08, 1.42740885778e-08, 1.04120108091e-08, 7.48287565244e-09, 6.27253182728e-09, 5.38669153727e-09, 4.81515138873e-09, 4.64657112786e-09, 4.78926587277e-09, 3.4423721651e-09, 3.21579185503e-09, 2.31174923648e-09],
        "dmean2": [0.000404268415878, 0.00517423823476, 0.00429050344974, 0.000257805135334, 2.14835181396e-05, 7.04786816641e-06, 2.16343482862e-06, 1.88449564575e-06, 9.56960207077e-07, 8.07398919278e-07, 4.77576008961e-07, 3.64649565654e-07, 3.20567693279e-07, 3.69658579302e-07, 2.89560802003e-07, 1.50125245568e-07, 1.54337016056e-07, 9.73138440941e-08, 8.28557489285e-08, 6.9137030323e-08, 5.17460421179e-08, 4.31745306173e-08, 4.27218083132e-08, 5.68991609384e-08, 8.22498620323e-08, 4.11004315026e-08, 4.78567550033e-08, 5.26661345646e-08, 3.3664612431e-08, 1.8380221789e-08, 1.30509150154e-08, 9.32951405019e-09, 7.63856444763e-09, 6.5870642274e-09, 5.90445603521e-09, 5.90844706494e-09, 6.34571239999e-09, 4.23607549038e-09, 4.13171363789e-09, 2.73068767598e-09],
        "dvar": [9.86220740629e-08, 1.89521560969e-05, 5.17840271641e-06, 2.8885002834e-08, 1.13628251253e-09, 5.99987282079e-10, 1.74677022846e-10, 4.80630778232e-11, 2.89664941339e-11, 1.7917804393e-11, 1.17669034239e-11, 6.3185953865e-12, 4.09531956957e-12, 2.33003069963e-12, 1.75767202442e-12, 1.21140348187e-12, 7.25132844395e-13, 4.73852565259e-13, 2.97436581658e-13, 2.00818663998e-13, 1.41244099207e-13, 9.79000477149e-14, 6.37134930318e-14, 4.65021731788e-14, 3.69502910528e-14, 2.71401011474e-14, 2.0489364464e-14, 1.48100983381e-14, 1.16974953554e-14, 7.86760369717e-15, 5.98474644069e-15, 4.33104420722e-15, 3.29837149584e-15, 2.4023021172e-15, 1.85219720488e-15, 1.32711915154e-15, 1.00299362982e-15, 8.17269797675e-16, 6.27267284474e-16, 4.96639610354e-16],
        "dvar2": [1.21236894302e-07, 1.30735716084e-05, 4.3766822273e-06, 2.85875252359e-08, 1.4206303911e-09, 6.58559928812e-10, 1.78664721906e-10, 4.98882740674e-11, 2.98219192396e-11, 1.85306180123e-11, 1.22930762791e-11, 6.5239424106e-12, 4.20340325047e-12, 2.46440650005e-12, 1.81099341252e-12, 1.23763607869e-12, 7.51154238636e-13, 4.83340038999e-13, 3.12901587236e-13, 2.06549282344e-13, 1.46047656933e-13, 1.01583800779e-13, 6.61480622339e-14, 4.95012119131e-14, 4.07654731369e-14, 2.78906655123e-14, 2.14074482289e-14, 1.57322275324e-14, 1.23775925083e-14, 8.15540346979e-15, 6.2109605653e-15, 4.45635468495e-15, 3.39348842538e-15, 2.46146334516e-15, 1.90278836524e-15, 1.37026499817e-15, 1.04047949642e-15, 8.3888586673e-16, 6.4862749664e-16, 5.11117521005e-16],
        "max": [0.00450444500893, 0.0627537220716, 0.0237174835056, 0.00223484658636, 0.000486200238811, 0.000312941032462, 0.000165266756085, 8.55306861922e-05, 6.60391669953e-05, 5.20901667187e-05, 4.18429481215e-05, 3.08412309096e-05, 2.4955281333e-05, 1.87415389519e-05, 1.62503984029e-05, 1.34725141834e-05, 1.03909578684e-05, 8.43398356665e-06, 6.62222373649e-06, 5.47463650946e-06, 4.59496277472e-06, 3.8120958834e-06, 3.11135386255e-06, 2.73524756267e-06, 2.42766213887e-06, 2.05233641282e-06, 1.76193725565e-06, 1.50385460529e-06, 1.32926584229e-06, 1.08202073079e-06, 9.43516056395e-07, 8.01953660812e-07, 7.00136695286e-07, 5.97989696871e-07, 5.24545669123e-07, 4.43357095037e-07, 3.86352382975e-07, 3.49098854713e-07, 3.05818844026e-07, 2.71324921641e-07],
        "mean": [0.00396478129551, 0.0510004721582, 0.0132684111595, 0.000937248289119, 7.45294601074e-05, 1.38793402584e-05, 3.38657605425e-06, 2.54606311501e-06, 1.26533825551e-06, 1.30271405396e-06, 5.33019317572e-07, 4.23438478947e-07, 3.83608494303e-07, 7.1898546139e-07, 6.36967683931e-07, 1.88524424516e-07, 1.76196294888e-07, 1.13652134814e-07, 9.03625263504e-08, 7.70925581151e-08, 6.00778378157e-08, 4.95101915021e-08, 5.63335795789e-08, 1.06052119975e-07, 1.30534047571e-07, 5.7717780777e-08, 7.18872712469e-08, 7.77996191914e-08, 4.57690845224e-08, 2.42127402572e-08, 1.66908300514e-08, 9.52122114484e-09, 8.14782996628e-09, 6.90195367525e-09, 6.33675734107e-09, 6.34643759767e-09, 6.72568001292e-09, 4.87277862504e-09, 5.08864905768e-09, 3.13346526504e-09],
        "median": [0.0040098009631, 0.0510302260518, 0.0129192247987, 0.00087040103972, 5.9157366195e-05, 9.04938315216e-06, 1.92849097402e-06, 1.64800724178e-06, 6.20782770966e-07, 7.82048914516e-07, 1.52623840677e-07, 1.50646826569e-07, 1.66531094692e-07, 4.81249401219e-07, 4.1782760718e-07, 6.62531434159e-08, 7.42007415511e-08, 3.88622929393e-08, 2.72576858862e-08, 2.56722891834e-08, 1.7754274495e-08, 1.47303502729e-08, 2.63678856527e-08, 7.59431415531e-08, 9.3642164245e-08, 3.67018877512e-08, 5.34482893499e-08, 5.93551057193e-08, 2.90521242619e-08, 1.21084262616e-08, 6.99620761324e-09, 2.02369676572e-09, 1.79524239918e-09, 1.44949452441e-09, 1.52045298574e-09, 2.13019379913e-09, 2.65398991672e-09, 1.60456969933e-09, 2.21594587124e-09, 7.09137304433e-10],
        "min": [0.00040608382551, 0.000963168102317, 0.000837587518618, 0.00027098582359, 2.79026080534e-05, 1.3011676856e-06, 4.86521798848e-07, 5.64320657759e-07, 2.10699383274e-07, 3.35290849307e-07, 4.80362061239e-08, 1.58895705482e-08, 3.47491031505e-08, 4.44251426757e-08, 1.91327895749e-08, 1.54863570856e-08, 1.19588783321e-08, 7.64712204671e-09, 8.07015076987e-09, 5.83307357971e-09, 5.88235327115e-09, 5.64480506782e-09, 8.55795434518e-09, 2.69749218518e-08, 2.58514631923e-08, 1.1513852094e-08, 1.19685417133e-08, 1.0229640246e-08, 5.11970199568e-09, 1.76474279634e-09, 1.91078308731e-09, 7.24290738496e-10, 5.77571213078e-10, 5.02726693608e-10, 3.35376337812e-10, 4.76873929234e-10, 5.78343706259e-10, 4.60205901165e-10, 6.91022516985e-10, 2.2633765695e-10],
        "var": [1.62085228794e-07, 6.26292312518e-05, 2.8353622838e-05, 1.82336961529e-07, 2.61002441881e-09, 6.97126578686e-10, 1.82338200094e-10, 4.91041721173e-11, 2.9576573829e-11, 1.8237392499e-11, 1.21130362685e-11, 6.50545199307e-12, 4.20836282489e-12, 2.43133746643e-12, 1.8347567389e-12, 1.22197889828e-12, 7.35880648951e-13, 4.82705184417e-13, 3.05847713692e-13, 2.04654110499e-13, 1.44547676779e-13, 9.99528151219e-14, 6.53711229571e-14, 5.05466132004e-14, 4.15017006221e-14, 2.78930524511e-14, 2.08821455001e-14, 1.53997654066e-14, 1.2110367166e-14, 7.97609930035e-15, 6.09918863868e-15, 4.43440001448e-15, 3.3637440164e-15, 2.4493579738e-15, 1.88821749272e-15, 1.35599842224e-15, 1.02342141753e-15, 8.29768562905e-16, 6.38768191953e-16, 5.05574537398e-16]
    },
    "mfcc": {
        "mean": [-862.38470459, 197.121185303, 70.3798828125, 86.7625045776, 39.6111793518, 25.5375900269, 45.0314941406, 9.13258266449, -4.54254007339, 5.06166887283, -2.65925168991, 2.64115738869, -8.73188781738],
        "cov": [[789.487304688, -268.285644531, -174.286010742, -175.882293701, -75.6542358398, 26.4567584991, -63.6164588928, 22.4228382111, 12.4623003006, 17.1468200684, -6.71189212799, 18.6958637238, -15.6702461243], [-268.285644531, 137.257629395, 65.6957702637, 47.607624054, 30.7385997772, -19.7651863098, -0.750694990158, -12.9236440659, -1.23915708065, -20.3980503082, -1.74849736691, -21.4253730774, 14.5858249664], [-174.286010742, 65.6957702637, 84.5863113403, 59.062915802, 26.5840301514, -31.8690166473, -23.0676403046, -10.7870569229, -3.26180887222, -13.9868392944, -21.5842113495, -17.668718338, 11.6155052185], [-175.882293701, 47.607624054, 59.062915802, 98.9311447144, 35.777130127, -14.6675958633, 11.9514989853, -3.37000441551, -7.1406121254, -7.46615171432, -24.4535427094, -12.8736925125, -6.15825033188], [-75.6542358398, 30.7385997772, 26.5840301514, 35.777130127, 36.325378418, -9.04397583008, -7.64696216583, -1.57275819778, -3.70248126984, -4.89245700836, -15.4426202774, -9.89367294312, -3.44586181641], [26.4567584991, -19.7651863098, -31.8690166473, -14.6675958633, -9.04397583008, 36.2029762268, 32.1958580017, 5.40058898926, -7.2521739006, 11.1263313293, 12.2276697159, 16.2432918549, -8.74336528778], [-63.6164588928, -0.750694990158, -23.0676403046, 11.9514989853, -7.64696216583, 32.1958580017, 72.1011505127, 11.9883890152, -10.8946695328, 12.6619119644, 15.7525939941, 22.7659702301, -14.7929573059], [22.4228382111, -12.9236440659, -10.7870569229, -3.37000441551, -1.57275819778, 5.40058898926, 11.9883890152, 16.6409759521, 0.635391414165, -0.161786139011, -3.82605886459, -0.375808864832, -5.68244934082], [12.4623003006, -1.23915708065, -3.26180887222, -7.1406121254, -3.70248126984, -7.2521739006, -10.8946695328, 0.635391414165, 19.1735877991, -0.173101484776, 0.986117660999, -9.8620262146, 2.35969471931], [17.1468200684, -20.3980503082, -13.9868392944, -7.46615171432, -4.89245700836, 11.1263313293, 12.6619119644, -0.161786139011, -0.173101484776, 18.650384903, 9.31202602386, 12.004948616, -7.56907653809], [-6.71189212799, -1.74849736691, -21.5842113495, -24.4535427094, -15.4426202774, 12.2276697159, 15.7525939941, -3.82605886459, 0.986117660999, 9.31202602386, 35.3211517334, 10.403301239, 0.503253281116], [18.6958637238, -21.4253730774, -17.668718338, -12.8736925125, -9.89367294312, 16.2432918549, 22.7659702301, -0.375808864832, -9.8620262146, 12.004948616, 10.403301239, 30.8310871124, -3.33026123047], [-15.6702461243, 14.5858249664, 11.6155052185, -6.15825033188, -3.44586181641, -8.74336528778, -14.7929573059, -5.68244934082, 2.35969471931, -7.56907653809, 0.503253281116, -3.33026123047, 17.8050994873]],
