{
"lowlevel": {
    "average_loudness": 0.950825989246,
    "barkbands_crest": {
        "dmean": 1.15117001534,
        "dmean2": 1.50306594372,
        "dvar": 0.662173867226,
        "dvar2": 1.59029495716,
        "max": 19.4964981079,
        "mean": 14.9471950531,
        "median": 15.443066597,
        "min": 6.46054363251,
        "var": 6.50880050659
    },
    "barkbands_flatness_db": {
        "dmean": 0.0113860247657,
        "dmean2": 0.0174759570509,
        "dvar": 7.65791119193e-05,
        "dvar2": 0.000187402023585,
        "max": 0.263677090406,
        "mean": 0.209790408611,
        "median": 0.210794448853,
        "min": 0.13113553822,
        "var": 0.000543321948498
    },
    "barkbands_kurtosis": {
        "dmean": 4.05917310715,
        "dmean2": 6.31970500946,
        "dvar": 11.9706335068,
        "dvar2": 30.6572914124,
        "max": 50.3337554932,
        "mean": 21.4494533539,
        "median": 19.6330833435,
        "min": 2.63295841217,
        "var": 111.955856323
    },
    "barkbands_skewness": {
        "dmean": 0.364966720343,
        "dmean2": 0.576309025288,
        "dvar": 0.087141610682,
        "dvar2": 0.226539373398,
        "max": 6.44272994995,
        "mean": 4.34583997726,
        "median": 4.33675432205,
        "min": 2.0125041008,
        "var": 0.952606856823
    },
    "barkbands_spread": {
        "dmean": 1.92254173756,
        "dmean2": 3.06588721275,
        "dvar": 3.9368789196,
        "dvar2": 10.0594472885,
        "max": 31.6139850616,
        "mean": 10.0555496216,
        "median": 9.00018024445,
        "min": 3.564442873,
        "var": 25.072593689
    },
    "dissonance": {
        "dmean": 0.00708784069866,
        "dmean2": 0.0114579098299,
        "dvar": 3.69969748135e-05,
        "dvar2": 9.2910733656e-05,
        "max": 0.498783677816,
        "mean": 0.483593523502,
        "median": 0.484521210194,
        "min": 0.438159555197,
        "var": 6.56400807202e-05
    },
    "dynamic_complexity": 1.30945074558,
    "erbbands_crest": {
        "dmean": 0.91941511631,
        "dmean2": 1.39475250244,
        "dvar": 0.650666415691,
        "dvar2": 1.59913122654,
        "max": 15.0628709793,
        "mean": 7.05264282227,
        "median": 6.89521169662,
        "min": 4.25445699692,
        "var": 2.57027745247
    },
    "erbbands_flatness_db": {
        "dmean": 0.0061598024331,
        "dmean2": 0.00957859028131,
        "dvar": 2.15799755097e-05,
        "dvar2": 5.73567413085e-05,
        "max": 0.177846744657,
        "mean": 0.14106631279,
        "median": 0.13992524147,
        "min": 0.115600772202,
        "var": 0.000108694810478
    },
    "erbbands_kurtosis": {
        "dmean": 0.194771155715,
        "dmean2": 0.312862336636,
        "dvar": 0.0464610233903,
        "dvar2": 0.120058007538,
        "max": 0.860734701157,
        "mean": -1.31050121784,
        "median": -1.40490531921,
        "min": -1.78497123718,
        "var": 0.160166680813
    },
    "erbbands_skewness": {
        "dmean": 0.181347474456,
        "dmean2": 0.279532104731,
        "dvar": 0.0214078705758,
        "dvar2": 0.0559442825615,
        "max": 0.631548643112,
        "mean": -0.233765780926,
        "median": -0.279875397682,
        "min": -1.32453215122,
        "var": 0.170372128487
    },
    "erbbands_spread": {
        "dmean": 5.30234193802,
        "dmean2": 8.33599376678,
        "dvar": 16.0036354065,
        "dvar2": 44.2823753357,
        "max": 100.667541504,
        "mean": 79.5938491821,
        "median": 79.7280578613,
        "min": 44.7122306824,
        "var": 106.655357361
    },
    "hfc": {
        "dmean": 3.24089193344,
        "dmean2": 4.63068628311,
        "dvar": 9.61105537415,
        "dvar2": 21.7915401459,
        "max": 49.8287620544,
        "mean": 21.5424613953,
        "median": 21.1721820831,
        "min": 5.55286693573,
        "var": 33.7954216003
    },
    "melbands_crest": {
        "dmean": 1.07989609241,
        "dmean2": 1.6205842495,
        "dvar": 0.754927754402,
        "dvar2": 1.74696063995,
        "max": 27.6614665985,
        "mean": 23.7640609741,
        "median": 24.6450080872,
        "min": 11.7902812958,
        "var": 9.60838413239
    },
    "melbands_flatness_db": {
        "dmean": 0.0134912803769,
        "dmean2": 0.0208482220769,
        "dvar": 0.000119171883853,
        "dvar2": 0.000281433545751,
        "max": 0.395699441433,
        "mean": 0.328166812658,
        "median": 0.32844081521,
        "min": 0.235131278634,
        "var": 0.000774633313995
    },
    "melbands_kurtosis": {
        "dmean": 11.8619995117,
        "dmean2": 18.737197876,
        "dvar": 95.8368911743,
        "dvar2": 250.55140686,
        "max": 174.292297363,
        "mean": 85.7447509766,
        "median": 77.1105194092,
        "min": 18.5643577576,
        "var": 1295.39941406
    },
    "melbands_skewness": {
        "dmean": 0.519435167313,
        "dmean2": 0.822916090488,
        "dvar": 0.181177914143,
        "dvar2": 0.477550923824,
        "max": 11.2730340958,
        "mean": 8.21855831146,
        "median": 8.06358528137,
        "min": 4.17406797409,
        "var": 2.49674129486
    },
    "melbands_spread": {
        "dmean": 1.03186058998,
        "dmean2": 1.65083658695,
        "dvar": 1.27895009518,
        "dvar2": 3.34036636353,
        "max": 17.7615871429,
        "mean": 5.35266494751,
        "median": 4.72900390625,
        "min": 1.88775527477,
        "var": 8.42738056183
    },
    "pitch_salience": {
        "dmean": 0.0315258949995,
        "dmean2": 0.0483324490488,
        "dvar": 0.000564214831684,
        "dvar2": 0.00151942006778,
        "max": 0.693162977695,
        "mean": 0.545047342777,
        "median": 0.540817677975,
        "min": 0.4105489254,
        "var": 0.00253049796447
    },
    "silence_rate_20dB": {
        "dmean": 0,
        "dmean2": 0,
        "dvar": 0,
        "dvar2": 0,
        "max": 1,
        "mean": 1,
        "median": 1,
        "min": 1,
        "var": 0
    },
    "silence_rate_30dB": {
        "dmean": 0.0556586273015,
        "dmean2": 0.111524164677,
        "dvar": 0.0525605231524,
        "dvar2": 0.147412568331,
        "max": 1,
        "mean": 0.612962961197,
        "median": 1,
        "min": 0,
        "var": 0.23723898828
    },
    "silence_rate_60dB": {
        "dmean": 0,
        "dmean2": 0,
        "dvar": 0,
        "dvar2": 0,
        "max": 0,
        "mean": 0,
        "median": 0,
        "min": 0,
        "var": 0
    },
    "spectral_centroid": {
        "dmean": 174.469924927,
        "dmean2": 277.977539062,
        "dvar": 25000.4882812,
        "dvar2": 59463.4570312,
        "max": 2316.00146484,
        "mean": 1150.2331543,
        "median": 1137.72998047,
        "min": 509.084625244,
        "var": 138340.40625
    },
    "spectral_complexity": {
        "dmean": 3.48051953316,
        "dmean2": 5.69888496399,
        "dvar": 8.73571109772,
        "dvar2": 23.2327346802,
        "max": 35,
        "mean": 18.7333335876,
        "median": 18,
        "min": 7,
        "var": 19.1103610992
    },
    "spectral_decrease": {
        "dmean": 2.84650902849e-09,
        "dmean2": 4.18065226881e-09,
        "dvar": 5.71924214689e-18,
        "dvar2": 1.29039943948e-17,
        "max": -2.95569546616e-09,
        "mean": -2.58657308905e-08,
        "median": -2.31940262552e-08,
        "min": -5.15659479561e-08,
        "var": 1.04018041438e-16
    },
    "spectral_energy": {
        "dmean": 0.0109426630661,
        "dmean2": 0.016028534621,
        "dvar": 8.43485686346e-05,
        "dvar2": 0.000189400074305,
        "max": 0.198126509786,
        "mean": 0.0995771735907,
        "median": 0.0895310044289,
        "min": 0.011659133248,
        "var": 0.00151276960969
    },
    "spectral_energyband_high": {
        "dmean": 0.000269877869869,
        "dmean2": 0.000428937899414,
        "dvar": 8.22271175593e-08,
        "dvar2": 1.96592651491e-07,
        "max": 0.00402563391253,
        "mean": 0.000786738703027,
        "median": 0.000680264784023,
        "min": 0.000172424217453,
        "var": 1.82814687832e-07
    },
    "spectral_energyband_low": {
        "dmean": 0.0101443948224,
        "dmean2": 0.0151065466926,
        "dvar": 6.69415458106e-05,
        "dvar2": 0.000163810211234,
        "max": 0.166490703821,
        "mean": 0.0857497677207,
        "median": 0.079549074173,
        "min": 0.00877839513123,
        "var": 0.00119817000814
    },
    "spectral_energyband_middle_high": {
        "dmean": 0.000606266548857,
        "dmean2": 0.00093396945158,
        "dvar": 3.59860678145e-07,
        "dvar2": 8.8420603106e-07,
        "max": 0.00737041281536,
        "mean": 0.00293183489703,
        "median": 0.00282751349732,
        "min": 0.000968300795648,
        "var": 7.27185351934e-07
    },
    "spectral_energyband_middle_low": {
        "dmean": 0.00254121003672,
        "dmean2": 0.00349957030267,
        "dvar": 5.65824529986e-06,
        "dvar2": 1.09597494884e-05,
        "max": 0.0345845669508,
        "mean": 0.0109028480947,
        "median": 0.00784994289279,
        "min": 0.00230531673878,
        "var": 5.58469473617e-05
    },
    "spectral_entropy": {
        "dmean": 0.0927769616246,
        "dmean2": 0.137543216348,
        "dvar": 0.00596724171191,
        "dvar2": 0.0131991403177,
        "max": 8.26883506775,
        "mean": 7.39982938766,
        "median": 7.40411472321,
        "min": 6.96542310715,
        "var": 0.0247238818556
    },
    "spectral_flux": {
        "dmean": 0.011350473389,
        "dmean2": 0.0198926907033,
        "dvar": 8.20958812255e-05,
        "dvar2": 0.000217842243728,
        "max": 0.156735405326,
        "mean": 0.0569664724171,
        "median": 0.0547568909824,
        "min": 0.0336496904492,
        "var": 0.000164621771546
    },
    "spectral_kurtosis": {
        "dmean": 0.743629574776,
        "dmean2": 1.2532531023,
        "dvar": 0.412424266338,
        "dvar2": 1.35053026676,
        "max": 6.71266937256,
        "mean": 3.46288776398,
        "median": 3.40051746368,
        "min": 1.68881511688,
        "var": 0.650090992451
    },
    "spectral_rms": {
        "dmean": 0.000539491826203,
        "dmean2": 0.000791927508544,
        "dvar": 1.81653831532e-07,
        "dvar2": 4.11106640286e-07,
        "max": 0.0139030264691,
        "mean": 0.00966485682875,
        "median": 0.00934597849846,
        "min": 0.00337264942937,
        "var": 3.73897478312e-06
    },
    "spectral_rolloff": {
        "dmean": 16.2198162079,
        "dmean2": 29.017791748,
        "dvar": 3052.35742188,
        "dvar2": 8992.59570312,
        "max": 689.0625,
        "mean": 150.812698364,
        "median": 129.19921875,
        "min": 129.19921875,
        "var": 3419.19677734
    },
    "spectral_skewness": {
        "dmean": 0.138840585947,
        "dmean2": 0.220171302557,
        "dvar": 0.0161210484803,
        "dvar2": 0.0387508347631,
        "max": 2.44715571404,
        "mean": 0.913330614567,
        "median": 0.922573685646,
        "min": 0.372995555401,
        "var": 0.0302922893316
    },
    "spectral_spread": {
        "dmean": 158365.203125,
        "dmean2": 246506,
        "dvar": 277249654784,
        "dvar2": 303718400000,
        "max": 15353567,
        "mean": 3847572,
        "median": 3821633.5,
        "min": 3162007.25,
        "var": 281334874112
    },
    "spectral_strongpeak": {
        "dmean": 0.22702999413,
        "dmean2": 0.409552186728,
        "dvar": 0.0566964037716,
        "dvar2": 0.0846845954657,
        "max": 1.88664484024,
        "mean": 1.0744894743,
        "median": 1.04757714272,
        "min": 0.0740137696266,
        "var": 0.131909191608
    },
    "zerocrossingrate": {
        "dmean": 0.00311992689967,
        "dmean2": 0.00424205698073,
        "dvar": 6.93058018442e-06,
        "dvar2": 1.3092433619e-05,
        "max": 0.05126953125,
        "mean": 0.0194706674665,
        "median": 0.01806640625,
        "min": 0.00732421875,
        "var": 5.17415210197e-05
    },
    "barkbands": {
        "dmean": [0.000896910263691, 0.00508887227625, 0.0065087787807, 0.00144938903395, 0.00133617501706, 6.88959044055e-05, 5.51759585505e-05, 9.06445347937e-05, 9.71033441601e-05, 3.84912200388e-05, 2.68023432e-05, 3.13562304655e-05, 0.000101711462776, 0.000196960842004, 4.51820378657e-05, 2.57232040894e-05, 7.81981943874e-05, 0.000225235169637, 0.00023991256603, 0.000148963808897, 0.000191771861864, 2.44773054874e-05, 1.16517076094e-05, 2.55121767623e-06, 1.13696216886e-06, 1.16025989882e-06, 2.13221778722e-06],
        "dmean2": [0.0013913847506, 0.00700185727328, 0.00985908973962, 0.00218404899351, 0.0018494311953, 0.00011260635074, 9.48170054471e-05, 0.00016123460955, 0.000135583803058, 6.20762366452e-05, 4.39442119387e-05, 5.13525519636e-05, 0.000155912945047, 0.000313594500767, 7.62189301895e-05, 4.18966592406e-05, 0.000113848487672, 0.000338591460604, 0.000386468047509, 0.000236052786931, 0.000311220326694, 3.809860209e-05, 1.7827935153e-05, 3.80194956051e-06, 1.76790570094e-06, 1.90677019418e-06, 3.54800931746e-06],
        "dvar": [4.18361082666e-07, 1.53938872245e-05, 2.87260663754e-05, 2.06347021958e-06, 1.51496544731e-06, 3.93272658883e-09, 3.23186299944e-09, 7.9186426305e-09, 1.05539204043e-08, 2.45014075695e-09, 8.9621315924e-10, 9.50157730273e-10, 8.16361556133e-09, 3.5094998907e-08, 2.93787860706e-09, 7.08480274447e-10, 3.95063048941e-09, 4.83488022951e-08, 1.17820064816e-07, 2.89042549895e-08, 4.66731542303e-08, 8.4694012914e-10, 1.95560873051e-10, 6.75284437743e-12, 1.09033366103e-12, 1.29767420767e-12, 2.55150393001e-12],
        "dvar2": [1.01673015251e-06, 3.62126993423e-05, 7.23517223378e-05, 4.6052059588e-06, 2.93026982945e-06, 1.07542970085e-08, 8.88983020531e-09, 2.12204156469e-08, 2.16662865427e-08, 6.46512621216e-09, 2.32625452234e-09, 2.31037833309e-09, 1.75038721295e-08, 9.84664438874e-08, 8.00079824614e-09, 1.81022219436e-09, 8.95988527816e-09, 1.04510462506e-07, 3.05574815229e-07, 6.78107312524e-08, 1.15449374505e-07, 2.04878025656e-09, 4.53046489213e-10, 1.6295015684e-11, 2.38265115103e-12, 3.35721251146e-12, 7.58347638158e-12],
        "max": [0.00920144282281, 0.0487423725426, 0.112701304257, 0.0191394947469, 0.0152833238244, 0.000688133644871, 0.000440285366494, 0.00077984505333, 0.00198132055812, 0.000439945957623, 0.000275711034192, 0.000306880741846, 0.00140990584623, 0.00190712674521, 0.000522085116245, 0.000266671209829, 0.000882241060026, 0.00228142784908, 0.00398879079148, 0.00158838776406, 0.00373765616678, 0.000244542548899, 0.000105332568637, 2.3691682145e-05, 1.06997831608e-05, 1.31209171741e-05, 2.33494174608e-05],
        "mean": [0.00611429661512, 0.0220265891403, 0.0568157844245, 0.00532700773329, 0.00460964767262, 0.000186768738786, 9.44955609157e-05, 0.000141540993354, 0.000536636973266, 6.51565351291e-05, 4.66240308015e-05, 7.43640412111e-05, 0.000318779377267, 0.000555715465453, 8.32475343486e-05, 6.11830619164e-05, 0.000386606727261, 0.000665283121634, 0.000512320315465, 0.00034528033575, 0.000501086411532, 4.48277896794e-05, 2.25471358135e-05, 6.74024340697e-06, 3.97778194383e-06, 4.14476562582e-06, 1.69846935023e-05],
        "median": [0.00614501303062, 0.0211447477341, 0.0520110838115, 0.00361023284495, 0.00328000937589, 0.000171855295775, 7.97019456513e-05, 0.000117460658657, 0.000477687339298, 4.9559668696e-05, 3.53400064341e-05, 6.37263947283e-05, 0.000281071697827, 0.000511875317898, 6.8188062869e-05, 5.18790948263e-05, 0.000385166029446, 0.000593978795223, 0.000408121035434, 0.0002852306352, 0.00040867284406, 3.39690705005e-05, 1.74279084604e-05, 5.80286950935e-06, 3.66798280993e-06, 3.83856468034e-06, 1.69805935002e-05],
        "min": [0.00039482981083, 0.00168937142007, 0.00360308680683, 0.000100070683402, 0.000460765440948, 4.15567410528e-05, 1.32669492814e-05, 1.13740816232e-05, 1.44572077261e-05, 8.04424871603e-06, 5.38701078767e-06, 8.83069424162e-06, 4.20406468038e-05, 4.55445551779e-05, 7.88353918324e-06, 1.35190693982e-05, 5.53768077225e-05, 7.32841508579e-05, 9.84159414656e-05, 3.82531543437e-05, 7.80660411692e-05, 3.61789966519e-06, 1.85191152013e-06, 1.26677218759e-06, 1.41568739309e-06, 1.38672703542e-06, 1.04991404442e-05],
        "var": [1.74711340151e-06, 7.50396357034e-05, 0.000664328341372, 1.85900553333e-05, 1.20075046652e-05, 7.04015157282e-09, 3.90506027514e-09, 9.34132149411e-09, 1.40408857874e-07, 3.04262393058e-09, 1.37820854729e-09, 1.87852933209e-09, 3.25513624944e-08, 9.34951813747e-08, 3.3676454958e-09, 1.39768285834e-09, 1.66799445367e-08, 1.4176268337e-07, 1.29290967266e-07, 3.91848935521e-08, 1.32939405262e-07, 1.26567389902e-09, 3.07219361062e-10, 1.27127605318e-11, 2.23823975846e-12, 2.31077375117e-12, 3.60486250225e-12]
    },
    "erbbands": {
        "dmean": [0.205654665828, 1.08975887299, 6.1327457428, 5.13223981857, 6.76303672791, 2.60089921951, 0.571264624596, 0.715276181698, 0.511942923069, 1.81006467342, 1.20167553425, 2.86279845238, 0.757048845291, 1.75518858433, 1.06272137165, 1.23125219345, 5.30888938904, 9.20522212982, 4.08729171753, 1.52051115036, 1.68767178059, 6.25335931778, 9.90398979187, 10.0441904068, 9.20427322388, 7.05833387375, 11.7444934845, 2.82131648064, 0.998974084854, 0.605732083321, 0.281430840492, 0.0659635439515, 0.0485624410212, 0.0143968528137, 0.00904489122331, 0.0059969490394, 0.00229272479191, 0.00067402550485, 0.000319661281537, 4.71591665701e-05],
        "dmean2": [0.320552825928, 1.43372929096, 9.34478855133, 7.62840175629, 9.48413085938, 3.54063105583, 0.83242046833, 1.12729942799, 0.842204809189, 3.14535188675, 2.0624601841, 4.01279401779, 1.13045859337, 2.80476021767, 1.803586483, 1.98344063759, 7.89109516144, 14.7699871063, 6.68617963791, 2.53771686554, 2.7014477253, 9.33405208588, 14.7539997101, 16.5886230469, 14.655081749, 11.414276123, 19.3428058624, 4.32940149307, 1.57317972183, 0.942719757557, 0.426326692104, 0.0983321666718, 0.0746193006635, 0.0224851816893, 0.0136470096186, 0.00918192323297, 0.00397950876504, 0.00113257416524, 0.000539386470336, 7.84894145909e-05],
        "dvar": [0.023707639426, 0.777103543282, 25.4499511719, 18.2254524231, 44.801864624, 4.18998193741, 0.333287894726, 0.407433182001, 0.330593854189, 3.43179988861, 1.4475697279, 9.38219833374, 0.605583071709, 4.92550706863, 1.28532040119, 1.68995213509, 23.640291214, 87.6679382324, 16.027973175, 2.84120869637, 2.84459471703, 31.5123920441, 96.4857940674, 187.864074707, 145.867050171, 68.9215698242, 181.017150879, 8.66182899475, 1.38464605808, 0.573183834553, 0.108004361391, 0.00529495440423, 0.00278139859438, 0.000150796331582, 7.81978887971e-05, 4.23453202529e-05, 5.1893989621e-06, 2.68626649813e-07, 6.14625434991e-08, 1.2887410028e-09],
        "dvar2": [0.0626880526543, 1.58835756779, 66.9661560059, 42.5353317261, 85.3972167969, 7.69234371185, 0.730910181999, 1.02579247952, 0.890940546989, 8.96378898621, 3.57463097572, 19.3157100677, 1.47602593899, 12.0745267868, 3.59737849236, 4.16638755798, 49.1649475098, 246.161712646, 45.0454750061, 8.01137638092, 7.24304294586, 67.8518218994, 209.577377319, 481.370819092, 352.690673828, 164.430969238, 432.551849365, 19.324596405, 3.2889649868, 1.37201464176, 0.255405932665, 0.0121981287375, 0.00688734836876, 0.000375269009965, 0.00016942176444, 0.000103270271211, 1.44709747474e-05, 8.37171342027e-07, 1.87667609453e-07, 3.67794172895e-09],
        "max": [1.51120746136, 13.0209970474, 116.963447571, 69.2501068115, 97.8445358276, 24.795923233, 7.17085695267, 6.48654937744, 4.90091323853, 14.7331218719, 13.7104206085, 59.6625328064, 9.91171646118, 17.58634758, 11.8414020538, 16.0155487061, 77.4520568848, 99.7366485596, 48.1774253845, 17.0356063843, 16.7005233765, 65.9494247437, 109.165260315, 157.849807739, 126.947341919, 74.7248458862, 237.052017212, 30.1419296265, 10.4287576675, 5.57294225693, 2.44194030762, 0.748073101044, 0.45135936141, 0.117942854762, 0.0925984680653, 0.0764380171895, 0.0235597658902, 0.00574480509385, 0.0032393434085, 0.000616226694547],
        "mean": [0.808934032917, 5.44805383682, 60.6735229492, 30.2842216492, 29.0066757202, 7.14519357681, 1.61995530128, 1.84103941917, 1.11272358894, 2.82931137085, 2.96449661255, 16.4291801453, 3.16777443886, 2.97588133812, 2.08541488647, 4.02114677429, 17.260383606, 24.9279918671, 12.7216358185, 3.60811471939, 5.51308822632, 26.5619297028, 33.2360649109, 23.3079490662, 20.5465965271, 17.7173156738, 30.6174049377, 6.66698789597, 1.8990932703, 1.12646770477, 0.545527517796, 0.164576664567, 0.12287209183, 0.0471092760563, 0.0279194619507, 0.016881313175, 0.00740863382816, 0.00368153792806, 0.00195251440164, 0.000439473835286],
        "median": [0.79202234745, 5.17336273193, 54.8229446411, 25.9738330841, 18.7228164673, 6.21102333069, 1.36104393005, 1.70627176762, 0.970309853554, 2.22554349899, 2.69017553329, 14.5453529358, 2.80013012886, 2.17058372498, 1.74563765526, 3.59918832779, 15.3176050186, 23.3371353149, 11.7364330292, 3.16289281845, 4.9528427124, 25.6665000916, 30.0720233917, 19.3159408569, 16.5711364746, 15.1295433044, 24.9076347351, 5.52039909363, 1.44800972939, 0.850723445415, 0.417119503021, 0.140438050032, 0.10206437856, 0.043329782784, 0.0247276946902, 0.0146463420242, 0.00707771163434, 0.0036515367683, 0.00192141055595, 0.000437433249317],
        "min": [0.0774062722921, 0.368517875671, 3.69877457619, 4.72981595993, 1.96923005581, 1.50522184372, 0.440807163715, 0.397010803223, 0.28380599618, 0.250531315804, 0.337470114231, 0.362557828426, 0.396573454142, 0.266273140907, 0.363652914762, 0.816356956959, 2.35833406448, 2.85043764114, 1.9948682785, 0.562354803085, 1.4398496151, 2.93652296066, 3.59088182449, 6.37242174149, 4.3006196022, 3.45293688774, 5.16819095612, 0.922510325909, 0.165925890207, 0.0884451344609, 0.0465930365026, 0.0269000325352, 0.0300091598183, 0.0167448427528, 0.00887006241828, 0.00506738107651, 0.00236018514261, 0.00205663125962, 0.00115144555457, 0.000227493976126],
        "var": [0.056777421385, 6.51143026352, 747.372131348, 218.325790405, 598.725402832, 14.8302736282, 0.874091386795, 0.865840256214, 0.397937476635, 3.99898147583, 2.2317340374, 134.982437134, 2.81982326508, 6.85133218765, 1.72220754623, 3.89852070808, 96.3070526123, 174.898712158, 38.7695159912, 3.56254243851, 7.45203447342, 105.420791626, 324.807861328, 219.607452393, 176.259506226, 88.3646774292, 527.921081543, 15.1462259293, 2.02652192116, 0.840718448162, 0.173254922032, 0.00937534403056, 0.00438821362332, 0.000300274579786, 0.000182415504241, 8.34607708384e-05, 6.77653770254e-06, 4.21251712623e-07, 8.26050410296e-08, 3.34143779313e-09]
    },
    "gfcc": {
        "mean": [17.7110977173, 99.0609359741, -94.1223526001, 69.3672637939, -3.47833561897, 1.04779064655, 1.36645257473, 0.703305482864, -20.2870845795, -1.83049869537, -16.5064640045, -19.7636127472, -22.1995601654],
        "cov": [[184.491607666, -28.3145179749, -12.2110748291, 61.5348014832, -47.8534431458, 40.064743042, 8.89626693726, 14.0926532745, 14.1319980621, -18.0012874603, -15.6988964081, 13.9507465363, -14.7233190536], [-28.3145179749, 33.0397911072, 17.8615951538, -14.0324430466, 17.1230754852, -7.27071142197, -2.08468461037, -6.96849966049, -6.78042078018, -3.19850635529, -3.02842855453, -7.3287858963, 0.380515247583], [-12.2110748291, 17.8615951538, 44.5553970337, 7.05313968658, 15.8089122772, 6.27795171738, -7.02558946609, -6.165807724, -12.4196491241, -4.91391468048, -7.28883266449, -3.13742756844, -3.18642663956], [61.5348014832, -14.0324430466, 7.05313968658, 53.8056793213, 2.39021372795, 10.2947435379, -5.4540309906, -8.67381000519, -8.479804039, -8.28771591187, -8.87748908997, 0.71111369133, -8.48355102539], [-47.8534431458, 17.1230754852, 15.8089122772, 2.39021372795, 52.6598892212, -2.62733960152, -13.5494165421, -21.1612281799, -18.5443058014, 4.76300382614, 0.37478223443, -9.42851638794, -3.08228206635], [40.064743042, -7.27071142197, 6.27795171738, 10.2947435379, -2.62733960152, 36.6338043213, 6.02360773087, -1.08584284782, 5.21683549881, -4.85880088806, -3.04002308846, 6.95006036758, -5.43590211868], [8.89626693726, -2.08468461037, -7.02558946609, -5.4540309906, -13.5494165421, 6.02360773087, 21.8535003662, 14.9836149216, 8.49476623535, -7.82567358017, -4.80031681061, 2.83041191101, -0.485202640295], [14.0926532745, -6.96849966049, -6.165807724, -8.67381000519, -21.1612281799, -1.08584284782, 14.9836149216, 40.0407409668, 21.0496082306, -9.2445526123, -4.93965196609, 1.79684507847, -2.56900978088], [14.1319980621, -6.78042078018, -12.4196491241, -8.479804039, -18.5443058014, 5.21683549881, 8.49476623535, 21.0496082306, 30.9475078583, 0.581137657166, 1.29549729824, 3.3702070713, -5.59209108353], [-18.0012874603, -3.19850635529, -4.91391468048, -8.28771591187, 4.76300382614, -4.85880088806, -7.82567358017, -9.2445526123, 0.581137657166, 23.5640449524, 11.097992897, -4.95683002472, 1.95053005219], [-15.6988964081, -3.02842855453, -7.28883266449, -8.87748908997, 0.37478223443, -3.04002308846, -4.80031681061, -4.93965196609, 1.29549729824, 11.097992897, 17.1828117371, 2.49876642227, 0.285833358765], [13.9507465363, -7.3287858963, -3.13742756844, 0.71111369133, -9.42851638794, 6.95006036758, 2.83041191101, 1.79684507847, 3.3702070713, -4.95683002472, 2.49876642227, 15.7170705795, 1.08500444889], [-14.7233190536, 0.380515247583, -3.18642663956, -8.48355102539, -3.08228206635, -5.43590211868, -0.485202640295, -2.56900978088, -5.59209108353, 1.95053005219, 0.285833358765, 1.08500444889, 16.5380744934]],
        "icov": [[0.0415449365973, -0.0413145534694, 0.0354707911611, -0.0497114658356, 0.0445009954274, -0.045341771096, 0.0289740096778, -0.0272174440324, 0.0225858259946, -0.0221912842244, 0.02646125108, -0.0196260511875, 0.0203675888479], [-0.0413145534694, 0.123608730733, -0.0682338550687, 0.0780701115727, -0.0571962185204, 0.0633836388588, -0.0428617857397, 0.0582120679319, -0.0413396134973, 0.057826757431, -0.0283665489405, 0.0487537011504, -0.0182722117752], [0.0354707911611, -0.0682338550687, 0.0768533200026, -0.0494211539626, 0.0392803885043, -0.0555694401264, 0.0451878383756, -0.0429960303009, 0.0425441078842, -0.0315694771707, 0.0378041490912, -0.0276647098362, 0.0255774669349], [-0.0497114658356, 0.0780701115727, -0.0494211539626, 0.0986250340939, -0.0515535958111, 0.0532334856689, -0.025869878009, 0.0465527363122, -0.0220077391714, 0.0433235391974, -0.0159103795886, 0.0323296040297, -0.00501887872815], [0.0445009954274, -0.0571962185204, 0.0392803885043, -0.0515535958111, 0.0830199792981, -0.0537260137498, 0.0434804372489, -0.0252972599119, 0.0395409911871, -0.0274352654815, 0.0300263874233, -0.0116308787838, 0.0340662151575], [-0.045341771096, 0.0633836388588, -0.0555694401264, 0.0532334856689, -0.0537260137498, 0.0936809405684, -0.0525338128209, 0.0488125570118, -0.0435916520655, 0.0304188914597, -0.0268864072859, 0.0109129082412, -0.01698285155], [0.0289740096778, -0.0428617857397, 0.0451878383756, -0.025869878009, 0.0434804372489, -0.0525338128209, 0.10681219399, -0.0452776551247, 0.0288855619729, -0.00827775988728, 0.0364972800016, -0.0162690710276, 0.0203334521502], [-0.0272174440324, 0.0582120679319, -0.0429960303009, 0.0465527363122, -0.0252972599119, 0.0488125570118, -0.0452776551247, 0.0896775349975, -0.0573050118983, 0.0472733825445, -0.017211297527, 0.0325739197433, -0.0128345377743], [0.0225858259946, -0.0413396134973, 0.0425441078842, -0.0220077391714, 0.0395409911871, -0.0435916520655, 0.0288855619729, -0.0573050118983, 0.096032217145, -0.0397541597486, 0.024483975023, -0.0253669787198, 0.0413549244404], [-0.0221912842244, 0.057826757431, -0.0315694771707, 0.0433235391974, -0.0274352654815, 0.0304188914597, -0.00827775988728, 0.0472733825445, -0.0397541597486, 0.115497708321, -0.063963778317, 0.0612793043256, -0.0229389090091], [0.02646125108, -0.0283665489405, 0.0378041490912, -0.0159103795886, 0.0300263874233, -0.0268864072859, 0.0364972800016, -0.017211297527, 0.024483975023, -0.063963778317, 0.131454572082, -0.0519207045436, 0.0354458093643], [-0.0196260511875, 0.0487537011504, -0.0276647098362, 0.0323296040297, -0.0116308787838, 0.0109129082412, -0.0162690710276, 0.0325739197433, -0.0253669787198, 0.0612793043256, -0.0519207045436, 0.118876963854, -0.0240448806435], [0.0203675888479, -0.0182722117752, 0.0255774669349, -0.00501887872815, 0.0340662151575, -0.01698285155, 0.0203334521502, -0.0128345377743, 0.0413549244404, -0.0229389090091, 0.0354458093643, -0.0240448806435, 0.0983967781067]]
    },
    "melbands": {
        "dmean": [0.00145787012298, 0.00242909765802, 0.000868733099196, 0.000363367871614, 2.55920713244e-05, 1.45101694216e-05, 8.66912796482e-06, 2.11947317439e-05, 8.6577338152e-06, 1.81063951459e-05, 3.46480851476e-06, 7.32124317437e-06, 3.42070029546e-06, 3.70838097297e-06, 6.16620218352e-06, 1.02278736449e-05, 2.11573496927e-05, 8.55904363561e-06, 2.8124122764e-06, 1.73447563157e-06, 2.23067991101e-06, 4.46764806838e-06, 2.1169995307e-05, 2.69864881375e-06, 9.21599803405e-06, 1.048955437e-05, 4.84428755954e-06, 4.7960320444e-06, 9.85087717709e-06, 3.13017926601e-06, 1.30209673443e-06, 5.94721825564e-07, 4.05119578772e-07, 3.1561984315e-07, 1.86464873764e-07, 8.7870567711e-08, 2.82504046822e-08, 4.19333439083e-08, 2.35787513958e-08, 9.36246280503e-09],
        "dmean2": [0.0021833521314, 0.00364687037654, 0.00131947535556, 0.000491471670102, 3.42324638041e-05, 2.30762525462e-05, 1.45300155054e-05, 3.72785252694e-05, 1.45519597936e-05, 2.53441248788e-05, 5.26971871295e-06, 1.1706537407e-05, 5.72903081775e-06, 6.04128217674e-06, 9.22875915421e-06, 1.60733907251e-05, 3.39838588843e-05, 1.37351571539e-05, 4.73518275612e-06, 2.94038341053e-06, 3.54132703251e-06, 6.45807313049e-06, 3.14400713251e-05, 4.43861245003e-06, 1.54011668201e-05, 1.73392490979e-05, 7.80387654231e-06, 7.91191632743e-06, 1.60253002832e-05, 5.17372882314e-06, 1.99002988666e-06, 9.55259679358e-07, 6.34954744783e-07, 4.98070278354e-07, 2.87439462454e-07, 1.34154731768e-07, 4.22126262833e-08, 6.41735056206e-08, 3.90699561592e-08, 1.48132208722e-08],
        "dvar": [1.27148189222e-06, 4.02338719141e-06, 5.57720682082e-07, 1.06494354668e-07, 6.37207897558e-10, 1.71707009722e-10, 9.59220966545e-11, 4.71338801322e-10, 8.14126266402e-11, 3.74928921243e-10, 1.38250851739e-11, 8.67861130183e-11, 1.37086505342e-11, 1.24049494635e-11, 3.59509609582e-11, 7.64957888699e-11, 4.58709042972e-10, 6.42075143054e-11, 1.09577433932e-11, 2.95532500381e-12, 4.91458219606e-12, 1.26853336863e-11, 4.55492948914e-10, 7.08492249243e-12, 1.57952720348e-10, 2.2682095091e-10, 3.08949393846e-11, 3.1616882723e-11, 1.23563090315e-10, 1.12298668628e-11, 2.0871442595e-12, 4.92667105029e-13, 2.48431537928e-13, 1.56681023949e-13, 4.72284734378e-14, 1.05411124233e-14, 6.93005299752e-16, 2.08001031594e-15, 4.81476926505e-16, 5.95521535167e-17],
        "dvar2": [3.18737693306e-06, 1.03207967186e-05, 1.29288412154e-06, 2.03201480531e-07, 1.20957754923e-09, 4.37666070052e-10, 2.56669685506e-10, 1.24704646609e-09, 1.95376242962e-10, 7.66636087945e-10, 3.5309415114e-11, 2.15819750959e-10, 3.77228213944e-11, 3.17771607639e-11, 8.21099924164e-11, 1.74540479292e-10, 1.27609323108e-09, 1.76177850086e-10, 3.0265578238e-11, 8.02859428245e-12, 1.29790882902e-11, 2.82255711859e-11, 1.00308861217e-09, 1.83283440508e-11, 4.1075329249e-10, 5.72825897827e-10, 7.89864701423e-11, 7.43756861654e-11, 2.99409025351e-10, 2.92972521243e-11, 4.45636669927e-12, 1.20285736666e-12, 5.97234447227e-13, 3.70210183039e-13, 1.13902431324e-13, 2.53831854082e-14, 1.58412504136e-15, 4.96611817085e-15, 1.28858412876e-15, 1.42801284578e-16],
        "max": [0.0126275131479, 0.0448237657547, 0.014332444407, 0.00411459570751, 0.000290803145617, 0.000138481060276, 8.32714649732e-05, 0.000174323213287, 0.000110725974082, 0.000375070521841, 4.30832587881e-05, 7.29738530936e-05, 3.94641792809e-05, 3.43922220054e-05, 9.35726202442e-05, 0.000129061256303, 0.00022373496904, 8.87978821993e-05, 2.84760862996e-05, 1.71626888914e-05, 2.08592518902e-05, 4.98633926327e-05, 0.000221734546358, 3.30164984916e-05, 0.00013998101349, 0.000169009232195, 4.51286286989e-05, 4.7890964197e-05, 0.000207326156669, 3.16358818964e-05, 1.38708783197e-05, 5.6651815612e-06, 4.09096082876e-06, 2.95629160973e-06, 1.52966731548e-06, 1.0928346228e-06, 2.3094580115e-07, 3.90653468685e-07, 1.89402058481e-07, 7.66610881442e-08],
        "mean": [0.00643159169704, 0.0225514378399, 0.0061913584359, 0.00128133734688, 7.05853308318e-05, 3.80403180316e-05, 1.82153380592e-05, 3.29984686687e-05, 2.16948374145e-05, 0.000105088285636, 9.90060289041e-06, 1.18985208246e-05, 6.41722317596e-06, 8.30953467812e-06, 2.10567104659e-05, 3.11590156343e-05, 5.45508082723e-05, 2.63075799012e-05, 5.34113905815e-06, 4.23824485551e-06, 6.69104019835e-06, 1.61649531947e-05, 6.58935823594e-05, 8.39875519887e-06, 1.95335305762e-05, 2.05339729291e-05, 1.04038354038e-05, 1.04965492937e-05, 2.36701525864e-05, 7.84429994383e-06, 2.42560417973e-06, 1.02017520476e-06, 7.3106173204e-07, 5.76433762944e-07, 3.47562576053e-07, 1.67946026863e-07, 7.40313765846e-08, 9.5802867861e-08, 6.09638490801e-08, 3.09179206681e-08],
        "median": [0.00628160499036, 0.020455436781, 0.00503626279533, 0.000905818887986, 5.95354176767e-05, 3.53208706656e-05, 1.57045287779e-05, 2.64889604296e-05, 1.96171386051e-05, 9.20117745409e-05, 8.8010874606e-06, 8.53659548739e-06, 5.21999527336e-06, 7.23113089407e-06, 1.88099402294e-05, 2.75765578408e-05, 5.06143042003e-05, 2.31615304074e-05, 4.3770346565e-06, 3.71334317606e-06, 5.97091366217e-06, 1.46533111547e-05, 5.95570891164e-05, 7.71268423705e-06, 1.58686743816e-05, 1.6443338609e-05, 8.44772603159e-06, 8.77678485267e-06, 1.90697828657e-05, 6.64921481075e-06, 1.79288122126e-06, 7.63524667491e-07, 5.35833578397e-07, 4.36728782915e-07, 2.65310688974e-07, 1.269297627e-07, 6.50283809023e-08, 7.86433389521e-08, 5.41638129903e-08, 2.8835675181e-08],
        "min": [0.000659212353639, 0.0017196550034, 0.000744478136767, 0.000128228348331, 1.57228114404e-05, 8.29556029203e-06, 3.83960696126e-06, 1.80088022717e-06, 3.19423043038e-06, 1.99342207452e-06, 1.19038111279e-06, 6.17106536538e-07, 9.5482675988e-07, 1.17773265629e-06, 3.28301484842e-06, 3.70809425476e-06, 4.41411020802e-06, 3.01412705994e-06, 5.85613861404e-07, 8.31549868963e-07, 1.20700474326e-06, 3.09596998704e-06, 2.20629931391e-06, 2.03865397452e-06, 4.39936775365e-06, 3.7643928863e-06, 1.87066802937e-06, 9.58050804911e-07, 3.9120332076e-06, 1.38890288781e-06, 1.33054243179e-07, 8.25747576982e-08, 6.51105054317e-08, 4.40332819096e-08, 2.7353342702e-08, 1.9370187232e-08, 1.06709165948e-08, 1.39546996181e-08, 1.91737647981e-08, 1.03468389412e-08],
        "var": [4.24315021519e-06, 0.000103071746707, 1.05647077362e-05, 9.46500563259e-07, 1.81855697168e-09, 3.52242179869e-10, 1.14555052944e-10, 5.37592692584e-10, 1.34219205195e-10, 5.58011148399e-09, 2.7101529354e-11, 1.18397680549e-10, 1.98522049494e-11, 2.16296251743e-11, 1.33860825202e-10, 2.74722161686e-10, 9.5771734987e-10, 2.01804628563e-10, 1.29375243157e-11, 4.6902716086e-12, 1.33607621494e-11, 5.58917599702e-11, 1.63980784507e-09, 1.38662631724e-11, 1.81830800416e-10, 2.40554326458e-10, 3.89094936826e-11, 3.99400096329e-11, 3.68503144665e-10, 2.02261540849e-11, 3.72781406438e-12, 6.89604298144e-13, 3.66245960426e-13, 2.25845519586e-13, 7.27053576306e-14, 1.65544576609e-14, 1.52281552609e-15, 3.50071220859e-15, 7.68342633542e-16, 1.18234417431e-16]
    },
    "mfcc": {
        "mean": [-637.734924316, 128.898468018, -9.88065624237, 78.4353179932, 16.9309272766, 28.1283130646, 26.7468547821, 8.95650100708, 5.25551557541, 12.778591156, 12.1677074432, 8.10861492157, -16.8377552032],
        "cov": [[257.625854492, -94.8290786743, 26.5345973969, 12.6985225677, -44.5037498474, 31.6405677795, -30.1393909454, 63.5454483032, 7.54687070847, 24.8838253021, -7.04573726654, -34.74974823, 31.314956665], [-94.8290786743, 67.1741485596, -8.41455364227, -6.59261608124, 21.5935783386, -11.4904184341, 12.3364162445, -22.2762832642, -1.33078956604, -10.8514270782, -0.818420469761, 7.80322551727, -9.65225410461], [26.5345973969, -8.41455364227, 31.8608818054, 3.08240818977, -4.87917709351, 3.52663469315, -4.12814474106, 11.8683815002, 2.23578929901, 1.86215138435, -5.24169635773, -7.22058391571, 6.87696838379], [12.6985225677, -6.59261608124, 3.08240818977, 32.9449882507, 11.9604167938, 2.95339727402, 3.7535636425, -2.12770390511, 1.35568249226, -7.14887475967, -3.66590571404, 1.20388257504, -1.75428187847], [-44.5037498474, 21.5935783386, -4.87917709351, 11.9604167938, 46.0731735229, 11.9091567993, 10.0704574585, -20.800693512, -5.49408531189, -15.8836183548, -0.917954564095, 9.74902248383, -8.53403759003], [31.6405677795, -11.4904184341, 3.52663469315, 2.95339727402, 11.9091567993, 41.7863540649, 2.01250314713, 2.1348092556, -7.27083778381, -6.76518011093, -5.56994819641, -8.51745605469, 11.6592636108], [-30.1393909454, 12.3364162445, -4.12814474106, 3.7535636425, 10.0704574585, 2.01250314713, 24.7103404999, -13.3791465759, -2.37087082863, -11.8908786774, -3.90260863304, 3.62182497978, -7.81619691849], [63.5454483032, -22.2762832642, 11.8683815002, -2.12770390511, -20.800693512, 2.1348092556, -13.3791465759, 61.3686447144, 11.842250824, 14.9787912369, -0.644274890423, -19.9021854401, 13.127863884], [7.54687070847, -1.33078956604, 2.23578929901, 1.35568249226, -5.49408531189, -7.27083778381, -2.37087082863, 11.842250824, 18.9588317871, 4.74808549881, -3.46696543694, -2.63564872742, -3.23805260658], [24.8838253021, -10.8514270782, 1.86215138435, -7.14887475967, -15.8836183548, -6.76518011093, -11.8908786774, 14.9787912369, 4.74808549881, 32.0211296082, 8.78096961975, -8.79347133636, 0.839310586452], [-7.04573726654, -0.818420469761, -5.24169635773, -3.66590571404, -0.917954564095, -5.56994819641, -3.90260863304, -0.644274890423, -3.46696543694, 8.78096961975, 19.9581604004, 5.27687215805, -5.17451953888], [-34.74974823, 7.80322551727, -7.22058391571, 1.20388257504, 9.74902248383, -8.51745605469, 3.62182497978, -19.9021854401, -2.63564872742, -8.79347133636, 5.27687215805, 26.7941532135, -7.31974840164], [31.314956665, -9.65225410461, 6.87696838379, -1.75428187847, -8.53403759003, 11.6592636108, -7.81619691849, 13.127863884, -3.23805260658, 0.839310586452, -5.17451953888, -7.31974840164, 26.0047740936]],
