{
"lowlevel": {
    "average_loudness": 0.987725317478,
    "barkbands_crest": {
        "dmean": 0.375052213669,
        "dmean2": 0.449940651655,
        "dvar": 0.61717402935,
        "dvar2": 0.492485314608,
        "max": 20.9440345764,
        "mean": 20.3067798615,
        "median": 20.4998321533,
        "min": 9.74619865417,
        "var": 0.886093199253
    },
    "barkbands_flatness_db": {
        "dmean": 0.00991342961788,
        "dmean2": 0.01427909825,
        "dvar": 0.000706633203663,
        "dvar2": 0.000694349757396,
        "max": 0.528907597065,
        "mean": 0.478845924139,
        "median": 0.480686545372,
        "min": 0.167090669274,
        "var": 0.00100405595731
    },
    "barkbands_kurtosis": {
        "dmean": 12.438873291,
        "dmean2": 17.1630783081,
        "dvar": 95.4253997803,
        "dvar2": 182.769760132,
        "max": 137.508712769,
        "mean": 82.3680114746,
        "median": 79.4533233643,
        "min": 27.9624481201,
        "var": 299.612609863
    },
    "barkbands_skewness": {
        "dmean": 0.389546751976,
        "dmean2": 0.564468204975,
        "dvar": 0.1147043854,
        "dvar2": 0.216752424836,
        "max": 5.31830978394,
        "mean": 3.20012307167,
        "median": 3.08473610878,
        "min": 1.88451313972,
        "var": 0.400539010763
    },
    "barkbands_spread": {
        "dmean": 0.0542933419347,
        "dmean2": 0.0572635084391,
        "dvar": 0.191238418221,
        "dvar2": 0.189388632774,
        "max": 6.4222445488,
        "mean": 0.406793177128,
        "median": 0.367184430361,
        "min": 0.297329068184,
        "var": 0.193202644587
    },
    "dissonance": {
        "dmean": 0.0138567136601,
        "dmean2": 0.0234470851719,
        "dvar": 0.000121092125482,
        "dvar2": 0.000353848008672,
        "max": 0.480045080185,
        "mean": 0.438742727041,
        "median": 0.439507484436,
        "min": 0.39034947753,
        "var": 0.000214957108255
    },
    "dynamic_complexity": 0.309202104807,
    "erbbands_crest": {
        "dmean": 2.05069589615,
        "dmean2": 1.94784700871,
        "dvar": 2.03948664665,
        "dvar2": 1.75553059578,
        "max": 26.5239429474,
        "mean": 21.7370014191,
        "median": 21.692735672,
        "min": 4.4852437973,
        "var": 7.44925737381
    },
    "erbbands_flatness_db": {
        "dmean": 0.0106648793444,
        "dmean2": 0.0146904597059,
        "dvar": 0.000503875897266,
        "dvar2": 0.000524901843164,
        "max": 0.379539161921,
        "mean": 0.3271702528,
        "median": 0.328684180975,
        "min": 0.0831942856312,
        "var": 0.000792318605818
    },
    "erbbands_kurtosis": {
        "dmean": 8.1950674057,
        "dmean2": 11.8832836151,
        "dvar": 96.5232543945,
        "dvar2": 136.81211853,
        "max": 126.040664673,
        "mean": 86.9051818848,
        "median": 88.1531524658,
        "min": 0.016295671463,
        "var": 378.553436279
    },
    "erbbands_skewness": {
        "dmean": 0.347605854273,
        "dmean2": 0.472428619862,
        "dvar": 0.401847571135,
        "dvar2": 0.446679025888,
        "max": 9.16809177399,
        "mean": 7.881524086,
        "median": 8.03072071075,
        "min": 0.86841905117,
        "var": 0.857673823833
    },
    "erbbands_spread": {
        "dmean": 0.772409915924,
        "dmean2": 0.964754700661,
        "dvar": 16.3374595642,
        "dvar2": 16.2580223083,
        "max": 54.3494567871,
        "mean": 3.7001452446,
        "median": 3.12977695465,
        "min": 1.76539433002,
        "var": 17.1164684296
    },
    "hfc": {
        "dmean": 3.07297825813,
        "dmean2": 3.02516460419,
        "dvar": 4.46376419067,
        "dvar2": 6.21564531326,
        "max": 28.4060688019,
        "mean": 20.3916854858,
        "median": 20.0236034393,
        "min": 0.505351305008,
        "var": 14.5696287155
    },
    "melbands_crest": {
        "dmean": 1.19283115864,
        "dmean2": 1.13723444939,
        "dvar": 0.942243814468,
        "dvar2": 0.689484059811,
        "max": 31.9993152618,
        "mean": 29.5032634735,
        "median": 29.5306568146,
        "min": 15.7483558655,
        "var": 2.84473490715
    },
    "melbands_flatness_db": {
        "dmean": 0.0118851289153,
        "dmean2": 0.0168847553432,
        "dvar": 0.000878273800481,
        "dvar2": 0.000863572349772,
        "max": 0.68819206953,
        "mean": 0.633983373642,
        "median": 0.638313055038,
        "min": 0.281426340342,
        "var": 0.00125089637004
    },
    "melbands_kurtosis": {
        "dmean": 14.5501480103,
        "dmean2": 20.0892410278,
        "dvar": 155.649093628,
        "dvar2": 297.150543213,
        "max": 166.345962524,
        "mean": 72.9297790527,
        "median": 68.5557479858,
        "min": 30.5050697327,
        "var": 481.060546875
    },
    "melbands_skewness": {
        "dmean": 0.375510782003,
        "dmean2": 0.486144661903,
        "dvar": 0.163721352816,
        "dvar2": 0.236850008368,
        "max": 6.01144218445,
        "mean": 2.68021798134,
        "median": 2.52601742744,
        "min": 1.4771181345,
        "var": 0.415948957205
    },
    "melbands_spread": {
        "dmean": 0.0440677404404,
        "dmean2": 0.0435320809484,
        "dvar": 0.0621954537928,
        "dvar2": 0.0611708760262,
        "max": 3.78205442429,
        "mean": 0.331404089928,
        "median": 0.309256732464,
        "min": 0.241659760475,
        "var": 0.0647763609886
    },
    "pitch_salience": {
        "dmean": 0.0189771149307,
        "dmean2": 0.0216507166624,
        "dvar": 0.000725066522136,
        "dvar2": 0.000624586245976,
        "max": 0.70096719265,
        "mean": 0.318617403507,
        "median": 0.317107468843,
        "min": 0.247584670782,
        "var": 0.00162528164219
    },
    "silence_rate_20dB": {
        "dmean": 0,
        "dmean2": 0,
        "dvar": 0,
        "dvar2": 0,
        "max": 1,
        "mean": 1,
        "median": 1,
        "min": 1,
        "var": 0
    },
    "silence_rate_30dB": {
        "dmean": 0.00952380988747,
        "dmean2": 0.0095693776384,
        "dvar": 0.00943312235177,
        "dvar2": 0.00947778392583,
        "max": 1,
        "mean": 0.00947867333889,
        "median": 0,
        "min": 0,
        "var": 0.00938880629838
    },
    "silence_rate_60dB": {
        "dmean": 0,
        "dmean2": 0,
        "dvar": 0,
        "dvar2": 0,
        "max": 0,
        "mean": 0,
        "median": 0,
        "min": 0,
        "var": 0
    },
    "spectral_centroid": {
        "dmean": 6.12766695023,
        "dmean2": 6.25567770004,
        "dvar": 855.848937988,
        "dvar2": 832.409912109,
        "max": 506.055541992,
        "mean": 128.432296753,
        "median": 126.09287262,
        "min": 116.211753845,
        "var": 910.647216797
    },
    "spectral_complexity": {
        "dmean": 0.533333361149,
        "dmean2": 0.89473682642,
        "dvar": 0.944124639034,
        "dvar2": 1.07025706768,
        "max": 13,
        "mean": 2.61611366272,
        "median": 3,
        "min": 1,
        "var": 1.05168247223
    },
    "spectral_decrease": {
        "dmean": 6.40774100447e-09,
        "dmean2": 6.33117469562e-09,
        "dvar": 2.6489488007e-17,
        "dvar2": 3.61834740315e-17,
        "max": -1.19247867136e-09,
        "mean": -4.73369823339e-08,
        "median": -4.67345273591e-08,
        "min": -6.41813642233e-08,
        "var": 6.82547023657e-17
    },
    "spectral_energy": {
        "dmean": 0.0244626197964,
        "dmean2": 0.0241683013737,
        "dvar": 0.000384572515031,
        "dvar2": 0.00052555341972,
        "max": 0.244811102748,
        "mean": 0.180509328842,
        "median": 0.178166255355,
        "min": 0.0045465300791,
        "var": 0.000993641791865
    },
    "spectral_energyband_high": {
        "dmean": 3.38939616995e-06,
        "dmean2": 4.08389814766e-06,
        "dvar": 6.18631257332e-10,
        "dvar2": 6.14911732644e-10,
        "max": 0.000367736211047,
        "mean": 8.45954855322e-06,
        "median": 6.20896298642e-06,
        "min": 2.83542658508e-06,
        "var": 6.20752116376e-10
    },
    "spectral_energyband_low": {
        "dmean": 0.0224647708237,
        "dmean2": 0.0222609937191,
        "dvar": 0.000355386757292,
        "dvar2": 0.000478729140013,
        "max": 0.232869192958,
        "mean": 0.171878993511,
        "median": 0.169357404113,
        "min": 0.00354679930024,
        "var": 0.000879363156855
    },
    "spectral_energyband_middle_high": {
        "dmean": 1.26913892018e-05,
        "dmean2": 1.46043257701e-05,
        "dvar": 1.25227197501e-08,
        "dvar2": 1.25199264289e-08,
        "max": 0.00164879870135,
        "mean": 3.29565409629e-05,
        "median": 2.41504421865e-05,
        "min": 1.08889153125e-05,
        "var": 1.24870140894e-08
    },
    "spectral_energyband_middle_low": {
        "dmean": 0.00571723561734,
        "dmean2": 0.00588068040088,
        "dvar": 1.06760089693e-05,
        "dvar2": 1.45374760905e-05,
        "max": 0.0265124645084,
        "mean": 0.0135269965976,
        "median": 0.0121518131346,
        "min": 0.000922594219446,
        "var": 4.41071642854e-05
    },
    "spectral_entropy": {
        "dmean": 0.102752201259,
        "dmean2": 0.145019367337,
        "dvar": 0.0836673006415,
        "dvar2": 0.0695758461952,
        "max": 8.21099948883,
        "mean": 4.73072433472,
        "median": 4.68775224686,
        "min": 4.26903009415,
        "var": 0.132137358189
    },
    "spectral_flux": {
        "dmean": 0.0247391331941,
        "dmean2": 0.0409080162644,
        "dvar": 0.000751515384763,
        "dvar2": 0.00114238017704,
        "max": 0.391396701336,
        "mean": 0.0534483827651,
        "median": 0.0507057383657,
        "min": 0.0184111688286,
        "var": 0.00124362425413
    },
    "spectral_kurtosis": {
        "dmean": 5.67980527878,
        "dmean2": 9.42684936523,
        "dvar": 18.7869434357,
        "dvar2": 49.8609199524,
        "max": 50.6105384827,
        "mean": 25.1475887299,
        "median": 24.5653419495,
        "min": 2.1181678772,
        "var": 39.6905441284
    },
    "spectral_rms": {
        "dmean": 0.000921563536394,
        "dmean2": 0.00091159081785,
        "dvar": 9.40599932164e-07,
        "dvar2": 1.16885325951e-06,
        "max": 0.0154544524848,
        "mean": 0.0132042625919,
        "median": 0.0131841087714,
        "min": 0.0021060956642,
        "var": 1.75405500613e-06
    },
    "spectral_rolloff": {
        "dmean": 0.7177734375,
        "dmean2": 0.92726713419,
        "dvar": 41.4369850159,
        "dvar2": 50.166595459,
        "max": 215.33203125,
        "mean": 129.607437134,
        "median": 129.19921875,
        "min": 107.666015625,
        "var": 39.3887634277
    },
    "spectral_skewness": {
        "dmean": 0.39164441824,
        "dmean2": 0.63569188118,
        "dvar": 0.100307904184,
        "dvar2": 0.219527617097,
        "max": 5.68924379349,
        "mean": 4.00463438034,
        "median": 3.98026633263,
        "min": 1.76869082451,
        "var": 0.23470634222
    },
    "spectral_spread": {
        "dmean": 342978.5625,
        "dmean2": 427387.4375,
        "dvar": 1.83386741146e+12,
        "dvar2": 710563004416,
        "max": 29609066,
        "mean": 2527184.25,
        "median": 2308455.5,
        "min": 1660003.875,
        "var": 4.16089033933e+12
    },
    "spectral_strongpeak": {
        "dmean": 0.517781019211,
        "dmean2": 0.799085319042,
        "dvar": 0.394501239061,
        "dvar2": 0.872945010662,
        "max": 3.99317908287,
        "mean": 1.74632680416,
        "median": 1.41558277607,
        "min": 0,
        "var": 0.440131664276
    },
    "zerocrossingrate": {
        "dmean": 0.000179036462214,
        "dmean2": 0.000301379332086,
        "dvar": 1.43921653262e-07,
        "dvar2": 2.2516047693e-07,
        "max": 0.00634765625,
        "mean": 0.00495917862281,
        "median": 0.0048828125,
        "min": 0.00146484375,
        "var": 1.73829519667e-07
    },
    "barkbands": {
        "dmean": [0.00017398748605, 0.00306504848413, 0.0168272964656, 0.00523942196742, 0.000568966905121, 1.72444342752e-05, 9.2411028163e-06, 1.01680589069e-05, 5.86518171986e-06, 2.47769594353e-06, 1.97306280825e-06, 2.38902725869e-06, 2.37274912251e-06, 1.84226053079e-06, 1.07487721834e-06, 8.41952555675e-07, 6.39590780338e-07, 1.30487762817e-06, 1.82052860964e-06, 1.70353825979e-06, 9.06818513613e-07, 3.71213388917e-07, 3.26127604922e-07, 4.18295655891e-07, 3.36903866582e-07, 2.97876226796e-07, 4.00251849442e-07],
        "dmean2": [0.000263457390247, 0.00363478134386, 0.0166891664267, 0.00538106402382, 0.000689991633408, 2.21252430492e-05, 1.14904742077e-05, 1.51192452904e-05, 7.20060688764e-06, 2.88483079203e-06, 2.43810427492e-06, 3.18170555147e-06, 3.20250092045e-06, 2.60421734311e-06, 1.36284984364e-06, 1.01112959783e-06, 7.75034266098e-07, 1.66697907389e-06, 2.51877349911e-06, 2.22574840336e-06, 1.19844196433e-06, 4.38847706619e-07, 3.95953435373e-07, 5.45791579043e-07, 4.27496843258e-07, 3.69672875422e-07, 5.37971743597e-07],
        "dvar": [3.81532885285e-08, 8.90566388989e-06, 0.000220663205255, 9.04978969629e-06, 2.49318389933e-07, 1.65475988467e-08, 3.34861538498e-09, 1.78621128999e-09, 1.29790034276e-09, 6.58161858347e-10, 3.21003640336e-10, 2.27954877197e-10, 1.56615193037e-10, 8.66544336287e-11, 8.69443197993e-11, 5.72548813915e-11, 3.83933822234e-11, 3.3744472494e-11, 2.69861494262e-11, 1.60721401465e-11, 1.85444628403e-11, 1.41812846188e-11, 1.02233282603e-11, 9.57238455168e-12, 8.44615349882e-12, 8.15412667943e-12, 8.80090098021e-12],
        "dvar2": [7.5909404984e-08, 1.20040358524e-05, 0.000279845058685, 1.19377291412e-05, 4.64384186216e-07, 1.65505795735e-08, 3.39011818618e-09, 1.88384730038e-09, 1.30544230981e-09, 6.62908450355e-10, 3.20994147929e-10, 2.29740171331e-10, 1.59094834529e-10, 8.55917212106e-11, 8.62500140753e-11, 5.64197369379e-11, 3.85640061551e-11, 3.4424362666e-11, 2.80581408801e-11, 1.64851587242e-11, 1.818192992e-11, 1.42060694805e-11, 1.02475805619e-11, 9.55056693452e-12, 8.44395647154e-12, 8.18478271269e-12, 8.80586662616e-12],
        "max": [0.00289774453267, 0.0365475341678, 0.183424919844, 0.0224882364273, 0.00565651385114, 0.00190461380407, 0.000847003248055, 0.000621543964371, 0.000532808247954, 0.000373839633539, 0.000261800334556, 0.00022142456146, 0.000184061340406, 0.000138731193147, 0.000137096445542, 0.000111524423119, 9.06605928321e-05, 8.74622928677e-05, 7.76966771809e-05, 6.02444160904e-05, 6.46835105726e-05, 5.50561344426e-05, 4.66874262202e-05, 4.53536777059e-05, 4.25749312853e-05, 4.16889743065e-05, 4.42839555035e-05],
        "mean": [0.00148671085481, 0.0294610355049, 0.135993808508, 0.00965064484626, 0.00378930382431, 3.03571832774e-05, 1.80927727342e-05, 1.75205805135e-05, 2.01637758437e-05, 3.4981819681e-06, 2.87882539851e-06, 4.03682133765e-06, 5.69797157368e-06, 3.79324433197e-06, 1.62659682701e-06, 1.25067117551e-06, 9.10131802812e-07, 2.84830821329e-06, 4.13456064052e-06, 4.60998126073e-06, 2.18384548134e-06, 6.22967263553e-07, 4.65111412495e-07, 6.44587373699e-07, 5.54553196253e-07, 5.00513863244e-07, 1.61167963597e-06],
        "median": [0.00147421937436, 0.0295418631285, 0.134749040008, 0.00873100943863, 0.00367635372095, 1.94733529497e-05, 1.37168544825e-05, 1.28397186927e-05, 9.90821354208e-06, 1.55711086336e-06, 1.41940211051e-06, 2.68409667115e-06, 4.76519062431e-06, 2.71978888122e-06, 9.26479685859e-07, 6.03586158832e-07, 4.27294310157e-07, 2.16304533751e-06, 3.44554018739e-06, 3.91592266169e-06, 1.7020223595e-06, 3.32050490215e-07, 2.04773286328e-07, 3.46717513366e-07, 3.08697536866e-07, 2.70539203484e-07, 1.37647180054e-06],
        "min": [2.32284965023e-05, 0.00164111144841, 0.00115196034312, 0.000548977404833, 0.000303469976643, 4.71700059279e-06, 3.32785384671e-06, 4.5229976422e-06, 1.63278286891e-06, 4.13483803641e-07, 2.72284381708e-07, 7.05685806679e-07, 1.06600305116e-06, 9.06302034309e-07, 2.99289951045e-07, 1.22839438177e-07, 1.73723435637e-07, 7.24445499145e-07, 6.16412989984e-07, 7.33539877729e-07, 4.81228028093e-07, 1.36033065701e-07, 5.5226834661e-08, 8.34779143588e-08, 1.10103385964e-07, 1.09306469653e-07, 5.7855521618e-07],
        "var": [7.68995889189e-08, 1.61246771313e-05, 0.00052637187764, 3.72853610315e-05, 5.16970942499e-07, 1.68280731572e-08, 3.30877214516e-09, 1.78881043311e-09, 1.52970458522e-09, 6.53819554053e-10, 3.20099446949e-10, 2.26903981715e-10, 1.55071427921e-10, 8.93881357822e-11, 8.75768901842e-11, 5.80894464475e-11, 3.84297801914e-11, 3.52851914354e-11, 2.93435380161e-11, 1.95007465037e-11, 1.92937211346e-11, 1.41375296886e-11, 1.0194604709e-11, 9.59494376312e-12, 8.4361502159e-12, 8.09608456664e-12, 8.7846179983e-12]
    },
    "erbbands": {
        "dmean": [0.0402721613646, 1.05711507797, 12.7970132828, 24.0144386292, 8.29681587219, 1.21928155422, 0.261479049921, 0.151410341263, 0.128195464611, 0.226454421878, 0.151410162449, 0.154030844569, 0.0812618732452, 0.0849123001099, 0.0770798549056, 0.1070279181, 0.112338371575, 0.0973112359643, 0.0603757686913, 0.0520360767841, 0.0410122722387, 0.0365106165409, 0.0605234950781, 0.116106539965, 0.0610827729106, 0.081172183156, 0.0504360608757, 0.0296304356307, 0.0137179447338, 0.0110056484118, 0.00927671603858, 0.00894344504923, 0.00688560074195, 0.00388252059929, 0.00231896713376, 0.0013547022827, 0.000535050872713, 0.000191439830814, 5.7744262449e-05, 2.80365165963e-05],
        "dmean2": [0.0525329858065, 1.2309615612, 13.2021551132, 23.7051181793, 8.50794124603, 1.28755009174, 0.352207005024, 0.197375759482, 0.157652318478, 0.32955083251, 0.204776257277, 0.194173663855, 0.094283759594, 0.104103021324, 0.09695456177, 0.147721409798, 0.151695847511, 0.13648250699, 0.0756609812379, 0.0644656196237, 0.0486041195691, 0.0442678444088, 0.0783610492945, 0.160450056195, 0.0776454359293, 0.106452040374, 0.0645742118359, 0.0413771495223, 0.0161929670721, 0.0130874412134, 0.0113804750144, 0.01148699224, 0.00908936932683, 0.00488695129752, 0.00290690734982, 0.00175647670403, 0.000647425127681, 0.000235652885749, 7.71158229327e-05, 2.86205158773e-05],
        "dvar": [0.00103281124029, 1.29540729523, 206.284881592, 198.212310791, 25.8466472626, 1.58057105541, 1.13401985168, 1.04949569702, 0.743643760681, 0.752843499184, 0.868463695049, 0.680498242378, 0.717420816422, 0.614567279816, 0.481012046337, 0.371395558119, 0.349608421326, 0.241397619247, 0.250910848379, 0.208184704185, 0.157135009766, 0.127581387758, 0.108844846487, 0.0738293901086, 0.0608663521707, 0.0366461277008, 0.0323038585484, 0.026559125632, 0.0184542424977, 0.0123887928203, 0.00797745492309, 0.0048596598208, 0.00237661646679, 0.0011201032903, 0.00040535023436, 0.00012972948025, 2.81245665974e-05, 3.60131093657e-06, 1.77211504138e-07, 1.08372666396e-09],
        "dvar2": [0.00143952562939, 1.65706086159, 244.136047363, 267.304534912, 43.0169754028, 1.83200740814, 1.05660271645, 1.05197286606, 0.753241717815, 0.796648979187, 0.881636321545, 0.688399076462, 0.72000002861, 0.618831276894, 0.481802642345, 0.375271707773, 0.355786442757, 0.239143505692, 0.249714225531, 0.203696638346, 0.15594920516, 0.128347590566, 0.110387325287, 0.0781911537051, 0.0614576339722, 0.0378024801612, 0.031961042434, 0.0262785330415, 0.0184651724994, 0.012409357354, 0.00799179822206, 0.00485790101811, 0.00236717844382, 0.00111964577809, 0.000405616388889, 0.000129993655719, 2.82122218778e-05, 3.62600758308e-06, 1.77179728666e-07, 1.10751374738e-09],
        "max": [0.42295819521, 14.3637237549, 183.775497437, 134.899093628, 49.1994361877, 21.5787906647, 17.1588630676, 15.1920156479, 12.6581516266, 12.6592445374, 13.7410783768, 12.1826524734, 12.3717412949, 11.4405870438, 10.1269645691, 8.95053005219, 8.69053268433, 7.30476999283, 7.37008047104, 6.75251483917, 5.8284163475, 5.22992658615, 4.91961336136, 4.10126638412, 3.68910098076, 2.86428284645, 2.72029066086, 2.41776847839, 1.98684501648, 1.62735450268, 1.3041369915, 1.02068293095, 0.716206133366, 0.49061101675, 0.294535249472, 0.166453868151, 0.0774922147393, 0.0277698747814, 0.0063405437395, 0.000687428051606],
        "mean": [0.310109525919, 11.5211639404, 144.561645508, 72.9984283447, 31.1958026886, 4.56253528595, 0.880905807018, 0.291609734297, 0.269894868135, 0.348795711994, 0.32375356555, 0.602352023125, 0.164556384087, 0.124527528882, 0.118762999773, 0.205532491207, 0.273705661297, 0.198979347944, 0.112659573555, 0.0829929187894, 0.0619108490646, 0.0577906928957, 0.13043834269, 0.255744069815, 0.160463541746, 0.217133566737, 0.121599830687, 0.0670461505651, 0.024346742779, 0.0159198474139, 0.0134195275605, 0.0134435025975, 0.0110767772421, 0.00651486264542, 0.00358658097684, 0.00199862173758, 0.000959840952419, 0.000453444605228, 0.000269060226856, 0.0002251585247],
        "median": [0.30717176199, 11.595334053, 144.090637207, 70.291557312, 30.6071281433, 4.23948192596, 0.801282405853, 0.197781711817, 0.198585301638, 0.238215640187, 0.243271321058, 0.301632404327, 0.068160533905, 0.0566317215562, 0.0668927431107, 0.151306092739, 0.221253558993, 0.143626019359, 0.0744793787599, 0.0467031039298, 0.0300015956163, 0.0293649863452, 0.0969192758203, 0.212882205844, 0.130610331893, 0.182042405009, 0.100669212639, 0.0483743883669, 0.0135693075135, 0.00719970790669, 0.00588693469763, 0.00718843983486, 0.00638643605635, 0.00365019030869, 0.00189983169548, 0.000971079571173, 0.000554560916498, 0.000318383477861, 0.00023856209009, 0.000220052883378],
        "min": [0.0519845038652, 0.359709918499, 1.22320222855, 1.79147660732, 1.42441105843, 0.891247689724, 0.375481873751, 0.0859555080533, 0.0709925740957, 0.0473060794175, 0.0951044559479, 0.0578935369849, 0.0247648190707, 0.0176456738263, 0.0167207214981, 0.0353621244431, 0.0629523098469, 0.0371714830399, 0.0237408205867, 0.00800231657922, 0.00843154918402, 0.0137339886278, 0.0397131927311, 0.038190510124, 0.0326232686639, 0.0364667251706, 0.0323394648731, 0.0122311869636, 0.00545256212354, 0.00265116710216, 0.00162355299108, 0.00151479034685, 0.00178652082104, 0.00113041047007, 0.000808034325019, 0.000458646711195, 0.000208505385672, 0.000137219001772, 8.70010262588e-05, 1.40072752401e-05],
        "var": [0.00238855555654, 2.36541604996, 402.923736572, 799.534362793, 92.4495239258, 3.20959877968, 1.30536448956, 1.06654763222, 0.737796247005, 0.751923382282, 0.867095470428, 0.905941069126, 0.715849161148, 0.61162930727, 0.478118777275, 0.36862796545, 0.345821619034, 0.247605487704, 0.251754641533, 0.212399989367, 0.158671632409, 0.127616479993, 0.111507631838, 0.0849516615272, 0.0635223165154, 0.044384110719, 0.0346959903836, 0.0270099621266, 0.018384359777, 0.0123830791563, 0.00795315951109, 0.0048619825393, 0.00238860887475, 0.0011201655725, 0.000404296006309, 0.00012926843192, 2.79396026599e-05, 3.56038776772e-06, 1.77016659109e-07, 2.0811710133e-09]
    },
    "gfcc": {
        "mean": [-145.009185791, 146.460388184, -5.87851238251, 65.0586242676, 4.12450313568, 5.326379776, 0.36577168107, -4.9055018425, -30.2732276917, -9.88316440582, -11.5070638657, -33.7563247681, -22.7077026367],
        "cov": [[352.678833008, -104.641616821, -81.8135223389, -10.6060628891, -65.3480224609, 21.9539833069, -22.3409442902, 34.9568557739, -0.431210905313, -10.4353227615, -28.7328929901, -0.149429753423, 1.3057281971], [-104.641616821, 59.4462394714, 27.966583252, -12.0958747864, 23.0923137665, -17.9066028595, 18.7997226715, -7.93274021149, 5.1797246933, 1.25842022896, 5.54976129532, -6.43339824677, -1.91800248623], [-81.8135223389, 27.966583252, 40.5847854614, 15.1529426575, 21.0455627441, -8.31749343872, -0.485800325871, -8.73407363892, -3.93230104446, -1.17264413834, 4.54613733292, -7.44781780243, -0.0187563933432], [-10.6060628891, -12.0958747864, 15.1529426575, 58.444480896, 27.2596874237, -0.697071552277, -8.24154186249, -9.76301193237, -13.9063243866, -9.40340709686, 2.56751656532, -18.4833679199, -4.75728178024], [-65.3480224609, 23.0923137665, 21.0455627441, 27.2596874237, 41.5472068787, -8.13915348053, -1.75833189487, -19.0799350739, -7.7115983963, -1.53765392303, 6.10570812225, -9.48917770386, -5.42096757889], [21.9539833069, -17.9066028595, -8.31749343872, -0.697071552277, -8.13915348053, 16.9845333099, -2.66625404358, 0.903280615807, -5.20219564438, -0.00234215147793, 1.6903938055, 1.90091431141, 1.99550139904], [-22.3409442902, 18.7997226715, -0.485800325871, -8.24154186249, -1.75833189487, -2.66625404358, 25.5257301331, 5.5726184845, 0.113507516682, -2.11813998222, 1.74419176579, -5.56613492966, -3.173422575], [34.9568557739, -7.93274021149, -8.73407363892, -9.76301193237, -19.0799350739, 0.903280615807, 5.5726184845, 21.3759059906, 4.41056776047, -7.46045684814, -8.92369270325, -3.62876772881, 3.03173160553], [-0.431210905313, 5.1797246933, -3.93230104446, -13.9063243866, -7.7115983963, -5.20219564438, 0.113507516682, 4.41056776047, 11.5384950638, 3.09082555771, -4.22079944611, 3.06433749199, 1.17560219765], [-10.4353227615, 1.25842022896, -1.17264413834, -9.40340709686, -1.53765392303, -0.00234215147793, -2.11813998222, -7.46045684814, 3.09082555771, 15.3254499435, 6.37875032425, 4.26998710632, -4.05626153946], [-28.7328929901, 5.54976129532, 4.54613733292, 2.56751656532, 6.10570812225, 1.6903938055, 1.74419176579, -8.92369270325, -4.22079944611, 6.37875032425, 15.9300756454, 3.81445980072, -5.82904911041], [-0.149429753423, -6.43339824677, -7.44781780243, -18.4833679199, -9.48917770386, 1.90091431141, -5.56613492966, -3.62876772881, 3.06433749199, 4.26998710632, 3.81445980072, 23.4602890015, 2.98827433586], [1.3057281971, -1.91800248623, -0.0187563933432, -4.75728178024, -5.42096757889, 1.99550139904, -3.173422575, 3.03173160553, 1.17560219765, -4.05626153946, -5.82904911041, 2.98827433586, 11.0518426895]],
        "icov": [[0.0165512431413, 0.0305567085743, 0.0130926817656, 0.0231127236038, 0.0136821810156, 0.0247167833149, 0.00871428474784, 0.0201012287289, 0.018326561898, 0.0255357660353, 0.00773891294375, 0.0292002577335, 0.016164155677], [0.0305567085743, 0.358147025108, -0.104837149382, 0.23165152967, -0.117292739451, 0.181163474917, -0.126378238201, 0.132633641362, -0.0913016274571, 0.163899928331, -0.112526707351, 0.181977331638, -0.0435209274292], [0.0130926817656, -0.104837149382, 0.105481773615, -0.061916641891, 0.0575268939137, -0.0196405854076, 0.0709646716714, -0.0271430313587, 0.0752438232303, -0.0314926616848, 0.0423703975976, -0.0202011205256, 0.0216192007065], [0.0231127236038, 0.23165152967, -0.061916641891, 0.204714521766, -0.0730974748731, 0.128539025784, -0.0492701604962, 0.10927439481, -0.0192128326744, 0.146782293916, -0.0776210874319, 0.159698992968, -0.00590484868735], [0.0136821810156, -0.117292739451, 0.0575268939137, -0.0730974748731, 0.175030305982, -0.0121014025062, 0.0761376917362, 0.0654072761536, 0.0861679390073, 0.013004405424, 0.0686178654432, -0.00538072222844, 0.0718711316586], [0.0247167833149, 0.181163474917, -0.0196405854076, 0.128539025784, -0.0121014025062, 0.206941664219, -0.0350480340421, 0.089111417532, 0.0425681807101, 0.0927698910236, -0.0629372894764, 0.120312221348, -0.0301982238889], [0.00871428474784, -0.126378238201, 0.0709646716714, -0.0492701604962, 0.0761376917362, -0.0350480340421, 0.135103970766, -0.0374814979732, 0.0860804542899, -0.0150637803599, 0.0396591164172, -0.0134056983516, 0.0585564598441], [0.0201012287289, 0.132633641362, -0.0271430313587, 0.10927439481, 0.0654072761536, 0.089111417532, -0.0374814979732, 0.247598811984, -0.0353883579373, 0.171968400478, -0.0109132314101, 0.133909091353, 0.0298607684672], [0.018326561898, -0.0913016274571, 0.0752438232303, -0.0192128326744, 0.0861679390073, 0.0425681807101, 0.0860804542899, -0.0353883579373, 0.27162861824, -0.0610312186182, 0.0971811041236, -0.0159933846444, 0.0471388250589], [0.0255357660353, 0.163899928331, -0.0314926616848, 0.146782293916, 0.013004405424, 0.0927698910236, -0.0150637803599, 0.171968400478, -0.0610312186182, 0.258873671293, -0.0772916227579, 0.138581171632, 0.0499529801309], [0.00773891294375, -0.112526707351, 0.0423703975976, -0.0776210874319, 0.0686178654432, -0.0629372894764, 0.0396591164172, -0.0109132314101, 0.0971811041236, -0.0772916227579, 0.195745408535, -0.0800829529762, 0.0918094664812], [0.0292002577335, 0.181977331638, -0.0202011205256, 0.159698992968, -0.00538072222844, 0.120312221348, -0.0134056983516, 0.133909091353, -0.0159933846444, 0.138581171632, -0.0800829529762, 0.209450751543, -0.0144130811095], [0.016164155677, -0.0435209274292, 0.0216192007065, -0.00590484868735, 0.0718711316586, -0.0301982238889, 0.0585564598441, 0.0298607684672, 0.0471388250589, 0.0499529801309, 0.0918094664812, -0.0144130811095, 0.193482622504]]
    },
    "melbands": {
        "dmean": [0.000518800166901, 0.00517540564761, 0.0038234393578, 0.000258083688095, 1.23160734802e-05, 3.31437695422e-06, 1.87958369224e-06, 2.5375795758e-06, 1.0643633459e-06, 9.64178070717e-07, 3.94858517438e-07, 3.4555372963e-07, 2.69800125352e-07, 2.50593956252e-07, 3.1064655559e-07, 1.92255498632e-07, 2.00324990374e-07, 1.04679870105e-07, 7.86507996509e-08, 6.55033218777e-08, 4.48962040878e-08, 3.80959832569e-08, 4.65738843047e-08, 6.94233577292e-08, 1.05190721911e-07, 5.36467226198e-08, 5.42029319206e-08, 5.42076250554e-08, 3.99518320648e-08, 2.34011814371e-08, 1.53142654113e-08, 7.7987856173e-09, 7.72839925389e-09, 5.76409364683e-09, 5.28267563027e-09, 5.27603738476e-09, 5.80027315067e-09, 4.96207963607e-09, 4.59996618574e-09, 2.84345325063e-09],
        "dmean2": [0.000643485167529, 0.00527774076909, 0.00375631405041, 0.000273253797786, 1.6405390852e-05, 4.25644429924e-06, 2.28286080528e-06, 3.7334677927e-06, 1.40664485571e-06, 1.21307061818e-06, 4.54504885283e-07, 4.20903631948e-07, 3.36870442652e-07, 3.35196432388e-07, 4.38845688677e-07, 2.56071473359e-07, 2.84987407895e-07, 1.35382279609e-07, 9.92046338411e-08, 8.12755089896e-08, 5.38792264138e-08, 4.66448888403e-08, 6.18252613549e-08, 8.91482940801e-08, 1.47426618469e-07, 7.3802006284e-08, 7.15464523182e-08, 7.48057971123e-08, 5.29949986117e-08, 3.16577768444e-08, 2.17746869424e-08, 9.3450918115e-09, 9.58030810239e-09, 6.88784096425e-09, 6.45642739272e-09, 6.71103483896e-09, 7.56114282296e-09, 6.47225872896e-09, 6.24441343078e-09, 3.43116624002e-09],
        "dvar": [2.38867670532e-07, 2.90006664727e-05, 5.18431534147e-06, 2.86046919484e-08, 1.77908765497e-09, 5.39503164365e-10, 1.66839625448e-10, 8.78964817597e-11, 5.34244350148e-11, 2.64446728404e-11, 1.76074588937e-11, 1.0131821597e-11, 5.89188507011e-12, 2.97795165263e-12, 2.41165377599e-12, 1.2516425613e-12, 7.86366468903e-13, 6.40484139249e-13, 4.61484691607e-13, 3.09757292516e-13, 1.92565893244e-13, 1.37987454037e-13, 1.08266125015e-13, 6.97541118833e-14, 4.65777251295e-14, 3.96637712637e-14, 2.17433526967e-14, 1.51466584094e-14, 1.29930652825e-14, 1.07209603879e-14, 8.18410433417e-15, 6.00105733064e-15, 4.8433394746e-15, 3.43470038991e-15, 2.71702631436e-15, 2.17829281936e-15, 1.67217263392e-15, 1.19350616274e-15, 9.34360667688e-16, 7.48884116222e-16],
        "dvar2": [3.57086662461e-07, 3.57653407264e-05, 7.07113395038e-06, 5.02510779654e-08, 1.65944502584e-09, 5.42578038054e-10, 1.68664540667e-10, 9.39059038862e-11, 5.39502574559e-11, 2.67850169128e-11, 1.76705646643e-11, 1.02094522073e-11, 5.89465845927e-12, 3.00129539277e-12, 2.43924997388e-12, 1.26918993978e-12, 7.7890379693e-13, 6.35714191791e-13, 4.56379183576e-13, 3.01919351065e-13, 1.92052889434e-13, 1.38962842969e-13, 1.08561177084e-13, 7.26391806405e-14, 5.06286974692e-14, 4.083877198e-14, 2.23538787985e-14, 1.57983791115e-14, 1.32694368866e-14, 1.07625429293e-14, 8.08837521157e-15, 6.0188903388e-15, 4.84286344208e-15, 3.44337803069e-15, 2.72282234906e-15, 2.17958327405e-15, 1.67312406368e-15, 1.18755554452e-15, 9.36029957868e-16, 7.49481009752e-16],
        "max": [0.00608674902469, 0.0685034245253, 0.0226712562144, 0.0017325115623, 0.000693250098266, 0.000343061023159, 0.000189390790183, 0.000136924762046, 0.000107911328087, 7.57628877182e-05, 6.12062794971e-05, 4.64398726763e-05, 3.54514086212e-05, 2.52645477303e-05, 2.28401440836e-05, 1.64666362252e-05, 1.32114282678e-05, 1.18011339509e-05, 1.00085844679e-05, 8.24621747597e-06, 6.43583462079e-06, 5.43573560208e-06, 4.84656538902e-06, 3.98305428462e-06, 3.23427411786e-06, 2.95316976917e-06, 2.22284916163e-06, 1.82631185908e-06, 1.7203161633e-06, 1.54374151862e-06, 1.33858395657e-06, 1.13086048259e-06, 1.0196954463e-06, 8.56000042404e-07, 7.60693865232e-07, 6.82165705257e-07, 5.98858491685e-07, 5.07304491748e-07, 4.498747046e-07, 4.00081859198e-07],
        "mean": [0.00481532234699, 0.0532975643873, 0.0131735308096, 0.00109458621591, 4.11453183915e-05, 5.83672635912e-06, 3.85108796763e-06, 3.94067228626e-06, 2.29469128499e-06, 3.7578993215e-06, 6.25411587407e-07, 4.92016681619e-07, 3.98966506054e-07, 4.13033575342e-07, 7.20047296454e-07, 4.31608157214e-07, 3.83211471444e-07, 1.93573384877e-07, 1.22701862892e-07, 9.73135172444e-08, 6.46359694656e-08, 5.14272784358e-08, 8.667694118e-08, 1.45897601556e-07, 2.26692066008e-07, 1.19687186384e-07, 1.45375636862e-07, 1.37601517736e-07, 8.82939588109e-08, 4.83214463998e-08, 3.29149081324e-08, 1.255598292e-08, 1.14732978673e-08, 7.77700215338e-09, 7.33181382273e-09, 7.66119345741e-09, 8.62396198897e-09, 7.49230544272e-09, 7.8548945126e-09, 4.49597914454e-09],
        "median": [0.00474672112614, 0.0531440116465, 0.0126649551094, 0.00109007477295, 3.75857744075e-05, 3.79447851628e-06, 2.85762553176e-06, 2.69327051683e-06, 1.71436033725e-06, 1.79803578249e-06, 2.68252875912e-07, 2.31339470247e-07, 2.03203867954e-07, 2.74003525647e-07, 6.01177873705e-07, 3.39130906468e-07, 2.66073186594e-07, 1.27451386334e-07, 6.79108964619e-08, 4.97183876291e-08, 3.03255269785e-08, 2.34815633604e-08, 5.93187898801e-08, 1.10714644563e-07, 1.89591276012e-07, 9.30765011731e-08, 1.18982178776e-07, 1.11807572978e-07, 7.52666693415e-08, 3.60176066749e-08, 2.32690684498e-08, 6.69898803096e-09, 5.66294744431e-09, 3.10041503582e-09, 3.15381498694e-09, 3.67195296391e-09, 4.63738514256e-09, 4.037221224e-09, 4.87018869677e-09, 2.27773888639e-09],
        "min": [0.000499261193909, 0.000599660386797, 0.000304818036966, 8.30385179142e-05, 1.5873072698e-05, 9.09655170744e-07, 8.93683647973e-07, 5.86115618262e-07, 7.08755692358e-07, 2.51404969731e-07, 9.30683512479e-08, 5.90785766974e-08, 4.9959751891e-08, 7.03666813706e-08, 1.30264609766e-07, 8.90576146162e-08, 6.62371206772e-08, 4.19896615256e-08, 1.35172193438e-08, 9.20845710795e-09, 6.37522257207e-09, 7.98409161007e-09, 1.77940790991e-08, 3.23373221534e-08, 3.03830169912e-08, 1.59646607045e-08, 2.50384211142e-08, 2.40088802173e-08, 2.09168895537e-08, 9.24325238572e-09, 5.27449861565e-09, 2.37855624086e-09, 2.3316251152e-09, 9.80937553408e-10, 7.33293037403e-10, 8.19181000811e-10, 8.36994418218e-10, 9.98740312674e-10, 1.15928944222e-09, 8.35443547675e-10],
        "var": [3.86923943552e-07, 5.92628275626e-05, 2.01894472411e-05, 9.41147675348e-08, 2.14804241061e-09, 5.45899991877e-10, 1.65364916205e-10, 8.79884429206e-11, 5.3528896593e-11, 3.58350224494e-11, 1.75276043679e-11, 1.00810080769e-11, 5.86689160795e-12, 2.95725379948e-12, 2.38321688772e-12, 1.24450948678e-12, 8.17547852333e-13, 6.45212182293e-13, 4.66592476461e-13, 3.17418969798e-13, 1.93654987879e-13, 1.38278481005e-13, 1.08659683627e-13, 7.40638494002e-14, 5.55198045198e-14, 4.09608700853e-14, 2.54113373952e-14, 1.81295408373e-14, 1.43468306083e-14, 1.1087003135e-14, 8.28442352831e-15, 5.96842877448e-15, 4.85324721898e-15, 3.43060562088e-15, 2.70811997468e-15, 2.17424251956e-15, 1.67547521538e-15, 1.20057941724e-15, 9.41385111919e-16, 7.46677701273e-16]
    },
    "mfcc": {
        "mean": [-829.461364746, 184.324707031, 61.9889259338, 82.9740753174, 35.6699447632, 29.5900382996, 44.7134399414, 4.87106561661, 1.61110150814, 13.6539297104, 7.88559818268, 1.35421824455, -15.4418640137],
        "cov": [[426.916442871, -138.221298218, -39.8902130127, -60.0821800232, -33.0606803894, -28.6220169067, -26.9216022491, 20.6017570496, 9.20757102966, 32.3653411865, -29.8599033356, -14.5494632721, -9.34728050232], [-138.221298218, 89.9513320923, 4.37452793121, 5.43504905701, -6.21186637878, 0.314527779818, 2.40233206749, -7.48042297363, 2.77313065529, -11.1011695862, 17.828037262, 1.3351329565, 9.7019405365], [-39.8902130127, 4.37452793121, 24.9579372406, 5.46603059769, 4.38145875931, -2.96501874924, 4.87538433075, -1.48943603039, 1.07622480392, -0.572199702263, -1.58537089825, 3.12887024879, -2.26008176804], [-60.0821800232, 5.43504905701, 5.46603059769, 56.5037918091, 27.8858184814, 10.7709331512, 16.3248577118, -5.07927703857, -6.20810937881, 3.09933900833, 2.3703057766, -0.904659330845, -10.1973190308], [-33.0606803894, -6.21186637878, 4.38145875931, 27.8858184814, 36.8603897095, 10.4615411758, 4.20900392532, -6.84435939789, -5.62304353714, -3.60082888603, -3.32192230225, 0.203889399767, -9.40322780609], [-28.6220169067, 0.314527779818, -2.96501874924, 10.7709331512, 10.4615411758, 22.2677898407, 6.85209608078, -8.03242111206, -10.574133873, -5.36658143997, 1.78728210926, 3.73873925209, -2.57895183563], [-26.9216022491, 2.40233206749, 4.87538433075, 16.3248577118, 4.20900392532, 6.85209608078, 29.1275901794, 0.337216079235, -4.71560907364, 2.56553959846, 4.61142396927, 1.31763887405, -7.92079019547], [20.6017570496, -7.48042297363, -1.48943603039, -5.07927703857, -6.84435939789, -8.03242111206, 0.337216079235, 16.0770339966, 4.60869646072, 0.972500622272, -6.28012752533, -1.98578453064, 0.382097393274], [9.20757102966, 2.77313065529, 1.07622480392, -6.20810937881, -5.62304353714, -10.574133873, -4.71560907364, 4.60869646072, 17.5051460266, 5.14431285858, -4.53372764587, -7.03609085083, 0.306374907494], [32.3653411865, -11.1011695862, -0.572199702263, 3.09933900833, -3.60082888603, -5.36658143997, 2.56553959846, 0.972500622272, 5.14431285858, 22.2644138336, -3.49356651306, -6.99896001816, -6.86763000488], [-29.8599033356, 17.828037262, -1.58537089825, 2.3703057766, -3.32192230225, 1.78728210926, 4.61142396927, -6.28012752533, -4.53372764587, -3.49356651306, 20.5427494049, 3.4249587059, 0.0863177329302], [-14.5494632721, 1.3351329565, 3.12887024879, -0.904659330845, 0.203889399767, 3.73873925209, 1.31763887405, -1.98578453064, -7.03609085083, -6.99896001816, 3.4249587059, 13.5395517349, 3.46622610092], [-9.34728050232, 9.7019405365, -2.26008176804, -10.1973190308, -9.40322780609, -2.57895183563, -7.92079019547, 0.382097393274, 0.306374907494, -6.86763000488, 0.0863177329302, 3.46622610092, 18.9623069763]],
