{
"lowlevel": {
    "average_loudness": 0.980776369572,
    "barkbands_crest": {
        "dmean": 0.724631369114,
        "dmean2": 1.07643663883,
        "dvar": 0.355406045914,
        "dvar2": 0.667108952999,
        "max": 18.6882286072,
        "mean": 10.2192077637,
        "median": 8.71422481537,
        "min": 6.33012628555,
        "var": 12.3630390167
    },
    "barkbands_flatness_db": {
        "dmean": 0.00846329797059,
        "dmean2": 0.0129667846486,
        "dvar": 6.93928013789e-05,
        "dvar2": 0.000124716869323,
        "max": 0.362396806479,
        "mean": 0.319226205349,
        "median": 0.320166558027,
        "min": 0.248411864042,
        "var": 0.000356283824658
    },
    "barkbands_kurtosis": {
        "dmean": 4.77157402039,
        "dmean2": 7.0742430687,
        "dvar": 29.7680702209,
        "dvar2": 67.5066833496,
        "max": 104.698692322,
        "mean": 33.9609031677,
        "median": 27.1131591797,
        "min": 7.66100215912,
        "var": 412.762329102
    },
    "barkbands_skewness": {
        "dmean": 0.298646181822,
        "dmean2": 0.427296310663,
        "dvar": 0.11783451587,
        "dvar2": 0.197645559907,
        "max": 6.4520368576,
        "mean": 2.94068717957,
        "median": 2.29623627663,
        "min": 1.48932290077,
        "var": 1.6650261879
    },
    "barkbands_spread": {
        "dmean": 0.185518234968,
        "dmean2": 0.271072268486,
        "dvar": 0.0227852612734,
        "dvar2": 0.0385378934443,
        "max": 3.70950770378,
        "mean": 2.22101998329,
        "median": 2.23600769043,
        "min": 0.894681036472,
        "var": 0.31406712532
    },
    "dissonance": {
        "dmean": 0.0406303964555,
        "dmean2": 0.0677137896419,
        "dvar": 0.00125065015163,
        "dvar2": 0.00375402998179,
        "max": 0.462760210037,
        "mean": 0.385443329811,
        "median": 0.390501111746,
        "min": 0.264234185219,
        "var": 0.00210580579005
    },
    "dynamic_complexity": 0.840197086334,
    "erbbands_crest": {
        "dmean": 1.24264061451,
        "dmean2": 1.87858295441,
        "dvar": 1.45236849785,
        "dvar2": 2.37045884132,
        "max": 24.4356708527,
        "mean": 16.7930107117,
        "median": 17.156129837,
        "min": 9.34416294098,
        "var": 10.3616981506
    },
    "erbbands_flatness_db": {
        "dmean": 0.00790400803089,
        "dmean2": 0.0110188052058,
        "dvar": 9.72979833023e-05,
        "dvar2": 0.00012871803483,
        "max": 0.267400622368,
        "mean": 0.218520596623,
        "median": 0.217259988189,
        "min": 0.105534285307,
        "var": 0.000586430658586
    },
    "erbbands_kurtosis": {
        "dmean": 1.62986397743,
        "dmean2": 2.21867251396,
        "dvar": 5.08878564835,
        "dvar2": 9.03669548035,
        "max": 28.5033683777,
        "mean": 5.81080245972,
        "median": 4.26495075226,
        "min": -0.254754304886,
        "var": 28.466632843
    },
    "erbbands_skewness": {
        "dmean": 0.272902339697,
        "dmean2": 0.364666551352,
        "dvar": 0.081108585,
        "dvar2": 0.149228855968,
        "max": 4.57272338867,
        "mean": 1.9341301918,
        "median": 1.81003594398,
        "min": 0.224783420563,
        "var": 0.783594489098
    },
    "erbbands_spread": {
        "dmean": 1.6828186512,
        "dmean2": 2.22851634026,
        "dvar": 8.36837863922,
        "dvar2": 10.1348810196,
        "max": 48.6539916992,
        "mean": 15.3234367371,
        "median": 14.1647129059,
        "min": 5.96607494354,
        "var": 23.9957695007
    },
    "hfc": {
        "dmean": 1.14256072044,
        "dmean2": 1.56210017204,
        "dvar": 1.86449444294,
        "dvar2": 2.0899271965,
        "max": 21.8740577698,
        "mean": 13.6816358566,
        "median": 13.670124054,
        "min": 0.173194989562,
        "var": 9.77509117126
    },
    "melbands_crest": {
        "dmean": 1.06657326221,
        "dmean2": 1.67649030685,
        "dvar": 0.867661058903,
        "dvar2": 1.53281569481,
        "max": 27.7679691315,
        "mean": 17.7918701172,
        "median": 16.2495269775,
        "min": 11.7871809006,
        "var": 18.0209789276
    },
    "melbands_flatness_db": {
        "dmean": 0.00919905118644,
        "dmean2": 0.0144075211138,
        "dvar": 0.000108506479592,
        "dvar2": 0.000176137822564,
        "max": 0.517547905445,
        "mean": 0.47322461009,
        "median": 0.475528091192,
        "min": 0.376403063536,
        "var": 0.000385654944694
    },
    "melbands_kurtosis": {
        "dmean": 5.02032661438,
        "dmean2": 7.82356786728,
        "dvar": 52.7900352478,
        "dvar2": 107.944389343,
        "max": 106.685379028,
        "mean": 32.3377952576,
        "median": 23.9253044128,
        "min": 8.89773368835,
        "var": 420.094604492
    },
    "melbands_skewness": {
        "dmean": 0.289564937353,
        "dmean2": 0.408921003342,
        "dvar": 0.141515001655,
        "dvar2": 0.228181540966,
        "max": 6.44520711899,
        "mean": 3.25446605682,
        "median": 2.69452786446,
        "min": 1.51233291626,
        "var": 1.4133708477
    },
    "melbands_spread": {
        "dmean": 0.158248066902,
        "dmean2": 0.236070886254,
        "dvar": 0.0174589529634,
        "dvar2": 0.0292236581445,
        "max": 3.42762970924,
        "mean": 1.64525961876,
        "median": 1.59529018402,
        "min": 0.61687964201,
        "var": 0.289551645517
    },
    "pitch_salience": {
        "dmean": 0.0281162951142,
        "dmean2": 0.0427669584751,
        "dvar": 0.000503317569382,
        "dvar2": 0.00105495005846,
        "max": 0.728774130344,
        "mean": 0.594800531864,
        "median": 0.5981336236,
        "min": 0.416314512491,
        "var": 0.00395480776206
    },
    "silence_rate_20dB": {
        "dmean": 0,
        "dmean2": 0,
        "dvar": 0,
        "dvar2": 0,
        "max": 1,
        "mean": 1,
        "median": 1,
        "min": 1,
        "var": 0
    },
    "silence_rate_30dB": {
        "dmean": 0.104761905968,
        "dmean2": 0.205741629004,
        "dvar": 0.0937867239118,
        "dvar2": 0.259105890989,
        "max": 1,
        "mean": 0.786729872227,
        "median": 1,
        "min": 0,
        "var": 0.167786225677
    },
    "silence_rate_60dB": {
        "dmean": 0,
        "dmean2": 0,
        "dvar": 0,
        "dvar2": 0,
        "max": 0,
        "mean": 0,
        "median": 0,
        "min": 0,
        "var": 0
    },
    "spectral_centroid": {
        "dmean": 6.98184347153,
        "dmean2": 10.7508811951,
        "dvar": 33.9632873535,
        "dvar2": 67.4479675293,
        "max": 256.973297119,
        "mean": 202.586120605,
        "median": 203.157608032,
        "min": 148.879638672,
        "var": 390.801055908
    },
    "spectral_complexity": {
        "dmean": 0.914285719395,
        "dmean2": 1.49282300472,
        "dvar": 0.697413980961,
        "dvar2": 1.54181492329,
        "max": 9,
        "mean": 6.14217996597,
        "median": 6,
        "min": 1,
        "var": 1.24044895172
    },
    "spectral_decrease": {
        "dmean": 2.36796227071e-09,
        "dmean2": 3.28902882707e-09,
        "dvar": 7.50334706466e-18,
        "dvar2": 8.58001196741e-18,
        "max": -4.26637142281e-10,
        "mean": -2.42480044932e-08,
        "median": -2.40231479154e-08,
        "min": -5.21612371074e-08,
        "var": 4.31050566995e-17
    },
    "spectral_energy": {
        "dmean": 0.00902971345931,
        "dmean2": 0.0125379627571,
        "dvar": 0.000109285523649,
        "dvar2": 0.000124804879306,
        "max": 0.198852717876,
        "mean": 0.0927584916353,
        "median": 0.0918114706874,
        "min": 0.00162593531422,
        "var": 0.000624655571301
    },
    "spectral_energyband_high": {
        "dmean": 3.28968167196e-06,
        "dmean2": 5.49532660443e-06,
        "dvar": 1.05196849495e-11,
        "dvar2": 2.36541081861e-11,
        "max": 5.00541209476e-05,
        "mean": 3.40869482898e-05,
        "median": 3.3308257116e-05,
        "min": 1.87142040886e-06,
        "var": 2.54140302552e-11
    },
    "spectral_energyband_low": {
        "dmean": 0.00811180006713,
        "dmean2": 0.0112633723766,
        "dvar": 7.20036696293e-05,
        "dvar2": 9.27521832637e-05,
        "max": 0.188180878758,
        "mean": 0.0568562820554,
        "median": 0.0450825728476,
        "min": 0.00120776763652,
        "var": 0.00115232588723
    },
    "spectral_energyband_middle_high": {
        "dmean": 2.9233908208e-05,
        "dmean2": 4.54322980659e-05,
        "dvar": 6.67173427615e-10,
        "dvar2": 1.61863533688e-09,
        "max": 0.000381778372684,
        "mean": 0.000141368422192,
        "median": 0.000127801555209,
        "min": 8.46354396344e-06,
        "var": 3.14927972589e-09
    },
    "spectral_energyband_middle_low": {
        "dmean": 0.00540896411985,
        "dmean2": 0.0074914470315,
        "dvar": 3.16619261866e-05,
        "dvar2": 4.39629693574e-05,
        "max": 0.0777812004089,
        "mean": 0.0372613370419,
        "median": 0.0403519719839,
        "min": 0.000260333385086,
        "var": 0.000407050101785
    },
    "spectral_entropy": {
        "dmean": 0.110433578491,
        "dmean2": 0.155120372772,
        "dvar": 0.0118237650022,
        "dvar2": 0.0198898483068,
        "max": 6.66938638687,
        "mean": 5.74179458618,
        "median": 5.73295211792,
        "min": 5.1863322258,
        "var": 0.054436892271
    },
    "spectral_flux": {
        "dmean": 0.0145976608619,
        "dmean2": 0.0240211803466,
        "dvar": 0.0004075494071,
        "dvar2": 0.000505595700815,
        "max": 0.287273436785,
        "mean": 0.0506777502596,
        "median": 0.0465715900064,
        "min": 0.0217062160373,
        "var": 0.000730585597921
    },
    "spectral_kurtosis": {
        "dmean": 3.36829590797,
        "dmean2": 5.67280960083,
        "dvar": 6.76168346405,
        "dvar2": 19.2563800812,
        "max": 38.9690284729,
        "mean": 23.811252594,
        "median": 22.9616985321,
        "min": 11.0858945847,
        "var": 32.6250572205
    },
    "spectral_rms": {
        "dmean": 0.000481269380543,
        "dmean2": 0.000669384200592,
        "dvar": 4.8081165005e-07,
        "dvar2": 5.4136324934e-07,
        "max": 0.0139284832403,
        "mean": 0.00942039303482,
        "median": 0.00946425739676,
        "min": 0.00125947548077,
        "var": 1.75226068677e-06
    },
    "spectral_rolloff": {
        "dmean": 2.4609375,
        "dmean2": 4.43027639389,
        "dvar": 73.4318847656,
        "dvar2": 173.387939453,
        "max": 193.798828125,
        "mean": 178.898880005,
        "median": 193.798828125,
        "min": 129.19921875,
        "var": 652.614624023
    },
    "spectral_skewness": {
        "dmean": 0.290381878614,
        "dmean2": 0.469721347094,
        "dvar": 0.0462778173387,
        "dvar2": 0.122727021575,
        "max": 5.24866628647,
        "mean": 4.03453159332,
        "median": 4.00498867035,
        "min": 2.79918789864,
        "var": 0.244253203273
    },
    "spectral_spread": {
        "dmean": 252186.34375,
        "dmean2": 408671.03125,
        "dvar": 106211278848,
        "dvar2": 135124058112,
        "max": 7639370.5,
        "mean": 3196153.25,
        "median": 3200613.75,
        "min": 2298075.25,
        "var": 238398996480
    },
    "spectral_strongpeak": {
        "dmean": 0.179503723979,
        "dmean2": 0.304528534412,
        "dvar": 0.0682381615043,
        "dvar2": 0.134764105082,
        "max": 2.02505087852,
        "mean": 1.3024289608,
        "median": 1.42230987549,
        "min": 0,
        "var": 0.157326310873
    },
    "zerocrossingrate": {
        "dmean": 0.00224144337699,
        "dmean2": 0.00318434135988,
        "dvar": 3.44546697306e-06,
        "dvar2": 6.63026548864e-06,
        "max": 0.02783203125,
        "mean": 0.0113299759105,
        "median": 0.01025390625,
        "min": 0.00146484375,
        "var": 1.81178256753e-05
    },
    "barkbands": {
        "dmean": [0.0010935717728, 0.00387592520565, 0.00422139465809, 0.00269934511743, 0.00351843726821, 0.000109839769721, 5.39616266906e-05, 0.000279303902062, 0.000170446845004, 6.72384885547e-06, 5.77400942348e-06, 5.33312959305e-06, 1.08522026494e-05, 1.8762970285e-05, 1.71932856574e-06, 1.03899844817e-06, 1.64939706337e-06, 3.75096078642e-06, 2.42920646087e-06, 1.41418024668e-06, 1.12228360649e-06, 2.7881245046e-07, 2.78462465531e-07, 3.95550614485e-07, 7.42432064271e-07, 4.45496112889e-07, 2.76141054201e-06],
        "dmean2": [0.00159586290829, 0.00562385609373, 0.00585768837482, 0.00369088700972, 0.00507269240916, 0.000161976015079, 8.73814715305e-05, 0.000507406715769, 0.000144144170918, 1.08916328827e-05, 9.17925262911e-06, 8.49733532959e-06, 1.52376742335e-05, 2.97865808534e-05, 2.92086906484e-06, 1.78017774033e-06, 2.79438927464e-06, 5.65338086744e-06, 3.88961234421e-06, 2.29102852245e-06, 1.91458275367e-06, 4.49964716154e-07, 4.6856629865e-07, 6.45200429972e-07, 1.15842215109e-06, 7.53806432385e-07, 4.68535517939e-06],
        "dvar": [8.74130932971e-07, 9.22111394175e-06, 3.44855143339e-05, 8.15646671981e-06, 1.07822888822e-05, 6.64716104382e-09, 2.40936626206e-09, 6.61930883439e-08, 2.79647149881e-08, 4.48123933794e-11, 3.10497010048e-11, 2.5324561892e-11, 1.30350244487e-10, 3.70027675167e-10, 2.32469750915e-12, 7.92630067484e-13, 2.84875183339e-12, 1.9406989904e-11, 4.67629277315e-12, 2.33530209059e-12, 1.01503809698e-12, 6.00249559259e-14, 8.05344696096e-14, 1.29309323665e-13, 5.25021053108e-13, 1.5060523629e-13, 5.54600809721e-12],
        "dvar2": [1.63452875768e-06, 2.05763462873e-05, 3.22882187902e-05, 1.15081156764e-05, 1.71132396645e-05, 1.50325476511e-08, 5.36756905589e-09, 1.91522019577e-07, 1.92394153942e-08, 1.13173581617e-10, 6.46114897696e-11, 5.59784822662e-11, 2.3695750917e-10, 9.58488732827e-10, 6.38839372027e-12, 2.29711280379e-12, 6.78509332053e-12, 5.03002917096e-11, 1.10466202158e-11, 6.40723975612e-12, 2.6603233505e-12, 1.44336501301e-13, 2.01543209205e-13, 2.90575668995e-13, 1.11827149103e-12, 3.64399726756e-13, 1.28421405454e-11],
        "max": [0.0121260406449, 0.047266241163, 0.128158032894, 0.0383355729282, 0.038434304297, 0.000899451435544, 0.000404135033023, 0.00152132171206, 0.00607995828614, 6.2817678554e-05, 4.71921812277e-05, 4.55667541246e-05, 0.000237791085965, 0.000154962632223, 1.27120329125e-05, 8.63731838763e-06, 1.51721997099e-05, 4.29206120316e-05, 1.65549990925e-05, 1.71934116224e-05, 1.017147315e-05, 3.54572034666e-06, 3.75543822884e-06, 4.11914743381e-06, 9.67288906395e-06, 4.74240277981e-06, 2.91753876809e-05],
        "mean": [0.00614917464554, 0.0168573446572, 0.0323015451431, 0.0180933922529, 0.0167652778327, 0.000427212537033, 0.000108612606709, 0.00046851937077, 0.00139499106444, 1.36606131491e-05, 1.31348369905e-05, 1.34200963657e-05, 3.86170395359e-05, 3.49754627678e-05, 3.91675757783e-06, 2.3772579425e-06, 4.9439850045e-06, 9.53555991146e-06, 6.42926715955e-06, 3.75900594918e-06, 3.34428182214e-06, 1.04632306375e-06, 1.03772572402e-06, 1.80392703442e-06, 2.96441407954e-06, 3.13880809699e-06, 2.23089155043e-05],
        "median": [0.00580401951447, 0.0145345246419, 0.0222834479064, 0.0196737200022, 0.0172621253878, 0.00039771271986, 9.41323378356e-05, 0.000378005643142, 0.00110749958549, 1.20750573842e-05, 1.12356628961e-05, 1.19503438327e-05, 2.36848682107e-05, 2.80821823253e-05, 3.49479660144e-06, 2.1578077849e-06, 4.56858515463e-06, 7.33008937459e-06, 5.85484349358e-06, 3.46789238392e-06, 2.88591468234e-06, 9.82803612715e-07, 9.83620111583e-07, 1.64615119047e-06, 2.47649632001e-06, 3.11182930091e-06, 2.24173872994e-05],
        "min": [0.000511003017891, 0.000526422052644, 0.000317620986607, 0.000191132086911, 5.28820819454e-05, 2.32979186876e-06, 6.24137283012e-06, 5.58497958991e-06, 1.3832351442e-06, 2.08429628401e-06, 4.11481778428e-07, 5.525934057e-07, 6.75241778936e-07, 1.28544445488e-06, 7.15710825716e-07, 5.44959391391e-07, 1.21614414184e-06, 3.4560741824e-07, 5.73400427584e-07, 2.10592602912e-07, 2.97273203387e-07, 1.8698837323e-07, 1.80025935492e-07, 1.62005974857e-07, 2.24078149813e-07, 2.65702055913e-07, 6.20638729742e-07],
        "var": [2.93132961815e-06, 6.56882475596e-05, 0.000650525675155, 0.000107320971438, 8.85634653969e-05, 2.66988102737e-08, 4.18288825799e-09, 1.09723799824e-07, 1.67259622685e-06, 7.16266421175e-11, 7.67568994475e-11, 4.77474379479e-11, 1.94677673981e-09, 5.65565760891e-10, 3.63135671706e-12, 1.34283014395e-12, 5.93989527703e-12, 4.26002184917e-11, 7.33745616349e-12, 3.22358979787e-12, 3.08655314848e-12, 1.31987248821e-13, 1.15459399853e-13, 3.57278415837e-13, 2.3631509076e-12, 2.68669906201e-13, 7.99211738456e-12]
    },
    "erbbands": {
        "dmean": [0.20974804461, 0.683000981808, 4.34305047989, 5.53588914871, 16.1505661011, 6.97374773026, 2.35410618782, 0.822772204876, 0.388865113258, 4.80709600449, 2.81681489944, 5.15323019028, 0.878454864025, 0.26155552268, 0.290255844593, 0.173817873001, 0.58637881279, 0.921562314034, 0.273698925972, 0.0705521702766, 0.0437750332057, 0.1046846807, 0.164339214563, 0.139336153865, 0.092499487102, 0.0631816238165, 0.0690001919866, 0.0235714111477, 0.0115205841139, 0.00993628613651, 0.00729534076527, 0.00759665016085, 0.0101523082703, 0.0108427116647, 0.0026220716536, 0.00150665827096, 0.00106077105738, 0.000733315944672, 0.00038957290235, 6.13107331446e-05],
        "dmean2": [0.323209583759, 0.916316270828, 5.95757246017, 7.17901468277, 24.2410011292, 8.39949131012, 3.06013298035, 1.38495826721, 0.597532749176, 8.3051815033, 4.97689247131, 4.22198820114, 0.898616611958, 0.416137307882, 0.452352285385, 0.272743374109, 0.810343742371, 1.48187494278, 0.449730426073, 0.12249365449, 0.0734121873975, 0.165065839887, 0.242497235537, 0.230144917965, 0.147715598345, 0.100863948464, 0.113875113428, 0.0393592305481, 0.0188848301768, 0.0171331502497, 0.0118357008323, 0.0122703509405, 0.0157834067941, 0.0164745654911, 0.00459341378883, 0.00250818021595, 0.00187240191735, 0.00129432685208, 0.000677266099956, 0.000101552446722],
        "dvar": [0.0242999978364, 0.36966702342, 40.0311355591, 24.3281421661, 277.05166626, 30.784488678, 3.29707574844, 0.522437870502, 0.111180819571, 19.8309841156, 5.74906301498, 24.9861488342, 0.770139992237, 0.0727129280567, 0.0955377817154, 0.0286367181689, 0.401924997568, 0.963442146778, 0.0531876571476, 0.00469805952162, 0.00139060535002, 0.0119586735964, 0.0379333272576, 0.0191930308938, 0.00722458027303, 0.00522484444082, 0.00374935241416, 0.000584124121815, 0.000103078855318, 0.000105982478999, 5.29454191565e-05, 6.12048534094e-05, 7.29154344299e-05, 0.000112639063445, 5.05231037096e-06, 1.83167946943e-06, 9.03083275716e-07, 3.86635804261e-07, 9.15691629189e-08, 3.21925952562e-09],
        "dvar2": [0.0596019998193, 0.626634895802, 39.6777267456, 39.07188797, 423.809509277, 46.3628845215, 7.4193944931, 1.20164990425, 0.221547707915, 58.2618293762, 17.1533946991, 15.901799202, 0.617573857307, 0.189722180367, 0.22412930429, 0.0587726831436, 0.710532426834, 2.36484456062, 0.145734369755, 0.0133457398042, 0.00338278291747, 0.0269909221679, 0.0920124202967, 0.0526708625257, 0.0183725748211, 0.0145395556465, 0.0107981432229, 0.00142405810766, 0.000261933979345, 0.000267240800895, 0.000129196021589, 0.000145878831972, 0.000142062621308, 0.000237187501625, 1.40606289278e-05, 4.66002893518e-06, 2.29503893934e-06, 1.02103729205e-06, 2.47757753868e-07, 6.72998012874e-09],
        "max": [1.59002411366, 12.3312416077, 134.446563721, 66.1721725464, 234.749481201, 55.5442047119, 18.4474143982, 8.40385246277, 3.95429730415, 26.1275691986, 23.311882019, 187.58807373, 27.9861660004, 2.23025226593, 2.49489378929, 1.99097239971, 13.0206832886, 7.71416711807, 2.24197459221, 0.604006111622, 0.466733694077, 0.988455414772, 1.85236871243, 1.02754378319, 0.817379653454, 0.783871948719, 0.63596624136, 0.237895667553, 0.122912570834, 0.124340422451, 0.106036610901, 0.0946832373738, 0.116612374783, 0.137376368046, 0.0244774762541, 0.014581871219, 0.00960062071681, 0.00701283896342, 0.00348883797415, 0.000725526071619],
        "mean": [0.786375463009, 3.29357075691, 34.6746673584, 35.0143928528, 109.326042175, 20.0962924957, 6.7091627121, 3.04973602295, 1.26699531078, 7.86833572388, 7.24711894989, 43.3770332336, 6.4410533905, 0.68847155571, 0.699682950974, 0.596219301224, 2.08917880058, 1.77071070671, 0.671460032463, 0.196264401078, 0.13287012279, 0.342481702566, 0.458321124315, 0.340138077736, 0.250818431377, 0.178499698639, 0.196028634906, 0.0712617561221, 0.0396364927292, 0.0341637432575, 0.0289102066308, 0.0308971907943, 0.0404731668532, 0.0372836962342, 0.0139980018139, 0.0085088852793, 0.00622716732323, 0.00482790125534, 0.00253276340663, 0.000530059216544],
        "median": [0.738935291767, 2.34331655502, 23.5758304596, 34.6366195679, 120.370437622, 17.2308273315, 6.49058914185, 2.39930391312, 1.21022629738, 6.33737325668, 6.43043136597, 34.5165023804, 5.068795681, 0.600577831268, 0.579531431198, 0.507729232311, 1.26232767105, 1.43992388248, 0.590018451214, 0.171076819301, 0.122582934797, 0.300851494074, 0.366728395224, 0.31280618906, 0.232597589493, 0.160331949592, 0.164284870028, 0.0637272670865, 0.037486359477, 0.032136105001, 0.0274454392493, 0.0282379686832, 0.0358355715871, 0.0291403513402, 0.0136917028576, 0.0083015980199, 0.00614341162145, 0.00481124036014, 0.00249294261448, 0.000534452672582],
        "min": [0.0213915314525, 0.100077435374, 0.326943129301, 0.581236362457, 0.411793708801, 0.103101946414, 0.0300986301154, 0.0167611427605, 0.0528991483152, 0.155494138598, 0.0750326961279, 0.0295917894691, 0.0734511613846, 0.0404134206474, 0.0214314628392, 0.0238251686096, 0.0338779166341, 0.0616958402097, 0.0441401451826, 0.0358508564532, 0.0345880016685, 0.0664236098528, 0.0306107029319, 0.0242121145129, 0.0226442720741, 0.01129758358, 0.00735901575536, 0.0146007519215, 0.00711904233322, 0.00599408848211, 0.00459269154817, 0.003545982996, 0.00293542421423, 0.00276539917104, 0.00132645666599, 0.000789920508396, 0.00052489945665, 0.000210790036363, 7.01196331647e-05, 1.27793091451e-05],
        "var": [0.0657073482871, 5.56262779236, 726.010009766, 96.4407501221, 3912.01953125, 125.729721069, 11.2080631256, 3.56503653526, 0.30305442214, 31.1159915924, 20.6504306793, 1614.78356934, 32.6952896118, 0.153772339225, 0.203589558601, 0.0843266919255, 5.82517957687, 1.47004246712, 0.113280117512, 0.0076894229278, 0.00296471547335, 0.0339839234948, 0.0952595546842, 0.0238958224654, 0.0112806111574, 0.00671124830842, 0.0118151493371, 0.00109148211777, 0.000197780522285, 0.000151054453454, 8.11039135442e-05, 0.000138196424814, 0.000357957964297, 0.000527309952304, 9.1702595455e-06, 3.44596310242e-06, 1.34392564632e-06, 4.67598113119e-07, 1.22431373484e-07, 4.81799800056e-09]
    },
    "gfcc": {
        "mean": [-61.278881073, 141.522628784, -15.8983392715, 16.4554576874, -18.2250366211, -1.26349973679, -11.6131954193, 4.97248983383, -20.4991092682, -8.96780490875, -18.5469264984, -27.2119293213, -20.6557197571],
        "cov": [[175.583129883, 39.9091720581, 5.39750051498, -17.540725708, -9.06764793396, -6.58867073059, 18.8070449829, 12.1776371002, -0.566135346889, -2.70137882233, -5.14117860794, -18.221370697, -5.23546504974], [39.9091720581, 62.1033706665, 17.5778369904, -48.4202003479, -43.1948928833, -30.5980205536, 15.66152668, 10.1684522629, 2.85466241837, -29.0025444031, -39.9799880981, -20.5138378143, 3.13809776306], [5.39750051498, 17.5778369904, 27.6957015991, -7.08231735229, -12.9554424286, -11.9523220062, -7.49087381363, -8.54011058807, -10.0632381439, -9.81034183502, -7.18203401566, -5.46562623978, 4.60869073868], [-17.540725708, -48.4202003479, -7.08231735229, 62.7743797302, 46.6131134033, 19.700252533, -11.6981372833, -9.36480331421, -2.61546373367, 27.9055919647, 33.0175743103, 15.0428276062, -5.42064142227], [-9.06764793396, -43.1948928833, -12.9554424286, 46.6131134033, 60.6444549561, 38.304473877, -11.1664009094, -16.7706127167, -0.0175777617842, 37.8589248657, 39.344871521, 14.3209180832, -8.78739261627], [-6.58867073059, -30.5980205536, -11.9523220062, 19.700252533, 38.304473877, 50.3764076233, 4.47574138641, -11.8710956573, 1.58470499516, 32.025554657, 26.6135234833, 8.38779449463, -5.03646421432], [18.8070449829, 15.66152668, -7.49087381363, -11.6981372833, -11.1664009094, 4.47574138641, 53.2065010071, 33.1637115479, 18.5615577698, -3.07410478592, -24.7102985382, -7.70995044708, -3.52942728996], [12.1776371002, 10.1684522629, -8.54011058807, -9.36480331421, -16.7706127167, -11.8710956573, 33.1637115479, 48.5033721924, 20.0150966644, -14.6178817749, -21.116645813, -3.38650345802, -2.85485601425], [-0.566135346889, 2.85466241837, -10.0632381439, -2.61546373367, -0.0175777617842, 1.58470499516, 18.5615577698, 20.0150966644, 28.8632621765, 7.39446020126, -10.6837787628, -3.01342654228, -8.94703102112], [-2.70137882233, -29.0025444031, -9.81034183502, 27.9055919647, 37.8589248657, 32.025554657, -3.07410478592, -14.6178817749, 7.39446020126, 46.8089141846, 31.3974781036, 3.16495776176, -13.0697059631], [-5.14117860794, -39.9799880981, -7.18203401566, 33.0175743103, 39.344871521, 26.6135234833, -24.7102985382, -21.116645813, -10.6837787628, 31.3974781036, 49.4921646118, 15.9592065811, -7.08977937698], [-18.221370697, -20.5138378143, -5.46562623978, 15.0428276062, 14.3209180832, 8.38779449463, -7.70995044708, -3.38650345802, -3.01342654228, 3.16495776176, 15.9592065811, 21.1327476501, 3.05325078964], [-5.23546504974, 3.13809776306, 4.60869073868, -5.42064142227, -8.78739261627, -5.03646421432, -3.52942728996, -2.85485601425, -8.94703102112, -13.0697059631, -7.08977937698, 3.05325078964, 14.9726495743]],
        "icov": [[0.00976818148047, -0.0188038703054, 0.00503200432286, -0.00728625524789, 0.000769662554376, -0.00256369984709, -0.00256378296763, -0.00338782835752, 0.000330011418555, 0.00246334681287, -0.0151422601193, 0.00748776597902, -0.00484058260918], [-0.0188038703054, 0.142646551132, -0.0502453818917, 0.0824639350176, -0.0366204306483, 0.0465873405337, -0.0204086452723, 0.0200723912567, 0.00232531852089, -7.34793575248e-05, 0.0558757781982, 0.0066902958788, 0.0284626632929], [0.00503200432286, -0.0502453818917, 0.0705122724175, -0.0354860797524, 0.0236410796642, -0.0129365632311, 0.0102037144825, 0.00197570002638, 0.0131446775049, -0.00162594928406, -0.0107707036659, 0.00382475089282, -0.00940040219575], [-0.00728625524789, 0.0824639350176, -0.0354860797524, 0.0987414270639, -0.0670933797956, 0.050125002861, -0.0152961332351, 0.000194546460989, 0.0117114791647, -0.0143542392179, 0.0280720647424, -0.0044162501581, 0.00941657554358], [0.000769662554376, -0.0366204306483, 0.0236410796642, -0.0670933797956, 0.105808883905, -0.052994158119, 0.0150219555944, 0.00419368548319, -0.0090494165197, -0.0069228396751, -0.0208479035646, -0.0108879515901, 0.00588863482699], [-0.00256369984709, 0.0465873405337, -0.0129365632311, 0.050125002861, -0.052994158119, 0.082897529006, -0.0353848263621, 0.0170242041349, 0.00161098211538, -0.0170646551996, -0.00250952946953, 0.00332150072791, -0.0126426499337], [-0.00256378296763, -0.0204086452723, 0.0102037144825, -0.0152961332351, 0.0150219555944, -0.0353848263621, 0.0688342154026, -0.0427344962955, 0.0178951825947, -0.0283971726894, 0.0470333881676, -0.0167084168643, 0.011277390644], [-0.00338782835752, 0.0200723912567, 0.00197570002638, 0.000194546460989, 0.00419368548319, 0.0170242041349, -0.0427344962955, 0.0724994689226, -0.0429109819233, 0.0406157933176, -0.0246231071651, 0.00943401549011, 0.00223725032993], [0.000330011418555, 0.00232531852089, 0.0131446775049, 0.0117114791647, -0.0090494165197, 0.00161098211538, 0.0178951825947, -0.0429109819233, 0.111204840243, -0.059530749917, 0.0723484307528, -0.0338664986193, 0.0467401333153], [0.00246334681287, -7.34793575248e-05, -0.00162594928406, -0.0143542392179, -0.0069228396751, -0.0170646551996, -0.0283971726894, 0.0406157933176, -0.059530749917, 0.114816248417, -0.072396799922, 0.0472730696201, 0.0081572830677], [-0.0151422601193, 0.0558757781982, -0.0107707036659, 0.0280720647424, -0.0208479035646, -0.00250952946953, 0.0470333881676, -0.0246231071651, 0.0723484307528, -0.072396799922, 0.16633553803, -0.066687181592, 0.0621832683682], [0.00748776597902, 0.0066902958788, 0.00382475089282, -0.0044162501581, -0.0108879515901, 0.00332150072791, -0.0167084168643, 0.00943401549011, -0.0338664986193, 0.0472730696201, -0.066687181592, 0.110405042768, -0.0420364141464], [-0.00484058260918, 0.0284626632929, -0.00940040219575, 0.00941657554358, 0.00588863482699, -0.0126426499337, 0.011277390644, 0.00223725032993, 0.0467401333153, 0.0081572830677, 0.0621832683682, -0.0420364141464, 0.140788674355]]
    },
    "melbands": {
        "dmean": [0.00135100015905, 0.00174014293589, 0.00119670014828, 0.0008930566255, 0.000105101666122, 1.75781497092e-05, 6.5558319875e-06, 6.0864691477e-05, 1.76982739504e-05, 3.3721098589e-05, 3.18417119161e-06, 1.05775382053e-06, 8.60677118908e-07, 6.55503242797e-07, 7.87173291883e-07, 1.00597662822e-06, 2.11489782487e-06, 5.94019184064e-07, 1.14548051044e-07, 8.86159128299e-08, 6.0547023395e-08, 8.3022470676e-08, 3.18190274129e-07, 8.40847178551e-08, 1.28425881485e-07, 9.86196013741e-08, 6.11130985817e-08, 4.16008454351e-08, 5.36760680347e-08, 2.20973195297e-08, 1.53325103724e-08, 7.6308737107e-09, 5.14109332883e-09, 6.63933663603e-09, 5.12725728541e-09, 3.81765508095e-09, 6.20354301262e-09, 5.0775361693e-09, 1.74889631666e-08, 6.55879173195e-09],
        "dmean2": [0.00203903624788, 0.00233156979084, 0.00168588140514, 0.00127710495144, 0.000128000712721, 2.83307617792e-05, 9.90917487798e-06, 0.000107573985588, 3.13003365591e-05, 2.80005042441e-05, 3.80762116947e-06, 1.7142398292e-06, 1.37737913519e-06, 1.01973341771e-06, 1.10396865693e-06, 1.44695138715e-06, 3.41479585586e-06, 9.71314534581e-07, 1.96388867835e-07, 1.55750853992e-07, 1.03693672315e-07, 1.42152117633e-07, 4.6995427283e-07, 1.43394316865e-07, 2.13764693058e-07, 1.64039306583e-07, 1.02285184767e-07, 6.68562663009e-08, 9.04640771182e-08, 3.72073927224e-08, 2.56071022164e-08, 1.311622011e-08, 8.53019876956e-09, 1.14208349444e-08, 8.50996428881e-09, 6.12165562686e-09, 1.03042721022e-08, 8.43746139623e-09, 2.59727865881e-08, 1.05138218132e-08],
        "dvar": [1.05741685275e-06, 5.14818157171e-06, 1.59275225542e-06, 7.31384545816e-07, 5.89512882954e-09, 2.0563062364e-10, 3.11513939644e-11, 3.30417404548e-09, 2.17951115489e-10, 1.0863612232e-09, 1.02630091925e-11, 1.29381466478e-12, 8.020155178e-13, 3.85431216023e-13, 6.08578779818e-13, 1.09260506458e-12, 5.06377231813e-12, 2.74856119852e-13, 8.84948259556e-15, 7.67455980629e-15, 3.00856213755e-15, 6.67720095727e-15, 1.51614371014e-13, 1.07864394229e-14, 1.60648489005e-14, 8.41301244707e-15, 4.15445477838e-15, 2.20235194319e-15, 2.41514144262e-15, 4.04647702996e-16, 2.5256500196e-16, 4.8606439739e-17, 2.65605692914e-17, 4.66591407717e-17, 2.4832383851e-17, 1.20316257325e-17, 4.16130048542e-17, 1.95251582992e-17, 3.56552907553e-16, 3.30706114067e-17],
        "dvar2": [2.53119014815e-06, 5.60215630685e-06, 2.00686895369e-06, 1.11519386792e-06, 1.22386145662e-08, 4.87236639923e-10, 6.22742274414e-11, 9.65033741807e-09, 6.6675898136e-10, 7.14401038326e-10, 1.03743047139e-11, 3.38720696456e-12, 1.86565151349e-12, 9.05264090686e-13, 1.1373214653e-12, 2.0869243833e-12, 1.24765631854e-11, 7.35747400504e-13, 2.43016361429e-14, 2.28410362456e-14, 7.6428739978e-15, 1.87832131034e-14, 3.26174552862e-13, 3.32026073302e-14, 4.37620758045e-14, 2.08796924927e-14, 1.11829584154e-14, 6.0685751739e-15, 6.78105947858e-15, 1.06542080507e-15, 6.48143629069e-16, 1.15338650013e-16, 6.45643915727e-17, 1.2788937542e-16, 6.27848282901e-17, 2.87496283362e-17, 1.02144033982e-16, 4.31913878857e-17, 6.92419152953e-16, 8.12508149022e-17],
        "max": [0.0131151666865, 0.0503578037024, 0.0184285659343, 0.0102916937321, 0.000722333847079, 0.00016595152556, 6.19660495431e-05, 0.000337931502145, 0.000151138563524, 0.0012181729544, 7.24946949049e-05, 8.89868624654e-06, 7.28357099433e-06, 4.92624940307e-06, 1.51925478349e-05, 2.13994480873e-05, 1.65568762895e-05, 5.01380554851e-06, 7.95924847807e-07, 6.43206305995e-07, 5.0370340432e-07, 6.7923002689e-07, 3.27334919348e-06, 7.78400590207e-07, 9.05939657514e-07, 8.10944129626e-07, 5.50710353764e-07, 5.04956801706e-07, 4.81090864923e-07, 1.7693869836e-07, 1.42236459055e-07, 6.9519039414e-08, 6.38500097239e-08, 7.03202758245e-08, 6.41787707423e-08, 4.7607827014e-08, 7.28065714384e-08, 5.93019180428e-08, 2.32256056165e-07, 6.88995100973e-08],
        "mean": [0.00572051946074, 0.0128399468958, 0.0101544680074, 0.00457764044404, 0.000254855054663, 6.53744718875e-05, 1.87423102034e-05, 0.000101745819848, 4.70965314889e-05, 0.000279866362689, 1.60668096214e-05, 1.98324528355e-06, 1.99009969037e-06, 1.73893442934e-06, 2.81459620055e-06, 3.5958225908e-06, 3.6595210986e-06, 1.35429888815e-06, 2.64881521161e-07, 2.05991312896e-07, 1.44372279465e-07, 2.05442717061e-07, 8.2510342736e-07, 1.78823157171e-07, 2.84601384237e-07, 2.39197817109e-07, 1.31390919478e-07, 1.07658472359e-07, 1.42291838756e-07, 6.51076561553e-08, 3.32387415369e-08, 2.26917897805e-08, 1.8261774315e-08, 1.92260571907e-08, 1.68944058743e-08, 1.50471937133e-08, 2.02990388942e-08, 1.94240747931e-08, 5.11733269093e-08, 2.34945112254e-08],
        "median": [0.0053259213455, 0.00885234493762, 0.0103212743998, 0.00468825316057, 0.000236486186623, 5.42285888514e-05, 1.77434503712e-05, 7.78399480623e-05, 4.05374521506e-05, 0.000223684852244, 1.24405733004e-05, 1.57428985403e-06, 1.66159804849e-06, 1.53424218752e-06, 1.82746885002e-06, 2.24903669732e-06, 3.01761338051e-06, 1.13820408387e-06, 2.38086570903e-07, 1.84530705383e-07, 1.30409944177e-07, 1.80609092126e-07, 5.76972411181e-07, 1.59015030476e-07, 2.55007222449e-07, 2.13403453131e-07, 1.15672655454e-07, 9.77093321808e-08, 1.21465916436e-07, 5.5824820322e-08, 2.80377605577e-08, 2.10581685423e-08, 1.70523239973e-08, 1.7667288077e-08, 1.58481885393e-08, 1.48011594092e-08, 1.74832166522e-08, 1.8797091883e-08, 3.7184317847e-08, 1.99050109728e-08],
        "min": [0.00019300483109, 0.000160764669999, 9.80444528977e-05, 1.70264120243e-05, 1.19763444673e-06, 3.93706841351e-07, 9.31999124987e-07, 1.70497571617e-06, 4.58877025267e-07, 2.00607999545e-07, 3.79597054234e-07, 1.8019032666e-07, 6.18050748358e-08, 6.13348873912e-08, 7.24731989976e-08, 6.77291964735e-08, 1.2500241553e-07, 7.37791978622e-08, 5.34920943096e-08, 4.16185805818e-08, 2.52564262837e-08, 5.28851771264e-08, 6.64114878646e-08, 7.5404722466e-09, 2.11927719818e-08, 1.96176674905e-08, 1.16971561326e-08, 6.54751186602e-09, 3.11676839893e-09, 6.62042021204e-09, 9.18590714605e-09, 4.55122295406e-09, 2.0930017719e-09, 3.86309872979e-09, 2.84185475152e-09, 1.85146864506e-09, 2.3764019641e-09, 1.89148385843e-09, 2.81873391295e-09, 1.97262761681e-09],
        "var": [4.33660216004e-06, 0.000100907294836, 1.2054661056e-05, 6.59217812427e-06, 1.99802165923e-08, 1.34745559155e-09, 7.94336610377e-11, 5.17950260459e-09, 8.69171346007e-10, 6.7847452101e-08, 1.92003871136e-10, 2.04006581593e-12, 1.69968032704e-12, 7.4919492268e-13, 7.99235590904e-12, 1.57249300387e-11, 7.17762698235e-12, 5.82801710537e-13, 1.65198326481e-14, 1.05063171569e-14, 5.17978307883e-15, 1.10634268199e-14, 4.58234470334e-13, 1.14784085896e-14, 1.94585897417e-14, 1.22797009106e-14, 4.99408762229e-15, 2.83590421213e-15, 7.0649078425e-15, 9.3690526054e-16, 3.93570391401e-16, 8.2999071053e-17, 4.02531827929e-17, 6.19336528224e-17, 3.76713138731e-17, 1.7616513482e-17, 9.7209875158e-17, 3.70459024643e-17, 1.6707053611e-15, 1.25287978421e-16]
    },
    "mfcc": {
        "mean": [-750.258728027, 197.097290039, 58.1773376465, 42.4171676636, 22.730670929, 7.10877466202, 22.4004859924, 2.70564818382, 5.1088180542, 13.1647949219, 13.5575046539, -1.62013936043, -20.8593502045],
        "cov": [[168.240737915, 24.1028137207, -4.08633041382, -0.93178910017, -10.8639183044, -5.95958662033, 15.8718652725, 0.0419113896787, 3.78140640259, 6.94835615158, 16.2486362457, 5.68542146683, -8.86877536774], [24.1028137207, 82.5121459961, 27.9462013245, -17.768157959, -49.501991272, -37.8588943481, -27.0485305786, 13.1913785934, 11.9102973938, 23.4042549133, -15.9440126419, -37.0643615723, -33.7871246338], [-4.08633041382, 27.9462013245, 38.033782959, -3.67317771912, -15.7092094421, -21.8358078003, -8.49347305298, -4.44068622589, 0.111000500619, -4.4287147522, -15.582783699, -14.6933526993, -13.8151788712], [-0.93178910017, -17.768157959, -3.67317771912, 35.733631134, 4.46200990677, -1.67763340473, -0.119681403041, 1.41286838055, 3.5662419796, 3.73252296448, 3.88817071915, 2.9121992588, 5.98482656479], [-10.8639183044, -49.501991272, -15.7092094421, 4.46200990677, 62.4246330261, 39.4787025452, 20.5970077515, -29.6821937561, -24.8159294128, -29.914516449, 11.9931926727, 34.0806045532, 23.7462806702], [-5.95958662033, -37.8588943481, -21.8358078003, -1.67763340473, 39.4787025452, 64.4541397095, 21.5244808197, -22.7168922424, -16.6768627167, -11.0599155426, 18.7773399353, 27.2679080963, 20.8242473602], [15.8718652725, -27.0485305786, -8.49347305298, -0.119681403041, 20.5970077515, 21.5244808197, 38.2998542786, -10.2527103424, -7.99876832962, -18.2168521881, 9.75657176971, 20.734834671, 15.516500473], [0.0419113896787, 13.1913785934, -4.44068622589, 1.41286838055, -29.6821937561, -22.7168922424, -10.2527103424, 42.693977356, 24.0273151398, 18.2146148682, -2.51826095581, -16.3115749359, -9.33539676666], [3.78140640259, 11.9102973938, 0.111000500619, 3.5662419796, -24.8159294128, -16.6768627167, -7.99876832962, 24.0273151398, 37.7601394653, 19.3289661407, 1.95794999599, -8.96223640442, -6.35001182556], [6.94835615158, 23.4042549133, -4.4287147522, 3.73252296448, -29.914516449, -11.0599155426, -18.2168521881, 18.2146148682, 19.3289661407, 45.5322227478, 7.69211435318, -16.5897312164, -12.1553621292], [16.2486362457, -15.9440126419, -15.582783699, 3.88817071915, 11.9931926727, 18.7773399353, 9.75657176971, -2.51826095581, 1.95794999599, 7.69211435318, 40.5349502563, 26.9112091064, 6.52993917465], [5.68542146683, -37.0643615723, -14.6933526993, 2.9121992588, 34.0806045532, 27.2679080963, 20.734834671, -16.3115749359, -8.96223640442, -16.5897312164, 26.9112091064, 49.3272743225, 23.0071468353], [-8.86877536774, -33.7871246338, -13.8151788712, 5.98482656479, 23.7462806702, 20.8242473602, 15.516500473, -9.33539676666, -6.35001182556, -12.1553621292, 6.52993917465, 23.0071468353, 33.275428772]],
