{
"lowlevel": {
    "average_loudness": 0.971535146236,
    "barkbands_crest": {
        "dmean": 2.10347604752,
        "dmean2": 3.31113672256,
        "dvar": 5.35378551483,
        "dvar2": 7.34452199936,
        "max": 26.0606765747,
        "mean": 15.6790313721,
        "median": 14.6899576187,
        "min": 6.07828187943,
        "var": 27.9440250397
    },
    "barkbands_flatness_db": {
        "dmean": 0.0224262420088,
        "dmean2": 0.0311739705503,
        "dvar": 0.000870169431437,
        "dvar2": 0.00095767545281,
        "max": 0.428819090128,
        "mean": 0.261755824089,
        "median": 0.256738334894,
        "min": 0.097956776619,
        "var": 0.0074508250691
    },
    "barkbands_kurtosis": {
        "dmean": 17.4010009766,
        "dmean2": 24.4278736115,
        "dvar": 1979.68566895,
        "dvar2": 2252.52148438,
        "max": 422.163635254,
        "mean": 47.0288467407,
        "median": 27.7278232574,
        "min": 7.62216567993,
        "var": 3945.08935547
    },
    "barkbands_skewness": {
        "dmean": 0.91594427824,
        "dmean2": 1.42483818531,
        "dvar": 1.63524580002,
        "dvar2": 1.93683946133,
        "max": 12.1269111633,
        "mean": 3.2146821022,
        "median": 3.06610226631,
        "min": -1.62868177891,
        "var": 4.27924919128
    },
    "barkbands_spread": {
        "dmean": 0.811983168125,
        "dmean2": 1.23551106453,
        "dvar": 1.51596820354,
        "dvar2": 3.0190448761,
        "max": 16.6554660797,
        "mean": 4.13677930832,
        "median": 2.72879505157,
        "min": 0.270462393761,
        "var": 15.3334693909
    },
    "dissonance": {
        "dmean": 0.0511671416461,
        "dmean2": 0.0859478488564,
        "dvar": 0.00169410591479,
        "dvar2": 0.00454601505771,
        "max": 0.484546631575,
        "mean": 0.339731097221,
        "median": 0.345004945993,
        "min": 0.15106678009,
        "var": 0.00720938108861
    },
    "dynamic_complexity": 5.23764038086,
    "erbbands_crest": {
        "dmean": 2.84825825691,
        "dmean2": 4.48164463043,
        "dvar": 11.5958795547,
        "dvar2": 22.2351436615,
        "max": 33.6395301819,
        "mean": 20.233751297,
        "median": 20.006565094,
        "min": 6.50832128525,
        "var": 44.0981407166
    },
    "erbbands_flatness_db": {
        "dmean": 0.0237184539437,
        "dmean2": 0.0336777381599,
        "dvar": 0.000903086387552,
        "dvar2": 0.000941863108892,
        "max": 0.458928972483,
        "mean": 0.290956109762,
        "median": 0.285085976124,
        "min": 0.112007766962,
        "var": 0.00792793463916
    },
    "erbbands_kurtosis": {
        "dmean": 7.16928720474,
        "dmean2": 10.3280344009,
        "dvar": 266.760925293,
        "dvar2": 317.674072266,
        "max": 175.652008057,
        "mean": 21.5006904602,
        "median": 12.1703510284,
        "min": 1.06091880798,
        "var": 765.826293945
    },
    "erbbands_skewness": {
        "dmean": 0.677647769451,
        "dmean2": 1.02976024151,
        "dvar": 0.553863167763,
        "dvar2": 0.772758722305,
        "max": 9.04006290436,
        "mean": 2.06042313576,
        "median": 2.05606126785,
        "min": -1.73653066158,
        "var": 2.24767708778
    },
    "erbbands_spread": {
        "dmean": 1.68454611301,
        "dmean2": 2.57090592384,
        "dvar": 7.38033151627,
        "dvar2": 12.8510332108,
        "max": 31.7948894501,
        "mean": 6.905854702,
        "median": 5.04797554016,
        "min": 0.505099534988,
        "var": 49.2752609253
    },
    "hfc": {
        "dmean": 3.64007592201,
        "dmean2": 4.88473320007,
        "dvar": 55.3503799438,
        "dvar2": 71.2702865601,
        "max": 65.2777633667,
        "mean": 9.86602401733,
        "median": 3.64014697075,
        "min": 0.438918679953,
        "var": 161.901885986
    },
    "melbands_crest": {
        "dmean": 2.34340000153,
        "dmean2": 3.50328969955,
        "dvar": 7.44217538834,
        "dvar2": 10.7773923874,
        "max": 32.2739334106,
        "mean": 18.1465816498,
        "median": 17.0441417694,
        "min": 8.79768180847,
        "var": 35.7245635986
    },
    "melbands_flatness_db": {
        "dmean": 0.0216670148075,
        "dmean2": 0.0304498374462,
        "dvar": 0.000817513733637,
        "dvar2": 0.00100648659281,
        "max": 0.500234782696,
        "mean": 0.347005605698,
        "median": 0.344990104437,
        "min": 0.175306737423,
        "var": 0.00682886131108
    },
    "melbands_kurtosis": {
        "dmean": 6.55717563629,
        "dmean2": 9.86772823334,
        "dvar": 112.537528992,
        "dvar2": 168.219924927,
        "max": 100.364891052,
        "mean": 14.3688097,
        "median": 9.45542526245,
        "min": 0.1519510746,
        "var": 253.941986084
    },
    "melbands_skewness": {
        "dmean": 0.634618520737,
        "dmean2": 0.953077852726,
        "dvar": 0.341005384922,
        "dvar2": 0.612397134304,
        "max": 4.96618938446,
        "mean": 0.911372959614,
        "median": 1.01278603077,
        "min": -3.24526619911,
        "var": 2.85307645798
    },
    "melbands_spread": {
        "dmean": 0.81744748354,
        "dmean2": 1.36411809921,
        "dvar": 1.22357439995,
        "dvar2": 2.56728768349,
        "max": 12.6685838699,
        "mean": 4.10565662384,
        "median": 3.11572861671,
        "min": 0.468572467566,
        "var": 8.54671287537
    },
    "pitch_salience": {
        "dmean": 0.055649574846,
        "dmean2": 0.0798223689198,
        "dvar": 0.00603864667937,
        "dvar2": 0.00737220095471,
        "max": 0.803399682045,
        "mean": 0.44436365366,
        "median": 0.475699603558,
        "min": 0.117739528418,
        "var": 0.016759198159
    },
    "silence_rate_20dB": {
        "dmean": 0,
        "dmean2": 0,
        "dvar": 0,
        "dvar2": 0,
        "max": 1,
        "mean": 1,
        "median": 1,
        "min": 1,
        "var": 0
    },
    "silence_rate_30dB": {
        "dmean": 0,
        "dmean2": 0,
        "dvar": 0,
        "dvar2": 0,
        "max": 1,
        "mean": 1,
        "median": 1,
        "min": 1,
        "var": 0
    },
    "silence_rate_60dB": {
        "dmean": 0.0166666675359,
        "dmean2": 0.0336134470999,
        "dvar": 0.0163888838142,
        "dvar2": 0.0324835851789,
        "max": 1,
        "mean": 0.247933879495,
        "median": 0,
        "min": 0,
        "var": 0.186462640762
    },
    "spectral_centroid": {
        "dmean": 35.9141426086,
        "dmean2": 57.325252533,
        "dvar": 1840.92956543,
        "dvar2": 4425.18164062,
        "max": 853.006408691,
        "mean": 581.698730469,
        "median": 589.833374023,
        "min": 424.40045166,
        "var": 9937.65039062
    },
    "spectral_complexity": {
        "dmean": 1.10000002384,
        "dmean2": 1.77310919762,
        "dvar": 1.00666677952,
        "dvar2": 2.32667350769,
        "max": 9,
        "mean": 3.70247936249,
        "median": 4,
        "min": 1,
        "var": 2.10982894897
    },
    "spectral_decrease": {
        "dmean": 1.41826994593e-09,
        "dmean2": 1.90216375984e-09,
        "dvar": 8.4267866851e-18,
        "dvar2": 1.0712618417e-17,
        "max": -1.04594638506e-10,
        "mean": -4.10506029169e-09,
        "median": -1.76075432012e-09,
        "min": -2.5669992354e-08,
        "var": 2.53353576399e-17
    },
    "spectral_energy": {
        "dmean": 0.00568191427737,
        "dmean2": 0.00762111693621,
        "dvar": 0.000135226204293,
        "dvar2": 0.000171995867277,
        "max": 0.10280521214,
        "mean": 0.0163883008063,
        "median": 0.00696104718372,
        "min": 0.000434575806139,
        "var": 0.000405787723139
    },
    "spectral_energyband_high": {
        "dmean": 2.45784917752e-06,
        "dmean2": 3.73101033802e-06,
        "dvar": 1.00468027994e-11,
        "dvar2": 1.7565482055e-11,
        "max": 3.42063431162e-05,
        "mean": 1.52696611622e-05,
        "median": 1.43610232044e-05,
        "min": 2.31944409279e-06,
        "var": 1.85795476226e-11
    },
    "spectral_energyband_low": {
        "dmean": 3.84266968467e-05,
        "dmean2": 6.04087508691e-05,
        "dvar": 4.86387552456e-09,
        "dvar2": 1.08183551006e-08,
        "max": 0.000815614650492,
        "mean": 5.44693612028e-05,
        "median": 3.6502337025e-05,
        "min": 6.82741847413e-06,
        "var": 7.60684404355e-09
    },
    "spectral_energyband_middle_high": {
        "dmean": 3.71077221644e-05,
        "dmean2": 5.87571776123e-05,
        "dvar": 3.68581298815e-09,
        "dvar2": 6.37758246214e-09,
        "max": 0.000542293011677,
        "mean": 0.000125347185531,
        "median": 9.83720892691e-05,
        "min": 3.91264948121e-05,
        "var": 6.97617785761e-09
    },
    "spectral_energyband_middle_low": {
        "dmean": 0.00566992443055,
        "dmean2": 0.00758986547589,
        "dvar": 0.000135223512189,
        "dvar2": 0.000171752093593,
        "max": 0.102611117065,
        "mean": 0.0162059534341,
        "median": 0.00682780798525,
        "min": 0.000324716849718,
        "var": 0.000405112834414
    },
    "spectral_entropy": {
        "dmean": 0.213916003704,
        "dmean2": 0.303201913834,
        "dvar": 0.0673488378525,
        "dvar2": 0.0766451954842,
        "max": 7.74926233292,
        "mean": 6.16893005371,
        "median": 6.1823348999,
        "min": 4.7056555748,
        "var": 0.638651490211
    },
    "spectral_flux": {
        "dmean": 0.0181697122753,
        "dmean2": 0.0296201165766,
        "dvar": 0.000935425632633,
        "dvar2": 0.00209605065174,
        "max": 0.209377273917,
        "mean": 0.0352813676,
        "median": 0.0182196646929,
        "min": 0.00866298098117,
        "var": 0.00142810901161
    },
    "spectral_kurtosis": {
        "dmean": 4.10248041153,
        "dmean2": 5.63659763336,
        "dvar": 25.0018978119,
        "dvar2": 40.4586830139,
        "max": 65.4730834961,
        "mean": 21.1823139191,
        "median": 17.5320167542,
        "min": 4.2234172821,
        "var": 127.471321106
    },
    "spectral_rms": {
        "dmean": 0.000566568458453,
        "dmean2": 0.000759383721743,
        "dvar": 1.00648094303e-06,
        "dvar2": 1.1630853578e-06,
        "max": 0.0100148776546,
        "mean": 0.0033512103837,
        "median": 0.0026060056407,
        "min": 0.000651134701911,
        "var": 4.75797969557e-06
    },
    "spectral_rolloff": {
        "dmean": 32.4792480469,
        "dmean2": 60.4377288818,
        "dvar": 4969.05810547,
        "dvar2": 12891.6572266,
        "max": 925.927734375,
        "mean": 651.512939453,
        "median": 667.529296875,
        "min": 409.130859375,
        "var": 9898.421875
    },
    "spectral_skewness": {
        "dmean": 0.359608143568,
        "dmean2": 0.49875625968,
        "dvar": 0.143907502294,
        "dvar2": 0.235723897815,
        "max": 6.55498600006,
        "mean": 3.62248849869,
        "median": 3.40737891197,
        "min": 1.67743635178,
        "var": 0.953328132629
    },
    "spectral_spread": {
        "dmean": 355255.1875,
        "dmean2": 538726.25,
        "dvar": 139161223168,
        "dvar2": 225728249856,
        "max": 6192580,
        "mean": 3288359.25,
        "median": 3316966.75,
        "min": 1389625.375,
        "var": 932419469312
    },
    "spectral_strongpeak": {
        "dmean": 0.533109605312,
        "dmean2": 0.697605550289,
        "dvar": 0.980014264584,
        "dvar2": 1.40430021286,
        "max": 7.69909763336,
        "mean": 1.81497645378,
        "median": 1.24552106857,
        "min": 0.106359668076,
        "var": 2.63415336609
    },
    "zerocrossingrate": {
        "dmean": 0.0043741860427,
        "dmean2": 0.00609736097977,
        "dvar": 2.63825913862e-05,
        "dvar2": 4.22135744884e-05,
        "max": 0.09326171875,
        "mean": 0.0382755994797,
        "median": 0.0322265625,
        "min": 0.00634765625,
        "var": 0.00032723788172
    },
    "barkbands": {
        "dmean": [1.24604093799e-06, 1.14858039524e-05, 2.09151057788e-05, 1.81333343789e-05, 6.30223294138e-05, 0.000618471822236, 0.000419025222072, 0.0012262573, 0.00433552265167, 1.91428207472e-05, 1.05497329059e-05, 6.95820381225e-06, 1.26051099869e-05, 3.64677111975e-06, 4.80184326079e-06, 2.08563278647e-06, 1.30636567519e-06, 1.19928847653e-06, 9.41439964208e-07, 7.87129295077e-07, 4.01995748689e-07, 4.44474039796e-07, 2.81007174863e-07, 3.4544913774e-07, 2.87783763042e-07, 2.3080431788e-07, 1.34800473006e-06],
        "dmean2": [1.9713850179e-06, 1.65887940966e-05, 3.43995161529e-05, 3.30058719555e-05, 9.59923709161e-05, 0.000965592858847, 0.000730901432689, 0.001180631225, 0.00611457740888, 3.08641974698e-05, 1.76449957507e-05, 1.04949058368e-05, 2.07334887818e-05, 6.04887418376e-06, 7.95422056399e-06, 3.49012998413e-06, 2.02517207981e-06, 1.8546170395e-06, 1.5544337657e-06, 1.33501839628e-06, 6.40473615476e-07, 6.65779680276e-07, 4.00156181968e-07, 5.13483541908e-07, 4.49120960866e-07, 3.64680659004e-07, 2.15225713873e-06],
        "dvar": [1.19716484989e-11, 1.15434983794e-09, 4.81594819579e-10, 8.50461701063e-10, 1.87473450097e-08, 7.66652760831e-07, 7.67188566897e-07, 4.05466853408e-05, 9.5342300483e-05, 1.28725252679e-09, 3.13254283624e-10, 1.57499374653e-10, 3.25395516088e-10, 1.63187501706e-11, 1.22928098256e-10, 5.99091783127e-12, 3.06850465176e-12, 2.42141419762e-12, 1.31248180726e-12, 1.51340810543e-12, 2.91982041843e-13, 4.40672699069e-13, 2.59672247897e-13, 3.82463402311e-13, 3.61276221612e-13, 1.12519240073e-13, 1.21122599797e-12],
        "dvar2": [2.93407416418e-11, 1.82286252759e-09, 1.17468046401e-09, 2.41471065365e-09, 2.11322745969e-08, 1.93559526451e-06, 2.1879286578e-06, 3.93286172766e-05, 0.000131676220917, 2.10097206299e-09, 7.60195351113e-10, 2.69981037526e-10, 7.06555314256e-10, 4.27832769212e-11, 3.05181324656e-10, 1.64271582448e-11, 6.25538466512e-12, 5.64987119589e-12, 2.94245010302e-12, 4.21788602309e-12, 4.72414479497e-13, 8.96151913527e-13, 4.8476744537e-13, 7.58625150546e-13, 8.59890717658e-13, 2.01684521406e-13, 3.08570833815e-12],
        "max": [2.36509349634e-05, 0.000388715474401, 0.000211719205254, 0.000265219132416, 0.00148957048077, 0.0104198781773, 0.00666246330366, 0.0672016814351, 0.089575253427, 0.000330239883624, 0.000156050475198, 0.000115127513709, 0.000280731794192, 3.34505020874e-05, 0.000108507461846, 2.0921253963e-05, 1.44907116919e-05, 1.2843102013e-05, 9.33064620767e-06, 1.02875255834e-05, 5.99749546382e-06, 4.65218499812e-06, 4.16652937929e-06, 4.9243481044e-06, 4.75056913274e-06, 3.02499370264e-06, 1.77635429282e-05],
        "mean": [1.25818451124e-06, 1.44546293086e-05, 2.84980760625e-05, 2.24469640671e-05, 9.39422097872e-05, 0.00300946319476, 0.00177036074456, 0.00188823509961, 0.0094104623422, 2.98809754895e-05, 1.782313484e-05, 1.14680224215e-05, 4.52415115433e-05, 6.55160147289e-06, 7.45442230254e-06, 4.5774222599e-06, 2.67016480393e-06, 2.76784317066e-06, 2.07180414691e-06, 1.65625885984e-06, 1.3015175e-06, 1.02198009699e-06, 7.42249540053e-07, 7.68400070683e-07, 6.68225936806e-07, 5.98260498919e-07, 9.893893548e-06],
        "median": [3.11603969294e-07, 4.28414386988e-06, 2.20729434659e-05, 1.55794150487e-05, 6.09458693361e-05, 0.00203360593878, 0.00111047690734, 2.43995600613e-05, 0.00181862502359, 1.97425833903e-05, 1.19957794595e-05, 7.1317003858e-06, 1.41177424666e-05, 5.70708152736e-06, 5.02541479364e-06, 3.97879557568e-06, 2.03936087928e-06, 2.18143145503e-06, 1.65430776633e-06, 1.33546200232e-06, 1.14164481602e-06, 7.35206128866e-07, 5.26370740772e-07, 5.22391871982e-07, 5.36537982043e-07, 5.45829550447e-07, 9.74613431026e-06],
        "min": [4.83505058213e-09, 3.73795728592e-07, 5.64130857583e-07, 7.64328433434e-07, 3.0278538361e-06, 1.79362286872e-05, 6.39015852357e-05, 4.25481948696e-06, 1.70917410287e-05, 3.29790350406e-06, 2.21747632168e-06, 1.44042007832e-06, 6.43982161819e-07, 8.77710931491e-07, 1.23828158394e-06, 8.27782400847e-07, 6.07374317951e-07, 6.57243617752e-07, 3.38088426588e-07, 4.66825213152e-07, 3.41993967368e-07, 3.4564666862e-07, 2.48984122209e-07, 2.31401671158e-07, 2.14316116853e-07, 1.65041129208e-07, 4.44052687953e-07],
        "var": [1.26294001299e-11, 2.41532993606e-09, 6.15057782483e-10, 7.72990005338e-10, 3.35469323431e-08, 8.35439914226e-06, 3.28205942424e-06, 9.52544942265e-05, 0.000270730175544, 1.54293067212e-09, 3.50107248748e-10, 3.16496329145e-10, 3.0295332909e-09, 2.19384302391e-11, 1.26676183432e-10, 8.11865765588e-12, 4.93593577469e-12, 3.86559968063e-12, 2.13074046254e-12, 1.70201027751e-12, 5.51832722313e-13, 6.59425584883e-13, 3.83107228667e-13, 5.12889047639e-13, 3.2296230577e-13, 1.25825158669e-13, 5.44813673342e-12]
    },
    "erbbands": {
        "dmean": [0.000381782563636, 0.00266221631318, 0.0179820582271, 0.0453112386167, 0.111657381058, 0.207752212882, 0.557785212994, 6.09762620926, 9.53987503052, 2.92586445808, 44.3811836243, 128.246444702, 13.3609352112, 0.74577921629, 0.391090214252, 0.28374761343, 0.645354509354, 0.21143232286, 0.282812654972, 0.148653656244, 0.0866701677442, 0.0686512812972, 0.0638250410557, 0.0512562729418, 0.0413784570992, 0.0371655598283, 0.0222017820925, 0.0159466918558, 0.0155496699736, 0.0120669845492, 0.00823694467545, 0.00811280868948, 0.00497600622475, 0.00333384913392, 0.00222317967564, 0.00108694890514, 0.000516499974765, 0.00175857753493, 0.00010645200382, 1.41214004543e-05],
        "dmean2": [0.000547718722373, 0.00404158700258, 0.0296649765223, 0.0809366852045, 0.19689707458, 0.32985034585, 0.790728926659, 9.87927818298, 15.7714443207, 4.36809492111, 49.5513381958, 177.953613281, 17.5161190033, 1.11689090729, 0.642161250114, 0.379149824381, 1.07031428814, 0.357079923153, 0.471837610006, 0.239583268762, 0.14009475708, 0.1046558097, 0.102684617043, 0.082496419549, 0.0663735866547, 0.0628312826157, 0.0356412269175, 0.025288419798, 0.0239491946995, 0.0184398069978, 0.0119131309912, 0.0119971493259, 0.0075945938006, 0.00534836947918, 0.00347470515408, 0.0017368014669, 0.000825135386549, 0.00276833726093, 0.000175435998244, 2.1431087589e-05],
        "dvar": [2.23403117161e-06, 3.70909001504e-05, 0.000242739944952, 0.00740805733949, 0.00863909907639, 0.0748901218176, 4.41342449188, 82.7245559692, 288.731262207, 147.687332153, 30497.3554688, 86981.796875, 806.672180176, 1.08872270584, 0.536036908627, 0.28550311923, 0.89693325758, 0.0750137269497, 0.454150497913, 0.0294218342751, 0.00890365429223, 0.0101989358664, 0.00975358765572, 0.00375643977895, 0.00267700012773, 0.00356212840416, 0.000665020139422, 0.00040975221782, 0.000571497483179, 0.000437044218415, 0.000234271152294, 0.00024122063769, 7.30960673536e-05, 5.53402605874e-05, 1.36236185426e-05, 2.50742300523e-06, 3.41989931485e-07, 2.12155237023e-06, 8.24645063346e-09, 2.29017665943e-10],
        "dvar2": [3.93525988329e-06, 5.86183086853e-05, 0.000596991332714, 0.0216333344579, 0.0257807467133, 0.115849480033, 5.72191143036, 216.59324646, 763.410705566, 203.565383911, 29421.7519531, 123318.9375, 972.129577637, 1.85154950619, 1.16193664074, 0.426288932562, 1.93350017071, 0.207337856293, 1.16202509403, 0.0761326700449, 0.0211918242276, 0.0205912273377, 0.0230495948344, 0.00889534130692, 0.00557282939553, 0.00999221112579, 0.00134009670001, 0.000725228397641, 0.0011923025595, 0.000833622121718, 0.000471145001939, 0.000514861312695, 0.000138297444209, 0.000135018155561, 2.99220591842e-05, 4.87429633722e-06, 6.17527177837e-07, 5.35167100679e-06, 2.08990211803e-08, 3.07118830367e-10],
        "max": [0.0164075233042, 0.0694381073117, 0.153662383556, 0.803022742271, 0.645193934441, 3.43737339973, 20.9496746063, 93.9341430664, 148.788146973, 116.541183472, 1836.66894531, 2683.37988281, 313.059265137, 10.6443986893, 6.40626621246, 5.00186061859, 15.1700181961, 2.37756848335, 6.60219049454, 1.52611291409, 0.796089231968, 0.857295513153, 0.782960116863, 0.560574054718, 0.478348374367, 0.519195199013, 0.259393244982, 0.207028821111, 0.175716504455, 0.15405613184, 0.116906322539, 0.117534227669, 0.0778979286551, 0.0625861212611, 0.0261107254773, 0.012543188408, 0.00596002629027, 0.0234443936497, 0.00106381822843, 0.000182635587407],
        "mean": [0.000458601396531, 0.00351117085665, 0.0245315674692, 0.062146473676, 0.147338479757, 0.31023851037, 1.10832607746, 26.829120636, 48.2505149841, 7.14521312714, 74.9482192993, 263.803131104, 41.348323822, 2.09734249115, 0.734705924988, 0.647869348526, 2.39910769463, 0.469898194075, 0.450955837965, 0.306842952967, 0.207079723477, 0.151200950146, 0.148285612464, 0.127786412835, 0.0966792404652, 0.0778264030814, 0.0601656660438, 0.0470370203257, 0.0370075441897, 0.0271924231201, 0.0213483348489, 0.0172499865294, 0.0117673370987, 0.00780843617395, 0.00450046826154, 0.00213154032826, 0.00216675852425, 0.0104008559138, 0.000724069075659, 9.65791332419e-05],
        "median": [9.77335439529e-05, 0.0014421941014, 0.0189860016108, 0.0517887882888, 0.127464860678, 0.220171555877, 0.556689202785, 19.1315383911, 32.816696167, 2.14225435257, 7.00671005249, 55.3691940308, 6.63776016235, 0.927366197109, 0.532710313797, 0.432882398367, 0.660152971745, 0.416442126036, 0.305218756199, 0.256756335497, 0.174602851272, 0.114765383303, 0.116792604327, 0.105941496789, 0.0788085609674, 0.0615749098361, 0.0510051697493, 0.0396143347025, 0.0275519117713, 0.0185733642429, 0.0151276504621, 0.0113195227459, 0.00873970147222, 0.00596578652039, 0.00362663134001, 0.00182083598338, 0.00201817415655, 0.0100649930537, 0.000720702519175, 8.85726112756e-05],
        "min": [1.34406609504e-05, 0.000178533970029, 0.00130418583285, 0.00596260139719, 0.0118244905025, 0.0107687832788, 0.0690435990691, 0.147522866726, 0.671663284302, 0.225470364094, 0.246489718556, 0.310352057219, 0.439116716385, 0.22443138063, 0.152131482959, 0.107607193291, 0.0333960391581, 0.0477167107165, 0.04481690377, 0.0635343715549, 0.043153449893, 0.0428291484714, 0.038844678551, 0.022144915536, 0.0172681100667, 0.0207630582154, 0.0177351385355, 0.0124007454142, 0.0125127844512, 0.00769978901371, 0.00593258207664, 0.00455287145451, 0.0040608625859, 0.00275211548433, 0.000925784173887, 0.000179829323315, 0.00040809053462, 0.000380270532332, 4.66709971079e-05, 5.76750289838e-06],
        "var": [3.62850300917e-06, 8.78758728504e-05, 0.000390193454223, 0.00610580062494, 0.0117255961522, 0.183482810855, 6.55051183701, 658.334533691, 2311.28393555, 330.319854736, 71809.40625, 218131.875, 6854.02294922, 6.91389131546, 0.653381764889, 0.574643373489, 8.92463684082, 0.0991765409708, 0.449162095785, 0.043366111815, 0.0143016669899, 0.0154108013958, 0.0128806512803, 0.00611802656204, 0.00494980858639, 0.00409294804558, 0.00129042984918, 0.000748470425606, 0.000831270182971, 0.000575419748202, 0.000330175593263, 0.000313761556754, 9.50325920712e-05, 4.83639378217e-05, 1.40949505294e-05, 2.76413334177e-06, 4.80588312257e-07, 1.23597656057e-05, 1.68467089168e-08, 6.56909360242e-10]
    },
    "gfcc": {
        "mean": [-138.06791687, 91.3059234619, -88.8540649414, -51.6852226257, -74.8036346436, -35.2050323486, -25.6240177155, -0.461883664131, -4.61091423035, 1.77678513527, -14.0963315964, -6.97484207153, -14.3270978928],
        "cov": [[508.537261963, 202.107131958, -58.6715812683, -146.512771606, -194.166061401, -75.5342636108, 13.876584053, 77.1307373047, 91.9544143677, 44.2570114136, 31.1175785065, -34.5834083557, -44.2196655273], [202.107131958, 245.326461792, 4.22284555435, -151.023422241, -131.466552734, -105.179512024, 22.4135074615, 42.6100540161, 63.4375534058, 14.0614175797, -3.95355272293, -26.719499588, -8.17225837708], [-58.6715812683, 4.22284555435, 83.6461257935, 73.4969329834, 46.7114143372, 12.7861061096, -15.5087795258, -26.4818763733, -13.836388588, 4.79152488708, 6.91118574142, 21.7887744904, 6.76791477203], [-146.512771606, -151.023422241, 73.4969329834, 293.717468262, 204.233779907, 128.615829468, -29.0473537445, -69.932144165, -51.6671409607, 6.26905012131, 41.9782295227, 47.6168174744, 4.98705005646], [-194.166061401, -131.466552734, 46.7114143372, 204.233779907, 219.073318481, 114.303977966, -10.9319400787, -68.5235214233, -60.9087677002, -8.08856201172, 19.1442890167, 38.5120010376, 11.7243041992], [-75.5342636108, -105.179512024, 12.7861061096, 128.615829468, 114.303977966, 123.396438599, 24.2959117889, 2.2314054966, -28.6951828003, -15.9496068954, -8.28107738495, 12.6929321289, 5.36192846298], [13.876584053, 22.4135074615, -15.5087795258, -29.0473537445, -10.9319400787, 24.2959117889, 68.324180603, 66.3955535889, 15.5685682297, -34.5053787231, -51.4975395203, -19.3387374878, 23.0370693207], [77.1307373047, 42.6100540161, -26.4818763733, -69.932144165, -68.5235214233, 2.2314054966, 66.3955535889, 113.831634521, 39.9304389954, -36.1780662537, -66.6777267456, -30.5455570221, 21.3395748138], [91.9544143677, 63.4375534058, -13.836388588, -51.6671409607, -60.9087677002, -28.6951828003, 15.5685682297, 39.9304389954, 54.0514564514, 23.3346748352, 9.01835250854, -12.6893520355, -8.46302986145], [44.2570114136, 14.0614175797, 4.79152488708, 6.26905012131, -8.08856201172, -15.9496068954, -34.5053787231, -36.1780662537, 23.3346748352, 78.7604141235, 77.3674316406, 22.6045017242, -29.9541072845], [31.1175785065, -3.95355272293, 6.91118574142, 41.9782295227, 19.1442890167, -8.28107738495, -51.4975395203, -66.6777267456, 9.01835250854, 77.3674316406, 109.097381592, 36.8706054688, -32.1142921448], [-34.5834083557, -26.719499588, 21.7887744904, 47.6168174744, 38.5120010376, 12.6929321289, -19.3387374878, -30.5455570221, -12.6893520355, 22.6045017242, 36.8706054688, 35.9497909546, 5.47489452362], [-44.2196655273, -8.17225837708, 6.76791477203, 4.98705005646, 11.7243041992, 5.36192846298, 23.0370693207, 21.3395748138, -8.46302986145, -29.9541072845, -32.1142921448, 5.47489452362, 44.9344482422]],
        "icov": [[0.0056790439412, -0.00540318200365, 0.0044203242287, -0.00283125881106, 0.00497134309262, -0.00384710682556, 0.00335516920313, -0.00319901457988, 0.000444555247668, 0.00010091286822, -0.00167799519841, -0.000894505705219, 0.00227624736726], [-0.00540318200365, 0.0170309692621, -0.0119562288746, 0.00595367467031, -0.00491389399394, 0.0110950637609, -0.0123955812305, 0.00500152027234, -0.00797552149743, 0.00426649767905, -0.00404767738655, 0.0042832843028, 0.000785452139098], [0.0044203242287, -0.0119562288746, 0.0293052718043, -0.0120338872075, 0.00540125789121, -0.00225631752983, 0.00683513795957, 0.00209114071913, -7.41127587389e-05, -0.00680457707494, 0.0169272851199, -0.0196181926876, 0.00339791807346], [-0.00283125881106, 0.00595367467031, -0.0120338872075, 0.0192593708634, -0.011486325413, -0.00775501690805, 0.00686125690117, -1.51776362145e-06, -0.00746680377051, 0.00760208349675, -0.00849192496389, 0.00420361477882, -0.00454283924773], [0.00497134309262, -0.00491389399394, 0.00540125789121, -0.011486325413, 0.0270991865546, -0.0123988948762, -0.00590312574059, 0.0121731329709, 0.00220512086526, -0.00091506895842, 0.00456787645817, -0.00776558928192, 0.000130125161377], [-0.00384710682556, 0.0110950637609, -0.00225631752983, -0.00775501690805, -0.0123988948762, 0.0416664592922, -0.0244495887309, -0.0101083703339, 0.012065176852, -0.00336169824004, -0.00231248419732, -0.000288480863674, 0.0134448539466], [0.00335516920313, -0.0123955812305, 0.00683513795957, 0.00686125690117, -0.00590312574059, -0.0244495887309, 0.0654962062836, -0.0231051202863, -0.00691848248243, 0.0027051740326, 0.00259251636453, 0.00719167850912, -0.017414920032], [-0.00319901457988, 0.00500152027234, 0.00209114071913, -1.51776362145e-06, 0.0121731329709, -0.0101083703339, -0.0231051202863, 0.0570636093616, -0.0387195907533, 0.00582138355821, 0.0269677788019, -0.0187789686024, -0.00162764813285], [0.000444555247668, -0.00797552149743, -7.41127587389e-05, -0.00746680377051, 0.00220512086526, 0.012065176852, -0.00691848248243, -0.0387195907533, 0.0836801975965, -0.0323007591069, -0.0202248264104, 0.0324571579695, -0.00443409988657], [0.00010091286822, 0.00426649767905, -0.00680457707494, 0.00760208349675, -0.00091506895842, -0.00336169824004, 0.0027051740326, 0.00582138355821, -0.0323007591069, 0.0658687204123, -0.0316960811615, -0.0166645646095, 0.0147480331361], [-0.00167799519841, -0.00404767738655, 0.0169272851199, -0.00849192496389, 0.00456787645817, -0.00231248419732, 0.00259251636453, 0.0269677788019, -0.0202248264104, -0.0316960811615, 0.0723848193884, -0.0469008497894, 0.0134622966871], [-0.000894505705219, 0.0042832843028, -0.0196181926876, 0.00420361477882, -0.00776558928192, -0.000288480863674, 0.00719167850912, -0.0187789686024, 0.0324571579695, -0.0166645646095, -0.0469008497894, 0.109251633286, -0.0421481095254], [0.00227624736726, 0.000785452139098, 0.00339791807346, -0.00454283924773, 0.000130125161377, 0.0134448539466, -0.017414920032, -0.00162764813285, -0.00443409988657, 0.0147480331361, 0.0134622966871, -0.0421481095254, 0.0564458966255]]
    },
    "melbands": {
        "dmean": [3.27016891788e-06, 7.21480319044e-06, 8.15085877548e-06, 9.80896948022e-06, 1.62542291946e-05, 0.000148945007822, 0.000125731370645, 6.07136498729e-05, 0.000446743448265, 0.0007420629845, 3.45941007254e-05, 2.13963880924e-06, 1.46678189594e-06, 8.6886251438e-07, 1.0752179378e-06, 1.10204382509e-06, 3.72942736249e-07, 4.59309489997e-07, 2.65146923084e-07, 1.76569002974e-07, 9.93151871853e-08, 7.47940944734e-08, 7.2281885366e-08, 6.61769021804e-08, 4.43692549368e-08, 3.74205519904e-08, 2.96751050399e-08, 2.68279087834e-08, 1.79289152413e-08, 1.05113029392e-08, 1.0716322052e-08, 9.4578203047e-09, 8.9275014048e-09, 6.84429313225e-09, 5.00898478251e-09, 4.56221549427e-09, 5.84639137102e-09, 3.83446652208e-09, 3.32901906042e-09, 2.83673884383e-09],
        "dmean2": [4.72045257993e-06, 1.1379098396e-05, 1.40658612509e-05, 1.67578273249e-05, 2.37368076341e-05, 0.000235929648625, 0.00020779366605, 7.36615183996e-05, 0.000550878990907, 0.00102776766289, 4.23992642027e-05, 3.52418828697e-06, 2.4708856472e-06, 1.28648355258e-06, 1.65284768627e-06, 1.90223511254e-06, 6.28591976692e-07, 7.67664175783e-07, 4.32770661973e-07, 2.98135944377e-07, 1.63219283422e-07, 1.16903507319e-07, 1.20477409382e-07, 1.0644899362e-07, 7.11297616363e-08, 6.26648741786e-08, 4.74608725654e-08, 4.52431478948e-08, 2.99656406355e-08, 1.62602162845e-08, 1.71447034347e-08, 1.48610714845e-08, 1.36553479635e-08, 1.03803259321e-08, 7.50689377327e-09, 6.77025280282e-09, 8.85210660329e-09, 5.74385161656e-09, 5.4793920512e-09, 4.56880844268e-09],
        "dvar": [1.26900517872e-10, 4.88199029813e-11, 1.43367068217e-10, 7.75660508046e-11, 3.68247632387e-09, 4.85241749004e-08, 5.01374479711e-08, 7.55916502726e-08, 1.88974274806e-06, 2.79925529867e-06, 1.1811662759e-08, 9.77250658868e-12, 7.16942304135e-12, 2.29165167745e-12, 2.29027777646e-12, 2.31081278244e-12, 2.38489919003e-13, 1.08159943675e-12, 1.79265985194e-13, 5.78119027802e-14, 8.24595129185e-15, 1.0354998956e-14, 1.41927993609e-14, 5.54888742647e-15, 2.5376329947e-15, 1.71439426173e-15, 1.4034692191e-15, 1.84182020425e-15, 4.41541096517e-16, 2.16492356895e-16, 1.7970529248e-16, 1.73955884297e-16, 2.40604684986e-16, 1.11916239859e-16, 8.32508052745e-17, 5.37723878052e-17, 1.41715229521e-16, 4.28481509449e-17, 3.3516567636e-17, 4.08199570225e-17],
        "dvar2": [2.07009895337e-10, 1.05905451075e-10, 4.02147204426e-10, 2.21666449085e-10, 4.58595650343e-09, 1.25116798699e-07, 1.31137753101e-07, 8.89471323262e-08, 1.88370120213e-06, 4.00538601752e-06, 1.04830339964e-08, 2.0040896026e-11, 1.68117412352e-11, 4.01891324039e-12, 4.11216590293e-12, 5.39234499067e-12, 6.66373748716e-13, 2.81861057931e-12, 3.92313189313e-13, 1.67904278263e-13, 1.95489783215e-14, 1.98279791159e-14, 3.07166537214e-14, 1.52279718783e-14, 6.2889223248e-15, 3.49030217366e-15, 3.94584369248e-15, 5.078931948e-15, 1.06105265616e-15, 4.11505440556e-16, 3.98570453358e-16, 3.86267723316e-16, 5.28341512471e-16, 2.1352232851e-16, 1.65360405706e-16, 1.14591011088e-16, 3.14188316468e-16, 8.01760558236e-17, 7.54604645875e-17, 1.01243988683e-16],
        "max": [0.000125809936435, 8.44519527163e-05, 0.000116926894407, 5.82794236834e-05, 0.000596480735112, 0.00242761010304, 0.00200413679704, 0.00288458890282, 0.0135485781357, 0.0151199828833, 0.00149945460726, 2.44164657488e-05, 2.37230051425e-05, 1.48291774167e-05, 2.05704636755e-05, 2.27044511121e-05, 4.08905134464e-06, 1.0028052202e-05, 4.23379105996e-06, 2.1566399937e-06, 6.83958262471e-07, 8.87418650564e-07, 7.8082445043e-07, 5.89066360135e-07, 4.48367444505e-07, 3.60176130698e-07, 3.29337893845e-07, 3.57428831421e-07, 1.53894532673e-07, 1.65410256159e-07, 1.06173594361e-07, 9.61964659041e-08, 9.80118741722e-08, 8.33911997233e-08, 7.31237577156e-08, 4.87097864266e-08, 8.70481997595e-08, 6.27274445719e-08, 4.89718985364e-08, 5.32220276739e-08],
        "mean": [4.06905292039e-06, 1.01432397059e-05, 1.28982319438e-05, 1.5194421394e-05, 2.19152097998e-05, 0.000710707448889, 0.000645299209282, 9.60127872531e-05, 0.00075262656901, 0.00159606710076, 0.000151236585225, 3.45899388776e-06, 2.34003482547e-06, 1.42964631777e-06, 3.67829056813e-06, 3.75395688934e-06, 6.1637467752e-07, 7.18704654901e-07, 4.79610150705e-07, 3.51634042772e-07, 2.1936202188e-07, 1.56485327807e-07, 1.35216168928e-07, 1.34996440693e-07, 1.00756764709e-07, 7.43079553445e-08, 6.20893274572e-08, 4.95949450396e-08, 3.88806675744e-08, 3.18177448833e-08, 2.58338097581e-08, 2.15252562441e-08, 1.76840320165e-08, 1.39983065139e-08, 1.26727597305e-08, 1.02446646721e-08, 1.10090372374e-08, 8.5666336247e-09, 7.21051485186e-09, 6.29512664219e-09],
        "median": [9.10557560019e-07, 7.19543641026e-06, 1.09961429189e-05, 1.1806791008e-05, 8.42624194775e-06, 0.000472115236335, 0.000439910509158, 5.09235496793e-06, 7.37172085792e-05, 0.000322993553709, 8.48760009831e-06, 2.56673297372e-06, 1.6327760477e-06, 8.42654230837e-07, 1.26262989397e-06, 1.37268216349e-06, 4.99687189404e-07, 5.02210923514e-07, 3.62923373132e-07, 2.86216305767e-07, 1.87218759606e-07, 1.23428165466e-07, 9.74719114311e-08, 1.08182589997e-07, 8.30869453239e-08, 5.9795858931e-08, 5.02316659379e-08, 3.72451864905e-08, 3.14283887803e-08, 2.81415335479e-08, 2.08436361504e-08, 1.66488387521e-08, 1.21326788616e-08, 9.59710888537e-09, 9.15502429422e-09, 7.41301642293e-09, 6.85635326292e-09, 6.41408792745e-09, 6.0832792137e-09, 4.94618568325e-09],
        "min": [8.75523369359e-08, 5.1978929605e-07, 1.3671905208e-06, 5.99519296429e-07, 6.73025908782e-07, 3.2883788208e-06, 1.17528506962e-05, 1.27122825688e-06, 1.54445126554e-06, 2.26142265092e-06, 1.58617581292e-06, 4.80030280414e-07, 3.64381349982e-07, 2.17722330831e-07, 1.10648386453e-07, 6.41173016902e-08, 9.22319003394e-08, 5.70801823585e-08, 9.84163008866e-08, 6.75069173894e-08, 4.68169929491e-08, 4.64232812192e-08, 3.67473518281e-08, 2.88271060356e-08, 1.64079576592e-08, 1.32532615993e-08, 1.25336638845e-08, 1.31654296354e-08, 1.18749294842e-08, 8.90540796661e-09, 6.84811007901e-09, 6.96320512361e-09, 4.56754367661e-09, 3.20338511273e-09, 3.05116842902e-09, 2.74567169001e-09, 2.77745715316e-09, 2.80478640313e-09, 2.49820431009e-09, 2.27057084246e-09],
        "var": [2.39035014005e-10, 1.04619472807e-10, 1.44268180735e-10, 1.37165140357e-10, 5.52643175666e-09, 4.70965403565e-07, 4.11716598592e-07, 1.7616440573e-07, 4.56716588815e-06, 7.81449580245e-06, 1.5496057415e-07, 1.27135611067e-11, 7.32402853643e-12, 4.74022774158e-12, 1.73952206806e-11, 1.89420527874e-11, 2.52276606723e-13, 1.03346367922e-12, 2.41977417921e-13, 6.62175257118e-14, 1.45431000006e-14, 1.70071188442e-14, 1.66829203718e-14, 9.27012423936e-15, 3.86855278307e-15, 3.14025606733e-15, 2.10738747958e-15, 2.00632501403e-15, 6.74281371755e-16, 3.86628956398e-16, 2.86068993142e-16, 2.58509532123e-16, 2.91181286964e-16, 1.54119285879e-16, 1.20006833874e-16, 7.40431865609e-17, 1.74529894702e-16, 5.9745177767e-17, 3.34421346157e-17, 3.47796459616e-17]
    },
    "mfcc": {
        "mean": [-810.638366699, 163.193283081, 6.20075654984, -9.53765583038, -29.5721702576, -27.6354751587, -23.0256137848, -14.2037773132, -3.87531137466, 4.86058616638, 4.62322187424, -0.313140243292, -6.52021121979],
        "cov": [[511.287261963, 115.824562073, 28.1390991211, -55.6219558716, -106.608802795, -104.787307739, -83.2568817139, -25.4110813141, -28.9815807343, 62.3153305054, 100.050483704, 86.7383880615, 38.8365325928], [115.824562073, 244.266952515, 30.6879711151, -54.8578262329, -112.602035522, -121.95765686, -78.0122833252, -39.4341278076, 14.1764850616, 35.6938552856, 40.7548027039, 9.13687038422, -13.0559606552], [28.1390991211, 30.6879711151, 72.6695251465, 17.1279315948, -13.2189483643, -17.1880378723, -23.7445201874, -6.11960124969, -0.340181738138, 4.88647985458, 10.7446107864, 12.2369451523, 11.2778406143], [-55.6219558716, -54.8578262329, 17.1279315948, 89.1034164429, 76.8001022339, 70.5679092407, 34.1351356506, 13.5673885345, -9.30723953247, -21.539024353, -30.3215007782, -8.29847812653, 17.0731983185], [-106.608802795, -112.602035522, -13.2189483643, 76.8001022339, 132.762115479, 122.701591492, 67.8686447144, 22.4405326843, -24.0153236389, -36.1390571594, -37.8690414429, -7.00372505188, 17.8982563019], [-104.787307739, -121.95765686, -17.1880378723, 70.5679092407, 122.701591492, 151.712158203, 81.1099700928, 22.9570865631, -30.199098587, -35.6534767151, -32.0802230835, -1.59602689743, 25.2875652313], [-83.2568817139, -78.0122833252, -23.7445201874, 34.1351356506, 67.8686447144, 81.1099700928, 74.4007034302, 46.7832756042, 15.676361084, -13.5243740082, -39.1992301941, -27.6131305695, -3.76929736137], [-25.4110813141, -39.4341278076, -6.11960124969, 13.5673885345, 22.4405326843, 22.9570865631, 46.7832756042, 87.7390060425, 71.479637146, 17.3927097321, -36.4482803345, -52.0552520752, -26.2343273163], [-28.9815807343, 14.1764850616, -0.340181738138, -9.30723953247, -24.0153236389, -30.199098587, 15.676361084, 71.479637146, 107.106971741, 37.9206352234, -31.840051651, -61.3231277466, -44.4968338013], [62.3153305054, 35.6938552856, 4.88647985458, -21.539024353, -36.1390571594, -35.6534767151, -13.5243740082, 17.3927097321, 37.9206352234, 44.7352638245, 21.6203613281, 2.33209609985, -7.04259061813], [100.050483704, 40.7548027039, 10.7446107864, -30.3215007782, -37.8690414429, -32.0802230835, -39.1992301941, -36.4482803345, -31.840051651, 21.6203613281, 80.4735336304, 65.192741394, 28.4910240173], [86.7383880615, 9.13687038422, 12.2369451523, -8.29847812653, -7.00372505188, -1.59602689743, -27.6131305695, -52.0552520752, -61.3231277466, 2.33209609985, 65.192741394, 98.583656311, 55.0939178467], [38.8365325928, -13.0559606552, 11.2778406143, 17.0731983185, 17.8982563019, 25.2875652313, -3.76929736137, -26.2343273163, -44.4968338013, -7.04259061813, 28.4910240173, 55.0939178467, 59.4515609741]],
