{
"lowlevel": {
    "average_loudness": 0.99068403244,
    "barkbands_crest": {
        "dmean": 2.10522794724,
        "dmean2": 3.0940451622,
        "dvar": 5.33694553375,
        "dvar2": 10.4706840515,
        "max": 24.0172462463,
        "mean": 14.9246034622,
        "median": 14.8307952881,
        "min": 5.0924949646,
        "var": 14.774143219
    },
    "barkbands_flatness_db": {
        "dmean": 0.0272249560803,
        "dmean2": 0.0361376814544,
        "dvar": 0.0013780182926,
        "dvar2": 0.0016039517941,
        "max": 0.659322917461,
        "mean": 0.446522295475,
        "median": 0.418341845274,
        "min": 0.122186437249,
        "var": 0.0177873354405
    },
    "barkbands_kurtosis": {
        "dmean": 7.15163707733,
        "dmean2": 10.8005847931,
        "dvar": 127.805435181,
        "dvar2": 310.870178223,
        "max": 76.664390564,
        "mean": 18.0464782715,
        "median": 13.166349411,
        "min": -1.3921880722,
        "var": 337.483886719
    },
    "barkbands_skewness": {
        "dmean": 0.608799159527,
        "dmean2": 0.879288256168,
        "dvar": 0.439516663551,
        "dvar2": 0.778013527393,
        "max": 4.66963291168,
        "mean": 1.78865218163,
        "median": 1.53073048592,
        "min": -1.39047288895,
        "var": 1.79845643044
    },
    "barkbands_spread": {
        "dmean": 0.380847990513,
        "dmean2": 0.470806032419,
        "dvar": 0.701756596565,
        "dvar2": 0.793582081795,
        "max": 8.03681659698,
        "mean": 1.49051368237,
        "median": 1.40371394157,
        "min": 0.234809666872,
        "var": 1.29731571674
    },
    "dissonance": {
        "dmean": 0.0498088523746,
        "dmean2": 0.0815487205982,
        "dvar": 0.00277114263736,
        "dvar2": 0.00625420222059,
        "max": 0.467348903418,
        "mean": 0.249183520675,
        "median": 0.243725135922,
        "min": 0.0630797147751,
        "var": 0.0149547941983
    },
    "dynamic_complexity": 5.65175008774,
    "erbbands_crest": {
        "dmean": 2.27570056915,
        "dmean2": 3.36665773392,
        "dvar": 5.64772748947,
        "dvar2": 11.1520385742,
        "max": 30.3609466553,
        "mean": 19.0353412628,
        "median": 17.8005638123,
        "min": 8.6382818222,
        "var": 37.5758590698
    },
    "erbbands_flatness_db": {
        "dmean": 0.024125771597,
        "dmean2": 0.0283164009452,
        "dvar": 0.000886987894773,
        "dvar2": 0.00112103694119,
        "max": 0.61100512743,
        "mean": 0.455873548985,
        "median": 0.444062709808,
        "min": 0.181543663144,
        "var": 0.0112160202116
    },
    "erbbands_kurtosis": {
        "dmean": 4.96167802811,
        "dmean2": 7.91096544266,
        "dvar": 64.0373764038,
        "dvar2": 157.135070801,
        "max": 52.0921058655,
        "mean": 13.7853879929,
        "median": 6.96700572968,
        "min": -1.47695505619,
        "var": 246.875976562
    },
    "erbbands_skewness": {
        "dmean": 0.547165036201,
        "dmean2": 0.77649730444,
        "dvar": 0.257621616125,
        "dvar2": 0.569412052631,
        "max": 3.98618340492,
        "mean": 1.29223108292,
        "median": 1.6117452383,
        "min": -2.14364218712,
        "var": 2.04758381844
    },
    "erbbands_spread": {
        "dmean": 0.687562346458,
        "dmean2": 0.864703893661,
        "dvar": 0.971411764622,
        "dvar2": 1.27222323418,
        "max": 10.403834343,
        "mean": 2.95312786102,
        "median": 3.07114124298,
        "min": 0.370700210333,
        "var": 3.5181646347
    },
    "hfc": {
        "dmean": 1.18844914436,
        "dmean2": 1.59293961525,
        "dvar": 4.07171583176,
        "dvar2": 6.17987298965,
        "max": 21.2653217316,
        "mean": 7.59111690521,
        "median": 3.56593298912,
        "min": 0.00614535203204,
        "var": 58.6390953064
    },
    "melbands_crest": {
        "dmean": 2.06113934517,
        "dmean2": 2.87532711029,
        "dvar": 4.93881082535,
        "dvar2": 8.43265914917,
        "max": 28.0366134644,
        "mean": 17.9233055115,
        "median": 17.7437419891,
        "min": 5.44241333008,
        "var": 18.2004375458
    },
    "melbands_flatness_db": {
        "dmean": 0.0290818754584,
        "dmean2": 0.0374833010137,
        "dvar": 0.00148354517296,
        "dvar2": 0.00178263732232,
        "max": 0.756826221943,
        "mean": 0.535152375698,
        "median": 0.50255471468,
        "min": 0.210002422333,
        "var": 0.0185165312141
    },
    "melbands_kurtosis": {
        "dmean": 3.23831009865,
        "dmean2": 4.79150152206,
        "dvar": 14.3601207733,
        "dvar2": 24.2081336975,
        "max": 26.1889057159,
        "mean": 6.82617330551,
        "median": 6.68393707275,
        "min": -1.68709480762,
        "var": 49.2321434021
    },
    "melbands_skewness": {
        "dmean": 0.475198656321,
        "dmean2": 0.626669883728,
        "dvar": 0.217193365097,
        "dvar2": 0.366440296173,
        "max": 2.88405680656,
        "mean": 1.02036488056,
        "median": 0.982320487499,
        "min": -1.15655744076,
        "var": 0.666061401367
    },
    "melbands_spread": {
        "dmean": 0.562984108925,
        "dmean2": 0.716495275497,
        "dvar": 1.32596814632,
        "dvar2": 1.47938108444,
        "max": 10.8763370514,
        "mean": 2.44978880882,
        "median": 2.41901707649,
        "min": 0.269005060196,
        "var": 3.11253786087
    },
    "pitch_salience": {
        "dmean": 0.0544875524938,
        "dmean2": 0.0710554420948,
        "dvar": 0.00470999302343,
        "dvar2": 0.00624112552032,
        "max": 0.890732109547,
        "mean": 0.356228679419,
        "median": 0.422652870417,
        "min": 0.0336133390665,
        "var": 0.0343352854252
    },
    "silence_rate_20dB": {
        "dmean": 0,
        "dmean2": 0,
        "dvar": 0,
        "dvar2": 0,
        "max": 1,
        "mean": 1,
        "median": 1,
        "min": 1,
        "var": 0
    },
    "silence_rate_30dB": {
        "dmean": 0,
        "dmean2": 0,
        "dvar": 0,
        "dvar2": 0,
        "max": 1,
        "mean": 1,
        "median": 1,
        "min": 1,
        "var": 0
    },
    "silence_rate_60dB": {
        "dmean": 0.0666666701436,
        "dmean2": 0.118644066155,
        "dvar": 0.0622221566737,
        "dvar2": 0.138465806842,
        "max": 1,
        "mean": 0.344262301922,
        "median": 0,
        "min": 0,
        "var": 0.225745692849
    },
    "spectral_centroid": {
        "dmean": 30.922416687,
        "dmean2": 37.780418396,
        "dvar": 2158.63842773,
        "dvar2": 2540.05566406,
        "max": 820.779907227,
        "mean": 507.585998535,
        "median": 513.152893066,
        "min": 392.780334473,
        "var": 7257.77441406
    },
    "spectral_complexity": {
        "dmean": 0.5,
        "dmean2": 0.881355941296,
        "dvar": 0.916666686535,
        "dvar2": 1.96897470951,
        "max": 7,
        "mean": 2.98360657692,
        "median": 2,
        "min": 0,
        "var": 1.6882557869
    },
    "spectral_decrease": {
        "dmean": 6.54608589556e-10,
        "dmean2": 9.0927759766e-10,
        "dvar": 1.58080356875e-18,
        "dvar2": 2.06599979873e-18,
        "max": -2.17830007504e-12,
        "mean": -4.31568114578e-09,
        "median": -1.63825042421e-09,
        "min": -1.37850477699e-08,
        "var": 2.42705330004e-17
    },
    "spectral_energy": {
        "dmean": 0.00257461890578,
        "dmean2": 0.00357588240877,
        "dvar": 2.42355163209e-05,
        "dvar2": 3.18326492561e-05,
        "max": 0.0539566613734,
        "mean": 0.0169768650085,
        "median": 0.00647719763219,
        "min": 8.77880665939e-06,
        "var": 0.000371598842321
    },
    "spectral_energyband_high": {
        "dmean": 1.60862512644e-07,
        "dmean2": 1.81872550797e-07,
        "dvar": 2.95227221576e-13,
        "dvar2": 2.85630243416e-13,
        "max": 5.2481414059e-06,
        "mean": 6.23889548024e-07,
        "median": 6.00465114076e-07,
        "min": 6.39078336917e-08,
        "var": 4.21074850335e-13
    },
    "spectral_energyband_low": {
        "dmean": 9.07562252905e-07,
        "dmean2": 1.62321339303e-06,
        "dvar": 9.52438431942e-13,
        "dvar2": 3.05043490467e-12,
        "max": 5.60495936952e-06,
        "mean": 1.50597509219e-06,
        "median": 1.15810996704e-06,
        "min": 9.56042995881e-08,
        "var": 1.79903758991e-12
    },
    "spectral_energyband_middle_high": {
        "dmean": 2.86312751996e-05,
        "dmean2": 2.97106344078e-05,
        "dvar": 1.82586568087e-09,
        "dvar2": 2.61633226195e-09,
        "max": 0.000444788543973,
        "mean": 8.15091261757e-05,
        "median": 3.72561553377e-05,
        "min": 2.30145997193e-06,
        "var": 1.07184252585e-08
    },
    "spectral_energyband_middle_low": {
        "dmean": 0.00257491366938,
        "dmean2": 0.00358334067278,
        "dvar": 2.42620099016e-05,
        "dvar2": 3.18391430483e-05,
        "max": 0.0539507009089,
        "mean": 0.0169065240771,
        "median": 0.00625044666231,
        "min": 6.36164804746e-06,
        "var": 0.000372967217118
    },
    "spectral_entropy": {
        "dmean": 0.258959770203,
        "dmean2": 0.314142912626,
        "dvar": 0.151501685381,
        "dvar2": 0.151647344232,
        "max": 8.35723209381,
        "mean": 4.613468647,
        "median": 4.90950870514,
        "min": 2.77711343765,
        "var": 1.43588590622
    },
    "spectral_flux": {
        "dmean": 0.0136621911079,
        "dmean2": 0.0190820489079,
        "dvar": 0.000371224654373,
        "dvar2": 0.000784090778325,
        "max": 0.119637399912,
        "mean": 0.0229401625693,
        "median": 0.0158535018563,
        "min": 0.00215854332782,
        "var": 0.000575607002247
    },
    "spectral_kurtosis": {
        "dmean": 24.1248512268,
        "dmean2": 36.2410545349,
        "dvar": 845.014587402,
        "dvar2": 2354.17871094,
        "max": 260.515228271,
        "mean": 84.1812133789,
        "median": 75.1995315552,
        "min": 2.44722700119,
        "var": 2836.20605469
    },
    "spectral_rms": {
        "dmean": 0.000367927714251,
        "dmean2": 0.000476474582683,
        "dvar": 3.1467513395e-07,
        "dvar2": 3.87636077903e-07,
        "max": 0.00725538702682,
        "mean": 0.00336829153821,
        "median": 0.00251380540431,
        "min": 9.25456042751e-05,
        "var": 5.21741321791e-06
    },
    "spectral_rolloff": {
        "dmean": 32.6586914062,
        "dmean2": 57.6651878357,
        "dvar": 5633.5703125,
        "dvar2": 9421.96679688,
        "max": 904.39453125,
        "mean": 621.639038086,
        "median": 667.529296875,
        "min": 409.130859375,
        "var": 20743.5429688
    },
    "spectral_skewness": {
        "dmean": 1.14494585991,
        "dmean2": 1.68589055538,
        "dvar": 1.04449796677,
        "dvar2": 2.33601307869,
        "max": 13.9858675003,
        "mean": 7.32900285721,
        "median": 7.14150667191,
        "min": 1.8546962738,
        "var": 6.98552083969
    },
    "spectral_spread": {
        "dmean": 808485.6875,
        "dmean2": 930214.0625,
        "dvar": 6.26242669773e+12,
        "dvar2": 3.12508284928e+12,
        "max": 27866574,
        "mean": 2081090.375,
        "median": 1528023.125,
        "min": 587126.25,
        "var": 1.23219707167e+13
    },
    "spectral_strongpeak": {
        "dmean": 0.315091788769,
        "dmean2": 0.438563257456,
        "dvar": 0.246286123991,
        "dvar2": 0.336413860321,
        "max": 3.8252632618,
        "mean": 1.75254046917,
        "median": 1.06858491898,
        "min": 0.00708839250728,
        "var": 1.88480806351
    },
    "zerocrossingrate": {
        "dmean": 0.00254720053636,
        "dmean2": 0.00324417371303,
        "dvar": 1.06659854282e-05,
        "dvar2": 1.15553193609e-05,
        "max": 0.0341796875,
        "mean": 0.0240618605167,
        "median": 0.025390625,
        "min": 0.005859375,
        "var": 3.36688572133e-05
    },
    "barkbands": {
        "dmean": [2.34004762234e-08, 1.56321618761e-07, 6.98739199834e-07, 5.71444616071e-07, 1.5177225805e-06, 0.00141516525764, 0.00131000974216, 6.91565001034e-05, 0.000644197047222, 8.88105932972e-05, 2.40557019424e-05, 1.25870576539e-06, 5.88276293456e-07, 2.98239967833e-07, 4.34179213471e-07, 9.21715042068e-08, 6.76814977396e-08, 7.7243640817e-08, 5.19115346265e-08, 4.04876594473e-08, 3.65890073795e-08, 2.63246473509e-08, 1.81533668098e-08, 1.57984789695e-08, 1.33943292013e-08, 1.45826053455e-08, 5.33773203415e-08],
        "dmean2": [3.46377717619e-08, 2.68483717036e-07, 1.22187339002e-06, 9.28687427404e-07, 2.57581223195e-06, 0.00197424786165, 0.00175919779576, 5.98617079959e-05, 0.000888717244379, 7.63847128837e-05, 2.31476024055e-05, 1.51308665863e-06, 8.16079648303e-07, 4.71653976319e-07, 6.21477397544e-07, 1.23999484458e-07, 8.34005646766e-08, 1.14686265817e-07, 7.83678331118e-08, 5.30652997099e-08, 4.87287614703e-08, 3.49397488719e-08, 2.2320545412e-08, 1.85695601118e-08, 1.5294739697e-08, 1.75720540341e-08, 6.79446969798e-08],
        "dvar": [3.57157117331e-15, 5.48792646526e-14, 6.51850210094e-13, 3.88913673401e-13, 5.2882368623e-12, 1.18771040434e-05, 5.3617204685e-06, 2.61279105018e-08, 2.07174093703e-06, 2.61219632591e-08, 1.87129733931e-09, 1.06289222215e-11, 1.41083347262e-12, 3.15087772497e-13, 4.29167985871e-13, 4.36777655331e-14, 3.68033985991e-14, 1.41132256977e-14, 1.04839639574e-14, 9.33603272002e-15, 8.73982655724e-15, 5.70256080245e-15, 5.24502028588e-15, 5.28129574239e-15, 4.67318029637e-15, 5.32930514633e-15, 6.15634938658e-15],
        "dvar2": [4.6380860273e-15, 1.36050296463e-13, 1.99668970594e-12, 1.03874688798e-12, 1.62276928006e-11, 1.49739744302e-05, 9.53774724621e-06, 1.59771804675e-08, 3.57581870958e-06, 1.86870607877e-08, 2.46596876252e-09, 1.56791715028e-11, 2.29062515483e-12, 7.04667389977e-13, 6.23543426094e-13, 4.16690472274e-14, 2.61101632936e-14, 1.91859484707e-14, 1.22565328655e-14, 8.00177456304e-15, 8.19343524912e-15, 5.09591961727e-15, 5.15296389814e-15, 5.08789652119e-15, 4.58594140852e-15, 5.52706574017e-15, 7.81559333311e-15],
        "max": [4.48164911404e-07, 1.33091521093e-06, 3.8216107896e-06, 4.48694709121e-06, 1.56713831529e-05, 0.0353330224752, 0.0187357161194, 0.00216500926763, 0.014232320711, 0.00220729224384, 0.000429754640209, 3.82268881367e-05, 1.1107186765e-05, 3.22680193676e-06, 5.81835774938e-06, 2.0033430701e-06, 2.06410254577e-06, 2.0111365302e-06, 9.20161085105e-07, 9.27941130158e-07, 8.74259171724e-07, 6.84467977408e-07, 6.09113442351e-07, 6.14599230175e-07, 5.76901811655e-07, 5.98370377247e-07, 8.42493989239e-07],
        "mean": [2.78969061185e-08, 1.93069269017e-07, 9.55481823439e-07, 8.36423794226e-07, 2.57212650467e-06, 0.00899400189519, 0.00549393612891, 0.000253495236393, 0.00186812889297, 0.000297836406389, 5.65687805647e-05, 3.76432353733e-06, 1.62771721079e-06, 4.98613303535e-07, 1.02133446944e-06, 1.92584550973e-07, 1.38378197789e-07, 2.89966521905e-07, 9.81293624136e-08, 8.60785362988e-08, 7.41119023928e-08, 4.86036810798e-08, 3.4876020294e-08, 3.38578161063e-08, 2.69283688681e-08, 2.42231550374e-08, 3.50394032012e-07],
        "median": [1.40910296764e-08, 1.22218892784e-07, 6.02763179813e-07, 4.17070850744e-07, 1.73723617536e-06, 0.00124880962539, 0.00180146994535, 1.17889921967e-05, 0.00028309749905, 6.58322751406e-05, 1.30146599986e-06, 3.07371863073e-07, 2.75588519116e-07, 2.98550531852e-07, 4.88968680656e-07, 1.55469365382e-07, 9.62939594729e-08, 9.7601613902e-08, 7.80393136779e-08, 6.85198884298e-08, 5.44318510265e-08, 3.25053335359e-08, 2.39953514836e-08, 2.42776607706e-08, 1.71727823073e-08, 1.0386194127e-08, 4.01153016583e-07],
        "min": [6.89119428188e-10, 1.06875859274e-08, 3.58010616708e-08, 4.47833858885e-09, 1.75049748918e-07, 1.4315272665e-06, 1.14449733246e-06, 7.88245074546e-07, 1.6549670363e-06, 4.89675983317e-07, 4.11703204861e-08, 6.98779061281e-08, 1.82350952116e-08, 3.14771000376e-08, 2.22516653992e-08, 1.74887802018e-08, 1.85250321749e-08, 1.54480179759e-08, 1.26820429713e-08, 1.06088737795e-08, 8.26534485299e-09, 6.48400133585e-09, 3.44084560844e-09, 3.79007270013e-09, 3.38676975353e-09, 2.95107582815e-09, 1.70997225268e-08],
        "var": [3.78518314172e-15, 5.83684576366e-14, 9.40040471679e-13, 9.08516209312e-13, 7.7608154278e-12, 0.000174883884029, 4.58767353848e-05, 3.5095266071e-07, 1.11802355605e-05, 2.88422825179e-07, 1.12129816543e-08, 7.67880828367e-11, 9.59860576438e-12, 3.94316713613e-13, 1.80464736037e-12, 6.12784291625e-14, 6.78091006197e-14, 2.67259142334e-13, 1.32612892767e-14, 1.33836541974e-14, 1.19272259373e-14, 7.25878690787e-15, 5.6369225253e-15, 5.71371876746e-15, 5.11093497033e-15, 5.58695689877e-15, 5.11372831558e-14]
    },
    "erbbands": {
        "dmean": [3.53721293322e-06, 4.98284280184e-05, 0.000607010326348, 0.00126900721807, 0.00355127872899, 0.00909480918199, 0.257451325655, 12.6334953308, 24.5035896301, 8.5066652298, 2.19400453568, 7.22933912277, 16.9605922699, 1.07963168621, 0.277871638536, 0.0708893314004, 0.0313815586269, 0.0135952411219, 0.0161672718823, 0.0215155053884, 0.00529722869396, 0.00339919049293, 0.00434291968122, 0.00300876214169, 0.0022076270543, 0.00179995538201, 0.00174667709507, 0.00124087312724, 0.000996379065327, 0.000713567889761, 0.000513256643899, 0.000368270091712, 0.000256536557572, 0.000153090528329, 0.000104046404886, 5.32397134521e-05, 3.28390487994e-05, 6.49519861327e-05, 4.82710174765e-06, 2.91652645501e-06],
        "dmean2": [5.81010908718e-06, 8.8405009592e-05, 0.00107631948777, 0.00205974956043, 0.0059956680052, 0.0139574613422, 0.373455345631, 17.8226013184, 29.416475296, 12.657699585, 1.97325456142, 10.1742038727, 21.220949173, 1.2250726223, 0.291776299477, 0.082482509315, 0.0433180294931, 0.0193462222815, 0.0280781835318, 0.026111792773, 0.00676519284025, 0.00430026417598, 0.00626793969423, 0.00472996290773, 0.00321940425783, 0.0024400758557, 0.00224952399731, 0.0016853872221, 0.00133266719058, 0.000906933681108, 0.000642815721221, 0.000458959722891, 0.000302239204757, 0.000176588364411, 0.000130357715534, 6.43613238935e-05, 4.04598977184e-05, 8.79873769009e-05, 6.53302458886e-06, 4.06792105423e-06],
        "dvar": [2.63133525386e-11, 4.42872583051e-09, 4.53878413964e-07, 1.84088241895e-06, 1.3374311493e-05, 0.000219628913328, 0.314683586359, 928.291442871, 2450.89794922, 389.617736816, 18.4767227173, 205.764556885, 1545.52355957, 2.49089074135, 0.197501420975, 0.034520175308, 0.00403689173982, 0.000507013464812, 0.000876755046193, 0.00146952341311, 8.92907410162e-05, 0.000127318242448, 4.95355452585e-05, 1.18480511446e-05, 2.75712227449e-05, 1.84351320058e-05, 1.67055677593e-05, 1.16590626931e-05, 7.76007891545e-06, 5.97923008172e-06, 3.89930710298e-06, 2.62443290922e-06, 1.32253194352e-06, 6.06592891472e-07, 2.25197013037e-07, 7.17310228993e-08, 1.79690484714e-08, 7.42263095432e-09, 5.97903115906e-11, 2.80869459635e-11],
        "dvar2": [4.52134440998e-11, 1.27544321771e-08, 1.45828380482e-06, 5.90914351051e-06, 3.95257593482e-05, 0.000422957149567, 0.474025338888, 1214.05163574, 2891.91650391, 922.642333984, 11.4335803986, 400.321136475, 2198.49121094, 3.6463944912, 0.304199844599, 0.0504941828549, 0.00662587722763, 0.000780975620728, 0.00190641917288, 0.00168534799013, 6.5139545768e-05, 0.000108949643618, 6.41498409095e-05, 1.70100302057e-05, 3.10770083161e-05, 1.43816123455e-05, 1.61197185662e-05, 1.07021087388e-05, 6.83600046614e-06, 5.49277046957e-06, 3.8046894133e-06, 2.63373635789e-06, 1.25771089188e-06, 5.82060522447e-07, 2.24265079396e-07, 7.18087918017e-08, 1.94059062153e-08, 1.14179199429e-08, 7.77414244091e-11, 3.80220854801e-11],
        "max": [4.47142847406e-05, 0.000360137870302, 0.00329166930169, 0.00831224769354, 0.0229786075652, 0.144331380725, 5.62353563309, 308.637420654, 543.59197998, 143.322143555, 59.6517562866, 139.594711304, 402.570007324, 14.8730449677, 4.75281238556, 1.97802758217, 0.593376755714, 0.179015010595, 0.305566221476, 0.382385551929, 0.103439971805, 0.113113813102, 0.11857239902, 0.0565678998828, 0.048607096076, 0.0420775786042, 0.0389748699963, 0.0311065334827, 0.0258755683899, 0.0211244616657, 0.0167346335948, 0.0135836647823, 0.00976620800793, 0.00659960601479, 0.00399536173791, 0.00220259604976, 0.0011552288197, 0.000826067000162, 9.66660663835e-05, 6.0518807004e-05],
        "mean": [7.44534236219e-06, 6.83864127495e-05, 0.000838981184643, 0.00237476453185, 0.00730448029935, 0.0440707243979, 1.45327734947, 79.2767868042, 144.228240967, 14.4048843384, 8.16155052185, 20.7017230988, 53.7608184814, 3.89049839973, 0.72311103344, 0.220563933253, 0.100431263447, 0.0320863127708, 0.0395033545792, 0.0416645146906, 0.012117497623, 0.00766354799271, 0.0142627274618, 0.00888056308031, 0.00460205087438, 0.00395931722596, 0.00349157769233, 0.00263236952014, 0.00186882389244, 0.00130103714764, 0.000998046132736, 0.000744577962905, 0.000543841102626, 0.000333548698109, 0.00018825600273, 9.00805243873e-05, 9.34918789426e-05, 0.000396925752284, 3.30671500706e-05, 2.13832990994e-05],
        "median": [7.4763943303e-06, 4.88256737299e-05, 0.000514551298693, 0.00164402695373, 0.00748225254938, 0.0164981856942, 0.252950489521, 12.0009756088, 37.4608688354, 8.25700759888, 1.53117382526, 7.38907289505, 5.06759881973, 0.545310020447, 0.148933231831, 0.0498265624046, 0.0196985695511, 0.0186097808182, 0.0159937795252, 0.0225654337555, 0.00973028503358, 0.00543111888692, 0.005455955863, 0.00457383925095, 0.00368108716793, 0.00316586811095, 0.00258423178457, 0.00194140977692, 0.00130310666282, 0.000914373027626, 0.000698179006577, 0.000532531470526, 0.000373779679649, 0.000228360921028, 0.000111151239253, 5.04302006448e-05, 6.94636037224e-05, 0.000472394312965, 3.03980468743e-05, 1.05367817014e-05],
        "min": [9.70942778622e-07, 9.11119514058e-06, 6.89375228831e-05, 0.000205179632758, 0.000580073858146, 0.00201049027964, 0.00631337799132, 0.0133535917848, 0.009895356372, 0.0283092353493, 0.0149334203452, 0.0340459756553, 0.0577450059354, 0.0309875328094, 0.0126314358786, 0.003783963155, 0.00228896737099, 0.00161244533956, 0.00146862852853, 0.000949075561948, 0.00104171200655, 0.00108764041215, 0.0009323504637, 0.000801212852821, 0.00059422646882, 0.000500658759847, 0.000372535927454, 0.000356892764103, 0.000273762270808, 0.000169154387549, 0.00010688524344, 0.000102409496321, 7.73771462264e-05, 5.74373771087e-05, 3.89283595723e-05, 9.92632976704e-06, 1.1052683476e-05, 1.10335568024e-05, 1.83962413303e-06, 2.38552104292e-07],
        "var": [3.62957719435e-11, 3.90201515543e-09, 5.89905198467e-07, 3.54273629455e-06, 2.00906197279e-05, 0.00258758757263, 4.18364620209, 13425.7480469, 39662.3828125, 443.309295654, 253.512298584, 938.133850098, 10467.3896484, 23.1830310822, 1.20355784893, 0.192512392998, 0.0273813717067, 0.00105569348671, 0.00400960166007, 0.00412920955569, 0.000170013780007, 0.000198261681362, 0.000591894495301, 0.000131952619995, 3.66420827049e-05, 2.72666366072e-05, 2.46285817411e-05, 1.47257478602e-05, 1.04920272861e-05, 6.81426126903e-06, 4.24934432885e-06, 2.79386745206e-06, 1.44236935284e-06, 6.62160857701e-07, 2.44709895014e-07, 7.50655146931e-08, 2.034577129e-08, 6.17026074679e-08, 1.65899627369e-10, 4.0858799677e-10]
    },
    "gfcc": {
        "mean": [-273.849090576, 126.71446228, -93.6256866455, -83.198059082, -104.604530334, -58.2327804565, -26.4296302795, -0.740277051926, 3.18527388573, 2.41328668594, -3.38631463051, 3.78302454948, 0.947391629219],
        "cov": [[691.636474609, 14.2753334045, -172.073760986, -162.059341431, -72.7280654907, 17.0334300995, 53.2500801086, 27.2256813049, 6.06817626953, 40.6728668213, 35.9270782471, -14.8318510056, -104.649307251], [14.2753334045, 266.304260254, 73.8403091431, -212.671096802, -141.643051147, -189.028656006, -59.6475105286, -86.9991226196, 77.3303909302, 0.320939123631, 58.6382865906, 58.6610488892, 176.607147217], [-172.073760986, 73.8403091431, 238.957046509, 148.317092896, -22.0887184143, -199.297058105, -204.578292847, -123.465621948, 84.5406341553, 59.6092185974, 61.6331253052, 40.4446640015, 140.589660645], [-162.059341431, -212.671096802, 148.317092896, 422.570281982, 170.435165405, 5.05182695389, -164.005966187, -44.6127738953, 9.51097297668, 92.4323043823, 23.6648674011, -36.4881629944, -94.2223129272], [-72.7280654907, -141.643051147, -22.0887184143, 170.435165405, 295.248687744, 165.374404907, -15.8851127625, 51.8505935669, -35.8057937622, 59.6186447144, -52.8475837708, -92.7852706909, -248.668243408], [17.0334300995, -189.028656006, -199.297058105, 5.05182695389, 165.374404907, 337.007995605, 225.021331787, 167.473480225, -125.325431824, -53.0640220642, -104.228233337, -73.2328872681, -234.352874756], [53.2500801086, -59.6475105286, -204.578292847, -164.005966187, -15.8851127625, 225.021331787, 279.319671631, 156.973129272, -103.467254639, -104.109359741, -80.3059310913, -23.341966629, -96.1398468018], [27.2256813049, -86.9991226196, -123.465621948, -44.6127738953, 51.8505935669, 167.473480225, 156.973129272, 125.68662262, -62.6251487732, -46.9887924194, -65.4358139038, -34.3324203491, -108.597686768], [6.06817626953, 77.3303909302, 84.5406341553, 9.51097297668, -35.8057937622, -125.325431824, -103.467254639, -62.6251487732, 72.144241333, 44.30027771, 45.7973709106, 20.1807613373, 72.5645599365], [40.6728668213, 0.320939123631, 59.6092185974, 92.4323043823, 59.6186447144, -53.0640220642, -104.109359741, -46.9887924194, 44.30027771, 80.1547393799, 44.2811355591, -11.8389835358, -34.967124939], [35.9270782471, 58.6382865906, 61.6331253052, 23.6648674011, -52.8475837708, -104.228233337, -80.3059310913, -65.4358139038, 45.7973709106, 44.2811355591, 84.020111084, 35.7827949524, 54.6542854309], [-14.8318510056, 58.6610488892, 40.4446640015, -36.4881629944, -92.7852706909, -73.2328872681, -23.341966629, -34.3324203491, 20.1807613373, -11.8389835358, 35.7827949524, 59.4084587097, 117.33971405], [-104.649307251, 176.607147217, 140.589660645, -94.2223129272, -248.668243408, -234.352874756, -96.1398468018, -108.597686768, 72.5645599365, -34.967124939, 54.6542854309, 117.33971405, 341.114562988]],
        "icov": [[0.00412955321372, -4.60193259642e-05, 0.00275840377435, 0.00148772238754, 0.00743492832407, -0.000653139664792, 0.00361902662553, -0.000546148279682, 0.000506083131768, -0.00872935913503, 0.00541086681187, -0.00642068590969, 0.00672135921195], [-4.60193259642e-05, 0.059033125639, -0.026745736599, 0.0426920540631, -0.0228558387607, 0.0117185376585, -0.020927965641, 0.0193697884679, -0.010012309067, -0.00267128157429, -0.030030598864, 0.0232187155634, -0.0174239389598], [0.00275840377435, -0.026745736599, 0.0377641394734, -0.0263623017818, 0.0041433814913, 0.00406569894403, 0.00861583743244, -0.00485794944689, -0.00316636729985, 0.00070400047116, 0.0156593136489, -0.014340467751, 0.00171241117641], [0.00148772238754, 0.0426920540631, -0.0263623017818, 0.0400645695627, -0.0108862891793, 0.00230111321434, -0.00349144567735, 0.00664652138948, 0.00334810744971, -0.00832495093346, -0.0240173898637, 0.0186830107123, -0.00908234622329], [0.00743492832407, -0.0228558387607, 0.0041433814913, -0.0108862891793, 0.0507855080068, -0.0212988890707, 0.0298411939293, -0.00954310130328, 0.00342492689379, -0.0233799777925, 0.0377414226532, -0.0300919730216, 0.0383401028812], [-0.000653139664792, 0.0117185376585, 0.00406569894403, 0.00230111321434, -0.0212988890707, 0.0378049872816, -0.0260255038738, 0.0012233548332, 0.0144607676193, -0.00967136863619, 0.00102996372152, -0.00265418598428, -0.00712652364746], [0.00361902662553, -0.020927965641, 0.00861583743244, -0.00349144567735, 0.0298411939293, -0.0260255038738, 0.0637583956122, -0.0393888652325, 0.0152845652774, 0.0145321022719, -0.000441753712948, -0.00427365815267, 0.0165126845241], [-0.000546148279682, 0.0193697884679, -0.00485794944689, 0.00664652138948, -0.00954310130328, 0.0012233548332, -0.0393888652325, 0.0640262365341, -0.0297929961234, -0.00135695573408, 0.0154177006334, -0.0132267670706, 0.00508618494496], [0.000506083131768, -0.010012309067, -0.00316636729985, 0.00334810744971, 0.00342492689379, 0.0144607676193, 0.0152845652774, -0.0297929961234, 0.0875829309225, -0.0407857224345, -0.00555481156334, 0.017703615129, -0.0131887942553], [-0.00872935913503, -0.00267128157429, 0.00070400047116, -0.00832495093346, -0.0233799777925, -0.00967136863619, 0.0145321022719, -0.00135695573408, -0.0407857224345, 0.10431791842, -0.0462081246078, 0.0254928711802, -0.00590506242588], [0.00541086681187, -0.030030598864, 0.0156593136489, -0.0240173898637, 0.0377414226532, 0.00102996372152, -0.000441753712948, 0.0154177006334, -0.00555481156334, -0.0462081246078, 0.0941831022501, -0.0811208859086, 0.0463837832212], [-0.00642068590969, 0.0232187155634, -0.014340467751, 0.0186830107123, -0.0300919730216, -0.00265418598428, -0.00427365815267, -0.0132267670706, 0.017703615129, 0.0254928711802, -0.0811208859086, 0.130618572235, -0.0651822537184], [0.00672135921195, -0.0174239389598, 0.00171241117641, -0.00908234622329, 0.0383401028812, -0.00712652364746, 0.0165126845241, 0.00508618494496, -0.0131887942553, -0.00590506242588, 0.0463837832212, -0.0651822537184, 0.0573172271252]]
    },
    "melbands": {
        "dmean": [3.67255914568e-08, 2.26065012043e-07, 2.26206296361e-07, 2.99734267628e-07, 1.38854124998e-06, 0.000327634246787, 0.000362250051694, 7.18884039088e-05, 1.63962195074e-05, 6.97205759934e-05, 8.3708546299e-05, 2.88213004751e-06, 1.89955551377e-06, 1.37594966532e-07, 1.15292870362e-07, 5.05763928516e-08, 2.71567763832e-08, 2.56489691708e-08, 2.93750179736e-08, 1.7526225804e-08, 5.65772717565e-09, 3.86096976612e-09, 3.60612362194e-09, 5.28596055815e-09, 2.36696151568e-09, 1.9461539047e-09, 1.45647327532e-09, 1.25354226999e-09, 1.22981969053e-09, 1.00022168326e-09, 6.9861433305e-10, 6.12764339269e-10, 4.77498318663e-10, 3.8286104842e-10, 3.27970650638e-10, 2.44363612678e-10, 2.28997862339e-10, 1.87129714502e-10, 1.59846760828e-10, 1.29584551423e-10],
        "dmean2": [6.12316242155e-08, 4.03353965339e-07, 3.74448148932e-07, 5.3241325304e-07, 2.25771850637e-06, 0.000449093349744, 0.000450458086561, 0.000109784108645, 1.44082896441e-05, 9.85302249319e-05, 0.000105125342088, 3.14507133226e-06, 1.88791682376e-06, 1.65729218793e-07, 1.52714974888e-07, 6.78630129869e-08, 4.20609964635e-08, 4.52541186746e-08, 3.79190900901e-08, 2.12411190859e-08, 7.5375874431e-09, 4.7878940812e-09, 5.12027265032e-09, 7.24753457249e-09, 3.63997521013e-09, 2.95492785796e-09, 2.02098160429e-09, 1.69673264327e-09, 1.64838909189e-09, 1.37237854414e-09, 9.63930490983e-10, 8.47941050708e-10, 6.14555628609e-10, 4.91486240595e-10, 4.24587726089e-10, 3.16304621384e-10, 2.81489248577e-10, 2.27649732398e-10, 1.89971968712e-10, 1.5337563164e-10],
        "dvar": [2.93055485003e-15, 6.51379585036e-14, 6.33947172643e-14, 1.52814352426e-13, 6.11612366655e-12, 6.23838843694e-07, 4.75303124858e-07, 3.07069250027e-08, 1.06139175227e-09, 2.27524559193e-08, 3.79551394758e-08, 2.75130647431e-11, 1.08897613149e-11, 8.81790639313e-14, 6.75698578578e-14, 9.09471642148e-15, 2.24416339529e-15, 2.52959147566e-15, 1.42034889167e-15, 1.20392392683e-15, 9.714838586e-17, 1.46670464906e-16, 9.21812059863e-17, 8.89808905184e-17, 7.83182627617e-18, 1.38745932363e-17, 1.30414627136e-17, 7.7227327339e-18, 8.42294608551e-18, 4.59021009392e-18, 3.77309709661e-18, 2.45801537347e-18, 2.35317105801e-18, 1.79739026559e-18, 1.44733621916e-18, 9.73458198101e-19, 9.5875092681e-19, 6.66240113274e-19, 4.74188523976e-19, 4.18845798298e-19],
        "dvar2": [5.95559622533e-15, 2.06336155302e-13, 1.68994023419e-13, 4.69378333944e-13, 1.18582262065e-11, 7.60145439926e-07, 6.05112290941e-07, 7.22015087717e-08, 6.14367889895e-10, 4.16434104977e-08, 5.51646799352e-08, 3.82045783898e-11, 1.54906035915e-11, 1.30734277028e-13, 1.01594602143e-13, 1.29001525445e-14, 3.89624398419e-15, 6.06759642733e-15, 1.65377677237e-15, 1.41241981625e-15, 6.77305676424e-17, 1.17052872645e-16, 8.64611461713e-17, 1.33946203624e-16, 1.19555821916e-17, 1.81652601373e-17, 1.29418354263e-17, 5.73717997206e-18, 8.80352857663e-18, 4.28592095225e-18, 3.64002482915e-18, 2.52587975247e-18, 2.00151135061e-18, 1.68384432028e-18, 1.40279895382e-18, 9.95115234104e-19, 9.62384317651e-19, 6.39184121112e-19, 4.51453568238e-19, 3.9903683888e-19],
        "max": [4.09172827176e-07, 1.25845383536e-06, 1.86731585927e-06, 2.73236059911e-06, 1.8657923647e-05, 0.0082083567977, 0.00727677019313, 0.00126450508833, 0.000461782416096, 0.00147713290062, 0.00198756949976, 5.05921525473e-05, 3.33690513799e-05, 3.87335057894e-06, 2.55153076978e-06, 9.01444991541e-07, 3.26073745782e-07, 4.40763272991e-07, 3.69195305439e-07, 3.17315254961e-07, 1.11827638705e-07, 1.22456143004e-07, 9.52824166234e-08, 1.54491857529e-07, 3.59925600435e-08, 3.32164766803e-08, 3.3818423617e-08, 2.72709321791e-08, 2.65154938006e-08, 2.03320418279e-08, 1.71877303501e-08, 1.41730627234e-08, 1.3770203644e-08, 1.13980496153e-08, 1.01770982752e-08, 8.22248402699e-09, 8.26857871061e-09, 6.94374868715e-09, 5.84036952134e-09, 5.49890222246e-09],
        "mean": [4.84311648563e-08, 3.06367184066e-07, 4.64581063397e-07, 4.21808920237e-07, 2.05879882742e-06, 0.00210015638731, 0.0019727924373, 8.52655794006e-05, 6.03358457738e-05, 0.000198229899979, 0.000262700923486, 7.18535784472e-06, 4.31916032539e-06, 4.06718896784e-07, 3.37135816153e-07, 1.45322772482e-07, 4.74732892997e-08, 5.59198234384e-08, 6.38866097802e-08, 3.33047758261e-08, 1.20061169895e-08, 7.76538033875e-09, 6.84998635592e-09, 1.88971291948e-08, 5.53849188734e-09, 3.44033512789e-09, 2.90426682703e-09, 2.57615662136e-09, 2.3156068174e-09, 1.81410875211e-09, 1.4124300618e-09, 1.06660014154e-09, 8.58515480928e-10, 6.67570776436e-10, 5.96619031956e-10, 4.75666783739e-10, 4.34809022121e-10, 3.7918243545e-10, 3.29397370491e-10, 2.54547938283e-10],
        "median": [2.87774639673e-08, 1.95504810563e-07, 3.16072373607e-07, 2.9972699167e-07, 8.60928594193e-07, 0.000305396912154, 0.000512227939907, 3.05410394503e-05, 5.82516531722e-06, 3.54654221155e-05, 2.51763285632e-05, 7.05882712282e-07, 1.67102612636e-07, 4.23026804697e-08, 2.28549001946e-08, 4.40554686065e-08, 2.82914278671e-08, 2.13479154354e-08, 3.82363403162e-08, 1.47032137576e-08, 9.10620112649e-09, 5.51679457672e-09, 4.8756900739e-09, 4.23878043776e-09, 3.88028720266e-09, 2.56916155017e-09, 2.28602869967e-09, 1.90080551299e-09, 1.70919334241e-09, 1.43803724484e-09, 1.03794772777e-09, 7.3441591697e-10, 5.62302204798e-10, 4.61292365417e-10, 3.91409182843e-10, 3.12958936544e-10, 2.9283339642e-10, 2.60208549152e-10, 2.38600972313e-10, 1.5864898284e-10],
        "min": [2.66893662726e-09, 1.37514328813e-08, 1.9745446167e-08, 3.59997720523e-08, 1.2328075627e-07, 2.85701446501e-07, 1.82181750574e-07, 1.97498252419e-07, 1.25166536691e-07, 2.333546405e-07, 2.86612134914e-07, 4.19635064475e-08, 8.36446467645e-09, 7.31756832906e-09, 4.29000523994e-09, 2.53286458474e-09, 2.13227258072e-09, 2.48590992236e-09, 1.73328651432e-09, 1.01940100805e-09, 1.22386767387e-09, 1.08552311584e-09, 6.5581279296e-10, 5.8961346916e-10, 6.73565703213e-10, 4.13818118661e-10, 4.28663410323e-10, 2.70999694907e-10, 2.45681919253e-10, 1.92395627208e-10, 2.16014289789e-10, 1.41057041048e-10, 1.00809284531e-10, 7.49974388148e-11, 5.4841978181e-11, 4.28126527285e-11, 5.48383803645e-11, 4.44315452486e-11, 2.9896356224e-11, 2.99620016297e-11],
        "var": [3.83430088827e-15, 8.96245154914e-14, 1.7423070636e-13, 1.94317638694e-13, 1.09042358476e-11, 9.49561854213e-06, 7.04881813363e-06, 3.60144092326e-08, 1.55388040213e-08, 1.1358007157e-07, 2.5225256195e-07, 1.60240223868e-10, 6.30442573146e-11, 8.23232161693e-13, 3.43608144325e-13, 6.28246505383e-14, 3.52571429185e-15, 8.788615655e-15, 5.85430251978e-15, 3.02493782552e-15, 2.10461416136e-16, 2.34908997221e-16, 1.40277179334e-16, 1.43025907127e-15, 3.26929637524e-17, 1.78975547126e-17, 1.74978395339e-17, 1.163677024e-17, 1.17410090592e-17, 6.60526756104e-18, 4.49474517943e-18, 3.26142901907e-18, 2.91011527996e-18, 1.9907085786e-18, 1.58123339248e-18, 1.02481629137e-18, 1.04017848291e-18, 7.31945757666e-19, 5.17343312015e-19, 4.64397031969e-19]
    },
    "mfcc": {
        "mean": [-942.645263672, 173.393463135, 22.5570640564, -34.9912834167, -52.2371520996, -56.110710144, -40.3951835632, -20.2049884796, -2.14865422249, 4.76032209396, -0.00226023932919, -3.31809449196, 2.15518116951],
        "cov": [[778.986206055, 331.064086914, -215.79624939, -162.535644531, -69.7222747803, 25.922542572, 149.808837891, 117.667510986, -4.41981077194, 46.8915977478, 168.137680054, 151.660400391, 31.9122562408], [331.064086914, 338.867370605, -50.1333389282, -189.730773926, -105.702148438, -35.7997703552, 56.2176589966, 78.0243301392, 28.0191745758, 37.6191749573, 49.7230072021, 30.5229816437, 26.0861415863], [-215.79624939, -50.1333389282, 119.766731262, 38.6168174744, -4.57128190994, -28.4934654236, -84.2404327393, -54.5487670898, 17.6041736603, -20.1313877106, -101.413917542, -73.7362136841, 23.3799171448], [-162.535644531, -189.730773926, 38.6168174744, 197.814407349, 139.316818237, 49.527885437, -49.8461990356, -96.8559188843, -57.6310920715, -37.501865387, -7.48923683167, 27.6328620911, 28.6367378235], [-69.7222747803, -105.702148438, -4.57128190994, 139.316818237, 191.872879028, 106.559684753, -13.984128952, -73.3420791626, -76.9587402344, -22.9709587097, 50.6691703796, 58.0511550903, 26.2167243958], [25.922542572, -35.7997703552, -28.4934654236, 49.527885437, 106.559684753, 110.548683167, 73.5974273682, 16.7704296112, -25.2759399414, -1.77729523182, 51.9489822388, 53.8619384766, 11.6562490463], [149.808837891, 56.2176589966, -84.2404327393, -49.8461990356, -13.984128952, 73.5974273682, 214.206832886, 178.118103027, 39.3861579895, 28.1204872131, 86.817855835, 71.7746047974, -18.7205238342], [117.667510986, 78.0243301392, -54.5487670898, -96.8559188843, -73.3420791626, 16.7704296112, 178.118103027, 204.729156494, 88.2470626831, 36.632194519, 42.0827980042, 18.4143733978, -39.8176498413], [-4.41981077194, 28.0191745758, 17.6041736603, -57.6310920715, -76.9587402344, -25.2759399414, 39.3861579895, 88.2470626831, 92.2146148682, 29.5400409698, -40.4023628235, -49.6957511902, -35.5502433777], [46.8915977478, 37.6191749573, -20.1313877106, -37.501865387, -22.9709587097, -1.77729523182, 28.1204872131, 36.632194519, 29.5400409698, 38.1306762695, 34.2823219299, -1.13921499252, -37.7027397156], [168.137680054, 49.7230072021, -101.413917542, -7.48923683167, 50.6691703796, 51.9489822388, 86.817855835, 42.0827980042, -40.4023628235, 34.2823219299, 167.837371826, 120.24092865, -29.9500102997], [151.660400391, 30.5229816437, -73.7362136841, 27.6328620911, 58.0511550903, 53.8619384766, 71.7746047974, 18.4143733978, -49.6957511902, -1.13921499252, 120.24092865, 138.722930908, 41.5754394531], [31.9122562408, 26.0861415863, 23.3799171448, 28.6367378235, 26.2167243958, 11.6562490463, -18.7205238342, -39.8176498413, -35.5502433777, -37.7027397156, -29.9500102997, 41.5754394531, 115.367607117]],
