{
"lowlevel": {
    "average_loudness": 0.978662729263,
    "barkbands_crest": {
        "dmean": 2.20330381393,
        "dmean2": 3.90470719337,
        "dvar": 4.08547592163,
        "dvar2": 12.6080217361,
        "max": 19.1755599976,
        "mean": 8.16424465179,
        "median": 7.53190231323,
        "min": 3.3926513195,
        "var": 5.70176839828
    },
    "barkbands_flatness_db": {
        "dmean": 0.0116698015481,
        "dmean2": 0.0204893741757,
        "dvar": 0.000123163903481,
        "dvar2": 0.000362668768503,
        "max": 0.149785503745,
        "mean": 0.0700966864824,
        "median": 0.0678926259279,
        "min": 0.0358067303896,
        "var": 0.000245924718911
    },
    "barkbands_kurtosis": {
        "dmean": 0.473235219717,
        "dmean2": 0.85432779789,
        "dvar": 0.396730273962,
        "dvar2": 1.09952127934,
        "max": 4.31376266479,
        "mean": -1.26438724995,
        "median": -1.54232525826,
        "min": -1.78672754765,
        "var": 0.492710292339
    },
    "barkbands_skewness": {
        "dmean": 0.43998414278,
        "dmean2": 0.796199321747,
        "dvar": 0.118522681296,
        "dvar2": 0.346271544695,
        "max": 2.39133405685,
        "mean": -0.116866640747,
        "median": -0.119471728802,
        "min": -1.49011218548,
        "var": 0.336897075176
    },
    "barkbands_spread": {
        "dmean": 7.58217477798,
        "dmean2": 13.7357778549,
        "dvar": 54.2764282227,
        "dvar2": 162.200805664,
        "max": 75.1326217651,
        "mean": 62.7133865356,
        "median": 66.0858459473,
        "min": 28.7543087006,
        "var": 87.8511276245
    },
    "dissonance": {
        "dmean": 0.00193000969011,
        "dmean2": 0.00325273605995,
        "dvar": 3.36321045324e-06,
        "dvar2": 8.86923771759e-06,
        "max": 0.499999701977,
        "mean": 0.497006356716,
        "median": 0.497289180756,
        "min": 0.479692876339,
        "var": 4.66067513116e-06
    },
    "dynamic_complexity": 0.365348488092,
    "erbbands_crest": {
        "dmean": 0.802487790585,
        "dmean2": 1.34627640247,
        "dvar": 0.385330319405,
        "dvar2": 1.10304570198,
        "max": 11.732790947,
        "mean": 8.78872394562,
        "median": 8.83610248566,
        "min": 5.51544570923,
        "var": 0.929879724979
    },
    "erbbands_flatness_db": {
        "dmean": 0.00668309209868,
        "dmean2": 0.0109655996785,
        "dvar": 2.59677490249e-05,
        "dvar2": 6.90013475833e-05,
        "max": 0.170832261443,
        "mean": 0.145551711321,
        "median": 0.146466776729,
        "min": 0.109764188528,
        "var": 0.000105540391814
    },
    "erbbands_kurtosis": {
        "dmean": 1.09502017498,
        "dmean2": 1.87441778183,
        "dvar": 0.825119495392,
        "dvar2": 2.22551250458,
        "max": 10.0289983749,
        "mean": 5.29335165024,
        "median": 5.46179485321,
        "min": -0.622251749039,
        "var": 2.29625535011
    },
    "erbbands_skewness": {
        "dmean": 0.194220498204,
        "dmean2": 0.3283816576,
        "dvar": 0.0276540257037,
        "dvar2": 0.0748078897595,
        "max": -0.517089366913,
        "mean": -1.93789970875,
        "median": -1.98443937302,
        "min": -2.5897526741,
        "var": 0.076265655458
    },
    "erbbands_spread": {
        "dmean": 2.1965136528,
        "dmean2": 3.59528708458,
        "dvar": 6.69945526123,
        "dvar2": 16.2010421753,
        "max": 63.6864929199,
        "mean": 17.4069404602,
        "median": 16.5320949554,
        "min": 11.5024232864,
        "var": 18.0461025238
    },
    "hfc": {
        "dmean": 3.44523692131,
        "dmean2": 5.68241596222,
        "dvar": 10.7632331848,
        "dvar2": 23.5841236115,
        "max": 72.7233581543,
        "mean": 53.8125305176,
        "median": 54.2505722046,
        "min": 0.6151086092,
        "var": 29.0252513885
    },
    "melbands_crest": {
        "dmean": 5.28254699707,
        "dmean2": 9.64817333221,
        "dvar": 15.7335453033,
        "dvar2": 48.8055343628,
        "max": 33.9488182068,
        "mean": 17.2608909607,
        "median": 17.4408226013,
        "min": 3.77800750732,
        "var": 37.4719734192
    },
    "melbands_flatness_db": {
        "dmean": 0.0250297524035,
        "dmean2": 0.0448913276196,
        "dvar": 0.000394534028601,
        "dvar2": 0.00120044115465,
        "max": 0.252320677042,
        "mean": 0.128579497337,
        "median": 0.126396611333,
        "min": 0.052235532552,
        "var": 0.00103255000431
    },
    "melbands_kurtosis": {
        "dmean": 2.0421795845,
        "dmean2": 3.65172100067,
        "dvar": 7.52396774292,
        "dvar2": 20.6889820099,
        "max": 29.4429168701,
        "mean": 1.07594192028,
        "median": 0.261621713638,
        "min": -1.71333372593,
        "var": 11.9462184906
    },
    "melbands_skewness": {
        "dmean": 0.608838140965,
        "dmean2": 1.09053814411,
        "dvar": 0.257531642914,
        "dvar2": 0.746249437332,
        "max": 5.29348087311,
        "mean": 1.42034459114,
        "median": 1.38726019859,
        "min": -0.409406751394,
        "var": 0.663989782333
    },
    "melbands_spread": {
        "dmean": 17.7530078888,
        "dmean2": 31.7483768463,
        "dvar": 209.082992554,
        "dvar2": 646.443481445,
        "max": 128.137649536,
        "mean": 87.872543335,
        "median": 89.3574447632,
        "min": 14.9011182785,
        "var": 538.744750977
    },
    "pitch_salience": {
        "dmean": 0.0836614146829,
        "dmean2": 0.150617957115,
        "dvar": 0.00491062691435,
        "dvar2": 0.0150165138766,
        "max": 0.825816988945,
        "mean": 0.640887975693,
        "median": 0.65180182457,
        "min": 0.226503416896,
        "var": 0.00943577010185
    },
    "silence_rate_20dB": {
        "dmean": 0,
        "dmean2": 0,
        "dvar": 0,
        "dvar2": 0,
        "max": 1,
        "mean": 1,
        "median": 1,
        "min": 1,
        "var": 0
    },
    "silence_rate_30dB": {
        "dmean": 0,
        "dmean2": 0,
        "dvar": 0,
        "dvar2": 0,
        "max": 1,
        "mean": 1,
        "median": 1,
        "min": 1,
        "var": 0
    },
    "silence_rate_60dB": {
        "dmean": 0,
        "dmean2": 0,
        "dvar": 0,
        "dvar2": 0,
        "max": 0,
        "mean": 0,
        "median": 0,
        "min": 0,
        "var": 0
    },
    "spectral_centroid": {
        "dmean": 58.4384880066,
        "dmean2": 97.009727478,
        "dvar": 5086.12402344,
        "dvar2": 12824.3964844,
        "max": 3616.73242188,
        "mean": 3389.15576172,
        "median": 3406.40649414,
        "min": 2207.12451172,
        "var": 9834.68847656
    },
    "spectral_complexity": {
        "dmean": 3.62745094299,
        "dmean2": 5.94111871719,
        "dvar": 8.78272628784,
        "dvar2": 19.2899456024,
        "max": 61,
        "mean": 47.9422149658,
        "median": 48,
        "min": 0,
        "var": 16.0446243286
    },
    "spectral_decrease": {
        "dmean": 1.42941902759e-09,
        "dmean2": 2.55605514532e-09,
        "dvar": 2.36548550259e-18,
        "dvar2": 6.48747497386e-18,
        "max": -2.31136568218e-11,
        "mean": -5.08193620519e-09,
        "median": -4.67106886504e-09,
        "min": -2.77309073482e-08,
        "var": 4.80303622091e-18
    },
    "spectral_energy": {
        "dmean": 0.00545838428661,
        "dmean2": 0.00972761213779,
        "dvar": 3.40910992236e-05,
        "dvar2": 9.33568444452e-05,
        "max": 0.110174149275,
        "mean": 0.0240613799542,
        "median": 0.0225253812969,
        "min": 0.00014302857744,
        "var": 6.92388421157e-05
    },
    "spectral_energyband_high": {
        "dmean": 0.000344285159372,
        "dmean2": 0.00058529060334,
        "dvar": 8.48358396865e-08,
        "dvar2": 2.18889894654e-07,
        "max": 0.005124413874,
        "mean": 0.00310074631125,
        "median": 0.00307414797135,
        "min": 3.1771727663e-05,
        "var": 1.70660285903e-07
    },
    "spectral_energyband_low": {
        "dmean": 0.00534482486546,
        "dmean2": 0.00963267125189,
        "dvar": 3.28451060341e-05,
        "dvar2": 9.26213542698e-05,
        "max": 0.0868024751544,
        "mean": 0.00958610326052,
        "median": 0.00805783364922,
        "min": 2.14628053072e-05,
        "var": 6.1662925873e-05
    },
    "spectral_energyband_middle_high": {
        "dmean": 0.000855776015669,
        "dmean2": 0.00137004919816,
        "dvar": 7.08090567514e-07,
        "dvar2": 1.71537340066e-06,
        "max": 0.016207171604,
        "mean": 0.00960341095924,
        "median": 0.00969381071627,
        "min": 6.23745872872e-05,
        "var": 1.76700541488e-06
    },
    "spectral_energyband_middle_low": {
        "dmean": 0.000693735317327,
        "dmean2": 0.00117238878738,
        "dvar": 2.15524300984e-06,
        "dvar2": 5.6014009715e-06,
        "max": 0.0304124951363,
        "mean": 0.00182970729657,
        "median": 0.00151834997814,
        "min": 1.13146834337e-05,
        "var": 2.81063148577e-06
    },
    "spectral_entropy": {
        "dmean": 0.0345488041639,
        "dmean2": 0.0562773607671,
        "dvar": 0.00119271571748,
        "dvar2": 0.00226495671086,
        "max": 8.48653697968,
        "mean": 7.78994941711,
        "median": 7.78014230728,
        "min": 7.65428495407,
        "var": 0.00379544310272
    },
    "spectral_flux": {
        "dmean": 0.0121370470151,
        "dmean2": 0.0197276193649,
        "dvar": 0.000184854448889,
        "dvar2": 0.00050327432109,
        "max": 0.212624832988,
        "mean": 0.0687685161829,
        "median": 0.0643362700939,
        "min": 0.040196172893,
        "var": 0.000369065819541
    },
    "spectral_kurtosis": {
        "dmean": 0.949443936348,
        "dmean2": 1.57413697243,
        "dvar": 0.742490589619,
        "dvar2": 1.84985423088,
        "max": 21.3529529572,
        "mean": 11.3066940308,
        "median": 11.4280147552,
        "min": 5.26177978516,
        "var": 1.9263279438
    },
    "spectral_rms": {
        "dmean": 0.000528422300704,
        "dmean2": 0.000939055054914,
        "dvar": 2.52483033591e-07,
        "dvar2": 7.00619864347e-07,
        "max": 0.0103675927967,
        "mean": 0.00478955544531,
        "median": 0.0046878545545,
        "min": 0.000373550632503,
        "var": 5.34704440724e-07
    },
    "spectral_rolloff": {
        "dmean": 241.657287598,
        "dmean2": 435.90435791,
        "dvar": 102066.023438,
        "dvar2": 266146,
        "max": 4694.23828125,
        "mean": 3999.57763672,
        "median": 3983.64257812,
        "min": 215.33203125,
        "var": 167927.171875
    },
    "spectral_skewness": {
        "dmean": 0.113877937198,
        "dmean2": 0.193319365382,
        "dvar": 0.00822797231376,
        "dvar2": 0.0236276388168,
        "max": 2.97911334038,
        "mean": 1.67291283607,
        "median": 1.6739808321,
        "min": 1.06863260269,
        "var": 0.0193709861487
    },
    "spectral_spread": {
        "dmean": 129796.734375,
        "dmean2": 201653.484375,
        "dvar": 133650743296,
        "dvar2": 127067750400,
        "max": 14914942,
        "mean": 3016654.25,
        "median": 2955370.5,
        "min": 2556801,
        "var": 188701835264
    },
    "spectral_strongpeak": {
        "dmean": 0.342856675386,
        "dmean2": 0.659836709499,
        "dvar": 0.931074917316,
        "dvar2": 2.74709415436,
        "max": 5.64871072769,
        "mean": 0.307598352432,
        "median": 0.133638694882,
        "min": 0,
        "var": 0.579097688198
    },
    "zerocrossingrate": {
        "dmean": 0.0156628172845,
        "dmean2": 0.0218590907753,
        "dvar": 0.000152185908519,
        "dvar2": 0.000279748870526,
        "max": 0.23193359375,
        "mean": 0.149828210473,
        "median": 0.14794921875,
        "min": 0.0185546875,
        "var": 0.00112418667413
    },
    "barkbands": {
        "dmean": [0.00104230199941, 0.00429012905806, 0.000986612401903, 0.000445290439529, 0.000269550248049, 0.000165803983691, 0.000106364786916, 8.04131414043e-05, 8.00016350695e-05, 8.53767851368e-05, 7.78782559792e-05, 9.28845038288e-05, 0.000164231314557, 0.00010194483184, 0.00011151083163, 0.000102083038655, 9.46538348217e-05, 0.000129803476739, 0.00063561234856, 0.000355956988642, 0.000247187155765, 3.38440258929e-05, 2.08073797694e-05, 8.45073009259e-06, 7.00747159499e-06, 1.06026573121e-05, 4.35903966718e-05],
        "dmean2": [0.00192945683375, 0.00769148534164, 0.00167369528208, 0.000796150474343, 0.000438133225543, 0.0002690848778, 0.000179964816198, 0.000140230156831, 0.000136793823913, 0.000147445462062, 0.000136668764753, 0.000159385526786, 0.000253113859799, 0.000172601314262, 0.000189912127098, 0.000173172069481, 0.00016036251327, 0.00022048545361, 0.00105453969445, 0.00060688436497, 0.000423293851782, 5.75129342906e-05, 3.49909569195e-05, 1.40473166539e-05, 1.16041746878e-05, 1.744634028e-05, 7.52398045734e-05],
        "dvar": [8.36730350784e-07, 2.23425013246e-05, 1.71887711531e-06, 1.82179110197e-06, 1.57018007485e-07, 2.79849832197e-08, 1.11252580481e-08, 1.26727108807e-08, 3.59934517746e-08, 4.80432795769e-08, 1.0138179185e-08, 9.88762494103e-09, 2.65686441736e-08, 1.36434659126e-08, 1.63359619165e-08, 9.70269198319e-09, 7.71405783695e-09, 1.12645341943e-08, 2.69970655609e-07, 8.05324020803e-08, 4.19573993327e-08, 1.06718711645e-09, 5.39678801648e-10, 1.45715883804e-10, 1.59396648658e-10, 2.43479153506e-10, 1.17772414043e-09],
        "dvar2": [2.33981290876e-06, 6.13386364421e-05, 4.86178123538e-06, 5.32754893356e-06, 3.22201373137e-07, 7.45671684399e-08, 2.88615940036e-08, 4.00291604308e-08, 8.60852580331e-08, 1.37783771947e-07, 3.08939398508e-08, 2.95443793874e-08, 7.07611746975e-08, 4.00693238589e-08, 4.08763618509e-08, 2.76788423292e-08, 2.13645066083e-08, 3.06842729003e-08, 7.26175585442e-07, 2.26491167155e-07, 1.12381442818e-07, 2.68921063196e-09, 1.44992295947e-09, 2.99502617152e-10, 3.25106636057e-10, 5.72043357128e-10, 2.94800495126e-09],
        "max": [0.00995523668826, 0.0714065879583, 0.0192590747029, 0.0236192084849, 0.00837201904505, 0.00250833434984, 0.00140023278072, 0.00151181756519, 0.00418724771589, 0.00447692163289, 0.0012171426788, 0.00129678938538, 0.00217393692583, 0.00217857421376, 0.00192155444529, 0.00143745390233, 0.0013372177491, 0.00151756615378, 0.0066994400695, 0.00395308621228, 0.00257211178541, 0.000510559126269, 0.000335032324074, 0.000315774057526, 0.000313579599606, 0.00035940419184, 0.000519710651133],
        "mean": [0.00116739654914, 0.00686255842447, 0.00132040039171, 0.000500579131767, 0.000484848278575, 0.000311281037284, 0.000222983362619, 0.00013428843522, 0.000138496776344, 0.000160241645062, 0.000166805853951, 0.000265582639258, 0.00049051863607, 0.00043488087249, 0.000463783071609, 0.000525492941961, 0.000491765793413, 0.000688322470523, 0.00430227490142, 0.00250289379619, 0.00148337217979, 0.000158709706739, 8.82593012648e-05, 3.63337057934e-05, 3.55784031854e-05, 5.91751631873e-05, 0.000366502004908],
        "median": [0.000852584198583, 0.00566928461194, 0.000941873295233, 0.000327996356646, 0.000363627274055, 0.000263932422968, 0.000199435715331, 0.000107828149339, 9.46474974626e-05, 0.000127841514768, 0.000145474128658, 0.000252986559644, 0.000459679402411, 0.000422217242885, 0.000444651406724, 0.000510897254571, 0.000488613499328, 0.000687226012815, 0.00433228863403, 0.00251366989687, 0.0014756656019, 0.00014933811326, 7.90133854025e-05, 3.03865199385e-05, 2.8312093491e-05, 5.42872730875e-05, 0.000366399501218],
        "min": [3.69575604964e-06, 1.28204992507e-05, 3.31245388452e-07, 7.68058271206e-07, 3.06195806843e-06, 1.54577350031e-07, 1.51708400153e-06, 3.04013360619e-06, 2.71870180768e-06, 7.72882685851e-07, 1.23103018268e-06, 1.77467040885e-06, 3.07539698952e-06, 1.55387920131e-06, 1.24061216411e-06, 1.76275887043e-06, 4.13298084823e-06, 6.74999364492e-06, 2.14934862015e-05, 2.89657800749e-05, 1.06812894956e-05, 1.09427901407e-06, 9.30146256906e-07, 6.0390402723e-07, 7.15113969818e-07, 9.55477617026e-07, 7.59034583098e-06],
        "var": [1.71512624547e-06, 3.86801511922e-05, 1.96894143301e-06, 1.18438867958e-06, 3.77838432541e-07, 4.68013929833e-08, 1.68447193971e-08, 1.43456722057e-08, 5.34213526748e-08, 4.12696756769e-08, 1.07836140018e-08, 1.12717692957e-08, 4.33517755027e-08, 2.0679115309e-08, 2.22935305771e-08, 1.39897871065e-08, 1.13654081701e-08, 2.03909991114e-08, 7.01837336692e-07, 1.61418142852e-07, 6.94718380601e-08, 2.22480123213e-09, 1.21393095576e-09, 5.19477183492e-10, 6.48498810207e-10, 5.98310678779e-10, 1.67380209692e-09]
    },
    "erbbands": {
        "dmean": [0.236726641655, 0.619919061661, 1.06968927383, 1.31682026386, 0.911491632462, 0.886660993099, 2.05651783943, 1.00934863091, 1.1201031208, 2.6038851738, 1.33546662331, 1.94242608547, 1.83716952801, 3.55458045006, 3.72146630287, 2.55062556267, 7.43804740906, 4.33627176285, 6.45720911026, 6.43500185013, 5.21433973312, 5.11861419678, 4.37537527084, 25.137096405, 25.5338878632, 17.4740962982, 15.8304166794, 3.46610116959, 1.35655140877, 1.02241778374, 0.536507189274, 0.207274273038, 0.157861277461, 0.0904274359345, 0.0606962516904, 0.0372597798705, 0.0244415216148, 0.0137589704245, 0.00622690888122, 0.00100313359872],
        "dmean2": [0.428375303745, 1.09839808941, 1.78654110432, 2.33062028885, 1.61304366589, 1.48491358757, 3.16169548035, 1.7170715332, 1.88521647453, 4.44911527634, 2.33083081245, 3.25867199898, 3.2333612442, 6.10341119766, 6.43000650406, 4.42076730728, 11.5205745697, 6.97033596039, 10.9846248627, 10.8117208481, 8.90391159058, 8.70965003967, 7.50140857697, 42.3526916504, 43.0181808472, 29.6118526459, 27.3700733185, 5.93273544312, 2.35592317581, 1.7447245121, 0.902759611607, 0.341957777739, 0.260957658291, 0.151114419103, 0.0995816364884, 0.0608153045177, 0.0411528348923, 0.0232439991087, 0.0106904683635, 0.00173982500564],
        "dvar": [0.0672545731068, 0.442994266748, 1.74829757214, 12.7302627563, 5.11934661865, 2.12982201576, 5.16624069214, 1.26747429371, 1.68950891495, 6.11803913116, 5.4142127037, 16.0262393951, 35.2383651733, 80.0119171143, 14.9616699219, 7.61279821396, 54.6272315979, 22.0841083527, 47.9060554504, 45.0367927551, 22.6511573792, 22.8758811951, 15.3340530396, 422.171875, 427.738586426, 195.860687256, 170.763137817, 8.58154964447, 1.67627692223, 1.20085477829, 0.301197946072, 0.0717868879437, 0.0484858565032, 0.0299984365702, 0.0103326700628, 0.00661382265389, 0.00161026080605, 0.000109722022898, 2.41303805524e-05, 6.05351146987e-07],
        "dvar2": [0.181839615107, 1.26644670963, 4.71070432663, 38.1284980774, 13.6928777695, 4.61752986908, 13.9224767685, 3.44760704041, 4.38500642776, 18.0588169098, 15.8873090744, 41.176902771, 100.77583313, 232.316360474, 43.9818954468, 22.887638092, 147.326141357, 59.4757957458, 132.208999634, 129.67918396, 61.9110336304, 61.9767951965, 41.2852363586, 1073.13928223, 1216.76269531, 541.795776367, 454.907104492, 23.2986812592, 4.53626441956, 3.21347737312, 0.773589551449, 0.165319412947, 0.105006381869, 0.0622389949858, 0.0250339265913, 0.0171607360244, 0.00377503666095, 0.00029877765337, 6.50477741146e-05, 1.60231547852e-06],
        "max": [3.75873017311, 10.542350769, 21.1954612732, 71.8915100098, 43.9065093994, 34.3100357056, 43.7487030029, 23.0845909119, 16.5887088776, 26.1626396179, 35.4700469971, 85.0000534058, 145.677566528, 186.141723633, 46.7299003601, 34.503036499, 102.544700623, 100.035064697, 118.13458252, 100.095085144, 80.1098556519, 75.1219406128, 80.3527755737, 281.632171631, 273.437774658, 211.904052734, 171.768310547, 47.1024932861, 17.7296142578, 15.1395025253, 7.57205867767, 6.64804363251, 5.55740356445, 4.36637210846, 2.18563222885, 2.14747643471, 1.16032898426, 0.151327565312, 0.0638872757554, 0.0102290902287],
        "mean": [0.344626903534, 0.957877218723, 1.58022999763, 1.69670689106, 1.22817718983, 1.47283864021, 3.60865688324, 1.74543070793, 2.02495241165, 4.9716501236, 2.39995527267, 3.28074193001, 3.48406291008, 6.59308338165, 10.9977035522, 8.20242404938, 23.2915706635, 18.2186641693, 25.9713020325, 28.9876861572, 28.6568012238, 29.0647239685, 31.5311012268, 184.38343811, 159.474853516, 126.717689514, 99.8283538818, 21.7618865967, 6.43063163757, 4.04752588272, 2.27478837967, 0.87384557724, 0.615918576717, 0.375262618065, 0.274081915617, 0.172038182616, 0.116921126842, 0.0823067426682, 0.0411892384291, 0.00705397175625],
        "median": [0.274644851685, 0.765182733536, 1.18781960011, 1.19277501106, 0.794859290123, 1.02002429962, 3.09135127068, 1.39518487453, 1.67013061047, 4.36755752563, 1.85631549358, 2.21801757812, 2.5005979538, 5.39715433121, 10.4379968643, 7.78624391556, 21.9302062988, 17.4444332123, 24.8446826935, 27.8411445618, 28.2745666504, 28.7996425629, 31.7597846985, 187.899475098, 159.779190063, 128.261947632, 99.1777114868, 21.3944339752, 6.09245109558, 3.69061779976, 2.06188058853, 0.756951153278, 0.511605203152, 0.303883135319, 0.21363478899, 0.141734287143, 0.109217971563, 0.0814797133207, 0.0409434624016, 0.0070379129611],
        "min": [0.00067025894532, 0.00182561483234, 0.00101307104342, 0.00137958186679, 0.00567940762267, 0.0123583860695, 0.00573465740308, 0.0015510530211, 0.00776316644624, 0.0571643486619, 0.0630985945463, 0.0662110969424, 0.0191377364099, 0.0506951361895, 0.0683360472322, 0.0560499280691, 0.1548627913, 0.0748794153333, 0.0825108513236, 0.074898801744, 0.139357700944, 0.205947756767, 0.395781129599, 0.963393449783, 1.02864193916, 1.42566621304, 0.809290707111, 0.150382861495, 0.0426925718784, 0.047327324748, 0.0178998596966, 0.0136620337144, 0.00887927506119, 0.00637486251071, 0.00617153150961, 0.00174379721284, 0.00165902485605, 0.00169339193963, 0.000988469342701, 0.000149246261572],
        "var": [0.111728899181, 0.752724647522, 2.34406471252, 8.49797725677, 4.8071808815, 5.26944494247, 7.59254693985, 2.55293822289, 2.48593473434, 8.82387828827, 6.40424060822, 23.8651599884, 37.3764381409, 58.6129302979, 19.289484024, 9.24316310883, 89.5595779419, 39.5535774231, 65.1082992554, 59.8518981934, 35.7907333374, 34.0003738403, 30.7413311005, 1255.41357422, 877.978759766, 440.020507812, 275.389801025, 16.272693634, 3.43392133713, 2.17711544037, 0.738883733749, 0.215825021267, 0.15850917995, 0.0807950720191, 0.0391429848969, 0.0135699529201, 0.00289748609066, 0.0001896591275, 3.3686261304e-05, 8.32404168705e-07]
    },
    "gfcc": {
        "mean": [56.6507720947, 21.8586406708, -112.232002258, 45.762676239, -7.79887914658, -12.7568435669, 1.52342116833, 0.473798364401, -19.3136959076, 10.6475982666, 0.12263482064, -3.72878861427, -6.41446113586],
        "cov": [[150.257781982, 38.8418312073, 19.5988922119, -1.05943238735, -17.698841095, 13.7887945175, -7.81248188019, 14.9147405624, 3.31554603577, 3.03150248528, -5.65174722672, 0.429035127163, 2.45301938057], [38.8418312073, 76.3450546265, 37.2368545532, 23.7039909363, 17.7356090546, -1.68720722198, 12.9787807465, -3.34257674217, 7.87241888046, -1.11656284332, -2.39319586754, -2.291888237, -0.646528840065], [19.5988922119, 37.2368545532, 46.9320030212, 30.0234928131, 19.1053199768, 9.75583267212, 2.9789454937, 4.40737342834, 2.91369628906, 3.30120825768, -1.08740568161, -2.60257792473, -1.61590886116], [-1.05943238735, 23.7039909363, 30.0234928131, 41.6334609985, 35.4563217163, 11.0578594208, 8.81703948975, -4.78393697739, 2.94851231575, 3.00610351562, 4.86664009094, 0.330014705658, -2.29058527946], [-17.698841095, 17.7356090546, 19.1053199768, 35.4563217163, 46.4536209106, 13.4280071259, 18.2302341461, -3.34271264076, 3.50416588783, 3.97419428825, 6.13792133331, 1.95492649078, -1.55319702625], [13.7887945175, -1.68720722198, 9.75583267212, 11.0578594208, 13.4280071259, 34.2726554871, 16.7045173645, 16.7676124573, 10.249250412, 4.7827539444, 0.930429577827, -0.642403960228, -1.27925384045], [-7.81248188019, 12.9787807465, 2.9789454937, 8.81703948975, 18.2302341461, 16.7045173645, 31.9634571075, 15.705534935, 16.5824127197, 5.31971168518, 2.47455239296, 1.32578110695, 0.562289655209], [14.9147405624, -3.34257674217, 4.40737342834, -4.78393697739, -3.34271264076, 16.7676124573, 15.705534935, 34.6569480896, 16.53515625, 11.841796875, 3.943805933, 2.44585418701, 4.50456428528], [3.31554603577, 7.87241888046, 2.91369628906, 2.94851231575, 3.50416588783, 10.249250412, 16.5824127197, 16.53515625, 26.0772533417, 15.1689033508, 8.399518013, 3.57641005516, 0.934090256691], [3.03150248528, -1.11656284332, 3.30120825768, 3.00610351562, 3.97419428825, 4.7827539444, 5.31971168518, 11.841796875, 15.1689033508, 20.9834632874, 14.6320867538, 10.104221344, 4.80979537964], [-5.65174722672, -2.39319586754, -1.08740568161, 4.86664009094, 6.13792133331, 0.930429577827, 2.47455239296, 3.943805933, 8.399518013, 14.6320867538, 21.1499519348, 15.4121837616, 10.2870903015], [0.429035127163, -2.291888237, -2.60257792473, 0.330014705658, 1.95492649078, -0.642403960228, 1.32578110695, 2.44585418701, 3.57641005516, 10.104221344, 15.4121837616, 20.3108444214, 14.9225311279], [2.45301938057, -0.646528840065, -1.61590886116, -2.29058527946, -1.55319702625, -1.27925384045, 0.562289655209, 4.50456428528, 0.934090256691, 4.80979537964, 10.2870903015, 14.9225311279, 20.4567070007]],
        "icov": [[0.0147164324299, -0.0181533843279, 0.0139142004773, -0.0101427789778, 0.0103472545743, -0.0157051514834, 0.0179101414979, -0.0116448942572, 0.00703157577664, -0.0101576335728, 0.0121450936422, -0.00805163290352, 0.00133358815219], [-0.0181533843279, 0.0577532835305, -0.0550967901945, 0.0212025996298, -0.0105019891635, 0.0346035324037, -0.046815469861, 0.031547550112, -0.0243888758123, 0.0259951185435, -0.0174435023218, 0.00937791448087, -0.00533680524677], [0.0139142004773, -0.0550967901945, 0.109331727028, -0.0781212225556, 0.0213198866695, -0.0293879825622, 0.0530693046749, -0.046746570617, 0.0270538888872, -0.0405496135354, 0.0420997180045, -0.0061885160394, -0.00326276617125], [-0.0101427789778, 0.0212025996298, -0.0781212225556, 0.154437959194, -0.0936830639839, 0.0030205338262, 0.00548000447452, 0.0321416221559, -0.0386431738734, 0.0423656702042, -0.0426591746509, 0.00899029988796, 0.0055533000268], [0.0103472545743, -0.0105019891635, 0.0213198866695, -0.0936830639839, 0.119164712727, -0.0159011762589, -0.0556400045753, 0.0132428705692, 0.052961602807, -0.0460826717317, 0.00109243637417, 0.0056728599593, 1.72583004314e-05], [-0.0157051514834, 0.0346035324037, -0.0293879825622, 0.0030205338262, -0.0159011762589, 0.0743094757199, -0.0380274876952, -0.00643639126793, -0.0150862373412, 0.0229843407869, -0.00948689412326, 0.00188253447413, 0.00557805458084], [0.0179101414979, -0.046815469861, 0.0530693046749, 0.00548000447452, -0.0556400045753, -0.0380274876952, 0.151807799935, -0.0609211288393, -0.055425144732, 0.0324853025377, 0.0335410609841, -0.0342280566692, 0.00681225769222], [-0.0116448942572, 0.031547550112, -0.046746570617, 0.0321416221559, 0.0132428705692, -0.00643639126793, -0.0609211288393, 0.0974552258849, -0.0132666304708, -0.0273485593498, -0.00909583177418, 0.031835436821, -0.0284952502698], [0.00703157577664, -0.0243888758123, 0.0270538888872, -0.0386431738734, 0.052961602807, -0.0150862373412, -0.055425144732, -0.0132666304708, 0.145470499992, -0.101120434701, -0.00571612315252, 0.0267870482057, 0.00418582605198], [-0.0101576335728, 0.0259951185435, -0.0405496135354, 0.0423656702042, -0.0460826717317, 0.0229843407869, 0.0324853025377, -0.0273485593498, -0.101120434701, 0.209166422486, -0.0903355330229, -0.0422866940498, 0.0383599326015], [0.0121450936422, -0.0174435023218, 0.0420997180045, -0.0426591746509, 0.00109243637417, -0.00948689412326, 0.0335410609841, -0.00909583177418, -0.00571612315252, -0.0903355330229, 0.195185661316, -0.0891291424632, -0.0145236896351], [-0.00805163290352, 0.00937791448087, -0.0061885160394, 0.00899029988796, 0.0056728599593, 0.00188253447413, -0.0342280566692, 0.031835436821, 0.0267870482057, -0.0422866940498, -0.0891291424632, 0.204293683171, -0.0992272570729], [0.00133358815219, -0.00533680524677, -0.00326276617125, 0.0055533000268, 1.72583004314e-05, 0.00557805458084, 0.00681225769222, -0.0284952502698, 0.00418582605198, 0.0383599326015, -0.0145236896351, -0.0992272570729, 0.125833153725]]
    },
    "melbands": {
        "dmean": [0.00157290988136, 0.00054036884103, 0.000204329771805, 5.77423088544e-05, 6.24370877631e-05, 2.32735619647e-05, 1.75594941538e-05, 2.63650035777e-05, 1.08511821963e-05, 1.26520217236e-05, 9.32350212679e-06, 1.46986449181e-05, 1.2136625628e-05, 1.14370750453e-05, 6.93686752129e-06, 2.06273416552e-05, 7.88423039921e-06, 1.19295373224e-05, 8.38853338792e-06, 7.27045653548e-06, 7.72696330387e-06, 5.77021364734e-06, 3.81465179089e-06, 6.89550006427e-06, 2.37617969105e-05, 3.09227616526e-05, 1.39032408697e-05, 1.19304440886e-05, 1.19802652989e-05, 6.26596010989e-06, 1.68724579908e-06, 9.97818801807e-07, 6.38728636204e-07, 6.21773097009e-07, 4.06117720786e-07, 2.08546765634e-07, 1.25527279238e-07, 1.26702502712e-07, 1.07363554491e-07, 8.21380510274e-08],
        "dmean2": [0.00282744294964, 0.000907508947421, 0.000361942511518, 9.73153219093e-05, 9.75858274614e-05, 3.92970687244e-05, 2.95771915262e-05, 4.53088396171e-05, 1.88129051821e-05, 2.14102401515e-05, 1.64444736583e-05, 2.52661993727e-05, 2.13800103666e-05, 1.96246292035e-05, 1.19940395962e-05, 3.1639548979e-05, 1.32886552819e-05, 2.02596493182e-05, 1.424203856e-05, 1.24168082039e-05, 1.32021386889e-05, 9.86839040706e-06, 6.5526983235e-06, 1.17445451906e-05, 4.04049242206e-05, 5.10872669111e-05, 2.37443182414e-05, 2.0429624783e-05, 2.05189335247e-05, 1.05702747533e-05, 2.91108653983e-06, 1.73717489815e-06, 1.08430663204e-06, 1.05990886823e-06, 6.91682146226e-07, 3.53252204377e-07, 2.10606344808e-07, 2.11140786632e-07, 1.80147807782e-07, 1.3603721527e-07],
        "dvar": [2.97977544506e-06, 3.65584327255e-07, 2.94473352369e-07, 9.45879552461e-09, 5.83657167041e-09, 6.05404115728e-10, 3.882748012e-10, 7.0339284397e-10, 3.82995329895e-10, 7.20287940403e-10, 8.96547225349e-10, 1.43243217288e-09, 1.78072792623e-10, 1.39603217875e-10, 7.76663802715e-11, 3.54590357077e-10, 9.09763653301e-11, 1.59396412736e-10, 8.84813819435e-11, 6.29499161131e-11, 4.7342393894e-11, 2.95236439463e-11, 1.26347196594e-11, 3.39394345961e-11, 3.75808550945e-10, 6.31529606387e-10, 1.23939192243e-10, 9.02303579076e-11, 9.52087714223e-11, 2.65879384481e-11, 2.18059403e-12, 8.47530325001e-13, 3.85851561206e-13, 4.8136397212e-13, 1.60789621634e-13, 4.72980826055e-14, 3.14776450619e-14, 2.80877023164e-14, 3.30719948497e-14, 2.05342402695e-14],
        "dvar2": [8.23921982374e-06, 1.01713339973e-06, 8.55540861266e-07, 2.24904663781e-08, 1.5601809622e-08, 1.63508118156e-09, 9.93506721336e-10, 2.13508721814e-09, 1.11252751456e-09, 1.74755965254e-09, 2.58423260568e-09, 4.15861123315e-09, 5.17905718311e-10, 4.09276890156e-10, 2.20563262099e-10, 8.94874063739e-10, 2.55035215169e-10, 4.67153926653e-10, 2.32662611399e-10, 1.8083451403e-10, 1.30389796182e-10, 8.10189276779e-11, 3.69460052829e-11, 9.33952776228e-11, 9.59969326253e-10, 1.78363346315e-09, 3.2699482011e-10, 2.53578852361e-10, 2.77304068597e-10, 7.55472490122e-11, 6.27070877862e-12, 2.3172811326e-12, 1.05688678295e-12, 1.37824853527e-12, 4.30674972681e-13, 1.25849946241e-13, 6.8807867661e-14, 6.10153271766e-14, 8.10400872927e-14, 4.18749711013e-14],
        "max": [0.0252757184207, 0.00917262304574, 0.0103358617052, 0.00178446387872, 0.0015438668197, 0.00049580069026, 0.000265584647423, 0.000286683265585, 0.000307341106236, 0.000555481004994, 0.000733263092116, 0.000781806069426, 0.000134256872116, 0.000151922169607, 0.000118722338811, 0.000221167283598, 0.000184310527402, 0.000203858158784, 0.000132092551212, 0.000117555115139, 0.000109640095616, 8.18858825369e-05, 5.59355066798e-05, 8.69025170687e-05, 0.000264040951151, 0.000310253002681, 0.00014622460003, 0.000129990454298, 0.000117498224427, 6.62910970277e-05, 2.01026596187e-05, 1.22229321278e-05, 7.48483716961e-06, 9.37652202992e-06, 4.89866852149e-06, 3.28519831783e-06, 4.45459727416e-06, 4.53353095509e-06, 3.53236805495e-06, 3.76993534701e-06],
        "mean": [0.00239887065254, 0.000939414312597, 0.000280492007732, 8.69406940183e-05, 0.000113210648124, 4.28405655839e-05, 3.39987709594e-05, 4.97748987982e-05, 1.78556892934e-05, 2.09050940612e-05, 1.65515593835e-05, 2.53424823313e-05, 3.25418077409e-05, 3.33629432134e-05, 1.87136920431e-05, 6.21375002083e-05, 2.84610014205e-05, 4.47209713457e-05, 3.60192461812e-05, 3.00250067085e-05, 3.76550160581e-05, 3.03593442368e-05, 1.91324561456e-05, 4.03224912588e-05, 0.000164427474374, 0.000161462041433, 9.06243585632e-05, 7.5180978456e-05, 6.72848182148e-05, 3.2860218198e-05, 7.2216762419e-06, 3.63989852303e-06, 2.40291842601e-06, 2.11842734643e-06, 1.47681532781e-06, 7.41359713174e-07, 4.37192198888e-07, 4.3656208959e-07, 3.66039699884e-07, 2.9685992331e-07],
        "median": [0.00195077981334, 0.000776417029556, 0.000195201486349, 5.82132597629e-05, 9.62619815255e-05, 3.46565684595e-05, 2.86188660539e-05, 4.31779662904e-05, 1.31922697619e-05, 1.41799209814e-05, 1.1652296962e-05, 2.02956161957e-05, 3.04431086988e-05, 3.22195155604e-05, 1.66348600033e-05, 5.90794879827e-05, 2.70005202765e-05, 4.30547552241e-05, 3.43990031979e-05, 2.86354861601e-05, 3.73440489057e-05, 3.0015466109e-05, 1.86794168258e-05, 4.07254774473e-05, 0.000167161371792, 0.000161082847626, 9.13498952286e-05, 7.55665896577e-05, 6.67394997436e-05, 3.22192208841e-05, 6.96274128131e-06, 3.39239272762e-06, 2.22776384362e-06, 1.92501443053e-06, 1.34762353809e-06, 6.58129408748e-07, 3.64451096857e-07, 3.67148516034e-07, 3.07953058609e-07, 2.431175119e-07],
        "min": [5.55872793484e-06, 1.15592411021e-06, 3.43142744441e-07, 6.7959581429e-07, 2.96954738133e-07, 2.68731810138e-08, 1.68852324123e-07, 6.61357603349e-07, 5.20397861692e-07, 3.91121460552e-07, 7.89942760093e-08, 1.95338415665e-07, 1.88230586673e-07, 2.17183355744e-07, 1.64441885886e-07, 3.61111119673e-07, 1.11902274114e-07, 1.38323557053e-07, 1.03295150211e-07, 9.93885151956e-08, 1.93164979123e-07, 2.22536911565e-07, 2.34701417412e-07, 3.99150763997e-07, 8.62266574586e-07, 6.80567779909e-07, 9.75395437308e-07, 8.87461055754e-07, 5.52464200609e-07, 2.74544731838e-07, 3.25956790448e-08, 1.93575697693e-08, 2.51969591858e-08, 2.7834095917e-08, 1.08043440861e-08, 6.96848134751e-09, 9.12341135972e-09, 4.9569996996e-09, 7.8727939723e-09, 4.05649158708e-09],
        "var": [5.0218504839e-06, 6.18859473889e-07, 2.11972960074e-07, 1.92886986383e-08, 9.33431998362e-09, 1.2332892485e-09, 5.82719927866e-10, 9.73385705372e-10, 4.70927796759e-10, 1.08770403795e-09, 9.34349264625e-10, 1.03400543683e-09, 2.14187195757e-10, 1.73513481361e-10, 1.00759268984e-10, 6.00074656631e-10, 1.4195561393e-10, 2.08859887718e-10, 1.22073559594e-10, 7.98222252185e-11, 7.25019558279e-11, 4.17867962454e-11, 1.79358698033e-11, 6.92726292995e-11, 1.07452280407e-09, 1.29204924537e-09, 2.65403865551e-10, 1.80594691979e-10, 1.52615226012e-10, 4.22036364189e-11, 3.98380850877e-12, 1.5503406935e-12, 6.84834621737e-13, 7.93916202311e-13, 3.41812651317e-13, 1.05809261906e-13, 8.8355185798e-14, 8.65984123603e-14, 7.12370700623e-14, 5.50205328075e-14]
    },
    "mfcc": {
        "mean": [-597.675170898, 72.9726715088, -35.4665641785, 63.7928161621, 4.11568069458, 13.8840875626, 24.6497421265, -0.975061833858, -1.08867621422, 13.0466022491, 2.29084253311, 2.59329390526, 8.56479358673],
        "cov": [[150.200469971, 22.8862247467, 23.2925739288, -19.275177002, -6.29184484482, -8.64367198944, -8.34160041809, 3.86681866646, 6.47136974335, 5.19810914993, 1.34189295769, -3.89852547646, -4.0063624382], [22.8862247467, 58.4596290588, 20.068687439, 22.2330284119, 2.66821575165, 5.89015102386, 0.94703400135, 3.46150922775, 5.16679430008, 4.92363548279, 2.2334151268, -2.79894590378, -2.73807811737], [23.2925739288, 20.068687439, 38.2816581726, 9.3719625473, 11.6001119614, 2.84907245636, 0.85840511322, 3.02443480492, 5.44473981857, 5.14818477631, 3.53216552734, 0.600640177727, -2.82029485703], [-19.275177002, 22.2330284119, 9.3719625473, 45.8785209656, 22.9200153351, 18.7307186127, 8.84888935089, -1.77910780907, -3.11769151688, -2.94022393227, 0.252373248339, 1.40159010887, 3.94697165489], [-6.29184484482, 2.66821575165, 11.6001119614, 22.9200153351, 28.7322921753, 17.4275074005, 11.6324367523, 0.992808878422, -1.02349984646, -0.828592896461, 0.932728409767, 3.16917848587, 2.94243335724], [-8.64367198944, 5.89015102386, 2.84907245636, 18.7307186127, 17.4275074005, 31.7694282532, 10.9537305832, 7.92919874191, 1.48110115528, 2.99879670143, 4.13584136963, 2.87588095665, 2.93537855148], [-8.34160041809, 0.94703400135, 0.85840511322, 8.84888935089, 11.6324367523, 10.9537305832, 20.2226371765, 10.5189733505, 7.40248680115, 2.75441288948, 1.79116177559, 1.8170582056, 2.05488038063], [3.86681866646, 3.46150922775, 3.02443480492, -1.77910780907, 0.992808878422, 7.92919874191, 10.5189733505, 19.6172580719, 13.7380027771, 10.8262586594, 5.77520227432, 2.27078676224, 1.58395588398], [6.47136974335, 5.16679430008, 5.44473981857, -3.11769151688, -1.02349984646, 1.48110115528, 7.40248680115, 13.7380027771, 20.7148895264, 14.0056791306, 9.54410743713, 3.06083250046, 0.73714864254], [5.19810914993, 4.92363548279, 5.14818477631, -2.94022393227, -0.828592896461, 2.99879670143, 2.75441288948, 10.8262586594, 14.0056791306, 19.9622974396, 12.3180685043, 7.06647396088, 1.78098678589], [1.34189295769, 2.2334151268, 3.53216552734, 0.252373248339, 0.932728409767, 4.13584136963, 1.79116177559, 5.77520227432, 9.54410743713, 12.3180685043, 16.9190864563, 9.72592067719, 5.62588214874], [-3.89852547646, -2.79894590378, 0.600640177727, 1.40159010887, 3.16917848587, 2.87588095665, 1.8170582056, 2.27078676224, 3.06083250046, 7.06647396088, 9.72592067719, 16.1191387177, 10.0382242203], [-4.0063624382, -2.73807811737, -2.82029485703, 3.94697165489, 2.94243335724, 2.93537855148, 2.05488038063, 1.58395588398, 0.73714864254, 1.78098678589, 5.62588214874, 10.0382242203, 16.7255306244]],
