{
"lowlevel": {
    "average_loudness": 0.989509999752,
    "barkbands_crest": {
        "dmean": 0.819677710533,
        "dmean2": 0.926804959774,
        "dvar": 0.572194695473,
        "dvar2": 0.912766039371,
        "max": 21.3065032959,
        "mean": 19.0806064606,
        "median": 19.2005634308,
        "min": 7.5534491539,
        "var": 1.4537088871
    },
    "barkbands_flatness_db": {
        "dmean": 0.0348733440042,
        "dmean2": 0.0585444383323,
        "dvar": 0.000752935535274,
        "dvar2": 0.0017572499346,
        "max": 0.538640141487,
        "mean": 0.4285145998,
        "median": 0.436262875795,
        "min": 0.159161180258,
        "var": 0.00275590852834
    },
    "barkbands_kurtosis": {
        "dmean": 36.5898857117,
        "dmean2": 63.6579704285,
        "dvar": 897.084411621,
        "dvar2": 2443.62768555,
        "max": 214.645019531,
        "mean": 97.3026275635,
        "median": 99.6543807983,
        "min": 12.401720047,
        "var": 2102.04956055
    },
    "barkbands_skewness": {
        "dmean": 1.96930980682,
        "dmean2": 3.45905518532,
        "dvar": 2.88123893738,
        "dvar2": 7.39519882202,
        "max": 11.0921049118,
        "mean": 5.65320730209,
        "median": 5.37367391586,
        "min": 1.37982070446,
        "var": 6.7766752243
    },
    "barkbands_spread": {
        "dmean": 0.226137980819,
        "dmean2": 0.359277069569,
        "dvar": 0.215074509382,
        "dvar2": 0.400646448135,
        "max": 8.42320632935,
        "mean": 0.727900743484,
        "median": 0.557249724865,
        "min": 0.347106635571,
        "var": 0.375632017851
    },
    "dissonance": {
        "dmean": 0.0154254222289,
        "dmean2": 0.0253191068769,
        "dvar": 0.000188101752428,
        "dvar2": 0.00042821659008,
        "max": 0.49886983633,
        "mean": 0.460238307714,
        "median": 0.463037014008,
        "min": 0.29187181592,
        "var": 0.000408367050113
    },
    "dynamic_complexity": 0.463660299778,
    "erbbands_crest": {
        "dmean": 2.15290307999,
        "dmean2": 2.29363179207,
        "dvar": 1.71501529217,
        "dvar2": 2.45223402977,
        "max": 24.9229412079,
        "mean": 17.8615264893,
        "median": 17.6769828796,
        "min": 6.4215631485,
        "var": 8.63568973541
    },
    "erbbands_flatness_db": {
        "dmean": 0.0298510212451,
        "dmean2": 0.0508004315197,
        "dvar": 0.000562320987228,
        "dvar2": 0.00136210862547,
        "max": 0.391863942146,
        "mean": 0.28954577446,
        "median": 0.295921891928,
        "min": 0.0923510938883,
        "var": 0.00190559122711
    },
    "erbbands_kurtosis": {
        "dmean": 19.2923469543,
        "dmean2": 33.6905479431,
        "dvar": 282.491119385,
        "dvar2": 779.888061523,
        "max": 86.1053466797,
        "mean": 36.4324264526,
        "median": 35.3374023438,
        "min": -1.79120898247,
        "var": 571.081481934
    },
    "erbbands_skewness": {
        "dmean": 1.22032690048,
        "dmean2": 2.09795570374,
        "dvar": 1.07845234871,
        "dvar2": 2.68221998215,
        "max": 7.74785900116,
        "mean": 5.04453086853,
        "median": 5.48468542099,
        "min": -0.147036314011,
        "var": 2.80163407326
    },
    "erbbands_spread": {
        "dmean": 9.55708885193,
        "dmean2": 16.091053009,
        "dvar": 124.08782959,
        "dvar2": 295.752105713,
        "max": 101.553565979,
        "mean": 16.0730743408,
        "median": 9.09299278259,
        "min": 1.6854968071,
        "var": 307.129730225
    },
    "hfc": {
        "dmean": 3.56652498245,
        "dmean2": 3.63155245781,
        "dvar": 4.29788398743,
        "dvar2": 5.15571641922,
        "max": 30.8558635712,
        "mean": 18.806646347,
        "median": 18.5065727234,
        "min": 1.89378893375,
        "var": 20.7345371246
    },
    "melbands_crest": {
        "dmean": 1.42148959637,
        "dmean2": 1.46710789204,
        "dvar": 0.938893258572,
        "dvar2": 1.25153803825,
        "max": 32.1918067932,
        "mean": 28.3134937286,
        "median": 28.2976894379,
        "min": 13.7702741623,
        "var": 3.56011557579
    },
    "melbands_flatness_db": {
        "dmean": 0.0420072115958,
        "dmean2": 0.0709106996655,
        "dvar": 0.00108001194894,
        "dvar2": 0.00259072054178,
        "max": 0.6946362257,
        "mean": 0.560439884663,
        "median": 0.569632351398,
        "min": 0.281510919333,
        "var": 0.00362358940765
    },
    "melbands_kurtosis": {
        "dmean": 85.8669815063,
        "dmean2": 148.594360352,
        "dvar": 5881.93261719,
        "dvar2": 14308.2714844,
        "max": 552.535095215,
        "mean": 177.89503479,
        "median": 155.439758301,
        "min": 13.1818370819,
        "var": 13397.65625
    },
    "melbands_skewness": {
        "dmean": 2.69117426872,
        "dmean2": 4.69063806534,
        "dvar": 6.13315629959,
        "dvar2": 14.4975757599,
        "max": 17.0841464996,
        "mean": 6.48407745361,
        "median": 5.34886932373,
        "min": 1.38378977776,
        "var": 15.1775932312
    },
    "melbands_spread": {
        "dmean": 0.109834499657,
        "dmean2": 0.16655112803,
        "dvar": 0.0508685745299,
        "dvar2": 0.0907369330525,
        "max": 4.23264360428,
        "mean": 0.501679182053,
        "median": 0.435425460339,
        "min": 0.281731843948,
        "var": 0.0874022468925
    },
    "pitch_salience": {
        "dmean": 0.0174016226083,
        "dmean2": 0.0213999338448,
        "dvar": 0.000365895597497,
        "dvar2": 0.000446810736321,
        "max": 0.756801784039,
        "mean": 0.316069960594,
        "median": 0.312484174967,
        "min": 0.207578077912,
        "var": 0.0020539695397
    },
    "silence_rate_20dB": {
        "dmean": 0,
        "dmean2": 0,
        "dvar": 0,
        "dvar2": 0,
        "max": 1,
        "mean": 1,
        "median": 1,
        "min": 1,
        "var": 0
    },
    "silence_rate_30dB": {
        "dmean": 0.017283950001,
        "dmean2": 0.032138440758,
        "dvar": 0.016985187307,
        "dvar2": 0.0311055760831,
        "max": 1,
        "mean": 0.0320591852069,
        "median": 0,
        "min": 0,
        "var": 0.031031427905
    },
    "silence_rate_60dB": {
        "dmean": 0,
        "dmean2": 0,
        "dvar": 0,
        "dvar2": 0,
        "max": 0,
        "mean": 0,
        "median": 0,
        "min": 0,
        "var": 0
    },
    "spectral_centroid": {
        "dmean": 34.7325439453,
        "dmean2": 56.5211143494,
        "dvar": 3282.78344727,
        "dvar2": 7012.61132812,
        "max": 1074.87475586,
        "mean": 176.918991089,
        "median": 151.610443115,
        "min": 124.234382629,
        "var": 6679.24609375
    },
    "spectral_complexity": {
        "dmean": 1.0691357851,
        "dmean2": 1.69221258163,
        "dvar": 1.01250624657,
        "dvar2": 2.34902143478,
        "max": 13,
        "mean": 3.63131928444,
        "median": 4,
        "min": 1,
        "var": 1.85297811031
    },
    "spectral_decrease": {
        "dmean": 6.71331568114e-09,
        "dmean2": 6.77314426767e-09,
        "dvar": 1.57969907584e-17,
        "dvar2": 1.78451478577e-17,
        "max": -2.08047934436e-09,
        "mean": -4.08516456218e-08,
        "median": -4.02623712148e-08,
        "min": -6.41696971115e-08,
        "var": 8.74773673324e-17
    },
    "spectral_energy": {
        "dmean": 0.0256575029343,
        "dmean2": 0.0258847512305,
        "dvar": 0.000230504956562,
        "dvar2": 0.000260421191342,
        "max": 0.244989961386,
        "mean": 0.155888974667,
        "median": 0.153554558754,
        "min": 0.00802399218082,
        "var": 0.00127471319865
    },
    "spectral_energyband_high": {
        "dmean": 3.21321058436e-05,
        "dmean2": 5.38840649824e-05,
        "dvar": 2.23363039176e-09,
        "dvar2": 4.98758589984e-09,
        "max": 0.000542420428246,
        "mean": 4.20702672272e-05,
        "median": 2.10553844227e-05,
        "min": 1.16127398542e-06,
        "var": 4.03179178932e-09
    },
    "spectral_energyband_low": {
        "dmean": 0.022475996986,
        "dmean2": 0.0227475296706,
        "dvar": 0.000182460469659,
        "dvar2": 0.000209433404962,
        "max": 0.226444959641,
        "mean": 0.143098786473,
        "median": 0.140930250287,
        "min": 0.00490175513551,
        "var": 0.00103921361733
    },
    "spectral_energyband_middle_high": {
        "dmean": 0.000102389072708,
        "dmean2": 0.000171624182258,
        "dvar": 2.18165414623e-08,
        "dvar2": 4.84730762196e-08,
        "max": 0.00168135610875,
        "mean": 0.000142177334055,
        "median": 7.02326069586e-05,
        "min": 1.00028846646e-05,
        "var": 4.09548839286e-08
    },
    "spectral_energyband_middle_low": {
        "dmean": 0.00747516518459,
        "dmean2": 0.00778408255428,
        "dvar": 1.92044935829e-05,
        "dvar2": 2.42887908826e-05,
        "max": 0.0605489462614,
        "mean": 0.0205120388418,
        "median": 0.0191262699664,
        "min": 0.00395756587386,
        "var": 8.52485900396e-05
    },
    "spectral_entropy": {
        "dmean": 0.462091654539,
        "dmean2": 0.787841141224,
        "dvar": 0.130974292755,
        "dvar2": 0.339794486761,
        "max": 7.82903671265,
        "mean": 5.55175018311,
        "median": 5.45284986496,
        "min": 4.3300485611,
        "var": 0.39062538743
    },
    "spectral_flux": {
        "dmean": 0.0241516120732,
        "dmean2": 0.0412869304419,
        "dvar": 0.00035588486935,
        "dvar2": 0.000822794099804,
        "max": 0.357518970966,
        "mean": 0.063562810421,
        "median": 0.0623916275799,
        "min": 0.0144693013281,
        "var": 0.000542470486835
    },
    "spectral_kurtosis": {
        "dmean": 9.13232326508,
        "dmean2": 16.4324054718,
        "dvar": 83.7735900879,
        "dvar2": 250.927978516,
        "max": 90.0073852539,
        "mean": 13.4776000977,
        "median": 10.7667398453,
        "min": 0.121028423309,
        "var": 115.318611145
    },
    "spectral_rms": {
        "dmean": 0.00103302136995,
        "dmean2": 0.00103721895721,
        "dvar": 4.51869283324e-07,
        "dvar2": 4.87855402298e-07,
        "max": 0.015460097231,
        "mean": 0.0122395604849,
        "median": 0.012239661999,
        "min": 0.00279790721834,
        "var": 2.27994519264e-06
    },
    "spectral_rolloff": {
        "dmean": 6.83213996887,
        "dmean2": 12.8560409546,
        "dvar": 106.164825439,
        "dvar2": 174.602172852,
        "max": 215.33203125,
        "mean": 135.838256836,
        "median": 129.19921875,
        "min": 107.666015625,
        "var": 134.321136475
    },
    "spectral_skewness": {
        "dmean": 0.93761318922,
        "dmean2": 1.65228629112,
        "dvar": 0.630849778652,
        "dvar2": 1.82334220409,
        "max": 7.63935613632,
        "mean": 2.63132548332,
        "median": 2.51523423195,
        "min": 0.35380011797,
        "var": 1.2465903759
    },
    "spectral_spread": {
        "dmean": 544199.375,
        "dmean2": 912406.125,
        "dvar": 474593230848,
        "dvar2": 612257366016,
        "max": 24963788,
        "mean": 2857557.5,
        "median": 2846060,
        "min": 1219014.125,
        "var": 1.15048710144e+12
    },
    "spectral_strongpeak": {
        "dmean": 0.25690805912,
        "dmean2": 0.471614688635,
        "dvar": 0.0780080854893,
        "dvar2": 0.149742782116,
        "max": 3.23521590233,
        "mean": 1.42688024044,
        "median": 1.3133379221,
        "min": 0.0610243082047,
        "var": 0.0930135771632
    },
    "zerocrossingrate": {
        "dmean": 0.000447289727163,
        "dmean2": 0.000707977626007,
        "dvar": 6.5588386633e-07,
        "dvar2": 1.03095169379e-06,
        "max": 0.015625,
        "mean": 0.00535845011473,
        "median": 0.0048828125,
        "min": 0.001953125,
        "var": 1.26954137158e-06
    },
    "barkbands": {
        "dmean": [5.27920929017e-05, 0.00245552300476, 0.0188176464289, 0.00670460704714, 0.00165141536854, 0.000116852199426, 2.20320889639e-05, 1.74135675479e-05, 9.2336704256e-06, 8.75215937413e-06, 8.06623029348e-06, 5.44337626707e-06, 5.91610842093e-06, 6.14362033957e-06, 8.6165691755e-06, 4.33041486758e-06, 4.39590712631e-06, 8.69090581546e-06, 4.09953863709e-05, 2.36457472056e-05, 1.51972881213e-05, 2.26536621994e-06, 8.15285943645e-07, 4.46831961654e-07, 1.0404980344e-07, 7.63783774005e-08, 4.18254906265e-08],
        "dmean2": [7.5384916272e-05, 0.00303910719231, 0.0189979206771, 0.00696481205523, 0.00168156414293, 0.000131469452754, 3.3663760405e-05, 3.00383144349e-05, 1.54403714987e-05, 1.5161121155e-05, 1.36019370984e-05, 9.00472241483e-06, 1.01788955362e-05, 1.02822805275e-05, 1.45340627569e-05, 7.09062578608e-06, 7.43520558899e-06, 1.45128879012e-05, 6.88069703756e-05, 3.96301038563e-05, 2.53285725194e-05, 3.82111011277e-06, 1.39070834848e-06, 6.6424314582e-07, 1.61569047918e-07, 1.18262171611e-07, 5.85410475651e-08],
        "dvar": [3.5794431863e-09, 4.08151481679e-06, 0.000122003126307, 1.45051717482e-05, 1.60997046805e-06, 9.23343534964e-09, 5.80072934131e-10, 5.23858179058e-10, 2.33192354315e-10, 1.97739408181e-10, 1.38168324004e-10, 7.57081342062e-11, 7.35548497111e-11, 9.31889426736e-11, 1.6183093754e-10, 4.2801928668e-11, 4.75706037062e-11, 1.54818352582e-10, 3.66255292761e-09, 1.28768185004e-09, 5.38250333193e-10, 1.21573931477e-11, 1.60029975382e-12, 1.09651242079e-12, 1.80433562514e-13, 1.19625961697e-13, 1.25532180137e-13],
        "dvar2": [5.96749893944e-09, 6.12048688708e-06, 0.000138305244036, 2.01906896109e-05, 1.90570438008e-06, 1.24360566289e-08, 1.21999321756e-09, 1.57541657497e-09, 5.56075852032e-10, 5.1636700471e-10, 3.26434435038e-10, 1.75139708292e-10, 1.95585520002e-10, 2.21875587347e-10, 3.83023140982e-10, 9.25428969567e-11, 1.09269378268e-10, 3.36930677802e-10, 8.48055403679e-09, 2.99599611786e-09, 1.23690391263e-09, 2.75310624992e-11, 3.71609991043e-12, 2.8743890948e-12, 3.31084281085e-13, 1.69075880683e-13, 1.56079982922e-13],
        "max": [0.0011709688697, 0.0373387113214, 0.172885686159, 0.0373329296708, 0.0214658882469, 0.00121533311903, 0.00045189348748, 0.000276068574749, 0.000152795721078, 0.000139697498525, 0.000132688233862, 9.66063962551e-05, 8.78055725479e-05, 0.000111499080958, 0.000142313743709, 7.54624852561e-05, 8.24969392852e-05, 0.000167833204614, 0.000696419330779, 0.000374586234102, 0.000293945224257, 3.95777169615e-05, 1.23934187286e-05, 2.02319388336e-05, 8.50238666317e-06, 8.21669800644e-06, 8.87427813723e-06],
        "mean": [0.000282724999124, 0.0244677308947, 0.110444560647, 0.0143388705328, 0.00583992479369, 0.000250332668656, 4.17257469962e-05, 2.43091035372e-05, 1.46552074511e-05, 1.19637270473e-05, 1.11315875984e-05, 7.1370641308e-06, 7.68071731727e-06, 8.22423135105e-06, 1.08741687654e-05, 5.74588875679e-06, 5.48564457858e-06, 1.22241044664e-05, 5.02216498717e-05, 2.93595876428e-05, 1.92517600226e-05, 2.89721219815e-06, 1.08944402655e-06, 7.4872082223e-07, 1.92466515614e-07, 1.33013102754e-07, 1.78535529471e-07],
        "median": [0.000254009122727, 0.0252212509513, 0.109475903213, 0.0131846955046, 0.00537323625758, 0.000203574250918, 3.32750933012e-05, 1.64532411873e-05, 8.47713545227e-06, 6.62931688566e-06, 5.7352353906e-06, 3.57222165803e-06, 4.06188837587e-06, 3.95065399061e-06, 5.13241138833e-06, 2.94833444059e-06, 2.67390669251e-06, 6.81054370943e-06, 2.31958274526e-05, 1.29953496071e-05, 9.40068730415e-06, 1.30980424728e-06, 4.90801198794e-07, 5.26213284502e-07, 1.19774455243e-07, 7.46969774923e-08, 1.37642174991e-07],
        "min": [7.70456972532e-05, 0.00129477889277, 0.00224437285215, 0.00203305552714, 0.000103406200651, 3.91103458242e-05, 3.88981061406e-06, 1.39681060318e-06, 9.52144318944e-07, 6.1252416117e-07, 4.58338149656e-07, 4.34564697116e-07, 2.25300198053e-07, 3.12699398819e-07, 2.75991624221e-07, 1.49541165229e-07, 1.8097260579e-07, 2.9133929047e-07, 6.46743217203e-07, 6.93343906732e-07, 4.14357060663e-07, 8.93673046676e-08, 5.69233016279e-08, 3.88201648605e-08, 1.94090254979e-08, 1.1822405277e-08, 4.62989575567e-08],
        "var": [1.58192161592e-08, 2.65719445451e-05, 0.000690838496666, 6.00294915785e-05, 7.69668531575e-06, 3.26731850464e-08, 1.17589682436e-09, 6.02929040028e-10, 3.45873829577e-10, 2.71980049593e-10, 2.32850128068e-10, 1.07960571039e-10, 1.07547921957e-10, 1.51957987859e-10, 2.64211957868e-10, 7.54449211438e-11, 7.51970014035e-11, 2.83816581348e-10, 6.20806073215e-09, 2.1825774521e-09, 9.03306429656e-10, 2.05108603712e-11, 2.62475870032e-12, 9.76584698525e-13, 1.92523948173e-13, 1.46816424035e-13, 1.55341695453e-13]
    },
    "erbbands": {
        "dmean": [0.0145239243284, 0.822785675526, 13.6646203995, 26.8319950104, 10.3259544373, 4.20974349976, 1.73507785797, 0.89888381958, 0.376510292292, 0.347880840302, 0.268050521612, 0.227026030421, 0.154591664672, 0.392348647118, 0.322463750839, 0.205139741302, 0.269427537918, 0.297858715057, 0.45087313652, 0.340048015118, 0.239667803049, 0.243025004864, 0.343498289585, 1.69506204128, 1.62141335011, 1.09720826149, 1.04756474495, 0.266820222139, 0.0951216220856, 0.0529558621347, 0.0178890302777, 0.00817614328116, 0.00842237751931, 0.0012188894907, 0.000940228754189, 0.000532014295459, 0.000104428603663, 2.19224803004e-05, 1.42739236253e-05, 2.7932377634e-05],
        "dmean2": [0.0205654688179, 0.990256488323, 14.1280355453, 27.3453769684, 10.7276382446, 4.27589035034, 1.85741746426, 1.02847230434, 0.528892040253, 0.590564310551, 0.454825133085, 0.3726387918, 0.263307094574, 0.66738909483, 0.546277344227, 0.344968944788, 0.466871410608, 0.504042327404, 0.759546756744, 0.571313798428, 0.398862212896, 0.409134536982, 0.558051168919, 2.87233948708, 2.72350764275, 1.83267009258, 1.75001573563, 0.450680375099, 0.159361600876, 0.0900892466307, 0.0306586325169, 0.0126529643312, 0.0126652643085, 0.00188303168397, 0.00145702657755, 0.00083013321273, 0.000162275304319, 3.29897738993e-05, 1.61090592883e-05, 2.84161524178e-05],
        "dvar": [0.000193545551156, 0.531841516495, 88.0707855225, 221.674926758, 42.4955291748, 10.2682266235, 2.03878331184, 0.520067811012, 0.120424836874, 0.187296226621, 0.124104827642, 0.135195806623, 0.0596339479089, 0.387817502022, 0.24021576345, 0.106549203396, 0.152554616332, 0.252009153366, 0.472530663013, 0.254341483116, 0.142229259014, 0.133579015732, 0.216515779495, 6.29068851471, 5.89406728745, 2.74066781998, 2.51345682144, 0.15991294384, 0.0213661976159, 0.00635831290856, 0.000889170391019, 0.00046389902127, 0.000265351351118, 3.64879961126e-05, 6.97198493071e-06, 2.13267526306e-06, 4.13036303826e-07, 4.88276619137e-08, 2.45187381509e-09, 2.81111189881e-10],
        "dvar2": [0.00036351167364, 0.705488264561, 97.4723587036, 250.380981445, 56.9932289124, 9.94170284271, 2.41872811317, 0.71949493885, 0.255979150534, 0.429259598255, 0.349082887173, 0.327387869358, 0.139587566257, 0.994961559772, 0.590344667435, 0.245363101363, 0.395027309656, 0.621344268322, 1.14745426178, 0.573458909988, 0.30710619688, 0.303661763668, 0.477632343769, 14.4005489349, 13.5250091553, 6.41414213181, 5.72215127945, 0.36744710803, 0.0481757186353, 0.0151097038761, 0.00208393554203, 0.00121988740284, 0.000671215064358, 8.17879699753e-05, 1.04273358374e-05, 3.20064123116e-06, 6.05393836395e-07, 6.18893665205e-08, 3.14310266702e-09, 3.34020894277e-10],
        "max": [0.261408001184, 14.8611288071, 176.90473938, 141.191833496, 105.561309814, 61.5736656189, 23.3974266052, 9.89784812927, 6.75017261505, 7.40175151825, 3.8778192997, 3.84059286118, 2.68215799332, 6.17415237427, 4.89268112183, 2.89244890213, 3.40712976456, 5.8848900795, 7.74216032028, 6.35563230515, 4.54394769669, 4.27777481079, 5.58456707001, 30.0810317993, 27.1011962891, 17.284620285, 19.3965473175, 4.16828680038, 1.640178442, 1.00460028648, 0.322473347187, 0.431968659163, 0.282937854528, 0.0983466058969, 0.0594425015152, 0.0327663868666, 0.0152144972235, 0.00548185082152, 0.00130394333974, 0.000268223288003],
        "mean": [0.147799357772, 9.83811664581, 118.196594238, 72.0098419189, 40.6034889221, 11.6298522949, 4.05494356155, 1.99933362007, 0.787479698658, 0.577187776566, 0.427251666784, 0.358932584524, 0.252031326294, 0.519699573517, 0.443716555834, 0.282276540995, 0.355694949627, 0.401004701853, 0.57282859087, 0.444978386164, 0.319951176643, 0.307889342308, 0.49754974246, 2.13763022423, 1.98810827732, 1.35474562645, 1.32676327229, 0.342775315046, 0.120009228587, 0.0681916475296, 0.0249051265419, 0.0142852142453, 0.0133079346269, 0.0022365199402, 0.00178205186967, 0.000961405516136, 0.000201133443625, 5.13058366778e-05, 8.94771656021e-05, 0.000172395462869],
        "median": [0.146060436964, 10.1084241867, 119.063774109, 68.2613067627, 40.2732849121, 10.3009214401, 3.31953811646, 1.68632459641, 0.6370485425, 0.450988322496, 0.290524989367, 0.211418136954, 0.158846765757, 0.260842263699, 0.236095622182, 0.142771840096, 0.190558180213, 0.195663303137, 0.257160782814, 0.225242137909, 0.166330516338, 0.150361791253, 0.27994042635, 0.996495246887, 0.897682368755, 0.587688565254, 0.642330467701, 0.163951873779, 0.0524561330676, 0.0294375624508, 0.0117481769994, 0.0101170111448, 0.00893325079232, 0.00141641835216, 0.00112646946218, 0.00060435582418, 0.000115131981147, 3.08448543365e-05, 8.55074977153e-05, 0.000169031598489],
        "min": [0.0297178346664, 0.386175870895, 2.15007805824, 5.37407636642, 3.70237207413, 0.494298905134, 0.292354494333, 0.389359265566, 0.0832924246788, 0.0542690046132, 0.0348322056234, 0.030089750886, 0.0267871618271, 0.0271149259061, 0.0220762696117, 0.0174260456115, 0.016449816525, 0.018897684291, 0.0199853908271, 0.0150356460363, 0.0108340671286, 0.0136223109439, 0.017063094303, 0.0305298604071, 0.0420697070658, 0.0349174030125, 0.0208138749003, 0.00698739662766, 0.00340185733512, 0.0025725683663, 0.00176063552499, 0.000941224978305, 0.000574113626499, 0.000241411093157, 0.000224371178774, 0.000116443203297, 4.37539238192e-05, 1.1678894225e-05, 4.7396926675e-05, 2.66110910161e-05],
        "var": [0.000383862905437, 3.76101946831, 546.996337891, 987.019042969, 236.496826172, 46.9101753235, 7.63140726089, 1.79511916637, 0.331736057997, 0.254573881626, 0.178762823343, 0.199304118752, 0.0878072157502, 0.564686477184, 0.377849310637, 0.15820799768, 0.222021266818, 0.364451706409, 0.736527502537, 0.441396057606, 0.24370893836, 0.222112327814, 0.42472743988, 10.7796039581, 9.84705448151, 4.64749336243, 4.36672401428, 0.269265383482, 0.0355188846588, 0.0109473466873, 0.0013376288116, 0.000388896994991, 0.000274485879345, 3.16172881867e-05, 9.000315913e-06, 2.7773896818e-06, 4.90996058033e-07, 5.96668741082e-08, 3.08653591574e-09, 1.45300360632e-09]
    },
    "gfcc": {
        "mean": [-116.520210266, 158.720474243, -42.1609802246, 83.9567947388, -9.67932415009, -8.02830600739, -5.67983865738, -14.6847801208, -28.8459587097, -15.9228487015, -8.78812408447, -26.9745025635, -8.70481109619],
        "cov": [[1147.68774414, -317.081207275, -723.702758789, 154.656967163, -65.45287323, 79.9780654907, 94.9042816162, 19.3698921204, 4.90521001816, 42.5938110352, -100.036132812, 15.977306366, -56.4863433838], [-317.081207275, 165.095123291, 209.483795166, -41.8945007324, 17.2010593414, -63.9259033203, -27.3118782043, -43.7259025574, 0.664264976978, -17.4652862549, 36.9977149963, -1.08099079132, 24.2677001953], [-723.702758789, 209.483795166, 612.223571777, -117.813049316, 12.7848110199, -63.4595832825, -138.312637329, 1.23718512058, -24.5442409515, -31.2066745758, 77.9234542847, -17.1419143677, 49.4805412292], [154.656967163, -41.8945007324, -117.813049316, 69.3453140259, 5.02204561234, -0.395003855228, 15.3311653137, -15.6028614044, 0.466178774834, -2.53422760963, -7.62805557251, -2.00133728981, -0.495799362659], [-65.45287323, 17.2010593414, 12.7848110199, 5.02204561234, 30.2099971771, -0.825334668159, 10.1208744049, -13.5632791519, -2.22182130814, -5.8403635025, 1.12522876263, 3.40456342697, 3.89118719101], [79.9780654907, -63.9259033203, -63.4595832825, -0.395003855228, -0.825334668159, 44.4378814697, 17.2388877869, 23.503742218, -1.80718922615, 2.63060569763, -12.8820734024, -1.84191739559, -9.80605220795], [94.9042816162, -27.3118782043, -138.312637329, 15.3311653137, 10.1208744049, 17.2388877869, 65.5073623657, -0.251860052347, 10.2946386337, 2.1189365387, -21.6344032288, 5.59619998932, -13.1109361649], [19.3698921204, -43.7259025574, 1.23718512058, -15.6028614044, -13.5632791519, 23.503742218, -0.251860052347, 43.8635902405, 1.64355885983, 4.62754631042, -8.80058383942, -8.54840755463, -7.21530771255], [4.90521001816, 0.664264976978, -24.5442409515, 0.466178774834, -2.22182130814, -1.80718922615, 10.2946386337, 1.64355885983, 16.5531749725, 5.09178733826, -4.46924114227, -2.95453262329, -6.92722129822], [42.5938110352, -17.4652862549, -31.2066745758, -2.53422760963, -5.8403635025, 2.63060569763, 2.1189365387, 4.62754631042, 5.09178733826, 17.4002876282, -5.10353374481, -0.322736203671, -10.055850029], [-100.036132812, 36.9977149963, 77.9234542847, -7.62805557251, 1.12522876263, -12.8820734024, -21.6344032288, -8.80058383942, -4.46924114227, -5.10353374481, 24.0992469788, -3.31226968765, 6.80459165573], [15.977306366, -1.08099079132, -17.1419143677, -2.00133728981, 3.40456342697, -1.84191739559, 5.59619998932, -8.54840755463, -2.95453262329, -0.322736203671, -3.31226968765, 14.979382515, -0.489174067974], [-56.4863433838, 24.2677001953, 49.4805412292, -0.495799362659, 3.89118719101, -9.80605220795, -13.1109361649, -7.21530771255, -6.92722129822, -10.055850029, 6.80459165573, -0.489174067974, 16.7610244751]],
        "icov": [[0.0122996307909, 0.000528538424987, 0.0159949176013, -0.00219111493789, 0.0151290753856, 0.00109444919508, 0.0187226552516, 0.00292870611884, 0.0184616614133, 0.00701301079243, 0.0179698225111, 0.00443183816969, 0.0111077269539], [0.000528538424987, 0.13109099865, -0.0145477140322, 0.0848797038198, -0.0162796676159, 0.120463773608, -0.0518132299185, 0.0869154930115, -0.0220870580524, 0.0547527819872, -0.0496727228165, 0.0760724246502, -0.0253139194101], [0.0159949176013, -0.0145477140322, 0.0356483794749, 0.0045580714941, 0.00741419708356, -0.00164724874776, 0.0466242991388, -0.0138046797365, 0.0274313148111, 0.0152088170871, 0.0162914786488, 0.00583279039711, 0.0117253987119], [-0.00219111493789, 0.0848797038198, 0.0045580714941, 0.0978492945433, -0.0302764587104, 0.0911066904664, -0.0183239206672, 0.0590327754617, -0.0115674855188, 0.0554821901023, -0.0420066453516, 0.0742868706584, -0.0217023715377], [0.0151290753856, -0.0162796676159, 0.00741419708356, -0.0302764587104, 0.0815880820155, -0.0329359583557, 0.00321500306018, 0.0165859013796, 0.0282232649624, -0.00477865664288, 0.0399203449488, -0.0124062662944, 0.0154471118003], [0.00109444919508, 0.120463773608, -0.00164724874776, 0.0911066904664, -0.0329359583557, 0.164562255144, -0.0400023423135, 0.051973938942, 0.00203164690174, 0.0678828582168, -0.0461408980191, 0.0816207453609, -0.00548199377954], [0.0187226552516, -0.0518132299185, 0.0466242991388, -0.0183239206672, 0.00321500306018, -0.0400023423135, 0.101522505283, -0.033871948719, 0.0246698129922, 0.0176057908684, 0.0526922419667, -0.0175240188837, 0.0394712164998], [0.00292870611884, 0.0869154930115, -0.0138046797365, 0.0590327754617, 0.0165859013796, 0.051973938942, -0.033871948719, 0.11750459671, -0.00770002789795, 0.0372857004404, -0.00119378778618, 0.0765613541007, -0.000921305443626], [0.0184616614133, -0.0220870580524, 0.0274313148111, -0.0115674855188, 0.0282232649624, 0.00203164690174, 0.0246698129922, -0.00770002789795, 0.128296822309, -0.00180860934779, 0.0483802035451, 0.026596441865, 0.0565672628582], [0.00701301079243, 0.0547527819872, 0.0152088170871, 0.0554821901023, -0.00477865664288, 0.0678828582168, 0.0176057908684, 0.0372857004404, -0.00180860934779, 0.141142651439, -0.00039865958388, 0.0498894937336, 0.0572992786765], [0.0179698225111, -0.0496727228165, 0.0162914786488, -0.0420066453516, 0.0399203449488, -0.0461408980191, 0.0526922419667, -0.00119378778618, 0.0483802035451, -0.00039865958388, 0.141154631972, -0.00245625129901, 0.0499622188509], [0.00443183816969, 0.0760724246502, 0.00583279039711, 0.0742868706584, -0.0124062662944, 0.0816207453609, -0.0175240188837, 0.0765613541007, 0.026596441865, 0.0498894937336, -0.00245625129901, 0.153191104531, 0.00604609306902], [0.0111077269539, -0.0253139194101, 0.0117253987119, -0.0217023715377, 0.0154471118003, -0.00548199377954, 0.0394712164998, -0.000921305443626, 0.0565672628582, 0.0572992786765, 0.0499622188509, 0.00604609306902, 0.159825026989]]
    },
    "melbands": {
        "dmean": [0.000341688079061, 0.00518606090918, 0.00428568478674, 0.000444603036158, 7.76066808612e-05, 1.9425418941e-05, 5.34360424354e-06, 4.00704539061e-06, 2.03910963137e-06, 1.39693202073e-06, 7.67581809669e-07, 1.59823377999e-06, 1.11768724764e-06, 6.97852271969e-07, 4.80166420402e-07, 6.0201892893e-07, 5.54749021831e-07, 7.17212458312e-07, 5.90604543049e-07, 3.41794077485e-07, 2.8392224749e-07, 2.77817122196e-07, 1.61425745659e-07, 4.64741788164e-07, 1.47969217323e-06, 1.70045666437e-06, 7.11686084287e-07, 7.29055329884e-07, 8.12927964944e-07, 3.22174201983e-07, 9.4556384056e-08, 5.62000970206e-08, 3.56535707624e-08, 2.61266315249e-08, 1.08797895138e-08, 5.14886622227e-09, 6.09392714068e-09, 7.6302768548e-09, 2.17547913017e-09, 6.81700806915e-10],
        "dmean2": [0.000456625100924, 0.00535793369636, 0.00434381514788, 0.000459069065982, 8.10955752968e-05, 2.22808721446e-05, 7.71077520767e-06, 6.86941439199e-06, 3.4563652207e-06, 2.30696582548e-06, 1.30799480758e-06, 2.72257238976e-06, 1.88350804819e-06, 1.16184912713e-06, 8.291004292e-07, 1.03461024992e-06, 9.38062271416e-07, 1.22072196973e-06, 1.00169063444e-06, 5.64800245684e-07, 4.76267388194e-07, 4.72286387776e-07, 2.66987598252e-07, 7.63027230732e-07, 2.51943674812e-06, 2.86872887045e-06, 1.20002209769e-06, 1.22451911011e-06, 1.35722814321e-06, 5.40566304608e-07, 1.59568045888e-07, 9.38084880886e-08, 6.00737237733e-08, 4.47099353096e-08, 1.86301001293e-08, 8.53307291493e-09, 9.71102487313e-09, 1.16333769284e-08, 3.43216344234e-09, 1.09873721232e-09],
        "dvar": [8.17192358227e-08, 1.25836049847e-05, 5.56011400477e-06, 1.00256855262e-07, 3.98880084518e-09, 2.5428234518e-10, 2.6599457012e-11, 2.57070892351e-11, 7.43188323382e-12, 5.29224363985e-12, 1.46774085941e-12, 6.49476392806e-12, 2.69092517366e-12, 1.26572266123e-12, 5.66667752219e-13, 7.52031791874e-13, 9.35168934478e-13, 1.2161019804e-12, 7.55513544521e-13, 2.7501232628e-13, 2.12414328206e-13, 1.79706442327e-13, 5.8348698052e-14, 3.97454530225e-13, 4.92022872098e-12, 6.94254072633e-12, 1.19973952648e-12, 1.20696280661e-12, 1.4764606638e-12, 2.52486372738e-13, 2.0008663102e-14, 7.78279113519e-15, 3.07917567447e-15, 1.58852654219e-15, 3.25896588201e-16, 1.19277181164e-16, 2.83337497175e-16, 2.2812227808e-16, 3.63182449143e-17, 2.16525162878e-17],
        "dvar2": [1.26095372366e-07, 1.42130247696e-05, 6.27651252216e-06, 1.16496799762e-07, 4.40693481707e-09, 3.48784751081e-10, 5.68381799959e-11, 6.56355039763e-11, 1.99430524178e-11, 1.27220161489e-11, 3.47029414753e-12, 1.68055014349e-11, 6.43951688847e-12, 3.01301843718e-12, 1.39093738697e-12, 1.97141023124e-12, 2.33098718279e-12, 2.92335578488e-12, 1.7619449736e-12, 6.12510801627e-13, 4.69842209843e-13, 4.14907989693e-13, 1.31970321715e-13, 8.77504720363e-13, 1.13899124507e-11, 1.64931783508e-11, 2.77862390215e-12, 2.82249787778e-12, 3.37575865698e-12, 5.95958883371e-13, 4.66297397288e-14, 1.78561778943e-14, 7.21250756873e-15, 3.82399673247e-15, 7.67140958488e-16, 2.82924224506e-16, 7.73253942329e-16, 5.94943554295e-16, 8.36995871527e-17, 4.63846392311e-17],
        "max": [0.0051733572036, 0.0664784684777, 0.0241595674306, 0.00597448926419, 0.00111469370313, 0.000211920763832, 9.75344955805e-05, 7.27954538888e-05, 2.95686313621e-05, 2.36810246861e-05, 1.31440438054e-05, 2.59503049165e-05, 1.7748454411e-05, 1.17982153824e-05, 7.29834482627e-06, 8.04618957773e-06, 1.07820897028e-05, 1.25002370623e-05, 1.14860340545e-05, 5.68160612602e-06, 5.68601990381e-06, 4.78650372315e-06, 2.90156617666e-06, 8.2669839685e-06, 2.60938741121e-05, 2.95409099635e-05, 1.04115224531e-05, 1.20965269161e-05, 1.37640781759e-05, 7.03458863427e-06, 1.47066532463e-06, 9.95505502033e-07, 6.72493229104e-07, 4.66533236931e-07, 1.85513414408e-07, 1.81282416634e-07, 3.39298168228e-07, 2.70483752729e-07, 9.06562007685e-08, 8.05245718993e-08],
        "mean": [0.0034827250056, 0.0438247434795, 0.012967674993, 0.00166913901921, 0.000201629314688, 4.33266177424e-05, 1.08812173494e-05, 6.10080269325e-06, 3.24054440171e-06, 2.16445300794e-06, 1.20133495329e-06, 2.07478024095e-06, 1.54957774612e-06, 9.10627477424e-07, 6.59605461806e-07, 7.80097934694e-07, 7.31736122361e-07, 9.12828170385e-07, 7.52286950956e-07, 4.46702642876e-07, 3.68647107507e-07, 3.42814473697e-07, 2.2364082497e-07, 6.58838644085e-07, 1.84972145689e-06, 2.0369284357e-06, 8.76751755641e-07, 8.90515252649e-07, 1.01923740203e-06, 4.05457740271e-07, 1.19754773209e-07, 6.93809596441e-08, 4.49540706882e-08, 3.33759331284e-08, 1.45587097933e-08, 7.9174036216e-09, 9.40150268747e-09, 1.15438973936e-08, 3.47842443738e-09, 1.1863036109e-09],
        "median": [0.00357210193761, 0.0439533926547, 0.0123746404424, 0.00159475055989, 0.000169894497958, 3.60669291695e-05, 8.7011285359e-06, 4.62161005998e-06, 2.12848613046e-06, 1.24791301914e-06, 7.34282309622e-07, 1.05063156752e-06, 8.06036553058e-07, 4.52751152125e-07, 3.55285067144e-07, 4.00750707286e-07, 3.57306703336e-07, 4.27162490269e-07, 3.67494095599e-07, 2.17602519115e-07, 1.86710565231e-07, 1.61712094382e-07, 1.20446728147e-07, 3.73506907181e-07, 8.45690522056e-07, 8.93140509106e-07, 3.78123019118e-07, 3.88459284295e-07, 4.80268340652e-07, 1.98141364649e-07, 5.83205377325e-08, 3.11917176532e-08, 1.9826483566e-08, 1.42601006559e-08, 6.55869536459e-09, 4.41646674787e-09, 6.48973808026e-09, 7.63592566955e-09, 2.17133666602e-09, 6.77312372854e-10],
        "min": [0.000339376536431, 0.000934127601795, 0.000989157357253, 8.23500595288e-05, 1.23628869915e-05, 7.89156911196e-06, 1.42810392845e-06, 4.59979503376e-07, 1.86501608823e-07, 1.58190999855e-07, 1.14793522243e-07, 9.67110267425e-08, 7.08840559582e-08, 4.90700280409e-08, 3.23576792027e-08, 2.52395100375e-08, 2.98936413401e-08, 2.51538807561e-08, 2.1755962365e-08, 1.11564082417e-08, 1.12305160727e-08, 1.08504121243e-08, 9.08448516412e-09, 1.27945352091e-08, 2.05963246458e-08, 2.23660165943e-08, 1.99213676666e-08, 2.31169341447e-08, 1.52604382464e-08, 6.79923850555e-09, 3.01713987128e-09, 1.9939863094e-09, 1.4600762821e-09, 1.14670328788e-09, 7.80649767052e-10, 5.78749825841e-10, 5.36232003245e-10, 3.91672638766e-10, 1.99584473948e-10, 9.57324497453e-11],
        "var": [4.25210799904e-07, 7.79996044002e-05, 2.56614457612e-05, 5.44525505575e-07, 1.67758997804e-08, 8.83767115045e-10, 6.71751265724e-11, 3.19084238198e-11, 1.1575171377e-11, 7.6121045231e-12, 2.11342510333e-12, 9.20338805166e-12, 4.53304321163e-12, 1.77762741593e-12, 7.82619737245e-13, 1.13019305286e-12, 1.29136902994e-12, 1.87238939631e-12, 1.29391018299e-12, 4.52703521371e-13, 3.47000179242e-13, 2.88017683705e-13, 9.71729749617e-14, 7.68296288135e-13, 8.22033587033e-12, 1.08626259029e-11, 1.93210855301e-12, 2.03259653032e-12, 2.55704138419e-12, 4.09926568601e-13, 3.24935153925e-14, 1.23469189042e-14, 5.06527481227e-15, 2.64754674279e-15, 4.86012629118e-16, 1.39625347777e-16, 2.1089754546e-16, 2.2266497715e-16, 3.4200318439e-17, 1.9088815563e-17]
    },
    "mfcc": {
        "mean": [-781.568664551, 179.452331543, 41.6874694824, 98.9414596558, 24.1351623535, 27.8221378326, 30.1006851196, 3.32591533661, -2.62294840813, 8.09198379517, -7.04117584229, -6.82802200317, -9.57460689545],
        "cov": [[1762.88330078, -562.981384277, -772.800170898, 53.789440155, -284.795135498, 178.288314819, -67.359664917, 114.820762634, 32.450958252, 110.646186829, 10.5884504318, -57.8003005981, 62.0921554565], [-562.981384277, 247.307952881, 253.489364624, -7.60432958603, 78.9557418823, -60.126373291, 8.10458374023, -52.4054107666, -21.1276473999, -48.4608688354, -7.95743751526, 13.5678358078, -11.7341156006], [-772.800170898, 253.489364624, 437.325653076, -33.826675415, 155.014297485, -118.430686951, 17.8083076477, -73.8522338867, -26.8187274933, -59.5242958069, -15.6901788712, 42.9391441345, -51.5730018616], [53.789440155, -7.60432958603, -33.826675415, 58.4140396118, -4.6942615509, 16.3383769989, -8.89053916931, -6.8277592659, -9.62624263763, -4.6950302124, -9.47715473175, -11.7741308212, 6.89957380295], [-284.795135498, 78.9557418823, 155.014297485, -4.6942615509, 79.1650238037, -35.549785614, 9.84810733795, -27.5788440704, -13.0314455032, -23.7978897095, -10.4473352432, 14.149392128, -22.1435623169], [178.288314819, -60.126373291, -118.430686951, 16.3383769989, -35.549785614, 53.8898429871, -0.666345536709, 19.9878463745, 0.931486427784, 11.06919384, 1.53239417076, -20.2541275024, 18.610496521], [-67.359664917, 8.10458374023, 17.8083076477, -8.89053916931, 9.84810733795, -0.666345536709, 26.1694583893, 7.12434148788, 3.46006608009, -2.46760201454, -0.725301504135, 0.208115041256, -7.74913597107], [114.820762634, -52.4054107666, -73.8522338867, -6.8277592659, -27.5788440704, 19.9878463745, 7.12434148788, 34.8002204895, 13.8918828964, 12.8712663651, 3.59901738167, -9.29938030243, 5.4377579689], [32.450958252, -21.1276473999, -26.8187274933, -9.62624263763, -13.0314455032, 0.931486427784, 3.46006608009, 13.8918828964, 22.9623413086, 11.7609033585, 5.562292099, -2.88306427002, -0.47065782547], [110.646186829, -48.4608688354, -59.5242958069, -4.6950302124, -23.7978897095, 11.06919384, -2.46760201454, 12.8712663651, 11.7609033585, 27.5238399506, 9.43177509308, -2.58138656616, 1.94893920422], [10.5884504318, -7.95743751526, -15.6901788712, -9.47715473175, -10.4473352432, 1.53239417076, -0.725301504135, 3.59901738167, 5.562292099, 9.43177509308, 21.4925441742, 3.14563107491, 2.01006031036], [-57.8003005981, 13.5678358078, 42.9391441345, -11.7741308212, 14.149392128, -20.2541275024, 0.208115041256, -9.29938030243, -2.88306427002, -2.58138656616, 3.14563107491, 23.8642024994, -6.92659044266], [62.0921554565, -11.7341156006, -51.5730018616, 6.89957380295, -22.1435623169, 18.610496521, -7.74913597107, 5.4377579689, -0.47065782547, 1.94893920422, 2.01006031036, -6.92659044266, 26.0684585571]],
