{
"lowlevel": {
    "average_loudness": 0.00434885499999,
    "barkbands_crest": {
        "dmean": 3.52093839645,
        "dmean2": 5.90095281601,
        "dvar": 9.18144226074,
        "dvar2": 26.3165016174,
        "max": 24.485294342,
        "mean": 9.67802715302,
        "median": 9.0134973526,
        "min": 2.52629375458,
        "var": 20.6575565338
    },
    "barkbands_flatness_db": {
        "dmean": 0.024781210348,
        "dmean2": 0.037918433547,
        "dvar": 0.000527536845766,
        "dvar2": 0.00116884964518,
        "max": 0.342354029417,
        "mean": 0.10784444958,
        "median": 0.092581614852,
        "min": 0.0204098764807,
        "var": 0.00389248342253
    },
    "barkbands_kurtosis": {
        "dmean": 2.7822368145,
        "dmean2": 4.27531528473,
        "dvar": 21.3552722931,
        "dvar2": 53.1472625732,
        "max": 61.6551818848,
        "mean": 3.90036416054,
        "median": 0.798380374908,
        "min": -1.84912216663,
        "var": 75.6893539429
    },
    "barkbands_skewness": {
        "dmean": 0.6516533494,
        "dmean2": 1.0298255682,
        "dvar": 0.341763317585,
        "dvar2": 0.924802303314,
        "max": 6.51874542236,
        "mean": 0.888125419617,
        "median": 0.864093601704,
        "min": -2.29264235497,
        "var": 2.05671834946
    },
    "barkbands_spread": {
        "dmean": 10.890583992,
        "dmean2": 17.3281612396,
        "dvar": 161.610031128,
        "dvar2": 393.126953125,
        "max": 124.446662903,
        "mean": 44.1946487427,
        "median": 40.8627662659,
        "min": 1.44245958328,
        "var": 1014.82568359
    },
    "dissonance": {
        "dmean": 0.0152348875999,
        "dmean2": 0.0247925277799,
        "dvar": 0.000474139262224,
        "dvar2": 0.000906269939151,
        "max": 0.499881178141,
        "mean": 0.475912719965,
        "median": 0.485880225897,
        "min": 0.193137004972,
        "var": 0.000936757191084
    },
    "dynamic_complexity": 19.2703857422,
    "erbbands_crest": {
        "dmean": 2.98602080345,
        "dmean2": 4.81935071945,
        "dvar": 8.58294773102,
        "dvar2": 21.7760868073,
        "max": 31.7602157593,
        "mean": 9.34072685242,
        "median": 7.72750329971,
        "min": 1.99569177628,
        "var": 29.5567703247
    },
    "erbbands_flatness_db": {
        "dmean": 0.0208129677922,
        "dmean2": 0.0327389799058,
        "dvar": 0.00043564173393,
        "dvar2": 0.000820993853267,
        "max": 0.378281801939,
        "mean": 0.143003880978,
        "median": 0.1224963516,
        "min": 0.0339444763958,
        "var": 0.00639838539064
    },
    "erbbands_kurtosis": {
        "dmean": 1.86224555969,
        "dmean2": 3.00759601593,
        "dvar": 9.11053943634,
        "dvar2": 19.0846633911,
        "max": 36.2741622925,
        "mean": 2.34535241127,
        "median": 0.76796245575,
        "min": -1.53277897835,
        "var": 25.2037525177
    },
    "erbbands_skewness": {
        "dmean": 0.468748509884,
        "dmean2": 0.728749990463,
        "dvar": 0.223917663097,
        "dvar2": 0.518494784832,
        "max": 5.23917245865,
        "mean": 0.3865878582,
        "median": 0.304774433374,
        "min": -2.06680488586,
        "var": 1.46138215065
    },
    "erbbands_spread": {
        "dmean": 9.40131664276,
        "dmean2": 15.0464544296,
        "dvar": 100.474075317,
        "dvar2": 267.675567627,
        "max": 109.881317139,
        "mean": 38.3516769409,
        "median": 36.4097251892,
        "min": 2.31281447411,
        "var": 615.369873047
    },
    "hfc": {
        "dmean": 16.2225418091,
        "dmean2": 26.1501693726,
        "dvar": 5899.67919922,
        "dvar2": 15259.9912109,
        "max": 1450.0760498,
        "mean": 31.3847904205,
        "median": 0.569677889347,
        "min": 0.00424289284274,
        "var": 22813.3730469
    },
    "melbands_crest": {
        "dmean": 3.85320806503,
        "dmean2": 6.48364686966,
        "dvar": 10.6046180725,
        "dvar2": 31.6455574036,
        "max": 31.7088871002,
        "mean": 11.8447875977,
        "median": 11.0279197693,
        "min": 2.94143557549,
        "var": 25.8180809021
    },
    "melbands_flatness_db": {
        "dmean": 0.0253264717758,
        "dmean2": 0.0394355431199,
        "dvar": 0.000565035152249,
        "dvar2": 0.00118486245628,
        "max": 0.414264202118,
        "mean": 0.153153657913,
        "median": 0.14876589179,
        "min": 0.0125393187627,
        "var": 0.00579040730372
    },
    "melbands_kurtosis": {
        "dmean": 5.01151037216,
        "dmean2": 8.43920993805,
        "dvar": 62.9781341553,
        "dvar2": 187.221359253,
        "max": 94.2908859253,
        "mean": 8.43186283112,
        "median": 5.40066146851,
        "min": -1.71531367302,
        "var": 131.737884521
    },
    "melbands_skewness": {
        "dmean": 0.690263152122,
        "dmean2": 1.17027807236,
        "dvar": 0.459022343159,
        "dvar2": 1.2722979784,
        "max": 7.26505279541,
        "mean": 1.66522955894,
        "median": 1.68323564529,
        "min": -1.79538345337,
        "var": 2.33387899399
    },
    "melbands_spread": {
        "dmean": 13.7273845673,
        "dmean2": 22.1660270691,
        "dvar": 413.914154053,
        "dvar2": 1016.27856445,
        "max": 220.72895813,
        "mean": 41.7741508484,
        "median": 27.6551303864,
        "min": 2.36786937714,
        "var": 1577.45410156
    },
    "pitch_salience": {
        "dmean": 0.0957963913679,
        "dmean2": 0.15984159708,
        "dvar": 0.00714777922258,
        "dvar2": 0.0210455991328,
        "max": 0.928548932076,
        "mean": 0.63955694437,
        "median": 0.666412830353,
        "min": 0.14787016809,
        "var": 0.0147789958864
    },
    "silence_rate_20dB": {
        "dmean": 0.00555555569008,
        "dmean2": 0.0083565460518,
        "dvar": 0.00552470237017,
        "dvar2": 0.00828673876822,
        "max": 1,
        "mean": 0.969529092312,
        "median": 1,
        "min": 0,
        "var": 0.0295428261161
    },
    "silence_rate_30dB": {
        "dmean": 0.00277777784504,
        "dmean2": 0.00557103054598,
        "dvar": 0.00277003576048,
        "dvar2": 0.00553995417431,
        "max": 1,
        "mean": 0.961218833923,
        "median": 1,
        "min": 0,
        "var": 0.0372771546245
    },
    "silence_rate_60dB": {
        "dmean": 0.0638888925314,
        "dmean2": 0.128133699298,
        "dvar": 0.0598070472479,
        "dvar2": 0.122857704759,
        "max": 1,
        "mean": 0.731301963329,
        "median": 1,
        "min": 0,
        "var": 0.196498498321
    },
    "spectral_centroid": {
        "dmean": 291.76385498,
        "dmean2": 469.82119751,
        "dvar": 136803.859375,
        "dvar2": 327349,
        "max": 4156.25927734,
        "mean": 1801.0793457,
        "median": 1535.89477539,
        "min": 384.84753418,
        "var": 1050110
    },
    "spectral_complexity": {
        "dmean": 2.22222232819,
        "dmean2": 2.98607254028,
        "dvar": 28.3729438782,
        "dvar2": 50.6320762634,
        "max": 60,
        "mean": 6.23545694351,
        "median": 0,
        "min": 0,
        "var": 145.117218018
    },
    "spectral_decrease": {
        "dmean": 6.0994578277e-09,
        "dmean2": 1.12027418453e-08,
        "dvar": 1.64730904055e-15,
        "dvar2": 4.38446953982e-15,
        "max": 1.62156041632e-13,
        "mean": -1.29674395666e-08,
        "median": -4.69897974698e-11,
        "min": -6.82218683323e-07,
        "var": 5.95643012927e-15
    },
    "spectral_energy": {
        "dmean": 0.0244397819042,
        "dmean2": 0.0446150675416,
        "dvar": 0.025374783203,
        "dvar2": 0.0675014257431,
        "max": 2.68193984032,
        "mean": 0.0517886988819,
        "median": 0.000228611679631,
        "min": 2.0096181288e-06,
        "var": 0.0927592888474
    },
    "spectral_energyband_high": {
        "dmean": 0.000616782344878,
        "dmean2": 0.000861165637616,
        "dvar": 6.85539043843e-06,
        "dvar2": 1.41454756886e-05,
        "max": 0.0420429222286,
        "mean": 0.00071723369183,
        "median": 2.18672867049e-05,
        "min": 1.09214695954e-07,
        "var": 1.14253334687e-05
    },
    "spectral_energyband_low": {
        "dmean": 0.000436021044152,
        "dmean2": 0.000701009586919,
        "dvar": 9.39465462579e-06,
        "dvar2": 2.04703155759e-05,
        "max": 0.0543177723885,
        "mean": 0.000588679977227,
        "median": 1.32869054141e-05,
        "min": 8.1891158743e-07,
        "var": 2.02317223739e-05
    },
    "spectral_energyband_middle_high": {
        "dmean": 0.00328186224215,
        "dmean2": 0.00508213276044,
        "dvar": 0.000291762029519,
        "dvar2": 0.000724290090147,
        "max": 0.314551889896,
        "mean": 0.00722839869559,
        "median": 4.88639452669e-05,
        "min": 1.06544234768e-07,
        "var": 0.00122803496197
    },
    "spectral_energyband_middle_low": {
        "dmean": 0.0205174162984,
        "dmean2": 0.0378076285124,
        "dvar": 0.0196600370109,
        "dvar2": 0.0521379448473,
        "max": 2.40139389038,
        "mean": 0.0437529236078,
        "median": 6.38302662992e-05,
        "min": 4.22678795076e-07,
        "var": 0.0715459138155
    },
    "spectral_entropy": {
        "dmean": 0.165857851505,
        "dmean2": 0.268896609545,
        "dvar": 0.027895508334,
        "dvar2": 0.0583707615733,
        "max": 8.77032375336,
        "mean": 7.84328079224,
        "median": 7.97120189667,
        "min": 5.82948923111,
        "var": 0.26985630393
    },
    "spectral_flux": {
        "dmean": 0.0182101503015,
        "dmean2": 0.0268516037613,
        "dvar": 0.00345589546487,
        "dvar2": 0.00741261430085,
        "max": 1.15409135818,
        "mean": 0.052490901202,
        "median": 0.0112385954708,
        "min": 0.00248912908137,
        "var": 0.0197223182768
    },
    "spectral_kurtosis": {
        "dmean": 1.68897938728,
        "dmean2": 2.60777783394,
        "dvar": 5.76583719254,
        "dvar2": 11.5962753296,
        "max": 38.6832618713,
        "mean": 6.96471786499,
        "median": 4.73793029785,
        "min": -0.240792274475,
        "var": 49.9226760864
    },
    "spectral_rms": {
        "dmean": 0.000688082945999,
        "dmean2": 0.0010342298774,
        "dvar": 5.34390392204e-06,
        "dvar2": 1.09237262222e-05,
        "max": 0.0511519946158,
        "mean": 0.00237317360006,
        "median": 0.000472266634461,
        "min": 4.42786986241e-05,
        "var": 4.4893600716e-05
    },
    "spectral_rolloff": {
        "dmean": 2424.09936523,
        "dmean2": 4317.79589844,
        "dvar": 19367588,
        "dvar2": 50230852,
        "max": 21037.9394531,
        "mean": 6287.69384766,
        "median": 3789.84375,
        "min": 21.533203125,
        "var": 41323884
    },
    "spectral_skewness": {
        "dmean": 0.2323474437,
        "dmean2": 0.3570715487,
        "dvar": 0.0633257851005,
        "dvar2": 0.124203681946,
        "max": 4.97176265717,
        "mean": 1.87208116055,
        "median": 1.71109497547,
        "min": 0.625906229019,
        "var": 0.610821723938
    },
    "spectral_spread": {
        "dmean": 688190.5,
        "dmean2": 1043572.3125,
        "dvar": 749901840384,
        "dvar2": 1.22054377472e+12,
        "max": 21995596,
        "mean": 6453441,
        "median": 6167056.5,
        "min": 1288432.25,
        "var": 7.91291940045e+12
    },
    "spectral_strongpeak": {
        "dmean": 0.48550516367,
        "dmean2": 0.757177174091,
        "dvar": 3.60246109962,
        "dvar2": 8.92400360107,
        "max": 32.7801856995,
        "mean": 0.747507631779,
        "median": 0.0575563199818,
        "min": 0,
        "var": 5.14151763916
    },
    "zerocrossingrate": {
        "dmean": 0.0280097108334,
        "dmean2": 0.0341864898801,
        "dvar": 0.00103115965612,
        "dvar2": 0.00178871012758,
        "max": 0.416015625,
        "mean": 0.171673461795,
        "median": 0.169921875,
        "min": 0.01904296875,
        "var": 0.009043302387
    },
    "barkbands": {
        "dmean": [0.000151282190927, 0.000130320506287, 0.000209487101529, 0.000503944116645, 0.0102257309482, 0.0150843160227, 0.0024446148891, 0.00230788835324, 0.00239323847927, 0.00188619212713, 0.000242940790486, 0.000427788443631, 0.000724393816199, 0.000415505928686, 0.000233122773352, 0.000226577831199, 0.000251485151239, 0.000269300828222, 0.000315135723213, 0.000158140072017, 0.000116254617751, 6.09457965766e-05, 0.000189889222383, 7.29345774744e-05, 8.57254781295e-05, 2.86211707134e-05, 1.63928325492e-05],
        "dmean2": [0.000255064980593, 0.000167096630321, 0.00031846461934, 0.00091708189575, 0.0165667366236, 0.0292371250689, 0.00455981167033, 0.00259616738185, 0.00373147800565, 0.00271560787223, 0.000387937529013, 0.000700092932675, 0.00133593543433, 0.000726124388166, 0.000328663532855, 0.000367644592188, 0.000470912142191, 0.000501258880831, 0.000519721768796, 0.000252718891716, 0.000203700968996, 0.000101034238469, 0.000266394927166, 0.000107836371171, 0.000129777239636, 3.85014609492e-05, 2.0799034246e-05],
        "dvar": [1.87315583844e-06, 9.9516012142e-07, 3.69196163774e-06, 1.29392838062e-05, 0.00662134541199, 0.00838718749583, 0.000248361902777, 0.000319673417835, 0.000338582904078, 0.00016855787544, 2.51674009633e-06, 3.70089583157e-06, 1.79011931323e-05, 4.264511972e-06, 1.05127378447e-06, 1.17545482681e-06, 1.9973599592e-06, 2.48667083724e-06, 3.48985099663e-06, 6.06703906669e-07, 3.22046389556e-07, 5.71518654624e-08, 1.47409173223e-06, 1.00846783369e-07, 3.09870557658e-07, 2.44447271314e-08, 1.37248159504e-08],
        "dvar2": [5.03776755068e-06, 1.54007761921e-06, 8.81008963916e-06, 3.86141946365e-05, 0.01452862937, 0.029508491978, 0.000782826216891, 0.000536000181455, 0.000843405374326, 0.000384023674997, 4.81036522615e-06, 8.68798360898e-06, 5.97813159402e-05, 1.06047109512e-05, 2.00014596885e-06, 2.77121944237e-06, 5.99243094257e-06, 8.08286858955e-06, 9.46001000557e-06, 1.80576932962e-06, 1.04221351194e-06, 1.54092148819e-07, 3.07650861942e-06, 2.18016893427e-07, 5.35350750397e-07, 3.57151783703e-08, 1.78886025992e-08],
        "max": [0.0218755099922, 0.0213485080749, 0.0342147350311, 0.046931874007, 1.34182488918, 1.0169968605, 0.221996888518, 0.373129785061, 0.327065318823, 0.26371717453, 0.030815910548, 0.0263229385018, 0.0658808350563, 0.0385147854686, 0.0194980446249, 0.0213584452868, 0.0211346745491, 0.0209568925202, 0.0259899422526, 0.0124952131882, 0.00698379613459, 0.00301671540365, 0.0224650278687, 0.00488050328568, 0.00870375428349, 0.00290226470679, 0.00233548157848],
        "mean": [0.000134073197842, 0.000210567464819, 0.00019268966571, 0.000439266703324, 0.0170662607998, 0.016160806641, 0.00296072708443, 0.00290248543024, 0.00289192819037, 0.00318047124892, 0.000647954817396, 0.000647570472211, 0.00105179962702, 0.000665971310809, 0.000428429397289, 0.000361967686331, 0.000328471563989, 0.000301588705042, 0.000390654691728, 0.000194806198124, 0.000118571551866, 7.58244350436e-05, 0.000182805233635, 7.32289408916e-05, 0.000117990173749, 3.53480172635e-05, 2.32312540902e-05],
        "median": [1.35795744427e-05, 1.45826788867e-06, 1.01207535863e-06, 5.45018428966e-06, 1.32940640469e-05, 1.12141478894e-05, 6.07587662671e-06, 4.46601916337e-06, 5.64572565054e-06, 3.41300074069e-06, 2.22917401516e-06, 1.94506628759e-06, 1.50794130604e-06, 1.9135477487e-06, 1.44119746892e-06, 1.7352147097e-06, 2.22573748943e-06, 2.37837934947e-06, 1.43157342336e-06, 3.41096665579e-06, 3.18197635352e-06, 1.68242468135e-06, 1.32319030399e-06, 1.65014728282e-06, 1.79925507382e-06, 8.5607280198e-07, 4.82975428895e-06],
        "min": [5.12916500384e-08, 1.04578084859e-07, 9.44176203888e-09, 3.80564770808e-08, 4.43582237608e-08, 9.14713211841e-08, 9.46966025595e-08, 5.3319851645e-08, 4.81856226031e-08, 3.59511744819e-08, 1.99225240749e-08, 2.30599823681e-08, 9.02851304829e-09, 1.03830490872e-08, 4.27703206185e-09, 2.58878030124e-09, 1.96612348624e-09, 2.76379208408e-09, 4.0498933096e-09, 1.99314942328e-09, 2.8473050584e-09, 3.67674468649e-09, 2.75747669143e-09, 3.91231624874e-09, 4.95517937793e-09, 1.39999727367e-08, 8.35372375718e-08],
        "var": [1.59827879997e-06, 2.94394999401e-06, 3.84563827538e-06, 9.98039831757e-06, 0.0136921713129, 0.0113936113194, 0.000325995672029, 0.000617478042841, 0.000446265126811, 0.000369461253285, 1.24405141833e-05, 8.73293083714e-06, 3.03339784296e-05, 1.2193791008e-05, 4.30797535955e-06, 3.47775062437e-06, 3.21994048136e-06, 2.78330480796e-06, 4.83096800963e-06, 8.22125628019e-07, 3.07551488277e-07, 8.32049664723e-08, 1.91936192095e-06, 1.40784635505e-07, 6.618948305e-07, 5.56438131127e-08, 2.77746448063e-08]
    },
    "erbbands": {
        "dmean": [0.00799551140517, 0.0302262678742, 0.209066927433, 0.778800547123, 7.85170173645, 56.2292900085, 129.568466187, 66.5551071167, 34.1432685852, 52.2905006409, 29.7318000793, 50.671295166, 84.5571212769, 31.3886642456, 10.7717590332, 15.8084783554, 27.4137802124, 29.0937309265, 14.96210289, 11.2323865891, 14.2535667419, 13.5887260437, 16.0230388641, 17.4895172119, 10.7872467041, 6.88872289658, 5.55118370056, 3.6889321804, 2.47626829147, 4.48619508743, 4.42171049118, 1.52059388161, 1.42654728889, 1.11678314209, 0.552327275276, 0.165728628635, 0.052270963788, 0.0117682563141, 0.00317503279075, 0.000142601464177],
        "dmean2": [0.0131477499381, 0.0519665516913, 0.311799615622, 1.30466175079, 12.0294380188, 93.3602905273, 250.06729126, 125.835792542, 62.157913208, 74.0588531494, 46.9511222839, 87.5422515869, 123.838699341, 45.0363998413, 15.7186985016, 24.6408309937, 49.5984840393, 55.0973777771, 20.3428897858, 18.2505760193, 24.7853679657, 25.4915866852, 29.7216911316, 29.4717388153, 18.1585712433, 11.1078195572, 9.43257522583, 6.30365228653, 4.17041921616, 6.01496267319, 6.54871845245, 2.33473992348, 2.22751140594, 1.61374521255, 0.932155966759, 0.21818177402, 0.0787893682718, 0.0183712765574, 0.00350990565494, 0.000202766153961],
        "dvar": [0.00531862629578, 0.0585667081177, 2.61265993118, 25.7808628082, 3054.98925781, 214661.484375, 643738.875, 179293.578125, 55017.2617188, 147970.09375, 56791.1601562, 185098.859375, 379991.46875, 36522.1601562, 2851.46166992, 5324.80419922, 24106.9589844, 27175.0800781, 3586.17431641, 2732.50830078, 6720.32861328, 5285.46044922, 8257.94042969, 10699.7050781, 3988.37841797, 1148.17871094, 728.916931152, 315.629302979, 102.185882568, 673.856872559, 691.293823242, 48.7902297974, 53.4146156311, 52.7376861572, 11.9492349625, 0.665866553783, 0.154084190726, 0.00865456555039, 0.000511228630785, 5.02556247284e-07],
        "dvar2": [0.0112911053002, 0.149358645082, 5.98949432373, 67.747505188, 5729.90576172, 472770.28125, 2292331.75, 565557.6875, 178508.6875, 339337.59375, 90215.4296875, 536360.5625, 945116.25, 76993.609375, 5058.93017578, 10739.4091797, 76091.4453125, 81970.046875, 6515.15087891, 5899.10449219, 18089.375, 14942.5351562, 27059.4375, 30374.4257812, 11319.5654297, 3276.10864258, 2282.79956055, 1007.34790039, 283.889312744, 1235.69006348, 1548.8951416, 119.858558655, 108.79309845, 83.8376693726, 24.1590690613, 0.975210130215, 0.284178107977, 0.0142767475918, 0.000731848063879, 8.45076954192e-07],
        "max": [1.23757696152, 3.69874572754, 29.2974185944, 72.9104156494, 972.197998047, 7309.53027344, 7538.09277344, 6334.74169922, 3392.24975586, 7453.9765625, 4737.61083984, 7066.56054688, 11332.4462891, 3620.75854492, 1213.23974609, 1092.57275391, 2508.54663086, 2668.37670898, 1203.05187988, 784.760620117, 1564.3482666, 1125.51867676, 1164.38513184, 1469.5423584, 938.403625488, 563.158203125, 383.026580811, 224.858352661, 136.276580811, 492.781219482, 463.436920166, 94.9048690796, 120.642860413, 124.449981689, 50.9407653809, 14.5810222626, 6.52830934525, 1.52964842319, 0.466569334269, 0.0131412809715],
        "mean": [0.00910092424601, 0.0392934717238, 0.193583622575, 0.95097720623, 12.9602689743, 91.1316146851, 123.152244568, 104.631774902, 39.5407981873, 63.7308731079, 53.1798324585, 59.1702842712, 105.638946533, 69.0605010986, 28.2569255829, 29.147895813, 44.4544944763, 40.6457862854, 27.2283344269, 18.5263328552, 20.9441013336, 18.4601039886, 18.0508117676, 21.763256073, 13.6622009277, 8.72113704681, 5.98514175415, 3.88976550102, 3.04236245155, 4.62941122055, 4.2467675209, 1.45870828629, 1.45519447327, 1.43868803978, 0.737120211124, 0.197776958346, 0.065796174109, 0.0155666423962, 0.00392780266702, 0.000261088309344],
        "median": [0.000114346948976, 0.000282178487396, 0.0012079901062, 0.0101169971749, 0.0275803096592, 0.0437974594533, 0.0576260313392, 0.104845538735, 0.0891240090132, 0.101148545742, 0.120806276798, 0.140166372061, 0.118042297661, 0.0945449769497, 0.0986066609621, 0.0774561315775, 0.0797373577952, 0.0928552523255, 0.085309587419, 0.0864374563098, 0.109562017024, 0.151291966438, 0.126903548837, 0.130041643977, 0.0864305794239, 0.16407302022, 0.17302004993, 0.112491838634, 0.0712388455868, 0.0483794100583, 0.0364941805601, 0.0361844711006, 0.0267484299839, 0.0224172696471, 0.0115375854075, 0.0041653746739, 0.0012576058507, 0.000942988670431, 0.000532691774424, 9.70803739619e-05],
        "min": [8.76555895957e-06, 1.73717344296e-05, 5.49099095224e-05, 0.00023943746055, 0.000190497827134, 0.000133186098537, 0.000241527930484, 0.000944325583987, 0.00134092348162, 0.00150661543012, 0.000913772790227, 0.00104873173404, 0.00131322420202, 0.00101540912874, 0.000833349418826, 0.000862425076775, 0.000424655852839, 0.000509700912517, 0.00035802819184, 0.000204437063076, 0.00011528863979, 0.00011961653945, 0.000149074301589, 0.000247790594585, 0.000126746381284, 0.000113748646982, 0.000147897837451, 6.94996924722e-05, 0.000104862469016, 0.00013752860832, 7.00638265698e-05, 8.43200396048e-05, 6.38577912468e-05, 5.54746075068e-05, 3.57326389349e-05, 2.87681996269e-05, 2.74427784461e-05, 3.43841384165e-05, 1.10727587526e-05, 1.38760924528e-06],
        "var": [0.00741832330823, 0.0998853668571, 3.18142986298, 38.7234992981, 7755.64746094, 427671.1875, 671534.75, 440073.1875, 61124.765625, 234975.859375, 157005.765625, 191643.4375, 531453.0625, 154172.328125, 20951.8261719, 16976.9042969, 49447.9101562, 52146.40625, 17102.2734375, 7998.30273438, 13635.9375, 9471.33984375, 9642.2109375, 14064.2548828, 5020.27539062, 1598.28930664, 768.931640625, 312.07623291, 139.602890015, 1010.17181396, 846.368347168, 51.8919219971, 75.1932754517, 108.013404846, 24.2571964264, 1.50154983997, 0.266006857157, 0.0157397072762, 0.00095972820418, 9.86876443676e-07]
    },
    "gfcc": {
        "mean": [-170.638244629, 23.8216247559, -95.0204086304, -5.55102491379, -58.3425598145, -13.1223945618, -33.1799354553, -6.0162525177, -19.6699428558, -5.57791852951, -12.0925502777, -4.73266410828, -4.56302833557],
        "cov": [[14226.1914062, 1403.23754883, -3657.82495117, 420.422668457, -1367.86279297, -390.046875, -1197.6295166, -110.071975708, -856.142089844, -395.088592529, -509.690460205, -3.47871088982, 26.1626930237], [1403.23754883, 2259.07006836, -562.84185791, -971.836303711, 11.4090766907, -201.596633911, 10.7555608749, -296.047424316, -6.25051736832, -123.148521423, -165.023223877, -76.3654937744, 139.828079224], [-3657.82495117, -562.84185791, 2121.26171875, 328.665344238, -99.5206375122, -40.8671188354, 218.357971191, 108.323348999, 163.350158691, 109.339920044, 51.9491043091, 2.38459849358, -23.2768440247], [420.422668457, -971.836303711, 328.665344238, 842.391052246, -270.675506592, -32.8583450317, -126.073440552, 153.531814575, -43.0462150574, 15.6073694229, -41.2310600281, 15.6487016678, -36.8371429443], [-1367.86279297, 11.4090766907, -99.5206375122, -270.675506592, 582.971679688, 171.47769165, 167.766052246, -38.1047821045, 93.4550094604, 49.238155365, 154.09324646, 31.507270813, -33.1095542908], [-390.046875, -201.596633911, -40.8671188354, -32.8583450317, 171.47769165, 176.802520752, 58.4226112366, -0.677647471428, 12.1755886078, 34.6985626221, 65.6259231567, 19.632724762, -26.5291805267], [-1197.6295166, 10.7555608749, 218.357971191, -126.073440552, 167.766052246, 58.4226112366, 263.947631836, 33.4650306702, 60.7560806274, 30.3165149689, 87.1671600342, 3.12537121773, 8.04200744629], [-110.071975708, -296.047424316, 108.323348999, 153.531814575, -38.1047821045, -0.677647471428, 33.4650306702, 121.794792175, 6.27097845078, 6.26654195786, 16.4480724335, 5.54038047791, -5.16456890106], [-856.142089844, -6.25051736832, 163.350158691, -43.0462150574, 93.4550094604, 12.1755886078, 60.7560806274, 6.27097845078, 177.191589355, 56.1338539124, -19.0531787872, -0.183580085635, 43.0723342896], [-395.088592529, -123.148521423, 109.339920044, 15.6073694229, 49.238155365, 34.6985626221, 30.3165149689, 6.26654195786, 56.1338539124, 104.960784912, 54.9818305969, 13.5095891953, -3.12745881081], [-509.690460205, -165.023223877, 51.9491043091, -41.2310600281, 154.09324646, 65.6259231567, 87.1671600342, 16.4480724335, -19.0531787872, 54.9818305969, 198.352294922, 47.8678398132, -60.8196678162], [-3.47871088982, -76.3654937744, 2.38459849358, 15.6487016678, 31.507270813, 19.632724762, 3.12537121773, 5.54038047791, -0.183580085635, 13.5095891953, 47.8678398132, 56.0292205811, -4.28879356384], [26.1626930237, 139.828079224, -23.2768440247, -36.8371429443, -33.1095542908, -26.5291805267, 8.04200744629, -5.16456890106, 43.0723342896, -3.12745881081, -60.8196678162, -4.28879356384, 81.5559005737]],
        "icov": [[0.000685181992594, -0.000896308745723, 0.000977646675892, -0.000877602549735, 0.000941161124501, -0.000663145678118, 0.00119869061746, -0.00137951271608, 0.0014667743817, -0.000713942630682, 0.000552911718842, -0.00144517235458, 0.000694676535204], [-0.000896308745723, 0.00295290583745, -0.00117162358947, 0.00280044600368, -0.00111041823402, 0.0027097275015, -0.00200490001589, 0.00392910977826, -0.00144127127714, 0.00136329617817, -0.000162547526998, 0.00227542337961, -0.00215567834675], [0.000977646675892, -0.00117162358947, 0.00209874589927, -0.00146755308378, 0.00167718098965, -0.000544183305465, 0.000822098401841, -0.0016386739444, 0.00140811793972, -0.00128708954435, 0.000860788626596, -0.00214324938133, 0.00168649980333], [-0.000877602549735, 0.00280044600368, -0.00146755308378, 0.00493023032323, -0.00056681962451, 0.00208135694265, -0.000756512803491, 0.000990268192254, -0.00108276144601, 0.000584883848205, 0.000610605289694, 0.0012378153624, -0.00101286824793], [0.000941161124501, -0.00111041823402, 0.00167718098965, -0.00056681962451, 0.00544763915241, -0.00336318812333, 0.000641489867121, -0.000718128459994, -0.000861378735863, 0.000575096812099, -0.00157177855726, -0.0018602743512, 0.00204043090343], [-0.000663145678118, 0.0027097275015, -0.000544183305465, 0.00208135694265, -0.00336318812333, 0.0115612307563, -0.00292460271157, 0.00353797967546, 0.000416175695136, -0.00162903300952, 0.00142549630255, -7.35384674044e-05, 3.63997714885e-05], [0.00119869061746, -0.00200490001589, 0.000822098401841, -0.000756512803491, 0.000641489867121, -0.00292460271157, 0.00996368285269, -0.00591475563124, 0.00157698709518, 0.000198811394512, -0.00312612880953, 0.000669071043376, -0.00222348072566], [-0.00137951271608, 0.00392910977826, -0.0016386739444, 0.000990268192254, -0.000718128459994, 0.00353797967546, -0.00591475563124, 0.0181796438992, -0.00385351781733, 0.00348613923416, -0.00233170180582, 0.0036608283408, -0.00309803872369], [0.0014667743817, -0.00144127127714, 0.00140811793972, -0.00108276144601, -0.000861378735863, 0.000416175695136, 0.00157698709518, -0.00385351781733, 0.0150200724602, -0.00817351881415, 0.00609403522685, -0.00438709370792, -0.00263263448142], [-0.000713942630682, 0.00136329617817, -0.00128708954435, 0.000584883848205, 0.000575096812099, -0.00162903300952, 0.000198811394512, 0.00348613923416, -0.00817351881415, 0.0177399646491, -0.00818510074168, 0.00404042098671, -0.00320130772889], [0.000552911718842, -0.000162547526998, 0.000860788626596, 0.000610605289694, -0.00157177855726, 0.00142549630255, -0.00312612880953, -0.00233170180582, 0.00609403522685, -0.00818510074168, 0.0169414225966, -0.0113877607509, 0.00911173783243], [-0.00144517235458, 0.00227542337961, -0.00214324938133, 0.0012378153624, -0.0018602743512, -7.35384674044e-05, 0.000669071043376, 0.0036608283408, -0.00438709370792, 0.00404042098671, -0.0113877607509, 0.02936110273, -0.00857993494719], [0.000694676535204, -0.00215567834675, 0.00168649980333, -0.00101286824793, 0.00204043090343, 3.63997714885e-05, -0.00222348072566, -0.00309803872369, -0.00263263448142, -0.00320130772889, 0.00911173783243, -0.00857993494719, 0.0242331530899]]
    },
    "melbands": {
        "dmean": [4.98334884469e-05, 8.5733277956e-05, 0.000179023394594, 0.00213960697874, 0.00363309751265, 0.00188386056107, 0.000474770902656, 0.000608592003118, 0.000262600631686, 0.000329750851961, 0.000407397048548, 0.000152091903146, 3.4221997339e-05, 3.92273395846e-05, 5.21433939866e-05, 7.77383320383e-05, 5.51402627025e-05, 2.81973461824e-05, 1.83544852916e-05, 1.28127812786e-05, 1.85891603905e-05, 1.35953068821e-05, 1.61839907378e-05, 1.2280734154e-05, 1.48167346197e-05, 1.05110302684e-05, 6.07777792538e-06, 4.13554516854e-06, 4.07772949984e-06, 2.49509071182e-06, 1.87213424852e-06, 1.38445568609e-06, 1.20117260849e-06, 3.74662818103e-06, 3.3945245832e-06, 1.20947549931e-06, 7.83775874424e-07, 1.0429946542e-06, 8.76270974004e-07, 1.02522290035e-06],
        "dmean2": [7.42705742596e-05, 0.000135609399877, 0.000275917322142, 0.00377782573923, 0.00694479700178, 0.00358945084736, 0.000872148666531, 0.000841816654429, 0.000426706857979, 0.000541897956282, 0.000581139582209, 0.000231059733778, 5.05912576045e-05, 6.15727331024e-05, 8.34694437799e-05, 0.000142761535244, 0.000104361090052, 4.04636011808e-05, 2.78953339148e-05, 2.17931738007e-05, 3.264393672e-05, 2.54037840932e-05, 3.08608468913e-05, 2.27778546105e-05, 2.48335200013e-05, 1.73639637069e-05, 1.01105497379e-05, 6.87018655299e-06, 7.01645012668e-06, 4.22712673753e-06, 3.16491559715e-06, 2.44923398895e-06, 1.93875507648e-06, 4.9287668844e-06, 5.14117755301e-06, 1.92967672774e-06, 1.25566589304e-06, 1.57983924964e-06, 1.41079738114e-06, 1.4570264284e-06],
        "dvar": [1.7535853658e-07, 4.43859050847e-07, 1.32892307647e-06, 0.000333297793986, 0.000569676165469, 0.000135037320433, 1.146285922e-05, 2.15530744754e-05, 3.52059305442e-06, 7.32757553124e-06, 8.251019608e-06, 8.29151076687e-07, 3.5454661429e-08, 2.88030328477e-08, 7.72151622641e-08, 2.24845152275e-07, 9.18640097325e-08, 1.45096690218e-08, 7.26334858925e-09, 4.4117118847e-09, 1.30356410111e-08, 4.73215466812e-09, 1.02886952291e-08, 5.05494668346e-09, 7.61219709489e-09, 4.40347891484e-09, 9.81601244732e-10, 4.08276995545e-10, 4.49742770803e-10, 1.29050381492e-10, 7.26713828003e-11, 3.49858718385e-11, 2.50943293922e-11, 6.82068845848e-10, 5.58630308678e-10, 4.86718131076e-11, 1.19081506808e-11, 2.86580013192e-11, 2.80388975926e-11, 5.15838725901e-11],
        "dvar2": [3.23430953131e-07, 1.08333199478e-06, 3.14595149575e-06, 0.00069355830783, 0.00189735286403, 0.000449417653726, 3.69458030036e-05, 4.84535230498e-05, 7.74576346885e-06, 1.9793626052e-05, 1.99490714294e-05, 2.07585344469e-06, 6.55076206613e-08, 6.40796500306e-08, 1.55178952355e-07, 7.18746832717e-07, 2.822195313e-07, 3.12933963187e-08, 1.53790615798e-08, 8.7268574589e-09, 3.81411418005e-08, 1.30077619787e-08, 3.17244612802e-08, 1.65936953067e-08, 2.0997111605e-08, 1.20574918938e-08, 3.04689939945e-09, 1.07867081933e-09, 1.41154987698e-09, 4.04261762954e-10, 2.29657487472e-10, 9.52700834889e-11, 6.80489276039e-11, 1.27888277746e-09, 1.29053279174e-09, 1.22536647496e-10, 2.84778780418e-11, 5.93929627701e-11, 6.2907477838e-11, 7.16301323811e-11],
        "max": [0.00816630851477, 0.0117218811065, 0.0178059320897, 0.281875997782, 0.276266425848, 0.151229247451, 0.0495941117406, 0.0899387449026, 0.0338468626142, 0.046505831182, 0.0534286610782, 0.0156826935709, 0.00426676915959, 0.00265102111734, 0.00517409155145, 0.00790657103062, 0.00464875018224, 0.00213764538057, 0.00131801737007, 0.00114510930143, 0.00205130269751, 0.00103465362918, 0.00152643350884, 0.000985524733551, 0.00120580545627, 0.000928724708501, 0.000455818779301, 0.000337963749189, 0.000302503816783, 0.000143842160469, 0.000105381950561, 8.7850545242e-05, 6.28957932349e-05, 0.000504857627675, 0.000427280203439, 0.000110089349619, 4.37175149273e-05, 9.43528284552e-05, 6.19796410319e-05, 0.000131700158818],
        "mean": [7.42709889892e-05, 8.05813542684e-05, 0.000269960466539, 0.00364804523997, 0.00431766174734, 0.00252088229172, 0.000568947230931, 0.000709768559318, 0.000419245538069, 0.000388843909604, 0.000522449030541, 0.000289588031592, 8.92593307071e-05, 6.93838301231e-05, 9.68626336544e-05, 0.000100854849734, 7.12619585101e-05, 4.38812530774e-05, 3.1154959288e-05, 2.30788718909e-05, 2.42333699134e-05, 1.88061367226e-05, 1.87866280612e-05, 1.34898627948e-05, 1.85096669156e-05, 1.23628597066e-05, 7.48084357838e-06, 5.29641420144e-06, 4.20788182964e-06, 2.7235782909e-06, 1.95240409084e-06, 1.76897140136e-06, 1.287011969e-06, 3.74808359993e-06, 3.22703408528e-06, 1.07796392967e-06, 7.65107472489e-07, 1.04936441403e-06, 9.13665928692e-07, 1.37538063427e-06],
        "median": [1.43828640375e-06, 4.42319390004e-07, 2.24701079787e-06, 2.82766427517e-06, 2.54966334978e-06, 2.29427973863e-06, 1.40555857797e-06, 1.0984384744e-06, 9.38027369557e-07, 8.65417746354e-07, 5.74582202262e-07, 3.71074520444e-07, 3.34872055419e-07, 2.24194295129e-07, 1.66962507819e-07, 1.48041607417e-07, 1.6140596415e-07, 1.49512814573e-07, 1.18188282272e-07, 1.12149990628e-07, 1.23055102108e-07, 1.31132381398e-07, 8.82182504824e-08, 1.14591131251e-07, 9.95314550778e-08, 4.32309654741e-08, 7.45687245285e-08, 1.10865755687e-07, 1.13760826537e-07, 7.66736860669e-08, 5.36146522734e-08, 3.92230745661e-08, 2.60658730156e-08, 2.16906546058e-08, 2.03006891297e-08, 2.39340636199e-08, 2.00563583519e-08, 1.59713522407e-08, 1.54060018076e-08, 1.82570722984e-08],
        "min": [3.20747801652e-08, 1.16578160458e-08, 4.08845721722e-08, 1.10481632731e-08, 7.74945529969e-09, 2.09290291764e-08, 2.03390779774e-08, 1.59183066728e-08, 6.87422208046e-09, 6.83888101705e-09, 6.43582165338e-09, 4.04865652115e-09, 2.62573185417e-09, 2.70782529732e-09, 1.61360225182e-09, 7.85904674672e-10, 9.67341207136e-10, 6.59457544128e-10, 2.76113298892e-10, 2.30900326637e-10, 1.10225703565e-10, 1.09783127034e-10, 1.26725713256e-10, 1.42170192285e-10, 2.16190274016e-10, 1.25794222261e-10, 5.7861684194e-11, 7.18326786942e-11, 9.44741507247e-11, 6.3721403154e-11, 3.15838084852e-11, 4.34169818153e-11, 1.0326228761e-10, 6.35157412776e-11, 3.78113027e-11, 4.20154397385e-11, 5.78805128826e-11, 5.25315450861e-11, 3.00322440527e-11, 5.3748876877e-11],
        "var": [3.90650029658e-07, 5.29750309397e-07, 2.6344134767e-06, 0.000702967518009, 0.000782195245847, 0.000261195993517, 1.24781163322e-05, 3.2559815736e-05, 8.8487231551e-06, 8.33384001453e-06, 1.23724630612e-05, 2.69226802629e-06, 2.1932045513e-07, 1.00573082307e-07, 2.2468047689e-07, 3.45094719023e-07, 1.62403281934e-07, 4.62176394933e-08, 2.31388632699e-08, 1.35263276135e-08, 1.98337311019e-08, 9.26550303149e-09, 1.2902458657e-08, 5.15322007288e-09, 1.07395541349e-08, 5.05483477298e-09, 1.28136523614e-09, 6.03110505981e-10, 4.2974407366e-10, 1.42134373715e-10, 7.67561014747e-11, 5.21964693689e-11, 2.65718263365e-11, 9.74489489103e-10, 6.52510045995e-10, 4.25228428858e-11, 1.32386133306e-11, 4.12936698724e-11, 3.2121822563e-11, 1.15600674866e-10]
    },
    "mfcc": {
        "mean": [-830.373779297, 88.5320892334, 4.19910621643, 6.83715677261, -8.23195552826, -7.94391870499, -7.3711848259, -7.25296163559, -3.39130711555, -4.03480005264, -5.49568986893, -0.933720469475, -5.10937786102],
        "cov": [[17399.9726562, 158.949890137, -2744.90991211, -242.584182739, -781.652954102, -718.180664062, -780.336120605, -384.100738525, -546.950012207, -600.317382812, -712.33770752, -561.677978516, -409.925994873], [158.949890137, 2573.2434082, -622.028015137, -693.502685547, -176.326690674, -3.32935452461, -105.272148132, -155.485961914, 100.774749756, -157.694015503, -151.415557861, 23.1049728394, -132.655426025], [-2744.90991211, -622.028015137, 1834.48388672, 546.272644043, -65.9989624023, -86.312210083, -29.4877223969, 8.84731960297, 113.143989563, 81.0475463867, 34.5128288269, 26.5487575531, 62.960899353], [-242.584182739, -693.502685547, 546.272644043, 467.498260498, 8.45522975922, -63.5094985962, -23.1968212128, 27.8141174316, 37.4623184204, 35.8725585938, 10.0844564438, -4.06599235535, 32.0588340759], [-781.652954102, -176.326690674, -65.9989624023, 8.45522975922, 266.081420898, 125.566871643, 61.8030281067, 49.108707428, -19.5199146271, 46.078212738, 70.9794540405, 43.1754989624, 48.5342140198], [-718.180664062, -3.32935452461, -86.312210083, -63.5094985962, 125.566871643, 196.492584229, 70.2073364258, 24.9172096252, 22.836555481, 25.2671279907, 65.4581756592, 60.1917762756, 23.091047287], [-780.336120605, -105.272148132, -29.4877223969, -23.1968212128, 61.8030281067, 70.2073364258, 293.639373779, 89.2103424072, -98.1322937012, 50.9794578552, 129.3984375, -9.1172876358, 43.046710968], [-384.100738525, -155.485961914, 8.84731960297, 27.8141174316, 49.108707428, 24.9172096252, 89.2103424072, 110.236763, 2.63732790947, 33.9666213989, 41.6611595154, -7.8503370285, 21.347776413], [-546.950012207, 100.774749756, 113.143989563, 37.4623184204, -19.5199146271, 22.836555481, -98.1322937012, 2.63732790947, 245.356552124, 30.7232990265, -64.3405838013, 62.7463150024, -17.3548088074], [-600.317382812, -157.694015503, 81.0475463867, 35.8725585938, 46.078212738, 25.2671279907, 50.9794578552, 33.9666213989, 30.7232990265, 113.899360657, 44.8334503174, 8.34662628174, 30.1863899231], [-712.33770752, -151.415557861, 34.5128288269, 10.0844564438, 70.9794540405, 65.4581756592, 129.3984375, 41.6611595154, -64.3405838013, 44.8334503174, 151.649765015, 29.7844409943, 51.5311851501], [-561.677978516, 23.1049728394, 26.5487575531, -4.06599235535, 43.1754989624, 60.1917762756, -9.1172876358, -7.8503370285, 62.7463150024, 8.34662628174, 29.7844409943, 109.672805786, 26.9606609344], [-409.925994873, -132.655426025, 62.960899353, 32.0588340759, 48.5342140198, 23.091047287, 43.046710968, 21.347776413, -17.3548088074, 30.1863899231, 51.5311851501, 26.9606609344, 80.0806732178]],
