{
"lowlevel": {
    "average_loudness": 0.988744914532,
    "barkbands_crest": {
        "dmean": 0.553964853287,
        "dmean2": 0.591808736324,
        "dvar": 0.75183403492,
        "dvar2": 0.558759212494,
        "max": 21.4779434204,
        "mean": 20.2210254669,
        "median": 20.1968421936,
        "min": 6.21961069107,
        "var": 1.23884749413
    },
    "barkbands_flatness_db": {
        "dmean": 0.0312444102019,
        "dmean2": 0.0486841239035,
        "dvar": 0.000689624750521,
        "dvar2": 0.00136393669527,
        "max": 0.45328488946,
        "mean": 0.35882216692,
        "median": 0.3602014184,
        "min": 0.0881369411945,
        "var": 0.00126779335551
    },
    "barkbands_kurtosis": {
        "dmean": 30.1568565369,
        "dmean2": 49.1733970642,
        "dvar": 671.545715332,
        "dvar2": 1632.82946777,
        "max": 192.700500488,
        "mean": 135.805648804,
        "median": 141.618133545,
        "min": 8.06296062469,
        "var": 959.155883789
    },
    "barkbands_skewness": {
        "dmean": 0.934367060661,
        "dmean2": 1.56540799141,
        "dvar": 0.920036196709,
        "dvar2": 2.09390592575,
        "max": 11.2253408432,
        "mean": 9.31146240234,
        "median": 9.53136730194,
        "min": 2.58608484268,
        "var": 1.1488468647
    },
    "barkbands_spread": {
        "dmean": 0.661496043205,
        "dmean2": 1.05815601349,
        "dvar": 1.04928958416,
        "dvar2": 1.64407455921,
        "max": 15.9607820511,
        "mean": 1.32193303108,
        "median": 1.10350298882,
        "min": 0.472819656134,
        "var": 1.16369283199
    },
    "dissonance": {
        "dmean": 0.00920305773616,
        "dmean2": 0.0147932209074,
        "dvar": 0.000106706473161,
        "dvar2": 0.000183547483175,
        "max": 0.497812181711,
        "mean": 0.480577260256,
        "median": 0.481885880232,
        "min": 0.330400943756,
        "var": 0.000137181355967
    },
    "dynamic_complexity": 0.300471305847,
    "erbbands_crest": {
        "dmean": 2.11831974983,
        "dmean2": 3.00854730606,
        "dvar": 3.35332250595,
        "dvar2": 6.94502449036,
        "max": 23.4824504852,
        "mean": 16.9653434753,
        "median": 16.8146858215,
        "min": 2.6123521328,
        "var": 5.95031166077
    },
    "erbbands_flatness_db": {
        "dmean": 0.0236141663045,
        "dmean2": 0.0360930263996,
        "dvar": 0.000387066276744,
        "dvar2": 0.00075870193541,
        "max": 0.317388474941,
        "mean": 0.234385788441,
        "median": 0.233909517527,
        "min": 0.0754012688994,
        "var": 0.000751427200157
    },
    "erbbands_kurtosis": {
        "dmean": 5.29151344299,
        "dmean2": 8.52944087982,
        "dvar": 25.651506424,
        "dvar2": 58.9148635864,
        "max": 34.4355583191,
        "mean": 5.66793251038,
        "median": 3.76788139343,
        "min": -1.78089690208,
        "var": 37.9136009216
    },
    "erbbands_skewness": {
        "dmean": 0.928718328476,
        "dmean2": 1.45798003674,
        "dvar": 0.505977571011,
        "dvar2": 1.1694060564,
        "max": 5.40825653076,
        "mean": 2.40759468079,
        "median": 2.27995371819,
        "min": 0.0084700230509,
        "var": 0.964550197124
    },
    "erbbands_spread": {
        "dmean": 19.9667110443,
        "dmean2": 31.9883975983,
        "dvar": 251.515792847,
        "dvar2": 602.544311523,
        "max": 102.686676025,
        "mean": 44.0667533875,
        "median": 41.9569740295,
        "min": 7.72483634949,
        "var": 433.745880127
    },
    "hfc": {
        "dmean": 3.4631986618,
        "dmean2": 3.90714001656,
        "dvar": 5.0378613472,
        "dvar2": 6.6474275589,
        "max": 30.2747688293,
        "mean": 21.0726070404,
        "median": 21.2358055115,
        "min": 1.43189823627,
        "var": 18.0030517578
    },
    "melbands_crest": {
        "dmean": 1.47907602787,
        "dmean2": 1.39998102188,
        "dvar": 1.38590526581,
        "dvar2": 1.28636276722,
        "max": 31.8070106506,
        "mean": 29.0009346008,
        "median": 28.9983692169,
        "min": 11.9453725815,
        "var": 3.93987131119
    },
    "melbands_flatness_db": {
        "dmean": 0.0373514443636,
        "dmean2": 0.0584850497544,
        "dvar": 0.0009409780032,
        "dvar2": 0.00194506568369,
        "max": 0.590281784534,
        "mean": 0.47908270359,
        "median": 0.479964643717,
        "min": 0.196159496903,
        "var": 0.00170023343526
    },
    "melbands_kurtosis": {
        "dmean": 54.5092926025,
        "dmean2": 86.9979476929,
        "dvar": 2258.27685547,
        "dvar2": 5431.77197266,
        "max": 479.61126709,
        "mean": 319.958740234,
        "median": 325.794006348,
        "min": 18.9665203094,
        "var": 3643.78930664
    },
    "melbands_skewness": {
        "dmean": 2.13324260712,
        "dmean2": 3.32820391655,
        "dvar": 3.21021175385,
        "dvar2": 7.01502466202,
        "max": 16.4831733704,
        "mean": 12.6113634109,
        "median": 13.2321691513,
        "min": 3.49914073944,
        "var": 5.92640638351
    },
    "melbands_spread": {
        "dmean": 0.301753133535,
        "dmean2": 0.478862076998,
        "dvar": 0.376897364855,
        "dvar2": 0.479789942503,
        "max": 10.8509120941,
        "mean": 0.781175494194,
        "median": 0.666955292225,
        "min": 0.376175552607,
        "var": 0.404786407948
    },
    "pitch_salience": {
        "dmean": 0.0242448691279,
        "dmean2": 0.0292971357703,
        "dvar": 0.00146871025208,
        "dvar2": 0.00158634281252,
        "max": 0.836199700832,
        "mean": 0.272628188133,
        "median": 0.272568047047,
        "min": 0.208393514156,
        "var": 0.00202717259526
    },
    "silence_rate_20dB": {
        "dmean": 0,
        "dmean2": 0,
        "dvar": 0,
        "dvar2": 0,
        "max": 1,
        "mean": 1,
        "median": 1,
        "min": 1,
        "var": 0
    },
    "silence_rate_30dB": {
        "dmean": 0.0060606058687,
        "dmean2": 0.00607902742922,
        "dvar": 0.00602386053652,
        "dvar2": 0.00604207301512,
        "max": 1,
        "mean": 0.00604229606688,
        "median": 0,
        "min": 0,
        "var": 0.00600581523031
    },
    "silence_rate_60dB": {
        "dmean": 0,
        "dmean2": 0,
        "dvar": 0,
        "dvar2": 0,
        "max": 0,
        "mean": 0,
        "median": 0,
        "min": 0,
        "var": 0
    },
    "spectral_centroid": {
        "dmean": 104.753074646,
        "dmean2": 169.993606567,
        "dvar": 11896.7138672,
        "dvar2": 30298.8398438,
        "max": 1000.58209229,
        "mean": 279.753051758,
        "median": 248.613723755,
        "min": 140.255767822,
        "var": 14274.4755859
    },
    "spectral_complexity": {
        "dmean": 2.63030314445,
        "dmean2": 4.41033411026,
        "dvar": 5.7360534668,
        "dvar2": 16.3088226318,
        "max": 21,
        "mean": 6.80060434341,
        "median": 6,
        "min": 1,
        "var": 6.93305587769
    },
    "spectral_decrease": {
        "dmean": 6.65927668564e-09,
        "dmean2": 6.29226670767e-09,
        "dvar": 1.35593820018e-17,
        "dvar2": 1.35754665288e-17,
        "max": -7.55720208634e-10,
        "mean": -4.32300062414e-08,
        "median": -4.26649755525e-08,
        "min": -5.72681742028e-08,
        "var": 6.81699593663e-17
    },
    "spectral_energy": {
        "dmean": 0.0254248678684,
        "dmean2": 0.0240457896143,
        "dvar": 0.000198004592676,
        "dvar2": 0.000197685512831,
        "max": 0.218801036477,
        "mean": 0.16507089138,
        "median": 0.162910878658,
        "min": 0.00298214354552,
        "var": 0.000993972062133
    },
    "spectral_energyband_high": {
        "dmean": 0.000101856821857,
        "dmean2": 0.000170335712028,
        "dvar": 1.04573887327e-08,
        "dvar2": 2.73015459129e-08,
        "max": 0.000745678262319,
        "mean": 0.000146659338498,
        "median": 0.000117568772112,
        "min": 1.00431871033e-05,
        "var": 1.22782566336e-08
    },
    "spectral_energyband_low": {
        "dmean": 0.0226198248565,
        "dmean2": 0.0214214865118,
        "dvar": 0.000169696606463,
        "dvar2": 0.000176922418177,
        "max": 0.200484484434,
        "mean": 0.155902028084,
        "median": 0.154196128249,
        "min": 0.00146966171451,
        "var": 0.00079004309373
    },
    "spectral_energyband_middle_high": {
        "dmean": 0.000329319242155,
        "dmean2": 0.000554842874408,
        "dvar": 9.89786315131e-08,
        "dvar2": 2.62501117732e-07,
        "max": 0.00239018700086,
        "mean": 0.000538445136044,
        "median": 0.000438694667537,
        "min": 6.26125329291e-05,
        "var": 1.1937869715e-07
    },
    "spectral_energyband_middle_low": {
        "dmean": 0.00705361878499,
        "dmean2": 0.00673881871626,
        "dvar": 1.35130349008e-05,
        "dvar2": 1.30290763991e-05,
        "max": 0.0361597463489,
        "mean": 0.0172780379653,
        "median": 0.0161857195199,
        "min": 0.00150866212789,
        "var": 7.64483920648e-05
    },
    "spectral_entropy": {
        "dmean": 0.408665567636,
        "dmean2": 0.630969047546,
        "dvar": 0.0971139371395,
        "dvar2": 0.221310764551,
        "max": 7.9896607399,
        "mean": 6.46319389343,
        "median": 6.4748339653,
        "min": 5.2208943367,
        "var": 0.18824210763
    },
    "spectral_flux": {
        "dmean": 0.0247810650617,
        "dmean2": 0.0392552763224,
        "dvar": 0.000322161737131,
        "dvar2": 0.000538032734767,
        "max": 0.30912604928,
        "mean": 0.061543174088,
        "median": 0.0632568225265,
        "min": 0.0201622843742,
        "var": 0.000734876084607
    },
    "spectral_kurtosis": {
        "dmean": 3.11694955826,
        "dmean2": 5.47425508499,
        "dvar": 8.78358078003,
        "dvar2": 25.7916717529,
        "max": 17.4327526093,
        "mean": 3.50166535378,
        "median": 2.71372747421,
        "min": -0.331592559814,
        "var": 9.27429008484
    },
    "spectral_rms": {
        "dmean": 0.000993954599835,
        "dmean2": 0.000936671800446,
        "dvar": 4.5974880436e-07,
        "dvar2": 4.25437576723e-07,
        "max": 0.0146104218438,
        "mean": 0.0126224085689,
        "median": 0.0126070398837,
        "min": 0.00170569878537,
        "var": 1.71943236182e-06
    },
    "spectral_rolloff": {
        "dmean": 3.91512775421,
        "dmean2": 6.5450463295,
        "dvar": 549.516784668,
        "dvar2": 616.741882324,
        "max": 538.330078125,
        "mean": 132.256790161,
        "median": 129.19921875,
        "min": 129.19921875,
        "var": 535.578857422
    },
    "spectral_skewness": {
        "dmean": 0.487037748098,
        "dmean2": 0.793273925781,
        "dvar": 0.159132838249,
        "dvar2": 0.432921797037,
        "max": 3.04112505913,
        "mean": 1.25991070271,
        "median": 1.19354820251,
        "min": 0.198410198092,
        "var": 0.248742237687
    },
    "spectral_spread": {
        "dmean": 371479.4375,
        "dmean2": 540842.1875,
        "dvar": 1.05623355392e+12,
        "dvar2": 548545658880,
        "max": 27821606,
        "mean": 3470703.75,
        "median": 3454434,
        "min": 2028748.25,
        "var": 2.10635482726e+12
    },
    "spectral_strongpeak": {
        "dmean": 0.389683961868,
        "dmean2": 0.69284838438,
        "dvar": 0.224084541202,
        "dvar2": 0.460547178984,
        "max": 3.64923906326,
        "mean": 1.78707933426,
        "median": 1.94941532612,
        "min": 0.0331754945219,
        "var": 0.235253676772
    },
    "zerocrossingrate": {
        "dmean": 0.00111712829676,
        "dmean2": 0.00168449606281,
        "dvar": 9.15853604511e-07,
        "dvar2": 1.67938094364e-06,
        "max": 0.01123046875,
        "mean": 0.00656598154455,
        "median": 0.00634765625,
        "min": 0.00244140625,
        "var": 1.95332404473e-06
    },
    "barkbands": {
        "dmean": [7.80868867878e-05, 0.00175886007491, 0.0185668300837, 0.00622595241293, 0.000967301020864, 6.76657582517e-05, 7.44848439354e-05, 5.3800878959e-05, 4.23776036769e-05, 3.50473128492e-05, 2.90282914648e-05, 1.74045089807e-05, 1.89323254745e-05, 2.76333594229e-05, 2.84285488306e-05, 1.30839407575e-05, 1.62720971275e-05, 1.7818161723e-05, 0.000125174890854, 8.34697420942e-05, 4.48117571068e-05, 5.70105794395e-06, 2.88587534669e-06, 2.81977918348e-07, 7.54130411451e-08, 9.40588407161e-08, 7.48360307057e-08],
        "dmean2": [0.000117377887364, 0.00222460320219, 0.0174710229039, 0.00598022155464, 0.00100769882556, 9.99470721581e-05, 0.00012898039131, 9.3015099992e-05, 7.21126489225e-05, 6.29030109849e-05, 4.98742701893e-05, 2.96287344099e-05, 3.2502488466e-05, 4.75818123959e-05, 4.88284713356e-05, 2.19085504796e-05, 2.75089623756e-05, 3.04324603349e-05, 0.000212869490497, 0.00014031266619, 7.56361623644e-05, 9.57205065788e-06, 4.85994451083e-06, 4.54250539406e-07, 1.13399970303e-07, 1.46114132349e-07, 1.11182572482e-07],
        "dvar": [1.84228753142e-07, 3.88160833609e-06, 0.000118651034427, 1.03024121927e-05, 4.60137812297e-07, 4.51288517667e-09, 4.25886970135e-09, 2.81016410142e-09, 1.35322464345e-09, 1.42214384713e-09, 7.58791973698e-10, 2.33623759227e-10, 3.44280465248e-10, 6.24806151261e-10, 8.76943129224e-10, 1.50212439709e-10, 2.80533068997e-10, 3.55767970639e-10, 1.49046304188e-08, 6.87374246411e-09, 1.96602378821e-09, 3.07718954484e-11, 9.17072407597e-12, 4.77483504124e-13, 3.9944328227e-13, 3.92437899668e-13, 4.26224133028e-13],
        "dvar2": [1.84436444783e-07, 6.23883488515e-06, 0.000125044753077, 1.03454522105e-05, 5.53845666218e-07, 8.15986922476e-09, 1.2488455603e-08, 7.50531281568e-09, 3.65819441406e-09, 4.0015546432e-09, 2.13381379233e-09, 5.89656712346e-10, 8.89563311901e-10, 1.62236513113e-09, 2.27507124251e-09, 3.90627724611e-10, 7.35251637352e-10, 9.2844409938e-10, 3.95369497141e-08, 1.74425629496e-08, 5.15990850047e-09, 7.75003464182e-11, 2.32323396632e-11, 6.73064035062e-13, 5.08539011682e-13, 4.99954949402e-13, 5.46583123814e-13],
        "max": [0.00847621820867, 0.0310848411173, 0.159846901894, 0.0276175811887, 0.00874633062631, 0.000916447606869, 0.000408103369409, 0.000339221471222, 0.000318451813655, 0.000234760547755, 0.000201469723834, 0.000130429922137, 0.000144886071212, 0.000204199866857, 0.000219687091885, 9.35213756748e-05, 0.000127274019178, 0.000128179672174, 0.000898515747394, 0.000605257228017, 0.000318234873703, 3.60522826668e-05, 1.91170420294e-05, 1.05434428406e-05, 9.91186789179e-06, 9.8353402791e-06, 1.05027284008e-05],
        "mean": [0.000479362031911, 0.022871799767, 0.123763337731, 0.0130385672674, 0.00378305232152, 0.000151939108036, 0.000109978253022, 8.33008016343e-05, 0.00010552394815, 4.63296928501e-05, 4.15488975705e-05, 2.66800670943e-05, 2.94912497338e-05, 5.54085600015e-05, 4.22556731792e-05, 1.97161007236e-05, 2.34117887885e-05, 2.41117104451e-05, 0.000179965340067, 0.000120370095829, 6.22674124315e-05, 8.06071057013e-06, 3.9374726839e-06, 4.1846789145e-07, 1.40329731835e-07, 1.43025516763e-07, 2.8059113788e-07],
        "median": [0.000454656750662, 0.0232025180012, 0.123097985983, 0.0124901207164, 0.00349386269227, 0.000131497436087, 9.1588619398e-05, 7.25978316041e-05, 9.83893405646e-05, 3.60348785762e-05, 3.4821609006e-05, 2.2172833269e-05, 2.53357156907e-05, 4.9025293265e-05, 3.4802382288e-05, 1.59248338605e-05, 1.80432889465e-05, 1.83884403668e-05, 0.000148034843733, 9.86913582892e-05, 4.9827463954e-05, 6.58161252431e-06, 3.04055652123e-06, 2.85982935111e-07, 6.75500899661e-08, 6.36278940647e-08, 2.10663316125e-07],
        "min": [4.38280912931e-05, 0.000465706805699, 0.000686529441737, 0.000489693367854, 0.000443521013949, 2.45269166044e-05, 1.18726338769e-05, 1.03373668026e-05, 3.07554255414e-05, 2.14388796849e-06, 1.75654042778e-06, 3.43858050655e-06, 4.36713617091e-06, 1.20157528727e-05, 4.43586213805e-06, 1.68159499481e-06, 2.42271062234e-06, 2.21465143113e-06, 1.25414399008e-05, 8.08513868833e-06, 4.27813847637e-06, 6.56091174278e-07, 3.46900350223e-07, 5.93210813804e-08, 2.07866488466e-08, 1.70320451076e-08, 9.28638783648e-08],
        "var": [2.0328410244e-07, 5.14935709361e-06, 0.000536409323104, 5.69442854612e-05, 2.30147520597e-06, 9.44699873884e-09, 4.81296202892e-09, 3.05292546798e-09, 1.75180114859e-09, 1.36272482187e-09, 8.2780926558e-10, 3.17810278094e-10, 4.05492139866e-10, 8.4867457506e-10, 9.53419787564e-10, 1.87749954472e-10, 3.09642200769e-10, 3.82027659507e-10, 1.75087251364e-08, 8.31768431908e-09, 2.29531793572e-09, 3.66725746992e-11, 9.933521887e-12, 5.9622272397e-13, 5.06967460633e-13, 4.92488970612e-13, 5.45553890691e-13]
    },
    "erbbands": {
        "dmean": [0.0133722042665, 0.580632805824, 12.5876684189, 28.7995357513, 10.2163534164, 2.56991028786, 0.835557043552, 0.600565135479, 0.975712835789, 1.32029891014, 0.82518696785, 1.23102176189, 0.513882160187, 1.55239641666, 1.14406919479, 0.616427361965, 0.882631063461, 1.37217926979, 1.53686285019, 1.07044577599, 0.811049938202, 0.875639140606, 0.763877332211, 4.56504154205, 5.26785945892, 3.91623616219, 3.21264433861, 0.796821653843, 0.229834258556, 0.169863596559, 0.0604625344276, 0.0115210013464, 0.0036566243507, 0.00102741667069, 0.000525176990777, 0.000516934436746, 0.000142317512655, 3.78110053134e-05, 1.83074753295e-05, 2.7383928682e-05],
        "dmean2": [0.0195878464729, 0.723343789577, 12.1530647278, 26.9774494171, 9.64408302307, 2.56295967102, 0.930930912495, 0.918668448925, 1.71096026897, 2.28094029427, 1.41890275478, 2.10593080521, 0.896160006523, 2.77964949608, 1.92635059357, 1.04997336864, 1.51840531826, 2.29158306122, 2.5941324234, 1.79561233521, 1.37611043453, 1.47876906395, 1.28292942047, 7.75707483292, 9.01717281342, 6.61191082001, 5.41646194458, 1.33202648163, 0.385529696941, 0.28664380312, 0.100850611925, 0.0190152637661, 0.00586030399427, 0.00157193758059, 0.000787904718891, 0.0008227735525, 0.000218179222429, 5.46054907318e-05, 2.18227087316e-05, 2.62834510067e-05],
        "dvar": [0.000442755525, 0.449650883675, 84.7733078003, 200.770980835, 28.5549449921, 3.04437756538, 0.451118826866, 0.310227811337, 0.693566679955, 1.34223628044, 0.572610497475, 1.08649396896, 0.230026379228, 2.91448402405, 1.05922412872, 0.278596967459, 0.704572021961, 1.42040002346, 2.16319108009, 1.1539247036, 0.682521402836, 0.765317261219, 0.607985198498, 22.5712680817, 24.5388278961, 15.1585702896, 10.278678894, 0.59018689394, 0.0496717058122, 0.0300733596087, 0.00404379004613, 0.000324090826325, 0.000115039649245, 5.1846360293e-05, 1.97560948436e-05, 6.2453073042e-06, 1.34948538744e-06, 1.64685957316e-07, 8.40740010943e-09, 2.19337603635e-10],
        "dvar2": [0.000507469929289, 0.622910797596, 85.4325714111, 207.826507568, 33.51404953, 3.38872003555, 0.618070840836, 0.617698311806, 1.98596596718, 3.48750329018, 1.54018354416, 3.02769613266, 0.577610909939, 8.41268062592, 2.85884261131, 0.7169880867, 1.90450561047, 3.77033162117, 5.83344650269, 3.0725300312, 1.82693302631, 1.98378455639, 1.5915119648, 59.7207870483, 64.4395141602, 38.4260673523, 26.6227703094, 1.52577352524, 0.126094639301, 0.076160736382, 0.0100130271167, 0.000569403462578, 0.000152680338942, 6.56059419271e-05, 2.52371919487e-05, 8.02049089543e-06, 1.71605245214e-06, 2.10512737908e-07, 1.09603783827e-08, 2.63878502382e-10],
        "max": [0.528849244118, 10.967092514, 154.590423584, 140.160217285, 61.3826179504, 19.6210308075, 9.06985378265, 6.43005228043, 4.90908527374, 8.54219436646, 4.88880157471, 8.5063829422, 4.05929374695, 11.4788131714, 8.13357162476, 3.98367404938, 6.61862230301, 10.3180160522, 9.62554550171, 7.83731508255, 5.91754198074, 6.84553861618, 5.29859542847, 36.2056236267, 35.3232116699, 28.3899707794, 23.3233375549, 5.79460000992, 1.4537255764, 1.11266136169, 0.425234973431, 0.2368966043, 0.167998209596, 0.113667048514, 0.0696614682674, 0.0393686816096, 0.0182273779064, 0.00636047916487, 0.00155953515787, 0.000247976917308],
        "mean": [0.167301252484, 9.63323116302, 129.010650635, 80.5448608398, 28.9662036896, 7.24987077713, 2.58630084991, 1.43190920353, 1.50825822353, 1.96076154709, 1.49049329758, 2.93665099144, 1.08157134056, 2.08454084396, 1.73476040363, 0.990003407001, 1.38626229763, 2.81227827072, 2.47184205055, 1.62745594978, 1.18314933777, 1.26588928699, 1.09626793861, 6.56218194962, 7.54172754288, 5.70905208588, 4.55389595032, 1.10654771328, 0.328181803226, 0.232473269105, 0.0836926549673, 0.0163315031677, 0.00596658606082, 0.00188841449562, 0.00103362766095, 0.000862228160258, 0.000237939719227, 8.41332221171e-05, 0.000106203864561, 0.000184393997188],
        "median": [0.164203315973, 9.66991519928, 128.141220093, 78.0770339966, 27.805015564, 6.44102478027, 2.31035685539, 1.28416740894, 1.29239928722, 1.61276233196, 1.28394663334, 2.75663757324, 0.961915969849, 1.62237739563, 1.53757166862, 0.829154908657, 1.20237076283, 2.50330233574, 2.00719022751, 1.3700209856, 0.944210886955, 1.00908601284, 0.870632052422, 5.39184522629, 6.12466192245, 4.68336200714, 3.65030550957, 0.879547297955, 0.268408536911, 0.181080460548, 0.0643716081977, 0.0120001286268, 0.00413625873625, 0.00102787930518, 0.000517187581863, 0.000496724504046, 9.45089923334e-05, 4.08566629631e-05, 9.71472909441e-05, 0.000183033684152],
        "min": [0.00939047243446, 0.125147402287, 0.666363954544, 1.41166782379, 1.4419734478, 1.4795371294, 0.745921611786, 0.279816865921, 0.198367401958, 0.258122652769, 0.275566965342, 0.911785125732, 0.25931635499, 0.166348829865, 0.13000229001, 0.101413413882, 0.207982957363, 0.677045702934, 0.384388834238, 0.163778945804, 0.104187779129, 0.117884218693, 0.113850370049, 0.500914275646, 0.593599498272, 0.398587733507, 0.297238558531, 0.0781810283661, 0.0245949607342, 0.0195717476308, 0.00746007822454, 0.00184124917723, 0.000853349338286, 0.000321318453643, 0.000230677382206, 0.000169097809703, 5.60601620236e-05, 2.07642951864e-05, 6.84451733832e-05, 9.13786279853e-05],
        "var": [0.000686641724315, 0.684700489044, 285.200683594, 1188.73669434, 172.500564575, 14.7948646545, 1.74053215981, 0.649624884129, 0.796164274216, 1.68402040005, 0.663217127323, 1.40516138077, 0.282559603453, 2.66082596779, 1.30726587772, 0.384972125292, 0.816616952419, 2.14585971832, 2.59210658073, 1.32243347168, 0.743165075779, 0.868236720562, 0.678216874599, 25.1177215576, 29.7101402283, 18.3299484253, 12.1344013214, 0.716645181179, 0.0591987892985, 0.0337330065668, 0.00449694879353, 0.000382625526981, 0.000145829995745, 6.55313415336e-05, 2.50737975875e-05, 7.81007292971e-06, 1.69747238488e-06, 2.09120898376e-07, 1.07406590288e-08, 1.08168274338e-09]
    },
    "gfcc": {
        "mean": [-66.6976318359, 161.237243652, -88.379989624, 81.621055603, -12.5065317154, -8.41577911377, 12.6456241608, -17.1078605652, -17.711648941, -13.2352590561, -14.792555809, -30.1107997894, -16.3301715851],
        "cov": [[436.522674561, -157.543151855, -216.230545044, 70.6480941772, -67.9733581543, 45.5124282837, 1.87874758244, 25.1704216003, -6.89505672455, -2.91306066513, -6.2019944191, 37.3365936279, -5.31535625458], [-157.543151855, 123.636978149, 81.0583953857, -15.4730615616, 35.1380691528, -37.7849960327, 7.50998926163, -32.7130012512, -6.36058092117, -10.2637796402, 2.26884841919, -23.9928150177, 6.50478506088], [-216.230545044, 81.0583953857, 179.991394043, -56.8144073486, 31.0509490967, -31.0869026184, -29.6156139374, -18.5685634613, -16.1423454285, 0.683974862099, -2.61508488655, -13.9911527634, 7.02153110504], [70.6480941772, -15.4730615616, -56.8144073486, 53.7963943481, -4.27080059052, 2.35933113098, 13.7620401382, -5.60485076904, 0.743437349796, -9.44474124908, -0.874670982361, -2.4642906189, -0.334835976362], [-67.9733581543, 35.1380691528, 31.0509490967, -4.27080059052, 29.8808422089, -5.98410463333, 4.57125282288, -11.1172580719, -6.91226053238, -5.11064577103, -1.29295432568, -11.0995082855, 1.66522848606], [45.5124282837, -37.7849960327, -31.0869026184, 2.35933113098, -5.98410463333, 23.2293968201, 3.15761041641, 9.41080760956, 2.18673753738, 0.45675560832, -0.479427069426, 5.75648546219, -1.85920190811], [1.87874758244, 7.50998926163, -29.6156139374, 13.7620401382, 4.57125282288, 3.15761041641, 22.375289917, 2.5568959713, 5.55466461182, -4.7009677887, -1.17362213135, -5.5068860054, -2.49697446823], [25.1704216003, -32.7130012512, -18.5685634613, -5.60485076904, -11.1172580719, 9.41080760956, 2.5568959713, 22.3733596802, 9.72235965729, 7.48232555389, -1.05711555481, 4.29013681412, -5.07813262939], [-6.89505672455, -6.36058092117, -16.1423454285, 0.743437349796, -6.91226053238, 2.18673753738, 5.55466461182, 9.72235965729, 19.3563175201, 9.04682445526, 4.28044843674, -2.96902775764, -6.91336393356], [-2.91306066513, -10.2637796402, 0.683974862099, -9.44474124908, -5.11064577103, 0.45675560832, -4.7009677887, 7.48232555389, 9.04682445526, 14.9402208328, 5.5449590683, 1.37490856647, -5.82749795914], [-6.2019944191, 2.26884841919, -2.61508488655, -0.874670982361, -1.29295432568, -0.479427069426, -1.17362213135, -1.05711555481, 4.28044843674, 5.5449590683, 8.02888965607, 1.07171773911, -1.44456863403], [37.3365936279, -23.9928150177, -13.9911527634, -2.4642906189, -11.0995082855, 5.75648546219, -5.5068860054, 4.29013681412, -2.96902775764, 1.37490856647, 1.07171773911, 14.540435791, 3.26430439949], [-5.31535625458, 6.50478506088, 7.02153110504, -0.334835976362, 1.66522848606, -1.85920190811, -2.49697446823, -5.07813262939, -6.91336393356, -5.82749795914, -1.44456863403, 3.26430439949, 8.72898483276]],
        "icov": [[0.0205636266619, -0.00644485047087, 0.0251722391695, -0.0100257936865, 0.0226303674281, -0.0108307283372, 0.0294296015054, -0.00919126067311, 0.0390481650829, -0.00742532638833, 0.0199730172753, -0.00362760946155, 0.0237699020654], [-0.00644485047087, 0.0945279225707, -0.0179288610816, 0.0494045950472, -0.017010403797, 0.0930383652449, -0.0794125199318, 0.0820392295718, -0.0358592495322, 0.0402885749936, -0.0550643578172, 0.0623318739235, -0.0439034439623], [0.0251722391695, -0.0179288610816, 0.0525472089648, -0.00079350132728, 0.0174727328122, -0.00743317371234, 0.0660129934549, -0.0211053267121, 0.0526611730456, -0.00534581020474, 0.0307866930962, 0.00619570957497, 0.0289951767772], [-0.0100257936865, 0.0494045950472, -0.00079350132728, 0.0696381032467, -0.0110040260479, 0.0598332621157, -0.0476903654635, 0.0557820983231, -0.0293611697853, 0.0461875684559, -0.0392584875226, 0.0494750365615, -0.0233766082674], [0.0226303674281, -0.017010403797, 0.0174727328122, -0.0110040260479, 0.104914031923, -0.0357103794813, 0.0040769893676, 0.00117353501264, 0.0787103921175, -0.027615390718, 0.0178710184991, 0.0372621566057, 0.0191332995892], [-0.0108307283372, 0.0930383652449, -0.00743317371234, 0.0598332621157, -0.0357103794813, 0.165229395032, -0.0710130855441, 0.0549899153411, -0.0404603257775, 0.0653674080968, -0.0646699368954, 0.0456162616611, -0.0301366392523], [0.0294296015054, -0.0794125199318, 0.0660129934549, -0.0476903654635, 0.0040769893676, -0.0710130855441, 0.204281017184, -0.0981098115444, 0.041685089469, 0.0205648131669, 0.0554140247405, -0.0277387890965, 0.0739129930735], [-0.00919126067311, 0.0820392295718, -0.0211053267121, 0.0557820983231, 0.00117353501264, 0.0549899153411, -0.0981098115444, 0.184011384845, -0.0709411725402, -0.010861649178, 0.0190191864967, 0.027124196291, -0.0275746416301], [0.0390481650829, -0.0358592495322, 0.0526611730456, -0.0293611697853, 0.0787103921175, -0.0404603257775, 0.041685089469, -0.0709411725402, 0.216652005911, -0.0706423819065, 0.00165513821412, 0.0351499803364, 0.0655904635787], [-0.00742532638833, 0.0402885749936, -0.00534581020474, 0.0461875684559, -0.027615390718, 0.0653674080968, 0.0205648131669, -0.010861649178, -0.0706423819065, 0.240570411086, -0.12985701859, 0.00892283953726, 0.0701120719314], [0.0199730172753, -0.0550643578172, 0.0307866930962, -0.0392584875226, 0.0178710184991, -0.0646699368954, 0.0554140247405, 0.0190191864967, 0.00165513821412, -0.12985701859, 0.274788290262, -0.0780133157969, 0.0259247776121], [-0.00362760946155, 0.0623318739235, 0.00619570957497, 0.0494750365615, 0.0372621566057, 0.0456162616611, -0.0277387890965, 0.027124196291, 0.0351499803364, 0.00892283953726, -0.0780133157969, 0.222509518266, -0.103616833687], [0.0237699020654, -0.0439034439623, 0.0289951767772, -0.0233766082674, 0.0191332995892, -0.0301366392523, 0.0739129930735, -0.0275746416301, 0.0655904635787, 0.0701120719314, 0.0259247776121, -0.103616833687, 0.27435785532]]
    },
    "melbands": {
        "dmean": [0.000257031962974, 0.00486105307937, 0.00455428939313, 0.000360484031262, 3.91736502934e-05, 1.25963342725e-05, 1.50802225107e-05, 1.44042933243e-05, 6.33265699435e-06, 7.76248361944e-06, 2.50127163781e-06, 6.38717119728e-06, 3.96603491026e-06, 2.31368562709e-06, 1.42807209613e-06, 1.99589908334e-06, 2.88458522846e-06, 2.5179710974e-06, 1.94203835235e-06, 9.49798504735e-07, 1.02501894617e-06, 9.93388198367e-07, 5.60062119348e-07, 9.05798970052e-07, 3.93018035538e-06, 5.61814158573e-06, 2.36703021983e-06, 2.63408310275e-06, 2.54729889093e-06, 9.00090128653e-07, 2.87535669941e-07, 1.30810448695e-07, 9.06493866637e-08, 9.37838109394e-08, 3.76193192153e-08, 1.40404861071e-08, 4.2038243997e-09, 2.81966472393e-09, 1.26601651385e-09, 7.01730173969e-10],
        "dmean2": [0.000353993760655, 0.00470351614058, 0.00425876863301, 0.000348506990122, 4.35225811088e-05, 1.93508967641e-05, 2.64657355729e-05, 2.48850465141e-05, 1.08557278509e-05, 1.32307395688e-05, 4.33720379078e-06, 1.14607355499e-05, 6.76625541018e-06, 3.91312460124e-06, 2.47409275289e-06, 3.38007316714e-06, 4.85879627377e-06, 4.31687249147e-06, 3.3370863548e-06, 1.57129920808e-06, 1.75233583377e-06, 1.66736606388e-06, 9.52309164859e-07, 1.54083033976e-06, 6.69606333759e-06, 9.63976435742e-06, 3.98271822633e-06, 4.45235582447e-06, 4.32222441304e-06, 1.50890605255e-06, 4.83195833567e-07, 2.20255245154e-07, 1.51926471403e-07, 1.58101371994e-07, 6.26617904231e-08, 2.36089459094e-08, 6.85203715989e-09, 4.52954518337e-09, 2.01189442883e-09, 1.05269049033e-09],
        "dvar": [1.13995191953e-07, 1.16633937068e-05, 4.98458712173e-06, 4.5270169835e-08, 8.39104008499e-10, 1.44277104153e-10, 1.70806133126e-10, 1.74030997946e-10, 3.05636765896e-11, 4.20589223171e-11, 5.66736891791e-12, 5.05448564947e-11, 1.34843100227e-11, 4.28941691194e-12, 1.67052515484e-12, 3.84650471197e-12, 6.26058796818e-12, 5.50294055116e-12, 4.22355640045e-12, 8.38325285926e-13, 1.12670300607e-12, 1.01735416966e-12, 3.26648593157e-13, 8.78266372389e-13, 1.75084079179e-11, 2.88182568087e-11, 4.94375027027e-12, 7.05239989671e-12, 6.69483175494e-12, 7.31803669312e-13, 7.49460443792e-14, 1.6340049905e-14, 7.62153639082e-15, 9.54915976208e-15, 1.51468580974e-15, 2.85744764811e-16, 8.60773145148e-17, 5.81517962967e-17, 4.39372401004e-17, 3.48862695425e-17],
        "dvar2": [1.6535274483e-07, 1.1975956113e-05, 5.03332876178e-06, 5.49599086241e-08, 1.1205090189e-09, 2.85112516929e-10, 4.88258877773e-10, 4.54052656584e-10, 8.22199114348e-11, 1.1805119382e-10, 1.40560766151e-11, 1.46024636827e-10, 3.6495317185e-11, 1.11245951687e-11, 4.63392692274e-12, 9.76068531555e-12, 1.65318314593e-11, 1.46472885904e-11, 1.09249189556e-11, 2.20940366696e-12, 3.03632596496e-12, 2.67560171067e-12, 8.45785193184e-13, 2.28485026038e-12, 4.61785609751e-11, 7.60158117008e-11, 1.28047589892e-11, 1.78499541537e-11, 1.72994726183e-11, 1.88641875558e-12, 1.91782015073e-13, 4.13638612565e-14, 1.920695997e-14, 2.46628245441e-14, 3.77002082845e-15, 6.05106467354e-16, 1.29567334454e-16, 7.8079602957e-17, 5.5532743954e-17, 4.41156960458e-17],
        "max": [0.0068798745051, 0.0571079142392, 0.0233312714845, 0.00250796368346, 0.000331414630637, 0.000148293562233, 7.8971766925e-05, 9.51585898292e-05, 3.59836813004e-05, 5.15470492246e-05, 2.05095366255e-05, 4.71676357847e-05, 2.37562817347e-05, 1.98864072445e-05, 7.89297791925e-06, 1.66756217368e-05, 2.14375777432e-05, 1.52000566231e-05, 1.76389839908e-05, 6.64284971208e-06, 7.33475872039e-06, 8.23967002361e-06, 3.81154336537e-06, 5.99429313297e-06, 3.20586295857e-05, 3.56382515747e-05, 1.66620011441e-05, 1.93297637452e-05, 1.84084292414e-05, 6.35160540696e-06, 2.04025332096e-06, 8.53570497839e-07, 5.5765531215e-07, 6.07704180311e-07, 2.51912808835e-07, 1.67048398225e-07, 1.37131493716e-07, 1.18736480204e-07, 1.0492185254e-07, 9.3003194479e-08],
        "mean": [0.00335481273942, 0.0473116412759, 0.0137337259948, 0.00107010116335, 0.000130017433548, 2.94827186735e-05, 2.29671422858e-05, 2.11912320083e-05, 1.10566088551e-05, 1.8622562493e-05, 4.57478108729e-06, 8.37556945044e-06, 5.88930925005e-06, 3.52332881448e-06, 2.13213843381e-06, 3.18972524838e-06, 5.68224186281e-06, 4.00994895244e-06, 2.89779791274e-06, 1.46376146404e-06, 1.42383873936e-06, 1.41703378631e-06, 8.05511035651e-07, 1.21555422083e-06, 5.61869046578e-06, 7.86327655078e-06, 3.41071927323e-06, 3.83021506423e-06, 3.5775192373e-06, 1.2460209291e-06, 3.94605081055e-07, 1.8529048873e-07, 1.26844511783e-07, 1.25391920847e-07, 5.18222442736e-08, 1.96089811055e-08, 5.70466252015e-09, 4.43113279402e-09, 2.27509233675e-09, 1.20594256803e-09],
        "median": [0.00340320332907, 0.0471857227385, 0.0132524874061, 0.00100276560988, 0.000116042501759, 2.62129942712e-05, 1.9294258891e-05, 1.69097693288e-05, 9.63652382779e-06, 1.73795542651e-05, 3.95358256355e-06, 6.42913619231e-06, 5.1017932492e-06, 2.91323772217e-06, 1.78719722044e-06, 2.73241653304e-06, 5.10778909302e-06, 3.34323158313e-06, 2.37775066125e-06, 1.19592345982e-06, 1.14782483251e-06, 1.09436280127e-06, 6.36174888768e-07, 9.47344915403e-07, 4.65968514618e-06, 6.28391580904e-06, 2.86774661618e-06, 3.10600671583e-06, 2.84711336462e-06, 1.04545165414e-06, 3.21603266684e-07, 1.51224895717e-07, 1.01503950134e-07, 9.76706928668e-08, 4.01969764141e-08, 1.46164511605e-08, 3.79616027502e-09, 3.07992897852e-09, 1.33611099962e-09, 5.45698153331e-10],
        "min": [0.000108379710582, 0.000293181627057, 0.000247623422183, 0.000102692567452, 3.74234514311e-05, 5.47276385987e-06, 2.96314419757e-06, 2.48062656283e-06, 1.6376146732e-06, 5.56183294975e-06, 7.32833143502e-07, 6.09982691913e-07, 3.57745733481e-07, 4.02678210776e-07, 2.23557577783e-07, 4.84674046675e-07, 9.99738745122e-07, 6.38467611225e-07, 2.38493157667e-07, 1.48558598312e-07, 1.22278606796e-07, 1.35501110776e-07, 8.72692140774e-08, 1.08784995234e-07, 3.60116189313e-07, 5.97372547873e-07, 2.2863224558e-07, 2.65032269908e-07, 2.26114693191e-07, 8.4557804314e-08, 3.1525498656e-08, 1.25207506585e-08, 9.5977252812e-09, 1.13163229898e-08, 4.44705872127e-09, 1.88883508834e-09, 6.15983652974e-10, 6.66612820499e-10, 2.60483634662e-10, 1.70046740577e-10],
        "var": [1.31809727577e-07, 4.08966589021e-05, 2.99579187413e-05, 2.50239139632e-07, 3.99948563157e-09, 2.95712232479e-10, 1.93312033048e-10, 2.07507247496e-10, 3.74922801138e-11, 5.58824479746e-11, 7.04847725325e-12, 4.57217597116e-11, 1.56321743744e-11, 5.71284729592e-12, 1.93407681363e-12, 4.852286975e-12, 9.51160764734e-12, 6.71516705089e-12, 4.53333334413e-12, 1.04646478115e-12, 1.19032247167e-12, 1.14479595508e-12, 3.57111340282e-13, 9.47675965479e-13, 1.91700127994e-11, 3.38964238622e-11, 6.24604621496e-12, 8.46046236541e-12, 7.71973283908e-12, 8.96843688723e-13, 9.20938265968e-14, 1.9247658209e-14, 9.13219339423e-15, 1.03961401933e-14, 1.69953995081e-15, 3.24083355358e-16, 1.05548616739e-16, 7.41864013034e-17, 5.5661671633e-17, 4.40517152797e-17]
    },
    "mfcc": {
        "mean": [-716.115112305, 175.485656738, 3.13633108139, 97.0012130737, 2.94618368149, 36.1168632507, 24.4559669495, 9.00768375397, 1.91495335102, 19.5085124969, -1.60012018681, -9.67489051819, -4.50704669952],
        "cov": [[657.355895996, -261.130493164, -203.184875488, 9.67667675018, -99.7913360596, 35.6196899414, -31.0780620575, 75.336730957, -18.0680484772, 20.4689655304, -42.5751876831, 39.8053703308, 13.7981147766], [-261.130493164, 158.585678101, 80.6140060425, 7.70818042755, 37.7980270386, -13.4340200424, 17.028799057, -39.7214660645, 2.79085922241, -16.9242668152, 11.5144882202, -26.6683597565, -5.80556583405], [-203.184875488, 80.6140060425, 100.671401978, -11.2135505676, 35.9503479004, -19.4776115417, 0.887220978737, -30.3962001801, -0.348959624767, -14.1513671875, 8.75377750397, -14.573141098, -6.76546812057], [9.67667675018, 7.70818042755, -11.2135505676, 46.4499702454, -4.83401489258, 10.7845277786, 3.26877140999, 0.929875791073, -4.58613491058, 2.57812023163, -5.67848014832, -8.50004577637, -4.52450180054], [-99.7913360596, 37.7980270386, 35.9503479004, -4.83401489258, 29.1304016113, -3.60477662086, 7.36343050003, -15.0707101822, 0.141238957644, -7.02458715439, 3.98878622055, -8.13306427002, -4.97650289536], [35.6196899414, -13.4340200424, -19.4776115417, 10.7845277786, -3.60477662086, 18.0459632874, 4.77170419693, 6.53491973877, -3.76502490044, 1.37957334518, -6.16998672485, -1.72829592228, -2.33316278458], [-31.0780620575, 17.028799057, 0.887220978737, 3.26877140999, 7.36343050003, 4.77170419693, 15.8280410767, 0.532450318336, 2.7660574913, -3.70058751106, -1.28991055489, -6.49866771698, -2.59972763062], [75.336730957, -39.7214660645, -30.3962001801, 0.929875791073, -15.0707101822, 6.53491973877, 0.532450318336, 21.5731201172, 3.96358418465, 5.07216691971, -7.09912014008, 4.69422483444, 1.98658800125], [-18.0680484772, 2.79085922241, -0.348959624767, -4.58613491058, 0.141238957644, -3.76502490044, 2.7660574913, 3.96358418465, 10.4578895569, 3.85298490524, 3.55841946602, 0.294442892075, 0.961591303349], [20.4689655304, -16.9242668152, -14.1513671875, 2.57812023163, -7.02458715439, 1.37957334518, -3.70058751106, 5.07216691971, 3.85298490524, 15.06503582, 7.45671701431, 6.93700361252, 0.32213050127], [-42.5751876831, 11.5144882202, 8.75377750397, -5.67848014832, 3.98878622055, -6.16998672485, -1.28991055489, -7.09912014008, 3.55841946602, 7.45671701431, 16.02576828, 5.84785175323, 1.53940296173], [39.8053703308, -26.6683597565, -14.573141098, -8.50004577637, -8.13306427002, -1.72829592228, -6.49866771698, 4.69422483444, 0.294442892075, 6.93700361252, 5.84785175323, 16.7314910889, 6.95313310623], [13.7981147766, -5.80556583405, -6.76546812057, -4.52450180054, -4.97650289536, -2.33316278458, -2.59972763062, 1.98658800125, 0.961591303349, 0.32213050127, 1.53940296173, 6.95313310623, 10.2157831192]],
