{
"lowlevel": {
    "average_loudness": 0.986730575562,
    "barkbands_crest": {
        "dmean": 0.906412124634,
        "dmean2": 1.25296139717,
        "dvar": 0.898476660252,
        "dvar2": 1.03283441067,
        "max": 18.4587440491,
        "mean": 16.2057304382,
        "median": 16.3024616241,
        "min": 7.75728130341,
        "var": 1.56781041622
    },
    "barkbands_flatness_db": {
        "dmean": 0.0130166597664,
        "dmean2": 0.0192045383155,
        "dvar": 0.000275944999885,
        "dvar2": 0.000288877577987,
        "max": 0.37468624115,
        "mean": 0.308688879013,
        "median": 0.309244424105,
        "min": 0.116708345711,
        "var": 0.00127990869805
    },
    "barkbands_kurtosis": {
        "dmean": 7.88577985764,
        "dmean2": 12.1463651657,
        "dvar": 71.9349441528,
        "dvar2": 126.153564453,
        "max": 114.141693115,
        "mean": 55.2161102295,
        "median": 52.266292572,
        "min": 12.3102455139,
        "var": 764.596679688
    },
    "barkbands_skewness": {
        "dmean": 0.444649875164,
        "dmean2": 0.646159350872,
        "dvar": 0.199305400252,
        "dvar2": 0.371634244919,
        "max": 8.3805065155,
        "mean": 5.40026378632,
        "median": 5.25453472137,
        "min": 2.69832754135,
        "var": 2.56924152374
    },
    "barkbands_spread": {
        "dmean": 0.354273587465,
        "dmean2": 0.484236896038,
        "dvar": 0.716272056103,
        "dvar2": 0.713964700699,
        "max": 12.4344806671,
        "mean": 2.27100563049,
        "median": 2.15157604218,
        "min": 1.43487608433,
        "var": 0.918726742268
    },
    "dissonance": {
        "dmean": 0.031180607155,
        "dmean2": 0.0536948777735,
        "dvar": 0.00117689545732,
        "dvar2": 0.00307085737586,
        "max": 0.485871851444,
        "mean": 0.411663711071,
        "median": 0.423757433891,
        "min": 0.282686471939,
        "var": 0.00332612358034
    },
    "dynamic_complexity": 0.303787797689,
    "erbbands_crest": {
        "dmean": 1.04735183716,
        "dmean2": 1.54749548435,
        "dvar": 1.30159676075,
        "dvar2": 1.90386390686,
        "max": 20.7496013641,
        "mean": 14.9351196289,
        "median": 14.621219635,
        "min": 3.40527796745,
        "var": 6.54400491714
    },
    "erbbands_flatness_db": {
        "dmean": 0.00945408362895,
        "dmean2": 0.0137656331062,
        "dvar": 0.000112749250547,
        "dvar2": 0.000125812934129,
        "max": 0.251927435398,
        "mean": 0.180446147919,
        "median": 0.178270861506,
        "min": 0.0746056884527,
        "var": 0.00166720012203
    },
    "erbbands_kurtosis": {
        "dmean": 0.51209294796,
        "dmean2": 0.764268636703,
        "dvar": 0.382658779621,
        "dvar2": 0.598672151566,
        "max": 4.37300682068,
        "mean": 0.701340019703,
        "median": 0.62733912468,
        "min": -0.864558696747,
        "var": 1.20416533947
    },
    "erbbands_skewness": {
        "dmean": 0.170221716166,
        "dmean2": 0.236377462745,
        "dvar": 0.0218277722597,
        "dvar2": 0.0373592935503,
        "max": 2.2045340538,
        "mean": 0.904631853104,
        "median": 1.05470836163,
        "min": -0.323372125626,
        "var": 0.436215788126
    },
    "erbbands_spread": {
        "dmean": 4.87392473221,
        "dmean2": 6.82522392273,
        "dvar": 36.8942146301,
        "dvar2": 54.4795761108,
        "max": 77.5339355469,
        "mean": 34.8758888245,
        "median": 31.2656135559,
        "min": 17.0311412811,
        "var": 241.886459351
    },
    "hfc": {
        "dmean": 2.37709116936,
        "dmean2": 3.4282245636,
        "dvar": 6.22900819778,
        "dvar2": 9.90880298615,
        "max": 32.5227241516,
        "mean": 24.9755516052,
        "median": 24.9053096771,
        "min": 2.15018343925,
        "var": 12.074587822
    },
    "melbands_crest": {
        "dmean": 1.00840139389,
        "dmean2": 1.48290765285,
        "dvar": 0.974940001965,
        "dvar2": 1.41142201424,
        "max": 27.9490852356,
        "mean": 25.2187194824,
        "median": 25.337846756,
        "min": 15.2249708176,
        "var": 1.73340773582
    },
    "melbands_flatness_db": {
        "dmean": 0.015041009523,
        "dmean2": 0.0213270578533,
        "dvar": 0.000375672389055,
        "dvar2": 0.000415803515352,
        "max": 0.524359881878,
        "mean": 0.448780626059,
        "median": 0.451412379742,
        "min": 0.232307687402,
        "var": 0.00191090197768
    },
    "melbands_kurtosis": {
        "dmean": 16.7089214325,
        "dmean2": 23.5561923981,
        "dvar": 395.903503418,
        "dvar2": 768.289916992,
        "max": 246.664199829,
        "mean": 91.1807632446,
        "median": 65.6155929565,
        "min": 14.342458725,
        "var": 4775.54492188
    },
    "melbands_skewness": {
        "dmean": 0.641767501831,
        "dmean2": 0.938859283924,
        "dvar": 0.515769183636,
        "dvar2": 0.859514057636,
        "max": 11.8750238419,
        "mean": 6.63502025604,
        "median": 6.10868883133,
        "min": 3.46976399422,
        "var": 5.24574947357
    },
    "melbands_spread": {
        "dmean": 0.224176511168,
        "dmean2": 0.319132387638,
        "dvar": 0.26065826416,
        "dvar2": 0.285012543201,
        "max": 7.6110534668,
        "mean": 1.61955690384,
        "median": 1.46103823185,
        "min": 0.872189342976,
        "var": 0.476963877678
    },
    "pitch_salience": {
        "dmean": 0.0394147783518,
        "dmean2": 0.0598494708538,
        "dvar": 0.00114079460036,
        "dvar2": 0.00219017267227,
        "max": 0.716600120068,
        "mean": 0.493739843369,
        "median": 0.487582206726,
        "min": 0.389431089163,
        "var": 0.00220389012247
    },
    "silence_rate_20dB": {
        "dmean": 0,
        "dmean2": 0,
        "dvar": 0,
        "dvar2": 0,
        "max": 1,
        "mean": 1,
        "median": 1,
        "min": 1,
        "var": 0
    },
    "silence_rate_30dB": {
        "dmean": 0.0133333336562,
        "dmean2": 0.0134228188545,
        "dvar": 0.0131555786356,
        "dvar2": 0.013242659159,
        "max": 1,
        "mean": 0.0132450331002,
        "median": 0,
        "min": 0,
        "var": 0.0130695868284
    },
    "silence_rate_60dB": {
        "dmean": 0,
        "dmean2": 0,
        "dvar": 0,
        "dvar2": 0,
        "max": 0,
        "mean": 0,
        "median": 0,
        "min": 0,
        "var": 0
    },
    "spectral_centroid": {
        "dmean": 31.6686325073,
        "dmean2": 45.0259246826,
        "dvar": 1283.81530762,
        "dvar2": 1889.36938477,
        "max": 501.78427124,
        "mean": 269.655426025,
        "median": 250.252410889,
        "min": 190.022979736,
        "var": 3870.24121094
    },
    "spectral_complexity": {
        "dmean": 1.48000001907,
        "dmean2": 2.43624162674,
        "dvar": 1.94293177128,
        "dvar2": 4.25935935974,
        "max": 17,
        "mean": 7.65562915802,
        "median": 7,
        "min": 2,
        "var": 4.71584558487
    },
    "spectral_decrease": {
        "dmean": 6.41707709192e-09,
        "dmean2": 9.58845358667e-09,
        "dvar": 3.78687552679e-17,
        "dvar2": 6.71319403418e-17,
        "max": -1.61303803647e-09,
        "mean": -5.16464169209e-08,
        "median": -5.15472216023e-08,
        "min": -6.99292286299e-08,
        "var": 5.99198716949e-17
    },
    "spectral_energy": {
        "dmean": 0.024424334988,
        "dmean2": 0.036480884999,
        "dvar": 0.000549635500647,
        "dvar2": 0.000973404676188,
        "max": 0.266671568155,
        "mean": 0.197190836072,
        "median": 0.196788981557,
        "min": 0.00628300895914,
        "var": 0.000870589981787
    },
    "spectral_energyband_high": {
        "dmean": 3.48010980815e-05,
        "dmean2": 5.08722951054e-05,
        "dvar": 1.99836169834e-09,
        "dvar2": 3.56278229141e-09,
        "max": 0.000435119087342,
        "mean": 0.000132892222609,
        "median": 9.82722631306e-05,
        "min": 5.29615717824e-05,
        "var": 8.6088274287e-09
    },
    "spectral_energyband_low": {
        "dmean": 0.0256610196084,
        "dmean2": 0.0383423753083,
        "dvar": 0.000551968056243,
        "dvar2": 0.000975336297415,
        "max": 0.252067446709,
        "mean": 0.18276771903,
        "median": 0.181210070848,
        "min": 0.00426664901897,
        "var": 0.00088762427913
    },
    "spectral_energyband_middle_high": {
        "dmean": 0.000117019822937,
        "dmean2": 0.000163444055943,
        "dvar": 1.41743008442e-08,
        "dvar2": 2.04258512326e-08,
        "max": 0.00171471561771,
        "mean": 0.000533480895683,
        "median": 0.000478852918604,
        "min": 0.000104066741187,
        "var": 1.0106037962e-07
    },
    "spectral_energyband_middle_low": {
        "dmean": 0.0031669519376,
        "dmean2": 0.00528951082379,
        "dvar": 8.23984828457e-06,
        "dvar2": 2.03095078177e-05,
        "max": 0.0287443734705,
        "mean": 0.013846819289,
        "median": 0.0135929984972,
        "min": 0.0022450578399,
        "var": 1.95238371816e-05
    },
    "spectral_entropy": {
        "dmean": 0.156927078962,
        "dmean2": 0.228072151542,
        "dvar": 0.0216799005866,
        "dvar2": 0.0352454669774,
        "max": 7.66437721252,
        "mean": 6.45087385178,
        "median": 6.51253318787,
        "min": 5.65761566162,
        "var": 0.233642101288
    },
    "spectral_flux": {
        "dmean": 0.0233195237815,
        "dmean2": 0.0372218303382,
        "dvar": 0.000963827478699,
        "dvar2": 0.00124594988301,
        "max": 0.386189222336,
        "mean": 0.0780534446239,
        "median": 0.0708430111408,
        "min": 0.0383526943624,
        "var": 0.00160072837025
    },
    "spectral_kurtosis": {
        "dmean": 2.16762590408,
        "dmean2": 3.35689496994,
        "dvar": 5.45533323288,
        "dvar2": 12.1716766357,
        "max": 28.2892608643,
        "mean": 13.1452283859,
        "median": 10.5780591965,
        "min": 3.74844646454,
        "var": 51.7131843567
    },
    "spectral_rms": {
        "dmean": 0.000884115812369,
        "dmean2": 0.00130533601623,
        "dvar": 1.19781020658e-06,
        "dvar2": 1.58306636422e-06,
        "max": 0.0161297041923,
        "mean": 0.0138113526627,
        "median": 0.0138560188934,
        "min": 0.00247583608143,
        "var": 1.62774404089e-06
    },
    "spectral_rolloff": {
        "dmean": 2.296875,
        "dmean2": 3.46843528748,
        "dvar": 211.107818604,
        "dvar2": 330.28314209,
        "max": 279.931640625,
        "mean": 130.910461426,
        "median": 129.19921875,
        "min": 129.19921875,
        "var": 181.314865112
    },
    "spectral_skewness": {
        "dmean": 0.278284460306,
        "dmean2": 0.417325228453,
        "dvar": 0.0779973566532,
        "dvar2": 0.156476989388,
        "max": 4.50448799133,
        "mean": 2.76183342934,
        "median": 2.51571655273,
        "min": 1.4343804121,
        "var": 0.831545472145
    },
    "spectral_spread": {
        "dmean": 284910.59375,
        "dmean2": 429551.625,
        "dvar": 180228915200,
        "dvar2": 156721053696,
        "max": 9376939,
        "mean": 3891298.25,
        "median": 3744822.75,
        "min": 2795593.75,
        "var": 741948588032
    },
    "spectral_strongpeak": {
        "dmean": 0.308601737022,
        "dmean2": 0.53835362196,
        "dvar": 0.125021472573,
        "dvar2": 0.148547455668,
        "max": 2.27884292603,
        "mean": 1.58131289482,
        "median": 1.35390210152,
        "min": 0.0438260287046,
        "var": 0.172231793404
    },
    "zerocrossingrate": {
        "dmean": 0.00255859363824,
        "dmean2": 0.00370307266712,
        "dvar": 5.10113795826e-06,
        "dvar2": 9.00582290342e-06,
        "max": 0.021484375,
        "mean": 0.0111528607085,
        "median": 0.0107421875,
        "min": 0.0048828125,
        "var": 1.13528149086e-05
    },
    "barkbands": {
        "dmean": [0.00217457697727, 0.0124122053385, 0.0142088970169, 0.00173303484917, 0.00282300170511, 0.000255140650552, 8.01037531346e-05, 0.000133912282763, 0.000403119716793, 2.30256227951e-05, 2.20153069677e-05, 2.52549598372e-05, 4.09413187299e-05, 2.4078084607e-05, 1.01862860902e-05, 7.00716373103e-06, 4.15060412706e-06, 2.44590610237e-05, 3.79005396098e-05, 2.56692183029e-05, 1.23181889649e-05, 2.55138729699e-06, 2.32982233683e-06, 6.71824363963e-06, 1.90378830212e-06, 1.65882579495e-06, 6.21303524895e-06],
        "dmean2": [0.00335837295279, 0.0177868232131, 0.0215179920197, 0.00257137860171, 0.00452574901283, 0.000405794708058, 0.000136882998049, 0.000222223286983, 0.000454138993518, 3.90611930925e-05, 3.65147534467e-05, 4.37131820945e-05, 6.3663101173e-05, 3.86667561543e-05, 1.72443833435e-05, 1.07700489025e-05, 6.88755562805e-06, 3.62408318324e-05, 5.26673211425e-05, 3.51743619831e-05, 1.82413714356e-05, 3.72152271666e-06, 3.44694285559e-06, 9.91342585621e-06, 2.94732490147e-06, 2.62982075583e-06, 1.06963698272e-05],
        "dvar": [5.30183160663e-06, 8.89231450856e-05, 0.000221206617425, 2.24163204621e-06, 6.29628175375e-06, 4.24939408106e-08, 6.00586780308e-09, 1.83783388508e-08, 2.12927133703e-07, 1.82409654048e-09, 8.26063051296e-10, 5.45107681216e-10, 1.65488489579e-09, 4.26503998785e-10, 1.45493922465e-10, 8.01944691209e-11, 2.79743433279e-11, 8.06421485144e-10, 2.14668194332e-09, 1.23045829081e-09, 1.79861722738e-10, 1.51142744154e-11, 1.81812238875e-11, 1.36473471413e-10, 1.07120701198e-11, 9.08471301658e-12, 2.87486354167e-11],
        "dvar2": [9.36892047321e-06, 0.000197700472199, 0.000344712869264, 4.09404265156e-06, 1.41149594128e-05, 9.24956822246e-08, 1.3718865155e-08, 5.05129982287e-08, 1.88644648347e-07, 2.19022910919e-09, 2.17846518602e-09, 1.62785207536e-09, 4.51187931461e-09, 1.08638797958e-09, 3.56164236992e-10, 1.347501416e-10, 4.72565493681e-11, 1.6582446527e-09, 4.67238780999e-09, 2.23509433184e-09, 3.75011105502e-10, 2.31105395238e-11, 2.90076452442e-11, 2.37735303665e-10, 1.66775777216e-11, 1.17224511348e-11, 6.31399654782e-11],
        "max": [0.0252614542842, 0.0875788033009, 0.15799510479, 0.0101079391316, 0.0156405121088, 0.00172906229272, 0.000689016538672, 0.0010349561926, 0.0112875914201, 0.000527958967723, 0.000291198579362, 0.000178116199095, 0.000345118023688, 0.000150469422806, 8.79118670127e-05, 9.05639244593e-05, 6.73599206493e-05, 0.000219011009904, 0.000442697317339, 0.000377000425942, 0.000125314414618, 4.25260332122e-05, 4.13793095504e-05, 9.21323080547e-05, 3.64274274034e-05, 3.97439835069e-05, 5.80631240155e-05],
        "mean": [0.0147831188515, 0.049185834825, 0.118685699999, 0.00304984883405, 0.00560173764825, 0.000688265659846, 0.000118874530017, 0.000250293203862, 0.00413063447922, 3.87175387004e-05, 4.05293067161e-05, 6.04312408541e-05, 0.00011282441119, 5.49612741452e-05, 2.35726201936e-05, 1.59038827405e-05, 9.28319150262e-06, 5.83743058087e-05, 8.06529496913e-05, 6.68855718686e-05, 2.7863547075e-05, 6.65679544909e-06, 5.51055336473e-06, 1.37118558996e-05, 5.89961337027e-06, 7.29672910893e-06, 4.42066520918e-05],
        "median": [0.0147358309478, 0.0481916442513, 0.119181789458, 0.00255916593596, 0.00502844993025, 0.000652031041682, 9.18127552723e-05, 0.000198574052774, 0.0035421573557, 2.92384502245e-05, 3.08844864776e-05, 5.45669172425e-05, 9.98259783955e-05, 4.80749549752e-05, 2.07338198379e-05, 1.06341394712e-05, 7.77616969572e-06, 4.97973305755e-05, 4.83321091451e-05, 3.61556267308e-05, 1.97370645765e-05, 4.10884877056e-06, 2.80881181425e-06, 3.99705186283e-06, 4.05644186685e-06, 6.3595039137e-06, 4.3751031626e-05],
        "min": [8.19903507363e-05, 0.00171664799564, 0.00180465157609, 0.000268385192612, 0.000648001558147, 0.000210394122405, 1.51547701535e-05, 1.72955624294e-05, 5.07999393449e-05, 5.92085689277e-06, 5.13583790962e-06, 8.27756412036e-06, 8.12935286376e-06, 1.32211180244e-05, 3.09551091959e-06, 1.60145123118e-06, 1.62565686423e-06, 3.49443985215e-06, 5.62160994377e-06, 2.73000227935e-06, 1.62045557772e-06, 1.2197488104e-06, 1.09357586098e-06, 1.73603552867e-06, 1.99693181457e-06, 4.06280696552e-06, 1.01810128399e-05],
        "var": [6.17100204181e-06, 0.000165583114722, 0.000342481100233, 4.06041408496e-06, 9.75294733507e-06, 7.50168211994e-08, 7.65876784214e-09, 3.44555282084e-08, 1.0847473277e-05, 2.19672169344e-09, 1.18190346399e-09, 1.23775034666e-09, 5.84739501264e-09, 8.51529069479e-10, 2.62548288665e-10, 2.18020129727e-10, 4.45357570267e-11, 2.43768005781e-09, 7.01969860017e-09, 6.03994543269e-09, 7.32799987357e-10, 3.96439686634e-11, 3.60851834524e-11, 3.98248156674e-10, 2.12031971841e-11, 1.2411724426e-11, 3.27299229386e-11]
    },
    "erbbands": {
        "dmean": [0.549376428127, 2.54354548454, 14.2133321762, 10.1251621246, 8.89871406555, 8.63421726227, 3.861079216, 2.26376128197, 0.847650110722, 3.22584795952, 1.70257508755, 12.0748491287, 2.27960824966, 0.868362545967, 0.875371992588, 1.07025384903, 2.00214147568, 1.20718514919, 0.580674886703, 0.462083131075, 0.376537054777, 0.230320736766, 1.03435313702, 2.33529829979, 1.18604588509, 1.29718017578, 0.475742280483, 0.502793312073, 0.108524829149, 0.0653746426105, 0.0682667419314, 0.131368264556, 0.109774701297, 0.0329595543444, 0.0103716440499, 0.00656976690516, 0.00346196722239, 0.00174209161196, 0.000721453863662, 0.000151257831021],
        "dmean2": [0.871444702148, 3.25927329063, 21.2429962158, 14.3717260361, 15.1080102921, 12.2088527679, 4.88985157013, 3.62197947502, 1.3561668396, 5.49415445328, 2.75331807137, 13.613243103, 2.7966902256, 1.41863942146, 1.41225147247, 1.84896957874, 3.11336779594, 1.91312921047, 0.946662008762, 0.772896945477, 0.587662756443, 0.357598125935, 1.52567374706, 3.02874040604, 1.70608735085, 1.79762601852, 0.740260660648, 0.743159472942, 0.161218598485, 0.101684108377, 0.0995906293392, 0.191301479936, 0.170103788376, 0.0509868338704, 0.0159986522049, 0.0101391384378, 0.0054225018248, 0.0028275642544, 0.00124873185996, 0.000263588561211],
        "dvar": [0.17146807909, 3.71155142784, 227.061920166, 76.2689819336, 69.9323806763, 40.9829673767, 7.87820577621, 4.12295341492, 1.16448795795, 10.1357040405, 2.8172557354, 194.407592773, 6.12059879303, 1.20467615128, 0.82642865181, 1.03868687153, 3.99882769585, 1.2908449173, 0.385537713766, 0.298649430275, 0.318840801716, 0.0693282559514, 1.43722510338, 6.76079893112, 2.64824509621, 3.46924638748, 0.29250895977, 0.338256895542, 0.0228390637785, 0.0149092813954, 0.0141863906756, 0.050012294203, 0.0366395264864, 0.00264382828027, 0.000382224912755, 0.000147227226989, 2.95563386317e-05, 3.78646200261e-06, 4.26641207696e-07, 1.68067160189e-08],
        "dvar2": [0.407160848379, 8.07018184662, 323.996520996, 142.052597046, 192.018478394, 83.4544219971, 16.5531349182, 7.06863117218, 1.77127254009, 26.4365596771, 6.08617639542, 157.546173096, 7.60364198685, 1.9383649826, 2.28518199921, 2.912368536, 11.0318498611, 3.38430166245, 0.934734165668, 0.577047586441, 0.668986022472, 0.116139933467, 3.0736746788, 12.2179803848, 6.17787885666, 6.70579147339, 0.653022408485, 0.653696060181, 0.0355261676013, 0.0217984151095, 0.0218159351498, 0.0919717550278, 0.061772596091, 0.00475774938241, 0.000465242541395, 0.000187317840755, 3.93994378101e-05, 7.36118772693e-06, 1.07325502086e-06, 3.69864743277e-08],
        "max": [3.50119352341, 19.359539032, 169.339385986, 80.0430297852, 53.2195701599, 47.0741729736, 22.4106483459, 17.3690032959, 13.2228441238, 21.2439975739, 21.3319358826, 347.883331299, 51.5562667847, 12.7887125015, 8.5740776062, 9.27434158325, 17.6599597931, 9.09782791138, 5.15714836121, 4.71706485748, 5.18780374527, 3.71262383461, 10.1331691742, 26.5858306885, 16.142583847, 19.8225326538, 5.20388412476, 4.30121088028, 1.5046710968, 1.33995389938, 1.17489182949, 2.03447461128, 1.32837772369, 0.411950707436, 0.269119113684, 0.148534819484, 0.0727387815714, 0.0267969537526, 0.00692614354193, 0.00135669810697],
        "mean": [1.92093992233, 11.5496320724, 126.689208984, 52.7860145569, 19.1386814117, 18.1442184448, 8.15098762512, 5.62079381943, 1.94295942783, 4.7553563118, 8.81809806824, 128.207473755, 18.8948974609, 2.02638077736, 1.91701483727, 2.95735836029, 5.58744525909, 3.08996295929, 1.6606669426, 1.10859632492, 0.850513160229, 0.631390273571, 2.57054972649, 5.04105854034, 2.91049790382, 3.31515216827, 1.23199391365, 1.06850230694, 0.289155989885, 0.169048711658, 0.157965749502, 0.265912860632, 0.22339387238, 0.0814320743084, 0.0358225777745, 0.0219475515187, 0.0143746063113, 0.0100574940443, 0.00506759714335, 0.00106015126221],
        "median": [1.94814908504, 11.2514925003, 124.71018219, 51.5469017029, 16.6514968872, 16.9263286591, 7.28869819641, 5.17822408676, 1.58948266506, 3.75415706635, 7.70395421982, 109.080215454, 16.4857158661, 1.83544492722, 1.61287844181, 2.78174519539, 4.66567134857, 2.73302984238, 1.55766046047, 0.86034989357, 0.540411353111, 0.541258096695, 2.25642728806, 3.41148972511, 1.91120219231, 1.63155031204, 0.750696539879, 0.704874634743, 0.190044909716, 0.105903893709, 0.08304515481, 0.0793189182878, 0.0740516409278, 0.0472301878035, 0.0279465001076, 0.0169839896262, 0.0129502099007, 0.0097103305161, 0.00509652076289, 0.00106605468318],
        "min": [0.0390260517597, 0.433351665735, 1.83339118958, 3.29881572723, 2.88469576836, 1.91873729229, 1.60615539551, 1.45461964607, 0.494894951582, 0.651631593704, 0.430561065674, 1.74190855026, 1.06161749363, 0.589374423027, 0.292936325073, 0.38407766819, 0.433706104755, 0.715342223644, 0.346155285835, 0.121307194233, 0.134050190449, 0.171225473285, 0.150739580393, 0.249592706561, 0.214774787426, 0.12371109426, 0.0848134532571, 0.0515639856458, 0.0421878397465, 0.0371613092721, 0.0326247960329, 0.0340353921056, 0.0320472791791, 0.0246423687786, 0.0132623733953, 0.0105505464599, 0.00770966149867, 0.00542612327263, 0.00150186615065, 0.000139843890793],
        "var": [0.245353490114, 8.40387535095, 378.719238281, 125.784210205, 86.2951965332, 93.6470184326, 20.2962398529, 6.63285064697, 1.58136153221, 16.5065498352, 21.169002533, 10474.359375, 204.959793091, 1.57139360905, 1.58160114288, 3.20500040054, 14.770866394, 2.28737545013, 0.846737265587, 0.717236399651, 0.685527443886, 0.159380450845, 4.48860359192, 22.8408946991, 9.80729293823, 15.6754236221, 1.43515491486, 1.15386521816, 0.072826474905, 0.0289117731154, 0.0297261923552, 0.143336459994, 0.10318376869, 0.00642923824489, 0.000650981557555, 0.000235781437368, 4.17350202042e-05, 4.47319689556e-06, 4.53224799912e-07, 1.93289970696e-08]
    },
    "gfcc": {
        "mean": [-6.85170221329, 126.975708008, -33.5296173096, 29.531457901, -15.8777523041, 4.39374732971, 2.53210163116, 11.08207798, -19.4417095184, -6.71822595596, -13.9442052841, -23.4139938354, -17.2609539032],
        "cov": [[415.947540283, -285.899047852, -225.311035156, 302.10836792, -13.7070379257, 20.3120670319, -33.5599822998, -41.4934806824, -88.3162231445, 38.6886291504, 124.659828186, 11.540476799, 7.48479318619], [-285.899047852, 278.488189697, 185.339981079, -257.087615967, 10.0840654373, -34.9006347656, 42.1949920654, 38.8782730103, 77.6465301514, -24.2775268555, -105.626899719, -22.3051147461, -10.7458848953], [-225.311035156, 185.339981079, 175.726516724, -187.448196411, -11.7796440125, -5.87648582458, 16.64427948, 32.2750587463, 63.9952201843, -25.2369861603, -78.8522262573, -14.3969955444, 3.27249026299], [302.10836792, -257.087615967, -187.448196411, 283.468841553, 9.56483745575, 17.3697681427, -29.712097168, -50.126789093, -89.0825500488, 26.2034225464, 115.641418457, 15.2004642487, 7.71038341522], [-13.7070379257, 10.0840654373, -11.7796440125, 9.56483745575, 36.4876823425, -4.88552474976, 6.21421813965, -9.85885715485, -12.0687189102, -2.24350857735, 7.28811788559, -0.310685217381, -8.24646472931], [20.3120670319, -34.9006347656, -5.87648582458, 17.3697681427, -4.88552474976, 25.5592651367, -9.27370643616, -1.75410604477, -4.87640094757, -2.02875375748, 9.41883277893, 3.62587404251, 4.78231096268], [-33.5599822998, 42.1949920654, 16.64427948, -29.712097168, 6.21421813965, -9.27370643616, 41.3896827698, 25.8809661865, 16.2233257294, -3.08570599556, -24.4322090149, -9.54664134979, -9.6252746582], [-41.4934806824, 38.8782730103, 32.2750587463, -50.126789093, -9.85885715485, -1.75410604477, 25.8809661865, 53.1783103943, 37.1549186707, -8.02739620209, -30.3813858032, -11.0265359879, -6.85912656784], [-88.3162231445, 77.6465301514, 63.9952201843, -89.0825500488, -12.0687189102, -4.87640094757, 16.2233257294, 37.1549186707, 51.8357429504, -4.05458450317, -44.6413192749, -11.1720628738, -5.90069150925], [38.6886291504, -24.2775268555, -25.2369861603, 26.2034225464, -2.24350857735, -2.02875375748, -3.08570599556, -8.02739620209, -4.05458450317, 16.149438858, 13.7784471512, -1.44854032993, -2.61976599693], [124.659828186, -105.626899719, -78.8522262573, 115.641418457, 7.28811788559, 9.41883277893, -24.4322090149, -30.3813858032, -44.6413192749, 13.7784471512, 66.222946167, 9.20321273804, 1.8594596386], [11.540476799, -22.3051147461, -14.3969955444, 15.2004642487, -0.310685217381, 3.62587404251, -9.54664134979, -11.0265359879, -11.1720628738, -1.44854032993, 9.20321273804, 15.3985919952, 3.71275544167], [7.48479318619, -10.7458848953, 3.27249026299, 7.71038341522, -8.24646472931, 4.78231096268, -9.6252746582, -6.85912656784, -5.90069150925, -2.61976599693, 1.8594596386, 3.71275544167, 13.4905395508]],
        "icov": [[0.0216966699809, -0.0210837051272, 0.0187956448644, -0.0288885068148, 0.0227675009519, -0.0166448429227, 0.0116970315576, -0.012095763348, 0.0089314840734, -0.0105521893129, 0.00452808663249, 0.00375340343453, 0.00533337611705], [-0.0210837051272, 0.121187582612, -0.0504086352885, 0.100329205394, -0.0573514662683, 0.0854280218482, -0.0590736567974, 0.0484430938959, -0.0326522514224, 0.0299403592944, -0.0394893102348, 0.0323305316269, -0.0316661633551], [0.0187956448644, -0.0504086352885, 0.0589597970247, -0.0313048437238, 0.0346578918397, -0.038082331419, 0.015328370966, -0.00068389106309, -0.0164598356932, 0.0207060780376, -0.000515411840752, 0.00972489919513, -0.00750092277303], [-0.0288885068148, 0.100329205394, -0.0313048437238, 0.115189954638, -0.0523964427412, 0.0689305067062, -0.0604842491448, 0.0468864478171, -0.0307189635932, 0.0364736095071, -0.0601621977985, 0.0306369494647, -0.0445691905916], [0.0227675009519, -0.0573514662683, 0.0346578918397, -0.0523964427412, 0.0830290615559, -0.0380528829992, 0.0167010184377, -0.00659458059818, 0.0196595173329, 0.0110376952216, 0.00750604318455, 4.6295383072e-05, 0.0457257032394], [-0.0166448429227, 0.0854280218482, -0.038082331419, 0.0689305067062, -0.0380528829992, 0.10933509469, -0.0356050916016, 0.0306537430733, -0.0290065761656, 0.0346762761474, -0.0369104258716, 0.0175417475402, -0.0304072797298], [0.0116970315576, -0.0590736567974, 0.015328370966, -0.0604842491448, 0.0167010184377, -0.0356050916016, 0.0944158583879, -0.0649577230215, 0.0580323003232, -0.0455282703042, 0.0647900775075, -0.0113597717136, 0.04521163553], [-0.012095763348, 0.0484430938959, -0.00068389106309, 0.0468864478171, -0.00659458059818, 0.0306537430733, -0.0649577230215, 0.107709795237, -0.096598289907, 0.0855686366558, -0.0477824993432, 0.0321279615164, -0.0157039910555], [0.0089314840734, -0.0326522514224, -0.0164598356932, -0.0307189635932, 0.0196595173329, -0.0290065761656, 0.0580323003232, -0.096598289907, 0.165397524834, -0.101456552744, 0.0771826133132, -0.0129299331456, 0.0507380701602], [-0.0105521893129, 0.0299403592944, 0.0207060780376, 0.0364736095071, 0.0110376952216, 0.0346762761474, -0.0455282703042, 0.0855686366558, -0.101456552744, 0.180283084512, -0.067018635571, 0.0438368357718, -0.00288183079101], [0.00452808663249, -0.0394893102348, -0.000515411840752, -0.0601621977985, 0.00750604318455, -0.0369104258716, 0.0647900775075, -0.0477824993432, 0.0771826133132, -0.067018635571, 0.122100420296, -0.0222775936127, 0.0501937307417], [0.00375340343453, 0.0323305316269, 0.00972489919513, 0.0306369494647, 4.6295383072e-05, 0.0175417475402, -0.0113597717136, 0.0321279615164, -0.0129299331456, 0.0438368357718, -0.0222775936127, 0.112315095961, -0.0191413797438], [0.00533337611705, -0.0316661633551, -0.00750092277303, -0.0445691905916, 0.0457257032394, -0.0304072797298, 0.04521163553, -0.0157039910555, 0.0507380701602, -0.00288183079101, 0.0501937307417, -0.0191413797438, 0.156221866608]]
    },
    "melbands": {
        "dmean": [0.00382705125958, 0.00581786828116, 0.00156050804071, 0.000679718097672, 0.000170618557604, 4.63890173705e-05, 1.30608304971e-05, 3.62489336112e-05, 1.26204731714e-05, 7.90868361946e-05, 9.49809782469e-06, 3.60865647053e-06, 2.98684108202e-06, 2.66876713795e-06, 4.20040896643e-06, 3.30053808284e-06, 2.62517301053e-06, 1.13488545139e-06, 7.93569711277e-07, 5.04161164372e-07, 4.52453519983e-07, 2.29735164226e-07, 5.31979537755e-07, 1.43088152527e-06, 2.12382042264e-06, 1.19791229736e-06, 8.30128556117e-07, 8.57276404531e-07, 3.44534072383e-07, 3.20029442946e-07, 2.58970857203e-07, 5.73445149143e-08, 5.37955067159e-08, 3.40797328136e-08, 3.30949561089e-08, 5.52345049698e-08, 9.9776748641e-08, 7.86307481349e-08, 6.47166444878e-08, 1.81572037405e-08],
        "dmean2": [0.00594903482124, 0.0084476582706, 0.00227395188995, 0.00112735736184, 0.000210166050238, 7.56629451644e-05, 2.08460842259e-05, 6.05285531492e-05, 2.05152318813e-05, 8.78277860465e-05, 1.19081487355e-05, 5.96230756855e-06, 4.99977977597e-06, 4.60449791717e-06, 6.77712750985e-06, 5.28141436007e-06, 4.19432808485e-06, 1.85487283488e-06, 1.31037813844e-06, 7.76335241426e-07, 7.09115909103e-07, 3.65793027868e-07, 8.6758194584e-07, 2.13839166463e-06, 2.76344030681e-06, 1.81623317985e-06, 1.18642560665e-06, 1.28640658659e-06, 5.58722376809e-07, 4.9306299843e-07, 3.8200215613e-07, 8.84153763536e-08, 8.07624758181e-08, 5.34794963869e-08, 4.66823664169e-08, 8.83144366526e-08, 1.45568066046e-07, 1.21749252457e-07, 1.00011092741e-07, 2.8050431311e-08],
        "dvar": [8.61772605276e-06, 3.25226355926e-05, 1.91747608369e-06, 3.81394329452e-07, 1.44192107143e-08, 1.72076453087e-09, 2.51075493729e-10, 1.30560251499e-09, 1.5946231835e-10, 8.26149904043e-09, 1.02881765607e-10, 2.17592159568e-11, 1.33179335615e-11, 6.0258365138e-12, 1.87180635575e-11, 1.03290631256e-11, 5.89991337036e-12, 1.23732306952e-12, 7.98772723312e-13, 3.22034960547e-13, 4.93839019157e-13, 1.02482211356e-13, 2.6216905708e-13, 2.7832833694e-12, 5.60280944903e-12, 3.12706111005e-12, 1.33674538452e-12, 1.66817319507e-12, 1.68378372768e-13, 1.38917835026e-13, 9.5007945196e-14, 6.91419654075e-15, 6.5274840722e-15, 4.402380475e-15, 3.88875663645e-15, 7.87026761579e-15, 3.12064827104e-14, 1.99093417127e-14, 1.2068333156e-14, 7.74186684422e-16],
        "dvar2": [1.91691724467e-05, 5.0328020734e-05, 3.62021637557e-06, 9.04564046778e-07, 2.82782686156e-08, 3.07152481227e-09, 3.88051729638e-10, 3.56054430384e-09, 3.33668204178e-10, 6.72580169336e-09, 1.41937225862e-10, 3.27649400667e-11, 3.64416205545e-11, 1.762432561e-11, 4.88112154862e-11, 2.72844177807e-11, 1.54305943023e-11, 3.01333480737e-12, 1.93711106183e-12, 6.00895418493e-13, 1.07641272198e-12, 1.4988914786e-13, 7.68619976693e-13, 5.46461270332e-12, 1.03553233696e-11, 7.67307571647e-12, 2.32694874654e-12, 3.48440221988e-12, 4.34466129523e-13, 2.88687151441e-13, 1.87765954044e-13, 1.1234341975e-14, 1.16590349774e-14, 6.57097540239e-15, 5.36425499628e-15, 1.41532801917e-14, 5.84425696314e-14, 3.46684351149e-14, 2.28345022334e-14, 1.22057722985e-15],
        "max": [0.0269208401442, 0.064917050302, 0.0136286187917, 0.00385094969533, 0.000869691953994, 0.000366066495189, 0.000190645630937, 0.000250288663665, 0.000163661476108, 0.00226294482127, 0.000134019443067, 5.4156222177e-05, 3.51109629264e-05, 1.96384989977e-05, 4.09082604165e-05, 3.09633287543e-05, 1.7755335648e-05, 8.62584511196e-06, 6.17432942818e-06, 5.99575150773e-06, 6.22580364507e-06, 3.9920528252e-06, 3.61648881153e-06, 1.35273548949e-05, 2.45558512688e-05, 1.62928608916e-05, 1.12642346721e-05, 1.3356197087e-05, 3.65319124285e-06, 3.02800776808e-06, 2.22707603825e-06, 8.6940917754e-07, 7.54902771405e-07, 7.33192337066e-07, 7.02536624431e-07, 6.18815590769e-07, 1.63131835507e-06, 1.06657932974e-06, 8.89917942004e-07, 3.25370876908e-07],
        "mean": [0.0149183096364, 0.0471859686077, 0.00952518265694, 0.00142111908644, 0.000363434111932, 0.000121117758681, 2.795006003e-05, 5.52998317289e-05, 6.34603493381e-05, 0.000828387914225, 4.67159006803e-05, 5.95940218773e-06, 5.82616121392e-06, 6.43835073788e-06, 1.16015335152e-05, 9.42049882724e-06, 5.61781644137e-06, 2.83118242805e-06, 1.73427042682e-06, 1.18198965993e-06, 9.31976614993e-07, 4.9944804914e-07, 1.25786243643e-06, 3.17745889333e-06, 4.40513804278e-06, 2.4446264888e-06, 2.27894702221e-06, 2.08994333661e-06, 7.89835269188e-07, 6.6198509785e-07, 5.50786694475e-07, 1.38752781709e-07, 1.23527513551e-07, 8.1698757981e-08, 7.73713040303e-08, 1.12778593575e-07, 1.93871088072e-07, 1.58707621267e-07, 1.29504442725e-07, 4.79628639027e-08],
        "median": [0.0146090742201, 0.0467744991183, 0.00943639781326, 0.00123936787713, 0.000330655253492, 0.00011352407455, 2.27899618039e-05, 4.12848239648e-05, 5.84947047173e-05, 0.00070542114554, 3.87322543247e-05, 4.39884070147e-06, 4.6488071348e-06, 5.36651941729e-06, 1.07375981315e-05, 8.63270815898e-06, 4.70450504508e-06, 2.42219834945e-06, 1.3938383745e-06, 8.49138302783e-07, 5.31988689545e-07, 4.0639278609e-07, 1.05404421902e-06, 2.75524689641e-06, 2.90237903755e-06, 1.44506759625e-06, 1.46995603245e-06, 1.05361243641e-06, 4.68530942044e-07, 3.99432053655e-07, 3.78870140594e-07, 9.11417288307e-08, 6.59046293094e-08, 5.19875946736e-08, 4.67309249075e-08, 4.31752873453e-08, 4.93959007031e-08, 4.78243542545e-08, 5.23245731188e-08, 3.48870905498e-08],
        "min": [0.000416569993831, 0.000850703683682, 0.000569485011511, 0.00016865057114, 6.04423694313e-05, 3.4608929127e-05, 6.82245536154e-06, 5.87242357142e-06, 3.14905378218e-06, 9.7079328043e-06, 3.3467558751e-06, 6.22033098807e-07, 6.53520885407e-07, 1.00649015167e-06, 6.67583321956e-07, 9.18291902963e-07, 1.34706363042e-06, 4.32226642033e-07, 1.93495282019e-07, 9.78937251261e-08, 1.25408959661e-07, 7.74264208303e-08, 1.15883786123e-07, 1.05040101062e-07, 1.99002528234e-07, 1.89629702163e-07, 6.07549353049e-08, 6.5361419388e-08, 4.93199010521e-08, 3.51857707415e-08, 2.57732679643e-08, 2.25085603489e-08, 1.71885972122e-08, 1.92063946969e-08, 1.55822377224e-08, 1.69334413158e-08, 1.92660998266e-08, 1.77603123319e-08, 2.00832896979e-08, 1.92114288922e-08],
        "var": [1.33725898195e-05, 5.73211946175e-05, 2.89515037366e-06, 5.40213761724e-07, 3.97354860127e-08, 2.69940647613e-09, 3.41640299384e-10, 2.26468110931e-09, 1.09483844213e-09, 4.40189324991e-07, 1.18977772079e-09, 3.21794119129e-11, 1.92478238209e-11, 1.53119062568e-11, 7.17870207723e-11, 3.35086437764e-11, 9.54851388929e-12, 2.83705264142e-12, 1.69190768166e-12, 9.37252120532e-13, 9.33057884428e-13, 1.50508701639e-13, 7.4436903039e-13, 8.17374119777e-12, 1.82215128403e-11, 8.12722805721e-12, 6.51161026141e-12, 6.4962249989e-12, 6.13414592558e-13, 4.655887763e-13, 3.03631739976e-13, 1.68063517069e-14, 1.69077025872e-14, 7.07152994608e-15, 6.65268951784e-15, 1.92796608078e-14, 8.66243383447e-14, 5.4664762029e-14, 3.08624213154e-14, 1.42086145248e-15]
    },
    "mfcc": {
        "mean": [-687.238586426, 175.489395142, 42.9351463318, 50.6800384521, 16.9495029449, 11.6638689041, 31.5078811646, 10.2539873123, 6.74770498276, 19.1826400757, 12.4063186646, -0.816551983356, -18.2888126373],
        "cov": [[801.393981934, -617.26184082, -192.291320801, 211.008499146, 8.81285858154, 54.0699691772, 155.415969849, -76.0078125, -144.898406982, -41.05884552, -106.627799988, 91.1660003662, 89.7739562988], [-617.26184082, 562.189086914, 145.553833008, -169.755981445, -23.4919395447, -53.5336456299, -130.190872192, 55.3412628174, 124.159294128, 44.2349052429, 107.154258728, -80.2697677612, -80.165512085], [-192.291320801, 145.553833008, 108.610328674, -73.7276077271, -2.3683180809, -21.661901474, -52.897693634, 17.8759822845, 46.9554443359, 19.0041294098, 10.0770330429, -17.2045993805, -11.3209161758], [211.008499146, -169.755981445, -73.7276077271, 104.111824036, 1.38010513783, 20.2265396118, 59.4153137207, -23.5168743134, -48.1726341248, -14.600320816, -18.7820186615, 24.2149162292, 9.04330348969], [8.81285858154, -23.4919395447, -2.3683180809, 1.38010513783, 29.9931373596, 6.97331047058, 7.40132141113, -4.88968324661, -18.3063755035, -6.03954935074, -14.034705162, 4.86109733582, 8.43246555328], [54.0699691772, -53.5336456299, -21.661901474, 20.2265396118, 6.97331047058, 32.8019676208, 19.3815536499, -16.2441120148, -26.6102046967, -16.1113948822, -14.0953989029, 4.88227415085, 1.52532303333], [155.415969849, -130.190872192, -52.897693634, 59.4153137207, 7.40132141113, 19.3815536499, 64.3157196045, -13.1231765747, -41.1737785339, -16.1666755676, -22.4076004028, 21.7248497009, 12.4465818405], [-76.0078125, 55.3412628174, 17.8759822845, -23.5168743134, -4.88968324661, -16.2441120148, -13.1231765747, 36.4675292969, 31.5392017365, 7.13632631302, 15.4470787048, -8.2694272995, -9.72123718262], [-144.898406982, 124.159294128, 46.9554443359, -48.1726341248, -18.3063755035, -26.6102046967, -41.1737785339, 31.5392017365, 66.3178024292, 24.8341674805, 32.561958313, -19.307220459, -21.4981327057], [-41.05884552, 44.2349052429, 19.0041294098, -14.600320816, -6.03954935074, -16.1113948822, -16.1666755676, 7.13632631302, 24.8341674805, 29.5612754822, 17.2026424408, -5.2580499649, -4.50176858902], [-106.627799988, 107.154258728, 10.0770330429, -18.7820186615, -14.034705162, -14.0953989029, -22.4076004028, 15.4470787048, 32.561958313, 17.2026424408, 48.5758094788, -13.3081254959, -27.1020259857], [91.1660003662, -80.2697677612, -17.2045993805, 24.2149162292, 4.86109733582, 4.88227415085, 21.7248497009, -8.2694272995, -19.307220459, -5.2580499649, -13.3081254959, 29.2840957642, 18.7834453583], [89.7739562988, -80.165512085, -11.3209161758, 9.04330348969, 8.43246555328, 1.52532303333, 12.4465818405, -9.72123718262, -21.4981327057, -4.50176858902, -27.1020259857, 18.7834453583, 39.1153755188]],
