{
"lowlevel": {
    "average_loudness": 0.982334911823,
    "barkbands_crest": {
        "dmean": 0.608141481876,
        "dmean2": 0.949452280998,
        "dvar": 1.35350191593,
        "dvar2": 5.00925159454,
        "max": 26.3903636932,
        "mean": 16.7755222321,
        "median": 16.1623916626,
        "min": 12.7318534851,
        "var": 8.48603725433
    },
    "barkbands_flatness_db": {
        "dmean": 0.0267152693123,
        "dmean2": 0.0370018035173,
        "dvar": 0.00188654253725,
        "dvar2": 0.00319458288141,
        "max": 0.697794258595,
        "mean": 0.596466422081,
        "median": 0.638684689999,
        "min": 0.095186136663,
        "var": 0.015376906842
    },
    "barkbands_kurtosis": {
        "dmean": 26.7882232666,
        "dmean2": 39.2552833557,
        "dvar": 7248.8671875,
        "dvar2": 15989.8261719,
        "max": 984.473876953,
        "mean": 59.4358978271,
        "median": 11.9284315109,
        "min": 2.73815202713,
        "var": 26782.2636719
    },
    "barkbands_skewness": {
        "dmean": 0.805386483669,
        "dmean2": 1.20960581303,
        "dvar": 3.78971195221,
        "dvar2": 9.85107421875,
        "max": 27.3602333069,
        "mean": 2.50207996368,
        "median": 0.96888667345,
        "min": 0.463759183884,
        "var": 18.7898349762
    },
    "barkbands_spread": {
        "dmean": 0.346910178661,
        "dmean2": 0.58767169714,
        "dvar": 4.53495931625,
        "dvar2": 11.2927951813,
        "max": 22.6977043152,
        "mean": 0.82214987278,
        "median": 0.247603222728,
        "min": 0.115802742541,
        "var": 8.40215587616
    },
    "dissonance": {
        "dmean": 0.0501509532332,
        "dmean2": 0.0855367034674,
        "dvar": 0.00393320713192,
        "dvar2": 0.0132756922394,
        "max": 0.488468229771,
        "mean": 0.145501956344,
        "median": 0.111583553255,
        "min": 0.04854413867,
        "var": 0.00916821137071
    },
    "dynamic_complexity": 1.07680475712,
    "erbbands_crest": {
        "dmean": 0.811716556549,
        "dmean2": 1.34080958366,
        "dvar": 2.93073892593,
        "dvar2": 8.96761703491,
        "max": 30.6757640839,
        "mean": 25.365480423,
        "median": 25.742067337,
        "min": 14.7568750381,
        "var": 5.04556703568
    },
    "erbbands_flatness_db": {
        "dmean": 0.0228333231062,
        "dmean2": 0.0337267108262,
        "dvar": 0.00142894859891,
        "dvar2": 0.00220225169323,
        "max": 0.636727333069,
        "mean": 0.557687461376,
        "median": 0.592701852322,
        "min": 0.145678073168,
        "var": 0.0105736115947
    },
    "erbbands_kurtosis": {
        "dmean": 16.4463634491,
        "dmean2": 25.8058643341,
        "dvar": 923.421325684,
        "dvar2": 2136.3828125,
        "max": 238.636032104,
        "mean": 65.7601852417,
        "median": 45.9142913818,
        "min": -0.376531600952,
        "var": 2680.73266602
    },
    "erbbands_skewness": {
        "dmean": 0.951202988625,
        "dmean2": 1.51838231087,
        "dvar": 2.3530459404,
        "dvar2": 6.43047189713,
        "max": 11.8621711731,
        "mean": 3.05602812767,
        "median": 2.13499093056,
        "min": 0.778356969357,
        "var": 6.60404062271
    },
    "erbbands_spread": {
        "dmean": 0.850427269936,
        "dmean2": 1.3492487669,
        "dvar": 19.444688797,
        "dvar2": 49.4213104248,
        "max": 44.0452766418,
        "mean": 1.38845300674,
        "median": 0.334627866745,
        "min": 0.299184918404,
        "var": 24.566286087
    },
    "hfc": {
        "dmean": 1.06806087494,
        "dmean2": 1.46927595139,
        "dvar": 4.59430646896,
        "dvar2": 8.76471042633,
        "max": 22.5981578827,
        "mean": 15.4187955856,
        "median": 17.2666931152,
        "min": 0.0052346191369,
        "var": 40.4388961792
    },
    "melbands_crest": {
        "dmean": 0.657859742641,
        "dmean2": 1.07934474945,
        "dvar": 1.63380932808,
        "dvar2": 5.65233755112,
        "max": 32.8638458252,
        "mean": 21.5762882233,
        "median": 21.0129108429,
        "min": 16.0918045044,
        "var": 6.98085546494
    },
    "melbands_flatness_db": {
        "dmean": 0.0307815242559,
        "dmean2": 0.0435642041266,
        "dvar": 0.0022104147356,
        "dvar2": 0.00373190478422,
        "max": 0.796707928181,
        "mean": 0.687250852585,
        "median": 0.7320266366,
        "min": 0.145865768194,
        "var": 0.0170570351183
    },
    "melbands_kurtosis": {
        "dmean": 21.3361682892,
        "dmean2": 38.5973968506,
        "dvar": 2547.79052734,
        "dvar2": 8468.42871094,
        "max": 384.020568848,
        "mean": 32.8084793091,
        "median": 10.9609155655,
        "min": 2.74168586731,
        "var": 3718.17431641
    },
    "melbands_skewness": {
        "dmean": 0.685100615025,
        "dmean2": 1.16521263123,
        "dvar": 2.01854085922,
        "dvar2": 6.4694275856,
        "max": 12.3347072601,
        "mean": 1.36899459362,
        "median": 0.621743440628,
        "min": 0.211997285485,
        "var": 4.08866167068
    },
    "melbands_spread": {
        "dmean": 0.272717088461,
        "dmean2": 0.419630765915,
        "dvar": 2.56847333908,
        "dvar2": 5.7671585083,
        "max": 18.3087100983,
        "mean": 0.760320842266,
        "median": 0.26061886549,
        "min": 0.23570305109,
        "var": 5.99036645889
    },
    "pitch_salience": {
        "dmean": 0.016873780638,
        "dmean2": 0.0269015207887,
        "dvar": 0.00405906001106,
        "dvar2": 0.00839399732649,
        "max": 0.645578086376,
        "mean": 0.0511414930224,
        "median": 0.0247613098472,
        "min": 0.00494214799255,
        "var": 0.0135561777279
    },
    "silence_rate_20dB": {
        "dmean": 0,
        "dmean2": 0,
        "dvar": 0,
        "dvar2": 0,
        "max": 1,
        "mean": 1,
        "median": 1,
        "min": 1,
        "var": 0
    },
    "silence_rate_30dB": {
        "dmean": 0,
        "dmean2": 0,
        "dvar": 0,
        "dvar2": 0,
        "max": 1,
        "mean": 1,
        "median": 1,
        "min": 1,
        "var": 0
    },
    "silence_rate_60dB": {
        "dmean": 0.0181818176061,
        "dmean2": 0.0275229364634,
        "dvar": 0.0178512297571,
        "dvar2": 0.0267653707415,
        "max": 1,
        "mean": 0.0450450442731,
        "median": 0,
        "min": 0,
        "var": 0.0430158823729
    },
    "spectral_centroid": {
        "dmean": 21.7663002014,
        "dmean2": 38.7983703613,
        "dvar": 18179.0507812,
        "dvar2": 49894.7851562,
        "max": 1677.44274902,
        "mean": 418.542572021,
        "median": 395.61428833,
        "min": 369.682434082,
        "var": 18913.9882812
    },
    "spectral_complexity": {
        "dmean": 0.136363640428,
        "dmean2": 0.238532111049,
        "dvar": 0.245041117072,
        "dvar2": 0.585303127766,
        "max": 5,
        "mean": 1.16216218472,
        "median": 1,
        "min": 0,
        "var": 0.316044807434
    },
    "spectral_decrease": {
        "dmean": 6.96386448507e-10,
        "dmean2": 9.59284762736e-10,
        "dvar": 1.92724707521e-18,
        "dvar2": 3.71611965524e-18,
        "max": -1.40135017306e-12,
        "mean": -9.95950166782e-09,
        "median": -1.11180211704e-08,
        "min": -1.45706371413e-08,
        "var": 1.68645583287e-17
    },
    "spectral_energy": {
        "dmean": 0.00272518862039,
        "dmean2": 0.0037537952885,
        "dvar": 2.95279442071e-05,
        "dvar2": 5.69140320295e-05,
        "max": 0.0570426173508,
        "mean": 0.0389878898859,
        "median": 0.0435368530452,
        "min": 5.7638085309e-06,
        "var": 0.000258441956248
    },
    "spectral_energyband_high": {
        "dmean": 2.75506522485e-07,
        "dmean2": 4.6753794436e-07,
        "dvar": 5.44184922818e-13,
        "dvar2": 1.49736082908e-12,
        "max": 4.72125657325e-06,
        "mean": 4.55194395954e-07,
        "median": 2.78660564845e-07,
        "min": 6.1066948831e-08,
        "var": 4.71366543887e-13
    },
    "spectral_energyband_low": {
        "dmean": 2.67684868049e-07,
        "dmean2": 4.69047648721e-07,
        "dvar": 7.3860100707e-14,
        "dvar2": 2.14549298466e-13,
        "max": 1.9874901227e-06,
        "mean": 4.46076626304e-07,
        "median": 3.38696111157e-07,
        "min": 2.90766948297e-08,
        "var": 1.30822571743e-13
    },
    "spectral_energyband_middle_high": {
        "dmean": 5.09908477397e-06,
        "dmean2": 7.1476820267e-06,
        "dvar": 7.799486057e-11,
        "dvar2": 1.78172976373e-10,
        "max": 8.72255986906e-05,
        "mean": 1.91244034795e-05,
        "median": 1.02777612483e-05,
        "min": 4.50982327038e-07,
        "var": 4.26411655985e-10
    },
    "spectral_energyband_middle_low": {
        "dmean": 0.00272464822046,
        "dmean2": 0.00375247141346,
        "dvar": 2.95273202937e-05,
        "dvar2": 5.69163239561e-05,
        "max": 0.0570331849158,
        "mean": 0.0389809161425,
        "median": 0.0435244999826,
        "min": 4.92689650855e-06,
        "var": 0.000258480344201
    },
    "spectral_entropy": {
        "dmean": 0.279968976974,
        "dmean2": 0.416151940823,
        "dvar": 0.190540328622,
        "dvar2": 0.332193285227,
        "max": 7.88610601425,
        "mean": 3.20761585236,
        "median": 2.78837704659,
        "min": 2.4187734127,
        "var": 1.3499366045
    },
    "spectral_flux": {
        "dmean": 0.00834928359836,
        "dmean2": 0.0142151955515,
        "dvar": 0.000571909535211,
        "dvar2": 0.00160715042148,
        "max": 0.193169146776,
        "mean": 0.0129565428942,
        "median": 0.00475190905854,
        "min": 0.00109225907363,
        "var": 0.000580586784054
    },
    "spectral_kurtosis": {
        "dmean": 34.9902572632,
        "dmean2": 62.5258712769,
        "dvar": 1291.23669434,
        "dvar2": 4052.18115234,
        "max": 282.216125488,
        "mean": 103.185302734,
        "median": 105.413505554,
        "min": 3.47391986847,
        "var": 2685.97973633
    },
    "spectral_rms": {
        "dmean": 0.000326855923049,
        "dmean2": 0.000502410926856,
        "dvar": 5.03802084495e-07,
        "dvar2": 1.10929488528e-06,
        "max": 0.00745998229831,
        "mean": 0.0058688740246,
        "median": 0.00651728315279,
        "min": 7.49881801312e-05,
        "var": 3.59326668331e-06
    },
    "spectral_rolloff": {
        "dmean": 18.4011001587,
        "dmean2": 27.6573257446,
        "dvar": 10696.9785156,
        "dvar2": 24605.6035156,
        "max": 1507.32421875,
        "mean": 428.724578857,
        "median": 409.130859375,
        "min": 387.59765625,
        "var": 14274.1660156
    },
    "spectral_skewness": {
        "dmean": 1.21360588074,
        "dmean2": 2.07638907433,
        "dvar": 1.6914409399,
        "dvar2": 4.06086683273,
        "max": 13.4489746094,
        "mean": 8.54271030426,
        "median": 9.24531269073,
        "min": 1.18145811558,
        "var": 7.06367349625
    },
    "spectral_spread": {
        "dmean": 1067513.5,
        "dmean2": 1810093.375,
        "dvar": 3.80732807578e+12,
        "dvar2": 4.45473619968e+12,
        "max": 23331958,
        "mean": 1992534.875,
        "median": 1813117.125,
        "min": 287644.65625,
        "var": 4.97295137178e+12
    },
    "spectral_strongpeak": {
        "dmean": 0.163673788309,
        "dmean2": 0.217879951,
        "dvar": 0.135410577059,
        "dvar2": 0.250115603209,
        "max": 3.83208799362,
        "mean": 2.97806429863,
        "median": 3.24863791466,
        "min": 0.0128887454048,
        "var": 1.01363921165
    },
    "zerocrossingrate": {
        "dmean": 0.0015447443584,
        "dmean2": 0.00197552330792,
        "dvar": 3.82792422897e-05,
        "dvar2": 3.90892164432e-05,
        "max": 0.099609375,
        "mean": 0.0206529777497,
        "median": 0.01806640625,
        "min": 0.0087890625,
        "var": 0.000172231142642
    },
    "barkbands": {
        "dmean": [2.25264944476e-08, 5.61252875286e-08, 1.90636356479e-07, 1.88314643879e-07, 8.61585078837e-07, 0.00199447479099, 0.000949267821852, 4.90902039019e-06, 7.36992660677e-06, 4.61937406726e-06, 1.73642789036e-07, 2.06072130027e-07, 3.35154311415e-07, 4.67780381541e-07, 4.24324298365e-07, 2.6222741667e-07, 1.61903116691e-07, 1.08202989679e-07, 2.43680375434e-07, 1.55927949663e-07, 8.83906068339e-08, 4.82521791412e-08, 3.44397257379e-08, 2.50502765198e-08, 1.49620316137e-08, 7.10349468136e-09, 1.32328654701e-08],
        "dmean2": [4.17189944812e-08, 1.0042965215e-07, 3.27712768922e-07, 3.08548010253e-07, 1.36761684644e-06, 0.00273701664992, 0.00116030068602, 8.92689968168e-06, 1.12612951852e-05, 5.58183637622e-06, 3.00173923051e-07, 3.50561634832e-07, 5.32987314728e-07, 7.3100869713e-07, 6.7833286721e-07, 4.2621198304e-07, 2.78089373751e-07, 1.77062787543e-07, 3.8283215531e-07, 2.70916586942e-07, 1.45988167333e-07, 8.38371576606e-08, 5.83464121462e-08, 4.15587528835e-08, 2.38705908373e-08, 1.08915596542e-08, 1.84126101033e-08],
        "dvar": [2.35632839814e-16, 3.32790499361e-15, 4.31695389885e-14, 3.2661509131e-14, 4.08611686153e-12, 1.2273791981e-05, 4.31603757534e-06, 9.5569796521e-10, 1.55992929685e-09, 6.71618871628e-11, 1.24512596414e-13, 1.62262252788e-13, 2.02077612456e-12, 2.56896197023e-12, 1.60918630851e-12, 5.63356436153e-13, 2.4634377112e-13, 6.23548657369e-14, 1.79759993783e-12, 2.31116178712e-13, 6.00321116602e-14, 1.22485470388e-14, 7.11630749581e-15, 2.86544554496e-15, 1.58604007698e-15, 6.08547644581e-16, 6.88603640102e-16],
        "dvar2": [8.62546620381e-16, 7.93650051006e-15, 1.24311856382e-13, 8.04211772588e-14, 6.7511812113e-12, 2.88464070763e-05, 6.6715988396e-06, 2.7060789165e-09, 3.71562047796e-09, 1.34144279018e-10, 2.73316959343e-13, 4.12763627531e-13, 5.10429025435e-12, 6.34919243916e-12, 3.17817105099e-12, 1.50857592477e-12, 6.05069705277e-13, 1.65838669837e-13, 4.66199604962e-12, 6.4687258371e-13, 1.67550218491e-13, 3.30662519663e-14, 1.96787149699e-14, 7.08520529302e-15, 3.25700346549e-15, 7.73779314514e-16, 7.4579297536e-16],
        "max": [6.68276669558e-08, 6.55565600027e-07, 1.18209663924e-06, 2.44414491135e-06, 1.93537161977e-05, 0.0361710563302, 0.0236258488148, 0.000255111866863, 0.000373063638108, 0.00010977294005, 3.78217737307e-06, 3.80258893529e-06, 1.10456094262e-05, 1.24081616377e-05, 1.10416294774e-05, 4.27100349043e-06, 3.19106516145e-06, 1.7498523448e-06, 1.077030538e-05, 3.01000295622e-06, 1.73412502136e-06, 6.78405513099e-07, 4.77282014799e-07, 3.065057399e-07, 3.05814268131e-07, 2.70130357194e-07, 3.48004732587e-07],
        "mean": [2.16685940302e-08, 8.17453695845e-08, 2.44540018457e-07, 2.60893671111e-07, 1.04133982859e-06, 0.0234875623137, 0.0154625112191, 3.52737788489e-06, 6.63902210363e-06, 2.27121799981e-05, 2.58516649865e-07, 3.56192515483e-07, 2.86681682837e-07, 4.76103281244e-07, 5.76297622956e-07, 3.46588024058e-07, 1.91419033513e-07, 1.59076577688e-07, 2.07051328971e-07, 1.67357853798e-07, 1.11170123773e-07, 6.89637573714e-08, 4.56747066835e-08, 3.76871369667e-08, 2.16681339538e-08, 1.13144738023e-08, 6.46452420483e-08],
        "median": [1.96194562818e-08, 5.8636281608e-08, 1.98123544237e-07, 1.72879879301e-07, 4.63349408619e-07, 0.0256372410804, 0.0177103988826, 3.56922896572e-07, 1.11646534151e-06, 1.31500228235e-05, 1.3401094634e-07, 2.3188836451e-07, 7.18685768675e-08, 1.65114215633e-07, 2.66339753807e-07, 1.3895082418e-07, 7.35190468504e-08, 9.07743640255e-08, 5.79683891999e-08, 8.06845505963e-08, 4.64647449405e-08, 3.64830050614e-08, 1.95859097829e-08, 2.0117250088e-08, 1.13074545283e-08, 6.54027232372e-09, 5.62910713597e-08],
        "min": [3.92279569938e-10, 6.88318291253e-09, 3.2934972527e-09, 2.13408704042e-08, 1.29969436102e-07, 2.86957032358e-07, 1.58328276711e-07, 9.04997392581e-08, 1.46773786014e-07, 1.03575501953e-07, 2.37968489358e-08, 4.9462570928e-08, 8.95512553001e-09, 2.48014622173e-08, 1.68187774818e-08, 1.41960185829e-08, 1.19042979918e-08, 1.00292192329e-08, 9.03214480985e-09, 1.13518972e-08, 9.14276210295e-09, 7.21845205831e-09, 4.94700103104e-09, 3.61838159435e-09, 3.42698669442e-09, 1.18077714273e-09, 1.55946633384e-08],
        "var": [2.89708614307e-16, 9.94067871909e-15, 5.02610207956e-14, 1.06016141233e-13, 4.66388689821e-12, 0.000101616096799, 4.82244067825e-05, 5.98293026233e-10, 1.39461475701e-09, 6.78608169657e-10, 2.38886194897e-13, 1.98137730181e-13, 1.27491734617e-12, 2.13911917693e-12, 2.06788666052e-12, 4.69527303322e-13, 2.35462284436e-13, 7.16551045387e-14, 1.05366334147e-12, 1.45290395925e-13, 4.60098844061e-14, 1.17958646797e-14, 5.74449232147e-15, 2.74808320089e-15, 1.45148974034e-15, 6.97973889142e-16, 1.70601774115e-15]
    },
    "erbbands": {
        "dmean": [2.04766774914e-06, 1.54084755195e-05, 0.000165563527844, 0.000399721175199, 0.00162205507513, 0.00912905670702, 0.344230502844, 17.8239383698, 26.1350040436, 1.04322004318, 0.209399670362, 0.135222867131, 0.199359983206, 0.0250752195716, 0.00640215817839, 0.00942124333233, 0.0138796782121, 0.0264008473605, 0.0179805587977, 0.0263829119503, 0.0111644417048, 0.00840608030558, 0.00599338905886, 0.0122779924423, 0.00853399839252, 0.0077850962989, 0.00454716943204, 0.00330104888417, 0.00198314804584, 0.0012206583051, 0.000962496094871, 0.00067941006273, 0.000335065822583, 0.000188531601452, 9.44158236962e-05, 3.18643251376e-05, 1.38689829328e-05, 1.32626537379e-05, 1.85636895367e-06, 2.97692713502e-06],
        "dmean2": [3.25679366142e-06, 2.71410553978e-05, 0.000298264116282, 0.000677552132402, 0.0027845192235, 0.0141218826175, 0.512368798256, 25.2991714478, 34.4412498474, 1.39705133438, 0.372775822878, 0.191984176636, 0.254606246948, 0.0357783511281, 0.0105340592563, 0.0157724265009, 0.02201744169, 0.0430524870753, 0.0277176909149, 0.0423065647483, 0.0190133191645, 0.0147784659639, 0.009467064403, 0.0191557910293, 0.0140193235129, 0.0133392550051, 0.00774911465123, 0.00546475686133, 0.00338358036242, 0.00221967231482, 0.00157963414676, 0.00111376226414, 0.000544941809494, 0.000302050582832, 0.000157455579028, 4.92376930197e-05, 2.12895647564e-05, 2.04439747904e-05, 2.59878311226e-06, 4.16561351813e-06],
        "dvar": [6.80983351306e-12, 1.73690811733e-10, 2.67030060286e-08, 1.44786284295e-07, 3.73454417968e-06, 0.00029913376784, 0.397884875536, 1058.44348145, 3042.33886719, 5.09103250504, 1.37862741947, 0.455406159163, 0.199297145009, 0.00226915464737, 0.000267694937065, 0.000368837208953, 0.00307260686532, 0.0098028620705, 0.00310450652614, 0.00458756182343, 0.00127414043527, 0.000729718478397, 0.00016869531828, 0.00441294396296, 0.0012043484021, 0.000603575084824, 0.000187699362868, 5.9343106841e-05, 2.49446602538e-05, 7.56479494157e-06, 5.03305500388e-06, 2.10553253055e-06, 5.4551702533e-07, 2.51803072615e-07, 6.74933815503e-08, 1.06143955847e-08, 2.20835438824e-09, 5.19884246764e-10, 8.08137758102e-12, 3.56080928632e-11],
        "dvar2": [1.15190270517e-11, 5.48383061183e-10, 8.08755302728e-08, 3.67846183735e-07, 9.49133573158e-06, 0.000734305824153, 1.07014584541, 2549.86035156, 5022.11279297, 8.20129776001, 3.98865056038, 1.01118302345, 0.420071929693, 0.00457928935066, 0.000625352724455, 0.000937815813813, 0.00785467308015, 0.0254748594016, 0.00571609381586, 0.0103071695194, 0.003286188934, 0.0017834068276, 0.000436977861682, 0.0115430625156, 0.00318547617644, 0.00168911844958, 0.00052121351473, 0.000158793991432, 6.68341235723e-05, 2.1080562874e-05, 1.38902660183e-05, 5.62505920243e-06, 1.23862241708e-06, 5.46643150301e-07, 1.35531806222e-07, 1.32070665515e-08, 3.18797921395e-09, 8.62639681909e-10, 1.1882080389e-11, 6.89989385072e-11],
        "max": [2.87866641884e-05, 0.000156874826644, 0.000991752953269, 0.00406407471746, 0.0162523780018, 0.155483916402, 5.67914295197, 315.464996338, 617.581726074, 24.8913955688, 10.0460004807, 6.74612998962, 5.15600061417, 0.512659728527, 0.17515796423, 0.175463452935, 0.432726740837, 0.638167023659, 0.528531372547, 0.562045812607, 0.211242765188, 0.169479861856, 0.0889293253422, 0.54295694828, 0.271546006203, 0.145524859428, 0.0921373143792, 0.0487810745835, 0.0355403125286, 0.0169413518161, 0.0128646101803, 0.00880783610046, 0.0052079949528, 0.00362137961201, 0.00202478934079, 0.00111595494673, 0.000492367544211, 0.000186572331586, 4.10129068769e-05, 6.37433840893e-05],
        "mean": [8.77200182003e-06, 4.34421672253e-05, 0.000308348389808, 0.00128875731025, 0.0078367870301, 0.100351653993, 3.70733332634, 210.243682861, 413.254272461, 16.617805481, 0.894786417484, 0.2504350245, 0.895249783993, 0.111734256148, 0.015306183137, 0.0174673013389, 0.0135083338246, 0.0244020875543, 0.0221028625965, 0.037946280092, 0.0148161659017, 0.0105360271409, 0.00895700603724, 0.0107165724039, 0.00809967610985, 0.00771307153627, 0.00565095897764, 0.00436509400606, 0.00273504690267, 0.00174997642171, 0.00127771915868, 0.00092541630147, 0.000573927245568, 0.000308668822981, 0.000150258347276, 6.59016077407e-05, 3.54239564331e-05, 5.02436232637e-05, 2.42001788138e-05, 4.41975025751e-05],
        "median": [8.73536828294e-06, 4.13274647144e-05, 0.000276959704934, 0.00115384662058, 0.00811155233532, 0.105127938092, 3.89069771767, 225.018722534, 472.533325195, 18.8658161163, 0.904034078121, 0.144445672631, 0.514432132244, 0.0681833997369, 0.0111185209826, 0.0111048240215, 0.00501707801595, 0.00911822356284, 0.00754762347788, 0.0176967661828, 0.00613517081365, 0.00381766003557, 0.0050136372447, 0.00274664815515, 0.00299599743448, 0.00344149279408, 0.00272797979414, 0.00202701776288, 0.0013004305074, 0.000947769032791, 0.000623348983936, 0.000430847227108, 0.000358074670658, 0.000176860048668, 9.23844127101e-05, 4.91439204779e-05, 2.75763359241e-05, 4.26606638939e-05, 2.57463580056e-05, 4.92158542329e-05],
        "min": [4.01311211817e-07, 7.68736481405e-06, 4.02072146244e-05, 0.000260321190581, 0.00112332892604, 0.000937100383453, 0.000918703910429, 0.00279458030127, 0.00352876423858, 0.0100063718855, 0.0264001656324, 0.0162668768317, 0.00727791246027, 0.00206721248105, 0.00154101429507, 0.00326498737559, 0.00177518150304, 0.00174445740413, 0.00182514288463, 0.00145987875294, 0.00149089237675, 0.00122046645265, 0.000688449596055, 0.000592675816733, 0.000493178202305, 0.000511124322657, 0.000383741164114, 0.000396072951844, 0.000273075886071, 0.000178840593435, 0.000151183907292, 0.000115889139124, 7.51224215492e-05, 6.61570011289e-05, 3.72297181457e-05, 1.9945540771e-05, 1.47390965139e-05, 1.05173876364e-05, 5.43002670383e-06, 7.99118879513e-07],
        "var": [1.49107046155e-11, 3.57772672599e-10, 2.83124759193e-08, 2.78542671595e-07, 6.87345709594e-06, 0.00136846245732, 2.02344441414, 7484.03417969, 30819.5, 50.462638855, 0.859042048454, 0.471690446138, 1.07722496986, 0.01405472029, 0.000425283389632, 0.000413148925873, 0.0019916954916, 0.00664439750835, 0.00430176686496, 0.00503413146362, 0.00115400657523, 0.000702539051417, 0.000201858099899, 0.00269781425595, 0.000763172633015, 0.000378786033252, 0.000125678576296, 5.34825994691e-05, 2.21039645112e-05, 6.7530609158e-06, 4.08519827033e-06, 1.84651662494e-06, 5.50338995708e-07, 2.2519589038e-07, 5.82727182064e-08, 1.13836771121e-08, 2.27560104094e-09, 1.13330667073e-09, 2.8354374404e-11, 3.04137909302e-10]
    },
    "gfcc": {
        "mean": [-293.457000732, 124.592750549, -72.3955764771, -52.4220237732, -107.260627747, -83.2695999146, -57.2739524841, -21.6060600281, 9.45076560974, 15.7146444321, 17.0292263031, 9.56936740875, 11.7884531021],
        "cov": [[690.311889648, 45.9424743652, -169.858139038, 76.1527557373, -156.006256104, -131.784317017, -133.371566772, -69.3665161133, 56.6319198608, 64.932762146, 135.904403687, 62.4249420166, 94.8130645752], [45.9424743652, 514.770446777, 208.203048706, -386.009674072, -132.731246948, -274.742706299, -40.0071563721, -42.4645462036, 144.462982178, 59.2415733337, 84.7669906616, 48.347328186, 145.922531128], [-169.858139038, 208.203048706, 270.341430664, -150.303604126, -101.451324463, -153.434204102, 5.17308139801, -6.08545064926, 47.8437690735, 27.6466217041, 44.6289100647, 24.5658988953, 37.2201576233], [76.1527557373, -386.009674072, -150.303604126, 386.891052246, 66.9124984741, 140.907012939, -6.58514022827, -6.28733444214, -100.466285706, -16.7844829559, 5.00174427032, -16.5617313385, -106.00769043], [-156.006256104, -132.731246948, -101.451324463, 66.9124984741, 204.81086731, 159.139190674, 22.7674674988, 19.101266861, -55.2718696594, -27.6437721252, -77.8918304443, -34.1380386353, -80.3978347778], [-131.784317017, -274.742706299, -153.434204102, 140.907012939, 159.139190674, 257.824615479, 55.0720252991, 42.0882492065, -97.1466827393, -59.7225456238, -115.297264099, -41.7626991272, -91.5495376587], [-133.371566772, -40.0071563721, 5.17308139801, -6.58514022827, 22.7674674988, 55.0720252991, 113.560905457, 47.6536254883, -41.7368545532, -42.9080085754, -70.273399353, -33.630191803, -20.5463809967], [-69.3665161133, -42.4645462036, -6.08545064926, -6.28733444214, 19.101266861, 42.0882492065, 47.6536254883, 45.801940918, -19.7052669525, -30.6710090637, -49.7285461426, -19.392791748, -17.4495925903], [56.6319198608, 144.462982178, 47.8437690735, -100.466285706, -55.2718696594, -97.1466827393, -41.7368545532, -19.7052669525, 73.7359161377, 25.5096416473, 35.7677154541, 13.0506782532, 46.8160896301], [64.932762146, 59.2415733337, 27.6466217041, -16.7844829559, -27.6437721252, -59.7225456238, -42.9080085754, -30.6710090637, 25.5096416473, 36.6432991028, 48.679561615, 17.3240890503, 15.8310232162], [135.904403687, 84.7669906616, 44.6289100647, 5.00174427032, -77.8918304443, -115.297264099, -70.273399353, -49.7285461426, 35.7677154541, 48.679561615, 105.442214966, 40.5651473999, 32.7075386047], [62.4249420166, 48.347328186, 24.5658988953, -16.5617313385, -34.1380386353, -41.7626991272, -33.630191803, -19.392791748, 13.0506782532, 17.3240890503, 40.5651473999, 33.360748291, 25.243478775], [94.8130645752, 145.922531128, 37.2201576233, -106.00769043, -80.3978347778, -91.5495376587, -20.5463809967, -17.4495925903, 46.8160896301, 15.8310232162, 32.7075386047, 25.243478775, 81.3382263184]],
        "icov": [[0.00842279847711, -0.00750847160816, 0.0114116370678, -0.00690904259682, 0.0086396150291, 0.00153600389604, 0.00525831524283, -0.00779174268246, 0.00422745803371, -0.0136623969302, 0.00630928529426, -0.00675438344479, -0.000863895460498], [-0.00750847160816, 0.0541252829134, -0.0127418227494, 0.0397382862866, -0.0224280431867, 0.0215085893869, -0.0216509699821, 0.0318283587694, -0.0201983340085, 0.0214321631938, -0.0208260342479, -0.00500643067062, -0.0099466200918], [0.0114116370678, -0.0127418227494, 0.0247904956341, -0.00760182505473, 0.0160447210073, 0.00847310107201, 0.00613717921078, -0.00828403513879, 0.00952696427703, -0.0201294738799, 0.016216609627, -0.0177600141615, 0.0108998687938], [-0.00690904259682, 0.0397382862866, -0.00760182505473, 0.0387449599802, -0.0135172260925, 0.0154480440542, -0.0131115112454, 0.0295116230845, -0.0055115907453, 0.025461807847, -0.0212090555578, 0.00119234330487, 0.0041576991789], [0.0086396150291, -0.0224280431867, 0.0160447210073, -0.0135172260925, 0.0285081937909, -0.00623490428552, 0.0134949404746, -0.00661744223908, 0.0133456308395, -0.018968379125, 0.02225179784, -0.00674299988896, 0.0175120644271], [0.00153600389604, 0.0215085893869, 0.00847310107201, 0.0154480440542, -0.00623490428552, 0.0432682521641, 0.000823718612082, 0.0251047741622, 0.0110687240958, 0.0139574455097, 0.0258964467794, -0.0207604542375, 0.0109521737322], [0.00525831524283, -0.0216509699821, 0.00613717921078, -0.0131115112454, 0.0134949404746, 0.000823718612082, 0.0405973754823, -0.0170812625438, 0.0315214656293, 0.00404185755178, 0.0184269789606, 0.018244670704, 0.00167134287767], [-0.00779174268246, 0.0318283587694, -0.00828403513879, 0.0295116230845, -0.00661744223908, 0.0251047741622, -0.0170812625438, 0.0977693647146, -0.00595890311524, 0.0575378499925, 0.0167700182647, -0.0106630474329, 0.0214070603251], [0.00422745803371, -0.0201983340085, 0.00952696427703, -0.0055115907453, 0.0133456308395, 0.0110687240958, 0.0315214656293, -0.00595890311524, 0.0648641809821, -0.00620774272829, 0.0198863036931, 0.0196913294494, 0.00186571304221], [-0.0136623969302, 0.0214321631938, -0.0201294738799, 0.025461807847, -0.018968379125, 0.0139574455097, 0.00404185755178, 0.0575378499925, -0.00620774272829, 0.143599033356, -0.0377429835498, 0.0201464276761, 0.0147453844547], [0.00630928529426, -0.0208260342479, 0.016216609627, -0.0212090555578, 0.02225179784, 0.0258964467794, 0.0184269789606, 0.0167700182647, 0.0198863036931, -0.0377429835498, 0.0982200354338, -0.0474701561034, 0.0254764128476], [-0.00675438344479, -0.00500643067062, -0.0177600141615, 0.00119234330487, -0.00674299988896, -0.0207604542375, 0.018244670704, -0.0106630474329, 0.0196913294494, 0.0201464276761, -0.0474701561034, 0.105060644448, -0.0299468934536], [-0.000863895460498, -0.0099466200918, 0.0108998687938, 0.0041576991789, 0.0175120644271, 0.0109521737322, 0.00167134287767, 0.0214070603251, 0.00186571304221, 0.0147453844547, 0.0254764128476, -0.0299468934536, 0.0613339431584]]
    },
    "melbands": {
        "dmean": [1.60014383965e-08, 6.08720398532e-08, 8.88935076659e-08, 1.50306249225e-07, 8.85005704276e-07, 0.000445649231551, 0.000351149385097, 5.09736082677e-07, 1.60710840191e-06, 8.0771269495e-07, 9.98747509584e-07, 9.2767315607e-08, 2.289127643e-08, 2.25508429708e-08, 2.18538840357e-08, 4.09975910998e-08, 5.09235285051e-08, 2.75899818547e-08, 3.26922773297e-08, 2.705995783e-08, 1.16192930832e-08, 9.89597559453e-09, 6.29022123277e-09, 4.79014028443e-09, 1.09391002923e-08, 8.66049454373e-09, 4.22508339426e-09, 5.41687139588e-09, 3.44428685572e-09, 1.93040228247e-09, 1.94468219306e-09, 1.18166709751e-09, 8.34020463802e-10, 6.81037837236e-10, 5.91867443944e-10, 4.79636330653e-10, 4.02150285295e-10, 2.62074112412e-10, 1.81576254032e-10, 1.54943627373e-10],
        "dmean2": [2.90411605874e-08, 1.10140675247e-07, 1.48363071162e-07, 2.47558631372e-07, 1.41937573517e-06, 0.000624406209681, 0.000465592456749, 9.26089398945e-07, 3.02258968077e-06, 1.10197038339e-06, 1.27098508074e-06, 1.40247777836e-07, 3.88382943584e-08, 3.95525532326e-08, 3.56658667044e-08, 6.4419367618e-08, 8.42197920292e-08, 4.23347579215e-08, 5.17321296911e-08, 4.5888480571e-08, 2.00936618455e-08, 1.74434369171e-08, 1.03055617373e-08, 7.78060105233e-09, 1.70812786138e-08, 1.38398457139e-08, 7.58711227178e-09, 9.3335019713e-09, 5.80282843998e-09, 3.24407234409e-09, 3.23421400772e-09, 2.0576538251e-09, 1.43241996042e-09, 1.25360510861e-09, 1.00719077523e-09, 7.90772225479e-10, 6.69896027539e-10, 4.2473388695e-10, 2.89947649224e-10, 2.50098802779e-10],
        "dvar": [3.32422024147e-16, 3.71614614487e-15, 6.37749613658e-15, 4.38747379628e-14, 6.6316973614e-12, 6.95236678894e-07, 5.356344559e-07, 8.64000017364e-12, 1.10431448708e-10, 1.56147837715e-11, 4.85691304883e-12, 2.91323124749e-14, 2.67790207428e-15, 2.04127888739e-15, 4.17514271108e-15, 2.87109169718e-14, 3.53623617747e-14, 6.96536961274e-15, 1.06156276057e-14, 4.64086598944e-15, 1.33296738464e-15, 9.93006687857e-16, 1.88785670963e-16, 1.27724058412e-16, 3.76747676499e-15, 1.96531845499e-15, 1.84349137378e-16, 2.99698812054e-16, 1.00800355177e-16, 2.71362687997e-17, 1.73418266529e-17, 8.85026262688e-18, 2.88281935372e-18, 2.65774082071e-18, 1.96360890096e-18, 1.18537535699e-18, 7.16130943234e-19, 2.88540527541e-19, 1.98129673665e-19, 1.7116167284e-19],
        "dvar2": [6.94116183462e-16, 1.10532979999e-14, 1.50361832902e-14, 7.93659097318e-14, 1.63336271591e-11, 1.5255712924e-06, 9.02825945559e-07, 1.58494588981e-11, 3.20975496182e-10, 3.26034095555e-11, 1.03292166487e-11, 6.01948368538e-14, 6.04018390006e-15, 5.04707842698e-15, 1.09140686533e-14, 7.25276568946e-14, 9.2888282515e-14, 1.24678675858e-14, 2.22960552473e-14, 1.12934818154e-14, 3.4466058615e-15, 2.43902247777e-15, 4.67356304939e-16, 3.39277326487e-16, 9.82824525974e-15, 5.09159805517e-15, 5.29897406116e-16, 8.27164307169e-16, 2.76563430589e-16, 7.61491950179e-17, 4.48809903136e-17, 2.34545623395e-17, 8.12151816158e-18, 7.40972097267e-18, 5.44391508e-18, 3.1687450858e-18, 1.90420968156e-18, 6.64959741083e-19, 4.26846780321e-19, 3.70422671089e-19],
        "max": [1.92967107182e-07, 3.56133568857e-07, 9.31739293719e-07, 2.11792098526e-06, 2.95872741845e-05, 0.00824054889381, 0.00814210809767, 2.3837767003e-05, 8.46548864502e-05, 3.93230147893e-05, 2.53902180702e-05, 1.87773002835e-06, 5.65061839097e-07, 4.42643909082e-07, 5.56436873467e-07, 1.27617079215e-06, 1.29098054913e-06, 8.07746857845e-07, 9.08647166398e-07, 3.9707401811e-07, 2.22827935659e-07, 2.00363530212e-07, 9.01993075786e-08, 8.0677146741e-08, 4.9908226174e-07, 3.54637990085e-07, 9.99547822289e-08, 1.05665179717e-07, 6.16771913542e-08, 3.8229295285e-08, 2.45256188691e-08, 2.01892262908e-08, 1.09195568143e-08, 9.27505183768e-09, 7.90844190135e-09, 7.02328328828e-09, 4.84308593229e-09, 3.69059138805e-09, 3.40406147714e-09, 2.92731172635e-09],
        "mean": [2.3866059351e-08, 8.07286753002e-08, 1.45249202887e-07, 1.89066213352e-07, 2.87713464786e-06, 0.00570293609053, 0.00546796107665, 5.97620044118e-07, 1.06581796899e-06, 1.00436307093e-06, 4.41850033894e-06, 3.79907675097e-07, 3.50129738536e-08, 3.89571148673e-08, 3.10414485227e-08, 3.26654863159e-08, 4.70747743009e-08, 3.43939596803e-08, 4.3756426038e-08, 3.91641421515e-08, 1.43352609783e-08, 1.15913456611e-08, 8.78896422307e-09, 6.73712330368e-09, 9.02303032291e-09, 7.28810745088e-09, 4.4959640455e-09, 5.25321564027e-09, 4.11738465544e-09, 2.41985098626e-09, 2.50748488639e-09, 1.53879708975e-09, 1.19091581041e-09, 8.9158702643e-10, 7.45808248492e-10, 6.1569993548e-10, 5.32546173826e-10, 4.07080341658e-10, 3.01722341556e-10, 2.19365442478e-10],
        "median": [1.67491798209e-08, 6.38199040282e-08, 9.32730159775e-08, 1.02258340462e-07, 4.7696346428e-07, 0.00608089752495, 0.00624964479357, 7.26665945194e-08, 7.61036460517e-08, 2.70686541626e-07, 2.47253956331e-06, 1.58903972647e-07, 1.93515017344e-08, 2.49434926047e-08, 1.74686665133e-08, 7.56587237305e-09, 1.70418879009e-08, 1.14153335673e-08, 2.16309015144e-08, 1.95375093881e-08, 4.4767975993e-09, 3.93361831996e-09, 4.45286785222e-09, 3.5436820145e-09, 2.10144635027e-09, 2.07542805164e-09, 2.00765271074e-09, 2.3163007068e-09, 1.9574943888e-09, 9.29351817724e-10, 1.22787435775e-09, 7.16476322715e-10, 6.3618815771e-10, 4.10922934568e-10, 3.50944245886e-10, 2.56152155043e-10, 2.44852138565e-10, 2.39004621649e-10, 1.91621038481e-10, 1.04472479279e-10],
        "min": [1.84564274974e-09, 4.80116169044e-09, 2.70136091274e-08, 2.57865924169e-08, 2.84993291189e-08, 6.39496136046e-08, 4.65978473585e-08, 9.7229122531e-09, 9.61494173168e-09, 2.39692710124e-08, 1.77555570247e-08, 8.39311020684e-09, 3.54090645693e-09, 5.4861786225e-09, 3.72405128957e-09, 1.11049081042e-09, 2.04214845034e-09, 2.15956275085e-09, 1.43917533446e-09, 1.96747751424e-09, 8.02423572033e-10, 6.66825816786e-10, 7.18303472258e-10, 3.95672883347e-10, 4.26141316678e-10, 3.12934400615e-10, 2.95796359628e-10, 2.7793539692e-10, 2.49163717436e-10, 1.65940441943e-10, 1.96570468236e-10, 1.1517795051e-10, 1.10781266105e-10, 6.94252502709e-11, 7.35970590027e-11, 5.44889931786e-11, 4.88325734016e-11, 3.81473325151e-11, 3.96277767545e-11, 2.98126107134e-11],
        "var": [8.91354581494e-16, 4.68923072369e-15, 1.91089751986e-14, 6.35720385296e-14, 3.83930907899e-11, 5.52650817554e-06, 5.35460230822e-06, 1.00990934365e-11, 6.42424516362e-11, 1.74817937904e-11, 2.71934055135e-11, 1.95818960548e-13, 4.84457190754e-15, 2.74870598186e-15, 3.14974453041e-15, 1.78882906074e-14, 2.41744609221e-14, 1.01873050672e-14, 1.2095379765e-14, 4.42329625957e-15, 1.28282112834e-15, 9.30906467329e-16, 2.23146727138e-16, 1.47063832301e-16, 2.26408984537e-15, 1.15731932704e-15, 1.19137711895e-16, 1.84420341085e-16, 6.70385284896e-17, 2.05261907698e-17, 1.7153429651e-17, 7.60922287435e-18, 3.09791092161e-18, 2.13438013163e-18, 1.53308444979e-18, 9.71732285753e-19, 6.35599275434e-19, 2.97802701505e-19, 1.95642496659e-19, 1.52160726709e-19]
    },
    "mfcc": {
        "mean": [-978.975036621, 137.602584839, 27.6864833832, -7.26100349426, -28.2414703369, -41.646938324, -46.4615058899, -39.5955276489, -22.986656189, -15.7245464325, -13.8179979324, -1.81821024418, 15.291475296],
        "cov": [[685.983337402, 14.3853902817, -293.724151611, 81.2213745117, 3.1809630394, 22.3901004791, -39.0460395813, -48.674495697, -39.5674476624, -19.3587017059, 3.55051469803, -10.693441391, -23.9101448059], [14.3853902817, 211.167999268, 75.3697814941, -150.983901978, -60.2543983459, -69.096282959, -83.6065216064, -31.5193443298, 26.9936656952, 26.3962593079, -15.2095489502, -31.3980617523, 27.0732364655], [-293.724151611, 75.3697814941, 234.22807312, -49.2810020447, -52.8825492859, -54.7154159546, -7.55702352524, 8.72425365448, 8.2971572876, 3.20872044563, -22.5071392059, -4.16793394089, 32.5048522949], [81.2213745117, -150.983901978, -49.2810020447, 233.205307007, 94.7274246216, 58.6880683899, 70.9086685181, -14.3916759491, -95.8723526001, -82.9144515991, -7.62334108353, 37.6237220764, 0.941632628441], [3.1809630394, -60.2543983459, -52.8825492859, 94.7274246216, 160.663604736, 94.9769973755, 27.2473163605, -8.07306480408, -57.6414718628, -41.6431045532, 20.1825618744, 29.2867336273, 2.50964665413], [22.3901004791, -69.096282959, -54.7154159546, 58.6880683899, 94.9769973755, 100.266639709, 52.9647712708, 14.6177616119, -18.8289203644, -7.17493677139, 24.5331230164, 15.9818611145, -14.209189415], [-39.0460395813, -83.6065216064, -7.55702352524, 70.9086685181, 27.2473163605, 52.9647712708, 103.589820862, 54.0496788025, 1.48768806458, 4.9184923172, 15.5401678085, 7.09472703934, -24.1188373566], [-48.674495697, -31.5193443298, 8.72425365448, -14.3916759491, -8.07306480408, 14.6177616119, 54.0496788025, 74.3400344849, 58.0157165527, 44.721282959, 21.1901988983, -10.8729372025, -28.704574585], [-39.5674476624, 26.9936656952, 8.2971572876, -95.8723526001, -57.6414718628, -18.8289203644, 1.48768806458, 58.0157165527, 111.110626221, 81.2578811646, 8.57250404358, -34.463973999, -32.2067146301], [-19.3587017059, 26.3962593079, 3.20872044563, -82.9144515991, -41.6431045532, -7.17493677139, 4.9184923172, 44.721282959, 81.2578811646, 78.313873291, 18.5338439941, -25.5603466034, -22.8980998993], [3.55051469803, -15.2095489502, -22.5071392059, -7.62334108353, 20.1825618744, 24.5331230164, 15.5401678085, 21.1901988983, 8.57250404358, 18.5338439941, 36.1694564819, 11.834397316, -7.59475374222], [-10.693441391, -31.3980617523, -4.16793394089, 37.6237220764, 29.2867336273, 15.9818611145, 7.09472703934, -10.8729372025, -34.463973999, -25.5603466034, 11.834397316, 46.1326980591, 33.4463653564], [-23.9101448059, 27.0732364655, 32.5048522949, 0.941632628441, 2.50964665413, -14.209189415, -24.1188373566, -28.704574585, -32.2067146301, -22.8980998993, -7.59475374222, 33.4463653564, 62.8411712646]],
