{
"lowlevel": {
    "average_loudness": 0.989237725735,
    "barkbands_crest": {
        "dmean": 0.310705244541,
        "dmean2": 0.372552961111,
        "dvar": 0.609564244747,
        "dvar2": 0.833161175251,
        "max": 25.2952613831,
        "mean": 17.625541687,
        "median": 17.3030834198,
        "min": 12.495215416,
        "var": 4.2589006424
    },
    "barkbands_flatness_db": {
        "dmean": 0.0187868382782,
        "dmean2": 0.0248682908714,
        "dvar": 0.00088634621352,
        "dvar2": 0.000720491167158,
        "max": 0.64635181427,
        "mean": 0.544671595097,
        "median": 0.580182850361,
        "min": 0.179423853755,
        "var": 0.0115350121632
    },
    "barkbands_kurtosis": {
        "dmean": 7.11319160461,
        "dmean2": 9.08090496063,
        "dvar": 63.0160636902,
        "dvar2": 111.471389771,
        "max": 76.8605575562,
        "mean": 36.8073272705,
        "median": 37.6796684265,
        "min": 2.28139019012,
        "var": 283.310577393
    },
    "barkbands_skewness": {
        "dmean": 0.303160756826,
        "dmean2": 0.384498655796,
        "dvar": 0.138600245118,
        "dvar2": 0.250982612371,
        "max": 7.88292551041,
        "mean": 2.3165307045,
        "median": 1.8647787571,
        "min": 1.16584420204,
        "var": 1.82722723484
    },
    "barkbands_spread": {
        "dmean": 0.17123991251,
        "dmean2": 0.207752376795,
        "dvar": 0.396494120359,
        "dvar2": 0.579147279263,
        "max": 9.36930751801,
        "mean": 0.784647941589,
        "median": 0.254671066999,
        "min": 0.226067408919,
        "var": 2.42171955109
    },
    "dissonance": {
        "dmean": 0.0359576568007,
        "dmean2": 0.0594450868666,
        "dvar": 0.00107280805241,
        "dvar2": 0.0030613548588,
        "max": 0.423753499985,
        "mean": 0.180691882968,
        "median": 0.173933237791,
        "min": 0.0489881969988,
        "var": 0.00628773448989
    },
    "dynamic_complexity": 2.84813189507,
    "erbbands_crest": {
        "dmean": 0.547896206379,
        "dmean2": 0.738950252533,
        "dvar": 2.20600223541,
        "dvar2": 5.25470352173,
        "max": 26.475725174,
        "mean": 23.789276123,
        "median": 24.3641376495,
        "min": 15.4985456467,
        "var": 6.43962860107
    },
    "erbbands_flatness_db": {
        "dmean": 0.0144975241274,
        "dmean2": 0.0178343504667,
        "dvar": 0.000757939997129,
        "dvar2": 0.000642567174509,
        "max": 0.596860468388,
        "mean": 0.523963034153,
        "median": 0.55561542511,
        "min": 0.194587886333,
        "var": 0.00882600061595
    },
    "erbbands_kurtosis": {
        "dmean": 13.5541973114,
        "dmean2": 19.5531253815,
        "dvar": 308.786682129,
        "dvar2": 651.36895752,
        "max": 196.761184692,
        "mean": 54.3979072571,
        "median": 56.355556488,
        "min": -0.470319509506,
        "var": 1080.90905762
    },
    "erbbands_skewness": {
        "dmean": 0.603173673153,
        "dmean2": 0.844588398933,
        "dvar": 0.518282651901,
        "dvar2": 1.19687998295,
        "max": 7.75039052963,
        "mean": 2.80825328827,
        "median": 2.37131595612,
        "min": 0.814299821854,
        "var": 1.84526145458
    },
    "erbbands_spread": {
        "dmean": 0.252830356359,
        "dmean2": 0.270082771778,
        "dvar": 0.497973769903,
        "dvar2": 0.64246660471,
        "max": 10.9891223907,
        "mean": 1.22167682648,
        "median": 0.350058317184,
        "min": 0.315061569214,
        "var": 3.6732442379
    },
    "hfc": {
        "dmean": 0.674867093563,
        "dmean2": 0.538657665253,
        "dvar": 2.37915897369,
        "dvar2": 2.28761076927,
        "max": 21.2762947083,
        "mean": 14.4359960556,
        "median": 15.2714385986,
        "min": 0.0266338177025,
        "var": 27.9201164246
    },
    "melbands_crest": {
        "dmean": 0.263802021742,
        "dmean2": 0.351006299257,
        "dvar": 0.567861914635,
        "dvar2": 0.855184733868,
        "max": 22.0545959473,
        "mean": 20.6677055359,
        "median": 20.8450393677,
        "min": 14.7815322876,
        "var": 1.07715010643
    },
    "melbands_flatness_db": {
        "dmean": 0.0186720304191,
        "dmean2": 0.0238576177508,
        "dvar": 0.00098462542519,
        "dvar2": 0.000870926247444,
        "max": 0.73408305645,
        "mean": 0.643316745758,
        "median": 0.680227637291,
        "min": 0.264485746622,
        "var": 0.0122059537098
    },
    "melbands_kurtosis": {
        "dmean": 7.3877825737,
        "dmean2": 10.3018989563,
        "dvar": 106.638504028,
        "dvar2": 255.8490448,
        "max": 122.139472961,
        "mean": 20.2892684937,
        "median": 13.3807640076,
        "min": 2.20737695694,
        "var": 329.564025879
    },
    "melbands_skewness": {
        "dmean": 0.293957620859,
        "dmean2": 0.407330691814,
        "dvar": 0.200173348188,
        "dvar2": 0.511806190014,
        "max": 6.82057619095,
        "mean": 1.37606751919,
        "median": 0.770797133446,
        "min": 0.368645846844,
        "var": 1.3563041687
    },
    "melbands_spread": {
        "dmean": 0.119630418718,
        "dmean2": 0.142082825303,
        "dvar": 0.125051632524,
        "dvar2": 0.204920202494,
        "max": 4.19087028503,
        "mean": 0.616011977196,
        "median": 0.262431740761,
        "min": 0.252540022135,
        "var": 0.526045799255
    },
    "pitch_salience": {
        "dmean": 0.0219114050269,
        "dmean2": 0.0250703711063,
        "dvar": 0.00522242300212,
        "dvar2": 0.00499877892435,
        "max": 0.813028216362,
        "mean": 0.104007832706,
        "median": 0.054049205035,
        "min": 0.0101297320798,
        "var": 0.0171631779522
    },
    "silence_rate_20dB": {
        "dmean": 0,
        "dmean2": 0,
        "dvar": 0,
        "dvar2": 0,
        "max": 1,
        "mean": 1,
        "median": 1,
        "min": 1,
        "var": 0
    },
    "silence_rate_30dB": {
        "dmean": 0,
        "dmean2": 0,
        "dvar": 0,
        "dvar2": 0,
        "max": 1,
        "mean": 1,
        "median": 1,
        "min": 1,
        "var": 0
    },
    "silence_rate_60dB": {
        "dmean": 0.00833333376795,
        "dmean2": 0.01680672355,
        "dvar": 0.00826388411224,
        "dvar2": 0.0165242031217,
        "max": 1,
        "mean": 0.0743801668286,
        "median": 0,
        "min": 0,
        "var": 0.0688476189971
    },
    "spectral_centroid": {
        "dmean": 3.59719634056,
        "dmean2": 3.96875429153,
        "dvar": 140.10848999,
        "dvar2": 176.903579712,
        "max": 580.331359863,
        "mean": 410.013977051,
        "median": 395.333892822,
        "min": 382.692993164,
        "var": 1545.34667969
    },
    "spectral_complexity": {
        "dmean": 0.108333334327,
        "dmean2": 0.184873953462,
        "dvar": 0.129930391908,
        "dvar2": 0.251535594463,
        "max": 3,
        "mean": 1.48760330677,
        "median": 1,
        "min": 0,
        "var": 0.398607105017
    },
    "spectral_decrease": {
        "dmean": 4.2392117594e-10,
        "dmean2": 3.38314293247e-10,
        "dvar": 1.00555859613e-18,
        "dvar2": 9.60686943034e-19,
        "max": -6.7706786358e-12,
        "mean": -9.23464860136e-09,
        "median": -9.71613722811e-09,
        "min": -1.37898528152e-08,
        "var": 1.17819875867e-17
    },
    "spectral_energy": {
        "dmean": 0.00166090275161,
        "dmean2": 0.00132568541449,
        "dvar": 1.54001154442e-05,
        "dvar2": 1.47154114529e-05,
        "max": 0.0539756380022,
        "mean": 0.0361628830433,
        "median": 0.0380336083472,
        "min": 2.79698761005e-05,
        "var": 0.000180431568879
    },
    "spectral_energyband_high": {
        "dmean": 1.25365687609e-07,
        "dmean2": 1.86948028613e-07,
        "dvar": 3.90802943121e-14,
        "dvar2": 1.01299346786e-13,
        "max": 1.73651585555e-06,
        "mean": 6.19559671122e-07,
        "median": 5.61033402846e-07,
        "min": 3.02563847754e-07,
        "var": 5.27235725781e-14
    },
    "spectral_energyband_low": {
        "dmean": 1.1159480664e-06,
        "dmean2": 1.9894594061e-06,
        "dvar": 1.70938280891e-11,
        "dvar2": 3.88502979787e-11,
        "max": 4.64503173134e-05,
        "mean": 1.83368183571e-06,
        "median": 9.26688301206e-07,
        "min": 1.26129776845e-07,
        "var": 2.93509765104e-11
    },
    "spectral_energyband_middle_high": {
        "dmean": 2.54098426922e-06,
        "dmean2": 3.79022162633e-06,
        "dvar": 1.89326401778e-11,
        "dvar2": 4.72942379703e-11,
        "max": 3.95341921831e-05,
        "mean": 7.83949326433e-06,
        "median": 4.92038589073e-06,
        "min": 7.36763183795e-07,
        "var": 6.60277874043e-11
    },
    "spectral_energyband_middle_low": {
        "dmean": 0.00166161835659,
        "dmean2": 0.00132580881473,
        "dvar": 1.53906785272e-05,
        "dvar2": 1.46824286276e-05,
        "max": 0.0539701767266,
        "mean": 0.0361553579569,
        "median": 0.0380274243653,
        "min": 2.49019376497e-05,
        "var": 0.000180450893822
    },
    "spectral_entropy": {
        "dmean": 0.162733063102,
        "dmean2": 0.198825255036,
        "dvar": 0.0893001630902,
        "dvar2": 0.0748454406857,
        "max": 7.19132137299,
        "mean": 3.5368180275,
        "median": 3.10958075523,
        "min": 2.77467894554,
        "var": 1.14535975456
    },
    "spectral_flux": {
        "dmean": 0.00529435789213,
        "dmean2": 0.00726820062846,
        "dvar": 0.000300610059639,
        "dvar2": 0.000468953279778,
        "max": 0.169655263424,
        "mean": 0.00863245502114,
        "median": 0.00417142640799,
        "min": 0.00130936584901,
        "var": 0.000354090443579
    },
    "spectral_kurtosis": {
        "dmean": 15.2672262192,
        "dmean2": 23.5553073883,
        "dvar": 224.437744141,
        "dvar2": 502.960662842,
        "max": 153.277252197,
        "mean": 95.7900390625,
        "median": 102.594177246,
        "min": 8.10066986084,
        "var": 1125.40722656
    },
    "spectral_rms": {
        "dmean": 0.000176633751835,
        "dmean2": 0.000155529400217,
        "dvar": 3.12044534212e-07,
        "dvar2": 3.11359201532e-07,
        "max": 0.00725666293874,
        "mean": 0.00566928461194,
        "median": 0.00609146617353,
        "min": 0.000165189834661,
        "var": 3.14007206725e-06
    },
    "spectral_rolloff": {
        "dmean": 6.10107421875,
        "dmean2": 11.5808820724,
        "dvar": 1261.07702637,
        "dvar2": 2382.99780273,
        "max": 689.0625,
        "mean": 427.461334229,
        "median": 409.130859375,
        "min": 409.130859375,
        "var": 3446.25463867
    },
    "spectral_skewness": {
        "dmean": 0.781367838383,
        "dmean2": 1.15330851078,
        "dvar": 0.621130824089,
        "dvar2": 1.2824242115,
        "max": 10.5723371506,
        "mean": 8.25103092194,
        "median": 8.83582687378,
        "min": 2.35594964027,
        "var": 3.83874058723
    },
    "spectral_spread": {
        "dmean": 597675.3125,
        "dmean2": 872617.875,
        "dvar": 672406962176,
        "dvar2": 522059612160,
        "max": 12436086,
        "mean": 1915035,
        "median": 1510248.5,
        "min": 647568,
        "var": 2.32556357222e+12
    },
    "spectral_strongpeak": {
        "dmean": 0.100620307028,
        "dmean2": 0.077659279108,
        "dvar": 0.0752352252603,
        "dvar2": 0.0595208220184,
        "max": 3.82845878601,
        "mean": 2.93559718132,
        "median": 3.17313480377,
        "min": 0.0449701994658,
        "var": 0.916506886482
    },
    "zerocrossingrate": {
        "dmean": 0.00126953120343,
        "dmean2": 0.00134585087653,
        "dvar": 1.27569664983e-05,
        "dvar2": 1.24016132759e-05,
        "max": 0.07421875,
        "mean": 0.020237442106,
        "median": 0.01806640625,
        "min": 0.0048828125,
        "var": 8.8695283921e-05
    },
    "barkbands": {
        "dmean": [1.1082673268e-07, 2.37701044625e-07, 7.88257068507e-07, 6.75958062857e-07, 1.96564383259e-06, 0.00113617896568, 0.000606991408858, 1.80666245342e-06, 0.000113839727419, 1.92130437426e-06, 3.87709604865e-07, 3.39337560717e-07, 5.91276943851e-07, 2.70941598046e-07, 2.87194183102e-07, 8.84293953618e-08, 9.54203329684e-08, 1.10449789759e-07, 7.37025445119e-08, 4.70263827879e-08, 4.2881019624e-08, 2.34480168615e-08, 1.71327183551e-08, 1.2917696246e-08, 7.31141858168e-09, 7.39638483793e-09, 4.58273596848e-08],
        "dmean2": [2.15837019368e-07, 3.70798062477e-07, 1.3459556385e-06, 1.23562278986e-06, 3.30687339556e-06, 0.00085801986279, 0.000588498893194, 3.32629861077e-06, 0.000104187674879, 2.39971382143e-06, 6.50955769288e-07, 5.86641931477e-07, 1.02694639281e-06, 4.60671685687e-07, 3.66980401623e-07, 1.55845668814e-07, 1.73409631543e-07, 1.83756995398e-07, 1.29837175677e-07, 7.61181624398e-08, 7.16231554065e-08, 3.96987687168e-08, 2.71119073858e-08, 2.06715000672e-08, 1.17721858928e-08, 1.25420074326e-08, 7.24823223663e-08],
        "dvar": [9.2401596357e-13, 1.32006894565e-12, 4.80630856295e-12, 1.57196413005e-12, 3.31378847973e-11, 6.5698814069e-06, 1.85319254342e-06, 1.5206206086e-11, 1.2724349574e-07, 1.08849040892e-11, 2.6432022261e-13, 2.11033664502e-13, 2.58386172701e-12, 4.89418293219e-13, 3.80373521309e-13, 2.25279220463e-14, 2.67566882957e-14, 4.86743993364e-14, 2.5499152689e-14, 4.98210380015e-15, 6.81612198392e-15, 2.44125398607e-15, 8.31947555161e-16, 4.17423871517e-16, 8.40099784058e-17, 5.02221947905e-17, 2.30529799826e-15],
        "dvar2": [1.83978526858e-12, 1.94141751286e-12, 1.23112475076e-11, 3.44742745635e-12, 6.63743365825e-11, 5.63191952097e-06, 2.15560385186e-06, 3.24560829601e-11, 1.23421685316e-07, 1.52102584e-11, 6.87739849878e-13, 6.39649628837e-13, 6.79713316881e-12, 1.26697589052e-12, 3.37877024536e-13, 6.76965197766e-14, 7.83178182679e-14, 1.40426705637e-13, 7.21412743454e-14, 1.32692886559e-14, 1.88978115789e-14, 6.73649284006e-15, 1.85351349408e-15, 8.98580407809e-16, 2.07557893072e-16, 1.28240642631e-16, 3.14690464069e-15],
        "max": [1.06336192403e-05, 1.55729885591e-05, 2.25237781706e-05, 1.43704528455e-05, 6.76897034282e-05, 0.035586271435, 0.019755076617, 3.41421473422e-05, 0.00568925822154, 5.35026665602e-05, 4.7802732297e-06, 3.61574007002e-06, 2.10006983252e-05, 6.72940223012e-06, 8.22013862489e-06, 1.22999722407e-06, 1.47351670421e-06, 1.77201684437e-06, 1.07347341327e-06, 4.99289001255e-07, 6.07710887834e-07, 4.51086691555e-07, 2.645197128e-07, 1.95602638087e-07, 1.0329246436e-07, 9.48308667148e-08, 6.12441795056e-07],
        "mean": [2.009677047e-07, 4.07746881592e-07, 9.46500620103e-07, 9.03658815332e-07, 3.24954407915e-06, 0.0230778474361, 0.0124902101234, 2.43341310124e-06, 0.000576018181164, 5.68410041524e-06, 6.75925434734e-07, 6.143472433e-07, 1.36116716476e-06, 4.10950462992e-07, 6.24197525667e-07, 1.60881540978e-07, 1.62707721074e-07, 1.77465494744e-07, 1.141591639e-07, 9.4046818333e-08, 7.88118796891e-08, 5.12185671653e-08, 3.64871013403e-08, 3.60061633842e-08, 2.70660880375e-08, 3.63256731362e-08, 3.4898158674e-07],
        "median": [2.11562962704e-08, 1.38730911203e-07, 4.84547229007e-07, 4.98499048263e-07, 1.69874783751e-06, 0.0243396069854, 0.0136576443911, 1.13419037007e-06, 1.05036851892e-05, 2.37637755163e-06, 4.68396507358e-07, 4.85516011395e-07, 3.12805354952e-07, 2.94509135301e-07, 2.97551139283e-07, 1.25966479914e-07, 1.22673242231e-07, 1.37039350534e-07, 7.78065114559e-08, 7.6531648574e-08, 5.71645806247e-08, 4.19686223552e-08, 2.70226188093e-08, 2.92550321745e-08, 2.43546551815e-08, 3.56689753289e-08, 3.44207762737e-07],
        "min": [2.70471228747e-10, 3.85839094008e-09, 2.41929711819e-08, 4.54545343587e-08, 7.81800224559e-08, 1.38776897529e-07, 2.33876180573e-05, 1.40237347068e-07, 1.87366580917e-07, 7.35349985348e-08, 1.03636971005e-07, 2.84750925061e-08, 2.12810622457e-08, 2.69525521901e-08, 3.35480407898e-08, 1.09436069096e-08, 1.13965921145e-08, 1.47643381965e-08, 2.30003145418e-08, 1.30367334705e-08, 1.41342511029e-08, 1.20025411832e-08, 1.1109367648e-08, 1.42877558673e-08, 1.286865281e-08, 1.75287837578e-08, 9.14920335049e-08],
        "var": [1.8251155795e-12, 3.17166301902e-12, 5.38681469223e-12, 3.29428628473e-12, 6.9766512012e-11, 7.91111233411e-05, 2.44398142968e-05, 2.35927423431e-11, 2.09949484997e-06, 1.08047050473e-10, 4.05847501873e-13, 2.68818604529e-13, 8.80775920947e-12, 4.26650631057e-13, 1.60930014974e-12, 2.19532898127e-14, 2.70787895145e-14, 3.94440814104e-14, 2.05455701822e-14, 6.14473360025e-15, 6.02907802757e-15, 2.13475511411e-15, 1.19735762155e-15, 6.20481121198e-16, 1.68977792256e-16, 1.15305681902e-16, 6.21650439594e-15]
    },
    "erbbands": {
        "dmean": [1.00416709756e-05, 5.99638806307e-05, 0.000685058126692, 0.00138466246426, 0.00377779337578, 0.0104898931459, 0.190135076642, 9.92289543152, 16.9501247406, 0.718629479408, 0.124870695174, 2.91956067085, 0.898826658726, 0.0405110307038, 0.0125027447939, 0.0162545833737, 0.0285641197115, 0.0150810163468, 0.00800830312073, 0.0174370948225, 0.00545058306307, 0.00465259933844, 0.00569603871554, 0.00471463054419, 0.00283453124575, 0.00223786849529, 0.00193669041619, 0.00148062198423, 0.000940345868003, 0.00071431969991, 0.000439661467681, 0.00031905801734, 0.000205070668017, 9.64451246546e-05, 5.24668248545e-05, 2.32271449931e-05, 1.67839189089e-05, 2.65786311502e-05, 5.69973008169e-06, 2.25203689297e-06],
        "dmean2": [1.77342917596e-05, 8.1324018538e-05, 0.00117498228792, 0.00248047849163, 0.00592202600092, 0.0163181107491, 0.175308510661, 7.9162812233, 14.2111186981, 0.741776883602, 0.151068225503, 2.70584988594, 0.812452614307, 0.0528475046158, 0.021452575922, 0.0283409822732, 0.0479298904538, 0.0264023970813, 0.0130320554599, 0.0225864723325, 0.00930139236152, 0.00857280381024, 0.00937953591347, 0.00857634749264, 0.00496556796134, 0.0036045552697, 0.00312172435224, 0.00251508969814, 0.00158060365357, 0.0011902480619, 0.000715828326065, 0.000512668222655, 0.000330179027515, 0.000159476549015, 8.57305494719e-05, 3.6202280171e-05, 2.86236845568e-05, 4.05377395509e-05, 9.03597629076e-06, 2.47757498073e-06],
        "dvar": [4.12125755744e-09, 4.47384920221e-08, 3.49075230588e-06, 1.10499277071e-05, 3.45747066604e-05, 0.000591898337007, 0.188867464662, 542.544250488, 1515.35961914, 2.56536507607, 0.0640508309007, 85.2317276001, 7.55938053131, 0.00780899263918, 0.000407640851336, 0.000543111294974, 0.00474276719615, 0.00212422851473, 0.000245308096055, 0.00175370485522, 7.78691173764e-05, 0.000119540593005, 0.000113223803055, 0.000170530547621, 2.22099788516e-05, 1.20273571156e-05, 1.20875902212e-05, 8.70948770171e-06, 4.45638806923e-06, 2.40164558818e-06, 4.94557696129e-07, 2.41891342512e-07, 1.05840676667e-07, 1.52172550116e-08, 3.69195540806e-09, 6.53657350469e-10, 2.76988071368e-10, 1.21673360276e-09, 3.61167762364e-11, 2.23249856102e-11],
        "dvar2": [9.91487958402e-09, 4.04458653236e-08, 8.89369039214e-06, 2.56659932347e-05, 6.36964905425e-05, 0.0015176339075, 0.266442537308, 518.038391113, 1500.19152832, 3.3751013279, 0.0933373123407, 86.144493103, 6.85628128052, 0.0116985356435, 0.0011136328103, 0.00161290098913, 0.0121500976384, 0.00575185287744, 0.000410017149989, 0.00170563417487, 0.000216218220885, 0.000342590647051, 0.000316833757097, 0.00049362302525, 6.03273438173e-05, 3.27861635014e-05, 3.21486222674e-05, 2.4656756068e-05, 1.26580207507e-05, 6.35890046397e-06, 1.08034942059e-06, 5.325060215e-07, 2.51885921898e-07, 4.05977047535e-08, 8.77617623019e-09, 1.61927127262e-09, 6.86420364993e-10, 1.70051417392e-09, 6.17202886022e-11, 2.09845890664e-11],
        "max": [0.000702226534486, 0.00327885220759, 0.0199120659381, 0.0376216545701, 0.0860952809453, 0.347270339727, 5.55765151978, 311.021636963, 548.821411133, 23.7333087921, 4.25267505646, 144.518661499, 45.4924926758, 1.34839916229, 0.187857583165, 0.180426239967, 0.935958147049, 0.45482608676, 0.15243037045, 0.542496919632, 0.0719470083714, 0.0979390889406, 0.0903020948172, 0.0863442793489, 0.0306443106383, 0.0239136889577, 0.0249805115163, 0.0234358385205, 0.0193732343614, 0.0129799386486, 0.00540719833225, 0.00384895387106, 0.00332716829143, 0.00117265386507, 0.000709899992216, 0.000370075693354, 0.000231542842812, 0.000445364596089, 6.93472611601e-05, 6.50434885756e-05],
        "mean": [2.04381740332e-05, 0.000117425821372, 0.000952192407567, 0.00280628097244, 0.011413843371, 0.103865243495, 3.59306550026, 202.606201172, 359.718231201, 14.4180421829, 1.13165557384, 14.6315097809, 4.82419538498, 0.186685219407, 0.033197812736, 0.0352344103158, 0.0704640746117, 0.0247216746211, 0.0166710820049, 0.0378252491355, 0.0116618769243, 0.00873260851949, 0.00980591401458, 0.0067817424424, 0.00512717477977, 0.00417909491807, 0.00373509875499, 0.00295839598402, 0.00199339678511, 0.00138734851498, 0.00102752819657, 0.000812304613646, 0.000578080769628, 0.00033228340908, 0.000210445941775, 0.000117344956379, 8.63107707119e-05, 0.00012091294775, 5.35055551154e-05, 4.64386612293e-05],
        "median": [9.7023030321e-06, 6.6838467319e-05, 0.000564026762731, 0.00190902478062, 0.00968703627586, 0.107504852116, 3.80561089516, 213.672470093, 386.319213867, 15.2217245102, 0.872986614704, 0.341949820518, 0.159995466471, 0.0360030271113, 0.0189707763493, 0.0240910258144, 0.0173785500228, 0.0156367216259, 0.0109332483262, 0.0160713493824, 0.00923543982208, 0.00676011200994, 0.00793308578432, 0.00454702368006, 0.00342209427617, 0.00319472863339, 0.00283020315692, 0.00214109639637, 0.00163276842795, 0.00102314469405, 0.000820446410216, 0.000651046109851, 0.000484045594931, 0.000291161850328, 0.000193395186216, 0.000109455089842, 8.47791379783e-05, 9.36893557082e-05, 5.44240392628e-05, 4.84181837237e-05],
        "min": [2.04743798804e-07, 3.25350356434e-06, 6.73039830872e-05, 0.00015664329112, 0.000456158071756, 0.000261765759205, 0.000625247776043, 0.00367198116146, 0.142125815153, 0.325956195593, 0.0206311903894, 0.00642073526978, 0.00248442124575, 0.00405724113807, 0.00570054259151, 0.0018792101182, 0.00117253244389, 0.00119287753478, 0.00195986055769, 0.00158452102914, 0.000759979186114, 0.000772059254814, 0.00080714240903, 0.00124154740479, 0.000957046519034, 0.000613753451034, 0.000679339107592, 0.000605778070167, 0.000429217820056, 0.000352390867192, 0.000303551525576, 0.000262195564574, 0.000193410611246, 0.000132895685965, 9.31202739594e-05, 5.98254118813e-05, 3.9698141336e-05, 3.58769393642e-05, 1.36713351822e-05, 1.99706482817e-06],
        "var": [6.22507956294e-09, 1.1865195404e-07, 4.40430903836e-06, 2.03395229619e-05, 9.84825383057e-05, 0.00194777327124, 1.83590865135, 6030.83251953, 19172.7695312, 31.359664917, 0.803147017956, 1339.95251465, 135.88949585, 0.115925744176, 0.00111352116801, 0.000932736729737, 0.021877406165, 0.00191655114759, 0.000434256216977, 0.00724801328033, 0.00010402307089, 9.82091733022e-05, 0.000101182646176, 0.000117412630061, 2.44088987529e-05, 1.3690074411e-05, 1.20888926176e-05, 7.6036712926e-06, 3.64274887943e-06, 2.28260637414e-06, 7.08919060344e-07, 3.35076606461e-07, 1.51139872173e-07, 2.6880877968e-08, 7.39532701743e-09, 1.70970460012e-09, 6.31229624126e-10, 4.82791406853e-09, 7.61711804742e-11, 2.12982340098e-10]
    },
    "gfcc": {
        "mean": [-274.352325439, 121.035842896, -70.1459503174, -60.4984779358, -101.113693237, -76.8572921753, -53.4386062622, -17.247833252, 6.45110559464, 16.608581543, 14.7776126862, 8.47015190125, 1.76178979874],
        "cov": [[1206.04602051, 611.776062012, -69.1707077026, -271.212188721, -305.148040771, -263.326599121, -129.294204712, -54.499797821, 52.9955024719, 29.7812232971, 86.3522949219, 117.781440735, 196.799880981], [611.776062012, 443.404388428, 25.9330730438, -233.415481567, -189.963806152, -185.986633301, -88.1407699585, -26.4600105286, 48.3128166199, 17.3536262512, 39.7379684448, 78.5647277832, 152.949554443], [-69.1707077026, 25.9330730438, 126.647132874, 60.4349327087, -5.90178394318, -58.1988296509, -61.0202560425, -37.8171005249, 6.16009521484, 37.5360336304, 57.2153320312, 28.6036300659, 4.90696525574], [-271.212188721, -233.415481567, 60.4349327087, 296.696380615, 118.07069397, 33.9499855042, -40.9935836792, -52.9885940552, -25.7998580933, 54.0739898682, 69.2871398926, -7.18183660507, -87.9991149902], [-305.148040771, -189.963806152, -5.90178394318, 118.07069397, 153.137512207, 128.794372559, 36.140296936, 12.9595508575, -27.1357440948, -0.57296615839, -25.6442337036, -42.5395431519, -84.4268341064], [-263.326599121, -185.986633301, -58.1988296509, 33.9499855042, 128.794372559, 235.91116333, 144.907272339, 93.5510482788, -44.4675445557, -70.8528289795, -113.570785522, -76.1589813232, -95.77318573], [-129.294204712, -88.1407699585, -61.0202560425, -40.9935836792, 36.140296936, 144.907272339, 174.057556152, 117.814888, -35.839553833, -91.4252166748, -114.426116943, -54.886844635, -50.4471549988], [-54.499797821, -26.4600105286, -37.8171005249, -52.9885940552, 12.9595508575, 93.5510482788, 117.814888, 102.29132843, -16.0172405243, -72.8469238281, -90.2691192627, -37.685382843, -20.847038269], [52.9955024719, 48.3128166199, 6.16009521484, -25.7998580933, -27.1357440948, -44.4675445557, -35.839553833, -16.0172405243, 25.9873142242, 14.1882781982, 12.0829715729, 13.7989015579, 33.6130561829], [29.7812232971, 17.3536262512, 37.5360336304, 54.0739898682, -0.57296615839, -70.8528289795, -91.4252166748, -72.8469238281, 14.1882781982, 70.0618591309, 78.9728622437, 28.2293434143, 12.0076684952], [86.3522949219, 39.7379684448, 57.2153320312, 69.2871398926, -25.6442337036, -113.570785522, -114.426116943, -90.2691192627, 12.0829715729, 78.9728622437, 120.011314392, 48.9790382385, 15.8558673859], [117.781440735, 78.5647277832, 28.6036300659, -7.18183660507, -42.5395431519, -76.1589813232, -54.886844635, -37.685382843, 13.7989015579, 28.2293434143, 48.9790382385, 41.3339385986, 38.4539985657], [196.799880981, 152.949554443, 4.90696525574, -87.9991149902, -84.4268341064, -95.77318573, -50.4471549988, -20.847038269, 33.6130561829, 12.0076684952, 15.8558673859, 38.4539985657, 89.4167556763]],
        "icov": [[0.0112944049761, -0.0188711490482, 0.0166398584843, -0.00898955110461, 0.0142354192212, -0.00672587286681, 0.00720491586253, -0.00352720124647, 0.00189367786516, 0.000606816844083, -0.00165439629927, -0.0100786229596, 0.0109751010314], [-0.0188711490482, 0.042323127389, -0.0293553285301, 0.0210814196616, -0.0195678193122, 0.0106300665066, -0.00476076127961, -0.00286061083898, 0.00660186819732, -0.00701807904989, 0.00445649353787, 0.00820895843208, -0.024805361405], [0.0166398584843, -0.0293553285301, 0.036761559546, -0.0161132793874, 0.020797079429, -0.00830202084035, 0.0152335586026, -0.0113279772922, 0.00293007586151, -0.00143225921784, -0.000620051694568, -0.0232034400105, 0.0215919427574], [-0.00898955110461, 0.0210814196616, -0.0161132793874, 0.0191191826016, -0.014577312395, 0.00636137789115, -0.00276609673165, -0.000300444866298, 0.00421418668702, -0.0032181723509, -0.00257635931484, 0.0034616580233, -0.0073393159546], [0.0142354192212, -0.0195678193122, 0.020797079429, -0.014577312395, 0.0480618588626, -0.0223460812122, 0.0197854768485, -0.0104141701013, 0.00485163833946, -0.0183603838086, 0.011883254163, -0.0211444403976, 0.0244601424783], [-0.00672587286681, 0.0106300665066, -0.00830202084035, 0.00636137789115, -0.0223460812122, 0.0314676575363, -0.0103924991563, 0.00102020311169, 0.00687031820416, -0.00419423496351, 0.0165415834635, 0.00650585861877, 0.00256594642997], [0.00720491586253, -0.00476076127961, 0.0152335586026, -0.00276609673165, 0.0197854768485, -0.0103924991563, 0.0617121830583, -0.0458950176835, 0.0354334153235, -0.00314537482336, 0.0149945737794, -0.0218975283206, 0.0142549928278], [-0.00352720124647, -0.00286061083898, -0.0113279772922, -0.000300444866298, -0.0104141701013, 0.00102020311169, -0.0458950176835, 0.0799179524183, -0.0316833406687, 0.0376431681216, -0.00637781945989, 0.0236059688032, -0.00518436962739], [0.00189367786516, 0.00660186819732, 0.00293007586151, 0.00421418668702, 0.00485163833946, 0.00687031820416, 0.0354334153235, -0.0316833406687, 0.120073460042, -0.0318660065532, 0.0225361753255, 0.0018677598564, -0.032587878406], [0.000606816844083, -0.00701807904989, -0.00143225921784, -0.0032181723509, -0.0183603838086, -0.00419423496351, -0.00314537482336, 0.0376431681216, -0.0318660065532, 0.118184693158, -0.066929332912, 0.0401962585747, -0.01655619964], [-0.00165439629927, 0.00445649353787, -0.000620051694568, -0.00257635931484, 0.011883254163, 0.0165415834635, 0.0149945737794, -0.00637781945989, 0.0225361753255, -0.066929332912, 0.100818321109, -0.0658007413149, 0.0403634347022], [-0.0100786229596, 0.00820895843208, -0.0232034400105, 0.0034616580233, -0.0211444403976, 0.00650585861877, -0.0218975283206, 0.0236059688032, 0.0018677598564, 0.0401962585747, -0.0658007413149, 0.146505534649, -0.0644629597664], [0.0109751010314, -0.024805361405, 0.0215919427574, -0.0073393159546, 0.0244601424783, 0.00256594642997, 0.0142549928278, -0.00518436962739, -0.032587878406, -0.01655619964, 0.0403634347022, -0.0644629597664, 0.088766284287]]
    },
    "melbands": {
        "dmean": [6.94283528446e-08, 2.42283277885e-07, 2.82351578562e-07, 3.95462990355e-07, 7.05506465692e-07, 0.000260299595539, 0.000226682110224, 1.01274213193e-06, 6.90648334967e-07, 2.07522898563e-05, 4.21446475229e-06, 1.02685660863e-07, 4.8127926533e-08, 3.95239574402e-08, 6.23028881819e-08, 4.65530902716e-08, 2.87375527819e-08, 1.45210909963e-08, 1.93607831989e-08, 1.53163330907e-08, 6.53593135169e-09, 5.37681010826e-09, 5.4616697831e-09, 4.74796069128e-09, 3.97309696254e-09, 2.63483768137e-09, 1.67055869138e-09, 1.48243772813e-09, 1.37942102185e-09, 1.09654518798e-09, 8.24370072205e-10, 5.73226799361e-10, 4.52714282728e-10, 4.01460087396e-10, 2.69471861492e-10, 2.32564606462e-10, 1.91630031288e-10, 1.73757036537e-10, 1.07131380156e-10, 8.22432053016e-11],
        "dmean2": [1.29580215003e-07, 4.18215080344e-07, 5.1168558457e-07, 6.68563927775e-07, 1.19723176795e-06, 0.000201790826395, 0.00018691564037, 1.46775403209e-06, 1.25263647988e-06, 1.89625880012e-05, 3.80245069209e-06, 1.72242934582e-07, 8.18834493543e-08, 6.83786680611e-08, 1.08917795671e-07, 8.01245576554e-08, 4.99283139277e-08, 2.45091662521e-08, 2.52134704226e-08, 2.09858992406e-08, 1.18172724939e-08, 9.84540271531e-09, 8.93052831685e-09, 8.15881673333e-09, 7.2608030699e-09, 4.6044661417e-09, 2.85491519314e-09, 2.42831355024e-09, 2.25003105037e-09, 1.75864489638e-09, 1.43222689264e-09, 9.50786227527e-10, 7.7400996723e-10, 6.63392896172e-10, 4.23614532341e-10, 3.91707943859e-10, 3.1132149636e-10, 2.90383633805e-10, 1.78893747038e-10, 1.38622974211e-10],
        "dvar": [2.18619827103e-13, 4.63898721954e-13, 3.91610978671e-13, 7.1224428265e-13, 7.92662897126e-12, 3.67604940266e-07, 2.71562726084e-07, 3.67101054416e-12, 1.59496938226e-12, 4.32715152598e-09, 1.63746391446e-10, 6.35339559283e-14, 5.75397654938e-15, 2.37898499423e-15, 1.72753962014e-14, 1.50926007667e-14, 6.71780644621e-15, 7.70332737452e-16, 1.61421535742e-15, 1.16413053073e-15, 1.05855116934e-16, 1.21523353721e-16, 1.08117912513e-16, 1.13173408807e-16, 1.21116897021e-16, 2.01864511487e-17, 5.72051104195e-18, 5.19952704956e-18, 5.55744065599e-18, 3.33524103347e-18, 2.42146453695e-18, 1.59883734687e-18, 8.35309988517e-19, 7.58728159841e-19, 1.67973408567e-19, 1.50967622073e-19, 7.23412032554e-20, 6.48664438112e-20, 2.29385908031e-20, 9.5409887597e-21],
        "dvar2": [4.4507965564e-13, 1.10637107115e-12, 8.53642081067e-13, 1.32617408808e-12, 1.58159353669e-11, 3.40772430718e-07, 2.64299501396e-07, 7.83693422657e-12, 3.8087237357e-12, 4.25770974033e-09, 1.40076825139e-10, 1.55289030333e-13, 1.56872077313e-14, 6.91094774588e-15, 4.73933263782e-14, 3.93701930323e-14, 1.82044575134e-14, 1.34431180279e-15, 1.48206741798e-15, 1.24315404603e-15, 3.0657619019e-16, 3.49820054414e-16, 3.03398175512e-16, 3.30902791147e-16, 3.49626057399e-16, 5.70507858141e-17, 1.40335227561e-17, 1.45686043877e-17, 1.42684437044e-17, 9.37326328559e-18, 6.8308686654e-18, 4.48817405664e-18, 2.43665736326e-18, 1.92624329154e-18, 3.64122785996e-19, 3.6838876321e-19, 1.4886708738e-19, 1.49925077233e-19, 6.28028802145e-20, 2.46610554883e-20],
        "max": [5.18950946571e-06, 7.52875530452e-06, 7.10941685611e-06, 1.07528594526e-05, 3.08057169605e-05, 0.00822655577213, 0.00732003897429, 2.12044615182e-05, 7.63588286645e-06, 0.00103810534347, 0.000215352774831, 2.55204872701e-06, 6.77005800753e-07, 3.6165275219e-07, 1.58457839916e-06, 1.66310360328e-06, 7.57995849199e-07, 2.6616555715e-07, 5.36944014584e-07, 4.30963723375e-07, 8.32127682315e-08, 9.87776473949e-08, 9.15002758006e-08, 7.64180825286e-08, 7.47379544919e-08, 2.76529270593e-08, 1.55354804576e-08, 1.61262434517e-08, 1.81868369253e-08, 1.4705873852e-08, 1.22030012761e-08, 1.20744347853e-08, 6.38511465922e-09, 7.98280019865e-09, 3.58896956598e-09, 2.97044744357e-09, 2.34329022852e-09, 2.57029686423e-09, 1.38367861613e-09, 8.89984030916e-10],
        "mean": [1.28444355596e-07, 3.35781066951e-07, 4.83635972159e-07, 5.9703882016e-07, 1.59507476383e-06, 0.00540254730731, 0.00481404317543, 4.55659210274e-06, 1.12153486498e-06, 0.00010446934175, 2.28684457397e-05, 1.82559020345e-07, 8.26375838869e-08, 6.83144705249e-08, 1.34184702461e-07, 1.09648730984e-07, 4.10408347307e-08, 2.57926426883e-08, 4.16489207566e-08, 3.34539187463e-08, 1.20216041566e-08, 9.23818710419e-09, 9.51233314339e-09, 7.21181825369e-09, 5.33364330479e-09, 4.0357392983e-09, 3.09374681429e-09, 2.69031064093e-09, 2.50905762833e-09, 1.98479943592e-09, 1.57870883033e-09, 1.16525344929e-09, 8.51678449987e-10, 7.23090975985e-10, 5.94249927044e-10, 5.11932496394e-10, 4.69827676763e-10, 4.16605028253e-10, 3.08659209303e-10, 2.43943559797e-10],
        "median": [3.44969919297e-08, 1.74743490788e-07, 2.74162175629e-07, 3.04928647665e-07, 1.00794034097e-06, 0.00566662615165, 0.0051379436627, 5.28177963588e-07, 6.0455079165e-07, 1.70152202372e-06, 5.99210125074e-07, 1.05404900808e-07, 5.62325972453e-08, 5.07455233389e-08, 6.04594703191e-08, 2.7089955168e-08, 2.75113976045e-08, 1.54970862809e-08, 2.14905426787e-08, 1.63525033514e-08, 9.5351380125e-09, 6.99400581894e-09, 8.12307199283e-09, 5.23129362051e-09, 3.5369527307e-09, 2.55419729811e-09, 2.28473462371e-09, 2.06829797733e-09, 1.8875196961e-09, 1.44870271335e-09, 1.16126375183e-09, 9.31737909049e-10, 6.7214644961e-10, 5.00799957059e-10, 4.8089715543e-10, 3.8036232497e-10, 3.91682020151e-10, 3.38556016555e-10, 2.53041587683e-10, 2.06478154019e-10],
        "min": [1.37300482095e-09, 8.69913208135e-09, 3.37822960716e-08, 1.97094518484e-08, 2.02666718963e-08, 2.6077872306e-08, 3.38285940416e-06, 8.54502246739e-08, 2.13319601983e-08, 3.07854257642e-08, 8.38520808344e-09, 1.46367407083e-08, 1.82029236129e-08, 2.99700264605e-09, 5.29702814944e-09, 1.56028279186e-09, 2.37819119953e-09, 2.67160871203e-09, 2.00358063474e-09, 1.34457012191e-09, 7.98785593226e-10, 6.77807476812e-10, 1.05909581105e-09, 7.36813610125e-10, 8.50812753583e-10, 7.36644745203e-10, 4.51355064435e-10, 3.62041452373e-10, 4.30918550842e-10, 3.27417981616e-10, 3.32243094148e-10, 2.51585807742e-10, 1.94235405537e-10, 1.89804061357e-10, 1.74869146941e-10, 1.77631007126e-10, 1.34102839944e-10, 1.38112701831e-10, 1.11332061625e-10, 9.96338983539e-11],
        "var": [4.23908737973e-13, 7.24804819028e-13, 8.27597810161e-13, 1.65606764413e-12, 1.55344556663e-11, 4.27086433774e-06, 3.41902568834e-06, 4.16014618587e-11, 2.05218004048e-12, 6.95147477359e-08, 3.07556047296e-09, 6.94790565684e-14, 7.03900218684e-15, 3.41947137279e-15, 5.20989264371e-14, 5.49059970124e-14, 5.21546688283e-15, 1.24537041361e-15, 6.83975801479e-15, 4.63528150121e-15, 1.29019079144e-16, 1.10327298694e-16, 9.00554907783e-17, 8.80257946959e-17, 8.23768724137e-17, 2.01311425442e-17, 7.25664789159e-18, 5.71655008758e-18, 5.81670677051e-18, 3.28581078802e-18, 2.15914240365e-18, 1.34456854062e-18, 6.69400046612e-19, 8.00197774176e-19, 2.5382430007e-19, 1.76144518377e-19, 1.08861259611e-19, 9.24036612194e-20, 3.44251891429e-20, 1.70170018995e-20]
    },
    "mfcc": {
        "mean": [-957.826965332, 158.455917358, 27.7352256775, -11.938996315, -30.2385540009, -44.9346580505, -44.9464073181, -36.5881080627, -22.2972698212, -10.5632514954, -1.50380945206, 7.46258354187, 13.2511234283],
        "cov": [[788.226013184, 441.977966309, -129.414596558, -62.614780426, -101.69556427, -101.652099609, -81.454498291, -42.2251701355, -15.3510398865, -20.5505332947, -25.5723495483, -64.8951263428, -110.341415405], [441.977966309, 391.399841309, -3.39970374107, -118.793571472, -78.552230835, -91.9907913208, -75.1760025024, -8.41767406464, 26.4262390137, 1.87819433212, -27.0269031525, -62.9745254517, -86.1516189575], [-129.414596558, -3.39970374107, 102.383399963, 26.9898262024, 20.1038722992, -0.614791631699, -5.72781276703, 3.96499228477, -0.881037056446, -8.46644210815, -7.53064441681, 8.84288406372, 24.538898468], [-62.614780426, -118.793571472, 26.9898262024, 166.812316895, 75.6185760498, 31.7903347015, 18.6085700989, -41.4243240356, -72.0050582886, -49.600769043, -0.740741848946, 50.1107406616, 65.6561660767], [-101.69556427, -78.552230835, 20.1038722992, 75.6185760498, 90.8336486816, 62.8902854919, 21.5907268524, -20.957408905, -40.8595962524, -22.8711929321, -1.57794165611, 24.4341049194, 47.7857017517], [-101.652099609, -91.9907913208, -0.614791631699, 31.7903347015, 62.8902854919, 93.90184021, 67.6630783081, 24.6289291382, -3.67952632904, 7.06223726273, 12.3075742722, 6.60710763931, 11.2776670456], [-81.454498291, -75.1760025024, -5.72781276703, 18.6085700989, 21.5907268524, 67.6630783081, 120.7866745, 97.2028884888, 34.3606529236, 25.5426712036, 27.3850402832, -6.51414728165, -45.084854126], [-42.2251701355, -8.41767406464, 3.96499228477, -41.4243240356, -20.957408905, 24.6289291382, 97.2028884888, 142.355392456, 95.3734436035, 53.2139053345, 20.4063987732, -41.6223106384, -88.8383560181], [-15.3510398865, 26.4262390137, -0.881037056446, -72.0050582886, -40.8595962524, -3.67952632904, 34.3606529236, 95.3734436035, 112.401176453, 67.8027496338, 4.65406560898, -50.0438461304, -71.6575012207], [-20.5505332947, 1.87819433212, -8.46644210815, -49.600769043, -22.8711929321, 7.06223726273, 25.5426712036, 53.2139053345, 67.8027496338, 62.4868087769, 22.2925186157, -25.8202514648, -43.8922805786], [-25.5723495483, -27.0269031525, -7.53064441681, -0.740741848946, -1.57794165611, 12.3075742722, 27.3850402832, 20.4063987732, 4.65406560898, 22.2925186157, 45.7314605713, 21.6121253967, -15.4911689758], [-64.8951263428, -62.9745254517, 8.84288406372, 50.1107406616, 24.4341049194, 6.60710763931, -6.51414728165, -41.6223106384, -50.0438461304, -25.8202514648, 21.6121253967, 66.1782989502, 57.5467987061], [-110.341415405, -86.1516189575, 24.538898468, 65.6561660767, 47.7857017517, 11.2776670456, -45.084854126, -88.8383560181, -71.6575012207, -43.8922805786, -15.4911689758, 57.5467987061, 119.729240417]],
