{
"lowlevel": {
    "average_loudness": 0.970579922199,
    "barkbands_crest": {
        "dmean": 1.30993711948,
        "dmean2": 1.648203969,
        "dvar": 0.755815804005,
        "dvar2": 1.44572377205,
        "max": 13.8034076691,
        "mean": 8.6357755661,
        "median": 8.3607711792,
        "min": 4.22448682785,
        "var": 3.05957865715
    },
    "barkbands_flatness_db": {
        "dmean": 0.00991469528526,
        "dmean2": 0.015235774219,
        "dvar": 8.56904152897e-05,
        "dvar2": 0.000210616257391,
        "max": 0.215473875403,
        "mean": 0.168897241354,
        "median": 0.169896170497,
        "min": 0.0701944977045,
        "var": 0.000499757647049
    },
    "barkbands_kurtosis": {
        "dmean": 1.23775207996,
        "dmean2": 1.98135459423,
        "dvar": 1.2046289444,
        "dvar2": 3.11801195145,
        "max": 15.712436676,
        "mean": 6.35215473175,
        "median": 5.60749149323,
        "min": -1.69119775295,
        "var": 13.8429040909
    },
    "barkbands_skewness": {
        "dmean": 0.203973129392,
        "dmean2": 0.332163393497,
        "dvar": 0.0455893464386,
        "dvar2": 0.115179128945,
        "max": 3.58697366714,
        "mean": 2.43299007416,
        "median": 2.45999717712,
        "min": -0.127712979913,
        "var": 0.402784943581
    },
    "barkbands_spread": {
        "dmean": 2.49132370949,
        "dmean2": 4.0254611969,
        "dvar": 8.67582988739,
        "dvar2": 21.5350189209,
        "max": 58.8306732178,
        "mean": 17.8009166718,
        "median": 17.0554924011,
        "min": 8.08850097656,
        "var": 45.4356117249
    },
    "dissonance": {
        "dmean": 0.0130899325013,
        "dmean2": 0.0216183774173,
        "dvar": 0.000185856464668,
        "dvar2": 0.000413445843151,
        "max": 0.496112346649,
        "mean": 0.466400176287,
        "median": 0.467396110296,
        "min": 0.360570788383,
        "var": 0.000275056430837
    },
    "dynamic_complexity": 1.03529047966,
    "erbbands_crest": {
        "dmean": 1.10424685478,
        "dmean2": 1.71061968803,
        "dvar": 1.45764124393,
        "dvar2": 3.03920125961,
        "max": 22.9942264557,
        "mean": 9.29897403717,
        "median": 7.73521757126,
        "min": 3.91945743561,
        "var": 20.9069023132
    },
    "erbbands_flatness_db": {
        "dmean": 0.00667721452191,
        "dmean2": 0.0101846214384,
        "dvar": 4.28603598266e-05,
        "dvar2": 7.43641503504e-05,
        "max": 0.193448290229,
        "mean": 0.157540261745,
        "median": 0.156283274293,
        "min": 0.0864009857178,
        "var": 0.000243199683609
    },
    "erbbands_kurtosis": {
        "dmean": 0.21162673831,
        "dmean2": 0.340229153633,
        "dvar": 0.098279170692,
        "dvar2": 0.250838816166,
        "max": 2.1740527153,
        "mean": -0.924435794353,
        "median": -1.11204659939,
        "min": -1.47818493843,
        "var": 0.336161196232
    },
    "erbbands_skewness": {
        "dmean": 0.133402645588,
        "dmean2": 0.204087302089,
        "dvar": 0.0130426911637,
        "dvar2": 0.0337993167341,
        "max": 0.939991056919,
        "mean": -0.0781472399831,
        "median": -0.0697271972895,
        "min": -1.50383222103,
        "var": 0.14946757257
    },
    "erbbands_spread": {
        "dmean": 4.74531126022,
        "dmean2": 7.55441141129,
        "dvar": 18.4119052887,
        "dvar2": 44.3333778381,
        "max": 77.1304321289,
        "mean": 55.3484344482,
        "median": 56.200088501,
        "min": 25.3225479126,
        "var": 161.853942871
    },
    "hfc": {
        "dmean": 4.03650522232,
        "dmean2": 6.56912088394,
        "dvar": 118.888313293,
        "dvar2": 332.364135742,
        "max": 139.791687012,
        "mean": 23.1269855499,
        "median": 22.2492866516,
        "min": 0.502156496048,
        "var": 116.636489868
    },
    "melbands_crest": {
        "dmean": 1.42123055458,
        "dmean2": 2.02703642845,
        "dvar": 1.08995902538,
        "dvar2": 2.4970562458,
        "max": 20.1086769104,
        "mean": 15.0334787369,
        "median": 15.0076255798,
        "min": 8.55073451996,
        "var": 3.78414463997
    },
    "melbands_flatness_db": {
        "dmean": 0.0130274612457,
        "dmean2": 0.0202793814242,
        "dvar": 0.000198816633201,
        "dvar2": 0.000499391870108,
        "max": 0.336611479521,
        "mean": 0.280043125153,
        "median": 0.281301796436,
        "min": 0.116766415536,
        "var": 0.000897812191397
    },
    "melbands_kurtosis": {
        "dmean": 3.59465932846,
        "dmean2": 5.62312412262,
        "dvar": 8.50092983246,
        "dvar2": 23.0916118622,
        "max": 51.0197639465,
        "mean": 24.8426475525,
        "median": 23.0749130249,
        "min": 0.285495042801,
        "var": 157.74810791
    },
    "melbands_skewness": {
        "dmean": 0.325290262699,
        "dmean2": 0.509083807468,
        "dvar": 0.0854540914297,
        "dvar2": 0.222860649228,
        "max": 6.3424115181,
        "mean": 4.35444974899,
        "median": 4.34000873566,
        "min": 1.33473491669,
        "var": 1.30956697464
    },
    "melbands_spread": {
        "dmean": 2.21933817863,
        "dmean2": 3.70999503136,
        "dvar": 36.2378349304,
        "dvar2": 99.4803390503,
        "max": 83.9437332153,
        "mean": 12.6723279953,
        "median": 11.9711227417,
        "min": 5.15079021454,
        "var": 51.6963005066
    },
    "pitch_salience": {
        "dmean": 0.0311040449888,
        "dmean2": 0.045090790838,
        "dvar": 0.000846187584102,
        "dvar2": 0.00204262463376,
        "max": 0.816457033157,
        "mean": 0.584729135036,
        "median": 0.59641456604,
        "min": 0.437490671873,
        "var": 0.00353321293369
    },
    "silence_rate_20dB": {
        "dmean": 0,
        "dmean2": 0,
        "dvar": 0,
        "dvar2": 0,
        "max": 1,
        "mean": 1,
        "median": 1,
        "min": 1,
        "var": 0
    },
    "silence_rate_30dB": {
        "dmean": 0.0888888910413,
        "dmean2": 0.178770944476,
        "dvar": 0.080987662077,
        "dvar2": 0.213851138949,
        "max": 1,
        "mean": 0.933701634407,
        "median": 1,
        "min": 0,
        "var": 0.0619028732181
    },
    "silence_rate_60dB": {
        "dmean": 0,
        "dmean2": 0,
        "dvar": 0,
        "dvar2": 0,
        "max": 0,
        "mean": 0,
        "median": 0,
        "min": 0,
        "var": 0
    },
    "spectral_centroid": {
        "dmean": 187.177719116,
        "dmean2": 289.350982666,
        "dvar": 27090.2148438,
        "dvar2": 72131.578125,
        "max": 3320.07836914,
        "mean": 1341.12487793,
        "median": 1277.81518555,
        "min": 694.443969727,
        "var": 160828.140625
    },
    "spectral_complexity": {
        "dmean": 3.7277777195,
        "dmean2": 6.08938550949,
        "dvar": 15.2980966568,
        "dvar2": 34.7853126526,
        "max": 50,
        "mean": 19.6629829407,
        "median": 18,
        "min": 1,
        "var": 38.0687522888
    },
    "spectral_decrease": {
        "dmean": 1.62250535229e-09,
        "dmean2": 2.47122211583e-09,
        "dvar": 2.33370832538e-18,
        "dvar2": 5.60179283966e-18,
        "max": -3.23533505542e-10,
        "mean": -1.59514002007e-08,
        "median": -1.43461731383e-08,
        "min": -3.02658555995e-08,
        "var": 3.70642063169e-17
    },
    "spectral_energy": {
        "dmean": 0.00640502106398,
        "dmean2": 0.00971067976207,
        "dvar": 3.79213342967e-05,
        "dvar2": 9.39144738368e-05,
        "max": 0.116991631687,
        "mean": 0.0623019561172,
        "median": 0.056767039001,
        "min": 0.00126663746778,
        "var": 0.000543852511328
    },
    "spectral_energyband_high": {
        "dmean": 0.000460865761852,
        "dmean2": 0.000751947867684,
        "dvar": 1.21368373129e-06,
        "dvar2": 3.40616270478e-06,
        "max": 0.0136557379737,
        "mean": 0.00110710272565,
        "median": 0.000839483516756,
        "min": 2.65162143478e-05,
        "var": 1.47492107772e-06
    },
    "spectral_energyband_low": {
        "dmean": 0.00548751791939,
        "dmean2": 0.00849042925984,
        "dvar": 2.28744665947e-05,
        "dvar2": 5.02034599776e-05,
        "max": 0.0782289355993,
        "mean": 0.0372294187546,
        "median": 0.0355069711804,
        "min": 0.000685041886754,
        "var": 0.000277181796264
    },
    "spectral_energyband_middle_high": {
        "dmean": 0.000854153360706,
        "dmean2": 0.00140486680903,
        "dvar": 4.91894843435e-06,
        "dvar2": 1.39506655614e-05,
        "max": 0.0270905587822,
        "mean": 0.00363712874241,
        "median": 0.00346131017432,
        "min": 8.2804763224e-05,
        "var": 4.14249097958e-06
    },
    "spectral_energyband_middle_low": {
        "dmean": 0.00372967915609,
        "dmean2": 0.00481942901388,
        "dvar": 1.29560930873e-05,
        "dvar2": 2.5905757866e-05,
        "max": 0.0525021664798,
        "mean": 0.0224427469075,
        "median": 0.0194178689271,
        "min": 0.000366634048987,
        "var": 0.000124671889353
    },
    "spectral_entropy": {
        "dmean": 0.0933912470937,
        "dmean2": 0.143123790622,
        "dvar": 0.00749736046419,
        "dvar2": 0.0167992878705,
        "max": 7.96334934235,
        "mean": 7.357670784,
        "median": 7.37143516541,
        "min": 6.97058486938,
        "var": 0.0338195078075
    },
    "spectral_flux": {
        "dmean": 0.0112039232627,
        "dmean2": 0.017654709518,
        "dvar": 0.000187103738426,
        "dvar2": 0.000324668420944,
        "max": 0.174743562937,
        "mean": 0.0587102286518,
        "median": 0.0560023337603,
        "min": 0.0332038253546,
        "var": 0.000336293102009
    },
    "spectral_kurtosis": {
        "dmean": 1.16655135155,
        "dmean2": 2.02358078957,
        "dvar": 0.983426749706,
        "dvar2": 2.28537487984,
        "max": 13.4473018646,
        "mean": 4.45528841019,
        "median": 4.38876819611,
        "min": 1.81866788864,
        "var": 2.04035234451
    },
    "spectral_rms": {
        "dmean": 0.000420357537223,
        "dmean2": 0.000626988650765,
        "dvar": 2.2513304998e-07,
        "dvar2": 4.32731326327e-07,
        "max": 0.0106835467741,
        "mean": 0.00765386130661,
        "median": 0.00744194025174,
        "min": 0.00111164012924,
        "var": 2.200812105e-06
    },
    "spectral_rolloff": {
        "dmean": 77.041015625,
        "dmean2": 135.695266724,
        "dvar": 105863.320312,
        "dvar2": 249260.765625,
        "max": 4220.5078125,
        "mean": 495.619659424,
        "median": 236.865234375,
        "min": 193.798828125,
        "var": 219191.84375
    },
    "spectral_skewness": {
        "dmean": 0.18215867877,
        "dmean2": 0.310068398714,
        "dvar": 0.022321972996,
        "dvar2": 0.0552694387734,
        "max": 1.9595566988,
        "mean": 1.03912162781,
        "median": 1.01528358459,
        "min": 0.253927886486,
        "var": 0.058252055198
    },
    "spectral_spread": {
        "dmean": 140216.515625,
        "dmean2": 230463.46875,
        "dvar": 14430424064,
        "dvar2": 41434443776,
        "max": 4034350,
        "mean": 3596999.75,
        "median": 3593462.25,
        "min": 2677955.5,
        "var": 35183468544
    },
    "spectral_strongpeak": {
        "dmean": 0.216456517577,
        "dmean2": 0.385270029306,
        "dvar": 0.0421293191612,
        "dvar2": 0.0879014208913,
        "max": 1.55540454388,
        "mean": 0.678962171078,
        "median": 0.674006700516,
        "min": 0,
        "var": 0.0819386169314
    },
    "zerocrossingrate": {
        "dmean": 0.00454644113779,
        "dmean2": 0.00616489164531,
        "dvar": 1.4536351955e-05,
        "dvar2": 2.19264129555e-05,
        "max": 0.06005859375,
        "mean": 0.0397126413882,
        "median": 0.0390625,
        "min": 0.00927734375,
        "var": 6.913888501e-05
    },
    "barkbands": {
        "dmean": [0.000826821138617, 0.00327534647658, 0.00367859774269, 0.00272169080563, 0.00178888742812, 5.34682912985e-05, 7.46612131479e-05, 0.000274954218185, 0.000393967580749, 4.08115338359e-05, 3.72939830413e-05, 3.88090593333e-05, 0.000157194837811, 0.000320488412399, 5.81956555834e-05, 4.79542177345e-05, 0.000167514532222, 0.000214480154682, 0.000313629425364, 0.00022702786373, 0.00030120939482, 2.56567491306e-05, 1.46352749653e-05, 2.40093640969e-06, 7.98512985511e-07, 8.96380186077e-07, 3.07423465529e-06],
        "dmean2": [0.00128332397435, 0.00517231225967, 0.00433855783194, 0.00347069744021, 0.00240789004602, 8.27432013466e-05, 0.00013175435015, 0.000512248370796, 0.000446898629889, 7.10898530087e-05, 6.39790741843e-05, 6.53129027341e-05, 0.000230147765251, 0.000498665729538, 0.000101691264717, 7.5117823144e-05, 0.000244007562287, 0.000338756450219, 0.000537431333214, 0.000381879508495, 0.000482311996166, 4.16179536842e-05, 2.46073450398e-05, 3.89941260437e-06, 1.25154144826e-06, 1.48955336954e-06, 5.21308038515e-06],
        "dvar": [4.22035157044e-07, 6.42015902486e-06, 1.08620606625e-05, 7.46049909139e-06, 3.25305381921e-06, 1.92733340398e-09, 2.79010343718e-08, 6.57770584667e-08, 1.58063954814e-07, 1.09623252698e-08, 9.34457933255e-09, 7.06792580019e-09, 1.81726367288e-08, 1.61897361295e-07, 3.1509070908e-08, 5.29482413469e-09, 3.70787631709e-08, 3.68688688468e-08, 1.02351020814e-06, 4.41996064637e-07, 3.26673784912e-07, 6.78887879246e-09, 1.94823845945e-09, 2.30227746589e-11, 6.17470213415e-13, 1.05270664148e-12, 8.49457743729e-12],
        "dvar2": [9.88111992228e-07, 1.49147281263e-05, 1.86304241652e-05, 1.325465837e-05, 6.04581509833e-06, 4.73279415658e-09, 8.00419002189e-08, 2.03038950986e-07, 2.01939329258e-07, 3.08680796479e-08, 2.70926125978e-08, 1.99490148844e-08, 4.18727381657e-08, 4.42611906237e-07, 8.67404494898e-08, 1.30476207616e-08, 8.2842156246e-08, 7.97520840479e-08, 2.77872163679e-06, 1.1820486634e-06, 9.08392223664e-07, 1.72752390171e-08, 4.89461893238e-09, 5.63207189219e-11, 1.45302899487e-12, 2.77579391764e-12, 1.84609862119e-11],
        "max": [0.0085086915642, 0.0281061716378, 0.0482954271138, 0.0287458151579, 0.0219058953226, 0.000461368181277, 0.0016812926624, 0.00175341637805, 0.0116777075455, 0.00106264115311, 0.000989283085801, 0.000901422463357, 0.00184792326763, 0.00317898951471, 0.00190187327098, 0.00082954519894, 0.00202238187194, 0.00186269939877, 0.0111615769565, 0.00747028412297, 0.00699031492695, 0.000923928630073, 0.000497689354233, 5.12712322234e-05, 8.99363203644e-06, 1.19512787933e-05, 3.16564946843e-05],
        "mean": [0.00473591545597, 0.0116180386394, 0.0187607947737, 0.00993809010834, 0.00783941056579, 0.000147557191667, 0.000100319477497, 0.000469870166853, 0.00393477361649, 6.21404251433e-05, 5.38258464076e-05, 8.39625863591e-05, 0.0005364594399, 0.000748831254896, 8.44626192702e-05, 0.000118554904475, 0.000774655607529, 0.000489746569656, 0.000533387530595, 0.000410427921452, 0.000752934953198, 3.74591072614e-05, 2.06702279684e-05, 5.60333182875e-06, 3.46401725437e-06, 3.93899927076e-06, 2.35804964177e-05],
        "median": [0.00469825975597, 0.0107105942443, 0.0166476555169, 0.00837419461459, 0.00679302960634, 0.000140073199873, 7.64099386288e-05, 0.000414435198763, 0.00342756626196, 4.47426318715e-05, 3.9099904825e-05, 6.6482447437e-05, 0.000409066298744, 0.000627032481134, 5.69053991057e-05, 0.000103799873614, 0.000704320962541, 0.000402043195209, 0.000364249339327, 0.000276844744803, 0.000539528264198, 1.68964706972e-05, 9.60443412623e-06, 2.94056439998e-06, 3.06767515212e-06, 3.70207590095e-06, 2.33818063862e-05],
        "min": [0.000331454793923, 0.000296688405797, 0.000166419951711, 0.000105526800326, 0.000109027285362, 1.12801590149e-05, 9.09082700673e-06, 4.29604806413e-05, 3.15647921525e-05, 1.02870635601e-05, 4.45953446615e-06, 2.16058015212e-06, 1.06478100861e-05, 5.60451144338e-06, 6.08739537711e-06, 4.27564100391e-06, 9.2839154604e-06, 1.05611661638e-05, 7.87182671047e-06, 1.95377069758e-05, 5.62282548344e-06, 1.60307706665e-06, 1.42830811001e-06, 9.70978135229e-07, 1.04547950741e-06, 1.01698901744e-06, 1.61032221513e-06],
        "var": [1.69192219346e-06, 2.23693496082e-05, 0.000121347409731, 5.18317028764e-05, 2.48572650889e-05, 5.60424728846e-09, 1.90330542438e-08, 8.87238229552e-08, 6.6035781856e-06, 8.11748979146e-09, 6.02076655198e-09, 5.86577275641e-09, 1.50602204485e-07, 3.03648619138e-07, 2.19912319466e-08, 7.00917546226e-09, 1.82479496402e-07, 1.13496426479e-07, 7.53779488605e-07, 3.59774361414e-07, 6.5432897145e-07, 5.92309179481e-09, 1.79173265114e-09, 3.33104932526e-11, 2.4024567058e-12, 1.45985415596e-12, 1.02612059474e-11]
    },
    "erbbands": {
        "dmean": [0.179012134671, 0.489486664534, 2.92816376686, 3.8154489994, 9.43870925903, 3.0171084404, 0.727236866951, 0.545759260654, 0.674497783184, 4.25279951096, 3.2250752449, 11.8841257095, 2.13214802742, 1.88251018524, 1.81727409363, 1.37404549122, 8.44642448425, 15.0784101486, 6.41884946823, 1.98714721203, 3.68864870071, 10.3400440216, 9.27477741241, 12.3415527344, 13.3340578079, 11.5257730484, 20.1171417236, 3.21487045288, 1.06442761421, 0.66710460186, 0.368090957403, 0.0771745294333, 0.0406816229224, 0.0129650300369, 0.00471743009984, 0.0042434069328, 0.00184516282752, 0.00106673361734, 0.00044420643826, 6.65405677864e-05],
        "dmean2": [0.289700210094, 0.734334349632, 3.93576312065, 5.67945337296, 12.36236763, 3.87759208679, 0.995237469673, 0.859003424644, 1.19801843166, 7.52577733994, 5.81813383102, 13.5442438126, 2.71651387215, 3.25667405128, 3.17599058151, 2.20374751091, 11.981347084, 23.6150169373, 10.3883876801, 3.34014439583, 5.28649139404, 15.42253685, 14.4763250351, 21.4642601013, 22.4594192505, 19.3426704407, 32.2895698547, 5.33415603638, 1.72391605377, 1.08905637264, 0.618282318115, 0.12777800858, 0.0669198259711, 0.0204109437764, 0.00778551958501, 0.00722981151193, 0.00323993293568, 0.00173077767249, 0.00074097973993, 0.000114214941277],
        "dvar": [0.0163675379008, 0.199763208628, 7.04095125198, 16.6272144318, 91.2845840454, 10.2624931335, 0.778065741062, 0.249955326319, 4.12291765213, 18.7901058197, 10.148267746, 157.322509766, 4.10759401321, 28.3753128052, 19.4065990448, 6.26111316681, 51.7264633179, 400.579437256, 137.994049072, 30.1758003235, 30.1817684174, 102.006034851, 76.5663833618, 884.391723633, 2145.98168945, 1136.1986084, 1272.00732422, 105.117752075, 12.6427974701, 4.42476558685, 1.13763058186, 0.0380235649645, 0.00486351875588, 0.000164798577316, 3.35238364642e-05, 3.93191803596e-05, 3.43589272234e-06, 7.59623617341e-07, 1.52617786853e-07, 4.08288824971e-09],
        "dvar2": [0.0399550832808, 0.459119707346, 13.9982337952, 44.602897644, 195.791183472, 15.4706115723, 1.32513976097, 0.63074439764, 11.9082660675, 58.6657600403, 26.7767524719, 190.775314331, 6.49064683914, 81.1984710693, 55.1564674377, 16.84649086, 119.235282898, 1103.52648926, 417.350067139, 81.7237014771, 74.6520080566, 250.199050903, 169.557922363, 2423.20751953, 5764.55566406, 3037.0480957, 3578.91333008, 299.617218018, 33.0035629272, 10.9075460434, 2.90869641304, 0.0967613980174, 0.0113578550518, 0.000385191553505, 8.50639917189e-05, 9.77480376605e-05, 9.00041413843e-06, 2.06373420042e-06, 3.7632190697e-07, 8.83058959289e-09],
        "max": [1.12015008926, 5.79643774033, 47.1612739563, 59.7084007263, 136.448364258, 35.6035728455, 9.60869026184, 3.81467151642, 21.3866882324, 29.6987133026, 27.3860111237, 360.529876709, 52.9273719788, 53.43176651, 46.1813812256, 30.9736976624, 102.177062988, 156.418762207, 131.747360229, 61.6610679626, 64.6673583984, 110.941139221, 87.7484664917, 326.559082031, 513.569580078, 385.724121094, 435.924346924, 118.515045166, 39.878818512, 23.9597530365, 11.89523983, 2.16776013374, 0.775406479836, 0.133350864053, 0.0637774169445, 0.0603621006012, 0.0166776329279, 0.00814772862941, 0.00403954461217, 0.000683217193],
        "mean": [0.599276661873, 1.96046292782, 19.7389545441, 22.4137897491, 51.0151557922, 10.4371576309, 2.01790595055, 1.3350687027, 1.08526563644, 6.74988889694, 11.6145172119, 122.270805359, 18.2573451996, 3.02772140503, 2.80681872368, 5.14312553406, 28.6223220825, 34.9109573364, 15.3196840286, 4.69240808487, 14.4097547531, 47.2368621826, 24.3884811401, 21.792142868, 22.279302597, 22.253572464, 49.0903549194, 6.79844284058, 1.63098073006, 0.969827115536, 0.510961592197, 0.148305878043, 0.0977762341499, 0.0460227839649, 0.019411155954, 0.0132285840809, 0.00740102725103, 0.00497147813439, 0.00267553259619, 0.000526076939423],
        "median": [0.598386347294, 1.73792612553, 18.4736938477, 19.319568634, 46.1890411377, 9.38373756409, 1.40882349014, 1.22468090057, 0.815280795097, 5.47701597214, 11.0627126694, 108.198440552, 15.4382429123, 2.26125025749, 2.17749595642, 4.1678481102, 21.7498874664, 27.6383419037, 13.2549314499, 3.91171050072, 14.1348085403, 45.5427627563, 21.1608581543, 16.1676483154, 14.9136705399, 16.9460315704, 35.8500518799, 5.20493745804, 0.814191460609, 0.449038863182, 0.236474588513, 0.0722803771496, 0.0646260753274, 0.0390451774001, 0.0168923325837, 0.0107554551214, 0.0071539953351, 0.00480520585552, 0.00265238340944, 0.000528729578946],
        "min": [0.0128469802439, 0.0537933334708, 0.170565336943, 0.315784901381, 0.301917433739, 0.391316413879, 0.413489639759, 0.127894043922, 0.158948853612, 0.650394201279, 0.934099912643, 0.69038695097, 0.672203660011, 0.384295642376, 0.150091946125, 0.103968851268, 0.479483902454, 0.320142686367, 0.362332910299, 0.255398124456, 0.245872482657, 0.51687926054, 0.52499961853, 0.775117993355, 0.235585808754, 1.14290785789, 0.415097266436, 0.104584701359, 0.0652754828334, 0.0576687939465, 0.0353678129613, 0.0223159380257, 0.015478271991, 0.0103232329711, 0.00807402189821, 0.00395703827962, 0.00174473901279, 0.000895182834938, 0.000248319382081, 2.48832675425e-05],
        "var": [0.0402225665748, 1.11908054352, 122.62121582, 156.977813721, 1297.6126709, 28.3517913818, 3.00929284096, 0.657778561115, 2.65438985825, 24.9893035889, 17.6970119476, 6423.42675781, 121.946128845, 18.9616584778, 12.8344593048, 10.9193239212, 440.144165039, 653.734008789, 137.343765259, 23.586938858, 75.2603302002, 508.895446777, 238.01210022, 696.768676758, 1598.97375488, 940.628601074, 2661.95776367, 87.3759460449, 10.6165771484, 4.12824678421, 1.01963460445, 0.0400757193565, 0.00766734452918, 0.000631620700005, 5.79721854592e-05, 5.78337421757e-05, 4.02063096772e-06, 9.80381173576e-07, 1.87601656876e-07, 5.67573055221e-09]
    },
    "gfcc": {
        "mean": [23.8178634644, 104.823722839, -104.624382019, 50.6349906921, -9.83872509003, -7.88550186157, 4.67747735977, 5.00336503983, -16.4261341095, -4.92434549332, -27.3902797699, -28.4440612793, -20.2676258087],
        "cov": [[356.962982178, -52.6038360596, -59.5121040344, 124.214248657, -42.0606422424, 62.2762680054, 18.3957233429, -17.8908996582, 9.06471157074, -42.8732872009, -13.3891220093, -10.4612464905, -20.5105857849], [-52.6038360596, 59.5149536133, 21.3988189697, -43.3925094604, 40.0527267456, -24.1229457855, -4.0693230629, 6.55338048935, 1.07802188396, -0.835578083992, -12.0642309189, -8.63992023468, -1.70892167091], [-59.5121040344, 21.3988189697, 46.9146652222, -1.34340584278, 18.6037979126, -1.94150018692, -6.62769794464, 13.5587425232, 3.48973083496, -14.5659341812, -14.6513938904, -1.93861913681, -2.73579311371], [124.214248657, -43.3925094604, -1.34340584278, 98.4961929321, -8.44024658203, 39.6400794983, -3.69215369225, -8.71782207489, 2.39035582542, -26.9479198456, -14.3822927475, -8.51276016235, -12.3348388672], [-42.0606422424, 40.0527267456, 18.6037979126, -8.44024658203, 76.9536895752, -8.63013267517, -11.3328790665, 1.50563216209, 1.8874874115, -0.399270385504, -17.9464263916, -14.4913015366, -7.18041944504], [62.2762680054, -24.1229457855, -1.94150018692, 39.6400794983, -8.63013267517, 48.8811912537, 11.7950353622, 2.07598257065, 8.79040431976, -24.3762073517, -6.23905181885, 4.34608030319, -10.1554527283], [18.3957233429, -4.0693230629, -6.62769794464, -3.69215369225, -11.3328790665, 11.7950353622, 32.2883262634, 9.14901638031, -0.569086909294, -9.05087947845, -1.72401916981, 2.12073779106, -1.31188201904], [-17.8908996582, 6.55338048935, 13.5587425232, -8.71782207489, 1.50563216209, 2.07598257065, 9.14901638031, 37.299446106, 21.9016933441, -16.856546402, -7.85300302505, 8.62930774689, -5.61284542084], [9.06471157074, 1.07802188396, 3.48973083496, 2.39035582542, 1.8874874115, 8.79040431976, -0.569086909294, 21.9016933441, 39.2626647949, -2.18995642662, -2.12223672867, 8.482878685, -10.5284080505], [-42.8732872009, -0.835578083992, -14.5659341812, -26.9479198456, -0.399270385504, -24.3762073517, -9.05087947845, -16.856546402, -2.18995642662, 47.6889533997, 23.4499855042, -0.892440974712, 8.4837846756], [-13.3891220093, -12.0642309189, -14.6513938904, -14.3822927475, -17.9464263916, -6.23905181885, -1.72401916981, -7.85300302505, -2.12223672867, 23.4499855042, 34.7787513733, 16.9071121216, 1.19344425201], [-10.4612464905, -8.63992023468, -1.93861913681, -8.51276016235, -14.4913015366, 4.34608030319, 2.12073779106, 8.62930774689, 8.482878685, -0.892440974712, 16.9071121216, 27.0458106995, -1.02572834492], [-20.5105857849, -1.70892167091, -2.73579311371, -12.3348388672, -7.18041944504, -10.1554527283, -1.31188201904, -5.61284542084, -10.5284080505, 8.4837846756, 1.19344425201, -1.02572834492, 19.384305954]],
        "icov": [[0.0153077188879, -0.0232328120619, 0.0258606281132, -0.0255690645427, 0.0103832874447, -0.00370288826525, -0.00323351565748, 0.000784302479587, -0.00389551254921, 0.00516978139058, -0.00107063516043, 0.000496336549986, -0.000843347399496], [-0.0232328120619, 0.118041977286, -0.060265365988, 0.0780113339424, -0.0439528785646, 0.0363404899836, -0.00510286260396, 0.0341780148447, -0.0222010016441, 0.0369563437998, -0.0073936409317, 0.0223479904234, 0.0126731991768], [0.0258606281132, -0.060265365988, 0.080727763474, -0.0517123378813, 0.0206357147545, -0.0148217286915, 0.00811355933547, -0.0212028101087, 0.00811410322785, -0.00060765480157, 0.0109215909615, -0.00962833780795, -0.00168280431535], [-0.0255690645427, 0.0780113339424, -0.0517123378813, 0.0820850804448, -0.0264577995986, 0.00677910167724, 0.0100153917447, 0.0214148834348, -0.00810112897307, 0.0198563076556, -0.00116202805657, 0.018706459552, 0.0133582744747], [0.0103832874447, -0.0439528785646, 0.0206357147545, -0.0264577995986, 0.036737870425, -0.0147956544533, 0.00792047381401, -0.0126548698172, 0.0107058379799, -0.0196932908148, 0.0166079513729, -0.00544165866449, 0.00904040783644], [-0.00370288826525, 0.0363404899836, -0.0148217286915, 0.00677910167724, -0.0147956544533, 0.0640447437763, -0.0239843111485, 0.0361828505993, -0.0312720499933, 0.0417253524065, -0.0129803884774, 0.00282166176476, 0.00413555791602], [-0.00323351565748, -0.00510286260396, 0.00811355933547, 0.0100153917447, 0.00792047381401, -0.0239843111485, 0.0526032745838, -0.0295251272619, 0.0229385066777, -0.0118146585301, 0.00872073881328, 0.00144555652514, 0.00619561364874], [0.000784302479587, 0.0341780148447, -0.0212028101087, 0.0214148834348, -0.0126548698172, 0.0361828505993, -0.0295251272619, 0.0990287587047, -0.0626222416759, 0.0581373684108, -0.0115387337282, 0.00321951485239, -0.00315420073457], [-0.00389551254921, -0.0222010016441, 0.00811410322785, -0.00810112897307, 0.0107058379799, -0.0312720499933, 0.0229385066777, -0.0626222416759, 0.0812756046653, -0.0597280859947, 0.0373381003737, -0.0313949882984, 0.0272378530353], [0.00516978139058, 0.0369563437998, -0.00060765480157, 0.0198563076556, -0.0196932908148, 0.0417253524065, -0.0118146585301, 0.0581373684108, -0.0597280859947, 0.115573875606, -0.0738676413894, 0.0529535897076, -0.0237960312515], [-0.00107063516043, -0.0073936409317, 0.0109215909615, -0.00116202805657, 0.0166079513729, -0.0129803884774, 0.00872073881328, -0.0115387337282, 0.0373381003737, -0.0738676413894, 0.122608616948, -0.0777846947312, 0.0365621782839], [0.000496336549986, 0.0223479904234, -0.00962833780795, 0.018706459552, -0.00544165866449, 0.00282166176476, 0.00144555652514, 0.00321951485239, -0.0313949882984, 0.0529535897076, -0.0777846947312, 0.104592427611, -0.0163715388626], [-0.000843347399496, 0.0126731991768, -0.00168280431535, 0.0133582744747, 0.00904040783644, 0.00413555791602, 0.00619561364874, -0.00315420073457, 0.0272378530353, -0.0237960312515, 0.0365621782839, -0.0163715388626, 0.0871884971857]]
    },
    "melbands": {
        "dmean": [0.00114982039668, 0.00115695840213, 0.00078270531958, 0.000475166452816, 3.46825836459e-05, 1.107242133e-05, 1.11961398943e-05, 5.59976688237e-05, 2.18508230319e-05, 7.75654407335e-05, 8.81273263076e-06, 7.57789439376e-06, 5.53410836801e-06, 4.7259677558e-06, 9.33304272621e-06, 1.5615074517e-05, 3.4724114812e-05, 1.35091713673e-05, 3.63095318789e-06, 2.51726282841e-06, 4.88273235533e-06, 1.29728450702e-05, 1.94348285731e-05, 2.79697633232e-06, 1.10437604235e-05, 1.4064212337e-05, 5.88894818065e-06, 8.01381065685e-06, 1.65666497196e-05, 4.56872612631e-06, 1.11975850814e-06, 6.33511831438e-07, 4.05324897201e-07, 3.68445853383e-07, 2.53460569866e-07, 9.74192815306e-08, 3.26609992385e-08, 3.0247708338e-08, 2.41397319911e-08, 7.41583328079e-09],
        "dmean2": [0.00185438443441, 0.00159299455117, 0.00114668207243, 0.000616215809714, 4.42657146777e-05, 1.72409399966e-05, 1.96195960598e-05, 0.000101778030512, 3.91505018342e-05, 8.79653453012e-05, 1.19033029478e-05, 1.31521428557e-05, 9.64111859503e-06, 7.91630191088e-06, 1.33152934723e-05, 2.38163956965e-05, 5.43753048987e-05, 2.17167089431e-05, 6.12461917626e-06, 4.18537001678e-06, 7.11506254447e-06, 1.89297315956e-05, 3.02641565213e-05, 4.75716842629e-06, 1.95571192307e-05, 2.38209868257e-05, 9.98409086606e-06, 1.34189149321e-05, 2.67753239314e-05, 7.54819438953e-06, 1.91676917893e-06, 1.02521141798e-06, 6.52902826914e-07, 6.13945815076e-07, 4.28068602787e-07, 1.58973094244e-07, 5.45409690744e-08, 4.95068590567e-08, 3.9527062512e-08, 1.1819672352e-08],
        "dvar": [7.38158178137e-07, 1.05093783986e-06, 7.23725349872e-07, 2.08045875638e-07, 1.6418744142e-09, 1.09963545214e-10, 1.0260284844e-09, 3.00304514589e-09, 5.18381337855e-10, 6.50758380516e-09, 6.90990389907e-11, 4.54666082561e-10, 1.9946884422e-10, 1.15473970663e-10, 7.1838375526e-11, 1.67961727859e-10, 2.02838723595e-09, 4.22967827429e-10, 1.13655959644e-10, 2.18759680509e-11, 5.15470721663e-11, 2.10837278192e-10, 3.35066530077e-10, 2.1932696978e-11, 6.14790829356e-10, 2.26387131264e-09, 3.13144343789e-10, 5.67145164165e-10, 8.69690264249e-10, 8.99019539369e-11, 1.71928513093e-11, 4.22820502569e-12, 1.56859540548e-12, 1.3117590781e-12, 4.91143258875e-13, 7.73878167494e-14, 4.39638348174e-15, 2.93965156037e-15, 6.68920976688e-16, 4.71413771427e-17],
        "dvar2": [1.72830198153e-06, 2.14302849599e-06, 1.90385401311e-06, 4.19921320827e-07, 2.64624588908e-09, 2.76661749066e-10, 2.96135693745e-09, 9.42715416841e-09, 1.34446342948e-09, 7.99208077495e-09, 1.28914517949e-10, 1.29718435993e-09, 5.69818081608e-10, 3.24634458204e-10, 1.63042024326e-10, 3.88782894767e-10, 5.5473874383e-09, 1.25993004918e-09, 3.06431352515e-10, 5.6769863116e-11, 1.23066168367e-10, 4.47598708098e-10, 6.15086703792e-10, 5.98059310408e-11, 1.68786529198e-09, 6.06827876837e-09, 8.17950651655e-10, 1.51375612045e-09, 2.41789255284e-09, 2.61200894247e-10, 4.79948927823e-11, 1.10158800484e-11, 3.85864517422e-12, 3.23834470524e-12, 1.26339271076e-12, 1.96224126899e-13, 1.25165414871e-14, 7.01002137807e-15, 1.47869167404e-15, 1.11973639576e-16],
        "max": [0.00865237042308, 0.0173604786396, 0.0135822426528, 0.00570144178346, 0.000413168629166, 8.93271790119e-05, 0.000333532807417, 0.000366275955457, 0.000221206864808, 0.00234337849542, 0.000133201654535, 0.000212449740502, 0.000146387319546, 0.000116740928206, 0.000119232754514, 0.00017328717513, 0.00032781646587, 0.00022640946554, 0.000117404524644, 5.2842162404e-05, 8.40017091832e-05, 0.000149164770846, 0.000199759117095, 4.59091425e-05, 0.000267841794994, 0.000525902665686, 0.000197981105885, 0.000264339527348, 0.000353155221092, 0.000118745389045, 4.48175014753e-05, 2.28383996728e-05, 1.41963673741e-05, 1.30244852699e-05, 7.75719763624e-06, 3.1319707432e-06, 5.64920640045e-07, 5.76121180984e-07, 2.74200715467e-07, 7.53366364847e-08],
        "mean": [0.00421951850876, 0.00735399546102, 0.00552595499903, 0.00218873634003, 8.66885166033e-05, 2.74461381196e-05, 1.66617137438e-05, 9.0466819529e-05, 8.13054284663e-05, 0.000789626385085, 4.55022345704e-05, 9.94900074147e-06, 8.19663455331e-06, 9.19680223888e-06, 3.42806633853e-05, 5.16582294949e-05, 7.53321510274e-05, 3.21850275213e-05, 5.67540064367e-06, 6.77123716741e-06, 1.9562401576e-05, 5.36411243957e-05, 4.64125077997e-05, 5.82603297516e-06, 1.82950425369e-05, 2.19808389375e-05, 1.05524786704e-05, 1.3388035768e-05, 3.85494495276e-05, 1.05635926957e-05, 1.71532735749e-06, 8.9823424787e-07, 5.82765380841e-07, 5.14679186381e-07, 3.34527271661e-07, 1.4826144934e-07, 6.68528485903e-08, 6.56393055465e-08, 6.63059793737e-08, 2.84881451762e-08],
        "median": [0.00408248882741, 0.00694964174181, 0.00515352794901, 0.00189982901793, 6.11216019024e-05, 2.44110869971e-05, 1.23365343825e-05, 7.40447212593e-05, 7.82083516242e-05, 0.000689417531248, 3.81831705454e-05, 6.47517435937e-06, 6.02631962465e-06, 7.37154005037e-06, 2.70368891506e-05, 4.12155932281e-05, 5.78022445552e-05, 2.78433017229e-05, 3.98556494474e-06, 5.9523517848e-06, 1.88997655641e-05, 4.68957732664e-05, 4.0095528675e-05, 4.61470744995e-06, 1.33450230351e-05, 1.4520314835e-05, 7.43000009606e-06, 8.82296717464e-06, 2.71598783002e-05, 7.75342232373e-06, 8.87487829004e-07, 3.8428214566e-07, 2.61802313162e-07, 2.4315309588e-07, 1.52168937007e-07, 7.04478537727e-08, 3.25654809785e-08, 3.47729489647e-08, 5.31479180665e-08, 2.53104097681e-08],
        "min": [0.000114361006126, 8.43304515001e-05, 5.44872345927e-05, 2.40451845457e-05, 1.47138671309e-05, 1.6452465843e-06, 1.59692399393e-06, 7.7646545833e-06, 7.44223143556e-06, 4.2175370254e-06, 3.33378920914e-06, 8.72332748258e-07, 5.49129879346e-07, 2.97706009178e-07, 4.62307184534e-07, 1.16573346531e-06, 5.07267145622e-07, 5.95292419803e-07, 4.20017613578e-07, 3.12874135489e-07, 2.56697035184e-07, 4.39909598526e-07, 6.62980710331e-07, 4.56437362573e-07, 6.97605798905e-07, 1.11157802962e-07, 3.3172935332e-07, 8.62742524532e-07, 3.27003704115e-07, 6.29689438369e-08, 4.59940636688e-08, 3.81217546419e-08, 2.65135220445e-08, 3.39846621955e-08, 1.93946405602e-08, 1.71500253998e-08, 1.1210630646e-08, 1.07221831414e-08, 1.07001412175e-08, 7.81985143306e-09],
        "var": [2.13592056753e-06, 1.68844562722e-05, 1.09747634269e-05, 1.92454058379e-06, 6.04069549937e-09, 2.61961063952e-10, 6.58414989196e-10, 4.02115230003e-09, 8.98818519612e-10, 2.69012218723e-07, 6.94242552335e-10, 3.09088393768e-10, 1.28907759467e-10, 8.85730516709e-11, 5.85545834042e-10, 1.31889499322e-09, 3.51728868253e-09, 5.45648359829e-10, 8.51570272631e-11, 2.31516437965e-11, 1.4822416905e-10, 1.23828336474e-09, 1.28345212236e-09, 2.26159785344e-11, 4.86744089478e-10, 1.68723357508e-09, 2.52604465123e-10, 4.45779357872e-10, 1.74563119515e-09, 1.23246676753e-10, 1.22532522323e-11, 3.54151603876e-12, 1.44937382408e-12, 1.22721852212e-12, 4.39467554144e-13, 7.17835960487e-14, 5.90058863519e-15, 4.46294544832e-15, 2.1320515967e-15, 1.57860273065e-16]
    },
    "mfcc": {
        "mean": [-633.199951172, 140.670181274, -19.9486026764, 68.5484466553, 8.26141929626, 17.140171051, 21.1730422974, 6.50855970383, 15.635468483, 18.4946537018, 10.076839447, 8.71333122253, -20.5214424133],
        "cov": [[518.518920898, -201.100997925, 6.65664339066, 40.5784301758, -41.5778121948, 84.8800506592, -14.0178918839, 77.5144348145, -11.4023685455, 24.4985275269, -29.4353847504, -21.0696430206, 28.756975174], [-201.100997925, 159.495071411, -29.4821968079, -18.3335170746, 28.8964271545, -43.7894058228, 9.64372825623, -48.2831497192, 10.9424543381, -17.0735816956, 21.3709278107, 18.1444396973, -25.3921031952], [6.65664339066, -29.4821968079, 41.934047699, 3.96495485306, -6.11077451706, 0.362705498934, -6.21733283997, 19.0798854828, 3.68886446953, 3.49945855141, -10.822889328, -8.35175895691, 1.88981080055], [40.5784301758, -18.3335170746, 3.96495485306, 31.4083442688, 18.9607658386, 8.32604026794, -3.85779833794, 6.51406383514, 9.1236371994, 3.33371067047, -1.06278562546, 4.35314416885, -2.37290167809], [-41.5778121948, 28.8964271545, -6.11077451706, 18.9607658386, 66.7035522461, 6.26795244217, -6.83009529114, -2.54303479195, 18.8621883392, -2.29720497131, 1.50765419006, 16.8572044373, -14.1221151352], [84.8800506592, -43.7894058228, 0.362705498934, 8.32604026794, 6.26795244217, 47.6576499939, 3.2637898922, 15.9007911682, -2.57459950447, 6.94003343582, -7.31800889969, -2.55224227905, 6.14345502853], [-14.0178918839, 9.64372825623, -6.21733283997, -3.85779833794, -6.83009529114, 3.2637898922, 41.5291519165, -16.5964756012, -1.16958379745, -17.3713817596, 0.264502108097, -0.112142264843, -17.2754688263], [77.5144348145, -48.2831497192, 19.0798854828, 6.51406383514, -2.54303479195, 15.9007911682, -16.5964756012, 97.5903549194, 15.366024971, 21.3582935333, -14.1612644196, -12.6301965714, 25.7421855927], [-11.4023685455, 10.9424543381, 3.68886446953, 9.1236371994, 18.8621883392, -2.57459950447, -1.16958379745, 15.366024971, 32.1646118164, 5.83221578598, -3.2979118824, 0.946145951748, -15.7208547592], [24.4985275269, -17.0735816956, 3.49945855141, 3.33371067047, -2.29720497131, 6.94003343582, -17.3713817596, 21.3582935333, 5.83221578598, 28.9978523254, 2.13469028473, -6.37863683701, 8.95692634583], [-29.4353847504, 21.3709278107, -10.822889328, -1.06278562546, 1.50765419006, -7.31800889969, 0.264502108097, -14.1612644196, -3.2979118824, 2.13469028473, 20.5468654633, 6.71224308014, -6.40495347977], [-21.0696430206, 18.1444396973, -8.35175895691, 4.35314416885, 16.8572044373, -2.55224227905, -0.112142264843, -12.6301965714, 0.946145951748, -6.37863683701, 6.71224308014, 21.0572528839, -1.66702163219], [28.756975174, -25.3921031952, 1.88981080055, -2.37290167809, -14.1221151352, 6.14345502853, -17.2754688263, 25.7421855927, -15.7208547592, 8.95692634583, -6.40495347977, -1.66702163219, 46.5294418335]],
