{
"lowlevel": {
    "average_loudness": 0.970365345478,
    "barkbands_crest": {
        "dmean": 1.67907547951,
        "dmean2": 2.58173561096,
        "dvar": 2.90630817413,
        "dvar2": 7.47259283066,
        "max": 17.1690349579,
        "mean": 8.84450340271,
        "median": 8.58207035065,
        "min": 4.15170431137,
        "var": 7.46221399307
    },
    "barkbands_flatness_db": {
        "dmean": 0.0102311177179,
        "dmean2": 0.0156560614705,
        "dvar": 9.85216975096e-05,
        "dvar2": 0.000250684970524,
        "max": 0.172811582685,
        "mean": 0.122158110142,
        "median": 0.130298137665,
        "min": 0.0552298352122,
        "var": 0.00114079541527
    },
    "barkbands_kurtosis": {
        "dmean": 0.635339558125,
        "dmean2": 0.991950452328,
        "dvar": 0.473935365677,
        "dvar2": 1.26917982101,
        "max": 8.77795600891,
        "mean": 0.779616117477,
        "median": 0.670009493828,
        "min": -1.63811826706,
        "var": 4.34194803238
    },
    "barkbands_skewness": {
        "dmean": 0.275916814804,
        "dmean2": 0.409289330244,
        "dvar": 0.069142177701,
        "dvar2": 0.179448932409,
        "max": 2.77479839325,
        "mean": 0.956265866756,
        "median": 0.976250648499,
        "min": -0.605379402637,
        "var": 0.437182992697
    },
    "barkbands_spread": {
        "dmean": 4.18744850159,
        "dmean2": 6.9466342926,
        "dvar": 20.6499156952,
        "dvar2": 54.4703865051,
        "max": 65.2397155762,
        "mean": 32.6283874512,
        "median": 25.7897853851,
        "min": 11.8367824554,
        "var": 253.808563232
    },
    "dissonance": {
        "dmean": 0.011108177714,
        "dmean2": 0.0185842476785,
        "dvar": 0.000105390019598,
        "dvar2": 0.000280372099951,
        "max": 0.494888812304,
        "mean": 0.461454957724,
        "median": 0.463111609221,
        "min": 0.420969873667,
        "var": 0.00040382266161
    },
    "dynamic_complexity": 3.3251054287,
    "erbbands_crest": {
        "dmean": 1.61468327045,
        "dmean2": 2.54768109322,
        "dvar": 2.15170383453,
        "dvar2": 5.55351018906,
        "max": 24.7789402008,
        "mean": 13.062713623,
        "median": 10.8017625809,
        "min": 4.76137018204,
        "var": 37.5949401855
    },
    "erbbands_flatness_db": {
        "dmean": 0.00655836192891,
        "dmean2": 0.00930924620479,
        "dvar": 3.33648895321e-05,
        "dvar2": 6.40851940261e-05,
        "max": 0.216700285673,
        "mean": 0.171183034778,
        "median": 0.171278476715,
        "min": 0.104807458818,
        "var": 0.000630424241535
    },
    "erbbands_kurtosis": {
        "dmean": 0.467792779207,
        "dmean2": 0.745431423187,
        "dvar": 0.220456451178,
        "dvar2": 0.487539023161,
        "max": 3.87236499786,
        "mean": 0.1010389328,
        "median": -0.145568728447,
        "min": -1.33667778969,
        "var": 1.22558665276
    },
    "erbbands_skewness": {
        "dmean": 0.179161727428,
        "dmean2": 0.280590832233,
        "dvar": 0.0278378240764,
        "dvar2": 0.0678404420614,
        "max": 1.40596997738,
        "mean": -0.00693255010992,
        "median": 0.16070266068,
        "min": -1.56074476242,
        "var": 0.700926482677
    },
    "erbbands_spread": {
        "dmean": 3.55167889595,
        "dmean2": 5.63367843628,
        "dvar": 8.03925132751,
        "dvar2": 16.2894935608,
        "max": 64.4660110474,
        "mean": 33.2556762695,
        "median": 31.4108734131,
        "min": 13.7899923325,
        "var": 97.8120727539
    },
    "hfc": {
        "dmean": 2.80290913582,
        "dmean2": 4.1294760704,
        "dvar": 9.49949836731,
        "dvar2": 24.0307865143,
        "max": 53.6977157593,
        "mean": 21.6645927429,
        "median": 22.1435585022,
        "min": 1.97837126255,
        "var": 132.728759766
    },
    "melbands_crest": {
        "dmean": 3.49136662483,
        "dmean2": 5.57530021667,
        "dvar": 15.124584198,
        "dvar2": 38.1104545593,
        "max": 32.4565582275,
        "mean": 15.755033493,
        "median": 15.5160551071,
        "min": 6.08276367188,
        "var": 23.8362007141
    },
    "melbands_flatness_db": {
        "dmean": 0.0149670401588,
        "dmean2": 0.0231051407754,
        "dvar": 0.000253300968325,
        "dvar2": 0.000662648002617,
        "max": 0.275951504707,
        "mean": 0.209629252553,
        "median": 0.221756458282,
        "min": 0.117269024253,
        "var": 0.00219359947369
    },
    "melbands_kurtosis": {
        "dmean": 1.94038486481,
        "dmean2": 3.00061511993,
        "dvar": 6.34759998322,
        "dvar2": 16.4330444336,
        "max": 25.7336368561,
        "mean": 4.91971206665,
        "median": 3.57234859467,
        "min": -1.34934020042,
        "var": 27.6811103821
    },
    "melbands_skewness": {
        "dmean": 0.382019907236,
        "dmean2": 0.563279509544,
        "dvar": 0.165290877223,
        "dvar2": 0.441474616528,
        "max": 4.43914175034,
        "mean": 1.91456627846,
        "median": 1.68040823936,
        "min": 0.473433077335,
        "var": 0.743135988712
    },
    "melbands_spread": {
        "dmean": 6.69397878647,
        "dmean2": 10.193362236,
        "dvar": 75.2690048218,
        "dvar2": 196.636901855,
        "max": 88.7227783203,
        "mean": 35.7988014221,
        "median": 27.5674381256,
        "min": 8.71737957001,
        "var": 428.653167725
    },
    "pitch_salience": {
        "dmean": 0.0484117418528,
        "dmean2": 0.0755423903465,
        "dvar": 0.00186060729902,
        "dvar2": 0.00503719691187,
        "max": 0.6722047925,
        "mean": 0.464935034513,
        "median": 0.458603560925,
        "min": 0.310500741005,
        "var": 0.00293870107271
    },
    "silence_rate_20dB": {
        "dmean": 0,
        "dmean2": 0,
        "dvar": 0,
        "dvar2": 0,
        "max": 1,
        "mean": 1,
        "median": 1,
        "min": 1,
        "var": 0
    },
    "silence_rate_30dB": {
        "dmean": 0,
        "dmean2": 0,
        "dvar": 0,
        "dvar2": 0,
        "max": 1,
        "mean": 1,
        "median": 1,
        "min": 1,
        "var": 0
    },
    "silence_rate_60dB": {
        "dmean": 0.00775193795562,
        "dmean2": 0.015625,
        "dvar": 0.00769184529781,
        "dvar2": 0.015380859375,
        "max": 1,
        "mean": 0.0153846153989,
        "median": 0,
        "min": 0,
        "var": 0.0151479290798
    },
    "spectral_centroid": {
        "dmean": 139.196258545,
        "dmean2": 229.867431641,
        "dvar": 17684.1640625,
        "dvar2": 36150.5390625,
        "max": 3511.21777344,
        "mean": 1936.46276855,
        "median": 1780.87207031,
        "min": 789.586303711,
        "var": 614605.5625
    },
    "spectral_complexity": {
        "dmean": 2.57364344597,
        "dmean2": 4.3125,
        "dvar": 3.73294878006,
        "dvar2": 9.87109375,
        "max": 29,
        "mean": 18.2384624481,
        "median": 19,
        "min": 1,
        "var": 23.1200695038
    },
    "spectral_decrease": {
        "dmean": 8.47990400121e-10,
        "dmean2": 1.153299789e-09,
        "dvar": 5.1953141153e-19,
        "dvar2": 9.55488319679e-19,
        "max": -4.07573752526e-10,
        "mean": -7.63154250905e-09,
        "median": -9.66175228712e-09,
        "min": -1.60738373722e-08,
        "var": 2.72560908745e-17
    },
    "spectral_energy": {
        "dmean": 0.00336069101468,
        "dmean2": 0.00458494341001,
        "dvar": 8.0689223978e-06,
        "dvar2": 1.47051578097e-05,
        "max": 0.0633084848523,
        "mean": 0.0307682547718,
        "median": 0.0387149564922,
        "min": 0.00171772274189,
        "var": 0.000423875462729
    },
    "spectral_energyband_high": {
        "dmean": 0.000327363901306,
        "dmean2": 0.000511071528308,
        "dvar": 1.95181257823e-07,
        "dvar2": 3.70434747765e-07,
        "max": 0.00574963307008,
        "mean": 0.000966308754869,
        "median": 0.00068278145045,
        "min": 0.000114181137178,
        "var": 7.81438757258e-07
    },
    "spectral_energyband_low": {
        "dmean": 0.00257509807125,
        "dmean2": 0.00395534560084,
        "dvar": 6.30837803328e-06,
        "dvar2": 1.14192253022e-05,
        "max": 0.0311904009432,
        "mean": 0.00783320236951,
        "median": 0.00491900555789,
        "min": 0.000613949669059,
        "var": 5.00985806866e-05
    },
    "spectral_energyband_middle_high": {
        "dmean": 0.000853640027344,
        "dmean2": 0.00131852307823,
        "dvar": 1.14468400625e-06,
        "dvar2": 3.16724822369e-06,
        "max": 0.0113131888211,
        "mean": 0.00380283989944,
        "median": 0.00325793842785,
        "min": 0.000284347159322,
        "var": 4.81680353914e-06
    },
    "spectral_energyband_middle_low": {
        "dmean": 0.00137507286854,
        "dmean2": 0.00178571825381,
        "dvar": 2.27791724683e-06,
        "dvar2": 3.44930299434e-06,
        "max": 0.0513189397752,
        "mean": 0.0187180992216,
        "median": 0.0195429176092,
        "min": 0.000155008208822,
        "var": 0.000238792345044
    },
    "spectral_entropy": {
        "dmean": 0.0518435351551,
        "dmean2": 0.078789293766,
        "dvar": 0.00283090700395,
        "dvar2": 0.00486366543919,
        "max": 8.22891902924,
        "mean": 7.45941972733,
        "median": 7.38220882416,
        "min": 7.12316465378,
        "var": 0.0468168593943
    },
    "spectral_flux": {
        "dmean": 0.00972628034651,
        "dmean2": 0.0160812120885,
        "dvar": 7.76851302362e-05,
        "dvar2": 0.000153861139552,
        "max": 0.159117013216,
        "mean": 0.0493702068925,
        "median": 0.0480596274137,
        "min": 0.0263392124325,
        "var": 0.000267921132036
    },
    "spectral_kurtosis": {
        "dmean": 0.75125002861,
        "dmean2": 1.20983457565,
        "dvar": 0.286085784435,
        "dvar2": 0.739359557629,
        "max": 12.4619483948,
        "mean": 6.84498310089,
        "median": 6.32852745056,
        "min": 3.09347820282,
        "var": 3.51297664642
    },
    "spectral_rms": {
        "dmean": 0.00032264328911,
        "dmean2": 0.000453926681075,
        "dvar": 5.59103696673e-08,
        "dvar2": 1.13794946799e-07,
        "max": 0.0078590316698,
        "mean": 0.00505368737504,
        "median": 0.00614573713392,
        "min": 0.00129453744739,
        "var": 4.47804950454e-06
    },
    "spectral_rolloff": {
        "dmean": 379.919158936,
        "dmean2": 654.912231445,
        "dvar": 239666.5625,
        "dvar2": 674859.75,
        "max": 4457.37304688,
        "mean": 1861.29711914,
        "median": 1571.92382812,
        "min": 301.46484375,
        "var": 1426854
    },
    "spectral_skewness": {
        "dmean": 0.130208447576,
        "dmean2": 0.195432841778,
        "dvar": 0.0190464444458,
        "dvar2": 0.0261899456382,
        "max": 2.94210386276,
        "mean": 1.30609714985,
        "median": 1.30831003189,
        "min": 0.678692638874,
        "var": 0.0554255656898
    },
    "spectral_spread": {
        "dmean": 157454.109375,
        "dmean2": 225810.625,
        "dvar": 228400463872,
        "dvar2": 254860853248,
        "max": 8756904,
        "mean": 3382589.5,
        "median": 3380050,
        "min": 2858976,
        "var": 274527911936
    },
    "spectral_strongpeak": {
        "dmean": 0.447310507298,
        "dmean2": 0.811107933521,
        "dvar": 0.842857539654,
        "dvar2": 2.00078845024,
        "max": 4.43645381927,
        "mean": 1.69075345993,
        "median": 1.18782997131,
        "min": 0,
        "var": 2.26050662994
    },
    "zerocrossingrate": {
        "dmean": 0.00814180634916,
        "dmean2": 0.0116195678711,
        "dvar": 9.81181583484e-05,
        "dvar2": 0.000220240443014,
        "max": 0.13330078125,
        "mean": 0.0680175796151,
        "median": 0.059326171875,
        "min": 0.015625,
        "var": 0.000854949350469
    },
    "barkbands": {
        "dmean": [0.000531593046617, 0.00187225069385, 0.00065584044205, 0.00085359707009, 0.00117645249702, 5.16044456162e-05, 8.05822346592e-05, 0.000561175809707, 0.000685852428433, 3.11313888233e-05, 2.52149056905e-05, 4.1107643483e-05, 0.000186309684068, 0.000434633053374, 2.23837159865e-05, 2.03951785807e-05, 0.000168843471329, 0.000435976107838, 8.97234713193e-05, 7.22370459698e-05, 0.000305549328914, 2.9699319839e-06, 2.02711430575e-06, 7.62268598464e-07, 1.14046201816e-06, 1.00157296856e-06, 4.50833113064e-06],
        "dmean2": [0.000771111284848, 0.00305828498676, 0.000869511743076, 0.00103210785892, 0.00141057919245, 7.98796390882e-05, 0.000141068259836, 0.0010336174164, 0.00050878879847, 4.74639709864e-05, 3.69724548364e-05, 5.94383018324e-05, 0.000243673101068, 0.000691410037689, 3.7646117562e-05, 3.20008621202e-05, 0.00024107612262, 0.000724182871636, 0.00014975319209, 0.000120181546663, 0.000477107445477, 5.02541615788e-06, 3.38748873219e-06, 1.18920092973e-06, 1.74787533069e-06, 1.69813836237e-06, 7.53451877245e-06],
        "dvar": [1.880240319e-07, 2.64005916506e-06, 1.38818381856e-06, 9.46245393152e-07, 2.00235444936e-06, 4.29172564154e-09, 9.05586894362e-09, 5.96454185597e-07, 4.70774466521e-07, 1.15630793829e-09, 5.94763238659e-10, 1.8298009774e-09, 5.31805888215e-08, 3.41999225384e-07, 4.6772036244e-10, 4.61945093289e-10, 2.67798494491e-08, 5.70470717776e-07, 6.45268771748e-09, 5.56235368876e-09, 1.82511357139e-07, 5.45642350747e-12, 2.87833862647e-12, 1.29690095468e-12, 2.29939678409e-12, 9.13120273838e-13, 1.25111535715e-11],
        "dvar2": [4.16727630181e-07, 6.76681565892e-06, 1.69217946677e-06, 1.25429448872e-06, 2.58674685938e-06, 7.12657888258e-09, 2.42921665006e-08, 1.8851042114e-06, 3.31882858973e-07, 2.04159378292e-09, 1.12470588398e-09, 3.25681925872e-09, 7.22458040059e-08, 7.79555421104e-07, 1.16628950941e-09, 1.1535252753e-09, 7.22308186596e-08, 1.83196607395e-06, 1.59025450586e-08, 1.31031638873e-08, 3.62349084071e-07, 1.24819590427e-11, 8.44453933863e-12, 1.63146330213e-12, 3.91252048121e-12, 1.93500120441e-12, 3.45119419154e-11],
        "max": [0.00699629820883, 0.0150485048071, 0.0127880889922, 0.0198941230774, 0.0195492468774, 0.000875572033692, 0.000564351270441, 0.00513165723532, 0.0208075400442, 0.00033044142765, 0.000308205024339, 0.000506082549691, 0.00323639158159, 0.00460227625445, 0.000224074610742, 0.000252496916801, 0.00162134552374, 0.00576223945245, 0.000937804405112, 0.000788795645349, 0.00530287902802, 3.10209361487e-05, 1.79440321517e-05, 1.57302929438e-05, 1.58373477461e-05, 1.23812724269e-05, 5.36648803973e-05],
        "mean": [0.00188970193267, 0.00371045363136, 0.00167089339811, 0.00498587125912, 0.00505835330114, 0.000227838172577, 0.000101949583041, 0.000801395159215, 0.00752385845408, 6.94015616318e-05, 6.48337518214e-05, 0.000152273947606, 0.000630353635643, 0.00100007932633, 5.94338707742e-05, 8.06131065474e-05, 0.000499540416058, 0.000746849749703, 0.000369063782273, 0.000291817617835, 0.000732587184757, 1.52888314915e-05, 9.04734224605e-06, 3.58072952622e-06, 4.34281082562e-06, 5.58536703466e-06, 4.10046668549e-05],
        "median": [0.00116065854672, 0.00275242235512, 0.000591106014326, 0.00217868410982, 0.00253671593964, 0.000159568851814, 5.45907896594e-05, 0.000335079850629, 0.00513207865879, 5.56078593945e-05, 4.48132996098e-05, 0.000120127653645, 0.000237937754719, 0.000744825229049, 5.47431882296e-05, 6.66812557029e-05, 0.000376179232262, 0.000475863460451, 0.00036112772068, 0.000267161754891, 0.000417917617597, 1.49929419422e-05, 8.88857084647e-06, 3.1569852581e-06, 3.56259101864e-06, 5.50685672351e-06, 4.06187755289e-05],
        "min": [3.03851102217e-05, 0.000296428304864, 1.96693854377e-05, 9.11109964363e-06, 1.42842418427e-05, 5.18290244145e-06, 1.46699801462e-06, 1.84181844816e-05, 2.36574360315e-05, 1.15417651614e-05, 5.13294344273e-06, 8.35986429593e-06, 1.3908161236e-05, 1.44885625559e-05, 1.0975265468e-05, 9.25665699469e-06, 2.14236933971e-05, 3.23261665471e-05, 9.76950977929e-05, 7.01039898559e-05, 5.20170178788e-05, 8.6500258476e-06, 5.30438046553e-06, 1.85313217571e-06, 1.95119082491e-06, 2.69794736596e-06, 2.05334326893e-05],
        "var": [2.65192466031e-06, 9.71860572463e-06, 6.05811510468e-06, 3.21307052218e-05, 3.07311347569e-05, 4.6202977444e-08, 1.4263486392e-08, 1.00872011899e-06, 5.37160303793e-05, 2.53390042282e-09, 3.32220873034e-09, 1.39467255522e-08, 5.14124792517e-07, 8.57611723859e-07, 8.02802213595e-10, 1.52403067943e-09, 1.46164452985e-07, 8.03832563179e-07, 1.04323190087e-08, 1.01485575499e-08, 6.79537834003e-07, 1.17847944944e-11, 4.25053178418e-12, 2.53747717283e-12, 6.36301645054e-12, 1.20749276463e-12, 1.93319683178e-11]
    },
    "erbbands": {
        "dmean": [0.12353362143, 0.159097656608, 0.607721686363, 1.57081305981, 3.79154872894, 2.79558134079, 1.10200297832, 0.457039147615, 0.390826791525, 9.24293136597, 5.37939691544, 20.9788990021, 3.35387730598, 1.0539213419, 1.58852529526, 1.7513667345, 10.2748804092, 19.6176567078, 6.66019439697, 1.36309599876, 1.92491519451, 13.1784877777, 19.5672264099, 4.26291894913, 3.1066608429, 3.47485280037, 19.6751155853, 1.53890216351, 0.128061771393, 0.0971372574568, 0.052356287837, 0.0178449936211, 0.0178635213524, 0.01685657911, 0.00496962619945, 0.00298242270947, 0.00253490335308, 0.00162435206585, 0.000797051470727, 9.5863637398e-05],
        "dmean2": [0.198813349009, 0.266922920942, 0.87237405777, 1.9348641634, 5.25295686722, 3.05604076385, 1.34573912621, 0.752632200718, 0.682101070881, 16.6796627045, 9.92611217499, 14.7700166702, 3.31075239182, 1.49888861179, 2.24214982986, 2.20345520973, 13.19090271, 31.8722724915, 9.99047660828, 2.32988119125, 2.95171761513, 19.7269039154, 32.2909698486, 7.48846769333, 5.04020595551, 5.55003261566, 30.5880374908, 2.30635380745, 0.204287827015, 0.16596159339, 0.0886245444417, 0.0283463094383, 0.0263558998704, 0.0256119240075, 0.00807762611657, 0.00481708860025, 0.00411972589791, 0.0027606417425, 0.00141445035115, 0.000162194890436],
        "dvar": [0.0111543908715, 0.0195061452687, 1.03931999207, 3.59787321091, 23.5203742981, 10.9584436417, 1.23485004902, 0.42940312624, 0.201497584581, 172.056869507, 50.1907463074, 434.759765625, 12.3427619934, 1.79045033455, 2.26430726051, 3.82944345474, 164.88949585, 743.749023438, 73.6978607178, 1.60236299038, 3.34438514709, 290.722839355, 1142.48681641, 19.8374958038, 7.9357676506, 13.0678138733, 749.305664062, 3.77639889717, 0.00944353360683, 0.00611140392721, 0.00170871778391, 0.000484508549562, 0.00057491887128, 0.00051599717699, 4.16916736867e-05, 1.05406907096e-05, 4.1425123527e-06, 1.3153224927e-06, 2.85895367824e-07, 5.94810867227e-09],
        "dvar2": [0.0273258835077, 0.0526861362159, 1.48361861706, 4.45014476776, 35.3065338135, 13.9415235519, 1.88562989235, 0.986296713352, 0.490090698004, 502.886016846, 162.56300354, 281.058807373, 11.7801113129, 3.65769934654, 4.56858825684, 5.79364156723, 210.096847534, 1636.92590332, 173.004165649, 3.48120379448, 7.74038124084, 865.809814453, 3623.06298828, 60.1978034973, 16.0648899078, 24.4003505707, 1469.41821289, 6.1203956604, 0.0233288109303, 0.0154793467373, 0.00460287928581, 0.000766689365264, 0.000786848540884, 0.000930002424866, 6.23568630544e-05, 1.77476558747e-05, 9.72072484728e-06, 3.63776734957e-06, 7.97178870471e-07, 1.68870979422e-08],
        "max": [1.00720202923, 1.29082930088, 11.7421569824, 26.2143497467, 114.082092285, 30.9362697601, 14.6838264465, 7.59950637817, 3.91919255257, 82.4715270996, 57.6494941711, 647.411987305, 95.1844787598, 16.1627883911, 21.367641449, 31.3850002289, 179.247955322, 212.172348022, 84.0623779297, 13.2434577942, 23.7257328033, 173.880172729, 259.830474854, 42.9330673218, 30.2218742371, 51.1369628906, 341.217590332, 26.5136356354, 1.48900353909, 0.80999225378, 0.546735286713, 0.318423062563, 0.278716444969, 0.24257157743, 0.0887636169791, 0.0489857234061, 0.0238251145929, 0.0144104612991, 0.00664521381259, 0.00116615055595],
        "mean": [0.241730779409, 0.339773237705, 1.79836213589, 7.16002750397, 29.8938560486, 7.6064414978, 3.55132055283, 1.42452538013, 0.908845186234, 12.695939064, 18.5018615723, 233.620178223, 34.6711883545, 3.35739636421, 4.22792768478, 8.26879501343, 34.6285820007, 46.2160301208, 17.6689853668, 4.4717912674, 8.26859378815, 37.7452735901, 35.2385597229, 16.0679931641, 14.90528965, 16.3826885223, 47.8720741272, 5.29740571976, 0.721198320389, 0.42424595356, 0.22120821476, 0.0785352811217, 0.0719666555524, 0.0547513142228, 0.02317613177, 0.014291622676, 0.0113280350342, 0.00897165667266, 0.0046287891455, 0.000820639193989],
        "median": [0.178324073553, 0.23339754343, 0.761116564274, 5.60655975342, 10.9433755875, 5.31821346283, 1.89898443222, 0.990087628365, 0.658333003521, 6.02556467056, 20.3881645203, 158.35647583, 25.2363967896, 2.76931405067, 3.24203395844, 5.95186805725, 12.9624223709, 34.0347671509, 13.1956348419, 4.10319566727, 6.68511676788, 28.119644165, 23.0825691223, 15.2207508087, 14.6608428955, 14.5883102417, 26.9144020081, 3.74932575226, 0.678113460541, 0.411731541157, 0.218720763922, 0.0727391093969, 0.0598758757114, 0.0427067801356, 0.0220135562122, 0.0140658803284, 0.0112042762339, 0.00895352102816, 0.00463935174048, 0.000808055629022],
        "min": [0.00566933769733, 0.00910348631442, 0.0353674255311, 0.0245121028274, 0.0884590744972, 0.0274224095047, 0.0291258823127, 0.0390980318189, 0.0537095405161, 0.424575269222, 0.494068652391, 0.630492329597, 0.455001890659, 0.293958842754, 0.289923340082, 0.672814846039, 0.751608788967, 0.540852129459, 0.751573979855, 0.713795959949, 0.552464604378, 1.3086335659, 1.47107863426, 4.27757310867, 4.18980741501, 3.20725274086, 3.22020721436, 0.837005615234, 0.365153878927, 0.208325669169, 0.128370910883, 0.0451990813017, 0.0348186902702, 0.0234245955944, 0.0140821300447, 0.00689373584464, 0.00531811779365, 0.00397659931332, 0.00266609271057, 0.000397424213588],
        "var": [0.0426715500653, 0.0857707113028, 5.55948400497, 49.3198318481, 1208.03479004, 65.0960540771, 13.5584478378, 2.68937849998, 0.621559143066, 255.73815918, 190.186965942, 51717.3554688, 1050.34851074, 8.7898683548, 13.2874317169, 52.8842506409, 1538.22912598, 1788.68286133, 226.281600952, 3.34098863602, 24.4748935699, 940.88861084, 1698.56420898, 23.3449363708, 14.4137153625, 47.0415420532, 2809.72827148, 19.1322345734, 0.0424863062799, 0.0100575760007, 0.00280157243833, 0.000807917967904, 0.00142064096872, 0.00146795646288, 5.0886777899e-05, 1.52120492203e-05, 6.52270273349e-06, 2.4022378966e-06, 4.37268170117e-07, 1.03523820627e-08]
    },
    "gfcc": {
        "mean": [7.66243076324, 81.1649475098, -117.252960205, 27.9819755554, -16.5330562592, -16.4433174133, 4.15173578262, 4.81949138641, -17.4455318451, 0.424409836531, -21.380771637, -23.6467247009, -15.3667573929],
        "cov": [[1075.63342285, 780.455749512, 41.5302505493, -90.5114364624, -107.190475464, -41.6569252014, -59.4101905823, -114.575149536, -150.583496094, -120.72644043, -196.600082397, -218.738998413, -43.2427635193], [780.455749512, 647.613342285, 103.079208374, -68.5083618164, -81.3578186035, -33.654586792, -49.7551307678, -100.861930847, -115.184196472, -90.6420898438, -144.30696106, -172.117614746, -51.46875], [41.5302505493, 103.079208374, 104.744049072, 18.8001022339, -1.83308744431, 5.82757997513, -13.7365875244, -32.2333374023, -17.1965351105, 7.07657432556, 3.00035095215, -14.7093420029, -12.8595762253], [-90.5114364624, -68.5083618164, 18.8001022339, 55.9462585449, 41.7071723938, 13.5635080338, -6.32499694824, -8.20581626892, 10.4948740005, 31.5226573944, 33.8213691711, 27.9343166351, 10.5124959946], [-107.190475464, -81.3578186035, -1.83308744431, 41.7071723938, 60.5643997192, 22.3419952393, 0.921433448792, 3.13000965118, 16.2836151123, 24.5197887421, 29.9732570648, 31.3757553101, 4.86184930801], [-41.6569252014, -33.654586792, 5.82757997513, 13.5635080338, 22.3419952393, 39.9384078979, 34.4725952148, 12.9322052002, 5.22081661224, 16.4144744873, 8.19455528259, 2.73522138596, 9.10031414032], [-59.4101905823, -49.7551307678, -13.7365875244, -6.32499694824, 0.921433448792, 34.4725952148, 75.8077392578, 51.2176895142, 17.0788116455, 3.4586596489, -3.9434595108, 0.0859000012279, 13.4425897598], [-114.575149536, -100.861930847, -32.2333374023, -8.20581626892, 3.13000965118, 12.9322052002, 51.2176895142, 85.0569763184, 43.7680511475, -11.5249328613, 5.68838405609, 29.9869022369, 17.0003986359], [-150.583496094, -115.184196472, -17.1965351105, 10.4948740005, 16.2836151123, 5.22081661224, 17.0788116455, 43.7680511475, 50.7164459229, 22.5462017059, 28.9491939545, 35.5599975586, 6.57389259338], [-120.72644043, -90.6420898438, 7.07657432556, 31.5226573944, 24.5197887421, 16.4144744873, 3.4586596489, -11.5249328613, 22.5462017059, 64.9704971313, 45.8191604614, 21.6438522339, 3.99320292473], [-196.600082397, -144.30696106, 3.00035095215, 33.8213691711, 29.9732570648, 8.19455528259, -3.9434595108, 5.68838405609, 28.9491939545, 45.8191604614, 65.3537445068, 57.0111274719, 7.49271678925], [-218.738998413, -172.117614746, -14.7093420029, 27.9343166351, 31.3757553101, 2.73522138596, 0.0859000012279, 29.9869022369, 35.5599975586, 21.6438522339, 57.0111274719, 76.6183624268, 17.8393592834], [-43.2427635193, -51.46875, -12.8595762253, 10.5124959946, 4.86184930801, 9.10031414032, 13.4425897598, 17.0003986359, 6.57389259338, 3.99320292473, 7.49271678925, 17.8393592834, 30.2836856842]],
        "icov": [[0.0403896383941, -0.0569470562041, 0.048287358135, -0.0362824425101, 0.0334493666887, -0.0324816890061, 0.024239204824, -0.0197255034, 0.0240431427956, -0.0199390128255, 0.0229884963483, -0.0178076475859, 0.00090495927725], [-0.0569470562041, 0.087377615273, -0.0740617141128, 0.0545506998897, -0.0498519092798, 0.0486528500915, -0.0316268131137, 0.0266931597143, -0.0293747205287, 0.0291935242712, -0.0280208848417, 0.0344794914126, -0.00161269784439], [0.048287358135, -0.0740617141128, 0.0779615566134, -0.0603419579566, 0.0545172020793, -0.0522780045867, 0.0289251618087, -0.0187427010387, 0.0231372267008, -0.0182804148644, 0.0192342009395, -0.0269907470793, 0.0102987866849], [-0.0362824425101, 0.0545506998897, -0.0603419579566, 0.100746199489, -0.076491817832, 0.0490557812154, -0.0219114534557, 0.0173813290894, -0.0146759767085, 0.00774814467877, -0.0336285941303, 0.0299120228738, -0.0293207466602], [0.0334493666887, -0.0498519092798, 0.0545172020793, -0.076491817832, 0.0966254398227, -0.0747079774737, 0.0331919193268, -0.01149299182, 0.00878530368209, -0.0148295080289, 0.0396200232208, -0.0467423126101, 0.0291760470718], [-0.0324816890061, 0.0486528500915, -0.0522780045867, 0.0490557812154, -0.0747079774737, 0.118276588619, -0.0588630959392, 0.0146834068, -0.00319702271372, 0.00648350687698, -0.0334178097546, 0.0393586903811, -0.0236619599164], [0.024239204824, -0.0316268131137, 0.0289251618087, -0.0219114534557, 0.0331919193268, -0.0588630959392, 0.0725303515792, -0.0564659200609, 0.0379929356277, -0.0328337103128, 0.0262361932546, -0.00715113896877, 0.00641515804455], [-0.0197255034, 0.0266931597143, -0.0187427010387, 0.0173813290894, -0.01149299182, 0.0146834068, -0.0564659200609, 0.102355033159, -0.0892125442624, 0.0610250011086, -0.0182703603059, -0.00073391298065, -0.0154824312776], [0.0240431427956, -0.0293747205287, 0.0231372267008, -0.0146759767085, 0.00878530368209, -0.00319702271372, 0.0379929356277, -0.0892125442624, 0.123509518802, -0.0737673565745, 0.0365746878088, -0.0246300883591, 0.0204699411988], [-0.0199390128255, 0.0291935242712, -0.0182804148644, 0.00774814467877, -0.0148295080289, 0.00648350687698, -0.0328337103128, 0.0610250011086, -0.0737673565745, 0.108152642846, -0.0985449776053, 0.0663340389729, -0.0215000547469], [0.0229884963483, -0.0280208848417, 0.0192342009395, -0.0336285941303, 0.0396200232208, -0.0334178097546, 0.0262361932546, -0.0182703603059, 0.0365746878088, -0.0985449776053, 0.188089609146, -0.127968251705, 0.0412366837263], [-0.0178076475859, 0.0344794914126, -0.0269907470793, 0.0299120228738, -0.0467423126101, 0.0393586903811, -0.00715113896877, -0.00073391298065, -0.0246300883591, 0.0663340389729, -0.127968251705, 0.13963021338, -0.0434010699391], [0.00090495927725, -0.00161269784439, 0.0102987866849, -0.0293207466602, 0.0291760470718, -0.0236619599164, 0.00641515804455, -0.0154824312776, 0.0204699411988, -0.0215000547469, 0.0412366837263, -0.0434010699391, 0.0681493654847]]
    },
    "melbands": {
        "dmean": [0.000757317175157, 0.000239966189838, 0.000312229210977, 0.000264730799245, 4.77735920867e-05, 9.62120611803e-06, 6.08603568253e-06, 0.000120135591715, 3.307238876e-05, 0.000136953094625, 1.20483418868e-05, 4.37447579316e-06, 4.20402375312e-06, 4.57586656921e-06, 1.23472818814e-05, 1.81713821803e-05, 4.53901520814e-05, 1.62718952197e-05, 1.93464552467e-06, 1.48688684476e-06, 2.8651638786e-06, 9.50102457864e-06, 4.25867692684e-05, 2.14238616536e-06, 3.90967898056e-06, 3.81414952244e-06, 1.89561865227e-06, 2.27898772209e-06, 1.60731160577e-05, 4.00206636186e-06, 2.01879430506e-07, 8.19871104341e-08, 6.83454075556e-08, 5.83517696384e-08, 3.95758306126e-08, 1.93910523194e-08, 1.0576295395e-08, 9.26526055878e-09, 2.7081338061e-08, 1.02695754123e-08],
        "dmean2": [0.00122497661505, 0.000350995338522, 0.000399382028263, 0.000329650123604, 5.76073834964e-05, 1.53984856297e-05, 1.03860138552e-05, 0.000220558475121, 6.10895076534e-05, 9.80344411801e-05, 1.46881056935e-05, 6.32814453638e-06, 6.10460483585e-06, 6.5906533564e-06, 1.6532598238e-05, 2.49424720096e-05, 7.37904847483e-05, 2.41028192249e-05, 3.19367768498e-06, 2.51025471698e-06, 4.30709587818e-06, 1.4694204765e-05, 6.92933244864e-05, 3.81313134312e-06, 6.87370902597e-06, 6.27929102848e-06, 3.00040278489e-06, 3.71951205125e-06, 2.51190649578e-05, 5.9215994952e-06, 3.29479036054e-07, 1.3961771117e-07, 1.15942462742e-07, 1.0157413044e-07, 6.74035405268e-08, 3.37111316639e-08, 1.67844156351e-08, 1.47300367459e-08, 4.14292848916e-08, 1.68626463903e-08],
        "dvar": [4.28931684837e-07, 1.31105409196e-07, 1.18658967097e-07, 1.03206254209e-07, 2.56322008063e-09, 1.76207465286e-10, 4.27634525013e-11, 2.89272001908e-08, 1.83767390194e-09, 1.87528517159e-08, 1.71627961842e-10, 3.0775486326e-11, 1.65004728631e-11, 2.16088518606e-11, 2.13785295022e-10, 4.83332707191e-10, 4.0047933858e-09, 4.36196911924e-10, 4.05793280922e-12, 2.2699054008e-12, 6.6929829734e-12, 9.97953525372e-11, 5.09828890216e-09, 1.09067260431e-11, 1.80450879933e-11, 9.91081609142e-12, 1.83252436663e-12, 4.50582583397e-12, 4.87005602512e-10, 2.99593856667e-11, 2.71868167085e-14, 4.16684263523e-15, 2.93746854471e-15, 2.4536733949e-15, 1.00878617051e-15, 3.05335789848e-16, 1.6764427123e-16, 1.97750125046e-16, 1.58498350925e-15, 1.4471358057e-16],
        "dvar2": [1.0511957953e-06, 1.89575260379e-07, 1.74569720457e-07, 1.39132950494e-07, 3.34250427336e-09, 3.88106324856e-10, 1.03784494887e-10, 8.64323510541e-08, 6.1476401747e-09, 1.24102994548e-08, 2.13496664792e-10, 6.26020901784e-11, 3.48835300923e-11, 3.74121393587e-11, 2.52974696746e-10, 7.01479263565e-10, 8.88168205648e-09, 1.01434050048e-09, 1.00085087787e-11, 4.91325122948e-12, 1.59138709155e-11, 2.31549057705e-10, 1.56544874841e-08, 3.91828999802e-11, 5.60727332621e-11, 2.33662204169e-11, 4.16306572548e-12, 9.28200051542e-12, 1.09069864251e-09, 4.69091952782e-11, 6.70677570555e-14, 1.09834796152e-14, 6.92546292598e-15, 6.29675145033e-15, 2.79658938964e-15, 5.90692719449e-16, 2.64307260889e-16, 2.40882776491e-16, 2.77048849289e-15, 2.67594172241e-16],
        "max": [0.00647050561383, 0.00440779142082, 0.0085032209754, 0.00511183356866, 0.00053109426517, 0.000160663475981, 5.46956143808e-05, 0.00109184102621, 0.000368277251255, 0.00419450178742, 0.000244811730227, 5.55211554456e-05, 5.55833212275e-05, 5.6178894738e-05, 0.00021931817173, 0.000301766296616, 0.000471418170491, 0.000206543787499, 2.15073559957e-05, 1.44944169733e-05, 3.40532933478e-05, 0.000131018270622, 0.000531185709406, 2.65416383627e-05, 3.84532831958e-05, 3.18071470247e-05, 1.433808211e-05, 2.24406903726e-05, 0.000262255140115, 7.063610974e-05, 2.09369841286e-06, 6.9456274332e-07, 5.98768224336e-07, 3.85704794326e-07, 3.40151729006e-07, 2.26112561563e-07, 1.74751107807e-07, 2.00381563786e-07, 4.20357793018e-07, 1.16325153954e-07],
        "mean": [0.00158770778216, 0.000700041360687, 0.00230025849305, 0.00135625479743, 0.000132088403916, 3.16397927236e-05, 1.26640425151e-05, 0.00016660169058, 0.00012400567357, 0.00151420652401, 8.65296824486e-05, 9.21029823076e-06, 1.0762412785e-05, 1.61589923664e-05, 4.38086135546e-05, 6.10453134868e-05, 0.000100804900285, 3.87389518437e-05, 4.83930352857e-06, 5.26233316123e-06, 1.05933113446e-05, 3.12102820317e-05, 7.15140849934e-05, 5.73453780817e-06, 1.33220164571e-05, 1.43914858199e-05, 8.33235753817e-06, 8.83889697434e-06, 3.62286664313e-05, 1.10016735562e-05, 7.94593347564e-07, 3.42013549925e-07, 2.67756576022e-07, 2.19575397864e-07, 1.48015601553e-07, 6.61618315689e-08, 3.85913452305e-08, 4.05309457108e-08, 7.1999934903e-08, 3.60382976794e-08],
        "median": [0.00115234695841, 0.000280461157672, 0.00127637060359, 0.000706310383976, 7.480916247e-05, 2.20242036448e-05, 9.30532769416e-06, 7.2247319622e-05, 0.000140373391332, 0.00103071331978, 6.54840987409e-05, 5.82992106501e-06, 7.71537634137e-06, 1.41183018059e-05, 1.84936634469e-05, 2.45671781158e-05, 7.07574072294e-05, 2.96125945169e-05, 4.24879908678e-06, 4.59332022729e-06, 8.4858838818e-06, 2.23911047215e-05, 4.21367512899e-05, 4.8142619562e-06, 1.25790502352e-05, 1.38392351801e-05, 8.11871268525e-06, 7.98294240667e-06, 2.17264860112e-05, 6.77403932059e-06, 7.34427771931e-07, 3.32719309881e-07, 2.56077441918e-07, 2.12077850392e-07, 1.44248261336e-07, 6.44208597578e-08, 3.42732491276e-08, 3.7648668183e-08, 4.75042725157e-08, 3.12590771046e-08],
        "min": [0.000105845116195, 1.7878746803e-05, 9.95678237814e-06, 4.24004429078e-06, 9.40092490964e-07, 9.92075911199e-07, 4.25374167889e-07, 4.23542178396e-06, 3.23620042764e-06, 3.98028350901e-06, 2.20494689529e-06, 1.18753462175e-06, 8.90042372248e-07, 8.57236329921e-07, 1.25516999105e-06, 1.03260902051e-06, 1.05375420389e-06, 1.38778329983e-06, 8.10045094113e-07, 7.78525588885e-07, 6.77087655276e-07, 1.43632348681e-06, 1.33612877562e-06, 1.41772477491e-06, 3.77480864699e-06, 3.46699357578e-06, 3.05132334688e-06, 1.74684191734e-06, 1.98830025511e-06, 1.43405850395e-06, 2.20919133653e-07, 1.67404920148e-07, 1.50254976461e-07, 9.46127940438e-08, 8.02095101449e-08, 2.97403364158e-08, 1.82962818229e-08, 2.09270822893e-08, 1.65653499806e-08, 1.82528872017e-08],
        "var": [1.78234802206e-06, 8.01118289928e-07, 6.09455355516e-06, 2.18087757275e-06, 1.84492598976e-08, 1.1584704307e-09, 1.25376056759e-10, 4.49973533989e-08, 8.25590351639e-09, 2.17890715248e-06, 6.07608630077e-09, 9.30685875589e-11, 9.12621714311e-11, 1.31446242779e-10, 2.41906095155e-09, 4.43778835901e-09, 9.17490705632e-09, 1.29126320747e-09, 6.93731096874e-12, 6.78824054259e-12, 4.55527872367e-11, 7.31239402363e-10, 7.91676146861e-09, 1.33819734807e-11, 1.79363624647e-11, 1.75529937807e-11, 4.00514083704e-12, 1.06629479552e-11, 1.63245927887e-09, 1.27866980892e-10, 8.59185295067e-14, 8.82793577145e-15, 4.84398025502e-15, 3.40899738688e-15, 1.51089629021e-15, 4.68509381478e-16, 3.14881559996e-16, 3.0347882893e-16, 4.66298159617e-15, 3.47420568893e-16]
    },
    "mfcc": {
        "mean": [-649.698059082, 129.65953064, -33.507774353, 53.6614227295, -2.61694145203, 6.65233135223, 20.1222038269, -0.278147816658, 11.651342392, 16.0335350037, 10.4810342789, 7.43642377853, -19.0902118683],
        "cov": [[974.241333008, 640.633666992, 122.206443787, -35.3010520935, -28.3315944672, -20.6186237335, 10.7290058136, -131.384399414, 15.4056921005, -71.911315918, -17.9498291016, -8.63808441162, -269.837158203], [640.633666992, 518.745727539, 145.147079468, -7.61759185791, -18.9098510742, 1.34074699879, -0.602545082569, -96.2278366089, -19.5044441223, -27.5331726074, -3.96001529694, -31.5241718292, -183.256591797], [122.206443787, 145.147079468, 99.9745254517, 15.9474363327, -2.01017594337, 14.6307535172, 2.27831220627, -36.2337303162, -21.9805145264, 3.83035349846, 3.4620320797, -19.2572250366, -28.4044246674], [-35.3010520935, -7.61759185791, 15.9474363327, 37.0845680237, 28.0306663513, 15.66472435, -5.39704561234, -7.33636617661, -13.0794296265, -2.25139737129, 1.50561380386, 7.10594797134, 20.9819049835], [-28.3315944672, -18.9098510742, -2.01017594337, 28.0306663513, 53.5439796448, 23.1878051758, -7.96712732315, -10.8154029846, -15.6936244965, -13.1297121048, -2.8771314621, 13.2754869461, 20.3640193939], [-20.6186237335, 1.34074699879, 14.6307535172, 15.66472435, 23.1878051758, 55.2830810547, 23.6587181091, -25.9471969604, -15.2891750336, 6.04420375824, 10.7409696579, 7.66398000717, 13.8733921051], [10.7290058136, -0.602545082569, 2.27831220627, -5.39704561234, -7.96712732315, 23.6587181091, 50.9240875244, 1.48487699032, 18.7735214233, 7.03963041306, 6.66245222092, 3.27207660675, -8.54714488983], [-131.384399414, -96.2278366089, -36.2337303162, -7.33636617661, -10.8154029846, -25.9471969604, 1.48487699032, 81.9016189575, 29.9757156372, 21.5014305115, -1.02977585793, -12.3417367935, 21.8359966278], [15.4056921005, -19.5044441223, -21.9805145264, -13.0794296265, -15.6936244965, -15.2891750336, 18.7735214233, 29.9757156372, 52.136302948, 18.0017127991, 4.42057132721, -4.40690374374, -20.6725273132], [-71.911315918, -27.5331726074, 3.83035349846, -2.25139737129, -13.1297121048, 6.04420375824, 7.03963041306, 21.5014305115, 18.0017127991, 52.6227226257, 22.0026569366, -20.7809867859, 3.61870145798], [-17.9498291016, -3.96001529694, 3.4620320797, 1.50561380386, -2.8771314621, 10.7409696579, 6.66245222092, -1.02977585793, 4.42057132721, 22.0026569366, 34.8369407654, 7.72242164612, 0.196254640818], [-8.63808441162, -31.5241718292, -19.2572250366, 7.10594797134, 13.2754869461, 7.66398000717, 3.27207660675, -12.3417367935, -4.40690374374, -20.7809867859, 7.72242164612, 48.3379554749, 27.4317474365], [-269.837158203, -183.256591797, -28.4044246674, 20.9819049835, 20.3640193939, 13.8733921051, -8.54714488983, 21.8359966278, -20.6725273132, 3.61870145798, 0.196254640818, 27.4317474365, 113.048301697]],
