{
"lowlevel": {
    "average_loudness": 0.963287234306,
    "barkbands_crest": {
        "dmean": 1.05796730518,
        "dmean2": 1.37252414227,
        "dvar": 0.850971519947,
        "dvar2": 1.31634032726,
        "max": 17.7793426514,
        "mean": 13.9944658279,
        "median": 14.2229366302,
        "min": 6.65803194046,
        "var": 6.64613771439
    },
    "barkbands_flatness_db": {
        "dmean": 0.0271736513823,
        "dmean2": 0.0462410412729,
        "dvar": 0.000476571061881,
        "dvar2": 0.00118692032993,
        "max": 0.27197945118,
        "mean": 0.216931477189,
        "median": 0.217767745256,
        "min": 0.131905034184,
        "var": 0.000877191603649
    },
    "barkbands_kurtosis": {
        "dmean": 3.22351694107,
        "dmean2": 5.32483386993,
        "dvar": 12.3379602432,
        "dvar2": 34.8788299561,
        "max": 33.999671936,
        "mean": 11.6633586884,
        "median": 10.7115325928,
        "min": 2.94662714005,
        "var": 30.0773620605
    },
    "barkbands_skewness": {
        "dmean": 0.32237932086,
        "dmean2": 0.530733942986,
        "dvar": 0.0829998552799,
        "dvar2": 0.221284583211,
        "max": 5.33090496063,
        "mean": 3.15356445312,
        "median": 3.06755280495,
        "min": 2.02198171616,
        "var": 0.356826931238
    },
    "barkbands_spread": {
        "dmean": 3.17708492279,
        "dmean2": 5.3898806572,
        "dvar": 9.07354545593,
        "dvar2": 26.0691432953,
        "max": 24.4744720459,
        "mean": 9.39089298248,
        "median": 8.59076023102,
        "min": 3.25322723389,
        "var": 13.2626819611
    },
    "dissonance": {
        "dmean": 0.0209896620363,
        "dmean2": 0.034805867821,
        "dvar": 0.000448161415989,
        "dvar2": 0.00103245908394,
        "max": 0.49777457118,
        "mean": 0.46839377284,
        "median": 0.47452506423,
        "min": 0.286078840494,
        "var": 0.000709434913006
    },
    "dynamic_complexity": 2.22931885719,
    "erbbands_crest": {
        "dmean": 2.24057888985,
        "dmean2": 3.67291140556,
        "dvar": 4.11330318451,
        "dvar2": 10.445318222,
        "max": 22.5207843781,
        "mean": 12.3013086319,
        "median": 12.1091442108,
        "min": 3.50640749931,
        "var": 26.6826095581
    },
    "erbbands_flatness_db": {
        "dmean": 0.014049728401,
        "dmean2": 0.0233762003481,
        "dvar": 0.000152587672346,
        "dvar2": 0.000312480697175,
        "max": 0.224600821733,
        "mean": 0.179824769497,
        "median": 0.176887452602,
        "min": 0.0809923559427,
        "var": 0.000483768875711
    },
    "erbbands_kurtosis": {
        "dmean": 0.337578475475,
        "dmean2": 0.558300614357,
        "dvar": 0.113397568464,
        "dvar2": 0.250900119543,
        "max": 1.22894477844,
        "mean": -0.790601789951,
        "median": -0.991182088852,
        "min": -1.48675358295,
        "var": 0.379549175501
    },
    "erbbands_skewness": {
        "dmean": 0.23433624208,
        "dmean2": 0.382276058197,
        "dvar": 0.0444447845221,
        "dvar2": 0.118601858616,
        "max": 0.769370317459,
        "mean": -0.0501769073308,
        "median": -0.0493445470929,
        "min": -1.15182209015,
        "var": 0.186718955636
    },
    "erbbands_spread": {
        "dmean": 8.16047859192,
        "dmean2": 13.7057514191,
        "dvar": 54.0973968506,
        "dvar2": 127.91192627,
        "max": 78.1802368164,
        "mean": 49.0925483704,
        "median": 47.7636833191,
        "min": 25.7566299438,
        "var": 155.499954224
    },
    "hfc": {
        "dmean": 3.54801869392,
        "dmean2": 5.94661092758,
        "dvar": 15.0643920898,
        "dvar2": 34.4282455444,
        "max": 49.2736816406,
        "mean": 15.3403024673,
        "median": 12.9911975861,
        "min": 0.3132365942,
        "var": 85.181854248
    },
    "melbands_crest": {
        "dmean": 1.11839044094,
        "dmean2": 1.64536881447,
        "dvar": 0.991921365261,
        "dvar2": 1.62550711632,
        "max": 27.8803081512,
        "mean": 21.9594841003,
        "median": 21.794008255,
        "min": 11.4754981995,
        "var": 11.1911916733
    },
    "melbands_flatness_db": {
        "dmean": 0.0359552651644,
        "dmean2": 0.061667740345,
        "dvar": 0.000823017500807,
        "dvar2": 0.00204161345027,
        "max": 0.41131618619,
        "mean": 0.34019985795,
        "median": 0.340705364943,
        "min": 0.242262065411,
        "var": 0.00144158885814
    },
    "melbands_kurtosis": {
        "dmean": 6.67800569534,
        "dmean2": 10.3715591431,
        "dvar": 50.181728363,
        "dvar2": 138.143936157,
        "max": 105.239250183,
        "mean": 34.8143844604,
        "median": 29.9960594177,
        "min": 15.9354743958,
        "var": 236.863769531
    },
    "melbands_skewness": {
        "dmean": 0.445640921593,
        "dmean2": 0.711875081062,
        "dvar": 0.145115867257,
        "dvar2": 0.340878665447,
        "max": 8.66540145874,
        "mean": 5.15026140213,
        "median": 4.9208612442,
        "min": 3.58984160423,
        "var": 0.944335639477
    },
    "melbands_spread": {
        "dmean": 1.78958725929,
        "dmean2": 3.03551316261,
        "dvar": 3.12102031708,
        "dvar2": 8.87961006165,
        "max": 15.9965858459,
        "mean": 6.48294305801,
        "median": 6.09888029099,
        "min": 2.36839175224,
        "var": 5.4075756073
    },
    "pitch_salience": {
        "dmean": 0.027692977339,
        "dmean2": 0.0367178916931,
        "dvar": 0.000385840859963,
        "dvar2": 0.00083312636707,
        "max": 0.760405540466,
        "mean": 0.568130970001,
        "median": 0.573363721371,
        "min": 0.385188221931,
        "var": 0.00620272243395
    },
    "silence_rate_20dB": {
        "dmean": 0,
        "dmean2": 0,
        "dvar": 0,
        "dvar2": 0,
        "max": 1,
        "mean": 1,
        "median": 1,
        "min": 1,
        "var": 0
    },
    "silence_rate_30dB": {
        "dmean": 0.0500000007451,
        "dmean2": 0.0924369767308,
        "dvar": 0.0475000403821,
        "dvar2": 0.117506064475,
        "max": 1,
        "mean": 0.793388426304,
        "median": 1,
        "min": 0,
        "var": 0.163923233747
    },
    "silence_rate_60dB": {
        "dmean": 0,
        "dmean2": 0,
        "dvar": 0,
        "dvar2": 0,
        "max": 0,
        "mean": 0,
        "median": 0,
        "min": 0,
        "var": 0
    },
    "spectral_centroid": {
        "dmean": 326.622406006,
        "dmean2": 564.800537109,
        "dvar": 88153.0234375,
        "dvar2": 244992.375,
        "max": 1903.7166748,
        "mean": 771.495544434,
        "median": 670.480895996,
        "min": 318.732513428,
        "var": 118812.765625
    },
    "spectral_complexity": {
        "dmean": 6.05000019073,
        "dmean2": 10.3277311325,
        "dvar": 41.2974891663,
        "dvar2": 109.817008972,
        "max": 43,
        "mean": 14.8842973709,
        "median": 12,
        "min": 1,
        "var": 78.7138824463
    },
    "spectral_decrease": {
        "dmean": 1.61039737101e-09,
        "dmean2": 2.24685825501e-09,
        "dvar": 3.00051350641e-18,
        "dvar2": 4.86357467481e-18,
        "max": -3.15092785197e-10,
        "mean": -1.67285669761e-08,
        "median": -1.48452068416e-08,
        "min": -4.29522515333e-08,
        "var": 1.04350773185e-16
    },
    "spectral_energy": {
        "dmean": 0.00629292614758,
        "dmean2": 0.00871663261205,
        "dvar": 4.5021835831e-05,
        "dvar2": 7.51659463276e-05,
        "max": 0.166580528021,
        "mean": 0.0645287632942,
        "median": 0.0571759790182,
        "min": 0.00121764675714,
        "var": 0.00154694681987
    },
    "spectral_energyband_high": {
        "dmean": 0.000240510256845,
        "dmean2": 0.000416363734985,
        "dvar": 7.39981231845e-08,
        "dvar2": 1.73312571405e-07,
        "max": 0.00159927806817,
        "mean": 0.00032164066215,
        "median": 0.000192375635379,
        "min": 8.10815254226e-06,
        "var": 1.15355412333e-07
    },
    "spectral_energyband_low": {
        "dmean": 0.00521154748276,
        "dmean2": 0.00731538515538,
        "dvar": 3.29393769789e-05,
        "dvar2": 4.90581551276e-05,
        "max": 0.130895584822,
        "mean": 0.0498317293823,
        "median": 0.0410136915743,
        "min": 0.000727446982637,
        "var": 0.00110624392983
    },
    "spectral_energyband_middle_high": {
        "dmean": 0.000896912708413,
        "dmean2": 0.00147349096369,
        "dvar": 9.18693274343e-07,
        "dvar2": 2.33572905017e-06,
        "max": 0.00697724893689,
        "mean": 0.00246666115709,
        "median": 0.00233086687513,
        "min": 5.41690315004e-05,
        "var": 1.4839083633e-06
    },
    "spectral_energyband_middle_low": {
        "dmean": 0.00217425148003,
        "dmean2": 0.00336251058616,
        "dvar": 3.73492935068e-06,
        "dvar2": 9.28149256652e-06,
        "max": 0.0330014787614,
        "mean": 0.0129535188898,
        "median": 0.0126368608326,
        "min": 0.000388917309465,
        "var": 4.01352626795e-05
    },
    "spectral_entropy": {
        "dmean": 0.313345313072,
        "dmean2": 0.537888169289,
        "dvar": 0.0653708130121,
        "dvar2": 0.152781546116,
        "max": 8.08323097229,
        "mean": 7.15458726883,
        "median": 7.21440887451,
        "min": 6.37079334259,
        "var": 0.124835304916
    },
    "spectral_flux": {
        "dmean": 0.0109227662906,
        "dmean2": 0.0153213711455,
        "dvar": 0.000291654781904,
        "dvar2": 0.000273764017038,
        "max": 0.296343833208,
        "mean": 0.0517871901393,
        "median": 0.0469394028187,
        "min": 0.0259589925408,
        "var": 0.000816468382254
    },
    "spectral_kurtosis": {
        "dmean": 2.9082531929,
        "dmean2": 5.14098024368,
        "dvar": 8.1537694931,
        "dvar2": 21.9509601593,
        "max": 18.7646694183,
        "mean": 4.94169473648,
        "median": 3.76609754562,
        "min": 0.699151515961,
        "var": 13.1366825104
    },
    "spectral_rms": {
        "dmean": 0.000394691538531,
        "dmean2": 0.000559540872928,
        "dvar": 1.72677204091e-07,
        "dvar2": 2.6116316576e-07,
        "max": 0.0127482386306,
        "mean": 0.0075499326922,
        "median": 0.00746869761497,
        "min": 0.00108993030153,
        "var": 5.95341316512e-06
    },
    "spectral_rolloff": {
        "dmean": 37.1447753906,
        "dmean2": 69.4852905273,
        "dvar": 7179.00830078,
        "dvar2": 19883.1464844,
        "max": 624.462890625,
        "mean": 208.925460815,
        "median": 193.798828125,
        "min": 150.732421875,
        "var": 5461.78662109
    },
    "spectral_skewness": {
        "dmean": 0.553252398968,
        "dmean2": 0.973767459393,
        "dvar": 0.213896527886,
        "dvar2": 0.571596443653,
        "max": 3.63479661942,
        "mean": 1.32187855244,
        "median": 1.15540921688,
        "min": 0.295767068863,
        "var": 0.458332896233
    },
    "spectral_spread": {
        "dmean": 328508.46875,
        "dmean2": 454905.71875,
        "dvar": 1.6595419136e+12,
        "dvar2": 1.03906449818e+12,
        "max": 20594684,
        "mean": 3543654.5,
        "median": 3393319.5,
        "min": 2673707.25,
        "var": 2.54625238221e+12
    },
    "spectral_strongpeak": {
        "dmean": 0.164307907224,
        "dmean2": 0.277691483498,
        "dvar": 0.0492392033339,
        "dvar2": 0.0794193297625,
        "max": 1.79290008545,
        "mean": 0.838376283646,
        "median": 0.749077379704,
        "min": 0,
        "var": 0.141021728516
    },
    "zerocrossingrate": {
        "dmean": 0.00325520825572,
        "dmean2": 0.00454634986818,
        "dvar": 7.99232111603e-06,
        "dvar2": 1.69928243849e-05,
        "max": 0.03759765625,
        "mean": 0.0201607700437,
        "median": 0.01953125,
        "min": 0.00390625,
        "var": 5.03297087562e-05
    },
    "barkbands": {
        "dmean": [0.000335760705639, 0.00166145677213, 0.00369432824664, 0.00169741059653, 0.000997971394099, 8.13968508737e-05, 0.000190224629478, 0.000553331221454, 0.000384080805816, 8.5396648501e-05, 9.6367293736e-05, 4.79522714159e-05, 9.70124456217e-05, 0.000218242916162, 7.52028936404e-05, 3.3395641367e-05, 4.23295932706e-05, 3.52041897713e-05, 0.000330448179739, 0.000204054595088, 0.000102696918475, 1.3182726434e-05, 5.93133881921e-06, 5.3029503988e-07, 2.48266985636e-07, 1.83673435572e-07, 6.05788386565e-07],
        "dmean2": [0.00051810964942, 0.00245817261748, 0.00491728587076, 0.00232438626699, 0.00128328113351, 0.000137923634611, 0.000319424027111, 0.000968716805801, 0.000545190065168, 0.000145408819662, 0.00016272123321, 7.98415421741e-05, 0.000149999890709, 0.000282623426756, 0.000128851810587, 5.42555062566e-05, 7.53100975999e-05, 6.10536080785e-05, 0.000561228021979, 0.000347444904037, 0.00018153549172, 2.28790049732e-05, 1.04182081486e-05, 8.8452759428e-07, 3.46338794088e-07, 3.0381775673e-07, 9.96786866381e-07],
        "dvar": [1.12602506874e-07, 1.92550896827e-06, 2.67797604465e-05, 2.79532696368e-06, 5.09386893555e-07, 4.32604707612e-09, 2.89698700584e-08, 2.1464941824e-07, 4.42696205027e-07, 1.10786713137e-08, 9.64993773778e-09, 2.71219269266e-09, 1.42289779959e-08, 3.19835073981e-08, 7.22064985581e-09, 1.33048783102e-09, 2.28459406948e-09, 1.42728440178e-09, 1.30260602305e-07, 5.05094845948e-08, 1.48438772385e-08, 2.04714606378e-10, 4.81526381269e-11, 2.80918192354e-13, 8.3704575118e-14, 3.09813447412e-14, 3.34337538124e-13],
        "dvar2": [1.9106950333e-07, 5.07210916112e-06, 3.45032822224e-05, 4.54504606751e-06, 1.24645998767e-06, 1.47183154553e-08, 7.67131709267e-08, 6.28043608231e-07, 7.0885033665e-07, 3.16560964109e-08, 2.59264201219e-08, 7.36549043978e-09, 3.08852072806e-08, 5.37754125673e-08, 1.69057905453e-08, 3.22259841035e-09, 6.08479266972e-09, 3.5190965697e-09, 3.10944699322e-07, 1.24056356299e-07, 3.33232854643e-08, 5.34944422093e-10, 1.2474382638e-10, 7.62612249825e-13, 1.58792304392e-13, 8.39326438212e-14, 5.99959047286e-13],
        "max": [0.00321190804243, 0.0251071900129, 0.100484460592, 0.0148814916611, 0.00762075465173, 0.000445021141786, 0.00124089873862, 0.00359669909813, 0.0154089964926, 0.000771948136389, 0.000643693900201, 0.000383110047551, 0.00126763607841, 0.00307373609394, 0.000428852741607, 0.000222174916416, 0.00026501272805, 0.000174084401806, 0.00187234370969, 0.00127247278579, 0.000728311075363, 6.77390926285e-05, 3.78413824365e-05, 4.36168738815e-06, 3.38826976076e-06, 1.79168262093e-06, 6.3320985646e-06],
        "mean": [0.0019919925835, 0.0102907028049, 0.0365192405879, 0.00491185486317, 0.00414607208222, 0.000166126032127, 0.000364264618838, 0.000933743780479, 0.00240463716909, 0.000131672786665, 0.000120674172649, 8.27873955132e-05, 0.000235155326664, 0.00117067899555, 9.59909957601e-05, 4.21415061282e-05, 5.47721974726e-05, 4.64992772322e-05, 0.000393683934817, 0.000253455218626, 0.000137608731166, 1.68767219293e-05, 7.90027934272e-06, 1.18683351502e-06, 9.20579282138e-07, 7.41524274872e-07, 4.78250467495e-06],
        "median": [0.00195532850921, 0.00829984713346, 0.028825763613, 0.00426281616092, 0.00417837640271, 0.000149853760377, 0.000292972428724, 0.000762557145208, 0.000388653512346, 9.27479559323e-05, 7.55932560423e-05, 5.81778076594e-05, 0.00010569056758, 0.000995181733742, 5.78483122808e-05, 2.47011357715e-05, 3.7076712033e-05, 3.02245225612e-05, 0.000237979300437, 0.000146046935697, 8.79170111148e-05, 1.05070039353e-05, 5.19103377883e-06, 9.43456143432e-07, 5.41808049093e-07, 7.0923539397e-07, 4.77458797832e-06],
        "min": [0.000158414550242, 0.000300169689581, 0.000211860635318, 0.000167525839061, 0.000149637256982, 2.86522681563e-05, 8.67317066877e-06, 1.71298215719e-05, 1.22334549815e-05, 6.41774204269e-06, 8.19455453893e-06, 4.73879390483e-06, 1.74236663497e-06, 1.58445927809e-05, 1.3276755908e-06, 1.22449375795e-06, 1.41998270919e-06, 1.26768964037e-06, 2.70870964414e-06, 2.65575908998e-06, 1.29407703753e-06, 7.03081695974e-07, 6.5234644353e-07, 2.81331523411e-07, 2.99581273566e-07, 3.82082760098e-07, 9.08432241431e-07],
        "var": [3.15636128789e-07, 3.68413093383e-05, 0.000705301761627, 6.50738502372e-06, 2.54084511653e-06, 6.76857592197e-09, 7.30991587261e-08, 4.84393922306e-07, 1.57043868967e-05, 1.5793533592e-08, 1.4643160462e-08, 4.916102192e-09, 8.94720457723e-08, 5.16317754773e-07, 1.05977386866e-08, 2.05633465811e-09, 3.21380477786e-09, 2.17998752383e-09, 1.95579630713e-07, 7.79556543762e-08, 2.21921681032e-08, 2.98975927349e-10, 6.31827992703e-11, 6.14425014773e-13, 6.05023951945e-13, 3.89191208829e-14, 5.03601554989e-13]
    },
    "erbbands": {
        "dmean": [0.0851955786347, 0.351332604885, 3.20342683792, 4.4833073616, 4.2866897583, 1.66185820103, 0.541330456734, 0.822631716728, 2.13453507423, 10.7841434479, 5.24671697617, 11.5530443192, 2.40016698837, 4.56792545319, 3.37309646606, 1.80860602856, 4.68931770325, 11.3391160965, 4.7560338974, 2.99814558029, 1.89646744728, 2.27614593506, 1.71605169773, 10.9953222275, 14.3999166489, 9.80541038513, 7.56387805939, 1.82323563099, 0.561664760113, 0.341710448265, 0.124339066446, 0.0216560997069, 0.00908006541431, 0.0035004990641, 0.000988482963294, 0.000942007114645, 0.000401782133849, 0.000198928202735, 8.73586905072e-05, 1.47555338117e-05],
        "dmean2": [0.134469971061, 0.477101206779, 4.52577447891, 5.65859079361, 6.63005924225, 2.15837478638, 0.807424664497, 1.41513717175, 3.4726331234, 18.4404411316, 9.24135875702, 16.4217014313, 3.50649094582, 7.89029407501, 5.68319940567, 2.95293569565, 6.93663167953, 14.7623195648, 7.36824083328, 4.88608312607, 3.24430966377, 3.99196052551, 3.01481842995, 18.7953586578, 24.6814899445, 16.7183685303, 13.1134796143, 3.22169709206, 0.972298979759, 0.591457903385, 0.212965026498, 0.0375220179558, 0.0147365238518, 0.00513524236158, 0.00163247238379, 0.00163740804419, 0.000677494273987, 0.000345309526892, 0.000151454703882, 2.44048114837e-05],
        "dvar": [0.00310553959571, 0.109763748944, 31.3108863831, 21.3426513672, 12.1360588074, 1.65108859539, 0.183308362961, 0.549948811531, 3.32251000404, 83.2531356812, 18.9760398865, 439.025543213, 10.9848575592, 36.3186912537, 13.1877346039, 4.37068128586, 30.0187568665, 87.1146392822, 24.4695510864, 10.463593483, 4.28748083115, 6.48735141754, 3.41993975639, 142.095916748, 260.994537354, 117.958847046, 76.6101608276, 4.65622472763, 0.377664238214, 0.144892141223, 0.0205949936062, 0.000555368314963, 9.41761609283e-05, 1.79505277629e-05, 9.49735124323e-07, 9.12667587727e-07, 1.23782882611e-07, 2.90694170957e-08, 6.17487527776e-09, 2.62442456656e-10],
        "dvar2": [0.00859984196723, 0.244913384318, 37.5269012451, 26.3063526154, 31.2916755676, 2.8249900341, 0.439435273409, 1.67136585712, 9.48042678833, 209.091369629, 55.5295028687, 678.088439941, 23.4018115997, 104.346046448, 37.1862449646, 12.2259960175, 68.5193252563, 146.293823242, 60.8159294128, 25.2523212433, 10.8897075653, 17.1150684357, 8.88963031769, 350.097412109, 605.741943359, 288.989532471, 176.169525146, 10.499376297, 0.952467978001, 0.386496633291, 0.053949765861, 0.00153323728591, 0.000236868174397, 3.18007005262e-05, 2.22651169679e-06, 2.25364078688e-06, 3.31352538296e-07, 7.45730375229e-08, 1.27730528376e-08, 4.22406776224e-10],
        "max": [0.526940703392, 8.3744726181, 102.305648804, 68.8185653687, 46.6268157959, 10.7574977875, 2.91813659668, 4.70927286148, 13.9878339767, 69.1035385132, 38.8469009399, 475.494567871, 75.5003051758, 47.8566322327, 23.3217372894, 15.4707565308, 59.8067321777, 161.160507202, 39.1541633606, 19.0218524933, 10.6709833145, 13.2298603058, 9.21186733246, 59.8785934448, 87.3438568115, 62.0959701538, 52.6991539001, 11.9166707993, 2.99982881546, 1.9843416214, 0.78389942646, 0.141030192375, 0.0963562503457, 0.0484949238598, 0.010137300007, 0.00690283253789, 0.00315820216201, 0.00177021359559, 0.000753340253141, 0.000282175926259],
        "mean": [0.284840643406, 3.12772941589, 38.5546836853, 22.0323905945, 27.1522865295, 5.19341278076, 1.2176374197, 1.65475523472, 4.15897798538, 16.8599185944, 14.5670261383, 73.1946487427, 13.0097122192, 6.1765832901, 4.88650989532, 3.31588315964, 12.6610851288, 63.4171524048, 15.0344133377, 4.17326831818, 2.43687558174, 3.00033974648, 2.24019503593, 12.9788980484, 17.5487918854, 12.0146532059, 10.0282773972, 2.46507549286, 0.719645500183, 0.455913096666, 0.166128069162, 0.0373180508614, 0.0223504845053, 0.0121464719996, 0.00384713616222, 0.00277955713682, 0.0013371927198, 0.000965665560216, 0.000549434626009, 0.000165100660524],
        "median": [0.280832052231, 2.47517180443, 30.5655994415, 19.8725013733, 28.9479999542, 5.2473859787, 1.12305879593, 1.53663110733, 3.18584418297, 12.7455434799, 11.5737724304, 9.99291229248, 4.8657617569, 3.85275173187, 3.45842480659, 2.30330514908, 7.31519985199, 53.5498657227, 14.1982736588, 2.82815957069, 1.4015930891, 1.99109709263, 1.41176950932, 8.51846027374, 9.82145023346, 6.76705169678, 6.39573097229, 1.57244670391, 0.447188198566, 0.297076106071, 0.107661724091, 0.027108522132, 0.0161744356155, 0.00682881847024, 0.00341733032838, 0.00252492143773, 0.00136073853355, 0.00094198359875, 0.000543916190509, 0.000156185938977],
        "min": [0.0113927144557, 0.0600851923227, 0.215465560555, 0.455182790756, 0.579942286015, 0.447356045246, 0.252260327339, 0.202994510531, 0.135203287005, 0.209712907672, 0.378617793322, 0.329415351152, 0.272413551807, 0.200724452734, 0.383573144674, 0.14976426959, 0.100784428418, 0.611462771893, 0.51557123661, 0.242765024304, 0.0747444704175, 0.0780367925763, 0.0772385001183, 0.179924979806, 0.107987634838, 0.136577650905, 0.0631425902247, 0.0431566871703, 0.0305200684816, 0.0281305499375, 0.014700634405, 0.00581382168457, 0.0047763697803, 0.00267420173623, 0.00203925091773, 0.00148284155875, 0.000505706993863, 0.000578300678171, 0.000136096961796, 1.52688826347e-05],
        "var": [0.010525087826, 5.06111097336, 789.535217285, 193.108688354, 94.919883728, 4.75424528122, 0.40852072835, 0.638542950153, 8.66993713379, 205.37298584, 86.6746368408, 15015.6826172, 338.036651611, 48.715801239, 18.4987716675, 8.29902172089, 182.119689941, 1397.40966797, 56.3293113708, 16.6565036774, 6.27941226959, 9.45662212372, 5.02363395691, 207.93057251, 390.755889893, 179.746353149, 118.35798645, 6.88863754272, 0.554476797581, 0.206487610936, 0.0281815957278, 0.000908929214347, 0.000277478713542, 0.000124325000797, 1.94180870494e-06, 1.21657353702e-06, 1.88492663256e-07, 4.62020182113e-08, 8.31801738599e-09, 2.06014805215e-09]
    },
    "gfcc": {
        "mean": [-22.3190326691, 137.856933594, -97.5877075195, 43.2810211182, -19.2189311981, -0.991316080093, 6.99017238617, -8.55297088623, -15.216135025, 7.82355213165, -16.1633224487, -34.5972900391, -26.4770412445],
        "cov": [[1507.21618652, 38.6237411499, -633.77734375, 396.18460083, -245.795944214, -79.6558914185, 328.092803955, 233.097427368, 51.9689102173, -247.349075317, -106.993309021, -41.3936767578, 60.7126617432], [38.6237411499, 102.888198853, 45.3181190491, -61.3046646118, -6.87233400345, 4.9374666214, 22.1693706512, 12.5209980011, 11.1908540726, 8.52956581116, -2.00185322762, -42.0007896423, -9.47816562653], [-633.77734375, 45.3181190491, 342.762878418, -217.111328125, 86.1783676147, 48.9855804443, -126.995368958, -75.7897262573, -15.1781663895, 108.493125916, 39.3684654236, -17.4908790588, -30.0082588196], [396.18460083, -61.3046646118, -217.111328125, 179.415359497, -50.299156189, -38.4902153015, 75.0164718628, 42.4274711609, 8.7154083252, -72.8050231934, -27.3037109375, 20.1679821014, 20.7757492065], [-245.795944214, -6.87233400345, 86.1783676147, -50.299156189, 77.6705627441, 10.2233066559, -63.1438789368, -63.5572853088, -7.12280416489, 54.0476226807, 22.142906189, 4.44551897049, -20.1810264587], [-79.6558914185, 4.9374666214, 48.9855804443, -38.4902153015, 10.2233066559, 30.2247943878, -10.0178422928, 1.41521334648, -3.99008536339, 6.74159574509, 0.975255966187, -11.0865163803, 0.829200983047], [328.092803955, 22.1693706512, -126.995368958, 75.0164718628, -63.1438789368, -10.0178422928, 98.3437042236, 68.5330886841, 9.21601963043, -62.0002403259, -27.1521606445, -17.1361865997, 15.9892835617], [233.097427368, 12.5209980011, -75.7897262573, 42.4274711609, -63.5572853088, 1.41521334648, 68.5330886841, 84.9265670776, 11.9009199142, -56.410987854, -26.7126808167, -19.2758998871, 16.4242973328], [51.9689102173, 11.1908540726, -15.1781663895, 8.7154083252, -7.12280416489, -3.99008536339, 9.21601963043, 11.9009199142, 15.6492977142, -0.916635394096, -6.60578918457, -11.6598205566, -6.72069406509], [-247.349075317, 8.52956581116, 108.493125916, -72.8050231934, 54.0476226807, 6.74159574509, -62.0002403259, -56.410987854, -0.916635394096, 69.2163238525, 25.4308376312, -3.62169146538, -26.8917350769], [-106.993309021, -2.00185322762, 39.3684654236, -27.3037109375, 22.142906189, 0.975255966187, -27.1521606445, -26.7126808167, -6.60578918457, 25.4308376312, 19.5097618103, 7.7900094986, -7.49465036392], [-41.3936767578, -42.0007896423, -17.4908790588, 20.1679821014, 4.44551897049, -11.0865163803, -17.1361865997, -19.2758998871, -11.6598205566, -3.62169146538, 7.7900094986, 40.3471336365, 8.7715845108], [60.7126617432, -9.47816562653, -30.0082588196, 20.7757492065, -20.1810264587, 0.829200983047, 15.9892835617, 16.4242973328, -6.72069406509, -26.8917350769, -7.49465036392, 8.7715845108, 23.3026866913]],
        "icov": [[0.0233044736087, -0.0354634299874, 0.0267660655081, -0.0327449291945, 0.0276918895543, -0.0203528162092, 0.00604090094566, -0.00777955213562, 0.0125562315807, -0.00846002530307, 0.00903327390552, 0.00417226320133, 0.00975834298879], [-0.0354634299874, 0.108079887927, -0.0414760708809, 0.0910567715764, -0.0463618710637, 0.0703149884939, -0.0419648624957, 0.0401926524937, -0.0513208396733, 0.0501275286078, -0.0340765155852, 0.0397519022226, -0.0233010314405], [0.0267660655081, -0.0414760708809, 0.0492847114801, -0.0237993896008, 0.0319628305733, -0.0269049666822, 0.0189655255526, -0.0137687278911, 0.0257592629641, -0.0195558574051, 0.0175763573498, 0.00803419109434, 0.010899017565], [-0.0327449291945, 0.0910567715764, -0.0237993896008, 0.107015401125, -0.048331335187, 0.0695865899324, -0.0330402553082, 0.0348755046725, -0.0454109832644, 0.0519011840224, -0.0186195168644, 0.0235007889569, -0.0179884657264], [0.0276918895543, -0.0463618710637, 0.0319628305733, -0.048331335187, 0.0824232548475, -0.0437473505735, 0.0217775627971, 0.0120626371354, 0.0264799669385, -0.0198214370757, 0.0120909046382, 0.00957082957029, 0.0277875512838], [-0.0203528162092, 0.0703149884939, -0.0269049666822, 0.0695865899324, -0.0437473505735, 0.111608810723, -0.0254887267947, 0.0149690546095, -0.0159709844738, 0.0444478653371, -0.0147301144898, 0.0453588478267, -0.025104323402], [0.00604090094566, -0.0419648624957, 0.0189655255526, -0.0330402553082, 0.0217775627971, -0.0254887267947, 0.0722454562783, -0.0307725165039, 0.0443008244038, -0.0104248356074, 0.0159936659038, -0.00162242248189, 0.0194582976401], [-0.00777955213562, 0.0401926524937, -0.0137687278911, 0.0348755046725, 0.0120626371354, 0.0149690546095, -0.0307725165039, 0.078686222434, -0.048063158989, 0.0579090677202, -0.0167639572173, 0.0325990952551, -0.0013350371737], [0.0125562315807, -0.0513208396733, 0.0257592629641, -0.0454109832644, 0.0264799669385, -0.0159709844738, 0.0443008244038, -0.048063158989, 0.178912773728, -0.0583468452096, 0.0701623558998, 0.00335043016821, 0.0526211075485], [-0.00846002530307, 0.0501275286078, -0.0195558574051, 0.0519011840224, -0.0198214370757, 0.0444478653371, -0.0104248356074, 0.0579090677202, -0.0583468452096, 0.155808076262, -0.0709011778235, 0.0487504526973, 0.040387660265], [0.00903327390552, -0.0340765155852, 0.0175763573498, -0.0186195168644, 0.0120909046382, -0.0147301144898, 0.0159936659038, -0.0167639572173, 0.0701623558998, -0.0709011778235, 0.159377783537, -0.0364455319941, 0.0170681234449], [0.00417226320133, 0.0397519022226, 0.00803419109434, 0.0235007889569, 0.00957082957029, 0.0453588478267, -0.00162242248189, 0.0325990952551, 0.00335043016821, 0.0487504526973, -0.0364455319941, 0.103925690055, -0.0141127444804], [0.00975834298879, -0.0233010314405, 0.010899017565, -0.0179884657264, 0.0277875512838, -0.025104323402, 0.0194582976401, -0.0013350371737, 0.0526211075485, 0.040387660265, 0.0170681234449, -0.0141127444804, 0.123219028115]]
    },
    "melbands": {
        "dmean": [0.000551116361748, 0.00122525414918, 0.000736251473427, 0.000233425147599, 2.1705740437e-05, 1.8020193238e-05, 3.15529141517e-05, 0.000130671382067, 3.67702305084e-05, 7.44243661757e-05, 9.96754351945e-06, 1.83415286301e-05, 1.23349291243e-05, 6.307953754e-06, 4.42393684352e-06, 1.12399347927e-05, 2.56515886576e-05, 8.35616719996e-06, 5.43219766769e-06, 2.63379638454e-06, 2.24887776312e-06, 2.52188783634e-06, 1.58977627507e-06, 1.69550105511e-06, 9.22022081795e-06, 1.52234952111e-05, 6.09701783105e-06, 6.56038673696e-06, 5.92101878283e-06, 2.07105927075e-06, 6.71729367241e-07, 3.2420240359e-07, 2.02315789011e-07, 1.85211320058e-07, 8.03435113994e-08, 2.9901446652e-08, 6.46878417498e-09, 6.74814515378e-09, 6.87114232178e-09, 1.88774840204e-09],
        "dmean2": [0.000860815285705, 0.00171773112379, 0.000976658076979, 0.000312599353492, 3.17286794598e-05, 3.04838431475e-05, 5.20546418556e-05, 0.000224590898142, 6.44540341455e-05, 0.00010361202294, 1.5633273506e-05, 3.19741047861e-05, 2.07287212106e-05, 1.00800107248e-05, 7.38021481084e-06, 1.74103588506e-05, 3.34778669639e-05, 1.28269084598e-05, 9.12289942789e-06, 4.31367107012e-06, 3.92462607124e-06, 4.51503456134e-06, 2.67216410066e-06, 2.95468680633e-06, 1.59492428793e-05, 2.58005729847e-05, 1.05415356302e-05, 1.11319441203e-05, 1.03379352367e-05, 3.57103294846e-06, 1.19077844829e-06, 5.57774910703e-07, 3.47149239133e-07, 3.22395379726e-07, 1.35919918876e-07, 5.11312947538e-08, 1.11930855695e-08, 1.13555875814e-08, 9.29370980174e-09, 3.10559289396e-09],
        "dvar": [1.54537914909e-07, 3.52436154571e-06, 4.63632460423e-07, 2.86896302271e-08, 3.01065727903e-10, 2.34905178642e-10, 7.7497769313e-10, 1.22139800496e-08, 8.88474349647e-10, 1.83892403527e-08, 1.30453467473e-10, 5.95067162212e-10, 1.57542257018e-10, 4.60901178334e-11, 2.29480358327e-11, 2.0725766936e-10, 4.49531828428e-10, 7.32528551706e-11, 3.48110047732e-11, 8.41279997055e-12, 6.24257069648e-12, 8.35805469973e-12, 2.87490387399e-12, 3.22978059228e-12, 1.02628273935e-10, 2.84770318437e-10, 4.63989333066e-11, 5.14631358361e-11, 4.7438011852e-11, 5.69877174963e-12, 6.31459348786e-13, 1.18496277244e-13, 5.27364135976e-14, 4.30111844849e-14, 8.49872540507e-15, 1.16459343423e-15, 4.66391858667e-17, 5.3853382022e-17, 7.60116845129e-17, 4.20615468501e-18],
        "dvar2": [4.27731720265e-07, 4.4117532525e-06, 6.65735342409e-07, 7.08669745109e-08, 6.34703567481e-10, 7.20511317276e-10, 2.10972883607e-09, 3.2295350394e-08, 2.72474509622e-09, 2.83508096999e-08, 3.62168905976e-10, 1.70018976675e-09, 4.38548697357e-10, 1.30242025498e-10, 5.54713393275e-11, 4.64832589087e-10, 7.04170388666e-10, 1.75225819965e-10, 8.402897822e-11, 1.97199270802e-11, 1.62723445829e-11, 2.18751943643e-11, 7.89858543154e-12, 8.37767789169e-12, 2.52430742975e-10, 6.63216204178e-10, 1.12089365567e-10, 1.27258065197e-10, 1.08227836415e-10, 1.3247318173e-11, 1.4506105735e-12, 3.12533310863e-13, 1.37421961289e-13, 1.15783061307e-13, 2.26282107472e-14, 3.15441888173e-15, 1.38012517636e-16, 1.46340505869e-16, 1.1664445718e-16, 9.95639170304e-18],
        "max": [0.00541757326573, 0.0381044633687, 0.0123292980716, 0.00192507903557, 0.000128846950247, 9.96460148599e-05, 0.000197493121959, 0.000850886804983, 0.000265844399109, 0.00308274547569, 0.000202922106837, 0.000181930561666, 7.77464301791e-05, 5.22154077771e-05, 4.12889930885e-05, 0.000151719155838, 0.000369217712432, 6.76325289533e-05, 2.89378494926e-05, 1.65893779922e-05, 1.21053644762e-05, 1.67189646163e-05, 9.22908930079e-06, 8.55207872519e-06, 5.44038593944e-05, 9.11077513592e-05, 3.65585910913e-05, 4.14638125221e-05, 4.0408805944e-05, 1.43924789882e-05, 4.12279587181e-06, 1.61320576808e-06, 1.18075661248e-06, 1.111949814e-06, 5.05824743868e-07, 1.7355789339e-07, 5.35924975509e-08, 5.40181055442e-08, 1.0344177781e-07, 2.08165964466e-08],
        "mean": [0.00253497622907, 0.0141972824931, 0.00469976942986, 0.00113502808381, 4.70581762784e-05, 3.6389206798e-05, 6.3061947003e-05, 0.000205102900509, 9.89301624941e-05, 0.0004733131791, 3.87769323424e-05, 2.32320508076e-05, 1.66022091435e-05, 1.04762766568e-05, 9.81554148893e-06, 2.79622599919e-05, 0.000140758056659, 2.65860180662e-05, 6.74534658174e-06, 3.45612215824e-06, 2.82405949292e-06, 3.33459774993e-06, 2.00624049285e-06, 2.16514217755e-06, 1.08000540422e-05, 1.81491468538e-05, 7.41146232031e-06, 8.00743418949e-06, 7.88379020378e-06, 2.7216124181e-06, 8.87553085249e-07, 3.994800295e-07, 2.66334922117e-07, 2.44846035002e-07, 1.03495857218e-07, 4.30630500148e-08, 1.38367157732e-08, 1.3299137791e-08, 1.99780050281e-08, 6.46476339128e-09],
        "median": [0.00227139005437, 0.0113328006119, 0.00459327269346, 0.00114952586591, 4.25380458182e-05, 3.35314507538e-05, 4.87287761644e-05, 0.000154229564941, 7.99685294623e-05, 5.9456742747e-05, 1.85754233826e-05, 1.40403171827e-05, 1.2130889445e-05, 7.97213215264e-06, 5.80920095672e-06, 1.27708190121e-05, 0.000114818831207, 2.49309323408e-05, 4.16146940552e-06, 2.19357980313e-06, 1.61527214004e-06, 2.13497492041e-06, 1.34428739784e-06, 1.26834117964e-06, 7.2721786637e-06, 1.05581520984e-05, 4.0377822188e-06, 4.54681685369e-06, 5.36179459232e-06, 1.81760231044e-06, 5.90562422076e-07, 2.39585943973e-07, 1.63805722764e-07, 1.64038979733e-07, 6.48907914069e-08, 2.71972240284e-08, 1.09554942895e-08, 1.0857927002e-08, 9.22721987706e-09, 4.36190905617e-09],
        "min": [0.000104735678178, 0.00010313653911, 8.38778942125e-05, 3.81407917303e-05, 5.28363580088e-06, 4.69241922474e-06, 1.94812287191e-06, 2.68105304713e-06, 3.00367332784e-06, 2.05403330256e-06, 1.31771867018e-06, 7.46236423765e-07, 1.23853703826e-06, 6.97698339991e-07, 2.20529074113e-07, 1.69377102566e-07, 1.38763630275e-06, 1.01343277947e-06, 1.21802941067e-07, 9.87906787486e-08, 6.95529607242e-08, 7.10001160087e-08, 8.18208221176e-08, 4.8422148069e-08, 1.52410990495e-07, 8.89746658572e-08, 9.42252640357e-08, 8.41761718107e-08, 3.37270229522e-08, 3.08186223208e-08, 2.47752538485e-08, 1.49558534446e-08, 1.31109469947e-08, 1.60871742594e-08, 8.4554523383e-09, 3.9315590783e-09, 3.0384972316e-09, 3.08531844517e-09, 2.41583109073e-09, 1.90016646862e-09],
        "var": [1.27903217617e-06, 0.000107047861093, 6.53088318359e-06, 1.68204223883e-07, 5.73594116648e-10, 3.19614945621e-10, 2.05361150307e-09, 2.93733126711e-08, 4.06566780242e-09, 6.34132618416e-07, 2.22179363796e-09, 7.21190385189e-10, 2.37209391019e-10, 7.77379549621e-11, 9.38514543858e-11, 1.29609256661e-09, 7.75646036288e-09, 1.80653172976e-10, 5.24083137998e-11, 1.34762140683e-11, 8.74408965373e-12, 1.20591496858e-11, 4.10118683805e-12, 4.88423104045e-12, 1.45340031676e-10, 4.28617308312e-10, 6.78232400797e-11, 7.97787738649e-11, 7.28556243113e-11, 8.69991058361e-12, 8.9944192502e-13, 1.70783715945e-13, 7.70141058131e-14, 5.87073453544e-14, 1.14371352151e-14, 1.70041292414e-15, 9.13962115849e-17, 8.19656842399e-17, 5.28494296038e-16, 1.88974192042e-17]
    },
    "mfcc": {
        "mean": [-678.768066406, 169.89491272, -6.2214474678, 61.365524292, -4.59212112427, 26.9909191132, 22.4875259399, -4.14616727829, 3.70047807693, 28.6002159119, 14.8266954422, -4.65198659897, -10.1995191574],
        "cov": [[2402.25830078, -420.814819336, -571.254943848, 352.067749023, -392.653289795, -98.0545272827, 35.9503250122, 352.148223877, 234.003494263, 62.3745269775, -119.573326111, -15.6467103958, 89.5800323486], [-420.814819336, 218.100982666, 150.23890686, -115.643081665, 52.981754303, 1.86106848717, 19.6878452301, -83.6813201904, -26.5563621521, 5.77288389206, 59.626449585, 21.8652820587, -42.564453125], [-571.254943848, 150.23890686, 209.536117554, -126.128578186, 80.3321456909, -1.82895970345, 13.4886426926, -81.8314666748, -29.2294807434, -6.05140018463, 51.7191123962, 13.0078678131, -37.9515419006], [352.067749023, -115.643081665, -126.128578186, 113.5078125, -49.4450302124, 5.78772211075, -19.2079029083, 47.7240791321, 13.6734418869, 5.93909597397, -36.0224456787, -8.76808452606, 28.5861206055], [-392.653289795, 52.981754303, 80.3321456909, -49.4450302124, 91.4455947876, 22.8742694855, -11.9740352631, -63.8204421997, -40.8106575012, -11.9701194763, 21.3865699768, -1.02571344376, -18.6959457397], [-98.0545272827, 1.86106848717, -1.82895970345, 5.78772211075, 22.8742694855, 36.4365959167, -10.3959226608, -24.3102550507, -27.9600906372, -2.29621863365, -4.01607370377, -3.96024036407, -0.908037722111], [35.9503250122, 19.6878452301, 13.4886426926, -19.2079029083, -11.9740352631, -10.3959226608, 33.594165802, 10.3207216263, 17.8392734528, 4.31009435654, 9.19934082031, 1.86242365837, -9.30225086212], [352.148223877, -83.6813201904, -81.8314666748, 47.7240791321, -63.8204421997, -24.3102550507, 10.3207216263, 82.0365524292, 44.4330940247, 6.17149209976, -31.4352664948, -5.73321247101, 15.4606218338], [234.003494263, -26.5563621521, -29.2294807434, 13.6734418869, -40.8106575012, -27.9600906372, 17.8392734528, 44.4330940247, 51.7882919312, 12.7731485367, -1.30469667912, -0.619772851467, -1.61402750015], [62.3745269775, 5.77288389206, -6.05140018463, 5.93909597397, -11.9701194763, -2.29621863365, 4.31009435654, 6.17149209976, 12.7731485367, 21.4914875031, 11.8858470917, 4.05501317978, -6.6019115448], [-119.573326111, 59.626449585, 51.7191123962, -36.0224456787, 21.3865699768, -4.01607370377, 9.19934082031, -31.4352664948, -1.30469667912, 11.8858470917, 44.6513290405, 11.872051239, -19.4692955017], [-15.6467103958, 21.8652820587, 13.0078678131, -8.76808452606, -1.02571344376, -3.96024036407, 1.86242365837, -5.73321247101, -0.619772851467, 4.05501317978, 11.872051239, 15.6195611954, -2.01061415672], [89.5800323486, -42.564453125, -37.9515419006, 28.5861206055, -18.6959457397, -0.908037722111, -9.30225086212, 15.4606218338, -1.61402750015, -6.6019115448, -19.4692955017, -2.01061415672, 27.4305534363]],
