{
"lowlevel": {
    "average_loudness": 0.970212817192,
    "barkbands_crest": {
        "dmean": 1.52487242222,
        "dmean2": 2.24492526054,
        "dvar": 5.07344007492,
        "dvar2": 9.70619487762,
        "max": 26.5375976562,
        "mean": 17.2515239716,
        "median": 16.87890625,
        "min": 6.54106092453,
        "var": 22.1416893005
    },
    "barkbands_flatness_db": {
        "dmean": 0.0215823948383,
        "dmean2": 0.0287276711315,
        "dvar": 0.000957524986006,
        "dvar2": 0.00122658070177,
        "max": 0.626138448715,
        "mean": 0.445569813251,
        "median": 0.458257466555,
        "min": 0.172913566232,
        "var": 0.00914235040545
    },
    "barkbands_kurtosis": {
        "dmean": 23.7237129211,
        "dmean2": 37.5542259216,
        "dvar": 4360.26220703,
        "dvar2": 8835.0390625,
        "max": 1074.27941895,
        "mean": 60.2902374268,
        "median": 13.1916751862,
        "min": -1.51149702072,
        "var": 21839.4414062
    },
    "barkbands_skewness": {
        "dmean": 0.790069758892,
        "dmean2": 1.18927824497,
        "dvar": 1.38692522049,
        "dvar2": 3.11039996147,
        "max": 15.8079090118,
        "mean": 2.07133364677,
        "median": 1.9406453371,
        "min": -3.63956713676,
        "var": 7.81701040268
    },
    "barkbands_spread": {
        "dmean": 0.34656471014,
        "dmean2": 0.491308361292,
        "dvar": 0.305661767721,
        "dvar2": 0.525094807148,
        "max": 6.52634191513,
        "mean": 1.42002022266,
        "median": 0.940561950207,
        "min": 0.070278801024,
        "var": 1.58193862438
    },
    "dissonance": {
        "dmean": 0.0640774220228,
        "dmean2": 0.110718458891,
        "dvar": 0.00382807455026,
        "dvar2": 0.00977769866586,
        "max": 0.492634624243,
        "mean": 0.245459929109,
        "median": 0.254617363214,
        "min": 0.0521177537739,
        "var": 0.0103326914832
    },
    "dynamic_complexity": 3.63681387901,
    "erbbands_crest": {
        "dmean": 1.85716569424,
        "dmean2": 2.68289208412,
        "dvar": 7.29926490784,
        "dvar2": 14.8282213211,
        "max": 34.0828895569,
        "mean": 20.8420696259,
        "median": 20.5954055786,
        "min": 6.45548963547,
        "var": 40.2034492493
    },
    "erbbands_flatness_db": {
        "dmean": 0.018681621179,
        "dmean2": 0.0256044473499,
        "dvar": 0.000845493865199,
        "dvar2": 0.00102642539423,
        "max": 0.640886068344,
        "mean": 0.463556885719,
        "median": 0.487465471029,
        "min": 0.197452947497,
        "var": 0.00730678392574
    },
    "erbbands_kurtosis": {
        "dmean": 7.87218093872,
        "dmean2": 10.8106174469,
        "dvar": 198.174316406,
        "dvar2": 340.617950439,
        "max": 167.973312378,
        "mean": 23.4586448669,
        "median": 9.34763431549,
        "min": -1.85215961933,
        "var": 1271.55432129
    },
    "erbbands_skewness": {
        "dmean": 0.597761571407,
        "dmean2": 0.830501437187,
        "dvar": 0.494333088398,
        "dvar2": 0.974294185638,
        "max": 6.97570610046,
        "mean": 1.82114672661,
        "median": 1.5633790493,
        "min": -1.52744066715,
        "var": 3.33820605278
    },
    "erbbands_spread": {
        "dmean": 0.689962983131,
        "dmean2": 0.93636739254,
        "dvar": 1.2331032753,
        "dvar2": 1.82287430763,
        "max": 13.4219179153,
        "mean": 3.21029663086,
        "median": 2.21177721024,
        "min": 0.241401985288,
        "var": 9.01109695435
    },
    "hfc": {
        "dmean": 1.41495251656,
        "dmean2": 1.99548971653,
        "dvar": 6.08344459534,
        "dvar2": 11.6982765198,
        "max": 26.5582847595,
        "mean": 9.0638628006,
        "median": 7.32010126114,
        "min": 0.133818253875,
        "var": 46.98985672
    },
    "melbands_crest": {
        "dmean": 1.59667658806,
        "dmean2": 2.36691403389,
        "dvar": 6.37591266632,
        "dvar2": 11.2784023285,
        "max": 32.9528694153,
        "mean": 20.1707420349,
        "median": 20.0629196167,
        "min": 7.41917467117,
        "var": 30.3218040466
    },
    "melbands_flatness_db": {
        "dmean": 0.0216995887458,
        "dmean2": 0.0290217418224,
        "dvar": 0.000980858458206,
        "dvar2": 0.0012922429014,
        "max": 0.724264979362,
        "mean": 0.535193145275,
        "median": 0.544085204601,
        "min": 0.268872708082,
        "var": 0.00931631494313
    },
    "melbands_kurtosis": {
        "dmean": 5.83252668381,
        "dmean2": 8.26778125763,
        "dvar": 74.0009841919,
        "dvar2": 157.18145752,
        "max": 85.9415740967,
        "mean": 16.1886615753,
        "median": 10.7201986313,
        "min": -1.6693905592,
        "var": 313.540283203
    },
    "melbands_skewness": {
        "dmean": 0.473704129457,
        "dmean2": 0.67906588316,
        "dvar": 0.341491758823,
        "dvar2": 0.602589964867,
        "max": 4.76815032959,
        "mean": 1.26537036896,
        "median": 1.45338106155,
        "min": -2.34141230583,
        "var": 2.83174157143
    },
    "melbands_spread": {
        "dmean": 0.598663985729,
        "dmean2": 0.886784791946,
        "dvar": 1.02634990215,
        "dvar2": 1.99438071251,
        "max": 10.1967735291,
        "mean": 2.21701622009,
        "median": 1.27409672737,
        "min": 0.258101433516,
        "var": 4.24854040146
    },
    "pitch_salience": {
        "dmean": 0.056415438652,
        "dmean2": 0.0836950615048,
        "dvar": 0.00672758882865,
        "dvar2": 0.0121452054009,
        "max": 0.824358284473,
        "mean": 0.312855452299,
        "median": 0.307800292969,
        "min": 0.0401116423309,
        "var": 0.0246257148683
    },
    "silence_rate_20dB": {
        "dmean": 0,
        "dmean2": 0,
        "dvar": 0,
        "dvar2": 0,
        "max": 1,
        "mean": 1,
        "median": 1,
        "min": 1,
        "var": 0
    },
    "silence_rate_30dB": {
        "dmean": 0,
        "dmean2": 0,
        "dvar": 0,
        "dvar2": 0,
        "max": 1,
        "mean": 1,
        "median": 1,
        "min": 1,
        "var": 0
    },
    "silence_rate_60dB": {
        "dmean": 0.0266666673124,
        "dmean2": 0.0535117052495,
        "dvar": 0.0259555205703,
        "dvar2": 0.0506482869387,
        "max": 1,
        "mean": 0.119601331651,
        "median": 0,
        "min": 0,
        "var": 0.105297014117
    },
    "spectral_centroid": {
        "dmean": 20.4291152954,
        "dmean2": 28.2705574036,
        "dvar": 1261.08374023,
        "dvar2": 2301.46240234,
        "max": 792.730285645,
        "mean": 510.400268555,
        "median": 505.607116699,
        "min": 393.180389404,
        "var": 8124.15527344
    },
    "spectral_complexity": {
        "dmean": 0.656666696072,
        "dmean2": 1.12374579906,
        "dvar": 0.798789322376,
        "dvar2": 1.84087598324,
        "max": 11,
        "mean": 3.49169445038,
        "median": 3,
        "min": 1,
        "var": 3.06056237221
    },
    "spectral_decrease": {
        "dmean": 6.6963090628e-10,
        "dmean2": 9.00370666912e-10,
        "dvar": 1.42044912693e-18,
        "dvar2": 2.36095069167e-18,
        "max": -4.62354911301e-11,
        "mean": -4.74975259124e-09,
        "median": -3.22993987112e-09,
        "min": -1.44874938712e-08,
        "var": 1.58948611141e-17
    },
    "spectral_energy": {
        "dmean": 0.002650950104,
        "dmean2": 0.0035766211804,
        "dvar": 2.21937189053e-05,
        "dvar2": 3.71375572286e-05,
        "max": 0.0567050948739,
        "mean": 0.0187487136573,
        "median": 0.0128621151671,
        "min": 0.000186640871107,
        "var": 0.000244687340455
    },
    "spectral_energyband_high": {
        "dmean": 1.74696779709e-07,
        "dmean2": 2.60300907939e-07,
        "dvar": 1.38137561828e-13,
        "dvar2": 2.69996508874e-13,
        "max": 3.77607238988e-06,
        "mean": 6.2325767658e-07,
        "median": 4.9590329354e-07,
        "min": 4.31694253678e-08,
        "var": 3.35171370909e-13
    },
    "spectral_energyband_low": {
        "dmean": 4.23959136242e-06,
        "dmean2": 7.24048732081e-06,
        "dvar": 3.98518718026e-11,
        "dvar2": 9.94428289713e-11,
        "max": 9.23968764255e-05,
        "mean": 7.67499204812e-06,
        "median": 3.73368106921e-06,
        "min": 8.78420394201e-08,
        "var": 1.47960463326e-10
    },
    "spectral_energyband_middle_high": {
        "dmean": 0.000213567444007,
        "dmean2": 0.000327356770867,
        "dvar": 5.81918357057e-07,
        "dvar2": 1.34906224503e-06,
        "max": 0.0105952247977,
        "mean": 0.000517472799402,
        "median": 9.11642273422e-05,
        "min": 2.30476962315e-06,
        "var": 1.87197599644e-06
    },
    "spectral_energyband_middle_low": {
        "dmean": 0.00262042647228,
        "dmean2": 0.00348446471617,
        "dvar": 2.20396614168e-05,
        "dvar2": 3.69137815142e-05,
        "max": 0.0566941946745,
        "mean": 0.0182469394058,
        "median": 0.0128397895023,
        "min": 0.000168649450643,
        "var": 0.00024100994051
    },
    "spectral_entropy": {
        "dmean": 0.213545739651,
        "dmean2": 0.281421661377,
        "dvar": 0.0855905413628,
        "dvar2": 0.104399472475,
        "max": 8.08439064026,
        "mean": 4.58026123047,
        "median": 4.47302675247,
        "min": 3.00211286545,
        "var": 0.677882790565
    },
    "spectral_flux": {
        "dmean": 0.0155095895752,
        "dmean2": 0.0237328000367,
        "dvar": 0.0005681492039,
        "dvar2": 0.00125509186182,
        "max": 0.180498257279,
        "mean": 0.0246408153325,
        "median": 0.0149530805647,
        "min": 0.00223348522559,
        "var": 0.000728739483748
    },
    "spectral_kurtosis": {
        "dmean": 18.2313957214,
        "dmean2": 28.1107654572,
        "dvar": 482.581359863,
        "dvar2": 940.51965332,
        "max": 298.371398926,
        "mean": 90.2964859009,
        "median": 80.8254394531,
        "min": 2.30980634689,
        "var": 2825.20996094
    },
    "spectral_rms": {
        "dmean": 0.000350157439243,
        "dmean2": 0.000467215490062,
        "dvar": 3.7427187749e-07,
        "dvar2": 5.78356662118e-07,
        "max": 0.00743787921965,
        "mean": 0.0038640415296,
        "median": 0.00354237272404,
        "min": 0.000426718470408,
        "var": 3.36060179507e-06
    },
    "spectral_rolloff": {
        "dmean": 41.8461914062,
        "dmean2": 74.6820449829,
        "dvar": 10157.7158203,
        "dvar2": 20932.9394531,
        "max": 1033.59375,
        "mean": 589.266540527,
        "median": 602.9296875,
        "min": 409.130859375,
        "var": 28495.1289062
    },
    "spectral_skewness": {
        "dmean": 0.866038382053,
        "dmean2": 1.32946276665,
        "dvar": 0.81871676445,
        "dvar2": 1.55800569057,
        "max": 14.9025268555,
        "mean": 7.5875749588,
        "median": 7.38134670258,
        "min": 1.82400524616,
        "var": 5.82749319077
    },
    "spectral_spread": {
        "dmean": 453526.5,
        "dmean2": 642885,
        "dvar": 1.27578708378e+12,
        "dvar2": 748410634240,
        "max": 28756328,
        "mean": 1598290.625,
        "median": 1366512.875,
        "min": 427406.59375,
        "var": 3.36393194701e+12
    },
    "spectral_strongpeak": {
        "dmean": 0.329846769571,
        "dmean2": 0.451317280531,
        "dvar": 0.350335806608,
        "dvar2": 0.779356181622,
        "max": 7.83577060699,
        "mean": 2.14614605904,
        "median": 2.17619609833,
        "min": 0.0602336935699,
        "var": 1.49464142323
    },
    "zerocrossingrate": {
        "dmean": 0.00144694012124,
        "dmean2": 0.00166244246066,
        "dvar": 3.82629968954e-06,
        "dvar2": 4.65836137664e-06,
        "max": 0.0439453125,
        "mean": 0.0238819811493,
        "median": 0.02294921875,
        "min": 0.0048828125,
        "var": 3.46559318132e-05
    },
    "barkbands": {
        "dmean": [7.72211663502e-08, 2.27678512488e-07, 2.39113774114e-06, 3.44381442119e-06, 2.10406742553e-05, 0.00101568945684, 0.000857824692503, 0.000507410615683, 0.00103031320032, 4.95401727676e-05, 0.000171798048541, 1.68081187439e-05, 1.2834181689e-05, 4.71588919027e-07, 2.05017795452e-06, 2.93141880547e-07, 1.12042727096e-07, 1.39772254215e-07, 5.34749950987e-08, 5.22711047779e-08, 3.96248616141e-08, 2.96667561628e-08, 1.69537930361e-08, 1.97335161545e-08, 2.94707387383e-08, 2.68929252201e-08, 5.19624947515e-08],
        "dmean2": [1.10706324108e-07, 3.60706025049e-07, 4.36240679846e-06, 6.05884360994e-06, 2.83949102595e-05, 0.00121771730483, 0.00113599945325, 0.000712795415893, 0.00165848096367, 8.29209820949e-05, 0.000258496671449, 2.90774260066e-05, 2.03293911909e-05, 7.48079173718e-07, 3.43228157362e-06, 4.46552235189e-07, 1.73869565856e-07, 2.34542653743e-07, 8.61181064238e-08, 8.39241423023e-08, 6.30474517038e-08, 4.81584194745e-08, 2.57532146719e-08, 3.30949880833e-08, 4.96515397685e-08, 4.39158753807e-08, 8.12068421396e-08],
        "dvar": [5.16640549786e-13, 1.01911317926e-12, 9.9173724788e-12, 2.6121549368e-11, 6.60601839897e-09, 5.94296579948e-06, 3.51787821273e-06, 3.19016021422e-06, 7.31603086024e-06, 2.25226717276e-08, 5.29409703631e-07, 1.57065649375e-08, 1.65001889929e-09, 7.91922842407e-13, 9.60853063781e-11, 4.416263633e-13, 3.48289038127e-14, 7.5831884988e-14, 6.2926759513e-15, 8.48152555404e-15, 5.38957450514e-15, 4.85999510696e-15, 1.88949757126e-15, 2.04540838477e-15, 1.77601057233e-14, 6.89337816497e-15, 1.01269590519e-14],
        "dvar2": [7.06027846863e-13, 1.52340932837e-12, 3.11729600466e-11, 5.98407712271e-11, 9.80513803484e-09, 6.71690713716e-06, 5.53142945137e-06, 5.36485504199e-06, 1.72045183717e-05, 6.04022218909e-08, 1.24552354919e-06, 4.42291714364e-08, 3.67404151547e-09, 1.87798843317e-12, 2.67367822326e-10, 6.82174043816e-13, 6.46737302384e-14, 1.84898794951e-13, 1.21807496747e-14, 1.68167058377e-14, 1.06223157779e-14, 9.89080457212e-15, 4.44627202827e-15, 5.29932907384e-15, 3.29956399117e-14, 1.7823470564e-14, 2.37977938408e-14],
        "max": [1.06980933197e-05, 1.46006232171e-05, 3.32601121045e-05, 8.08147233329e-05, 0.00179180665873, 0.0378646813333, 0.0213220603764, 0.0248784348369, 0.0380676649511, 0.0012595790904, 0.010353775695, 0.00167531426996, 0.000559680105653, 1.05769941001e-05, 0.000106474188215, 1.15270795504e-05, 3.31171690959e-06, 3.57606268153e-06, 9.30309056457e-07, 1.23479912872e-06, 8.06668651876e-07, 8.42338295115e-07, 4.66011528033e-07, 4.2432105829e-07, 1.88461683592e-06, 8.32719308619e-07, 1.20529057313e-06],
        "mean": [9.40012299111e-08, 3.27131573385e-07, 3.03584533867e-06, 5.98213819103e-06, 7.54982029321e-05, 0.00781019264832, 0.0050043053925, 0.00194426311646, 0.00332512520254, 9.74490176304e-05, 0.00042246322846, 2.79494306596e-05, 2.6220750442e-05, 8.86013879153e-07, 2.94483152175e-06, 6.49168157452e-07, 2.19357048081e-07, 2.7462525054e-07, 1.3038139457e-07, 1.24968082105e-07, 1.01165639421e-07, 6.3553031282e-08, 4.48970212119e-08, 4.64952307766e-08, 5.65237918693e-08, 4.62588971573e-08, 2.19287130676e-07],
        "median": [1.55035770888e-08, 1.47939445583e-07, 1.52775851348e-06, 2.72509396382e-06, 4.90280581289e-06, 0.00201128958724, 0.00191647734027, 7.9454635852e-05, 0.000312071060762, 1.39892208608e-05, 1.46201600728e-05, 1.69832401298e-06, 1.6473869664e-06, 4.59480759218e-07, 8.32276100482e-07, 2.65169575187e-07, 1.49955909023e-07, 1.64312908169e-07, 1.02834093241e-07, 9.02296335425e-08, 7.26100850557e-08, 3.94128143455e-08, 3.06464293942e-08, 3.07991356863e-08, 2.7632824029e-08, 2.47850042712e-08, 2.04568934237e-07],
        "min": [2.39546993352e-10, 8.90990747848e-09, 2.24336531573e-08, 1.22472307851e-08, 1.23962848875e-07, 3.1571787531e-06, 8.34772617964e-06, 6.40855262191e-07, 2.92958338832e-06, 1.35734183004e-07, 1.05329853284e-07, 1.15281892477e-07, 9.50171070713e-08, 1.73549210558e-08, 3.44454171852e-08, 6.15106987567e-09, 9.17263331957e-09, 1.19939818077e-08, 9.74750502536e-09, 1.05617372625e-08, 6.409550668e-09, 3.86921072959e-09, 2.37124941904e-09, 2.53195575617e-09, 1.74044179069e-09, 9.89758941472e-10, 1.63806976872e-08],
        "var": [5.95847698438e-13, 1.27937482657e-12, 1.93920851599e-11, 9.88055262607e-11, 7.79233388926e-08, 0.000117614297778, 3.49812944478e-05, 1.98625966732e-05, 4.38959614257e-05, 4.26854498414e-08, 1.7652267843e-06, 1.30365505058e-08, 4.69650851542e-09, 1.92306912582e-12, 7.72124100767e-11, 1.92868485939e-12, 7.72091131264e-14, 1.79721160371e-13, 1.50104114658e-14, 1.95025253406e-14, 1.20696147168e-14, 9.25527151663e-15, 3.00994428356e-15, 3.30289803991e-15, 2.63607427445e-14, 8.12124856025e-15, 2.80734281172e-14]
    },
    "erbbands": {
        "dmean": [6.38521851215e-06, 6.78388314554e-05, 0.00154309684876, 0.00849632080644, 0.0168792828918, 0.0878143310547, 0.335420280695, 9.12785053253, 16.4976215363, 7.43829011917, 19.3213920593, 20.1646957397, 7.93122291565, 2.01421570778, 6.83895254135, 0.651516437531, 0.620889365673, 0.0470590032637, 0.0964534878731, 0.0628615021706, 0.0095401071012, 0.00477882986888, 0.00632560951635, 0.00445824163035, 0.00251499493606, 0.00257721589878, 0.00144231086597, 0.00181165221147, 0.00119274947792, 0.000688222411554, 0.000489846337587, 0.000476123153931, 0.000357563694706, 0.000473093794426, 8.46085531521e-05, 0.00016920818598, 3.45547123288e-05, 4.57766946056e-05, 5.41407234778e-06, 3.26351414515e-06],
        "dmean2": [9.59913995757e-06, 0.000110369175673, 0.00277964607812, 0.0145116839558, 0.0274218115956, 0.117925882339, 0.408239603043, 11.5232448578, 21.0848827362, 9.39179134369, 28.6953849792, 31.7168712616, 11.7124938965, 3.11459827423, 9.88340091705, 1.01298737526, 0.957144856453, 0.0704840198159, 0.168574526906, 0.093069717288, 0.0146770430729, 0.00759215885773, 0.010552204214, 0.00754941347986, 0.00399675406516, 0.00423772726208, 0.00221836636774, 0.00294639682397, 0.00191515579354, 0.00117174291518, 0.000748377060518, 0.000769421341829, 0.000601167150307, 0.000810167752206, 0.000141314172652, 0.000297267717542, 5.49183787371e-05, 7.20346870366e-05, 8.41407199914e-06, 4.41657311967e-06],
        "dvar": [1.30493693629e-09, 4.23904467084e-08, 4.04045522373e-06, 0.000168125261553, 0.00316460733302, 0.157799437642, 0.657875239849, 502.097930908, 1590.07971191, 1007.71990967, 3145.66503906, 3191.42822266, 750.936950684, 36.908531189, 850.820068359, 6.56672430038, 4.07587337494, 0.0104589210823, 0.333149850368, 0.0163403861225, 0.000232099671848, 5.42804118595e-05, 0.000151332787937, 6.8310808274e-05, 1.60744839377e-05, 2.70285636361e-05, 6.63625769448e-06, 1.38184286698e-05, 7.63439584262e-06, 3.01550107906e-06, 1.34994411383e-06, 1.09653183245e-06, 1.03114143712e-06, 5.34198170499e-06, 4.12219485213e-08, 3.39950275929e-07, 6.77171696495e-09, 9.97259697044e-09, 6.80363196337e-11, 2.65116470444e-11],
        "dvar2": [1.81789816533e-09, 6.69044624146e-08, 1.20732311188e-05, 0.000393958413042, 0.00616023922339, 0.244987815619, 0.811534643173, 635.972839355, 2122.7668457, 1393.65893555, 5735.97802734, 7173.72998047, 1101.25585938, 90.505065918, 1927.37353516, 15.1018562317, 8.27017879486, 0.02152113989, 0.928025245667, 0.0329927206039, 0.000431174208643, 0.000100840959931, 0.000352568313247, 0.000160277835676, 3.34516662406e-05, 5.58167266718e-05, 1.08028443719e-05, 3.06699148496e-05, 1.56892674568e-05, 6.94063646733e-06, 3.05918388221e-06, 2.71391672868e-06, 2.2084423108e-06, 1.0020143236e-05, 8.64309654958e-08, 9.61133423516e-07, 1.48233478825e-08, 2.35818564676e-08, 1.57616433794e-10, 4.61947285979e-11],
        "max": [0.00053779600421, 0.00297058839351, 0.0229599699378, 0.215630635619, 0.813071131706, 8.39274597168, 15.887711525, 330.7918396, 564.942138672, 619.858581543, 681.452575684, 1052.30187988, 436.195465088, 89.37134552, 385.194976807, 42.3424377441, 30.0303173065, 1.63058686256, 6.69953584671, 1.81234765053, 0.208862140775, 0.11313457042, 0.181774184108, 0.0982715934515, 0.0551422387362, 0.055857591331, 0.034899353981, 0.0398972779512, 0.0313587523997, 0.0162371993065, 0.0125397164375, 0.0115851769224, 0.0117148160934, 0.0319314748049, 0.00282778358087, 0.00570584321395, 0.00081636721734, 0.00122772890609, 0.00010073537851, 6.36764598312e-05],
        "mean": [1.12201869342e-05, 0.000119116637507, 0.00227560778148, 0.0164665579796, 0.0380277261138, 0.401481628418, 1.69155204296, 68.6715164185, 125.460266113, 24.2986564636, 73.3586807251, 66.4714126587, 22.1381263733, 4.68972063065, 16.611158371, 1.43837690353, 1.41938567162, 0.116075113416, 0.107427366078, 0.141631171107, 0.024911981076, 0.011318160221, 0.0135606434196, 0.0104922605678, 0.00611493457109, 0.00609078258276, 0.00408947048709, 0.00401202309877, 0.00250967778265, 0.00163637369405, 0.00128717441112, 0.00106645061169, 0.000817096792161, 0.000833385682199, 0.000249240460107, 0.000220663248911, 7.9748700955e-05, 0.000127309496747, 3.00541269098e-05, 2.42921778408e-05],
        "median": [6.84937776896e-06, 7.3653725849e-05, 0.00130245636683, 0.00802598614246, 0.0112215671688, 0.0377986803651, 0.551270782948, 17.3626327515, 39.0413017273, 9.99349689484, 7.25278139114, 11.2155714035, 4.28578424454, 1.03178846836, 0.560113787651, 0.208725780249, 0.132422164083, 0.0373584143817, 0.0338805094361, 0.0389614365995, 0.0153905302286, 0.00853763706982, 0.0087870452553, 0.0074668796733, 0.00467740278691, 0.0041217119433, 0.0031435508281, 0.00270952051505, 0.00152628344949, 0.00109611114021, 0.000876806734595, 0.000664075894747, 0.000493267260026, 0.00033383857226, 0.000187953555724, 9.09757654881e-05, 5.4109692428e-05, 9.16083081393e-05, 2.94251167361e-05, 1.88323010661e-05],
        "min": [3.0761938774e-07, 5.29155613549e-06, 9.30547321332e-05, 0.000306585163344, 0.000499513465911, 0.00143547274638, 0.00790939014405, 0.0463873520494, 0.120743066072, 0.0575799308717, 0.162574380636, 0.142391964793, 0.0854700356722, 0.0206347312778, 0.0162050183862, 0.0124994674698, 0.00839667022228, 0.0035348655656, 0.00272076600231, 0.00207502581179, 0.00061039760476, 0.000674421142321, 0.000601638574153, 0.000704884470906, 0.000516974367201, 0.000407296029152, 0.000351969356416, 0.000193546453374, 0.000124378260807, 0.00012198415061, 7.68806494307e-05, 7.39275637898e-05, 4.92610452056e-05, 3.74205883418e-05, 1.44196337715e-05, 4.18985928263e-06, 5.02002558278e-06, 7.9540131992e-06, 3.67711004401e-06, 1.43382749229e-06],
        "var": [1.53752954812e-09, 5.90216266971e-08, 9.02166812011e-06, 0.000750452920329, 0.00943729188293, 2.08189439774, 5.55804872513, 9046.20605469, 27518.4140625, 4222.85839844, 17951.7578125, 23023.8417969, 3446.48828125, 98.7491836548, 2918.28027344, 12.6384925842, 13.1827898026, 0.043567456305, 0.242430269718, 0.0708783119917, 0.000880814448465, 0.000130824613734, 0.000389416964026, 0.000132818036946, 3.51771450369e-05, 5.982186849e-05, 1.74333072209e-05, 2.45661285589e-05, 1.44019550135e-05, 4.8537958719e-06, 2.36117489294e-06, 1.91802200789e-06, 1.58730813382e-06, 7.79350102675e-06, 8.66882317041e-08, 2.96275544542e-07, 1.14692726427e-08, 1.95139531201e-08, 1.60636212665e-10, 2.66030447671e-10]
    },
    "gfcc": {
        "mean": [-249.33656311, 137.924118042, -103.019691467, -85.7440185547, -102.389297485, -46.6646614075, -28.4724617004, -6.12233781815, -4.28063631058, 0.660231769085, -1.79139840603, -4.01111125946, -5.3162150383],
        "cov": [[1048.9230957, 66.4322433472, -58.5654678345, 36.3560333252, 65.9169464111, 102.336875916, -156.896713257, -208.032974243, -200.034927368, 20.1256656647, 120.055465698, 229.688201904, 130.119812012], [66.4322433472, 388.959716797, -81.4190063477, -259.454528809, -31.9284896851, -89.0923614502, -18.3329467773, -122.898460388, 18.634475708, 5.34511709213, 61.2387886047, -4.612657547, 102.955848694], [-58.5654678345, -81.4190063477, 232.646270752, 207.900970459, 1.78574097157, -52.2865066528, -80.9013442993, -8.61974811554, 2.0332198143, 15.5861606598, -39.3950538635, -3.40786409378, -3.22677135468], [36.3560333252, -259.454528809, 207.900970459, 469.987548828, 93.4386672974, -8.71603393555, -127.354934692, -12.6050214767, -43.2325515747, -6.90267419815, -55.2024421692, 47.0088768005, 1.44732689857], [65.9169464111, -31.9284896851, 1.78574097157, 93.4386672974, 126.521148682, 83.4240646362, -23.8248901367, -31.4979972839, -67.8965835571, -12.381444931, -26.1058940887, 15.7935695648, -31.9010734558], [102.336875916, -89.0923614502, -52.2865066528, -8.71603393555, 83.4240646362, 278.735595703, 125.537017822, 15.2026004791, -160.022674561, -43.6466331482, -38.1152458191, -5.54951000214, -136.714889526], [-156.896713257, -18.3329467773, -80.9013442993, -127.354934692, -23.8248901367, 125.537017822, 220.762313843, 126.643882751, -10.3991956711, -50.5154838562, -60.6746940613, -91.030632019, -130.006942749], [-208.032974243, -122.898460388, -8.61974811554, -12.6050214767, -31.4979972839, 15.2026004791, 126.643882751, 226.225448608, 102.963409424, -40.9424324036, -127.070091248, -126.856391907, -115.994972229], [-200.034927368, 18.634475708, 2.0332198143, -43.2325515747, -67.8965835571, -160.022674561, -10.3991956711, 102.963409424, 212.548217773, 41.163192749, -39.2828979492, -103.81427002, 5.95304584503], [20.1256656647, 5.34511709213, 15.5861606598, -6.90267419815, -12.381444931, -43.6466331482, -50.5154838562, -40.9424324036, 41.163192749, 75.7759552002, 63.9308738708, 8.85840511322, 4.6025056839], [120.055465698, 61.2387886047, -39.3950538635, -55.2024421692, -26.1058940887, -38.1152458191, -60.6746940613, -127.070091248, -39.2828979492, 63.9308738708, 181.318664551, 135.095535278, 98.3091583252], [229.688201904, -4.612657547, -3.40786409378, 47.0088768005, 15.7935695648, -5.54951000214, -91.030632019, -126.856391907, -103.81427002, 8.85840511322, 135.095535278, 245.144195557, 178.116394043], [130.119812012, 102.955848694, -3.22677135468, 1.44732689857, -31.9010734558, -136.714889526, -130.006942749, -115.994972229, 5.95304584503, 4.6025056839, 98.3091583252, 178.116394043, 265.850067139]],
        "icov": [[0.00190119899344, -0.00169194757473, 0.00184079410974, -0.00111728254706, 0.00196645781398, -0.00139696057886, 0.00249611469917, -0.00146164302714, 0.00203046319075, -0.00294080586173, 0.00185356556904, -0.00197979412042, 0.000500071037095], [-0.00169194757473, 0.0135100502521, -0.00503536360338, 0.00899462215602, -0.00768343918025, 0.00534286769107, -0.00544878048822, 0.0117327645421, -0.00423707161099, 0.0101221483201, -0.0029942013789, 0.00705854827538, -0.00393603928387], [0.00184079410974, -0.00503536360338, 0.0133669720963, -0.00755547452718, 0.00815269630402, 0.00119682517834, 0.00328530278057, -0.00409849267453, 0.0085037779063, -0.0138070164248, 0.00945432577282, -0.00414075702429, 0.00199130410329], [-0.00111728254706, 0.00899462215602, -0.00755547452718, 0.0115232709795, -0.00847315322608, 0.00358075415716, -0.000815377687104, 0.00608443142846, -0.00328039657325, 0.00911104958504, -0.00223655463196, 0.00264213257469, -0.00103767623659], [0.00196645781398, -0.00768343918025, 0.00815269630402, -0.00847315322608, 0.0220816470683, -0.00789311900735, 0.00798703636974, -0.00256614526734, 0.00286061223596, -0.0081503437832, 0.00916888564825, -0.0076384996064, 0.00533917872235], [-0.00139696057886, 0.00534286769107, 0.00119682517834, 0.00358075415716, -0.00789311900735, 0.0219896677881, -0.0108899232, 0.00245960080065, 0.0138759007677, -0.00781874451786, 0.00674034375697, -0.000138425268233, 0.00214340398088], [0.00249611469917, -0.00544878048822, 0.00328530278057, -0.000815377687104, 0.00798703636974, -0.0108899232, 0.0228158142418, -0.0116415638477, 0.000814921979327, 0.00624191574752, -0.00460776221007, -0.0014827621635, 0.00494004879147], [-0.00146164302714, 0.0117327645421, -0.00409849267453, 0.00608443142846, -0.00256614526734, 0.00245960080065, -0.0116415638477, 0.0337159410119, -0.0226671863347, 0.0201455354691, 0.00560786295682, -0.00530009577051, 0.00769962649792], [0.00203046319075, -0.00423707161099, 0.0085037779063, -0.00328039657325, 0.00286061223596, 0.0138759007677, 0.000814921979327, -0.0226671863347, 0.0436468459666, -0.0387350283563, 0.0106864701957, 0.0106396945193, -0.0126313883811], [-0.00294080586173, 0.0101221483201, -0.0138070164248, 0.00911104958504, -0.0081503437832, -0.00781874451786, 0.00624191574752, 0.0201455354691, -0.0387350283563, 0.0728397965431, -0.0317514128983, 0.00253791734576, 0.0137929981574], [0.00185356556904, -0.0029942013789, 0.00945432577282, -0.00223655463196, 0.00916888564825, 0.00674034375697, -0.00460776221007, 0.00560786295682, 0.0106864701957, -0.0317514128983, 0.0363685078919, -0.0176095645875, 0.00379908969626], [-0.00197979412042, 0.00705854827538, -0.00414075702429, 0.00264213257469, -0.0076384996064, -0.000138425268233, -0.0014827621635, -0.00530009577051, 0.0106396945193, 0.00253791734576, -0.0176095645875, 0.0322376079857, -0.0212237406522], [0.000500071037095, -0.00393603928387, 0.00199130410329, -0.00103767623659, 0.00533917872235, 0.00214340398088, 0.00494004879147, 0.00769962649792, -0.0126313883811, 0.0137929981574, 0.00379908969626, -0.0212237406522, 0.0254479516298]]
    },
    "melbands": {
        "dmean": [5.92210618322e-08, 6.08176492278e-07, 1.51284791627e-06, 3.29476938532e-06, 7.48795218897e-06, 0.000234494626056, 0.000230117919273, 7.52609994379e-05, 0.000186781791854, 0.00012027854973, 3.70915186068e-05, 6.17511341261e-06, 2.67049017566e-05, 3.75595459445e-06, 1.52131758568e-06, 7.59309614295e-07, 4.09201845741e-08, 1.45901239534e-07, 1.1015552559e-07, 4.89645373136e-08, 8.95129481648e-09, 5.9595777202e-09, 3.93757826345e-09, 8.84665229961e-09, 3.33113758799e-09, 1.93268001603e-09, 2.0374912868e-09, 1.77895642661e-09, 1.01752462012e-09, 9.83405468169e-10, 1.18272158733e-09, 6.85157264257e-10, 5.89041870835e-10, 3.55836249355e-10, 3.20695858758e-10, 2.71074718228e-10, 3.32926325397e-10, 1.99311622762e-10, 5.36876043622e-10, 3.19648557623e-10],
        "dmean2": [9.10019792855e-08, 1.09596123821e-06, 2.55077202382e-06, 4.57158785139e-06, 9.1531446742e-06, 0.000288868497591, 0.000291701056994, 9.51952533796e-05, 0.000283251720248, 0.000188863268704, 5.59385916858e-05, 9.82630353974e-06, 3.96516988985e-05, 5.4532665672e-06, 2.47964999289e-06, 1.11383235435e-06, 6.55807852468e-08, 2.54112109133e-07, 1.80275506523e-07, 7.00463758108e-08, 1.45086778147e-08, 9.5072705264e-09, 6.38071728787e-09, 1.49804080252e-08, 5.65245539264e-09, 3.15000869833e-09, 3.27992943916e-09, 3.02731817392e-09, 1.61077973182e-09, 1.54767043625e-09, 1.92265248167e-09, 1.0907453829e-09, 9.98529259277e-10, 5.82664250182e-10, 4.96001628658e-10, 4.36831515405e-10, 5.48687539847e-10, 3.48978984599e-10, 9.04343266939e-10, 5.44892020393e-10],
        "dvar": [1.14073531979e-13, 6.20160064795e-13, 7.12402359326e-12, 1.87402135476e-10, 6.50945630731e-10, 3.41603197285e-07, 2.85320396642e-07, 9.01934029685e-08, 2.66179711161e-07, 1.02373597599e-07, 1.87940933927e-08, 3.00379415785e-10, 1.34766713344e-08, 4.93785845546e-10, 2.19851151173e-11, 7.19814572531e-12, 5.66037475003e-15, 7.49766459855e-13, 1.83064487506e-13, 9.48772192131e-15, 2.88738814522e-16, 8.4599275109e-17, 3.45563502096e-17, 3.96094470174e-16, 4.07553112032e-17, 7.56251363952e-18, 1.04691212601e-17, 1.41519138085e-17, 3.07195523476e-18, 3.41426449252e-18, 5.84542358625e-18, 2.40726556815e-18, 1.99805642398e-18, 8.59277443368e-19, 5.58263264834e-19, 2.67524763309e-19, 5.5562455868e-19, 2.35499612864e-19, 6.31171067422e-18, 2.09143911808e-18],
        "dvar2": [1.61548901968e-13, 1.86650369639e-12, 1.57175435861e-11, 3.02152441956e-10, 8.09556366388e-10, 4.11871951655e-07, 3.75798208552e-07, 1.24439566207e-07, 5.53406323434e-07, 2.20925983285e-07, 2.78892962058e-08, 7.69776520304e-10, 3.12289394344e-08, 1.08090758566e-09, 5.79294424929e-11, 1.32504311343e-11, 1.30269897991e-14, 2.08507408388e-12, 5.03639176804e-13, 1.49526370425e-14, 5.06142102412e-16, 1.53344025739e-16, 8.09015593952e-17, 9.47758187814e-16, 9.69068822083e-17, 1.55092907239e-17, 2.31612076984e-17, 3.05995218233e-17, 5.93684482832e-18, 6.84220186697e-18, 1.38506629012e-17, 5.00345794743e-18, 4.40178993091e-18, 2.12928511265e-18, 1.27811822688e-18, 5.84976855921e-19, 1.3895819518e-18, 6.13970983957e-19, 1.1618780716e-17, 3.99510368762e-18],
        "max": [4.98806093674e-06, 8.17794534669e-06, 3.25627624989e-05, 0.0002740554919, 0.000537752464879, 0.00874600093812, 0.00757176056504, 0.00577194662765, 0.00597779359668, 0.00571214687079, 0.00217199674807, 0.000223429990001, 0.00164156849496, 0.000376718875486, 4.77577850688e-05, 4.21993499913e-05, 8.20733646378e-07, 1.05494136733e-05, 5.090841114e-06, 1.53105452227e-06, 2.76004385569e-07, 1.50288258283e-07, 5.50608483252e-08, 2.89626854055e-07, 8.1433931598e-08, 3.16498258712e-08, 4.95487491037e-08, 3.64504693096e-08, 2.34596377879e-08, 2.36571029433e-08, 2.8379538719e-08, 1.84546369297e-08, 1.49496042212e-08, 9.99778748678e-09, 7.56143592184e-09, 6.2976077686e-09, 8.71074679054e-09, 4.78771022827e-09, 3.64644208162e-08, 2.00481871104e-08],
        "mean": [8.53030854842e-08, 8.15415830857e-07, 2.69038514489e-06, 1.25514670799e-05, 1.84727159649e-05, 0.00182535604108, 0.00171683123335, 0.000220440750127, 0.000677415868267, 0.000381818419555, 9.77817107923e-05, 1.03726906673e-05, 6.64158724248e-05, 6.62104230287e-06, 3.23583958561e-06, 1.72889201622e-06, 8.06361839523e-08, 1.52011779164e-07, 1.80568193286e-07, 1.23744456459e-07, 1.73555783078e-08, 1.21755610039e-08, 8.52628367909e-09, 1.591952703e-08, 7.60089235996e-09, 4.34701963314e-09, 4.38004033043e-09, 3.94158750083e-09, 2.47741716031e-09, 2.4284139144e-09, 2.27538987652e-09, 1.37439626346e-09, 1.14452336497e-09, 8.21594681177e-10, 7.66901542271e-10, 6.22270013295e-10, 6.60594245971e-10, 4.8892512261e-10, 8.60346571763e-10, 5.74214342741e-10],
        "median": [3.50413813521e-08, 4.78152458072e-07, 1.32319007662e-06, 8.80545940163e-07, 1.20758568301e-06, 0.000462786003482, 0.000660916324705, 1.07670075522e-05, 5.53122881684e-05, 4.76656750834e-05, 7.76500110078e-06, 1.29280124384e-06, 1.90104901776e-06, 2.4901572715e-07, 2.22866404442e-07, 1.17713490511e-07, 4.25577333374e-08, 4.02863271631e-08, 6.13122921322e-08, 2.84475785151e-08, 1.21393339825e-08, 8.19749423897e-09, 6.57176535412e-09, 7.81031861408e-09, 5.65734126212e-09, 3.38072903006e-09, 3.43829253957e-09, 2.53111775983e-09, 1.90722948545e-09, 1.74536129993e-09, 1.44630230015e-09, 8.45939263083e-10, 6.66846355912e-10, 5.64848667839e-10, 5.19261356136e-10, 4.24030366375e-10, 3.8187494833e-10, 3.43111788981e-10, 3.21594112451e-10, 2.56571208723e-10],
        "min": [2.05871519832e-09, 1.51738159815e-08, 2.78967640099e-08, 3.35208660829e-08, 1.0111601334e-08, 9.54731717684e-07, 1.67454106759e-06, 7.27830524738e-08, 1.32540861841e-07, 8.96629728686e-07, 1.00670327186e-07, 9.2634815374e-09, 1.52841277412e-08, 1.31315269769e-08, 1.44224641119e-08, 8.86246187548e-09, 1.66254998657e-09, 1.73130065839e-09, 2.91010082698e-09, 8.83742690139e-10, 3.93120841435e-10, 6.19872209118e-10, 3.87547299807e-10, 6.27932983388e-10, 5.53022794225e-10, 2.94152951996e-10, 3.14501924503e-10, 2.1443760656e-10, 2.09039785481e-10, 9.12429229394e-11, 8.61641175076e-11, 7.21627549383e-11, 6.15452688812e-11, 5.61337781813e-11, 3.14905324039e-11, 3.18891336948e-11, 3.27181719217e-11, 2.96878251149e-11, 2.26043055801e-11, 1.75479596132e-11],
        "var": [1.37063009054e-13, 1.20130955964e-12, 1.90788235904e-11, 2.23636709151e-09, 4.55882487316e-09, 6.42149962005e-06, 4.87551415063e-06, 4.02092126706e-07, 1.40169129281e-06, 7.14499037713e-07, 8.63273825757e-08, 5.51192813614e-10, 4.69410288417e-08, 7.4412337403e-10, 5.94717330937e-11, 2.55392790249e-11, 1.53839563836e-14, 5.40449737914e-13, 1.75526761637e-13, 6.1903471715e-14, 5.77218807538e-16, 2.02562807434e-16, 6.46687420614e-17, 9.81256223296e-16, 7.22636960702e-17, 1.75222446707e-17, 2.13722360634e-17, 2.97435090033e-17, 6.45583614261e-18, 8.34847170624e-18, 9.29288366393e-18, 4.37015564916e-18, 3.51529840049e-18, 1.21538826135e-18, 9.24493138343e-19, 5.38207392003e-19, 8.98059961484e-19, 3.61806163292e-19, 9.1451078475e-18, 3.07169508646e-18]
    },
    "mfcc": {
        "mean": [-915.786010742, 188.034912109, 15.7211799622, -40.992149353, -50.848903656, -46.5896720886, -31.9797611237, -20.8729553223, -8.39191627502, -1.66206610203, -0.107551664114, 1.74661529064, 5.39239501953],
        "cov": [[815.124816895, 361.675537109, -194.014465332, -63.7658462524, 19.0307617188, 78.2043838501, 70.8312225342, -7.04708147049, -81.3457794189, -153.652938843, -167.27230835, -73.9430389404, 85.4224777222], [361.675537109, 367.354766846, -65.1793746948, -166.530822754, -38.3589706421, 14.8233613968, 7.41138410568, -30.3906383514, -49.3575668335, -32.2726020813, -59.2024612427, -51.5454177856, -5.5833940506], [-194.014465332, -65.1793746948, 167.920074463, 109.416030884, 38.1396560669, -4.90527200699, -37.5975990295, -26.3449954987, 15.9703645706, 40.7487335205, 51.7066841125, 1.87394082546, -78.3267745972], [-63.7658462524, -166.530822754, 109.416030884, 361.988220215, 172.504135132, 13.7011461258, -61.2276687622, -32.4505157471, 16.7955207825, -7.02243804932, -27.2749633789, -42.2482261658, -51.5473136902], [19.0307617188, -38.3589706421, 38.1396560669, 172.504135132, 162.506988525, 50.0416717529, -33.0453186035, -39.6836280823, -10.6638765335, -17.8491382599, -40.1988334656, -47.1819190979, -33.6280212402], [78.2043838501, 14.8233613968, -4.90527200699, 13.7011461258, 50.0416717529, 157.826477051, 134.086242676, 19.80884552, -57.8674201965, -79.2327651978, -34.2433853149, 14.1109485626, 3.19590258598], [70.8312225342, 7.41138410568, -37.5975990295, -61.2276687622, -33.0453186035, 134.086242676, 238.570129395, 117.422996521, -34.3960494995, -84.4298553467, -13.8019762039, 52.3767433167, 27.2886066437], [-7.04708147049, -30.3906383514, -26.3449954987, -32.4505157471, -39.6836280823, 19.80884552, 117.422996521, 150.133911133, 72.9944000244, 5.03848266602, 19.7473258972, 22.3481864929, 0.824441850185], [-81.3457794189, -49.3575668335, 15.9703645706, 16.7955207825, -10.6638765335, -57.8674201965, -34.3960494995, 72.9944000244, 125.91608429, 90.5295410156, 45.8823204041, -14.1008968353, -43.9905776978], [-153.652938843, -32.2726020813, 40.7487335205, -7.02243804932, -17.8491382599, -79.2327651978, -84.4298553467, 5.03848266602, 90.5295410156, 164.06161499, 146.469055176, 26.8568305969, -87.048789978], [-167.27230835, -59.2024612427, 51.7066841125, -27.2749633789, -40.1988334656, -34.2433853149, -13.8019762039, 19.7473258972, 45.8823204041, 146.469055176, 240.095046997, 127.666824341, -79.8685379028], [-73.9430389404, -51.5454177856, 1.87394082546, -42.2482261658, -47.1819190979, 14.1109485626, 52.3767433167, 22.3481864929, -14.1008968353, 26.8568305969, 127.666824341, 140.811737061, 38.454246521], [85.4224777222, -5.5833940506, -78.3267745972, -51.5473136902, -33.6280212402, 3.19590258598, 27.2886066437, 0.824441850185, -43.9905776978, -87.048789978, -79.8685379028, 38.454246521, 175.31652832]],
