{
"lowlevel": {
    "average_loudness": 0.99068403244,
    "barkbands_crest": {
        "dmean": 2.04501748085,
        "dmean2": 3.40359306335,
        "dvar": 4.23008823395,
        "dvar2": 9.36989974976,
        "max": 20.2142925262,
        "mean": 6.44183588028,
        "median": 5.87666320801,
        "min": 2.00763869286,
        "var": 6.93720245361
    },
    "barkbands_flatness_db": {
        "dmean": 0.0200376752764,
        "dmean2": 0.03374825418,
        "dvar": 0.000338062003721,
        "dvar2": 0.000666862004437,
        "max": 0.2031994313,
        "mean": 0.143650442362,
        "median": 0.148585408926,
        "min": 0.0234662778676,
        "var": 0.000956547854003
    },
    "barkbands_kurtosis": {
        "dmean": 1.66228616238,
        "dmean2": 2.87045001984,
        "dvar": 4.27210092545,
        "dvar2": 12.1248960495,
        "max": 12.7971372604,
        "mean": 1.65489649773,
        "median": 1.07905769348,
        "min": -1.03539776802,
        "var": 5.94241046906
    },
    "barkbands_skewness": {
        "dmean": 0.509304225445,
        "dmean2": 0.859547078609,
        "dvar": 0.215787082911,
        "dvar2": 0.597183227539,
        "max": 3.55729389191,
        "mean": -0.203043743968,
        "median": -0.264217406511,
        "min": -1.86129868031,
        "var": 0.72031968832
    },
    "barkbands_spread": {
        "dmean": 5.08264255524,
        "dmean2": 8.29824924469,
        "dvar": 45.8607444763,
        "dvar2": 127.147865295,
        "max": 69.7118835449,
        "mean": 14.5863161087,
        "median": 11.0515041351,
        "min": 4.98368501663,
        "var": 114.737518311
    },
    "dissonance": {
        "dmean": 0.0100293513387,
        "dmean2": 0.0183068029583,
        "dvar": 8.78250721144e-05,
        "dvar2": 0.000276276521618,
        "max": 0.500000059605,
        "mean": 0.488804340363,
        "median": 0.493127167225,
        "min": 0.437770962715,
        "var": 0.000143419136293
    },
    "dynamic_complexity": 3.41953158379,
    "erbbands_crest": {
        "dmean": 2.44373369217,
        "dmean2": 4.27042484283,
        "dvar": 4.26483821869,
        "dvar2": 9.59085655212,
        "max": 18.8900661469,
        "mean": 7.87581157684,
        "median": 6.94553470612,
        "min": 3.2377166748,
        "var": 7.78835058212
    },
    "erbbands_flatness_db": {
        "dmean": 0.0235327631235,
        "dmean2": 0.0360467806458,
        "dvar": 0.000418104697019,
        "dvar2": 0.000715626170859,
        "max": 0.339193254709,
        "mean": 0.253267556429,
        "median": 0.270490676165,
        "min": 0.0667544901371,
        "var": 0.00322550581768
    },
    "erbbands_kurtosis": {
        "dmean": 0.805043518543,
        "dmean2": 1.40419924259,
        "dvar": 0.83467233181,
        "dvar2": 1.82336306572,
        "max": 5.26735687256,
        "mean": 0.523153603077,
        "median": 0.0626950263977,
        "min": -1.20480382442,
        "var": 1.54248118401
    },
    "erbbands_skewness": {
        "dmean": 0.345463812351,
        "dmean2": 0.570750832558,
        "dvar": 0.082514449954,
        "dvar2": 0.168335571885,
        "max": 2.30482959747,
        "mean": 0.155686199665,
        "median": 0.102193690836,
        "min": -1.04799067974,
        "var": 0.31999206543
    },
    "erbbands_spread": {
        "dmean": 3.30178070068,
        "dmean2": 4.96908664703,
        "dvar": 14.7314958572,
        "dvar2": 32.517490387,
        "max": 51.8442382812,
        "mean": 13.6187438965,
        "median": 11.2155275345,
        "min": 4.28058719635,
        "var": 63.9316101074
    },
    "hfc": {
        "dmean": 8.36490154266,
        "dmean2": 13.6244564056,
        "dvar": 84.9385070801,
        "dvar2": 172.871002197,
        "max": 76.2040405273,
        "mean": 15.5462932587,
        "median": 9.89908504486,
        "min": 0.0748843252659,
        "var": 270.32131958
    },
    "melbands_crest": {
        "dmean": 2.08618664742,
        "dmean2": 3.49576973915,
        "dvar": 4.14151334763,
        "dvar2": 9.51942825317,
        "max": 19.3931846619,
        "mean": 7.00204277039,
        "median": 6.51037454605,
        "min": 2.79636883736,
        "var": 7.51108932495
    },
    "melbands_flatness_db": {
        "dmean": 0.0185659043491,
        "dmean2": 0.0279505737126,
        "dvar": 0.000336241355399,
        "dvar2": 0.000627607631031,
        "max": 0.259501129389,
        "mean": 0.179115772247,
        "median": 0.182075425982,
        "min": 0.0304376315325,
        "var": 0.00133705767803
    },
    "melbands_kurtosis": {
        "dmean": 1.54357039928,
        "dmean2": 1.88282370567,
        "dvar": 6.81628894806,
        "dvar2": 3.51117992401,
        "max": 45.8138961792,
        "mean": 1.91884326935,
        "median": 0.512871742249,
        "min": -1.12634301186,
        "var": 38.8780822754
    },
    "melbands_skewness": {
        "dmean": 0.411346912384,
        "dmean2": 0.631136238575,
        "dvar": 0.135693877935,
        "dvar2": 0.27536341548,
        "max": 4.83501958847,
        "mean": 0.270979434252,
        "median": 0.165323808789,
        "min": -1.10024499893,
        "var": 0.696476697922
    },
    "melbands_spread": {
        "dmean": 5.24247646332,
        "dmean2": 8.15846443176,
        "dvar": 51.3650932312,
        "dvar2": 89.423324585,
        "max": 70.2822113037,
        "mean": 21.1913719177,
        "median": 18.7056484222,
        "min": 4.92848539352,
        "var": 100.824867249
    },
    "pitch_salience": {
        "dmean": 0.0593397691846,
        "dmean2": 0.104359798133,
        "dvar": 0.00349738076329,
        "dvar2": 0.00991712231189,
        "max": 0.942290246487,
        "mean": 0.750230073929,
        "median": 0.76191842556,
        "min": 0.322772085667,
        "var": 0.00523085100576
    },
    "silence_rate_20dB": {
        "dmean": 0,
        "dmean2": 0,
        "dvar": 0,
        "dvar2": 0,
        "max": 1,
        "mean": 1,
        "median": 1,
        "min": 1,
        "var": 0
    },
    "silence_rate_30dB": {
        "dmean": 0,
        "dmean2": 0,
        "dvar": 0,
        "dvar2": 0,
        "max": 1,
        "mean": 1,
        "median": 1,
        "min": 1,
        "var": 0
    },
    "silence_rate_60dB": {
        "dmean": 0.0375000014901,
        "dmean2": 0.0759493634105,
        "dvar": 0.0360937044024,
        "dvar2": 0.0701810494065,
        "max": 1,
        "mean": 0.148148149252,
        "median": 0,
        "min": 0,
        "var": 0.126200258732
    },
    "spectral_centroid": {
        "dmean": 244.518066406,
        "dmean2": 380.457702637,
        "dvar": 87735.8359375,
        "dvar2": 146407.234375,
        "max": 4271.52978516,
        "mean": 1769.17578125,
        "median": 1762.98193359,
        "min": 428.647338867,
        "var": 230861.90625
    },
    "spectral_complexity": {
        "dmean": 6.08750009537,
        "dmean2": 9.15189838409,
        "dvar": 25.4798469543,
        "dvar2": 55.0908699036,
        "max": 48,
        "mean": 21.9382724762,
        "median": 21,
        "min": 0,
        "var": 142.77394104
    },
    "spectral_decrease": {
        "dmean": 9.92489535001e-10,
        "dmean2": 1.70473934968e-09,
        "dvar": 1.17593908736e-18,
        "dvar2": 2.34702614004e-18,
        "max": -6.76378874784e-12,
        "mean": -2.23805618482e-09,
        "median": -1.60671331795e-09,
        "min": -8.6437781377e-09,
        "var": 4.36002103229e-18
    },
    "spectral_energy": {
        "dmean": 0.00447569973767,
        "dmean2": 0.00766435218975,
        "dvar": 2.37288822973e-05,
        "dvar2": 4.73167820019e-05,
        "max": 0.0380085892975,
        "mean": 0.00985703617334,
        "median": 0.00687094312161,
        "min": 3.82380821975e-05,
        "var": 8.69551950018e-05
    },
    "spectral_energyband_high": {
        "dmean": 0.000153944813064,
        "dmean2": 0.000228721241001,
        "dvar": 2.42865638711e-07,
        "dvar2": 3.73922148356e-07,
        "max": 0.00383410975337,
        "mean": 0.000165552570252,
        "median": 2.24372706725e-05,
        "min": 1.82531096016e-06,
        "var": 2.43975222247e-07
    },
    "spectral_energyband_low": {
        "dmean": 4.19724892708e-05,
        "dmean2": 6.82425379637e-05,
        "dvar": 3.10454062458e-09,
        "dvar2": 8.65473648304e-09,
        "max": 0.000343649386195,
        "mean": 5.2396353567e-05,
        "median": 2.05124360946e-05,
        "min": 2.25230087381e-06,
        "var": 5.5227591389e-09
    },
    "spectral_energyband_middle_high": {
        "dmean": 0.00408020522445,
        "dmean2": 0.00698482850567,
        "dvar": 1.86803226825e-05,
        "dvar2": 4.15224676544e-05,
        "max": 0.0343817584217,
        "mean": 0.00805900525302,
        "median": 0.0056034475565,
        "min": 8.248400718e-07,
        "var": 6.078350998e-05
    },
    "spectral_energyband_middle_low": {
        "dmean": 0.00086567690596,
        "dmean2": 0.00153177371249,
        "dvar": 1.4915921156e-06,
        "dvar2": 2.99006524074e-06,
        "max": 0.00915153045207,
        "mean": 0.00159608526155,
        "median": 0.000947621825617,
        "min": 1.56648275151e-05,
        "var": 3.54609005626e-06
    },
    "spectral_entropy": {
        "dmean": 0.126451060176,
        "dmean2": 0.178010627627,
        "dvar": 0.0565842799842,
        "dvar2": 0.0668449401855,
        "max": 9.68245506287,
        "mean": 7.5418753624,
        "median": 7.50810098648,
        "min": 7.09559297562,
        "var": 0.0864317491651
    },
    "spectral_flux": {
        "dmean": 0.0130853774026,
        "dmean2": 0.0202540531754,
        "dvar": 0.00017034249322,
        "dvar2": 0.000312662945362,
        "max": 0.149036169052,
        "mean": 0.0634516999125,
        "median": 0.0594078525901,
        "min": 0.00330071290955,
        "var": 0.00100571406074
    },
    "spectral_kurtosis": {
        "dmean": 4.72796154022,
        "dmean2": 7.86833238602,
        "dvar": 27.5754795074,
        "dvar2": 63.2900772095,
        "max": 36.1118812561,
        "mean": 16.2754535675,
        "median": 15.9322090149,
        "min": -0.337702512741,
        "var": 51.6801948547
    },
    "spectral_rms": {
        "dmean": 0.000713813002221,
        "dmean2": 0.00117339671124,
        "dvar": 3.69499161934e-07,
        "dvar2": 8.12219468571e-07,
        "max": 0.00608946243301,
        "mean": 0.00275935837999,
        "median": 0.00258908467367,
        "min": 0.000193146188394,
        "var": 2.00256386051e-06
    },
    "spectral_rolloff": {
        "dmean": 734.013061523,
        "dmean2": 1357.95495605,
        "dvar": 5984763.5,
        "dvar2": 17886776,
        "max": 17140.4296875,
        "mean": 2322.12963867,
        "median": 2153.3203125,
        "min": 344.53125,
        "var": 3089732.25
    },
    "spectral_skewness": {
        "dmean": 0.488115400076,
        "dmean2": 0.787196993828,
        "dvar": 0.26602563262,
        "dvar2": 0.626299977303,
        "max": 4.14648103714,
        "mean": 2.52444767952,
        "median": 2.40265417099,
        "min": 0.853422045708,
        "var": 0.426847428083
    },
    "spectral_spread": {
        "dmean": 874940.875,
        "dmean2": 1102598.625,
        "dvar": 1.25190516244e+13,
        "dvar2": 1.21914743849e+13,
        "max": 34956080,
        "mean": 2928514.25,
        "median": 1962346.625,
        "min": 1215811,
        "var": 1.59403915346e+13
    },
    "spectral_strongpeak": {
        "dmean": 0.497912824154,
        "dmean2": 0.851296126842,
        "dvar": 0.202892497182,
        "dvar2": 0.508061647415,
        "max": 3.37045454979,
        "mean": 0.860405743122,
        "median": 0.847911477089,
        "min": 0,
        "var": 0.403312176466
    },
    "zerocrossingrate": {
        "dmean": 0.0106933591887,
        "dmean2": 0.0144444722682,
        "dvar": 0.000391623849282,
        "dvar2": 0.000792229373474,
        "max": 0.255859375,
        "mean": 0.0820433050394,
        "median": 0.07177734375,
        "min": 0.03369140625,
        "var": 0.00107479654253
    },
    "barkbands": {
        "dmean": [0.000126827071654, 3.49215110873e-06, 4.50082961834e-06, 1.38823206726e-05, 4.79295340483e-05, 0.000171498497366, 0.000245497416472, 0.00013350386871, 0.000482895819005, 0.00047773955157, 0.000546097173356, 0.000659195298795, 0.00102554855403, 0.000604687607847, 0.000726089347154, 0.000532055215444, 0.000432100088801, 0.000456738111097, 0.000219666704652, 9.38314697123e-05, 4.24914869654e-05, 2.03031922865e-05, 1.44551013364e-05, 1.18550105981e-05, 1.14747754196e-05, 3.90148761653e-06, 4.18008676206e-06],
        "dmean2": [0.000225629002671, 4.49050867246e-06, 6.0999886955e-06, 2.16962871491e-05, 6.82210884406e-05, 0.000248499127338, 0.000367944943719, 0.000204077208764, 0.000892688753083, 0.000834353151731, 0.000974810565822, 0.00115550402552, 0.00182991311885, 0.00102459976915, 0.00120307330508, 0.000911251350772, 0.000733364780899, 0.000791257480159, 0.000318189908285, 0.000148877676111, 6.01862266194e-05, 2.51404835581e-05, 2.06869062822e-05, 1.93508622033e-05, 2.138972377e-05, 5.09277651872e-06, 4.72823649034e-06],
        "dvar": [3.51577575941e-08, 2.74106182196e-10, 1.95367527711e-10, 1.20474019649e-09, 9.52332257498e-09, 1.77330647944e-07, 2.53921996318e-07, 3.80383546883e-08, 3.75816370024e-07, 2.31616652968e-07, 4.88653597586e-07, 5.28107420905e-07, 1.61433308676e-06, 4.46631645445e-07, 1.09750862975e-06, 3.31331875714e-07, 4.61098579763e-07, 5.67685560782e-07, 1.16537897554e-07, 7.08638054903e-08, 2.41541844304e-08, 9.76671366004e-09, 4.19572065979e-09, 1.58631086045e-09, 2.29658514428e-09, 4.76317041365e-10, 9.77535385971e-10],
        "dvar2": [1.13946100555e-07, 2.83327944439e-10, 4.04934669129e-10, 2.885897743e-09, 2.1085103441e-08, 4.41044562649e-07, 5.27414385942e-07, 1.06007618683e-07, 1.04547928004e-06, 6.33454817489e-07, 1.39355665851e-06, 1.37602569339e-06, 4.64082586404e-06, 1.12619341053e-06, 2.30319642469e-06, 7.2851872801e-07, 1.19736898796e-06, 1.47229513914e-06, 2.19665835743e-07, 1.75307604877e-07, 4.13001757238e-08, 1.06107700404e-08, 5.07182074116e-09, 3.21381832258e-09, 6.79303235884e-09, 5.22835441608e-10, 9.89945792007e-10],
        "max": [0.00103660032619, 0.000152739477926, 0.000116210263513, 0.000253385311225, 0.000631195493042, 0.00279881269671, 0.00403609033674, 0.00147088430822, 0.00326250051148, 0.00232641841285, 0.00441798055544, 0.00437102373689, 0.00947034545243, 0.00479112938046, 0.00782563909888, 0.00444709509611, 0.00632308796048, 0.00536956544966, 0.00299266539514, 0.00188166461885, 0.00107779586688, 0.000867051479872, 0.000564943766221, 0.000257202947978, 0.000308523070998, 0.000194548934815, 0.000285802292638],
        "mean": [0.00011430199811, 4.83484700453e-06, 5.23124208485e-06, 1.4521671801e-05, 6.12581570749e-05, 0.000194427251699, 0.000327495479723, 0.0002088946203, 0.000607051944826, 0.000705294311047, 0.000887765956577, 0.00105643749703, 0.00143262755591, 0.000817669497337, 0.000965003913734, 0.000811267760582, 0.000598147686105, 0.00053000357002, 0.000293770193821, 0.00010360860324, 4.77230678371e-05, 2.31461763178e-05, 1.3858470993e-05, 1.03032571133e-05, 7.98368819233e-06, 3.94093012801e-06, 7.39455890653e-06],
        "median": [3.43161445926e-05, 2.48982269113e-06, 9.41618168326e-07, 1.98967268261e-06, 1.05799363155e-05, 3.06031615764e-05, 5.88819566474e-05, 0.000102724487078, 0.000365573738236, 0.00055289833108, 0.0006513845874, 0.000803185510449, 0.000904715852812, 0.00049035315169, 0.000425911508501, 0.000501886825077, 0.000319367245538, 0.00018740768428, 9.12604446057e-05, 1.97028930415e-05, 5.59437785341e-06, 1.90406888123e-06, 8.92787284101e-07, 8.37643881368e-07, 6.85139923462e-07, 4.60376497813e-07, 3.84063196179e-06],
        "min": [5.5562622947e-07, 4.19962702836e-07, 6.26948803983e-08, 8.86611104534e-08, 1.41979171531e-06, 9.78748289526e-07, 4.58420572613e-07, 1.56941140972e-07, 3.70849846831e-07, 2.13290249462e-07, 3.88880359026e-08, 4.8047745338e-08, 1.28377465103e-07, 5.40150395523e-08, 4.97533747534e-08, 2.31554562191e-08, 1.81211170514e-08, 3.11340642156e-08, 2.45340370242e-08, 2.59896744126e-08, 3.06746343881e-08, 3.9723246914e-08, 2.47603910708e-08, 5.33388408996e-08, 6.36943795485e-08, 1.66248099731e-07, 2.06454910767e-06],
        "var": [3.37169296927e-08, 2.78195882997e-10, 3.03518765676e-10, 1.49244550052e-09, 1.79657071442e-08, 2.17344933162e-07, 4.81662027596e-07, 7.89838026094e-08, 3.99905815129e-07, 3.99444502364e-07, 7.25162635717e-07, 9.02962767668e-07, 2.49730169344e-06, 8.48967374623e-07, 2.32707952819e-06, 9.00575116702e-07, 7.43611906273e-07, 6.74182558669e-07, 2.8688972975e-07, 6.50749925057e-08, 2.3920369685e-08, 9.98695259824e-09, 4.11394962541e-09, 1.30666533149e-09, 1.27947386019e-09, 4.69583261165e-10, 9.70284852464e-10]
    },
    "erbbands": {
        "dmean": [0.00038916390622, 0.000603262451477, 0.00354445725679, 0.0258784033358, 0.100748255849, 0.137692570686, 0.601551473141, 1.76611423492, 3.1779024601, 4.23920679092, 3.35747718811, 11.3503684998, 14.6621704102, 15.0565433502, 24.337223053, 25.3725681305, 46.5532913208, 29.626745224, 36.762046814, 32.1420593262, 26.8289794922, 23.166601181, 26.2569313049, 14.828166008, 7.78413677216, 4.47948360443, 2.54077243805, 1.30546855927, 0.790894031525, 0.513355076313, 0.418055832386, 0.290246486664, 0.19715256989, 0.168161273003, 0.0505500435829, 0.0160443075001, 0.00741980737075, 0.0026958999224, 0.000631223083474, 6.07443289482e-05],
        "dmean2": [0.00062614219496, 0.000761877978221, 0.00446585984901, 0.0410481393337, 0.156668499112, 0.221708849072, 0.838103592396, 2.65576982498, 4.38118696213, 6.96038818359, 5.31730413437, 20.7665729523, 26.6166534424, 25.6436786652, 42.9855804443, 43.1018791199, 82.9292831421, 50.2460441589, 61.6426391602, 56.8981590271, 48.2314224243, 37.9291267395, 43.1396560669, 23.8484325409, 12.8776254654, 7.14242982864, 3.79401612282, 1.85651421547, 0.961590707302, 0.66277718544, 0.616833925247, 0.453866392374, 0.344758331776, 0.315473079681, 0.0912002772093, 0.0245054978877, 0.00921165756881, 0.00302519486286, 0.000715804984793, 7.06408391125e-05],
        "dvar": [4.73967247672e-07, 1.19696405818e-05, 0.000131850363687, 0.0047723534517, 0.0628975331783, 0.0781045258045, 2.14339828491, 20.9312705994, 52.5906448364, 84.192741394, 18.7628040314, 202.19418335, 252.570388794, 234.785797119, 829.365600586, 695.202392578, 3389.6574707, 1123.15893555, 3612.29614258, 1437.10668945, 953.319213867, 772.941162109, 1906.92419434, 425.086975098, 229.155761719, 153.039291382, 67.7519378662, 27.3459720612, 13.3215847015, 6.98607873917, 3.10587358475, 1.04388463497, 0.507945895195, 0.626051604748, 0.027935013175, 0.00367112201639, 0.00210841442458, 0.000423801597208, 2.12514732993e-05, 1.62963374351e-07],
        "dvar2": [8.43977261411e-07, 1.24461876112e-05, 0.000226832504268, 0.00866242870688, 0.163316115737, 0.189489677548, 4.45848178864, 55.4113807678, 113.411872864, 231.541931152, 48.6924171448, 546.506652832, 795.07800293, 526.579528809, 2216.13500977, 1937.7857666, 9716.02734375, 2823.63354492, 7986.15673828, 3257.03808594, 2016.84313965, 1909.93933105, 4642.58300781, 793.193908691, 596.015625, 374.522918701, 140.128326416, 40.9380607605, 14.6351766586, 7.5654001236, 4.14347267151, 1.72816288471, 1.31864774227, 1.85838997364, 0.0801464244723, 0.00582239357755, 0.00223412970081, 0.000430736021372, 2.16282987822e-05, 1.66001626667e-07],
        "max": [0.00553903542459, 0.0316520296037, 0.0961038470268, 0.529941022396, 1.64917886257, 1.60272753239, 12.7834119797, 27.5384311676, 56.9909133911, 64.5065612793, 39.4695396423, 77.0641174316, 85.0174026489, 136.312255859, 168.032058716, 149.113998413, 381.242919922, 261.134338379, 457.389984131, 297.641967773, 234.319763184, 277.717773438, 339.154510498, 174.282836914, 113.114089966, 87.5135421753, 55.4677848816, 40.6166534424, 31.8930683136, 23.379858017, 14.9100265503, 7.73483324051, 4.05486917496, 5.2099366188, 0.827248454094, 0.469632446766, 0.412639558315, 0.186459109187, 0.0419699400663, 0.00372537598014],
        "mean": [0.000531134777702, 0.000737671332899, 0.00434307381511, 0.0326085351408, 0.0958036407828, 0.176863014698, 0.74365490675, 1.8953691721, 3.80928587914, 5.52394676208, 5.45014095306, 12.9597005844, 20.0323429108, 26.1891517639, 40.9751777649, 45.3443946838, 65.3814239502, 49.1046333313, 48.3796653748, 47.0274505615, 41.3940887451, 33.6658210754, 32.2969284058, 19.7593517303, 9.59513473511, 5.0187830925, 2.82294845581, 1.44552111626, 0.908318817616, 0.540410339832, 0.386363387108, 0.265092223883, 0.155672356486, 0.113691449165, 0.0389905199409, 0.0148746585473, 0.00751423416659, 0.00321412598714, 0.000957554148044, 0.000133357068989],
        "median": [0.00021817527886, 0.000318084144965, 0.00103982933797, 0.00447369832546, 0.018288705498, 0.0368614979088, 0.0940663069487, 0.280693769455, 0.725110054016, 1.53026604652, 3.44275665283, 6.59292650223, 13.639503479, 21.6875896454, 25.4812850952, 35.9808998108, 42.203414917, 29.6355743408, 21.722454071, 30.1847610474, 23.6077041626, 16.2309455872, 12.9328193665, 7.09489393234, 3.33563923836, 1.01653718948, 0.329023778439, 0.181926354766, 0.074812553823, 0.0360071398318, 0.0284803565592, 0.0194967128336, 0.0132676232606, 0.00862392131239, 0.0044170813635, 0.00162606313825, 0.000803741568234, 0.000715243339073, 0.00042093207594, 8.42809677124e-05],
        "min": [1.88588383025e-05, 3.38885947713e-05, 0.000118100535474, 0.000497596163768, 0.00133281841408, 0.00452362000942, 0.00430968729779, 0.00808328390121, 0.00476995343342, 0.00494403578341, 0.0038305579219, 0.0111884698272, 0.0058482112363, 0.00340297236107, 0.00384727795608, 0.00241912947968, 0.00478073349223, 0.00342757091857, 0.00241101603024, 0.00300066941418, 0.00139305670746, 0.00109288515523, 0.00147517863661, 0.00138353742659, 0.00176873744931, 0.00128095166292, 0.00106400321238, 0.00132340507116, 0.00141788914334, 0.000803916540463, 0.000746142293792, 0.000971501285676, 0.000965663348325, 0.000628816895187, 0.00049997959286, 0.000203512900043, 0.000296069745673, 0.000360786943929, 0.000191773549886, 3.8923779357e-05],
        "var": [6.42016459551e-07, 1.19943006212e-05, 0.000190509919776, 0.00811785832047, 0.0581691898406, 0.128465339541, 3.55668497086, 22.3506336212, 79.8105392456, 111.590087891, 41.6042900085, 208.93371582, 336.12322998, 549.527282715, 1518.20239258, 1426.31713867, 4896.85546875, 2471.09594727, 6669.32861328, 3462.65478516, 2474.58129883, 1905.74304199, 2560.5144043, 1036.4822998, 306.238464355, 146.612960815, 67.4357452393, 26.4712314606, 13.8104667664, 6.9821805954, 2.97263407707, 0.954527676105, 0.337880641222, 0.342362433672, 0.0170057155192, 0.00333298533224, 0.00208930391818, 0.00042039170512, 2.10603229789e-05, 1.61848660696e-07]
    },
    "gfcc": {
        "mean": [-94.7208328247, 54.0371284485, -191.412887573, -41.4301109314, -32.8527488708, -8.1117105484, -25.6581401825, 4.1446928978, -14.1927280426, -4.12945842743, -2.86223888397, -0.83065533638, -3.97564125061],
        "cov": [[6642.53808594, -424.427825928, -2843.01611328, 309.671630859, -700.125732422, -113.651321411, -437.740234375, 152.419769287, -320.653991699, 12.8859987259, 61.1288833618, 121.882896423, -61.5586929321], [-424.427825928, 246.311248779, -46.2494621277, -166.156402588, 105.251327515, -58.5862236023, 36.8196601868, -7.91819000244, 35.0290184021, 7.09649753571, 24.3967247009, 2.71387553215, 21.2173805237], [-2843.01611328, -46.2494621277, 2190.15771484, 251.811157227, 49.4520606995, 80.6953125, -33.8668479919, -232.396438599, 28.5315151215, -15.2797727585, -156.016647339, -128.894012451, -50.0383415222], [309.671630859, -166.156402588, 251.811157227, 281.922393799, -120.586463928, -5.23242950439, -100.279907227, -73.1330718994, -65.5478210449, -6.14072322845, -60.9457893372, -39.0650939941, -39.5085525513], [-700.125732422, 105.251327515, 49.4520606995, -120.586463928, 320.513000488, 110.071472168, 147.389862061, 57.6581535339, 59.6324882507, -24.9826946259, 12.562918663, -17.6304264069, 5.64499473572], [-113.651321411, -58.5862236023, 80.6953125, -5.23242950439, 110.071472168, 174.961395264, 65.6511001587, 69.9487457275, 6.5812959671, -26.1646881104, -1.08097779751, -20.6070747375, -12.3339033127], [-437.740234375, 36.8196601868, -33.8668479919, -100.279907227, 147.389862061, 65.6511001587, 189.306732178, 88.1205978394, 77.6994552612, 0.604700744152, 44.414604187, 15.6093416214, 14.7053546906], [152.419769287, -7.91819000244, -232.396438599, -73.1330718994, 57.6581535339, 69.9487457275, 88.1205978394, 125.757484436, 33.9244613647, -15.4005413055, 33.9118118286, 13.0741729736, 2.86431479454], [-320.653991699, 35.0290184021, 28.5315151215, -65.5478210449, 59.6324882507, 6.5812959671, 77.6994552612, 33.9244613647, 74.9813232422, 18.0311698914, 18.5612602234, 26.8201599121, 13.3126115799], [12.8859987259, 7.09649753571, -15.2797727585, -6.14072322845, -24.9826946259, -26.1646881104, 0.604700744152, -15.4005413055, 18.0311698914, 40.4766273499, 22.8790950775, 23.3021888733, 8.64637470245], [61.1288833618, 24.3967247009, -156.016647339, -60.9457893372, 12.562918663, -1.08097779751, 44.414604187, 33.9118118286, 18.5612602234, 22.8790950775, 67.6209564209, 36.0577049255, 14.1865205765], [121.882896423, 2.71387553215, -128.894012451, -39.0650939941, -17.6304264069, -20.6070747375, 15.6093416214, 13.0741729736, 26.8201599121, 23.3021888733, 36.0577049255, 59.110496521, 19.6443405151], [-61.5586929321, 21.2173805237, -50.0383415222, -39.5085525513, 5.64499473572, -12.3339033127, 14.7053546906, 2.86431479454, 13.3126115799, 8.64637470245, 14.1865205765, 19.6443405151, 33.7530860901]],
        "icov": [[0.00209666788578, -0.000467603851575, 0.00300471088849, -0.00257778773084, 0.00257555325516, -0.0026433984749, 0.00148495915346, -0.000832167628687, 0.00317800207995, -0.00210837344639, 0.00259769288823, -0.0032243616879, 0.00365330744535], [-0.000467603851575, 0.0118811195716, -0.00105066469405, 0.00728833954781, -0.00476620765403, 0.00682459259406, 0.00185778096784, 0.00127940811217, -0.00127124076243, -0.000211333725019, -0.00321512459777, 0.00592051353306, -0.000513739651069], [0.00300471088849, -0.00105066469405, 0.00541440211236, -0.00440789107233, 0.00443189730868, -0.00559037271887, 0.0018083130708, 0.00236998894252, 0.000921814935282, -0.00136076239869, 0.00336275156587, -0.0025798312854, 0.00530779734254], [-0.00257778773084, 0.00728833954781, -0.00440789107233, 0.0143990060315, -0.0034533822909, 0.00560982478783, -0.00222638854757, 0.00249210954644, 0.0015065735206, -0.00164796318859, 0.00068630091846, 0.0050559733063, 0.00101968750823], [0.00257555325516, -0.00476620765403, 0.00443189730868, -0.0034533822909, 0.0124843092635, -0.0100240083411, -0.00298939296044, 0.00477014342323, -0.00127578340471, 0.00321770366281, 0.002762142336, -0.00175147422124, 0.00490540545434], [-0.0026433984749, 0.00682459259406, -0.00559037271887, 0.00560982478783, -0.0100240083411, 0.0196878910065, -0.0013535694452, -0.0101174730808, 0.00483161536977, -0.00142557523213, -0.00192966754548, 0.00382275739685, -0.00346748530865], [0.00148495915346, 0.00185778096784, 0.0018083130708, -0.00222638854757, -0.00298939296044, -0.0013535694452, 0.0200453400612, -0.00574476365, -0.0126548390836, 0.00281984498724, -0.00930546503514, 0.00462223961949, -0.00113534461707], [-0.000832167628687, 0.00127940811217, 0.00236998894252, 0.00249210954644, 0.00477014342323, -0.0101174730808, -0.00574476365, 0.0325263738632, -0.0198461972177, 0.0206102058291, -0.0118807116523, 0.00809009559453, 0.00218934915029], [0.00317800207995, -0.00127124076243, 0.000921814935282, 0.0015065735206, -0.00127578340471, 0.00483161536977, -0.0126548390836, -0.0198461972177, 0.061120390892, -0.0333956591785, 0.0277260933071, -0.0287312529981, 0.00841813161969], [-0.00210837344639, -0.000211333725019, -0.00136076239869, -0.00164796318859, 0.00321770366281, -0.00142557523213, 0.00281984498724, 0.0206102058291, -0.0333956591785, 0.0629940330982, -0.0293972622603, 0.0055519528687, -0.00553601700813], [0.00259769288823, -0.00321512459777, 0.00336275156587, 0.00068630091846, 0.002762142336, -0.00192966754548, -0.00930546503514, -0.0118807116523, 0.0277260933071, -0.0293972622603, 0.0473671555519, -0.0245335493237, 0.00740759959444], [-0.0032243616879, 0.00592051353306, -0.0025798312854, 0.0050559733063, -0.00175147422124, 0.00382275739685, 0.00462223961949, 0.00809009559453, -0.0287312529981, 0.0055519528687, -0.0245335493237, 0.0505026467144, -0.0176905579865], [0.00365330744535, -0.000513739651069, 0.00530779734254, 0.00101968750823, 0.00490540545434, -0.00346748530865, -0.00113534461707, 0.00218934915029, 0.00841813161969, -0.00553601700813, 0.00740759959444, -0.0176905579865, 0.0491768158972]]
    },
    "melbands": {
        "dmean": [6.5905160227e-06, 1.48431740854e-06, 6.39194331598e-06, 8.00778434495e-06, 1.72883501364e-05, 3.73648836103e-05, 4.87602592329e-05, 4.07208754041e-05, 3.14745047945e-05, 7.72684506956e-05, 7.61289993534e-05, 6.41052465653e-05, 7.95585438027e-05, 7.47385929571e-05, 8.50488358992e-05, 0.00010629055032, 5.5699103541e-05, 6.08681802987e-05, 5.87079084653e-05, 4.14991191064e-05, 3.27267880493e-05, 2.50026387221e-05, 2.4899476557e-05, 2.13235525734e-05, 1.14811973617e-05, 7.30096735424e-06, 3.69617055185e-06, 2.8245226531e-06, 1.82630333256e-06, 9.70510541265e-07, 6.78467472426e-07, 4.66716301162e-07, 3.38033828484e-07, 2.5990055974e-07, 2.33269787486e-07, 2.27670284403e-07, 1.61918777053e-07, 1.44810101688e-07, 1.44712402061e-07, 1.3024256873e-07],
        "dmean2": [1.1092162822e-05, 1.92276183952e-06, 9.76533101493e-06, 1.34615220304e-05, 2.43881877395e-05, 5.48397438251e-05, 6.63743630867e-05, 6.69424553053e-05, 5.28033742739e-05, 0.000142694174428, 0.000136899936479, 0.000106700623292, 0.000139234165545, 0.000124581725686, 0.000151935528265, 0.000192397506908, 9.31011672947e-05, 0.000102460646303, 0.000103034806671, 6.75559786032e-05, 5.83020737395e-05, 3.97063449782e-05, 4.37184462498e-05, 3.57382159564e-05, 1.84561540664e-05, 1.18722855404e-05, 6.27470171821e-06, 4.57101305074e-06, 2.81655570689e-06, 1.33895230192e-06, 9.60850570664e-07, 5.74363525629e-07, 4.18774135369e-07, 3.3855067727e-07, 3.33634488925e-07, 3.60372666819e-07, 2.51938644169e-07, 2.51801793638e-07, 2.71399983376e-07, 2.4320380021e-07],
        "dvar": [9.436458559e-11, 2.94170209025e-11, 2.14015763444e-10, 3.77361863979e-10, 1.71678993244e-09, 8.5089562063e-09, 1.10384501539e-08, 7.82530928944e-09, 1.81699155721e-09, 9.80693037889e-09, 6.51787335215e-09, 4.15900913708e-09, 9.69290248065e-09, 6.59700427619e-09, 7.01080704602e-09, 1.77752603747e-08, 3.56247653599e-09, 9.53445145058e-09, 6.8192633762e-09, 2.33923702631e-09, 1.80441528386e-09, 8.98434493468e-10, 1.32895028315e-09, 1.10667686126e-09, 2.70509115108e-10, 2.02946173755e-10, 1.10762676808e-10, 6.21227722042e-11, 3.36358163544e-11, 1.2724687623e-11, 8.01428715058e-12, 4.59439170736e-12, 2.96403917036e-12, 1.8566368061e-12, 1.11845840749e-12, 6.59538070859e-13, 3.05896069109e-13, 2.49031914881e-13, 4.51497129614e-13, 3.55395373504e-13],
        "dvar2": [2.42665082473e-10, 4.71810333857e-11, 4.86579110337e-10, 9.68781166399e-10, 3.55284357489e-09, 2.14300133194e-08, 2.23050964365e-08, 2.19019469228e-08, 4.61426408194e-09, 2.66850808117e-08, 2.05404333542e-08, 1.00022692351e-08, 2.78144742794e-08, 1.75095511423e-08, 2.11726298716e-08, 5.38359898883e-08, 8.83379858152e-09, 2.34245796094e-08, 1.82770545365e-08, 5.27827825891e-09, 4.50217685355e-09, 2.20894480485e-09, 2.98890356909e-09, 2.82282308639e-09, 4.75852024451e-10, 4.97506036368e-10, 3.03990360662e-10, 1.47396372885e-10, 7.34598007424e-11, 2.11435834119e-11, 1.10739655293e-11, 5.04522075159e-12, 3.19342057138e-12, 1.99654637441e-12, 1.39974674646e-12, 1.07787357598e-12, 5.16470601095e-13, 6.18286780281e-13, 1.32814321607e-12, 1.05489087517e-12],
        "max": [5.66684102523e-05, 4.79391455883e-05, 8.7674765382e-05, 0.000122753379401, 0.000368745095329, 0.000569846073631, 0.000862874323502, 0.000625898013823, 0.000362641876563, 0.000522325746715, 0.000426101789344, 0.000545769464225, 0.000574283360038, 0.000503739283886, 0.000468927581096, 0.000960314820986, 0.000395472277887, 0.000669359578751, 0.00060337362811, 0.000409243599279, 0.000267978059128, 0.000304190325551, 0.000246177136432, 0.000234849212575, 0.000138753181091, 9.03823383851e-05, 7.43549753679e-05, 5.51638186153e-05, 4.03375524911e-05, 2.53663492913e-05, 2.3097914891e-05, 1.86803208635e-05, 1.51144413394e-05, 1.21129905892e-05, 9.14519841899e-06, 6.28441603112e-06, 4.09203721574e-06, 2.6574207368e-06, 4.41122256234e-06, 3.91988533011e-06],
        "mean": [8.06475964055e-06, 1.77415768121e-06, 7.10022277417e-06, 8.8478473117e-06, 2.1636569727e-05, 4.12086737924e-05, 6.22570441919e-05, 5.53048266738e-05, 4.73209984193e-05, 8.87573623913e-05, 0.000101577788882, 0.00010319660214, 0.000129736508825, 0.000118379823107, 0.000133407171234, 0.000138904448249, 8.45139438752e-05, 7.35744761187e-05, 7.34505229047e-05, 5.69488802284e-05, 4.70479026262e-05, 3.49645306414e-05, 3.31616356561e-05, 2.37314488913e-05, 1.56349469762e-05, 9.48060187511e-06, 4.10157099395e-06, 3.10908558276e-06, 1.95836969397e-06, 1.14578631383e-06, 7.0839610089e-07, 5.40591543086e-07, 3.74491150978e-07, 2.66660634907e-07, 2.18487940629e-07, 2.01415701895e-07, 1.46395208844e-07, 1.13173321381e-07, 1.02596381168e-07, 8.7989747044e-08],
        "median": [2.99313978758e-06, 4.78104652757e-07, 1.02959950254e-06, 2.27592931878e-06, 2.6626255476e-06, 6.4396090238e-06, 1.18875759654e-05, 1.71806659637e-05, 2.78101633739e-05, 5.22539230587e-05, 6.81370729581e-05, 8.73284443514e-05, 9.32069160626e-05, 8.28205957077e-05, 9.76556984824e-05, 9.68973472482e-05, 5.05660245835e-05, 3.15496545227e-05, 3.49918009306e-05, 3.45976113749e-05, 2.21319296543e-05, 1.91347517102e-05, 1.412738402e-05, 9.67108098848e-06, 4.98949702887e-06, 3.11937242259e-06, 1.26644977172e-06, 5.95360518219e-07, 2.21788212684e-07, 1.3872070781e-07, 9.75143947812e-08, 4.36993552455e-08, 2.69993538637e-08, 1.59277284695e-08, 1.48889336415e-08, 1.24179413419e-08, 1.10988978008e-08, 9.60747215117e-09, 7.97989585521e-09, 7.00417546184e-09],
        "min": [2.6883375881e-07, 4.23876684863e-08, 1.08153727751e-07, 2.75681998119e-07, 1.46091466036e-07, 1.78767010084e-07, 8.20886114639e-08, 4.95056866612e-08, 3.04078007218e-08, 6.75975115882e-08, 2.71906710481e-08, 9.99873961405e-09, 8.86781670317e-09, 6.55572840458e-09, 6.65425847757e-09, 1.21637153683e-08, 5.82378101299e-09, 3.99583699462e-09, 4.35406599664e-09, 2.01960514978e-09, 1.60416002704e-09, 1.15737097683e-09, 1.02680453029e-09, 1.52532086961e-09, 9.62253610126e-10, 9.37341759766e-10, 1.24937116208e-09, 7.62180318858e-10, 5.9035798472e-10, 5.67314750732e-10, 8.8028834222e-10, 6.36939279097e-10, 5.91773519076e-10, 3.91130822175e-10, 4.10907308179e-10, 5.27607013634e-10, 6.04899685896e-10, 6.49893194815e-10, 5.45338940672e-10, 5.87375259542e-10],
        "var": [1.29542335192e-10, 3.80930113841e-11, 2.84715362397e-10, 4.04605404736e-10, 2.90861046359e-09, 9.98705118604e-09, 1.94122193875e-08, 1.00720178864e-08, 3.24043836208e-09, 9.85829551325e-09, 8.80589290375e-09, 8.97354723861e-09, 1.62859272734e-08, 1.22196652796e-08, 1.31631967548e-08, 2.46047822117e-08, 7.65810881376e-09, 1.59612838502e-08, 1.2012884909e-08, 4.99634333906e-09, 3.6634544287e-09, 2.18257278917e-09, 2.20407958551e-09, 1.42588141294e-09, 7.00663971287e-10, 3.1159708147e-10, 8.89603807286e-11, 6.05418562505e-11, 3.25859270123e-11, 1.29026286183e-11, 7.75799216535e-12, 4.78040263624e-12, 3.00884859562e-12, 1.84793976996e-12, 1.0829398359e-12, 6.03547160166e-13, 2.78609383828e-13, 1.71757817387e-13, 2.54193096693e-13, 1.94562858121e-13]
    },
    "mfcc": {
        "mean": [-728.405700684, 124.32043457, -95.1324234009, -23.95570755, -6.93527126312, -12.7044286728, -0.416177630424, 2.19311714172, -2.03889966011, 0.446822166443, 1.39462649822, 4.41979312897, 1.02436888218],
        "cov": [[9126.29492188, -1192.44970703, -2609.33105469, -223.345367432, -640.521362305, -526.351196289, -250.0025177, -56.1971931458, -411.132385254, -186.858276367, -107.907554626, -75.0915603638, 11.0839939117], [-1192.44970703, 507.104156494, -62.5452461243, -114.828292847, 68.2122192383, 9.26479625702, 53.9675598145, 31.4497718811, 77.1849975586, 16.4071960449, 66.4939117432, 21.9312572479, 25.6899375916], [-2609.33105469, -62.5452461243, 1746.81384277, 318.60055542, 214.77986145, 227.217086792, -56.6658325195, -154.241119385, 8.93514251709, -1.08571529388, -82.793258667, -39.2971229553, -82.6919784546], [-223.345367432, -114.828292847, 318.60055542, 201.514007568, 3.50638508797, 39.1737136841, -65.3592071533, -82.0180664062, -35.8442611694, -19.8663787842, -42.0262336731, -15.8079051971, -26.5359611511], [-640.521362305, 68.2122192383, 214.77986145, 3.50638508797, 190.701660156, 93.5905761719, 79.6846008301, 30.5073947906, 56.8387374878, 15.0767536163, -1.06444692612, 4.11046075821, -17.4902153015], [-526.351196289, 9.26479625702, 227.217086792, 39.1737136841, 93.5905761719, 116.122032166, 44.8515167236, 8.03353691101, 39.2558670044, 14.9834575653, -1.95976674557, 13.3970317841, -6.73146295547], [-250.0025177, 53.9675598145, -56.6658325195, -65.3592071533, 79.6846008301, 44.8515167236, 152.312973022, 98.7482223511, 56.5907478333, 59.1022644043, 35.5707626343, 14.7245159149, 16.9766578674], [-56.1971931458, 31.4497718811, -154.241119385, -82.0180664062, 30.5073947906, 8.03353691101, 98.7482223511, 149.325576782, 74.385635376, 54.4195632935, 59.5038566589, 22.1656723022, 24.4706916809], [-411.132385254, 77.1849975586, 8.93514251709, -35.8442611694, 56.8387374878, 39.2558670044, 56.5907478333, 74.385635376, 91.9053649902, 41.4677124023, 27.5600833893, 19.3883800507, 4.10071325302], [-186.858276367, 16.4071960449, -1.08571529388, -19.8663787842, 15.0767536163, 14.9834575653, 59.1022644043, 54.4195632935, 41.4677124023, 59.0992736816, 22.7951717377, 9.10198974609, 14.9867963791], [-107.907554626, 66.4939117432, -82.793258667, -42.0262336731, -1.06444692612, -1.95976674557, 35.5707626343, 59.5038566589, 27.5600833893, 22.7951717377, 63.2359924316, 20.7859859467, 23.4166660309], [-75.0915603638, 21.9312572479, -39.2971229553, -15.8079051971, 4.11046075821, 13.3970317841, 14.7245159149, 22.1656723022, 19.3883800507, 9.10198974609, 20.7859859467, 38.8716850281, 21.8800907135], [11.0839939117, 25.6899375916, -82.6919784546, -26.5359611511, -17.4902153015, -6.73146295547, 16.9766578674, 24.4706916809, 4.10071325302, 14.9867963791, 23.4166660309, 21.8800907135, 42.6413574219]],
