{
"lowlevel": {
    "average_loudness": 0.966345310211,
    "barkbands_crest": {
        "dmean": 0.586910963058,
        "dmean2": 0.710180878639,
        "dvar": 0.913297951221,
        "dvar2": 0.758335411549,
        "max": 20.6749134064,
        "mean": 19.2332954407,
        "median": 19.4017734528,
        "min": 7.49718046188,
        "var": 1.84074556828
    },
    "barkbands_flatness_db": {
        "dmean": 0.00873406045139,
        "dmean2": 0.01303661149,
        "dvar": 0.00035303880577,
        "dvar2": 0.000310332863592,
        "max": 0.476962089539,
        "mean": 0.416534006596,
        "median": 0.415605843067,
        "min": 0.175728708506,
        "var": 0.00136428105179
    },
    "barkbands_kurtosis": {
        "dmean": 10.056435585,
        "dmean2": 15.5761861801,
        "dvar": 81.7948074341,
        "dvar2": 136.593338013,
        "max": 112.722770691,
        "mean": 84.5173492432,
        "median": 83.7615509033,
        "min": 28.2379131317,
        "var": 181.87512207
    },
    "barkbands_skewness": {
        "dmean": 0.360204577446,
        "dmean2": 0.584787786007,
        "dvar": 0.0951057299972,
        "dvar2": 0.197571724653,
        "max": 6.21399641037,
        "mean": 4.33000230789,
        "median": 4.40793991089,
        "min": 2.69421291351,
        "var": 0.501043081284
    },
    "barkbands_spread": {
        "dmean": 0.0708251968026,
        "dmean2": 0.0800377130508,
        "dvar": 0.135869711637,
        "dvar2": 0.119314961135,
        "max": 5.51459550858,
        "mean": 0.633647561073,
        "median": 0.585056781769,
        "min": 0.385311484337,
        "var": 0.184267237782
    },
    "dissonance": {
        "dmean": 0.0216750837862,
        "dmean2": 0.0368253327906,
        "dvar": 0.000399068696424,
        "dvar2": 0.000943551654927,
        "max": 0.47723993659,
        "mean": 0.422592431307,
        "median": 0.421988278627,
        "min": 0.305824875832,
        "var": 0.000449688523076
    },
    "dynamic_complexity": 1.20671129227,
    "erbbands_crest": {
        "dmean": 1.44377624989,
        "dmean2": 1.59861516953,
        "dvar": 1.78988361359,
        "dvar2": 1.7360240221,
        "max": 24.3736667633,
        "mean": 19.4255046844,
        "median": 19.1098175049,
        "min": 5.43909311295,
        "var": 5.90998220444
    },
    "erbbands_flatness_db": {
        "dmean": 0.00838117394596,
        "dmean2": 0.0123911770061,
        "dvar": 0.000245527189691,
        "dvar2": 0.000249855831498,
        "max": 0.329179883003,
        "mean": 0.27102971077,
        "median": 0.26997500658,
        "min": 0.0877114832401,
        "var": 0.00101534102578
    },
    "erbbands_kurtosis": {
        "dmean": 2.95380520821,
        "dmean2": 4.1625213623,
        "dvar": 19.3457164764,
        "dvar2": 18.2363109589,
        "max": 64.089553833,
        "mean": 29.0071048737,
        "median": 25.8175392151,
        "min": 0.421865940094,
        "var": 180.651641846
    },
    "erbbands_skewness": {
        "dmean": 0.241489514709,
        "dmean2": 0.333413153887,
        "dvar": 0.147210925817,
        "dvar2": 0.129929542542,
        "max": 6.91783952713,
        "mean": 4.65936660767,
        "median": 4.58642292023,
        "min": 1.11587369442,
        "var": 0.966372847557
    },
    "erbbands_spread": {
        "dmean": 1.22641122341,
        "dmean2": 1.5950858593,
        "dvar": 9.71611976624,
        "dvar2": 8.33704090118,
        "max": 51.6807098389,
        "mean": 8.90286922455,
        "median": 8.42164993286,
        "min": 3.32657980919,
        "var": 26.6255741119
    },
    "hfc": {
        "dmean": 2.0305325985,
        "dmean2": 2.08977174759,
        "dvar": 3.15214371681,
        "dvar2": 3.28113698959,
        "max": 28.5153388977,
        "mean": 16.6667194366,
        "median": 16.6141872406,
        "min": 0.642806351185,
        "var": 29.3699359894
    },
    "melbands_crest": {
        "dmean": 0.969103991985,
        "dmean2": 1.05606210232,
        "dvar": 1.32508277893,
        "dvar2": 1.17696094513,
        "max": 31.125629425,
        "mean": 28.2638816833,
        "median": 28.1861019135,
        "min": 13.9805641174,
        "var": 3.02321171761
    },
    "melbands_flatness_db": {
        "dmean": 0.0107965124771,
        "dmean2": 0.0154390092939,
        "dvar": 0.000447561644251,
        "dvar2": 0.00042693677824,
        "max": 0.641810834408,
        "mean": 0.571482241154,
        "median": 0.570887565613,
        "min": 0.298600614071,
        "var": 0.00168466707692
    },
    "melbands_kurtosis": {
        "dmean": 13.317035675,
        "dmean2": 19.9323120117,
        "dvar": 156.228561401,
        "dvar2": 286.640655518,
        "max": 163.633422852,
        "mean": 93.2558288574,
        "median": 90.8212356567,
        "min": 44.6378707886,
        "var": 504.445983887
    },
    "melbands_skewness": {
        "dmean": 0.401333987713,
        "dmean2": 0.599614143372,
        "dvar": 0.145319253206,
        "dvar2": 0.258423388004,
        "max": 6.88511753082,
        "mean": 4.31852865219,
        "median": 4.37095975876,
        "min": 2.44844412804,
        "var": 0.887418925762
    },
    "melbands_spread": {
        "dmean": 0.0476364381611,
        "dmean2": 0.0505225583911,
        "dvar": 0.0490120910108,
        "dvar2": 0.0437985211611,
        "max": 3.36441802979,
        "mean": 0.464671701193,
        "median": 0.439722746611,
        "min": 0.296178728342,
        "var": 0.0642512440681
    },
    "pitch_salience": {
        "dmean": 0.0228683035821,
        "dmean2": 0.0296753812581,
        "dvar": 0.000790544960182,
        "dvar2": 0.000871431024279,
        "max": 0.759645044804,
        "mean": 0.41994202137,
        "median": 0.427033036947,
        "min": 0.317700326443,
        "var": 0.00334735540673
    },
    "silence_rate_20dB": {
        "dmean": 0,
        "dmean2": 0,
        "dvar": 0,
        "dvar2": 0,
        "max": 1,
        "mean": 1,
        "median": 1,
        "min": 1,
        "var": 0
    },
    "silence_rate_30dB": {
        "dmean": 0.10666666925,
        "dmean2": 0.208053693175,
        "dvar": 0.0952888056636,
        "dvar2": 0.258726924658,
        "max": 1,
        "mean": 0.245033115149,
        "median": 0,
        "min": 0,
        "var": 0.184991925955
    },
    "silence_rate_60dB": {
        "dmean": 0,
        "dmean2": 0,
        "dvar": 0,
        "dvar2": 0,
        "max": 0,
        "mean": 0,
        "median": 0,
        "min": 0,
        "var": 0
    },
    "spectral_centroid": {
        "dmean": 6.42630147934,
        "dmean2": 6.69322681427,
        "dvar": 346.624633789,
        "dvar2": 324.710723877,
        "max": 386.609161377,
        "mean": 141.413040161,
        "median": 138.905761719,
        "min": 121.051040649,
        "var": 546.312561035
    },
    "spectral_complexity": {
        "dmean": 0.560000002384,
        "dmean2": 0.919463098049,
        "dvar": 0.539732813835,
        "dvar2": 1.04049348831,
        "max": 5,
        "mean": 3.34437084198,
        "median": 3,
        "min": 1,
        "var": 0.556905090809
    },
    "spectral_decrease": {
        "dmean": 4.30620117342e-09,
        "dmean2": 4.46749348626e-09,
        "dvar": 1.56376675006e-17,
        "dvar2": 1.63022690725e-17,
        "max": -9.56864587565e-10,
        "mean": -3.84469132086e-08,
        "median": -3.83366902668e-08,
        "min": -6.48308500217e-08,
        "var": 1.58113019756e-16
    },
    "spectral_energy": {
        "dmean": 0.0164356324822,
        "dmean2": 0.0170490052551,
        "dvar": 0.000227582553634,
        "dvar2": 0.000237248837948,
        "max": 0.247272342443,
        "mean": 0.146618679166,
        "median": 0.146231859922,
        "min": 0.0036697331816,
        "var": 0.00229908758774
    },
    "spectral_energyband_high": {
        "dmean": 3.16632940667e-06,
        "dmean2": 4.33496188634e-06,
        "dvar": 1.38107034489e-11,
        "dvar2": 2.76765433488e-11,
        "max": 4.09892163589e-05,
        "mean": 1.23337449622e-05,
        "median": 1.18496645882e-05,
        "min": 4.7299763537e-06,
        "var": 2.37183762214e-11
    },
    "spectral_energyband_low": {
        "dmean": 0.0149238761514,
        "dmean2": 0.015594122,
        "dvar": 0.000203184317797,
        "dvar2": 0.000208618424949,
        "max": 0.232436329126,
        "mean": 0.136153131723,
        "median": 0.136001363397,
        "min": 0.0025240201503,
        "var": 0.00214044121094
    },
    "spectral_energyband_middle_high": {
        "dmean": 1.17910230983e-05,
        "dmean2": 1.55243087647e-05,
        "dvar": 2.62127403117e-10,
        "dvar2": 4.2662717803e-10,
        "max": 0.00017436449707,
        "mean": 5.82137654419e-05,
        "median": 5.53646241315e-05,
        "min": 1.90608716366e-05,
        "var": 4.4749298711e-10
    },
    "spectral_energyband_middle_low": {
        "dmean": 0.00379585078917,
        "dmean2": 0.00442180549726,
        "dvar": 9.10175458557e-06,
        "dvar2": 1.18029947771e-05,
        "max": 0.0272825006396,
        "mean": 0.0125475535169,
        "median": 0.0107776662335,
        "min": 0.00112113181967,
        "var": 2.80391686829e-05
    },
    "spectral_entropy": {
        "dmean": 0.120973154902,
        "dmean2": 0.160077750683,
        "dvar": 0.0547027476132,
        "dvar2": 0.0499076731503,
        "max": 8.25252532959,
        "mean": 5.26000547409,
        "median": 5.2621922493,
        "min": 4.62135601044,
        "var": 0.174366161227
    },
    "spectral_flux": {
        "dmean": 0.0183441787958,
        "dmean2": 0.0296333432198,
        "dvar": 0.000471222097985,
        "dvar2": 0.000609240145423,
        "max": 0.264049321413,
        "mean": 0.0460091792047,
        "median": 0.0405821874738,
        "min": 0.0186680220068,
        "var": 0.00103377155028
    },
    "spectral_kurtosis": {
        "dmean": 4.18617296219,
        "dmean2": 7.04005718231,
        "dvar": 12.1321563721,
        "dvar2": 29.9133014679,
        "max": 46.0933914185,
        "mean": 19.8873806,
        "median": 19.0594177246,
        "min": 2.0643491745,
        "var": 43.9914360046
    },
    "spectral_rms": {
        "dmean": 0.000681765319314,
        "dmean2": 0.000711846922059,
        "dvar": 6.42379745841e-07,
        "dvar2": 7.06870878275e-07,
        "max": 0.0155319450423,
        "mean": 0.0117789236829,
        "median": 0.0119442548603,
        "min": 0.00189214886632,
        "var": 4.29962256021e-06
    },
    "spectral_rolloff": {
        "dmean": 0.4306640625,
        "dmean2": 0.433554410934,
        "dvar": 27.6352577209,
        "dvar2": 27.8194732666,
        "max": 193.798828125,
        "mean": 129.627029419,
        "median": 129.19921875,
        "min": 129.19921875,
        "var": 27.4534606934
    },
    "spectral_skewness": {
        "dmean": 0.348250210285,
        "dmean2": 0.56157207489,
        "dvar": 0.0778555944562,
        "dvar2": 0.185118317604,
        "max": 5.45325899124,
        "mean": 3.50472354889,
        "median": 3.45538640022,
        "min": 1.75460207462,
        "var": 0.333850950003
    },
    "spectral_spread": {
        "dmean": 398473.6875,
        "dmean2": 480673.28125,
        "dvar": 2.47159953818e+12,
        "dvar2": 983819091968,
        "max": 29704110,
        "mean": 3006191,
        "median": 2797649.25,
        "min": 1856637.875,
        "var": 5.54268150989e+12
    },
    "spectral_strongpeak": {
        "dmean": 0.325515985489,
        "dmean2": 0.566115140915,
        "dvar": 0.236859515309,
        "dvar2": 0.470010697842,
        "max": 4.11448431015,
        "mean": 1.43432247639,
        "median": 1.35301566124,
        "min": 0,
        "var": 0.304409444332
    },
    "zerocrossingrate": {
        "dmean": 0.000478515634313,
        "dmean2": 0.000720952171832,
        "dvar": 5.13299482918e-07,
        "dvar2": 7.6992864706e-07,
        "max": 0.0087890625,
        "mean": 0.00543900020421,
        "median": 0.0048828125,
        "min": 0.00146484375,
        "var": 8.21169862775e-07
    },
    "barkbands": {
        "dmean": [0.000387962529203, 0.00373798655346, 0.0100863995031, 0.00300768739544, 0.00094285083469, 1.90533828572e-05, 7.86284726928e-06, 1.3137588212e-05, 1.74695942405e-05, 2.12092936636e-06, 2.22816333917e-06, 2.79207552012e-06, 4.35400852439e-06, 2.4283269795e-06, 8.36576418806e-07, 6.29354246939e-07, 4.73680898949e-07, 1.64584992035e-06, 3.38606992045e-06, 2.3787642931e-06, 1.39707537983e-06, 2.54829586765e-07, 1.69477686995e-07, 2.69072927495e-07, 2.20821362973e-07, 1.72593146885e-07, 4.76050473708e-07],
        "dmean2": [0.000598352984525, 0.00426882551983, 0.0108874868602, 0.00351482746191, 0.00118424673565, 2.70316504611e-05, 1.23589179566e-05, 2.1636571546e-05, 2.30140922213e-05, 3.24408597407e-06, 3.79452967536e-06, 4.6072132136e-06, 6.25236043561e-06, 3.5571083572e-06, 1.38398786476e-06, 1.00583315543e-06, 7.47962360492e-07, 2.43373892772e-06, 4.51082769359e-06, 3.11187136504e-06, 2.10895382224e-06, 3.9139109731e-07, 2.51050323641e-07, 4.18657634782e-07, 3.54612893716e-07, 2.78448567315e-07, 7.90422461705e-07],
        "dvar": [2.89120009711e-07, 8.45599151944e-06, 0.000125594830024, 6.63105629428e-06, 4.65103767056e-07, 7.27573501447e-10, 1.63474150883e-10, 1.19204479621e-10, 2.73326111744e-10, 1.31063961767e-11, 5.0871377423e-12, 8.31697297837e-12, 2.09284534147e-11, 4.76161341259e-12, 1.01864003343e-12, 9.16538004346e-13, 6.06179819881e-13, 2.73436134846e-12, 8.10419786834e-12, 3.68450148863e-12, 1.8529804427e-12, 1.69450133721e-13, 1.23370999289e-13, 1.92922243393e-13, 1.18355737537e-13, 9.12464141788e-14, 1.95313139576e-13],
        "dvar2": [3.94182819718e-07, 1.11180088425e-05, 0.000107335086796, 8.40594566398e-06, 8.52405491969e-07, 7.78300535131e-10, 2.20493137637e-10, 3.199705223e-10, 5.37923094956e-10, 2.05703318962e-11, 1.00635246664e-11, 1.74781144419e-11, 3.34425646897e-11, 1.20127900682e-11, 1.81843537624e-12, 1.66514599418e-12, 8.61170672533e-13, 6.18726337526e-12, 1.6875919065e-11, 7.15863219397e-12, 4.57417697469e-12, 2.73206804402e-13, 1.9404717091e-13, 3.9965280434e-13, 2.18628229669e-13, 1.53736547689e-13, 4.29019504384e-13],
        "max": [0.00802844017744, 0.0412348881364, 0.179877012968, 0.0206731110811, 0.00754578132182, 0.000340198952472, 0.000161856805789, 6.27480330877e-05, 0.000307925889501, 4.01436991524e-05, 2.59503776761e-05, 3.02399639622e-05, 4.04142374464e-05, 1.92290463019e-05, 1.0098934581e-05, 9.74838621914e-06, 8.89009515959e-06, 1.21261255117e-05, 2.50718567258e-05, 1.71707888512e-05, 1.11668723548e-05, 4.48159380539e-06, 3.77759306502e-06, 4.17882938564e-06, 3.61640172741e-06, 3.38503900821e-06, 5.65069467484e-06],
        "mean": [0.00265623489395, 0.02567554079, 0.105667635798, 0.00753194512799, 0.00475770607591, 4.59187103843e-05, 1.75516615855e-05, 2.58767886407e-05, 0.000167990481714, 3.96125778934e-06, 4.90613956572e-06, 7.37425762054e-06, 1.32232617034e-05, 9.04030730453e-06, 2.1771320462e-06, 1.38885786782e-06, 1.27087287183e-06, 4.22421499024e-06, 7.50124581828e-06, 5.95761594013e-06, 3.43650981449e-06, 6.73096451465e-07, 4.09946636637e-07, 5.78557944664e-07, 5.91470438849e-07, 6.75023329677e-07, 3.62545188182e-06],
        "median": [0.00259037688375, 0.0258329510689, 0.106812022626, 0.00622539501637, 0.00470694946125, 3.77443939215e-05, 1.50066789502e-05, 2.38768716372e-05, 0.000170883067767, 3.31395699504e-06, 4.39847553935e-06, 6.89642365614e-06, 1.15040038509e-05, 8.78724040376e-06, 1.99961391445e-06, 1.23457436985e-06, 1.10223163574e-06, 3.61698926099e-06, 6.16780653218e-06, 5.35723256689e-06, 3.01984005091e-06, 5.94748598814e-07, 3.30345216071e-07, 4.56590868225e-07, 5.28999805738e-07, 6.36958702671e-07, 3.66366566595e-06],
        "min": [0.000581980973948, 0.00101886072662, 0.000882931461092, 0.000575778423809, 0.000394552364014, 1.46375004988e-05, 3.04726654576e-06, 5.07456070409e-06, 2.09388126677e-05, 4.58404031178e-07, 7.68200720813e-07, 1.21720267998e-06, 3.77981928068e-06, 3.04216018776e-06, 3.80038727599e-07, 2.44974245334e-07, 3.20156914313e-07, 8.7945170435e-07, 1.04799460132e-06, 1.31602746478e-06, 6.81846870521e-07, 2.15083716171e-07, 1.22665298363e-07, 1.60330017707e-07, 1.91010883555e-07, 3.00428467881e-07, 1.73237572199e-06],
        "var": [3.40166337764e-07, 6.41819933662e-05, 0.00135472987313, 1.87042969628e-05, 1.40609279242e-06, 1.0385731164e-09, 2.14407422372e-10, 1.54068743874e-10, 2.75273825956e-09, 1.44907957161e-11, 7.7099802237e-12, 1.43307952311e-11, 4.1255335953e-11, 8.38601237063e-12, 1.51658329992e-12, 1.11698410937e-12, 7.87903759163e-13, 5.9483130227e-12, 2.18814723285e-11, 8.9921846011e-12, 3.36057006875e-12, 2.08325286817e-13, 1.54701081047e-13, 2.30740746605e-13, 1.44166647478e-13, 1.0515092757e-13, 6.02352532002e-13]
    },
    "erbbands": {
        "dmean": [0.0727547854185, 1.12089812756, 8.78547382355, 12.7856407166, 7.1903591156, 1.67449426651, 0.176464378834, 0.185614645481, 0.0913307145238, 0.280992180109, 0.156545996666, 0.509417712688, 0.107873812318, 0.0938629284501, 0.0952717661858, 0.117636017501, 0.21459017694, 0.112450674176, 0.0734572559595, 0.0333008021116, 0.0300285853446, 0.0262397937477, 0.0641633495688, 0.214954122901, 0.0951585620642, 0.112771786749, 0.0770152062178, 0.0474834926426, 0.0109040224925, 0.00628495076671, 0.00487487018108, 0.00503716943786, 0.0050940355286, 0.00268784607761, 0.00153332843911, 0.000884024309926, 0.000280440435745, 0.000147746410221, 6.88883228577e-05, 2.09858262679e-05],
        "dmean2": [0.0988674759865, 1.27253854275, 9.8342924118, 13.1135873795, 8.90999412537, 1.84391021729, 0.250243335962, 0.269482016563, 0.134440422058, 0.446154177189, 0.25360134244, 0.673785090446, 0.139828547835, 0.153592467308, 0.167224571109, 0.187256023288, 0.307651847601, 0.160888820887, 0.109318546951, 0.053006414324, 0.0472506918013, 0.0416347719729, 0.0907518714666, 0.292102754116, 0.137644156814, 0.153842180967, 0.11504535377, 0.0721585974097, 0.0163499489427, 0.009740954265, 0.00750471930951, 0.00750471279025, 0.00812035333365, 0.00436394987628, 0.00241786590777, 0.00147027871571, 0.000445956946351, 0.000243046291871, 0.000118577139801, 2.70445270871e-05],
        "dvar": [0.00339005235583, 0.968069434166, 130.079421997, 106.829093933, 26.9981861115, 1.02881443501, 0.036737497896, 0.0606761537492, 0.0434349291027, 0.0617592893541, 0.0185431838036, 0.236032783985, 0.0188016798347, 0.014742994681, 0.00941754505038, 0.0148293655366, 0.0467463023961, 0.0114992503077, 0.00528336362913, 0.0028603959363, 0.00242354394868, 0.00202478887513, 0.00397579278797, 0.0399879775941, 0.00637964624912, 0.00805003941059, 0.0065204333514, 0.00240046414547, 0.000257393636275, 0.000151653512148, 0.000103476413642, 9.44844359765e-05, 4.59882685391e-05, 1.56732839969e-05, 5.78073922952e-06, 2.05691162591e-06, 2.72815896096e-07, 3.2403114858e-08, 4.39555059017e-09, 3.65439956074e-10],
        "dvar2": [0.00622485298663, 1.04493045807, 111.145591736, 120.441040039, 41.0162277222, 1.65459060669, 0.061490021646, 0.0699180960655, 0.0478933230042, 0.137278869748, 0.0477158166468, 0.474289357662, 0.0274760611355, 0.0272321756929, 0.020048648119, 0.0300564058125, 0.0778978690505, 0.0259506106377, 0.012459541671, 0.0052729989402, 0.00421236082911, 0.0028047489468, 0.00789819844067, 0.0834735557437, 0.0127062285319, 0.0153286661953, 0.0165900867432, 0.00617467891425, 0.000445195793873, 0.000227830547374, 0.00017037068028, 0.000193083193153, 9.90205808193e-05, 3.00351148326e-05, 1.06467214209e-05, 3.8210528146e-06, 4.21511543891e-07, 5.7685458188e-08, 9.5256389443e-09, 5.41278022403e-10],
        "max": [0.654026627541, 15.2323646545, 182.562347412, 122.717903137, 56.0886497498, 10.0273733139, 2.08877015114, 3.00334525108, 2.76774358749, 1.52550530434, 1.17384231091, 9.41393375397, 1.75146210194, 1.21215796471, 1.02681434155, 1.35229480267, 1.8486135006, 1.00036871433, 0.650157988071, 0.549216389656, 0.523423492908, 0.524203360081, 0.494060397148, 1.58206057549, 0.597611129284, 0.718661248684, 0.642335355282, 0.376416951418, 0.164734348655, 0.13406740129, 0.104539014399, 0.0936471819878, 0.0608827508986, 0.0403113774955, 0.024788511917, 0.014049529098, 0.00631516473368, 0.00229677651078, 0.000813579070382, 0.000313654076308],
        "mean": [0.423550367355, 9.19138050079, 112.671394348, 53.8388938904, 35.5240821838, 5.16829967499, 0.673571705818, 0.451599359512, 0.224821805954, 0.567190885544, 0.587497830391, 5.22965192795, 0.779085814953, 0.196552738547, 0.228326514363, 0.384734153748, 0.652235388756, 0.43230548501, 0.24275508523, 0.0911716297269, 0.0746559426188, 0.0806753709912, 0.192098036408, 0.459543198347, 0.24538308382, 0.281514167786, 0.168837234378, 0.114863872528, 0.0291684381664, 0.01612759009, 0.0115736229345, 0.0114815179259, 0.0105072343722, 0.00692089414224, 0.00376803358085, 0.00227879872546, 0.00131641421467, 0.000850309501402, 0.000477493304061, 0.00022806195193],
        "median": [0.415279716253, 9.33386707306, 117.322105408, 47.7788009644, 33.6929779053, 4.81345701218, 0.608474671841, 0.390047490597, 0.172449752688, 0.521209895611, 0.58551967144, 5.27155542374, 0.785483539104, 0.175819963217, 0.210687339306, 0.376524984837, 0.598085820675, 0.409093081951, 0.227743774652, 0.0785998478532, 0.0670987963676, 0.0714588314295, 0.171130418777, 0.3564863801, 0.209381863475, 0.249117329717, 0.143338933587, 0.0977772921324, 0.0254533328116, 0.0137521130964, 0.00936737470329, 0.00872343126684, 0.00849497597665, 0.00606578635052, 0.00314565259032, 0.00192232790869, 0.0012739795493, 0.000859122956172, 0.000475364649901, 0.000227739277761],
        "min": [0.032305367291, 0.226584404707, 0.897987008095, 1.6787340641, 1.72573935986, 1.14207577705, 0.27827450633, 0.141902193427, 0.0444265604019, 0.136095389724, 0.281162500381, 0.493965446949, 0.297042697668, 0.0346315018833, 0.0436820164323, 0.0666669458151, 0.182508319616, 0.165235921741, 0.0608309209347, 0.026637904346, 0.0155831575394, 0.0231393370777, 0.0468789748847, 0.0828114449978, 0.0516522862017, 0.0639997199178, 0.0446808449924, 0.0129854883999, 0.00780632300302, 0.0044614141807, 0.00322992680594, 0.00249878689647, 0.00287201465108, 0.00210505351424, 0.0013761970913, 0.000923548301216, 0.00058770517353, 0.000451423722552, 0.000242824709858, 2.94605633826e-05],
        "var": [0.00820924621075, 9.83283519745, 1467.59191895, 589.009155273, 94.5988693237, 4.08009529114, 0.0794327482581, 0.0903550237417, 0.0590091049671, 0.0840361788869, 0.0263723023236, 2.65488386154, 0.0609446465969, 0.0167404357344, 0.0148623036221, 0.0309490244836, 0.0920070111752, 0.0189099572599, 0.00884205289185, 0.00389034650289, 0.00291254208423, 0.0027193618007, 0.00987587403506, 0.0954339653254, 0.0146990073845, 0.0200480110943, 0.00877942983061, 0.00418697204441, 0.000336753757438, 0.00017647871573, 0.000129386418848, 0.000112372385047, 5.77210739721e-05, 1.93374380615e-05, 6.83508915245e-06, 2.17295360017e-06, 3.26356257574e-07, 5.7634149897e-08, 6.994250068e-09, 2.05279881982e-09]
    },
    "gfcc": {
        "mean": [-113.014205933, 144.750930786, -19.9658031464, 48.1417770386, -1.19671332836, 7.83148384094, 7.43982315063, 1.86611795425, -28.0585784912, -9.97757339478, -20.0691795349, -33.5087776184, -23.2998428345],
        "cov": [[167.268203735, -74.7305831909, -56.3767204285, 44.3900947571, -21.6095867157, 21.9226970673, -2.80350661278, 14.3277196884, -17.3547649384, -12.9242134094, -11.2723150253, 4.33414793015, 5.45008325577], [-74.7305831909, 86.9591522217, 61.7475967407, -12.1894369125, 24.8961849213, -22.1516075134, 8.16619491577, -17.7031478882, 9.52947330475, 10.3541584015, 2.71345496178, -18.994146347, -1.74449193478], [-56.3767204285, 61.7475967407, 65.78150177, -2.58668589592, 11.9289464951, -16.1309585571, -3.98005127907, -13.1660270691, 10.4080982208, 13.7895870209, 4.62450265884, -15.7816143036, 1.37557816505], [44.3900947571, -12.1894369125, -2.58668589592, 38.8349075317, 3.75394248962, -1.47196638584, 5.29644441605, 3.41029596329, -9.9156332016, -7.78609228134, -4.76727724075, -15.7855548859, 1.12472653389], [-21.6095867157, 24.8961849213, 11.9289464951, 3.75394248962, 23.7832260132, -4.53540039062, 11.0439977646, -3.30582165718, -5.24736785889, -6.21479272842, -1.30503690243, -11.9714822769, -2.55157756805], [21.9226970673, -22.1516075134, -16.1309585571, -1.47196638584, -4.53540039062, 15.5843524933, -0.887215256691, 2.13247156143, -3.32178258896, -2.61368775368, 0.384079247713, 4.98251581192, 2.46629810333], [-2.80350661278, 8.16619491577, -3.98005127907, 5.29644441605, 11.0439977646, -0.887215256691, 27.3488998413, 2.85809016228, -11.1848936081, -10.8027925491, -4.91382741928, -7.74540948868, -6.3021645546], [14.3277196884, -17.7031478882, -13.1660270691, 3.41029596329, -3.30582165718, 2.13247156143, 2.85809016228, 12.7034702301, -3.56486368179, -7.48328065872, -2.30131292343, 1.30377435684, -3.43959236145], [-17.3547649384, 9.52947330475, 10.4080982208, -9.9156332016, -5.24736785889, -3.32178258896, -11.1848936081, -3.56486368179, 14.5967159271, 10.1576890945, 2.24700737, 1.76084756851, 0.8052110672], [-12.9242134094, 10.3541584015, 13.7895870209, -7.78609228134, -6.21479272842, -2.61368775368, -10.8027925491, -7.48328065872, 10.1576890945, 14.6678438187, 4.17037296295, 0.711977958679, 2.18639612198], [-11.2723150253, 2.71345496178, 4.62450265884, -4.76727724075, -1.30503690243, 0.384079247713, -4.91382741928, -2.30131292343, 2.24700737, 4.17037296295, 9.84043979645, 2.52832388878, -0.962334275246], [4.33414793015, -18.994146347, -15.7816143036, -15.7855548859, -11.9714822769, 4.98251581192, -7.74540948868, 1.30377435684, 1.76084756851, 0.711977958679, 2.52832388878, 21.9067649841, 2.20066928864], [5.45008325577, -1.74449193478, 1.37557816505, 1.12472653389, -2.55157756805, 2.46629810333, -6.3021645546, -3.43959236145, 0.8052110672, 2.18639612198, -0.962334275246, 2.20066928864, 9.30297756195]],
        "icov": [[0.0277200583369, -0.0333648175001, 0.0274696480483, -0.0543322190642, 0.0188224222511, -0.0469780452549, 0.0168135818094, -0.0260741133243, 0.021022407338, -0.0305883679539, 0.0257650464773, -0.0304447226226, 0.0146137624979], [-0.0333648175001, 0.185469821095, -0.108654178679, 0.138239130378, -0.0633436143398, 0.149444282055, -0.0629675909877, 0.123161531985, -0.0598175004125, 0.0863029584289, -0.04155895859, 0.101761832833, -0.0439105369151], [0.0274696480483, -0.108654178679, 0.103276647627, -0.0837013572454, 0.0312577150762, -0.0687957033515, 0.038875721395, -0.0645499378443, 0.0348871126771, -0.073197580874, 0.0178349297494, -0.0390222370625, 0.0129212802276], [-0.0543322190642, 0.138239130378, -0.0837013572454, 0.213392779231, -0.0194672159851, 0.157943174243, -0.0283801294863, 0.114883162081, -0.0137232616544, 0.128843322396, -0.0539622344077, 0.169246867299, -0.0543427243829], [0.0188224222511, -0.0633436143398, 0.0312577150762, -0.0194672159851, 0.146506026387, -0.04069660604, 0.0327149927616, 0.0281278509647, 0.042513050139, 0.0766133889556, 0.00936099048704, 0.0392182804644, 0.0283661298454], [-0.0469780452549, 0.149444282055, -0.0687957033515, 0.157943174243, -0.04069660604, 0.242101058364, -0.0512171685696, 0.108133330941, -0.0343985147774, 0.095021687448, -0.071401938796, 0.117010690272, -0.077858954668], [0.0168135818094, -0.0629675909877, 0.038875721395, -0.0283801294863, 0.0327149927616, -0.0512171685696, 0.118771567941, -0.00965824350715, 0.0814635455608, 0.0138361593708, 0.0498547181487, 0.00195951480418, 0.0698559805751], [-0.0260741133243, 0.123161531985, -0.0645499378443, 0.114883162081, 0.0281278509647, 0.108133330941, -0.00965824350715, 0.273605883121, -0.0473512001336, 0.203376933932, -0.0208258666098, 0.115435615182, 0.0345304533839], [0.021022407338, -0.0598175004125, 0.0348871126771, -0.0137232616544, 0.042513050139, -0.0343985147774, 0.0814635455608, -0.0473512001336, 0.21962814033, -0.105259545147, 0.0535564906895, -0.00287413876504, 0.0433749817312], [-0.0305883679539, 0.0863029584289, -0.073197580874, 0.128843322396, 0.0766133889556, 0.095021687448, 0.0138361593708, 0.203376933932, -0.105259545147, 0.367915272713, -0.069544814527, 0.139344617724, -0.00777438981459], [0.0257650464773, -0.04155895859, 0.0178349297494, -0.0539622344077, 0.00936099048704, -0.071401938796, 0.0498547181487, -0.0208258666098, 0.0535564906895, -0.069544814527, 0.170670688152, -0.0558339878917, 0.0711412057281], [-0.0304447226226, 0.101761832833, -0.0390222370625, 0.169246867299, 0.0392182804644, 0.117010690272, 0.00195951480418, 0.115435615182, -0.00287413876504, 0.139344617724, -0.0558339878917, 0.229209020734, -0.0465265996754], [0.0146137624979, -0.0439105369151, 0.0129212802276, -0.0543427243829, 0.0283661298454, -0.077858954668, 0.0698559805751, 0.0345304533839, 0.0433749817312, -0.00777438981459, 0.0711412057281, -0.0465265996754, 0.200305566192]]
    },
    "melbands": {
        "dmean": [0.000731683394406, 0.00367413647473, 0.00211856211536, 0.000296829472063, 8.56037058838e-06, 3.9243846004e-06, 1.36565870434e-06, 3.2491757338e-06, 1.08708525204e-06, 3.28201849698e-06, 4.56952392369e-07, 3.85481342846e-07, 3.11248953722e-07, 3.31506612383e-07, 4.14061076981e-07, 3.26120328964e-07, 2.43603324179e-07, 1.52447285018e-07, 5.59801094369e-08, 4.31263877942e-08, 3.36141674495e-08, 3.09107370811e-08, 4.24892867557e-08, 9.159428771e-08, 2.03014195677e-07, 9.72645395336e-08, 7.73732651282e-08, 7.50427489038e-08, 6.07913221984e-08, 3.6397977965e-08, 2.39477913055e-08, 5.72008973521e-09, 5.61498891827e-09, 3.19219717326e-09, 2.8639361993e-09, 2.98653213271e-09, 3.43511974421e-09, 3.50866913301e-09, 3.92530763449e-09, 1.75921854861e-09],
        "dmean2": [0.000898281286936, 0.00391369778663, 0.00214547128417, 0.000364047911717, 1.14429531095e-05, 5.60717853659e-06, 2.03789318221e-06, 5.23171684108e-06, 1.73243188328e-06, 4.3528129936e-06, 5.84709084706e-07, 6.27773943052e-07, 5.38407618933e-07, 5.56955455977e-07, 5.60613898415e-07, 4.95265112477e-07, 3.51604683146e-07, 2.25241862495e-07, 9.25585155187e-08, 6.91539838726e-08, 5.2409156126e-08, 4.74016097485e-08, 6.61126122736e-08, 1.35966558901e-07, 2.79279532833e-07, 1.49306458752e-07, 1.15406670886e-07, 1.05781936099e-07, 9.49693088614e-08, 5.52828680611e-08, 3.78357292163e-08, 9.1225356158e-09, 8.717444544e-09, 4.85468509837e-09, 4.4526959897e-09, 4.56121895809e-09, 5.17168086134e-09, 5.56705481713e-09, 6.49602238667e-09, 2.82156698006e-09],
        "dvar": [3.44526796425e-07, 1.78674345079e-05, 2.82075438918e-06, 4.14480751942e-08, 6.67193453263e-11, 2.91435833799e-11, 9.31212919275e-12, 7.88202315916e-12, 9.59579746392e-13, 9.7092958673e-12, 4.22694187594e-13, 2.52732296896e-13, 1.00286031107e-13, 1.18800138455e-13, 1.57835509528e-13, 1.31910758358e-13, 5.1529191748e-14, 1.94699145722e-14, 5.85629135314e-15, 4.47673218008e-15, 3.11498123946e-15, 2.37878361215e-15, 2.3700530318e-15, 7.79927947854e-15, 3.71325081685e-14, 7.14654233686e-15, 4.72927801792e-15, 3.78900961306e-15, 4.66936398943e-15, 1.52171067749e-15, 5.94921002042e-16, 7.73820250028e-17, 6.12209473891e-17, 4.33498955434e-17, 3.22181554633e-17, 3.11019976494e-17, 4.27058593359e-17, 2.16616731772e-17, 2.06490800304e-17, 9.64016634512e-18],
        "dvar2": [5.9988093426e-07, 1.65276360349e-05, 3.23644758282e-06, 6.94604906926e-08, 1.00214038457e-10, 3.1932317901e-11, 1.05300403813e-11, 1.86931373158e-11, 2.3314425477e-12, 1.89520395905e-11, 5.35769182925e-13, 4.73017295905e-13, 2.09999403392e-13, 2.61321780187e-13, 2.55147682496e-13, 2.27198251532e-13, 1.22909210479e-13, 4.79447583794e-14, 1.04795653153e-14, 8.40628700547e-15, 5.31645692707e-15, 3.355841199e-15, 4.8566772789e-15, 1.71269960291e-14, 7.9899113584e-14, 1.58620895417e-14, 1.07411883817e-14, 7.38213353971e-15, 1.18051498549e-14, 4.00267494456e-15, 1.51496734232e-15, 1.25163438108e-16, 9.63150047015e-17, 6.52052844939e-17, 5.01788174392e-17, 5.91782811147e-17, 8.99194096414e-17, 4.55606052136e-17, 4.59878506174e-17, 1.68920471948e-17],
        "max": [0.00761007796973, 0.0682578384876, 0.0214748326689, 0.00213947100565, 7.38390881452e-05, 6.68271677569e-05, 4.05506216339e-05, 1.75847271748e-05, 9.03641739569e-06, 6.10553543083e-05, 8.20451987238e-06, 4.88249133923e-06, 3.48149501406e-06, 3.40447354574e-06, 3.53064683623e-06, 3.30361854139e-06, 1.82798419246e-06, 1.22402377656e-06, 7.84990049851e-07, 6.79055631281e-07, 5.97220150667e-07, 5.6151031913e-07, 4.80089056509e-07, 6.54685493373e-07, 1.53948633397e-06, 5.93047161601e-07, 4.4574503022e-07, 4.94997493661e-07, 5.02881619013e-07, 2.76794537513e-07, 1.90887149643e-07, 9.57424646231e-08, 7.93661811826e-08, 7.26925861727e-08, 6.17822806248e-08, 4.98527121806e-08, 6.43728910177e-08, 4.28156958776e-08, 3.85790883684e-08, 3.27139773049e-08],
        "mean": [0.00495994836092, 0.0416011959314, 0.0104185659438, 0.00134794728365, 2.69214924629e-05, 9.17761826713e-06, 3.30821626449e-06, 6.43948806101e-06, 4.18506624555e-06, 3.35329059453e-05, 1.92911397789e-06, 6.89237594997e-07, 7.16890383501e-07, 8.27132282666e-07, 1.47972752984e-06, 9.86677150649e-07, 8.72623445503e-07, 4.7354856747e-07, 1.45687167219e-07, 9.77814593739e-08, 8.04802056109e-08, 7.56720339723e-08, 1.16297989905e-07, 2.21263604772e-07, 4.15063169612e-07, 2.09630911741e-07, 1.84241784495e-07, 1.79840242254e-07, 1.18092849277e-07, 7.97296451083e-08, 5.62093909195e-08, 1.34047546396e-08, 1.31248860669e-08, 7.38917904641e-09, 6.38308472745e-09, 6.40893649262e-09, 7.38388772348e-09, 6.75342493039e-09, 8.43853520394e-09, 4.71666306012e-09],
        "median": [0.00491283228621, 0.0424854680896, 0.00948691274971, 0.00130933057517, 2.34352464759e-05, 7.66146513342e-06, 2.52846166404e-06, 5.8395958149e-06, 4.08284768127e-06, 3.37032979587e-05, 1.7850442191e-06, 5.77695914217e-07, 6.61639262489e-07, 7.46220337078e-07, 1.30913576868e-06, 8.74270313034e-07, 8.34820525597e-07, 4.52808620821e-07, 1.24651180045e-07, 8.16289968952e-08, 6.96172577364e-08, 6.49286135967e-08, 1.0671127626e-07, 1.98923416406e-07, 3.04503032567e-07, 1.79543221179e-07, 1.59524347509e-07, 1.65144200537e-07, 9.98031950417e-08, 6.96000412859e-08, 4.8591246582e-08, 1.13042766259e-08, 1.11612488141e-08, 6.10116446254e-09, 5.15685405489e-09, 4.81486317483e-09, 5.53779022638e-09, 5.29771870816e-09, 7.38526040323e-09, 4.17836076849e-09],
        "min": [0.000313598429784, 0.000421287171775, 0.000297380902339, 0.000104810409539, 8.52705943544e-06, 2.64576283371e-06, 6.70488759624e-07, 1.33541027481e-06, 1.74586330104e-06, 2.85859437099e-06, 5.68280484003e-07, 9.02473686892e-08, 1.25653954797e-07, 1.51950075633e-07, 2.51943333751e-07, 3.7830460542e-07, 2.86769761715e-07, 9.9349648508e-08, 2.90652977242e-08, 2.05809840281e-08, 1.103473668e-08, 1.71922138748e-08, 2.26361969169e-08, 3.98980297689e-08, 6.86671697281e-08, 3.19594626319e-08, 4.81501416516e-08, 4.07648101941e-08, 3.08006207206e-08, 9.40432798302e-09, 5.86810511294e-09, 4.01463617905e-09, 2.68062083641e-09, 2.16226769822e-09, 1.64194469132e-09, 1.44355005727e-09, 1.36048028399e-09, 1.89381843541e-09, 1.73789727054e-09, 1.45516532157e-09],
        "var": [1.5530976043e-06, 0.00020236230921, 1.67684956978e-05, 1.3990701575e-07, 1.91258911486e-10, 4.26919923024e-11, 1.24811879582e-11, 1.04690171462e-11, 1.44927635431e-12, 1.10516616691e-10, 6.96631988206e-13, 2.83731236205e-13, 1.54260352864e-13, 1.92072025602e-13, 4.33076534703e-13, 2.24682766966e-13, 8.65380561806e-14, 3.60601610692e-14, 8.16391276277e-15, 5.80852674173e-15, 3.72423107436e-15, 3.3423015891e-15, 4.09455260835e-15, 1.67307811214e-14, 8.51054049824e-14, 1.47503333874e-14, 9.03556133451e-15, 8.66375114011e-15, 5.29157533424e-15, 2.33445181351e-15, 1.05156355781e-15, 9.43599335453e-17, 7.94709405997e-17, 5.04498382038e-17, 4.12820895958e-17, 3.91612878407e-17, 4.98639329411e-17, 2.76000325732e-17, 2.79739546061e-17, 1.10436321099e-17]
    },
    "mfcc": {
        "mean": [-796.40637207, 187.130844116, 49.1839065552, 68.5372161865, 24.9794578552, 26.4548454285, 43.1096839905, 9.100689888, 8.66259860992, 16.6481723785, 12.1879243851, -2.1480243206, -20.4277801514],
        "cov": [[243.290267944, -136.747024536, -43.229347229, -4.83929300308, -15.1540431976, -0.809550285339, 11.1711950302, 27.1361560822, 8.45471763611, -0.600396096706, -19.8396282196, -6.66996192932, -6.61976957321], [-136.747024536, 121.584503174, 38.2897758484, 16.4206829071, 10.816400528, 8.24300575256, -6.14594888687, -25.1780643463, -2.23225355148, 4.12138366699, 11.0429019928, -3.3112475872, 5.10350513458], [-43.229347229, 38.2897758484, 45.7741127014, 11.5964241028, 8.36611652374, 2.71978449821, -11.7198390961, -23.0152816772, -0.472144156694, 5.93642902374, 1.09420394897, 0.617590665817, 6.71146202087], [-4.83929300308, 16.4206829071, 11.5964241028, 42.4136810303, 4.60217142105, 0.272959202528, 15.410027504, -3.97941565514, 2.55486345291, 10.8725004196, 4.37992572784, -11.976685524, -10.8739318848], [-15.1540431976, 10.816400528, 8.36611652374, 4.60217142105, 18.3585548401, -0.231422275305, -2.04089283943, -7.32900714874, -1.18490409851, 4.92659378052, -3.66783237457, 1.91168618202, -1.23327541351], [-0.809550285339, 8.24300575256, 2.71978449821, 0.272959202528, -0.231422275305, 13.4921131134, 3.09706354141, -5.43189907074, 0.709461569786, 1.28560853004, -2.53245735168, -2.22451853752, 0.464766025543], [11.1711950302, -6.14594888687, -11.7198390961, 15.410027504, -2.04089283943, 3.09706354141, 35.0752677917, 12.8029718399, 1.09064507484, 1.63466596603, 3.58692789078, -5.74342918396, -15.2352933884], [27.1361560822, -25.1780643463, -23.0152816772, -3.97941565514, -7.32900714874, -5.43189907074, 12.8029718399, 24.7957077026, 0.706845104694, -6.5213098526, 1.07463049889, -0.19471667707, -6.63111066818], [8.45471763611, -2.23225355148, -0.472144156694, 2.55486345291, -1.18490409851, 0.709461569786, 1.09064507484, 0.706845104694, 11.2900724411, 0.484622597694, -1.15740895271, -4.31675052643, -1.47014057636], [-0.600396096706, 4.12138366699, 5.93642902374, 10.8725004196, 4.92659378052, 1.28560853004, 1.63466596603, -6.5213098526, 0.484622597694, 14.3648271561, 0.110662743449, -3.8595199585, -3.35393285751], [-19.8396282196, 11.0429019928, 1.09420394897, 4.37992572784, -3.66783237457, -2.53245735168, 3.58692789078, 1.07463049889, -1.15740895271, 0.110662743449, 17.1983795166, 0.92419552803, -5.20660829544], [-6.66996192932, -3.3112475872, 0.617590665817, -11.976685524, 1.91168618202, -2.22451853752, -5.74342918396, -0.19471667707, -4.31675052643, -3.8595199585, 0.92419552803, 16.5517749786, 3.49916577339], [-6.61976957321, 5.10350513458, 6.71146202087, -10.8739318848, -1.23327541351, 0.464766025543, -15.2352933884, -6.63111066818, -1.47014057636, -3.35393285751, -5.20660829544, 3.49916577339, 15.2428922653]],
