{
"lowlevel": {
    "average_loudness": 0.943202733994,
    "barkbands_crest": {
        "dmean": 3.51676082611,
        "dmean2": 5.64877414703,
        "dvar": 11.1478748322,
        "dvar2": 34.2087554932,
        "max": 21.3527793884,
        "mean": 8.88131809235,
        "median": 7.51446342468,
        "min": 2.69429540634,
        "var": 20.5094223022
    },
    "barkbands_flatness_db": {
        "dmean": 0.0251591634005,
        "dmean2": 0.0407740958035,
        "dvar": 0.000489886442665,
        "dvar2": 0.00138011050876,
        "max": 0.307547032833,
        "mean": 0.128860965371,
        "median": 0.0973496288061,
        "min": 0.0238084215671,
        "var": 0.00745088374242
    },
    "barkbands_kurtosis": {
        "dmean": 2.92266345024,
        "dmean2": 4.43949365616,
        "dvar": 14.4660491943,
        "dvar2": 25.5369033813,
        "max": 36.3329429626,
        "mean": 4.69625425339,
        "median": 2.81132793427,
        "min": -1.58385705948,
        "var": 40.8291969299
    },
    "barkbands_skewness": {
        "dmean": 0.56375014782,
        "dmean2": 0.870335102081,
        "dvar": 0.227718815207,
        "dvar2": 0.565727829933,
        "max": 5.05599069595,
        "mean": 0.976644277573,
        "median": 1.14629197121,
        "min": -3.40457725525,
        "var": 1.88547372818
    },
    "barkbands_spread": {
        "dmean": 7.44686794281,
        "dmean2": 12.7431058884,
        "dvar": 91.832649231,
        "dvar2": 281.972229004,
        "max": 92.9052352905,
        "mean": 24.7481861115,
        "median": 21.8931846619,
        "min": 2.25575351715,
        "var": 421.612884521
    },
    "dissonance": {
        "dmean": 0.0206827614456,
        "dmean2": 0.0357273593545,
        "dvar": 0.000716820242815,
        "dvar2": 0.00178481847979,
        "max": 0.499892562628,
        "mean": 0.465504705906,
        "median": 0.482573717833,
        "min": 0.268358796835,
        "var": 0.00168038287666
    },
    "dynamic_complexity": 7.78204011917,
    "erbbands_crest": {
        "dmean": 2.27135848999,
        "dmean2": 3.337641716,
        "dvar": 4.2381772995,
        "dvar2": 8.87730026245,
        "max": 19.7319278717,
        "mean": 7.91881656647,
        "median": 7.21205854416,
        "min": 2.95444726944,
        "var": 13.2498178482
    },
    "erbbands_flatness_db": {
        "dmean": 0.0204808469862,
        "dmean2": 0.0315508693457,
        "dvar": 0.000515704334248,
        "dvar2": 0.00126340053976,
        "max": 0.305549740791,
        "mean": 0.175511285663,
        "median": 0.167955741286,
        "min": 0.0423794388771,
        "var": 0.00606661429629
    },
    "erbbands_kurtosis": {
        "dmean": 1.39545273781,
        "dmean2": 1.93517756462,
        "dvar": 2.95563673973,
        "dvar2": 5.24545240402,
        "max": 16.1824169159,
        "mean": 1.28273665905,
        "median": 0.135641336441,
        "min": -1.34640800953,
        "var": 10.3041439056
    },
    "erbbands_skewness": {
        "dmean": 0.368138223886,
        "dmean2": 0.55422192812,
        "dvar": 0.0850306749344,
        "dvar2": 0.200616002083,
        "max": 2.83991003036,
        "mean": 0.228584885597,
        "median": 0.292040675879,
        "min": -2.39171481133,
        "var": 0.722071409225
    },
    "erbbands_spread": {
        "dmean": 6.45666694641,
        "dmean2": 10.4131689072,
        "dvar": 62.999004364,
        "dvar2": 143.515884399,
        "max": 74.6773452759,
        "mean": 27.6109352112,
        "median": 23.5721187592,
        "min": 3.46682214737,
        "var": 335.112213135
    },
    "hfc": {
        "dmean": 8.39650821686,
        "dmean2": 11.475112915,
        "dvar": 612.990783691,
        "dvar2": 1101.68786621,
        "max": 210.37538147,
        "mean": 14.1675252914,
        "median": 4.44438934326,
        "min": 0.0628191530704,
        "var": 1005.52325439
    },
    "melbands_crest": {
        "dmean": 4.04862260818,
        "dmean2": 6.8307466507,
        "dvar": 11.9817619324,
        "dvar2": 36.7059936523,
        "max": 26.5207061768,
        "mean": 10.9826002121,
        "median": 10.4889354706,
        "min": 3.15792417526,
        "var": 22.5153064728
    },
    "melbands_flatness_db": {
        "dmean": 0.025597769767,
        "dmean2": 0.0423086695373,
        "dvar": 0.000637971505057,
        "dvar2": 0.00150498852599,
        "max": 0.426847159863,
        "mean": 0.194228902459,
        "median": 0.149457931519,
        "min": 0.0308316759765,
        "var": 0.013711922802
    },
    "melbands_kurtosis": {
        "dmean": 2.83048129082,
        "dmean2": 4.31459140778,
        "dvar": 21.2730045319,
        "dvar2": 35.1867637634,
        "max": 44.5767059326,
        "mean": 4.89868068695,
        "median": 2.76164865494,
        "min": -1.30371546745,
        "var": 49.8335914612
    },
    "melbands_skewness": {
        "dmean": 0.57523214817,
        "dmean2": 0.867639183998,
        "dvar": 0.266683489084,
        "dvar2": 0.555802762508,
        "max": 5.35369062424,
        "mean": 1.36985051632,
        "median": 1.39726936817,
        "min": -2.46439671516,
        "var": 1.63012647629
    },
    "melbands_spread": {
        "dmean": 7.16507387161,
        "dmean2": 11.3304738998,
        "dvar": 107.623130798,
        "dvar2": 212.183242798,
        "max": 136.101287842,
        "mean": 29.5335826874,
        "median": 22.0082073212,
        "min": 3.368486166,
        "var": 703.249572754
    },
    "pitch_salience": {
        "dmean": 0.0912864953279,
        "dmean2": 0.159813523293,
        "dvar": 0.00959841255099,
        "dvar2": 0.0266063474119,
        "max": 0.907038986683,
        "mean": 0.685987830162,
        "median": 0.706799805164,
        "min": 0.313013851643,
        "var": 0.0122121786699
    },
    "silence_rate_20dB": {
        "dmean": 0,
        "dmean2": 0,
        "dvar": 0,
        "dvar2": 0,
        "max": 1,
        "mean": 1,
        "median": 1,
        "min": 1,
        "var": 0
    },
    "silence_rate_30dB": {
        "dmean": 0,
        "dmean2": 0,
        "dvar": 0,
        "dvar2": 0,
        "max": 1,
        "mean": 1,
        "median": 1,
        "min": 1,
        "var": 0
    },
    "silence_rate_60dB": {
        "dmean": 0.0666666701436,
        "dmean2": 0.126050427556,
        "dvar": 0.0622221939266,
        "dvar2": 0.126968443394,
        "max": 1,
        "mean": 0.446280986071,
        "median": 0,
        "min": 0,
        "var": 0.247114270926
    },
    "spectral_centroid": {
        "dmean": 211.457489014,
        "dmean2": 343.053466797,
        "dvar": 58769.9179688,
        "dvar2": 127363.875,
        "max": 3953.89355469,
        "mean": 1515.48022461,
        "median": 1386.51623535,
        "min": 319.842773438,
        "var": 970776.625
    },
    "spectral_complexity": {
        "dmean": 3.27500009537,
        "dmean2": 4.53781509399,
        "dvar": 21.51603508,
        "dvar2": 29.3241996765,
        "max": 54,
        "mean": 10.4958677292,
        "median": 10,
        "min": 0,
        "var": 118.002067566
    },
    "spectral_decrease": {
        "dmean": 1.19170651125e-09,
        "dmean2": 1.78837622489e-09,
        "dvar": 3.9224660629e-18,
        "dvar2": 8.76660075254e-18,
        "max": -7.45497066856e-12,
        "mean": -3.18158566159e-09,
        "median": -8.13993372706e-10,
        "min": -2.47817908416e-08,
        "var": 2.36094701072e-17
    },
    "spectral_energy": {
        "dmean": 0.00522091425955,
        "dmean2": 0.00771910650656,
        "dvar": 7.65397999203e-05,
        "dvar2": 0.000161138450494,
        "max": 0.0967221111059,
        "mean": 0.0132930744439,
        "median": 0.00356459082104,
        "min": 5.5767770391e-05,
        "var": 0.000383539387258
    },
    "spectral_energyband_high": {
        "dmean": 0.000655093521345,
        "dmean2": 0.000909548718482,
        "dvar": 5.90610488871e-06,
        "dvar2": 1.1711424122e-05,
        "max": 0.0236131176353,
        "mean": 0.000763232063036,
        "median": 2.80610984191e-05,
        "min": 1.36504013426e-06,
        "var": 8.36813251226e-06
    },
    "spectral_energyband_low": {
        "dmean": 0.000300730607705,
        "dmean2": 0.000441866577603,
        "dvar": 5.17250896337e-07,
        "dvar2": 7.61882063216e-07,
        "max": 0.00830594263971,
        "mean": 0.000525618495885,
        "median": 7.66917219153e-05,
        "min": 1.91059001509e-07,
        "var": 1.81661425813e-06
    },
    "spectral_energyband_middle_high": {
        "dmean": 0.00144205417018,
        "dmean2": 0.00223689037375,
        "dvar": 1.54407971422e-05,
        "dvar2": 2.93438624794e-05,
        "max": 0.0410031676292,
        "mean": 0.00252717011608,
        "median": 0.00068743142765,
        "min": 3.32672743752e-06,
        "var": 2.81905104202e-05
    },
    "spectral_energyband_middle_low": {
        "dmean": 0.00358945131302,
        "dmean2": 0.00540859764442,
        "dvar": 4.67666432087e-05,
        "dvar2": 0.000115553273645,
        "max": 0.0889674201608,
        "mean": 0.00986220315099,
        "median": 0.00111376692075,
        "min": 1.38960576805e-05,
        "var": 0.000303312262986
    },
    "spectral_entropy": {
        "dmean": 0.167680338025,
        "dmean2": 0.272009253502,
        "dvar": 0.0434961877763,
        "dvar2": 0.100228346884,
        "max": 8.54633426666,
        "mean": 7.41021871567,
        "median": 7.74706554413,
        "min": 5.69360971451,
        "var": 0.7271900177
    },
    "spectral_flux": {
        "dmean": 0.0151556944475,
        "dmean2": 0.022745847702,
        "dvar": 0.000593811273575,
        "dvar2": 0.00132349191699,
        "max": 0.220559254289,
        "mean": 0.0549839362502,
        "median": 0.0441825203598,
        "min": 0.00652632815763,
        "var": 0.00205682520755
    },
    "spectral_kurtosis": {
        "dmean": 3.41283798218,
        "dmean2": 5.61753749847,
        "dvar": 22.9294204712,
        "dvar2": 63.0492019653,
        "max": 57.9105491638,
        "mean": 15.1010694504,
        "median": 7.42005348206,
        "min": 0.296770572662,
        "var": 222.932281494
    },
    "spectral_rms": {
        "dmean": 0.000635069271084,
        "dmean2": 0.000897658988833,
        "dvar": 7.40180212233e-07,
        "dvar2": 1.32938998831e-06,
        "max": 0.0097140641883,
        "mean": 0.00271753943525,
        "median": 0.00186484574806,
        "min": 0.000233254337218,
        "var": 5.58382907911e-06
    },
    "spectral_rolloff": {
        "dmean": 1187.37646484,
        "dmean2": 2233.84326172,
        "dvar": 10981445,
        "dvar2": 39736408,
        "max": 19099.9511719,
        "mean": 2522.76611328,
        "median": 1636.5234375,
        "min": 366.064453125,
        "var": 8371065.5
    },
    "spectral_skewness": {
        "dmean": 0.300450891256,
        "dmean2": 0.491594582796,
        "dvar": 0.137414619327,
        "dvar2": 0.349397093058,
        "max": 6.22954797745,
        "mean": 2.70118570328,
        "median": 2.04355168343,
        "min": 0.732952713966,
        "var": 2.32417178154
    },
    "spectral_spread": {
        "dmean": 697638.1875,
        "dmean2": 1098074.125,
        "dvar": 1.30940731392e+12,
        "dvar2": 2.97503083725e+12,
        "max": 12959689,
        "mean": 4426562.5,
        "median": 4165189.5,
        "min": 1472041.125,
        "var": 5.18274731213e+12
    },
    "spectral_strongpeak": {
        "dmean": 0.346842855215,
        "dmean2": 0.615334630013,
        "dvar": 0.25461307168,
        "dvar2": 0.769697129726,
        "max": 3.2998290062,
        "mean": 0.58781182766,
        "median": 0.289019882679,
        "min": 0,
        "var": 0.443624228239
    },
    "zerocrossingrate": {
        "dmean": 0.0142008466646,
        "dmean2": 0.0165441185236,
        "dvar": 0.000227827258641,
        "dvar2": 0.000460004375782,
        "max": 0.27490234375,
        "mean": 0.104318663478,
        "median": 0.1162109375,
        "min": 0.0078125,
        "var": 0.00425182189792
    },
    "barkbands": {
        "dmean": [7.22990444046e-05, 6.98062422089e-06, 0.000108017964521, 0.000295851350529, 0.00267538311891, 0.000816316751298, 0.000684421800543, 0.000659366662148, 0.000602059124503, 0.000299568637274, 0.000194621999981, 7.28421582608e-05, 8.2834107161e-05, 0.000173378401087, 0.000290445139399, 0.000292899057968, 0.000167337188032, 0.00015530984092, 0.000142640026752, 9.9071963632e-05, 0.000150529391249, 0.000148487582919, 6.77936259308e-05, 9.55941650318e-05, 0.000186676348676, 2.20799520321e-05, 6.15352746536e-06],
        "dmean2": [0.000132363260491, 1.20561817312e-05, 0.000136678441777, 0.000514437502716, 0.00414556544274, 0.00121192226652, 0.00109626725316, 0.00124323111959, 0.000973783258814, 0.000480379851069, 0.000331028597429, 0.000128800296807, 0.000121721292089, 0.000258945452515, 0.000439200783148, 0.000476260087453, 0.000294968776871, 0.000247130490607, 0.000217646098463, 0.000142982098623, 0.000261732115177, 0.000249125791015, 8.5982021119e-05, 0.000134615635034, 0.000311243260512, 3.66363856301e-05, 1.04044611362e-05],
        "dvar": [4.02883904016e-09, 3.53149037791e-11, 8.42276648427e-08, 3.35983571631e-07, 4.48212849733e-05, 2.16081912185e-06, 1.68211079199e-06, 3.07963136947e-06, 1.4309719063e-06, 4.0135515178e-07, 1.85571281008e-07, 2.82643348726e-08, 3.69973456316e-08, 2.9679557656e-07, 6.33128479421e-07, 1.63861079727e-06, 3.80609378681e-07, 1.63895037986e-07, 1.88721770655e-07, 1.35765887421e-07, 6.50411379866e-07, 6.38135077224e-07, 6.56256275988e-08, 1.17496249175e-07, 6.7929437364e-07, 8.174724897e-09, 4.52766130143e-10],
        "dvar2": [1.10853877189e-08, 1.00516463208e-10, 1.01311378842e-07, 8.74929526162e-07, 0.000118159718113, 4.35666743215e-06, 4.10748589275e-06, 9.74840986601e-06, 4.59290913568e-06, 9.02155989024e-07, 5.58615397495e-07, 7.07653526888e-08, 7.88886751479e-08, 4.91348828291e-07, 1.42282806337e-06, 4.12420286011e-06, 9.39453229876e-07, 4.22579120141e-07, 3.95242096829e-07, 2.34718143588e-07, 1.8351597646e-06, 1.72093302808e-06, 1.34776527716e-07, 2.28367298405e-07, 1.44114676459e-06, 1.37906397413e-08, 9.74107683405e-10],
        "max": [0.000255746417679, 3.13795644615e-05, 0.00342792016454, 0.00572137348354, 0.0561738088727, 0.0145093724132, 0.0104303983971, 0.0164470747113, 0.01028627716, 0.00797506701201, 0.00320752314292, 0.00142701389268, 0.00144742592238, 0.00573872262612, 0.00639407709241, 0.0118843894452, 0.00517681380734, 0.0034238868393, 0.00425008824095, 0.00398102030158, 0.00701677799225, 0.00744614889845, 0.00278182746843, 0.0030690995045, 0.0058563365601, 0.000619414146058, 0.000156199952471],
        "mean": [5.93744698563e-05, 1.0502688383e-05, 0.000173692635144, 0.000574123347178, 0.00425266614184, 0.00173539225943, 0.00109832116868, 0.00105575157795, 0.000940251920838, 0.000581746047828, 0.000273655372439, 0.000132512257551, 9.46996296989e-05, 0.000255551509326, 0.000289618154056, 0.000288022391032, 0.000217527078348, 0.000206696233363, 0.000209667909076, 0.000136543967528, 0.000142668533954, 0.000140184682095, 8.32398727653e-05, 9.77083182079e-05, 0.000195372194867, 2.86559861706e-05, 1.38285704452e-05],
        "median": [3.63884610124e-05, 8.95693938219e-06, 7.03535943103e-06, 5.98404476477e-05, 0.00019222467381, 9.81675548246e-05, 0.00012709008297, 0.000134642323246, 0.000146404563566, 7.70974220359e-05, 5.86482710787e-05, 2.69398951787e-05, 1.23910740513e-05, 1.63377808349e-05, 1.51447093231e-05, 6.76802801536e-06, 7.66276298236e-06, 8.20639434096e-06, 3.99461396228e-06, 5.28024565938e-06, 6.44806050332e-06, 1.8094084453e-06, 1.32165905598e-06, 1.80103916136e-06, 1.9290180262e-06, 1.13761620923e-06, 8.70913936524e-06],
        "min": [6.91763801797e-08, 4.4320053405e-08, 2.82152665676e-08, 3.16054695304e-07, 2.59835587713e-06, 1.06772051822e-06, 1.4180072867e-06, 1.25492306324e-06, 5.10683321409e-07, 7.95323785496e-07, 2.06363679922e-07, 1.50528251197e-07, 3.19797834436e-07, 2.95866101396e-07, 4.66831750146e-07, 1.29744734068e-07, 1.72606178239e-07, 1.72881001959e-07, 1.42143250059e-07, 1.50309375613e-07, 2.28952643511e-07, 1.13228111331e-07, 1.92035628288e-07, 1.29119641201e-07, 1.72865611603e-07, 6.46843005825e-08, 2.5795742431e-07],
        "var": [3.66101593485e-09, 5.04156091874e-11, 2.80671855535e-07, 1.39552446399e-06, 8.49962525535e-05, 1.02733174572e-05, 4.38428605776e-06, 5.82839447816e-06, 2.85852070192e-06, 1.29211218791e-06, 2.14277847022e-07, 6.10623445141e-08, 5.7582457913e-08, 6.79178015162e-07, 7.73228236994e-07, 1.55169027494e-06, 5.35772471721e-07, 2.68583761454e-07, 3.52418339844e-07, 2.54290284829e-07, 4.56568301388e-07, 5.60376633985e-07, 1.02429481785e-07, 1.60462846566e-07, 7.75675857767e-07, 1.26093793185e-08, 5.4972582042e-10]
    },
    "erbbands": {
        "dmean": [0.000540387700312, 0.0015754327178, 0.0674279853702, 0.659022152424, 4.91638422012, 11.1570444107, 9.8893289566, 5.90497922897, 9.77594852448, 12.4167585373, 17.3799972534, 13.6386699677, 7.27695226669, 8.73949241638, 4.78788995743, 2.42037177086, 3.75658941269, 6.64952278137, 14.3683681488, 12.7385416031, 16.2942962646, 8.04779148102, 7.30868291855, 10.5884904861, 6.19187116623, 3.95495128632, 5.75863838196, 6.11225223541, 5.0787115097, 3.43600106239, 2.13172340393, 1.97715508938, 1.59355151653, 2.18832826614, 1.34114134312, 0.242116138339, 0.0287393033504, 0.00547903031111, 0.000900148181245, 9.24361957004e-05],
        "dmean2": [0.000891896779649, 0.00234187953174, 0.0875556096435, 1.07472991943, 7.8714056015, 16.8325748444, 15.7513542175, 8.85371685028, 14.9000110626, 21.3246746063, 30.199798584, 21.0108337402, 9.08655166626, 13.7130641937, 7.90836954117, 4.07153463364, 5.24735212326, 10.6120710373, 20.1504001617, 21.2100696564, 25.6374492645, 14.3458433151, 11.0788955688, 16.978717804, 9.10154342651, 6.24022531509, 9.86739253998, 10.6850728989, 8.57290172577, 5.21945667267, 2.84036231041, 2.53215527534, 2.49925136566, 3.66271424294, 2.11340355873, 0.362186461687, 0.0475137606263, 0.00929977931082, 0.00150549819227, 0.0001658416586],
        "dvar": [1.94503755324e-07, 6.38979554424e-06, 0.0299481768161, 2.04979491234, 177.41607666, 726.608703613, 384.524230957, 136.828674316, 348.316558838, 611.535522461, 2102.48120117, 576.385742188, 156.615921021, 337.87210083, 92.4025802612, 39.2930107117, 79.8646697998, 415.433654785, 1389.98876953, 1500.0904541, 5381.88037109, 814.711669922, 319.304229736, 1002.97271729, 596.543762207, 186.569869995, 583.956848145, 1233.02539062, 698.785339355, 291.157562256, 70.7588043213, 49.5939292908, 40.192691803, 92.6801986694, 38.8091850281, 0.906222343445, 0.0134501093999, 0.000562058470678, 1.03548554762e-05, 1.04646495913e-07],
        "dvar2": [5.56354166292e-07, 7.55354449211e-06, 0.0365689061582, 3.67139625549, 396.710601807, 1934.59680176, 1050.81030273, 315.682250977, 776.822814941, 1848.23950195, 6399.49023438, 1710.94934082, 218.620605469, 862.937438965, 240.585037231, 86.9502182007, 162.082229614, 891.232910156, 2665.70874023, 3143.46923828, 13310.4667969, 1842.3729248, 734.32019043, 2560.16040039, 1304.02697754, 351.476074219, 1616.20849609, 3503.40527344, 1816.00231934, 767.567626953, 153.292633057, 94.7675094604, 81.6011276245, 234.584762573, 79.1093597412, 1.51535415649, 0.0262634977698, 0.00099706929177, 2.06333261303e-05, 2.80262526076e-07],
        "max": [0.00265293358825, 0.0333329699934, 2.11004686356, 17.6222839355, 119.147598267, 191.260742188, 203.880706787, 79.8191146851, 166.50239563, 227.725601196, 392.791748047, 210.756332397, 208.994140625, 161.559234619, 90.618347168, 57.4530143738, 77.5822219849, 192.981338501, 391.728271484, 286.371063232, 680.959716797, 249.450500488, 164.112518311, 255.034622192, 273.209350586, 132.621200562, 186.366577148, 309.432006836, 251.316253662, 162.366088867, 89.4750671387, 73.3017807007, 46.3339691162, 70.5299301147, 53.2171630859, 7.32893610001, 0.940436959267, 0.203455209732, 0.0260556023568, 0.00302617275156],
        "mean": [0.000834625097923, 0.0029998680111, 0.119974717498, 1.40687584877, 7.38624048233, 15.5549860001, 18.4885921478, 10.612704277, 13.8171405792, 20.3503456116, 23.216632843, 22.4452056885, 20.2083148956, 15.4941806793, 9.06575489044, 4.64160680771, 4.52174425125, 8.95289802551, 16.2889728546, 15.0040359497, 16.3414840698, 11.2715854645, 10.7734689713, 13.4904212952, 8.28091812134, 5.73210668564, 5.94748306274, 5.36212921143, 5.16664028168, 3.47587680817, 2.44490408897, 2.05634999275, 1.74637699127, 1.95024895668, 1.42084276676, 0.279594480991, 0.0350979603827, 0.0079863127321, 0.00176080339588, 0.000240945126279],
        "median": [0.000708839448635, 0.00110801961273, 0.00914889387786, 0.11489161849, 0.474588811398, 0.63367497921, 0.710516214371, 0.903825759888, 1.53100001812, 2.52002096176, 4.24399185181, 2.97750639915, 3.40545415878, 2.77148962021, 2.7634165287, 0.98429274559, 0.658325493336, 0.866617739201, 0.708283782005, 0.668846905231, 0.397025823593, 0.364558160305, 0.445795595646, 0.460363596678, 0.170744538307, 0.245896965265, 0.368035525084, 0.167814791203, 0.0787694007158, 0.0436529554427, 0.039284620434, 0.0397588983178, 0.0310025047511, 0.0218915697187, 0.0122587699443, 0.00503373285756, 0.00191508373246, 0.0017115783412, 0.000929808185901, 0.000180314207682],
        "min": [2.36825917455e-06, 7.0123023761e-06, 3.18744387187e-05, 0.000567768176552, 0.00306105962954, 0.0123311253265, 0.00769813451916, 0.0112201478332, 0.0212543774396, 0.0141562987119, 0.0278487335891, 0.0113146966323, 0.00966939236969, 0.0292697716504, 0.0129168825224, 0.00934191513807, 0.0143799949437, 0.0136071434245, 0.0258246269077, 0.0146536435932, 0.00623093964532, 0.00993969384581, 0.00934910587966, 0.00758697837591, 0.0064770784229, 0.00741758430377, 0.011248649098, 0.0064414027147, 0.00410749576986, 0.00562299508601, 0.00456127012148, 0.0033822779078, 0.00196065474302, 0.0019659337122, 0.00113862648141, 0.000267378578428, 0.000105004211946, 6.2471612182e-05, 2.22043745453e-05, 5.63569210499e-06],
        "var": [3.02065245705e-07, 2.90321877401e-05, 0.112452380359, 10.3567047119, 323.388366699, 1336.36523438, 1621.04736328, 323.601806641, 767.864807129, 1697.12011719, 2867.89233398, 1591.48352051, 1271.06445312, 781.693908691, 191.85345459, 90.8220748901, 133.667251587, 665.900817871, 2465.81176758, 2074.22973633, 5218.83935547, 1264.39489746, 684.146362305, 1479.26135254, 887.686767578, 345.081939697, 487.875701904, 854.704040527, 693.622253418, 282.387939453, 96.0149383545, 70.3343734741, 51.7047119141, 82.8048019409, 45.1415100098, 1.3354729414, 0.018687505275, 0.000785477866884, 1.29396867123e-05, 9.42945987958e-08]
    },
    "gfcc": {
        "mean": [-95.3062591553, 60.0885887146, -103.164390564, -16.3415737152, -60.2234153748, -16.2436332703, -33.3655166626, -3.5340154171, -22.9611415863, -10.5690841675, -16.1325302124, -8.69581508636, -2.93436169624],
        "cov": [[6192.4296875, -322.287200928, -1222.06054688, 73.7668685913, -745.608581543, 346.319671631, -765.185424805, 81.6993942261, -315.494171143, 31.2363014221, -291.615875244, -111.396232605, -104.682594299], [-322.287200928, 3356.44580078, 1468.22680664, -1402.21118164, -718.702209473, -636.340026855, 21.1879692078, -360.10144043, -300.565338135, -522.283996582, -93.6463546753, -158.120773315, -32.9122467041], [-1222.06054688, 1468.22680664, 1431.40258789, -604.480163574, -346.326080322, -222.051544189, 86.2571563721, -249.296920776, -119.939117432, -244.892242432, -105.48210144, -74.6925506592, -47.2887802124], [73.7668685913, -1402.21118164, -604.480163574, 808.001647949, 428.494812012, 255.909469604, 45.0084571838, 148.223327637, 94.6073455811, 168.55770874, 38.9379081726, 76.4081497192, -2.98993611336], [-745.608581543, -718.702209473, -346.326080322, 428.494812012, 522.92401123, 81.3419418335, 170.801544189, 130.613174438, 95.1775360107, 68.9119033813, 88.7015762329, 53.7313461304, 24.8880672455], [346.319671631, -636.340026855, -222.051544189, 255.909469604, 81.3419418335, 262.4715271, -11.6015663147, 29.3137874603, 46.2545700073, 92.2964706421, -57.8640632629, 11.6417388916, -13.2852735519], [-765.185424805, 21.1879692078, 86.2571563721, 45.0084571838, 170.801544189, -11.6015663147, 216.896484375, 28.2384147644, 31.3083286285, -34.4560012817, 22.26329422, 34.7851333618, 9.16823101044], [81.6993942261, -360.10144043, -249.296920776, 148.223327637, 130.613174438, 29.3137874603, 28.2384147644, 143.727371216, 35.6751861572, 47.533405304, 58.1663627625, 25.7010326385, 9.25687885284], [-315.494171143, -300.565338135, -119.939117432, 94.6073455811, 95.1775360107, 46.2545700073, 31.3083286285, 35.6751861572, 116.985519409, 80.6920013428, 17.6803569794, 1.12500798702, 19.0695495605], [31.2363014221, -522.283996582, -244.892242432, 168.55770874, 68.9119033813, 92.2964706421, -34.4560012817, 47.533405304, 80.6920013428, 133.520553589, 33.0088233948, 16.7636814117, 20.4710502625], [-291.615875244, -93.6463546753, -105.48210144, 38.9379081726, 88.7015762329, -57.8640632629, 22.26329422, 58.1663627625, 17.6803569794, 33.0088233948, 124.27721405, 45.3853569031, 24.5899925232], [-111.396232605, -158.120773315, -74.6925506592, 76.4081497192, 53.7313461304, 11.6417388916, 34.7851333618, 25.7010326385, 1.12500798702, 16.7636814117, 45.3853569031, 61.1004295349, 18.6278457642], [-104.682594299, -32.9122467041, -47.2887802124, -2.98993611336, 24.8880672455, -13.2852735519, 9.16823101044, 9.25687885284, 19.0695495605, 20.4710502625, 24.5899925232, 18.6278457642, 38.437210083]],
        "icov": [[0.00163943227381, -0.00161173893139, 0.00197347556241, -0.00125402677804, 0.00154954753816, -0.00214704917744, 0.00363857694902, -0.00364511064254, 0.00333494041115, -0.00152134138625, 0.00394846126437, -0.0016009605024, 0.00108537974302], [-0.00161173893139, 0.00621353415772, -0.00225635222159, 0.00445753801614, 7.56019289838e-05, 0.00421906914562, -0.005061798729, 0.00687613803893, -0.00301466090605, 0.0115393698215, -0.0073969187215, 0.00756904482841, -0.00412375386804], [0.00197347556241, -0.00225635222159, 0.00401106290519, -0.00139996444341, 0.00234336568974, -0.00255696242675, 0.0032158838585, -0.00281331385486, 0.00368522200733, -0.00131210929248, 0.00459572393447, -0.00170200795401, 0.00253313872963], [-0.00125402677804, 0.00445753801614, -0.00139996444341, 0.00815846771002, -0.00401178468019, 0.00231492193416, -0.00225534872152, 0.00442209048197, -0.00126081658527, 0.00421209912747, -0.00234612566419, -0.000204014519113, 0.00216651824303], [0.00154954753816, 7.56019289838e-05, 0.00234336568974, -0.00401178468019, 0.00960557442158, -0.00228169746697, -0.00178796588443, -0.00248654326424, 0.00117657158989, 0.00617356551811, -0.00288607319817, 0.00672738952562, -0.00441271718591], [-0.00214704917744, 0.00421906914562, -0.00255696242675, 0.00231492193416, -0.00228169746697, 0.0142264897004, -0.0057351575233, 0.00551397772506, -0.00282725947909, -0.00191712821834, 0.0027344734408, -0.000950417190325, 0.00236902805045], [0.00363857694902, -0.005061798729, 0.0032158838585, -0.00225534872152, -0.00178796588443, -0.0057351575233, 0.0200253427029, -0.0108997207135, 0.00181051227264, -0.00113728910219, 0.0126216942444, -0.0144976722077, 0.00503906421363], [-0.00364511064254, 0.00687613803893, -0.00281331385486, 0.00442209048197, -0.00248654326424, 0.00551397772506, -0.0108997207135, 0.0234937630594, -0.00804898515344, 0.0115206036717, -0.0168458204716, 0.0100314421579, -0.00292603368871], [0.00333494041115, -0.00301466090605, 0.00368522200733, -0.00126081658527, 0.00117657158989, -0.00282725947909, 0.00181051227264, -0.00804898515344, 0.0291732866317, -0.0199819672853, 0.0104161677882, 0.00394649384543, -0.00170306675136], [-0.00152134138625, 0.0115393698215, -0.00131210929248, 0.00421209912747, 0.00617356551811, -0.00191712821834, -0.00113728910219, 0.0115206036717, -0.0199819672853, 0.0572041161358, -0.0234216693789, 0.0182467941195, -0.0171240884811], [0.00394846126437, -0.0073969187215, 0.00459572393447, -0.00234612566419, -0.00288607319817, 0.0027344734408, 0.0126216942444, -0.0168458204716, 0.0104161677882, -0.0234216693789, 0.0377351827919, -0.0262011811137, 0.00961499847472], [-0.0016009605024, 0.00756904482841, -0.00170200795401, -0.000204014519113, 0.00672738952562, -0.000950417190325, -0.0144976722077, 0.0100314421579, 0.00394649384543, 0.0182467941195, -0.0262011811137, 0.0509814172983, -0.0232522208244], [0.00108537974302, -0.00412375386804, 0.00253313872963, 0.00216651824303, -0.00441271718591, 0.00236902805045, 0.00503906421363, -0.00292603368871, -0.00170306675136, -0.0171240884811, 0.00961499847472, -0.0232522208244, 0.0469877943397]]
    },
    "melbands": {
        "dmean": [6.30624072073e-06, 2.51888614002e-05, 0.000177103225724, 0.000618705700617, 0.00032482855022, 0.000136076763738, 0.000149778192281, 0.000129176405608, 0.000143899655086, 8.74755060067e-05, 3.84064223908e-05, 3.77502074116e-05, 2.25518106163e-05, 8.57298255141e-06, 6.768003459e-06, 8.7654671006e-06, 1.35924210554e-05, 2.20647834794e-05, 2.41416182689e-05, 1.82705662155e-05, 1.95142838493e-05, 9.07363482838e-06, 7.12962537364e-06, 6.97559426044e-06, 9.46819727687e-06, 4.13105271946e-06, 4.56956104244e-06, 2.56517319031e-06, 3.89495971831e-06, 3.71866713067e-06, 3.5981900055e-06, 2.78656716546e-06, 3.12121073875e-06, 1.3182859675e-06, 1.28103647512e-06, 1.15528973765e-06, 1.20206743759e-06, 9.31577915253e-07, 1.51978372287e-06, 2.08634105547e-06],
        "dmean2": [1.0689966075e-05, 3.19391474477e-05, 0.000277141894912, 0.000941765785683, 0.000529579352587, 0.000200664508156, 0.000234040999203, 0.00022839428857, 0.000250733923167, 0.000128246756503, 4.68941179861e-05, 6.26647888566e-05, 3.78461045329e-05, 1.51458116306e-05, 1.11018207463e-05, 1.28279798446e-05, 2.17045253521e-05, 3.27180678141e-05, 3.7409561628e-05, 2.96364014503e-05, 3.12199081236e-05, 1.61499337992e-05, 1.14904078146e-05, 1.11582121463e-05, 1.55962370627e-05, 5.72057751924e-06, 7.04847161614e-06, 3.91767753172e-06, 6.85187160343e-06, 6.29746091363e-06, 6.47139540888e-06, 4.76634113511e-06, 5.2271043387e-06, 1.8180975303e-06, 1.85402700481e-06, 1.34828201226e-06, 1.59265016464e-06, 1.43521322116e-06, 2.3745199087e-06, 3.74188721253e-06],
        "dvar": [2.22379684112e-11, 4.37789449137e-09, 1.64723346074e-07, 2.07843891076e-06, 5.5733823956e-07, 6.88168739771e-08, 7.87185854279e-08, 7.31854115088e-08, 1.47593922861e-07, 2.24088640977e-08, 4.57376136964e-09, 6.403562125e-09, 2.52926946054e-09, 3.07557063151e-10, 2.3481416811e-10, 4.40303876692e-10, 1.787854087e-09, 3.61374952185e-09, 5.23997778501e-09, 5.00658536851e-09, 7.50788231585e-09, 1.026001617e-09, 4.12674172612e-10, 3.38294642299e-10, 7.96955113014e-10, 1.809931649e-10, 4.09132533408e-10, 8.05968417006e-11, 2.40686193198e-10, 3.8550249104e-10, 4.61564647614e-10, 2.18060056123e-10, 2.66542038441e-10, 3.64868898983e-11, 3.14414917713e-11, 1.43824648371e-11, 1.91521260656e-11, 1.59235315905e-11, 4.40830635884e-11, 1.04530710476e-10],
        "dvar2": [6.1058692824e-11, 5.22631538047e-09, 3.75351447701e-07, 5.47872241441e-06, 1.59295007052e-06, 1.53430320893e-07, 1.75507622657e-07, 2.21576542003e-07, 4.62421013481e-07, 6.48570193107e-08, 7.06582303778e-09, 1.57153277058e-08, 7.36311367433e-09, 8.06474387272e-10, 4.97620777917e-10, 9.07584452037e-10, 4.08159550602e-09, 6.32748875518e-09, 1.22313927875e-08, 1.26965540304e-08, 1.86420567871e-08, 2.43507813913e-09, 8.54482928858e-10, 8.68318750236e-10, 2.04188110864e-09, 3.42453232438e-10, 9.32480204163e-10, 1.90270688094e-10, 6.89333312653e-10, 1.08720832337e-09, 1.32479971438e-09, 5.64843782858e-10, 7.2971023668e-10, 8.87835985286e-11, 7.44291503429e-11, 2.43095526348e-11, 3.74292818961e-11, 3.05770166131e-11, 1.04849136318e-10, 2.80740153347e-10],
        "max": [2.49101922236e-05, 0.000781377893873, 0.00428598560393, 0.0111674694344, 0.00645539164543, 0.0019677800592, 0.00229121162556, 0.00248523871414, 0.00326493312605, 0.00127963046543, 0.00111601280514, 0.000699075404555, 0.0004097968922, 0.000147323589772, 0.000134847199661, 0.000173061634996, 0.000399545533583, 0.000656507385429, 0.000555874838028, 0.000654604111332, 0.000797915854491, 0.000263558787992, 0.000214640167542, 0.000158864990226, 0.000224532457651, 0.000149772080476, 0.000225173673243, 8.59680658323e-05, 0.000114466551167, 0.000171778563526, 0.000186986886547, 0.000140654447023, 0.000150291190948, 5.98008737143e-05, 5.73547295062e-05, 3.87194922951e-05, 4.53927241324e-05, 3.59456607839e-05, 6.27006520517e-05, 7.77437235229e-05],
        "mean": [8.26664745546e-06, 4.08295600209e-05, 0.000344472820871, 0.00089253281476, 0.000640012382064, 0.000258861022303, 0.000219209527131, 0.000227196185733, 0.00017850365839, 0.000140437710797, 0.000100236255093, 6.4588530222e-05, 3.46907509083e-05, 1.59280534717e-05, 9.56699295784e-06, 1.01420637293e-05, 1.73959342646e-05, 2.71328553936e-05, 2.32861184486e-05, 1.91247545445e-05, 1.90346399904e-05, 1.21002549349e-05, 1.04591726995e-05, 9.32341845328e-06, 1.15683824333e-05, 6.2667295424e-06, 5.38124095328e-06, 3.37277242579e-06, 3.90525019611e-06, 3.32399895342e-06, 2.95989707411e-06, 2.85349710794e-06, 2.85858550342e-06, 1.48981132497e-06, 1.38385541959e-06, 1.41640180118e-06, 1.17034471714e-06, 1.05272317796e-06, 1.50622520323e-06, 1.73634043676e-06],
        "median": [7.59965541874e-06, 2.25154872169e-06, 3.36707198585e-05, 3.51456619683e-05, 2.69080901489e-05, 2.01007860596e-05, 2.51911787927e-05, 2.57171213889e-05, 2.82169294223e-05, 1.80219685717e-05, 1.70727089426e-05, 1.10850905912e-05, 8.20805689727e-06, 3.72657723346e-06, 1.32156992549e-06, 1.1324488014e-06, 1.63683876053e-06, 1.18041941732e-06, 1.11240854039e-06, 5.6837319562e-07, 3.94955293359e-07, 3.8345132225e-07, 3.86292214216e-07, 3.90037911302e-07, 3.46624887015e-07, 1.21647246942e-07, 1.09509890933e-07, 1.49335633637e-07, 2.39767331323e-07, 1.30640088969e-07, 8.1261433138e-08, 4.49596804231e-08, 2.88055961306e-08, 2.18064872826e-08, 2.03090788631e-08, 2.22670699657e-08, 2.22229452618e-08, 2.08636503629e-08, 1.80296648722e-08, 1.86419679693e-08],
        "min": [1.98642187144e-08, 1.10633981976e-08, 1.78473200663e-07, 4.50317315881e-07, 3.58933647249e-07, 2.80482311155e-07, 3.39384200743e-07, 1.70283257717e-07, 2.19435705162e-07, 6.5142998551e-08, 4.44342944661e-08, 1.26253183907e-07, 3.42318209334e-08, 2.34104611252e-08, 2.79321561436e-08, 2.94205246831e-08, 2.39892177234e-08, 4.19785735062e-08, 2.21105604936e-08, 1.13041815908e-08, 5.53168977291e-09, 8.5288389684e-09, 1.07666631166e-08, 7.35705718569e-09, 6.28522034418e-09, 3.86868315161e-09, 5.94316995617e-09, 4.33313429582e-09, 5.36509414673e-09, 3.74258357638e-09, 3.5571421364e-09, 2.2628994234e-09, 1.52392209962e-09, 3.54841844796e-09, 2.79943512815e-09, 2.12731454674e-09, 1.99137994983e-09, 1.33455779761e-09, 1.52832291267e-09, 1.6604723152e-09],
        "var": [3.10460650244e-11, 1.47192418254e-08, 6.03553019118e-07, 3.87632098864e-06, 1.75207640041e-06, 1.92084470996e-07, 1.83948245081e-07, 2.20005375695e-07, 1.736589752e-07, 6.25124627618e-08, 3.25586491101e-08, 1.46363001718e-08, 3.2743960876e-09, 7.34999783258e-10, 4.83141471275e-10, 7.10648873081e-10, 2.63385557808e-09, 7.41631778212e-09, 5.79079539875e-09, 5.11893460953e-09, 7.18961024049e-09, 1.50251022735e-09, 8.32422297758e-10, 5.53576906537e-10, 1.14558273978e-09, 3.55292240073e-10, 5.5589882697e-10, 1.11979370221e-10, 2.09057868239e-10, 2.67774052931e-10, 3.05139691292e-10, 2.19635781784e-10, 2.26481958188e-10, 4.34193202226e-11, 3.54436133221e-11, 2.65243729758e-11, 2.51818531305e-11, 2.18491284093e-11, 4.49961595761e-11, 7.84945858312e-11]
    },
    "mfcc": {
        "mean": [-753.063842773, 123.43510437, -2.83787155151, 1.18649566174, -11.8260231018, -15.4513864517, -6.91986608505, -5.99483966827, -1.12869215012, -3.75920772552, -8.58738803864, -6.50522470474, -11.1944217682],
        "cov": [[7586.84912109, -1479.19592285, -1011.7255249, -449.103790283, 8.24024868011, -74.8386001587, -329.071014404, -191.235626221, -140.148452759, 55.9043540955, -137.812179565, -279.49407959, 135.472381592], [-1479.19592285, 4000.89282227, 1586.26086426, -619.802368164, -743.787109375, -684.443603516, -134.901763916, -176.892303467, -262.259338379, -347.219451904, -413.997711182, -299.550323486, -126.86894989], [-1011.7255249, 1586.26086426, 1344.10412598, -315.291107178, -359.963195801, -140.001419067, -128.601379395, -113.804702759, -91.9569854736, -179.92427063, -160.702194214, -184.496246338, -94.4964065552], [-449.103790283, -619.802368164, -315.291107178, 392.712554932, 212.257522583, 110.126144409, 139.495330811, 117.099754333, 49.8538856506, 23.4135189056, 101.650810242, 97.0960693359, -17.5796298981], [8.24024868011, -743.787109375, -359.963195801, 212.257522583, 277.96472168, 136.539001465, 79.8951339722, 58.6725540161, 51.260925293, 83.7649459839, 88.0215682983, 77.0445480347, 13.6271247864], [-74.8386001587, -684.443603516, -140.001419067, 110.126144409, 136.539001465, 306.732757568, 34.9756813049, 52.9105415344, 108.783676147, 32.1909675598, 74.725944519, 55.5604095459, -30.8991756439], [-329.071014404, -134.901763916, -128.601379395, 139.495330811, 79.8951339722, 34.9756813049, 154.580749512, 100.757194519, 29.3428039551, -18.8116970062, 38.3598747253, 54.2629013062, 11.8452711105], [-191.235626221, -176.892303467, -113.804702759, 117.099754333, 58.6725540161, 52.9105415344, 100.757194519, 123.371063232, 52.2048454285, -12.5757322311, 37.7914009094, 37.4960746765, 4.94093322754], [-140.148452759, -262.259338379, -91.9569854736, 49.8538856506, 51.260925293, 108.783676147, 29.3428039551, 52.2048454285, 115.205451965, 38.9733047485, 38.8523902893, 40.6530990601, -12.6115903854], [55.9043540955, -347.219451904, -179.92427063, 23.4135189056, 83.7649459839, 32.1909675598, -18.8116970062, -12.5757322311, 38.9733047485, 115.157714844, 47.3559684753, 30.2479171753, 21.1297912598], [-137.812179565, -413.997711182, -160.702194214, 101.650810242, 88.0215682983, 74.725944519, 38.3598747253, 37.7914009094, 38.8523902893, 47.3559684753, 88.1543045044, 58.7216262817, 11.9933824539], [-279.49407959, -299.550323486, -184.496246338, 97.0960693359, 77.0445480347, 55.5604095459, 54.2629013062, 37.4960746765, 40.6530990601, 30.2479171753, 58.7216262817, 89.6265945435, 21.9155693054], [135.472381592, -126.86894989, -94.4964065552, -17.5796298981, 13.6271247864, -30.8991756439, 11.8452711105, 4.94093322754, -12.6115903854, 21.1297912598, 11.9933824539, 21.9155693054, 69.7586212158]],
