{
"lowlevel": {
    "average_loudness": 0.99068403244,
    "barkbands_crest": {
        "dmean": 0.207185000181,
        "dmean2": 0.23823094368,
        "dvar": 0.37733232975,
        "dvar2": 0.337572604418,
        "max": 17.5287742615,
        "mean": 16.2932090759,
        "median": 16.4872016907,
        "min": 11.551776886,
        "var": 0.927780210972
    },
    "barkbands_flatness_db": {
        "dmean": 0.0205271318555,
        "dmean2": 0.0247961729765,
        "dvar": 0.00247947894968,
        "dvar2": 0.00202423660085,
        "max": 0.606014966965,
        "mean": 0.530309200287,
        "median": 0.532676458359,
        "min": 0.162503704429,
        "var": 0.00488394964486
    },
    "barkbands_kurtosis": {
        "dmean": 6.67999696732,
        "dmean2": 7.87613391876,
        "dvar": 227.436294556,
        "dvar2": 448.886871338,
        "max": 133.809448242,
        "mean": 47.3073272705,
        "median": 44.4821624756,
        "min": 16.9531440735,
        "var": 321.606506348
    },
    "barkbands_skewness": {
        "dmean": 0.376094549894,
        "dmean2": 0.447835057974,
        "dvar": 0.136162489653,
        "dvar2": 0.282154917717,
        "max": 5.56043815613,
        "mean": 3.79666161537,
        "median": 3.73639631271,
        "min": 2.13946032524,
        "var": 0.568986952305
    },
    "barkbands_spread": {
        "dmean": 0.0974180549383,
        "dmean2": 0.100997053087,
        "dvar": 0.223023161292,
        "dvar2": 0.218058466911,
        "max": 4.00490427017,
        "mean": 0.454678654671,
        "median": 0.382614344358,
        "min": 0.276747763157,
        "var": 0.22586967051
    },
    "dissonance": {
        "dmean": 0.0345653556287,
        "dmean2": 0.0583956725895,
        "dvar": 0.00124032632448,
        "dvar2": 0.00271950825118,
        "max": 0.348520815372,
        "mean": 0.173156052828,
        "median": 0.170794382691,
        "min": 0.0982155948877,
        "var": 0.00180602539331
    },
    "dynamic_complexity": 1.11690199375,
    "erbbands_crest": {
        "dmean": 0.357376098633,
        "dmean2": 0.367267280817,
        "dvar": 2.06055879593,
        "dvar2": 1.89445471764,
        "max": 26.1776752472,
        "mean": 24.7871894836,
        "median": 24.8981876373,
        "min": 14.7834424973,
        "var": 2.57677364349
    },
    "erbbands_flatness_db": {
        "dmean": 0.0161808393896,
        "dmean2": 0.0184847656637,
        "dvar": 0.0019331475487,
        "dvar2": 0.00155517377425,
        "max": 0.564758419991,
        "mean": 0.507607936859,
        "median": 0.506937623024,
        "min": 0.187266886234,
        "var": 0.00334489578381
    },
    "erbbands_kurtosis": {
        "dmean": 7.76513433456,
        "dmean2": 9.28371238708,
        "dvar": 305.076293945,
        "dvar2": 484.821929932,
        "max": 147.162109375,
        "mean": 48.7791366577,
        "median": 40.7234191895,
        "min": 12.6226139069,
        "var": 534.348449707
    },
    "erbbands_skewness": {
        "dmean": 0.354532629251,
        "dmean2": 0.433431595564,
        "dvar": 0.525881946087,
        "dvar2": 0.948780119419,
        "max": 8.60778713226,
        "mean": 5.20161151886,
        "median": 5.16374588013,
        "min": 3.2190349102,
        "var": 0.775487065315
    },
    "erbbands_spread": {
        "dmean": 0.359656512737,
        "dmean2": 0.383030593395,
        "dvar": 2.28455233574,
        "dvar2": 2.23540401459,
        "max": 12.4807004929,
        "mean": 1.24267470837,
        "median": 1.02545511723,
        "min": 0.492774009705,
        "var": 2.32690405846
    },
    "hfc": {
        "dmean": 0.598807275295,
        "dmean2": 0.563977897167,
        "dvar": 2.55630540848,
        "dvar2": 2.46827602386,
        "max": 21.4447498322,
        "mean": 14.7846021652,
        "median": 14.1443376541,
        "min": 0.223510041833,
        "var": 23.009721756
    },
    "melbands_crest": {
        "dmean": 0.196352809668,
        "dmean2": 0.217176899314,
        "dvar": 0.603177726269,
        "dvar2": 0.582642436028,
        "max": 21.1264820099,
        "mean": 20.3212356567,
        "median": 20.4413795471,
        "min": 14.2413721085,
        "var": 0.800608634949
    },
    "melbands_flatness_db": {
        "dmean": 0.0192546211183,
        "dmean2": 0.0226442664862,
        "dvar": 0.00254864501767,
        "dvar2": 0.00203854287975,
        "max": 0.696098029613,
        "mean": 0.625858783722,
        "median": 0.625062763691,
        "min": 0.256511539221,
        "var": 0.00468998681754
    },
    "melbands_kurtosis": {
        "dmean": 8.34127616882,
        "dmean2": 9.90597724915,
        "dvar": 122.535743713,
        "dvar2": 280.723510742,
        "max": 108.424880981,
        "mean": 57.0047683716,
        "median": 57.0426559448,
        "min": 20.0019226074,
        "var": 268.970581055
    },
    "melbands_skewness": {
        "dmean": 0.474889606237,
        "dmean2": 0.565290987492,
        "dvar": 0.115630157292,
        "dvar2": 0.129952847958,
        "max": 5.70341539383,
        "mean": 4.02382707596,
        "median": 4.03055381775,
        "min": 1.87494575977,
        "var": 1.14245712757
    },
    "melbands_spread": {
        "dmean": 0.0934005975723,
        "dmean2": 0.0969768613577,
        "dvar": 0.187085956335,
        "dvar2": 0.183301404119,
        "max": 3.67805838585,
        "mean": 0.469652414322,
        "median": 0.401664286852,
        "min": 0.296005159616,
        "var": 0.18868021667
    },
    "pitch_salience": {
        "dmean": 0.0282119270414,
        "dmean2": 0.0282202269882,
        "dvar": 0.0104990201071,
        "dvar2": 0.00862382445484,
        "max": 0.815791010857,
        "mean": 0.092765159905,
        "median": 0.0628304034472,
        "min": 0.0305254012346,
        "var": 0.0124472947791
    },
    "silence_rate_20dB": {
        "dmean": 0,
        "dmean2": 0,
        "dvar": 0,
        "dvar2": 0,
        "max": 1,
        "mean": 1,
        "median": 1,
        "min": 1,
        "var": 0
    },
    "silence_rate_30dB": {
        "dmean": 0,
        "dmean2": 0,
        "dvar": 0,
        "dvar2": 0,
        "max": 1,
        "mean": 1,
        "median": 1,
        "min": 1,
        "var": 0
    },
    "silence_rate_60dB": {
        "dmean": 0,
        "dmean2": 0,
        "dvar": 0,
        "dvar2": 0,
        "max": 0,
        "mean": 0,
        "median": 0,
        "min": 0,
        "var": 0
    },
    "spectral_centroid": {
        "dmean": 3.4825026989,
        "dmean2": 3.55971503258,
        "dvar": 382.273284912,
        "dvar2": 373.427093506,
        "max": 552.074157715,
        "mean": 401.201721191,
        "median": 397.976379395,
        "min": 395.507568359,
        "var": 389.225616455
    },
    "spectral_complexity": {
        "dmean": 0.25,
        "dmean2": 0.457627117634,
        "dvar": 0.1875,
        "dvar2": 0.383797854185,
        "max": 4,
        "mean": 2.40983605385,
        "median": 3,
        "min": 1,
        "var": 0.73367357254
    },
    "spectral_decrease": {
        "dmean": 3.86923687534e-10,
        "dmean2": 3.65494107202e-10,
        "dvar": 1.11210617987e-18,
        "dvar2": 1.07593191732e-18,
        "max": -1.22714241546e-10,
        "mean": -9.46608391672e-09,
        "median": -8.95336782492e-09,
        "min": -1.36787106086e-08,
        "var": 9.53788546238e-18
    },
    "spectral_energy": {
        "dmean": 0.00151455251034,
        "dmean2": 0.00143049575854,
        "dvar": 1.70167550095e-05,
        "dvar2": 1.64619650604e-05,
        "max": 0.0535714626312,
        "mean": 0.0370680429041,
        "median": 0.0350747928023,
        "min": 0.000483425101265,
        "var": 0.000146195015986
    },
    "spectral_energyband_high": {
        "dmean": 5.55509529931e-07,
        "dmean2": 6.38719484414e-07,
        "dvar": 1.16456124258e-11,
        "dvar2": 1.19247008101e-11,
        "max": 2.69145712082e-05,
        "mean": 1.07603557353e-06,
        "median": 6.18925980689e-07,
        "min": 2.53641104564e-07,
        "var": 1.13272481672e-11
    },
    "spectral_energyband_low": {
        "dmean": 5.04770559928e-06,
        "dmean2": 6.37010725768e-06,
        "dvar": 6.04503114232e-10,
        "dvar2": 6.14834960722e-10,
        "max": 0.000194234977243,
        "mean": 5.79888592256e-06,
        "median": 1.464454499e-06,
        "min": 1.83529181186e-07,
        "var": 6.01795391297e-10
    },
    "spectral_energyband_middle_high": {
        "dmean": 2.17638262257e-05,
        "dmean2": 2.56933526543e-05,
        "dvar": 4.02880062644e-10,
        "dvar2": 6.41442454707e-10,
        "max": 0.000260067579802,
        "mean": 9.11499300855e-05,
        "median": 8.62680390128e-05,
        "min": 1.47917344293e-05,
        "var": 3.24760041082e-09
    },
    "spectral_energyband_middle_low": {
        "dmean": 0.0015169653343,
        "dmean2": 0.00143359275535,
        "dvar": 1.72309610207e-05,
        "dvar2": 1.67251091625e-05,
        "max": 0.0534353256226,
        "mean": 0.0369730852544,
        "median": 0.034957125783,
        "min": 0.000454159278888,
        "var": 0.000145845333464
    },
    "spectral_entropy": {
        "dmean": 0.190427273512,
        "dmean2": 0.196080043912,
        "dvar": 0.295556128025,
        "dvar2": 0.206236153841,
        "max": 8.22191143036,
        "mean": 3.64912819862,
        "median": 3.53476572037,
        "min": 3.17623233795,
        "var": 0.582986176014
    },
    "spectral_flux": {
        "dmean": 0.00582209182903,
        "dmean2": 0.00681225582957,
        "dvar": 0.000431595311966,
        "dvar2": 0.000412861933,
        "max": 0.160284131765,
        "mean": 0.0115050682798,
        "median": 0.0047702556476,
        "min": 0.00235944171436,
        "var": 0.000838203297462
    },
    "spectral_kurtosis": {
        "dmean": 14.9828939438,
        "dmean2": 23.3376808167,
        "dvar": 215.287780762,
        "dvar2": 408.559631348,
        "max": 167.502059937,
        "mean": 89.5937271118,
        "median": 83.6809082031,
        "min": 2.01575183868,
        "var": 888.10168457
    },
    "spectral_rms": {
        "dmean": 0.000161644566106,
        "dmean2": 0.000155481204274,
        "dvar": 3.16725135008e-07,
        "dvar2": 3.09682150146e-07,
        "max": 0.00722944270819,
        "mean": 0.00590783497319,
        "median": 0.00584972742945,
        "min": 0.000686756335199,
        "var": 1.26142890622e-06
    },
    "spectral_rolloff": {
        "dmean": 1.435546875,
        "dmean2": 1.45987820625,
        "dvar": 75.2190093994,
        "dvar2": 76.4583969116,
        "max": 473.73046875,
        "mean": 410.542877197,
        "median": 409.130859375,
        "min": 409.130859375,
        "var": 74.0191497803
    },
    "spectral_skewness": {
        "dmean": 0.882744789124,
        "dmean2": 1.46767544746,
        "dvar": 0.769820332527,
        "dvar2": 1.04280126095,
        "max": 10.9924020767,
        "mean": 7.97208309174,
        "median": 7.93058300018,
        "min": 1.7478801012,
        "var": 2.75281739235
    },
    "spectral_spread": {
        "dmean": 1104533.75,
        "dmean2": 1362853.25,
        "dvar": 5.76349064397e+12,
        "dvar2": 3.10010052608e+12,
        "max": 29689302,
        "mean": 2325621.75,
        "median": 1728063.375,
        "min": 573095,
        "var": 1.62716828303e+13
    },
    "spectral_strongpeak": {
        "dmean": 0.115943364799,
        "dmean2": 0.104130968451,
        "dvar": 0.19483307004,
        "dvar2": 0.18763025105,
        "max": 3.77743124962,
        "mean": 3.00825428963,
        "median": 3.00025510788,
        "min": 0.0451434850693,
        "var": 0.472299993038
    },
    "zerocrossingrate": {
        "dmean": 0.000634765601717,
        "dmean2": 0.000827595358714,
        "dvar": 2.56935754805e-06,
        "dvar2": 1.41640282436e-06,
        "max": 0.01806640625,
        "mean": 0.0174500513822,
        "median": 0.01806640625,
        "min": 0.00439453125,
        "var": 4.35330002801e-06
    },
    "barkbands": {
        "dmean": [8.68564427492e-07, 1.65231745086e-06, 2.24544419325e-06, 1.89464219602e-06, 1.00752677099e-05, 0.000999070936814, 0.000565043359529, 9.70028941083e-06, 6.20212013018e-05, 2.21623940888e-06, 3.95282177124e-06, 1.01016996723e-06, 1.97909630515e-05, 3.70046905118e-07, 3.55932911589e-07, 2.3606824584e-07, 2.0237014553e-07, 1.72983078528e-07, 1.43513133821e-07, 1.25225810166e-07, 1.06253288834e-07, 8.74873862244e-08, 6.83403058588e-08, 6.51657003914e-08, 6.20542763841e-08, 6.05695902323e-08, 9.87500570204e-08],
        "dmean2": [9.95521645564e-07, 1.9852755031e-06, 3.22706546285e-06, 2.38113966589e-06, 1.25769320221e-05, 0.000839192012791, 0.000653338211123, 1.07466858026e-05, 5.31325640623e-05, 3.24835332322e-06, 6.64509389026e-06, 1.28403621602e-06, 1.96517867153e-05, 4.96733548516e-07, 5.13293912263e-07, 3.02329567603e-07, 2.71588845635e-07, 2.21195165295e-07, 1.79496154828e-07, 1.54280243692e-07, 1.31279932702e-07, 1.03667467499e-07, 8.08044191558e-08, 7.45169117522e-08, 7.22136093145e-08, 7.00960356426e-08, 1.21784239582e-07],
        "dvar": [3.11841281964e-11, 9.25969231846e-11, 6.24274035244e-11, 8.78651526537e-11, 3.07576919489e-09, 8.05969102657e-06, 2.17906494981e-06, 4.24019619416e-09, 3.62457930336e-09, 2.17675599767e-11, 5.10564021616e-11, 2.51389430106e-11, 2.95622498703e-10, 1.86915782331e-12, 1.38345010361e-12, 1.25814712381e-12, 7.89376702025e-13, 6.27690390984e-13, 5.27815584208e-13, 4.39510705391e-13, 3.35306110134e-13, 2.59844744463e-13, 1.70322374368e-13, 1.68915798232e-13, 1.51892360451e-13, 1.44590435003e-13, 1.71017320856e-13],
        "dvar2": [3.22621963866e-11, 9.60080417944e-11, 6.38029559741e-11, 8.73379979449e-11, 3.15115777916e-09, 7.80541358836e-06, 2.12129498323e-06, 4.33283098289e-09, 2.84660628402e-09, 1.97760419152e-11, 1.66324273798e-10, 2.60510675532e-11, 1.54202595137e-10, 1.91755335568e-12, 1.3651013913e-12, 1.27656988713e-12, 8.15423520806e-13, 6.4981705997e-13, 5.37153546469e-13, 4.40964701819e-13, 3.42874410504e-13, 2.63387700322e-13, 1.73299119196e-13, 1.72778973203e-13, 1.5546625673e-13, 1.49068881154e-13, 1.74454187533e-13],
        "max": [4.34577596025e-05, 7.51299157855e-05, 6.30179856671e-05, 7.45210927562e-05, 0.000435309426393, 0.034333191812, 0.0191980283707, 0.000512908096425, 0.000794507039245, 5.14044695592e-05, 5.02198963659e-05, 4.03464218834e-05, 0.000202293100301, 1.09778802653e-05, 9.87269504549e-06, 8.95632456377e-06, 7.12604878572e-06, 6.30519116385e-06, 5.7731040215e-06, 5.2780283113e-06, 4.57006080978e-06, 4.02147998102e-06, 3.251286671e-06, 3.22627874993e-06, 3.05023718283e-06, 2.96937855637e-06, 3.34579476657e-06],
        "mean": [8.9802142611e-07, 1.74512433659e-06, 2.52975291914e-06, 2.13451949094e-06, 1.10424971353e-05, 0.0227557439357, 0.0139600206167, 1.07964115159e-05, 0.00022926767997, 5.84202916798e-06, 6.31232887827e-06, 1.3454036889e-06, 7.67917808844e-05, 6.16411625742e-07, 6.3448334231e-07, 3.79427604003e-07, 2.86119501425e-07, 2.93959686815e-07, 2.2174091896e-07, 2.0175296811e-07, 1.71565844198e-07, 1.29018005168e-07, 9.87692985177e-08, 9.54077137294e-08, 8.51104218214e-08, 7.65264118741e-08, 3.45941373325e-07],
        "median": [3.20522950403e-08, 2.21113381826e-07, 8.08525328466e-07, 6.31573925602e-07, 2.40839949583e-06, 0.0212403349578, 0.0130472136661, 1.38068946853e-06, 0.000119645119412, 4.33522836829e-06, 2.43432873503e-06, 5.89310445775e-07, 7.16082722647e-05, 3.8838504679e-07, 4.53922581301e-07, 1.86837809224e-07, 1.29144439143e-07, 1.66736384699e-07, 1.07908157077e-07, 9.89622179759e-08, 8.34772251324e-08, 5.53834276218e-08, 3.77839377563e-08, 3.76520787881e-08, 2.67641766527e-08, 1.81504837826e-08, 3.19022433359e-07],
        "min": [7.36733785089e-10, 2.11770370129e-08, 3.78453890448e-08, 1.20516681079e-08, 2.48068715791e-07, 0.000206806027563, 0.000182249525096, 3.24263567109e-07, 9.09168193175e-06, 7.76068077357e-07, 3.42555694033e-07, 1.98777726723e-07, 2.18028594645e-06, 1.12713010481e-07, 1.19999640447e-07, 8.18307981376e-08, 3.9609837188e-08, 4.77137760413e-08, 2.76261573617e-08, 4.42318608407e-08, 3.48210065226e-08, 2.45111930752e-08, 1.43818299492e-08, 1.1989532922e-08, 7.71940733557e-09, 4.41231762238e-09, 1.00565216599e-07],
        "var": [3.08809054717e-11, 9.14668341068e-11, 6.31386540273e-11, 8.8220854233e-11, 3.04406455598e-09, 6.82101381244e-05, 1.40191868923e-05, 4.21745616208e-09, 5.24627736809e-08, 4.25565173379e-11, 1.18306045516e-10, 2.5561724612e-11, 2.34786057263e-09, 1.86018019564e-12, 1.47634085946e-12, 1.24787322402e-12, 7.97973503681e-13, 6.16196275862e-13, 5.23009532818e-13, 4.3734189447e-13, 3.29326626733e-13, 2.55638609239e-13, 1.67865843296e-13, 1.65565220496e-13, 1.49193645719e-13, 1.42278143477e-13, 1.65293072198e-13]
    },
    "erbbands": {
        "dmean": [5.27620286448e-05, 0.000378229393391, 0.00219991267659, 0.00488897645846, 0.0127779133618, 0.0408017784357, 0.206428825855, 8.45127868652, 16.0984401703, 0.700754106045, 0.401846259832, 1.82573783398, 0.147394105792, 0.0586612485349, 0.169628933072, 0.109906949103, 1.08529281616, 0.0637920424342, 0.0220091510564, 0.0162216536701, 0.0123126264662, 0.0109521346167, 0.00912868417799, 0.00785967055708, 0.00670263310894, 0.00577202113345, 0.00491509912536, 0.00384483952075, 0.0031985307578, 0.00248341355473, 0.00190912163816, 0.00143296050373, 0.00104141456541, 0.000696721894201, 0.000448266771855, 0.000251512625255, 0.000114749520435, 7.80986229074e-05, 1.14518343253e-05, 1.73097794232e-06],
        "dmean2": [6.06817702646e-05, 0.000472842453746, 0.00308372848667, 0.00630176300183, 0.0160935018212, 0.0516970306635, 0.205334454775, 7.49147176743, 16.5374698639, 0.808234155178, 0.409511178732, 1.60094869137, 0.140926629305, 0.0864373371005, 0.284110546112, 0.123114384711, 1.07555139065, 0.073028832674, 0.0316014513373, 0.0224573481828, 0.014994231984, 0.0142543707043, 0.0118045704439, 0.00969142001122, 0.00802666042, 0.00692376447842, 0.00632780324668, 0.00462007569149, 0.00383123196661, 0.00291837169789, 0.00226843170822, 0.00162747816648, 0.00120338751003, 0.000808864133433, 0.000526075600646, 0.000296377693303, 0.00013298621343, 9.67356245383e-05, 1.3541586668e-05, 2.00814452e-06],
        "dvar": [1.10508828755e-07, 4.14676696892e-06, 6.27735280432e-05, 0.000495927757584, 0.0041512507014, 0.0401260517538, 0.502370834351, 531.701416016, 2053.03686523, 3.92149782181, 1.72761452198, 3.2570734024, 0.0192829687148, 0.0270296316594, 0.104360751808, 0.021627869457, 0.904105901718, 0.0026287001092, 0.00493177818134, 0.00323995295912, 0.00357520836405, 0.00264070928097, 0.00189930247143, 0.00162889400963, 0.00116868899204, 0.000982458936051, 0.000651263748296, 0.000468356505735, 0.000350273563527, 0.000221745140152, 0.000130067986902, 8.27165786177e-05, 4.24729805673e-05, 1.94306394405e-05, 7.48748561819e-06, 2.31073909163e-06, 4.96914992709e-07, 6.28152605486e-08, 3.28935922944e-09, 2.06859165214e-11],
        "dvar2": [1.13429798887e-07, 4.31676335211e-06, 6.50905567454e-05, 0.000497396977153, 0.00422085030004, 0.0423388108611, 0.568835139275, 525.672973633, 1958.78637695, 4.45979404449, 1.62160146236, 2.56101155281, 0.010333343409, 0.0350881777704, 0.336327761412, 0.0346423350275, 0.45655721426, 0.00343974865973, 0.00530804134905, 0.00297441054136, 0.00370059371926, 0.00273534888402, 0.00196644174866, 0.00165125820786, 0.00119493482634, 0.000991421286017, 0.000664004590362, 0.000475961656775, 0.000355200696504, 0.00022505436209, 0.000132362809381, 8.4552266344e-05, 4.34427129221e-05, 1.98834259209e-05, 7.67876645114e-06, 2.37916492551e-06, 5.10455265612e-07, 6.40470574353e-08, 3.36393957134e-09, 2.4802652987e-11],
        "max": [0.00260771717876, 0.0159338377416, 0.0629669800401, 0.178111732006, 0.516535460949, 1.69454574585, 10.2557210922, 301.16784668, 541.182434082, 31.4530696869, 12.7490501404, 24.044178009, 1.93983924389, 1.60337114334, 2.17431211472, 1.61126577854, 11.0252084732, 0.620895266533, 0.58095395565, 0.487462431192, 0.477186977863, 0.410593360662, 0.347464293242, 0.32097107172, 0.271043628454, 0.249324932694, 0.201706767082, 0.170890763402, 0.14765535295, 0.117462664843, 0.0898962542415, 0.0714657977223, 0.0511540286243, 0.0345657281578, 0.0214253496379, 0.0118879424408, 0.0055388668552, 0.00205301027745, 0.000483353127493, 7.46199220885e-05],
        "mean": [6.29284259048e-05, 0.000421752309194, 0.00246534426697, 0.00635744864121, 0.0203798543662, 0.134134799242, 3.63324022293, 201.113235474, 383.480041504, 15.5345993042, 1.70503091812, 6.97951555252, 0.643219172955, 0.135003894567, 0.263372212648, 0.375811696053, 4.22450065613, 0.289335787296, 0.0444112308323, 0.0300127100199, 0.0209741909057, 0.0163765661418, 0.0159379802644, 0.0125507619232, 0.0107937008142, 0.00953566841781, 0.00779008259997, 0.00623599160463, 0.00481622852385, 0.00364196230657, 0.0027738136705, 0.0021033056546, 0.00153505534399, 0.0010148632573, 0.000601825362537, 0.000311575335218, 0.000173280684976, 0.000259223190369, 4.97095534229e-05, 4.5491833589e-05],
        "median": [1.16536302812e-05, 9.46418876993e-05, 0.000753886299208, 0.00252683251165, 0.0104655371979, 0.105513982475, 3.27176308632, 186.949035645, 359.030548096, 14.3990373611, 1.3594429493, 3.75521302223, 0.502585887909, 0.0966479405761, 0.113576352596, 0.323791116476, 3.94690513611, 0.275110006332, 0.033223118633, 0.0217248797417, 0.0111730154604, 0.00775210512802, 0.00871422700584, 0.00631578080356, 0.00570347439498, 0.0047431695275, 0.0034596468322, 0.00311800977215, 0.00209169695154, 0.00139466649853, 0.00109154195525, 0.00075589295011, 0.000611178053077, 0.000361685350072, 0.000188367455848, 7.22076219972e-05, 6.53933238937e-05, 0.000229344703257, 4.15653448727e-05, 4.39815994469e-05],
        "min": [6.62740740154e-06, 3.71243404516e-05, 0.000197638219106, 0.000861614185851, 0.00482349609956, 0.060454249382, 0.4595079422, 2.16197228432, 3.25817656517, 1.20170009136, 0.377591788769, 0.217415824533, 0.0726531296968, 0.0299876928329, 0.02202921547, 0.0551708973944, 0.10418432951, 0.0530265718699, 0.00914368871599, 0.00701888371259, 0.00523117324337, 0.00329428631812, 0.00290840188973, 0.00175819289871, 0.00148710096255, 0.00223337928765, 0.00152211729437, 0.00117308669724, 0.000877343118191, 0.000653651368339, 0.000475895882118, 0.000362917577149, 0.000205415650271, 0.000147097656736, 6.53475799481e-05, 2.94764395221e-05, 3.17919148074e-05, 6.42228624201e-05, 3.22728228639e-05, 3.30770967594e-06],
        "var": [1.09410215998e-07, 4.09692620451e-06, 6.31143338978e-05, 0.000497724162415, 0.00414101406932, 0.0416649393737, 2.24801754951, 5066.48242188, 13596.8027344, 22.0690879822, 2.86419963837, 47.6747398376, 0.247949510813, 0.0412863120437, 0.212786138058, 0.0763336196542, 7.09827232361, 0.0215982869267, 0.00506506394595, 0.00356814567931, 0.00352675770409, 0.00263896933757, 0.00187112786807, 0.00161513139028, 0.00115218106657, 0.000974991009571, 0.000641717517283, 0.0004603692214, 0.000344494532328, 0.00021855707746, 0.000128181360196, 8.12342623249e-05, 4.15710273955e-05, 1.90741047845e-05, 7.36869424145e-06, 2.27898840421e-06, 4.88287923872e-07, 6.368684069e-08, 3.1860261096e-09, 1.61106905594e-10]
    },
    "gfcc": {
        "mean": [-240.120788574, 134.671447754, -90.3839035034, -75.8043212891, -95.5652008057, -57.8854522705, -48.4351882935, -32.450252533, -2.00892853737, 25.7622718811, 28.387386322, 5.85644483566, -11.2825431824],
        "cov": [[578.056030273, -120.977684021, 43.2273330688, 216.346389771, 45.8304252625, 111.648178101, 14.7389621735, 113.831298828, -36.5018730164, -28.4844093323, -90.5896148682, 10.120973587, -3.54582881927], [-120.977684021, 156.618682861, -45.0883903503, -199.423477173, -65.8577194214, -42.4728393555, 32.5948524475, -58.8815803528, 16.9458198547, -4.67366027832, 47.1807365417, -11.5698823929, 15.7793741226], [43.2273330688, -45.0883903503, 59.8640975952, 96.9067840576, 33.7487678528, 14.1579589844, -18.1699829102, 32.5258560181, 2.26354217529, 2.28700494766, -27.0339107513, 2.83107972145, 0.369218379259], [216.346389771, -199.423477173, 96.9067840576, 325.171264648, 120.548843384, 82.4246749878, -43.7855911255, 95.0449066162, -21.9444179535, -2.44699406624, -82.1167297363, 12.2850074768, -25.7386379242], [45.8304252625, -65.8577194214, 33.7487678528, 120.548843384, 72.8792800903, 40.1051864624, -26.6082420349, 18.3665599823, -13.4469442368, 6.6444067955, -18.3103542328, 5.3786611557, -22.429643631], [111.648178101, -42.4728393555, 14.1579589844, 82.4246749878, 40.1051864624, 64.6514358521, 0.872868359089, 27.3084430695, -20.954240799, -6.69636726379, -26.6756057739, 8.57337856293, -4.84436845779], [14.7389621735, 32.5948524475, -18.1699829102, -43.7855911255, -26.6082420349, 0.872868359089, 27.1928958893, 0.715715944767, -2.62644577026, -8.02458572388, 1.28963780403, 0.0167624149472, 10.9982051849], [113.831298828, -58.8815803528, 32.5258560181, 95.0449066162, 18.3665599823, 27.3084430695, 0.715715944767, 57.6009063721, -7.60107851028, -10.3928976059, -41.3882255554, 3.83229351044, 7.98533678055], [-36.5018730164, 16.9458198547, 2.26354217529, -21.9444179535, -13.4469442368, -20.954240799, -2.62644577026, -7.60107851028, 15.973236084, 2.01855778694, 4.71342182159, -5.36654043198, 3.57625603676], [-28.4844093323, -4.67366027832, 2.28700494766, -2.44699406624, 6.6444067955, -6.69636726379, -8.02458572388, -10.3928976059, 2.01855778694, 14.5457201004, 9.79791736603, -2.38072514534, -6.19112586975], [-90.5896148682, 47.1807365417, -27.0339107513, -82.1167297363, -18.3103542328, -26.6756057739, 1.28963780403, -41.3882255554, 4.71342182159, 9.79791736603, 43.5610275269, 2.06028056145, -1.69024908543], [10.120973587, -11.5698823929, 2.83107972145, 12.2850074768, 5.3786611557, 8.57337856293, 0.0167624149472, 3.83229351044, -5.36654043198, -2.38072514534, 2.06028056145, 21.0164413452, 11.5580177307], [-3.54582881927, 15.7793741226, 0.369218379259, -25.7386379242, -22.429643631, -4.84436845779, 10.9982051849, 7.98533678055, 3.57625603676, -6.19112586975, -1.69024908543, 11.5580177307, 26.7698287964]],
        "icov": [[0.00514622451738, -0.0129206040874, 0.00836543552577, -0.0122868092731, 0.017546640709, -0.00643652072176, 0.00944486819208, -0.011084142141, 0.005452896934, -0.0102978022769, 0.00189551257063, -0.00896294694394, 0.0102112013847], [-0.0129206040874, 0.183375418186, -0.116317741573, 0.157494157553, -0.14948990941, -0.00379828270525, -0.135905250907, 0.061258841306, -0.0923470854759, 0.145639553666, -0.0312343668193, 0.0735819712281, -0.0328699313104], [0.00836543552577, -0.116317741573, 0.123385563493, -0.110609389842, 0.0802999660373, 0.00775909749791, 0.0938218012452, -0.0459617003798, 0.0401723720133, -0.103643737733, 0.0238636564463, -0.0353593863547, -0.0070934346877], [-0.0122868092731, 0.157494157553, -0.110609389842, 0.170049712062, -0.151572987437, -0.00492423772812, -0.105562977493, 0.0220696590841, -0.090029604733, 0.120819360018, -0.00570656917989, 0.0337659493089, 0.00449054781348], [0.017546640709, -0.14948990941, 0.0802999660373, -0.151572987437, 0.228014692664, -0.0397694483399, 0.143612161279, -0.0469737797976, 0.0881667509675, -0.129275202751, 0.0115302717313, -0.0822668671608, 0.0770294368267], [-0.00643652072176, -0.00379828270525, 0.00775909749791, -0.00492423772812, -0.0397694483399, 0.0648622214794, -0.0203128512949, 0.0210671555251, 0.0418384112418, 0.00326242158189, 0.0230932105333, 0.00789163913578, -0.0297619737685], [0.00944486819208, -0.135905250907, 0.0938218012452, -0.105562977493, 0.143612161279, -0.0203128512949, 0.20226046443, -0.064617164433, 0.0891956835985, -0.0930379033089, 0.0209328494966, -0.0479557290673, 0.019993217662], [-0.011084142141, 0.061258841306, -0.0459617003798, 0.0220696590841, -0.0469737797976, 0.0210671555251, -0.064617164433, 0.135576874018, 0.0106300171465, 0.0582431480289, 0.0274567101151, 0.0603060610592, -0.0774174854159], [0.005452896934, -0.0923470854759, 0.0401723720133, -0.090029604733, 0.0881667509675, 0.0418384112418, 0.0891956835985, 0.0106300171465, 0.206689059734, -0.0649976953864, 0.0267406888306, 0.0158805567771, -0.0381450355053], [-0.0102978022769, 0.145639553666, -0.103643737733, 0.120819360018, -0.129275202751, 0.00326242158189, -0.0930379033089, 0.0582431480289, -0.0649976953864, 0.231658950448, -0.0603571869433, 0.084146939218, -0.0343733280897], [0.00189551257063, -0.0312343668193, 0.0238636564463, -0.00570656917989, 0.0115302717313, 0.0230932105333, 0.0209328494966, 0.0274567101151, 0.0267406888306, -0.0603571869433, 0.123927474022, -0.0624786280096, 0.0271646734327], [-0.00896294694394, 0.0735819712281, -0.0353593863547, 0.0337659493089, -0.0822668671608, 0.00789163913578, -0.0479557290673, 0.0603060610592, 0.0158805567771, 0.084146939218, -0.0624786280096, 0.182566702366, -0.142824217677], [0.0102112013847, -0.0328699313104, -0.0070934346877, 0.00449054781348, 0.0770294368267, -0.0297619737685, 0.019993217662, -0.0774174854159, -0.0381450355053, -0.0343733280897, 0.0271646734327, -0.142824217677, 0.197059169412]]
    },
    "melbands": {
        "dmean": [4.96669485983e-07, 9.20134141325e-07, 9.62367948887e-07, 1.76851131073e-06, 4.80838525618e-06, 0.00023208706989, 0.000213098697714, 3.68751602764e-06, 5.13376608069e-06, 1.00556580946e-05, 3.79902161285e-07, 2.07218718629e-07, 6.36236109131e-07, 1.49175363617e-07, 1.42949136261e-06, 1.59565558988e-06, 3.73508299845e-08, 3.94764576583e-08, 2.35880417421e-08, 1.963536711e-08, 1.46565399817e-08, 1.26315908844e-08, 9.49897227542e-09, 8.02650923504e-09, 6.47338538329e-09, 5.13487252718e-09, 4.70814409681e-09, 3.85187171048e-09, 3.2877436329e-09, 2.6419852972e-09, 2.2282413692e-09, 1.88796134282e-09, 1.61685598243e-09, 1.32600208591e-09, 1.15646980881e-09, 9.63016222322e-10, 8.50040371425e-10, 7.60472629313e-10, 6.40718367251e-10, 5.86720172446e-10],
        "dmean2": [5.80202311085e-07, 1.25885355828e-06, 1.19289222766e-06, 2.29402303376e-06, 5.39570692126e-06, 0.000208918194403, 0.000215106469113, 4.01396300731e-06, 4.98255622006e-06, 8.86828274815e-06, 5.85606869663e-07, 2.91469774538e-07, 1.07355242562e-06, 2.08129847579e-07, 1.46945967572e-06, 1.59957016876e-06, 5.45751888126e-08, 5.62235378254e-08, 3.22620330451e-08, 2.6701554745e-08, 1.84587118923e-08, 1.70687606271e-08, 1.25057582068e-08, 1.03893125214e-08, 8.17169798495e-09, 6.3680847262e-09, 5.77547920599e-09, 4.71010830339e-09, 4.27702717687e-09, 3.304395646e-09, 2.67503152962e-09, 2.29202901103e-09, 1.89958004881e-09, 1.56001533913e-09, 1.39854794412e-09, 1.10887377058e-09, 9.70082791873e-10, 8.7435647611e-10, 7.55688789322e-10, 6.81505740729e-10],
        "dvar": [9.49271564132e-12, 1.35883474611e-11, 2.30959574382e-11, 7.47848311056e-11, 1.01526109741e-09, 4.31521726796e-07, 3.5820261246e-07, 6.65641652908e-10, 1.1216375051e-10, 1.00763737632e-10, 3.63208025938e-13, 5.09543958676e-13, 1.37181086803e-12, 3.31432635243e-13, 1.43310005789e-12, 1.95875976029e-12, 1.4703404374e-14, 1.37401661297e-14, 8.15726440117e-15, 5.44536644779e-15, 4.54836956808e-15, 2.996445543e-15, 1.73278006476e-15, 1.37890261665e-15, 1.04339720728e-15, 6.93457880044e-16, 5.09781908866e-16, 4.15917899876e-16, 2.62472693404e-16, 2.04371672762e-16, 1.4244485576e-16, 1.13391705079e-16, 8.89212210177e-17, 6.18153659948e-17, 4.43694452792e-17, 3.51016574479e-17, 2.90788329851e-17, 2.2247917584e-17, 1.56979226451e-17, 1.318019331e-17],
        "dvar2": [9.77629349003e-12, 1.40055102932e-11, 2.31601560846e-11, 7.77503131322e-11, 1.03698272191e-09, 4.18042560568e-07, 3.42410942267e-07, 6.78652578578e-10, 9.30840959867e-11, 8.04357414008e-11, 3.12975258774e-13, 5.51025479585e-13, 4.5414540184e-12, 3.9958067779e-13, 8.76348527166e-13, 9.41634682554e-13, 1.5299717263e-14, 1.45615890358e-14, 7.85651603589e-15, 5.18316062271e-15, 4.75266036243e-15, 3.11519448001e-15, 1.78809989242e-15, 1.41679982362e-15, 1.05218813873e-15, 7.10862977742e-16, 5.14322852496e-16, 4.21263974792e-16, 2.66971523615e-16, 2.09507524689e-16, 1.44091342226e-16, 1.14898510518e-16, 9.03277126092e-17, 6.26127747227e-17, 4.51222127238e-17, 3.58667498836e-17, 2.96819733831e-17, 2.27398352769e-17, 1.60847288432e-17, 1.34688429479e-17],
        "max": [2.40660992858e-05, 2.9166090826e-05, 3.8174650399e-05, 6.77994466969e-05, 0.000250218057772, 0.00803503300995, 0.0072170374915, 0.000201712900889, 0.000106439380033, 0.000131999637233, 7.33505885364e-06, 6.36323647996e-06, 8.28330212244e-06, 4.71079056297e-06, 1.52612392412e-05, 1.59630453709e-05, 9.72936277321e-07, 9.51513413838e-07, 7.47219814912e-07, 6.16011107013e-07, 5.36315496902e-07, 4.37482810867e-07, 3.34362795229e-07, 2.94873871098e-07, 2.57326888686e-07, 2.08648742728e-07, 1.79985235604e-07, 1.62086465139e-07, 1.28150034584e-07, 1.12694308996e-07, 9.4502631498e-08, 8.407490526e-08, 7.4347667578e-08, 6.20739299961e-08, 5.25748582447e-08, 4.65454306209e-08, 4.23695105667e-08, 3.70020849516e-08, 3.10729610931e-08, 2.84563252961e-08],
        "mean": [5.34157550192e-07, 1.00606132492e-06, 1.18221066714e-06, 1.91072467715e-06, 5.3290445976e-06, 0.00543627748266, 0.00509636756033, 3.88772741644e-06, 1.51860558617e-05, 3.82321304642e-05, 1.12446002731e-06, 3.76468534569e-07, 9.90354692476e-07, 1.98010141617e-07, 5.47103854842e-06, 6.39144082015e-06, 6.55839613728e-08, 5.96799338837e-08, 4.14825223061e-08, 3.15960484443e-08, 2.35603074827e-08, 1.72551626321e-08, 1.52445043256e-08, 1.28649171316e-08, 9.93524729154e-09, 7.73165975687e-09, 7.48054329591e-09, 6.08590955409e-09, 5.01131536268e-09, 4.08889500036e-09, 3.4843419261e-09, 2.74954592427e-09, 2.33395724969e-09, 1.89051863053e-09, 1.63427560373e-09, 1.36966327169e-09, 1.22879062481e-09, 1.09246056645e-09, 9.30246213393e-10, 8.06474664827e-10],
        "median": [5.7813124954e-08, 2.76089565432e-07, 3.71105301156e-07, 4.70610075354e-07, 7.16784597898e-07, 0.00507228262722, 0.0047688735649, 1.85796949381e-07, 7.7666973084e-06, 2.04997431865e-05, 8.34890101942e-07, 2.35205973809e-07, 3.80738811145e-07, 9.32863244429e-08, 5.01639897266e-06, 6.14268674326e-06, 3.80252522802e-08, 4.13915302033e-08, 2.75368243763e-08, 1.93581133345e-08, 1.18247518444e-08, 7.85845344353e-09, 8.06803424069e-09, 7.74925634772e-09, 4.77763517637e-09, 3.57393181716e-09, 3.42593220459e-09, 3.0720566091e-09, 2.36272157395e-09, 1.92586901981e-09, 1.6979035955e-09, 1.18068821386e-09, 9.57057322282e-10, 6.763613003e-10, 6.3508731607e-10, 4.94210949942e-10, 4.40970565618e-10, 4.34537295035e-10, 3.33550853604e-10, 2.67350086514e-10],
        "min": [7.42661843134e-09, 2.05295886957e-08, 5.57814239244e-08, 5.6410087268e-08, 2.30729369832e-07, 4.85128584842e-05, 4.66837191198e-05, 7.47177466565e-08, 7.29482508177e-07, 1.29643024138e-06, 1.48209736039e-07, 7.8302278439e-08, 4.73699195425e-08, 2.08870698515e-08, 2.39885139308e-07, 1.90136233869e-07, 1.0583821819e-08, 7.84472309334e-09, 7.9810815734e-09, 5.7208717763e-09, 3.16911252796e-09, 2.82964007781e-09, 2.27159446808e-09, 1.70942660027e-09, 1.10638420647e-09, 1.02892128151e-09, 9.39170519132e-10, 1.18371823454e-09, 8.01365585001e-10, 7.35860150591e-10, 5.6985671737e-10, 4.37635400141e-10, 4.01878308409e-10, 2.58934845787e-10, 2.48753961873e-10, 2.09076034263e-10, 1.73174086182e-10, 1.21953308563e-10, 1.04210508278e-10, 9.57274468028e-11],
        "var": [9.38190931193e-12, 1.35931335632e-11, 2.30441065535e-11, 7.40269859301e-11, 1.00649000245e-09, 3.52934875991e-06, 2.47194498115e-06, 6.56094290008e-10, 3.27937343947e-10, 1.4459102804e-09, 9.48671263074e-13, 6.23023876413e-13, 3.0930362438e-12, 3.52296533959e-13, 1.26983007442e-11, 1.53129679076e-11, 1.49285203204e-14, 1.41841189673e-14, 8.49410314627e-15, 5.80155439003e-15, 4.471356909e-15, 3.01009039675e-15, 1.73816507672e-15, 1.35283126017e-15, 1.03977656495e-15, 6.85018467274e-16, 5.08580551449e-16, 4.12726279731e-16, 2.59528671577e-16, 2.00448202916e-16, 1.40649701778e-16, 1.11744212762e-16, 8.74576870512e-17, 6.11356551418e-17, 4.38363472267e-17, 3.44790452182e-17, 2.85753777771e-17, 2.17529707558e-17, 1.53892783975e-17, 1.29641097458e-17]
    },
    "mfcc": {
        "mean": [-924.321960449, 175.349227905, 12.2479248047, -31.3073062897, -35.2061271667, -30.7298717499, -28.8760910034, -38.5221366882, -33.4381256104, -12.6161146164, 9.97069072723, 19.65691185, 11.4549760818],
        "cov": [[752.612426758, -55.0433273315, 70.016746521, 208.965286255, 81.8808441162, 44.6581878662, 26.1023025513, 74.2948760986, 71.4853973389, 28.0886726379, -31.4286231995, -39.1592826843, -3.12653875351], [-55.0433273315, 64.2409591675, 1.57242178917, -79.1260604858, -41.7174949646, -15.3335466385, -2.99559521675, -3.288169384, -10.0647125244, -1.23094451427, 6.7516040802, 15.7209253311, 12.5236635208], [70.016746521, 1.57242178917, 36.5510940552, 35.939414978, 24.5856800079, 14.5395469666, -0.8382127285, 9.52626514435, 13.6089639664, 7.33260536194, -7.09528541565, -10.52739048, 2.50826358795], [208.965286255, -79.1260604858, 35.939414978, 239.185089111, 162.640731812, 75.0425186157, 21.5720443726, 7.22615337372, 21.3092041016, 20.263092041, -8.57164955139, -42.2693748474, -29.0965175629], [81.8808441162, -41.7174949646, 24.5856800079, 162.640731812, 148.288879395, 75.469367981, 17.0488185883, -1.09590506554, 0.310516357422, 1.51283109188, -8.71878051758, -28.4759922028, -13.936674118], [44.6581878662, -15.3335466385, 14.5395469666, 75.0425186157, 75.469367981, 53.039226532, 19.685213089, 2.72740387917, -0.411491900682, -4.79259490967, -6.23084545135, -8.65723514557, -0.824681699276], [26.1023025513, -2.99559521675, -0.8382127285, 21.5720443726, 17.0488185883, 19.685213089, 24.2265415192, 11.0568962097, -2.9623708725, -4.77840566635, -1.37731909752, 0.688743948936, 2.02996587753], [74.2948760986, -3.288169384, 9.52626514435, 7.22615337372, -1.09590506554, 2.72740387917, 11.0568962097, 28.7747077942, 13.6160907745, -8.19827842712, -10.9134578705, -0.713576734066, 8.65337562561], [71.4853973389, -10.0647125244, 13.6089639664, 21.3092041016, 0.310516357422, -0.411491900682, -2.9623708725, 13.6160907745, 28.5219726562, 12.8369693756, -7.83055019379, -5.14486408234, 0.478820413351], [28.0886726379, -1.23094451427, 7.33260536194, 20.263092041, 1.51283109188, -4.79259490967, -4.77840566635, -8.19827842712, 12.8369693756, 33.384929657, 11.3535404205, -10.9546937943, -10.5413036346], [-31.4286231995, 6.7516040802, -7.09528541565, -8.57164955139, -8.71878051758, -6.23084545135, -1.37731909752, -10.9134578705, -7.83055019379, 11.3535404205, 19.2278518677, 4.85420036316, -8.27086925507], [-39.1592826843, 15.7209253311, -10.52739048, -42.2693748474, -28.4759922028, -8.65723514557, 0.688743948936, -0.713576734066, -5.14486408234, -10.9546937943, 4.85420036316, 24.5, 9.85206890106], [-3.12653875351, 12.5236635208, 2.50826358795, -29.0965175629, -13.936674118, -0.824681699276, 2.02996587753, 8.65337562561, 0.478820413351, -10.5413036346, -8.27086925507, 9.85206890106, 21.804681778]],
