{
"lowlevel": {
    "average_loudness": 0.918152689934,
    "barkbands_crest": {
        "dmean": 4.50701808929,
        "dmean2": 7.65111398697,
        "dvar": 16.193813324,
        "dvar2": 51.544254303,
        "max": 25.4851284027,
        "mean": 15.4710655212,
        "median": 14.7163667679,
        "min": 4.35480880737,
        "var": 38.5535964966
    },
    "barkbands_flatness_db": {
        "dmean": 0.0367928296328,
        "dmean2": 0.0607775636017,
        "dvar": 0.00116984010674,
        "dvar2": 0.00335740298033,
        "max": 0.318373471498,
        "mean": 0.192564159632,
        "median": 0.203766614199,
        "min": 0.044065721333,
        "var": 0.00577854504809
    },
    "barkbands_kurtosis": {
        "dmean": 16.166633606,
        "dmean2": 28.2528400421,
        "dvar": 536.073242188,
        "dvar2": 1387.79455566,
        "max": 177.01008606,
        "mean": 27.4300460815,
        "median": 13.7637176514,
        "min": -0.663396835327,
        "var": 1427.22509766
    },
    "barkbands_skewness": {
        "dmean": 1.42347347736,
        "dmean2": 2.46154165268,
        "dvar": 1.98998510838,
        "dvar2": 5.76408958435,
        "max": 9.46627998352,
        "mean": 3.26723647118,
        "median": 2.64964365959,
        "min": 0.109688043594,
        "var": 4.5852689743
    },
    "barkbands_spread": {
        "dmean": 11.3509941101,
        "dmean2": 18.8340244293,
        "dvar": 264.825531006,
        "dvar2": 651.686950684,
        "max": 88.4676818848,
        "mean": 22.8381748199,
        "median": 11.9486837387,
        "min": 0.74158680439,
        "var": 608.609680176
    },
    "dissonance": {
        "dmean": 0.0390401780605,
        "dmean2": 0.0650133937597,
        "dvar": 0.00109361752402,
        "dvar2": 0.00291118095629,
        "max": 0.499843925238,
        "mean": 0.417299121618,
        "median": 0.434466689825,
        "min": 0.241191133857,
        "var": 0.00440667336807
    },
    "dynamic_complexity": 12.8220844269,
    "erbbands_crest": {
        "dmean": 3.22922897339,
        "dmean2": 4.90499830246,
        "dvar": 7.75061321259,
        "dvar2": 15.3243217468,
        "max": 30.2293319702,
        "mean": 13.5418300629,
        "median": 11.5635938644,
        "min": 2.75200271606,
        "var": 60.1946640015
    },
    "erbbands_flatness_db": {
        "dmean": 0.0193006265908,
        "dmean2": 0.0218136832118,
        "dvar": 0.000334438460413,
        "dvar2": 0.000348324450897,
        "max": 0.323541551828,
        "mean": 0.159152299166,
        "median": 0.142337799072,
        "min": 0.0239694472402,
        "var": 0.0100980680436
    },
    "erbbands_kurtosis": {
        "dmean": 6.06107854843,
        "dmean2": 8.53940296173,
        "dvar": 77.1919174194,
        "dvar2": 150.830215454,
        "max": 106.510932922,
        "mean": 13.7876033783,
        "median": 4.55757856369,
        "min": -1.74135553837,
        "var": 503.333587646
    },
    "erbbands_skewness": {
        "dmean": 0.679241120815,
        "dmean2": 0.980118989944,
        "dvar": 0.334777802229,
        "dvar2": 0.671229362488,
        "max": 8.78372478485,
        "mean": 2.18868422508,
        "median": 1.43926012516,
        "min": -0.860543489456,
        "var": 3.91711902618
    },
    "erbbands_spread": {
        "dmean": 7.95015621185,
        "dmean2": 10.4142150879,
        "dvar": 106.755142212,
        "dvar2": 174.062042236,
        "max": 120.659492493,
        "mean": 38.3046569824,
        "median": 19.2618465424,
        "min": 2.34646058083,
        "var": 1212.14782715
    },
    "hfc": {
        "dmean": 1.9241284132,
        "dmean2": 2.14316701889,
        "dvar": 22.9135398865,
        "dvar2": 43.8606948853,
        "max": 64.8749084473,
        "mean": 4.74181413651,
        "median": 0.600671470165,
        "min": 0.00641689449549,
        "var": 123.881996155
    },
    "melbands_crest": {
        "dmean": 4.37473583221,
        "dmean2": 7.08331918716,
        "dvar": 17.645690918,
        "dvar2": 49.2189865112,
        "max": 37.1217803955,
        "mean": 18.7215709686,
        "median": 16.6398868561,
        "min": 7.73330831528,
        "var": 51.0320854187
    },
    "melbands_flatness_db": {
        "dmean": 0.0331985317171,
        "dmean2": 0.0507523305714,
        "dvar": 0.000721417192835,
        "dvar2": 0.00130754045676,
        "max": 0.431738227606,
        "mean": 0.278331965208,
        "median": 0.281701743603,
        "min": 0.0879140347242,
        "var": 0.00783804431558
    },
    "melbands_kurtosis": {
        "dmean": 12.7221269608,
        "dmean2": 20.1069965363,
        "dvar": 200.544967651,
        "dvar2": 441.45111084,
        "max": 145.293579102,
        "mean": 26.3994121552,
        "median": 21.3177928925,
        "min": -0.361275911331,
        "var": 553.31237793
    },
    "melbands_skewness": {
        "dmean": 0.922321081161,
        "dmean2": 1.33991348743,
        "dvar": 0.507425487041,
        "dvar2": 1.0046094656,
        "max": 10.5278978348,
        "mean": 2.81271791458,
        "median": 2.5552251339,
        "min": -0.243966028094,
        "var": 4.10671901703
    },
    "melbands_spread": {
        "dmean": 4.08666944504,
        "dmean2": 6.70446586609,
        "dvar": 33.2065048218,
        "dvar2": 71.7685852051,
        "max": 49.4978561401,
        "mean": 9.75058460236,
        "median": 6.48891305923,
        "min": 0.921587765217,
        "var": 83.2671127319
    },
    "pitch_salience": {
        "dmean": 0.12341054529,
        "dmean2": 0.210188344121,
        "dvar": 0.0125053627416,
        "dvar2": 0.0399826355278,
        "max": 0.777552604675,
        "mean": 0.475851625204,
        "median": 0.495693355799,
        "min": 0.133155360818,
        "var": 0.0257310420275
    },
    "silence_rate_20dB": {
        "dmean": 0,
        "dmean2": 0,
        "dvar": 0,
        "dvar2": 0,
        "max": 1,
        "mean": 1,
        "median": 1,
        "min": 1,
        "var": 0
    },
    "silence_rate_30dB": {
        "dmean": 0.0222222227603,
        "dmean2": 0.0449438206851,
        "dvar": 0.0217284411192,
        "dvar2": 0.042923822999,
        "max": 1,
        "mean": 0.956043958664,
        "median": 1,
        "min": 0,
        "var": 0.0420239195228
    },
    "silence_rate_60dB": {
        "dmean": 0.0444444455206,
        "dmean2": 0.0898876413703,
        "dvar": 0.042469125241,
        "dvar2": 0.0818079337478,
        "max": 1,
        "mean": 0.67032968998,
        "median": 1,
        "min": 0,
        "var": 0.220987871289
    },
    "spectral_centroid": {
        "dmean": 181.980255127,
        "dmean2": 268.755645752,
        "dvar": 70631.390625,
        "dvar2": 153668.34375,
        "max": 2355.08129883,
        "mean": 781.966369629,
        "median": 486.703735352,
        "min": 329.505889893,
        "var": 270196.78125
    },
    "spectral_complexity": {
        "dmean": 0.844444453716,
        "dmean2": 1.34831464291,
        "dvar": 0.775802075863,
        "dvar2": 1.73260843754,
        "max": 12,
        "mean": 2.80219769478,
        "median": 2,
        "min": 0,
        "var": 9.32350730896
    },
    "spectral_decrease": {
        "dmean": 1.58542756701e-09,
        "dmean2": 2.11922501769e-09,
        "dvar": 2.08959735909e-17,
        "dvar2": 5.48434146449e-17,
        "max": -3.22398520641e-13,
        "mean": -2.99461899722e-09,
        "median": -2.85170942416e-10,
        "min": -5.17022442637e-08,
        "var": 5.81741235558e-17
    },
    "spectral_energy": {
        "dmean": 0.0061539709568,
        "dmean2": 0.00817380938679,
        "dvar": 0.000312096904963,
        "dvar2": 0.000814372382592,
        "max": 0.201020345092,
        "mean": 0.0117324749008,
        "median": 0.0011232458055,
        "min": 1.79883625151e-06,
        "var": 0.000887139001861
    },
    "spectral_energyband_high": {
        "dmean": 8.28995325719e-06,
        "dmean2": 1.077228535e-05,
        "dvar": 3.06083602908e-10,
        "dvar2": 3.48791301397e-10,
        "max": 0.000218000073801,
        "mean": 2.31550566241e-05,
        "median": 1.17017807497e-05,
        "min": 2.58823519061e-07,
        "var": 1.34395694573e-09
    },
    "spectral_energyband_low": {
        "dmean": 0.000122809477034,
        "dmean2": 0.000205940639717,
        "dvar": 1.48572896208e-08,
        "dvar2": 4.57473525728e-08,
        "max": 0.000877905229572,
        "mean": 0.000196397566469,
        "median": 0.000142093267641,
        "min": 8.00421446456e-07,
        "var": 3.36119043709e-08
    },
    "spectral_energyband_middle_high": {
        "dmean": 0.000139432318974,
        "dmean2": 0.000195525339223,
        "dvar": 2.0722589511e-07,
        "dvar2": 4.88981697799e-07,
        "max": 0.0056131160818,
        "mean": 0.000287171569653,
        "median": 1.096462438e-05,
        "min": 4.58182718432e-08,
        "var": 7.31772388463e-07
    },
    "spectral_energyband_middle_low": {
        "dmean": 0.00605390081182,
        "dmean2": 0.00804181862622,
        "dvar": 0.00031884960481,
        "dvar2": 0.0008545499295,
        "max": 0.197157591581,
        "mean": 0.0110653918236,
        "median": 0.000454668333987,
        "min": 1.34052811518e-07,
        "var": 0.000845644739456
    },
    "spectral_entropy": {
        "dmean": 0.228786528111,
        "dmean2": 0.273721128702,
        "dvar": 0.0418780557811,
        "dvar2": 0.053580891341,
        "max": 8.61773872375,
        "mean": 7.12455272675,
        "median": 7.07507753372,
        "min": 5.36159133911,
        "var": 1.06934869289
    },
    "spectral_flux": {
        "dmean": 0.0158560927957,
        "dmean2": 0.0246988739818,
        "dvar": 0.000792419479694,
        "dvar2": 0.00156604137737,
        "max": 0.316429853439,
        "mean": 0.0379980802536,
        "median": 0.0178077556193,
        "min": 0.00408076867461,
        "var": 0.00324393040501
    },
    "spectral_kurtosis": {
        "dmean": 2.92477440834,
        "dmean2": 4.02675914764,
        "dvar": 14.5280504227,
        "dvar2": 37.08411026,
        "max": 39.5774116516,
        "mean": 10.9981231689,
        "median": 5.91918754578,
        "min": 0.279497146606,
        "var": 91.1242599487
    },
    "spectral_rms": {
        "dmean": 0.000557119667064,
        "dmean2": 0.00069707701914,
        "dvar": 6.9901813049e-07,
        "dvar2": 1.42811177284e-06,
        "max": 0.014004192315,
        "mean": 0.00211544265039,
        "median": 0.00104682834353,
        "min": 4.18922682002e-05,
        "var": 6.97121322446e-06
    },
    "spectral_rolloff": {
        "dmean": 1674.08666992,
        "dmean2": 2687.77905273,
        "dvar": 14939492,
        "dvar2": 35432684,
        "max": 18820.0195312,
        "mean": 1885.4564209,
        "median": 473.73046875,
        "min": 21.533203125,
        "var": 15940526
    },
    "spectral_skewness": {
        "dmean": 0.3276694417,
        "dmean2": 0.428748816252,
        "dvar": 0.10803373903,
        "dvar2": 0.219405397773,
        "max": 5.0680975914,
        "mean": 2.56903386116,
        "median": 2.26305294037,
        "min": 0.873344898224,
        "var": 1.21985304356
    },
    "spectral_spread": {
        "dmean": 690164.9375,
        "dmean2": 862873.1875,
        "dvar": 518252429312,
        "dvar2": 816487268352,
        "max": 13600695,
        "mean": 6878666.5,
        "median": 7708363.5,
        "min": 2219428.25,
        "var": 9.82634725376e+12
    },
    "spectral_strongpeak": {
        "dmean": 0.246742904186,
        "dmean2": 0.392752319574,
        "dvar": 0.211348339915,
        "dvar2": 0.531884074211,
        "max": 3.32370901108,
        "mean": 0.44852373004,
        "median": 0.0217567067593,
        "min": 0,
        "var": 0.617263555527
    },
    "zerocrossingrate": {
        "dmean": 0.028076171875,
        "dmean2": 0.0351946540177,
        "dvar": 0.00121170817874,
        "dvar2": 0.00213844422251,
        "max": 0.3291015625,
        "mean": 0.0877833068371,
        "median": 0.06103515625,
        "min": 0.0126953125,
        "var": 0.00500764930621
    },
    "barkbands": {
        "dmean": [0.000308507384034, 1.88285957847e-05, 2.71163717116e-05, 4.40643416368e-05, 0.00437174877152, 0.00125616672449, 0.000978489872068, 0.000630044436548, 0.000924064661376, 0.000116604191135, 1.58879756782e-05, 9.91829892882e-06, 4.09784570365e-06, 2.52918266597e-06, 2.69172005574e-06, 3.59885552825e-06, 4.18840636485e-06, 2.2465217171e-06, 1.6265580598e-06, 2.08002643376e-06, 1.73476405507e-06, 8.70048268098e-07, 1.67438315657e-06, 1.8904117951e-06, 1.96696714738e-06, 5.59320824323e-07, 1.08216784156e-06],
        "dmean2": [0.000549025775399, 2.9004053431e-05, 4.79900954815e-05, 7.69839170971e-05, 0.00725865084678, 0.00159665523097, 0.00140749139246, 0.000856163387652, 0.00154740945436, 0.00012591513223, 2.36355590459e-05, 1.82583171409e-05, 6.59271790937e-06, 3.96016412196e-06, 3.68630594494e-06, 4.69855422125e-06, 6.35811511529e-06, 2.63684955826e-06, 2.55888335232e-06, 2.65229891738e-06, 2.51423216469e-06, 1.28806243538e-06, 1.80914116754e-06, 3.13020154863e-06, 3.13069176627e-06, 8.22498634534e-07, 1.68527037658e-06],
        "dvar": [2.23835456836e-07, 3.59128199401e-10, 1.472077793e-09, 7.44735384473e-09, 0.000308736984152, 9.23175139178e-06, 9.89363343251e-06, 6.53488541502e-06, 1.02382000478e-05, 1.32510663775e-07, 2.07681649655e-09, 1.17076837114e-09, 9.40895486523e-11, 1.92900972973e-11, 3.70858517507e-11, 8.75780628573e-11, 1.3561987644e-10, 3.60050565751e-11, 1.86199181074e-11, 2.85759783891e-11, 3.03371806842e-11, 4.61739587537e-12, 1.56696843001e-11, 1.86526887686e-11, 1.87372790894e-11, 1.02186098125e-12, 1.0966567281e-12],
        "dvar2": [6.94175582794e-07, 7.44922012963e-10, 4.28390567464e-09, 1.91913791525e-08, 0.000930989917833, 1.416412033e-05, 2.50600405707e-05, 8.3526419985e-06, 2.63813763013e-05, 2.05877142889e-07, 5.69012525986e-09, 3.59033802688e-09, 2.25971824586e-10, 4.8372021666e-11, 6.2459148964e-11, 1.85464046898e-10, 3.25009602564e-10, 5.66778429745e-11, 3.85645612666e-11, 5.11107822732e-11, 7.23966372962e-11, 1.24411965105e-11, 2.09966523335e-11, 4.34675524741e-11, 4.20977350202e-11, 1.85643492766e-12, 2.18269131068e-12],
        "max": [0.00289162062109, 0.000194887252292, 0.000257699604845, 0.000554958707653, 0.148315384984, 0.0327433757484, 0.0347816571593, 0.0247986186296, 0.0279383640736, 0.00493822479621, 0.000431664608186, 0.000296796730254, 8.13885781099e-05, 3.04875229631e-05, 7.90611229604e-05, 0.00010714988457, 0.000104695893242, 7.82689094194e-05, 4.17708688474e-05, 6.45290056127e-05, 6.04449705861e-05, 2.19114372157e-05, 5.22043374076e-05, 3.97676449211e-05, 3.85694002034e-05, 7.83844279795e-06, 1.03452375697e-05],
        "mean": [0.000311107374728, 3.03976084979e-05, 2.89268973575e-05, 5.72567078052e-05, 0.0044937315397, 0.0026471731253, 0.00170419132337, 0.00100610230584, 0.00110503635369, 0.00024165053037, 2.58538930211e-05, 1.45447984323e-05, 7.48024604036e-06, 4.82211180497e-06, 5.1356946642e-06, 6.24126096227e-06, 5.71774353375e-06, 4.208377959e-06, 2.619941597e-06, 3.90508785131e-06, 2.73856016975e-06, 1.48227377395e-06, 2.81135316982e-06, 2.9307236673e-06, 3.22025471178e-06, 1.41791826991e-06, 7.51061270421e-06],
        "median": [0.000142011936987, 1.88431695278e-05, 1.3760191905e-05, 1.78144582605e-05, 1.73222761077e-05, 0.000106945866719, 1.62729793374e-05, 2.42900223384e-05, 1.42014005178e-05, 1.60064030297e-06, 7.20106072549e-07, 1.00477291198e-06, 8.12277278328e-07, 7.90029559994e-07, 6.84978544996e-07, 6.92888420417e-07, 4.91056653118e-07, 6.40403129637e-07, 6.1553936348e-07, 8.90744956905e-07, 7.32967578188e-07, 5.25535313045e-07, 4.84736062845e-07, 7.93321930814e-07, 1.05710068965e-06, 8.28902273042e-07, 7.59720614951e-06],
        "min": [8.69828795658e-07, 3.82709544056e-07, 4.47856507435e-09, 2.54127066057e-08, 3.78819677849e-08, 3.21274065129e-08, 1.10937419251e-08, 1.93400069293e-08, 7.05478431229e-09, 7.5495680818e-09, 2.60320964784e-09, 3.71507580255e-09, 4.19447054867e-09, 1.1246596987e-09, 7.13538117481e-09, 1.92753790706e-09, 3.7487977167e-09, 5.44797762458e-09, 1.79617964946e-09, 1.03190993528e-08, 4.15048662106e-09, 7.43305061945e-09, 1.02173318695e-08, 1.168405106e-08, 1.80236821024e-08, 3.27961195978e-08, 1.95598005348e-07],
        "var": [2.41245999177e-07, 1.19995891001e-09, 1.75829373283e-09, 9.82020065265e-09, 0.000336836732458, 3.89997367165e-05, 3.1493116694e-05, 1.52918091771e-05, 1.4529226064e-05, 6.28915643119e-07, 6.37166941431e-09, 1.317325804e-09, 2.56919541197e-10, 6.37102107182e-11, 1.62037674944e-10, 2.55078236311e-10, 2.71052680301e-10, 1.3380513364e-10, 3.88478416102e-11, 9.75971733985e-11, 5.936203612e-11, 1.09212526175e-11, 6.16720563507e-11, 3.7526575597e-11, 3.64046258416e-11, 2.41428166521e-12, 1.67978727716e-12]
    },
    "erbbands": {
        "dmean": [0.00179224542808, 0.0024888352491, 0.019839387387, 0.114332705736, 2.20091223717, 19.8928871155, 15.5979652405, 12.0338096619, 15.7371559143, 9.22998046875, 17.9270839691, 21.072052002, 3.37416243553, 2.97194695473, 0.488460153341, 0.338787347078, 0.179339453578, 0.107461556792, 0.122896440327, 0.202487677336, 0.219769582152, 0.168792650104, 0.132299035788, 0.0754514709115, 0.0661686807871, 0.120438985527, 0.104922272265, 0.0300837364048, 0.0344242341816, 0.0317723564804, 0.050065908581, 0.0354988314211, 0.033775229007, 0.0207278169692, 0.0150152482092, 0.00416245544329, 0.000741183990613, 0.000339403661201, 0.00014949440083, 2.48772666964e-05],
        "dmean2": [0.00293048890308, 0.00399638758972, 0.0336511544883, 0.205001875758, 3.91458749771, 33.5455207825, 28.4149074554, 16.3963546753, 21.5008811951, 16.5199642181, 26.8997573853, 36.3794212341, 4.98424768448, 5.17698431015, 0.674706399441, 0.571737587452, 0.264458119869, 0.159286990762, 0.204016506672, 0.287684708834, 0.329064488411, 0.256895452738, 0.181796506047, 0.123037166893, 0.099515452981, 0.153859913349, 0.187204644084, 0.0373648181558, 0.052090447396, 0.0334912613034, 0.0546612404287, 0.058632876724, 0.052656982094, 0.0321988463402, 0.0239170137793, 0.00608299952, 0.00110215810128, 0.00052139244508, 0.000250351295108, 3.76553325623e-05],
        "dvar": [3.54917938239e-06, 9.72529142018e-06, 0.000729857478291, 0.0387364290655, 61.0625419617, 7946.48486328, 5139.25878906, 1300.34106445, 2460.86499023, 1025.46960449, 4741.43164062, 5759.89111328, 139.510818481, 138.664978027, 2.00775527954, 1.16450631618, 0.198074296117, 0.0408897250891, 0.0548213161528, 0.297911643982, 0.419106721878, 0.179689615965, 0.141828536987, 0.0578480511904, 0.0201710853726, 0.111860431731, 0.141586601734, 0.00457002222538, 0.0077765439637, 0.00583424419165, 0.0138024026528, 0.0067596337758, 0.00556189566851, 0.00185324577615, 0.00112712022383, 7.64039505157e-05, 1.53030316596e-06, 1.57980849735e-07, 1.83268280551e-08, 5.78094183634e-10],
        "dvar2": [9.32456714509e-06, 2.49251188507e-05, 0.0021367862355, 0.0911065191031, 123.379753113, 23360.4765625, 11757.1210938, 2156.71069336, 5422.03662109, 3071.04882812, 10667.9619141, 16210.3867188, 289.01953125, 343.772644043, 2.92100071907, 3.31280422211, 0.450015932322, 0.0924318283796, 0.132873281837, 0.752156019211, 0.889899849892, 0.385937988758, 0.293660789728, 0.0949645340443, 0.0402665771544, 0.188222005963, 0.381535679102, 0.00464326702058, 0.0199251379818, 0.00709593761712, 0.0209777988493, 0.0138302184641, 0.012403334491, 0.00422060675919, 0.00245765736327, 0.000146486927406, 2.82956102637e-06, 2.80444481859e-07, 3.54523876922e-08, 1.31253585778e-09],
        "max": [0.0155521966517, 0.0233902577311, 0.186867266893, 1.16992938519, 63.2472953796, 717.250915527, 556.881591797, 395.895477295, 608.960266113, 258.05569458, 652.54119873, 645.606079102, 122.64440155, 126.580314636, 17.2603473663, 10.7596035004, 4.52518701553, 1.74810123444, 2.34129357338, 5.96405267715, 6.13150548935, 4.16995763779, 4.59354305267, 2.38732528687, 1.31722867489, 3.93707728386, 3.70087742805, 0.86001598835, 0.829032421112, 1.04408359528, 1.52706885338, 0.762027204037, 0.700346112251, 0.389481216669, 0.301026880741, 0.0752078667283, 0.00862067379057, 0.00414762319997, 0.0011934248032, 0.000361425365554],
        "mean": [0.00268654944375, 0.00352518772706, 0.0234497226775, 0.192332103848, 3.63883781433, 18.2380771637, 22.2259292603, 27.2611865997, 30.5597934723, 13.5114774704, 29.4960956573, 25.0322132111, 6.49835395813, 5.36882734299, 1.15218675137, 0.591124653816, 0.362920790911, 0.24838604033, 0.232869118452, 0.340214788914, 0.376084059477, 0.270994305611, 0.235216706991, 0.162199988961, 0.125946328044, 0.206158563495, 0.157161414623, 0.0686649903655, 0.0550017245114, 0.0620293095708, 0.0789914429188, 0.0581500194967, 0.053126655519, 0.0340606831014, 0.0235081482679, 0.0075903153047, 0.00217596092261, 0.00156359339599, 0.000825817347504, 0.00015946746862],
        "median": [0.00168297917116, 0.00225943466648, 0.0115547925234, 0.0588750131428, 0.0362662635744, 0.0618978217244, 0.44709777832, 1.01885581017, 0.673027694225, 0.455455601215, 0.690555214882, 0.380446791649, 0.0716271847486, 0.0456913225353, 0.0359160080552, 0.0390307232738, 0.0349315069616, 0.0337008014321, 0.0390407666564, 0.03592684865, 0.028809895739, 0.0289255902171, 0.0322653129697, 0.0377155505121, 0.0336228534579, 0.0403369404376, 0.0381045527756, 0.0229337792844, 0.0191062092781, 0.0146797960624, 0.0144057255238, 0.0156579911709, 0.0153963603079, 0.0127430530265, 0.0065473630093, 0.00276957079768, 0.00151316612028, 0.00143909687176, 0.00084391789278, 0.000156735550263],
        "min": [2.4881632271e-05, 4.05470418627e-05, 1.22182946143e-05, 4.90304882987e-05, 0.000144921519677, 0.000107421299617, 8.74932884471e-05, 0.000319426442729, 0.0002635580895, 0.000146414415212, 0.000460052135168, 0.000159316361533, 0.000150532010593, 0.000260354718193, 9.93547801045e-05, 0.000163396369317, 0.000198306908715, 6.38259225525e-05, 0.000346614338923, 0.000186592849786, 0.000149946921738, 0.000189623475308, 0.000263857567916, 0.000160364405019, 0.000242213674937, 0.000504237774294, 0.000206815588172, 0.000167239675648, 0.000205414951779, 0.000310494564474, 0.000280315056443, 0.000166928075487, 0.000254330108874, 0.000212321683648, 0.000131008026074, 8.3579281636e-05, 4.63973701699e-05, 4.75437809655e-05, 2.29404213314e-05, 3.6128251395e-06],
        "var": [8.60032287164e-06, 1.47033360918e-05, 0.000955712108407, 0.077771410346, 122.421157837, 6803.41552734, 7388.27685547, 4767.10839844, 8624.45507812, 1631.61877441, 9655.65820312, 7316.47607422, 445.382049561, 332.610229492, 10.6395702362, 2.00430130959, 0.644850730896, 0.187030017376, 0.195443630219, 0.759723305702, 1.08178973198, 0.516623079777, 0.420428425074, 0.177197381854, 0.0606355182827, 0.326595932245, 0.22013668716, 0.0229085404426, 0.0175203494728, 0.0247169267386, 0.0475916489959, 0.0163747370243, 0.0121666444466, 0.0035980688408, 0.00221213814802, 0.000185985583812, 3.49163201463e-06, 2.78444076685e-07, 2.43487416896e-08, 1.94935689812e-09]
    },
    "gfcc": {
        "mean": [-185.71282959, 66.0735321045, -46.7355537415, -10.3802089691, -60.8789024353, -22.2748832703, -31.8996067047, 1.02870845795, -8.82679653168, 1.23980104923, -4.41502380371, -5.78776264191, -3.9813349247],
        "cov": [[6752.38183594, 2440.53027344, -1626.39318848, -918.413818359, -1233.48999023, -792.026062012, -657.637817383, -245.239501953, -391.079650879, -389.923095703, -353.911132812, -62.9880409241, 207.022476196], [2440.53027344, 1844.77026367, -493.396057129, -742.508056641, -502.446136475, -601.580688477, -245.343185425, -288.250946045, -98.2613296509, -111.750083923, -34.1631507874, 51.7645301819, 73.8657073975], [-1626.39318848, -493.396057129, 628.709838867, 227.915344238, 244.097854614, 156.309326172, 138.194732666, 61.3159790039, 113.300323486, 86.6563873291, 87.0480041504, 11.4166269302, -85.2240600586], [-918.413818359, -742.508056641, 227.915344238, 389.521697998, 252.204360962, 274.919586182, 99.7113265991, 107.940872192, 34.6379623413, 46.3208236694, 15.1951580048, -25.0137691498, -44.689491272], [-1233.48999023, -502.446136475, 244.097854614, 252.204360962, 383.724334717, 227.708786011, 161.264007568, 33.8962593079, 64.6440963745, 104.221199036, 90.2376708984, 9.34702014923, -45.1624107361], [-792.026062012, -601.580688477, 156.309326172, 274.919586182, 227.708786011, 277.807678223, 125.554206848, 93.4719696045, 12.983745575, 20.3234672546, -6.49985599518, -38.7195396423, -37.5011100769], [-657.637817383, -245.343185425, 138.194732666, 99.7113265991, 161.264007568, 125.554206848, 124.061836243, 39.8303833008, 34.2587852478, 20.8274021149, 18.9988746643, -7.85098600388, -25.9663467407], [-245.239501953, -288.250946045, 61.3159790039, 107.940872192, 33.8962593079, 93.4719696045, 39.8303833008, 97.5800094604, 16.6771907806, -11.2315979004, -28.6655158997, -24.514421463, -14.7843122482], [-391.079650879, -98.2613296509, 113.300323486, 34.6379623413, 64.6440963745, 12.983745575, 34.2587852478, 16.6771907806, 55.0252380371, 48.5527877808, 39.6173171997, 13.9502153397, -11.9053506851], [-389.923095703, -111.750083923, 86.6563873291, 46.3208236694, 104.221199036, 20.3234672546, 20.8274021149, -11.2315979004, 48.5527877808, 105.263771057, 84.1013031006, 33.1626968384, -0.753704667091], [-353.911132812, -34.1631507874, 87.0480041504, 15.1951580048, 90.2376708984, -6.49985599518, 18.9988746643, -28.6655158997, 39.6173171997, 84.1013031006, 104.188400269, 50.6536178589, 0.377626687288], [-62.9880409241, 51.7645301819, 11.4166269302, -25.0137691498, 9.34702014923, -38.7195396423, -7.85098600388, -24.514421463, 13.9502153397, 33.1626968384, 50.6536178589, 45.6401023865, 16.7697925568], [207.022476196, 73.8657073975, -85.2240600586, -44.689491272, -45.1624107361, -37.5011100769, -25.9663467407, -14.7843122482, -11.9053506851, -0.753704667091, 0.377626687288, 16.7697925568, 42.6148223877]],
        "icov": [[0.00241482187994, -0.0039089107886, 0.00322563527152, -0.00409496948123, 0.00388062628917, -0.00250648916699, 0.00315135810524, -0.00378836481832, 0.00295887654647, -0.00151269603521, -0.00104864418972, 0.00171563425101, -0.000152378779603], [-0.0039089107886, 0.010666064918, -0.0046739638783, 0.0103325778618, -0.00688829738647, 0.00917093269527, -0.00631917081773, 0.0109032746404, -0.00292128929868, 0.00357342977077, 0.002751552267, -0.00252583320253, 0.00290912971832], [0.00322563527152, -0.0046739638783, 0.00851822085679, -0.00670729810372, 0.00643752841279, -0.00363774294965, 0.00240509794094, -0.00270986137912, -0.00303528294899, 5.40175606147e-05, -0.00287177762948, 0.000537521438673, 0.00554633978754], [-0.00409496948123, 0.0103325778618, -0.00670729810372, 0.0253337807953, -0.0128120444715, -0.00589722534642, 0.00760027440265, 0.00537426862866, -0.00820292998105, 0.0056821606122, 0.00481095258147, -0.00840076990426, 0.00393701856956], [0.00388062628917, -0.00688829738647, 0.00643752841279, -0.0128120444715, 0.0231153275818, -0.00944906659424, -0.00819761864841, 0.00200208160095, 0.00175663921982, -0.0083187725395, -0.00645839981735, 0.00275861681439, 0.00372293661349], [-0.00250648916699, 0.00917093269527, -0.00363774294965, -0.00589722534642, -0.00944906659424, 0.0445642583072, -0.0249235033989, -0.00117703934666, 0.0269747916609, -0.00721138296649, 0.00286041432992, 0.0129285892472, -0.00127592892386], [0.00315135810524, -0.00631917081773, 0.00240509794094, 0.00760027440265, -0.00819761864841, -0.0249235033989, 0.0450086668134, -0.009237986058, -0.0188128668815, 0.0147470533848, -0.00355170574039, -0.00180959608406, -0.00222759018652], [-0.00378836481832, 0.0109032746404, -0.00270986137912, 0.00537426862866, 0.00200208160095, -0.00117703934666, -0.009237986058, 0.0398985333741, -0.0246880631894, 0.00833565182984, 0.00748990057036, -0.00370808620937, 0.00366348400712], [0.00295887654647, -0.00292128929868, -0.00303528294899, -0.00820292998105, 0.00175663921982, 0.0269747916609, -0.0188128668815, -0.0246880631894, 0.0836862847209, -0.0350390858948, 0.00416750600561, 0.00392746040598, 0.00276559824124], [-0.00151269603521, 0.00357342977077, 5.40175606147e-05, 0.0056821606122, -0.0083187725395, -0.00721138296649, 0.0147470533848, 0.00833565182984, -0.0350390858948, 0.0503593347967, -0.0319321230054, 0.0126686543226, -0.00966356042773], [-0.00104864418972, 0.002751552267, -0.00287177762948, 0.00481095258147, -0.00645839981735, 0.00286041432992, -0.00355170574039, 0.00748990057036, 0.00416750600561, -0.0319321230054, 0.0664017796516, -0.0517363138497, 0.0161043126136], [0.00171563425101, -0.00252583320253, 0.000537521438673, -0.00840076990426, 0.00275861681439, 0.0129285892472, -0.00180959608406, -0.00370808620937, 0.00392746040598, 0.0126686543226, -0.0517363138497, 0.0897626578808, -0.0333232544363], [-0.000152378779603, 0.00290912971832, 0.00554633978754, 0.00393701856956, 0.00372293661349, -0.00127592892386, -0.00222759018652, 0.00366348400712, 0.00276559824124, -0.00966356042773, 0.0161043126136, -0.0333232544363, 0.0506931170821]]
    },
    "melbands": {
        "dmean": [2.21680893446e-05, 7.3158221312e-06, 3.34456490236e-05, 0.000751488551032, 0.000757021363825, 0.00024973260588, 0.000221874710405, 9.67651722021e-05, 0.000158733309945, 0.000118437739729, 1.45824933497e-05, 1.45760950545e-05, 1.90645243947e-06, 1.28237866193e-06, 7.19728120657e-07, 2.82010063302e-07, 2.02314808462e-07, 2.22575650355e-07, 2.10941678347e-07, 2.97259077797e-07, 3.09973501089e-07, 1.93157873696e-07, 1.52740341264e-07, 9.615192198e-08, 6.68681323646e-08, 5.88441722016e-08, 5.77692205184e-08, 8.62509068611e-08, 8.8394749298e-08, 2.84648127291e-08, 1.67265863382e-08, 2.29257768325e-08, 1.32120474561e-08, 2.11878870005e-08, 3.05166203418e-08, 2.6065700709e-08, 2.47007641008e-08, 2.71464539736e-08, 1.7282591358e-08, 1.84233748257e-08],
        "dmean2": [3.68481196347e-05, 1.23074214571e-05, 5.0191902119e-05, 0.0011422354728, 0.00138172227889, 0.000335112155881, 0.000298969622236, 0.000162517404533, 0.000280787615338, 0.000195572065422, 2.25874846365e-05, 2.57711453742e-05, 2.94511073662e-06, 2.13193834497e-06, 1.18617481348e-06, 4.20109131483e-07, 3.22891764881e-07, 3.79798819949e-07, 2.91457070034e-07, 4.61450497369e-07, 4.58945379478e-07, 3.19646346725e-07, 2.30229389331e-07, 1.01888460335e-07, 1.12793202334e-07, 8.87541062866e-08, 8.58866187059e-08, 1.12020053677e-07, 1.63087008787e-07, 3.17071062739e-08, 2.39171793481e-08, 3.66636463411e-08, 1.79848260728e-08, 2.25162839484e-08, 3.2927296445e-08, 3.53759865845e-08, 4.25730704023e-08, 4.16449488227e-08, 2.6065725578e-08, 2.82768422011e-08],
        "dvar": [6.69675648268e-10, 1.01103458938e-10, 4.05306543882e-09, 9.77441959549e-06, 1.00701790871e-05, 4.69208117693e-07, 4.66469600724e-07, 1.16457279375e-07, 3.15504195214e-07, 1.69349789303e-07, 3.35506555871e-09, 3.53313200918e-09, 3.31075201976e-11, 2.00421242103e-11, 2.26861563389e-12, 6.57378177501e-13, 1.33264262798e-13, 1.59687882492e-13, 2.64214296058e-13, 7.56956780243e-13, 7.73865672064e-13, 2.82656764748e-13, 2.61947961152e-13, 5.7151440698e-14, 4.65019360095e-14, 2.1076603936e-14, 1.81965191206e-14, 6.32881605196e-14, 9.92963510352e-14, 4.21186370693e-15, 1.36910456303e-15, 4.01620883699e-15, 1.34321203638e-15, 2.788538765e-15, 5.97015375708e-15, 3.1526043254e-15, 3.47577174697e-15, 3.57065764827e-15, 1.30158756681e-15, 1.29883778022e-15],
        "dvar2": [1.98463490086e-09, 2.94712060311e-10, 7.24211490777e-09, 2.64522659563e-05, 2.79456289718e-05, 7.65700349348e-07, 1.05232800252e-06, 2.69948685627e-07, 8.78445348462e-07, 4.60187550289e-07, 6.77260203474e-09, 9.13280207016e-09, 6.77376002511e-11, 5.69015251584e-11, 6.38598722513e-12, 1.44492675203e-12, 3.28590426353e-13, 4.52072407287e-13, 4.64647363554e-13, 2.00954574162e-12, 1.88082513973e-12, 6.81803409303e-13, 6.20519098344e-13, 7.03759018292e-14, 8.84428909774e-14, 4.51328359993e-14, 4.55118290331e-14, 1.0129877758e-13, 2.99443168829e-13, 3.67594553768e-15, 2.75682775727e-15, 1.04377752508e-14, 2.81829439716e-15, 2.86530239639e-15, 8.94224540878e-15, 5.16800974438e-15, 9.17648051188e-15, 8.29607616057e-15, 2.66957976382e-15, 3.09821972798e-15],
        "max": [0.000165707315318, 6.88747531967e-05, 0.000568623654544, 0.0258597880602, 0.0234612096101, 0.00776268262416, 0.0083088632673, 0.00304602645338, 0.00462505314499, 0.00353477988392, 0.000606252346188, 0.000614796939772, 6.45914187771e-05, 4.22167540819e-05, 1.1846614143e-05, 8.80251627677e-06, 2.58580598711e-06, 3.20492495121e-06, 6.59641773382e-06, 8.69942687132e-06, 8.23208665679e-06, 4.16980856244e-06, 5.31950172444e-06, 3.38551899404e-06, 2.04783123081e-06, 1.27822409013e-06, 1.30251669361e-06, 2.92955314762e-06, 2.80214112536e-06, 8.69331984177e-07, 3.95460489244e-07, 5.69648705095e-07, 4.22528074751e-07, 6.81567257743e-07, 9.77963054538e-07, 6.66377957259e-07, 4.96854227094e-07, 5.55361452825e-07, 3.39849663078e-07, 3.11376908257e-07],
        "mean": [3.11459043587e-05, 9.14307747735e-06, 6.29222849966e-05, 0.000789152225479, 0.000853048404679, 0.00056503113592, 0.000422195007559, 0.000150556210428, 0.000262299814494, 0.000133702662424, 2.99511375488e-05, 2.48701744567e-05, 3.59643286174e-06, 1.85181727375e-06, 1.20160893857e-06, 6.10232632425e-07, 4.33771560893e-07, 3.58381413434e-07, 4.25557487915e-07, 4.4413459932e-07, 4.68578178925e-07, 3.0568938314e-07, 2.19558899062e-07, 1.99617574026e-07, 1.24913015043e-07, 9.12990429924e-08, 1.01205593239e-07, 1.4478153787e-07, 1.10875888026e-07, 5.73913538915e-08, 3.2651065851e-08, 3.29684191058e-08, 2.58793342311e-08, 3.97341182179e-08, 4.74754138224e-08, 4.13436254121e-08, 3.35099414883e-08, 3.98902244569e-08, 3.06919538673e-08, 2.7852708584e-08],
        "median": [2.01654984266e-05, 4.61316449218e-06, 1.00906891021e-05, 3.12600536745e-06, 1.22132405522e-05, 2.41000470851e-05, 8.6961681518e-06, 4.98552481076e-06, 6.37393986835e-06, 1.78532968675e-06, 3.4543069205e-07, 1.84540951409e-07, 1.01201088398e-07, 1.20232343193e-07, 9.5658350574e-08, 5.12164959332e-08, 6.64710952947e-08, 6.02357062007e-08, 5.04449886307e-08, 4.33709317349e-08, 2.99986560037e-08, 2.88262462789e-08, 3.04441840626e-08, 2.92559398929e-08, 2.95495770075e-08, 2.22485851964e-08, 3.14780344013e-08, 2.37442012718e-08, 2.53776750725e-08, 1.53790793433e-08, 1.16853131615e-08, 1.00811536896e-08, 8.63166071952e-09, 7.72252306547e-09, 8.06891709004e-09, 8.74928307582e-09, 9.91903625902e-09, 1.03515738203e-08, 1.03478132729e-08, 1.02526689361e-08],
        "min": [2.05793867281e-07, 2.02622807421e-08, 1.13255591572e-08, 1.02267758706e-08, 2.92029556093e-09, 7.06348934898e-09, 3.55019391662e-09, 2.06270822645e-09, 3.6101974743e-09, 8.30460089585e-10, 7.64766805439e-10, 1.110000869e-09, 3.03069597196e-10, 3.31947080934e-10, 6.24335250166e-10, 2.85054535532e-10, 7.38517996757e-11, 5.14753073499e-10, 4.27752833154e-10, 1.45303477583e-10, 1.90161691949e-10, 2.12202130867e-10, 2.17349346854e-10, 2.46410392091e-10, 1.14594556067e-10, 7.84436751666e-11, 3.45654033174e-10, 3.22617543791e-10, 1.17989049087e-10, 1.23571264332e-10, 9.74425679034e-11, 1.23943494357e-10, 1.33120195422e-10, 1.94065236103e-10, 1.79260092881e-10, 1.35596020523e-10, 7.57866686074e-11, 1.6295492733e-10, 1.80955472828e-10, 1.85144691245e-10],
        "var": [1.16599518929e-09, 1.36926581185e-10, 1.48339518447e-08, 9.85276983556e-06, 1.2006336874e-05, 1.88915453236e-06, 1.6519094288e-06, 2.45613563266e-07, 6.34770344732e-07, 2.15844437434e-07, 1.02767048205e-08, 7.33566052347e-09, 1.18900722601e-10, 2.55220601597e-11, 5.59901213934e-12, 2.15100008118e-12, 5.29682309298e-13, 4.03428158935e-13, 1.17510168263e-12, 1.32771755829e-12, 1.80809501486e-12, 6.66457828594e-13, 4.57613222489e-13, 2.88711979671e-13, 1.11150556803e-13, 4.3036073701e-14, 4.29414770615e-14, 1.82855331354e-13, 1.1866561607e-13, 1.98537102828e-14, 4.65762326575e-15, 7.39738521496e-15, 3.32410795667e-15, 1.19329230809e-14, 1.9216910913e-14, 1.06761836852e-14, 5.16122416344e-15, 7.50330075578e-15, 3.14423881625e-15, 2.25943772867e-15]
    },
    "mfcc": {
        "mean": [-860.669799805, 133.864028931, 45.288230896, 15.2657394409, -4.19828224182, -17.6295871735, -10.3138208389, -9.64493942261, -2.16146659851, 4.6591835022, 0.927425026894, 3.67862939835, 2.03910636902],
        "cov": [[7550.57128906, 2189.8581543, -994.552856445, -622.092407227, -989.204589844, -912.147644043, -767.129760742, -367.685974121, -264.462341309, -367.38671875, -680.539306641, -317.87600708, -322.212890625], [2189.8581543, 1881.18859863, -249.584487915, -280.322692871, -498.660888672, -410.143432617, -410.328521729, -305.317871094, -245.517227173, -204.538955688, -197.697616577, -60.7590370178, -55.3108291626], [-994.552856445, -249.584487915, 379.602081299, 99.8808288574, 107.834403992, 59.0435447693, 50.2389984131, 63.770401001, 22.0569858551, 55.1384277344, 82.4797668457, 14.6853837967, 23.015914917], [-622.092407227, -280.322692871, 99.8808288574, 121.354782104, 137.215301514, 106.92099762, 78.1449737549, 39.613155365, 23.7556343079, 37.3581771851, 67.5685958862, 36.8022613525, 35.6185913086], [-989.204589844, -498.660888672, 107.834403992, 137.215301514, 234.655532837, 193.308868408, 163.557601929, 76.7792282104, 55.880191803, 69.3678588867, 110.715194702, 51.4375648499, 39.363407135], [-912.147644043, -410.143432617, 59.0435447693, 106.92099762, 193.308868408, 230.505508423, 177.741607666, 71.8371887207, 54.5035629272, 63.004650116, 97.4261703491, 42.6270523071, 44.8048820496], [-767.129760742, -410.328521729, 50.2389984131, 78.1449737549, 163.557601929, 177.741607666, 183.600448608, 100.88835907, 68.923500061, 68.0259094238, 81.3017883301, 23.6032276154, 31.6161651611], [-367.685974121, -305.317871094, 63.770401001, 39.613155365, 76.7792282104, 71.8371887207, 100.88835907, 127.981658936, 73.6197662354, 50.7582969666, 21.0695304871, -13.8396167755, -1.19491291046], [-264.462341309, -245.517227173, 22.0569858551, 23.7556343079, 55.880191803, 54.5035629272, 68.923500061, 73.6197662354, 83.7452926636, 48.1129112244, 17.5853805542, -5.38340806961, -2.76816439629], [-367.38671875, -204.538955688, 55.1384277344, 37.3581771851, 69.3678588867, 63.004650116, 68.0259094238, 50.7582969666, 48.1129112244, 54.6071624756, 40.9182090759, 11.9762353897, 13.8207950592], [-680.539306641, -197.697616577, 82.4797668457, 67.5685958862, 110.715194702, 97.4261703491, 81.3017883301, 21.0695304871, 17.5853805542, 40.9182090759, 104.11139679, 49.2708206177, 37.7642745972], [-317.87600708, -60.7590370178, 14.6853837967, 36.8022613525, 51.4375648499, 42.6270523071, 23.6032276154, -13.8396167755, -5.38340806961, 11.9762353897, 49.2708206177, 50.3414916992, 29.954372406], [-322.212890625, -55.3108291626, 23.015914917, 35.6185913086, 39.363407135, 44.8048820496, 31.6161651611, -1.19491291046, -2.76816439629, 13.8207950592, 37.7642745972, 29.954372406, 50.0505142212]],
