{
"lowlevel": {
    "average_loudness": 0.980055868626,
    "barkbands_crest": {
        "dmean": 0.804950118065,
        "dmean2": 1.24847984314,
        "dvar": 0.400116294622,
        "dvar2": 0.919545292854,
        "max": 11.8458585739,
        "mean": 8.48670578003,
        "median": 8.44140148163,
        "min": 6.28215837479,
        "var": 0.687714338303
    },
    "barkbands_flatness_db": {
        "dmean": 0.00637283129618,
        "dmean2": 0.00977121666074,
        "dvar": 2.75184684142e-05,
        "dvar2": 5.22090085724e-05,
        "max": 0.225623175502,
        "mean": 0.201705053449,
        "median": 0.202443212271,
        "min": 0.133746653795,
        "var": 0.000119753880426
    },
    "barkbands_kurtosis": {
        "dmean": 0.933089852333,
        "dmean2": 1.22362053394,
        "dvar": 0.43731546402,
        "dvar2": 0.874599814415,
        "max": 10.8861045837,
        "mean": 5.44726467133,
        "median": 5.42181015015,
        "min": 1.48346185684,
        "var": 2.21736717224
    },
    "barkbands_skewness": {
        "dmean": 0.168887645006,
        "dmean2": 0.226167395711,
        "dvar": 0.0150036215782,
        "dvar2": 0.0281445924193,
        "max": 2.63367819786,
        "mean": 1.7532838583,
        "median": 1.74972701073,
        "min": 0.801580667496,
        "var": 0.105231031775
    },
    "barkbands_spread": {
        "dmean": 0.839396357536,
        "dmean2": 1.14717280865,
        "dvar": 0.400184035301,
        "dvar2": 0.817907094955,
        "max": 19.1662082672,
        "mean": 9.5873260498,
        "median": 9.31753158569,
        "min": 7.27301263809,
        "var": 2.45203280449
    },
    "dissonance": {
        "dmean": 0.0266858134419,
        "dmean2": 0.0461840033531,
        "dvar": 0.000539251894224,
        "dvar2": 0.00142089661676,
        "max": 0.491796582937,
        "mean": 0.421004384756,
        "median": 0.41373693943,
        "min": 0.355432033539,
        "var": 0.000711467466317
    },
    "dynamic_complexity": 0.516603291035,
    "erbbands_crest": {
        "dmean": 1.01594805717,
        "dmean2": 1.31798708439,
        "dvar": 0.668046116829,
        "dvar2": 1.10358643532,
        "max": 26.5169086456,
        "mean": 20.6542701721,
        "median": 20.8354320526,
        "min": 7.18919849396,
        "var": 6.76445960999
    },
    "erbbands_flatness_db": {
        "dmean": 0.00425341259688,
        "dmean2": 0.00625985814258,
        "dvar": 1.7721504264e-05,
        "dvar2": 2.97736241919e-05,
        "max": 0.244695022702,
        "mean": 0.210059896111,
        "median": 0.208639353514,
        "min": 0.129227742553,
        "var": 0.000199315516511
    },
    "erbbands_kurtosis": {
        "dmean": 0.398263186216,
        "dmean2": 0.553298711777,
        "dvar": 0.0975084602833,
        "dvar2": 0.157600820065,
        "max": 4.99791622162,
        "mean": 1.65055930614,
        "median": 1.66937112808,
        "min": -1.48236215115,
        "var": 0.90214073658
    },
    "erbbands_skewness": {
        "dmean": 0.0844161584973,
        "dmean2": 0.123148515821,
        "dvar": 0.0041796923615,
        "dvar2": 0.00925700925291,
        "max": 1.1597430706,
        "mean": 0.868158280849,
        "median": 0.886120080948,
        "min": 0.0801217406988,
        "var": 0.0194683987647
    },
    "erbbands_spread": {
        "dmean": 2.35952591896,
        "dmean2": 3.40331840515,
        "dvar": 4.16913175583,
        "dvar2": 8.81662559509,
        "max": 73.048210144,
        "mean": 25.6916561127,
        "median": 24.300655365,
        "min": 13.6467027664,
        "var": 52.9461517334
    },
    "hfc": {
        "dmean": 0.924780726433,
        "dmean2": 1.35622084141,
        "dvar": 1.57615172863,
        "dvar2": 1.85010409355,
        "max": 35.089389801,
        "mean": 19.6997909546,
        "median": 18.46941185,
        "min": 0.453633844852,
        "var": 16.1075668335
    },
    "melbands_crest": {
        "dmean": 1.04200851917,
        "dmean2": 1.66543066502,
        "dvar": 0.697187006474,
        "dvar2": 1.79575610161,
        "max": 18.7598285675,
        "mean": 16.2849636078,
        "median": 16.3110218048,
        "min": 11.9699859619,
        "var": 1.15458655357
    },
    "melbands_flatness_db": {
        "dmean": 0.00658951885998,
        "dmean2": 0.00983875337988,
        "dvar": 3.25255641656e-05,
        "dvar2": 7.01088210917e-05,
        "max": 0.339804798365,
        "mean": 0.316370278597,
        "median": 0.317565619946,
        "min": 0.238200128078,
        "var": 0.000111013709102
    },
    "melbands_kurtosis": {
        "dmean": 1.63921177387,
        "dmean2": 2.09186673164,
        "dvar": 1.59236061573,
        "dvar2": 3.16743850708,
        "max": 25.1320476532,
        "mean": 8.6566028595,
        "median": 8.05242347717,
        "min": 1.63418102264,
        "var": 13.7924041748
    },
    "melbands_skewness": {
        "dmean": 0.216824755073,
        "dmean2": 0.269384562969,
        "dvar": 0.0231163669378,
        "dvar2": 0.0460309609771,
        "max": 4.48675203323,
        "mean": 2.30668783188,
        "median": 2.28560066223,
        "min": 1.08354699612,
        "var": 0.25723606348
    },
    "melbands_spread": {
        "dmean": 0.911135613918,
        "dmean2": 1.13637363911,
        "dvar": 0.426201969385,
        "dvar2": 0.789333105087,
        "max": 16.6960353851,
        "mean": 10.0431947708,
        "median": 9.79338169098,
        "min": 7.19043827057,
        "var": 2.22652888298
    },
    "pitch_salience": {
        "dmean": 0.0218409430236,
        "dmean2": 0.0331420749426,
        "dvar": 0.000609245151281,
        "dvar2": 0.00100912875496,
        "max": 0.805387496948,
        "mean": 0.415312945843,
        "median": 0.411581426859,
        "min": 0.355802714825,
        "var": 0.00118019443471
    },
    "silence_rate_20dB": {
        "dmean": 0,
        "dmean2": 0,
        "dvar": 0,
        "dvar2": 0,
        "max": 1,
        "mean": 1,
        "median": 1,
        "min": 1,
        "var": 0
    },
    "silence_rate_30dB": {
        "dmean": 0,
        "dmean2": 0,
        "dvar": 0,
        "dvar2": 0,
        "max": 1,
        "mean": 1,
        "median": 1,
        "min": 1,
        "var": 0
    },
    "silence_rate_60dB": {
        "dmean": 0,
        "dmean2": 0,
        "dvar": 0,
        "dvar2": 0,
        "max": 0,
        "mean": 0,
        "median": 0,
        "min": 0,
        "var": 0
    },
    "spectral_centroid": {
        "dmean": 49.7890739441,
        "dmean2": 70.0534362793,
        "dvar": 1598.89794922,
        "dvar2": 3552.03198242,
        "max": 1275.74304199,
        "mean": 628.091491699,
        "median": 610.206726074,
        "min": 477.611206055,
        "var": 10907.3095703
    },
    "spectral_complexity": {
        "dmean": 1.62121212482,
        "dmean2": 2.55623102188,
        "dvar": 1.81106591225,
        "dvar2": 4.07663106918,
        "max": 19,
        "mean": 10.637462616,
        "median": 10,
        "min": 1,
        "var": 3.82627224922
    },
    "spectral_decrease": {
        "dmean": 1.0498304448e-09,
        "dmean2": 1.39987432757e-09,
        "dvar": 8.25928674696e-19,
        "dvar2": 1.31872617752e-18,
        "max": -2.32340771622e-10,
        "mean": -1.38410927164e-08,
        "median": -1.34901156912e-08,
        "min": -2.04712780061e-08,
        "var": 4.29747501104e-18
    },
    "spectral_energy": {
        "dmean": 0.0040205786936,
        "dmean2": 0.00536805344746,
        "dvar": 1.24111247715e-05,
        "dvar2": 1.95865213755e-05,
        "max": 0.0804458931088,
        "mean": 0.0540263131261,
        "median": 0.0526310727,
        "min": 0.000918054603972,
        "var": 6.62964012008e-05
    },
    "spectral_energyband_high": {
        "dmean": 7.40019604564e-05,
        "dmean2": 0.000112495239591,
        "dvar": 6.1520810668e-09,
        "dvar2": 1.19324505832e-08,
        "max": 0.00116063305177,
        "mean": 0.000267116178293,
        "median": 0.000231200014241,
        "min": 3.7280824472e-05,
        "var": 1.84270803061e-08
    },
    "spectral_energyband_low": {
        "dmean": 0.00240175658837,
        "dmean2": 0.00375358853489,
        "dvar": 3.6216351873e-06,
        "dvar2": 8.46287457534e-06,
        "max": 0.0181891284883,
        "mean": 0.0101589700207,
        "median": 0.0100935827941,
        "min": 0.000349657406332,
        "var": 4.87250326842e-06
    },
    "spectral_energyband_middle_high": {
        "dmean": 0.000228289194638,
        "dmean2": 0.000337373814546,
        "dvar": 4.83536268803e-08,
        "dvar2": 9.78679537411e-08,
        "max": 0.00417743856087,
        "mean": 0.00141337933019,
        "median": 0.00129258062225,
        "min": 4.97747350892e-05,
        "var": 2.18480295189e-07
    },
    "spectral_energyband_middle_low": {
        "dmean": 0.00356514635496,
        "dmean2": 0.00438159331679,
        "dvar": 8.25707320473e-06,
        "dvar2": 1.29348109112e-05,
        "max": 0.0693715363741,
        "mean": 0.0434116087854,
        "median": 0.0425087958574,
        "min": 0.000573842902668,
        "var": 6.25470784144e-05
    },
    "spectral_entropy": {
        "dmean": 0.0587834566832,
        "dmean2": 0.0874714627862,
        "dvar": 0.00368529441766,
        "dvar2": 0.00445918552577,
        "max": 8.25649833679,
        "mean": 6.91497182846,
        "median": 6.9106798172,
        "min": 6.65026807785,
        "var": 0.0143196880817
    },
    "spectral_flux": {
        "dmean": 0.00906218308955,
        "dmean2": 0.01475860551,
        "dvar": 0.000112007612188,
        "dvar2": 0.000170470419107,
        "max": 0.20220836997,
        "mean": 0.042681183666,
        "median": 0.0407581478357,
        "min": 0.0244205482304,
        "var": 0.000217173874262
    },
    "spectral_kurtosis": {
        "dmean": 1.90893530846,
        "dmean2": 3.62359976768,
        "dvar": 1.75768065453,
        "dvar2": 5.4316444397,
        "max": 13.9657478333,
        "mean": 6.67990589142,
        "median": 6.46380138397,
        "min": 3.36805534363,
        "var": 2.226739645
    },
    "spectral_rms": {
        "dmean": 0.000278884457657,
        "dmean2": 0.000369085406419,
        "dvar": 1.16056938282e-07,
        "dvar2": 1.42093739441e-07,
        "max": 0.00885910820216,
        "mean": 0.0072348699905,
        "median": 0.00716570951045,
        "min": 0.000946394749917,
        "var": 3.65226526355e-07
    },
    "spectral_rolloff": {
        "dmean": 2.67533731461,
        "dmean2": 4.90878486633,
        "dvar": 272.45489502,
        "dvar2": 760.916137695,
        "max": 710.595703125,
        "mean": 687.761413574,
        "median": 689.0625,
        "min": 516.796875,
        "var": 160.804870605
    },
    "spectral_skewness": {
        "dmean": 0.205204248428,
        "dmean2": 0.381277084351,
        "dvar": 0.0291836876422,
        "dvar2": 0.0830336436629,
        "max": 2.96495938301,
        "mean": 1.59340405464,
        "median": 1.58530795574,
        "min": 1.00229048729,
        "var": 0.0415719076991
    },
    "spectral_spread": {
        "dmean": 174410.421875,
        "dmean2": 256651.984375,
        "dvar": 593993596928,
        "dvar2": 324494360576,
        "max": 21287122,
        "mean": 3544682,
        "median": 3484019.5,
        "min": 2876373,
        "var": 1.02968583782e+12
    },
    "spectral_strongpeak": {
        "dmean": 0.133027553558,
        "dmean2": 0.230835750699,
        "dvar": 0.234172359109,
        "dvar2": 0.531075179577,
        "max": 4.67948675156,
        "mean": 1.28938853741,
        "median": 1.22441625595,
        "min": 0.0163404941559,
        "var": 0.224192366004
    },
    "zerocrossingrate": {
        "dmean": 0.00265299482271,
        "dmean2": 0.00380829698406,
        "dvar": 4.79079426441e-06,
        "dvar2": 8.40534721647e-06,
        "max": 0.03564453125,
        "mean": 0.0226305816323,
        "median": 0.02197265625,
        "min": 0.0068359375,
        "var": 1.47899036165e-05
    },
    "barkbands": {
        "dmean": [0.000467166217277, 0.00157200114336, 0.000833209429402, 0.00153614208102, 0.00309337163344, 6.4283995016e-05, 6.15149983787e-05, 0.000434297457105, 0.000643476494588, 1.94179319806e-05, 2.34735998674e-05, 2.08520486922e-05, 4.93990301038e-05, 0.000175547756953, 1.04922410173e-05, 7.86378313933e-06, 3.55265074177e-05, 9.64942446444e-05, 3.28426176566e-05, 2.64926893578e-05, 6.49931389489e-05, 1.70165424151e-06, 9.23700554267e-07, 3.00642284401e-07, 3.20602140391e-07, 4.22671348588e-07, 2.04838624995e-06],
        "dmean2": [0.000701714365277, 0.00253537390381, 0.00123430648819, 0.00226533599198, 0.00333143468015, 0.000103930004116, 9.92841960397e-05, 0.000814369355794, 0.000692896253895, 3.02665139316e-05, 3.59109180863e-05, 2.95792415272e-05, 7.00210366631e-05, 0.000275005673757, 1.8251430447e-05, 1.28923411467e-05, 5.49884680368e-05, 0.000148558727233, 5.51880912099e-05, 4.40923395217e-05, 9.86903323792e-05, 2.87231091534e-06, 1.52091683958e-06, 5.08020434609e-07, 5.35035098892e-07, 7.28563747998e-07, 3.34065521201e-06],
        "dvar": [1.27425920482e-07, 1.31637239065e-06, 6.06795481417e-07, 2.1349205781e-06, 3.44167369803e-06, 3.86177667622e-09, 2.68836464201e-09, 1.16017247365e-07, 7.28954205442e-07, 8.4585666249e-10, 4.04709071811e-10, 3.3813554734e-10, 1.90568316683e-09, 2.9532106538e-08, 7.22999438096e-11, 5.54585335988e-11, 2.55768117796e-09, 1.15294325198e-08, 9.87908865824e-10, 4.89282114824e-10, 5.33638733202e-09, 3.37244034782e-12, 8.09471034039e-13, 8.61793749969e-14, 1.19061648019e-13, 1.18182631108e-13, 3.10407862608e-12],
        "dvar2": [2.8217812087e-07, 3.28785677084e-06, 1.50140874666e-06, 3.97652684114e-06, 5.80576443099e-06, 1.11922275892e-08, 6.61184751394e-09, 3.54725131047e-07, 7.99402698703e-07, 1.22846377515e-09, 9.57864232376e-10, 7.65842056438e-10, 3.56625795561e-09, 6.79725786767e-08, 1.97391950008e-10, 1.49316781162e-10, 6.5926824e-09, 2.29011796193e-08, 2.33760677482e-09, 1.33290833926e-09, 1.1120358856e-08, 9.04551954173e-12, 2.1585890627e-12, 2.15984456882e-13, 2.61593616777e-13, 3.10115485808e-13, 7.6536251295e-12],
        "max": [0.00339440885, 0.00860785786062, 0.00657116807997, 0.0235840491951, 0.0241803564131, 0.000730480533093, 0.000434403977124, 0.00185891473666, 0.0258015058935, 0.000460810493678, 0.000187214900507, 0.000150952982949, 0.000443848461146, 0.00221979897469, 0.000109753622382, 9.50585745159e-05, 0.00104831776116, 0.00135705550201, 0.000402694189688, 0.000247040647082, 0.000993773690425, 2.53918769886e-05, 1.39262601806e-05, 4.0094846554e-06, 4.1937696551e-06, 4.12821145801e-06, 2.62310331891e-05],
        "mean": [0.00217579700984, 0.00426467088982, 0.00248708529398, 0.0154232075438, 0.014835187234, 0.000239619228523, 9.27675282583e-05, 0.000668399035931, 0.0121428528801, 4.38413153461e-05, 5.28408854734e-05, 5.67370261706e-05, 0.000140118077979, 0.000503339921124, 2.68374406005e-05, 2.81234624708e-05, 0.000122667086544, 0.000222168149776, 0.000162983284099, 0.000121194847452, 0.000170206825715, 7.06541914042e-06, 4.00037470172e-06, 1.48644380715e-06, 1.51909478063e-06, 2.58314889834e-06, 1.87021505553e-05],
        "median": [0.00214806431904, 0.00418579438701, 0.00238446542062, 0.0152942612767, 0.0146670285612, 0.000232980120927, 7.90935300756e-05, 0.000589962583035, 0.0110354498029, 3.77984724764e-05, 4.62915777462e-05, 5.34137616341e-05, 0.000131535955006, 0.000417188013671, 2.52724457823e-05, 2.66268543783e-05, 9.34497948037e-05, 0.00018130330136, 0.000157388625666, 0.000116022885777, 0.0001348273654, 6.65335392114e-06, 3.79877019441e-06, 1.44241892031e-06, 1.45646640703e-06, 2.55968393503e-06, 1.8836452e-05],
        "min": [2.86369613605e-05, 8.65372130647e-05, 8.88810900506e-05, 0.000212571088923, 0.000269570096862, 2.77118979284e-05, 4.96104939884e-06, 6.82853351464e-06, 4.78506881336e-05, 4.66647543362e-06, 4.70521808893e-06, 4.60717018314e-07, 7.44072622183e-06, 8.93574269867e-06, 6.49693731702e-07, 8.65248637183e-07, 7.19155104889e-06, 5.65165055377e-06, 4.88113528263e-06, 7.43334703657e-06, 2.97205860988e-05, 4.31190585459e-07, 5.15536612511e-07, 2.60831313881e-07, 2.59155626736e-07, 1.41297320511e-07, 7.41434689644e-07],
        "var": [2.14531979736e-07, 1.67606162904e-06, 8.61337809965e-07, 4.89956983074e-06, 1.46747306644e-05, 6.32877439344e-09, 3.51349416228e-09, 1.18559945861e-07, 1.99780206458e-05, 1.16338616518e-09, 8.84078421581e-10, 6.66874999666e-10, 4.21094759062e-09, 1.04480115226e-07, 1.15369609699e-10, 1.04192474093e-10, 1.16432614661e-08, 2.8741037994e-08, 1.46406686774e-09, 8.19875278779e-10, 1.53167931671e-08, 4.98465374879e-12, 1.56105109308e-12, 1.53951965108e-13, 1.76997563199e-13, 1.80356069164e-13, 4.67760986195e-12]
    },
    "erbbands": {
        "dmean": [0.0997069999576, 0.173761501908, 0.885973036289, 2.46063685417, 12.5005931854, 6.01291561127, 1.65853071213, 0.312805145979, 0.333975315094, 6.98426675797, 4.33098936081, 18.2356338501, 3.86784291267, 0.980449438095, 1.1012378931, 0.658348083496, 2.52374458313, 8.29462432861, 2.81575465202, 0.55722284317, 0.58104878664, 2.65293073654, 4.2221121788, 1.41349983215, 1.42671883106, 1.20289242268, 4.20860767365, 0.388157099485, 0.0717279389501, 0.0435501784086, 0.0232143122703, 0.00750239053741, 0.00625961273909, 0.00455488963053, 0.00187277211808, 0.00130102480762, 0.00104963057674, 0.000685818609782, 0.000313241092954, 4.7114368499e-05],
        "dmean2": [0.16093108058, 0.272716224194, 1.30127644539, 3.50309157372, 15.1883773804, 6.15039587021, 2.32350850105, 0.526764988899, 0.55683362484, 12.5475206375, 8.01816177368, 20.0040416718, 4.00973701477, 1.49794304371, 1.41695356369, 0.877024710178, 3.37709569931, 13.0210046768, 4.41142940521, 0.919929862022, 0.933656990528, 4.13878822327, 6.51709413528, 2.44721150398, 2.23848938942, 1.97492146492, 6.31416654587, 0.586415469646, 0.121247030795, 0.0720001086593, 0.0383773781359, 0.0124570531771, 0.0108583718538, 0.00776193803176, 0.00317672058009, 0.00225214427337, 0.00178019632585, 0.00116039800923, 0.000530045013875, 7.86467353464e-05],
        "dvar": [0.00493161240593, 0.0196739695966, 0.607131481171, 4.56678342819, 77.7974014282, 12.0441122055, 1.62626051903, 0.116618797183, 0.0996642261744, 35.9806175232, 10.9773330688, 734.847351074, 11.6247396469, 1.06222593784, 0.735292255878, 0.281848490238, 5.02159070969, 84.727973938, 4.92726135254, 0.246151924133, 0.368965178728, 12.9809293747, 22.0516548157, 1.89211833477, 1.58405685425, 1.16159462929, 20.2701225281, 0.161827400327, 0.00555457640439, 0.00233761174604, 0.000473599327961, 5.89893279539e-05, 2.95262070722e-05, 2.4083059543e-05, 2.77184130937e-06, 1.53639189193e-06, 6.36271920484e-07, 2.47503180617e-07, 5.75824152804e-08, 1.60946089789e-09],
        "dvar2": [0.0121433008462, 0.0491433478892, 1.41719305515, 8.7145280838, 132.686569214, 15.5058135986, 3.22894525528, 0.342263251543, 0.220035001636, 103.597747803, 31.7636222839, 801.781555176, 13.7323627472, 2.48732447624, 1.63485002518, 0.524683833122, 8.37328338623, 187.818466187, 12.1482791901, 0.602694451809, 0.970994114876, 30.6210098267, 43.8460998535, 5.06089258194, 3.86396384239, 2.80355978012, 42.1407699585, 0.290161311626, 0.0138705391437, 0.00609510857612, 0.00119180534966, 0.000151935193571, 6.87676511006e-05, 5.24244642293e-05, 7.48686943552e-06, 4.0830313992e-06, 1.75004640823e-06, 7.16140732493e-07, 1.51858927211e-07, 3.69614783224e-09],
        "max": [0.498291105032, 1.16154158115, 6.2385020256, 31.0109272003, 144.936355591, 32.343460083, 11.5012340546, 3.89245915413, 3.80355811119, 30.1680660248, 45.2194252014, 793.346740723, 118.574554443, 12.6305589676, 7.25850152969, 5.92346477509, 23.3928623199, 112.570487976, 28.11693573, 4.72735643387, 12.0203447342, 69.8336029053, 62.2618713379, 16.9687995911, 17.2263679504, 13.7132196426, 63.7658042908, 6.46145248413, 1.12546217442, 0.699155330658, 0.344548583031, 0.0999503433704, 0.0739964768291, 0.0564133673906, 0.0215309523046, 0.0174974296242, 0.00784651841968, 0.00597209157422, 0.00284695299342, 0.000573094410356],
        "mean": [0.273955076933, 0.426596105099, 2.92055678368, 19.2800483704, 96.3395614624, 17.1046085358, 5.36609125137, 0.932477891445, 0.735952079296, 10.0567045212, 23.5532455444, 376.550598145, 54.80626297, 3.60260772705, 2.69561505318, 2.49761199951, 7.71083116531, 22.1988964081, 9.05207443237, 1.84304487705, 2.27493596077, 9.52401065826, 10.4986810684, 6.90843248367, 6.93287086487, 6.05045080185, 11.4380750656, 1.52922463417, 0.310698211193, 0.188136711717, 0.0992806851864, 0.0340678691864, 0.0270103048533, 0.0177046880126, 0.0100753717124, 0.00659993756562, 0.00521550420672, 0.00401691487059, 0.0021209968254, 0.00042123804451],
        "median": [0.267543047667, 0.402804106474, 2.81979036331, 19.0810813904, 96.1145782471, 16.3784694672, 5.20697116852, 0.813465774059, 0.655681848526, 8.57308006287, 22.3444786072, 343.12020874, 49.8374061584, 3.32371282578, 2.32176017761, 2.39547681808, 7.24014091492, 16.3774776459, 8.43557739258, 1.67715871334, 1.92247545719, 7.30994749069, 8.61850357056, 6.76047229767, 6.6558599472, 5.76863002777, 9.36360263824, 1.35814523697, 0.291410982609, 0.178868547082, 0.0933043286204, 0.0321647897363, 0.0261864513159, 0.0168638471514, 0.00992898177356, 0.00646669790149, 0.00527261476964, 0.00400280766189, 0.00211845478043, 0.000421534437919],
        "min": [0.00240783789195, 0.0213267300278, 0.131390452385, 0.492294639349, 0.918719232082, 0.846416652203, 0.474811077118, 0.165522530675, 0.0658178329468, 0.132660925388, 0.203724473715, 1.13289391994, 0.650821268559, 0.22547070682, 0.139761820436, 0.0404511354864, 0.339104533195, 0.436780631542, 0.174180060625, 0.0352010764182, 0.0734432265162, 0.39840105176, 0.401828110218, 0.184986576438, 0.239736631513, 0.464998036623, 1.89645957947, 0.19176748395, 0.025941144675, 0.0117328055203, 0.0153421172872, 0.00754983350635, 0.00387866818346, 0.00327275251038, 0.00140960072167, 0.000646139844321, 0.000255363847828, 0.000198020163225, 9.69184984569e-05, 1.26233562696e-05],
        "var": [0.00652632163838, 0.027008946985, 0.951555907726, 10.0623254776, 290.556396484, 51.6336135864, 4.01774787903, 0.189878612757, 0.15732203424, 36.3031845093, 38.2293052673, 19098.0683594, 404.176879883, 1.79264426231, 2.26385402679, 0.914693772793, 11.7757873535, 281.803497314, 16.2486305237, 0.470704823732, 1.70684313774, 52.553730011, 60.6610984802, 2.36133432388, 2.73819947243, 2.3518435955, 61.7093544006, 0.493775993586, 0.009512280114, 0.00364406732842, 0.000969731830992, 0.000101620214991, 5.48979842279e-05, 3.59926889359e-05, 3.53332666236e-06, 1.74595413682e-06, 1.0292492334e-06, 4.04845309276e-07, 9.49309040266e-08, 2.41279574098e-09]
    },
    "gfcc": {
        "mean": [-3.11787009239, 123.613037109, -95.4872207642, 25.773733139, -22.9354534149, -19.453207016, 5.73686361313, 4.23044157028, -23.0773448944, -12.2591161728, -35.0853614807, -34.5466880798, -19.1261901855],
        "cov": [[120.251678467, 17.7890720367, -20.4128608704, -2.65742588043, 10.2600030899, -3.89388394356, -4.17346715927, 0.826834022999, 12.7036209106, 5.82762098312, -5.61428260803, -8.36664485931, -5.00726556778], [17.7890720367, 20.5430450439, 1.69812524319, -13.746131897, 1.35228967667, -0.0476940721273, -1.89091849327, -1.66540765762, 3.38586497307, 2.438549757, 0.182481989264, -2.44912004471, -1.90124988556], [-20.4128608704, 1.69812524319, 21.8764019012, 0.181243434548, -5.14832210541, 0.93225890398, 5.49205303192, 0.488031476736, -3.14573192596, 0.579809188843, 1.67930459976, 1.21451294422, 0.0408659502864], [-2.65742588043, -13.746131897, 0.181243434548, 27.972574234, 3.86611580849, -3.01794290543, -0.351892054081, 1.6174249649, -0.104614168406, 2.09599804878, 1.37155354023, 3.9277048111, 3.13682198524], [10.2600030899, 1.35228967667, -5.14832210541, 3.86611580849, 15.0322637558, 2.78450584412, -3.33294487, 0.0417682304978, 0.0699750483036, -2.61565876007, -1.18418812752, 1.1223000288, -1.45704913139], [-3.89388394356, -0.0476940721273, 0.93225890398, -3.01794290543, 2.78450584412, 11.2920885086, 2.51191997528, -2.44599914551, -1.74298703671, -1.75395488739, 1.28264331818, -1.02820217609, -1.5545450449], [-4.17346715927, -1.89091849327, 5.49205303192, -0.351892054081, -3.33294487, 2.51191997528, 18.1056728363, 9.29039001465, 0.0158593840897, -2.38755750656, 0.457950532436, 1.45358216763, -2.87281608582], [0.826834022999, -1.66540765762, 0.488031476736, 1.6174249649, 0.0417682304978, -2.44599914551, 9.29039001465, 22.5419006348, 10.6853570938, -2.64885735512, 0.126107215881, 3.54345417023, -4.3794131279], [12.7036209106, 3.38586497307, -3.14573192596, -0.104614168406, 0.0699750483036, -1.74298703671, 0.0158593840897, 10.6853570938, 17.7459068298, 5.65422010422, -0.557864069939, -3.04927039146, -5.46725225449], [5.82762098312, 2.438549757, 0.579809188843, 2.09599804878, -2.61565876007, -1.75395488739, -2.38755750656, -2.64885735512, 5.65422010422, 14.644402504, 1.16289103031, -5.70319032669, -0.36511027813], [-5.61428260803, 0.182481989264, 1.67930459976, 1.37155354023, -1.18418812752, 1.28264331818, 0.457950532436, 0.126107215881, -0.557864069939, 1.16289103031, 8.81766223907, 4.24744462967, -3.11474823952], [-8.36664485931, -2.44912004471, 1.21451294422, 3.9277048111, 1.1223000288, -1.02820217609, 1.45358216763, 3.54345417023, -3.04927039146, -5.70319032669, 4.24744462967, 12.0355911255, -0.551584482193], [-5.00726556778, -1.90124988556, 0.0408659502864, 3.13682198524, -1.45704913139, -1.5545450449, -2.87281608582, -4.3794131279, -5.46725225449, -0.36511027813, -3.11474823952, -0.551584482193, 10.7436561584]],
        "icov": [[0.0147530892864, -0.019158679992, 0.0147327957675, -0.00988148711622, -0.00130396638997, 0.00344003736973, -0.00435585575178, 0.00205694674514, -0.00165449781343, 0.000459373171907, 0.00793908257037, 0.00579828862101, 0.00808222498745], [-0.019158679992, 0.128635883331, -0.0410904288292, 0.0777521803975, -0.0462115630507, 0.0260325483978, -0.00640041474253, 0.0234032701701, -0.0387590564787, -0.0134121198207, -0.0357093289495, -0.0131119582802, -0.0345876589417], [0.0147327957675, -0.0410904288292, 0.0750781521201, -0.0260738711804, 0.0265618264675, -0.0101924818009, -0.0126096913591, -0.00747109530494, 0.0221364349127, -0.00667254347354, 0.0135173425078, 0.00167408841662, 0.0176753103733], [-0.00988148711622, 0.0777521803975, -0.0260738711804, 0.0937430933118, -0.0504576079547, 0.029969252646, -0.0128197651356, 0.0150613877922, -0.0289425756782, -0.0229799337685, -0.030862795189, -0.0239575728774, -0.0435990542173], [-0.00130396638997, -0.0462115630507, 0.0265618264675, -0.0504576079547, 0.122672446072, -0.0537525191903, 0.0380867831409, -0.0273616425693, 0.0349138565361, 0.0114633850753, 0.0466354303062, -0.00922014843673, 0.0449390485883], [0.00344003736973, 0.0260325483978, -0.0101924818009, 0.029969252646, -0.0537525191903, 0.136910006404, -0.043041087687, 0.0423096902668, -0.0282037127763, 0.0239061135799, -0.0494939163327, 0.0295501612127, -0.0106152929366], [-0.00435585575178, -0.00640041474253, -0.0126096913591, -0.0128197651356, 0.0380867831409, -0.043041087687, 0.109339766204, -0.0697723776102, 0.0543547831476, -0.0081635992974, 0.0229799076915, 0.00461427634582, 0.0346434563398], [0.00205694674514, 0.0234032701701, -0.00747109530494, 0.0150613877922, -0.0273616425693, 0.0423096902668, -0.0697723776102, 0.134372472763, -0.10676112026, 0.0370683893561, -0.0126852402464, -0.0288132894784, -0.0189665593207], [-0.00165449781343, -0.0387590564787, 0.0221364349127, -0.0289425756782, 0.0349138565361, -0.0282037127763, 0.0543547831476, -0.10676112026, 0.17617598176, -0.0573307983577, 0.0405517853796, 0.0238834079355, 0.0730928331614], [0.000459373171907, -0.0134121198207, -0.00667254347354, -0.0229799337685, 0.0114633850753, 0.0239061135799, -0.0081635992974, 0.0370683893561, -0.0573307983577, 0.135692149401, -0.0547128133476, 0.0652239248157, -0.014560341835], [0.00793908257037, -0.0357093289495, 0.0135173425078, -0.030862795189, 0.0466354303062, -0.0494939163327, 0.0229799076915, -0.0126852402464, 0.0405517853796, -0.0547128133476, 0.215768292546, -0.0886401534081, 0.0832578912377], [0.00579828862101, -0.0131119582802, 0.00167408841662, -0.0239575728774, -0.00922014843673, 0.0295501612127, 0.00461427634582, -0.0288132894784, 0.0238834079355, 0.0652239248157, -0.0886401534081, 0.171527788043, -0.00263680657372], [0.00808222498745, -0.0345876589417, 0.0176753103733, -0.0435990542173, 0.0449390485883, -0.0106152929366, 0.0346434563398, -0.0189665593207, 0.0730928331614, -0.014560341835, 0.0832578912377, -0.00263680657372, 0.170180648565]]
    },
    "melbands": {
        "dmean": [0.000616881879978, 0.000355785479769, 0.000703459256329, 0.000755687768105, 7.11523025529e-05, 7.37951131669e-06, 5.30868237547e-06, 9.17355864658e-05, 2.80973272311e-05, 0.000121079123346, 1.62437281688e-05, 3.84558188671e-06, 2.98121517517e-06, 2.53876487477e-06, 2.92163008453e-06, 5.30042007085e-06, 1.91632007045e-05, 6.72609894536e-06, 7.98079042852e-07, 6.09220933256e-07, 8.49069863307e-07, 2.41633165388e-06, 9.05219349079e-06, 6.26756559541e-07, 1.31240506107e-06, 1.44402451951e-06, 8.39088670546e-07, 8.46125431053e-07, 3.372608262e-06, 9.55631776378e-07, 7.25561477566e-08, 4.97725949344e-08, 3.25280318236e-08, 2.58529055941e-08, 1.81228720919e-08, 8.07753863796e-09, 4.61457672074e-09, 4.34448432785e-09, 7.15116943439e-09, 3.42963768496e-09],
        "dmean2": [0.000995630631223, 0.000523989205249, 0.000961732643191, 0.000823720532935, 8.92006864888e-05, 1.22657429529e-05, 8.5865467554e-06, 0.000168053986272, 5.08203993377e-05, 0.000131743378006, 1.64583470905e-05, 5.9818507907e-06, 4.28286466558e-06, 3.52175879925e-06, 3.69064673578e-06, 7.908986845e-06, 3.00846058963e-05, 1.06639081423e-05, 1.39423332257e-06, 9.96995822788e-07, 1.36008554819e-06, 3.89343449569e-06, 1.35553700602e-05, 1.02484409581e-06, 2.30831938097e-06, 2.38391430685e-06, 1.38490099744e-06, 1.43775002925e-06, 5.1513766266e-06, 1.44154694226e-06, 1.17539272537e-07, 8.63514841853e-08, 5.37819282442e-08, 4.39359588711e-08, 3.04121243744e-08, 1.33173232442e-08, 7.840251115e-09, 7.59926344074e-09, 1.20006253823e-08, 5.88589177397e-09],
        "dvar": [1.95477269926e-07, 9.56107797379e-08, 3.5936329823e-07, 2.17495681909e-07, 2.50484100128e-09, 6.18988402201e-11, 2.76073677807e-11, 5.94262106191e-09, 4.66202965121e-10, 3.17519663895e-08, 1.10216065441e-10, 1.76824405812e-11, 6.16362863526e-12, 5.04895908068e-12, 5.96108622533e-12, 2.1881017831e-11, 4.50403908614e-10, 3.03774713717e-11, 4.15236530056e-13, 3.04914540882e-13, 8.710653184e-13, 1.32287731117e-11, 1.01046282452e-10, 3.19180608593e-13, 1.68254364434e-12, 1.77299787265e-12, 5.59187190909e-13, 4.98663556194e-13, 1.31474579487e-11, 1.12333037837e-12, 4.5529333816e-15, 2.29618731188e-15, 1.13767430365e-15, 7.19355012433e-16, 2.45061322368e-16, 5.38136144869e-17, 2.49652439466e-17, 1.37449111686e-17, 5.32647007411e-17, 1.03461914677e-17],
        "dvar2": [4.72584758882e-07, 2.2622673157e-07, 6.30569502391e-07, 3.64811995723e-07, 4.53727144745e-09, 1.86143406244e-10, 6.17512499468e-11, 1.75684764514e-08, 1.282006723e-09, 3.42668435849e-08, 1.55993246098e-10, 4.10142544927e-11, 1.3359212174e-11, 1.12002915623e-11, 9.9917062471e-12, 4.16791288982e-11, 9.99966220938e-10, 7.57112983418e-11, 1.02685373225e-12, 7.80709101967e-13, 2.39691079484e-12, 3.64398303199e-11, 1.99217184416e-10, 8.62164940135e-13, 4.58294209874e-12, 3.94502269394e-12, 1.46646757238e-12, 1.3077386396e-12, 2.88802003146e-11, 2.19331931089e-12, 1.1116851729e-14, 5.99225284667e-15, 3.08046019994e-15, 1.85913165186e-15, 6.43897558783e-16, 1.35557445578e-16, 6.66535652499e-17, 3.46205890559e-17, 1.08095452905e-16, 2.54623927296e-17],
        "max": [0.0033451912459, 0.00243244529702, 0.0103372763842, 0.0064524426125, 0.000437470938778, 9.30179667193e-05, 5.98941478529e-05, 0.000391806825064, 0.00031748728361, 0.0051656095311, 0.000308737857267, 4.39835894213e-05, 2.25506137213e-05, 1.80073366209e-05, 2.6942756449e-05, 4.49462932011e-05, 0.000256536906818, 6.80356097291e-05, 7.07887738827e-06, 5.3831695368e-06, 1.71515275724e-05, 6.91844761604e-05, 0.000138752162457, 6.06513867751e-06, 1.51547892528e-05, 1.60387935466e-05, 9.31256909098e-06, 8.64051253302e-06, 4.73309919471e-05, 1.74594351847e-05, 8.20075456431e-07, 6.68196889819e-07, 4.82596135498e-07, 3.4897277601e-07, 2.2543331113e-07, 1.06948576217e-07, 6.73487505765e-08, 5.5856261838e-08, 8.58079474142e-08, 3.45831594473e-08],
        "mean": [0.00180666451342, 0.00103978696279, 0.00698315864429, 0.00405710050836, 0.0001898403425, 2.30746500165e-05, 1.05145290945e-05, 0.000134159097797, 0.000160362047609, 0.00244430662133, 0.000134172936669, 7.60912416808e-06, 7.54148641136e-06, 6.91306740919e-06, 9.40314021136e-06, 1.49970173879e-05, 4.97075743624e-05, 1.99644346139e-05, 2.06617937692e-06, 1.99750957108e-06, 2.81825873572e-06, 6.84241376803e-06, 2.05091364478e-05, 2.40199074142e-06, 5.77461696594e-06, 6.41957922198e-06, 3.93818845623e-06, 3.50851291842e-06, 8.5868041424e-06, 2.82610471913e-06, 3.16738237416e-07, 1.65553558418e-07, 1.22075221043e-07, 9.65316999668e-08, 6.62860699663e-08, 2.93607467228e-08, 1.6720298035e-08, 1.77390973022e-08, 1.9968780407e-08, 1.29600037369e-08],
        "median": [0.00177799514495, 0.000994574395008, 0.00698233675212, 0.00398046895862, 0.000181395807886, 2.10186844924e-05, 9.09585469344e-06, 0.000111600325909, 0.000152459950186, 0.00222921464592, 0.00012245241669, 6.16799843556e-06, 6.69857990943e-06, 6.47785964247e-06, 8.96641086001e-06, 1.4100948647e-05, 3.64231345884e-05, 1.88104113477e-05, 1.93312257579e-06, 1.89590355149e-06, 2.32747106566e-06, 4.68707003165e-06, 1.62498854479e-05, 2.31300077758e-06, 5.6605977079e-06, 6.19886031927e-06, 3.84563054467e-06, 3.30101397594e-06, 6.87036981617e-06, 2.38886582338e-06, 3.08434692897e-07, 1.56288407993e-07, 1.16091342761e-07, 9.1192859486e-08, 6.27181222512e-08, 2.79806968706e-08, 1.58263606664e-08, 1.72707608215e-08, 1.76442576105e-08, 1.26783756826e-08],
        "min": [2.39575692831e-05, 5.52315104869e-05, 9.89585314528e-05, 6.71206507832e-05, 2.02409410122e-05, 3.85977682527e-06, 9.75180228124e-07, 1.53343182774e-06, 1.98035559151e-06, 7.62979016145e-06, 3.07244636133e-06, 8.7301862095e-07, 5.82464792842e-07, 8.05743738397e-08, 2.95056992172e-07, 8.34166769437e-07, 8.77425804902e-07, 3.81679228667e-07, 5.83052681691e-08, 3.5039782631e-08, 8.45588914444e-08, 2.61145061131e-07, 7.99902466042e-07, 1.03962072728e-07, 1.51717372887e-07, 1.82401294069e-07, 1.75356831278e-07, 2.28803784807e-07, 1.57423653491e-06, 3.10294694827e-07, 3.3067507843e-08, 1.39771971774e-08, 5.10686115618e-09, 6.74079725371e-09, 8.97589558235e-09, 6.6393623932e-09, 4.19984624855e-09, 2.69541367004e-09, 2.64887867196e-09, 2.6774213957e-09],
        "var": [2.57600277109e-07, 1.4762981948e-07, 1.03227034742e-06, 9.04088608422e-07, 7.0780044048e-09, 9.53124801306e-11, 4.11542674938e-11, 5.90246385102e-09, 1.83415460597e-09, 8.09303401184e-07, 2.6499367145e-09, 2.64820752133e-11, 1.65452391371e-11, 9.96641484619e-12, 1.5792698746e-11, 4.44179346082e-11, 1.47892253999e-09, 8.43793507288e-11, 7.07529521082e-13, 5.92754794901e-13, 3.44972986809e-12, 6.0646987432e-11, 3.02103952965e-10, 4.7990160023e-13, 1.87033374899e-12, 3.04135557884e-12, 7.77737900123e-13, 8.30549225315e-13, 3.72846579999e-11, 2.98055915886e-12, 7.02767354469e-15, 3.5298302367e-15, 1.73388639567e-15, 1.1415387856e-15, 4.67872412701e-16, 1.06960137588e-16, 3.32038801295e-17, 2.54079609366e-17, 9.19176066861e-17, 1.4067642302e-17]
    },
    "mfcc": {
        "mean": [-667.008117676, 168.241256714, -10.7789144516, 59.1411628723, -5.95566225052, 4.32776069641, 19.824005127, 3.61153435707, 13.0284423828, 20.4504699707, 8.30892086029, -6.08202171326, -32.7327651978],
        "cov": [[121.761978149, 9.66234588623, -21.0779743195, 3.35012245178, 9.25423526764, 1.09768927097, -11.3160362244, -5.64818096161, 5.97953462601, 4.59537410736, 8.09603309631, 6.89444637299, 0.473167836666], [9.66234588623, 30.1242713928, -2.4263446331, -11.3401508331, -2.69343137741, -1.45577681065, -1.80234563351, 1.41267478466, -4.52089977264, 4.08034563065, 1.32471036911, -5.7854809761, 1.15976309776], [-21.0779743195, -2.4263446331, 19.9178028107, 2.3751065731, -7.69374322891, -1.08293116093, 2.62779045105, -0.286061882973, -1.28572535515, 2.91721010208, 0.296544194221, -3.47329187393, 2.44291210175], [3.35012245178, -11.3401508331, 2.3751065731, 20.9011058807, 4.23060417175, -2.03712248802, -3.20272612572, -3.72265958786, 5.4323887825, -0.869726359844, 3.77655482292, 7.12542247772, -2.03451943398], [9.25423526764, -2.69343137741, -7.69374322891, 4.23060417175, 20.3112068176, 3.39389491081, -6.83771896362, -6.49270772934, 0.359941005707, -0.796365082264, 0.567843079567, 3.02616167068, -5.49591732025], [1.09768927097, -1.45577681065, -1.08293116093, -2.03712248802, 3.39389491081, 15.5346632004, 3.8094329834, -4.68583297729, -6.88241577148, -1.93745207787, -1.24225711823, -3.77131891251, -1.03241562843], [-11.3160362244, -1.80234563351, 2.62779045105, -3.20272612572, -6.83771896362, 3.8094329834, 20.7046489716, 6.84656333923, -2.02834844589, -9.32242107391, -3.99010777473, -1.84053528309, 1.81929898262], [-5.64818096161, 1.41267478466, -0.286061882973, -3.72265958786, -6.49270772934, -4.68583297729, 6.84656333923, 26.795124054, 1.34454417229, -3.1605527401, 0.213956296444, -2.27283620834, 5.03240585327], [5.97953462601, -4.52089977264, -1.28572535515, 5.4323887825, 0.359941005707, -6.88241577148, -2.02834844589, 1.34454417229, 16.8205394745, 3.87824368477, -0.140215143561, 2.26687955856, -1.29449152946], [4.59537410736, 4.08034563065, 2.91721010208, -0.869726359844, -0.796365082264, -1.93745207787, -9.32242107391, -3.1605527401, 3.87824368477, 19.8754386902, 7.48255586624, -3.0278608799, -2.20736813545], [8.09603309631, 1.32471036911, 0.296544194221, 3.77655482292, 0.567843079567, -1.24225711823, -3.99010777473, 0.213956296444, -0.140215143561, 7.48255586624, 16.5294246674, 4.8257856369, -0.99282515049], [6.89444637299, -5.7854809761, -3.47329187393, 7.12542247772, 3.02616167068, -3.77131891251, -1.84053528309, -2.27283620834, 2.26687955856, -3.0278608799, 4.8257856369, 17.2268562317, 0.079291254282], [0.473167836666, 1.15976309776, 2.44291210175, -2.03451943398, -5.49591732025, -1.03241562843, 1.81929898262, 5.03240585327, -1.29449152946, -2.20736813545, -0.99282515049, 0.079291254282, 11.2339935303]],
