{
"lowlevel": {
    "average_loudness": 0.985386669636,
    "barkbands_crest": {
        "dmean": 2.15366411209,
        "dmean2": 3.57672095299,
        "dvar": 6.61986112595,
        "dvar2": 16.5689659119,
        "max": 26.0339012146,
        "mean": 17.1580200195,
        "median": 16.7039031982,
        "min": 7.72976970673,
        "var": 24.867773056
    },
    "barkbands_flatness_db": {
        "dmean": 0.0249058734626,
        "dmean2": 0.0377408489585,
        "dvar": 0.000994503498077,
        "dvar2": 0.00174630573019,
        "max": 0.605196356773,
        "mean": 0.40806183219,
        "median": 0.420743823051,
        "min": 0.165789067745,
        "var": 0.00546982465312
    },
    "barkbands_kurtosis": {
        "dmean": 9.7715139389,
        "dmean2": 13.1332883835,
        "dvar": 333.905853271,
        "dvar2": 585.077880859,
        "max": 261.212219238,
        "mean": 26.4937000275,
        "median": 12.4417800903,
        "min": -0.445968389511,
        "var": 1601.00134277
    },
    "barkbands_skewness": {
        "dmean": 0.66784465313,
        "dmean2": 0.962241768837,
        "dvar": 0.604311048985,
        "dvar2": 1.05510377884,
        "max": 10.8606271744,
        "mean": 2.07700753212,
        "median": 1.74507308006,
        "min": -1.55514132977,
        "var": 6.01170015335
    },
    "barkbands_spread": {
        "dmean": 0.346822530031,
        "dmean2": 0.539990901947,
        "dvar": 0.235563606024,
        "dvar2": 0.445555508137,
        "max": 6.13975000381,
        "mean": 1.92809307575,
        "median": 1.81951379776,
        "min": 0.236458614469,
        "var": 1.18566501141
    },
    "dissonance": {
        "dmean": 0.0598749369383,
        "dmean2": 0.105849869549,
        "dvar": 0.00350366323255,
        "dvar2": 0.00837027281523,
        "max": 0.460472345352,
        "mean": 0.272797316313,
        "median": 0.243290662766,
        "min": 0.0985423773527,
        "var": 0.0075466549024
    },
    "dynamic_complexity": 6.64352321625,
    "erbbands_crest": {
        "dmean": 2.00991487503,
        "dmean2": 3.18075037003,
        "dvar": 5.85915374756,
        "dvar2": 13.4951686859,
        "max": 28.8223953247,
        "mean": 19.7961368561,
        "median": 21.3897762299,
        "min": 8.27655601501,
        "var": 27.8769741058
    },
    "erbbands_flatness_db": {
        "dmean": 0.0203956849873,
        "dmean2": 0.0300224684179,
        "dvar": 0.000734702975024,
        "dvar2": 0.00115496641956,
        "max": 0.5804874897,
        "mean": 0.421766549349,
        "median": 0.433363080025,
        "min": 0.205231577158,
        "var": 0.00450367899612
    },
    "erbbands_kurtosis": {
        "dmean": 2.3242919445,
        "dmean2": 3.66793608665,
        "dvar": 12.5844707489,
        "dvar2": 33.0060806274,
        "max": 33.4009971619,
        "mean": 4.67037534714,
        "median": 2.91409277916,
        "min": -0.872527599335,
        "var": 29.3969764709
    },
    "erbbands_skewness": {
        "dmean": 0.452521622181,
        "dmean2": 0.695031940937,
        "dvar": 0.299665391445,
        "dvar2": 0.547518074512,
        "max": 3.9879026413,
        "mean": 0.423691958189,
        "median": 0.396483540535,
        "min": -2.02905750275,
        "var": 2.25493216515
    },
    "erbbands_spread": {
        "dmean": 0.664178371429,
        "dmean2": 0.960013568401,
        "dvar": 0.73502856493,
        "dvar2": 1.34161698818,
        "max": 13.2688446045,
        "mean": 3.7352745533,
        "median": 3.45242333412,
        "min": 1.04319286346,
        "var": 3.57398438454
    },
    "hfc": {
        "dmean": 1.7748644352,
        "dmean2": 2.6183989048,
        "dvar": 28.2169895172,
        "dvar2": 55.7261886597,
        "max": 40.6305618286,
        "mean": 2.99974179268,
        "median": 1.19488620758,
        "min": 0.0715248137712,
        "var": 39.9259147644
    },
    "melbands_crest": {
        "dmean": 2.43069887161,
        "dmean2": 4.08662462234,
        "dvar": 9.8809595108,
        "dvar2": 22.376663208,
        "max": 31.4221076965,
        "mean": 19.2326908112,
        "median": 17.7734355927,
        "min": 7.68848514557,
        "var": 42.9926719666
    },
    "melbands_flatness_db": {
        "dmean": 0.025721853599,
        "dmean2": 0.038694743067,
        "dvar": 0.00109480530955,
        "dvar2": 0.00193643639795,
        "max": 0.709359109402,
        "mean": 0.501205444336,
        "median": 0.51463663578,
        "min": 0.258407086134,
        "var": 0.00579641712829
    },
    "melbands_kurtosis": {
        "dmean": 2.76512336731,
        "dmean2": 4.31205463409,
        "dvar": 25.2873249054,
        "dvar2": 58.6935462952,
        "max": 45.4417762756,
        "mean": 4.81418180466,
        "median": 0.948626875877,
        "min": -1.6438164711,
        "var": 79.9198379517
    },
    "melbands_skewness": {
        "dmean": 0.416863769293,
        "dmean2": 0.637646853924,
        "dvar": 0.263059109449,
        "dvar2": 0.462913602591,
        "max": 4.36659812927,
        "mean": 1.12095630169,
        "median": 0.763744354248,
        "min": -1.37144529819,
        "var": 2.09903860092
    },
    "melbands_spread": {
        "dmean": 0.553187787533,
        "dmean2": 0.895681977272,
        "dvar": 0.64445734024,
        "dvar2": 1.32043254375,
        "max": 7.83961963654,
        "mean": 3.51418352127,
        "median": 3.67264103889,
        "min": 0.442935109138,
        "var": 3.885668993
    },
    "pitch_salience": {
        "dmean": 0.055684171617,
        "dmean2": 0.0933004766703,
        "dvar": 0.00512770516798,
        "dvar2": 0.0129062756896,
        "max": 0.738361179829,
        "mean": 0.432300627232,
        "median": 0.448252588511,
        "min": 0.123381450772,
        "var": 0.0177564136684
    },
    "silence_rate_20dB": {
        "dmean": 0,
        "dmean2": 0,
        "dvar": 0,
        "dvar2": 0,
        "max": 1,
        "mean": 1,
        "median": 1,
        "min": 1,
        "var": 0
    },
    "silence_rate_30dB": {
        "dmean": 0,
        "dmean2": 0,
        "dvar": 0,
        "dvar2": 0,
        "max": 1,
        "mean": 1,
        "median": 1,
        "min": 1,
        "var": 0
    },
    "silence_rate_60dB": {
        "dmean": 0.0775193795562,
        "dmean2": 0.15625,
        "dvar": 0.0715100318193,
        "dvar2": 0.1943359375,
        "max": 1,
        "mean": 0.584615409374,
        "median": 1,
        "min": 0,
        "var": 0.242840334773
    },
    "spectral_centroid": {
        "dmean": 24.2080898285,
        "dmean2": 37.1572799683,
        "dvar": 959.413574219,
        "dvar2": 2039.1661377,
        "max": 698.633544922,
        "mean": 482.844818115,
        "median": 477.380371094,
        "min": 372.55380249,
        "var": 6714.36230469
    },
    "spectral_complexity": {
        "dmean": 0.651162803173,
        "dmean2": 1.1953125,
        "dvar": 0.816296458244,
        "dvar2": 1.51654052734,
        "max": 8,
        "mean": 3.56923079491,
        "median": 4,
        "min": 0,
        "var": 2.56828093529
    },
    "spectral_decrease": {
        "dmean": 1.12606524105e-09,
        "dmean2": 1.66195235352e-09,
        "dvar": 1.1552812235e-17,
        "dvar2": 2.29873062095e-17,
        "max": -3.23575541361e-11,
        "mean": -1.7433933186e-09,
        "median": -6.83508583066e-10,
        "min": -2.54705003755e-08,
        "var": 1.59496750646e-17
    },
    "spectral_energy": {
        "dmean": 0.00441045407206,
        "dmean2": 0.006509733852,
        "dvar": 0.000177137379069,
        "dvar2": 0.00035235931864,
        "max": 0.0998165607452,
        "mean": 0.00685202889144,
        "median": 0.0027000149712,
        "min": 0.000128612664412,
        "var": 0.000244746363023
    },
    "spectral_energyband_high": {
        "dmean": 6.61374173205e-08,
        "dmean2": 1.07842161867e-07,
        "dvar": 8.37609959826e-15,
        "dvar2": 2.02395592012e-14,
        "max": 9.96794938146e-07,
        "mean": 4.2786913923e-07,
        "median": 3.80736423722e-07,
        "min": 2.17346922682e-07,
        "var": 2.98527682067e-14
    },
    "spectral_energyband_low": {
        "dmean": 3.91417614765e-07,
        "dmean2": 6.95406185969e-07,
        "dvar": 9.66297354632e-13,
        "dvar2": 2.90857572402e-12,
        "max": 7.38668995837e-06,
        "mean": 4.99080215377e-07,
        "median": 3.57013419716e-07,
        "min": 4.56518414182e-08,
        "var": 6.21070306728e-13
    },
    "spectral_energyband_middle_high": {
        "dmean": 7.75350781623e-05,
        "dmean2": 0.000125100152218,
        "dvar": 8.86720599169e-08,
        "dvar2": 2.11306172559e-07,
        "max": 0.00256815366447,
        "mean": 7.8574368672e-05,
        "median": 9.30255919229e-06,
        "min": 9.78822413344e-07,
        "var": 8.23682242412e-08
    },
    "spectral_energyband_middle_low": {
        "dmean": 0.00437286077067,
        "dmean2": 0.00644223205745,
        "dvar": 0.000176682049641,
        "dvar2": 0.000353530107532,
        "max": 0.0997629091144,
        "mean": 0.00677319150418,
        "median": 0.00269102770835,
        "min": 0.000124057522044,
        "var": 0.00024287692213
    },
    "spectral_entropy": {
        "dmean": 0.212374433875,
        "dmean2": 0.309166252613,
        "dvar": 0.0863692834973,
        "dvar2": 0.147983640432,
        "max": 7.65673351288,
        "mean": 5.01951265335,
        "median": 4.94645452499,
        "min": 3.77822828293,
        "var": 0.340615153313
    },
    "spectral_flux": {
        "dmean": 0.0167318359017,
        "dmean2": 0.0309408102185,
        "dvar": 0.0016704632435,
        "dvar2": 0.00501070870087,
        "max": 0.232194036245,
        "mean": 0.0257256235927,
        "median": 0.00962939113379,
        "min": 0.00225328397937,
        "var": 0.00188355823047
    },
    "spectral_kurtosis": {
        "dmean": 17.9090614319,
        "dmean2": 27.3222923279,
        "dvar": 640.333496094,
        "dvar2": 1090.10583496,
        "max": 299.582244873,
        "mean": 90.205406189,
        "median": 79.8446273804,
        "min": 4.35503149033,
        "var": 2439.69287109
    },
    "spectral_rms": {
        "dmean": 0.000478974543512,
        "dmean2": 0.000723268836737,
        "dvar": 1.31750744004e-06,
        "dvar2": 2.33329637922e-06,
        "max": 0.00986823253334,
        "mean": 0.00195494294167,
        "median": 0.00162272714078,
        "min": 0.000354225572664,
        "var": 2.86310523734e-06
    },
    "spectral_rolloff": {
        "dmean": 37.7248382568,
        "dmean2": 68.6370849609,
        "dvar": 6951.81445312,
        "dvar2": 15219.8808594,
        "max": 968.994140625,
        "mean": 607.732788086,
        "median": 678.295898438,
        "min": 366.064453125,
        "var": 21965.9824219
    },
    "spectral_skewness": {
        "dmean": 0.842551589012,
        "dmean2": 1.28453063965,
        "dvar": 0.944394409657,
        "dvar2": 1.66047346592,
        "max": 15.3436689377,
        "mean": 7.75408887863,
        "median": 7.6109251976,
        "min": 2.27373147011,
        "var": 4.52963590622
    },
    "spectral_spread": {
        "dmean": 464370.40625,
        "dmean2": 676713.5,
        "dvar": 3.33513673933e+12,
        "dvar2": 3.41115194573e+12,
        "max": 23182558,
        "mean": 1668175.875,
        "median": 1401651.375,
        "min": 364736.75,
        "var": 3.96436307968e+12
    },
    "spectral_strongpeak": {
        "dmean": 0.255150288343,
        "dmean2": 0.389730781317,
        "dvar": 0.18186339736,
        "dvar2": 0.383826881647,
        "max": 4.29927921295,
        "mean": 0.818054378033,
        "median": 0.742291212082,
        "min": 0.0231529064476,
        "var": 0.394658654928
    },
    "zerocrossingrate": {
        "dmean": 0.00250953854993,
        "dmean2": 0.00332641601562,
        "dvar": 1.23118088595e-05,
        "dvar2": 2.0588748157e-05,
        "max": 0.05859375,
        "mean": 0.0261568501592,
        "median": 0.026611328125,
        "min": 0.0166015625,
        "var": 6.00482562731e-05
    },
    "barkbands": {
        "dmean": [1.42364102729e-08, 5.79133789813e-08, 2.52844444049e-07, 3.0528852335e-07, 2.62546473095e-05, 0.00271162530407, 0.00166529731359, 0.00013377162395, 0.000262730463874, 5.61165288673e-05, 2.32241709455e-05, 5.53505401513e-07, 3.36030734616e-06, 1.04472167095e-06, 1.43302736433e-06, 1.27116095427e-07, 2.91652337836e-08, 7.50272448613e-08, 2.40349784519e-08, 1.67252931504e-08, 1.09617941391e-08, 6.76876821259e-09, 5.10271380705e-09, 1.07309690023e-08, 4.46338654925e-09, 5.3687374546e-09, 5.18390734783e-08],
        "dmean2": [2.06192591889e-08, 9.60458663712e-08, 4.63013833496e-07, 4.98229724144e-07, 3.66095082427e-05, 0.00395561149344, 0.00249441689812, 0.000206227065064, 0.000406120845582, 9.18914520298e-05, 3.82920443371e-05, 8.81171729361e-07, 5.71023338125e-06, 1.83407530585e-06, 2.43808881351e-06, 2.26868863251e-07, 4.77564583434e-08, 1.17186054638e-07, 3.87465135532e-08, 2.73986699995e-08, 1.75424208493e-08, 9.99418325875e-09, 7.29536919764e-09, 1.84542265913e-08, 7.02330371638e-09, 8.16889578203e-09, 9.0565826838e-08],
        "dvar": [4.21061475684e-15, 1.88197134471e-14, 5.22927133453e-13, 1.24249053971e-13, 1.80467241151e-09, 7.75667722337e-05, 4.98087938468e-05, 2.14123303977e-07, 4.21275615281e-07, 7.23526341062e-08, 1.3887739847e-08, 2.47107456025e-12, 4.1529862882e-10, 1.2548260174e-11, 5.33989519269e-11, 2.56941115519e-13, 3.82500046651e-15, 1.0084085124e-13, 4.16435955814e-15, 8.47758960369e-16, 4.86261656805e-16, 1.59690539211e-16, 9.52372810076e-17, 1.99592683757e-15, 8.27515852312e-17, 4.94109721464e-17, 2.26616465258e-15],
        "dvar2": [4.79657224448e-15, 3.52228690008e-14, 1.6398526417e-12, 3.39872119164e-13, 3.8038776573e-09, 0.000136177462991, 0.000120091695862, 5.31742955445e-07, 8.14104680558e-07, 1.80537838901e-07, 2.60697898824e-08, 5.76923534987e-12, 1.15072096296e-09, 3.66969302168e-11, 1.52361540051e-10, 5.44173647116e-13, 9.63466096184e-15, 2.41585831201e-13, 1.05502070161e-14, 2.10832683912e-15, 9.54417772604e-16, 2.71545686819e-16, 1.20049119347e-16, 5.75775601039e-15, 1.41022846261e-16, 8.11145418594e-17, 6.3463376061e-15],
        "max": [7.21348555999e-07, 1.21151595067e-06, 5.27753263668e-06, 2.55846362052e-06, 0.000524953065906, 0.0867777764797, 0.0540136173368, 0.0043440903537, 0.00457843812183, 0.00251072016545, 0.00115764129441, 1.62651067512e-05, 0.000190100327018, 2.68035182671e-05, 6.16920660832e-05, 3.81575318897e-06, 4.78040590224e-07, 2.97732390209e-06, 5.85911379858e-07, 1.78522356009e-07, 1.51868164266e-07, 1.10832196754e-07, 9.46303515548e-08, 3.85976846928e-07, 9.38186985877e-08, 8.77908874486e-08, 7.44543399378e-07],
        "mean": [1.38795677174e-08, 6.538797237e-08, 2.63843958237e-07, 3.82760077855e-07, 0.000146774604218, 0.00390759576112, 0.0014861181844, 0.000356253265636, 0.000873391982168, 4.71132443636e-05, 2.58665968431e-05, 1.01703062683e-06, 3.48990420207e-06, 1.42077362852e-06, 1.27235557557e-06, 1.48758161345e-07, 4.39999396917e-08, 9.14541331554e-08, 3.54323681506e-08, 2.6156589783e-08, 2.00032914677e-08, 1.51688350769e-08, 1.41568810008e-08, 1.94136529075e-08, 1.71711587171e-08, 3.10711385509e-08, 3.5709544477e-07],
        "median": [3.50234197199e-09, 3.81295350849e-08, 1.75227086174e-07, 2.35672104054e-07, 0.000124564729049, 0.000846727169119, 5.19997411175e-05, 6.62320962874e-05, 0.00028645596467, 2.92655067824e-06, 2.06623417398e-06, 3.64596019153e-07, 6.40275004571e-07, 5.84616145716e-07, 1.59270086897e-07, 4.81860027435e-08, 2.87994428305e-08, 3.02218978732e-08, 2.03556069778e-08, 1.73391043745e-08, 1.33729134433e-08, 1.13615552522e-08, 1.13431966042e-08, 1.42704434936e-08, 1.51041525953e-08, 2.67042779001e-08, 3.19158061757e-07],
        "min": [1.32341027026e-10, 4.08793221496e-09, 1.31733211006e-08, 6.14222583906e-09, 4.21523327532e-06, 3.56368655048e-05, 3.30450302499e-06, 3.30827447215e-06, 6.37667790215e-06, 1.69775418613e-07, 7.53141833343e-08, 2.48497720179e-08, 6.00300893439e-08, 4.41584724342e-08, 1.91526936533e-08, 8.50625969662e-09, 5.01129182595e-09, 5.72903990914e-09, 5.44385692081e-09, 4.8913544326e-09, 4.07294775684e-09, 3.48507578352e-09, 2.48748710518e-09, 5.51293410922e-09, 6.76825440138e-09, 8.9401899217e-09, 1.60356748324e-07],
        "var": [4.15811184313e-15, 1.64900729925e-14, 2.85168291975e-13, 1.58216538829e-13, 1.58465596201e-08, 0.000116647534014, 4.5781944209e-05, 4.71691606663e-07, 1.46333434259e-06, 5.8407735537e-08, 1.72648029206e-08, 3.72112453698e-12, 3.0230190573e-10, 9.40294890561e-12, 3.42683867394e-11, 2.6115340359e-13, 3.27321419379e-15, 8.91138698207e-14, 3.96119404706e-15, 8.4632731587e-16, 5.87512057792e-16, 2.23670564077e-16, 1.59193145582e-16, 1.1839125617e-15, 1.18702561954e-16, 2.26457064245e-16, 1.88987704202e-14]
    },
    "erbbands": {
        "dmean": [1.97705253413e-06, 1.88486847037e-05, 0.000205900083529, 0.000747312733438, 0.00321830366738, 0.0613020062447, 1.46731495857, 31.9208755493, 37.5145874023, 3.13375735283, 4.54420232773, 5.92834758759, 2.55085945129, 1.52561330795, 0.83772367239, 0.0613770522177, 0.149044305086, 0.0500988326967, 0.0816850736737, 0.0414795577526, 0.00636630877852, 0.00176290958188, 0.00311914109625, 0.00251469179057, 0.00113792216871, 0.000747687241528, 0.000542848196346, 0.000345945445588, 0.000262479414232, 0.000188179707038, 0.000150295527419, 0.000227566924877, 0.000161077783559, 6.06031971984e-05, 3.4859895095e-05, 1.44134146467e-05, 1.2251465705e-05, 1.6146010239e-05, 6.92508410793e-06, 5.67227561987e-06],
        "dmean2": [2.79357959698e-06, 3.17929370794e-05, 0.000369991466869, 0.00123464746866, 0.00554327154532, 0.0902056097984, 2.15457177162, 45.6743927002, 57.0106124878, 5.2524471283, 6.68836402893, 9.41971588135, 3.47627615929, 2.48236322403, 1.29780101776, 0.112419448793, 0.260529190302, 0.0852555781603, 0.148699074984, 0.0644185245037, 0.00998514145613, 0.00279397564009, 0.00481546716765, 0.00396528933197, 0.00190148525871, 0.00122683367226, 0.000838516338263, 0.000506017066073, 0.000410373933846, 0.000274465157418, 0.000219086781726, 0.000378039520001, 0.00027814443456, 9.75738657871e-05, 5.65471127629e-05, 2.09930494748e-05, 1.93698215298e-05, 2.75188995147e-05, 1.17126855912e-05, 8.74108718563e-06],
        "dvar": [2.08895522408e-11, 2.15262696557e-09, 3.43103351952e-07, 1.50114772168e-06, 2.63305682893e-05, 0.00823680404574, 24.5285072327, 11528.6835938, 19719.9492188, 170.368865967, 177.494445801, 190.355300903, 26.4270133972, 36.4127883911, 16.3080329895, 0.0735994130373, 0.86023747921, 0.0233074650168, 0.216190710664, 0.0328574925661, 0.000493542465847, 1.78526333912e-05, 0.000148708437337, 0.000113803929708, 7.1952822509e-06, 1.69676525275e-06, 9.98010591502e-07, 4.84560871428e-07, 2.40162535192e-07, 1.3179979419e-07, 6.85421568392e-08, 8.87988846898e-07, 3.5329100001e-07, 1.86543331893e-08, 3.03192648765e-09, 7.18316683912e-10, 1.84927434477e-10, 2.07214800874e-10, 4.59904683781e-11, 2.11209272294e-10],
        "dvar2": [2.85245698589e-11, 5.56405277408e-09, 1.05777075987e-06, 3.95150527766e-06, 5.40347064089e-05, 0.018414536491, 41.3126449585, 19934.9101562, 47019.8867188, 339.554840088, 436.353546143, 390.397949219, 57.7642478943, 92.7037963867, 33.5531044006, 0.15839754045, 2.42853093147, 0.0666532292962, 0.622243344784, 0.0809975638986, 0.0011960065458, 4.4305495976e-05, 0.000351223599864, 0.000281189306406, 1.8337435904e-05, 4.13295674662e-06, 2.32253205468e-06, 8.12803591543e-07, 4.21948499252e-07, 1.7220598636e-07, 1.0366457559e-07, 2.53754888035e-06, 1.02346143649e-06, 3.86255685214e-08, 4.83672657481e-09, 8.84021078562e-10, 3.85519310919e-10, 6.41342534635e-10, 1.10994352598e-10, 4.20549234326e-10],
        "max": [4.32738888776e-05, 0.000327481160639, 0.0043041985482, 0.00917530804873, 0.0560411550105, 1.58468544483, 63.4566879272, 1096.79077148, 1044.8848877, 103.096870422, 109.482200623, 106.56463623, 44.3732910156, 48.9290466309, 40.8033256531, 2.47447395325, 8.47294425964, 1.0804066658, 4.01162958145, 1.6249396801, 0.180243730545, 0.0293854642659, 0.114751510322, 0.103262200952, 0.0196252018213, 0.00803421344608, 0.00643631117418, 0.00515511725098, 0.00408695125952, 0.00328516261652, 0.00231557269581, 0.00824782531708, 0.005035166163, 0.00112817122135, 0.000601230771281, 0.000311542593408, 0.000166945595993, 0.000158806957188, 8.49906646181e-05, 0.000116452487418],
        "mean": [2.91787341666e-06, 2.46636391239e-05, 0.000252234865911, 0.00118195614778, 0.00910947564989, 0.333757907152, 5.32836294174, 42.949432373, 38.3396186829, 5.09854745865, 11.2039337158, 22.1262531281, 6.62969779968, 1.62388372421, 0.887600839138, 0.104661904275, 0.146792382002, 0.0869920253754, 0.0689921602607, 0.0392728894949, 0.00719805620611, 0.0027066655457, 0.00413144333288, 0.00327907991596, 0.00165077426936, 0.00122787966393, 0.000927179993596, 0.000704730977304, 0.000561460445169, 0.000469440739835, 0.000406566716265, 0.00039723480586, 0.000317689758958, 0.000199048634386, 0.000127025909023, 6.94376940373e-05, 6.57338023302e-05, 8.08265103842e-05, 4.09524182032e-05, 1.4546735656e-05],
        "median": [1.60214108291e-06, 1.52049306053e-05, 0.000184451098903, 0.00081014377065, 0.00728017836809, 0.284188866615, 3.66011667252, 6.36240196228, 3.0309150219, 0.786847114563, 2.15178012848, 8.01359558105, 2.26198911667, 0.217465609312, 0.0949828624725, 0.0275831185281, 0.0299816317856, 0.042975358665, 0.00941577740014, 0.00493276398629, 0.00271136802621, 0.00168669607956, 0.00177009950858, 0.00140395620838, 0.000992685556412, 0.00081841746578, 0.000608456437476, 0.000482947769342, 0.000405531667639, 0.000358489633072, 0.000338284298778, 0.000286356458673, 0.000253089296166, 0.000173663604073, 0.000111495763122, 6.38233177597e-05, 5.6664008298e-05, 7.94988591224e-05, 3.56815580744e-05, 1.05273647932e-05],
        "min": [1.69428815866e-07, 3.07701907332e-06, 2.29352153838e-05, 0.000189726226381, 0.00122782809194, 0.0290861595422, 0.292148202658, 0.250635385513, 0.0885957032442, 0.103857338428, 0.264328867197, 0.149298936129, 0.136388033628, 0.0306755322963, 0.00513011170551, 0.00255396217108, 0.00261439289898, 0.00271441880614, 0.00135389727075, 0.00093338865554, 0.000578439503442, 0.000386258645449, 0.000345354172168, 0.00025874574203, 0.000310587522108, 0.000278793857433, 0.000195776839973, 0.000149486702867, 0.000137933297083, 0.000114983406093, 7.99128683866e-05, 0.00010231162014, 9.41259640967e-05, 6.39811260044e-05, 4.38979477622e-05, 2.45507744694e-05, 2.56619296124e-05, 3.75045274268e-05, 2.04812495213e-05, 4.45112664238e-06],
        "var": [2.5089487779e-11, 1.60492785728e-09, 1.96310836031e-07, 1.59943976996e-06, 6.03385196882e-05, 0.0795104727149, 55.1004638672, 16748.8183594, 19955.5957031, 205.79725647, 420.351837158, 840.234619141, 92.9765472412, 29.2115955353, 18.6669425964, 0.117061398923, 0.582484841347, 0.0215395800769, 0.128663510084, 0.0299738366157, 0.000451291067293, 1.60527524713e-05, 0.000136409857078, 9.95712762233e-05, 6.09716289546e-06, 1.75281718384e-06, 1.19063054171e-06, 6.51353104786e-07, 3.13752934744e-07, 2.10900694242e-07, 1.16779091286e-07, 5.48470836748e-07, 2.07881086567e-07, 2.00073504431e-08, 5.39631139773e-09, 1.38246913917e-09, 8.91124563029e-10, 6.99367730395e-10, 2.56781873542e-10, 3.05474839868e-10]
    },
    "gfcc": {
        "mean": [-305.536804199, 130.455673218, -81.7241973877, -95.6501541138, -104.581092834, -55.207572937, -40.1299285889, -15.5296459198, -12.1493673325, -5.12185049057, -7.75045967102, -3.31485676765, 3.34582734108],
        "cov": [[1125.85473633, 414.188690186, -280.214050293, -209.556472778, -62.3223495483, -101.674041748, -94.6164169312, -61.8377799988, 143.77432251, 194.478790283, 225.843917847, 38.2038955688, 4.21136617661], [414.188690186, 388.325195312, -106.971000671, -280.720306396, -69.4518356323, -38.0809326172, 1.76143860817, -43.9635353088, 46.6638526917, 55.3473167419, 61.0086364746, -35.164894104, -5.8467373848], [-280.214050293, -106.971000671, 245.743347168, 110.988433838, -26.834728241, -38.0930480957, -35.6496238708, -22.0870285034, -18.6060314178, 8.97620296478, -30.4891395569, -32.3092498779, -21.0698032379], [-209.556472778, -280.720306396, 110.988433838, 271.729705811, 55.8953018188, -11.2455310822, -35.4018745422, 35.2226791382, 2.4860522747, -3.98359942436, -10.5510349274, 33.371509552, 2.72938346863], [-62.3223495483, -69.4518356323, -26.834728241, 55.8953018188, 84.8298339844, 36.5563697815, 4.57732725143, 24.8363704681, -6.01218318939, -25.3632087708, -13.4648332596, 29.1303405762, 9.76419734955], [-101.674041748, -38.0809326172, -38.0930480957, -11.2455310822, 36.5563697815, 128.841125488, 93.1566009521, 11.7154121399, -69.0993270874, -65.3777389526, -50.4313049316, -8.82451820374, -12.3013029099], [-94.6164169312, 1.76143860817, -35.6496238708, -35.4018745422, 4.57732725143, 93.1566009521, 101.776496887, 18.6702022552, -53.0537185669, -57.8977012634, -48.0181388855, -17.8029613495, -12.4027700424], [-61.8377799988, -43.9635353088, -22.0870285034, 35.2226791382, 24.8363704681, 11.7154121399, 18.6702022552, 43.8637542725, 9.42704772949, -24.8868789673, -12.7650651932, 18.9273700714, 11.1168117523], [143.77432251, 46.6638526917, -18.6060314178, 2.4860522747, -6.01218318939, -69.0993270874, -53.0537185669, 9.42704772949, 75.253868103, 52.0415306091, 42.2547645569, 16.7651081085, 10.7531986237], [194.478790283, 55.3473167419, 8.97620296478, -3.98359942436, -25.3632087708, -65.3777389526, -57.8977012634, -24.8868789673, 52.0415306091, 83.9980545044, 61.14610672, 2.29367470741, -5.23327732086], [225.843917847, 61.0086364746, -30.4891395569, -10.5510349274, -13.4648332596, -50.4313049316, -48.0181388855, -12.7650651932, 42.2547645569, 61.14610672, 77.771232605, 21.6252651215, -0.961684346199], [38.2038955688, -35.164894104, -32.3092498779, 33.371509552, 29.1303405762, -8.82451820374, -17.8029613495, 18.9273700714, 16.7651081085, 2.29367470741, 21.6252651215, 51.0494384766, 21.0867919922], [4.21136617661, -5.8467373848, -21.0698032379, 2.72938346863, 9.76419734955, -12.3013029099, -12.4027700424, 11.1168117523, 10.7531986237, -5.23327732086, -0.961684346199, 21.0867919922, 38.085723877]],
        "icov": [[0.0088648730889, -0.0117892334238, 0.00966126751155, -0.0108477771282, 0.00637730164453, -0.00817567203194, 0.00572797982022, 0.0056945681572, -0.000767285062466, -0.0080058015883, -0.00620375666767, -0.00355269084685, 0.000186596545973], [-0.0117892334238, 0.0410904549062, -0.0177920237184, 0.0388839170337, -0.0162561815232, 0.0152197508141, -0.0228668507189, 0.00394148798659, -0.0202539730817, 0.0188335347921, -0.0149143571034, 0.0176830645651, -0.00639224657789], [0.00966126751155, -0.0177920237184, 0.0210670959204, -0.0207164566964, 0.0116855343804, -0.00626001041383, 0.0129579985514, 0.00495716743171, 0.00895654968917, -0.0139839230105, 0.00558719644323, -0.00455063395202, 0.0053051225841], [-0.0108477771282, 0.0388839170337, -0.0207164566964, 0.0455373190343, -0.0180840045214, 0.0121135655791, -0.0153539851308, -0.00875652395189, -0.0133253401145, 0.0115277310833, -0.0126341795549, 0.0130448751152, -0.00364593719132], [0.00637730164453, -0.0162561815232, 0.0116855343804, -0.0180840045214, 0.0352480970323, -0.0257457923144, 0.0276853442192, -0.00862134341151, 0.00365131720901, -0.00794233847409, 0.0102315898985, -0.0160141978413, 0.00574251264334], [-0.00817567203194, 0.0152197508141, -0.00626001041383, 0.0121135655791, -0.0257457923144, 0.0559822805226, -0.0442309714854, 0.0107081122696, 0.0121661350131, 0.0094242664054, 0.00233835750259, 0.00342420232482, 0.0020850461442], [0.00572797982022, -0.0228668507189, 0.0129579985514, -0.0153539851308, 0.0276853442192, -0.0442309714854, 0.0774667933583, -0.0446486510336, 0.0287906266749, -0.0188139174134, 0.0216496735811, -0.00509536312893, 0.0136548606679], [0.0056945681572, 0.00394148798659, 0.00495716743171, -0.00875652395189, -0.00862134341151, 0.0107081122696, -0.0446486510336, 0.10017374903, -0.0591236315668, 0.0400245636702, -0.0216911751777, -0.00829688366503, -0.00852665025741], [-0.000767285062466, -0.0202539730817, 0.00895654968917, -0.0133253401145, 0.00365131720901, 0.0121661350131, 0.0287906266749, -0.0591236315668, 0.0868360474706, -0.048444930464, 0.0298914834857, -0.00892663747072, 0.00703519675881], [-0.0080058015883, 0.0188335347921, -0.0139839230105, 0.0115277310833, -0.00794233847409, 0.0094242664054, -0.0188139174134, 0.0400245636702, -0.048444930464, 0.0805073603988, -0.0374129600823, 0.0167064554989, -0.00296937045641], [-0.00620375666767, -0.0149143571034, 0.00558719644323, -0.0126341795549, 0.0102315898985, 0.00233835750259, 0.0216496735811, -0.0216911751777, 0.0298914834857, -0.0374129600823, 0.0790468305349, -0.0340434610844, 0.0211708955467], [-0.00355269084685, 0.0176830645651, -0.00455063395202, 0.0130448751152, -0.0160141978413, 0.00342420232482, -0.00509536312893, -0.00829688366503, -0.00892663747072, 0.0167064554989, -0.0340434610844, 0.0605379529297, -0.0239323303103], [0.000186596545973, -0.00639224657789, 0.0053051225841, -0.00364593719132, 0.00574251264334, 0.0020850461442, 0.0136548606679, -0.00852665025741, 0.00703519675881, -0.00296937045641, 0.0211708955467, -0.0239323303103, 0.0459783785045]]
    },
    "melbands": {
        "dmean": [1.34866766643e-08, 7.53890816441e-08, 1.46422252101e-07, 8.68956476552e-07, 3.52855531673e-05, 0.000709020532668, 0.000490998034365, 1.94452659343e-05, 4.20587457484e-05, 3.87437576137e-05, 1.33075127451e-05, 7.11676511855e-06, 3.5724335703e-06, 1.21825081578e-07, 3.80503138331e-07, 1.97430807702e-07, 8.22689969482e-08, 1.4176119123e-07, 7.25262481183e-08, 2.9714277261e-08, 4.77471528981e-09, 1.86673121405e-09, 1.03786601535e-09, 5.15600673268e-09, 1.74066705494e-09, 8.21712364818e-10, 8.29805668623e-10, 4.36452901598e-10, 3.78491071817e-10, 2.86275031458e-10, 1.86631821109e-10, 1.73610792409e-10, 1.29631444468e-10, 1.0960304192e-10, 9.59286539093e-11, 1.00426514327e-10, 1.53606544151e-10, 1.32107866313e-10, 8.05336006215e-11, 5.02017385995e-11],
        "dmean2": [2.06629362509e-08, 1.36707171805e-07, 2.53359274893e-07, 1.4894146716e-06, 5.05634088768e-05, 0.00102883507498, 0.000744719465729, 3.13386735797e-05, 6.28761627013e-05, 5.95003657509e-05, 1.80853639904e-05, 1.16249912026e-05, 5.73110082769e-06, 2.21371251996e-07, 6.19652041678e-07, 3.4384103742e-07, 1.41825410083e-07, 2.61758287934e-07, 1.23624772641e-07, 4.9317954165e-08, 7.62121121767e-09, 3.02150549025e-09, 1.58444291021e-09, 8.1001569896e-09, 2.77781908586e-09, 1.33826372206e-09, 1.41722200642e-09, 7.14021175519e-10, 6.00522187533e-10, 4.38033831429e-10, 2.81136003366e-10, 2.82282391906e-10, 1.90267732125e-10, 1.58292698393e-10, 1.42074227383e-10, 1.57874671669e-10, 2.61771160304e-10, 2.31762650738e-10, 1.33626762433e-10, 7.72295144502e-11],
        "dvar": [1.32981568093e-15, 5.07323776901e-14, 4.18783389043e-14, 2.48503713267e-12, 1.62283910754e-08, 5.05244088345e-06, 3.26730469169e-06, 7.26326643274e-09, 1.48540282296e-08, 6.86962353669e-09, 8.55865489591e-10, 9.15078846031e-10, 3.32437494199e-10, 2.11557225731e-13, 4.90895908992e-12, 1.24660622536e-12, 8.22141698253e-14, 5.99974171907e-13, 1.10473458994e-13, 2.302229452e-14, 2.88725526692e-16, 1.66820491984e-17, 4.80422115714e-18, 4.58224230976e-16, 5.36429042608e-17, 3.62104310205e-18, 3.39692389175e-18, 4.39044411484e-19, 4.26291561185e-19, 3.01194995046e-19, 1.30383969237e-19, 9.32194745608e-20, 5.18582402723e-20, 4.1974724422e-20, 2.41417217729e-20, 6.27970447138e-20, 4.54935223135e-19, 2.83454426599e-19, 3.47050799203e-20, 8.0488615634e-21],
        "dvar2": [1.75771502066e-15, 1.57967050356e-13, 1.123125166e-13, 7.11444314919e-12, 2.68329340969e-08, 9.0828325483e-06, 7.65447566664e-06, 1.47090313263e-08, 3.49782069975e-08, 1.40040574692e-08, 1.90525883959e-09, 2.33357821955e-09, 6.55665799432e-10, 5.57711700173e-13, 1.30236325196e-11, 3.61510062337e-12, 2.42329078895e-13, 1.71635058596e-12, 3.0635834581e-13, 5.94000217936e-14, 6.70353150583e-16, 4.22156290915e-17, 1.07283116876e-17, 1.09078192442e-15, 1.34571816865e-16, 8.92674457349e-18, 8.92436394769e-18, 1.0120024365e-18, 1.05758742948e-18, 5.92682456917e-19, 2.04304176272e-19, 1.96460384414e-19, 8.34943379484e-20, 5.3296306692e-20, 3.64865038424e-20, 1.49934602735e-19, 1.32092089448e-18, 8.33482177857e-19, 8.93892664332e-20, 1.33035506385e-20],
        "max": [3.89342289964e-07, 1.65240749084e-06, 1.55603834173e-06, 9.95413029159e-06, 0.00165874464437, 0.0213666781783, 0.0136448601261, 0.000753564178012, 0.00111867161468, 0.000778479035944, 0.00025440347963, 0.000259748107055, 0.000181551440619, 4.76830473417e-06, 2.13519288081e-05, 9.91862816591e-06, 2.4243097414e-06, 6.62631464365e-06, 2.71405110652e-06, 1.42245562529e-06, 1.61442244462e-07, 2.92542701175e-08, 1.74277552389e-08, 1.98438243615e-07, 7.14959824677e-08, 1.56305848265e-08, 1.19856462533e-08, 4.2828043334e-09, 3.94708576934e-09, 3.69783559329e-09, 2.70779243472e-09, 2.30977015292e-09, 2.04238248536e-09, 1.91155469231e-09, 1.36274824758e-09, 2.13679918204e-09, 5.84000092729e-09, 4.48184778179e-09, 1.50583856495e-09, 9.19677278777e-10],
        "mean": [1.63483555582e-08, 8.52289758768e-08, 2.03541617338e-07, 1.51853646457e-06, 0.000134659800096, 0.000940571015235, 0.000518024840858, 3.79357843485e-05, 9.14202610147e-05, 0.000145968500874, 3.01624331769e-05, 6.44090914648e-06, 3.86012197851e-06, 1.71602081878e-07, 3.60823378287e-07, 2.70568023097e-07, 1.36449315846e-07, 1.08750406014e-07, 7.48027488839e-08, 2.56484522509e-08, 5.75908476463e-09, 2.69860378488e-09, 1.85812998321e-09, 5.79672576606e-09, 2.26496221778e-09, 1.21972121292e-09, 1.09625519773e-09, 7.36274097246e-10, 5.93265547799e-10, 4.80822937021e-10, 3.83844594998e-10, 3.18544718381e-10, 2.75822670259e-10, 2.56252602471e-10, 2.36984654123e-10, 2.20778395565e-10, 2.43463027516e-10, 2.28994628815e-10, 1.87449861189e-10, 1.55933405077e-10],
        "median": [8.96332963407e-09, 5.96230904648e-08, 1.34778815664e-07, 1.10211271931e-06, 9.50785179157e-05, 0.000133979236125, 4.1978295485e-05, 7.11244138074e-06, 1.71725550899e-05, 4.89020094392e-05, 9.74636350293e-06, 3.95570566525e-07, 3.04847048938e-07, 5.09396471671e-08, 3.70257708937e-08, 9.50507512698e-08, 7.00321791669e-08, 1.13112044176e-08, 1.05982120857e-08, 3.50789330916e-09, 2.86172108233e-09, 1.79210457585e-09, 1.33338606823e-09, 1.37935352029e-09, 1.11219788934e-09, 7.31485760852e-10, 6.52421394687e-10, 4.97561825075e-10, 3.79170361775e-10, 3.19507087454e-10, 2.70368838429e-10, 2.39745334696e-10, 2.01446276327e-10, 1.95276045334e-10, 1.85306811562e-10, 1.65246608064e-10, 1.70798652999e-10, 1.73046521557e-10, 1.47866358047e-10, 1.37527336741e-10],
        "min": [1.18238951963e-09, 6.88458090536e-09, 1.291950813e-08, 1.24822093994e-07, 8.8423021225e-06, 6.04213710176e-06, 1.37585277571e-06, 2.6999612146e-07, 8.99426311207e-07, 8.93775109034e-07, 5.91287175666e-07, 2.64589292698e-08, 9.28674737111e-09, 3.09052072822e-09, 3.02183789103e-09, 4.71559058468e-09, 3.73192499126e-09, 1.89206095236e-09, 1.28469745952e-09, 5.17889287011e-10, 5.91030835384e-10, 3.31026206446e-10, 2.96195679095e-10, 2.51234505422e-10, 1.79582154702e-10, 1.77173387073e-10, 2.03006875199e-10, 1.31304231377e-10, 9.37016852998e-11, 9.68357408149e-11, 8.29624841048e-11, 8.42942868284e-11, 5.62544316685e-11, 5.38992531163e-11, 4.37769577533e-11, 4.08645617345e-11, 6.09490583003e-11, 5.64421599736e-11, 5.27000179606e-11, 4.67744523669e-11],
        "var": [1.33109099491e-15, 2.75678765026e-14, 4.70880489277e-14, 2.15770478741e-12, 3.87139884594e-08, 7.31852514946e-06, 3.43003898706e-06, 9.02967833838e-09, 3.26017470798e-08, 3.85211507137e-08, 2.21022955493e-09, 7.20842663338e-10, 3.91917193143e-10, 2.38413076174e-13, 4.09165930304e-12, 7.83043551875e-13, 7.1068131035e-14, 3.58764423334e-13, 8.33041250456e-14, 1.79206845354e-14, 2.65299851154e-16, 1.43600473398e-17, 5.18864052552e-18, 4.11557638961e-16, 4.66691662008e-17, 3.46797353649e-18, 2.60620705496e-18, 5.67955340071e-19, 5.06470177959e-19, 3.60729484328e-19, 1.82984849679e-19, 1.06625836318e-19, 7.68704242371e-20, 6.73688267229e-20, 4.28972569872e-20, 5.99381017217e-20, 2.66790899009e-19, 1.57939656038e-19, 2.86500855247e-20, 1.1002253395e-20]
    },
    "mfcc": {
        "mean": [-958.07421875, 178.150054932, 37.1228790283, -44.6983261108, -57.9282913208, -49.3523216248, -41.2087364197, -31.3189277649, -16.5379905701, -4.3296585083, -4.88045549393, -13.2800598145, -14.2945928574],
        "cov": [[891.6875, 576.746337891, -293.668060303, -299.562164307, -72.9203414917, -59.0524864197, -100.972625732, -133.761993408, -106.870094299, 3.95914673805, 58.9750289917, 63.3498573303, 151.302185059], [576.746337891, 451.308166504, -123.207046509, -244.96156311, -100.642677307, -45.516910553, -82.0927734375, -120.048736572, -88.9255371094, 12.7731561661, 72.7007369995, 53.977897644, 65.7755126953], [-293.668060303, -123.207046509, 187.430007935, 96.5772476196, -11.9285821915, 5.46529531479, 4.77525997162, -10.1856546402, 1.24840950966, 9.86847305298, 20.1173362732, 6.96439886093, -73.1477355957], [-299.562164307, -244.96156311, 96.5772476196, 217.660873413, 108.468429565, 10.4722700119, -1.19403839111, 22.9732513428, 24.6981487274, -12.2350997925, -29.2400112152, -2.00936484337, -2.91006803513], [-72.9203414917, -100.642677307, -11.9285821915, 108.468429565, 106.829704285, 21.9482078552, -9.13740158081, 15.9053869247, 15.5766716003, -15.6166477203, -31.5674915314, -2.89704227448, 39.33934021], [-59.0524864197, -45.516910553, 5.46529531479, 10.4722700119, 21.9482078552, 57.4951629639, 59.8386535645, 44.224571228, 22.7018318176, -3.81785869598, -8.88805675507, -1.33465671539, -9.68820953369], [-100.972625732, -82.0927734375, 4.77525997162, -1.19403839111, -9.13740158081, 59.8386535645, 115.081565857, 100.074363708, 44.3645515442, -3.52826094627, -19.0985946655, -15.3184900284, -28.4132614136], [-133.761993408, -120.048736572, -10.1856546402, 22.9732513428, 15.9053869247, 44.224571228, 100.074363708, 126.433784485, 73.4599304199, -7.33936548233, -42.5555000305, -32.1069297791, -9.70324897766], [-106.870094299, -88.9255371094, 1.24840950966, 24.6981487274, 15.5766716003, 22.7018318176, 44.3645515442, 73.4599304199, 65.8524017334, 10.8400745392, -29.3596553802, -28.2067680359, -8.82255744934], [3.95914673805, 12.7731561661, 9.86847305298, -12.2350997925, -15.6166477203, -3.81785869598, -3.52826094627, -7.33936548233, 10.8400745392, 28.5054340363, 18.7148571014, -1.85616803169, -17.3297367096], [58.9750289917, 72.7007369995, 20.1173362732, -29.2400112152, -31.5674915314, -8.88805675507, -19.0985946655, -42.5555000305, -29.3596553802, 18.7148571014, 58.0546150208, 40.2052612305, -9.39497280121], [63.3498573303, 53.977897644, 6.96439886093, -2.00936484337, -2.89704227448, -1.33465671539, -15.3184900284, -32.1069297791, -28.2067680359, -1.85616803169, 40.2052612305, 61.0670852661, 33.5911560059], [151.302185059, 65.7755126953, -73.1477355957, -2.91006803513, 39.33934021, -9.68820953369, -28.4132614136, -9.70324897766, -8.82255744934, -17.3297367096, -9.39497280121, 33.5911560059, 97.1195220947]],
