{
"lowlevel": {
    "average_loudness": 0.989351689816,
    "barkbands_crest": {
        "dmean": 0.581295371056,
        "dmean2": 0.617775201797,
        "dvar": 0.324025481939,
        "dvar2": 0.379191309214,
        "max": 21.4729385376,
        "mean": 20.1714019775,
        "median": 20.2404766083,
        "min": 5.84330940247,
        "var": 0.934772968292
    },
    "barkbands_flatness_db": {
        "dmean": 0.0276343263686,
        "dmean2": 0.0463234335184,
        "dvar": 0.000506592565216,
        "dvar2": 0.00122115027625,
        "max": 0.509372889996,
        "mean": 0.445282489061,
        "median": 0.448857963085,
        "min": 0.0883734077215,
        "var": 0.00103231391404
    },
    "barkbands_kurtosis": {
        "dmean": 39.8910064697,
        "dmean2": 68.884262085,
        "dvar": 954.224243164,
        "dvar2": 2549.71655273,
        "max": 252.690261841,
        "mean": 140.550872803,
        "median": 142.306167603,
        "min": 7.64889431,
        "var": 2473.1328125
    },
    "barkbands_skewness": {
        "dmean": 2.08229541779,
        "dmean2": 3.61955356598,
        "dvar": 2.7861354351,
        "dvar2": 7.33716201782,
        "max": 11.8701992035,
        "mean": 6.4531006813,
        "median": 6.15597295761,
        "min": 2.1620593071,
        "var": 5.78553819656
    },
    "barkbands_spread": {
        "dmean": 0.123529054224,
        "dmean2": 0.192661270499,
        "dvar": 0.333955019712,
        "dvar2": 0.344683080912,
        "max": 16.2350616455,
        "mean": 0.491666465998,
        "median": 0.436917245388,
        "min": 0.28544613719,
        "var": 0.361286520958
    },
    "dissonance": {
        "dmean": 0.0146369375288,
        "dmean2": 0.0229090396315,
        "dvar": 0.000154279390699,
        "dvar2": 0.000380628043786,
        "max": 0.493742734194,
        "mean": 0.46194884181,
        "median": 0.464337706566,
        "min": 0.389990419149,
        "var": 0.000274343590718
    },
    "dynamic_complexity": 0.254196465015,
    "erbbands_crest": {
        "dmean": 2.32279682159,
        "dmean2": 2.37001609802,
        "dvar": 1.59009099007,
        "dvar2": 1.96221113205,
        "max": 26.5946388245,
        "mean": 20.6588573456,
        "median": 20.4193935394,
        "min": 2.99322223663,
        "var": 8.77335929871
    },
    "erbbands_flatness_db": {
        "dmean": 0.0240401830524,
        "dmean2": 0.0402957350016,
        "dvar": 0.000357747339876,
        "dvar2": 0.00091881834669,
        "max": 0.363246649504,
        "mean": 0.298244029284,
        "median": 0.300657838583,
        "min": 0.0757647901773,
        "var": 0.000734918401577
    },
    "erbbands_kurtosis": {
        "dmean": 21.3511810303,
        "dmean2": 36.842540741,
        "dvar": 279.89642334,
        "dvar2": 762.653259277,
        "max": 99.890586853,
        "mean": 43.4568977356,
        "median": 42.9992752075,
        "min": -0.0878114700317,
        "var": 492.23260498
    },
    "erbbands_skewness": {
        "dmean": 1.26970243454,
        "dmean2": 2.17288398743,
        "dvar": 1.10732579231,
        "dvar2": 2.96909832954,
        "max": 8.5589466095,
        "mean": 5.8803730011,
        "median": 6.19043397903,
        "min": 0.718895733356,
        "var": 1.92447042465
    },
    "erbbands_spread": {
        "dmean": 6.27744054794,
        "dmean2": 10.8481388092,
        "dvar": 44.7153625488,
        "dvar2": 118.506843567,
        "max": 53.1525154114,
        "mean": 10.6618881226,
        "median": 7.87939500809,
        "min": 2.58689498901,
        "var": 62.4482879639
    },
    "hfc": {
        "dmean": 3.67906355858,
        "dmean2": 3.74669551849,
        "dvar": 4.78079891205,
        "dvar2": 5.36598873138,
        "max": 28.7850914001,
        "mean": 21.1482524872,
        "median": 20.6370754242,
        "min": 0.980290412903,
        "var": 18.1566257477
    },
    "melbands_crest": {
        "dmean": 1.32101035118,
        "dmean2": 1.28305959702,
        "dvar": 0.54387897253,
        "dvar2": 0.525866031647,
        "max": 32.3057899475,
        "mean": 29.5680618286,
        "median": 29.540561676,
        "min": 13.0438203812,
        "var": 2.94512701035
    },
    "melbands_flatness_db": {
        "dmean": 0.0336449556053,
        "dmean2": 0.0563560239971,
        "dvar": 0.000725640216842,
        "dvar2": 0.00180956150871,
        "max": 0.657338678837,
        "mean": 0.577875316143,
        "median": 0.582480430603,
        "min": 0.196566820145,
        "var": 0.00147387420293
    },
    "melbands_kurtosis": {
        "dmean": 92.7995300293,
        "dmean2": 157.593841553,
        "dvar": 5998.65771484,
        "dvar2": 15069.5341797,
        "max": 560.895141602,
        "mean": 209.37310791,
        "median": 186.800827026,
        "min": 17.5468559265,
        "var": 12543.1220703
    },
    "melbands_skewness": {
        "dmean": 2.59216761589,
        "dmean2": 4.45801591873,
        "dvar": 5.15275382996,
        "dvar2": 13.3853874207,
        "max": 16.7524547577,
        "mean": 6.38001441956,
        "median": 5.61386442184,
        "min": 1.96663141251,
        "var": 9.49960613251
    },
    "melbands_spread": {
        "dmean": 0.0682133361697,
        "dmean2": 0.0947458669543,
        "dvar": 0.152787268162,
        "dvar2": 0.152207657695,
        "max": 11.1353912354,
        "mean": 0.379178076982,
        "median": 0.352403670549,
        "min": 0.241485759616,
        "var": 0.165506705642
    },
    "pitch_salience": {
        "dmean": 0.0180854313076,
        "dmean2": 0.020038606599,
        "dvar": 0.000370081397705,
        "dvar2": 0.000454550900031,
        "max": 0.826686263084,
        "mean": 0.253234982491,
        "median": 0.248043835163,
        "min": 0.171680465341,
        "var": 0.00176096707582
    },
    "silence_rate_20dB": {
        "dmean": 0,
        "dmean2": 0,
        "dvar": 0,
        "dvar2": 0,
        "max": 1,
        "mean": 1,
        "median": 1,
        "min": 1,
        "var": 0
    },
    "silence_rate_30dB": {
        "dmean": 0.00277777784504,
        "dmean2": 0.00278164120391,
        "dvar": 0.00277003482915,
        "dvar2": 0.002773914719,
        "max": 1,
        "mean": 0.00277392519638,
        "median": 0,
        "min": 0,
        "var": 0.00276622455567
    },
    "silence_rate_60dB": {
        "dmean": 0,
        "dmean2": 0,
        "dvar": 0,
        "dvar2": 0,
        "max": 0,
        "mean": 0,
        "median": 0,
        "min": 0,
        "var": 0
    },
    "spectral_centroid": {
        "dmean": 18.24518013,
        "dmean2": 30.9911365509,
        "dvar": 400.038787842,
        "dvar2": 1078.68847656,
        "max": 300.454071045,
        "mean": 147.734695435,
        "median": 141.244018555,
        "min": 117.802429199,
        "var": 524.230163574
    },
    "spectral_complexity": {
        "dmean": 0.822222232819,
        "dmean2": 1.2878998518,
        "dvar": 0.523952186108,
        "dvar2": 1.00334346294,
        "max": 6,
        "mean": 3.40221905708,
        "median": 3,
        "min": 1,
        "var": 0.842381834984
    },
    "spectral_decrease": {
        "dmean": 7.09940994881e-09,
        "dmean2": 7.23979409756e-09,
        "dvar": 1.81541593735e-17,
        "dvar2": 2.10774024234e-17,
        "max": -5.25818555364e-10,
        "mean": -4.7700503103e-08,
        "median": -4.66056881976e-08,
        "min": -6.07404615494e-08,
        "var": 6.85543468882e-17
    },
    "spectral_energy": {
        "dmean": 0.0271276980639,
        "dmean2": 0.0276617705822,
        "dvar": 0.000264950591372,
        "dvar2": 0.000307419162709,
        "max": 0.231709092855,
        "mean": 0.181950286031,
        "median": 0.177801460028,
        "min": 0.00207347655669,
        "var": 0.00100069097243
    },
    "spectral_energyband_high": {
        "dmean": 1.95820357476e-05,
        "dmean2": 3.34440919687e-05,
        "dvar": 5.28134980193e-10,
        "dvar2": 1.39907307961e-09,
        "max": 0.000204724143259,
        "mean": 2.73119767371e-05,
        "median": 1.87116693269e-05,
        "min": 2.94993174066e-06,
        "var": 6.61267041124e-10
    },
    "spectral_energyband_low": {
        "dmean": 0.0243295878172,
        "dmean2": 0.024972576648,
        "dvar": 0.000215425898205,
        "dvar2": 0.000255138089415,
        "max": 0.221814125776,
        "mean": 0.172987878323,
        "median": 0.170139163733,
        "min": 0.00102152698673,
        "var": 0.000834802747704
    },
    "spectral_energyband_middle_high": {
        "dmean": 6.16491743131e-05,
        "dmean2": 0.000105096543848,
        "dvar": 5.28899324337e-09,
        "dvar2": 1.41991298719e-08,
        "max": 0.000659465149511,
        "mean": 9.15447672014e-05,
        "median": 6.43963940092e-05,
        "min": 1.42908738781e-05,
        "var": 6.81141187897e-09
    },
    "spectral_energyband_middle_low": {
        "dmean": 0.00690345978364,
        "dmean2": 0.00696932012215,
        "dvar": 1.64396406035e-05,
        "dvar2": 1.91567869479e-05,
        "max": 0.0456140190363,
        "mean": 0.0166115760803,
        "median": 0.0152986263856,
        "min": 0.000948041095398,
        "var": 7.2932918556e-05
    },
    "spectral_entropy": {
        "dmean": 0.389573723078,
        "dmean2": 0.670433819294,
        "dvar": 0.0935762599111,
        "dvar2": 0.253418982029,
        "max": 7.21563768387,
        "mean": 5.41806173325,
        "median": 5.3588051796,
        "min": 4.64383935928,
        "var": 0.171894878149
    },
    "spectral_flux": {
        "dmean": 0.0256784129888,
        "dmean2": 0.0432844869792,
        "dvar": 0.000406449253205,
        "dvar2": 0.000901748542674,
        "max": 0.424528867006,
        "mean": 0.0596404001117,
        "median": 0.0610792227089,
        "min": 0.0178247559816,
        "var": 0.000608756963629
    },
    "spectral_kurtosis": {
        "dmean": 6.66847991943,
        "dmean2": 11.9722309113,
        "dvar": 33.6300354004,
        "dvar2": 104.353149414,
        "max": 41.7002410889,
        "mean": 11.4003200531,
        "median": 10.1958007812,
        "min": 0.567490100861,
        "var": 44.4694442749
    },
    "spectral_rms": {
        "dmean": 0.00100333977025,
        "dmean2": 0.00101681740489,
        "dvar": 5.11428595473e-07,
        "dvar2": 5.95337496634e-07,
        "max": 0.0150352139026,
        "mean": 0.013267009519,
        "median": 0.0131706055254,
        "min": 0.00142228836194,
        "var": 1.49883123868e-06
    },
    "spectral_rolloff": {
        "dmean": 4.24682617188,
        "dmean2": 7.99633550644,
        "dvar": 248.579574585,
        "dvar2": 348.144378662,
        "max": 516.796875,
        "mean": 129.528762817,
        "median": 129.19921875,
        "min": 107.666015625,
        "var": 257.777618408
    },
    "spectral_skewness": {
        "dmean": 0.728681206703,
        "dmean2": 1.28075540066,
        "dvar": 0.355123490095,
        "dvar2": 1.04630100727,
        "max": 5.10305213928,
        "mean": 2.5392165184,
        "median": 2.52525091171,
        "min": 0.937563657761,
        "var": 0.574390232563
    },
    "spectral_spread": {
        "dmean": 454084,
        "dmean2": 760313.125,
        "dvar": 489743679488,
        "dvar2": 609421033472,
        "max": 21267444,
        "mean": 2873404.25,
        "median": 2864776.5,
        "min": 1643387.125,
        "var": 668456386560
    },
    "spectral_strongpeak": {
        "dmean": 0.34245839715,
        "dmean2": 0.651980161667,
        "dvar": 0.108214475214,
        "dvar2": 0.230777978897,
        "max": 2.27316021919,
        "mean": 1.57264184952,
        "median": 1.37544882298,
        "min": 0.0375456400216,
        "var": 0.10418882966
    },
    "zerocrossingrate": {
        "dmean": 0.000147162543726,
        "dmean2": 0.000258062413195,
        "dvar": 1.34307128974e-07,
        "dvar2": 2.35818660599e-07,
        "max": 0.0078125,
        "mean": 0.00497694732621,
        "median": 0.0048828125,
        "min": 0.00146484375,
        "var": 1.50856450887e-07
    },
    "barkbands": {
        "dmean": [5.32051562914e-05, 0.00240674056113, 0.0203467532992, 0.00610276451334, 0.00113620306365, 8.06975003798e-05, 1.3014074284e-05, 1.40353386087e-05, 6.6921211328e-06, 5.43681153431e-06, 4.69313317808e-06, 2.97236601909e-06, 3.26263966599e-06, 3.69510212295e-06, 4.88675505039e-06, 2.92104982691e-06, 2.63314268523e-06, 5.27863858224e-06, 2.62415760517e-05, 1.35322670758e-05, 9.52606205828e-06, 1.26806708067e-06, 4.65954457241e-07, 5.28816201495e-07, 5.83595500814e-08, 5.75645131562e-08, 2.9193172324e-08],
        "dmean2": [8.99646620383e-05, 0.00305093615316, 0.0205508712679, 0.00619219010696, 0.00114464829676, 8.49709686008e-05, 2.06903641811e-05, 2.46037034231e-05, 1.13120859169e-05, 9.24256983126e-06, 8.01214537205e-06, 5.08778066433e-06, 5.73674378757e-06, 6.36063577986e-06, 8.48928084451e-06, 4.89715512231e-06, 4.52340736956e-06, 8.83592201717e-06, 4.51835294371e-05, 2.34236304095e-05, 1.62537944561e-05, 2.20581455324e-06, 7.96779261236e-07, 8.22593847261e-07, 8.83426807263e-08, 9.55268291136e-08, 5.16691862629e-08],
        "dvar": [1.1248140197e-08, 3.39270854965e-06, 0.000143304132507, 1.18240441225e-05, 1.04316859506e-06, 3.74535336078e-09, 1.85437859512e-10, 1.80677445227e-10, 5.34183322576e-11, 3.11037307021e-11, 3.47315717852e-11, 1.09065118048e-11, 1.55163677046e-11, 1.90573477138e-11, 3.71933039922e-11, 1.12475636443e-11, 1.01111705814e-11, 3.51305443069e-11, 1.01907937644e-09, 2.77137035543e-10, 1.21422469301e-10, 2.42347027862e-12, 3.07219473385e-13, 2.74024699416e-13, 2.59270415467e-14, 2.49334261598e-14, 2.61288200413e-14],
        "dvar2": [1.46614445029e-08, 6.0209304138e-06, 0.000174125641934, 1.32676605062e-05, 1.52502366291e-06, 5.6568358886e-09, 4.57925614095e-10, 5.55205770247e-10, 1.50067971938e-10, 8.49339626408e-11, 9.46255088174e-11, 2.80096761757e-11, 4.32708729958e-11, 5.06846543902e-11, 1.02725140894e-10, 2.99035657347e-11, 2.68799964925e-11, 9.04899696841e-11, 2.70206701458e-09, 7.32074068033e-10, 3.26306592857e-10, 6.31651241728e-12, 8.30134192723e-13, 5.95624515421e-13, 5.4068884515e-14, 5.13797005972e-14, 5.38997930219e-14],
        "max": [0.0029426086694, 0.0363491922617, 0.176294505596, 0.0296430699527, 0.0160213299096, 0.00076712295413, 0.000233393919189, 9.66694642557e-05, 5.52483543288e-05, 4.34129251516e-05, 6.53149254504e-05, 2.67010145762e-05, 3.76303069061e-05, 4.28923522122e-05, 5.31974510523e-05, 3.45643929904e-05, 3.26525296259e-05, 5.90233103139e-05, 0.000258265907178, 0.000149395811604, 9.49039749685e-05, 1.42285098264e-05, 5.0588942031e-06, 4.85713371745e-06, 4.44621628048e-06, 4.19399657403e-06, 4.41590964328e-06],
        "mean": [0.000304566870909, 0.0288175344467, 0.13609944284, 0.0123339295387, 0.00402459595352, 0.000187870246009, 3.23497624777e-05, 2.19601333811e-05, 9.63250295172e-06, 8.89856073627e-06, 7.33138858777e-06, 4.88098021378e-06, 4.41624933956e-06, 4.91118817081e-06, 6.25672646493e-06, 3.98527936341e-06, 3.39922462445e-06, 8.44495389174e-06, 3.2295458368e-05, 1.80188726517e-05, 1.24965426949e-05, 1.68016697444e-06, 6.97463917732e-07, 9.14812858355e-07, 1.53049469986e-07, 1.09399358905e-07, 1.83400814535e-07],
        "median": [0.000299462000839, 0.0286907963455, 0.134718686342, 0.0113524608314, 0.00357358041219, 0.000159310657182, 2.86467875412e-05, 1.84473483387e-05, 7.0800128924e-06, 6.75011688145e-06, 5.51591574549e-06, 3.66821473108e-06, 2.91167771138e-06, 3.3159344639e-06, 3.98400879931e-06, 2.64233926828e-06, 2.28086469178e-06, 6.41389715383e-06, 2.04628577194e-05, 1.16190421977e-05, 8.38534469949e-06, 1.10199368919e-06, 5.017338367e-07, 6.9868991659e-07, 1.2478378153e-07, 8.22038330739e-08, 1.76175277034e-07],
        "min": [4.18597919634e-05, 0.000442022079369, 0.000448473583674, 0.000170846760739, 0.000351781782228, 2.78665247606e-05, 6.21299204795e-06, 1.62205583365e-06, 6.62504874072e-07, 6.23823837032e-07, 5.10856295932e-07, 3.76481978037e-07, 3.72163270868e-07, 3.64953706367e-07, 3.53765386762e-07, 2.66991321496e-07, 2.51224605563e-07, 1.23559868825e-06, 1.55797181378e-06, 1.24407699786e-06, 1.11972337891e-06, 1.34210608849e-07, 9.13984763429e-08, 9.50153165036e-08, 4.07926243895e-08, 1.55936792368e-08, 7.36500140874e-08],
        "var": [1.27378054771e-08, 9.06055902306e-06, 0.00058475183323, 5.17695480085e-05, 4.0391391849e-06, 1.50658561182e-08, 2.80658302154e-10, 2.19143952984e-10, 6.92464904861e-11, 4.44595540938e-11, 4.2137578149e-11, 1.50985803721e-11, 1.82612831107e-11, 2.36835950157e-11, 4.38690646309e-11, 1.51286812938e-11, 1.25543750742e-11, 4.78741178644e-11, 1.21969712108e-09, 3.40931560761e-10, 1.47159881503e-10, 2.93812565423e-12, 3.97810961689e-13, 5.02896769367e-13, 5.20320989257e-14, 4.85415676296e-14, 4.99487671818e-14]
    },
    "erbbands": {
        "dmean": [0.0137932673097, 0.795825362206, 14.1664276123, 29.0871658325, 9.27501487732, 3.06584787369, 1.15098822117, 0.653011500835, 0.228453189135, 0.267561346292, 0.196690753102, 0.161825165153, 0.0918979197741, 0.247227013111, 0.180922850966, 0.114494226873, 0.149768695235, 0.174981757998, 0.249123707414, 0.209680601954, 0.157491594553, 0.146348237991, 0.217560365796, 1.06296467781, 1.02138292789, 0.615218877792, 0.6585303545, 0.162914514542, 0.0537157058716, 0.0297083538026, 0.0107861151919, 0.00892727077007, 0.00930845271796, 0.000928212888539, 0.00054578401614, 0.000369731249521, 8.12468497315e-05, 1.33122912302e-05, 1.32057439259e-05, 2.95349000226e-05],
        "dmean2": [0.0193476397544, 1.00357103348, 14.9429368973, 28.9761123657, 9.02761268616, 3.07040524483, 1.18061327934, 0.718931078911, 0.33245652914, 0.462791353464, 0.337411433458, 0.272584199905, 0.161395609379, 0.41772711277, 0.309848874807, 0.195793867111, 0.262143820524, 0.30369117856, 0.434303045273, 0.359383314848, 0.265576809645, 0.250810682774, 0.36253452301, 1.84090650082, 1.76082730293, 1.06593716145, 1.1234536171, 0.28158172965, 0.0929826647043, 0.0511235073209, 0.0184473413974, 0.0138142257929, 0.0145024843514, 0.00142830424011, 0.000838258420117, 0.000595097313635, 0.000135923328344, 2.41377001657e-05, 1.52173261085e-05, 3.02100761473e-05],
        "dvar": [0.000201457165531, 0.436863720417, 97.9209518433, 237.955749512, 32.785697937, 6.37718105316, 1.0178643465, 0.262082278728, 0.0467930696905, 0.0648363381624, 0.0306538529694, 0.0318085812032, 0.00925247184932, 0.069277793169, 0.0471174940467, 0.0164404343814, 0.0327492468059, 0.0403107069433, 0.0980471372604, 0.0620562359691, 0.033570535481, 0.0314325876534, 0.0570060051978, 1.66345465183, 1.50217068195, 0.588190436363, 0.564197897911, 0.0383082516491, 0.00444667693228, 0.00121363427024, 0.000161924093845, 7.33551059966e-05, 9.05456327018e-05, 3.591453833e-06, 1.36993833166e-06, 4.65886643042e-07, 8.29575981243e-08, 1.01023598376e-08, 6.14079564976e-10, 3.20196480441e-10],
        "dvar2": [0.000311999174301, 0.74914753437, 122.702850342, 264.715759277, 46.2088394165, 7.93396711349, 1.47158932686, 0.425407022238, 0.0978206470609, 0.185170710087, 0.0922200977802, 0.0868170782924, 0.0240105316043, 0.191970020533, 0.127341613173, 0.0428813025355, 0.0904541090131, 0.107145912945, 0.269620716572, 0.164642810822, 0.0899786353111, 0.0834643691778, 0.146175652742, 4.38635158539, 3.92731738091, 1.55473840237, 1.49299323559, 0.101836465299, 0.0116527630016, 0.00323539413512, 0.000431060412666, 0.000161218820722, 0.000201695904252, 7.4205954661e-06, 2.86649355985e-06, 9.88279339253e-07, 1.70957193291e-07, 2.05686490062e-08, 1.34772926152e-09, 4.10288997221e-10],
        "max": [0.433772027493, 14.1267805099, 176.201812744, 136.889526367, 82.3574829102, 36.9664001465, 15.9579725266, 7.10291719437, 3.40637111664, 2.73721909523, 1.89209294319, 1.38275206089, 1.21639072895, 2.07167196274, 2.25702404976, 1.23417389393, 1.63052880764, 1.67572498322, 3.09740662575, 2.28188967705, 1.63190126419, 1.90221488476, 2.28427577019, 10.6972112656, 10.6374158859, 7.06227731705, 6.48574972153, 1.76254880428, 0.600172400475, 0.301686227322, 0.137375324965, 0.11118452996, 0.0816579982638, 0.0493132397532, 0.0315991602838, 0.0170369427651, 0.00779612408951, 0.00272105750628, 0.000725892663468, 0.000290406256681],
        "mean": [0.171870708466, 11.7737188339, 145.142181396, 80.1843109131, 30.1409664154, 8.06403446198, 2.92555236816, 1.5722463131, 0.600857913494, 0.499701887369, 0.3571870327, 0.241823971272, 0.157860890031, 0.391087114811, 0.299201637506, 0.181947425008, 0.205214545131, 0.242855206132, 0.323351949453, 0.280233889818, 0.216749250889, 0.198655441403, 0.366958856583, 1.32501590252, 1.31167769432, 0.821052014828, 0.863608121872, 0.216182559729, 0.0703569501638, 0.0393618345261, 0.0172582603991, 0.0169732253999, 0.0154945226386, 0.00214903405868, 0.00136147311423, 0.000768223952036, 0.000185521275853, 4.58120011899e-05, 0.000100857352663, 0.000200708964258],
        "median": [0.168228328228, 11.6390571594, 144.041366577, 75.9619140625, 28.8678817749, 6.92389774323, 2.46523571014, 1.36466419697, 0.526121377945, 0.428066968918, 0.308341294527, 0.181308656931, 0.126717060804, 0.286351501942, 0.232774183154, 0.136639431119, 0.137214109302, 0.166781872511, 0.205056875944, 0.185877218843, 0.145428434014, 0.133581131697, 0.281421244144, 0.832874298096, 0.859267830849, 0.551971614361, 0.581272304058, 0.145108357072, 0.0457495898008, 0.0253987591714, 0.0126301106066, 0.0135999554768, 0.0114023070782, 0.00171362038236, 0.00111667474266, 0.000601951149292, 0.000144503865158, 3.63398467016e-05, 9.84280923149e-05, 0.000196597000468],
        "min": [0.00879028812051, 0.116029553115, 0.475314795971, 0.608101069927, 0.701871573925, 1.29833626747, 0.818782448769, 0.283916205168, 0.170931890607, 0.0784292519093, 0.0290596559644, 0.0235482174903, 0.0183136779815, 0.0331409424543, 0.0384823642671, 0.0230508744717, 0.0232716277242, 0.0249563194811, 0.0173214096576, 0.0234144609421, 0.0138492109254, 0.0169749595225, 0.0485240481794, 0.0698709636927, 0.0815569832921, 0.0695976093411, 0.064954303205, 0.0169194713235, 0.00512555986643, 0.00324383471161, 0.00277863140218, 0.00276458519511, 0.00136588234454, 0.000465638528112, 0.000392913469113, 0.000168255530298, 5.05473071826e-05, 1.66313493537e-05, 4.71842758998e-05, 5.77965292905e-05],
        "var": [0.000411317014368, 1.1355150938, 325.879669189, 1098.14147949, 170.148513794, 24.1888751984, 3.36087393761, 0.924691736698, 0.0912046954036, 0.0841003209352, 0.0458180531859, 0.042891357094, 0.0129367215559, 0.0976623520255, 0.0612630173564, 0.0223445948213, 0.0380574390292, 0.0520185120404, 0.113164812326, 0.0814372077584, 0.04442095384, 0.0393736958504, 0.0811528563499, 1.99396407604, 1.85284245014, 0.712373077869, 0.716870248318, 0.0453618727624, 0.00529745500535, 0.00154617568478, 0.000217607463128, 0.00014322232164, 0.000155512418132, 6.96397728461e-06, 2.7993794447e-06, 8.87072815203e-07, 1.61323910675e-07, 1.95790690327e-08, 1.13289189141e-09, 1.16744092171e-09]
    },
    "gfcc": {
        "mean": [-119.323692322, 155.379867554, -37.8704071045, 85.3497238159, -7.90256929398, -6.09538602829, -4.26645851135, -11.252114296, -26.9675197601, -17.0458679199, -6.48756742477, -28.2640018463, -8.48713111877],
        "cov": [[549.252990723, -91.0108108521, -326.157501221, 98.5265045166, -21.6756057739, 4.87549114227, 28.9201393127, -33.4256515503, 5.32844018936, -3.76475596428, -49.7387695312, -11.4751434326, -10.0853824615], [-91.0108108521, 64.9870147705, 52.8094558716, -17.9956550598, 2.610060215, -27.1378154755, -0.915278315544, -15.5501384735, 2.74830365181, -2.11595344543, 7.02457284927, 2.97392416, 4.89175462723], [-326.157501221, 52.8094558716, 324.266326904, -69.0211181641, -11.4911632538, -8.79134654999, -92.133102417, 33.6925392151, -38.165096283, -9.17808055878, 41.7226219177, 0.591975390911, 21.5469856262], [98.5265045166, -17.9956550598, -69.0211181641, 47.4162445068, 5.45670795441, -2.02255678177, 8.52045536041, -13.4231729507, 0.0902828648686, -4.49664974213, -7.11790752411, -5.40213012695, 0.265169262886], [-21.6756057739, 2.610060215, -11.4911632538, 5.45670795441, 19.9194145203, 3.37269425392, 13.0451602936, -4.53481674194, 3.22649121284, -1.10270416737, 0.153073653579, 1.06289660931, -1.58637166023], [4.87549114227, -27.1378154755, -8.79134654999, -2.02255678177, 3.37269425392, 25.58618927, 5.26055622101, 12.1939496994, -1.93420815468, -1.56980121136, 1.9034216404, -2.57364630699, -1.75268983841], [28.9201393127, -0.915278315544, -92.133102417, 8.52045536041, 13.0451602936, 5.26055622101, 55.8910102844, -5.6069521904, 20.9982833862, 3.81787753105, -11.8342599869, 2.35998392105, -11.1428489685], [-33.4256515503, -15.5501384735, 33.6925392151, -13.4231729507, -4.53481674194, 12.1939496994, -5.6069521904, 26.5099563599, -0.473485320807, -0.790730893612, 1.58029294014, -6.24476099014, -0.985038936138], [5.32844018936, 2.74830365181, -38.165096283, 0.0902828648686, 3.22649121284, -1.93420815468, 20.9982833862, -0.473485320807, 19.563293457, 5.12022638321, -6.41149282455, -2.52400541306, -8.19006729126], [-3.76475596428, -2.11595344543, -9.17808055878, -4.49664974213, -1.10270416737, -1.56980121136, 3.81787753105, -0.790730893612, 5.12022638321, 12.230761528, -1.69416534901, 0.820899963379, -6.33604669571], [-49.7387695312, 7.02457284927, 41.7226219177, -7.11790752411, 0.153073653579, 1.9034216404, -11.8342599869, 1.58029294014, -6.41149282455, -1.69416534901, 14.1217107773, 0.870592594147, 1.68387889862], [-11.4751434326, 2.97392416, 0.591975390911, -5.40213012695, 1.06289660931, -2.57364630699, 2.35998392105, -6.24476099014, -2.52400541306, 0.820899963379, 0.870592594147, 12.4586114883, 0.952803492546], [-10.0853824615, 4.89175462723, 21.5469856262, 0.265169262886, -1.58637166023, -1.75268983841, -11.1428489685, -0.985038936138, -8.19006729126, -6.33604669571, 1.68387889862, 0.952803492546, 10.2198476791]],
        "icov": [[0.0304280743003, 0.0012158176396, 0.042891047895, 0.000418175681261, 0.0250423420221, 0.00533329928294, 0.0444447137415, 0.00199537281878, 0.047517914325, 0.0395078957081, 0.0356133021414, 0.0183312892914, 0.0474559031427], [0.0012158176396, 0.129773423076, -0.0283605083823, 0.0601990036666, -0.000921845901757, 0.109609365463, -0.0712518170476, 0.0999464392662, -0.0104823559523, 0.041222538799, -0.032334625721, 0.0841917023063, -0.0374486297369], [0.042891047895, -0.0283605083823, 0.0871391296387, 0.00503277080134, 0.020461473614, 0.00174117495771, 0.0964977294207, -0.041818074882, 0.0797736272216, 0.048411346972, 0.0290340278298, 0.00966502074152, 0.0649670138955], [0.000418175681261, 0.0601990036666, 0.00503277080134, 0.0820902958512, -0.0184445474297, 0.0653592795134, -0.0206527318805, 0.0524339079857, 0.019734442234, 0.037654761225, -0.0229788664728, 0.0708275958896, -0.0139178931713], [0.0250423420221, -0.000921845901757, 0.020461473614, -0.0184445474297, 0.0995900705457, -0.0225185863674, 0.00777232367545, 0.02860458754, 0.0293210558593, 0.0366070345044, 0.0358563289046, 0.011650708504, 0.0445199273527], [0.00533329928294, 0.109609365463, 0.00174117495771, 0.0653592795134, -0.0225185863674, 0.176405802369, -0.0532657913864, 0.0292065609246, 0.0342632308602, 0.0449059866369, -0.0605994611979, 0.0800929740071, -0.0232556797564], [0.0444447137415, -0.0712518170476, 0.0964977294207, -0.0206527318805, 0.00777232367545, -0.0532657913864, 0.169982686639, -0.0641268193722, 0.044188503176, 0.0513010546565, 0.0692032948136, -0.0389536842704, 0.105722017586], [0.00199537281878, 0.0999464392662, -0.041818074882, 0.0524339079857, 0.02860458754, 0.0292065609246, -0.0641268193722, 0.18002153933, -0.0175817795098, 0.0474518872797, 0.0206289011985, 0.100518368185, 0.000376828451408], [0.047517914325, -0.0104823559523, 0.0797736272216, 0.019734442234, 0.0293210558593, 0.0342632308602, 0.044188503176, -0.0175817795098, 0.216011032462, 0.0535854510963, 0.0659911707044, 0.0641373991966, 0.129597470164], [0.0395078957081, 0.041222538799, 0.048411346972, 0.037654761225, 0.0366070345044, 0.0449059866369, 0.0513010546565, 0.0474518872797, 0.0535854510963, 0.206205323339, 0.0546126626432, 0.0429394543171, 0.14788672328], [0.0356133021414, -0.032334625721, 0.0290340278298, -0.0229788664728, 0.0358563289046, -0.0605994611979, 0.0692032948136, 0.0206289011985, 0.0659911707044, 0.0546126626432, 0.201209142804, -0.00236290530302, 0.116429910064], [0.0183312892914, 0.0841917023063, 0.00966502074152, 0.0708275958896, 0.011650708504, 0.0800929740071, -0.0389536842704, 0.100518368185, 0.0641373991966, 0.0429394543171, -0.00236290530302, 0.191029906273, -0.00106259528548], [0.0474559031427, -0.0374486297369, 0.0649670138955, -0.0139178931713, 0.0445199273527, -0.0232556797564, 0.105722017586, 0.000376828451408, 0.129597470164, 0.14788672328, 0.116429910064, -0.00106259528548, 0.320681542158]]
    },
    "melbands": {
        "dmean": [0.000345297041349, 0.00544168287888, 0.00458966242149, 0.000355010095518, 5.12930600962e-05, 1.38557907121e-05, 3.1634951938e-06, 3.1656709325e-06, 1.46418472013e-06, 9.79035803539e-07, 4.53299634273e-07, 1.02001354207e-06, 6.40691325771e-07, 3.80351565354e-07, 2.48924237667e-07, 3.66466508694e-07, 3.24551677977e-07, 4.0193990003e-07, 3.4864092413e-07, 2.23794529575e-07, 1.84363798894e-07, 1.67359090142e-07, 1.02681433134e-07, 2.85624764729e-07, 9.31291936013e-07, 1.08346159777e-06, 4.13908821884e-07, 4.12289068663e-07, 5.16217085078e-07, 1.96770614025e-07, 5.76858631973e-08, 3.09408925148e-08, 2.00818686125e-08, 1.46608156726e-08, 6.47518216823e-09, 3.67903973952e-09, 7.38816474666e-09, 8.53066328688e-09, 2.05597872061e-09, 3.66563640553e-10],
        "dmean2": [0.000452864536783, 0.0057455971837, 0.0045453584753, 0.000348041969119, 5.24732895428e-05, 1.51671383719e-05, 4.80277321913e-06, 5.53918471269e-06, 2.53283906204e-06, 1.65466019553e-06, 7.97919994966e-07, 1.72591478531e-06, 1.09011739369e-06, 6.52275332413e-07, 4.30831448739e-07, 6.47066656256e-07, 5.61322167414e-07, 7.00882424098e-07, 6.01171336712e-07, 3.81212259981e-07, 3.13896435955e-07, 2.86303702524e-07, 1.7427747423e-07, 4.76650768633e-07, 1.6168980892e-06, 1.87261366591e-06, 7.20346520211e-07, 7.1171456284e-07, 8.85079032287e-07, 3.37743244927e-07, 9.99104017296e-08, 5.35116733147e-08, 3.48761481916e-08, 2.50181173556e-08, 1.11859623786e-08, 6.18070528091e-09, 1.15200675666e-08, 1.32514843543e-08, 3.26336713208e-09, 5.76248604389e-10],
        "dvar": [7.08083263135e-08, 1.39335224958e-05, 5.92397100263e-06, 6.73395632589e-08, 2.19067963769e-09, 1.19930135267e-10, 9.51932022791e-12, 9.56696787763e-12, 1.89248031308e-12, 1.17209139529e-12, 2.25399370392e-13, 1.15167077264e-12, 6.4559973036e-13, 1.7961207608e-13, 8.10394028901e-14, 1.95772868403e-13, 1.40108167039e-13, 2.51295945858e-13, 1.91534193562e-13, 6.59393668682e-14, 4.64997777696e-14, 3.93113987814e-14, 1.46716508029e-14, 9.78812435834e-14, 1.2745313702e-12, 1.78263762259e-12, 2.4417298153e-13, 2.67803764191e-13, 3.40384702846e-13, 5.09156485148e-14, 5.19916785134e-15, 1.44458631594e-15, 6.09340996816e-16, 2.92782973328e-16, 5.99073978113e-17, 1.86383892497e-17, 5.13381838596e-17, 7.54558853157e-17, 6.33066014128e-18, 2.08222060374e-18],
        "dvar2": [1.26024488623e-07, 1.75987115654e-05, 6.66109099257e-06, 9.50441005898e-08, 3.05287395364e-09, 1.95515825752e-10, 2.09846220262e-11, 2.79587811236e-11, 5.49868744287e-12, 3.15254658316e-12, 5.84721561534e-13, 3.1803832571e-12, 1.75760675545e-12, 4.60656686407e-13, 2.13825864567e-13, 5.50200726993e-13, 3.6971901235e-13, 6.9395867091e-13, 5.20321633002e-13, 1.70622346004e-13, 1.24254393667e-13, 1.04322678426e-13, 3.78270108108e-14, 2.55496687175e-13, 3.3751564911e-12, 4.67857003139e-12, 6.39987412024e-13, 7.16496035679e-13, 8.88025872454e-13, 1.35172309543e-13, 1.39502074307e-14, 3.76805062982e-15, 1.6086541626e-15, 7.96286197533e-16, 1.59603016884e-16, 4.653024618e-17, 1.12233069886e-16, 1.68749410998e-16, 1.38242559873e-17, 4.28814854964e-18],
        "max": [0.00548044126481, 0.0656660571694, 0.0233626905829, 0.00407478166744, 0.000785037584137, 0.000152744876686, 4.90880447614e-05, 2.73277619272e-05, 1.37596025525e-05, 8.22317815619e-06, 6.00104431214e-06, 8.58283419802e-06, 8.73133285495e-06, 3.60699914381e-06, 2.56918406194e-06, 4.15378417529e-06, 2.99754492517e-06, 4.87144325234e-06, 3.67016377822e-06, 2.53704251918e-06, 1.77671711299e-06, 2.05710239243e-06, 1.32900970584e-06, 2.93957668873e-06, 8.9242357717e-06, 1.08081321741e-05, 4.85632472191e-06, 4.51590040029e-06, 4.9110526561e-06, 2.02800856641e-06, 6.38407925635e-07, 3.49843418235e-07, 2.15508478618e-07, 1.3817054878e-07, 7.86273020026e-08, 6.99425015682e-08, 6.79587941477e-08, 7.63339684795e-08, 4.53352164698e-08, 3.992103359e-08],
        "mean": [0.00407720403746, 0.0536572262645, 0.013966076076, 0.00115189200733, 0.000144652687595, 3.35180848197e-05, 8.25061579235e-06, 5.38804761163e-06, 2.61261220658e-06, 1.41639748108e-06, 7.35860680834e-07, 1.5757481151e-06, 1.03626882719e-06, 6.17453622453e-07, 3.70406837646e-07, 4.80934602365e-07, 4.41455057398e-07, 5.14573912369e-07, 4.46392363074e-07, 3.00393907082e-07, 2.47410525844e-07, 2.16382190388e-07, 1.72755107997e-07, 4.54945222828e-07, 1.13250291633e-06, 1.32707384637e-06, 5.60698765639e-07, 5.37361358965e-07, 6.68489633426e-07, 2.58703636291e-07, 7.51769562157e-08, 3.97946351427e-08, 2.65854946946e-08, 1.89865740907e-08, 9.71547287065e-09, 6.9125909441e-09, 1.26637500486e-08, 1.38020475049e-08, 3.68579455845e-09, 9.79892833541e-10],
        "median": [0.0040613533929, 0.0531895533204, 0.0133357476443, 0.00104395579547, 0.000124422847875, 2.86561553366e-05, 7.26075359125e-06, 4.57117948827e-06, 2.20491097025e-06, 1.0455192978e-06, 5.89541741647e-07, 1.14837939691e-06, 7.82026290835e-07, 4.70520518547e-07, 2.66125539383e-07, 3.14056222805e-07, 3.06373976855e-07, 3.25406233515e-07, 2.89192399805e-07, 2.00682379159e-07, 1.65814213915e-07, 1.43098304761e-07, 1.3198618376e-07, 3.48434213038e-07, 6.92269622959e-07, 8.43453392463e-07, 3.83227444445e-07, 3.50016136963e-07, 4.55208322592e-07, 1.77498208132e-07, 4.90654876728e-08, 2.57584460428e-08, 1.75515335599e-08, 1.24145289604e-08, 6.86226675484e-09, 5.65469093772e-09, 9.39035427194e-09, 1.00836095029e-08, 2.78316436564e-09, 7.76685160631e-10],
        "min": [0.000103066238808, 0.00022315030219, 0.000106751205749, 7.18383380445e-05, 4.27163286076e-05, 5.58925694349e-06, 2.30231580645e-06, 6.96879396855e-07, 1.60988491871e-07, 1.02933547907e-07, 6.28075227382e-08, 1.2272710137e-07, 1.19327893344e-07, 4.97601959637e-08, 3.79213673796e-08, 4.69174139539e-08, 3.89110184074e-08, 2.42296316344e-08, 3.2116176385e-08, 2.28610055331e-08, 1.43413290132e-08, 1.46152512315e-08, 1.16519052185e-08, 6.28721466001e-08, 5.1800512324e-08, 7.07235017217e-08, 4.03007121008e-08, 3.98727664219e-08, 2.67337529891e-08, 2.03090024797e-08, 4.73321515315e-09, 2.9258035994e-09, 1.53372059497e-09, 1.4444860863e-09, 1.33292310522e-09, 1.34216993075e-09, 1.34231747939e-09, 8.09172395755e-10, 5.10745667981e-10, 2.26374405332e-10],
        "var": [1.84485671184e-07, 4.70648155897e-05, 2.74106751021e-05, 3.25129263956e-07, 7.34549088222e-09, 4.32265417905e-10, 1.71165494972e-11, 1.16165150416e-11, 2.73245141791e-12, 1.59668328906e-12, 3.1114675181e-13, 1.62824539008e-12, 8.12888656127e-13, 2.46833722082e-13, 1.05240509775e-13, 2.27160683926e-13, 1.78621277925e-13, 2.88305458066e-13, 2.3397725272e-13, 8.83221650655e-14, 6.1102747753e-14, 5.00370720606e-14, 2.071148869e-14, 1.30742232362e-13, 1.5129247681e-12, 2.12178321787e-12, 3.00342650056e-13, 3.20782815458e-13, 4.41077567265e-13, 6.16321772264e-14, 6.05451569752e-15, 1.73979349756e-15, 7.34453798235e-16, 3.72355736553e-16, 7.90735365636e-17, 2.8362180246e-17, 9.70369150006e-17, 1.30469967173e-16, 1.07049049578e-17, 4.15231060381e-18]
    },
    "mfcc": {
        "mean": [-785.561828613, 176.386184692, 45.2227935791, 99.2031173706, 27.2490272522, 26.3375492096, 32.3450698853, 5.81696224213, -1.52734327316, 10.6189012527, -8.31440448761, -3.29859137535, -9.19333648682],
        "cov": [[853.712219238, -220.435699463, -363.378051758, 67.4692687988, -122.495651245, 101.039337158, -52.0123519897, 33.1839752197, 15.6451969147, 42.5769309998, 4.73494434357, -52.3535690308, -3.28082036972], [-220.435699463, 101.849731445, 93.9970779419, -11.7611865997, 19.5344696045, -29.0410690308, 0.937531471252, -17.7144889832, -7.70312786102, -16.9911613464, -2.25386667252, 5.78894519806, 4.39227581024], [-363.378051758, 93.9970779419, 235.987579346, -36.9382553101, 84.0558242798, -77.8396072388, 21.1539554596, -30.9932994843, -23.8308429718, -26.191822052, -28.3708496094, 35.2311973572, -24.7993869781], [67.4692687988, -11.7611865997, -36.9382553101, 39.086151123, -11.1578102112, 15.1671495438, -8.86330986023, -2.2848751545, -1.38046860695, -1.13026678562, 0.7756305933, -11.9871826172, 1.25982499123], [-122.495651245, 19.5344696045, 84.0558242798, -11.1578102112, 51.1940383911, -26.3225498199, 13.0446882248, -11.2977056503, -11.0052499771, -9.52613735199, -16.5217056274, 15.8453245163, -16.7162761688], [101.039337158, -29.0410690308, -77.8396072388, 15.1671495438, -26.3225498199, 38.2912635803, -3.97985434532, 9.81693553925, 3.65600037575, 5.35896253586, 9.86079597473, -14.7579021454, 13.7066478729], [-52.0123519897, 0.937531471252, 21.1539554596, -8.86330986023, 13.0446882248, -3.97985434532, 21.4298534393, 4.64242267609, 0.484113991261, -2.55610251427, -2.81559658051, 6.44222688675, -3.354367733], [33.1839752197, -17.7144889832, -30.9932994843, -2.2848751545, -11.2977056503, 9.81693553925, 4.64242267609, 19.2453403473, 9.28702735901, 5.90470981598, 4.56471633911, -4.16585063934, 5.14131832123], [15.6451969147, -7.70312786102, -23.8308429718, -1.38046860695, -11.0052499771, 3.65600037575, 0.484113991261, 9.28702735901, 16.6459922791, 8.20638656616, 8.05595874786, -4.03368711472, 1.62559235096], [42.5769309998, -16.9911613464, -26.191822052, -1.13026678562, -9.52613735199, 5.35896253586, -2.55610251427, 5.90470981598, 8.20638656616, 19.1808395386, 7.08859682083, -0.534829139709, -1.6632797718], [4.73494434357, -2.25386667252, -28.3708496094, 0.7756305933, -16.5217056274, 9.86079597473, -2.81559658051, 4.56471633911, 8.05595874786, 7.08859682083, 21.9263935089, -2.53219914436, 9.57229423523], [-52.3535690308, 5.78894519806, 35.2311973572, -11.9871826172, 15.8453245163, -14.7579021454, 6.44222688675, -4.16585063934, -4.03368711472, -0.534829139709, -2.53219914436, 19.8927345276, -4.67030525208], [-3.28082036972, 4.39227581024, -24.7993869781, 1.25982499123, -16.7162761688, 13.7066478729, -3.354367733, 5.14131832123, 1.62559235096, -1.6632797718, 9.57229423523, -4.67030525208, 22.6947460175]],
