{
"lowlevel": {
    "average_loudness": 0.84041684866,
    "barkbands_crest": {
        "dmean": 1.75468242168,
        "dmean2": 2.4317741394,
        "dvar": 6.53167009354,
        "dvar2": 15.0267658234,
        "max": 26.8149166107,
        "mean": 20.6801815033,
        "median": 22.2152690887,
        "min": 7.50398302078,
        "var": 21.9792327881
    },
    "barkbands_flatness_db": {
        "dmean": 0.0278434306383,
        "dmean2": 0.0413896627724,
        "dvar": 0.00126258574892,
        "dvar2": 0.00218612048775,
        "max": 0.664815306664,
        "mean": 0.446760356426,
        "median": 0.460305601358,
        "min": 0.122892290354,
        "var": 0.0129782743752
    },
    "barkbands_kurtosis": {
        "dmean": 16.5551185608,
        "dmean2": 25.7553577423,
        "dvar": 1353.58068848,
        "dvar2": 2493.87280273,
        "max": 384.145629883,
        "mean": 59.141368866,
        "median": 31.7587356567,
        "min": -1.91861414909,
        "var": 5488.82470703
    },
    "barkbands_skewness": {
        "dmean": 0.767613112926,
        "dmean2": 1.15493786335,
        "dvar": 1.55441665649,
        "dvar2": 3.29835748672,
        "max": 11.0896873474,
        "mean": 2.32962155342,
        "median": 2.99685573578,
        "min": -7.97128391266,
        "var": 14.9856071472
    },
    "barkbands_spread": {
        "dmean": 1.61298763752,
        "dmean2": 2.4704978466,
        "dvar": 46.3985519409,
        "dvar2": 86.5136947632,
        "max": 88.8855056763,
        "mean": 4.03909873962,
        "median": 1.69081449509,
        "min": 0.0691020190716,
        "var": 125.840034485
    },
    "dissonance": {
        "dmean": 0.0737585797906,
        "dmean2": 0.124674998224,
        "dvar": 0.00365263293497,
        "dvar2": 0.010490606539,
        "max": 0.485198825598,
        "mean": 0.224975734949,
        "median": 0.210201695561,
        "min": 0.0624785609543,
        "var": 0.0103219226003
    },
    "dynamic_complexity": 8.29937934875,
    "erbbands_crest": {
        "dmean": 2.07051491737,
        "dmean2": 2.93328642845,
        "dvar": 8.29858493805,
        "dvar2": 18.3024692535,
        "max": 30.676317215,
        "mean": 21.750295639,
        "median": 21.6256828308,
        "min": 9.7379693985,
        "var": 29.4694099426
    },
    "erbbands_flatness_db": {
        "dmean": 0.0241838973016,
        "dmean2": 0.0347421765327,
        "dvar": 0.00106611207593,
        "dvar2": 0.00174516241532,
        "max": 0.65111386776,
        "mean": 0.43759483099,
        "median": 0.436581552029,
        "min": 0.113195262849,
        "var": 0.0112953940406
    },
    "erbbands_kurtosis": {
        "dmean": 4.62440824509,
        "dmean2": 7.03994750977,
        "dvar": 102.195480347,
        "dvar2": 261.497833252,
        "max": 86.5848693848,
        "mean": 10.2352609634,
        "median": 5.33846759796,
        "min": -0.98668718338,
        "var": 166.67300415
    },
    "erbbands_skewness": {
        "dmean": 0.532664895058,
        "dmean2": 0.786205887794,
        "dvar": 0.570670962334,
        "dvar2": 1.44334423542,
        "max": 6.89435100555,
        "mean": 0.69301456213,
        "median": 0.994836449623,
        "min": -2.78985548019,
        "var": 2.81719470024
    },
    "erbbands_spread": {
        "dmean": 1.19065594673,
        "dmean2": 1.80672311783,
        "dvar": 11.4215393066,
        "dvar2": 25.1465492249,
        "max": 41.4692115784,
        "mean": 4.24743890762,
        "median": 3.56823515892,
        "min": 0.272875487804,
        "var": 23.6111698151
    },
    "hfc": {
        "dmean": 2.36988186836,
        "dmean2": 3.2960524559,
        "dvar": 60.9895820618,
        "dvar2": 120.015182495,
        "max": 90.7715301514,
        "mean": 8.20745849609,
        "median": 1.26472473145,
        "min": 0.00111723411828,
        "var": 328.624969482
    },
    "melbands_crest": {
        "dmean": 1.98000979424,
        "dmean2": 2.69706320763,
        "dvar": 8.4939289093,
        "dvar2": 14.997633934,
        "max": 33.7949485779,
        "mean": 25.2854766846,
        "median": 27.6700496674,
        "min": 8.5091085434,
        "var": 37.8222427368
    },
    "melbands_flatness_db": {
        "dmean": 0.0292729791254,
        "dmean2": 0.0434364117682,
        "dvar": 0.00135840917937,
        "dvar2": 0.00237267673947,
        "max": 0.727833867073,
        "mean": 0.529820203781,
        "median": 0.545550763607,
        "min": 0.158938780427,
        "var": 0.0126762846485
    },
    "melbands_kurtosis": {
        "dmean": 5.08415412903,
        "dmean2": 7.66363382339,
        "dvar": 96.2545928955,
        "dvar2": 222.192581177,
        "max": 112.102828979,
        "mean": 11.3614435196,
        "median": 5.78560447693,
        "min": -1.47609972954,
        "var": 222.705734253
    },
    "melbands_skewness": {
        "dmean": 0.493295580149,
        "dmean2": 0.688721835613,
        "dvar": 0.500958800316,
        "dvar2": 0.870751798153,
        "max": 6.30716943741,
        "mean": 0.943476617336,
        "median": 1.91052436829,
        "min": -4.47408485413,
        "var": 6.12503957748
    },
    "melbands_spread": {
        "dmean": 0.72021394968,
        "dmean2": 1.01474666595,
        "dvar": 1.54797387123,
        "dvar2": 3.00834989548,
        "max": 12.1946258545,
        "mean": 2.73072266579,
        "median": 1.95680856705,
        "min": 0.303808808327,
        "var": 5.04778146744
    },
    "pitch_salience": {
        "dmean": 0.0530482642353,
        "dmean2": 0.0810788795352,
        "dvar": 0.00663791410625,
        "dvar2": 0.0153248449787,
        "max": 0.892596006393,
        "mean": 0.341552853584,
        "median": 0.350941956043,
        "min": 0.0568688586354,
        "var": 0.0193973686546
    },
    "silence_rate_20dB": {
        "dmean": 0,
        "dmean2": 0,
        "dvar": 0,
        "dvar2": 0,
        "max": 1,
        "mean": 1,
        "median": 1,
        "min": 1,
        "var": 0
    },
    "silence_rate_30dB": {
        "dmean": 0.0133333336562,
        "dmean2": 0.0268456377089,
        "dvar": 0.0131555255502,
        "dvar2": 0.0261249933392,
        "max": 1,
        "mean": 0.966887414455,
        "median": 1,
        "min": 0,
        "var": 0.0320159755647
    },
    "silence_rate_60dB": {
        "dmean": 0.0399999991059,
        "dmean2": 0.0805369094014,
        "dvar": 0.0383999049664,
        "dvar2": 0.0740506052971,
        "max": 1,
        "mean": 0.51655626297,
        "median": 1,
        "min": 0,
        "var": 0.249725952744
    },
    "spectral_centroid": {
        "dmean": 22.9637737274,
        "dmean2": 30.4532928467,
        "dvar": 1834.11560059,
        "dvar2": 3224.26196289,
        "max": 1010.63061523,
        "mean": 515.632568359,
        "median": 437.875152588,
        "min": 373.140991211,
        "var": 16228.03125
    },
    "spectral_complexity": {
        "dmean": 0.373333334923,
        "dmean2": 0.610738277435,
        "dvar": 0.433955699205,
        "dvar2": 0.841763973236,
        "max": 7,
        "mean": 2.64238405228,
        "median": 2,
        "min": 0,
        "var": 1.95158195496
    },
    "spectral_decrease": {
        "dmean": 1.12728970603e-09,
        "dmean2": 1.67616076574e-09,
        "dvar": 1.40739569988e-17,
        "dvar2": 3.41928274914e-17,
        "max": -6.22314894589e-16,
        "mean": -3.43210970755e-09,
        "median": -6.69208355397e-10,
        "min": -3.20505151308e-08,
        "var": 4.53661912999e-17
    },
    "spectral_energy": {
        "dmean": 0.00446956325322,
        "dmean2": 0.00662505859509,
        "dvar": 0.000220113914111,
        "dvar2": 0.000530196994077,
        "max": 0.12919844687,
        "mean": 0.01369795762,
        "median": 0.00263088080101,
        "min": 1.03685245278e-07,
        "var": 0.000730806495994
    },
    "spectral_energyband_high": {
        "dmean": 1.96137605712e-07,
        "dmean2": 3.22527398566e-07,
        "dvar": 2.07359479522e-13,
        "dvar2": 5.54298685944e-13,
        "max": 5.02177226736e-06,
        "mean": 1.2097563058e-06,
        "median": 1.19961885048e-06,
        "min": 3.45236124133e-08,
        "var": 1.99156107729e-13
    },
    "spectral_energyband_low": {
        "dmean": 1.50492795115e-07,
        "dmean2": 2.37102895539e-07,
        "dvar": 8.10046948681e-14,
        "dvar2": 1.58151432488e-13,
        "max": 3.3622045521e-06,
        "mean": 2.55266911608e-07,
        "median": 1.58056096211e-07,
        "min": 4.18965362403e-10,
        "var": 1.39686087133e-13
    },
    "spectral_energyband_middle_high": {
        "dmean": 0.000143396187923,
        "dmean2": 0.000250815966865,
        "dvar": 2.90838045203e-07,
        "dvar2": 7.02468810232e-07,
        "max": 0.00372463325039,
        "mean": 0.000139753421536,
        "median": 4.24641984864e-06,
        "min": 5.02317032414e-09,
        "var": 2.75374503644e-07
    },
    "spectral_energyband_middle_low": {
        "dmean": 0.00446657231078,
        "dmean2": 0.00664010643959,
        "dvar": 0.000220733738388,
        "dvar2": 0.000529638549779,
        "max": 0.129193767905,
        "mean": 0.0135604022071,
        "median": 0.00247380323708,
        "min": 4.1788755567e-08,
        "var": 0.000729217252228
    },
    "spectral_entropy": {
        "dmean": 0.256075501442,
        "dmean2": 0.376009345055,
        "dvar": 0.107239834964,
        "dvar2": 0.194137066603,
        "max": 8.15382289886,
        "mean": 4.64624977112,
        "median": 4.47362756729,
        "min": 3.0177063942,
        "var": 0.945131838322
    },
    "spectral_flux": {
        "dmean": 0.0140417702496,
        "dmean2": 0.0218876637518,
        "dvar": 0.00113584427163,
        "dvar2": 0.0023543771822,
        "max": 0.288520008326,
        "mean": 0.0216340441257,
        "median": 0.00802966207266,
        "min": 0.00108762260061,
        "var": 0.00165739539079
    },
    "spectral_kurtosis": {
        "dmean": 14.6298503876,
        "dmean2": 21.1147060394,
        "dvar": 384.736450195,
        "dvar2": 660.563842773,
        "max": 223.656707764,
        "mean": 69.9634170532,
        "median": 52.8660888672,
        "min": 4.68489742279,
        "var": 2583.52172852
    },
    "spectral_rms": {
        "dmean": 0.000463616044726,
        "dmean2": 0.000646278087515,
        "dvar": 1.16753392376e-06,
        "dvar2": 2.6316322419e-06,
        "max": 0.0112270768732,
        "mean": 0.00259872153401,
        "median": 0.00160209648311,
        "min": 1.00576507975e-05,
        "var": 6.61050671624e-06
    },
    "spectral_rolloff": {
        "dmean": 411.284179688,
        "dmean2": 783.577331543,
        "dvar": 6111569.5,
        "dvar2": 11805430,
        "max": 20499.609375,
        "mean": 1104.46765137,
        "median": 689.0625,
        "min": 387.59765625,
        "var": 8722343
    },
    "spectral_skewness": {
        "dmean": 0.748038053513,
        "dmean2": 1.02082431316,
        "dvar": 0.776661455631,
        "dvar2": 1.23495674133,
        "max": 12.9550180435,
        "mean": 6.80588293076,
        "median": 6.32592201233,
        "min": 1.97447276115,
        "var": 6.83564662933
    },
    "spectral_spread": {
        "dmean": 465773.875,
        "dmean2": 703254.9375,
        "dvar": 379316764672,
        "dvar2": 668174319616,
        "max": 11871366,
        "mean": 2669031.75,
        "median": 2121961.5,
        "min": 453083.15625,
        "var": 4.18745076941e+12
    },
    "spectral_strongpeak": {
        "dmean": 0.316753804684,
        "dmean2": 0.405640244484,
        "dvar": 0.470414668322,
        "dvar2": 0.759985804558,
        "max": 10.2682361603,
        "mean": 1.66357207298,
        "median": 0.74499642849,
        "min": 0.000490650476422,
        "var": 5.00963354111
    },
    "zerocrossingrate": {
        "dmean": 0.00747721362859,
        "dmean2": 0.00875629205257,
        "dvar": 0.000413643952925,
        "dvar2": 0.000616325356532,
        "max": 0.26611328125,
        "mean": 0.0380406677723,
        "median": 0.03173828125,
        "min": 0.01025390625,
        "var": 0.00153604522347
    },
    "barkbands": {
        "dmean": [1.39149660683e-08, 3.3620576545e-08, 8.18901355615e-08, 1.52008965415e-07, 4.31931903222e-06, 0.00203652749769, 0.000501971633639, 5.90204435866e-05, 0.00213264347985, 7.90799967945e-05, 6.51767477393e-05, 3.51455810232e-06, 3.10536449888e-07, 4.40274220637e-07, 2.36945268739e-07, 6.66722073106e-08, 3.26722435773e-08, 4.31657660727e-08, 7.98017723014e-08, 4.32333031597e-08, 3.52850229035e-08, 3.24417293029e-08, 1.50939207799e-08, 1.57735122741e-08, 9.37864452766e-09, 1.46675995794e-08, 1.29721854591e-07],
        "dmean2": [2.09309316546e-08, 5.40071916078e-08, 1.28850530245e-07, 2.54057113125e-07, 6.75641149428e-06, 0.0034482863266, 0.000985087477602, 0.000101365076262, 0.00243732426316, 0.000134685222292, 0.000121197779663, 5.74971863898e-06, 5.15878923579e-07, 5.61160277357e-07, 3.13184585821e-07, 9.49925080818e-08, 5.02439831962e-08, 6.99685784866e-08, 1.41749595173e-07, 7.37493053293e-08, 5.90856288341e-08, 5.69020599528e-08, 2.52744190021e-08, 2.74737725903e-08, 1.60044173469e-08, 2.46014462135e-08, 2.07641406291e-07],
        "dvar": [3.83797743478e-15, 1.05322151892e-14, 1.86216991669e-14, 4.01788553871e-14, 6.70005717573e-11, 8.37262487039e-05, 6.88855470798e-06, 7.8012547533e-08, 8.70799340191e-05, 1.64309014394e-07, 1.31842270434e-07, 5.5439580704e-10, 6.43173177477e-13, 3.93448511618e-12, 5.76462109384e-13, 2.99582983475e-14, 4.96729300555e-15, 1.08653117428e-14, 1.08874748681e-13, 2.42311799423e-14, 1.39201004917e-14, 1.44152420713e-14, 2.05743349976e-15, 1.90817697709e-15, 3.16153591725e-16, 1.35121329489e-16, 1.38142086678e-14],
        "dvar2": [4.03549154203e-15, 2.0185899664e-14, 4.73444220839e-14, 1.00372286166e-13, 1.59973284619e-10, 0.000243028989644, 2.06723216252e-05, 1.50169313429e-07, 0.000130201515276, 3.55078469738e-07, 3.71647161046e-07, 9.39914146514e-10, 1.53280328968e-12, 7.78912438021e-12, 9.67746824516e-13, 6.08260864636e-14, 1.13091714067e-14, 2.78474803845e-14, 3.10505337804e-13, 6.87281178149e-14, 3.86638996915e-14, 4.00079275265e-14, 5.69034404625e-15, 5.38601739028e-15, 8.54745764574e-16, 3.49956532598e-16, 2.69306095707e-14],
        "max": [7.58574742576e-07, 9.63977527135e-07, 1.2260039739e-06, 1.61846367064e-06, 0.000176060653757, 0.0824348777533, 0.0235895738006, 0.00281271920539, 0.128291845322, 0.00378551194444, 0.0035899609793, 0.000246242241701, 6.8500139605e-06, 2.59195276158e-05, 7.8243747339e-06, 2.02064552468e-06, 6.61024500914e-07, 8.20685613689e-07, 3.04907030113e-06, 1.32947354814e-06, 1.02588080608e-06, 8.91656782187e-07, 4.41071875912e-07, 3.57898443326e-07, 1.61712961244e-07, 1.36570491804e-07, 1.55507450472e-06],
        "mean": [1.47016292473e-08, 4.00334485562e-08, 1.20292966699e-07, 2.06566269867e-07, 3.74918308808e-05, 0.00411519780755, 0.000380154175218, 6.66990454192e-05, 0.00895368494093, 7.08370062057e-05, 6.5370433731e-05, 4.53149823443e-06, 4.53726926253e-07, 5.87971271671e-07, 3.05589964e-07, 1.09647345425e-07, 4.7197204367e-08, 6.58588206193e-08, 7.69906307596e-08, 4.74178989407e-08, 4.00054283034e-08, 3.78634510412e-08, 2.90711703599e-08, 3.67802854839e-08, 4.04346423011e-08, 8.72442882383e-08, 1.08425399503e-06],
        "median": [5.73691583128e-09, 1.70737948224e-08, 4.60142324243e-08, 1.27781163428e-07, 5.11340840603e-06, 0.000624534324743, 9.25975018617e-06, 1.26060513139e-05, 0.000643746810965, 1.1037167269e-06, 1.55601935603e-06, 9.75275114001e-08, 1.25222115344e-07, 1.03193855239e-07, 7.02449085566e-08, 4.78453081598e-08, 2.46600393439e-08, 2.88379524704e-08, 2.69396469577e-08, 1.8328380591e-08, 1.82480626165e-08, 1.78673325024e-08, 2.12405861788e-08, 2.9944217772e-08, 3.91948979939e-08, 8.88012294809e-08, 1.13034900551e-06],
        "min": [1.85084586546e-11, 1.16807577499e-10, 1.58504792624e-10, 2.73466943534e-10, 9.1053753426e-10, 1.33784294754e-09, 2.9002633628e-09, 1.07812683225e-08, 2.40932074291e-08, 2.84970336217e-09, 4.67173022489e-10, 5.03945440933e-10, 4.54578708009e-10, 2.59606808273e-10, 1.75814057757e-10, 1.31919475344e-10, 2.79839817985e-10, 3.42009226495e-10, 2.95008212303e-10, 1.02387869017e-10, 3.53729934233e-10, 3.09437864221e-10, 2.81847351014e-10, 5.91702964403e-10, 1.30178723357e-09, 1.53405055325e-09, 3.70495776281e-08],
        "var": [3.82187025625e-15, 9.90087071167e-15, 3.37082792234e-14, 6.21314048929e-14, 2.31284413843e-09, 9.45286665228e-05, 4.26613723903e-06, 9.44308453654e-08, 0.000649934168905, 1.59925335197e-07, 1.12523359519e-07, 8.55022774804e-10, 8.0679652412e-13, 6.21327858955e-12, 9.10552774673e-13, 4.40938891031e-14, 5.70719534322e-15, 1.18356735342e-14, 6.85473813128e-14, 1.57883722643e-14, 9.73930680027e-15, 9.67873378015e-15, 1.53508204547e-15, 1.34022328063e-15, 2.69124072562e-16, 3.38605126434e-16, 5.41041109213e-14]
    },
    "erbbands": {
        "dmean": [1.14928150197e-06, 1.00425786513e-05, 7.50587278162e-05, 0.00031712956843, 0.00133215822279, 0.0210279449821, 0.732964098454, 21.7640972137, 17.2468948364, 2.10269498825, 2.784917593, 56.5771102905, 16.2240715027, 2.30891919136, 2.47066807747, 0.155521914363, 0.0175851173699, 0.0245764311403, 0.0129065457731, 0.00790093839169, 0.00270441547036, 0.0018660024507, 0.00207069027238, 0.00443280953914, 0.00260664289817, 0.00220349803567, 0.00185765011702, 0.00114523014054, 0.00113798794337, 0.000764413329307, 0.000417526607634, 0.000294868310448, 0.000296177546261, 0.000127495484776, 7.28520317352e-05, 3.55957236025e-05, 3.1259834941e-05, 3.60643498425e-05, 2.01876573556e-05, 7.04450667399e-06],
        "dmean2": [1.73248406554e-06, 1.68351452885e-05, 0.000121373683214, 0.000531423138455, 0.00222692661919, 0.0332496166229, 1.10367965698, 34.9729881287, 33.9564285278, 3.83848285675, 3.68396854401, 64.5381546021, 19.3258552551, 3.97254776955, 4.48828077316, 0.250325709581, 0.0269998647273, 0.0313224717975, 0.0164060331881, 0.0110004320741, 0.00378928892314, 0.00283139734529, 0.0033048086334, 0.00760486535728, 0.00457714870572, 0.0038055642508, 0.0031744337175, 0.00185295380652, 0.00198666285723, 0.00130682170857, 0.000699861673638, 0.000490011356305, 0.00053103530081, 0.00021801936964, 0.000125113947433, 6.16479082964e-05, 5.32699996256e-05, 6.15860917605e-05, 3.3728145354e-05, 1.05520703073e-05],
        "dvar": [1.52312589624e-11, 1.07934228222e-09, 2.14804813936e-08, 2.20322277755e-07, 1.08798703877e-05, 0.00370937911794, 7.90095233917, 9101.89257812, 7525.90673828, 80.4696960449, 93.4015579224, 61525.0351562, 5004.85253906, 85.884147644, 163.59437561, 0.462578624487, 0.00189951760694, 0.0128625482321, 0.00157251674682, 0.000707981351297, 3.05456414935e-05, 1.70640087163e-05, 2.51995006693e-05, 0.000233081824263, 0.000121175115055, 7.2294002166e-05, 5.14429448231e-05, 1.15507345981e-05, 1.72837062564e-05, 6.9765014814e-06, 1.15140915113e-06, 4.05823357141e-07, 7.83154234796e-07, 7.51113873321e-08, 1.29009265493e-08, 2.13722373132e-09, 7.64997620806e-10, 9.6532726257e-10, 2.6502408601e-10, 2.79025497152e-10],
        "dvar2": [2.65019707568e-11, 2.78252487718e-09, 5.7176947621e-08, 5.564922958e-07, 3.06072106468e-05, 0.0101867709309, 20.3549728394, 25683.5175781, 23024.4414062, 185.030212402, 197.37411499, 91723.0234375, 8129.70117188, 202.754318237, 459.168426514, 1.12729775906, 0.00460525183007, 0.0262566953897, 0.00220538745634, 0.00152968335897, 5.61945744266e-05, 3.82253456337e-05, 6.08096379437e-05, 0.000649461464491, 0.000351956114173, 0.000207164426683, 0.000147184473462, 3.05199173454e-05, 4.77542416775e-05, 1.90584141819e-05, 3.10961468131e-06, 1.0975177247e-06, 2.24494328904e-06, 2.06006021131e-07, 3.57554803543e-08, 5.91283866314e-09, 1.92709093128e-09, 2.42011877205e-09, 6.19909235056e-10, 6.53951393037e-10],
        "max": [3.80512610718e-05, 0.000287530012429, 0.00111965090036, 0.00395942153409, 0.0317357331514, 0.602893590927, 26.9621772766, 865.058776855, 779.877319336, 74.5154647827, 96.2004547119, 3425.79858398, 921.002685547, 65.8485717773, 124.209846497, 5.38885688782, 0.339244753122, 1.5008046627, 0.470480263233, 0.263979583979, 0.0649831593037, 0.0394359044731, 0.0492642857134, 0.136720761657, 0.101356334984, 0.073399528861, 0.0639244839549, 0.0270654708147, 0.0305024776608, 0.0239769481122, 0.010144924745, 0.00537223275751, 0.00731035368517, 0.00244472851045, 0.00100860348903, 0.000471390376333, 0.000296838203212, 0.000337495817803, 0.000234660634305, 0.000173224630998],
        "mean": [2.11541760109e-06, 1.55282777996e-05, 0.000129878346343, 0.000613325100858, 0.00366985751316, 0.107604704797, 2.58095812798, 47.073474884, 20.7641334534, 2.61958384514, 8.34017658234, 238.08039856, 65.5255355835, 4.030834198, 2.61178040504, 0.191686660051, 0.0299275256693, 0.0358214713633, 0.0185742750764, 0.0105592720211, 0.00512896385044, 0.00284989573993, 0.00328226597048, 0.00469373771921, 0.00279129203409, 0.00235031545162, 0.00194255425595, 0.0014243258629, 0.00134446925949, 0.00108152150642, 0.000836635183077, 0.0007098877104, 0.000657161755953, 0.000457596295746, 0.000304753601085, 0.00016888040409, 0.000182151343324, 0.000201869639568, 0.000125538048451, 3.68680812244e-05],
        "median": [1.08829203782e-06, 8.72553664522e-06, 7.38038652344e-05, 0.000511095451657, 0.0033381388057, 0.0853943452239, 1.7915802002, 5.4471745491, 1.70043730736, 0.345495462418, 0.868279218674, 16.8297843933, 4.96135568619, 0.348112553358, 0.127584606409, 0.014427873306, 0.00636056484655, 0.0063965418376, 0.00530613958836, 0.00280703930184, 0.00259134592488, 0.00161873397883, 0.00165976933204, 0.00141415523831, 0.00115015963092, 0.000883417029399, 0.000858237268403, 0.000664933410008, 0.000626161170658, 0.000625352084171, 0.000612160773017, 0.0005876737996, 0.00053827278316, 0.00042437724187, 0.000297460122965, 0.0001646920864, 0.000184293501661, 0.000206051787245, 0.000128751999, 2.66851238848e-05],
        "min": [3.32922134305e-09, 2.78414926669e-08, 1.47484513491e-07, 6.12413714407e-07, 1.55323073159e-06, 3.54436519956e-06, 3.50020854967e-06, 1.49345851241e-05, 3.52702372766e-05, 8.43571106088e-05, 0.000363900820957, 0.000581311935093, 0.000185278448043, 4.48282662546e-05, 1.88673075172e-05, 1.93742034753e-05, 2.23945971811e-05, 1.26396644191e-05, 1.06634952317e-05, 1.08331987576e-05, 1.0745848158e-05, 1.15496559374e-05, 1.59069531946e-05, 1.6808446162e-05, 1.36565759021e-05, 5.33209959031e-06, 7.21032165529e-06, 1.77965066541e-05, 9.6719186331e-06, 7.33731894798e-06, 8.91979561857e-06, 8.09160883364e-06, 1.41062409966e-05, 1.0931752513e-05, 9.26441134652e-06, 5.15251440447e-06, 3.21255242852e-06, 3.51309199687e-06, 2.84813722828e-06, 8.6091557705e-07],
        "var": [1.62321545094e-11, 8.78716932551e-10, 3.04404004225e-08, 4.03430107099e-07, 1.49590541696e-05, 0.0110693117604, 12.9571361542, 11979.4501953, 4794.29638672, 94.0413360596, 423.961700439, 461610.0625, 33623.53125, 103.412574768, 139.879379272, 0.552659928799, 0.00296421139501, 0.0205938201398, 0.00295655126683, 0.000864888366777, 5.82313878112e-05, 1.99235091713e-05, 2.77994276985e-05, 0.000166823068867, 7.37598384148e-05, 4.50098013971e-05, 3.23113672493e-05, 9.28275312617e-06, 1.1784904018e-05, 4.99178440805e-06, 9.37349454944e-07, 3.38787998544e-07, 5.17731166383e-07, 5.98045630795e-08, 1.23135190933e-08, 2.8316158307e-09, 1.76310421818e-09, 2.16956164145e-09, 1.0275676976e-09, 1.00206143383e-09]
    },
    "gfcc": {
        "mean": [-312.51361084, 92.245010376, -71.8306274414, -97.6620254517, -114.058700562, -58.791759491, -31.2809619904, -3.69511365891, -9.77733612061, -10.4132976532, -8.23659610748, 5.1892619133, 12.1718235016],
        "cov": [[3681.70336914, 1827.57067871, -726.148864746, -701.79309082, -333.865203857, -24.0290241241, 230.523956299, 45.2014350891, -88.7347259521, -245.803985596, -155.511489868, -78.5985565186, 147.843063354], [1827.57067871, 1164.53637695, -307.233093262, -487.304779053, -171.331802368, -2.18414235115, 107.103675842, 34.2244529724, -47.9012641907, -172.038223267, -122.021369934, -58.1901702881, 95.993812561], [-726.148864746, -307.233093262, 339.459442139, 219.804458618, -25.3449211121, -154.377868652, -135.429946899, 7.53005027771, 70.8130722046, 67.4415359497, 23.5039234161, 33.0418167114, 27.2299537659], [-701.79309082, -487.304779053, 219.804458618, 473.503540039, 86.2672348022, -124.310066223, -143.52053833, -40.2790718079, 31.0352535248, 114.284194946, 76.4301986694, 53.946849823, -14.5705795288], [-333.865203857, -171.331802368, -25.3449211121, 86.2672348022, 213.5753479, 155.278457642, -10.4945821762, -60.9838981628, -65.9345474243, -0.529871881008, 23.4445171356, 14.6587400436, -57.4274597168], [-24.0290241241, -2.18414235115, -154.377868652, -124.310066223, 155.278457642, 294.706665039, 131.251449585, -56.8655662537, -137.179626465, -86.0160903931, -21.1803951263, -18.1065921783, -69.6303100586], [230.523956299, 107.103675842, -135.429946899, -143.52053833, -10.4945821762, 131.251449585, 170.933731079, 32.5653533936, -82.5792388916, -116.3983078, -79.7933807373, -57.9536895752, -13.3104133606], [45.2014350891, 34.2244529724, 7.53005027771, -40.2790718079, -60.9838981628, -56.8655662537, 32.5653533936, 80.7424316406, 43.7350463867, -34.4601173401, -52.7671051025, -35.899936676, 26.0601520538], [-88.7347259521, -47.9012641907, 70.8130722046, 31.0352535248, -65.9345474243, -137.179626465, -82.5792388916, 43.7350463867, 136.882629395, 91.4548721313, 27.5236644745, 5.84858131409, 26.2745189667], [-245.803985596, -172.038223267, 67.4415359497, 114.284194946, -0.529871881008, -86.0160903931, -116.3983078, -34.4601173401, 91.4548721313, 160.743682861, 114.301261902, 55.2562904358, -12.2184782028], [-155.511489868, -122.021369934, 23.5039234161, 76.4301986694, 23.4445171356, -21.1803951263, -79.7933807373, -52.7671051025, 27.5236644745, 114.301261902, 123.05078125, 72.6807632446, -23.4138908386], [-78.5985565186, -58.1901702881, 33.0418167114, 53.946849823, 14.6587400436, -18.1065921783, -57.9536895752, -35.899936676, 5.84858131409, 55.2562904358, 72.6807632446, 64.7421569824, -1.87154972553], [147.843063354, 95.993812561, 27.2299537659, -14.5705795288, -57.4274597168, -69.6303100586, -13.3104133606, 26.0601520538, 26.2745189667, -12.2184782028, -23.4138908386, -1.87154972553, 42.3342514038]],
        "icov": [[0.00321904709563, -0.00387520925142, 0.00533015560359, -0.0022449309472, 0.00301693216898, 0.000183145413757, -1.15712791739e-05, 0.00210030935705, -0.000925602042116, 0.0013346017804, 0.00010644923168, -0.00115215836558, -0.00259095290676], [-0.00387520925142, 0.0082074906677, -0.00359602784738, 0.0052574723959, -0.00326474802569, 0.0011867666617, 0.0029075704515, 0.000942305719946, 0.00169162172824, 0.00250142253935, -0.00282069784589, 0.00506423087791, -0.00476155383512], [0.00533015560359, -0.00359602784738, 0.0176845807582, -0.00462722219527, 0.00933977868408, -0.00190961814951, 0.010091856122, 0.00210949475877, 0.000330590177327, 0.00431775534526, 0.00362479151227, -0.00242325640284, -0.00908604171127], [-0.0022449309472, 0.0052574723959, -0.00462722219527, 0.0104356249794, -0.00937176216394, 0.0105920704082, -0.00341550330631, 0.0019171241438, 0.00669786892831, -0.00544534251094, 0.00315046356991, -0.000711712345947, 0.000923382001929], [0.00301693216898, -0.00326474802569, 0.00933977868408, -0.00937176216394, 0.0282894708216, -0.0235556140542, 0.0243637692183, -0.00915577448905, 0.00322142546065, 0.00190719740931, 0.00454770540819, 0.000533472688403, 0.00165183842182], [0.000183145413757, 0.0011867666617, -0.00190961814951, 0.0105920704082, -0.0235556140542, 0.0403583794832, -0.0303103495389, 0.0235434435308, -0.00353866396472, 0.00310821225867, 0.0051508625038, -0.0116323167458, 0.0173749681562], [-1.15712791739e-05, 0.0029075704515, 0.010091856122, -0.00341550330631, 0.0243637692183, -0.0303103495389, 0.0560919269919, -0.0327164046466, 0.0234666410834, -0.000136507791467, -0.00191742833704, 0.0182853583246, -0.00810332596302], [0.00210030935705, 0.000942305719946, 0.00210949475877, 0.0019171241438, -0.00915577448905, 0.0235434435308, -0.0327164046466, 0.0725181996822, -0.0477665662766, 0.0411764979362, -0.0131438765675, 0.00410749809816, -0.0043497546576], [-0.000925602042116, 0.00169162172824, 0.000330590177327, 0.00669786892831, 0.00322142546065, -0.00353866396472, 0.0234666410834, -0.0477665662766, 0.0676272064447, -0.0579440034926, 0.0270314104855, 0.000246263778536, -0.00691367452964], [0.0013346017804, 0.00250142253935, 0.00431775534526, -0.00544534251094, 0.00190719740931, 0.00310821225867, -0.000136507791467, 0.0411764979362, -0.0579440034926, 0.0980418473482, -0.0783096477389, 0.0385297760367, -0.0100232912228], [0.00010644923168, -0.00282069784589, 0.00362479151227, 0.00315046356991, 0.00454770540819, 0.0051508625038, -0.00191742833704, -0.0131438765675, 0.0270314104855, -0.0783096477389, 0.128073453903, -0.0932907834649, 0.054237395525], [-0.00115215836558, 0.00506423087791, -0.00242325640284, -0.000711712345947, 0.000533472688403, -0.0116323167458, 0.0182853583246, 0.00410749809816, 0.000246263778536, 0.0385297760367, -0.0932907834649, 0.105867654085, -0.0572827458382], [-0.00259095290676, -0.00476155383512, -0.00908604171127, 0.000923382001929, 0.00165183842182, 0.0173749681562, -0.00810332596302, -0.0043497546576, -0.00691367452964, -0.0100232912228, 0.054237395525, -0.0572827458382, 0.109440170228]]
    },
    "melbands": {
        "dmean": [8.22701284875e-09, 2.83561387704e-08, 5.80785979309e-08, 1.68738012007e-07, 1.13518490252e-05, 0.000475183129311, 0.000243566115387, 1.86559864233e-05, 2.08308774745e-05, 0.000397587253246, 7.38761518733e-05, 9.95662139758e-06, 9.97258302959e-06, 9.82322944765e-07, 3.35699326115e-08, 2.3259078219e-08, 4.92233027671e-08, 1.90513453902e-08, 1.83373849438e-08, 6.03357763751e-09, 2.59051313733e-09, 1.960342777e-09, 1.73882219734e-09, 2.44177278397e-09, 3.97127797314e-09, 2.69848832168e-09, 1.20152920946e-09, 1.59862301174e-09, 1.32422262045e-09, 8.6518375797e-10, 6.13142037142e-10, 6.51119769213e-10, 6.48230746858e-10, 3.61071283983e-10, 2.52811716006e-10, 1.87220960957e-10, 1.93850879793e-10, 2.30181929073e-10, 1.78902004322e-10, 1.03946636021e-10],
        "dmean2": [1.25425128061e-08, 4.54408635164e-08, 9.66941229308e-08, 2.90600780772e-07, 1.64845478139e-05, 0.000785781885497, 0.000479415815789, 3.21010593325e-05, 3.62797145499e-05, 0.000453270971775, 8.9105371444e-05, 1.78879563464e-05, 1.84075051948e-05, 1.47219839164e-06, 5.79245096333e-08, 3.7569975575e-08, 6.3596608868e-08, 2.48368436928e-08, 2.45914630881e-08, 8.78035422147e-09, 3.76671271951e-09, 3.13177572764e-09, 2.57549337412e-09, 4.06750189086e-09, 6.83112455491e-09, 4.94136598306e-09, 2.14914619434e-09, 2.79827405691e-09, 2.30289720626e-09, 1.4380400204e-09, 9.95404869641e-10, 1.13897047349e-09, 1.13182863082e-09, 5.9776683603e-10, 4.22989809845e-10, 3.18547244138e-10, 3.20403786835e-10, 4.16370188328e-10, 3.15596854206e-10, 1.75233105804e-10],
        "dvar": [8.44303912977e-16, 2.96202741798e-15, 6.40170137359e-15, 1.09169143452e-13, 1.55678969715e-09, 4.62909474663e-06, 1.42793487612e-06, 6.32795726929e-09, 9.0339744574e-09, 3.0853482258e-06, 1.00828387417e-07, 1.96811877906e-09, 3.11754400073e-09, 2.543984641e-11, 9.67165089065e-15, 2.72940421857e-15, 5.96983061401e-14, 3.02375197939e-15, 3.95616309487e-15, 3.65534527289e-16, 1.76950063047e-17, 1.76046682556e-17, 1.74835524704e-17, 3.41339553929e-17, 1.88048169963e-16, 1.54539083349e-16, 1.39948371732e-17, 4.05392946406e-17, 2.80011026738e-17, 7.52677943705e-18, 3.36160969024e-18, 5.60343231164e-18, 5.20751389197e-18, 1.50445438462e-18, 4.12344494726e-19, 1.32944041535e-19, 1.56765408535e-19, 4.39103348102e-19, 1.95556237231e-19, 2.96700218382e-20],
        "dvar2": [1.08668577897e-15, 7.34678854889e-15, 1.51888711434e-14, 2.4567744757e-13, 3.43144268555e-09, 1.33370176627e-05, 4.37342305304e-06, 1.43919587359e-08, 2.47997817837e-08, 4.62507796328e-06, 1.65483214687e-07, 4.51677983904e-09, 8.76479600009e-09, 5.43047377899e-11, 2.08901838428e-14, 6.37720306318e-15, 1.22481953507e-13, 4.65307258124e-15, 7.52498734033e-15, 8.08955322264e-16, 3.38464274119e-17, 4.0512192895e-17, 4.09655275754e-17, 8.84076808237e-17, 5.20979049154e-16, 4.46753657865e-16, 4.07659685982e-17, 1.15361996358e-16, 8.07765293913e-17, 2.03096381942e-17, 9.10827514918e-18, 1.55540097621e-17, 1.43750623223e-17, 4.13564705037e-18, 1.1122030634e-18, 3.5409443599e-19, 4.22797576127e-19, 1.2588412997e-18, 5.53675359265e-19, 7.99280650597e-20],
        "max": [3.38046902471e-07, 4.70385145945e-07, 7.74339127929e-07, 3.01370482703e-06, 0.000383442675229, 0.0195158254355, 0.0107090985402, 0.000717390852515, 0.000728255428839, 0.024130936712, 0.00410591857508, 0.000315948098432, 0.000549366523046, 5.3023431974e-05, 8.31289241887e-07, 5.13138786573e-07, 3.13583450406e-06, 6.40907728666e-07, 5.77046591843e-07, 2.1747025869e-07, 3.97066806102e-08, 3.41592922837e-08, 4.13441441083e-08, 4.94578102916e-08, 1.23037992239e-07, 1.14868875301e-07, 3.11294670041e-08, 5.49322614063e-08, 4.72646988214e-08, 2.08549995051e-08, 1.55902615262e-08, 1.79989019244e-08, 1.78453056776e-08, 1.19234337959e-08, 6.13717165976e-09, 3.23770388277e-09, 3.09824699229e-09, 5.25610532875e-09, 3.88292553666e-09, 1.55526480583e-09],
        "mean": [1.0676981077e-08, 4.16533509906e-08, 9.37363395792e-08, 3.76118606482e-07, 5.19292334502e-05, 0.000970816996414, 0.000300065556075, 1.84353029908e-05, 2.3370157578e-05, 0.00167587515898, 0.000291598116746, 9.29856923904e-06, 9.95937989501e-06, 1.13001783575e-06, 3.54551517034e-08, 5.04197110729e-08, 6.3767345182e-08, 2.55632421897e-08, 2.30721877159e-08, 8.60312443507e-09, 4.83988182864e-09, 2.76391443066e-09, 2.45823139622e-09, 3.43693762339e-09, 3.94826304984e-09, 2.59207966202e-09, 1.36079814084e-09, 1.63299362921e-09, 1.31419852778e-09, 9.6548591344e-10, 7.58028473324e-10, 7.51708861824e-10, 7.25252302658e-10, 5.42098810286e-10, 4.78973471996e-10, 4.25686819128e-10, 4.2963196889e-10, 4.56365556456e-10, 4.22634816033e-10, 3.60083018958e-10],
        "median": [5.38415134699e-09, 1.5332224379e-08, 6.32033589909e-08, 1.84507001677e-07, 3.89917695429e-05, 0.000117760690046, 2.36866417254e-05, 1.0539994264e-06, 3.41321697306e-06, 0.000118028183351, 2.17136184801e-05, 2.40401647034e-07, 2.36443810309e-07, 1.61024562573e-08, 7.0772472327e-09, 1.45390286477e-08, 9.02129215774e-09, 7.82813103228e-09, 4.41700365172e-09, 2.82836354337e-09, 2.6773805395e-09, 1.45537060181e-09, 1.33720778894e-09, 1.28740773597e-09, 1.15396181499e-09, 9.01094032724e-10, 6.78063050152e-10, 5.39709665848e-10, 5.15073650398e-10, 4.37638869588e-10, 3.74989733709e-10, 3.31012273147e-10, 3.50660361859e-10, 3.41173200802e-10, 3.51821516364e-10, 3.33462091273e-10, 3.50001971849e-10, 3.62063629078e-10, 3.64742958059e-10, 3.34825722703e-10],
        "min": [3.21393606173e-11, 6.35556191009e-11, 1.28847960079e-10, 1.82096809853e-10, 1.37184916205e-10, 3.3267380517e-10, 5.51362455692e-10, 1.10276343612e-09, 3.45193384987e-09, 3.45343997843e-09, 8.09791067535e-10, 1.80363599056e-10, 6.13997533372e-11, 6.46749390154e-11, 4.05487587951e-11, 4.24223850493e-11, 2.29662937973e-11, 1.90784315429e-11, 1.43046434073e-11, 1.0101063215e-11, 1.61630882289e-11, 1.44094553997e-11, 9.319781058e-12, 1.86907555405e-11, 1.23124548751e-11, 1.39075131619e-11, 4.97636263794e-12, 2.9029168392e-12, 2.27482811234e-12, 8.94708526017e-12, 1.15814276572e-11, 5.43758657892e-12, 5.53187226929e-12, 3.00838520761e-12, 4.02709593103e-12, 7.07880238801e-12, 3.75108277773e-12, 8.07951882481e-12, 1.41788863636e-11, 7.4849111284e-12],
        "var": [8.76251189951e-16, 4.32767809829e-15, 1.16462100516e-14, 2.1805232858e-13, 3.54352414078e-09, 5.34806258656e-06, 9.29375687519e-07, 7.30628046952e-09, 7.01108238133e-09, 2.29211764236e-05, 6.60614148273e-07, 1.76463843538e-09, 2.63490140817e-09, 3.71143393796e-11, 1.00615892842e-14, 8.34397926187e-15, 8.83409895258e-14, 5.2299041359e-15, 5.67603765977e-15, 4.4081285994e-16, 3.70202333955e-17, 1.90119440143e-17, 1.89725702172e-17, 3.6754814298e-17, 1.34485697437e-16, 9.19441360227e-17, 8.91463713087e-18, 2.51784745649e-17, 1.70409281246e-17, 5.59844234459e-18, 2.59851530924e-18, 3.78610285738e-18, 3.55811078745e-18, 1.08446904163e-18, 3.39839503247e-19, 1.20074351974e-19, 1.31445435834e-19, 2.88192672244e-19, 1.40210383776e-19, 2.64621055628e-20]
    },
    "mfcc": {
        "mean": [-985.997131348, 149.767242432, 36.224067688, -33.9417304993, -60.7057762146, -59.653755188, -42.4712791443, -22.4176025391, -8.59554290771, -4.54531526566, -10.4405574799, -17.1221103668, -11.7371721268],
        "cov": [[2459.39282227, 1802.15039062, -308.750854492, -696.251220703, -444.594940186, -220.454666138, -19.7127075195, 130.123275757, 139.017776489, 72.5894622803, -77.2815170288, -227.95489502, -126.191886902], [1802.15039062, 1532.79956055, -144.495513916, -639.135803223, -352.480163574, -166.402648926, -23.4489555359, 118.626625061, 133.229812622, 54.218334198, -83.9058761597, -196.247573853, -138.730224609], [-308.750854492, -144.495513916, 184.255126953, 142.614852905, 11.5169420242, -48.5672569275, -68.0217437744, -49.8586158752, -4.49277925491, 8.39469528198, -8.38801193237, -23.2912998199, -47.6633529663], [-696.251220703, -639.135803223, 142.614852905, 436.788513184, 164.370071411, -31.1299114227, -103.294548035, -120.587333679, -56.3917503357, 12.0180311203, 40.5903205872, 38.7684745789, 12.1171627045], [-444.594940186, -352.480163574, 11.5169420242, 164.370071411, 184.308624268, 99.4885864258, 12.2685375214, -25.6571521759, -34.0685043335, -22.7607841492, 19.7284545898, 65.0524215698, 50.8743095398], [-220.454666138, -166.402648926, -48.5672569275, -31.1299114227, 99.4885864258, 214.022369385, 187.814437866, 80.1725158691, -29.8006877899, -74.7272567749, -19.1282119751, 67.1396026611, 72.6260452271], [-19.7127075195, -23.4489555359, -68.0217437744, -103.294548035, 12.2685375214, 187.814437866, 246.251144409, 151.282867432, 2.81160140038, -75.1522216797, -45.6149597168, 21.4550113678, 31.6366958618], [130.123275757, 118.626625061, -49.8586158752, -120.587333679, -25.6571521759, 80.1725158691, 151.282867432, 153.419616699, 64.0862503052, -23.1256732941, -44.8061180115, -35.699634552, -39.731716156], [139.017776489, 133.229812622, -4.49277925491, -56.3917503357, -34.0685043335, -29.8006877899, 2.81160140038, 64.0862503052, 92.1216125488, 59.4624595642, -7.76019144058, -63.263633728, -89.1207351685], [72.5894622803, 54.218334198, 8.39469528198, 12.0180311203, -22.7607841492, -74.7272567749, -75.1522216797, -23.1256732941, 59.4624595642, 95.5550613403, 37.887260437, -42.8615608215, -76.5511016846], [-77.2815170288, -83.9058761597, -8.38801193237, 40.5903205872, 19.7284545898, -19.1282119751, -45.6149597168, -44.8061180115, -7.76019144058, 37.887260437, 49.8073654175, 24.9223155975, 1.87347877026], [-227.95489502, -196.247573853, -23.2912998199, 38.7684745789, 65.0524215698, 67.1396026611, 21.4550113678, -35.699634552, -63.263633728, -42.8615608215, 24.9223155975, 90.4856872559, 95.8730773926], [-126.191886902, -138.730224609, -47.6633529663, 12.1171627045, 50.8743095398, 72.6260452271, 31.6366958618, -39.731716156, -89.1207351685, -76.5511016846, 1.87347877026, 95.8730773926, 150.66192627]],
