{
"lowlevel": {
    "average_loudness": 0.99068403244,
    "barkbands_crest": {
        "dmean": 4.12006235123,
        "dmean2": 7.31398916245,
        "dvar": 10.5602931976,
        "dvar2": 31.1030406952,
        "max": 25.8252296448,
        "mean": 16.1229934692,
        "median": 15.3085250854,
        "min": 6.59333944321,
        "var": 27.8014259338
    },
    "barkbands_flatness_db": {
        "dmean": 0.0360872671008,
        "dmean2": 0.0574920289218,
        "dvar": 0.000650793605018,
        "dvar2": 0.00152151240036,
        "max": 0.265311747789,
        "mean": 0.155709207058,
        "median": 0.159007206559,
        "min": 0.0685786008835,
        "var": 0.00269436114468
    },
    "barkbands_kurtosis": {
        "dmean": 3.59333109856,
        "dmean2": 6.00169229507,
        "dvar": 23.4820804596,
        "dvar2": 55.7413253784,
        "max": 30.4510536194,
        "mean": 2.50787472725,
        "median": 0.07759141922,
        "min": -1.57801163197,
        "var": 35.0241928101
    },
    "barkbands_skewness": {
        "dmean": 0.786911129951,
        "dmean2": 1.37941789627,
        "dvar": 0.499921143055,
        "dvar2": 1.20748543739,
        "max": 1.65799689293,
        "mean": -0.521225214005,
        "median": -0.401988238096,
        "min": -3.92256689072,
        "var": 1.61413455009
    },
    "barkbands_spread": {
        "dmean": 13.1040382385,
        "dmean2": 23.7550354004,
        "dvar": 129.799911499,
        "dvar2": 389.991394043,
        "max": 67.2011184692,
        "mean": 37.8853683472,
        "median": 43.0663833618,
        "min": 4.46855831146,
        "var": 293.06350708
    },
    "dissonance": {
        "dmean": 0.0166052989662,
        "dmean2": 0.0239563155919,
        "dvar": 0.00177083886229,
        "dvar2": 0.00220290990546,
        "max": 0.498786121607,
        "mean": 0.47389626503,
        "median": 0.484758764505,
        "min": 0.150948673487,
        "var": 0.00216744909994
    },
    "dynamic_complexity": 3.9257516861,
    "erbbands_crest": {
        "dmean": 3.52234339714,
        "dmean2": 5.40426397324,
        "dvar": 14.2613315582,
        "dvar2": 38.9659690857,
        "max": 34.3896102905,
        "mean": 28.7597732544,
        "median": 29.7121582031,
        "min": 7.05822992325,
        "var": 27.3136444092
    },
    "erbbands_flatness_db": {
        "dmean": 0.0381105653942,
        "dmean2": 0.0590807311237,
        "dvar": 0.000670127745252,
        "dvar2": 0.0017927197041,
        "max": 0.35950511694,
        "mean": 0.225558772683,
        "median": 0.218673020601,
        "min": 0.0895357504487,
        "var": 0.00432215537876
    },
    "erbbands_kurtosis": {
        "dmean": 13.6667175293,
        "dmean2": 21.9072914124,
        "dvar": 261.25177002,
        "dvar2": 756.240356445,
        "max": 86.0137557983,
        "mean": 15.7517709732,
        "median": 8.07851028442,
        "min": -1.06608438492,
        "var": 382.597045898
    },
    "erbbands_skewness": {
        "dmean": 0.792589247227,
        "dmean2": 1.25150668621,
        "dvar": 0.596934914589,
        "dvar2": 1.35037124157,
        "max": 3.08558773994,
        "mean": -0.0408156365156,
        "median": -0.347928315401,
        "min": -2.79978609085,
        "var": 2.13282084465
    },
    "erbbands_spread": {
        "dmean": 6.67092609406,
        "dmean2": 10.1608486176,
        "dvar": 66.5572433472,
        "dvar2": 192.097213745,
        "max": 52.9285430908,
        "mean": 12.006737709,
        "median": 8.4261341095,
        "min": 0.903899490833,
        "var": 122.89151001
    },
    "hfc": {
        "dmean": 16.8201961517,
        "dmean2": 25.3592224121,
        "dvar": 480.749053955,
        "dvar2": 1196.19396973,
        "max": 142.026046753,
        "mean": 31.4315109253,
        "median": 19.5451965332,
        "min": 0.300251334906,
        "var": 953.431884766
    },
    "melbands_crest": {
        "dmean": 3.53563761711,
        "dmean2": 5.86247348785,
        "dvar": 10.3420906067,
        "dvar2": 29.0502376556,
        "max": 26.9285831451,
        "mean": 15.8716182709,
        "median": 16.0860176086,
        "min": 4.9925160408,
        "var": 33.6129684448
    },
    "melbands_flatness_db": {
        "dmean": 0.0319807454944,
        "dmean2": 0.0512697808444,
        "dvar": 0.000688996515237,
        "dvar2": 0.00151854252908,
        "max": 0.280593544245,
        "mean": 0.188489839435,
        "median": 0.191251516342,
        "min": 0.078109703958,
        "var": 0.00204155012034
    },
    "melbands_kurtosis": {
        "dmean": 3.02101182938,
        "dmean2": 4.94058799744,
        "dvar": 12.797495842,
        "dvar2": 32.799747467,
        "max": 21.1191539764,
        "mean": 1.66654419899,
        "median": 0.0325496196747,
        "min": -1.73789668083,
        "var": 18.7022037506
    },
    "melbands_skewness": {
        "dmean": 0.830569267273,
        "dmean2": 1.29930853844,
        "dvar": 0.546841740608,
        "dvar2": 1.68919217587,
        "max": 2.7424185276,
        "mean": -0.482110351324,
        "median": -0.255824834108,
        "min": -4.21618795395,
        "var": 2.15425038338
    },
    "melbands_spread": {
        "dmean": 16.7763290405,
        "dmean2": 26.6290035248,
        "dvar": 259.466522217,
        "dvar2": 586.936218262,
        "max": 140.204498291,
        "mean": 51.7893218994,
        "median": 52.2720794678,
        "min": 8.7300825119,
        "var": 546.076721191
    },
    "pitch_salience": {
        "dmean": 0.0870453491807,
        "dmean2": 0.149655044079,
        "dvar": 0.00634519150481,
        "dvar2": 0.0145027926192,
        "max": 0.75523430109,
        "mean": 0.385116040707,
        "median": 0.388994753361,
        "min": 0.175463452935,
        "var": 0.00914095621556
    },
    "silence_rate_20dB": {
        "dmean": 0,
        "dmean2": 0,
        "dvar": 0,
        "dvar2": 0,
        "max": 1,
        "mean": 1,
        "median": 1,
        "min": 1,
        "var": 0
    },
    "silence_rate_30dB": {
        "dmean": 0,
        "dmean2": 0,
        "dvar": 0,
        "dvar2": 0,
        "max": 1,
        "mean": 1,
        "median": 1,
        "min": 1,
        "var": 0
    },
    "silence_rate_60dB": {
        "dmean": 0.15000000596,
        "dmean2": 0.305084735155,
        "dvar": 0.127499997616,
        "dvar2": 0.313702940941,
        "max": 1,
        "mean": 0.147540986538,
        "median": 0,
        "min": 0,
        "var": 0.125772669911
    },
    "spectral_centroid": {
        "dmean": 272.588256836,
        "dmean2": 408.389038086,
        "dvar": 106765.734375,
        "dvar2": 176711.15625,
        "max": 4187.12646484,
        "mean": 2092.41845703,
        "median": 2031.10583496,
        "min": 1177.81677246,
        "var": 235277.296875
    },
    "spectral_complexity": {
        "dmean": 1.88333332539,
        "dmean2": 2.79661011696,
        "dvar": 3.00305604935,
        "dvar2": 6.94168329239,
        "max": 13,
        "mean": 6.22950839996,
        "median": 6,
        "min": 0,
        "var": 7.16043949127
    },
    "spectral_decrease": {
        "dmean": 1.97271643465e-09,
        "dmean2": 3.11718428847e-09,
        "dvar": 6.80772911495e-18,
        "dvar2": 1.72875139739e-17,
        "max": -2.1221647703e-11,
        "mean": -3.39405503702e-09,
        "median": -2.22017759732e-09,
        "min": -1.72692313782e-08,
        "var": 1.24664042702e-17
    },
    "spectral_energy": {
        "dmean": 0.0088041909039,
        "dmean2": 0.0138732679188,
        "dvar": 0.00014028995065,
        "dvar2": 0.000352731352905,
        "max": 0.078060247004,
        "mean": 0.0156608857214,
        "median": 0.0101028252393,
        "min": 0.000107329171442,
        "var": 0.000258036248852
    },
    "spectral_energyband_high": {
        "dmean": 0.000467936100904,
        "dmean2": 0.000744507706258,
        "dvar": 6.10406686974e-07,
        "dvar2": 1.36653011396e-06,
        "max": 0.00504318345338,
        "mean": 0.00072260084562,
        "median": 0.000383527833037,
        "min": 9.47613079916e-06,
        "var": 8.26791222153e-07
    },
    "spectral_energyband_low": {
        "dmean": 0.000549600459635,
        "dmean2": 0.000854963960592,
        "dvar": 2.30260582157e-07,
        "dvar2": 7.38771689157e-07,
        "max": 0.0036047261674,
        "mean": 0.000929937174078,
        "median": 0.0008026487194,
        "min": 1.33283101604e-05,
        "var": 4.90163529321e-07
    },
    "spectral_energyband_middle_high": {
        "dmean": 0.00808722618967,
        "dmean2": 0.0127758011222,
        "dvar": 0.000132637753268,
        "dvar2": 0.000320881343214,
        "max": 0.0684069618583,
        "mean": 0.0117923114449,
        "median": 0.00448749167845,
        "min": 6.1813298089e-05,
        "var": 0.000238456399529
    },
    "spectral_energyband_middle_low": {
        "dmean": 0.000329060974764,
        "dmean2": 0.000594523211475,
        "dvar": 6.31903390058e-07,
        "dvar2": 1.37236781939e-06,
        "max": 0.00533771514893,
        "mean": 0.000756257795729,
        "median": 0.000558363797609,
        "min": 1.59333558258e-05,
        "var": 7.72779117142e-07
    },
    "spectral_entropy": {
        "dmean": 0.300750941038,
        "dmean2": 0.482847899199,
        "dvar": 0.0473075434566,
        "dvar2": 0.130103111267,
        "max": 8.47542381287,
        "mean": 7.35255336761,
        "median": 7.41722011566,
        "min": 6.3939948082,
        "var": 0.190317213535
    },
    "spectral_flux": {
        "dmean": 0.0214296039194,
        "dmean2": 0.0362480320036,
        "dvar": 0.000509695149958,
        "dvar2": 0.00156730413437,
        "max": 0.170149490237,
        "mean": 0.0657392963767,
        "median": 0.0573195330799,
        "min": 0.0198796447366,
        "var": 0.00107049033977
    },
    "spectral_kurtosis": {
        "dmean": 1.60069060326,
        "dmean2": 2.55950045586,
        "dvar": 2.08545970917,
        "dvar2": 5.65288925171,
        "max": 13.9293518066,
        "mean": 7.21480941772,
        "median": 7.21734237671,
        "min": 1.58517885208,
        "var": 6.70691394806
    },
    "spectral_rms": {
        "dmean": 0.000944292230997,
        "dmean2": 0.00141192693263,
        "dvar": 8.82445419847e-07,
        "dvar2": 2.16436978917e-06,
        "max": 0.00872675981373,
        "mean": 0.00348109472543,
        "median": 0.00313949282281,
        "min": 0.000323591404594,
        "var": 3.16089131047e-06
    },
    "spectral_rolloff": {
        "dmean": 539.047851562,
        "dmean2": 1028.48425293,
        "dvar": 1053338.5,
        "dvar2": 2287985.25,
        "max": 6330.76171875,
        "mean": 2400.77587891,
        "median": 1981.0546875,
        "min": 1916.45507812,
        "var": 1058124.125
    },
    "spectral_skewness": {
        "dmean": 0.271140217781,
        "dmean2": 0.42377358675,
        "dvar": 0.0458604022861,
        "dvar2": 0.131517216563,
        "max": 2.69545650482,
        "mean": 1.95069921017,
        "median": 1.9651362896,
        "min": 0.808487534523,
        "var": 0.183596819639
    },
    "spectral_spread": {
        "dmean": 798706.3125,
        "dmean2": 984448.625,
        "dvar": 2.30053301453e+12,
        "dvar2": 1.19093395456e+12,
        "max": 24508350,
        "mean": 6109493.5,
        "median": 5797988.5,
        "min": 3506033.25,
        "var": 8.51679012454e+12
    },
    "spectral_strongpeak": {
        "dmean": 2.45919251442,
        "dmean2": 4.4403719902,
        "dvar": 8.28550815582,
        "dvar2": 15.9181623459,
        "max": 18.3688926697,
        "mean": 4.81133937836,
        "median": 3.09359121323,
        "min": 0,
        "var": 22.9703540802
    },
    "zerocrossingrate": {
        "dmean": 0.0191650390625,
        "dmean2": 0.0210374742746,
        "dvar": 0.000250225275522,
        "dvar2": 0.000296821352094,
        "max": 0.22412109375,
        "mean": 0.134413421154,
        "median": 0.125,
        "min": 0.05029296875,
        "var": 0.00170123111457
    },
    "barkbands": {
        "dmean": [0.00234723254107, 9.71007466433e-05, 3.76532043447e-05, 0.000144066565554, 0.000157399612362, 0.000139467520057, 3.5298828152e-05, 5.21902366017e-05, 2.44295097218e-05, 1.68576880242e-05, 0.000127877676277, 8.10453184386e-06, 5.21525089425e-06, 4.74119269711e-06, 0.00806352496147, 7.02303295839e-05, 7.11641769158e-05, 5.96868303546e-05, 1.46851707541e-05, 0.000112408852146, 0.000282968598185, 8.04054143373e-05, 1.45529465954e-05, 2.18327077164e-05, 4.42013661086e-05, 1.32177292471e-05, 2.29721954383e-05],
        "dmean2": [0.00431618466973, 0.000186108023627, 6.87280116836e-05, 0.000252406083746, 0.000257714389591, 0.000238549735514, 5.83074179303e-05, 8.64386238391e-05, 4.06988147006e-05, 2.66632632702e-05, 0.00016253501235, 1.38753857755e-05, 8.62827437231e-06, 8.2229180407e-06, 0.0128348581493, 8.93959149835e-05, 0.000131082095322, 7.78529210947e-05, 2.27297787205e-05, 0.000183897587704, 0.000487019511638, 0.00012483377941, 2.10198559216e-05, 3.45440712408e-05, 8.05233357823e-05, 2.30397781706e-05, 3.82953403459e-05],
        "dvar": [4.49248909717e-06, 4.37851266355e-09, 1.74351810767e-09, 1.33530690505e-07, 2.00990598387e-07, 1.65434421717e-08, 1.19924170594e-09, 2.51480170022e-09, 5.03803776475e-10, 4.67546446004e-10, 1.04810027324e-07, 6.33941094064e-11, 2.12281199563e-11, 1.40810184693e-11, 0.000134410205646, 3.04894385295e-08, 2.39971988947e-08, 2.01822523138e-08, 4.95123331223e-10, 3.68301478204e-08, 2.90383809443e-07, 1.93719511543e-08, 5.82652870396e-10, 7.37316374622e-10, 1.06225135355e-08, 7.77156505816e-10, 6.22455642585e-10],
        "dvar2": [1.30205171445e-05, 1.4868227538e-08, 5.34011412867e-09, 3.65073020703e-07, 4.64062082983e-07, 5.35456443629e-08, 3.06024339203e-09, 8.64846683157e-09, 1.19588072778e-09, 8.86377859999e-10, 1.92665225995e-07, 1.76559017406e-10, 6.37205288534e-11, 3.3931298743e-11, 0.000324797758367, 5.51926362391e-08, 6.34998400528e-08, 3.86200120772e-08, 1.13628984e-09, 1.27658751126e-07, 6.04033516538e-07, 5.09164372886e-08, 1.30148947175e-09, 2.08187755923e-09, 3.0280801866e-08, 2.12776907205e-09, 1.12390086127e-09],
        "max": [0.0109602333978, 0.000379243138013, 0.000215242442209, 0.00239138444886, 0.0033031583298, 0.000694773392752, 0.000272742181551, 0.000321821600664, 0.000162093696417, 0.000245104689384, 0.00283741112798, 6.33599702269e-05, 3.26075278281e-05, 2.1908472263e-05, 0.0668152347207, 0.00145354424603, 0.000963315484114, 0.00123330682982, 0.000125925027533, 0.00117403327022, 0.00292140757665, 0.000733318040147, 0.000178623522515, 0.000196026914637, 0.000616882345639, 0.000159553383128, 0.000197020184714],
        "mean": [0.00213934550993, 0.000108453699795, 3.96939103666e-05, 0.000124710495584, 0.000188593010535, 0.000244698603638, 4.36313966929e-05, 0.000110627748654, 3.82017606171e-05, 2.85214027826e-05, 0.000176869158167, 1.41979971886e-05, 8.51515960676e-06, 8.04238970886e-06, 0.0111765777692, 8.82916137925e-05, 8.1503058027e-05, 7.42345364415e-05, 2.04026637221e-05, 0.000154331937665, 0.000342054321663, 0.000105450832052, 2.30488258239e-05, 3.06798356178e-05, 4.10505599575e-05, 2.12544418901e-05, 0.000144386925967],
        "median": [0.00130148103926, 9.38800512813e-05, 2.94079382002e-05, 4.35930196545e-05, 5.00693568029e-05, 0.00024024391314, 3.24756219925e-05, 9.83109275694e-05, 3.08513372147e-05, 1.63102304214e-05, 1.48648232425e-05, 1.08803751573e-05, 6.46992384645e-06, 6.27211647952e-06, 0.00429716752842, 2.95910977002e-05, 2.48194101005e-05, 2.08113597182e-05, 1.21554485304e-05, 7.89367695688e-05, 9.8419994174e-05, 4.30707659689e-05, 1.26995309984e-05, 2.08952442335e-05, 1.53137079906e-05, 1.4929295503e-05, 0.00014609064965],
        "min": [9.81065659289e-06, 2.33032687902e-06, 9.50725791427e-07, 1.78941093054e-07, 3.90545210394e-06, 7.19049057807e-06, 6.65034690428e-07, 2.12269515032e-06, 1.44952457504e-06, 9.9724525171e-07, 6.45307181912e-07, 1.35329514706e-07, 1.63623852245e-07, 1.12855082079e-06, 3.68725013686e-05, 2.98936311083e-06, 2.19969911086e-06, 9.53067058163e-07, 5.72842111524e-07, 6.20536980023e-07, 6.27772124062e-07, 3.26486031099e-07, 4.39733980784e-07, 5.32394381025e-07, 7.2914787097e-07, 1.93391770154e-06, 5.16336240253e-06],
        "var": [5.55859605811e-06, 5.44204725728e-09, 1.43006417819e-09, 1.06615395623e-07, 2.45213385597e-07, 2.46331453013e-08, 1.85927695462e-09, 5.2059210276e-09, 8.07159117322e-10, 1.87443216504e-09, 2.18492417048e-07, 1.46060566419e-10, 4.50145545838e-11, 2.9995964046e-11, 0.000226080825087, 4.61520315298e-08, 2.78332059622e-08, 3.24604378932e-08, 6.50528741986e-10, 4.05017068772e-08, 3.61058397402e-07, 2.50756748699e-08, 9.46212996844e-10, 1.00030039807e-09, 7.2931811701e-09, 5.36078126334e-10, 6.91322887825e-10]
    },
    "erbbands": {
        "dmean": [0.00812805164605, 0.00693455059081, 0.0348524488509, 0.27552652359, 0.394649982452, 0.666697084904, 0.776047825813, 1.24087166786, 0.413421690464, 0.515452742577, 1.10767066479, 0.51013559103, 0.43267428875, 3.18532085419, 2.17858624458, 0.264605373144, 0.227993145585, 0.92895179987, 48.2868232727, 508.400085449, 26.2108898163, 5.02899456024, 1.23202753067, 3.5205245018, 2.11600852013, 4.82201910019, 4.44797086716, 15.1497192383, 5.0594959259, 0.914175391197, 0.397660762072, 0.414961874485, 0.440694630146, 0.731016278267, 0.172253221273, 0.0770191699266, 0.0186757110059, 0.00772091047838, 0.00299090193585, 0.000500380119774],
        "dmean2": [0.0153566123918, 0.0116577390581, 0.0625389665365, 0.498712092638, 0.746045589447, 1.06697225571, 1.31427609921, 2.21036243439, 0.678697824478, 0.876195549965, 1.86725533009, 0.85693615675, 0.67046892643, 4.19130659103, 2.88512396812, 0.425835102797, 0.36397010088, 1.51767396927, 78.4592056274, 805.66784668, 40.4683990479, 8.96611118317, 1.82004356384, 4.86140298843, 3.61501646042, 7.89079427719, 7.79351997375, 25.4309883118, 8.16251468658, 1.25140380859, 0.591437757015, 0.586055457592, 0.766519665718, 1.36533820629, 0.304117649794, 0.137572720647, 0.0323982797563, 0.0131244380027, 0.00484031671658, 0.000833087950014],
        "dvar": [6.6693755798e-05, 4.88107652927e-05, 0.00139922136441, 0.410472840071, 1.43250441551, 3.52305603027, 1.99237430096, 1.43658101559, 0.109108529985, 0.574601590633, 1.06250631809, 0.366904914379, 0.143141046166, 54.1373329163, 25.2102489471, 0.0788088738918, 0.0373032428324, 1.71084022522, 5648.03710938, 522360.15625, 1243.33410645, 106.968841553, 4.96136617661, 72.3299102783, 10.0303153992, 77.3208236694, 53.219909668, 875.721496582, 86.3464736938, 2.3125038147, 0.350338101387, 0.168331384659, 0.543910086155, 2.77368068695, 0.162407293916, 0.0320493653417, 0.00134757184424, 0.000158488808665, 8.03948751127e-06, 2.40505158899e-07],
        "dvar2": [0.000193879837752, 0.000133692024974, 0.00396895967424, 1.15460920334, 2.783867836, 9.10133552551, 5.42587041855, 4.75220918655, 0.324711829424, 1.73683285713, 3.42443299294, 0.932125329971, 0.357237547636, 101.833190918, 44.688873291, 0.159128353, 0.10847761482, 4.21726560593, 14136.953125, 1247715.25, 2858.65209961, 276.589050293, 9.53583431244, 140.715820312, 31.6736106873, 266.797912598, 100.142356873, 1922.85974121, 221.262542725, 4.53772974014, 0.778198480606, 0.45921292901, 1.51652860641, 7.94338560104, 0.446443706751, 0.0912072435021, 0.00350599177182, 0.000365108513506, 1.4742176063e-05, 5.2101233905e-07],
        "max": [0.0465332269669, 0.037620164454, 0.199403271079, 4.1761431694, 7.93321323395, 13.1259450912, 9.4784154892, 6.19597053528, 2.47425508499, 5.77896404266, 7.39161872864, 4.53351736069, 4.89596509933, 67.4417800903, 45.3219871521, 2.35268950462, 1.45544481277, 8.07590579987, 432.249420166, 4149.16259766, 206.661499023, 68.0473403931, 20.9423370361, 72.1397399902, 19.6799468994, 55.6993942261, 49.8524208069, 145.69543457, 44.9946670532, 12.5469369888, 4.42004394531, 3.62046861649, 4.62545681, 9.4472360611, 2.6077067852, 1.12316644192, 0.191237270832, 0.0840935632586, 0.0209309961647, 0.00399892870337],
        "mean": [0.0126247350127, 0.0104996915907, 0.0396793335676, 0.24978454411, 0.542259633541, 0.670395970345, 1.14825451374, 2.15863728523, 0.656298160553, 1.05934035778, 2.48427700996, 0.832775831223, 1.02497434616, 4.72963857651, 3.21977114677, 0.572554528713, 0.452475011349, 1.60228133202, 67.0944595337, 708.377685547, 38.7404441833, 6.57732200623, 2.13672757149, 4.25819730759, 3.17974662781, 6.77844381332, 6.76143932343, 16.3993968964, 6.25055027008, 1.2850574255, 0.62233632803, 0.671899855137, 0.513911426067, 0.616768240929, 0.187213987112, 0.087016068399, 0.0353959314525, 0.0275972671807, 0.015650453046, 0.00286442996003],
        "median": [0.0110520655289, 0.0088720433414, 0.0280052497983, 0.0924737155437, 0.129740983248, 0.211557179689, 0.9410161376, 2.13993501663, 0.519614458084, 0.926007688046, 2.26330757141, 0.645780920982, 0.771555840969, 0.572889268398, 0.599640905857, 0.420943707228, 0.367763549089, 0.927577257156, 27.1957359314, 269.721740723, 14.3638696671, 2.79594874382, 0.942146956921, 1.3695499897, 1.77437412739, 3.37525367737, 3.84430861473, 4.55452013016, 2.03725337982, 0.630447149277, 0.314585119486, 0.47855335474, 0.267800837755, 0.22128072381, 0.0832686647773, 0.0404625572264, 0.0280313678086, 0.0268548987806, 0.0154970539734, 0.0028495315928],
        "min": [0.000377063814085, 0.00100034615025, 0.00143232673872, 0.000698482443113, 0.00412947451696, 0.0146467043087, 0.0417144559324, 0.0595961995423, 0.0203105639666, 0.014230391942, 0.0550323612988, 0.0320103093982, 0.0374694503844, 0.0279350336641, 0.024394357577, 0.00471631623805, 0.00797299575061, 0.0428236238658, 0.438670575619, 2.860714674, 0.520733952522, 0.136722713709, 0.0568712875247, 0.0394110903144, 0.0303230118006, 0.028115035966, 0.0319200977683, 0.0169865377247, 0.00951620936394, 0.0173917487264, 0.0105462688953, 0.0114409551024, 0.00899703241885, 0.00892805680633, 0.00492492457852, 0.00526529597118, 0.00411333935335, 0.0018720801454, 0.000491875631269, 9.87667299341e-05],
        "var": [8.71017473401e-05, 5.79814404773e-05, 0.00123371521477, 0.32163593173, 1.98373734951, 3.40773129463, 1.68191051483, 2.00902318954, 0.207712382078, 0.658228933811, 2.5158996582, 0.463679075241, 0.774175226688, 129.442077637, 57.254535675, 0.244027391076, 0.096547074616, 2.97506690025, 8604.97070312, 896712.625, 2392.09521484, 143.539276123, 11.6509828568, 109.130561829, 14.1641378403, 85.2450027466, 85.1760559082, 997.342590332, 102.970840454, 4.18537569046, 0.593223392963, 0.395572781563, 0.500304043293, 1.80810105801, 0.127880319953, 0.0235428512096, 0.000869110052008, 8.98000362213e-05, 9.8228083516e-06, 2.92803491675e-07]
    },
    "gfcc": {
        "mean": [-44.310092926, 9.38258266449, -99.2288742065, 11.486284256, -24.8324565887, -11.82072258, -37.4884338379, -10.0787038803, 10.1945762634, 11.6024341583, -27.7940235138, -9.92635631561, 20.7988243103],
        "cov": [[1709.29272461, -331.635650635, -583.190734863, 519.608581543, -68.9061355591, 174.040512085, 131.423797607, -122.157714844, -160.031707764, -29.2711830139, -158.823822021, -19.8978309631, 135.593551636], [-331.635650635, 284.659851074, 206.732315063, -240.222625732, -0.38546821475, -79.4521408081, -30.2244167328, -17.6761455536, -1.6374797821, -42.9232063293, 62.179599762, -5.84179162979, -32.740814209], [-583.190734863, 206.732315063, 570.002685547, -250.68913269, -174.719223022, -76.2953948975, -87.8221206665, -10.2941913605, 0.804801940918, 12.9483766556, 23.570930481, -41.693271637, -122.441230774], [519.608581543, -240.222625732, -250.68913269, 349.206604004, 16.2428150177, 71.7070770264, 38.2645225525, -23.0507545471, -23.87474823, 14.1628904343, -85.3859863281, -16.7165241241, 32.16040802], [-68.9061355591, -0.38546821475, -174.719223022, 16.2428150177, 238.656417847, 3.34511828423, -35.702671051, 68.4029846191, 110.251869202, 1.32725179195, 20.0834026337, 18.5332336426, 40.477848053], [174.040512085, -79.4521408081, -76.2953948975, 71.7070770264, 3.34511828423, 87.3487091064, 35.0432815552, 3.52720427513, -14.9457921982, 4.48375892639, -39.7832832336, 13.995470047, 41.0085868835], [131.423797607, -30.2244167328, -87.8221206665, 38.2645225525, -35.702671051, 35.0432815552, 102.862251282, -1.41424715519, -47.8621749878, -8.90789318085, 6.75878334045, 22.1243648529, 30.2778987885], [-122.157714844, -17.6761455536, -10.2941913605, -23.0507545471, 68.4029846191, 3.52720427513, -1.41424715519, 75.8648300171, 44.4990730286, 6.32476329803, 22.0625915527, 23.7382144928, 7.62950992584], [-160.031707764, -1.6374797821, 0.804801940918, -23.87474823, 110.251869202, -14.9457921982, -47.8621749878, 44.4990730286, 123.335517883, 37.7521209717, 15.5569343567, 5.12171363831, -8.75069236755], [-29.2711830139, -42.9232063293, 12.9483766556, 14.1628904343, 1.32725179195, 4.48375892639, -8.90789318085, 6.32476329803, 37.7521209717, 44.0404243469, -2.20616149902, -8.04627609253, -2.99842166901], [-158.823822021, 62.179599762, 23.570930481, -85.3859863281, 20.0834026337, -39.7832832336, 6.75878334045, 22.0625915527, 15.5569343567, -2.20616149902, 64.403213501, 14.9321336746, -9.92760372162], [-19.8978309631, -5.84179162979, -41.693271637, -16.7165241241, 18.5332336426, 13.995470047, 22.1243648529, 23.7382144928, 5.12171363831, -8.04627609253, 14.9321336746, 51.3292503357, 27.1106987], [135.593551636, -32.740814209, -122.441230774, 32.16040802, 40.477848053, 41.0085868835, 30.2778987885, 7.62950992584, -8.75069236755, -2.99842166901, -9.92760372162, 27.1106987, 74.236656189]],
        "icov": [[0.00219485885464, -0.00221383897588, 0.00301566976123, -0.00243658362888, 0.00418409751728, -0.00252570887096, 0.00176781241316, -0.000808230310213, -0.0013030488044, 0.00120549311396, 0.000130718981382, 0.00201371102594, -0.0013028322719], [-0.00221383897588, 0.0282058492303, -0.013875846751, 0.0125537151471, -0.0177191011608, 0.0119826495647, -0.0124088870361, 0.0202470570803, -0.00118318526074, 0.0207423269749, -0.00422994513065, 0.00233946694061, -0.00654045306146], [0.00301566976123, -0.013875846751, 0.0161066558212, -0.00307822646573, 0.0185873825103, -0.00868294201791, 0.0109288832173, -0.0134738935158, -0.00386175094172, -0.00616668257862, 0.00398621102795, 0.00377290556207, 0.00631091976538], [-0.00243658362888, 0.0125537151471, -0.00307822646573, 0.0150656281039, -0.00961557868868, 0.00662004062906, -0.00723719224334, 0.00679571181536, 0.00252030976117, 0.00241335551254, 0.00846496038139, 0.000269866111921, 0.00365068949759], [0.00418409751728, -0.0177191011608, 0.0185873825103, -0.00961557868868, 0.0408902689815, -0.0133994193748, 0.0166243724525, -0.0221384689212, -0.0249840114266, 0.0129529088736, -0.00535534881055, 0.0139885712415, -0.00827988050878], [-0.00252570887096, 0.0119826495647, -0.00868294201791, 0.00662004062906, -0.0133994193748, 0.0354748293757, -0.0151021992788, 0.00436438713223, 0.00471427850425, -0.00134250335395, 0.0194625258446, -0.00682924455032, -0.00827219989151], [0.00176781241316, -0.0124088870361, 0.0109288832173, -0.00723719224334, 0.0166243724525, -0.0151021992788, 0.0280408654362, -0.012060306035, 0.00258434470743, -0.00625828886405, -0.0111744459718, -0.000792800798081, 0.000386876694392], [-0.000808230310213, 0.0202470570803, -0.0134738935158, 0.00679571181536, -0.0221384689212, 0.00436438713223, -0.012060306035, 0.0412309467793, -0.000842482957523, 0.0114674801007, -0.00869747065008, -0.00822472479194, -0.00221511744894], [-0.0013030488044, -0.00118318526074, -0.00386175094172, 0.00252030976117, -0.0249840114266, 0.00471427850425, 0.00258434470743, -0.000842482957523, 0.0443450212479, -0.040474306792, 0.0075954371132, -0.0169826094061, 0.0152581306174], [0.00120549311396, 0.0207423269749, -0.00616668257862, 0.00241335551254, 0.0129529088736, -0.00134250335395, -0.00625828886405, 0.0114674801007, -0.040474306792, 0.0784263312817, -0.0162827353925, 0.0243123322725, -0.0218767691404], [0.000130718981382, -0.00422994513065, 0.00398621102795, 0.00846496038139, -0.00535534881055, 0.0194625258446, -0.0111744459718, -0.00869747065008, 0.0075954371132, -0.0162827353925, 0.0493169054389, -0.0116507643834, 0.00951098743826], [0.00201371102594, 0.00233946694061, 0.00377290556207, 0.000269866111921, 0.0139885712415, -0.00682924455032, -0.000792800798081, -0.00822472479194, -0.0169826094061, 0.0243123322725, -0.0116507643834, 0.0427277721465, -0.017408374697], [-0.0013028322719, -0.00654045306146, 0.00631091976538, 0.00365068949759, -0.00827988050878, -0.00827219989151, 0.000386876694392, -0.00221511744894, 0.0152581306174, -0.0218767691404, 0.00951098743826, -0.017408374697, 0.0394911691546]]
    },
    "melbands": {
        "dmean": [0.000106208273792, 1.41358350447e-05, 5.29789067514e-05, 4.10059728893e-05, 2.45665487455e-05, 2.63717065536e-05, 6.77498474033e-06, 7.45744637243e-06, 7.71406939748e-06, 3.18192178383e-06, 2.30360865316e-06, 1.19010574053e-05, 1.31368842631e-05, 1.10874941583e-06, 5.79197489969e-07, 4.90623278893e-07, 4.60824423953e-07, 5.74034515921e-07, 0.000646821514238, 0.000311503303237, 1.02114108813e-06, 5.34250557394e-06, 1.25973974718e-06, 2.34357457884e-06, 3.05346816276e-06, 3.74007726123e-07, 4.91774699185e-06, 2.46397598858e-06, 2.06496724786e-06, 4.95786116517e-06, 1.01144396467e-05, 3.31038313561e-06, 6.61312299144e-07, 4.31312713545e-07, 1.90867055494e-07, 2.0315474103e-07, 3.1174323567e-07, 2.9408712976e-07, 5.19389516285e-07, 5.79709364956e-07],
        "dmean2": [0.000174385379069, 2.47644693445e-05, 9.1610061645e-05, 6.47280539852e-05, 3.93006339436e-05, 4.64780168841e-05, 1.1204691873e-05, 1.28746987684e-05, 1.33347184601e-05, 5.22809978065e-06, 3.91873300032e-06, 1.56951318786e-05, 1.67940579558e-05, 1.89498564396e-06, 9.78522507467e-07, 8.10618132618e-07, 8.01291093921e-07, 8.94579727628e-07, 0.0010396791622, 0.000484857650008, 1.72899785866e-06, 9.91809974948e-06, 2.28554176829e-06, 3.0393259749e-06, 4.26800716014e-06, 6.05973582424e-07, 8.39094082039e-06, 4.18227273258e-06, 3.39518692272e-06, 9.19725971471e-06, 1.6949217752e-05, 5.38928770766e-06, 1.09809400328e-06, 5.7692250266e-07, 2.81936337387e-07, 3.30860302711e-07, 4.4525339149e-07, 5.10405754994e-07, 9.6189182841e-07, 1.08414917577e-06],
        "dvar": [1.17631788754e-08, 1.73530814718e-10, 1.75736101227e-08, 1.50132013488e-08, 2.25793206354e-09, 6.23700369129e-10, 3.34468806817e-11, 7.03362090793e-11, 5.14367992643e-11, 1.15983255985e-11, 6.02895424556e-12, 7.26194271383e-10, 1.04807729162e-09, 9.07084466133e-13, 4.71132627269e-13, 1.6560326244e-13, 1.30911747371e-13, 9.17514545243e-13, 9.3117051847e-07, 1.79733973482e-07, 3.76087615911e-12, 1.3532898413e-10, 6.90655432151e-12, 2.37015459342e-11, 5.5570586327e-11, 3.31392302922e-13, 7.39558483898e-11, 1.97322089224e-11, 7.76228040178e-12, 8.28783985884e-11, 4.05014299876e-10, 3.80814407785e-11, 7.85548492574e-13, 6.4626347893e-13, 8.61283226271e-14, 5.996901787e-14, 1.08189763301e-13, 2.18733248202e-13, 1.25950877332e-12, 1.69575388887e-12],
        "dvar2": [3.65635202115e-08, 4.77790473852e-10, 4.72516212824e-08, 3.65474548403e-08, 5.80786974069e-09, 2.05395522812e-09, 9.45483760728e-11, 2.34534586196e-10, 1.63560859301e-10, 2.82744903879e-11, 1.22619917692e-11, 1.34881428249e-09, 1.87270843277e-09, 2.82241417737e-12, 9.47285761117e-13, 5.53600622375e-13, 3.48340334442e-13, 1.40242309953e-12, 2.29145484809e-06, 4.11971115e-07, 9.51578052466e-12, 3.40343114802e-10, 1.88371315074e-11, 4.13673678645e-11, 1.08679142075e-10, 7.79005982984e-13, 2.5500754286e-10, 6.61371998834e-11, 1.73259497027e-11, 1.56451851474e-10, 9.21429821332e-10, 1.02076222475e-10, 1.92685017247e-12, 1.17408708623e-12, 1.81511760917e-13, 1.33560914065e-13, 2.9327327242e-13, 6.12251948359e-13, 3.58454021673e-12, 4.85381960319e-12],
        "max": [0.000722657190636, 6.05450331932e-05, 0.000890772498678, 0.00090295181144, 0.000324528518831, 0.000135135531309, 4.37414491898e-05, 6.40505968477e-05, 4.89867270517e-05, 2.56429138972e-05, 2.49482927757e-05, 0.000251953082625, 0.000286139460513, 7.56246618039e-06, 4.19470143243e-06, 2.49846152656e-06, 1.77809943125e-06, 1.16943620014e-05, 0.00558710983023, 0.00236736657098, 1.24124217109e-05, 7.15980640962e-05, 1.70301645994e-05, 4.46627964266e-05, 6.25793618383e-05, 3.47077752849e-06, 5.15776700922e-05, 2.85069618258e-05, 1.84274085768e-05, 5.48374009668e-05, 9.43473060033e-05, 3.01600321109e-05, 4.9764112191e-06, 6.70948884363e-06, 2.0937688987e-06, 1.7030881736e-06, 2.75885736301e-06, 2.73921091321e-06, 6.67141512167e-06, 7.26533517081e-06],
        "mean": [0.000173070977326, 1.67090383911e-05, 5.14015628141e-05, 4.65378579975e-05, 3.88758380723e-05, 4.74439075333e-05, 9.41831149248e-06, 1.58700731845e-05, 1.72927593667e-05, 4.95483982377e-06, 4.8296346904e-06, 1.80295282917e-05, 1.83282445505e-05, 1.81566599622e-06, 8.94887307368e-07, 8.58383486957e-07, 7.42396593978e-07, 1.13197700102e-06, 0.000890086754225, 0.000444292381871, 1.67194650658e-06, 6.25185748504e-06, 1.55184818595e-06, 3.20326239489e-06, 3.56811710844e-06, 5.60992191367e-07, 6.13308202446e-06, 3.62219452654e-06, 2.8686386031e-06, 7.51069410398e-06, 9.62422382145e-06, 3.83306178264e-06, 9.63565639722e-07, 5.64433491945e-07, 3.03516543454e-07, 3.2845377973e-07, 4.83671499296e-07, 3.3405089539e-07, 4.91287096338e-07, 4.76573035257e-07],
        "median": [0.000170885396074, 1.26404156617e-05, 1.85687113117e-05, 1.22576866488e-05, 2.88940864266e-05, 4.68596590508e-05, 7.39133292882e-06, 1.33322591864e-05, 1.57328631758e-05, 3.72430463358e-06, 3.70184693566e-06, 2.20761808123e-06, 1.94728454517e-06, 1.38664017868e-06, 6.05602338055e-07, 6.84014992203e-07, 5.99274585511e-07, 6.33651893622e-07, 0.000348224682966, 0.000157967122504, 9.67534901974e-07, 1.83704378287e-06, 6.48853358598e-07, 1.06044728909e-06, 9.5137926337e-07, 3.8603772623e-07, 3.16581372317e-06, 1.95538859771e-06, 1.68209476215e-06, 2.18508239413e-06, 1.7572277784e-06, 9.54095639827e-07, 4.63818224716e-07, 2.20064521272e-07, 1.39819476885e-07, 1.99105002707e-07, 3.02477815239e-07, 1.79183004434e-07, 2.39971171823e-07, 1.61158681067e-07],
        "min": [3.21572611028e-06, 1.03074546587e-06, 1.90070650774e-07, 6.36364347884e-07, 1.3225372868e-06, 1.32563070565e-06, 2.62421934849e-07, 2.06650071277e-07, 4.55543215594e-07, 1.8192113771e-07, 1.89160132891e-07, 1.17433309299e-07, 8.95400731338e-08, 2.35079653521e-08, 9.23926535279e-09, 1.98223304437e-08, 7.05535256884e-08, 1.00304404782e-07, 3.28733472088e-06, 2.6923698897e-06, 8.74061640843e-08, 1.35698556392e-07, 6.22357774205e-08, 3.82400635601e-08, 3.13926058482e-08, 2.05664072439e-08, 1.90465581085e-08, 1.9159124065e-08, 2.16003090969e-08, 1.43728975388e-08, 8.38468494635e-09, 3.84599196934e-09, 9.21313159097e-09, 9.82806191985e-09, 5.79161962833e-09, 6.84340006885e-09, 6.35264818527e-09, 5.67843860821e-09, 7.05437885884e-09, 7.87297782523e-09],
        "var": [1.84325461561e-08, 1.83176820934e-10, 1.54513415396e-08, 1.65651474759e-08, 2.17263873559e-09, 9.15284736891e-10, 5.56293691667e-11, 1.11470159492e-10, 1.16348201906e-10, 1.63023518296e-11, 1.86983761807e-11, 1.83361537065e-09, 2.24150520367e-09, 2.50841578411e-12, 7.23062397717e-13, 3.52358441903e-13, 2.44629322224e-13, 3.87923720924e-12, 1.48991284732e-06, 3.32624267685e-07, 4.75295410668e-12, 1.67783731353e-10, 7.70460431565e-12, 4.68563278455e-11, 8.17491907501e-11, 3.49265700996e-13, 7.47454043104e-11, 2.34833697627e-11, 1.26075669002e-11, 1.26987573235e-10, 4.19309503785e-10, 4.21815186946e-11, 1.30624048904e-12, 1.14567882091e-12, 1.46177015804e-13, 1.05369184244e-13, 2.43660343638e-13, 2.05247385927e-13, 8.8835313888e-13, 1.09274449298e-12]
    },
    "mfcc": {
        "mean": [-715.932434082, 74.5719680786, 1.19244599342, 28.0700130463, 9.79559612274, 4.98046779633, -18.5894889832, -15.5540008545, 29.8156795502, 10.8266935349, -17.5978488922, -9.3368062973, 12.702085495],
        "cov": [[2209.33422852, -830.551940918, -338.341186523, 344.992889404, -213.457260132, 235.007766724, 184.204849243, 54.1804008484, 244.318740845, -258.222320557, -153.055145264, -57.6479263306, -45.2907943726], [-830.551940918, 617.15020752, 202.676651001, -222.1875, 37.808631897, -121.598655701, -53.3842735291, -39.3231735229, -188.273300171, 118.216712952, 10.6737852097, -40.3755493164, 20.5358314514], [-338.341186523, 202.676651001, 373.579467773, -123.296653748, -37.4153022766, 2.53512620926, -56.9802856445, -111.797531128, -77.894744873, 11.0658483505, 81.8053207397, 23.2482223511, -58.296421051], [344.992889404, -222.1875, -123.296653748, 174.870834351, 29.0098972321, 23.5615406036, 5.2663064003, 33.7877922058, 76.4789886475, -47.1671218872, 2.3469517231, 31.7951221466, -13.5068397522], [-213.457260132, 37.808631897, -37.4153022766, 29.0098972321, 160.30039978, -53.8725357056, -41.905090332, 34.219997406, 18.4989643097, 38.072101593, 27.7041721344, 13.1992959976, 20.6019878387], [235.007766724, -121.598655701, 2.53512620926, 23.5615406036, -53.8725357056, 89.0982894897, 25.5625858307, -14.818570137, 39.2148513794, -39.6143798828, -10.142947197, -5.62737703323, -12.8040714264], [184.204849243, -53.3842735291, -56.9802856445, 5.2663064003, -41.905090332, 25.5625858307, 75.2813949585, 15.6902217865, 29.5547370911, -22.9980125427, -43.9484939575, -26.3261299133, 2.81401371956], [54.1804008484, -39.3231735229, -111.797531128, 33.7877922058, 34.219997406, -14.818570137, 15.6902217865, 87.5754241943, 35.5423316956, -1.95510435104, -17.4218673706, -7.29626321793, 27.9562988281], [244.318740845, -188.273300171, -77.894744873, 76.4789886475, 18.4989643097, 39.2148513794, 29.5547370911, 35.5423316956, 123.245376587, -40.8777008057, -9.51748085022, 7.5352139473, 7.92469024658], [-258.222320557, 118.216712952, 11.0658483505, -47.1671218872, 38.072101593, -39.6143798828, -22.9980125427, -1.95510435104, -40.8777008057, 84.7883377075, 4.96623325348, 5.24831295013, 33.804775238], [-153.055145264, 10.6737852097, 81.8053207397, 2.3469517231, 27.7041721344, -10.142947197, -43.9484939575, -17.4218673706, -9.51748085022, 4.96623325348, 83.2086410522, 47.140460968, -22.9331893921], [-57.6479263306, -40.3755493164, 23.2482223511, 31.7951221466, 13.1992959976, -5.62737703323, -26.3261299133, -7.29626321793, 7.5352139473, 5.24831295013, 47.140460968, 68.4561462402, 0.70326590538], [-45.2907943726, 20.5358314514, -58.296421051, -13.5068397522, 20.6019878387, -12.8040714264, 2.81401371956, 27.9562988281, 7.92469024658, 33.804775238, -22.9331893921, 0.70326590538, 59.2268333435]],
