{
"lowlevel": {
    "average_loudness": 0.787702083588,
    "barkbands_crest": {
        "dmean": 2.19887471199,
        "dmean2": 3.51740074158,
        "dvar": 4.99279165268,
        "dvar2": 10.7400007248,
        "max": 18.1104736328,
        "mean": 7.93843269348,
        "median": 7.06508684158,
        "min": 2.72239375114,
        "var": 10.628827095
    },
    "barkbands_flatness_db": {
        "dmean": 0.0191293992102,
        "dmean2": 0.0296335387975,
        "dvar": 0.000395136972656,
        "dvar2": 0.0010069567943,
        "max": 0.236561864614,
        "mean": 0.116508632898,
        "median": 0.110488563776,
        "min": 0.0308092497289,
        "var": 0.00294772977941
    },
    "barkbands_kurtosis": {
        "dmean": 1.87827646732,
        "dmean2": 3.12831282616,
        "dvar": 8.96718025208,
        "dvar2": 24.7417259216,
        "max": 21.249874115,
        "mean": 1.94559764862,
        "median": 1.16399812698,
        "min": -1.75487911701,
        "var": 10.6750450134
    },
    "barkbands_skewness": {
        "dmean": 0.547421276569,
        "dmean2": 0.825142025948,
        "dvar": 0.358392119408,
        "dvar2": 0.916843235493,
        "max": 3.40422296524,
        "mean": 0.67380464077,
        "median": 0.792050719261,
        "min": -3.82496333122,
        "var": 1.28525710106
    },
    "barkbands_spread": {
        "dmean": 7.27705049515,
        "dmean2": 12.5194730759,
        "dvar": 90.0258865356,
        "dvar2": 235.684112549,
        "max": 130.491104126,
        "mean": 28.5711307526,
        "median": 18.8375930786,
        "min": 5.06558036804,
        "var": 693.07989502
    },
    "dissonance": {
        "dmean": 0.0203559305519,
        "dmean2": 0.0348383970559,
        "dvar": 0.000418972485932,
        "dvar2": 0.00107658386696,
        "max": 0.498517453671,
        "mean": 0.46710807085,
        "median": 0.474234968424,
        "min": 0.361872345209,
        "var": 0.000933556992095
    },
    "dynamic_complexity": 13.9140510559,
    "erbbands_crest": {
        "dmean": 2.29976558685,
        "dmean2": 3.76043891907,
        "dvar": 4.39225244522,
        "dvar2": 13.9425125122,
        "max": 23.694108963,
        "mean": 8.4237203598,
        "median": 7.69682121277,
        "min": 2.74544882774,
        "var": 12.1596031189
    },
    "erbbands_flatness_db": {
        "dmean": 0.0185639336705,
        "dmean2": 0.0293839797378,
        "dvar": 0.000410380132962,
        "dvar2": 0.00100549962372,
        "max": 0.283808082342,
        "mean": 0.172317698598,
        "median": 0.182387322187,
        "min": 0.0257996097207,
        "var": 0.00505493953824
    },
    "erbbands_kurtosis": {
        "dmean": 0.834324896336,
        "dmean2": 1.3354319334,
        "dvar": 0.79316753149,
        "dvar2": 1.90153515339,
        "max": 6.4114780426,
        "mean": 0.726951539516,
        "median": 0.396974086761,
        "min": -1.34078514576,
        "var": 2.4480035305
    },
    "erbbands_skewness": {
        "dmean": 0.363326281309,
        "dmean2": 0.596194803715,
        "dvar": 0.11328496784,
        "dvar2": 0.309165894985,
        "max": 1.79043722153,
        "mean": 0.307799458504,
        "median": 0.324250072241,
        "min": -1.79647421837,
        "var": 0.590061485767
    },
    "erbbands_spread": {
        "dmean": 6.33180713654,
        "dmean2": 9.44601631165,
        "dvar": 46.453163147,
        "dvar2": 97.7463607788,
        "max": 92.4144058228,
        "mean": 31.2390117645,
        "median": 23.7896652222,
        "min": 7.58466053009,
        "var": 456.658081055
    },
    "hfc": {
        "dmean": 3.23086762428,
        "dmean2": 4.18763494492,
        "dvar": 52.204788208,
        "dvar2": 100.79850769,
        "max": 62.0729064941,
        "mean": 4.40142917633,
        "median": 0.370927274227,
        "min": 0.000326887209667,
        "var": 100.290122986
    },
    "melbands_crest": {
        "dmean": 2.88953924179,
        "dmean2": 4.44389295578,
        "dvar": 6.83928823471,
        "dvar2": 14.666176796,
        "max": 21.2553367615,
        "mean": 10.6342716217,
        "median": 10.2166986465,
        "min": 3.12424325943,
        "var": 14.6478652954
    },
    "melbands_flatness_db": {
        "dmean": 0.0223168861121,
        "dmean2": 0.0324358455837,
        "dvar": 0.0004173774214,
        "dvar2": 0.000852631463204,
        "max": 0.300840497017,
        "mean": 0.158753976226,
        "median": 0.158732011914,
        "min": 0.0175226293504,
        "var": 0.00567034585401
    },
    "melbands_kurtosis": {
        "dmean": 3.38497328758,
        "dmean2": 5.55013799667,
        "dvar": 27.4244613647,
        "dvar2": 73.0077056885,
        "max": 38.6293411255,
        "mean": 5.32742404938,
        "median": 3.0787229538,
        "min": -1.59720289707,
        "var": 55.428440094
    },
    "melbands_skewness": {
        "dmean": 0.579424083233,
        "dmean2": 0.909167528152,
        "dvar": 0.404251009226,
        "dvar2": 1.00021076202,
        "max": 4.91896486282,
        "mean": 1.44781780243,
        "median": 1.125030756,
        "min": -1.84632599354,
        "var": 1.64963388443
    },
    "melbands_spread": {
        "dmean": 10.9594106674,
        "dmean2": 17.3322582245,
        "dvar": 414.099395752,
        "dvar2": 834.75793457,
        "max": 195.612136841,
        "mean": 35.9850730896,
        "median": 20.6107730865,
        "min": 6.18488121033,
        "var": 1500.95141602
    },
    "pitch_salience": {
        "dmean": 0.0737390518188,
        "dmean2": 0.120503976941,
        "dvar": 0.0049934303388,
        "dvar2": 0.0112267509103,
        "max": 0.8946839571,
        "mean": 0.662755966187,
        "median": 0.674750208855,
        "min": 0.371311247349,
        "var": 0.00849154405296
    },
    "silence_rate_20dB": {
        "dmean": 0,
        "dmean2": 0,
        "dvar": 0,
        "dvar2": 0,
        "max": 1,
        "mean": 1,
        "median": 1,
        "min": 1,
        "var": 0
    },
    "silence_rate_30dB": {
        "dmean": 0.0166666675359,
        "dmean2": 0.0336134470999,
        "dvar": 0.0163888707757,
        "dvar2": 0.0492900833488,
        "max": 1,
        "mean": 0.991735517979,
        "median": 1,
        "min": 0,
        "var": 0.00819616578519
    },
    "silence_rate_60dB": {
        "dmean": 0.0666666701436,
        "dmean2": 0.1344537884,
        "dvar": 0.0622223131359,
        "dvar2": 0.116375990212,
        "max": 1,
        "mean": 0.801652908325,
        "median": 1,
        "min": 0,
        "var": 0.159005388618
    },
    "spectral_centroid": {
        "dmean": 275.935058594,
        "dmean2": 426.176483154,
        "dvar": 163250.703125,
        "dvar2": 378497.65625,
        "max": 5119.04980469,
        "mean": 1643.92578125,
        "median": 1330.10131836,
        "min": 537.91973877,
        "var": 940047.6875
    },
    "spectral_complexity": {
        "dmean": 2.22499990463,
        "dmean2": 3.17647051811,
        "dvar": 21.941078186,
        "dvar2": 41.1872940063,
        "max": 36,
        "mean": 5.02479362488,
        "median": 1,
        "min": 0,
        "var": 66.0076293945
    },
    "spectral_decrease": {
        "dmean": 1.06548325718e-09,
        "dmean2": 1.25067556311e-09,
        "dvar": 9.57855048848e-18,
        "dvar2": 1.78361812198e-17,
        "max": -1.17611549636e-14,
        "mean": -1.49848133901e-09,
        "median": -6.48018860794e-11,
        "min": -3.03149256808e-08,
        "var": 1.92862652296e-17
    },
    "spectral_energy": {
        "dmean": 0.00431427080184,
        "dmean2": 0.00509577803314,
        "dvar": 0.000150294872583,
        "dvar2": 0.000280063337414,
        "max": 0.12004557997,
        "mean": 0.00605482049286,
        "median": 0.000290407886496,
        "min": 7.4039064657e-08,
        "var": 0.000303213775624
    },
    "spectral_energyband_high": {
        "dmean": 0.000104382568679,
        "dmean2": 0.000163611854077,
        "dvar": 1.03429627529e-07,
        "dvar2": 2.3374236946e-07,
        "max": 0.00217970926315,
        "mean": 9.75357907009e-05,
        "median": 4.01421493734e-06,
        "min": 1.11986153684e-08,
        "var": 1.09230228418e-07
    },
    "spectral_energyband_low": {
        "dmean": 6.65212064632e-05,
        "dmean2": 0.000110436725663,
        "dvar": 8.9971116779e-08,
        "dvar2": 2.28999567753e-07,
        "max": 0.00244257855229,
        "mean": 5.21606561961e-05,
        "median": 8.43067027745e-07,
        "min": 2.94128277289e-08,
        "var": 7.31830667178e-08
    },
    "spectral_energyband_middle_high": {
        "dmean": 0.000753847067244,
        "dmean2": 0.000943045655731,
        "dvar": 3.78442496185e-06,
        "dvar2": 6.23122514298e-06,
        "max": 0.0164751932025,
        "mean": 0.00131603085902,
        "median": 0.000117087591207,
        "min": 1.40350242539e-09,
        "var": 9.61087152973e-06
    },
    "spectral_energyband_middle_low": {
        "dmean": 0.00354120740667,
        "dmean2": 0.00427772197872,
        "dvar": 0.000117063274956,
        "dvar2": 0.000221150068683,
        "max": 0.105464570224,
        "mean": 0.00464901095256,
        "median": 8.03707516752e-05,
        "min": 1.72259060349e-08,
        "var": 0.00022085418459
    },
    "spectral_entropy": {
        "dmean": 0.148605242372,
        "dmean2": 0.214373096824,
        "dvar": 0.019595362246,
        "dvar2": 0.0425648242235,
        "max": 8.78420352936,
        "mean": 7.72684001923,
        "median": 7.73774909973,
        "min": 6.77275037766,
        "var": 0.304513096809
    },
    "spectral_flux": {
        "dmean": 0.0126361669973,
        "dmean2": 0.0201539006084,
        "dvar": 0.000939988414757,
        "dvar2": 0.00205425545573,
        "max": 0.246703580022,
        "mean": 0.0282717067748,
        "median": 0.0103422421962,
        "min": 0.000786918739323,
        "var": 0.00209032767452
    },
    "spectral_kurtosis": {
        "dmean": 2.11889219284,
        "dmean2": 3.12370061874,
        "dvar": 7.28156709671,
        "dvar2": 19.5444355011,
        "max": 22.2986087799,
        "mean": 7.93681383133,
        "median": 5.87896728516,
        "min": -0.880094528198,
        "var": 34.9189224243
    },
    "spectral_rms": {
        "dmean": 0.000504811236169,
        "dmean2": 0.000569609343074,
        "dvar": 1.18535729143e-06,
        "dvar2": 1.81984285064e-06,
        "max": 0.0108220903203,
        "mean": 0.00130244542379,
        "median": 0.000532282574568,
        "min": 8.49901334732e-06,
        "var": 4.21077675128e-06
    },
    "spectral_rolloff": {
        "dmean": 980.657897949,
        "dmean2": 1576.08605957,
        "dvar": 4290071.5,
        "dvar2": 9137476,
        "max": 20650.3417969,
        "mean": 4583.72509766,
        "median": 1830.32226562,
        "min": 473.73046875,
        "var": 30280738
    },
    "spectral_skewness": {
        "dmean": 0.236935168505,
        "dmean2": 0.360901921988,
        "dvar": 0.0850585177541,
        "dvar2": 0.190707892179,
        "max": 3.63750338554,
        "mean": 2.01560401917,
        "median": 1.87958455086,
        "min": 0.391275167465,
        "var": 0.51478344202
    },
    "spectral_spread": {
        "dmean": 600076.625,
        "dmean2": 782528.625,
        "dvar": 746974281728,
        "dvar2": 1.2407514071e+12,
        "max": 17021998,
        "mean": 5170211.5,
        "median": 4565367.5,
        "min": 1975171.75,
        "var": 7.8301275095e+12
    },
    "spectral_strongpeak": {
        "dmean": 0.215825334191,
        "dmean2": 0.363963633776,
        "dvar": 0.168601512909,
        "dvar2": 0.454435646534,
        "max": 2.63245344162,
        "mean": 0.319138914347,
        "median": 0.157407999039,
        "min": 0,
        "var": 0.224098294973
    },
    "zerocrossingrate": {
        "dmean": 0.0223429370672,
        "dmean2": 0.0238108914346,
        "dvar": 0.00103857519571,
        "dvar2": 0.00131830922328,
        "max": 0.38916015625,
        "mean": 0.128708511591,
        "median": 0.08544921875,
        "min": 0.0224609375,
        "var": 0.00919044110924
    },
    "barkbands": {
        "dmean": [1.46635761666e-06, 3.33696584676e-06, 2.06703025469e-05, 0.000106882616819, 0.00161898019724, 0.00123830512166, 0.000339365389664, 0.000275629921816, 0.000216895801714, 0.000187310826732, 8.43624147819e-05, 0.000197679866687, 9.20447564567e-05, 5.9520938521e-05, 8.84281325852e-05, 0.00012445700122, 5.72005155846e-05, 3.56405325874e-05, 4.16961083829e-05, 2.42788828473e-05, 9.24524283619e-06, 6.20644732408e-06, 1.12207635539e-05, 2.55306258623e-05, 3.21277038893e-05, 7.60872944738e-06, 1.99484338737e-06],
        "dmean2": [2.49314734901e-06, 5.05081015945e-06, 3.24039028783e-05, 0.000176320274477, 0.00240717339329, 0.00144059152808, 0.000609412614722, 0.000377157557523, 0.000334843120072, 0.000259386346443, 0.000137424431159, 0.000264194619376, 0.000148994804476, 8.29370474094e-05, 0.000136902686791, 0.00018226436805, 0.000102986545244, 4.74581102026e-05, 6.4464577008e-05, 3.55287629645e-05, 1.36977387228e-05, 9.87549719866e-06, 1.59063474712e-05, 4.32697961514e-05, 5.27195115865e-05, 1.18073694466e-05, 2.81131451629e-06],
        "dvar": [5.00791465588e-12, 2.12028603008e-10, 7.75596209479e-09, 1.60357785717e-07, 3.10324758175e-05, 1.66960035131e-05, 1.98550401365e-06, 9.44692772009e-07, 4.98436804719e-07, 2.89011495624e-07, 4.73146180013e-08, 3.68222714542e-07, 7.27219600094e-08, 2.54063170502e-08, 8.3181035393e-08, 1.38735188671e-07, 3.88768022219e-08, 8.55546655743e-09, 1.11394182767e-08, 5.08448261272e-09, 5.12078435211e-10, 3.53968881983e-10, 1.29645616465e-09, 1.48367806929e-08, 1.38153382068e-08, 1.1427154778e-09, 9.56026646737e-11],
        "dvar2": [1.36422444522e-11, 5.00132768533e-10, 1.82696009432e-08, 4.24096413099e-07, 6.58134158584e-05, 2.86913946184e-05, 5.41522422282e-06, 2.06311619877e-06, 1.33699336402e-06, 4.85348550683e-07, 1.32907501893e-07, 5.08319317305e-07, 1.66496832321e-07, 3.57864351486e-08, 2.04620391742e-07, 3.09984613978e-07, 1.21204180914e-07, 1.69830158825e-08, 2.75731490973e-08, 1.19667600273e-08, 1.10786624319e-09, 7.42929384678e-10, 2.49065057467e-09, 3.94226127298e-08, 3.30925047365e-08, 1.95637639422e-09, 2.03435296386e-10],
        "max": [1.78478330781e-05, 0.000118278010632, 0.000694224785548, 0.00257617980242, 0.0425009056926, 0.0406758934259, 0.0113205155358, 0.0097198812291, 0.00630930671468, 0.00551610207185, 0.00178751570638, 0.00641289306805, 0.00188700074796, 0.00142592808697, 0.002495466033, 0.00367151899263, 0.00139955279883, 0.000748728169128, 0.000732017389964, 0.000499448971823, 0.000145965415868, 0.000161206306075, 0.000375567993615, 0.00103184161708, 0.000806271331385, 0.000301272462821, 9.69942630036e-05],
        "mean": [1.6516131609e-06, 2.73541922979e-06, 1.80124989129e-05, 8.22391230031e-05, 0.00166919699404, 0.00186187028885, 0.000338060228387, 0.000343972846167, 0.000241831847234, 0.000371912639821, 0.00011291566625, 0.000286830152618, 0.000124826125102, 0.000103057231172, 9.67273299466e-05, 0.000147395941895, 5.43816786376e-05, 4.28770727012e-05, 4.40649164375e-05, 2.38299053308e-05, 9.81774883257e-06, 7.48165621189e-06, 1.09365346361e-05, 2.14277406485e-05, 2.59132248175e-05, 8.56895258039e-06, 2.05441756407e-06],
        "median": [6.63897651521e-07, 1.44032895832e-07, 1.03769963289e-07, 2.93361779313e-07, 6.30627528153e-06, 5.33207685294e-06, 9.45335796132e-06, 6.6417396738e-06, 1.33463081511e-05, 2.02826722671e-05, 9.65337494563e-06, 9.4898568932e-06, 6.81574420014e-06, 6.51555046716e-06, 4.20854303229e-06, 3.58282727575e-06, 3.41667123394e-06, 2.39359292209e-06, 2.14703231904e-06, 1.21051743918e-06, 7.1237678867e-07, 3.69639707287e-07, 3.44018729947e-07, 2.7974351724e-07, 3.08330299958e-07, 1.02061143537e-07, 3.69464800087e-07],
        "min": [1.96760403526e-08, 1.17579492809e-08, 1.0324148203e-09, 3.07067260508e-09, 5.4555622242e-09, 4.99593522107e-09, 2.07427519605e-09, 3.43351347354e-10, 9.02705299399e-10, 3.04766156756e-10, 1.10077655324e-10, 1.49518175618e-10, 2.44190195842e-10, 5.02621208542e-11, 5.8636137612e-11, 2.49210596603e-10, 9.51989459486e-11, 2.32217977486e-11, 1.57257915023e-10, 1.07280954953e-10, 1.5770885986e-10, 1.55717383432e-10, 3.06187075694e-10, 5.0068427182e-10, 4.97136276589e-10, 6.93366364324e-10, 1.08494555562e-08],
        "var": [6.52037018128e-12, 1.89354462665e-10, 7.60833884783e-09, 1.22501731425e-07, 3.66069616575e-05, 4.4493117457e-05, 1.70198040905e-06, 1.42427575156e-06, 5.93311256125e-07, 1.0179420542e-06, 6.72314257599e-08, 8.0340811337e-07, 1.13386867895e-07, 6.43051123461e-08, 8.74030945397e-08, 2.28066227237e-07, 3.35809069441e-08, 1.31632234002e-08, 1.28582193781e-08, 5.38615196888e-09, 6.02061289712e-10, 5.00828767347e-10, 1.73396186298e-09, 1.10544631227e-08, 1.26753123553e-08, 1.6313886908e-09, 9.9980322632e-11]
    },
    "erbbands": {
        "dmean": [6.73971153446e-05, 0.0011539197294, 0.0168174300343, 0.228288993239, 2.0456931591, 8.25856781006, 8.11016941071, 9.4738702774, 7.64515209198, 4.38397121429, 4.218562603, 4.20875310898, 7.9972076416, 3.32108235359, 6.1256685257, 5.51092386246, 4.49574279785, 3.12768030167, 3.57329392433, 4.95606088638, 6.25774908066, 3.63391804695, 1.63406801224, 2.63561272621, 1.48610842228, 1.1130502224, 0.588083446026, 0.305012643337, 0.219876542687, 0.267226874828, 0.341278851032, 0.293263852596, 0.626407027245, 0.485000640154, 0.172239974141, 0.0594059191644, 0.00728481356055, 0.00210979604162, 0.000311261392199, 2.0159432097e-05],
        "dmean2": [0.000111718363769, 0.00177530746441, 0.0270220693201, 0.364755809307, 2.84289002419, 13.2736520767, 10.5004415512, 14.382021904, 13.3103408813, 7.83486795425, 5.90694379807, 6.38570451736, 11.9071683884, 4.31491279602, 9.79499721527, 6.93657684326, 7.20358181, 4.66107463837, 5.1761803627, 7.13322019577, 9.58181285858, 6.53402233124, 2.248939991, 4.19845914841, 2.0328514576, 1.53520357609, 0.895035088062, 0.448803812265, 0.318649560213, 0.368687480688, 0.495550483465, 0.443308144808, 1.03988862038, 0.801332652569, 0.269695192575, 0.0920480489731, 0.011145577766, 0.00317910057493, 0.00041857076576, 2.84147627099e-05],
        "dvar": [7.37528864647e-08, 2.415464769e-05, 0.00488025369123, 0.711802423, 53.0285644531, 994.019958496, 1074.47766113, 967.213928223, 866.767944336, 260.800323486, 196.75680542, 192.048446655, 568.541687012, 74.815536499, 446.339050293, 237.125579834, 181.37600708, 73.078704834, 108.371131897, 170.506500244, 338.15435791, 156.756164551, 17.2162742615, 47.7127189636, 15.5920972824, 9.87536525726, 2.90768504143, 0.556321322918, 0.428207188845, 0.576102077961, 1.43119585514, 1.18850684166, 9.80567264557, 3.68131399155, 0.489736527205, 0.0668328106403, 0.000885188928805, 0.000120188444271, 1.9753633751e-06, 3.89191567862e-09],
        "dvar2": [1.79426564273e-07, 5.66223607166e-05, 0.0117612155154, 1.82082235813, 117.244850159, 2211.5480957, 2329.44555664, 2095.92260742, 2349.00732422, 497.214385986, 421.198730469, 498.605316162, 1346.12597656, 81.2709121704, 742.226318359, 288.533599854, 417.629852295, 120.000984192, 235.739746094, 383.820068359, 758.172180176, 490.327606201, 28.5443782806, 118.155731201, 33.8304824829, 21.6304130554, 7.30211448669, 1.10399472713, 0.92636603117, 1.04720270634, 2.92901396751, 2.89333367348, 26.6645030975, 9.71640586853, 1.02675533295, 0.112473785877, 0.00177035352681, 0.000240355017013, 3.96352879761e-06, 8.08875899594e-09],
        "max": [0.00226942147128, 0.0374964363873, 0.494555085897, 5.96943902969, 63.5823707581, 230.291503906, 373.143615723, 243.246154785, 202.223068237, 142.101913452, 151.049926758, 135.338623047, 204.226531982, 119.779640198, 188.741363525, 164.764587402, 97.1896972656, 64.7386016846, 84.9263839722, 88.7451934814, 172.987487793, 91.583946228, 38.6964645386, 46.2048225403, 32.3438034058, 22.6627941132, 11.6689281464, 4.83001041412, 5.80222606659, 6.81046867371, 12.4038448334, 8.93945217133, 26.9962882996, 15.1550645828, 6.20607995987, 2.385440588, 0.219109505415, 0.106373369694, 0.0142115345225, 0.000614092452452],
        "mean": [6.34521202301e-05, 0.000967672676779, 0.0147635648027, 0.193958863616, 2.32628941536, 7.86073541641, 9.99231338501, 14.1422472, 6.8591799736, 6.69540786743, 5.70115947723, 5.04133653641, 11.5177383423, 7.00696897507, 9.44491195679, 9.20450210571, 6.49251270294, 5.31038236618, 4.66453886032, 5.91640138626, 7.19172525406, 3.42447733879, 2.04971575737, 2.96103167534, 1.62012732029, 1.12680315971, 0.552863419056, 0.350836724043, 0.255029082298, 0.29199898243, 0.324421525002, 0.281216830015, 0.471655070782, 0.368968486786, 0.149980485439, 0.0647184327245, 0.00769305229187, 0.00194426777307, 0.000319242244586, 2.72014367511e-05],
        "median": [8.9463974291e-06, 2.80251733784e-05, 0.000135641530505, 0.00107007822953, 0.0131224039942, 0.0163626931608, 0.0189487561584, 0.0587937198579, 0.0682029873133, 0.266912043095, 0.110918015242, 0.251523345709, 0.598205626011, 0.582851350307, 0.510670721531, 0.457351237535, 0.281036585569, 0.200866237283, 0.312295138836, 0.230079680681, 0.183194994926, 0.159282758832, 0.129371538758, 0.189772203565, 0.0778622850776, 0.059992454946, 0.0361671261489, 0.0284602865577, 0.0173954907805, 0.0117515362799, 0.00938302651048, 0.00602457858622, 0.00516561791301, 0.0040935552679, 0.00153357873205, 0.000508762954269, 0.000131936802063, 7.7023752965e-05, 4.40939293185e-05, 8.09441007732e-06],
        "min": [7.36512447475e-07, 2.28644853451e-06, 2.14218243855e-06, 8.25930237625e-06, 1.43155057231e-05, 1.85507615242e-05, 2.68779986072e-05, 4.47962484031e-05, 3.8394548028e-05, 1.5529925804e-05, 9.04404168978e-06, 2.09967420233e-05, 1.67237831192e-05, 5.62703007745e-06, 4.54561859442e-06, 6.33037416264e-06, 1.16224573503e-05, 4.39800442109e-06, 2.80241783912e-06, 3.17086141877e-06, 1.69061804627e-05, 5.41944518773e-06, 1.77678509772e-06, 7.0307464739e-06, 6.65673042022e-06, 3.95783627027e-06, 5.02652892465e-06, 6.61616377329e-06, 4.91720038553e-06, 9.11107326829e-06, 9.36146625463e-06, 1.34714518936e-05, 4.64379627374e-06, 7.34368131816e-06, 2.45248747888e-06, 1.09253949176e-06, 2.04612706511e-06, 1.29074226152e-06, 1.27091493596e-06, 2.06477110964e-07],
        "var": [6.44892708124e-08, 2.21968020924e-05, 0.00460966909304, 0.604286968708, 65.4164810181, 1053.44592285, 1765.55102539, 2185.87866211, 768.880187988, 425.740325928, 370.032928467, 264.693481445, 1003.38861084, 347.948791504, 836.590515137, 678.796203613, 291.68939209, 170.957611084, 153.109100342, 247.292907715, 519.523193359, 135.181594849, 30.3896522522, 56.9489860535, 19.4940910339, 11.806848526, 2.72319579124, 0.748943150043, 0.572996914387, 0.887405693531, 1.72798442841, 1.22358512878, 6.80027961731, 2.8137652874, 0.517799317837, 0.0951907038689, 0.00111190567259, 0.000131342749228, 2.28419230552e-06, 4.73182293348e-09]
    },
    "gfcc": {
        "mean": [-229.744995117, 41.3884849548, -129.266571045, -19.7692508698, -62.4770545959, -12.2311306, -41.1525039673, -5.01538181305, -27.0654239655, -9.15859222412, -8.14727592468, -3.28243494034, -3.60683465004],
        "cov": [[18630.9414062, 2880.32958984, -4469.39355469, -256.282501221, -1356.44812012, -440.068267822, -1986.24414062, -571.694580078, -1158.51416016, -378.469573975, -650.690795898, -498.221801758, 15.0670032501], [2880.32958984, 3751.29711914, -1039.80627441, -999.481201172, -99.4619903564, -527.142211914, 43.8281173706, -503.964263916, -204.197921753, -341.690643311, -135.046066284, -247.564559937, 160.902603149], [-4469.39355469, -1039.80627441, 1858.76574707, 533.536315918, 192.59815979, 70.1692962646, 313.538909912, 38.2948951721, 208.820983887, 81.6644210815, 57.5729217529, 70.9484863281, -34.116569519], [-256.282501221, -999.481201172, 533.536315918, 753.629943848, -49.7375679016, 63.8797988892, -178.466384888, 22.6657447815, -28.8083171844, 51.193775177, -44.1726837158, 20.2691822052, -45.2207298279], [-1356.44812012, -99.4619903564, 192.59815979, -49.7375679016, 244.420028687, 46.5128173828, 178.829559326, 44.5466423035, 116.923706055, 46.4338760376, 66.3784713745, 46.2144584656, 12.8161249161], [-440.068267822, -527.142211914, 70.1692962646, 63.8797988892, 46.5128173828, 175.992965698, 37.9411201477, 119.148727417, 22.0349712372, 42.1029129028, 17.3793334961, 35.3890380859, -27.9927616119], [-1986.24414062, 43.8281173706, 313.538909912, -178.466384888, 178.829559326, 37.9411201477, 391.327362061, 113.881851196, 159.453704834, 39.6703605652, 109.804611206, 47.8670883179, 9.10259437561], [-571.694580078, -503.964263916, 38.2948951721, 22.6657447815, 44.5466423035, 119.148727417, 113.881851196, 210.20413208, 91.3438491821, 77.0433731079, 69.6003265381, 53.6820449829, -21.2074165344], [-1158.51416016, -204.197921753, 208.820983887, -28.8083171844, 116.923706055, 22.0349712372, 159.453704834, 91.3438491821, 149.326095581, 80.6107025146, 82.2646408081, 52.5139846802, 1.75678551197], [-378.469573975, -341.690643311, 81.6644210815, 51.193775177, 46.4338760376, 42.1029129028, 39.6703605652, 77.0433731079, 80.6107025146, 106.90864563, 64.2257003784, 40.4430999756, -17.2156333923], [-650.690795898, -135.046066284, 57.5729217529, -44.1726837158, 66.3784713745, 17.3793334961, 109.804611206, 69.6003265381, 82.2646408081, 64.2257003784, 89.2028121948, 47.6641998291, 1.19777178764], [-498.221801758, -247.564559937, 70.9484863281, 20.2691822052, 46.2144584656, 35.3890380859, 47.8670883179, 53.6820449829, 52.5139846802, 40.4430999756, 47.6641998291, 63.6511116028, 5.67541694641], [15.0670032501, 160.902603149, -34.116569519, -45.2207298279, 12.8161249161, -27.9927616119, 9.10259437561, -21.2074165344, 1.75678551197, -17.2156333923, 1.19777178764, 5.67541694641, 33.6456718445]],
        "icov": [[0.000735625915695, -0.000551582139451, 0.00104595010635, -0.000414421985624, 0.000920054968446, 0.00043552875286, 0.00148226274177, -0.00136299233418, 0.00227456702851, -0.00293088052422, 0.00204162346199, 0.000174271277501, -0.000156755239004], [-0.000551582139451, 0.00211612368003, -0.000214440049604, 0.00121444684919, -0.000638971629087, 0.00173889892176, -0.00251439516433, 0.00288567505777, -0.00176705664489, 0.00341682275757, -0.00184097967576, 0.00365062151104, -0.00297846854664], [0.00104595010635, -0.000214440049604, 0.00316132535227, -0.00174390582833, 0.00202621775679, 0.000312252290314, -0.000219160181587, 0.000881012587342, 0.000376744137611, -0.00312877516262, 0.00375889590941, 0.0010607020231, -0.000411908811657], [-0.000414421985624, 0.00121444684919, -0.00174390582833, 0.00400569243357, -0.00141309655737, 0.00202424055897, 0.000887663511094, -0.0006193506415, 0.00150886748452, 0.000330490758643, 0.000149950108607, 0.000371097499738, -0.000392519490561], [0.000920054968446, -0.000638971629087, 0.00202621775679, -0.00141309655737, 0.0109016932547, -0.00495582912117, -0.00103571265936, 0.00424116011709, -0.00572110712528, -0.00233647786081, 0.00129269249737, 0.000503197312355, -0.00355095905252], [0.00043552875286, 0.00173889892176, 0.000312252290314, 0.00202424055897, -0.00495582912117, 0.0190969109535, -0.00102825905196, -0.00953022483736, 0.0127362394705, -0.00569720007479, 0.00927359890193, -0.00314584607258, 0.00319398846477], [0.00148226274177, -0.00251439516433, -0.000219160181587, 0.000887663511094, -0.00103571265936, -0.00102825905196, 0.0147967394441, -0.0081596262753, 0.000568839721382, 0.000864766654558, -0.0053007141687, 0.00153944105841, 0.00306607712992], [-0.00136299233418, 0.00288567505777, 0.000881012587342, -0.0006193506415, 0.00424116011709, -0.00953022483736, -0.0081596262753, 0.0224023163319, -0.016046250239, 0.00824504159391, -0.00816305540502, 0.00348600605503, -0.00158605678007], [0.00227456702851, -0.00176705664489, 0.000376744137611, 0.00150886748452, -0.00572110712528, 0.0127362394705, 0.000568839721382, -0.016046250239, 0.0457298718393, -0.0282268151641, 0.00969735905528, -0.00651413761079, -0.00372763955966], [-0.00293088052422, 0.00341682275757, -0.00312877516262, 0.000330490758643, -0.00233647786081, -0.00569720007479, 0.000864766654558, 0.00824504159391, -0.0282268151641, 0.0480780005455, -0.0304007586092, 0.00564283784479, 0.00956152565777], [0.00204162346199, -0.00184097967576, 0.00375889590941, 0.000149950108607, 0.00129269249737, 0.00927359890193, -0.0053007141687, -0.00816305540502, 0.00969735905528, -0.0304007586092, 0.0550411753356, -0.0206199157983, 0.000871832307894], [0.000174271277501, 0.00365062151104, 0.0010607020231, 0.000371097499738, 0.000503197312355, -0.00314584607258, 0.00153944105841, 0.00348600605503, -0.00651413761079, 0.00564283784479, -0.0206199157983, 0.0463476106524, -0.0208466686308], [-0.000156755239004, -0.00297846854664, -0.000411908811657, -0.000392519490561, -0.00355095905252, 0.00319398846477, 0.00306607712992, -0.00158605678007, -0.00372763955966, 0.00956152565777, 0.000871832307894, -0.0208466686308, 0.0538434945047]]
    },
    "melbands": {
        "dmean": [7.93373317265e-07, 5.65449499845e-06, 6.91066670697e-05, 0.000396389368689, 0.000280996289803, 0.000208494675462, 0.000109577718831, 5.47102172277e-05, 2.80524418486e-05, 3.2531330362e-05, 4.0927912778e-05, 1.5272775272e-05, 1.64133089129e-05, 2.24708091991e-05, 1.04431574073e-05, 8.14292798168e-06, 5.70375550524e-06, 5.00102805745e-06, 8.32146361063e-06, 7.95826690592e-06, 6.26046539765e-06, 4.58461317976e-06, 1.30952741983e-06, 1.59783041909e-06, 2.27398277275e-06, 1.31211220378e-06, 8.31111151456e-07, 7.35019625608e-07, 4.38485926679e-07, 2.29230408877e-07, 1.57518968535e-07, 1.17716858483e-07, 1.34100943683e-07, 1.66670773183e-07, 2.24366843327e-07, 1.33608466513e-07, 1.97259140577e-07, 3.72761263634e-07, 5.30707609414e-07, 3.73320375502e-07],
        "dmean2": [1.30353419081e-06, 9.17602028494e-06, 0.000110570144898, 0.000598236685619, 0.000393137219362, 0.000304258079268, 0.000191527535208, 9.10289600142e-05, 3.99307864427e-05, 5.01428767166e-05, 6.04736414971e-05, 1.83102038136e-05, 2.51879573625e-05, 3.01061663777e-05, 1.47527762238e-05, 1.31551050799e-05, 8.35024093249e-06, 7.22290906197e-06, 1.32677323563e-05, 1.22717110571e-05, 9.78476418823e-06, 8.50395917951e-06, 1.91650610759e-06, 2.15834370465e-06, 3.8179209696e-06, 1.97051076611e-06, 1.25790950278e-06, 1.02179103578e-06, 7.13902295502e-07, 3.55732197477e-07, 2.32310355841e-07, 1.79417170898e-07, 2.02155590046e-07, 2.23669943011e-07, 3.55900084514e-07, 1.99710470383e-07, 3.04556067476e-07, 6.20162722953e-07, 9.05964782305e-07, 6.29739929536e-07],
        "dvar": [1.11655155607e-11, 5.92590476689e-10, 6.12527841781e-08, 1.84754981092e-06, 1.19903779705e-06, 5.28096791186e-07, 1.75998920326e-07, 3.79877782564e-08, 8.54295656438e-09, 1.18299903207e-08, 1.46830467784e-08, 1.68546321344e-09, 2.45055287174e-09, 5.16155429509e-09, 8.39713687473e-10, 5.20923582048e-10, 2.62785460059e-10, 1.86630988441e-10, 7.25914328648e-10, 6.11877826184e-10, 3.25145799174e-10, 3.03072483776e-10, 1.41965137562e-11, 1.62016337846e-11, 3.79221203051e-11, 1.39568781879e-11, 5.47886345667e-12, 4.85190490215e-12, 1.98195756682e-12, 3.46256281026e-13, 1.58304914858e-13, 1.2268183973e-13, 1.73429182799e-13, 2.32916957206e-13, 7.62060336709e-13, 2.36306877928e-13, 5.76543316127e-13, 3.32496660413e-12, 6.50728602947e-12, 2.04406717247e-12],
        "dvar2": [2.70815904424e-11, 1.40180378416e-09, 1.55065279728e-07, 4.06923527407e-06, 2.63040374193e-06, 1.0679253819e-06, 4.81703239075e-07, 7.23121758028e-08, 1.83625861183e-08, 3.16764037223e-08, 3.45879982433e-08, 1.67826608166e-09, 4.59355264937e-09, 7.39793648563e-09, 1.50558654433e-09, 1.13923059875e-09, 4.21750273594e-10, 3.61309371311e-10, 1.81659975951e-09, 1.32555844079e-09, 7.25153770365e-10, 9.72813385403e-10, 3.20118827279e-11, 2.70678618408e-11, 9.6535730798e-11, 3.27558882796e-11, 1.18967440066e-11, 1.09864782202e-11, 5.24807324334e-12, 7.31592249888e-13, 3.21841213619e-13, 2.67643600425e-13, 3.79497187798e-13, 4.63367462889e-13, 1.7969374903e-12, 4.8611489183e-13, 1.44958589403e-12, 8.92630067084e-12, 1.80501828762e-11, 5.11542848011e-12],
        "max": [2.82261207758e-05, 0.000177961570444, 0.00175196910277, 0.0100808506832, 0.0115509517491, 0.00577221577987, 0.00280938344076, 0.0018056059489, 0.0010011033155, 0.00100137642585, 0.00106240913738, 0.000595959601924, 0.00044635499944, 0.000784767034929, 0.000236098901951, 0.000165489487699, 0.000135511407279, 9.86214727163e-05, 0.000222484653932, 0.000249688571785, 0.00015492530656, 0.000128328800201, 3.46383458236e-05, 3.06815709337e-05, 4.3378186092e-05, 3.04252862406e-05, 1.50983887579e-05, 1.73378666659e-05, 1.01201476355e-05, 3.55038514499e-06, 2.81534744317e-06, 3.05411936097e-06, 3.51831408807e-06, 4.33504055763e-06, 8.64981393534e-06, 4.55300687463e-06, 6.14257305642e-06, 1.57889717229e-05, 2.14536576095e-05, 1.05340977825e-05],
        "mean": [7.09509663466e-07, 4.92667004437e-06, 6.4600717451e-05, 0.00039218555321, 0.000338160782121, 0.00032771928818, 9.82722995104e-05, 7.82797142165e-05, 3.77302785637e-05, 3.66492422472e-05, 6.0999616835e-05, 3.1631647289e-05, 2.47315365414e-05, 3.25179862557e-05, 1.76831235876e-05, 1.16391402116e-05, 9.84568578133e-06, 6.948333521e-06, 8.60105228639e-06, 1.03182455859e-05, 6.95401195117e-06, 4.08505684391e-06, 1.42063606745e-06, 2.11236260839e-06, 2.5065223781e-06, 1.33483524678e-06, 9.07741480205e-07, 7.14967768545e-07, 3.84500225437e-07, 2.45106434704e-07, 1.82707267982e-07, 1.39457725368e-07, 1.46335509044e-07, 1.68523058619e-07, 1.96407768271e-07, 1.45488840531e-07, 1.84110589885e-07, 2.91777752182e-07, 3.63760534583e-07, 3.03481670016e-07],
        "median": [1.14001828422e-07, 5.23041059353e-08, 4.10180234667e-07, 1.23907386751e-06, 5.94274922605e-07, 1.35864854656e-06, 1.50523658249e-06, 2.41435668613e-06, 7.82950053235e-07, 1.70999601323e-06, 2.87182274405e-06, 2.00615295398e-06, 1.57010174462e-06, 1.20193760722e-06, 6.27432825695e-07, 3.50110099134e-07, 3.92394952087e-07, 5.18203592037e-07, 3.10035773055e-07, 2.83401419665e-07, 1.90030789327e-07, 1.76586254952e-07, 9.30872801064e-08, 1.21784836438e-07, 1.47539381601e-07, 5.38562616725e-08, 4.53182344984e-08, 3.49614879269e-08, 2.04611030341e-08, 1.90399553901e-08, 1.54754609127e-08, 8.61850413258e-09, 5.88122484046e-09, 5.79186432148e-09, 5.75423175775e-09, 4.28307389555e-09, 3.52980289442e-09, 3.37646643978e-09, 3.21789483948e-09, 3.43342887454e-09],
        "min": [6.27967944311e-09, 2.45171838387e-09, 1.61351321193e-09, 1.19820731115e-09, 9.24524790058e-10, 9.97979920925e-10, 5.48658840582e-10, 1.36938710371e-10, 7.79176723142e-11, 1.36814143348e-10, 7.94017698813e-11, 2.1053710858e-11, 1.41548942706e-11, 1.73715816038e-11, 1.99832528996e-11, 2.37560717625e-11, 5.92167634372e-12, 3.66986042249e-12, 4.24059572179e-12, 6.90587691199e-12, 2.30228891507e-11, 6.06984254525e-12, 1.80562715387e-12, 9.33088133669e-13, 6.59673054029e-12, 4.67873699853e-12, 5.11382299354e-12, 2.07701997962e-12, 2.9051611377e-12, 3.40222164677e-12, 3.96618068249e-12, 2.58820178831e-12, 3.37655424454e-12, 5.87103933178e-12, 4.41679809046e-12, 9.35919484274e-12, 6.90003002651e-12, 3.0817379898e-12, 3.16664533137e-12, 7.71916298242e-12],
        "var": [9.48950900498e-12, 5.71767744262e-10, 5.78445487065e-08, 2.05953369914e-06, 1.79282972113e-06, 1.22460278362e-06, 1.55192822149e-07, 6.25729583703e-08, 1.61578270763e-08, 1.42564182681e-08, 2.78087046723e-08, 8.27554824667e-09, 4.5320627251e-09, 1.08005737687e-08, 2.10951056623e-09, 9.29965271457e-10, 6.08711969718e-10, 3.13978065769e-10, 7.20433823709e-10, 1.08141395838e-09, 4.69501104661e-10, 2.4699450818e-10, 1.72967855316e-11, 3.0146090485e-11, 4.25683759075e-11, 1.50609091171e-11, 6.50766550023e-12, 5.56847189886e-12, 1.63800093281e-12, 3.95934831145e-13, 2.1724260574e-13, 1.72947783482e-13, 2.13018933547e-13, 3.21994817962e-13, 7.35682239954e-13, 3.1547117349e-13, 5.5558942863e-13, 2.39163116394e-12, 4.22811742215e-12, 1.75738210876e-12]
    },
    "mfcc": {
        "mean": [-871.382141113, 97.3666534424, -22.2659378052, -10.9286289215, -10.3830070496, -16.1820392609, -7.38493680954, -8.33205699921, -11.2752313614, -9.11069488525, -8.59679603577, -7.3486084938, -2.93021607399],
        "cov": [[18852.8242188, 2741.9362793, -3147.36572266, -825.301147461, -610.975646973, -912.035217285, -883.78314209, -1233.18237305, -823.428771973, -622.778564453, -978.562805176, -781.120727539, -606.274230957], [2741.9362793, 3634.69677734, -1036.85925293, -572.655029297, -600.08996582, -250.114517212, -118.625961304, -275.706451416, -104.001197815, -239.393356323, -428.398223877, -90.0261230469, -148.001068115], [-3147.36572266, -1036.85925293, 1288.98547363, 498.643585205, 207.736724854, 198.642868042, 69.3124084473, 144.693359375, 84.650177002, 91.9680633545, 134.729156494, 39.2726287842, 20.8351039886], [-825.301147461, -572.655029297, 498.643585205, 496.718139648, 158.210586548, 94.69972229, -29.2102870941, 1.39761567116, -14.3365516663, 39.5448951721, 50.5267372131, -33.4095191956, -36.7115859985], [-610.975646973, -600.08996582, 207.736724854, 158.210586548, 217.582321167, 82.5793380737, 2.84800171852, 19.109582901, 28.2199802399, 20.5318870544, 52.741317749, 34.6010360718, 9.37875938416], [-912.035217285, -250.114517212, 198.642868042, 94.69972229, 82.5793380737, 117.4324646, 37.8432350159, 38.4535331726, 33.1337471008, 18.2154846191, 39.660900116, 38.0698623657, 15.785074234], [-883.78314209, -118.625961304, 69.3124084473, -29.2102870941, 2.84800171852, 37.8432350159, 118.55973053, 112.217414856, 62.5802116394, 40.586681366, 66.0753860474, 50.3345146179, 57.1468276978], [-1233.18237305, -275.706451416, 144.693359375, 1.39761567116, 19.109582901, 38.4535331726, 112.217414856, 176.012969971, 93.4677734375, 75.4986190796, 115.742393494, 67.9100723267, 67.6590881348], [-823.428771973, -104.001197815, 84.650177002, -14.3365516663, 28.2199802399, 33.1337471008, 62.5802116394, 93.4677734375, 90.49243927, 45.6965141296, 57.9610786438, 62.9038772583, 37.3567085266], [-622.778564453, -239.393356323, 91.9680633545, 39.5448951721, 20.5318870544, 18.2154846191, 40.586681366, 75.4986190796, 45.6965141296, 112.425506592, 112.252357483, 21.9107704163, 59.1639137268], [-978.562805176, -428.398223877, 134.729156494, 50.5267372131, 52.741317749, 39.660900116, 66.0753860474, 115.742393494, 57.9610786438, 112.252357483, 167.425842285, 59.6233139038, 81.2814102173], [-781.120727539, -90.0261230469, 39.2726287842, -33.4095191956, 34.6010360718, 38.0698623657, 50.3345146179, 67.9100723267, 62.9038772583, 21.9107704163, 59.6233139038, 110.049530029, 55.0489768982], [-606.274230957, -148.001068115, 20.8351039886, -36.7115859985, 9.37875938416, 15.785074234, 57.1468276978, 67.6590881348, 37.3567085266, 59.1639137268, 81.2814102173, 55.0489768982, 87.3097839355]],
