{
"lowlevel": {
    "average_loudness": 0.958784878254,
    "barkbands_crest": {
        "dmean": 1.65479290485,
        "dmean2": 2.96367692947,
        "dvar": 2.91155767441,
        "dvar2": 7.87961101532,
        "max": 11.0368375778,
        "mean": 4.18346118927,
        "median": 3.58246564865,
        "min": 2.22036743164,
        "var": 2.88137245178
    },
    "barkbands_flatness_db": {
        "dmean": 0.0131852626801,
        "dmean2": 0.0231676828116,
        "dvar": 0.000196878361749,
        "dvar2": 0.000499073357787,
        "max": 0.12313387543,
        "mean": 0.0491328276694,
        "median": 0.0460443161428,
        "min": 0.0199001114815,
        "var": 0.00024535911507
    },
    "barkbands_kurtosis": {
        "dmean": 0.71485966444,
        "dmean2": 1.25501728058,
        "dvar": 1.09728014469,
        "dvar2": 3.0252122879,
        "max": 6.2548418045,
        "mean": -0.501171410084,
        "median": -0.725927829742,
        "min": -1.84452855587,
        "var": 0.931784510612
    },
    "barkbands_skewness": {
        "dmean": 0.513907670975,
        "dmean2": 0.882560253143,
        "dvar": 0.300687432289,
        "dvar2": 0.862536489964,
        "max": 2.51003599167,
        "mean": 0.0820052847266,
        "median": 0.0377817563713,
        "min": -1.82440435886,
        "var": 0.360324531794
    },
    "barkbands_spread": {
        "dmean": 6.55575180054,
        "dmean2": 11.3727006912,
        "dvar": 43.8228988647,
        "dvar2": 122.124740601,
        "max": 83.9152145386,
        "mean": 32.6234893799,
        "median": 32.3279876709,
        "min": 11.3114528656,
        "var": 49.2906532288
    },
    "dissonance": {
        "dmean": 0.00666018901393,
        "dmean2": 0.0116899870336,
        "dvar": 4.96157081216e-05,
        "dvar2": 0.000107785504952,
        "max": 0.499846458435,
        "mean": 0.491420298815,
        "median": 0.493143081665,
        "min": 0.416392445564,
        "var": 5.70453048567e-05
    },
    "dynamic_complexity": 4.68672657013,
    "erbbands_crest": {
        "dmean": 1.12302792072,
        "dmean2": 1.92971456051,
        "dvar": 1.09370398521,
        "dvar2": 3.03350090981,
        "max": 10.6779909134,
        "mean": 4.73883152008,
        "median": 4.58990335464,
        "min": 2.64257836342,
        "var": 1.26428258419
    },
    "erbbands_flatness_db": {
        "dmean": 0.0146785899997,
        "dmean2": 0.0245382636786,
        "dvar": 0.000176287692739,
        "dvar2": 0.000459534319816,
        "max": 0.230142772198,
        "mean": 0.135540649295,
        "median": 0.134714260697,
        "min": 0.0855630263686,
        "var": 0.000334210664732
    },
    "erbbands_kurtosis": {
        "dmean": 0.618797719479,
        "dmean2": 1.07061064243,
        "dvar": 0.2772128582,
        "dvar2": 0.860026419163,
        "max": 2.84582519531,
        "mean": -0.00516558904201,
        "median": -0.0333380699158,
        "min": -1.38091540337,
        "var": 0.394686430693
    },
    "erbbands_skewness": {
        "dmean": 0.248443335295,
        "dmean2": 0.429590582848,
        "dvar": 0.0508471988142,
        "dvar2": 0.158741906285,
        "max": 0.626739799976,
        "mean": -0.380794078112,
        "median": -0.391817420721,
        "min": -1.18431031704,
        "var": 0.0810133740306
    },
    "erbbands_spread": {
        "dmean": 8.00709819794,
        "dmean2": 14.1057405472,
        "dvar": 72.6594390869,
        "dvar2": 201.496124268,
        "max": 96.4369277954,
        "mean": 31.3907966614,
        "median": 29.7033519745,
        "min": 12.7024612427,
        "var": 78.5737609863
    },
    "hfc": {
        "dmean": 14.3433122635,
        "dmean2": 21.9822235107,
        "dvar": 1562.33544922,
        "dvar2": 4092.21240234,
        "max": 375.316131592,
        "mean": 19.4955768585,
        "median": 7.21450710297,
        "min": 0.261025428772,
        "var": 1669.15576172
    },
    "melbands_crest": {
        "dmean": 3.41622376442,
        "dmean2": 6.0037612915,
        "dvar": 11.5727376938,
        "dvar2": 33.5796203613,
        "max": 18.3853721619,
        "mean": 6.85720348358,
        "median": 5.8580198288,
        "min": 2.39270615578,
        "var": 11.597495079
    },
    "melbands_flatness_db": {
        "dmean": 0.0256026145071,
        "dmean2": 0.0449125133455,
        "dvar": 0.000802416703664,
        "dvar2": 0.00225846399553,
        "max": 0.193193465471,
        "mean": 0.0756961554289,
        "median": 0.0690808668733,
        "min": 0.0248831547797,
        "var": 0.000852864352055
    },
    "melbands_kurtosis": {
        "dmean": 2.07270479202,
        "dmean2": 3.82973885536,
        "dvar": 11.3765640259,
        "dvar2": 32.2932624817,
        "max": 18.442697525,
        "mean": 0.751821160316,
        "median": -0.0894231796265,
        "min": -1.43234264851,
        "var": 7.30725622177
    },
    "melbands_skewness": {
        "dmean": 0.650395810604,
        "dmean2": 1.1413230896,
        "dvar": 0.490113675594,
        "dvar2": 1.35928249359,
        "max": 3.80347037315,
        "mean": 0.939136207104,
        "median": 0.833610355854,
        "min": -0.903430879116,
        "var": 0.50368309021
    },
    "melbands_spread": {
        "dmean": 14.6501111984,
        "dmean2": 25.9685554504,
        "dvar": 216.037734985,
        "dvar2": 639.870727539,
        "max": 121.809776306,
        "mean": 54.9849853516,
        "median": 56.0975189209,
        "min": 11.5370159149,
        "var": 252.723388672
    },
    "pitch_salience": {
        "dmean": 0.0474329926074,
        "dmean2": 0.0821697637439,
        "dvar": 0.00154140347149,
        "dvar2": 0.00437069637701,
        "max": 0.864168405533,
        "mean": 0.747101545334,
        "median": 0.753317654133,
        "min": 0.598389148712,
        "var": 0.00202724221162
    },
    "silence_rate_20dB": {
        "dmean": 0,
        "dmean2": 0,
        "dvar": 0,
        "dvar2": 0,
        "max": 1,
        "mean": 1,
        "median": 1,
        "min": 1,
        "var": 0
    },
    "silence_rate_30dB": {
        "dmean": 0.00689655169845,
        "dmean2": 0.0138408308849,
        "dvar": 0.00684899091721,
        "dvar2": 0.0205697901547,
        "max": 1,
        "mean": 0.99656355381,
        "median": 1,
        "min": 0,
        "var": 0.00342461001128
    },
    "silence_rate_60dB": {
        "dmean": 0.137931033969,
        "dmean2": 0.273356407881,
        "dvar": 0.11890617758,
        "dvar2": 0.247075244784,
        "max": 1,
        "mean": 0.402061849833,
        "median": 0,
        "min": 0,
        "var": 0.240408301353
    },
    "spectral_centroid": {
        "dmean": 391.697296143,
        "dmean2": 676.074279785,
        "dvar": 157172.109375,
        "dvar2": 448582.90625,
        "max": 3724.46801758,
        "mean": 2498.85473633,
        "median": 2543.00244141,
        "min": 892.439819336,
        "var": 228473.921875
    },
    "spectral_complexity": {
        "dmean": 7.26896572113,
        "dmean2": 9.79584789276,
        "dvar": 51.5138435364,
        "dvar2": 85.9133453369,
        "max": 64,
        "mean": 21.2852230072,
        "median": 18,
        "min": 0,
        "var": 311.661071777
    },
    "spectral_decrease": {
        "dmean": 1.0614745749e-09,
        "dmean2": 1.635227731e-09,
        "dvar": 3.86742463776e-18,
        "dvar2": 8.20512296045e-18,
        "max": -2.21395835692e-11,
        "mean": -1.75945635839e-09,
        "median": -8.53533910217e-10,
        "min": -1.70781344622e-08,
        "var": 6.81458230632e-18
    },
    "spectral_energy": {
        "dmean": 0.00505985226482,
        "dmean2": 0.00757357664406,
        "dvar": 0.000103025689896,
        "dvar2": 0.000226686912356,
        "max": 0.0941493958235,
        "mean": 0.00840890407562,
        "median": 0.00402554729953,
        "min": 0.000107235784526,
        "var": 0.0001717851992
    },
    "spectral_energyband_high": {
        "dmean": 0.00125539826695,
        "dmean2": 0.00205554952845,
        "dvar": 1.60218241945e-05,
        "dvar2": 4.37536909885e-05,
        "max": 0.0391455367208,
        "mean": 0.00141177990008,
        "median": 0.000377158808988,
        "min": 6.53586448607e-06,
        "var": 1.41060281749e-05
    },
    "spectral_energyband_low": {
        "dmean": 0.000429341103882,
        "dmean2": 0.000783545256127,
        "dvar": 5.82135953664e-07,
        "dvar2": 1.54849851697e-06,
        "max": 0.00549377826974,
        "mean": 0.000312910764478,
        "median": 7.78234971222e-05,
        "min": 5.3255594139e-06,
        "var": 4.41125365569e-07
    },
    "spectral_energyband_middle_high": {
        "dmean": 0.00243928935379,
        "dmean2": 0.00367807480507,
        "dvar": 3.20638428093e-05,
        "dvar2": 8.15313396743e-05,
        "max": 0.0538203045726,
        "mean": 0.00400171801448,
        "median": 0.00201995088719,
        "min": 4.05059872719e-05,
        "var": 4.1541417886e-05
    },
    "spectral_energyband_middle_low": {
        "dmean": 0.00260955025442,
        "dmean2": 0.0044525959529,
        "dvar": 3.01730178762e-05,
        "dvar2": 7.5488766015e-05,
        "max": 0.0501492097974,
        "mean": 0.00290649430826,
        "median": 0.00116371398326,
        "min": 3.93851441913e-05,
        "var": 3.08627277263e-05
    },
    "spectral_entropy": {
        "dmean": 0.0779909938574,
        "dmean2": 0.13439078629,
        "dvar": 0.00802904460579,
        "dvar2": 0.0230544116348,
        "max": 8.57671642303,
        "mean": 8.07612609863,
        "median": 8.0839471817,
        "min": 7.66630744934,
        "var": 0.00916093681008
    },
    "spectral_flux": {
        "dmean": 0.0173017475754,
        "dmean2": 0.0246177930385,
        "dvar": 0.000650906760711,
        "dvar2": 0.00118056195788,
        "max": 0.246740609407,
        "mean": 0.0581868700683,
        "median": 0.0448512881994,
        "min": 0.00968033727258,
        "var": 0.00187910115346
    },
    "spectral_kurtosis": {
        "dmean": 0.858140170574,
        "dmean2": 1.38806164265,
        "dvar": 0.709677278996,
        "dvar2": 1.51009356976,
        "max": 13.8303775787,
        "mean": 5.0496506691,
        "median": 4.66264295578,
        "min": -0.368268489838,
        "var": 2.84535217285
    },
    "spectral_rms": {
        "dmean": 0.000695106282365,
        "dmean2": 0.000993977766484,
        "dvar": 8.96358812952e-07,
        "dvar2": 1.84815564808e-06,
        "max": 0.00958400126547,
        "mean": 0.00236108456738,
        "median": 0.00198175758123,
        "min": 0.000323450571159,
        "var": 2.62909793491e-06
    },
    "spectral_rolloff": {
        "dmean": 808.163391113,
        "dmean2": 1441.23461914,
        "dvar": 1360034,
        "dvar2": 3995835.75,
        "max": 10314.4042969,
        "mean": 3533.44311523,
        "median": 3531.4453125,
        "min": 516.796875,
        "var": 1171454
    },
    "spectral_skewness": {
        "dmean": 0.125797048211,
        "dmean2": 0.198476284742,
        "dvar": 0.0145639581606,
        "dvar2": 0.0319731384516,
        "max": 3.09786009789,
        "mean": 1.51046013832,
        "median": 1.47181975842,
        "min": 0.755992054939,
        "var": 0.0655158385634
    },
    "spectral_spread": {
        "dmean": 409297.84375,
        "dmean2": 691092.1875,
        "dvar": 491705597952,
        "dvar2": 1.34501302272e+12,
        "max": 11331197,
        "mean": 4283488,
        "median": 4210978.5,
        "min": 3137634.5,
        "var": 471692836864
    },
    "spectral_strongpeak": {
        "dmean": 0.326385945082,
        "dmean2": 0.580529212952,
        "dvar": 0.377136856318,
        "dvar2": 1.07220005989,
        "max": 6.13878440857,
        "mean": 0.363131701946,
        "median": 0.186700150371,
        "min": 0,
        "var": 0.428993821144
    },
    "zerocrossingrate": {
        "dmean": 0.0125572467223,
        "dmean2": 0.0171033609658,
        "dvar": 0.000109229287773,
        "dvar2": 0.000201757953619,
        "max": 0.197265625,
        "mean": 0.129015311599,
        "median": 0.12646484375,
        "min": 0.0615234375,
        "var": 0.000324308552081
    },
    "barkbands": {
        "dmean": [3.34895448759e-05, 9.6702533483e-06, 9.79514006758e-05, 0.000777437118813, 0.00102889875416, 0.000572169083171, 0.000300322717521, 0.000127206891193, 0.000193767176825, 0.000120907665405, 0.000102613783383, 0.000185163749848, 0.000237949221628, 0.000308947404847, 0.000266702641966, 0.000260501372395, 0.000313818309223, 0.000379713485017, 0.000541416404303, 0.000489846162964, 0.000344030879205, 0.00016733125085, 8.86475245352e-05, 0.000214184634387, 0.000255216698861, 2.10049074667e-05, 3.78347112928e-06],
        "dmean2": [5.05361167598e-05, 1.75313507498e-05, 0.000178399059223, 0.0014475074131, 0.00183221476618, 0.000960717152338, 0.000514324987307, 0.000224192146561, 0.000328356225509, 0.000196460212464, 0.000175757726538, 0.000295684498269, 0.000391280365875, 0.000531378784217, 0.00045470992336, 0.000404316699132, 0.000512847385835, 0.000642792088911, 0.000860568135977, 0.000775185064413, 0.000540268782061, 0.000269414973445, 0.000142623059219, 0.000387980719097, 0.000455181580037, 3.19276550726e-05, 6.87949614075e-06],
        "dvar": [1.59119073473e-09, 3.0147156993e-10, 2.40199433676e-08, 2.27512464335e-06, 7.23107086742e-06, 1.42726685226e-06, 2.87397341481e-07, 7.58177307603e-08, 7.4528962557e-08, 3.14006989299e-08, 4.35789111464e-08, 8.02507713615e-08, 2.48690895432e-07, 4.6478876925e-07, 2.89812732035e-07, 2.55983422903e-07, 3.61343410304e-07, 1.62229707712e-06, 2.61190757556e-06, 1.90751393347e-06, 1.78845743903e-06, 4.04250528163e-07, 1.15182231752e-07, 1.03131924334e-06, 2.25212397709e-06, 3.49624351692e-09, 6.03751659778e-10],
        "dvar2": [2.98821056788e-09, 8.58149384886e-10, 6.12529973409e-08, 5.93919776293e-06, 1.8717144485e-05, 3.61941852134e-06, 6.75488252e-07, 2.11588044863e-07, 1.84386280466e-07, 8.22569106163e-08, 1.24009076785e-07, 1.99774547127e-07, 6.81098356381e-07, 1.23627137327e-06, 7.56492283926e-07, 6.63114974486e-07, 9.2867389867e-07, 4.35134916188e-06, 6.84526594341e-06, 4.99726365888e-06, 4.88592741021e-06, 1.0785242921e-06, 3.25151546576e-07, 3.02931312035e-06, 6.56810743749e-06, 8.54463699795e-09, 1.76697056986e-09],
        "max": [0.000400130753405, 0.000110693028546, 0.00118110189214, 0.00942800100893, 0.0250140503049, 0.011381695047, 0.00490684201941, 0.00311392406002, 0.00238849618472, 0.00157073617447, 0.00213587633334, 0.00351997837424, 0.00525586307049, 0.00602318486199, 0.00530245574191, 0.00618602288887, 0.00516502000391, 0.0148176141083, 0.0203383304179, 0.0146496230736, 0.0169758442789, 0.00788955949247, 0.00426188670099, 0.0111867003143, 0.0184923950583, 0.00063095765654, 0.00032242279849],
        "mean": [3.95334682253e-05, 9.15699911275e-06, 7.75620501372e-05, 0.000515562365763, 0.000957798794843, 0.000547489267774, 0.000372112204786, 0.000161418050993, 0.00028676801594, 0.000184463395271, 0.000138572766446, 0.000303274049656, 0.000309544469928, 0.000386684580008, 0.000360770412954, 0.000442085816758, 0.000434451241745, 0.000493626343086, 0.000678339740261, 0.000583542743698, 0.000409204163589, 0.000190790786291, 0.00010077560728, 0.000184526812518, 0.000198372945306, 2.46852232522e-05, 1.18567077152e-05],
        "median": [1.58474158525e-05, 4.54470273326e-06, 2.32485363085e-05, 6.77979405737e-05, 0.000190761275007, 0.000169745500898, 0.000146746213431, 7.47320809751e-05, 0.000167744568898, 8.81455489434e-05, 8.24467715574e-05, 0.000173940716195, 0.000162157128216, 0.000150181193021, 0.000159588700626, 0.000255844031926, 0.00021636125166, 0.000180862989509, 0.000245078321313, 0.000184999138582, 0.000115988812468, 4.93558654853e-05, 2.89112595055e-05, 3.57866265404e-05, 2.61713885266e-05, 5.64941228731e-06, 1.02185022115e-05],
        "min": [3.79227920178e-08, 6.30820906622e-08, 2.26008026516e-07, 2.10835722214e-07, 5.14280054631e-06, 3.48096909875e-06, 3.45012745129e-06, 1.01980617728e-06, 2.68420626526e-06, 1.64546975157e-06, 1.60942522598e-06, 2.66958522843e-06, 3.51234507434e-06, 3.39592429555e-06, 3.6429805732e-06, 2.7236171718e-06, 1.24565804072e-06, 7.27603946871e-07, 2.86329827759e-06, 2.10729376704e-06, 5.85554857935e-07, 1.8249890843e-07, 2.68726125796e-07, 1.59899158803e-07, 3.04681066154e-07, 4.09313088312e-07, 4.25891039413e-06],
        "var": [3.56683504954e-09, 2.28451868534e-10, 2.09352215563e-08, 1.68845338067e-06, 6.33678246231e-06, 1.30761668515e-06, 4.13879604366e-07, 7.54924656121e-08, 1.17720134085e-07, 5.76774965566e-08, 4.17115408879e-08, 1.49024458551e-07, 2.58104819295e-07, 5.05228570091e-07, 3.5164015344e-07, 3.93557343159e-07, 4.50973146826e-07, 1.46541901813e-06, 2.49743220593e-06, 1.86611305253e-06, 1.46360082454e-06, 3.36705852533e-07, 8.42144416424e-08, 6.44823956009e-07, 1.35585878525e-06, 4.13611234151e-09, 3.41203759691e-10]
    },
    "erbbands": {
        "dmean": [0.000313619122608, 0.00349058373831, 0.0841352492571, 1.39686763287, 2.64665555954, 3.64849305153, 6.21085691452, 4.15637969971, 4.94152641296, 3.75195980072, 2.22961902618, 4.25118350983, 4.80868387222, 3.40166544914, 5.03876018524, 7.86749649048, 9.57264232635, 17.5216064453, 15.4070043564, 9.75657367706, 15.9092702866, 17.2709770203, 16.9536437988, 27.3085250854, 27.4946632385, 24.3392562866, 17.0242290497, 10.3851366043, 6.73563718796, 3.14035129547, 2.52762317657, 3.30323791504, 4.39573907852, 4.1646027565, 0.998325407505, 0.178946256638, 0.0230773817748, 0.00460379989818, 0.000590364506934, 5.33377024112e-05],
        "dmean2": [0.000523705617525, 0.00636350456625, 0.151859685779, 2.57464694977, 4.81221580505, 6.41915416718, 11.6280841827, 6.89828300476, 8.76556777954, 6.30500936508, 3.71088600159, 7.06982803345, 8.2878704071, 5.58733701706, 8.48044681549, 12.739238739, 15.3887939453, 30.6400699615, 25.2409267426, 15.4529848099, 25.0318908691, 28.0557231903, 26.6298885345, 44.0371360779, 45.7422714233, 39.5910072327, 26.8283576965, 16.7822628021, 10.8353786469, 4.92385578156, 4.08553695679, 5.87853860855, 8.07791137695, 7.62727737427, 1.6857278347, 0.276887953281, 0.0366513431072, 0.0081833107397, 0.00104741565883, 9.10039161681e-05],
        "dvar": [1.92265844134e-07, 3.37977144227e-05, 0.0180775225163, 6.85728883743, 37.0352325439, 100.632080078, 349.677398682, 57.6679763794, 69.5270690918, 63.9094276428, 15.1553659439, 32.6315040588, 57.6932792664, 27.4061183929, 82.2949829102, 143.824295044, 374.859466553, 1729.86999512, 905.470275879, 286.940551758, 977.642028809, 1136.12695312, 1837.14379883, 6887.06298828, 9199.94238281, 5404.79101562, 3649.59960938, 1491.75854492, 708.483581543, 86.1886367798, 100.527580261, 158.456375122, 579.916137695, 815.767456055, 14.7146034241, 0.226183444262, 0.00714278314263, 0.0012737516081, 1.4595743778e-05, 3.75748534509e-08],
        "dvar2": [5.47178217403e-07, 9.56439471338e-05, 0.0471252575517, 17.9261856079, 82.5079040527, 291.655151367, 1009.01879883, 128.682754517, 181.097671509, 139.781311035, 41.0127792358, 79.0017700195, 157.786148071, 72.8905181885, 219.25390625, 369.049835205, 1030.5871582, 4692.67626953, 2270.21704102, 705.025939941, 2548.44750977, 2876.79321289, 4533.67041016, 18175.5527344, 24904.4921875, 14393.4892578, 9854.5625, 3997.36157227, 1889.45349121, 227.058898926, 282.097351074, 457.812133789, 1709.8939209, 2392.99414062, 40.6273574829, 0.526679396629, 0.0196760594845, 0.0037532269489, 4.28081330028e-05, 1.08023094469e-07],
        "max": [0.00292488117702, 0.0396887026727, 0.988658308983, 17.5725860596, 56.6485099792, 97.0950698853, 162.740646362, 62.2156219482, 62.940826416, 87.4055252075, 39.7717247009, 44.42552948, 76.8142471313, 45.406375885, 89.7843322754, 133.756454468, 205.546661377, 382.4375, 279.563476562, 139.765640259, 367.201904297, 320.188293457, 459.967163086, 976.874694824, 1172.15344238, 742.869567871, 774.823181152, 486.666168213, 339.218505859, 99.5677566528, 127.172271729, 106.559082031, 280.449462891, 353.269622803, 42.2868690491, 3.88557600975, 1.09371519089, 0.45569807291, 0.0498743355274, 0.00273656798527],
        "mean": [0.000375083094696, 0.00301203713752, 0.0646726638079, 0.948622763157, 2.13245582581, 3.47201609612, 4.71695995331, 4.43374633789, 5.61233043671, 4.75410842896, 3.32822060585, 6.16131305695, 7.05651569366, 5.44348573685, 7.6645321846, 12.4328660965, 13.9005184174, 21.1833992004, 20.4119148254, 16.5891819, 26.32239151, 25.0009784698, 24.6583194733, 34.5074157715, 32.402961731, 28.3189430237, 20.7393379211, 12.5689821243, 7.59148836136, 3.82961511612, 2.86265802383, 3.14495301247, 3.52233600616, 2.97062730789, 0.93796312809, 0.209603890777, 0.0266669429839, 0.00537042366341, 0.0014434014447, 0.000223467417527],
        "median": [0.000232198101003, 0.00119802844711, 0.0185166820884, 0.163040086627, 0.370032846928, 0.59425342083, 1.04061627388, 1.5568832159, 2.1224732399, 2.04399466515, 1.64679992199, 3.54191064835, 3.79927325249, 3.15398216248, 4.64509296417, 7.35796737671, 7.59436988831, 8.98419570923, 8.30579090118, 8.80218887329, 14.3650436401, 12.4116954803, 10.2496414185, 12.2762174606, 10.9116611481, 8.73111438751, 6.04126501083, 3.81218266487, 1.9423750639, 1.13455688953, 0.802273213863, 0.719093859196, 0.556717216969, 0.350805073977, 0.154994189739, 0.0434367507696, 0.00656104832888, 0.00233757379465, 0.00116000603884, 0.000204567128094],
        "min": [2.88552819256e-05, 0.000113376423542, 0.000536577426828, 0.000720855023246, 0.00574883958325, 0.0178496744484, 0.0178940352052, 0.0339791178703, 0.0462179891765, 0.0396354310215, 0.0650584250689, 0.0542482472956, 0.0765702277422, 0.0279766432941, 0.100811459124, 0.115598686039, 0.196812734008, 0.194289386272, 0.160818681121, 0.0924115926027, 0.151582702994, 0.0832617878914, 0.0442308150232, 0.137747421861, 0.122047297657, 0.0883233174682, 0.0296241268516, 0.0232643075287, 0.00835959240794, 0.00503543857485, 0.00950928032398, 0.0044654388912, 0.00257547292858, 0.00304534798488, 0.00232092780061, 0.000920696358662, 0.000817904947326, 0.000951681635343, 0.000378555589123, 9.26253123907e-05],
        "var": [1.88570794535e-07, 2.6536430596e-05, 0.0152918528765, 5.15951299667, 34.9942855835, 84.2312088013, 211.159042358, 67.7248840332, 85.5425643921, 81.1388092041, 21.0346279144, 54.6915512085, 79.426399231, 46.5043525696, 107.53163147, 245.222640991, 433.548065186, 1688.39599609, 1174.25488281, 505.401947021, 1468.31079102, 1512.19152832, 2357.9206543, 6736.77539062, 7312.49072266, 4865.57421875, 3225.01757812, 1256.09057617, 588.800537109, 81.5802307129, 73.1109619141, 109.804702759, 343.669372559, 463.479797363, 11.5344581604, 0.290362626314, 0.00630049780011, 0.000722598982975, 8.37796505948e-06, 2.46303386575e-08]
    },
    "gfcc": {
        "mean": [-26.9164562225, 22.9435214996, -143.671051025, 10.3921375275, -58.2021446228, -11.2670860291, -43.6903686523, -4.95623636246, -31.2673397064, -6.05300378799, -13.3313684464, -10.3132667542, -7.32948493958],
        "cov": [[4520.078125, -410.760498047, -535.348632812, 612.448608398, -728.318359375, 194.215606689, -680.225341797, 37.9817008972, -489.937988281, 87.5635147095, -243.023010254, -17.7418365479, -74.1193771362], [-410.760498047, 413.511260986, 247.742355347, -66.1910934448, 120.310035706, -72.3104629517, 41.8075904846, -43.9196510315, 23.9938278198, -67.7199249268, -0.00501603772864, -18.7929096222, -3.38755989075], [-535.348632812, 247.742355347, 275.018859863, -57.6323890686, 138.748428345, -34.9518508911, 54.5242233276, -19.7430267334, 29.4470024109, -46.6521377563, 14.6361055374, -18.1288433075, 3.08174800873], [612.448608398, -66.1910934448, -57.6323890686, 164.053222656, -63.6272087097, 45.1995773315, -78.2298812866, -3.72251534462, -72.2930831909, 7.22817134857, -40.3405227661, -14.0159702301, -21.0117588043], [-728.318359375, 120.310035706, 138.748428345, -63.6272087097, 182.507064819, -13.6872348785, 117.058334351, -11.2291994095, 65.4537734985, -23.6171665192, 30.3780956268, -8.31518173218, 1.07403719425], [194.215606689, -72.3104629517, -34.9518508911, 45.1995773315, -13.6872348785, 55.4819412231, -10.0212211609, 17.9288883209, -18.191034317, 11.6529321671, -5.80800914764, -4.93994903564, -8.89700222015], [-680.225341797, 41.8075904846, 54.5242233276, -78.2298812866, 117.058334351, -10.0212211609, 142.430557251, 9.25036811829, 86.1436843872, -5.36473608017, 37.6770057678, 3.97106432915, 2.95651292801], [37.9817008972, -43.9196510315, -19.7430267334, -3.72251534462, -11.2291994095, 17.9288883209, 9.25036811829, 40.8532600403, 13.307759285, 11.1396150589, 4.13857603073, 0.872913241386, -1.40227007866], [-489.937988281, 23.9938278198, 29.4470024109, -72.2930831909, 65.4537734985, -18.191034317, 86.1436843872, 13.307759285, 90.1472625732, 10.0591945648, 37.0549507141, 6.3568816185, 4.75806856155], [87.5635147095, -67.7199249268, -46.6521377563, 7.22817134857, -23.6171665192, 11.6529321671, -5.36473608017, 11.1396150589, 10.0591945648, 45.1369400024, 19.3361797333, 13.6146230698, -1.79437398911], [-243.023010254, -0.00501603772864, 14.6361055374, -40.3405227661, 30.3780956268, -5.80800914764, 37.6770057678, 4.13857603073, 37.0549507141, 19.3361797333, 48.5786132812, 19.6771087646, 9.02650356293], [-17.7418365479, -18.7929096222, -18.1288433075, -14.0159702301, -8.31518173218, -4.93994903564, 3.97106432915, 0.872913241386, 6.3568816185, 13.6146230698, 19.6771087646, 32.6252403259, 14.50385952], [-74.1193771362, -3.38755989075, 3.08174800873, -21.0117588043, 1.07403719425, -8.89700222015, 2.95651292801, -1.40227007866, 4.75806856155, -1.79437398911, 9.02650356293, 14.50385952, 26.0372333527]],
        "icov": [[0.00679987808689, -0.0060073742643, 0.00444116722792, -0.00768415769562, 0.0100512113422, -0.00905885454267, 0.0115722697228, -0.00846310053021, 0.00976372044533, -0.00920038856566, 0.00836028344929, -0.00564885465428, 0.00439892010763], [-0.0060073742643, 0.0127894962206, -0.00929227937013, 0.00679529178888, -0.00887365918607, 0.0130179282278, -0.00942535884678, 0.00974798109382, -0.00971745699644, 0.0130923613906, -0.00711529981345, 0.00262190471403, 0.00124030024745], [0.00444116722792, -0.00929227937013, 0.0149046415463, -0.00454370258376, -0.000922782346606, -0.00619557360187, 0.0113415513188, -0.00902243703604, 0.00799984298646, -0.00425695860758, 0.00109929242171, 0.000835892977193, -0.000451976404293], [-0.00768415769562, 0.00679529178888, -0.00454370258376, 0.022434618324, -0.0123097347096, 0.00220159045421, -0.0101163554937, 0.0127755049616, -0.00658660661429, 0.00698782643303, -0.00373472180218, 0.00517888646573, 0.000844032794703], [0.0100512113422, -0.00887365918607, -0.000922782346606, -0.0123097347096, 0.0367797128856, -0.0180524270982, 0.00203190348111, -0.00463769212365, 0.0132798273116, -0.0118649126962, 0.00948614161462, -0.00477318791673, 0.00559294130653], [-0.00905885454267, 0.0130179282278, -0.00619557360187, 0.00220159045421, -0.0180524270982, 0.0509649291635, -0.0196325778961, -0.00420351885259, -0.00132811872754, 0.00990324746817, -0.0162906013429, 0.0124338809401, -0.00177492841613], [0.0115722697228, -0.00942535884678, 0.0113415513188, -0.0101163554937, 0.00203190348111, -0.0196325778961, 0.0512193180621, -0.0167201142758, -0.00226328428835, -0.00648248009384, 0.0123177953064, -0.0154976919293, 0.0130306752399], [-0.00846310053021, 0.00974798109382, -0.00902243703604, 0.0127755049616, -0.00463769212365, -0.00420351885259, -0.0167201142758, 0.0491297580302, -0.0230286419392, 0.00969782471657, -0.00586510729045, 0.0065354378894, -0.00487696379423], [0.00976372044533, -0.00971745699644, 0.00799984298646, -0.00658660661429, 0.0132798273116, -0.00132811872754, -0.00226328428835, -0.0230286419392, 0.0562164261937, -0.0251249168068, 0.00173653149977, 0.00181205454282, 0.00466680759564], [-0.00920038856566, 0.0130923613906, -0.00425695860758, 0.00698782643303, -0.0118649126962, 0.00990324746817, -0.00648248009384, 0.00969782471657, -0.0251249168068, 0.0631202757359, -0.0322120524943, -0.00385824218392, 0.00904534012079], [0.00836028344929, -0.00711529981345, 0.00109929242171, -0.00373472180218, 0.00948614161462, -0.0162906013429, 0.0123177953064, -0.00586510729045, 0.00173653149977, -0.0322120524943, 0.0648353397846, -0.0294762384146, 0.00346220913343], [-0.00564885465428, 0.00262190471403, 0.000835892977193, 0.00517888646573, -0.00477318791673, 0.0124338809401, -0.0154976919293, 0.0065354378894, 0.00181205454282, -0.00385824218392, -0.0294762384146, 0.0680283382535, -0.0333746224642], [0.00439892010763, 0.00124030024745, -0.000451976404293, 0.000844032794703, 0.00559294130653, -0.00177492841613, 0.0130306752399, -0.00487696379423, 0.00466680759564, 0.00904534012079, 0.00346220913343, -0.0333746224642, 0.0664066895843]]
    },
    "melbands": {
        "dmean": [3.48905109604e-06, 2.50556604442e-05, 0.000295762816677, 0.000185235199751, 0.00021895847749, 9.67211453826e-05, 7.06928476575e-05, 3.81620884582e-05, 1.83653319255e-05, 2.90201242024e-05, 2.43673184741e-05, 1.40517386171e-05, 1.51189569806e-05, 2.07654011319e-05, 1.87916648429e-05, 2.88768023893e-05, 3.26098452206e-05, 2.42106561927e-05, 1.82948770089e-05, 1.46542661241e-05, 1.94151689357e-05, 1.92449497263e-05, 1.64633347595e-05, 1.59239280038e-05, 2.35132047237e-05, 2.0837145712e-05, 1.9164492187e-05, 1.58362545335e-05, 1.00784536698e-05, 1.01360546978e-05, 5.13432178195e-06, 4.3279574129e-06, 2.27625173466e-06, 1.59130968314e-06, 1.41550970056e-06, 1.47787193328e-06, 2.35407787841e-06, 2.7903197406e-06, 3.83269980375e-06, 3.3922806324e-06],
        "dmean2": [5.8317004914e-06, 4.55981680716e-05, 0.000542937661521, 0.000328462105244, 0.00041037183837, 0.000160550378496, 0.000123732388602, 6.36353943264e-05, 3.03996803268e-05, 4.8255224101e-05, 4.21178083343e-05, 2.30684581766e-05, 2.57939882431e-05, 3.42604871548e-05, 3.05858229694e-05, 4.87636934849e-05, 5.71174350625e-05, 3.97404401156e-05, 3.06582514895e-05, 2.27333366638e-05, 3.11046460411e-05, 3.17610247293e-05, 2.69822685368e-05, 2.58207655861e-05, 3.83423939638e-05, 3.45530133927e-05, 3.16393416142e-05, 2.59281132458e-05, 1.55442303367e-05, 1.62794058269e-05, 8.43930320116e-06, 7.09986125003e-06, 3.59222963198e-06, 2.58128238784e-06, 2.29818601838e-06, 2.48307196671e-06, 4.27629493061e-06, 5.10516974828e-06, 7.14871111995e-06, 6.21329081696e-06],
        "dvar": [2.05524208763e-11, 1.481620715e-09, 3.35706801025e-07, 2.10341596585e-07, 4.29614090081e-07, 3.06467740074e-08, 1.45911220883e-08, 6.47814601962e-09, 8.39221525606e-10, 1.62125524117e-09, 1.45145118147e-09, 4.53748288942e-10, 9.27968424325e-10, 9.14110009909e-10, 7.67845287353e-10, 4.61971838561e-09, 5.65085933601e-09, 2.22356022483e-09, 1.22993226714e-09, 5.37063948869e-10, 1.49459100651e-09, 1.40570333151e-09, 1.71145320138e-09, 1.93072935417e-09, 4.92899143723e-09, 5.13338749286e-09, 3.87244458722e-09, 2.12170103708e-09, 8.33094482289e-10, 1.92889082484e-09, 3.35930422368e-10, 3.41962930195e-10, 5.18744110167e-11, 2.5713965679e-11, 2.92725461926e-11, 3.52523600589e-11, 8.84542578072e-11, 2.32694585822e-10, 5.42740463683e-10, 5.777082146e-10],
        "dvar2": [5.59010719658e-11, 3.85708620598e-09, 8.40084510401e-07, 4.921477057e-07, 1.25245651361e-06, 7.09152914169e-08, 3.61791414605e-08, 1.4679087279e-08, 2.23489982076e-09, 4.05496480838e-09, 3.98630550791e-09, 1.22845100758e-09, 2.58834398359e-09, 2.2006043654e-09, 1.91519600179e-09, 1.28556560952e-08, 1.52591184133e-08, 5.49313616816e-09, 3.33497895966e-09, 1.23259547014e-09, 3.95347354853e-09, 3.6514429258e-09, 4.34403046867e-09, 4.93443730321e-09, 1.3057598558e-08, 1.38138522843e-08, 1.05299688968e-08, 5.60098678548e-09, 2.12727235827e-09, 5.43809974829e-09, 8.78904671264e-10, 9.36245414529e-10, 1.22499815847e-10, 7.10801417725e-11, 8.15887080119e-11, 9.77284503323e-11, 2.60140853303e-10, 6.85298429115e-10, 1.60548041528e-09, 1.68940272882e-09],
        "max": [3.25348482875e-05, 0.000282241468085, 0.00360570196062, 0.00402957294136, 0.00587781518698, 0.00149715284351, 0.00101252773311, 0.000911632610951, 0.000267746596364, 0.000348584755557, 0.000377486925572, 0.000173806140083, 0.000300966348732, 0.000340236525517, 0.000269615004072, 0.000741569732781, 0.000657868687995, 0.00042054936057, 0.000302846718114, 0.000259274616838, 0.000441468146164, 0.000309618772008, 0.000438437069533, 0.000474243104691, 0.000844312133268, 0.000889959919732, 0.000706846825778, 0.000431374501204, 0.000382616533898, 0.000532470061444, 0.00022640741372, 0.000239640823565, 7.00904129189e-05, 5.43713867955e-05, 6.89717271598e-05, 7.22096883692e-05, 7.77415480115e-05, 0.000182890245924, 0.000273795973044, 0.000299170031212],
        "mean": [4.40785561295e-06, 2.01873699552e-05, 0.000207503529964, 0.000186587349162, 0.000172434389242, 0.000101331854239, 8.41522341943e-05, 4.7862289648e-05, 2.71847420663e-05, 4.1580911784e-05, 3.48469002347e-05, 2.15952186409e-05, 2.18970235437e-05, 3.32880263159e-05, 2.92845161312e-05, 3.48235735146e-05, 3.84427003155e-05, 3.12750817102e-05, 2.52062254731e-05, 2.59154567175e-05, 3.07390509988e-05, 2.66367060249e-05, 2.28293411055e-05, 2.18197110371e-05, 2.88135743176e-05, 2.49211334449e-05, 2.10607577174e-05, 1.81826926564e-05, 1.29358140839e-05, 1.09901720862e-05, 6.17227669863e-06, 4.6784530241e-06, 2.77263461612e-06, 1.87840339549e-06, 1.58403372552e-06, 1.62797141456e-06, 2.07344578484e-06, 2.31562466979e-06, 2.80129984276e-06, 2.40263511841e-06],
        "median": [2.86770819002e-06, 6.73630802339e-06, 2.9825107049e-05, 3.84874765587e-05, 3.50568479917e-05, 3.61798665836e-05, 3.20271101373e-05, 2.06942113437e-05, 1.42859171319e-05, 2.37092444877e-05, 1.83246647794e-05, 1.19685309983e-05, 1.32404829856e-05, 1.85583467101e-05, 1.80980478035e-05, 1.5937968783e-05, 1.48428498505e-05, 1.25737597045e-05, 1.15342236313e-05, 1.4563142031e-05, 1.56355254148e-05, 1.26147751871e-05, 1.00838151411e-05, 8.28869360703e-06, 9.62037756835e-06, 8.476408766e-06, 6.78820697431e-06, 5.60142461836e-06, 3.76626826437e-06, 2.89658896691e-06, 1.83297811418e-06, 1.23643894767e-06, 7.75253568008e-07, 5.38147332918e-07, 4.52246183613e-07, 4.38563063199e-07, 4.15601306258e-07, 3.90635022995e-07, 3.46227523096e-07, 2.78870288639e-07],
        "min": [2.66838583229e-07, 2.68417693405e-07, 1.59249651688e-07, 1.1523103467e-06, 9.28252177346e-07, 6.12588848981e-07, 6.82205779867e-07, 5.39807047062e-07, 3.36323864758e-07, 3.18841983926e-07, 3.83543749649e-07, 1.01442687139e-07, 2.85301041458e-07, 2.84758442604e-07, 3.80087698204e-07, 4.54511962289e-07, 3.13192174417e-07, 2.14216726135e-07, 1.99206951379e-07, 1.22155029203e-07, 1.89595468214e-07, 8.26654087405e-08, 4.58395952307e-08, 4.26090380756e-08, 1.24012970559e-07, 8.59509938778e-08, 8.08074247516e-08, 4.69429188854e-08, 2.08803587753e-08, 1.32211592785e-08, 1.33179440809e-08, 4.68805927412e-09, 2.40194930612e-09, 2.5600503939e-09, 5.16751530455e-09, 3.82597287185e-09, 2.4939770249e-09, 1.29485677736e-09, 2.81891954224e-09, 2.36564678957e-09],
        "var": [2.31169510617e-11, 1.29291999329e-09, 2.70386550483e-07, 2.22194145749e-07, 2.63829434743e-07, 3.46845361321e-08, 1.94438101175e-08, 8.09997491302e-09, 1.27278865225e-09, 2.5346584831e-09, 1.9674195606e-09, 7.64445340362e-10, 9.89289872244e-10, 1.74179115575e-09, 1.3264440657e-09, 4.26781454621e-09, 5.59168711334e-09, 2.87169465985e-09, 1.54871993008e-09, 1.12625542226e-09, 2.10188200178e-09, 1.72222747175e-09, 1.98193816914e-09, 2.14826578748e-09, 4.83254236627e-09, 4.11721723381e-09, 3.14398440615e-09, 1.95329152852e-09, 9.08165209701e-10, 1.41064682158e-09, 2.91067170366e-10, 2.62736915557e-10, 5.41460730419e-11, 2.12959753998e-11, 2.15784785873e-11, 2.65026577073e-11, 5.70730893101e-11, 1.39303929503e-10, 3.10570819062e-10, 3.27373073095e-10]
    },
    "mfcc": {
        "mean": [-664.574035645, 71.5005569458, -34.2504768372, 12.4129104614, -4.89260101318, -10.2260627747, -3.62656879425, -11.9761915207, -8.57975673676, -6.62519645691, -8.06026649475, -4.25374031067, -5.81211805344],
        "cov": [[5416.375, -1112.11828613, 42.2376861572, 46.5179328918, -97.8778305054, -106.794548035, -173.568740845, -299.285308838, -204.52772522, -215.544311523, -166.668579102, -163.614318848, -176.94241333], [-1112.11828613, 575.159179688, 114.165977478, 28.4512062073, 65.2859268188, -3.6300368309, 19.8524951935, 49.3550796509, 22.1485443115, 4.73104095459, -21.7018413544, 13.8667402267, 23.287935257], [42.2376861572, 114.165977478, 126.254554749, 26.0499420166, 43.9689407349, -11.3647127151, 4.45726060867, -9.41481971741, -11.7566375732, -15.9554758072, -27.2492771149, -12.7859544754, -12.547244072], [46.5179328918, 28.4512062073, 26.0499420166, 73.9058761597, 25.7230567932, 24.1357002258, 8.14742469788, 1.00509691238, -3.70104527473, -8.44599819183, -5.95573997498, -9.05264759064, -10.7001647949], [-97.8778305054, 65.2859268188, 43.9689407349, 25.7230567932, 65.0206832886, 15.2831039429, 22.9062404633, 5.04452133179, 1.87418365479, 1.08849692345, -8.58505535126, -4.18638515472, -5.93594741821], [-106.794548035, -3.6300368309, -11.3647127151, 24.1357002258, 15.2831039429, 50.2045936584, 21.8045902252, 11.9407567978, 5.86360359192, 6.81846475601, 13.9669017792, 5.29733562469, 0.799213051796], [-173.568740845, 19.8524951935, 4.45726060867, 8.14742469788, 22.9062404633, 21.8045902252, 47.2288970947, 21.9688777924, 11.6886081696, 10.203912735, 7.71298599243, 7.51305818558, 5.49062824249], [-299.285308838, 49.3550796509, -9.41481971741, 1.00509691238, 5.04452133179, 11.9407567978, 21.9688777924, 50.8085899353, 26.6712684631, 20.2944164276, 12.39041996, 11.4616756439, 11.984503746], [-204.52772522, 22.1485443115, -11.7566375732, -3.70104527473, 1.87418365479, 5.86360359192, 11.6886081696, 26.6712684631, 37.0587425232, 22.5503520966, 12.5097932816, 7.73190593719, 5.40891695023], [-215.544311523, 4.73104095459, -15.9554758072, -8.44599819183, 1.08849692345, 6.81846475601, 10.203912735, 20.2944164276, 22.5503520966, 43.7498664856, 28.9111366272, 15.4014701843, 10.2517242432], [-166.668579102, -21.7018413544, -27.2492771149, -5.95573997498, -8.58505535126, 13.9669017792, 7.71298599243, 12.39041996, 12.5097932816, 28.9111366272, 44.6696891785, 22.809803009, 12.8390007019], [-163.614318848, 13.8667402267, -12.7859544754, -9.05264759064, -4.18638515472, 5.29733562469, 7.51305818558, 11.4616756439, 7.73190593719, 15.4014701843, 22.809803009, 35.6460189819, 22.7188282013], [-176.94241333, 23.287935257, -12.547244072, -10.7001647949, -5.93594741821, 0.799213051796, 5.49062824249, 11.984503746, 5.40891695023, 10.2517242432, 12.8390007019, 22.7188282013, 36.741607666]],
