{
"lowlevel": {
    "average_loudness": 0.952417314053,
    "barkbands_crest": {
        "dmean": 3.09969806671,
        "dmean2": 4.93026351929,
        "dvar": 8.35163116455,
        "dvar2": 20.0069255829,
        "max": 26.7391052246,
        "mean": 18.5283374786,
        "median": 18.9313297272,
        "min": 5.52572250366,
        "var": 29.7536296844
    },
    "barkbands_flatness_db": {
        "dmean": 0.0521065331995,
        "dmean2": 0.0656671151519,
        "dvar": 0.00191714684479,
        "dvar2": 0.00305135245435,
        "max": 0.612897336483,
        "mean": 0.312244474888,
        "median": 0.295299112797,
        "min": 0.0565361008048,
        "var": 0.013057205826
    },
    "barkbands_kurtosis": {
        "dmean": 133.882339478,
        "dmean2": 187.692840576,
        "dvar": 94386.6875,
        "dvar2": 175505.46875,
        "max": 4099.82910156,
        "mean": 187.088226318,
        "median": 51.9831542969,
        "min": -0.388374090195,
        "var": 162599.140625
    },
    "barkbands_skewness": {
        "dmean": 3.14815807343,
        "dmean2": 4.5093998909,
        "dvar": 18.6400661469,
        "dvar2": 34.4244842529,
        "max": 54.1378936768,
        "mean": 7.08758878708,
        "median": 5.12104177475,
        "min": -1.06149375439,
        "var": 48.401599884
    },
    "barkbands_spread": {
        "dmean": 2.13439941406,
        "dmean2": 3.2520506382,
        "dvar": 10.5494041443,
        "dvar2": 22.6128234863,
        "max": 30.2145080566,
        "mean": 3.75750923157,
        "median": 1.78657948971,
        "min": 0.0301843285561,
        "var": 29.2451686859
    },
    "dissonance": {
        "dmean": 0.0494653880596,
        "dmean2": 0.0753907561302,
        "dvar": 0.00216095731594,
        "dvar2": 0.00504025490955,
        "max": 0.492271363735,
        "mean": 0.360654175282,
        "median": 0.373164057732,
        "min": 0.0757715478539,
        "var": 0.00899819005281
    },
    "dynamic_complexity": 9.95651912689,
    "erbbands_crest": {
        "dmean": 3.65258908272,
        "dmean2": 5.47081947327,
        "dvar": 10.4958686829,
        "dvar2": 25.1287746429,
        "max": 30.8672809601,
        "mean": 18.3863868713,
        "median": 17.5634346008,
        "min": 3.92965173721,
        "var": 52.9011764526
    },
    "erbbands_flatness_db": {
        "dmean": 0.0419819392264,
        "dmean2": 0.0527310110629,
        "dvar": 0.00157675461378,
        "dvar2": 0.00229797442444,
        "max": 0.589009284973,
        "mean": 0.29087921977,
        "median": 0.278706878424,
        "min": 0.0959697887301,
        "var": 0.0108522772789
    },
    "erbbands_kurtosis": {
        "dmean": 18.6465969086,
        "dmean2": 27.1999835968,
        "dvar": 795.870910645,
        "dvar2": 1749.41381836,
        "max": 214.492141724,
        "mean": 30.7975330353,
        "median": 10.7347135544,
        "min": -1.71968722343,
        "var": 1990.71118164
    },
    "erbbands_skewness": {
        "dmean": 1.25929486752,
        "dmean2": 1.8219627142,
        "dvar": 1.72288107872,
        "dvar2": 3.9207701683,
        "max": 10.3166885376,
        "mean": 3.15863060951,
        "median": 2.57680034637,
        "min": -1.12063920498,
        "var": 6.32335948944
    },
    "erbbands_spread": {
        "dmean": 6.4868183136,
        "dmean2": 9.77628040314,
        "dvar": 74.6184844971,
        "dvar2": 156.463531494,
        "max": 91.4038391113,
        "mean": 15.5943603516,
        "median": 8.65705966949,
        "min": 0.317314237356,
        "var": 335.613830566
    },
    "hfc": {
        "dmean": 1.90206670761,
        "dmean2": 2.40598988533,
        "dvar": 28.8413906097,
        "dvar2": 44.706943512,
        "max": 55.1860580444,
        "mean": 2.39301252365,
        "median": 0.279207468033,
        "min": 0.00876082479954,
        "var": 49.1905097961
    },
    "melbands_crest": {
        "dmean": 4.28978776932,
        "dmean2": 6.73070335388,
        "dvar": 13.7194480896,
        "dvar2": 35.137298584,
        "max": 33.2447929382,
        "mean": 22.425737381,
        "median": 23.0197601318,
        "min": 7.8641872406,
        "var": 38.456413269
    },
    "melbands_flatness_db": {
        "dmean": 0.0545754879713,
        "dmean2": 0.0681340098381,
        "dvar": 0.00192695355508,
        "dvar2": 0.00319800409488,
        "max": 0.711688876152,
        "mean": 0.410843580961,
        "median": 0.395074754953,
        "min": 0.132153183222,
        "var": 0.0143309477717
    },
    "melbands_kurtosis": {
        "dmean": 32.5702552795,
        "dmean2": 49.8269920349,
        "dvar": 1889.8293457,
        "dvar2": 4753.17822266,
        "max": 355.183013916,
        "mean": 51.9603614807,
        "median": 29.5949440002,
        "min": -1.20741260052,
        "var": 3684.91357422
    },
    "melbands_skewness": {
        "dmean": 1.48715734482,
        "dmean2": 2.14398050308,
        "dvar": 2.15409636497,
        "dvar2": 4.77334880829,
        "max": 13.8823919296,
        "mean": 3.71203541756,
        "median": 3.08808326721,
        "min": -1.49138331413,
        "var": 8.38484477997
    },
    "melbands_spread": {
        "dmean": 1.78838539124,
        "dmean2": 2.71741652489,
        "dvar": 6.44313621521,
        "dvar2": 14.2206478119,
        "max": 29.5854282379,
        "mean": 3.52878832817,
        "median": 2.0460100174,
        "min": 0.20498046279,
        "var": 17.3698616028
    },
    "pitch_salience": {
        "dmean": 0.098508566618,
        "dmean2": 0.148963078856,
        "dvar": 0.00748301902786,
        "dvar2": 0.0160117223859,
        "max": 0.7848752141,
        "mean": 0.403368890285,
        "median": 0.435812741518,
        "min": 0.0451209172606,
        "var": 0.0257598049939
    },
    "silence_rate_20dB": {
        "dmean": 0,
        "dmean2": 0,
        "dvar": 0,
        "dvar2": 0,
        "max": 1,
        "mean": 1,
        "median": 1,
        "min": 1,
        "var": 0
    },
    "silence_rate_30dB": {
        "dmean": 0.0133333336562,
        "dmean2": 0.0267558526248,
        "dvar": 0.013155547902,
        "dvar2": 0.0260400027037,
        "max": 1,
        "mean": 0.986710965633,
        "median": 1,
        "min": 0,
        "var": 0.0131124248728
    },
    "silence_rate_60dB": {
        "dmean": 0.136666670442,
        "dmean2": 0.27424749732,
        "dvar": 0.117989145219,
        "dvar2": 0.219102427363,
        "max": 1,
        "mean": 0.687707662582,
        "median": 1,
        "min": 0,
        "var": 0.21476598084
    },
    "spectral_centroid": {
        "dmean": 99.0230255127,
        "dmean2": 153.335922241,
        "dvar": 24428.4667969,
        "dvar2": 58831.2382812,
        "max": 1675.72546387,
        "mean": 423.109985352,
        "median": 366.670532227,
        "min": 212.416732788,
        "var": 51099.4960938
    },
    "spectral_complexity": {
        "dmean": 0.816666662693,
        "dmean2": 1.28762543201,
        "dvar": 1.0030567646,
        "dvar2": 1.77011668682,
        "max": 14,
        "mean": 2.34219264984,
        "median": 2,
        "min": 0,
        "var": 4.31811237335
    },
    "spectral_decrease": {
        "dmean": 1.6331872521e-09,
        "dmean2": 2.07568096044e-09,
        "dvar": 2.18342974993e-17,
        "dvar2": 3.49226853418e-17,
        "max": -1.7474295665e-12,
        "mean": -2.01816341416e-09,
        "median": -2.31013819185e-10,
        "min": -5.2125916028e-08,
        "var": 3.53715234684e-17
    },
    "spectral_energy": {
        "dmean": 0.0063362531364,
        "dmean2": 0.00805114861578,
        "dvar": 0.000328093301505,
        "dvar2": 0.000524349219631,
        "max": 0.201652258635,
        "mean": 0.00783403310925,
        "median": 0.000901272229385,
        "min": 7.40301129554e-06,
        "var": 0.000532250734977
    },
    "spectral_energyband_high": {
        "dmean": 1.51729864228e-06,
        "dmean2": 2.05003357223e-06,
        "dvar": 1.02933273016e-10,
        "dvar2": 1.80812628758e-10,
        "max": 0.000178475645953,
        "mean": 2.06938216252e-06,
        "median": 3.57586742439e-07,
        "min": 1.30346123228e-07,
        "var": 1.59590160531e-10
    },
    "spectral_energyband_low": {
        "dmean": 0.000215719439439,
        "dmean2": 0.00025846902281,
        "dvar": 3.01790606727e-07,
        "dvar2": 4.19604191393e-07,
        "max": 0.00600656867027,
        "mean": 0.000267936877208,
        "median": 9.75330840447e-06,
        "min": 8.10407598806e-08,
        "var": 6.70547763093e-07
    },
    "spectral_energyband_middle_high": {
        "dmean": 3.00498377328e-05,
        "dmean2": 4.6952151024e-05,
        "dvar": 1.0678967044e-08,
        "dvar2": 2.74456120053e-08,
        "max": 0.00106668332592,
        "mean": 5.09354940732e-05,
        "median": 4.62524849354e-06,
        "min": 2.45222452122e-07,
        "var": 2.46615687871e-08
    },
    "spectral_energyband_middle_low": {
        "dmean": 0.0062671112828,
        "dmean2": 0.00797589402646,
        "dvar": 0.000325303437421,
        "dvar2": 0.000519148248713,
        "max": 0.200556620955,
        "mean": 0.00771500123665,
        "median": 0.000844590598717,
        "min": 4.98617282574e-06,
        "var": 0.000526680843905
    },
    "spectral_entropy": {
        "dmean": 0.460972428322,
        "dmean2": 0.588899731636,
        "dvar": 0.190968185663,
        "dvar2": 0.276757717133,
        "max": 8.4134311676,
        "mean": 5.84674501419,
        "median": 5.955534935,
        "min": 3.22317123413,
        "var": 1.17685747147
    },
    "spectral_flux": {
        "dmean": 0.0180396437645,
        "dmean2": 0.0266680456698,
        "dvar": 0.000813776743598,
        "dvar2": 0.0020537788514,
        "max": 0.291923195124,
        "mean": 0.0319065414369,
        "median": 0.0186850950122,
        "min": 0.00147514161654,
        "var": 0.00165976048447
    },
    "spectral_kurtosis": {
        "dmean": 13.2979650497,
        "dmean2": 17.6878681183,
        "dvar": 390.835845947,
        "dvar2": 703.276977539,
        "max": 220.44128418,
        "mean": 34.0578536987,
        "median": 20.70570755,
        "min": 1.53566980362,
        "var": 1290.92138672
    },
    "spectral_rms": {
        "dmean": 0.000793768384028,
        "dmean2": 0.000842098728754,
        "dvar": 1.46820991631e-06,
        "dvar2": 1.8252976588e-06,
        "max": 0.014026186429,
        "mean": 0.00169771886431,
        "median": 0.000937704637181,
        "min": 8.49849966471e-05,
        "var": 4.76071318189e-06
    },
    "spectral_rolloff": {
        "dmean": 88.5732421875,
        "dmean2": 144.682907104,
        "dvar": 42188.75,
        "dvar2": 89718.6484375,
        "max": 2304.05273438,
        "mean": 415.425598145,
        "median": 387.59765625,
        "min": 193.798828125,
        "var": 58276.0117188
    },
    "spectral_skewness": {
        "dmean": 0.860853552818,
        "dmean2": 1.12949621677,
        "dvar": 0.871314704418,
        "dvar2": 1.41474556923,
        "max": 12.02186203,
        "mean": 4.15442752838,
        "median": 3.64185214043,
        "min": 0.877978444099,
        "var": 4.91198682785
    },
    "spectral_spread": {
        "dmean": 733976.5625,
        "dmean2": 974385.3125,
        "dvar": 1.74231230874e+12,
        "dvar2": 1.46724500275e+12,
        "max": 31561430,
        "mean": 3183433.5,
        "median": 2995873.5,
        "min": 505064.875,
        "var": 5.46041495552e+12
    },
    "spectral_strongpeak": {
        "dmean": 0.281430870295,
        "dmean2": 0.318147212267,
        "dvar": 0.185669705272,
        "dvar2": 0.24277317524,
        "max": 6.04156637192,
        "mean": 0.51692700386,
        "median": 0.234782457352,
        "min": 0.00846463814378,
        "var": 0.601139187813
    },
    "zerocrossingrate": {
        "dmean": 0.00579752586782,
        "dmean2": 0.0065566864796,
        "dvar": 5.62724708288e-05,
        "dvar2": 6.72366295476e-05,
        "max": 0.10498046875,
        "mean": 0.0251748729497,
        "median": 0.01953125,
        "min": 0.0029296875,
        "var": 0.000278921419522
    },
    "barkbands": {
        "dmean": [1.02397154933e-06, 1.33451476358e-06, 5.5006792536e-05, 0.000245972827543, 0.00321642146446, 0.00283958832733, 0.000130256928969, 5.75497360842e-05, 2.70245818683e-05, 1.9641869585e-05, 8.54097925185e-06, 3.20351682603e-06, 1.02270314528e-06, 2.03475406124e-06, 1.80695849394e-06, 1.16116450499e-06, 5.58575095511e-07, 1.19749870464e-06, 3.01829686578e-06, 1.70048679138e-06, 6.04604110777e-07, 9.55393204549e-08, 6.77259492932e-08, 7.3012017765e-08, 8.90356233185e-08, 3.63150576277e-08, 1.87881106228e-08],
        "dmean2": [1.90697176095e-06, 2.55340296462e-06, 6.80220473441e-05, 0.000307508278638, 0.0041495366022, 0.00375301181339, 0.000200800495804, 9.44101775531e-05, 4.17480951e-05, 3.10122049996e-05, 1.27217790578e-05, 4.94087453262e-06, 1.51848303176e-06, 3.10766745315e-06, 2.90187631435e-06, 1.83571955858e-06, 8.6190351567e-07, 2.07134962693e-06, 5.68556333747e-06, 2.3374286684e-06, 9.09934385618e-07, 1.4303476803e-07, 1.03682346264e-07, 1.15075508234e-07, 1.32949594445e-07, 5.97218772214e-08, 3.29331939497e-08],
        "dvar": [1.29847577135e-10, 4.16767426126e-10, 3.00011748777e-08, 3.06960259877e-07, 0.000167281585163, 0.000102179837995, 1.95825109017e-07, 9.45148954656e-08, 9.77959313531e-09, 6.09946049224e-09, 9.40312605557e-10, 9.47707259891e-11, 1.02570911834e-11, 8.54792833738e-11, 1.17938381283e-10, 2.12692589235e-11, 2.52812484489e-12, 7.27067087092e-11, 9.485504604e-10, 1.66547747815e-10, 1.96323773211e-11, 2.75954850333e-13, 2.06314796519e-13, 1.22319946598e-13, 1.89549805431e-13, 3.47014253541e-14, 1.05648450159e-15],
        "dvar2": [2.81743434138e-10, 8.97632412844e-10, 4.02129813892e-08, 4.47978607099e-07, 0.000285823567538, 0.000138996168971, 4.62398844547e-07, 2.46587063657e-07, 2.31238175274e-08, 1.69038454345e-08, 2.30964669612e-09, 2.23423030077e-10, 2.29345674396e-11, 2.11246894977e-10, 2.442860636e-10, 4.47146035476e-11, 6.14257906692e-12, 2.0953225266e-10, 2.78360534622e-09, 3.42622569205e-10, 3.22330426239e-11, 6.8688707066e-13, 3.311615847e-13, 2.09570858931e-13, 3.71995972437e-13, 6.76796943141e-14, 2.2419693682e-15],
        "max": [0.000197260087589, 0.000353259441908, 0.002526557073, 0.00544159207493, 0.163765698671, 0.146700933576, 0.00423892121762, 0.00426714122295, 0.00137174827978, 0.00092372862855, 0.000391099893022, 0.000115990755148, 3.57197786798e-05, 0.000146953723743, 0.000164507000591, 5.62146415177e-05, 1.61034822668e-05, 0.000121857898193, 0.000404815160437, 0.000219455949264, 7.23051853129e-05, 9.04597345652e-06, 7.28179747966e-06, 5.10062727699e-06, 7.02610805092e-06, 2.63274318968e-06, 5.05338391577e-07],
        "mean": [1.52845473167e-06, 2.32652541854e-06, 6.33191666566e-05, 0.000332412513671, 0.00363659113646, 0.00352034182288, 0.000131096690893, 5.65198752156e-05, 3.21069237543e-05, 2.58927484538e-05, 1.24797679746e-05, 4.65934226668e-06, 1.49558047724e-06, 2.19322328121e-06, 2.11404994843e-06, 1.46406330259e-06, 7.29029011381e-07, 1.32066691094e-06, 2.23002984967e-06, 1.75192508323e-06, 7.94239610968e-07, 1.29661756887e-07, 9.86411734516e-08, 1.05808858564e-07, 1.12531481022e-07, 5.01963093313e-08, 1.30167890688e-07],
        "median": [1.55364318744e-07, 4.09706792937e-08, 9.69980987975e-07, 2.58624586422e-05, 0.00013112234592, 0.000216582498979, 8.08978256828e-06, 3.48047478838e-06, 9.18767852909e-07, 6.23122900834e-07, 2.8691599141e-07, 6.76717661463e-07, 1.94388178443e-07, 3.28999902877e-07, 3.69040094483e-07, 2.35514974634e-07, 2.09014245911e-07, 2.26601528652e-07, 1.73307853402e-07, 1.20321786312e-07, 5.44184146634e-08, 2.68366715517e-08, 1.86989570494e-08, 2.38472512848e-08, 2.6243974105e-08, 1.57060000561e-08, 1.25758461422e-07],
        "min": [2.54510457154e-09, 4.47955367244e-10, 8.72913652472e-09, 1.59655328957e-08, 3.35586918254e-07, 2.0957038771e-07, 9.05571724275e-08, 4.67068375087e-08, 1.31399211512e-08, 3.0375917337e-09, 1.85425346189e-08, 2.314761538e-08, 1.13351825703e-08, 1.29198012289e-08, 1.03940065443e-08, 9.83724302017e-09, 7.5726243054e-09, 6.14506490138e-09, 5.73973357731e-09, 3.79631126535e-09, 2.51282239461e-09, 1.86121085211e-09, 2.59035126682e-09, 2.67392241682e-09, 4.10724609878e-09, 8.05448152619e-09, 9.34512627282e-08],
        "var": [2.34460395543e-10, 7.5985046033e-10, 6.43286242052e-08, 6.75885644341e-07, 0.000241634828853, 0.000193638319615, 2.11712745113e-07, 7.6624871781e-08, 1.23118324424e-08, 9.93825999274e-09, 2.16040296763e-09, 1.66965191672e-10, 2.03356238099e-11, 9.52077722216e-11, 1.3723820691e-10, 3.13035673771e-11, 3.24168339741e-12, 5.60157198404e-11, 5.51288459327e-10, 2.03190034243e-10, 3.15847348276e-11, 3.46617239034e-13, 3.52745502079e-13, 1.92185948145e-13, 2.45585724066e-13, 4.23620590917e-14, 1.30974258826e-15]
    },
    "erbbands": {
        "dmean": [6.92093453836e-05, 0.000871697789989, 0.0407696068287, 0.594024538994, 3.57475304604, 17.580039978, 5.00783491135, 30.7184562683, 12.0256328583, 1.47439312935, 0.742390275002, 0.585391640663, 0.586717844009, 0.366574943066, 0.418832868338, 0.136865794659, 0.0556735992432, 0.0957602187991, 0.0862256810069, 0.075708411634, 0.0555103756487, 0.0365091897547, 0.0786223262548, 0.173993930221, 0.10011805594, 0.0534300170839, 0.0422611795366, 0.0127783436328, 0.00443556439131, 0.00254492252134, 0.00179962161928, 0.0015755367931, 0.00135311717167, 0.00102273654193, 0.000603023683652, 0.000243569083977, 4.58791291749e-05, 8.25607276056e-06, 4.87194620291e-06, 7.09416190148e-06],
        "dmean2": [0.000114485745144, 0.00122654892039, 0.0485289618373, 0.72238022089, 5.04201078415, 22.0864334106, 6.45358324051, 41.1096763611, 15.0122394562, 2.15031456947, 1.18453609943, 0.941576182842, 0.852666974068, 0.574805378914, 0.650630176067, 0.197649076581, 0.0750539153814, 0.149157643318, 0.1346013695, 0.109316922724, 0.0841754451394, 0.0569496974349, 0.136484608054, 0.330597192049, 0.154675140977, 0.0729976221919, 0.0625322237611, 0.0183041039854, 0.00694410922006, 0.00351236294955, 0.00271853036247, 0.00226630084217, 0.00207489775494, 0.00158708589152, 0.000865623005666, 0.000387200707337, 7.32455882826e-05, 1.32669738377e-05, 7.12861492502e-06, 9.08868241822e-06],
        "dvar": [4.96226050473e-07, 2.42142559728e-05, 0.01314325165, 1.93385946751, 192.088317871, 5113.21679688, 178.373626709, 13719.6328125, 1711.48620605, 37.6083984375, 13.7656497955, 5.78680849075, 6.24839115143, 2.23501110077, 2.62142395973, 0.157438382506, 0.0271258521825, 0.266434103251, 0.159056395292, 0.139285042882, 0.0377583652735, 0.0157898198813, 0.37886044383, 3.14199328423, 0.732029795647, 0.131151005626, 0.099335886538, 0.00611655134708, 0.000839981425088, 0.000213799779885, 0.000136498740176, 5.03439259774e-05, 3.90248751501e-05, 2.64006885118e-05, 9.13938220037e-06, 1.50829112044e-06, 5.52408216947e-08, 1.09051179198e-09, 9.73738173426e-11, 4.00665001177e-10],
        "dvar2": [1.11193924113e-06, 5.09736637468e-05, 0.0179109014571, 2.71944832802, 342.266265869, 8706.70214844, 315.040924072, 18716.1210938, 2371.72021484, 95.0952682495, 35.3879814148, 14.1748943329, 15.1109609604, 6.50418138504, 6.82593536377, 0.328172564507, 0.0497124493122, 0.682509183884, 0.305413305759, 0.295936793089, 0.0673885270953, 0.0394327379763, 1.10034918785, 9.28711986542, 1.80481731892, 0.262699574232, 0.161376386881, 0.0141896288842, 0.00223009148613, 0.000360127480235, 0.000213870385778, 9.8353913927e-05, 6.74949915265e-05, 5.05434763909e-05, 1.77003039425e-05, 3.00752572002e-06, 1.07588597587e-07, 2.12564055246e-09, 1.72580713609e-10, 6.40796748996e-10],
        "max": [0.0121600981802, 0.0817780345678, 1.55410850048, 14.3619365692, 162.104888916, 934.6953125, 136.713973999, 1710.18054199, 557.568054199, 83.0779037476, 53.8458900452, 32.778011322, 37.3950805664, 20.6035575867, 17.177148819, 5.26329183578, 2.16467285156, 7.91277599335, 6.67681932449, 5.56054925919, 3.05397319794, 1.57948899269, 8.60611152649, 23.050151825, 13.222743988, 6.41457414627, 5.1443939209, 1.29273450375, 0.461522787809, 0.261655449867, 0.188681766391, 0.11752808094, 0.0970389768481, 0.0815361067653, 0.0493726357818, 0.0179339516908, 0.0033025383018, 0.000512105121743, 0.000107728876173, 0.000224251649342],
        "mean": [0.00010687555914, 0.00123712525237, 0.0497940704226, 0.775740206242, 4.02425146103, 19.8748970032, 5.8800611496, 38.5954093933, 14.7084007263, 1.63668620586, 0.823510229588, 0.677021563053, 0.81723088026, 0.517718315125, 0.578390538692, 0.213970601559, 0.0862369164824, 0.100572295487, 0.115595646203, 0.0904942899942, 0.0735839232802, 0.0480644293129, 0.0797952637076, 0.130967289209, 0.0906381681561, 0.0584887452424, 0.0536098368466, 0.0149460490793, 0.00551580730826, 0.00345237390138, 0.00268414104357, 0.00217982707545, 0.00180513144005, 0.00131249648985, 0.000739974610042, 0.000291242438834, 7.16027861927e-05, 2.97721308016e-05, 1.80290062417e-05, 1.11677982204e-05],
        "median": [5.46178080185e-06, 5.09008423251e-05, 0.00175762188155, 0.0564600005746, 0.273604542017, 0.501530349255, 0.550798475742, 1.8633518219, 0.54266500473, 0.156561434269, 0.0594158135355, 0.0211416464299, 0.0221957433969, 0.0209128763527, 0.0179245769978, 0.0305410735309, 0.01244871784, 0.0163875687867, 0.0217186808586, 0.0137914577499, 0.014477647841, 0.0124434018508, 0.0124487048015, 0.0106313358992, 0.00682697957382, 0.00559724494815, 0.00310708186589, 0.0018541397294, 0.00107789237518, 0.000571071635932, 0.000527605530806, 0.000497767701745, 0.000422972632805, 0.000336505239829, 0.0001746834605, 6.33829695289e-05, 2.77838244074e-05, 2.45087358053e-05, 1.47174287122e-05, 3.43726264873e-06],
        "min": [4.4422753831e-07, 1.85650753792e-06, 1.89320380741e-05, 0.000288767623715, 0.00174957921263, 0.00141788332257, 0.00144708144944, 0.00266105821356, 0.00111547135748, 0.0022098494228, 0.00138914259151, 0.000661650032271, 0.000444484961918, 0.00025156076299, 0.00114672107156, 0.000871101801749, 0.000676621333696, 0.000631761969998, 0.00069628568599, 0.000621099665295, 0.000514450599439, 0.000437837501522, 0.000350544491084, 0.000349937065039, 0.000296868383884, 0.000222819318878, 0.000113452719233, 8.28407864901e-05, 5.7653800468e-05, 7.1108697739e-05, 6.2907623942e-05, 5.93280201429e-05, 5.1945236919e-05, 4.3271069444e-05, 2.84206489596e-05, 1.66484242072e-05, 1.48442413774e-05, 1.64573502843e-05, 9.23043808143e-06, 1.97227245735e-06],
        "var": [8.53799861034e-07, 4.44071993115e-05, 0.0292131509632, 4.25332212448, 254.082717896, 7503.43359375, 273.090270996, 25558.8046875, 3364.49609375, 33.9280052185, 12.3101615906, 6.54865074158, 9.11074733734, 4.03516769409, 4.66718482971, 0.355683773756, 0.0677911862731, 0.245909124613, 0.25116327405, 0.177013352513, 0.064479149878, 0.0187030471861, 0.267353773117, 1.78562426567, 0.650315880775, 0.174917370081, 0.161078631878, 0.00725948438048, 0.000822038855404, 0.000365502404748, 0.000241587942583, 7.56190202083e-05, 5.95204546698e-05, 3.41185768775e-05, 1.21472503452e-05, 1.78084712843e-06, 7.14698202842e-08, 1.41486500294e-09, 1.54242243977e-10, 6.50508646949e-10]
    },
    "gfcc": {
        "mean": [-293.039154053, 118.696426392, -76.8951568604, -11.7869062424, -59.4558486938, -46.5333518982, -58.8193855286, -28.7314834595, -36.3419151306, -15.4634714127, -9.89157390594, -8.55127811432, -5.30204486847],
        "cov": [[4313.60351562, 1423.99291992, -452.865142822, -20.3766078949, -321.847991943, -97.0996170044, 77.0678634644, 57.9872322083, -96.8495254517, -123.916786194, -101.263664246, -103.597366333, 94.6701812744], [1423.99291992, 1934.57543945, 298.476074219, -606.922790527, 90.0949630737, -128.350891113, 142.972930908, -126.949546814, 88.930557251, -210.522613525, -74.98021698, -72.7760009766, 27.8385505676], [-452.865142822, 298.476074219, 681.34197998, 98.0510559082, 40.693145752, -114.827392578, -108.114593506, -133.950317383, 4.53152036667, -24.5304679871, 17.6416301727, -0.762211084366, -10.1735591888], [-20.3766078949, -606.922790527, 98.0510559082, 656.838684082, 78.5319747925, 16.3576107025, -137.054107666, -51.7567367554, -144.900436401, 0.753225445747, -13.5678243637, -7.7486410141, -22.1399974823], [-321.847991943, 90.0949630737, 40.693145752, 78.5319747925, 338.520843506, 148.616607666, 44.6588630676, -45.0439186096, -57.6015510559, -129.587753296, -79.3434371948, -32.1677970886, -31.2257785797], [-97.0996170044, -128.350891113, -114.827392578, 16.3576107025, 148.616607666, 309.326293945, 155.115921021, 98.4772949219, -52.4328193665, -107.014282227, -136.496765137, -77.1656417847, -48.5221176147], [77.0678634644, 142.972930908, -108.114593506, -137.054107666, 44.6588630676, 155.115921021, 194.880599976, 92.1869049072, 17.6486644745, -70.3452224731, -86.8335342407, -55.9722328186, -24.849395752], [57.9872322083, -126.949546814, -133.950317383, -51.7567367554, -45.0439186096, 98.4772949219, 92.1869049072, 167.47895813, 45.529548645, 2.63012266159, -46.3948974609, -37.6839866638, -33.1807289124], [-96.8495254517, 88.930557251, 4.53152036667, -144.900436401, -57.6015510559, -52.4328193665, 17.6486644745, 45.529548645, 120.726394653, 62.7903442383, 31.6505012512, 1.46517729759, -8.63757514954], [-123.916786194, -210.522613525, -24.5304679871, 0.753225445747, -129.587753296, -107.014282227, -70.3452224731, 2.63012266159, 62.7903442383, 147.126449585, 101.526977539, 46.7694778442, 8.66563034058], [-101.263664246, -74.98021698, 17.6416301727, -13.5678243637, -79.3434371948, -136.496765137, -86.8335342407, -46.3948974609, 31.6505012512, 101.526977539, 133.10697937, 79.0935516357, 20.4163799286], [-103.597366333, -72.7760009766, -0.762211084366, -7.7486410141, -32.1677970886, -77.1656417847, -55.9722328186, -37.6839866638, 1.46517729759, 46.7694778442, 79.0935516357, 87.1410369873, 33.8204421997], [94.6701812744, 27.8385505676, -10.1735591888, -22.1399974823, -31.2257785797, -48.5221176147, -24.849395752, -33.1807289124, -8.63757514954, 8.66563034058, 20.4163799286, 33.8204421997, 64.4489822388]],
        "icov": [[0.00243336381391, -0.00484075816348, 0.0033327632118, -0.00453420076519, 0.0039745173417, -0.00287807756104, 0.00263812229969, -0.00312886759639, 0.00250148633495, -0.0024115035776, -0.000213452673052, 0.000251114426646, -0.00275449990295], [-0.00484075816348, 0.0113820135593, -0.00704212347046, 0.0103112859651, -0.0079271607101, 0.00754364579916, -0.00641213590279, 0.0075359637849, -0.0058888043277, 0.00838068686426, -0.000556397775654, 0.00154033384752, 0.00532287685201], [0.0033327632118, -0.00704212347046, 0.00685053924099, -0.00707026338205, 0.00604733498767, -0.0044033206068, 0.00477528292686, -0.00243924790993, 0.00113907991908, -0.00187370204367, -0.00012045976473, -6.73981921864e-05, -0.00252286926843], [-0.00453420076519, 0.0103112859651, -0.00707026338205, 0.012800690718, -0.00893958099186, 0.00752182910219, -0.00381280528381, 0.00488274917006, 0.000475642416859, 0.00297161401249, 0.00193582696375, 0.00160393654369, 0.00607249140739], [0.0039745173417, -0.0079271607101, 0.00604733498767, -0.00893958099186, 0.0140302861109, -0.00947164278477, 0.00556155992672, -3.02928965539e-05, -0.00185738131404, 0.00434242608026, -0.00257141888142, -0.00148576602805, -0.00197354704142], [-0.00287807756104, 0.00754364579916, -0.0044033206068, 0.00752182910219, -0.00947164278477, 0.0182299967855, -0.00995238497853, -0.000114468733955, 0.00462626619264, 1.92308448277e-06, 0.00775997387245, 0.000203432777198, 0.00615249061957], [0.00263812229969, -0.00641213590279, 0.00477528292686, -0.00381280528381, 0.00556155992672, -0.00995238497853, 0.018455164507, -0.0062594152987, -0.000463269359898, 0.000559332605917, 7.52528940211e-05, 0.000714615220204, -0.00310281617567], [-0.00312886759639, 0.0075359637849, -0.00243924790993, 0.00488274917006, -3.02928965539e-05, -0.000114468733955, -0.0062594152987, 0.0213760640472, -0.0137406578287, 0.00843429472297, 0.00244676251896, -0.00160802784376, 0.00821726955473], [0.00250148633495, -0.0058888043277, 0.00113907991908, 0.000475642416859, -0.00185738131404, 0.00462626619264, -0.000463269359898, -0.0137406578287, 0.0315556451678, -0.022062195465, 0.00510030146688, 0.0024022939615, -0.00113809981849], [-0.0024115035776, 0.00838068686426, -0.00187370204367, 0.00297161401249, 0.00434242608026, 1.92308448277e-06, 0.000559332605917, 0.00843429472297, -0.022062195465, 0.0432707257569, -0.0230707675219, 0.00729660270736, 0.00201523676515], [-0.000213452673052, -0.000556397775654, -0.00012045976473, 0.00193582696375, -0.00257141888142, 0.00775997387245, 7.52528940211e-05, 0.00244676251896, 0.00510030146688, -0.0230707675219, 0.0447037927806, -0.0257682483643, 0.0102313905954], [0.000251114426646, 0.00154033384752, -6.73981921864e-05, 0.00160393654369, -0.00148576602805, 0.000203432777198, 0.000714615220204, -0.00160802784376, 0.0024022939615, 0.00729660270736, -0.0257682483643, 0.0373506695032, -0.0137093029916], [-0.00275449990295, 0.00532287685201, -0.00252286926843, 0.00607249140739, -0.00197354704142, 0.00615249061957, -0.00310281617567, 0.00821726955473, -0.00113809981849, 0.00201523676515, 0.0102313905954, -0.0137093029916, 0.0291904900223]]
    },
    "melbands": {
        "dmean": [4.36456133457e-07, 1.26505419757e-05, 0.000103233564005, 0.000845672911964, 0.000269478972768, 0.000637487100903, 0.000177148453076, 1.39628627949e-05, 5.1171996347e-06, 3.87827230952e-06, 3.04670084006e-06, 1.74828790023e-06, 1.32677291731e-06, 6.05057778102e-07, 1.80451962706e-07, 9.73954144001e-08, 1.95815474058e-07, 1.26456654925e-07, 1.51862963094e-07, 8.57706652369e-08, 6.17018329763e-08, 3.28491935875e-08, 6.28762961696e-08, 5.14552986886e-08, 1.62183070529e-07, 8.17428968958e-08, 7.14919252687e-08, 2.93495858728e-08, 3.1536529832e-08, 1.30699966405e-08, 5.88861448492e-09, 2.44506259683e-09, 1.87899318327e-09, 1.29622090839e-09, 1.22172416628e-09, 8.6847518066e-10, 1.04966035863e-09, 8.97749041773e-10, 1.11623565946e-09, 8.55505388753e-10],
        "dmean2": [8.29712234918e-07, 1.5856416212e-05, 0.00012844268349, 0.00111760292202, 0.000325606873957, 0.000845653237775, 0.000220928734052, 2.25823678193e-05, 8.33247759147e-06, 6.19429965809e-06, 4.47560523753e-06, 2.72584497907e-06, 1.96698465516e-06, 9.62690933193e-07, 2.48976306239e-07, 1.36807244644e-07, 3.11278142817e-07, 2.0542108814e-07, 2.46850390795e-07, 1.35891809805e-07, 8.98045584563e-08, 5.02017307724e-08, 1.08675891397e-07, 8.81916477624e-08, 3.0996986311e-07, 1.46910650756e-07, 9.80296590569e-08, 4.07285938309e-08, 4.62866580619e-08, 1.8827019943e-08, 9.074538454e-09, 4.03435951313e-09, 2.69293920496e-09, 1.9617376612e-09, 1.90565052627e-09, 1.20133358816e-09, 1.58743096446e-09, 1.32051547475e-09, 1.73729386432e-09, 1.31933042269e-09],
        "dvar": [4.10219774816e-11, 1.61509849939e-09, 5.0106081062e-08, 1.220881677e-05, 7.40912014408e-07, 5.6450203374e-06, 3.73678659571e-07, 5.20227727563e-09, 5.42963729533e-10, 2.74196693129e-10, 1.63276045462e-10, 5.6273687099e-11, 2.25117945118e-11, 4.91374736039e-12, 2.96178148196e-13, 7.99202690789e-14, 1.19477572367e-12, 2.34869144532e-13, 8.65623382435e-13, 1.60115180121e-13, 4.93215121793e-14, 7.524541801e-15, 1.97844982042e-13, 1.27394324473e-13, 2.79034564551e-12, 6.18783344876e-13, 3.30487536209e-13, 3.58253567599e-14, 5.35861299452e-14, 8.38418706884e-15, 1.35860421322e-15, 2.4490980935e-16, 1.23807245715e-16, 6.62686615673e-17, 7.78728210388e-17, 1.72951190725e-17, 1.91673216206e-17, 1.6589914513e-17, 2.27928740978e-17, 2.07981462486e-17],
        "dvar2": [8.93399035307e-11, 2.23186513715e-09, 8.01794115546e-08, 2.0948555175e-05, 1.27452676679e-06, 7.657932656e-06, 5.19299021562e-07, 1.35935174228e-08, 1.38208156031e-09, 6.62202293e-10, 3.96739918695e-10, 1.62708374551e-10, 5.67295342646e-11, 1.25870373152e-11, 5.31263184486e-13, 1.44782189709e-13, 3.12944462011e-12, 4.38932093796e-13, 1.78532286611e-12, 4.00495500479e-13, 8.87584005859e-14, 1.62609810735e-14, 5.64370490445e-13, 3.69036588397e-13, 8.25977741065e-12, 1.76505262229e-12, 6.8822448825e-13, 7.31929978865e-14, 8.60347356508e-14, 1.66044054998e-14, 3.4983731271e-15, 6.7422319118e-16, 2.94709549767e-16, 1.06178868808e-16, 1.29392726553e-16, 3.62447879672e-17, 3.70764949121e-17, 2.85974171774e-17, 4.35488357894e-17, 4.15216774971e-17],
        "max": [0.000110722059617, 0.000576928083319, 0.00217399932444, 0.0435316637158, 0.0114803751931, 0.0346351154149, 0.00826075393707, 0.000995681388304, 0.000337699108059, 0.000228147240705, 0.000186893215869, 0.000105040788185, 6.16854304099e-05, 2.59025255218e-05, 7.29656312615e-06, 3.72126396542e-06, 1.62818741956e-05, 7.96310359874e-06, 1.39037701956e-05, 4.9545847105e-06, 3.69211534235e-06, 9.21686023503e-07, 6.3888664954e-06, 5.01902786709e-06, 2.16236239794e-05, 1.08131971501e-05, 9.45743886405e-06, 3.35092113346e-06, 3.81669224225e-06, 1.5140767573e-06, 5.82197685617e-07, 2.38313916157e-07, 1.95259389102e-07, 1.31775507839e-07, 1.38258783977e-07, 7.73876323024e-08, 6.52160352388e-08, 6.62596875145e-08, 7.0961597487e-08, 7.14171974892e-08],
        "mean": [7.3889793839e-07, 1.47730888784e-05, 0.00013465883967, 0.000953062728513, 0.000309769209707, 0.000797492451966, 0.000216313987039, 1.40473239298e-05, 5.77133550905e-06, 4.46326430392e-06, 4.29243391409e-06, 2.34307867686e-06, 1.88267802059e-06, 8.28579459267e-07, 2.79701737327e-07, 1.46321951888e-07, 1.91938596572e-07, 1.7364401117e-07, 1.75291077653e-07, 9.99653479994e-08, 8.02165232017e-08, 4.35574136759e-08, 6.70516584478e-08, 5.67185018951e-08, 1.1827471269e-07, 6.53216929436e-08, 7.10079746113e-08, 3.25802105294e-08, 3.95342496518e-08, 1.57397295197e-08, 6.47359676975e-09, 2.96919600018e-09, 2.39923925172e-09, 1.76620340575e-09, 1.69859315502e-09, 1.19323395609e-09, 1.40609679455e-09, 1.18477316846e-09, 1.32202415681e-09, 1.05177422327e-09],
        "median": [2.54617944506e-08, 2.31314515986e-07, 1.32927998493e-05, 3.37374840456e-05, 2.27086075029e-05, 4.0474722482e-05, 7.76615070208e-06, 1.00586487406e-06, 2.86409402861e-07, 1.21906921891e-07, 1.01097349159e-07, 6.75164670838e-08, 4.43496546154e-08, 8.68172946866e-08, 4.27797992586e-08, 2.13579749442e-08, 2.70256723667e-08, 3.01926839086e-08, 2.55671768201e-08, 1.22322898477e-08, 1.49718335507e-08, 1.27424861773e-08, 1.0351960178e-08, 1.02047481576e-08, 8.2951130409e-09, 5.4430708829e-09, 4.3402552663e-09, 3.43162498417e-09, 1.96701166466e-09, 1.24326759998e-09, 9.64366031475e-10, 5.94176707835e-10, 3.81878251243e-10, 2.84012147134e-10, 2.9288113601e-10, 3.08116254732e-10, 2.88930712689e-10, 2.79657852431e-10, 2.7947361092e-10, 2.69655631158e-10],
        "min": [1.76211545355e-09, 3.36681837965e-09, 7.34061913477e-08, 1.9044135513e-07, 5.70343630102e-08, 4.5462012821e-08, 1.8531439494e-08, 1.7525772833e-08, 6.75038469566e-09, 1.47645673465e-09, 1.91257853999e-09, 7.14942660629e-10, 2.97341218314e-09, 3.64598573555e-09, 1.54544432807e-09, 7.81236908498e-10, 9.72084523987e-10, 7.95612964399e-10, 7.17645998183e-10, 5.63578794743e-10, 4.88275475607e-10, 4.68566963008e-10, 2.64135768813e-10, 2.79959860849e-10, 2.77003475713e-10, 1.89952206742e-10, 1.30236210705e-10, 1.28342739214e-10, 6.63880339591e-11, 5.90146750912e-11, 4.02191266402e-11, 2.76718474523e-11, 4.08995962098e-11, 3.39512133685e-11, 2.92283350301e-11, 3.31327708325e-11, 3.0723229516e-11, 3.60730299798e-11, 3.46657771932e-11, 3.37272640372e-11],
        "var": [7.36442851146e-11, 3.42799100217e-09, 1.03477049151e-07, 1.73437110789e-05, 1.13442308702e-06, 1.06458610389e-05, 7.30236536128e-07, 4.17100620709e-09, 5.12104858519e-10, 3.13616438374e-10, 2.53698506647e-10, 9.60868884459e-11, 5.01035948841e-11, 7.08226966656e-12, 6.92454231975e-13, 1.8665235644e-13, 1.0203693359e-12, 4.48627165148e-13, 9.92395727227e-13, 1.85350527786e-13, 7.84712667567e-14, 1.13549552316e-14, 1.56462245503e-13, 9.30230285162e-14, 1.56909348795e-12, 4.00470265673e-13, 3.78928957439e-13, 4.82889586878e-14, 8.88763482297e-14, 1.12376081341e-14, 1.34507169722e-15, 2.1199643836e-16, 1.66934960546e-16, 1.10524571344e-16, 1.24284072325e-16, 2.78816644108e-17, 2.75906010599e-17, 2.59095616057e-17, 3.07451023023e-17, 2.52324216301e-17]
    },
    "mfcc": {
        "mean": [-946.092712402, 152.083099365, 27.7858276367, 14.6470909119, -2.63387322426, -23.6303462982, -24.0760765076, -29.3118648529, -29.4514083862, -25.7142734528, -22.1692638397, -15.6062135696, -9.89144802094],
        "cov": [[3624.43798828, 1523.43640137, -651.296264648, -121.79473877, -389.224212646, -341.918914795, -13.0730991364, -62.733795166, -3.25734829903, -75.2196044922, -204.237442017, -154.022003174, -175.440917969], [1523.43640137, 1638.81323242, 67.4347991943, -442.353637695, -179.757369995, -129.995925903, -132.517944336, 21.1564254761, 19.6973266602, -49.8881072998, -128.693191528, -170.091567993, -121.883750916], [-651.296264648, 67.4347991943, 654.672363281, 101.989349365, 20.987651825, 30.4763011932, -124.750976562, -85.8517379761, -66.5702590942, -50.3649902344, -8.91685771942, 7.18242502213, 26.3617572784], [-121.79473877, -442.353637695, 101.989349365, 500.196563721, 153.307250977, 6.61575698853, -7.83722400665, -143.2734375, -133.923309326, -90.2746276855, -50.1244239807, 32.6575698853, 25.4437427521], [-389.224212646, -179.757369995, 20.987651825, 153.307250977, 257.335357666, 119.798713684, 34.2523727417, 19.407087326, -46.6740684509, -48.8847618103, -31.0310440063, -23.7757873535, -7.56853914261], [-341.918914795, -129.995925903, 30.4763011932, 6.61575698853, 119.798713684, 162.801376343, 94.5566940308, 68.8246536255, 30.1518516541, -4.28227853775, -10.0231075287, -23.0962677002, -20.0371303558], [-13.0730991364, -132.517944336, -124.750976562, -7.83722400665, 34.2523727417, 94.5566940308, 156.146972656, 120.501937866, 70.0269165039, 28.4234275818, -5.44343852997, -24.199842453, -39.1046180725], [-62.733795166, 21.1564254761, -85.8517379761, -143.2734375, 19.407087326, 68.8246536255, 120.501937866, 205.489852905, 133.735519409, 63.538608551, 22.25299263, -35.9446792603, -49.0451202393], [-3.25734829903, 19.6973266602, -66.5702590942, -133.923309326, -46.6740684509, 30.1518516541, 70.0269165039, 133.735519409, 164.318023682, 100.093788147, 38.8145446777, -18.7796401978, -44.6047935486], [-75.2196044922, -49.8881072998, -50.3649902344, -90.2746276855, -48.8847618103, -4.28227853775, 28.4234275818, 63.538608551, 100.093788147, 114.367210388, 74.75831604, 15.0009117126, -7.22154378891], [-204.237442017, -128.693191528, -8.91685771942, -50.1244239807, -31.0310440063, -10.0231075287, -5.44343852997, 22.25299263, 38.8145446777, 74.75831604, 104.1769104, 60.3819656372, 28.7656116486], [-154.022003174, -170.091567993, 7.18242502213, 32.6575698853, -23.7757873535, -23.0962677002, -24.199842453, -35.9446792603, -18.7796401978, 15.0009117126, 60.3819656372, 90.0289535522, 66.1146774292], [-175.440917969, -121.883750916, 26.3617572784, 25.4437427521, -7.56853914261, -20.0371303558, -39.1046180725, -49.0451202393, -44.6047935486, -7.22154378891, 28.7656116486, 66.1146774292, 100.561172485]],
