{
"lowlevel": {
    "average_loudness": 0.324564933777,
    "barkbands_crest": {
        "dmean": 2.32242631912,
        "dmean2": 3.57874703407,
        "dvar": 6.53754472733,
        "dvar2": 16.3067703247,
        "max": 20.736618042,
        "mean": 7.41512060165,
        "median": 6.36083602905,
        "min": 2.22433996201,
        "var": 15.0513792038
    },
    "barkbands_flatness_db": {
        "dmean": 0.0198820978403,
        "dmean2": 0.0332187488675,
        "dvar": 0.000398324016714,
        "dvar2": 0.0010613349732,
        "max": 0.249171316624,
        "mean": 0.0926415622234,
        "median": 0.0829916894436,
        "min": 0.028980333358,
        "var": 0.00198158901185
    },
    "barkbands_kurtosis": {
        "dmean": 2.39193487167,
        "dmean2": 3.83231902122,
        "dvar": 8.81898403168,
        "dvar2": 19.1378002167,
        "max": 24.3725814819,
        "mean": 2.90109610558,
        "median": 1.19435787201,
        "min": -1.7602584362,
        "var": 27.9657859802
    },
    "barkbands_skewness": {
        "dmean": 0.608248114586,
        "dmean2": 0.942305266857,
        "dvar": 0.3259075284,
        "dvar2": 0.753676593304,
        "max": 4.21125555038,
        "mean": -0.232492402196,
        "median": -0.498528063297,
        "min": -4.20185804367,
        "var": 2.33497977257
    },
    "barkbands_spread": {
        "dmean": 9.66371440887,
        "dmean2": 15.5814762115,
        "dvar": 131.246444702,
        "dvar2": 267.093078613,
        "max": 95.047088623,
        "mean": 30.3886413574,
        "median": 27.5916194916,
        "min": 5.12078237534,
        "var": 433.355163574
    },
    "dissonance": {
        "dmean": 0.00904891546816,
        "dmean2": 0.0157911777496,
        "dvar": 0.000215304084122,
        "dvar2": 0.00056145520648,
        "max": 0.49997740984,
        "mean": 0.482351541519,
        "median": 0.493362039328,
        "min": 0.377742826939,
        "var": 0.000697767245583
    },
    "dynamic_complexity": 10.0296764374,
    "erbbands_crest": {
        "dmean": 2.42725300789,
        "dmean2": 3.91564249992,
        "dvar": 6.77432250977,
        "dvar2": 15.3879871368,
        "max": 25.5065956116,
        "mean": 9.22389411926,
        "median": 8.04611301422,
        "min": 3.32866382599,
        "var": 24.938999176
    },
    "erbbands_flatness_db": {
        "dmean": 0.0201593153179,
        "dmean2": 0.0323118455708,
        "dvar": 0.000360402540537,
        "dvar2": 0.000811373291072,
        "max": 0.272909581661,
        "mean": 0.168764829636,
        "median": 0.164544388652,
        "min": 0.099169023335,
        "var": 0.00139468663838
    },
    "erbbands_kurtosis": {
        "dmean": 1.83265578747,
        "dmean2": 2.88508963585,
        "dvar": 6.26239919662,
        "dvar2": 13.6951999664,
        "max": 22.5872745514,
        "mean": 2.8031103611,
        "median": 1.12364220619,
        "min": -1.30011546612,
        "var": 17.8390350342
    },
    "erbbands_skewness": {
        "dmean": 0.412202894688,
        "dmean2": 0.635940313339,
        "dvar": 0.207260042429,
        "dvar2": 0.554370760918,
        "max": 3.33984732628,
        "mean": -0.402440458536,
        "median": -0.411632418633,
        "min": -3.12453269958,
        "var": 1.45593428612
    },
    "erbbands_spread": {
        "dmean": 6.51298189163,
        "dmean2": 10.3543367386,
        "dvar": 58.9313468933,
        "dvar2": 116.366233826,
        "max": 74.3122940063,
        "mean": 24.1750965118,
        "median": 21.6620330811,
        "min": 3.52012586594,
        "var": 149.399047852
    },
    "hfc": {
        "dmean": 4.58134317398,
        "dmean2": 7.03815317154,
        "dvar": 425.697174072,
        "dvar2": 744.664428711,
        "max": 203.996704102,
        "mean": 7.84891366959,
        "median": 0.494059324265,
        "min": 0.00316588697024,
        "var": 815.68536377
    },
    "melbands_crest": {
        "dmean": 3.40099096298,
        "dmean2": 5.64892625809,
        "dvar": 12.0835037231,
        "dvar2": 29.3110694885,
        "max": 25.7244415283,
        "mean": 9.25174808502,
        "median": 7.60571479797,
        "min": 2.34543037415,
        "var": 29.223657608
    },
    "melbands_flatness_db": {
        "dmean": 0.0175745468587,
        "dmean2": 0.0288902688771,
        "dvar": 0.000448325881734,
        "dvar2": 0.000916679739021,
        "max": 0.302041232586,
        "mean": 0.0920153781772,
        "median": 0.0610789991915,
        "min": 0.0153669966385,
        "var": 0.00566737959161
    },
    "melbands_kurtosis": {
        "dmean": 2.16207766533,
        "dmean2": 3.56925415993,
        "dvar": 10.7163000107,
        "dvar2": 25.6988677979,
        "max": 33.3407859802,
        "mean": 2.31607317924,
        "median": -0.0630546808243,
        "min": -1.78028225899,
        "var": 38.20860672
    },
    "melbands_skewness": {
        "dmean": 0.5968760252,
        "dmean2": 0.925728738308,
        "dvar": 0.289487361908,
        "dvar2": 0.608768582344,
        "max": 3.75610160828,
        "mean": 0.541947960854,
        "median": 0.445113122463,
        "min": -2.79898405075,
        "var": 1.517988801
    },
    "melbands_spread": {
        "dmean": 16.0156364441,
        "dmean2": 25.9368267059,
        "dvar": 309.834503174,
        "dvar2": 761.42956543,
        "max": 148.834197998,
        "mean": 70.3699417114,
        "median": 76.9272613525,
        "min": 4.04984807968,
        "var": 1613.2989502
    },
    "pitch_salience": {
        "dmean": 0.0664418190718,
        "dmean2": 0.106988132,
        "dvar": 0.00463127298281,
        "dvar2": 0.0116388527676,
        "max": 0.874552726746,
        "mean": 0.670998692513,
        "median": 0.694257497787,
        "min": 0.23123434186,
        "var": 0.0116281639785
    },
    "silence_rate_20dB": {
        "dmean": 0.0125786159188,
        "dmean2": 0.0189873408526,
        "dvar": 0.0124203646556,
        "dvar2": 0.0312850214541,
        "max": 1,
        "mean": 0.993749976158,
        "median": 1,
        "min": 0,
        "var": 0.0062109157443
    },
    "silence_rate_30dB": {
        "dmean": 0.00628930795938,
        "dmean2": 0.0126582281664,
        "dvar": 0.00624977471307,
        "dvar2": 0.0124979829416,
        "max": 1,
        "mean": 0.981249988079,
        "median": 1,
        "min": 0,
        "var": 0.0183985400945
    },
    "silence_rate_60dB": {
        "dmean": 0.044025156647,
        "dmean2": 0.0886075943708,
        "dvar": 0.0420869812369,
        "dvar2": 0.0934146344662,
        "max": 1,
        "mean": 0.862500011921,
        "median": 1,
        "min": 0,
        "var": 0.118593558669
    },
    "spectral_centroid": {
        "dmean": 225.56149292,
        "dmean2": 354.927124023,
        "dvar": 73168.2578125,
        "dvar2": 129072.984375,
        "max": 4446.32373047,
        "mean": 2906.41723633,
        "median": 3374.09228516,
        "min": 500.598175049,
        "var": 1515805.75
    },
    "spectral_complexity": {
        "dmean": 1.63522017002,
        "dmean2": 2.19620251656,
        "dvar": 22.3071250916,
        "dvar2": 33.0057754517,
        "max": 60,
        "mean": 3.86875009537,
        "median": 0,
        "min": 0,
        "var": 96.4262542725
    },
    "spectral_decrease": {
        "dmean": 8.39309788336e-10,
        "dmean2": 9.95644011681e-10,
        "dvar": 2.21937223647e-17,
        "dvar2": 3.6300056867e-17,
        "max": -8.87032011428e-14,
        "mean": -1.834373764e-09,
        "median": -2.85796282473e-11,
        "min": -9.14076991876e-08,
        "var": 1.03534815759e-16
    },
    "spectral_energy": {
        "dmean": 0.00356858712621,
        "dmean2": 0.00437927432358,
        "dvar": 0.000351704191417,
        "dvar2": 0.000571793934796,
        "max": 0.3584395051,
        "mean": 0.00763525301591,
        "median": 0.00015628116671,
        "min": 6.21942149337e-07,
        "var": 0.00161325954832
    },
    "spectral_energyband_high": {
        "dmean": 0.000382077618269,
        "dmean2": 0.000589375908021,
        "dvar": 3.02599778479e-06,
        "dvar2": 5.77992432227e-06,
        "max": 0.0182508621365,
        "mean": 0.000497573520988,
        "median": 3.80203564418e-05,
        "min": 5.36853974609e-07,
        "var": 4.20304286308e-06
    },
    "spectral_energyband_low": {
        "dmean": 4.93020597787e-05,
        "dmean2": 5.52264791622e-05,
        "dvar": 2.48404774084e-07,
        "dvar2": 2.45011790412e-07,
        "max": 0.00655555585399,
        "mean": 5.01831164001e-05,
        "median": 1.30207956772e-06,
        "min": 5.25816989949e-09,
        "var": 2.6821675192e-07
    },
    "spectral_energyband_middle_high": {
        "dmean": 0.000801670830697,
        "dmean2": 0.000969827815425,
        "dvar": 1.10512028186e-05,
        "dvar2": 2.10520774999e-05,
        "max": 0.0376901179552,
        "mean": 0.00117547553964,
        "median": 4.79081500089e-05,
        "min": 6.64840911213e-08,
        "var": 2.01431939786e-05
    },
    "spectral_energyband_middle_low": {
        "dmean": 0.00248808250763,
        "dmean2": 0.00294073461555,
        "dvar": 0.000282241933746,
        "dvar2": 0.000444598786999,
        "max": 0.330071806908,
        "mean": 0.00596106750891,
        "median": 2.33657101489e-05,
        "min": 1.08263362719e-08,
        "var": 0.00136427092366
    },
    "spectral_entropy": {
        "dmean": 0.127200886607,
        "dmean2": 0.20041897893,
        "dvar": 0.0178311727941,
        "dvar2": 0.0405303873122,
        "max": 8.47076225281,
        "mean": 7.90882873535,
        "median": 8.01939201355,
        "min": 6.83178091049,
        "var": 0.17693656683
    },
    "spectral_flux": {
        "dmean": 0.0082864491269,
        "dmean2": 0.0103982314467,
        "dvar": 0.000691559689585,
        "dvar2": 0.000936885538977,
        "max": 0.564104318619,
        "mean": 0.0270357839763,
        "median": 0.00848720036447,
        "min": 0.00170464243274,
        "var": 0.00413232995197
    },
    "spectral_kurtosis": {
        "dmean": 1.41865038872,
        "dmean2": 2.31116867065,
        "dvar": 4.91466712952,
        "dvar2": 10.7918758392,
        "max": 26.7771320343,
        "mean": 5.41733694077,
        "median": 4.11900424957,
        "min": 1.39044713974,
        "var": 14.1658906937
    },
    "spectral_rms": {
        "dmean": 0.000328450609231,
        "dmean2": 0.000399087293772,
        "dvar": 7.51000015953e-07,
        "dvar2": 1.02773913113e-06,
        "max": 0.0187001898885,
        "mean": 0.00112167920452,
        "median": 0.000390473171137,
        "min": 2.46327599598e-05,
        "var": 6.19086631559e-06
    },
    "spectral_rolloff": {
        "dmean": 1172.67944336,
        "dmean2": 1925.17736816,
        "dvar": 1889130.625,
        "dvar2": 4048028.75,
        "max": 10938.8671875,
        "mean": 5300.80175781,
        "median": 5243.33496094,
        "min": 430.6640625,
        "var": 8547371
    },
    "spectral_skewness": {
        "dmean": 0.174465149641,
        "dmean2": 0.269008606672,
        "dvar": 0.0466368198395,
        "dvar2": 0.0935014858842,
        "max": 3.49719977379,
        "mean": 1.62484776974,
        "median": 1.41576528549,
        "min": 0.858009278774,
        "var": 0.293512970209
    },
    "spectral_spread": {
        "dmean": 529698.3125,
        "dmean2": 842980.3125,
        "dvar": 370881658880,
        "dvar2": 615471710208,
        "max": 10197084,
        "mean": 4888081.5,
        "median": 4882747,
        "min": 2041595.375,
        "var": 1.16415725568e+12
    },
    "spectral_strongpeak": {
        "dmean": 0.243224620819,
        "dmean2": 0.390824943781,
        "dvar": 0.158689707518,
        "dvar2": 0.36500158906,
        "max": 4.06348180771,
        "mean": 0.348078668118,
        "median": 0.144218415022,
        "min": 0,
        "var": 0.342208772898
    },
    "zerocrossingrate": {
        "dmean": 0.0171666182578,
        "dmean2": 0.021910848096,
        "dvar": 0.000290890107863,
        "dvar2": 0.00037911804975,
        "max": 0.2939453125,
        "mean": 0.175982668996,
        "median": 0.201416015625,
        "min": 0.01611328125,
        "var": 0.00566861219704
    },
    "barkbands": {
        "dmean": [5.22911432199e-06, 1.36560458941e-06, 1.6324880562e-05, 0.000104317303339, 0.00202107452787, 0.000814865517896, 0.000699440424796, 0.000179073773324, 0.000109286498628, 0.000117429000966, 4.95005333505e-05, 0.000105521692603, 0.000107005929749, 0.000117262658023, 3.69634362869e-05, 0.000126443381305, 7.31198015274e-05, 5.72474018554e-05, 0.000108600972453, 0.000123053076095, 9.66250590864e-05, 2.87862003461e-05, 3.43525898643e-05, 4.76246459584e-05, 8.20629211375e-05, 4.57104179077e-05, 7.06920900484e-06],
        "dmean2": [9.60024499363e-06, 1.08704523427e-06, 1.77078654815e-05, 0.000110243861855, 0.00210067164153, 0.00158614094835, 0.000580443127546, 0.00020168570336, 0.000149967119796, 0.000140376781928, 8.54593308759e-05, 0.000147243423271, 0.000158924318384, 0.000189009035239, 4.85005402879e-05, 0.00019454631547, 8.40301800054e-05, 6.83912148816e-05, 0.000152811669977, 0.000178302972927, 0.000133723850013, 3.90632594645e-05, 5.27166303073e-05, 7.33703564038e-05, 0.000128716070321, 7.77781897341e-05, 1.20316317407e-05],
        "dvar": [6.70717023588e-11, 7.90686058294e-11, 3.04016296582e-08, 7.97350764969e-07, 0.00016810267698, 4.24536847277e-05, 3.5184166336e-05, 1.28696513002e-06, 2.15919058633e-07, 3.46378214999e-07, 4.79610555715e-08, 2.5537900683e-07, 3.66038221955e-07, 3.46782172755e-07, 2.97511792979e-08, 6.14618727468e-07, 1.1262844879e-07, 6.37944381765e-08, 2.26990593433e-07, 2.27762868121e-07, 1.85266927133e-07, 1.51936863091e-08, 2.36726815928e-08, 4.66265674959e-08, 2.29390849427e-07, 7.34437932692e-08, 2.15273243676e-09],
        "dvar2": [2.11831135966e-10, 4.40213768216e-11, 3.00585263346e-08, 6.21020717517e-07, 0.000303546228679, 0.000100899284007, 1.74746419361e-05, 1.68886322172e-06, 4.34760664803e-07, 4.05195464737e-07, 1.01571536959e-07, 4.99626196415e-07, 9.16798001072e-07, 8.21817764063e-07, 5.45309255529e-08, 1.56746125413e-06, 1.69970022057e-07, 1.11403139158e-07, 4.38299508687e-07, 4.37182023916e-07, 2.95513473247e-07, 2.685397682e-08, 4.04484978844e-08, 9.27302039599e-08, 5.64374317946e-07, 1.97302881588e-07, 5.88846882366e-09],
        "max": [5.81991771469e-05, 0.000164684242918, 0.00229159975424, 0.0128337796777, 0.186495259404, 0.0927486792207, 0.102621726692, 0.0201797969639, 0.00568430870771, 0.00842754170299, 0.00239817798138, 0.00655917916447, 0.00710126198828, 0.00516786146909, 0.00206872541457, 0.00865070614964, 0.0043813046068, 0.00337616959587, 0.00595572590828, 0.00416364520788, 0.00531073985621, 0.00156303972472, 0.00179978669621, 0.00234864791855, 0.00515410676599, 0.0027183808852, 0.000468441256089],
        "mean": [4.07126253776e-06, 1.99829923986e-06, 1.66773188539e-05, 0.000109386244731, 0.00259997975081, 0.00155751616694, 0.00105567881837, 0.000326339970343, 0.000209090212593, 0.00025071753771, 7.29050298105e-05, 0.000140290329, 0.000118900279631, 0.000128817147925, 6.48095810902e-05, 0.000122340527014, 0.000108766755147, 7.79995825724e-05, 0.000123612640891, 0.000142131262692, 0.000126217259094, 3.75121016987e-05, 4.35031433881e-05, 6.2024257204e-05, 9.01057210285e-05, 3.73723814846e-05, 6.02245108894e-06],
        "median": [1.50796518028e-06, 1.65316947687e-07, 9.67084048398e-08, 2.13760586121e-07, 1.93531354853e-06, 4.56863563159e-06, 1.33481876219e-06, 3.09667984766e-06, 3.17197736877e-06, 3.01372165268e-06, 2.39558971771e-06, 2.18727177526e-06, 2.29348756875e-06, 3.40249516739e-06, 3.25703763338e-06, 2.1014163849e-06, 1.93223922906e-06, 4.26975930168e-06, 5.9259336922e-06, 1.14347622002e-05, 1.00977913462e-05, 2.6241091291e-06, 2.79245114143e-06, 2.59741227637e-06, 3.25230394083e-06, 7.14393650014e-07, 5.05185994371e-07],
        "min": [1.02629835186e-10, 1.8530289525e-09, 2.25110774466e-09, 2.07487960147e-09, 4.03656885695e-09, 3.91328791594e-09, 4.17527956653e-10, 1.1619002982e-10, 2.14011919297e-10, 1.3128871601e-10, 1.67672964402e-09, 3.16989723359e-09, 2.10485673335e-09, 4.86383910925e-09, 3.81616682699e-10, 1.10323894464e-09, 3.34697336513e-09, 1.50108192543e-08, 2.18851337053e-08, 3.07277403522e-08, 2.5205089571e-08, 2.22501643776e-08, 5.3091588903e-09, 1.02991100093e-08, 1.24427330661e-08, 4.95085172858e-09, 1.11473976716e-08],
        "var": [5.35709705762e-11, 2.10686620927e-10, 3.27161515656e-08, 1.05358572e-06, 0.000298995699268, 0.000110892135126, 7.15721835149e-05, 3.47393142874e-06, 7.33313413548e-07, 1.1316896007e-06, 8.03883182243e-08, 4.17890390736e-07, 3.9270724983e-07, 3.62494262163e-07, 6.19968005822e-08, 5.21882270732e-07, 2.2812962186e-07, 1.03849387756e-07, 3.07022133939e-07, 3.0566809528e-07, 2.97320042364e-07, 2.29023093823e-08, 3.52591875696e-08, 6.45230073815e-08, 2.11695166286e-07, 5.33542170444e-08, 1.48242229603e-09]
    },
    "erbbands": {
        "dmean": [3.8380821934e-05, 0.0006096662255, 0.0140885198489, 0.183853089809, 1.67188358307, 11.9338445663, 3.22916126251, 7.43749523163, 11.3353090286, 6.17018127441, 2.91235494614, 2.95894837379, 4.92605447769, 2.04520559311, 2.27419900894, 4.31198692322, 6.2909245491, 6.23836374283, 2.09003710747, 4.34350061417, 5.92803764343, 3.8940103054, 4.14616775513, 5.75300312042, 4.06505680084, 5.20729207993, 5.75981140137, 2.84649205208, 1.16483259201, 0.924211680889, 0.902382493019, 0.76642459631, 0.98522567749, 0.994708776474, 0.566166698933, 0.338209539652, 0.0346070826054, 0.00657818512991, 0.00116546323989, 7.43077034713e-05],
        "dmean2": [5.40701294085e-05, 0.000491172249895, 0.0139195844531, 0.175345137715, 2.03499341011, 12.0708303452, 2.93758702278, 14.5998506546, 6.95807743073, 7.10672044754, 3.71358060837, 5.01046562195, 5.75502872467, 2.62228035927, 3.50059986115, 5.5879817009, 9.2084980011, 10.4180498123, 2.64041042328, 7.11508131027, 7.74284172058, 4.50861310959, 5.75464582443, 9.05797576904, 5.88867425919, 7.79403972626, 8.12651157379, 3.84824109077, 1.54311394691, 1.48877191544, 1.38472616673, 1.14586615562, 1.52883028984, 1.54120361805, 0.905072271824, 0.572839975357, 0.0557309053838, 0.0105084534734, 0.00195122533478, 0.0001242338476],
        "dvar": [1.88637212517e-08, 2.33893715631e-05, 0.0199890825897, 2.28584361076, 109.520111084, 6289.55957031, 387.797790527, 3082.72314453, 8404.77636719, 2552.75244141, 194.511428833, 171.220855713, 603.309692383, 59.6108970642, 115.369827271, 462.715515137, 1339.92419434, 1020.22491455, 74.5047988892, 768.870544434, 1050.59753418, 306.760955811, 475.911987305, 866.461486816, 299.670379639, 402.899963379, 462.379272461, 157.154586792, 24.2777843475, 19.1961708069, 17.3714542389, 10.3721227646, 23.5139064789, 29.934967041, 10.8462314606, 3.68853187561, 0.0448865182698, 0.00168442446738, 5.58143728995e-05, 2.27970687661e-07],
        "dvar2": [2.05912442652e-08, 9.97064853436e-06, 0.017209533602, 1.5447063446, 187.311233521, 11004.2939453, 243.589813232, 7911.76367188, 4501.16601562, 3230.99511719, 298.442993164, 448.870056152, 684.016296387, 88.2527618408, 248.8412323, 927.638427734, 3343.56298828, 2369.12280273, 117.391723633, 2038.06445312, 2270.74951172, 477.470092773, 1039.37426758, 2080.24047852, 485.678894043, 783.872131348, 729.198547363, 256.75189209, 41.2975349426, 34.1030044556, 29.7144737244, 20.958562851, 47.1049194336, 73.991065979, 27.2503986359, 9.8085269928, 0.114485859871, 0.00441453000531, 0.000149932238855, 6.2454472527e-07],
        "max": [0.00268626492471, 0.0847507119179, 1.99760317802, 23.8100910187, 193.241989136, 1041.07519531, 430.425598145, 804.427856445, 1735.47558594, 731.052368164, 277.567321777, 131.411712646, 346.217773438, 106.367446899, 113.951187134, 286.751464844, 431.311431885, 294.253356934, 97.1330566406, 293.941467285, 392.085754395, 224.748199463, 265.046966553, 333.473236084, 203.217376709, 194.445556641, 233.301605225, 156.178283691, 63.549118042, 47.6597633362, 48.5859260559, 35.5250701904, 52.5792503357, 59.027759552, 35.28490448, 19.1557006836, 2.22516322136, 0.426853001118, 0.0762367770076, 0.00482114311308],
        "mean": [6.20984355919e-05, 0.000840219669044, 0.0157807823271, 0.223866313696, 3.21304750443, 13.6468248367, 6.3638176918, 14.0609922409, 19.0788860321, 9.77229118347, 6.66552209854, 4.78831195831, 8.73410987854, 4.5903301239, 3.52630352974, 6.03288888931, 6.892557621, 6.69812774658, 4.01891994476, 4.43363761902, 7.02009105682, 5.82552242279, 4.75705623627, 6.26220417023, 5.44093847275, 6.06574296951, 7.17078256607, 3.58232545853, 1.49717891216, 1.2530605793, 1.18396282196, 1.04633927345, 1.24063014984, 1.09740889072, 0.586236000061, 0.282466858625, 0.0311977230012, 0.00582064408809, 0.000984318903647, 7.26283396943e-05],
        "median": [1.45617696035e-05, 2.41272100538e-05, 9.00751911104e-05, 0.000522518646903, 0.0046102409251, 0.00652046035975, 0.0191322062165, 0.0368172302842, 0.0298902504146, 0.0545357391238, 0.0540741756558, 0.0601943805814, 0.0891293734312, 0.0916416794062, 0.123469933867, 0.0920571610332, 0.11591912061, 0.200080275536, 0.139634609222, 0.145515680313, 0.122583076358, 0.121243610978, 0.200700283051, 0.313039660454, 0.311534911394, 0.541153609753, 0.507714033127, 0.283939003944, 0.112112045288, 0.0953401178122, 0.0721808075905, 0.0414020046592, 0.0524648651481, 0.0305470153689, 0.0209749639034, 0.00743098463863, 0.000621457467787, 0.000148136197822, 5.74303921894e-05, 1.01362920759e-05],
        "min": [3.99935764506e-08, 4.803642355e-07, 2.2439123768e-06, 5.32817875865e-06, 9.1704132501e-06, 1.33088224175e-05, 2.97638034681e-05, 2.88574156002e-05, 9.53125436354e-06, 3.46933870787e-06, 2.83744566332e-06, 4.77113371744e-06, 5.1762926887e-06, 1.28360425151e-05, 0.000110241264338, 0.000124770449474, 0.000103410420706, 0.000230856021517, 8.05880627013e-05, 5.07070835738e-05, 9.127206431e-05, 0.000184667878784, 0.000496727006976, 0.000938242068514, 0.00132863654289, 0.00168774637859, 0.00104409561027, 0.00105332757812, 0.000800637411885, 0.000389843480662, 0.000138735864311, 0.000169730483321, 0.000190723556443, 7.93162180344e-05, 0.000110391680209, 3.5560780816e-05, 4.4315715968e-06, 3.25219048136e-06, 1.77152764991e-06, 1.89446410559e-07],
        "var": [7.39435108699e-08, 4.96417742397e-05, 0.025103840977, 3.71999406815, 418.709625244, 8982.18457031, 1725.30981445, 8406.13867188, 24291.1210938, 3671.14111328, 1108.49365234, 404.900726318, 1707.42895508, 250.788696289, 174.730667114, 788.38293457, 1420.55786133, 1023.86456299, 219.987350464, 609.512939453, 1267.43859863, 625.877380371, 540.741271973, 863.799438477, 531.912658691, 545.373046875, 773.833557129, 248.831817627, 37.8751678467, 27.3371391296, 25.7253227234, 15.2711181641, 30.4981689453, 28.7426452637, 9.5947933197, 2.74906492233, 0.0366107262671, 0.00130150816403, 4.00258977606e-05, 1.60057084031e-07]
    },
    "gfcc": {
        "mean": [-207.538284302, -12.2217578888, -131.812698364, 8.47153091431, -70.6406707764, -8.49680233002, -37.2060813904, -0.949394404888, -32.7966003418, 3.90465354919, -8.37556171417, -5.12481403351, -2.20056200027],
        "cov": [[13830.2441406, 840.210083008, -1707.96618652, -844.629333496, -1220.0111084, -47.489780426, -1808.49743652, -71.3978042603, -592.857849121, -458.362213135, -768.82824707, -27.4255657196, -188.444656372], [840.210083008, 3281.11230469, 115.274642944, -1305.68823242, -212.051864624, -552.063232422, -208.025817871, -403.137298584, 266.816040039, -225.951553345, 73.5269775391, -30.7741584778, 6.21822738647], [-1707.96618652, 115.274642944, 419.785217285, 83.7260513306, 164.695053101, -50.0321655273, 243.285568237, -42.9663467407, 57.3954277039, 62.6844787598, 92.4897155762, -9.13184547424, 8.73189735413], [-844.629333496, -1305.68823242, 83.7260513306, 863.75982666, 187.187149048, 201.747146606, 158.406188965, 90.8342971802, -162.569885254, 90.9382400513, -16.974779129, -3.8782851696, 15.640835762], [-1220.0111084, -212.051864624, 164.695053101, 187.187149048, 250.805969238, 31.635843277, 208.047805786, 42.5363845825, 63.154838562, 25.1960830688, 63.9906158447, 10.5940580368, 3.00144910812], [-47.489780426, -552.063232422, -50.0321655273, 201.747146606, 31.635843277, 168.537353516, 30.4705963135, 66.0422897339, -42.1753807068, 42.3282089233, -16.4276866913, 0.610869765282, 2.461789608], [-1808.49743652, -208.025817871, 243.285568237, 158.406188965, 208.047805786, 30.4705963135, 348.842987061, 18.7777404785, 76.8882675171, 76.2148971558, 107.206413269, -15.8977651596, 18.3867282867], [-71.3978042603, -403.137298584, -42.9663467407, 90.8342971802, 42.5363845825, 66.0422897339, 18.7777404785, 155.325820923, 34.0063743591, 17.0636444092, -0.240731060505, 11.3697719574, -9.53002738953], [-592.857849121, 266.816040039, 57.3954277039, -162.569885254, 63.154838562, -42.1753807068, 76.8882675171, 34.0063743591, 163.714767456, -1.27594769001, 56.3048095703, 26.7064819336, 13.3578701019], [-458.362213135, -225.951553345, 62.6844787598, 90.9382400513, 25.1960830688, 42.3282089233, 76.2148971558, 17.0636444092, -1.27594769001, 83.8355789185, 38.4435577393, -0.205543234944, 12.1954984665], [-768.82824707, 73.5269775391, 92.4897155762, -16.974779129, 63.9906158447, -16.4276866913, 107.206413269, -0.240731060505, 56.3048095703, 38.4435577393, 99.8096389771, 4.02905750275, 14.396569252], [-27.4255657196, -30.7741584778, -9.13184547424, -3.8782851696, 10.5940580368, 0.610869765282, -15.8977651596, 11.3697719574, 26.7064819336, -0.205543234944, 4.02905750275, 48.8739776611, 17.5802650452], [-188.444656372, 6.21822738647, 8.73189735413, 15.640835762, 3.00144910812, 2.461789608, 18.3867282867, -9.53002738953, 13.3578701019, 12.1954984665, 14.396569252, 17.5802650452, 51.5057449341]],
        "icov": [[0.000385588122299, -0.000236594234593, 0.000727097212803, 3.74838346033e-05, 0.000155722664203, -0.000120423072076, 0.000786933873314, -0.000434560352005, 0.000798283668701, -0.000303679902572, 0.00110438768752, -0.000200603026315, 0.000564674381167], [-0.000236594234593, 0.00291623477824, -0.00126735633239, 0.00211221212521, -0.000871896452736, 0.00283401855268, 0.00148933322635, 0.00474970927462, -0.00343690253794, 0.0029197584372, -0.00206363992766, 0.00392763502896, -0.00194552505855], [0.000727097212803, -0.00126735633239, 0.00699710100889, -0.000819165201392, -0.00120018678717, 0.00167062459514, -0.00145027332474, -0.000461010291474, 0.00221035955474, -0.00442194240168, 0.00266133900732, -0.00165090465453, 0.00259167118929], [3.74838346033e-05, 0.00211221212521, -0.000819165201392, 0.00511980801821, -0.00337036349811, 0.000885450746864, 0.000987760373391, 0.00174592202529, 0.0026299264282, 0.000633468618616, 0.000233802231378, 0.0018409016775, -0.00293496926315], [0.000155722664203, -0.000871896452736, -0.00120018678717, -0.00337036349811, 0.0131803490222, -0.00200755312108, -0.00559774274006, -0.0020945079159, -0.0023587339092, 0.00570932589471, -0.00167784234509, -0.00523452088237, 0.00435614446178], [-0.000120423072076, 0.00283401855268, 0.00167062459514, 0.000885450746864, -0.00200755312108, 0.014781543985, 0.0001354990236, 0.00174102117307, -0.00143757776823, -0.00284010684118, 0.00123824796174, 0.00342275807634, -0.00211967574432], [0.000786933873314, 0.00148933322635, -0.00145027332474, 0.000987760373391, -0.00559774274006, 0.0001354990236, 0.0140572171658, 0.0032623920124, -0.00382985826582, -0.00225165043958, -0.00198357598856, 0.0093839392066, -0.00257170828991], [-0.000434560352005, 0.00474970927462, -0.000461010291474, 0.00174592202529, -0.0020945079159, 0.00174102117307, 0.0032623920124, 0.0186636615545, -0.011655532755, 0.00290772900917, -0.00285090645775, 0.00632038386539, 0.000686032522935], [0.000798283668701, -0.00343690253794, 0.00221035955474, 0.0026299264282, -0.0023587339092, -0.00143757776823, -0.00382985826582, -0.011655532755, 0.0227533131838, -0.00221307948232, 0.000941095873713, -0.0115806721151, -0.00010823935736], [-0.000303679902572, 0.0029197584372, -0.00442194240168, 0.000633468618616, 0.00570932589471, -0.00284010684118, -0.00225165043958, 0.00290772900917, -0.00221307948232, 0.0273527950048, -0.0108811790124, 0.00164827459957, -0.00318520376459], [0.00110438768752, -0.00206363992766, 0.00266133900732, 0.000233802231378, -0.00167784234509, 0.00123824796174, -0.00198357598856, -0.00285090645775, 0.000941095873713, -0.0108811790124, 0.0247475672513, -0.00248812208883, 0.000251133140409], [-0.000200603026315, 0.00392763502896, -0.00165090465453, 0.0018409016775, -0.00523452088237, 0.00342275807634, 0.0093839392066, 0.00632038386539, -0.0115806721151, 0.00164827459957, -0.00248812208883, 0.0364232584834, -0.0126499123871], [0.000564674381167, -0.00194552505855, 0.00259167118929, -0.00293496926315, 0.00435614446178, -0.00211967574432, -0.00257170828991, 0.000686032522935, -0.00010823935736, -0.00318520376459, 0.000251133140409, -0.0126499123871, 0.0280903372914]]
    },
    "melbands": {
        "dmean": [4.91561593208e-07, 4.45298201157e-06, 5.51761477254e-05, 0.00052608520491, 0.000131154607516, 0.000167302991031, 0.000158059148816, 6.23766391072e-05, 1.86319757631e-05, 1.76828853e-05, 2.46491508733e-05, 8.61043008626e-06, 6.36864797343e-06, 9.74377326202e-06, 1.37043680297e-05, 1.24516245705e-05, 1.13177256935e-05, 3.64105585504e-06, 4.19611205871e-06, 8.24564813229e-06, 6.67103995511e-06, 4.11917835663e-06, 3.42708358403e-06, 3.26553686136e-06, 5.38586755283e-06, 2.88061210085e-06, 2.9952980185e-06, 3.73997113456e-06, 4.42777263743e-06, 2.15283876059e-06, 1.41028795042e-06, 6.51942002605e-07, 4.9758205023e-07, 5.63315097679e-07, 5.15281897151e-07, 4.95013864565e-07, 4.83090218495e-07, 6.14368161678e-07, 1.01157286281e-06, 7.6941057614e-07],
        "dmean2": [6.9590549856e-07, 4.52505310022e-06, 4.77664689242e-05, 0.000546977273189, 0.000163858931046, 0.000327242567437, 9.51797628659e-05, 7.21102624084e-05, 2.65919006779e-05, 2.75400307146e-05, 2.79944306385e-05, 1.10829232653e-05, 1.09570801214e-05, 1.3118534298e-05, 1.90905357158e-05, 1.90775645024e-05, 1.88239901036e-05, 5.25977338839e-06, 6.16943771092e-06, 1.41458067446e-05, 9.10539711185e-06, 5.00963187733e-06, 4.66551728096e-06, 4.19898560722e-06, 8.9361328719e-06, 4.69006999992e-06, 4.36828077e-06, 5.81261383559e-06, 6.51714708511e-06, 2.89997183245e-06, 2.00431827579e-06, 8.92863170066e-07, 8.01655801297e-07, 8.98960706763e-07, 8.21107732918e-07, 7.45279749026e-07, 7.06858031663e-07, 1.00581769402e-06, 1.61401999321e-06, 1.17174067782e-06],
        "dvar": [2.49025973453e-12, 2.17650120149e-09, 1.73605485543e-07, 1.15529646791e-05, 6.57363102619e-07, 1.77010542757e-06, 1.57074236995e-06, 2.42304793119e-07, 8.53347525975e-09, 6.49181020052e-09, 1.43245726392e-08, 9.88598869434e-10, 8.85287287922e-10, 2.01994243554e-09, 5.69147218243e-09, 4.74286165897e-09, 3.18320725334e-09, 2.37391106772e-10, 4.63643040627e-10, 3.21568216499e-09, 1.21575882694e-09, 3.49045403691e-10, 2.96551838641e-10, 2.12725406734e-10, 8.45135017524e-10, 1.59390889376e-10, 1.82038148444e-10, 2.16661799612e-10, 2.72718403416e-10, 9.14229178473e-11, 4.17321455171e-11, 8.73531282031e-12, 4.4454236299e-12, 7.01400873146e-12, 6.46897899831e-12, 3.7791362921e-12, 4.0999525823e-12, 8.40562081744e-12, 3.26815900731e-11, 1.66170948529e-11],
        "dvar2": [2.2222471259e-12, 1.9720436395e-09, 8.38972340489e-08, 2.08023466257e-05, 1.04977914361e-06, 4.20416745328e-06, 8.11505231013e-07, 3.36614135676e-07, 1.33248532208e-08, 1.51114925018e-08, 1.68011897728e-08, 1.63788804741e-09, 1.85550019793e-09, 3.61240926061e-09, 1.31973276751e-08, 1.19924177255e-08, 7.22460224978e-09, 5.25016807806e-10, 1.09750442068e-09, 8.9265999037e-09, 2.29301622134e-09, 4.93796614709e-10, 6.33614494205e-10, 4.10797312833e-10, 2.18497997473e-09, 2.6752638993e-10, 3.16435100345e-10, 4.65339600186e-10, 4.42850839333e-10, 1.57794471933e-10, 6.75465655631e-11, 1.70376594777e-11, 7.92388550608e-12, 1.26707758868e-11, 1.16362995628e-11, 6.3117922347e-12, 8.90563317535e-12, 1.46659871747e-11, 8.4681102408e-11, 3.99434166298e-11],
        "max": [2.9728282243e-05, 0.000636687735096, 0.00695602782071, 0.0484050326049, 0.0158905871212, 0.0193890631199, 0.0240078698844, 0.00681456690654, 0.00169947661925, 0.000846450100653, 0.0017336148303, 0.000459237402538, 0.000303822773276, 0.000535221071914, 0.000952010857873, 0.00078297953587, 0.000487455487018, 0.000162037817063, 0.000243762522587, 0.00057612726232, 0.000428510218626, 0.000239080036408, 0.000207189921639, 0.000187913799891, 0.000309028313495, 0.000139528245199, 0.000161741074407, 0.000126492741401, 0.000146753096487, 0.000121434539324, 7.91825295892e-05, 3.77920805477e-05, 2.17284541577e-05, 2.95315785479e-05, 2.8936761737e-05, 2.12475260923e-05, 2.22549406317e-05, 3.14929602609e-05, 6.09689886915e-05, 4.40600852016e-05],
        "mean": [6.78654657804e-07, 4.76387685922e-06, 6.93762704032e-05, 0.000666884006932, 0.000278788735159, 0.000328279827954, 0.000270671647741, 9.20518577914e-05, 4.82391551486e-05, 3.06021538563e-05, 4.40707117377e-05, 1.98862962861e-05, 1.06180277726e-05, 1.31201450131e-05, 1.73869811988e-05, 1.2802238416e-05, 1.22100591398e-05, 6.25736356596e-06, 5.39716711501e-06, 6.79141794535e-06, 8.81418691279e-06, 6.56440897728e-06, 4.03019384976e-06, 4.03674175686e-06, 5.37413870916e-06, 4.12977078668e-06, 3.44310205946e-06, 4.22892071583e-06, 5.42925272384e-06, 2.69915199169e-06, 1.7738960878e-06, 7.85757208632e-07, 6.98017970535e-07, 7.13732447366e-07, 6.69867461056e-07, 6.65416450829e-07, 6.33622335044e-07, 8.04141393473e-07, 1.04336913864e-06, 8.70289738941e-07],
        "median": [1.87462674717e-07, 3.92102137425e-08, 1.61470609328e-07, 4.36608047494e-07, 6.29152225429e-07, 8.21654850824e-07, 4.55421513834e-07, 5.9364435856e-07, 3.91732413618e-07, 4.09983329064e-07, 4.3077011469e-07, 3.62156811207e-07, 3.97942130803e-07, 2.4931202347e-07, 2.02145372441e-07, 2.90693890292e-07, 3.53340936954e-07, 1.92679237898e-07, 2.25892392791e-07, 1.34928043849e-07, 1.39979931646e-07, 1.13889122133e-07, 1.08679515165e-07, 2.40230320969e-07, 2.51993981237e-07, 2.51927787076e-07, 1.61149870337e-07, 3.8633999111e-07, 3.47263153344e-07, 2.08395974255e-07, 1.39836217272e-07, 4.87263562832e-08, 5.49354481905e-08, 5.07348687506e-08, 3.67054866501e-08, 2.78799952014e-08, 2.64497046487e-08, 3.37434897801e-08, 3.47792408206e-08, 2.25353549155e-08],
        "min": [4.40549874359e-10, 1.0115976945e-09, 1.03821218289e-09, 7.8513645585e-10, 9.6139163297e-10, 6.57195131648e-10, 1.28308585978e-10, 3.25140331325e-11, 2.32013800533e-11, 3.14332102014e-11, 2.42683494828e-11, 3.13886347469e-11, 2.96035973513e-10, 3.68506725135e-10, 2.84046092203e-10, 2.24145174643e-10, 4.75523398435e-10, 1.7143726716e-10, 3.4061607701e-11, 7.75596323277e-11, 1.26446395021e-10, 2.0778494203e-10, 2.09136000184e-10, 7.41592898201e-10, 6.73598066214e-10, 1.14478548863e-09, 6.89105883467e-10, 1.20386622893e-09, 6.12324302374e-10, 5.97148108739e-10, 5.64337299114e-10, 3.9868675028e-10, 3.44510447947e-10, 1.24609378371e-10, 7.79815587104e-11, 7.93198354221e-11, 1.23198506952e-10, 1.75384096135e-10, 8.42777791998e-11, 5.48419504254e-11],
        "var": [7.68700901543e-12, 2.53277088191e-09, 3.30170081497e-07, 2.00493632292e-05, 2.96790176435e-06, 4.87639499624e-06, 4.66103574581e-06, 3.20879991023e-07, 5.49727090515e-08, 1.6600621322e-08, 4.19011527697e-08, 4.60602844754e-09, 1.48254319932e-09, 3.21439164175e-09, 7.46180539579e-09, 4.83169104726e-09, 3.32952865278e-09, 5.40020139717e-10, 5.64090885113e-10, 2.14978301827e-09, 1.7831837118e-09, 7.82046538639e-10, 3.68467839573e-10, 2.99716973462e-10, 7.17430448383e-10, 3.00666852526e-10, 2.59040261463e-10, 2.60363813842e-10, 4.39752095849e-10, 1.38936404048e-10, 6.57545198846e-11, 1.17395763249e-11, 6.70276204331e-12, 9.69763679082e-12, 8.86258080812e-12, 6.51737821697e-12, 5.5644993821e-12, 1.20752158272e-11, 2.89550970006e-11, 1.68076941254e-11]
    },
    "mfcc": {
        "mean": [-849.261352539, 42.2966079712, -17.9353580475, 7.74420261383, -16.4506988525, -10.8360366821, 1.44445633888, -14.3913516998, -8.05980110168, -2.97683119774, -5.75241327286, -1.52866649628, -3.18241357803],
        "cov": [[14841.9980469, 373.670013428, -1024.2532959, -1210.77563477, -36.8038444519, -807.163269043, -1086.9609375, -442.132232666, -426.25177002, -625.160644531, -684.667297363, -493.847045898, -525.82421875], [373.670013428, 3488.04711914, 111.016990662, -709.541687012, -269.769622803, -357.415466309, -563.869934082, -186.930236816, -221.582244873, -141.098190308, -92.5326004028, -34.9470710754, 20.2808494568], [-1024.2532959, 111.016990662, 236.47668457, 98.4114532471, -28.0443534851, 71.201965332, 71.0052490234, -27.9536533356, 3.87467074394, 26.6109905243, 28.9049415588, 17.7338199615, 37.1624755859], [-1210.77563477, -709.541687012, 98.4114532471, 496.832305908, 89.1224365234, 189.989044189, 240.138534546, 53.1040420532, 49.2625694275, 38.8172645569, 63.1449317932, 24.1768608093, 18.8495349884], [-36.8038444519, -269.769622803, -28.0443534851, 89.1224365234, 127.454528809, 17.2646179199, 24.396446228, 64.0147857666, 26.4733104706, 12.7714271545, 18.3835258484, 15.4882240295, -5.87048721313], [-807.163269043, -357.415466309, 71.201965332, 189.989044189, 17.2646179199, 200.818511963, 155.612228394, 11.8195858002, 41.0929527283, 18.5361423492, 42.6062965393, 27.3470458984, 3.50923347473], [-1086.9609375, -563.869934082, 71.0052490234, 240.138534546, 24.396446228, 155.612228394, 266.422119141, 35.2592086792, 47.5777549744, 81.9305725098, 70.6866989136, 29.267074585, 33.9581832886], [-442.132232666, -186.930236816, -27.9536533356, 53.1040420532, 64.0147857666, 11.8195858002, 35.2592086792, 116.598587036, 53.542175293, 37.4217185974, 38.442489624, 41.8144569397, 13.0568218231], [-426.25177002, -221.582244873, 3.87467074394, 49.2625694275, 26.4733104706, 41.0929527283, 47.5777549744, 53.542175293, 102.644577026, 18.7190093994, 41.8429603577, 25.0808925629, 19.633398056], [-625.160644531, -141.098190308, 26.6109905243, 38.8172645569, 12.7714271545, 18.5361423492, 81.9305725098, 37.4217185974, 18.7190093994, 110.983810425, 37.5255432129, 34.6559143066, 36.8947296143], [-684.667297363, -92.5326004028, 28.9049415588, 63.1449317932, 18.3835258484, 42.6062965393, 70.6866989136, 38.442489624, 41.8429603577, 37.5255432129, 89.3480453491, 33.0583076477, 30.3488883972], [-493.847045898, -34.9470710754, 17.7338199615, 24.1768608093, 15.4882240295, 27.3470458984, 29.267074585, 41.8144569397, 25.0808925629, 34.6559143066, 33.0583076477, 83.9027099609, 25.698972702], [-525.82421875, 20.2808494568, 37.1624755859, 18.8495349884, -5.87048721313, 3.50923347473, 33.9581832886, 13.0568218231, 19.633398056, 36.8947296143, 30.3488883972, 25.698972702, 63.270980835]],
