{
"lowlevel": {
    "average_loudness": 0.444649636745,
    "barkbands_crest": {
        "dmean": 1.6565104723,
        "dmean2": 2.73989963531,
        "dvar": 1.63481414318,
        "dvar2": 4.41011095047,
        "max": 12.7189893723,
        "mean": 6.29747676849,
        "median": 6.06546974182,
        "min": 2.46555423737,
        "var": 4.34369659424
    },
    "barkbands_flatness_db": {
        "dmean": 0.0129279671237,
        "dmean2": 0.0210692007095,
        "dvar": 0.000139714757097,
        "dvar2": 0.000327133922838,
        "max": 0.146992206573,
        "mean": 0.0887588784099,
        "median": 0.0867438539863,
        "min": 0.030194638297,
        "var": 0.000342568411725
    },
    "barkbands_kurtosis": {
        "dmean": 1.0028488636,
        "dmean2": 1.63806688786,
        "dvar": 1.34312796593,
        "dvar2": 2.9114522934,
        "max": 11.3980550766,
        "mean": 0.782759130001,
        "median": 0.152822256088,
        "min": -1.51084971428,
        "var": 4.74208784103
    },
    "barkbands_skewness": {
        "dmean": 0.312671869993,
        "dmean2": 0.492381930351,
        "dvar": 0.105873927474,
        "dvar2": 0.214568957686,
        "max": 1.14085221291,
        "mean": -1.01090812683,
        "median": -1.09553563595,
        "min": -2.75681471825,
        "var": 0.471079736948
    },
    "barkbands_spread": {
        "dmean": 4.83273124695,
        "dmean2": 8.12240982056,
        "dvar": 20.1546916962,
        "dvar2": 43.0167312622,
        "max": 52.2209701538,
        "mean": 28.426776886,
        "median": 27.7111110687,
        "min": 9.08135032654,
        "var": 81.3125305176
    },
    "dissonance": {
        "dmean": 0.00706832110882,
        "dmean2": 0.0115717770532,
        "dvar": 0.000135193840833,
        "dvar2": 0.000227764248848,
        "max": 0.499999791384,
        "mean": 0.491115599871,
        "median": 0.493760317564,
        "min": 0.3507784307,
        "var": 0.000162690528668
    },
    "dynamic_complexity": 7.01026105881,
    "erbbands_crest": {
        "dmean": 2.29002690315,
        "dmean2": 3.71027612686,
        "dvar": 3.58503031731,
        "dvar2": 9.29279136658,
        "max": 18.2901287079,
        "mean": 8.68228912354,
        "median": 8.27440357208,
        "min": 3.07183551788,
        "var": 9.5516872406
    },
    "erbbands_flatness_db": {
        "dmean": 0.0131737291813,
        "dmean2": 0.0208051130176,
        "dvar": 0.00013966266124,
        "dvar2": 0.000350073300069,
        "max": 0.223301485181,
        "mean": 0.169169858098,
        "median": 0.169797107577,
        "min": 0.110046848655,
        "var": 0.000413094268879
    },
    "erbbands_kurtosis": {
        "dmean": 1.07233154774,
        "dmean2": 1.76426947117,
        "dvar": 1.45668101311,
        "dvar2": 3.37333607674,
        "max": 9.51469707489,
        "mean": 1.28952777386,
        "median": 0.844853639603,
        "min": -1.45616853237,
        "var": 4.3492474556
    },
    "erbbands_skewness": {
        "dmean": 0.268364340067,
        "dmean2": 0.430756628513,
        "dvar": 0.0697043091059,
        "dvar2": 0.149941280484,
        "max": 0.538796663284,
        "mean": -0.962615668774,
        "median": -1.04457199574,
        "min": -2.14971709251,
        "var": 0.286970287561
    },
    "erbbands_spread": {
        "dmean": 5.72636556625,
        "dmean2": 9.53335952759,
        "dvar": 29.4804191589,
        "dvar2": 60.5933113098,
        "max": 56.8537368774,
        "mean": 31.2876701355,
        "median": 30.0285682678,
        "min": 10.3096590042,
        "var": 114.783363342
    },
    "hfc": {
        "dmean": 14.2133426666,
        "dmean2": 24.7469768524,
        "dvar": 9639.875,
        "dvar2": 27647.3710938,
        "max": 1119.25671387,
        "mean": 15.1457147598,
        "median": 2.13437819481,
        "min": 0.00934718269855,
        "var": 6605.91064453
    },
    "melbands_crest": {
        "dmean": 1.94447183609,
        "dmean2": 3.20464682579,
        "dvar": 2.5201253891,
        "dvar2": 7.06772613525,
        "max": 14.5251197815,
        "mean": 6.21488380432,
        "median": 5.71741056442,
        "min": 2.5163424015,
        "var": 5.02814102173
    },
    "melbands_flatness_db": {
        "dmean": 0.00931073538959,
        "dmean2": 0.014733158052,
        "dvar": 6.97311988915e-05,
        "dvar2": 0.000160230410984,
        "max": 0.133321762085,
        "mean": 0.049671381712,
        "median": 0.0465791262686,
        "min": 0.0267996788025,
        "var": 0.000175430730451
    },
    "melbands_kurtosis": {
        "dmean": 0.431953936815,
        "dmean2": 0.694037139416,
        "dvar": 0.243082851171,
        "dvar2": 0.531279981136,
        "max": 3.77514123917,
        "mean": -0.72890907526,
        "median": -1.06464552879,
        "min": -1.55141043663,
        "var": 0.743588984013
    },
    "melbands_skewness": {
        "dmean": 0.314449936152,
        "dmean2": 0.518154501915,
        "dvar": 0.09648232162,
        "dvar2": 0.187794432044,
        "max": 1.89509022236,
        "mean": 0.229634687304,
        "median": 0.164704695344,
        "min": -1.46091175079,
        "var": 0.420469194651
    },
    "melbands_spread": {
        "dmean": 11.7664051056,
        "dmean2": 18.2414283752,
        "dvar": 104.634895325,
        "dvar2": 220.313186646,
        "max": 142.454879761,
        "mean": 94.6677932739,
        "median": 98.3303375244,
        "min": 22.8076820374,
        "var": 435.755065918
    },
    "pitch_salience": {
        "dmean": 0.0401515588164,
        "dmean2": 0.0665308833122,
        "dvar": 0.00112801324576,
        "dvar2": 0.00314000202343,
        "max": 0.883646726608,
        "mean": 0.711842298508,
        "median": 0.713184773922,
        "min": 0.576176226139,
        "var": 0.00209224992432
    },
    "silence_rate_20dB": {
        "dmean": 0,
        "dmean2": 0,
        "dvar": 0,
        "dvar2": 0,
        "max": 1,
        "mean": 1,
        "median": 1,
        "min": 1,
        "var": 0
    },
    "silence_rate_30dB": {
        "dmean": 0.00952380988747,
        "dmean2": 0.0191387552768,
        "dvar": 0.00943312142044,
        "dvar2": 0.0187723878771,
        "max": 1,
        "mean": 0.99052131176,
        "median": 1,
        "min": 0,
        "var": 0.00938886404037
    },
    "silence_rate_60dB": {
        "dmean": 0.023809524253,
        "dmean2": 0.047846890986,
        "dvar": 0.0232426878065,
        "dvar2": 0.0455578789115,
        "max": 1,
        "mean": 0.886255919933,
        "median": 1,
        "min": 0,
        "var": 0.100806228817
    },
    "spectral_centroid": {
        "dmean": 184.35005188,
        "dmean2": 293.901855469,
        "dvar": 43972.875,
        "dvar2": 79762.328125,
        "max": 4539.97851562,
        "mean": 3768.23754883,
        "median": 3908.03857422,
        "min": 1743.6151123,
        "var": 208623.453125
    },
    "spectral_complexity": {
        "dmean": 1.73333334923,
        "dmean2": 2.10526323318,
        "dvar": 18.2907733917,
        "dvar2": 18.8693065643,
        "max": 55,
        "mean": 5.29857826233,
        "median": 0,
        "min": 0,
        "var": 164.265899658
    },
    "spectral_decrease": {
        "dmean": 6.91620982707e-10,
        "dmean2": 1.14130749296e-09,
        "dvar": 2.16486351564e-17,
        "dvar2": 6.03005137431e-17,
        "max": -6.67590386184e-13,
        "mean": -8.54997295185e-10,
        "median": -6.11166950382e-11,
        "min": -5.40322240283e-08,
        "var": 1.74806225966e-17
    },
    "spectral_energy": {
        "dmean": 0.00381577690132,
        "dmean2": 0.00653812522069,
        "dvar": 0.000694939401001,
        "dvar2": 0.00195966730826,
        "max": 0.305450111628,
        "mean": 0.00460072187707,
        "median": 0.000416947412305,
        "min": 3.36745824825e-06,
        "var": 0.000527878233697
    },
    "spectral_energyband_high": {
        "dmean": 0.00104687502608,
        "dmean2": 0.00173677527346,
        "dvar": 4.30546315329e-05,
        "dvar2": 0.000118222233141,
        "max": 0.0769291743636,
        "mean": 0.0012771030888,
        "median": 0.000276966457022,
        "min": 1.02133469682e-06,
        "var": 3.34575597662e-05
    },
    "spectral_energyband_low": {
        "dmean": 1.0648679563e-05,
        "dmean2": 1.56416208483e-05,
        "dvar": 5.67332669732e-09,
        "dvar2": 8.98594798571e-09,
        "max": 0.000916842371225,
        "mean": 9.11393908609e-06,
        "median": 4.25337645993e-07,
        "min": 1.06085966678e-08,
        "var": 5.05845010323e-09
    },
    "spectral_energyband_middle_high": {
        "dmean": 0.00261794915423,
        "dmean2": 0.00457645906135,
        "dvar": 0.00038609711919,
        "dvar2": 0.00111032533459,
        "max": 0.225502505898,
        "mean": 0.0025794361718,
        "median": 0.00010819885938,
        "min": 9.72157863544e-07,
        "var": 0.000268304283964
    },
    "spectral_energyband_middle_low": {
        "dmean": 0.000409547355957,
        "dmean2": 0.00064488092903,
        "dvar": 4.3804843699e-06,
        "dvar2": 8.20889090392e-06,
        "max": 0.0251836199313,
        "mean": 0.000771906634327,
        "median": 3.65676423826e-05,
        "min": 1.40724159792e-06,
        "var": 9.09048412723e-06
    },
    "spectral_entropy": {
        "dmean": 0.0971874445677,
        "dmean2": 0.158119305968,
        "dvar": 0.00601606210694,
        "dvar2": 0.0140404682606,
        "max": 8.69927120209,
        "mean": 8.21547794342,
        "median": 8.21276569366,
        "min": 7.86161613464,
        "var": 0.0200432315469
    },
    "spectral_flux": {
        "dmean": 0.0092776408419,
        "dmean2": 0.0143876699731,
        "dvar": 0.00175985111855,
        "dvar2": 0.00402172654867,
        "max": 0.528285503387,
        "mean": 0.0285020861775,
        "median": 0.0139562729746,
        "min": 0.00626714993268,
        "var": 0.00282586715184
    },
    "spectral_kurtosis": {
        "dmean": 0.429476261139,
        "dmean2": 0.688793361187,
        "dvar": 0.163594767451,
        "dvar2": 0.340908646584,
        "max": 4.92504692078,
        "mean": 1.99719238281,
        "median": 1.89044046402,
        "min": 0.689465999603,
        "var": 0.597582221031
    },
    "spectral_rms": {
        "dmean": 0.00031504832441,
        "dmean2": 0.000480278948089,
        "dvar": 1.80663596439e-06,
        "dvar2": 4.68456255476e-06,
        "max": 0.017262680456,
        "mean": 0.00117758021224,
        "median": 0.000637791468762,
        "min": 5.73177567276e-05,
        "var": 3.10181394525e-06
    },
    "spectral_rolloff": {
        "dmean": 885.629821777,
        "dmean2": 1451.17297363,
        "dvar": 1013662.75,
        "dvar2": 2074365.875,
        "max": 11541.796875,
        "mean": 7729.19677734,
        "median": 8268.75,
        "min": 1981.0546875,
        "var": 2830175.25
    },
    "spectral_skewness": {
        "dmean": 0.0852147713304,
        "dmean2": 0.134580403566,
        "dvar": 0.00828447751701,
        "dvar2": 0.0174710266292,
        "max": 1.92474424839,
        "mean": 1.01002454758,
        "median": 0.968107938766,
        "min": 0.70293790102,
        "var": 0.0330806039274
    },
    "spectral_spread": {
        "dmean": 539943.1875,
        "dmean2": 831723.1875,
        "dvar": 559068151808,
        "dvar2": 614465536000,
        "max": 17241096,
        "mean": 5957511.5,
        "median": 5805214,
        "min": 3809121.5,
        "var": 1.33155690906e+12
    },
    "spectral_strongpeak": {
        "dmean": 0.409896850586,
        "dmean2": 0.6662966609,
        "dvar": 0.255178838968,
        "dvar2": 0.69587379694,
        "max": 5.32492828369,
        "mean": 0.724149644375,
        "median": 0.587598860264,
        "min": 0.00116739387158,
        "var": 0.362446725368
    },
    "zerocrossingrate": {
        "dmean": 0.0136695494875,
        "dmean2": 0.0147886136547,
        "dvar": 0.000283133384073,
        "dvar2": 0.000273169280263,
        "max": 0.30859375,
        "mean": 0.232815280557,
        "median": 0.2392578125,
        "min": 0.04345703125,
        "var": 0.00174139463343
    },
    "barkbands": {
        "dmean": [1.3131104879e-06, 1.48929166244e-06, 3.61134243576e-06, 1.54822610057e-05, 6.19735292275e-05, 0.000120464334032, 3.2399144402e-05, 0.000215759908315, 0.000155426823767, 5.77454447921e-05, 9.72021516645e-05, 0.000107672640297, 0.000478806527099, 0.000359125318937, 0.000101986872323, 0.000103300713818, 0.00021605976508, 0.000381300924346, 0.00054581585573, 0.000562171044294, 0.00013410532847, 0.000151420637849, 7.37429363653e-05, 0.000200102411327, 0.000241245084908, 6.46647968097e-05, 1.29101317725e-05],
        "dmean2": [1.7903872731e-06, 1.70995019744e-06, 5.18736214872e-06, 2.40977515205e-05, 9.85362567008e-05, 0.000173920416273, 5.26246476511e-05, 0.000368937413441, 0.0002729712578, 8.57599370647e-05, 0.000150306746946, 0.000160857860465, 0.000842918117996, 0.000675994611811, 0.000159738774528, 0.00015901599545, 0.000386249768781, 0.000652540940791, 0.00105064315721, 0.000984366401099, 0.000204989191843, 0.000262194691459, 0.000128338811919, 0.000346873042872, 0.000445097830379, 0.00011945416918, 2.29100023716e-05],
        "dvar": [7.94741564225e-11, 3.04334279999e-10, 5.81172165948e-10, 8.57268300791e-09, 7.37877030588e-08, 3.4754307876e-07, 1.16819611762e-08, 2.42490318669e-06, 5.79912750709e-07, 3.3022008239e-08, 2.48448799312e-07, 1.6260257496e-07, 1.6000109099e-05, 6.95039216225e-06, 3.48132800809e-07, 2.80907954675e-07, 2.80403764918e-06, 6.65379593556e-06, 1.91666731553e-05, 1.88303838513e-05, 2.99714400853e-07, 1.29148736505e-06, 2.09366319837e-07, 1.27540727135e-06, 2.63864535555e-06, 1.35846050853e-07, 5.10608533233e-09],
        "dvar2": [8.24538076705e-11, 3.09698877654e-10, 9.28506160847e-10, 1.46805687606e-08, 1.61204695814e-07, 8.10408039342e-07, 2.53771297309e-08, 4.82001223645e-06, 1.74974377387e-06, 7.05831766368e-08, 3.83883758559e-07, 3.46734566392e-07, 4.5572174713e-05, 2.12457562156e-05, 8.85471933998e-07, 6.84484234625e-07, 8.18404987513e-06, 1.78893515113e-05, 5.68419600313e-05, 5.260321268e-05, 6.80121615915e-07, 3.61612706001e-06, 5.90406727952e-07, 3.66629365089e-06, 7.722477676e-06, 3.93154039102e-07, 1.43671226027e-08],
        "max": [0.000129116757307, 0.000252780271694, 0.000281507323962, 0.00111994962208, 0.00573216285557, 0.00637266971171, 0.00120082881767, 0.0184096768498, 0.00773185724393, 0.00208835117519, 0.00633883103728, 0.00446079298854, 0.0463070608675, 0.0287132896483, 0.00705780927092, 0.00652956776321, 0.0188594385982, 0.0298704281449, 0.0487967133522, 0.0504796952009, 0.00711184646934, 0.0132497781888, 0.00533387577161, 0.0114797251299, 0.0167749673128, 0.00331453722902, 0.00061465438921],
        "mean": [1.45290539422e-06, 1.42547310134e-06, 3.01868499264e-06, 1.31327160489e-05, 0.00011805522081, 0.000128461644636, 5.22898480995e-05, 0.000231112557231, 0.000198833411559, 9.92086352198e-05, 0.000122193872812, 0.000158660201123, 0.00038545782445, 0.000325900851749, 0.000123339224956, 0.000142475953908, 0.000200255017262, 0.000334059906891, 0.000441324256826, 0.000537962652743, 0.000237575353822, 0.00016320978466, 8.71948650456e-05, 0.000213874023757, 0.000216126878513, 5.27653064637e-05, 1.05882263597e-05],
        "median": [3.1013661328e-07, 3.14416794822e-08, 5.08586772696e-08, 3.1225400221e-07, 2.71001340479e-06, 6.27331883152e-06, 5.64175343243e-06, 7.1610447776e-06, 9.13444273465e-06, 1.08923086373e-05, 6.67878430249e-06, 8.53944584378e-06, 6.09996550338e-06, 6.02125464866e-06, 4.94468667966e-06, 4.67975269203e-06, 3.23824724546e-06, 2.41648490373e-06, 9.81775247055e-06, 9.23945699469e-05, 6.8045068474e-05, 3.72809663531e-05, 1.79140315595e-05, 4.77083813166e-05, 2.91413180094e-05, 6.80468929204e-06, 1.52303118739e-06],
        "min": [8.10981948263e-10, 1.60419555417e-09, 4.8593362667e-10, 1.72172276436e-09, 1.63580580193e-08, 1.88863253925e-08, 1.6694190208e-07, 3.6833989725e-07, 5.79231368647e-07, 2.63438948878e-07, 8.61389040097e-08, 1.23649783745e-08, 4.98277152872e-08, 1.12769455995e-08, 1.92054834258e-08, 1.55602108975e-07, 2.25916085839e-08, 5.1207912577e-08, 7.67963470594e-08, 4.29360710541e-07, 1.25599257217e-07, 1.60617247502e-07, 1.03899211013e-07, 1.36035509968e-07, 1.51182177888e-07, 1.74031544731e-08, 6.24134477434e-09],
        "var": [7.96431323669e-11, 3.02655206452e-10, 5.30037624902e-10, 7.91754128926e-09, 3.42967780398e-07, 3.19599394061e-07, 2.43192506133e-08, 2.63836363956e-06, 7.20843274848e-07, 8.73172183447e-08, 4.1653740368e-07, 3.20855633618e-07, 1.09279717435e-05, 4.5225510803e-06, 3.44588158896e-07, 3.73934398112e-07, 1.83103793461e-06, 5.10386826136e-06, 1.19104925034e-05, 1.28973306346e-05, 4.86504177388e-07, 8.8960479161e-07, 1.55498824483e-07, 8.60080035636e-07, 1.56894350312e-06, 8.35444353697e-08, 3.37842398501e-09]
    },
    "erbbands": {
        "dmean": [4.91458995384e-05, 0.000355616852175, 0.0031485366635, 0.0279214419425, 0.150184452534, 0.173500940204, 0.507338345051, 1.19985461235, 0.320774108171, 2.87928032875, 3.14049911499, 3.23197603226, 2.28503489494, 1.95435321331, 4.73581552505, 5.51984977722, 19.6041069031, 26.1720676422, 5.50891971588, 5.99885892868, 5.87240934372, 13.903014183, 16.5877056122, 20.5434684753, 40.3585929871, 26.6482467651, 8.03940963745, 5.68370866776, 5.47834825516, 1.67459082603, 2.55409598351, 3.62891197205, 3.68514180183, 3.27519989014, 1.32586824894, 0.509105443954, 0.0528394430876, 0.0101095158607, 0.00219085928984, 0.000167868944118],
        "dmean2": [5.66027301829e-05, 0.00042154386756, 0.00451814802364, 0.0439529903233, 0.262165129185, 0.265503793955, 0.709009706974, 1.79428744316, 0.540914773941, 4.67003297806, 5.60762119293, 5.57392787933, 3.54697751999, 3.14124727249, 6.86906003952, 7.8683180809, 33.9529418945, 49.1333312988, 8.26960945129, 9.51789474487, 9.9756526947, 24.7665729523, 27.6553268433, 36.5824966431, 77.9515609741, 46.8438301086, 13.1824808121, 9.46205711365, 9.17741680145, 2.77533173561, 4.40824508667, 6.31261873245, 6.63276529312, 6.29854726791, 2.29834651947, 0.929553687572, 0.0938146784902, 0.0179478768259, 0.00386257981881, 0.000306553556584],
        "dvar": [3.21701890016e-07, 1.5336287106e-05, 0.000498109322507, 0.025902075693, 0.533232748508, 0.477719217539, 5.17657566071, 35.7159118652, 1.20350825787, 356.621124268, 455.225311279, 275.193389893, 83.7482757568, 42.9994506836, 615.437805176, 578.883178711, 26264.2949219, 43110.4570312, 905.024047852, 1425.95568848, 1101.88049316, 10920.5595703, 11007.6367188, 21942.0742188, 127916.078125, 41405.1523438, 1408.49975586, 1163.31091309, 1477.15600586, 106.179008484, 272.257080078, 403.072662354, 508.948669434, 652.756469727, 49.9601593018, 7.96918058395, 0.111896626651, 0.00281597720459, 0.000138443880132, 1.05427091057e-06],
        "dvar2": [3.25415072666e-07, 1.58097955136e-05, 0.000735701469239, 0.0487136654556, 1.24665331841, 0.959638834, 11.9036455154, 83.4231109619, 2.27095627785, 727.399963379, 956.606628418, 833.800964355, 218.850341797, 113.189208984, 894.381286621, 1362.41601562, 74566.640625, 130112.367188, 2275.65576172, 3613.34277344, 3026.796875, 31345.2617188, 29316.8925781, 62671.859375, 381654.46875, 116027.5, 2706.24121094, 3286.71826172, 4050.82299805, 284.715515137, 778.163818359, 1159.48388672, 1486.2388916, 1951.30786133, 133.185333252, 22.6811656952, 0.327622622252, 0.00763549795374, 0.00039119189023, 3.00062606584e-06],
        "max": [0.00825643632561, 0.0567947328091, 0.283342242241, 2.04698824883, 15.0173444748, 14.4855833054, 21.9411258698, 65.662940979, 13.8511533737, 235.560897827, 251.844207764, 185.944107056, 115.759651184, 76.3616943359, 327.458343506, 252.083007812, 1886.25366211, 2297.20043945, 353.199371338, 469.536315918, 389.833709717, 1179.85949707, 1203.06713867, 1700.03466797, 3885.59912109, 2365.48999023, 457.140594482, 411.829223633, 459.810180664, 126.641799927, 189.664215088, 208.423599243, 233.310287476, 268.61517334, 61.2874717712, 23.5130062103, 3.5973739624, 0.52255654335, 0.0979927703738, 0.00922351982445],
        "mean": [4.87492543471e-05, 0.000345117790857, 0.00280366023071, 0.0285475216806, 0.313476681709, 0.333892822266, 0.520242512226, 1.2175809145, 0.57519286871, 3.14066386223, 4.28201150894, 4.36652946472, 3.47038555145, 2.83004593849, 6.40895414352, 7.41232824326, 16.6174163818, 22.35313797, 7.14858675003, 7.4857878685, 7.73578929901, 12.320110321, 16.1328716278, 18.347990036, 28.9293880463, 26.1008777618, 13.7281284332, 8.03175449371, 6.41929531097, 2.36303687096, 2.7524933815, 3.93358302116, 3.71700739861, 2.61906170845, 1.35682308674, 0.424532562494, 0.0512398555875, 0.0106012094766, 0.00185467221308, 0.000125504549942],
        "median": [2.75895035884e-06, 5.98399446972e-06, 5.00142668898e-05, 0.000594997196458, 0.00397537928075, 0.00954683683813, 0.0210718754679, 0.0561629086733, 0.0710136890411, 0.133972093463, 0.152198493481, 0.193273574114, 0.296352058649, 0.286269307137, 0.340105473995, 0.360210567713, 0.291926413774, 0.300349891186, 0.297398835421, 0.250814318657, 0.274443417788, 0.187281981111, 0.140308514237, 0.174122273922, 1.39926123619, 4.63201141357, 3.343075037, 2.14195179939, 1.66634392738, 0.505113184452, 0.561713695526, 0.872675359249, 0.788218915462, 0.367383509874, 0.181241571903, 0.0560217946768, 0.00774354347959, 0.00163800828159, 0.000308788410621, 1.26635259221e-05],
        "min": [6.82495411297e-08, 5.63587661873e-07, 2.04973093787e-06, 4.71329849461e-06, 1.1052593436e-05, 6.24414096819e-05, 0.000158867347636, 0.00015821584384, 0.00116944592446, 0.00694639142603, 0.0121392896399, 0.0139588415623, 0.0112278861925, 0.00828760303557, 0.00207934528589, 0.000743975164369, 0.00246419291943, 0.00052444532048, 0.00101214356255, 0.00240933545865, 0.00907606165856, 0.00167765060905, 0.00266558979638, 0.00408398080617, 0.00531935272738, 0.0175358168781, 0.0116604948416, 0.00451883254573, 0.0069290343672, 0.00324564985931, 0.003323960118, 0.00304460944608, 0.00209918199107, 0.00111496832687, 0.00130814604927, 0.000217151784454, 2.39646560658e-05, 7.45816760173e-06, 9.79011360869e-07, 7.45454826756e-08],
        "var": [3.22349819726e-07, 1.53836426762e-05, 0.000475993379951, 0.0294998399913, 2.70097947121, 2.49804806709, 5.43909502029, 30.7365169525, 3.30431270599, 384.798065186, 570.873168945, 341.715942383, 148.714706421, 73.7517623901, 1136.11279297, 825.188903809, 18327.1308594, 27427.8027344, 965.519104004, 1491.25219727, 1127.75817871, 7192.08837891, 9404.06347656, 15497.9707031, 72553.140625, 28325.9589844, 2261.70092773, 967.086914062, 1112.35290527, 94.8049468994, 188.288269043, 272.333740234, 316.816009521, 351.642486572, 40.6596984863, 5.1974196434, 0.0687391608953, 0.00214313925244, 9.30666355998e-05, 6.54409973322e-07]
    },
    "gfcc": {
        "mean": [-142.155807495, -52.9840316772, -146.273284912, -0.526962995529, -102.063598633, -0.232429742813, -40.8154907227, -1.77641642094, -38.9446411133, 10.3087358475, -17.3612041473, -9.16030883789, -1.95424282551],
        "cov": [[7370.30517578, 532.787841797, -534.438537598, -249.179992676, 375.122009277, -266.578948975, -656.819641113, -59.5244903564, -343.236206055, -394.931945801, -179.981338501, -63.4188423157, -366.772064209], [532.787841797, 409.302307129, -132.830490112, -15.9558906555, 69.1813659668, -19.8414974213, -62.0716743469, 14.0321893692, -3.95821118355, -38.3991355896, -14.4945173264, 14.7620897293, -29.3034896851], [-534.438537598, -132.830490112, 245.783432007, 91.3880004883, -27.0886363983, 42.2128448486, 67.4483566284, -22.577085495, -7.21397304535, -1.29098176956, -39.4595184326, -37.3534660339, 9.64221668243], [-249.179992676, -15.9558906555, 91.3880004883, 173.596694946, 18.1862926483, 34.0174980164, 40.8324966431, -13.5676040649, -14.1267023087, 9.20355033875, -14.2473678589, -34.0541610718, -26.5506572723], [375.122009277, 69.1813659668, -27.0886363983, 18.1862926483, 79.4757003784, 4.94352722168, -27.6407928467, 9.1507692337, -10.2886400223, -24.0966281891, -12.2742967606, -6.0425992012, -31.3712100983], [-266.578948975, -19.8414974213, 42.2128448486, 34.0174980164, 4.94352722168, 66.143081665, 53.6137657166, 12.0411520004, 12.777422905, 16.7788925171, -2.16749787331, -5.14075708389, 6.46824836731], [-656.819641113, -62.0716743469, 67.4483566284, 40.8324966431, -27.6407928467, 53.6137657166, 120.533470154, 36.524143219, 44.5471343994, 48.5888748169, 13.8401317596, 0.956891596317, 27.7033405304], [-59.5244903564, 14.0321893692, -22.577085495, -13.5676040649, 9.1507692337, 12.0411520004, 36.524143219, 78.6544113159, 50.0087928772, 23.6422214508, 20.3870010376, 14.8281211853, -0.223481416702], [-343.236206055, -3.95821118355, -7.21397304535, -14.1267023087, -10.2886400223, 12.777422905, 44.5471343994, 50.0087928772, 75.4621429443, 50.3018989563, 32.6456565857, 22.5686588287, 19.4585266113], [-394.931945801, -38.3991355896, -1.29098176956, 9.20355033875, -24.0966281891, 16.7788925171, 48.5888748169, 23.6422214508, 50.3018989563, 78.5668792725, 47.2136116028, 17.3096618652, 22.3676719666], [-179.981338501, -14.4945173264, -39.4595184326, -14.2473678589, -12.2742967606, -2.16749787331, 13.8401317596, 20.3870010376, 32.6456565857, 47.2136116028, 68.8837585449, 26.7401695251, 16.118221283], [-63.4188423157, 14.7620897293, -37.3534660339, -34.0541610718, -6.0425992012, -5.14075708389, 0.956891596317, 14.8281211853, 22.5686588287, 17.3096618652, 26.7401695251, 39.8721809387, 23.1947956085], [-366.772064209, -29.3034896851, 9.64221668243, -26.5506572723, -31.3712100983, 6.46824836731, 27.7033405304, -0.223481416702, 19.4585266113, 22.3676719666, 16.118221283, 23.1947956085, 66.2512054443]],
        "icov": [[0.000519664899912, 3.08604867314e-05, 0.000279947998933, 0.000574656354729, -0.00106463837437, 0.000249793898547, 0.00157525157556, -0.00131461385172, 0.00194101419766, -0.000355312397005, 0.000648209301289, -0.000293797900667, 0.00138348678593], [3.08604867314e-05, 0.00366646633483, 0.00209111371078, -0.000990782631561, -0.00176852720324, -0.000146625214256, 0.000637973600533, 0.000195050874026, -0.0016979862703, 0.0015331908362, 0.00162141839974, -0.00141004403122, 8.21869834908e-05], [0.000279947998933, 0.00209111371078, 0.00890027359128, -0.00300749111921, 0.000806325930171, -0.00121369387489, -0.00166193651967, 0.00187963980716, -0.0023904973641, 0.00272724824026, 0.00391311384737, 0.00287430384196, -0.00100128015038], [0.000574656354729, -0.000990782631561, -0.00300749111921, 0.0112496642396, -0.00471000093967, -9.64836945059e-05, -0.00204045302235, 0.000560555141419, 0.00567920645699, -0.00475999992341, -0.000698444375303, 0.00347103923559, 0.00521720945835], [-0.00106463837437, -0.00176852720324, 0.000806325930171, -0.00471000093967, 0.0240685138851, -0.00778573472053, 0.00333097064868, -0.00205235881731, -0.00526217976585, 0.00556911807507, -0.00116899027489, -0.00102042185608, 0.00238313153386], [0.000249793898547, -0.000146625214256, -0.00121369387489, -9.64836945059e-05, -0.00778573472053, 0.0277632586658, -0.0126070324332, 0.000531657016836, 0.0034771442879, -0.00305899116211, 0.00242310622707, -0.000484216812765, -7.62627387303e-05], [0.00157525157556, 0.000637973600533, -0.00166193651967, -0.00204045302235, 0.00333097064868, -0.0126070324332, 0.031210495159, -0.0138692846522, 0.00291560008191, -0.00719318771735, 0.0040883840993, 0.00217990553938, -0.00204808916897], [-0.00131461385172, 0.000195050874026, 0.00187963980716, 0.000560555141419, -0.00205235881731, 0.000531657016836, -0.0138692846522, 0.0330537706614, -0.0242513101548, 0.00886037293822, -0.00443580001593, -0.00117114931345, 0.00326741836034], [0.00194101419766, -0.0016979862703, -0.0023904973641, 0.00567920645699, -0.00526217976585, 0.0034771442879, 0.00291560008191, -0.0242513101548, 0.0511007495224, -0.0230796542019, 0.0045986645855, -0.00897856708616, 0.00329431355931], [-0.000355312397005, 0.0015331908362, 0.00272724824026, -0.00475999992341, 0.00556911807507, -0.00305899116211, -0.00719318771735, 0.00886037293822, -0.0230796542019, 0.0426895357668, -0.0195097923279, 0.00325768766925, -0.00164804037195], [0.000648209301289, 0.00162141839974, 0.00391311384737, -0.000698444375303, -0.00116899027489, 0.00242310622707, 0.0040883840993, -0.00443580001593, 0.0045986645855, -0.0195097923279, 0.0350022166967, -0.0138892419636, 0.00252484390512], [-0.000293797900667, -0.00141004403122, 0.00287430384196, 0.00347103923559, -0.00102042185608, -0.000484216812765, 0.00217990553938, -0.00117114931345, -0.00897856708616, 0.00325768766925, -0.0138892419636, 0.0535079911351, -0.0164458714426], [0.00138348678593, 8.21869834908e-05, -0.00100128015038, 0.00521720945835, 0.00238313153386, -7.62627387303e-05, -0.00204808916897, 0.00326741836034, 0.00329431355931, -0.00164804037195, 0.00252484390512, -0.0164458714426, 0.0317617580295]]
    },
    "melbands": {
        "dmean": [4.76593129406e-07, 1.17855506687e-06, 7.80304435466e-06, 1.46736310853e-05, 1.50049290824e-05, 2.50101074926e-05, 4.93859397466e-06, 4.07659863413e-05, 2.61516524915e-05, 2.16488842852e-05, 1.17102163131e-05, 7.5282700891e-06, 1.35110358315e-05, 1.21283301269e-05, 2.00794784178e-05, 6.05791901762e-05, 4.38640345237e-05, 7.27357837604e-06, 7.82847291703e-06, 7.95434789325e-06, 6.30249269307e-06, 1.38530185723e-05, 1.39846233651e-05, 1.81394443644e-05, 1.63401455211e-05, 2.01558450499e-05, 3.28215683112e-05, 1.53980054165e-05, 5.96023892285e-06, 3.20352933159e-06, 3.86588180845e-06, 4.17467754232e-06, 1.21295192912e-06, 7.88842157817e-07, 1.48533911215e-06, 1.47513480897e-06, 2.62851995103e-06, 2.19290768655e-06, 3.73025955014e-06, 2.31306012211e-06],
        "dmean2": [5.59786144549e-07, 1.60922570558e-06, 1.18804764497e-05, 2.35822153627e-05, 2.07464272535e-05, 3.66195054085e-05, 7.99613462732e-06, 6.58710268908e-05, 4.48979481007e-05, 3.66598251276e-05, 1.81265822903e-05, 1.23606614579e-05, 1.99988171516e-05, 1.67206799233e-05, 3.30367656716e-05, 0.000109523702122, 8.30528879305e-05, 1.0755025869e-05, 1.20889035315e-05, 1.19149135571e-05, 1.08467593236e-05, 2.49969252764e-05, 2.31037829508e-05, 3.22758132825e-05, 2.96274483844e-05, 3.71847272618e-05, 6.43480816507e-05, 2.58490945271e-05, 9.10771268536e-06, 5.30833358425e-06, 6.90916749591e-06, 7.2686252679e-06, 1.87500461379e-06, 1.34020638143e-06, 2.50354355558e-06, 2.68436406259e-06, 4.4737312237e-06, 3.74082105736e-06, 7.25091558706e-06, 4.47722868557e-06],
        "dvar": [2.89762016464e-11, 8.08237435312e-11, 1.4050999253e-09, 4.224081529e-09, 4.64534766209e-09, 1.52609676007e-08, 2.76821121581e-10, 7.84072895499e-08, 2.31189769551e-08, 1.20866774367e-08, 2.15238427081e-09, 6.46177167329e-10, 4.98205476873e-09, 2.1056225652e-09, 1.86987332285e-08, 2.60640803162e-07, 1.17206859329e-07, 1.18835608021e-09, 2.05745465109e-09, 1.87957849285e-09, 1.25540911e-09, 1.19225900264e-08, 6.40652508821e-09, 1.85161326272e-08, 1.29989166098e-08, 2.74892091312e-08, 8.73693295489e-08, 1.13388836098e-08, 6.46834030782e-10, 1.28454483161e-10, 7.50893236479e-10, 9.31471677568e-10, 4.67810859495e-11, 1.75800519975e-11, 8.60834459271e-11, 9.62453242104e-11, 1.70341990513e-10, 1.19576668012e-10, 9.00233221302e-10, 2.98640390195e-10],
        "dvar2": [2.94035108761e-11, 1.07409497963e-10, 2.57723486996e-09, 9.12992792479e-09, 1.05749018431e-08, 3.57457992095e-08, 5.75700709327e-10, 1.6073641973e-07, 5.23981142919e-08, 3.7266733699e-08, 5.61584156955e-09, 1.68824842994e-09, 7.68144570173e-09, 3.10447889618e-09, 5.31019850314e-08, 7.48556999497e-07, 3.54780752332e-07, 2.76560907508e-09, 5.01226971039e-09, 4.54634552227e-09, 3.52103057821e-09, 3.44047634826e-08, 1.69990101995e-08, 5.1281393354e-08, 3.72150168459e-08, 8.05903184187e-08, 2.6232984851e-07, 2.9943585389e-08, 1.24917898248e-09, 2.6253715868e-10, 2.20976947851e-09, 2.61902921572e-09, 1.13705142524e-10, 4.63884382296e-11, 2.38631892024e-10, 2.85827111979e-10, 4.72498984383e-10, 3.29912958064e-10, 2.70142619385e-09, 8.89098406009e-10],
        "max": [7.80987393227e-05, 0.000117687945021, 0.000645361607894, 0.00143315014429, 0.000720376789104, 0.00135675433557, 0.000227563286899, 0.00346222706139, 0.00183226144873, 0.00117146898992, 0.000594107143115, 0.00031802416197, 0.00089802488219, 0.000692074827384, 0.00154551980086, 0.00591227225959, 0.00376062910073, 0.000375350937247, 0.000551110890228, 0.00054087076569, 0.000409603992011, 0.00123311288189, 0.000817853258923, 0.00158412032761, 0.00130275147967, 0.00187137897592, 0.00314053054899, 0.00129317014944, 0.000352444214514, 0.0001391950791, 0.000310865958454, 0.000356158532668, 8.69830473675e-05, 5.17809239682e-05, 0.000109237022116, 0.000107707979623, 0.000126039492898, 0.000104384875158, 0.000314186501782, 0.000181479786988],
        "mean": [4.72549942288e-07, 1.02738022179e-06, 1.07548166852e-05, 2.90969037451e-05, 1.59444298333e-05, 2.57752762991e-05, 9.07628327695e-06, 4.26823862654e-05, 3.45439548255e-05, 2.756296999e-05, 1.71981700987e-05, 1.10258361019e-05, 1.78722839337e-05, 1.95805569092e-05, 1.93148916878e-05, 4.96945067425e-05, 3.84980230592e-05, 9.969680832e-06, 9.68575932347e-06, 1.01048763099e-05, 8.52355060488e-06, 1.23007057482e-05, 1.34923993755e-05, 1.55992893269e-05, 1.46330130519e-05, 1.65098736034e-05, 2.18618424697e-05, 1.71814372152e-05, 9.10027574719e-06, 5.71935061089e-06, 4.47784896096e-06, 4.41561860498e-06, 1.69386737525e-06, 1.13636178867e-06, 1.55711575189e-06, 1.61408718213e-06, 2.82614087155e-06, 2.49541380981e-06, 2.91126434604e-06, 1.88450076166e-06],
        "median": [3.68894816916e-08, 1.64105671274e-08, 1.8247496314e-07, 5.25708401256e-07, 6.86609212153e-07, 1.2491977941e-06, 1.1325981859e-06, 1.50233404383e-06, 1.24939538182e-06, 1.21533753372e-06, 1.49613526901e-06, 1.15674322387e-06, 1.05172864551e-06, 9.64593482422e-07, 8.65724132382e-07, 5.99512532062e-07, 5.15542865287e-07, 4.76232656865e-07, 3.87568150018e-07, 3.09197019988e-07, 3.12185136409e-07, 2.00800400307e-07, 1.4678369098e-07, 1.09582309449e-07, 1.03596534018e-07, 3.80654228138e-07, 1.92913694264e-06, 3.30507327817e-06, 1.97274516722e-06, 1.83337817816e-06, 1.06051254534e-06, 1.08199765236e-06, 4.6379750529e-07, 2.11101436776e-07, 2.5420351335e-07, 4.04505385632e-07, 6.02608452027e-07, 5.59093905395e-07, 4.47721220098e-07, 2.35047622255e-07],
        "min": [1.05417863328e-09, 7.0470773661e-10, 8.92475870984e-10, 2.2075063999e-09, 5.00663599468e-09, 3.54309070971e-09, 2.16790656538e-08, 8.8855600211e-08, 9.89119044448e-08, 8.5855063503e-08, 5.62472664001e-08, 1.82674622096e-08, 8.74562733344e-09, 1.56511692495e-09, 4.56414017691e-09, 3.75042352729e-09, 6.74153455282e-10, 1.65587177303e-09, 1.48120993249e-09, 6.06882455401e-09, 1.15575433668e-08, 1.43051670509e-09, 1.44561962401e-09, 2.84423751218e-09, 3.42425421351e-09, 2.59865462482e-09, 6.19300211113e-09, 1.41515412722e-08, 1.16910339187e-08, 8.95536811374e-10, 2.94273827528e-09, 4.85018958329e-09, 2.03893657513e-09, 1.49838952357e-09, 2.02783922987e-09, 1.55935886426e-09, 2.03236516505e-09, 1.53634249767e-09, 1.33756605791e-09, 7.22981008394e-10],
        "var": [2.88281759575e-11, 7.67285193715e-11, 3.31461835756e-09, 2.24053646747e-08, 5.10418685096e-09, 1.33790765133e-08, 7.53601903103e-10, 8.28816411058e-08, 3.06565510755e-08, 1.43089167182e-08, 3.7041218981e-09, 1.1017602386e-09, 8.73546213143e-09, 5.80309000853e-09, 1.29146684458e-08, 1.79899359409e-07, 7.46090123016e-08, 1.50505241603e-09, 2.19806350898e-09, 2.31559593722e-09, 1.29489752254e-09, 7.70814523321e-09, 5.52499335171e-09, 1.32491990712e-08, 9.28621446405e-09, 1.75081282805e-08, 4.67584975183e-08, 9.13296815952e-09, 1.01712682721e-09, 2.56954013622e-10, 4.8934989394e-10, 6.43514019849e-10, 4.71228160659e-11, 1.8049180206e-11, 6.44781311676e-11, 5.82761061629e-11, 1.27942115236e-10, 9.43965183797e-11, 4.7320186658e-10, 1.64437602423e-10]
    },
    "mfcc": {
        "mean": [-777.590209961, 1.84349501133, -14.7264966965, -14.6691665649, -38.8763389587, -11.6532859802, -2.71161341667, -26.0007629395, -2.61348176003, -1.64497470856, -15.771276474, 1.76744163036, -3.74403166771],
        "cov": [[7543.73339844, 566.799194336, -869.15045166, -85.8349609375, 479.678833008, -424.402160645, -224.667449951, 19.8786430359, -474.663787842, -374.507202148, 29.9794158936, -307.259399414, -445.381591797], [566.799194336, 326.073150635, -152.30758667, -34.4058074951, 54.2351570129, -54.9353218079, -43.2282524109, 30.168586731, -25.899433136, -35.4461898804, 20.0541057587, -22.3610858917, -23.8431167603], [-869.15045166, -152.30758667, 266.606018066, 55.752532959, -55.987323761, 95.3932952881, 51.9221992493, -10.3185491562, 70.8185043335, 41.7317810059, -38.1500473022, 25.7100925446, 32.2286491394], [-85.8349609375, -34.4058074951, 55.752532959, 110.265991211, 20.208486557, 37.4872207642, 20.1509227753, 3.17879700661, -0.127089366317, 15.1438550949, 11.3631057739, -7.74697828293, 6.37746715546], [479.678833008, 54.2351570129, -55.987323761, 20.208486557, 92.5107421875, -15.3152637482, -11.1872644424, 10.6832847595, -33.8175430298, -26.4978637695, 11.3563070297, -25.3594799042, -34.8246917725], [-424.402160645, -54.9353218079, 95.3932952881, 37.4872207642, -15.3152637482, 99.9380111694, 41.9076004028, -7.55526685715, 34.7985267639, 24.0001125336, -11.2213191986, 13.5385551453, 25.0926074982], [-224.667449951, -43.2282524109, 51.9221992493, 20.1509227753, -11.1872644424, 41.9076004028, 62.2972984314, 12.4143133163, 28.2352027893, 22.1126213074, 2.37630987167, 12.0528554916, 21.4353065491], [19.8786430359, 30.168586731, -10.3185491562, 3.17879700661, 10.6832847595, -7.55526685715, 12.4143133163, 57.6019935608, 23.1804924011, 10.0310993195, 25.91147995, 6.79051303864, 3.86413812637], [-474.663787842, -25.899433136, 70.8185043335, -0.127089366317, -33.8175430298, 34.7985267639, 28.2352027893, 23.1804924011, 94.0712738037, 33.6738471985, 7.87689161301, 30.4091625214, 26.7762107849], [-374.507202148, -35.4461898804, 41.7317810059, 15.1438550949, -26.4978637695, 24.0001125336, 22.1126213074, 10.0310993195, 33.6738471985, 66.1076889038, 25.9386234283, 33.4181137085, 42.51014328], [29.9794158936, 20.0541057587, -38.1500473022, 11.3631057739, 11.3563070297, -11.2213191986, 2.37630987167, 25.91147995, 7.87689161301, 25.9386234283, 81.8046035767, 30.0427818298, 21.960609436], [-307.259399414, -22.3610858917, 25.7100925446, -7.74697828293, -25.3594799042, 13.5385551453, 12.0528554916, 6.79051303864, 30.4091625214, 33.4181137085, 30.0427818298, 73.7819213867, 39.6537818909], [-445.381591797, -23.8431167603, 32.2286491394, 6.37746715546, -34.8246917725, 25.0926074982, 21.4353065491, 3.86413812637, 26.7762107849, 42.51014328, 21.960609436, 39.6537818909, 67.4376525879]],
