{
"lowlevel": {
    "average_loudness": 0.907657504082,
    "barkbands_crest": {
        "dmean": 1.61661124229,
        "dmean2": 2.4277920723,
        "dvar": 3.6382818222,
        "dvar2": 8.44584369659,
        "max": 26.3431835175,
        "mean": 17.6824169159,
        "median": 19.5248851776,
        "min": 5.17637729645,
        "var": 46.6856956482
    },
    "barkbands_flatness_db": {
        "dmean": 0.0159711446613,
        "dmean2": 0.0202437564731,
        "dvar": 0.000337391684297,
        "dvar2": 0.000388020969694,
        "max": 0.400913715363,
        "mean": 0.282863616943,
        "median": 0.283937364817,
        "min": 0.158278524876,
        "var": 0.00421940349042
    },
    "barkbands_kurtosis": {
        "dmean": 16.8011169434,
        "dmean2": 24.3392868042,
        "dvar": 1024.6114502,
        "dvar2": 2275.84448242,
        "max": 282.491455078,
        "mean": 40.1966209412,
        "median": 12.0303268433,
        "min": -0.937702894211,
        "var": 2626.07788086
    },
    "barkbands_skewness": {
        "dmean": 0.99722546339,
        "dmean2": 1.42550122738,
        "dvar": 1.8354139328,
        "dvar2": 4.29289960861,
        "max": 13.9067211151,
        "mean": 3.98063611984,
        "median": 2.95779085159,
        "min": 0.162006542087,
        "var": 9.47053718567
    },
    "barkbands_spread": {
        "dmean": 0.638976931572,
        "dmean2": 0.768951773643,
        "dvar": 0.465222924948,
        "dvar2": 0.558839142323,
        "max": 14.2450532913,
        "mean": 5.15813112259,
        "median": 2.6580748558,
        "min": 0.363140523434,
        "var": 21.7801628113
    },
    "dissonance": {
        "dmean": 0.0367641113698,
        "dmean2": 0.0592193230987,
        "dvar": 0.00145687698387,
        "dvar2": 0.00420632679015,
        "max": 0.499347805977,
        "mean": 0.397409826517,
        "median": 0.4256092906,
        "min": 0.250493824482,
        "var": 0.0047402670607
    },
    "dynamic_complexity": 14.9422531128,
    "erbbands_crest": {
        "dmean": 1.92746579647,
        "dmean2": 2.75150179863,
        "dvar": 5.5383014679,
        "dvar2": 11.2619924545,
        "max": 31.3696651459,
        "mean": 20.9511432648,
        "median": 23.4077777863,
        "min": 6.25228643417,
        "var": 69.7655410767
    },
    "erbbands_flatness_db": {
        "dmean": 0.0144484015182,
        "dmean2": 0.0174561291933,
        "dvar": 0.000302823871607,
        "dvar2": 0.000358533143299,
        "max": 0.468865096569,
        "mean": 0.364449471235,
        "median": 0.36137264967,
        "min": 0.220052525401,
        "var": 0.00373065215535
    },
    "erbbands_kurtosis": {
        "dmean": 7.28290748596,
        "dmean2": 9.99951648712,
        "dvar": 172.133789062,
        "dvar2": 357.752471924,
        "max": 115.301490784,
        "mean": 19.4654102325,
        "median": 7.54476070404,
        "min": -1.1077671051,
        "var": 592.95111084
    },
    "erbbands_skewness": {
        "dmean": 0.50521838665,
        "dmean2": 0.671823978424,
        "dvar": 0.329484462738,
        "dvar2": 0.711154580116,
        "max": 7.94034767151,
        "mean": 2.87497663498,
        "median": 2.49351453781,
        "min": -0.153086006641,
        "var": 4.52980566025
    },
    "erbbands_spread": {
        "dmean": 1.04842412472,
        "dmean2": 1.28606688976,
        "dvar": 1.05013310909,
        "dvar2": 1.76142716408,
        "max": 24.343006134,
        "mean": 9.0154542923,
        "median": 5.35866928101,
        "min": 0.872434020042,
        "var": 61.2764816284
    },
    "hfc": {
        "dmean": 1.49597525597,
        "dmean2": 1.2615070343,
        "dvar": 10.2786006927,
        "dvar2": 6.64752483368,
        "max": 58.8502540588,
        "mean": 8.47006988525,
        "median": 0.248147785664,
        "min": 1.31283568408e-05,
        "var": 291.746795654
    },
    "melbands_crest": {
        "dmean": 2.10189962387,
        "dmean2": 3.02275776863,
        "dvar": 6.36438941956,
        "dvar2": 14.6232528687,
        "max": 29.0701389313,
        "mean": 21.1386203766,
        "median": 23.2794075012,
        "min": 6.71166944504,
        "var": 38.8372421265
    },
    "melbands_flatness_db": {
        "dmean": 0.0156657584012,
        "dmean2": 0.0173253659159,
        "dvar": 0.000378209195333,
        "dvar2": 0.000443883647677,
        "max": 0.448368608952,
        "mean": 0.306492000818,
        "median": 0.322588920593,
        "min": 0.158882200718,
        "var": 0.00804449990392
    },
    "melbands_kurtosis": {
        "dmean": 9.99187755585,
        "dmean2": 14.8925695419,
        "dvar": 233.128692627,
        "dvar2": 539.473388672,
        "max": 170.003387451,
        "mean": 32.3158302307,
        "median": 16.3929653168,
        "min": -0.361573219299,
        "var": 1450.74914551
    },
    "melbands_skewness": {
        "dmean": 0.558260321617,
        "dmean2": 0.882649600506,
        "dvar": 0.315732896328,
        "dvar2": 0.859746158123,
        "max": 9.17796802521,
        "mean": 3.21680617332,
        "median": 2.67984056473,
        "min": -0.0124630276114,
        "var": 5.08723974228
    },
    "melbands_spread": {
        "dmean": 1.15486121178,
        "dmean2": 1.2468200922,
        "dvar": 2.46051025391,
        "dvar2": 2.3381626606,
        "max": 28.2998485565,
        "mean": 8.41650295258,
        "median": 3.39173460007,
        "min": 0.587130844593,
        "var": 77.8178100586
    },
    "pitch_salience": {
        "dmean": 0.0629844591022,
        "dmean2": 0.0910263359547,
        "dvar": 0.00616441154853,
        "dvar2": 0.00928161852062,
        "max": 0.799087941647,
        "mean": 0.460547357798,
        "median": 0.500294923782,
        "min": 0.0723367258906,
        "var": 0.0411400534213
    },
    "silence_rate_20dB": {
        "dmean": 0,
        "dmean2": 0,
        "dvar": 0,
        "dvar2": 0,
        "max": 1,
        "mean": 1,
        "median": 1,
        "min": 1,
        "var": 0
    },
    "silence_rate_30dB": {
        "dmean": 0,
        "dmean2": 0,
        "dvar": 0,
        "dvar2": 0,
        "max": 1,
        "mean": 1,
        "median": 1,
        "min": 1,
        "var": 0
    },
    "silence_rate_60dB": {
        "dmean": 0.0444444455206,
        "dmean2": 0.0898876413703,
        "dvar": 0.0424691289663,
        "dvar2": 0.0818079188466,
        "max": 1,
        "mean": 0.736263751984,
        "median": 1,
        "min": 0,
        "var": 0.19417963922
    },
    "spectral_centroid": {
        "dmean": 68.9943771362,
        "dmean2": 72.9718780518,
        "dvar": 9609.51074219,
        "dvar2": 13368.9638672,
        "max": 2738.20751953,
        "mean": 1308.35290527,
        "median": 1031.71606445,
        "min": 684.38494873,
        "var": 386034.125
    },
    "spectral_complexity": {
        "dmean": 0.71111112833,
        "dmean2": 0.955056190491,
        "dvar": 1.27209806442,
        "dvar2": 1.84067904949,
        "max": 22,
        "mean": 4.90109872818,
        "median": 1,
        "min": 0,
        "var": 43.8473548889
    },
    "spectral_decrease": {
        "dmean": 2.38709885192e-10,
        "dmean2": 1.75851999629e-10,
        "dvar": 2.04934733468e-19,
        "dvar2": 1.26060619293e-19,
        "max": -3.97423877797e-15,
        "mean": -1.2112694181e-09,
        "median": -6.61454710449e-11,
        "min": -8.47650216684e-09,
        "var": 5.34253830567e-18
    },
    "spectral_energy": {
        "dmean": 0.00103083462454,
        "dmean2": 0.000774402695242,
        "dvar": 3.92019228457e-06,
        "dvar2": 2.40726421907e-06,
        "max": 0.0371720865369,
        "mean": 0.00533986464143,
        "median": 0.000269004114671,
        "min": 1.61904907259e-08,
        "var": 0.00010529159772
    },
    "spectral_energyband_high": {
        "dmean": 7.42566116969e-05,
        "dmean2": 8.64803805598e-05,
        "dvar": 5.76795429197e-08,
        "dvar2": 6.75556606211e-08,
        "max": 0.0031571756117,
        "mean": 0.000243910268182,
        "median": 8.21359890324e-07,
        "min": 1.22643520339e-10,
        "var": 3.99418723873e-07
    },
    "spectral_energyband_low": {
        "dmean": 5.89598094791e-08,
        "dmean2": 6.71915998396e-08,
        "dvar": 1.89776783155e-14,
        "dvar2": 2.1450357224e-14,
        "max": 1.7091731479e-06,
        "mean": 1.57387077593e-07,
        "median": 6.51209886016e-09,
        "min": 2.40794634232e-10,
        "var": 1.35587287925e-13
    },
    "spectral_energyband_middle_high": {
        "dmean": 0.000912039715331,
        "dmean2": 0.000701632874552,
        "dvar": 3.31413298227e-06,
        "dvar2": 2.12393251786e-06,
        "max": 0.0330101326108,
        "mean": 0.00460423436016,
        "median": 0.000203823670745,
        "min": 2.32685026802e-09,
        "var": 8.37398401927e-05
    },
    "spectral_energyband_middle_low": {
        "dmean": 0.000455562811112,
        "dmean2": 0.00039376213681,
        "dvar": 7.70945916884e-07,
        "dvar2": 5.13797033364e-07,
        "max": 0.0130305867642,
        "mean": 0.00176519027445,
        "median": 6.44109459245e-05,
        "min": 1.36726345801e-08,
        "var": 1.11413046398e-05
    },
    "spectral_entropy": {
        "dmean": 0.136439248919,
        "dmean2": 0.146578580141,
        "dvar": 0.0342930182815,
        "dvar2": 0.0398962087929,
        "max": 7.66750049591,
        "mean": 6.62402200699,
        "median": 6.67237997055,
        "min": 5.40121936798,
        "var": 0.450842440128
    },
    "spectral_flux": {
        "dmean": 0.00296776066534,
        "dmean2": 0.0046889022924,
        "dvar": 1.83339434443e-05,
        "dvar2": 4.43495955551e-05,
        "max": 0.0555374510586,
        "mean": 0.0124998083338,
        "median": 0.00452722189948,
        "min": 0.000143121564179,
        "var": 0.000208129393286
    },
    "spectral_kurtosis": {
        "dmean": 2.89117646217,
        "dmean2": 4.28441810608,
        "dvar": 11.1083402634,
        "dvar2": 21.5321235657,
        "max": 54.4333457947,
        "mean": 14.7164268494,
        "median": 9.05642700195,
        "min": 3.96959877014,
        "var": 143.987579346
    },
    "spectral_rms": {
        "dmean": 0.000169892577105,
        "dmean2": 0.000123251127661,
        "dvar": 5.88607775853e-08,
        "dvar2": 2.49862992519e-08,
        "max": 0.00602208031341,
        "mean": 0.00141356198583,
        "median": 0.000512291968334,
        "min": 3.97436815547e-06,
        "var": 3.21146853821e-06
    },
    "spectral_rolloff": {
        "dmean": 125.131835938,
        "dmean2": 207.831695557,
        "dvar": 66160.7265625,
        "dvar2": 117046.101562,
        "max": 3962.109375,
        "mean": 1374.10229492,
        "median": 947.4609375,
        "min": 689.0625,
        "var": 657434.8125
    },
    "spectral_skewness": {
        "dmean": 0.258384793997,
        "dmean2": 0.397494226694,
        "dvar": 0.0632394626737,
        "dvar2": 0.12260659039,
        "max": 5.87022542953,
        "mean": 2.81144213676,
        "median": 2.43850231171,
        "min": 1.52961814404,
        "var": 1.39912760258
    },
    "spectral_spread": {
        "dmean": 319690.40625,
        "dmean2": 378571.875,
        "dvar": 909282115584,
        "dvar2": 543522357248,
        "max": 15135045,
        "mean": 3462729.25,
        "median": 3421686.25,
        "min": 1549634.5,
        "var": 2.37936181248e+12
    },
    "spectral_strongpeak": {
        "dmean": 0.296385675669,
        "dmean2": 0.505076289177,
        "dvar": 0.493097782135,
        "dvar2": 1.11764872074,
        "max": 6.98459434509,
        "mean": 0.998708128929,
        "median": 0.480797916651,
        "min": 0.00042599363951,
        "var": 1.84396982193
    },
    "zerocrossingrate": {
        "dmean": 0.00282660592347,
        "dmean2": 0.00287482445128,
        "dvar": 1.48163580889e-05,
        "dvar2": 1.20947252071e-05,
        "max": 0.09130859375,
        "mean": 0.0524392612278,
        "median": 0.04296875,
        "min": 0.009765625,
        "var": 0.000450442777947
    },
    "barkbands": {
        "dmean": [8.75329497774e-09, 1.98528926632e-09, 2.82861645218e-08, 3.80484266316e-08, 9.2331802648e-08, 7.19432478036e-07, 1.92987067749e-06, 9.44948897086e-06, 0.000101490513771, 0.000579698535148, 9.989902901e-05, 1.63516197063e-05, 4.63688229502e-05, 0.000322282256093, 2.20263791562e-05, 3.59097430191e-05, 0.000129852211103, 2.55180129898e-05, 0.000104677317722, 0.000115198257845, 8.32201112644e-06, 3.83074120691e-06, 2.84915859083e-06, 2.91694732368e-06, 2.16751732296e-06, 7.97990651336e-07, 1.10192083014e-07],
        "dmean2": [1.55701531668e-08, 3.55716878175e-09, 2.88484258704e-08, 4.65547920214e-08, 1.5950406862e-07, 1.11880262921e-06, 2.37028280026e-06, 1.16239389172e-05, 9.65208091657e-05, 0.000455050205346, 8.52931916597e-05, 2.45636274485e-05, 5.70966913074e-05, 0.000307733716909, 2.65565613518e-05, 4.59087204945e-05, 0.000167827267433, 2.88816263492e-05, 0.000114335773105, 0.000110751585453, 1.09295096991e-05, 5.84875169807e-06, 4.22027051172e-06, 3.73402531295e-06, 2.71608701041e-06, 1.23040695144e-06, 1.22371261568e-07],
        "dvar": [7.87486597237e-17, 3.50342984762e-17, 4.25340940244e-15, 7.91171463196e-15, 3.11413899225e-14, 2.09265222338e-12, 1.60557955819e-11, 5.0411119723e-10, 3.16153396795e-08, 1.3312765077e-06, 6.02699401497e-08, 1.06230901853e-09, 9.43561051514e-09, 5.52299695755e-07, 3.52962947758e-09, 1.11335083375e-08, 1.19609907756e-07, 2.87368462359e-09, 5.83169814661e-08, 1.14366976334e-07, 3.62947255583e-10, 9.6302903152e-11, 3.81129190707e-11, 4.79373173101e-11, 2.43879257067e-11, 3.57298695838e-12, 7.02697313315e-14],
        "dvar2": [1.88997389495e-16, 1.0901599243e-16, 4.06882059444e-15, 1.17532775572e-14, 7.91357268343e-14, 6.12159888752e-12, 2.10068785284e-11, 8.93435492255e-10, 3.0635710857e-08, 9.11377355806e-07, 5.27064045741e-08, 2.00366545577e-09, 1.34560034226e-08, 5.3813340628e-07, 3.64180263723e-09, 1.52930592634e-08, 2.61578009031e-07, 3.69858499383e-09, 8.03921267334e-08, 1.12038691213e-07, 6.84543921547e-10, 1.70569114388e-10, 1.04518040056e-10, 7.45523365264e-11, 4.74174241538e-11, 1.02168950383e-11, 9.33000489475e-14],
        "max": [4.1823412289e-08, 4.37944507325e-08, 9.04052797068e-07, 1.019780143e-06, 9.56745338954e-07, 1.00168344943e-05, 4.99287889397e-05, 0.0002441185934, 0.00284655601718, 0.0162675119936, 0.00324327149428, 0.000275175349088, 0.00117361801676, 0.0120787834749, 0.000725692429114, 0.00138999812771, 0.00381989823654, 0.000845542177558, 0.00250038760714, 0.00495440373197, 0.000251114019193, 0.000121350160043, 7.52779960749e-05, 8.60462605488e-05, 7.07847575541e-05, 1.52550564962e-05, 3.94602921006e-06],
        "mean": [8.47973158358e-09, 1.9869175194e-09, 8.31082758168e-08, 7.92316257048e-08, 1.49573835984e-07, 9.7877079952e-07, 4.62265916212e-06, 2.22321868932e-05, 0.000338631827617, 0.00189193803817, 0.00028252080665, 3.15831421176e-05, 0.000149552506628, 0.00147983303759, 5.27172414877e-05, 9.71665504039e-05, 0.000227882657782, 7.24208512111e-05, 0.000227409182116, 0.000390418397728, 3.03164197248e-05, 1.02996482383e-05, 8.38105643197e-06, 9.57907923294e-06, 8.63960485731e-06, 1.9550639081e-06, 4.66928298692e-07],
        "median": [4.30738422708e-09, 1.06851871795e-09, 1.16910081616e-09, 2.42847342236e-09, 2.64060897592e-08, 4.8357811977e-08, 3.11890232751e-07, 1.64621428667e-06, 1.92045154108e-05, 2.21506415983e-05, 4.09796775784e-05, 3.13383270623e-06, 1.70974271896e-06, 4.27457734986e-06, 2.59596163232e-06, 9.97223423838e-07, 3.22345414361e-07, 1.17112745102e-06, 3.30812582661e-07, 4.17693684085e-07, 1.48135512745e-07, 4.18450341044e-08, 5.59496662333e-08, 1.21200272929e-07, 2.19009805846e-07, 4.59108591144e-08, 1.00921395685e-08],
        "min": [5.45358246409e-12, 6.31934435336e-11, 1.23128209017e-11, 7.57421347863e-11, 3.30197674758e-10, 3.15589332445e-10, 3.00429875422e-10, 2.28070673458e-09, 1.00373203082e-08, 9.08038255698e-10, 5.61232560425e-10, 4.95852636728e-10, 3.2488328694e-10, 9.16861378486e-11, 2.84858005239e-11, 1.78696901026e-11, 1.61662350173e-11, 1.69249718407e-11, 1.13111690153e-11, 9.6199844965e-12, 9.3620293809e-12, 9.33633465677e-12, 9.97065451036e-12, 1.02182446532e-11, 8.39410919246e-12, 1.19074116886e-11, 6.31855054389e-11],
        "var": [8.83010804038e-17, 2.26490125e-17, 3.96765919544e-14, 3.58646252074e-14, 6.0132319046e-14, 3.50010775571e-12, 8.92941137698e-11, 2.13631223822e-09, 4.14535890059e-07, 1.63099175552e-05, 3.96067349584e-07, 3.54980334016e-09, 9.07898609626e-08, 1.03253451016e-05, 1.93479845478e-08, 5.71854030795e-08, 3.75783514528e-07, 2.67963518041e-08, 2.81397035451e-07, 1.10040332402e-06, 3.56611051799e-09, 5.52605294857e-10, 2.72005279411e-10, 3.9465225532e-10, 2.89189505676e-10, 1.6589422544e-11, 9.32888532049e-13]
    },
    "erbbands": {
        "dmean": [9.26111880517e-08, 6.29471685443e-07, 1.8088861907e-05, 0.000116851515486, 0.00019486596284, 0.000355841475539, 0.00100183358882, 0.00653202645481, 0.0131971873343, 0.202294886112, 0.44702360034, 3.15198802948, 20.5806446075, 4.92431116104, 1.02450430393, 0.82038962841, 1.15407311916, 14.1254272461, 5.1098279953, 1.02099716663, 3.37347579002, 5.44736289978, 0.898147642612, 7.23039627075, 1.34824383259, 7.78032779694, 0.548167645931, 0.251098006964, 0.189084812999, 0.0816155299544, 0.0774737745523, 0.0578739494085, 0.0471984818578, 0.0307099558413, 0.0154823875055, 0.00575003027916, 0.000434723508079, 0.000125441220007, 2.21110603889e-05, 1.56461817369e-06],
        "dmean2": [1.58114175974e-07, 9.35079071951e-07, 1.84913515113e-05, 0.000133259280119, 0.000312843068969, 0.000595797144342, 0.00164362671785, 0.01013145037, 0.0192115902901, 0.215949341655, 0.417206019163, 2.97490739822, 16.3522605896, 4.71838569641, 0.881126999855, 1.25250542164, 1.42979860306, 14.3096733093, 5.27287530899, 1.25764763355, 4.7251996994, 7.07475233078, 1.21608936787, 7.39124965668, 1.39079749584, 7.47187328339, 0.666424632072, 0.345593988895, 0.262150347233, 0.119666658342, 0.112497776747, 0.0773065909743, 0.0675922110677, 0.0394712686539, 0.0208420343697, 0.00872443802655, 0.000636975746602, 0.00013175237109, 2.92919503408e-05, 1.28913234221e-06],
        "dvar": [3.33689544366e-14, 2.16500211855e-12, 1.61511604091e-09, 7.58251559319e-08, 1.96388256768e-07, 4.17001217556e-07, 2.92432764581e-06, 0.000164654207765, 0.000522665912285, 0.238990232348, 0.680622935295, 24.7474746704, 1727.14257812, 100.21194458, 5.46342658997, 2.66221380234, 4.70393657684, 978.067260742, 121.029632568, 5.90453290939, 67.1866607666, 204.128082275, 4.01474761963, 288.614715576, 10.0299291611, 533.145202637, 1.86706137657, 0.265064120293, 0.271910250187, 0.0394961424172, 0.025983447209, 0.0212578121573, 0.00943868048489, 0.00487291160971, 0.00109682104085, 0.00019472479471, 1.03178297195e-06, 8.24121713094e-08, 3.09851388991e-09, 1.05769984785e-11],
        "dvar2": [9.45399222232e-14, 6.36544246133e-12, 1.61196700432e-09, 9.62696660167e-08, 5.39699613e-07, 1.00013141946e-06, 6.65272227707e-06, 0.000473311200039, 0.00133594882209, 0.372854113579, 0.634021103382, 24.2690982819, 1161.10400391, 83.9850845337, 4.82823896408, 5.10419988632, 6.16195631027, 1030.84448242, 122.614479065, 6.82746648788, 134.055419922, 442.227783203, 8.55319023132, 390.50112915, 12.2560787201, 541.025695801, 2.50259041786, 0.479594826698, 0.453757554293, 0.0914893448353, 0.0696762502193, 0.033781837672, 0.0183502398431, 0.0097087752074, 0.00194197124802, 0.000502110924572, 2.41669863499e-06, 1.51131771986e-07, 3.81461129351e-09, 6.87578900066e-12],
        "max": [1.53384178248e-06, 1.03570710053e-05, 0.000567464157939, 0.00332513847388, 0.00251893489622, 0.0038232372608, 0.012910630554, 0.0939003825188, 0.212336927652, 5.71461629868, 12.8869562149, 87.8297729492, 577.78314209, 130.582702637, 32.7072677612, 14.2701368332, 31.8127269745, 530.17755127, 186.869781494, 32.9856719971, 74.1115036011, 160.512939453, 19.5602607727, 178.074645996, 54.9985618591, 333.533416748, 21.8315086365, 7.19493293762, 6.4899930954, 2.41549992561, 2.09568595886, 1.98200547695, 1.25646495819, 0.917081713676, 0.422796994448, 0.124533139169, 0.011220456101, 0.00424257200211, 0.000718479102943, 5.93318509345e-05],
        "mean": [1.30484963279e-07, 1.19458172776e-06, 5.12098122272e-05, 0.000281703396467, 0.00022903351055, 0.000516339205205, 0.00188178301323, 0.00947271380574, 0.0278527010232, 0.509859502316, 1.55498659611, 12.2396974564, 68.1711273193, 19.2301177979, 3.3121509552, 1.72926402092, 4.75930595398, 64.9582595825, 24.6607513428, 3.16300678253, 8.7021818161, 10.5715112686, 3.08173656464, 16.1322021484, 6.61517286301, 24.5417957306, 2.40798306465, 0.91355997324, 0.466039538383, 0.253221839666, 0.255166947842, 0.198151990771, 0.15555845201, 0.102007761598, 0.0630310624838, 0.0166087560356, 0.00153935607523, 0.000504146912135, 8.8497698016e-05, 9.23696825339e-06],
        "median": [7.25959878878e-08, 2.26222596211e-07, 1.09152551886e-06, 6.31581769994e-06, 3.53042596544e-05, 8.57254999573e-05, 0.000207728109672, 0.000491870101541, 0.00186129298527, 0.028429351747, 0.0953583940864, 0.604613423347, 0.667299330235, 3.57756471634, 0.834975779057, 0.215113282204, 0.104660458863, 0.196068450809, 0.0938718914986, 0.102546200156, 0.0610075332224, 0.0244261212647, 0.0598673298955, 0.0256698373705, 0.0239181742072, 0.0145659819245, 0.00742246583104, 0.00349257490598, 0.00185305892956, 0.00152902072296, 0.00167197361588, 0.00208654045127, 0.00187149189878, 0.00209918059409, 0.00163701979909, 0.00040166528197, 4.42627242592e-05, 9.35735897656e-06, 1.88560932202e-06, 3.91828109514e-07],
        "min": [1.2471346178e-09, 1.73824687977e-08, 3.31535581211e-08, 2.11646138837e-07, 6.36850359115e-07, 1.15916623145e-06, 1.86142096936e-06, 2.79420214611e-06, 4.41205747848e-06, 1.17638064694e-05, 0.000100295204902, 0.000249660777627, 5.94384000578e-05, 2.87277453026e-05, 2.10971829802e-05, 2.00289050554e-05, 1.46299689732e-05, 9.02836745809e-06, 1.89261538708e-06, 1.50526716425e-06, 8.37235972995e-07, 9.51079414335e-07, 9.75299144557e-07, 6.13874192368e-07, 5.63735000014e-07, 4.94544337926e-07, 3.20898635664e-07, 4.22771847752e-07, 3.84781458251e-07, 2.67713517133e-07, 2.65822791334e-07, 2.12823323409e-07, 1.76356522275e-07, 7.61665219784e-08, 7.50266977434e-08, 3.39231753799e-08, 2.85419652357e-08, 1.97031866378e-08, 9.21381904107e-09, 9.95060256415e-10],
        "var": [3.90830658039e-14, 5.24048773126e-12, 1.48432635072e-08, 4.50719227274e-07, 2.01531534572e-07, 7.25773475097e-07, 8.62143951963e-06, 0.000315875280648, 0.0020449499134, 1.161698699, 8.73680210114, 429.873168945, 21138.4453125, 1212.29821777, 43.0610961914, 9.3188867569, 68.3837051392, 18835.1054688, 2574.37695312, 41.3784751892, 308.530853271, 680.274230957, 30.7942771912, 1396.1159668, 200.19984436, 4583.03857422, 28.7516841888, 3.11617398262, 1.31158876419, 0.261286348104, 0.255038887262, 0.177421227098, 0.0915209800005, 0.0414869785309, 0.0153438793495, 0.00116954592522, 9.38931952987e-06, 1.10661324015e-06, 3.28152545137e-08, 3.16359605179e-10]
    },
    "gfcc": {
        "mean": [-337.910552979, 5.82550430298, -207.409378052, -68.5219421387, -77.2037811279, 5.52669286728, -14.1066198349, 25.1123771667, -20.4574813843, -5.4260225296, -19.7244224548, -18.7130584717, -5.95102787018],
        "cov": [[39205.2539062, -8147.24316406, -8884.37304688, 3778.87890625, -1254.0612793, -222.626113892, -2159.76342773, 325.937408447, -1762.77722168, -85.7092666626, -1127.80639648, -567.126647949, 77.174041748], [-8147.24316406, 2398.72216797, 1588.59240723, -969.657470703, 164.667144775, -278.497497559, 486.857116699, -79.645904541, 767.115356445, 175.841064453, 238.935073853, -198.810348511, -245.018280029], [-8884.37304688, 1588.59240723, 2658.68896484, -742.680114746, 280.074432373, 193.070358276, 455.178283691, -124.611763, 269.44519043, 18.6593132019, 209.105865479, 141.389602661, -94.8630447388], [3778.87890625, -969.657470703, -742.680114746, 517.004516602, -113.498306274, 64.5970916748, -250.717666626, -0.789439558983, -313.936065674, -72.8115310669, -124.292785645, 39.0400238037, 56.7188949585], [-1254.0612793, 164.667144775, 280.074432373, -113.498306274, 127.022697449, 73.263633728, 107.215736389, 26.4977397919, 26.8747692108, -21.8642578125, 21.0893974304, 41.4412574768, 34.3402061462], [-222.626113892, -278.497497559, 193.070358276, 64.5970916748, 73.263633728, 242.45375061, 9.28587341309, 25.6349411011, -220.154922485, -109.144859314, -1.09772503376, 183.382797241, 127.129142761], [-2159.76342773, 486.857116699, 455.178283691, -250.717666626, 107.215736389, 9.28587341309, 222.238433838, 20.4216213226, 179.236480713, 33.2343978882, 62.708152771, -34.3516311646, -26.4285869598], [325.937408447, -79.645904541, -124.611763, -0.789439558983, 26.4977397919, 25.6349411011, 20.4216213226, 56.3948440552, 2.54654145241, -8.24671268463, -8.48433113098, -2.29869866371, 17.4144763947], [-1762.77722168, 767.115356445, 269.44519043, -313.936065674, 26.8747692108, -220.154922485, 179.236480713, 2.54654145241, 427.244476318, 162.244262695, 47.4988441467, -246.314651489, -187.554931641], [-85.7092666626, 175.841064453, 18.6593132019, -72.8115310669, -21.8642578125, -109.144859314, 33.2343978882, -8.24671268463, 162.244262695, 104.320823669, 5.90168714523, -133.923355103, -98.1613616943], [-1127.80639648, 238.935073853, 209.105865479, -124.292785645, 21.0893974304, -1.09772503376, 62.708152771, -8.48433113098, 47.4988441467, 5.90168714523, 59.736831665, 40.7516288757, 17.0540714264], [-567.126647949, -198.810348511, 141.389602661, 39.0400238037, 41.4412574768, 183.382797241, -34.3516311646, -2.29869866371, -246.314651489, -133.923355103, 40.7516288757, 281.094909668, 186.288803101], [77.174041748, -245.018280029, -94.8630447388, 56.7188949585, 34.3402061462, 127.129142761, -26.4285869598, 17.4144763947, -187.554931641, -98.1613616943, 17.0540714264, 186.288803101, 177.056503296]],
        "icov": [[0.00109722057823, 0.00177294353489, 0.00178165198304, -0.000627515662927, 0.00232944847085, -0.000616737117525, 0.000802965834737, -0.001445813803, 0.00075853074668, -0.00123542710207, 0.00231414730661, 0.00122556940187, 0.00199010991491], [0.00177294353489, 0.00879453122616, 0.00201078574173, 0.0032867945265, 0.00330072804354, -0.00080441654427, 0.00339572853409, 0.00459191482514, -0.00918558984995, 0.0107606081292, -0.00342883053236, 0.00365343876183, 0.00413637096062], [0.00178165198304, 0.00201078574173, 0.00529127707705, 0.000483542884467, 0.00222444278188, -0.00404139375314, -0.000890776107553, 0.00282415305264, 0.00279124779627, -0.00460261665285, 0.00542113743722, -0.00137041788548, 0.00807044561952], [-0.000627515662927, 0.0032867945265, 0.000483542884467, 0.0159067288041, 0.000148824386997, 0.00052097812295, -0.0012461009901, 0.0102381464094, 0.001663235249, 0.0062058987096, 0.00678529636934, -0.0011267332593, 0.0041238386184], [0.00232944847085, 0.00330072804354, 0.00222444278188, 0.000148824386997, 0.0290101803839, -0.00374476891011, -0.00707627600059, -0.00974987726659, -0.00103158934508, -0.0032913943287, 0.0214607249945, -0.00087405362865, -0.00240355473943], [-0.000616737117525, -0.00080441654427, -0.00404139375314, 0.00052097812295, -0.00374476891011, 0.0284083895385, -0.010857318528, -0.0140411574394, 0.0182250048965, -0.003418228589, 0.00804090686142, -0.00602675182745, -0.000110435590614], [0.000802965834737, 0.00339572853409, -0.000890776107553, -0.0012461009901, -0.00707627600059, -0.010857318528, 0.0291501022875, -0.00212089228444, -0.0169692765921, 0.013239890337, -0.0230303239077, 0.0156617257744, -0.00689629232511], [-0.001445813803, 0.00459191482514, 0.00282415305264, 0.0102381464094, -0.00974987726659, -0.0140411574394, -0.00212089228444, 0.0526224151254, -0.0212141145021, 0.0181244816631, -0.00522140786052, -0.00261911400594, 0.00253350124694], [0.00075853074668, -0.00918558984995, 0.00279124779627, 0.001663235249, -0.00103158934508, 0.0182250048965, -0.0169692765921, -0.0212141145021, 0.056138638407, -0.0355823524296, 0.0141539135948, 0.00333367916755, 0.00945791229606], [-0.00123542710207, 0.0107606081292, -0.00460261665285, 0.0062058987096, -0.0032913943287, -0.003418228589, 0.013239890337, 0.0181244816631, -0.0355823524296, 0.0708174631, -0.0399074554443, 0.0210072752088, -0.00242745736614], [0.00231414730661, -0.00342883053236, 0.00542113743722, 0.00678529636934, 0.0214607249945, 0.00804090686142, -0.0230303239077, -0.00522140786052, 0.0141539135948, -0.0399074554443, 0.101773038507, -0.0362817384303, 0.00335636013187], [0.00122556940187, 0.00365343876183, -0.00137041788548, -0.0011267332593, -0.00087405362865, -0.00602675182745, 0.0156617257744, -0.00261911400594, 0.00333367916755, 0.0210072752088, -0.0362817384303, 0.0455166846514, -0.0179770048708], [0.00199010991491, 0.00413637096062, 0.00807044561952, 0.0041238386184, -0.00240355473943, -0.000110435590614, -0.00689629232511, 0.00253350124694, 0.00945791229606, -0.00242745736614, 0.00335636013187, -0.0179770048708, 0.0400383993983]]
    },
    "melbands": {
        "dmean": [9.04770480759e-10, 6.94131285783e-09, 1.88131128454e-08, 2.39739321728e-08, 2.50610430186e-08, 1.5711785295e-07, 1.91295072227e-07, 2.39861265072e-06, 7.69251073507e-06, 1.70428011188e-05, 0.000105451203126, 2.00459926418e-05, 7.13530198482e-06, 1.42912972478e-06, 1.62822425409e-06, 4.87654006065e-06, 3.25729415636e-05, 1.32053810376e-05, 1.17829335977e-06, 2.47667639997e-06, 5.49155265617e-06, 8.28264182928e-06, 8.21966068543e-07, 1.28925989884e-06, 7.56926283429e-06, 1.05828337382e-06, 2.67109612651e-06, 5.30541683474e-06, 2.0568245418e-07, 3.58705307235e-07, 7.83130289506e-08, 1.39600672355e-07, 4.12929708205e-08, 5.17277527479e-08, 4.3539507999e-08, 4.36960476691e-08, 4.03950899397e-08, 3.99796356021e-08, 3.04295184606e-08, 3.00681328724e-08],
        "dmean2": [1.57390567246e-09, 7.04111435823e-09, 2.263063692e-08, 3.90602146183e-08, 4.05246503021e-08, 2.47371986006e-07, 2.63075918383e-07, 2.65764288088e-06, 7.26081907487e-06, 1.58436214406e-05, 8.37930856505e-05, 1.90948121599e-05, 6.12511712461e-06, 2.24902009904e-06, 2.34567869484e-06, 6.25569373369e-06, 3.23111707985e-05, 1.33480498334e-05, 1.22749077036e-06, 2.57919555224e-06, 7.76420438342e-06, 1.07966043288e-05, 1.17048386983e-06, 1.25378653593e-06, 7.83989798947e-06, 1.60932791005e-06, 2.63580614046e-06, 5.14233533977e-06, 3.2727430721e-07, 5.2015508345e-07, 1.01386483209e-07, 2.08569105098e-07, 7.07644289832e-08, 8.1873068325e-08, 6.46732587484e-08, 6.85019898583e-08, 5.22687173543e-08, 5.90079487495e-08, 4.74491415048e-08, 4.19224654991e-08],
        "dvar": [2.3598615016e-18, 2.33700784131e-16, 1.66798342072e-15, 2.3708384431e-15, 2.121538012e-15, 9.61374602431e-14, 1.0360937504e-13, 3.35076619229e-11, 1.95588392704e-10, 7.0989275569e-10, 4.52777477733e-08, 1.56314095001e-09, 2.9563732018e-10, 8.12141413148e-12, 7.54797092883e-12, 1.07718389764e-10, 5.44932587943e-09, 8.61079096914e-10, 6.51312207292e-12, 4.83280672425e-11, 1.8071218133e-10, 5.10535835829e-10, 3.00153109832e-12, 5.96284003077e-12, 3.19819559724e-10, 9.59519876748e-12, 5.1650846794e-11, 2.46952153171e-10, 2.41522568004e-13, 8.60439215537e-13, 3.07228506145e-14, 1.59464469082e-13, 1.16729432584e-14, 1.63220487608e-14, 9.87622628807e-15, 1.06636187985e-14, 8.6481276174e-15, 7.45252028356e-15, 4.96241875445e-15, 6.58505774865e-15],
        "dvar2": [6.87181576008e-18, 2.3519608845e-16, 2.38022632101e-15, 6.35836589746e-15, 4.69727372504e-15, 2.8207159373e-13, 2.37016352725e-13, 5.52358957184e-11, 1.90880242168e-10, 7.33875515913e-10, 3.05109431054e-08, 1.36686584273e-09, 2.57984966723e-10, 1.51880227145e-11, 1.46126877959e-11, 1.72748759741e-10, 5.62180124675e-09, 8.23472900979e-10, 7.66131082186e-12, 5.88997045581e-11, 3.92934518256e-10, 1.1074202666e-09, 7.16390185021e-12, 7.08962359305e-12, 4.39896202797e-10, 1.84244286494e-11, 4.22741702755e-11, 2.58071175541e-10, 6.28354519024e-13, 1.58299838082e-12, 6.7626344791e-14, 2.86119164385e-13, 2.75005712647e-14, 4.19898728147e-14, 2.59392184923e-14, 2.52122524653e-14, 1.50826549058e-14, 1.4466394391e-14, 1.33464863916e-14, 1.51819136147e-14],
        "max": [1.22295400473e-08, 2.16979856305e-07, 4.92602055147e-07, 2.55429455365e-07, 3.63375988854e-07, 2.16896660277e-06, 3.34255946655e-06, 6.54362520436e-05, 0.000218068336835, 0.000456790759927, 0.00296766799875, 0.000521449488588, 0.000230039804592, 2.29876113735e-05, 2.29572488024e-05, 0.000120479999168, 0.00122970226221, 0.000482932373416, 3.72560825781e-05, 8.99390870472e-05, 0.000139606214361, 0.000250825221883, 1.48403187268e-05, 4.01472389058e-05, 0.000182136122021, 3.66912754544e-05, 0.000108063628431, 0.000223380120588, 4.94053256261e-06, 1.11244171421e-05, 2.1388696041e-06, 4.33491641161e-06, 1.16718661047e-06, 1.31179842811e-06, 1.23396944218e-06, 1.23297263599e-06, 1.21366360872e-06, 9.93304070107e-07, 6.97415259765e-07, 9.17409749945e-07],
        "mean": [1.10101217032e-09, 1.98720098155e-08, 4.16072296616e-08, 2.59220911403e-08, 5.14415887665e-08, 2.18499451421e-07, 4.06115361784e-07, 5.74324940317e-06, 2.46768158831e-05, 6.14828823018e-05, 0.000345791719155, 7.64419455663e-05, 2.03012441489e-05, 2.93969378617e-06, 3.79301491193e-06, 1.52945103764e-05, 0.000149371873704, 6.26186956652e-05, 2.63793481281e-06, 4.99253837916e-06, 1.30811868075e-05, 1.48314211401e-05, 1.74624744886e-06, 3.62234163731e-06, 1.58096208906e-05, 3.65590130968e-06, 1.04239434222e-05, 1.58317816386e-05, 6.82572760979e-07, 1.05332821931e-06, 2.8053327128e-07, 3.04148841224e-07, 1.30287759248e-07, 1.27702037389e-07, 1.41234252737e-07, 1.331521986e-07, 1.16087605306e-07, 1.15406670886e-07, 9.155247227e-08, 8.44352214813e-08],
        "median": [6.94977742022e-10, 4.6668652276e-10, 1.65503410976e-09, 3.67900754306e-09, 5.40341860145e-09, 1.00848547291e-08, 3.01799580882e-08, 3.42530057651e-07, 9.40814572914e-07, 3.4126258015e-06, 2.25103622142e-06, 1.44335817822e-05, 3.30871671395e-06, 4.25330398457e-07, 2.88959228101e-07, 2.92364404686e-07, 3.82243797503e-07, 1.3385266584e-07, 2.09231586723e-07, 7.06451501742e-08, 6.04888583666e-08, 2.32767582986e-08, 4.40157919002e-08, 4.90242726414e-08, 2.06901678013e-08, 1.1852079318e-08, 2.65837041269e-08, 6.7775798307e-09, 3.63401109205e-09, 4.05081301835e-09, 1.52798618203e-09, 1.22294763205e-09, 7.81753883849e-10, 1.06075492834e-09, 8.85209516799e-10, 1.25329291389e-09, 1.47205858614e-09, 1.35998612372e-09, 1.55205270858e-09, 1.78954084884e-09],
        "min": [1.44962375437e-11, 2.59326015523e-11, 4.00518299082e-11, 6.56528512111e-11, 6.35749786149e-11, 6.34921490383e-11, 6.45737491256e-11, 1.65617852765e-10, 1.06239372855e-09, 1.49833356833e-09, 2.43575520864e-10, 1.13881765129e-10, 7.22005302767e-11, 5.89015780594e-11, 3.66516192396e-11, 3.47215242669e-11, 1.32806465478e-11, 2.75424236369e-12, 2.00496346955e-12, 1.65488402062e-12, 8.50642527337e-13, 1.00744586284e-12, 8.25619249616e-13, 8.63884376361e-13, 4.39501272832e-13, 4.58249107063e-13, 3.2859647078e-13, 3.33478768688e-13, 1.7400605967e-13, 2.51810155843e-13, 2.23732111396e-13, 2.50980605656e-13, 1.29343042353e-13, 1.58758179129e-13, 1.61474932275e-13, 1.41404330736e-13, 1.23098945859e-13, 1.48669040945e-13, 6.08143025413e-14, 6.2619282318e-14],
        "var": [2.19595276809e-18, 2.21464810873e-15, 8.99782093451e-15, 2.50778948287e-15, 6.68640269969e-15, 1.84003284614e-13, 4.63698090342e-13, 1.50683368561e-10, 2.39021269444e-09, 1.12903482119e-08, 5.50745312466e-07, 1.89910664972e-08, 1.97115568312e-09, 2.7136603728e-11, 3.60113466824e-11, 9.28549681589e-10, 1.02743790364e-07, 1.73427352479e-08, 4.07509963274e-11, 1.9152995856e-10, 7.60720875181e-10, 1.60277080496e-09, 1.12704776067e-11, 6.28127272417e-11, 1.40916411873e-09, 6.58423662814e-11, 7.04581726296e-10, 1.95244154177e-09, 1.54082042264e-12, 5.42396943332e-12, 2.86975142001e-13, 6.18847150174e-13, 7.51559391435e-14, 6.66074657994e-14, 7.89417088556e-14, 7.62047421151e-14, 6.23198392305e-14, 5.1473070733e-14, 3.15683013042e-14, 3.10391564339e-14]
    },
    "mfcc": {
        "mean": [-923.561035156, 43.2832298279, -72.8029556274, -53.4243965149, -41.0717391968, -27.5966358185, 2.57688808441, 7.03609371185, 12.3043842316, 16.8164196014, 1.18977975845, -10.257484436, -12.6949205399],
        "cov": [[25259.0390625, -1888.60559082, -6342.02294922, -478.579376221, -960.064819336, -1131.17895508, -110.751251221, -1139.70812988, -631.185302734, 652.838378906, -373.094238281, -772.600158691, -978.593505859], [-1888.60559082, 822.04498291, 121.37978363, -310.216430664, -70.7529373169, -24.9868106842, -52.7483940125, 65.7472991943, 42.5735931396, -37.7342300415, 105.25352478, 128.892852783, 108.231246948], [-6342.02294922, 121.37978363, 2006.59753418, 332.562713623, 257.637481689, 321.049255371, -46.0896339417, 235.570114136, 184.470947266, -67.857131958, 192.750259399, 233.263931274, 147.922973633], [-478.579376221, -310.216430664, 332.562713623, 297.621582031, 100.814605713, 36.856716156, -28.5888328552, -7.69829797745, 0.521704792976, -17.8691806793, -5.46431970596, 8.50778579712, -10.3643865585], [-960.064819336, -70.7529373169, 257.637481689, 100.814605713, 153.695404053, 98.8820953369, 59.4277000427, 78.0152206421, -8.01075553894, -123.831832886, -104.093986511, -16.3774414062, 81.5437698364], [-1131.17895508, -24.9868106842, 321.049255371, 36.856716156, 98.8820953369, 133.308425903, 79.175163269, 91.8951263428, 15.2044334412, -87.4173049927, -73.0774765015, -18.1636943817, 68.284828186], [-110.751251221, -52.7483940125, -46.0896339417, -28.5888328552, 59.4277000427, 79.175163269, 167.96786499, 97.164604187, -36.2494773865, -136.563049316, -176.849456787, -84.8009796143, 80.5756072998], [-1139.70812988, 65.7472991943, 235.570114136, -7.69829797745, 78.0152206421, 91.8951263428, 97.164604187, 139.82081604, 30.1283149719, -100.42250061, -82.5274200439, -21.2709465027, 91.6702270508], [-631.185302734, 42.5735931396, 184.470947266, 0.521704792976, -8.01075553894, 15.2044334412, -36.2494773865, 30.1283149719, 78.2084655762, 71.0611877441, 75.4381256104, 27.1781215668, 0.845762789249], [652.838378906, -37.7342300415, -67.857131958, -17.8691806793, -123.831832886, -87.4173049927, -136.563049316, -100.42250061, 71.0611877441, 248.554336548, 213.509521484, 44.1715316772, -121.82925415], [-373.094238281, 105.25352478, 192.750259399, -5.46431970596, -104.093986511, -73.0774765015, -176.849456787, -82.5274200439, 75.4381256104, 213.509521484, 291.320281982, 136.644958496, -102.225814819], [-772.600158691, 128.892852783, 233.263931274, 8.50778579712, -16.3774414062, -18.1636943817, -84.8009796143, -21.2709465027, 27.1781215668, 44.1715316772, 136.644958496, 122.074295044, -5.321621418], [-978.593505859, 108.231246948, 147.922973633, -10.3643865585, 81.5437698364, 68.284828186, 80.5756072998, 91.6702270508, 0.845762789249, -121.82925415, -102.225814819, -5.321621418, 124.161880493]],
