{
"lowlevel": {
    "average_loudness": 0.494252532721,
    "barkbands_crest": {
        "dmean": 2.57881593704,
        "dmean2": 4.58719205856,
        "dvar": 6.03002357483,
        "dvar2": 16.3515758514,
        "max": 19.7132835388,
        "mean": 6.82672357559,
        "median": 6.26502799988,
        "min": 2.5189781189,
        "var": 10.1241474152
    },
    "barkbands_flatness_db": {
        "dmean": 0.0194820985198,
        "dmean2": 0.031949814409,
        "dvar": 0.000402112695156,
        "dvar2": 0.000916110875551,
        "max": 0.248744890094,
        "mean": 0.0993260443211,
        "median": 0.0826200991869,
        "min": 0.0246935673058,
        "var": 0.0024374073837
    },
    "barkbands_kurtosis": {
        "dmean": 1.60611176491,
        "dmean2": 2.72767686844,
        "dvar": 6.06821489334,
        "dvar2": 17.717420578,
        "max": 18.8493671417,
        "mean": 1.3950022459,
        "median": -0.217159867287,
        "min": -1.50670921803,
        "var": 12.6960201263
    },
    "barkbands_skewness": {
        "dmean": 0.495985537767,
        "dmean2": 0.793833196163,
        "dvar": 0.208008408546,
        "dvar2": 0.552269637585,
        "max": 3.54711031914,
        "mean": 0.451481819153,
        "median": 0.362816274166,
        "min": -3.29633259773,
        "var": 1.40879166126
    },
    "barkbands_spread": {
        "dmean": 6.06132745743,
        "dmean2": 9.86166954041,
        "dvar": 34.7304725647,
        "dvar2": 76.20337677,
        "max": 60.5481758118,
        "mean": 24.8158912659,
        "median": 22.9619598389,
        "min": 3.67264676094,
        "var": 175.039550781
    },
    "dissonance": {
        "dmean": 0.0170677024871,
        "dmean2": 0.0281846132129,
        "dvar": 0.000472124083899,
        "dvar2": 0.00129708321765,
        "max": 0.499996751547,
        "mean": 0.475207865238,
        "median": 0.48647287488,
        "min": 0.292676061392,
        "var": 0.000889982387889
    },
    "dynamic_complexity": 14.7490196228,
    "erbbands_crest": {
        "dmean": 2.51181530952,
        "dmean2": 4.67548131943,
        "dvar": 7.44040727615,
        "dvar2": 21.5502109528,
        "max": 19.1656932831,
        "mean": 6.86733484268,
        "median": 6.18684101105,
        "min": 2.8486225605,
        "var": 8.70554542542
    },
    "erbbands_flatness_db": {
        "dmean": 0.0186588317156,
        "dmean2": 0.0315297245979,
        "dvar": 0.000346615066519,
        "dvar2": 0.000704435922671,
        "max": 0.308002918959,
        "mean": 0.168482899666,
        "median": 0.155234217644,
        "min": 0.100554563105,
        "var": 0.00197382899933
    },
    "erbbands_kurtosis": {
        "dmean": 0.761613786221,
        "dmean2": 1.28551614285,
        "dvar": 1.01149260998,
        "dvar2": 2.84931635857,
        "max": 7.96077251434,
        "mean": 0.061053942889,
        "median": -0.316541671753,
        "min": -1.60857725143,
        "var": 1.90068817139
    },
    "erbbands_skewness": {
        "dmean": 0.406596541405,
        "dmean2": 0.677297711372,
        "dvar": 0.115577362478,
        "dvar2": 0.344279408455,
        "max": 2.32459998131,
        "mean": 0.217982932925,
        "median": 0.0862554237247,
        "min": -1.59393286705,
        "var": 0.429421424866
    },
    "erbbands_spread": {
        "dmean": 6.14649200439,
        "dmean2": 10.184969902,
        "dvar": 44.4403877258,
        "dvar2": 122.582046509,
        "max": 61.3262786865,
        "mean": 32.8051795959,
        "median": 32.6156387329,
        "min": 10.1530380249,
        "var": 133.50289917
    },
    "hfc": {
        "dmean": 20.8469982147,
        "dmean2": 32.9195632935,
        "dvar": 13723.7988281,
        "dvar2": 35399.2617188,
        "max": 1246.95019531,
        "mean": 19.489900589,
        "median": 1.24835968018,
        "min": 0.00057703780476,
        "var": 11566.0263672
    },
    "melbands_crest": {
        "dmean": 3.20455670357,
        "dmean2": 5.60292005539,
        "dvar": 9.59425067902,
        "dvar2": 30.6955528259,
        "max": 26.2555618286,
        "mean": 8.43063545227,
        "median": 7.83677721024,
        "min": 2.27448034286,
        "var": 16.5746536255
    },
    "melbands_flatness_db": {
        "dmean": 0.0213654730469,
        "dmean2": 0.0362971648574,
        "dvar": 0.000514968240168,
        "dvar2": 0.0011099682888,
        "max": 0.27847969532,
        "mean": 0.108185902238,
        "median": 0.083388581872,
        "min": 0.016561890021,
        "var": 0.00524401012808
    },
    "melbands_kurtosis": {
        "dmean": 2.2967748642,
        "dmean2": 3.83519530296,
        "dvar": 9.12993144989,
        "dvar2": 27.3907394409,
        "max": 24.3966579437,
        "mean": 2.98423671722,
        "median": 1.4860868454,
        "min": -1.44090640545,
        "var": 22.1205482483
    },
    "melbands_skewness": {
        "dmean": 0.438198536634,
        "dmean2": 0.731549143791,
        "dvar": 0.180470779538,
        "dvar2": 0.507265627384,
        "max": 3.78851509094,
        "mean": 1.22311484814,
        "median": 1.1763086319,
        "min": -0.929698467255,
        "var": 0.748995363712
    },
    "melbands_spread": {
        "dmean": 13.8502531052,
        "dmean2": 21.3757247925,
        "dvar": 234.06729126,
        "dvar2": 577.586364746,
        "max": 161.690032959,
        "mean": 48.4443130493,
        "median": 42.4927177429,
        "min": 4.49069213867,
        "var": 1118.30529785
    },
    "pitch_salience": {
        "dmean": 0.0639545992017,
        "dmean2": 0.106924638152,
        "dvar": 0.00275283213705,
        "dvar2": 0.00817499123514,
        "max": 0.915300607681,
        "mean": 0.71345025301,
        "median": 0.720382928848,
        "min": 0.45131316781,
        "var": 0.0048069441691
    },
    "silence_rate_20dB": {
        "dmean": 0.0125786159188,
        "dmean2": 0.0253164563328,
        "dvar": 0.0124203721061,
        "dvar2": 0.0246754921973,
        "max": 1,
        "mean": 0.987500011921,
        "median": 1,
        "min": 0,
        "var": 0.0123437745497
    },
    "silence_rate_30dB": {
        "dmean": 0.0125786159188,
        "dmean2": 0.0253164563328,
        "dvar": 0.0124203739688,
        "dvar2": 0.0246754921973,
        "max": 1,
        "mean": 0.962499976158,
        "median": 1,
        "min": 0,
        "var": 0.0360937081277
    },
    "silence_rate_60dB": {
        "dmean": 0.0754716992378,
        "dmean2": 0.151898726821,
        "dvar": 0.0697758868337,
        "dvar2": 0.141483724117,
        "max": 1,
        "mean": 0.712499976158,
        "median": 1,
        "min": 0,
        "var": 0.204844042659
    },
    "spectral_centroid": {
        "dmean": 319.242645264,
        "dmean2": 495.544067383,
        "dvar": 112978.5625,
        "dvar2": 251027.140625,
        "max": 5175.80908203,
        "mean": 2331.46899414,
        "median": 2592.96044922,
        "min": 510.732086182,
        "var": 1158290.625
    },
    "spectral_complexity": {
        "dmean": 3.24528312683,
        "dmean2": 4.16455698013,
        "dvar": 34.185092926,
        "dvar2": 46.6691894531,
        "max": 56,
        "mean": 6.95625019073,
        "median": 0,
        "min": 0,
        "var": 149.69152832
    },
    "spectral_decrease": {
        "dmean": 4.63546445673e-09,
        "dmean2": 7.00757807337e-09,
        "dvar": 8.89112485283e-16,
        "dvar2": 2.11096937016e-15,
        "max": -1.34768755942e-13,
        "mean": -4.6769064177e-09,
        "median": -8.5816478923e-11,
        "min": -3.2482523693e-07,
        "var": 8.67561055429e-16
    },
    "spectral_energy": {
        "dmean": 0.0193773638457,
        "dmean2": 0.029402859509,
        "dvar": 0.0151243191212,
        "dvar2": 0.0361635275185,
        "max": 1.33906817436,
        "mean": 0.0194194857031,
        "median": 0.000479037640616,
        "min": 5.63507967399e-07,
        "var": 0.0145895155147
    },
    "spectral_energyband_high": {
        "dmean": 0.00076178467134,
        "dmean2": 0.00131102150772,
        "dvar": 1.05946755866e-05,
        "dvar2": 3.01034160657e-05,
        "max": 0.027326868847,
        "mean": 0.000637033430394,
        "median": 5.74351215619e-05,
        "min": 1.05596855704e-08,
        "var": 6.95745166013e-06
    },
    "spectral_energyband_low": {
        "dmean": 0.000104360871774,
        "dmean2": 0.000195973276277,
        "dvar": 2.35886432165e-07,
        "dvar2": 6.76916727116e-07,
        "max": 0.0040073459968,
        "mean": 6.70790323056e-05,
        "median": 1.25908525206e-06,
        "min": 2.60070773805e-08,
        "var": 1.39130847288e-07
    },
    "spectral_energyband_middle_high": {
        "dmean": 0.00502682384104,
        "dmean2": 0.00793331861496,
        "dvar": 0.00109505548608,
        "dvar2": 0.00281644868664,
        "max": 0.352813452482,
        "mean": 0.00458736112341,
        "median": 0.000210439495277,
        "min": 1.25913132365e-07,
        "var": 0.000915061566047
    },
    "spectral_energyband_middle_low": {
        "dmean": 0.0142746632919,
        "dmean2": 0.0215534418821,
        "dvar": 0.00842659082264,
        "dvar2": 0.0196515135467,
        "max": 1.0010715723,
        "mean": 0.0145513815805,
        "median": 5.69350740989e-05,
        "min": 3.47335202378e-07,
        "var": 0.00847309175879
    },
    "spectral_entropy": {
        "dmean": 0.130677834153,
        "dmean2": 0.215616375208,
        "dvar": 0.0189304053783,
        "dvar2": 0.0406744815409,
        "max": 8.70688152313,
        "mean": 7.97630310059,
        "median": 8.08788585663,
        "min": 6.92115592957,
        "var": 0.175386637449
    },
    "spectral_flux": {
        "dmean": 0.0242286678404,
        "dmean2": 0.0395725890994,
        "dvar": 0.00938154291362,
        "dvar2": 0.0232244450599,
        "max": 1.12378144264,
        "mean": 0.0484457425773,
        "median": 0.0167044736445,
        "min": 0.000430034589954,
        "var": 0.0131493825465
    },
    "spectral_kurtosis": {
        "dmean": 1.30481946468,
        "dmean2": 2.27331137657,
        "dvar": 3.92784142494,
        "dvar2": 11.0427455902,
        "max": 18.0931949615,
        "mean": 4.07246160507,
        "median": 3.35286808014,
        "min": -0.323906898499,
        "var": 8.96132946014
    },
    "spectral_rms": {
        "dmean": 0.000911711540539,
        "dmean2": 0.00134354550391,
        "dvar": 9.45062311075e-06,
        "dvar2": 2.08572655538e-05,
        "max": 0.0361442677677,
        "mean": 0.00182355358265,
        "median": 0.000683632679284,
        "min": 2.34470426221e-05,
        "var": 1.56204914674e-05
    },
    "spectral_rolloff": {
        "dmean": 1058.10632324,
        "dmean2": 1711.88989258,
        "dvar": 2608613.5,
        "dvar2": 6369221.5,
        "max": 11993.9941406,
        "mean": 4705.13964844,
        "median": 3919.04296875,
        "min": 473.73046875,
        "var": 13128046
    },
    "spectral_skewness": {
        "dmean": 0.181709051132,
        "dmean2": 0.295716166496,
        "dvar": 0.0633809939027,
        "dvar2": 0.16918182373,
        "max": 3.70903158188,
        "mean": 1.48267912865,
        "median": 1.31978178024,
        "min": 0.747029066086,
        "var": 0.244894146919
    },
    "spectral_spread": {
        "dmean": 693862.1875,
        "dmean2": 1103665.625,
        "dvar": 754120851456,
        "dvar2": 1.49872928358e+12,
        "max": 11422828,
        "mean": 5125735,
        "median": 4731830.5,
        "min": 2060437.25,
        "var": 3.38682498253e+12
    },
    "spectral_strongpeak": {
        "dmean": 0.530304133892,
        "dmean2": 0.827382743359,
        "dvar": 1.09266936779,
        "dvar2": 2.42327523232,
        "max": 9.02475357056,
        "mean": 0.648592412472,
        "median": 0.212176203728,
        "min": 0.0012882433366,
        "var": 1.6497657299
    },
    "zerocrossingrate": {
        "dmean": 0.0207289215177,
        "dmean2": 0.0219850186259,
        "dvar": 0.000604022818152,
        "dvar2": 0.000783304451033,
        "max": 0.43310546875,
        "mean": 0.14762878418,
        "median": 0.129150390625,
        "min": 0.02783203125,
        "var": 0.00891374144703
    },
    "barkbands": {
        "dmean": [2.7399978535e-06, 2.167553248e-05, 3.06614529109e-05, 0.000114255977678, 0.00109955773223, 0.00312442099676, 0.00257224822417, 0.00539033347741, 0.00152891664766, 0.00177837186493, 0.000169986087712, 0.000450535357231, 0.000503233808558, 0.000570454401895, 0.000871268624905, 0.000825557974167, 0.00021353836928, 0.000359000987373, 0.000319361803122, 0.000345590611687, 0.000110319211672, 8.62367887748e-05, 6.4742496761e-05, 8.37687766762e-05, 0.000156054913532, 3.93499940401e-05, 6.01500414632e-06],
        "dmean2": [4.69518045065e-06, 4.11224464187e-05, 5.57775092602e-05, 0.00021762563847, 0.00199163914658, 0.00598879856989, 0.00492205144837, 0.00842228159308, 0.00233584782109, 0.00325128878467, 0.000327208661474, 0.000814833038021, 0.000823269714601, 0.000783679948654, 0.00160544237588, 0.00140624481719, 0.000365531886928, 0.000653840426821, 0.000562990782782, 0.000629251997452, 0.000187427925994, 0.000155055560754, 0.000107525615022, 0.000140135234687, 0.000269130949164, 6.12117728451e-05, 9.03529780771e-06],
        "dvar": [3.44394457397e-10, 2.78589382674e-08, 1.86303932281e-08, 2.40520819261e-07, 2.64584432443e-05, 0.000494533393066, 0.00019248436729, 0.00142632401548, 8.55473044794e-05, 0.000179512571776, 6.41344854557e-07, 7.85449083196e-06, 1.01374180304e-05, 1.12628313218e-05, 4.42943601229e-05, 3.40707374562e-05, 1.41513737617e-06, 5.96719792156e-06, 4.03741023547e-06, 2.84535281025e-06, 3.29996765913e-07, 2.53129229577e-07, 7.64231558037e-08, 1.16260800098e-07, 2.99896356637e-07, 2.91663031504e-08, 5.26330423689e-10],
        "dvar2": [6.96987856319e-10, 8.05013371519e-08, 5.23132257513e-08, 7.02989552792e-07, 5.46334631508e-05, 0.00100525631569, 0.000557818100788, 0.00352643034421, 0.000160625000717, 0.000509124598466, 1.96681821762e-06, 2.20758211071e-05, 1.86258639587e-05, 2.4216622478e-05, 0.000127879888169, 9.33901246754e-05, 4.01585157306e-06, 1.70852545125e-05, 1.1490081306e-05, 8.24186645332e-06, 9.50383082454e-07, 7.52945652494e-07, 2.11565350128e-07, 3.14007962743e-07, 8.0640569422e-07, 7.07192882032e-08, 1.25624155523e-09],
        "max": [0.000187871279195, 0.00157649628818, 0.00106133730151, 0.00369862001389, 0.0513478815556, 0.202415704727, 0.131571024656, 0.411515921354, 0.104163996875, 0.133452564478, 0.00754516292363, 0.0280387308449, 0.035655811429, 0.0402610488236, 0.0655191987753, 0.0600178129971, 0.0119099579751, 0.0237542446703, 0.0197333153337, 0.0150714907795, 0.00545174768195, 0.00464722514153, 0.00238477275707, 0.00277380202897, 0.00512545835227, 0.00198369682766, 0.000222077185754],
        "mean": [2.63974061454e-06, 1.24939615489e-05, 2.20970741793e-05, 7.04350240994e-05, 0.00127365614753, 0.0033439968247, 0.0016287114704, 0.00515861809254, 0.0021338192746, 0.00136592716444, 0.000154890760314, 0.000357299228199, 0.000583571498282, 0.000573446392082, 0.000648018845823, 0.000654505973216, 0.000192577223061, 0.000264903821517, 0.000249133387115, 0.000250710814726, 0.000103512429632, 6.63655300741e-05, 5.75038502575e-05, 7.45294528315e-05, 0.000135755253723, 3.4693035559e-05, 5.3947997003e-06],
        "median": [1.4712369989e-07, 7.06838960696e-08, 3.67645554888e-07, 6.7254853775e-07, 6.26873406873e-06, 1.19958349387e-05, 5.92894321017e-06, 6.86854127707e-06, 1.32239019877e-05, 1.18429670692e-05, 9.48573324422e-06, 1.88800877368e-05, 9.76799310592e-06, 1.36966382343e-05, 1.27668517962e-05, 1.54956396727e-05, 1.50218447743e-05, 1.54433946591e-05, 1.61198277056e-05, 1.89421789401e-05, 1.13712285383e-05, 5.02992043039e-06, 4.12126428273e-06, 5.08989569425e-06, 5.05785737914e-06, 1.09566803985e-06, 1.21573407341e-07],
        "min": [1.70931890864e-09, 8.60595483765e-10, 4.24465518289e-10, 1.37429523317e-09, 4.28555591014e-09, 1.17315206438e-08, 1.4332481868e-08, 8.84428352776e-09, 7.45497246157e-08, 2.88941528481e-08, 5.11750890553e-08, 3.69594155281e-09, 4.27489110777e-09, 1.46923173627e-09, 4.81339912373e-10, 1.88829632486e-10, 1.06286535129e-10, 1.67053246236e-10, 1.72749828331e-10, 1.43616632475e-10, 2.27118795992e-10, 1.12235838678e-10, 2.07273906372e-10, 4.20620233088e-10, 3.69143215995e-10, 7.87342469e-10, 1.01378896389e-08],
        "var": [3.47408796175e-10, 1.55880623964e-08, 1.18334906318e-08, 1.37578169301e-07, 3.04849872919e-05, 0.000509469828103, 0.000115626389743, 0.00134926475585, 0.000138626273838, 0.000116818526294, 4.10466327594e-07, 5.268852874e-06, 1.39974072226e-05, 1.29292893689e-05, 2.7782176403e-05, 2.45222618105e-05, 9.8239502222e-07, 3.6111305235e-06, 2.54968358604e-06, 1.67214113844e-06, 2.05958343713e-07, 1.40883201993e-07, 5.32924744334e-08, 9.33673263148e-08, 2.69602992375e-07, 2.96476834194e-08, 5.60874846567e-10]
    },
    "erbbands": {
        "dmean": [0.000430122308899, 0.00576087832451, 0.0278221555054, 0.234030842781, 1.14809954166, 5.71318769455, 15.3447341919, 34.859413147, 27.7443714142, 89.0193481445, 76.7352523804, 37.4769363403, 72.3456802368, 15.6127347946, 7.38255548477, 19.8548107147, 20.9185295105, 31.4268951416, 32.4382629395, 45.4463272095, 35.60546875, 13.0891647339, 20.3152446747, 20.7964515686, 10.0699710846, 18.3110561371, 6.63748550415, 4.34521579742, 3.57854962349, 2.29805135727, 1.72587227821, 1.36257565022, 1.68154931068, 1.6694470644, 1.13123846054, 0.346493810415, 0.064301982522, 0.00688397418708, 0.00119327800348, 8.64314133651e-05],
        "dmean2": [0.000764093594626, 0.0110509665683, 0.0512044690549, 0.436675578356, 1.92553675175, 10.5655298233, 23.361448288, 58.1157646179, 49.055896759, 148.534210205, 117.977798462, 55.4845428467, 132.315048218, 27.6072025299, 13.0055208206, 35.4941825867, 35.6642608643, 44.9585647583, 48.4610900879, 85.0567626953, 56.6591491699, 22.5231151581, 37.3063087463, 37.3108291626, 17.0259227753, 33.0991439819, 11.2055330276, 7.41007900238, 6.56786966324, 3.90527844429, 2.90515422821, 2.26233363152, 2.90495157242, 2.97368884087, 1.92625641823, 0.523261606693, 0.108644120395, 0.0101682720706, 0.00173932185862, 0.000138269606396],
        "dvar": [9.63229103945e-06, 0.00192565587349, 0.0197977218777, 0.962841749191, 24.968706131, 751.550537109, 8694.26757812, 51324.0664062, 16223.2138672, 403396.65625, 287228.375, 50950.6835938, 282652.90625, 11034.1074219, 1297.84887695, 16191.2441406, 18828.3085938, 35899.6015625, 45811.390625, 126703.28125, 55151.3789062, 5806.37988281, 20571.5917969, 19758.8984375, 2608.73803711, 7665.02587891, 1025.49523926, 590.117553711, 465.324829102, 117.799209595, 56.2055435181, 29.9779453278, 47.8225517273, 38.3990249634, 20.8207378387, 1.795779109, 0.134153619409, 0.000728370854631, 2.17936576519e-05, 1.55023855086e-07],
        "dvar2": [2.6183161026e-05, 0.00562777603045, 0.0558957569301, 2.77927613258, 63.0013923645, 1525.06213379, 21204.1640625, 111691.125, 42682.8046875, 1062671.375, 697172.5625, 95867.8828125, 813011.6875, 31299.3222656, 3638.44262695, 44612.1679688, 38397.3085938, 79810.8203125, 105427.085938, 372838.875, 140904.65625, 16617.0371094, 59309.6132812, 56791.3671875, 7279.3671875, 22119.234375, 2933.25854492, 1731.76599121, 1388.94580078, 333.25692749, 158.565353394, 81.8355407715, 132.078308105, 110.177856445, 55.6161499023, 4.18952989578, 0.364119946957, 0.00168013421353, 4.6703422413e-05, 4.13228377738e-07],
        "max": [0.0309072434902, 0.40890917182, 1.25074064732, 7.10413360596, 48.9540252686, 264.428588867, 982.616638184, 2327.71411133, 1258.67358398, 6741.67333984, 5911.09130859, 2552.27490234, 5308.07714844, 1073.65319824, 373.018493652, 1291.65673828, 1481.73669434, 2272.51782227, 2340.97338867, 3419.29296875, 2503.84716797, 759.266845703, 1382.09069824, 1371.04650879, 508.381500244, 764.541137695, 302.87902832, 227.466217041, 198.48677063, 92.3880691528, 66.8724975586, 45.0803337097, 60.6899337769, 48.9158210754, 49.3651771545, 15.6546907425, 3.84955906868, 0.313914328814, 0.0539139509201, 0.00360762537457],
        "mean": [0.000278327293927, 0.003317020135, 0.0196550879627, 0.156319588423, 1.11477351189, 6.47537612915, 13.9249649048, 30.9137516022, 19.9759216309, 77.999458313, 80.856803894, 51.1482925415, 58.644115448, 13.5426197052, 7.91359233856, 15.6911449432, 24.4798183441, 29.8624420166, 33.5602111816, 31.9782676697, 31.1943092346, 11.4028406143, 14.5938816071, 15.7739686966, 8.71811103821, 12.9742841721, 5.75684595108, 3.7243885994, 2.67534422874, 1.93119084835, 1.5627682209, 1.26347732544, 1.42840611935, 1.31125068665, 1.01844990253, 0.314633458853, 0.0489820353687, 0.00637958478183, 0.0011268069502, 7.35008943593e-05],
        "median": [2.28307362704e-06, 2.44687289523e-05, 0.000371517438907, 0.00220269476995, 0.011326495558, 0.0213325172663, 0.0395675525069, 0.129430890083, 0.0770609676838, 0.13512635231, 0.238628417253, 0.283737748861, 0.353386640549, 0.356765478849, 0.609256207943, 0.710300445557, 0.471604764462, 0.612142562866, 0.705282151699, 0.685434341431, 0.96456360817, 0.785056471825, 0.816029429436, 0.894603431225, 0.719125032425, 0.986217617989, 0.601199626923, 0.359323740005, 0.214965313673, 0.131347298622, 0.125759243965, 0.0973397195339, 0.0845507010818, 0.0474231764674, 0.0308798309416, 0.0110156554729, 0.0011655316921, 0.000176393223228, 2.4767827199e-05, 4.01012403017e-06],
        "min": [7.46065467183e-08, 4.95611573115e-07, 8.99128792753e-07, 1.24827693071e-05, 2.06174481718e-05, 1.58156635734e-05, 3.63445687981e-05, 0.000130237836856, 9.72258567344e-05, 0.000294353521895, 0.000495738815516, 0.00162119849119, 0.000924141379073, 0.00195500161499, 0.00206974335015, 0.000264549889835, 0.000181358089321, 7.55498404033e-05, 3.8854937884e-05, 2.43537015194e-05, 8.35662194731e-06, 6.34311254544e-06, 9.83669451671e-06, 9.12604173209e-06, 8.04565570434e-06, 6.46319904263e-06, 7.77701734478e-06, 8.03958027973e-06, 3.80910114472e-06, 4.7060984798e-06, 6.4030195972e-06, 7.1183876571e-06, 7.22485356164e-06, 3.8929697439e-06, 3.35452955369e-06, 1.29153295347e-06, 1.33510582145e-06, 1.26009001633e-06, 8.88975591806e-07, 2.23785363573e-07],
        "var": [6.24686663286e-06, 0.00104536686558, 0.01208515279, 0.582870781422, 21.5672264099, 862.552612305, 7641.49707031, 48699.3398438, 12417.4521484, 331318.5625, 291431.6875, 82868.484375, 187512.546875, 7880.71582031, 1038.3963623, 11356.4648438, 23887.1132812, 38799.921875, 47090.2773438, 74266.4140625, 46251.875, 3912.57104492, 12123.6894531, 12110.5537109, 1801.89526367, 4528.49511719, 645.309204102, 344.851837158, 254.619873047, 75.9389877319, 37.5241203308, 22.6846294403, 37.166847229, 26.0886039734, 19.3865013123, 1.99640536308, 0.098039381206, 0.000856072525494, 2.78710613202e-05, 1.19644795404e-07]
    },
    "gfcc": {
        "mean": [-176.598464966, 15.7772216797, -149.841064453, -3.60941457748, -82.8890686035, -7.23053646088, -48.2958679199, 1.95771813393, -35.5689620972, -0.556851029396, -18.214931488, -4.42834949493, -5.80523204803],
        "cov": [[21034.6328125, 59.3788452148, -2474.29394531, 69.1941757202, -751.032714844, -801.70324707, -2069.41479492, -410.739257812, -499.351470947, 12.2791233063, -330.850738525, -327.949707031, -284.88873291], [59.3788452148, 3639.83691406, -379.211791992, -572.710388184, -260.721069336, -656.670776367, -51.3536872864, -362.59274292, 214.264831543, -159.817779541, 172.292160034, -158.041549683, 89.794090271], [-2474.29394531, -379.211791992, 1390.18798828, 126.54385376, 253.880310059, 263.492889404, 258.901916504, 149.303726196, 2.99795174599, -17.7489852905, -20.104839325, 77.8759994507, -40.8348617554], [69.1941757202, -572.710388184, 126.54385376, 312.873443604, 56.4990348816, 148.784576416, 6.91594648361, 96.4370117188, -61.5947265625, 18.1996173859, -40.8335990906, 48.3396644592, -26.7774543762], [-751.032714844, -260.721069336, 253.880310059, 56.4990348816, 157.584579468, 127.257164001, 75.1513900757, 37.1801986694, -13.853635788, 2.2558157444, -12.8686122894, 18.6554985046, -25.1664562225], [-801.70324707, -656.670776367, 263.492889404, 148.784576416, 127.257164001, 245.518844604, 107.29359436, 105.381942749, -44.5465621948, 21.8705234528, -24.1091995239, 57.3758354187, -24.9840297699], [-2069.41479492, -51.3536872864, 258.901916504, 6.91594648361, 75.1513900757, 107.29359436, 281.512145996, 76.0280303955, 77.4551544189, -0.994238913059, 35.3477554321, 37.9870147705, 39.4539985657], [-410.739257812, -362.59274292, 149.303726196, 96.4370117188, 37.1801986694, 105.381942749, 76.0280303955, 120.570793152, 21.8781833649, 30.5609951019, -21.2020454407, 26.3776531219, 3.56066393852], [-499.351470947, 214.264831543, 2.99795174599, -61.5947265625, -13.853635788, -44.5465621948, 77.4551544189, 21.8781833649, 132.463088989, 4.13706159592, 10.618929863, -32.3319282532, 38.0255126953], [12.2791233063, -159.817779541, -17.7489852905, 18.1996173859, 2.2558157444, 21.8705234528, -0.994238913059, 30.5609951019, 4.13706159592, 55.7684860229, 8.03007125854, 16.8172283173, 3.22705769539], [-330.850738525, 172.292160034, -20.104839325, -40.8335990906, -12.8686122894, -24.1091995239, 35.3477554321, -21.2020454407, 10.618929863, 8.03007125854, 59.4896011353, 23.8317298889, 15.602599144], [-327.949707031, -158.041549683, 77.8759994507, 48.3396644592, 18.6554985046, 57.3758354187, 37.9870147705, 26.3776531219, -32.3319282532, 16.8172283173, 23.8317298889, 66.3445205688, 3.02472615242], [-284.88873291, 89.794090271, -40.8348617554, -26.7774543762, -25.1664562225, -24.9840297699, 39.4539985657, 3.56066393852, 38.0255126953, 3.22705769539, 15.602599144, 3.02472615242, 51.6072425842]],
        "icov": [[0.000206193930353, 5.14265275342e-06, 0.00010924480739, -3.0154689739e-05, 0.000299754523439, -1.10957271318e-05, 0.00140184478369, -0.000415307324147, -4.36861191702e-05, 0.00020384886011, 9.6547191788e-05, 9.24727137317e-05, 0.000282678753138], [5.14265275342e-06, 0.000820008048322, -0.00012949880329, 0.000153261862579, -7.52875203034e-05, 0.00170143949799, -0.000213705046917, 0.000524740375113, -0.000500745314639, 0.00142406998202, -0.00164815422613, 0.000458494294435, 0.000244161550654], [0.00010924480739, -0.00012949880329, 0.00134816486388, 0.000171530045918, -0.0014069750905, 0.000153370230692, 0.00020145282906, -0.00151982565876, -3.33431962645e-05, 0.00103951012716, 0.000751884945203, -0.00132552778814, 0.00113306054845], [-3.0154689739e-05, 0.000153261862579, 0.000171530045918, 0.00598435569555, -0.000222671573283, -0.00120912701823, 0.00079259875929, -0.00373903429136, 0.0011793510057, 0.00153368338943, 0.00175101438072, -0.00266706990078, 0.000427829159889], [0.000299754523439, -7.52875203034e-05, -0.0014069750905, -0.000222671573283, 0.01560693793, -0.0082351975143, 0.000402200443204, 0.00522282766178, -0.00173881859519, -0.00198991713114, 0.00134312908631, 0.00251828785986, 0.00436501158401], [-1.10957271318e-05, 0.00170143949799, 0.000153370230692, -0.00120912701823, -0.0082351975143, 0.0205437652767, -0.00505812419578, -0.00680020684376, 0.00489842146635, 0.00166825798806, 0.000953167909756, -0.00366458902135, 0.0029511556495], [0.00140184478369, -0.000213705046917, 0.00020145282906, 0.00079259875929, 0.000402200443204, -0.00505812419578, 0.0199597142637, -0.00635050656274, -0.0054481998086, 0.00642874464393, -0.00571803469211, -0.00113037135452, -0.00298523297533], [-0.000415307324147, 0.000524740375113, -0.00151982565876, -0.00373903429136, 0.00522282766178, -0.00680020684376, -0.00635050656274, 0.0288405716419, -0.00862277671695, -0.0104819219559, 0.0105122588575, -0.00502939103171, -0.000102865909867], [-4.36861191702e-05, -0.000500745314639, -3.33431962645e-05, 0.0011793510057, -0.00173881859519, 0.00489842146635, -0.0054481998086, -0.00862277671695, 0.0202662292868, -0.00356303504668, -0.0025128221605, 0.0125814909115, -0.00718832062557], [0.00020384886011, 0.00142406998202, 0.00103951012716, 0.00153368338943, -0.00198991713114, 0.00166825798806, 0.00642874464393, -0.0104819219559, -0.00356303504668, 0.0300443917513, -0.010834033601, -0.00380187877454, 0.000156394846272], [9.6547191788e-05, -0.00164815422613, 0.000751884945203, 0.00175101438072, 0.00134312908631, 0.000953167909756, -0.00571803469211, 0.0105122588575, -0.0025128221605, -0.010834033601, 0.0415559746325, -0.0211602952331, 0.000872189295478], [9.24727137317e-05, 0.000458494294435, -0.00132552778814, -0.00266706990078, 0.00251828785986, -0.00366458902135, -0.00113037135452, -0.00502939103171, 0.0125814909115, -0.00380187877454, -0.0211602952331, 0.0402467288077, -0.00704888347536], [0.000282678753138, 0.000244161550654, 0.00113306054845, 0.000427829159889, 0.00436501158401, 0.0029511556495, -0.00298523297533, -0.000102865909867, -0.00718832062557, 0.000156394846272, 0.000872189295478, -0.00704888347536, 0.0329141579568]]
    },
    "melbands": {
        "dmean": [5.15553074365e-06, 1.19456535685e-05, 4.72630563308e-05, 0.000249189673923, 0.000449055398349, 0.000713047629688, 0.000452252075775, 0.00112896214705, 0.000523312482983, 0.00023851156584, 0.000358055403922, 6.2318998971e-05, 2.11212864087e-05, 4.29966130469e-05, 5.41104200238e-05, 4.78143192595e-05, 6.15605022176e-05, 4.28471757914e-05, 7.83158029662e-05, 7.0443340519e-05, 2.94908622891e-05, 1.09015236376e-05, 2.11762999243e-05, 1.49877741933e-05, 1.81840314326e-05, 8.5012816271e-06, 7.61115416026e-06, 1.40432157423e-05, 4.353301847e-06, 2.7316464184e-06, 2.4322698664e-06, 2.31114336202e-06, 1.25516885419e-06, 1.29859529352e-06, 1.08892913886e-06, 6.92161449933e-07, 8.67325354648e-07, 1.40958866268e-06, 8.20564309834e-07, 1.59369756147e-06],
        "dmean2": [9.51911533775e-06, 2.21863738261e-05, 8.65829279064e-05, 0.000445294048404, 0.000708155508619, 0.00123946240637, 0.000823291426059, 0.00186080252752, 0.000778210582212, 0.000332401512424, 0.00065941514913, 0.000107772932097, 3.98846714234e-05, 7.50382678234e-05, 9.19238227652e-05, 7.59296890465e-05, 9.10645903787e-05, 7.29578605387e-05, 0.000152965672896, 0.000128898172989, 4.37116832472e-05, 1.85685275937e-05, 4.04999991588e-05, 2.62342837232e-05, 3.29104805132e-05, 1.40118781928e-05, 1.35819946081e-05, 2.56348066614e-05, 7.41110534364e-06, 4.78158199257e-06, 4.20980086346e-06, 4.35048832514e-06, 2.17515139411e-06, 2.16580929191e-06, 1.85014778253e-06, 1.18998332255e-06, 1.43955094245e-06, 2.45104820351e-06, 1.43162276345e-06, 2.87964007839e-06],
        "dvar": [1.50160273105e-09, 4.46519266006e-09, 4.37919283058e-08, 1.1816892993e-06, 7.12935479896e-06, 2.14796818909e-05, 4.91077980769e-06, 6.67158674332e-05, 1.2945061826e-05, 1.96654445972e-06, 7.02101760908e-06, 1.69713544551e-07, 8.7107610014e-09, 6.58641070572e-08, 1.14245956695e-07, 8.51781152278e-08, 1.42680505633e-07, 8.09038169791e-08, 3.87956362147e-07, 2.89025450684e-07, 3.24859747991e-08, 2.8840434485e-09, 2.59650647649e-08, 8.38074942777e-09, 1.56430317588e-08, 2.04597805364e-09, 1.20699517048e-09, 4.86823692469e-09, 4.30620927805e-10, 1.86841361827e-10, 1.91575241781e-10, 2.08615832942e-10, 4.22085907892e-11, 3.34440738992e-11, 2.28988165235e-11, 9.32566003586e-12, 1.15098234763e-11, 4.06943992393e-11, 8.53084790309e-12, 3.98430143045e-11],
        "dvar2": [4.24126644916e-09, 1.27516379678e-08, 1.23888796111e-07, 2.49472077485e-06, 1.60459258041e-05, 4.53437896795e-05, 1.35208820211e-05, 0.000173427368281, 2.86628146569e-05, 4.20010064772e-06, 2.02167266252e-05, 4.68113000807e-07, 2.56215795247e-08, 1.79797083888e-07, 2.92768589816e-07, 1.5618860516e-07, 3.2978539366e-07, 1.61628392448e-07, 1.15473869755e-06, 8.38830885641e-07, 7.43679038351e-08, 8.21444068322e-09, 7.69789210153e-08, 2.30375380994e-08, 4.52560584563e-08, 5.58034551901e-09, 3.46041395538e-09, 1.41104559148e-08, 1.22430621197e-09, 5.41811207011e-10, 5.63155133637e-10, 6.25357265971e-10, 1.23148755082e-10, 9.10054601122e-11, 6.3873663303e-11, 2.70896152732e-11, 3.00486129035e-11, 1.1353189916e-10, 2.36856055602e-11, 1.15224850494e-10],
        "max": [0.000374549243134, 0.000609933806118, 0.00173025007825, 0.0106254061684, 0.0281078107655, 0.0466322340071, 0.0216905307025, 0.0870256870985, 0.0401597246528, 0.0161139257252, 0.0262870751321, 0.00426737079397, 0.00092847540509, 0.00262329052202, 0.00361123704351, 0.00333681679331, 0.00446421187371, 0.00298619898967, 0.00588123360649, 0.00525157619268, 0.0019667414017, 0.000532658887096, 0.00150196906179, 0.000922627747059, 0.00121053436305, 0.000460300740087, 0.000325981352944, 0.000604914966971, 0.000196940352907, 0.000127680104924, 0.000129772364744, 0.000132353539811, 6.00893945375e-05, 4.60643932456e-05, 4.25881116826e-05, 2.78199913737e-05, 2.67592167802e-05, 6.09472153883e-05, 2.38036900555e-05, 5.3091243899e-05],
        "mean": [3.11097460326e-06, 8.05237050372e-06, 3.49518668372e-05, 0.000268236908596, 0.000451782078017, 0.000665207626298, 0.000307040201733, 0.0010073602898, 0.000606261077337, 0.000306603556965, 0.000282996508759, 5.32067497261e-05, 2.23684055527e-05, 3.58784200216e-05, 4.86864482809e-05, 5.48396128579e-05, 5.61792039662e-05, 5.14573002874e-05, 5.21126494277e-05, 4.99721318192e-05, 2.95292666124e-05, 1.04183109215e-05, 1.40112360896e-05, 1.18598190966e-05, 1.34683923534e-05, 7.34474951969e-06, 6.14089276496e-06, 9.56843632594e-06, 3.75747367798e-06, 2.48542414738e-06, 1.99216583496e-06, 1.65082383319e-06, 1.03589866285e-06, 1.10128587494e-06, 9.97306528916e-07, 6.16743704995e-07, 8.30656688322e-07, 1.13970986604e-06, 7.48266245409e-07, 1.21322227642e-06],
        "median": [2.75690439366e-08, 1.18783034964e-07, 5.01751003412e-07, 1.33945354719e-06, 1.39310975555e-06, 2.80447466139e-06, 1.31445051466e-06, 1.45999047163e-06, 2.18555783249e-06, 1.95617940335e-06, 1.87729699519e-06, 1.36650010063e-06, 1.91423418983e-06, 2.20452670874e-06, 1.46769446019e-06, 8.64694641223e-07, 1.16471255751e-06, 1.09610300569e-06, 8.8942090315e-07, 9.35516538902e-07, 1.16957744467e-06, 7.89132286627e-07, 6.46074909127e-07, 7.93371327745e-07, 7.18928788501e-07, 5.00573264617e-07, 5.21012566423e-07, 6.34548257494e-07, 4.60664125512e-07, 2.41540760726e-07, 1.95594225261e-07, 1.16348900292e-07, 9.01121239849e-08, 6.59424017613e-08, 7.04821445652e-08, 5.88415929315e-08, 5.30636476981e-08, 5.63322331004e-08, 4.69437040351e-08, 3.69649413301e-08],
        "min": [1.16216669621e-09, 4.48837356171e-10, 2.3437769503e-09, 1.17557086288e-09, 1.21554699639e-09, 2.55933096938e-09, 1.90591098459e-09, 2.48081200027e-09, 5.65340263492e-09, 1.00145669535e-08, 4.22337631534e-09, 7.16604864337e-09, 8.16920042723e-09, 5.77602410345e-10, 6.51385057004e-10, 1.81171161406e-10, 1.37822739332e-10, 7.23132942415e-11, 3.37520220106e-11, 2.33606710365e-11, 6.77571150229e-12, 6.16728543235e-12, 8.67073340211e-12, 7.27465006636e-12, 7.31569665957e-12, 5.73064902823e-12, 6.05739894008e-12, 3.70286223558e-12, 4.30606548682e-12, 5.62015494907e-12, 4.64741743353e-12, 2.00126135282e-12, 2.28870871907e-12, 2.55898514184e-12, 3.93557929301e-12, 3.20572301343e-12, 4.84381805499e-12, 4.91851264578e-12, 4.24323466988e-12, 3.02632441676e-12],
        "var": [8.90984175328e-10, 2.61160248982e-09, 2.79036385109e-08, 1.30544549393e-06, 7.11201437298e-06, 2.1179957912e-05, 3.36425000569e-06, 5.58416068088e-05, 1.52482680278e-05, 2.90302796202e-06, 4.554617135e-06, 1.26157047475e-07, 6.65690302881e-09, 4.69471146403e-08, 1.01931242114e-07, 1.18757569112e-07, 1.44214240549e-07, 9.91204274214e-08, 2.17744030806e-07, 1.77224279696e-07, 3.32222391819e-08, 2.12952189216e-09, 1.4084511335e-08, 5.68985125682e-09, 9.38748989654e-09, 1.49201162536e-09, 7.66007146602e-10, 2.80889644877e-09, 2.73182532151e-10, 1.14343923219e-10, 1.11396759872e-10, 1.11864975616e-10, 2.52398935086e-11, 2.38011832465e-11, 1.57097876374e-11, 5.76300075369e-12, 9.75165434514e-12, 3.0878820334e-11, 6.12560913452e-12, 2.62367870485e-11]
    },
    "mfcc": {
        "mean": [-808.449645996, 62.6151123047, -27.8899040222, -6.11096954346, -21.3567371368, -18.8809013367, -9.54789733887, -13.9627943039, -7.24209117889, -7.95801544189, -11.6898155212, -3.88033986092, -4.98946094513],
        "cov": [[20513.0039062, 763.257385254, -2133.47119141, -326.622680664, 5.29079627991, -766.239074707, -1191.37365723, -1129.94067383, -1065.20043945, -225.136352539, -201.151687622, -771.434875488, -426.488067627], [763.257385254, 2755.7355957, -200.423339844, -46.6129760742, -313.500183105, -309.678741455, -395.378082275, -270.630981445, -268.617706299, -38.8256340027, 19.5540847778, -133.156082153, -206.444030762], [-2133.47119141, -200.423339844, 871.984375, 169.751663208, 187.206329346, 129.621505737, 203.462051392, 205.1668396, 161.579559326, 19.8720817566, -12.4117746353, 130.163894653, 93.0700912476], [-326.622680664, -46.6129760742, 169.751663208, 120.871711731, 56.5242118835, 34.3234672546, 52.4203834534, 49.0730247498, 32.527797699, -13.1579713821, -13.9704608917, 36.2453727722, 13.8440876007], [5.29079627991, -313.500183105, 187.206329346, 56.5242118835, 192.666427612, 89.1115112305, 82.4403839111, 56.271686554, 24.0094261169, 4.73530864716, -2.82018399239, 8.21877574921, 25.7032585144], [-766.239074707, -309.678741455, 129.621505737, 34.3234672546, 89.1115112305, 132.347518921, 129.127792358, 92.7555618286, 53.216003418, 1.05493330956, 7.12121868134, 52.5111732483, 40.670589447], [-1191.37365723, -395.378082275, 203.462051392, 52.4203834534, 82.4403839111, 129.127792358, 207.01461792, 134.308624268, 81.301902771, -8.11044406891, 6.43034076691, 83.4705581665, 57.9839134216], [-1129.94067383, -270.630981445, 205.1668396, 49.0730247498, 56.271686554, 92.7555618286, 134.308624268, 153.250137329, 105.978797913, 21.4226455688, 6.98660755157, 70.1358261108, 49.9417533875], [-1065.20043945, -268.617706299, 161.579559326, 32.527797699, 24.0094261169, 53.216003418, 81.301902771, 105.978797913, 157.063049316, 62.091583252, 13.9745416641, 52.9072570801, 41.7337799072], [-225.136352539, -38.8256340027, 19.8720817566, -13.1579713821, 4.73530864716, 1.05493330956, -8.11044406891, 21.4226455688, 62.091583252, 77.797668457, 17.5965003967, 0.872485280037, 5.32322740555], [-201.151687622, 19.5540847778, -12.4117746353, -13.9704608917, -2.82018399239, 7.12121868134, 6.43034076691, 6.98660755157, 13.9745416641, 17.5965003967, 45.9700698853, 8.46763038635, 0.885280847549], [-771.434875488, -133.156082153, 130.163894653, 36.2453727722, 8.21877574921, 52.5111732483, 83.4705581665, 70.1358261108, 52.9072570801, 0.872485280037, 8.46763038635, 92.1918182373, 43.457611084], [-426.488067627, -206.444030762, 93.0700912476, 13.8440876007, 25.7032585144, 40.670589447, 57.9839134216, 49.9417533875, 41.7337799072, 5.32322740555, 0.885280847549, 43.457611084, 70.8656311035]],
