{
"lowlevel": {
    "average_loudness": 0.986410439014,
    "barkbands_crest": {
        "dmean": 4.06730747223,
        "dmean2": 6.47016620636,
        "dvar": 11.2860412598,
        "dvar2": 29.7491931915,
        "max": 26.1059627533,
        "mean": 17.4710826874,
        "median": 17.6530437469,
        "min": 3.43553853035,
        "var": 24.3289356232
    },
    "barkbands_flatness_db": {
        "dmean": 0.0405791662633,
        "dmean2": 0.0632604956627,
        "dvar": 0.00100753246807,
        "dvar2": 0.0023353882134,
        "max": 0.372014194727,
        "mean": 0.244561612606,
        "median": 0.251840472221,
        "min": 0.0302927419543,
        "var": 0.00322867627256
    },
    "barkbands_kurtosis": {
        "dmean": 27.2788772583,
        "dmean2": 45.0232048035,
        "dvar": 1081.7644043,
        "dvar2": 2616.19238281,
        "max": 279.787750244,
        "mean": 42.8777389526,
        "median": 26.9866676331,
        "min": -0.592196941376,
        "var": 1778.92578125
    },
    "barkbands_skewness": {
        "dmean": 1.82546961308,
        "dmean2": 2.99484586716,
        "dvar": 2.94829559326,
        "dvar2": 7.43932580948,
        "max": 13.3957357407,
        "mean": 4.38200616837,
        "median": 3.71471452713,
        "min": 0.570732593536,
        "var": 5.66642618179
    },
    "barkbands_spread": {
        "dmean": 5.0202703476,
        "dmean2": 7.87659549713,
        "dvar": 49.9813919067,
        "dvar2": 128.689239502,
        "max": 78.9782485962,
        "mean": 10.1553878784,
        "median": 7.28992509842,
        "min": 0.973914861679,
        "var": 93.2309570312
    },
    "dissonance": {
        "dmean": 0.0414372421801,
        "dmean2": 0.0686203837395,
        "dvar": 0.00102580420207,
        "dvar2": 0.00270804273896,
        "max": 0.498574346304,
        "mean": 0.391293287277,
        "median": 0.394958198071,
        "min": 0.258469343185,
        "var": 0.00279724085703
    },
    "dynamic_complexity": 4.45884180069,
    "erbbands_crest": {
        "dmean": 4.20235681534,
        "dmean2": 6.98622608185,
        "dvar": 15.768702507,
        "dvar2": 34.7143478394,
        "max": 31.5293674469,
        "mean": 20.5141067505,
        "median": 20.9612483978,
        "min": 4.45638179779,
        "var": 40.3792762756
    },
    "erbbands_flatness_db": {
        "dmean": 0.0385784097016,
        "dmean2": 0.0556831844151,
        "dvar": 0.000922671635635,
        "dvar2": 0.00201872433536,
        "max": 0.341833561659,
        "mean": 0.20117418468,
        "median": 0.211507081985,
        "min": 0.0537382811308,
        "var": 0.00453125638887
    },
    "erbbands_kurtosis": {
        "dmean": 18.8932285309,
        "dmean2": 27.8578968048,
        "dvar": 261.799285889,
        "dvar2": 644.131835938,
        "max": 144.224822998,
        "mean": 33.7851600647,
        "median": 26.3696880341,
        "min": -0.949084997177,
        "var": 920.114929199
    },
    "erbbands_skewness": {
        "dmean": 1.39742529392,
        "dmean2": 2.04209923744,
        "dvar": 1.11161863804,
        "dvar2": 2.67984271049,
        "max": 10.0145635605,
        "mean": 4.49186134338,
        "median": 4.39908742905,
        "min": 0.133125498891,
        "var": 4.25144290924
    },
    "erbbands_spread": {
        "dmean": 7.69849538803,
        "dmean2": 11.5411787033,
        "dvar": 86.4711532593,
        "dvar2": 186.789581299,
        "max": 66.9512023926,
        "mean": 14.5120449066,
        "median": 8.27943611145,
        "min": 1.38165712357,
        "var": 207.035797119
    },
    "hfc": {
        "dmean": 3.142547369,
        "dmean2": 4.7949514389,
        "dvar": 18.405954361,
        "dvar2": 46.3914871216,
        "max": 35.7308387756,
        "mean": 8.48367404938,
        "median": 6.35601091385,
        "min": 0.232066988945,
        "var": 38.8463058472
    },
    "melbands_crest": {
        "dmean": 4.47460842133,
        "dmean2": 7.27828598022,
        "dvar": 16.0501995087,
        "dvar2": 35.9694442749,
        "max": 34.9134407043,
        "mean": 20.1395244598,
        "median": 19.7789592743,
        "min": 9.52098560333,
        "var": 28.8719749451
    },
    "melbands_flatness_db": {
        "dmean": 0.0406707115471,
        "dmean2": 0.0627281889319,
        "dvar": 0.00129328598268,
        "dvar2": 0.00289020710625,
        "max": 0.481290876865,
        "mean": 0.347509413958,
        "median": 0.357939720154,
        "min": 0.102484472096,
        "var": 0.00413396488875
    },
    "melbands_kurtosis": {
        "dmean": 19.5787696838,
        "dmean2": 32.2269134521,
        "dvar": 568.323059082,
        "dvar2": 1491.89733887,
        "max": 177.715805054,
        "mean": 34.8753929138,
        "median": 25.5521812439,
        "min": 2.39073801041,
        "var": 886.716369629
    },
    "melbands_skewness": {
        "dmean": 1.13372123241,
        "dmean2": 1.85173463821,
        "dvar": 1.11445689201,
        "dvar2": 2.80654478073,
        "max": 7.65076732635,
        "mean": 2.03372168541,
        "median": 1.72655880451,
        "min": -0.937242925167,
        "var": 2.48530340195
    },
    "melbands_spread": {
        "dmean": 2.01169848442,
        "dmean2": 3.38364553452,
        "dvar": 13.7281608582,
        "dvar2": 37.8889656067,
        "max": 37.2036552429,
        "mean": 3.90705680847,
        "median": 2.88755297661,
        "min": 0.587482631207,
        "var": 14.1301450729
    },
    "pitch_salience": {
        "dmean": 0.10364920646,
        "dmean2": 0.167298421264,
        "dvar": 0.0085468403995,
        "dvar2": 0.0189475324005,
        "max": 0.822964310646,
        "mean": 0.427921056747,
        "median": 0.432698339224,
        "min": 0.10360763967,
        "var": 0.016783496365
    },
    "silence_rate_20dB": {
        "dmean": 0,
        "dmean2": 0,
        "dvar": 0,
        "dvar2": 0,
        "max": 1,
        "mean": 1,
        "median": 1,
        "min": 1,
        "var": 0
    },
    "silence_rate_30dB": {
        "dmean": 0.00833333376795,
        "dmean2": 0.016736401245,
        "dvar": 0.00826393999159,
        "dvar2": 0.0248243063688,
        "max": 1,
        "mean": 0.995850622654,
        "median": 1,
        "min": 0,
        "var": 0.00413216836751
    },
    "silence_rate_60dB": {
        "dmean": 0.0541666671634,
        "dmean2": 0.104602508247,
        "dvar": 0.0512326397002,
        "dvar2": 0.110397197306,
        "max": 1,
        "mean": 0.0746887996793,
        "median": 0,
        "min": 0,
        "var": 0.0691104605794
    },
    "spectral_centroid": {
        "dmean": 75.1747055054,
        "dmean2": 128.290405273,
        "dvar": 30015.4628906,
        "dvar2": 80496.7734375,
        "max": 1813.40893555,
        "mean": 397.378845215,
        "median": 346.744171143,
        "min": 263.042785645,
        "var": 27386.5683594
    },
    "spectral_complexity": {
        "dmean": 1.20416665077,
        "dmean2": 1.91631793976,
        "dvar": 2.16248345375,
        "dvar2": 5.0390162468,
        "max": 18,
        "mean": 4.04564332962,
        "median": 4,
        "min": 1,
        "var": 4.98961830139
    },
    "spectral_decrease": {
        "dmean": 2.93456769995e-09,
        "dmean2": 4.53103421449e-09,
        "dvar": 1.19625801396e-17,
        "dvar2": 3.17915453342e-17,
        "max": -1.03390643269e-10,
        "mean": -5.56718671163e-09,
        "median": -3.80827502866e-09,
        "min": -2.55911185576e-08,
        "var": 2.67528738945e-17
    },
    "spectral_energy": {
        "dmean": 0.0113164121285,
        "dmean2": 0.0174560770392,
        "dvar": 0.00017973780632,
        "dvar2": 0.000475886510685,
        "max": 0.0996637046337,
        "mean": 0.0217813402414,
        "median": 0.0150262704119,
        "min": 0.000523639435414,
        "var": 0.000402041827329
    },
    "spectral_energyband_high": {
        "dmean": 1.88726389752e-05,
        "dmean2": 3.21945153701e-05,
        "dvar": 1.79087489283e-09,
        "dvar2": 4.73270223011e-09,
        "max": 0.000519879860803,
        "mean": 9.61434998317e-05,
        "median": 8.88934227987e-05,
        "min": 3.73797661268e-06,
        "var": 1.7871327751e-09
    },
    "spectral_energyband_low": {
        "dmean": 0.00118902348913,
        "dmean2": 0.0020143291913,
        "dvar": 2.29058468904e-06,
        "dvar2": 6.65372454023e-06,
        "max": 0.0123334545642,
        "mean": 0.00199413462542,
        "median": 0.00130189675838,
        "min": 4.18924391852e-05,
        "var": 4.24859445047e-06
    },
    "spectral_energyband_middle_high": {
        "dmean": 8.72937598615e-05,
        "dmean2": 0.000126903891214,
        "dvar": 3.80965481384e-08,
        "dvar2": 8.61185966983e-08,
        "max": 0.00217240606435,
        "mean": 0.000146047605085,
        "median": 6.27037443337e-05,
        "min": 1.09863649413e-05,
        "var": 5.72099061458e-08
    },
    "spectral_energyband_middle_low": {
        "dmean": 0.00940924044698,
        "dmean2": 0.0144591806456,
        "dvar": 0.00018020477728,
        "dvar2": 0.000458098395029,
        "max": 0.0981594026089,
        "mean": 0.016817368567,
        "median": 0.01085437648,
        "min": 0.00027371244505,
        "var": 0.000350074027665
    },
    "spectral_entropy": {
        "dmean": 0.445848584175,
        "dmean2": 0.657563090324,
        "dvar": 0.120135113597,
        "dvar2": 0.268784493208,
        "max": 8.34300708771,
        "mean": 6.4241399765,
        "median": 6.30560731888,
        "min": 4.82665061951,
        "var": 0.540337860584
    },
    "spectral_flux": {
        "dmean": 0.0324928388,
        "dmean2": 0.0563399754465,
        "dvar": 0.000901438354049,
        "dvar2": 0.00233595026657,
        "max": 0.237408205867,
        "mean": 0.077311784029,
        "median": 0.0658996626735,
        "min": 0.0173334572464,
        "var": 0.00212202873081
    },
    "spectral_kurtosis": {
        "dmean": 2.83224177361,
        "dmean2": 4.08898591995,
        "dvar": 6.81401538849,
        "dvar2": 16.2036266327,
        "max": 31.6746673584,
        "mean": 13.7947292328,
        "median": 12.6802606583,
        "min": 3.74662733078,
        "var": 37.7005615234
    },
    "spectral_rms": {
        "dmean": 0.00117859966122,
        "dmean2": 0.00176409387495,
        "dvar": 1.05769163383e-06,
        "dvar2": 2.67324730885e-06,
        "max": 0.00986067391932,
        "mean": 0.00417151907459,
        "median": 0.00382880866528,
        "min": 0.000714750087354,
        "var": 3.84853410651e-06
    },
    "spectral_rolloff": {
        "dmean": 297.337615967,
        "dmean2": 580.946044922,
        "dvar": 3695800.5,
        "dvar2": 11057952,
        "max": 19164.5507812,
        "mean": 462.293762207,
        "median": 344.53125,
        "min": 21.533203125,
        "var": 1882355.125
    },
    "spectral_skewness": {
        "dmean": 0.332839667797,
        "dmean2": 0.488353967667,
        "dvar": 0.0795324221253,
        "dvar2": 0.182970777154,
        "max": 4.75731992722,
        "mean": 3.11012625694,
        "median": 3.07542443275,
        "min": 1.64778220654,
        "var": 0.469499856234
    },
    "spectral_spread": {
        "dmean": 815258.375,
        "dmean2": 1071442,
        "dvar": 769302069248,
        "dvar2": 851833126912,
        "max": 18345950,
        "mean": 6023012,
        "median": 5685274.5,
        "min": 2462330,
        "var": 3.92789648998e+12
    },
    "spectral_strongpeak": {
        "dmean": 0.543252289295,
        "dmean2": 0.850357592106,
        "dvar": 0.302768349648,
        "dvar2": 0.699228107929,
        "max": 3.69705462456,
        "mean": 0.961977362633,
        "median": 0.752495765686,
        "min": 0,
        "var": 0.918725430965
    },
    "zerocrossingrate": {
        "dmean": 0.0182393398136,
        "dmean2": 0.0229859929532,
        "dvar": 0.000352297967765,
        "dvar2": 0.000572985445615,
        "max": 0.27978515625,
        "mean": 0.0623824894428,
        "median": 0.052734375,
        "min": 0,
        "var": 0.00163099518977
    },
    "barkbands": {
        "dmean": [0.00458918418735, 9.01281600818e-05, 0.000101365854789, 0.000422646582592, 0.00183014117647, 0.00872701685876, 0.000231958081713, 8.00641209935e-05, 0.000139439085615, 3.70258094335e-05, 1.27778594106e-05, 1.22183146232e-05, 1.40387801366e-05, 1.26314062072e-05, 1.0773818758e-05, 9.52680602495e-06, 5.0746953093e-06, 5.18992419529e-06, 5.80874393563e-06, 4.15087743022e-06, 2.71740009339e-06, 1.24610005514e-06, 1.39461167237e-06, 1.91718731912e-06, 2.93642892757e-06, 1.31672402404e-06, 1.02620952021e-05],
        "dmean2": [0.00837545469403, 0.000139699041029, 0.000166125377291, 0.0006565466756, 0.0031539129559, 0.0137059083208, 0.000343782972777, 0.000137234921567, 0.000235242128838, 6.11954965279e-05, 2.09559984796e-05, 1.77727069968e-05, 2.28921471717e-05, 2.13801758946e-05, 1.78886639333e-05, 1.58501989063e-05, 8.47827777761e-06, 8.73315730132e-06, 9.47716671362e-06, 6.78851665725e-06, 4.84733755002e-06, 2.07239509109e-06, 2.48274045589e-06, 3.4288086681e-06, 5.49423521079e-06, 2.25560779654e-06, 1.75649311132e-05],
        "dvar": [4.45269979537e-05, 1.44566802973e-08, 2.11625792446e-08, 3.62288034239e-07, 1.60141698871e-05, 0.000175156616024, 8.67286246375e-07, 2.55122891701e-08, 5.65201858649e-08, 6.55183196585e-09, 1.04138331292e-09, 4.10640077497e-10, 1.67800007222e-09, 8.82660777801e-10, 1.14201870183e-09, 1.34502264881e-09, 1.9509634186e-10, 1.44641992827e-10, 3.44918454909e-10, 2.41098307985e-10, 1.17767282037e-10, 1.68368444187e-11, 1.42384003893e-11, 3.94567295503e-11, 1.09938710913e-10, 3.14797059947e-12, 8.41286137976e-11],
        "dvar2": [0.000144617137266, 3.66250532124e-08, 5.52531034259e-08, 8.50448657275e-07, 5.06680480612e-05, 0.000436534377513, 1.54195913638e-06, 6.86222918489e-08, 1.44917606804e-07, 1.51937751269e-08, 2.58553622956e-09, 7.55651263784e-10, 4.66671767896e-09, 2.08543804447e-09, 3.08165493124e-09, 3.62822549782e-09, 5.26656274147e-10, 3.9673625496e-10, 9.02229235766e-10, 6.29246987849e-10, 3.10226649924e-10, 4.61291768672e-11, 3.98253825751e-11, 1.13763713727e-10, 3.21523224711e-10, 8.54619760376e-12, 1.74286876597e-10],
        "max": [0.0423011481762, 0.00128301628865, 0.000964334467426, 0.00608500139788, 0.0399288758636, 0.0932014063001, 0.013048694469, 0.00176190619823, 0.00171684077941, 0.00062743521994, 0.000355415802915, 0.000209403733606, 0.000485528580612, 0.000244100985583, 0.000380389625207, 0.000422578188591, 0.000152933338541, 0.000119058888231, 0.000225731913815, 0.00019228864403, 0.000112734800496, 4.77938228869e-05, 3.45520456904e-05, 6.52967282804e-05, 0.000100545767054, 1.95427201106e-05, 0.000109090986371],
        "mean": [0.00440300023183, 0.000144431556691, 0.00012093665282, 0.000929598754738, 0.00220550480299, 0.0131473317742, 0.000251880090218, 0.00010809268133, 0.000150030493387, 4.49388317065e-05, 1.74572105607e-05, 2.03422678169e-05, 1.73065855051e-05, 1.45091344166e-05, 1.3410858628e-05, 1.05574699774e-05, 6.42918257654e-06, 6.94796835887e-06, 7.79020501795e-06, 5.15070996698e-06, 3.7226866425e-06, 2.27316377277e-06, 2.49258164331e-06, 3.71160854229e-06, 4.82369750898e-06, 6.7776772994e-06, 8.29686250654e-05],
        "median": [0.00192130333744, 9.09303780645e-05, 4.77085450257e-05, 0.000438597751781, 0.00101218745112, 0.00652080914006, 4.70819759357e-05, 4.44937468274e-05, 4.45318146376e-05, 1.36423768708e-05, 5.70443717152e-06, 7.72673320171e-06, 6.21495973974e-06, 4.78718266095e-06, 5.52313849767e-06, 3.98179372496e-06, 2.72635656984e-06, 2.78764196082e-06, 3.24207826452e-06, 1.96354994841e-06, 1.50976609348e-06, 1.3902624687e-06, 1.64626953847e-06, 2.64685968432e-06, 3.21051652463e-06, 6.59155239191e-06, 8.33237209008e-05],
        "min": [1.33487301355e-05, 5.85842735745e-06, 7.45647184885e-07, 4.23516212322e-06, 3.18626771332e-05, 3.25258188241e-05, 5.21849415236e-06, 1.49266020344e-06, 1.2899425883e-06, 1.03475235846e-06, 4.79857760638e-07, 9.41905511809e-07, 7.18059084193e-07, 4.33723442939e-07, 6.87838792146e-07, 4.87086140311e-07, 4.121995687e-07, 3.45843204741e-07, 2.59045862094e-07, 2.65010982048e-07, 2.58794159436e-07, 2.41119835209e-07, 2.08753576203e-07, 2.05485420679e-07, 2.86754840317e-07, 2.35580898789e-07, 2.34628487306e-06],
        "var": [4.39054492745e-05, 2.6284430632e-08, 3.03002991586e-08, 1.56011981289e-06, 1.52582942974e-05, 0.000271984376013, 1.25499025216e-06, 3.93737167315e-08, 6.17606445985e-08, 8.41533687179e-09, 1.27720944931e-09, 9.99295535209e-10, 1.43498735117e-09, 9.5936836253e-10, 1.04189890049e-09, 1.08776876395e-09, 1.79466747019e-10, 1.60431820606e-10, 3.33684718745e-10, 2.17999479579e-10, 1.1073800904e-10, 1.60037989805e-11, 1.21473291495e-11, 2.94203550411e-11, 7.01794386493e-11, 3.10267805372e-12, 1.09475262189e-10]
    },
    "erbbands": {
        "dmean": [0.0139941321686, 0.00610194355249, 0.0702767819166, 0.778120279312, 1.59414315224, 5.38706874847, 55.3165550232, 62.8069496155, 8.74841308594, 1.14115738869, 1.74062740803, 2.75038194656, 2.8038687706, 0.541142702103, 0.545020222664, 0.515042066574, 0.609715402126, 0.724075496197, 0.538773417473, 0.47685649991, 0.486744076014, 0.271754443645, 0.280050098896, 0.312495052814, 0.227216079831, 0.184830293059, 0.170430645347, 0.0840317681432, 0.043677020818, 0.0366685166955, 0.0425464510918, 0.0391490273178, 0.0378552824259, 0.0389221720397, 0.016462540254, 0.00478066271171, 0.00250763865188, 0.00219962792471, 0.00116519769654, 0.00025500744232],
        "dmean2": [0.0229264162481, 0.0102795213461, 0.114639356732, 1.22304534912, 2.36180615425, 8.88706874847, 92.3079376221, 92.9003143311, 11.7846908569, 1.80179071426, 2.93010640144, 4.49738311768, 4.80171060562, 0.806061446667, 0.892149686813, 0.783313751221, 1.0051381588, 1.21132099628, 0.864594578743, 0.798094570637, 0.811082422733, 0.450092822313, 0.463736772537, 0.523618996143, 0.366728752851, 0.30723708868, 0.282208800316, 0.147074475884, 0.070885412395, 0.0624659135938, 0.0742442235351, 0.0696206688881, 0.0673927813768, 0.0725241154432, 0.0301428232342, 0.00849786121398, 0.00427750311792, 0.00380558241159, 0.00186322897207, 0.000424358615419],
        "dvar": [0.000265133217908, 0.000218681947445, 0.00901995133609, 0.990451514721, 5.75619935989, 118.783309937, 9123.42480469, 7883.53613281, 412.497467041, 3.08372354507, 13.6617889404, 22.1822452545, 34.2149429321, 1.06343519688, 1.4865373373, 0.729397416115, 3.26723337173, 3.15976929665, 2.45789670944, 3.84565854073, 2.80866527557, 0.527812004089, 0.450786232948, 1.45595347881, 0.270565658808, 0.433864414692, 0.445901542902, 0.131874412298, 0.0149965947494, 0.00939047243446, 0.0122244460508, 0.016014341265, 0.0149225955829, 0.0195011962205, 0.00284072454087, 0.00013498403132, 6.65655852572e-06, 3.16078103424e-06, 1.09918755697e-06, 4.05103186552e-08],
        "dvar2": [0.000709658546839, 0.000583430228289, 0.0236660540104, 2.75107693672, 10.7063016891, 301.196838379, 24819.2226562, 17228.8496094, 766.872314453, 6.49579000473, 39.0698890686, 57.1364631653, 87.0939331055, 2.33757758141, 3.77431583405, 1.3395819664, 8.80116462708, 7.52450180054, 6.3250617981, 10.7051410675, 7.37214660645, 1.40347695351, 1.18472099304, 4.04514551163, 0.599258065224, 1.14730107784, 1.07072174549, 0.376178443432, 0.0392844416201, 0.0242244582623, 0.0340210869908, 0.0460354611278, 0.0430854819715, 0.0569638647139, 0.00828385632485, 0.000391016161302, 1.78096197487e-05, 7.63664957049e-06, 2.77427579931e-06, 1.01249632678e-07],
        "max": [0.146385669708, 0.192467570305, 0.703897237778, 9.05001449585, 27.9213218689, 93.7457427979, 699.067260742, 699.948852539, 280.729431152, 18.1371116638, 39.4002838135, 41.8504753113, 59.5926094055, 11.1581277847, 12.4962511063, 9.60493087769, 21.4391498566, 15.3260660172, 18.4741039276, 23.1630573273, 18.2420578003, 8.19577598572, 6.58779191971, 14.568113327, 4.5447511673, 8.06572246552, 8.00045204163, 4.29371547699, 1.47662401199, 0.969660997391, 0.982445240021, 1.35682141781, 1.10805857182, 1.32800996304, 0.473900407553, 0.0964097306132, 0.0321808829904, 0.0213213097304, 0.0122766299173, 0.00220218067989],
        "mean": [0.0220810584724, 0.0108380541205, 0.104229308665, 1.48486185074, 3.71142721176, 7.06099319458, 70.2997970581, 103.856231689, 14.4910469055, 2.16161680222, 2.37550139427, 3.1666328907, 3.06128358841, 0.804409444332, 0.78062069416, 0.843770444393, 0.797213971615, 0.829516351223, 0.703600108624, 0.570562064648, 0.557046413422, 0.363815873861, 0.383857965469, 0.389735460281, 0.343662708998, 0.23842856288, 0.204734772444, 0.121488265693, 0.0807197093964, 0.0699424594641, 0.0726180896163, 0.0714724361897, 0.0672471001744, 0.0584461130202, 0.0306097324938, 0.014636089094, 0.0133281145245, 0.0149930855259, 0.00895916018635, 0.00166998850182],
        "median": [0.0137885520235, 0.00767393829301, 0.0632198750973, 0.844646036625, 1.10923647881, 2.63359713554, 27.471370697, 39.8550415039, 4.12820100784, 1.10288953781, 1.02414631844, 0.982519447803, 0.859177708626, 0.33909407258, 0.265555381775, 0.344409644604, 0.295693844557, 0.280774533749, 0.298203736544, 0.228951752186, 0.237136244774, 0.171406894922, 0.158896952868, 0.160511106253, 0.155649080873, 0.0956957563758, 0.0715617612004, 0.0539100803435, 0.049975540489, 0.0482749007642, 0.0479150265455, 0.0512893386185, 0.0462181009352, 0.0363156087697, 0.0218527466059, 0.0127162430435, 0.0131163615733, 0.014956892468, 0.00893125217408, 0.00167543580756],
        "min": [0.00023590924684, 0.00150606269017, 0.00646256236359, 0.020642073825, 0.0542553216219, 0.133527636528, 0.235431164503, 0.205970481038, 0.14677156508, 0.101722739637, 0.0621801912785, 0.0413737371564, 0.0317706875503, 0.0247178860009, 0.0232269391418, 0.0495215244591, 0.0349685549736, 0.0250283982605, 0.0316283926368, 0.0266892686486, 0.0232008974999, 0.0275625642389, 0.0196130666882, 0.0146587695926, 0.0134107451886, 0.012825474143, 0.0143490349874, 0.00886988546699, 0.00795608386397, 0.00686270510778, 0.00557849556208, 0.0047089420259, 0.00358630577102, 0.00346316560172, 0.00192757253535, 0.000605068169534, 0.00045665903599, 0.000496611814015, 0.000225536656217, 4.62283969682e-05],
        "var": [0.000629885587841, 0.000218106695684, 0.0133122140542, 2.64957261086, 34.6603126526, 170.987167358, 11397.4511719, 21878.3847656, 890.341430664, 7.34247732162, 19.4601993561, 27.3432998657, 33.3034172058, 1.81013631821, 2.03494095802, 1.65791106224, 2.94771242142, 3.44362163544, 2.4452688694, 2.98410129547, 2.4341301918, 0.520523667336, 0.514598369598, 1.15457332134, 0.398985892534, 0.390415817499, 0.471662431955, 0.107851006091, 0.0172480363399, 0.00960231199861, 0.0102893533185, 0.0118330158293, 0.0109281437472, 0.0125980190933, 0.0018723027315, 0.000105064391391, 7.84495205153e-06, 4.95346330354e-06, 1.45351839365e-06, 5.59863657656e-08]
    },
    "gfcc": {
        "mean": [-97.7183151245, 76.8352813721, -33.6661643982, -13.7445697784, -43.951171875, -31.8584251404, -41.5559272766, -18.0989208221, -18.454706192, -4.56314611435, -0.250457525253, 2.92284440994, 2.1969139576],
        "cov": [[1314.51147461, 408.451660156, -518.586547852, -168.578842163, -100.906852722, -104.637275696, -95.4480285645, 6.12646436691, -102.171585083, -46.6203765869, 1.73310697079, -26.1772575378, 25.8535728455], [408.451660156, 425.297729492, -50.0270729065, -170.761947632, -52.9484367371, -100.368431091, -67.3549728394, -41.9066505432, -39.5109786987, -25.5703773499, 19.0093173981, 18.9144153595, -4.24078321457], [-518.586547852, -50.0270729065, 341.841705322, 68.0102615356, 33.0933036804, 9.43894386292, 17.3970851898, -23.323091507, 36.8586463928, 10.2992773056, 7.2644405365, 25.1892433167, -16.9973468781], [-168.578842163, -170.761947632, 68.0102615356, 152.632156372, 45.0515403748, 25.8789272308, 13.4761867523, 11.2211446762, 13.058807373, 10.3634757996, -5.90401887894, -12.2666149139, -7.13251256943], [-100.906852722, -52.9484367371, 33.0933036804, 45.0515403748, 54.660900116, 41.3665237427, 23.819475174, 11.928902626, 17.7543640137, 10.2383623123, 1.91846501827, -0.0423934310675, -3.8646903038], [-104.637275696, -100.368431091, 9.43894386292, 25.8789272308, 41.3665237427, 109.447227478, 71.8803710938, 36.3270492554, 25.4702777863, 8.37051105499, -13.467376709, -5.62548351288, 5.25347137451], [-95.4480285645, -67.3549728394, 17.3970851898, 13.4761867523, 23.819475174, 71.8803710938, 80.7319259644, 44.0966758728, 24.6597766876, 6.50514221191, -12.3494749069, -8.1731672287, -2.12243890762], [6.12646436691, -41.9066505432, -23.323091507, 11.2211446762, 11.928902626, 36.3270492554, 44.0966758728, 52.4490470886, 24.9473571777, 4.20574569702, -4.76290607452, -7.28763532639, -3.41505742073], [-102.171585083, -39.5109786987, 36.8586463928, 13.058807373, 17.7543640137, 25.4702777863, 24.6597766876, 24.9473571777, 45.0205192566, 25.0414772034, 7.74071645737, 8.69425106049, 4.74094247818], [-46.6203765869, -25.5703773499, 10.2992773056, 10.3634757996, 10.2383623123, 8.37051105499, 6.50514221191, 4.20574569702, 25.0414772034, 34.532787323, 19.0823307037, 10.0540933609, 8.09084129333], [1.73310697079, 19.0093173981, 7.2644405365, -5.90401887894, 1.91846501827, -13.467376709, -12.3494749069, -4.76290607452, 7.74071645737, 19.0823307037, 37.2699394226, 28.4530544281, 9.05281352997], [-26.1772575378, 18.9144153595, 25.1892433167, -12.2666149139, -0.0423934310675, -5.62548351288, -8.1731672287, -7.28763532639, 8.69425106049, 10.0540933609, 28.4530544281, 47.3289031982, 29.3158340454], [25.8535728455, -4.24078321457, -16.9973468781, -7.13251256943, -3.8646903038, 5.25347137451, -2.12243890762, -3.41505742073, 4.74094247818, 8.09084129333, 9.05281352997, 29.3158340454, 52.9048500061]],
        "icov": [[0.00612512975931, -0.0071583557874, 0.00765229668468, -0.00591709557921, 0.00545235676691, -0.00379597442225, 0.00440250057727, -0.00651559978724, 0.00526378117502, -0.001546019339, -0.000615178607404, 0.000938573735766, -0.0020250431262], [-0.0071583557874, 0.0145315611735, -0.00967782456428, 0.0143058281392, -0.0106739792973, 0.0090052569285, -0.00423042476177, 0.00629884842783, -0.0036906467285, 0.00346756842919, -0.000828809512313, -0.000608230940998, 0.00232456019148], [0.00765229668468, -0.00967782456428, 0.016424164176, -0.0118432575837, 0.00780145777389, -0.00266081886366, -0.0024488454219, 0.00574378063902, -0.00728385709226, 0.00627009477466, -0.000507979828399, -0.00499304803088, 0.00281896418892], [-0.00591709557921, 0.0143058281392, -0.0118432575837, 0.0257450919598, -0.0194662958384, 0.00895581301302, 0.00263060466386, -0.00495545798913, 0.00716244289652, -0.00524711003527, 0.00243440177292, 0.00378846121021, -0.00117672141641], [0.00545235676691, -0.0106739792973, 0.00780145777389, -0.0194662958384, 0.0454245693982, -0.0207625962794, 0.0038362168707, 0.00251285033301, -0.00844795815647, 0.00382215552963, -0.00957710202783, 0.00122885650489, 0.00318844872527], [-0.00379597442225, 0.0090052569285, -0.00266081886366, 0.00895581301302, -0.0207625962794, 0.0361505113542, -0.0269554406404, 0.00944680627435, -0.00583487330005, 0.00299789384007, 0.00646074023098, -0.0031163059175, -0.00196296931244], [0.00440250057727, -0.00423042476177, -0.0024488454219, 0.00263060466386, 0.0038362168707, -0.0269554406404, 0.0582784563303, -0.046317525208, 0.0261331982911, -0.0236641410738, 0.0152992652729, -0.00291701965034, -0.000341945240507], [-0.00651559978724, 0.00629884842783, 0.00574378063902, -0.00495545798913, 0.00251285033301, 0.00944680627435, -0.046317525208, 0.0885833650827, -0.0693804323673, 0.0517974309623, -0.0280851647258, 0.0122892297804, 0.00426362361759], [0.00526378117502, -0.0036906467285, -0.00728385709226, 0.00716244289652, -0.00844795815647, -0.00583487330005, 0.0261331982911, -0.0693804323673, 0.109507523477, -0.0833255127072, 0.0407984144986, -0.0249846875668, 0.00208269874565], [-0.001546019339, 0.00346756842919, 0.00627009477466, -0.00524711003527, 0.00382215552963, 0.00299789384007, -0.0236641410738, 0.0517974309623, -0.0833255127072, 0.120367005467, -0.0788462311029, 0.045598026365, -0.0179998613894], [-0.000615178607404, -0.000828809512313, -0.000507979828399, 0.00243440177292, -0.00957710202783, 0.00646074023098, 0.0152992652729, -0.0280851647258, 0.0407984144986, -0.0788462311029, 0.118378065526, -0.081114217639, 0.0309519860893], [0.000938573735766, -0.000608230940998, -0.00499304803088, 0.00378846121021, 0.00122885650489, -0.0031163059175, -0.00291701965034, 0.0122892297804, -0.0249846875668, 0.045598026365, -0.081114217639, 0.098782196641, -0.0461175180972], [-0.0020250431262, 0.00232456019148, 0.00281896418892, -0.00117672141641, 0.00318844872527, -0.00196296931244, -0.000341945240507, 0.00426362361759, 0.00208269874565, -0.0179998613894, 0.0309519860893, -0.0461175180972, 0.0443387515843]]
    },
    "melbands": {
        "dmean": [0.000229750221479, 2.56775638263e-05, 0.000156250462169, 0.000163373173564, 0.00151371536776, 0.00144093611743, 0.000109021530079, 1.2374549442e-05, 1.27589773911e-05, 2.02535175049e-05, 1.37414335768e-05, 2.23652455134e-06, 1.80669076144e-06, 1.45190858802e-06, 1.46051138472e-06, 1.39688233958e-06, 1.35475215757e-06, 8.59933379616e-07, 7.62792524256e-07, 6.97913094427e-07, 5.45492298443e-07, 2.88050728159e-07, 2.52435569337e-07, 2.60675761865e-07, 2.6862261393e-07, 1.95160637873e-07, 1.20527104741e-07, 1.32465672209e-07, 1.26212228224e-07, 7.08474487965e-08, 4.28032471689e-08, 2.58961510013e-08, 2.34727508541e-08, 2.07328749724e-08, 2.47360265604e-08, 2.72992526362e-08, 2.4737886406e-08, 2.53625191959e-08, 3.16620543117e-08, 3.63740930709e-08],
        "dmean2": [0.000394999806304, 4.21984150307e-05, 0.000244570081122, 0.000254262966337, 0.00250075524673, 0.00219913362525, 0.000144426245242, 2.05598189496e-05, 2.16153584915e-05, 3.38020217896e-05, 2.35497936956e-05, 3.45146099789e-06, 2.94740357276e-06, 2.1185692276e-06, 2.36954883803e-06, 2.28450653594e-06, 2.31319177146e-06, 1.37587983318e-06, 1.24831274206e-06, 1.18883690448e-06, 9.04285684555e-07, 4.82348980313e-07, 4.26566685974e-07, 4.42902972964e-07, 4.57103396911e-07, 3.13305804411e-07, 1.99438829895e-07, 2.25590355285e-07, 2.05996116165e-07, 1.29458385345e-07, 7.71016814838e-08, 4.18081853581e-08, 3.89909615706e-08, 3.55158107368e-08, 4.3365197655e-08, 4.87646616421e-08, 4.41426273312e-08, 4.54655548765e-08, 5.76250478446e-08, 6.76245903719e-08],
        "dvar": [8.9809091719e-08, 1.31220312394e-09, 4.3748919154e-08, 1.30364341544e-07, 6.68294705974e-06, 4.31750231655e-06, 7.46531014784e-08, 3.63264945902e-10, 6.68127053682e-10, 1.21605758796e-09, 8.34580959896e-10, 2.16220600452e-11, 1.96987044732e-11, 5.65089815219e-12, 7.00531516476e-12, 2.02935151322e-11, 1.02105086539e-11, 6.47650206034e-12, 5.24835123278e-12, 1.17593070698e-11, 2.60554446942e-12, 5.5721106982e-13, 4.18159539113e-13, 3.71621136641e-13, 1.32608334036e-12, 1.65845906886e-13, 8.77010188647e-14, 2.81748067802e-13, 2.76816601325e-13, 9.58144154295e-14, 3.55868627752e-14, 4.79436021794e-15, 4.56485579385e-15, 2.57067384415e-15, 4.13076114926e-15, 5.91756825765e-15, 7.57444728819e-15, 6.29745872284e-15, 1.40965103495e-14, 1.6000128807e-14],
        "dvar2": [2.6163800726e-07, 3.43873640674e-09, 9.54486054638e-08, 2.46952623684e-07, 1.83140273293e-05, 9.91793149296e-06, 1.34885524972e-07, 9.12513842266e-10, 1.89560411812e-09, 3.07662584298e-09, 2.10110018273e-09, 4.97997268423e-11, 4.98157036455e-11, 1.17387367188e-11, 1.68322526056e-11, 5.567012476e-11, 2.44827231405e-11, 1.70330485827e-11, 1.46833708387e-11, 3.32596693242e-11, 6.70875854869e-12, 1.52170095101e-12, 1.06614738739e-12, 1.03823124143e-12, 3.72138561286e-12, 3.77450078571e-13, 1.9564543399e-13, 7.75669405009e-13, 6.74286852482e-13, 2.59620585663e-13, 1.04058709078e-13, 1.21819880369e-14, 1.20483516488e-14, 6.85668681528e-15, 1.15790149279e-14, 1.64941421388e-14, 2.22551300034e-14, 1.84850100721e-14, 4.06524010147e-14, 4.68660415922e-14],
        "max": [0.00228336919099, 0.000270311109489, 0.00216127792373, 0.00359763135202, 0.0187681671232, 0.0141971772537, 0.00359172094613, 0.000200857000891, 0.000262262183242, 0.000297391437925, 0.000292067328701, 4.3664353143e-05, 4.59106813651e-05, 2.5788678613e-05, 2.25632866204e-05, 5.26788535353e-05, 2.63036181423e-05, 3.01715954265e-05, 2.29017678066e-05, 4.02240548283e-05, 1.64665143529e-05, 8.44017631607e-06, 5.95247138335e-06, 5.6252192735e-06, 1.38990371852e-05, 3.81836207453e-06, 2.51563892562e-06, 6.45857653581e-06, 6.76747276884e-06, 3.32536001224e-06, 2.27819168686e-06, 8.65474589773e-07, 6.90624801791e-07, 4.54966510688e-07, 5.46103024135e-07, 7.16325587291e-07, 9.90427110992e-07, 8.65891479407e-07, 1.34257004447e-06, 1.13359226361e-06],
        "mean": [0.000325546308886, 3.40574879374e-05, 0.000363488390576, 0.00026588482433, 0.00200888328254, 0.00232350663282, 0.000169153063325, 1.94050353457e-05, 1.734385296e-05, 2.22111611947e-05, 1.50772966663e-05, 3.05296202896e-06, 2.50026482718e-06, 2.29058218792e-06, 2.16044895751e-06, 1.59681530931e-06, 1.49863012666e-06, 1.05615151824e-06, 9.48368835907e-07, 7.31433431156e-07, 6.23416667622e-07, 3.76797885338e-07, 3.33540782549e-07, 3.36417770086e-07, 3.14087770903e-07, 2.89523995889e-07, 1.79479144435e-07, 1.56180192334e-07, 1.40709502716e-07, 9.17218514473e-08, 6.33072403389e-08, 4.56702622387e-08, 4.13649452469e-08, 3.78881352958e-08, 4.03568627405e-08, 4.4310425551e-08, 4.34961400231e-08, 4.49687043158e-08, 5.00260419756e-08, 4.990918967e-08],
        "median": [0.000186214092537, 1.5447700207e-05, 0.000169368708157, 8.80427687662e-05, 0.000794520834461, 0.00104103633203, 2.29992783716e-05, 9.54393999564e-06, 7.26348935132e-06, 6.1235573412e-06, 4.05824630434e-06, 1.20367280942e-06, 8.24786752673e-07, 8.82620156517e-07, 8.33473109196e-07, 4.93142522373e-07, 4.82341590669e-07, 4.47275937177e-07, 4.15358158534e-07, 2.31303062037e-07, 2.71720097089e-07, 1.83132129905e-07, 1.34868415103e-07, 1.33478351927e-07, 1.22745930753e-07, 1.32989470103e-07, 7.75280639687e-08, 6.21728943884e-08, 4.69086636201e-08, 3.53767539707e-08, 3.08036547381e-08, 2.77434182294e-08, 2.72887152875e-08, 2.63675303813e-08, 2.72391833533e-08, 2.87593078241e-08, 3.10887848798e-08, 3.14453494354e-08, 3.20089839079e-08, 3.08262393389e-08],
        "min": [3.8968496483e-06, 8.46319778702e-07, 5.06210881213e-06, 5.85181487622e-06, 1.43537272379e-05, 5.48113166587e-06, 1.6285446236e-06, 8.0970653471e-07, 2.72000505674e-07, 2.20008701035e-07, 1.52822323685e-07, 7.74133184223e-08, 7.26285236397e-08, 7.64247758411e-08, 9.03167816091e-08, 6.67810695631e-08, 4.04760598371e-08, 4.67151828332e-08, 4.30108109128e-08, 2.8453596812e-08, 2.04077998944e-08, 2.60047308132e-08, 2.21205098683e-08, 1.62007864901e-08, 1.12808047348e-08, 1.02835739924e-08, 6.82332501611e-09, 9.742301188e-09, 9.88069182029e-09, 5.3945141687e-09, 5.34713917588e-09, 4.78907180579e-09, 4.14136192006e-09, 3.67488928177e-09, 2.97611912892e-09, 3.58673735157e-09, 2.52035325943e-09, 2.90077539766e-09, 1.94514226948e-09, 3.01754288223e-09],
        "var": [1.59907244779e-07, 2.05549866017e-09, 2.34516704722e-07, 2.19197090701e-07, 8.79751314642e-06, 9.58630062087e-06, 1.55824523063e-07, 6.96316504456e-10, 9.97677163106e-10, 1.45014455999e-09, 8.1964435239e-10, 3.14856161976e-11, 2.47326274044e-11, 1.23561248039e-11, 1.08226951706e-11, 1.72639281343e-11, 1.08346430785e-11, 5.95620254507e-12, 4.75264185645e-12, 8.07912677731e-12, 2.43971574714e-12, 5.27894134655e-13, 4.69362016701e-13, 3.7801852577e-13, 9.798858773e-13, 2.45614970419e-13, 1.22067896698e-13, 2.26266366212e-13, 2.77592483505e-13, 8.15714818825e-14, 2.7689281735e-14, 6.04305957691e-15, 4.31447836035e-15, 2.59792056472e-15, 3.25007643004e-15, 4.84274951615e-15, 5.0715458207e-15, 4.43867795438e-15, 9.57390837073e-15, 1.01448737987e-14]
    },
    "mfcc": {
        "mean": [-782.093078613, 151.630172729, 44.8329925537, 22.1429901123, 10.5701398849, -9.74839878082, -9.26134872437, -14.9120702744, -14.4226675034, -8.22406005859, -7.7575378418, -6.20486545563, -2.28392553329],
        "cov": [[1671.82080078, 304.615509033, -502.868835449, -144.568939209, -119.737098694, -170.138885498, -20.3532943726, -63.471446991, -66.5495910645, -37.1497955322, -56.8393135071, -78.6745910645, -59.4526824951], [304.615509033, 469.611175537, -17.6619606018, -92.7789154053, -45.1724433899, -72.6297531128, -46.9954071045, -30.0851993561, -73.5698318481, -32.8161468506, -17.3802394867, -35.938835144, -8.86417770386], [-502.868835449, -17.6619606018, 246.154800415, 67.8085174561, 42.1212882996, 48.4422798157, -2.00081038475, 20.2673416138, 11.4779262543, 3.05526065826, 9.01311397552, 21.8803310394, 21.3233318329], [-144.568939209, -92.7789154053, 67.8085174561, 108.017684937, 43.1354980469, 7.22593069077, -7.54745388031, -13.4187402725, -7.19172048569, -7.10358905792, -6.48419141769, 7.48209524155, 5.27057409286], [-119.737098694, -45.1724433899, 42.1212882996, 43.1354980469, 58.2623939514, 28.5545063019, 0.719528734684, 1.6308208704, 3.58604121208, -0.917725801468, 0.789650380611, 11.6704835892, 12.291893959], [-170.138885498, -72.6297531128, 48.4422798157, 7.22593069077, 28.5545063019, 76.5737457275, 34.6803016663, 25.8875904083, 39.9614372253, 20.9870605469, 14.5489225388, 20.2188854218, 12.2154102325], [-20.3532943726, -46.9954071045, -2.00081038475, -7.54745388031, 0.719528734684, 34.6803016663, 50.8198432922, 35.5523071289, 33.4241142273, 21.3705501556, 15.7817344666, 9.45200252533, 0.952607929707], [-63.471446991, -30.0851993561, 20.2673416138, -13.4187402725, 1.6308208704, 25.8875904083, 35.5523071289, 61.7281303406, 42.3146018982, 23.6822719574, 20.6199092865, 10.3458003998, 8.64168643951], [-66.5495910645, -73.5698318481, 11.4779262543, -7.19172048569, 3.58604121208, 39.9614372253, 33.4241142273, 42.3146018982, 74.8250427246, 42.2681846619, 23.5672588348, 16.2171440125, 1.3179397583], [-37.1497955322, -32.8161468506, 3.05526065826, -7.10358905792, -0.917725801468, 20.9870605469, 21.3705501556, 23.6822719574, 42.2681846619, 51.7586402893, 29.529838562, 10.7411546707, 1.5237724781], [-56.8393135071, -17.3802394867, 9.01311397552, -6.48419141769, 0.789650380611, 14.5489225388, 15.7817344666, 20.6199092865, 23.5672588348, 29.529838562, 44.6889381409, 22.1668663025, 6.83937263489], [-78.6745910645, -35.938835144, 21.8803310394, 7.48209524155, 11.6704835892, 20.2188854218, 9.45200252533, 10.3458003998, 16.2171440125, 10.7411546707, 22.1668663025, 42.4477767944, 21.046503067], [-59.4526824951, -8.86417770386, 21.3233318329, 5.27057409286, 12.291893959, 12.2154102325, 0.952607929707, 8.64168643951, 1.3179397583, 1.5237724781, 6.83937263489, 21.046503067, 39.1564674377]],
