{
"lowlevel": {
    "average_loudness": 0.978572905064,
    "barkbands_crest": {
        "dmean": 3.01515197754,
        "dmean2": 4.97725486755,
        "dvar": 7.0353512764,
        "dvar2": 17.0433425903,
        "max": 23.5244865417,
        "mean": 11.5797042847,
        "median": 11.3992385864,
        "min": 3.14932060242,
        "var": 30.376159668
    },
    "barkbands_flatness_db": {
        "dmean": 0.02439824678,
        "dmean2": 0.0376531220973,
        "dvar": 0.000866578600835,
        "dvar2": 0.00138694734778,
        "max": 0.4779933393,
        "mean": 0.157365769148,
        "median": 0.119625233114,
        "min": 0.0255588665605,
        "var": 0.0102247269824
    },
    "barkbands_kurtosis": {
        "dmean": 14.3400707245,
        "dmean2": 23.6930294037,
        "dvar": 980.451538086,
        "dvar2": 2465.2434082,
        "max": 328.593536377,
        "mean": 34.6733055115,
        "median": 6.16310453415,
        "min": -1.73810815811,
        "var": 5194.93847656
    },
    "barkbands_skewness": {
        "dmean": 0.927043437958,
        "dmean2": 1.44546556473,
        "dvar": 1.19837617874,
        "dvar2": 2.8016705513,
        "max": 14.9157447815,
        "mean": 3.02447557449,
        "median": 2.10577392578,
        "min": -2.37181091309,
        "var": 10.7221775055
    },
    "barkbands_spread": {
        "dmean": 10.0918655396,
        "dmean2": 15.3278913498,
        "dvar": 184.99067688,
        "dvar2": 444.060821533,
        "max": 123.441856384,
        "mean": 32.2349319458,
        "median": 26.5321731567,
        "min": 0.38976457715,
        "var": 934.328125
    },
    "dissonance": {
        "dmean": 0.0233116354793,
        "dmean2": 0.0369134694338,
        "dvar": 0.000746182864532,
        "dvar2": 0.00173513474874,
        "max": 0.499759584665,
        "mean": 0.435866653919,
        "median": 0.452575802803,
        "min": 0.209965243936,
        "var": 0.0042542279698
    },
    "dynamic_complexity": 12.6660137177,
    "erbbands_crest": {
        "dmean": 2.69678354263,
        "dmean2": 4.22118854523,
        "dvar": 6.54407119751,
        "dvar2": 17.510477066,
        "max": 29.7119674683,
        "mean": 11.8131027222,
        "median": 9.61370849609,
        "min": 2.49404239655,
        "var": 48.4732437134
    },
    "erbbands_flatness_db": {
        "dmean": 0.0199625976384,
        "dmean2": 0.0286210905761,
        "dvar": 0.00071354751708,
        "dvar2": 0.00113124202471,
        "max": 0.377090841532,
        "mean": 0.158119559288,
        "median": 0.139364600182,
        "min": 0.02522447519,
        "var": 0.00677054468542
    },
    "erbbands_kurtosis": {
        "dmean": 4.19101047516,
        "dmean2": 6.26568174362,
        "dvar": 58.0921287537,
        "dvar2": 124.372650146,
        "max": 99.5693206787,
        "mean": 7.90391016006,
        "median": 2.82572960854,
        "min": -1.36703121662,
        "var": 195.374572754
    },
    "erbbands_skewness": {
        "dmean": 0.554473996162,
        "dmean2": 0.836467862129,
        "dvar": 0.371687084436,
        "dvar2": 0.754093468189,
        "max": 7.78247833252,
        "mean": 1.59588027,
        "median": 1.530356884,
        "min": -1.8635494709,
        "var": 2.92145180702
    },
    "erbbands_spread": {
        "dmean": 7.98202180862,
        "dmean2": 12.8374404907,
        "dvar": 120.241043091,
        "dvar2": 235.081390381,
        "max": 93.356262207,
        "mean": 32.1491775513,
        "median": 28.5074863434,
        "min": 1.7616083622,
        "var": 550.709411621
    },
    "hfc": {
        "dmean": 15.2068595886,
        "dmean2": 26.5281600952,
        "dvar": 7674.04736328,
        "dvar2": 22036.5546875,
        "max": 796.26385498,
        "mean": 12.9685087204,
        "median": 0.577113747597,
        "min": 0.182460784912,
        "var": 4965.62890625
    },
    "melbands_crest": {
        "dmean": 3.10353589058,
        "dmean2": 5.03181171417,
        "dvar": 8.40082454681,
        "dvar2": 23.8175010681,
        "max": 29.3780822754,
        "mean": 14.2009811401,
        "median": 13.0031471252,
        "min": 3.64804387093,
        "var": 45.0235557556
    },
    "melbands_flatness_db": {
        "dmean": 0.0284410249442,
        "dmean2": 0.0402657873929,
        "dvar": 0.00115390564315,
        "dvar2": 0.00160970271099,
        "max": 0.613384604454,
        "mean": 0.23363058269,
        "median": 0.199590921402,
        "min": 0.0184225738049,
        "var": 0.0185794923455
    },
    "melbands_kurtosis": {
        "dmean": 11.939573288,
        "dmean2": 18.8269691467,
        "dvar": 376.175201416,
        "dvar2": 814.179443359,
        "max": 211.49911499,
        "mean": 24.8986740112,
        "median": 17.9838657379,
        "min": -1.58075201511,
        "var": 921.665039062
    },
    "melbands_skewness": {
        "dmean": 0.809755444527,
        "dmean2": 1.30436742306,
        "dvar": 0.643393099308,
        "dvar2": 1.22840189934,
        "max": 8.65923213959,
        "mean": 2.87643623352,
        "median": 2.88689517975,
        "min": -0.981946825981,
        "var": 2.79517006874
    },
    "melbands_spread": {
        "dmean": 7.00623655319,
        "dmean2": 11.4690666199,
        "dvar": 299.990203857,
        "dvar2": 582.957824707,
        "max": 205.191604614,
        "mean": 24.5153903961,
        "median": 9.99298858643,
        "min": 0.356967061758,
        "var": 1433.59484863
    },
    "pitch_salience": {
        "dmean": 0.0911519303918,
        "dmean2": 0.146289169788,
        "dvar": 0.00631195260212,
        "dvar2": 0.0139917694032,
        "max": 0.917804419994,
        "mean": 0.586606621742,
        "median": 0.629199504852,
        "min": 0.096009477973,
        "var": 0.032965246588
    },
    "silence_rate_20dB": {
        "dmean": 0,
        "dmean2": 0,
        "dvar": 0,
        "dvar2": 0,
        "max": 1,
        "mean": 1,
        "median": 1,
        "min": 1,
        "var": 0
    },
    "silence_rate_30dB": {
        "dmean": 0,
        "dmean2": 0,
        "dvar": 0,
        "dvar2": 0,
        "max": 1,
        "mean": 1,
        "median": 1,
        "min": 1,
        "var": 0
    },
    "silence_rate_60dB": {
        "dmean": 0.0691823884845,
        "dmean2": 0.139240503311,
        "dvar": 0.0643961653113,
        "dvar2": 0.145169124007,
        "max": 1,
        "mean": 0.681249976158,
        "median": 1,
        "min": 0,
        "var": 0.217148110271
    },
    "spectral_centroid": {
        "dmean": 198.58052063,
        "dmean2": 289.434661865,
        "dvar": 114701.046875,
        "dvar2": 152402.90625,
        "max": 4280.46582031,
        "mean": 1129.51293945,
        "median": 695.615356445,
        "min": 192.331634521,
        "var": 1136144.125
    },
    "spectral_complexity": {
        "dmean": 1.74842762947,
        "dmean2": 2.36075949669,
        "dvar": 20.9680767059,
        "dvar2": 40.1800270081,
        "max": 63,
        "mean": 5.03125,
        "median": 2,
        "min": 0,
        "var": 105.380050659
    },
    "spectral_decrease": {
        "dmean": 1.05610831191e-09,
        "dmean2": 1.59782875819e-09,
        "dvar": 7.87728812264e-18,
        "dvar2": 2.06939876658e-17,
        "max": -1.25920508829e-12,
        "mean": -1.86225135312e-09,
        "median": -1.42763176281e-10,
        "min": -2.19756053355e-08,
        "var": 1.46039696676e-17
    },
    "spectral_energy": {
        "dmean": 0.00536116026342,
        "dmean2": 0.00842445064336,
        "dvar": 0.000320791848935,
        "dvar2": 0.000890499330126,
        "max": 0.155164659023,
        "mean": 0.00820484757423,
        "median": 0.000604529981501,
        "min": 2.30877449212e-05,
        "var": 0.000352311122697
    },
    "spectral_energyband_high": {
        "dmean": 0.00184126512613,
        "dmean2": 0.00327135040425,
        "dvar": 0.000120866010548,
        "dvar2": 0.00034572739969,
        "max": 0.0977973043919,
        "mean": 0.00134515273385,
        "median": 8.72875534697e-06,
        "min": 5.61037541047e-06,
        "var": 7.8496261267e-05
    },
    "spectral_energyband_low": {
        "dmean": 9.21484897844e-05,
        "dmean2": 0.000120854310808,
        "dvar": 7.76670248115e-08,
        "dvar2": 8.97955771961e-08,
        "max": 0.00362299126573,
        "mean": 0.000174492321094,
        "median": 1.99746191356e-05,
        "min": 1.57882311669e-06,
        "var": 2.0261555278e-07
    },
    "spectral_energyband_middle_high": {
        "dmean": 0.00105451722629,
        "dmean2": 0.00176876876503,
        "dvar": 3.28277492372e-05,
        "dvar2": 9.4657036243e-05,
        "max": 0.0522849857807,
        "mean": 0.0010822948534,
        "median": 1.69490867847e-05,
        "min": 7.8344476151e-07,
        "var": 2.37244203163e-05
    },
    "spectral_energyband_middle_low": {
        "dmean": 0.00255063129589,
        "dmean2": 0.00360615598038,
        "dvar": 3.12370866595e-05,
        "dvar2": 6.66799896862e-05,
        "max": 0.0632119327784,
        "mean": 0.00567166134715,
        "median": 0.000402700330596,
        "min": 3.81597556043e-06,
        "var": 0.000145629339386
    },
    "spectral_entropy": {
        "dmean": 0.21710857749,
        "dmean2": 0.302592396736,
        "dvar": 0.071728259325,
        "dvar2": 0.122846290469,
        "max": 8.79036808014,
        "mean": 7.24161291122,
        "median": 7.63306045532,
        "min": 4.05436229706,
        "var": 1.18548870087
    },
    "spectral_flux": {
        "dmean": 0.0144421318546,
        "dmean2": 0.0217896252871,
        "dvar": 0.00104588933755,
        "dvar2": 0.00198239064775,
        "max": 0.343682914972,
        "mean": 0.0335628986359,
        "median": 0.0152449384332,
        "min": 0.00269922008738,
        "var": 0.00246113492176
    },
    "spectral_kurtosis": {
        "dmean": 2.52428030968,
        "dmean2": 3.44876790047,
        "dvar": 13.6541061401,
        "dvar2": 25.2928619385,
        "max": 70.2601699829,
        "mean": 11.4263210297,
        "median": 6.72442913055,
        "min": -0.0126209259033,
        "var": 134.481231689
    },
    "spectral_rms": {
        "dmean": 0.000577059341595,
        "dmean2": 0.000794042600319,
        "dvar": 1.45067645008e-06,
        "dvar2": 3.62462378689e-06,
        "max": 0.012303664349,
        "mean": 0.00179738516454,
        "median": 0.000767968769651,
        "min": 0.000150082079927,
        "var": 4.77413777844e-06
    },
    "spectral_rolloff": {
        "dmean": 1904.80761719,
        "dmean2": 3256.69165039,
        "dvar": 13623017,
        "dvar2": 30530564,
        "max": 20456.5429688,
        "mean": 4881.17431641,
        "median": 893.627929688,
        "min": 193.798828125,
        "var": 42713728
    },
    "spectral_skewness": {
        "dmean": 0.281604796648,
        "dmean2": 0.401054412127,
        "dvar": 0.105649597943,
        "dvar2": 0.205689370632,
        "max": 7.1999130249,
        "mean": 2.5364356041,
        "median": 2.10211706161,
        "min": 0.671421825886,
        "var": 1.64003157616
    },
    "spectral_spread": {
        "dmean": 704643.1875,
        "dmean2": 961152.5,
        "dvar": 766933401600,
        "dvar2": 1.22237629235e+12,
        "max": 11579067,
        "mean": 6233787,
        "median": 5670202,
        "min": 1696886.875,
        "var": 7.36397623296e+12
    },
    "spectral_strongpeak": {
        "dmean": 0.354910433292,
        "dmean2": 0.575805187225,
        "dvar": 1.20704174042,
        "dvar2": 2.74665379524,
        "max": 10.6024665833,
        "mean": 0.519128918648,
        "median": 0.119080960751,
        "min": 0,
        "var": 1.48581326008
    },
    "zerocrossingrate": {
        "dmean": 0.0257222875953,
        "dmean2": 0.0302425343543,
        "dvar": 0.000838133739308,
        "dvar2": 0.00134242337663,
        "max": 0.39794921875,
        "mean": 0.13945312798,
        "median": 0.134765625,
        "min": 0.00439453125,
        "var": 0.0103311333805
    },
    "barkbands": {
        "dmean": [1.69539653143e-05, 5.81049107495e-06, 5.11927282787e-05, 0.000249726785114, 0.000820829824079, 0.00142532493919, 0.000334394542733, 0.000206676617381, 0.000160028954269, 9.26740030991e-05, 9.12216710276e-05, 8.13910010038e-05, 5.47728595848e-05, 4.86133540107e-05, 1.40605006891e-05, 4.54234032077e-05, 7.68852696638e-05, 0.000199537840672, 0.000114406146167, 0.000484405172756, 0.000401088240324, 0.000624213658739, 0.000340876838891, 0.00011819312931, 0.000121484023111, 2.98499744531e-05, 2.14975716517e-05],
        "dmean2": [2.76929713436e-05, 9.05694287212e-06, 6.72657479299e-05, 0.000255124818068, 0.0011027661385, 0.00248054438271, 0.000555112841539, 0.000353354262188, 0.000259036634816, 0.000163259057445, 0.000135406473419, 0.000140161297168, 9.82053825282e-05, 8.88515933184e-05, 1.75658478838e-05, 7.20440220903e-05, 0.000133820547489, 0.000348197849235, 0.00021373918571, 0.000938701501582, 0.000755766639486, 0.00116375274956, 0.000565517577343, 0.000179678696441, 0.000215112406295, 5.60692278668e-05, 4.17313858634e-05],
        "dvar": [4.32572699882e-10, 3.94648674851e-10, 2.24618101896e-08, 1.02103638255e-06, 5.22398249814e-06, 1.85009121196e-05, 2.65098606178e-06, 7.86265218267e-07, 2.05484695925e-07, 6.97188156096e-08, 8.89901130563e-08, 9.55093355515e-08, 7.21607023024e-08, 7.6924912662e-08, 2.87608070693e-09, 6.12402146771e-08, 1.99853516847e-07, 1.57334409323e-06, 4.56374522173e-07, 1.14361346277e-05, 9.76901264949e-06, 1.30799244289e-05, 4.18443323724e-06, 2.95749543966e-07, 6.9845299322e-07, 4.88183857783e-08, 2.95121278526e-08],
        "dvar2": [1.21350585136e-09, 8.0456868945e-10, 2.75613238898e-08, 1.51676329097e-06, 9.14634438232e-06, 5.50323820789e-05, 5.86656278756e-06, 1.53428072736e-06, 5.55668464131e-07, 2.11471856915e-07, 1.83317780511e-07, 1.98679387609e-07, 2.07553810583e-07, 2.23488385132e-07, 4.73820316316e-09, 1.15121331135e-07, 5.52325502667e-07, 4.5163451432e-06, 1.35116670208e-06, 3.39557300322e-05, 2.85767637251e-05, 3.751976692e-05, 1.16930314107e-05, 7.26040752852e-07, 2.04133857551e-06, 1.4109978963e-07, 8.7621188527e-08],
        "max": [0.0001466981048, 0.000194003398065, 0.00184849521611, 0.0207316987216, 0.0388239659369, 0.0319846570492, 0.0201141089201, 0.00990019645542, 0.00447878288105, 0.00295333238319, 0.00306521635503, 0.00277588423342, 0.00213267770596, 0.00276353512891, 0.000833533413243, 0.00289581273682, 0.00409349659458, 0.0115999104455, 0.00581446150318, 0.0312239136547, 0.0296636242419, 0.0256225857884, 0.0188403911889, 0.00533818686381, 0.00782178621739, 0.00211438117549, 0.0015792301856],
        "mean": [1.65839974215e-05, 6.54516907161e-06, 9.67849482549e-05, 0.000724288984202, 0.00168311665766, 0.00216816691682, 0.000575670797843, 0.000258934654994, 0.000233055019635, 0.000140701158671, 0.000149795116158, 0.000100029632449, 5.04061063111e-05, 4.05409300583e-05, 2.32959373534e-05, 5.24110910192e-05, 7.58092064643e-05, 0.000176169167389, 8.31865108921e-05, 0.000368083070498, 0.000270520569757, 0.000395290466258, 0.000276029051747, 0.000110884066089, 8.72403325047e-05, 1.96295695787e-05, 1.73509961314e-05],
        "median": [9.96031940304e-06, 1.81375094144e-06, 1.99905230147e-06, 9.49163222685e-06, 6.08022710367e-05, 8.03815928521e-05, 1.3298855265e-05, 1.29090021801e-05, 1.0822666809e-05, 3.01446061712e-06, 2.35436482399e-06, 2.08919300348e-06, 1.00413194559e-06, 1.06256243271e-06, 1.00791669411e-06, 7.47914214116e-07, 7.25748350305e-07, 8.16533031411e-07, 6.09792323303e-07, 6.2950954316e-07, 5.16929617334e-07, 3.06080153223e-07, 3.83553697247e-07, 5.10168774781e-07, 5.69268081563e-07, 6.24428594165e-07, 6.14694454271e-06],
        "min": [5.44240066347e-08, 1.72618072725e-07, 3.58306948556e-08, 5.34992992129e-08, 2.80246410966e-07, 5.29365479451e-07, 4.25005680427e-07, 1.81308607239e-07, 2.61373074295e-08, 1.60402009897e-07, 8.36324076658e-08, 3.86264566998e-08, 4.49883792442e-08, 4.76660346749e-08, 3.24155138287e-08, 2.7592292895e-08, 2.13866702126e-08, 3.58259661937e-08, 4.16407104353e-08, 4.90036313749e-08, 5.48379404108e-08, 5.94195874726e-08, 8.84541933033e-08, 1.2320427345e-07, 1.77227107656e-07, 3.64424408872e-07, 4.12458621213e-06],
        "var": [4.1417030916e-10, 4.35381508623e-10, 9.19174993896e-08, 7.6235837696e-06, 2.6526820875e-05, 3.47563036485e-05, 6.09830840403e-06, 1.11018664484e-06, 4.23624442192e-07, 1.48265087319e-07, 1.95021470972e-07, 1.23139471953e-07, 5.39570130798e-08, 5.52890000449e-08, 8.61010462927e-09, 9.04651926703e-08, 1.70631096807e-07, 1.09387326575e-06, 2.81036676597e-07, 6.76713762005e-06, 5.60671651328e-06, 8.00800171419e-06, 2.99628891298e-06, 3.27818781898e-07, 4.04751517635e-07, 2.81471983499e-08, 1.53828629834e-08]
    },
    "erbbands": {
        "dmean": [0.000133212262881, 0.0020664841868, 0.0386339351535, 0.347718685865, 3.05913186073, 2.06714749336, 2.50861811638, 17.0145645142, 5.67741298676, 5.74475288391, 4.57815361023, 3.07445216179, 2.41683721542, 3.4820599556, 3.77489233017, 2.95324063301, 2.35631251335, 3.0438079834, 1.01563513279, 1.46360099316, 2.75066494942, 4.82998991013, 11.8554420471, 4.96365642548, 11.7744436264, 25.1726741791, 7.83808040619, 28.9359455109, 23.423833847, 12.2563285828, 8.16882896423, 3.11693143845, 1.9704079628, 1.70613145828, 0.685458779335, 0.175811067224, 0.0450181886554, 0.0167364440858, 0.00431391177699, 0.000192836392671],
        "dmean2": [0.000224016373977, 0.00301101850346, 0.0469282455742, 0.402906149626, 3.81586503983, 2.96343803406, 2.98902010918, 29.4454574585, 8.67082309723, 9.13572311401, 6.87792205811, 4.79305505753, 4.18302059174, 5.6638379097, 5.39731550217, 5.02724838257, 4.12391328812, 5.57602977753, 1.46832299232, 2.25335597992, 4.34056901932, 8.29172611237, 20.6345615387, 8.61855506897, 22.2515106201, 49.2532463074, 14.2972955704, 54.787021637, 43.5077552795, 22.8551712036, 12.7143096924, 4.81313991547, 3.20317530632, 2.94974136353, 1.26914334297, 0.328510731459, 0.0837941020727, 0.0323396362364, 0.00839153304696, 0.00037082680501],
        "dvar": [4.2641715936e-08, 4.06924373237e-05, 0.010344253853, 1.06218266487, 177.795516968, 22.102273941, 46.6971931458, 2468.78417969, 325.968902588, 685.59942627, 297.688323975, 93.530418396, 39.4328384399, 137.405227661, 118.903114319, 140.953613281, 128.712600708, 321.893096924, 19.3676452637, 53.3117828369, 203.329986572, 796.01965332, 5733.70019531, 654.721069336, 7504.17626953, 29886.7226562, 2243.38916016, 43748.3398438, 18380.1503906, 7902.81201172, 1775.91333008, 213.790756226, 100.228347778, 126.447288513, 24.8338050842, 1.66047120094, 0.109811112285, 0.0181021951139, 0.00121104554273, 2.09957715924e-06],
        "dvar2": [1.01121869989e-07, 6.72453534207e-05, 0.010813171044, 1.61518537998, 279.283935547, 45.0975494385, 62.9898872375, 7756.78320312, 697.774475098, 1399.69348145, 486.040405273, 227.733383179, 106.873283386, 360.175109863, 225.51713562, 305.966247559, 363.87121582, 917.998840332, 45.813533783, 117.435432434, 363.582763672, 2223.57739258, 16659.1054688, 1813.45532227, 22292.6035156, 89211.1875, 6265.26074219, 127514.71875, 52558.6757812, 23109.7871094, 4416.60888672, 537.59765625, 264.28717041, 367.175476074, 72.5376205444, 4.79794406891, 0.31708240509, 0.0535039193928, 0.00359363947064, 6.23610048933e-06],
        "max": [0.00198236736469, 0.0714666545391, 1.32578635216, 25.2069568634, 216.694259644, 51.4809989929, 108.05418396, 344.307739258, 262.372833252, 344.105499268, 221.030487061, 90.256362915, 80.8260879517, 135.483627319, 97.5876998901, 100.438354492, 85.4682006836, 177.811569214, 59.965007782, 90.9231262207, 163.738830566, 261.832122803, 698.288452148, 198.216369629, 810.860107422, 1587.8873291, 418.733978271, 1960.17529297, 1046.26782227, 833.868347168, 350.783752441, 136.72265625, 88.2324905396, 104.555656433, 46.9864730835, 12.3435535431, 3.17687368393, 1.243268013, 0.319438695908, 0.0134131293744],
        "mean": [0.000196991095436, 0.00359330023639, 0.0872656852007, 1.01328444481, 7.33064889908, 3.42201042175, 4.57756137848, 22.7980270386, 9.85763835907, 10.7531270981, 5.80779266357, 4.64714956284, 4.30637931824, 5.70454978943, 6.2737030983, 3.71983647346, 2.32241916656, 2.44780898094, 1.36181116104, 1.83415389061, 3.19703435898, 4.65594053268, 10.0687112808, 4.25623416901, 8.34896278381, 19.1309261322, 6.8970656395, 18.0714988708, 14.930809021, 8.03748512268, 7.7197508812, 2.87449407578, 1.7566267252, 1.30406904221, 0.452459394932, 0.11761277914, 0.02957284078, 0.0103856604546, 0.00294486572966, 0.00022600273951],
        "median": [0.000111530112918, 0.000505747331772, 0.00424008630216, 0.0242856368423, 0.11348849535, 0.209778636694, 0.321142673492, 0.870625972748, 0.258169293404, 0.442283421755, 0.284309387207, 0.24313916266, 0.144045203924, 0.0864906609058, 0.0869016945362, 0.0920810550451, 0.0554661825299, 0.0606554187834, 0.049346268177, 0.0485415458679, 0.0409226715565, 0.0403616763651, 0.0453739017248, 0.0388409122825, 0.0312947556376, 0.0316045284271, 0.0212608333677, 0.0184139050543, 0.0111798383296, 0.0107483547181, 0.00998078286648, 0.0103500820696, 0.00893218815327, 0.0066199558787, 0.00384505395778, 0.00180409231689, 0.0011802080553, 0.00118134275544, 0.000682933372445, 0.000126618164359],
        "min": [7.70287624619e-06, 4.11675209762e-05, 7.98292967374e-05, 0.000197355533601, 0.000694095448125, 0.000966048508417, 0.00580168515444, 0.00448533380404, 0.0066480608657, 0.0060145421885, 0.00367088057101, 0.0008527811151, 0.0040611801669, 0.00550317810848, 0.00415886053815, 0.001394048566, 0.00251702847891, 0.00224000844173, 0.00235813343897, 0.00158060668036, 0.00196735397913, 0.00151236075908, 0.00221328809857, 0.00192976999097, 0.00250721652992, 0.00252403132617, 0.00251912232488, 0.0012574942084, 0.00236731534824, 0.00155221635941, 0.00255082012154, 0.00247721141204, 0.00214988971129, 0.00196598167531, 0.00118214532267, 0.000749756989535, 0.000638737576082, 0.000761999981478, 0.000342171260854, 8.56489277794e-05],
        "var": [6.53329124134e-08, 9.91106717265e-05, 0.0561093613505, 11.8436908722, 793.528076172, 66.2563247681, 185.516571045, 3915.3034668, 1040.28979492, 1865.24804688, 542.243469238, 177.493209839, 118.754005432, 297.840270996, 295.636322021, 174.111984253, 101.36781311, 224.618408203, 33.7136764526, 83.1660385132, 317.199279785, 656.317749023, 3820.61450195, 528.540771484, 4294.56738281, 17679.7832031, 1659.68920898, 24982.5527344, 11430.0546875, 4533.06933594, 1829.2512207, 225.226608276, 89.3008575439, 77.2484893799, 13.9731645584, 0.96333771944, 0.0635213404894, 0.00959076546133, 0.000631487579085, 1.09828522454e-06]
    },
    "gfcc": {
        "mean": [-182.027374268, 51.6473197937, -68.3993682861, -15.1918516159, -61.7826004028, -22.8669986725, -34.8838119507, -9.33502960205, -23.3028240204, -9.2317276001, -8.2975358963, -4.73571157455, -5.68491840363],
        "cov": [[10324.6308594, 257.431091309, -2933.16992188, 642.24407959, -1312.59082031, 208.666046143, -575.419311523, -84.6789321899, -729.32635498, -179.469390869, -162.835571289, 32.5311355591, -49.7202644348], [257.431091309, 2613.89306641, 622.381103516, -740.74041748, 1.57358288765, -532.75994873, -128.680435181, -335.384185791, -159.400695801, -138.223052979, -65.3623199463, -203.843353271, -96.9000091553], [-2933.16992188, 622.381103516, 1453.87963867, -258.741638184, 454.320953369, -166.552078247, 24.9422473907, -81.6558761597, 125.503341675, -24.4967041016, -41.5050430298, -121.735054016, -99.7219772339], [642.24407959, -740.74041748, -258.741638184, 609.592407227, 162.605819702, 188.99659729, -110.251792908, -11.7249917984, -86.0201034546, -81.3264389038, -87.8259429932, -33.0186347961, -62.4867515564], [-1312.59082031, 1.57358288765, 454.320953369, 162.605819702, 446.216156006, -23.1436138153, -19.6646194458, -75.2289810181, 20.5688800812, -62.1294021606, -47.6322860718, -60.7044410706, -56.4129676819], [208.666046143, -532.75994873, -166.552078247, 188.99659729, -23.1436138153, 204.320281982, 38.2803764343, 77.1070632935, 16.0278358459, 27.2080020905, 4.40087032318, 36.2497596741, 34.3317375183], [-575.419311523, -128.680435181, 24.9422473907, -110.251792908, -19.6646194458, 38.2803764343, 185.874450684, 76.6327667236, 84.9055862427, 63.7524147034, 51.8290710449, 45.7499275208, 59.8852920532], [-84.6789321899, -335.384185791, -81.6558761597, -11.7249917984, -75.2289810181, 77.1070632935, 76.6327667236, 156.501815796, 87.1071777344, 70.111618042, 51.6543884277, 61.3362998962, 51.1947059631], [-729.32635498, -159.400695801, 125.503341675, -86.0201034546, 20.5688800812, 16.0278358459, 84.9055862427, 87.1071777344, 126.034103394, 67.7690658569, 54.071056366, 40.0191421509, 41.1276931763], [-179.469390869, -138.223052979, -24.4967041016, -81.3264389038, -62.1294021606, 27.2080020905, 63.7524147034, 70.111618042, 67.7690658569, 88.547996521, 61.8745155334, 49.3636627197, 41.5198936462], [-162.835571289, -65.3623199463, -41.5050430298, -87.8259429932, -47.6322860718, 4.40087032318, 51.8290710449, 51.6543884277, 54.071056366, 61.8745155334, 78.168548584, 56.7690353394, 41.9563598633], [32.5311355591, -203.843353271, -121.735054016, -33.0186347961, -60.7044410706, 36.2497596741, 45.7499275208, 61.3362998962, 40.0191421509, 49.3636627197, 56.7690353394, 83.6138839722, 55.5936012268], [-49.7202644348, -96.9000091553, -99.7219772339, -62.4867515564, -56.4129676819, 34.3317375183, 59.8852920532, 51.1947059631, 41.1276931763, 41.5198936462, 41.9563598633, 55.5936012268, 74.7691040039]],
        "icov": [[0.00216330424882, -0.00255435332656, 0.00264397356659, -0.00305504328571, 0.00367877143435, -0.00241175596602, 0.00272593204863, -0.00347545137629, 0.00530688883737, -0.00311614223756, 0.0040319734253, -0.00575411645696, 0.00400786334649], [-0.00255435332656, 0.00499199470505, -0.00329211167991, 0.00586055312306, -0.00457149464637, 0.00466465298086, -0.0026958247181, 0.00465032458305, -0.00367886922322, 0.00506888888776, -0.0065729287453, 0.0110786212608, -0.00667812395841], [0.00264397356659, -0.00329211167991, 0.00542183220387, -0.00173578923568, 0.00220011826605, -0.00420907652006, 0.00378626235761, -0.00418674852699, 0.00395196909085, -0.00412744050846, 0.00659834593534, -0.00678372755647, 0.00815856084228], [-0.00305504328571, 0.00586055312306, -0.00173578923568, 0.0142709156498, -0.00974119082093, -0.000974089547526, -0.000735777430236, 0.00393898459151, -0.00450437888503, 0.00746541796252, -0.0045435228385, 0.0110666090623, -0.00118170294445], [0.00367877143435, -0.00457149464637, 0.00220011826605, -0.00974119082093, 0.0131178405136, -0.00217132503167, 0.0030084294267, -0.00266013504006, 0.00547793088481, -0.00234254915267, 0.00479952665046, -0.0100776767358, 0.00470881164074], [-0.00241175596602, 0.00466465298086, -0.00420907652006, -0.000974089547526, -0.00217132503167, 0.0178020969033, -0.00542263919488, 0.00138794467784, -0.00110971252434, 0.000158265756909, -0.0037917594891, 0.010464342311, -0.013536253944], [0.00272593204863, -0.0026958247181, 0.00378626235761, -0.000735777430236, 0.0030084294267, -0.00542263919488, 0.013718161732, -0.00543035054579, 0.00440796185285, -0.00472347764298, 0.0046857711859, -0.00483915908262, 0.00141148280818], [-0.00347545137629, 0.00465032458305, -0.00418674852699, 0.00393898459151, -0.00266013504006, 0.00138794467784, -0.00543035054579, 0.0239882711321, -0.0195603631437, 0.00360667728819, -0.00556982168928, 0.00582429533824, -0.00574477668852], [0.00530688883737, -0.00367886922322, 0.00395196909085, -0.00450437888503, 0.00547793088481, -0.00110971252434, 0.00440796185285, -0.0195603631437, 0.0453492328525, -0.0156727712601, 0.00325141381472, -0.00619683833793, 0.00131418858655], [-0.00311614223756, 0.00506888888776, -0.00412744050846, 0.00746541796252, -0.00234254915267, 0.000158265756909, -0.00472347764298, 0.00360667728819, -0.0156727712601, 0.0435689128935, -0.0260679908097, 0.0111866565421, -0.00455812271684], [0.0040319734253, -0.0065729287453, 0.00659834593534, -0.0045435228385, 0.00479952665046, -0.0037917594891, 0.0046857711859, -0.00556982168928, 0.00325141381472, -0.0260679908097, 0.0547493807971, -0.0346653461456, 0.01232886035], [-0.00575411645696, 0.0110786212608, -0.00678372755647, 0.0110666090623, -0.0100776767358, 0.010464342311, -0.00483915908262, 0.00582429533824, -0.00619683833793, 0.0111866565421, -0.0346653461456, 0.0637606307864, -0.0325476117432], [0.00400786334649, -0.00667812395841, 0.00815856084228, -0.00118170294445, 0.00470881164074, -0.013536253944, 0.00141148280818, -0.00574477668852, 0.00131418858655, -0.00455812271684, 0.01232886035, -0.0325476117432, 0.0489401780069]]
    },
    "melbands": {
        "dmean": [1.87132729934e-06, 1.40307183756e-05, 0.000152667169459, 0.00019001684268, 8.69512296049e-05, 0.000343729043379, 8.69974246598e-05, 5.57905696041e-05, 3.51447670255e-05, 1.95932134375e-05, 1.16135115604e-05, 1.42199269249e-05, 1.33902394737e-05, 1.03530765045e-05, 5.94007406107e-06, 5.83289829592e-06, 5.58234387427e-06, 1.62398805514e-06, 1.27984355913e-06, 2.31132844419e-06, 3.42111820828e-06, 4.02896148444e-06, 9.72953239398e-06, 9.44879138842e-06, 3.13081409331e-06, 4.65193079435e-06, 1.59885512403e-05, 1.67823745869e-05, 4.06384287999e-06, 6.7953233156e-06, 2.15863110498e-05, 1.76910198206e-05, 4.47150387117e-06, 7.41892654332e-06, 5.32083367943e-06, 2.44633042712e-06, 1.85017825061e-06, 1.55849841121e-06, 1.04681055291e-06, 1.55662473844e-06],
        "dmean2": [3.02543685393e-06, 1.75419208972e-05, 0.000175781169673, 0.000262951682089, 0.00010610348545, 0.000597396399826, 0.000136575705255, 8.47272895044e-05, 5.24329661857e-05, 3.19671089528e-05, 1.96753044293e-05, 2.42727273871e-05, 1.95358006749e-05, 1.65620112966e-05, 9.70830387814e-06, 1.02950398286e-05, 1.03853817564e-05, 2.54404699263e-06, 1.82709663932e-06, 3.94640392187e-06, 5.42099087397e-06, 6.91900004313e-06, 1.76944322448e-05, 1.65921464941e-05, 5.48699335923e-06, 8.86239649844e-06, 3.06475812977e-05, 3.27594716509e-05, 7.26246526028e-06, 1.29226682475e-05, 4.08701525885e-05, 3.27410416503e-05, 8.32150726637e-06, 1.40548272611e-05, 8.12258804217e-06, 4.21824597652e-06, 2.83509666588e-06, 2.53522784988e-06, 1.87227783499e-06, 2.73652017313e-06],
        "dvar": [1.11812989423e-11, 1.61774327267e-09, 4.38772502775e-07, 3.08157325435e-07, 5.06423880609e-08, 1.04303273929e-06, 8.04600190918e-08, 5.62933415438e-08, 1.65230655824e-08, 3.40439099134e-09, 9.39586408677e-10, 2.3391055759e-09, 1.76321801604e-09, 1.29523336501e-09, 7.26332050061e-10, 9.31773547208e-10, 1.06776287812e-09, 5.16754451729e-11, 2.71944532865e-11, 1.81953119238e-10, 3.16082493512e-10, 4.68512451057e-10, 4.46972814316e-09, 3.33913785511e-09, 2.43096737185e-10, 8.65618299262e-10, 1.67294693654e-08, 1.13878542152e-08, 4.82075712682e-10, 2.81194467711e-09, 2.30989236627e-08, 1.09406874671e-08, 9.92704030089e-10, 3.10832426464e-09, 6.88426871065e-10, 2.43783299103e-10, 8.7634260959e-11, 5.76533820684e-11, 4.54751063195e-11, 1.11447601148e-10],
        "dvar2": [2.37988118795e-11, 1.77188819173e-09, 6.69654411922e-07, 5.32086914973e-07, 7.18740196248e-08, 3.235601298e-06, 1.55564237048e-07, 9.39433135727e-08, 2.7301073402e-08, 9.04038621741e-09, 2.47334730474e-09, 6.40095443316e-09, 3.57493235015e-09, 2.7221733756e-09, 1.9614414537e-09, 2.56957499722e-09, 3.08819259054e-09, 1.3241452379e-10, 5.84343406995e-11, 3.57793711325e-10, 5.58784074567e-10, 1.20718701702e-09, 1.31017934279e-08, 9.4337888612e-09, 6.65033084157e-10, 2.56177590252e-09, 4.9718575923e-08, 3.40500037055e-08, 1.16259202265e-09, 8.22132939504e-09, 6.73828139952e-08, 3.11858805446e-08, 2.87732770943e-09, 9.11906372636e-09, 1.48688339419e-09, 6.7248595581e-10, 2.10433934167e-10, 1.40179673425e-10, 1.30334021353e-10, 3.25105248278e-10],
        "max": [2.8860373277e-05, 0.000502615701407, 0.0118829114363, 0.00971084553748, 0.0033455286175, 0.00739942630753, 0.00423265434802, 0.00307296332903, 0.0016238540411, 0.000512276543304, 0.000408716528909, 0.000551402219571, 0.000437787879491, 0.000357051991159, 0.000224891511607, 0.000301556516206, 0.000318075035466, 9.46742511587e-05, 7.15877686162e-05, 0.000159108123626, 0.00020250173111, 0.000185875862371, 0.000633441552054, 0.000522354384884, 0.000144477846334, 0.000261736655375, 0.0012209379347, 0.000948867527768, 0.000176193134394, 0.000508743221872, 0.0014091093326, 0.000891284318641, 0.000299722363707, 0.000522867834661, 0.000256274448475, 0.000156944370246, 0.000108721425931, 6.3000145019e-05, 6.39561985736e-05, 9.80373588391e-05],
        "mean": [2.24534664994e-06, 2.81977991108e-05, 0.000414564594394, 0.000402558973292, 0.000148501858348, 0.000476130458992, 0.000160303694429, 0.000105429789983, 4.38011338701e-05, 2.94742003462e-05, 2.12035556615e-05, 2.26260781346e-05, 2.14690735447e-05, 1.32231771204e-05, 6.22158859187e-06, 5.27280735696e-06, 4.31151511293e-06, 2.12686563827e-06, 1.85457486168e-06, 2.94425194625e-06, 3.98963038606e-06, 4.30451200373e-06, 7.76322121965e-06, 8.51776530908e-06, 2.67755740424e-06, 3.29144904754e-06, 1.11327735794e-05, 1.29571071739e-05, 3.90657896787e-06, 4.79427126265e-06, 1.30326025101e-05, 1.11449026008e-05, 3.04146124108e-06, 4.71906150779e-06, 5.31166961082e-06, 2.19300045501e-06, 1.70674479705e-06, 1.4775098407e-06, 8.05704246432e-07, 1.17112983844e-06],
        "median": [1.21571883938e-06, 9.90617991192e-07, 6.28474708719e-06, 1.30651023937e-05, 9.8284381238e-06, 1.75825189217e-05, 3.95871666115e-06, 4.14692658524e-06, 2.00172462428e-06, 1.52898246597e-06, 6.92164690008e-07, 3.40967233114e-07, 3.34080851871e-07, 2.73758871572e-07, 1.51443487084e-07, 1.09136728099e-07, 1.05533104033e-07, 8.13890892459e-08, 7.14967569593e-08, 5.27912717985e-08, 4.67798670911e-08, 4.64340850215e-08, 3.50784112868e-08, 3.80566795855e-08, 3.09676408961e-08, 1.94946334631e-08, 2.40265052298e-08, 2.02593000154e-08, 1.53161341387e-08, 1.17695257984e-08, 9.49787803961e-09, 6.48796039115e-09, 5.2579474108e-09, 5.62521851322e-09, 5.60595037058e-09, 6.11454797905e-09, 5.92793369947e-09, 6.88404888649e-09, 5.30786525843e-09, 5.700067085e-09],
        "min": [1.35095007181e-07, 5.88490038922e-08, 4.47176162766e-08, 4.10355625036e-08, 2.12967108837e-07, 9.60335455602e-08, 9.01609098491e-08, 6.8092077754e-08, 2.0921998356e-08, 4.47290027239e-09, 1.15174421111e-08, 1.87117059625e-08, 1.32171678047e-08, 5.75964032024e-09, 3.46730510969e-09, 3.94912147428e-09, 4.14992396003e-09, 3.33156036092e-09, 2.30338015328e-09, 1.77652281774e-09, 1.93790938852e-09, 1.46637113563e-09, 1.64447000461e-09, 1.57943724766e-09, 1.37155609092e-09, 1.3584970926e-09, 1.46321432748e-09, 1.37706135384e-09, 1.46580658722e-09, 9.63260360365e-10, 6.34161778645e-10, 1.17474519001e-09, 9.98232385641e-10, 7.29849070069e-10, 1.27770016789e-09, 1.31609700915e-09, 1.39541378452e-09, 1.29514676761e-09, 1.23409138464e-09, 1.65062752355e-09],
        "var": [1.26205833978e-11, 7.55729523405e-09, 2.4308671982e-06, 1.6507581222e-06, 1.80139608119e-07, 1.71362466972e-06, 2.97817678074e-07, 1.73622254351e-07, 2.9102363186e-08, 6.56338183802e-09, 2.91528312601e-09, 4.81297046662e-09, 3.80186326865e-09, 1.88649784683e-09, 6.13350814582e-10, 7.41830930018e-10, 7.1806488533e-10, 8.15711040381e-11, 5.90743148843e-11, 2.73460365463e-10, 4.99660202102e-10, 4.97068275429e-10, 2.78473999415e-09, 2.43221398577e-09, 2.07696498888e-10, 5.09082220823e-10, 9.44138811576e-09, 6.98334456928e-09, 4.80884443377e-10, 1.65487656911e-09, 1.3065195148e-08, 6.82092871074e-09, 5.95399507475e-10, 1.74905423478e-09, 8.85700290887e-10, 1.86288623416e-10, 9.49325756894e-11, 6.1600287371e-11, 2.83430952319e-11, 6.66567148699e-11]
    },
    "mfcc": {
        "mean": [-852.22479248, 120.239624023, 25.0416374207, 7.16620397568, -10.103553772, -17.0206546783, -7.6127448082, -10.1069393158, -10.2221670151, -7.81856155396, -9.63197231293, -3.0712583065, -3.46281170845],
        "cov": [[13332.6904297, -1438.44580078, -1888.26452637, -333.028015137, -952.580383301, -202.966827393, -136.221237183, -125.417861938, -425.42791748, -482.986328125, -494.730651855, -53.6905822754, -145.136688232], [-1438.44580078, 2970.22314453, 514.469787598, -188.381820679, -179.886428833, -332.64666748, -178.425064087, -359.428375244, -179.063980103, -121.872367859, -124.957893372, -147.840164185, -115.493621826], [-1888.26452637, 514.469787598, 594.55065918, -5.0477809906, 118.907981873, -26.5066509247, -19.4055747986, -30.1553688049, 38.2945976257, 49.0068893433, 55.8239860535, -11.3862905502, -7.3240814209], [-333.028015137, -188.381820679, -5.0477809906, 259.224243164, 239.833312988, 97.151725769, 17.8892498016, 20.617307663, -28.0254917145, -15.292755127, -8.78496265411, -52.7679290771, -43.5502700806], [-952.580383301, -179.886428833, 118.907981873, 239.833312988, 390.587432861, 120.888374329, 11.0584640503, 27.5423736572, -14.5894861221, 5.36707210541, 7.45604944229, -52.1791114807, -43.4389076233], [-202.966827393, -332.64666748, -26.5066509247, 97.151725769, 120.888374329, 154.682235718, 63.2883491516, 46.7016143799, 21.8837299347, 12.117310524, 2.67539477348, -15.9819860458, -10.802901268], [-136.221237183, -178.425064087, -19.4055747986, 17.8892498016, 11.0584640503, 63.2883491516, 81.4041900635, 54.2149353027, 46.3578033447, 25.4738788605, 14.329867363, 22.4860305786, 23.678571701], [-125.417861938, -359.428375244, -30.1553688049, 20.617307663, 27.5423736572, 46.7016143799, 54.2149353027, 101.803977966, 71.9714584351, 39.2609214783, 27.5660381317, 36.4861679077, 36.3681106567], [-425.42791748, -179.063980103, 38.2945976257, -28.0254917145, -14.5894861221, 21.8837299347, 46.3578033447, 71.9714584351, 115.058837891, 70.4421157837, 37.1899108887, 48.3245811462, 53.8030281067], [-482.986328125, -121.872367859, 49.0068893433, -15.292755127, 5.36707210541, 12.117310524, 25.4738788605, 39.2609214783, 70.4421157837, 76.8992385864, 40.9463844299, 40.5358695984, 45.8484306335], [-494.730651855, -124.957893372, 55.8239860535, -8.78496265411, 7.45604944229, 2.67539477348, 14.329867363, 27.5660381317, 37.1899108887, 40.9463844299, 76.3577957153, 39.1091194153, 29.241765976], [-53.6905822754, -147.840164185, -11.3862905502, -52.7679290771, -52.1791114807, -15.9819860458, 22.4860305786, 36.4861679077, 48.3245811462, 40.5358695984, 39.1091194153, 75.6434936523, 61.1536102295], [-145.136688232, -115.493621826, -7.3240814209, -43.5502700806, -43.4389076233, -10.802901268, 23.678571701, 36.3681106567, 53.8030281067, 45.8484306335, 29.241765976, 61.1536102295, 84.1095199585]],
