{
"lowlevel": {
    "average_loudness": 0.980038583279,
    "barkbands_crest": {
        "dmean": 0.838441371918,
        "dmean2": 1.25069618225,
        "dvar": 1.41997599602,
        "dvar2": 2.88454556465,
        "max": 24.6696529388,
        "mean": 18.8932495117,
        "median": 21.1976852417,
        "min": 6.98794937134,
        "var": 27.1499423981
    },
    "barkbands_flatness_db": {
        "dmean": 0.0185479782522,
        "dmean2": 0.0282288696617,
        "dvar": 0.000349834735971,
        "dvar2": 0.000460511248093,
        "max": 0.405090391636,
        "mean": 0.310690104961,
        "median": 0.34740409255,
        "min": 0.115374080837,
        "var": 0.00681919651106
    },
    "barkbands_kurtosis": {
        "dmean": 10.0658817291,
        "dmean2": 15.5693492889,
        "dvar": 419.891113281,
        "dvar2": 853.001953125,
        "max": 227.807434082,
        "mean": 31.2332324982,
        "median": 20.4277667999,
        "min": 4.38618040085,
        "var": 1222.7791748
    },
    "barkbands_skewness": {
        "dmean": 0.948062837124,
        "dmean2": 1.58187508583,
        "dvar": 2.30524802208,
        "dvar2": 6.19850301743,
        "max": 11.6600780487,
        "mean": 2.99023795128,
        "median": 2.82195997238,
        "min": -0.408174484968,
        "var": 5.10520362854
    },
    "barkbands_spread": {
        "dmean": 0.816629886627,
        "dmean2": 1.46081256866,
        "dvar": 1.56808137894,
        "dvar2": 4.99416780472,
        "max": 15.0000658035,
        "mean": 2.97958636284,
        "median": 1.79407727718,
        "min": 0.473467171192,
        "var": 10.1836833954
    },
    "dissonance": {
        "dmean": 0.0535431653261,
        "dmean2": 0.0919359698892,
        "dvar": 0.0015478428686,
        "dvar2": 0.0049577546306,
        "max": 0.49568849802,
        "mean": 0.325120180845,
        "median": 0.309336334467,
        "min": 0.109866440296,
        "var": 0.00681911082938
    },
    "dynamic_complexity": 4.72457742691,
    "erbbands_crest": {
        "dmean": 1.88769698143,
        "dmean2": 3.13209319115,
        "dvar": 7.43669366837,
        "dvar2": 23.6354026794,
        "max": 34.6302185059,
        "mean": 27.6269397736,
        "median": 30.2247428894,
        "min": 11.5973873138,
        "var": 40.6258964539
    },
    "erbbands_flatness_db": {
        "dmean": 0.0173105131835,
        "dmean2": 0.0264757089317,
        "dvar": 0.000301951542497,
        "dvar2": 0.000500986701809,
        "max": 0.492559343576,
        "mean": 0.393695533276,
        "median": 0.428740471601,
        "min": 0.179366454482,
        "var": 0.00699625629932
    },
    "erbbands_kurtosis": {
        "dmean": 7.76346158981,
        "dmean2": 10.0902280807,
        "dvar": 116.196472168,
        "dvar2": 217.662872314,
        "max": 156.59967041,
        "mean": 25.4670944214,
        "median": 17.7703514099,
        "min": 3.00179719925,
        "var": 609.096984863
    },
    "erbbands_skewness": {
        "dmean": 0.541500627995,
        "dmean2": 0.710820376873,
        "dvar": 0.313956409693,
        "dvar2": 0.569312572479,
        "max": 10.3209104538,
        "mean": 3.059705019,
        "median": 2.80199241638,
        "min": -0.564496636391,
        "var": 5.18906259537
    },
    "erbbands_spread": {
        "dmean": 0.863184332848,
        "dmean2": 1.43217790127,
        "dvar": 2.01934695244,
        "dvar2": 5.98666906357,
        "max": 15.8392419815,
        "mean": 3.11283183098,
        "median": 2.26192641258,
        "min": 0.567859053612,
        "var": 8.9959230423
    },
    "hfc": {
        "dmean": 2.17628908157,
        "dmean2": 1.62046730518,
        "dvar": 8.15411472321,
        "dvar2": 7.53366947174,
        "max": 63.4714431763,
        "mean": 20.0772018433,
        "median": 15.0485420227,
        "min": 0.199643582106,
        "var": 349.921386719
    },
    "melbands_crest": {
        "dmean": 1.56258189678,
        "dmean2": 2.52683830261,
        "dvar": 7.24373722076,
        "dvar2": 21.6090507507,
        "max": 35.488910675,
        "mean": 28.4350242615,
        "median": 32.8683242798,
        "min": 9.17434501648,
        "var": 57.5498847961
    },
    "melbands_flatness_db": {
        "dmean": 0.0170180350542,
        "dmean2": 0.0252959318459,
        "dvar": 0.00030558364233,
        "dvar2": 0.00040037749568,
        "max": 0.45020121336,
        "mean": 0.365828752518,
        "median": 0.396197021008,
        "min": 0.195876508951,
        "var": 0.00503081688657
    },
    "melbands_kurtosis": {
        "dmean": 11.5442962646,
        "dmean2": 14.9670915604,
        "dvar": 455.193481445,
        "dvar2": 872.18347168,
        "max": 275.817932129,
        "mean": 37.3965759277,
        "median": 19.5859889984,
        "min": 0.232761621475,
        "var": 2037.36999512
    },
    "melbands_skewness": {
        "dmean": 0.766069293022,
        "dmean2": 1.18394458294,
        "dvar": 1.47925496101,
        "dvar2": 3.30564308167,
        "max": 7.66093826294,
        "mean": 2.60627603531,
        "median": 3.26471018791,
        "min": -1.71805608273,
        "var": 8.43716144562
    },
    "melbands_spread": {
        "dmean": 0.870189130306,
        "dmean2": 1.44359874725,
        "dvar": 1.26938903332,
        "dvar2": 3.75395703316,
        "max": 17.2521915436,
        "mean": 3.80397582054,
        "median": 2.00701713562,
        "min": 0.420748025179,
        "var": 15.8555383682
    },
    "pitch_salience": {
        "dmean": 0.0509563982487,
        "dmean2": 0.0772376731038,
        "dvar": 0.00582286715508,
        "dvar2": 0.00893612485379,
        "max": 0.822971224785,
        "mean": 0.34474632144,
        "median": 0.322505801916,
        "min": 0.0559567958117,
        "var": 0.0260800272226
    },
    "silence_rate_20dB": {
        "dmean": 0,
        "dmean2": 0,
        "dvar": 0,
        "dvar2": 0,
        "max": 1,
        "mean": 1,
        "median": 1,
        "min": 1,
        "var": 0
    },
    "silence_rate_30dB": {
        "dmean": 0,
        "dmean2": 0,
        "dvar": 0,
        "dvar2": 0,
        "max": 1,
        "mean": 1,
        "median": 1,
        "min": 1,
        "var": 0
    },
    "silence_rate_60dB": {
        "dmean": 0.0111111113802,
        "dmean2": 0.0224719103426,
        "dvar": 0.0109876412898,
        "dvar2": 0.0219669099897,
        "max": 1,
        "mean": 0.219780221581,
        "median": 0,
        "min": 0,
        "var": 0.171477049589
    },
    "spectral_centroid": {
        "dmean": 22.8672885895,
        "dmean2": 31.3443279266,
        "dvar": 620.483520508,
        "dvar2": 1240.59094238,
        "max": 1186.71252441,
        "mean": 967.755004883,
        "median": 960.809265137,
        "min": 794.23046875,
        "var": 5575.95703125
    },
    "spectral_complexity": {
        "dmean": 0.677777767181,
        "dmean2": 1.05617976189,
        "dvar": 0.596172571182,
        "dvar2": 1.22156369686,
        "max": 7,
        "mean": 3.63736271858,
        "median": 4,
        "min": 0,
        "var": 1.8575053215
    },
    "spectral_decrease": {
        "dmean": 5.70945069001e-10,
        "dmean2": 4.03717337338e-10,
        "dvar": 5.4369392591e-19,
        "dvar2": 5.11216850507e-19,
        "max": -4.60933929913e-11,
        "mean": -5.10412379029e-09,
        "median": -3.81861253729e-09,
        "min": -1.66206710617e-08,
        "var": 2.36383850327e-17
    },
    "spectral_energy": {
        "dmean": 0.00235090265051,
        "dmean2": 0.00166845321655,
        "dvar": 9.25251515582e-06,
        "dvar2": 8.68356346473e-06,
        "max": 0.0684871524572,
        "mean": 0.0210851822048,
        "median": 0.0157652627677,
        "min": 0.000192075269297,
        "var": 0.000401828147005
    },
    "spectral_energyband_high": {
        "dmean": 3.4524809962e-06,
        "dmean2": 5.21727633895e-06,
        "dvar": 1.798670414e-11,
        "dvar2": 3.99513026828e-11,
        "max": 4.83811127197e-05,
        "mean": 1.3821131688e-05,
        "median": 9.93684807327e-06,
        "min": 8.94889296887e-07,
        "var": 8.33198718353e-11
    },
    "spectral_energyband_low": {
        "dmean": 4.97727432958e-06,
        "dmean2": 9.12407995202e-06,
        "dvar": 3.5514941682e-11,
        "dvar2": 1.02633089527e-10,
        "max": 3.63874823961e-05,
        "mean": 6.260920145e-06,
        "median": 4.9716140893e-06,
        "min": 6.88666375481e-07,
        "var": 3.31993078861e-11
    },
    "spectral_energyband_middle_high": {
        "dmean": 0.00235287006944,
        "dmean2": 0.00166694330983,
        "dvar": 9.23580864765e-06,
        "dvar2": 8.59452302393e-06,
        "max": 0.0683816373348,
        "mean": 0.0209439601749,
        "median": 0.015538437292,
        "min": 9.04617118067e-05,
        "var": 0.000403714337153
    },
    "spectral_energyband_middle_low": {
        "dmean": 2.92983768304e-05,
        "dmean2": 5.25610266777e-05,
        "dvar": 3.09242942365e-09,
        "dvar2": 9.2442080657e-09,
        "max": 0.000677424424794,
        "mean": 0.000114315080282,
        "median": 5.6040022173e-05,
        "min": 2.16930448005e-06,
        "var": 1.69344360756e-08
    },
    "spectral_entropy": {
        "dmean": 0.179397240281,
        "dmean2": 0.281240433455,
        "dvar": 0.0430364347994,
        "dvar2": 0.0402708016336,
        "max": 7.43284463882,
        "mean": 5.66790914536,
        "median": 5.25095891953,
        "min": 4.78278064728,
        "var": 0.597630083561
    },
    "spectral_flux": {
        "dmean": 0.00593169778585,
        "dmean2": 0.00862322654575,
        "dvar": 0.000159867835464,
        "dvar2": 0.00016906305973,
        "max": 0.138874083757,
        "mean": 0.017265740782,
        "median": 0.0151851493865,
        "min": 0.00616597384214,
        "var": 0.000200664464501
    },
    "spectral_kurtosis": {
        "dmean": 4.2403793335,
        "dmean2": 7.08852863312,
        "dvar": 15.2650213242,
        "dvar2": 41.7684860229,
        "max": 44.1979942322,
        "mean": 21.956401825,
        "median": 20.8512630463,
        "min": 7.29008769989,
        "var": 55.5388259888
    },
    "spectral_rms": {
        "dmean": 0.00029698444996,
        "dmean2": 0.000273678713711,
        "dvar": 1.96303375333e-07,
        "dvar2": 2.38082165538e-07,
        "max": 0.00817415025085,
        "mean": 0.003920590505,
        "median": 0.00392182916403,
        "min": 0.000432886270573,
        "var": 5.19988498127e-06
    },
    "spectral_rolloff": {
        "dmean": 13.1591796875,
        "dmean2": 24.4365558624,
        "dvar": 1233.32861328,
        "dvar2": 3023.71704102,
        "max": 1162.79296875,
        "mean": 1008.7477417,
        "median": 925.927734375,
        "min": 904.39453125,
        "var": 12819.1621094
    },
    "spectral_skewness": {
        "dmean": 0.372410595417,
        "dmean2": 0.613441824913,
        "dvar": 0.0983074083924,
        "dvar2": 0.273074835539,
        "max": 5.40558433533,
        "mean": 3.65259337425,
        "median": 3.55044674873,
        "min": 2.34481716156,
        "var": 0.35869577527
    },
    "spectral_spread": {
        "dmean": 314063.25,
        "dmean2": 470741.4375,
        "dvar": 213152366592,
        "dvar2": 176502407168,
        "max": 8273376,
        "mean": 3051548.5,
        "median": 2636435.25,
        "min": 1774533.125,
        "var": 1.06984957542e+12
    },
    "spectral_strongpeak": {
        "dmean": 0.350913286209,
        "dmean2": 0.355083912611,
        "dvar": 0.342460244894,
        "dvar2": 0.391365855932,
        "max": 8.82744026184,
        "mean": 4.07179784775,
        "median": 3.8655333519,
        "min": 0.0328112356365,
        "var": 7.60276842117
    },
    "zerocrossingrate": {
        "dmean": 0.00244683166966,
        "dmean2": 0.00307781784795,
        "dvar": 2.9396980608e-05,
        "dvar2": 3.69865229004e-05,
        "max": 0.0869140625,
        "mean": 0.0469340234995,
        "median": 0.041015625,
        "min": 0.01025390625,
        "var": 0.000161557632964
    },
    "barkbands": {
        "dmean": [1.24698617583e-05, 1.12859504497e-06, 8.81757387106e-07, 9.65462049862e-07, 1.09287816485e-06, 1.65919973369e-05, 7.38661674404e-06, 1.32721943373e-05, 1.17187655633e-05, 0.00202404661104, 0.000352497270796, 0.00019435712602, 4.95119138577e-06, 3.05089952235e-06, 0.000129700041725, 3.22611886077e-05, 3.52644383383e-06, 2.74602534773e-05, 1.09988059194e-05, 2.57401075032e-06, 1.93796336134e-06, 7.2970152587e-07, 4.20197551421e-07, 4.84486633923e-07, 1.86436082572e-07, 6.36861656744e-08, 4.81703693822e-07],
        "dmean2": [2.23777005885e-05, 2.09842119148e-06, 1.52936797804e-06, 1.85159251487e-06, 1.83323652436e-06, 2.48538544838e-05, 1.39296671477e-05, 2.39210912696e-05, 2.18730419874e-05, 0.00130789866671, 0.000487851822982, 0.000164511395269, 8.29328655527e-06, 4.85899863634e-06, 0.000174560380401, 2.80464191746e-05, 5.6823560044e-06, 3.6196444853e-05, 1.81186678674e-05, 3.98397696699e-06, 2.99356793221e-06, 1.10170719836e-06, 6.41489236841e-07, 7.40752341244e-07, 2.81233383248e-07, 9.54202974413e-08, 7.84691735589e-07],
        "dvar": [2.47390358199e-10, 1.06608331104e-12, 7.75302294153e-13, 1.11654338119e-12, 2.35235875917e-12, 5.98199323409e-10, 2.1202375966e-10, 1.27933919014e-09, 3.10987680052e-10, 6.75451610732e-06, 1.51146423377e-07, 1.22749682419e-07, 4.48295914279e-11, 7.00923217037e-12, 4.23029788976e-08, 5.05858910316e-09, 2.29340071239e-11, 2.38258790475e-09, 6.05299699252e-10, 2.32755169305e-11, 5.18102097682e-12, 1.83496945937e-12, 2.4654600193e-13, 9.16700092571e-13, 3.16079119529e-14, 3.03956269639e-15, 2.46666158636e-13],
        "dvar2": [7.25974447224e-10, 2.92633365456e-12, 2.52249306512e-12, 3.22198734706e-12, 5.29164602761e-12, 1.33680444492e-09, 8.00381150245e-10, 4.08795441942e-09, 1.00464137009e-09, 5.76533102503e-06, 3.44228794802e-07, 7.08456937559e-08, 1.22033647076e-10, 1.81471313671e-11, 6.01277108103e-08, 3.1092912689e-09, 6.02355249013e-11, 4.6701154055e-09, 1.06273256861e-09, 6.15032261231e-11, 1.26853961363e-11, 4.12298147012e-12, 6.18124583636e-13, 1.48725617325e-12, 6.95337816731e-14, 5.46862554901e-15, 4.34588454633e-13],
        "max": [8.54755635373e-05, 6.52783637634e-06, 4.65158882434e-06, 5.60133048566e-06, 1.35988038892e-05, 0.00026156794047, 8.63996974658e-05, 0.000295215286314, 0.000134493689984, 0.0577784851193, 0.00472374167293, 0.00756273651496, 4.35051078966e-05, 1.98466223083e-05, 0.00253827450797, 0.00118681055028, 2.71934968623e-05, 0.000391279056203, 0.000207780452911, 4.0699262172e-05, 2.32860365941e-05, 9.61486148299e-06, 4.27114764534e-06, 7.66285847931e-06, 1.92485367734e-06, 6.14401244547e-07, 4.87638135382e-06],
        "mean": [9.51918536884e-06, 1.30719797653e-06, 1.04391119748e-06, 1.03394688722e-06, 1.80410268058e-06, 6.265459524e-05, 7.7683098425e-06, 1.99951809918e-05, 1.70259627339e-05, 0.017227280885, 0.00180987722706, 0.00125444272999, 8.59801639308e-06, 6.79871163811e-06, 0.000471408275189, 9.52093905653e-05, 6.28408997727e-06, 4.42662130808e-05, 1.87172317965e-05, 5.65009622733e-06, 3.67124516742e-06, 1.56565852194e-06, 1.00434772321e-06, 1.05314325083e-06, 6.17412410975e-07, 3.97517453621e-07, 3.89684009861e-06],
        "median": [5.38551057616e-06, 1.00713759821e-06, 7.71225074914e-07, 8.12231462533e-07, 1.25457086142e-06, 1.92708102986e-05, 2.90837147077e-06, 5.42863108421e-06, 7.57872476242e-06, 0.0123742334545, 0.00153346033767, 0.000312152958941, 7.47106514609e-06, 5.41753433936e-06, 9.51463953243e-05, 1.09976363092e-05, 2.65650101028e-06, 8.47955561767e-06, 6.63334594719e-06, 1.40016106798e-06, 2.05201968129e-06, 1.02244621303e-06, 7.85671772974e-07, 7.2447102184e-07, 5.57178452709e-07, 3.92814939687e-07, 3.91858020521e-06],
        "min": [5.57499006959e-08, 1.78953854402e-07, 1.87395610141e-08, 7.94950238969e-08, 1.8114252498e-07, 2.43225116492e-07, 2.58128096675e-07, 1.96367366812e-07, 1.85136158848e-07, 2.49743843597e-05, 1.64329242125e-06, 3.92597667087e-06, 1.20102313872e-07, 7.17651175819e-07, 1.36777748594e-06, 2.78136070619e-07, 9.36862036838e-08, 1.14852667821e-07, 1.56209296165e-07, 7.33243794571e-08, 1.48150007817e-07, 5.22944070269e-08, 1.10268018716e-07, 1.34410882424e-07, 2.59354298038e-08, 3.13642445349e-08, 1.13528884071e-07],
        "var": [1.88614832086e-10, 1.1873876448e-12, 1.03104937782e-12, 9.25941506628e-13, 3.73909627219e-12, 5.44830447424e-09, 1.86698642657e-10, 1.41727607428e-09, 4.65300631358e-10, 0.000299797131447, 2.32355273511e-06, 4.07550169257e-06, 7.56817872261e-11, 2.64240782033e-11, 4.65373659608e-07, 4.82161013338e-08, 5.39098730934e-11, 6.46806874727e-09, 1.29778909841e-09, 6.71415631426e-11, 1.73749573756e-11, 3.40284267777e-12, 5.67984136286e-13, 1.19282361766e-12, 1.04312785081e-13, 7.86313305727e-15, 3.47941835933e-13]
    },
    "erbbands": {
        "dmean": [7.89063778939e-05, 0.000185006938409, 0.000751116429456, 0.00217607268132, 0.00278118043207, 0.0040281987749, 0.0230864621699, 0.205405190587, 0.0447341613472, 0.328935772181, 0.204956054688, 0.314054071903, 7.1954331398, 92.7599487305, 7.49586105347, 8.62627029419, 0.426284879446, 0.264363020658, 6.24589920044, 2.29982256889, 0.640626013279, 0.513593316078, 1.21596932411, 0.302948832512, 0.664708435535, 0.154698729515, 0.0824081078172, 0.0686647966504, 0.0254875365645, 0.0194717925042, 0.0134009383619, 0.0109056625515, 0.00748054403812, 0.00240314239636, 0.0016164497938, 0.000328678899677, 0.000121530079923, 0.000118809992273, 6.35929245618e-05, 1.2041363334e-05],
        "dmean2": [0.000150963111082, 0.00033795327181, 0.00134022790007, 0.0040252446197, 0.0049114250578, 0.00666344352067, 0.0381271056831, 0.298368573189, 0.0677199438214, 0.605646848679, 0.386770784855, 0.466007590294, 4.61279726028, 67.77394104, 5.97366857529, 7.31522274017, 0.463415384293, 0.390395224094, 8.44519233704, 2.58541703224, 0.585976481438, 0.743808984756, 1.60731613636, 0.447058588266, 1.09336817265, 0.252518743277, 0.134519502521, 0.103215053678, 0.0397924743593, 0.0289642512798, 0.0214678682387, 0.0156812891364, 0.0115835703909, 0.0037225720007, 0.00237963162363, 0.000458564813016, 0.000191808430827, 0.00019216426881, 0.000104805425508, 1.91506751435e-05],
        "dvar": [1.16055423049e-08, 2.57057912734e-08, 6.7739597398e-07, 5.41456347491e-06, 7.80127447797e-06, 2.94138117169e-05, 0.00110304600094, 0.090978346765, 0.00351550709456, 0.717007100582, 0.218888089061, 0.130529940128, 85.1856689453, 14666.0087891, 82.3012542725, 238.09715271, 0.433475673199, 0.0643685683608, 98.5475921631, 9.38465213776, 1.63015508652, 0.999493300915, 4.48000812531, 0.267166912556, 3.10410356522, 0.0705457404256, 0.00866120681167, 0.0169081185013, 0.00155316991732, 0.00130087241996, 0.000267785333563, 0.000975057482719, 9.13985932129e-05, 5.22900245414e-06, 3.67543020729e-06, 9.29207288891e-08, 1.02893480403e-08, 1.08749143024e-08, 3.2472882161e-09, 1.57163046466e-10],
        "dvar2": [3.18513819764e-08, 7.92530343574e-08, 2.1047123937e-06, 1.60445779329e-05, 1.91531307792e-05, 5.98988117417e-05, 0.00233936100267, 0.204384446144, 0.00953711569309, 2.4940340519, 0.751722037792, 0.425890296698, 93.1615829468, 13420.2314453, 85.2558135986, 130.898223877, 0.378512829542, 0.128999471664, 140.209991455, 10.4904212952, 1.03197157383, 2.10064482689, 8.70238685608, 0.61417979002, 5.51590538025, 0.169559836388, 0.0272236652672, 0.0368345230818, 0.00351650267839, 0.00268828752451, 0.000579037354328, 0.00155835819896, 0.000182754054549, 1.1400808944e-05, 9.15132295631e-06, 1.7512809336e-07, 2.11704165309e-08, 2.47971669864e-08, 5.57718138339e-09, 2.55843762842e-10],
        "max": [0.000710924563464, 0.000790668826085, 0.00448784930632, 0.0112196058035, 0.0225938018411, 0.0517814420164, 0.300544649363, 3.14988541603, 0.746763288975, 6.71206235886, 3.67873716354, 3.81053495407, 202.725830078, 2563.22802734, 217.297744751, 336.838439941, 14.910074234, 3.13831615448, 118.867424011, 52.9284324646, 21.9401264191, 7.26484918594, 17.1335678101, 4.03313016891, 14.9241886139, 1.89100587368, 0.554188966751, 1.26310694218, 0.286965817213, 0.275306940079, 0.118823044002, 0.254725664854, 0.0614848099649, 0.0246495865285, 0.0201911069453, 0.0034290892072, 0.00109808379784, 0.00100157631095, 0.000578900449909, 0.000162026495673],
        "mean": [8.73343014973e-05, 0.000212489467231, 0.000991259235889, 0.00267056841403, 0.00411375705153, 0.00713367201388, 0.0570542886853, 0.725750863552, 0.227605551481, 0.459277272224, 0.362736165524, 1.41369616985, 58.4625244141, 797.570129395, 65.0326538086, 57.0033531189, 2.79493570328, 0.984175384045, 22.767999649, 10.0109729767, 2.22604203224, 0.953016757965, 2.00534081459, 0.553540527821, 1.17901134491, 0.347275942564, 0.164826482534, 0.132288888097, 0.0545939020813, 0.0391398854554, 0.0309942085296, 0.0216738861054, 0.0180031377822, 0.00736270518973, 0.00469237146899, 0.00146892073099, 0.00070371926995, 0.000740773626603, 0.000436389702372, 0.000101591453131],
        "median": [6.18070407654e-05, 0.000142260978464, 0.000751165789552, 0.0020276827272, 0.00312776910141, 0.00438038026914, 0.0215819273144, 0.196295306087, 0.0752836093307, 0.123291276395, 0.24348783493, 1.05507814884, 39.7419319153, 574.581115723, 47.5325469971, 14.5678691864, 1.19217431545, 0.749036967754, 4.65375804901, 2.12074375153, 0.442879170179, 0.298711925745, 0.443214386702, 0.218589156866, 0.332873106003, 0.128181517124, 0.10727544874, 0.0480602420866, 0.0313694253564, 0.0194132011384, 0.0263136681169, 0.0129400212318, 0.0137367136776, 0.00640161382034, 0.00419551134109, 0.00140632153489, 0.00070840283297, 0.000752351188567, 0.000439439318143, 9.46125583141e-05],
        "min": [5.76140928388e-06, 2.37627245951e-05, 2.51605615631e-05, 0.00024877206306, 0.000444901874289, 0.000668177497573, 0.000531559635419, 0.00313343550079, 0.0029889983125, 0.00772016309202, 0.0150127690285, 0.0580101050436, 0.414028286934, 0.830344557762, 0.617149889469, 0.562442660332, 0.0596741437912, 0.108482025564, 0.0954918041825, 0.0609905533493, 0.0166712030768, 0.00749013526365, 0.00980880483985, 0.00774581776932, 0.00750535260886, 0.00884413346648, 0.00851266086102, 0.00321337091736, 0.00209030159749, 0.00318219815381, 0.00302861956879, 0.00312366057187, 0.00229892833158, 0.000391700625187, 0.000178280664841, 0.000135691690957, 5.29364951944e-05, 4.01401994168e-05, 1.34477522806e-05, 2.74517378784e-06],
        "var": [1.06803863531e-08, 2.6148654797e-08, 8.67687106165e-07, 5.00461464981e-06, 1.18682028187e-05, 6.41357983113e-05, 0.00516094593331, 0.765298783779, 0.0577162131667, 0.775221765041, 0.226320490241, 1.00359976292, 3456.93408203, 615745.125, 3699.07250977, 7965.67529297, 14.6832475662, 0.573735594749, 1045.72729492, 184.980117798, 17.9147109985, 2.34591698647, 12.5157308578, 0.729050934315, 6.62109184265, 0.216942980886, 0.0199912711978, 0.0472534969449, 0.00406769802794, 0.00193559005857, 0.000441978831077, 0.00114137609489, 0.000168666665559, 1.70353414433e-05, 8.87570968189e-06, 3.74110442181e-07, 2.01026093549e-08, 1.64738267472e-08, 5.54296430977e-09, 7.72109765013e-10]
    },
    "gfcc": {
        "mean": [-164.493438721, 42.8065605164, -166.727996826, -65.3694229126, -48.1856651306, 16.9578838348, 5.08332443237, 3.49407410622, -24.3459129333, -20.1745166779, -7.99929904938, 8.19290161133, 18.4565505981],
        "cov": [[1052.57507324, -258.691711426, -963.708435059, 10.013543129, 83.8541107178, 46.8837738037, 198.647186279, 82.1657409668, 5.58145046234, -150.642608643, -96.7682266235, 48.3485717773, 176.138427734], [-258.691711426, 449.844238281, 574.654846191, -218.167922974, -268.283905029, -102.835891724, -177.017608643, -155.136169434, -33.014377594, 204.759765625, 224.135604858, 63.7543067932, -173.484924316], [-963.708435059, 574.654846191, 1490.47937012, -199.650436401, -448.600219727, -138.223495483, -429.72668457, -267.932495117, -40.8658027649, 372.112731934, 328.803253174, 15.3325815201, -308.042327881], [10.013543129, -218.167922974, -199.650436401, 246.676361084, 201.473983765, 34.7349243164, 79.1271286011, 109.788215637, 21.3980026245, -129.695343018, -140.143768311, -56.4006462097, 66.9856948853], [83.8541107178, -268.283905029, -448.600219727, 201.473983765, 357.734008789, 66.5504837036, 182.342819214, 170.841415405, 30.1236572266, -191.883773804, -201.211761475, -48.71692276, 112.520050049], [46.8837738037, -102.835891724, -138.223495483, 34.7349243164, 66.5504837036, 96.6726989746, 77.5757751465, 29.7145175934, 16.9937839508, -57.9026374817, -75.4096221924, -38.7795715332, 49.1090316772], [198.647186279, -177.017608643, -429.72668457, 79.1271286011, 182.342819214, 77.5757751465, 246.614578247, 126.592155457, -1.31405317783, -158.717041016, -124.984657288, 4.66077423096, 97.172203064], [82.1657409668, -155.136169434, -267.932495117, 109.788215637, 170.841415405, 29.7145175934, 126.592155457, 130.439117432, 23.1724338531, -116.700012207, -95.997795105, -6.11798429489, 61.5787277222], [5.58145046234, -33.014377594, -40.8658027649, 21.3980026245, 30.1236572266, 16.9937839508, -1.31405317783, 23.1724338531, 40.7899780273, -3.62347197533, -20.4648780823, -4.78860235214, 12.7627086639], [-150.642608643, 204.759765625, 372.112731934, -129.695343018, -191.883773804, -57.9026374817, -158.717041016, -116.700012207, -3.62347197533, 173.585281372, 144.265106201, 24.8136482239, -87.9757232666], [-96.7682266235, 224.135604858, 328.803253174, -140.143768311, -201.211761475, -75.4096221924, -124.984657288, -95.997795105, -20.4648780823, 144.265106201, 175.568252563, 63.0476837158, -94.6866531372], [48.3485717773, 63.7543067932, 15.3325815201, -56.4006462097, -48.71692276, -38.7795715332, 4.66077423096, -6.11798429489, -4.78860235214, 24.8136482239, 63.0476837158, 77.6240234375, -7.6351184845], [176.138427734, -173.484924316, -308.042327881, 66.9856948853, 112.520050049, 49.1090316772, 97.172203064, 61.5787277222, 12.7627086639, -87.9757232666, -94.6866531372, -7.6351184845, 107.958000183]],
        "icov": [[0.00491405837238, -0.0011897404911, 0.00555084086955, -0.00188214681111, 0.00401295442134, -0.00264918268658, 0.00292368698865, -0.00153538724408, 0.00369313568808, -0.002348868642, 0.000863733876031, -0.00332120712847, 0.000515662075486], [-0.0011897404911, 0.0129658179358, -0.00336906337179, 0.00495163351297, -0.00366221810691, 0.00583882723004, -0.0060533201322, 0.00875881966203, -0.00581816444173, 0.00229253829457, -0.00630417000502, 0.000921395025216, 0.00879674497992], [0.00555084086955, -0.00336906337179, 0.00968207698315, -0.00473256641999, 0.00588415842503, -0.00796510186046, 0.00751694058999, -0.00570686627179, 0.0102290101349, -0.0085741924122, 0.00492515042424, -0.00729860318825, 0.00567917106673], [-0.00188214681111, 0.00495163351297, -0.00473256641999, 0.0141551764682, -0.00474194809794, 0.00729570444673, -0.00130637630355, -5.761225475e-05, -0.00625144410878, 0.00877939257771, -0.00195447145961, 0.00729288114235, -0.00173145299777], [0.00401295442134, -0.00366221810691, 0.00588415842503, -0.00474194809794, 0.0173613466322, -0.00337480008602, 0.00433328887448, -0.0140522588044, 0.00740600191057, -0.00655060214922, 0.0149743976071, -0.00573400128633, 0.00136902322993], [-0.00264918268658, 0.00583882723004, -0.00796510186046, 0.00729570444673, -0.00337480008602, 0.0404823236167, -0.0228929463774, 0.0220137089491, -0.0322355777025, 0.0168032497168, -0.0124190095812, 0.0264998842031, -0.0119115933776], [0.00292368698865, -0.0060533201322, 0.00751694058999, -0.00130637630355, 0.00433328887448, -0.0228929463774, 0.0296607483178, -0.0240349918604, 0.02716986835, -0.00617138063535, 0.0147621780634, -0.0196247193962, 0.00398928206414], [-0.00153538724408, 0.00875881966203, -0.00570686627179, -5.761225475e-05, -0.0140522588044, 0.0220137089491, -0.0240349918604, 0.0578426271677, -0.0396222695708, 0.0277704354376, -0.0261966083199, 0.0128714712337, -0.00114645657595], [0.00369313568808, -0.00581816444173, 0.0102290101349, -0.00625144410878, 0.00740600191057, -0.0322355777025, 0.02716986835, -0.0396222695708, 0.0702666640282, -0.0365413725376, 0.032385636121, -0.029500098899, 0.0110138207674], [-0.002348868642, 0.00229253829457, -0.0085741924122, 0.00877939257771, -0.00655060214922, 0.0168032497168, -0.00617138063535, 0.0277704354376, -0.0365413725376, 0.0589050874114, -0.0397929288447, 0.0243197381496, -0.0143569773063], [0.000863733876031, -0.00630417000502, 0.00492515042424, -0.00195447145961, 0.0149743976071, -0.0124190095812, 0.0147621780634, -0.0261966083199, 0.032385636121, -0.0397929288447, 0.0740084797144, -0.0408190749586, 0.0211908686906], [-0.00332120712847, 0.000921395025216, -0.00729860318825, 0.00729288114235, -0.00573400128633, 0.0264998842031, -0.0196247193962, 0.0128714712337, -0.029500098899, 0.0243197381496, -0.0408190749586, 0.0540777631104, -0.0228780247271], [0.000515662075486, 0.00879674497992, 0.00567917106673, -0.00173145299777, 0.00136902322993, -0.0119115933776, 0.00398928206414, -0.00114645657595, 0.0110138207674, -0.0143569773063, 0.0211908686906, -0.0228780247271, 0.0448576398194]]
    },
    "melbands": {
        "dmean": [9.73536998572e-07, 3.14537857093e-07, 3.78012344981e-07, 2.26380265644e-07, 6.80930611452e-07, 4.03510284741e-06, 8.028632692e-07, 3.68120049643e-06, 1.84979080586e-06, 1.38452867304e-06, 2.50529574259e-05, 0.000387524487451, 3.27439556713e-05, 2.7615838917e-05, 5.60276612305e-06, 2.67852726665e-07, 3.36710684223e-07, 8.03815692052e-06, 8.39487529447e-06, 3.2840264339e-06, 3.01845204831e-07, 1.31516671331e-07, 1.96787300411e-06, 6.69471376114e-07, 1.83533529707e-07, 3.92156181306e-07, 3.56548326863e-07, 7.36139469382e-08, 5.80537893313e-08, 4.7247866064e-08, 3.80917448695e-08, 2.0282222124e-08, 9.21467613324e-09, 1.14337597168e-08, 9.47727674117e-09, 5.24987120443e-09, 8.41870129165e-09, 5.52531442821e-09, 3.95514820895e-09, 1.89504567594e-09],
        "dmean2": [1.82741860044e-06, 5.45403224805e-07, 6.97450332154e-07, 3.76386395828e-07, 1.1026785387e-06, 5.91735761191e-06, 1.26022541735e-06, 6.63061973682e-06, 3.49142601408e-06, 2.45506703322e-06, 1.9656465156e-05, 0.000276781938737, 3.59965379175e-05, 2.33422560996e-05, 5.20954699823e-06, 4.4100085006e-07, 5.9170639588e-07, 1.09034335765e-05, 1.13070327643e-05, 2.82821906694e-06, 4.21164969566e-07, 2.09600202083e-07, 2.80456424662e-06, 8.47330568376e-07, 3.05125979594e-07, 6.43624559871e-07, 5.92951664657e-07, 1.16025404395e-07, 9.19575455782e-08, 7.119790979e-08, 6.15297253148e-08, 3.06475129719e-08, 1.42696512384e-08, 1.70958518453e-08, 1.56533062068e-08, 7.70306840536e-09, 1.26067627448e-08, 8.82352768627e-09, 6.14682704736e-09, 2.96881719208e-09],
        "dvar": [1.62657669452e-12, 1.10246921726e-13, 1.51524761705e-13, 8.28951504336e-14, 9.5793685484e-13, 3.47802897593e-11, 1.10453530003e-12, 9.48921913269e-11, 1.47132792061e-11, 3.89447892338e-12, 1.17444953762e-09, 2.54833764757e-07, 1.43811484943e-09, 2.49380205375e-09, 9.55077614218e-11, 1.16736915273e-13, 1.02130719788e-13, 1.62358973488e-10, 1.70559580348e-10, 5.52523304886e-11, 4.60568974452e-13, 3.63962908477e-14, 1.96667369889e-11, 2.37075940476e-12, 1.67008754374e-13, 1.02078989792e-12, 6.78390828755e-13, 1.97385476833e-14, 4.66205833026e-15, 4.04136105684e-15, 4.49494084735e-15, 1.08931263989e-15, 3.03024766331e-16, 3.28386203321e-16, 9.3385832421e-17, 9.8211266625e-17, 5.24875824227e-16, 5.21694606706e-17, 1.35253964592e-17, 2.78915272988e-18],
        "dvar2": [4.63644704227e-12, 3.63702367919e-13, 4.47419987344e-13, 1.83371628429e-13, 2.06048806489e-12, 7.87257620205e-11, 3.40752794904e-12, 3.24434007437e-10, 5.09720043951e-11, 1.18905449722e-11, 1.80083059576e-09, 2.30818145042e-07, 2.23879847994e-09, 1.51728962727e-09, 6.81454268014e-11, 2.88764536371e-13, 2.61616032657e-13, 2.30065938522e-10, 2.45342773875e-10, 3.50907601587e-11, 8.06722744162e-13, 8.62809037541e-14, 4.02947397671e-11, 3.0609278133e-12, 4.61167996152e-13, 1.80389644194e-12, 1.27330394492e-12, 4.68823385062e-14, 1.54229046526e-14, 9.41028362818e-15, 9.62889690263e-15, 2.43784086681e-15, 6.24661493491e-16, 7.07178119723e-16, 2.08762360688e-16, 2.06191483345e-16, 8.53501843752e-16, 1.26282858322e-16, 3.78299075576e-17, 6.01365433846e-18],
        "max": [7.99401823315e-06, 1.86121565093e-06, 2.04631442102e-06, 2.66119877779e-06, 7.7395397966e-06, 6.23175583314e-05, 1.2895465261e-05, 7.86422388046e-05, 2.95138088404e-05, 1.51130898303e-05, 0.000700435019098, 0.0107788406312, 0.000684483617079, 0.00107832276262, 0.000213197738049, 2.67469067694e-06, 2.1563610062e-06, 0.000150208332343, 0.000169590071891, 0.000122601151816, 5.88194006923e-06, 1.69545830886e-06, 3.39818252542e-05, 1.43014403875e-05, 3.27014822687e-06, 8.48214585858e-06, 7.12599785402e-06, 1.14105898774e-06, 3.76555391313e-07, 6.45716340841e-07, 6.00720795774e-07, 2.47348936e-07, 1.29317911046e-07, 1.18420878437e-07, 7.17428534358e-08, 7.74307906681e-08, 1.84894787481e-07, 5.76991077139e-08, 2.71190661039e-08, 1.7527131746e-08],
        "mean": [1.02334252006e-06, 4.33763716501e-07, 4.95990491345e-07, 3.7413968812e-07, 1.41468751735e-06, 1.46394504554e-05, 3.48441744791e-06, 5.20962112205e-06, 2.77206891042e-06, 2.22139124162e-06, 0.000179863403901, 0.00332485325634, 0.000237805274082, 0.000178164744284, 3.46141605405e-05, 6.38199196601e-07, 6.3789525484e-07, 2.90321440843e-05, 3.13343007292e-05, 9.24163396121e-06, 9.13549570214e-07, 3.34334600893e-07, 3.02105468108e-06, 1.07248865788e-06, 3.07452353354e-07, 6.80425330302e-07, 6.34343393813e-07, 1.7063014468e-07, 9.80378302984e-08, 9.14577995559e-08, 6.59303651673e-08, 3.5470009152e-08, 1.95428029315e-08, 2.07378292316e-08, 2.02699901308e-08, 1.09336264487e-08, 1.35907951559e-08, 1.2474089317e-08, 9.14513265116e-09, 5.32371302597e-09],
        "median": [7.57940597396e-07, 3.46253045791e-07, 3.96374673528e-07, 2.50937716828e-07, 4.34185835729e-07, 4.15420163336e-06, 1.13288433568e-06, 1.24204700569e-06, 1.16655633065e-06, 1.01650539364e-06, 9.64649443631e-05, 0.00238187913783, 0.000212167215068, 4.21494260081e-05, 9.26507254917e-06, 6.73309273225e-07, 4.99985219449e-07, 6.05730565439e-06, 6.73277645546e-06, 7.39063239052e-07, 1.59664594435e-07, 1.1773749975e-07, 3.77335680923e-07, 2.3596915355e-07, 4.71356749188e-08, 2.46604201948e-07, 1.51992736619e-07, 4.06382447693e-08, 6.71363267202e-08, 4.64204887862e-08, 2.40808333274e-08, 2.16974029854e-08, 7.19395654158e-09, 1.07469535493e-08, 1.85510717898e-08, 6.99068092302e-09, 6.70878463893e-09, 9.05674468754e-09, 7.72916219915e-09, 4.59454962964e-09],
        "min": [1.03807849428e-07, 2.24148877237e-08, 7.41690797668e-08, 3.29013829514e-08, 1.49798466964e-08, 6.27543172982e-08, 5.10709661228e-08, 5.79558836478e-08, 4.47867165576e-08, 1.95661353786e-08, 2.17848901229e-06, 3.54731946572e-06, 6.05903608175e-07, 5.21551498878e-07, 1.61502114793e-07, 1.96770368888e-08, 7.50993294218e-08, 1.24051965145e-07, 6.75141933471e-08, 2.45304825341e-08, 5.56392443229e-09, 5.96678528808e-09, 1.0886092916e-08, 4.76109329739e-09, 4.43656489324e-09, 4.59834259559e-09, 3.74294950589e-09, 2.45300291191e-09, 5.98556093578e-09, 3.56736817864e-09, 1.25394195027e-09, 1.08788311692e-09, 9.25368948135e-10, 1.50431656021e-09, 1.69143521411e-09, 1.05604647249e-09, 1.71308167651e-09, 1.61623203709e-09, 4.86465367988e-10, 2.68932320857e-10],
        "var": [1.46409869905e-12, 1.31622590973e-13, 1.4573070398e-13, 1.55297500662e-13, 3.47086682312e-12, 3.04691077924e-10, 1.39326397641e-11, 1.03121566841e-10, 1.60165092994e-11, 7.56537280738e-12, 3.61466341303e-08, 1.07829719127e-05, 4.64962965907e-08, 8.28028206001e-08, 2.92225710297e-09, 3.06765436621e-13, 2.48206430452e-13, 1.68305458459e-09, 2.02310013186e-09, 4.97742846939e-10, 2.24160598937e-12, 1.97627301351e-13, 4.80481140985e-11, 5.91281364148e-12, 3.3863271345e-13, 2.1357286599e-12, 1.59221724347e-12, 6.92619383071e-14, 8.02257006893e-15, 1.3517124567e-14, 1.1666377906e-14, 2.38003955025e-15, 5.81310982525e-16, 4.93718934873e-16, 1.90030240295e-16, 1.37258764192e-16, 6.02719952025e-16, 9.88902429415e-17, 3.20281785464e-17, 9.83328075811e-18]
    },
    "mfcc": {
        "mean": [-823.41595459, 117.322875977, -58.4224777222, -47.1231956482, -30.6995544434, 0.514726638794, 21.9258861542, 18.4317722321, 8.44959068298, -5.91745567322, -29.0144252777, -16.7731361389, 10.4594039917],
        "cov": [[1700.3972168, -482.449127197, -1061.59387207, -48.0257987976, -180.935455322, -12.8647632599, 56.7360954285, 227.9503479, 186.043212891, -94.754524231, -264.988861084, -205.545837402, 217.521911621], [-482.449127197, 869.807922363, 709.243835449, -294.506500244, -152.871490479, -156.764434814, -193.83001709, -348.898254395, -337.049621582, -116.819564819, 245.468429565, 498.837371826, 96.0247650146], [-1061.59387207, 709.243835449, 1184.37878418, -180.125686646, -20.8114032745, -98.3824081421, -223.325027466, -402.375640869, -348.757232666, -12.2722787857, 268.000213623, 466.58996582, -54.7764015198], [-48.0257987976, -294.506500244, -180.125686646, 244.822311401, 125.127082825, 55.6396064758, 98.6304550171, 141.859359741, 125.346626282, 39.8892364502, -54.6045074463, -189.228912354, -78.6907501221], [-180.935455322, -152.871490479, -20.8114032745, 125.127082825, 158.051071167, 52.7758750916, 31.1960754395, 39.3504295349, 54.8117713928, 67.822593689, -19.2038612366, -114.735832214, -68.7901153564], [-12.8647632599, -156.764434814, -98.3824081421, 55.6396064758, 52.7758750916, 92.1027450562, 57.5449333191, 77.1592941284, 78.867401123, 43.9994010925, -50.4843597412, -117.488479614, -39.3656997681], [56.7360954285, -193.83001709, -223.325027466, 98.6304550171, 31.1960754395, 57.5449333191, 126.814933777, 141.943237305, 105.311828613, 18.2348575592, -56.7528533936, -153.469970703, -34.954208374], [227.9503479, -348.898254395, -402.375640869, 141.859359741, 39.3504295349, 77.1592941284, 141.943237305, 260.60144043, 189.803451538, 35.3990974426, -96.0543289185, -241.866622925, -40.5257110596], [186.043212891, -337.049621582, -348.757232666, 125.346626282, 54.8117713928, 78.867401123, 105.311828613, 189.803451538, 195.620132446, 52.4658050537, -101.346366882, -222.430908203, -39.9538269043], [-94.754524231, -116.819564819, -12.2722787857, 39.8892364502, 67.822593689, 43.9994010925, 18.2348575592, 35.3990974426, 52.4658050537, 104.942672729, -18.1250514984, -112.747612, -45.2946281433], [-264.988861084, 245.468429565, 268.000213623, -54.6045074463, -19.2038612366, -50.4843597412, -56.7528533936, -96.0543289185, -101.346366882, -18.1250514984, 119.943305969, 159.962097168, 1.33040428162], [-205.545837402, 498.837371826, 466.58996582, -189.228912354, -114.735832214, -117.488479614, -153.469970703, -241.866622925, -222.430908203, -112.747612, 159.962097168, 395.450653076, 78.4641799927], [217.521911621, 96.0247650146, -54.7764015198, -78.6907501221, -68.7901153564, -39.3656997681, -34.954208374, -40.5257110596, -39.9538269043, -45.2946281433, 1.33040428162, 78.4641799927, 92.5149002075]],
