{
"lowlevel": {
    "average_loudness": 0.99068403244,
    "barkbands_crest": {
        "dmean": 2.78463602066,
        "dmean2": 4.91468429565,
        "dvar": 5.58545875549,
        "dvar2": 13.8149871826,
        "max": 16.7533149719,
        "mean": 8.6309967041,
        "median": 7.85888767242,
        "min": 3.09569883347,
        "var": 14.9404067993
    },
    "barkbands_flatness_db": {
        "dmean": 0.0339940041304,
        "dmean2": 0.0593229718506,
        "dvar": 0.000938330136705,
        "dvar2": 0.00199956819415,
        "max": 0.270791232586,
        "mean": 0.126723766327,
        "median": 0.107871152461,
        "min": 0.0460649505258,
        "var": 0.00358258397318
    },
    "barkbands_kurtosis": {
        "dmean": 4.99500322342,
        "dmean2": 8.5072851181,
        "dvar": 32.9174804688,
        "dvar2": 90.7699508667,
        "max": 34.6745109558,
        "mean": 6.38308572769,
        "median": 3.96682167053,
        "min": -1.72604990005,
        "var": 61.3889846802
    },
    "barkbands_skewness": {
        "dmean": 0.954023063183,
        "dmean2": 1.64493882656,
        "dvar": 0.744203329086,
        "dvar2": 1.82703912258,
        "max": 5.11010074615,
        "mean": 1.14046812057,
        "median": 1.29791164398,
        "min": -2.63539767265,
        "var": 3.88743901253
    },
    "barkbands_spread": {
        "dmean": 10.7929458618,
        "dmean2": 18.6442127228,
        "dvar": 149.987533569,
        "dvar2": 410.872039795,
        "max": 60.3934173584,
        "mean": 23.4032154083,
        "median": 17.2836532593,
        "min": 2.35399127007,
        "var": 398.419281006
    },
    "dissonance": {
        "dmean": 0.0247132014483,
        "dmean2": 0.0405494831502,
        "dvar": 0.000885429966729,
        "dvar2": 0.00197374681011,
        "max": 0.499998927116,
        "mean": 0.473345696926,
        "median": 0.487586706877,
        "min": 0.367940783501,
        "var": 0.000945754523855
    },
    "dynamic_complexity": 10.1198101044,
    "erbbands_crest": {
        "dmean": 2.72597789764,
        "dmean2": 4.60041999817,
        "dvar": 6.7270359993,
        "dvar2": 22.1775131226,
        "max": 16.6142158508,
        "mean": 7.26981592178,
        "median": 6.52306985855,
        "min": 3.81576871872,
        "var": 8.47401618958
    },
    "erbbands_flatness_db": {
        "dmean": 0.030490398407,
        "dmean2": 0.0525113046169,
        "dvar": 0.000703859841451,
        "dvar2": 0.00167936726939,
        "max": 0.259721279144,
        "mean": 0.169498592615,
        "median": 0.165665924549,
        "min": 0.0945006385446,
        "var": 0.00193799787667
    },
    "erbbands_kurtosis": {
        "dmean": 2.04277658463,
        "dmean2": 3.60617995262,
        "dvar": 4.47975921631,
        "dvar2": 12.5479078293,
        "max": 7.02398872375,
        "mean": 1.66221106052,
        "median": 1.45426797867,
        "min": -1.43718206882,
        "var": 4.7672419548
    },
    "erbbands_skewness": {
        "dmean": 0.443140476942,
        "dmean2": 0.768794775009,
        "dvar": 0.200625136495,
        "dvar2": 0.49815389514,
        "max": 2.54543972015,
        "mean": 0.256605625153,
        "median": 0.352030962706,
        "min": -1.89600503445,
        "var": 1.5363137722
    },
    "erbbands_spread": {
        "dmean": 14.4255237579,
        "dmean2": 24.9718914032,
        "dvar": 240.097671509,
        "dvar2": 650.116088867,
        "max": 82.0147094727,
        "mean": 34.6070594788,
        "median": 26.7241001129,
        "min": 10.1683549881,
        "var": 381.541595459
    },
    "hfc": {
        "dmean": 8.71188259125,
        "dmean2": 14.2319669724,
        "dvar": 303.668243408,
        "dvar2": 673.672851562,
        "max": 81.4192123413,
        "mean": 7.59258556366,
        "median": 0.832241535187,
        "min": 0.0138277029619,
        "var": 287.921142578
    },
    "melbands_crest": {
        "dmean": 3.9882311821,
        "dmean2": 6.89092159271,
        "dvar": 10.1395254135,
        "dvar2": 24.1197242737,
        "max": 21.5931491852,
        "mean": 10.7882070541,
        "median": 10.4823722839,
        "min": 2.93152046204,
        "var": 21.700258255
    },
    "melbands_flatness_db": {
        "dmean": 0.0307522062212,
        "dmean2": 0.0524327009916,
        "dvar": 0.000804753100965,
        "dvar2": 0.00169319554698,
        "max": 0.328963011503,
        "mean": 0.155969187617,
        "median": 0.149155244231,
        "min": 0.0302364304662,
        "var": 0.00853519234806
    },
    "melbands_kurtosis": {
        "dmean": 6.24574041367,
        "dmean2": 10.3015918732,
        "dvar": 48.2839851379,
        "dvar2": 151.986312866,
        "max": 40.7082557678,
        "mean": 9.40272903442,
        "median": 7.06698608398,
        "min": -1.55843603611,
        "var": 101.438537598
    },
    "melbands_skewness": {
        "dmean": 1.07366299629,
        "dmean2": 1.81959581375,
        "dvar": 0.754746496677,
        "dvar2": 1.89775002003,
        "max": 4.66810750961,
        "mean": 2.024497509,
        "median": 2.00615382195,
        "min": -1.6909071207,
        "var": 2.26014637947
    },
    "melbands_spread": {
        "dmean": 17.8417167664,
        "dmean2": 31.7310028076,
        "dvar": 717.379211426,
        "dvar2": 1224.73986816,
        "max": 156.789474487,
        "mean": 48.4080200195,
        "median": 20.6298160553,
        "min": 2.70975613594,
        "var": 2489.07617188
    },
    "pitch_salience": {
        "dmean": 0.0749027505517,
        "dmean2": 0.124865338206,
        "dvar": 0.00242488109507,
        "dvar2": 0.00560047384351,
        "max": 0.951860010624,
        "mean": 0.738079428673,
        "median": 0.735477268696,
        "min": 0.612258911133,
        "var": 0.00639193598181
    },
    "silence_rate_20dB": {
        "dmean": 0,
        "dmean2": 0,
        "dvar": 0,
        "dvar2": 0,
        "max": 1,
        "mean": 1,
        "median": 1,
        "min": 1,
        "var": 0
    },
    "silence_rate_30dB": {
        "dmean": 0.0399999991059,
        "dmean2": 0.0816326513886,
        "dvar": 0.0384000092745,
        "dvar2": 0.0749687254429,
        "max": 1,
        "mean": 0.960784316063,
        "median": 1,
        "min": 0,
        "var": 0.0376778356731
    },
    "silence_rate_60dB": {
        "dmean": 0.10000000149,
        "dmean2": 0.204081639647,
        "dvar": 0.0900000408292,
        "dvar2": 0.162432327867,
        "max": 1,
        "mean": 0.745098054409,
        "median": 1,
        "min": 0,
        "var": 0.189926892519
    },
    "spectral_centroid": {
        "dmean": 438.391571045,
        "dmean2": 749.269714355,
        "dvar": 280324.625,
        "dvar2": 634460.875,
        "max": 4783.13427734,
        "mean": 1875.95690918,
        "median": 1184.09667969,
        "min": 395.578155518,
        "var": 2019814.125
    },
    "spectral_complexity": {
        "dmean": 1.87999999523,
        "dmean2": 3.04081630707,
        "dvar": 8.78560161591,
        "dvar2": 17.2636413574,
        "max": 26,
        "mean": 4.17647075653,
        "median": 1,
        "min": 0,
        "var": 36.2629699707
    },
    "spectral_decrease": {
        "dmean": 2.85389978316e-09,
        "dmean2": 4.51769199827e-09,
        "dvar": 6.68255195557e-17,
        "dvar2": 1.76784511119e-16,
        "max": -1.54335160103e-12,
        "mean": -2.66400279614e-09,
        "median": -1.27873725497e-10,
        "min": -4.67004745985e-08,
        "var": 6.30822692035e-17
    },
    "spectral_energy": {
        "dmean": 0.0115540483966,
        "dmean2": 0.018336340785,
        "dvar": 0.00102646730375,
        "dvar2": 0.00271457014605,
        "max": 0.183643192053,
        "mean": 0.0107432156801,
        "median": 0.000587069429457,
        "min": 7.07917843101e-06,
        "var": 0.000968488748185
    },
    "spectral_energyband_high": {
        "dmean": 0.000566104310565,
        "dmean2": 0.000924428051803,
        "dvar": 2.40089207182e-06,
        "dvar2": 4.08786581829e-06,
        "max": 0.0097066257149,
        "mean": 0.000444237171905,
        "median": 4.76563873235e-05,
        "min": 3.20715315638e-07,
        "var": 2.30007708524e-06
    },
    "spectral_energyband_low": {
        "dmean": 0.000127324077766,
        "dmean2": 0.000234394319705,
        "dvar": 9.02433185956e-08,
        "dvar2": 2.55239797298e-07,
        "max": 0.00139918643981,
        "mean": 8.80835868884e-05,
        "median": 4.16860166297e-06,
        "min": 1.65157985066e-07,
        "var": 5.98812164299e-08
    },
    "spectral_energyband_middle_high": {
        "dmean": 0.000607186520938,
        "dmean2": 0.00110238383058,
        "dvar": 2.44068928623e-06,
        "dvar2": 7.08220568413e-06,
        "max": 0.00857487507164,
        "mean": 0.00057365023531,
        "median": 9.53195194597e-05,
        "min": 1.22148082937e-06,
        "var": 1.93769415091e-06
    },
    "spectral_energyband_middle_low": {
        "dmean": 0.0104098804295,
        "dmean2": 0.0164356809109,
        "dvar": 0.000939493475016,
        "dvar2": 0.00247307517566,
        "max": 0.174430415034,
        "mean": 0.00971567537636,
        "median": 0.000177572539542,
        "min": 3.91701769331e-06,
        "var": 0.000887244474143
    },
    "spectral_entropy": {
        "dmean": 0.201382249594,
        "dmean2": 0.321328878403,
        "dvar": 0.0454722456634,
        "dvar2": 0.115643553436,
        "max": 8.52331924438,
        "mean": 7.77819681168,
        "median": 7.81759500504,
        "min": 6.53408575058,
        "var": 0.347569078207
    },
    "spectral_flux": {
        "dmean": 0.0296890586615,
        "dmean2": 0.0547661669552,
        "dvar": 0.00426840409636,
        "dvar2": 0.0117708882317,
        "max": 0.419767588377,
        "mean": 0.0527054518461,
        "median": 0.0232589114457,
        "min": 0.00250627053902,
        "var": 0.00574163673446
    },
    "spectral_kurtosis": {
        "dmean": 1.2814810276,
        "dmean2": 2.20476913452,
        "dvar": 2.10913658142,
        "dvar2": 6.78291702271,
        "max": 14.5563793182,
        "mean": 4.46410131454,
        "median": 3.78756427765,
        "min": 0.0970139503479,
        "var": 14.2544708252
    },
    "spectral_rms": {
        "dmean": 0.00115078652743,
        "dmean2": 0.00189248716924,
        "dvar": 4.87854140374e-06,
        "dvar2": 1.21573257275e-05,
        "max": 0.0133852194995,
        "mean": 0.00182264181785,
        "median": 0.000756802910473,
        "min": 8.31054494483e-05,
        "var": 7.15916212357e-06
    },
    "spectral_rolloff": {
        "dmean": 623.6015625,
        "dmean2": 1051.61108398,
        "dvar": 918955.125,
        "dvar2": 1473710.25,
        "max": 10120.6054688,
        "mean": 3750.99926758,
        "median": 1313.52539062,
        "min": 366.064453125,
        "var": 12567823
    },
    "spectral_skewness": {
        "dmean": 0.193364486098,
        "dmean2": 0.346479922533,
        "dvar": 0.0328532010317,
        "dvar2": 0.0743294581771,
        "max": 2.88405919075,
        "mean": 1.52740550041,
        "median": 1.60138046741,
        "min": 0.65051484108,
        "var": 0.508997380733
    },
    "spectral_spread": {
        "dmean": 1061626.875,
        "dmean2": 1657726.25,
        "dvar": 4.36027601715e+12,
        "dvar2": 4.99179166106e+12,
        "max": 18678920,
        "mean": 5294540.5,
        "median": 4953489,
        "min": 2536048.5,
        "var": 6.15329772339e+12
    },
    "spectral_strongpeak": {
        "dmean": 0.190828815103,
        "dmean2": 0.31299379468,
        "dvar": 0.0830587372184,
        "dvar2": 0.230178594589,
        "max": 1.98933470249,
        "mean": 0.25908356905,
        "median": 0.102872923017,
        "min": 0.00413465220481,
        "var": 0.190827026963
    },
    "zerocrossingrate": {
        "dmean": 0.019794922322,
        "dmean2": 0.022142060101,
        "dvar": 0.000809509365354,
        "dvar2": 0.00106666097417,
        "max": 0.2998046875,
        "mean": 0.115760952234,
        "median": 0.0634765625,
        "min": 0.01806640625,
        "var": 0.00821050722152
    },
    "barkbands": {
        "dmean": [5.47365573311e-07, 3.52610504706e-06, 3.96473005821e-05, 0.000249105796684, 0.00321578467265, 0.00539924018085, 0.000321560888551, 0.000596262631007, 0.000996629940346, 0.000123285833979, 0.000164592565852, 6.00827188464e-05, 5.11821090186e-05, 6.74811162753e-05, 4.94004707434e-05, 3.09872011712e-05, 3.5916458728e-05, 4.52966341982e-05, 3.48087669408e-05, 7.95714295236e-05, 0.000112859954243, 9.55562863965e-05, 9.87457970041e-05, 0.000111668872705, 0.000106485291326, 7.70663791627e-06, 7.88016279785e-07],
        "dmean2": [9.3315520644e-07, 6.53147799312e-06, 7.35279099899e-05, 0.000467347883387, 0.00528832804412, 0.00937996245921, 0.000551120843738, 0.00106408423744, 0.00195421651006, 0.000244379247306, 0.000321034807712, 0.000110916305857, 0.000100826342532, 0.000129495558213, 9.44580533542e-05, 5.52363708266e-05, 6.13928423263e-05, 8.21549838292e-05, 6.22550214757e-05, 0.000138829505886, 0.000195742642973, 0.000157244649017, 0.000158843016834, 0.000174845670699, 0.000168145124917, 1.17551644507e-05, 1.0909672028e-06],
        "dvar": [5.09550192838e-13, 8.21399476214e-11, 9.00377550295e-09, 3.83603691034e-07, 8.83531174622e-05, 0.000245525996434, 7.27415169877e-07, 3.97164649257e-06, 1.18922525871e-05, 1.39688737022e-07, 2.75135420225e-07, 2.79871663622e-08, 1.75896346377e-08, 4.12964560326e-08, 2.87418178146e-08, 6.28663787694e-09, 3.50379214531e-09, 7.76297515159e-09, 6.35542374283e-09, 2.63245514276e-08, 7.89063960838e-08, 8.45974881258e-08, 7.78684423608e-08, 1.07140273542e-07, 8.9544066384e-08, 2.93788854355e-10, 6.05739070014e-12],
        "dvar2": [1.2625445394e-12, 2.28453977957e-10, 2.5335443965e-08, 1.07753908196e-06, 0.000237996835494, 0.0006210199208, 1.73299599737e-06, 1.12915831778e-05, 3.49593283318e-05, 4.1591590616e-07, 8.11262395928e-07, 7.86985125956e-08, 5.43469766967e-08, 1.24035693716e-07, 8.45194705335e-08, 1.73678316173e-08, 8.58066862008e-09, 2.24629665979e-08, 1.83772481677e-08, 5.11875768439e-08, 1.56721057465e-07, 1.52660575736e-07, 1.38008019235e-07, 1.53047054141e-07, 1.45421211073e-07, 3.92743476629e-10, 5.45685501993e-12],
        "max": [3.25298947246e-06, 4.35998517787e-05, 0.000421998323873, 0.00304160965607, 0.0538070015609, 0.0834359228611, 0.00478907255456, 0.0108623141423, 0.0180238429457, 0.00191521621309, 0.00263223215006, 0.00100963911973, 0.00061886961339, 0.00100957986433, 0.000947096210439, 0.000436931266449, 0.000279823783785, 0.00045640731696, 0.000403038517106, 0.000914913718589, 0.00148710934445, 0.00170600437559, 0.00174694845919, 0.00227156514302, 0.00195193989202, 0.000134051864734, 2.0358211259e-05],
        "mean": [5.59813202017e-07, 2.31303533837e-06, 2.80737895082e-05, 0.000174606742803, 0.00299210031517, 0.00491284485906, 0.000436061294749, 0.000442736694822, 0.000696314091329, 9.34548079385e-05, 0.000139358729939, 6.81348174112e-05, 5.02129405504e-05, 4.96987449878e-05, 4.22026205342e-05, 2.77606413874e-05, 3.92255751649e-05, 3.8373083953e-05, 3.163319343e-05, 6.0686346842e-05, 8.06894895504e-05, 7.33214910724e-05, 7.88074103184e-05, 9.17723591556e-05, 8.46915500006e-05, 6.70496365274e-06, 8.35158118662e-07],
        "median": [2.8339019309e-07, 1.51665105363e-07, 1.36865742206e-06, 6.30646582067e-06, 9.55080613494e-05, 4.89747653774e-05, 1.95033135242e-05, 1.33565017677e-05, 2.52374193224e-05, 1.07821515485e-05, 9.10911876417e-06, 4.9143054639e-06, 4.27890881838e-06, 2.8090644264e-06, 2.58310819845e-06, 3.75185800294e-06, 6.42737131784e-06, 1.09064185381e-05, 4.48596574643e-06, 1.18023208415e-05, 1.22601632029e-05, 5.66184735362e-06, 5.67297092857e-06, 6.35288142803e-06, 5.69931080463e-06, 9.6487360679e-07, 1.39436565405e-07],
        "min": [6.18008977327e-09, 1.21836256639e-08, 1.73807883641e-08, 1.45268245433e-07, 1.33619971621e-06, 1.00258046132e-06, 1.70796482735e-07, 4.85622244639e-08, 2.55763296764e-07, 1.53903215505e-07, 4.42957563962e-08, 3.87689453873e-08, 1.21156617183e-07, 2.66154813744e-08, 1.50926346976e-08, 7.48471720158e-08, 7.21187518593e-08, 8.0451044937e-08, 6.24729423748e-08, 9.40460083143e-08, 9.55882626386e-08, 5.36646602711e-08, 2.6562652522e-08, 1.95504075151e-08, 2.26167617967e-08, 1.23247438921e-08, 5.75228966682e-08],
        "var": [5.49457614824e-13, 5.42099906631e-11, 6.12435346881e-09, 2.61127013346e-07, 8.02589129307e-05, 0.000246202544076, 1.09375207558e-06, 2.63683500634e-06, 6.96646475262e-06, 8.20882277708e-08, 1.84092996847e-07, 2.8875250635e-08, 1.67316418498e-08, 2.65841784142e-08, 1.86712902916e-08, 4.76544403938e-09, 5.03661512496e-09, 5.45599609936e-09, 5.57812596114e-09, 2.35747332766e-08, 6.39056381146e-08, 7.38581178439e-08, 7.62932899079e-08, 1.12877884817e-07, 9.15859104111e-08, 4.08433453725e-10, 8.16162588901e-12]
    },
    "erbbands": {
        "dmean": [8.38410487631e-05, 0.00144043797627, 0.0339743793011, 0.461264610291, 2.71628856659, 11.7121114731, 46.6406593323, 33.2527008057, 7.48079967499, 9.54038047791, 14.4220399857, 21.2090015411, 12.060883522, 2.97736787796, 6.672768116, 1.75366103649, 2.60633015633, 3.25232172012, 2.73304319382, 1.64832353592, 1.95262527466, 2.2151761055, 2.82831144333, 1.3282995224, 2.80786991119, 4.02037858963, 1.76234602928, 7.15421485901, 3.24909758568, 3.86982941628, 1.95365190506, 1.76178622246, 2.02117180824, 1.26774156094, 0.699775338173, 0.0798630937934, 0.0101616196334, 0.00123288156465, 0.000162294018082, 2.1277459382e-05],
        "dmean2": [0.000146772857988, 0.00275933556259, 0.0625314190984, 0.832224786282, 4.552942276, 19.7583770752, 78.7623138428, 63.9816131592, 14.3902873993, 17.3832530975, 26.8032684326, 41.2516593933, 22.5147953033, 5.86070966721, 12.5353364944, 2.8800137043, 4.89917373657, 6.40973949432, 5.28291797638, 3.20470404625, 3.30501914024, 3.49629640579, 5.13213443756, 2.33729314804, 5.17719459534, 6.89507865906, 3.13471508026, 12.1661701202, 5.38303661346, 6.24641370773, 3.16155600548, 2.60944604874, 3.27731084824, 1.93119812012, 1.14730882645, 0.129064381123, 0.0151815665886, 0.0017585658934, 0.000226754578762, 3.37443234457e-05],
        "dvar": [5.15242248866e-08, 1.43233155541e-05, 0.00690034683794, 1.25640821457, 56.8523597717, 1240.0637207, 17351.65625, 12373.9033203, 393.289367676, 872.100341797, 2428.13867188, 5580.51708984, 1559.59301758, 65.7831268311, 602.980957031, 20.279548645, 43.5564842224, 108.237838745, 69.2057876587, 28.8250617981, 19.8090190887, 14.0020656586, 33.5005111694, 6.62077474594, 34.919178009, 74.5721588135, 12.6811714172, 382.172821045, 95.5617599487, 134.75088501, 24.625831604, 28.2563667297, 31.9123363495, 14.3856563568, 3.5879201889, 0.0281233359128, 0.000696223694831, 1.21770126498e-05, 2.82439401644e-07, 2.12882311779e-09],
        "dvar2": [1.36030934073e-07, 4.05840983149e-05, 0.0197193957865, 3.55981230736, 150.935653687, 2991.81835938, 48998.078125, 27557.7070312, 1005.4375, 2520.61083984, 6894.40673828, 16413.0253906, 4540.69238281, 190.613235474, 1794.07128906, 53.7577362061, 135.225631714, 323.629577637, 201.396469116, 84.8190994263, 52.037273407, 36.4999084473, 97.1908416748, 18.2849178314, 94.9829406738, 135.566772461, 27.12550354, 721.815673828, 179.131500244, 235.445053101, 43.7019844055, 33.3111534119, 51.8434028625, 20.4106426239, 6.61250591278, 0.0492918342352, 0.000950431509409, 1.24264715851e-05, 2.69695533461e-07, 4.83288031816e-09],
        "max": [0.00123673980124, 0.0152487969026, 0.380751609802, 5.65606784821, 44.0600013733, 204.262771606, 647.185974121, 585.443603516, 89.4441986084, 157.132827759, 271.515106201, 393.224029541, 206.686264038, 42.3276748657, 136.082107544, 27.9991092682, 31.4485378265, 54.6761436462, 45.9609870911, 28.117521286, 25.7402706146, 20.5440368652, 30.0732479095, 16.2710075378, 29.4123897552, 51.8884811401, 17.5783634186, 108.848892212, 55.6250839233, 71.2923660278, 31.8829040527, 40.8808441162, 36.2084732056, 26.0798187256, 11.452290535, 1.14408195019, 0.197976261377, 0.0287064798176, 0.00423731468618, 0.000240909910644],
        "mean": [6.68986685923e-05, 0.00101949600503, 0.0240602549165, 0.33054831624, 2.43378806114, 12.7928247452, 35.0359687805, 34.6642112732, 9.43709850311, 7.91048240662, 10.7615270615, 14.9486751556, 8.68473625183, 2.92379879951, 5.94218301773, 2.19488167763, 2.44761157036, 2.52136611938, 2.55237531662, 1.28016555309, 1.90263938904, 2.26128411293, 2.37871742249, 1.38325607777, 2.14873290062, 3.14784789085, 1.36380708218, 5.17593765259, 2.47830939293, 2.98754644394, 1.60545516014, 1.61266982555, 1.55416858196, 1.05143964291, 0.529353141785, 0.0649438500404, 0.00882043968886, 0.00115407153498, 0.000161418065545, 2.11220267374e-05],
        "median": [6.69270775688e-06, 5.14698076586e-05, 0.000999599462375, 0.012216174975, 0.0878404080868, 0.33584022522, 0.35625115037, 0.363408178091, 0.220391318202, 0.327795386314, 0.37209457159, 0.613901674747, 0.542481005192, 0.331223398447, 0.308886289597, 0.195468962193, 0.194627642632, 0.152787581086, 0.165931552649, 0.15513907373, 0.251897931099, 0.426173657179, 0.63143903017, 0.253322154284, 0.367233157158, 0.544149696827, 0.255366057158, 0.481301426888, 0.219620034099, 0.181335836649, 0.165154546499, 0.114864684641, 0.116530418396, 0.0708581805229, 0.0292180553079, 0.00820010434836, 0.000923126935959, 0.000102604426502, 1.86789238796e-05, 3.79007201445e-06],
        "min": [4.41630618297e-07, 4.13507086705e-06, 3.4900229366e-05, 0.000371942354832, 0.00134157272987, 0.00213726283982, 0.00674576405436, 0.00469650048763, 0.00307889096439, 0.00253402977251, 0.00193141819909, 0.00595291052014, 0.00618779612705, 0.00287235365249, 0.00247808545828, 0.00208429293707, 0.00564672565088, 0.00265200342983, 0.000835964397993, 0.0018702945672, 0.00433176290244, 0.004801153671, 0.00398543803021, 0.00267554633319, 0.00372358062305, 0.00458128377795, 0.00460332259536, 0.00285839359276, 0.00242814002559, 0.00128359498922, 0.000667277374305, 0.000473689346109, 0.000285936228465, 0.000253432779573, 0.000150588486576, 3.65695486835e-05, 2.21612226596e-05, 1.47080554598e-05, 5.70298470848e-06, 1.15712271054e-06],
        "var": [3.87481584596e-08, 9.0096191343e-06, 0.00454718107358, 0.873502969742, 49.4688224792, 1325.72241211, 13791.9287109, 13063.7392578, 544.598510742, 610.740356445, 1601.89892578, 3252.05444336, 946.588928223, 55.6371269226, 400.374908447, 24.4440059662, 40.3215141296, 68.5124588013, 53.8357849121, 17.0726337433, 18.8737049103, 17.0457649231, 23.1108779907, 7.74239969254, 24.4443340302, 70.1618041992, 10.2127132416, 320.090515137, 81.4873733521, 125.291404724, 25.6157417297, 34.3130607605, 30.8741264343, 15.1910200119, 3.41933059692, 0.0338824428618, 0.000875701080076, 1.69417053257e-05, 3.52770626932e-07, 2.09484674052e-09]
    },
    "gfcc": {
        "mean": [-162.198165894, 42.3180580139, -124.430107117, 7.42669916153, -93.2117767334, -16.2392215729, -55.4941101074, -7.10226678848, -39.4019432068, -12.3825683594, -18.8888435364, -6.12122058868, -5.77344036102],
        "cov": [[10319.1669922, 465.773620605, -400.557098389, -106.933097839, -371.26965332, 199.50328064, -819.203857422, 297.066314697, -551.845214844, 21.075428009, -121.608283997, -2.43131041527, -62.0074501038], [465.773620605, 4447.18701172, -182.541931152, -1432.70019531, 602.485412598, -852.553466797, -124.701721191, -444.869873047, 68.8333129883, -25.7127761841, 109.677246094, -313.70993042, 97.9246063232], [-400.557098389, -182.541931152, 186.859313965, 73.8225097656, 26.3957767487, 64.6845245361, 33.8499450684, 12.5243310928, -2.5069103241, -9.24743556976, -13.7377443314, 9.81902313232, 2.95739507675], [-106.933097839, -1432.70019531, 73.8225097656, 591.593444824, -143.093276978, 329.277923584, 33.5146522522, 141.020858765, -30.161113739, 4.82437181473, -36.9085197449, 69.4595718384, -42.2671051025], [-371.26965332, 602.485412598, 26.3957767487, -143.093276978, 252.156387329, -70.6536178589, 34.9169082642, -64.3505325317, 38.2273826599, 6.14733219147, 10.1356639862, -54.5171546936, 19.9749279022], [199.50328064, -852.553466797, 64.6845245361, 329.277923584, -70.6536178589, 268.224395752, 12.0277318954, 123.129081726, -35.2563018799, 14.6770448685, -43.9993400574, 47.4079627991, -30.0532302856], [-819.203857422, -124.701721191, 33.8499450684, 33.5146522522, 34.9169082642, 12.0277318954, 113.301513672, -2.67857575417, 51.4212303162, -6.42687416077, 0.771352827549, 1.81884753704, 13.4625825882], [297.066314697, -444.869873047, 12.5243310928, 141.020858765, -64.3505325317, 123.129081726, -2.67857575417, 91.401473999, -18.7516231537, 11.3138847351, -26.7137641907, 30.9460697174, -14.3836755753], [-551.845214844, 68.8333129883, -2.5069103241, -30.161113739, 38.2273826599, -35.2563018799, 51.4212303162, -18.7516231537, 68.3173217773, 5.27543830872, 4.40882062912, -9.67038726807, 12.2457637787], [21.075428009, -25.7127761841, -9.24743556976, 4.82437181473, 6.14733219147, 14.6770448685, -6.42687416077, 11.3138847351, 5.27543830872, 29.847984314, -2.49193120003, 5.13963699341, -0.469819188118], [-121.608283997, 109.677246094, -13.7377443314, -36.9085197449, 10.1356639862, -43.9993400574, 0.771352827549, -26.7137641907, 4.40882062912, -2.49193120003, 38.1687469482, 8.11953544617, 6.48851060867], [-2.43131041527, -313.70993042, 9.81902313232, 69.4595718384, -54.5171546936, 47.4079627991, 1.81884753704, 30.9460697174, -9.67038726807, 5.13963699341, 8.11953544617, 53.9640617371, -1.31119036674], [-62.0074501038, 97.9246063232, 2.95739507675, -42.2671051025, 19.9749279022, -30.0532302856, 13.4625825882, -14.3836755753, 12.2457637787, -0.469819188118, 6.48851060867, -1.31119036674, 24.5798053741]],
        "icov": [[0.000522913120221, -0.000230962890782, 0.000824640272185, -7.43093332858e-05, 3.96451068809e-05, -0.000234438630287, 0.00267408881336, -0.00230189645663, 0.00198417459615, 0.000899359758478, 0.000784648465924, 0.000198719586479, -0.0022860809695], [-0.000230962890782, 0.00401559192687, -0.000145239042467, 0.0067854099907, -0.00306174345315, -0.000588817114476, 0.00179750227835, 0.00296259019524, -8.30364806461e-05, 0.000266304734396, -0.00590544799343, 0.011134727858, -0.000178279238753], [0.000824640272185, -0.000145239042467, 0.00831780489534, 0.000370911613572, -0.00130735675339, -0.00315526942722, 0.00289274030365, -0.000705798214767, 0.00425718445331, 0.00421137362719, 0.00356861110777, -0.00134965684265, -0.00555135728791], [-7.43093332858e-05, 0.0067854099907, 0.000370911613572, 0.0185865964741, -0.00291872490197, -0.0112466095015, 0.00408457126468, 0.00644450634718, -0.00127537478693, 0.00324584753253, -0.0133110843599, 0.0200178213418, 0.000130541448016], [3.96451068809e-05, -0.00306174345315, -0.00130735675339, -0.00291872490197, 0.00996004976332, -0.00415619788691, -0.00349248270504, 0.00280886515975, -0.00198079436086, -0.00372492009774, 0.000859590596519, -0.00175014196429, -0.0015877308324], [-0.000234438630287, -0.000588817114476, -0.00315526942722, -0.0112466095015, -0.00415619788691, 0.0285243783146, -0.00447494303808, -0.0171234626323, 0.00690238270909, -0.00616311049089, 0.0101968310773, -0.00721475901082, 0.00684566935524], [0.00267408881336, 0.00179750227835, 0.00289274030365, 0.00408457126468, -0.00349248270504, -0.00447494303808, 0.0336600057781, -0.0101254777983, -0.00334395188838, 0.0127891320735, -0.000995474285446, 0.00775271700695, -0.0181471183896], [-0.00230189645663, 0.00296259019524, -0.000705798214767, 0.00644450634718, 0.00280886515975, -0.0171234626323, -0.0101254777983, 0.0509124547243, -0.00934949051589, -0.00787616800517, 0.00534312427044, -0.00354252289981, 0.00858473964036], [0.00198417459615, -8.30364806461e-05, 0.00425718445331, -0.00127537478693, -0.00198079436086, 0.00690238270909, -0.00334395188838, -0.00934949051589, 0.0377921238542, -0.00729350466281, 0.00497410260141, 0.00433409586549, -0.0110090412199], [0.000899359758478, 0.000266304734396, 0.00421137362719, 0.00324584753253, -0.00372492009774, -0.00616311049089, 0.0127891320735, -0.00787616800517, -0.00729350466281, 0.0452334992588, 0.000346576736774, -0.00342238461599, -0.00561527302489], [0.000784648465924, -0.00590544799343, 0.00356861110777, -0.0133110843599, 0.000859590596519, 0.0101968310773, -0.000995474285446, 0.00534312427044, 0.00497410260141, 0.000346576736774, 0.0569296181202, -0.0366828106344, -0.00182811263949], [0.000198719586479, 0.011134727858, -0.00134965684265, 0.0200178213418, -0.00175014196429, -0.00721475901082, 0.00775271700695, -0.00354252289981, 0.00433409586549, -0.00342238461599, -0.0366828106344, 0.0704253688455, -0.0117768701166], [-0.0022860809695, -0.000178279238753, -0.00555135728791, 0.000130541448016, -0.0015877308324, 0.00684566935524, -0.0181471183896, 0.00858473964036, -0.0110090412199, -0.00561527302489, -0.00182811263949, -0.0117768701166, 0.0663744658232]]
    },
    "melbands": {
        "dmean": [7.69588211824e-07, 1.05639173853e-05, 0.000124593338114, 0.000434793444583, 0.00139544671401, 0.000777992769144, 9.52649861574e-05, 0.000107485328044, 0.000125204693177, 0.000137709008413, 5.70557931496e-05, 9.99398434942e-06, 2.25036746997e-05, 8.82916720002e-06, 4.93097240906e-06, 4.91824175697e-06, 6.84646329319e-06, 4.2678329919e-06, 3.90938521377e-06, 1.50519099407e-06, 2.50367656918e-06, 2.11364363167e-06, 2.79167852568e-06, 2.12145482692e-06, 9.23216475712e-07, 1.43206534631e-06, 3.01605882669e-06, 2.55911641034e-06, 8.14313466435e-07, 1.72570639734e-06, 5.30213856109e-06, 2.07149810194e-06, 1.07123037196e-06, 2.73254681815e-06, 1.10909650175e-06, 1.08453934899e-06, 9.3199918183e-07, 1.23623647141e-06, 1.58432351327e-06, 9.87951693787e-07],
        "dmean2": [1.40710847063e-06, 1.9615274141e-05, 0.000224979041377, 0.000741712225135, 0.00229866895825, 0.00149596470874, 0.000183181793545, 0.000198026013095, 0.000237052954617, 0.000267913041171, 0.000106399449578, 1.90649498109e-05, 4.21918739448e-05, 1.68855822267e-05, 9.08246238396e-06, 8.93964624993e-06, 1.32814584504e-05, 8.11378868093e-06, 7.65752702137e-06, 2.80870381175e-06, 4.20887135988e-06, 3.49288939105e-06, 4.98061854159e-06, 3.93371101381e-06, 1.56588805567e-06, 2.6858219826e-06, 5.42910765944e-06, 4.35038873547e-06, 1.47699233821e-06, 3.02691319121e-06, 8.93167180038e-06, 3.38073664352e-06, 1.83431893674e-06, 4.35658103015e-06, 1.80489041668e-06, 1.68208725881e-06, 1.37089773489e-06, 2.05800665753e-06, 2.48435276262e-06, 1.47760113123e-06],
        "dvar": [4.24187030987e-12, 6.7903793699e-10, 1.01463932367e-07, 1.80030997399e-06, 1.55820380314e-05, 6.39617655906e-06, 6.50479137221e-08, 1.2159334517e-07, 1.89973746956e-07, 2.30845358828e-07, 3.38208714368e-08, 7.86688214571e-10, 6.16721518298e-09, 9.48656153632e-10, 1.26908344944e-10, 1.41212194715e-10, 4.76593819965e-10, 1.46813589064e-10, 1.89649893012e-10, 1.68662878802e-11, 3.09130047949e-11, 1.21986821686e-11, 2.91036899441e-11, 1.62460600528e-11, 4.24710006747e-12, 1.19353520123e-11, 3.63526396485e-11, 3.29567623192e-11, 2.53909111618e-12, 1.41295516953e-11, 2.31128449713e-10, 4.23929814863e-11, 8.16055209518e-12, 7.23493487342e-11, 8.11731931671e-12, 8.69798417319e-12, 7.51589849385e-12, 1.05437247475e-11, 2.24416856626e-11, 9.50806187255e-12],
        "dvar2": [1.15492823638e-11, 1.93208471444e-09, 2.86770472258e-07, 4.14717715103e-06, 4.37524322479e-05, 1.47180617205e-05, 1.64142875292e-07, 3.50651930603e-07, 5.43809960618e-07, 6.78765843531e-07, 9.82971570807e-08, 2.35427544126e-09, 1.83138268994e-08, 2.71471001234e-09, 4.09748651675e-10, 4.300140799e-10, 1.44177281225e-09, 4.25198126708e-10, 5.61489965634e-10, 4.8926890317e-11, 7.84897424833e-11, 3.05338219986e-11, 7.64221602667e-11, 4.69809052772e-11, 1.15938847065e-11, 3.50296319729e-11, 8.2381046429e-11, 6.09858136214e-11, 6.26978980886e-12, 2.88613629523e-11, 4.28110796813e-10, 7.66229441007e-11, 1.62637178031e-11, 1.25688098818e-10, 1.57548418755e-11, 1.16180398635e-11, 8.86393129035e-12, 1.80649054743e-11, 3.63456660601e-11, 1.25300776699e-11],
        "max": [1.10357614176e-05, 0.000113639194751, 0.00165988015942, 0.0078644733876, 0.0202957764268, 0.013382663019, 0.00118406047113, 0.00184750300832, 0.00239597936161, 0.00251385592856, 0.000959687109571, 0.000162995725987, 0.000424629048212, 0.000183647294762, 5.6575940107e-05, 5.61270207982e-05, 0.000112269866804, 6.34547395748e-05, 7.40604664315e-05, 1.91271683434e-05, 3.27507441398e-05, 1.82351686817e-05, 2.69274223683e-05, 2.0224317268e-05, 1.41299951792e-05, 1.53058208525e-05, 2.72246434179e-05, 3.43391729984e-05, 6.90152000971e-06, 1.95645243366e-05, 8.58375715325e-05, 3.81917743653e-05, 1.54314766405e-05, 5.26380208612e-05, 1.7335276425e-05, 2.13877283386e-05, 2.1626434318e-05, 2.01447692234e-05, 3.05760077026e-05, 2.16437929339e-05],
        "mean": [5.4690599427e-07, 7.47070680518e-06, 9.1452486231e-05, 0.000492235412821, 0.00110469001811, 0.000804198731203, 0.000128100800794, 8.63548120833e-05, 9.25519489101e-05, 9.59730459726e-05, 4.08275554946e-05, 9.66666266322e-06, 1.97358804144e-05, 9.8341042758e-06, 5.16505679116e-06, 4.38892629973e-06, 4.93767902299e-06, 4.02440764447e-06, 2.89347940452e-06, 1.25125313843e-06, 2.52143354373e-06, 2.33829996432e-06, 2.34828712564e-06, 1.74616388904e-06, 1.02294768567e-06, 1.19958144751e-06, 2.15677823689e-06, 2.04075990951e-06, 6.49003766284e-07, 1.23892891679e-06, 3.85341627407e-06, 1.61410309829e-06, 7.82954259648e-07, 2.13000475924e-06, 9.08795868781e-07, 9.3150254088e-07, 8.81637902239e-07, 9.31020110784e-07, 1.25222300085e-06, 8.31585168726e-07],
        "median": [7.12594641072e-08, 3.37035544362e-07, 3.72704721485e-06, 1.06718016468e-05, 1.63157437783e-05, 9.00796749193e-06, 3.36499715559e-06, 3.26556460095e-06, 3.32904369316e-06, 4.33508967035e-06, 2.65517428488e-06, 1.15214811558e-06, 1.02987598893e-06, 5.82711606967e-07, 4.77811568089e-07, 4.10572909004e-07, 2.65452143822e-07, 3.10605258846e-07, 2.1081736179e-07, 1.96847423695e-07, 2.9242565347e-07, 3.53643883955e-07, 5.14939358709e-07, 4.16080922605e-07, 1.70196969407e-07, 2.09518105976e-07, 2.91916848028e-07, 3.13358356152e-07, 1.50323430148e-07, 2.14100992935e-07, 2.47672858222e-07, 1.0809210238e-07, 1.04758356656e-07, 8.73730741091e-08, 9.06496566699e-08, 8.9061884978e-08, 6.98120317111e-08, 7.22252480045e-08, 6.49116458362e-08, 5.64687496762e-08],
        "min": [5.71484459755e-09, 5.78565018117e-09, 8.0404142011e-08, 2.36644240204e-07, 2.1297614694e-07, 1.18125186077e-07, 4.55334649985e-08, 1.70749192563e-08, 1.81787100928e-08, 3.72919721769e-08, 3.03157534631e-08, 1.21235324002e-08, 7.11973546785e-09, 3.57529961192e-09, 7.11540293352e-09, 1.12153468734e-08, 3.71415986855e-09, 1.13133991064e-09, 1.36940025985e-09, 3.65213370657e-09, 5.15631537468e-09, 4.42736514117e-09, 5.89844217913e-09, 1.98135197138e-09, 2.20478568735e-09, 1.86228454879e-09, 3.53871310033e-09, 2.75401523808e-09, 2.97292634954e-09, 2.7283983961e-09, 1.04463360184e-09, 1.45192080581e-09, 9.30265475763e-10, 6.54358733865e-10, 3.65852154127e-10, 3.00994562608e-10, 2.97721791664e-10, 2.10996373151e-10, 1.91721319376e-10, 2.09306738608e-10],
        "var": [2.95478420377e-12, 4.46809533816e-10, 7.12480527909e-08, 1.93366099666e-06, 1.29436557472e-05, 6.73078329783e-06, 9.49651663973e-08, 8.09648028621e-08, 1.22001480918e-07, 1.34444150035e-07, 2.06653734125e-08, 6.48712861206e-10, 4.09223233078e-09, 7.98064614393e-10, 1.43014142195e-10, 1.28081323325e-10, 2.89118728958e-10, 1.26417556978e-10, 1.10346697058e-10, 1.08250934258e-11, 3.28715388243e-11, 1.82472231769e-11, 2.24418886252e-11, 1.10930179972e-11, 5.4311490201e-12, 8.81103176531e-12, 2.80931337221e-11, 3.1054166183e-11, 1.8388179434e-12, 1.15949611024e-11, 1.94609647841e-10, 3.70769630276e-11, 6.7070446419e-12, 6.8034924916e-11, 8.18863032936e-12, 9.75292936689e-12, 9.70628265262e-12, 9.90166195564e-12, 2.22241339914e-11, 1.00767371877e-11]
    },
    "mfcc": {
        "mean": [-802.157165527, 83.2604675293, 2.37756681442, 4.82439661026, -20.7545337677, -22.1434497833, -14.7832841873, -14.448923111, -14.8464622498, -17.3320159912, -14.776922226, -8.31788635254, -13.9525928497],
        "cov": [[10442.8134766, 147.960479736, -255.519760132, -359.474090576, 128.329956055, -394.016845703, -101.824295044, -206.81652832, -300.949279785, -187.591796875, -255.122070312, -184.21685791, -90.1006546021], [147.960479736, 4867.35742188, -822.916381836, -309.499176025, 41.4458198547, -432.570556641, -244.574264526, -617.730957031, -270.813659668, 72.4150543213, -208.191452026, -278.766693115, -19.6832866669], [-255.519760132, -822.916381836, 298.193786621, 42.5555534363, -1.16765356064, 80.6683807373, 58.0491981506, 124.350608826, 53.7025260925, -5.7091217041, 40.2635574341, 36.8089790344, -13.1486206055], [-359.474090576, -309.499176025, 42.5555534363, 107.365692139, 33.2446174622, 70.0169754028, 37.7977333069, 39.9743614197, 22.0005588531, 11.8672628403, 8.18325996399, 24.5230960846, 8.57706928253], [128.329956055, 41.4458198547, -1.16765356064, 33.2446174622, 123.347747803, 53.2447891235, 35.8397254944, 6.26901197433, 16.3197002411, 31.0201854706, -15.3339757919, 0.126353994012, 6.68062448502], [-394.016845703, -432.570556641, 80.6683807373, 70.0169754028, 53.2447891235, 119.16431427, 62.6988296509, 73.9735717773, 57.6942329407, 20.3853549957, 20.0026359558, 38.8422851562, 11.2008018494], [-101.824295044, -244.574264526, 58.0491981506, 37.7977333069, 35.8397254944, 62.6988296509, 74.8078231812, 56.0775718689, 30.1096019745, 13.9640979767, 5.71190500259, 19.7256546021, 2.51096653938], [-206.81652832, -617.730957031, 124.350608826, 39.9743614197, 6.26901197433, 73.9735717773, 56.0775718689, 117.901847839, 53.1888046265, 4.11365461349, 35.4689025879, 42.9569091797, -2.34225988388], [-300.949279785, -270.813659668, 53.7025260925, 22.0005588531, 16.3197002411, 57.6942329407, 30.1096019745, 53.1888046265, 86.1095046997, 32.0029754639, 17.1312580109, 27.9399261475, 7.47861337662], [-187.591796875, 72.4150543213, -5.7091217041, 11.8672628403, 31.0201854706, 20.3853549957, 13.9640979767, 4.11365461349, 32.0029754639, 50.0505065918, 3.1978225708, 2.0898194313, 4.32855510712], [-255.122070312, -208.191452026, 40.2635574341, 8.18325996399, -15.3339757919, 20.0026359558, 5.71190500259, 35.4689025879, 17.1312580109, 3.1978225708, 32.1179542542, 22.0050926208, 2.25172042847], [-184.21685791, -278.766693115, 36.8089790344, 24.5230960846, 0.126353994012, 38.8422851562, 19.7256546021, 42.9569091797, 27.9399261475, 2.0898194313, 22.0050926208, 38.7278938293, 8.09977340698], [-90.1006546021, -19.6832866669, -13.1486206055, 8.57706928253, 6.68062448502, 11.2008018494, 2.51096653938, -2.34225988388, 7.47861337662, 4.32855510712, 2.25172042847, 8.09977340698, 25.4826717377]],
