{
"lowlevel": {
    "average_loudness": 0.984717607498,
    "barkbands_crest": {
        "dmean": 2.89077138901,
        "dmean2": 4.72633123398,
        "dvar": 4.08137083054,
        "dvar2": 10.1684122086,
        "max": 20.5282764435,
        "mean": 11.7965049744,
        "median": 11.2070102692,
        "min": 3.77920985222,
        "var": 14.9541378021
    },
    "barkbands_flatness_db": {
        "dmean": 0.0377828702331,
        "dmean2": 0.0587130784988,
        "dvar": 0.00116764893755,
        "dvar2": 0.00263156928122,
        "max": 0.393820881844,
        "mean": 0.245267808437,
        "median": 0.249304294586,
        "min": 0.0883342474699,
        "var": 0.00366425490938
    },
    "barkbands_kurtosis": {
        "dmean": 4.93079137802,
        "dmean2": 8.20405864716,
        "dvar": 49.9682006836,
        "dvar2": 100.878883362,
        "max": 45.9787025452,
        "mean": 6.70944595337,
        "median": 4.86519622803,
        "min": -1.63961219788,
        "var": 72.5539398193
    },
    "barkbands_skewness": {
        "dmean": 0.766388893127,
        "dmean2": 1.22895872593,
        "dvar": 0.547451376915,
        "dvar2": 1.14729094505,
        "max": 5.87416696548,
        "mean": 1.7036024332,
        "median": 1.45827698708,
        "min": -0.535397291183,
        "var": 1.17357230186
    },
    "barkbands_spread": {
        "dmean": 3.09397888184,
        "dmean2": 5.4269862175,
        "dvar": 65.9613494873,
        "dvar2": 121.112449646,
        "max": 63.7070617676,
        "mean": 6.31355381012,
        "median": 4.48536634445,
        "min": 1.8111178875,
        "var": 76.7589416504
    },
    "dissonance": {
        "dmean": 0.031023459509,
        "dmean2": 0.0512550026178,
        "dvar": 0.00110172934365,
        "dvar2": 0.00261143478565,
        "max": 0.5,
        "mean": 0.450567394495,
        "median": 0.45611050725,
        "min": 0.264948278666,
        "var": 0.00174032070208
    },
    "dynamic_complexity": 6.85054922104,
    "erbbands_crest": {
        "dmean": 3.5947804451,
        "dmean2": 5.9567527771,
        "dvar": 8.63966846466,
        "dvar2": 21.5321426392,
        "max": 21.870891571,
        "mean": 11.3957548141,
        "median": 11.0669078827,
        "min": 4.87407064438,
        "var": 17.4499721527
    },
    "erbbands_flatness_db": {
        "dmean": 0.0360837578773,
        "dmean2": 0.0542086586356,
        "dvar": 0.0011851991294,
        "dvar2": 0.00235544680618,
        "max": 0.413133352995,
        "mean": 0.293803334236,
        "median": 0.304046660662,
        "min": 0.126141771674,
        "var": 0.00315422471613
    },
    "erbbands_kurtosis": {
        "dmean": 2.25873422623,
        "dmean2": 3.65764188766,
        "dvar": 16.0199108124,
        "dvar2": 30.9713745117,
        "max": 37.8509254456,
        "mean": 2.4767935276,
        "median": 0.952784538269,
        "min": -1.62876844406,
        "var": 25.4370441437
    },
    "erbbands_skewness": {
        "dmean": 0.545281529427,
        "dmean2": 0.849159657955,
        "dvar": 0.235097333789,
        "dvar2": 0.455982118845,
        "max": 3.79000043869,
        "mean": 0.976255118847,
        "median": 0.997892439365,
        "min": -0.463420450687,
        "var": 0.55548542738
    },
    "erbbands_spread": {
        "dmean": 5.21431398392,
        "dmean2": 8.53405189514,
        "dvar": 128.21546936,
        "dvar2": 235.458023071,
        "max": 91.8686447144,
        "mean": 13.8734703064,
        "median": 10.6111001968,
        "min": 2.58021974564,
        "var": 175.95765686
    },
    "hfc": {
        "dmean": 5.25114440918,
        "dmean2": 7.69383811951,
        "dvar": 152.83416748,
        "dvar2": 362.593719482,
        "max": 81.9126434326,
        "mean": 6.57316589355,
        "median": 1.85348021984,
        "min": 0.00864888913929,
        "var": 178.767440796
    },
    "melbands_crest": {
        "dmean": 3.76355314255,
        "dmean2": 6.21965169907,
        "dvar": 8.24092674255,
        "dvar2": 22.5141620636,
        "max": 30.7920303345,
        "mean": 14.7223548889,
        "median": 14.5667161942,
        "min": 5.84477567673,
        "var": 25.7506752014
    },
    "melbands_flatness_db": {
        "dmean": 0.0414133071899,
        "dmean2": 0.064131975174,
        "dvar": 0.00172553805169,
        "dvar2": 0.00359360734001,
        "max": 0.483155190945,
        "mean": 0.308661460876,
        "median": 0.316772341728,
        "min": 0.080692730844,
        "var": 0.00558512890711
    },
    "melbands_kurtosis": {
        "dmean": 5.59077358246,
        "dmean2": 8.98117828369,
        "dvar": 76.5820999146,
        "dvar2": 173.59866333,
        "max": 65.2378997803,
        "mean": 7.84542608261,
        "median": 4.28279256821,
        "min": -0.00471377372742,
        "var": 98.0533752441
    },
    "melbands_skewness": {
        "dmean": 0.69388127327,
        "dmean2": 1.14250230789,
        "dvar": 0.63117402792,
        "dvar2": 1.28874826431,
        "max": 6.23070907593,
        "mean": 1.73327028751,
        "median": 1.47002446651,
        "min": -0.21175532043,
        "var": 1.54934740067
    },
    "melbands_spread": {
        "dmean": 4.5794801712,
        "dmean2": 7.2934794426,
        "dvar": 130.979995728,
        "dvar2": 274.717773438,
        "max": 99.8809509277,
        "mean": 8.85438728333,
        "median": 6.4647102356,
        "min": 2.02327060699,
        "var": 137.209320068
    },
    "pitch_salience": {
        "dmean": 0.0936069265008,
        "dmean2": 0.158335074782,
        "dvar": 0.00628411350772,
        "dvar2": 0.0162431970239,
        "max": 0.887400388718,
        "mean": 0.643191635609,
        "median": 0.665271282196,
        "min": 0.291205376387,
        "var": 0.0141781950369
    },
    "silence_rate_20dB": {
        "dmean": 0,
        "dmean2": 0,
        "dvar": 0,
        "dvar2": 0,
        "max": 1,
        "mean": 1,
        "median": 1,
        "min": 1,
        "var": 0
    },
    "silence_rate_30dB": {
        "dmean": 0.0222222227603,
        "dmean2": 0.0449438206851,
        "dvar": 0.0217284113169,
        "dvar2": 0.0429238565266,
        "max": 1,
        "mean": 0.978021979332,
        "median": 1,
        "min": 0,
        "var": 0.0214949902147
    },
    "silence_rate_60dB": {
        "dmean": 0.122222222388,
        "dmean2": 0.247191011906,
        "dvar": 0.107284002006,
        "dvar2": 0.186087697744,
        "max": 1,
        "mean": 0.494505494833,
        "median": 0,
        "min": 0,
        "var": 0.249969854951
    },
    "spectral_centroid": {
        "dmean": 121.474014282,
        "dmean2": 196.982910156,
        "dvar": 64907.8164062,
        "dvar2": 120265.3125,
        "max": 2691.73950195,
        "mean": 701.805847168,
        "median": 546.24810791,
        "min": 316.431762695,
        "var": 139843.765625
    },
    "spectral_complexity": {
        "dmean": 3.22222232819,
        "dmean2": 4.82022476196,
        "dvar": 21.3506145477,
        "dvar2": 40.4845428467,
        "max": 33,
        "mean": 8.59340667725,
        "median": 7,
        "min": 0,
        "var": 54.0654678345
    },
    "spectral_decrease": {
        "dmean": 3.10691827821e-09,
        "dmean2": 4.87612350497e-09,
        "dvar": 7.40505054549e-17,
        "dvar2": 1.6993456891e-16,
        "max": -1.2601779429e-12,
        "mean": -3.63414942584e-09,
        "median": -7.44750316972e-10,
        "min": -6.39536210656e-08,
        "var": 8.33933979772e-17
    },
    "spectral_energy": {
        "dmean": 0.0121986074373,
        "dmean2": 0.0190878026187,
        "dvar": 0.00112525071017,
        "dvar2": 0.00258447858505,
        "max": 0.248805493116,
        "mean": 0.0143122905865,
        "median": 0.00302629941143,
        "min": 5.54068810743e-06,
        "var": 0.00126901944168
    },
    "spectral_energyband_high": {
        "dmean": 3.23549720633e-05,
        "dmean2": 5.63448957109e-05,
        "dvar": 1.10465530057e-08,
        "dvar2": 3.05243332832e-08,
        "max": 0.000781565031502,
        "mean": 2.49786644417e-05,
        "median": 9.59430281e-07,
        "min": 5.64244047041e-08,
        "var": 8.55094395291e-09
    },
    "spectral_energyband_low": {
        "dmean": 7.09948217263e-05,
        "dmean2": 8.19789929665e-05,
        "dvar": 5.03304917743e-08,
        "dvar2": 6.02611009981e-08,
        "max": 0.00256535364315,
        "mean": 0.000125124686747,
        "median": 1.26207828544e-06,
        "min": 2.23156391144e-08,
        "var": 1.65894391557e-07
    },
    "spectral_energyband_middle_high": {
        "dmean": 0.00104355905205,
        "dmean2": 0.00148997141514,
        "dvar": 6.20522041572e-06,
        "dvar2": 1.46351367221e-05,
        "max": 0.0196570940316,
        "mean": 0.0015322387917,
        "median": 0.000360576203093,
        "min": 2.52342852036e-06,
        "var": 8.25440565677e-06
    },
    "spectral_energyband_middle_low": {
        "dmean": 0.0112809631974,
        "dmean2": 0.0181522071362,
        "dvar": 0.00105946033727,
        "dvar2": 0.00242873164825,
        "max": 0.243294715881,
        "mean": 0.0128432018682,
        "median": 0.00201974250376,
        "min": 2.60678166342e-06,
        "var": 0.00117633223999
    },
    "spectral_entropy": {
        "dmean": 0.30597692728,
        "dmean2": 0.463333725929,
        "dvar": 0.129545465112,
        "dvar2": 0.228810623288,
        "max": 8.70291137695,
        "mean": 6.76571035385,
        "median": 6.71985816956,
        "min": 5.46482181549,
        "var": 0.3469401896
    },
    "spectral_flux": {
        "dmean": 0.0329741835594,
        "dmean2": 0.0526842735708,
        "dvar": 0.00434216391295,
        "dvar2": 0.0118874162436,
        "max": 0.460120081902,
        "mean": 0.0582175143063,
        "median": 0.0371528752148,
        "min": 0.00198763934895,
        "var": 0.00491227768362
    },
    "spectral_kurtosis": {
        "dmean": 13.4388437271,
        "dmean2": 22.9261703491,
        "dvar": 244.890228271,
        "dvar2": 711.282348633,
        "max": 118.729545593,
        "mean": 26.5653324127,
        "median": 22.57097435,
        "min": -0.499616384506,
        "var": 387.415435791
    },
    "spectral_rms": {
        "dmean": 0.00107630551793,
        "dmean2": 0.00153292599134,
        "dvar": 4.0425898078e-06,
        "dvar2": 8.84733526618e-06,
        "max": 0.0155800208449,
        "mean": 0.00254397187382,
        "median": 0.00171828025486,
        "min": 7.35224384698e-05,
        "var": 7.49141599954e-06
    },
    "spectral_rolloff": {
        "dmean": 350.2734375,
        "dmean2": 607.042724609,
        "dvar": 1851303.875,
        "dvar2": 3701094,
        "max": 10917.3339844,
        "mean": 1026.73193359,
        "median": 796.728515625,
        "min": 301.46484375,
        "var": 1885102.375
    },
    "spectral_skewness": {
        "dmean": 0.8996296525,
        "dmean2": 1.50676047802,
        "dvar": 0.883098959923,
        "dvar2": 2.21513819695,
        "max": 8.59739398956,
        "mean": 3.62149524689,
        "median": 3.58822751045,
        "min": 0.69244068861,
        "var": 1.95841193199
    },
    "spectral_spread": {
        "dmean": 1028368,
        "dmean2": 1313782.875,
        "dvar": 5.31528679424e+12,
        "dvar2": 4.56312225792e+12,
        "max": 28038786,
        "mean": 2695345,
        "median": 1844316.75,
        "min": 922826.4375,
        "var": 1.08531726418e+13
    },
    "spectral_strongpeak": {
        "dmean": 0.332871615887,
        "dmean2": 0.53008544445,
        "dvar": 0.165439918637,
        "dvar2": 0.383444100618,
        "max": 2.48324751854,
        "mean": 0.579899311066,
        "median": 0.366686046124,
        "min": 0.00820642244071,
        "var": 0.299721240997
    },
    "zerocrossingrate": {
        "dmean": 0.00548502616584,
        "dmean2": 0.0073077599518,
        "dvar": 8.33831436466e-05,
        "dvar2": 0.000119677788462,
        "max": 0.11083984375,
        "mean": 0.0349738150835,
        "median": 0.03076171875,
        "min": 0.00390625,
        "var": 0.000355079449946
    },
    "barkbands": {
        "dmean": [7.60643501962e-07, 8.33107435483e-07, 2.1555888452e-05, 7.44642093196e-05, 0.00393044762313, 0.00617908034474, 0.000569775060285, 0.000405738916015, 0.000743673415855, 0.000380973680876, 0.00016395165585, 0.00020197062986, 0.000210189493373, 0.000168649101397, 7.83296636655e-05, 8.10609126347e-05, 2.65657763521e-05, 2.56456714851e-05, 2.75281017821e-05, 1.66321387951e-05, 8.85092231329e-06, 2.69793599728e-06, 3.64801189789e-06, 5.70662041355e-06, 4.56146199213e-06, 7.69913299337e-07, 2.89154030497e-07],
        "dmean2": [1.14127317374e-06, 1.17329784644e-06, 2.58748441411e-05, 0.000104522980109, 0.00666966801509, 0.0103466166183, 0.000983899808489, 0.000735036330298, 0.00130767258815, 0.000607166613918, 0.000271546770819, 0.000332582363626, 0.0003530033282, 0.000255425693467, 0.000129234889755, 0.000130428845296, 4.59001494164e-05, 3.98457159463e-05, 4.96410575579e-05, 2.98065715469e-05, 1.6390285964e-05, 4.74681974083e-06, 6.72923079037e-06, 1.10168411993e-05, 8.26055565994e-06, 1.41489169891e-06, 5.60324792787e-07],
        "dvar": [6.78064202009e-12, 1.8205881247e-11, 4.52327109102e-09, 3.81818026085e-08, 0.000214753759792, 0.000320404011291, 1.86855777429e-06, 7.69729808781e-07, 3.08655057779e-06, 3.94964075667e-07, 8.46055243642e-08, 1.25051414557e-07, 4.6290367095e-07, 1.9579390198e-07, 3.30002407622e-08, 7.42604839843e-08, 4.98550711825e-09, 4.94392926598e-09, 8.11552869351e-09, 2.01951566581e-09, 1.08497755225e-09, 9.86703080352e-11, 1.61065896731e-10, 4.41051001276e-10, 3.005542204e-10, 6.19348712941e-12, 1.77201027289e-12],
        "dvar2": [7.92525940707e-12, 1.9362907111e-11, 5.00413888105e-09, 5.66900375532e-08, 0.000426660000812, 0.000809037359431, 4.94153755426e-06, 2.20055426325e-06, 8.37658990349e-06, 9.1555648396e-07, 1.68106112142e-07, 2.8413222708e-07, 1.22174753869e-06, 4.36195222164e-07, 7.91272469769e-08, 1.99743553253e-07, 1.30209034666e-08, 1.17596012927e-08, 2.28630518961e-08, 5.54994628033e-09, 3.18606074856e-09, 2.85689222279e-10, 4.59114468665e-10, 1.25844357157e-09, 6.13601058852e-10, 1.44252327097e-11, 5.22712992682e-12],
        "max": [2.4805583962e-05, 4.03835438192e-05, 0.000748784979805, 0.0021044134628, 0.119228705764, 0.117866955698, 0.0103519735858, 0.00533632747829, 0.0107149109244, 0.00486755883321, 0.00200011674315, 0.00201593060046, 0.00534600764513, 0.00319839036092, 0.00119501631707, 0.0020878855139, 0.000421024276875, 0.000492054445203, 0.000596199475694, 0.000196712629986, 0.000221328635234, 7.32626722311e-05, 8.88014255906e-05, 0.000160325449542, 0.000123332662042, 1.39663034133e-05, 9.20072488952e-06],
        "mean": [7.3205416129e-07, 7.35665935281e-07, 3.73676375602e-05, 0.000128277839394, 0.00483250431716, 0.00567203760147, 0.000614932796452, 0.000477793772006, 0.000828566146083, 0.000500823545735, 0.000265203532763, 0.000274374964647, 0.000225862881052, 0.000192235907889, 8.36217222968e-05, 7.49555256334e-05, 2.65877351922e-05, 2.34000472119e-05, 2.01468883461e-05, 1.20939539556e-05, 5.92563947066e-06, 1.9969618279e-06, 2.65176049652e-06, 4.70636268801e-06, 3.94285507355e-06, 6.3040022269e-07, 1.96461414248e-07],
        "median": [2.13228332768e-07, 5.86201487351e-08, 2.90071454856e-07, 1.4320835362e-06, 0.000356672448106, 0.000407391809858, 0.000210645303014, 7.36268848414e-05, 0.000258283369476, 0.000180922492291, 7.66975645092e-05, 6.76712152199e-05, 3.20473300235e-05, 1.74316264747e-05, 8.11437257653e-06, 4.79808022646e-06, 2.92647814604e-06, 1.71284477801e-06, 1.21243806461e-06, 6.66091409585e-07, 3.12187353302e-07, 1.15585216065e-07, 8.38311819962e-08, 9.84790275993e-08, 5.38687245921e-08, 1.5714606505e-08, 4.35120028897e-08],
        "min": [5.22293319705e-09, 5.15093079301e-09, 1.35603961393e-09, 1.25701327125e-09, 1.60724678011e-08, 7.02453419876e-08, 7.3944278256e-08, 4.00149851032e-08, 1.00531826774e-06, 1.13454416351e-06, 8.1122618667e-07, 2.93546690955e-07, 5.49591447907e-08, 4.52908182069e-08, 1.68621241414e-08, 1.08938653653e-08, 6.43275566148e-09, 4.02971966906e-09, 6.04890360023e-09, 3.07414627088e-09, 3.25171800597e-09, 8.3079498836e-10, 1.1724049509e-09, 1.51796453185e-09, 1.76922654305e-09, 3.84437992551e-09, 3.23602087349e-08],
        "var": [6.87937120464e-12, 1.79272967998e-11, 1.48532226518e-08, 1.25863110156e-07, 0.000297574180877, 0.000283441448119, 1.63166680522e-06, 1.00096190181e-06, 3.02674084196e-06, 6.54280313483e-07, 1.83842004731e-07, 1.810336272e-07, 3.87115079548e-07, 2.22500275981e-07, 3.78875490981e-08, 6.01340133244e-08, 4.40331771046e-09, 4.76172434816e-09, 5.10607556237e-09, 1.38210864975e-09, 6.26485863187e-10, 6.54529763722e-11, 1.13023514159e-10, 3.98306998495e-10, 3.23053528373e-10, 5.74981512055e-12, 9.5391977737e-13]
    },
    "erbbands": {
        "dmean": [3.54240000888e-05, 0.000432358356193, 0.0157550275326, 0.204323917627, 1.99605190754, 14.1255369186, 59.7127075195, 34.4177932739, 12.4085378647, 8.20659828186, 8.95529651642, 14.3038330078, 20.1132411957, 5.76921463013, 6.93848133087, 8.52781772614, 9.65573692322, 9.0133934021, 4.80616283417, 3.19975614548, 4.26300621033, 1.79801249504, 1.3496915102, 1.6200979948, 1.11183178425, 0.848180294037, 0.416699439287, 0.272345215082, 0.128468513489, 0.0812228471041, 0.105226762593, 0.125896140933, 0.0967523753643, 0.055090598762, 0.0314659737051, 0.00706080999225, 0.00071026920341, 0.000286991271423, 5.42407033208e-05, 1.42102762766e-05],
        "dmean2": [4.21071345045e-05, 0.000548776239157, 0.0185931846499, 0.234553650022, 3.26336359978, 24.4310131073, 103.997467041, 54.2661628723, 20.2492313385, 13.8260402679, 15.1479377747, 25.8659496307, 35.091342926, 8.78200340271, 10.4846572876, 13.0109558105, 16.1621761322, 13.2518215179, 6.97443532944, 5.0422039032, 7.02494955063, 3.00259852409, 2.14826273918, 2.76585650444, 1.94620013237, 1.54750287533, 0.762439846992, 0.503724336624, 0.232688888907, 0.145016908646, 0.193533435464, 0.233359351754, 0.186304420233, 0.0937463790178, 0.0563004650176, 0.0129146687686, 0.00119741400704, 0.000550434517208, 0.000101450670627, 2.15142499655e-05],
        "dvar": [2.39371065192e-08, 1.26335567074e-06, 0.00194115459453, 0.284323304892, 55.4339141846, 3514.31323242, 33996.1601562, 9309.26171875, 736.147460938, 232.803039551, 303.531829834, 1046.83190918, 1760.9609375, 122.048316956, 138.96862793, 241.160873413, 875.403808594, 522.706481934, 154.735794067, 53.1296806335, 255.220428467, 24.9343280792, 12.4528656006, 31.8265571594, 9.61944198608, 5.39464569092, 1.60153281689, 1.44536221027, 0.27363294363, 0.0841598138213, 0.118212305009, 0.249975159764, 0.112038612366, 0.0398600883782, 0.0135908126831, 0.00056198972743, 4.72881083624e-06, 1.48325682403e-06, 5.72176013236e-08, 1.48043999282e-09],
        "dvar2": [2.61281432046e-08, 1.65060964719e-06, 0.00214857328683, 0.384166330099, 118.002182007, 6556.36230469, 85092.7109375, 22888.1269531, 1906.07897949, 589.334228516, 798.222290039, 2551.82226562, 4620.96875, 217.501739502, 270.41796875, 552.806091309, 2286.7956543, 1182.28210449, 365.889038086, 113.681472778, 689.171936035, 65.121963501, 30.6817512512, 86.9471130371, 26.1782455444, 14.9084854126, 4.61279964447, 4.26664018631, 0.805116891861, 0.240762352943, 0.334348917007, 0.703870177269, 0.32597514987, 0.0867256447673, 0.0276155788451, 0.00122485670727, 1.13660189527e-05, 4.33187187809e-06, 1.66606128005e-07, 3.36624372821e-09],
        "max": [0.0014372903388, 0.00832787714899, 0.502408623695, 5.98662900925, 61.2329559326, 470.857391357, 1231.41308594, 667.665344238, 137.455627441, 102.12562561, 117.499549866, 226.172653198, 265.407440186, 78.1421966553, 89.5470962524, 88.7506027222, 232.366531372, 162.061279297, 95.1993408203, 47.110584259, 124.006965637, 31.3828716278, 21.6125659943, 40.7078857422, 17.963104248, 10.3097925186, 7.38241910934, 8.51988506317, 3.82523989677, 2.08781218529, 2.2670545578, 3.85791659355, 2.44929075241, 1.48646843433, 0.839165568352, 0.14966969192, 0.014312254265, 0.00831909384578, 0.00168472598307, 0.00028827987262],
        "mean": [4.37553135271e-05, 0.000586215930525, 0.0268688909709, 0.349745959044, 2.29865050316, 17.6694774628, 54.7837409973, 35.4325065613, 12.7655391693, 11.1668710709, 11.7364311218, 17.0948371887, 22.8095722198, 10.5956916809, 11.2573776245, 11.3882026672, 10.7068433762, 10.4609613419, 5.51932573318, 3.6246304512, 4.04069566727, 1.74065613747, 1.24291086197, 1.25612568855, 0.82941031456, 0.600766956806, 0.292596280575, 0.183378115296, 0.0898283049464, 0.0582008399069, 0.0791907086968, 0.096279039979, 0.0786022245884, 0.0464360117912, 0.0265289954841, 0.0058582262136, 0.000573351338971, 0.000170645711478, 3.87463260267e-05, 1.78168338607e-05],
        "median": [6.4047540036e-06, 5.02556467836e-05, 0.000653592927847, 0.00765801407397, 0.164941102266, 0.960027515888, 4.03605031967, 2.62021756172, 2.39077949524, 2.83916115761, 2.02634596825, 5.79335641861, 6.60921859741, 3.74704408646, 3.29339337349, 2.54679989815, 1.79200255871, 0.965842545033, 0.524835705757, 0.265909701586, 0.292557150126, 0.1690300107, 0.108029410243, 0.073978357017, 0.0610538646579, 0.0322689712048, 0.0135771799833, 0.00925916060805, 0.00454198429361, 0.00223201978952, 0.00246451538987, 0.00215467531234, 0.00137839012314, 0.000728267827071, 0.000347081775544, 9.91398483166e-05, 2.45043756877e-05, 1.00775805549e-05, 7.069696494e-06, 4.29754481956e-06],
        "min": [1.89928684335e-07, 4.58042080709e-07, 2.20356810132e-06, 6.61270178171e-06, 1.7397938791e-05, 5.10180689162e-05, 0.000309587980155, 0.000491900311317, 0.000719580973964, 0.00122083933093, 0.0024644897785, 0.0195609796792, 0.0251798648387, 0.0437139309943, 0.0220936927944, 0.00690310215577, 0.00361587898806, 0.00230386736803, 0.00154192268383, 0.000765718403272, 0.00065738754347, 0.000338717567502, 0.000221522379434, 0.000364464591257, 0.000227890428505, 0.000117950650747, 0.000157965958351, 8.26811519801e-05, 3.40696569765e-05, 3.04306286125e-05, 3.48896537616e-05, 3.2395892049e-05, 2.03070667339e-05, 1.42647222674e-05, 1.54554854817e-05, 9.18247405934e-06, 7.38371909392e-06, 5.79688185098e-06, 3.31165665557e-06, 6.68956033678e-07],
        "var": [2.49134490815e-08, 2.1055191155e-06, 0.00666193244979, 0.948010265827, 61.2290306091, 4808.06054688, 32329.0253906, 8702.453125, 660.739685059, 308.254882812, 524.175292969, 1181.32861328, 1872.46594238, 291.037475586, 299.923065186, 335.934356689, 762.815185547, 619.419128418, 172.791732788, 67.9346313477, 199.971908569, 21.9566459656, 11.6744318008, 21.7966823578, 6.75563335419, 3.58636140823, 0.987087488174, 0.822278857231, 0.169426247478, 0.057813577354, 0.0866234004498, 0.195143431425, 0.105528518558, 0.0423249490559, 0.0145959369838, 0.000565479043871, 4.40694429926e-06, 8.29858890938e-07, 3.2610280698e-08, 1.71320380105e-09]
    },
    "gfcc": {
        "mean": [-203.015884399, 120.593276978, -155.845291138, -54.8062705994, -80.6595458984, -24.7017726898, -44.1298484802, -13.7594089508, -29.6309661865, -10.9469680786, -5.78480958939, -5.63953828812, 0.788695037365],
        "cov": [[13057.7773438, 1041.66418457, -420.131256104, 1545.08068848, -710.202880859, -337.065979004, -1965.71765137, -895.861816406, -690.737365723, -282.864013672, -261.375030518, -456.104431152, -22.7519245148], [1041.66418457, 1945.05639648, 679.629760742, -46.5518455505, 23.997467041, -359.94418335, -294.893615723, -548.529602051, -168.754837036, -378.148010254, -180.525314331, -211.624847412, -90.1671676636], [-420.131256104, 679.629760742, 1824.56140137, 461.76852417, 26.4041728973, 95.5291595459, -264.587158203, -177.365631104, -228.331878662, -250.403533936, -243.589706421, -186.474182129, -160.109924316], [1545.08068848, -46.5518455505, 461.76852417, 537.816467285, -48.0126075745, 102.945640564, -323.90512085, -83.2047119141, -168.090988159, -52.7757110596, -110.190719604, -92.5930862427, -44.2391891479], [-710.202880859, 23.997467041, 26.4041728973, -48.0126075745, 199.229354858, 51.6927719116, 143.300476074, 21.6138648987, 20.6282196045, 12.5269975662, -14.0102710724, 35.4747390747, -2.37440252304], [-337.065979004, -359.94418335, 95.5291595459, 102.945640564, 51.6927719116, 225.372344971, 93.1458435059, 103.561317444, 12.511557579, 24.0352210999, -25.7508010864, 10.7597360611, 14.8252630234], [-1965.71765137, -294.893615723, -264.587158203, -323.90512085, 143.300476074, 93.1458435059, 459.572387695, 206.360443115, 182.752120972, 88.6363601685, 75.637878418, 106.668609619, 36.5957527161], [-895.861816406, -548.529602051, -177.365631104, -83.2047119141, 21.6138648987, 103.561317444, 206.360443115, 267.635101318, 129.165908813, 130.386123657, 70.1226119995, 70.4985580444, -1.54489731789], [-690.737365723, -168.754837036, -228.331878662, -168.090988159, 20.6282196045, 12.511557579, 182.752120972, 129.165908813, 139.966278076, 77.179977417, 69.469367981, 51.6464080811, 5.04375600815], [-282.864013672, -378.148010254, -250.403533936, -52.7757110596, 12.5269975662, 24.0352210999, 88.6363601685, 130.386123657, 77.179977417, 141.615768433, 82.0028076172, 69.7980422974, 13.7850399017], [-261.375030518, -180.525314331, -243.589706421, -110.190719604, -14.0102710724, -25.7508010864, 75.637878418, 70.1226119995, 69.469367981, 82.0028076172, 91.8518981934, 59.4293746948, 19.9319477081], [-456.104431152, -211.624847412, -186.474182129, -92.5930862427, 35.4747390747, 10.7597360611, 106.668609619, 70.4985580444, 51.6464080811, 69.7980422974, 59.4293746948, 77.0972976685, 29.9210453033], [-22.7519245148, -90.1671676636, -160.109924316, -44.2391891479, -2.37440252304, 14.8252630234, 36.5957527161, -1.54489731789, 5.04375600815, 13.7850399017, 19.9319477081, 29.9210453033, 50.5417633057]],
        "icov": [[0.00057213276159, -0.000623081228696, 0.000916293356568, -0.0013061555801, 0.000673122354783, -0.000610481190961, 0.00162892229855, -0.000126627026475, -9.03004456632e-06, -0.000545431277715, 0.000283870613202, 0.000327165442286, -0.00022320743301], [-0.000623081228696, 0.00544227240607, -0.00191616872326, 0.00214836024679, -0.00366770266555, 0.005177218467, -0.00168894743547, 0.0069236215204, -0.00583512568846, 0.00611595623195, -0.00103388901334, 0.00476099783555, 0.00148590130266], [0.000916293356568, -0.00191616872326, 0.00304364855401, -0.00277300365269, 0.00217624963261, -0.00255053583533, 0.00174711504951, -0.00113263039384, 0.00264073908329, -0.000453335378552, 0.0013116778573, -0.00182831741404, 0.00418463023379], [-0.0013061555801, 0.00214836024679, -0.00277300365269, 0.0105895735323, -0.00272463238798, -0.00233016419224, 0.00172424828634, 0.000347452762071, 0.0017327980604, -0.00123326992616, 0.00201847194694, 0.000674118404277, 0.00201523955911], [0.000673122354783, -0.00366770266555, 0.00217624963261, -0.00272463238798, 0.0139165362343, -0.00505260843784, -0.0041844425723, 0.00120437203441, 0.00602930039167, -0.00754832662642, 0.00881417561322, -0.0125509845093, 0.00888282898813], [-0.000610481190961, 0.005177218467, -0.00255053583533, -0.00233016419224, -0.00505260843784, 0.016765858978, -0.0050580301322, 0.00132741569541, -0.00597923481837, 0.0056259795092, 0.0021108572837, 0.00829114299268, -0.00928889028728], [0.00162892229855, -0.00168894743547, 0.00174711504951, 0.00172424828634, -0.0041844425723, -0.0050580301322, 0.0188855677843, -0.00533054023981, -0.00901001971215, 0.00215012719855, 0.00245239166543, -0.00240443693474, -0.00701727066189], [-0.000126627026475, 0.0069236215204, -0.00113263039384, 0.000347452762071, 0.00120437203441, 0.00132741569541, -0.00533054023981, 0.026207709685, -0.0128180999309, -0.00117708346806, 0.00290113058873, 0.000865594309289, 0.0132825709879], [-9.03004456632e-06, -0.00583512568846, 0.00264073908329, 0.0017327980604, 0.00602930039167, -0.00597923481837, -0.00901001971215, -0.0128180999309, 0.0390637628734, -0.00923360977322, -0.00974405650049, 0.000554816564545, 0.00977180711925], [-0.000545431277715, 0.00611595623195, -0.000453335378552, -0.00123326992616, -0.00754832662642, 0.0056259795092, 0.00215012719855, -0.00117708346806, -0.00923360977322, 0.0369758531451, -0.0169402789325, -0.00423455843702, 0.00457614986226], [0.000283870613202, -0.00103388901334, 0.0013116778573, 0.00201847194694, 0.00881417561322, 0.0021108572837, 0.00245239166543, 0.00290113058873, -0.00974405650049, -0.0169402789325, 0.0509514063597, -0.0241992752999, 0.00213860953227], [0.000327165442286, 0.00476099783555, -0.00182831741404, 0.000674118404277, -0.0125509845093, 0.00829114299268, -0.00240443693474, 0.000865594309289, 0.000554816564545, -0.00423455843702, -0.0241992752999, 0.0631648600101, -0.0245661158115], [-0.00022320743301, 0.00148590130266, 0.00418463023379, 0.00201523955911, 0.00888282898813, -0.00928889028728, -0.00701727066189, 0.0132825709879, 0.00977180711925, 0.00457614986226, 0.00213860953227, -0.0245661158115, 0.0574619211257]]
    },
    "melbands": {
        "dmean": [2.4317702696e-07, 5.05378829985e-06, 4.4682466978e-05, 0.000485086027766, 0.00177384132985, 0.000849960488267, 0.000178764559678, 8.74933393789e-05, 7.81442577136e-05, 9.80337063083e-05, 9.90338448901e-05, 2.28857061302e-05, 2.16619519051e-05, 2.40617646341e-05, 2.74301291938e-05, 1.70851417352e-05, 1.72288946487e-05, 8.18792432256e-06, 6.32940191281e-06, 4.16834109274e-06, 5.35667913937e-06, 1.87285013453e-06, 1.12912982786e-06, 1.35223979214e-06, 1.33868616103e-06, 9.17181523619e-07, 7.03145076386e-07, 5.07949437178e-07, 2.50386534617e-07, 2.15110731006e-07, 1.33730836183e-07, 6.98928559473e-08, 4.75642956133e-08, 4.75559680524e-08, 5.5772904517e-08, 6.65501360686e-08, 8.66904059649e-08, 7.89779690535e-08, 4.52588579947e-08, 4.62022988756e-08],
        "dmean2": [3.23653779333e-07, 6.08248819844e-06, 6.75974006299e-05, 0.000844887224957, 0.00308716576546, 0.00135619053617, 0.00029131694464, 0.000149381856318, 0.000130204542074, 0.00017809579731, 0.000172815343831, 3.46908309439e-05, 3.46839296981e-05, 4.01007164328e-05, 4.44328979938e-05, 2.76486553048e-05, 2.50904522545e-05, 1.21799284898e-05, 1.03134179881e-05, 6.57687269268e-06, 8.70622261573e-06, 3.09848019242e-06, 1.77058927875e-06, 2.20164292841e-06, 2.29293618759e-06, 1.67857990618e-06, 1.22857238694e-06, 9.34648369366e-07, 4.55940153188e-07, 3.93552056721e-07, 2.50896960097e-07, 1.25265103179e-07, 8.53578683291e-08, 8.5843375075e-08, 1.05384060589e-07, 1.14687999542e-07, 1.65154091292e-07, 1.52553781163e-07, 7.73790205244e-08, 8.48850589819e-08],
        "dvar": [1.88650202231e-12, 2.23789167753e-10, 1.53267638581e-08, 4.43573981102e-06, 3.09776514769e-05, 5.60466969546e-06, 1.47713564047e-07, 2.5009482485e-08, 2.25615011118e-08, 5.16969471676e-08, 4.31490292385e-08, 1.87246795846e-09, 1.35937749945e-09, 1.74143133247e-09, 4.9898098986e-09, 2.53310705745e-09, 1.89734050693e-09, 5.3289644919e-10, 1.97330346507e-10, 1.15855998406e-10, 4.12708089925e-10, 2.58978793272e-11, 7.31983397506e-12, 1.6677255063e-11, 2.32768786884e-11, 7.81725986027e-12, 3.69394358851e-12, 1.91736513819e-12, 5.43584437445e-13, 5.75644675156e-13, 4.31317010103e-13, 7.76946256355e-14, 3.11135733605e-14, 3.11596892223e-14, 3.192739584e-14, 5.04836346067e-14, 1.36930438234e-13, 7.37791311335e-14, 2.57633134661e-14, 3.22701799093e-14],
        "dvar2": [1.93527095391e-12, 2.41383135702e-10, 3.37325580801e-08, 8.25406550575e-06, 7.41134645068e-05, 1.39237354233e-05, 3.82605406912e-07, 6.80500775729e-08, 5.80734997868e-08, 1.32330470137e-07, 1.13406031232e-07, 3.48161188768e-09, 2.42477238288e-09, 4.05440747642e-09, 1.27809158812e-08, 6.82778411587e-09, 4.15156442557e-09, 1.28242105824e-09, 4.95922747312e-10, 3.06126096694e-10, 1.09677655846e-09, 6.74141437118e-11, 1.87280902592e-11, 4.0588300082e-11, 6.45481237904e-11, 2.16887775101e-11, 1.01130362765e-11, 5.3285535706e-12, 1.55950762287e-12, 1.67096794301e-12, 1.28088501177e-12, 2.2743195131e-13, 9.01752563137e-14, 9.01089709034e-14, 9.23024948574e-14, 1.34899605592e-13, 3.93994813988e-13, 2.26140287052e-13, 6.12025824443e-14, 7.11325461966e-14],
        "max": [1.31549741127e-05, 0.000167169288034, 0.000884583801962, 0.0166445989162, 0.0395841412246, 0.0162499342114, 0.00196658517234, 0.000829351716675, 0.00100039120298, 0.00141926098149, 0.00134942377917, 0.000306560308672, 0.000270973920124, 0.000250583019806, 0.000524007773492, 0.000392604648368, 0.000309196300805, 0.000176203087904, 8.96485362318e-05, 6.52770831948e-05, 0.000160393421538, 2.89573108603e-05, 1.46928514368e-05, 3.06064830511e-05, 3.44984582625e-05, 1.74718315975e-05, 1.01311552498e-05, 6.52072185403e-06, 4.18575700678e-06, 5.03121464135e-06, 4.66812389277e-06, 2.05339142667e-06, 1.28451199544e-06, 1.26802819977e-06, 1.11456802188e-06, 1.67883604263e-06, 2.81745701614e-06, 1.8545807734e-06, 1.37036033721e-06, 1.1680077705e-06],
        "mean": [2.37181652096e-07, 8.61358148541e-06, 7.04462654539e-05, 0.000588488997892, 0.00171617639717, 0.00083925249055, 0.000190177059267, 0.000118912626931, 9.78866301011e-05, 0.000113677539048, 0.000111526984256, 4.05117280025e-05, 3.65606574633e-05, 3.30309194396e-05, 2.86498943751e-05, 1.93484684132e-05, 1.97601657419e-05, 9.02098781808e-06, 6.33121089777e-06, 3.95056758862e-06, 4.97522478327e-06, 1.82721294095e-06, 1.14720330657e-06, 1.13580119887e-06, 1.02321905615e-06, 6.70504732625e-07, 5.14983184985e-07, 3.59350480039e-07, 1.79278998758e-07, 1.48459761817e-07, 8.9054353225e-08, 5.02793007229e-08, 3.33003207231e-08, 3.32874847686e-08, 4.19391703588e-08, 5.1476870766e-08, 6.35910240021e-08, 5.89306949905e-08, 4.24659454268e-08, 3.84456662061e-08],
        "median": [3.72662469772e-08, 1.06566851343e-07, 1.87260116036e-06, 3.12116826535e-05, 0.000137462440762, 5.93227196077e-05, 3.86426254408e-05, 2.6868419809e-05, 1.87013502e-05, 3.67936190742e-05, 3.31476694555e-05, 1.35171403599e-05, 1.02351586975e-05, 9.35888783715e-06, 5.19932427778e-06, 2.47947082244e-06, 1.67937901097e-06, 8.27674284665e-07, 4.92658728035e-07, 3.64795340602e-07, 2.85237092612e-07, 1.7449877987e-07, 1.27226670088e-07, 7.91007224166e-08, 5.88988058325e-08, 5.55503305577e-08, 4.00468032069e-08, 1.80434636121e-08, 8.41201952539e-09, 7.20737647342e-09, 4.55067894478e-09, 2.69100453032e-09, 1.58774438042e-09, 1.19051724035e-09, 1.48615175721e-09, 1.38386879733e-09, 1.25106469628e-09, 9.22226073286e-10, 7.81705866704e-10, 5.92455640103e-10],
        "min": [3.05240166476e-09, 6.59290455562e-10, 1.72091929596e-09, 2.30682273283e-09, 9.67420366038e-09, 1.15682592394e-08, 1.20483845123e-08, 1.16275744588e-08, 2.30559304981e-08, 1.19518077213e-07, 1.25292672237e-07, 1.75301053673e-07, 9.97733380359e-08, 3.34625767096e-08, 1.35863293949e-08, 2.12151762824e-09, 4.43541869899e-09, 2.98078584038e-09, 1.35637090448e-09, 7.9182638224e-10, 7.87963805315e-10, 3.58612556317e-10, 2.34204905469e-10, 1.78021750119e-10, 3.1826261071e-10, 1.64413038739e-10, 1.15418612168e-10, 6.18355089355e-11, 1.0455910443e-10, 8.46568440349e-11, 2.63471276046e-11, 1.84766195399e-11, 1.43786007406e-11, 1.86504197502e-11, 2.0513214391e-11, 2.26289646743e-11, 1.72532804016e-11, 1.32829268418e-11, 1.3145348525e-11, 1.17183068804e-11],
        "var": [1.87607828578e-12, 7.47769735021e-10, 2.93390414186e-08, 5.7956681303e-06, 3.22467640217e-05, 5.16464842804e-06, 1.34289095399e-07, 3.44845147993e-08, 3.76280304693e-08, 5.40792157722e-08, 4.50944028785e-08, 4.26579527257e-09, 3.21667092962e-09, 2.55597942811e-09, 4.41285141761e-09, 2.28001284519e-09, 2.29151542186e-09, 5.3028925695e-10, 2.24943244587e-10, 1.04015171476e-10, 3.33299859934e-10, 2.33074878841e-11, 7.36815122804e-12, 1.46133556644e-11, 1.53510329448e-11, 5.06808874381e-12, 2.57702474811e-12, 1.26406144666e-12, 3.41132368664e-13, 3.47299310621e-13, 2.39581466645e-13, 4.92279218149e-14, 2.0234615917e-14, 2.08844951695e-14, 2.26532134658e-14, 4.25654350905e-14, 9.87044579642e-14, 6.14767771737e-14, 3.11746546004e-14, 3.12015733075e-14]
    },
    "mfcc": {
        "mean": [-834.671020508, 165.584503174, -33.5391578674, -38.9618148804, -32.5655555725, -30.3347015381, -17.2956676483, -19.548204422, -20.0442829132, -13.758430481, -15.2683143616, -9.08754348755, -7.38761425018],
        "cov": [[11398.3789062, 1023.55963135, -1240.05541992, 948.344787598, 427.724884033, -240.645507812, -731.217773438, -1071.13684082, -850.431884766, -386.924926758, -573.707702637, -348.413299561, -545.417724609], [1023.55963135, 1958.09875488, 323.926208496, 205.931655884, 117.69367218, -79.4019012451, -303.209655762, -303.789215088, -329.466278076, -317.848968506, -273.230895996, -283.484313965, -277.927703857], [-1240.05541992, 323.926208496, 1501.93713379, 335.859100342, 288.955108643, 138.891281128, 1.72249007225, 29.7128257751, -41.622253418, -77.7128601074, -88.3801193237, -129.56854248, -183.796768188], [948.344787598, 205.931655884, 335.859100342, 360.350982666, 205.790771484, 42.4489021301, -55.3218193054, -114.750366211, -109.081008911, -76.6811904907, -106.788543701, -94.0860671997, -122.435012817], [427.724884033, 117.69367218, 288.955108643, 205.790771484, 208.947006226, 71.3776245117, -28.5325088501, -61.9919662476, -74.0461349487, -47.9377174377, -64.2111053467, -69.732093811, -89.1819915771], [-240.645507812, -79.4019012451, 138.891281128, 42.4489021301, 71.3776245117, 159.323944092, 76.5805892944, 56.1474113464, 51.5351676941, -4.15587091446, -9.38339138031, -25.9674282074, -34.5172805786], [-731.217773438, -303.209655762, 1.72249007225, -55.3218193054, -28.5325088501, 76.5805892944, 140.086486816, 127.360610962, 117.643203735, 66.6319351196, 57.3527603149, 41.5652809143, 51.2152175903], [-1071.13684082, -303.789215088, 29.7128257751, -114.750366211, -61.9919662476, 56.1474113464, 127.360610962, 196.350036621, 162.790390015, 93.5206298828, 93.1028137207, 63.2138252258, 86.4236679077], [-850.431884766, -329.466278076, -41.622253418, -109.081008911, -74.0461349487, 51.5351676941, 117.643203735, 162.790390015, 175.882232666, 98.7996444702, 94.6863861084, 69.1045761108, 86.0277633667], [-386.924926758, -317.848968506, -77.7128601074, -76.6811904907, -47.9377174377, -4.15587091446, 66.6319351196, 93.5206298828, 98.7996444702, 105.445594788, 79.1714248657, 68.3786621094, 78.2128372192], [-573.707702637, -273.230895996, -88.3801193237, -106.788543701, -64.2111053467, -9.38339138031, 57.3527603149, 93.1028137207, 94.6863861084, 79.1714248657, 104.040008545, 92.5383987427, 98.8717956543], [-348.413299561, -283.484313965, -129.56854248, -94.0860671997, -69.732093811, -25.9674282074, 41.5652809143, 63.2138252258, 69.1045761108, 68.3786621094, 92.5383987427, 122.04851532, 110.65827179], [-545.417724609, -277.927703857, -183.796768188, -122.435012817, -89.1819915771, -34.5172805786, 51.2152175903, 86.4236679077, 86.0277633667, 78.2128372192, 98.8717956543, 110.65827179, 153.083023071]],
