{
"lowlevel": {
    "average_loudness": 0.967651963234,
    "barkbands_crest": {
        "dmean": 3.29073309898,
        "dmean2": 5.87652540207,
        "dvar": 13.1035919189,
        "dvar2": 37.3726158142,
        "max": 23.8718585968,
        "mean": 8.61741924286,
        "median": 6.11507225037,
        "min": 2.58037757874,
        "var": 35.3093338013
    },
    "barkbands_flatness_db": {
        "dmean": 0.0204432364553,
        "dmean2": 0.0366272218525,
        "dvar": 0.000646429602057,
        "dvar2": 0.0020482421387,
        "max": 0.179183781147,
        "mean": 0.0707129836082,
        "median": 0.0628817379475,
        "min": 0.030798362568,
        "var": 0.00111823622137
    },
    "barkbands_kurtosis": {
        "dmean": 1.41727936268,
        "dmean2": 2.49172449112,
        "dvar": 7.6078042984,
        "dvar2": 25.291229248,
        "max": 18.114408493,
        "mean": 0.418313115835,
        "median": -0.283553361893,
        "min": -1.43076372147,
        "var": 6.76897192001
    },
    "barkbands_skewness": {
        "dmean": 0.490027397871,
        "dmean2": 0.839496672153,
        "dvar": 0.327633202076,
        "dvar2": 1.02664172649,
        "max": 4.28361654282,
        "mean": 0.588575303555,
        "median": 0.392026185989,
        "min": -0.775876045227,
        "var": 0.820929408073
    },
    "barkbands_spread": {
        "dmean": 8.33124637604,
        "dmean2": 14.215262413,
        "dvar": 52.6680107117,
        "dvar2": 178.627716064,
        "max": 55.0983886719,
        "mean": 33.2185745239,
        "median": 33.4113731384,
        "min": 14.9689302444,
        "var": 71.4131011963
    },
    "dissonance": {
        "dmean": 0.0167172811925,
        "dmean2": 0.0291360262781,
        "dvar": 0.000378205470042,
        "dvar2": 0.000696626957506,
        "max": 0.499889612198,
        "mean": 0.480183809996,
        "median": 0.484469681978,
        "min": 0.328740626574,
        "var": 0.00045325839892
    },
    "dynamic_complexity": 1.72417891026,
    "erbbands_crest": {
        "dmean": 2.2178940773,
        "dmean2": 3.66893291473,
        "dvar": 4.61042547226,
        "dvar2": 11.7777166367,
        "max": 14.1558446884,
        "mean": 6.46549701691,
        "median": 5.7396235466,
        "min": 3.11613607407,
        "var": 5.7716755867
    },
    "erbbands_flatness_db": {
        "dmean": 0.0118617750704,
        "dmean2": 0.0189962275326,
        "dvar": 9.98098403215e-05,
        "dvar2": 0.000235857631196,
        "max": 0.193835526705,
        "mean": 0.137050464749,
        "median": 0.135670498013,
        "min": 0.0821881741285,
        "var": 0.000381827383535
    },
    "erbbands_kurtosis": {
        "dmean": 0.425750404596,
        "dmean2": 0.710376977921,
        "dvar": 0.099781230092,
        "dvar2": 0.249658688903,
        "max": 1.30248117447,
        "mean": -0.34749981761,
        "median": -0.418685674667,
        "min": -1.39352917671,
        "var": 0.308407694101
    },
    "erbbands_skewness": {
        "dmean": 0.243395790458,
        "dmean2": 0.393691122532,
        "dvar": 0.0468137748539,
        "dvar2": 0.126993834972,
        "max": 1.03822946548,
        "mean": 0.166176363826,
        "median": 0.215742796659,
        "min": -1.16048932076,
        "var": 0.21160787344
    },
    "erbbands_spread": {
        "dmean": 5.2661447525,
        "dmean2": 8.55803203583,
        "dvar": 18.6720542908,
        "dvar2": 48.5442047119,
        "max": 57.4146499634,
        "mean": 33.0914115906,
        "median": 32.2691574097,
        "min": 16.7403659821,
        "var": 73.3836898804
    },
    "hfc": {
        "dmean": 7.89602470398,
        "dmean2": 10.7152709961,
        "dvar": 112.568878174,
        "dvar2": 220.781036377,
        "max": 200.103317261,
        "mean": 31.5028553009,
        "median": 25.8220767975,
        "min": 0.522905170918,
        "var": 952.178222656
    },
    "melbands_crest": {
        "dmean": 3.19385886192,
        "dmean2": 5.21236753464,
        "dvar": 10.1948652267,
        "dvar2": 30.6215591431,
        "max": 31.0984325409,
        "mean": 10.2186765671,
        "median": 8.03900146484,
        "min": 3.64753103256,
        "var": 42.7527999878
    },
    "melbands_flatness_db": {
        "dmean": 0.0137363672256,
        "dmean2": 0.0215141884983,
        "dvar": 0.000155665853526,
        "dvar2": 0.000512010534294,
        "max": 0.167578190565,
        "mean": 0.0923691615462,
        "median": 0.096969217062,
        "min": 0.0303662586957,
        "var": 0.00102878571488
    },
    "melbands_kurtosis": {
        "dmean": 1.34969162941,
        "dmean2": 2.36712622643,
        "dvar": 3.5653719902,
        "dvar2": 10.212518692,
        "max": 16.3762130737,
        "mean": 1.6925766468,
        "median": 1.46957731247,
        "min": -1.23267114162,
        "var": 5.00011873245
    },
    "melbands_skewness": {
        "dmean": 0.386232554913,
        "dmean2": 0.663753449917,
        "dvar": 0.125039592385,
        "dvar2": 0.311830788851,
        "max": 3.83438253403,
        "mean": 1.12024903297,
        "median": 1.09258472919,
        "min": 0.0377707034349,
        "var": 0.352989196777
    },
    "melbands_spread": {
        "dmean": 8.78938484192,
        "dmean2": 14.4759607315,
        "dvar": 60.5546913147,
        "dvar2": 146.428421021,
        "max": 98.5942153931,
        "mean": 47.8022880554,
        "median": 40.5518035889,
        "min": 22.3512306213,
        "var": 330.097839355
    },
    "pitch_salience": {
        "dmean": 0.096828430891,
        "dmean2": 0.164639204741,
        "dvar": 0.00804140791297,
        "dvar2": 0.0241769291461,
        "max": 0.855560779572,
        "mean": 0.583705246449,
        "median": 0.653155148029,
        "min": 0.138093516231,
        "var": 0.0276906117797
    },
    "silence_rate_20dB": {
        "dmean": 0,
        "dmean2": 0,
        "dvar": 0,
        "dvar2": 0,
        "max": 1,
        "mean": 1,
        "median": 1,
        "min": 1,
        "var": 0
    },
    "silence_rate_30dB": {
        "dmean": 0.0222222227603,
        "dmean2": 0.0337078645825,
        "dvar": 0.0217284504324,
        "dvar2": 0.0550436377525,
        "max": 1,
        "mean": 0.989010989666,
        "median": 1,
        "min": 0,
        "var": 0.0108682531863
    },
    "silence_rate_60dB": {
        "dmean": 0,
        "dmean2": 0,
        "dvar": 0,
        "dvar2": 0,
        "max": 0,
        "mean": 0,
        "median": 0,
        "min": 0,
        "var": 0
    },
    "spectral_centroid": {
        "dmean": 244.266281128,
        "dmean2": 418.650512695,
        "dvar": 41208.7890625,
        "dvar2": 92700.546875,
        "max": 3808.33178711,
        "mean": 2407.10083008,
        "median": 2242.28515625,
        "min": 1470.46826172,
        "var": 333052.21875
    },
    "spectral_complexity": {
        "dmean": 4.56666660309,
        "dmean2": 6.34831476212,
        "dvar": 15.0455551147,
        "dvar2": 19.9348583221,
        "max": 59,
        "mean": 31.1428565979,
        "median": 33,
        "min": 0,
        "var": 106.254310608
    },
    "spectral_decrease": {
        "dmean": 2.25227436701e-09,
        "dmean2": 3.67711194826e-09,
        "dvar": 9.26679521459e-18,
        "dvar2": 2.9226061208e-17,
        "max": -7.008978814e-11,
        "mean": -5.58589929867e-09,
        "median": -3.55758444925e-09,
        "min": -2.83595689154e-08,
        "var": 2.79114065169e-17
    },
    "spectral_energy": {
        "dmean": 0.00908220373094,
        "dmean2": 0.014668488875,
        "dvar": 0.000134824411361,
        "dvar2": 0.000412595458329,
        "max": 0.125185489655,
        "mean": 0.0239398851991,
        "median": 0.0155425257981,
        "min": 0.000311964453431,
        "var": 0.000482285744511
    },
    "spectral_energyband_high": {
        "dmean": 0.000723685661796,
        "dmean2": 0.0011573509546,
        "dvar": 7.65095819588e-07,
        "dvar2": 1.94723111235e-06,
        "max": 0.00865295622498,
        "mean": 0.00210300274193,
        "median": 0.00139760400634,
        "min": 2.43887207034e-05,
        "var": 3.71022815671e-06
    },
    "spectral_energyband_low": {
        "dmean": 0.00169896776788,
        "dmean2": 0.00283023086376,
        "dvar": 7.38233347874e-06,
        "dvar2": 2.44702787313e-05,
        "max": 0.017680188641,
        "mean": 0.00260500982404,
        "median": 0.000923677813262,
        "min": 1.53018536366e-05,
        "var": 1.72754516825e-05
    },
    "spectral_energyband_middle_high": {
        "dmean": 0.00265726121143,
        "dmean2": 0.00366018572822,
        "dvar": 1.97821045731e-05,
        "dvar2": 2.5778377676e-05,
        "max": 0.0764879137278,
        "mean": 0.00921765714884,
        "median": 0.00546299433336,
        "min": 0.000226691088756,
        "var": 0.000152279040776
    },
    "spectral_energyband_middle_low": {
        "dmean": 0.00168576056603,
        "dmean2": 0.00259111681953,
        "dvar": 4.18465288021e-06,
        "dvar2": 5.03064620716e-06,
        "max": 0.0444240607321,
        "mean": 0.00538261467591,
        "median": 0.00327572063543,
        "min": 4.82872565044e-05,
        "var": 4.80006019643e-05
    },
    "spectral_entropy": {
        "dmean": 0.0722212046385,
        "dmean2": 0.10648637265,
        "dvar": 0.00634388672188,
        "dvar2": 0.00807408709079,
        "max": 8.73406219482,
        "mean": 8.06212615967,
        "median": 8.06289196014,
        "min": 7.68872785568,
        "var": 0.0190869010985
    },
    "spectral_flux": {
        "dmean": 0.0197921209037,
        "dmean2": 0.0308167282492,
        "dvar": 0.000494271575008,
        "dvar2": 0.000918686331715,
        "max": 0.32538819313,
        "mean": 0.0914030298591,
        "median": 0.0808824747801,
        "min": 0.045355822891,
        "var": 0.00185579329263
    },
    "spectral_kurtosis": {
        "dmean": 0.699512124062,
        "dmean2": 1.0453710556,
        "dvar": 0.862463533878,
        "dvar2": 2.35417771339,
        "max": 10.0518274307,
        "mean": 4.20254898071,
        "median": 3.8760972023,
        "min": 1.74560451508,
        "var": 2.0378112793
    },
    "spectral_rms": {
        "dmean": 0.000868487521075,
        "dmean2": 0.00141264870763,
        "dvar": 9.60181409937e-07,
        "dvar2": 2.72866100204e-06,
        "max": 0.0110513428226,
        "mean": 0.00448310095817,
        "median": 0.00389402615838,
        "min": 0.000551684293896,
        "var": 3.25778910337e-06
    },
    "spectral_rolloff": {
        "dmean": 816.587036133,
        "dmean2": 1404.73913574,
        "dvar": 642352.375,
        "dvar2": 1678882.375,
        "max": 8376.41601562,
        "mean": 2854.68774414,
        "median": 2433.25195312,
        "min": 21.533203125,
        "var": 3260683.5
    },
    "spectral_skewness": {
        "dmean": 0.107447214425,
        "dmean2": 0.178386211395,
        "dvar": 0.0181237794459,
        "dvar2": 0.040369361639,
        "max": 2.5324344635,
        "mean": 1.4892001152,
        "median": 1.48982620239,
        "min": 0.988684177399,
        "var": 0.0681803226471
    },
    "spectral_spread": {
        "dmean": 537391.6875,
        "dmean2": 756431.625,
        "dvar": 1.52632727962e+12,
        "dvar2": 1.11891224986e+12,
        "max": 18785256,
        "mean": 4930766.5,
        "median": 4743275,
        "min": 3298307.5,
        "var": 2.64546208973e+12
    },
    "spectral_strongpeak": {
        "dmean": 0.978459835052,
        "dmean2": 1.60342144966,
        "dvar": 1.70161890984,
        "dvar2": 3.35691976547,
        "max": 7.80745840073,
        "mean": 1.02969551086,
        "median": 0.183786675334,
        "min": 0,
        "var": 2.53886389732
    },
    "zerocrossingrate": {
        "dmean": 0.0136230466887,
        "dmean2": 0.016799069941,
        "dvar": 0.000137112117955,
        "dvar2": 0.000244948110776,
        "max": 0.20751953125,
        "mean": 0.102828808129,
        "median": 0.08837890625,
        "min": 0.025390625,
        "var": 0.0023049460724
    },
    "barkbands": {
        "dmean": [0.00660292571411, 0.000270299147815, 7.08669613232e-05, 9.0716413979e-05, 0.000223933529924, 0.000960248871706, 0.000443018157966, 0.000927372544538, 0.000662728678435, 0.000631988397799, 0.001139181084, 0.000912722374778, 0.000314878765494, 0.00037956374581, 0.000335523305694, 0.000229105193284, 0.000158117720275, 0.000214823667193, 0.000255879305769, 0.000324937514961, 0.000287651841063, 0.000170710060047, 6.01563770033e-05, 0.000107082043542, 0.000116515657282, 5.54965299671e-05, 9.89223917713e-06],
        "dmean2": [0.0117720905691, 0.000467271485832, 0.000105950770376, 0.000144260353409, 0.000325480650645, 0.00150430784561, 0.000690430402756, 0.0014485202264, 0.000964475388173, 0.000928736117203, 0.00153344322462, 0.00150832277723, 0.000480777147459, 0.000608809641562, 0.000543395522982, 0.000348250759998, 0.000206990036531, 0.000354839896318, 0.000336016004439, 0.000542015652172, 0.000407561281463, 0.000259728753008, 8.65815673023e-05, 0.000159978779266, 0.000197366112843, 0.000103712991404, 1.76480571099e-05],
        "dvar": [0.00013102790399, 2.84235397885e-07, 1.95998826058e-08, 3.99569941578e-08, 1.23347973613e-07, 4.73192312711e-06, 3.61842268148e-07, 2.79839355244e-06, 5.96647282691e-07, 9.50809862843e-07, 4.4502990022e-06, 2.08236156141e-06, 3.27836715996e-07, 6.12314295267e-07, 5.11154155447e-07, 6.20131856977e-08, 3.23363984478e-08, 6.21153972702e-08, 1.88199763329e-07, 1.71912688529e-07, 1.40135526294e-07, 8.02475454975e-08, 1.34999682544e-08, 2.35025563455e-08, 3.15329984346e-08, 2.25211778115e-08, 2.33113944814e-10],
        "dvar2": [0.00044243450975, 8.39670860842e-07, 2.75870721822e-08, 8.50135251085e-08, 1.39862677884e-07, 4.29517558587e-06, 9.11632866973e-07, 7.85112206358e-06, 1.37054894367e-06, 1.22023573113e-06, 7.6829091995e-06, 5.64366564504e-06, 5.76524371354e-07, 1.3966722463e-06, 1.20105062251e-06, 1.05509528225e-07, 6.66136870109e-08, 1.31864268837e-07, 3.09772843821e-07, 4.32099000136e-07, 2.67006981858e-07, 2.06873380648e-07, 3.22904227801e-08, 5.85755870475e-08, 9.10799187182e-08, 6.91891060001e-08, 7.60355556295e-10],
        "max": [0.0579658001661, 0.00354120018892, 0.00127052236348, 0.00178833666723, 0.00604912918061, 0.0249420888722, 0.00556088844314, 0.0124150756747, 0.00909102149308, 0.0109400646761, 0.0253280699253, 0.0176123119891, 0.00695001846179, 0.00653103692457, 0.0062477174215, 0.00414580339566, 0.00307634845376, 0.00374902924523, 0.00690314918756, 0.00351662817411, 0.00312551157549, 0.00217622495256, 0.0011117226677, 0.00131725217216, 0.00115061423276, 0.00108159822412, 0.000112753950816],
        "mean": [0.00696612056345, 0.00034557285835, 8.57057020767e-05, 0.00011864022963, 0.00036385396379, 0.0014387978008, 0.000667023938149, 0.00111124129035, 0.00119473191444, 0.00137329148129, 0.00186309986748, 0.00192583922762, 0.000647959008347, 0.000645617081318, 0.00052954320563, 0.000581151281949, 0.000449193757959, 0.000592366792262, 0.000616087636445, 0.000806405674666, 0.000609687936958, 0.000340715632774, 0.000126976810861, 0.000226145522902, 0.000202042167075, 6.60654113744e-05, 3.18132551911e-05],
        "median": [0.00103341997601, 9.87717503449e-05, 3.78383410862e-05, 3.75593590434e-05, 0.000175350345671, 0.000656846270431, 0.000290496216621, 0.000572798540816, 0.000743271200918, 0.000850075506605, 0.000531886587851, 0.000943376857322, 0.000286775495624, 0.000407390209148, 0.000269151612883, 0.000374454510165, 0.000286651280476, 0.000384475395549, 0.000381601392291, 0.000508543569595, 0.000383334641811, 0.000156661713845, 6.54901232338e-05, 0.000131795110065, 0.000141803728184, 3.24147113133e-05, 2.7350621167e-05],
        "min": [5.57709699933e-06, 5.32012381882e-06, 2.20300444198e-06, 1.47881519297e-06, 5.4775823628e-06, 6.10829738434e-06, 6.07379115536e-06, 8.18671378511e-06, 1.04685514088e-05, 1.46979564306e-05, 4.30452018918e-05, 6.08381305938e-05, 3.80864075851e-05, 2.58130676229e-05, 9.04435273696e-06, 1.09197717393e-05, 3.11310532197e-06, 6.08907839705e-06, 5.46293222214e-06, 9.03609998204e-06, 7.00690861777e-06, 4.6979275794e-06, 2.46338981924e-06, 2.71394310403e-06, 2.57896863332e-06, 8.38239202494e-07, 6.08870720953e-07],
        "var": [0.000169763938175, 3.49053834725e-07, 2.49082958703e-08, 5.51815162453e-08, 6.3647917159e-07, 8.24792550702e-06, 1.06010236323e-06, 3.02956073028e-06, 2.07429116017e-06, 3.22443042933e-06, 1.45932717714e-05, 9.32109287533e-06, 1.19258425002e-06, 7.1521077416e-07, 6.35712297026e-07, 3.83471899568e-07, 2.21463224648e-07, 4.05027691386e-07, 9.5465168215e-07, 6.10159020198e-07, 4.01595031008e-07, 1.76550727815e-07, 2.86527654936e-08, 6.50572076211e-08, 4.12590210885e-08, 1.65088795967e-08, 2.27206212178e-10]
    },
    "erbbands": {
        "dmean": [0.0211810842156, 0.0446035191417, 0.0684963390231, 0.202830806375, 0.450130164623, 0.757162392139, 3.47018909454, 9.42660522461, 5.6093120575, 17.2331161499, 12.4676218033, 13.4877443314, 23.4777698517, 18.4963741302, 54.0307006836, 30.2738857269, 13.0436201096, 19.7188549042, 17.5257339478, 13.5724458694, 11.8381290436, 9.15752506256, 12.3961086273, 13.282497406, 10.1807718277, 17.07837677, 13.4697065353, 7.63546943665, 7.54115247726, 2.00435137749, 1.78922700882, 2.51915192604, 1.70541381836, 1.42531251907, 0.708904802799, 0.380145013332, 0.0517541393638, 0.00920525286347, 0.0016300069401, 0.000104709644802],
        "dmean2": [0.0367757454515, 0.0715474784374, 0.0979576036334, 0.321952402592, 0.690402925014, 1.08714771271, 4.78813791275, 15.1268405914, 8.42430496216, 29.3187179565, 19.4499149323, 21.2884159088, 29.4597473145, 29.7671585083, 85.7673873901, 49.3639717102, 20.0775356293, 30.1071014404, 27.2305202484, 22.1893539429, 18.4242305756, 12.8137264252, 20.901348114, 20.0436325073, 14.0168180466, 29.1358470917, 20.4880275726, 10.6784257889, 11.5982732773, 3.33429265022, 2.83858370781, 3.84415054321, 2.89872765541, 2.44131064415, 1.2357981205, 0.706515371799, 0.0917563587427, 0.0167598072439, 0.00293586822227, 0.000174036074895],
        "dvar": [0.00157186004799, 0.0074404431507, 0.0201240833849, 0.173759251833, 0.732819974422, 0.900628745556, 90.4328536987, 380.662200928, 83.8931884766, 950.539733887, 516.802734375, 227.969619751, 1756.58789062, 1128.6739502, 8315.73828125, 2707.82910156, 525.696350098, 1569.80712891, 1494.64916992, 338.944732666, 229.377502441, 112.573394775, 251.55557251, 758.576904297, 245.556335449, 430.104827881, 455.958862305, 68.1538543701, 140.474441528, 17.0594959259, 14.9033136368, 14.6605825424, 6.19921207428, 8.66697120667, 1.06147170067, 0.895025610924, 0.00864622741938, 0.000490893144161, 7.3834394243e-06, 1.27556489815e-08],
        "dvar2": [0.00512235797942, 0.0183193329722, 0.0289868284017, 0.318126499653, 1.51239979267, 0.963756024837, 61.6358795166, 435.946380615, 105.271110535, 2442.94873047, 1234.28356934, 615.639648438, 1888.5814209, 2358.97094727, 18631.3730469, 6754.765625, 820.126159668, 3513.80224609, 3371.53222656, 879.609313965, 421.754333496, 200.682632446, 615.393188477, 1602.37011719, 320.86630249, 1125.20117188, 857.524047852, 140.846069336, 334.744384766, 45.9211273193, 39.6044692993, 30.2908782959, 18.1110916138, 23.9581565857, 3.14637255669, 2.76127481461, 0.0268915072083, 0.00159548642114, 2.268420576e-05, 3.19210862187e-08],
        "max": [0.285815298557, 0.681470155716, 1.25567746162, 3.98109722137, 11.2050113678, 17.5396728516, 117.932243347, 210.892822266, 88.8507385254, 242.976638794, 195.463729858, 139.555603027, 484.739196777, 449.003082275, 1088.96704102, 677.165771484, 332.669342041, 348.649475098, 344.665313721, 178.003189087, 247.792007446, 179.296707153, 188.934051514, 352.678497314, 274.650726318, 184.503585815, 182.059585571, 94.0159759521, 82.2333145142, 35.8245391846, 30.4566860199, 28.2802200317, 21.4928436279, 20.3386974335, 6.61703777313, 6.95312738419, 0.545846283436, 0.17058108747, 0.0189683046192, 0.0013230771292],
        "mean": [0.0332331582904, 0.0558201260865, 0.0999078452587, 0.272889137268, 0.713870763779, 1.24194693565, 4.55715560913, 12.8454828262, 10.1736373901, 21.9156799316, 18.5009613037, 24.1784210205, 43.8902168274, 40.7497406006, 94.4981536865, 71.8112411499, 32.6637496948, 36.5128860474, 28.0970420837, 27.0910358429, 31.7546577454, 27.8839683533, 31.9336395264, 32.0305213928, 29.4986934662, 40.7391357422, 31.9438591003, 18.3545074463, 14.9880018234, 5.06535768509, 3.7811627388, 5.11323213577, 3.3481593132, 2.51048827171, 1.23898780346, 0.469692438841, 0.068922162056, 0.014350829646, 0.00400403095409, 0.000560055894312],
        "median": [0.00931042432785, 0.0145247448236, 0.0459277331829, 0.103914409876, 0.236915156245, 0.611967563629, 1.96045327187, 6.17103624344, 4.73863935471, 10.5042963028, 11.5440998077, 15.9183826447, 23.7618122101, 18.4246349335, 38.556312561, 30.9705276489, 14.4070930481, 21.1998920441, 14.9557571411, 19.4219837189, 21.1091136932, 18.0068569183, 21.1858577728, 17.9932289124, 20.5192127228, 25.7874336243, 17.3866329193, 12.3676176071, 6.65237903595, 2.66080451012, 1.85521090031, 2.58987355232, 2.01509523392, 1.57151663303, 0.876003921032, 0.255666643381, 0.0335976518691, 0.00796872097999, 0.00324719771743, 0.000551546749193],
        "min": [0.000154387016664, 0.00105640885886, 0.00469154631719, 0.00864215753973, 0.0160764176399, 0.0173150505871, 0.0308370180428, 0.0554828047752, 0.0750525519252, 0.13091544807, 0.191776975989, 0.194817885756, 0.556120574474, 0.455980598927, 3.03511667252, 2.24800562859, 1.89043605328, 1.61799812317, 0.536225378513, 0.524211168289, 0.485519617796, 0.217506363988, 0.387137204409, 0.180459201336, 0.391369253397, 0.396520197392, 0.209255054593, 0.302874833345, 0.207956671715, 0.118320085108, 0.0429209955037, 0.0499470382929, 0.056098587811, 0.0264672674239, 0.0171688701957, 0.00562166748568, 0.000783026684076, 0.000155328089022, 4.3381103751e-05, 1.39609092003e-05],
        "var": [0.00333010591567, 0.0103635536507, 0.0289905518293, 0.255017638206, 2.598341465, 6.31211900711, 164.086715698, 608.815856934, 254.200332642, 1113.51843262, 647.378540039, 679.822875977, 4865.50634766, 4699.30664062, 25755.7949219, 13744.0869141, 2665.02661133, 2470.8972168, 1728.3770752, 774.967468262, 1352.43701172, 865.872253418, 1044.46887207, 2026.01025391, 1901.53833008, 1510.58776855, 1243.98010254, 303.450164795, 323.064239502, 48.0874404907, 24.7387580872, 36.8033561707, 14.7170124054, 9.13053607941, 1.44042146206, 0.682311117649, 0.00918888580054, 0.000384941900847, 6.47008346277e-06, 1.72926011288e-08]
    },
    "gfcc": {
        "mean": [38.4767494202, 24.3405151367, -139.650238037, 2.65881156921, -63.9131546021, 3.96354055405, -25.8619174957, 11.523853302, -22.342540741, 7.99742555618, -4.39210748672, 2.34448289871, 2.03085947037],
        "cov": [[1433.42687988, -194.811172485, -229.074768066, -13.9331989288, -236.777908325, -22.7686653137, -129.837509155, -0.994932711124, -123.665725708, -21.9067440033, -70.4103317261, 26.9056091309, -64.4134597778], [-194.811172485, 558.580505371, 35.968208313, -71.0241546631, 214.7318573, -15.3696956635, 60.5378036499, 1.21537399292, 29.4428215027, -80.1893920898, 70.0424880981, 21.3005065918, 14.8102588654], [-229.074768066, 35.968208313, 222.060195923, 92.0241012573, 53.0241317749, -10.1987781525, 22.5458660126, 17.036026001, 15.2017889023, 30.199546814, 19.5722846985, 15.4150238037, 28.8713359833], [-13.9331989288, -71.0241546631, 92.0241012573, 155.302642822, 46.6618423462, 41.5405693054, 14.6940279007, 31.492477417, 2.73500156403, 35.652507782, 7.50384807587, 12.2052764893, 23.3949279785], [-236.777908325, 214.7318573, 53.0241317749, 46.6618423462, 209.740707397, 61.7425575256, 71.7319488525, 51.1166954041, 57.9114456177, 1.60911107063, 55.772693634, 19.0885925293, 36.8071250916], [-22.7686653137, -15.3696956635, -10.1987781525, 41.5405693054, 61.7425575256, 88.2869567871, 40.9708404541, 38.5980300903, 25.0944499969, 18.4976921082, 6.53625202179, 3.93045067787, 5.58933973312], [-129.837509155, 60.5378036499, 22.5458660126, 14.6940279007, 71.7319488525, 40.9708404541, 72.5839157104, 41.0430107117, 36.3296432495, 9.46340084076, 18.9739608765, 0.730394303799, 12.4236106873], [-0.994932711124, 1.21537399292, 17.036026001, 31.492477417, 51.1166954041, 38.5980300903, 41.0430107117, 71.1979141235, 42.0716247559, 18.4483375549, 20.4892997742, 10.4472131729, 17.7021923065], [-123.665725708, 29.4428215027, 15.2017889023, 2.73500156403, 57.9114456177, 25.0944499969, 36.3296432495, 42.0716247559, 69.0426330566, 19.9036693573, 26.2688694, 4.46057796478, 20.1490955353], [-21.9067440033, -80.1893920898, 30.199546814, 35.652507782, 1.60911107063, 18.4976921082, 9.46340084076, 18.4483375549, 19.9036693573, 52.7448348999, 8.48307991028, 3.80715680122, 8.22749137878], [-70.4103317261, 70.0424880981, 19.5722846985, 7.50384807587, 55.772693634, 6.53625202179, 18.9739608765, 20.4892997742, 26.2688694, 8.48307991028, 41.6876564026, 21.807094574, 23.4713382721], [26.9056091309, 21.3005065918, 15.4150238037, 12.2052764893, 19.0885925293, 3.93045067787, 0.730394303799, 10.4472131729, 4.46057796478, 3.80715680122, 21.807094574, 43.2504844666, 22.0498847961], [-64.4134597778, 14.8102588654, 28.8713359833, 23.3949279785, 36.8071250916, 5.58933973312, 12.4236106873, 17.7021923065, 20.1490955353, 8.22749137878, 23.4713382721, 22.0498847961, 43.5699539185]],
        "icov": [[0.00188559934031, -0.00169679417741, 0.00226236786693, -0.00157339044381, 0.00266326963902, -0.000367559550796, 0.00287468847819, -0.0045988005586, 0.00249152351171, -0.00215870840475, 0.00243968050927, -0.00245308247395, 0.000738768314477], [-0.00169679417741, 0.0101834274828, -0.00400957418606, 0.00535543914884, -0.0117101110518, 0.00427997345105, -0.00524351885542, 0.00631080335006, -0.000741813331842, 0.0120796896517, -0.0100892214105, 0.00074864178896, 0.00520402519032], [0.00226236786693, -0.00400957418606, 0.0113570857793, -0.00787929259241, 0.00322926533408, 0.00546230562031, 0.000369453424355, -0.00469113700092, 0.00176210980862, -0.00809234846383, 0.00711164157838, -0.00459231156856, -0.00100920861587], [-0.00157339044381, 0.00535543914884, -0.00787929259241, 0.0175209697336, -0.00898194126785, -0.00421122461557, 0.00118440424558, -0.000694124784786, 0.0064682662487, 0.000208149314858, -0.00231010466814, 0.00299553177319, -0.00356302643195], [0.00266326963902, -0.0117101110518, 0.00322926533408, -0.00898194126785, 0.028190895915, -0.012392655015, 0.00180906045716, -0.00596087612212, -0.00232673739083, -0.00480566266924, -0.00426258193329, 0.00158024777193, -0.00623847963288], [-0.000367559550796, 0.00427997345105, 0.00546230562031, -0.00421122461557, -0.012392655015, 0.0293298792094, -0.0106998058036, -0.00243949680589, -0.000993416877463, -0.00276266038418, 0.00941272359341, -0.00693745724857, 0.00681338971481], [0.00287468847819, -0.00524351885542, 0.000369453424355, 0.00118440424558, 0.00180906045716, -0.0106998058036, 0.0362652353942, -0.0176228657365, 0.00168703717645, -0.00568777695298, 0.00402538990602, 0.00333407893777, -0.00174675183371], [-0.0045988005586, 0.00631080335006, -0.00469113700092, -0.000694124784786, -0.00596087612212, -0.00243949680589, -0.0176228657365, 0.0433093421161, -0.0195744801313, 0.00896359607577, -0.0110459905118, 0.00106482312549, 8.58718631207e-05], [0.00249152351171, -0.000741813331842, 0.00176210980862, 0.0064682662487, -0.00232673739083, -0.000993416877463, 0.00168703717645, -0.0195744801313, 0.0391609892249, -0.0117053315043, -0.00583038292825, 0.00552306696773, -0.00669426750392], [-0.00215870840475, 0.0120796896517, -0.00809234846383, 0.000208149314858, -0.00480566266924, -0.00276266038418, -0.00568777695298, 0.00896359607577, -0.0117053315043, 0.046640176326, -0.023479314521, 0.0034598747734, 0.00785052124411], [0.00243968050927, -0.0100892214105, 0.00711164157838, -0.00231010466814, -0.00426258193329, 0.00941272359341, 0.00402538990602, -0.0110459905118, -0.00583038292825, -0.023479314521, 0.0791771858931, -0.0251873284578, -0.0134785249829], [-0.00245308247395, 0.00074864178896, -0.00459231156856, 0.00299553177319, 0.00158024777193, -0.00693745724857, 0.00333407893777, 0.00106482312549, 0.00552306696773, 0.0034598747734, -0.0251873284578, 0.0450300574303, -0.0167025849223], [0.000738768314477, 0.00520402519032, -0.00100920861587, -0.00356302643195, -0.00623847963288, 0.00681338971481, -0.00174675183371, 8.58718631207e-05, -0.00669426750392, 0.00785052124411, -0.0134785249829, -0.0167025849223, 0.0470431782305]]
    },
    "melbands": {
        "dmean": [0.000334258395014, 4.07131083193e-05, 3.74493756681e-05, 4.1486666305e-05, 0.000100807854324, 0.000201684408239, 8.08780823718e-05, 0.000205901262234, 9.14011470741e-05, 8.99829901755e-05, 0.000117646064609, 8.11387290014e-05, 0.000185603916179, 0.000125826074509, 5.21525580552e-05, 2.99877901853e-05, 3.9104703319e-05, 2.76696682704e-05, 2.52073605225e-05, 1.66935351444e-05, 1.53559667524e-05, 1.0972084965e-05, 1.49767629409e-05, 1.18856269182e-05, 1.21661032608e-05, 8.58421935845e-06, 9.91520573734e-06, 1.38211571539e-05, 9.75309831119e-06, 7.37589880373e-06, 4.37756716565e-06, 5.1753495427e-06, 3.04255172523e-06, 8.97885684026e-07, 8.22526942557e-07, 1.79385472165e-06, 1.64054506513e-06, 1.18239768199e-06, 1.57573504111e-06, 1.18096431834e-06],
        "dmean2": [0.000560949731153, 5.64254951314e-05, 5.78300059715e-05, 6.33340459899e-05, 0.000138536590384, 0.000321500498103, 0.000119860254927, 0.000345264648786, 0.000145057652844, 0.000136963892146, 0.000149935585796, 0.000131109933136, 0.000266335118795, 0.000213044244447, 7.84727526479e-05, 4.33492350567e-05, 6.10246461292e-05, 4.25642829214e-05, 3.98257398047e-05, 2.70803411695e-05, 2.39259043155e-05, 1.5200517737e-05, 2.50894318015e-05, 1.86944707821e-05, 1.87690930034e-05, 1.28364572447e-05, 1.58590792125e-05, 2.34091949096e-05, 1.48934668687e-05, 1.06694669739e-05, 6.20056107437e-06, 7.72079874878e-06, 4.98491954204e-06, 1.40084023315e-06, 1.32314562507e-06, 2.78317224911e-06, 2.60495130533e-06, 2.00118961402e-06, 2.69732004199e-06, 1.95429788619e-06],
        "dvar": [3.04548848362e-07, 5.63195579062e-09, 7.06465996814e-09, 3.80439368897e-09, 7.29479410211e-08, 1.80838554797e-07, 1.20947936111e-08, 1.48595376004e-07, 2.16861231195e-08, 9.12442121859e-09, 4.34477200884e-08, 2.2401662747e-08, 1.06016251777e-07, 5.34437525346e-08, 1.05248894045e-08, 2.25661622721e-09, 6.75296663033e-09, 2.94118041033e-09, 2.62386024019e-09, 3.95993682289e-10, 5.03329655732e-10, 1.44372624966e-10, 6.23262719213e-10, 1.33173527761e-10, 6.93662072226e-10, 1.72812236743e-10, 2.81502349209e-10, 2.86180634745e-10, 2.39842062877e-10, 1.05125914918e-10, 2.78111787072e-11, 6.15152581651e-11, 6.48435471984e-11, 3.9543472663e-12, 3.41125521927e-12, 1.02698873711e-11, 7.0998892529e-12, 3.89351354976e-12, 7.3969259537e-12, 4.70848230197e-12],
        "dvar2": [1.015305088e-06, 1.01603143676e-08, 1.03822195285e-08, 6.02992944465e-09, 4.63602418677e-08, 1.86647397982e-07, 1.675533845e-08, 3.92703782381e-07, 4.95587499927e-08, 2.2876392336e-08, 4.35341860339e-08, 5.96417422116e-08, 2.02504452318e-07, 1.57134834922e-07, 2.39197497365e-08, 3.21458415442e-09, 1.53248347345e-08, 6.50449605288e-09, 6.04521588343e-09, 1.04563557812e-09, 1.20814303006e-09, 3.36894290243e-10, 1.48790157972e-09, 2.87755597128e-10, 1.48891654561e-09, 3.4583710895e-10, 6.69761246463e-10, 7.70647212711e-10, 4.67712091279e-10, 2.12554931989e-10, 6.32638039177e-11, 1.364099389e-10, 1.81562251345e-10, 8.34565229424e-12, 9.2185096362e-12, 2.34150650258e-11, 1.60511395841e-11, 1.0721184357e-11, 2.18709945987e-11, 1.27387640367e-11],
        "max": [0.00355116697028, 0.000565311987884, 0.000916729564779, 0.000973273825366, 0.00344147137366, 0.00470477715135, 0.00123431289103, 0.0029776324518, 0.00130392506253, 0.00108647427987, 0.00234821578488, 0.00177957001142, 0.00396786257625, 0.00273743877187, 0.00113974348642, 0.000547172792722, 0.000675557937939, 0.000481888622744, 0.0004534679465, 0.00017485373246, 0.000296642043395, 0.000178267917363, 0.000313184311381, 0.000144496792927, 0.0003128273529, 0.000204908312298, 0.000196694629267, 0.000126561062643, 0.000123906313092, 7.46728328522e-05, 5.07319891767e-05, 6.54055475025e-05, 7.16614813427e-05, 1.78438695002e-05, 1.63016211445e-05, 2.0377608962e-05, 1.84082946362e-05, 1.6527106709e-05, 1.72420441231e-05, 1.55195211846e-05],
        "mean": [0.000503970484715, 5.9029480326e-05, 5.71682430746e-05, 7.09889136488e-05, 0.000133358029416, 0.000292042037472, 0.000153685978148, 0.000262468442088, 0.000143076278619, 0.000164527926245, 0.000221062437049, 0.000154342167662, 0.000310604285914, 0.000250870827585, 0.000100429620943, 6.45046966383e-05, 6.81232340867e-05, 4.23524907092e-05, 4.04569327657e-05, 3.639471106e-05, 3.64824591088e-05, 2.75988568319e-05, 2.99477287626e-05, 2.70157488558e-05, 2.58127874986e-05, 2.19990452024e-05, 2.13288822124e-05, 2.83643657895e-05, 2.12152772292e-05, 1.40172351166e-05, 9.52868958848e-06, 9.23418247112e-06, 5.54235066375e-06, 1.86273211966e-06, 1.72157615452e-06, 3.14661042466e-06, 3.20582785207e-06, 2.28537055591e-06, 2.45333967541e-06, 1.94839390133e-06],
        "median": [0.000133226814796, 2.10829075513e-05, 2.25212133955e-05, 3.16084624501e-05, 5.72291319259e-05, 0.000141413562233, 7.01086391928e-05, 0.00012426507601, 8.63645473146e-05, 9.83862628345e-05, 0.000122698926134, 7.31317413738e-05, 0.000110662207589, 0.000116841656563, 4.47019920102e-05, 3.19257778756e-05, 3.73930342903e-05, 2.28779808822e-05, 2.17088036152e-05, 2.2355308829e-05, 2.37518815993e-05, 1.68831629708e-05, 1.84930013347e-05, 1.89826569112e-05, 1.45439680637e-05, 1.32053546622e-05, 1.30833041112e-05, 1.93814757949e-05, 1.12022253234e-05, 8.03990496934e-06, 5.93900313106e-06, 3.79184120902e-06, 2.40576673605e-06, 1.08198753423e-06, 9.27731377942e-07, 1.81591792625e-06, 1.63464505931e-06, 1.26920940602e-06, 1.46458990002e-06, 1.35543950819e-06],
        "min": [1.95449820239e-06, 2.11966312236e-06, 2.2000235731e-06, 1.17527019938e-06, 1.01905072825e-06, 1.24522910028e-06, 1.18382149594e-06, 1.5322989384e-06, 1.58778561854e-06, 1.3199529576e-06, 2.80469953395e-06, 1.29878640109e-06, 8.79202434589e-06, 7.30951887817e-06, 5.88679176872e-06, 3.06288666252e-06, 3.07244795295e-06, 7.44884118831e-07, 7.0153919296e-07, 8.31188401662e-07, 4.63890359015e-07, 2.04822143246e-07, 2.86165914076e-07, 2.94535254852e-07, 1.10680637988e-07, 2.70254076895e-07, 3.39706360819e-07, 2.40094209403e-07, 1.2181379816e-07, 1.61052128078e-07, 1.90319994431e-07, 1.12143936803e-07, 1.05055448785e-07, 6.10416819313e-08, 2.10765840336e-08, 2.80566521127e-08, 3.29870069038e-08, 3.29370273278e-08, 4.47154810956e-08, 1.50157841716e-08],
        "var": [7.31239595098e-07, 8.65058868982e-09, 1.23951462427e-08, 2.37525590308e-08, 1.40508532809e-07, 3.08251287606e-07, 5.19542417976e-08, 1.63640649475e-07, 3.19157464901e-08, 3.57247671445e-08, 1.18632037527e-07, 6.36866133163e-08, 3.53309758339e-07, 1.88002971413e-07, 2.52989860172e-08, 9.99244420541e-09, 9.08214126127e-09, 3.57392004879e-09, 3.48631457037e-09, 1.25237720194e-09, 1.99463867645e-09, 7.66271601726e-10, 1.81850112746e-09, 5.44697897897e-10, 1.50937740084e-09, 1.25354171487e-09, 7.4296419017e-10, 7.41926797776e-10, 6.21906970366e-10, 2.54037013647e-10, 1.03446758104e-10, 1.37131236921e-10, 9.08723027382e-11, 7.94547587446e-12, 5.88483472022e-12, 1.67426263825e-11, 1.71683344624e-11, 8.61183780537e-12, 9.05174719901e-12, 5.25036914986e-12]
    },
    "mfcc": {
        "mean": [-601.305053711, 76.8098526001, -26.3116226196, 1.23056840897, -15.6192760468, -7.86093378067, 6.54661560059, -3.20026779175, 4.20817279816, -0.797670781612, -0.595934212208, 8.18439006805, 4.17281389236],
        "cov": [[1678.50671387, -290.408660889, -128.442245483, -123.723731995, -146.684646606, -103.566635132, -76.3639221191, -30.9861183167, -82.5590133667, -73.9351806641, -66.1617050171, -88.5847473145, 8.63314342499], [-290.408660889, 611.261657715, -75.7596893311, 21.0650234222, 104.578926086, 13.456993103, 52.6914405823, 111.509559631, -17.5526752472, -8.20722293854, 37.0617294312, 5.2874455452, 20.0380878448], [-128.442245483, -75.7596893311, 169.960586548, 77.5367660522, 2.68860459328, -3.09561896324, 2.48975634575, -32.9920272827, 14.6774463654, -12.2560977936, -10.3714189529, 21.688659668, -3.8252453804], [-123.723731995, 21.0650234222, 77.5367660522, 118.236221313, 62.0291442871, 20.558889389, 36.3300819397, 6.16339874268, 18.2129936218, -0.765004396439, 7.42294740677, 15.7602033615, 10.9422807693], [-146.684646606, 104.578926086, 2.68860459328, 62.0291442871, 120.471473694, 46.7233123779, 48.161655426, 52.160987854, 31.7811546326, 23.2810630798, 36.5900878906, 13.2753133774, 21.6484909058], [-103.566635132, 13.456993103, -3.09561896324, 20.558889389, 46.7233123779, 65.7018737793, 37.2418670654, 16.4785366058, 26.3375110626, 8.59417152405, 21.2033481598, 17.9125480652, 13.3045387268], [-76.3639221191, 52.6914405823, 2.48975634575, 36.3300819397, 48.161655426, 37.2418670654, 67.5471572876, 41.3005752563, 33.2604179382, 17.2819633484, 28.7383518219, 12.5567522049, 19.4218635559], [-30.9861183167, 111.509559631, -32.9920272827, 6.16339874268, 52.160987854, 16.4785366058, 41.3005752563, 83.4491195679, 28.2625160217, 17.7135772705, 32.0944290161, -7.14920377731, 21.9580154419], [-82.5590133667, -17.5526752472, 14.6774463654, 18.2129936218, 31.7811546326, 26.3375110626, 33.2604179382, 28.2625160217, 60.3795509338, 34.3180427551, 36.6365737915, 19.5037403107, 15.3008127213], [-73.9351806641, -8.20722293854, -12.2560977936, -0.765004396439, 23.2810630798, 8.59417152405, 17.2819633484, 17.7135772705, 34.3180427551, 54.3423538208, 27.5504322052, 13.4052886963, 3.18989872932], [-66.1617050171, 37.0617294312, -10.3714189529, 7.42294740677, 36.5900878906, 21.2033481598, 28.7383518219, 32.0944290161, 36.6365737915, 27.5504322052, 58.4782600403, 19.8741092682, 18.5243034363], [-88.5847473145, 5.2874455452, 21.688659668, 15.7602033615, 13.2753133774, 17.9125480652, 12.5567522049, -7.14920377731, 19.5037403107, 13.4052886963, 19.8741092682, 46.7375335693, 7.08324193954], [8.63314342499, 20.0380878448, -3.8252453804, 10.9422807693, 21.6484909058, 13.3045387268, 19.4218635559, 21.9580154419, 15.3008127213, 3.18989872932, 18.5243034363, 7.08324193954, 47.9561805725]],
