{
"lowlevel": {
    "average_loudness": 0.953040957451,
    "barkbands_crest": {
        "dmean": 3.5187330246,
        "dmean2": 5.41762447357,
        "dvar": 12.13377285,
        "dvar2": 33.6837806702,
        "max": 26.6671485901,
        "mean": 15.6607246399,
        "median": 15.8664445877,
        "min": 6.74906206131,
        "var": 28.9448356628
    },
    "barkbands_flatness_db": {
        "dmean": 0.0435837432742,
        "dmean2": 0.0501204356551,
        "dvar": 0.00103080563713,
        "dvar2": 0.00265979580581,
        "max": 0.482629179955,
        "mean": 0.263377130032,
        "median": 0.255628496408,
        "min": 0.0557400137186,
        "var": 0.00655458634719
    },
    "barkbands_kurtosis": {
        "dmean": 76.249130249,
        "dmean2": 100.971633911,
        "dvar": 27218.6796875,
        "dvar2": 47027.5507812,
        "max": 1808.65600586,
        "mean": 118.991271973,
        "median": 39.5302810669,
        "min": -0.733417034149,
        "var": 68360.8828125
    },
    "barkbands_skewness": {
        "dmean": 2.71813988686,
        "dmean2": 3.61386656761,
        "dvar": 9.52928543091,
        "dvar2": 20.7945308685,
        "max": 35.9583969116,
        "mean": 6.32798862457,
        "median": 4.9234790802,
        "min": 0.972022414207,
        "var": 29.3736076355
    },
    "barkbands_spread": {
        "dmean": 5.60004425049,
        "dmean2": 8.58001804352,
        "dvar": 122.665313721,
        "dvar2": 302.442810059,
        "max": 96.2465209961,
        "mean": 8.05773735046,
        "median": 4.27542638779,
        "min": 0.146457001567,
        "var": 202.649246216
    },
    "dissonance": {
        "dmean": 0.0409779958427,
        "dmean2": 0.0674762651324,
        "dvar": 0.00136076356284,
        "dvar2": 0.00326706795022,
        "max": 0.496180146933,
        "mean": 0.392372429371,
        "median": 0.40221375227,
        "min": 0.197076305747,
        "var": 0.00367031572387
    },
    "dynamic_complexity": 7.64376354218,
    "erbbands_crest": {
        "dmean": 4.08927488327,
        "dmean2": 5.73864173889,
        "dvar": 7.64647436142,
        "dvar2": 19.6367835999,
        "max": 31.1151390076,
        "mean": 15.1081466675,
        "median": 14.3814573288,
        "min": 2.72063279152,
        "var": 39.484287262
    },
    "erbbands_flatness_db": {
        "dmean": 0.0278862547129,
        "dmean2": 0.0277205165476,
        "dvar": 0.000395598704927,
        "dvar2": 0.0005397243076,
        "max": 0.413624197245,
        "mean": 0.204459786415,
        "median": 0.219262436032,
        "min": 0.0383007451892,
        "var": 0.00570984650403
    },
    "erbbands_kurtosis": {
        "dmean": 12.0773801804,
        "dmean2": 15.2720537186,
        "dvar": 670.444458008,
        "dvar2": 1462.51794434,
        "max": 241.970825195,
        "mean": 19.0633125305,
        "median": 5.48152828217,
        "min": -1.19313919544,
        "var": 2056.12915039
    },
    "erbbands_skewness": {
        "dmean": 0.981214463711,
        "dmean2": 1.1822245121,
        "dvar": 0.905573427677,
        "dvar2": 1.86750936508,
        "max": 11.6068935394,
        "mean": 2.4567732811,
        "median": 1.97125542164,
        "min": -0.560288727283,
        "var": 5.55599498749
    },
    "erbbands_spread": {
        "dmean": 5.89359521866,
        "dmean2": 7.16889858246,
        "dvar": 28.471780777,
        "dvar2": 51.0788269043,
        "max": 74.3987197876,
        "mean": 19.1399059296,
        "median": 15.7166700363,
        "min": 0.756383359432,
        "var": 198.212051392
    },
    "hfc": {
        "dmean": 2.07163095474,
        "dmean2": 2.03948831558,
        "dvar": 21.2175235748,
        "dvar2": 30.7065067291,
        "max": 47.9633483887,
        "mean": 3.69298100471,
        "median": 1.0960072279,
        "min": 0.0208286810666,
        "var": 55.2523765564
    },
    "melbands_crest": {
        "dmean": 4.32475948334,
        "dmean2": 6.33033800125,
        "dvar": 13.5474071503,
        "dvar2": 36.5160942078,
        "max": 32.7337722778,
        "mean": 23.3255271912,
        "median": 24.0692443848,
        "min": 7.53860712051,
        "var": 43.5592498779
    },
    "melbands_flatness_db": {
        "dmean": 0.0433983542025,
        "dmean2": 0.04221823439,
        "dvar": 0.000868582574185,
        "dvar2": 0.00138824258465,
        "max": 0.601622283459,
        "mean": 0.380718439817,
        "median": 0.37822535634,
        "min": 0.117267601192,
        "var": 0.00850498862565
    },
    "melbands_kurtosis": {
        "dmean": 36.6876220703,
        "dmean2": 51.6574249268,
        "dvar": 2572.12939453,
        "dvar2": 4863.77832031,
        "max": 328.681488037,
        "mean": 54.8678207397,
        "median": 32.7638816833,
        "min": 1.04150867462,
        "var": 4728.15087891
    },
    "melbands_skewness": {
        "dmean": 1.44448852539,
        "dmean2": 2.04637718201,
        "dvar": 1.74612736702,
        "dvar2": 2.98044538498,
        "max": 10.5663518906,
        "mean": 4.12883424759,
        "median": 3.56743359566,
        "min": 0.860011935234,
        "var": 4.68574285507
    },
    "melbands_spread": {
        "dmean": 2.18094611168,
        "dmean2": 3.11467242241,
        "dvar": 11.6007242203,
        "dvar2": 25.6299591064,
        "max": 32.1090545654,
        "mean": 4.11341953278,
        "median": 2.71451711655,
        "min": 0.244387507439,
        "var": 21.1226139069
    },
    "pitch_salience": {
        "dmean": 0.11456605792,
        "dmean2": 0.174137726426,
        "dvar": 0.0097121335566,
        "dvar2": 0.0229723863304,
        "max": 0.863252818584,
        "mean": 0.432182341814,
        "median": 0.448732376099,
        "min": 0.0973882526159,
        "var": 0.0252750199288
    },
    "silence_rate_20dB": {
        "dmean": 0,
        "dmean2": 0,
        "dvar": 0,
        "dvar2": 0,
        "max": 1,
        "mean": 1,
        "median": 1,
        "min": 1,
        "var": 0
    },
    "silence_rate_30dB": {
        "dmean": 0.0444444455206,
        "dmean2": 0.078651688993,
        "dvar": 0.042469125241,
        "dvar2": 0.0949374511838,
        "max": 1,
        "mean": 0.967032968998,
        "median": 1,
        "min": 0,
        "var": 0.0318802073598
    },
    "silence_rate_60dB": {
        "dmean": 0.144444450736,
        "dmean2": 0.292134821415,
        "dvar": 0.123580247164,
        "dvar2": 0.206791952252,
        "max": 1,
        "mean": 0.461538463831,
        "median": 0,
        "min": 0,
        "var": 0.248520925641
    },
    "spectral_centroid": {
        "dmean": 91.9198150635,
        "dmean2": 119.08946991,
        "dvar": 29555.9550781,
        "dvar2": 62521.3203125,
        "max": 1923.38647461,
        "mean": 339.715179443,
        "median": 271.897399902,
        "min": 167.415847778,
        "var": 54004.0390625
    },
    "spectral_complexity": {
        "dmean": 0.933333337307,
        "dmean2": 1.42696630955,
        "dvar": 1.04000031948,
        "dvar2": 1.39073288441,
        "max": 17,
        "mean": 3.71428561211,
        "median": 3,
        "min": 0,
        "var": 10.9952859879
    },
    "spectral_decrease": {
        "dmean": 2.25591301195e-09,
        "dmean2": 2.33073071954e-09,
        "dvar": 1.97599518617e-17,
        "dvar2": 2.56460797652e-17,
        "max": -6.73698163228e-12,
        "mean": -3.67340136087e-09,
        "median": -9.03726815604e-10,
        "min": -4.05259470426e-08,
        "var": 5.18341017979e-17
    },
    "spectral_energy": {
        "dmean": 0.00870074518025,
        "dmean2": 0.00898098293692,
        "dvar": 0.000295398087474,
        "dvar2": 0.000384324055631,
        "max": 0.157304391265,
        "mean": 0.0141992056742,
        "median": 0.00351057201624,
        "min": 4.34966023022e-05,
        "var": 0.000774836633354
    },
    "spectral_energyband_high": {
        "dmean": 1.11769588784e-06,
        "dmean2": 1.51709764395e-06,
        "dvar": 2.97360942293e-12,
        "dvar2": 4.15090444655e-12,
        "max": 2.55159702647e-05,
        "mean": 7.9078363342e-06,
        "median": 7.44102590033e-06,
        "min": 2.6584848456e-07,
        "var": 8.0492106036e-12
    },
    "spectral_energyband_low": {
        "dmean": 0.00315794092603,
        "dmean2": 0.00348075176589,
        "dvar": 4.21522927354e-05,
        "dvar2": 4.29763858847e-05,
        "max": 0.0545191392303,
        "mean": 0.00505390530452,
        "median": 0.00127810554113,
        "min": 1.21928178487e-05,
        "var": 0.000103646008938
    },
    "spectral_energyband_middle_high": {
        "dmean": 0.000261016655713,
        "dmean2": 0.000275998056168,
        "dvar": 1.08651158826e-06,
        "dvar2": 1.8222305016e-06,
        "max": 0.0109917260706,
        "mean": 0.000404323393013,
        "median": 1.99454079848e-05,
        "min": 4.48670562037e-07,
        "var": 1.97773715627e-06
    },
    "spectral_energyband_middle_low": {
        "dmean": 0.0077084354125,
        "dmean2": 0.00799007993191,
        "dvar": 0.000238350345171,
        "dvar2": 0.000303110544337,
        "max": 0.129912599921,
        "mean": 0.0123545983806,
        "median": 0.00285596726462,
        "min": 9.92486548057e-06,
        "var": 0.000621357234195
    },
    "spectral_entropy": {
        "dmean": 0.396503061056,
        "dmean2": 0.35212174058,
        "dvar": 0.0798371434212,
        "dvar2": 0.0797626674175,
        "max": 8.41866779327,
        "mean": 6.22311592102,
        "median": 6.24152612686,
        "min": 4.01543474197,
        "var": 0.825906455517
    },
    "spectral_flux": {
        "dmean": 0.0183298047632,
        "dmean2": 0.0283464901149,
        "dvar": 0.000383181875804,
        "dvar2": 0.00110805535223,
        "max": 0.237220659852,
        "mean": 0.0435434691608,
        "median": 0.0271778646857,
        "min": 0.00399995548651,
        "var": 0.00170335848816
    },
    "spectral_kurtosis": {
        "dmean": 4.81096887589,
        "dmean2": 5.88021755219,
        "dvar": 20.087179184,
        "dvar2": 40.5943984985,
        "max": 54.2328872681,
        "mean": 19.941324234,
        "median": 18.7882728577,
        "min": 2.06500005722,
        "var": 124.283172607
    },
    "spectral_rms": {
        "dmean": 0.0009308384615,
        "dmean2": 0.000857530918438,
        "dvar": 9.68626750364e-07,
        "dvar2": 1.00312854556e-06,
        "max": 0.0123882079497,
        "mean": 0.0027143615298,
        "median": 0.00185066158883,
        "min": 0.000205999298487,
        "var": 6.4851251409e-06
    },
    "spectral_rolloff": {
        "dmean": 519.668029785,
        "dmean2": 980.365356445,
        "dvar": 6138896.5,
        "dvar2": 12272132,
        "max": 18023.2910156,
        "mean": 694.741699219,
        "median": 279.931640625,
        "min": 21.533203125,
        "var": 6149502
    },
    "spectral_skewness": {
        "dmean": 0.43524029851,
        "dmean2": 0.499952435493,
        "dvar": 0.121556326747,
        "dvar2": 0.2136349231,
        "max": 6.4322218895,
        "mean": 3.61235761642,
        "median": 3.61625742912,
        "min": 1.56148791313,
        "var": 1.00022828579
    },
    "spectral_spread": {
        "dmean": 966840.5625,
        "dmean2": 801848.0625,
        "dvar": 2.9948599337e+12,
        "dvar2": 1.20365776896e+12,
        "max": 29595632,
        "mean": 4950564.5,
        "median": 4037507.5,
        "min": 1586878.625,
        "var": 1.27916394414e+13
    },
    "spectral_strongpeak": {
        "dmean": 0.245255723596,
        "dmean2": 0.299754261971,
        "dvar": 0.171295911074,
        "dvar2": 0.364023149014,
        "max": 3.39526581764,
        "mean": 0.505682229996,
        "median": 0.318735867739,
        "min": 0,
        "var": 0.408482134342
    },
    "zerocrossingrate": {
        "dmean": 0.0178819447756,
        "dmean2": 0.0185272563249,
        "dvar": 0.000707883620635,
        "dvar2": 0.00102380348835,
        "max": 0.3330078125,
        "mean": 0.0443692058325,
        "median": 0.02734375,
        "min": 0.0078125,
        "var": 0.00242555141449
    },
    "barkbands": {
        "dmean": [7.71574923419e-05, 2.17269771383e-05, 0.000851692340802, 0.00326327653602, 0.00354532897472, 0.00155955913942, 8.26059185783e-05, 0.000155735004228, 7.28872109903e-05, 4.59639777546e-05, 0.000116506904305, 8.82655003807e-05, 2.71376993624e-05, 9.00755821931e-06, 2.89224726657e-06, 2.31613512369e-06, 3.81080440093e-06, 1.53799885538e-06, 1.1086538052e-06, 4.68887662919e-07, 2.69364221595e-07, 9.50470067096e-08, 8.93023539561e-08, 1.16786111448e-07, 1.04586533212e-07, 9.40925204418e-08, 8.27723283692e-07],
        "dmean2": [0.00013186490105, 2.2989757781e-05, 0.000901299761608, 0.00332585140131, 0.00365006225184, 0.00190863118041, 0.000119795258797, 0.000216233893298, 0.000114784532343, 5.8286368585e-05, 0.000126528422697, 9.35799398576e-05, 4.2011943151e-05, 9.03646468942e-06, 4.246401204e-06, 3.20240337714e-06, 4.12746658185e-06, 2.33339164879e-06, 1.48383367105e-06, 6.65061065774e-07, 4.12774710412e-07, 1.32552685272e-07, 1.32321744672e-07, 1.70747924244e-07, 1.68672670497e-07, 1.57644151955e-07, 1.34047195388e-06],
        "dvar": [2.26186109842e-08, 3.61421186312e-08, 2.43784620579e-06, 4.42960663349e-05, 9.31616159505e-05, 2.6399276976e-05, 6.89423700351e-08, 1.08511621022e-07, 4.05006161941e-08, 1.43255896035e-08, 1.69326526134e-07, 1.88559084791e-07, 1.41629561412e-08, 9.9052455127e-10, 3.50892925827e-11, 3.99834158837e-11, 2.78014028465e-10, 4.45754509693e-11, 2.10511885701e-11, 2.29697749536e-12, 6.75501321545e-13, 3.95931016109e-14, 1.29120381108e-14, 2.08755928532e-14, 1.58592909448e-14, 7.76209219106e-15, 6.60692041441e-13],
        "dvar2": [7.23471345054e-08, 3.64107037854e-08, 3.22701703226e-06, 4.18162417191e-05, 0.000114669135655, 4.07549559895e-05, 9.8714103558e-08, 2.37406425185e-07, 9.41918258945e-08, 2.08235597654e-08, 2.87337797999e-07, 2.99579880902e-07, 3.85191540886e-08, 1.32712463241e-09, 6.84609591239e-11, 7.14900222354e-11, 3.70921821036e-10, 1.11176658157e-10, 4.28891366866e-11, 5.01173018017e-12, 1.36442062076e-12, 8.65589948351e-14, 3.00736743993e-14, 3.55094880095e-14, 2.80029498938e-14, 1.55591058565e-14, 1.01384807667e-12],
        "max": [0.000782458577305, 0.00181887159124, 0.016393430531, 0.0579927451909, 0.11332423985, 0.0530922859907, 0.00273641082458, 0.003006080864, 0.00141214043833, 0.00127593078651, 0.00418248074129, 0.0039471196942, 0.00118745595682, 0.000409257103456, 7.5740594184e-05, 8.11265053926e-05, 0.000176499568624, 7.07987710484e-05, 5.63381727261e-05, 1.84710934263e-05, 8.71966676641e-06, 2.57083434008e-06, 1.12448799428e-06, 1.1737784007e-06, 1.08981112135e-06, 8.67980190833e-07, 8.04440696811e-06],
        "mean": [7.03319019522e-05, 2.25117219088e-05, 0.00133867934346, 0.0049586314708, 0.00477081071585, 0.00218809279613, 0.000133174427901, 0.000168194703292, 0.000112087443995, 9.31151080295e-05, 0.000161220377777, 9.63078637142e-05, 3.59266960004e-05, 1.72384297912e-05, 5.67653069083e-06, 4.43285352958e-06, 5.65107848161e-06, 2.33324090004e-06, 1.88764227005e-06, 9.84567918749e-07, 5.88709781368e-07, 2.7170381145e-07, 2.62270020812e-07, 4.21646774384e-07, 4.59071543446e-07, 5.55134647584e-07, 5.82984648645e-06],
        "median": [2.08169076359e-05, 1.83697193279e-06, 0.000249570759479, 0.00104883173481, 0.000241068191826, 0.000154797206051, 1.10765022328e-05, 1.91521612578e-05, 1.06231309474e-05, 5.13360282639e-06, 7.82242932473e-06, 1.33707169425e-06, 7.48991226374e-07, 7.14351926945e-07, 1.20146137306e-06, 5.58081467261e-07, 3.44436074329e-07, 3.19432984952e-07, 2.82903926063e-07, 2.97387401815e-07, 2.65686935563e-07, 1.66013123248e-07, 2.09144829455e-07, 3.33403761488e-07, 4.05193048891e-07, 5.39311372449e-07, 5.77222181164e-06],
        "min": [4.72118443895e-07, 1.56372166771e-07, 7.15864644008e-07, 1.12123166218e-06, 2.61887021225e-06, 8.15403211618e-07, 7.52350956645e-07, 3.64631830507e-07, 3.76611268393e-07, 1.49788618842e-07, 8.4050199689e-08, 6.26770599865e-08, 3.43036958839e-08, 2.47440770096e-08, 3.72067141541e-08, 1.3410197397e-08, 3.20499005113e-08, 1.63879612103e-08, 1.44641436606e-08, 1.23539916075e-08, 1.44908316457e-08, 1.11050848517e-08, 2.98012690081e-08, 2.16024975686e-08, 1.99709511151e-08, 2.79872427456e-08, 1.56070612434e-07],
        "var": [2.12055937254e-08, 3.58607579187e-08, 6.78342985339e-06, 0.000108214619104, 0.000262330984697, 5.09282181156e-05, 1.52060465552e-07, 1.98448546485e-07, 7.24398176999e-08, 4.84507332033e-08, 3.2499798408e-07, 2.33460440313e-07, 2.09271178164e-08, 3.71915098718e-09, 1.73834086015e-10, 1.4400661219e-10, 5.60252455539e-10, 7.24246565498e-11, 5.08521072473e-11, 6.40690842393e-12, 1.45701593152e-12, 1.03870864275e-13, 2.80748934842e-14, 5.51560750198e-14, 5.47031258453e-14, 1.46258009095e-14, 9.07991455461e-13]
    },
    "erbbands": {
        "dmean": [0.000850551761687, 0.0108575597405, 0.568759083748, 8.00069904327, 5.47954511642, 16.6297512054, 23.8683395386, 4.25306129456, 1.64128315449, 1.51497042179, 3.0307302475, 1.79345154762, 1.86036252975, 1.67820847034, 5.34616136551, 4.64068412781, 1.61520600319, 0.36816945672, 0.314908057451, 0.137770563364, 0.148910462856, 0.16282607615, 0.104654118419, 0.0907028913498, 0.0337422937155, 0.0230212341994, 0.0112869767472, 0.010353481397, 0.00417583063245, 0.00202064611949, 0.00288482243195, 0.00207597506233, 0.002159523312, 0.00165612215642, 0.000665170082357, 0.000294610537821, 0.000197703542653, 0.000178884089109, 0.000113204652735, 2.36563464568e-05],
        "dmean2": [0.000999589101411, 0.0107407001778, 0.608145833015, 8.51176166534, 5.19911050797, 15.0855827332, 28.7947463989, 5.39103555679, 2.2547287941, 1.9877024889, 4.28159236908, 2.78851652145, 2.44427275658, 2.15195417404, 5.82914590836, 4.7271232605, 2.21589851379, 0.472427338362, 0.444495856762, 0.206628903747, 0.202076241374, 0.183463126421, 0.152416139841, 0.128149181604, 0.0385038815439, 0.0327141545713, 0.0140668395907, 0.0165649149567, 0.00530655309558, 0.00268401624635, 0.00460217287764, 0.00305795203894, 0.00307962833904, 0.00257557490841, 0.0010936333565, 0.000470860948553, 0.000338104669936, 0.000304560235236, 0.000190676917555, 3.53612304025e-05],
        "dvar": [2.28910430451e-05, 0.00157151650637, 1.03075861931, 275.480743408, 116.389541626, 2822.38134766, 5416.59228516, 117.080596924, 19.2622699738, 9.51664638519, 64.5903015137, 24.5799121857, 33.7727203369, 28.020740509, 384.981079102, 553.586303711, 58.4090499878, 1.44859206676, 1.66116011143, 0.120521344244, 0.298306316137, 0.426510244608, 0.26789316535, 0.167949616909, 0.0122324172407, 0.00471331132576, 0.000989774474874, 0.000960330013186, 9.68541717157e-05, 8.87986971065e-06, 1.12415864351e-05, 6.71893303661e-06, 6.17709201833e-06, 3.24334178003e-06, 5.60893283819e-07, 1.34203602897e-07, 2.54557814827e-08, 2.79513390211e-08, 1.05127622163e-08, 6.83017808978e-10],
        "dvar2": [2.2621030439e-05, 0.00135375570972, 1.19009578228, 268.660858154, 139.11857605, 3154.26538086, 10244.5048828, 178.933776855, 29.9900074005, 13.273935318, 136.321502686, 56.9172515869, 65.2697372437, 56.7825126648, 643.387268066, 885.820678711, 135.455307007, 1.66987013817, 3.75622653961, 0.231483459473, 0.395779639482, 0.541774988174, 0.665672898293, 0.389488309622, 0.0194393824786, 0.00959979742765, 0.00168315682095, 0.00256748590618, 0.000179908689461, 1.70226030605e-05, 2.65689632215e-05, 1.15534439828e-05, 1.09351694846e-05, 6.9484622145e-06, 8.83873610746e-07, 2.94930487144e-07, 5.04577855054e-08, 5.73161003103e-08, 2.01266860955e-08, 1.02855102213e-09],
        "max": [0.0498317331076, 0.512884795666, 10.9196138382, 138.968139648, 113.833221436, 643.24621582, 726.866638184, 122.124359131, 40.5168075562, 38.6243553162, 73.064491272, 35.8221359253, 58.576915741, 57.1161079407, 197.239135742, 211.120010376, 75.1921310425, 18.2309875488, 13.4625701904, 4.92420196533, 5.6372795105, 7.57195234299, 4.6826877594, 4.95862770081, 1.30161118507, 0.84359896183, 0.427582830191, 0.324790984392, 0.128472104669, 0.0381816737354, 0.0266451202333, 0.0211808606982, 0.0213869456202, 0.0152246244252, 0.00705012772232, 0.00315126636997, 0.0014810806606, 0.00168202444911, 0.000871406460647, 0.000279654515907],
        "mean": [0.00120033475105, 0.0178858358413, 0.958848655224, 12.2998247147, 8.18776607513, 24.1072502136, 28.9258670807, 6.9996304512, 2.50918793678, 2.18670845032, 3.47212815285, 2.57697749138, 2.72149181366, 2.86439323425, 7.39495801926, 5.02142524719, 2.08531093597, 0.888852059841, 0.513560652733, 0.312219262123, 0.276919722557, 0.273086428642, 0.126042544842, 0.157008036971, 0.0589162074029, 0.0473950728774, 0.0280292406678, 0.0198324844241, 0.0110496599227, 0.00748847657815, 0.00763345044106, 0.00735748792067, 0.00784321315587, 0.00574369356036, 0.00294396677054, 0.00144753651693, 0.00104582880158, 0.00111445062794, 0.000630186987109, 0.000131921799039],
        "median": [0.000422375625931, 0.00352790998295, 0.227851644158, 2.62098264694, 1.60888075829, 0.851524055004, 3.09078192711, 0.977202951908, 0.277941942215, 0.38248321414, 0.387743234634, 0.238238841295, 0.184285968542, 0.225391820073, 0.277070373297, 0.0752995088696, 0.0405800566077, 0.0324932746589, 0.0505514144897, 0.0454743541777, 0.0284671019763, 0.0197838116437, 0.0183625388891, 0.0151204820722, 0.0135559877381, 0.0152163477615, 0.0118715129793, 0.00854263361543, 0.00581852905452, 0.00567357661203, 0.0062849172391, 0.00604041106999, 0.00666105840355, 0.00507040554658, 0.00252857105806, 0.00126025429927, 0.00104171887506, 0.0011294472497, 0.000611186085735, 0.000127260078443],
        "min": [2.79648411379e-05, 7.69389444031e-05, 0.000704773759935, 0.00330947851762, 0.00383382709697, 0.0118817556649, 0.00649813795462, 0.00700810924172, 0.0107814976946, 0.0261228065938, 0.0204524472356, 0.00936526339501, 0.00456632068381, 0.00398913724348, 0.00323658296838, 0.00261269882321, 0.00171985244378, 0.00122617930174, 0.00203844695352, 0.000893147371244, 0.001314524794, 0.00162248325069, 0.0010188438464, 0.00111914845183, 0.000527700525708, 0.000439451803686, 0.000632554816548, 0.000479631620692, 0.000368773122318, 0.000733054126613, 0.000805016607046, 0.000550414610188, 0.000332140334649, 0.000269074138487, 0.000128283878439, 9.47500884649e-05, 5.41091576451e-05, 3.15448451147e-05, 1.4419715626e-05, 3.27504176312e-06],
        "var": [2.68440180662e-05, 0.00327649642713, 3.46880173683, 640.841308594, 317.589599609, 8402.0703125, 8171.55761719, 363.639343262, 42.2373313904, 29.858247757, 108.149185181, 41.0076789856, 58.7957763672, 59.5557022095, 702.682861328, 656.397705078, 79.886177063, 9.31792831421, 2.96571469307, 0.65312474966, 0.765583574772, 1.11156928539, 0.268918275833, 0.398108392954, 0.0292964037508, 0.0143642676994, 0.00320147909224, 0.0016765051987, 0.000268454605248, 2.82760684058e-05, 2.20090478251e-05, 1.65638102771e-05, 1.97146036953e-05, 9.83818426903e-06, 2.09383233596e-06, 3.65440797623e-07, 4.2400849054e-08, 3.77326401235e-08, 1.34225848214e-08, 1.22619459031e-09]
    },
    "gfcc": {
        "mean": [-188.701660156, 104.867828369, -38.0113067627, -13.7564077377, -41.4950294495, -18.1708240509, -34.891040802, -19.9344348907, -30.2173690796, -21.0866298676, -20.3183250427, -14.4987821579, -9.77001476288],
        "cov": [[4035.72021484, 1976.47399902, -1052.53051758, -412.201293945, 89.206817627, -150.676361084, -192.530075073, -245.080688477, -432.47769165, -170.639633179, -7.94783115387, -15.3166465759, 43.2402572632], [1976.47399902, 1313.22045898, -363.630889893, -222.194320679, 105.242721558, -4.69695854187, -65.6937103271, -138.977111816, -253.545639038, -158.454727173, -49.3121795654, -20.3465137482, -1.99237835407], [-1052.53051758, -363.630889893, 746.486022949, 364.697753906, -80.1997146606, -63.0187568665, -88.9301986694, -22.6217460632, 87.6845016479, -9.88694286346, -79.3013534546, -95.8405456543, -58.4466629028], [-412.201293945, -222.194320679, 364.697753906, 384.952514648, 2.84411811829, -117.205879211, -115.210144043, -43.2313117981, 45.5950584412, 30.9040660858, -13.9043779373, -41.818145752, -39.4650039673], [89.206817627, 105.242721558, -80.1997146606, 2.84411811829, 173.083404541, 101.173423767, 85.1639022827, -3.89934039116, -39.6488304138, -37.1649971008, 6.69263458252, 36.1096534729, -7.96197319031], [-150.676361084, -4.69695854187, -63.0187568665, -117.205879211, 101.173423767, 184.052642822, 156.483779907, 49.4661445618, -10.7884750366, -45.5781478882, -6.33234405518, 21.2807273865, -9.42802333832], [-192.530075073, -65.6937103271, -88.9301986694, -115.210144043, 85.1639022827, 156.483779907, 179.93939209, 85.438331604, 28.2472934723, -10.9012975693, 4.06189250946, 19.4959068298, -19.2131175995], [-245.080688477, -138.977111816, -22.6217460632, -43.2313117981, -3.89934039116, 49.4661445618, 85.438331604, 98.1481552124, 88.8010635376, 44.1046638489, 11.3410692215, -11.518237114, -25.433921814], [-432.47769165, -253.545639038, 87.6845016479, 45.5950584412, -39.6488304138, -10.7884750366, 28.2472934723, 88.8010635376, 147.385314941, 91.9077835083, 18.3725128174, -23.5528259277, -29.1346378326], [-170.639633179, -158.454727173, -9.88694286346, 30.9040660858, -37.1649971008, -45.5781478882, -10.9012975693, 44.1046638489, 91.9077835083, 94.1012039185, 41.9053344727, -2.06874728203, -10.9442434311], [-7.94783115387, -49.3121795654, -79.3013534546, -13.9043779373, 6.69263458252, -6.33234405518, 4.06189250946, 11.3410692215, 18.3725128174, 41.9053344727, 52.655418396, 32.3773612976, 9.64822769165], [-15.3166465759, -20.3465137482, -95.8405456543, -41.818145752, 36.1096534729, 21.2807273865, 19.4959068298, -11.518237114, -23.5528259277, -2.06874728203, 32.3773612976, 59.2180290222, 33.5959281921], [43.2402572632, -1.99237835407, -58.4466629028, -39.4650039673, -7.96197319031, -9.42802333832, -19.2131175995, -25.433921814, -29.1346378326, -10.9442434311, 9.64822769165, 33.5959281921, 46.9543571472]],
        "icov": [[0.00421366048977, -0.00431985175237, 0.0062531051226, -0.00240952335298, 0.00112667493522, 0.00390296475962, -0.00403544912115, 0.0072028953582, -0.00162858562544, 0.00468416232616, -0.00648538023233, 0.013689763844, -0.00346133345738], [-0.00431985175237, 0.00670053623617, -0.0059462049976, 0.00501604471356, -0.00428579514846, -0.00153236917686, 0.00560195976868, -0.00603934330866, 0.00192864937708, -0.00114908837713, 0.00447384035215, -0.0100063951686, 0.00623252801597], [0.0062531051226, -0.0059462049976, 0.0157508794218, -0.00895081087947, 0.00682672159746, 0.00254020467401, -0.00786923989654, 0.0206355080009, -0.0142635488883, 0.017899248749, -0.0102323116735, 0.0225166752934, -0.00298912357539], [-0.00240952335298, 0.00501604471356, -0.00895081087947, 0.0158124025911, -0.0131057742983, 0.00822743400931, 0.00706795463338, -0.00480227684602, 0.00293672201224, -0.0019454350695, -0.000417092960561, -0.00401122448966, 0.00862550735474], [0.00112667493522, -0.00428579514846, 0.00682672159746, -0.0131057742983, 0.0248151104897, -0.012307677418, -0.009600979276, 0.0127615872771, -0.0065792677924, 0.00174466171302, 0.00359317963012, -0.0118288034573, 0.00503290630877], [0.00390296475962, -0.00153236917686, 0.00254020467401, 0.00822743400931, -0.012307677418, 0.0478442981839, -0.0342380702496, 0.0203056558967, -0.0147312311456, 0.0341524221003, -0.0290235634893, 0.0306809414178, -0.0062419208698], [-0.00403544912115, 0.00560195976868, -0.00786923989654, 0.00706795463338, -0.009600979276, -0.0342380702496, 0.0642410293221, -0.0542414747179, 0.02504667826, -0.024759573862, 0.0296954903752, -0.0388877131045, 0.0199945047498], [0.0072028953582, -0.00603934330866, 0.0206355080009, -0.00480227684602, 0.0127615872771, 0.0203056558967, -0.0542414747179, 0.111110650003, -0.0707954019308, 0.0516691729426, -0.0411945879459, 0.0507909469306, -0.000768496014643], [-0.00162858562544, 0.00192864937708, -0.0142635488883, 0.00293672201224, -0.0065792677924, -0.0147312311456, 0.02504667826, -0.0707954019308, 0.0922089442611, -0.0862514898181, 0.0442984327674, -0.0233993344009, -0.00112680508755], [0.00468416232616, -0.00114908837713, 0.017899248749, -0.0019454350695, 0.00174466171302, 0.0341524221003, -0.024759573862, 0.0516691729426, -0.0862514898181, 0.134380698204, -0.0878568515182, 0.0515516549349, 0.000263859605184], [-0.00648538023233, 0.00447384035215, -0.0102323116735, -0.000417092960561, 0.00359317963012, -0.0290235634893, 0.0296954903752, -0.0411945879459, 0.0442984327674, -0.0878568515182, 0.113202705979, -0.0875536799431, 0.0240861270577], [0.013689763844, -0.0100063951686, 0.0225166752934, -0.00401122448966, -0.0118288034573, 0.0306809414178, -0.0388877131045, 0.0507909469306, -0.0233993344009, 0.0515516549349, -0.0875536799431, 0.143941923976, -0.0601240731776], [-0.00346133345738, 0.00623252801597, -0.00298912357539, 0.00862550735474, 0.00503290630877, -0.0062419208698, 0.0199945047498, -0.000768496014643, -0.00112680508755, 0.000263859605184, 0.0240861270577, -0.0601240731776, 0.0730755627155]]
    },
    "melbands": {
        "dmean": [9.0016201284e-06, 0.000183589945664, 0.00116273376625, 0.000762393930927, 0.000771858321968, 0.000133482113597, 2.29194738495e-05, 2.17173928831e-05, 2.32615966524e-05, 1.07507321445e-05, 9.55013092607e-06, 6.37992707198e-06, 1.84334749065e-05, 1.11644712888e-05, 6.78093192619e-06, 2.07284392673e-06, 6.87251770159e-07, 7.11941481768e-07, 2.33447565279e-07, 1.78641499815e-07, 2.02071930744e-07, 1.79664638722e-07, 1.47569579667e-07, 7.42476089499e-08, 7.87286680293e-08, 2.3157715745e-08, 2.29199024204e-08, 1.44997507334e-08, 7.51944728705e-09, 9.78524550277e-09, 4.59002258424e-09, 3.07404324218e-09, 1.52475110315e-09, 1.27902566316e-09, 1.75313175088e-09, 1.67388902739e-09, 1.38584299592e-09, 1.69540992356e-09, 1.69276570539e-09, 1.54723001078e-09],
        "dmean2": [1.14711365313e-05, 0.000193871455849, 0.00120751117356, 0.000688150466885, 0.000898148922715, 0.000163692748174, 3.15657052852e-05, 3.0084818718e-05, 3.32042982336e-05, 1.71484534803e-05, 1.2307094039e-05, 8.59144893184e-06, 1.97198587557e-05, 1.1512472156e-05, 6.78613014315e-06, 3.110676289e-06, 9.51332424393e-07, 1.01984176126e-06, 3.71938199351e-07, 2.4977671842e-07, 2.7206078812e-07, 2.22029115093e-07, 2.16329283376e-07, 9.98094407123e-08, 1.15704558823e-07, 3.13629655579e-08, 3.03334530827e-08, 2.17450093487e-08, 1.01586925538e-08, 1.40577469665e-08, 8.15320255754e-09, 4.26537249965e-09, 2.20708629151e-09, 1.71161862461e-09, 2.83081269536e-09, 2.52493892461e-09, 2.05602801451e-09, 2.44460718335e-09, 2.70128941438e-09, 2.47290832256e-09],
        "dvar": [2.69242361739e-09, 9.88181341199e-08, 5.61043316338e-06, 6.68730172038e-06, 4.01773286285e-06, 1.44215817954e-07, 4.0628247433e-09, 1.78755976687e-09, 4.11154843505e-09, 8.98508767389e-10, 8.49663839286e-10, 2.93996105238e-10, 4.2000540823e-09, 3.00216695948e-09, 1.06168185354e-09, 8.63850588284e-11, 5.2851629323e-12, 9.68918521804e-12, 2.06237113433e-13, 2.24239761959e-13, 5.75324781305e-13, 5.69028710869e-13, 6.06188276658e-13, 9.76124359836e-14, 1.29130118599e-13, 5.41134960463e-15, 5.22344466265e-15, 1.75488286012e-15, 4.20322550611e-16, 1.04763141911e-15, 1.36854451543e-16, 5.85075236647e-17, 4.80285961785e-18, 2.65284287751e-18, 3.70722787725e-18, 4.27830096445e-18, 2.83929435066e-18, 3.75751963131e-18, 3.52694303556e-18, 2.78256568387e-18],
        "dvar2": [2.76055622805e-09, 1.24271181789e-07, 5.37485584573e-06, 7.75621811044e-06, 7.69869529904e-06, 2.05409364185e-07, 6.34907015851e-09, 3.27209948026e-09, 8.46257464104e-09, 2.09368855586e-09, 1.72258296516e-09, 6.42286668295e-10, 6.99058899656e-09, 5.0037911592e-09, 1.80827763874e-09, 2.21572038495e-10, 7.83010201816e-12, 2.39515057093e-11, 4.4389679107e-13, 4.32075870308e-13, 7.15354370791e-13, 6.66026045079e-13, 1.46580263118e-12, 2.30510787324e-13, 3.00255697042e-13, 7.59210538404e-15, 1.10953692794e-14, 3.31255887419e-15, 8.12580887976e-16, 2.22895385993e-15, 4.11095953066e-16, 1.3184609131e-16, 9.59249013616e-18, 5.52130816606e-18, 9.29609643343e-18, 1.00032746458e-17, 5.51762803952e-18, 6.8146174615e-18, 7.76885136178e-18, 6.29799560607e-18],
        "max": [0.00049790146295, 0.00368088856339, 0.0203968212008, 0.0307584032416, 0.0196584220976, 0.00422337697819, 0.000590870855376, 0.000443712604465, 0.000585087749641, 0.000213768638787, 0.000290740223136, 0.000168683327502, 0.000659128068946, 0.000495763786603, 0.000324406573782, 9.22791150515e-05, 3.32346753567e-05, 2.83250956272e-05, 5.67829829379e-06, 6.54776476949e-06, 7.28689656171e-06, 8.71256997925e-06, 6.06803087067e-06, 3.6206652112e-06, 4.34758840129e-06, 7.94392292391e-07, 8.43315149268e-07, 4.96355369251e-07, 2.78885380567e-07, 3.09916430297e-07, 1.2766415125e-07, 8.82992736706e-08, 2.63072532647e-08, 2.03314538538e-08, 1.40075071542e-08, 1.67026943387e-08, 1.12734941382e-08, 1.43958533982e-08, 1.61376885188e-08, 1.27140422634e-08],
        "mean": [1.01104678834e-05, 0.000307997659547, 0.00180735508911, 0.00112897553481, 0.00096876884345, 0.000211392907659, 3.33284297085e-05, 2.70751315838e-05, 2.73311652563e-05, 1.56575133587e-05, 1.36490862133e-05, 1.02431722553e-05, 2.56708863162e-05, 1.2848428014e-05, 8.25982988317e-06, 2.77612548416e-06, 1.59901958341e-06, 9.26936138512e-07, 4.43095416358e-07, 3.57287689212e-07, 3.28039902797e-07, 3.32403629955e-07, 1.35907498588e-07, 1.16958283058e-07, 1.3581690439e-07, 4.14204173182e-08, 3.75249307183e-08, 2.95070314849e-08, 1.78205272761e-08, 1.54096895244e-08, 9.82334391608e-09, 6.49194076274e-09, 4.37175096124e-09, 4.12419520757e-09, 4.33535785049e-09, 4.31843627524e-09, 4.56614390743e-09, 5.45399592156e-09, 5.46535616763e-09, 4.65296823293e-09],
        "median": [1.80511983672e-06, 5.59213112865e-05, 0.000365024898201, 7.17232032912e-05, 0.000105316641566, 2.2454703867e-05, 4.24048357672e-06, 4.32802380601e-06, 2.82698806586e-06, 1.59360251928e-06, 9.1413824066e-07, 7.04531828433e-07, 1.04074581486e-06, 1.83863747338e-07, 1.17747411821e-07, 7.24221038695e-08, 5.18237683877e-08, 8.15983867142e-08, 9.7073574068e-08, 3.58746419238e-08, 2.99598035269e-08, 1.96268210573e-08, 1.76500005722e-08, 1.32727082658e-08, 1.24893588804e-08, 9.57636991927e-09, 9.51611056621e-09, 1.02740269625e-08, 7.39762961999e-09, 6.35513153213e-09, 5.03661556905e-09, 3.25747384622e-09, 3.17380521864e-09, 3.09296566137e-09, 3.66671515373e-09, 3.83447718022e-09, 3.59371399306e-09, 4.67378002966e-09, 4.3440291364e-09, 4.10636946668e-09],
        "min": [1.24729936601e-07, 2.80034839761e-07, 4.88831972234e-07, 6.85839779635e-07, 3.17393642035e-07, 1.8920168543e-07, 1.00692275851e-07, 2.34383279007e-07, 1.67436382981e-07, 4.99226935347e-08, 2.1403657513e-08, 1.62611932808e-08, 1.13831877258e-08, 6.99036561969e-09, 6.27078300397e-09, 2.72331890372e-09, 2.14398498954e-09, 3.10785841506e-09, 2.56401544441e-09, 3.56490448272e-10, 1.938603722e-09, 1.93520022229e-09, 9.56086432247e-10, 8.41204217394e-10, 9.75551084359e-10, 3.22353699289e-10, 5.08751152317e-10, 2.3573490382e-10, 3.5547631505e-10, 3.48936990413e-10, 2.68014249682e-10, 2.01834285396e-10, 2.1207294254e-10, 4.72372585492e-10, 4.84167095305e-10, 3.73623854077e-10, 3.41312200725e-10, 2.099115326e-10, 2.62024096864e-10, 2.01430205848e-10],
        "var": [2.70412914283e-09, 3.62758697747e-07, 1.37198894663e-05, 1.87623227248e-05, 6.63643641019e-06, 3.85095859201e-07, 7.88342990887e-09, 4.34578062425e-09, 6.74956179836e-09, 1.50112033914e-09, 1.43586253998e-09, 6.2910432419e-10, 8.24070500727e-09, 3.57662077732e-09, 1.55676060931e-09, 1.25793805927e-10, 3.02155626908e-11, 1.20245636365e-11, 9.93119757438e-13, 9.9766245612e-13, 1.23216963976e-12, 1.71389378384e-12, 4.18165393805e-13, 1.98288678229e-13, 3.12606846875e-13, 1.29736445111e-14, 1.10170449898e-14, 5.40728003484e-15, 1.36608711404e-15, 1.41484095405e-15, 3.23976020402e-16, 1.14360260784e-16, 1.30918264324e-17, 8.89462928621e-18, 7.22979016428e-18, 7.16664485068e-18, 6.80630222839e-18, 1.00712506942e-17, 1.10508864839e-17, 6.61964023777e-18]
    },
    "mfcc": {
        "mean": [-871.314758301, 172.064971924, 42.3447418213, 14.1737003326, 6.2720913887, -4.92823410034, -2.10474133492, -9.27385902405, -7.46760177612, -10.8725576401, -16.6602649689, -13.0498113632, -11.1853427887],
        "cov": [[4441.48974609, 1772.8314209, -1218.84692383, -367.058502197, -199.834762573, -208.38092041, 10.9589748383, -264.277496338, -345.804473877, -425.507385254, -300.012573242, -200.180236816, -193.642181396], [1772.8314209, 1063.53405762, -441.188140869, -270.157104492, -79.2410736084, -33.9221115112, 83.9824295044, -29.9333553314, -108.285842896, -190.457382202, -189.101669312, -151.816925049, -102.552139282], [-1218.84692383, -441.188140869, 774.735839844, 341.784515381, 117.286262512, 1.5340013504, -137.357955933, -48.9555435181, 34.492729187, 114.553497314, 60.0126533508, -15.289106369, -23.9004421234], [-367.058502197, -270.157104492, 341.784515381, 406.374389648, 144.138366699, 4.66809749603, -118.498077393, -92.7120895386, -50.7426757812, 29.2185001373, 38.7210235596, 7.85026741028, -2.39885544777], [-199.834762573, -79.2410736084, 117.286262512, 144.138366699, 101.431991577, 46.6238441467, -9.49830436707, -4.87220287323, -15.5131635666, 3.7515847683, -9.53781032562, -11.6103639603, 5.07864761353], [-208.38092041, -33.9221115112, 1.5340013504, 4.66809749603, 46.6238441467, 92.9015731812, 74.9428710938, 67.3632659912, 22.0651035309, -4.15379571915, -11.6723985672, -3.03815674782, 11.0255908966], [10.9589748383, 83.9824295044, -137.357955933, -118.498077393, -9.49830436707, 74.9428710938, 137.022323608, 105.925506592, 30.1475429535, -17.7606201172, -23.2426452637, -5.41241168976, 11.5454301834], [-264.277496338, -29.9333553314, -48.9555435181, -92.7120895386, -4.87220287323, 67.3632659912, 105.925506592, 127.817390442, 73.3312683105, 28.402463913, 10.9836797714, 12.1146879196, 21.1939697266], [-345.804473877, -108.285842896, 34.492729187, -50.7426757812, -15.5131635666, 22.0651035309, 30.1475429535, 73.3312683105, 93.0488967896, 78.6918411255, 51.892539978, 35.9073371887, 28.7384223938], [-425.507385254, -190.457382202, 114.553497314, 29.2185001373, 3.7515847683, -4.15379571915, -17.7606201172, 28.402463913, 78.6918411255, 127.63809967, 100.113998413, 64.6507797241, 46.374168396], [-300.012573242, -189.101669312, 60.0126533508, 38.7210235596, -9.53781032562, -11.6723985672, -23.2426452637, 10.9836797714, 51.892539978, 100.113998413, 130.511245728, 92.8775787354, 53.6059532166], [-200.180236816, -151.816925049, -15.289106369, 7.85026741028, -11.6103639603, -3.03815674782, -5.41241168976, 12.1146879196, 35.9073371887, 64.6507797241, 92.8775787354, 90.669128418, 56.0331420898], [-193.642181396, -102.552139282, -23.9004421234, -2.39885544777, 5.07864761353, 11.0255908966, 11.5454301834, 21.1939697266, 28.7384223938, 46.374168396, 53.6059532166, 56.0331420898, 59.001285553]],
