{
"lowlevel": {
    "average_loudness": 0.99068403244,
    "barkbands_crest": {
        "dmean": 5.00011968613,
        "dmean2": 8.86953449249,
        "dvar": 18.574344635,
        "dvar2": 47.0080223083,
        "max": 25.6485328674,
        "mean": 14.6757726669,
        "median": 14.4213104248,
        "min": 4.12623167038,
        "var": 41.7276229858
    },
    "barkbands_flatness_db": {
        "dmean": 0.0509960725904,
        "dmean2": 0.0762711390853,
        "dvar": 0.00174233177677,
        "dvar2": 0.00390987237915,
        "max": 0.449073731899,
        "mean": 0.209214970469,
        "median": 0.19877910614,
        "min": 0.0405224971473,
        "var": 0.00923926476389
    },
    "barkbands_kurtosis": {
        "dmean": 11.747220993,
        "dmean2": 20.1055088043,
        "dvar": 192.678207397,
        "dvar2": 550.416259766,
        "max": 68.5293045044,
        "mean": 13.5077562332,
        "median": 9.09907722473,
        "min": -0.694538116455,
        "var": 262.654907227
    },
    "barkbands_skewness": {
        "dmean": 1.39172494411,
        "dmean2": 2.30880665779,
        "dvar": 1.80474960804,
        "dvar2": 5.97715377808,
        "max": 8.14240169525,
        "mean": 2.51074624062,
        "median": 2.26547932625,
        "min": 0.0948602929711,
        "var": 2.80197072029
    },
    "barkbands_spread": {
        "dmean": 13.3254671097,
        "dmean2": 24.6858539581,
        "dvar": 425.220153809,
        "dvar2": 1397.23791504,
        "max": 101.716125488,
        "mean": 22.1919631958,
        "median": 11.4783573151,
        "min": 0.471374362707,
        "var": 550.339904785
    },
    "dissonance": {
        "dmean": 0.0325836203992,
        "dmean2": 0.0512961931527,
        "dvar": 0.00100992363878,
        "dvar2": 0.00240163574927,
        "max": 0.494923889637,
        "mean": 0.441276788712,
        "median": 0.454245626926,
        "min": 0.305907279253,
        "var": 0.00224040076137
    },
    "dynamic_complexity": 35.2655410767,
    "erbbands_crest": {
        "dmean": 4.09139156342,
        "dmean2": 6.90987014771,
        "dvar": 15.0971651077,
        "dvar2": 33.1723899841,
        "max": 25.371088028,
        "mean": 11.5463237762,
        "median": 9.98109436035,
        "min": 2.22851228714,
        "var": 47.131111145
    },
    "erbbands_flatness_db": {
        "dmean": 0.028784012422,
        "dmean2": 0.0353356674314,
        "dvar": 0.000975561211817,
        "dvar2": 0.000896380515769,
        "max": 0.387780278921,
        "mean": 0.18152102828,
        "median": 0.154946953058,
        "min": 0.0275605190545,
        "var": 0.0131542589515
    },
    "erbbands_kurtosis": {
        "dmean": 3.38286137581,
        "dmean2": 4.61197948456,
        "dvar": 28.360162735,
        "dvar2": 45.9532928467,
        "max": 45.9102478027,
        "mean": 6.28369617462,
        "median": 1.00162124634,
        "min": -1.41783773899,
        "var": 130.939041138
    },
    "erbbands_skewness": {
        "dmean": 0.608557701111,
        "dmean2": 0.821543335915,
        "dvar": 0.342804759741,
        "dvar2": 0.71922814846,
        "max": 5.6628484726,
        "mean": 1.23420357704,
        "median": 0.796765327454,
        "min": -0.525463998318,
        "var": 1.90353536606
    },
    "erbbands_spread": {
        "dmean": 7.7345905304,
        "dmean2": 10.8943824768,
        "dvar": 64.0961990356,
        "dvar2": 130.564926147,
        "max": 116.35092926,
        "mean": 32.4637374878,
        "median": 17.6945304871,
        "min": 3.68180680275,
        "var": 973.453369141
    },
    "hfc": {
        "dmean": 3.17705607414,
        "dmean2": 4.59875869751,
        "dvar": 167.172225952,
        "dvar2": 381.102966309,
        "max": 92.9946365356,
        "mean": 4.3821349144,
        "median": 0.00586301088333,
        "min": 0.00180469010957,
        "var": 226.258605957
    },
    "melbands_crest": {
        "dmean": 4.60322380066,
        "dmean2": 7.39010477066,
        "dvar": 13.8307085037,
        "dvar2": 30.9035129547,
        "max": 36.3625640869,
        "mean": 18.3494472504,
        "median": 16.132226944,
        "min": 5.12771654129,
        "var": 60.4585914612
    },
    "melbands_flatness_db": {
        "dmean": 0.0419221892953,
        "dmean2": 0.0566179230809,
        "dvar": 0.00162402412388,
        "dvar2": 0.0023366434034,
        "max": 0.556606948376,
        "mean": 0.285242587328,
        "median": 0.280952960253,
        "min": 0.0969440639019,
        "var": 0.01371071022
    },
    "melbands_kurtosis": {
        "dmean": 12.5827760696,
        "dmean2": 21.8794727325,
        "dvar": 386.134338379,
        "dvar2": 1143.6619873,
        "max": 129.855026245,
        "mean": 15.9954710007,
        "median": 8.2041015625,
        "min": -0.856305837631,
        "var": 484.437438965
    },
    "melbands_skewness": {
        "dmean": 1.03017234802,
        "dmean2": 1.6400154829,
        "dvar": 1.25660026073,
        "dvar2": 3.52769446373,
        "max": 10.1525373459,
        "mean": 2.39293146133,
        "median": 1.81244492531,
        "min": -0.283723443747,
        "var": 4.45872688293
    },
    "melbands_spread": {
        "dmean": 5.27755832672,
        "dmean2": 9.73998069763,
        "dvar": 59.6425819397,
        "dvar2": 156.225769043,
        "max": 48.93019104,
        "mean": 12.5471029282,
        "median": 8.80908679962,
        "min": 0.845780670643,
        "var": 117.796203613
    },
    "pitch_salience": {
        "dmean": 0.140839979053,
        "dmean2": 0.233892321587,
        "dvar": 0.01272768341,
        "dvar2": 0.0345799922943,
        "max": 0.874516248703,
        "mean": 0.46693789959,
        "median": 0.499808371067,
        "min": 0.0923288092017,
        "var": 0.0334537141025
    },
    "silence_rate_20dB": {
        "dmean": 0,
        "dmean2": 0,
        "dvar": 0,
        "dvar2": 0,
        "max": 1,
        "mean": 1,
        "median": 1,
        "min": 1,
        "var": 0
    },
    "silence_rate_30dB": {
        "dmean": 0.0333333350718,
        "dmean2": 0.0677966102958,
        "dvar": 0.0322222262621,
        "dvar2": 0.0632002428174,
        "max": 1,
        "mean": 0.967213094234,
        "median": 1,
        "min": 0,
        "var": 0.03171190992
    },
    "silence_rate_60dB": {
        "dmean": 0.0666666701436,
        "dmean2": 0.118644066155,
        "dvar": 0.0622222349048,
        "dvar2": 0.104567661881,
        "max": 1,
        "mean": 0.786885261536,
        "median": 1,
        "min": 0,
        "var": 0.167696803808
    },
    "spectral_centroid": {
        "dmean": 153.747879028,
        "dmean2": 242.199356079,
        "dvar": 68892.7421875,
        "dvar2": 156393.640625,
        "max": 2107.46850586,
        "mean": 876.247680664,
        "median": 563.367736816,
        "min": 251.402145386,
        "var": 331183.59375
    },
    "spectral_complexity": {
        "dmean": 1.04999995232,
        "dmean2": 1.47457623482,
        "dvar": 7.84750080109,
        "dvar2": 10.5205411911,
        "max": 24,
        "mean": 2.90163946152,
        "median": 0,
        "min": 0,
        "var": 35.0067214966
    },
    "spectral_decrease": {
        "dmean": 2.22041718345e-09,
        "dmean2": 3.14526493739e-09,
        "dvar": 8.1771892366e-17,
        "dvar2": 1.90188635456e-16,
        "max": -4.99411574378e-14,
        "mean": -2.93098834092e-09,
        "median": -1.77328616201e-12,
        "min": -6.48046096785e-08,
        "var": 1.05701678239e-16
    },
    "spectral_energy": {
        "dmean": 0.00866847950965,
        "dmean2": 0.0122805768624,
        "dvar": 0.00124619237613,
        "dvar2": 0.00289670145139,
        "max": 0.253021419048,
        "mean": 0.0114596607164,
        "median": 6.88425961926e-06,
        "min": 3.69998616634e-07,
        "var": 0.00161338062026
    },
    "spectral_energyband_high": {
        "dmean": 5.84026793149e-06,
        "dmean2": 1.09065540528e-05,
        "dvar": 7.9208045678e-10,
        "dvar2": 2.30817320812e-09,
        "max": 0.000170115876244,
        "mean": 3.89939668821e-06,
        "median": 9.29722219212e-08,
        "min": 5.9246389128e-08,
        "var": 4.72587191602e-10
    },
    "spectral_energyband_low": {
        "dmean": 0.000599996245001,
        "dmean2": 0.000695640046615,
        "dvar": 4.14824853578e-06,
        "dvar2": 5.86465330343e-06,
        "max": 0.0179128088057,
        "mean": 0.00154913519509,
        "median": 6.64516164761e-07,
        "min": 8.94050913303e-08,
        "var": 1.77824113052e-05
    },
    "spectral_energyband_middle_high": {
        "dmean": 0.000225371899433,
        "dmean2": 0.000386412488297,
        "dvar": 8.02482816198e-07,
        "dvar2": 1.62873197951e-06,
        "max": 0.00621978892013,
        "mean": 0.00044688466005,
        "median": 5.16465206601e-07,
        "min": 1.149634965e-08,
        "var": 1.83337567705e-06
    },
    "spectral_energyband_middle_low": {
        "dmean": 0.00829448644072,
        "dmean2": 0.0118853440508,
        "dvar": 0.00114616646897,
        "dvar2": 0.00267451675609,
        "max": 0.241314679384,
        "mean": 0.0105992024764,
        "median": 3.31230353368e-06,
        "min": 6.58386056784e-08,
        "var": 0.00143116118852
    },
    "spectral_entropy": {
        "dmean": 0.282053947449,
        "dmean2": 0.341659814119,
        "dvar": 0.103450469673,
        "dvar2": 0.113459140062,
        "max": 8.74036979675,
        "mean": 7.11710548401,
        "median": 7.36302518845,
        "min": 4.8292016983,
        "var": 1.19217932224
    },
    "spectral_flux": {
        "dmean": 0.0188763607293,
        "dmean2": 0.0286844670773,
        "dvar": 0.00418754015118,
        "dvar2": 0.0102474400774,
        "max": 0.482809901237,
        "mean": 0.0301368795335,
        "median": 0.00196446967311,
        "min": 0.00037624099059,
        "var": 0.00583237968385
    },
    "spectral_kurtosis": {
        "dmean": 8.39522647858,
        "dmean2": 11.851266861,
        "dvar": 248.536087036,
        "dvar2": 488.726654053,
        "max": 119.939956665,
        "mean": 21.6477031708,
        "median": 8.46329689026,
        "min": 0.319799423218,
        "var": 692.988464355
    },
    "spectral_rms": {
        "dmean": 0.000594088807702,
        "dmean2": 0.000804406707175,
        "dvar": 4.01933357352e-06,
        "dvar2": 8.52197899803e-06,
        "max": 0.0157114658505,
        "mean": 0.00138641207013,
        "median": 8.19533452159e-05,
        "min": 1.89993224922e-05,
        "var": 9.25801668927e-06
    },
    "spectral_rolloff": {
        "dmean": 2081.54321289,
        "dmean2": 3891.66967773,
        "dvar": 27013304,
        "dvar2": 80860816,
        "max": 19401.4160156,
        "mean": 1714.53735352,
        "median": 602.9296875,
        "min": 21.533203125,
        "var": 16704327
    },
    "spectral_skewness": {
        "dmean": 0.574546635151,
        "dmean2": 0.718679308891,
        "dvar": 0.603719115257,
        "dvar2": 0.763920783997,
        "max": 8.04955482483,
        "mean": 3.30644774437,
        "median": 2.45199561119,
        "min": 0.965887248516,
        "var": 3.4903190136
    },
    "spectral_spread": {
        "dmean": 1334240.375,
        "dmean2": 1582924.75,
        "dvar": 7.5544133632e+12,
        "dvar2": 3.72602280346e+12,
        "max": 29823560,
        "mean": 6410756.5,
        "median": 5643804,
        "min": 814285.75,
        "var": 2.20382825021e+13
    },
    "spectral_strongpeak": {
        "dmean": 0.157404571772,
        "dmean2": 0.246026679873,
        "dvar": 0.16495205462,
        "dvar2": 0.362430423498,
        "max": 2.52598953247,
        "mean": 0.197628453374,
        "median": 0.0108333546668,
        "min": 0,
        "var": 0.220949485898
    },
    "zerocrossingrate": {
        "dmean": 0.02978515625,
        "dmean2": 0.0425880551338,
        "dvar": 0.00161402230151,
        "dvar2": 0.00392458029091,
        "max": 0.3427734375,
        "mean": 0.0825675576925,
        "median": 0.06640625,
        "min": 0.005859375,
        "var": 0.00477992277592
    },
    "barkbands": {
        "dmean": [1.52530844844e-06, 9.21343598748e-07, 0.000202904746402, 0.000517012842465, 0.000941930629779, 0.00639819307253, 0.000380790792406, 0.000186067729373, 0.000575070211198, 0.000374392257072, 6.28059206065e-05, 6.06477478868e-05, 2.76628197753e-05, 2.63514648395e-05, 1.43372617458e-05, 1.0754332834e-05, 5.54650796403e-06, 4.96312213727e-06, 5.78083154323e-06, 3.83904307455e-06, 1.493315267e-06, 6.32090007002e-07, 4.56125832216e-07, 9.15862813144e-07, 6.64071194478e-07, 2.1631838365e-07, 6.64646648829e-08],
        "dmean2": [2.6710245038e-06, 1.1901391872e-06, 0.000277683284367, 0.000551383942366, 0.00154275482055, 0.0102499201894, 0.00063548842445, 0.000278542604065, 0.00094251090195, 0.000539270695299, 0.000111198467494, 9.69583998085e-05, 4.99099041917e-05, 4.41276206402e-05, 2.652029616e-05, 1.36814169309e-05, 7.03792966306e-06, 8.41284963826e-06, 1.12164370876e-05, 7.25144172975e-06, 2.74604417427e-06, 1.23701784105e-06, 8.35867751903e-07, 1.7615869865e-06, 1.30437490498e-06, 4.11144384316e-07, 1.22357249666e-07],
        "dvar": [3.13899015288e-12, 1.09942827412e-11, 6.43624275654e-07, 2.6406314646e-06, 1.22503597595e-05, 0.000786968448665, 1.05571132281e-06, 3.10691234517e-07, 3.29601607518e-06, 1.01785508377e-06, 4.02883557626e-08, 4.01812627615e-08, 1.03098232174e-08, 1.28060557714e-08, 4.01238553493e-09, 1.3626134665e-09, 3.88339749247e-10, 4.92559881771e-10, 8.35608138239e-10, 3.63294838657e-10, 5.16032182263e-11, 9.77327420382e-12, 4.53152532859e-12, 2.07094966176e-11, 1.065165664e-11, 9.88048943877e-13, 5.29637775694e-14],
        "dvar2": [6.74212205162e-12, 1.51012067434e-11, 1.27581859033e-06, 3.35803156304e-06, 2.33499631577e-05, 0.00201641675085, 2.30511477639e-06, 7.51080165173e-07, 8.93463584362e-06, 2.05192031899e-06, 1.03010385999e-07, 7.971304683e-08, 2.58180019586e-08, 2.69669087061e-08, 1.11389377722e-08, 2.03915728747e-09, 5.7128546338e-10, 1.30839006296e-09, 2.44969022845e-09, 1.06310660275e-09, 1.48361448127e-10, 2.9188738232e-11, 1.29911446184e-11, 6.10200570628e-11, 3.16084762531e-11, 2.89894475612e-12, 1.45430000507e-13],
        "max": [8.95253924682e-06, 2.23035931413e-05, 0.00605175457895, 0.0153369596228, 0.0227928049862, 0.190826207399, 0.0077566546388, 0.00406853109598, 0.01346360147, 0.00829287525266, 0.00158557703253, 0.00164079701062, 0.000693433452398, 0.000787538650911, 0.000426963088103, 0.00030858363607, 0.000161514093634, 0.000145816142322, 0.000172529224074, 0.000114314068924, 4.39773866674e-05, 1.82442799996e-05, 1.30492499011e-05, 2.67706818704e-05, 1.92110765056e-05, 5.87015392739e-06, 1.29546970129e-06],
        "mean": [1.52067445924e-06, 9.45633360061e-07, 0.000469784659799, 0.00135038048029, 0.0011712401174, 0.00593464402482, 0.000768405559938, 0.000197905785171, 0.000670323963277, 0.000586115405895, 8.93815376912e-05, 9.11609386094e-05, 4.4318541768e-05, 3.38685895258e-05, 1.59730116138e-05, 1.38838022394e-05, 6.82211930325e-06, 3.91631783714e-06, 3.71847022507e-06, 2.42008309215e-06, 1.00002318959e-06, 4.03206797728e-07, 3.1344427498e-07, 5.48620505469e-07, 4.13543943978e-07, 1.49238630343e-07, 1.10716833035e-07],
        "median": [9.9446697277e-07, 5.18701881447e-08, 1.60886948208e-08, 4.26441495449e-08, 6.33827880847e-07, 1.97078833253e-07, 7.31221120986e-07, 3.63377694157e-07, 3.77340569457e-07, 1.14117170824e-07, 7.6095403756e-08, 3.27189226823e-08, 1.1096175534e-08, 8.74629613179e-09, 5.9103419936e-09, 6.56559118184e-09, 4.32274482876e-09, 6.90994239605e-09, 7.27456228589e-09, 5.37685007629e-09, 4.21382617688e-09, 2.81860534912e-09, 5.36454924926e-09, 9.18425513419e-09, 8.87709106223e-09, 7.56753770759e-09, 5.86928159407e-08],
        "min": [3.55613600789e-08, 1.1388291199e-08, 7.95999433034e-10, 8.61876681135e-10, 1.17917631215e-08, 8.21216783464e-09, 1.17109033582e-09, 3.40012351607e-09, 8.38643654522e-10, 6.55992982157e-10, 7.07373604136e-10, 5.39931654941e-10, 4.64160293534e-10, 3.17954357287e-10, 4.23425045026e-10, 6.33042229747e-10, 6.13712469733e-10, 5.82376036284e-10, 8.60692406235e-10, 1.02606512176e-09, 8.42355296626e-10, 8.73127403711e-10, 1.17510889908e-09, 2.01879002404e-09, 2.45505038521e-09, 4.10163236708e-09, 4.63968490294e-08],
        "var": [3.46343656879e-12, 1.15571866313e-11, 1.7469795921e-06, 1.31134438561e-05, 1.60883882927e-05, 0.000732135435101, 3.4403360587e-06, 3.60040303349e-07, 4.27672966907e-06, 2.66950110017e-06, 7.94318992803e-08, 8.59130793174e-08, 1.82603923093e-08, 1.74866396918e-08, 3.93315913172e-09, 2.75720113407e-09, 7.13830716759e-10, 3.82586767822e-10, 4.84520812361e-10, 2.13363340884e-10, 3.19998298692e-11, 5.38470136535e-12, 2.81053479101e-12, 1.15542931126e-11, 5.9561314214e-12, 5.64740094966e-13, 3.99556215479e-14]
    },
    "erbbands": {
        "dmean": [6.67637286824e-05, 0.00235437555239, 0.135142967105, 1.36794912815, 1.11356532574, 4.89049053192, 27.5661869049, 66.5047836304, 14.5130300522, 5.04394102097, 2.86720728874, 10.5446052551, 20.1393146515, 2.26000523567, 3.01765608788, 1.80286490917, 1.30622708797, 1.6694227457, 0.97058904171, 0.610180675983, 0.616141021252, 0.292524904013, 0.259535521269, 0.255985170603, 0.291794210672, 0.183076143265, 0.0715322941542, 0.0549772754312, 0.0205552354455, 0.00893953070045, 0.0138298291713, 0.0149714918807, 0.0178390815854, 0.0056611080654, 0.00524195935577, 0.00189312442672, 0.000260392494965, 6.30347713013e-05, 1.39587773447e-05, 1.00694724097e-05],
        "dmean2": [9.41025646171e-05, 0.00359942065552, 0.183308750391, 1.5111515522, 1.79182255268, 7.13343954086, 38.5882339478, 126.465621948, 26.0411891937, 8.00976085663, 4.3724489212, 17.8742580414, 29.3088436127, 3.77333855629, 5.06996631622, 2.57623028755, 2.40560054779, 3.06028866768, 1.73263633251, 1.01066994667, 0.834024608135, 0.409451514482, 0.399902284145, 0.471405774355, 0.563154160976, 0.352344840765, 0.13046438992, 0.100515775383, 0.0389638096094, 0.01561709214, 0.0258625783026, 0.0287830661982, 0.0344081036747, 0.0111496839672, 0.0101942038164, 0.00365362968296, 0.000486321863718, 0.00011886721768, 2.40138670051e-05, 1.46804504766e-05],
        "dvar": [5.00161654315e-08, 8.36513791e-05, 0.284150153399, 20.1927146912, 15.74355793, 307.59161377, 10987.3447266, 94044.71875, 3215.17163086, 307.387237549, 63.6156845093, 1386.90710449, 3130.75732422, 71.1322402954, 130.765884399, 38.5772590637, 21.8241596222, 48.9313201904, 12.849404335, 6.10626411438, 4.93749666214, 1.23013627529, 1.29188394547, 1.52644467354, 2.15363335609, 0.848441064358, 0.117387033999, 0.0690959915519, 0.00978575460613, 0.0015014638193, 0.00434230314568, 0.00548145733774, 0.00792572367936, 0.000733275141101, 0.000668354739901, 8.52644516272e-05, 1.27914688619e-06, 6.45876028216e-08, 2.40731212742e-09, 1.64289415405e-09],
        "dvar2": [1.04661360467e-07, 0.000203121977393, 0.579829633236, 25.962469101, 41.0147018433, 729.980957031, 18936.6757812, 273239.6875, 8970.13769531, 785.376098633, 155.665603638, 3908.54443359, 5857.13378906, 125.508453369, 344.271697998, 61.8394126892, 55.78175354, 104.880233765, 37.3423423767, 14.6930999756, 8.79444122314, 1.90627253056, 3.15381479263, 4.4093079567, 6.31345415115, 2.51046466827, 0.335066139698, 0.197906538844, 0.0289378128946, 0.00419104332104, 0.0126596540213, 0.0162025410682, 0.0233329627663, 0.00218467693776, 0.00197418523021, 0.000251800258411, 3.70788211512e-06, 1.85083607107e-07, 6.5309015973e-09, 3.86339404912e-09],
        "max": [0.00164737773594, 0.0679831430316, 4.02666330338, 40.7289733887, 28.5450153351, 118.468025208, 810.982299805, 1913.63867188, 377.116912842, 127.189735413, 58.0197296143, 262.520324707, 494.502380371, 63.9901428223, 89.2032089233, 50.3396110535, 30.7244720459, 45.6037597656, 23.3484077454, 17.4262619019, 18.1112709045, 8.51487731934, 7.7362370491, 7.63166856766, 8.70457935333, 5.44994068146, 2.11128473282, 1.6182050705, 0.591134488583, 0.246258348227, 0.397241711617, 0.435171186924, 0.522620618343, 0.161075770855, 0.152141869068, 0.0540992170572, 0.00671910587698, 0.00148429779802, 0.000320033781463, 0.000291505508358],
        "mean": [0.000139915617183, 0.00450747506693, 0.316655427217, 3.60645055771, 1.97800052166, 4.72217750549, 29.9102458954, 49.6353721619, 19.140411377, 5.77867269516, 3.40436124802, 10.820649147, 33.535484314, 4.91760873795, 3.75316977501, 3.29927897453, 2.09889173508, 1.92307126522, 1.09166204929, 0.734683871269, 0.71503251791, 0.375608175993, 0.232873663306, 0.183404013515, 0.179314658046, 0.112901084125, 0.0488652065396, 0.0370186828077, 0.0140223111957, 0.00717374356464, 0.00919935945421, 0.00917585473508, 0.0105076227337, 0.00377531186678, 0.00318596349098, 0.00116205995437, 0.000199043264729, 5.82647589908e-05, 1.96720211534e-05, 1.44679579535e-05],
        "median": [7.50941671868e-06, 6.23328833171e-06, 1.67769921973e-05, 9.04022454051e-05, 0.000848259427585, 0.0027212514542, 0.00190860708244, 0.00207996205427, 0.00358983688056, 0.037260491401, 0.00705616548657, 0.00848471000791, 0.00761947734281, 0.00554318772629, 0.00258625415154, 0.00116613844875, 0.000505542207975, 0.000474107160699, 0.000285801914288, 0.000242886584601, 0.000273542915238, 0.00029259279836, 0.000369833986042, 0.000449454732006, 0.00031742543797, 0.000271155382507, 0.000236577776377, 0.000139165160363, 8.95890407264e-05, 0.000127861450892, 0.000158107359312, 0.000161296396982, 0.000163507109392, 0.000108299318526, 6.27684712526e-05, 3.03765791614e-05, 1.33686280606e-05, 1.20904751384e-05, 6.74957482261e-06, 1.21137429687e-06],
        "min": [6.03585476711e-07, 9.73512214841e-07, 1.24923337808e-06, 4.3787335926e-06, 9.65815524978e-06, 4.58162212453e-05, 7.7581476944e-05, 4.80324815726e-05, 3.99459131586e-05, 0.00010114487668, 5.05924908794e-05, 2.39085075009e-05, 2.00483336812e-05, 2.63405981968e-05, 2.60741799138e-05, 2.74176709354e-05, 2.7746807973e-05, 2.10236667044e-05, 2.36860687437e-05, 3.78929034923e-05, 3.29440081259e-05, 4.39823998022e-05, 3.89738670492e-05, 3.89355700463e-05, 4.68901162094e-05, 4.71614621347e-05, 4.11684268329e-05, 2.4618640964e-05, 2.83731842501e-05, 3.08844719257e-05, 3.45987464243e-05, 3.06393594656e-05, 3.0574738048e-05, 2.66029728664e-05, 1.8572603949e-05, 9.69228130998e-06, 7.98442761152e-06, 7.08383277015e-06, 4.7876624194e-06, 9.14702297905e-07],
        "var": [1.14366741855e-07, 0.000158742172061, 0.780221283436, 94.9065246582, 24.4926261902, 305.24899292, 16299.4296875, 63029.7539062, 3270.4362793, 327.109771729, 86.8416976929, 1387.30273438, 8575.35546875, 197.286132812, 170.927383423, 102.753921509, 38.9965057373, 59.1496963501, 15.4260063171, 7.96729373932, 8.09089374542, 2.16560649872, 1.19950294495, 0.969328165054, 1.228910923, 0.482277005911, 0.0741598829627, 0.0434448085725, 0.00570642901585, 0.00105146411806, 0.00257837888785, 0.00305956834927, 0.0043993559666, 0.000421846925747, 0.000373071350623, 4.71828243462e-05, 7.6895815937e-07, 4.06675866316e-08, 1.99702676618e-09, 2.07661465801e-09]
    },
    "gfcc": {
        "mean": [-392.030395508, 82.6510620117, -62.010471344, -24.112154007, -60.0804862976, -19.370759964, -31.8299064636, -1.19203484058, -19.5270709991, -10.4040603638, -9.01961898804, -8.31818962097, -4.88566207886],
        "cov": [[28457.0449219, 9958.74316406, -4028.78125, -1448.37963867, -1355.38781738, -400.283966064, -1095.59936523, -1397.18701172, -1585.32983398, -1087.91333008, -773.111450195, -723.912353516, -105.081436157], [9958.74316406, 5026.86865234, -1006.45788574, -1104.52563477, -928.717651367, -495.652282715, -288.582977295, -627.962524414, -627.282348633, -704.336486816, -472.818206787, -469.243804932, -134.839508057], [-4028.78125, -1006.45788574, 1136.60266113, 91.8980255127, -129.966842651, -102.696922302, 131.962493896, 180.964859009, 172.230163574, 79.9927978516, -2.27093172073, 44.4713249207, -64.3617782593], [-1448.37963867, -1104.52563477, 91.8980255127, 462.27722168, 397.212585449, 190.298339844, 17.6833515167, 101.081100464, 121.227668762, 186.775817871, 127.685890198, 100.178794861, 25.9344139099], [-1355.38781738, -928.717651367, -129.966842651, 397.212585449, 558.081176758, 230.651809692, 64.1364822388, 47.2206611633, 133.993164062, 163.490020752, 153.996856689, 100.53868866, 48.677734375], [-400.283966064, -495.652282715, -102.696922302, 190.298339844, 230.651809692, 157.944976807, 10.4685029984, 34.147693634, 41.3200912476, 100.435272217, 76.8690338135, 71.4281768799, 34.0655441284], [-1095.59936523, -288.582977295, 131.962493896, 17.6833515167, 64.1364822388, 10.4685029984, 121.130729675, 71.1704559326, 127.498222351, 42.9017410278, 18.0904350281, 19.7045402527, -11.4425783157], [-1397.18701172, -627.962524414, 180.964859009, 101.081100464, 47.2206611633, 34.147693634, 71.1704559326, 142.544387817, 139.199050903, 98.4576950073, 41.584980011, 44.2116775513, 3.69430923462], [-1585.32983398, -627.282348633, 172.230163574, 121.227668762, 133.993164062, 41.3200912476, 127.498222351, 139.199050903, 227.512832642, 120.886985779, 58.7483062744, 42.2875976562, 3.59039568901], [-1087.91333008, -704.336486816, 79.9927978516, 186.775817871, 163.490020752, 100.435272217, 42.9017410278, 98.4576950073, 120.886985779, 149.618743896, 88.2494125366, 77.4278030396, 16.9373035431], [-773.111450195, -472.818206787, -2.27093172073, 127.685890198, 153.996856689, 76.8690338135, 18.0904350281, 41.584980011, 58.7483062744, 88.2494125366, 81.6580886841, 58.1964683533, 27.8967418671], [-723.912353516, -469.243804932, 44.4713249207, 100.178794861, 100.53868866, 71.4281768799, 19.7045402527, 44.2116775513, 42.2875976562, 77.4278030396, 58.1964683533, 84.3482513428, 32.3751449585], [-105.081436157, -134.839508057, -64.3617782593, 25.9344139099, 48.677734375, 34.0655441284, -11.4425783157, 3.69430923462, 3.59039568901, 16.9373035431, 27.8967418671, 32.3751449585, 50.9856452942]],
        "icov": [[0.0019203730626, -0.00400594621897, 0.00425357511267, -0.00605549756438, 0.00412623444572, -0.000999316107482, 0.0031141822692, 0.00167428993154, 0.000342768616974, -0.00753128714859, 0.00762609532103, -0.00537305977196, 0.000836000021081], [-0.00400594621897, 0.0106573142111, -0.00774235790595, 0.0141998259351, -0.00750109599903, 0.00164440856315, -0.0053915027529, 0.00336947548203, -0.00336641375907, 0.0161472540349, -0.0115581275895, 0.014085771516, -0.000206342316233], [0.00425357511267, -0.00774235790595, 0.0119254514575, -0.014917534776, 0.0111285885796, 0.00032035438926, 0.00499148713425, 0.00625000661239, -2.99494495266e-05, -0.01586686261, 0.0184304788709, -0.0128207616508, 0.00409112032503], [-0.00605549756438, 0.0141998259351, -0.014917534776, 0.0354203917086, -0.0242674350739, 0.0020344266668, 0.0030825426802, -0.00736250774935, -0.00215551815927, 0.0149341942742, -0.012179444544, 0.0183862727135, 0.00143972528167], [0.00412623444572, -0.00750109599903, 0.0111285885796, -0.0242674350739, 0.027682941407, -0.013887770474, -0.00182577944361, 0.017488470301, -0.00822163000703, -0.00153903989121, -0.00162783823907, -0.00792601332068, 0.00324443215504], [-0.000999316107482, 0.00164440856315, 0.00032035438926, 0.0020344266668, -0.013887770474, 0.0364113673568, -0.00930356420577, -0.00777464127168, 0.0169507302344, -0.0211364626884, 0.0107681006193, -0.00310661899857, -0.00902581308037], [0.0031141822692, -0.0053915027529, 0.00499148713425, 0.0030825426802, -0.00182577944361, -0.00930356420577, 0.0486997179687, 0.000877924030647, -0.027269186452, 0.00602578744292, 0.0167465340346, -0.0227969009429, 0.0209492463619], [0.00167428993154, 0.00336947548203, 0.00625000661239, -0.00736250774935, 0.017488470301, -0.00777464127168, 0.000877924030647, 0.0526720173657, -0.0213151276112, -0.00997267942876, 0.0171400606632, 0.00376689992845, 0.00191859039478], [0.000342768616974, -0.00336641375907, -2.99494495266e-05, -0.00215551815927, -0.00822163000703, 0.0169507302344, -0.027269186452, -0.0213151276112, 0.043365649879, -0.0350023508072, 0.00827793590724, 0.0115481959656, -0.0184777379036], [-0.00753128714859, 0.0161472540349, -0.01586686261, 0.0149341942742, -0.00153903989121, -0.0211364626884, 0.00602578744292, -0.00997267942876, -0.0350023508072, 0.108825206757, -0.075898848474, -0.000300147337839, 0.0252543520182], [0.00762609532103, -0.0115581275895, 0.0184304788709, -0.012179444544, -0.00162783823907, 0.0107681006193, 0.0167465340346, 0.0171400606632, 0.00827793590724, -0.075898848474, 0.113820493221, -0.0226700622588, -0.0117640672252], [-0.00537305977196, 0.014085771516, -0.0128207616508, 0.0183862727135, -0.00792601332068, -0.00310661899857, -0.0227969009429, 0.00376689992845, 0.0115481959656, -0.000300147337839, -0.0226700622588, 0.0637549906969, -0.0238979440182], [0.000836000021081, -0.000206342316233, 0.00409112032503, 0.00143972528167, 0.00324443215504, -0.00902581308037, 0.0209492463619, 0.00191859039478, -0.0184777379036, 0.0252543520182, -0.0117640672252, -0.0238979440182, 0.0472415685654]]
    },
    "melbands": {
        "dmean": [2.84099513692e-07, 4.84385709569e-05, 0.000195569271455, 0.000217286433326, 0.000736224348657, 0.00137938256375, 0.000192241102923, 5.32152298547e-05, 2.45000464929e-05, 7.704590098e-05, 9.51712281676e-05, 7.16057502359e-06, 9.24995492824e-06, 7.14742736818e-06, 4.06930303143e-06, 3.05795720124e-06, 3.11179837809e-06, 1.6352540797e-06, 9.59855924521e-07, 7.07801348199e-07, 6.99849010743e-07, 3.2962378782e-07, 2.93304111665e-07, 1.81728694315e-07, 1.97671894853e-07, 2.84181538746e-07, 1.62029209605e-07, 1.0273365092e-07, 4.50043984301e-08, 3.44214647896e-08, 3.1879192619e-08, 1.52750612159e-08, 3.35752625702e-09, 4.96384044979e-09, 6.3621254931e-09, 1.05489439406e-08, 8.7312610475e-09, 1.42777913936e-08, 7.99222998893e-09, 3.84787579577e-09],
        "dmean2": [4.02097811047e-07, 6.56173433526e-05, 0.000222833012231, 0.00036734828609, 0.00109164824244, 0.00251332786866, 0.00034090213012, 8.59506326378e-05, 3.87476211472e-05, 0.000127423001686, 0.000138595627504, 1.16170176625e-05, 1.60602903634e-05, 1.18535563161e-05, 7.29345856598e-06, 5.58916781301e-06, 5.56751683689e-06, 2.93921107186e-06, 1.41937073295e-06, 1.09958261874e-06, 9.55884729592e-07, 4.00891821073e-07, 4.33395825894e-07, 2.9493941156e-07, 3.69663098354e-07, 5.55880262709e-07, 3.11912287998e-07, 1.97136870383e-07, 7.9951419707e-08, 6.33202787981e-08, 5.86705297678e-08, 2.97158191387e-08, 6.37412034266e-09, 8.28809110232e-09, 1.15524807498e-08, 2.0544046464e-08, 1.67118763272e-08, 2.75595546384e-08, 1.58257478233e-08, 7.54973505934e-09],
        "dvar": [7.20637904818e-13, 3.64660586172e-08, 4.14824967265e-07, 6.49314870316e-07, 8.22441597848e-06, 3.94953167415e-05, 5.25687539721e-07, 3.38691172885e-08, 4.82459272533e-09, 6.70167850103e-08, 6.95282409424e-08, 7.22752580007e-10, 1.04539599199e-09, 6.11987682753e-10, 2.35871711052e-10, 9.29697013818e-11, 1.65965949317e-10, 3.10384253022e-11, 1.50227209145e-11, 7.9636418987e-12, 6.67269017818e-12, 1.29133325127e-12, 1.62869338242e-12, 6.26551816072e-13, 9.29018255554e-13, 2.04214921883e-12, 6.68247629541e-13, 2.61714071638e-13, 4.47391825193e-14, 2.73137717007e-14, 2.34758857455e-14, 5.68007546583e-15, 1.93540887459e-16, 4.41123032818e-16, 8.46251400542e-16, 2.79402160926e-15, 1.84237606962e-15, 5.08234676132e-15, 1.56397243348e-15, 3.28227728751e-16],
        "dvar2": [9.38800035974e-13, 7.69901120634e-08, 5.72412943711e-07, 1.79873779871e-06, 1.375676311e-05, 0.000112468500447, 1.45229091686e-06, 8.85968418629e-08, 1.25596919531e-08, 1.80158608032e-07, 1.28427416257e-07, 1.27293886543e-09, 2.68327848829e-09, 1.24323373818e-09, 5.68650071475e-10, 2.26314744722e-10, 3.60240309805e-10, 9.39860966831e-11, 3.68043928667e-11, 1.53229009342e-11, 1.36598883246e-11, 1.86681464558e-12, 3.85839016986e-12, 1.58452244381e-12, 2.71562221495e-12, 5.99243484695e-12, 1.97081435373e-12, 7.72556768992e-13, 1.24815942629e-13, 7.84035989886e-14, 6.76096684063e-14, 1.6841498492e-14, 5.67557443863e-16, 1.17100992057e-15, 2.41525325097e-15, 8.30546382672e-15, 5.43016644155e-15, 1.48858959285e-14, 4.67032791292e-15, 9.73751617262e-16],
        "max": [6.00107432547e-06, 0.0014423042303, 0.00573062198237, 0.00511225964874, 0.0214168652892, 0.0400900542736, 0.00483406940475, 0.00128510652576, 0.000498960958794, 0.00192277866881, 0.0023347500246, 0.000198007910512, 0.000266720686341, 0.000196207038243, 0.000108500040369, 6.10189963481e-05, 8.42907684273e-05, 3.22605592373e-05, 2.73304322036e-05, 1.98440284294e-05, 2.07203083846e-05, 9.51315450948e-06, 8.75734622241e-06, 5.33259435542e-06, 5.8934633671e-06, 8.42501958687e-06, 4.82616087538e-06, 3.05391404254e-06, 1.32830371058e-06, 1.01265504782e-06, 9.38813627727e-07, 4.42737757567e-07, 8.63261888639e-08, 1.37070259143e-07, 1.80535352001e-07, 3.07308653191e-07, 2.53511984738e-07, 4.18956403792e-07, 2.31673070061e-07, 1.08876740512e-07],
        "mean": [3.1959655189e-07, 0.000106468993181, 0.000518415297847, 0.000197154979105, 0.000839708722197, 0.00108454946894, 0.000256643863395, 5.18295710208e-05, 2.70528435067e-05, 8.93695396371e-05, 0.000161432108143, 1.51807444126e-05, 1.24031867017e-05, 1.09944558062e-05, 6.69889959681e-06, 3.79369112125e-06, 3.39530129168e-06, 1.72766010564e-06, 1.04435969206e-06, 1.00616784948e-06, 7.60373836783e-07, 4.04088552841e-07, 2.7671384828e-07, 1.55439295213e-07, 1.4088031719e-07, 1.70448757331e-07, 9.77779848199e-08, 6.54940066624e-08, 3.19504316337e-08, 2.3262453297e-08, 2.11220712032e-08, 9.70521618626e-09, 3.02874392233e-09, 4.11966150082e-09, 4.58488003119e-09, 6.28855456597e-09, 5.40419486939e-09, 8.29927593315e-09, 4.94021223929e-09, 2.68165889494e-09],
        "median": [8.4719495419e-08, 7.14038739247e-09, 2.57837271533e-08, 1.46883692764e-07, 1.09919966462e-07, 3.34735972274e-08, 5.80200669731e-08, 3.96931255864e-07, 5.45510658867e-08, 4.6657586239e-08, 3.53754110449e-08, 1.97608454044e-08, 9.1875760333e-09, 3.66949448605e-09, 9.20190756926e-10, 9.45414413422e-10, 8.73454197858e-10, 4.19460272072e-10, 3.41278616478e-10, 3.45566270044e-10, 3.13312126243e-10, 3.02842972921e-10, 3.09397452103e-10, 3.28588517506e-10, 3.3912886388e-10, 2.44972320207e-10, 2.48781412138e-10, 1.49885451273e-10, 1.359482249e-10, 1.32909960815e-10, 6.50243955902e-11, 5.04584499184e-11, 5.15431898551e-11, 6.98042387781e-11, 9.0975713074e-11, 8.9714832785e-11, 9.0448246115e-11, 1.20415288851e-10, 1.17661130838e-10, 8.11841704973e-11],
        "min": [1.2307554087e-08, 6.69838295941e-10, 7.67229169085e-10, 1.82118153891e-09, 2.67606181659e-09, 1.31720168106e-09, 5.67695890297e-10, 1.07389508397e-09, 3.70549396722e-10, 1.16219693591e-10, 9.04161467918e-11, 1.21928980801e-10, 9.53701215223e-11, 5.4821307216e-11, 6.62894877879e-11, 6.11769246373e-11, 2.67618531502e-11, 2.84485768276e-11, 3.70069669353e-11, 4.11693248936e-11, 3.47702838743e-11, 3.73845433776e-11, 4.31980250182e-11, 2.80169169115e-11, 2.91415329368e-11, 3.30666084791e-11, 2.06864889801e-11, 2.74340827833e-11, 2.33170757008e-11, 1.83042938445e-11, 1.39291425616e-11, 1.0720544244e-11, 1.22648436546e-11, 1.37569044698e-11, 1.7785920306e-11, 2.03154194856e-11, 1.85271849945e-11, 2.20420019043e-11, 1.87220065839e-11, 2.18334881424e-11],
        "var": [7.84024050109e-13, 9.06609116669e-08, 1.91175081454e-06, 4.80211895137e-07, 1.24357602544e-05, 2.83511672023e-05, 5.60198543553e-07, 3.11690158128e-08, 5.84381742996e-09, 8.19883609893e-08, 1.96498504579e-07, 1.92758342621e-09, 1.6897326871e-09, 1.24616683639e-09, 4.35449065694e-10, 1.44350725817e-10, 1.94193855441e-10, 3.79299681941e-11, 1.71441680297e-11, 1.4040131037e-11, 9.5913173237e-12, 2.45314467524e-12, 1.6219163599e-12, 5.41247114402e-13, 5.74931703808e-13, 1.14941704158e-12, 3.77291324268e-13, 1.52216577559e-13, 2.99251387017e-14, 1.6967111784e-14, 1.45686482084e-14, 3.17195352253e-15, 1.3556619384e-16, 3.39128592795e-16, 5.43694037579e-16, 1.52229481259e-15, 1.03982495171e-15, 2.82756644332e-15, 8.67030865743e-16, 1.93611032375e-16]
    },
    "mfcc": {
        "mean": [-1004.03833008, 106.686584473, 27.6767292023, 1.90263617039, -10.0337190628, -13.6128606796, -8.82122898102, -6.04131984711, -4.64858436584, -3.89442062378, -4.9082865715, -5.15552759171, -4.9324131012],
        "cov": [[19304.8984375, 9523.18457031, -1639.86804199, -1442.69726562, -1243.69763184, -1163.53479004, -643.010620117, -983.734619141, -1099.35925293, -1200.77429199, -1394.17944336, -1000.37426758, -1001.26702881], [9523.18457031, 6012.00195312, -292.35458374, -996.513366699, -1069.07177734, -941.208190918, -526.481201172, -561.03137207, -644.46661377, -764.621826172, -855.768798828, -683.18762207, -661.636108398], [-1639.86804199, -292.35458374, 747.532897949, 114.319084167, -193.366638184, -158.19670105, -89.3550338745, 33.3677787781, 38.5814094543, 25.2357826233, 47.4551315308, 9.59286880493, -9.05724430084], [-1442.69726562, -996.513366699, 114.319084167, 267.176025391, 214.3462677, 161.946533203, 86.6087265015, 88.7872314453, 114.494369507, 142.827301025, 152.64112854, 123.28704071, 100.948036194], [-1243.69763184, -1069.07177734, -193.366638184, 214.3462677, 358.391540527, 297.898834229, 166.12588501, 105.300727844, 106.889503479, 134.554885864, 145.073135376, 124.963798523, 129.782211304], [-1163.53479004, -941.208190918, -158.19670105, 161.946533203, 297.898834229, 282.566833496, 159.223587036, 101.192153931, 86.714225769, 99.0647888184, 114.733032227, 103.314491272, 118.041107178], [-643.010620117, -526.481201172, -89.3550338745, 86.6087265015, 166.12588501, 159.223587036, 116.915214539, 67.0392074585, 40.8167495728, 48.698009491, 58.5437774658, 52.2143707275, 61.0520362854], [-983.734619141, -561.03137207, 33.3677787781, 88.7872314453, 105.300727844, 101.192153931, 67.0392074585, 82.633354187, 82.7583847046, 81.2826385498, 85.1056594849, 64.3285903931, 67.2557220459], [-1099.35925293, -644.46661377, 38.5814094543, 114.494369507, 106.889503479, 86.714225769, 40.8167495728, 82.7583847046, 124.360771179, 129.79510498, 122.487388611, 92.7399368286, 82.888999939], [-1200.77429199, -764.621826172, 25.2357826233, 142.827301025, 134.554885864, 99.0647888184, 48.698009491, 81.2826385498, 129.79510498, 164.32081604, 159.814666748, 110.042373657, 90.9031448364], [-1394.17944336, -855.768798828, 47.4551315308, 152.64112854, 145.073135376, 114.733032227, 58.5437774658, 85.1056594849, 122.487388611, 159.814666748, 171.42767334, 124.463539124, 104.960845947], [-1000.37426758, -683.18762207, 9.59286880493, 123.28704071, 124.963798523, 103.314491272, 52.2143707275, 64.3285903931, 92.7399368286, 110.042373657, 124.463539124, 118.977905273, 101.916854858], [-1001.26702881, -661.636108398, -9.05724430084, 100.948036194, 129.782211304, 118.041107178, 61.0520362854, 67.2557220459, 82.888999939, 90.9031448364, 104.960845947, 101.916854858, 104.256874084]],
