{
"lowlevel": {
    "average_loudness": 0.94075936079,
    "barkbands_crest": {
        "dmean": 2.42407989502,
        "dmean2": 3.76401972771,
        "dvar": 5.39854097366,
        "dvar2": 10.9086589813,
        "max": 25.7330722809,
        "mean": 12.3145866394,
        "median": 10.4036283493,
        "min": 2.91872668266,
        "var": 38.0731010437
    },
    "barkbands_flatness_db": {
        "dmean": 0.0252116750926,
        "dmean2": 0.0376101471484,
        "dvar": 0.000706758175511,
        "dvar2": 0.00129805493634,
        "max": 0.386880755424,
        "mean": 0.174704805017,
        "median": 0.141043141484,
        "min": 0.0486935004592,
        "var": 0.00923823658377
    },
    "barkbands_kurtosis": {
        "dmean": 7.45867443085,
        "dmean2": 12.0007123947,
        "dvar": 134.731964111,
        "dvar2": 374.910614014,
        "max": 140.844055176,
        "mean": 19.3829402924,
        "median": 4.94423246384,
        "min": -1.52271699905,
        "var": 1118.18847656
    },
    "barkbands_skewness": {
        "dmean": 0.837252080441,
        "dmean2": 1.28721690178,
        "dvar": 0.649100005627,
        "dvar2": 1.47011470795,
        "max": 9.90030956268,
        "mean": 1.73054993153,
        "median": 1.38612830639,
        "min": -3.84810948372,
        "var": 9.39193630219
    },
    "barkbands_spread": {
        "dmean": 7.28821802139,
        "dmean2": 11.4690923691,
        "dvar": 95.378112793,
        "dvar2": 215.339477539,
        "max": 72.8635787964,
        "mean": 18.5367527008,
        "median": 14.7552490234,
        "min": 0.72123837471,
        "var": 256.267822266
    },
    "dissonance": {
        "dmean": 0.0169778410345,
        "dmean2": 0.0276318341494,
        "dvar": 0.000593692879193,
        "dvar2": 0.00143497530371,
        "max": 0.499963462353,
        "mean": 0.427865236998,
        "median": 0.477895140648,
        "min": 0.184009864926,
        "var": 0.0096883950755
    },
    "dynamic_complexity": 13.4088554382,
    "erbbands_crest": {
        "dmean": 2.7082118988,
        "dmean2": 4.42561149597,
        "dvar": 8.79434967041,
        "dvar2": 21.2360706329,
        "max": 32.7132225037,
        "mean": 14.240442276,
        "median": 10.6085119247,
        "min": 2.92928195,
        "var": 93.9254608154
    },
    "erbbands_flatness_db": {
        "dmean": 0.0205102339387,
        "dmean2": 0.0302263610065,
        "dvar": 0.000532820587978,
        "dvar2": 0.000955464958679,
        "max": 0.429775416851,
        "mean": 0.220175534487,
        "median": 0.184533789754,
        "min": 0.0332792960107,
        "var": 0.00979754608124
    },
    "erbbands_kurtosis": {
        "dmean": 4.6791677475,
        "dmean2": 7.94267559052,
        "dvar": 87.8829421997,
        "dvar2": 245.105163574,
        "max": 106.724227905,
        "mean": 12.0890445709,
        "median": 1.23134088516,
        "min": -1.44009006023,
        "var": 583.933898926
    },
    "erbbands_skewness": {
        "dmean": 0.622090935707,
        "dmean2": 1.03975188732,
        "dvar": 0.548544824123,
        "dvar2": 1.31149983406,
        "max": 9.08015632629,
        "mean": 1.35287761688,
        "median": 0.639429807663,
        "min": -3.50797009468,
        "var": 7.29755353928
    },
    "erbbands_spread": {
        "dmean": 7.32735538483,
        "dmean2": 11.5734825134,
        "dvar": 98.1249847412,
        "dvar2": 221.051513672,
        "max": 89.6261291504,
        "mean": 28.2650566101,
        "median": 25.5832290649,
        "min": 1.6431375742,
        "var": 469.552398682
    },
    "hfc": {
        "dmean": 8.1268081665,
        "dmean2": 12.1192722321,
        "dvar": 1835.8972168,
        "dvar2": 4494.75488281,
        "max": 515.45324707,
        "mean": 10.7504348755,
        "median": 0.953321754932,
        "min": 0.000135239766678,
        "var": 2021.67504883
    },
    "melbands_crest": {
        "dmean": 3.12467980385,
        "dmean2": 5.037317276,
        "dvar": 11.7331933975,
        "dvar2": 28.9775257111,
        "max": 35.3717536926,
        "mean": 16.0947418213,
        "median": 13.6155042648,
        "min": 2.7726752758,
        "var": 80.5770950317
    },
    "melbands_flatness_db": {
        "dmean": 0.0257186163217,
        "dmean2": 0.0384310781956,
        "dvar": 0.000976484152488,
        "dvar2": 0.00193160620984,
        "max": 0.461943715811,
        "mean": 0.195493847132,
        "median": 0.156848564744,
        "min": 0.0282341651618,
        "var": 0.0156531911343
    },
    "melbands_kurtosis": {
        "dmean": 15.0611696243,
        "dmean2": 25.2230529785,
        "dvar": 825.591491699,
        "dvar2": 2279.42089844,
        "max": 299.021759033,
        "mean": 34.3150100708,
        "median": 8.34661865234,
        "min": -1.60427856445,
        "var": 3844.89575195
    },
    "melbands_skewness": {
        "dmean": 0.946895062923,
        "dmean2": 1.50408101082,
        "dvar": 1.0337280035,
        "dvar2": 2.2363421917,
        "max": 13.0569667816,
        "mean": 2.67782282829,
        "median": 2.09569573402,
        "min": -2.14885663986,
        "var": 9.92750263214
    },
    "melbands_spread": {
        "dmean": 11.8814373016,
        "dmean2": 19.457780838,
        "dvar": 283.240875244,
        "dvar2": 659.942382812,
        "max": 150.830368042,
        "mean": 34.951915741,
        "median": 18.1918792725,
        "min": 0.665469527245,
        "var": 1376.34191895
    },
    "pitch_salience": {
        "dmean": 0.0798068642616,
        "dmean2": 0.125920310616,
        "dvar": 0.00702645303681,
        "dvar2": 0.0174305960536,
        "max": 0.932450413704,
        "mean": 0.535376787186,
        "median": 0.603308200836,
        "min": 0.100128889084,
        "var": 0.0411431826651
    },
    "silence_rate_20dB": {
        "dmean": 0,
        "dmean2": 0,
        "dvar": 0,
        "dvar2": 0,
        "max": 1,
        "mean": 1,
        "median": 1,
        "min": 1,
        "var": 0
    },
    "silence_rate_30dB": {
        "dmean": 0.0190476197749,
        "dmean2": 0.0382775105536,
        "dvar": 0.0186848249286,
        "dvar2": 0.0368123985827,
        "max": 1,
        "mean": 0.976303339005,
        "median": 1,
        "min": 0,
        "var": 0.0231352262199
    },
    "silence_rate_60dB": {
        "dmean": 0.0666666701436,
        "dmean2": 0.1339712888,
        "dvar": 0.0622220784426,
        "dvar2": 0.125592291355,
        "max": 1,
        "mean": 0.739336490631,
        "median": 1,
        "min": 0,
        "var": 0.192717775702
    },
    "spectral_centroid": {
        "dmean": 293.204345703,
        "dmean2": 464.240814209,
        "dvar": 192372.9375,
        "dvar2": 360703.65625,
        "max": 4771.11865234,
        "mean": 1950.99487305,
        "median": 1515.12890625,
        "min": 360.981018066,
        "var": 1973915
    },
    "spectral_complexity": {
        "dmean": 2.33333325386,
        "dmean2": 3.42583727837,
        "dvar": 26.8126831055,
        "dvar2": 45.4980888367,
        "max": 56,
        "mean": 6.0995259285,
        "median": 1,
        "min": 0,
        "var": 145.341049194
    },
    "spectral_decrease": {
        "dmean": 1.58550572671e-09,
        "dmean2": 2.34788255504e-09,
        "dvar": 4.1868216543e-17,
        "dvar2": 1.02695293612e-16,
        "max": -2.37653761958e-14,
        "mean": -1.97480254371e-09,
        "median": -8.65372704051e-11,
        "min": -6.97005546613e-08,
        "var": 4.69216481935e-17
    },
    "spectral_energy": {
        "dmean": 0.00669719697908,
        "dmean2": 0.00988852605224,
        "dvar": 0.00075220305007,
        "dvar2": 0.00183578883298,
        "max": 0.280073404312,
        "mean": 0.00842845253646,
        "median": 0.000504238414578,
        "min": 1.37536488864e-07,
        "var": 0.000861409876961
    },
    "spectral_energyband_high": {
        "dmean": 0.000467433739686,
        "dmean2": 0.000763249583542,
        "dvar": 6.57488635625e-06,
        "dvar2": 1.76601006388e-05,
        "max": 0.0280320551246,
        "mean": 0.000526033109054,
        "median": 3.08345443045e-05,
        "min": 5.82556625162e-09,
        "var": 5.61316119274e-06
    },
    "spectral_energyband_low": {
        "dmean": 2.33109603869e-05,
        "dmean2": 4.19544521719e-05,
        "dvar": 7.60866036842e-09,
        "dvar2": 1.88469719831e-08,
        "max": 0.000709135027137,
        "mean": 1.71729534486e-05,
        "median": 7.22166305422e-07,
        "min": 1.73248682067e-09,
        "var": 6.22260598604e-09
    },
    "spectral_energyband_middle_high": {
        "dmean": 0.00243761460297,
        "dmean2": 0.00335809285752,
        "dvar": 0.000224070477998,
        "dvar2": 0.000522927148268,
        "max": 0.19223845005,
        "mean": 0.00308135314845,
        "median": 5.49078904442e-05,
        "min": 4.41359659931e-09,
        "var": 0.000275219412288
    },
    "spectral_energyband_middle_low": {
        "dmean": 0.0041043641977,
        "dmean2": 0.00640116166323,
        "dvar": 0.000386646628613,
        "dvar2": 0.000997246010229,
        "max": 0.243244990706,
        "mean": 0.00485711172223,
        "median": 0.000109755637823,
        "min": 1.20994920749e-08,
        "var": 0.000364251667634
    },
    "spectral_entropy": {
        "dmean": 0.196980491281,
        "dmean2": 0.299845278263,
        "dvar": 0.0579731017351,
        "dvar2": 0.121696218848,
        "max": 8.5623550415,
        "mean": 7.36661529541,
        "median": 7.78506326675,
        "min": 5.04780721664,
        "var": 0.930631220341
    },
    "spectral_flux": {
        "dmean": 0.0158739537001,
        "dmean2": 0.023588238284,
        "dvar": 0.00204028678127,
        "dvar2": 0.00495160603896,
        "max": 0.477622538805,
        "mean": 0.0332613475621,
        "median": 0.012025270611,
        "min": 0.000220735630137,
        "var": 0.00372640648857
    },
    "spectral_kurtosis": {
        "dmean": 1.65622651577,
        "dmean2": 2.73171257973,
        "dvar": 5.21698713303,
        "dvar2": 14.8791379929,
        "max": 33.5017852783,
        "mean": 5.23390865326,
        "median": 3.92711353302,
        "min": -0.261690378189,
        "var": 25.0066165924
    },
    "spectral_rms": {
        "dmean": 0.000604010245297,
        "dmean2": 0.000815144565422,
        "dvar": 2.40548706643e-06,
        "dvar2": 5.09368828716e-06,
        "max": 0.0165300443769,
        "mean": 0.001598795061,
        "median": 0.00070138432784,
        "min": 1.15836928671e-05,
        "var": 5.66673497815e-06
    },
    "spectral_rolloff": {
        "dmean": 1092.86132812,
        "dmean2": 1944.06689453,
        "dvar": 5338865.5,
        "dvar2": 14692025,
        "max": 16903.5644531,
        "mean": 3392.65576172,
        "median": 1614.99023438,
        "min": 21.533203125,
        "var": 13060734
    },
    "spectral_skewness": {
        "dmean": 0.217643082142,
        "dmean2": 0.338326007128,
        "dvar": 0.0565438531339,
        "dvar2": 0.130036398768,
        "max": 4.56849431992,
        "mean": 1.70923757553,
        "median": 1.5909011364,
        "min": 0.63506180048,
        "var": 0.520523786545
    },
    "spectral_spread": {
        "dmean": 697685.4375,
        "dmean2": 994414.6875,
        "dvar": 901054398464,
        "dvar2": 1.30860593971e+12,
        "max": 17533872,
        "mean": 5414634,
        "median": 5318732,
        "min": 1562529.25,
        "var": 4.63956606976e+12
    },
    "spectral_strongpeak": {
        "dmean": 0.328779309988,
        "dmean2": 0.548063158989,
        "dvar": 0.668185710907,
        "dvar2": 1.92598819733,
        "max": 8.92496871948,
        "mean": 0.624397575855,
        "median": 0.387430042028,
        "min": 0,
        "var": 0.732705414295
    },
    "zerocrossingrate": {
        "dmean": 0.0189429875463,
        "dmean2": 0.0216198787093,
        "dvar": 0.000625289918389,
        "dvar2": 0.000869420298841,
        "max": 0.3369140625,
        "mean": 0.118217289448,
        "median": 0.09033203125,
        "min": 0.0009765625,
        "var": 0.00891381967813
    },
    "barkbands": {
        "dmean": [1.95747338694e-06, 3.83984854579e-07, 5.58007559448e-06, 0.000135106471134, 0.00168824242428, 0.00135294557549, 0.000576144899242, 0.000471382634714, 0.00017914417549, 0.000201509101316, 0.000106888364826, 0.000378726486815, 0.000685147359036, 0.000233508006204, 0.000330652110279, 0.000173500142409, 0.000265892682364, 0.000148420207552, 0.000280484586256, 0.00023318224703, 0.000170323430211, 3.29803733621e-05, 4.00549288315e-05, 4.10575557908e-05, 4.38794231741e-05, 1.01789510154e-05, 1.58499096869e-06],
        "dmean2": [3.18801426147e-06, 7.00638452145e-07, 9.82712663244e-06, 0.000222183312871, 0.00272992067039, 0.00236074230634, 0.000930346199311, 0.000589243194554, 0.000268131203484, 0.000336050841725, 0.000183344920515, 0.000544146692846, 0.00131238182075, 0.000363093480701, 0.00053246691823, 0.000216993823415, 0.000415071030147, 0.00021365955763, 0.0004461503122, 0.000387709238566, 0.00030474664527, 4.80382150272e-05, 6.85579361743e-05, 5.64709225728e-05, 7.63465286582e-05, 1.7022683096e-05, 2.4922017019e-06],
        "dvar": [1.99965183301e-11, 1.67600980837e-12, 4.18289763937e-10, 5.60905903058e-07, 0.000115289723908, 5.27196170879e-05, 5.04488070874e-06, 3.95184815716e-06, 3.20454347502e-07, 6.99294218975e-07, 9.76604468406e-08, 6.71870020597e-06, 2.85183396045e-05, 1.5222519778e-06, 3.69251847587e-06, 6.35774824786e-07, 3.2094785638e-06, 6.81863014051e-07, 3.5355651562e-06, 1.43302895594e-06, 1.22134770209e-06, 2.08830659432e-08, 5.41904050522e-08, 2.2267574451e-08, 3.41595871589e-08, 1.85098558703e-09, 2.73511092247e-11],
        "dvar2": [4.96001954786e-11, 4.63290126748e-12, 1.14673204266e-09, 1.39972655688e-06, 0.000297440623399, 0.000143702069181, 1.33937173814e-05, 5.47995978195e-06, 7.25862605577e-07, 1.78005154794e-06, 2.44545987016e-07, 1.1899747733e-05, 8.64830217324e-05, 3.73791840502e-06, 8.64881712914e-06, 9.41828773193e-07, 8.45254180604e-06, 1.60674073868e-06, 9.2755553851e-06, 3.80394726562e-06, 3.44284535458e-06, 4.30321769329e-08, 1.54024988319e-07, 4.30007673913e-08, 7.78859572392e-08, 4.24545598676e-09, 6.20320114719e-11],
        "max": [3.20411236316e-05, 9.53834933171e-06, 0.000169044506038, 0.00925517268479, 0.134233012795, 0.0836181938648, 0.029681827873, 0.0301525630057, 0.0052318489179, 0.0084513714537, 0.00240969029255, 0.0331984497607, 0.060616210103, 0.0147852487862, 0.0238143876195, 0.0121751111001, 0.0219626016915, 0.0101099573076, 0.0217277053744, 0.0130921006203, 0.0123422862962, 0.00145344436169, 0.0024322560057, 0.00208171783015, 0.0018573893467, 0.000461188727058, 4.41681986558e-05],
        "mean": [2.29236547966e-06, 3.07356231133e-07, 3.98536167268e-06, 0.000104900645965, 0.00159397895914, 0.0012698842911, 0.000913578202017, 0.000656328396872, 0.000229279947234, 0.000235407365835, 0.000129746389575, 0.000543539354112, 0.000592775584664, 0.000268256058916, 0.000303494482068, 0.0002262199705, 0.000283443485387, 0.000183349533472, 0.000266391551122, 0.000238504522713, 0.000164361030329, 4.65597186121e-05, 4.19143725594e-05, 5.41221379535e-05, 6.10358256381e-05, 1.29880809254e-05, 1.75310844952e-06],
        "median": [3.46773532556e-07, 3.39851595754e-08, 1.00844438577e-07, 2.50003040492e-07, 2.50198331742e-06, 8.84526252776e-06, 1.78813170351e-05, 1.20654340208e-05, 7.75564785727e-06, 7.29019257051e-06, 5.46132923773e-06, 4.56352290712e-06, 3.96195264329e-06, 2.57421856986e-06, 1.56762621373e-06, 1.50524908804e-06, 1.17664751542e-06, 8.20377749733e-07, 1.74159890776e-06, 1.16566079669e-05, 4.6105619731e-06, 1.85903627425e-06, 1.30157195599e-06, 1.90631965324e-06, 2.74280887425e-06, 4.61978828525e-07, 1.18207111655e-07],
        "min": [6.90607515619e-10, 1.85711196421e-10, 3.0738731005e-10, 4.9088472176e-10, 1.21659615715e-09, 2.66810662453e-09, 5.98764648974e-10, 2.97280505768e-10, 5.79371717269e-10, 3.56424667558e-10, 1.50023687917e-10, 2.01924296728e-10, 2.13499995461e-10, 2.37632497013e-10, 2.320330178e-10, 2.71430405929e-10, 1.81887546691e-10, 3.61012553185e-10, 3.64797331232e-10, 3.28385207915e-10, 2.54497950491e-10, 2.19250798073e-10, 4.17016032817e-10, 6.52668030732e-10, 5.97627891619e-10, 2.54485682527e-10, 3.43611139542e-10],
        "var": [2.84729306105e-11, 1.24706928811e-12, 3.01830144211e-10, 4.6046906732e-07, 9.65258150245e-05, 4.06413309975e-05, 8.19206434244e-06, 8.32251407701e-06, 4.12811971273e-07, 7.33614513138e-07, 1.37052012406e-07, 1.18566376841e-05, 2.04257030418e-05, 1.8055665123e-06, 3.67069446838e-06, 1.23544930375e-06, 2.9616574011e-06, 8.01347368906e-07, 2.77813614957e-06, 1.14834278975e-06, 8.67153175932e-07, 3.38417258661e-08, 3.87530398882e-08, 4.51899424547e-08, 5.30560129164e-08, 2.80849299372e-09, 3.31536048614e-11]
    },
    "erbbands": {
        "dmean": [2.14122719626e-05, 0.00024456292158, 0.00670360540971, 0.235229924321, 3.78457760811, 5.75184869766, 7.9545917511, 11.9647436142, 3.63062739372, 16.3055343628, 5.37421894073, 3.90987205505, 7.4659705162, 4.83305215836, 4.70100498199, 18.3399105072, 30.4092826843, 15.3882026672, 10.9082651138, 15.3097610474, 9.44505023956, 14.3980960846, 8.65579986572, 13.1976861954, 10.6802139282, 11.5188512802, 10.895608902, 3.31757688522, 1.48645102978, 0.869963824749, 1.10861253738, 0.857481837273, 0.691290140152, 0.506304740906, 0.324361056089, 0.0872907489538, 0.0111779961735, 0.00179388420656, 0.000254969199887, 2.09626559808e-05],
        "dmean2": [3.41687155014e-05, 0.000379031989723, 0.0104780904949, 0.37733772397, 5.99115991592, 9.59369373322, 13.7037639618, 21.1656894684, 6.1518163681, 21.832075119, 7.34223031998, 6.05418348312, 12.1290931702, 8.19496631622, 7.1142449379, 23.9660396576, 58.2307434082, 27.6325016022, 20.3776798248, 23.6457462311, 12.7910480499, 21.8812503815, 12.3542127609, 20.8757705688, 17.4634494781, 18.8298892975, 19.4557342529, 5.67211103439, 2.16943717003, 1.35414862633, 1.90196061134, 1.3096626997, 0.955227673054, 0.878826975822, 0.51724332571, 0.140143617988, 0.0177456885576, 0.0027246652171, 0.000408404855989, 3.3752850868e-05],
        "dvar": [5.62233637424e-09, 7.89400587564e-07, 0.000631153641734, 1.61252748966, 552.147521973, 1429.09313965, 1482.94628906, 4588.68798828, 224.079833984, 3688.08398438, 484.855957031, 135.524169922, 1123.67077637, 362.651184082, 183.902954102, 16333.5556641, 60123.3203125, 8388.02832031, 5028.56738281, 8153.49121094, 2163.42504883, 9266.49609375, 2396.15649414, 7046.90771484, 4086.11035156, 3823.72607422, 4703.78613281, 370.07232666, 44.2756156921, 18.9225120544, 44.4917678833, 10.3855400085, 5.98528289795, 4.82007169724, 1.60848450661, 0.135334730148, 0.00216996460222, 4.00049684686e-05, 7.52798655412e-07, 9.23101950434e-09],
        "dvar2": [1.32771171835e-08, 1.65967458088e-06, 0.00133959075902, 3.90522456169, 1382.08093262, 3771.14355469, 4001.46240234, 12564.1533203, 600.949707031, 7532.81347656, 759.534240723, 306.103637695, 3004.89770508, 871.194885254, 411.821990967, 34550.3164062, 172542.703125, 22862.7675781, 10094.1494141, 19269.2773438, 3299.00708008, 23516.5722656, 5285.75097656, 19231.9003906, 10247.6337891, 10186.5517578, 13243.6367188, 969.38470459, 95.5654144287, 50.3073921204, 126.867904663, 22.8505821228, 11.5133295059, 11.0018148422, 3.55561375618, 0.303147047758, 0.00498706521466, 7.52179839765e-05, 1.74196588887e-06, 2.48189184759e-08],
        "max": [0.000908553309273, 0.0107287121937, 0.296424329281, 16.2338619232, 296.878875732, 460.562774658, 427.159820557, 791.761657715, 176.557754517, 922.727844238, 302.066619873, 80.3744125366, 378.857116699, 175.969589233, 137.375778198, 1694.50720215, 2915.9284668, 1065.69873047, 801.405395508, 1191.4777832, 627.152770996, 1200.88464355, 596.094299316, 950.804016113, 749.077148438, 678.758178711, 766.178894043, 211.260635376, 68.1899719238, 47.6766357422, 69.5590820312, 41.909702301, 33.3796272278, 23.0982494354, 13.2528209686, 3.73586821556, 0.57602673769, 0.0732879340649, 0.00808477774262, 0.00098871497903],
        "mean": [2.31180329138e-05, 0.00022696191445, 0.00595715735108, 0.211872935295, 3.87056493759, 4.93818855286, 6.80951786041, 10.9724082947, 4.57429122925, 27.8740692139, 8.39495944977, 4.92329978943, 7.85586643219, 6.06675052643, 6.73657512665, 25.2663936615, 30.1712245941, 16.805229187, 13.9821443558, 14.1160030365, 13.6817560196, 15.9091262817, 10.5800800323, 12.5965948105, 11.7814455032, 11.1001300812, 9.72350978851, 4.01165962219, 1.95554935932, 1.1487019062, 1.15121364594, 1.0725941658, 0.908465266228, 0.698325276375, 0.423188775778, 0.109285786748, 0.0147354668006, 0.00235636578873, 0.000289665389573, 2.41913712671e-05],
        "median": [3.36812399837e-06, 8.56698170537e-06, 0.000125176578877, 0.000716973270755, 0.00422849459574, 0.010407150723, 0.0375143699348, 0.0946772545576, 0.136354327202, 0.496081680059, 0.231010004878, 0.166986629367, 0.184837192297, 0.23689211905, 0.305031210184, 0.189617097378, 0.18912628293, 0.155417516828, 0.102508485317, 0.0899380370975, 0.0745451822877, 0.0637907385826, 0.0554065257311, 0.0625693053007, 0.257685184479, 0.514143526554, 0.292408972979, 0.134901821613, 0.0925895273685, 0.0376772657037, 0.0462622344494, 0.038548219949, 0.0299245584756, 0.0333871357143, 0.0170228574425, 0.00435582920909, 0.000545866787434, 0.000137516850373, 2.30644582189e-05, 3.52201686837e-06],
        "min": [1.43973135636e-08, 2.03818171229e-08, 3.24496710391e-07, 1.4720717445e-06, 4.01655188398e-06, 4.04380807595e-06, 1.13015412353e-05, 7.97827306087e-06, 7.88283250586e-06, 7.22186950952e-06, 1.08774947876e-05, 1.63204695127e-05, 1.7953248971e-05, 1.04809296317e-05, 8.89072180144e-06, 1.10684668471e-05, 1.04907257992e-05, 1.36772468977e-05, 1.33573485073e-05, 1.79286962521e-05, 1.43731440403e-05, 1.34683878059e-05, 1.85304543265e-05, 2.08400488191e-05, 2.35559291468e-05, 1.76951507456e-05, 1.41131040436e-05, 8.53926394484e-06, 8.33733611216e-06, 4.46292597189e-06, 1.23243653434e-05, 1.26582663142e-05, 1.05938333945e-05, 6.57421514916e-06, 4.37875678472e-06, 1.49025606788e-06, 4.4820458811e-07, 1.58259908289e-07, 3.30989315955e-08, 6.80968481603e-09],
        "var": [5.6968034734e-09, 9.39849371662e-07, 0.000722307071555, 1.47680139542, 499.607788086, 1089.94726562, 1186.68310547, 3451.86547852, 248.169448853, 8735.40234375, 1073.45983887, 184.282653809, 991.788269043, 440.153991699, 366.008972168, 25915.0976562, 50288.15625, 8194.57421875, 6427.015625, 8075.43798828, 4341.04199219, 9263.08789062, 2876.35595703, 5505.4140625, 3637.88037109, 2974.80322266, 3248.47509766, 352.009429932, 63.7860450745, 19.276599884, 31.7131576538, 17.1777801514, 12.9656200409, 8.17642307281, 2.40811157227, 0.19587226212, 0.00349737890065, 7.01071476215e-05, 9.0554920007e-07, 8.00595234551e-09]
    },
    "gfcc": {
        "mean": [-223.434127808, 15.2561368942, -132.276763916, -11.7953901291, -97.6996841431, -10.1379833221, -42.9492645264, -0.594092905521, -32.1284255981, 7.94626140594, -11.4843254089, -5.621342659, -4.24788331985],
        "cov": [[25395.6054688, 690.690917969, -4035.13598633, 512.050476074, 290.7862854, -262.805847168, -2500.35888672, -1063.05529785, -2183.01733398, -1022.06195068, -1212.84887695, -439.888092041, -189.242446899], [690.690917969, 3880.64135742, -74.0638656616, -1160.48498535, -279.30065918, -565.274414062, -196.143310547, -188.697372437, 269.157104492, -264.599304199, 49.2132911682, -86.1897506714, -101.145454407], [-4035.13598633, -74.0638656616, 1642.41943359, 177.900497437, -35.1543083191, 1.12500345707, 282.364685059, 127.3073349, 233.07598877, 49.0002365112, -8.07857131958, -85.8641357422, -30.3600559235], [512.050476074, -1160.48498535, 177.900497437, 831.548339844, 448.749511719, 197.571517944, -162.968139648, -31.2195701599, -333.716827393, -133.571182251, -201.59552002, -72.5293197632, 14.8337936401], [290.7862854, -279.30065918, -35.1543083191, 448.749511719, 835.05090332, 118.0442276, -269.493103027, -114.039482117, -250.318099976, -279.638061523, -185.903427124, -89.9851226807, -10.4453372955], [-262.805847168, -565.274414062, 1.12500345707, 197.571517944, 118.0442276, 195.672897339, 64.9929580688, 51.90675354, -21.5440578461, 35.9453811646, -25.2170810699, 9.60409259796, 19.6779537201], [-2500.35888672, -196.143310547, 282.364685059, -162.968139648, -269.493103027, 64.9929580688, 479.249389648, 189.990646362, 329.864196777, 240.692367554, 221.035736084, 109.285926819, 47.8963699341], [-1063.05529785, -188.697372437, 127.3073349, -31.2195701599, -114.039482117, 51.90675354, 189.990646362, 212.887985229, 209.206451416, 119.884391785, 95.2527999878, 59.3803443909, 9.64742088318], [-2183.01733398, 269.157104492, 233.07598877, -333.716827393, -250.318099976, -21.5440578461, 329.864196777, 209.206451416, 459.277069092, 209.826660156, 222.205688477, 102.236076355, 17.9447593689], [-1022.06195068, -264.599304199, 49.0002365112, -133.571182251, -279.638061523, 35.9453811646, 240.692367554, 119.884391785, 209.826660156, 245.826202393, 162.135681152, 90.3397979736, 42.3883056641], [-1212.84887695, 49.2132911682, -8.07857131958, -201.59552002, -185.903427124, -25.2170810699, 221.035736084, 95.2527999878, 222.205688477, 162.135681152, 210.407028198, 93.0035324097, 32.0797920227], [-439.888092041, -86.1897506714, -85.8641357422, -72.5293197632, -89.9851226807, 9.60409259796, 109.285926819, 59.3803443909, 102.236076355, 90.3397979736, 93.0035324097, 96.9458694458, 40.3206939697], [-189.242446899, -101.145454407, -30.3600559235, 14.8337936401, -10.4453372955, 19.6779537201, 47.8963699341, 9.64742088318, 17.9447593689, 42.3883056641, 32.0797920227, 40.3206939697, 67.5725708008]],
        "icov": [[0.000207120800042, -4.47441234428e-05, 0.00040878431173, -9.90312328213e-05, 0.000340440950822, 1.21929260786e-05, 0.000589162635151, -0.000129225911223, 0.000299206760246, -0.000169867838849, 0.000600343628321, 0.000184414559044, 4.54848873233e-07], [-4.47441234428e-05, 0.000980140292086, -0.000104771082988, 0.0011117028771, 5.6954617321e-05, 0.00105133536272, -3.17052254104e-05, 0.00041520758532, -0.0010200162651, 0.00202438095585, -8.99335718714e-05, 0.000681904784869, -0.000646692467853], [0.00040878431173, -0.000104771082988, 0.00203136354685, -0.00114629825111, 0.000720779411495, 0.00114896311425, -0.000142033415614, 0.000188180551049, -0.00090673903469, -0.000452663836768, 0.00249211653136, 0.00230286037549, -2.95265490422e-05], [-9.90312328213e-05, 0.0011117028771, -0.00114629825111, 0.00537441577762, -0.00153356592637, -0.000457324582385, 0.000111181238026, -0.00236058211885, 0.00313986465335, 0.00082158803707, 0.000140221076435, -9.51685942709e-05, -0.00151279964484], [0.000340440950822, 5.6954617321e-05, 0.000720779411495, -0.00153356592637, 0.00419932696968, -0.00265834922902, 0.00226518348791, 0.00123319413979, -0.00177215889562, 0.0051303091459, -0.00126760720741, 0.000768487923779, -0.00126359565184], [1.21929260786e-05, 0.00105133536272, 0.00114896311425, -0.000457324582385, -0.00265834922902, 0.0136063704267, -0.00422705151141, -0.00161822373047, -0.000140575953992, -0.00406812829897, 0.00664233602583, 0.00127612496726, -0.000247207470238], [0.000589162635151, -3.17052254104e-05, -0.000142033415614, 0.000111181238026, 0.00226518348791, -0.00422705151141, 0.0101308003068, -0.00116063258611, -0.000632223498542, -7.68244863139e-05, -0.0039905779995, -0.000354596064426, -0.00159752310719], [-0.000129225911223, 0.00041520758532, 0.000188180551049, -0.00236058211885, 0.00123319413979, -0.00161822373047, -0.00116063258611, 0.0130820339546, -0.00794186349958, 0.00156666175462, 0.000845408125315, -0.0021449632477, 0.00248399819247], [0.000299206760246, -0.0010200162651, -0.00090673903469, 0.00313986465335, -0.00177215889562, -0.000140575953992, -0.000632223498542, -0.00794186349958, 0.0140830827877, -0.00538091221824, -0.00232165609486, -0.00238406239077, 0.00172375480179], [-0.000169867838849, 0.00202438095585, -0.000452663836768, 0.00082158803707, 0.0051303091459, -0.00406812829897, -7.68244863139e-05, 0.00156666175462, -0.00538091221824, 0.0227887909859, -0.00845161918551, 0.000144683086546, -0.0049611912109], [0.000600343628321, -8.99335718714e-05, 0.00249211653136, 0.000140221076435, -0.00126760720741, 0.00664233602583, -0.0039905779995, 0.000845408125315, -0.00232165609486, -0.00845161918551, 0.0230095684528, -0.00519015919417, 0.0013047454413], [0.000184414559044, 0.000681904784869, 0.00230286037549, -9.51685942709e-05, 0.000768487923779, 0.00127612496726, -0.000354596064426, -0.0021449632477, -0.00238406239077, 0.000144683086546, -0.00519015919417, 0.0278387311846, -0.0107075851411], [4.54848873233e-07, -0.000646692467853, -2.95265490422e-05, -0.00151279964484, -0.00126359565184, -0.000247207470238, -0.00159752310719, 0.00248399819247, 0.00172375480179, -0.0049611912109, 0.0013047454413, -0.0107075851411, 0.0232295859605]]
    },
    "melbands": {
        "dmean": [1.65703383459e-07, 1.45731758039e-06, 0.000120172328025, 0.000387418374885, 0.000258178130025, 0.000254629849223, 7.22738986951e-05, 0.000163864984643, 3.27496418322e-05, 2.75252077699e-05, 3.77683536499e-05, 2.04494790523e-05, 1.5311750758e-05, 2.13921994145e-05, 8.38841078803e-05, 5.91171519773e-05, 2.68912735919e-05, 1.6538939235e-05, 2.75703041552e-05, 1.26283139252e-05, 1.12615225589e-05, 1.67600974237e-05, 1.18406260299e-05, 4.75756769447e-06, 1.17913896247e-05, 9.45352985582e-06, 6.5131230258e-06, 8.27280928206e-06, 7.20298794477e-06, 5.16693125974e-06, 1.15109514809e-06, 9.25994640966e-07, 4.57054625258e-07, 5.74359603434e-07, 7.42180588986e-07, 5.27121642335e-07, 5.74185150981e-07, 5.37444293514e-07, 3.96809554104e-07, 4.64702566205e-07],
        "dmean2": [2.82321934719e-07, 2.59586181528e-06, 0.000195450978936, 0.000621751940344, 0.000440819887444, 0.000450297287898, 0.00012212425645, 0.000218251705519, 4.88785008201e-05, 4.25739235652e-05, 6.24309395789e-05, 3.45371227013e-05, 2.49837776209e-05, 3.10737450491e-05, 0.000121315351862, 0.000113516325655, 4.61944691779e-05, 2.87623224722e-05, 4.46825179097e-05, 1.50411060531e-05, 1.6721940483e-05, 2.56641815213e-05, 1.92771422007e-05, 7.62962008594e-06, 1.89158727153e-05, 1.58671591635e-05, 1.05959425127e-05, 1.36089347507e-05, 1.2701653759e-05, 9.39837627811e-06, 1.84843179341e-06, 1.43489978655e-06, 6.18671833763e-07, 9.43901511619e-07, 1.34551976316e-06, 8.14587735931e-07, 8.86486361651e-07, 8.28385736895e-07, 6.57902603507e-07, 8.0687090076e-07],
        "dvar": [1.44639373178e-13, 2.88117810859e-11, 5.26104827259e-07, 6.15557610217e-06, 1.80951053608e-06, 2.03532590604e-06, 7.01633240396e-08, 3.79984413712e-07, 1.90841582537e-08, 7.24165838406e-09, 2.87153270051e-08, 6.44473585609e-09, 1.80575654429e-09, 1.41022935551e-08, 4.12479693068e-07, 1.85901726013e-07, 2.21796803146e-08, 1.14733342826e-08, 2.57107721779e-08, 3.93285093381e-09, 3.25638138676e-09, 1.27087513846e-08, 6.44818376472e-09, 5.20198439879e-10, 5.77992631534e-09, 4.10680289775e-09, 9.48357614661e-10, 2.04321159991e-09, 1.70150749046e-09, 1.43062206526e-09, 2.76678749356e-11, 1.80558051149e-11, 3.30448710929e-12, 9.67448777339e-12, 2.65969989088e-11, 4.4295847372e-12, 4.24038191713e-12, 4.06131335159e-12, 2.40376295257e-12, 4.16206652476e-12],
        "dvar2": [3.86967584712e-13, 7.96661694946e-11, 1.30808018639e-06, 1.57985123224e-05, 4.88745945404e-06, 5.57667135581e-06, 1.87708010913e-07, 6.67882318339e-07, 3.18536734767e-08, 1.6767350175e-08, 7.77389530526e-08, 1.58002908535e-08, 4.55031390345e-09, 2.41165576398e-08, 9.79373567134e-07, 5.81907670494e-07, 5.79405750045e-08, 2.36602932802e-08, 6.30653218536e-08, 6.16683903942e-09, 5.51580514596e-09, 3.23976578898e-08, 1.68965854641e-08, 9.58144896757e-10, 1.59807278521e-08, 1.06349489215e-08, 2.30969199322e-09, 5.55398216306e-09, 4.75266892508e-09, 4.08941014385e-09, 5.96972055122e-11, 3.8892201959e-11, 7.04175259769e-12, 2.72019663738e-11, 7.73543729071e-11, 1.05234319522e-11, 9.38477247303e-12, 8.64273583256e-12, 4.5485178124e-12, 9.89037844679e-12],
        "max": [3.12519546242e-06, 4.4477335905e-05, 0.00918288528919, 0.0309666525573, 0.0154724605381, 0.0166197996587, 0.00250217714347, 0.00921930093318, 0.00180802249815, 0.000682151177898, 0.0018795740325, 0.000792559818365, 0.000376147334464, 0.00152976636309, 0.00825971458107, 0.00472877221182, 0.00170222588349, 0.0012633894803, 0.00198239460588, 0.000954756338615, 0.000710003834683, 0.00140281755012, 0.000967023486737, 0.000242568232352, 0.000849231379107, 0.000746614823584, 0.000350615067873, 0.000479111040477, 0.000454269524198, 0.000417282513808, 5.98357873969e-05, 4.37129929196e-05, 2.27022956096e-05, 3.38624959113e-05, 5.42452144145e-05, 2.55795712292e-05, 2.62720368482e-05, 2.34953240579e-05, 2.12712893699e-05, 2.06997319765e-05],
        "mean": [1.91298127561e-07, 1.03565423615e-06, 0.000116528106446, 0.000374226627173, 0.000219729306991, 0.000236528270761, 9.67688392848e-05, 0.000283935194602, 4.92584222229e-05, 3.29844042426e-05, 3.90058630728e-05, 2.44515103986e-05, 1.9366880224e-05, 3.78796539735e-05, 9.27869114093e-05, 4.87575780426e-05, 2.95750560326e-05, 2.02923456527e-05, 2.37384920183e-05, 1.54309473146e-05, 1.59922201419e-05, 1.81640680239e-05, 1.18972066048e-05, 7.42897645978e-06, 1.06521529233e-05, 9.61014120548e-06, 7.53158064981e-06, 7.44636417949e-06, 6.38760320726e-06, 4.53550228485e-06, 1.67888538272e-06, 1.1926915704e-06, 6.60562477606e-07, 6.57108159885e-07, 7.04274668806e-07, 6.05142304266e-07, 6.91049024226e-07, 6.48755360544e-07, 5.95724941377e-07, 5.9534789898e-07],
        "median": [4.24390407261e-08, 3.56107854316e-08, 2.03786996167e-07, 5.33108789114e-07, 1.30538978738e-06, 1.89300192233e-06, 2.48826177085e-06, 5.37077721674e-06, 1.42064709507e-06, 1.01806813291e-06, 8.88486965778e-07, 9.28629958707e-07, 9.29129726046e-07, 6.34040645764e-07, 4.23288696538e-07, 4.29736388696e-07, 2.71547094144e-07, 1.60371556035e-07, 1.23762717408e-07, 9.64557287375e-08, 8.36641973478e-08, 7.09883138938e-08, 4.68384691032e-08, 3.6376921031e-08, 3.8489407217e-08, 9.50841467784e-08, 2.53433256603e-07, 2.29178866107e-07, 1.73704350459e-07, 1.07878911138e-07, 6.27339318271e-08, 4.99485182104e-08, 2.79996417163e-08, 1.82628401291e-08, 2.01753369566e-08, 2.40697346499e-08, 2.35143833294e-08, 1.80541288586e-08, 1.99698479975e-08, 2.36069315207e-08],
        "min": [1.23460713874e-10, 1.04710753956e-10, 3.8061401253e-10, 2.5225957434e-10, 3.46526640715e-10, 2.30768529286e-10, 1.17312465298e-10, 7.65042404427e-11, 1.02431875482e-10, 9.09776073921e-11, 8.64964211367e-11, 3.84810100451e-11, 2.48561397159e-11, 1.86757762033e-11, 1.47565137193e-11, 2.87177417263e-11, 2.49555549836e-11, 2.08895366283e-11, 1.69855657317e-11, 2.17214544962e-11, 1.61718086839e-11, 1.16912165712e-11, 1.30336930484e-11, 1.71619888439e-11, 1.5004638157e-11, 1.46874404999e-11, 1.03679478197e-11, 1.10308220891e-11, 9.86366110317e-12, 5.61412895339e-12, 4.27766806352e-12, 4.11024079355e-12, 4.29153197354e-12, 1.42086082483e-12, 3.29587073779e-12, 6.92979224351e-12, 6.76598100463e-12, 6.88641114618e-12, 4.12820775827e-12, 4.99731853121e-12],
        "var": [1.49916198704e-13, 2.03662971904e-11, 4.68171862167e-07, 5.18979550179e-06, 1.41394923503e-06, 1.53737903474e-06, 8.9480288068e-08, 9.6650433079e-07, 3.88725140965e-08, 8.85484041646e-09, 2.47081679561e-08, 7.50652429105e-09, 2.79463763242e-09, 3.70577097897e-08, 4.67046930908e-07, 1.28718724568e-07, 2.33106760561e-08, 1.43458445123e-08, 2.32820873691e-08, 6.80885170468e-09, 5.8800093683e-09, 1.25446364407e-08, 5.45749401226e-09, 9.62439239416e-10, 4.29212310138e-09, 3.32028271544e-09, 9.64936797132e-10, 1.49531864668e-09, 1.23346166614e-09, 9.02472041542e-10, 4.94222510139e-11, 2.46770191087e-11, 6.2360641824e-12, 7.46610846064e-12, 1.65074707376e-11, 6.01105276665e-12, 6.90673863588e-12, 6.78991975492e-12, 5.8310665324e-12, 6.20479318966e-12]
    },
    "mfcc": {
        "mean": [-855.815734863, 64.3816146851, -9.42540740967, -12.5626420975, -32.55493927, -19.8498821259, -10.2903766632, -21.3952350616, -8.11335659027, -4.81950759888, -9.47322463989, 1.49577963352, 0.877337992191],
        "cov": [[21030.6953125, 1471.97717285, -3109.75268555, 34.9707641602, 691.020141602, -221.28074646, -344.191894531, -1022.26623535, -1290.82836914, -1138.96618652, -1394.43066406, -1552.97412109, -1423.69824219], [1471.97717285, 3671.97949219, -137.979431152, -617.260742188, -413.271270752, -614.412414551, -577.273864746, -228.566482544, -266.025512695, -310.130310059, 81.3155670166, -48.7362632751, -133.382720947], [-3109.75268555, -137.979431152, 1268.55627441, 123.643722534, -242.765060425, -45.8603248596, -3.29195928574, 21.49883461, 227.973083496, 167.591903687, 105.407104492, 263.680786133, 77.4900970459], [34.9707641602, -617.260742188, 123.643722534, 415.63192749, 348.758972168, 165.407272339, 161.648620605, 34.5594673157, 9.79991054535, -3.42854952812, -120.498893738, -128.22265625, -148.998199463], [691.020141602, -413.271270752, -242.765060425, 348.758972168, 678.988464355, 202.719848633, 135.263900757, 88.6624069214, -54.2260704041, -35.2429580688, -154.312820435, -304.53704834, -184.14302063], [-221.28074646, -614.412414551, -45.8603248596, 165.407272339, 202.719848633, 282.358581543, 180.00138855, 26.7141857147, 17.9111728668, 37.8954734802, -81.5766906738, -73.9268875122, -27.2116127014], [-344.191894531, -577.273864746, -3.29195928574, 161.648620605, 135.263900757, 180.00138855, 195.840896606, 52.278591156, 32.2443885803, 50.1311378479, -52.4065551758, -31.4210014343, 3.31538152695], [-1022.26623535, -228.566482544, 21.49883461, 34.5594673157, 88.6624069214, 26.7141857147, 52.278591156, 185.876174927, 101.102233887, 95.1591110229, 108.420700073, 42.0781440735, 89.9351501465], [-1290.82836914, -266.025512695, 227.973083496, 9.79991054535, -54.2260704041, 17.9111728668, 32.2443885803, 101.102233887, 222.419998169, 103.958435059, 122.523620605, 208.171859741, 73.1127548218], [-1138.96618652, -310.130310059, 167.591903687, -3.42854952812, -35.2429580688, 37.8954734802, 50.1311378479, 95.1591110229, 103.958435059, 162.479385376, 96.0916213989, 85.6823501587, 156.0262146], [-1394.43066406, 81.3155670166, 105.407104492, -120.498893738, -154.312820435, -81.5766906738, -52.4065551758, 108.420700073, 122.523620605, 96.0916213989, 241.316085815, 210.940612793, 182.777526855], [-1552.97412109, -48.7362632751, 263.680786133, -128.22265625, -304.53704834, -73.9268875122, -31.4210014343, 42.0781440735, 208.171859741, 85.6823501587, 210.940612793, 419.855010986, 148.199249268], [-1423.69824219, -133.382720947, 77.4900970459, -148.998199463, -184.14302063, -27.2116127014, 3.31538152695, 89.9351501465, 73.1127548218, 156.0262146, 182.777526855, 148.199249268, 305.481842041]],
