{
"lowlevel": {
    "average_loudness": 0.962104856968,
    "barkbands_crest": {
        "dmean": 2.32338523865,
        "dmean2": 3.82559418678,
        "dvar": 5.06946134567,
        "dvar2": 14.5640535355,
        "max": 19.7047576904,
        "mean": 8.70788764954,
        "median": 8.18982791901,
        "min": 2.58404994011,
        "var": 13.0473146439
    },
    "barkbands_flatness_db": {
        "dmean": 0.0166310220957,
        "dmean2": 0.0262579414994,
        "dvar": 0.000335491029546,
        "dvar2": 0.000698098971043,
        "max": 0.252873837948,
        "mean": 0.115520276129,
        "median": 0.101401478052,
        "min": 0.0172840058804,
        "var": 0.00367587246001
    },
    "barkbands_kurtosis": {
        "dmean": 2.16560959816,
        "dmean2": 3.71066832542,
        "dvar": 7.58658027649,
        "dvar2": 20.6655387878,
        "max": 18.8349933624,
        "mean": 2.85191988945,
        "median": 1.1502790451,
        "min": -1.78858351707,
        "var": 22.6719436646
    },
    "barkbands_skewness": {
        "dmean": 0.558927953243,
        "dmean2": 0.890266060829,
        "dvar": 0.229144513607,
        "dvar2": 0.575212836266,
        "max": 3.28615999222,
        "mean": 1.15062594414,
        "median": 1.13339698315,
        "min": -1.67721784115,
        "var": 0.988337516785
    },
    "barkbands_spread": {
        "dmean": 7.14283370972,
        "dmean2": 11.8342885971,
        "dvar": 90.2675552368,
        "dvar2": 210.993865967,
        "max": 86.2124328613,
        "mean": 27.0652809143,
        "median": 26.3553199768,
        "min": 3.04307794571,
        "var": 345.60534668
    },
    "dissonance": {
        "dmean": 0.0242989789695,
        "dmean2": 0.039458412677,
        "dvar": 0.00173521204852,
        "dvar2": 0.00340329715982,
        "max": 0.499286770821,
        "mean": 0.443777114153,
        "median": 0.462559372187,
        "min": 0.086129501462,
        "var": 0.00307190231979
    },
    "dynamic_complexity": 20.0142269135,
    "erbbands_crest": {
        "dmean": 2.18514060974,
        "dmean2": 3.54557204247,
        "dvar": 3.46837687492,
        "dvar2": 9.30308818817,
        "max": 20.8099784851,
        "mean": 9.0046043396,
        "median": 8.09168052673,
        "min": 2.42490768433,
        "var": 18.9268264771
    },
    "erbbands_flatness_db": {
        "dmean": 0.0155567629263,
        "dmean2": 0.0234927404672,
        "dvar": 0.000289261573926,
        "dvar2": 0.000522941001691,
        "max": 0.289359122515,
        "mean": 0.170069649816,
        "median": 0.164282947779,
        "min": 0.0510712191463,
        "var": 0.00345968222246
    },
    "erbbands_kurtosis": {
        "dmean": 1.11409473419,
        "dmean2": 1.74253809452,
        "dvar": 2.4312889576,
        "dvar2": 5.79130077362,
        "max": 10.7182617188,
        "mean": 0.793124914169,
        "median": -0.232397556305,
        "min": -1.78184652328,
        "var": 7.46520614624
    },
    "erbbands_skewness": {
        "dmean": 0.419051676989,
        "dmean2": 0.675002574921,
        "dvar": 0.151728585362,
        "dvar2": 0.371473938227,
        "max": 2.83896827698,
        "mean": 0.480827987194,
        "median": 0.404480665922,
        "min": -1.9602701664,
        "var": 0.646477222443
    },
    "erbbands_spread": {
        "dmean": 7.96032476425,
        "dmean2": 12.2282409668,
        "dvar": 81.4211425781,
        "dvar2": 175.25112915,
        "max": 95.6573562622,
        "mean": 36.6713218689,
        "median": 36.1159858704,
        "min": 7.18753290176,
        "var": 439.043151855
    },
    "hfc": {
        "dmean": 38.8977737427,
        "dmean2": 72.3848571777,
        "dvar": 71312.65625,
        "dvar2": 210895.609375,
        "max": 2374.57397461,
        "mean": 25.2295513153,
        "median": 0.218629434705,
        "min": 0.0125787006691,
        "var": 38937.9414062
    },
    "melbands_crest": {
        "dmean": 2.72525119781,
        "dmean2": 4.5285525322,
        "dvar": 7.99611711502,
        "dvar2": 23.179353714,
        "max": 25.3334026337,
        "mean": 11.8875894547,
        "median": 10.7770366669,
        "min": 3.03063106537,
        "var": 27.8555908203
    },
    "melbands_flatness_db": {
        "dmean": 0.0204261764884,
        "dmean2": 0.0314606465399,
        "dvar": 0.000456828915048,
        "dvar2": 0.000828339310829,
        "max": 0.341727405787,
        "mean": 0.170005246997,
        "median": 0.150652453303,
        "min": 0.0279318168759,
        "var": 0.00680453889072
    },
    "melbands_kurtosis": {
        "dmean": 3.5475487709,
        "dmean2": 5.93160867691,
        "dvar": 14.4968347549,
        "dvar2": 37.9948272705,
        "max": 32.7374954224,
        "mean": 6.5901927948,
        "median": 4.97939920425,
        "min": -1.4207521677,
        "var": 49.5848884583
    },
    "melbands_skewness": {
        "dmean": 0.516347885132,
        "dmean2": 0.837273657322,
        "dvar": 0.194540038705,
        "dvar2": 0.449249893427,
        "max": 4.8268866539,
        "mean": 1.88734102249,
        "median": 1.74472928047,
        "min": -0.30982580781,
        "var": 1.18192243576
    },
    "melbands_spread": {
        "dmean": 10.8804836273,
        "dmean2": 16.7682876587,
        "dvar": 238.711959839,
        "dvar2": 532.13092041,
        "max": 137.266448975,
        "mean": 32.0342216492,
        "median": 21.0016670227,
        "min": 4.50921344757,
        "var": 803.832702637
    },
    "pitch_salience": {
        "dmean": 0.0759694129229,
        "dmean2": 0.123065464199,
        "dvar": 0.00490023428574,
        "dvar2": 0.0124037414789,
        "max": 0.952097535133,
        "mean": 0.657867908478,
        "median": 0.674537420273,
        "min": 0.372378230095,
        "var": 0.0131462980062
    },
    "silence_rate_20dB": {
        "dmean": 0.0133333336562,
        "dmean2": 0.0268456377089,
        "dvar": 0.0131555339321,
        "dvar2": 0.0261249803007,
        "max": 1,
        "mean": 0.986754953861,
        "median": 1,
        "min": 0,
        "var": 0.0130696296692
    },
    "silence_rate_30dB": {
        "dmean": 0.0266666673124,
        "dmean2": 0.0536912754178,
        "dvar": 0.0259555522352,
        "dvar2": 0.0508085228503,
        "max": 1,
        "mean": 0.960264921188,
        "median": 1,
        "min": 0,
        "var": 0.0381561778486
    },
    "silence_rate_60dB": {
        "dmean": 0.0533333346248,
        "dmean2": 0.107382550836,
        "dvar": 0.0504888258874,
        "dvar2": 0.0958515033126,
        "max": 1,
        "mean": 0.788079440594,
        "median": 1,
        "min": 0,
        "var": 0.167010247707
    },
    "spectral_centroid": {
        "dmean": 305.621459961,
        "dmean2": 472.838928223,
        "dvar": 151856.53125,
        "dvar2": 302717.125,
        "max": 4045.20825195,
        "mean": 1580.82299805,
        "median": 1406.26538086,
        "min": 391.501403809,
        "var": 829041.25
    },
    "spectral_complexity": {
        "dmean": 2.26666665077,
        "dmean2": 3.22818803787,
        "dvar": 37.9955368042,
        "dvar2": 66.9547119141,
        "max": 57,
        "mean": 5.37086105347,
        "median": 0,
        "min": 0,
        "var": 117.902046204
    },
    "spectral_decrease": {
        "dmean": 4.71942618319e-09,
        "dmean2": 7.69840280412e-09,
        "dvar": 6.86053118019e-16,
        "dvar2": 1.41879320978e-15,
        "max": -5.00017778918e-13,
        "mean": -4.81624962134e-09,
        "median": -4.49846132566e-11,
        "min": -2.68801557013e-07,
        "var": 7.80493532929e-16
    },
    "spectral_energy": {
        "dmean": 0.0213389024138,
        "dmean2": 0.0355559885502,
        "dvar": 0.0123211592436,
        "dvar2": 0.0271031167358,
        "max": 1.05753540993,
        "mean": 0.0204659774899,
        "median": 0.000185293785762,
        "min": 3.02811235997e-06,
        "var": 0.0129707548767
    },
    "spectral_energyband_high": {
        "dmean": 0.0034274419304,
        "dmean2": 0.00672463607043,
        "dvar": 0.000781883718446,
        "dvar2": 0.00233412184753,
        "max": 0.249428063631,
        "mean": 0.00189559580758,
        "median": 6.36086951999e-06,
        "min": 4.70882042691e-07,
        "var": 0.000409639498685
    },
    "spectral_energyband_low": {
        "dmean": 0.000443317432655,
        "dmean2": 0.000829771510325,
        "dvar": 9.78946354735e-06,
        "dvar2": 2.807022247e-05,
        "max": 0.029307955876,
        "mean": 0.000265503418632,
        "median": 2.23602728511e-06,
        "min": 1.47591293853e-07,
        "var": 5.74094428885e-06
    },
    "spectral_energyband_middle_high": {
        "dmean": 0.00397852621973,
        "dmean2": 0.00716120190918,
        "dvar": 0.000500182737596,
        "dvar2": 0.00143463199493,
        "max": 0.19202016294,
        "mean": 0.00330540258437,
        "median": 4.40643962065e-05,
        "min": 2.98489794659e-07,
        "var": 0.000323355954606
    },
    "spectral_energyband_middle_low": {
        "dmean": 0.0140317315236,
        "dmean2": 0.0226823762059,
        "dvar": 0.00842851120979,
        "dvar2": 0.0166459046304,
        "max": 0.965477526188,
        "mean": 0.015323843807,
        "median": 9.76320443442e-05,
        "min": 1.50540438426e-06,
        "var": 0.00989302061498
    },
    "spectral_entropy": {
        "dmean": 0.145964607596,
        "dmean2": 0.230865299702,
        "dvar": 0.0215929038823,
        "dvar2": 0.042100649327,
        "max": 8.69766998291,
        "mean": 7.59781694412,
        "median": 7.77899694443,
        "min": 6.42440509796,
        "var": 0.343626827002
    },
    "spectral_flux": {
        "dmean": 0.0283013656735,
        "dmean2": 0.0464598499238,
        "dvar": 0.00947342719883,
        "dvar2": 0.0223378334194,
        "max": 0.879351139069,
        "mean": 0.0427868589759,
        "median": 0.00625344878063,
        "min": 0.00148198194802,
        "var": 0.0139850918204
    },
    "spectral_kurtosis": {
        "dmean": 2.40039753914,
        "dmean2": 3.59389162064,
        "dvar": 10.3034515381,
        "dvar2": 24.0079154968,
        "max": 37.256072998,
        "mean": 7.9945101738,
        "median": 4.27507257462,
        "min": 0.403177499771,
        "var": 70.519203186
    },
    "spectral_rms": {
        "dmean": 0.000883902597707,
        "dmean2": 0.00132353662048,
        "dvar": 1.04874625322e-05,
        "dvar2": 2.18044369831e-05,
        "max": 0.0321207381785,
        "mean": 0.00169226643629,
        "median": 0.000425175763667,
        "min": 5.43530659343e-05,
        "var": 1.71030496858e-05
    },
    "spectral_rolloff": {
        "dmean": 1039.76660156,
        "dmean2": 1910.09643555,
        "dvar": 4643425.5,
        "dvar2": 13560580,
        "max": 17161.9628906,
        "mean": 2836.109375,
        "median": 1464.2578125,
        "min": 387.59765625,
        "var": 7191200
    },
    "spectral_skewness": {
        "dmean": 0.287263333797,
        "dmean2": 0.422384172678,
        "dvar": 0.0855377539992,
        "dvar2": 0.212665647268,
        "max": 4.66101837158,
        "mean": 1.91304111481,
        "median": 1.54489254951,
        "min": 0.609190285206,
        "var": 0.966483831406
    },
    "spectral_spread": {
        "dmean": 734961.6875,
        "dmean2": 1125707.125,
        "dvar": 1.93505774797e+12,
        "dvar2": 3.4638439383e+12,
        "max": 21621520,
        "mean": 5187700.5,
        "median": 5166053.5,
        "min": 1436623,
        "var": 6.59198155162e+12
    },
    "spectral_strongpeak": {
        "dmean": 0.293169111013,
        "dmean2": 0.503528833389,
        "dvar": 0.978775143623,
        "dvar2": 2.70113277435,
        "max": 7.62195301056,
        "mean": 0.355375319719,
        "median": 0.105486221611,
        "min": 0,
        "var": 0.74073112011
    },
    "zerocrossingrate": {
        "dmean": 0.0148990890011,
        "dmean2": 0.0186398904771,
        "dvar": 0.000312721705996,
        "dvar2": 0.000512922299094,
        "max": 0.263671875,
        "mean": 0.104353137314,
        "median": 0.09765625,
        "min": 0.013671875,
        "var": 0.00352531275712
    },
    "barkbands": {
        "dmean": [8.65494439495e-06, 8.56619953993e-06, 0.000178866568604, 0.000409132306231, 0.00821838062257, 0.00362334214151, 0.000667703745421, 0.000258571730228, 0.00156948692165, 0.000842859561089, 0.000305756024318, 0.000605064502452, 0.000598803744651, 0.000379306264222, 0.000655835494399, 0.000671001384035, 0.000109967106255, 0.000152821143274, 0.000205956646823, 0.000175732784555, 4.86423668917e-05, 4.94208907185e-05, 0.00210328376852, 0.000867232505698, 0.000144130375702, 5.74079022044e-05, 4.74550506624e-05],
        "dmean2": [1.40089787237e-05, 1.36748531077e-05, 0.000334732991178, 0.000755729619414, 0.0148506369442, 0.00650739949197, 0.00119067972992, 0.00042016748921, 0.00250849639997, 0.00151715509128, 0.000539646658581, 0.00107059674338, 0.00111780548468, 0.000733797729481, 0.00128401629627, 0.00125364633277, 0.000182366304216, 0.000264296424575, 0.000381899095373, 0.000330321199726, 8.13539008959e-05, 8.17496111267e-05, 0.00416075345129, 0.00171025271993, 0.000280273729004, 0.000112862318929, 9.51271722442e-05],
        "dvar": [9.77520508982e-10, 1.18044640729e-09, 1.63856645941e-06, 6.85408485879e-06, 0.00348071777262, 0.000509073608555, 1.8017970433e-05, 8.2930375811e-07, 9.7021991678e-05, 2.87031016342e-05, 1.66196082318e-06, 1.1030976566e-05, 1.11689987534e-05, 3.97379108108e-06, 2.35818988585e-05, 1.71391038748e-05, 3.36062811357e-07, 6.32652927379e-07, 1.7533063783e-06, 1.14974136523e-06, 3.80955214041e-08, 5.64131319436e-08, 0.000313951168209, 5.21190850122e-05, 1.22832284433e-06, 2.23773852781e-07, 1.63510151197e-07],
        "dvar2": [2.38685138321e-09, 2.75210321199e-09, 4.70981240142e-06, 1.96988748939e-05, 0.00673557864502, 0.00136995292269, 5.12190126756e-05, 2.06464164876e-06, 0.000241929999902, 7.90052654338e-05, 4.810219707e-06, 2.97580882034e-05, 3.19220162055e-05, 1.19158921734e-05, 7.0718160714e-05, 4.93375555379e-05, 9.29170539621e-07, 1.72758325334e-06, 5.02883813169e-06, 3.40680571753e-06, 9.94649838049e-08, 1.47993191035e-07, 0.000939296383876, 0.000155676709255, 3.63162439498e-06, 6.6824594569e-07, 4.904621278e-07],
        "max": [0.00031227080035, 0.000251822842984, 0.0119867287576, 0.0249134078622, 0.575020134449, 0.241757541895, 0.0427722074091, 0.00920508336276, 0.102929159999, 0.0557850897312, 0.00980852264911, 0.0295611619949, 0.0285256337374, 0.0155361220241, 0.042943097651, 0.0369318239391, 0.00569532625377, 0.00716759683564, 0.0124081261456, 0.00967219658196, 0.0018508733483, 0.00219246069901, 0.157186537981, 0.0642211288214, 0.00999044533819, 0.00423045316711, 0.00353995920159],
        "mean": [7.85022348282e-06, 8.93618744158e-06, 0.000106794032035, 0.000267955911113, 0.00840409006923, 0.0037541128695, 0.000616481993347, 0.000295441685012, 0.00143614958506, 0.000866493326612, 0.000317268626532, 0.00055070919916, 0.000390188768506, 0.000280275213299, 0.000403416197514, 0.000440461793914, 0.000112435256597, 0.000118246942293, 0.000136324306368, 0.000118305266369, 4.36496047769e-05, 4.56587440567e-05, 0.00112950522453, 0.000465828517918, 8.0627243733e-05, 3.13989694405e-05, 2.41834350163e-05],
        "median": [1.45758281178e-06, 3.4037958585e-07, 3.12839631533e-07, 9.56654957918e-07, 7.1220792961e-06, 1.24787229652e-05, 2.32369802688e-05, 1.13111900646e-05, 1.01342193375e-05, 9.5385730674e-06, 6.16893430561e-06, 4.33550485468e-06, 1.29680938699e-06, 1.9114108909e-06, 8.64126093347e-07, 5.36643824489e-07, 8.86026498392e-07, 6.91841023581e-07, 4.42451522531e-07, 1.88219939901e-06, 1.84015027571e-06, 6.42844156573e-07, 3.149772283e-07, 5.50268111965e-07, 3.47693799085e-07, 1.15692941449e-07, 4.01528581051e-07],
        "min": [1.57524961963e-08, 3.58830085645e-08, 9.37127797584e-09, 1.22795871249e-08, 7.12313266149e-08, 1.33880803332e-07, 1.36573774512e-07, 1.11005697079e-07, 7.14521988243e-08, 4.52634267845e-08, 1.50626817685e-08, 1.55138746294e-08, 8.06342637105e-09, 8.53323012251e-09, 1.16838547726e-08, 1.06522017873e-08, 9.71432445596e-09, 1.18626841683e-08, 1.09736246756e-08, 1.3287359657e-08, 2.48600091624e-08, 1.43455860524e-08, 1.31844100082e-08, 1.42482479148e-08, 2.7655673307e-08, 3.10082199917e-08, 1.66051904671e-07],
        "var": [9.43622291416e-10, 1.45040979227e-09, 9.59021235758e-07, 4.25985854235e-06, 0.00378456176259, 0.000485089985887, 1.28990432131e-05, 1.08539120447e-06, 8.45635586302e-05, 2.59632415691e-05, 1.44451144024e-06, 8.37204333948e-06, 6.73729755363e-06, 2.35307243202e-06, 1.22922101582e-05, 1.00823181128e-05, 2.87218966832e-07, 4.54791717175e-07, 1.05775131942e-06, 6.50279162073e-07, 3.5659557085e-08, 4.78822776984e-08, 0.000162618642207, 2.71499993687e-05, 6.60166790567e-07, 1.17935542221e-07, 8.24076522576e-08]
    },
    "erbbands": {
        "dmean": [0.000340788799804, 0.00377951213159, 0.12467455864, 1.1551245451, 11.7466459274, 39.5759544373, 27.1052646637, 28.475982666, 17.2209873199, 5.50234031677, 6.52065563202, 32.7740325928, 48.0963287354, 8.83609580994, 15.5132684708, 26.874174118, 27.1545619965, 18.3864002228, 22.9476337433, 48.2095794678, 25.0969524384, 7.55625486374, 8.41963195801, 9.47734355927, 9.54068088531, 9.59119033813, 3.37268614769, 1.65347707272, 1.57038354874, 7.47034740448, 86.4241943359, 22.086561203, 17.0349597931, 2.48638558388, 0.760493218899, 0.315892457962, 0.0859401524067, 0.0320534594357, 0.00650372728705, 0.000706244201865],
        "dmean2": [0.000587246497162, 0.00606209924445, 0.229599326849, 1.99231183529, 19.5657615662, 70.549621582, 46.1275520325, 49.5087089539, 28.2773990631, 9.05498790741, 10.4034490585, 55.1290435791, 77.5888366699, 14.8007726669, 27.4176979065, 46.6992149353, 50.3983078003, 35.2788696289, 44.1588134766, 93.6963882446, 45.6750526428, 12.4259548187, 14.3220901489, 16.93085289, 18.1319179535, 18.0736656189, 5.89461421967, 2.67062926292, 2.44665265083, 14.4348640442, 171.573379517, 43.7000846863, 33.6051292419, 4.85148000717, 1.47481095791, 0.614052712917, 0.170154005289, 0.0640253350139, 0.0130194928497, 0.00140772829764],
        "dvar": [2.56648922914e-06, 0.000284382083919, 0.734572410583, 55.4524726868, 5517.9296875, 83550.53125, 33076.6953125, 26383.7597656, 11176.0253906, 404.061309814, 799.241455078, 42327.9882812, 95793.1875, 2369.28955078, 5249.22607422, 21516.7890625, 23328.6132812, 8241.65722656, 24413.6914062, 130385.015625, 18132.1699219, 1489.44360352, 1804.98620605, 3307.38867188, 3842.15917969, 3780.9296875, 261.714385986, 43.2896957397, 49.2675132751, 3477.71801758, 534077.125, 33926.484375, 20232.9453125, 382.909820557, 33.0685806274, 6.50816679001, 0.518304049969, 0.0737913250923, 0.00305364979431, 3.46138949681e-05],
        "dvar2": [4.72368901683e-06, 0.000687607040163, 2.08157396317, 148.206878662, 10501.546875, 165312.71875, 91269.6953125, 66753.7578125, 29749.2558594, 1051.24584961, 1760.54650879, 113371.3125, 247992.03125, 6099.80957031, 14130.9833984, 58688.203125, 66916.40625, 24743.5859375, 72647.6875, 386981.125, 51615.609375, 4118.84277344, 4871.73388672, 9279.91894531, 11291.5917969, 11194.5185547, 737.000976562, 109.137741089, 121.91292572, 10283.1484375, 1598800.5, 101571.953125, 60328.5429688, 1136.22058105, 97.3900299072, 19.3716182709, 1.5495197773, 0.221094399691, 0.00915593001992, 0.000103832004243],
        "max": [0.0153410956264, 0.173391833901, 8.16654205322, 75.0155105591, 781.839172363, 2834.60205078, 1846.7545166, 1804.56481934, 1119.70849609, 209.795272827, 339.482788086, 2110.70458984, 3246.04907227, 541.876525879, 644.716003418, 1294.06091309, 1295.85974121, 653.361999512, 1387.47912598, 3239.07885742, 1069.03991699, 363.781616211, 374.61541748, 550.663574219, 563.571899414, 558.751464844, 151.525863647, 56.5198822021, 64.7053756714, 534.697814941, 6467.20019531, 1638.35900879, 1264.8873291, 175.74949646, 52.080242157, 23.0233898163, 6.37686777115, 2.38622689247, 0.48421305418, 0.0515097901225],
        "mean": [0.000376352254534, 0.00316782086156, 0.0777307450771, 0.841489553452, 12.0662717819, 38.2097167969, 21.8511009216, 32.9068260193, 14.9614696503, 7.59894418716, 8.28326702118, 29.593585968, 42.5436096191, 13.1752204895, 15.281162262, 23.4490394592, 18.2338657379, 13.9323921204, 15.0480928421, 29.2817382812, 17.4792671204, 7.10931682587, 6.71903467178, 6.77882671356, 6.04103279114, 6.32066202164, 2.68620443344, 1.62846410275, 1.65565025806, 4.2985868454, 45.9969139099, 11.9980554581, 9.07066726685, 1.37641739845, 0.429574161768, 0.178240001202, 0.0452553667128, 0.016365814954, 0.0033180413302, 0.000371992849978],
        "median": [2.16967309825e-05, 6.44593092147e-05, 0.000349435518729, 0.00244448287413, 0.0155865577981, 0.0251770820469, 0.0478066504002, 0.125670447946, 0.134076043963, 0.583130955696, 0.323318898678, 0.199618399143, 0.168415740132, 0.317951828241, 0.272354334593, 0.186563268304, 0.0899699181318, 0.077259093523, 0.0654956921935, 0.049221534282, 0.0356795415282, 0.061052378267, 0.0364928618073, 0.0402240492404, 0.0382727794349, 0.0878928154707, 0.090503372252, 0.0475685335696, 0.0276456270367, 0.00974053423852, 0.00987602490932, 0.0119237182662, 0.00857080332935, 0.00433074124157, 0.00181467470247, 0.000621031154878, 0.000167939302628, 8.38353516883e-05, 4.52110580227e-05, 8.3195809566e-06],
        "min": [1.374257522e-06, 4.96585880683e-06, 1.44543146234e-05, 4.68376892968e-05, 0.000248560361797, 0.000242418333073, 0.000486598582938, 0.00135226419661, 0.00214706454426, 0.00193623511586, 0.00222958321683, 0.00151683867443, 0.00159243645612, 0.00111520290375, 0.000891684379894, 0.000654375355225, 0.000382784899557, 0.000384638260584, 0.00068508728873, 0.000684534315951, 0.000543360714801, 0.000563033099752, 0.000651030393783, 0.000697899435181, 0.000601565116085, 0.000598507467657, 0.000975486880634, 0.000781221664511, 0.000575064914301, 0.000402207224397, 0.000416367780417, 0.000317759375321, 0.000234054808971, 0.000230008721701, 0.000188059857464, 8.91411837074e-05, 5.8563426137e-05, 4.43511889898e-05, 2.17278047785e-05, 3.14554540637e-06],
        "var": [3.46503611581e-06, 0.000275415397482, 0.449376344681, 40.3638038635, 6353.52832031, 87479.703125, 24646.2558594, 31657.8671875, 9309.1171875, 519.989562988, 1179.85339355, 33810.4570312, 83425.7734375, 3364.29833984, 4249.24414062, 15739.1044922, 14059.1308594, 5147.41455078, 13163.1611328, 69734.265625, 11389.3134766, 1214.46923828, 1355.44970703, 2147.37304688, 2171.36157227, 2128.09008789, 184.792297363, 43.6991424561, 50.6849555969, 1890.02893066, 275205.46875, 17674.1328125, 10531.1230469, 203.850753784, 17.9836521149, 3.50093817711, 0.267543703318, 0.0374485366046, 0.00154183222912, 1.74500219146e-05]
    },
    "gfcc": {
        "mean": [-213.381225586, 52.3994598389, -116.422027588, -12.6658611298, -77.9002685547, -14.3576803207, -33.5296325684, -6.27358722687, -23.6194190979, -4.6946310997, -10.3324947357, -4.99437236786, -2.35309147835],
        "cov": [[15993.4804688, 2043.80651855, -3167.27685547, 466.551239014, -381.148254395, -31.0891990662, -2143.70629883, -836.657653809, -891.099182129, -776.457092285, -531.689331055, -489.03994751, -245.263748169], [2043.80651855, 2825.56323242, -485.726470947, -1018.94708252, 260.464904785, -378.535736084, -87.0327072144, -389.880065918, -157.768188477, -290.276519775, -179.935409546, -98.3258285522, 65.4979171753], [-3167.27685547, -485.726470947, 1001.44824219, -57.3045043945, 38.7349014282, 38.9295005798, 486.0546875, 253.254348755, 202.310684204, 221.993743896, 113.784072876, 124.433204651, 53.4765815735], [466.551239014, -1018.94708252, -57.3045043945, 845.606811523, -59.5763473511, 77.4060745239, -151.071426392, 119.191558838, -13.5172834396, 12.7628574371, -13.1811828613, -48.1216201782, -39.7857017517], [-381.148254395, 260.464904785, 38.7349014282, -59.5763473511, 358.073638916, -6.2857542038, -38.8603935242, -67.7070541382, -10.6761217117, -90.6575469971, -17.6513233185, -31.808801651, -27.6439189911], [-31.0891990662, -378.535736084, 38.9295005798, 77.4060745239, -6.2857542038, 172.616699219, -46.8655014038, 2.70658898354, -14.4760141373, 26.5620956421, 24.8791007996, 3.06127905846, -29.7076263428], [-2143.70629883, -87.0327072144, 486.0546875, -151.071426392, -38.8603935242, -46.8655014038, 505.93963623, 182.186920166, 156.832611084, 153.297821045, 91.9070739746, 97.7324676514, 72.7040786743], [-836.657653809, -389.880065918, 253.254348755, 119.191558838, -67.7070541382, 2.70658898354, 182.186920166, 208.945999146, 99.5166702271, 118.426338196, 51.7745552063, 55.4415054321, 14.5361833572], [-891.099182129, -157.768188477, 202.310684204, -13.5172834396, -10.6761217117, -14.4760141373, 156.832611084, 99.5166702271, 131.123458862, 78.5645217896, 47.4757766724, 47.877494812, 12.510550499], [-776.457092285, -290.276519775, 221.993743896, 12.7628574371, -90.6575469971, 26.5620956421, 153.297821045, 118.426338196, 78.5645217896, 176.382446289, 54.112991333, 48.2868766785, 29.1082878113], [-531.689331055, -179.935409546, 113.784072876, -13.1811828613, -17.6513233185, 24.8791007996, 91.9070739746, 51.7745552063, 47.4757766724, 54.112991333, 84.9400100708, 40.4810791016, 13.5202827454], [-489.03994751, -98.3258285522, 124.433204651, -48.1216201782, -31.808801651, 3.06127905846, 97.7324676514, 55.4415054321, 47.877494812, 48.2868766785, 40.4810791016, 62.4245948792, 18.4459648132], [-245.263748169, 65.4979171753, 53.4765815735, -39.7857017517, -27.6439189911, -29.7076263428, 72.7040786743, 14.5361833572, 12.510550499, 29.1082878113, 13.5202827454, 18.4459648132, 42.7305908203]],
        "icov": [[0.000401530211093, -0.000608907139394, 0.000566401402466, -0.000516525935382, 0.000702878227457, -0.000657192023937, 0.00098103727214, -0.000685350736603, 0.000554170401301, -6.24003514531e-05, -0.000118805619422, -0.000381956429919, 0.000692765926942], [-0.000608907139394, 0.00279861502349, -0.000503538583871, 0.00273426692002, -0.00175313802902, 0.00337582803331, -0.00160534423776, 0.00148179708049, -0.000390955159673, 0.000882709864527, 0.00176258431748, 0.00231058523059, -0.0032105606515], [0.000566401402466, -0.000503538583871, 0.00343272904865, -0.000417592033045, -0.000192851293832, -0.00148425460793, -0.000297512742691, -0.0016895927256, 0.000269390700851, -0.00110691203736, 0.000800720124971, -0.00155403022654, 0.000354994903319], [-0.000516525935382, 0.00273426692002, -0.000417592033045, 0.00463215773925, -0.00140339427162, 0.00255013653077, -0.000276875827694, -0.00142479338683, -0.000373926159227, 0.00155063730199, 0.00154054025188, 0.00479339109734, -0.00400299206376], [0.000702878227457, -0.00175313802902, -0.000192851293832, -0.00140339427162, 0.00548311183229, -0.00179843325168, 0.00187504268251, -0.000407154118875, -0.00015691293811, 0.00198879721574, -0.00156660948414, 0.000854625948705, 0.00371928745881], [-0.000657192023937, 0.00337582803331, -0.00148425460793, 0.00255013653077, -0.00179843325168, 0.0134024899453, -0.00117257039528, 0.00383298308589, 0.0029812164139, -0.00203291140497, -0.00143822736572, 0.000760501774494, 0.00476955389604], [0.00098103727214, -0.00160534423776, -0.000297512742691, -0.000276875827694, 0.00187504268251, -0.00117257039528, 0.00902668200433, -0.00459523126483, -0.00107016856782, 0.000334431679221, -0.00184092065319, -0.000468902959256, -0.0043208762072], [-0.000685350736603, 0.00148179708049, -0.0016895927256, -0.00142479338683, -0.000407154118875, 0.00383298308589, -0.00459523126483, 0.0161873735487, -0.00335350539535, -0.00436381530017, 0.000717612740118, -0.00430339574814, 0.00488126138225], [0.000554170401301, -0.000390955159673, 0.000269390700851, -0.000373926159227, -0.00015691293811, 0.0029812164139, -0.00107016856782, -0.00335350539535, 0.0186047405005, -0.00324983987957, -0.00266804918647, -0.0050011947751, 0.00779741117731], [-6.24003514531e-05, 0.000882709864527, -0.00110691203736, 0.00155063730199, 0.00198879721574, -0.00203291140497, 0.000334431679221, -0.00436381530017, -0.00324983987957, 0.0142923267558, -0.00105873448774, 0.00323860649951, -0.00794096197933], [-0.000118805619422, 0.00176258431748, 0.000800720124971, 0.00154054025188, -0.00156660948414, -0.00143822736572, -0.00184092065319, 0.000717612740118, -0.00266804918647, -0.00105873448774, 0.0217872355133, -0.00699478155002, -0.00444839289412], [-0.000381956429919, 0.00231058523059, -0.00155403022654, 0.00479339109734, 0.000854625948705, 0.000760501774494, -0.000468902959256, -0.00430339574814, -0.0050011947751, 0.00323860649951, -0.00699478155002, 0.0374332889915, -0.0106707196683], [0.000692765926942, -0.0032105606515, 0.000354994903319, -0.00400299206376, 0.00371928745881, 0.00476955389604, -0.0043208762072, 0.00488126138225, 0.00779741117731, -0.00794096197933, -0.00444839289412, -0.0106707196683, 0.0486822426319]]
    },
    "melbands": {
        "dmean": [2.89627041639e-06, 4.37954149675e-05, 0.000255049584666, 0.00220629409887, 0.000993285444565, 0.000640589511022, 0.000241251807893, 5.14379171364e-05, 5.99807863182e-05, 0.000251042278251, 0.000241273883148, 2.75161582977e-05, 4.51009836979e-05, 5.78669751121e-05, 9.84014477581e-05, 3.47554923792e-05, 3.47249297192e-05, 3.08625349135e-05, 6.24643362244e-05, 5.71670752834e-05, 2.25401472562e-05, 6.81185701978e-06, 6.96072447681e-06, 7.59432168707e-06, 7.44509725337e-06, 8.73991848493e-06, 4.54665041616e-06, 7.18109004083e-06, 2.1907790142e-06, 1.14508623028e-06, 9.48959780089e-07, 9.18400985483e-07, 8.60692409788e-07, 2.56157863987e-06, 5.10049503646e-05, 3.04368513753e-05, 1.04988339444e-05, 1.5666231775e-05, 3.3850235468e-06, 1.60362060342e-06],
        "dmean2": [4.60364435639e-06, 8.14336162875e-05, 0.000388121057767, 0.00378650426865, 0.00149149366189, 0.00111629941966, 0.000393067690311, 8.1920879893e-05, 9.67527739704e-05, 0.000421845383244, 0.000389404973248, 4.54171531601e-05, 7.73301289883e-05, 9.99679323286e-05, 0.000175683977432, 6.6757784225e-05, 6.68551874696e-05, 5.90534691582e-05, 0.000123110759887, 0.00010845874931, 4.03698941227e-05, 1.16674982564e-05, 1.19009800983e-05, 1.31106135086e-05, 1.31887509269e-05, 1.66416775755e-05, 8.57042323332e-06, 1.36178987304e-05, 3.8110888454e-06, 2.01506804842e-06, 1.5503725308e-06, 1.49613913436e-06, 1.55925124545e-06, 4.79851405544e-06, 0.00010130766168, 6.03314329055e-05, 2.09546215046e-05, 3.09371462208e-05, 6.65718971504e-06, 3.10115046886e-06],
        "dvar": [1.26257268529e-10, 9.15916160693e-08, 2.05076389648e-06, 0.000236909589148, 4.18789932155e-05, 1.3847396076e-05, 2.16614694182e-06, 2.54969343416e-08, 6.60505321548e-08, 2.63851802629e-06, 2.42410055762e-06, 2.10374331289e-08, 3.58579335114e-08, 7.83319649145e-08, 3.73728482828e-07, 3.56341907093e-08, 2.87797892184e-08, 4.06279028198e-08, 2.21972882741e-07, 1.62299372164e-07, 1.31291999494e-08, 1.32891309068e-09, 1.11898479371e-09, 1.77341175078e-09, 1.97100868959e-09, 3.57350615765e-09, 6.95376367599e-10, 2.16132600706e-09, 1.0755386165e-10, 1.99003556689e-11, 1.64194803587e-11, 1.55100134125e-11, 2.49326375518e-11, 3.67908176147e-10, 1.85821335208e-07, 6.56516974118e-08, 7.63791252467e-09, 1.72174381419e-08, 7.70914665438e-10, 1.4709534979e-10],
        "dvar2": [2.65624661155e-10, 2.61988077455e-07, 4.80397875435e-06, 0.000475297740195, 9.93434223346e-05, 3.56602613465e-05, 5.66937114854e-06, 6.47151452426e-08, 1.54825443133e-07, 7.03652631273e-06, 6.28561519989e-06, 4.77855124359e-08, 9.97521851787e-08, 2.01292138513e-07, 1.05219589841e-06, 1.04076370633e-07, 8.68447855851e-08, 1.20528270031e-07, 6.64835738462e-07, 4.73074180718e-07, 3.67967167847e-08, 3.64257712882e-09, 3.03686320535e-09, 4.88523488329e-09, 5.48163603398e-09, 1.04713278049e-08, 2.04627359501e-09, 6.41466701978e-09, 3.01703551031e-10, 5.30925824138e-11, 4.13368887731e-11, 3.59908838843e-11, 7.15770359649e-11, 1.06555153589e-09, 5.55859628548e-07, 1.96616099402e-07, 2.29289760512e-08, 5.1368957088e-08, 2.29468177793e-09, 4.34082852996e-10],
        "max": [0.000106816682091, 0.00285211182199, 0.0155612640083, 0.15513703227, 0.0691960826516, 0.0410536304116, 0.0157149452716, 0.00136548571754, 0.00306055950932, 0.0166114140302, 0.0163246616721, 0.00166255491786, 0.00154898839537, 0.00224841199815, 0.00564472423866, 0.00143557193223, 0.00114530441351, 0.00178697926458, 0.00415923399851, 0.00368653028272, 0.000889846473001, 0.000360670586815, 0.000258156389464, 0.000399542594096, 0.000427862862125, 0.000547332747374, 0.000234875958995, 0.000420340424171, 9.64376158663e-05, 4.05231767218e-05, 3.01876862068e-05, 3.1275278161e-05, 4.75638116768e-05, 0.00017928268062, 0.00381756410934, 0.00227446900681, 0.000774895597715, 0.00116577523295, 0.000247486488661, 0.000109815606265],
        "mean": [3.01469844999e-06, 2.6681322197e-05, 0.000252568162978, 0.00209251791239, 0.000886735739186, 0.000715017493349, 0.000214153318666, 7.34566856408e-05, 7.10179156158e-05, 0.00021744845435, 0.000213554405491, 5.09583769599e-05, 4.55180415884e-05, 5.84264053032e-05, 6.90711167408e-05, 2.45746523433e-05, 2.61388940999e-05, 2.05326105061e-05, 3.76492753276e-05, 3.58790312021e-05, 1.66629197338e-05, 7.08778816261e-06, 5.65979917155e-06, 5.94062112214e-06, 5.33680986337e-06, 5.46528417544e-06, 3.03103934129e-06, 4.68142161481e-06, 1.77436959348e-06, 1.03688444142e-06, 9.43309316881e-07, 1.06136951672e-06, 6.16896159045e-07, 1.58544219175e-06, 2.71786266239e-05, 1.64410230354e-05, 5.67062807022e-06, 8.32264959172e-06, 1.81781922493e-06, 9.11404185899e-07],
        "median": [2.31142777807e-07, 1.43525653584e-07, 6.5989866016e-07, 1.41171051382e-06, 1.63380946105e-06, 2.95956692753e-06, 2.93353195957e-06, 5.44065323993e-06, 2.33715149989e-06, 1.09626614631e-06, 8.31392469536e-07, 1.36544997531e-06, 9.93452772491e-07, 4.78616755117e-07, 3.04612541413e-07, 1.06545861911e-07, 1.62053751751e-07, 1.02017423842e-07, 7.46678878727e-08, 3.83182765518e-08, 4.01564861363e-08, 6.72003750424e-08, 2.9380565536e-08, 4.30778328564e-08, 3.0031905851e-08, 1.53550097082e-08, 4.05832381034e-08, 6.36594350567e-08, 5.28277368517e-08, 4.16416732207e-08, 1.95651903567e-08, 1.73203957843e-08, 7.58470086737e-09, 4.03486621892e-09, 4.3241792369e-09, 6.2725677985e-09, 6.83266687673e-09, 6.02869620892e-09, 4.61055060796e-09, 3.2572378128e-09],
        "min": [1.28204460381e-08, 1.00368939826e-08, 1.3421935563e-08, 1.58155444296e-08, 1.55567487781e-08, 2.80650382933e-08, 3.57395748551e-08, 1.79213941465e-08, 1.89748501356e-08, 9.41400024601e-09, 6.06136163483e-09, 4.07705869065e-09, 2.3426469653e-09, 1.60013102768e-09, 8.93565499371e-10, 6.07424777144e-10, 6.20865248102e-10, 9.45930778151e-10, 7.76294473148e-10, 7.66356478277e-10, 4.41285202823e-10, 5.36293176534e-10, 6.73108346838e-10, 6.01848237913e-10, 4.63030586095e-10, 4.76509276481e-10, 3.38801542377e-10, 3.60337037986e-10, 6.45446862624e-10, 4.60247062684e-10, 4.21573276288e-10, 2.60467425406e-10, 1.9301993337e-10, 1.9937794471e-10, 1.86549414805e-10, 1.71298364382e-10, 1.68270217205e-10, 1.53213941534e-10, 1.66452462924e-10, 2.02364888735e-10],
        "var": [1.69521438553e-10, 5.4527411919e-08, 2.16561670641e-06, 0.000246266921749, 3.96182440454e-05, 1.55413999892e-05, 1.8507078039e-06, 3.96851120854e-08, 8.79566073309e-08, 2.06467939279e-06, 2.10844109461e-06, 4.38809557579e-08, 3.0415975516e-08, 7.42583452507e-08, 2.32039113257e-07, 2.12119992682e-08, 1.7893748705e-08, 2.22237357406e-08, 1.14998158551e-07, 9.18697580232e-08, 8.88034090707e-09, 1.15814624557e-09, 8.47629022527e-10, 1.25980215149e-09, 1.30506250251e-09, 2.01370520259e-09, 4.06400746389e-10, 1.20167331641e-09, 7.6036135721e-11, 1.87092129983e-11, 1.56786476163e-11, 1.82301881924e-11, 1.61098096668e-11, 2.15651316249e-10, 9.59007593337e-08, 3.4055457121e-08, 3.95258048513e-09, 8.94480223224e-09, 4.03203442856e-10, 8.00072855189e-11]
    },
    "mfcc": {
        "mean": [-860.869812012, 106.257034302, -0.724497914314, -3.47131586075, -24.2866573334, -15.4378786087, -8.99835109711, -11.4664640427, -5.56918621063, -6.91919088364, -11.1869878769, 1.38070785999, -3.73383164406],
        "cov": [[18542.5136719, 1024.40136719, -2683.42358398, -303.893859863, 763.626586914, -117.478279114, -948.728881836, -691.138977051, -1250.39306641, -382.456298828, -887.630493164, -1052.71679688, -868.16217041], [1024.40136719, 2994.34863281, -489.730743408, -526.986328125, -166.954803467, -137.513458252, -90.5810775757, -83.4172744751, -63.9646034241, -153.814819336, -169.395690918, -342.170623779, -110.511253357], [-2683.42358398, -489.730743408, 774.016113281, 89.3523635864, -229.450866699, 4.35448789597, 151.555984497, 91.6703872681, 252.380630493, 84.9044418335, 126.857666016, 274.35067749, 200.594787598], [-303.893859863, -526.986328125, 89.3523635864, 461.574523926, 68.8005981445, -21.9219970703, 36.2199211121, 28.5542869568, 118.227813721, 10.5896434784, 59.8414840698, 95.2486419678, -20.8437519073], [763.626586914, -166.954803467, -229.450866699, 68.8005981445, 426.331420898, 90.2899398804, -43.0854263306, 1.06347501278, -170.387619019, 14.4245243073, 9.51926612854, -159.380554199, -144.05796814], [-117.478279114, -137.513458252, 4.35448789597, -21.9219970703, 90.2899398804, 115.697227478, 25.8227615356, -0.186286523938, -38.8150863647, 13.3452882767, 15.6653089523, -39.2490119934, -19.0425338745], [-948.728881836, -90.5810775757, 151.555984497, 36.2199211121, -43.0854263306, 25.8227615356, 133.470230103, 51.3654403687, 72.5340194702, 31.3871059418, 59.4087181091, 37.5057868958, 65.6367950439], [-691.138977051, -83.4172744751, 91.6703872681, 28.5542869568, 1.06347501278, -0.186286523938, 51.3654403687, 110.869140625, 44.3154220581, 20.2132778168, 40.1505393982, 37.5674476624, 43.2232284546], [-1250.39306641, -63.9646034241, 252.380630493, 118.227813721, -170.387619019, -38.8150863647, 72.5340194702, 44.3154220581, 218.984146118, 22.8020706177, 81.1465988159, 155.295669556, 91.9098510742], [-382.456298828, -153.814819336, 84.9044418335, 10.5896434784, 14.4245243073, 13.3452882767, 31.3871059418, 20.2132778168, 22.8020706177, 74.0566101074, 43.0558586121, 36.6945228577, 32.3903579712], [-887.630493164, -169.395690918, 126.857666016, 59.8414840698, 9.51926612854, 15.6653089523, 59.4087181091, 40.1505393982, 81.1465988159, 43.0558586121, 123.402412415, 57.8544578552, 49.312210083], [-1052.71679688, -342.170623779, 274.35067749, 95.2486419678, -159.380554199, -39.2490119934, 37.5057868958, 37.5674476624, 155.295669556, 36.6945228577, 57.8544578552, 220.007858276, 109.921470642], [-868.16217041, -110.511253357, 200.594787598, -20.8437519073, -144.05796814, -19.0425338745, 65.6367950439, 43.2232284546, 91.9098510742, 32.3903579712, 49.312210083, 109.921470642, 134.234130859]],
