{
"lowlevel": {
    "average_loudness": 0.967565953732,
    "barkbands_crest": {
        "dmean": 2.7937912941,
        "dmean2": 4.44627094269,
        "dvar": 8.58219242096,
        "dvar2": 22.3747711182,
        "max": 21.7467021942,
        "mean": 8.33958530426,
        "median": 6.87601804733,
        "min": 3.0705947876,
        "var": 18.5042495728
    },
    "barkbands_flatness_db": {
        "dmean": 0.0170027092099,
        "dmean2": 0.0261992570013,
        "dvar": 0.000245275354246,
        "dvar2": 0.000681291392539,
        "max": 0.169205099344,
        "mean": 0.100650273263,
        "median": 0.0986929014325,
        "min": 0.052608653903,
        "var": 0.000436125294073
    },
    "barkbands_kurtosis": {
        "dmean": 1.27897334099,
        "dmean2": 2.17043709755,
        "dvar": 2.87128376961,
        "dvar2": 7.46482276917,
        "max": 9.08717823029,
        "mean": 0.841247439384,
        "median": 0.477199792862,
        "min": -1.15704727173,
        "var": 2.81934428215
    },
    "barkbands_skewness": {
        "dmean": 0.383058398962,
        "dmean2": 0.626555383205,
        "dvar": 0.181483879685,
        "dvar2": 0.46606656909,
        "max": 3.15185141563,
        "mean": 1.12402760983,
        "median": 1.06238853931,
        "min": -0.0370026938617,
        "var": 0.290281802416
    },
    "barkbands_spread": {
        "dmean": 4.5684132576,
        "dmean2": 7.35699272156,
        "dvar": 18.0665397644,
        "dvar2": 48.4430770874,
        "max": 38.5706062317,
        "mean": 22.0779304504,
        "median": 21.5228366852,
        "min": 11.1070251465,
        "var": 43.0171165466
    },
    "dissonance": {
        "dmean": 0.0127908205613,
        "dmean2": 0.02139717713,
        "dvar": 0.000159975228598,
        "dvar2": 0.000307548092678,
        "max": 0.5,
        "mean": 0.479974091053,
        "median": 0.482134789228,
        "min": 0.37106230855,
        "var": 0.000226958014537
    },
    "dynamic_complexity": 8.89338493347,
    "erbbands_crest": {
        "dmean": 2.29945588112,
        "dmean2": 3.77011322975,
        "dvar": 4.57165527344,
        "dvar2": 12.9530143738,
        "max": 15.6488571167,
        "mean": 6.69942092896,
        "median": 6.52091741562,
        "min": 3.11377358437,
        "var": 7.31879281998
    },
    "erbbands_flatness_db": {
        "dmean": 0.0114288069308,
        "dmean2": 0.0190532747656,
        "dvar": 8.65147740114e-05,
        "dvar2": 0.000243088230491,
        "max": 0.2147025913,
        "mean": 0.165949434042,
        "median": 0.164062544703,
        "min": 0.131071388721,
        "var": 0.000316971418215
    },
    "erbbands_kurtosis": {
        "dmean": 0.375543564558,
        "dmean2": 0.611191987991,
        "dvar": 0.112613528967,
        "dvar2": 0.322468847036,
        "max": 1.27132415771,
        "mean": -0.505843281746,
        "median": -0.632405519485,
        "min": -1.45650148392,
        "var": 0.327528089285
    },
    "erbbands_skewness": {
        "dmean": 0.287901312113,
        "dmean2": 0.470549941063,
        "dvar": 0.0641491562128,
        "dvar2": 0.167261272669,
        "max": 1.0868679285,
        "mean": 0.318732202053,
        "median": 0.368271499872,
        "min": -0.508808851242,
        "var": 0.107749789953
    },
    "erbbands_spread": {
        "dmean": 4.70763635635,
        "dmean2": 7.38048362732,
        "dvar": 11.6074361801,
        "dvar2": 35.136844635,
        "max": 63.075428009,
        "mean": 37.8663673401,
        "median": 38.845035553,
        "min": 14.0198373795,
        "var": 132.776702881
    },
    "hfc": {
        "dmean": 3.33046221733,
        "dmean2": 4.705701828,
        "dvar": 27.6045513153,
        "dvar2": 58.2735939026,
        "max": 66.7044219971,
        "mean": 14.0497121811,
        "median": 2.39004087448,
        "min": 0.0165903959423,
        "var": 296.969360352
    },
    "melbands_crest": {
        "dmean": 3.51566052437,
        "dmean2": 5.61975002289,
        "dvar": 8.87702083588,
        "dvar2": 23.219209671,
        "max": 25.1854000092,
        "mean": 11.5043649673,
        "median": 10.7660970688,
        "min": 4.33489274979,
        "var": 21.6793518066
    },
    "melbands_flatness_db": {
        "dmean": 0.021102167666,
        "dmean2": 0.0327320881188,
        "dvar": 0.000400938384701,
        "dvar2": 0.00110903033055,
        "max": 0.222211763263,
        "mean": 0.135787591338,
        "median": 0.133283510804,
        "min": 0.0755725651979,
        "var": 0.000812744372524
    },
    "melbands_kurtosis": {
        "dmean": 3.31752872467,
        "dmean2": 5.55991506577,
        "dvar": 27.4122695923,
        "dvar2": 74.1068344116,
        "max": 35.8702850342,
        "mean": 5.61061906815,
        "median": 4.03856182098,
        "min": -0.267692089081,
        "var": 31.4841995239
    },
    "melbands_skewness": {
        "dmean": 0.50858092308,
        "dmean2": 0.821335852146,
        "dvar": 0.375509381294,
        "dvar2": 0.993083715439,
        "max": 5.61905765533,
        "mean": 2.01732373238,
        "median": 1.9261276722,
        "min": 0.53760010004,
        "var": 0.84686601162
    },
    "melbands_spread": {
        "dmean": 6.93755578995,
        "dmean2": 10.9832859039,
        "dvar": 44.7871513367,
        "dvar2": 119.331413269,
        "max": 58.0448646545,
        "mean": 26.3106040955,
        "median": 25.5122070312,
        "min": 8.6310005188,
        "var": 71.5057525635
    },
    "pitch_salience": {
        "dmean": 0.0855456292629,
        "dmean2": 0.140464857221,
        "dvar": 0.00549040874466,
        "dvar2": 0.0165743548423,
        "max": 0.863213956356,
        "mean": 0.669677317142,
        "median": 0.685750901699,
        "min": 0.387360155582,
        "var": 0.00996079761535
    },
    "silence_rate_20dB": {
        "dmean": 0,
        "dmean2": 0,
        "dvar": 0,
        "dvar2": 0,
        "max": 1,
        "mean": 1,
        "median": 1,
        "min": 1,
        "var": 0
    },
    "silence_rate_30dB": {
        "dmean": 0,
        "dmean2": 0,
        "dvar": 0,
        "dvar2": 0,
        "max": 1,
        "mean": 1,
        "median": 1,
        "min": 1,
        "var": 0
    },
    "silence_rate_60dB": {
        "dmean": 0.0166666675359,
        "dmean2": 0.0336134470999,
        "dvar": 0.0163888800889,
        "dvar2": 0.0324835851789,
        "max": 1,
        "mean": 0.504132211208,
        "median": 1,
        "min": 0,
        "var": 0.249982565641
    },
    "spectral_centroid": {
        "dmean": 280.113769531,
        "dmean2": 445.39276123,
        "dvar": 60081.2773438,
        "dvar2": 157568.71875,
        "max": 2549.28491211,
        "mean": 1640.40551758,
        "median": 1651.29516602,
        "min": 943.717041016,
        "var": 116258.671875
    },
    "spectral_complexity": {
        "dmean": 2.65000009537,
        "dmean2": 4.20168066025,
        "dvar": 9.29416561127,
        "dvar2": 21.572763443,
        "max": 50,
        "mean": 17.8842983246,
        "median": 6,
        "min": 0,
        "var": 323.176635742
    },
    "spectral_decrease": {
        "dmean": 1.19879606242e-09,
        "dmean2": 1.96625982163e-09,
        "dvar": 4.56303431567e-18,
        "dvar2": 1.1395407209e-17,
        "max": -3.10414649714e-12,
        "mean": -2.83780710042e-09,
        "median": -5.6850807395e-10,
        "min": -1.68184683957e-08,
        "var": 1.41306982801e-17
    },
    "spectral_energy": {
        "dmean": 0.00477222492918,
        "dmean2": 0.00779116060585,
        "dvar": 7.19876043149e-05,
        "dvar2": 0.000178622707608,
        "max": 0.067774541676,
        "mean": 0.0119848884642,
        "median": 0.00228352169506,
        "min": 1.32205614136e-05,
        "var": 0.000245841802098
    },
    "spectral_energyband_high": {
        "dmean": 0.000133312831167,
        "dmean2": 0.000180816525244,
        "dvar": 3.89949192936e-08,
        "dvar2": 8.208297686e-08,
        "max": 0.00261860340834,
        "mean": 0.000656284857541,
        "median": 0.000116591741971,
        "min": 2.05776188977e-07,
        "var": 6.32518776911e-07
    },
    "spectral_energyband_low": {
        "dmean": 4.80064081785e-05,
        "dmean2": 8.88841605047e-05,
        "dvar": 7.60554730306e-09,
        "dvar2": 2.23259508658e-08,
        "max": 0.000599350780249,
        "mean": 4.8100053391e-05,
        "median": 9.55791438173e-06,
        "min": 1.53704689865e-07,
        "var": 7.49773665376e-09
    },
    "spectral_energyband_middle_high": {
        "dmean": 0.000992645975202,
        "dmean2": 0.00154164712876,
        "dvar": 2.69958241006e-06,
        "dvar2": 5.79413017476e-06,
        "max": 0.0181620512158,
        "mean": 0.00353501061909,
        "median": 0.000557642662898,
        "min": 5.98255746809e-06,
        "var": 2.00495487661e-05
    },
    "spectral_energyband_middle_low": {
        "dmean": 0.00434039672837,
        "dmean2": 0.00728078186512,
        "dvar": 6.03084008617e-05,
        "dvar2": 0.000155023255502,
        "max": 0.0580046363175,
        "mean": 0.00786321144551,
        "median": 0.00144754326902,
        "min": 6.54539371681e-06,
        "var": 0.000127118226374
    },
    "spectral_entropy": {
        "dmean": 0.0937783420086,
        "dmean2": 0.149796366692,
        "dvar": 0.00722671905532,
        "dvar2": 0.0177667550743,
        "max": 8.45566749573,
        "mean": 7.89795923233,
        "median": 7.92197656631,
        "min": 7.5097990036,
        "var": 0.0299055166543
    },
    "spectral_flux": {
        "dmean": 0.0109478272498,
        "dmean2": 0.0176225863397,
        "dvar": 0.000242036156124,
        "dvar2": 0.000647598644719,
        "max": 0.195420458913,
        "mean": 0.0536610670388,
        "median": 0.0313958004117,
        "min": 0.00259306188673,
        "var": 0.00229224096984
    },
    "spectral_kurtosis": {
        "dmean": 0.705366253853,
        "dmean2": 1.26019978523,
        "dvar": 0.565390765667,
        "dvar2": 1.36020231247,
        "max": 10.8249969482,
        "mean": 4.65209102631,
        "median": 3.83706283569,
        "min": 2.62509632111,
        "var": 4.2738494873
    },
    "spectral_rms": {
        "dmean": 0.000521330395713,
        "dmean2": 0.000828950491268,
        "dvar": 5.23045343925e-07,
        "dvar2": 1.24557413983e-06,
        "max": 0.00813151244074,
        "mean": 0.00259700790048,
        "median": 0.00149259041063,
        "min": 0.000113569840323,
        "var": 4.94812002216e-06
    },
    "spectral_rolloff": {
        "dmean": 598.982055664,
        "dmean2": 950.175170898,
        "dvar": 329737.3125,
        "dvar2": 905448.375,
        "max": 3811.37695312,
        "mean": 2018.96008301,
        "median": 2024.12109375,
        "min": 409.130859375,
        "var": 540029
    },
    "spectral_skewness": {
        "dmean": 0.101641587913,
        "dmean2": 0.170051112771,
        "dvar": 0.0108940089121,
        "dvar2": 0.0183999110013,
        "max": 2.69855093956,
        "mean": 1.56039333344,
        "median": 1.4900277853,
        "min": 1.2014966011,
        "var": 0.0697473734617
    },
    "spectral_spread": {
        "dmean": 303167.15625,
        "dmean2": 448920.1875,
        "dvar": 295119323136,
        "dvar2": 236600049664,
        "max": 11799889,
        "mean": 4485629.5,
        "median": 4601267,
        "min": 2853154.5,
        "var": 900537450496
    },
    "spectral_strongpeak": {
        "dmean": 0.280924260616,
        "dmean2": 0.487430542707,
        "dvar": 0.131963804364,
        "dvar2": 0.37198600173,
        "max": 2.99038815498,
        "mean": 0.491052597761,
        "median": 0.314265847206,
        "min": 0.00291572441347,
        "var": 0.250318467617
    },
    "zerocrossingrate": {
        "dmean": 0.0103230793029,
        "dmean2": 0.0136595657095,
        "dvar": 7.5269912486e-05,
        "dvar2": 0.000128683779621,
        "max": 0.1142578125,
        "mean": 0.0782743096352,
        "median": 0.07958984375,
        "min": 0.0224609375,
        "var": 0.000269782845862
    },
    "barkbands": {
        "dmean": [2.42578448706e-06, 3.08321887132e-07, 7.32090529709e-06, 0.000151255968376, 0.000446246471256, 0.00347774266265, 0.000564836955164, 0.00055725988932, 0.000663139449898, 0.000237601620029, 0.000222498361836, 0.000293571414659, 0.00037809915375, 0.000186825316632, 0.000118135256344, 0.000176176006789, 0.000107821389975, 0.0001164096102, 0.000165923556779, 8.05923118605e-05, 5.23566050106e-05, 2.48531450779e-05, 1.30449197968e-05, 2.44049533649e-05, 2.17602464545e-05, 6.9724342211e-06, 3.00819863241e-07],
        "dmean2": [4.43667613581e-06, 5.15093518061e-07, 1.26177747006e-05, 0.000263472320512, 0.000812386744656, 0.00582661107183, 0.000978740979917, 0.00094149337383, 0.00123077118769, 0.000393423106289, 0.000412847206462, 0.000488537829369, 0.000648119719699, 0.000315487210173, 0.000196717432118, 0.000318054953823, 0.000183926487807, 0.000201849034056, 0.000279756000964, 0.000132077911985, 8.98914440768e-05, 4.24197933171e-05, 1.9727525796e-05, 3.79964549211e-05, 3.42567473126e-05, 1.06937595774e-05, 4.08743318303e-07],
        "dvar": [8.55621910129e-12, 2.87081610654e-13, 1.2304714192e-10, 1.30020254119e-07, 7.41636370094e-07, 5.51762386749e-05, 1.17887952911e-06, 1.3044394791e-06, 2.69770407613e-06, 1.72303728618e-07, 3.27772141873e-07, 2.51602983781e-07, 6.35725768916e-07, 1.08582753455e-07, 3.98135355795e-08, 8.93786733513e-08, 2.90885289189e-08, 3.30366773937e-08, 7.87639251598e-08, 1.79340684525e-08, 7.48529149774e-09, 2.12939488264e-09, 4.38434788474e-10, 1.45723855205e-09, 1.59774737885e-09, 1.37810651779e-10, 1.90333927547e-13],
        "dvar2": [2.57822877631e-11, 6.41576256098e-13, 3.37749134216e-10, 3.77831980813e-07, 2.22048083742e-06, 0.000145673708175, 3.18168258673e-06, 3.27115117216e-06, 8.38438882056e-06, 5.21420702171e-07, 1.03389413653e-06, 6.09428070675e-07, 1.73641024048e-06, 2.94979997761e-07, 1.18236414437e-07, 2.74111187082e-07, 7.67235945887e-08, 8.94094611681e-08, 2.18073452629e-07, 5.0573607524e-08, 1.92210869443e-08, 5.29637489421e-09, 8.64975369108e-10, 3.56795171186e-09, 3.69687547241e-09, 3.42899847405e-10, 4.02260093724e-13],
        "max": [1.4554203517e-05, 3.95396273234e-06, 6.23832602287e-05, 0.00270995311439, 0.00604033796117, 0.0530318655074, 0.00738833472133, 0.0100958216935, 0.0114607904106, 0.00293980631977, 0.0044116540812, 0.00395933771506, 0.00618095276877, 0.00254333857447, 0.00138635339681, 0.00208715093322, 0.00136627280153, 0.00164957530797, 0.00221285736188, 0.00137917941902, 0.000870104064234, 0.000407111627283, 0.000249748467468, 0.000410161039326, 0.000464243697934, 0.000111878580356, 5.42932002645e-06],
        "mean": [2.35822813011e-06, 3.96010051418e-07, 8.22548918222e-06, 0.000132726680022, 0.00064221653156, 0.00412458181381, 0.00108856929, 0.00087614718359, 0.000847784103826, 0.000397071824409, 0.000314624950988, 0.000506593030877, 0.000563152192626, 0.000310637580696, 0.00023169213091, 0.000313042430207, 0.000222319373279, 0.000249069940764, 0.000375902076485, 0.000262457760982, 0.000182992444024, 8.09658959042e-05, 5.70512311242e-05, 8.36745239212e-05, 8.80572988535e-05, 2.12512659346e-05, 1.2196304624e-06],
        "median": [1.29120667225e-06, 1.71190151832e-07, 2.24442214858e-06, 1.42823300848e-05, 0.000185781769687, 0.000582794542424, 0.000199005546165, 0.00019926863024, 8.23498921818e-05, 3.72485737898e-05, 4.08348896599e-05, 0.00011882452236, 7.72875064285e-05, 4.03291305702e-05, 4.32543674833e-05, 6.88569343765e-05, 4.69933002023e-05, 4.50121042377e-05, 5.28429154656e-05, 6.97383511579e-05, 3.33904936269e-05, 1.43167326314e-05, 9.40722111409e-06, 1.19733340398e-05, 1.05677936517e-05, 2.39703240368e-06, 2.93769943482e-07],
        "min": [2.77024909678e-08, 3.04845015897e-09, 1.82720452102e-08, 3.8772821398e-08, 9.0369070449e-07, 1.13168903226e-06, 1.03395746009e-06, 7.64964056543e-07, 5.81536028221e-07, 7.20971172541e-07, 5.38077017609e-07, 5.31320438313e-07, 6.44601755084e-07, 2.25770634188e-07, 2.0229964548e-07, 5.48034336134e-07, 1.53577019546e-07, 3.73257961428e-07, 2.25313002034e-07, 1.44680825542e-07, 2.96913658104e-08, 2.61883457142e-08, 2.21929497002e-08, 1.24840040527e-08, 9.1323189011e-09, 8.5711606701e-09, 1.33488917697e-08],
        "var": [8.44303620073e-12, 4.17316707449e-13, 1.60803287352e-10, 1.13174031924e-07, 1.00126112557e-06, 6.95011331118e-05, 2.92564527626e-06, 2.18514446715e-06, 2.81743541564e-06, 3.92094705148e-07, 3.55268099383e-07, 5.85791610774e-07, 8.50069056924e-07, 2.23616922312e-07, 1.02827684145e-07, 1.85758366911e-07, 8.59550439714e-08, 1.07438566488e-07, 2.51382914485e-07, 1.02609782004e-07, 5.25111687466e-08, 1.09336184551e-08, 5.14089482095e-09, 1.16423342078e-08, 1.28542634314e-08, 7.92691301488e-10, 1.94822868775e-12]
    },
    "erbbands": {
        "dmean": [1.3168400983e-05, 0.000162691154401, 0.00732748350129, 0.227769032121, 0.953539252281, 1.97412931919, 9.23166751862, 37.1865196228, 14.1953363419, 11.7285118103, 10.1077842712, 17.4037723541, 10.8177680969, 6.75472402573, 8.17939567566, 11.6099662781, 17.1160507202, 12.2723360062, 6.09703302383, 6.12480688095, 8.69523048401, 5.79484462738, 6.27919101715, 7.58499670029, 6.90546321869, 4.41175174713, 2.44667482376, 1.76747477055, 1.10558092594, 0.494794994593, 0.377823024988, 0.426171898842, 0.484229922295, 0.30274528265, 0.16133262217, 0.0574752651155, 0.00536718219519, 0.000537665793672, 5.79213847232e-05, 7.01307544659e-06],
        "dmean2": [2.13631519728e-05, 0.000265311391558, 0.013344662264, 0.401944458485, 1.66939735413, 3.43620896339, 15.3586387634, 61.4679679871, 24.1920185089, 18.4022808075, 17.0994434357, 32.4411277771, 18.1550483704, 11.8678312302, 14.6700525284, 18.0788135529, 28.007610321, 20.8433628082, 10.356713295, 10.1568346024, 15.6242179871, 10.1003112793, 11.2414903641, 12.1644277573, 11.2688169479, 7.38639688492, 3.9601624012, 2.94185471535, 1.8949855566, 0.795254766941, 0.555895030499, 0.592193543911, 0.779472351074, 0.497136443853, 0.258514374495, 0.0888518542051, 0.00782834924757, 0.000775298220105, 7.59222893976e-05, 1.03813017631e-05],
        "dvar": [2.91240781491e-10, 8.54964525843e-08, 0.000163658056408, 0.249076351523, 6.37602853775, 14.1194248199, 332.946899414, 7011.93017578, 848.289001465, 614.614624023, 377.166351318, 2116.84716797, 356.243682861, 188.630233765, 288.339691162, 420.898010254, 1150.62365723, 528.40246582, 93.1135101318, 108.135261536, 268.257263184, 98.4998703003, 92.1199035645, 188.086853027, 140.890869141, 45.510181427, 14.9934959412, 7.58901977539, 4.09864091873, 0.628759562969, 0.441080987453, 0.460582375526, 0.634184896946, 0.314880549908, 0.0807621926069, 0.00967810768634, 7.43770433473e-05, 7.62292017953e-07, 7.96818699911e-09, 1.29963151352e-10],
        "dvar2": [7.22737480974e-10, 2.05543514653e-07, 0.000462409574538, 0.735575914383, 19.022518158, 41.3567581177, 801.656982422, 18717.84375, 2538.27856445, 1430.43029785, 1000.25018311, 6823.39501953, 1106.0222168, 570.476928711, 793.17590332, 1043.36291504, 2993.69189453, 1482.32141113, 246.060943604, 327.578735352, 810.093444824, 260.213500977, 249.830749512, 503.452758789, 362.57824707, 141.020446777, 37.9246635437, 19.586479187, 11.3313941956, 1.53782379627, 0.909132301807, 1.02544641495, 1.70990860462, 0.83126693964, 0.206545263529, 0.0243066139519, 0.000124654688989, 1.48136666667e-06, 1.55370631916e-08, 3.02049996126e-10],
        "max": [0.000160155177582, 0.00240742531605, 0.0789433568716, 3.64260625839, 19.0066776276, 23.633605957, 149.616088867, 566.433654785, 217.938949585, 236.140029907, 164.211624146, 335.223571777, 111.369720459, 97.2470474243, 139.565856934, 182.062194824, 249.068130493, 178.196777344, 72.7081832886, 74.8407592773, 115.710144043, 83.6462783813, 86.5849761963, 135.198776245, 112.562545776, 67.1403503418, 44.3830795288, 27.5394420624, 16.2981033325, 8.79092502594, 7.89881849289, 8.27985668182, 7.27869367599, 5.79844093323, 3.00826525688, 0.930404722691, 0.103915512562, 0.0102878781036, 0.00105124886613, 0.000118882082461],
        "mean": [2.16104162973e-05, 0.000247831136221, 0.00863244477659, 0.216519743204, 1.10783326626, 2.81580901146, 11.4316186905, 39.9247970581, 23.0126419067, 17.7997817993, 16.8158321381, 21.1017837524, 16.2012710571, 11.7590198517, 14.2654819489, 20.8281860352, 27.1591682434, 18.8916378021, 13.6321249008, 12.2179784775, 16.7832698822, 12.927318573, 14.2083187103, 17.2513389587, 17.3831710815, 12.4723377228, 9.43325614929, 5.66185569763, 3.15244555473, 1.90600216389, 1.65699410439, 1.5515948534, 1.50273954868, 1.06496191025, 0.581090509892, 0.179413408041, 0.0222360473126, 0.00207085441798, 0.000234039122006, 2.82293822238e-05],
        "median": [1.70936491486e-05, 7.92593418737e-05, 0.00229128380306, 0.0385738387704, 0.272330135107, 0.668573498726, 2.5139093399, 3.90828180313, 2.34983158112, 5.58069801331, 3.19837093353, 2.15368914604, 1.68994486332, 1.2479981184, 2.69885253906, 4.63482284546, 3.74015641212, 2.85165190697, 2.38283586502, 2.30692911148, 3.67952919006, 2.57295250893, 2.5815076828, 3.71517753601, 3.06775379181, 3.40226507187, 2.1387321949, 1.06699371338, 0.532576441765, 0.316033363342, 0.298236042261, 0.202583611012, 0.240549266338, 0.125792503357, 0.0732239335775, 0.0190285630524, 0.00303891999647, 0.000248115276918, 4.65739212814e-05, 7.65680124459e-06],
        "min": [4.72870425483e-07, 2.70142686531e-06, 2.2953379812e-05, 0.000172641783138, 0.00107869028579, 0.00240458804183, 0.013876311481, 0.00642115017399, 0.00702616525814, 0.0192584432662, 0.0160725340247, 0.0126481242478, 0.0160615965724, 0.0281854700297, 0.0387418493629, 0.022125530988, 0.0310060270131, 0.0240990631282, 0.0120716458187, 0.0129102692008, 0.0329144820571, 0.0123455179855, 0.0180993210524, 0.0228196568787, 0.00670246919617, 0.00528282066807, 0.00259948591702, 0.00105553830508, 0.000922991952393, 0.000712150183972, 0.000601237115916, 0.000300528481603, 0.000192765364773, 0.000109272106783, 5.43891292182e-05, 2.6766636438e-05, 1.39688090712e-05, 1.33749026645e-05, 2.44675720751e-06, 2.56360664252e-07],
        "var": [5.03387609374e-10, 1.4533203796e-07, 0.000198572830413, 0.227207839489, 5.94207668304, 20.2652816772, 533.30657959, 7812.02001953, 1547.35388184, 985.610717773, 794.335083008, 2034.27807617, 687.262207031, 336.827270508, 524.161315918, 994.93963623, 1874.98120117, 879.199768066, 351.145446777, 273.133148193, 534.75958252, 282.326019287, 346.30557251, 540.997802734, 528.50567627, 231.123153687, 132.321487427, 50.3514137268, 16.9813842773, 5.56590986252, 4.53761005402, 3.93194413185, 3.80316901207, 1.91955506802, 0.570155739784, 0.0555318295956, 0.000831780722365, 7.1479998951e-06, 8.08521463114e-08, 1.00304142769e-09]
    },
    "gfcc": {
        "mean": [-84.5424728394, 41.7419700623, -159.26789856, -9.27077198029, -88.7419052124, -20.4373493195, -61.0728607178, -6.65582799911, -42.8875389099, -0.950536131859, -12.1905040741, -5.01051568985, -10.6280584335],
        "cov": [[15535.0488281, -1775.6776123, -535.58392334, 559.022033691, -1765.31103516, 157.292922974, -1508.91906738, 233.568695068, -700.029418945, 493.344818115, -703.279968262, -75.6650238037, -247.671066284], [-1775.6776123, 313.157806396, 90.1757507324, -77.2382278442, 228.407012939, -23.8672351837, 183.07321167, -41.4509849548, 81.2084579468, -71.9195404053, 81.7400131226, -7.59382200241, 19.7645950317], [-535.58392334, 90.1757507324, 121.20954895, 73.1012649536, 93.8558273315, -26.6785488129, 11.5234718323, -24.8159351349, 19.8885917664, -15.0052804947, 16.2264480591, 2.87744092941, 9.61262702942], [559.022033691, -77.2382278442, 73.1012649536, 198.19883728, -52.9649658203, -10.4401702881, -135.902130127, -11.8378238678, -48.9187850952, 30.369058609, -41.1137428284, 2.48063969612, -5.05245828629], [-1765.31103516, 228.407012939, 93.8558273315, -52.9649658203, 270.381195068, -10.1434392929, 181.789245605, -34.2309417725, 78.1813659668, -77.2685546875, 78.1254501343, 14.1768531799, 30.8593101501], [157.292922974, -23.8672351837, -26.6785488129, -10.4401702881, -10.1434392929, 50.0721511841, 21.6305789948, 17.7378807068, -8.45654964447, -3.53452754021, -18.1035423279, -6.70761537552, -14.2365617752], [-1508.91906738, 183.07321167, 11.5234718323, -135.902130127, 181.789245605, 21.6305789948, 221.417877197, 7.58033657074, 81.2875976562, -68.5324020386, 59.6282196045, -2.68989276886, 9.29356193542], [233.568695068, -41.4509849548, -24.8159351349, -11.8378238678, -34.2309417725, 17.7378807068, 7.58033657074, 47.7142410278, 8.18410110474, 4.75082063675, -23.3563308716, -7.0551815033, -14.5968799591], [-700.029418945, 81.2084579468, 19.8885917664, -48.9187850952, 78.1813659668, -8.45654964447, 81.2875976562, 8.18410110474, 56.9220733643, -15.7974205017, 32.2636489868, -1.02279067039, 3.78197026253], [493.344818115, -71.9195404053, -15.0052804947, 30.369058609, -77.2685546875, -3.53452754021, -68.5324020386, 4.75082063675, -15.7974205017, 48.7625732422, -7.40956258774, 1.80325901508, -9.55283546448], [-703.279968262, 81.7400131226, 16.2264480591, -41.1137428284, 78.1254501343, -18.1035423279, 59.6282196045, -23.3563308716, 32.2636489868, -7.40956258774, 63.176235199, 17.9189491272, 16.4164810181], [-75.6650238037, -7.59382200241, 2.87744092941, 2.48063969612, 14.1768531799, -6.70761537552, -2.68989276886, -7.0551815033, -1.02279067039, 1.80325901508, 17.9189491272, 30.6106586456, 24.5215339661], [-247.671066284, 19.7645950317, 9.61262702942, -5.05245828629, 30.8593101501, -14.2365617752, 9.29356193542, -14.5968799591, 3.78197026253, -9.55283546448, 16.4164810181, 24.5215339661, 42.141418457]],
        "icov": [[0.0012618242763, 8.43729067128e-05, -0.00160484120715, 0.00479993363842, 0.000561813241802, -0.00324893416837, 0.00847101584077, -0.00356190884486, 0.00446532759815, -0.000330604292685, 0.00423267437145, -0.00322848465294, 0.00346106779762], [8.43729067128e-05, 0.0156003572047, -0.00747814355418, 0.00158501497936, -0.000433050532592, 0.000574693083763, -0.00427994690835, 0.00519952643663, -0.00248705386184, 0.00794984865934, -0.0105329426005, 0.0146925253794, -0.00408972799778], [-0.00160484120715, -0.00747814355418, 0.0355083867908, -0.0216947384179, -0.0124764153734, 0.017164779827, -0.0140838883817, 0.00950053986162, -0.0111190201715, -0.0111461672932, 0.0109078241512, -0.00403096619993, 0.00127403216902], [0.00479993363842, 0.00158501497936, -0.0216947384179, 0.0395356602967, -0.00226754462346, -0.0204086694866, 0.0478728152812, -0.0191989634186, 0.0227849204093, -0.000758907815907, 0.0154267726466, -0.0111786527559, 0.012991676107], [0.000561813241802, -0.000433050532592, -0.0124764153734, -0.00226754462346, 0.031785659492, -0.0100562348962, -0.00512849679217, 0.0106197474524, -0.0157309342176, 0.0262731462717, -0.011656456627, -0.00830609351397, 0.000956753385253], [-0.00324893416837, 0.000574693083763, 0.017164779827, -0.0204086694866, -0.0100562348962, 0.0603869073093, -0.0515500493348, 0.00779432244599, 0.0144113367423, -0.0246008709073, 0.0163350440562, -0.00491636572406, 0.00573379220441], [0.00847101584077, -0.00427994690835, -0.0140838883817, 0.0478728152812, -0.00512849679217, -0.0515500493348, 0.110078975558, -0.0404300577939, 0.00813111383468, 0.0279432348907, 0.0045105596073, -0.0101055400446, 0.0185329504311], [-0.00356190884486, 0.00519952643663, 0.00950053986162, -0.0191989634186, 0.0106197474524, 0.00779432244599, -0.0404300577939, 0.0728696510196, -0.0497536547482, 0.00130031141452, 0.0213345717639, -0.0171238221228, 0.0075847459957], [0.00446532759815, -0.00248705386184, -0.0111190201715, 0.0227849204093, -0.0157309342176, 0.0144113367423, 0.00813111383468, -0.0497536547482, 0.103591583669, -0.0385383442044, 0.00750405574217, 0.00631762575358, 0.00540680997074], [-0.000330604292685, 0.00794984865934, -0.0111461672932, -0.000758907815907, 0.0262731462717, -0.0246008709073, 0.0279432348907, 0.00130031141452, -0.0385383442044, 0.0918603166938, -0.0494081117213, 0.00756560079753, 0.00264473352581], [0.00423267437145, -0.0105329426005, 0.0109078241512, 0.0154267726466, -0.011656456627, 0.0163350440562, 0.0045105596073, 0.0213345717639, 0.00750405574217, -0.0494081117213, 0.106972455978, -0.0682830736041, 0.0358144454658], [-0.00322848465294, 0.0146925253794, -0.00403096619993, -0.0111786527559, -0.00830609351397, -0.00491636572406, -0.0101055400446, -0.0171238221228, 0.00631762575358, 0.00756560079753, -0.0682830736041, 0.122770160437, -0.0692572891712], [0.00346106779762, -0.00408972799778, 0.00127403216902, 0.012991676107, 0.000956753385253, 0.00573379220441, 0.0185329504311, 0.0075847459957, 0.00540680997074, 0.00264473352581, 0.0358144454658, -0.0692572891712, 0.073494836688]]
    },
    "melbands": {
        "dmean": [1.53921718038e-07, 1.65250310147e-06, 6.38791461824e-05, 0.000104547048977, 0.000264656089712, 0.000771336257458, 0.000199216985493, 0.000129027786897, 7.72678686189e-05, 0.000111458175525, 5.17599910381e-05, 2.67234572675e-05, 2.9428570997e-05, 2.66473016381e-05, 3.66483036487e-05, 3.58842335118e-05, 2.34161980188e-05, 1.00637953437e-05, 9.09317350306e-06, 1.21178800327e-05, 9.49765399128e-06, 7.11594566383e-06, 5.42780617252e-06, 5.84137433179e-06, 6.87844385538e-06, 6.82398103891e-06, 3.91408593714e-06, 3.22260029861e-06, 1.87447005828e-06, 1.63728179814e-06, 9.20002833027e-07, 7.47110107113e-07, 4.46562324896e-07, 2.86447090048e-07, 2.69845884304e-07, 2.9373498478e-07, 2.92575151661e-07, 3.87217454545e-07, 3.04816126118e-07, 2.75304046227e-07],
        "dmean2": [2.59785906565e-07, 2.85715555037e-06, 0.000112011126475, 0.000191498213098, 0.000437615497503, 0.00128089892678, 0.000338558806106, 0.000207569188206, 0.000133156529046, 0.00020647663041, 8.53364836075e-05, 4.69956212328e-05, 5.45704424439e-05, 4.50063089374e-05, 5.48640564375e-05, 6.19371567154e-05, 3.88453772757e-05, 1.77528108907e-05, 1.55513171194e-05, 2.07526281883e-05, 1.68603801285e-05, 1.24308307932e-05, 8.78668106452e-06, 1.01698797152e-05, 1.11534418465e-05, 1.18547495731e-05, 6.70582085149e-06, 5.55247333978e-06, 2.94953701996e-06, 2.69829638455e-06, 1.48509604969e-06, 1.36390713124e-06, 7.44434316857e-07, 4.44746035555e-07, 4.00176418225e-07, 4.70337141678e-07, 4.22009634349e-07, 6.25966777079e-07, 5.24814481651e-07, 4.53574301673e-07],
        "dvar": [2.45539147418e-14, 6.55630324337e-12, 2.46907756463e-08, 4.21978718634e-08, 2.70644818556e-07, 2.90107800538e-06, 1.64605310715e-07, 8.06534075082e-08, 2.46274627358e-08, 8.72104592986e-08, 8.2235658283e-09, 2.77996514697e-09, 5.20022913619e-09, 1.70384162335e-09, 3.6316916141e-09, 6.12809580858e-09, 1.72472391924e-09, 2.69499422778e-10, 2.22569060404e-10, 3.65113689282e-10, 3.12905312772e-10, 1.50222487227e-10, 7.38110267351e-11, 9.41269631682e-11, 1.80432987995e-10, 1.75916017864e-10, 4.49626620658e-11, 2.23632484059e-11, 7.99567616977e-12, 6.45751681294e-12, 2.09628603538e-12, 1.91351058262e-12, 7.43757540365e-13, 2.03000160084e-13, 1.88921130801e-13, 2.09041700508e-13, 2.15886390795e-13, 4.48113930945e-13, 2.98405777085e-13, 2.6570247196e-13],
        "dvar2": [6.28410016623e-14, 1.75351452109e-11, 7.23151245552e-08, 1.21996066582e-07, 6.65344146e-07, 7.75782336859e-06, 4.85824102725e-07, 1.90636114894e-07, 6.76973428426e-08, 2.80714630208e-07, 2.50665568302e-08, 8.27657675728e-09, 1.56604809121e-08, 3.88832521736e-09, 8.45653325143e-09, 1.64995004326e-08, 4.90122076258e-09, 7.23882787046e-10, 6.34520824772e-10, 1.13445497441e-09, 9.16720421795e-10, 4.06743028147e-10, 1.93914745372e-10, 2.61083654696e-10, 4.84165929571e-10, 5.12353548476e-10, 1.10967700306e-10, 6.8237936135e-11, 2.06336701197e-11, 1.80632089147e-11, 5.28130881042e-12, 5.0945007761e-12, 2.1576800676e-12, 5.61594499203e-13, 3.82840514932e-13, 5.66296521395e-13, 5.37915686386e-13, 1.27497437521e-12, 8.03209441232e-13, 7.30442670325e-13],
        "max": [9.58485429692e-07, 1.46120228237e-05, 0.00103205279447, 0.00150274322368, 0.00423829164356, 0.0116706890985, 0.00313606485724, 0.00270168017596, 0.00132131995633, 0.00216779322363, 0.000537659565452, 0.000363957951777, 0.000601006671786, 0.000279346219031, 0.000478774309158, 0.000632279145066, 0.000291351578198, 0.00012573839922, 0.000101602381619, 0.000113867521577, 0.000119807111332, 0.000101885721961, 6.95239650668e-05, 9.18937657843e-05, 0.00012839192641, 0.000101795296359, 5.44824761164e-05, 4.34497815149e-05, 2.97972310364e-05, 2.30145124078e-05, 1.46410211528e-05, 1.0073284102e-05, 7.19376294001e-06, 4.54119617643e-06, 5.44283830095e-06, 4.10178472521e-06, 5.41433337276e-06, 6.00228531766e-06, 4.84390875499e-06, 5.34188711754e-06],
        "mean": [2.21176406967e-07, 1.99295504899e-06, 6.05383866059e-05, 0.00013654230861, 0.00033310384606, 0.000870357092936, 0.000328208116116, 0.000193471438251, 0.00012821436394, 0.000133233217639, 7.76744200266e-05, 4.67033387395e-05, 4.68919715786e-05, 4.91351165692e-05, 6.6426313424e-05, 5.04861345689e-05, 3.28335227096e-05, 2.09233530768e-05, 1.69115337485e-05, 2.00289941859e-05, 1.83107695193e-05, 1.34589790832e-05, 1.26340764837e-05, 1.18778771139e-05, 1.41720756801e-05, 1.44556061059e-05, 9.59458338912e-06, 8.00642828835e-06, 6.30606018603e-06, 4.40580197392e-06, 2.84362045022e-06, 1.89048569155e-06, 1.2630666788e-06, 9.68022277448e-07, 9.7028782875e-07, 8.85987731181e-07, 9.55914060796e-07, 1.06867446448e-06, 9.48027775394e-07, 8.91323679753e-07],
        "median": [1.53271940917e-07, 5.70435474856e-07, 8.52677294461e-06, 3.97437725042e-05, 7.9418932728e-05, 9.68970998656e-05, 3.5194629163e-05, 6.35998367216e-05, 2.2774846002e-05, 1.31154183691e-05, 8.62110573507e-06, 4.76324066767e-06, 6.93738365953e-06, 1.22664741866e-05, 1.17744784802e-05, 7.01843737261e-06, 5.09423171025e-06, 3.84646818929e-06, 3.98859583584e-06, 4.12148710893e-06, 4.40033682025e-06, 2.70731720775e-06, 2.76763239526e-06, 1.924911885e-06, 2.96638654618e-06, 2.59343551079e-06, 2.09592917599e-06, 2.29138731811e-06, 1.36299991027e-06, 6.97729035437e-07, 6.0914368305e-07, 3.47882803453e-07, 2.00160130248e-07, 1.52557973365e-07, 1.95563600869e-07, 1.1985787296e-07, 1.36703206977e-07, 2.0025460401e-07, 1.21555984833e-07, 9.64560982197e-08],
        "min": [5.15575449e-09, 9.6900851787e-09, 5.42445199869e-08, 7.68535954876e-08, 4.22128294986e-07, 1.53273518322e-07, 1.74482053694e-07, 1.99973683834e-07, 1.2344985123e-07, 7.18866672855e-08, 7.4518005988e-08, 1.07523433712e-07, 1.29246672032e-07, 6.92677346592e-08, 6.10618542396e-08, 6.13114181647e-08, 2.84602830192e-08, 1.92056184289e-08, 1.32714008672e-08, 2.79702732087e-08, 3.67375996291e-08, 7.90597010081e-09, 1.63590776481e-08, 1.45788252581e-08, 1.50581307423e-08, 4.65604221844e-09, 5.60918289594e-09, 2.87406010102e-09, 2.17797446744e-09, 6.68371968882e-10, 6.18955497966e-10, 6.5746330602e-10, 2.89823248734e-10, 4.29180441186e-10, 3.43028383476e-10, 1.57705792869e-10, 1.95502572464e-10, 1.41637701567e-10, 1.06148957679e-10, 8.86473949802e-11],
        "var": [4.44551927008e-14, 8.95766967546e-12, 2.19807212432e-08, 5.05850472621e-08, 4.24677551791e-07, 3.36443940796e-06, 3.09226862782e-07, 1.1995165039e-07, 5.0231676596e-08, 8.07904356748e-08, 1.58326614041e-08, 5.29737276267e-09, 6.9902537092e-09, 4.93094809428e-09, 1.00139718739e-08, 7.42199590675e-09, 2.8180815459e-09, 8.56222814871e-10, 5.6758031608e-10, 7.78619557718e-10, 6.42167374831e-10, 3.30306421104e-10, 2.68980365759e-10, 2.64183258603e-10, 3.99874688917e-10, 3.9960673659e-10, 1.60491162027e-10, 9.69234414949e-11, 5.84290255068e-11, 3.38873200334e-11, 1.25763106526e-11, 6.45895533238e-12, 2.7087511921e-12, 1.46955603068e-12, 1.67689419208e-12, 1.25524991876e-12, 1.54019451273e-12, 2.03586344831e-12, 1.48496265198e-12, 1.39814321145e-12]
    },
    "mfcc": {
        "mean": [-715.879455566, 88.2382354736, -34.3141365051, -5.8173084259, -22.8542041779, -26.9080734253, -14.0995283127, -24.8156719208, -22.3921089172, -16.748210907, -11.2913894653, -3.09350776672, -5.21746206284],
        "cov": [[16136.1855469, -2252.7487793, 263.002075195, -333.089569092, -518.061950684, -562.53302002, -806.138671875, -876.762268066, -285.32119751, -57.8165435791, -338.130554199, -621.018615723, -429.572723389], [-2252.7487793, 457.531951904, -64.6844329834, 5.08602714539, 55.0291290283, 81.4229736328, 131.717712402, 131.707382202, 39.2549705505, 6.16742277145, 53.2004585266, 94.3202056885, 60.8594169617], [263.002075195, -64.6844329834, 93.6595916748, 76.6784210205, 37.1375770569, -1.55645537376, -34.8957023621, -35.7544555664, -7.66321706772, -0.592776536942, -9.89031124115, -16.2493972778, -11.2917747498], [-333.089569092, 5.08602714539, 76.6784210205, 147.776397705, 83.6589584351, 24.6870174408, -14.9176845551, -22.1925754547, -15.1413736343, -15.4731273651, -10.2507810593, 2.02622485161, -0.827947258949], [-518.061950684, 55.0291290283, 37.1375770569, 83.6589584351, 91.787437439, 35.5502319336, 14.9769239426, 16.2614574432, -0.760088324547, -8.35052871704, -3.38452267647, 7.87267160416, 5.68328237534], [-562.53302002, 81.4229736328, -1.55645537376, 24.6870174408, 35.5502319336, 55.5341949463, 43.486946106, 30.2918891907, 6.88500404358, -3.82825446129, 6.94541406631, 19.9906482697, 17.2699012756], [-806.138671875, 131.717712402, -34.8957023621, -14.9176845551, 14.9769239426, 43.486946106, 76.4958877563, 72.8800201416, 26.2089595795, 3.66629481316, 18.4638633728, 34.1870269775, 26.810092926], [-876.762268066, 131.707382202, -35.7544555664, -22.1925754547, 16.2614574432, 30.2918891907, 72.8800201416, 104.967056274, 49.1774673462, 13.8199462891, 25.5695781708, 35.3236618042, 23.0446796417], [-285.32119751, 39.2549705505, -7.66321706772, -15.1413736343, -0.760088324547, 6.88500404358, 26.2089595795, 49.1774673462, 47.208026886, 16.6135921478, 9.50142288208, 11.2225141525, 9.63894271851], [-57.8165435791, 6.16742277145, -0.592776536942, -15.4731273651, -8.35052871704, -3.82825446129, 3.66629481316, 13.8199462891, 16.6135921478, 30.3749485016, 19.3920612335, 5.8187994957, 2.7976629734], [-338.130554199, 53.2004585266, -9.89031124115, -10.2507810593, -3.38452267647, 6.94541406631, 18.4638633728, 25.5695781708, 9.50142288208, 19.3920612335, 40.5914840698, 30.2060832977, 13.0905294418], [-621.018615723, 94.3202056885, -16.2493972778, 2.02622485161, 7.87267160416, 19.9906482697, 34.1870269775, 35.3236618042, 11.2225141525, 5.8187994957, 30.2060832977, 51.5291023254, 29.9679946899], [-429.572723389, 60.8594169617, -11.2917747498, -0.827947258949, 5.68328237534, 17.2699012756, 26.810092926, 23.0446796417, 9.63894271851, 2.7976629734, 13.0905294418, 29.9679946899, 37.1581535339]],
